0.0253794 1.22312e-05 0.000136717 0.0123209 5.12802e-05 2.42642e-07 0.00681721 0.00294036 0.105071 0.0541173 2.57241e-09 0.000343799 0.0581021 0.00763554 0.227904 0.105435 1.71446e-06 0.000250682 0.000347996 0.0267529 0.207493 0.00173197 8.43896e-06 1.64265e-06 0.0113919 0.145752 
0.0306328 0.000209396 0.00088554 0.029171 0.00134041 0.0010884 0.0116473 0.00185986 0.00818136 0.00563495 0.00124408 0.00175881 0.0180835 0.00813229 0.389119 0.112668 0.000245713 4.98174e-05 1.8315e-06 0.0971727 0.0891989 0.00394316 0.00360557 1.53505e-05 0.00227822 0.181832 
0.0119322 0.000139865 0.000301496 0.0113454 0.000926842 4.16323e-06 0.0123788 0.00110737 0.0666721 0.053212 2.38525e-09 5.62704e-05 0.0236292 0.00964308 0.405314 0.03975 2.52573e-06 2.93373e-05 2.23376e-07 0.0656167 0.0311835 0.000177433 1.18657e-05 0.000142925 0.00111045 0.265312 
0.0847317 0.00962341 2.19854e-07 0.00965368 0.000358641 2.8385e-05 0.00142508 3.59592e-08 0.00601188 4.47989e-06 2.11629e-07 2.01447e-07 1.21616e-05 0.000256509 0.856301 0.00895373 2.81584e-07 0.0015147 7.18821e-06 0.00388914 9.37259e-06 9.12754e-06 5.40186e-08 3.33243e-07 6.28871e-06 0.0172021 
0.0881581 1.60634e-05 1.40423e-07 0.0833165 0.000913132 5.0404e-08 0.000355444 0.00126117 0.0223358 0.203198 7.48233e-11 0.0148947 0.0693422 0.0536027 0.303479 0.00775131 3.4442e-05 2.16769e-08 0.000360021 0.0569471 0.0118705 0.0628365 2.16341e-05 0.00183714 7.41886e-05 0.0173947 
0.00232405 2.40487e-09 1.64272e-09 0.000519384 1.41784e-09 0.000267733 0.00171472 0.000128486 1.00673e-05 2.12304e-05 0.000261406 1.50518e-09 0.00749945 0.000389903 0.88088 0.00104946 2.10396e-09 1.50659e-05 1.56751e-06 0.099666 2.85841e-07 0.00503123 6.70983e-06 8.32215e-07 2.9148e-06 0.00020959 
0.0016491 2.66735e-05 0.00191599 0.0998101 0.000473474 1.67125e-05 0.000940493 0.00238771 0.026531 0.0195556 0.00088441 0.00791523 0.0383699 0.0997108 0.523576 0.0678182 5.08308e-05 7.58757e-05 0.0145314 0.0306761 0.0159125 0.00521978 0.00051397 0.000684759 0.0026036 0.0381495 
0.096738 2.62396e-05 0.0017018 0.0086831 0.000254033 0.0253111 0.0132233 0.00138605 0.00532526 0.00307483 0.00882534 0.00080438 0.107492 0.0143775 0.559406 0.0223371 4.51713e-06 0.000252311 1.18944e-05 0.039963 0.0054705 0.000576583 4.4809e-07 0.000540592 0.00413641 0.080078 
0.0135716 0.00141852 0.00474974 0.0639134 0.000463486 5.60762e-07 0.00502912 0.00543417 0.0247048 0.0367398 1.6385e-08 0.00156913 0.0250879 0.0438339 0.432708 0.0574981 0.000117199 1.49139e-05 2.59074e-06 0.0315548 0.0353878 0.00266799 0.0457782 3.58785e-05 0.0382842 0.129434 
0.0427314 2.32294e-06 3.70411e-06 0.0040752 0.000448259 2.67655e-05 0.0138513 0.00112925 2.03901e-07 0.00142292 6.31074e-05 1.03728e-08 0.0337398 0.0181972 0.488321 0.0263752 3.21714e-09 2.16912e-06 1.80199e-06 0.290668 0.000772184 0.00571685 2.72953e-05 0.000124845 0.000740637 0.0715581 
0.102504 2.26236e-06 0.00320068 0.0932973 0.113855 0.000567732 8.49089e-05 0.000280818 0.0355963 0.0067456 7.64614e-07 8.81374e-05 0.0162177 0.0064389 0.426418 0.0399422 0.000120259 0.000125833 0.000147655 0.0165475 0.00947518 0.000736292 0.00350819 2.387e-05 0.0413504 0.0827242 
0.00344763 0.000205794 0.000103572 0.00596811 0.00281346 3.33781e-05 0.00384804 0.00156093 0.118104 0.00744635 0.00123109 0.00213808 0.0294082 0.00161174 0.701399 0.0584626 5.78446e-06 0.00635227 7.81573e-06 0.0260135 0.0102832 0.0018146 2.49742e-05 5.80229e-06 0.000135223 0.0175751 
0.00767081 4.03394e-07 2.7555e-07 6.32647e-08 4.88482e-06 6.26643e-07 0.000104509 1.50077e-07 0.00428316 1.4958e-06 7.03166e-05 4.28625e-07 0.00198661 1.62627e-07 0.944526 0.00782773 3.52918e-07 4.01011e-07 5.08085e-07 0.000121338 0.000104321 1.95743e-05 7.11259e-07 7.09054e-07 0.000199341 0.033075 
0.00257842 0.00154072 7.27052e-05 0.0454155 0.000333902 0.000931712 0.00480301 0.00205747 0.000948559 0.0213982 3.78779e-06 2.00727e-05 0.245842 0.0485616 0.376565 0.10602 2.63236e-06 0.000343682 1.41221e-05 0.0382271 0.0117935 0.00716148 0.00129966 0.000166819 0.000654065 0.0832442 
0.00159648 0.00334706 2.86299e-05 0.0421288 0.000174367 8.40001e-07 0.00377264 0.000273602 0.0144542 0.0445091 5.3432e-06 0.000675404 0.152663 0.00283436 0.41652 0.100376 1.80864e-06 1.24155e-07 7.82618e-09 0.0403458 0.0241879 0.00232195 4.51262e-06 0.000715546 0.000292285 0.14877 
0.0709618 9.65054e-06 5.17385e-05 0.0567329 0.000547969 3.39581e-08 0.000844488 0.000756734 0.0154692 0.217331 5.45697e-11 0.00893708 0.0748549 0.0442028 0.343509 0.0303707 2.06945e-05 1.37753e-05 0.0002161 0.0433614 0.0167539 0.0377032 1.29859e-05 0.00110234 4.45268e-05 0.0361911 
0.0917958 1.08292e-05 0.000404333 0.0116915 0.15654 0.000229471 0.0112943 0.000268482 0.0109039 0.113934 1.61072e-06 0.00153849 0.0116127 0.0198309 0.336802 0.0389559 5.19398e-06 0.000123702 6.09958e-09 0.0204781 0.0484373 0.00652568 0.000255645 0.000879161 0.00508422 0.112396 
0.0016611 0.000698241 0.00187406 0.0855551 4.22365e-05 4.83398e-06 0.00704591 0.00899619 0.0303518 0.0227123 3.4456e-05 0.00344368 0.102376 0.0193458 0.416949 0.184486 6.87532e-06 5.00891e-05 2.17505e-06 0.0265771 0.0341563 0.00974064 3.51469e-05 2.8813e-05 0.000608798 0.043217 
0.00537519 0.000162849 0.000617802 0.0656108 0.000346682 0.00019163 0.00377972 0.00109277 0.0320791 0.0127255 0.00367149 0.00762278 0.0445645 0.0445409 0.602578 0.0419387 0.00145444 0.000496836 0.000205155 0.034098 0.0104607 0.00392393 0.000395369 4.62886e-05 0.0127999 0.0692206 
0.0211759 1.16234e-05 0.000866975 0.00947789 0.00960941 8.995e-05 0.00160142 0.0143034 0.275391 0.00555003 5.45113e-06 0.00288787 0.037455 0.0132994 0.445116 0.0364529 2.81988e-07 3.71441e-05 5.0355e-06 0.0287961 0.0544543 0.0137744 4.94511e-05 3.54907e-05 0.000691136 0.0288627 
0.0209693 8.74035e-06 9.76677e-05 0.0136957 3.66345e-05 1.74409e-07 0.00758174 0.0130913 0.113387 0.0423591 1.89211e-09 0.000618042 0.0715005 0.00564801 0.234187 0.109609 1.22578e-06 0.000179082 0.000248645 0.0417652 0.178987 0.00197083 1.54146e-05 1.18009e-06 0.00813711 0.135904 
0.000640473 1.04908e-07 0.00126316 0.0383039 0.00340425 4.96226e-08 0.000212095 0.000784914 0.141276 0.0522546 4.65418e-07 7.52455e-05 0.143928 0.00955133 0.465139 0.076371 3.10318e-08 1.23189e-05 0.000250026 0.0074891 0.001861 0.0104994 0.00022449 1.05778e-05 0.000660673 0.045788 
0.0309232 0.000368998 0.000686867 0.0402677 0.00345484 0.000188626 0.00461893 0.000305549 0.0129601 0.00510423 0.0170411 0.00065026 0.053592 0.0299841 0.419543 0.0775421 0.000750698 0.000493247 0.00125302 0.0592564 0.00399705 0.00269823 5.16248e-05 0.000184274 0.0067823 0.227302 
0.121452 4.72601e-06 6.83148e-10 0.0903713 3.56226e-05 3.4665e-05 0.000276403 0.000324688 0.0172878 0.0541644 5.94457e-07 0.0545138 0.0670952 0.0468272 0.233785 0.0946844 0.0160594 0.000184212 0.0102405 0.0146895 0.0263129 0.0105729 0.00535805 9.21324e-06 0.00364163 0.132073 
0.00292295 1.87748e-05 0.000252115 0.122565 1.29572e-05 7.3467e-08 0.00190048 0.000641811 0.0669168 0.0393803 4.45378e-11 2.11663e-06 0.0637033 0.00335707 0.541155 2.10988e-06 4.50367e-08 3.15634e-08 8.53147e-11 0.0261577 0.109097 1.34005e-07 4.89725e-08 0.0029904 1.08375e-07 0.0189238 
0.0568985 8.17137e-06 4.04108e-06 3.63519e-05 0.000374916 1.52558e-06 0.00382178 5.42789e-06 0.00528836 0.00391958 9.68257e-07 4.13363e-05 2.60552e-05 1.0323e-05 0.853979 0.0127801 9.30621e-07 6.748e-07 1.16811e-05 0.00243797 0.00400766 0.0275685 2.17792e-05 9.97768e-06 0.00145686 0.0272871 
0.0731946 2.09614e-05 0.000188169 0.000621673 0.000132667 3.14004e-05 0.00402357 0.000529696 0.000120352 0.0370026 8.66647e-07 3.99253e-06 0.000874262 0.00909104 0.78545 0.0359433 0.00120439 0.000123236 6.27605e-06 0.00421653 0.00352768 0.000114965 2.21212e-07 7.10155e-06 0.00163006 0.0419404 
0.0211408 2.8452e-07 0.00027993 0.00185446 0.000288546 4.87587e-06 0.00112424 5.60393e-05 0.133066 0.0102666 2.13557e-09 8.56827e-07 0.0580197 0.00386055 0.610379 0.102043 1.6095e-06 4.93234e-06 3.90711e-06 0.00140861 4.80191e-10 5.56006e-06 2.60189e-05 2.28506e-06 9.46478e-10 0.056161 
0.00184469 0.000393588 2.61173e-09 0.00213739 3.15315e-06 1.17915e-06 0.000808788 6.89261e-07 0.0030826 0.00204205 1.15019e-07 0.0570193 0.00177243 0.0178635 0.486187 0.000928007 3.34504e-09 4.57644e-05 2.12934e-07 0.000414975 0.00347265 4.39384e-07 0.00293862 5.56476e-06 0.00310938 0.415928 
0.12163 0.00249495 0.0268544 0.0115972 0.00234425 0.000107441 0.0166758 0.0106048 0.0143275 0.0319277 0.00054504 0.00378555 0.0569911 0.0521124 0.421307 0.0402968 0.000136968 0.0015711 0.00277343 0.0823621 0.025186 0.00532049 0.00723862 0.00270926 0.0149573 0.0441431 
0.258338 5.69885e-05 0.0023327 0.0112712 0.000587062 3.53795e-05 0.0194992 0.00604435 0.00164254 0.0511165 8.91747e-06 0.00614558 0.00702564 0.0601027 0.381681 0.0045856 2.87469e-05 8.79289e-05 1.58416e-06 0.122245 0.00574501 0.000222985 2.91574e-06 0.0020779 0.00813234 0.050982 
0.240204 0.000435731 0.000444884 0.0573258 0.00149919 0.000323514 0.0035302 0.00751839 0.00160428 0.0102685 0.00159851 0.000397257 0.0632365 0.0380543 0.306437 0.077714 1.00793e-05 9.61493e-05 3.77214e-05 0.0731531 0.00415729 0.000727174 2.77015e-05 0.000100194 0.00045966 0.110639 
0.010051 0.00237761 1.71158e-05 0.166726 0.000140986 0.000648101 0.0126293 0.000612815 0.0205668 0.0156972 1.01632e-06 0.000170687 0.0613034 0.0852348 0.402613 0.0570425 1.86855e-05 8.84187e-06 0.000240542 0.0188821 0.0052867 0.00165693 4.20284e-06 0.000397415 0.00191648 0.135756 
1.23865e-05 1.03134e-06 7.04489e-07 0.00124933 6.08049e-07 1.60212e-06 0.002995 0.00350224 0.00081409 6.49216e-08 6.78135e-07 6.45506e-07 0.00481295 0.000110242 0.669148 0.270105 9.02293e-07 1.02525e-06 0.00292896 0.0436553 2.75317e-05 6.93475e-05 0.000444381 1.06783e-06 3.00546e-07 0.00011709 
0.0162243 9.52143e-08 0.000913124 0.0738819 4.44052e-05 5.35057e-05 0.00927952 0.00051444 0.00105051 0.0162997 9.10301e-06 0.00147304 0.187555 0.0222421 0.30151 0.0602578 7.86324e-06 0.000169734 0.0125051 0.150339 0.00508887 0.0293644 5.42958e-07 0.000558103 0.0121083 0.0985497 
0.107494 5.60366e-06 1.41973e-05 0.0108563 0.000762528 5.89749e-06 0.000576733 1.87351e-05 0.00134539 0.0139714 0.000381657 0.000650717 8.97407e-05 3.55932e-05 0.719197 0.0251732 3.56735e-06 2.73602e-06 7.8566e-07 0.00804479 0.000225245 0.00456847 4.59788e-05 3.47839e-05 0.00128495 0.105209 
0.0263002 2.87082e-06 0.000341124 0.00736537 0.000831907 2.98184e-07 0.00396324 0.000538852 0.0121161 0.00268413 3.41111e-06 0.00131035 0.00471899 0.00925081 0.83954 0.00678554 6.59917e-05 0.000179085 7.36444e-09 0.00495391 0.00513007 0.00107441 2.25331e-05 1.24576e-05 0.000344912 0.0724633 
0.00140927 0.000329143 6.68154e-10 0.000573772 3.5228e-07 1.51948e-09 0.000524428 1.00594e-07 0.00175778 0.000279421 1.93746e-07 0.0966687 0.000596814 0.00262634 0.814517 8.09651e-05 8.55756e-10 6.6701e-07 4.00962e-07 0.000587025 0.001723 3.14989e-10 1.98427e-07 2.35574e-06 0.000461656 0.0778608 
0.0208606 0.00077291 6.53108e-05 0.115926 0.0198246 0.00305806 0.000364783 0.00381554 0.122373 0.0315302 0.0524689 0.000417571 0.0492821 0.0174495 0.425956 0.07444 1.13954e-05 1.35056e-08 8.05152e-06 0.0031068 0.00723812 0.00393254 0.000136169 4.30839e-06 0.0317602 0.0151979 
0.00409697 6.56644e-06 9.49114e-09 3.11231e-07 8.19186e-09 2.15843e-08 0.00494021 6.53853e-07 1.26022e-05 8.74648e-10 0.000335378 8.69649e-09 0.00416166 1.68219e-09 0.98051 0.00590503 1.2156e-08 2.60265e-06 7.13275e-07 1.5433e-05 2.05428e-09 4.47442e-09 2.33199e-09 1.43862e-08 7.87433e-07 1.08048e-05 
0.0828763 0.000298743 2.03236e-06 0.000281253 0.000316244 7.42263e-07 0.0131987 7.34297e-05 0.00178059 0.0159142 7.49193e-09 0.00253778 1.31873e-05 0.00234762 0.429736 0.101264 4.54192e-07 8.50274e-06 0.00683717 0.0887908 0.0383654 1.32697e-06 4.85481e-07 0.000511696 0.000905222 0.213939 
0.164031 3.96235e-05 0.00244805 0.0158754 1.53774e-05 3.56126e-07 0.000732298 0.00246386 0.00560422 0.000401107 1.50739e-07 1.43486e-07 0.000425832 0.00297571 0.685648 0.0163514 2.00566e-07 2.27897e-07 2.88749e-07 0.0352666 0.00722429 0.00393924 3.69983e-05 2.37362e-07 0.00326089 0.0532577 
0.0345952 0.000248337 1.26423e-06 4.62078e-05 0.000312965 3.54163e-06 0.00148491 8.97282e-08 0.000378611 0.00485635 0.000750118 0.0011563 0.000337678 0.000411994 0.869807 0.0385257 3.86035e-07 7.48574e-08 1.04199e-09 0.00355982 0.000104514 0.000290667 2.31554e-05 2.73892e-06 0.00227141 0.0408309 
0.0636464 6.10314e-05 0.00688162 0.0057522 0.000126262 9.10775e-06 0.000933877 0.0460981 0.00268401 0.0555651 4.85553e-10 1.67086e-05 0.0316759 0.13417 0.553377 0.0130888 2.00613e-05 0.00231653 0.00301654 0.0361998 0.00900099 0.00269505 0.00012984 5.43033e-05 0.00807865 0.0244022 
0.00291448 4.91644e-07 4.17429e-06 0.0816058 4.47434e-05 1.91743e-06 0.00626778 0.00114643 0.122383 0.025829 1.12941e-09 0.000396931 0.0103987 0.204989 0.225709 0.00579262 3.77794e-05 1.70751e-09 2.05383e-08 0.1794 0.00386931 0.000233736 2.88282e-10 1.31466e-07 0.00133467 0.12764 
0.110168 6.9462e-06 0.00103707 0.132373 0.000586864 7.9887e-05 0.00684157 0.000288312 0.00667853 0.0422644 1.96703e-07 0.000864201 0.000119745 0.0239395 0.553204 0.0125384 4.29493e-06 3.12169e-06 3.76796e-07 0.0151558 0.0114494 1.21109e-05 4.44063e-06 0.0001715 0.000153748 0.0820552 
0.0391761 3.64502e-05 1.70528e-06 0.0381104 2.39576e-05 1.71553e-09 0.000426138 0.000177214 0.00955008 0.0760198 7.2614e-10 8.40526e-06 0.0251873 0.206613 0.552881 0.0032766 7.13859e-08 6.1958e-05 6.86956e-06 0.0146228 0.00705323 0.00198381 1.85348e-10 9.22037e-06 9.25689e-05 0.0246806 
0.124603 3.13214e-05 0.0318923 0.0173773 0.00440597 0.000259251 0.00452655 0.00192679 0.0485752 0.0170808 7.33442e-05 0.000687752 0.0622329 0.0195586 0.408333 0.0239583 4.04274e-06 3.97626e-05 0.030009 0.0493843 0.00370855 0.00460636 0.000123436 0.00116467 0.00843301 0.137004 
0.152337 0.000140663 4.63359e-08 0.0103909 2.58575e-05 9.24075e-06 0.000489455 0.00109351 0.0796514 0.0497303 3.36891e-07 0.00978656 0.0200642 0.0522804 0.368762 0.0334967 0.00025453 1.11153e-05 0.000549073 0.0374452 0.00479988 0.0032651 3.41582e-06 2.07523e-05 0.00425273 0.17114 
0.0130375 2.42681e-05 0.000421257 0.0245087 0.00187375 0.00112276 0.000251564 0.00140903 0.123052 0.000386487 0.00767717 1.83391e-05 0.134511 0.100988 0.382971 0.0582025 1.89683e-05 0.000308108 3.99384e-05 0.0731554 0.0101762 2.34382e-07 4.31268e-06 1.88677e-09 0.00688664 0.058954 
0.00151003 2.70159e-06 5.30918e-05 0.276053 0.000267472 0.000538799 0.00103815 5.31787e-05 0.0193301 0.0225974 1.02359e-06 0.000489952 0.0330558 0.00936546 0.44404 0.0454812 2.48171e-05 2.71576e-05 4.31403e-05 0.0196647 0.00146969 1.19911e-05 7.70897e-06 0.000123084 0.000659865 0.124091 
0.0452954 0.000650292 1.56022e-07 0.0572408 2.58274e-05 3.54819e-07 4.01724e-05 0.00033865 0.00332239 0.00014631 4.62832e-05 5.9539e-06 7.99961e-06 0.00108495 0.808401 0.0101355 4.64863e-05 2.27061e-07 2.87689e-07 0.0216482 0.0121125 0.000622215 9.59017e-07 0.0244622 1.26878e-05 0.0143526 
0.00135184 1.20031e-05 0.000258497 0.0215261 0.00337932 1.03925e-06 0.00586375 0.0464701 0.00772049 0.0129982 0.000457656 4.67283e-06 0.0248179 0.00155747 0.485473 0.128282 5.85296e-07 3.72223e-05 8.42632e-07 0.00301662 0.00100788 0.00789428 4.15257e-06 1.54963e-05 0.0458656 0.201983 
0.0741322 0.0196759 0.000279672 0.0856252 0.000247512 1.0485e-06 0.00782604 0.00389167 0.056711 0.0521585 0.0071926 0.0413559 0.026783 0.0321299 0.369763 0.0594387 4.83027e-05 0.000148506 8.04246e-05 0.0630212 0.02608 0.00236139 0.00296087 0.00203462 0.00322207 0.0628311 
0.0169753 0.000284709 0.000371396 0.0169029 0.000768196 5.21917e-05 0.00660045 0.00354934 0.0208367 0.0993786 0.0004027 0.00215462 0.0696004 0.0362358 0.483081 0.114346 1.14923e-05 0.000244501 0.000199357 0.0358829 0.0386596 0.00527962 0.000936895 0.000492685 0.00384719 0.0429055 
0.0262185 1.08955e-05 0.00232017 0.00394338 3.17838e-05 8.75296e-07 0.041949 0.00118829 0.0195803 0.0118281 0.000749139 0.000736825 0.0702948 0.0722407 0.463999 0.0691107 4.92707e-06 4.46741e-05 0.000236211 0.134898 0.00941738 0.00970871 4.49919e-05 1.42298e-05 0.00322037 0.0582082 
0.147364 0.000176729 0.0027639 0.0457009 0.00334854 2.00445e-07 0.0435435 5.68868e-05 0.0379844 0.0131711 0.000354975 0.00225987 0.00105641 0.0518602 0.44719 0.0376598 0.000110576 0.000511192 6.31027e-05 0.0991851 0.0200798 0.00278202 0.000107748 0.00516037 0.00625556 0.0312528 
0.0119322 0.000139865 0.000301496 0.0113454 0.000926842 4.16323e-06 0.0123788 0.00110737 0.0666721 0.053212 2.38525e-09 5.62704e-05 0.0236292 0.00964308 0.405314 0.03975 2.52573e-06 2.93373e-05 2.23376e-07 0.0656167 0.0311835 0.000177433 1.18657e-05 0.000142925 0.00111045 0.265312 
0.00248227 4.37417e-05 3.4217e-05 0.132778 0.00164181 4.1417e-05 0.00142803 0.0114898 0.0754899 0.0220289 8.98683e-05 0.00699022 0.0407146 0.165871 0.280013 0.128667 5.58584e-05 0.000223406 0.00683019 0.0268239 0.049229 0.00805752 0.000130198 0.00015803 0.00312224 0.0355657 
0.107977 0.000671153 0.0116145 0.0152124 0.00109461 8.07032e-05 0.00408626 0.0334103 0.0045283 0.0551591 0.000273472 0.00235512 0.0387186 0.047572 0.448029 0.0326073 6.02247e-05 0.0038264 0.00484857 0.107051 0.0272454 0.00775201 0.0118489 0.000341446 0.00901747 0.0246183 
0.00225627 2.1945e-05 0.000441433 0.0813167 0.000412878 1.70428e-05 0.00247717 0.0132248 0.0669049 0.0129405 0.00025776 0.00824412 0.0134394 0.0112535 0.631983 0.0397687 3.08159e-06 6.73296e-06 4.57729e-05 0.0455424 0.0213909 0.00506561 2.92155e-05 5.75914e-05 0.00100809 0.04189 
0.00288537 7.85705e-05 0.000910524 0.00499683 0.0259309 2.75724e-06 0.00245686 0.00847111 2.11136e-05 0.0259385 1.16707e-06 3.51854e-05 0.066757 0.00652981 0.740446 0.0156307 1.37136e-05 2.20383e-05 5.32989e-05 0.0143422 0.00438731 2.93044e-05 3.082e-05 1.83773e-06 0.00015883 0.0798678 
0.0926761 0.000131517 1.61325e-05 0.0133197 0.00130362 4.26929e-05 0.0420794 1.41317e-07 0.000713924 0.0169686 0.00685884 0.000794445 0.00168389 0.00479558 0.705174 0.0175064 1.70197e-06 1.06484e-06 3.79944e-08 0.00885674 5.18893e-05 0.000808647 1.73428e-06 0.000508399 0.00182884 0.0838758 
0.0113829 0.000214112 6.88253e-05 0.0221022 2.72662e-05 6.41975e-07 0.00171238 0.00202925 0.259418 0.0286285 1.53907e-06 7.57641e-05 0.0293725 0.00680696 0.438652 0.0279471 3.69195e-08 1.78085e-07 0.00210771 0.012432 0.000829694 0.00900388 3.61299e-05 5.1033e-06 1.70381e-06 0.147143 
0.0701532 7.58788e-05 0.000912294 0.0354384 4.95385e-05 4.18282e-06 0.0121139 5.40356e-06 0.00271951 0.00246541 0.000364176 0.000187456 0.0105604 0.00249754 0.784208 0.00439818 2.37317e-05 4.87369e-05 8.63528e-05 0.0333154 0.0054392 0.00930738 7.27413e-06 6.17364e-06 0.00571145 0.0199007 
0.0929775 1.19803e-07 8.18347e-08 0.0776222 7.06321e-08 1.86105e-07 0.00262644 0.0469597 0.000825145 0.000180448 0.000103005 7.49831e-08 0.11603 0.00191555 0.527559 0.0142309 4.72806e-05 0.00324364 0.000590522 0.0637035 0.0185227 0.0224645 6.53771e-06 8.89035e-06 0.00105505 0.00932688 
0.000640473 1.04908e-07 0.00126316 0.0383039 0.00340425 4.96226e-08 0.000212095 0.000784914 0.141276 0.0522546 4.65418e-07 7.52455e-05 0.143928 0.00955133 0.465139 0.076371 3.10318e-08 1.23189e-05 0.000250026 0.0074891 0.001861 0.0104994 0.00022449 1.05778e-05 0.000660673 0.045788 
0.00170498 3.13193e-06 0.000388507 0.056032 0.000316928 1.14224e-05 0.000898332 0.00113234 0.0186703 0.00660625 1.2744e-06 0.00787967 0.0144483 0.0464824 0.749433 0.0393147 4.0287e-05 3.66575e-05 0.00110421 0.0253939 0.0079897 0.00102478 1.81949e-05 5.44937e-05 0.000398818 0.0206153 
0.0168452 4.31078e-06 0.0328376 0.0303262 1.06002e-07 0.00013782 0.00113933 0.00450134 0.00723296 0.00354377 0.00113809 6.55376e-05 0.0291163 0.0147854 0.732044 0.0162174 1.43131e-05 1.78733e-07 2.26456e-07 0.0435621 0.00106212 3.77153e-06 6.88484e-06 1.86155e-07 0.000164671 0.0652498 
0.000321085 0.000152421 6.84913e-10 0.00265792 0.000683713 3.18082e-07 0.00676543 1.12024e-10 0.0374156 0.00214259 2.68613e-07 6.27569e-10 0.0482968 0.00396335 0.764763 0.0247483 6.29606e-08 1.4153e-05 7.36963e-07 0.00719064 9.01895e-07 3.24021e-06 1.81858e-05 6.60617e-05 0.0117938 0.0890014 
0.000567235 6.9288e-08 3.52889e-05 0.092131 9.88745e-05 4.25229e-06 0.00141442 0.000269198 0.0208921 0.00519558 6.58222e-11 0.000741059 0.015127 0.00124184 0.784852 0.0234827 1.09833e-06 3.65775e-06 2.69543e-05 0.0243883 0.00913507 1.6577e-05 1.02973e-05 8.37789e-05 0.00010241 0.0201793 
0.00637956 0.000485576 7.8801e-06 0.0406629 0.000214664 6.55268e-05 0.0062788 0.00499449 0.139334 0.0361346 0.000401266 0.00809196 0.0604944 0.0314 0.294104 0.0760137 1.27874e-06 4.76022e-05 6.94415e-06 0.0193314 0.0774985 0.00573458 6.94253e-06 0.000601001 0.00449196 0.187216 
0.00865555 2.90723e-05 1.5035e-06 0.0639861 0.00106442 2.78917e-10 0.0069251 0.0716991 0.0203021 0.152829 1.18059e-10 5.04215e-06 0.044515 0.114146 0.153582 0.146803 3.99314e-06 6.87235e-07 2.26148e-10 0.0311759 0.0355831 0.000922967 0.000152661 9.65039e-06 0.000694321 0.146914 
0.16322 5.57536e-05 0.00253296 0.0821487 0.00670461 2.7165e-05 0.00100694 0.00256658 0.00801457 0.0949599 3.95637e-07 0.0020678 0.000820343 0.0340222 0.198199 0.134855 0.0545324 1.10052e-05 0.000182149 0.0214177 0.0281932 0.0107988 0.00026374 0.000113693 0.000434755 0.152851 
0.0233324 8.307e-08 5.79795e-06 0.000326882 0.000618694 1.29043e-07 0.0194312 1.44626e-05 0.000779304 0.00137546 0.00188427 3.81106e-05 0.000324678 0.00320212 0.859378 0.0170699 3.97596e-06 8.25793e-08 1.04629e-07 0.0118425 0.000878736 0.00676787 1.42785e-07 1.46578e-07 0.000209759 0.0525153 
0.0662052 7.38836e-06 3.67053e-06 0.024485 0.0102249 8.69423e-10 1.62074e-05 3.50799e-06 1.11507e-05 4.59836e-05 1.10769e-07 4.0638e-06 1.72966e-05 0.0818963 0.816958 1.84765e-05 4.89649e-10 5.56375e-10 5.92214e-06 2.42081e-05 1.37195e-05 1.51412e-06 9.39335e-11 7.35998e-06 3.97976e-06 4.55931e-05 
0.00845457 0.0235097 6.76796e-07 0.135132 0.0056444 1.16969e-07 0.00371818 0.000170638 0.0218949 0.0108548 4.58968e-05 0.0012444 0.0184991 0.00593422 0.388329 0.11067 8.72109e-06 0.000724532 2.33299e-05 0.030477 0.00413457 0.00268102 6.44139e-06 0.000351791 0.0398383 0.187653 
0.0149556 9.15001e-05 0.00794546 0.00562884 0.000283712 3.69551e-06 0.00125123 3.33198e-06 0.0202654 0.0100522 1.69733e-05 0.0218327 0.00139145 0.000914326 0.818758 0.00414449 1.43721e-07 1.58588e-06 5.08903e-07 0.00179341 0.000911664 0.000232916 7.9089e-07 7.09484e-05 0.000192226 0.0892565 
0.00165863 8.15807e-06 0.000186945 0.11482 0.000780826 5.3463e-05 0.00103702 0.000992931 0.0303471 0.0122876 2.31655e-05 0.00634674 0.0296843 0.107516 0.534124 0.0773805 3.81185e-05 0.000156537 0.00502204 0.0240827 0.0304726 0.00118429 8.28093e-05 0.000179259 0.0012707 0.0202633 
0.0145602 1.72385e-06 0.0108425 0.149542 3.62246e-05 1.17623e-07 0.000171656 0.000176258 0.0166996 1.91512e-06 4.97869e-08 1.44108e-06 0.0245763 0.0203957 0.670309 0.0659558 6.6244e-08 2.34567e-06 9.53695e-08 0.00128711 0.000115002 0.016991 1.48072e-07 7.83971e-08 2.58683e-05 0.00830753 
0.00421422 1.05798e-05 0.00832948 0.0743919 0.00776693 2.74311e-07 0.00222108 0.0044715 0.0649535 0.0163005 1.68172e-08 0.00417494 0.22177 0.0096434 0.361507 0.0826614 0.000255547 1.40701e-05 0.00072022 0.0294806 0.0242055 0.0135735 6.22284e-05 1.77079e-06 0.000439261 0.0688305 
0.00879916 2.7732e-05 1.64794e-06 0.0925831 1.88869e-05 2.71415e-06 0.0146286 4.70575e-05 0.000132052 0.0162137 1.36728e-05 0.000650437 0.027879 0.0101753 0.434413 0.125738 1.36015e-05 8.59018e-05 0.0591597 0.174169 0.0236556 0.000106063 3.6513e-05 1.89735e-05 0.000224205 0.0112056 
0.152477 0.0003181 4.69052e-06 0.0139371 0.000456505 2.43319e-06 0.00492898 0.000550079 0.0032609 0.013512 0.000739035 6.28016e-05 0.0132079 0.000139654 0.583051 0.090373 5.07016e-06 1.56171e-06 3.57107e-05 0.0484717 0.000871377 0.00226858 2.22373e-05 3.4273e-05 0.00194733 0.0693209 
0.0149216 0.194003 3.11762e-05 0.0371409 1.839e-06 3.25559e-06 0.00396352 1.23282e-05 1.90194e-05 0.229938 1.55798e-06 1.33709e-05 6.96408e-06 0.086995 0.336807 4.7492e-05 1.0942e-05 0.0001291 1.11075e-06 0.0338506 0.0157401 1.91813e-05 2.79834e-07 6.64511e-05 2.857e-05 0.0462465 
0.0437356 0.0018017 4.87335e-05 0.00793351 0.00238089 0.00423287 0.0178799 0.000487588 0.0082975 0.00489573 0.000126519 0.00562514 0.000136319 0.000678432 0.723128 0.00502794 6.00249e-06 2.78042e-05 0.000259937 0.0644328 0.0591642 0.0216281 0.00106176 2.47375e-05 0.00874611 0.0182321 
0.0245003 0.00030591 3.10344e-06 0.0108014 2.31866e-06 1.34476e-06 0.00259349 0.00296037 0.00310913 0.00743301 0.00195392 0.00333127 0.151646 0.00250485 0.268415 0.227044 1.13536e-08 2.58158e-07 9.90218e-05 0.114956 0.00154998 0.0383709 2.88936e-07 5.09299e-05 0.00225183 0.136115 
0.076485 8.01421e-05 0.00412799 0.0897219 0.000128357 0.000890898 0.0332137 0.000668443 0.00979816 0.0299553 0.000176177 0.0108385 0.0490868 0.0115364 0.342693 0.107545 7.31362e-05 0.00054163 7.57331e-05 0.148873 0.0305518 0.0184385 5.17171e-05 0.000587605 0.00264449 0.0312169 
0.0058869 4.54431e-05 7.0624e-05 0.0216154 0.0113715 5.04614e-07 0.0109191 0.00645096 0.0639539 0.0154997 0.000224613 0.019551 0.057558 0.00276275 0.526253 0.166603 4.34503e-06 0.000273421 3.29133e-07 0.0202771 0.0179517 0.000633921 1.63488e-05 0.000348717 0.000516629 0.0512111 
0.0105793 0.00165624 9.18885e-05 0.0379775 0.000435458 0.000202842 0.00889011 0.0142981 0.0348139 0.028779 5.86149e-09 0.00489169 0.1226 0.0169106 0.416189 0.0897701 8.90195e-07 3.68825e-05 1.06478e-06 0.0261743 0.0878174 0.0110403 2.033e-05 0.00614882 0.000951025 0.0797231 
0.121452 4.72601e-06 6.83148e-10 0.0903713 3.56226e-05 3.4665e-05 0.000276403 0.000324688 0.0172878 0.0541644 5.94457e-07 0.0545138 0.0670952 0.0468272 0.233785 0.0946844 0.0160594 0.000184212 0.0102405 0.0146895 0.0263129 0.0105729 0.00535805 9.21324e-06 0.00364163 0.132073 
0.0279109 0.00013386 0.00056389 0.0140492 0.00133052 0.000574662 0.00399585 0.00396926 0.0247188 0.00965088 9.20774e-05 0.000383246 0.0617973 0.0053611 0.778951 0.00852848 9.099e-05 9.47193e-06 0.00182565 0.0224127 0.00756129 0.000498828 6.59571e-05 1.50427e-05 0.00196245 0.0235463 
0.0352039 0.000253277 0.00300485 0.0304884 0.000687096 0.000828407 0.0139167 0.00368733 0.00673282 0.00699197 0.028624 0.001332 0.027148 0.000913397 0.448852 0.228129 0.00011929 7.529e-05 3.5749e-08 0.13685 0.0077375 0.00593115 4.13416e-06 9.89254e-06 0.000758696 0.011721 
0.00706779 5.33957e-10 8.51284e-05 0.0036715 3.14806e-10 8.29464e-10 5.58011e-07 0.00372825 0.0130599 0.00918226 3.51091e-10 0.000137157 0.0343723 0.00191141 0.607866 0.047969 4.67145e-10 5.30804e-10 6.72534e-10 0.0111425 0.00421812 0.00218198 4.10716e-08 2.38772e-06 4.22227e-05 0.253362 
0.0114238 7.80394e-05 5.99687e-09 0.000845171 0.00668776 1.80547e-05 0.02242 2.52967e-07 0.00011679 1.31264e-06 0.0111499 5.49479e-09 4.92271e-06 0.0759707 0.774765 0.0455683 7.09936e-06 8.42927e-05 2.3592e-06 0.0192864 0.00203759 0.000334559 0.00857651 9.08975e-09 7.73393e-06 0.0206131 
0.061324 0.000509713 1.36368e-07 0.15939 3.10553e-05 1.06836e-08 0.00224606 4.76777e-05 0.0152057 0.0294453 4.52211e-09 0.0139294 0.0258646 0.0169539 0.493041 0.00686804 0.000515114 0.000112916 3.82929e-05 0.0239402 0.00144063 0.00374917 3.3949e-05 0.00638095 0.00145277 0.13748 
0.0695577 9.78137e-05 4.34737e-06 0.00133249 0.000497678 2.04161e-06 0.00100927 0.000148718 0.00245562 0.00869039 1.07326e-05 9.07978e-05 0.0122688 0.000664776 0.492815 0.0551739 7.95564e-06 1.82453e-07 3.1809e-09 0.0716353 0.000178996 0.024293 1.64049e-06 2.62245e-06 0.0100736 0.248987 
0.0637144 0.00033593 0.00472566 0.012854 0.00288958 0.00171781 0.0180502 0.0111936 0.0319692 0.0450722 0.00118781 0.00796928 0.186129 0.013 0.28768 0.0545095 2.18997e-05 0.000624505 2.60867e-05 0.0371952 0.0413495 0.00886112 0.00220099 0.000106671 0.00307251 0.163543 
0.00171336 0.000690328 0.000547009 0.000894077 0.0017375 3.0483e-05 0.000482324 7.00737e-05 9.61576e-05 0.00902886 1.29027e-05 0.000713572 1.42893e-06 0.00312717 0.974105 0.000434055 0.000106911 1.95071e-05 2.47158e-05 0.000285164 0.000721531 6.31912e-06 2.71311e-05 0.000518675 0.00104736 0.00355857 
0.0195849 0.000132595 4.99619e-06 0.00367692 8.06224e-06 1.99542e-06 0.0352113 4.62599e-05 0.0689147 0.0125022 1.00701e-08 0.0049532 0.0280329 0.0531421 0.326537 0.0850469 1.33988e-08 0.00121824 5.65397e-05 0.0258803 0.0136622 0.000364756 0.00334212 8.38541e-05 0.00138122 0.316215 
0.00310292 4.08738e-06 9.91386e-05 0.00362001 1.09118e-05 2.85964e-06 0.0151838 0.000135481 0.000463897 0.00056408 1.23134e-06 1.79829e-05 0.0208559 0.0574638 0.865505 0.00928472 6.184e-06 8.80943e-08 6.95765e-05 0.0130534 0.00103047 0.000550974 2.07427e-06 5.1013e-05 0.000240448 0.00868004 
0.0311051 0.000126013 0.0132626 0.0313802 0.00515884 0.00138723 0.00402154 0.00342017 0.0412312 0.0236107 4.49827e-06 0.000446921 0.0919615 0.093543 0.527232 0.0492605 3.95346e-06 2.46823e-05 0.000237913 0.0480259 0.0142343 0.00161212 3.86118e-05 1.31197e-05 0.000603636 0.0180541 
0.00879509 7.56686e-05 0.000979058 0.120722 0.00211452 2.39688e-05 0.00147493 0.0111773 0.108161 0.0126649 0.00175703 0.00672904 0.104313 0.0256084 0.380871 0.0983041 1.96749e-06 0.000190463 0.000182205 0.0189797 0.0276492 0.00318403 9.87751e-06 1.61314e-05 0.00993919 0.0560775 
0.0222372 8.01107e-05 0.000826088 0.0248529 0.0246446 0.000175458 0.00707717 0.00283795 0.0161616 0.0403883 0.00300237 0.00163679 0.0232963 0.0182322 0.499025 0.119624 1.81916e-05 0.00703976 4.20087e-05 0.0618159 0.0192177 0.00395668 0.00013584 3.36891e-05 0.00242354 0.101218 
0.00768802 0.000814522 3.71587e-05 0.00177581 8.3586e-07 5.11303e-06 0.00737564 5.82052e-05 0.02209 0.000410799 9.88814e-05 0.00116927 0.109061 0.00431227 0.676755 0.120483 3.82024e-07 1.08683e-09 0.000163181 0.0302475 0.00821467 0.000130367 4.17598e-05 2.44036e-07 7.63873e-06 0.00905919 
0.00078166 9.43261e-08 2.60536e-07 0.00393665 3.7577e-07 9.34372e-08 0.00362497 0.00407398 9.18068e-07 1.04831e-06 9.82903e-11 0.000341426 0.192845 0.000438054 0.421779 0.294439 5.72739e-08 4.01638e-08 1.8828e-10 0.0242299 0.0431526 0.00542408 1.89349e-05 0.00020009 1.37708e-07 0.00471227 
0.00140927 0.000329143 6.68154e-10 0.000573772 3.5228e-07 1.51948e-09 0.000524428 1.00594e-07 0.00175778 0.000279421 1.93746e-07 0.0966687 0.000596814 0.00262634 0.814517 8.09651e-05 8.55756e-10 6.6701e-07 4.00962e-07 0.000587025 0.001723 3.14989e-10 1.98427e-07 2.35574e-06 0.000461656 0.0778608 
0.0109058 0.00147078 1.10043e-07 0.0213006 0.000207015 2.50254e-07 0.0343377 5.62377e-05 0.00985808 0.00449163 1.6521e-07 0.00010504 0.00891261 0.10652 0.500126 0.0569132 1.4094e-07 5.00858e-05 2.27771e-05 0.0107007 0.00858139 0.0032949 0.00129321 0.000129957 0.00834401 0.212378 
0.0464834 9.54973e-05 1.96371e-05 0.0242678 0.00333135 0.000343155 0.0538411 0.108669 0.00964793 0.0143118 1.52108e-05 0.000303151 0.0907274 0.0341135 0.285215 0.0848317 1.1116e-05 2.00171e-06 8.61161e-07 0.174753 0.00885844 0.0347891 6.26305e-06 0.000194869 0.00121276 0.0239555 
2.76176e-06 4.8755e-08 3.33036e-08 4.13945e-06 2.87445e-08 7.57374e-08 4.0031e-06 1.62131e-05 0.00342231 3.06906e-09 3.20577e-08 1.81969e-06 3.55029e-09 5.90264e-09 0.996524 2.51722e-06 5.60863e-07 4.8467e-08 6.14083e-08 5.31676e-06 1.60257e-06 9.20222e-06 3.44084e-06 3.97116e-07 1.42078e-08 1.59305e-06 
0.177509 0.000288981 0.00346507 0.0625915 0.000180033 0.00198619 0.00160309 0.00554039 0.0511026 0.0118225 0.000794598 0.00219923 0.0525557 0.00545429 0.508823 0.0286852 0.000755808 0.000227822 0.000846936 0.0413528 0.00462222 0.00396516 0.00141817 0.000169512 0.00129027 0.03075 
0.0165536 3.19816e-06 0.00514964 0.00478442 0.00536274 0.135539 0.037425 5.03509e-05 0.0198884 0.105907 0.00133882 3.15095e-06 0.0435997 0.033387 0.289467 0.109523 1.66187e-06 9.53028e-06 1.24017e-05 0.0162909 0.0340667 0.00873723 1.96523e-05 5.62311e-06 0.00188619 0.130988 
0.0822731 6.82969e-08 2.75165e-06 0.00955572 0.000602942 0.000344607 0.000157296 0.000174654 0.0216499 0.000941846 4.4907e-08 7.09559e-05 7.44025e-05 0.0573106 0.524846 0.0106906 1.39177e-05 0.00346884 0.000184591 0.166068 0.00042637 0.00181926 8.02128e-05 0.033998 0.073481 0.0117643 
0.0058869 4.54431e-05 7.0624e-05 0.0216154 0.0113715 5.04614e-07 0.0109191 0.00645096 0.0639539 0.0154997 0.000224613 0.019551 0.057558 0.00276275 0.526253 0.166603 4.34503e-06 0.000273421 3.29133e-07 0.0202771 0.0179517 0.000633921 1.63488e-05 0.000348717 0.000516629 0.0512111 
0.00231166 4.47105e-05 4.25919e-06 0.122583 0.0045808 2.9066e-08 0.00289583 0.0192294 0.0401411 0.00842427 1.12017e-05 0.00329922 0.0429137 0.00114711 0.502005 0.0561121 7.07338e-06 1.51249e-05 9.80474e-07 0.157792 0.000469309 1.38474e-06 5.87967e-05 0.0275978 0.000685833 0.00766858 
0.00353615 4.07871e-06 0.00132163 0.020303 0.000481794 4.96565e-06 0.000366403 0.00250367 0.0228129 0.00340147 1.95878e-05 0.000420002 0.0311307 0.00268639 0.728366 0.0139896 0.000190041 1.91867e-05 9.12756e-05 0.007873 0.0192872 0.00200568 0.0905051 2.7276e-05 0.000902743 0.0477498 
0.0753074 7.92664e-05 1.25182e-05 0.170049 0.00532218 1.90297e-08 0.0225783 0.000423645 0.00167124 0.000406251 8.05478e-09 0.00911715 0.108922 0.00130042 0.410104 0.00721237 1.07173e-08 2.5614e-05 0.00018696 0.0659236 0.00214578 0.0330647 4.80471e-06 4.69764e-05 0.00303104 0.0830652 
0.0197344 1.59812e-05 0.0005786 0.123217 0.00206191 0.000143591 0.0050194 0.0023608 0.0532481 0.0667621 2.20705e-07 0.000574906 0.047742 0.00262701 0.313208 0.187222 5.65667e-06 1.80175e-06 4.22773e-07 0.124752 0.00250777 1.45597e-05 9.60465e-05 0.00010685 0.000482564 0.047516 
0.110168 6.9462e-06 0.00103707 0.132373 0.000586864 7.9887e-05 0.00684157 0.000288312 0.00667853 0.0422644 1.96703e-07 0.000864201 0.000119745 0.0239395 0.553204 0.0125384 4.29493e-06 3.12169e-06 3.76796e-07 0.0151558 0.0114494 1.21109e-05 4.44063e-06 0.0001715 0.000153748 0.0820552 
0.0121224 0.000103004 0.000129171 0.0240889 5.45833e-05 5.1246e-07 0.00413129 0.00685779 0.00386854 0.00679758 3.88372e-05 0.00134486 0.162789 0.0526213 0.39167 0.188679 8.91101e-06 8.50925e-08 4.07992e-05 0.0748228 0.0302936 0.000826147 1.69418e-05 0.000628737 0.0202439 0.0178209 
0.012607 2.67828e-05 4.4647e-07 0.0185664 2.59277e-06 4.33634e-05 0.000206669 0.00581089 0.0230256 0.0547379 0.000320811 0.00486713 0.00871653 0.0110172 0.554892 0.0280455 1.61006e-06 0.056544 5.07616e-05 0.00420204 0.00656464 6.90361e-05 1.01754e-05 0.000224298 0.00916414 0.200283 
0.0262168 0.00639757 0.000288439 0.108196 0.000587493 0.00058933 0.0260395 0.000767373 0.0134789 0.0244006 8.67413e-05 0.0005787 0.0510148 0.147936 0.29989 0.0544152 1.14472e-05 0.00027242 0.00102449 0.0231021 0.00658287 0.00566077 0.00136291 0.000456792 0.0097965 0.190846 
0.0167245 3.54296e-06 5.653e-08 0.0414706 3.20546e-06 1.5887e-05 0.00391503 2.27597e-06 0.0158597 0.00694604 2.07317e-05 0.000916688 0.0186074 0.000812591 0.633968 0.151818 7.24023e-08 8.22687e-08 1.04235e-07 0.00170969 0.000493936 0.00145843 5.41308e-06 8.56852e-08 3.84544e-05 0.10521 
0.0501038 0.00426857 0.004582 0.00465349 9.10803e-05 1.26587e-05 0.00403192 0.0478924 0.000671015 0.0448823 0.000505445 0.000372102 0.0379721 0.035498 0.622664 0.0172191 2.80229e-05 0.00182904 0.00561015 0.04781 0.032012 0.00543741 0.00248366 6.05506e-05 0.00896249 0.0203469 
0.0725878 0.000294161 1.03079e-09 0.210402 0.00931567 9.20905e-07 0.0228156 0.000430427 0.0288335 0.0233621 0.000222962 0.0949013 0.0552252 0.00706002 0.243345 0.0189925 2.59309e-05 1.26349e-05 2.13529e-05 0.104319 0.00259788 0.0206706 3.28755e-05 0.000177595 0.00527073 0.0790826 
0.00291267 1.1643e-05 1.39037e-05 0.0567664 0.000195462 1.2637e-07 0.0837301 0.000114846 0.0500679 0.0185332 0.000589032 1.82011e-06 0.0273638 0.118646 0.422763 0.102942 2.10345e-05 9.36921e-06 0.00037264 0.0363157 0.00278539 0.00146255 1.27571e-05 0.000347495 0.000117133 0.0739044 
0.0232031 5.96109e-07 0.033563 0.0621789 1.90174e-08 5.0108e-08 3.70023e-06 0.000379446 0.0210417 0.00131261 2.12094e-08 2.43279e-06 0.00992034 0.00895458 0.655158 0.0325542 1.12842e-05 3.20659e-08 4.06278e-08 0.0160664 0.00446306 3.90449e-06 2.19507e-05 3.33975e-08 1.26991e-05 0.131148 
0.122567 0.0594367 4.95429e-08 0.00833919 1.40348e-05 7.11413e-06 0.0043101 0.00779552 0.0125972 0.000312053 4.76895e-08 0.0120607 0.00243044 0.195148 0.318079 0.0386842 1.20236e-05 0.00153584 0.00671525 0.14253 0.0133153 0.0187545 3.49757e-06 0.0054742 0.00389484 0.0259832 
0.0241294 4.17139e-05 2.03531e-05 0.00267724 0.00137116 1.4344e-05 0.00483648 0.000595611 0.00107623 0.00357455 0.00208431 2.25618e-07 0.076442 0.00745752 0.628354 0.0989416 1.86418e-05 4.08784e-05 1.39067e-05 0.113782 0.00230064 0.00481772 1.84439e-05 7.98353e-05 0.00378085 0.0235312 
0.0391761 3.64502e-05 1.70528e-06 0.0381104 2.39576e-05 1.71553e-09 0.000426138 0.000177214 0.00955008 0.0760198 7.2614e-10 8.40526e-06 0.0251873 0.206613 0.552881 0.0032766 7.13859e-08 6.1958e-05 6.86956e-06 0.0146228 0.00705323 0.00198381 1.85348e-10 9.22037e-06 9.25689e-05 0.0246806 
0.00432979 1.05305e-05 0.00844044 0.0823504 0.00794975 2.79938e-07 0.00199679 0.0104989 0.0656418 0.0221849 1.75167e-08 0.00396232 0.234623 0.00721284 0.324638 0.0944572 0.000255128 0.000100824 0.000601071 0.0384775 0.0233121 0.00543948 6.13612e-05 1.65933e-06 0.000446716 0.0630075 
0.0845129 0.000541597 0.00165756 0.00286996 0.00171364 6.57322e-06 0.0283356 0.037439 0.000871614 0.0606207 2.64636e-09 0.000167325 0.0360615 0.0227915 0.529244 0.0258657 2.63317e-05 0.00297769 0.00515418 0.098479 0.0287788 0.00351742 0.00021738 4.07964e-05 0.00543276 0.022676 
0.0110746 8.02105e-07 5.5343e-05 5.19911e-05 0.00242967 1.24601e-06 0.00230191 0.000562036 0.000514105 0.00242556 0.00198443 7.10316e-06 0.0507689 2.08745e-05 0.830138 0.0651097 1.55598e-05 7.97367e-07 0.000822229 0.00144702 0.00286487 1.89232e-05 9.74367e-07 4.23041e-05 0.00416238 0.0231787 
0.0207854 0.000135894 3.47843e-08 0.0671836 9.18921e-07 0.0011705 4.83499e-05 0.000123902 0.228798 0.00417108 0.00752245 0.0244049 0.0114604 0.00999317 0.523804 0.0394544 2.56231e-09 0.000578831 0.00122168 0.0429966 0.000621421 0.0120463 0.000336956 1.53702e-05 0.000149559 0.00297634 
0.000343624 4.93283e-06 3.36951e-06 7.7362e-07 0.000424538 7.66279e-06 0.00149584 5.51117e-07 1.29311e-06 0.000123044 3.24346e-06 3.0874e-06 8.28359e-07 0.000110578 0.794067 0.169892 4.31559e-06 0.000152212 6.21303e-06 9.74292e-05 0.000226482 0.000263005 2.02915e-05 5.10733e-06 3.31499e-06 0.0327398 
0.00161411 2.71949e-05 0.00214044 0.0978222 0.000322452 1.02286e-05 0.00101723 0.00278673 0.0232189 0.0211082 0.00200652 0.0105157 0.0384441 0.0692557 0.560434 0.0526721 3.08529e-05 2.95249e-05 0.0145373 0.0378674 0.0106319 0.00515881 0.000542593 0.000748362 0.00326556 0.043792 
0.104138 0.000663047 0.00211893 0.0356859 0.00250679 0.000424167 0.00909075 0.00521325 0.0203016 0.0460895 0.0113684 0.00337494 0.0823271 0.0485431 0.333457 0.0626495 0.0149427 0.00253953 0.00518218 0.0696167 0.00679119 0.00812606 0.000966672 0.000286992 0.0380291 0.0855676 
0.037629 1.45898e-06 9.96602e-07 0.0107408 8.60173e-07 2.26643e-06 0.0425611 2.84971e-05 0.0019079 1.10076e-05 0.0148099 0.000713242 0.0079212 0.000567274 0.772793 0.0265942 4.29963e-05 2.29982e-05 1.83763e-06 0.000356297 0.00257719 0.0384156 1.5888e-05 0.000348963 0.00905825 0.0328769 
0.0488792 0.0538557 1.43535e-07 0.00617463 8.01074e-05 5.39351e-07 0.00984428 0.0061684 0.000688625 0.00420763 0.00806623 8.18966e-05 0.00595591 0.00477795 0.655448 0.0758733 0.000107039 0.000256321 4.19934e-08 0.0647482 0.0131811 0.00213664 0.00691382 0.00370381 0.00022746 0.0286233 
0.0058869 4.54431e-05 7.0624e-05 0.0216154 0.0113715 5.04614e-07 0.0109191 0.00645096 0.0639539 0.0154997 0.000224613 0.019551 0.057558 0.00276275 0.526253 0.166603 4.34503e-06 0.000273421 3.29133e-07 0.0202771 0.0179517 0.000633921 1.63488e-05 0.000348717 0.000516629 0.0512111 
0.0153822 2.85744e-07 1.95186e-07 1.73178e-05 2.51572e-06 1.43846e-05 3.20538e-05 6.90765e-05 0.000969084 8.43229e-07 9.98064e-05 2.77702e-07 6.83735e-05 3.08402e-05 0.870763 0.0658357 2.49989e-07 2.84056e-07 3.59902e-07 0.00999376 0.000105159 0.0178791 3.73025e-07 3.87904e-05 0.000338983 0.018357 
