0.00291534 0.00127549 0.00172425 0.0790261 3.21412e-05 1.95742e-05 0.000202925 0.00371653 0.00207614 0.024451 0.00104883 0.1632 0.080225 0.0461548 0.00142306 0.327368 3.34665e-08 0.000739927 2.76204e-06 0.0686142 0.164726 0.00518749 0.0020606 0.00666755 0.0116338 0.00550828 
0.0115103 0.00607143 0.00112857 0.24244 0.000490768 0.000133539 0.0125933 0.0143428 0.0294622 0.0920459 0.00201445 0.00404015 0.0109741 0.0438446 0.000127129 0.330984 5.35529e-11 1.06821e-05 0.0785039 0.0633367 0.0182561 0.00873096 3.00961e-05 0.000547741 0.00668167 0.0216997 
0.0010315 4.31292e-06 0.00100783 0.349118 0.000806778 9.15103e-05 0.000590029 0.0278862 0.0535387 0.0346453 2.94221e-07 0.000646797 0.00312608 0.0191329 0.000977995 0.422572 5.63413e-07 0.000530205 2.66939e-08 0.00469956 0.0685732 0.00204605 4.04181e-06 0.000188843 1.79859e-05 0.00876294 
0.00191631 0.000177927 0.000506524 0.035216 1.51739e-05 3.8984e-06 0.00241236 0.00206109 0.00183378 0.0536935 0.000211118 0.00411141 0.0220023 0.0364399 0.000860804 0.605481 2.00515e-05 1.28235e-05 9.92302e-09 0.00479115 0.112029 0.0110916 8.17258e-05 8.5623e-06 0.0224513 0.0825708 
0.0541925 5.89874e-05 0.00140677 0.0383192 0.00509041 2.48693e-05 0.00452568 0.028393 0.00263657 0.172545 0.000970105 0.00888957 0.204151 0.0210645 0.00194576 0.304527 3.65488e-05 0.00157029 2.12496e-05 0.0424864 0.0752119 0.0128074 4.08049e-05 7.25961e-05 0.0102402 0.00877139 
0.178341 4.28276e-05 7.98702e-06 0.000873988 0.000210354 2.99092e-05 0.00564669 0.0242464 0.00340032 0.180715 0.00252749 0.000822962 0.0543982 0.00179923 0.000266137 0.355993 9.35094e-05 0.0552748 5.14837e-06 0.0627049 0.0546826 0.0140066 6.81362e-06 0.000392418 0.000375322 0.00313597 
0.00233488 1.05014e-05 7.44669e-05 0.0125822 2.61719e-05 1.74547e-09 8.56221e-05 0.00259118 0.00151127 0.0298482 9.02087e-12 0.00149237 0.0395872 0.00213314 0.000986985 0.675351 1.34193e-06 0.00010376 1.728e-11 0.00443443 0.214373 0.0088703 2.16791e-05 7.98817e-06 0.000162395 0.00340959 
0.1325 1.87544e-06 1.351e-07 0.00678836 0.000869242 6.0844e-06 0.012824 0.00140353 0.0028696 0.0714107 5.05413e-10 0.146818 0.0233771 0.00716132 0.000572508 0.329333 2.58174e-05 9.54363e-05 1.1965e-11 0.0461609 0.145389 0.0397015 0.000123029 3.5179e-05 5.6516e-05 0.0324773 
0.00513664 0.0030286 0.000183562 0.0142672 2.18934e-05 3.00954e-06 0.00305524 0.000142425 0.00124907 0.142217 1.6164e-11 0.000184028 0.0530611 0.00418326 0.00152387 0.488148 4.5843e-07 0.0014986 4.30853e-07 0.0139239 0.0840915 0.166652 2.83859e-06 6.97008e-05 0.00687753 0.010479 
0.00842939 8.2864e-07 0.000222545 0.0534539 0.000118972 8.2557e-07 0.00158696 0.00496496 0.00779138 0.0051076 6.39045e-09 0.00295676 0.123353 9.4026e-05 0.0303154 0.560895 5.05397e-07 3.57618e-07 1.22413e-08 0.114878 0.0178535 0.000330174 3.0686e-05 5.62392e-06 0.000117569 0.0674929 
2.84059e-09 1.53246e-08 2.49992e-08 0.00171971 0.000102916 1.68126e-09 0.000471521 4.37756e-09 0.00479138 0.0119072 3.95133e-13 0.188469 0.0802657 0.00253286 2.6214e-08 0.50438 5.69068e-07 6.93033e-09 7.569e-13 0.000718678 0.125161 0.00270608 1.32024e-08 1.02669e-08 0.00219049 0.0745825 
0.0280225 0.000400877 1.06852e-09 0.00418379 7.23179e-05 1.50222e-07 0.0163929 0.000263046 0.00299637 0.078664 0.00153068 0.00613067 0.0625472 0.0284245 0.000749983 0.594404 7.39809e-06 0.000266109 1.83009e-06 0.0289253 0.0729887 0.0128909 0.00590652 2.92447e-05 0.0361065 0.0180949 
0.308044 0.000983437 0.000502539 0.000478159 0.000781672 7.87863e-06 0.0105047 0.00142081 2.35912e-07 0.0961832 0.000266589 0.0222612 0.00531983 0.000339232 4.5231e-07 0.440027 0.000522663 2.23138e-07 6.28496e-09 0.101263 0.00311635 6.07654e-07 4.01543e-06 0.000927133 0.00484027 0.00220481 
0.00286516 3.5556e-05 0.000109723 0.00234399 0.000194809 2.79519e-05 0.00881624 0.00284153 0.000259948 0.0484257 1.61954e-10 0.000908416 0.212812 0.00580987 0.000189015 0.490399 8.1938e-06 1.04934e-06 3.10231e-10 0.0108219 0.165372 0.044871 1.81364e-06 0.000155905 0.00152053 0.00120848 
0.00144255 0.000682595 5.37276e-07 0.00155062 0.00022791 6.32457e-08 0.00364905 0.0570373 0.00401129 0.0657302 1.90403e-10 1.81242e-10 0.14853 0.000860393 0.000364693 0.470304 2.39436e-09 0.00252049 3.64728e-10 0.185754 0.0074547 0.00449125 4.86006e-11 0.0219584 0.00487549 0.0185537 
0.0310869 3.34075e-07 3.69905e-05 0.0118498 0.000378106 7.05522e-06 0.0755633 0.0102824 0.000328502 0.210656 2.71485e-08 5.71197e-06 0.0211221 0.0140214 0.00557879 0.354204 0.000102974 0.00522028 4.98508e-06 0.0382312 0.0127408 0.0184694 0.0092365 1.70241e-05 0.00056331 0.180291 
0.048562 0.00028869 1.76318e-05 0.0094193 9.41976e-08 1.34848e-10 0.0203289 0.0206407 0.00679035 0.216979 0.00293646 5.36625e-07 0.00546194 0.0294659 2.51129e-07 0.539983 4.48784e-09 0.00338846 1.46385e-07 0.0190264 0.0555927 0.0160099 3.38952e-05 8.98779e-11 0.000757539 0.00431567 
0.0943013 0.00023586 0.000300263 0.00292915 6.81933e-08 2.61056e-10 0.0133912 0.00031215 6.21804e-05 0.00405858 0.0684521 1.24299e-06 0.0010237 0.00732177 6.56669e-06 0.714309 1.15796e-07 1.67059e-10 9.31526e-08 0.0787448 0.000577403 0.0102573 7.15369e-07 0.000809396 5.05847e-07 0.00290497 
0.0674431 2.06854e-05 0.00083506 0.00830187 0.0321692 0.000299367 0.0179862 0.0399177 0.00920247 0.0832822 1.9518e-09 0.0624445 0.125669 0.0317058 0.0139149 0.208287 9.96365e-06 0.000123728 7.82194e-10 0.0496757 0.143773 0.00304644 6.97056e-05 3.33621e-05 0.0336482 0.0681402 
0.0184349 3.16385e-07 0.0127104 3.36677e-05 7.19941e-05 5.79566e-09 0.00273998 0.00261258 0.00589358 0.178987 6.25798e-10 2.11297e-07 0.0036412 0.000892005 4.01511e-10 0.519365 9.08622e-09 9.46125e-10 7.63651e-07 0.0847441 0.0384293 0.00214684 1.92177e-05 0.126667 0.000435068 0.00217493 
0.114546 0.0197502 3.94437e-05 0.0276758 3.94503e-05 3.93827e-05 3.94763e-05 3.94836e-05 3.94731e-05 0.17773 3.94456e-05 3.94477e-05 3.94864e-05 3.9483e-05 3.94619e-05 0.659469 3.94302e-05 3.94219e-05 3.94033e-05 3.94877e-05 3.9481e-05 3.94687e-05 3.94797e-05 3.9419e-05 3.94711e-05 3.94848e-05 
0.0592343 0.000124975 0.000128665 0.0528872 8.37739e-05 5.69598e-05 0.0233583 0.0134396 0.0606662 0.0847003 8.00824e-05 0.00173782 0.045819 0.013142 0.00178156 0.402868 8.66981e-06 1.91045e-05 0.000545524 0.179857 0.0075933 0.0109952 0.00143258 9.69709e-06 0.00033174 0.0390985 
0.0640305 0.00273502 0.00238244 0.012565 0.00262877 0.000151194 0.00849917 0.0173622 0.00994065 0.175617 0.000128947 0.00562736 0.149149 0.0539942 0.00900089 0.270481 2.44161e-05 0.00218498 0.000659386 0.0844721 0.0282715 0.0595273 0.000539467 0.00121268 0.00565202 0.0331619 
0.0337337 0.000218743 0.00506558 0.190252 0.000467461 0.000122554 0.00818655 0.0189891 0.0149427 0.0672738 0.000304368 0.0208951 0.114883 0.0238225 0.00409487 0.209605 8.56723e-05 0.00249661 0.000871516 0.0680553 0.148553 0.0232113 0.000305104 0.000986325 0.012161 0.0304161 
0.0226962 9.99826e-08 1.6257e-07 0.0116699 1.37833e-05 1.17805e-08 0.0348499 0.000106635 0.0062902 0.0182512 0.0159945 0.0147817 0.095778 0.00147691 2.86422e-05 0.594759 3.62457e-08 4.55203e-08 3.29028e-06 0.0538883 0.0783666 0.00182676 0.000211637 1.15641e-05 0.00416973 0.0448251 
0.122432 0.00916236 0.0016884 0.0634603 0.00074677 0.000351373 0.00820545 0.000783594 0.00522325 0.0296474 0.000305019 0.000125021 0.0390597 0.0721638 0.000987097 0.444237 5.24586e-06 0.000251152 0.000215118 0.0569914 0.0149587 0.0278328 0.00563363 0.000273217 0.0213167 0.0739437 
0.016287 0.149262 7.52421e-08 0.0131227 1.71896e-07 7.75162e-08 6.16717e-07 2.5008e-08 0.0104864 0.0182517 2.50546e-05 1.27624e-10 0.00879742 0.00316388 0.0012585 0.537145 1.06987e-06 0.00275412 9.2704e-08 0.00443808 0.0047888 0.209359 0.00231423 3.61409e-05 0.000290524 0.0182165 
0.00313243 0.000513074 0.00317879 0.0937381 8.81619e-05 7.26866e-06 0.00233768 0.0328516 0.0078957 0.0476874 0.00299416 0.0848685 0.116445 0.0117541 0.00100195 0.256199 9.50348e-07 4.46096e-05 1.96883e-08 0.0539497 0.23465 0.00974608 0.00242641 7.6527e-05 0.00240168 0.0320107 
0.00204294 0.00158628 0.00172296 0.101773 4.54676e-05 3.68173e-06 0.00132635 0.00364155 0.0277162 0.0724107 0.00183735 0.1037 0.0723616 0.119591 0.0012369 0.23124 1.61064e-07 6.91141e-05 1.3731e-06 0.034583 0.165584 0.00753805 0.00149395 0.00748303 0.0095626 0.0314486 
6.17293e-05 0.00572014 0.000588825 0.0546948 0.000115063 8.25781e-06 0.0029345 0.000286972 0.000290255 0.0722394 4.0297e-08 0.187137 0.0745017 0.0210531 0.000377993 0.401172 1.10028e-07 1.63926e-05 2.2172e-05 0.00800662 0.140764 0.00777004 2.96994e-05 5.74829e-05 0.00286593 0.0192854 
0.154345 0.0155045 0.000168183 0.0341998 0.0429181 4.22446e-05 0.00672725 0.0253533 0.0106629 0.0504178 8.94427e-06 0.00419079 0.0681029 0.0260605 0.0050284 0.224387 6.17104e-05 0.175232 0.000661864 0.0492788 0.0584689 0.0148655 4.84229e-05 0.00138731 0.00729737 0.02458 
0.0121653 2.17768e-05 0.00123368 0.0420756 0.000104993 7.53891e-07 0.0031073 0.0648604 0.0218972 0.0795227 4.8821e-09 0.00755794 0.0732724 0.0736756 0.00121734 0.318 5.09672e-07 4.03816e-06 2.44514e-06 0.0170838 0.127186 0.0204198 0.000207554 0.000257828 0.00191947 0.134206 
0.111405 0.000161097 0.00398268 0.0420101 0.00253826 0.00778499 0.0205617 0.0139824 0.0196786 0.14867 0.000519505 0.0100263 0.114793 0.0287171 0.0123681 0.170651 8.66744e-05 0.000719111 0.00294333 0.0766401 0.0528932 0.048585 0.00123252 0.000378355 0.0187235 0.0899477 
0.0500986 3.97161e-06 0.00721094 0.0137675 2.39674e-05 2.11872e-05 0.00078165 0.0363142 0.00124388 0.0279452 0.000930057 0.000276038 0.0368067 0.00430155 5.64494e-05 0.67589 1.54436e-05 0.0389656 1.51846e-11 0.0825767 0.00719193 0.0144208 4.95568e-05 6.7859e-05 0.000267185 0.000772684 
0.0675818 9.70355e-05 0.00248153 0.00350264 0.000434049 2.96674e-05 0.0346335 0.0131151 0.0034343 0.0922988 0.000152829 0.0128341 0.0568136 0.0109515 0.0452118 0.424548 3.88527e-05 0.000322518 3.48732e-05 0.082603 0.0111758 0.0157689 3.68325e-05 0.000162422 0.00347776 0.118259 
0.0126711 1.5636e-05 0.00405826 0.00616556 4.0204e-08 6.06906e-08 0.0150904 8.25892e-05 0.000835155 0.127937 5.29768e-09 0.000525207 0.0175983 0.00554533 0.0475817 0.573163 1.50659e-08 3.53336e-05 2.832e-05 0.0672623 0.0245525 0.0013106 4.05314e-06 2.24157e-05 0.000293507 0.0952214 
0.194752 1.21542e-05 0.00820392 0.0158387 0.000315108 7.95315e-06 0.101451 0.00420864 0.000717923 0.0887215 7.75194e-07 0.000531574 0.0238227 0.0203719 0.00370012 0.224214 0.000434764 0.000921169 0.000138262 0.0519583 0.0773568 0.138698 0.000158633 0.000549173 0.0247502 0.018165 
0.00345198 0.000445614 4.15462e-08 0.0253765 7.10976e-05 4.89657e-07 0.125215 0.00563608 0.0041905 0.0139111 1.09638e-05 0.00445349 0.0627573 0.0157922 0.00383543 0.540824 1.71474e-05 3.93944e-05 0.0123518 0.0353045 0.109362 0.00326873 0.0144697 6.12158e-05 0.00905323 0.0101011 
0.133207 1.49936e-05 0.00612517 5.95962e-05 0.000318556 7.89884e-06 0.00027024 0.00113731 0.00125981 0.130864 0.000168954 0.00561594 0.0294516 0.000439687 0.000102418 0.636412 5.96693e-06 9.66066e-05 2.08634e-06 0.0121031 0.00475066 0.00526806 0.000944854 0.00670614 0.02222 0.00244705 
0.177529 4.96214e-06 0.000244086 0.00314437 0.000104864 5.28962e-05 0.00957816 0.0023602 0.00334095 0.100985 0.00139236 0.00338304 0.144243 0.0205179 0.0001022 0.340888 0.00019564 0.00396981 3.42456e-07 0.0575414 0.00777234 0.113276 2.75148e-05 5.97887e-05 0.00453906 0.00474621 
5.16755e-06 5.2715e-11 4.46543e-07 9.01224e-08 1.38617e-06 8.18889e-11 2.55747e-06 1.6079e-07 8.74753e-07 0.135334 3.46615e-11 5.94217e-08 1.18308e-06 2.25861e-06 2.22388e-11 0.711794 4.61189e-11 5.24036e-11 3.18768e-07 0.142079 0.010775 8.58982e-07 7.60964e-08 5.45799e-11 1.07227e-06 8.11879e-07 
0.0442016 0.000713341 0.0037126 0.0171158 0.00198567 2.37246e-05 0.00297677 0.0333731 0.00212156 0.195457 0.00313545 0.00336513 0.204249 0.00843469 0.000546535 0.298566 6.93894e-05 0.0230223 6.65769e-06 0.042425 0.0373848 0.0437143 8.6504e-05 8.61598e-05 0.00596412 0.0272627 
0.0114027 6.84579e-06 0.000278575 0.037661 8.14569e-05 2.55277e-09 0.000651756 0.000464161 0.00223626 0.0883886 2.60898e-11 0.01943 0.10017 0.0238394 2.00342e-05 0.531689 1.72644e-05 0.00864317 5.01897e-07 0.00535281 0.0896675 0.0190475 7.67363e-05 7.46105e-06 0.0115292 0.0493384 
0.0207995 8.77576e-06 0.000269564 0.00241152 2.68647e-07 3.34351e-08 0.0322621 0.000915572 0.0321487 0.0382066 2.21437e-07 0.0012966 0.122932 0.00497428 0.00485764 0.45599 4.05621e-08 0.00321634 5.23429e-07 0.0263075 0.0209304 0.00731174 2.30043e-07 8.26854e-06 0.0680112 0.15714 
0.000670523 2.15274e-05 1.34383e-05 0.138252 8.5117e-05 6.40981e-07 0.00162904 0.0137789 0.00213681 0.0134724 3.44751e-12 0.0965857 0.123604 0.00928315 0.00179541 0.409354 2.12729e-07 6.924e-06 6.6039e-12 0.0076891 0.163478 0.000685646 3.29688e-05 0.00015523 0.000239869 0.017029 
0.000554403 0.000978159 0.0498322 0.0154575 1.70884e-05 3.83527e-06 0.000439803 0.0121027 0.000409049 0.0266221 6.58037e-06 0.0275004 0.0293293 0.0327568 0.000498032 0.56957 4.24484e-09 1.8568e-05 4.90965e-08 0.0199641 0.179178 0.0130604 0.00240295 3.15397e-05 0.00564901 0.0136174 
0.0114506 1.91978e-06 0.000527136 0.00228092 0.0117369 1.12106e-05 0.00499191 0.00514103 0.000527189 0.204908 6.92911e-07 0.000364332 0.194502 0.00243647 0.00114643 0.338983 2.52339e-06 0.00282131 0.00285595 0.0373608 0.12194 0.00453871 5.17708e-06 0.0482836 0.000859905 0.00232207 
0.0425687 1.08898e-06 0.000271134 0.0150375 0.000380432 6.6656e-05 0.00850067 0.00327894 0.00768539 0.240092 0.00255153 0.00079833 0.103758 0.00777493 0.00117399 0.307854 6.4298e-05 0.0516536 4.37516e-06 0.0687401 0.0343396 0.0868287 0.000109441 0.00024695 0.00328042 0.0129386 
0.0472281 3.2695e-06 9.11939e-05 0.0919547 4.68131e-05 4.37609e-07 0.00140704 0.0018 0.0224257 0.00882653 5.91722e-05 0.0103452 0.0479371 0.00446946 0.00217179 0.482875 6.02361e-07 0.000127636 2.7571e-09 0.0245001 0.0833349 0.141432 3.68502e-05 7.21042e-06 0.00260868 0.0263106 
0.0613311 5.77827e-05 1.04686e-09 0.0105308 0.000289102 2.38071e-09 0.00577169 0.000165521 0.0594092 0.152655 1.0077e-09 1.85468e-06 0.156865 0.0668988 0.000327301 0.31823 3.57101e-07 4.04931e-05 1.9303e-09 0.0607211 0.0127529 0.000402298 1.79695e-05 1.58677e-09 0.0251946 0.0683375 
0.182513 3.34678e-12 0.000465465 3.43377e-08 3.34917e-05 1.34085e-08 0.00199884 0.0132293 0.000423774 0.200447 2.20059e-12 0.000242092 0.173524 0.000555279 0.000136963 0.298411 5.62594e-06 0.0484765 4.21536e-12 0.0451002 0.00685384 0.0261314 0.000116079 9.93134e-05 0.000916448 0.000320394 
0.00846976 0.00171868 0.000965392 0.0801693 0.000402492 9.90705e-05 0.0115215 0.0159911 0.0168726 0.123449 0.000685996 0.00226558 0.0978761 0.0243907 0.00661645 0.370478 5.10759e-05 0.00469129 9.65981e-06 0.0951939 0.105828 0.00590782 1.45105e-05 0.000424055 0.00131135 0.0245961 
0.0420411 3.3014e-05 0.000194546 0.119714 7.60229e-05 0.000150087 0.00868313 0.0110701 0.034387 0.0916288 9.58228e-05 0.0123624 0.0868055 0.00925626 0.00037608 0.453742 7.83377e-07 0.000226191 1.03186e-05 0.0474338 0.0436433 0.0127465 5.49022e-05 0.000254945 0.00216801 0.0228453 
0.00949381 3.72224e-06 2.83298e-05 0.0038311 4.32268e-07 1.5547e-06 0.0189046 0.125658 3.58093e-08 0.102778 1.22047e-05 8.23612e-11 0.00223891 8.98783e-07 1.16344e-06 0.551606 1.16035e-08 7.87738e-06 1.65742e-10 0.13075 2.64608e-07 0.0530639 2.20854e-11 1.36246e-10 0.000297436 0.0013207 
0.0220141 1.46615e-09 0.000837697 0.0129731 6.53946e-07 9.94098e-08 0.00557434 0.000255092 0.000302297 0.114891 9.64035e-10 1.90158e-06 0.0817145 0.00192002 0.000117638 0.559368 1.2827e-09 1.19633e-06 4.32156e-06 0.0167293 0.00151233 0.000908125 8.64804e-06 1.51802e-09 0.000148809 0.180717 
0.0150657 5.697e-07 0.000186496 0.0117608 8.55883e-05 1.25257e-06 0.0241368 0.0359082 0.00481946 0.270687 0.000641331 0.0206886 0.136066 0.0134139 0.000259359 0.320598 2.08268e-06 0.00056904 8.56132e-06 0.0274896 0.044986 0.0108522 2.39894e-06 0.000184478 0.00199772 0.0595892 
0.00867507 0.00155112 0.000188765 0.0100186 0.000194326 0.000713343 0.0170794 0.000127931 0.00958227 0.00925888 0.000607416 0.0156105 0.0593316 0.0355906 0.000326136 0.400353 1.36532e-06 1.92813e-05 1.90162e-05 0.0242552 0.206332 0.00507235 0.0334173 0.00047498 0.0103588 0.150842 
0.0184349 3.16385e-07 0.0127104 3.36677e-05 7.19941e-05 5.79566e-09 0.00273998 0.00261258 0.00589358 0.178987 6.25798e-10 2.11297e-07 0.0036412 0.000892005 4.01511e-10 0.519365 9.08622e-09 9.46125e-10 7.63651e-07 0.0847441 0.0384293 0.00214684 1.92177e-05 0.126667 0.000435068 0.00217493 
0.0182451 0.00130048 0.00139594 0.0592699 0.000596647 0.000354401 0.000380046 0.0258174 0.00177862 0.0943353 0.000786189 0.0776378 0.0582845 0.0288747 0.000535768 0.256676 0.000119364 0.0364953 4.30254e-05 0.147245 0.139462 0.00621404 0.0117319 0.00619801 0.0169475 0.00927477 
0.00728293 9.9928e-06 2.28997e-05 0.0160518 5.44032e-05 8.40952e-09 0.000974021 0.0118649 0.000298967 0.190026 0.000849988 0.0247697 0.272564 0.0363943 0.00138007 0.348724 1.37892e-05 7.33584e-05 5.00322e-10 0.0111334 0.0166223 0.0469333 3.17974e-06 6.85313e-06 0.00160578 0.0123402 
0.0415879 0.00134818 0.00520476 0.0327534 0.000748266 9.5805e-05 0.00717023 0.0255459 0.0230126 0.13573 0.00010905 0.0222024 0.144549 0.022864 0.0161691 0.213453 2.21482e-06 0.000161582 3.67195e-05 0.0477399 0.0244281 0.0116375 0.00128586 0.00717457 0.00731485 0.207675 
0.044531 0.000100138 0.000947707 0.0686445 0.000164131 2.75735e-05 0.00107273 0.00785268 0.00710344 0.0182608 7.73136e-07 0.011021 0.233487 0.0129678 0.00161764 0.40059 9.6747e-07 2.81755e-05 0.000245471 0.0514382 0.030973 0.00373181 0.00118745 3.58789e-05 0.0239399 0.0800297 
0.0531008 6.79072e-08 0.000209826 0.0536279 4.88981e-05 2.99862e-06 0.0322863 0.00197494 0.0468039 0.126218 5.58958e-06 0.000111664 0.0671663 0.0101318 0.00510603 0.353565 2.60498e-06 4.32426e-05 1.82856e-05 0.181161 0.0165023 0.00219478 4.13343e-06 9.91331e-08 0.0100637 0.0396491 
0.0125778 0.000156185 0.00042303 0.00615359 0.000460945 2.63667e-07 0.0104393 0.00474743 0.00224503 0.193886 0.000245131 0.0169624 0.039241 0.159018 0.0294394 0.223171 0.00314166 0.000126981 1.91583e-08 0.0167185 0.0231227 0.0283232 0.0186673 7.96225e-06 0.00118482 0.209541 
0.0119219 3.78022e-06 0.00368309 0.0173225 0.00503418 8.95758e-06 0.0137859 0.000427073 0.0215211 0.00741372 4.8615e-08 0.000735937 0.0818233 0.00501751 0.000813119 0.787266 4.6201e-06 3.27146e-07 9.31247e-08 0.0282545 0.00447514 0.000484748 8.17423e-06 1.52676e-06 0.00104087 0.00895212 
0.0095624 1.29659e-08 5.63225e-05 0.17461 9.88472e-05 3.687e-07 0.0358422 3.44652e-05 0.000205436 0.194901 1.26247e-10 0.00175985 0.140443 0.0239102 0.00264052 0.216515 5.36786e-05 1.46392e-07 0.000183212 0.006593 0.0327446 0.0952119 1.14537e-05 0.000136912 0.0066971 0.0577881 
0.0776493 1.73013e-05 0.0129449 0.0202865 0.0248272 1.49405e-05 0.00962168 0.00828673 0.0186692 0.0471812 8.30756e-11 0.000577322 0.283557 0.033645 0.00459281 0.305088 7.43978e-05 0.01302 2.31567e-05 0.0458601 0.0093845 0.0250223 0.000587287 0.00197989 0.0107869 0.0463024 
0.0982433 2.80685e-06 0.000113727 0.00185301 9.43709e-05 6.44684e-05 0.00852652 0.000423557 0.00190436 0.105792 0.000668905 0.000139232 0.13743 0.017864 0.000143643 0.393442 0.000180935 0.00672736 2.44313e-07 0.0284741 0.008084 0.186132 1.50726e-05 8.15084e-05 0.00176088 0.00183821 
0.0249675 2.64407e-05 5.99511e-05 0.00104134 0.00183311 0.00041385 0.242036 0.00113387 0.000371715 0.0205208 0.00151781 0.000135663 0.0173767 0.000739287 0.00207703 0.388048 1.17009e-06 0.000352396 4.75299e-09 0.194535 0.0140644 0.0164805 0.00578821 9.42104e-06 0.000251375 0.0662184 
0.0463052 0.0021248 0.0038813 0.0504932 0.00511028 0.000127249 0.0111734 0.0126874 0.0826783 0.104675 0.000832179 0.00360001 0.138057 0.0838324 0.0082028 0.198527 0.000158098 0.0019597 0.000562969 0.0655215 0.0735142 0.0103055 0.00528328 0.000608097 0.0133504 0.0764291 
0.0114595 1.93672e-08 0.000161442 0.203408 1.55484e-05 2.90644e-08 0.000828226 0.000734523 0.00441523 0.0218244 1.32463e-07 0.000139947 0.013804 0.0335226 0.00849857 0.398355 9.23771e-07 3.18985e-08 5.33893e-06 0.101469 0.00124186 0.00742961 2.33733e-05 4.32712e-05 0.0002816 0.192338 
0.0250822 0.000741993 0.000768084 0.0284509 0.00123452 7.29261e-06 0.00595385 0.00674042 0.00431569 0.0427258 0.00100414 0.00360384 0.0423709 0.0172792 0.00434918 0.526203 2.16057e-05 0.00103499 1.07591e-05 0.0459259 0.0289957 0.176928 0.00958938 0.000333407 0.00284381 0.023486 
0.00233488 1.05014e-05 7.44669e-05 0.0125822 2.61719e-05 1.74547e-09 8.56221e-05 0.00259118 0.00151127 0.0298482 9.02087e-12 0.00149237 0.0395872 0.00213314 0.000986985 0.675351 1.34193e-06 0.00010376 1.728e-11 0.00443443 0.214373 0.0088703 2.16791e-05 7.98817e-06 0.000162395 0.00340959 
0.0535878 4.30181e-05 0.000275921 0.035425 0.000110696 4.66351e-07 0.00258672 0.00252204 0.00684109 0.100899 2.34481e-10 0.014091 0.0825324 0.111333 0.00367575 0.303249 1.16232e-05 5.495e-05 1.02866e-06 0.0350005 0.172721 0.00923899 0.000159623 0.000705876 0.00359653 0.0613369 
0.13414 0.000208117 0.00255287 0.114656 7.4577e-05 2.36295e-06 0.000506722 0.00657703 0.00633994 0.155839 0.00108472 0.0028363 0.0232594 0.0403129 2.03484e-05 0.242161 1.60954e-08 2.72236e-05 1.13167e-06 0.0417778 0.0433041 0.130494 0.00179755 5.27014e-06 0.0177316 0.0342907 
0.0251797 0.00170295 0.002778 0.0472893 0.00177183 0.000347522 0.0303998 0.0083406 0.118098 0.0642413 0.00117576 0.00880674 0.15237 0.0595316 0.0147922 0.18218 0.000322036 0.00113125 0.000596828 0.0648184 0.0651099 0.0105276 0.00578089 0.000883386 0.0134092 0.118416 
0.0198376 7.24982e-06 0.00290896 0.0107235 0.00179984 1.73185e-06 0.00171678 0.125715 0.00631222 0.161953 1.66987e-07 0.0584166 0.100725 0.000721282 0.00439547 0.336986 1.35419e-07 8.77831e-05 1.82204e-10 0.0592059 0.0575505 0.0118165 4.69412e-05 5.57731e-06 0.000561189 0.0385043 
1.08444e-06 4.08549e-11 2.79072e-11 6.40732e-12 2.40869e-11 6.34652e-11 4.83636e-07 1.42641e-06 1.07099e-11 5.49509e-06 1.8831e-08 4.08878e-06 0.0951953 4.9462e-12 1.65391e-05 0.731135 3.22043e-08 3.87052e-06 5.14579e-11 2.37393e-06 3.75282e-06 0.173629 6.92542e-10 2.58074e-07 8.45315e-07 1.30226e-07 
0.0177867 0.000289318 0.00169139 0.0500209 0.000262624 0.000408105 0.0217443 0.0129356 0.0208759 0.112392 0.00042496 0.00227764 0.0702137 0.0312506 0.0053531 0.313706 0.000131955 0.000507244 3.4009e-06 0.0409497 0.043521 0.0103537 0.000553118 7.30856e-05 0.00519507 0.23708 
0.014833 1.28778e-10 4.59377e-05 0.0111748 2.79085e-05 1.23834e-05 0.00161475 1.8568e-05 0.000457254 0.0882677 1.27117e-07 2.1916e-06 0.110887 0.00141466 6.82999e-05 0.400148 1.67459e-05 4.89578e-08 1.622e-10 0.0145472 0.326863 0.00024763 2.51975e-05 1.24553e-05 1.48729e-05 0.0293005 
0.0159645 0.000617989 0.00173468 0.0104035 0.000785263 2.62545e-05 0.0149427 0.132614 0.00483439 0.230652 4.63588e-06 0.000289301 0.0151624 0.0916397 0.00323302 0.241726 6.32865e-07 5.64261e-05 1.35743e-07 0.0295928 0.0301923 0.00693035 6.3884e-06 0.000125275 0.00966116 0.158804 
0.0225677 1.41864e-05 0.000576826 0.0189396 0.0090547 0.000380061 0.0170687 0.00938646 0.112532 0.0946226 0.00143779 0.0145301 0.0402593 0.0215686 0.00815969 0.335314 2.82659e-05 0.000164605 0.000114187 0.0229706 0.0421941 0.0313444 6.89536e-05 0.000201222 0.00301932 0.193482 
0.0182818 2.86131e-10 0.0016592 0.0402046 5.93869e-05 4.71213e-06 0.000174276 8.84068e-06 2.186e-07 0.0181543 1.88138e-10 0.00965183 0.308822 0.00585174 2.76935e-07 0.391292 1.31149e-05 4.21362e-08 4.90139e-07 0.0851655 0.00143753 0.00567065 1.55494e-07 2.96253e-10 2.60022e-06 0.113546 
0.00291534 0.00127549 0.00172425 0.0790261 3.21412e-05 1.95742e-05 0.000202925 0.00371653 0.00207614 0.024451 0.00104883 0.1632 0.080225 0.0461548 0.00142306 0.327368 3.34665e-08 0.000739927 2.76204e-06 0.0686142 0.164726 0.00518749 0.0020606 0.00666755 0.0116338 0.00550828 
0.000156993 3.63087e-11 4.13934e-05 0.0905307 2.23431e-07 7.38522e-08 0.0260687 1.59495e-06 0.000275393 0.00451744 2.38739e-11 0.0649926 0.239276 0.00553488 0.00389596 0.427408 3.17655e-11 3.60942e-11 4.57318e-11 0.0140568 0.0364023 0.000503162 7.60825e-09 5.55641e-05 0.0307804 0.0555016 
0.0294146 0.0127783 0.00111689 0.0239313 0.000370129 1.34465e-05 0.017542 0.0198602 0.0148592 0.0710218 2.59941e-05 0.00283242 0.189279 0.064746 0.00929409 0.362607 7.00247e-06 0.00117888 6.76709e-05 0.0590955 0.0234743 0.0403378 0.00435678 0.00019961 0.00938779 0.0422028 
0.199155 0.0015976 0.000137121 0.0045453 0.00165012 0.000159521 0.0101821 0.00104833 0.000382397 0.0564016 0.000569573 0.0131918 0.0409386 0.00665032 0.00113644 0.468585 0.000523287 2.19193e-05 2.32261e-09 0.0695762 0.00747945 0.0046227 2.30414e-05 0.00025297 0.0360128 0.0751575 
0.00926673 1.98965e-05 0.000136051 0.0758991 0.000256291 4.32816e-07 0.00725489 0.0247326 0.0733906 0.130311 0.000719116 0.0132527 0.179034 0.0309613 0.00109322 0.30012 2.5372e-06 7.56274e-05 3.45992e-07 0.0272544 0.0566711 0.00309726 1.36433e-05 0.000127571 0.00302668 0.0632824 
0.0500986 3.97161e-06 0.00721094 0.0137675 2.39674e-05 2.11872e-05 0.00078165 0.0363142 0.00124388 0.0279452 0.000930057 0.000276038 0.0368067 0.00430155 5.64494e-05 0.67589 1.54436e-05 0.0389656 1.51846e-11 0.0825767 0.00719193 0.0144208 4.95568e-05 6.7859e-05 0.000267185 0.000772684 
0.0516327 5.94423e-06 0.0108158 0.017103 3.5924e-05 3.17338e-05 0.000535996 0.0544709 0.00104499 0.0244178 0.00139468 1.86432e-05 0.0251517 0.00405137 8.46461e-05 0.605858 2.3128e-05 0.0584457 8.91991e-12 0.118742 0.00391327 0.0216308 7.4314e-05 0.000101729 0.000400699 1.50529e-05 
0.0135735 0.000586976 0.00173395 0.0269691 0.000559423 2.03462e-07 0.0047699 0.00450902 0.0545006 0.0697383 7.27587e-08 0.00103998 0.231765 0.108431 0.00237946 0.298871 8.78302e-06 0.00200219 5.98336e-05 0.0616084 0.0336626 0.0029099 0.0148397 0.000200228 0.00492487 0.0603569 
0.0423383 4.39638e-06 6.36927e-06 0.00186967 0.00240873 1.3935e-08 0.00576111 4.10872e-05 0.000273699 0.249884 6.69754e-10 6.6286e-05 0.00722343 0.00307933 0.000311442 0.454361 7.54853e-06 2.08042e-05 7.43639e-08 0.015522 0.00865048 0.177526 2.46159e-05 1.13392e-05 0.00455854 0.0260498 
0.0397562 3.47062e-08 5.38602e-05 0.0774334 7.29303e-05 8.10725e-07 0.00031024 0.0727316 0.00165959 0.12465 1.73842e-11 0.000418355 0.0305423 0.0233239 0.00584211 0.274436 4.03035e-05 1.83619e-05 0.0101928 0.204465 0.0892721 0.0399067 1.93093e-05 0.000313933 0.00133816 0.00320238 
0.0467999 9.1291e-06 0.000409448 0.203593 0.000517717 6.37491e-06 0.000916687 0.0175347 0.0158367 0.145797 2.99819e-06 0.00211024 0.0863871 0.0317609 0.000902249 0.280801 0.000224891 0.0102684 0.00428598 0.0277367 0.0410221 0.0518148 0.000124051 0.000363384 0.00750322 0.0232714 
0.0191845 0.00489513 0.000936912 0.0168282 8.40306e-05 1.50984e-05 0.0381316 0.0102042 0.0646054 0.0376662 6.29495e-05 0.00192314 0.121605 0.1688 0.00763759 0.349203 9.02899e-05 1.11145e-05 5.83768e-05 0.0903101 0.0239646 0.00961428 3.25406e-05 3.02861e-05 0.00784933 0.026256 
0.0806083 0.00425194 0.000665951 0.00478228 0.000756499 0.00102892 0.088255 0.000470718 0.000994832 0.013979 5.19974e-05 0.000998154 0.0327517 0.141917 0.0017454 0.335742 5.42149e-08 4.18881e-06 9.41858e-07 0.0474554 0.00684562 0.0147385 3.30604e-05 1.12183e-05 0.0309858 0.190925 
0.0594711 0.000153318 0.000703688 0.0150452 0.000685494 0.000559409 0.0333059 0.0113529 0.00984297 0.0660858 0.00085354 0.01822 0.0680594 0.0139443 0.00949493 0.437764 3.29328e-05 0.00149823 0.000360687 0.0512622 0.116 0.0191738 0.000937864 0.000502617 0.00948825 0.0552014 
0.0838719 0.00220945 0.00305467 0.0244742 1.21632e-05 8.5385e-07 0.00658655 0.0111625 0.0088443 0.219687 2.48091e-07 0.00359879 0.074066 0.0384264 0.00155658 0.242445 1.98624e-06 5.96132e-05 4.44351e-06 0.0646619 0.0794999 0.056627 0.000203606 0.0123113 0.0062127 0.060421 
0.00145868 0.000935255 3.0738e-08 0.000397698 3.94498e-05 7.13728e-07 0.0798061 0.000118025 0.00130991 0.00480461 2.29919e-05 0.00715779 0.0451702 0.00189738 0.000639945 0.640693 9.59922e-07 7.36327e-06 7.38494e-05 0.00188616 0.170165 0.00338891 0.0293477 1.26351e-08 0.000922217 0.0097563 
0.0262302 4.53088e-05 0.000376058 0.0435924 0.000307747 3.0642e-06 0.0104949 0.0213671 0.00155041 0.019633 6.7281e-05 0.00844192 0.0194589 0.00379257 0.000570531 0.558367 1.20598e-05 0.000107153 2.60429e-07 0.0450011 0.0393713 0.189486 0.00690283 4.02927e-06 0.000910067 0.00390645 
0.0194866 1.10124e-05 3.9451e-05 0.0536957 0.000524356 1.09234e-05 0.00279556 0.017014 0.0307134 0.0514633 0.000155159 0.00210067 0.186708 0.0633162 0.0732651 0.269814 5.68114e-05 0.0327088 0.000417678 0.132172 0.0123611 0.0278113 0.00286297 0.000757681 0.0037665 0.0159721 
0.0121947 2.18789e-05 0.000204726 0.0276795 0.000310801 2.40728e-05 0.0433558 0.0440214 0.0124527 0.0866575 5.95628e-06 0.00243765 0.0582752 0.0630306 0.0378026 0.245764 2.71979e-06 1.21989e-05 3.03029e-06 0.121753 0.0367371 0.020238 1.13952e-05 0.0620309 0.00487503 0.120097 
0.0274096 4.18719e-06 0.000446489 5.60253e-05 2.47438e-09 1.25877e-10 0.000145876 0.000225742 5.18379e-05 0.367504 1.60749e-12 0.00312874 0.0912497 0.000613371 2.83094e-06 0.462337 5.537e-07 0.000294174 3.07923e-12 0.00820776 0.016249 0.019844 5.52435e-06 7.10418e-05 0.00189501 0.000257564 
0.0219968 0.0161062 0.00020858 0.00660094 0.000720754 1.11985e-06 0.0031349 0.00947045 0.0065398 0.137204 3.10136e-05 0.00443232 0.0440442 0.185182 0.00137386 0.339068 1.78323e-06 0.000895578 7.19832e-07 0.093274 0.0284546 0.0247596 0.0165413 2.49542e-05 0.00671262 0.0532204 
0.0768191 4.42955e-05 0.000171219 0.0212014 0.000132004 9.19838e-09 0.00120124 0.000608733 0.0221574 0.0639947 7.79318e-10 0.00575088 0.0678121 0.0334107 0.000661921 0.375638 0.00179486 0.00457072 0.000352536 0.0091286 0.0524486 0.0251262 0.000309178 7.80203e-05 0.179974 0.0566137 
0.00121412 6.29444e-06 0.00156102 0.22298 0.000898766 1.64174e-11 0.000723243 0.0174406 0.00366475 0.026718 3.01498e-09 3.90391e-07 0.00228564 0.0311031 0.000927775 0.567759 8.62687e-07 0.000756786 3.85467e-09 0.00560024 0.106966 0.00310064 6.52744e-06 0.000295173 2.81512e-05 0.00596252 
0.0198166 0.00763953 0.00331982 0.0265802 0.000352987 1.48824e-05 0.0272774 0.024405 0.00456363 0.137973 6.59496e-06 0.00224843 0.109459 0.0458831 0.00839678 0.300892 3.52171e-06 5.01948e-05 5.61358e-06 0.168271 0.0552831 0.0154018 2.1466e-05 0.000152 0.00190626 0.0400747 
0.000458899 1.5307e-05 0.000274663 0.000731617 9.72102e-06 6.64006e-08 0.0012085 2.09024e-05 0.012105 0.0675002 1.62835e-09 0.0142075 0.0551456 0.0382199 0.000959055 0.571843 3.73961e-08 2.60435e-07 4.30731e-06 0.00124936 0.0968687 0.00398401 4.919e-07 0.00013516 1.72833e-06 0.135056 
0.0198049 1.52669e-05 0.0026966 0.139004 0.000271924 2.50347e-06 0.00333955 0.0147574 0.0154057 0.0498115 0.00169403 0.026774 0.141822 0.016119 0.00295749 0.408305 5.31221e-06 8.58625e-05 2.68283e-07 0.041492 0.070483 0.0175881 0.000249501 0.00320828 0.00191474 0.0221921 
0.0225443 1.34102e-05 3.72055e-05 0.000246385 0.00028848 5.27356e-06 0.00152424 0.00140533 0.000559073 0.0587905 3.46036e-09 0.0143534 0.288846 0.0020174 0.000195722 0.336303 7.97766e-07 0.000169302 3.60672e-08 0.0232269 0.216571 0.0280567 6.06371e-06 6.25536e-05 0.00115245 0.00362513 
0.00693403 0.00010629 0.00162348 0.0990682 0.000463257 2.09401e-06 0.00178125 0.00317644 0.0015358 0.0875048 0.000464712 0.00106696 0.0172259 0.0168253 0.00112028 0.558178 1.60773e-05 0.000289534 3.45829e-08 0.0119523 0.0509433 0.111645 0.0163093 2.00573e-05 0.000559758 0.0111877 
0.0106028 0.000553306 0.000691042 0.00560379 0.000530047 2.32853e-05 0.0100585 0.0016477 0.00189383 0.0458082 0.000153314 0.0195849 0.112111 0.0178812 0.00382001 0.504055 5.27016e-06 0.000564819 6.7909e-07 0.0863086 0.0302443 0.0371699 0.0260218 5.93921e-05 0.0114779 0.0731293 
0.0500986 3.97161e-06 0.00721094 0.0137675 2.39674e-05 2.11872e-05 0.00078165 0.0363142 0.00124388 0.0279452 0.000930057 0.000276038 0.0368067 0.00430155 5.64494e-05 0.67589 1.54436e-05 0.0389656 1.51846e-11 0.0825767 0.00719193 0.0144208 4.95568e-05 6.7859e-05 0.000267185 0.000772684 
0.0618165 4.66991e-06 0.000593647 2.18166e-08 7.87258e-09 1.49964e-07 0.00151129 0.00176548 0.000156638 0.19876 2.58901e-13 0.000338246 0.0867617 0.0117049 4.71668e-05 0.513148 1.86091e-05 0.00100622 4.95939e-13 0.0445852 0.0166263 0.0573735 1.35631e-05 7.17508e-06 0.00358189 0.000179025 
0.0360453 0.00443623 0.000106051 0.0603263 0.000426462 9.49892e-08 0.00296767 0.00285892 0.00290603 0.0317098 0.00310317 0.00112642 0.0180131 0.0086299 0.00297508 0.472363 3.44423e-05 0.00674902 2.08129e-07 0.0604278 0.0313548 0.239761 7.14186e-05 0.000180789 0.00389503 0.00953188 
0.0120214 0.000358952 0.00133616 0.0341156 0.000318591 3.69913e-05 0.0110382 0.02423 0.00585951 0.0723063 0.000228093 0.0466613 0.211254 0.0262587 0.00353901 0.401382 1.488e-05 0.00616449 5.80253e-05 0.0341905 0.0710282 0.0209884 0.000885785 0.000361334 0.00403219 0.0113319 
0.00848277 1.48891e-06 0.000179424 0.00322038 0.000512028 8.19927e-07 0.0405178 0.00749731 0.000693638 0.10308 1.94923e-08 0.0677278 0.123768 0.0079886 0.000133843 0.446086 1.42107e-05 0.00137631 2.71348e-06 0.0279741 0.133195 0.0128929 2.23277e-05 5.76686e-05 0.0032601 0.0113147 
0.0169677 0.000209134 0.000549333 0.274827 0.000228522 2.23188e-07 0.00270485 0.0223426 0.0201233 0.0808027 1.88476e-06 0.00541736 0.174314 0.034812 0.00127353 0.280439 1.41837e-05 5.50344e-05 0.000108203 0.0151184 0.0256819 0.00751571 3.05479e-05 0.000257859 0.000176711 0.0360285 
0.0316698 0.000241184 0.00359283 0.116027 0.000499893 0.000177816 0.0203279 0.0120139 0.0251898 0.130522 0.000822042 0.000906068 0.147673 0.10555 0.0105743 0.149576 0.00289547 7.52793e-05 0.00239847 0.0640878 0.0275177 0.00723769 0.000981723 0.000789727 0.00326349 0.135389 
0.0831894 3.34367e-05 0.000339518 0.0745633 0.000242616 6.90574e-11 0.0323794 0.00362389 0.0264541 0.246922 2.65642e-08 0.000283187 0.0466826 0.0446399 0.00131386 0.28638 0.00254478 1.29434e-05 1.33192e-07 0.0522548 0.015615 0.0493353 2.62419e-05 4.23629e-05 0.000787927 0.0323335 
0.00749141 5.6298e-05 0.00127656 0.0292972 9.30584e-05 0.133475 0.00769029 0.0149866 0.00457674 0.0221976 8.92399e-05 0.0677726 0.0589109 0.00959399 0.00165228 0.341807 6.87142e-06 3.34056e-05 7.86643e-06 0.129079 0.0946324 0.0321432 0.000143433 7.22899e-05 0.00372449 0.0391895 
0.0419708 1.37837e-05 0.000367378 0.113987 0.000906466 9.76264e-06 0.00926705 0.0623924 0.142664 0.085514 1.4605e-07 0.00257654 0.040328 0.00470665 0.00415523 0.310292 1.08929e-05 0.000372849 0.000473785 0.111959 0.0417861 0.0020698 5.36805e-05 0.00013727 0.000147446 0.0238381 
0.032385 0.0271382 0.00020673 0.00703973 0.00123126 2.81073e-06 0.00566993 0.00682763 0.00375086 0.255606 0.000878354 0.0491695 0.0624084 0.0291651 0.0316231 0.331266 6.44809e-05 0.00391006 1.27768e-05 0.0690229 0.0318881 0.0154277 5.56019e-05 0.000385443 0.00254553 0.0323189 
0.00113991 3.12621e-08 5.09901e-08 0.000167313 3.33159e-08 3.44226e-09 0.0925821 0.000183776 0.00151478 0.0127312 5.98731e-08 0.0238575 0.0751166 0.000393948 5.34653e-08 0.481751 1.93864e-09 1.41426e-08 2.88061e-05 0.000191734 0.299698 2.61879e-05 0.000204013 2.09476e-08 0.00274235 0.00767012 
0.0907749 0.000421239 0.000386461 0.00960723 0.000310271 0.00707176 0.0322417 0.0178515 0.00728173 0.187253 1.58422e-05 0.00470378 0.0843114 0.0629152 0.00753637 0.212132 4.2377e-05 0.000399922 1.56353e-05 0.117087 0.107185 0.0136342 0.000893139 0.000110645 0.00374741 0.0320712 
0.00145868 0.000935255 3.0738e-08 0.000397698 3.94498e-05 7.13728e-07 0.0798061 0.000118025 0.00130991 0.00480461 2.29919e-05 0.00715779 0.0451702 0.00189738 0.000639945 0.640693 9.59922e-07 7.36327e-06 7.38494e-05 0.00188616 0.170165 0.00338891 0.0293477 1.26351e-08 0.000922217 0.0097563 
0.00368406 2.6494e-06 2.53149e-05 0.0252398 0.000919702 4.941e-05 0.00904452 0.000457637 0.00586876 0.059742 2.25318e-09 0.00414152 0.142645 0.00236521 0.010166 0.356362 4.62273e-06 0.000237871 1.44439e-07 0.0501394 0.309082 0.00551317 7.77168e-05 8.37664e-05 0.000876042 0.0132716 
0.0693309 0.00140164 0.00180185 0.0294683 0.000983747 0.000374453 0.0145738 0.0410134 0.0116416 0.0771775 0.00196742 0.00679412 0.138641 0.0302527 0.00825966 0.334583 0.000846441 0.00128332 0.00219115 0.11561 0.0227347 0.0160942 0.00430336 0.000220361 0.00768517 0.0607664 
0.0275421 0.00144679 0.001767 0.0353098 0.00251275 3.72764e-05 0.00358289 0.0129798 0.00543743 0.0808446 6.78845e-05 0.00481585 0.109165 0.094938 0.00183604 0.326483 4.74055e-05 0.000544079 0.00780846 0.0534962 0.156189 0.0116729 0.00466262 2.11945e-05 0.0134515 0.0433406 
0.0895372 2.48788e-07 0.000632318 0.0136584 0.00126461 4.99872e-05 0.0469484 0.000321052 0.120035 0.080244 2.2085e-06 0.00803998 0.0375358 0.0551678 0.129455 0.216556 1.58211e-07 1.25847e-06 6.27693e-06 0.025602 0.00306436 0.000232491 3.63838e-06 0.00154897 0.000651972 0.169441 
0.0418376 0.000203643 0.000798477 0.157347 0.00052773 7.01426e-06 0.00481671 0.0195799 0.0313683 0.16706 0.00432176 0.000306844 0.0463804 0.0958739 0.0214648 0.185786 5.38544e-05 0.000148193 0.000109494 0.0434679 0.0424939 0.021251 0.0011228 0.0120018 0.0423225 0.0593489 
0.00192225 5.35873e-09 1.15256e-06 2.32711e-07 0.000206036 8.3244e-09 0.000257332 0.000144583 0.000248136 0.231029 3.52351e-09 1.39338e-05 0.0134721 5.81223e-06 3.15262e-07 0.682024 1.29552e-07 0.000517341 8.26794e-07 0.0542265 0.0030252 0.00168472 2.02766e-07 4.98809e-07 0.000228768 0.0109903 
0.0499474 6.03457e-06 0.00614666 0.0151112 6.09299e-05 1.34261e-05 0.000917006 0.0186032 0.00184779 0.0975559 0.000387555 1.46137e-05 0.0971778 0.00952875 9.19341e-05 0.513263 3.79776e-05 0.0322673 7.35017e-12 0.0625768 0.0582057 0.0349095 4.03825e-05 0.000143704 0.00106639 7.93059e-05 
0.125514 0.000207071 0.000643423 0.0497833 0.0415939 3.54735e-05 0.00706638 0.0102206 0.000355083 0.0152979 1.7353e-05 0.00319857 0.02241 0.025449 0.000590385 0.394773 5.24229e-07 0.00074114 2.82401e-07 0.085254 0.082887 0.00918585 0.00312259 0.0415059 0.0292686 0.0508789 
0.0173647 9.58511e-08 0.010598 0.05308 0.000333728 3.6796e-06 0.0215803 0.000333755 0.0140074 0.16894 1.02358e-09 0.0224189 0.0502678 0.00381858 0.000373561 0.460311 1.38057e-06 6.08064e-06 1.96073e-09 0.0643765 0.0526469 0.00748727 2.92058e-05 2.36637e-05 0.018544 0.0334538 
0.0143801 0.0017574 0.000286399 0.0362946 5.53547e-05 2.48155e-06 0.0264176 0.0204897 0.008554 0.0118637 1.39365e-10 0.0103463 0.0261229 0.228475 0.00475056 0.354909 1.05141e-06 1.96326e-08 2.84159e-07 0.214783 0.0309217 0.00428225 9.15549e-06 8.22199e-05 4.26513e-05 0.00517272 
0.0236139 3.70777e-07 5.06474e-07 0.00518827 5.7511e-11 1.51533e-10 2.10333e-11 6.56093e-07 0.0100073 0.0839283 7.18428e-07 1.71012e-07 7.0962e-06 0.00200269 4.1152e-11 0.679263 8.53414e-11 9.6971e-11 2.56797e-06 0.078403 1.40472e-06 3.14127e-11 1.63717e-11 1.00998e-10 2.39923e-06 0.117577 
0.00522946 0.00236731 0.000654857 0.0415773 0.000166854 6.80518e-08 0.00268313 0.00882833 0.00112317 0.0110615 1.46629e-05 0.157009 0.0231068 0.0204326 0.0040205 0.528985 5.20589e-06 6.34474e-05 8.06584e-06 0.0541319 0.030326 0.00365428 1.86407e-05 2.04146e-05 0.0339009 0.0706103 
0.0225443 1.34102e-05 3.72055e-05 0.000246385 0.00028848 5.27356e-06 0.00152424 0.00140533 0.000559073 0.0587905 3.46036e-09 0.0143534 0.288846 0.0020174 0.000195722 0.336303 7.97766e-07 0.000169302 3.60672e-08 0.0232269 0.216571 0.0280567 6.06371e-06 6.25536e-05 0.00115245 0.00362513 
0.0115923 0.00108821 0.00468617 0.0780106 0.000204688 7.23034e-06 0.000544307 0.0172989 0.02794 0.110731 0.00155206 0.0286474 0.157316 0.0618568 0.00442842 0.316357 3.37659e-05 0.000859696 1.8939e-05 0.0294282 0.0924532 0.0151536 0.00294851 0.000467423 0.0142512 0.0221242 
0.00233488 1.05014e-05 7.44669e-05 0.0125822 2.61719e-05 1.74547e-09 8.56221e-05 0.00259118 0.00151127 0.0298482 9.02087e-12 0.00149237 0.0395872 0.00213314 0.000986985 0.675351 1.34193e-06 0.00010376 1.728e-11 0.00443443 0.214373 0.0088703 2.16791e-05 7.98817e-06 0.000162395 0.00340959 
