0.0259743 1.86552e-05 0.0124999 0.133205 9.48086e-06 5.34676e-08 0.00195961 0.116014 0.00245065 0.12185 7.95387e-11 0.00018433 0.0592185 0.00439485 0.0459349 0.0437954 2.93962e-05 5.437e-06 1.03324e-07 0.411133 0.00373575 0.0152891 4.56841e-06 0.000170896 0.00168018 0.000442044 
0.00762445 0.000210295 0.0118043 5.97547e-06 1.75624e-05 4.41462e-07 0.000929242 0.433629 7.86818e-06 0.0186069 1.28395e-07 0.00100336 0.0375328 0.000303963 6.89102e-09 0.0113724 1.16766e-05 0.00256297 1.55974e-07 0.471272 0.000418697 0.00150506 0.000145146 1.50254e-05 0.000828486 0.000191725 
0.0270219 0.00125652 2.87474e-10 0.00896215 0.000968899 6.53759e-10 0.025848 0.000390558 4.48195e-05 0.067654 2.7672e-10 0.000719663 0.0135811 0.0157918 0.00694626 0.0663821 6.02153e-06 4.18364e-10 2.57939e-08 0.709899 9.01721e-05 0.0190571 6.67761e-08 4.35738e-10 0.00430989 0.0310699 
0.0897782 0.000114709 0.0102767 0.0369943 0.00150367 4.88281e-05 0.235528 0.0639626 0.0146134 0.0751036 0.00091031 0.00368456 0.0700634 0.0200237 0.00447542 0.0795434 6.856e-07 5.59118e-05 1.35283e-07 0.246095 0.017629 0.00594445 5.33919e-05 0.00192016 0.00724422 0.0144326 
0.00497949 3.98141e-08 1.66484e-07 0.00116712 0.000143127 1.2799e-08 0.299619 0.00198474 0.000850625 0.0216748 0.149719 0.000104554 0.00586786 0.000145175 6.32479e-05 0.0119034 5.46779e-09 5.68201e-07 1.70083e-08 0.492026 0.00324427 0.000469971 2.27096e-05 0.00087382 0.000769273 0.00437077 
0.0213457 0.00176697 0.0132296 0.00193133 8.51423e-05 1.1793e-05 0.00753272 0.118096 0.000367254 0.0335836 0.137307 0.00104211 0.00426616 0.00425109 4.60671e-05 0.0294033 7.94716e-06 0.000332519 9.82836e-06 0.431934 0.00450499 0.00890521 0.000176436 0.176673 0.000370705 0.00281912 
0.00324597 7.18577e-07 0.000101809 0.00174623 7.85562e-06 4.6478e-05 0.00925378 0.099483 0.000263934 0.00998733 0.000207985 0.0381632 0.0309845 0.000413423 0.00106094 0.0218611 2.13433e-06 6.43024e-06 2.64843e-06 0.763003 0.0133419 0.00181144 9.19941e-06 8.25317e-07 0.000775478 0.00421914 
0.00763399 8.51907e-05 0.00836275 0.00549056 0.00139881 0.000103765 0.00414128 0.0768498 0.0158203 0.0672452 0.000244632 0.0059487 0.0991547 0.0193659 0.0317099 0.0452797 3.73475e-05 9.48032e-06 1.49816e-05 0.538604 0.0137701 0.0253506 9.12629e-05 3.11653e-05 0.0239802 0.00927568 
0.0451068 0.000503094 0.0124003 0.0150329 0.00728748 0.000631564 0.0546019 0.0505658 0.00355737 0.0515096 0.0016503 0.00252144 0.0584448 0.0204681 0.00952286 0.032109 8.30549e-06 0.00151749 0.00021597 0.54283 0.00739904 0.0259977 0.000490595 0.000327406 0.0138671 0.0414333 
0.0204163 1.30641e-05 0.0358464 0.00545416 0.000386003 7.26663e-06 0.0095462 0.0627949 0.000700438 0.0498208 0.363787 0.0052169 0.0146316 0.00293227 0.000160555 0.0254295 2.82383e-05 0.00997584 4.80389e-05 0.369651 0.0056272 0.0105111 0.000580637 0.00337398 0.00226585 0.000794872 
0.0183495 3.22152e-05 0.00638486 0.00645575 0.00120065 1.68396e-05 0.0289013 0.0533133 0.00594858 0.0117912 0.107926 0.000938246 0.0526053 0.00814378 0.000176207 0.0256918 3.02918e-09 9.35316e-06 4.76334e-06 0.615007 0.00231063 0.00438035 1.34304e-06 1.39126e-06 0.0267175 0.023692 
0.0421648 0.0013823 0.00240895 0.00323555 0.00298769 0.000489096 0.0761994 0.0123819 0.000640073 0.0604531 0.000341218 0.00113442 0.0245199 0.0111635 0.013724 0.0710519 3.53572e-05 3.6262e-05 7.97872e-05 0.633123 0.00626261 0.00426631 5.19526e-05 0.00100334 0.00537412 0.0254893 
0.0564618 0.00109641 0.00256046 0.0169275 0.00131496 0.0869652 0.0462555 0.0854203 0.00647988 0.0426043 0.0014942 0.00295894 0.0686412 0.0390222 0.00414231 0.042635 7.15741e-05 0.000581157 8.77826e-05 0.441254 0.0101076 0.00524353 5.01875e-05 0.0126034 0.00452692 0.0204942 
0.0387591 9.51411e-09 6.49889e-09 0.0143795 0.00617609 8.51512e-05 0.217524 0.0606446 0.00172121 0.0524664 0.00564378 3.53258e-05 0.00408177 0.00186909 0.00845583 0.0503516 8.42438e-08 9.1788e-07 1.19833e-08 0.505303 0.0103255 0.00773819 1.25699e-05 5.29326e-05 0.00682005 0.00755342 
0.148075 0.00922895 0.00459639 0.0083586 0.00193414 0.0045357 0.0200553 0.0186908 0.00565399 0.0601084 0.00865785 0.0129583 0.0769015 0.0292218 0.0200834 0.021885 0.00011918 0.0153507 0.00458752 0.429173 0.00641766 0.00856712 8.52395e-05 0.000509474 0.0113202 0.0729248 
0.000869073 6.1561e-08 7.27848e-06 0.0154906 0.000169773 6.05573e-05 0.00290579 0.0529919 0.000571851 0.0172541 8.069e-09 4.78632e-08 0.0204716 0.000709107 1.03643e-08 0.00298552 4.98612e-11 5.66559e-11 2.26661e-08 0.869573 0.00108633 5.65476e-08 1.17686e-06 4.74106e-08 0.000192218 0.0146598 
0.0049239 1.22575e-08 1.72867e-06 0.000272267 6.07331e-05 6.09991e-09 0.00103384 0.000178519 0.000118545 0.00831537 5.53142e-08 3.00113e-06 0.00066892 0.00145735 0.000494385 0.00983759 1.5598e-07 3.1275e-12 4.48493e-07 0.963398 0.00215349 0.00419793 6.92728e-06 3.0905e-07 0.000325381 0.00255148 
0.0150757 3.40184e-06 2.52933e-08 0.135525 0.000531711 3.82376e-06 0.0004214 0.0470706 0.0233748 0.0141069 2.4347e-08 2.31756e-08 0.202724 0.0105875 0.141735 0.0200863 5.17633e-07 3.68095e-08 4.66381e-08 0.382328 0.00200963 0.000321524 1.9083e-07 1.17724e-06 0.00278341 0.0013085 
0.0879752 8.14843e-06 0.000415978 0.0102421 0.00836754 0.00515727 0.0179298 0.142535 0.00174416 0.202152 2.73311e-07 0.0347604 0.201551 0.0167602 0.000396204 0.00641849 0.000221549 0.00256466 3.86033e-07 0.239112 0.002219 0.00570772 8.44776e-05 5.16574e-05 0.00715873 0.00646564 
0.0159043 1.69947e-11 0.196611 0.0011525 5.14769e-08 2.64e-11 0.000961904 1.32975e-08 0.00166329 0.00596023 0.00301392 1.06368e-11 3.30563e-08 0.00148305 7.1695e-12 0.000187175 1.26665e-08 1.68943e-11 2.14052e-11 0.772028 8.98327e-05 0.000287123 1.74111e-05 0.000374503 0.000264778 5.11847e-08 
0.0342814 7.69067e-09 4.19648e-05 3.03496e-05 0.000102781 1.36042e-07 0.00333676 0.00192092 0.000439163 0.0196708 3.10129e-08 0.000126698 0.00378074 0.000551518 0.00376992 0.0368013 1.41513e-09 9.92652e-08 2.35098e-05 0.826994 0.00485501 8.95294e-05 1.55346e-05 2.60407e-08 0.0591253 0.00404208 
0.0420837 0.000459862 0.00279712 0.00665965 0.000796348 0.0720348 0.0611165 0.0840623 0.0026045 0.0272395 0.00132585 0.000763537 0.0430727 0.00670991 0.00515428 0.0346499 1.53215e-05 0.000110792 0.000443856 0.561298 0.0183883 0.00771234 0.00208587 0.000170824 0.00429068 0.0139533 
0.0549359 1.39259e-05 0.00100881 0.000492505 2.94645e-06 5.13919e-06 0.00608584 0.0490819 2.48896e-05 0.0115276 1.05254e-06 5.28774e-08 0.00625815 0.00894282 0.00571914 0.00466517 3.7703e-08 9.0698e-07 6.95968e-05 0.815434 0.0163322 2.78977e-05 1.23388e-05 8.07098e-08 0.0135219 0.00583506 
0.00489346 1.13474e-07 1.06624e-10 0.059349 9.20277e-11 0.0404804 6.23182e-08 0.0096157 0.00212683 6.18178e-05 1.02635e-10 8.47458e-07 0.00792129 0.00173337 0.00552345 0.0264053 1.36561e-10 2.28875e-07 2.62216e-07 0.602441 0.000166727 0.238826 1.24616e-08 3.99885e-07 9.20948e-08 0.000453693 
0.0501758 0.000248782 0.00021589 0.00471045 7.16885e-05 0.000474463 0.0131581 0.000364577 0.00276365 0.00614928 1.85927e-10 0.00101736 0.0436595 0.00929043 0.0216913 0.0583958 3.595e-06 6.64414e-06 2.30134e-05 0.715403 0.0386736 0.00455499 5.64977e-05 1.5772e-05 0.00583574 0.0230404 
0.0732075 3.41052e-05 0.000357372 0.16186 0.0116446 5.92901e-05 0.00745311 0.0472152 0.102649 0.0664337 1.5182e-07 2.71639e-08 0.0426011 0.0434581 0.0282554 0.117185 7.62849e-06 0.00262728 4.07893e-05 0.242263 0.0275545 0.00147447 2.04404e-05 2.15682e-05 0.00387506 0.0197016 
0.326606 7.75562e-06 0.000630184 0.0788013 0.000336202 4.92311e-07 0.00267623 0.00552876 0.00263529 0.0585729 0.0125927 0.000326395 0.0670852 0.0136149 0.00173269 0.0429909 0.000807038 0.00131021 8.48612e-05 0.331852 0.0373003 0.00365736 0.000233856 0.00126001 0.00795895 0.0013984 
0.121492 8.48227e-05 2.61759e-05 0.00137389 2.96704e-05 8.44567e-08 0.0196043 0.0521779 2.95163e-05 0.0291966 0.000611327 0.00109702 0.00468158 0.00237444 0.00203917 0.187575 3.61217e-06 0.00206856 0.00166484 0.468101 0.00460742 0.092881 0.000113124 7.02301e-06 0.0015295 0.00663081 
0.0836164 2.49816e-05 0.00927783 0.0364817 0.0046189 0.000344281 0.0870182 0.087128 0.0072244 0.0914628 0.0201198 0.00167007 0.067462 0.0106815 0.0246919 0.0459896 2.29635e-05 0.00107855 0.00174736 0.3756 0.00879644 0.00792955 0.000134785 0.0074413 0.0105713 0.0088655 
0.117079 9.74548e-11 1.48474e-08 0.00420585 2.82603e-08 8.93234e-08 0.179349 0.0538884 0.000420374 0.0903002 6.4079e-11 6.09959e-11 0.199837 0.00786689 4.1827e-07 0.058412 8.52605e-11 0.000266031 6.82581e-08 0.218487 0.00105258 0.0328506 1.93382e-05 8.46162e-08 0.00166917 0.0342961 
0.0749767 1.37838e-06 4.02089e-05 0.0015577 5.99974e-06 7.70254e-05 0.0200055 0.00263745 0.00348897 0.230426 5.42941e-11 8.5907e-05 0.141649 0.00271621 0.0240798 0.138181 0.000332302 0.00058893 0.00174936 0.300172 0.0250902 0.00229256 8.74486e-06 0.000101008 0.00132179 0.0284143 
0.0159093 8.36626e-07 2.02552e-06 0.0700756 0.000130528 2.31414e-09 0.00556055 0.0102789 0.019519 0.0085338 1.04533e-06 9.60454e-05 0.00958188 0.0315269 0.103038 0.14873 5.64721e-08 7.35242e-08 1.06073e-05 0.545813 0.0185096 3.99085e-05 3.67054e-06 4.13862e-06 0.00373254 0.00890219 
0.0171289 0.000309736 8.56476e-05 0.00976848 0.000419101 9.6162e-05 0.106615 0.0410118 0.00198898 0.0284157 0.00486441 0.00374844 0.0169842 0.036015 0.00258447 0.0315195 2.36946e-06 2.00658e-05 8.64859e-05 0.3905 0.00491125 0.00230756 0.0079939 0.276016 0.00433212 0.0122741 
0.00955458 6.33995e-11 2.1445e-08 0.00373641 7.68096e-09 0.000642179 0.209717 9.9944e-08 0.00212525 0.0104947 0.262222 2.6786e-05 0.0303474 0.00501885 0.000549576 0.00412982 7.59491e-06 6.3025e-11 6.52967e-06 0.424453 0.0124938 0.00112659 6.47243e-06 6.56423e-11 0.00227813 0.0210638 
0.0127205 4.20831e-07 0.013077 0.00469345 5.3537e-05 0.000139221 0.00359161 9.15139e-06 0.000458529 0.016304 1.54168e-09 0.000769619 0.0089006 0.00251431 0.000153086 0.00183267 2.05128e-09 2.60244e-06 3.91598e-06 0.834454 0.00018543 8.59446e-05 3.93514e-10 0.000201454 0.026066 0.0737831 
0.00204675 3.70294e-09 4.73427e-08 0.00831334 6.40132e-07 5.75225e-09 0.0237769 0.0754071 0.00735295 1.3523e-06 2.43478e-09 2.31763e-09 0.000801489 1.4873e-06 0.000480817 0.185033 2.32822e-07 1.2068e-06 9.63179e-07 0.669965 0.000220667 7.48195e-05 6.2148e-10 0.0179959 9.70467e-05 0.00842905 
0.00105104 1.79224e-06 2.10542e-05 0.00107696 1.33639e-05 0.0481936 0.0734217 0.0379691 0.000173472 0.00259503 8.27049e-05 0.000536819 0.00793543 0.000477003 0.00613378 0.0262583 1.0639e-06 3.87291e-05 1.65717e-06 0.771983 0.00583998 0.000866597 1.62516e-06 7.49296e-08 0.000516589 0.0148098 
0.00177319 2.80204e-05 0.000424368 3.5446e-06 5.62745e-07 0.000998484 0.0807733 0.00128007 0.00205634 0.116439 1.37209e-06 4.02798e-06 0.0792792 0.000689689 3.03461e-06 0.152221 8.56153e-08 5.99624e-08 1.64499e-07 0.505512 0.0172836 0.00273528 9.31795e-08 9.67061e-07 0.000411339 0.0380815 
0.0789141 0.000177733 0.00617459 0.0217243 0.000630235 9.72084e-06 0.0670527 0.0299869 0.0029388 0.0322711 0.0169903 0.00389104 0.0186004 0.0108652 0.0027176 0.206425 1.20924e-05 0.00575424 0.00013036 0.327271 0.0130993 0.0105606 0.000688748 0.117261 0.00756469 0.0182878 
0.0159043 1.69947e-11 0.196611 0.0011525 5.14769e-08 2.64e-11 0.000961904 1.32975e-08 0.00166329 0.00596023 0.00301392 1.06368e-11 3.30563e-08 0.00148305 7.1695e-12 0.000187175 1.26665e-08 1.68943e-11 2.14052e-11 0.772028 8.98327e-05 0.000287123 1.74111e-05 0.000374503 0.000264778 5.11847e-08 
0.0159043 1.69947e-11 0.196611 0.0011525 5.14769e-08 2.64e-11 0.000961904 1.32975e-08 0.00166329 0.00596023 0.00301392 1.06368e-11 3.30563e-08 0.00148305 7.1695e-12 0.000187175 1.26665e-08 1.68943e-11 2.14052e-11 0.772028 8.98327e-05 0.000287123 1.74111e-05 0.000374503 0.000264778 5.11847e-08 
0.124861 0.000810625 8.47708e-05 0.0255473 0.0350926 3.68684e-06 0.00470779 7.93703e-05 0.0336202 0.0087116 7.7023e-05 0.00192576 0.0059404 0.0245447 0.000677436 0.0105395 3.63949e-05 0.000326174 0.0059403 0.652217 0.00904919 0.00694773 0.000126984 8.27972e-05 0.00217977 0.04587 
0.21187 1.46319e-05 0.00143416 0.01662 0.000180249 0.000534471 0.0378047 0.00961759 0.00820279 0.171558 0.027362 0.00389105 0.0354947 0.0125879 0.00383264 0.0998177 2.63907e-06 0.00117094 4.78913e-06 0.275644 0.0297926 0.0110853 3.44176e-05 0.00106089 0.0065816 0.0337998 
0.000376718 6.11161e-07 3.60943e-07 0.00868457 2.86547e-05 2.00696e-10 0.0154511 0.383205 0.000252974 1.95553e-05 1.10342e-08 0.000134853 0.000590135 0.00207435 0.00360249 0.0801827 3.34419e-07 1.04256e-08 1.62725e-10 0.489212 0.0135128 0.000734179 8.80913e-06 2.69742e-05 0.00183698 6.34955e-05 
0.0608816 0.00360131 0.0022856 0.0109246 0.00124929 0.00114152 0.0331154 0.0859713 0.0068023 0.0396971 0.00081151 0.00126184 0.0581844 0.0187746 0.00562983 0.0623231 0.00154415 0.000408182 0.00161889 0.540711 0.0197618 0.00683173 0.00254649 0.000428553 0.00796523 0.0255283 
0.0391924 5.74792e-06 0.0126243 0.0239858 6.94664e-05 4.53262e-06 0.0285843 0.170886 0.00516558 0.0599003 0.000174408 2.01006e-11 0.102066 0.0106293 0.000358074 0.0719286 5.47732e-07 1.71341e-08 0.00105897 0.248955 0.00711258 0.00163433 0.000276248 0.196339 0.00822707 0.0108222 
0.003326 5.97592e-08 1.66023e-06 0.000180783 0.000503303 6.10659e-07 0.00190725 0.000119253 8.00996e-05 0.00545627 1.66166e-07 2.53982e-06 0.000465819 0.00096009 0.00033078 0.00691777 3.00738e-07 1.14972e-09 6.728e-07 0.973203 0.00141864 0.00276509 5.07993e-06 7.13327e-07 0.000677962 0.00167636 
0.000462859 2.77203e-07 0.0199937 0.0040569 8.48508e-06 6.35762e-06 0.00232675 2.15028e-08 0.000701467 0.00956125 3.17978e-10 1.88281e-07 0.0025494 0.00201347 0.000232572 0.000174448 4.23086e-10 6.23984e-09 6.09104e-10 0.919636 0.000282977 1.50803e-05 8.11641e-11 5.00705e-10 5.46735e-05 0.0379232 
0.0688656 5.36628e-06 1.6904e-05 0.00231706 0.0190501 0.000207411 0.0138528 0.00610886 0.000497014 0.0546337 0.000315601 4.25482e-05 0.0183488 0.00564927 0.00204827 0.0583893 6.65878e-07 0.000230404 7.93018e-06 0.719273 0.0106666 0.00638308 5.13332e-05 1.81658e-06 0.00126818 0.0117683 
0.00128251 0.000280377 0.0131698 7.9657e-06 1.37226e-06 3.10896e-09 0.000640014 0.436566 3.35662e-06 0.00644244 1.65103e-07 0.0010732 0.0199025 0.000218418 3.24031e-12 0.00359524 2.7901e-07 8.7918e-06 2.06039e-07 0.514001 0.000182991 0.0013736 2.5251e-05 7.75567e-06 0.000960692 0.000255631 
0.00801351 6.8417e-06 0.000391221 0.0188787 0.00245232 9.84713e-07 0.0233952 0.0773985 0.0288 0.102629 1.02513e-09 6.86586e-07 0.029583 0.00187938 0.00113161 0.123854 9.264e-07 5.52249e-08 1.17011e-06 0.52609 0.000483027 8.27585e-06 1.45361e-06 0.00137014 4.2791e-07 0.0536298 
0.102854 0.0002529 0.00122323 0.0201931 0.000240546 0.0011757 0.0127355 0.0540439 0.00999685 0.158104 0.000924691 0.00256133 0.100783 0.0449671 0.000545703 0.142492 0.000105028 0.000121771 4.91858e-05 0.167916 0.0538671 0.0633096 0.00665876 0.000454164 0.0300431 0.0243822 
0.0942792 1.28468e-07 0.000567321 0.000124878 2.3599e-08 2.43192e-07 0.0214222 0.000762214 0.00164554 0.233102 0.00360008 7.9188e-05 0.0174824 0.015985 9.60166e-08 0.0478284 1.06404e-05 1.86623e-09 5.06532e-05 0.512531 0.00328797 0.021775 2.29942e-05 1.94373e-09 0.00964206 0.015801 
0.0406002 1.97388e-06 3.84397e-05 0.00013124 0.00317593 0.00111119 0.0253633 0.0923857 5.16576e-05 0.0326203 1.1354e-10 1.08077e-10 0.00599136 0.00454124 0.00083955 0.040371 1.07335e-07 0.0275175 2.17493e-10 0.680715 0.00100268 0.00125513 3.19246e-06 2.2051e-07 0.0168826 0.0254002 
0.0307875 3.65276e-05 0.000337152 0.0052659 0.0010928 0.000596642 0.0402419 0.055759 0.0133832 0.0511767 2.35589e-05 0.000583913 0.317754 0.0102286 0.000819481 0.0687177 0.000106502 0.00727454 0.00598906 0.344258 0.0184048 0.0176262 1.5522e-05 0.000165562 0.00044601 0.00890969 
0.0577172 6.95058e-08 3.9549e-08 0.000338998 0.000247364 2.54333e-07 0.0606333 0.0161283 8.08079e-05 0.0127716 6.37236e-08 6.05108e-06 0.00887701 0.000158792 0.000327222 0.0216079 7.16786e-08 5.08326e-07 1.72717e-10 0.800274 8.50757e-05 9.92166e-07 1.18425e-07 0.0123812 1.10045e-06 0.00836145 
0.0531932 1.48059e-05 7.8524e-06 0.0016348 5.35422e-05 7.16778e-07 0.023535 0.00100225 0.00163711 0.00665188 0.000571743 0.00208988 0.0515464 0.00494989 0.0175505 0.0856778 0.00292849 4.99846e-05 1.25021e-05 0.740781 0.00256915 0.000552087 1.36292e-05 0.000106141 0.00144495 0.00142481 
0.0584671 0.000178592 0.00756634 0.0156657 0.00230905 0.000930412 0.0440599 0.0623732 0.00662484 0.0741438 0.00132726 0.0016923 0.108891 0.0110207 0.00753289 0.0413986 2.08625e-05 0.00224862 0.000132399 0.480842 0.0228782 0.0116648 0.000141228 0.000251643 0.0121244 0.0255144 
0.110345 8.30454e-06 3.14872e-05 0.0055473 0.00147712 2.8183e-05 0.0149165 0.00587903 0.00130656 0.0680949 0.0100717 0.00185842 0.0256559 0.0901635 0.0137957 0.0385607 0.000536645 0.00130473 2.76132e-07 0.516241 0.0467764 0.0162673 0.000553734 0.0151196 0.00032607 0.0151337 
8.49239e-05 3.67764e-07 9.62142e-07 6.38883e-05 1.45784e-07 1.19019e-10 0.00707867 2.31676e-05 2.00848e-11 4.82295e-12 5.94497e-05 4.79539e-11 4.16886e-08 6.02054e-08 3.23223e-11 0.000246643 6.70303e-11 7.61647e-11 9.65015e-11 0.99244 2.71726e-08 9.6879e-07 4.80913e-09 7.3919e-09 2.23273e-11 3.14293e-07 
0.0344675 0.00521232 0.00227288 0.00584673 0.000447292 0.0443876 0.114202 0.0765263 0.00250157 0.0460611 0.00182809 0.00141042 0.03919 0.00804885 0.0056026 0.0585837 3.97811e-05 0.00147823 0.000366194 0.509379 0.0107379 0.00874457 0.00065551 0.00047661 0.00414307 0.0173898 
0.000823222 5.08556e-08 3.85554e-11 1.59693e-06 3.32774e-11 0.0139102 0.00402585 0.000637156 0.00524279 0.000563121 3.71131e-11 2.5966e-06 0.00154972 0.00840118 6.61989e-07 0.0421645 4.93808e-11 5.61101e-11 7.10921e-11 0.556695 0.00190072 0.00395056 5.84502e-07 5.84402e-11 6.1683e-07 0.36013 
0.00617447 1.09802e-10 1.70125e-07 0.00226213 0.000159109 9.05128e-06 0.0990827 0.0145696 0.00251024 0.00306617 0.00081859 0.0007891 0.00564217 0.00950815 0.00157303 0.0315304 9.60625e-11 7.35999e-05 7.41166e-08 0.801094 0.00205308 0.000699646 5.9125e-06 0.00267594 0.0127501 0.00295209 
0.150244 1.39463e-05 0.0384542 0.00555908 0.0025161 0.000189825 0.0207455 0.0652851 0.00182149 0.044726 2.03393e-06 1.47391e-05 0.115737 0.0116405 0.00177397 0.0416817 5.3165e-06 0.000222157 2.77369e-05 0.46394 0.00346563 0.00240093 3.45466e-05 0.000880932 0.0101937 0.0184241 
0.0220742 1.60239e-06 0.000194516 0.003241 0.000154063 4.00967e-05 0.00738399 0.0657057 0.00316502 0.0635916 0.000925854 0.000155163 0.0234978 0.0098244 0.00103238 0.0279453 9.22794e-05 1.63873e-05 4.4365e-07 0.737037 0.00277998 0.0131317 0.00825119 4.92106e-06 0.000560765 0.00919255 
0.163871 0.00209715 0.0087236 0.00642193 0.00222535 0.0002447 0.0375756 0.0462407 0.00723942 0.069117 0.00331194 0.00708547 0.0390785 0.0162351 0.00811174 0.0456491 1.42209e-05 0.000875423 0.000401985 0.446363 0.0110897 0.00764143 0.000864582 0.000630389 0.0102506 0.0586404 
0.0183086 0.00145619 0.00011917 0.0542425 0.000130095 0.000642436 0.0582246 0.00496405 0.00101454 0.135827 0.0124669 0.00230218 0.0208573 0.0527222 0.0191871 0.164867 0.000157483 4.46958e-08 3.74057e-06 0.37243 0.0273596 0.0018741 2.87976e-06 0.000190495 0.00191336 0.0487366 
0.067793 0.0139141 0.000181284 0.005751 0.00100796 7.34701e-05 0.00699956 0.00432797 0.00312761 0.0264225 5.83781e-08 3.90935e-06 0.131349 0.0548677 0.00442595 0.136252 9.1929e-11 0.000211003 1.1711e-07 0.314224 0.0109566 0.00999049 3.567e-08 1.08794e-10 0.0570319 0.151088 
0.00113525 0.00934709 1.77034e-06 0.00481483 0.000330608 0.00135082 0.0131879 1.11461e-07 0.00173199 0.00733801 2.62795e-10 1.48554e-06 0.0103473 1.16147e-07 0.0342747 0.0624871 2.54421e-08 4.18967e-07 0.00036157 0.444421 0.254575 0.126966 2.66694e-05 2.27215e-06 0.00183659 0.0254622 
0.000576868 3.15178e-10 2.15292e-10 0.00128455 2.31267e-05 0.000103586 0.0286849 0.0342004 0.000266222 0.00350098 1.24597e-05 2.5361e-06 0.0120512 4.02707e-05 0.0045759 0.0305572 2.27691e-08 8.46576e-05 5.13533e-08 0.874056 0.00886296 0.000396635 1.44635e-06 2.82454e-06 2.25789e-05 0.00069298 
0.0740298 1.2518e-07 0.0137322 0.0365578 7.85764e-06 1.68529e-08 0.00896015 0.000844924 0.0448718 0.0479365 7.13341e-09 0.000492254 0.0340857 0.0229297 0.128789 0.0832114 1.88108e-07 8.26063e-05 1.36644e-08 0.434383 0.0116737 1.119e-06 1.60873e-06 0.00321528 0.00067817 0.0535148 
0.033918 5.9514e-08 0.00153313 2.48748e-08 2.12279e-05 2.64859e-07 0.025102 0.0227975 1.498e-11 0.0722342 3.75738e-11 0.0298537 0.00547655 0.000707956 1.98179e-07 0.186288 3.06146e-08 1.34176e-06 7.19747e-11 0.594078 1.37911e-06 0.0273686 3.4539e-08 1.00537e-07 0.000617284 3.55871e-08 
0.0278729 0.0043628 0.00534943 0.0136112 0.000287775 0.0129682 0.0231422 0.0260464 0.00278174 0.0300926 0.000218113 0.0012601 0.0172021 0.00941103 0.00519622 0.0306019 2.56733e-06 3.7491e-05 1.03309e-05 0.747285 0.00777929 0.00781821 1.66858e-05 7.8179e-05 0.00403931 0.0225285 
0.0707655 9.9936e-05 0.000473634 0.00591205 0.000331247 0.000624021 0.00866562 0.102132 0.000902519 0.13476 0.00496986 0.000931406 0.0703573 0.0338149 0.000706186 0.170692 1.54129e-05 1.07436e-05 1.00648e-05 0.289621 0.0583425 0.00307469 2.57662e-05 0.000267053 0.0245657 0.0179297 
0.170087 6.07322e-10 0.00124674 0.0594848 2.08437e-05 6.10835e-05 0.0266366 0.000404499 5.36927e-06 0.067116 0.000814369 3.80116e-10 0.0901355 0.0189503 0.0703354 0.169286 3.79364e-05 0.000382852 7.64939e-10 0.299378 0.0163117 0.00129571 6.10828e-05 1.90933e-07 0.00366054 0.00428837 
0.202308 0.000274285 0.000585832 0.0250421 0.00121682 3.54109e-05 0.0291352 0.0136621 0.00638711 0.140427 0.00173184 0.0015286 0.0649637 0.0305406 0.0112588 0.0820015 0.000226123 0.0120343 0.000630459 0.288327 0.0295819 0.00474535 0.000100815 0.000512684 0.0148773 0.0378656 
0.0194673 0.000583265 0.000567023 0.00838499 0.00450394 0.000449747 0.115082 0.0976316 0.00369239 0.0427319 0.0100432 0.00435598 0.0681993 0.0115006 0.00369599 0.0433595 5.12765e-05 0.00247374 9.18753e-05 0.486813 0.0120752 0.00344873 0.000204763 0.0406582 0.00458097 0.015354 
0.00295427 0.000408616 0.000367648 0.00348286 9.48763e-05 1.22446e-05 0.0161872 0.0508118 0.000358491 0.0357216 0.248099 0.00302577 0.0225217 0.00797923 0.000123209 0.0394783 2.82585e-06 1.57037e-05 2.23545e-05 0.306317 0.00926718 0.00264049 9.26114e-05 0.247236 0.000993926 0.00178565 
0.00203303 1.95083e-05 0.00584379 0.00694567 0.000103007 0.00269735 0.0213822 2.5201e-06 0.000192065 0.0112411 1.6452e-09 2.37947e-05 0.00529762 0.00594236 0.0361137 0.0228035 1.22321e-07 4.76224e-06 0.000298999 0.825324 0.0117627 0.000195959 4.75517e-06 8.34727e-07 0.000345053 0.0414217 
0.004568 1.37609e-06 2.4426e-05 0.00396019 3.30975e-06 6.56074e-06 0.00981104 0.0460401 0.000206795 0.0106707 0.00298818 0.00226634 0.0116238 0.00172299 1.01564e-06 0.0253733 5.56666e-07 2.48296e-05 0.0155801 0.8527 0.00386892 0.00314252 2.69505e-07 8.88554e-05 0.000345038 0.00498097 
0.0154733 3.84382e-06 0.00115463 0.0117975 0.000912366 2.14708e-06 0.00653574 0.293515 0.00568045 0.0376569 0.00163775 0.00318136 0.039018 0.0234138 0.000262622 0.0534055 6.53364e-07 0.00105904 7.84354e-07 0.408195 0.00269702 0.00549659 2.31532e-05 0.0813049 0.00649161 0.00107976 
0.0114925 4.69516e-08 0.00028722 0.016503 0.000222314 1.92135e-07 0.0217016 0.151719 0.00230902 0.00535081 9.61748e-11 0.000706478 0.00142712 0.00059415 0.000306061 0.297746 4.22284e-09 5.49579e-07 9.51349e-05 0.472718 0.0136825 0.00140452 8.1021e-07 2.32029e-05 8.06197e-05 0.00162931 
0.000387449 1.90561e-05 1.31981e-09 0.00848852 3.1243e-05 7.14443e-05 0.0059659 0.106987 0.00245375 0.000399603 1.3759e-07 1.20931e-09 0.0448934 0.00320799 0.00194332 0.0429697 2.10217e-06 1.77728e-06 1.51443e-06 0.413105 0.0135685 7.7987e-05 4.5029e-06 0.353371 0.000289247 0.0017594 
0.00414651 5.71525e-05 0.0799456 0.00731621 8.91486e-06 1.07105e-09 0.164908 0.0011539 0.022895 0.131698 2.48518e-05 0.000530928 0.0207328 0.0225237 0.0187814 0.0354454 3.53366e-05 1.0829e-05 3.63303e-07 0.452857 0.014893 2.24199e-06 1.42461e-05 0.00873423 0.00931814 0.00396623 
0.169561 7.0722e-05 0.00237039 0.00985156 4.54851e-05 0.000337529 0.0829455 0.125513 0.00396475 0.0597124 2.54004e-09 0.000452476 0.0220695 0.0231928 0.00109332 0.0206279 3.37966e-09 1.4421e-06 3.78913e-07 0.448599 0.00840592 0.00567299 0.00157949 0.000137266 0.00509988 0.00869534 
0.0363302 8.45567e-08 0.0103954 6.43978e-05 6.09722e-05 1.31353e-07 0.142301 0.0477234 4.08953e-05 0.0169184 1.35695e-05 1.62907e-05 0.00871055 0.000212665 0.000895272 0.0102967 7.39763e-08 1.48991e-05 1.06501e-07 0.695329 0.0159916 0.0131115 1.41915e-08 6.19748e-06 0.000516346 0.00105032 
0.210776 0.00212176 4.83193e-05 0.00398389 0.000471143 3.60908e-05 0.0144146 0.00969775 0.00883748 0.0796446 1.30071e-05 0.0255746 0.0675192 0.0105023 0.00258204 0.0338423 3.29117e-05 0.00105848 6.58376e-05 0.292073 0.0408851 0.0274617 0.000129175 0.000164658 0.155754 0.0123103 
0.0151842 5.62914e-10 0.000670136 0.00232557 0.0259408 1.01188e-07 0.0615372 0.202033 3.56054e-07 0.0992432 3.7013e-10 0.000149228 0.0825302 0.0723796 0.00111927 0.0489639 1.85154e-07 0.00206823 4.29276e-08 0.260567 0.0293966 0.0227628 4.38884e-05 0.000290809 0.00119983 0.0715943 
0.00937653 3.6213e-06 0.000491499 1.3149e-06 7.2746e-05 0.00491949 0.00125945 0.0293844 1.82421e-06 9.79729e-05 0.00202853 0.000646628 0.00168171 1.4107e-06 2.39261e-09 0.000125392 6.74101e-07 0.000158618 2.26085e-07 0.943124 0.00106463 0.00522707 1.50634e-06 6.62905e-06 0.000319511 4.11269e-06 
0.011845 3.4747e-06 3.96904e-11 0.00234041 3.42571e-11 9.02621e-11 0.00889589 0.000610957 0.00118384 0.000569777 0.00248815 6.746e-08 0.00214891 0.00286267 0.0853004 0.00473867 5.08346e-11 2.14269e-05 2.74907e-05 0.874016 0.000223417 0.00057728 2.00658e-09 0.000319667 0.0013722 0.000454043 
0.141921 4.74769e-05 0.000290493 0.000828938 0.00426862 0.000501084 0.0489123 0.0212393 0.00387055 0.103137 0.000260136 4.95213e-06 0.0360643 0.0749231 0.00501819 0.0774494 6.92853e-05 0.019946 7.22929e-06 0.382799 0.00330121 0.00337305 0.0129491 0.000246635 0.0247903 0.0337818 
0.00489346 1.13474e-07 1.06624e-10 0.059349 9.20277e-11 0.0404804 6.23182e-08 0.0096157 0.00212683 6.18178e-05 1.02635e-10 8.47458e-07 0.00792129 0.00173337 0.00552345 0.0264053 1.36561e-10 2.28875e-07 2.62216e-07 0.602441 0.000166727 0.238826 1.24616e-08 3.99885e-07 9.20948e-08 0.000453693 
0.0558779 1.30348e-06 7.32896e-05 0.000664845 6.5117e-05 9.37393e-07 0.013778 0.0303306 0.003232 0.0970128 1.37958e-08 2.37036e-06 0.141502 0.00154002 0.000195298 0.188885 1.02476e-06 5.73068e-08 2.71386e-07 0.41259 0.00121118 0.0503459 1.64206e-05 4.7293e-05 0.0019799 0.000646167 
0.0611158 6.44139e-05 0.000513068 0.0364568 0.109718 0.000754703 0.00426634 0.0607248 0.00126268 0.106519 0.00130267 0.000904361 0.0331945 0.0207002 0.000308926 0.175307 0.00016996 3.936e-05 5.51495e-06 0.186324 0.0779631 0.0773111 0.000170023 0.000332738 0.029842 0.0147284 
0.135034 0.000885637 1.41921e-07 4.17048e-05 4.84037e-05 7.52228e-06 0.019473 0.0536069 0.00640577 0.0213072 0.00176639 6.59693e-06 0.0183835 0.00143832 0.00132985 0.0383924 0.000177401 0.0184718 3.79154e-05 0.654731 0.0108201 0.000303148 4.73235e-06 0.000606466 0.00317661 0.013544 
0.112605 5.76552e-06 1.28381e-10 0.152121 0.000221813 3.21044e-06 0.0464901 0.00277095 0.00129578 0.124862 0.000112398 8.51035e-08 0.116039 0.0509252 0.0210149 0.0160575 8.92738e-05 0.00283444 1.72965e-05 0.254686 0.0273047 0.0400877 1.21197e-05 0.000156286 0.0268984 0.0033881 
0.090803 0.0199563 0.000733125 0.0109681 0.0040495 0.000197109 0.0218506 0.132719 0.00201771 0.0389008 2.32073e-05 0.000406434 0.055976 0.0199939 0.00697471 0.11984 2.28881e-06 0.000605382 3.87308e-06 0.414081 0.00821395 0.00608154 0.00787314 0.000947183 0.00871021 0.0280718 
0.00316024 1.42731e-07 7.10426e-06 0.000632922 4.1835e-05 1.29593e-06 0.00534248 0.0163104 7.03828e-05 0.0198735 0.450209 0.00223015 0.00413899 0.000626436 0.00014095 0.0215188 3.77724e-06 0.0026234 1.08859e-06 0.455201 0.00466417 0.0108097 4.99584e-05 0.00106866 0.000315315 0.000958516 
0.0751804 0.00128599 0.00334808 0.154394 0.000165407 0.00161715 0.00663493 0.0335092 0.0176297 0.0466095 5.67588e-05 0.00198459 0.0786331 0.0458021 0.0179046 0.0950221 4.92155e-06 7.10282e-05 3.04318e-05 0.293161 0.0912226 0.0093763 0.00119896 0.00119401 0.00375067 0.020212 
0.0119462 2.99003e-06 0.103027 4.18011e-06 0.000113334 0.000179597 0.00958622 0.147718 0.000133871 0.00775321 0.00256952 0.0109598 0.0356357 0.0013192 3.21383e-09 0.00440642 9.11191e-08 4.85268e-05 8.72636e-08 0.629539 0.01761 0.00296805 0.000774502 0.0001174 0.011742 0.00184546 
0.0499756 0.00128811 0.00493333 0.00660111 0.000146467 0.00383735 0.0497605 0.00324154 0.00269498 0.02328 4.34744e-06 0.00101448 0.0528462 0.0061971 0.00460825 0.0458851 3.69716e-06 0.00040771 3.06903e-05 0.642443 0.0501764 0.00193853 1.86898e-05 0.00841005 0.00981601 0.0304408 
0.00313552 0.0036396 0.00120093 0.0210328 5.79179e-05 5.78533e-07 0.00616736 0.0171041 0.000837531 0.00735066 7.92952e-05 0.00110686 0.0285908 0.0110744 0.00606743 0.020468 3.75095e-07 5.62389e-05 6.0146e-08 0.828812 0.0298538 0.0052364 0.000758808 0.000417624 0.00213758 0.00481291 
0.0187864 2.16383e-05 2.11584e-06 0.00197472 3.6673e-08 4.07416e-10 0.0016122 0.241889 1.93972e-05 0.0168907 1.50159e-06 1.64151e-10 0.0130623 0.000372043 0.000329157 0.0052574 0.0735653 0.000102098 3.30335e-10 0.598493 0.000781857 0.000143936 1.94851e-05 2.63202e-05 0.0262511 0.000398498 
0.00192206 0.00018024 0.000165292 0.0168958 0.0580434 3.02891e-07 0.281021 0.0176813 0.000132511 0.00178494 1.16842e-09 0.00720304 0.000155476 0.000140679 0.000136893 0.0222332 1.31487e-06 1.60192e-07 2.23816e-09 0.543253 0.046296 0.000656905 4.1245e-05 0.00058395 0.000777503 0.000693262 
0.0228025 7.34161e-06 9.23659e-05 0.000372679 1.14459e-06 0.00019076 0.0294736 0.000350036 0.00178174 0.0146925 1.27652e-06 0.000144043 0.0043652 0.00140836 0.00597074 0.041592 6.02167e-06 3.19823e-05 2.17595e-05 0.858754 0.00252742 2.83774e-05 9.49965e-06 0.00051772 0.00194265 0.0129146 
0.0579268 1.71017e-09 0.000611381 0.00050352 5.4367e-05 2.09931e-05 0.276062 0.000104086 0.00122692 0.0211322 1.12448e-09 8.34742e-07 0.00184141 0.00455519 0.00255009 0.0964884 1.64829e-07 4.96382e-07 5.99668e-06 0.527856 0.00116842 4.17394e-06 8.45174e-07 0.000557739 0.0045414 0.00278607 
0.073968 0.000526712 0.0113335 0.0581247 0.000521546 0.000292657 0.114169 0.0350979 0.00744624 0.0261143 0.000329392 0.00856443 0.0156573 0.0356921 0.0138787 0.075626 0.000696466 3.83518e-06 0.000113078 0.502174 0.00237638 0.0041441 2.68414e-05 0.000330784 0.00444879 0.00834271 
0.0315361 4.43958e-05 6.60288e-08 0.020005 0.00134715 3.01145e-06 0.0556974 0.0140851 0.00257182 0.0027265 0.000401517 0.00451034 0.00966992 0.000677786 0.0648275 0.0280747 9.77487e-08 5.57479e-05 5.64242e-05 0.735804 0.000589221 0.000727712 6.52449e-07 0.00101574 0.000396686 0.0251753 
0.00188608 0.000124184 2.48735e-07 0.00742293 0.000180549 0.00203221 0.194177 0.151109 0.0109325 0.00552473 3.14104e-05 9.51216e-05 0.0146577 0.00780998 0.00125504 0.0544342 1.16608e-06 2.48035e-06 8.58434e-09 0.523629 0.00433269 0.00299934 3.73719e-05 0.000121409 1.52086e-05 0.0171888 
0.170369 1.5602e-07 0.00180683 0.00673482 0.00162999 2.0394e-10 0.0227784 0.0646255 0.00708795 0.0979357 8.63227e-11 8.21693e-11 0.147862 0.0990325 0.00448722 0.0903209 7.80382e-06 1.30509e-10 1.65356e-10 0.200546 0.0412932 0.00408224 3.31628e-05 1.35928e-10 0.00393191 0.0354343 
0.0667069 0.0154817 0.0283377 0.0562809 0.000631908 5.75899e-05 0.0130969 0.0095663 0.00112646 0.0552328 0.0026846 0.00268234 0.0201161 0.0512381 0.000258348 0.250285 3.94002e-08 0.00319754 0.00274251 0.279053 0.0443769 0.0283993 0.0124826 3.17454e-05 0.0281415 0.0277906 
0.0213113 0.00226169 2.82827e-05 0.00163778 0.00399379 6.00547e-06 0.0134009 0.000538058 0.000603837 0.00436302 0.0169569 5.29478e-06 0.0467351 0.00106498 0.147071 0.0924239 5.58604e-07 2.22841e-05 3.18321e-05 0.628555 0.000164442 0.0134103 3.69078e-05 0.000100293 0.00139846 0.00387834 
0.000273835 2.04672e-05 2.54668e-10 0.00330972 2.19806e-10 5.79155e-10 0.0213281 0.034173 4.06622e-05 0.00564685 0.000293402 4.31218e-07 0.0010256 0.00674087 0.000505509 0.0531846 2.66486e-06 2.53024e-06 4.68722e-07 0.708176 0.00271385 0.00181612 2.61563e-06 3.86013e-10 0.00019816 0.160545 
0.0985852 0.000139455 0.0001006 0.00115729 0.000103285 3.07707e-06 0.00307304 0.141711 0.00187209 0.0931397 2.76126e-07 0.043264 0.0479422 0.00198541 0.000500996 0.065624 1.01137e-05 8.09886e-05 2.81183e-05 0.435965 0.045376 0.00880042 0.00010118 1.18809e-05 0.00467784 0.00574692 
0.031899 8.11153e-05 0.00208615 0.00135746 1.54386e-05 0.00424588 0.00201991 0.111599 8.23617e-05 0.00776271 0.0312768 0.0124729 0.139581 0.00282081 1.82235e-08 0.0354207 2.64588e-07 0.000980706 9.74254e-06 0.573642 0.03183 0.00783471 2.22039e-06 0.000110931 0.00181647 0.00105165 
0.050083 4.88108e-05 0.0113971 0.00956682 0.116674 5.05325e-07 0.0221088 0.118056 0.00432421 0.102633 2.95354e-10 0.000110415 0.0846364 0.0159811 0.00541024 0.13414 6.64447e-06 3.31816e-06 1.35092e-08 0.199014 0.0431705 0.00149484 0.000337469 0.00182474 0.0144585 0.0645191 
0.0867426 0.000452541 0.000737666 0.011245 0.00198866 0.0780163 0.0279528 0.0531525 0.00453362 0.0586476 4.16125e-05 0.00579593 0.0672835 0.0148642 0.00567449 0.0846397 2.29511e-06 0.000667419 0.000107261 0.450785 0.0109385 0.00854073 2.78541e-05 7.79486e-05 0.00709716 0.0199874 
0.0300094 0.00229188 0.000182984 0.00198777 0.000195954 1.78902e-05 0.0134365 0.198968 0.000139636 0.0327713 0.00140132 0.00178439 0.0147243 0.00485618 0.00118495 0.0503638 1.22219e-06 6.74378e-06 3.5051e-05 0.46407 0.00841556 0.0049322 4.77957e-05 0.153742 0.00063511 0.0137987 
0.0849847 1.7289e-07 9.87185e-06 0.00442081 0.001072 1.65371e-05 0.0179735 0.0713424 0.0132185 0.0133089 0.0427259 1.70757e-05 0.052665 0.00680204 0.00315943 0.00420663 6.79666e-06 2.98075e-07 3.78905e-05 0.559933 0.0059919 4.82342e-10 1.06809e-05 4.51301e-05 0.000263658 0.117787 
0.0715053 2.64104e-05 0.0119548 0.00456913 0.000658227 0.0010705 0.00919219 0.227544 0.00274701 0.0245357 0.0704953 0.00212671 0.0311299 0.0170197 0.0093057 0.0245717 6.78799e-05 0.00379486 0.00104692 0.446573 0.0200379 0.00350819 0.000437647 0.000659364 0.0062891 0.00913289 
0.175992 0.000372956 0.0116461 0.00990039 0.00247231 0.00109992 0.0365934 0.0286265 0.00832997 0.0696255 0.00350412 0.00765358 0.0649291 0.0155549 0.0369217 0.0800621 7.03784e-05 0.0097293 8.01477e-05 0.360453 0.0191544 0.0117131 0.000741973 0.00179588 0.00595643 0.0370214 
0.0208622 5.09821e-07 0.000249394 0.00164843 0.000645985 4.07513e-06 0.00324043 0.000732541 0.039459 0.0453366 0.000292519 5.84561e-05 0.00746557 0.000890986 0.0124535 0.105569 0.000158285 2.27082e-05 4.93976e-07 0.683333 0.00041818 0.00100427 6.58232e-08 2.25977e-06 0.00811652 0.068035 
0.132323 3.16356e-05 0.00578389 0.005722 0.0035849 0.000124783 0.0159163 0.0459562 0.00612018 0.0385565 0.106833 0.00222229 0.0376496 0.0059044 0.00109186 0.0281628 4.60263e-05 0.00206751 0.000697235 0.515124 0.00586361 0.00449874 0.00307161 0.00129408 0.0089215 0.0224315 
0.0946488 2.26678e-06 0.0469374 0.00129296 0.000305054 0.000217422 0.0189192 0.23726 0.000237648 0.075623 0.000484332 0.000633439 0.0214833 0.00750621 0.000118219 0.017714 0.00013673 0.00698894 0.00411604 0.440585 0.00221891 0.00594671 0.000322189 0.000313315 0.00881448 0.00717503 
0.0141644 3.05763e-06 0.000554653 0.0369706 0.00226206 0.0103774 0.00027026 0.00761316 0.0222385 0.00163085 3.53312e-06 0.00118422 0.209809 0.00353525 0.117091 0.078735 1.77285e-08 2.8106e-06 1.3085e-06 0.466697 0.000485118 0.0039644 4.35584e-06 0.000227917 7.13289e-06 0.0221673 
0.00622924 0.00408185 0.00759055 0.0277912 0.00699962 3.85769e-05 0.0875674 0.0670173 0.00788766 0.013709 0.000364141 0.000495507 0.0237097 0.00995175 0.00625865 0.099165 2.84042e-05 6.11628e-05 1.71509e-05 0.56791 0.0296728 0.00238068 0.000986653 0.00307889 0.00210476 0.0249024 
0.00919728 7.83776e-05 2.09161e-07 0.000455165 2.40538e-05 0.000151935 0.129091 0.0208372 0.000660806 0.00408147 1.33549e-05 4.26488e-05 0.00600427 0.000736188 0.0166005 0.0355927 1.21634e-08 0.00167275 2.70798e-08 0.735679 0.00263694 0.000127441 1.26248e-05 7.49099e-05 0.003339 0.0328905 
0.10177 0.00108231 0.00502864 0.0198783 0.00210342 0.00126276 0.0859062 0.0358222 0.00806372 0.0435559 0.00275997 0.00283333 0.0697028 0.0137014 0.00994448 0.0719117 0.000236804 0.00174488 0.000373099 0.452484 0.0200507 0.00897743 0.000908771 0.00569762 0.00869976 0.0254998 
0.00881277 7.08159e-07 8.15066e-05 0.00336673 8.79811e-05 0.00589863 0.0371237 0.0120698 0.000502854 0.0169301 0.000940945 0.0143966 0.0155193 0.00483021 0.0049948 0.0367352 1.6527e-06 0.000157206 4.12265e-06 0.819927 0.00587822 0.00817463 4.8512e-06 6.7665e-05 0.000800222 0.00269276 
0.139328 1.84306e-08 0.000190564 0.00385842 0.000161922 2.15887e-08 0.0264036 0.00596097 0.000407742 0.0412933 0.286455 2.71968e-06 0.00510709 0.00544267 9.53231e-05 0.0137083 1.11479e-05 0.00025636 1.47045e-10 0.425927 0.0278826 0.000514804 6.27017e-05 0.00873363 0.00814124 5.44169e-05 
0.148378 1.16006e-07 5.28034e-07 0.129544 1.63292e-07 3.55262e-09 0.00112019 0.00123871 0.0111527 0.0599612 5.08119e-05 2.09058e-07 0.00326339 0.0119731 0.0183259 0.00731337 0.134131 0.0100488 0.0719763 0.226931 0.0964352 0.00247632 1.73465e-05 0.00276345 0.0562768 0.00662184 
0.141749 6.0504e-06 0.000516166 0.00446543 0.000792565 0.000711251 0.0249857 0.0611791 0.00250385 0.242764 0.00339442 0.00309065 0.106726 0.0217879 0.0125371 0.0612627 1.50716e-05 0.00276087 0.000384173 0.249344 0.00647787 0.0169501 6.42964e-06 0.000307086 0.0226881 0.0125947 
0.206735 0.00282994 0.0289613 0.0323884 6.66336e-05 2.0058e-05 0.00757535 0.0678766 0.0405912 0.0393872 0.000560722 0.00116835 0.0994648 0.0597215 0.0108815 0.0672603 3.2941e-08 0.00022553 1.84489e-06 0.245934 0.0307451 0.0139983 0.00122031 4.12129e-05 0.0157952 0.0265495 
0.0132881 0.011442 0.00125989 0.00845388 0.00106773 0.000203341 0.0309692 0.0867973 0.00173917 0.0218481 0.041093 0.0025781 0.0190683 0.00577665 0.00144596 0.0704422 4.25831e-05 0.0112474 0.000131692 0.593838 0.0138315 0.00385656 0.00166884 0.0431059 0.00228822 0.0125165 
0.0167659 9.54848e-06 1.57463e-05 0.00410885 4.14846e-05 1.1517e-06 0.062865 0.0616022 0.00291143 0.00561451 3.40737e-08 0.000152644 0.00243463 0.00383203 0.00392657 0.00956689 7.30599e-06 1.54624e-05 2.5956e-07 0.794152 0.00508457 0.010258 2.47173e-05 9.1276e-05 0.000816523 0.0157008 
0.259454 1.82829e-06 0.000431187 0.00216852 1.89135e-07 0.000585226 0.0190447 0.00433419 0.000292416 0.047086 7.02791e-06 0.000248383 0.00795311 0.000138169 2.27601e-07 0.0961623 1.61895e-06 1.12955e-06 7.8353e-09 0.53951 0.000603527 0.000821503 1.89596e-06 0.000698111 0.0187552 0.00169945 
0.111233 6.10153e-06 6.10497e-06 0.175993 6.10599e-06 6.09553e-06 0.0232242 6.11115e-06 6.10951e-06 6.11167e-06 6.10527e-06 6.10559e-06 6.11157e-06 6.11105e-06 6.10779e-06 6.11165e-06 6.10289e-06 6.10159e-06 6.09871e-06 0.689415 6.11075e-06 6.10884e-06 6.11054e-06 6.10114e-06 6.1092e-06 6.11134e-06 
0.00130648 2.64904e-11 6.54721e-08 0.000558474 0.00361806 0.00025268 0.0916325 0.000434813 7.21662e-06 2.014e-05 1.74181e-11 2.88299e-06 4.78421e-07 3.20712e-12 0.00122227 0.0654667 2.31757e-11 6.00527e-08 5.70678e-08 0.822354 0.00114197 0.000150166 2.13849e-05 1.83805e-05 0.00967326 0.00211794 
0.00868955 0.110689 6.05881e-05 0.00248757 0.000946959 9.64483e-07 0.00264019 0.230723 0.000141921 0.000961166 8.68951e-11 5.841e-05 0.0190224 0.0130738 0.000237386 0.0561681 2.32003e-09 1.17886e-08 9.90753e-08 0.539218 0.00294993 0.0034474 1.5525e-06 0.00226826 0.000146499 0.00606737 
0.0228211 1.86096e-05 0.00037534 0.00299855 0.00436096 1.28967e-05 0.0431983 0.00425512 0.00124416 0.0652841 0.00453671 0.000103491 0.0114605 0.00327249 0.00916204 0.0168588 2.38089e-06 0.000533578 1.65801e-05 0.781676 0.00910802 0.00529836 2.93827e-05 0.000152747 0.00870546 0.00451453 
