0.00156669 0.00187411 0.00827728 0.0058815 9.88499e-05 0.000162728 0.000451187 0.000898029 0.00119227 0.00480731 1.94263e-12 0.00636403 0.0140046 0.0177408 0.000187703 0.0209028 1.32207e-06 9.26736e-06 5.00628e-07 0.00603001 0.865187 0.000872682 0.0237439 0.000277386 0.0103456 0.00912205 
0.0140129 0.00187312 0.0207983 0.059486 4.72667e-05 0.000454067 0.00576186 0.0105003 0.00420775 0.0382458 0.000780833 0.0195049 0.0688656 0.00836284 0.00108304 0.253148 2.04501e-05 0.000163102 5.83054e-07 0.0568146 0.347645 0.0215525 0.00039245 0.00271164 0.00317347 0.0603933 
0.00403897 2.13819e-05 0.000226327 0.00505127 0.00168608 0.00106863 0.00294082 0.00380868 0.000781404 0.0280222 1.07099e-12 1.19704e-08 0.210893 0.003998 0.00550701 0.0642131 3.29423e-05 0.000371999 1.52553e-06 0.0197006 0.631823 0.00239306 1.22874e-06 4.18457e-05 0.00160297 0.0117744 
0.00319567 1.50784e-05 0.0227472 0.0124754 0.00385687 1.93155e-05 0.0181036 0.00331455 0.00103248 0.00864783 1.01897e-10 0.00708279 0.0496858 0.0257272 0.0052841 0.174895 2.66677e-07 1.046e-06 3.2227e-08 0.0412219 0.528406 0.0125592 8.86137e-05 1.46322e-05 0.00124792 0.0803768 
0.017695 0.000766564 0.0685095 0.00856574 4.1272e-05 5.95734e-07 0.00229836 0.00221061 0.0072405 0.0291071 5.64715e-11 0.000343546 0.0499189 0.157728 0.000236751 0.0215342 7.51383e-11 2.41576e-05 7.39295e-06 0.0151843 0.322929 0.00209138 0.0919536 0.00515051 0.104279 0.092184 
0.00438351 5.454e-05 7.18322e-05 0.00448352 0.00129806 0.00165743 0.00129782 0.00465446 0.0015303 0.0109857 6.75879e-11 0.000377034 0.0790763 0.00708624 0.00157778 0.0364563 3.38947e-05 8.63138e-05 7.19994e-07 0.0179192 0.814532 0.00138864 3.73722e-05 9.735e-05 0.00238566 0.008528 
0.0457549 9.01305e-05 0.000235841 0.000666717 4.07172e-05 1.14055e-06 0.026631 0.000487862 0.00101396 0.0383854 2.52508e-08 0.000605453 0.303443 0.0112533 2.54035e-05 0.111115 1.73028e-06 0.00867226 7.56125e-05 0.0336122 0.402807 0.00776441 8.07504e-05 7.10038e-06 0.00312208 0.00410687 
0.21705 4.54828e-05 0.00296187 0.00992776 0.000764786 1.96861e-08 0.00116261 0.00592339 0.00325448 0.201471 2.71934e-11 0.000393045 0.00565803 0.0493051 1.90218e-06 0.00569141 0.000175704 3.79055e-06 5.50898e-09 0.00787104 0.392674 0.072433 0.000563413 0.00356179 0.012531 0.00657554 
0.0275345 0.000476966 0.00191349 0.00225061 0.000259679 0.000449272 0.00325769 0.00960637 0.0013746 0.0690895 0.0192395 0.00305385 0.158978 0.0259725 8.35229e-05 0.0597377 1.44649e-05 0.00969164 2.33584e-07 0.0614186 0.505081 0.00579047 0.00908439 0.000164838 0.0114354 0.0140412 
0.0162212 3.0308e-05 0.00303838 0.233884 0.000854521 0.00231865 0.00477978 0.00674194 0.0333736 0.0512929 1.96984e-05 0.00430056 0.0160256 0.0221902 0.000376983 0.170247 3.63897e-06 0.000110087 1.86689e-06 0.0160411 0.344387 0.0224879 0.000301177 0.000140489 0.00408168 0.0467499 
1.42516e-05 2.42043e-05 5.42613e-05 0.000267508 0.000194494 1.92911e-05 0.000276262 6.53062e-05 0.000196128 0.00238161 3.08813e-12 0.00160505 0.0146595 0.00332891 2.29015e-05 0.00860328 3.22789e-07 2.05e-06 3.18178e-09 0.0030078 0.958759 8.53027e-05 0.000229082 5.60405e-05 0.00201533 0.00413162 
0.00422901 7.83595e-07 0.000284263 0.0452307 7.21079e-10 1.89993e-09 2.06431e-06 0.00367905 2.61141e-07 7.69899e-11 2.52755e-06 7.65499e-10 1.01552e-06 1.48073e-10 0.00156005 0.0147146 1.07002e-09 1.21583e-09 1.54048e-09 0.0542736 0.869424 7.56223e-07 1.77858e-07 1.26633e-09 1.43912e-08 0.00659686 
0.0412852 0.00241305 0.0339653 0.012065 0.000543172 8.63956e-07 0.0046994 0.00996131 0.00200914 0.09865 3.86748e-05 0.0199439 0.0363279 0.110856 0.00843086 0.129027 5.83583e-06 8.17521e-05 1.48381e-06 0.0445901 0.36879 0.0100259 0.0115058 0.000382484 0.0253145 0.0290851 
0.00347946 0.00138126 0.000114174 0.0541237 0.000265418 0.000461765 0.0258655 0.00112764 0.00490817 0.0126088 3.99802e-06 0.00572014 0.0275451 0.0145925 0.00205072 0.10049 1.25199e-05 3.27694e-05 2.76191e-05 0.0626588 0.652164 0.00124408 5.7053e-05 7.42766e-05 0.00457636 0.0244136 
0.00841744 0.00244139 0.0566327 0.0153763 0.000263785 3.53326e-07 0.000538956 0.00577084 0.00156009 0.00771402 2.36146e-12 0.0085537 0.0307736 0.021988 0.000787345 0.0584888 2.92236e-06 1.51392e-05 1.30604e-07 0.0229075 0.72456 0.00256479 0.0154554 0.000296878 0.00738957 0.00750051 
0.029975 0.014417 0.0115181 0.0713559 0.0247725 0.000247437 0.00363439 0.000986059 0.0207563 0.0979559 7.32648e-06 0.00117258 0.146566 0.0599465 0.00243139 0.067123 9.6693e-05 0.00341294 9.41259e-05 0.0847506 0.212634 0.00560062 0.0067149 0.00101322 0.011289 0.121528 
0.0184798 0.000363845 5.4253e-06 0.00302482 6.98633e-05 2.98944e-05 0.0659586 0.000475035 0.00258686 0.00697537 0.000357901 0.0164746 0.0870095 0.00282577 0.0085155 0.276639 1.84176e-05 1.52759e-06 0.00041184 0.0210817 0.428447 0.000737252 0.000163159 7.19825e-05 0.00237722 0.0568982 
0.103186 2.65242e-07 0.00166112 0.0102958 0.0781449 7.46289e-05 0.00341883 0.0500282 0.0261383 0.0348512 1.54536e-06 0.00308354 0.0751512 0.00719697 0.00371002 0.0337654 0.000485758 0.00069957 2.55391e-05 0.0429334 0.298552 0.00186606 0.0959937 9.9972e-05 0.0990236 0.0296129 
0.0343372 0.0119556 0.000339711 0.00276608 0.000604481 1.53183e-06 0.038809 0.000654477 0.000455752 0.152332 1.52239e-08 0.0271519 0.112398 0.0154073 0.000241848 0.251459 2.69759e-06 0.00561268 1.76905e-05 0.0278982 0.278432 0.00520432 0.000247555 0.000372536 0.0139631 0.019335 
0.0319238 0.00271301 0.020522 0.047262 0.00242712 0.00255131 0.00509641 0.0797989 0.00667888 0.0389539 1.33058e-05 0.00753108 0.075449 0.0689862 0.00925871 0.0380978 1.37918e-05 1.77292e-05 0.00149275 0.0660591 0.36628 0.016331 0.00544362 7.0797e-05 0.0106707 0.096357 
0.0527729 1.10725e-05 0.00181535 0.0559316 0.000919015 1.65511e-06 0.00326498 0.00114896 0.00856394 0.147873 6.19786e-12 0.0337277 0.0145185 0.021064 0.000236078 0.0445847 5.94944e-06 4.61379e-06 1.18723e-11 0.00533266 0.22573 0.022359 0.183515 0.000157269 0.130811 0.0456504 
0.0317713 0.00450045 0.00391719 0.00784489 0.00020524 0.00249287 0.258935 0.00823401 0.00350969 0.0401793 3.80146e-06 0.00343431 0.0440735 0.0220701 0.00766819 0.115937 4.3537e-05 5.75925e-05 8.03375e-06 0.116281 0.27455 0.00479251 0.020056 6.89787e-05 0.0132337 0.0161325 
0.0561215 0.00202053 0.0134156 0.00611711 0.00347195 0.000574266 0.00275404 0.0140174 0.00374871 0.0110782 0.0225502 0.00306904 0.223339 0.094304 0.00168198 0.00793633 1.8204e-06 3.306e-05 9.834e-05 0.0240758 0.359128 0.00868057 0.0775815 0.000320529 0.0172217 0.0466593 
0.00678226 0.00136396 0.00779311 0.112529 0.00052882 6.3799e-05 0.00660154 0.0105103 0.0200622 0.0355714 0.000363591 0.00375298 0.140861 0.0426552 0.0103997 0.0761667 1.00018e-05 0.000188707 0.000116124 0.0470303 0.397218 0.0052465 0.000772121 7.15653e-05 0.00279412 0.0705468 
0.00107692 2.68159e-06 8.79627e-05 0.0862641 9.15224e-05 8.44767e-08 6.72004e-05 0.0169255 0.00057028 0.0113614 5.69181e-13 0.000655864 0.0298898 0.00163153 0.000212704 0.0609796 1.9297e-05 0.00015156 1.43074e-07 0.00236524 0.777083 0.00987179 7.83432e-06 5.15042e-05 0.000158461 0.000474149 
0.00371477 0.00018612 9.73429e-09 0.00634623 0.000552946 1.47523e-06 0.000970526 0.0152989 0.0142164 0.00153756 2.25403e-11 0.0019078 0.0532934 0.0235444 0.000952384 0.040452 5.87454e-06 5.09115e-10 9.07132e-09 0.0389842 0.76392 0.000406422 0.000129095 0.000102424 0.00444529 0.0290316 
0.00423607 0.00079799 0.0454445 0.0192825 1.1533e-05 2.00276e-06 0.000274266 0.00369743 0.0013669 0.0288201 1.84603e-07 0.00942189 0.0210003 0.029859 0.00107726 0.0880766 1.28894e-05 6.53507e-06 1.07767e-05 0.0122444 0.540183 0.00498769 0.00474462 0.00306303 0.107809 0.073569 
0.00149284 0.000555594 0.00354548 0.00348323 0.000104269 0.00065833 0.000376439 0.00327442 0.00135049 0.00194059 7.96303e-11 0.00445474 0.0106225 0.00730851 0.000123137 0.0285177 6.52234e-07 6.22455e-05 1.2498e-07 0.0072825 0.906508 0.00100869 0.00921085 4.01963e-05 0.0037086 0.00436952 
0.180553 0.000271981 0.00685083 0.0248408 0.0128249 2.95422e-05 0.00447126 0.0189497 0.00174472 0.0636081 6.27809e-05 6.02058e-05 0.077077 0.0196028 0.00421253 0.0651641 0.000107072 0.000712604 5.45118e-05 0.026434 0.388253 0.0306998 0.000801666 0.00145476 0.0116366 0.0595211 
0.0200599 0.000575761 7.20249e-05 0.0027805 0.000815841 5.01665e-05 0.00209761 0.00408712 0.00154483 0.0171869 3.51452e-08 0.0100814 0.0191606 0.0310729 0.000210824 0.0202897 0.00033738 9.78091e-05 5.18742e-08 0.0111322 0.443872 0.0113116 0.0818705 0.000394176 0.274542 0.0463557 
0.00320243 0.000143607 0.0438348 0.0303835 0.00107812 1.39935e-06 0.00638669 0.0675969 0.00893825 0.0128498 3.17909e-07 0.00368801 0.0119169 0.0154761 0.00227521 0.152867 1.2093e-05 5.1646e-05 3.69219e-08 0.0446571 0.584485 0.000785311 0.000143891 0.000185506 0.00129388 0.00774623 
0.00853539 3.39274e-07 3.4157e-05 0.0195663 5.27637e-05 4.90109e-07 0.0022814 0.00578247 0.0103918 0.0267791 1.32268e-10 0.0052934 0.123808 0.00385049 0.00958221 0.136905 5.27707e-06 7.54651e-05 2.83377e-09 0.0346215 0.59649 0.00386969 2.47783e-05 0.0001321 0.000250908 0.0116667 
0.0184243 0.00830124 0.0182368 0.00339654 0.000302863 0.000457935 0.00183004 0.00918647 0.00179859 0.00798983 0.000385636 0.00343208 0.0954906 0.0723522 0.00298975 0.0245333 9.66816e-07 6.70135e-06 0.000121945 0.0252731 0.509539 0.0033553 0.0083579 0.000107719 0.0101951 0.173934 
0.0225819 1.0618e-06 0.0624713 0.0189333 0.00194046 1.46044e-08 8.00786e-07 7.92269e-06 9.44246e-08 0.100759 3.07546e-11 2.92748e-11 8.43664e-07 0.0165738 1.97321e-11 0.1715 4.09206e-11 4.64969e-11 5.89711e-08 0.0316188 0.341638 0.000143916 0.00264827 0.219382 0.00703175 0.00276727 
0.00345808 0.00456284 0.00821073 0.00138459 4.35168e-05 2.63882e-06 0.000488449 0.000892337 8.38694e-05 0.0185408 3.03304e-07 0.000325617 0.149537 0.0332334 7.83835e-06 0.00740285 4.03562e-07 0.000252625 3.09588e-06 0.0303446 0.684677 0.00483987 0.0345331 1.50926e-05 0.0123006 0.00485924 
0.143476 2.34517e-05 0.0157828 0.00352729 0.0105778 8.35148e-05 0.00317424 0.0646513 0.00137362 0.0476473 8.16759e-06 0.00252248 0.0398949 0.0362953 0.000275299 0.0222772 0.000144891 0.0241184 0.000471016 0.114497 0.433448 0.0026953 0.00154995 0.000129878 0.026341 0.00501362 
0.00940728 4.53871e-06 0.000379313 0.00128921 0.00112829 2.84685e-06 0.0449921 0.000539844 0.000377553 0.169641 1.30544e-12 0.0190501 0.136387 0.0109645 8.32771e-05 0.187161 4.99819e-06 0.0104764 6.64411e-08 0.0112039 0.37773 0.00574192 0.00041942 0.00017511 0.00550133 0.00733811 
0.0161473 6.85359e-05 0.00579872 0.116207 0.00109021 0.000397973 0.000773975 0.0033232 0.000781072 0.0414308 2.1678e-12 7.56091e-05 0.149068 0.0108186 0.00214166 0.0552257 7.06417e-06 3.16215e-05 0.000279901 0.0109838 0.554083 0.0203504 4.40544e-05 5.32909e-05 0.00106702 0.00975146 
0.0848547 0.000205158 4.03925e-05 0.0917795 0.000248134 0.000152583 0.00194432 0.0106128 0.0471798 0.102751 1.78162e-06 0.000187757 0.115626 0.00605217 0.0228427 0.131333 6.2849e-06 0.000168698 3.30438e-07 0.0253232 0.290453 0.0204236 2.98808e-05 0.000415243 0.00228947 0.0450782 
0.032537 1.55797e-05 0.00181268 0.203293 0.000356078 0.00033226 0.0019346 0.00588057 0.0105805 0.060399 2.97338e-07 0.00111167 0.0946661 0.00619906 0.00467951 0.0677299 1.6793e-05 0.000686692 3.53215e-05 0.0349662 0.40969 0.0362751 4.07555e-05 0.00273992 0.00771989 0.0163013 
0.00316095 0.000639877 0.00212907 0.0161609 0.000219787 0.000964284 0.00095998 0.00131694 0.00341203 0.00925332 7.12414e-08 0.034007 0.0198722 0.0156666 0.000544341 0.0350336 2.67967e-05 4.47556e-05 2.08502e-05 0.0109777 0.58183 0.00122998 0.234312 0.00109046 0.0164722 0.0106541 
0.00305096 0.000140998 0.0319489 0.0226652 0.000989029 4.76927e-05 0.00529255 0.0543115 0.00687288 0.0110359 3.43408e-07 0.00600626 0.0143225 0.0133165 0.00170322 0.135709 8.77172e-06 4.59265e-05 1.11298e-07 0.0360807 0.646068 0.000839551 0.000212103 0.00015831 0.00172545 0.00744808 
0.0145891 0.000308532 0.00047651 0.00629191 0.000342652 2.04399e-06 0.000852604 0.00877622 0.000517614 0.0630366 0.000276062 0.0939302 0.0197336 0.008736 0.00011533 0.186057 1.06972e-05 5.62872e-05 4.17199e-08 0.0229483 0.5188 0.0364578 8.51301e-05 0.00161311 0.00247346 0.013513 
0.010206 1.25276e-05 0.0018634 0.0146094 0.000568281 1.27886e-06 0.000283062 0.00649288 0.000546059 0.0127068 0.00961781 0.000509569 0.0106481 0.0041123 9.91333e-05 0.0203693 4.93206e-06 8.7126e-05 0.000366868 0.0169576 0.762846 0.0164321 0.0738737 0.00343819 0.0193432 0.0140046 
0.0611933 1.45599e-06 0.000192128 0.00274838 0.000428091 1.9567e-06 0.0430314 0.00147417 0.000492066 0.00902993 1.82889e-05 0.000696125 0.0711578 0.0142589 0.112866 0.249221 2.58991e-07 0.00635656 8.78858e-08 0.0761466 0.291183 0.0157823 0.000752472 5.61568e-05 0.000687047 0.0422245 
0.00109815 5.37774e-06 9.22633e-05 0.00940509 0.0259585 4.84171e-06 0.0766956 0.00210936 0.00103372 0.0118295 2.95992e-06 0.000565251 0.0138889 0.0030897 0.0130008 0.0312189 3.52258e-05 1.42479e-05 1.26137e-11 0.17062 0.614174 3.0892e-05 0.000339004 0.0093473 0.00238789 0.0130524 
0.0117953 0.00395033 0.00196252 0.00311625 0.00455196 4.64854e-07 0.00866559 0.00187562 0.00596192 0.024586 1.96761e-07 0.00217279 0.00924794 0.0156327 0.109173 0.00987883 2.618e-07 2.97476e-07 0.00316638 0.0129433 0.740878 9.63641e-08 5.02234e-08 0.00393516 0.00212785 0.0243772 
0.0134607 1.40331e-05 0.000832561 0.00703508 0.000765727 1.12075e-05 0.000673475 0.0155226 0.000720761 0.0268563 6.66573e-06 0.0639834 0.0398547 0.00361605 0.00031932 0.0842755 7.42857e-06 0.000112402 0.00020927 0.0235843 0.690147 0.020926 0.000182794 0.00278642 0.00214398 0.0019529 
0.0114336 6.60813e-05 0.000120733 0.0970606 0.000409695 1.79964e-08 0.000247542 3.92504e-05 0.000239936 0.0542817 1.15498e-11 0.00162632 0.137981 0.00618051 0.00143483 0.0379832 1.7664e-05 1.08266e-08 3.02652e-07 0.00330458 0.621976 0.0223291 1.33492e-05 0.00108339 0.000438936 0.00173075 
0.0457548 2.38505e-05 0.000338944 0.000422847 3.17555e-05 1.11931e-06 0.0286167 0.000526693 0.000825081 0.0455554 2.31816e-08 0.0001211 0.253435 0.0138446 5.97896e-05 0.097901 2.28653e-06 0.0072274 7.56015e-05 0.0350895 0.457552 0.00455432 9.3641e-05 1.71794e-05 0.00335378 0.00457549 
0.0450252 0.00217056 0.00106309 0.00535972 0.00171201 2.83168e-05 0.0386748 0.00247957 0.00501203 0.0575473 2.17489e-08 0.000466805 0.115042 0.0552527 0.0103179 0.170637 0.000133793 0.0081324 1.71283e-05 0.0419346 0.272913 0.0152301 0.00718463 0.000184177 0.0283729 0.115109 
0.0157559 0.000619924 0.00645842 0.0631213 0.000862592 0.000390448 0.00191692 0.00637253 0.000600185 0.0228724 1.37657e-10 0.00529394 0.0644994 0.0109758 0.00260763 0.0523764 8.55865e-06 4.06523e-05 6.70697e-05 0.0423135 0.674412 0.00465354 0.00198487 0.00110397 0.00911109 0.0115812 
0.000501263 0.00875215 0.405478 0.00564562 5.35156e-05 1.16424e-06 0.00115581 0.00296693 2.19303e-05 0.00543798 3.06494e-07 0.000474383 0.00624511 0.033636 0.00010627 0.0178146 1.39055e-06 2.35488e-05 5.26975e-07 0.00940532 0.445236 0.00121931 0.00247498 0.000108078 0.0502106 0.00302965 
0.00173593 0.000767086 0.00309196 0.00626513 0.0046639 0.000959698 0.010595 0.00242163 0.00126855 0.00668004 9.13972e-07 0.00669637 0.0158694 0.0111032 0.00156365 0.0351554 6.45764e-06 2.11945e-05 2.56061e-07 0.034702 0.826856 0.000742439 0.00935985 0.00170743 0.00696373 0.0108022 
0.0258287 0.00273907 0.000348573 0.0904721 1.68955e-05 4.75762e-06 4.33446e-05 0.000110874 0.00447304 0.0050655 5.45379e-05 0.0193779 0.0163648 0.168429 0.00355544 0.0636113 0.15334 0.000904959 5.85422e-06 0.00954055 0.346031 0.0122368 0.00471406 0.000129399 0.0268017 0.0458005 
0.0161473 6.85359e-05 0.00579872 0.116207 0.00109021 0.000397973 0.000773975 0.0033232 0.000781072 0.0414308 2.1678e-12 7.56091e-05 0.149068 0.0108186 0.00214166 0.0552257 7.06417e-06 3.16215e-05 0.000279901 0.0109838 0.554083 0.0203504 4.40544e-05 5.32909e-05 0.00106702 0.00975146 
0.0488134 0.00162089 0.00173107 0.0208796 0.000783101 0.000191062 0.0154108 0.0224636 0.0109544 0.0473764 0.000161612 0.00344708 0.0267172 0.139816 0.00617804 0.0330559 1.19155e-05 0.00286566 0.000127202 0.0366533 0.389574 0.00192621 0.0266834 0.000190479 0.0118349 0.150533 
0.160088 2.01544e-05 0.00558674 0.0631234 0.000714344 0.0060431 0.0244415 0.0126128 0.0102182 0.0829049 3.87784e-07 0.000880663 0.114622 0.0175944 0.0129168 0.130437 8.0564e-05 0.000332697 6.84269e-05 0.0628428 0.237412 0.0145287 0.000114222 0.00835635 0.00297242 0.0310878 
0.00149284 0.000555594 0.00354548 0.00348323 0.000104269 0.00065833 0.000376439 0.00327442 0.00135049 0.00194059 7.96303e-11 0.00445474 0.0106225 0.00730851 0.000123137 0.0285177 6.52234e-07 6.22455e-05 1.2498e-07 0.0072825 0.906508 0.00100869 0.00921085 4.01963e-05 0.0037086 0.00436952 
0.000532299 5.03658e-07 0.00104692 5.93859e-12 2.72385e-07 4.6758e-05 1.308e-06 5.83823e-07 9.84709e-07 7.76349e-07 2.4898e-11 2.54067e-06 2.89883e-06 2.64609e-06 1.05448e-07 0.000634222 6.96021e-08 1.50947e-08 2.86209e-07 4.90839e-06 0.864238 4.0252e-08 0.0035595 6.70457e-07 0.129921 2.71761e-06 
0.0023396 6.93847e-06 3.30436e-05 0.014914 7.93729e-05 1.77369e-05 0.00346887 0.000222597 0.00432214 0.00766501 7.11681e-07 0.00469936 0.0665074 0.00885482 0.00695197 0.112167 4.98778e-07 2.54386e-05 2.6175e-11 0.0115444 0.728035 0.000421699 8.26721e-05 3.48457e-05 0.000661043 0.0269438 
0.0313275 9.32896e-06 0.000113128 0.000326682 0.00222874 3.38884e-06 0.000563163 0.000230965 0.00049824 0.00387889 2.23521e-10 0.000759527 0.0170147 0.00759908 0.000187819 0.000321348 1.94996e-06 4.09328e-05 0.00207181 0.00571418 0.92028 7.73975e-05 0.000188999 5.49756e-06 0.00425447 0.00230262 
0.0148925 0.00020017 0.00356705 0.241628 0.00234898 0.000132404 0.000209988 0.00140755 0.000648173 0.0534834 2.20931e-12 0.000181281 0.139492 0.0132405 0.000506849 0.00661649 2.12995e-05 3.64024e-06 0.000424016 0.00320611 0.482744 0.023005 5.4745e-05 6.35325e-05 0.00167455 0.0102482 
0.00938888 8.64801e-05 7.50532e-05 0.00955551 0.000760454 0.00205897 0.000979114 0.0013021 0.0161441 0.0660314 2.50836e-12 0.0725095 0.121612 0.188632 0.00101857 0.0938816 5.85442e-06 4.02426e-05 9.28967e-08 0.00735259 0.235532 0.0125491 0.0467691 0.000179805 0.0574651 0.0560699 
0.057765 4.0014e-06 0.00211111 0.0822171 8.5915e-05 1.19779e-05 0.00822611 0.0157979 0.00451798 0.0473438 1.97785e-07 0.000878689 0.0147717 0.0474703 0.00983491 0.099778 4.91695e-07 1.97249e-06 0.00327149 0.0038357 0.507442 0.00193446 0.000239766 0.00139939 0.0449104 0.0461496 
0.0164824 1.73528e-05 7.09426e-05 0.0151299 0.000130378 9.12544e-06 0.000697285 0.00732261 0.00131587 0.0337923 0.00472025 0.00301185 0.0188354 0.00253115 0.000314754 0.256689 0.000210314 0.0298123 1.05937e-08 0.0266567 0.455245 0.119357 0.000661518 0.000192998 0.00598946 0.00080444 
0.134206 0.00120729 0.0030295 0.0268548 0.000337927 1.77986e-07 0.025688 0.00723284 0.00318906 0.15843 7.37651e-08 0.00434056 0.0531413 0.0487855 2.53092e-05 0.047627 0.000122483 2.90567e-05 9.56838e-07 0.0340104 0.356362 0.0651542 0.00444951 0.000477543 0.0170948 0.00820374 
0.0142502 0.000718619 0.00342183 0.0649163 0.000668591 0.000118522 0.0175569 0.0186664 0.0338529 0.119811 0.00165249 0.0020962 0.132667 0.0355269 0.00450475 0.207883 0.00014146 0.000359441 7.85538e-05 0.0233756 0.255364 0.0325371 0.00204629 0.000122256 0.00369306 0.023971 
0.017695 0.000766564 0.0685095 0.00856574 4.1272e-05 5.95734e-07 0.00229836 0.00221061 0.0072405 0.0291071 5.64715e-11 0.000343546 0.0499189 0.157728 0.000236751 0.0215342 7.51383e-11 2.41576e-05 7.39295e-06 0.0151843 0.322929 0.00209138 0.0919536 0.00515051 0.104279 0.092184 
0.156952 0.000195891 0.000373628 0.0144008 0.000452154 0.000284654 0.00142495 0.052309 0.000199498 0.0817109 6.3211e-06 0.000141476 0.0819929 0.00975173 0.000232071 0.0729412 0.000567899 0.000442441 0.000227304 0.0770345 0.282186 0.0387987 0.0305012 0.0077393 0.0805475 0.0085862 
0.00523879 0.000124421 0.037423 0.0531351 1.88571e-05 0.000512623 0.00290714 7.85928e-05 0.00159999 0.00358625 6.53995e-10 0.00693359 0.00479425 0.156375 3.04652e-05 0.0564909 1.32222e-07 1.19089e-05 6.58157e-08 0.0972068 0.435822 0.00962274 0.000434841 0.000290269 0.0225171 0.104845 
0.00663966 7.18884e-06 0.000438409 0.00594087 0.000482376 3.93598e-05 0.00120872 0.00305694 0.000240779 0.0245542 0.00677715 0.133191 0.0100168 0.00527018 0.000303794 0.0386655 2.3648e-06 0.000197332 0.000466587 0.0122 0.69525 0.00497207 0.0312218 0.000344213 0.00594526 0.0125673 
0.0260998 9.0308e-06 0.000335584 0.0239285 0.000332059 1.62879e-06 0.00835074 6.28586e-05 0.00211006 0.0344979 1.6424e-10 0.11058 0.0413379 0.019419 0.000181097 0.290138 7.26133e-05 1.86592e-06 1.61283e-06 0.0155193 0.372971 0.0200656 0.000394761 0.000213484 0.0160278 0.0173473 
0.00149284 0.000555594 0.00354548 0.00348323 0.000104269 0.00065833 0.000376439 0.00327442 0.00135049 0.00194059 7.96303e-11 0.00445474 0.0106225 0.00730851 0.000123137 0.0285177 6.52234e-07 6.22455e-05 1.2498e-07 0.0072825 0.906508 0.00100869 0.00921085 4.01963e-05 0.0037086 0.00436952 
0.0258909 0.00211512 0.0119815 0.0669487 0.00056984 2.85458e-06 0.00362635 0.0402084 0.0231727 0.0714989 3.3105e-06 0.0019249 0.0832343 0.138806 0.00346483 0.0789688 2.02163e-06 0.000311342 3.97338e-06 0.0599782 0.233254 0.00334018 0.0414117 0.000524967 0.0312809 0.0774751 
0.044746 0.000704585 0.00547544 0.0126357 0.000502625 7.76682e-06 0.00311976 0.0163937 0.00178336 0.119925 0.000398094 0.0232926 0.0425737 0.0317543 0.00197848 0.155156 2.43548e-05 0.000168292 6.29526e-07 0.0401472 0.455932 0.00598834 0.00465314 0.000336998 0.018391 0.0139112 
0.0566035 0.0014561 0.00200612 0.0157482 0.000151289 0.0001218 0.00259692 0.00783105 0.00338293 0.157389 1.60234e-08 0.00166895 0.0890092 0.0337499 0.0033532 0.180984 6.85339e-05 0.00195502 0.0138463 0.116651 0.256236 0.0117465 0.00764618 5.4662e-05 0.0243235 0.0114198 
1.42516e-05 2.42043e-05 5.42613e-05 0.000267508 0.000194494 1.92911e-05 0.000276262 6.53062e-05 0.000196128 0.00238161 3.08813e-12 0.00160505 0.0146595 0.00332891 2.29015e-05 0.00860328 3.22789e-07 2.05e-06 3.18178e-09 0.0030078 0.958759 8.53027e-05 0.000229082 5.60405e-05 0.00201533 0.00413162 
0.0564389 0.00229249 1.47395e-05 0.0186785 0.000826034 1.58669e-05 0.00161686 0.0111585 0.000977772 0.0157078 3.69232e-09 0.0167766 0.0191487 0.109032 0.00458427 0.0549423 0.00013771 0.000162894 0.000902188 0.0795635 0.492061 0.0078844 0.0166469 1.39448e-05 0.0180611 0.0723545 
0.00455941 2.28366e-05 0.000293917 0.00582162 0.000673928 0.000788843 0.00481784 0.00645884 0.00125865 0.0672426 5.12805e-10 0.00312997 0.133498 0.00429677 0.00173267 0.21756 7.26908e-06 0.000809705 5.76948e-05 0.0162641 0.517778 0.0056948 4.38739e-05 0.00027271 0.00142973 0.00548714 
0.00166431 8.0085e-05 0.000347403 0.000607733 0.000563014 0.000214303 0.00133945 0.00216123 0.00148967 0.00324958 7.27794e-10 0.0134607 0.0198256 0.00352156 0.000112407 0.0716828 9.67694e-07 2.0245e-05 1.01879e-07 0.0121475 0.85851 0.00079824 0.000464853 6.55339e-05 0.00271843 0.00495458 
0.0129945 0.00143236 0.0423401 0.00653598 0.161576 1.11791e-05 0.00898952 0.013024 0.000726843 0.00473635 1.55114e-07 0.00536426 0.00539215 0.0167634 0.000954738 0.0327871 3.80629e-05 2.97856e-05 8.29005e-08 0.0205909 0.625957 0.00772846 0.0192846 0.000196566 0.00549698 0.00704953 
0.00440603 7.92462e-05 0.00123184 0.0297791 0.000120561 5.35297e-05 0.00287827 0.0200553 0.00365229 0.0989084 1.88022e-09 0.000460576 0.177561 0.0461444 0.00325235 0.108197 9.64582e-05 0.0374189 6.15413e-05 0.0615838 0.20357 0.0125828 0.0774355 0.00853216 0.0176241 0.0843139 
0.00113431 0.000860825 0.00122321 0.0715247 6.62563e-05 1.23955e-05 0.000217454 0.00229801 0.00175378 0.0222373 0.000611267 0.19631 0.0613397 0.0192326 0.000321111 0.212838 4.09898e-08 2.61657e-05 1.79826e-06 0.0308536 0.336176 0.00605632 0.0036094 0.00422432 0.0195878 0.0074833 
0.00403897 2.13819e-05 0.000226327 0.00505127 0.00168608 0.00106863 0.00294082 0.00380868 0.000781404 0.0280222 1.07099e-12 1.19704e-08 0.210893 0.003998 0.00550701 0.0642131 3.29423e-05 0.000371999 1.52553e-06 0.0197006 0.631823 0.00239306 1.22874e-06 4.18457e-05 0.00160297 0.0117744 
0.0202023 8.30107e-05 0.00281214 0.113504 0.000943555 0.000417401 0.000796479 0.00994624 0.00973549 0.0939669 0.00377063 0.00109274 0.0727589 0.0804409 0.0057521 0.12833 5.72482e-05 0.0057418 0.000813799 0.02559 0.306931 0.0911162 0.000142987 0.00435182 0.00586585 0.0148369 
0.00897531 2.45581e-05 0.000303304 0.123489 6.31756e-05 1.18213e-05 0.000140878 0.025557 0.0304299 0.0309498 1.47584e-09 0.000459669 0.0381654 0.00481892 0.0145833 0.11757 5.027e-06 0.000594023 7.73965e-08 0.0055353 0.55039 0.0214274 6.90711e-05 0.00161724 0.000704053 0.0241157 
0.00551882 9.31007e-06 0.00129383 0.0955098 0.000400661 0.000307485 0.00226293 0.00761009 0.00427283 0.030444 1.39788e-09 6.78802e-05 0.186459 0.00626554 0.00485591 0.0329778 1.59823e-05 0.000143021 4.95088e-07 0.0128956 0.596901 0.00176377 4.75565e-06 0.000523427 0.00107727 0.00841873 
0.00320243 0.000143607 0.0438348 0.0303835 0.00107812 1.39935e-06 0.00638669 0.0675969 0.00893825 0.0128498 3.17909e-07 0.00368801 0.0119169 0.0154761 0.00227521 0.152867 1.2093e-05 5.1646e-05 3.69219e-08 0.0446571 0.584485 0.000785311 0.000143891 0.000185506 0.00129388 0.00774623 
0.00497422 1.1113e-05 0.000299781 0.0810723 0.000488138 0.000373555 0.0027639 0.00539953 0.00521969 0.0372057 7.19902e-11 8.23435e-05 0.227885 0.00765578 0.00593155 0.0403018 1.91999e-05 0.000173786 5.10024e-07 0.015759 0.550354 0.00215369 5.73565e-06 0.000636807 0.000946042 0.0102874 
0.0022847 0.00370533 0.00193125 0.000773161 0.000175215 1.48826e-06 0.000237698 0.000172763 0.000808805 0.00373994 8.54478e-13 0.00374766 0.00876578 0.0149868 1.86536e-05 0.00991506 6.55244e-07 1.46093e-05 1.45389e-09 0.0114159 0.907987 0.000790991 0.012091 3.51326e-05 0.01124 0.00516041 
0.134206 0.00120729 0.0030295 0.0268548 0.000337927 1.77986e-07 0.025688 0.00723284 0.00318906 0.15843 7.37651e-08 0.00434056 0.0531413 0.0487855 2.53092e-05 0.047627 0.000122483 2.90567e-05 9.56838e-07 0.0340104 0.356362 0.0651542 0.00444951 0.000477543 0.0170948 0.00820374 
0.0271947 2.06746e-05 0.0157147 0.052716 0.000618992 1.22662e-05 0.00597717 0.00718022 0.0306257 0.0821599 4.43814e-06 0.000618694 0.153042 0.0446504 0.000801813 0.212357 1.175e-07 9.02699e-05 2.90697e-06 0.0294865 0.293681 0.00824463 0.000122386 0.000100556 0.00513025 0.0294472 
0.006037 0.000582036 0.0145761 0.00285305 6.59932e-05 1.47406e-06 0.000998452 0.00259631 0.000369893 0.00639542 4.49263e-12 0.000136718 0.00902838 0.0267273 6.57063e-05 0.0020027 3.37397e-07 1.43765e-05 3.9958e-09 0.0031907 0.894266 0.00105047 0.0122504 4.32726e-05 0.0130174 0.00373032 
0.00940759 3.45521e-06 0.00095368 0.137146 1.22913e-05 8.26612e-08 0.000157244 0.0119853 0.000859684 0.0295351 6.11441e-12 0.000107292 0.116347 0.00963474 0.000227841 0.0815665 4.75186e-05 0.00038387 1.9917e-05 0.0192278 0.557915 0.0211781 6.22754e-06 0.00183001 0.000310069 0.00113704 
0.0022847 0.00370533 0.00193125 0.000773161 0.000175215 1.48826e-06 0.000237698 0.000172763 0.000808805 0.00373994 8.54478e-13 0.00374766 0.00876578 0.0149868 1.86536e-05 0.00991506 6.55244e-07 1.46093e-05 1.45389e-09 0.0114159 0.907987 0.000790991 0.012091 3.51326e-05 0.01124 0.00516041 
1.42516e-05 2.42043e-05 5.42613e-05 0.000267508 0.000194494 1.92911e-05 0.000276262 6.53062e-05 0.000196128 0.00238161 3.08813e-12 0.00160505 0.0146595 0.00332891 2.29015e-05 0.00860328 3.22789e-07 2.05e-06 3.18178e-09 0.0030078 0.958759 8.53027e-05 0.000229082 5.60405e-05 0.00201533 0.00413162 
0.0233829 0.00108077 0.0389257 0.0129937 0.000350281 0.000212441 0.0017879 0.00224939 0.00768417 0.0151363 1.45512e-07 0.00885221 0.0286865 0.0434012 0.00133908 0.0719698 3.03257e-06 1.22715e-05 1.3193e-05 0.0570171 0.606841 0.00175093 0.0080871 0.00367879 0.0113968 0.0531473 
0.00383103 1.24683e-05 0.000552124 0.00112622 0.000125739 2.85841e-07 0.00158346 0.00370076 0.00012907 0.0136689 0.0169325 0.258843 0.00992674 0.00313578 0.000164945 0.0676688 2.36298e-06 0.0004608 0.00100834 0.0196366 0.491025 0.00670216 0.0619987 0.000163021 0.00746825 0.0301324 
0.0398459 0.000205871 0.0291978 0.0469783 0.00263961 8.08661e-07 0.00209815 0.00687369 0.0106552 0.112596 1.07811e-07 0.00167248 0.0622861 0.0829376 0.000758039 0.133269 7.58494e-05 0.00012576 0.000366795 0.0317121 0.392526 0.0223068 0.00110709 0.000478785 0.00974369 0.0095428 
0.00490511 0.00197014 0.00861952 0.0847071 4.45846e-05 2.97341e-06 0.00107163 0.0148667 0.000774243 0.0219022 1.41429e-06 0.0404369 0.0355576 0.0143263 0.000132626 0.224655 2.47257e-08 1.09721e-05 9.62782e-08 0.0533382 0.448096 0.00675216 0.00625228 0.00902228 0.0130379 0.00951512 
0.00166431 8.0085e-05 0.000347403 0.000607733 0.000563014 0.000214303 0.00133945 0.00216123 0.00148967 0.00324958 7.27794e-10 0.0134607 0.0198256 0.00352156 0.000112407 0.0716828 9.67694e-07 2.0245e-05 1.01879e-07 0.0121475 0.85851 0.00079824 0.000464853 6.55339e-05 0.00271843 0.00495458 
0.0251578 0.000483055 0.000172848 0.00630697 0.000311025 0.00208332 0.0615434 0.00222849 0.0181512 0.0601389 9.77299e-05 0.00291634 0.0497418 0.0864214 0.00956075 0.220811 0.000101521 0.0501134 1.96432e-05 0.0492962 0.282337 0.0092602 0.00282495 0.000109076 0.00963705 0.0501758 
1.42516e-05 2.42043e-05 5.42613e-05 0.000267508 0.000194494 1.92911e-05 0.000276262 6.53062e-05 0.000196128 0.00238161 3.08813e-12 0.00160505 0.0146595 0.00332891 2.29015e-05 0.00860328 3.22789e-07 2.05e-06 3.18178e-09 0.0030078 0.958759 8.53027e-05 0.000229082 5.60405e-05 0.00201533 0.00413162 
0.0057058 0.0722026 0.00203437 0.0189047 0.00021102 1.31359e-06 0.000409947 0.0327423 0.00103965 0.0377613 0.00196216 0.00997588 0.0762851 0.0116491 0.000134153 0.173805 8.76379e-08 0.00130512 3.71826e-07 0.0279391 0.448541 0.056395 0.000561235 3.02327e-05 0.0148701 0.005533 
1.42516e-05 2.42043e-05 5.42613e-05 0.000267508 0.000194494 1.92911e-05 0.000276262 6.53062e-05 0.000196128 0.00238161 3.08813e-12 0.00160505 0.0146595 0.00332891 2.29015e-05 0.00860328 3.22789e-07 2.05e-06 3.18178e-09 0.0030078 0.958759 8.53027e-05 0.000229082 5.60405e-05 0.00201533 0.00413162 
0.0384866 8.54447e-06 0.000223205 0.00231801 0.00144942 3.59968e-06 0.00264199 0.000321062 0.00131526 0.0116229 1.77175e-09 0.00309508 0.0229548 0.0109526 0.00111554 0.0159896 3.94537e-06 2.09827e-05 0.000863393 0.0349706 0.834222 0.00379803 0.00013693 4.88531e-05 0.00414013 0.00929673 
0.00241384 0.000331823 0.000801994 0.0318655 0.000178807 2.93335e-05 0.00225268 0.000345009 0.00407212 0.0322635 3.58623e-12 0.00477684 0.140603 0.0191609 0.00373042 0.0936645 1.40134e-06 5.99642e-05 2.88614e-07 0.0236835 0.60752 0.0143389 0.00270302 6.53909e-05 0.00228435 0.0128529 
0.000944612 3.30662e-05 0.000167854 0.0207053 0.00668951 6.82462e-05 0.00181932 0.000459005 0.00528074 0.0241203 1.76471e-11 1.6798e-11 0.205917 0.00440722 0.00194198 0.0167718 3.33556e-05 0.000516954 2.14824e-08 0.0042416 0.70017 0.0008895 4.50444e-12 9.92887e-05 7.35046e-05 0.00464966 
0.00442469 2.86794e-05 0.000899286 0.0482886 0.000764343 0.000102783 0.000932165 0.013443 0.00368238 0.0201504 1.33596e-12 3.92707e-09 0.138261 0.00746634 0.00312561 0.0059432 2.52353e-05 4.52251e-05 3.78067e-09 0.00328359 0.737974 0.00108893 1.28578e-06 0.000118289 0.00216959 0.00778136 
0.00185495 0.000857132 0.00301785 0.00632796 0.00012912 0.00108529 0.000872498 0.00169315 0.00139776 0.0179847 2.70411e-08 0.0095182 0.0180956 0.0273976 0.000276726 0.0438466 1.40098e-06 1.59094e-05 2.82415e-07 0.00742492 0.826635 0.00172264 0.00867752 0.000135399 0.0089063 0.0121254 
0.00225279 1.57591e-07 6.3826e-06 0.000126625 2.03133e-08 1.15961e-10 0.000808419 3.82729e-05 1.04823e-08 0.00249643 0.00038277 3.98671e-08 0.00767178 0.0014514 0.000997478 0.0441662 6.97975e-09 5.43759e-06 4.2554e-08 0.00786117 0.914594 0.0045785 0.00116182 5.94038e-08 7.57107e-05 0.0113242 
0.0313275 9.32896e-06 0.000113128 0.000326682 0.00222874 3.38884e-06 0.000563163 0.000230965 0.00049824 0.00387889 2.23521e-10 0.000759527 0.0170147 0.00759908 0.000187819 0.000321348 1.94996e-06 4.09328e-05 0.00207181 0.00571418 0.92028 7.73975e-05 0.000188999 5.49756e-06 0.00425447 0.00230262 
0.0313148 0.11081 0.00018647 5.59826e-05 0.000168679 1.80024e-05 0.153928 0.000389399 0.00142609 0.0746926 6.34937e-07 4.86438e-05 0.0029115 0.0755216 0.00419438 0.074539 8.44816e-07 1.68105e-05 2.54992e-06 0.0852276 0.223482 0.00247786 0.004915 7.56367e-06 0.00813003 0.145535 
0.00105404 0.000158052 5.51841e-09 5.67203e-08 0.00033902 8.37561e-07 6.29804e-05 0.000933336 0.00135792 0.000655383 4.74359e-12 0.00062219 0.0119416 0.0133822 5.67577e-06 0.00172388 1.22284e-05 2.76881e-10 5.13494e-09 0.0117048 0.945021 1.43293e-05 0.000124995 0.000214799 0.0044505 0.0062199 
0.00403897 2.13819e-05 0.000226327 0.00505127 0.00168608 0.00106863 0.00294082 0.00380868 0.000781404 0.0280222 1.07099e-12 1.19704e-08 0.210893 0.003998 0.00550701 0.0642131 3.29423e-05 0.000371999 1.52553e-06 0.0197006 0.631823 0.00239306 1.22874e-06 4.18457e-05 0.00160297 0.0117744 
0.00149284 0.000555594 0.00354548 0.00348323 0.000104269 0.00065833 0.000376439 0.00327442 0.00135049 0.00194059 7.96303e-11 0.00445474 0.0106225 0.00730851 0.000123137 0.0285177 6.52234e-07 6.22455e-05 1.2498e-07 0.0072825 0.906508 0.00100869 0.00921085 4.01963e-05 0.0037086 0.00436952 
0.00113288 0.0179651 0.000130538 0.249689 4.68996e-07 3.23514e-08 0.000519941 2.78918e-06 0.0021642 0.00199157 1.36935e-08 2.77466e-05 0.162157 0.000455766 1.52034e-05 0.0945023 1.23981e-05 2.07028e-08 1.97355e-05 0.00461277 0.320941 0.00179933 1.9215e-05 1.39241e-05 0.000180446 0.141647 
0.0015521 7.03569e-05 0.000172809 0.00914131 0.000186939 0.000131763 0.00155233 0.00175415 0.00192112 0.0334174 5.63111e-08 0.0114318 0.023764 0.0299406 0.000560258 0.0836769 1.21898e-06 1.87449e-05 2.47455e-09 0.00975085 0.769805 0.00220027 0.000188786 5.4276e-05 0.00517974 0.0135276 
0.0109653 0.00045521 0.0148544 0.100957 0.00054205 0.00286665 0.0015295 0.00934317 0.0119505 0.0758813 2.56608e-10 0.0154837 0.20079 0.102559 0.0061149 0.0975943 7.4463e-06 3.73904e-05 5.88406e-05 0.010875 0.254569 0.0173506 0.000506063 0.00464907 0.00747411 0.0525855 
0.0156149 3.09828e-06 5.59901e-05 0.149029 6.87826e-05 6.52025e-06 0.00128095 9.98043e-05 0.00357481 0.123986 5.28689e-07 0.000592046 0.190595 0.00957599 0.00278635 0.222714 6.3378e-05 2.1034e-05 1.34593e-06 0.00701414 0.244383 0.0184152 7.71583e-05 8.94071e-05 0.00169231 0.00825975 
0.00053978 5.9867e-05 0.000142743 5.79372e-05 0.000188061 0.000749783 0.00060414 8.02299e-05 0.000697859 0.00246908 1.84525e-13 0.00392929 0.0109813 0.00434977 1.72956e-05 0.00814683 4.10891e-07 5.86118e-06 1.0498e-09 0.00379116 0.949717 0.000166019 0.000495845 4.42553e-05 0.00581537 0.00694968 
1.42516e-05 2.42043e-05 5.42613e-05 0.000267508 0.000194494 1.92911e-05 0.000276262 6.53062e-05 0.000196128 0.00238161 3.08813e-12 0.00160505 0.0146595 0.00332891 2.29015e-05 0.00860328 3.22789e-07 2.05e-06 3.18178e-09 0.0030078 0.958759 8.53027e-05 0.000229082 5.60405e-05 0.00201533 0.00413162 
0.00762245 4.40683e-05 8.05027e-05 0.075914 0.000273167 1.35975e-08 0.000165039 2.61702e-05 0.000162843 0.0966104 1.92999e-11 0.00108427 0.218604 0.0349815 0.000956617 0.0383711 1.17855e-05 8.18119e-09 2.14788e-07 0.00246174 0.492909 0.0212445 8.90212e-06 0.000722331 0.0045974 0.00314758 
0.00149284 0.000555594 0.00354548 0.00348323 0.000104269 0.00065833 0.000376439 0.00327442 0.00135049 0.00194059 7.96303e-11 0.00445474 0.0106225 0.00730851 0.000123137 0.0285177 6.52234e-07 6.22455e-05 1.2498e-07 0.0072825 0.906508 0.00100869 0.00921085 4.01963e-05 0.0037086 0.00436952 
0.0661005 2.42288e-06 1.2771e-05 0.0591391 0.000399343 5.75379e-07 0.0005122 0.00111007 0.000924415 0.113217 1.90185e-11 2.09754e-05 0.0235466 0.0129654 1.64452e-05 0.0286753 0.000712297 0.000194035 1.85314e-08 0.0138844 0.58423 0.0922445 4.97912e-05 0.000142065 0.00131828 0.000581388 
9.17306e-07 3.0991e-05 1.54068e-05 2.42768e-07 0.000132267 0.00124437 0.000225848 0.000198075 0.000154196 0.00107068 5.81788e-10 0.00419547 0.00701238 0.0046154 0.000221905 0.153472 1.97768e-07 2.66772e-07 3.46776e-07 0.00138359 0.804724 9.88593e-07 6.83506e-05 9.61079e-06 0.00532612 0.0158963 
0.158705 0.000372546 0.00500581 0.0178311 0.00171575 0.00185479 0.00496207 0.0149884 0.0079447 0.014568 3.27135e-07 0.0158977 0.0867165 0.023864 0.0173107 0.162769 2.68363e-06 0.000126919 1.73033e-05 0.119795 0.253439 0.000823748 0.000309438 0.000173442 0.0628746 0.027931 
0.175031 0.0001593 0.00216852 0.0853958 0.00314404 0.0001182 0.0002872 0.001194 0.00288958 0.0269251 2.3802e-09 0.00240904 0.0747246 0.0117365 0.000305119 0.0035203 2.18611e-05 2.27318e-05 0.00605047 0.183077 0.304829 0.106669 0.00013342 5.27797e-05 0.00404602 0.00508948 
0.00403897 2.13819e-05 0.000226327 0.00505127 0.00168608 0.00106863 0.00294082 0.00380868 0.000781404 0.0280222 1.07099e-12 1.19704e-08 0.210893 0.003998 0.00550701 0.0642131 3.29423e-05 0.000371999 1.52553e-06 0.0197006 0.631823 0.00239306 1.22874e-06 4.18457e-05 0.00160297 0.0117744 
0.00940728 4.53871e-06 0.000379313 0.00128921 0.00112829 2.84685e-06 0.0449921 0.000539844 0.000377553 0.169641 1.30544e-12 0.0190501 0.136387 0.0109645 8.32771e-05 0.187161 4.99819e-06 0.0104764 6.64411e-08 0.0112039 0.37773 0.00574192 0.00041942 0.00017511 0.00550133 0.00733811 
0.00320243 0.000143607 0.0438348 0.0303835 0.00107812 1.39935e-06 0.00638669 0.0675969 0.00893825 0.0128498 3.17909e-07 0.00368801 0.0119169 0.0154761 0.00227521 0.152867 1.2093e-05 5.1646e-05 3.69219e-08 0.0446571 0.584485 0.000785311 0.000143891 0.000185506 0.00129388 0.00774623 
0.0101425 0.00129399 0.0570294 0.0107593 0.000593077 4.0867e-07 0.000535834 0.00505016 0.00121389 0.00808358 2.44049e-11 0.0110095 0.0107438 0.0121222 0.00118888 0.0536639 3.37296e-06 1.11767e-05 1.13132e-07 0.02202 0.764424 0.00162279 0.00417552 0.000353801 0.0164638 0.00749489 
0.0299308 6.78933e-05 0.00125256 0.0399312 0.18088 3.75382e-05 0.00112319 0.00402441 0.00182924 0.0152304 2.09792e-09 0.00318739 0.0444325 0.0105474 0.000436733 0.0058659 1.79612e-05 3.92603e-05 0.00481123 0.00521353 0.63916 0.00436836 0.000380253 6.1455e-05 0.00301178 0.00415933 
0.0414526 1.24541e-05 0.000261472 0.134904 5.40833e-05 2.23002e-06 0.0163388 0.00896014 0.0636198 0.0477627 1.90264e-06 0.00813668 0.0332048 0.0364507 0.107721 0.133043 1.25275e-06 2.0609e-05 2.61185e-05 0.0912858 0.136966 0.00150058 1.20819e-08 0.000206651 0.00337146 0.134694 
0.0137006 0.00160474 0.00117383 0.0172746 0.000286835 6.73082e-06 0.00225331 0.0021933 0.00346134 0.0155799 1.34907e-06 0.20599 0.0755526 0.0352653 0.00304909 0.204278 7.25464e-06 3.01929e-05 0.0001442 0.037342 0.344031 0.00443753 3.79228e-05 6.4017e-05 0.00675441 0.0254798 
0.00130923 2.5158e-06 3.06422e-06 0.0955158 0.000100087 1.36553e-09 3.2449e-05 0.0164295 0.000558734 0.0109807 6.10299e-13 9.78408e-08 0.0292552 0.00142305 0.000138219 0.0548838 2.11638e-05 8.4361e-05 1.23652e-09 0.00171555 0.774951 0.012042 5.96309e-06 4.54065e-05 0.000114913 0.000386778 
2.99167e-05 2.51054e-05 4.9304e-05 0.000294079 0.000147218 5.07161e-07 0.000274593 7.18569e-05 0.000165235 0.00167979 1.29471e-12 0.000111356 0.0129765 0.0047678 4.18363e-06 0.00117456 4.62434e-07 1.32719e-06 3.10632e-09 0.00563984 0.968047 1.76211e-05 0.000305687 5.19621e-05 0.00205278 0.0021111 
0.00302774 1.68863e-05 7.52894e-06 0.0406505 0.000152043 6.7795e-07 0.000136196 0.00695858 0.000210248 0.0701879 1.70417e-07 0.0660858 0.195863 0.000978987 5.1778e-05 0.274286 2.29257e-06 0.000269207 1.89007e-07 0.0255483 0.282945 0.0309176 1.84314e-06 7.28133e-05 0.000530942 0.00109724 
1.42516e-05 2.42043e-05 5.42613e-05 0.000267508 0.000194494 1.92911e-05 0.000276262 6.53062e-05 0.000196128 0.00238161 3.08813e-12 0.00160505 0.0146595 0.00332891 2.29015e-05 0.00860328 3.22789e-07 2.05e-06 3.18178e-09 0.0030078 0.958759 8.53027e-05 0.000229082 5.60405e-05 0.00201533 0.00413162 
