0.00209326 1.63838e-09 6.7022e-12 0.0131147 9.74456e-09 1.52418e-11 1.49386e-08 4.40545e-08 6.22167e-08 0.0094893 6.45147e-12 1.26284e-07 0.00557114 0.000105151 4.27e-06 0.434993 1.00208e-09 5.1551e-05 8.9146e-10 0.00126966 0.0014925 0.529918 1.28952e-07 2.89112e-06 0.00034198 0.0015513 
0.0435708 0.000179243 0.00342547 0.0590372 0.00163617 3.39759e-06 0.0064902 0.0256303 0.00670526 0.181493 0.00186117 0.00226763 0.138055 0.0192848 0.00910968 0.146477 0.000299526 6.99051e-05 9.9334e-05 0.065319 0.0355442 0.224977 7.65461e-05 0.000202152 0.00605204 0.022134 
0.00980323 6.17665e-08 0.0011723 0.00116763 4.73127e-05 3.23979e-06 0.0431004 0.0130219 0.0171164 0.00794973 0.0016217 0.000313331 0.208678 0.00816592 0.00285539 0.0467904 8.64973e-09 3.10966e-10 1.29398e-07 0.0900794 0.00119953 0.501324 2.45552e-05 1.66091e-08 4.89193e-05 0.0455164 
0.0635172 1.62178e-05 2.15459e-05 0.0083836 2.31285e-05 0.000171595 5.59544e-09 1.21557e-07 0.000385373 0.0292561 1.70629e-08 1.6242e-08 7.89272e-05 0.00175177 2.01167e-05 0.0251255 7.87205e-07 9.67985e-07 3.2685e-08 0.000132568 0.00131196 0.867823 5.48085e-05 2.68682e-08 0.00161493 0.00030978 
0.010132 4.72972e-06 6.75963e-05 0.0368742 9.65621e-05 3.49413e-06 0.00267669 0.00182452 0.000676778 0.110687 2.542e-05 0.00024143 0.0277295 0.00963823 0.000965614 0.098883 5.8161e-05 0.00144871 3.16671e-05 0.148045 0.0108376 0.431764 2.13937e-05 9.44906e-06 0.000436183 0.106821 
0.0531749 0.000473678 0.00834889 0.0684972 0.00584234 0.000604852 0.00740682 0.000810276 0.000548071 0.01352 0.00247417 9.43474e-05 0.0322195 0.0436948 0.000967022 0.026406 0.0538172 0.00102375 5.63483e-05 0.00758682 0.163184 0.392647 0.0555081 0.000138686 0.0252545 0.0357003 
0.0453807 0.000496296 0.00108446 0.0225183 0.00298048 1.53743e-05 0.00209815 0.0140148 0.00399278 0.023837 0.0128427 0.00856484 0.0229237 0.00155755 0.000896369 0.341995 2.54936e-05 0.0154094 2.61114e-06 0.0535472 0.0524849 0.364054 3.95309e-05 8.68931e-06 0.000835091 0.00839545 
0.0714704 7.32416e-07 5.59273e-08 0.172641 0.000844081 3.62186e-07 0.000313782 0.000186889 0.00473921 0.0705234 8.51695e-10 0.000333032 0.0314994 0.0018141 8.08178e-05 0.123142 5.53946e-05 0.000125424 5.97083e-07 0.0276825 0.011187 0.469685 8.63601e-06 7.93879e-06 0.00132667 0.0123318 
0.0383419 5.37856e-07 0.000332821 0.00723247 0.000193975 4.43315e-07 0.000663214 0.00398449 0.0010436 0.225076 2.094e-07 3.28778e-05 0.0594183 0.00500087 0.000417161 0.0289539 1.31447e-05 4.07974e-05 1.85425e-09 0.0129581 0.00226879 0.610947 1.55084e-05 3.26807e-06 0.00135074 0.00171041 
0.215382 0.000158314 9.21775e-07 0.00540298 4.55077e-05 8.98075e-06 0.0327664 0.00211207 0.00759615 0.165881 1.29997e-05 1.52427e-05 1.04344e-05 0.00577069 7.6945e-05 0.039666 0.000199461 0.000536837 1.67978e-06 0.109091 0.00840678 0.375759 1.26549e-05 0.0129402 0.0104671 0.00767836 
0.215382 0.000158314 9.21775e-07 0.00540298 4.55077e-05 8.98075e-06 0.0327664 0.00211207 0.00759615 0.165881 1.29997e-05 1.52427e-05 1.04344e-05 0.00577069 7.6945e-05 0.039666 0.000199461 0.000536837 1.67978e-06 0.109091 0.00840678 0.375759 1.26549e-05 0.0129402 0.0104671 0.00767836 
0.0211648 2.86911e-07 0.00112538 0.00587541 0.00149851 0.000451618 0.186629 5.8931e-08 4.99077e-11 0.0514342 1.25181e-10 2.17206e-05 0.00111959 9.07507e-07 0.00431735 0.129661 9.80181e-08 2.0378e-07 0.000193337 0.196439 0.00502561 0.355023 3.19526e-11 1.97117e-10 0.00013261 0.0398862 
0.15793 6.63337e-06 1.04107e-05 0.101583 0.000425345 0.000172095 0.00901235 0.00302527 0.00285199 0.0706994 0.000299968 0.00844754 0.182801 0.0473922 0.00303704 0.00586272 0.000655085 2.83705e-05 5.72159e-05 0.0880382 0.0205409 0.272537 0.000215488 0.000741866 0.0122441 0.0113847 
0.0278126 1.02952e-06 1.2729e-07 0.00198421 0.00163775 3.7358e-08 0.0118701 0.0028699 0.00124754 0.170136 0.00212127 2.96937e-05 0.00301065 0.00142647 1.01569e-12 0.0146515 0.000415833 1.04841e-05 3.03244e-12 0.0164937 0.0142767 0.728388 3.68262e-05 4.4509e-05 0.000875219 0.000660221 
0.0873517 1.38333e-06 2.56476e-05 8.49259e-05 2.77876e-05 0.000109734 0.0356444 0.0367146 5.16309e-05 0.0720667 0.00168533 3.43949e-07 0.0242257 2.03217e-05 1.87385e-05 0.0207183 2.55299e-06 0.000316419 8.89471e-05 0.251318 0.000156886 0.446832 0.000170058 1.33088e-05 0.0182684 0.00408615 
0.0430378 0.00042066 0.00034476 0.0443195 0.000420463 0.000576536 0.0068604 0.000391332 0.00254226 0.179084 9.01617e-10 0.000228554 0.0391727 0.0540456 0.00385065 0.150936 1.80989e-05 6.08352e-06 1.7271e-09 0.0743555 0.0626834 0.23436 2.24613e-05 0.00035491 0.00795135 0.0940177 
0.025704 2.43907e-07 9.40373e-11 0.102956 1.03778e-07 0.00395413 6.87548e-08 1.53807e-11 0.00414641 4.81534e-07 9.05194e-11 0.00441124 0.0673627 0.0077929 0.00737881 2.63796e-07 1.20441e-10 1.36853e-10 1.73395e-10 0.0532595 1.22039e-07 0.719673 2.31052e-11 1.42537e-10 2.30034e-07 0.0033596 
0.0142958 0.00010032 0.000123455 0.0274505 0.00159041 2.22828e-06 0.0327941 2.84879e-05 0.000361557 0.00410768 2.28029e-06 2.1038e-10 0.00694106 0.00173099 0.00194642 0.079477 2.58318e-05 1.84061e-06 1.93441e-07 0.0163383 0.0172423 0.781376 0.00115462 3.28603e-06 0.000286387 0.012619 
0.0118412 1.37892e-05 0.000928806 0.0146693 0.0027725 2.07338e-05 0.000342794 0.0263036 0.00465424 0.0173249 3.77676e-05 0.00156306 0.302262 0.0146894 0.00494394 0.00424014 1.02422e-07 8.34378e-07 0.000438502 0.026702 0.000477757 0.545261 2.49137e-05 4.82903e-05 0.0118543 0.00858419 
0.00105963 2.48506e-05 0.000328576 0.000538693 7.26789e-05 8.60037e-06 0.00104141 0.00922922 8.08277e-05 0.136822 0.000125005 0.00100321 0.171156 0.0103986 0.000164998 0.0518468 8.09692e-06 5.43411e-05 3.31651e-05 0.0160225 0.00540386 0.58624 5.39272e-06 0.000147133 6.06039e-05 0.00812325 
0.314714 4.84302e-07 2.09637e-06 0.307349 4.65728e-06 3.5046e-05 2.74434e-05 0.000442124 0.000374018 0.00360834 3.98332e-08 3.79166e-08 0.0038027 0.000657071 1.98353e-07 0.0133752 5.96698e-07 2.31447e-05 7.63027e-08 0.000672881 0.0156409 0.324953 5.92476e-06 0.00152704 0.000124911 0.0126592 
0.0352089 8.94426e-07 1.10684e-07 0.0465779 3.03768e-08 2.83823e-05 9.83308e-08 0.00794721 0.00175999 0.0170209 3.40499e-12 6.13553e-10 0.00721161 0.00286713 1.89937e-08 0.356058 1.21659e-05 0.000148691 6.52244e-12 0.0405182 0.00658108 0.476109 1.78676e-05 8.11526e-08 0.00189507 3.66958e-05 
0.00483655 0.000294692 0.000150232 0.157332 3.02405e-05 0.0113579 0.000275038 0.00454706 0.0203696 0.0985348 0.00474022 0.00048114 0.0589292 0.0226705 0.0023502 0.0817194 0.0101434 1.60721e-05 1.46801e-06 0.0247953 0.0317967 0.43139 0.000965666 1.28961e-05 0.00462071 0.027639 
0.0463793 0.000389222 0.0083651 0.0587725 0.00478083 0.000495352 0.0128514 0.00113072 0.000448599 0.0110623 0.00263927 7.75022e-05 0.0263623 0.0357516 0.000791521 0.0216057 0.0571508 0.000838058 4.62179e-05 0.00650259 0.1516 0.449947 0.0454198 0.000113664 0.0206641 0.0358147 
0.0271002 0.000773637 0.00508857 0.00437725 0.000432249 0.000166192 0.207634 3.16732e-05 0.00113407 0.0351087 0.00110948 0.00029179 0.0159658 0.00902701 0.00324208 0.0861582 0.000145231 0.00289645 1.0024e-06 0.231794 0.00180833 0.268702 0.0148819 0.000575193 0.000677166 0.0808778 
0.00605571 4.47319e-07 0.000205108 2.3738e-10 8.92374e-10 2.35127e-09 0.0068917 1.01908e-05 0.0009434 1.16169e-05 1.96413e-07 0.00104618 0.156085 2.14585e-07 0.00155429 0.242389 4.92065e-08 1.50466e-09 9.37742e-07 0.0153926 0.00240431 0.554322 2.54034e-10 9.46627e-08 3.78666e-07 0.0126865 
0.139172 0.000156831 3.5151e-07 0.21795 7.78097e-05 1.88488e-07 0.000291219 0.000226866 0.00381914 0.0515376 1.26938e-06 6.15934e-05 0.0329335 0.0462234 6.81631e-05 0.162545 0.0474107 0.000420481 0.00438407 0.00376813 0.0329336 0.242225 0.000164814 3.36151e-05 0.00384648 0.00974799 
0.0297091 2.31867e-06 0.000752416 0.0161479 7.13418e-06 3.01598e-06 0.00844436 0.00569769 0.000386758 0.0655391 0.000291172 0.0146457 0.0458485 0.00250258 0.000929158 0.0820787 0.000167909 9.7667e-07 0.00010265 0.0955944 0.0195938 0.589803 0.000208889 0.000118604 0.00256053 0.0188634 
0.00891444 8.55966e-06 2.86929e-06 0.000285413 0.000847271 0.000187443 0.000259538 0.00836964 0.00409817 0.0106096 2.49178e-06 5.20244e-07 0.0441939 0.13682 0.00588035 0.0078625 9.15668e-06 8.33803e-05 3.92286e-05 0.00362708 0.00747657 0.688428 0.00115675 3.5981e-05 0.0082367 0.0625641 
0.235127 1.91244e-06 1.5167e-07 0.239328 0.0016234 3.85675e-06 0.000289757 0.000261332 0.000722121 0.0476399 1.51667e-11 0.00174074 0.0266345 0.0209933 0.000422413 0.044057 0.000245022 0.00119496 0.00138933 0.00380387 0.0363852 0.330429 0.000229667 3.01175e-05 0.00671544 0.000731897 
0.00837647 0.000628254 0.00305831 0.0303366 3.49233e-05 6.24491e-06 0.0208637 3.23386e-05 0.00127075 0.0842576 2.46215e-07 0.000349319 0.00632403 0.0669051 0.000313987 0.184238 1.90202e-06 1.76428e-06 1.48694e-05 0.0282326 0.0268496 0.504733 2.29273e-06 2.24622e-05 0.00177455 0.0313707 
0.00840272 1.91973e-06 1.23252e-11 0.00213173 3.42907e-06 3.74611e-06 0.0041892 0.000756915 4.6843e-05 0.291147 4.29279e-07 4.58989e-06 0.170667 0.0359514 9.02524e-05 0.0349402 0.0001621 0.00225086 2.38308e-05 0.0208804 0.00938181 0.414246 2.12455e-05 2.74703e-05 0.00125389 0.00341504 
0.00850204 1.17113e-05 0.000575157 0.0250468 0.000829674 1.01407e-05 0.000794754 0.0269856 0.00468818 0.0348887 0.00155599 0.00710218 0.186323 0.0152285 0.00250051 0.204759 2.60749e-05 0.000924183 6.52813e-05 0.0329115 0.0340322 0.389898 0.00609549 4.44057e-05 0.00458863 0.0116118 
0.241118 2.84497e-05 6.91716e-05 0.0727466 0.0375103 7.87578e-06 0.000128444 0.00142301 0.00553919 0.0806358 5.71248e-06 0.00510524 0.0019898 0.0026569 0.00786545 0.015193 9.95736e-05 0.00360114 0.00107403 0.0129523 0.0138738 0.477772 8.07844e-05 2.15945e-06 0.0114237 0.00709779 
0.00018616 2.10025e-07 1.43464e-07 3.29385e-08 1.23825e-07 3.26259e-07 4.52861e-08 2.3465e-08 0.000479052 0.00376001 1.38097e-07 1.31453e-07 0.0019148 0.00382174 0.000257037 0.00109477 1.83745e-07 2.08785e-07 0.00312175 8.98894e-05 3.10516e-08 0.985045 3.52494e-08 2.17455e-07 3.67837e-05 0.00019157 
0.125901 1.50056e-06 0.00145847 0.00982546 0.000531709 1.36293e-06 0.079839 0.0262601 0.00109999 0.0348067 5.73613e-05 0.000192821 0.0487311 0.00995177 0.00537084 0.1113 7.14771e-06 0.0011408 8.90516e-05 0.133139 0.00631606 0.315219 1.44672e-05 0.00349584 0.00709578 0.0781544 
0.0463793 0.000389222 0.0083651 0.0587725 0.00478083 0.000495352 0.0128514 0.00113072 0.000448599 0.0110623 0.00263927 7.75022e-05 0.0263623 0.0357516 0.000791521 0.0216057 0.0571508 0.000838058 4.62179e-05 0.00650259 0.1516 0.449947 0.0454198 0.000113664 0.0206641 0.0358147 
0.199657 7.93756e-06 8.46624e-06 0.109494 0.00072229 5.06111e-06 2.81784e-05 7.3485e-05 0.000241956 0.014793 4.57532e-06 2.98787e-07 0.00120577 0.00162103 1.37338e-05 0.0213181 0.000413286 0.000220588 0.00897887 0.000690876 0.00119049 0.590831 4.8545e-05 4.94269e-07 0.000326988 0.0481039 
0.0463793 0.000389222 0.0083651 0.0587725 0.00478083 0.000495352 0.0128514 0.00113072 0.000448599 0.0110623 0.00263927 7.75022e-05 0.0263623 0.0357516 0.000791521 0.0216057 0.0571508 0.000838058 4.62179e-05 0.00650259 0.1516 0.449947 0.0454198 0.000113664 0.0206641 0.0358147 
0.00613448 3.63796e-05 7.46633e-08 0.0106061 0.00187626 4.80138e-08 0.000360996 0.300573 0.000331456 0.0843615 1.65243e-11 8.62547e-08 0.166335 0.0861313 6.01722e-08 0.000902898 4.5754e-09 2.26243e-06 2.69326e-07 0.00301683 1.31536e-07 0.324872 2.91102e-08 6.15177e-08 0.0115912 0.00286822 
0.171627 3.1198e-06 6.69122e-06 0.000527429 0.000770492 6.80802e-09 9.31623e-06 4.8964e-10 1.72203e-06 0.303823 2.88166e-09 1.94321e-05 0.0316355 0.000104622 8.32618e-06 0.123825 3.8342e-09 2.60719e-06 5.51997e-09 0.0271239 0.0142705 0.323745 7.10348e-07 1.70543e-05 0.00110056 0.00137831 
0.0290358 8.53151e-06 1.4984e-06 0.0905804 8.87908e-05 4.46613e-09 6.16446e-06 4.45875e-05 0.000363682 0.0746497 2.15755e-12 2.05374e-12 0.0493752 0.0270245 4.87247e-06 0.0381727 0.000628805 0.00219146 0.000193012 0.000659854 0.337429 0.343898 6.81829e-05 0.000142373 0.00528974 0.00014355 
0.104589 3.16983e-05 0.0010068 0.00363891 3.5122e-05 9.32882e-07 0.00350922 0.00173797 0.000525129 0.0699378 6.72222e-11 4.97726e-05 0.0365215 0.0086032 2.80799e-05 0.0588332 2.11297e-05 0.000226691 8.27577e-07 0.196488 0.0229432 0.470734 4.8178e-05 1.37131e-06 0.0179771 0.00251086 
0.0628889 2.14825e-05 0.00017365 0.0503798 0.000273282 5.70845e-05 0.123506 0.00582915 0.00293018 0.104038 4.56443e-08 0.000778555 0.0950315 0.0434266 1.02522e-05 0.0675169 3.7669e-05 0.00444048 8.33063e-07 0.0937499 0.0440509 0.274011 3.4841e-05 0.00015379 0.0075645 0.0190947 
0.0926539 6.34837e-06 0.000128407 0.0450187 0.000465425 6.91861e-07 0.00902744 0.000247787 0.000766037 0.13917 3.7296e-09 2.28906e-07 0.0801755 0.0141587 0.000515886 0.14281 6.60365e-06 0.00052358 9.83281e-07 0.0513369 0.115695 0.279092 3.95991e-05 0.000110808 0.00398423 0.0240649 
0.0699518 1.15588e-05 0.00155849 0.00183438 0.00209476 9.13959e-07 0.0138261 0.00617841 0.0663347 0.237663 0.0313644 1.77824e-05 0.091214 0.0110792 0.043183 0.00664058 1.51212e-06 9.13956e-05 3.59153e-05 0.0106258 0.000347214 0.382466 0.000287735 3.6094e-05 0.00160479 0.0215506 
0.00669008 0.000572395 0.000702986 0.122436 0.000303524 5.28967e-06 0.00295323 0.00422199 0.0426621 0.0180532 0.00153339 0.015567 0.161774 0.0149323 0.00132061 0.169511 1.89822e-05 0.000216511 8.31736e-07 0.0320704 0.115077 0.205229 1.37204e-05 2.75584e-05 0.00111089 0.0829955 
0.0337656 0.000940724 0.000608081 0.0528743 0.0004446 1.46095e-05 0.00489373 0.00828378 0.01228 0.153517 0.00244233 0.0039845 0.136091 0.0373268 0.00301252 0.11923 3.44918e-05 0.000577239 1.41958e-06 0.0191924 0.0207299 0.35038 0.0042058 8.22134e-05 0.00548555 0.0296017 
0.219231 0.000127646 0.0759765 0.0498104 0.0011836 6.86452e-05 0.00560614 5.31936e-05 0.0409937 0.0546684 2.3614e-09 1.08344e-06 0.0470279 0.0822593 0.0214368 0.0346634 2.21272e-05 1.35641e-07 2.01292e-06 0.00819952 0.0249536 0.290782 6.85215e-05 5.63267e-07 0.00186868 0.0409948 
0.00399742 0.000166032 0.00194879 0.0562797 0.000175621 1.96066e-05 0.000506129 1.82433e-05 0.0415469 0.00945297 0.000494573 0.100731 0.0539628 0.00653873 0.00476462 0.136669 2.4072e-05 4.67458e-05 5.05153e-07 0.00627945 0.0811497 0.447259 0.0258702 5.03966e-05 0.00316772 0.0188805 
0.0760384 2.969e-05 0.000753437 0.104958 7.34789e-05 8.96878e-06 0.00221766 0.006218 0.0237073 0.185491 3.03874e-05 0.00340761 0.0781498 0.0385685 0.00121305 0.10941 0.0359266 0.00431236 0.000228897 0.0310664 0.00670903 0.266594 0.000165209 0.00249017 0.0123736 0.009858 
0.135463 1.36694e-06 1.27187e-05 0.000258118 0.105366 6.80894e-08 0.0194197 0.00124128 0.000167559 0.234637 0.000267976 9.1082e-05 0.00507002 0.0424771 3.40231e-05 0.00409316 0.000794507 0.0013294 7.23728e-05 0.00969387 0.00168188 0.428757 0.0001756 2.39474e-05 0.00800621 0.000865191 
0.0354448 0.000847848 0.00433742 0.137292 0.00112018 2.524e-05 0.00465291 0.0292751 0.0157949 0.0675444 0.000258762 6.45268e-05 0.0786632 0.0460845 0.0040346 0.0864162 6.93427e-05 6.58783e-05 2.4968e-05 0.0515378 0.0243361 0.394734 0.000518669 0.000135161 0.00409913 0.0126222 
0.0599377 2.06282e-07 6.37375e-06 0.0747926 1.4186e-05 1.09359e-05 0.00152587 0.00412549 0.00167766 0.0572871 5.03206e-10 0.000265632 0.0133877 0.00702771 1.69924e-05 0.248481 0.000737877 8.19904e-05 1.73618e-07 0.111651 0.00633198 0.3612 8.70124e-05 0.000101954 0.0359607 0.0152895 
0.0244233 0.00157539 0.00110088 0.0298912 3.22658e-05 8.71852e-06 7.03772e-05 0.00196515 0.00144599 0.0124847 0.00148322 0.000767159 0.0103588 0.0382479 7.86325e-05 0.0663608 7.44695e-05 0.00768695 9.42619e-06 0.0916947 0.0132116 0.677416 0.0107571 9.75506e-05 0.00478627 0.00397112 
0.0897805 0.000396099 0.00152691 0.01618 0.000137535 8.86889e-07 0.0136964 0.0196154 0.0018489 0.0326378 4.7697e-06 0.00623397 0.0128371 0.00419329 0.00012114 0.203385 0.000202869 2.79172e-05 7.76851e-09 0.159199 0.0758227 0.356287 1.5516e-05 2.3214e-05 0.00563546 0.000190573 
0.00613448 3.63796e-05 7.46633e-08 0.0106061 0.00187626 4.80138e-08 0.000360996 0.300573 0.000331456 0.0843615 1.65243e-11 8.62547e-08 0.166335 0.0861313 6.01722e-08 0.000902898 4.5754e-09 2.26243e-06 2.69326e-07 0.00301683 1.31536e-07 0.324872 2.91102e-08 6.15177e-08 0.0115912 0.00286822 
0.188049 8.10624e-07 3.99947e-06 0.0218955 0.000462046 8.54947e-07 0.00012041 0.000286041 2.1404e-05 0.0457987 4.43819e-05 0.00304687 0.0269553 0.00540569 0.000925587 0.00225819 6.95756e-06 4.07031e-06 3.55366e-07 0.0272638 0.00106299 0.67296 7.68723e-06 1.54373e-05 0.000182355 0.00322138 
0.0565033 2.59065e-07 1.22203e-06 0.0264025 2.74045e-06 6.62181e-07 2.14494e-07 1.16744e-07 3.31147e-06 1.42624e-05 5.42925e-09 5.16803e-09 7.69079e-06 4.98588e-06 1.05764e-07 5.22102e-06 3.29048e-07 3.98821e-07 1.04e-08 2.87083e-07 0.0134321 0.901202 5.48611e-07 0.000390867 0.0020264 8.00995e-07 
0.00939641 5.15957e-06 0.00422044 0.0143148 1.88155e-05 6.11359e-09 0.000152622 0.000145761 0.000439136 0.0174243 1.23821e-07 4.00238e-06 0.00142854 0.00312929 1.21391e-06 0.076782 1.08736e-05 5.64376e-05 1.59776e-07 0.000610378 0.339374 0.531923 3.07825e-05 5.02728e-05 0.000360138 0.000122057 
0.11719 2.91937e-05 0.000273667 0.0060368 1.20386e-05 1.74553e-05 0.0221556 0.0136664 0.0648969 0.00339537 8.98169e-05 6.09493e-07 0.0704035 0.0194612 0.0671144 0.0218982 3.92569e-05 0.000637311 2.0498e-06 0.0359292 0.00180331 0.424696 2.48961e-05 8.74667e-05 0.000716883 0.129423 
0.0453807 0.000496296 0.00108446 0.0225183 0.00298048 1.53743e-05 0.00209815 0.0140148 0.00399278 0.023837 0.0128427 0.00856484 0.0229237 0.00155755 0.000896369 0.341995 2.54936e-05 0.0154094 2.61114e-06 0.0535472 0.0524849 0.364054 3.95309e-05 8.68931e-06 0.000835091 0.00839545 
0.00321949 1.5086e-08 2.46525e-08 0.00548154 0.000131143 2.46922e-05 0.146399 0.00218699 0.00626967 0.000757983 1.7833e-10 0.00705703 0.00627331 0.00301445 0.016848 0.0030924 2.37278e-10 6.20417e-09 0.0138456 0.0665573 0.000103475 0.71764 3.19602e-05 7.65415e-05 0.000737734 0.000251576 
0.0128413 0.00241409 0.000225602 0.128773 0.000350161 7.06149e-06 0.00255909 0.000377524 0.00384985 0.133831 8.76543e-05 0.0018229 0.123887 0.0161948 0.00246019 0.200557 6.9048e-05 5.99531e-05 0.00485815 0.0149754 0.00438721 0.331593 9.65631e-06 0.00157521 0.00664362 0.00559112 
0.0394774 1.36344e-05 4.96966e-05 0.0393088 0.000162978 0.00017307 0.0128661 0.0522042 0.000742135 0.116026 0.000333107 0.00189628 0.0525855 0.0097863 0.00196389 0.07546 4.81004e-05 0.0014221 0.000213794 0.204035 0.0105334 0.304003 2.58962e-05 1.08206e-05 0.00102754 0.075631 
0.101 4.36679e-07 1.40212e-10 2.51658e-05 0.225701 2.73866e-07 5.35018e-07 0.00194937 0.0104763 0.0671887 2.78432e-07 4.52299e-06 0.0738535 1.50525e-06 0.000108079 0.0245829 1.07433e-05 0.00212576 2.58536e-10 0.00553914 0.047701 0.4213 7.71042e-05 2.85639e-07 9.35108e-07 0.0183533 
0.159386 0.000483939 0.00100493 0.016814 0.00389164 3.54284e-06 0.000242247 0.00811045 0.00063461 0.0320982 4.06216e-06 0.0162749 0.0610711 0.0443205 0.00338287 0.0149395 5.72221e-07 7.96884e-05 0.000140357 0.0447472 0.0771085 0.438181 0.00228289 2.85556e-05 0.0712722 0.0034963 
0.105282 4.64714e-05 0.00126765 0.0811932 2.68645e-05 7.12648e-06 0.0822583 0.00372905 0.129202 0.0342986 0.00245862 0.00259878 0.0252249 0.0733492 0.00202419 0.0665457 0.0186065 2.79113e-05 2.47579e-05 0.0863359 0.019119 0.196138 0.000117939 4.29542e-06 0.0177487 0.0523641 
0.0083301 0.000172932 7.1649e-06 0.0628952 4.11266e-05 1.56265e-06 3.16172e-05 2.73253e-05 0.000282959 0.0221009 6.44378e-11 6.13374e-11 0.0134926 0.00402684 1.41421e-05 0.0245854 3.77416e-06 4.94833e-06 1.23434e-10 5.77958e-05 0.0341376 0.826595 1.46182e-05 1.31784e-05 0.00134552 0.00181786 
0.0417592 4.85615e-06 0.000106036 5.07752e-05 0.00298891 0.00178162 0.0983328 0.00507831 0.116327 0.0305617 1.79935e-06 1.7158e-05 0.209061 0.0180955 0.00164559 0.128094 1.48452e-06 5.30282e-07 2.55961e-07 0.0405088 0.00137051 0.250666 1.78849e-05 3.47861e-08 0.00396533 0.0495624 
0.269337 2.39499e-05 4.67241e-06 0.0356983 0.000557542 2.021e-05 0.00322943 0.00785239 0.000408193 0.089187 7.1768e-12 6.83148e-12 0.0314869 0.00498406 0.000249563 0.0549215 6.28249e-05 0.00020213 1.37475e-11 0.105956 0.045344 0.342662 8.938e-05 0.000362415 0.00574051 0.00161991 
2.02863e-08 2.84385e-11 1.42965e-08 4.46005e-12 1.67665e-11 3.65174e-09 6.13198e-12 3.17728e-12 5.47785e-05 0.353858 1.86991e-11 1.77994e-11 0.0742771 0.0388093 2.80115e-08 0.018113 2.48801e-11 2.82706e-11 0.0839745 9.93505e-05 0.000198446 0.429973 1.1308e-08 2.94446e-11 4.61517e-07 0.000641331 
0.191975 4.49909e-05 0.0848888 5.42833e-05 0.0631801 5.26949e-06 0.00271802 2.4801e-05 0.00557692 0.0169515 4.88134e-07 4.64647e-07 0.0265193 0.0116062 0.000316615 0.00238943 5.27732e-05 7.37994e-07 9.35047e-07 0.0739317 0.0132108 0.399265 4.86258e-05 0.0248622 0.000141698 0.0822339 
0.128625 7.88169e-07 2.73899e-12 0.015038 1.77618e-08 5.3723e-07 0.00942869 0.000112786 7.018e-09 0.0167644 2.63652e-12 1.73911e-08 8.62966e-09 0.0077966 9.43103e-08 0.144243 4.39021e-05 2.07328e-08 1.09911e-08 0.198229 0.0065711 0.469626 0.000284499 1.43988e-08 0.00175862 0.00147692 
0.162465 2.4118e-08 0.000152761 0.00677911 0.00703877 3.74655e-08 0.0196086 2.69456e-09 6.32239e-09 4.00505e-05 1.58582e-08 1.50952e-08 1.66205e-05 1.24908e-05 0.000482695 0.0125322 2.883e-06 2.39755e-08 9.94677e-07 0.000591523 0.00187184 0.771259 4.36258e-07 1.97067e-06 7.06534e-06 0.0171352 
0.0858642 0.00923379 0.00297886 0.0463892 0.000491934 3.9545e-06 0.00336769 0.00147244 0.00065674 0.212384 4.47464e-05 0.000420359 0.122261 0.0525596 0.00373002 0.0472915 4.37565e-05 0.00199973 0.000101544 0.0176456 0.03427 0.296477 0.00244177 0.000506304 0.00804751 0.0493165 
0.248901 1.47008e-06 2.11198e-05 0.0116615 0.0136329 1.30177e-06 0.00157633 0.00732709 0.00120624 0.0674138 0.000193978 0.00554008 0.0122794 0.0129386 1.07747e-06 0.0402181 7.37429e-05 0.00360559 0.000215847 0.0141755 0.0031746 0.550977 3.66911e-05 6.00019e-06 0.000571209 0.0042504 
0.00680641 5.00611e-07 0.000277684 0.00135373 2.70511e-08 4.59176e-10 2.23893e-06 1.0993e-06 0.0034187 0.00455887 1.94357e-10 3.32861e-07 0.0191782 0.00082561 1.63783e-07 0.0243555 2.89089e-08 2.52127e-05 0.094223 9.57984e-05 1.13154e-05 0.843435 1.25896e-06 3.06046e-10 0.000698525 0.000730575 
0.0721851 1.84877e-05 0.000196228 0.0850581 0.000112664 1.02329e-05 0.00243889 0.0116028 0.0175488 0.139131 4.09415e-06 0.00076145 0.084138 0.0261189 0.00159473 0.11474 0.000885627 0.00607152 5.73599e-07 0.0236993 0.0448624 0.342371 5.32905e-05 9.53115e-05 0.00656072 0.0197406 
0.00826598 0.000408925 0.000143715 0.0102069 0.000393446 1.47038e-07 0.00358412 0.00572437 0.00454773 0.231221 2.11684e-07 0.000353151 0.041291 0.126786 0.00019546 0.0212783 7.16197e-06 9.34593e-06 2.76672e-06 0.00894486 0.0293064 0.495851 0.00156521 3.48969e-05 0.00407858 0.00579999 
0.0386761 0.000126808 0.00119092 0.0133821 0.00300164 0.000162234 0.0647294 0.0192437 0.0005298 0.0381673 1.32165e-08 4.37843e-11 0.0476419 0.0183803 0.0198758 0.0868459 3.62322e-05 8.2371e-06 5.45845e-07 0.0484685 0.00866378 0.534985 0.00359971 9.43234e-07 0.000801871 0.0514812 
0.0635172 1.62178e-05 2.15459e-05 0.0083836 2.31285e-05 0.000171595 5.59544e-09 1.21557e-07 0.000385373 0.0292561 1.70629e-08 1.6242e-08 7.89272e-05 0.00175177 2.01167e-05 0.0251255 7.87205e-07 9.67985e-07 3.2685e-08 0.000132568 0.00131196 0.867823 5.48085e-05 2.68682e-08 0.00161493 0.00030978 
0.0878957 1.27216e-06 0.000903781 0.0604888 0.00491701 2.21194e-06 6.00446e-05 0.000152207 0.00256856 0.0222662 8.36479e-07 0.0171342 0.0423837 0.0264458 0.0808931 0.0190942 1.11298e-06 1.71625e-05 3.01742e-05 0.00368213 0.0388904 0.507437 8.90745e-06 1.31717e-06 0.00100999 0.0837148 
0.0118412 1.37892e-05 0.000928806 0.0146693 0.0027725 2.07338e-05 0.000342794 0.0263036 0.00465424 0.0173249 3.77676e-05 0.00156306 0.302262 0.0146894 0.00494394 0.00424014 1.02422e-07 8.34378e-07 0.000438502 0.026702 0.000477757 0.545261 2.49137e-05 4.82903e-05 0.0118543 0.00858419 
0.0433805 0.00237231 0.000667192 0.0173484 0.00150311 2.37934e-05 0.00393592 0.00433202 0.00195324 0.208373 0.00414058 0.00254204 0.0344965 0.0215634 0.00397361 0.197295 9.16877e-06 0.0062101 4.16182e-06 0.0288837 0.0284521 0.349781 0.000510647 9.18267e-05 0.0172042 0.0209533 
0.0262764 1.07715e-05 0.000729875 0.0117425 0.00127997 9.9951e-06 0.000340003 0.0158656 0.00879877 0.0703979 1.74667e-05 0.00244433 0.310187 0.0276624 0.00275306 0.111488 1.19194e-06 0.000199626 0.000202687 0.0257696 0.00378593 0.342494 1.90088e-05 0.000171913 0.015045 0.0223072 
0.0247887 9.17952e-07 2.90342e-09 0.0015414 0.00092456 3.13817e-08 0.0109754 0.00217288 0.00117194 0.173212 3.71466e-07 2.16462e-05 0.00304819 0.00124473 1.02232e-12 0.0138063 0.000116596 8.30296e-06 3.05222e-12 0.0159221 0.0109556 0.738515 3.40137e-05 3.82703e-05 0.000853745 0.000647722 
0.0311846 5.28538e-05 0.00313114 0.0958469 0.000631203 0.000278568 0.000389338 0.013714 0.00843039 0.0301417 2.97024e-05 0.000317133 0.267476 0.0455663 0.00265259 0.0278919 4.02082e-05 0.000123595 0.000459707 0.0250584 0.00448738 0.42569 4.18927e-05 9.38874e-05 0.00887262 0.00739789 
0.0247887 9.17952e-07 2.90342e-09 0.0015414 0.00092456 3.13817e-08 0.0109754 0.00217288 0.00117194 0.173212 3.71466e-07 2.16462e-05 0.00304819 0.00124473 1.02232e-12 0.0138063 0.000116596 8.30296e-06 3.05222e-12 0.0159221 0.0109556 0.738515 3.40137e-05 3.82703e-05 0.000853745 0.000647722 
0.0150558 0.000412966 0.0806356 0.00133092 0.0239637 2.57524e-06 0.00450908 0.00056614 0.00145449 0.0132489 0.0002646 0.000607812 0.0054662 0.0247382 0.00161706 0.0305351 7.55437e-07 2.49848e-05 0.000330259 0.00322558 0.00075632 0.77695 2.97886e-05 0.00129062 0.00153752 0.0114449 
0.0282567 0.000166147 0.0548924 0.00111456 0.00962188 3.70775e-06 0.00348656 0.000617418 0.00301551 0.0254323 0.000413359 0.00024088 0.0117218 0.0351482 0.000473291 0.0436674 2.20173e-07 3.78802e-05 0.00014186 0.00726329 0.000765255 0.730778 1.73845e-05 0.0250018 0.00416317 0.0135592 
0.029054 0.00147468 0.196982 0.00971663 0.000418879 2.26436e-05 0.0782327 0.0175687 0.00489745 0.0205489 2.33218e-08 0.0201659 0.0144671 0.0276769 0.0125785 0.0157443 2.02076e-08 1.35108e-05 0.00374788 0.0918593 0.00679217 0.36427 0.00488332 0.0012422 0.0722565 0.00538489 
0.0492504 2.26428e-05 0.000583064 0.00727608 0.000228103 1.71513e-06 0.00449833 0.0297223 0.0249555 0.0773179 6.92778e-07 0.000958928 0.245542 0.00603955 0.000883488 0.124809 9.19803e-06 0.00242532 0.044783 0.0155969 0.00175615 0.306629 4.20914e-05 0.00356678 0.00903482 0.0440672 
0.00864615 1.60062e-05 0.000749614 0.0294101 0.00194097 2.51713e-05 0.00126497 0.0181868 0.00469739 0.0227953 2.07438e-05 0.00438396 0.375332 0.0136757 0.00799841 0.0469265 1.07755e-06 1.29884e-06 0.000266327 0.0272823 0.00429143 0.41376 5.99981e-05 0.000117436 0.00720832 0.0109419 
0.0352089 8.94426e-07 1.10684e-07 0.0465779 3.03768e-08 2.83823e-05 9.83308e-08 0.00794721 0.00175999 0.0170209 3.40499e-12 6.13553e-10 0.00721161 0.00286713 1.89937e-08 0.356058 1.21659e-05 0.000148691 6.52244e-12 0.0405182 0.00658108 0.476109 1.78676e-05 8.11526e-08 0.00189507 3.66958e-05 
0.0178364 2.78462e-07 0.000675898 0.00352572 0.000899929 0.000904277 0.111982 3.90006e-05 6.34588e-11 0.0853746 1.59171e-10 2.10767e-05 0.00146086 8.80607e-07 0.00259128 0.191386 1.38651e-05 1.97795e-07 0.000362625 0.256822 0.00501355 0.296994 4.06286e-11 2.50639e-10 0.000161372 0.0239331 
0.258959 7.22473e-06 0.00014897 0.0629385 0.000154101 2.12154e-05 0.0835987 0.00107959 0.0061836 0.0282548 8.45614e-05 2.71972e-05 0.0187043 0.00717087 0.00170234 0.0368806 8.15348e-05 0.000700144 0.00350911 0.0241044 0.000598843 0.354338 1.76472e-05 5.5838e-05 0.0786182 0.032061 
0.0249493 3.24477e-07 0.000545152 0.0100077 4.72096e-06 6.49692e-09 0.00114804 0.0123615 0.00162226 0.362826 2.09846e-07 0.000120085 0.14627 0.00993294 2.59324e-05 0.0301041 1.95568e-05 4.06441e-05 2.29439e-09 0.0241803 0.00334229 0.370475 1.31212e-05 1.20832e-05 0.0017549 0.000243668 
0.0220951 1.81932e-06 0.000222 0.216445 4.40298e-05 8.16961e-07 0.0111116 0.0105294 0.00105468 0.0581882 0.0197983 0.00669051 0.0809402 0.016996 5.58815e-06 0.0739195 0.00592571 0.000160324 1.20011e-06 0.0733177 0.05464 0.269748 3.22946e-05 0.000308546 0.00473441 0.0730897 
0.00321949 1.5086e-08 2.46525e-08 0.00548154 0.000131143 2.46922e-05 0.146399 0.00218699 0.00626967 0.000757983 1.7833e-10 0.00705703 0.00627331 0.00301445 0.016848 0.0030924 2.37278e-10 6.20417e-09 0.0138456 0.0665573 0.000103475 0.71764 3.19602e-05 7.65415e-05 0.000737734 0.000251576 
0.0337798 1.49437e-05 6.67048e-07 0.00900494 0.000159693 0.00328569 0.0115092 0.0092403 5.59734e-05 0.0687359 2.43579e-09 2.31859e-09 0.0103107 0.0802833 0.000199777 0.180125 3.66143e-06 2.17076e-07 4.66589e-09 0.172736 0.0232159 0.379478 6.97547e-06 2.23525e-06 0.00100134 0.0168507 
0.0203849 1.35028e-05 0.00045467 0.14032 5.16474e-06 0.000231243 0.00302137 0.000965904 0.00890658 0.0457888 1.0393e-07 0.000578819 0.0962266 0.0402436 0.0277087 0.184368 4.32173e-05 0.000102408 0.000349257 0.0405134 0.0443017 0.274668 0.0293679 7.30777e-06 0.0175564 0.023872 
0.0410816 9.8129e-07 1.59383e-05 0.00165495 0.000423401 5.36581e-07 0.00177511 0.000315876 7.34787e-05 0.147841 1.31609e-06 8.77293e-10 0.0067479 0.000290888 0.000287885 0.0347748 3.4982e-06 7.48285e-06 2.04921e-11 0.00909109 0.000888699 0.751835 1.04235e-05 1.68453e-11 0.000479733 0.00239743 
0.00855999 6.08593e-05 0.000156082 0.206518 0.000392233 4.46185e-07 0.000594358 0.000682317 0.00368174 0.143035 7.76309e-06 0.0500764 0.024824 0.0363976 3.96585e-05 0.132645 3.53711e-05 1.10905e-05 9.60963e-08 0.00173971 0.0968214 0.271612 6.26041e-06 2.64583e-05 0.016323 0.00575244 
0.0031527 0.000914158 0.000181393 0.0347157 3.39805e-05 1.69483e-06 0.000105625 0.00509317 0.00249553 0.220953 2.73658e-12 8.37793e-05 0.0863196 0.1716 0.000753463 0.0193758 6.44063e-05 7.17474e-06 2.34526e-06 0.00200807 0.0361596 0.397096 0.00107391 3.33937e-05 0.00276384 0.0150117 
0.0118412 1.37892e-05 0.000928806 0.0146693 0.0027725 2.07338e-05 0.000342794 0.0263036 0.00465424 0.0173249 3.77676e-05 0.00156306 0.302262 0.0146894 0.00494394 0.00424014 1.02422e-07 8.34378e-07 0.000438502 0.026702 0.000477757 0.545261 2.49137e-05 4.82903e-05 0.0118543 0.00858419 
0.0198559 2.44946e-07 0.000536906 0.0351768 3.54606e-06 6.27579e-09 0.00132402 0.00927118 0.0023511 0.32343 2.06531e-07 9.00823e-05 0.171439 0.0120914 1.94579e-05 0.0469459 1.46751e-05 3.05019e-05 2.37246e-09 0.0184567 0.00295132 0.352322 1.27011e-05 9.06934e-06 0.0018292 0.00183725 
0.0383645 0.00404458 0.00874541 0.131372 0.00015455 3.34459e-05 0.00358265 0.0132096 0.00597953 0.0439623 4.38714e-06 0.00100721 0.0805629 0.0399365 0.00481658 0.167041 1.36469e-05 2.45205e-05 0.00533424 0.019397 0.13479 0.214083 0.0081792 0.00166133 0.00706441 0.0666342 
0.0770524 0.00202095 0.00114687 0.073624 0.00119571 1.12727e-05 0.029359 0.00647225 0.0014148 0.0766862 1.41636e-05 0.00118794 0.0317322 0.0430332 0.0457921 0.175187 0.00010056 4.06826e-05 2.88333e-05 0.0410481 0.106766 0.23001 0.000258347 0.00735602 0.00331682 0.0451444 
0.026189 6.64048e-06 0.000346511 0.0139844 0.000940329 1.71839e-05 0.000704266 0.000667609 0.000407384 0.170977 5.43206e-09 7.3853e-05 0.024745 0.0163752 6.2864e-05 0.0120182 0.00122768 0.0161825 0.00139923 0.000753371 0.0356569 0.674161 0.00031677 0.000253944 0.00197896 0.000554463 
0.134608 0.00608227 0.000495594 0.130693 0.00254567 0.000108535 0.00272801 0.000223465 0.00789917 0.10022 3.26993e-06 0.00396249 0.0577064 0.0262316 0.000514119 0.0548197 0.000107035 0.00134076 6.2526e-06 0.0203827 0.083306 0.265723 0.001361 4.81233e-05 0.0818345 0.0170491 
0.0249493 3.24477e-07 0.000545152 0.0100077 4.72096e-06 6.49692e-09 0.00114804 0.0123615 0.00162226 0.362826 2.09846e-07 0.000120085 0.14627 0.00993294 2.59324e-05 0.0301041 1.95568e-05 4.06441e-05 2.29439e-09 0.0241803 0.00334229 0.370475 1.31212e-05 1.20832e-05 0.0017549 0.000243668 
0.00321949 1.5086e-08 2.46525e-08 0.00548154 0.000131143 2.46922e-05 0.146399 0.00218699 0.00626967 0.000757983 1.7833e-10 0.00705703 0.00627331 0.00301445 0.016848 0.0030924 2.37278e-10 6.20417e-09 0.0138456 0.0665573 0.000103475 0.71764 3.19602e-05 7.65415e-05 0.000737734 0.000251576 
0.00321949 1.5086e-08 2.46525e-08 0.00548154 0.000131143 2.46922e-05 0.146399 0.00218699 0.00626967 0.000757983 1.7833e-10 0.00705703 0.00627331 0.00301445 0.016848 0.0030924 2.37278e-10 6.20417e-09 0.0138456 0.0665573 0.000103475 0.71764 3.19602e-05 7.65415e-05 0.000737734 0.000251576 
0.224007 4.17741e-05 5.81847e-05 0.0458813 0.000222742 5.24716e-06 0.000642807 0.00286388 0.00158928 0.0799386 5.36211e-05 0.00372436 0.0172531 0.00419613 3.65507e-05 0.0415557 0.000233791 0.00109556 0.00138595 0.00521729 0.00618404 0.552316 5.24872e-05 0.0001489 0.000823113 0.0104726 
0.13258 3.82116e-08 2.20818e-05 0.0662063 2.25284e-08 5.93589e-08 1.9709e-05 4.49932e-06 0.00328763 0.319025 2.51251e-08 2.64291e-05 0.0272141 0.0341846 0.00178308 0.0239993 1.98929e-05 7.09969e-05 4.81285e-08 0.00060248 0.000862042 0.384453 8.59707e-06 8.02061e-07 0.00484629 0.000782647 
0.0415776 2.84159e-05 0.000258556 6.87441e-06 0.000394021 1.08871e-06 0.0243921 5.91343e-05 0.000328426 0.0696234 0.000715349 0.00024223 0.00410531 0.0221311 0.00116656 0.00941233 6.1315e-07 9.01809e-05 2.9227e-05 0.0368703 0.0156754 0.755848 1.17626e-07 0.0069934 0.00136779 0.00868197 
0.0565033 2.59065e-07 1.22203e-06 0.0264025 2.74045e-06 6.62181e-07 2.14494e-07 1.16744e-07 3.31147e-06 1.42624e-05 5.42925e-09 5.16803e-09 7.69079e-06 4.98588e-06 1.05764e-07 5.22102e-06 3.29048e-07 3.98821e-07 1.04e-08 2.87083e-07 0.0134321 0.901202 5.48611e-07 0.000390867 0.0020264 8.00995e-07 
0.206261 7.7252e-06 0.0034035 0.25995 7.2001e-05 3.33792e-06 0.00529969 0.00589111 0.00652092 0.0380908 8.5587e-06 6.27097e-07 0.0129533 0.00342428 0.000429198 0.136101 5.58745e-05 0.0149816 1.69478e-06 0.0256194 0.00920272 0.267792 0.000440236 0.000191772 0.00232556 0.000971242 
0.0218164 7.24866e-05 0.000258311 0.00902385 0.00218466 4.1395e-06 0.00430789 0.0125827 0.0027308 0.133679 0.000805273 0.0389139 0.08708 0.0175535 0.00123689 0.0141619 6.99795e-05 1.44387e-05 7.37702e-05 0.0264334 0.00962865 0.604468 0.000728672 4.35461e-05 0.00673264 0.00539477 
0.137752 0.0185456 0.000586805 0.0982634 0.000559709 3.26988e-05 0.00292713 0.00311326 0.00285354 0.122799 8.81339e-06 0.00547107 0.0988712 0.0216773 0.0162889 0.133448 1.77167e-05 0.000121588 7.45808e-05 0.136889 0.00703634 0.177042 8.97479e-06 2.1686e-06 0.00281437 0.0127942 
0.274072 0.000153217 0.000436771 0.121775 0.0142413 1.94694e-05 0.00383343 0.000184978 0.0249221 0.0633482 2.205e-06 4.50549e-05 0.0195551 0.0104916 0.000583411 0.0821783 0.000247215 0.000864457 0.000931872 0.0028058 0.0110468 0.351756 0.000128927 2.64399e-05 0.00111702 0.0152338 
0.00321949 1.5086e-08 2.46525e-08 0.00548154 0.000131143 2.46922e-05 0.146399 0.00218699 0.00626967 0.000757983 1.7833e-10 0.00705703 0.00627331 0.00301445 0.016848 0.0030924 2.37278e-10 6.20417e-09 0.0138456 0.0665573 0.000103475 0.71764 3.19602e-05 7.65415e-05 0.000737734 0.000251576 
0.00321949 1.5086e-08 2.46525e-08 0.00548154 0.000131143 2.46922e-05 0.146399 0.00218699 0.00626967 0.000757983 1.7833e-10 0.00705703 0.00627331 0.00301445 0.016848 0.0030924 2.37278e-10 6.20417e-09 0.0138456 0.0665573 0.000103475 0.71764 3.19602e-05 7.65415e-05 0.000737734 0.000251576 
0.0565033 2.59065e-07 1.22203e-06 0.0264025 2.74045e-06 6.62181e-07 2.14494e-07 1.16744e-07 3.31147e-06 1.42624e-05 5.42925e-09 5.16803e-09 7.69079e-06 4.98588e-06 1.05764e-07 5.22102e-06 3.29048e-07 3.98821e-07 1.04e-08 2.87083e-07 0.0134321 0.901202 5.48611e-07 0.000390867 0.0020264 8.00995e-07 
0.0416617 0.000712129 0.00119326 0.0275672 0.000446697 9.53045e-06 0.00697581 0.00372299 0.0203241 0.0317399 0.000332705 0.00703805 0.067164 0.0287589 0.0150675 0.25168 2.52638e-05 0.000467496 0.00219658 0.0578255 0.0643568 0.316885 5.13257e-05 0.000116857 0.0108075 0.042873 
0.0162742 0.000182652 0.000350507 0.00104694 1.38811e-06 1.75856e-08 0.000218121 0.00524323 0.00337866 0.0599246 0.000404653 0.00149256 0.094795 0.00337972 4.05763e-05 0.0955906 8.85597e-07 0.000162636 0.0493842 0.00588669 0.000612586 0.657906 3.65362e-06 1.08342e-06 0.00143603 0.00228312 
0.0840043 0.000389537 0.00224098 0.0237978 0.00125313 1.66677e-05 0.00066278 0.0172046 0.00422795 0.11884 0.0125161 0.00269758 0.0813564 0.0686074 0.00477147 0.157756 0.000297422 0.00339342 5.54523e-05 0.0429174 0.0514886 0.289397 0.00224538 7.60682e-05 0.0244929 0.00529358 
0.0413277 1.02587e-05 0.000961673 0.00818617 0.00152955 1.43087e-05 0.00319818 0.0161645 0.00224734 0.185022 0.000732342 0.00327837 0.139831 0.0180248 0.00150037 0.024988 9.75849e-06 0.000245005 0.00197883 0.0396234 0.00226961 0.479493 3.72489e-05 3.60653e-05 0.0129545 0.0163355 
0.187304 9.56933e-08 2.25323e-11 0.117235 4.08423e-07 5.12418e-11 3.34362e-08 0.00070771 2.7153e-07 0.144608 2.16893e-11 0.00706764 0.0490749 0.168445 1.17173e-06 1.09598e-07 2.94389e-07 3.27914e-11 0.00215483 0.0203869 2.3556e-07 0.299246 1.66142e-08 1.33231e-07 8.94071e-08 0.00376787 
0.0565033 2.59065e-07 1.22203e-06 0.0264025 2.74045e-06 6.62181e-07 2.14494e-07 1.16744e-07 3.31147e-06 1.42624e-05 5.42925e-09 5.16803e-09 7.69079e-06 4.98588e-06 1.05764e-07 5.22102e-06 3.29048e-07 3.98821e-07 1.04e-08 2.87083e-07 0.0134321 0.901202 5.48611e-07 0.000390867 0.0020264 8.00995e-07 
0.0635172 1.62178e-05 2.15459e-05 0.0083836 2.31285e-05 0.000171595 5.59544e-09 1.21557e-07 0.000385373 0.0292561 1.70629e-08 1.6242e-08 7.89272e-05 0.00175177 2.01167e-05 0.0251255 7.87205e-07 9.67985e-07 3.2685e-08 0.000132568 0.00131196 0.867823 5.48085e-05 2.68682e-08 0.00161493 0.00030978 
0.0247887 9.17952e-07 2.90342e-09 0.0015414 0.00092456 3.13817e-08 0.0109754 0.00217288 0.00117194 0.173212 3.71466e-07 2.16462e-05 0.00304819 0.00124473 1.02232e-12 0.0138063 0.000116596 8.30296e-06 3.05222e-12 0.0159221 0.0109556 0.738515 3.40137e-05 3.82703e-05 0.000853745 0.000647722 
0.269337 2.39499e-05 4.67241e-06 0.0356983 0.000557542 2.021e-05 0.00322943 0.00785239 0.000408193 0.089187 7.1768e-12 6.83148e-12 0.0314869 0.00498406 0.000249563 0.0549215 6.28249e-05 0.00020213 1.37475e-11 0.105956 0.045344 0.342662 8.938e-05 0.000362415 0.00574051 0.00161991 
0.0367296 0.000191202 0.0117104 0.0015743 6.75593e-06 1.38639e-05 0.00766564 0.000137761 0.000985199 0.0098253 0.000181848 0.00202386 0.0106645 0.0148171 0.00116093 0.0257153 1.35e-06 9.69586e-07 1.64461e-05 0.00887005 0.0131759 0.540724 0.000305246 1.22807e-05 0.00147164 0.312018 
0.0249493 3.24477e-07 0.000545152 0.0100077 4.72096e-06 6.49692e-09 0.00114804 0.0123615 0.00162226 0.362826 2.09846e-07 0.000120085 0.14627 0.00993294 2.59324e-05 0.0301041 1.95568e-05 4.06441e-05 2.29439e-09 0.0241803 0.00334229 0.370475 1.31212e-05 1.20832e-05 0.0017549 0.000243668 
0.044906 2.6246e-05 0.000263479 0.155914 0.000367165 1.89338e-05 0.00527086 0.000832816 0.00453378 0.119622 0.0016256 5.70709e-07 0.051554 0.0243418 0.0111085 0.128244 0.0341092 0.00052208 2.62087e-06 0.0111105 0.0485659 0.246378 5.51933e-05 1.53226e-05 0.0107675 0.0998432 
0.0137152 1.05354e-06 5.42507e-06 0.0156548 0.000568735 8.65289e-08 0.0263119 0.140032 0.00330812 0.0328735 5.1911e-05 0.000579641 0.0245142 0.00288596 0.00110999 0.0847483 1.0085e-05 4.94642e-07 3.94941e-10 0.291184 0.0522306 0.302693 3.38695e-05 0.000828759 0.00559072 0.00106708 
0.164159 0.00027377 0.00555884 0.00963264 0.000137469 7.33009e-06 0.00343089 0.00514163 0.00235996 0.0222085 6.39922e-05 0.00198666 0.0233761 0.0432592 1.55361e-05 0.16058 3.38051e-07 3.14626e-05 4.15327e-07 0.0876805 0.0605724 0.393707 0.00112745 9.37126e-05 0.013891 0.000705201 
0.0273829 2.61478e-06 0.000465433 0.00457972 4.61128e-05 1.57236e-08 0.00372759 0.00231675 0.006687 0.0568054 7.46395e-07 0.00846137 0.111999 0.00324426 0.000154465 0.202509 8.02091e-07 0.000189194 0.0286569 0.0305696 0.0225254 0.472022 2.33036e-05 1.77154e-07 0.00738406 0.0102459 
