0.10407 1.81721e-05 1.00245e-06 0.0125081 1.708e-05 5.26364e-07 0.000392989 0.000163116 0.0027119 0.0111585 1.66137e-07 0.193302 0.0151071 0.0352586 0.000180892 0.0218423 1.44084e-07 2.38336e-05 0.000361858 0.0251842 0.0148176 0.00440899 4.14915e-05 0.00797666 0.510777 0.0396755 
0.000441344 3.00524e-06 8.30291e-07 0.00193257 2.11534e-06 1.89564e-09 0.0002399 1.5609e-06 0.000973144 0.000899684 8.02377e-10 1.35079e-07 0.0101095 0.0562703 0.00117467 0.0175175 1.0676e-09 8.73143e-05 1.537e-09 0.000986754 0.00193367 0.00248222 0.00368295 1.97501e-05 0.757343 0.143898 
0.0864496 2.36893e-06 0.000356746 0.00519013 0.00316503 6.34469e-07 0.0050231 0.00456759 0.00337795 0.114195 0.000452529 1.85295e-07 0.108337 0.193633 0.00254772 0.00810012 8.42001e-06 0.00131546 0.000379356 0.0178852 0.0482439 0.0171497 0.0135747 0.000129813 0.326889 0.0390257 
0.0385121 0.0501136 0.0903227 0.00561845 0.00018328 2.6872e-06 0.00836102 0.00108396 0.00462084 0.0694016 0.00022964 0.000716676 0.0358761 0.0671199 0.000704023 0.028967 2.67762e-05 0.00108581 2.84149e-05 0.026287 0.0138122 0.00998606 0.0226478 0.000221723 0.499149 0.0249221 
0.0763596 7.05804e-08 6.08047e-05 0.00780899 0.000655713 2.84138e-05 0.0611464 0.00740385 0.0233637 0.109817 3.85993e-05 9.14658e-08 0.121925 0.132084 0.000603133 0.057252 0.00012521 0.00627091 2.85411e-07 0.017212 0.0188589 0.00809003 0.00541929 0.000332642 0.310586 0.0345583 
0.0184372 0.00956926 0.00152561 0.00939674 0.000180094 1.35374e-06 0.00282608 0.000320057 0.0266234 0.0101013 4.17207e-07 0.00704319 0.0736486 0.0475837 0.00879999 0.0935444 6.40654e-09 0.00382845 6.37067e-07 0.0127374 0.007229 0.00872283 0.0241882 9.22396e-06 0.556566 0.0771173 
0.00244478 6.91765e-08 3.59885e-08 0.00251456 0.000393598 6.10932e-11 0.00170126 4.30447e-06 0.00338109 0.0333594 2.58592e-11 0.0026125 0.00746299 0.0434805 0.000120932 0.0562897 1.23203e-08 2.29263e-05 1.04543e-09 0.000527672 0.0100437 0.00209881 0.00123506 0.00022396 0.776841 0.055241 
0.00438944 0.0118376 0.0298479 0.0656398 1.01818e-05 0.0158348 0.00752308 0.0226821 0.00219384 0.0270281 0.000747431 0.000439107 0.0279956 0.143976 0.000152314 0.146039 2.47784e-06 0.000274732 7.43131e-07 0.0353044 0.0242873 0.00222073 0.167981 4.17189e-05 0.217791 0.0457603 
0.0889644 1.25692e-06 0.0110124 0.00271918 0.0065539 6.79711e-07 0.00128451 0.00130501 0.0179161 0.0246629 1.12381e-08 1.94377e-07 0.12635 0.242273 2.90492e-05 0.0360231 2.45936e-05 0.00949966 2.15273e-08 0.00588987 0.00534144 0.000187042 0.0126141 8.07626e-06 0.322048 0.085291 
0.0219573 1.74645e-08 0.00560797 0.00180576 9.16141e-06 4.06048e-05 0.000377694 0.00220047 0.00216265 0.021564 1.14834e-08 2.18588e-06 0.124839 0.112347 2.65591e-06 0.0383406 1.21813e-05 0.000503801 2.1997e-08 0.0372631 0.234 0.000554524 1.9685e-05 0.000114072 0.383868 0.0124082 
0.154689 3.20817e-05 0.00481277 0.000969579 5.76569e-05 1.56735e-06 0.00208761 0.00105039 0.0012862 0.152332 2.78369e-08 1.75187e-05 0.025521 0.0414817 0.00177987 0.0177151 0.00393288 0.0231569 0.0019759 0.0377315 0.00641433 0.0118562 0.000268293 0.000474825 0.498143 0.0122126 
0.0197882 0.00691699 0.00219358 0.0139508 4.54797e-05 3.81108e-06 0.00180367 0.00428989 0.00492534 0.0330695 0.000226813 0.000282396 0.0473673 0.178414 0.000596924 0.0413596 6.09648e-05 0.16559 1.21642e-06 0.0173138 0.0194689 0.00392794 0.0236005 2.74892e-05 0.377408 0.0373671 
0.0162216 5.33884e-05 0.00071348 0.021132 1.36204e-06 3.56226e-05 0.00204523 0.06003 2.69101e-05 0.00576585 2.84487e-07 1.66293e-05 0.00393959 0.0127571 0.0547848 0.0253512 5.16443e-06 1.36739e-05 1.08801e-05 0.0262061 0.0207562 0.00326067 0.00727531 2.5779e-06 0.67346 0.0661343 
0.00867809 7.42152e-09 0.00274303 0.000167601 0.00729219 9.15176e-10 0.0001515 0.00140925 0.000215489 0.00111141 0.00136585 1.0721e-05 0.00866741 0.00130836 1.84693e-05 0.000482281 8.57348e-07 8.76587e-06 3.34343e-06 0.00228036 0.000674273 0.000157039 0.00555438 4.80798e-05 0.955914 0.00173705 
0.0818608 0.000706884 0.00178715 0.0429567 0.000135261 2.70727e-07 0.00325947 0.00044584 0.00038301 0.0361935 1.50134e-06 9.03229e-05 0.00496084 0.0201343 0.00771303 0.00807858 0.000113417 4.61234e-06 1.57016e-07 0.00497384 0.0277747 0.0057214 0.292628 0.000680075 0.424552 0.0348443 
0.0212427 8.96203e-07 0.00115862 0.000391445 6.7341e-05 2.99434e-08 0.000147094 0.000124556 8.24829e-07 0.0138643 6.14399e-10 4.9548e-08 0.00161002 0.00652563 0.000466202 0.00612516 8.17489e-10 3.90476e-06 1.17691e-09 0.00481442 0.00495611 0.000736516 0.0927562 1.41773e-05 0.83632 0.00867381 
0.0173925 0.00040027 0.0211817 0.00238529 0.000363281 1.67988e-09 0.0499053 0.0112356 0.00346331 0.036128 1.05546e-08 0.000454749 0.0274647 0.197322 0.0231283 0.0826901 9.4609e-10 8.50677e-05 0.000555398 0.0239461 0.0163899 0.000634714 2.38343e-05 8.23003e-05 0.26646 0.218308 
0.00867809 7.42152e-09 0.00274303 0.000167601 0.00729219 9.15176e-10 0.0001515 0.00140925 0.000215489 0.00111141 0.00136585 1.0721e-05 0.00866741 0.00130836 1.84693e-05 0.000482281 8.57348e-07 8.76587e-06 3.34343e-06 0.00228036 0.000674273 0.000157039 0.00555438 4.80798e-05 0.955914 0.00173705 
0.132374 0.000111593 1.01039e-05 0.00394624 0.000360277 5.06423e-07 0.00670791 7.21144e-08 0.00794504 0.0116004 0.000744788 0.000350167 0.01129 0.201356 0.0294948 0.017044 3.18699e-06 4.3072e-07 1.08986e-06 0.0632808 0.00437315 0.00435225 0.00130507 0.000138451 0.478348 0.0248614 
0.289116 1.89387e-06 9.76309e-05 0.0131955 0.000478668 2.94199e-06 0.00013132 3.69586e-05 1.13173e-05 0.00182554 1.24527e-06 1.18535e-06 0.00114665 0.00103807 0.000348352 0.000576083 0.000298917 0.000334919 0.138574 0.107617 0.000118014 0.00584701 0.000410451 6.42878e-05 0.425264 0.0134623 
0.11257 3.04325e-06 0.281291 1.17332e-05 3.6155e-10 3.08339e-05 0.00497405 4.1774e-06 3.41707e-07 0.000106422 4.03223e-10 3.27579e-07 0.0696931 7.59708e-07 3.47405e-07 0.0968897 0.00066762 4.43299e-07 7.72396e-10 0.00303162 0.0421636 5.32207e-06 0.000474738 0.000555281 0.387525 5.20119e-07 
0.0803049 6.66913e-06 1.28313e-06 0.0488898 1.29774e-05 2.65404e-06 0.00712629 0.000770188 0.00239025 0.0508693 2.02222e-07 2.05009e-05 0.00877916 0.0107114 0.000229908 0.0414768 7.31997e-06 0.000608302 0.0134726 0.00728938 0.00858922 0.0419449 2.66237e-05 4.06584e-06 0.658609 0.0178568 
0.129392 0.000110772 0.00288249 0.00912607 0.00545368 1.48344e-06 0.00361678 0.00568856 0.0135983 0.0416034 0.00467428 0.0232837 0.045939 0.0354733 0.000295814 0.0506816 6.38664e-05 7.21062e-05 0.000528878 0.0332353 0.068764 0.016944 0.00709899 0.000260985 0.494608 0.00660316 
0.198295 0.000487416 0.00944162 0.00227421 0.00534015 2.1261e-06 0.00158443 0.000405009 0.000569962 0.0464514 0.000743655 0.00136689 0.0145662 0.0288242 0.0200406 0.0126946 5.63528e-05 0.00315494 0.00687363 0.0323161 0.031124 0.00347348 0.0527941 0.000438897 0.513311 0.0133695 
0.0703864 0.000150342 0.00647711 0.00811244 0.0080725 3.24576e-06 8.44584e-06 0.000655819 0.0538607 0.0293151 5.63016e-07 2.08553e-06 0.0268933 0.0923141 7.3513e-05 0.0351805 1.3855e-08 1.86732e-06 4.22323e-05 0.00628182 0.00778928 0.000297507 0.000102076 2.13277e-05 0.625068 0.0288894 
0.101086 8.51219e-07 0.00659235 0.0290321 0.00171488 1.28125e-06 0.0404975 6.70806e-05 0.000106957 0.0106808 4.94756e-05 0.00737164 0.0236167 0.0837641 0.0300968 0.0294368 2.90151e-07 0.000503736 1.11032e-05 0.111466 0.00349876 0.000778763 5.58885e-06 0.000436796 0.443368 0.0758162 
0.00867809 7.42152e-09 0.00274303 0.000167601 0.00729219 9.15176e-10 0.0001515 0.00140925 0.000215489 0.00111141 0.00136585 1.0721e-05 0.00866741 0.00130836 1.84693e-05 0.000482281 8.57348e-07 8.76587e-06 3.34343e-06 0.00228036 0.000674273 0.000157039 0.00555438 4.80798e-05 0.955914 0.00173705 
0.0368173 0.00223175 1.38903e-05 0.000991666 0.000196759 1.41202e-05 0.0312357 0.00620056 0.0258325 0.00515918 2.89628e-07 0.00273678 0.0148843 0.0126798 0.00233753 0.0678623 5.86291e-06 0.00477701 0.00109223 0.202281 0.00606272 0.00676823 5.81414e-06 2.79666e-05 0.516119 0.0536661 
0.0310112 3.48126e-05 1.11888e-06 9.19565e-05 0.000239339 2.5445e-06 3.53187e-07 1.83003e-07 0.000189035 7.42378e-05 1.07702e-06 0.0013354 3.48455e-05 0.000398069 6.91014e-07 1.08626e-07 1.43303e-06 1.62831e-06 6.99628e-05 0.00760666 7.77984e-05 5.27473e-07 2.7491e-07 1.69593e-06 0.958795 2.97865e-05 
0.00441101 3.20272e-07 0.000945179 0.000318144 0.000895227 4.87937e-05 0.271671 0.000128523 0.000264016 0.0230672 1.36631e-05 0.0400967 0.0038957 0.0040586 4.11539e-05 0.0319323 2.24916e-06 5.4567e-07 3.76683e-08 0.0104339 0.0191451 0.000631739 0.0847123 0.000735711 0.490485 0.0120661 
0.00867809 7.42152e-09 0.00274303 0.000167601 0.00729219 9.15176e-10 0.0001515 0.00140925 0.000215489 0.00111141 0.00136585 1.0721e-05 0.00866741 0.00130836 1.84693e-05 0.000482281 8.57348e-07 8.76587e-06 3.34343e-06 0.00228036 0.000674273 0.000157039 0.00555438 4.80798e-05 0.955914 0.00173705 
0.0413549 0.000696102 0.00120651 0.00503747 0.000513097 7.83165e-05 0.000375693 0.0173669 0.000269614 0.0234794 0.151545 0.000710432 0.0174734 0.0445947 0.00200751 0.202446 6.14809e-11 1.63406e-05 0.000900492 0.149497 0.00359762 0.00207646 9.72269e-07 0.00022134 0.299782 0.034752 
0.0431709 0.000379239 0.00656093 0.00505658 0.17787 0.000153713 0.00507042 0.0320651 0.00995454 0.114646 0.000422388 0.000163447 0.030411 0.0464783 0.00432122 0.0200092 6.18062e-06 0.00199957 7.91172e-06 0.0592332 0.0330249 0.0122612 0.00950896 0.000552962 0.312674 0.073998 
0.302585 1.39588e-05 0.0161828 0.000109386 0.000185301 0.000106585 0.0250783 0.000271054 7.47737e-05 0.0284039 2.04079e-09 1.26529e-07 0.00435406 0.00838678 0.000304786 0.042351 1.30978e-05 0.000548819 3.90924e-09 0.109347 0.00624958 0.00229241 0.000416184 0.000147323 0.446284 0.0062938 
0.10407 1.81721e-05 1.00245e-06 0.0125081 1.708e-05 5.26364e-07 0.000392989 0.000163116 0.0027119 0.0111585 1.66137e-07 0.193302 0.0151071 0.0352586 0.000180892 0.0218423 1.44084e-07 2.38336e-05 0.000361858 0.0251842 0.0148176 0.00440899 4.14915e-05 0.00797666 0.510777 0.0396755 
0.0153279 5.55954e-05 0.00265621 0.0130935 6.87277e-05 8.69604e-05 0.00247126 5.17662e-05 0.000351888 0.102227 7.52741e-09 0.0117987 0.0217807 0.0354034 0.00154237 0.0296776 4.60232e-05 3.97277e-05 0.000497815 0.0228429 0.122967 0.00689261 0.0646313 0.000456514 0.531379 0.0136536 
0.0197882 0.00691699 0.00219358 0.0139508 4.54797e-05 3.81108e-06 0.00180367 0.00428989 0.00492534 0.0330695 0.000226813 0.000282396 0.0473673 0.178414 0.000596924 0.0413596 6.09648e-05 0.16559 1.21642e-06 0.0173138 0.0194689 0.00392794 0.0236005 2.74892e-05 0.377408 0.0373671 
0.00867809 7.42152e-09 0.00274303 0.000167601 0.00729219 9.15176e-10 0.0001515 0.00140925 0.000215489 0.00111141 0.00136585 1.0721e-05 0.00866741 0.00130836 1.84693e-05 0.000482281 8.57348e-07 8.76587e-06 3.34343e-06 0.00228036 0.000674273 0.000157039 0.00555438 4.80798e-05 0.955914 0.00173705 
0.00867809 7.42152e-09 0.00274303 0.000167601 0.00729219 9.15176e-10 0.0001515 0.00140925 0.000215489 0.00111141 0.00136585 1.0721e-05 0.00866741 0.00130836 1.84693e-05 0.000482281 8.57348e-07 8.76587e-06 3.34343e-06 0.00228036 0.000674273 0.000157039 0.00555438 4.80798e-05 0.955914 0.00173705 
0.195208 2.19262e-05 0.000247044 0.00227619 0.00289623 8.18005e-07 0.00100003 0.0097638 0.000296805 6.60397e-05 3.4624e-07 2.13131e-05 0.0155179 0.0622682 0.00236059 4.21165e-05 0.000294271 0.000308225 0.000268046 0.00316681 0.0132565 0.00388046 5.61187e-05 0.000156237 0.672726 0.0138999 
0.00525672 0.000296255 3.30676e-05 0.00488982 0.00320895 1.36082e-05 1.32183e-05 0.000818543 0.000596513 0.00490534 1.01028e-05 6.1421e-05 0.0326725 0.045301 1.75086e-05 0.0112182 1.66549e-06 1.61058e-05 2.46335e-07 0.00721828 0.00451686 0.0127963 0.00343894 5.70976e-05 0.693406 0.169236 
0.00867809 7.42152e-09 0.00274303 0.000167601 0.00729219 9.15176e-10 0.0001515 0.00140925 0.000215489 0.00111141 0.00136585 1.0721e-05 0.00866741 0.00130836 1.84693e-05 0.000482281 8.57348e-07 8.76587e-06 3.34343e-06 0.00228036 0.000674273 0.000157039 0.00555438 4.80798e-05 0.955914 0.00173705 
0.188687 7.04092e-05 0.00471951 0.0307779 0.000169802 0.000237589 0.00170691 0.000868154 0.00686318 0.0432849 0.000272846 0.00106023 0.0244886 0.0124123 0.0266823 0.0664063 6.20283e-05 0.00785725 1.5576e-05 0.0308883 0.00400165 0.0160444 0.000177898 0.000230068 0.482225 0.0497899 
0.321521 0.000107659 0.0161404 0.00552252 0.000470034 1.9938e-06 0.00603093 0.00822126 0.00158651 0.0510462 8.65683e-11 0.000129887 0.0158023 0.103137 6.46036e-05 0.0467601 2.44408e-05 0.000395447 7.71546e-06 0.0193041 0.021512 0.00939237 0.00661748 0.000927368 0.349523 0.0157531 
0.0142925 0.00839603 0.00937069 0.00863931 0.00132584 0.000368802 0.00207429 0.000939537 0.00364628 0.0337837 6.00834e-05 0.00113228 0.0387 0.172974 0.000460092 0.0833121 4.50932e-05 0.000995562 0.000914591 0.0168639 0.0351332 0.00590335 0.00710043 9.70579e-05 0.42841 0.125061 
0.11071 3.55921e-08 0.0191225 0.000175207 4.01182e-06 5.26057e-09 0.00183871 0.000237982 4.34256e-05 0.0395768 1.12898e-08 2.96781e-05 0.0247794 0.00422801 2.2982e-06 0.00282688 0.0111015 0.0613393 3.88563e-06 0.0368415 0.00620109 0.00363969 0.000668104 0.000114871 0.676066 0.000449188 
0.221399 1.22665e-05 0.000103571 0.00987668 0.000299414 5.09441e-05 0.00069254 0.0875004 0.000168787 0.0158717 4.00916e-08 3.7071e-05 0.0989626 0.00489089 7.41885e-06 0.0240485 0.000131911 0.00151245 4.25689e-05 0.102992 0.0214072 0.0327695 6.158e-05 9.23215e-05 0.373593 0.00347639 
0.046576 0.000710231 0.00178601 0.0106398 0.00077115 2.82889e-05 0.00776154 0.000556091 0.00631542 0.0864685 2.78634e-05 0.000689189 0.0175928 0.236681 0.00136876 0.0393634 3.1444e-05 0.00299561 4.38713e-05 0.00227811 0.0263389 0.00659677 0.040343 0.000100569 0.312699 0.151237 
0.00867809 7.42152e-09 0.00274303 0.000167601 0.00729219 9.15176e-10 0.0001515 0.00140925 0.000215489 0.00111141 0.00136585 1.0721e-05 0.00866741 0.00130836 1.84693e-05 0.000482281 8.57348e-07 8.76587e-06 3.34343e-06 0.00228036 0.000674273 0.000157039 0.00555438 4.80798e-05 0.955914 0.00173705 
0.0201965 3.84667e-05 0.000155264 0.00670378 0.000194764 7.93092e-05 0.0066359 0.00202193 0.000340968 0.305885 0.000133289 1.84544e-06 0.0650758 0.109501 0.00315222 0.0448365 5.88443e-07 0.000100358 1.273e-05 0.0470167 0.00658879 0.0189763 1.23136e-05 0.00820252 0.338874 0.0152622 
0.120768 3.39398e-05 0.069391 0.0398195 7.97922e-06 8.7226e-06 0.0205567 9.44898e-05 0.000646072 0.02109 1.92522e-08 6.47905e-06 0.0103609 0.0320384 0.00384455 0.0181174 0.000102367 0.0003793 0.000410802 0.0814819 0.0396536 0.0109302 0.00128668 9.13078e-07 0.463054 0.0659166 
0.185891 1.18036e-05 0.000113883 0.00420739 0.000410437 6.64893e-07 0.00700518 0.0143332 0.00147934 0.0704194 3.54176e-07 1.79331e-06 0.0336038 0.0343707 0.000660118 0.0179018 8.29291e-05 0.00226516 2.07487e-10 0.0776661 0.0243405 0.12347 0.00481259 0.000379344 0.384993 0.0115795 
0.0954918 1.20591e-05 3.38184e-11 0.0428065 0.000716471 7.56283e-05 9.90294e-05 0.00118261 0.00198745 0.0365587 2.05988e-06 1.25176e-05 0.00748053 0.204318 0.00203804 0.0068931 0.0213246 0.0802658 8.66629e-05 0.0199978 0.00492002 0.010677 0.001023 4.25014e-06 0.415177 0.0468492 
0.111056 0.000213039 0.00149346 0.00363319 0.0152197 2.97181e-06 0.00448545 0.0263886 0.0122651 0.0248055 1.66195e-05 2.6027e-05 0.0728372 0.186849 0.00823256 0.0168513 3.56297e-10 2.1056e-05 1.22085e-05 0.0703507 0.0263282 0.000435138 4.87667e-05 6.78749e-05 0.381771 0.0365889 
0.0101521 1.26855e-07 1.66822e-05 0.00261147 3.39793e-05 1.97061e-07 0.0126319 6.43908e-06 0.00749488 0.0390972 8.34107e-08 7.93974e-08 1.99526e-06 1.27418e-05 1.89226e-05 0.0143367 2.04281e-06 6.14597e-06 1.59778e-07 0.00167307 1.81142e-05 0.000385732 1.37901e-06 1.31343e-07 0.821279 0.0902187 
0.115913 0.000567568 1.78074e-07 0.00155739 0.00128408 1.22676e-08 0.165302 0.000567989 0.00272866 0.0436267 0.00322355 0.00749809 0.0508094 0.00354559 0.0133263 0.0922403 6.90897e-09 4.95217e-08 6.39749e-05 0.0227715 0.185356 4.16609e-06 0.000598115 1.53579e-05 0.243836 0.0451644 
0.00244478 6.91765e-08 3.59885e-08 0.00251456 0.000393598 6.10932e-11 0.00170126 4.30447e-06 0.00338109 0.0333594 2.58592e-11 0.0026125 0.00746299 0.0434805 0.000120932 0.0562897 1.23203e-08 2.29263e-05 1.04543e-09 0.000527672 0.0100437 0.00209881 0.00123506 0.00022396 0.776841 0.055241 
0.0385121 0.0501136 0.0903227 0.00561845 0.00018328 2.6872e-06 0.00836102 0.00108396 0.00462084 0.0694016 0.00022964 0.000716676 0.0358761 0.0671199 0.000704023 0.028967 2.67762e-05 0.00108581 2.84149e-05 0.026287 0.0138122 0.00998606 0.0226478 0.000221723 0.499149 0.0249221 
0.0315373 0.00022476 0.00270831 0.0741811 8.49757e-06 1.85619e-08 0.000134229 0.00164168 0.051538 0.0160371 1.20815e-10 0.00612955 0.0244219 0.196594 0.00530658 0.0724612 2.2741e-06 3.87471e-05 0.00023188 0.019829 0.0520571 0.00171261 0.102256 2.77687e-05 0.330511 0.0104102 
0.217644 3.06292e-05 7.07509e-05 0.00833226 0.00752626 8.34516e-05 0.00490907 0.0061369 0.0073148 0.0156833 5.52855e-11 0.0127711 0.0127725 0.00520271 1.50673e-05 0.00504619 7.07528e-05 0.00139202 5.78391e-07 0.0669283 0.214104 8.05521e-08 0.000185617 0.00138524 0.407858 0.00453634 
0.277323 0.000123367 0.00115618 0.00541073 0.000413752 3.75666e-07 0.0041488 0.00239581 0.00138845 0.117055 1.5901e-07 0.0125569 0.0120906 0.0203639 0.000346003 0.0239554 9.35432e-06 3.26686e-05 0.00790791 0.0197541 0.00510279 0.00624061 7.46541e-05 0.00133855 0.47225 0.00856093 
0.0603496 0.00619836 0.000745586 0.00148177 0.000160194 1.85941e-06 0.00152917 0.0182885 0.00164229 0.064843 1.69523e-08 5.78264e-05 0.00904434 0.00912989 0.00059813 0.0157224 4.69848e-07 2.04234e-08 2.42963e-06 0.0599874 0.00570012 0.00153259 0.0349555 1.78096e-08 0.704927 0.00310145 
0.00985598 6.39161e-10 4.36598e-10 0.00189303 3.76831e-10 9.92891e-10 1.15398e-06 1.26042e-07 1.99392e-07 0.000207968 4.20265e-10 1.2731e-07 7.30283e-08 7.73816e-11 1.59131e-07 0.00126482 9.12996e-08 1.84267e-08 8.05041e-10 6.94004e-07 0.000372091 2.05826e-10 0.00064814 6.61773e-10 0.984999 0.000756017 
0.291908 5.88927e-05 0.000641659 0.00993136 0.0224383 1.83564e-05 0.00326893 0.0140773 0.0714222 0.0127428 6.36859e-08 0.0118315 0.049931 0.0664474 0.0137308 0.0244438 0.000208321 1.15827e-05 7.03656e-05 0.0468748 0.0357468 0.000411769 0.000257882 1.74932e-06 0.312422 0.011102 
0.0197882 0.00691699 0.00219358 0.0139508 4.54797e-05 3.81108e-06 0.00180367 0.00428989 0.00492534 0.0330695 0.000226813 0.000282396 0.0473673 0.178414 0.000596924 0.0413596 6.09648e-05 0.16559 1.21642e-06 0.0173138 0.0194689 0.00392794 0.0236005 2.74892e-05 0.377408 0.0373671 
0.190979 4.29185e-05 0.0014458 0.000360814 0.0464037 9.16699e-05 0.00129809 0.0966229 0.0087151 0.019231 3.14207e-08 0.000288737 0.0212376 0.0429416 0.112291 0.00627231 0.000181135 0.000436511 0.00406942 0.155371 0.0173057 0.000234822 5.38275e-05 0.000319235 0.245392 0.0284129 
0.0632623 0.0117349 0.0160929 0.00420427 0.0403215 5.97853e-05 0.0104293 0.00994609 0.00199695 0.0932659 1.5166e-05 6.07449e-06 0.0854766 0.0382076 0.00161284 0.0600707 5.24934e-05 0.155446 0.00295443 0.080344 0.006681 0.00579667 0.00840852 0.000787874 0.288686 0.0141393 
0.103678 1.26217e-05 1.26288e-05 1.26405e-05 1.26309e-05 1.26092e-05 1.26392e-05 0.018975 1.26382e-05 1.26426e-05 1.26294e-05 1.26301e-05 1.26424e-05 1.26414e-05 1.26346e-05 1.26426e-05 1.26245e-05 1.26218e-05 1.26158e-05 1.26428e-05 1.26407e-05 0.0303411 1.26403e-05 1.26209e-05 0.846728 1.26419e-05 
0.114817 4.47981e-09 0.0012552 6.03804e-05 0.0186433 3.03432e-08 0.00119676 0.00396719 0.00470455 0.0532411 7.90338e-11 1.44396e-07 0.0200268 0.0759833 0.000368821 0.0198168 0.000478267 0.00065587 1.30379e-07 0.0415924 0.00159482 0.00069811 0.198035 1.70206e-07 0.408873 0.03399 
0.0258584 0.00247189 0.000277654 0.000749995 0.000170687 0.000176912 0.0781817 0.00841016 0.00120717 0.0335212 6.46115e-05 0.00857088 0.00811782 0.0077522 0.000705188 0.0156668 1.63908e-06 7.52385e-08 8.86285e-06 0.0592072 0.0277101 0.000863498 0.0200841 9.24734e-05 0.695903 0.00422568 
0.068213 1.90094e-05 0.00308628 0.00825703 0.000154853 0.0371588 0.0142324 0.00268382 0.000968963 0.0323175 1.18171e-05 0.00140121 0.13236 0.00909418 0.000195594 0.026791 1.53994e-06 0.00189121 0.000772185 0.0496544 0.275311 0.00226468 0.0392848 3.31799e-05 0.286988 0.00685314 
0.0409419 0.0236318 0.00169341 0.0117081 0.000516671 1.3777e-05 0.00578242 0.0132839 0.00344778 0.0433379 1.13607e-05 0.000238568 0.0381784 0.217285 0.00115902 0.0243003 9.06118e-06 0.00915079 0.00453194 0.0363725 0.0178184 0.00909402 0.0458003 0.00147687 0.395285 0.0549313 
0.210522 0.000148572 0.000467699 0.010425 2.84693e-05 0.000165517 0.00991804 0.000383602 0.00110536 0.0990657 2.37476e-10 0.000238258 0.026765 0.213363 0.000118146 0.0268104 0.000235708 0.00147507 1.79211e-08 0.0338595 0.019725 0.00276569 0.0439842 4.93379e-05 0.268743 0.029638 
0.0603496 0.00619836 0.000745586 0.00148177 0.000160194 1.85941e-06 0.00152917 0.0182885 0.00164229 0.064843 1.69523e-08 5.78264e-05 0.00904434 0.00912989 0.00059813 0.0157224 4.69848e-07 2.04234e-08 2.42963e-06 0.0599874 0.00570012 0.00153259 0.0349555 1.78096e-08 0.704927 0.00310145 
0.0136502 0.000944349 0.00370378 0.015087 0.000322871 4.75941e-05 0.00111104 0.00156265 0.00245951 0.0104885 1.21331e-08 0.00677733 0.0940913 0.0587474 0.000957111 0.0181974 7.52562e-05 3.64878e-05 2.13375e-05 0.0399579 0.0468475 0.00217985 0.070251 0.000885022 0.481957 0.129641 
0.0255116 2.162e-07 0.000662473 0.000172033 0.000604127 6.96312e-05 0.131249 0.000305909 0.000116678 0.0709552 0.000756078 0.0135716 0.00562883 0.00803446 0.000355745 0.0222636 7.78121e-07 0.000122807 7.88938e-06 0.0333388 0.0148458 0.000454427 0.0942172 0.000938679 0.568511 0.0073054 
0.111468 0.00034613 0.0268061 0.0377497 0.00168005 3.73731e-06 0.00105164 0.00380829 2.82641e-06 6.08727e-05 0.00297316 0.000112227 0.00602855 0.000150462 0.000184626 0.0208002 2.10481e-06 0.000253996 0.0425549 0.0031509 0.00622837 6.44082e-05 1.01581e-05 8.54313e-05 0.734372 5.15932e-05 
0.258847 0.00123739 1.5523e-10 2.15183e-06 0.00298608 3.53016e-10 0.0727602 0.000137659 0.00115287 0.0229848 8.97441e-06 7.72795e-05 0.0052695 0.00257063 0.0362073 1.92962e-07 1.98814e-10 2.25907e-10 1.7464e-07 0.0618045 0.0188161 7.31801e-11 1.63228e-05 1.67449e-07 0.47987 0.0352502 
0.0107318 0.00164031 0.00148553 0.00609907 0.00104667 1.10384e-07 1.41266e-05 0.000263471 0.000430899 0.0228774 0.00284864 0.00163454 0.0135241 0.0344425 4.02667e-05 0.00417358 3.70189e-08 2.71372e-05 1.42565e-06 0.00229204 0.0260982 0.00136067 0.120036 4.71483e-05 0.734454 0.0144294 
0.0378195 0.00768484 0.00119357 0.0127605 0.0796155 0.00202862 0.131522 0.0017924 0.00260715 0.0111553 0.000399416 0.00312585 0.0637676 0.0153257 0.00375752 0.105206 2.73616e-06 7.78237e-05 2.40731e-06 0.121649 0.076356 0.0186197 0.00909001 0.000246712 0.194012 0.100182 
0.0476351 9.58832e-05 0.010254 0.0219244 0.000304238 6.74297e-06 0.0190183 0.00206205 0.00237663 0.080336 0.00827856 0.00627172 0.0338987 0.0150802 0.000250142 0.0743826 9.70692e-05 7.53541e-05 4.46997e-06 0.0514636 0.0206075 0.27673 0.00298977 0.00199584 0.32034 0.00352153 
0.400434 1.45164e-11 4.364e-08 0.00452441 3.71783e-06 2.25728e-08 0.00222678 0.000382551 4.38386e-07 0.0214391 9.54494e-12 1.01943e-06 0.0328278 1.58526e-07 1.06564e-07 0.062715 1.27e-11 0.00175405 3.67524e-07 0.018837 1.07957e-07 2.48697e-07 2.33914e-08 4.36019e-08 0.450614 0.00423825 
0.0197882 0.00691699 0.00219358 0.0139508 4.54797e-05 3.81108e-06 0.00180367 0.00428989 0.00492534 0.0330695 0.000226813 0.000282396 0.0473673 0.178414 0.000596924 0.0413596 6.09648e-05 0.16559 1.21642e-06 0.0173138 0.0194689 0.00392794 0.0236005 2.74892e-05 0.377408 0.0373671 
0.224327 8.12581e-06 0.0311153 0.00307267 0.00050812 4.28579e-06 0.0337098 0.00163913 0.0144683 0.0115688 0.00040301 0.000257396 0.0947442 0.0787528 0.00342442 0.0272111 0.000152789 0.00527767 3.47846e-05 0.0404265 0.00378505 0.038175 0.000795327 5.50901e-05 0.317262 0.0688208 
0.00384846 0.00603129 0.00397523 0.0477672 0.00501914 1.02753e-05 0.00217005 0.00156237 0.0231879 0.0574552 1.53801e-06 0.000424716 0.0615237 0.167789 0.000598552 0.0837015 5.82748e-10 0.00045592 0.000249577 0.0104226 0.106811 0.0162845 0.0291817 4.69678e-05 0.340464 0.0310169 
0.0603496 0.00619836 0.000745586 0.00148177 0.000160194 1.85941e-06 0.00152917 0.0182885 0.00164229 0.064843 1.69523e-08 5.78264e-05 0.00904434 0.00912989 0.00059813 0.0157224 4.69848e-07 2.04234e-08 2.42963e-06 0.0599874 0.00570012 0.00153259 0.0349555 1.78096e-08 0.704927 0.00310145 
0.00661885 0.015681 0.0548091 0.103338 1.50431e-05 1.85436e-06 0.01684 0.0340855 0.00254041 0.0275784 7.09833e-06 0.000641303 0.0384583 0.170972 0.000236901 0.166139 2.07742e-08 0.000493869 8.86384e-07 0.0251225 0.0336483 0.00382819 0.0177085 7.12356e-05 0.234333 0.0468317 
0.0551441 3.52671e-05 4.53415e-07 0.00424098 2.81583e-05 3.92113e-05 5.32624e-05 2.10555e-05 0.0074195 0.0157582 5.39324e-12 2.50533e-09 0.024597 0.189897 0.000445932 0.0269963 5.67975e-08 0.00212799 1.0331e-11 6.95323e-07 0.0102346 0.00557732 0.0272414 1.72285e-08 0.627692 0.00244912 
0.0772862 0.000472679 0.00175124 0.0131269 0.00450039 2.43667e-08 0.0354482 6.05522e-05 0.00400009 0.0344226 5.52389e-10 0.00531137 0.0277729 0.0986323 0.000621533 0.0516144 0.00015091 0.192785 7.20866e-05 0.0358798 0.0285349 0.0403731 0.0174913 0.000115814 0.209807 0.119768 
0.136874 1.69592e-05 0.078762 0.000918095 0.0162969 1.44933e-05 0.0106049 0.0409138 0.00131771 0.153661 3.33407e-07 1.25137e-06 0.0261613 0.0647534 0.00816372 0.0110608 6.49452e-07 0.0135813 0.000520971 0.0291563 0.00610294 0.0099615 0.000399887 0.000263903 0.340592 0.0499007 
0.0108736 0.000122967 0.00277916 0.00408014 3.34536e-05 2.12329e-07 0.000330123 0.00523538 0.0135035 0.0499208 0.00238146 8.50152e-05 0.02971 0.287644 0.000606393 0.0376577 1.43435e-06 0.00296552 0.000131201 0.00221382 0.0122718 0.00760871 0.0342394 0.000133285 0.458782 0.036689 
0.0440331 1.38362e-05 0.00544283 0.00206783 0.0187062 5.76837e-08 6.34187e-08 6.44908e-05 0.000847628 0.00410293 3.04159e-06 2.63639e-06 0.00580624 0.0138144 2.30003e-05 0.00224099 5.5435e-10 2.82016e-07 7.39782e-08 0.00756685 0.0353004 0.000160761 1.63125e-05 0.000195041 0.820112 0.0394791 
0.00867809 7.42152e-09 0.00274303 0.000167601 0.00729219 9.15176e-10 0.0001515 0.00140925 0.000215489 0.00111141 0.00136585 1.0721e-05 0.00866741 0.00130836 1.84693e-05 0.000482281 8.57348e-07 8.76587e-06 3.34343e-06 0.00228036 0.000674273 0.000157039 0.00555438 4.80798e-05 0.955914 0.00173705 
0.220613 2.97796e-06 2.22301e-07 0.000202636 0.00174983 7.09318e-06 0.00286112 0.0478304 0.00204699 0.00166664 1.52543e-06 4.70485e-07 0.0060077 0.227397 0.000716732 0.00947353 5.04774e-06 0.00219096 0.000338634 0.118545 0.00854091 0.00874539 0.000882392 0.00513342 0.334945 9.46792e-05 
0.122959 0.000873009 0.000376353 0.0184016 0.00546565 4.68499e-07 0.00045053 0.000950993 0.0024098 0.0542331 2.11902e-06 0.0042198 0.0587654 0.119431 0.000308937 0.0418951 1.27824e-07 0.0193918 2.89214e-08 0.0547951 0.0348261 0.0161278 0.00494383 0.000311575 0.41695 0.0219112 
0.0228399 0.00177632 0.00172959 0.0410704 0.00331759 3.90739e-06 0.00121446 0.00643275 0.0139035 0.0218166 2.84717e-05 0.01712 0.0319318 0.159014 0.00130419 0.128224 1.34862e-07 1.17724e-05 1.80022e-06 0.195586 0.135911 0.0021972 0.00195725 4.06815e-06 0.195767 0.016837 
0.00244478 6.91765e-08 3.59885e-08 0.00251456 0.000393598 6.10932e-11 0.00170126 4.30447e-06 0.00338109 0.0333594 2.58592e-11 0.0026125 0.00746299 0.0434805 0.000120932 0.0562897 1.23203e-08 2.29263e-05 1.04543e-09 0.000527672 0.0100437 0.00209881 0.00123506 0.00022396 0.776841 0.055241 
0.00867809 7.42152e-09 0.00274303 0.000167601 0.00729219 9.15176e-10 0.0001515 0.00140925 0.000215489 0.00111141 0.00136585 1.0721e-05 0.00866741 0.00130836 1.84693e-05 0.000482281 8.57348e-07 8.76587e-06 3.34343e-06 0.00228036 0.000674273 0.000157039 0.00555438 4.80798e-05 0.955914 0.00173705 
0.0471398 3.34403e-05 6.42013e-05 0.00015895 0.000763866 6.66437e-06 0.0328916 0.00352358 0.00228509 0.190252 1.37038e-06 0.000966044 0.0400884 0.0058737 0.0138763 0.219888 2.42435e-10 2.33804e-06 1.64594e-07 0.0524482 0.00758963 0.00124831 4.62659e-08 2.86912e-10 0.362654 0.0182444 
0.00867809 7.42152e-09 0.00274303 0.000167601 0.00729219 9.15176e-10 0.0001515 0.00140925 0.000215489 0.00111141 0.00136585 1.0721e-05 0.00866741 0.00130836 1.84693e-05 0.000482281 8.57348e-07 8.76587e-06 3.34343e-06 0.00228036 0.000674273 0.000157039 0.00555438 4.80798e-05 0.955914 0.00173705 
0.326442 0.000599069 0.000730502 0.0235242 9.63314e-05 1.81575e-06 0.00551478 0.00218463 0.00826753 0.0144432 0.000318695 0.00354021 0.00828448 0.011094 0.00210827 0.0220137 2.46261e-05 0.000754388 0.00232178 0.0632886 0.00395544 0.0168221 2.46239e-05 0.00149984 0.46679 0.015356 
0.0922157 0.00280956 0.020139 0.00972359 0.00133437 9.48499e-07 0.0324 0.0172157 0.00284698 0.0860964 0.000304365 0.00746842 0.0930154 0.0634294 0.000315619 0.0816311 6.75255e-08 0.00013091 7.5579e-06 0.0484059 0.111139 0.0118766 0.0207441 0.00368814 0.217166 0.075895 
0.0417998 7.50531e-06 0.00117539 0.0230144 0.000321773 0.00331251 0.106993 0.018385 0.0137586 0.0993541 0.00676053 0.0213576 0.126513 0.014647 0.0131957 0.0793957 2.35127e-05 3.17193e-06 0.000344205 0.103887 0.0560185 0.00636023 0.000182469 0.0032041 0.222929 0.0370563 
0.237333 0.00167215 0.00767321 0.0277677 0.000104517 3.3589e-05 0.0146607 0.00288167 0.00707807 0.0736732 0.000295919 0.000205097 0.0333994 0.0285848 0.000672237 0.0477189 0.000408522 0.000527499 0.00216608 0.0376634 0.0297828 0.0285732 0.0304564 0.00336212 0.360306 0.0230001 
0.00320773 6.51329e-05 0.000523806 0.0130178 2.8774e-05 7.22061e-08 0.00014953 9.60185e-05 0.00439263 0.0055326 3.35244e-07 0.0178606 0.0768049 0.0831429 0.000985548 0.0762877 8.75544e-06 2.26233e-05 9.02595e-08 0.00579682 0.0340232 0.00242773 0.0727548 1.22599e-05 0.450843 0.152014 
0.308127 5.81669e-09 3.97326e-09 4.79795e-05 4.02251e-06 4.77437e-06 1.90841e-05 6.49866e-10 0.00652514 0.0910137 3.82462e-09 3.54226e-05 0.0806372 2.82469e-05 0.00014055 0.0843436 5.08886e-09 5.78233e-09 7.32628e-09 2.61517e-06 0.0146844 7.40085e-06 9.76239e-10 6.71126e-06 0.364264 0.0501083 
0.00225785 5.80905e-10 2.19583e-07 0.0165914 4.33968e-07 2.12276e-06 0.000207434 3.32593e-08 0.000567476 1.62081e-07 3.8196e-10 3.63582e-10 0.146827 0.00922285 2.2408e-08 0.0575535 5.08218e-10 1.77272e-06 7.31665e-10 3.03163e-11 0.0149689 8.42149e-07 9.74957e-11 3.57442e-07 0.694229 0.0575679 
0.0413549 0.000696102 0.00120651 0.00503747 0.000513097 7.83165e-05 0.000375693 0.0173669 0.000269614 0.0234794 0.151545 0.000710432 0.0174734 0.0445947 0.00200751 0.202446 6.14809e-11 1.63406e-05 0.000900492 0.149497 0.00359762 0.00207646 9.72269e-07 0.00022134 0.299782 0.034752 
0.185891 1.18036e-05 0.000113883 0.00420739 0.000410437 6.64893e-07 0.00700518 0.0143332 0.00147934 0.0704194 3.54176e-07 1.79331e-06 0.0336038 0.0343707 0.000660118 0.0179018 8.29291e-05 0.00226516 2.07487e-10 0.0776661 0.0243405 0.12347 0.00481259 0.000379344 0.384993 0.0115795 
0.00562055 0.00135783 0.0188775 0.00669066 0.000726753 4.82905e-08 0.00506526 5.42668e-05 0.0022778 0.0177642 2.91329e-06 0.0233498 0.0100638 0.119202 0.000823206 0.128176 1.74984e-10 7.3424e-05 1.66086e-08 0.0481882 0.0247459 0.00183073 0.000982957 0.00198133 0.356174 0.225971 
0.0980231 1.70547e-06 0.00330873 0.00147928 0.000549892 7.08731e-08 0.0161805 0.000425676 0.00728608 0.0709136 5.36105e-10 2.16148e-05 0.00789368 0.0362572 9.18413e-06 0.00847557 0.000185539 0.00321092 0.000146282 0.0213494 0.00548603 0.00220214 0.0839714 3.1814e-05 0.543968 0.0886225 
0.0603496 0.00619836 0.000745586 0.00148177 0.000160194 1.85941e-06 0.00152917 0.0182885 0.00164229 0.064843 1.69523e-08 5.78264e-05 0.00904434 0.00912989 0.00059813 0.0157224 4.69848e-07 2.04234e-08 2.42963e-06 0.0599874 0.00570012 0.00153259 0.0349555 1.78096e-08 0.704927 0.00310145 
0.0309895 1.19141e-05 0.007153 0.00570696 0.000205979 4.85672e-09 0.00152003 0.000135916 0.000881428 0.126566 8.60676e-12 3.29207e-05 0.00684369 0.202182 0.000597458 0.0157171 2.96208e-05 0.00394812 1.3597e-07 0.0014467 0.0201499 0.000535705 0.215176 0.000104772 0.322804 0.0372617 
0.159038 1.64865e-05 0.00141204 0.0138052 0.0411888 1.03433e-05 0.0100064 0.0172241 0.00884691 0.0346525 0.000649784 0.000301075 0.0222591 0.172187 0.00512032 0.0210337 0.000115591 0.000846969 0.000132761 0.0302657 0.0355331 0.00562316 0.153007 0.014275 0.215695 0.0367545 
0.00446206 4.0642e-05 0.0659775 3.5438e-05 0.0175632 8.69116e-05 0.000941849 0.0100521 0.000243646 0.00078651 3.9596e-10 2.82231e-05 0.207731 0.0046293 0.00110898 0.000710259 5.26846e-10 5.9864e-10 3.75864e-08 0.108278 7.49456e-05 0.0010757 4.64741e-06 1.6215e-05 0.568555 0.00759785 
0.0183778 2.61413e-05 1.60914e-09 0.0592385 6.56157e-07 3.65943e-09 7.30251e-05 3.69061e-05 0.0216056 0.107538 5.52795e-05 0.00137406 0.0774329 0.0736553 0.00114932 0.201438 0.00827546 5.16459e-05 2.96709e-09 0.0161277 0.0189227 0.00337008 6.70457e-05 6.85093e-06 0.287205 0.103971 
0.0197882 0.00691699 0.00219358 0.0139508 4.54797e-05 3.81108e-06 0.00180367 0.00428989 0.00492534 0.0330695 0.000226813 0.000282396 0.0473673 0.178414 0.000596924 0.0413596 6.09648e-05 0.16559 1.21642e-06 0.0173138 0.0194689 0.00392794 0.0236005 2.74892e-05 0.377408 0.0373671 
0.0603496 0.00619836 0.000745586 0.00148177 0.000160194 1.85941e-06 0.00152917 0.0182885 0.00164229 0.064843 1.69523e-08 5.78264e-05 0.00904434 0.00912989 0.00059813 0.0157224 4.69848e-07 2.04234e-08 2.42963e-06 0.0599874 0.00570012 0.00153259 0.0349555 1.78096e-08 0.704927 0.00310145 
0.123914 0.000201445 2.65569e-05 0.000865972 0.0040202 3.51176e-05 0.00504868 0.0804927 0.00057253 0.0503096 0.00120864 0.000388996 0.014071 0.0182956 0.00563829 0.0109984 0.0507402 0.000407387 0.000284369 0.257517 0.00272876 0.000533217 0.000111139 3.7932e-07 0.352771 0.0188193 
2.99976e-05 0.000335082 0.000228887 5.25512e-05 0.000197554 0.000520525 7.2251e-05 3.74368e-05 8.78398e-05 2.10929e-05 0.000220325 0.000209724 2.44003e-05 4.05675e-05 0.00014136 2.22215e-05 0.000293154 0.000333102 0.000422044 1.74872e-05 4.95408e-05 0.000107905 5.62381e-05 0.000346936 0.9961 3.15058e-05 
0.0751311 2.5916e-06 0.00203293 0.00199741 0.000707971 3.68882e-05 0.0107828 0.00637854 0.00269489 0.0754342 0.00184444 0.00436118 0.0654209 0.198835 0.00292688 0.0434044 2.42564e-07 0.000174195 9.41748e-07 0.0203592 0.0255305 0.0073993 0.143048 0.000153411 0.292544 0.0187987 
0.103387 1.93276e-05 0.0111191 0.00523532 0.0038745 2.64388e-06 0.00142668 0.00584862 0.00625654 0.0249447 0.0111348 0.00388499 0.0654083 0.0267155 0.00251929 0.0338102 2.21429e-06 4.46642e-05 5.78726e-05 0.0204857 0.0106683 0.00259884 0.00575751 7.76157e-05 0.629591 0.0251282 
0.0361533 8.73509e-05 1.0833e-05 0.00808906 0.0011004 0.000554883 0.059979 0.00086745 0.0135313 0.0742349 0.00507392 0.000212977 0.0552826 0.0565764 0.0537356 0.0992569 4.78674e-06 0.000289528 4.59922e-05 0.133524 0.0106566 0.0012182 3.24955e-06 5.52164e-05 0.239481 0.149975 
0.176023 3.86577e-05 8.31305e-05 0.00168582 2.0898e-05 5.26711e-05 0.00358787 0.0477603 0.0089984 0.174737 0.00129921 6.05678e-06 0.0697261 0.176787 0.00116359 0.0145526 0.000501875 0.0130923 1.86569e-07 0.0375383 0.0125916 0.00175894 0.0139717 9.58762e-06 0.211506 0.0325069 
0.101755 0.0287679 0.0467015 0.0120723 0.000719146 1.38833e-06 0.0198908 0.00513315 0.0149282 0.145856 9.52625e-05 0.000303651 0.044798 0.0888218 0.00119742 0.0381846 3.72618e-05 0.00109775 0.00168778 0.0745215 0.0196367 0.00672366 0.00981411 0.000355475 0.291989 0.0449115 
0.00867809 7.42152e-09 0.00274303 0.000167601 0.00729219 9.15176e-10 0.0001515 0.00140925 0.000215489 0.00111141 0.00136585 1.0721e-05 0.00866741 0.00130836 1.84693e-05 0.000482281 8.57348e-07 8.76587e-06 3.34343e-06 0.00228036 0.000674273 0.000157039 0.00555438 4.80798e-05 0.955914 0.00173705 
0.00446206 4.0642e-05 0.0659775 3.5438e-05 0.0175632 8.69116e-05 0.000941849 0.0100521 0.000243646 0.00078651 3.9596e-10 2.82231e-05 0.207731 0.0046293 0.00110898 0.000710259 5.26846e-10 5.9864e-10 3.75864e-08 0.108278 7.49456e-05 0.0010757 4.64741e-06 1.6215e-05 0.568555 0.00759785 
0.071823 1.1487e-06 2.36604e-06 0.00928257 0.000584079 2.83927e-07 0.000767881 0.00014846 0.00107149 0.0114886 2.2433e-05 0.0376621 0.00233137 0.190629 0.00805839 0.0381711 2.52749e-05 0.0467562 0.102607 0.0449224 0.00619063 0.0161838 0.000205023 0.000491801 0.305669 0.104905 
0.00867809 7.42152e-09 0.00274303 0.000167601 0.00729219 9.15176e-10 0.0001515 0.00140925 0.000215489 0.00111141 0.00136585 1.0721e-05 0.00866741 0.00130836 1.84693e-05 0.000482281 8.57348e-07 8.76587e-06 3.34343e-06 0.00228036 0.000674273 0.000157039 0.00555438 4.80798e-05 0.955914 0.00173705 
0.0284931 1.46798e-05 4.6912e-05 0.00268837 0.0182342 0.000181251 0.00295984 0.00364238 0.00838899 0.00529459 9.8476e-11 4.16733e-05 0.110059 0.0165265 0.00122109 0.00828802 5.90325e-06 0.00263985 4.60863e-05 0.00825582 0.0141653 0.000556005 1.04651e-06 0.000129792 0.748449 0.0196708 
0.00547205 0.00120254 0.00077161 0.00495509 0.00355074 5.99826e-05 2.29895e-05 0.000820296 0.0006077 0.00503694 0.00109637 0.000110278 0.0340191 0.0457351 1.75866e-05 0.0122236 4.12955e-06 1.84724e-05 2.47983e-07 0.00711253 0.00623791 0.0142018 0.0108568 6.89477e-05 0.674898 0.170899 
0.170422 4.52489e-09 1.94163e-06 0.0391903 0.000154823 7.02909e-09 0.0514913 0.0316848 0.00430736 0.00518935 2.97523e-09 2.83208e-09 0.0133406 0.0442189 0.000740168 0.130405 7.51434e-07 6.98521e-05 9.53754e-05 0.099711 0.00161564 0.0451437 2.4604e-07 0.0211743 0.339433 0.00160926 
0.274666 4.65883e-06 8.42717e-06 0.00619492 0.000413389 5.76659e-05 0.0251464 0.000116593 0.00278987 0.101522 3.3524e-08 2.6504e-07 0.0162668 0.0411875 0.0231476 0.0117081 0.000110596 0.000139004 6.4217e-08 0.02583 0.0150486 0.00536612 0.013027 4.33037e-05 0.36277 0.0744345 
0.0895182 0.000324945 0.00785989 0.00391495 0.000216026 8.70464e-05 0.0267593 0.00969239 0.0229567 0.0471363 0.000343668 0.000958709 0.0171088 0.16503 0.00116374 0.0866707 0.00199109 0.0734173 3.45762e-06 0.0445441 0.0056608 0.0537937 0.00183644 9.22734e-06 0.273265 0.0657379 
0.00867809 7.42152e-09 0.00274303 0.000167601 0.00729219 9.15176e-10 0.0001515 0.00140925 0.000215489 0.00111141 0.00136585 1.0721e-05 0.00866741 0.00130836 1.84693e-05 0.000482281 8.57348e-07 8.76587e-06 3.34343e-06 0.00228036 0.000674273 0.000157039 0.00555438 4.80798e-05 0.955914 0.00173705 
0.0577574 1.12209e-07 1.49826e-06 0.00846026 5.85721e-05 8.31547e-06 0.00279858 0.00123378 0.00411556 0.00667754 1.92407e-06 8.98854e-09 0.01648 0.0380797 0.00372904 0.0151204 6.42294e-07 3.7166e-07 0.00320496 0.10178 7.18778e-07 0.00631277 6.83824e-07 0.000654859 0.733518 4.5116e-06 
0.00441101 3.20272e-07 0.000945179 0.000318144 0.000895227 4.87937e-05 0.271671 0.000128523 0.000264016 0.0230672 1.36631e-05 0.0400967 0.0038957 0.0040586 4.11539e-05 0.0319323 2.24916e-06 5.4567e-07 3.76683e-08 0.0104339 0.0191451 0.000631739 0.0847123 0.000735711 0.490485 0.0120661 
0.258847 0.00123739 1.5523e-10 2.15183e-06 0.00298608 3.53016e-10 0.0727602 0.000137659 0.00115287 0.0229848 8.97441e-06 7.72795e-05 0.0052695 0.00257063 0.0362073 1.92962e-07 1.98814e-10 2.25907e-10 1.7464e-07 0.0618045 0.0188161 7.31801e-11 1.63228e-05 1.67449e-07 0.47987 0.0352502 
0.0493763 0.000334368 0.000877538 0.00683271 2.19074e-05 0.000597395 0.0217699 0.00125967 0.00540216 0.177611 7.10101e-05 0.000860065 0.0903656 0.0996513 0.00184955 0.120331 5.85473e-06 0.000358826 4.27233e-06 0.0545537 0.0957526 0.0154888 0.0173603 0.00107716 0.180632 0.0575552 
0.0945076 4.85904e-05 2.08228e-06 4.7808e-07 0.00460595 0.00344784 0.00053093 8.00533e-05 7.99116e-07 0.000202401 0.000441198 1.90795e-06 9.22696e-05 0.00114341 0.0077425 0.00895628 0.000116676 0.000757582 3.83951e-06 0.00235439 0.0196708 0.00966709 0.00123293 0.000161694 0.815732 0.0284989 
