0.151944 8.1753e-08 0.00215569 5.55745e-05 0.0261352 2.51403e-07 0.354691 0.00215434 0.000239589 0.0105803 0.000275794 0.0443691 0.00785638 8.9559e-07 5.0849e-05 0.275097 1.46001e-09 3.39186e-06 1.77149e-06 0.113007 0.00757701 0.000268963 2.80085e-10 0.000177828 0.00245743 0.0009 
0.128789 0.000348304 0.00161144 0.0152873 0.0126951 0.000861809 0.343196 0.0112489 0.0119924 0.0343259 0.000378413 0.00408117 0.103463 0.00983873 0.00767536 0.0541942 1.40977e-05 1.46095e-05 0.000391902 0.126216 0.0452176 0.00543657 0.00100476 7.49551e-05 0.0249546 0.0566881 
0.146159 3.10777e-08 0.000205865 0.00392359 0.00105156 0.000122516 0.57773 0.00213944 0.00590952 0.0732974 2.04344e-08 0.000158952 0.034672 0.0132605 0.000143757 0.0364727 8.49174e-05 0.0106353 0.00138892 0.0557037 0.00201885 0.00596936 4.2567e-05 0.000565903 0.00242134 0.0259228 
0.0194069 1.67963e-05 0.00201208 6.24236e-05 9.97234e-05 8.21266e-05 0.630007 0.00139983 0.0150065 0.02038 0.00010076 9.52258e-07 0.00596223 0.00209734 0.000186329 0.0128267 7.7254e-06 0.00170897 1.22688e-07 0.272375 0.00236548 0.000798158 2.49737e-05 9.93148e-05 0.00179451 0.0111779 
0.0540412 2.79008e-05 0.00283164 0.00462298 0.000202651 5.13016e-05 0.280328 0.0402025 0.00344217 0.0301638 5.09003e-06 0.00163746 0.0163978 0.0420321 0.00126202 0.13018 2.26454e-05 5.54117e-05 3.94196e-06 0.266021 0.0213992 0.00057255 0.000172291 0.0289895 0.0138586 0.0614755 
0.309076 2.68722e-07 0.000170099 0.00392452 3.33179e-05 0.000472367 0.565164 0.000982688 0.000953894 0.0375887 4.79876e-10 1.82797e-07 0.00429011 0.000741098 0.00173512 0.0148704 2.66088e-06 3.68482e-07 9.19229e-10 0.0473831 0.00209563 1.41322e-05 1.49647e-05 0.000439212 0.00473909 0.00530757 
0.0098358 1.17215e-08 0.000126609 0.000200037 9.14658e-05 4.10098e-05 0.470398 0.0155768 0.0015189 0.0376125 0.00306857 0.000369255 0.04624 0.000315345 1.38792e-08 0.049459 2.25251e-07 7.57871e-06 6.09386e-08 0.35112 0.000648665 0.0101203 6.75757e-06 1.49357e-07 0.000111674 0.00313158 
0.0236483 3.50595e-07 6.36018e-05 6.50871e-07 2.24825e-07 1.64519e-07 0.83091 8.36848e-06 0.00115064 0.00081941 9.97374e-11 4.72551e-06 0.015586 2.44666e-06 8.30048e-07 0.0612242 2.26044e-07 8.23779e-09 4.10609e-07 0.0298246 0.00622613 0.000290097 3.31202e-05 0.000411829 0.00625073 0.0235433 
0.00225116 1.44716e-10 6.17041e-07 0.00070162 1.56638e-05 6.78283e-06 0.877824 0.00691345 0.000389512 0.0162696 0.010695 8.09861e-05 0.00726611 0.000297946 2.1469e-05 0.00874959 3.91286e-08 2.16912e-05 4.22805e-07 0.0602585 0.00681727 0.000606077 4.22547e-06 0.00013368 0.000609237 6.49076e-05 
0.0208163 2.22614e-06 9.00794e-06 1.5753e-06 1.44804e-06 5.05875e-09 0.400361 0.0292894 0.000818921 0.00760938 3.59373e-05 1.04606e-05 8.42157e-06 0.0118484 6.24234e-06 0.00786169 2.28289e-06 3.23727e-09 4.83131e-06 0.383157 3.91024e-06 1.04868e-09 3.99351e-07 0.00016024 8.6231e-06 0.137982 
0.380174 0.00970914 0.000899724 0.0118873 2.498e-05 0.000337743 0.444129 0.000877975 0.0144141 0.0407453 2.49133e-09 1.31684e-05 0.00561838 0.00198422 0.00149306 0.0123588 2.22586e-06 0.000228521 4.77229e-09 0.0446927 0.00168953 1.87377e-05 1.07003e-05 0.000333939 0.00772456 0.0206322 
0.0338515 3.45846e-06 0.0255698 0.0022997 0.00128781 3.38091e-06 0.52407 0.00627915 0.00162618 0.023329 8.01278e-06 0.00624538 0.0292058 0.00499845 0.00182764 0.049427 0.000150102 9.3092e-06 2.27853e-05 0.0346495 0.104194 0.00228382 0.000404573 0.000103066 0.0645488 0.0836011 
0.0133417 1.7111e-06 0.000951495 0.0048071 0.000166669 0.000723785 0.57808 0.00169547 0.000897274 0.0644711 2.8383e-05 7.15004e-10 0.0413234 0.000257819 4.71243e-05 0.030403 2.59289e-05 2.77834e-05 0.000317817 0.20339 0.00115354 0.0193049 1.17291e-06 0.000375556 0.00217504 0.0360315 
0.0770752 4.7041e-07 4.65354e-07 0.0111773 0.000259038 0.000106193 0.653578 0.000589207 4.27468e-06 0.0672464 0.000994772 1.84e-08 0.0013465 0.00612189 6.27358e-06 0.00671319 1.27454e-05 2.92246e-08 0.000958894 0.0139073 0.00252902 0.154882 2.70193e-06 4.84115e-06 0.000262279 0.00222127 
0.107304 0.000259269 0.00145387 0.00022884 0.0123813 5.95711e-07 0.614346 0.000392463 0.00368182 0.0104951 0.00535113 1.58663e-05 0.00416708 0.00322997 0.00280131 0.155323 9.56057e-08 1.47457e-10 1.8683e-10 0.0622588 0.00229516 0.000975573 1.70074e-06 0.000171525 7.09109e-08 0.0128656 
0.00425041 2.52862e-07 1.20679e-05 0.000559877 0.0615305 1.27186e-05 0.723406 0.00141792 0.000224988 7.39741e-05 2.05468e-08 4.27453e-05 0.000443324 0.0018588 0.00410897 0.127147 4.51371e-06 1.24097e-05 2.41889e-09 0.038591 0.010806 0.0168772 0.00835434 1.42721e-05 1.26914e-05 0.000238603 
0.00244344 2.95916e-12 7.64518e-09 0.000459971 1.77835e-05 3.29718e-06 0.872413 0.00761511 0.000417695 0.0137454 0.00773549 7.8554e-05 0.00801942 0.000283371 9.55143e-06 0.00822877 2.12351e-09 2.2615e-05 2.32194e-09 0.0699987 0.00698864 0.000679191 4.97331e-06 0.000161042 0.000648184 2.54953e-05 
0.0181842 9.14433e-10 2.10699e-05 0.00337546 0.000353364 1.21056e-06 0.480807 0.00625852 0.000484669 0.0605427 4.49743e-07 5.72334e-10 0.0701574 0.00355478 0.0273492 0.0107219 1.90704e-07 9.3956e-06 0.000115341 0.259398 0.0101963 0.000253444 2.05769e-07 7.02716e-05 0.00028494 0.0478604 
0.0518956 0.000128907 6.65101e-10 1.05956e-07 0.00105805 3.35604e-07 0.342905 1.08784e-10 0.0098633 0.00868868 6.4022e-10 5.33106e-08 0.0650453 0.030938 5.13357e-07 0.261808 1.58137e-06 9.67929e-10 2.12233e-06 0.182173 0.0151431 0.00077106 3.82778e-07 2.43817e-06 0.00348784 0.0260868 
0.00150572 1.12289e-10 1.46464e-06 0.000398947 0.00019519 0.000465751 0.505382 1.63655e-05 2.87044e-05 0.0622062 7.38329e-11 3.01411e-07 0.0326341 0.00120726 1.33572e-07 0.360132 5.96863e-08 2.12909e-07 1.26636e-07 0.0230301 0.00240846 0.00543865 1.88459e-11 1.16261e-10 4.58781e-05 0.00490244 
0.0408231 3.63429e-08 0.00164461 7.69184e-09 0.00123892 1.12834e-07 0.876564 6.75527e-07 3.64037e-08 0.000796813 3.31458e-11 3.1551e-11 1.49354e-08 7.01466e-05 7.49623e-05 0.0680405 4.41023e-11 5.01122e-11 6.34927e-11 0.00608645 0.000197325 0.00299423 8.46051e-12 5.21933e-11 0.00011997 0.00134833 
0.00197523 3.44122e-10 1.15347e-08 0.000782676 1.16523e-05 1.018e-05 0.903287 0.00551501 0.000347965 0.0126059 0.00506391 5.14425e-05 0.00570741 0.000299647 2.11606e-05 0.00898238 3.49526e-09 1.48259e-05 8.84667e-07 0.048117 0.0059687 0.000487981 3.25811e-06 0.00010546 0.000506886 0.000133554 
0.00777915 0.00200005 8.67016e-06 0.0121093 0.000126731 0.00145742 0.504596 0.000589659 1.63852e-05 0.047534 0.00458317 2.84723e-06 0.0469262 0.0022577 0.000403062 0.0857042 3.02705e-06 0.00129602 8.86489e-08 0.229275 0.00781684 0.00820529 7.19988e-07 0.0359187 0.000562506 0.000827045 
0.109767 8.21649e-06 1.41453e-06 3.45645e-05 4.06032e-06 6.88241e-08 0.386564 0.00255792 8.39372e-07 0.0772933 0.00449729 2.77298e-08 0.000615627 0.000962119 0.0508682 0.059422 3.87609e-08 4.4043e-08 5.58029e-08 0.305244 0.000119252 0.000271585 7.43583e-09 4.51791e-06 2.55229e-06 0.00176185 
0.0955027 1.38067e-05 0.000442615 0.0898478 0.00874241 0.000194321 0.369377 0.0214393 0.00133674 0.0787831 2.7319e-06 0.00249493 0.00879604 0.0252063 0.00196113 0.0308889 0.192413 0.000447582 0.0132447 0.0419543 0.00149012 0.00353111 0.000132818 0.000144338 0.000307488 0.0113055 
0.148023 6.32388e-06 1.06487e-05 0.00213073 0.000183999 8.67345e-09 0.184769 0.00134332 0.00186005 0.0458137 4.56581e-05 1.57557e-05 0.0453973 0.0528763 0.000229315 0.179961 1.99543e-08 0.000190597 7.03248e-09 0.159164 0.0241885 0.00975817 0.00905003 2.36602e-06 0.00248008 0.132501 
0.115227 3.21027e-05 0.00152894 0.0019045 0.00226247 3.38181e-10 0.558427 0.000388259 0.00437853 0.017151 0.000533583 0.000651627 0.00708342 0.00190026 0.00228482 0.202288 3.5372e-06 1.33544e-05 4.88157e-09 0.0470729 0.0151375 0.00684174 4.6513e-06 6.36133e-05 0.000542503 0.0142787 
0.0345504 0.00417998 0.0013187 0.00105068 0.00195318 0.00063214 0.43245 0.00808452 0.00369686 0.120491 1.51475e-05 0.00114517 0.0405617 0.0123458 0.00506288 0.13746 0.000111508 1.79922e-05 1.98427e-06 0.0837642 0.0548892 0.00379859 0.000325809 6.45189e-05 0.0063957 0.0456323 
0.00564411 6.19611e-08 3.61971e-07 9.22642e-07 0.000259555 1.97928e-07 0.747106 0.0407279 0.00103112 0.0148391 0.000806155 2.35016e-05 0.0197675 4.99518e-05 0.0020501 0.012072 1.11652e-09 8.55606e-05 1.62329e-05 0.132989 2.4703e-05 0.00522172 5.47265e-07 1.69613e-05 0.0135342 0.00373229 
0.0123642 2.72714e-08 0.000100252 0.000738794 0.0294673 0.000493251 0.660642 0.000548057 4.08467e-05 0.0127207 1.79317e-08 0.000586269 0.00488408 6.02124e-07 0.0041699 0.0712356 7.38447e-05 3.59123e-05 2.90456e-05 0.0199384 0.00791976 0.148759 2.10331e-07 2.82362e-08 0.00489348 0.0203578 
0.129337 1.19045e-06 9.15464e-06 0.00242517 0.000891217 0.00340313 0.366643 0.0145481 0.00114495 0.0328602 4.25804e-05 0.000584831 0.0473783 0.0109828 0.000338226 0.0882138 2.00512e-05 6.3468e-05 0.00968639 0.217815 0.0214045 0.00530598 3.37098e-05 0.00422441 0.00564522 0.0369974 
0.129112 2.04083e-05 0.00505142 0.000286132 0.00197488 1.9168e-07 0.589245 0.0116496 7.16581e-06 0.000221713 1.63992e-06 0.00102116 0.00573803 0.000162617 9.96458e-05 0.195812 1.7855e-06 0.000110204 4.18882e-07 0.0410739 0.00430056 0.0124753 8.3129e-06 5.24583e-05 0.000921296 0.000652552 
0.210002 4.55511e-10 0.000515484 0.00663635 4.19145e-05 5.83109e-07 0.363193 0.00793419 0.00987949 0.0211227 4.37795e-07 2.78349e-08 0.0197914 9.80973e-08 1.6503e-07 0.0436812 3.98514e-10 2.58927e-08 4.99539e-07 0.0371261 0.0039277 3.90793e-07 5.04224e-09 0.00407787 0.0208845 0.251183 
0.00887163 2.59782e-05 0.0177062 0.00479208 0.00111736 4.88114e-05 0.378107 0.000205753 0.00374828 0.0042406 9.87458e-06 0.00135726 0.0112401 0.00307608 0.00549466 0.229957 0.000544221 1.79364e-06 1.7178e-06 0.226652 0.0218607 0.0114852 0.00225928 2.91636e-07 0.0114278 0.0557675 
0.00197523 3.44122e-10 1.15347e-08 0.000782676 1.16523e-05 1.018e-05 0.903287 0.00551501 0.000347965 0.0126059 0.00506391 5.14425e-05 0.00570741 0.000299647 2.11606e-05 0.00898238 3.49526e-09 1.48259e-05 8.84667e-07 0.048117 0.0059687 0.000487981 3.25811e-06 0.00010546 0.000506886 0.000133554 
0.173968 0.000330863 0.00252998 0.00366019 9.15677e-06 1.56262e-05 0.24749 8.01636e-06 0.00417835 0.082718 1.03327e-06 0.00207373 0.00153388 0.18214 0.0313082 0.0178216 2.81519e-08 0.00147426 0.000100588 0.145262 0.0503941 0.00499754 6.62982e-07 2.4279e-06 1.85786e-05 0.047963 
0.0251904 7.46712e-10 2.9421e-09 8.35425e-05 7.18099e-08 0.000846418 0.676405 1.40729e-05 7.14681e-07 0.083869 4.90983e-10 2.0042e-06 0.00167895 1.01428e-05 5.10983e-08 0.0117699 8.74379e-06 0.000258225 9.40504e-10 0.033984 0.000442739 0.0102178 2.13066e-08 0.000335567 0.153876 0.00100725 
0.106446 4.72501e-08 0.000543902 0.00346328 1.74688e-07 0.00344405 0.478331 0.000392652 0.0239891 0.0683401 1.13011e-07 3.54528e-09 0.0234105 7.20699e-07 1.09229e-07 0.139156 0.000392668 0.00022461 7.22005e-11 0.12853 3.0542e-07 0.0209548 3.54561e-08 5.93514e-11 0.00193677 0.000443765 
0.0804032 4.29528e-08 0.0109314 2.94475e-05 0.000783118 6.40392e-05 0.815267 0.000409999 3.20584e-05 0.0066037 2.84352e-10 1.27019e-07 0.00072177 0.00356162 0.000259383 0.0436708 5.35292e-08 5.59619e-05 5.44691e-10 0.031138 0.000558596 0.0015627 1.13001e-08 3.58808e-07 0.00157441 0.00237252 
0.154662 1.2759e-05 5.01652e-05 0.000960201 0.000131053 0.000602939 0.562182 0.0223691 0.0007344 0.10205 9.96883e-06 3.70235e-07 0.00422095 0.00104384 0.00140461 0.006643 0.00024765 0.000275159 0.000293147 0.11318 0.00803444 0.00105884 0.000364443 0.000222487 0.0189839 0.000262296 
0.00495172 6.88399e-11 0.0145761 0.000440572 0.0421752 1.17212e-07 0.80724 1.63129e-07 0.000525906 0.0116485 2.98244e-06 8.95677e-08 0.000666954 0.00015838 0.00538263 0.00842508 1.39645e-08 7.79472e-08 0.000456929 0.0825628 0.000243476 0.00123331 0.000196506 2.57183e-07 0.00762599 0.0114859 
0.128215 7.38822e-05 0.00336533 0.000171079 0.000242599 7.74498e-05 0.50549 0.0536665 4.81108e-05 0.0133056 2.54739e-08 1.99643e-05 0.00443315 0.00446741 0.000375443 0.0649146 6.15395e-06 9.79129e-05 9.29978e-05 0.20244 0.00104062 0.000134965 1.90239e-07 2.70416e-05 0.00145831 0.015836 
0.149267 7.09993e-05 0.0181153 0.0156286 0.0114207 0.000966806 0.226116 0.000150795 0.019419 0.051043 6.67343e-06 3.6879e-06 0.0879462 0.00349431 0.0134365 0.0479072 1.41206e-06 3.91673e-05 0.000282516 0.0762389 0.000268726 4.92176e-06 1.17196e-05 0.132814 0.00407959 0.141267 
0.00225116 1.44716e-10 6.17041e-07 0.00070162 1.56638e-05 6.78283e-06 0.877824 0.00691345 0.000389512 0.0162696 0.010695 8.09861e-05 0.00726611 0.000297946 2.1469e-05 0.00874959 3.91286e-08 2.16912e-05 4.22805e-07 0.0602585 0.00681727 0.000606077 4.22547e-06 0.00013368 0.000609237 6.49076e-05 
0.107506 0.000382006 0.00016885 0.0112034 0.00116462 0.000133765 0.269507 0.00364753 0.00425564 0.101843 0.00121342 0.00100594 0.0441387 0.0292321 0.00574262 0.083047 0.000341487 0.00058025 1.26519e-08 0.232814 0.0294196 0.00956046 6.37712e-05 0.000429875 0.00376986 0.0588287 
0.101769 9.44851e-09 0.000101392 0.00281998 0.000926051 0.009411 0.321483 0.0627218 0.00687027 0.107439 2.12605e-06 0.000127924 0.14159 0.00671442 0.000251644 0.0577154 1.03679e-05 0.00152915 0.000262677 0.0837702 0.00969445 0.00637652 4.01938e-05 0.00111085 0.0207318 0.0565314 
0.158116 5.87103e-08 0.0113433 0.00343259 0.000948251 1.81634e-07 0.41083 0.00739535 0.00427813 0.0180598 1.96749e-06 4.40215e-07 0.0427822 0.00201351 0.000259062 0.229327 4.34033e-10 0.000168686 6.24864e-10 0.0269955 0.00186975 0.00299506 8.32642e-11 6.96092e-07 0.0194242 0.0597582 
0.00244344 2.95916e-12 7.64518e-09 0.000459971 1.77835e-05 3.29718e-06 0.872413 0.00761511 0.000417695 0.0137454 0.00773549 7.8554e-05 0.00801942 0.000283371 9.55143e-06 0.00822877 2.12351e-09 2.2615e-05 2.32194e-09 0.0699987 0.00698864 0.000679191 4.97331e-06 0.000161042 0.000648184 2.54953e-05 
0.026207 8.51254e-06 0.000232565 0.118494 0.000675033 8.58799e-05 0.189783 5.72338e-05 0.0204573 0.0842215 2.86489e-06 7.38277e-06 0.139384 0.00959986 0.0263632 0.0877089 1.63197e-07 1.97804e-07 3.92979e-05 0.1599 0.0453758 0.0137302 1.26286e-06 0.000299996 0.000709712 0.0766557 
0.00244344 2.95916e-12 7.64518e-09 0.000459971 1.77835e-05 3.29718e-06 0.872413 0.00761511 0.000417695 0.0137454 0.00773549 7.8554e-05 0.00801942 0.000283371 9.55143e-06 0.00822877 2.12351e-09 2.2615e-05 2.32194e-09 0.0699987 0.00698864 0.000679191 4.97331e-06 0.000161042 0.000648184 2.54953e-05 
0.0357661 2.70099e-05 3.3035e-05 0.000986301 0.00167347 0.000760493 0.880514 9.64464e-05 0.000140907 0.0125992 0.000581732 0.00381832 0.00214879 0.00907839 0.00291196 0.0015454 6.31781e-07 0.00108954 0.00515985 0.0124332 0.00021858 0.000930966 5.53452e-06 7.85681e-05 0.0077204 0.0196816 
0.0753614 3.02519e-05 0.00770925 0.00577944 0.000374128 0.00130754 0.336362 0.00970699 0.0100962 0.0464316 4.45371e-06 0.00511951 0.0819099 0.0251991 0.00749434 0.0349897 3.78607e-08 4.18597e-06 0.00013231 0.0539127 0.027466 0.0125723 7.85549e-05 1.98278e-09 0.0149922 0.242966 
0.00307736 4.85111e-06 1.04609e-06 8.56111e-05 8.35768e-06 1.09422e-07 0.807772 4.13644e-07 2.05645e-06 0.00322554 1.32747e-06 4.48692e-07 0.0023792 0.00458102 0.00152471 0.0797715 1.44146e-10 2.02108e-05 3.74232e-08 0.0860996 0.0010019 0.000427704 2.53265e-06 1.23781e-07 0.00172182 0.00829077 
0.000143695 7.6647e-08 5.2356e-08 1.20206e-08 0.001143 2.92431e-06 0.990772 1.52846e-06 2.00926e-08 1.17172e-07 5.03974e-08 4.79725e-08 1.27675e-06 9.27945e-09 2.79119e-05 6.1732e-06 6.70563e-08 3.66654e-06 8.5471e-07 0.0039832 1.74833e-06 2.46823e-08 2.14919e-07 0.00390658 3.07457e-06 2.12447e-06 
0.159224 0.00492812 0.0118461 0.00951532 0.0030927 4.03049e-06 0.308516 0.00264549 0.0033179 0.0472952 2.54222e-10 0.000537615 0.0116672 0.018686 0.000334716 0.0277588 6.97376e-07 3.76291e-06 4.32086e-06 0.146727 0.0521061 0.00219141 0.00489535 0.000526694 0.0793921 0.104783 
0.00150572 1.12289e-10 1.46464e-06 0.000398947 0.00019519 0.000465751 0.505382 1.63655e-05 2.87044e-05 0.0622062 7.38329e-11 3.01411e-07 0.0326341 0.00120726 1.33572e-07 0.360132 5.96863e-08 2.12909e-07 1.26636e-07 0.0230301 0.00240846 0.00543865 1.88459e-11 1.16261e-10 4.58781e-05 0.00490244 
0.100567 2.99098e-06 0.0037374 0.00233565 1.85427e-05 1.66386e-05 0.834907 0.000600498 0.00063509 4.75224e-09 4.46129e-06 6.37665e-06 0.00040611 0.00571874 1.12407e-05 0.00371895 3.62213e-05 7.5048e-08 9.50867e-08 0.0294371 2.76307e-06 0.000464284 1.26705e-08 1.00709e-05 0.00941076 0.00795135 
0.00150572 1.12289e-10 1.46464e-06 0.000398947 0.00019519 0.000465751 0.505382 1.63655e-05 2.87044e-05 0.0622062 7.38329e-11 3.01411e-07 0.0326341 0.00120726 1.33572e-07 0.360132 5.96863e-08 2.12909e-07 1.26636e-07 0.0230301 0.00240846 0.00543865 1.88459e-11 1.16261e-10 4.58781e-05 0.00490244 
0.00403241 5.80685e-09 1.08892e-08 0.000460486 5.40372e-05 0.000179566 0.785136 0.0442013 0.00068562 0.0204585 0.00516822 5.1441e-05 0.0107744 0.000864961 2.3042e-05 0.00599968 6.50636e-07 2.86473e-05 3.95106e-09 0.115403 0.00488582 0.000444602 7.46147e-06 0.000130034 0.000424311 0.000585778 
0.00258694 2.94824e-12 7.87697e-07 0.000491814 1.91161e-05 3.70604e-06 0.860831 0.00788487 0.000430544 0.0184049 0.0129788 0.000102318 0.008335 0.000291304 1.4253e-05 0.00889637 4.83007e-08 2.77946e-05 1.85297e-07 0.0697447 0.00735143 0.000718201 5.03166e-06 0.00016704 0.000686311 2.74879e-05 
0.0502162 9.48381e-07 6.30578e-07 2.83331e-07 5.44256e-07 3.50819e-06 0.923785 4.66312e-05 2.41996e-07 0.00365741 0.00110478 5.77783e-07 0.000397001 3.57507e-05 3.17679e-05 0.00260241 8.07629e-07 0.000165994 6.45424e-05 0.0178349 4.40306e-05 2.97274e-07 1.54934e-07 9.55797e-07 2.69015e-07 4.74913e-06 
0.112326 0.0110332 0.00586578 0.0135309 6.75172e-05 2.08811e-05 0.35455 0.00173246 0.0101953 0.0413216 2.15896e-06 0.00070365 0.0220512 0.0511881 0.00126374 0.170515 6.47744e-06 7.48517e-05 1.43841e-05 0.0786074 0.0140237 0.0356108 0.00612035 0.000188542 0.0299402 0.0390456 
0.00425041 2.52862e-07 1.20679e-05 0.000559877 0.0615305 1.27186e-05 0.723406 0.00141792 0.000224988 7.39741e-05 2.05468e-08 4.27453e-05 0.000443324 0.0018588 0.00410897 0.127147 4.51371e-06 1.24097e-05 2.41889e-09 0.038591 0.010806 0.0168772 0.00835434 1.42721e-05 1.26914e-05 0.000238603 
0.00197523 3.44122e-10 1.15347e-08 0.000782676 1.16523e-05 1.018e-05 0.903287 0.00551501 0.000347965 0.0126059 0.00506391 5.14425e-05 0.00570741 0.000299647 2.11606e-05 0.00898238 3.49526e-09 1.48259e-05 8.84667e-07 0.048117 0.0059687 0.000487981 3.25811e-06 0.00010546 0.000506886 0.000133554 
0.00554812 9.22631e-10 6.12551e-06 0.0381338 0.0563781 2.5094e-07 0.365109 0.0368153 0.000959806 0.00551653 1.2743e-06 0.000162624 0.00116574 0.00548464 0.0126309 0.189489 2.35185e-06 0.0114812 3.38588e-06 0.258955 0.00246498 0.000981078 2.24734e-08 0.000446091 0.00235731 0.00590694 
0.309076 2.68722e-07 0.000170099 0.00392452 3.33179e-05 0.000472367 0.565164 0.000982688 0.000953894 0.0375887 4.79876e-10 1.82797e-07 0.00429011 0.000741098 0.00173512 0.0148704 2.66088e-06 3.68482e-07 9.19229e-10 0.0473831 0.00209563 1.41322e-05 1.49647e-05 0.000439212 0.00473909 0.00530757 
0.085339 1.08973e-06 0.00106912 0.00516729 0.00623519 0.000101235 0.438104 0.0123105 0.00201639 0.0637332 3.21386e-07 5.34899e-07 0.0034181 0.00679058 0.00142015 0.160605 1.07546e-08 2.17844e-07 5.40248e-06 0.13296 0.00362782 0.00268583 1.52872e-06 1.41186e-05 0.00175476 0.0726383 
0.0475027 4.31025e-06 0.000475427 0.00265152 0.000664342 6.7476e-06 0.536955 0.00220162 0.00115292 0.0011525 7.61838e-10 0.00246219 0.00308529 0.00238436 0.00060977 0.265345 1.07031e-08 3.83575e-08 1.62864e-11 0.0974043 0.0223936 0.0105373 1.77304e-05 6.29602e-05 3.76814e-12 0.00292997 
0.00131893 9.44351e-07 6.45067e-07 1.48104e-07 5.56761e-07 1.46698e-06 0.972788 1.05507e-07 0.00180741 0.00148026 0.00335368 5.91059e-07 6.87667e-08 1.1433e-07 3.98391e-07 0.00115865 8.26186e-07 9.38773e-07 1.18944e-06 0.000162686 0.00978746 0.00258521 0.00118887 9.77758e-07 2.75196e-07 0.00435977 
0.12291 1.52966e-06 2.46915e-05 0.00232098 0.0186224 1.04932e-06 0.435914 0.00202176 0.00017083 0.12839 4.93992e-10 0.00620342 0.000958605 0.00950011 1.99436e-06 0.00813336 6.1294e-07 1.96332e-06 7.78981e-07 0.257041 0.00536702 0.000140694 6.64768e-05 2.7766e-06 0.00194236 0.00026093 
0.109143 1.15404e-05 0.00572742 0.00664804 0.00203909 1.10068e-05 0.440623 0.0115341 0.000983698 0.00185312 7.63457e-07 0.000937447 0.0139669 0.000911801 0.00296107 0.289331 8.23652e-07 9.08371e-05 1.42998e-07 0.0549276 0.00714741 0.0299823 1.89709e-05 0.00222563 0.000427286 0.0184956 
0.157573 0.000108271 0.0252571 0.00581619 0.00277111 0.000247823 0.277271 0.0212013 0.00125675 0.0234961 0.000648176 0.00334383 0.0395917 0.0066525 0.00671489 0.178332 3.84798e-06 0.00058974 0.000165742 0.118791 0.0181134 0.0353969 0.00033321 0.00011586 0.0088151 0.0673938 
0.0176534 0.00260904 0.00058406 0.00146226 0.000305738 1.60917e-05 0.639094 0.000389375 0.00290577 0.0162944 2.54235e-06 0.000582995 0.0123818 0.00552604 0.0027193 0.1947 0.000106142 2.02433e-05 1.17122e-06 0.0506063 0.0109532 0.00840037 0.00485307 0.00179584 0.00256426 0.0234726 
0.00249514 2.96177e-12 7.32128e-07 0.000497029 1.86394e-05 3.59232e-06 0.861256 0.0078715 0.000417549 0.0178553 0.0127317 9.63979e-05 0.00843847 0.000284836 1.44035e-05 0.0088772 4.50076e-08 2.58115e-05 1.72298e-07 0.0701487 0.00739333 0.000694053 5.02883e-06 0.000159113 0.000688074 2.75319e-05 
0.00244344 2.95916e-12 7.64518e-09 0.000459971 1.77835e-05 3.29718e-06 0.872413 0.00761511 0.000417695 0.0137454 0.00773549 7.8554e-05 0.00801942 0.000283371 9.55143e-06 0.00822877 2.12351e-09 2.2615e-05 2.32194e-09 0.0699987 0.00698864 0.000679191 4.97331e-06 0.000161042 0.000648184 2.54953e-05 
0.0408231 3.63429e-08 0.00164461 7.69184e-09 0.00123892 1.12834e-07 0.876564 6.75527e-07 3.64037e-08 0.000796813 3.31458e-11 3.1551e-11 1.49354e-08 7.01466e-05 7.49623e-05 0.0680405 4.41023e-11 5.01122e-11 6.34927e-11 0.00608645 0.000197325 0.00299423 8.46051e-12 5.21933e-11 0.00011997 0.00134833 
0.00197523 3.44122e-10 1.15347e-08 0.000782676 1.16523e-05 1.018e-05 0.903287 0.00551501 0.000347965 0.0126059 0.00506391 5.14425e-05 0.00570741 0.000299647 2.11606e-05 0.00898238 3.49526e-09 1.48259e-05 8.84667e-07 0.048117 0.0059687 0.000487981 3.25811e-06 0.00010546 0.000506886 0.000133554 
0.286421 1.69037e-06 4.89533e-05 8.99227e-06 0.00198303 9.355e-06 0.295039 0.000503035 3.21513e-05 0.0223665 1.11146e-06 1.05798e-06 0.110926 0.00613398 0.00198224 0.0184901 1.47886e-06 0.000817654 2.12907e-06 0.00388506 0.00140214 0.000142507 5.20509e-06 0.000165627 0.249202 0.000427222 
0.0826506 1.1194e-06 0.000149771 0.0331539 0.00183402 1.91417e-06 0.347888 0.00220957 0.00873201 0.10469 0.000150438 0.00744367 0.0586296 0.0649236 0.0245671 0.14744 1.45416e-05 0.000305134 3.41346e-08 0.0534576 0.0147375 0.0159751 6.77888e-05 0.00149047 0.0165587 0.0129277 
0.00225116 1.44716e-10 6.17041e-07 0.00070162 1.56638e-05 6.78283e-06 0.877824 0.00691345 0.000389512 0.0162696 0.010695 8.09861e-05 0.00726611 0.000297946 2.1469e-05 0.00874959 3.91286e-08 2.16912e-05 4.22805e-07 0.0602585 0.00681727 0.000606077 4.22547e-06 0.00013368 0.000609237 6.49076e-05 
0.0228226 3.0674e-05 5.22708e-05 0.0300652 0.000107692 3.42791e-05 0.310514 0.0931949 0.00203139 0.0433831 0.00673332 0.00276176 0.0650098 0.00273483 0.00123685 0.0497169 2.16499e-05 2.53986e-05 4.7852e-05 0.214775 0.13072 0.0164936 3.30328e-05 0.000296394 0.00331837 0.00383889 
0.014887 5.72872e-06 1.88463e-05 0.00489986 9.96055e-05 4.39911e-08 0.310478 3.16389e-09 0.0056279 0.0580772 1.86203e-08 2.26892e-06 0.0177392 0.0286425 3.26106e-06 0.140246 5.38607e-06 2.19145e-07 0.0167461 0.0223313 0.0171256 0.279738 0.000127165 0.000115254 0.0390141 0.0440695 
0.0956271 3.95172e-05 0.000127692 0.00764628 0.00081873 0.00102944 0.241459 0.0297096 0.00296951 0.0479675 4.01634e-09 0.000164632 0.0317958 0.0129117 0.000225117 0.224532 0.00026773 0.000348198 0.000169564 0.141745 0.0153301 0.127258 2.25616e-05 1.02479e-05 0.00786552 0.00995953 
0.0112097 0.000124096 0.000324298 0.000819114 2.093e-06 0.000143285 0.858297 0.000364545 0.000180191 0.0117222 9.65256e-08 8.26114e-07 0.00396842 0.00266064 0.000196204 0.0496379 4.64763e-10 9.69786e-08 2.63921e-06 0.0306292 0.00143297 0.000569985 3.81912e-06 7.74738e-05 0.00509717 0.0225361 
0.124593 1.89639e-05 0.00121603 4.78231e-05 0.001343 0.000205691 0.69185 0.00756908 0.00234604 0.00880526 2.08953e-07 0.00124896 0.00742606 0.00600012 0.00152871 0.0507246 4.36383e-08 0.003476 0.000236035 0.0511483 0.000684322 0.00415541 1.84525e-06 0.00449545 0.00136808 0.0295111 
2.17257e-08 8.63291e-10 1.33202e-11 4.63469e-09 2.1438e-08 3.3211e-06 0.97072 5.80966e-08 5.11186e-12 1.64064e-05 1.28219e-11 1.22049e-11 8.3823e-05 2.36083e-12 8.22648e-12 0.000798801 1.70601e-11 1.9385e-11 2.4561e-11 0.028378 2.88304e-12 6.27954e-12 9.50222e-10 2.019e-11 1.18099e-08 1.83349e-12 
0.00679467 2.71172e-08 1.84654e-05 5.77868e-05 4.96967e-05 0.000133683 0.873591 0.00263724 7.32179e-06 0.0334726 1.45876e-05 2.68627e-06 0.00269416 0.00174863 2.73497e-06 0.0189984 2.37241e-08 1.06454e-05 1.15557e-06 0.0497092 0.000207394 0.000403722 1.11867e-06 2.18797e-06 0.00379112 0.00564945 
0.00197523 3.44122e-10 1.15347e-08 0.000782676 1.16523e-05 1.018e-05 0.903287 0.00551501 0.000347965 0.0126059 0.00506391 5.14425e-05 0.00570741 0.000299647 2.11606e-05 0.00898238 3.49526e-09 1.48259e-05 8.84667e-07 0.048117 0.0059687 0.000487981 3.25811e-06 0.00010546 0.000506886 0.000133554 
0.00531289 2.34903e-07 1.50618e-05 0.000290624 0.0658661 1.58724e-05 0.707814 0.00177231 0.000281191 9.24545e-05 1.90791e-08 1.10968e-05 0.000554119 0.00232342 0.0051358 0.125713 5.62087e-06 1.54746e-05 2.22879e-09 0.041749 0.0135071 0.0187558 0.0104415 1.78082e-05 1.07017e-05 0.000298198 
0.00195604 2.62083e-09 5.35224e-07 0.000887404 1.26906e-05 1.22771e-05 0.892039 0.00596308 0.000358953 0.0149135 0.00900371 5.79105e-05 0.00630226 0.000301039 2.79527e-05 0.00932194 3.44302e-08 1.47041e-05 1.25066e-06 0.0511789 0.00629885 0.000506861 3.37215e-06 9.94407e-05 0.000548186 0.000189689 
0.309076 2.68722e-07 0.000170099 0.00392452 3.33179e-05 0.000472367 0.565164 0.000982688 0.000953894 0.0375887 4.79876e-10 1.82797e-07 0.00429011 0.000741098 0.00173512 0.0148704 2.66088e-06 3.68482e-07 9.19229e-10 0.0473831 0.00209563 1.41322e-05 1.49647e-05 0.000439212 0.00473909 0.00530757 
0.00244344 2.95916e-12 7.64518e-09 0.000459971 1.77835e-05 3.29718e-06 0.872413 0.00761511 0.000417695 0.0137454 0.00773549 7.8554e-05 0.00801942 0.000283371 9.55143e-06 0.00822877 2.12351e-09 2.2615e-05 2.32194e-09 0.0699987 0.00698864 0.000679191 4.97331e-06 0.000161042 0.000648184 2.54953e-05 
0.0517316 0.00049329 2.00018e-06 0.00156035 0.000193605 3.94359e-05 0.436317 0.0511823 0.00105599 0.126315 0.000252455 2.59263e-08 0.0095826 0.00114176 0.00182278 0.0712413 2.96492e-05 0.0155884 1.94202e-06 0.174669 0.00058181 0.00541503 6.67878e-06 0.00380353 0.026038 0.020935 
0.0241248 6.97994e-06 0.000647261 0.00240651 0.000467087 0.00367472 0.469546 0.000175873 0.0508321 0.0228257 0.00346007 6.45842e-07 0.0305081 0.0066272 0.0334815 0.0976691 4.37925e-08 7.6083e-08 1.29512e-06 0.103306 0.000389209 0.00681213 3.79837e-06 1.78572e-07 0.00313944 0.139894 
0.000996957 2.38392e-08 2.71067e-07 0.000269368 0.000290041 9.91369e-06 0.948937 0.00207561 0.000120498 0.00441502 0.00175982 1.86092e-05 0.00209594 0.000103434 0.000210103 0.0052297 1.06794e-07 9.86104e-06 1.43166e-06 0.0292261 0.00235551 0.000169136 1.59904e-06 0.00135991 0.000206668 0.00013692 
0.0527686 8.06364e-08 4.81212e-06 0.011135 0.00962778 0.000239754 0.482895 0.0194461 0.0107372 0.0555254 0.00267942 0.00190964 0.0408963 0.00245998 0.0043776 0.0437071 1.07368e-06 2.06843e-05 2.98969e-08 0.14295 0.097996 0.0039104 0.000196138 0.000405798 0.00127926 0.0148305 
0.0492569 0.00429132 0.00423707 0.00418997 0.00239797 0.00146251 0.474646 0.00407218 0.00675903 0.0762128 0.00103358 0.00144854 0.07604 0.0221827 0.00184391 0.0725922 3.88842e-05 0.000344255 0.000153075 0.10884 0.00846863 0.00832941 4.06661e-05 0.000576308 0.0119952 0.0585466 
0.0130553 4.99956e-07 6.39118e-05 0.00463127 0.00385085 5.03513e-07 0.339872 6.12855e-05 0.276795 0.0359024 1.01639e-08 0.000866333 0.0100856 0.0107678 0.00122322 0.128081 6.06499e-06 1.17105e-05 2.39681e-06 0.0663672 0.0076017 0.0481636 2.72102e-05 2.42237e-05 0.000203016 0.0523363 
0.193291 0.000961647 0.000576667 0.000983614 0.0468453 2.34086e-06 0.379966 0.00100235 0.00443885 0.0215273 0.00129135 9.6002e-06 0.00422788 0.00304417 0.0021713 0.0905351 2.47455e-07 2.60391e-06 1.02439e-08 0.211743 0.00347761 0.000434479 2.65043e-05 0.000710957 0.000617464 0.0321124 
0.0936356 3.30307e-06 0.000162943 0.000619575 1.8984e-06 7.97113e-06 0.821814 6.93992e-07 8.44098e-07 2.21146e-06 2.11721e-06 0.000515975 2.34475e-07 0.000202147 1.3584e-06 0.00128763 2.81706e-06 0.00236301 4.05564e-06 0.0757175 0.000282569 0.00224098 5.40421e-07 0.000125157 9.38341e-07 0.00100403 
0.00249514 2.96177e-12 7.32128e-07 0.000497029 1.86394e-05 3.59232e-06 0.861256 0.0078715 0.000417549 0.0178553 0.0127317 9.63979e-05 0.00843847 0.000284836 1.44035e-05 0.0088772 4.50076e-08 2.58115e-05 1.72298e-07 0.0701487 0.00739333 0.000694053 5.02883e-06 0.000159113 0.000688074 2.75319e-05 
0.11073 1.51022e-06 1.0316e-06 0.000164534 8.90378e-07 2.34601e-06 0.872248 1.68728e-07 2.89551e-05 3.15968e-05 3.59499e-05 9.45227e-07 1.09972e-07 0.00172052 3.03761e-05 4.32436e-05 0.000132667 1.50129e-06 1.90216e-06 0.0127147 2.23281e-07 0.00208164 2.53466e-07 1.56364e-06 1.53803e-05 1.00239e-05 
0.154048 1.03425e-05 1.1181e-06 0.0213346 1.15838e-05 0.000415531 0.358322 0.202813 0.00327118 0.0102803 0.0045707 1.89955e-08 0.00176352 0.00136888 0.000224673 0.0183434 8.63327e-08 1.6842e-07 0.000236324 0.131685 0.000590566 2.19186e-06 3.37643e-08 1.59291e-06 0.00606556 0.0846397 
0.00403241 5.80685e-09 1.08892e-08 0.000460486 5.40372e-05 0.000179566 0.785136 0.0442013 0.00068562 0.0204585 0.00516822 5.1441e-05 0.0107744 0.000864961 2.3042e-05 0.00599968 6.50636e-07 2.86473e-05 3.95106e-09 0.115403 0.00488582 0.000444602 7.46147e-06 0.000130034 0.000424311 0.000585778 
0.104678 0.000146865 0.00165417 0.00609685 0.000923708 2.45597e-06 0.261883 0.0150802 0.0227286 0.0139222 7.54092e-08 0.00149877 0.0197107 0.00363277 0.00638647 0.252472 2.18731e-06 9.95983e-05 1.76403e-05 0.164932 0.0133962 0.00859541 4.01204e-05 0.000158399 0.00250405 0.0994373 
0.021508 0.00333681 0.000206737 0.00209557 0.00542964 4.41979e-05 0.330808 0.00437105 0.00182607 0.0160019 5.42516e-05 0.00595246 0.0168295 0.0155642 0.00228888 0.284302 9.06607e-06 1.06912e-05 0.000110684 0.142329 0.0416786 0.0306932 0.0097574 0.000175614 0.00234826 0.0622682 
0.131922 9.18107e-08 0.000450497 0.000804676 0.000296631 0.00019044 0.562987 0.00119153 0.00648179 0.0180528 0.000808098 4.55443e-05 0.0165391 0.0036561 0.0156897 0.037024 1.3314e-06 0.00133849 4.5916e-06 0.178193 0.00137957 0.00349586 0.00017965 0.0012154 0.00920057 0.00885115 
0.0257245 0.000658284 0.00186675 0.00623888 0.00301725 8.56646e-05 0.466717 0.00272454 0.00364358 0.0317274 4.8495e-09 0.000824754 0.0176213 0.0198805 0.00109147 0.0647561 1.54622e-05 2.68266e-06 6.8424e-06 0.133348 0.0134439 0.0027176 0.000854603 0.00129984 0.0542234 0.14751 
0.00952844 0.00210675 0.00044787 0.000660184 4.07042e-06 3.91274e-08 0.430686 0.00179241 2.74027e-06 0.0545177 0.00022594 1.60536e-07 0.0041228 0.00388368 9.28116e-05 0.219011 3.74901e-11 1.87899e-08 1.59229e-06 0.233359 0.00327932 0.00992789 3.29681e-07 0.00152001 0.00193021 0.0228993 
0.000521694 1.75534e-09 5.82574e-06 2.75293e-10 2.40293e-08 2.7268e-09 0.606082 5.53593e-07 0.000515508 3.47075e-05 1.15418e-09 1.09865e-09 0.00162136 0.000542208 0.000122595 0.269772 1.5357e-09 1.74498e-09 0.000498736 0.064967 0.0292625 0.000739682 3.30238e-08 1.81744e-09 3.28693e-06 0.0253111 
0.00197523 3.44122e-10 1.15347e-08 0.000782676 1.16523e-05 1.018e-05 0.903287 0.00551501 0.000347965 0.0126059 0.00506391 5.14425e-05 0.00570741 0.000299647 2.11606e-05 0.00898238 3.49526e-09 1.48259e-05 8.84667e-07 0.048117 0.0059687 0.000487981 3.25811e-06 0.00010546 0.000506886 0.000133554 
0.0156729 1.74336e-07 8.96213e-05 0.00516673 0.000472455 5.19823e-05 0.668737 0.014141 0.00727181 0.0637302 0.00694779 1.86069e-05 0.0263564 0.00217953 0.00443275 0.0749573 5.18124e-06 1.3642e-05 1.49896e-06 0.0993389 0.00223942 0.00383894 2.85925e-05 0.000242798 0.00205653 0.00200862 
0.22361 1.62695e-07 0.022897 0.000696432 0.0011227 4.97764e-07 0.420949 0.00437105 0.00109072 0.00666644 3.26225e-09 3.10528e-09 0.00108785 0.00318473 5.20779e-05 0.172533 3.31558e-07 8.61064e-07 6.24901e-09 0.114517 0.00204307 0.00117122 8.32692e-10 2.53036e-06 0.0183193 0.00568404 
0.0175908 5.14844e-06 0.00129346 0.0186244 3.86798e-05 0.00103595 0.499416 0.000143826 0.00633956 0.001323 3.83093e-10 4.79633e-06 0.000113284 0.00245233 0.00186995 0.0440847 4.59786e-07 5.79187e-10 1.56313e-06 0.344544 0.00415892 0.00240904 8.28192e-06 4.28023e-07 0.00151077 0.0530309 
0.00195604 2.62083e-09 5.35224e-07 0.000887404 1.26906e-05 1.22771e-05 0.892039 0.00596308 0.000358953 0.0149135 0.00900371 5.79105e-05 0.00630226 0.000301039 2.79527e-05 0.00932194 3.44302e-08 1.47041e-05 1.25066e-06 0.0511789 0.00629885 0.000506861 3.37215e-06 9.94407e-05 0.000548186 0.000189689 
0.0447923 0.00010262 2.66066e-05 0.00816356 0.000527459 4.75399e-06 0.299422 0.000189107 0.00508584 0.0302777 4.23999e-05 0.0383902 0.0210017 0.0530897 0.0278743 0.0855005 1.28967e-06 8.9277e-05 1.02181e-05 0.0596194 0.038072 0.00274939 1.86756e-05 0.00059129 0.0244444 0.259913 
0.201161 2.44227e-09 0.000123422 0.00052924 0.00112826 4.94464e-07 0.513466 0.00952569 0.0195506 0.00148168 1.60586e-09 2.45819e-07 0.00103728 0.00666794 0.00107374 0.139555 4.97876e-07 0.000143574 3.07611e-09 0.0747788 3.67027e-05 0.0259584 1.97814e-05 1.9131e-05 0.000542289 0.00319998 
0.00868261 1.23892e-10 0.000468036 0.00710448 0.000598472 9.12151e-05 0.650788 0.00470092 0.00252875 0.0972414 0.000122796 1.49631e-07 0.0578402 0.00134871 1.45889e-07 0.0291547 3.71374e-08 6.63543e-05 1.56046e-10 0.0838886 0.00494636 0.0105028 1.64577e-06 0.000256296 0.00726251 0.0324044 
0.0272676 0.000890018 0.000408636 0.00136358 0.000292756 4.11676e-05 0.580394 0.000517876 0.000524698 0.0139721 1.56511e-06 0.00771958 0.0287533 0.0184314 0.000289774 0.160708 3.28104e-06 5.66949e-06 0.000178142 0.0954402 0.0325598 0.00341804 1.5958e-05 3.112e-05 0.00537533 0.0213961 
0.0315892 0.0230112 0.00151769 0.00642726 0.000366458 0.00060323 0.337863 0.0011588 9.38751e-05 0.162683 3.5578e-07 3.138e-05 0.06479 0.0306169 0.000136605 0.0760422 4.79461e-05 0.0216498 1.42918e-05 0.0104856 0.00457168 0.0171137 2.36454e-05 5.62605e-06 0.015698 0.193459 
0.014887 5.72872e-06 1.88463e-05 0.00489986 9.96055e-05 4.39911e-08 0.310478 3.16389e-09 0.0056279 0.0580772 1.86203e-08 2.26892e-06 0.0177392 0.0286425 3.26106e-06 0.140246 5.38607e-06 2.19145e-07 0.0167461 0.0223313 0.0171256 0.279738 0.000127165 0.000115254 0.0390141 0.0440695 
0.00554812 9.22631e-10 6.12551e-06 0.0381338 0.0563781 2.5094e-07 0.365109 0.0368153 0.000959806 0.00551653 1.2743e-06 0.000162624 0.00116574 0.00548464 0.0126309 0.189489 2.35185e-06 0.0114812 3.38588e-06 0.258955 0.00246498 0.000981078 2.24734e-08 0.000446091 0.00235731 0.00590694 
0.0273674 2.6058e-06 0.000279331 0.00751274 0.000224766 4.46049e-06 0.219368 0.0104014 0.00097714 0.0124589 1.28875e-09 0.0258156 0.0613699 0.0298669 0.000305692 0.170364 7.28968e-05 0.000421824 0.000204874 0.0651584 0.115882 0.178062 0.000367209 5.02478e-05 0.0261662 0.0472963 
0.000305615 1.38935e-05 2.9967e-06 0.00138055 1.24603e-05 3.15733e-07 0.84599 3.91997e-06 0.000533168 0.0156134 1.50934e-07 1.28586e-06 0.00716393 0.00716379 0.000170744 0.0734021 3.15193e-07 1.52036e-07 1.09101e-07 0.0148617 0.000717041 0.00030712 2.72037e-08 3.56056e-07 0.0107587 0.0215964 
0.00763997 2.83704e-11 1.18972e-06 0.000231872 0.000105804 6.24556e-05 0.622908 0.000719362 0.00160895 0.0361571 0.00259443 3.18048e-08 0.0130774 0.000351334 1.07401e-08 0.0175584 4.79063e-09 1.70476e-08 2.17882e-06 0.290314 0.00051453 0.00097613 1.0341e-05 3.28292e-08 0.00138608 0.00378034 
0.00197523 3.44122e-10 1.15347e-08 0.000782676 1.16523e-05 1.018e-05 0.903287 0.00551501 0.000347965 0.0126059 0.00506391 5.14425e-05 0.00570741 0.000299647 2.11606e-05 0.00898238 3.49526e-09 1.48259e-05 8.84667e-07 0.048117 0.0059687 0.000487981 3.25811e-06 0.00010546 0.000506886 0.000133554 
0.104928 1.93463e-05 0.000280091 0.00334709 0.00588991 0.000685014 0.250367 0.0418964 0.00126355 0.0264784 2.27468e-07 0.000275573 0.0180291 0.00904011 0.000759273 0.207669 8.49806e-05 0.000425758 0.00398211 0.248287 0.00931932 0.0444335 5.17193e-05 3.87541e-06 0.00425913 0.0182239 
0.0567157 0.000286379 0.00272794 0.00206292 0.0612272 3.07875e-05 0.403371 0.00396388 0.0101307 0.0710761 0.0017293 0.00252896 0.0178723 0.0175317 0.0044765 0.134205 3.58539e-05 0.000271991 1.63331e-05 0.0672601 0.0386751 0.00415648 0.00145099 0.00143719 0.00824716 0.0885125 
0.0408231 3.63429e-08 0.00164461 7.69184e-09 0.00123892 1.12834e-07 0.876564 6.75527e-07 3.64037e-08 0.000796813 3.31458e-11 3.1551e-11 1.49354e-08 7.01466e-05 7.49623e-05 0.0680405 4.41023e-11 5.01122e-11 6.34927e-11 0.00608645 0.000197325 0.00299423 8.46051e-12 5.21933e-11 0.00011997 0.00134833 
0.173132 0.00522043 2.1081e-09 0.0135206 3.70711e-07 4.79415e-09 0.214653 0.0187991 0.00735983 0.0234589 2.02924e-09 0.0238119 0.0588487 0.0115401 0.00225382 0.208772 2.70001e-09 9.23175e-07 0.00231561 0.160943 0.00655832 0.00118671 2.3621e-07 0.000674305 4.31008e-05 0.0669066 
0.207904 3.82096e-05 0.00150181 0.00228929 0.00202745 1.47232e-05 0.475259 4.42943e-05 0.000537299 0.00128612 2.87e-10 6.40708e-07 0.000362412 0.00111827 7.23392e-05 0.142837 5.58301e-08 0.000850528 2.65372e-07 0.141684 0.000861699 0.0162555 2.47296e-08 4.51926e-10 0.00127024 0.00378513 
0.0383963 0.00100779 0.00118127 0.000142609 0.000320853 0.000200811 0.466523 0.0103777 0.000176021 0.0964203 9.82147e-05 5.69274e-05 0.00470581 0.0159362 0.000641048 0.178495 8.94479e-08 2.01477e-05 6.03836e-06 0.149189 0.00337018 0.0125456 6.31534e-07 7.96187e-06 0.003942 0.0162386 
0.0567251 0.000149685 0.000768466 0.00281281 0.000228197 2.71772e-05 0.265965 0.00782798 0.00108723 0.0762906 1.51132e-05 4.24775e-05 0.0610789 0.023423 0.0138216 0.17362 9.10646e-06 1.28718e-05 9.40604e-08 0.162627 0.0225548 0.00816091 0.0067826 0.000399037 0.0050729 0.110497 
0.309076 2.68722e-07 0.000170099 0.00392452 3.33179e-05 0.000472367 0.565164 0.000982688 0.000953894 0.0375887 4.79876e-10 1.82797e-07 0.00429011 0.000741098 0.00173512 0.0148704 2.66088e-06 3.68482e-07 9.19229e-10 0.0473831 0.00209563 1.41322e-05 1.49647e-05 0.000439212 0.00473909 0.00530757 
0.169695 2.17087e-06 0.0495621 0.000610451 0.000468606 0.000374013 0.539981 0.00669644 0.000627134 0.000143562 0.000256731 5.59796e-05 0.00746925 0.00602742 0.00624842 0.0142506 1.08357e-07 2.33627e-07 4.82129e-06 0.156857 0.000526709 0.00293792 8.74594e-07 0.000923386 0.0311974 0.00508287 
0.0839265 0.000196105 0.000255538 0.000124632 1.47823e-05 3.3142e-05 0.614945 0.00300333 0.00189319 0.0241838 0.00553134 6.25859e-06 0.0146867 0.00183461 0.0015056 0.0525255 6.05133e-06 3.80986e-08 5.46313e-07 0.146797 0.00338898 0.00149928 4.2189e-06 0.000934665 0.00298474 0.0397182 
0.066295 5.34412e-05 0.000465271 0.000967249 0.00114905 0.000149537 0.388219 0.00439396 0.00887591 0.0808446 8.03369e-08 6.59489e-05 0.0779532 0.0755694 0.000278182 0.0919011 1.50206e-05 1.21459e-07 4.53224e-07 0.0228019 0.0723199 0.0146087 4.20709e-06 0.000522351 0.0155418 0.077005 
0.131177 4.00532e-08 0.000209536 0.000395261 0.000875458 0.00072042 0.542992 0.019954 0.000450487 0.00923238 0.000880475 0.00010438 0.0110515 0.0048296 0.000123359 0.00339071 4.03458e-05 0.00685244 4.01836e-05 0.254321 0.000802412 0.00824362 3.36854e-05 0.000146156 0.00179976 0.00133319 
