0.00640858 1.4603e-06 0.0298812 3.84447e-05 0.00276934 6.03214e-05 0.00259938 0.688709 0.000161305 0.00608694 4.2536e-05 0.00102746 0.0829372 0.00187641 0.0012436 0.00124951 2.39705e-07 6.52486e-05 1.80422e-08 0.15993 0.000211327 0.00316143 7.24113e-05 1.87155e-05 0.0105686 0.000879732 
0.000702085 4.53669e-06 0.000101829 0.0107441 0.000307495 1.19642e-08 0.00272477 0.669315 0.0022791 0.000997653 1.91219e-12 0.0044127 0.0039579 0.000173198 0.00484693 0.0377333 1.17673e-07 1.47237e-07 3.6629e-12 0.244299 0.0166729 5.92611e-05 3.81874e-05 5.29477e-06 8.09031e-05 0.000543739 
0.0024872 0.00292652 5.15786e-08 4.60802e-05 0.000368918 3.34098e-06 0.00361881 0.871799 0.0134477 0.014413 5.499e-12 5.23441e-12 0.00326154 0.0017868 0.000451656 0.00580568 5.71562e-09 1.11275e-08 1.02433e-07 0.0152872 0.00114412 7.18514e-06 2.00071e-06 8.63802e-06 2.43713e-12 0.0631341 
0.00164004 4.91085e-10 5.93147e-06 0.00132344 1.75828e-08 5.70103e-12 0.0052235 0.949775 1.68192e-05 0.00178707 2.4131e-12 2.56581e-07 0.000249238 0.000194044 1.45981e-05 0.00439719 3.21075e-12 3.61313e-08 4.62242e-12 0.031674 3.65363e-05 8.9744e-05 6.15946e-13 3.7998e-12 8.04741e-05 0.00349181 
0.0198028 0.000643355 0.0140792 0.0483259 0.000510454 6.83838e-05 0.0118929 0.357167 0.00417861 0.0800154 0.000315685 0.00113418 0.0414135 0.0400669 0.00818277 0.0675253 6.03972e-06 2.85621e-05 0.000170566 0.249202 0.0126126 0.00288981 0.00525789 0.000112442 0.00505227 0.0293446 
0.00579952 1.46793e-06 0.00032003 5.33511e-05 0.00111653 0.000203892 0.00251931 0.786623 0.000152568 0.0100498 5.53379e-05 0.00102674 0.0732692 0.0022365 7.45146e-05 0.00256041 4.50312e-07 3.26498e-05 8.85379e-06 0.09723 0.000509651 0.00488328 6.60285e-06 1.97687e-09 0.0109275 0.00033848 
0.067169 1.19539e-05 0.00217308 3.26792e-06 5.4307e-05 0.000971444 0.00197001 0.375148 0.000107614 0.00654955 0.0022056 0.000363474 0.0063695 0.00232552 0.00489779 0.09745 2.56707e-07 0.000901476 5.91132e-05 0.339416 0.00495126 0.0723328 3.72656e-05 1.71217e-06 0.00663417 0.00789582 
0.0148474 0.00140521 0.00229441 0.0208569 0.000434201 0.00187251 0.0117532 0.364291 0.00353971 0.0229929 0.00792393 0.00418868 0.0461006 0.0116983 0.00753134 0.062383 3.40689e-06 4.93482e-05 4.71693e-05 0.340479 0.0270634 0.00931802 0.000682816 0.0092786 0.0112256 0.0177392 
0.135386 0.000560772 0.000814138 0.00212123 4.08601e-05 0.000852851 0.0690942 0.285871 0.00114878 0.164357 1.26014e-07 7.01377e-05 0.01472 0.0405735 0.000574174 0.0571096 1.79338e-08 3.24294e-05 9.03101e-08 0.206039 0.00436997 0.00243018 7.34591e-06 0.000606592 0.0039895 0.00922957 
0.0330081 1.89519e-05 0.00979181 0.00137404 0.00664488 0.000180043 0.0293445 0.664855 0.00443228 0.0258402 1.19092e-05 0.00417814 0.0444041 0.00732065 0.000856029 0.00409092 2.09018e-05 4.10276e-05 9.53441e-09 0.14461 0.00125262 0.00604817 0.000107474 7.25978e-05 0.00733963 0.00415614 
0.00392802 0.00594743 0.0014872 0.00225534 0.000918672 3.31582e-05 0.001151 0.86156 0.00303149 0.0140769 1.3785e-10 4.2721e-05 0.0265343 0.00105739 0.0001529 0.0049076 6.64458e-07 6.40774e-06 6.53811e-05 0.0680455 0.000356507 0.00208814 6.04091e-06 5.69716e-07 0.00110307 0.00124314 
0.0271117 0.000131002 0.00173018 0.0813567 0.0016767 4.90229e-05 0.00208965 0.432677 0.00118545 0.00866345 2.33154e-05 0.00335666 0.0142788 0.00208175 0.000549853 0.121399 3.06535e-06 2.60461e-05 8.58136e-05 0.174256 0.101661 0.0079637 5.16344e-05 2.7689e-05 0.000846211 0.0167185 
0.000196422 9.3776e-05 0.000439454 0.00182069 2.50661e-05 2.20217e-06 0.0002687 0.929776 0.0110366 0.0103325 1.13705e-09 5.73331e-13 0.000268219 0.0102287 2.99747e-05 0.0232649 1.03777e-06 0.000204572 2.98699e-06 0.00413845 0.00531017 3.60619e-05 1.01897e-07 7.21351e-05 5.12834e-06 0.00244581 
0.0315348 1.56299e-05 0.000278583 0.000549186 0.00681404 7.09819e-05 0.0200961 0.623072 0.00137986 0.0561383 8.08212e-05 0.00114314 0.0358609 0.00602633 0.000287919 0.0110197 1.30784e-06 0.00104093 7.09622e-06 0.178072 0.00170695 0.00327708 3.22831e-05 9.05992e-06 0.0103003 0.0111848 
0.0759111 0.000194615 0.00218465 0.00163173 0.0109124 8.65534e-05 0.0131845 0.222703 0.000823971 0.0340645 2.1837e-08 0.0127513 0.0147009 0.0332999 0.000298567 0.0218519 2.51186e-05 4.00303e-05 0.0236111 0.166517 0.0189315 0.00393907 0.000127659 0.169892 0.0667838 0.105533 
0.00219052 2.3562e-05 0.000117948 0.0222146 0.000984016 6.91648e-09 0.00408208 0.439917 0.00954152 0.00176915 3.40822e-08 0.208612 0.00570383 0.0018956 0.0158514 0.0813306 9.59349e-08 1.38918e-07 7.68667e-11 0.168898 0.0325341 0.000175024 3.91939e-05 2.80162e-05 0.000748193 0.00334335 
0.0622977 0.00010011 0.000329217 7.8294e-05 0.0489635 3.08236e-06 0.017771 0.503186 0.00241023 0.0531062 0.000124243 7.27819e-07 0.00188447 0.00664223 0.00215476 0.0172429 1.63779e-05 3.639e-05 3.98798e-09 0.19868 0.00195809 1.86798e-05 5.74194e-06 3.17317e-05 0.00165856 0.0813 
0.00579952 1.46793e-06 0.00032003 5.33511e-05 0.00111653 0.000203892 0.00251931 0.786623 0.000152568 0.0100498 5.53379e-05 0.00102674 0.0732692 0.0022365 7.45146e-05 0.00256041 4.50312e-07 3.26498e-05 8.85379e-06 0.09723 0.000509651 0.00488328 6.60285e-06 1.97687e-09 0.0109275 0.00033848 
0.0767469 4.57809e-05 0.00590532 0.002612 0.00422243 0.000174049 0.021296 0.589086 0.000829281 0.0201031 0.00114991 0.00276929 0.0491344 0.00727967 0.00628247 0.0496424 1.2846e-05 0.000911535 0.000199809 0.0969463 0.00953868 0.00956093 9.95231e-05 0.0184654 0.0192198 0.0077664 
0.0216094 1.00625e-07 0.0371918 0.00229035 8.71252e-05 6.60575e-11 0.00613573 0.528809 0.000486441 0.0270523 2.79604e-11 6.09551e-08 0.021438 0.00122409 0.000172476 0.00262145 1.13395e-08 4.03691e-08 5.35597e-11 0.322115 0.00244221 0.000635973 0.000208882 6.89228e-06 0.0193064 0.00616608 
0.00209118 0.0917052 6.49817e-08 0.000868699 1.9266e-08 2.60883e-11 0.00311776 0.832073 3.69745e-06 0.00117815 1.10425e-11 1.05112e-11 0.00621089 0.000879489 0.000338007 0.000866259 5.60033e-06 1.66948e-11 2.11525e-11 0.0599577 0.000363504 6.70041e-05 5.32734e-06 5.63745e-06 5.69467e-08 0.000262434 
0.00429219 0.000105441 3.28041e-05 0.00031905 1.04209e-05 1.07046e-05 0.000656672 0.633324 0.000283384 0.0361545 0.00010689 0.00808596 0.0151683 0.00297223 0.000100818 0.0124671 1.34177e-09 1.93115e-05 1.56607e-07 0.280446 0.000338507 0.00132931 2.16965e-07 1.2897e-08 0.00121804 0.00255784 
0.136008 2.12517e-06 0.0142146 0.000491886 0.00837342 9.12409e-05 0.0017433 0.418497 0.00128399 0.025139 5.69071e-10 2.01584e-05 0.016335 0.0283115 0.000383609 0.000459002 0.000289454 0.266465 0.00444358 0.0399571 0.00489709 0.00197076 9.34085e-05 1.15359e-05 0.0075231 0.0229954 
0.00244609 3.96716e-11 0.000314261 0.00173128 0.000524146 0.000238516 0.00144976 0.742771 0.00561135 0.0295402 9.05365e-13 7.78001e-05 0.102279 0.000911538 1.41279e-05 0.0103228 1.63397e-07 1.79221e-06 4.3647e-09 0.0883077 0.000347407 0.00806216 4.93892e-06 6.48419e-10 0.00390682 0.00113737 
0.021651 5.9493e-05 0.00484297 0.00346783 0.000428165 3.8388e-08 0.0188499 0.779073 0.00407611 0.0233693 1.42389e-07 1.22428e-11 0.00923226 0.00813433 0.00137296 0.00128822 3.91707e-07 2.82703e-05 1.3932e-06 0.0478124 0.00251177 0.00173478 4.57848e-05 4.76295e-05 0.00580445 0.066167 
0.00796432 4.78578e-08 0.0371876 0.000885398 4.29963e-05 1.3222e-11 0.0017747 0.742455 3.21754e-05 0.0270501 5.59655e-12 1.6487e-08 0.0214366 0.00147915 2.59307e-08 0.00262098 5.38422e-09 9.25379e-09 1.07205e-11 0.131209 0.00249574 0.00063552 0.000208788 6.82398e-06 0.0214392 0.00107507 
0.0351128 1.71152e-06 0.00964002 0.00839518 0.000245673 0.000167021 0.00632948 0.385936 0.000221088 0.0304561 1.53699e-05 0.000198792 0.0305227 0.0226693 0.00119732 0.0947994 1.19402e-07 0.00121822 0.00476477 0.252423 0.000315331 0.0168282 9.1665e-05 7.15944e-07 0.0799106 0.0185392 
0.00127209 9.00993e-11 0.000314308 0.000909983 0.000442972 3.96299e-08 0.00645921 0.716148 0.0105293 0.0273233 2.70128e-12 7.78292e-05 0.0657249 0.000729451 1.41391e-05 0.0069421 2.02216e-07 1.79833e-06 5.17444e-12 0.156854 0.000347431 0.00395522 3.56511e-09 1.48168e-09 0.00112147 0.000832625 
0.0437134 0.000662235 0.000576561 0.0010335 0.00466861 0.00236159 0.00520032 0.392442 0.000282755 0.0314972 0.00135829 0.00128537 0.110459 0.00446086 0.00550531 0.017774 1.41637e-06 4.51613e-05 7.21261e-06 0.342707 0.0104619 0.00306656 2.85121e-05 2.38787e-07 0.00279742 0.0176036 
0.00885969 2.26115e-06 0.00142119 0.00276363 0.000413818 4.58167e-05 0.0523872 0.578321 0.000379668 0.0333119 9.16391e-06 0.000267586 0.0491203 0.0108492 0.00156528 0.0131102 3.92423e-07 0.000431175 1.30581e-06 0.222641 0.000245767 0.00396749 9.08215e-06 0.000658729 0.00673028 0.0124876 
0.0340494 0.000574014 0.00131878 0.00761395 0.000736932 2.43734e-05 0.0144587 0.519929 0.00230811 0.0363965 0.00828199 0.00146191 0.0206337 0.00926294 0.00525724 0.0273112 1.68412e-05 0.0032096 0.000155426 0.256091 0.00383765 0.00593627 4.27658e-05 0.0168966 0.00492023 0.0192752 
0.000434187 4.88741e-06 0.000101605 0.00827842 2.09213e-06 1.55236e-05 0.000233513 0.706668 0.000348369 0.00496392 0.00610517 0.0102273 0.0112549 0.000708513 2.19043e-08 0.0922865 1.9748e-08 2.66254e-05 7.77358e-11 0.124001 0.0163417 0.00897055 3.59553e-06 0.0087968 0.000104124 0.000122542 
0.000840679 5.57416e-11 1.53212e-07 0.0813835 3.28636e-11 2.90384e-08 0.00541637 0.466496 0.00157076 8.25065e-07 3.66516e-11 0.000556065 0.0378255 0.00166091 0.0137607 0.0829838 2.83683e-08 3.22343e-08 7.02081e-11 0.297877 0.000946326 1.82864e-08 2.96947e-05 0.00150456 0.0014837 0.0056635 
0.0568475 3.93644e-05 0.000451898 0.00490358 0.0003187 8.85458e-06 0.00120903 0.674543 0.00593673 0.0469245 1.22594e-05 0.0292986 0.00887176 0.0162271 0.0026457 0.0413077 2.63614e-05 0.00597157 3.84495e-05 0.0911876 0.00383488 0.0049489 3.31272e-05 3.04e-05 0.00212705 0.00225519 
0.00640858 1.4603e-06 0.0298812 3.84447e-05 0.00276934 6.03214e-05 0.00259938 0.688709 0.000161305 0.00608694 4.2536e-05 0.00102746 0.0829372 0.00187641 0.0012436 0.00124951 2.39705e-07 6.52486e-05 1.80422e-08 0.15993 0.000211327 0.00316143 7.24113e-05 1.87155e-05 0.0105686 0.000879732 
0.00185999 9.78838e-06 0.0109786 0.00320915 2.42222e-05 1.17021e-11 0.000935241 0.86881 0.000369024 0.00754839 4.95321e-12 0.000218639 0.00923351 0.00087254 6.36016e-05 0.0230106 1.13293e-07 1.90825e-06 9.48815e-12 0.0578791 0.00751253 0.000630402 6.84262e-05 3.42322e-06 0.00575206 0.00100891 
1.20181e-07 1.41487e-08 9.03336e-08 0.00302638 1.30668e-08 8.4411e-12 0.000144289 0.946689 0.000706962 1.53965e-08 3.5729e-12 0.000374293 0.000394962 0.000132784 3.32177e-06 0.037698 1.24211e-09 1.31619e-06 6.84409e-12 0.00774066 0.00282518 8.91895e-05 4.98572e-09 6.15593e-09 3.26465e-05 0.000140624 
0.00223262 0.000272982 2.72573e-05 0.00113413 2.75101e-05 1.71637e-06 0.000273477 0.689074 0.0125154 0.0565304 8.25396e-13 2.58096e-08 0.0191503 0.16868 0.00101761 0.0183174 2.78059e-06 1.78388e-05 6.84343e-06 0.00312934 0.00397822 0.00143627 3.62987e-05 9.27661e-05 0.000690821 0.0213541 
0.000607857 6.84125e-06 0.000134937 0.0115898 2.92804e-06 2.17293e-05 0.000298283 0.607257 0.00048771 0.00694808 0.00854715 0.0143182 0.0157568 0.000981501 2.72525e-08 0.129201 2.75508e-08 3.72722e-05 9.64431e-11 0.155731 0.0228783 0.0125552 5.0333e-06 0.0123155 0.000145768 0.000171557 
0.00248123 0.00026004 1.89714e-07 0.00191938 2.3119e-06 7.46337e-08 0.00237057 0.671576 0.0115075 0.0120437 3.24854e-10 0.0652578 0.00291751 0.00765231 0.00208354 0.0213284 1.61977e-06 0.000734247 0.000183271 0.0836936 0.0320063 1.06469e-05 6.19848e-06 0.0129953 0.00206259 0.0669063 
0.136008 2.12517e-06 0.0142146 0.000491886 0.00837342 9.12409e-05 0.0017433 0.418497 0.00128399 0.025139 5.69071e-10 2.01584e-05 0.016335 0.0283115 0.000383609 0.000459002 0.000289454 0.266465 0.00444358 0.0399571 0.00489709 0.00197076 9.34085e-05 1.15359e-05 0.0075231 0.0229954 
0.157505 2.99752e-10 5.43884e-08 5.43474e-08 8.20654e-05 2.05361e-07 0.00754012 0.224066 3.89456e-05 0.0780389 1.97095e-10 0.0126555 0.123682 3.05633e-05 5.31096e-07 0.206495 3.78517e-06 0.000129101 1.91466e-06 0.174602 0.000962638 0.0121432 2.98093e-05 0.000144541 0.00151546 0.000333023 
0.136008 2.12517e-06 0.0142146 0.000491886 0.00837342 9.12409e-05 0.0017433 0.418497 0.00128399 0.025139 5.69071e-10 2.01584e-05 0.016335 0.0283115 0.000383609 0.000459002 0.000289454 0.266465 0.00444358 0.0399571 0.00489709 0.00197076 9.34085e-05 1.15359e-05 0.0075231 0.0229954 
0.0326296 0.000341905 0.000238527 0.00215928 0.00338004 0.000242945 0.0309391 0.697926 0.00407554 0.0347216 1.58909e-05 0.00327592 0.0300496 0.0127487 0.00042903 0.0138458 1.94804e-05 3.58418e-05 1.48381e-06 0.112932 0.00203055 0.00641452 2.45877e-05 9.56988e-05 0.0056705 0.00575527 
0.110266 0.000301965 0.00214254 0.0130285 0.000461327 7.51178e-05 0.0242986 0.225814 0.0384004 0.219674 0.00515278 1.35863e-07 0.0130646 0.132425 0.000696321 0.0367727 1.74703e-05 0.00413329 2.34723e-05 0.0777482 0.0183995 0.00342371 3.2005e-05 0.000689821 0.00845818 0.0645005 
0.0306253 8.32194e-05 0.00101954 0.00449827 0.0127241 7.46411e-05 0.0238469 0.684608 0.00539545 0.0298057 1.81452e-07 0.00443234 0.0207749 0.00481604 0.000615886 0.0227847 7.76903e-06 0.00359186 0.000502927 0.133704 0.00929521 0.00264108 4.08418e-05 2.77769e-05 0.000659833 0.00342362 
0.00467917 0.000486406 3.29439e-08 0.00246315 1.65263e-07 1.6222e-06 0.00330853 0.669241 0.0664186 0.00679634 7.66476e-08 1.84449e-06 0.00665348 0.0677324 0.00480892 0.0717706 6.15506e-06 0.00637392 0.000326094 0.0293362 0.0120214 2.65327e-05 1.64232e-05 1.1284e-05 0.0207212 0.0267989 
0.0506988 2.50227e-07 0.00939688 5.47929e-05 0.0274451 6.88546e-05 0.00229349 0.448241 0.000472427 0.015247 5.08745e-10 0.000207202 0.0257336 0.00347259 0.00075611 0.0041067 2.44342e-07 8.27493e-06 1.85077e-06 0.39587 0.00202491 0.000465586 0.000115271 7.20118e-06 0.0102446 0.00306704 
0.00448941 3.24863e-10 0.0206303 0.00053101 0.00067198 1.64082e-05 0.0167828 0.477994 0.0431953 0.0622702 1.08927e-11 4.54337e-05 0.0792374 0.00617799 8.26396e-06 0.00715807 1.21055e-07 1.06498e-06 2.08655e-11 0.222466 0.000202704 0.00309804 5.28713e-09 1.7587e-09 0.00065438 0.0543691 
0.00627114 0.000179233 0.014106 0.000152618 0.0108686 7.07388e-07 0.00121493 0.562996 4.59148e-06 0.00392388 3.50237e-05 0.0480761 0.0708285 0.00203275 0.0170998 0.0279601 7.22965e-06 8.06153e-05 3.24688e-06 0.205735 0.00506096 0.0187958 8.87224e-05 3.26485e-05 0.00107755 0.00336768 
0.00118272 7.6378e-08 0.000235735 0.000682501 0.000332236 3.11939e-08 0.00582868 0.748974 0.00789703 0.0209078 2.33473e-12 5.83742e-05 0.0492937 0.000547091 1.06051e-05 0.00520659 1.51799e-07 2.65257e-06 8.32541e-10 0.154068 0.000260575 0.00296643 2.81433e-09 1.18367e-09 0.000909176 0.000635925 
0.0155616 4.17553e-06 0.000828742 0.000150991 0.00321509 0.000424138 0.00217543 0.683858 0.0002299 0.0140742 1.6018e-05 0.00048045 0.11818 0.0036671 0.000276908 0.0025567 1.57153e-06 4.71062e-05 0.000220041 0.136772 0.000850505 0.00441727 9.05006e-06 9.02824e-08 0.0101388 0.00184434 
0.00283644 3.21174e-06 0.000711024 0.000207278 0.000642208 8.97328e-07 0.0108521 0.873305 0.000227254 0.000795 5.35087e-06 0.0085695 0.00723484 0.000117382 0.000337795 0.0127287 1.67253e-08 1.16881e-05 1.45965e-06 0.072129 0.000234773 0.00853244 2.28749e-06 9.30044e-07 8.20359e-05 0.000431752 
0.00746662 9.86123e-09 0.0373514 4.80551e-05 0.00346167 7.53986e-05 0.00263783 0.649662 0.000201629 0.00740726 5.31658e-05 0.00128431 0.103672 0.0023455 0.00155449 0.00156189 2.99426e-07 7.57322e-05 2.25683e-09 0.162654 0.000264157 0.00395177 9.05132e-05 2.33931e-05 0.0130741 0.00108322 
0.000196422 9.3776e-05 0.000439454 0.00182069 2.50661e-05 2.20217e-06 0.0002687 0.929776 0.0110366 0.0103325 1.13705e-09 5.73331e-13 0.000268219 0.0102287 2.99747e-05 0.0232649 1.03777e-06 0.000204572 2.98699e-06 0.00413845 0.00531017 3.60619e-05 1.01897e-07 7.21351e-05 5.12834e-06 0.00244581 
0.000457524 1.03656e-07 0.0910633 3.1639e-12 0.000178588 4.39989e-06 0.00296676 0.383389 6.42484e-05 0.066204 1.32649e-11 7.4629e-08 0.110621 0.00132446 2.90234e-08 1.69729e-07 3.17131e-09 2.00548e-11 2.54096e-11 0.300915 4.06238e-05 0.0398469 1.14598e-07 7.04657e-08 0.00144852 0.00147511 
0.0220328 0.000678678 0.00744197 0.0070558 0.00116627 4.38502e-05 0.00619874 0.620701 0.00379672 0.0255737 0.000525707 0.00334884 0.0505454 0.00304089 0.000709342 0.0294112 5.3366e-06 0.00373263 1.02681e-06 0.178118 0.0201899 0.00580232 0.000212511 0.00129854 0.00391222 0.00445729 
0.0163888 0.000101228 0.0172003 0.00473789 0.00619371 0.0672456 0.00284092 0.293712 0.0117692 0.0583475 5.02091e-06 0.000976782 0.204524 0.0393149 0.00309658 0.0221812 2.96956e-05 0.000156303 2.79215e-06 0.130257 0.068612 0.0203733 0.000286895 3.47549e-05 0.020704 0.0109064 
0.00681609 0.000399448 0.000264671 0.000914615 0.00104759 0.000537358 0.00143368 0.729417 0.003809 0.0332893 3.91044e-12 1.42791e-05 0.0267339 0.0536408 0.00576386 0.0299561 1.55048e-06 0.000959273 0.000525765 0.0595206 0.0211405 0.00307162 5.23736e-05 2.46998e-05 0.00142187 0.0192437 
0.000457524 1.03656e-07 0.0910633 3.1639e-12 0.000178588 4.39989e-06 0.00296676 0.383389 6.42484e-05 0.066204 1.32649e-11 7.4629e-08 0.110621 0.00132446 2.90234e-08 1.69729e-07 3.17131e-09 2.00548e-11 2.54096e-11 0.300915 4.06238e-05 0.0398469 1.14598e-07 7.04657e-08 0.00144852 0.00147511 
0.000196422 9.3776e-05 0.000439454 0.00182069 2.50661e-05 2.20217e-06 0.0002687 0.929776 0.0110366 0.0103325 1.13705e-09 5.73331e-13 0.000268219 0.0102287 2.99747e-05 0.0232649 1.03777e-06 0.000204572 2.98699e-06 0.00413845 0.00531017 3.60619e-05 1.01897e-07 7.21351e-05 5.12834e-06 0.00244581 
0.0355289 1.77133e-06 0.00104932 0.020525 0.000298111 6.64004e-07 0.0170321 0.536025 0.00315246 0.012191 3.29856e-06 0.00452732 0.03981 0.00596092 0.00504685 0.058653 3.41721e-06 5.8523e-06 1.23279e-06 0.198066 0.00128247 0.057332 1.18739e-05 1.02376e-06 0.000691483 0.00279911 
0.000193575 6.61834e-06 0.00921614 1.58372e-05 1.31007e-05 1.26425e-07 0.000481398 0.780724 2.10468e-07 0.00053127 5.95739e-10 1.11636e-05 0.000216582 0.000147206 8.78241e-11 0.000648231 4.75007e-10 2.91111e-12 4.91336e-10 0.030123 0.000373952 2.02895e-05 6.21205e-05 0.176746 0.000362057 0.000107523 
0.0210946 0.000185053 0.000689422 0.00301255 3.67891e-05 0.00275143 0.00645386 0.534216 0.00181768 0.00900389 6.92629e-07 0.000358765 0.0169845 0.000771134 0.000985459 0.0279513 8.359e-07 2.34268e-05 9.23418e-06 0.365746 0.00155247 0.00047857 5.01922e-06 1.31457e-05 0.00116067 0.00469829 
0.0147237 0.000255619 0.000597536 2.26852e-08 0.00145929 1.72044e-07 0.000584782 0.818077 2.09121e-05 0.0114151 5.36831e-12 7.13791e-05 0.0208252 0.000898026 5.81301e-05 0.00275965 2.56603e-07 4.7155e-08 0.0011404 0.120922 0.000725911 0.00172587 1.7507e-05 2.25151e-09 0.000966502 0.00275535 
0.0127427 0.000452088 0.0139203 0.00211082 6.67447e-05 6.33844e-06 0.00827615 0.724643 0.000279444 0.0389621 7.12494e-09 6.93039e-05 0.0128858 0.0104822 0.000302141 0.0239588 5.83761e-08 1.89177e-05 5.07949e-09 0.130463 0.00246839 0.0016615 5.87024e-05 0.000103493 0.0110991 0.00496882 
2.86616e-05 7.7351e-10 1.03774e-06 5.02817e-13 1.37455e-08 4.98045e-12 0.00013168 0.980429 8.40464e-13 1.20988e-09 2.1081e-12 1.6416e-08 3.81054e-05 1.7471e-05 1.35255e-12 5.02986e-10 2.80493e-12 3.18717e-12 4.03818e-12 0.0187599 1.25204e-05 4.82074e-09 2.52089e-08 1.54996e-08 0.000572275 8.77158e-06 
0.000100118 0.000175225 5.56866e-09 0.000227327 3.31064e-06 2.20219e-06 0.000135209 0.888193 0.00521524 0.0341791 5.34267e-13 5.08561e-13 0.00633495 0.0108632 0.00018003 0.0112028 1.62634e-07 5.75626e-06 6.24484e-08 0.00207685 0.000953296 0.000284169 2.90169e-08 1.4652e-05 5.74528e-06 0.0398478 
0.0647273 0.000385794 1.49646e-05 0.00641266 0.000319798 1.08512e-05 0.0298693 0.166489 0.0053976 0.0810412 0.0153133 0.00335247 0.16583 0.151387 0.00827311 0.0929212 1.7548e-05 0.000432674 0.000103894 0.0512523 0.0379478 0.0566855 0.00656524 4.33066e-05 0.045338 0.0098685 
0.0142394 2.61724e-06 0.00943785 0.00162158 0.00103252 3.89973e-05 0.0010201 0.789481 0.00087688 0.0177403 0.000357216 0.00213023 0.024219 0.00346823 0.000600544 0.0101644 3.85776e-06 0.0338796 2.19314e-05 0.078356 0.00130033 0.00248645 4.99982e-05 0.000503862 0.00566907 0.0012984 
0.0141148 8.08005e-12 0.000105024 0.000114264 0.00191652 0.000224954 0.00208475 0.917452 0.000841548 0.00017002 9.58401e-10 1.92634e-07 0.00372033 0.000560232 0.000220196 0.000103871 2.74617e-07 1.22159e-05 1.0177e-11 0.0570023 0.000225097 7.49807e-05 2.57042e-06 2.50994e-08 0.000123826 0.000930277 
0.00281627 4.9357e-05 0.00215029 0.00757655 0.00459132 3.33009e-06 0.0113618 0.692913 0.000356119 0.00170403 0.000457004 0.0147321 0.00614843 0.000366123 0.000558194 0.0129436 2.23094e-07 2.96194e-05 3.71063e-06 0.202572 0.00177069 0.00526082 1.17819e-05 0.0310752 0.000100095 0.000447513 
0.0225316 0.00152004 0.0186065 0.00991627 0.00119538 0.000111642 0.00603745 0.56948 0.00299497 0.0315428 0.000468274 0.00448831 0.0570578 0.00945681 0.000667608 0.0365282 0.000123668 0.00165739 2.34422e-05 0.172895 0.0213006 0.00737215 0.000887783 0.0100452 0.00819356 0.00489829 
0.00138356 4.51653e-06 0.000201813 0.00122631 2.04984e-05 8.70739e-08 0.0033644 0.822201 1.17483e-05 0.00446768 5.57431e-10 7.68652e-06 0.000539001 0.000540299 3.60999e-06 0.00667856 4.48206e-10 1.83653e-08 4.59245e-10 0.0374228 0.000778311 0.000148982 5.59026e-07 0.118726 0.000133979 0.00213854 
0.0074959 0.000744173 0.000310743 0.00160708 0.0011921 7.90658e-06 0.00248951 0.761108 0.00371174 0.0364742 5.59043e-06 0.000356509 0.0356373 0.0609843 0.00136012 0.0229046 1.71144e-06 5.99757e-05 3.27146e-06 0.0371584 0.00607426 0.00394766 2.38692e-05 7.58156e-05 0.00243228 0.0138332 
0.00744384 1.32653e-06 0.000411465 6.85937e-05 0.00143553 0.000262143 0.00317386 0.728949 0.000196158 0.0127379 7.11459e-05 0.00132008 0.0942032 0.00285728 9.58035e-05 0.00324495 5.78867e-07 4.19774e-05 1.13829e-05 0.12214 0.00063153 0.00627849 8.48921e-06 2.45432e-09 0.0139803 0.000435188 
0.00559052 0.00110626 0.00423111 0.0018406 0.000597692 2.15967e-05 0.0379404 0.686231 0.00109572 0.0139331 0.00202189 0.00198927 0.0185785 0.00687287 0.00112796 0.013538 2.93362e-06 2.24078e-05 4.22681e-05 0.127087 0.00923376 0.00190488 0.000177862 0.0522591 0.00343949 0.00911355 
0.00283184 8.45964e-05 0.0138342 0.00557909 5.08181e-05 6.05185e-07 0.000941037 0.862074 0.00360822 0.027719 1.0838e-09 4.54707e-09 0.00649219 0.00620123 3.57972e-05 0.0144378 1.01348e-06 9.03854e-05 8.18008e-07 0.0420257 0.0053736 0.000371061 4.81096e-05 3.98676e-05 0.00449054 0.00366818 
0.0111537 0.00133825 0.00090424 0.000168235 0.0058928 6.75484e-05 0.00399051 0.526144 0.000282004 0.070512 6.38613e-06 0.00135586 0.12341 0.00697953 0.000423825 0.00908067 9.78434e-08 7.18181e-06 8.30263e-06 0.219956 0.000919528 0.0033531 1.24654e-05 1.74951e-09 0.00219832 0.0118355 
0.000635023 1.3096e-09 0.00284303 0.000347418 0.000249598 1.28228e-08 0.000838544 0.901057 0.00214261 0.0092469 1.16555e-12 6.11944e-05 0.0253977 0.000387386 5.39766e-06 0.00268482 3.20482e-10 6.86485e-07 2.23267e-12 0.0498287 0.000184416 0.00162268 1.03801e-05 5.75713e-07 0.00207371 0.000382195 
0.0147237 0.000255619 0.000597536 2.26852e-08 0.00145929 1.72044e-07 0.000584782 0.818077 2.09121e-05 0.0114151 5.36831e-12 7.13791e-05 0.0208252 0.000898026 5.81301e-05 0.00275965 2.56603e-07 4.7155e-08 0.0011404 0.120922 0.000725911 0.00172587 1.7507e-05 2.25151e-09 0.000966502 0.00275535 
0.00082838 8.46212e-09 0.000135862 0.00265385 7.81297e-09 3.82356e-05 0.00280062 0.759273 0.000990563 0.000916575 4.99381e-06 0.000374275 0.00257076 0.000126074 0.00408975 0.0436744 1.04958e-06 1.55003e-09 6.14591e-07 0.174231 0.00359522 3.17051e-05 1.27859e-06 1.42828e-06 4.0436e-06 0.00365677 
0.130944 0.000226815 0.000598872 0.0108185 0.00444461 0.000195698 0.0277464 0.341073 0.0035854 0.0152126 0.00102261 0.00105236 0.0846655 0.0228122 0.00670108 0.0487645 5.15523e-06 0.000452715 0.000620426 0.240601 0.0107982 0.00243781 9.30227e-05 9.9207e-05 0.00570879 0.0393193 
0.000196422 9.3776e-05 0.000439454 0.00182069 2.50661e-05 2.20217e-06 0.0002687 0.929776 0.0110366 0.0103325 1.13705e-09 5.73331e-13 0.000268219 0.0102287 2.99747e-05 0.0232649 1.03777e-06 0.000204572 2.98699e-06 0.00413845 0.00531017 3.60619e-05 1.01897e-07 7.21351e-05 5.12834e-06 0.00244581 
0.0141148 8.08005e-12 0.000105024 0.000114264 0.00191652 0.000224954 0.00208475 0.917452 0.000841548 0.00017002 9.58401e-10 1.92634e-07 0.00372033 0.000560232 0.000220196 0.000103871 2.74617e-07 1.22159e-05 1.0177e-11 0.0570023 0.000225097 7.49807e-05 2.57042e-06 2.50994e-08 0.000123826 0.000930277 
0.0106895 1.66362e-10 0.0103395 3.35336e-06 0.000723776 2.14188e-05 0.0224122 0.402907 0.000190445 0.0365528 1.09387e-10 0.000132843 0.210248 0.000690127 3.61168e-05 0.00929057 7.52633e-06 0.00237165 2.09537e-10 0.280528 0.00123096 0.00496604 0.000194832 1.01389e-05 0.00635008 0.000103313 
0.00429219 0.000105441 3.28041e-05 0.00031905 1.04209e-05 1.07046e-05 0.000656672 0.633324 0.000283384 0.0361545 0.00010689 0.00808596 0.0151683 0.00297223 0.000100818 0.0124671 1.34177e-09 1.93115e-05 1.56607e-07 0.280446 0.000338507 0.00132931 2.16965e-07 1.2897e-08 0.00121804 0.00255784 
0.00030817 1.7565e-06 6.88142e-06 0.00617642 2.51813e-05 5.33597e-08 0.0135348 0.48006 0.000166206 1.45642e-05 1.52529e-06 0.000106954 0.000375082 0.00136253 0.00240648 0.0524786 1.44138e-06 2.29842e-07 4.32643e-08 0.432388 0.00850068 0.000473762 1.18865e-05 4.05247e-05 0.00151509 4.24299e-05 
0.0148309 0.000247653 0.00302492 0.00717567 0.00160887 6.49791e-05 0.00171757 0.752924 0.00256911 0.0323423 8.10058e-05 0.000941916 0.0207858 0.00651139 0.000849143 0.0167803 2.08148e-05 0.0255612 4.41965e-05 0.08767 0.0063624 0.00268446 0.000436652 0.00699739 0.00357083 0.00419695 
0.000825135 1.12158e-10 0.00200555 5.28407e-05 2.16621e-08 1.92344e-08 0.000268756 0.965948 3.30253e-05 2.56476e-05 1.0847e-09 1.10416e-08 0.0002872 2.96744e-09 3.51521e-05 0.0005846 4.67009e-08 1.48278e-08 4.75285e-10 0.0295926 3.50912e-05 2.76177e-08 1.57454e-06 8.37732e-09 1.80395e-08 0.000305039 
0.0147237 0.000255619 0.000597536 2.26852e-08 0.00145929 1.72044e-07 0.000584782 0.818077 2.09121e-05 0.0114151 5.36831e-12 7.13791e-05 0.0208252 0.000898026 5.81301e-05 0.00275965 2.56603e-07 4.7155e-08 0.0011404 0.120922 0.000725911 0.00172587 1.7507e-05 2.25151e-09 0.000966502 0.00275535 
0.00983932 0.00123619 0.00131708 0.00109168 0.00500775 4.55653e-05 0.0066106 0.750139 9.63718e-05 0.0137311 4.03462e-09 5.52316e-05 0.00845494 0.00351859 0.000194387 0.0198005 7.61517e-07 0.00145124 0.00014966 0.17038 0.000597478 0.0011886 1.25224e-05 1.91513e-05 0.00101811 0.00404414 
0.00546883 7.41502e-07 0.00439608 0.000158755 0.00183632 3.80323e-05 0.00461344 0.908417 0.000350461 0.000454779 2.4425e-06 0.0029284 0.00557147 0.000266272 0.000207733 0.00323879 9.00657e-08 8.12627e-06 3.0378e-07 0.0583652 0.000274914 0.00216708 1.87668e-05 3.75795e-06 0.000688013 0.000524624 
0.0278056 0.000778426 0.00104718 0.00230488 0.001616 6.20537e-05 0.0106141 0.650897 0.00161776 0.0236845 0.000297641 0.00130128 0.023009 0.0115615 0.00138324 0.0248363 0.00378322 0.000143961 6.20273e-05 0.146608 0.00159048 0.00455284 2.26423e-05 4.46846e-05 0.0542155 0.00615973 
0.00640858 1.4603e-06 0.0298812 3.84447e-05 0.00276934 6.03214e-05 0.00259938 0.688709 0.000161305 0.00608694 4.2536e-05 0.00102746 0.0829372 0.00187641 0.0012436 0.00124951 2.39705e-07 6.52486e-05 1.80422e-08 0.15993 0.000211327 0.00316143 7.24113e-05 1.87155e-05 0.0105686 0.000879732 
0.022237 0.00333246 0.00139681 0.00177382 0.000639949 2.13227e-05 0.00187781 0.485027 0.00181329 0.00817336 0.00408034 0.0172448 0.0192881 0.0385873 0.000980766 0.0918109 2.08415e-06 9.96245e-07 3.96884e-07 0.239107 0.0275625 0.000843116 2.45243e-05 0.00246536 0.000624497 0.0310843 
0.0147561 0.000336033 0.000411095 0.0165678 0.000140307 0.000190283 0.00596096 0.608696 0.0208307 0.0249074 0.000287476 0.001268 0.0378099 0.0047368 0.00252752 0.0714645 4.93451e-06 9.61886e-05 2.26378e-05 0.156924 0.0068588 0.00134764 5.18536e-06 0.000131476 0.000203354 0.0235152 
0.000249459 3.04174e-05 0.000311357 0.00742856 7.97671e-05 5.03157e-07 0.00030475 0.89196 0.00428603 0.00272517 8.53185e-10 0.000307222 0.000382924 0.00256836 0.00026686 0.0201779 3.08138e-07 5.39844e-05 6.81098e-07 0.0626856 0.00513278 8.4987e-05 5.22498e-06 1.93883e-05 2.38304e-05 0.000914029 
0.0204379 0.00795434 0.00102991 0.00445861 0.00283427 0.00319425 0.0067209 0.715624 0.0022697 0.0300604 0.000130289 0.00110306 0.0148944 0.0108891 0.00075951 0.0172286 0.00820911 0.00825439 0.000106917 0.124291 0.0050983 0.00455787 4.89484e-05 0.00261991 0.00207489 0.00514852 
0.104674 4.10695e-05 0.000489729 0.0209692 0.00134946 0.000971727 0.00271606 0.369343 0.00635473 0.0232123 5.36393e-05 0.00277167 0.0338917 0.0173845 0.0224037 0.0547232 5.76202e-06 0.000304417 0.000340483 0.312234 0.0128128 0.00506028 3.4328e-05 0.000143919 0.00428508 0.0034298 
0.0150844 0.00138266 0.0119993 0.00785227 0.00237751 0.000536107 0.00599215 0.714488 0.00362013 0.0268543 0.000457043 0.00191705 0.0331818 0.0137427 0.0020319 0.0260937 0.00102532 0.00467297 0.000182061 0.0855791 0.01224 0.00411224 0.000473361 0.0132304 0.00293142 0.00794236 
0.0393255 0.00060898 0.0335926 0.000710475 0.0882164 4.04724e-05 0.289606 0.310078 0.00210545 0.00830143 0.00343046 0.00318617 0.0253159 0.00578971 0.00353131 0.0294273 1.43347e-06 5.13962e-05 1.59703e-06 0.131549 0.0122199 0.00552907 0.000110386 5.23275e-05 0.00276387 0.00445533 
0.00494133 3.12889e-05 0.000321161 0.00269559 0.00573804 7.13063e-07 0.000774407 0.818479 0.00110003 0.00850705 7.76839e-08 0.00409942 0.0554687 0.00292904 0.00107761 0.026259 1.4099e-06 2.79566e-06 3.7012e-08 0.0303785 0.0230504 0.00756781 9.32979e-06 2.09113e-06 0.00130108 0.00526389 
0.00127205 3.13058e-11 0.000319377 0.000909723 0.000442863 1.40789e-08 0.00138848 0.827423 0.00561129 0.023834 6.53772e-13 7.77978e-05 0.0627976 0.00073707 1.41267e-05 0.006942 3.1393e-10 1.79133e-06 1.25234e-12 0.06197 0.000347404 0.00395707 1.38184e-09 6.097e-10 0.00112134 0.000832591 
0.0125659 0.0143517 0.0057649 0.00155259 0.00273221 4.31964e-06 0.00992143 0.438923 0.000620784 0.0126327 4.76258e-05 3.53861e-05 0.0205672 0.00238649 0.000585733 0.0210768 8.49014e-09 2.01989e-06 8.45716e-07 0.406776 0.00464438 0.00065373 8.84789e-05 0.0389732 0.00248396 0.00260899 
2.86616e-05 7.7351e-10 1.03774e-06 5.02817e-13 1.37455e-08 4.98045e-12 0.00013168 0.980429 8.40464e-13 1.20988e-09 2.1081e-12 1.6416e-08 3.81054e-05 1.7471e-05 1.35255e-12 5.02986e-10 2.80493e-12 3.18717e-12 4.03818e-12 0.0187599 1.25204e-05 4.82074e-09 2.52089e-08 1.54996e-08 0.000572275 8.77158e-06 
0.374619 6.10661e-11 4.1713e-11 0.00373793 1.15245e-07 9.48618e-11 3.62112e-07 0.549701 1.33349e-06 1.7683e-07 4.01526e-11 3.82206e-11 1.26737e-07 0.00604583 2.91134e-07 5.79149e-08 3.85623e-05 2.33115e-06 7.69144e-11 0.0595406 9.93218e-08 0.000235187 4.46281e-05 6.32264e-11 1.61051e-06 0.00603094 
0.00640858 1.4603e-06 0.0298812 3.84447e-05 0.00276934 6.03214e-05 0.00259938 0.688709 0.000161305 0.00608694 4.2536e-05 0.00102746 0.0829372 0.00187641 0.0012436 0.00124951 2.39705e-07 6.52486e-05 1.80422e-08 0.15993 0.000211327 0.00316143 7.24113e-05 1.87155e-05 0.0105686 0.000879732 
0.00796432 4.78578e-08 0.0371876 0.000885398 4.29963e-05 1.3222e-11 0.0017747 0.742455 3.21754e-05 0.0270501 5.59655e-12 1.6487e-08 0.0214366 0.00147915 2.59307e-08 0.00262098 5.38422e-09 9.25379e-09 1.07205e-11 0.131209 0.00249574 0.00063552 0.000208788 6.82398e-06 0.0214392 0.00107507 
0.000434187 4.88741e-06 0.000101605 0.00827842 2.09213e-06 1.55236e-05 0.000233513 0.706668 0.000348369 0.00496392 0.00610517 0.0102273 0.0112549 0.000708513 2.19043e-08 0.0922865 1.9748e-08 2.66254e-05 7.77358e-11 0.124001 0.0163417 0.00897055 3.59553e-06 0.0087968 0.000104124 0.000122542 
0.0138438 0.00172169 0.00279646 0.00373502 0.000865994 4.56227e-05 0.00525835 0.667755 0.0016999 0.0406638 0.000609202 0.0013383 0.0240213 0.0115263 0.000789849 0.0404579 1.29156e-05 0.00175704 9.8696e-06 0.123244 0.0230122 0.00266274 0.000233451 0.0231569 0.00364179 0.005141 
0.00308258 0.000545204 0.00144149 0.00357141 3.93747e-05 1.57641e-05 0.00252904 0.733223 0.00355828 0.032192 0.000402816 0.000761274 0.018516 0.0448506 0.00146628 0.0300035 3.15631e-07 0.000102927 1.41938e-06 0.0667769 0.00568649 0.00303783 2.69416e-05 0.0390048 0.000965237 0.00819875 
0.0676754 2.61461e-05 0.0040208 0.0137795 0.000205535 0.000187001 0.012984 0.282914 0.00162423 0.0578883 2.92302e-06 0.000197624 0.0953074 0.00872014 0.00031679 0.139815 2.21323e-06 2.6601e-05 4.09286e-05 0.188264 0.0083484 0.0230422 7.70727e-05 0.0851054 0.00308079 0.00634761 
0.0142997 1.34518e-05 8.4986e-05 0.00581365 6.16495e-05 4.18951e-06 0.00300574 0.596151 0.00155075 0.132651 0.0118966 0.00314315 0.0188967 0.00746415 6.77999e-05 0.0730653 2.28498e-05 9.04142e-05 1.329e-08 0.0904444 0.0133272 0.0206163 3.23374e-05 0.00402651 0.000580277 0.00268945 
0.0141148 8.08005e-12 0.000105024 0.000114264 0.00191652 0.000224954 0.00208475 0.917452 0.000841548 0.00017002 9.58401e-10 1.92634e-07 0.00372033 0.000560232 0.000220196 0.000103871 2.74617e-07 1.22159e-05 1.0177e-11 0.0570023 0.000225097 7.49807e-05 2.57042e-06 2.50994e-08 0.000123826 0.000930277 
0.0316373 1.77926e-06 0.000323075 0.00499485 0.00037512 0.000231749 0.118281 0.432143 0.00220161 0.014893 0.00147503 0.00227661 0.0242663 0.00312861 0.000190903 0.0263709 8.52585e-06 0.00128437 1.07421e-05 0.31973 0.00415254 0.00725104 1.46912e-05 0.00254345 0.00117023 0.00104299 
0.016445 0.000433252 0.00059749 0.000505146 0.00792721 1.30421e-07 0.000825665 0.730449 0.000145854 0.0202015 3.45971e-12 7.13612e-05 0.0578154 0.00502195 0.000363163 0.00694588 6.17904e-07 3.57462e-08 0.00114023 0.128626 0.00194136 0.0118304 1.75037e-05 1.57626e-09 0.00369822 0.00499752 
0.0114837 6.61606e-05 0.000283825 6.67919e-05 0.000831024 8.08522e-08 0.00313255 0.353586 0.00133281 0.0752866 4.77881e-09 0.00170378 0.188662 0.00560995 9.10463e-05 0.20089 1.51566e-05 4.27767e-05 2.58117e-06 0.0743917 0.053013 0.0202867 6.16407e-05 3.32917e-05 0.00235581 0.00677069 
0.000434187 4.88741e-06 0.000101605 0.00827842 2.09213e-06 1.55236e-05 0.000233513 0.706668 0.000348369 0.00496392 0.00610517 0.0102273 0.0112549 0.000708513 2.19043e-08 0.0922865 1.9748e-08 2.66254e-05 7.77358e-11 0.124001 0.0163417 0.00897055 3.59553e-06 0.0087968 0.000104124 0.000122542 
0.0254907 0.000956483 0.00291796 0.0177167 0.00119701 0.000132381 0.0125227 0.432228 0.00160052 0.038066 0.0179508 0.00554041 0.0213983 0.00789772 0.000589575 0.0417364 0.000377683 0.00219146 0.000129564 0.272828 0.017614 0.0080696 0.000459285 0.057166 0.00862983 0.00459271 
0.00746662 9.86123e-09 0.0373514 4.80551e-05 0.00346167 7.53986e-05 0.00263783 0.649662 0.000201629 0.00740726 5.31658e-05 0.00128431 0.103672 0.0023455 0.00155449 0.00156189 2.99426e-07 7.57322e-05 2.25683e-09 0.162654 0.000264157 0.00395177 9.05132e-05 2.33931e-05 0.0130741 0.00108322 
2.86616e-05 7.7351e-10 1.03774e-06 5.02817e-13 1.37455e-08 4.98045e-12 0.00013168 0.980429 8.40464e-13 1.20988e-09 2.1081e-12 1.6416e-08 3.81054e-05 1.7471e-05 1.35255e-12 5.02986e-10 2.80493e-12 3.18717e-12 4.03818e-12 0.0187599 1.25204e-05 4.82074e-09 2.52089e-08 1.54996e-08 0.000572275 8.77158e-06 
0.00127205 3.13058e-11 0.000319377 0.000909723 0.000442863 1.40789e-08 0.00138848 0.827423 0.00561129 0.023834 6.53772e-13 7.77978e-05 0.0627976 0.00073707 1.41267e-05 0.006942 3.1393e-10 1.79133e-06 1.25234e-12 0.06197 0.000347404 0.00395707 1.38184e-09 6.097e-10 0.00112134 0.000832591 
0.0008307 2.21025e-05 0.000977012 0.00270988 1.06814e-05 9.10605e-06 0.000657041 0.549923 7.48017e-05 0.0064929 0.000927013 0.00186224 0.00449512 0.000656371 7.07662e-07 0.0360977 5.33905e-08 3.81114e-06 6.3425e-09 0.0717282 0.0148237 0.00231475 2.05271e-05 0.304925 0.00014452 0.000293854 
0.00127205 3.13058e-11 0.000319377 0.000909723 0.000442863 1.40789e-08 0.00138848 0.827423 0.00561129 0.023834 6.53772e-13 7.77978e-05 0.0627976 0.00073707 1.41267e-05 0.006942 3.1393e-10 1.79133e-06 1.25234e-12 0.06197 0.000347404 0.00395707 1.38184e-09 6.097e-10 0.00112134 0.000832591 
0.0197738 0.000238752 0.00101406 0.00839249 0.0941871 0.000321542 0.00733085 0.571838 0.00366084 0.0196975 0.000181109 0.00196944 0.0152449 0.0057849 0.00261427 0.0301175 1.63622e-05 0.000363543 6.09683e-07 0.149339 0.0139057 0.00223508 0.00012103 0.04765 0.000976407 0.00302488 
0.00429219 0.000105441 3.28041e-05 0.00031905 1.04209e-05 1.07046e-05 0.000656672 0.633324 0.000283384 0.0361545 0.00010689 0.00808596 0.0151683 0.00297223 0.000100818 0.0124671 1.34177e-09 1.93115e-05 1.56607e-07 0.280446 0.000338507 0.00132931 2.16965e-07 1.2897e-08 0.00121804 0.00255784 
0.00167413 0.0019777 3.48345e-08 3.07206e-05 0.00024595 2.22763e-06 0.00258766 0.912208 0.00896516 0.00985751 4.14585e-12 3.94638e-12 0.00217436 0.00120179 0.000301107 0.00392162 3.86067e-09 7.51573e-09 6.83628e-08 0.0119513 0.000798891 4.79037e-06 1.33404e-06 5.75904e-06 1.55434e-09 0.0420894 
0.0148805 0.00224533 0.0197415 0.0192073 0.00152864 6.42966e-06 0.00807609 0.580522 0.00469983 0.0392063 0.000113243 0.0021576 0.0723037 0.00651446 0.000756016 0.052952 1.42963e-06 9.15774e-06 1.72715e-07 0.094029 0.0667167 0.00407949 0.000449046 0.000164488 0.0037229 0.00591673 
0.00911907 0.00255357 0.00311751 0.00501679 0.000891568 0.00026789 0.00492232 0.741283 0.00276528 0.0421083 0.000248592 0.00150739 0.027398 0.00963259 0.000432403 0.0200889 6.70651e-06 0.00138042 4.32093e-06 0.105121 0.0081144 0.00540582 0.000170345 0.00039078 0.00362016 0.00443294 
0.012701 1.99956e-09 7.059e-08 3.46365e-05 0.00129512 4.37928e-10 3.67069e-05 0.807231 5.64305e-07 1.77459e-11 1.85364e-10 1.76445e-10 2.05285e-11 5.3214e-08 7.71729e-07 6.62302e-08 1.381e-08 2.80245e-10 6.34054e-07 0.178569 0.000127298 4.95176e-07 6.55225e-09 2.91884e-10 8.21524e-11 2.00075e-06 
0.00186193 0.0014018 0.00375518 0.0563018 0.0002265 8.39051e-06 0.00132212 0.674312 0.00996083 0.0247803 1.04915e-12 0.000891527 0.0560785 0.00753402 0.000133188 0.05545 7.6375e-08 1.20785e-05 3.09871e-07 0.0379108 0.0473572 0.00881563 0.0010466 4.00309e-06 0.00633676 0.00449837 
0.00127205 3.13058e-11 0.000319377 0.000909723 0.000442863 1.40789e-08 0.00138848 0.827423 0.00561129 0.023834 6.53772e-13 7.77978e-05 0.0627976 0.00073707 1.41267e-05 0.006942 3.1393e-10 1.79133e-06 1.25234e-12 0.06197 0.000347404 0.00395707 1.38184e-09 6.097e-10 0.00112134 0.000832591 
0.0044232 0.000107951 0.000178744 0.00259798 0.00210999 2.73943e-06 0.000532699 0.777934 0.00526655 0.0278282 3.58644e-08 0.00162294 0.046169 0.0521328 0.00157687 0.0262741 2.53877e-06 1.8668e-05 3.23653e-06 0.0159237 0.0153184 0.00553596 3.31701e-05 2.71865e-05 0.00155764 0.0128219 
0.0897848 1.61537e-05 0.000259776 0.000120208 0.00600436 8.66152e-05 0.0202164 0.776456 0.00352957 0.0543163 1.89662e-07 1.80536e-07 0.000921235 0.0055642 0.000492474 0.00159905 1.27453e-06 2.69691e-06 3.63307e-07 0.0212126 0.000404733 9.28873e-08 6.40753e-07 2.07544e-06 0.000454749 0.0185537 
0.0147237 0.000255619 0.000597536 2.26852e-08 0.00145929 1.72044e-07 0.000584782 0.818077 2.09121e-05 0.0114151 5.36831e-12 7.13791e-05 0.0208252 0.000898026 5.81301e-05 0.00275965 2.56603e-07 4.7155e-08 0.0011404 0.120922 0.000725911 0.00172587 1.7507e-05 2.25151e-09 0.000966502 0.00275535 
0.00953505 0.00146165 0.00050091 0.00180726 0.00192205 1.86353e-05 0.00406148 0.784346 0.00210579 0.0417143 8.09734e-06 0.00155823 0.019423 0.0328381 0.000772916 0.0223674 6.27547e-07 0.000191401 8.6023e-05 0.0545702 0.00490248 0.0034372 1.54114e-05 8.67387e-05 0.00190764 0.0103614 
0.0174141 4.47434e-05 0.000544027 0.0258423 0.00019827 1.3111e-10 0.00327933 0.491503 0.000342505 0.000642673 3.37323e-07 0.00121229 0.00124904 0.000176747 0.000523972 0.120554 3.75681e-09 4.40261e-06 1.06305e-10 0.309354 0.0111692 0.000330326 1.48153e-05 1.83937e-08 0.000103826 0.0154961 
