0.112425 0.00982275 0.00838302 0.0100931 4.50131e-05 1.50129e-05 0.0128451 0.0027125 0.262917 0.232009 7.18381e-06 0.0292078 0.00306527 0.0624126 0.151208 0.0132168 6.51088e-06 1.95383e-05 1.79725e-05 0.0289485 0.00400476 0.00188933 4.33438e-06 0.000454825 0.0216596 0.0326092 
0.259252 1.52954e-06 4.1739e-05 0.0580564 0.00152998 0.000183506 0.00506627 0.00898624 0.405854 0.0121651 1.50914e-05 0.0037857 0.0170715 0.0229148 0.0231136 0.00617397 0.000226498 0.0650781 0.00139008 0.0873736 0.00185666 0.00449064 0.000189045 0.000483954 0.00330819 0.011391 
0.00930379 8.51008e-05 5.03564e-05 0.0990522 0.00909786 1.46732e-08 0.00310436 0.0737117 0.352775 0.0763206 4.2356e-07 0.000947783 0.0778899 0.02208 0.00123954 0.0633793 3.64103e-06 2.94838e-08 6.71557e-10 0.0277378 0.0580495 0.000671787 1.05069e-06 0.00229097 0.000273456 0.121933 
0.0104526 0.000570489 0.00249408 0.0612524 0.000858556 3.2716e-05 0.0065754 0.00796884 0.401249 0.0488782 0.00134496 0.00552992 0.119472 0.0311024 0.0195594 0.117249 5.76287e-05 0.00140762 6.51563e-05 0.0221735 0.0319278 0.00433361 0.00227404 0.000514879 0.00306045 0.0995951 
0.0288908 0.000747766 0.0056402 0.0873523 0.00392863 7.1625e-05 0.00487502 0.00752309 0.254364 0.071297 7.16595e-05 0.0104848 0.0825644 0.0362663 0.0290273 0.195829 1.89342e-05 0.000606338 0.000232293 0.0345747 0.0471101 0.00762584 0.00410266 0.000836383 0.00186254 0.0840964 
0.0490583 0.00049818 2.90103e-09 0.31181 0.000168953 9.73842e-05 0.000277251 0.00708162 0.323824 0.0206233 4.22598e-06 0.00154038 0.0239006 0.0208872 0.00826172 0.106121 1.31451e-05 5.54409e-05 5.3492e-09 0.0953822 0.00639066 0.00841119 1.17817e-05 0.000128111 0.00277904 0.0126742 
0.0232886 3.0721e-07 4.20915e-07 0.166969 6.98936e-07 1.37901e-05 1.97233e-06 0.0189079 0.379698 0.00814761 3.44624e-05 0.0528814 0.0324036 0.0263808 0.0399365 0.0318969 1.4822e-08 5.09114e-07 7.60227e-08 0.111965 0.00738232 0.00333046 0.000410813 1.38255e-06 0.019287 0.0770613 
0.0198317 4.47542e-07 1.1332e-05 0.0295795 3.35147e-07 6.5041e-09 0.00186743 5.11774e-06 0.441032 0.0301713 2.85437e-07 2.61106e-06 0.0955831 0.00358178 0.00675878 0.00522967 3.66304e-09 4.42294e-08 5.27356e-09 0.00387112 0.00347298 0.00117228 1.7159e-06 4.33506e-09 0.000382235 0.357445 
0.0525519 2.85988e-07 1.95353e-07 0.00302452 1.6861e-07 4.44262e-07 0.000199833 3.19518e-08 0.74424 9.69492e-05 1.88045e-07 3.36336e-05 0.00616455 3.46238e-08 1.20649e-07 0.0640011 2.50203e-07 0.000453042 3.6021e-07 0.124562 0.000227704 3.58415e-06 4.79986e-08 0.000848876 8.33406e-08 0.0035904 
0.151461 0.00178659 0.00357169 0.0722393 0.0749891 3.3435e-05 0.00218287 0.000667685 0.259337 0.0712313 0.000369212 0.00182803 0.115467 0.02456 8.8639e-05 0.0783775 6.73384e-05 0.000444714 1.43503e-07 0.026304 0.047102 0.030715 0.00594747 2.44411e-05 0.0101072 0.021098 
0.0894435 3.46524e-09 9.53977e-05 0.0239042 1.24517e-08 5.38301e-09 0.00033774 3.56753e-05 0.764935 0.023044 2.27849e-09 0.000688112 0.0196352 0.0151006 0.000289925 0.0160077 3.48491e-05 0.00251665 4.36457e-09 0.016676 0.0154155 0.000920634 3.3762e-05 2.73098e-05 0.00256326 0.00829494 
0.0589672 1.9577e-06 0.0260105 0.0826528 0.00322325 1.62643e-05 0.00721632 0.0751492 0.328337 0.184531 3.87746e-06 0.000996525 0.0461894 0.0148483 0.000281941 0.0167576 3.01306e-06 2.59839e-05 4.33768e-10 0.020348 0.0129146 0.00544591 3.75657e-05 7.66532e-05 0.00141966 0.114545 
0.0308845 3.35601e-06 2.8481e-08 1.26181e-06 2.58196e-05 6.47701e-08 2.5159e-06 0.0031842 0.793456 0.00581541 2.74155e-08 2.60964e-08 0.0259091 0.000869837 0.00015785 0.0216933 3.64778e-08 4.14487e-08 1.13655e-05 0.0783519 4.87086e-05 0.000572098 7.88949e-08 6.26769e-07 9.24658e-07 0.0390106 
0.0589672 1.9577e-06 0.0260105 0.0826528 0.00322325 1.62643e-05 0.00721632 0.0751492 0.328337 0.184531 3.87746e-06 0.000996525 0.0461894 0.0148483 0.000281941 0.0167576 3.01306e-06 2.59839e-05 4.33768e-10 0.020348 0.0129146 0.00544591 3.75657e-05 7.66532e-05 0.00141966 0.114545 
0.251855 3.27467e-05 5.47156e-05 2.13549e-05 0.00156333 4.3075e-05 0.000991754 0.000519825 0.357647 0.0160032 1.52056e-05 5.57709e-05 0.00707582 0.00127256 0.0380415 0.0426384 2.14378e-05 0.0384101 6.31246e-05 0.0132105 0.117268 0.000535588 0.000201154 0.000232614 0.110247 0.00198018 
0.00289629 3.16309e-05 2.17955e-05 0.22825 3.9516e-05 9.39506e-06 0.000942396 0.000119606 0.595035 0.0084165 1.94722e-09 0.0397966 0.0219222 0.00767452 0.0351693 0.0234371 3.55093e-07 9.5906e-07 4.86728e-05 0.00358292 0.00763861 0.017646 9.39854e-06 2.74895e-05 0.000211074 0.0070725 
0.0560831 3.35968e-07 0.000373601 0.0837562 0.000873609 1.48104e-05 0.00460304 0.0017011 0.356588 0.0318638 8.88712e-06 5.25485e-06 0.136145 0.00785212 0.000633041 0.0603718 2.40655e-07 1.1243e-05 9.31381e-08 0.0214532 0.191524 0.000105215 0.000262277 5.22025e-05 0.000529728 0.0451875 
0.122567 7.77612e-06 0.00439012 0.0764558 0.000145219 0.000129167 0.000397788 0.00144072 0.526741 0.0203014 2.85397e-08 1.96944e-05 0.0808207 0.119041 0.000958444 0.00487115 0.000346511 0.00103703 0.009311 0.0135754 0.00385993 0.0032255 5.31966e-05 4.44985e-06 0.000945659 0.00935563 
0.0234628 0.00171132 0.00786034 0.0409901 0.000559181 2.06349e-05 0.00287901 0.0332559 0.201658 0.153521 0.00014488 0.00146404 0.151431 0.16063 0.0031972 0.0572474 2.71549e-05 0.00105479 0.00019399 0.0512295 0.0302135 0.0131448 0.00687368 5.17606e-05 0.00739033 0.0497889 
0.018449 6.61961e-05 7.27886e-05 0.0813948 0.000249958 2.18409e-06 0.00133859 1.0906e-05 0.382637 0.0823985 9.25679e-07 0.0882797 0.0406459 0.00860002 0.00676429 0.133226 7.54864e-05 3.85483e-06 2.52688e-05 0.00445003 0.0756124 0.00310931 2.25061e-05 0.00014247 0.00609076 0.0663312 
0.143189 5.20613e-05 0.0157728 0.00339244 1.07249e-06 0.000291457 0.0184214 1.56104e-07 0.21621 0.0849671 0.000125976 2.57744e-09 0.000939872 0.10736 7.21555e-06 0.166643 0.000315104 4.74971e-05 3.95918e-08 0.0225572 0.0551175 0.0238997 0.0855543 4.26373e-09 0.0167982 0.0383381 
0.0424146 3.68195e-05 0.00157572 0.0184681 0.00234678 0.0018292 0.00202576 0.00015669 0.809282 0.0170389 2.88238e-07 0.0104603 0.024044 0.0164937 0.000992894 0.0109609 0.000243494 4.13332e-05 0.00889141 0.0029621 0.0066563 0.000326638 1.67996e-05 1.5028e-06 0.00209603 0.0206377 
0.0578012 1.87862e-07 0.00825658 0.0120389 0.00441094 4.83549e-07 0.0102174 0.000267855 0.338039 0.0338387 0.000228859 0.000454541 0.00973057 0.0404962 0.0106297 0.0760786 6.22568e-06 0.00019676 0.00207374 0.0161297 0.0125076 0.0909704 0.000275804 2.31741e-06 0.00459276 0.270755 
0.00497344 5.39045e-10 7.50451e-05 0.0608457 0.00066026 2.41873e-05 0.0435514 0.0167019 0.396136 0.0474999 0.000429863 0.00085383 0.0863003 0.0337894 0.00438407 0.130794 4.71595e-10 3.49377e-05 5.24875e-07 0.0498677 0.0596323 0.0125165 0.000115882 4.39852e-05 0.00439337 0.0463757 
0.0334309 0.000123369 0.00105658 0.0696668 0.00012526 3.79928e-07 0.00642125 0.000868723 0.34961 0.0148418 1.4062e-05 0.000987021 0.106561 0.179762 0.000595205 0.0618543 1.55751e-05 3.12405e-05 3.91323e-06 0.0121805 0.033971 0.00316788 0.000202331 1.23565e-05 0.0132595 0.111237 
0.00371181 8.34163e-06 3.1996e-05 0.0373831 0.000277092 1.63234e-06 6.06456e-05 0.000345287 0.528774 0.00129557 8.39814e-08 0.00889485 0.0220985 0.0418994 0.00381736 0.303093 3.34074e-07 1.84913e-06 7.06134e-07 0.00487095 0.0199726 0.000815202 5.56669e-06 7.5159e-06 0.000983154 0.0216489 
0.0576143 0.00018318 0.000162958 0.0662959 0.000734596 7.72758e-05 0.00581311 0.0109004 0.455467 0.0929266 0.00016633 0.00382032 0.102881 0.0217144 0.0031735 0.060315 0.000101609 0.000215175 0.000773562 0.027108 0.0139718 0.0111556 0.000742585 0.000157092 0.0120468 0.0514824 
0.0675539 7.33594e-06 0.000348212 0.0187375 9.96121e-05 5.35289e-06 0.0130157 1.83296e-06 0.705533 0.0737845 1.10626e-07 0.000167885 0.0136067 0.0210506 0.000601061 0.063745 4.7678e-06 9.65386e-05 8.60629e-06 0.0138684 0.000928565 1.37818e-05 7.24704e-07 0.000652562 5.4677e-05 0.00611314 
0.0619255 0.000452073 0.00603577 0.0113265 0.00173876 0.000679712 0.00575282 0.00937766 0.37438 0.139414 2.79542e-08 0.0175354 0.0496333 0.188965 0.00729284 0.03644 0.000122881 1.02616e-05 5.35478e-08 0.0350129 0.0371096 0.0004282 0.000223931 0.000487164 0.00132262 0.0143332 
0.121431 0.000551695 0.0059353 0.048632 0.0466217 0.00117251 0.00795945 0.0197176 0.208145 0.018286 6.3472e-05 0.029724 0.0798541 0.0329275 0.0197801 0.0262031 0.00736807 0.000429054 2.5403e-05 0.0263278 0.0313924 0.00523468 0.000999976 6.58186e-05 0.154566 0.106587 
0.000796886 1.77082e-05 0.00168054 0.178383 5.11054e-05 1.27384e-10 0.00379487 0.0225421 0.479966 0.0337666 5.39184e-11 0.167566 0.00524333 0.00465207 0.0404591 0.0354863 7.15751e-06 3.90031e-05 1.03284e-10 0.00948958 0.00882616 0.00251359 9.72547e-06 9.79662e-06 0.000525525 0.00417395 
0.0170406 0.000977946 0.00124005 0.0555176 0.000343819 0.000160939 0.00423481 0.0037343 0.328191 0.0273897 0.000797756 0.00165885 0.0591967 0.0497512 0.00425765 0.223288 0.00269089 0.000821832 8.39016e-05 0.0231533 0.0730409 0.00444764 0.00454433 0.000537113 0.0158047 0.097094 
0.00175892 4.35342e-08 2.97373e-08 0.0354466 0.000300293 3.56728e-05 0.00166486 0.00061009 0.875067 0.00161508 2.06814e-07 8.55214e-05 0.0120411 0.000556283 0.00106137 0.059238 3.55257e-05 4.32771e-08 1.61295e-06 0.000536967 9.7918e-05 9.98978e-07 1.43386e-08 4.50743e-08 0.000321107 0.00952422 
0.0112516 5.65988e-06 9.35681e-05 0.00121398 0.0202604 1.53844e-06 0.0339905 0.000571137 0.587141 0.00932916 6.5118e-07 0.000445828 0.0173493 0.0221005 0.000934579 0.000136806 8.1615e-06 9.84499e-07 9.39681e-05 0.0221486 0.0266628 0.000488296 5.76412e-06 0.00165389 0.0102816 0.23383 
0.0460167 2.46059e-05 0.00257292 0.0282442 0.000181857 2.15357e-05 0.0135552 0.0190771 0.19849 0.127354 6.84165e-05 0.0195344 0.146617 0.117828 0.00563131 0.125694 9.95997e-05 0.00120347 2.56853e-05 0.0457912 0.0364877 0.006329 0.000868504 0.000711631 0.0136438 0.0439282 
0.0601986 0.000219558 0.0149323 0.0985281 0.00356453 2.9539e-07 0.00505812 0.00410972 0.481583 0.0480812 5.09268e-06 0.02737 0.0755971 0.0238201 0.0188513 0.00625841 2.90148e-08 1.53408e-05 0.00237073 0.0424132 0.00456909 0.00266232 8.45873e-05 3.61047e-05 0.0171127 0.0625586 
0.0589672 1.9577e-06 0.0260105 0.0826528 0.00322325 1.62643e-05 0.00721632 0.0751492 0.328337 0.184531 3.87746e-06 0.000996525 0.0461894 0.0148483 0.000281941 0.0167576 3.01306e-06 2.59839e-05 4.33768e-10 0.020348 0.0129146 0.00544591 3.75657e-05 7.66532e-05 0.00141966 0.114545 
0.0087623 4.31749e-06 3.95873e-07 0.138077 0.00311006 3.80234e-05 0.00504457 0.0022991 0.555824 0.0280374 0.000669312 0.00104703 0.0341288 0.07646 0.00570177 0.0371718 9.04039e-06 5.77609e-05 0.0265684 0.0232315 0.0110428 0.00132282 3.38077e-06 0.000181365 0.00394641 0.0372604 
0.0277572 1.59813e-05 0.00239841 0.231053 0.000288628 0.000192601 0.00398662 0.00932607 0.2669 0.0462472 0.00518034 0.000153644 0.121736 0.016865 0.0199844 0.0905269 3.02461e-06 3.83007e-06 2.15329e-06 0.0496788 0.062703 0.000291576 0.000130617 0.0004253 0.000752562 0.0433961 
1.53884e-06 1.78629e-09 1.22018e-09 0.428178 5.79467e-07 1.44087e-08 3.39497e-07 5.69167e-07 0.541841 4.26655e-06 1.17453e-09 0.000223449 0.00922849 5.13117e-06 5.28399e-05 0.0131243 6.17454e-07 1.03662e-06 6.61731e-05 2.17669e-06 0.00561803 1.02796e-06 7.24301e-06 6.38344e-06 1.81194e-06 0.00163558 
0.172937 0.000207657 0.000249587 0.090545 3.68578e-05 3.38698e-05 0.0105812 0.00361213 0.254115 0.0487872 6.77865e-07 3.42542e-09 0.0500069 0.0166924 0.0856213 0.0362004 4.07503e-05 1.77421e-06 3.09563e-06 0.0659982 0.0554543 0.0512983 0.0227048 1.02738e-06 0.0112222 0.0236485 
0.0132058 5.80765e-05 0.00339948 0.089949 0.000523697 4.62172e-07 0.00423899 0.000673841 0.325161 0.0231061 2.68535e-09 0.00817966 0.121692 0.0393445 0.0967892 0.125398 3.98352e-05 0.00557322 3.09237e-06 0.0203492 0.019603 0.0135982 0.00325036 1.95223e-05 0.00257567 0.0832678 
0.0956095 0.000487009 0.0155478 0.0423878 0.00150484 0.00011574 0.189565 0.00568535 0.216365 0.141028 3.0822e-05 2.5862e-05 0.0493267 0.00990546 0.00431014 0.0256677 3.25527e-05 3.47902e-05 0.00129461 0.10271 0.00756416 0.00175917 0.000142385 0.000173031 0.000367884 0.0883581 
0.0560831 3.35968e-07 0.000373601 0.0837562 0.000873609 1.48104e-05 0.00460304 0.0017011 0.356588 0.0318638 8.88712e-06 5.25485e-06 0.136145 0.00785212 0.000633041 0.0603718 2.40655e-07 1.1243e-05 9.31381e-08 0.0214532 0.191524 0.000105215 0.000262277 5.22025e-05 0.000529728 0.0451875 
0.00716619 0.00707317 8.12069e-05 0.0680513 0.00806347 0.000144073 0.00209036 0.00521145 0.651425 0.0112345 0.000557899 0.00567042 0.020106 0.0141844 0.0202774 0.0848402 3.80713e-05 0.00311577 0.000146232 0.0303379 0.0163651 0.00413488 0.00432462 4.76646e-06 0.0115864 0.0237696 
0.0589672 1.9577e-06 0.0260105 0.0826528 0.00322325 1.62643e-05 0.00721632 0.0751492 0.328337 0.184531 3.87746e-06 0.000996525 0.0461894 0.0148483 0.000281941 0.0167576 3.01306e-06 2.59839e-05 4.33768e-10 0.020348 0.0129146 0.00544591 3.75657e-05 7.66532e-05 0.00141966 0.114545 
0.000117797 2.73848e-05 0.000799949 0.114977 2.66701e-05 6.87919e-05 0.00017031 0.0148724 0.655001 0.0213264 5.07438e-08 1.57428e-05 0.00767967 0.00180282 0.0174065 0.0100115 2.19056e-09 2.48907e-09 7.83732e-07 0.0179535 0.000381913 0.0310805 3.46248e-06 3.03431e-06 0.000112704 0.10616 
0.0114164 7.89508e-05 0.000456285 0.00314618 9.92944e-05 1.01928e-07 0.00221377 7.70173e-06 0.548002 0.0148404 4.31436e-08 0.115089 0.0310266 0.00288859 0.0692514 0.0542523 5.81559e-06 0.00120876 0.000311782 0.000942034 0.000188082 0.00414174 4.53164e-05 9.06323e-06 0.000184477 0.140194 
5.00486e-05 1.24705e-05 3.74578e-05 0.0627791 0.00030136 1.26496e-05 0.00137779 0.000170186 0.507215 0.112891 7.5033e-09 0.0023026 0.0373864 0.00394929 0.00845587 0.124189 2.00677e-07 1.78684e-05 9.91495e-11 0.00327087 0.0622012 0.000512078 0.00016913 2.28216e-05 0.00407005 0.0686054 
0.135584 1.50678e-06 0.0457541 0.00634302 0.0215222 2.26664e-06 0.0412923 0.00843012 0.320249 0.00304175 3.80873e-09 0.000300191 0.102643 0.0196248 0.0315264 0.00793208 5.06771e-09 0.00401364 5.29303e-07 0.0361815 0.00219998 0.0037431 5.17787e-06 0.000472997 0.0880071 0.12113 
0.041153 1.88955e-06 4.18132e-07 0.118098 0.00018765 8.21827e-06 0.000336628 0.000885943 0.524843 0.0359478 0.000580356 0.00050115 0.0333105 0.00158478 0.000762106 0.152246 0.0147508 4.18183e-05 0.000590051 0.000142987 0.00405122 0.0209762 1.76487e-05 5.5934e-05 0.00713956 0.0417862 
0.0152572 0.158642 0.00348519 0.0982725 6.90988e-05 1.67877e-05 0.00139234 0.0136396 0.178811 0.0696264 8.18752e-08 0.00012447 0.0300466 0.0510073 0.00101241 0.105066 6.24726e-05 0.000614718 2.6464e-06 0.162776 0.0209623 0.00597421 0.000760306 0.0242257 0.0120902 0.0460623 
0.044207 0.00119361 7.71809e-06 0.0912642 0.0015883 2.35488e-06 0.00333415 0.00142028 0.27165 0.0125379 0.00251014 0.0044914 0.0469382 0.0605553 0.119664 0.0651531 1.58357e-06 2.3585e-05 2.51313e-07 0.0354222 0.0650942 0.00151099 8.88506e-06 0.000144057 0.000793948 0.170483 
0.00854065 5.96963e-05 0.0963217 0.0293258 0.000831083 0.00361364 0.00269939 0.00100912 0.646437 0.0179517 1.98097e-05 3.04855e-06 0.0231354 0.0149881 0.00374836 0.0147388 5.27527e-07 9.74824e-06 1.01057e-09 0.0069887 0.0023266 0.000271309 0.00290455 0.000120716 0.00908988 0.114865 
0.0588146 2.76255e-08 0.000317734 0.0981119 0.00112413 1.71638e-06 0.0340762 0.00178436 0.364697 0.00247992 1.81645e-08 0.000703455 0.297648 0.0283419 0.00138808 0.0152027 0.000142208 0.000102318 9.65227e-05 0.0575276 0.0232848 0.00356483 0.000438612 1.42538e-05 0.000466624 0.00967028 
0.000779483 0.00639557 7.50913e-06 0.019556 3.64232e-09 9.0084e-07 0.00499874 0.00168352 0.472591 0.00947995 0.202741 2.19431e-06 0.0729066 0.00199449 0.025223 0.102532 5.4049e-09 1.27595e-06 1.995e-06 0.0130886 0.00266846 1.43297e-05 1.43647e-05 6.39648e-09 0.000259125 0.0630607 
2.15455e-06 0.000199565 6.48349e-05 0.126897 0.000257148 2.35859e-05 0.0532414 0.000106477 0.406209 0.0158012 4.68046e-08 0.00229727 0.0338077 0.0153892 0.0125418 0.164418 6.22759e-08 7.07624e-08 8.96567e-08 0.0178355 0.0117523 0.000972451 1.19469e-08 1.77926e-05 8.79339e-06 0.138157 
0.0177878 0.000137247 0.000544018 0.0279257 0.00810925 2.53023e-05 0.0219155 0.00232285 0.217029 0.0357188 5.94773e-07 4.33161e-06 0.170657 0.0165755 0.131253 0.10488 1.73835e-05 0.00060071 0.000160278 0.0325378 0.0428442 0.00453577 4.59255e-05 0.00025461 0.000830447 0.163287 
0.0388427 5.57613e-05 0.0669743 1.02194e-08 0.00115929 2.27048e-10 0.000711543 8.40409e-05 0.160233 0.0717369 4.16239e-08 0.00074942 0.075909 0.0908394 0.000666825 0.0767661 1.17291e-05 0.000579502 0.108704 0.0138868 0.0865755 0.03218 0.00128934 2.39602e-07 0.094626 0.0774188 
0.149814 0.000115707 0.00157717 0.118162 4.97198e-05 2.91208e-05 0.00465593 3.85264e-05 0.210219 0.1949 0.0067502 0.000113575 0.0199552 0.0710451 0.0065296 0.064883 0.000107399 2.36827e-06 1.52965e-05 0.0136509 0.0188301 0.00334885 3.43127e-05 0.000706866 0.00832406 0.106141 
0.0167142 0.000410232 2.34948e-07 0.069758 0.00153576 5.95235e-09 0.0148534 0.000138902 0.20645 0.00530936 3.10897e-07 2.39825e-09 0.0154675 0.183398 0.0916249 0.0363378 0.00040267 0.000530592 8.72362e-07 0.108648 0.00076798 3.201e-05 0.132464 0.000262144 0.00299233 0.111902 
0.0042129 0.000272419 2.87328e-05 0.316223 0.00010989 6.47158e-06 0.00423083 1.57804e-05 0.407447 0.0445653 0.00295952 0.00116339 0.00973862 0.00800138 0.00612524 0.164982 1.32707e-08 3.55218e-06 0.000333522 0.00154838 0.00579676 0.00283475 1.89375e-05 4.68231e-06 0.00139838 0.0179777 
0.00062916 2.09022e-09 1.42779e-09 0.191385 5.06681e-05 2.56177e-06 0.000253411 0.00041715 0.662259 0.0112074 4.07546e-08 3.93633e-06 0.0057502 2.00966e-05 0.0466439 0.0665415 1.82868e-09 2.07788e-09 2.63269e-09 0.00564687 0.00904718 2.20505e-06 3.50811e-10 2.16417e-09 6.09118e-10 0.000139459 
0.0146773 2.13765e-06 0.000685838 0.0202175 4.0015e-05 5.2688e-06 0.00536943 0.0184832 0.558179 0.0318158 0.00100462 0.00108341 0.0978346 0.0372194 0.0114738 0.0348696 1.95809e-06 0.000825559 0.000132087 0.0211951 0.0233541 0.00326501 1.7332e-05 4.2103e-07 0.0372182 0.0810293 
0.00360785 0.000173979 9.1521e-05 0.190163 0.000166024 2.88542e-05 0.00165889 0.00873938 0.359895 0.0173774 8.85641e-06 0.00449217 0.0677792 0.0203827 0.0439514 0.0579251 6.96134e-06 1.27009e-05 0.000253676 0.0124922 0.0398318 0.00487741 0.000375353 0.000361763 0.000618983 0.164727 
0.0128733 3.47455e-05 0.00156641 0.0631864 0.00845937 0.000256983 0.0156894 0.00458297 0.541261 0.00701326 3.37899e-09 0.00194131 0.0277725 0.172589 0.00526072 0.0527968 1.01817e-06 1.54029e-05 0.00260908 0.0261931 0.00185155 0.00199831 0.00448991 3.51521e-05 0.00785582 0.0396665 
0.0454905 7.6596e-05 4.69517e-07 0.0666734 1.85922e-05 8.48167e-09 0.00353244 0.010246 0.569946 0.0085749 6.41352e-05 1.3363e-05 0.0265148 0.0605527 0.0742972 0.0551092 3.30035e-06 9.04517e-05 9.96469e-07 0.0502204 0.00162977 0.0036305 9.46962e-08 1.39072e-05 0.00192718 0.0213734 
0.135584 1.50678e-06 0.0457541 0.00634302 0.0215222 2.26664e-06 0.0412923 0.00843012 0.320249 0.00304175 3.80873e-09 0.000300191 0.102643 0.0196248 0.0315264 0.00793208 5.06771e-09 0.00401364 5.29303e-07 0.0361815 0.00219998 0.0037431 5.17787e-06 0.000472997 0.0880071 0.12113 
0.0539775 5.80941e-11 3.96829e-11 0.0738885 3.42506e-11 9.0245e-11 0.00115768 2.9863e-08 0.851992 8.30164e-08 7.67786e-09 2.58197e-07 0.00548896 0.00705196 1.00485e-06 0.0040989 3.81237e-07 3.58115e-07 7.31711e-11 3.03182e-12 2.66269e-07 0.0023412 1.171e-08 6.01493e-11 5.92698e-08 3.38665e-07 
0.0314952 0.000209115 0.33224 3.03823e-08 1.14215e-07 2.85222e-05 2.91509e-05 1.63614e-05 0.332682 0.076984 1.2738e-07 1.21251e-07 5.73593e-05 4.36079e-05 0.0883397 0.137307 1.69485e-07 0.000123212 2.44003e-07 2.46609e-05 0.000202817 2.37785e-05 3.25138e-08 0.000171767 5.64542e-08 2.07919e-05 
0.240608 1.19886e-06 2.92682e-06 0.0116174 0.000109178 4.47237e-07 0.00640019 0.000857218 0.279381 0.123977 1.13196e-05 0.122041 0.00901569 0.0509894 0.00140485 0.0326163 1.42313e-06 2.91299e-06 6.49604e-08 0.00252482 0.00356622 0.00119095 0.000112862 2.16525e-06 0.00369344 0.109872 
0.157205 5.31119e-06 0.00447183 0.0218776 0.00641174 2.52536e-05 0.0207294 0.0155416 0.230282 0.0824613 2.5528e-06 0.0432631 0.117291 0.0133848 0.0637154 0.0317097 1.57793e-06 6.89045e-05 3.13343e-06 0.0814823 0.00563842 0.00196806 3.01622e-05 9.15905e-05 0.00663383 0.0957041 
0.029774 3.93116e-05 0.000858634 0.0274615 0.000115602 4.03348e-06 0.010104 0.000635676 0.391217 0.144028 3.13492e-06 0.00560566 0.141069 0.0667677 0.00441446 0.068231 6.61597e-08 0.00286551 1.92044e-05 0.0380703 0.011248 0.0167305 0.000247983 4.96906e-06 0.0032632 0.0372221 
0.00166529 1.37419e-05 9.85925e-06 0.00591922 1.13886e-09 8.32327e-06 3.77472e-06 0.000238117 0.483485 0.132917 1.27013e-09 0.00314568 0.234007 0.000916451 0.000291332 0.0941594 1.68998e-09 1.92028e-09 1.21799e-06 0.0391721 0.00121752 0.000267248 3.24203e-10 7.97702e-05 4.38271e-05 0.00243821 
0.0548798 2.23914e-05 6.3868e-06 0.37109 5.9846e-07 3.59505e-07 0.00221092 1.34053e-05 0.381986 0.0562573 1.77283e-07 1.73508e-08 0.00894381 0.000404303 1.98664e-05 0.107164 1.3543e-05 3.11663e-06 3.49164e-08 0.00237154 0.00767709 7.38874e-06 4.65268e-09 1.54275e-06 0.000371516 0.00655534 
0.0295767 0.000120271 3.22663e-05 0.0397654 0.000496574 1.63827e-08 0.000944055 0.0180842 0.568225 0.0116162 3.66481e-08 0.0408839 0.225414 0.0119351 0.000431364 0.00516777 9.22655e-09 2.16464e-05 5.48135e-05 0.0198444 0.00112561 0.0178536 9.90315e-06 9.37404e-05 0.00393747 0.00436588 
0.0448022 0.000301409 0.00278167 0.0503251 0.00215977 0.000203739 0.0033821 0.00776409 0.61767 0.0395554 0.00124057 0.00193993 0.053018 0.0448439 0.00493297 0.0272689 3.84541e-05 0.000578313 0.000447015 0.0213524 0.0130233 0.00453751 0.000585479 0.000531149 0.0114514 0.0452652 
0.011178 0.00491976 0.0135145 0.0923145 0.00250593 8.18733e-05 0.00691153 0.00322336 0.220129 0.0631217 7.9804e-06 0.00276303 0.064995 0.134104 0.0592326 0.0676453 6.68737e-06 0.000330579 4.57867e-05 0.0361098 0.071503 0.00338166 0.00943628 0.000183137 0.017619 0.114736 
0.0212074 9.38664e-06 0.00115764 0.0989878 2.66442e-05 4.04883e-06 0.000820222 0.000537781 0.766288 0.00872431 1.01232e-05 0.00170147 0.0202291 0.0263243 0.0093479 0.0167331 2.55409e-05 2.4444e-05 0.00306261 0.0122228 0.00259698 0.00135669 7.07387e-05 4.84134e-06 0.00360199 0.00492422 
0.0560888 0.000166372 0.00324982 0.082816 0.000136575 6.95611e-05 0.0005277 0.00930659 0.34735 0.00963896 2.63702e-06 0.00155247 0.0801387 0.070076 0.000752333 0.0727231 8.46063e-06 0.00526756 0.000139928 0.039943 0.191782 0.00389577 0.000522694 0.00499103 0.00918657 0.00966765 
0.00787815 1.79484e-07 0.00315813 0.0964233 0.000340007 0.000673374 0.00274139 0.00142764 0.466185 0.170303 1.53971e-08 0.00204463 0.00595773 0.00990567 0.0156848 0.120076 6.95073e-10 7.89793e-10 8.38497e-05 0.0110541 0.00933037 0.00211449 1.02951e-06 0.000400578 0.000886454 0.0733305 
0.0155405 0.000142008 0.000270972 0.0361542 0.000208364 3.29945e-05 0.00459868 0.00114899 0.630704 0.0568858 3.11297e-05 0.000198631 0.0242611 0.0769927 0.00705533 0.041703 4.73711e-06 0.000680716 0.000185274 0.0146029 0.00455632 0.00360394 0.00349203 0.000414562 0.00482717 0.0717036 
0.00748022 1.02669e-05 1.79979e-05 0.0360701 0.0747209 0.000340101 0.00166324 0.0107514 0.505145 0.0800497 7.38976e-07 0.00219462 0.0635265 0.0181861 0.00150837 0.0524313 1.34324e-05 1.05346e-05 1.08532e-05 0.0431274 0.00511512 0.00181129 0.0150626 0.00153527 0.00223947 0.0769778 
0.0186024 0.000117573 0.00123498 0.122279 0.000370764 3.97637e-05 0.00969925 0.00560788 0.586482 0.00163584 1.53288e-05 0.00154333 0.0357828 0.042555 0.0265677 0.0637804 2.01513e-05 0.000190139 7.41663e-08 0.0476395 0.0144269 0.0036752 8.64211e-06 3.70754e-06 0.001949 0.0157722 
0.00603933 0.000328466 0.000260481 0.141567 9.09223e-05 1.88947e-07 0.00085983 0.000358216 0.362255 0.0558545 4.87868e-09 0.0405288 0.0654639 0.157738 0.0585744 0.0264023 0.000204993 3.12755e-07 3.01431e-06 0.00227703 0.00915242 0.0053354 2.86764e-05 2.43506e-05 0.00305595 0.0635969 
0.195166 1.31971e-06 1.57915e-05 0.0380234 0.0296799 3.25609e-05 0.00101244 0.00546672 0.605582 0.0280554 2.84741e-08 0.000140274 0.00416352 0.0154699 0.0104608 0.0117657 1.61092e-06 1.46165e-05 5.45438e-08 0.0238367 0.00929307 5.55581e-05 1.53794e-05 1.1667e-05 0.00271083 0.0190251 
0.00842738 3.73862e-07 1.04673e-05 0.059858 0.124 0.000648616 0.000751753 0.0137017 0.594766 0.0271333 1.39053e-06 0.00351575 0.0300349 0.00571139 0.00267853 0.039534 5.3723e-08 1.96854e-05 2.06408e-05 0.0447556 0.00381233 0.000813264 0.000268364 0.0023164 0.000540939 0.0366787 
0.0191946 0.000297512 1.00734e-05 0.0431778 0.000295257 3.09392e-06 0.00261049 0.00262687 0.780859 0.0283296 4.57929e-09 0.000103614 0.0325133 0.0314551 0.000380507 0.0173174 1.23825e-05 0.000127576 8.77188e-09 0.0102785 0.0074488 0.000572151 0.000149422 6.47185e-05 0.000432625 0.0217397 
0.0440093 1.9739e-05 0.000862986 0.118958 0.000166708 0.00170724 0.00140212 0.0081899 0.394374 0.040439 7.12884e-05 0.00133052 0.191758 0.0260144 0.00582045 0.0839983 1.09842e-05 0.000720984 0.000249244 0.015198 0.0191245 0.0160442 0.000354298 5.76217e-05 0.00416455 0.0249539 
0.0351384 6.23985e-07 0.000663665 0.0434843 0.00395257 7.96965e-05 0.0127398 0.000106726 0.686778 0.0101643 1.80904e-08 2.11657e-05 0.0288885 0.00753351 0.0255931 0.0353015 8.18625e-06 9.20439e-06 0.000794248 0.00708939 0.00927212 0.00242107 2.57585e-07 0.000516757 0.00653109 0.0829114 
0.0525922 7.68969e-05 0.0010177 0.0399256 0.0002169 6.92219e-06 0.0039544 0.000366028 0.739438 0.0186951 9.11898e-05 0.00203359 0.0346717 0.0367454 0.00191276 0.0243362 0.000118205 0.000125042 0.000378935 0.0226308 0.00538818 0.00387478 2.15202e-05 0.00040171 0.00623429 0.00474567 
0.0170221 7.10343e-05 0.00525238 0.020773 6.89369e-05 5.24301e-08 0.000959941 0.014767 0.365763 0.0297924 2.15814e-07 0.00281777 0.100845 0.0225383 0.0841888 0.131643 2.21844e-05 0.00010007 3.96494e-06 0.0076462 0.0282507 0.0018291 6.50732e-05 3.33396e-06 0.000434602 0.165142 
0.0139129 0.000210962 9.97702e-05 0.085953 0.000365959 7.18252e-05 0.00438947 0.0123241 0.50559 0.0329714 1.23974e-06 0.00566405 0.055077 0.0349463 0.00226713 0.0605052 6.41237e-07 1.60689e-05 3.30471e-05 0.0463259 0.082619 0.00823082 1.51466e-05 8.3921e-06 0.0115586 0.0368421 
0.000173129 0.00338755 5.37897e-05 0.0145697 1.01032e-06 3.05743e-07 2.41381e-05 5.10093e-05 0.936743 6.89925e-06 4.56683e-06 1.39087e-05 0.0119677 0.019056 0.000769406 0.00728465 2.069e-06 3.42728e-05 3.91433e-07 0.000153689 0.000286503 0.000673841 0.000852821 1.90447e-06 0.000941425 0.00294679 
0.0152281 0.000218791 0.000254971 0.0129201 0.000947733 3.24108e-06 0.00429895 0.0133867 0.322902 0.0661629 0.000229359 0.000398212 0.172633 0.0483281 0.0363158 0.117936 3.05496e-05 0.000273506 0.000101351 0.0192035 0.043213 0.000943155 2.06976e-05 3.52529e-05 0.000887969 0.123127 
0.00709086 0.000111122 1.7214e-06 0.066776 0.00013399 0.000110405 0.00166427 0.0054728 0.439337 0.01241 1.17107e-05 0.0149881 0.0334211 0.00227243 0.332954 0.0259645 2.18792e-08 0.000190517 1.64309e-06 0.00501108 0.0173645 0.00528936 6.22058e-05 4.28066e-07 0.000263896 0.0290964 
0.0559939 0.000476762 0.00348506 0.093474 0.000818938 0.000563056 0.0103662 0.00481574 0.180636 0.136846 0.00242764 0.00906345 0.179205 0.0486979 0.0122519 0.0791044 3.51417e-05 0.00318587 8.83914e-05 0.0313268 0.0303318 0.0180866 0.00069975 0.000238087 0.0114833 0.0862979 
0.0147306 0.000259645 0.00533438 0.198243 9.27497e-05 1.25256e-05 0.0101307 0.000256507 0.378432 0.0144759 1.56095e-07 0.0192017 0.0192247 0.00556676 0.0705492 0.0535979 1.26049e-05 2.66751e-06 1.27008e-05 0.0833313 0.017408 0.0179333 9.77354e-05 0.0160739 0.0025038 0.0725155 
0.00243482 1.72786e-05 0.000235645 0.314468 2.1703e-05 2.09184e-06 0.00199639 0.00539397 0.496213 0.000125405 3.89898e-06 8.42821e-07 3.91537e-05 0.0650823 0.0089651 0.0167261 7.57449e-06 9.6915e-06 5.54449e-06 0.0777033 0.000194672 0.00977009 2.84499e-06 0.000545282 2.01083e-05 1.54246e-05 
0.010001 9.59088e-05 1.23164e-06 0.00958436 8.21499e-05 9.30066e-08 0.0182452 0.00106108 0.222498 0.0459458 2.9547e-06 0.00345707 0.147364 0.00205659 1.2895e-06 0.205843 3.60161e-06 3.4687e-07 7.0106e-06 0.000991555 0.150115 6.84383e-06 0.0707979 5.10916e-07 0.00114438 0.110693 
0.0337469 0.00201462 0.0178281 0.0602363 0.000600086 0.000507569 0.00848329 0.00381439 0.18866 0.0486699 4.33539e-05 0.00175314 0.123828 0.0749522 0.0160118 0.177438 1.89973e-05 0.00246237 7.91184e-05 0.0907183 0.051864 0.00714962 0.00698432 0.000710016 0.00801838 0.0734081 
0.240063 0.00158248 2.14453e-05 0.00092556 1.85095e-05 4.87698e-05 0.00144747 0.00239496 0.574505 0.000826649 2.0643e-05 0.0516516 0.0706481 0.00216189 1.32445e-05 0.000685723 2.74666e-05 0.000719147 0.0100482 0.000525932 0.00658446 1.011e-05 0.000181489 3.25056e-05 0.0322337 0.00262133 
0.000791057 1.73841e-05 3.02205e-07 0.0782091 1.27863e-06 6.20632e-10 0.000427058 0.0185607 0.81671 0.00675202 2.62698e-10 0.0106322 0.00661707 0.00236521 0.00869267 0.00896982 2.38723e-06 6.25881e-05 5.03212e-10 0.0148773 0.000235969 3.48352e-05 2.27809e-08 4.58799e-06 5.99958e-06 0.0260303 
0.00198037 5.1558e-12 3.00518e-08 0.32495 0.000840556 0.000399094 0.000226644 0.00380198 0.448327 0.0665863 2.61877e-09 9.15037e-06 0.0214389 0.000242548 0.00266562 0.108575 4.51066e-12 8.55194e-09 6.49386e-12 0.00266359 0.00755977 8.71481e-08 8.24641e-09 1.44579e-06 0.000118337 0.00961433 
0.00489319 0.000209681 0.000784949 0.127068 0.000922202 0.000284155 0.000191841 0.00851488 0.487321 0.0519931 7.27055e-09 0.00871607 0.0687928 0.0668821 0.0289525 0.0777634 2.79998e-07 3.09194e-05 3.07329e-05 0.00663938 0.00580438 0.011277 3.1001e-05 0.000544148 0.00384426 0.0385079 
0.0472306 0.000601273 0.000490026 0.0664506 0.00428657 7.80956e-05 0.0115259 0.00289826 0.364672 0.0417249 8.24008e-05 0.000678315 0.271835 0.0481262 0.0145874 0.0262958 0.000383395 0.000906928 0.000215111 0.0359252 0.0240885 0.00475604 0.00013607 0.000741109 0.0040111 0.0272726 
3.41238e-06 8.42395e-10 2.49627e-06 0.00683949 0.000818122 1.3086e-09 0.00397655 0.000204834 0.527842 0.0483693 5.53897e-10 1.63867e-07 0.0158083 0.165037 0.00204654 0.0573093 1.89785e-07 8.37419e-10 0.00100246 0.000439817 0.00169054 0.0208959 1.14424e-05 7.84307e-08 2.57972e-07 0.147702 
0.0140355 8.87122e-05 0.000244066 0.0319979 0.00138908 7.78421e-05 0.00233078 0.0132365 0.711453 0.0427021 2.69786e-05 0.000188412 0.06411 0.0391772 0.00228767 0.0293043 1.40621e-05 0.000194734 0.000382678 0.00947635 0.00630331 0.00627505 0.000303051 0.000305174 0.00359483 0.0205007 
0.00408655 5.24628e-06 3.58363e-06 0.00773496 3.09305e-06 8.14972e-06 0.00429975 5.86138e-07 0.972465 3.30246e-07 3.44957e-06 3.28359e-06 3.82029e-07 6.35154e-07 0.00664193 0.00247055 4.58983e-06 5.2153e-06 6.60784e-06 0.00013717 0.00193989 0.000170634 8.80505e-07 5.43188e-06 1.52883e-06 4.93279e-07 
0.0044036 1.32379e-05 0.000170027 0.0453711 0.000400892 3.11673e-06 0.0241843 0.0204488 0.386485 0.039292 0.000119847 0.0155734 0.0324516 0.0165918 0.00964584 0.312961 2.66774e-06 5.26702e-05 8.34376e-08 0.0180198 0.0199479 0.00217676 2.60605e-06 1.86593e-05 0.00174335 0.0499199 
0.109795 5.74888e-08 0.00099178 0.156141 0.00246033 0.00121763 0.0241883 0.0165637 0.332026 0.0535578 4.7619e-07 0.000373477 0.0138427 0.000617225 0.000548806 0.0776373 9.94634e-05 9.08024e-06 0.000178275 0.014406 0.000252453 0.00154701 8.82895e-06 0.00078991 0.116516 0.0762316 
0.187856 3.07226e-05 0.00111773 0.00801927 0.224683 3.19303e-05 0.000873142 0.00128204 0.318438 0.0215193 0.000212973 7.55916e-05 0.0878571 0.0225385 0.0191878 0.0140633 1.48507e-05 1.78887e-05 7.32259e-05 0.00919445 0.00250865 0.00147285 0.000325449 1.16119e-06 0.0435596 0.0350453 
0.00781021 4.83719e-05 0.00212971 0.119499 0.00279077 9.9669e-07 0.00141111 0.00376964 0.334299 0.123202 6.80784e-07 0.00204603 0.108423 0.0386356 0.118443 0.0468525 1.95163e-07 0.000130073 1.05408e-10 0.0193302 0.0077315 0.00357234 6.32182e-05 0.000166798 0.00128938 0.0583549 
0.0718269 2.51138e-05 0.00270141 0.0110887 0.00777604 3.74815e-05 0.0378012 0.00161164 0.261885 0.0745202 0.000153855 0.000974021 0.17295 0.00191486 0.00269149 0.0414427 3.22576e-05 6.66355e-05 1.52328e-05 0.152859 0.00611134 0.000595761 2.76808e-05 0.0022235 0.0835933 0.0650747 
0.0100972 7.02942e-06 0.000185342 0.00739911 0.000658561 1.55001e-05 0.00972471 0.0106934 0.49783 0.0803639 4.46027e-08 0.000103083 0.10049 0.0209162 0.000962356 0.127209 1.1478e-05 0.000101594 4.17868e-06 0.0511513 0.00720268 0.00529989 4.43531e-05 5.28453e-06 0.0140187 0.0555053 
0.0226025 0.000324512 0.00213406 0.125118 0.00259685 4.62149e-06 0.00251183 0.0138149 0.413576 0.0282268 0.0156103 9.58752e-05 0.100214 0.0719988 0.00440426 0.077082 5.66002e-06 1.59008e-06 5.88602e-05 0.0178564 0.0198631 0.00185172 3.68075e-06 1.22295e-05 0.0125951 0.0674363 
0.0453208 3.36346e-05 0.0076738 0.0414244 0.00160223 0.00108494 0.00249313 0.00351926 0.709261 0.0214452 0.000856692 0.00126899 0.0622495 0.0200547 0.00739938 0.0183793 6.59467e-05 0.000214007 0.0011869 0.0201451 0.0112606 0.00407336 2.24421e-05 0.00137241 0.00302885 0.0145638 
0.00881363 0.00477226 0.000632536 0.000161071 0.000727494 0.0010424 0.0062792 0.0477845 0.404444 0.0859538 8.63612e-05 3.13344e-05 0.0259009 0.00118517 1.15905e-07 0.114992 5.9751e-05 2.7312e-07 0.000167575 0.144845 0.00385062 0.00222645 3.99707e-05 2.84462e-07 0.00118767 0.144816 
0.0349869 9.42586e-07 6.73296e-05 0.0855575 0.000169014 3.3259e-05 0.110393 0.0608651 0.149422 0.106011 4.89288e-09 0.00235789 0.067547 0.0626334 0.00182527 0.0211784 6.51024e-09 0.000370505 0.000225302 0.0475677 0.118819 0.003209 0.000108623 0.000374324 0.0031093 0.123168 
0.000779483 0.00639557 7.50913e-06 0.019556 3.64232e-09 9.0084e-07 0.00499874 0.00168352 0.472591 0.00947995 0.202741 2.19431e-06 0.0729066 0.00199449 0.025223 0.102532 5.4049e-09 1.27595e-06 1.995e-06 0.0130886 0.00266846 1.43297e-05 1.43647e-05 6.39648e-09 0.000259125 0.0630607 
0.00122976 0.000867341 0.000984714 0.0499324 6.07102e-05 0.000155712 6.34453e-05 0.00426501 0.680323 0.0780238 1.11245e-10 0.000175667 0.0222696 0.00753433 6.2088e-05 0.0092996 4.6488e-08 1.01983e-06 5.2135e-08 0.00296574 0.0715366 0.0230594 0.000837842 3.29929e-05 0.00104883 0.0452704 
0.265657 2.24967e-06 3.8498e-05 0.100268 0.0030896 1.36749e-05 0.0070112 0.0170488 0.307426 0.0357776 4.63791e-08 0.00360433 0.0298128 0.0453251 0.00836958 0.0204927 0.00010062 0.000194077 3.50363e-05 0.0809183 0.0166161 0.0109135 3.14593e-05 5.91165e-06 0.0157695 0.0314772 
0.00442244 6.58156e-08 4.21184e-05 0.224976 0.0463792 1.58855e-08 0.000252563 0.00069017 0.323074 0.121009 1.43557e-11 6.69031e-05 0.0248148 0.0209104 0.0030922 0.095232 1.91011e-11 3.55654e-08 2.74992e-11 0.00771034 0.0714674 0.00535231 3.40333e-05 1.95923e-06 0.0116924 0.0387799 
0.0286291 0.000150329 7.65562e-07 0.0179684 2.86056e-05 0.000601318 0.00130699 0.0299491 0.613353 0.0114111 7.36923e-07 7.01466e-07 0.0174658 0.0988636 0.0665362 0.0114474 1.58049e-05 0.000170235 3.43293e-05 0.00208563 0.00170001 0.000327492 7.50373e-05 0.00315623 0.00193112 0.0927907 
0.00226391 2.8601e-06 2.01023e-09 0.136433 3.15746e-06 0.00011343 0.000119516 4.93763e-05 0.694219 0.00873211 3.71238e-08 0.0024646 0.0723343 0.000235368 0.00319678 0.0397501 9.87288e-07 2.92552e-09 3.38429e-06 0.002894 0.000338734 0.031045 1.50252e-08 3.04701e-09 0.000415698 0.00538489 
0.0263998 9.02294e-06 0.00271326 0.0910223 0.000180843 1.05267e-07 0.000679108 0.016706 0.323837 0.0209694 0.000247193 0.00659757 0.0465604 0.255623 0.00357985 0.0728201 8.36862e-06 7.99148e-05 0.002831 0.0101703 0.0184295 0.0628789 1.64393e-05 1.88782e-05 0.016483 0.021139 
0.168989 6.41962e-08 4.30823e-05 0.0118102 5.77263e-05 9.97241e-08 0.0631064 0.00138608 0.484053 0.0760684 4.22106e-08 8.6366e-05 0.066511 0.0128466 0.000342374 0.0325085 5.61634e-08 3.83942e-05 8.08568e-08 0.061088 0.000491906 0.000407271 6.8868e-05 6.64672e-08 0.000878807 0.0192178 
0.101509 0.000165684 0.00839843 0.0215589 0.00522306 0.000111422 0.0297676 0.00419941 0.372151 0.24566 8.47564e-06 7.55628e-05 0.0363955 0.00621353 0.00983628 0.0219893 5.56639e-06 4.95727e-05 0.00148055 0.0428805 0.00576995 0.00263927 8.92543e-06 0.000200599 0.000403378 0.0832992 
0.082271 6.69248e-06 3.08823e-05 0.0458231 5.65591e-05 9.73636e-09 0.00666363 0.0151381 0.811139 0.00986946 0.000497932 3.92286e-09 0.00681595 0.0056705 8.73255e-05 0.00470674 1.21461e-05 6.23064e-09 1.20435e-06 0.00769756 0.000652337 0.00027186 3.57288e-05 3.24237e-06 0.00133937 0.00121019 
0.00494645 0.00224129 0.00054626 0.0152372 0.000283837 3.70016e-05 0.000829464 0.000188017 0.777081 0.00397368 1.00983e-06 0.00215117 0.0102013 0.0241893 0.0033786 0.0132386 5.30265e-06 1.07352e-05 0.000554876 0.00326871 0.00374169 0.00169218 0.0023907 1.47177e-05 0.0916764 0.0381202 
0.015591 0.000112468 0.000760477 0.0527661 0.000498133 0.000231519 0.00169008 0.00606867 0.668459 0.0189426 2.25892e-07 0.0314298 0.0453028 0.0366962 0.0144724 0.0285621 1.12491e-05 0.00467623 2.98136e-06 0.0130054 0.0213489 0.0101606 6.69493e-05 3.42903e-05 0.0140375 0.0150722 
0.00273253 2.47391e-05 0.000205641 0.125677 0.000442424 4.25936e-10 0.0024745 0.00972736 0.299315 0.00410704 1.4134e-07 0.00209417 0.0239397 0.101853 0.105772 0.215556 1.37284e-06 6.22712e-05 3.88617e-07 0.0434833 0.0122605 0.00141077 5.31584e-05 1.09383e-05 0.00201914 0.0467765 
0.00512946 4.41358e-05 0.00429104 0.0136901 9.49756e-09 2.50246e-08 0.000102945 3.31236e-06 0.780916 0.00201353 1.05923e-08 0.000177391 0.0263826 0.0217382 0.127976 0.00763513 2.8356e-06 1.24093e-05 2.02901e-08 0.000110467 0.00010576 2.37422e-06 0.000143264 1.39211e-06 1.20682e-06 0.00951986 
0.0373862 0.00132155 0.00347558 0.0238868 3.39597e-05 3.98595e-07 0.00207352 0.000658859 0.609281 0.0761089 0.000129986 0.000122042 0.0227139 0.00683921 0.00497906 0.0932988 3.19857e-05 7.80283e-06 1.55232e-06 0.0447673 0.00392692 0.00568962 6.33763e-06 5.91781e-06 0.032549 0.0307036 
0.00770049 4.22306e-05 0.00127252 0.146938 0.000384896 0.00057105 0.0191919 0.0096095 0.459962 0.0901908 1.2921e-05 0.000785461 0.0713396 0.0267303 0.0432657 0.0194556 4.04596e-06 1.43556e-05 4.85067e-06 0.0272532 0.0122049 0.00202451 1.24002e-05 0.00190419 0.00328332 0.0558403 
0.0107521 0.00120455 5.05844e-08 0.167201 7.7833e-05 4.16345e-05 0.000327705 0.00485461 0.406282 0.0225488 0.00207946 0.0411185 0.00381886 0.0687196 0.00740538 0.0446379 1.58268e-06 2.02648e-05 0.000301863 0.0179124 0.033484 0.00133449 0.00050026 5.30152e-06 0.00155137 0.163819 
0.00180299 4.51962e-05 4.70091e-06 0.0281029 2.21174e-05 0.000166504 3.5107e-05 3.26099e-05 0.539845 0.0138536 0.00377376 0.000537771 0.0356456 0.0788879 0.00272599 0.0489591 7.91575e-07 7.23426e-05 8.32126e-06 0.00591853 0.0270878 0.000315716 0.00122432 0.000232762 0.115295 0.0954036 
0.00137764 3.94319e-05 0.000474892 0.0707544 7.52044e-08 1.11482e-07 0.00074015 0.0347996 0.271087 0.000248211 3.99639e-08 0.00628621 0.0134844 0.0126319 0.0439862 0.139868 7.35179e-09 1.50838e-08 9.77342e-09 0.00200421 0.136866 0.00130845 2.2874e-05 2.81443e-05 0.00269044 0.261301 
0.00995386 0.00017957 4.52347e-05 0.104658 0.000485069 7.69895e-06 0.00513959 0.00139724 0.295088 0.023208 2.74354e-05 0.00133381 0.0305026 0.0640519 0.0093848 0.12078 0.002596 0.000175944 1.30177e-06 0.0405148 0.0504643 0.00160384 0.00937401 0.000442012 0.0103468 0.218239 
0.0388427 5.57613e-05 0.0669743 1.02194e-08 0.00115929 2.27048e-10 0.000711543 8.40409e-05 0.160233 0.0717369 4.16239e-08 0.00074942 0.075909 0.0908394 0.000666825 0.0767661 1.17291e-05 0.000579502 0.108704 0.0138868 0.0865755 0.03218 0.00128934 2.39602e-07 0.094626 0.0774188 
0.00678112 0.00014335 3.97999e-05 0.0622797 0.00105809 1.15687e-05 0.00563711 0.0232122 0.368724 0.245877 2.34628e-11 2.23339e-11 0.0738178 0.00286884 0.000287092 0.0166377 1.68438e-08 2.04416e-08 4.49443e-11 0.00714506 0.0226733 0.0122692 5.56992e-06 5.26327e-05 3.23204e-05 0.150446 
