0.014777 1.79179e-07 5.75245e-07 0.000311384 4.94474e-05 3.87894e-08 0.0121264 0.000933327 0.00186525 0.742206 0.00919517 2.8402e-07 0.0307234 0.00790515 3.28288e-07 0.0592447 2.43025e-06 7.0315e-11 4.23468e-07 0.0102633 0.000388973 0.0316705 1.59442e-08 2.60894e-08 0.000632645 0.0777036 
0.066247 8.34657e-07 8.31886e-05 0.000369037 0.000172409 1.99798e-06 0.00348735 0.105718 0.000542786 0.499436 0.000453833 0.0338652 0.102808 0.00860822 2.78129e-07 0.0533556 0.000587631 0.0103533 4.82444e-05 0.0582057 0.00265714 0.0496474 7.39359e-05 0.000117474 0.00190129 0.00125827 
0.0267238 0.000143495 0.000761932 0.0135689 0.00163623 0.000201351 0.0133301 0.0151125 0.0217419 0.32937 0.00106061 0.00132202 0.230342 0.0406083 0.00824748 0.116078 3.28264e-05 0.00142528 0.000159307 0.0392088 0.014027 0.00645048 0.00194927 0.000332107 0.0115305 0.104635 
0.0674736 1.27301e-06 0.00283197 0.0283656 0.000142751 3.04458e-07 0.001709 0.00050919 0.00351831 0.348808 7.47746e-07 0.014273 0.146448 0.0532734 0.000283826 0.236651 3.69903e-05 0.0045369 5.04829e-05 0.0150497 0.0365083 0.00558773 5.32127e-06 0.00177521 0.0085913 0.0235688 
0.00155018 0.000106696 0.000141204 0.00306569 2.27367e-11 6.29974e-10 0.000776965 0.000563384 0.00290709 0.49031 2.22324e-07 0.00117121 0.136694 0.00698623 0.000156844 0.103313 2.92274e-05 8.11561e-08 1.52068e-06 0.0180828 0.0119632 0.00487247 6.47251e-12 0.000204348 0.00185196 0.215252 
0.190547 7.82946e-06 1.16687e-05 0.112287 0.000187911 1.60383e-06 0.00142046 0.00122369 0.00238456 0.334985 8.3003e-05 2.6995e-05 0.0127652 0.0630887 0.000471932 0.0291777 0.00353135 0.00636839 0.062471 0.0083387 0.00362661 0.15832 0.000211845 3.1575e-05 0.00513947 0.00329098 
0.215081 1.04247e-05 0.000961898 0.113477 0.000114865 2.28717e-11 0.000148384 0.00220437 0.0113593 0.369737 2.39238e-08 8.3794e-08 0.094133 0.0814713 3.10397e-05 0.0532428 4.00406e-07 4.52751e-06 1.85445e-11 0.00824758 0.00868465 0.0174056 8.46949e-05 4.19583e-05 0.0122667 0.0112915 
0.123596 0.000186746 0.00418234 0.00363201 0.00118097 4.00426e-05 0.0028118 0.00488703 0.00430467 0.492669 1.85657e-11 0.00139094 0.0237899 0.241652 0.00246453 0.0259175 1.4257e-05 7.98153e-08 3.55636e-11 0.028994 0.0132771 0.00875286 4.89515e-05 2.4982e-05 0.00338762 0.0127951 
0.0576557 3.58885e-07 5.18424e-07 4.23826e-06 2.28947e-08 6.0324e-08 1.96746e-05 0.000381272 0.000137344 0.508729 0.172901 2.4305e-08 0.0161635 0.0377363 1.61503e-06 0.0660424 3.39738e-08 1.05408e-05 4.8911e-08 0.00877556 0.00583297 2.21329e-05 2.46668e-05 4.02066e-08 0.121739 0.00382215 
0.190647 8.80718e-06 0.0705114 0.0111337 2.70398e-06 1.58456e-07 0.00156483 0.00239183 0.0134395 0.255373 1.04096e-06 0.00092146 0.100964 0.139221 0.000308782 0.0205617 0.000399432 3.1466e-07 6.6693e-07 0.00980013 0.0572883 0.0192288 0.000994073 0.000240386 0.060338 0.0446584 
0.182437 0.000637697 4.53226e-08 0.00136443 9.25708e-08 1.65605e-05 0.0137023 0.0679446 0.000831169 0.380091 0.000125873 7.32385e-06 0.0740628 0.0134479 1.65008e-06 0.0613289 2.1268e-07 2.81041e-06 6.62582e-05 0.171777 0.000930979 0.00253262 3.68652e-08 0.012169 0.00378072 0.012741 
0.189448 0.000223988 0.0013364 0.00165777 0.000558364 1.51436e-06 0.0187204 0.0447434 0.00011833 0.230052 0.00425906 0.000129885 0.074432 0.0608503 0.00082784 0.0839597 4.59806e-05 1.1306e-07 1.43422e-10 0.214309 0.0229095 0.0217507 0.00011598 0.00101631 0.0111525 0.0173806 
0.01421 1.35678e-06 5.02476e-08 9.28829e-08 0.000132982 1.83325e-11 0.0154362 0.0278433 0.000299303 0.343809 1.71594e-06 0.00147293 0.333838 0.0135001 0.00337508 0.127385 8.04057e-07 5.18618e-07 2.65695e-08 0.0189825 0.0100875 0.0497996 2.39337e-05 3.14222e-06 0.000197933 0.039599 
0.0905229 4.44362e-06 0.0017968 0.0620553 0.000657723 6.97121e-06 0.00417228 0.00218326 0.00245202 0.58854 7.24804e-12 0.00398738 0.0162355 0.127193 0.00775349 0.0206692 7.26798e-07 8.94896e-05 1.71382e-08 0.0149575 0.00699639 0.000796129 7.49662e-05 0.000208327 0.00508089 0.0435654 
0.0119106 2.99751e-05 6.78675e-06 0.02459 9.32456e-05 1.25412e-05 0.000645199 0.00283182 0.0101687 0.83499 9.81652e-05 6.49441e-06 0.0200036 0.00611732 0.000388835 0.035258 2.17109e-06 2.96712e-05 2.69784e-05 1.12796e-05 0.0161392 0.0296459 1.23697e-05 1.58188e-05 0.000630957 0.00633471 
0.0215952 3.07552e-06 0.00357395 0.0110015 0.000119646 0.000205488 0.00769528 0.105995 0.00333125 0.241775 0.0133664 0.00243049 0.239503 0.0164613 0.00693279 0.124667 3.92113e-05 0.000366373 3.47418e-05 0.109946 0.0312678 0.049042 2.05795e-05 0.000353215 0.00170104 0.00857312 
0.0163728 0.000338062 2.04082e-07 1.26782e-06 6.9422e-08 2.28616e-11 0.00330118 0.0829786 2.64273e-07 0.577867 9.67672e-12 8.49277e-07 0.0674387 0.0682747 3.84993e-08 0.103504 3.99266e-08 1.46299e-11 1.85363e-11 0.0437372 7.80692e-07 2.20374e-06 3.85344e-08 3.16955e-07 0.00264246 0.0335396 
0.210263 3.56647e-05 0.00125992 0.0123526 0.0141048 0.000940276 0.00552249 0.0383582 0.00506788 0.224366 1.22793e-06 0.00138121 0.155681 0.0459921 0.00154933 0.0835675 5.03056e-05 0.00190677 4.68059e-05 0.111861 0.0134548 0.0200415 5.68433e-05 0.000259707 0.0354087 0.0164703 
0.0404422 0.000362472 0.00032268 0.00482757 0.00148268 9.02064e-06 0.0183959 0.0154993 0.000972876 0.322536 0.00177509 0.00322788 0.13168 0.0731348 0.000919925 0.114353 0.000169758 0.00106441 0.00205216 0.0631503 0.0155498 0.130131 0.00817435 7.98191e-05 0.0183159 0.0313706 
0.0452636 8.52869e-05 0.0139899 0.00949318 0.00156673 0.00075356 0.00589126 0.0518211 0.00279879 0.214759 1.21342e-07 0.0397465 0.143854 0.133354 0.00112769 0.116018 5.41273e-06 0.000645838 4.70046e-06 0.0729212 0.0647655 0.00494108 0.00159799 0.000371859 0.0140128 0.060211 
0.0580251 0.000177782 0.000675597 0.0315059 8.75646e-05 0.000321875 0.020696 0.028597 0.00904895 0.339596 0.00159769 0.00159788 0.124559 0.0275025 0.00166738 0.135904 0.00050201 0.000524212 8.51344e-05 0.0376531 0.0116602 0.0109393 0.0149109 0.000171023 0.00182247 0.140171 
0.0513478 0.00403139 0.00694534 0.0027365 0.00323117 0.000901249 0.0090832 0.00948957 0.00243608 0.656588 1.15124e-05 0.0133091 0.0242912 0.103291 0.00247288 0.0184968 0.000122319 1.16078e-05 8.34856e-06 0.0367996 0.0353211 0.000857991 4.11424e-05 0.000125336 0.00778409 0.0102652 
0.199569 0.000152009 0.0035969 0.0070712 6.95865e-05 6.84719e-05 0.0660163 0.0445677 0.00839277 0.358289 3.79058e-07 0.000441388 0.0971102 0.0161033 0.00261035 0.0340993 2.08403e-08 0.000192283 1.70293e-10 0.0992581 0.044355 0.00693159 3.38727e-05 0.00145265 0.00569065 0.00392839 
0.047373 2.44399e-05 4.70755e-06 0.00371752 9.42175e-05 2.1456e-07 0.00242265 0.00251877 0.00130411 0.43842 3.14879e-06 4.23881e-05 0.182094 0.0200118 0.00106317 0.150509 5.93837e-05 0.000338255 2.65196e-05 0.0194148 0.0890672 0.00534307 1.06842e-06 8.73009e-06 0.00276592 0.0333727 
0.0505518 0.000714763 5.05098e-05 0.000328089 0.00055212 1.29453e-06 0.00962506 0.00985119 0.00687395 0.649778 1.04613e-05 2.88067e-06 0.0184728 0.0351273 0.0049189 0.0292826 0.000722147 0.000519897 3.64855e-05 0.0314955 0.000808468 7.83083e-05 3.12282e-05 1.03239e-05 0.00112948 0.149027 
0.0442278 0.0033266 0.0116878 0.0139352 0.00233042 0.000316811 0.0238854 0.00780214 0.00808409 0.248632 3.95126e-05 0.00334801 0.147242 0.0287138 0.00465154 0.215373 3.3215e-05 0.000695932 0.00318757 0.0488275 0.0496338 0.0137481 0.000625815 0.00322896 0.00520084 0.111222 
0.0566581 0.000255361 0.00227485 0.0792908 0.000703933 1.42338e-05 0.00167147 0.00908691 0.00851259 0.257859 2.83605e-05 0.0048205 0.151899 0.118424 0.0062177 0.118265 3.49409e-05 0.00024569 0.000706445 0.0369744 0.0796138 0.0352472 0.000504702 0.000112986 0.00675655 0.0238221 
0.00682875 0.000282411 0.00153843 0.00116404 9.31909e-05 0.00162985 0.00755691 0.00459392 0.00058448 0.562009 1.14418e-08 0.000108682 0.317792 0.0276111 0.000165644 0.0367158 1.69443e-06 3.24988e-05 1.37539e-09 0.0172204 0.00497491 0.00623066 2.59649e-06 0.000221302 0.00134522 0.00129599 
0.046844 8.50964e-06 9.52186e-09 0.00242353 0.000142822 4.22924e-13 0.00557465 0.0558777 0.00302987 0.66523 7.54901e-08 0.00463141 0.0566223 0.115218 0.000391281 0.00576889 1.08407e-05 2.28156e-08 3.42909e-13 0.00950082 0.0134468 0.00662285 5.65098e-05 0.000101083 0.0040635 0.00443432 
0.0969032 4.14961e-06 7.39609e-06 0.00126273 2.96672e-05 1.0915e-05 0.00358193 8.52254e-05 0.0002307 0.824775 2.72847e-06 0.000233321 0.00576165 0.00151775 0.000486805 0.0172042 8.67712e-06 2.33497e-05 5.22654e-06 0.00120208 0.00060022 0.000129548 4.73641e-06 0.000326969 0.000802459 0.0447993 
0.0241431 1.04541e-08 0.000166111 0.00579787 3.9178e-05 2.23993e-06 0.0591159 0.00025169 0.0025179 0.523461 2.64428e-11 1.65089e-08 0.0591355 0.0563134 2.41148e-08 0.123559 5.55727e-06 1.45595e-05 0.000867119 0.0669174 0.0024116 0.0484922 1.89527e-05 4.16382e-11 0.00467596 0.0220941 
0.0078843 0.000499117 0.0025226 0.0752052 0.00152195 8.66622e-06 0.00734833 0.0521576 0.0151256 0.369158 3.47495e-07 0.000936272 0.0584456 0.219811 0.000870127 0.0600159 7.72604e-05 6.16125e-06 8.4183e-06 0.0285398 0.013273 0.00192756 0.00489784 5.95096e-05 0.00128723 0.0784122 
0.0617726 2.54374e-08 0.000271376 0.00191261 0.00037147 4.57242e-06 0.00695692 0.00029011 0.00173403 0.386992 2.62342e-08 5.38273e-05 0.0659204 0.00414467 0.00148248 0.294851 5.655e-05 0.00193648 0.000622706 0.00993481 0.152149 0.00528873 4.67738e-05 0.000230441 0.000998115 0.0019778 
0.0590608 1.50678e-08 0.000138249 0.0597775 7.48911e-05 3.70591e-09 0.00977146 0.00865998 0.00097285 0.559623 7.35762e-11 0.000242838 0.0393087 0.108156 0.000453473 0.0190957 0.00016952 0.0182312 9.86022e-05 0.0684465 0.0165829 0.0117667 9.46537e-05 0.000163165 0.00452306 0.0145878 
0.190797 1.62367e-07 7.44449e-05 0.0401501 0.00715361 1.38397e-07 0.00722759 0.000130058 0.00726739 0.247179 6.99587e-11 8.75292e-08 0.219498 0.0776558 4.42916e-05 0.12638 5.40981e-07 0.00596079 4.54674e-07 0.0313624 0.00535604 0.0193586 7.86035e-05 8.6139e-08 0.00619803 0.00812568 
0.00697565 3.01686e-05 0.00958527 0.0169084 0.000797195 1.33881e-07 0.000211697 2.35619e-05 0.000827756 0.297746 2.99546e-09 0.00599223 0.0677518 0.0725367 0.0002768 0.197217 7.54005e-08 5.27476e-07 5.98761e-06 0.000654718 0.0472348 0.00450698 6.07266e-06 6.07383e-06 0.00174197 0.268963 
0.0335811 0.0177326 0.00195964 0.0294082 0.000204822 2.14691e-05 0.010938 0.022528 0.0200081 0.363348 5.38691e-06 0.00227995 0.0739914 0.197327 0.00313388 0.0796645 0.000109886 0.00341719 8.13445e-05 0.0185904 0.0178145 0.0145876 7.31298e-05 0.00180271 0.0108065 0.0765855 
0.0415068 0.000507421 0.0310582 0.0134353 0.0342087 0.000250613 0.0122737 0.0102747 0.019073 0.171394 0.00166493 0.00231172 0.0886551 0.164308 0.00344677 0.0756329 4.64948e-05 0.0011245 0.00087749 0.051881 0.10243 0.0120681 0.00845132 0.000840266 0.01231 0.139969 
0.00767968 9.76001e-05 0.000300659 0.0183816 1.04977e-05 7.5115e-11 0.00238834 5.89566e-05 0.00740503 0.312072 3.17943e-11 4.74778e-08 0.144001 0.216887 1.644e-07 0.0807492 4.25292e-07 4.80688e-11 9.99475e-08 0.00822228 0.00164046 0.0013246 0.00750212 2.25796e-08 0.000158168 0.19112 
0.258695 0.00147113 0.224551 0.000824969 0.00526459 0.00377479 0.00961502 0.0204566 0.00114552 0.295846 0.00026379 1.15039e-07 0.0186642 0.00474179 0.000380007 0.00602201 0.00251781 1.49383e-05 0.00373074 0.0823 0.000987402 0.000877734 0.00103525 0.000263296 0.00591261 0.0506434 
0.0232911 0.00138707 0.00110353 0.033999 0.0013008 0.000238182 0.0262137 0.00943817 0.0122357 0.35774 0.0142639 0.000336304 0.0972956 0.0455735 0.0362076 0.0883387 0.0111963 0.000557002 2.12169e-05 0.0388375 0.0134083 0.00509648 0.000930753 0.000186495 0.0241261 0.156678 
0.039444 3.62581e-05 8.67251e-06 0.00589158 0.000388494 6.45307e-08 0.000350012 0.00123893 0.0014545 0.448039 1.50129e-10 0.00111651 0.032876 0.0342144 0.000906268 0.00433207 0.000266728 0.000304613 5.35018e-07 0.0105435 0.0363211 0.374835 1.67735e-05 4.28187e-05 0.00405607 0.0033158 
0.247384 3.43001e-05 2.54387e-05 0.0066788 1.04718e-07 9.50086e-11 0.0976599 3.34254e-07 0.00216842 0.271476 4.04619e-06 1.79082e-07 0.00597529 0.0427927 0.000343594 0.131132 7.08191e-08 6.07993e-11 7.70334e-11 0.182792 0.000731804 0.00118782 2.99475e-05 7.35982e-08 0.00209323 0.00748997 
0.0982934 5.4355e-05 0.0142302 0.0110912 1.68673e-06 4.42085e-12 0.0098028 0.0306942 0.014145 0.225985 6.03469e-11 0.000629493 0.136684 0.209589 0.00194267 0.0156917 3.50378e-06 2.32662e-08 2.80909e-08 0.156485 0.00885471 0.0140961 1.0308e-05 1.68793e-05 0.0342477 0.0174497 
0.142403 2.35862e-05 0.00290731 0.0573803 0.00300618 2.6002e-05 0.0448256 0.0443823 0.0119964 0.245154 4.65753e-05 0.0361749 0.0221258 0.0186889 0.00222851 0.13252 1.12146e-06 3.56674e-05 3.34446e-07 0.062347 0.0301156 0.0257406 0.000104489 7.19683e-05 0.00508132 0.112612 
0.0363626 2.53493e-07 0.00136007 0.00605953 0.00124032 1.26757e-05 0.00724022 0.00152771 0.0106064 0.494475 0.00145283 3.49332e-05 0.0251649 0.107902 0.000549265 0.048647 6.90815e-06 0.00500244 4.91915e-11 0.0558288 0.0128564 0.0148762 5.53564e-06 0.000101563 0.00383871 0.164848 
0.229762 1.70381e-05 0.0120774 0.0772786 2.16924e-05 1.00699e-06 0.000326703 0.000911598 0.000926022 0.353237 6.90419e-06 0.000527123 0.0429046 0.124976 6.20794e-05 0.00886668 0.0555406 0.00142602 0.00465061 0.00528091 0.0102233 0.0108194 0.0432809 2.11868e-05 0.00887125 0.00798279 
0.0305133 0.00025707 0.00490223 0.00438647 0.000398647 3.59555e-06 0.0059432 0.000514294 0.00173204 0.443208 0.000112357 0.000249413 0.357225 0.0340898 0.000479504 0.0417704 1.69221e-05 9.08349e-07 0.000209411 0.0362264 0.00369241 0.0156417 1.99668e-05 0.000143858 0.00758638 0.010677 
0.00335432 0.00128715 0.000336802 0.00097459 2.92279e-05 3.43776e-06 0.0236278 0.000113752 0.00745779 0.349119 0.000789516 2.8093e-05 0.00282721 0.01785 0.327003 0.118913 3.89479e-08 0.000876675 1.13012e-06 0.0160728 0.0037816 0.0129947 3.50962e-06 7.94329e-05 0.00107481 0.111401 
0.0785124 0.00231942 0.00240447 0.133984 0.00611914 3.82899e-06 0.0110981 0.0485665 0.00351387 0.238265 0.000131522 0.000666827 0.0882731 0.0749249 0.00533548 0.0433191 6.39996e-05 0.00165291 5.02215e-05 0.0970825 0.0698796 0.0179457 0.00484066 0.0137995 0.00978656 0.0474612 
0.0046571 6.89042e-09 3.14408e-05 0.00438331 0.000122902 7.04504e-07 0.013786 0.00028356 0.000750424 0.280878 2.76586e-12 1.9663e-07 0.252536 0.00301284 0.000987945 0.182963 1.85058e-06 0.00384423 2.86891e-07 0.0121208 0.231893 0.00542371 3.14957e-06 0.00155805 7.22158e-05 0.000688645 
0.0201633 0.00767489 0.00207815 0.0255674 9.77428e-05 3.16529e-05 0.00321154 0.00154276 0.00542977 0.365351 9.54835e-05 0.00142799 0.103355 0.256638 0.00425752 0.0695923 5.44067e-06 0.000159961 1.71925e-05 0.0215641 0.0407396 0.0098906 0.00519497 3.25388e-05 0.016211 0.0396696 
0.0400959 4.62775e-06 2.30297e-05 0.000109625 1.29223e-08 2.52277e-08 0.0601686 0.00740938 0.00117204 0.612468 0.0139247 4.56571e-08 0.058204 0.0222899 8.14954e-08 0.059455 1.73788e-05 2.08617e-07 3.36411e-08 0.0550153 0.00276941 0.00454691 0.0445607 3.71264e-08 0.0052747 0.0124903 
0.0354425 0.000130353 4.96236e-05 0.00891009 0.000364157 1.11775e-08 0.00899802 0.00458444 0.00668888 0.399309 0.000545407 7.25725e-06 0.0136821 0.202269 0.0422828 0.0584749 3.63029e-07 0.000654742 4.83007e-07 0.0167873 0.00405437 0.0175888 5.72548e-05 4.0383e-05 0.0175104 0.161568 
0.0218967 0.000214578 9.36861e-05 0.0289874 0.000191309 1.80839e-06 0.00550258 0.064723 0.00330291 0.197194 4.36669e-06 8.32883e-06 0.146197 0.159242 0.0388137 0.102938 7.35943e-06 1.86933e-05 3.2891e-05 0.0721388 0.00659441 0.00538395 0.0785579 1.8302e-05 0.00310697 0.0648285 
0.0436968 0.0031911 0.00751764 0.00264718 0.00553078 0.00225486 0.00666697 0.0338137 0.00420501 0.257473 0.00191051 0.00909454 0.076229 0.0420983 0.00432146 0.162141 2.67594e-05 0.000742994 2.16759e-06 0.0440534 0.0420467 0.0110717 0.000694358 7.35248e-05 0.0185735 0.219923 
0.147147 3.61163e-12 1.46544e-07 0.00229986 0.00056913 1.7959e-08 0.0117674 3.41005e-07 6.39079e-08 0.512595 2.37474e-12 0.000462901 0.0462883 0.222992 0.000643371 5.29417e-07 6.87873e-07 9.09065e-06 8.35192e-07 2.38715e-07 0.0155582 0.00763257 0.000131274 9.12452e-08 3.96574e-07 0.0319007 
0.00985033 0.000628512 0.000637963 0.012036 0.000601748 5.63789e-05 0.00691431 0.0242345 0.0145371 0.385545 1.71644e-08 0.00118737 0.0172081 0.359828 0.000380067 0.0370985 2.44541e-05 0.00020874 9.35354e-07 0.0364371 0.0103646 0.000655627 0.0277136 2.38579e-05 0.0148028 0.0390243 
0.0230236 0.0048827 0.00142889 0.0078897 0.00201656 8.97895e-05 0.00608959 0.0597275 0.00220729 0.514603 1.78655e-08 0.00253506 0.122977 0.0587962 0.00127457 0.0529367 1.56745e-06 4.75333e-05 9.45261e-07 0.059637 0.0113723 0.00755516 0.00144537 2.85304e-05 0.0242642 0.0351697 
0.0187951 0.0120446 0.00767196 0.0279139 0.000609406 5.86136e-06 0.00354512 0.00493801 0.00118925 0.339462 2.30738e-09 0.00773508 0.051393 0.297364 0.000388234 0.075484 1.33858e-06 5.21815e-06 1.7041e-06 0.0108465 0.0647112 0.034127 0.00308825 0.000174114 0.0118184 0.0266873 
0.0483059 0.000102137 2.23889e-05 0.0530347 0.00140885 7.98768e-05 0.00395725 0.000729003 0.00191459 0.407154 2.75963e-05 7.46883e-05 0.238715 0.0584537 0.000231905 0.0648329 0.000145394 0.000301693 3.01915e-05 0.0135327 0.0198326 0.0540218 0.00941427 0.000158456 0.00340738 0.0201103 
0.0527397 5.86111e-05 0.000418107 0.00337706 0.00107673 2.35848e-08 0.0131191 0.00120001 0.0042815 0.455713 1.69019e-07 0.00157948 0.0299727 0.190962 0.012091 0.0614631 2.2819e-05 0.00173593 3.26483e-05 0.034277 0.0237986 0.00404018 3.34482e-05 0.000155481 0.0056101 0.102241 
0.0974423 3.27874e-07 0.000133266 0.00640634 3.23108e-07 2.47682e-07 0.00621089 0.0375773 0.00131546 0.364713 5.4831e-07 8.50797e-11 0.00459778 0.00305408 0.00467893 0.141507 1.18925e-10 2.10384e-05 1.71213e-10 0.28598 0.00723356 0.00457849 3.34864e-05 0.0001503 0.0244867 0.00987899 
0.0420162 2.77112e-06 0.000103908 0.0374176 0.000434454 3.45041e-06 0.0083234 0.01861 0.00242223 0.417988 6.2119e-05 0.000162525 0.253656 0.0362853 0.000522345 0.0871899 1.47381e-05 0.000727779 0.000380206 0.0482487 0.0141426 0.0183598 5.55275e-05 0.000264467 0.00300925 0.00959771 
0.0479251 2.09831e-06 0.000260308 0.000650035 6.00478e-05 6.89758e-06 0.00501684 0.0352613 0.000448616 0.520473 0.00161122 0.0054414 0.142143 0.0250722 3.82297e-05 0.0693902 5.05645e-05 0.0592576 7.48587e-06 0.0654012 0.00412908 0.00952502 7.17864e-05 9.41481e-06 0.00258836 0.00515953 
0.0770079 0.000633467 0.000286005 0.00844739 0.000221975 5.59812e-05 0.0101875 0.0431833 0.000600187 0.417422 0.000162572 0.00122309 0.120387 0.0324592 0.000809294 0.0416989 5.1048e-05 0.00199061 5.55806e-05 0.190218 0.00568674 0.0370072 3.39062e-05 0.000521319 0.00572771 0.00392295 
0.0303089 3.63895e-06 0.00121676 0.0455613 0.000168582 9.34436e-09 0.00137247 0.00900681 0.00826208 0.384335 7.02672e-06 7.53693e-05 0.0713485 0.137154 0.000192358 0.170353 2.27463e-05 0.00809009 3.3309e-05 0.0192159 0.0396682 0.0149426 5.83673e-05 6.15845e-05 0.00424647 0.0542947 
0.225712 0.000285197 0.000312249 0.00208633 0.000146982 2.76341e-06 0.0878471 0.00114849 0.000713923 0.270391 0.00186433 1.18668e-05 0.0155808 0.00510559 0.000541482 0.134413 5.89149e-05 3.91201e-05 1.98326e-07 0.185536 0.0130125 0.0431167 2.21342e-05 2.23905e-06 0.00126143 0.0107883 
0.0371466 0.000150001 0.00352457 0.0817889 0.000674971 0.00014495 0.00665841 0.0147257 0.00642072 0.386061 8.96136e-05 0.00169886 0.138372 0.094496 0.00345493 0.062975 8.52865e-05 0.00159477 0.00244149 0.0356161 0.0197495 0.0137112 0.00290043 8.16177e-05 0.00707584 0.0783611 
0.0267192 8.36633e-06 0.000169287 1.12119e-09 2.10793e-09 1.73464e-07 0.00168947 0.000271443 9.44294e-05 0.65403 9.83609e-08 0.000250812 0.0594876 0.00100652 3.17621e-09 0.195214 6.50131e-09 3.29452e-08 1.17925e-08 0.0349686 0.0151914 0.00750286 7.30986e-06 7.66801e-05 0.00271856 0.000592603 
0.10317 2.80967e-05 0.000740797 0.078701 0.000230585 3.2222e-05 0.00280346 0.00915681 0.00883245 0.242973 1.85278e-05 0.000265925 0.0741252 0.0985329 0.00954889 0.122515 0.000268753 0.00152271 0.000298209 0.0253789 0.112353 0.0529993 0.00233436 5.39652e-05 0.0257274 0.0273887 
0.0946112 0.00022842 4.93015e-05 0.00322844 0.000222805 3.53735e-07 0.0933917 0.0479566 0.00151924 0.302148 5.24332e-05 0.00269263 0.102456 0.0173183 0.00121896 0.150759 8.35473e-05 0.00265537 3.69486e-07 0.112374 0.029544 0.0128921 6.30229e-05 0.00067893 0.00896528 0.014891 
0.178837 1.16624e-05 0.00051474 0.00125191 1.00719e-05 4.99264e-08 0.0100019 0.020015 0.00439793 0.528459 7.03237e-12 6.69401e-12 0.0522943 0.00713898 0.00109254 0.0418688 9.35694e-12 2.52924e-07 1.34709e-11 0.111373 0.000315616 0.00733021 5.93871e-06 3.14007e-08 0.0338041 0.00127837 
0.0874471 2.40507e-11 8.02461e-07 0.00886176 0.000247903 0.000126557 0.00226729 0.00154541 0.000161193 0.264607 1.46501e-10 6.16031e-05 0.191498 0.0413788 2.83351e-05 0.20575 2.52189e-06 0.00953115 6.54505e-09 0.0935982 0.0195944 0.0146264 6.31634e-06 8.95054e-09 0.0387191 0.0199403 
0.00145668 0.000110355 3.20381e-05 0.00034889 7.49777e-10 9.07663e-08 0.00288043 0.138011 0.00121266 0.360162 3.80807e-05 0.00586772 0.198941 0.00746674 0.000109638 0.126061 1.91835e-07 3.51634e-05 9.37912e-11 0.0881175 0.00186262 0.0353472 4.00019e-08 6.85207e-06 0.000107558 0.0318256 
0.0824329 5.23245e-05 0.000115642 0.00462777 3.12682e-05 3.32808e-08 0.0332072 0.0293889 0.00483478 0.342711 8.25291e-12 2.47768e-08 0.0417749 0.0584945 0.00281702 0.0299371 8.88748e-08 0.000375211 3.61101e-08 0.293765 0.00256992 3.23005e-08 0.032484 9.065e-05 0.00231999 0.0379696 
0.0313836 0.000412803 0.00366313 0.0177934 0.000934757 0.000203469 0.00464056 0.0146793 0.0111737 0.271944 2.4767e-05 0.0253112 0.137792 0.0926272 0.0025622 0.154663 3.39895e-06 0.000157147 1.0236e-05 0.034417 0.0366827 0.00656605 0.00270137 0.000108963 0.0692929 0.0802512 
0.0519323 3.71118e-05 9.1574e-05 0.00942302 0.000181556 1.69242e-05 0.011206 0.00407914 0.0087985 0.262131 0.00111061 0.00243452 0.134313 0.0486574 0.00360573 0.17912 1.8248e-06 0.000240217 2.55107e-07 0.0532929 0.023724 0.0421649 0.0021566 0.00429498 0.00468423 0.152302 
0.0147873 0.0003402 0.00979491 0.0153873 0.000429703 2.07889e-05 0.0055993 0.0123414 0.00670344 0.225511 0.000710043 0.00497939 0.132605 0.20107 0.0014498 0.121278 2.82692e-05 0.00222369 5.57361e-05 0.0245344 0.0364947 0.00739286 0.00515277 0.000726147 0.0851205 0.0852623 
0.371572 7.60331e-13 0.00036407 5.37909e-08 0.00159465 1.18112e-12 0.00901989 0.0037044 8.74648e-05 0.443517 1.92481e-08 9.2802e-09 0.0147832 0.0366067 7.28156e-09 0.0471117 1.44813e-07 0.00421226 1.75827e-07 0.0326006 0.00621408 0.0163281 0.000168202 0.000599346 0.00710492 0.0044104 
0.0276583 5.28078e-05 0.000588545 0.0175999 0.00166023 0.00109632 0.00936085 0.0227425 0.0151324 0.326939 0.000328739 0.00466304 0.200407 0.065667 0.00504051 0.0659085 7.68493e-05 0.00725178 0.000160302 0.0412271 0.0271281 0.120206 0.000435368 3.37555e-05 0.00631816 0.0323165 
0.0491159 0.00226487 0.0129209 0.00705954 8.40251e-05 2.14779e-08 8.859e-05 0.00160616 0.000507461 0.428368 6.40725e-12 0.00185429 0.0781255 0.190653 0.000145864 0.131526 5.16903e-06 2.99816e-05 4.5101e-09 0.00874899 0.0430206 0.0132777 0.00384241 0.000201369 0.0126686 0.0138851 
0.0416359 0.00014968 3.36567e-05 0.1043 0.000243612 2.91173e-05 0.079042 0.00492755 0.00194703 0.176422 1.464e-07 0.00050126 0.139488 0.0276516 0.00266577 0.149666 0.000315929 2.90477e-06 0.00118178 0.0365016 0.146011 0.00657609 0.000111049 0.000102695 0.000876491 0.0796174 
0.235018 4.59152e-06 0.000282922 0.00289246 0.000202411 5.72422e-09 0.00157211 0.00732712 0.00210789 0.375837 7.82228e-12 0.000286139 0.181658 0.0633205 0.000795431 0.0719718 2.92e-05 0.00064978 1.4984e-11 0.017699 0.0141663 0.00119692 5.91091e-05 0.00143497 0.00526335 0.0162248 
0.0887818 1.01879e-10 4.75683e-05 4.59982e-05 0.000455374 5.31135e-08 0.00774429 8.18915e-05 0.000195782 0.839865 6.6988e-11 6.37649e-11 0.0287118 0.00248425 4.29794e-11 0.013064 8.91311e-11 9.64603e-07 1.28319e-10 0.00212219 0.00648051 0.00350704 0.000106057 1.28974e-06 0.000463823 0.00584039 
0.127211 1.91586e-05 0.00122343 0.004261 0.000818432 2.11699e-05 0.0536678 0.00193769 0.0282408 0.295253 0.0223956 5.88824e-08 0.0131419 0.187912 0.00191096 0.0082148 3.77114e-06 0.000694128 2.03775e-06 0.0868862 0.0152637 5.66422e-05 2.69803e-05 0.000138702 0.0184443 0.132254 
0.00315259 0.0025379 0.000721075 0.00491737 0.000413137 0.000512493 0.0179945 0.0045485 0.00324965 0.416168 1.7742e-05 0.00183013 0.0653067 0.284976 0.000606211 0.0601985 8.39005e-06 3.97414e-05 3.75947e-08 0.00879883 0.0365743 0.00346605 7.24319e-07 3.1214e-05 0.00931012 0.0746199 
0.0266364 0.000254558 0.020818 0.0334878 0.00305668 0.000700384 0.00751498 0.00821131 0.0519391 0.290153 0.000446066 0.00703426 0.154537 0.0830713 0.00555822 0.105046 2.49974e-05 0.00111412 0.000101463 0.0421887 0.0311582 0.00799837 0.000582303 9.11912e-05 0.00375657 0.114519 
0.0255021 0.00507319 0.00458917 0.0477552 0.000280978 7.21881e-07 0.000601013 0.00924614 0.0122508 0.446127 1.37478e-12 0.000402794 0.102369 0.117006 0.00010737 0.0675274 0.000102888 0.00179637 1.10042e-05 0.00560623 0.0844739 0.0280432 0.0210159 8.67737e-05 0.0129187 0.00710633 
0.0278479 0.000575126 0.00443173 0.0639965 0.00442047 0.00979038 0.0103836 0.0130765 0.019506 0.224468 0.00212708 0.0120012 0.150012 0.0784468 0.00447165 0.136887 1.74727e-05 0.000311912 3.56082e-05 0.0392414 0.0404401 0.00792847 0.00326555 0.00115087 0.0116178 0.133549 
0.0479251 2.09831e-06 0.000260308 0.000650035 6.00478e-05 6.89758e-06 0.00501684 0.0352613 0.000448616 0.520473 0.00161122 0.0054414 0.142143 0.0250722 3.82297e-05 0.0693902 5.05645e-05 0.0592576 7.48587e-06 0.0654012 0.00412908 0.00952502 7.17864e-05 9.41481e-06 0.00258836 0.00515953 
0.0103114 0.000265459 0.000778511 0.00255004 6.40981e-05 2.68786e-08 0.00737567 0.00909756 0.00390256 0.64513 0.0010917 3.12895e-05 0.092899 0.0071607 3.06627e-07 0.144608 7.23582e-06 3.04188e-08 2.90185e-10 0.0284791 0.00176286 0.00762421 0.00122933 1.82425e-05 0.00110036 0.0345125 
0.0153124 0.000450174 0.00123442 0.0343818 0.000338869 3.07965e-05 0.0127551 0.100533 0.0256713 0.220153 0.000333905 0.00112654 0.0987246 0.0476575 0.000422929 0.148798 7.17368e-05 0.00868312 5.12786e-06 0.159816 0.018554 0.0169847 0.00733189 0.0464269 0.00338904 0.030813 
0.0148888 4.18026e-06 0.000190453 0.00422114 7.72162e-05 7.5094e-07 0.0133771 1.69111e-05 0.00360438 0.383904 1.41259e-06 0.0241153 0.100405 0.0549643 0.000314588 0.128587 2.04962e-06 2.11014e-05 1.01621e-09 0.00394342 0.0108749 0.00378582 2.37347e-05 6.71992e-05 0.00107035 0.251539 
0.220055 2.3515e-05 0.000286703 0.0797342 0.00102105 2.09916e-06 0.00341581 0.00259533 0.00790998 0.269889 1.71785e-06 0.000369304 0.11819 0.134207 0.00263548 0.0406293 5.65042e-05 0.000384384 0.00129719 0.0137513 0.0248069 0.0472924 0.000179636 0.000244864 0.0124587 0.018562 
0.102639 7.91888e-06 0.000475969 0.000120154 0.000301196 4.00171e-06 0.00444991 0.202748 0.000236448 0.292926 7.36928e-08 0.0955089 0.11357 0.00435459 4.22484e-05 0.0539615 4.50154e-05 0.0101459 8.04618e-11 0.104979 0.00480666 0.00756167 0.000293853 7.42691e-05 0.000518281 0.000229722 
0.0110726 5.7768e-07 6.80581e-05 0.00590678 0.000417147 8.88369e-06 0.0014555 0.0104026 0.00735639 0.765953 0.0123758 0.00304856 0.0667357 0.00900987 3.1622e-05 0.0334709 1.26681e-06 0.000585069 4.81691e-07 0.0536482 0.00434914 0.00923305 5.73084e-06 2.56039e-05 0.00149894 0.00333871 
0.00567115 9.08976e-05 0.000190071 0.0143579 7.09618e-05 1.16861e-06 0.00292116 0.0131792 0.000657035 0.505421 0.000328986 0.00294446 0.301126 0.0435245 1.77929e-05 0.0343459 1.20432e-05 1.32867e-08 1.63811e-10 0.0313482 0.00543461 0.0245723 2.66263e-05 5.89128e-05 0.000746585 0.0129519 
0.0434693 9.51386e-05 0.00110294 0.028148 0.000829761 0.000361606 0.0139983 0.0106019 0.0169013 0.456721 0.000654209 0.00182961 0.175463 0.0220055 0.0025445 0.114183 5.69996e-05 0.00341591 0.000207094 0.0519601 0.00685617 0.0100678 4.80846e-05 0.000943723 0.00611817 0.0314176 
0.0335103 2.64926e-05 0.000148416 0.0175321 0.000239245 6.7177e-08 0.0213429 0.0114267 0.00832429 0.448581 0.00139574 0.00034557 0.126834 0.049146 0.00452699 0.050397 0.000143851 0.00503444 5.8803e-05 0.0427171 0.00574832 0.0311074 0.00372987 2.82774e-05 0.00513848 0.132516 
0.0444478 6.00853e-05 0.00128036 0.128309 0.000187523 1.27759e-06 0.00348841 0.0205037 0.00618745 0.380134 0.000417027 0.000123872 0.144828 0.0119021 5.22719e-05 0.103954 7.87888e-06 1.03452e-05 5.22888e-08 0.124501 0.0170212 0.00839646 3.00607e-06 0.000801479 0.00298548 0.0003972 
0.0134414 0.00456238 7.45193e-05 0.000963053 4.51162e-06 9.73257e-07 0.00677122 0.0138269 0.00057444 0.329924 0.00119453 0.0313925 0.215733 0.00214987 4.78805e-05 0.271743 6.90592e-07 8.05603e-08 1.36262e-07 0.0830512 0.00889314 0.0124262 3.14901e-06 6.91503e-05 0.000700909 0.00245164 
0.0196048 4.26517e-05 0.00331062 0.00298364 0.00130073 0.00326811 0.00682388 0.0284366 0.00196617 0.27267 4.54932e-05 0.00472536 0.185237 0.179447 0.000356883 0.0337758 5.06769e-07 9.9298e-05 4.23484e-06 0.0470279 0.0616874 0.00758964 3.64571e-05 9.82515e-05 0.104194 0.035267 
0.0448689 7.61636e-05 0.000834621 0.00469533 0.000549281 6.06478e-08 0.0112972 0.00195428 0.00854983 0.251677 2.79229e-08 0.0371812 0.107839 0.089296 0.000238797 0.0625667 2.09139e-06 2.19493e-06 1.84686e-11 0.0158351 0.152177 0.0232352 0.00133237 3.00573e-05 0.0185027 0.167258 
0.0248607 9.02499e-12 2.49794e-05 3.45817e-05 2.50446e-05 7.60288e-07 0.0481895 0.000968722 7.96887e-05 0.75703 4.17348e-07 1.39493e-08 0.0371533 0.00224154 1.09445e-08 0.0151331 2.17602e-07 0.0830604 6.62777e-05 0.0210425 0.0032997 0.00202121 8.52469e-06 3.5262e-05 0.00314531 0.00157825 
0.00895332 2.76138e-08 3.00943e-05 0.00382192 1.9695e-05 1.88439e-07 0.00157504 0.00761688 0.00928811 0.56389 3.76297e-08 0.000175283 0.0585825 0.00544356 0.000846204 0.110796 1.79381e-07 0.00112905 1.14439e-09 0.0909473 0.00272521 0.00531396 1.65907e-06 5.46415e-06 0.00151712 0.127321 
0.01807 0.000148489 0.00157897 0.144658 0.00134677 0.000480354 0.00536856 0.013465 0.0105507 0.520293 0.00090865 9.58891e-05 0.0595441 0.0674014 0.000551053 0.0549486 8.60153e-05 0.000685792 3.81266e-06 0.0181685 0.0617487 0.00383688 2.04323e-05 7.2101e-05 0.00223358 0.0137348 
0.041461 4.18736e-06 0.00063077 0.000105022 5.20238e-06 1.95665e-08 0.00242879 7.60259e-05 0.000127569 0.580472 1.64865e-12 0.00108402 0.0809858 0.00175128 2.54627e-09 0.261426 5.21191e-09 0.00011131 3.15807e-12 0.00601663 0.0129863 0.00753528 9.90378e-06 0.00033636 0.00212989 0.000316591 
0.13048 0.000234133 0.000909531 0.0264864 0.0045322 0.000388565 0.029571 0.0159908 0.0062218 0.208192 0.00191907 0.00271573 0.0812795 0.114545 0.00163489 0.0719021 0.000275161 0.000282946 0.00288296 0.158892 0.0352162 0.0112064 0.00258101 8.56448e-05 0.0294404 0.0621345 
0.049039 3.94983e-06 0.064634 0.0177528 3.62038e-05 2.16036e-05 0.00225492 0.0148562 0.00990815 0.242098 8.48441e-06 0.00102441 0.203691 0.0744716 0.00357627 0.196536 1.46001e-05 0.00200402 1.15754e-05 0.0333862 0.00516968 0.00276748 7.54125e-05 0.000105089 0.0422734 0.0342803 
0.279991 0.000350278 9.56796e-05 0.00547966 7.9903e-05 2.49932e-09 0.0166983 0.0282792 0.000772275 0.34755 1.0579e-09 5.68387e-05 0.0718236 0.0894757 5.1768e-06 0.0681088 0.000302095 0.0111034 0.000382044 0.048887 0.00318463 0.0118027 3.10443e-05 7.67617e-05 0.00558718 0.00987663 
0.0378701 0.0113015 0.00184012 0.00610611 0.000168082 1.57347e-05 0.000513276 0.00522564 0.000384763 0.395142 2.12304e-10 0.000447841 0.0424236 0.264194 8.34683e-07 0.0437455 1.54321e-07 1.63198e-07 6.68748e-05 0.123568 0.0243962 0.00534124 0.00104188 3.85822e-05 0.0147335 0.0214354 
0.109824 0.00081676 0.00118553 0.00169215 0.000797628 8.48733e-08 0.0187004 3.84205e-05 0.00204101 0.289064 5.31483e-08 0.000102146 0.0472116 0.140255 0.0105649 0.206779 5.46271e-05 0.00011671 2.7637e-06 0.0875595 0.0260634 0.0127019 0.00779949 0.00148556 0.00431185 0.0308319 
0.217733 0.00123231 0.00619326 0.022632 0.00277325 8.43545e-05 0.0147003 0.0174946 0.00493853 0.239931 0.000291621 0.00110163 0.0957349 0.0401046 0.00269448 0.0593306 0.000152582 0.00276052 0.0034727 0.0435935 0.0158973 0.0627149 0.00844777 0.000162654 0.0962437 0.0395837 
0.0982934 5.4355e-05 0.0142302 0.0110912 1.68673e-06 4.42085e-12 0.0098028 0.0306942 0.014145 0.225985 6.03469e-11 0.000629493 0.136684 0.209589 0.00194267 0.0156917 3.50378e-06 2.32662e-08 2.80909e-08 0.156485 0.00885471 0.0140961 1.0308e-05 1.68793e-05 0.0342477 0.0174497 
0.0273612 0.000620524 0.00792107 0.0443056 0.000281204 8.17716e-06 0.00279782 0.00163023 0.0192609 0.264007 4.44739e-12 0.000168682 0.143205 0.210964 0.000162643 0.0279933 0.000417502 0.00104566 0.000596775 0.0120674 0.0544124 0.00548346 0.135252 3.37708e-05 0.0100808 0.029924 
0.0175897 7.28661e-06 2.1442e-05 0.00765419 5.89069e-06 3.0776e-06 1.90431e-05 0.00229154 0.0157213 0.676547 1.04824e-08 1.28153e-07 0.0720289 0.0127793 8.81041e-05 0.0665003 1.68169e-05 7.42951e-05 2.00796e-08 0.00077383 0.00141756 0.108472 8.03493e-06 7.36895e-07 0.0167022 0.0012767 
0.0230236 0.0048827 0.00142889 0.0078897 0.00201656 8.97895e-05 0.00608959 0.0597275 0.00220729 0.514603 1.78655e-08 0.00253506 0.122977 0.0587962 0.00127457 0.0529367 1.56745e-06 4.75333e-05 9.45261e-07 0.059637 0.0113723 0.00755516 0.00144537 2.85304e-05 0.0242642 0.0351697 
0.00426476 7.5035e-05 7.12977e-05 0.000970087 6.47445e-06 5.58354e-09 0.00267319 0.000763572 0.048183 0.775754 6.20744e-08 1.53773e-06 0.0542477 0.0363616 2.77651e-09 0.00972407 0.00017432 0.000386789 2.64598e-05 0.0111928 0.00362559 0.000489501 0.0146733 9.18403e-07 0.00181818 0.0345154 
0.125577 0.000117008 0.00162401 0.00140679 0.00237096 7.31095e-12 0.00873269 0.276085 0.00377948 0.297025 1.09962e-07 5.11424e-07 0.00683926 0.0819853 0.000206267 0.100822 5.78982e-06 4.01878e-05 5.92776e-12 0.0322571 0.0231178 0.0038377 4.93753e-05 0.000802502 0.00285579 0.0304629 
0.00749843 1.40107e-07 0.000193459 0.00175102 2.59098e-07 2.47399e-07 0.00397436 7.07908e-08 0.00410031 0.550031 1.38183e-09 0.000640561 0.0867082 0.00344183 0.00167567 0.098113 2.29538e-12 1.33043e-08 3.30459e-12 0.0206255 0.00530453 0.0008979 3.78739e-09 2.71649e-12 3.70826e-08 0.215044 
0.0586749 5.06781e-05 0.00697663 0.000491452 0.000232139 1.1626e-06 0.00167307 0.00874553 0.00171187 0.37902 2.83998e-05 0.000706676 0.0907014 0.0460435 0.000182899 0.269263 4.10208e-09 0.00026424 0.000106297 0.0523542 0.0102621 0.00788491 3.04867e-06 0.000287218 0.0500589 0.0142757 
0.00184438 0.000989708 5.41354e-05 0.077047 6.80167e-05 1.37979e-09 0.00126393 5.39806e-05 0.015718 0.500429 2.88935e-08 0.000245575 0.26594 0.0184193 0.00043234 0.0673328 2.45879e-06 1.00217e-05 3.46242e-09 0.00441066 0.0298704 0.00288835 1.45341e-05 0.0019017 0.000967514 0.0100963 
0.0228129 0.00022603 0.000981016 0.0776632 0.00386212 1.89285e-05 0.00778864 0.0042877 0.00329414 0.347623 0.000232431 0.00198667 0.243567 0.0498175 0.00299022 0.0870297 9.69845e-05 0.00992837 2.32275e-05 0.0506165 0.0352545 0.0194202 4.87849e-05 0.000167608 0.00361233 0.0266498 
0.0547113 4.6181e-05 0.00190094 0.0109925 0.00106761 0.000125101 0.0117442 0.00609389 0.00133822 0.47258 2.61144e-05 0.000485321 0.0943893 0.0232551 0.000357645 0.0275205 1.97981e-05 0.00175227 1.24357e-05 0.0117864 0.00712054 0.0067087 2.27027e-05 8.78895e-05 0.00217723 0.263678 
0.0657285 1.09545e-09 5.2739e-05 0.00996651 0.000649904 8.97442e-07 0.0132888 0.000457217 0.00098527 0.526018 6.53753e-07 0.0192824 0.242753 0.00549237 8.66884e-05 0.0580968 1.33629e-05 0.001132 2.03934e-05 0.0128714 0.025141 0.00184831 8.15607e-06 6.81978e-05 0.000207829 0.0158295 
0.00884684 4.66271e-09 0.000134292 0.00305251 3.19939e-05 3.41229e-05 0.00523537 0.00194373 0.000375293 0.668443 0.00103529 3.29003e-08 0.166075 0.0123854 4.14221e-05 0.0416539 7.56098e-07 1.18362e-05 1.23223e-06 0.0351903 0.0012433 0.00276642 2.79428e-11 3.45144e-06 0.00132771 0.0501662 
0.026994 4.84888e-05 0.000855668 0.0150181 0.000904821 0.000181803 0.00734817 0.00968458 0.00257596 0.381995 0.00183751 0.0164185 0.154428 0.052784 0.00380247 0.123928 2.8611e-05 0.0100283 1.81971e-05 0.0301968 0.0899098 0.00697726 0.00239374 7.43322e-05 0.00265411 0.0589127 
0.118069 1.22193e-05 3.32932e-05 0.14395 0.000330305 5.04518e-07 0.00260266 0.005057 0.00658264 0.192849 1.88909e-05 0.000161053 0.17567 0.0404282 0.00767262 0.0397412 0.00104273 3.06368e-05 0.0060057 0.0599485 0.0141566 0.162486 1.74495e-05 0.00531502 0.00618898 0.0116291 
0.012417 0.00531037 0.000473743 0.00027044 4.70658e-05 0.000101622 0.0157279 0.00323319 0.00124053 0.581773 0.000479036 0.00213399 0.0270488 0.0754139 0.000561397 0.130803 6.30202e-05 3.72233e-05 0.000245689 0.0602029 0.014072 0.0223316 7.69436e-06 6.22236e-05 0.00248825 0.0434548 
0.00452934 7.09536e-07 9.51535e-05 0.00154999 9.55872e-09 2.1605e-08 0.00772113 0.00074915 0.000324992 0.763776 0.00356626 1.70491e-05 0.0893444 0.0113992 1.83838e-08 0.0428697 2.08098e-08 1.59516e-11 2.8806e-08 0.0655774 0.000556271 0.00296499 1.40455e-08 7.77583e-09 0.000308355 0.00465007 
0.0610521 0.00100463 0.00291369 0.0207421 0.000105706 0.000135492 0.0126041 0.0110062 0.00411015 0.317921 0.000524525 0.004782 0.201122 0.0539364 0.00159785 0.156256 2.7477e-05 0.000237985 3.55462e-05 0.0657124 0.0480285 0.00641195 0.0037594 0.00014478 0.0105907 0.0152369 
0.199476 1.57923e-06 0.000471976 0.0452157 0.000296233 3.27561e-06 0.0105099 0.0033273 0.00134036 0.536023 4.72601e-05 0.00433011 0.00825077 0.0783171 0.00338496 0.0302775 3.62639e-05 0.00196989 3.67358e-05 0.0480768 0.0109584 0.000828177 6.05222e-05 0.000206394 0.00618213 0.010372 
0.227695 7.31869e-07 4.31934e-06 0.000583083 0.00140308 5.54796e-07 0.00144015 2.4771e-05 0.000357154 0.576987 1.67604e-09 5.51829e-05 0.0181565 0.0318692 1.01544e-05 5.62481e-06 1.43508e-06 2.53395e-09 7.68405e-05 0.0175718 0.00247476 1.09343e-06 0.000149037 1.25018e-07 0.000112239 0.12102 
0.103335 0.000902105 3.85398e-06 0.0174094 5.00672e-06 3.72856e-07 0.0268173 0.000567066 0.0777899 0.300442 1.27284e-06 0.000212307 0.0851876 0.0420654 0.00374115 0.0392554 4.27213e-07 1.20506e-05 0.000329609 0.146944 0.00170589 0.000218581 3.42236e-06 8.22634e-05 0.0141368 0.138831 
0.124776 0.000159723 0.000479373 0.0327379 8.4693e-05 2.71617e-06 0.0158048 0.000441309 0.007375 0.251376 5.37676e-07 0.000132147 0.0294999 0.118274 0.00268535 0.0737724 0.000269551 4.53712e-08 2.50392e-05 0.135248 0.00935412 0.0199106 0.0255129 7.82863e-05 0.00157813 0.150421 
0.048513 5.48871e-05 0.001805 0.0024358 0.00171625 0.000168561 0.00316709 0.0251733 0.00155309 0.230027 1.21185e-10 0.00707697 0.172128 0.0555296 0.000406182 0.172851 4.81125e-05 0.000291371 3.88146e-05 0.0857864 0.061114 0.00701552 7.50482e-05 0.000261337 0.0918642 0.0308995 
0.329793 0.00091623 7.16684e-08 1.64546e-08 0.0250101 1.62985e-07 1.82265e-06 1.17221e-08 7.79038e-05 0.470312 1.28282e-05 6.5668e-08 0.000445421 2.39502e-06 0.000156062 0.00152726 9.17912e-08 0.000125179 1.32149e-07 0.00692062 1.5512e-08 2.68089e-05 1.76091e-08 0.0971347 0.000441938 0.0670953 
0.00594861 0.0212166 0.00580422 0.126446 8.15194e-05 7.30646e-07 0.00158021 0.0962139 0.0387857 0.289906 3.1566e-08 0.00609926 0.0235874 0.28225 0.000830456 0.0111097 8.64068e-11 0.00376973 2.00813e-06 0.0372194 0.00779585 0.00107576 0.00255336 0.000642171 0.0103862 0.0266944 
0.130971 0.000294447 0.021941 0.00897323 0.0013633 2.21463e-05 0.00170395 0.0483942 0.00582251 0.292635 3.63348e-07 0.00137222 0.129523 0.216782 0.0021967 0.0151025 0.000101185 0.0183012 0.000109216 0.0206508 0.0245668 0.00560011 0.0256641 0.000126738 0.0147288 0.013054 
0.0723448 0.000133118 0.000347136 0.00350246 8.28362e-05 6.36906e-07 0.0425785 0.000610172 0.00138667 0.43089 8.61094e-06 1.38097e-05 0.0888558 0.0147489 0.00401862 0.170075 4.28516e-07 5.80194e-05 5.36687e-05 0.104369 0.00573928 0.0379688 1.23114e-05 0.000104152 0.000848285 0.0212491 
