1.63537e-05 0.792797 8.59978e-07 7.10362e-07 4.78321e-05 9.64759e-06 0.000407887 7.42165e-10 1.20229e-10 7.10989e-07 4.93032e-07 0.206612 1.1146e-09 1.16009e-06 5.83912e-05 4.41913e-06 1.84914e-09 8.80434e-06 3.03262e-05 3.39408e-06 1.01906e-09 
0.000201089 0.55922 0.0101766 0.0520316 0.0230262 0.00469489 0.000133569 0.000733698 0.085451 0.0110661 0.00793731 0.059124 3.29459e-05 0.0217831 0.0846513 0.0180885 2.38719e-05 0.0166376 0.0405656 0.00262346 0.00179804 
4.81179e-05 0.30426 0.00176211 0.00356828 0.00100867 0.00023681 3.0855e-06 0.0724685 0.0323664 0.184553 0.0956562 0.0654248 7.03602e-05 0.0692202 0.00919837 0.000569034 1.82736e-10 0.00141426 0.157751 0.000175064 0.000246018 
2.30573e-05 0.214804 0.0672285 0.00765869 0.151422 0.132548 3.21018e-07 4.50032e-07 0.0401975 0.000416031 0.00124258 0.0074445 4.62589e-05 0.175925 0.000154206 0.0582154 3.55943e-06 0.0311963 0.106828 0.00416087 0.000483312 
5.50471e-05 0.75744 0.0169041 0.0138829 0.0141422 0.0185267 0.00348207 0.00553821 0.0215936 0.0202827 0.0107422 0.0318343 6.3756e-07 0.0187361 0.0227521 0.0077541 1.82061e-05 0.00655217 0.0248833 0.00164504 0.00323438 
5.06906e-06 0.62266 0.0127818 0.00395592 0.0426989 0.00802293 0.0242179 0.0049164 0.0209292 0.101515 0.00108312 0.0754724 1.66363e-06 0.00797448 0.0255911 0.00705812 1.30025e-07 0.0128781 0.021784 0.000284127 0.00616991 
0.000347833 0.492525 0.00718761 0.0131648 0.0115649 0.00153272 0.000258585 0.0014239 0.0176858 0.112983 0.00249223 0.149101 1.31628e-06 0.0213838 0.0694717 0.00276203 1.04785e-07 0.00140587 0.0781975 0.000293546 0.0162168 
0.000690782 0.540344 0.0327432 0.0205246 0.0178127 0.00390194 0.00150818 0.00652454 0.0460259 0.0196756 0.111302 0.0602576 1.65715e-05 0.0657843 0.0094062 0.00787936 0.000285188 0.00587312 0.0475616 0.000940362 0.000942581 
0.00022466 0.42758 0.150098 0.0208959 0.0599692 0.0296174 1.11197e-07 0.000447825 0.149261 0.000721825 0.00368398 0.0118117 1.1658e-08 0.119332 0.000326385 0.00263531 1.09643e-09 0.00114024 0.0219922 1.73361e-05 0.00024558 
7.84307e-05 0.43251 0.0148801 0.0484683 0.0146783 0.00761943 2.31029e-06 1.52248e-06 0.00821542 7.06387e-07 0.000197954 0.308608 2.41629e-05 0.0200983 0.013386 0.125186 2.63718e-06 0.00481743 6.99907e-07 0.00122404 1.37688e-06 
0.000172055 0.446569 0.00265764 0.00742562 0.00244332 0.000348444 0.0176791 0.00941398 0.0150165 0.22767 3.87258e-08 0.154482 7.34649e-05 0.0888574 0.00422456 0.00111305 3.58288e-10 0.00280549 0.00781617 4.75742e-06 0.011227 
2.07284e-06 0.842541 0.011054 0.00597329 0.00409358 0.00372415 6.78267e-08 0.00150969 0.00485111 0.045998 0.047965 3.70714e-05 3.001e-11 0.025469 1.87038e-06 0.00298194 3.75499e-08 0.00122822 0.0017662 0.000734987 6.91293e-05 
1.80663e-05 0.447954 0.00552101 0.00252763 0.000450675 0.00264519 4.89734e-06 0.332665 0.0179177 0.0029915 0.153814 0.00590982 9.02602e-09 0.0135575 0.000939691 8.25534e-05 3.49159e-06 0.000186593 0.0119243 0.000698041 0.000188668 
0.000113176 0.545345 0.0152014 0.0125286 0.00413274 0.0351572 0.00691287 0.144881 0.0155031 0.020791 0.00587718 0.0311023 0.000319092 0.0690332 0.000867149 0.000912223 1.84215e-08 0.0227749 0.0641903 0.0018092 0.00254875 
0.0285724 0.25068 0.0158153 0.0717688 0.114677 0.00279711 0.00105186 0.0127398 0.0783782 0.102793 0.000260393 0.0528035 5.2123e-05 0.0475884 0.0173127 0.0104141 0.000244055 0.00884113 0.177362 0.00321652 0.00263192 
8.61824e-11 0.602115 0.000108223 0.199146 0.00414062 9.1496e-05 9.1444e-06 0.0018039 0.00356111 0.129251 1.09898e-07 0.0131694 1.13949e-07 0.0174761 0.00148978 0.000866132 5.21356e-10 0.000610043 0.0257923 0.000367346 1.27958e-06 
0.00103836 0.604147 0.0253723 0.013204 0.0250358 0.00815208 0.00544645 0.0228245 0.0319989 0.0604289 0.0147914 0.0498973 0.000405248 0.0442045 0.0141104 0.00639594 0.000696669 0.0158511 0.0481872 0.00622994 0.00158192 
0.000799618 0.469286 0.00326559 0.00222867 0.108671 0.00885705 0.000318248 0.0216532 0.0474572 0.0764087 0.00108217 0.00404296 2.223e-07 0.0800168 0.00269212 0.000404624 3.49336e-09 0.145188 0.0266749 0.000804862 0.000147899 
0.00573164 0.615261 0.0137049 0.00979216 0.0500642 0.00674984 0.087028 0.000623544 0.0200342 0.0151754 0.00044563 0.034313 3.30401e-06 0.0410291 0.0546976 0.000218502 3.44085e-08 0.0151312 0.0299536 8.8561e-06 3.40824e-05 
0.000124415 0.602425 0.00655803 0.0233745 0.0513313 0.00369194 0.000380025 0.00084831 0.00994006 0.158866 0.0094625 0.0494608 2.35186e-05 0.0379477 0.00150525 0.000962417 6.52374e-06 0.0186937 0.0232077 0.000665314 0.000524997 
3.80628e-05 0.883231 0.00927549 0.006983 0.000557279 0.0126694 5.2161e-08 8.47502e-05 0.00242123 0.00555829 0.000316175 0.0175719 2.34058e-07 0.055486 0.000136647 0.000422524 8.97332e-06 0.000248364 0.00403668 1.00329e-05 0.000943724 
3.30484e-05 0.580789 0.0216824 0.00194757 0.00555982 0.00620427 0.00027631 0.00761146 0.0239357 0.0465212 0.12086 0.0435397 4.06037e-07 0.034132 0.00504508 0.0131684 5.35674e-07 0.000413801 0.0879688 5.11725e-05 0.000260046 
6.10578e-05 0.555709 0.0257301 0.0143656 0.0267005 0.0244674 0.00159434 0.000996902 0.0453897 0.0470088 0.0140653 0.0387851 0.00694902 0.0461312 0.0231569 0.0111462 0.000263754 0.0370039 0.0765127 0.00281365 0.00114898 
9.76444e-06 0.660399 0.0132911 0.00394577 0.00237141 0.00104014 0.00104016 0.0498444 0.0988857 0.00127119 0.000110748 0.0454335 2.14238e-07 0.0825951 0.00111387 0.000489436 5.20394e-11 0.00160221 0.0360319 0.000443789 8.03107e-05 
3.91977e-05 0.590854 0.00877331 0.00470985 0.0039692 0.0038901 0.00102247 0.102512 0.0335278 0.085271 0.0566256 0.0300403 0.000197394 0.0367887 0.00366965 0.00832515 1.29355e-05 0.00587789 0.0193809 0.00203135 0.0024813 
5.45506e-06 0.496812 0.00400493 0.000662336 0.000974348 7.20905e-05 7.43811e-06 0.00881136 0.0181096 0.352234 0.00126667 0.00161678 4.97838e-07 0.062004 0.0160022 3.64864e-05 2.50344e-11 0.000313348 0.0369546 7.4757e-05 3.69419e-05 
4.07752e-05 0.202652 0.0457896 0.138035 0.00358055 0.0350173 3.27112e-05 1.22613e-10 0.024988 0.026051 0.000659036 0.188479 2.81278e-06 0.0422484 0.00920659 0.00451979 3.05497e-10 0.0308783 0.195735 0.012277 0.0398074 
0.000108632 0.448663 0.00385599 0.0141764 0.0149388 0.00864315 0.000674936 0.00158191 0.0949099 0.0753566 0.00322405 0.0647832 8.81849e-05 0.0786725 0.0612357 0.0577478 3.31779e-07 0.0132496 0.0558082 0.000775389 0.00150551 
1.11296e-05 0.963254 0.00297588 0.000193943 0.000538818 0.000570526 2.66631e-12 1.18174e-05 0.00256844 0.000179676 5.103e-05 0.00504924 2.88335e-07 0.0154198 0.000170734 0.000262293 2.87788e-09 0.000242652 0.00839106 1.25135e-05 9.6028e-05 
9.31644e-06 0.583077 0.0206271 0.00203254 0.00495349 0.0127172 9.48103e-05 0.134385 0.0154796 0.0192443 4.77549e-06 0.0016668 2.44932e-09 0.0645677 0.0589448 1.54476e-06 6.49308e-11 0.0429796 0.0388393 0.000374436 1.47321e-06 
1.37815e-05 0.285601 0.0662779 0.02019 0.0226363 0.0963425 3.58918e-07 0.000479355 0.071799 0.00804472 0.00242659 0.104543 2.5434e-06 0.13906 0.0237789 0.0430387 1.76994e-08 0.0117895 0.0967643 0.00315967 0.00405161 
0.000206221 0.653059 0.00178355 0.00107951 0.0714569 0.0339858 1.45236e-05 0.153088 0.00170615 0.00557957 7.9347e-06 0.0213032 9.5448e-06 0.0200668 0.0112805 0.000136649 8.14033e-09 0.00670309 0.0175206 0.000126858 0.000886094 
5.99435e-11 0.603984 1.49506e-07 0.0159474 0.00252661 0.0140164 2.82944e-10 0.240064 6.59968e-05 0.117108 0.000148664 0.00150498 6.22649e-08 0.00180314 1.00356e-10 0.00141002 3.62625e-10 0.00125944 0.000156286 3.71682e-06 2.33929e-07 
2.93311e-05 0.541756 0.014926 0.0263734 0.0153835 0.0041076 0.000639697 0.0334256 0.0401102 0.0853802 0.0052975 0.117433 0.00011321 0.0343208 0.0111838 0.000985561 0.000223594 0.00329318 0.0517787 0.00414484 0.00909436 
1.22676e-05 0.798441 0.0107942 0.000971621 0.00210899 0.00657321 5.0743e-09 0.0385199 0.0351814 0.0538453 0.00183433 0.000976813 7.91734e-05 0.00932741 0.000180632 0.0276905 1.50281e-07 0.00462852 0.00808599 0.00035743 0.000391408 
0.000134487 0.53944 0.0194751 0.00210361 0.000309284 0.000527693 0.0180861 0.0072949 0.0344215 0.0419075 0.00513811 0.124418 5.81757e-07 0.175045 0.00424296 0.00237087 2.76067e-09 0.00113695 0.0236228 0.000308105 1.7169e-05 
4.53744e-05 0.359459 0.00637566 0.00237821 0.00668308 0.0624448 3.15138e-06 0.000367536 0.00723594 0.00325303 4.86966e-05 0.0166772 6.41821e-06 0.00154266 0.000480806 1.25703e-05 8.95705e-07 0.356592 0.169659 0.00673155 2.74031e-06 
8.97686e-06 0.970594 0.00238153 0.000155478 0.000431524 0.000456797 5.79846e-11 9.55119e-06 0.00205558 0.000143991 4.10251e-05 0.00404067 2.52874e-07 0.0123374 0.000136976 0.000210228 2.94563e-08 0.00019442 0.00671408 1.01352e-05 7.71331e-05 
4.9508e-05 0.414945 0.0111752 0.0053584 0.00784816 0.0215923 0.000391656 0.0527089 0.0740322 0.0995549 0.00890937 0.0750657 2.67732e-05 0.0542718 0.0278312 0.00156807 0.00764067 0.0311695 0.0881469 0.0129707 0.004743 
9.77712e-05 0.298067 0.00750927 0.00613025 0.0152957 0.00160203 0.000278694 0.0247118 0.188653 0.0114528 0.0106421 0.0774826 2.99353e-05 0.128855 0.00312869 0.00574769 6.20054e-10 0.0303939 0.187817 0.000801399 0.001303 
5.72639e-07 0.573516 0.33923 1.21257e-06 0.0100622 0.0580535 4.42374e-11 7.46388e-07 0.0120474 0.000596388 1.85474e-07 0.00148475 3.4174e-11 2.17731e-06 2.10267e-07 0.0021976 5.72623e-09 7.87402e-08 0.00280686 9.46054e-08 1.93748e-07 
3.06782e-05 0.595431 0.00660207 0.0315245 2.24959e-11 0.000477264 0.000491913 0.00416487 0.0449854 0.0120019 1.94467e-07 0.0140439 5.31654e-09 0.252189 5.83362e-08 0.000160862 3.89329e-08 0.00513957 0.0199219 0.0128358 1.09994e-10 
0.0275398 0.464503 0.0097027 0.015048 0.0290582 0.00022223 1.76788e-05 1.35844e-05 0.0492655 0.0299161 0.000809824 0.17652 2.03972e-05 0.00270449 0.00249959 0.0110555 5.9107e-09 0.0600987 0.118643 0.00184777 0.000513002 
2.85832e-05 0.450346 0.00658805 0.0559467 0.00668004 0.00479586 0.000227976 0.000391504 0.120082 0.0236028 0.00282198 0.171683 0.0249643 0.0343345 0.0134998 0.0018165 0.0010424 0.0105674 0.0687624 0.00107611 0.000741058 
0.000113586 0.750651 0.0122508 0.0270678 0.017615 0.00592147 0.00346935 0.00345481 0.0313352 0.0272913 0.00885193 0.0353038 6.51327e-05 0.0346211 0.0022453 0.00189667 0.0045717 0.00668097 0.025137 0.000561596 0.000893982 
9.59175e-05 0.349457 0.00802753 0.00789705 0.0230246 0.0347444 0.000145354 0.0336866 0.109897 0.0232518 0.0147058 0.0448316 9.21537e-06 0.0515011 0.00148491 0.00935076 0.240894 0.00962922 0.028341 0.00139856 0.00762637 
2.05824e-05 0.300111 0.00319223 0.0243209 0.00234107 0.000256046 0.000863137 0.019723 0.0645783 0.0320954 0.00464793 0.287803 3.97476e-06 0.0914644 0.0239567 0.000270184 5.54308e-07 0.00620272 0.1367 0.000217416 0.00123132 
0.00560612 0.423057 0.0498391 0.00782871 0.0234144 0.0115176 0.000105615 0.166941 0.0289173 0.0958422 0.00133057 0.0193227 1.56091e-06 0.0801716 0.0181501 0.00179768 8.64604e-05 0.0129235 0.0407881 0.0121681 0.00019079 
2.19749e-05 0.628654 0.0218039 0.0022255 0.00153863 0.00318858 9.52438e-07 0.266038 0.028787 0.00221816 0.000342268 0.0109951 2.41709e-07 0.0203457 9.77674e-05 0.00281732 5.76115e-08 0.00133354 0.00926111 3.95254e-06 0.000326357 
3.57181e-05 0.2556 0.00461079 0.0247187 0.0194228 0.0459551 1.9911e-05 0.000202551 0.0316653 0.0941682 0.0197208 0.196934 1.83322e-05 0.0244837 0.0062924 0.106116 0.017346 0.0196935 0.131298 0.00105907 0.000638516 
1.63962e-05 0.476786 0.0266674 0.156644 0.00143148 0.0501026 1.13459e-06 0.00105232 0.0258843 0.0392608 0.0499026 0.00430775 4.6569e-06 0.137595 0.000384685 0.00598302 6.45613e-07 0.00282432 0.00895414 0.00926947 0.00292736 
4.20072e-05 0.484274 0.0452767 0.0269416 0.0116031 0.0292054 0.00145681 0.0111439 0.0587742 0.0263086 0.0351439 0.0850503 1.77009e-05 0.0645844 0.00991626 0.0142241 0.00469497 0.0198403 0.0671248 0.00349354 0.000883234 
6.25828e-06 0.229714 0.00519685 0.00973473 0.0137287 0.0120034 7.97722e-07 0.117095 0.0152912 0.198803 0.00157999 0.0884134 1.47685e-06 0.223403 0.00025909 0.0786103 1.46613e-10 0.000673173 0.00439598 0.000130267 0.000959706 
5.08495e-05 0.467648 0.011533 0.00232627 0.00483875 0.00875805 0.00433021 0.00292056 0.0835642 0.219661 0.000591645 0.0235363 6.29644e-06 0.0859311 0.0148171 0.003766 1.97125e-05 0.00308984 0.0599977 0.000794924 0.00181885 
3.21256e-06 0.711263 0.0314019 0.0236658 2.57581e-07 0.000149625 0.0283275 0.000267389 0.00817309 0.092914 0.0018737 0.0282831 1.03372e-10 0.0234041 0.0108117 0.00234485 1.71496e-10 0.000219598 0.0332195 4.05638e-05 0.00363683 
3.21741e-06 0.699769 4.14925e-05 0.0302006 4.18295e-09 0.26186 2.89574e-08 1.48953e-08 0.00688994 0.000657573 1.41157e-08 5.48618e-06 2.237e-08 5.57862e-05 0.000114132 5.58955e-06 3.71123e-08 0.000128131 1.9038e-09 0.000268954 2.04525e-08 
1.68433e-10 0.754086 0.00917664 0.139917 0.000883902 2.11903e-06 3.27942e-06 0.00657673 0.0104519 7.62061e-07 0.0131594 0.0555358 6.14173e-10 0.0101711 8.3063e-07 3.02499e-07 2.85082e-05 1.19296e-06 1.23258e-06 1.93701e-06 9.45416e-07 
1.16425e-08 0.596072 0.0257977 0.0783869 0.00907148 0.0335298 0.00075505 0.00643247 0.102037 0.00410081 0.00797865 0.00653289 1.14615e-10 0.0246794 4.60789e-05 0.00867066 1.90149e-10 0.0226903 0.0726572 0.000560605 1.06742e-07 
0.000364776 0.32242 0.0158641 0.00652552 0.0235721 0.0458099 0.00330331 0.143575 0.0165842 0.00732695 0.000213368 0.0515541 0.160743 0.0110953 0.00272928 0.000445423 9.69709e-05 0.148758 0.0209137 0.0180835 2.21481e-05 
0.0023332 0.347344 0.0439267 0.0422702 0.0144228 0.0142686 0.000268987 0.00149117 0.0592829 0.0109685 0.236462 0.0824926 4.06126e-05 0.0766118 0.00455328 0.0137278 3.98463e-05 0.0101046 0.0295649 0.00510804 0.00471794 
0.000183247 0.264455 0.0922607 0.00930443 0.0658772 0.0268209 0.0190248 0.00330161 0.0641997 0.00898492 0.0560906 0.141716 1.41802e-05 0.11804 0.00985564 0.0454485 6.09702e-07 0.000686128 0.0645816 0.00873281 0.00042128 
1.03703e-05 0.415225 0.000887769 0.00500932 0.00839397 0.00132416 0.000318354 0.00268923 0.139137 0.155663 0.00100727 0.0334384 3.25283e-06 0.110089 0.00559942 0.00137031 0.000111045 0.0168085 0.0931728 0.00304898 0.00669283 
1.19061e-05 0.73246 0.000787676 0.0252853 0.000557366 0.0278247 9.46796e-08 0.159516 0.0048587 0.0224794 3.86206e-05 0.000623816 1.7266e-11 0.00691748 6.50351e-05 5.24051e-06 1.67726e-08 0.00196038 0.000139474 0.00833254 0.0081361 
2.38492e-05 0.672777 0.00490012 0.00235768 0.0220412 0.00205839 0.000189845 0.000583904 0.0209803 0.0877129 0.00205037 0.0434328 3.88104e-06 0.0250916 0.00489306 0.0010821 0.000266198 0.00583932 0.103563 8.39316e-05 6.88865e-05 
2.41807e-09 0.892089 6.87549e-08 0.000313955 0.00179142 0.00113366 1.68522e-11 0.0314461 0.00336326 3.96079e-08 7.51746e-08 0.0133832 1.76294e-08 0.000434953 0.0487856 0.000192671 2.15981e-11 1.21771e-07 0.00675314 0.000312335 8.41067e-08 
9.3133e-05 0.276746 0.0693356 0.0487297 0.0211647 0.0360589 0.000337537 0.00157402 0.0952803 0.051662 0.0036219 0.18939 0.00137773 0.0503663 0.00559401 0.0104892 2.80811e-06 0.0678116 0.0635657 0.00602303 0.000776286 
0.00011533 0.62429 0.00263968 0.00253413 0.00216157 3.29204e-05 0.0128332 0.000104052 0.00991883 0.0108343 0.000840886 0.254798 4.6837e-06 0.0014171 0.000927196 0.0543936 1.12559e-08 0.00889777 0.0105271 0.000167602 0.00256214 
1.13306e-06 0.71405 0.00296298 0.00532261 0.020384 0.00359948 3.96161e-06 0.00257423 0.0934744 0.00892289 0.00178879 0.00134593 6.25827e-09 0.112696 0.000893522 0.000231687 2.72051e-10 0.00129757 0.030441 3.31672e-06 5.9192e-06 
9.35798e-08 0.473208 0.00630028 0.0195896 0.0037966 0.00204196 2.41687e-06 0.051147 0.0181378 0.0701638 0.000170632 0.217549 6.95604e-07 0.0335618 0.00213446 0.00011123 1.98324e-09 0.000280812 0.0727012 0.000175927 0.0289264 
2.41807e-09 0.892089 6.87549e-08 0.000313955 0.00179142 0.00113366 1.68522e-11 0.0314461 0.00336326 3.96079e-08 7.51746e-08 0.0133832 1.76294e-08 0.000434953 0.0487856 0.000192671 2.15981e-11 1.21771e-07 0.00675314 0.000312335 8.41067e-08 
0.000541058 0.192772 0.112573 0.00831094 0.0267228 0.0108679 0.00172647 0.00765797 0.104201 0.0185536 0.0593903 0.117272 0.00823269 0.145931 0.0385792 0.00863035 0.0186381 0.0127143 0.105827 0.000842767 1.53552e-05 
1.14426e-05 0.523343 0.119218 0.0566485 0.00462253 0.0178441 3.30116e-05 4.43711e-05 0.0384149 1.22842e-05 4.02209e-05 0.0126818 3.0152e-06 0.219015 0.00212998 0.00293131 1.58393e-08 1.66873e-05 0.0008759 0.00010664 0.00200788 
0.000160566 0.494684 0.025739 0.00185222 0.000621566 0.00838803 5.5727e-06 0.000533842 0.00675717 0.447238 0.0014884 0.00394837 6.05395e-07 0.00139382 0.000142308 0.00163799 5.97253e-09 0.000445381 0.0019255 0.00112378 0.00191388 
5.92394e-06 0.42134 0.0469806 0.0389433 0.0179567 0.0533494 7.75359e-08 0.00340386 0.0495582 0.00563527 0.0279177 0.00917797 0.000114493 0.14391 0.00224992 0.00553669 6.76963e-05 0.0288955 0.143855 0.00102751 7.49792e-05 
2.66659e-08 0.54545 0.0038981 0.0304507 2.6766e-06 0.0144949 3.28858e-10 0.00725968 0.00010033 0.00670473 0.0414715 0.339552 2.54047e-10 0.00152764 9.6419e-08 1.20984e-07 2.67099e-07 0.0002705 0.00529303 0.00094962 0.00257463 
0.00394856 0.204962 0.0843343 0.00111454 0.181315 0.0378932 1.14012e-06 0.000520626 0.0709233 0.00730658 0.0337899 0.0823461 5.92039e-11 0.0627063 0.00154996 0.01132 6.33251e-09 0.0399633 0.14193 0.0340731 1.76206e-06 
1.11592e-08 0.941836 1.3129e-05 0.00133166 0.00185705 0.000318586 1.26877e-06 5.94379e-05 0.00837172 0.000434849 0.00341791 0.0132478 1.44332e-05 0.00166773 0.000463957 0.000958046 0.000133624 0.00279042 0.022954 0.000128227 4.41424e-07 
7.74216e-09 0.437391 0.000620285 0.0112566 6.97148e-08 6.0961e-12 0.000606937 0.00394706 0.00582475 0.0387714 0.00636176 0.0285297 1.47413e-08 0.40581 0.00740651 3.03101e-05 4.20648e-11 6.95402e-12 0.0534018 1.11562e-07 4.10576e-05 
4.13554e-05 0.33818 0.00369405 0.071774 0.00333258 0.00166558 0.00430613 0.00187085 0.0315018 0.141053 0.00819958 0.322558 0.000198015 0.0258177 0.000516332 0.00692244 5.08762e-08 0.00729485 0.0268583 0.00347842 0.000736268 
0.00344669 0.588533 0.00450061 0.117227 0.0220809 0.00179949 6.68372e-05 0.0494565 0.0135767 0.0821534 0.00600568 0.0100352 5.03439e-08 0.0745024 0.00196052 0.000692368 1.16054e-06 0.0034147 0.0172774 0.00155367 0.00171484 
2.92204e-05 0.253879 0.0131415 0.21857 0.06937 0.00279294 6.82371e-05 0.0173112 0.0693615 0.0973463 0.0052136 0.0266741 5.2939e-05 0.0637214 0.0139283 0.00281019 1.55065e-10 0.0138806 0.130581 0.000584333 0.000682748 
1.11296e-05 0.963254 0.00297588 0.000193943 0.000538818 0.000570526 2.66631e-12 1.18174e-05 0.00256844 0.000179676 5.103e-05 0.00504924 2.88335e-07 0.0154198 0.000170734 0.000262293 2.87788e-09 0.000242652 0.00839106 1.25135e-05 9.6028e-05 
0.0306512 0.526372 0.00443422 0.0658783 0.000253232 0.00358114 5.8042e-05 0.0022477 0.0128397 0.00573193 0.19331 0.00240984 8.98563e-08 0.0713726 0.000187131 0.0662542 7.64067e-07 0.00342306 0.00927376 0.00157731 0.000143473 
7.49076e-06 0.306826 0.0347572 0.116356 0.000389268 0.0377361 1.69054e-05 0.0244004 0.0278649 0.00719807 4.79191e-05 0.168388 8.00213e-09 0.0232434 0.0783218 0.00118161 0.0023107 0.0127632 0.148834 0.0090737 0.000282853 
8.03938e-05 0.312077 0.00676265 0.0323622 0.00631081 0.00153369 0.000546302 0.00127217 0.0933527 0.118973 0.00559803 0.153512 1.70708e-06 0.159408 0.00161225 0.00132646 4.30355e-09 0.00493163 0.0925742 0.00647553 0.00128979 
8.61824e-11 0.602115 0.000108223 0.199146 0.00414062 9.1496e-05 9.1444e-06 0.0018039 0.00356111 0.129251 1.09898e-07 0.0131694 1.13949e-07 0.0174761 0.00148978 0.000866132 5.21356e-10 0.000610043 0.0257923 0.000367346 1.27958e-06 
3.3223e-05 0.290209 0.0186993 0.0643314 0.0192959 0.0859903 0.00458268 0.000717728 0.109653 0.0109297 0.000312736 0.0407803 1.90583e-05 0.15307 0.014288 0.00070624 0.00246571 0.0381325 0.0594521 0.0775588 0.00877196 
0.000105677 0.776509 0.00769255 0.0121533 0.00788531 0.000312294 6.85658e-05 0.00177026 0.00581464 0.0543836 0.007059 0.0597894 1.05986e-06 0.0178936 0.0215045 0.00339392 2.7186e-06 0.00238552 0.0192992 0.000469993 0.00150579 
7.13709e-07 0.878555 0.00100697 0.0441191 4.85881e-10 0.0210916 2.34798e-06 1.7302e-09 0.0102736 0.00455772 0.00163462 5.4521e-06 2.59844e-09 0.010957 1.19304e-09 0.00128875 4.31088e-09 0.0240972 5.49451e-07 0.00240957 2.37572e-09 
0.000129576 0.278613 0.109476 0.0812656 0.0858598 0.0107452 2.0237e-05 0.000374367 0.065331 0.00730238 0.0847301 0.130228 3.75703e-07 0.0267185 0.00157294 0.0604622 3.32935e-06 0.0146876 0.0116075 0.000899093 0.0299734 
1.11296e-05 0.963254 0.00297588 0.000193943 0.000538818 0.000570526 2.66631e-12 1.18174e-05 0.00256844 0.000179676 5.103e-05 0.00504924 2.88335e-07 0.0154198 0.000170734 0.000262293 2.87788e-09 0.000242652 0.00839106 1.25135e-05 9.6028e-05 
1.6388e-05 0.339077 0.00474248 0.00871951 0.02168 0.00164207 6.77591e-12 0.0399164 0.093044 0.314118 0.00262473 0.0722811 2.20618e-05 0.04249 0.00205469 0.00158412 1.10901e-07 0.0320945 0.0177779 0.00596391 0.000151068 
1.74471e-11 0.556205 0.00758881 0.0938743 0.0023821 0.00478102 2.69442e-07 0.00981486 0.0333107 0.0178347 2.58348e-07 0.0423445 1.60128e-07 0.0378431 0.00461226 1.13553e-06 5.82751e-08 0.00194548 0.187258 3.49978e-06 0.000199024 
4.6216e-05 0.646958 0.019917 0.0314077 0.0292901 0.0040206 0.000118017 0.00146535 0.0418999 0.000480482 0.00671595 0.0174385 1.42932e-05 0.0346953 0.00585102 0.00283038 2.33399e-05 0.0304809 0.0954933 0.0133759 0.0174774 
3.40687e-07 0.405066 0.000878272 0.00116847 6.84935e-12 0.0806018 4.74162e-11 0.000957165 0.0519098 0.35525 0.000689285 0.0117128 1.76092e-09 0.0152237 0.000223367 0.000270351 1.48199e-09 0.0045429 0.0709408 0.000564858 4.07615e-08 
3.32421e-06 0.82049 0.00554142 0.000210054 0.000231782 0.000344271 0.00561409 0.0115695 0.0150371 0.0314508 0.000185599 0.0510676 1.46946e-07 0.0281498 0.00320645 0.000480191 2.37541e-09 0.0057841 0.0186901 0.000316902 0.00162644 
2.05821e-05 0.545584 0.0210751 0.0175665 0.00659443 0.0132493 0.00306254 0.0087565 0.125695 0.0530185 0.0757007 0.0183402 4.75029e-05 0.054362 0.00184591 0.0145598 0.00174443 0.00127814 0.0355019 0.00136284 0.00063404 
2.73657e-06 0.480657 0.0279525 0.0613225 0.00361363 0.00435932 0.000432723 0.0495139 0.0820553 0.124414 0.000236525 0.0627018 2.04695e-05 0.0441106 0.00256765 0.00131015 0.000140121 0.00265032 0.0517535 5.6019e-05 0.000128744 
0.000275072 0.533637 0.0344146 0.0585412 0.00798551 0.018091 0.163826 0.0409235 0.0161645 0.0233296 3.3607e-08 0.0150924 0.000109556 0.0534868 0.00109584 3.54595e-05 3.87069e-11 0.00438502 0.0272296 0.000900684 0.00047659 
1.82368e-08 0.959536 0.00191981 0.000650277 0.000283074 0.000521579 5.83939e-08 0.000176624 2.35718e-07 0.0348415 0.000178404 9.49031e-06 4.56199e-10 0.00104254 1.55997e-05 4.4191e-06 2.91274e-06 0.000638266 0.000168998 1.04991e-05 4.17096e-10 
2.1721e-06 0.462061 3.55256e-05 0.000260808 0.0055372 2.72626e-06 0.000424897 0.000916769 5.17122e-07 7.82447e-05 0.166869 0.312887 9.05847e-07 0.00690411 0.00032889 0.0280032 3.59494e-08 0.00877006 0.00578906 0.00112116 6.54082e-06 
0.000100902 0.39961 0.00689386 0.016645 0.00531739 0.0062234 0.00843247 0.00476802 0.0380563 0.144743 0.00110109 0.168623 7.95438e-05 0.105075 0.00341241 0.00481045 7.71295e-05 0.00281249 0.0278634 0.0026004 0.0527539 
7.40912e-05 0.510763 0.0165416 0.0197348 0.00993055 0.00336436 0.00485273 0.00511796 0.114226 0.00526237 0.00937102 0.176302 6.4502e-06 0.0894993 0.00367312 0.000701093 9.60794e-06 0.00201913 0.0274615 0.00044395 0.000645485 
2.41816e-09 0.566132 0.0332067 0.00628525 0.042807 0.0443365 1.14141e-08 0.00337284 0.0233736 0.0591168 0.00224799 0.096803 8.74757e-05 0.000181743 0.0723391 0.00156985 1.46285e-08 0.00453351 0.0355524 0.00703831 0.00101549 
1.82368e-08 0.959536 0.00191981 0.000650277 0.000283074 0.000521579 5.83939e-08 0.000176624 2.35718e-07 0.0348415 0.000178404 9.49031e-06 4.56199e-10 0.00104254 1.55997e-05 4.4191e-06 2.91274e-06 0.000638266 0.000168998 1.04991e-05 4.17096e-10 
5.2881e-07 0.426123 0.00355305 0.0684379 0.0498595 0.00019008 2.994e-06 0.00045461 0.153112 0.0101752 0.0705131 0.0148168 4.27374e-06 0.0148942 0.000201197 0.00239272 6.95816e-06 0.0784716 0.106658 0.000131513 1.45681e-09 
8.7202e-05 0.275105 0.0355628 0.0418482 0.0583771 0.00260728 2.54798e-05 0.0054409 0.214453 0.0011001 0.0243861 0.132034 1.73305e-08 0.05054 0.00416933 1.75234e-05 6.71518e-11 0.00593749 0.142422 0.00393198 0.00195459 
0.000768948 0.661114 0.0148244 0.00318822 0.0112384 0.00459801 5.91791e-05 0.0499572 0.0182637 0.0986733 0.0008452 0.0299509 1.88327e-06 0.0271726 0.0281659 0.000782981 2.66025e-05 0.00728155 0.0389732 0.0008412 0.00327266 
0.000599849 0.523565 0.0228454 0.0360289 0.0145321 0.0176131 0.00301645 0.00842942 0.0510922 0.0593923 0.0406972 0.0731431 0.000316475 0.0465286 0.0126245 0.00786063 0.000576352 0.0170596 0.0552983 0.00619785 0.00258196 
1.7113e-06 0.801775 6.31487e-07 0.0313402 0.0132402 0.0115722 1.17081e-08 0.00949586 0.0187251 0.0791185 0.00115581 0.00886001 5.67979e-08 1.87262e-06 0.000883633 0.0174778 4.69297e-11 3.2606e-07 0.00601091 0.000339241 4.04263e-07 
1.23552e-08 0.704691 0.00208415 0.00503661 2.3535e-07 0.0264182 3.15127e-06 6.97513e-11 0.00213402 0.0128328 0.000294951 0.0032985 1.04754e-10 0.034484 1.36251e-07 0.000163295 1.73789e-10 0.202881 0.00487412 0.000803107 9.57749e-11 
0.000726472 0.761656 0.00282839 0.000903373 0.0104646 0.00111549 0.0101518 0.000838795 0.0187733 0.0285607 0.000108318 0.0606351 0.0191172 0.0362291 0.022708 0.00419599 1.86063e-06 0.00188837 0.0182396 8.50667e-05 0.000772696 
2.04137e-06 0.529142 0.0274152 0.0411456 0.00509146 0.0120867 8.6814e-05 0.0118911 0.0715388 0.0381532 0.074318 0.0474756 1.19452e-05 0.0534519 0.0113971 0.0112838 5.9682e-06 0.0118593 0.0498875 0.00371441 4.13186e-05 
4.44776e-05 0.442291 0.0013225 0.00790567 0.00338639 0.0210815 0.0715961 0.000125332 0.00119408 1.39603e-06 0.261612 0.118838 4.68488e-07 0.0150936 0.0138915 0.00158186 0.000387417 0.00792784 0.0281169 7.90962e-05 0.00352288 
7.5031e-05 0.875739 0.0320968 0.0458362 0.00297187 0.00058731 3.30698e-07 0.00277651 0.000520801 9.54678e-08 0.0154869 0.00481981 5.54095e-08 0.0055151 0.00124605 0.00498621 3.79116e-06 6.98328e-11 0.00610142 0.000521876 0.000714835 
5.23076e-05 0.813182 0.00262452 0.00625186 0.0248407 0.00494949 1.8168e-05 0.00530425 0.0284605 0.0302187 0.00264309 0.0176839 3.78886e-06 0.0183533 0.00811145 0.00134328 1.41894e-07 0.0102695 0.0238939 0.00136111 0.000433988 
1.61038e-07 0.7222 0.00268946 0.0596221 0.0045185 0.00344095 1.27042e-05 0.00086306 0.015768 0.000147283 0.068352 0.0408026 2.32344e-08 0.0579061 0.00477835 0.00100832 1.94417e-09 9.32451e-09 0.017501 0.000314024 7.57838e-05 
3.0065e-06 0.695538 0.00347753 0.00213609 0.00351311 0.0110123 9.53145e-06 0.136806 0.056929 0.0171004 0.000244507 0.00244144 3.9996e-06 0.013963 0.000426421 0.0447766 4.09551e-07 0.000482722 0.00967342 0.0014345 2.74942e-05 
3.55614e-06 0.749337 0.0309249 0.00872358 0.000419295 0.0451318 7.18058e-05 0.0322232 0.0184591 0.0181669 0.0200169 0.0314477 6.00414e-06 0.00971186 0.00209212 0.00331439 7.10353e-08 0.00189406 0.00616271 0.0206527 0.00124027 
4.05704e-05 0.580187 0.0198404 0.0133102 0.00203677 0.00904538 0.00121913 0.00976906 0.034029 0.00333778 0.0186182 0.216536 1.19075e-06 0.028775 0.000597472 0.0380395 1.58092e-06 0.000634277 0.021949 0.000921732 0.00111095 
2.41807e-09 0.892089 6.87549e-08 0.000313955 0.00179142 0.00113366 1.68522e-11 0.0314461 0.00336326 3.96079e-08 7.51746e-08 0.0133832 1.76294e-08 0.000434953 0.0487856 0.000192671 2.15981e-11 1.21771e-07 0.00675314 0.000312335 8.41067e-08 
0.00167131 0.562816 0.0212832 0.012922 0.0093907 0.0095698 0.000523374 0.0222654 0.0503115 0.122833 0.0320754 0.0315584 9.74665e-05 0.0563477 0.00742545 0.00656318 0.000478296 0.00626614 0.0412695 0.00233583 0.00199634 
4.56423e-05 0.815162 0.00303209 0.00622295 0.0250315 1.45363e-07 4.322e-06 0.000833509 0.00427689 0.0552772 5.78422e-05 0.0488423 1.09784e-09 0.0028096 0.013375 0.00922003 2.70295e-05 0.00287383 0.0127033 0.000201309 3.09111e-06 
1.11296e-05 0.963254 0.00297588 0.000193943 0.000538818 0.000570526 2.66631e-12 1.18174e-05 0.00256844 0.000179676 5.103e-05 0.00504924 2.88335e-07 0.0154198 0.000170734 0.000262293 2.87788e-09 0.000242652 0.00839106 1.25135e-05 9.6028e-05 
0.000328819 0.451916 0.0171403 0.0410476 0.00134217 0.00034784 3.53618e-05 0.00172062 0.0492783 0.148755 0.001077 0.0484024 1.31853e-06 0.0792924 0.103635 0.00411696 3.32174e-09 0.0129257 0.0376849 0.000379275 0.000573182 
3.9693e-05 0.399739 0.019525 0.0195784 0.0104066 0.0357601 2.31525e-05 0.0321002 0.0370052 0.269558 0.0301063 0.0228278 0.000449063 0.0429913 0.00241654 0.0118724 1.78909e-05 0.00315704 0.057695 0.00293785 0.00179338 
8.59764e-08 0.690669 0.116709 0.0102915 0.00477758 0.00760836 7.48613e-06 3.80936e-05 0.00272398 0.0050176 0.0467617 0.0905553 1.75863e-06 0.0074103 2.72453e-07 0.00973582 1.15797e-05 4.98794e-05 0.0072488 0.000331518 4.99745e-05 
8.42569e-05 0.439357 0.00446062 0.0065666 0.00143329 0.000112738 0.00588498 0.00858596 0.0253527 0.253301 0.00108486 0.0806726 9.77418e-05 0.0319914 0.0566439 0.00641306 4.48256e-10 0.00100358 0.0765481 0.00010036 0.000305502 
6.76101e-06 0.751028 0.0098926 0.028153 0.00850614 0.0420325 7.65529e-09 0.000224131 0.023894 0.0403364 0.016079 0.0303712 2.06036e-05 0.00834742 0.00236422 0.00498506 0.0002218 0.00921453 0.0214505 0.00140513 0.00146679 
1.55449e-05 0.323462 0.0039164 0.00127864 0.000856704 0.000177508 0.0054406 0.226396 0.0265618 0.246204 0.0178199 0.0185482 2.48629e-06 0.0479527 6.77435e-05 0.00034358 4.10185e-09 0.000232075 0.0684274 0.000133309 0.0121642 
4.32402e-05 0.597806 0.00179285 0.00378598 0.00213289 0.000262486 0.000193394 9.40697e-05 0.0706716 0.0985879 0.0787058 0.0227561 1.34457e-05 0.00553514 0.0419755 0.000177873 3.85921e-06 0.00183148 0.072616 7.21232e-05 0.000942019 
8.09493e-05 0.410128 0.0320531 0.0192342 0.0227466 0.00292838 1.4638e-06 0.0208014 0.0362187 0.0894277 0.0370349 0.0148261 9.05205e-06 0.116207 0.0127324 0.0180496 3.1589e-11 0.0180079 0.148682 0.000198118 0.000633782 
1.45403e-05 0.685943 0.0292963 0.00125329 0.00145846 0.0119134 4.25576e-05 0.00197914 0.0288905 0.11736 0.0273488 0.0449462 5.10041e-09 0.0289525 0.000458321 0.00126157 5.93814e-10 0.00501488 0.0134925 6.41697e-05 0.000309778 
5.0751e-09 0.868017 0.0119826 0.000155582 0.00213153 0.00212617 1.9985e-11 0.000117828 0.0324765 0.000169351 0.00235975 0.000598851 5.65157e-09 0.00444178 2.15124e-05 0.0521341 1.85722e-07 0.00781082 0.0146536 0.000690315 0.000112838 
2.25181e-05 0.398014 0.0220832 0.00517822 0.0307051 0.0137968 2.25461e-05 0.0174601 0.0552641 0.277675 0.0414207 0.0184056 7.05148e-06 0.0331483 0.0189424 0.0208119 1.0203e-07 0.00648763 0.0376801 0.00146691 0.00140736 
1.86355e-05 0.446273 0.0256495 0.0149496 0.00126668 0.0089232 3.75589e-06 0.00533664 0.0450214 0.232549 0.000288688 0.0807028 2.08933e-05 0.092081 0.00142064 0.000928646 0.000235443 0.00236602 0.0417449 0.000179009 4.05439e-05 
0.0101789 0.20746 0.0275633 0.0227744 0.162379 0.0163203 0.00204301 0.00349369 0.160037 0.0244167 0.00617179 0.030454 2.20722e-05 0.149093 0.0165452 0.0499939 7.17861e-06 0.0123329 0.0221159 0.0113433 0.0652551 
4.38308e-08 0.287883 0.0690961 0.0105812 0.173865 0.0254896 0.000426002 0.00476768 0.0396939 0.0031509 0.00565464 0.070298 5.75435e-06 0.0570538 0.00212582 0.00822659 3.93855e-09 0.105468 0.0707963 0.00283127 0.0625861 
0.000624551 0.370809 0.0115342 0.0150395 0.0221638 0.0200961 0.00799779 0.0221427 0.0525846 0.278951 0.0166143 0.0275649 0.0014243 0.0515358 0.0134738 0.0157917 0.000213832 0.0113701 0.0545972 0.00406691 0.00140409 
9.52488e-05 0.486944 0.00387811 0.0227143 0.00954663 0.0394729 0.000164171 0.00784156 0.0522472 0.0365583 0.0486247 0.0930861 2.49421e-06 0.0912465 0.022379 0.00257411 9.1755e-05 0.0129844 0.0655917 0.000711081 0.00324593 
7.41371e-05 0.443533 0.0158008 0.0120563 0.0534983 0.078881 6.65672e-06 1.75508e-07 0.235513 0.00125517 0.00240388 0.0162418 0.000103726 0.0408131 0.00138165 0.0182696 7.83656e-11 0.0609861 0.0186002 7.08585e-05 0.0005102 
3.64031e-05 0.266706 0.0347938 0.0519705 0.0851621 0.063777 4.96563e-06 0.0134095 0.197036 0.00166819 0.000153508 0.0499566 1.76506e-06 0.0972791 0.0084021 0.00599633 6.33928e-05 0.00696984 0.115598 0.00098256 3.15181e-05 
0.000164002 0.583302 0.00784903 0.00194234 0.20152 0.00101011 9.36608e-07 0.00250113 0.0147226 0.0315271 0.0193034 0.0339876 2.48187e-06 0.0213575 0.0482037 2.16656e-07 4.87293e-12 0.00167308 0.0167147 0.000463713 0.0137549 
7.19279e-06 0.210723 0.0510076 0.036817 0.0166353 0.0244219 1.33233e-06 0.0203635 0.180952 0.00624045 0.016579 0.0963065 9.74636e-07 0.137939 0.000221738 0.0638264 1.46828e-09 0.00335978 0.13129 0.00294188 0.000366441 
2.06028e-06 0.5256 0.00153103 0.0153791 0.000131464 0.000232533 0.000821072 0.0231396 0.0268955 0.0141715 0.00327227 0.273531 1.15598e-06 0.0667727 0.00151447 0.000855481 6.81837e-09 0.00214209 0.0439797 2.73897e-05 2.68048e-07 
5.72546e-05 0.610125 0.0800799 0.0161991 0.0432225 0.00665093 1.24387e-05 0.00327291 0.102148 0.00208599 0.00458147 0.010302 1.09474e-05 0.0448814 0.0123261 0.0342423 1.22045e-06 0.0116748 0.0150405 0.00260031 0.000484108 
0.00393886 0.197674 0.0249179 0.0163907 0.0310453 0.0349543 5.45223e-05 0.00633547 0.0535075 0.0238334 0.12993 0.0457428 4.97803e-06 0.196825 0.00479441 0.14248 1.22493e-06 0.0338831 0.043873 0.00802462 0.00178961 
2.56458e-05 0.429068 0.00251226 0.0122301 0.00855691 0.000890084 2.77703e-06 0.000256771 0.0341624 0.00777374 0.101229 0.0691958 2.23107e-07 0.0382218 0.00864109 0.00150153 2.02833e-11 0.00230719 0.262457 4.19396e-05 0.0209262 
9.22026e-07 0.724642 0.0100458 0.0526681 2.71066e-06 0.00650927 9.97914e-06 2.17591e-06 0.00416 9.6851e-05 0.0692187 0.0806688 6.53648e-09 0.043637 0.000112848 9.12482e-09 1.08442e-08 2.19009e-05 0.00689285 0.00130859 1.7491e-06 
8.10311e-05 0.606185 0.0101108 0.0155928 0.00767562 0.00421405 0.0193684 0.100772 0.0432298 0.0519657 0.0011442 0.0291454 8.25649e-05 0.0684434 0.00507151 0.00825404 5.74418e-10 0.00535187 0.0160474 0.00680666 0.000457592 
1.52938e-05 0.646004 0.0644568 0.0205737 0.0013498 0.159002 0.000164224 5.65334e-05 0.0486257 0.0145123 0.00159098 0.00172819 2.33126e-07 0.0082023 0.00022772 0.00186554 2.87288e-06 0.0243038 0.000803572 0.00597283 0.000541958 
4.91017e-10 0.241574 0.0207077 0.0950112 0.00326988 0.089812 5.12327e-07 1.00728e-06 0.00499647 0.00121398 0.23606 0.0108842 9.92718e-08 0.045927 1.10691e-06 0.0207805 2.46503e-06 0.000968477 0.201555 0.0162869 0.010947 
0.00015008 0.182337 0.0667918 0.00685016 0.179395 0.071989 0.00291421 0.000508265 0.0718418 0.0529022 0.0060367 0.0911244 0.000208761 0.0386963 0.0105521 0.00296221 2.51674e-07 0.0403093 0.172649 0.00126778 0.000512456 
1.35344e-07 0.846028 0.000519548 0.00576793 2.03254e-06 0.00129173 5.71881e-06 7.3142e-08 0.0505161 0.00177017 0.00106803 4.28149e-06 7.04953e-08 0.00846113 1.45629e-06 1.33854e-06 2.70712e-09 3.88978e-07 0.0845614 5.20149e-07 9.81818e-08 
0.00179303 0.213105 0.0759091 0.00480637 0.0195191 0.134125 0.0702495 0.00907148 0.131716 0.0260892 0.00651083 0.0409487 0.000181344 0.122499 0.00984939 0.00563139 3.45861e-06 0.0195814 0.107327 0.000936223 0.000146847 
7.95819e-05 0.32597 0.00966292 0.0183404 0.00618261 0.00722539 0.00312599 0.0138453 0.0278485 0.285403 0.00293624 0.12756 0.000198024 0.0490879 0.0145575 0.00400985 0.0489145 0.00942382 0.0421889 0.00147159 0.0019684 
0.000115971 0.290323 0.00165901 0.0742057 1.80248e-06 3.05195e-07 0.000124048 5.3934e-05 0.0102789 0.246718 0.0228299 0.279694 5.76265e-05 0.0243996 0.00104735 0.000110376 2.39262e-08 0.00505095 0.0430574 0.000251257 2.04707e-05 
0.000219962 0.318698 0.0197708 0.00677712 0.00625575 0.00163414 0.00157927 0.000330541 0.0436358 0.00787385 0.00100461 0.189191 2.83048e-05 0.106574 0.00253041 0.00240647 9.89722e-08 0.00640502 0.284021 0.000549282 0.000514499 
1.73081e-05 0.633786 0.0153328 0.0305647 0.018282 0.0646698 6.35196e-05 0.000935322 0.0441675 0.00408614 0.000188303 0.0244998 1.21329e-06 0.0365749 0.0260199 0.00316598 7.66048e-05 0.0528377 0.0358453 0.00880543 8.01825e-05 
2.86402e-05 0.380303 0.000457114 0.0314949 0.000627592 0.000278303 1.60792e-06 0.0183488 0.0143407 0.0639773 3.29322e-06 0.326053 3.84304e-05 0.00082736 0.00136629 0.00214659 2.51704e-07 0.00423976 0.155413 2.5026e-05 2.82219e-05 
5.14122e-09 0.653903 0.0388781 0.0182569 0.0165367 0.0486729 3.9922e-07 0.000622539 0.00383173 0.0893666 0.0574703 0.00816822 6.52456e-08 0.00481261 0.0330457 0.000559029 1.68374e-10 3.05166e-07 0.0255931 0.000281527 2.01898e-08 
3.31666e-05 0.468761 0.0716583 0.00637804 0.0359472 0.0231238 0.000527961 0.0425313 0.0930209 0.00533051 0.000205253 0.0235204 6.7147e-06 0.15922 0.000652155 0.00316378 0.000210164 0.0201327 0.0362241 0.00792021 0.00143234 
9.24747e-05 0.369179 0.0165369 0.0171394 0.0555789 0.0362309 0.00137716 0.0108691 0.0694259 0.127456 0.00156113 0.0760991 2.32608e-05 0.0727333 0.00797739 0.0129949 1.42908e-08 0.0316892 0.0867248 0.00528524 0.00102493 
0.00090652 0.399559 0.0239851 0.0287786 0.0544159 0.0146189 0.114319 0.00454006 0.0349228 0.00399759 0.000118776 0.113091 0.025832 0.106774 0.00144884 0.000261405 5.43211e-10 0.0140496 0.0568261 0.00136666 0.000187359 
0.000211921 0.350058 0.157647 0.0221076 0.0159986 0.0138694 0.000144794 0.000239289 0.0586227 0.00160104 0.00289405 0.0746649 0.000476718 0.150419 0.00155515 0.0218726 2.42158e-06 0.000612493 0.032571 0.047996 0.0464349 
1.45846e-05 0.777065 0.00900115 0.00350282 0.00906909 0.00154654 0.000113668 0.00329016 0.0309867 0.10242 0.00186959 0.00326477 4.26674e-08 0.0260175 0.00155809 0.000533151 1.36489e-08 0.018147 0.0101268 0.000648394 0.000824921 
0.00490962 0.516568 0.0165869 0.0128338 0.0105996 0.0099555 4.2821e-05 0.0300575 0.0359785 0.190365 0.00587873 0.0182934 1.44262e-06 0.0931721 0.00659155 0.000601351 1.20686e-06 0.00623238 0.0403995 0.000499581 0.000430935 
8.10503e-06 0.806169 0.000267055 0.000134898 0.000222225 8.45181e-06 0.0588438 0.00602393 0.0280553 0.000222743 0.000676806 0.0171262 1.90496e-05 0.0627122 4.03285e-05 0.000112772 4.46066e-10 9.93786e-07 0.0193158 6.59248e-09 4.03015e-05 
3.52661e-05 0.393683 0.00473044 0.0236094 0.0141882 0.0100628 0.00488153 0.0307874 0.0235207 0.341658 0.000334325 0.0130897 6.31182e-06 0.0942893 0.00768738 0.00249762 3.36039e-10 0.00861454 0.0255316 0.000419166 0.000373451 
7.73771e-09 0.472359 0.0422742 0.000996162 0.00112065 0.00557611 2.00019e-06 0.000322207 0.0456795 0.076381 0.00350894 0.0277327 2.5499e-06 0.00238165 0.00291167 0.0424797 4.68089e-08 7.73831e-09 0.275978 0.000188307 0.000105068 
1.33922e-06 0.600567 0.0109603 0.00393 0.00517626 0.0178038 1.92419e-06 0.00264495 0.131462 0.0192499 0.00268832 0.00756195 3.17357e-06 0.160882 7.86619e-05 0.00183448 1.91296e-08 0.0266575 0.0077778 0.000209071 0.000509403 
9.17591e-06 0.364139 0.0319998 0.00351834 0.00392408 0.00141411 3.17671e-05 0.00301474 0.0874991 0.146296 0.000413501 0.0196289 6.91147e-07 0.194171 0.0141536 0.0139047 1.24921e-09 0.00745 0.105752 0.000194719 0.00248519 
1.82368e-08 0.959536 0.00191981 0.000650277 0.000283074 0.000521579 5.83939e-08 0.000176624 2.35718e-07 0.0348415 0.000178404 9.49031e-06 4.56199e-10 0.00104254 1.55997e-05 4.4191e-06 2.91274e-06 0.000638266 0.000168998 1.04991e-05 4.17096e-10 
5.07359e-06 0.482367 0.00500672 0.15865 0.0195822 0.0197238 0.00208461 0.000773668 0.0262759 0.117421 0.000158417 0.0416716 0.000141467 0.0409183 0.000492437 0.0182798 2.50193e-06 0.00419994 0.0610939 0.000811757 0.000339263 
2.19684e-05 0.237511 0.0642497 0.0500585 0.0270084 0.0373737 0.00152876 0.00774502 0.105423 0.00896069 0.00490373 0.174896 0.000129215 0.14618 0.0114673 0.0216005 0.00205919 0.0145971 0.0568268 0.0252158 0.00224312 
5.41424e-05 0.426886 0.0169099 0.0118335 0.0577389 0.0106266 0.00109038 0.00141533 0.0970216 0.0315999 0.00239525 0.137209 3.41692e-05 0.0658194 0.0211613 0.00212358 4.37921e-08 0.019983 0.0883558 0.00615262 0.00158996 
