7.8949e-09 0.115553 0.00831236 0.00553215 1.29915e-07 0.00158228 3.09426e-08 0.000134428 0.00803008 0.00013462 0.810312 0.0200162 5.94472e-09 0.0282675 0.000122077 0.00129547 6.71835e-11 1.0645e-07 0.000290426 2.42032e-07 0.000417332 
1.29883e-06 0.0122958 0.000471134 0.000165496 0.00300305 4.31543e-05 1.47548e-07 1.79891e-05 0.000289593 0.00024953 0.982308 8.58631e-05 1.3548e-06 0.00012888 0.00046567 2.4272e-07 3.70217e-09 0.000441606 2.91347e-05 1.08071e-08 2.09707e-06 
0.00100119 0.187251 0.041179 0.0461086 0.0480884 0.0107926 8.44418e-05 0.00393793 0.074966 0.0140539 0.241769 0.136252 5.23932e-05 0.0742987 0.0266078 0.0133972 0.000535152 0.0128953 0.0385334 0.0118586 0.0163374 
2.1897e-06 0.0790139 0.00324365 0.00177442 0.0146641 9.87706e-06 1.14298e-05 0.000115701 0.0124992 0.000818455 0.609695 0.250629 4.70746e-08 0.00638546 0.00211005 0.00962593 2.51764e-06 2.86428e-05 0.00934809 1.9897e-05 2.37522e-06 
4.09722e-05 0.0796075 0.0312531 0.00751579 0.00157109 0.000808911 0.0271381 7.22787e-05 0.0458845 0.0113837 0.506789 0.166105 6.24519e-05 0.035768 0.000232832 0.00410551 3.26199e-07 0.00338487 0.073131 0.00491673 0.000228992 
1.3564e-05 0.254629 4.45936e-05 4.23219e-05 0.000710002 0.0705031 0.000446009 0.000282125 0.0156634 0.000118732 0.641493 0.00217165 3.02023e-09 0.00110292 2.86445e-06 0.00673999 0.000204153 0.0053138 7.88455e-05 0.000439049 2.76135e-09 
3.59586e-05 0.0737501 0.0139122 0.00512846 0.0135002 0.0140413 0.000188442 0.000553878 0.080072 0.0028409 0.347731 0.0418365 3.67707e-05 0.344937 0.00694674 0.00287457 3.72588e-08 0.00101523 0.0489203 0.00145778 0.000220568 
1.29883e-06 0.0122958 0.000471134 0.000165496 0.00300305 4.31543e-05 1.47548e-07 1.79891e-05 0.000289593 0.00024953 0.982308 8.58631e-05 1.3548e-06 0.00012888 0.00046567 2.4272e-07 3.70217e-09 0.000441606 2.91347e-05 1.08071e-08 2.09707e-06 
1.37517e-05 0.085973 0.0055435 0.0175382 0.00093569 0.000874538 0.000409702 2.92894e-05 0.0121393 0.00122492 0.522073 0.277299 3.71117e-05 0.0209522 0.00685978 0.00144855 6.22009e-10 0.00504351 0.0405444 0.000891087 0.000169273 
1.13205e-05 0.373477 0.00404603 0.00094035 0.000299983 0.000286782 2.63156e-06 0.0135953 0.0205096 0.000930281 0.521808 0.00906962 2.99336e-07 0.0238667 0.000485295 0.00016205 1.6936e-07 7.67079e-06 0.0290747 0.00127881 0.000147272 
0.0201399 0.105581 0.0478208 0.0207786 0.0128886 0.00130755 0.00215166 0.00140553 0.00684914 0.000412728 0.412745 0.0948821 0.0368293 0.0835536 0.00114248 0.0834586 3.32984e-07 0.0244584 0.012283 0.00146079 0.0298515 
8.25416e-05 0.0411284 0.0380843 0.0139226 0.00533331 0.00436405 0.0116002 0.00399417 0.0101353 0.000276295 0.396511 0.381763 0.00287101 0.0434741 0.0286974 0.00019446 3.59355e-08 0.00149834 0.0139503 0.00190193 0.00021648 
1.37517e-05 0.085973 0.0055435 0.0175382 0.00093569 0.000874538 0.000409702 2.92894e-05 0.0121393 0.00122492 0.522073 0.277299 3.71117e-05 0.0209522 0.00685978 0.00144855 6.22009e-10 0.00504351 0.0405444 0.000891087 0.000169273 
0.000151308 0.110863 0.067462 0.093626 0.129331 0.00474053 2.5928e-05 0.000397585 0.0331319 0.0016789 0.269506 0.0313283 0.000175796 0.150776 0.0282179 0.000149101 3.42775e-06 0.000190679 0.0728061 0.00477801 0.000659842 
3.12214e-08 0.0651333 0.0227091 0.0666508 0.00553465 5.90366e-05 1.54858e-10 2.20568e-07 0.0118106 0.000116652 0.732942 0.0229252 1.52616e-07 0.0507055 0.0140142 0.00328209 1.98469e-10 4.7683e-07 0.00401625 3.48506e-06 9.618e-05 
9.75947e-06 0.0765776 0.00575464 0.0181117 0.00115523 0.00861231 0.00206994 4.50246e-05 0.0123742 0.000988285 0.408064 0.342361 2.6356e-05 0.0168444 0.0122322 0.00113547 4.73306e-09 0.00486869 0.0472179 0.0414288 0.000121943 
0.000166083 0.042327 0.0744053 0.0217893 0.0894809 0.00532657 3.54093e-06 0.00027122 0.0412109 0.00861119 0.474345 0.0449358 0.000125311 0.086317 0.0743707 0.00917962 0.00133553 0.00116836 0.0216638 0.000989054 0.00197745 
1.17477e-05 0.328486 0.0207568 0.0151637 0.00547995 0.000338472 1.01242e-05 0.00152538 0.0819198 0.00276006 0.428037 0.0169413 1.71645e-05 0.0243605 5.98139e-05 0.00736866 2.95454e-05 0.0142391 0.0517133 0.000777303 4.55781e-06 
1.52368e-06 0.126965 0.0150628 0.0298493 0.00369924 0.00495996 1.79656e-07 0.000206737 0.00934113 0.00160239 0.780278 0.00370406 7.99526e-06 0.00567434 0.000133579 0.00390962 4.46928e-05 0.00202385 0.0112508 0.00102752 0.000256871 
5.39519e-06 0.0254932 0.000159559 0.0175075 0.0015805 4.27659e-05 3.5453e-08 0.0705981 0.000704397 0.000524131 0.438814 0.099464 3.58805e-05 0.200276 0.000861239 0.0159885 1.55982e-05 0.0610134 0.0665044 1.895e-08 0.00041068 
3.58412e-09 0.0606483 0.0118817 0.0074788 0.00608985 0.00161402 2.14668e-06 6.14433e-05 0.0268667 0.000196474 0.760762 0.0256664 1.08709e-06 0.00883978 0.00116626 0.0730122 2.16819e-08 0.00259396 0.0111114 0.00156281 0.000444515 
8.7663e-08 0.0498951 0.00845367 0.0013872 9.60944e-06 1.87118e-05 4.13785e-07 2.12844e-07 0.00822301 0.000254202 0.822858 0.0339119 0.00363962 0.0132624 0.00198798 0.00489912 0.000468972 0.00164357 0.0451278 0.00393294 2.50121e-05 
1.10158e-05 0.0903722 0.000998195 0.000528752 0.00703606 0.000138329 0.000583058 0.00180889 0.00661017 0.0179331 0.847355 0.00823456 5.5698e-06 0.0108269 0.00270269 0.000317395 2.67203e-07 0.00280485 0.0017143 1.865e-06 1.67715e-05 
4.3948e-07 0.247812 0.0374778 0.029237 0.0338038 1.74055e-05 8.52846e-10 0.000337066 0.0825611 1.13554e-10 0.311028 0.041491 9.20242e-07 0.160342 1.33503e-06 0.00748502 1.09302e-09 0.000221967 0.0388469 0.0071728 0.00216374 
0.000347549 0.0629493 0.0242919 0.0298582 0.0693031 0.033886 0.00187603 0.00534865 0.0510162 0.00273212 0.304817 0.0223445 0.000252328 0.229338 0.00159496 0.0294834 1.07198e-08 0.00553176 0.118371 0.00616304 0.000495463 
1.95598e-08 0.0417319 0.00569577 0.00673705 1.2161e-07 0.000637705 1.6589e-07 0.000144616 0.0764303 3.41862e-05 0.50992 0.00158247 1.83435e-06 0.304299 9.47205e-08 0.000548074 1.97696e-08 1.86576e-11 0.0520811 4.70693e-11 0.000155538 
2.8417e-05 0.141717 0.139921 0.0116998 0.0012789 0.000504585 4.04292e-05 0.00124913 0.00527856 0.000735422 0.313864 0.156542 1.72139e-06 0.0202602 0.0239747 0.141638 2.22222e-07 0.00375287 0.022977 0.000180758 0.0143546 
0.00152805 0.173639 0.0461284 0.0188999 0.048208 0.00474526 0.000425073 0.00171745 0.0727113 0.00866131 0.247802 0.0605336 6.60472e-06 0.126814 0.0175303 0.0709076 2.65175e-07 0.00356966 0.0292396 0.00307287 0.0638602 
1.31122e-05 0.233579 0.00527719 0.000328569 1.95966e-07 2.24656e-05 2.69581e-05 0.00498053 0.0106395 0.000152872 0.652837 0.00731888 3.30546e-09 0.0435642 0.0148705 0.00336572 1.64399e-09 1.69873e-06 0.0228219 4.85102e-08 0.000200382 
0.000199885 0.209945 0.0497706 0.0336464 0.0130866 0.00534088 0.00130111 0.0022646 0.0311187 0.000554534 0.417721 0.0694403 9.01467e-05 0.0550868 0.01188 0.00893009 2.83171e-05 0.00734872 0.075721 0.00279979 0.00372568 
3.42963e-05 0.188716 0.000354272 0.000239054 0.00322128 7.54324e-05 0.00025748 0.00812481 0.00035316 2.58251e-05 0.741933 0.0209797 4.60321e-05 0.00273465 0.000234304 0.00140758 3.30879e-06 0.0106249 0.0201425 0.000413651 7.8323e-05 
0.00316336 0.189006 0.128056 0.0113405 0.0489608 0.00285015 1.16021e-05 0.00161143 0.0180655 0.00239623 0.273691 0.177752 5.76848e-07 0.0220214 0.0509935 0.010527 3.24744e-10 0.00499882 0.0504731 0.00196333 0.00211757 
7.48558e-05 0.0527378 0.0114856 0.0173944 0.00199923 0.0278253 0.0100996 0.000230645 0.00855536 0.0139852 0.313531 0.157813 0.17253 0.0208793 0.000418764 0.00303714 1.72947e-07 0.0403647 0.110993 0.0103815 0.0256629 
9.37249e-05 0.00410095 0.00116026 0.00110644 0.000481978 0.000443275 3.36737e-05 1.73212e-05 0.00131913 0.000417785 0.84165 0.000421562 2.60133e-05 0.00105156 1.19436e-05 0.139308 4.31567e-05 0.00121014 0.00706215 1.7999e-05 2.37836e-05 
1.0765e-06 0.244128 0.00172762 0.00504871 8.25605e-05 2.70996e-07 3.18975e-05 0.0109582 0.0728209 0.00271803 0.400359 0.00751363 6.88016e-09 0.211362 2.4684e-05 6.1664e-07 7.86191e-09 3.25555e-06 0.0432192 3.77453e-11 7.3475e-10 
0.000259312 0.12673 0.0329741 0.00760443 0.0529198 0.00440545 0.000112991 0.00233729 0.0831803 0.00965296 0.370989 0.0360009 7.61016e-05 0.131896 0.00366347 0.0148919 1.91199e-05 0.000927906 0.114686 0.00318891 0.00348318 
7.1908e-07 0.180737 0.0062523 0.000381395 0.000143831 0.00210981 0.00512186 0.00249954 0.0226433 0.0387877 0.688035 0.0086366 6.37484e-10 0.0175995 0.00158664 2.90643e-05 3.32585e-06 1.74839e-10 0.0250239 0.000149488 0.000258861 
0.000102956 0.129584 0.0170203 0.00392787 0.000239802 0.00430945 2.26066e-07 0.0155834 0.00268368 4.19399e-08 0.721581 0.00664309 2.14691e-07 0.00503619 0.0407646 0.000344889 7.41359e-11 0.000481698 0.00972389 4.49292e-05 0.041928 
3.78176e-05 0.0239888 0.00172368 0.0403686 0.00019416 0.0109691 3.64509e-05 0.000613504 0.0821193 0.000553399 0.518678 0.0301024 0.000103522 0.21115 0.00815886 0.00934802 1.72229e-07 1.41155e-06 0.0085101 6.04014e-07 0.0533418 
8.53952e-06 0.0571611 0.0781777 0.0132859 0.00166496 0.00308033 3.47947e-10 0.000876184 0.0378869 0.00962603 0.336457 0.162576 5.37677e-08 0.0765506 0.0145244 0.167122 4.45934e-10 0.0102842 0.0248065 0.00591142 5.13384e-07 
5.53895e-07 0.194309 0.0185056 0.0138253 3.89602e-07 0.00946618 8.05774e-05 0.0397643 0.0144462 0.0003616 0.519325 0.029087 4.28207e-07 0.116352 5.59466e-07 0.000959436 6.9824e-10 0.00834843 0.0340697 0.00106882 2.85668e-05 
0.00135918 0.261638 0.0235411 0.0247334 0.00400977 0.00520092 0.00764168 0.01195 0.0402717 0.0129625 0.409391 0.0639164 4.45723e-06 0.0515568 0.00356135 0.0181749 0.000836714 0.00426163 0.0498294 0.00128037 0.00387851 
0.000383192 0.102319 0.0314369 0.00834841 0.0261832 0.00145128 0.00932794 0.00173775 0.0143284 0.00497083 0.36841 0.24983 6.05385e-05 0.0574761 0.0955145 0.000662498 1.27467e-07 0.000399898 0.0225654 0.00425505 0.000339164 
1.29883e-06 0.0122958 0.000471134 0.000165496 0.00300305 4.31543e-05 1.47548e-07 1.79891e-05 0.000289593 0.00024953 0.982308 8.58631e-05 1.3548e-06 0.00012888 0.00046567 2.4272e-07 3.70217e-09 0.000441606 2.91347e-05 1.08071e-08 2.09707e-06 
0.000186839 0.0958997 0.0210188 0.0056137 0.00101657 0.0118445 4.18331e-07 0.00105419 0.0112182 0.000353736 0.672793 0.0912533 3.66766e-05 0.0275946 0.000163206 0.0351878 5.36139e-07 0.00306326 0.0187541 0.00286667 7.97443e-05 
1.29883e-06 0.0122958 0.000471134 0.000165496 0.00300305 4.31543e-05 1.47548e-07 1.79891e-05 0.000289593 0.00024953 0.982308 8.58631e-05 1.3548e-06 0.00012888 0.00046567 2.4272e-07 3.70217e-09 0.000441606 2.91347e-05 1.08071e-08 2.09707e-06 
1.29883e-06 0.0122958 0.000471134 0.000165496 0.00300305 4.31543e-05 1.47548e-07 1.79891e-05 0.000289593 0.00024953 0.982308 8.58631e-05 1.3548e-06 0.00012888 0.00046567 2.4272e-07 3.70217e-09 0.000441606 2.91347e-05 1.08071e-08 2.09707e-06 
2.4407e-05 0.0659638 0.00191194 0.00522145 0.00131575 2.13102e-08 0.00611485 2.45833e-07 0.0019479 0.000310344 0.669873 0.0282864 1.40756e-06 0.0273366 0.0860333 0.000199451 6.6526e-10 1.26686e-06 0.105457 1.03975e-06 4.65931e-08 
2.64485e-05 0.0654248 0.273966 0.00656948 0.0477885 0.018153 3.27356e-08 3.15739e-05 0.0407896 0.000570337 0.466804 0.00166482 2.5877e-06 0.0392749 0.00775858 0.00209704 7.06901e-10 0.00171602 0.0265587 0.00066845 0.000135738 
1.80862e-05 0.226077 0.00327581 0.0398658 4.06603e-07 0.00208548 2.98411e-07 9.94527e-08 0.0468406 0.000533871 0.343482 0.103009 0.000216138 0.123731 8.87573e-07 3.82916e-05 1.80922e-07 0.00581215 0.0902765 0.0147352 1.87823e-07 
9.0513e-09 0.0621856 6.36466e-09 1.23661e-08 4.25896e-06 7.93525e-09 4.27237e-08 2.19764e-08 3.56013e-09 0.0243078 0.913488 2.22594e-07 3.30046e-08 3.43483e-09 1.51536e-08 6.50304e-08 5.47554e-08 1.31407e-05 2.80886e-09 2.28363e-08 2.93772e-07 
0.000213439 0.251674 0.00220663 0.00344264 0.000249653 0.0128084 0.0124321 0.000485088 0.0108032 0.0022437 0.521784 0.137055 1.88029e-06 0.0230791 0.0061845 0.00311987 0.000300037 0.000738366 0.00979299 0.00126286 0.000122905 
7.57486e-05 0.135868 0.0168083 0.00396192 0.000227784 0.00333709 2.8818e-08 0.00552367 0.00269985 2.06515e-09 0.736074 0.00622384 1.00201e-08 0.00518053 0.0320639 0.000247346 7.34421e-11 0.000443838 0.0100768 4.01081e-05 0.0411469 
2.1897e-06 0.0790139 0.00324365 0.00177442 0.0146641 9.87706e-06 1.14298e-05 0.000115701 0.0124992 0.000818455 0.609695 0.250629 4.70746e-08 0.00638546 0.00211005 0.00962593 2.51764e-06 2.86428e-05 0.00934809 1.9897e-05 2.37522e-06 
1.13205e-05 0.373477 0.00404603 0.00094035 0.000299983 0.000286782 2.63156e-06 0.0135953 0.0205096 0.000930281 0.521808 0.00906962 2.99336e-07 0.0238667 0.000485295 0.00016205 1.6936e-07 7.67079e-06 0.0290747 0.00127881 0.000147272 
2.17364e-05 0.0472824 0.006616 0.00808209 0.0191024 0.0120278 1.18648e-06 1.28659e-05 0.0582664 0.000119356 0.677877 0.0444871 5.36492e-07 0.0392356 4.24083e-10 0.0866214 1.53237e-09 1.02113e-05 2.81638e-05 7.69968e-05 0.000130913 
0.00144638 0.162087 0.0256779 0.0122684 0.00885138 0.00760306 0.000614688 0.0028926 0.0436406 0.00533023 0.563152 0.0355716 2.89665e-05 0.0424125 0.00613699 0.038808 0.000802396 0.00457364 0.0354132 0.00204643 0.000641638 
2.1897e-06 0.0790139 0.00324365 0.00177442 0.0146641 9.87706e-06 1.14298e-05 0.000115701 0.0124992 0.000818455 0.609695 0.250629 4.70746e-08 0.00638546 0.00211005 0.00962593 2.51764e-06 2.86428e-05 0.00934809 1.9897e-05 2.37522e-06 
6.2688e-05 0.0302243 0.0238779 0.0073524 0.0019685 0.00543586 3.63233e-06 0.000425126 0.0498035 0.00648592 0.617639 0.0172434 1.01341e-05 0.155339 0.00394333 0.0106509 7.72036e-06 0.000290336 0.0381089 0.000417228 0.0307097 
2.19582e-05 0.0475072 0.0415873 0.0786671 0.00264186 0.0283952 3.92534e-05 3.06955e-06 0.0108847 1.4858e-05 0.599485 0.148155 9.30167e-06 0.0014335 0.00448898 0.00253621 0.00101693 0.0190451 0.00617899 0.00775677 0.000131584 
9.27884e-06 0.27468 0.00588315 0.00138414 0.013047 0.00232753 5.86543e-06 0.00141991 0.00520411 0.0308704 0.613109 0.00597775 3.6745e-05 0.0124476 0.010954 0.000528748 4.34485e-08 0.0115133 0.00767726 2.87737e-05 0.00289518 
3.70473e-06 0.033485 0.0212979 0.0062465 0.00424348 0.00423911 0.00120736 8.58001e-05 0.00233833 2.71868e-05 0.833773 0.0412322 2.94741e-05 0.00855445 0.0156423 0.00431664 0.00110801 7.85646e-06 0.0198325 1.02319e-05 0.00231875 
0.000102575 0.0700724 0.0999865 0.0139933 0.0155072 0.00714299 4.2645e-06 0.000347526 0.0971029 0.00836862 0.263551 0.0885982 2.37802e-08 0.0270869 0.0288262 0.21156 8.56523e-06 0.0236465 0.0391701 0.00455844 0.000365257 
6.70355e-07 0.155851 0.0169579 0.0051844 0.00114246 0.000133478 0.000127257 1.34408e-06 0.00599577 0.000333431 0.741699 0.00111404 7.20648e-09 0.0599468 1.18822e-06 0.0041741 1.71258e-10 2.64357e-07 0.00688567 0.000429081 2.2733e-05 
3.77503e-05 0.0952983 0.0271439 0.0490165 0.021845 0.0307863 0.000372453 0.000908156 0.012135 0.000901251 0.594807 0.0989074 0.000527586 0.000283071 0.0632838 0.000551757 1.85757e-07 3.07088e-08 6.62846e-06 7.74719e-08 0.00318788 
2.7107e-05 0.140469 0.0577689 0.0088618 0.0145895 0.00635891 0.00433008 0.00180906 0.0556042 0.000168531 0.373257 0.019975 5.8696e-06 0.290959 0.000803371 0.00827594 6.12262e-07 0.00317115 0.0133107 0.000165581 8.8554e-05 
1.04804e-08 0.0147452 3.54678e-06 1.43185e-08 7.14589e-09 1.26756e-05 2.64209e-06 0.0309613 4.00039e-06 2.93388e-06 0.952678 0.000205694 3.82155e-08 0.000154693 0.000156871 3.25725e-07 6.34004e-08 1.04812e-08 4.87333e-07 2.64418e-08 0.00107175 
1.63556e-07 0.218207 0.00208092 0.239891 0.00508312 4.71286e-11 2.53743e-10 7.4405e-07 0.000382475 3.37851e-11 0.401014 0.0381857 1.00396e-07 0.0918862 3.6046e-06 7.11966e-07 3.25201e-10 5.34036e-09 7.0634e-06 0.00325654 8.201e-07 
2.87463e-12 0.0508067 2.02137e-12 1.59708e-08 1.96003e-12 2.52018e-12 1.35688e-11 0.000552239 0.000180623 2.76947e-09 0.947285 2.20551e-08 1.0482e-11 0.00105157 3.8802e-09 3.84768e-12 1.73899e-11 2.87485e-12 0.000123715 7.25265e-12 2.20317e-08 
1.13205e-05 0.373477 0.00404603 0.00094035 0.000299983 0.000286782 2.63156e-06 0.0135953 0.0205096 0.000930281 0.521808 0.00906962 2.99336e-07 0.0238667 0.000485295 0.00016205 1.6936e-07 7.67079e-06 0.0290747 0.00127881 0.000147272 
0.00316336 0.189006 0.128056 0.0113405 0.0489608 0.00285015 1.16021e-05 0.00161143 0.0180655 0.00239623 0.273691 0.177752 5.76848e-07 0.0220214 0.0509935 0.010527 3.24744e-10 0.00499882 0.0504731 0.00196333 0.00211757 
6.62861e-09 0.122453 1.61066e-07 0.000106101 4.70255e-08 5.70782e-08 3.61765e-10 0.000938994 0.010311 0.000360916 0.850064 0.000122687 7.3706e-09 0.0123006 5.91855e-06 6.0674e-08 2.42704e-07 3.97039e-07 0.00326165 9.11608e-07 7.33217e-05 
1.95598e-08 0.0417319 0.00569577 0.00673705 1.2161e-07 0.000637705 1.6589e-07 0.000144616 0.0764303 3.41862e-05 0.50992 0.00158247 1.83435e-06 0.304299 9.47205e-08 0.000548074 1.97696e-08 1.86576e-11 0.0520811 4.70693e-11 0.000155538 
1.95598e-08 0.0417319 0.00569577 0.00673705 1.2161e-07 0.000637705 1.6589e-07 0.000144616 0.0764303 3.41862e-05 0.50992 0.00158247 1.83435e-06 0.304299 9.47205e-08 0.000548074 1.97696e-08 1.86576e-11 0.0520811 4.70693e-11 0.000155538 
0.04037 0.122789 0.234799 0.00348237 0.00950315 0.00439827 0.000125896 2.63427e-08 0.0498569 1.64816e-07 0.268381 0.00324761 3.9562e-08 0.0268814 2.59584e-08 0.222266 3.22822e-06 0.00238664 0.0115026 3.06953e-06 3.52195e-06 
4.46475e-06 0.0240109 5.08655e-06 0.000875938 7.74335e-08 9.9563e-08 5.36052e-07 0.00695414 0.00218217 0.000591902 0.892216 0.0682381 4.14107e-07 0.00296202 8.95289e-05 1.52008e-07 6.87012e-07 1.13575e-07 0.00186724 2.86525e-07 3.78611e-07 
1.48157e-07 0.0298013 0.00676421 0.000555906 6.72231e-09 6.72909e-05 8.27283e-06 0.0001574 0.00336872 0.00110066 0.946395 0.00129055 3.59502e-08 0.00565628 4.00545e-05 0.00343022 5.96423e-08 1.48681e-05 0.00124625 6.9529e-05 3.35136e-05 
1.95598e-08 0.0417319 0.00569577 0.00673705 1.2161e-07 0.000637705 1.6589e-07 0.000144616 0.0764303 3.41862e-05 0.50992 0.00158247 1.83435e-06 0.304299 9.47205e-08 0.000548074 1.97696e-08 1.86576e-11 0.0520811 4.70693e-11 0.000155538 
2.69484e-05 0.0979268 0.0287773 0.0190142 0.00776568 0.000950878 0.00522727 5.5389e-06 0.0596215 0.0158526 0.624491 0.0515264 1.27272e-06 0.00628682 0.0247783 0.0382256 5.94412e-06 0.00270691 0.0100412 0.000819513 0.00594783 
1.37517e-05 0.085973 0.0055435 0.0175382 0.00093569 0.000874538 0.000409702 2.92894e-05 0.0121393 0.00122492 0.522073 0.277299 3.71117e-05 0.0209522 0.00685978 0.00144855 6.22009e-10 0.00504351 0.0405444 0.000891087 0.000169273 
0.000651469 0.0659599 0.01791 0.0290261 0.0199834 0.00151976 0.000287694 0.00309281 0.00993441 0.0360313 0.707955 0.0202849 0.000402761 0.0174531 0.00281933 0.0139073 5.06235e-06 0.0140047 0.0371869 2.1113e-06 0.00158247 
0.00188149 0.189126 0.022181 0.00299894 0.0908616 0.0376016 2.93796e-05 0.00594027 0.0920482 0.00275173 0.279368 0.00312497 5.69563e-05 0.0387273 0.00149979 0.00775946 2.48444e-10 0.000802119 0.219056 0.00412876 5.51844e-05 
6.43673e-07 0.195709 0.0182159 0.0557907 0.00119449 0.00031262 0.000311877 0.00615096 0.0725819 0.0152951 0.285738 0.0584385 3.41958e-10 0.182474 0.00590039 0.00751167 4.23414e-06 0.00363089 0.0905484 2.07483e-05 0.000169296 
0.000102956 0.129584 0.0170203 0.00392787 0.000239802 0.00430945 2.26066e-07 0.0155834 0.00268368 4.19399e-08 0.721581 0.00664309 2.14691e-07 0.00503619 0.0407646 0.000344889 7.41359e-11 0.000481698 0.00972389 4.49292e-05 0.041928 
7.00372e-06 0.253962 0.000623695 0.00133801 2.43027e-06 0.000241259 0.00146486 0.005986 0.00161562 0.0181373 0.511256 0.162956 2.06912e-05 0.0137637 0.00193305 0.000580062 4.57136e-09 0.000362782 0.0249849 0.000148586 0.000616437 
4.86746e-05 0.24827 0.0449903 0.0390435 0.0141793 0.00177315 0.0540262 0.00246832 0.0383941 0.0183919 0.396791 0.0545827 3.47339e-07 0.0372895 0.00757065 0.000608996 1.22491e-07 0.0145764 0.0262857 4.2436e-07 0.000708314 
0.00534033 0.104098 0.0267061 0.00973828 0.00761675 0.0046209 1.64895e-05 0.00093862 0.0304975 0.000563205 0.549431 0.0238874 2.77369e-05 0.201381 0.000640378 0.0101401 4.95881e-08 0.000526768 0.0200639 0.00321508 0.000550308 
1.7576e-07 0.0451774 0.119926 0.0283722 0.00528218 0.00684609 8.29617e-07 1.30453e-05 0.0327368 0.000785434 0.664551 0.0535429 2.80172e-06 0.0289044 0.00277905 0.00482538 1.03839e-05 1.75773e-07 0.00244863 0.00379445 5.85955e-07 
9.05671e-06 0.370219 0.0103143 0.00118643 0.00128016 0.000434706 7.84069e-06 0.0184253 0.0196712 0.0019981 0.473594 0.00740912 4.15844e-07 0.0453486 0.0025812 0.000653578 1.36451e-07 0.000132104 0.0432356 0.00334366 0.000155473 
1.94374e-05 0.17278 0.00944931 0.00171261 0.00290016 0.000467797 9.14211e-07 0.00140076 0.100208 0.00345196 0.339362 0.00941647 4.52571e-08 0.041121 0.00903272 0.049935 1.12819e-06 0.000101157 0.25838 0.000151775 0.000107304 
2.17909e-05 0.11678 0.0324986 0.0210446 0.00293892 0.000522328 1.56019e-05 0.00103625 0.0125577 0.000551503 0.634184 0.0564798 1.94158e-06 0.0295987 0.0125781 0.00484376 5.13521e-10 0.000337106 0.0724975 0.00137676 0.000134472 
4.53946e-05 0.161636 0.0340801 0.0158881 0.00685988 0.00577052 4.9991e-05 0.00214001 0.0488159 0.0142592 0.452841 0.0659225 9.8735e-05 0.0463458 0.0230258 0.0132264 0.00122417 0.0116271 0.0869697 0.00652606 0.00264763 
0.000126154 0.100441 0.0336225 0.0100856 0.0160286 0.0255351 0.000233303 0.00178069 0.0934059 0.00208661 0.238357 0.100112 4.13473e-06 0.143904 0.00832585 0.00202866 0.000131305 0.0791324 0.134399 0.00813523 0.00212406 
0.00664594 0.127779 0.0497742 0.0170443 0.180508 0.0291442 1.74415e-05 0.00857653 0.0850809 0.00573598 0.231018 0.0487148 3.43383e-05 0.101922 0.00901749 0.0036716 2.56031e-05 0.0308017 0.058155 0.00600434 0.000328563 
5.18875e-06 0.0604829 0.0406997 0.00923309 0.00125355 0.000231416 1.58683e-07 0.000271436 0.0060522 0.000910761 0.802866 0.0138012 6.31837e-06 0.0389557 0.00234617 0.00147013 4.32124e-10 0.000179385 0.0200508 0.00117416 9.69355e-06 
4.76986e-12 0.0543762 4.56299e-07 3.69725e-07 4.70244e-05 2.75197e-08 2.25145e-11 8.71585e-08 2.75854e-07 4.91741e-05 0.945337 1.84122e-05 1.64533e-08 3.02318e-07 3.10316e-08 1.03871e-05 2.8855e-11 0.000147922 1.67959e-07 1.20343e-11 1.24617e-05 
3.48917e-05 0.413353 0.000283727 0.00201068 0.000210559 5.92628e-05 0.00309967 0.0173571 0.00642902 0.0202318 0.422864 0.00829029 2.22132e-07 0.025798 0.00120298 0.000299179 6.66923e-06 0.00304961 0.0748029 3.69946e-05 0.000578973 
2.87463e-12 0.0508067 2.02137e-12 1.59708e-08 1.96003e-12 2.52018e-12 1.35688e-11 0.000552239 0.000180623 2.76947e-09 0.947285 2.20551e-08 1.0482e-11 0.00105157 3.8802e-09 3.84768e-12 1.73899e-11 2.87485e-12 0.000123715 7.25265e-12 2.20317e-08 
1.29883e-06 0.0122958 0.000471134 0.000165496 0.00300305 4.31543e-05 1.47548e-07 1.79891e-05 0.000289593 0.00024953 0.982308 8.58631e-05 1.3548e-06 0.00012888 0.00046567 2.4272e-07 3.70217e-09 0.000441606 2.91347e-05 1.08071e-08 2.09707e-06 
2.87463e-12 0.0508067 2.02137e-12 1.59708e-08 1.96003e-12 2.52018e-12 1.35688e-11 0.000552239 0.000180623 2.76947e-09 0.947285 2.20551e-08 1.0482e-11 0.00105157 3.8802e-09 3.84768e-12 1.73899e-11 2.87485e-12 0.000123715 7.25265e-12 2.20317e-08 
3.86875e-07 0.106985 0.0120191 0.00292578 0.000253809 3.9079e-06 7.04859e-05 4.3179e-06 0.0183955 0.00553643 0.806524 0.00840284 1.9934e-07 0.00846316 0.000283933 0.00102378 1.08382e-05 2.84919e-05 0.0289338 7.31751e-06 0.000126485 
7.87406e-08 0.295401 0.0126693 0.00528207 2.19719e-08 0.000732067 0.000130953 1.1736e-07 0.0347423 6.07557e-08 0.468467 0.0697947 1.13756e-08 0.0487272 1.88687e-06 0.00868726 7.86022e-12 7.3289e-08 0.0508234 4.5898e-08 0.00454077 
9.88368e-06 0.0691082 0.0489559 0.028208 0.00671485 0.00297151 0.000226965 0.00169935 0.0406758 0.00240405 0.483222 0.160707 3.17695e-06 0.0386677 0.0185008 0.0115138 3.17345e-05 0.00291742 0.0734931 0.00809758 0.00187184 
1.29883e-06 0.0122958 0.000471134 0.000165496 0.00300305 4.31543e-05 1.47548e-07 1.79891e-05 0.000289593 0.00024953 0.982308 8.58631e-05 1.3548e-06 0.00012888 0.00046567 2.4272e-07 3.70217e-09 0.000441606 2.91347e-05 1.08071e-08 2.09707e-06 
2.1897e-06 0.0790139 0.00324365 0.00177442 0.0146641 9.87706e-06 1.14298e-05 0.000115701 0.0124992 0.000818455 0.609695 0.250629 4.70746e-08 0.00638546 0.00211005 0.00962593 2.51764e-06 2.86428e-05 0.00934809 1.9897e-05 2.37522e-06 
2.17516e-06 0.0121978 0.000569227 0.000170528 0.00694801 5.67923e-05 1.83689e-07 1.94526e-05 0.000343908 0.000304627 0.977796 9.58776e-05 1.81289e-06 0.000165037 0.000580751 3.01341e-06 3.2435e-07 0.000707305 3.28531e-05 6.00992e-07 4.01633e-06 
1.37517e-05 0.085973 0.0055435 0.0175382 0.00093569 0.000874538 0.000409702 2.92894e-05 0.0121393 0.00122492 0.522073 0.277299 3.71117e-05 0.0209522 0.00685978 0.00144855 6.22009e-10 0.00504351 0.0405444 0.000891087 0.000169273 
1.23363e-07 0.154697 0.00646748 0.00176087 0.00023038 0.00158461 4.36821e-05 6.77726e-08 0.0136346 3.5084e-08 0.733383 0.0308841 6.5746e-09 0.0262918 2.95614e-06 0.00313111 1.42333e-11 1.14821e-07 0.0210519 0.000356711 0.00647954 
3.03884e-06 0.161199 0.0977921 0.0185251 0.00248092 0.0684987 8.55318e-08 0.0385941 0.0518398 0.000424601 0.370171 0.0216939 2.06235e-07 0.0516003 0.0010536 0.0745917 7.10964e-07 0.000117104 0.0391427 0.00171493 0.000556154 
2.33624e-09 0.0575597 6.45394e-13 3.64724e-09 6.25807e-13 8.04655e-13 4.3323e-12 0.000975714 0.000108343 6.32565e-10 0.93917 5.03636e-09 3.34675e-12 0.00180933 2.41235e-05 2.57135e-09 5.55234e-12 9.17897e-13 0.000352523 2.31566e-12 5.03175e-09 
1.29883e-06 0.0122958 0.000471134 0.000165496 0.00300305 4.31543e-05 1.47548e-07 1.79891e-05 0.000289593 0.00024953 0.982308 8.58631e-05 1.3548e-06 0.00012888 0.00046567 2.4272e-07 3.70217e-09 0.000441606 2.91347e-05 1.08071e-08 2.09707e-06 
3.70489e-05 0.162738 0.046625 0.0118739 0.017312 0.00324631 0.000664141 0.0103262 0.0727171 0.00532784 0.386234 0.0474029 2.44615e-05 0.0808026 0.00798489 0.0362965 1.70077e-05 0.00988865 0.0903115 0.00751778 0.00265192 
1.64141e-05 0.209027 0.00607044 0.000256105 0.00234929 0.000305356 0.00415838 0.00688322 0.00921063 0.0183523 0.584567 0.065843 1.86792e-05 0.0416031 0.00384924 0.000180247 1.20885e-08 9.30378e-05 0.0460722 0.000706635 0.000438248 
4.76986e-12 0.0543762 4.56299e-07 3.69725e-07 4.70244e-05 2.75197e-08 2.25145e-11 8.71585e-08 2.75854e-07 4.91741e-05 0.945337 1.84122e-05 1.64533e-08 3.02318e-07 3.10316e-08 1.03871e-05 2.8855e-11 0.000147922 1.67959e-07 1.20343e-11 1.24617e-05 
1.13054e-05 0.105009 0.0284393 0.0137744 0.00438225 0.237192 1.74485e-06 6.33887e-07 0.0317483 7.03859e-06 0.340899 0.0121291 6.88702e-06 0.121063 0.000426661 0.0205793 1.29266e-08 0.000533256 0.06619 0.0124696 0.00513826 
3.48508e-07 0.050521 2.45063e-07 4.76139e-07 2.37625e-07 5.07867e-05 0.0025584 7.27324e-06 1.40197e-06 2.1903e-07 0.800488 0.100858 1.2708e-06 0.00399041 5.83467e-07 0.0408342 2.10828e-06 0.000186925 0.000495441 8.7928e-07 1.16187e-06 
0.000153368 0.284659 0.00398742 0.00893843 0.00169283 0.00978259 0.00448077 0.00105057 0.0249753 0.00159601 0.450636 0.131468 1.89189e-07 0.0334004 0.00712327 0.0133265 9.02545e-05 0.00140628 0.0170597 0.00374095 0.000431783 
0.000741741 0.165884 0.168456 0.0118192 0.0141448 0.0135504 3.07986e-06 0.00065798 0.0301595 0.00506488 0.434002 0.0324977 2.60406e-06 0.0296816 0.0372443 0.00730606 4.68145e-05 0.00284388 0.0428743 0.000738935 0.0022808 
2.8421e-10 0.111649 0.0191144 1.26978e-05 3.91055e-06 2.49166e-10 1.34152e-09 6.90057e-10 0.00865386 4.07365e-07 0.460887 0.000473804 1.03634e-09 0.381737 3.79551e-06 0.0162385 1.71932e-09 4.18158e-07 2.07837e-05 4.10806e-06 0.00120047 
2.52419e-06 0.121513 0.0302322 0.00161152 1.02209e-06 0.00246941 1.39947e-05 0.00149564 0.0394776 0.00667144 0.594959 0.0100169 6.97003e-11 0.0677945 0.00424247 0.00106945 1.15634e-10 0.00718042 0.109936 0.00119777 0.000114897 
4.77366e-06 0.165213 0.0303054 0.00828707 0.0339457 0.00176541 8.7903e-06 0.000685695 0.0366543 0.000722227 0.472961 0.0248352 1.82496e-06 0.185115 0.00740373 0.00285928 1.13451e-11 0.000327929 0.0252331 0.00309338 0.000577352 
1.29883e-06 0.0122958 0.000471134 0.000165496 0.00300305 4.31543e-05 1.47548e-07 1.79891e-05 0.000289593 0.00024953 0.982308 8.58631e-05 1.3548e-06 0.00012888 0.00046567 2.4272e-07 3.70217e-09 0.000441606 2.91347e-05 1.08071e-08 2.09707e-06 
2.22347e-06 0.0985978 0.20208 0.0020701 0.0008036 0.0127469 0.00032349 0.0263707 0.0553364 0.00296887 0.434318 0.00137314 0.00166629 0.0616234 0.0608442 0.00364068 5.32086e-07 0.00361903 0.0314951 5.24557e-05 6.72303e-05 
2.55533e-08 0.0375458 0.0326427 3.78222e-05 0.00321808 0.000433184 2.72181e-07 3.64259e-06 0.0227639 0.000231528 0.816507 0.000707277 1.92301e-06 0.0533719 0.00337167 0.00971708 1.3921e-09 7.1651e-07 0.0146993 0.00471906 2.68327e-05 
0.00619581 0.039396 0.00556826 0.00450425 0.00129078 0.0076228 3.757e-05 0.000861865 0.0387892 4.42324e-05 0.644879 0.00479065 2.4553e-06 0.211301 0.00122084 0.0148081 9.76264e-06 0.000188819 0.0160655 0.00114699 0.00127597 
4.93257e-05 0.0601387 0.00112605 0.00590722 0.00864346 0.00302726 0.0311453 0.000199217 0.167682 0.00111969 0.565306 0.0454186 0.000159411 0.0211804 0.000510713 0.000305468 2.88671e-07 0.00986651 0.0768209 0.001299 9.49538e-05 
0.00128803 0.0906904 0.0136535 0.00647924 7.12662e-12 9.16332e-12 4.93357e-11 2.53775e-11 1.05376e-05 6.56891e-12 0.334871 0.180396 3.81124e-11 0.0138074 0.0475005 0.0119293 0.164465 1.04529e-11 0.0314066 2.63705e-11 0.103503 
1.13205e-05 0.373477 0.00404603 0.00094035 0.000299983 0.000286782 2.63156e-06 0.0135953 0.0205096 0.000930281 0.521808 0.00906962 2.99336e-07 0.0238667 0.000485295 0.00016205 1.6936e-07 7.67079e-06 0.0290747 0.00127881 0.000147272 
1.32422e-05 0.169489 0.0120147 0.0022994 0.032586 0.00150733 1.77441e-05 1.18397e-05 0.166234 0.00170897 0.243678 0.0180071 4.76807e-07 0.150215 0.00205343 0.00738987 0.00423849 0.00647993 0.0414002 0.00232078 0.138334 
4.26462e-05 0.118005 0.0998823 0.0633898 0.0996033 0.00123053 2.09104e-05 0.000753335 0.00382088 0.000273681 0.29983 0.1445 1.71191e-05 0.0488473 0.0149348 0.0646656 3.20465e-05 0.000959041 0.0358359 0.00162052 0.00173562 
0.00141389 0.100758 0.0562537 0.0187743 0.0369693 0.00950908 0.000434061 0.00148633 0.0716425 0.00393116 0.351183 0.0561844 1.97355e-05 0.104361 0.00699294 0.0328377 0.00553916 0.00160617 0.0720353 0.00341091 0.0646578 
7.87406e-08 0.295401 0.0126693 0.00528207 2.19719e-08 0.000732067 0.000130953 1.1736e-07 0.0347423 6.07557e-08 0.468467 0.0697947 1.13756e-08 0.0487272 1.88687e-06 0.00868726 7.86022e-12 7.3289e-08 0.0508234 4.5898e-08 0.00454077 
3.58919e-06 0.000200172 0.0934702 0.00520686 0.00052974 0.258213 2.82051e-05 9.89473e-07 0.000110208 0.000204775 0.494051 0.0655407 1.23625e-05 0.0493658 7.18514e-05 3.94055e-05 0.0305403 0.000956571 9.90471e-05 0.00126282 9.2425e-05 
1.37517e-05 0.085973 0.0055435 0.0175382 0.00093569 0.000874538 0.000409702 2.92894e-05 0.0121393 0.00122492 0.522073 0.277299 3.71117e-05 0.0209522 0.00685978 0.00144855 6.22009e-10 0.00504351 0.0405444 0.000891087 0.000169273 
4.8498e-07 0.27366 0.000709579 0.0154978 2.39716e-05 0.00139258 8.70748e-08 0.000803844 0.00402233 0.00166824 0.390405 0.168495 3.18144e-09 0.0229814 0.0793175 0.0385437 2.89365e-07 0.00016251 0.00103699 0.000124953 0.00115416 
1.68885e-06 0.193024 0.0267842 0.0342453 0.00330607 0.00183726 1.81009e-09 0.00678201 0.0241949 0.00385894 0.535088 0.0833164 8.2647e-06 0.0419537 0.00475017 0.0106062 2.66465e-05 0.000200105 0.0291542 0.000849448 1.30919e-05 
0.000160287 0.0293882 0.00178169 0.0203053 0.00313226 1.09414e-06 1.1897e-05 1.44318e-07 0.024435 0.00091498 0.47117 0.332934 2.16739e-07 0.00140849 0.0728711 0.0296164 7.01193e-05 0.00649416 0.00512511 0.000176527 3.39378e-06 
1.29883e-06 0.0122958 0.000471134 0.000165496 0.00300305 4.31543e-05 1.47548e-07 1.79891e-05 0.000289593 0.00024953 0.982308 8.58631e-05 1.3548e-06 0.00012888 0.00046567 2.4272e-07 3.70217e-09 0.000441606 2.91347e-05 1.08071e-08 2.09707e-06 
2.23411e-06 0.237231 0.0299286 0.00534165 0.0186109 0.000803641 0.000845831 0.000208971 0.024182 0.00430715 0.318989 0.0254226 5.72685e-06 0.0936411 0.0107415 0.010834 8.48829e-05 0.000909971 0.217019 0.000628348 0.000262736 
5.93154e-12 0.22834 4.17092e-12 0.000436333 4.04434e-12 5.20016e-12 2.79979e-11 1.44017e-11 5.24936e-07 2.90809e-08 0.770834 2.31697e-07 2.16287e-11 8.79213e-07 4.07249e-08 2.3826e-08 3.58825e-11 5.93199e-12 0.000388153 1.49652e-11 2.31385e-07 
9.7258e-06 0.305298 0.000912587 0.00123123 9.39259e-07 0.000312359 0.00210957 0.00876222 0.00236033 0.0265823 0.442257 0.148017 2.81937e-05 0.0201688 0.0028294 0.000848125 1.10559e-09 0.00052871 0.036627 0.000215304 0.000900742 
9.35766e-05 0.0935603 0.0132217 0.0102584 0.00187059 0.00698057 0.00120867 0.00260344 0.0186838 0.00339164 0.683599 0.0633421 1.19314e-06 0.0178842 0.0222397 0.0202281 3.3736e-05 0.00119854 0.0327132 0.00172999 0.00515741 
0.00986891 0.154074 0.0676473 0.0189597 0.000715449 0.00143447 0.00528963 0.000839276 0.13658 0.041613 0.326525 0.0469384 1.09998e-05 0.140995 0.003293 0.00220152 3.36978e-06 0.00188351 0.0406395 0.000144835 0.000343317 
0.024242 0.122505 0.0741318 0.00596566 0.000937436 0.0131925 0.0455366 0.000128057 0.0301447 0.00506052 0.34378 0.186781 3.00696e-06 0.0940399 0.00484425 0.0247414 8.03839e-06 0.000530362 0.0226711 0.000205416 0.00055199 
8.98767e-05 0.10796 0.0856712 0.00963445 0.00716686 0.00738832 4.71968e-05 0.000937312 0.0751553 0.00667094 0.387025 0.0193949 1.03314e-07 0.25498 0.00109972 0.0107736 2.42975e-05 0.00079263 0.0236506 0.00110592 0.000431047 
0.000165337 0.110842 0.0341958 0.0153983 0.0101546 0.00350549 1.39588e-06 0.000464052 0.0253719 0.00018481 0.52363 0.0913608 0.000133209 0.11167 0.0394038 0.0236916 4.03427e-06 0.000913277 0.00645745 0.00050532 0.00194736 
3.40002e-05 0.000488315 2.38843e-08 0.00151286 2.31594e-08 2.97781e-08 1.60327e-07 8.24695e-08 1.33599e-08 0.000187875 0.996163 0.000460813 8.68217e-05 0.000274562 0.000722253 4.54637e-08 2.05477e-07 3.39689e-08 6.85244e-05 8.56963e-08 1.13238e-07 
4.76986e-12 0.0543762 4.56299e-07 3.69725e-07 4.70244e-05 2.75197e-08 2.25145e-11 8.71585e-08 2.75854e-07 4.91741e-05 0.945337 1.84122e-05 1.64533e-08 3.02318e-07 3.10316e-08 1.03871e-05 2.8855e-11 0.000147922 1.67959e-07 1.20343e-11 1.24617e-05 
5.8292e-06 0.156039 0.0148867 0.00418591 0.01947 0.0554614 4.04596e-06 8.38357e-05 0.0195922 0.019935 0.413558 0.000446495 7.37112e-06 0.104924 0.000192618 0.0023803 6.49755e-08 0.160975 0.0271816 0.0002105 0.000460843 
5.91105e-05 0.16392 0.0436574 0.0236085 0.0133628 0.0241617 0.00129075 0.000414821 0.0611285 0.0288459 0.301985 0.0509575 6.88265e-05 0.10511 0.00882601 0.0174301 2.55093e-05 0.0154727 0.135031 0.00439047 0.00025288 
7.96089e-06 0.0960666 0.012103 0.0334631 0.0281599 0.00388613 7.6583e-05 0.000415 0.0677392 0.000845184 0.219293 0.218587 0.000412438 0.165776 0.00241295 0.0053095 2.62204e-10 0.0114167 0.128655 0.00403227 0.00134236 
3.177e-06 0.0142507 0.100812 0.000622341 0.00771757 0.000631021 1.53929e-06 0.0473767 0.0135454 0.000551078 0.499179 0.0468812 5.1848e-06 0.0413381 1.78734e-05 0.189805 4.54192e-08 3.98094e-06 0.024341 0.0125181 0.00039958 
7.54153e-05 0.0939894 0.0123476 0.00285107 0.000174329 0.00312759 2.83991e-07 0.0113139 0.00396723 9.42103e-05 0.778295 0.00482133 1.86038e-07 0.00365388 0.0295835 0.000251755 1.12728e-09 0.000350277 0.00705423 3.31028e-05 0.0480159 
4.69745e-05 0.21083 0.0329513 0.00304845 0.0408617 0.00186738 1.17147e-06 0.0252702 0.0679493 0.00994887 0.314036 0.0813093 8.28803e-08 0.046691 0.00953207 0.0108328 4.22771e-07 0.0806462 0.0640699 3.1423e-06 0.000103711 
9.05671e-06 0.370219 0.0103143 0.00118643 0.00128016 0.000434706 7.84069e-06 0.0184253 0.0196712 0.0019981 0.473594 0.00740912 4.15844e-07 0.0453486 0.0025812 0.000653578 1.36451e-07 0.000132104 0.0432356 0.00334366 0.000155473 
1.95598e-08 0.0417319 0.00569577 0.00673705 1.2161e-07 0.000637705 1.6589e-07 0.000144616 0.0764303 3.41862e-05 0.50992 0.00158247 1.83435e-06 0.304299 9.47205e-08 0.000548074 1.97696e-08 1.86576e-11 0.0520811 4.70693e-11 0.000155538 
1.74674e-05 0.0378395 0.00999966 0.0253594 0.00316423 0.00427391 0.000789706 0.00119984 0.0225731 0.00174777 0.494617 0.0387517 0.000503536 0.318679 0.000165611 0.00888348 0.000224974 0.0054448 0.0234347 0.00042671 0.00190415 
0.000102956 0.129584 0.0170203 0.00392787 0.000239802 0.00430945 2.26066e-07 0.0155834 0.00268368 4.19399e-08 0.721581 0.00664309 2.14691e-07 0.00503619 0.0407646 0.000344889 7.41359e-11 0.000481698 0.00972389 4.49292e-05 0.041928 
1.36282e-08 0.346669 3.30816e-07 0.000646727 9.65931e-08 1.17243e-07 7.77643e-11 0.00211514 0.00902413 0.00107519 0.621551 0.000266491 1.51891e-08 0.0124074 4.28482e-06 0.000242274 4.98564e-07 0.000741706 0.00520143 1.87235e-06 5.26309e-05 
1.37517e-05 0.085973 0.0055435 0.0175382 0.00093569 0.000874538 0.000409702 2.92894e-05 0.0121393 0.00122492 0.522073 0.277299 3.71117e-05 0.0209522 0.00685978 0.00144855 6.22009e-10 0.00504351 0.0405444 0.000891087 0.000169273 
2.64485e-05 0.0654248 0.273966 0.00656948 0.0477885 0.018153 3.27356e-08 3.15739e-05 0.0407896 0.000570337 0.466804 0.00166482 2.5877e-06 0.0392749 0.00775858 0.00209704 7.06901e-10 0.00171602 0.0265587 0.00066845 0.000135738 
1.0175e-05 0.133852 0.0165578 0.00947512 0.00155379 0.00131968 8.53376e-06 0.00974575 0.0488373 0.0081445 0.427229 0.22433 4.03885e-06 0.0169697 0.00153461 0.0157103 7.18182e-08 3.83793e-06 0.0829235 0.000700248 0.00108911 
5.6296e-07 0.26969 0.000867154 0.018941 1.56773e-05 0.00170195 1.00689e-07 4.01307e-05 0.00491601 0.00203884 0.349229 0.194658 3.38277e-09 0.0162623 0.0920707 0.0471063 3.45689e-07 0.000198561 0.00126733 0.00015265 0.000843335 
2.3793e-05 0.286294 0.00406463 0.00107281 0.00180863 0.00109636 0.000102301 0.00693106 0.206136 0.0033936 0.311612 0.0262756 1.06731e-05 0.0754254 0.00201526 0.0245828 5.09974e-08 0.00740163 0.0215223 0.00026317 0.0199677 
2.28482e-05 0.17684 0.0358113 0.00219296 0.0244127 0.030786 0.000103034 0.000263048 0.0953469 0.00116446 0.222636 0.0404249 0.000237099 0.165535 0.00026426 0.0710673 9.37753e-10 0.048243 0.074135 0.00928815 0.00122666 
9.40368e-08 0.432515 0.0071377 0.00451596 0.00207868 5.75874e-07 2.33811e-09 4.26808e-07 0.0153868 0.000147387 0.50946 0.0102033 5.91319e-08 0.00106589 0.00196232 0.00662837 2.99656e-09 7.40999e-05 0.00719249 1.99062e-05 0.00161137 
5.36407e-07 0.202711 0.00150944 0.00112681 0.00189754 0.000817693 0.000217029 0.00217155 0.00707924 0.000179711 0.670298 0.096614 6.37056e-11 0.0016003 0.00329444 0.00133558 1.05689e-10 8.88433e-05 0.0089576 0.000100896 2.0676e-08 
0.000282265 0.0479238 0.10322 0.022939 0.00681785 0.00543065 2.66639e-07 0.000225585 0.132027 0.00207852 0.390689 0.0782413 1.36977e-06 0.077374 0.0168903 0.0147296 5.0579e-07 0.0131097 0.0846394 0.00262198 0.000757421 
5.0424e-07 0.202365 0.0262751 0.000561174 0.000224993 0.00249051 5.10344e-10 0.000610779 0.0331667 5.85119e-05 0.570319 0.0131801 5.60722e-07 0.0129263 0.0586424 0.00160008 1.84621e-05 0.0121355 0.0514045 0.00240496 0.0116152 
6.67675e-06 0.203151 0.0405848 0.0116017 0.0475237 0.0024715 1.22866e-05 0.000959891 0.043824 0.00072987 0.324768 0.0319873 2.54974e-06 0.242171 0.00952105 0.00292507 1.09542e-11 0.000459077 0.0321621 0.00433061 0.000808197 
2.72362e-05 0.0977775 0.0198321 0.00634958 0.0213679 0.00367114 9.79588e-06 0.00511128 0.0952505 0.0579011 0.254065 0.0186568 1.18385e-05 0.223851 0.00114414 0.00792503 3.80394e-05 0.00973274 0.160268 0.00245109 0.0145585 
2.87463e-12 0.0508067 2.02137e-12 1.59708e-08 1.96003e-12 2.52018e-12 1.35688e-11 0.000552239 0.000180623 2.76947e-09 0.947285 2.20551e-08 1.0482e-11 0.00105157 3.8802e-09 3.84768e-12 1.73899e-11 2.87485e-12 0.000123715 7.25265e-12 2.20317e-08 
9.42146e-05 0.0434604 0.136677 0.153909 0.0293841 0.00352573 5.11776e-07 0.000154332 0.0345363 0.00163296 0.328379 0.034386 3.09781e-07 0.15004 0.0197023 0.0210975 0.001012 0.000856558 0.0408385 0.000300714 1.28291e-05 
5.39519e-06 0.0254932 0.000159559 0.0175075 0.0015805 4.27659e-05 3.5453e-08 0.0705981 0.000704397 0.000524131 0.438814 0.099464 3.58805e-05 0.200276 0.000861239 0.0159885 1.55982e-05 0.0610134 0.0665044 1.895e-08 0.00041068 
