0.000221349 0.0105441 0.00264592 0.00332743 0.0107279 0.000628966 9.27408e-06 0.000106638 0.0138981 0.00551658 0.000171261 0.856427 1.08025e-05 0.00572276 0.00502469 0.00249884 5.84032e-09 0.000966976 0.080462 0.000525469 0.000563659 
0.000559163 0.00155005 0.143187 0.0449033 0.00748134 0.17479 1.32061e-06 0.000874302 0.0194826 0.00121471 5.98031e-06 0.275293 1.57036e-07 0.122392 3.87565e-05 0.100941 1.80303e-06 0.00198349 0.0889063 0.0163922 1.12771e-06 
0.000120629 0.0569814 0.00227119 0.0366035 0.00677695 0.000353611 0.000315192 3.74072e-05 0.0281373 0.00654956 0.00222257 0.558064 0.000249317 0.0734643 0.0147186 0.00104622 0.000235198 0.0188927 0.189661 0.00319373 0.000106136 
1.969e-05 0.144589 0.0101891 0.046154 0.013885 0.0111845 5.91326e-05 0.0295715 0.0486028 0.0286678 0.00764484 0.312349 0.00102623 0.117985 0.0133356 0.000695167 2.71303e-07 0.018821 0.185206 0.00812923 0.00188463 
0.00217991 0.00525212 1.66964e-07 0.000333745 0.000496186 9.09753e-05 0.00981354 7.7176e-07 0.000236181 5.67599e-07 4.46059e-06 0.850324 0.0745828 0.00477413 0.0197678 1.87464e-06 0.000177304 0.0197936 0.0105217 4.57974e-07 0.00164753 
5.26639e-05 0.0254835 0.00665789 0.0072909 0.000682538 0.0020461 4.06929e-05 0.00470664 0.108527 0.0286031 0.00156732 0.676208 1.44141e-07 0.0369127 0.000159481 0.00283843 1.60458e-07 6.48377e-05 0.0966305 0.00145939 6.79668e-05 
8.96622e-06 0.0721651 0.00497181 0.0101247 0.00333629 0.00184999 0.000345727 4.86931e-05 0.128199 0.0064853 3.61341e-05 0.423796 6.24779e-06 0.0578606 0.0049495 0.000585123 6.26012e-08 0.000694792 0.222843 0.0616847 7.84116e-06 
0.0666877 0.0335951 0.0209883 0.00872133 0.0795813 0.000531742 0.0207717 0.000419517 0.0144946 0.0158503 0.00567908 0.363421 0.0004008 0.00401921 0.0690344 0.017318 5.33631e-10 0.0139747 0.259058 0.00295466 0.00249892 
0.000125488 0.04244 0.000624418 0.00459991 0.000770971 8.30412e-07 0.147612 0.00689835 0.0151118 0.00408486 5.51788e-05 0.710699 6.39073e-05 0.0145671 0.00244726 0.000155756 1.45692e-08 4.65521e-05 0.0483591 1.73531e-06 0.0013357 
0.000260361 0.0932027 0.0185513 0.0461439 0.0172289 0.0180677 0.000333512 0.00190724 0.0120648 4.48688e-05 0.000580848 0.613626 0.000310943 0.125159 0.000470086 0.00759858 3.65782e-08 0.0147044 0.00254214 3.41203e-05 0.0271686 
2.50795e-06 0.0447349 3.80674e-05 0.0101402 0.243626 0.165641 9.01776e-07 0.000748135 0.0745369 1.50592e-05 4.49915e-05 0.417597 0.000107665 0.0139359 0.00133662 2.88972e-05 2.54703e-07 0.002006 0.0100142 0.00131883 0.014126 
3.0391e-05 0.00811869 0.00082645 0.00859032 0.00121227 5.43597e-09 2.92675e-08 7.2385e-05 0.0396844 3.89689e-09 4.70891e-05 0.823342 0.000217486 0.00342881 0.00088273 0.000149623 3.75097e-08 0.000186539 0.0320905 7.70999e-05 0.0810434 
5.01245e-05 0.0197754 0.00283586 0.00462453 0.0362451 0.000173148 4.60275e-06 0.000129896 0.0232763 6.28463e-06 0.000116539 0.861333 5.06243e-08 0.0134494 5.85611e-05 4.16795e-07 1.99694e-05 8.29666e-07 0.0371026 0.000784799 1.26895e-05 
0.000221349 0.0105441 0.00264592 0.00332743 0.0107279 0.000628966 9.27408e-06 0.000106638 0.0138981 0.00551658 0.000171261 0.856427 1.08025e-05 0.00572276 0.00502469 0.00249884 5.84032e-09 0.000966976 0.080462 0.000525469 0.000563659 
0.000787263 0.0273493 0.0170285 0.00829395 0.0129268 0.0184416 0.00010817 0.000656898 0.0213756 0.013745 1.05194e-05 0.537231 8.80848e-05 0.0429334 0.0279318 0.00816943 6.89156e-07 0.0875066 0.141126 0.00653273 0.0277575 
1.89062e-08 0.00690086 0.0155562 0.00570911 0.010693 0.00159879 3.56819e-11 2.0208e-08 0.0526851 1.17828e-07 1.51342e-07 0.493872 9.09911e-08 0.00308892 0.228897 0.0250253 8.69337e-08 1.95813e-07 0.00746788 7.80081e-07 0.148505 
0.000176303 0.0552798 0.0106501 0.33622 0.0125585 0.00821266 0.00435771 9.29327e-05 0.0614161 9.84611e-05 2.1983e-06 0.43208 0.00202135 0.0197703 0.00862614 0.000181369 4.94626e-05 0.0113523 0.0296955 0.00711212 4.70148e-05 
0.000201829 0.101083 0.011651 0.0684124 0.0159682 0.00550292 0.000963722 0.00020177 0.154745 0.0478018 0.00714818 0.299851 5.32338e-06 0.0813008 0.0387064 0.0180481 2.08153e-08 0.0345439 0.102367 0.00912098 0.00237599 
3.04369e-05 0.121883 0.0387754 0.0345183 0.00825257 0.0144923 1.12874e-06 0.00106045 0.0319128 0.00584884 0.0187161 0.457587 0.000556055 0.0716522 0.00245684 0.0473786 0.00137359 0.0106055 0.12556 0.00698998 0.000348922 
0.0108972 0.0455456 0.00236137 0.00278535 0.00167339 0.000742534 0.00705161 0.00275096 0.00549093 0.00696333 0.00206731 0.796018 1.19685e-05 0.0453839 0.00242242 0.00127417 2.31414e-09 0.00385174 0.061634 0.000939512 0.000134687 
0.000852863 0.0104156 0.0129234 0.00490181 1.36933e-06 2.3605e-07 1.14485e-10 4.18173e-07 2.37554e-07 0.00274727 1.65196e-06 0.795182 8.84412e-11 1.21504e-07 0.0080007 0.0186433 1.46726e-10 2.42563e-11 0.145611 1.19946e-06 0.000717086 
2.05719e-06 0.0709828 0.0668607 0.0275273 0.00458008 0.00442486 3.20691e-06 0.000968483 0.0840818 0.000406992 0.00916977 0.509611 5.8898e-10 0.00326503 3.8596e-05 0.00513784 3.29197e-06 0.000249697 0.212645 4.15474e-05 1.9781e-07 
0.000244853 0.0389356 0.018985 0.00643894 0.0461971 0.113887 0.000351843 0.00684114 0.0118007 0.00257239 0.000195953 0.282791 0.265559 0.040052 0.00270779 0.000227887 1.80454e-06 0.133612 0.0282609 0.00024726 8.93334e-05 
4.50797e-05 0.1035 0.060536 0.0289036 0.000340309 0.00462425 0.0489695 0.0206873 0.0105295 0.0032987 0.000519947 0.537043 1.29793e-05 0.0515587 0.00264739 0.00962109 7.09879e-09 0.00191701 0.114252 2.18276e-07 0.000992862 
1.38911e-06 0.00752621 0.0367106 0.00470693 0.000262858 0.0136967 2.87729e-06 2.99618e-05 0.00770049 0.00266446 0.00092061 0.725091 1.92006e-05 0.00496949 0.000115923 0.0225984 6.85156e-08 0.154707 0.0107841 0.00747231 1.93448e-05 
1.8163e-05 0.000170493 0.114796 0.000278829 0.000607693 8.16477e-05 4.99034e-05 8.84391e-05 0.000438772 2.39587e-05 0.000125009 0.790077 5.33711e-06 0.000803775 8.15395e-05 0.0191039 2.10851e-07 1.21807e-05 5.87336e-05 2.80258e-05 0.073151 
5.46526e-05 0.201914 0.00801446 0.0298254 0.00469962 0.000246342 0.000386907 0.00142426 0.0122405 0.00558404 0.000768766 0.647316 4.97033e-06 0.0301569 0.00200891 0.000827861 1.42888e-08 0.00163464 0.0523437 0.000305471 0.000242561 
2.87529e-05 0.0739957 0.028524 0.00553858 0.0100739 0.000491976 0.00209393 0.000743759 0.0122194 0.000290593 0.00170245 0.812579 5.33294e-08 0.0144257 0.00655879 0.000840081 8.84748e-08 0.0239192 0.00472205 0.00017544 0.00107699 
3.70232e-05 0.00686961 0.0346401 0.0271804 0.0393904 0.0241017 0.000223728 0.000970298 0.032371 0.000739639 0.00138525 0.438877 0.00538256 0.00940523 0.0320117 0.0302794 7.64832e-07 0.209129 0.0971156 0.00916864 0.000721339 
1.09336e-12 0.049098 3.83862e-05 8.60094e-05 0.20094 0.00447839 5.16087e-12 0.0048441 0.0208811 0.00180379 0.000661855 0.576028 2.08466e-06 0.000177832 1.83049e-12 0.00248161 6.61425e-12 0.0122689 0.125799 0.000269451 0.000141274 
2.10684e-07 0.175141 0.0211845 0.0349842 0.0058926 0.00325138 9.78866e-06 6.75754e-07 0.0830208 0.0003596 0.0833638 0.394757 2.02259e-09 0.0827012 4.82657e-05 0.0196301 0.000115179 0.0320179 0.0548725 8.03904e-05 0.00856913 
0.000151157 0.0713888 0.0189258 0.00584648 0.0339299 0.00919508 0.000854266 0.000920126 0.201505 0.0534623 0.00943007 0.354203 0.00072059 0.0503075 0.00966588 0.0294601 0.0113392 0.0350834 0.0968113 0.00643527 0.000364414 
0.000223192 0.0263353 0.00596861 0.0057425 0.0380564 0.00346401 0.0363073 0.000120531 0.0552437 0.0556335 0.000920375 0.401402 1.26997e-05 0.0317374 0.0125225 0.00625988 1.42229e-10 0.0147138 0.302771 0.000705746 0.0018605 
0.000177967 0.0612291 0.0103874 0.0230047 0.00746326 0.000133933 0.0499921 0.00287442 0.019635 0.0155269 0.00471589 0.62228 3.04267e-06 0.0507787 0.00721224 0.000564648 6.23767e-08 0.00149345 0.0906048 0.000165198 0.0317574 
0.000251627 0.166952 0.00786045 4.12321e-05 0.0207674 0.0150161 2.09096e-06 0.00117263 0.000594697 0.00600722 0.0612135 0.528508 6.9517e-05 0.0558458 0.000223642 0.0854368 3.39009e-06 0.000870911 0.0203462 0.000285307 0.0285323 
0.000762734 0.143004 0.0668456 0.0527542 0.0102948 0.0526909 0.00150657 0.000461534 0.0452095 0.0546613 0.00538291 0.23436 0.00435596 0.021175 0.0250522 0.02428 0.0133788 0.00752618 0.128404 0.00139634 0.106497 
0.000376778 0.148407 0.040657 0.0180275 0.00646972 0.00724675 0.000905016 0.000542322 0.0616519 0.000490476 0.000632858 0.275063 0.0561228 0.110564 0.00678795 5.4261e-06 4.37972e-05 0.14708 0.114859 0.00394375 0.000122204 
7.21241e-05 0.171453 0.060678 0.0106744 0.030685 0.00215014 0.0102113 0.0114077 0.0443783 0.0825855 0.00487376 0.253824 7.05726e-05 0.00459874 0.0365644 0.028735 1.11117e-09 0.00991309 0.162089 0.00977216 0.0652637 
0.00068233 0.132143 0.000531434 0.0120954 0.139142 0.000423901 0.000244274 0.000916038 0.0211555 0.00364252 0.000423405 0.434075 0.000179506 0.200784 0.00336775 0.000242189 3.89136e-11 0.0102974 0.0299571 0.00749821 0.00219812 
0.000197373 0.0225169 0.000515688 0.0297756 0.0177517 0.00290853 0.0872467 0.000452518 0.14714 0.000833829 8.29551e-05 0.408783 2.89253e-06 0.15272 0.000411169 0.0242503 5.06662e-06 6.27691e-06 0.104319 2.25394e-07 8.01033e-05 
1.02124e-06 0.0498459 0.0324156 0.00630047 0.000472771 3.96071e-07 7.95222e-05 4.78505e-07 0.0323441 0.000101158 0.00116069 0.759201 4.19258e-06 0.00296213 0.00115634 0.0417392 7.14971e-06 0.00947139 0.0573641 9.66652e-05 0.00527559 
4.29105e-05 0.007704 0.0107624 0.0283561 0.112846 0.00092543 0.00893514 6.05514e-06 0.0117749 0.00538747 0.000476691 0.614492 0.000338307 0.00196189 0.145205 0.0120988 1.38766e-06 0.0124119 0.0199453 0.00418961 0.00213826 
3.61337e-05 0.0957083 0.00787195 0.0281792 0.0146975 0.166657 0.000393551 0.000117907 0.0187513 0.000208674 0.0160084 0.24651 1.48942e-05 0.175344 0.0645342 0.0242736 3.60303e-10 0.0563676 0.0180856 0.0588227 0.00741805 
0.000136088 0.0473721 0.0108069 0.0022397 0.00246839 0.0139072 1.82766e-05 0.000325814 0.0126041 0.0155905 0.000571976 0.873259 3.09463e-05 0.0055367 0.000758595 0.00529073 9.13518e-10 0.000125521 0.00690065 0.000373487 0.00168349 
0.0353407 0.0210095 0.0926504 0.0491405 0.0637755 0.00994877 0.000175197 0.0694754 0.038898 0.00215905 0.0230267 0.163301 0.000110186 0.137181 0.123884 0.00784079 0.000136733 0.0701696 0.0869627 0.0015391 0.00327413 
1.05686e-05 0.213476 0.00722469 0.00300338 0.041846 0.00449523 0.0012713 0.000502295 0.00352627 0.000225637 9.08154e-06 0.556267 0.00123165 0.0380603 0.0132864 0.00450413 8.37714e-07 0.0944867 0.01328 0.000305658 0.00298727 
6.8857e-06 0.19753 0.000247545 0.000857964 8.85945e-05 4.25631e-06 0.000466084 0.114045 0.0295744 0.0286046 0.00255699 0.485019 3.73123e-05 0.0187216 0.0380453 3.68551e-05 2.49691e-07 0.000281285 0.0766277 0.00698362 0.000264246 
3.76395e-09 0.0223479 0.00139999 0.00040251 0.0508962 0.000351761 7.44273e-12 0.00580935 0.00252805 0.000666008 0.000806616 0.909878 3.11954e-09 0.00243741 3.47516e-08 0.000343928 9.53872e-12 2.86629e-05 0.0020577 3.21947e-05 1.38233e-05 
0.000666934 0.0381953 0.00253374 0.0197731 0.0235618 0.00731293 0.156677 3.10747e-05 0.103708 0.00455487 0.00147894 0.274612 0.000188896 0.0900521 0.00289818 0.000268099 2.68068e-10 0.0160211 0.254583 0.002681 0.000202332 
1.09336e-12 0.049098 3.83862e-05 8.60094e-05 0.20094 0.00447839 5.16087e-12 0.0048441 0.0208811 0.00180379 0.000661855 0.576028 2.08466e-06 0.000177832 1.83049e-12 0.00248161 6.61425e-12 0.0122689 0.125799 0.000269451 0.000141274 
0.000297097 0.0400343 0.00157992 0.00309978 0.00160273 0.00337642 0.00351444 0.00116271 0.0219722 0.00104852 0.00067901 0.720495 0.000682542 0.0348452 0.0480041 8.80749e-07 8.41568e-09 0.0574104 0.0406132 2.29244e-05 0.0195587 
4.48947e-05 0.0283224 0.00664252 0.00127954 0.0069348 0.00150711 4.2714e-05 0.000159403 0.0141867 0.0122559 0.00860431 0.792921 0.00982453 0.00581612 0.0292884 0.0531937 0.000510343 0.0104519 0.00761322 0.000944299 0.00945646 
0.000101704 0.044864 0.0184545 0.0661808 0.000810061 0.00241043 0.110804 0.00469533 0.0713429 0.00643306 0.000114474 0.490675 3.09009e-05 0.046828 0.0142018 0.001661 0.00414198 0.000510619 0.0743581 0.0411179 0.000262694 
3.69089e-05 0.206857 0.0333775 0.0229877 0.030796 0.00625542 0.000101483 0.000288632 0.0209558 0.0166914 0.0013154 0.49997 1.17321e-07 0.0316681 0.0842585 0.00956455 4.36896e-06 0.000215675 0.00577459 0.000267578 0.0286138 
3.35353e-05 0.0987027 0.00151587 0.0017532 0.158312 0.00438395 0.00269781 0.212495 0.0315721 0.0332741 3.02755e-11 0.312694 6.68669e-09 0.0155985 0.000618235 0.00206351 7.95986e-11 0.0283982 0.0551176 9.26765e-08 0.0407686 
9.39756e-05 0.019916 0.00211432 0.00122797 0.0368188 0.00144638 0.00099663 0.000101111 3.12011e-06 1.70638e-05 2.29816e-06 0.739117 0.00751803 0.00322141 0.00688815 0.151842 1.17641e-09 8.13631e-06 0.0136857 0.014015 0.000967192 
1.01015e-07 0.0219403 0.00917019 0.0128596 0.0724031 1.04117e-06 8.30632e-06 4.20365e-07 5.59783e-07 3.02168e-11 1.10627e-10 0.442157 1.75316e-10 1.09655e-08 0.00917827 2.07226e-06 2.90853e-10 0.401718 0.0305595 5.21727e-07 1.15424e-06 
0.000219609 0.00395128 0.000861575 0.00198159 0.00312363 7.40965e-05 0.00272294 0.000306434 0.0091032 0.000893668 0.000123519 0.817127 0.000215072 0.00982253 0.000147794 0.00498591 0.105163 0.00174728 0.0371951 2.39941e-05 0.000211108 
3.75249e-05 0.0510076 0.0584526 0.00316213 0.0124162 0.0214906 5.6473e-05 0.000423484 0.031342 0.00951398 0.00744537 0.619187 6.33613e-07 0.0606238 0.00521961 0.0442434 2.36895e-08 0.00533355 0.0345734 0.00337421 0.0320968 
8.77616e-06 0.312057 0.00548571 0.0548431 0.00395253 2.68584e-05 0.000162164 0.00569187 0.00338414 0.00767691 0.000327821 0.420928 0.000636848 0.019958 0.00288459 0.00193334 7.8109e-11 0.000116226 0.158323 9.93312e-05 0.00150377 
0.000259329 0.132892 0.00200177 0.0256405 0.00571267 0.0106057 0.0235701 0.000389279 0.037318 0.00683231 0.00533547 0.454117 0.00015372 0.0512381 0.00399127 0.000512214 4.40179e-10 0.0272951 0.20223 0.00923378 0.000672445 
6.728e-06 0.148486 0.052327 0.0295508 0.00977319 0.0049622 0.00373713 0.0348765 0.0243746 0.00475172 0.00388915 0.506446 5.37769e-06 0.0478174 0.00465626 0.0128958 6.47875e-08 0.0176285 0.0875233 0.00608195 0.000209727 
0.00141351 0.00751434 0.00928337 0.0886015 0.045343 0.00375385 0.00025078 2.62753e-05 0.00238739 5.70255e-06 9.64285e-05 0.283767 0.025279 0.10148 0.13793 0.000191923 3.63412e-07 0.14485 0.145819 0.000889489 0.00111727 
0.00012803 0.015535 0.117307 0.10418 4.08882e-05 0.00423463 2.94372e-07 7.05602e-05 0.0439499 0.000216214 0.00498027 0.518554 0.000128644 0.0597353 2.9768e-05 0.0756384 3.77272e-07 3.70151e-05 0.0475928 0.00754973 9.17971e-05 
0.000887627 0.177441 0.00143458 0.00995987 0.00516162 0.000115912 0.0881182 0.000216269 0.00670767 0.0139065 0.00604701 0.560937 3.50265e-06 0.0159968 0.00934725 0.00156846 6.73396e-10 0.0548499 0.0397048 0.00110783 0.00648822 
0.000116443 0.0630434 0.00112471 0.00357843 0.00778933 0.00126547 0.00120622 0.0636339 0.00978399 0.00122411 0.000214301 0.711048 5.41918e-05 0.00976713 0.0031948 0.00767342 3.60579e-06 0.00170441 0.112617 9.39885e-06 0.000947775 
2.614e-05 0.0546935 0.0020184 0.0042628 0.0432179 0.0888881 3.95084e-06 0.0151696 0.0224552 0.00711138 0.00038572 0.374724 0.0569749 0.0884206 0.000402933 0.000683153 1.26743e-10 0.187466 0.0522713 0.000556802 0.000267565 
8.25096e-05 0.00928287 1.17809e-07 5.39799e-05 0.00196934 2.13449e-06 6.26404e-06 4.58897e-09 0.00851137 1.18784e-09 4.84152e-07 0.956399 6.8918e-09 8.60859e-05 2.14771e-06 0.0161745 1.31574e-07 1.89018e-09 0.00392586 1.533e-06 0.00350166 
0.00516865 0.102497 0.00925196 0.0136577 0.0641197 0.00343826 0.0110083 0.013405 0.049327 0.0477399 0.000552885 0.525881 0.000511247 0.0387275 0.021908 0.00590894 3.91802e-06 0.0287611 0.0545029 0.000925779 0.00270263 
0.000192568 0.104941 0.0122756 0.0417124 0.0560558 0.0060765 3.16054e-05 0.0183426 0.0940799 0.0109452 0.00100932 0.375704 1.26893e-06 0.0804861 0.00579752 0.00455121 0.0259766 0.0692493 0.088663 0.000426611 0.00348135 
0.000305034 0.0241152 0.00499556 0.00910294 0.144147 0.00922075 0.00032148 0.000126403 0.105713 0.033784 8.38276e-06 0.45814 0.000815403 0.168555 0.00236275 0.00534367 8.7892e-06 0.00770777 0.0246644 0.000141666 0.000420142 
2.97569e-07 0.0523815 0.00805201 0.0116488 0.0981735 0.0108249 4.20361e-08 0.0084562 0.167885 0.00217505 0.00557323 0.367917 5.42519e-11 0.131291 8.88058e-06 0.0034532 9.00052e-11 0.0967755 0.0290567 0.000197499 0.00612941 
0.000219117 0.0993066 0.00853929 0.0122393 0.00296181 0.00439858 0.0783319 0.0133291 0.0200328 0.00375376 0.00930391 0.476349 0.000125451 0.051642 0.0523571 0.00258469 7.39613e-05 0.00355353 0.150767 0.000175875 0.00995495 
0.000775842 0.0229762 0.0101253 0.0675679 0.00928678 0.0015923 0.00262243 0.000962681 0.0147656 0.00334066 0.00106605 0.283385 0.123875 0.0518071 0.00633039 0.00755934 0.00970396 0.091145 0.280237 0.0106354 0.000240184 
8.84521e-05 0.0118686 0.0235001 0.0137104 0.0127285 0.00247489 0.0123271 4.51178e-05 0.0100774 0.015054 0.000321813 0.808031 1.09721e-05 0.00372693 0.00373633 0.0134278 2.84192e-08 0.00337944 0.0615292 0.00153671 0.00242568 
0.013758 0.0896936 0.0615168 0.105782 0.0242637 0.0202432 0.0117744 0.000409801 0.166965 0.0187584 0.00118326 0.221339 0.00826751 0.0478345 0.00667131 0.00851303 0.000100408 0.0172695 0.15758 0.0113526 0.0067241 
0.000553549 0.0548003 0.0039827 0.0105318 0.021794 0.00198967 0.0147138 0.00221136 0.0782542 0.0447804 0.000262172 0.372723 1.88652e-06 0.11675 0.10594 0.00151726 5.01767e-06 0.0163241 0.121883 0.0241154 0.00686655 
0.00069589 0.0084489 3.48666e-07 0.00363636 1.10548e-06 7.91153e-08 0.124573 9.49091e-08 1.54325e-06 7.0211e-07 4.31934e-07 0.729918 0.00243753 1.5707e-06 0.00434619 3.78513e-07 7.37124e-10 0.0262989 0.0996387 6.90977e-08 5.54644e-07 
0.000163575 0.0056868 0.00390754 0.00194355 0.0706778 0.0018353 0.0138133 7.19428e-05 0.0178145 0.000296683 4.74377e-06 0.684113 0.0495147 0.096029 0.000729415 2.84685e-05 1.03856e-05 0.0181201 0.0351002 1.89359e-05 0.000120215 
1.95157e-05 0.107327 0.0311479 0.0163222 0.00324383 0.0316176 5.35784e-07 0.000873198 0.0117759 0.00146206 6.9727e-05 0.514362 2.8142e-07 0.00710992 2.81603e-07 0.0376826 6.98736e-07 0.138466 0.0966227 3.56703e-06 0.00189306 
0.000290671 0.00994194 0.00077068 0.00151424 0.00276448 0.00485959 0.00734099 0.000189303 0.00894341 0.000774462 0.000105362 0.779516 0.000192365 0.0195339 0.00054711 0.0164924 0.0642874 0.0176228 0.0640298 3.96032e-05 0.000244024 
7.44817e-05 0.0450195 0.0105061 0.0132034 0.0172485 0.00103561 0.00822703 2.99462e-05 0.0309881 0.012236 0.00197835 0.32067 1.32257e-05 0.196827 0.00199659 0.116698 5.5394e-09 0.0144755 0.207308 0.00129926 0.000165891 
2.48339e-05 0.0409164 0.0113461 0.0761169 0.00479716 0.00518091 0.028688 0.000870841 0.0177394 0.00115799 6.22764e-05 0.752971 2.36603e-05 0.0357724 0.00261159 5.3714e-05 7.45569e-09 0.00110557 0.0191012 0.00135391 0.000106319 
0.000440163 0.121752 0.0164441 0.00742933 0.0364952 0.00158765 0.00212918 0.000694947 0.00782347 0.00114571 0.00338422 0.623613 0.004377 0.0334786 0.0099806 0.0421614 0.00200381 0.0181662 0.0659084 0.00035525 0.000630226 
0.000174062 0.145425 0.00680478 0.0466755 0.00526629 0.00729575 0.00148481 0.0067012 0.0913919 0.0275837 0.00463247 0.453987 5.69312e-08 0.0395892 0.0802254 0.0311277 8.35282e-07 0.0249304 0.0162712 0.0101151 0.000317776 
2.96322e-05 0.0103516 0.00143933 0.00258651 0.00288048 1.52281e-05 0.000268942 3.98003e-05 0.000167233 0.000531953 7.84852e-05 0.823658 8.45163e-06 0.00204382 6.44414e-05 0.018893 2.24969e-07 0.00155618 0.135132 0.000185136 6.92544e-05 
0.00127417 0.00157641 0.0416648 0.0255142 0.0420664 0.00114032 0.00379092 3.35786e-06 0.00990371 0.000131227 0.00240087 0.652042 0.0126964 0.0699107 0.0218453 9.6563e-05 7.81968e-08 0.0261445 0.0836874 0.00411074 3.42579e-09 
2.62661e-06 0.0959168 0.00038809 0.00689572 0.00027013 0.000159911 0.000508384 0.00598765 0.0120334 0.0190286 1.4588e-05 0.798356 5.8423e-06 0.0159219 0.00230656 8.11001e-05 1.23677e-07 0.000322705 0.0415088 0.000288006 3.03128e-06 
0.000219609 0.00395128 0.000861575 0.00198159 0.00312363 7.40965e-05 0.00272294 0.000306434 0.0091032 0.000893668 0.000123519 0.817127 0.000215072 0.00982253 0.000147794 0.00498591 0.105163 0.00174728 0.0371951 2.39941e-05 0.000211108 
0.000215193 0.0108547 0.00681306 0.00194437 0.00874492 0.000871501 0.00235772 4.72687e-05 0.0118477 0.0105498 6.00561e-05 0.691482 0.000181981 0.00198797 0.0394065 0.07339 8.42519e-08 0.0406061 0.090824 0.00100397 0.00681119 
1.46464e-06 0.0423544 0.0328893 0.0496093 0.013888 0.00206939 2.7994e-06 4.01061e-09 0.0585145 1.07699e-06 3.87246e-05 0.625315 4.31911e-06 0.0204781 0.000151808 0.00525968 9.6986e-05 0.074982 0.0743342 4.16753e-09 9.13349e-06 
0.000197344 0.018854 0.0287802 0.00712002 0.000479441 0.00301921 0.00499849 0.000184655 0.0140748 0.000313329 0.00177791 0.847587 0.000196524 0.0318675 0.00202566 0.00367171 1.32059e-08 0.00678334 0.0270698 0.000190619 0.000808485 
0.000568008 0.0721593 0.000751843 0.00231587 0.00290934 0.00504194 0.0949552 0.00128872 0.0233478 2.07135e-07 0.0108039 0.456958 3.9125e-07 0.00176185 0.00954461 0.102317 5.3172e-10 0.190122 0.010426 0.0146821 4.67511e-05 
5.87918e-05 0.126554 0.0198749 0.00399625 0.0188001 0.00096578 0.00719758 0.000848257 0.249467 0.00928339 0.000136077 0.257095 9.86487e-06 0.0878494 0.000598941 0.00377559 2.43746e-10 0.00948802 0.203481 8.94705e-08 0.000519913 
0.000228226 0.0113426 0.00396439 0.00843219 0.00644891 0.0070871 0.00605426 5.56983e-05 0.0171615 0.000466475 0.000232835 0.818135 0.000179635 0.0421271 0.00103994 0.00718372 2.7758e-08 0.017957 0.0514084 0.000331219 0.000163513 
0.00242621 0.00789832 0.0266863 0.00567122 0.0704059 0.0395123 0.0103548 0.000122991 0.0243765 0.000137214 7.54752e-05 0.457005 0.00985303 0.172642 0.0245767 0.00104104 1.61744e-06 0.085269 0.0602288 0.00131199 0.000403734 
0.000804606 0.000963779 3.3754e-07 0.00218872 0.00187858 1.59246e-07 0.0027952 0.000458627 0.000786578 3.34786e-06 2.72504e-07 0.982622 0.000881312 0.00472842 0.000781577 4.68274e-07 2.75368e-10 0.000938356 5.54424e-06 1.45572e-06 0.000160171 
0.000449178 0.0394878 0.00615418 0.010016 0.000545635 0.000227329 0.00134423 4.64061e-05 0.00476108 0.00918332 0.0121576 0.789257 0.000541632 0.03009 0.00218386 0.0101315 1.46264e-08 0.0178106 0.0646296 0.000186244 0.000796342 
0.000168394 0.0621584 0.0246141 0.0231992 0.00601269 0.0118524 2.59884e-05 0.000218285 0.0167358 0.000196246 0.0039922 0.617917 0.000197408 0.0298651 0.0170402 0.0783752 3.39001e-09 0.0319322 0.0753184 0.000106185 7.47965e-05 
3.69423e-05 0.201695 0.0116057 0.018964 0.00783662 0.000545805 0.00240856 0.00132839 0.00534387 0.0135213 0.126556 0.413424 7.44845e-06 0.0614636 0.0117553 0.00289775 3.77069e-06 0.0164227 0.100063 0.000310209 0.0038098 
0.000337761 0.027734 0.0745113 0.038822 0.0378329 0.01229 0.00384625 0.00135113 0.0387229 0.00150351 0.00743164 0.255565 0.125459 0.0487763 0.00306736 0.00687313 5.1581e-05 0.12262 0.179904 0.0127317 0.000568678 
0.000480715 0.0468748 0.0191803 0.0128007 0.0866139 0.0641319 0.00174493 0.000960064 8.50558e-05 0.000207604 0.000240987 0.619375 2.55885e-06 0.0865455 0.000742198 0.000876582 2.62049e-05 0.0270959 0.0300175 0.00198569 1.1815e-05 
2.05719e-06 0.0709828 0.0668607 0.0275273 0.00458008 0.00442486 3.20691e-06 0.000968483 0.0840818 0.000406992 0.00916977 0.509611 5.8898e-10 0.00326503 3.8596e-05 0.00513784 3.29197e-06 0.000249697 0.212645 4.15474e-05 1.9781e-07 
0.00032032 0.1094 0.00161777 0.00249659 0.0703983 7.19388e-05 2.38518e-07 0.00153748 0.126279 0.0468439 0.00237666 0.252546 1.01248e-09 0.0250855 0.0437143 0.169565 2.13439e-05 0.0104236 0.0146203 0.113133 0.00954982 
0.00013938 0.0257263 0.0033534 0.0970164 0.00615439 0.0289521 0.00106238 7.31528e-05 0.0349063 0.00183133 0.000232965 0.396654 4.44189e-06 0.149286 0.0685933 0.0428786 4.23571e-08 0.0132526 0.110201 0.00988883 0.00979368 
0.0005079 0.0224196 0.00419865 0.0117547 0.00853897 0.00101312 0.00228736 6.42529e-05 0.0185026 0.00271252 0.00500952 0.593689 2.7006e-05 0.0703757 0.0057345 0.00485428 5.12579e-10 0.0213009 0.224007 0.00115749 0.00184503 
6.69127e-06 0.209841 0.0273697 0.00282047 0.0349971 0.0165148 3.09996e-08 0.00427346 0.0243069 0.00237164 0.00136566 0.501863 1.56575e-05 0.00308084 0.00239587 0.0517858 3.97296e-08 0.00464536 0.0655458 0.00553796 0.0412625 
0.000229724 0.0845497 0.00212707 0.0185635 0.0135037 0.000962589 0.00135139 4.34111e-05 0.00654451 6.30193e-05 0.000132772 0.598475 0.0180011 0.0336361 0.00263476 0.00179798 2.08071e-05 0.0673767 0.146363 0.000271117 0.00335142 
4.2398e-09 0.0184499 1.31129e-06 7.48393e-05 0.0726482 2.04592e-05 7.21879e-12 0.00112956 0.00612193 0.000871098 0.000182336 0.881601 3.86246e-09 1.4661e-05 3.9147e-08 0.000438921 9.25172e-12 0.000285274 0.018004 0.00013014 2.59971e-05 
4.71045e-06 0.0623595 0.0303649 0.0901278 0.00199286 0.000210652 9.42984e-08 1.10339e-06 0.0121777 0.00524624 0.00192287 0.687438 2.4753e-09 0.00323122 2.04842e-05 0.0510284 4.10659e-09 4.57621e-07 0.0515165 0.000298658 0.00205732 
0.0188823 2.69421e-05 2.69387e-05 2.69334e-05 0.266722 2.69373e-05 0.0080988 2.69249e-05 2.69412e-05 2.69393e-05 2.69259e-05 0.686988 2.69151e-05 2.69413e-05 0.0188786 2.69336e-05 2.68956e-05 2.69363e-05 2.69418e-05 2.6924e-05 2.69175e-05 
0.000475805 0.0731987 0.000415819 0.0932732 0.0274719 0.00037469 0.0893772 0.000293534 0.029917 0.0436826 0.000238879 0.483799 0.000214062 0.0320138 0.00860286 0.00275566 7.94914e-08 0.0175925 0.0838289 7.68637e-08 0.0124737 
3.87035e-05 0.0797798 0.0244264 0.00962334 0.00525469 0.00233615 0.000799902 0.00125645 0.0346378 0.000568649 0.000483037 0.574908 9.43378e-05 0.0138999 0.00219842 0.000854902 0.000494034 0.12821 0.118545 0.00150672 8.39636e-05 
4.47381e-08 0.156391 1.17227e-06 0.0421152 7.01197e-08 0.0965213 2.1096e-10 0.00595006 0.00287747 9.55297e-08 2.10824e-06 0.421367 1.35281e-06 4.01978e-07 1.31699e-06 0.105025 2.7037e-10 0.14719 0.0225563 1.12761e-10 2.08749e-07 
2.96718e-07 0.0320121 0.0304837 0.00517439 0.0046276 0.00184997 0.000684985 0.000150845 0.0140914 3.8332e-08 6.16473e-06 0.828216 2.56509e-06 0.0217846 0.000258571 0.0114759 1.12165e-08 0.00194836 0.0362878 4.67794e-09 0.0109443 
0.000144138 0.207029 0.00145283 0.0335092 0.000491322 0.000258954 1.68893e-08 0.0456177 0.0212667 3.52253e-07 0.0337163 0.520796 1.58097e-07 0.0123203 0.000354685 4.78928e-09 2.16456e-08 0.0102775 0.112671 9.43572e-05 1.19288e-08 
0.000428977 0.0530962 0.00439258 0.00175817 0.00630657 0.000214264 0.153858 0.000401089 0.0144433 0.0396755 0.000245867 0.550478 0.00029951 0.0103443 0.0240645 0.0346689 1.76841e-05 0.00506827 0.0937654 2.71253e-05 0.00644571 
0.000104947 0.0229828 0.0110564 0.0794356 0.0914439 0.00187503 0.000395597 0.000913639 0.0795751 1.18955e-07 0.000608294 0.530498 2.591e-08 0.0980354 0.00435134 0.00818955 3.20024e-11 0.000311991 0.0568629 0.0133585 1.27162e-06 
0.0858362 0.0209936 0.00696054 0.00125673 0.0671244 0.00599367 0.0217842 0.000554108 0.0135564 1.27834e-05 0.00192225 0.470366 0.0806599 0.00307088 0.0113251 0.0574882 9.26606e-06 0.0231814 0.1135 0.0143942 1.04734e-05 
0.00631326 0.00435597 3.19889e-05 3.68452e-05 0.00338661 0.0192441 2.09456e-08 1.07741e-08 0.0702197 5.43232e-06 1.02102e-08 0.896184 1.61807e-08 1.68395e-09 2.53186e-05 7.78382e-05 2.68442e-08 4.4378e-09 0.000110993 1.11956e-08 7.83169e-06 
0.00204616 0.00696841 0.207743 0.0039676 0.248856 0.00916926 0.000177599 0.00152088 0.0842732 0.00018537 0.000641147 0.298424 4.47614e-05 0.021574 0.00662281 0.00167473 3.38531e-07 2.04965e-05 0.104049 0.00203334 8.98228e-06 
2.02963e-05 0.192389 0.000243981 0.0106362 0.000513879 3.21156e-07 0.00217558 0.00615232 0.00331268 0.000306343 0.000335076 0.755742 1.32394e-05 0.00234186 0.00478772 0.00220266 2.27612e-09 0.000565931 0.00831948 9.49279e-10 0.00994073 
0.000244853 0.0389356 0.018985 0.00643894 0.0461971 0.113887 0.000351843 0.00684114 0.0118007 0.00257239 0.000195953 0.282791 0.265559 0.040052 0.00270779 0.000227887 1.80454e-06 0.133612 0.0282609 0.00024726 8.93334e-05 
0.00029243 0.0598946 0.0103298 0.026528 0.0656498 0.00573989 0.00309115 0.000693956 0.00896004 0.00229902 0.00442581 0.649197 0.000320708 0.0772464 0.00619748 0.00715716 1.5101e-08 0.0163423 0.0440735 0.000134209 0.011427 
5.26639e-05 0.0254835 0.00665789 0.0072909 0.000682538 0.0020461 4.06929e-05 0.00470664 0.108527 0.0286031 0.00156732 0.676208 1.44141e-07 0.0369127 0.000159481 0.00283843 1.60458e-07 6.48377e-05 0.0966305 0.00145939 6.79668e-05 
9.05788e-06 0.217266 0.077653 0.0302351 0.0214012 0.0684486 0.00021075 8.85868e-08 0.0796071 0.0290081 0.0247248 0.256551 4.55085e-05 0.0218606 0.014417 0.0859818 6.28075e-06 0.00374975 0.0147682 0.0216069 0.0324491 
0.000243989 0.0111582 0.0197176 0.00204021 0.00705089 0.000266968 0.0011629 0.01293 0.00787953 0.00788664 0.023651 0.424436 0.00886053 0.0692306 0.0141273 0.202637 4.10703e-08 0.0758356 0.110582 4.35307e-05 0.000260119 
2.72467e-05 0.163272 0.0158917 0.03172 0.000142002 0.00108395 4.39118e-09 0.0374132 0.0153929 0.00265817 0.0124711 0.577168 3.39224e-09 0.0682698 0.00326814 0.00863706 5.06504e-08 0.00420203 0.0583784 3.61503e-06 1.52765e-07 
0.000426754 0.00969576 0.00437501 0.00513197 0.0275002 0.00274522 0.00351205 1.97537e-05 0.0185712 0.00557242 0.000356936 0.606448 0.000167948 0.0408207 0.00974009 0.00109863 2.71823e-07 0.00978487 0.242941 0.0109103 0.000181243 
0.0181976 0.157131 0.0227618 0.00100421 0.0018286 0.00572006 1.30909e-06 0.00101599 0.0172352 0.0210391 0.0141612 0.44913 3.62695e-07 0.00675733 0.0181008 0.174157 3.89945e-07 0.012488 0.00108096 0.0339863 0.0442029 
0.00198769 0.0573358 0.0425495 0.0347233 0.0725627 0.016121 0.00125469 3.48646e-06 0.0371518 8.95628e-05 4.11679e-06 0.313232 0.15946 0.0580353 0.00720807 2.54576e-05 3.59091e-05 0.133663 0.0567853 0.00774819 2.26437e-05 
0.000196428 0.0692229 0.0137351 0.0936523 0.0271589 0.0184538 0.0136091 9.13545e-06 0.0168068 0.00208115 0.00154289 0.504285 1.98939e-05 0.0275503 0.00668784 0.0631746 0.0009612 0.00624835 0.120941 0.000687627 0.0129756 
8.43115e-06 0.129289 0.032264 0.190278 0.00178081 0.00110978 0.000278262 0.00352339 0.0460274 0.0254795 0.0101962 0.357855 8.16035e-06 0.0909083 0.00886744 0.0106548 1.93859e-07 0.00166977 0.0883769 0.00127351 0.000150478 
0.174675 0.0437722 0.0157573 0.011503 0.0512235 0.0161863 0.00169518 0.000913552 0.0402599 0.0081137 0.00029171 0.24199 0.0476137 0.0550809 0.0415195 0.00148603 0.000270348 0.109371 0.122311 0.0151985 0.000768003 
4.57841e-05 0.0688046 0.0183249 0.00750259 0.0693173 0.00941022 0.00505453 0.000168517 0.058806 6.71346e-05 0.000186122 0.532537 1.36862e-06 0.0635168 0.00507451 0.00270684 1.71235e-09 0.0315936 0.125798 0.000403138 0.000680849 
1.43847e-06 0.0180996 0.00107803 0.000272254 0.351767 0.00188552 3.56166e-08 0.0365436 0.000105259 0.00298843 0.000211812 0.581789 1.82256e-06 0.000143003 6.97262e-07 0.000106401 2.92389e-12 0.000638426 0.00435947 9.60905e-08 8.20905e-06 
5.03145e-05 0.136873 0.0343231 0.00480524 0.045051 0.0006754 0.00147165 0.000201799 0.0482533 0.00792337 0.0015428 0.347725 7.15065e-07 0.000863138 0.125049 0.0101079 9.13383e-06 0.000323056 0.192447 0.000253314 0.0420502 
0.000366992 0.208553 0.04749 0.0033607 0.0277553 0.000519351 0.00131773 0.00511793 0.0738916 0.000942592 0.011909 0.433373 1.67184e-06 0.0298605 0.0204652 0.032172 1.99827e-06 0.00558665 0.0951575 0.000300671 0.00185742 
0.000363133 0.150146 0.0158297 0.0105438 0.00230686 0.0117125 8.96127e-05 0.00178315 0.0788809 0.00019314 0.00173846 0.495607 6.90587e-05 0.0121527 0.00151409 0.000228887 7.21031e-08 0.172372 0.0371982 0.00718455 8.63902e-05 
0.000104792 0.109511 0.00399523 0.00401877 0.0236607 0.00628165 0.000604403 0.000668968 0.0482822 0.0808397 0.000280828 0.55156 3.13005e-05 0.00633506 0.0175107 0.0173249 5.56637e-09 0.0241845 0.0713541 0.00285555 0.0305962 
0.000245284 0.0457437 0.00883479 0.0390026 0.00471855 0.00517716 0.0418826 0.000276416 0.016359 0.0267695 0.000141091 0.634876 3.79068e-05 0.0341239 0.0021928 0.088683 2.85399e-07 0.029372 0.0201262 0.000689718 0.000747609 
7.9886e-05 0.0938536 0.00817512 0.0230248 0.00464124 0.00248765 0.0136247 0.00289877 0.159949 0.0828101 0.000462139 0.36582 0.00122076 0.0595398 0.0128601 0.0645944 0.000302562 0.00437149 0.0976629 0.00118164 0.000439024 
3.6427e-05 0.0703037 8.90086e-05 0.00469723 0.00087471 0.000116977 2.84877e-05 0.0153254 0.000293419 0.00227703 0.000470398 0.801588 1.50806e-06 0.0575505 0.00395368 9.54495e-05 2.50191e-06 0.000506008 0.0417688 3.32063e-06 1.77135e-05 
0.000674085 0.110471 0.0044008 0.00501466 0.146922 0.019382 8.15898e-05 0.00113598 0.0103804 0.00173924 0.00519419 0.596971 0.000395819 0.068468 0.000834112 0.0033368 3.22852e-07 0.0119009 0.00343195 0.00644809 0.00281729 
1.16033e-05 0.0136393 0.081594 0.0252872 0.010449 0.0318999 0.000806128 0.00120077 0.121694 1.32625e-05 0.00184982 0.238131 1.27677e-05 0.143477 0.0159333 0.0519218 0.00229846 0.0060266 0.141541 0.112119 9.41183e-05 
4.75429e-05 0.0891493 0.00611943 0.0249532 0.0102288 0.00104729 0.0204783 3.07755e-05 0.0388131 0.00466144 0.00220706 0.600784 1.11066e-05 0.0215551 0.0746985 0.00103136 0.00117685 0.00416054 0.0959312 0.000120215 0.00279491 
0.00031049 0.108197 0.0304927 0.0461824 0.00441249 0.0160627 0.0109551 0.0316943 0.00266559 0.0015991 0.00371722 0.590199 7.76445e-05 0.0430037 0.0105097 0.0108503 3.06871e-07 0.00816326 0.0807591 1.80225e-06 0.00014629 
0.00226974 0.302597 0.0500005 0.00300327 0.0639013 0.00558282 0.000509121 0.0149986 0.00355575 0.0198569 1.09596e-08 0.381425 3.08509e-05 0.0192493 0.0135519 0.0545792 2.88144e-08 0.0082316 0.055967 0.000259594 0.000430492 
0.000298853 0.0297891 0.00679053 0.0276007 0.288118 0.00107002 0.0101599 0.000335548 0.000300061 0.00854184 6.39276e-05 0.302878 0.000526144 0.0028915 0.00155818 0.0126255 0.013129 0.00424013 0.287923 0.000495688 0.000665478 
7.27102e-06 0.294147 0.0232383 0.0753462 0.00590615 0.0486905 6.34563e-10 0.0347849 0.00603573 0.0502161 3.65829e-05 0.315779 1.03779e-07 0.0167277 0.0307067 0.0193103 8.13266e-10 0.00651558 0.0700176 0.0014197 0.00111404 
0.000135111 0.0465741 0.00893336 0.0113737 0.00670951 0.00125899 0.0370745 2.50272e-05 0.0680078 0.00390729 0.00980667 0.47362 6.15867e-05 0.0346377 0.0140508 0.219177 6.53291e-07 0.00254454 0.0521636 0.00213587 0.00780173 
0.000195426 0.18608 0.0153392 0.00947087 0.0686401 0.0979724 0.00125546 0.000345133 0.0340409 0.00799103 0.000132192 0.204683 3.52062e-07 0.110442 0.00095471 0.0690768 2.49851e-08 0.00326885 0.185492 0.00141621 0.00320393 
6.83734e-05 0.293815 0.0149552 0.0104598 0.00400044 0.00142366 0.000566374 0.000422005 0.0224427 0.0159883 0.00428835 0.380774 7.35267e-08 0.136251 0.00136573 0.000344441 0.000659125 0.0296828 0.0632845 0.0030478 0.016159 
3.76395e-09 0.0223479 0.00139999 0.00040251 0.0508962 0.000351761 7.44273e-12 0.00580935 0.00252805 0.000666008 0.000806616 0.909878 3.11954e-09 0.00243741 3.47516e-08 0.000343928 9.53872e-12 2.86629e-05 0.0020577 3.21947e-05 1.38233e-05 
9.61432e-06 0.0799768 0.012156 0.00790702 0.00273075 0.000107553 0.0116061 1.37916e-06 0.0399104 0.00133683 0.00670789 0.509648 7.75949e-08 0.0122945 0.166319 0.00117962 0.00282521 0.00113812 0.143421 0.000162135 0.000562858 
0.00693306 0.0697543 0.0936525 0.00857679 0.0952074 0.0438027 0.0233806 0.015785 0.0164553 0.0114524 0.000106342 0.226872 0.00950812 0.0318755 0.023765 0.00145889 0.00768487 0.126445 0.181848 0.00529585 0.000139864 
0.00043116 0.00782499 0.051587 0.00846485 0.00383504 0.0242183 0.00221114 0.000375951 0.106029 3.87393e-07 7.59008e-06 0.638324 0.00133306 0.011855 0.00521947 0.00403318 2.83234e-05 0.120304 0.0139143 2.65732e-06 3.55976e-09 
1.95175e-05 0.336899 0.000804881 0.00239022 0.0227155 0.000160432 6.86813e-05 0.00408502 0.0160681 0.000202566 0.0022289 0.454681 6.67006e-08 0.0181101 0.00270937 0.000195116 7.58138e-07 1.32141e-07 0.138493 5.41571e-05 0.000113157 
3.40832e-05 0.0361447 0.00164692 0.000880052 0.00275554 0.00186951 0.0051536 0.000425306 0.000155802 0.00127826 0.00912481 0.785761 2.71876e-06 0.0473994 0.0142351 0.0517517 0.00710671 0.00259082 0.0305442 0.000549714 0.000590405 
0.00018964 0.127756 0.00188844 0.00526951 0.0276746 0.0188155 2.50269e-05 0.00281594 0.0746003 0.00253294 0.0118231 0.531375 7.29503e-06 0.0445341 0.00869553 0.0347215 0.00475728 0.00038763 0.085859 0.0154548 0.000816677 
5.24091e-07 0.0021463 0.154317 0.194119 2.17667e-09 0.0883442 1.50685e-08 0.000129505 1.25565e-09 1.95734e-06 0.000778247 0.428311 1.16406e-08 0.0101128 0.000127992 0.121431 1.93121e-08 2.67016e-06 8.76236e-06 0.000165075 3.83115e-06 
6.20953e-05 0.0237898 0.0151166 9.74612e-07 4.9347e-07 2.67364e-05 0.00118862 2.79807e-11 4.53281e-12 0.00133493 0.0124643 0.898808 5.88728e-08 2.93052e-08 0.0303416 3.50924e-06 6.97155e-11 0.00042611 0.0145585 2.73339e-07 0.00187712 
0.000318887 0.0110361 0.00694028 0.0354209 0.0161993 0.0037771 0.00568997 0.000874627 0.0149493 0.000267406 0.000756891 0.498934 0.0476708 0.0103349 0.109188 0.0252623 3.51183e-06 0.0409007 0.168693 6.76776e-05 0.00271442 
0.000178881 0.0334137 0.00158025 0.00991233 1.05015e-05 3.47095e-05 0.255621 0.00055142 0.0940756 0.00161449 0.000287265 0.591546 4.12902e-08 0.00255091 0.00124905 0.000638337 1.30682e-10 1.29761e-07 0.00673523 5.45022e-11 9.12416e-08 
0.00159515 0.133661 0.0607418 0.0347541 0.0064205 0.00437637 0.00416097 0.000230967 0.0138398 0.000765316 0.0101237 0.304121 0.2754 0.010895 0.00176255 0.0163697 2.44698e-07 0.0347412 0.0629195 0.0227656 0.000355827 
0.000136374 0.0825472 0.0789399 0.04996 0.0107146 0.00363503 0.036824 0.00121069 0.0777619 0.011243 0.0178153 0.342018 0.000150959 0.197184 0.00869283 0.00595142 3.45262e-09 0.0168363 0.0532524 0.00254712 0.00257964 
0.000221349 0.0105441 0.00264592 0.00332743 0.0107279 0.000628966 9.27408e-06 0.000106638 0.0138981 0.00551658 0.000171261 0.856427 1.08025e-05 0.00572276 0.00502469 0.00249884 5.84032e-09 0.000966976 0.080462 0.000525469 0.000563659 
4.70518e-05 0.161684 0.0346073 0.00219975 0.00192984 0.0657279 0.000732545 0.00549438 0.0333907 0.000784443 0.00634039 0.277042 2.31885e-05 0.20511 0.000392627 0.0151011 0.00655532 0.147004 0.0343273 0.00136868 0.000137574 
0.000686082 0.058531 0.0240562 0.00763368 0.120699 0.0329054 0.0193973 0.00926507 0.0727557 0.0168354 0.00161657 0.338916 0.000100659 0.0251003 0.00872852 0.021652 2.30523e-08 0.0103743 0.158202 0.0477959 0.0247484 
5.23826e-05 0.0625149 0.123357 0.092602 0.0470235 0.00896032 0.00013656 0.00200132 0.0425024 0.00234032 0.0261392 0.182487 0.00019246 0.16142 0.0119998 0.023938 3.18286e-06 0.0333296 0.131298 0.0458738 0.00182794 
4.88681e-05 0.0890366 0.00296405 0.00970367 0.0383344 5.08716e-05 0.00706975 0.000206933 0.00454657 0.00502305 0.00321677 0.557508 8.32048e-05 0.0179423 0.158088 0.00153335 9.55831e-08 0.00147966 0.0412358 9.81718e-08 0.0619285 
0.000277241 0.0323379 0.0828372 0.0187035 0.0358825 0.00324674 0.00738256 0.00617951 0.0341782 0.00316511 0.00177569 0.359261 2.17091e-05 0.116105 0.0224461 0.0177968 4.1137e-07 0.0845961 0.167899 0.00531802 0.000589055 
0.000131726 0.0496021 0.0025568 0.0082679 0.0514523 0.0223196 0.0250858 0.00350156 0.0189954 0.0107514 0.000277467 0.469611 0.000218389 0.0597046 0.0227636 0.00242466 7.09917e-07 0.0230987 0.186101 0.0408257 0.00230868 
1.43847e-06 0.0180996 0.00107803 0.000272254 0.351767 0.00188552 3.56166e-08 0.0365436 0.000105259 0.00298843 0.000211812 0.581789 1.82256e-06 0.000143003 6.97262e-07 0.000106401 2.92389e-12 0.000638426 0.00435947 9.60905e-08 8.20905e-06 
0.0001205 0.120448 0.00383401 0.0100293 0.010763 0.000488902 0.0174299 9.41296e-05 0.0227109 0.00559932 0.00339041 0.52017 0.00723179 0.0284889 0.00928014 0.000600697 1.37279e-06 0.0083066 0.213239 0.000688915 0.0170843 
0.0213701 0.0192801 0.0020889 0.000248915 0.316697 0.00194102 2.80429e-06 0.0327675 0.000175514 0.00277707 0.000548622 0.591889 2.0556e-06 0.000633567 0.00299953 0.000107869 3.00626e-12 0.00133971 0.00508355 3.78724e-05 8.92062e-06 
