0.000386975 0.092537 0.0420689 0.111497 0.196401 0.0264302 0.00207622 0.000106945 0.0316628 0.000439641 0.00425713 0.0970417 0.000304116 0.263628 0.0943848 0.0195404 4.89746e-05 0.000981564 0.0154183 0.000291445 0.000497383 
1.05088e-05 0.17381 0.0219718 0.0305669 0.0109801 0.246401 2.52958e-09 0.000785992 0.0923187 0.00293236 0.012414 0.00399116 5.87508e-06 0.26748 0.00144684 0.00072392 4.80849e-12 0.0649305 0.0609697 0.00771652 0.000544208 
1.20772e-05 0.00668164 0.00101251 0.00338721 0.0310093 0.0100838 1.54232e-06 5.88007e-05 0.0173132 0.0063028 3.72012e-09 0.000707263 1.87358e-07 0.904373 0.000126236 0.000123179 1.60063e-12 0.000979431 0.0176742 7.65667e-06 0.000146138 
0.0479816 0.0393692 0.00467201 0.00485293 0.00596061 0.0367829 0.00270048 0.000468488 0.0762768 0.0231283 0.00501866 0.0127664 3.36672e-05 0.522885 0.000242917 0.0572171 3.67389e-06 0.0168948 0.137667 0.00300333 0.00207422 
6.17745e-06 0.0586067 0.00459678 0.00555007 0.00844372 0.00482064 0.0360152 0.0169108 0.140653 0.0258417 0.00231373 0.204942 1.57776e-05 0.393327 0.000720812 3.52178e-05 2.22342e-09 0.0028862 0.0935513 0.000429727 0.000333597 
2.72768e-05 0.0484489 0.00192715 0.00722135 0.0106566 0.00424103 0.011593 0.000539182 0.0841618 0.0151191 0.000128131 0.0411646 7.75325e-06 0.675396 0.00110526 0.00212188 3.37259e-07 0.0194603 0.0759924 0.000445469 0.000242924 
1.63704e-06 0.0766248 0.0209579 0.00614188 0.00216315 0.0803818 4.75685e-05 0.00361068 0.215594 0.010407 0.00133936 0.062762 1.57686e-05 0.349962 0.00709021 0.00464871 2.88394e-09 0.0285638 0.12746 0.00212204 0.000104934 
0.000172865 0.000361082 0.0174994 0.0273102 0.0876722 0.00138563 1.16866e-08 0.083904 0.0744018 0.00014774 3.49297e-08 0.000696365 1.44177e-09 0.700769 0.00256865 6.24013e-08 5.63623e-08 1.60345e-08 0.00306671 4.39803e-05 7.59125e-08 
2.39165e-05 0.0333205 0.0799594 0.165688 0.0657479 0.0839177 0.000146624 0.000781127 0.0873711 0.020241 0.00174712 0.0147981 1.91987e-05 0.255375 0.000242322 0.0162946 1.20636e-08 0.0441755 0.127218 0.00251524 0.000418187 
2.57858e-05 0.0573461 0.0940155 0.171301 0.0212143 0.0441214 0.000268178 0.00105513 0.110853 0.00562823 0.00568832 0.0334066 1.17388e-05 0.240546 0.0258417 0.00137271 0.00110676 0.10922 0.0695297 0.00483453 0.00261292 
7.69194e-06 0.00748044 0.000251611 0.00300577 0.0235957 0.000642594 0.000129692 5.95603e-05 0.111549 0.000191481 2.00253e-05 0.0204859 1.72492e-05 0.72238 0.000923552 1.99798e-05 3.32824e-09 0.0157359 0.0928346 0.000310392 0.000359302 
1.85077e-05 0.0854326 0.0392676 0.0115648 0.0328868 0.0176408 0.000488257 0.00315517 0.155435 0.00832187 0.00250936 0.0596099 1.33799e-05 0.260963 0.0105033 0.00415642 0.000218589 0.162767 0.124883 0.0149933 0.00517237 
4.98959e-05 0.0724077 0.0135445 0.000538601 0.00131399 0.0119509 5.63332e-09 4.06926e-08 0.222973 0.000505161 0.00725132 0.00320835 2.04245e-07 0.45856 0.000935615 0.0105243 5.07085e-07 0.00624893 0.189112 0.000759624 0.000114552 
1.05432e-05 0.200696 0.159515 0.00137871 0.0113052 0.00885183 0.000377966 0.00011435 0.0489306 0.00218389 0.000504585 0.0121092 2.84848e-05 0.242972 0.000497325 0.0024318 3.74907e-07 0.191318 0.116504 0.000153919 0.000115496 
0.0221791 0.0202973 0.018345 0.0171422 0.244454 0.047267 1.04617e-05 0.0240562 0.0649209 0.00364271 0.000155724 0.00749693 2.04674e-06 0.440621 0.0053573 0.00111292 1.87343e-05 0.0659105 0.0140275 0.000807865 0.00217425 
0.000174234 5.17127e-05 0.000448208 1.93515e-08 0.000110107 1.24177e-08 6.68577e-08 0.000233889 5.57119e-09 9.80101e-06 3.25908e-08 0.000118449 5.16484e-08 0.998672 8.77638e-05 1.89588e-08 8.56859e-08 1.13464e-05 4.39554e-09 8.2229e-05 4.72213e-08 
2.98756e-08 0.00704985 0.0136109 0.01117 0.0199333 0.00718829 2.60591e-11 0.000368069 0.215929 0.0183226 0.000239799 0.0205477 1.46311e-08 0.530947 0.0138561 0.000157269 3.33977e-11 0.0595709 0.0783308 0.00277756 1.00738e-06 
0.000386488 0.100151 0.0317931 0.0503498 0.049891 0.046801 1.5846e-05 0.00181882 0.227257 0.0193345 0.000614304 0.0244809 9.3455e-07 0.296564 0.00361647 0.0134313 0.00103138 0.0337146 0.0931491 0.0027611 0.00283814 
3.30856e-06 0.028994 0.0383111 0.0219285 0.0129006 0.000405415 0.000230586 0.000478075 0.355597 0.00807673 0.000196952 0.0154379 2.75066e-05 0.400201 0.0009517 0.00554691 6.67968e-06 0.00114435 0.108841 4.24564e-05 0.000677736 
6.12692e-06 0.0175836 0.00375949 0.00120616 0.0153648 0.00516853 1.21967e-05 0.000532908 0.0419094 0.0129624 0.000133057 0.00185402 1.37715e-06 0.839216 0.0303988 6.19634e-05 1.36611e-08 0.020029 0.00883609 6.70365e-05 0.000896651 
3.23857e-05 0.0514305 0.0531051 0.0202573 0.0181216 0.0320518 5.27069e-05 0.00307314 0.0801553 0.110555 9.59402e-05 0.0154956 1.78895e-07 0.495448 0.00274176 0.00137382 6.26744e-13 0.000364025 0.110865 0.000462584 0.00431789 
2.05186e-05 0.0320854 0.000937551 0.00534396 0.0181606 0.00462397 3.41943e-05 0.00147297 0.0324267 0.0246298 4.23994e-05 0.00159929 2.37235e-06 0.873483 0.00120443 2.34162e-05 1.31723e-12 8.17837e-05 0.00343039 3.1185e-05 0.000366107 
0.000698285 0.0980684 0.225624 0.0123047 0.0337528 0.0387255 0.00235848 0.00160131 0.167433 0.0168348 0.00777956 0.0197936 0.000119074 0.262027 0.00245224 0.0236922 5.45161e-05 0.0132122 0.0641016 0.00828564 0.00108082 
3.37803e-07 0.0319389 0.173215 0.0606874 0.000266767 0.00665647 0.000608052 2.73456e-05 0.236662 0.000542697 0.000253599 0.0284837 1.67053e-07 0.322238 3.46745e-05 0.00698286 0.000167528 0.0306345 0.0986151 0.00128725 0.000697109 
0.000106526 0.112609 0.0146097 0.0745277 0.037609 0.0567742 0.000103309 0.0145412 0.0928059 0.0368721 0.0670573 0.02334 8.44027e-06 0.266609 0.00198689 0.0247132 1.49053e-06 0.088471 0.0849458 0.00152176 0.000787047 
2.50209e-06 0.00454682 0.018137 0.00949632 0.00658431 0.00223591 0.000478772 0.000435843 0.182942 0.000391318 0.00461952 0.00398981 4.3024e-10 0.725916 0.00130649 0.00728541 2.7228e-11 0.00556314 0.0257344 0.000253772 8.05306e-05 
0.00133088 0.0496788 0.0142154 0.00975433 0.194225 0.0104263 0.00107123 0.0293275 0.0314619 0.00687418 1.99709e-05 0.00235777 1.41825e-07 0.541005 0.0111576 0.000862058 3.1967e-08 0.0761883 0.0178923 0.00204294 0.000108524 
0.0326468 0.0099526 0.00982958 0.00162575 0.0889046 0.0115054 0.000228796 0.0276572 0.0341769 0.00557249 0.000828032 0.0101562 9.26032e-07 0.730957 0.00564696 0.00068318 2.20375e-05 0.0176168 0.0112654 0.000112051 0.000611209 
4.53283e-07 0.0540868 6.80605e-05 0.029083 4.5659e-06 8.49756e-06 0.000152408 0.00917057 1.5378e-05 0.00199713 1.59103e-06 0.0735747 7.17931e-09 0.574741 0.0518036 6.63076e-06 1.19106e-08 0.00250394 0.151166 4.21169e-06 0.051611 
8.70893e-05 0.0260608 0.00463832 0.00387525 0.365194 0.00661526 2.77995e-05 0.000205918 0.0956909 0.0126942 0.00198368 0.00351829 2.39696e-06 0.437934 0.00199888 0.00239159 2.40792e-09 0.0263072 0.00681313 0.000763285 0.00319884 
1.26335e-05 0.0467593 0.0455445 0.0434317 0.0593214 0.117439 3.32327e-05 0.000418122 0.0691885 0.0101978 0.00110327 0.00159779 2.60577e-06 0.53156 0.000167094 0.00592622 2.41725e-06 0.0255751 0.0401043 0.00144844 0.000166133 
6.12692e-06 0.0175836 0.00375949 0.00120616 0.0153648 0.00516853 1.21967e-05 0.000532908 0.0419094 0.0129624 0.000133057 0.00185402 1.37715e-06 0.839216 0.0303988 6.19634e-05 1.36611e-08 0.020029 0.00883609 6.70365e-05 0.000896651 
4.12255e-05 0.00485731 0.00448339 0.00343464 0.031882 0.0233362 8.9293e-06 5.8746e-05 0.0485979 0.00235355 4.17227e-06 0.00242762 7.03507e-07 0.854774 0.000256251 0.000625691 1.30648e-11 0.00678186 0.0156115 9.98817e-05 0.000364282 
2.95048e-05 0.00417755 0.00180051 0.00163824 0.276376 0.0130951 1.90062e-06 4.14041e-05 0.0224283 0.0136794 4.13911e-06 0.00137033 3.72776e-06 0.482672 0.000501949 0.000245264 8.32686e-13 0.169559 0.0111012 4.05422e-05 0.00123344 
0.030914 0.00245615 0.0167463 0.0358024 0.0570057 0.00348173 6.83053e-06 0.0729833 0.0521633 8.31032e-05 0.000102624 0.00109145 8.25196e-08 0.724249 0.000770683 0.000350436 1.16374e-05 1.80632e-05 0.0016565 2.08982e-05 8.62741e-05 
4.71353e-05 0.0480619 0.0266239 0.0214125 0.0676573 0.0413705 9.66415e-06 0.119246 0.282701 0.00374899 0.00670454 0.0410102 8.60675e-06 0.28324 0.000657019 0.0186407 1.43122e-09 0.00186135 0.0350573 0.000222526 0.00171871 
0.00254328 0.0985254 0.0380739 0.0136033 0.0635941 0.00970948 0.00360495 0.0116095 0.0857218 0.0170858 0.00472658 0.0965372 0.000252807 0.367481 0.0564076 0.0143487 0.000492791 0.0132814 0.100289 0.00190298 0.000208332 
7.93376e-05 0.0953729 0.0387691 0.0131817 0.0530422 0.0999167 0.000273846 0.00171165 0.236651 0.0105856 0.00294381 0.012803 1.22204e-05 0.256594 0.00233202 0.00182367 0.00127547 0.0669843 0.0995648 0.00553594 0.000546661 
1.01318e-06 0.0184326 0.00449822 0.00314097 0.0191132 0.00308521 8.07311e-06 0.000494464 0.122475 0.00206003 4.82831e-09 0.00275981 4.23533e-07 0.793974 0.00148643 6.66931e-09 6.62512e-12 0.00934435 0.0188911 0.000164208 7.04725e-05 
0.00112779 0.13585 0.0148289 0.00764155 0.0149568 0.000454083 4.41817e-05 0.0323537 0.0110395 0.0172576 0.0150152 0.189129 5.81462e-07 0.461781 0.0141863 0.000280124 2.08711e-06 0.00742287 0.0754495 0.000253478 0.0009264 
0.00014578 0.0999038 0.0542973 0.0364156 0.0196113 0.0200873 0.0163557 0.00937288 0.110347 0.00955478 0.00726157 0.00602059 3.28173e-06 0.568557 0.00644077 0.0168967 1.05124e-09 0.0054304 0.0108455 0.00178472 0.000668001 
7.80196e-08 0.0484508 0.0113143 0.00190207 3.28757e-06 0.0114261 7.04513e-11 9.54455e-08 0.065469 1.2386e-07 0.0263174 0.00302884 5.44245e-11 0.753448 1.6408e-06 0.00989368 1.06757e-08 2.35971e-09 0.0687433 9.33755e-07 4.86627e-08 
1.21017e-05 0.0729463 0.0468199 0.0167619 0.0257553 0.0189484 1.53303e-07 0.00624917 0.177559 0.000484218 0.0489153 0.0120386 2.88179e-07 0.350894 0.0067083 0.0147018 0.000137249 0.00862688 0.186211 0.00594087 0.000288704 
3.60649e-06 0.0555089 0.0398697 0.040265 0.0150209 0.0379398 6.39335e-05 0.00686479 0.0936057 0.00377827 0.00027291 0.00831713 5.07082e-06 0.46637 0.000351675 0.0225883 1.65117e-05 0.0274022 0.126835 0.0526604 0.00225987 
0.00098616 0.00268903 0.0486919 0.176168 0.033389 0.00450738 1.842e-06 6.2547e-05 0.0174135 0.00261623 7.48098e-07 0.0588785 3.96804e-07 0.591406 0.0343517 0.0167813 4.27487e-09 0.00460586 0.00710105 5.9521e-06 0.000342372 
5.84237e-06 0.00377639 0.00321765 0.00480727 0.0447303 0.000526241 1.2429e-05 0.0105504 0.23612 0.000122819 0.000242851 0.000537989 2.03172e-07 0.68056 0.000743007 0.000150682 1.55835e-08 0.00186547 0.011839 5.38534e-05 0.000138253 
0.0192396 0.102324 0.0157692 0.0430056 0.0297116 0.0245098 0.000286226 0.0081971 0.036789 0.0328216 0.000795365 0.0327681 2.12423e-06 0.573087 0.0105235 0.00111383 1.41667e-08 0.0325601 0.0292357 0.00306929 0.0041912 
1.47019e-05 0.0311621 0.06206 0.00224076 0.0241763 0.00329214 3.05958e-05 0.00216682 0.0168268 0.000989243 0.000460292 0.0135412 5.27709e-07 0.731545 0.0113616 0.00231252 8.88417e-10 0.000760469 0.0969076 0.000102896 4.85788e-05 
1.21901e-05 0.0258941 0.00345186 0.00249064 0.297364 0.0014202 3.42793e-05 0.000135851 0.182652 0.00783757 0.00139804 0.00466115 6.6792e-06 0.317728 0.00156204 0.00485003 1.84443e-12 0.138836 0.00289078 0.00140034 0.00537406 
1.45334e-05 0.0857288 0.183085 0.00623123 0.091051 0.0172117 6.62705e-05 0.000863277 0.0931001 0.0205807 0.00503124 0.046298 2.23754e-06 0.22842 0.0375408 0.0148559 0.000225934 0.00281367 0.129629 0.00302314 0.0342275 
0.000302465 0.0473244 0.00696692 0.0876478 0.0450403 0.00734833 0.00069772 0.00242544 0.0766818 0.0237678 0.00743192 0.0360365 1.35707e-05 0.387201 0.0174393 0.00321279 0.000407226 0.0793269 0.169444 0.00048938 0.00079459 
7.7096e-06 0.0449021 0.0396182 0.0971135 0.0037491 0.00216712 5.22793e-05 6.17749e-05 0.209716 0.00706207 1.79598e-05 0.141896 3.20106e-08 0.224074 5.33503e-05 0.0238743 3.68115e-09 0.0310923 0.170921 0.00360759 1.31962e-05 
1.96397e-06 0.0265184 0.0135285 0.00895847 0.0583422 0.0175343 1.5801e-07 0.000639195 0.169621 0.000108829 2.90955e-06 0.00489804 2.50703e-05 0.577953 0.00646942 0.000207464 2.0876e-10 0.105412 0.0093083 0.000130167 0.000341595 
1.39575e-05 0.0414411 0.0238915 0.0164701 0.054219 0.0356193 0.000232006 0.00122888 0.166887 0.0291411 0.000791351 0.00766758 2.38492e-05 0.429433 0.00307802 0.0111741 0.000151803 0.0436495 0.129079 0.00553829 0.000269698 
5.13683e-06 0.00720928 0.00244437 0.00131602 0.0590798 0.256461 1.37246e-06 2.80228e-05 0.00682051 0.0165279 6.84119e-05 0.000732801 1.45091e-06 0.585955 4.19142e-05 0.0138678 6.36248e-09 0.00646446 0.0418209 0.000197273 0.000956048 
0.0165865 0.0672218 0.149295 0.0944972 0.0520013 0.0561789 7.68307e-05 0.000661197 0.148972 0.0200922 0.0222002 0.0195478 5.81094e-07 0.195014 0.00617148 0.01491 6.0613e-06 0.0387703 0.0932762 0.00306334 0.00145647 
4.12255e-05 0.00485731 0.00448339 0.00343464 0.031882 0.0233362 8.9293e-06 5.8746e-05 0.0485979 0.00235355 4.17227e-06 0.00242762 7.03507e-07 0.854774 0.000256251 0.000625691 1.30648e-11 0.00678186 0.0156115 9.98817e-05 0.000364282 
0.00221413 0.102498 0.0112625 0.00999931 0.151759 0.0187603 0.00303713 0.00243183 0.198825 0.0135872 0.00793806 0.0474729 2.79916e-05 0.209112 0.00389351 0.00785104 0.000182447 0.0677918 0.0819926 0.00326882 0.0560953 
3.89188e-06 0.008858 0.00066916 0.0441081 0.00150116 7.56591e-07 2.9126e-05 0.000101094 0.149786 0.00024308 1.05919e-12 0.018485 6.8394e-06 0.53044 0.00210644 1.13396e-08 2.78476e-12 0.00197236 0.241679 1.74829e-06 7.58619e-06 
0.0182974 0.0700079 0.0253439 0.00891132 0.154715 0.0283549 0.00118419 0.0115593 0.113585 0.00935594 0.00533695 0.0170989 9.74456e-06 0.326156 0.0126622 0.00581513 3.95212e-05 0.134529 0.0519443 0.00268432 0.00240897 
1.33681e-05 0.0464799 0.173363 0.0394603 0.0759063 0.0130345 4.79142e-05 2.70542e-05 0.225367 0.000191956 0.000301183 0.0187611 9.62921e-08 0.30333 7.07762e-05 0.00790437 1.56942e-07 0.00383275 0.0905302 0.00113865 0.000239496 
2.05714e-08 0.0116914 0.0101881 0.199467 0.00312937 1.40206e-07 3.97124e-07 4.49933e-12 0.191419 5.3103e-06 4.26387e-12 0.0633808 6.75719e-12 0.297525 0.00743588 6.37485e-08 1.12103e-11 0.0329112 0.180684 0.00216284 6.17799e-12 
1.40216e-05 0.0343063 0.214798 0.0301921 0.0517669 0.0233831 4.71674e-06 0.00012131 0.134601 3.15788e-05 0.00857398 0.0119457 4.75324e-08 0.465547 0.000200842 0.00864971 6.04218e-07 6.83192e-06 0.0135714 0.00202884 0.000256485 
0.00082356 0.0423208 0.0745257 0.00954808 0.0988266 0.161437 1.68567e-05 0.0817742 0.0462949 0.0482668 6.74564e-05 0.00250857 1.45136e-06 0.209178 0.00501879 2.42158e-05 2.84279e-07 0.17525 0.0381396 0.00587164 0.00010606 
1.4469e-05 0.0617143 0.00317454 0.109872 0.00958171 0.00123373 6.32645e-07 1.41984e-05 0.0406295 0.00189925 0.00692942 0.135046 3.72528e-07 0.520203 0.0853687 0.00274449 8.37754e-09 0.000176736 0.0141279 0.00119117 0.00607781 
2.16517e-05 0.00254163 0.0277873 0.000811207 0.137418 0.000275377 8.39501e-07 2.74632e-05 0.037692 2.48647e-05 0.00733516 9.86432e-06 3.29227e-12 0.708448 0.00340436 0.0061023 0.0664118 0.000312453 0.00100707 0.000206833 0.000162167 
9.32117e-07 0.176833 0.0039942 0.011631 0.00153014 0.0417839 0.000317687 7.18919e-05 0.0281875 0.010355 0.00443849 0.0453851 1.43496e-06 0.49795 0.00174278 0.00425329 4.01782e-08 0.00264269 0.166357 0.00252225 5.5886e-07 
5.76401e-05 0.023731 0.00796263 0.00859461 0.0410867 0.0195644 0.000214389 0.000175126 0.145234 0.0132668 0.00133551 0.0114124 2.15e-05 0.514141 0.00173974 0.0017108 0.000865567 0.00783198 0.19935 0.000992145 0.000712479 
2.72768e-05 0.0484489 0.00192715 0.00722135 0.0106566 0.00424103 0.011593 0.000539182 0.0841618 0.0151191 0.000128131 0.0411646 7.75325e-06 0.675396 0.00110526 0.00212188 3.37259e-07 0.0194603 0.0759924 0.000445469 0.000242924 
0.00627838 0.0563753 0.0230956 0.00897673 0.03772 0.0322689 0.00272566 0.00120223 0.238003 0.0279614 0.0015586 0.0274286 3.27147e-05 0.389815 0.00277099 0.018451 0.00466455 0.0143198 0.104516 0.00125721 0.000578094 
4.79064e-06 0.277141 0.0205526 0.0459132 0.0171106 0.119364 1.86727e-07 0.00013213 0.0507493 0.0303093 0.00212026 0.00712889 4.29715e-07 0.416846 0.000273571 0.00673547 1.35525e-07 0.00129258 0.00213659 3.80829e-05 0.00215139 
3.48922e-05 0.0159812 0.0202325 0.0148172 0.122134 0.00441407 1.66942e-07 9.15918e-05 0.164336 2.94044e-05 0.00309779 0.0113033 1.30638e-05 0.592636 0.000186652 0.00706385 1.29953e-10 0.013029 0.0303114 1.79258e-07 0.000287237 
0.0780792 0.0904015 0.068343 0.0345817 0.0409043 0.0442719 0.00654532 0.0171619 0.0810908 0.00062462 0.00753198 0.012826 1.75801e-05 0.328028 0.0144917 0.157265 2.60337e-07 0.000906091 0.0161186 0.00042757 0.000382593 
0.00018647 0.00442479 0.00336584 0.000672707 0.201779 0.00198862 1.61056e-09 0.000384426 0.0150502 0.0150925 9.14557e-06 0.00232457 6.11462e-06 0.451921 0.00426817 0.000130907 5.3512e-12 0.280535 0.0167744 6.53944e-05 0.00102055 
0.000323364 0.112207 0.0338976 0.0136279 0.00843875 0.0181464 1.51768e-05 0.00642822 0.0411697 0.00628722 0.00344129 0.0543674 8.91466e-05 0.518202 0.0064029 0.000459791 1.13162e-09 0.0669959 0.109449 1.76238e-05 3.25968e-05 
0.000259786 0.049199 0.0197219 0.0195791 0.243183 0.0371638 0.000102623 0.000193369 0.0979407 0.00788717 0.00239118 0.0153823 7.17181e-06 0.336204 0.00122205 0.00196826 2.12732e-06 0.0187964 0.0335155 0.00016463 0.115116 
0.00480889 0.0502023 0.0173537 0.0127915 0.027773 0.0302466 3.38094e-05 0.00256828 0.0812872 0.0232747 0.00274843 0.0127195 8.04882e-06 0.430197 0.00332836 0.00546081 0.000277385 0.0507132 0.230794 0.00534758 0.00806591 
1.81045e-05 0.215168 0.12998 0.00217458 0.0120838 0.0100791 0.000439595 0.00148216 0.0543307 0.0539748 0.00367133 0.0389616 2.35537e-05 0.22083 0.00100517 0.00119138 5.33227e-08 0.125734 0.128433 0.000189363 0.000229359 
0.000133224 0.0317998 0.0384243 0.0343075 0.0789213 0.0983931 0.0280077 1.0422e-05 0.136653 0.00138715 0.000762624 0.152249 0.000271144 0.171016 0.01034 0.00043642 0.000416691 0.0493399 0.164914 0.00172597 0.000490403 
8.24874e-05 0.0568495 0.0109501 0.107632 0.0330726 0.237368 0.000249624 8.11584e-05 0.0670007 0.0138369 0.000413593 0.00598354 0.000590866 0.244932 0.00220645 0.000772558 2.19807e-08 0.115526 0.0958769 0.006108 0.000467083 
0.030914 0.00245615 0.0167463 0.0358024 0.0570057 0.00348173 6.83053e-06 0.0729833 0.0521633 8.31032e-05 0.000102624 0.00109145 8.25196e-08 0.724249 0.000770683 0.000350436 1.16374e-05 1.80632e-05 0.0016565 2.08982e-05 8.62741e-05 
0.000107177 0.026526 0.0679989 0.0178614 0.107813 0.00823963 2.7566e-05 0.00182829 0.111825 0.043245 0.000188241 0.0865747 2.60817e-05 0.258529 0.00770053 0.00838969 4.58613e-07 0.107069 0.126751 0.00105298 0.0182464 
0.000187954 0.0987808 0.0466455 0.0112464 0.0200695 0.00467796 0.000110398 0.00147432 0.117565 0.0554175 0.00502953 0.0311444 0.000416265 0.309636 0.00945234 0.00888175 0.000106024 0.00649056 0.268216 0.00136187 0.00309008 
0.00397615 0.0491147 0.122304 0.0106534 0.0797129 0.0283262 0.00097038 0.000373449 0.145535 0.0028735 0.0161165 0.0297695 3.10317e-05 0.383168 0.00341242 0.0633816 2.73156e-05 0.00710879 0.042915 0.00322531 0.00700476 
0.00178479 0.0058464 0.139746 0.00170405 0.196511 0.00480128 9.34216e-06 0.0395991 0.0463761 0.0269872 0.00212236 0.0119521 1.1329e-06 0.354433 0.00718864 0.00234862 6.40462e-10 0.0758446 0.0824442 0.000247641 5.31431e-05 
0.00624727 0.0442822 0.0593996 0.048168 0.0244392 0.130214 0.000949626 0.000947364 0.0266457 0.0237359 0.00214988 0.0894672 3.08145e-06 0.202004 0.000816254 0.0174304 0.00014411 0.175238 0.102809 0.0430759 0.00183359 
1.09276e-05 0.0119285 0.156378 0.0114448 0.0257526 0.017842 1.75187e-05 0.000252056 0.217038 3.02005e-05 0.00278178 0.00261085 1.3203e-05 0.473938 0.000298514 0.016167 1.01543e-10 0.000427585 0.0559451 0.00647412 0.000649484 
3.01948e-08 2.29032e-06 3.75346e-07 2.20091e-06 1.90867e-07 1.44418e-08 0.00173502 0.000568854 0.171083 1.48071e-06 1.57864e-11 1.66575e-06 1.75373e-08 0.826599 9.31558e-07 9.18328e-12 4.15047e-11 3.78757e-07 3.99892e-06 1.73099e-11 2.31018e-09 
0.000113705 0.0699394 0.216421 0.0315527 0.0389514 0.00228778 2.87233e-05 0.00463193 0.0329735 0.000461974 0.0460117 0.167564 2.61124e-06 0.255126 0.0281552 0.0523538 4.6737e-07 0.00396302 0.0472962 0.00119001 0.000974525 
6.11636e-06 0.0308713 0.00529058 0.00201243 0.245138 0.00158477 3.51168e-05 9.19872e-05 0.251 0.00445421 0.00202067 0.00370134 7.6973e-06 0.269327 0.00146309 0.00974751 2.34768e-12 0.158619 0.00476574 0.00303736 0.00682583 
2.47891e-06 0.0841382 0.158458 0.00393243 0.0109806 0.0084236 0.000455845 0.0282911 0.154509 0.0113734 0.0192428 0.00531611 1.55386e-06 0.43642 0.00423278 0.00580867 0.00502644 0.0142397 0.04481 0.00409017 0.000247138 
1.69288e-05 0.042758 0.00561921 0.00728682 0.0106131 0.000226838 0.000968337 0.00101954 0.25618 0.000770655 0.000415448 0.0420655 1.5153e-05 0.336138 0.00699875 0.000198855 4.46139e-11 0.00240564 0.28469 0.000843779 0.000770254 
1.65498e-06 0.0329603 0.134002 0.0049191 0.0791196 0.00306878 0.00021301 0.0659554 0.0321025 0.00618509 0.00051471 0.00801389 2.69442e-09 0.444675 0.0937813 0.00204919 9.14976e-12 0.0365846 0.0542315 0.00137423 0.000248101 
0.00014829 0.0450961 0.00270182 0.0126879 0.030351 0.0208722 0.00393443 0.000347095 0.0505277 0.0448816 0.00177305 0.00597314 8.21569e-05 0.588861 0.00196065 0.00257331 3.45883e-06 0.0195136 0.16704 0.000451504 0.000220875 
7.85992e-05 0.0401916 0.0841518 0.0454124 0.0866734 0.0520928 2.59536e-06 0.00354923 0.0785119 0.00195122 0.00921376 0.00414732 1.1111e-06 0.408528 0.00603062 0.0162254 0.0107765 0.109176 0.0332659 0.00968109 0.000337917 
1.07931e-06 0.018458 0.231074 0.000502726 0.0503266 0.0079912 0.00747079 0.00217454 0.164756 0.000116045 0.104806 0.00849264 3.81344e-05 0.245482 0.0350474 0.00207106 7.10107e-10 0.0163168 0.100245 0.00180044 0.00282953 
1.82833e-05 0.0735406 0.00586625 0.0448333 0.00566848 0.00537784 6.18075e-08 0.000112577 0.173177 0.00277815 0.0296595 0.0341827 0.000100335 0.472436 0.00118141 0.00116498 3.07822e-05 0.00699394 0.141896 0.000743504 0.00023826 
4.12255e-05 0.00485731 0.00448339 0.00343464 0.031882 0.0233362 8.9293e-06 5.8746e-05 0.0485979 0.00235355 4.17227e-06 0.00242762 7.03507e-07 0.854774 0.000256251 0.000625691 1.30648e-11 0.00678186 0.0156115 9.98817e-05 0.000364282 
4.54825e-05 0.112489 0.0255441 0.045446 0.0199083 0.0439709 5.31611e-10 0.000235107 0.0169019 7.62784e-05 0.0151544 0.00950634 4.10676e-10 0.496064 0.00137881 0.017182 1.48478e-07 3.76342e-06 0.0411889 0.154812 9.2095e-05 
4.37863e-05 0.206677 0.00731012 0.0284344 0.00773712 0.00137914 0.00240377 0.000999894 0.136398 0.0261286 0.000828069 0.138087 7.01105e-06 0.238458 0.000947803 0.0135228 3.94507e-08 0.00937909 0.179229 0.000514413 0.00151554 
6.5306e-05 0.0573025 0.127925 0.0346229 0.0844464 0.0283818 2.28313e-05 0.00152915 0.118672 0.00918037 0.00497626 0.0669516 1.43143e-06 0.233453 0.0193821 0.148409 4.62331e-05 0.00527219 0.0557627 0.001571 0.002026 
6.12692e-06 0.0175836 0.00375949 0.00120616 0.0153648 0.00516853 1.21967e-05 0.000532908 0.0419094 0.0129624 0.000133057 0.00185402 1.37715e-06 0.839216 0.0303988 6.19634e-05 1.36611e-08 0.020029 0.00883609 6.70365e-05 0.000896651 
0.000267657 0.0230286 0.030231 0.00224218 0.0674809 0.00210037 0.00670127 0.00766094 0.0972291 0.0174324 0.000191322 0.00872808 7.58659e-05 0.638924 0.00473161 0.00570161 2.63456e-05 0.0444316 0.0420798 0.000593815 0.000141573 
0.00412757 0.0412491 0.0103024 0.0113133 0.217481 0.00655906 8.06359e-05 0.00022614 0.17168 0.0174997 0.00205888 0.0146357 5.89649e-06 0.372943 0.000864081 0.00818248 1.42108e-06 0.109819 0.00594002 0.00145209 0.00357909 
3.4951e-06 0.00500077 0.00162959 0.00095274 0.0395551 0.423765 9.15629e-07 3.23077e-05 0.0120241 0.0113837 0.00052142 0.000967228 9.67876e-07 0.440761 2.79444e-05 0.0121447 4.43753e-09 0.00517422 0.0433258 0.00194531 0.00078351 
2.08056e-05 0.110715 0.00635107 0.0191159 0.00719935 0.00762016 0.00908415 0.0028402 0.229049 0.00517227 0.00140192 0.118805 6.39825e-05 0.303228 0.00297501 0.000879737 4.06823e-06 0.0264373 0.14733 0.00164059 6.63846e-05 
2.05186e-05 0.0320854 0.000937551 0.00534396 0.0181606 0.00462397 3.41943e-05 0.00147297 0.0324267 0.0246298 4.23994e-05 0.00159929 2.37235e-06 0.873483 0.00120443 2.34162e-05 1.31723e-12 8.17837e-05 0.00343039 3.1185e-05 0.000366107 
1.26179e-05 0.0196919 0.00494635 0.00349133 0.0189458 0.00763726 6.79093e-06 0.00044485 0.0539188 0.0163847 0.00151595 0.00635509 1.33677e-06 0.76472 0.0303552 0.00101507 1.10058e-08 0.0240507 0.0454877 0.00014507 0.000873406 
0.0240806 0.073841 0.012406 0.04356 0.00265718 0.0772044 0.000408158 0.00100952 0.320007 0.000842988 0.00250904 0.0119921 3.90919e-08 0.4237 2.47434e-05 0.00159047 6.18685e-06 0.0019346 0.00174523 2.06656e-05 0.000460671 
1.26179e-05 0.0196919 0.00494635 0.00349133 0.0189458 0.00763726 6.79093e-06 0.00044485 0.0539188 0.0163847 0.00151595 0.00635509 1.33677e-06 0.76472 0.0303552 0.00101507 1.10058e-08 0.0240507 0.0454877 0.00014507 0.000873406 
0.000156044 0.0530971 0.0837961 0.0217156 0.152448 0.0238525 0.00027409 0.00131349 0.129806 0.02153 0.00690308 0.0328739 1.58978e-05 0.214381 0.00589819 0.0272246 1.70141e-05 0.0208096 0.127982 0.00444126 0.0714638 
3.50357e-07 0.0978095 0.16288 0.0134231 3.13034e-07 0.00727877 2.18502e-09 2.8208e-07 0.0603898 0.00620775 4.99937e-05 0.0068745 4.4544e-06 0.613358 1.43567e-07 0.000609515 2.80035e-09 0.0015929 0.027172 0.00234665 1.45188e-06 
0.000295875 0.16887 0.00262896 0.0109498 0.0697915 0.0319872 6.66588e-06 7.15988e-05 0.215669 0.0834122 0.000733411 0.00605337 1.34392e-05 0.306225 0.00125714 0.00215389 9.3824e-08 0.0757205 0.0203256 0.00156531 0.00226881 
2.05186e-05 0.0320854 0.000937551 0.00534396 0.0181606 0.00462397 3.41943e-05 0.00147297 0.0324267 0.0246298 4.23994e-05 0.00159929 2.37235e-06 0.873483 0.00120443 2.34162e-05 1.31723e-12 8.17837e-05 0.00343039 3.1185e-05 0.000366107 
4.12255e-05 0.00485731 0.00448339 0.00343464 0.031882 0.0233362 8.9293e-06 5.8746e-05 0.0485979 0.00235355 4.17227e-06 0.00242762 7.03507e-07 0.854774 0.000256251 0.000625691 1.30648e-11 0.00678186 0.0156115 9.98817e-05 0.000364282 
8.79409e-06 0.0615537 0.0340199 0.00447709 0.0349345 0.000954884 9.57856e-06 0.00412839 0.130931 0.0011791 0.0182255 0.0512234 5.93026e-08 0.423351 0.00212862 0.000790382 0.000744014 0.0155195 0.19908 0.0167183 2.22807e-05 
0.000135314 0.0292228 0.0975758 0.00379698 0.13543 0.0116884 1.35454e-06 1.12325e-05 0.0670897 0.00468335 0.000342974 0.0418794 7.78322e-08 0.486629 0.00135275 0.013131 1.76303e-06 0.0333844 0.0726363 0.000515463 0.000492072 
9.01614e-05 0.153445 0.00432887 0.0149065 0.0404407 0.00164312 0.00586507 0.000339155 0.169745 0.00190329 0.00503606 0.0795825 2.74012e-05 0.332091 0.00583614 0.00063711 2.23927e-07 0.0143717 0.164565 0.00354773 0.00159818 
2.72768e-05 0.0484489 0.00192715 0.00722135 0.0106566 0.00424103 0.011593 0.000539182 0.0841618 0.0151191 0.000128131 0.0411646 7.75325e-06 0.675396 0.00110526 0.00212188 3.37259e-07 0.0194603 0.0759924 0.000445469 0.000242924 
0.0010764 0.0185464 0.0496702 0.00647983 0.0614574 0.189758 0.000175623 0.0682938 0.071811 0.00526099 0.0012738 0.00350105 0.000187923 0.282851 0.00320284 0.00475116 0.000530461 0.0218261 0.0476102 0.0318918 0.129844 
0.000343563 0.0514927 0.095056 0.0303715 0.0462309 0.0668035 0.00195862 0.00185276 0.235602 0.00939393 0.00657421 0.0208009 7.95719e-06 0.265101 0.00534109 0.00561791 4.40052e-06 0.0360004 0.108016 0.00870942 0.00472141 
3.40897e-05 0.0585134 0.000237247 0.00591672 0.0126417 0.00467822 0.0144907 0.000673945 0.0849621 0.0188987 8.36395e-05 0.0460153 9.68602e-06 0.64344 0.00138153 0.00148398 2.79474e-07 0.0228189 0.0829221 0.000556796 0.000240946 
6.12692e-06 0.0175836 0.00375949 0.00120616 0.0153648 0.00516853 1.21967e-05 0.000532908 0.0419094 0.0129624 0.000133057 0.00185402 1.37715e-06 0.839216 0.0303988 6.19634e-05 1.36611e-08 0.020029 0.00883609 6.70365e-05 0.000896651 
0.00189466 0.0187183 0.035882 0.0261874 0.0629381 0.0210757 8.71498e-05 0.0290953 0.0732054 0.00730818 0.000217629 0.0327886 7.71087e-07 0.573223 0.0224473 0.00590746 7.41554e-10 0.0340924 0.0540464 0.000672522 0.000211798 
7.88416e-10 0.0548874 0.353502 0.000560359 5.37571e-10 3.81825e-05 3.72146e-09 2.4577e-06 1.77537e-05 4.95502e-10 0.074177 0.000223387 2.87488e-09 0.50489 3.62009e-06 2.97482e-05 4.76948e-09 2.04401e-08 0.0113961 0.000265967 5.75487e-06 
4.07669e-05 0.00771988 0.00430028 0.00115752 0.029715 0.000843282 7.35551e-06 0.00116975 0.00785989 0.00633998 6.8746e-05 0.000734178 2.10981e-06 0.926665 0.00141055 0.00443027 2.97547e-05 0.00024555 0.00707822 2.92484e-05 0.000152272 
6.12692e-06 0.0175836 0.00375949 0.00120616 0.0153648 0.00516853 1.21967e-05 0.000532908 0.0419094 0.0129624 0.000133057 0.00185402 1.37715e-06 0.839216 0.0303988 6.19634e-05 1.36611e-08 0.020029 0.00883609 6.70365e-05 0.000896651 
0.000125942 0.054999 0.0135375 0.00397567 0.00058066 0.00362075 0.0144046 0.000530213 0.0170963 0.0197712 0.000341289 0.0711295 1.56193e-06 0.640586 0.0148188 0.00357288 6.30816e-06 0.0211938 0.119593 7.67345e-05 3.81986e-05 
2.05186e-05 0.0320854 0.000937551 0.00534396 0.0181606 0.00462397 3.41943e-05 0.00147297 0.0324267 0.0246298 4.23994e-05 0.00159929 2.37235e-06 0.873483 0.00120443 2.34162e-05 1.31723e-12 8.17837e-05 0.00343039 3.1185e-05 0.000366107 
1.21901e-05 0.0258941 0.00345186 0.00249064 0.297364 0.0014202 3.42793e-05 0.000135851 0.182652 0.00783757 0.00139804 0.00466115 6.6792e-06 0.317728 0.00156204 0.00485003 1.84443e-12 0.138836 0.00289078 0.00140034 0.00537406 
5.37916e-05 0.0632238 0.0297654 0.0228772 0.0642747 0.0268226 0.0052882 7.54847e-05 0.0331105 0.0013414 0.00307796 0.0689002 1.36129e-05 0.609458 0.00685101 0.00238961 8.53271e-12 0.00310309 0.0580053 0.000110551 0.00125797 
0.00426363 0.0510705 0.137404 0.0199079 0.0596046 0.0367006 7.51199e-05 0.00389428 0.21719 0.0193614 0.00117695 0.0184821 0.00575453 0.262037 0.0132827 0.0196217 0.00165965 0.0316679 0.0873258 0.00743379 0.0020865 
7.46556e-06 0.12898 0.0418119 0.00430268 0.115297 0.012904 2.47618e-05 3.05689e-08 0.0582416 5.28508e-05 0.0546919 0.00442375 1.78115e-08 0.53331 0.00112107 0.0011229 0.0058531 0.0200451 0.0151032 0.00265363 5.27727e-05 
0.000463787 0.0797646 0.0281097 0.0750334 0.0248888 0.0332117 0.00243521 0.0112796 0.0812552 0.0232042 0.0102768 0.024864 4.11586e-05 0.466546 0.00433723 0.0100457 2.19516e-06 0.0154911 0.0955413 0.00379335 0.0094154 
0.000110692 0.0667619 0.0189182 0.0119811 0.0537383 0.040125 8.55185e-05 0.0253277 0.0570603 0.0021559 5.27254e-05 0.0469103 2.4207e-05 0.40156 0.00938667 0.00207931 3.64673e-08 0.181181 0.0745671 0.0072497 0.000723623 
0.000232253 0.0609681 0.0224309 0.0119619 0.0191394 0.0149387 0.00027234 0.00356054 0.238922 0.00567673 0.00267634 0.0489363 3.02649e-06 0.340236 0.00519211 0.010752 8.46465e-05 0.0320148 0.175592 0.00332219 0.00308803 
2.05186e-05 0.0320854 0.000937551 0.00534396 0.0181606 0.00462397 3.41943e-05 0.00147297 0.0324267 0.0246298 4.23994e-05 0.00159929 2.37235e-06 0.873483 0.00120443 2.34162e-05 1.31723e-12 8.17837e-05 0.00343039 3.1185e-05 0.000366107 
0.000291327 0.0667472 0.0529913 0.0362236 0.0287231 0.0588455 0.0285245 0.0004467 0.118387 0.0183863 0.00127379 0.032758 0.000140571 0.365199 0.00819806 0.00447805 0.00312822 0.066329 0.105748 0.00249102 0.000689428 
1.78093e-05 0.0234893 0.00438687 0.00244765 0.236922 0.00172835 5.14761e-05 0.000161477 0.223296 0.00079326 0.000629448 0.0314728 8.32067e-07 0.250338 0.000939412 0.0033354 2.49459e-11 0.198496 0.0171941 0.00182356 0.00247701 
1.15117e-05 0.0124754 0.00141911 0.0032472 0.206262 0.00311321 1.10514e-06 0.000740271 0.0278727 3.95831e-05 5.07947e-09 0.0565036 4.0343e-06 0.318929 0.0056401 0.000228391 1.30701e-11 0.287227 0.0739779 0.000794992 0.00151306 
0.000588991 0.119585 0.0200731 0.0677396 0.0154196 0.0139837 0.017165 6.06448e-05 0.0121439 0.0116166 9.1183e-05 0.0966866 1.74541e-06 0.573871 0.00827641 0.00443574 1.95127e-11 0.0351995 1.83334e-06 0.000843402 0.00221651 
9.02381e-07 0.0170596 0.171198 0.0344682 0.00722065 0.0101982 9.01377e-07 9.01999e-07 0.114534 9.02482e-07 0.00451105 0.0321297 9.01672e-07 0.49577 9.02202e-07 0.0223777 9.01019e-07 0.0102881 0.0779825 9.01969e-07 0.00225528 
1.14382e-05 0.079697 0.108354 0.0873501 0.0162656 0.0257334 3.07926e-05 0.000952042 0.155092 0.036342 0.00099088 0.0145338 9.29643e-06 0.3487 0.0106622 0.00901117 0.000228072 0.0140005 0.0893954 0.00153282 0.00110709 
9.72903e-11 0.0361185 0.0158207 0.117888 0.00350078 0.00125688 0.00580883 0.00195534 0.00581604 1.21462e-07 6.18982e-07 0.0661631 3.7169e-07 0.425809 0.266443 0.00116262 3.30004e-06 0.00633335 0.0457884 8.68842e-05 4.39718e-05 
0.0211797 0.108874 0.0283605 0.00771672 0.00857685 0.0425511 0.000715701 0.000808957 0.0508311 0.0252306 0.000375322 0.010925 1.98255e-06 0.620243 0.00159024 0.0164168 5.99816e-08 0.00619917 0.046117 0.00319937 8.63679e-05 
6.12692e-06 0.0175836 0.00375949 0.00120616 0.0153648 0.00516853 1.21967e-05 0.000532908 0.0419094 0.0129624 0.000133057 0.00185402 1.37715e-06 0.839216 0.0303988 6.19634e-05 1.36611e-08 0.020029 0.00883609 6.70365e-05 0.000896651 
6.8869e-05 0.0230127 0.00311563 0.0015176 0.12369 0.00176715 0.000156029 0.000486913 0.198567 0.0471525 0.000709683 0.00462719 4.72312e-06 0.385336 0.00346622 0.000605841 0.000255496 0.11897 0.0856483 0.000291098 0.000551648 
2.96408e-05 0.0855228 0.0480493 0.00215264 0.0384462 0.0921926 5.18754e-06 0.0210811 0.0967784 0.0416376 0.0044984 0.0215122 2.99397e-05 0.204124 0.00404832 0.0841736 8.90296e-11 0.144382 0.104353 0.00425724 0.00272589 
2.95532e-06 0.076324 0.0130958 0.0620904 0.0497878 0.0671433 0.0041866 0.0100893 0.0727928 0.0405956 4.94177e-05 0.00527652 2.36056e-05 0.494267 0.000312511 0.0517159 0.000837579 0.0231463 0.0261525 0.00176461 0.00034524 
4.77361e-06 0.0262959 0.00992674 0.00205123 0.0265884 0.000398815 2.10401e-05 0.000995439 0.128832 0.00228004 1.23453e-05 0.000105609 2.54365e-06 0.791955 0.000602416 3.03009e-08 2.73721e-08 0.000584617 0.00913569 0.00017035 3.67991e-05 
3.96949e-05 0.0748255 0.00228189 0.00741791 0.00108295 0.00675558 0.0254838 0.000987386 0.0319094 0.0368994 0.000157497 0.0384801 2.79743e-06 0.727209 0.000487937 0.00498388 7.2528e-07 0.00819891 0.0326717 5.32272e-05 7.08216e-05 
1.26179e-05 0.0196919 0.00494635 0.00349133 0.0189458 0.00763726 6.79093e-06 0.00044485 0.0539188 0.0163847 0.00151595 0.00635509 1.33677e-06 0.76472 0.0303552 0.00101507 1.10058e-08 0.0240507 0.0454877 0.00014507 0.000873406 
2.09352e-05 0.113389 0.00267461 0.00155074 0.00174821 0.000806617 7.29428e-10 9.67853e-05 0.0562481 0.0112065 0.000500421 0.0187508 1.94884e-08 0.731909 0.00146444 0.00236703 9.34847e-10 5.11915e-06 0.0547214 0.00236928 0.000170601 
1.70994e-05 0.0363998 0.0317664 0.00195746 0.00433967 0.000666342 0.173031 0.00447361 0.0670931 0.000813304 0.00179348 0.0845862 5.57229e-05 0.29011 0.00600782 0.00024189 1.64624e-06 0.0352975 0.260288 0.000885185 0.000174299 
0.00382749 0.0193536 0.00225847 0.0481004 0.00205785 0.000262689 0.000106957 0.000455403 0.123722 0.000197999 3.69321e-08 0.0147512 5.69013e-06 0.625652 0.00126387 0.000294204 6.80525e-09 0.00172188 0.155899 6.41977e-06 6.31915e-05 
2.50209e-06 0.00454682 0.018137 0.00949632 0.00658431 0.00223591 0.000478772 0.000435843 0.182942 0.000391318 0.00461952 0.00398981 4.3024e-10 0.725916 0.00130649 0.00728541 2.7228e-11 0.00556314 0.0257344 0.000253772 8.05306e-05 
1.25443e-06 0.0161989 0.00358128 0.0072179 0.0489627 0.0811252 1.54988e-06 0.00445792 0.0401828 0.0330367 2.51872e-06 0.00145432 2.91421e-06 0.68148 0.000179276 0.000169912 9.67023e-08 0.0388416 0.0426582 0.000209393 0.000235573 
2.07701e-05 0.101063 0.000973233 0.0130425 0.0358936 0.00249366 4.21559e-05 0.000165004 0.131577 0.0139766 0.000300994 0.0242759 5.08607e-06 0.432471 0.00100364 0.000407786 1.31257e-09 0.000654752 0.239631 0.00108326 0.000918746 
2.02352e-06 0.165316 0.0312013 0.0223268 0.0422859 0.015564 1.15735e-07 7.03223e-06 0.0412228 0.00861872 0.000295816 0.0766157 9.00831e-06 0.468857 0.0634769 1.5642e-05 0.000107195 0.0408072 0.000479323 0.000338577 0.0224537 
0.00244004 0.0255426 0.0204465 0.00855613 0.057399 0.120926 6.08001e-05 0.00980974 0.149296 0.0156125 0.00292411 0.00320192 8.84335e-05 0.262428 0.00226288 0.00508795 4.10264e-05 0.026821 0.0292483 0.257075 0.000731866 
0.00157415 0.0562427 0.0690802 0.00724067 0.0546536 0.0251906 0.00473436 0.00505276 0.0795826 0.0195341 0.00184958 0.0564062 4.83406e-05 0.452724 0.00935138 0.00448189 0.00108799 0.0383967 0.104906 0.00610999 0.00175204 
0.0259812 0.0234419 0.0207255 0.0357853 0.190721 0.0133791 1.15706e-05 0.0506929 0.0345614 0.00963281 7.4921e-05 0.001977 1.29005e-07 0.543929 0.0156368 0.000409888 4.93765e-06 0.0246533 0.00811919 8.00696e-05 0.000182048 
6.44042e-05 0.031134 0.0189813 0.0108423 0.0609596 0.00130165 0.0199141 0.00209875 0.235042 0.00151769 0.000214921 0.0355276 1.85894e-05 0.428054 0.00118023 0.000549336 1.45137e-10 0.00841395 0.143066 0.000265174 0.000854658 
4.84026e-06 0.00659686 0.00103033 0.00184349 0.0618102 0.00445693 6.26471e-07 5.45765e-05 0.0289411 0.00257018 4.25746e-05 0.000825355 7.72621e-08 0.879411 0.000147671 4.93119e-05 1.49282e-11 0.00452561 0.0070699 3.08184e-06 0.00061668 
4.9738e-05 0.0530951 0.0280538 0.0024698 0.00695816 0.0038278 0.00133556 0.00703801 0.00704477 0.00190226 0.000105357 0.00679192 1.71623e-06 0.501382 0.201586 1.18554e-07 1.12282e-11 0.0471836 0.13033 0.000844307 9.61142e-08 
5.30848e-05 0.045809 0.0828366 0.0102937 0.0218228 0.00474511 0.000296751 2.56647e-05 0.0966317 0.00122331 0.000627193 0.0381331 3.16552e-06 0.386809 0.18387 0.0376865 0.0054626 0.0253048 0.0552389 0.00299075 0.00013686 
4.90989e-05 0.111093 0.0207933 0.0116181 0.0532241 0.0352751 0.000105253 0.00289317 0.129471 0.0236721 0.0162701 0.0332678 3.11065e-06 0.432568 0.000872417 0.00152732 0.000249656 0.0279518 0.0774661 0.0211773 0.000452524 
0.00219873 0.0155091 0.0122483 0.00453561 0.312261 0.00741436 0.000625211 0.0195647 0.0650446 0.0159428 3.50011e-05 0.0138031 1.5059e-06 0.429803 0.013374 0.00542626 2.21028e-06 0.049735 0.023246 0.00754211 0.00168748 
0.00024902 0.0472924 0.00680065 0.00745599 0.0129663 0.0962746 1.5016e-06 6.3351e-05 0.214923 0.000765342 0.00749493 0.000465302 4.43271e-05 0.566473 0.00264066 0.00335789 4.37682e-09 0.0221428 0.00510677 0.00543688 4.59172e-05 
9.82137e-05 0.0807908 0.0140026 0.0444115 0.0190939 0.0383314 8.01073e-05 0.00316389 0.0144948 0.0138926 8.51545e-05 0.00948544 8.70495e-06 0.725285 0.00169039 0.000489427 5.60837e-10 0.0143842 0.0196188 0.0003774 0.000215628 
2.05186e-05 0.0320854 0.000937551 0.00534396 0.0181606 0.00462397 3.41943e-05 0.00147297 0.0324267 0.0246298 4.23994e-05 0.00159929 2.37235e-06 0.873483 0.00120443 2.34162e-05 1.31723e-12 8.17837e-05 0.00343039 3.1185e-05 0.000366107 
6.12692e-06 0.0175836 0.00375949 0.00120616 0.0153648 0.00516853 1.21967e-05 0.000532908 0.0419094 0.0129624 0.000133057 0.00185402 1.37715e-06 0.839216 0.0303988 6.19634e-05 1.36611e-08 0.020029 0.00883609 6.70365e-05 0.000896651 
0.000593526 0.0415277 0.117959 0.029672 0.0472313 0.00734197 0.00010748 0.000763062 0.144807 0.00646392 0.014176 0.036595 1.12357e-05 0.360408 0.00232341 0.0263651 0.00167479 0.00232381 0.157256 0.000934851 0.0014643 
1.28799e-06 0.0441236 0.00140382 0.0122107 0.0059702 0.000700818 0.0896579 0.00030169 0.257002 6.29902e-05 0.000793834 0.0611951 7.76123e-07 0.410391 0.000869753 0.00135637 1.22662e-10 0.00225153 0.11158 5.11573e-11 0.000126002 
1.71566e-05 0.0570568 0.0961833 0.0207244 0.0372522 0.0064395 0.0022861 0.000481377 0.176603 0.00207588 0.00273954 0.0946522 9.38835e-07 0.306667 0.0143924 0.00442371 1.54913e-08 0.00675762 0.169116 0.00135842 0.000773327 
9.11627e-05 0.015304 0.0217242 0.00849953 0.0112462 0.107579 4.39918e-06 7.2585e-06 0.189852 0.00897854 2.6901e-05 0.00438232 2.64095e-05 0.34506 0.00624532 0.0387619 8.74492e-06 0.0807517 0.157042 0.00367881 0.000730371 
