8.19167e-06 0.0169111 0.0901135 0.00115744 0.00761579 0.0126616 3.51243e-06 9.98513e-05 0.0167881 0.000933105 0.000501005 0.00304378 4.58018e-05 0.0068623 0.000438781 0.826625 1.96183e-06 0.00181486 0.000890182 0.0134656 1.83083e-05 
0.000956893 0.0375435 0.0305383 0.00301814 0.183331 0.00461415 0.00638243 0.000323518 0.0198821 0.024672 8.12467e-05 0.0132036 3.35684e-06 0.000435228 5.26235e-05 0.353391 2.94539e-08 0.0295216 0.290105 0.00189769 4.62587e-05 
2.02667e-07 0.0498367 0.0075067 0.000713984 0.0936453 0.03684 1.9194e-07 0.00459845 0.0141445 0.00238432 9.56752e-05 0.163111 4.82228e-07 5.94475e-05 2.57734e-06 0.528998 1.22721e-07 0.00582334 0.0764421 0.0156939 0.000102173 
2.99912e-05 0.0210374 0.280954 0.000665227 0.107835 0.0224678 1.47032e-05 0.000124687 0.0329179 0.0027557 0.000146785 0.0133916 2.92647e-08 0.00062944 0.00126405 0.337312 4.3904e-06 0.00376383 0.0960425 0.0786399 3.58716e-06 
1.05448e-05 0.0815324 0.0167382 0.00422077 0.016461 0.00282755 7.24605e-06 2.29523e-06 0.0152476 0.00266424 0.0114556 0.0506159 5.70141e-08 0.00798531 0.000576461 0.761897 8.66509e-07 0.00906338 0.00997605 0.00274562 0.0059722 
7.83254e-06 0.0115961 0.00674729 0.00104609 0.019225 0.00925136 7.25764e-08 1.54575e-11 0.0773684 0.000209972 0.00113944 0.00636254 6.06185e-07 0.00134694 0.00306616 0.7881 1.78658e-06 0.00289621 0.0655619 0.00587887 0.000193589 
0.00143391 0.0377394 0.023149 0.00784447 0.0408639 0.0182919 0.0104313 7.60841e-05 0.0655499 0.00616408 0.00699439 0.127777 5.0731e-08 0.0189101 0.000883447 0.464935 4.79552e-06 0.0190998 0.0106798 0.00219899 0.136972 
0.0113266 0.0845476 0.0284311 0.0465505 0.0179321 0.0348031 0.000970069 0.00340209 0.0130303 0.0493452 6.98369e-05 0.135919 0.000505216 0.0522098 0.0164566 0.434853 3.28171e-06 0.00192039 0.0639574 0.00313007 0.000637602 
0.00031672 0.00169477 0.0388595 0.00263408 0.00484019 0.000393847 7.25496e-05 5.20578e-07 0.000162256 4.48038e-06 4.03009e-07 0.415002 1.45564e-06 0.0695557 0.00201315 0.423693 6.53555e-09 0.0106718 0.0263526 0.00355651 0.000174664 
4.18845e-06 0.00383458 0.0176346 0.00558636 0.0466781 0.00647942 0.000135979 0.000288824 0.0239868 4.66631e-06 0.000275108 0.0280023 4.16261e-05 0.015805 7.85006e-05 0.781834 2.63525e-09 0.00502093 0.0613427 0.000575736 0.00239085 
0.00171652 0.0042892 0.0173643 0.00376751 0.0337523 0.00187229 0.000578323 0.000569705 0.0288695 0.00984586 0.000941666 0.00655655 6.74447e-06 0.0115524 0.00432073 0.823304 3.4541e-09 0.00196704 0.0452003 0.00316749 0.000358065 
3.11855e-05 0.0250593 0.0110277 0.00106145 0.00707048 0.0621562 1.36076e-05 0.00162076 0.0525649 0.0281027 0.00036049 0.0360493 5.26157e-06 0.0328609 0.00179033 0.316102 2.79894e-09 0.27099 0.115702 0.0347755 0.00265596 
0.000317632 0.0457647 0.0439111 0.0824751 0.036894 0.0360912 0.000177963 9.55699e-05 0.0123147 0.000240939 0.00228714 0.0187465 4.4489e-06 0.0669813 0.000384952 0.464791 9.70791e-07 0.0136935 0.0762807 0.00517736 0.0933693 
0.00117835 0.0791135 0.0944636 0.0119513 0.0373921 0.134557 0.0043223 0.0018501 0.11829 0.00278566 0.00383879 0.11578 3.27411e-05 0.0294319 0.0137158 0.166111 2.77934e-06 0.0272071 0.120824 0.015866 0.0212857 
2.21944e-05 0.0280741 0.019609 0.00175724 0.08152 0.0116992 2.70002e-05 0.000511073 0.024713 0.0156205 0.0120607 0.0363395 5.37063e-06 0.0514351 0.00253518 0.45028 3.05447e-05 0.0183671 0.238777 0.00507508 0.00154075 
3.63463e-05 0.0708613 0.042246 0.01688 0.0147452 0.010324 2.57039e-05 0.000677442 0.090381 0.0231562 0.00218158 0.124757 3.97195e-07 0.0200892 0.0190098 0.240033 8.70168e-07 0.0196133 0.237933 0.066111 0.000936732 
4.06826e-05 0.00761256 0.0164374 0.00102207 0.0027596 2.09154e-06 3.04672e-06 0.000171706 0.00100386 1.31296e-06 1.02185e-06 0.256021 1.07275e-05 3.18128e-06 9.41928e-07 0.692159 1.085e-08 4.09646e-06 0.0191267 0.000850627 0.00276762 
5.75753e-05 0.000856055 0.00525614 0.0189207 0.0710807 0.0463562 0.00217589 2.51193e-05 0.0272482 0.0580947 4.68723e-06 0.109343 0.00404912 0.00725328 0.000266477 0.492112 3.16201e-06 0.0262892 0.102123 0.00447388 0.0240106 
8.56519e-05 0.120199 0.0391938 0.00718299 0.00589005 0.00571024 0.000642126 0.0237665 0.0693041 0.00120141 0.00333382 0.226032 9.49906e-05 0.0814109 0.000130941 0.2926 2.18945e-07 0.000857785 0.113637 0.00759797 0.00112862 
1.84021e-05 0.0383376 0.0430321 0.00793658 0.138033 0.0258093 0.00057331 0.0120935 0.078613 0.0091867 0.00041501 0.0143935 2.88537e-05 0.0275718 0.00097683 0.332896 9.21395e-07 0.0171524 0.25022 0.000663905 0.00204699 
0.00601805 0.0805151 0.0671534 0.0248669 0.0251911 0.0710386 0.0010768 0.0121514 0.164954 0.000591578 0.00932366 0.101367 8.05447e-05 0.163874 0.0127154 0.165963 1.60348e-05 0.00366866 0.0872635 0.00113207 0.00103867 
6.96285e-06 0.0345974 0.00526636 0.033374 0.000326809 0.163489 7.76587e-06 4.44242e-06 0.0471827 0.000202239 0.00825915 0.0419701 3.53344e-06 0.0683927 2.70589e-08 0.593423 9.77738e-08 6.62606e-05 0.00315927 0.00024238 2.58773e-05 
0.00142117 0.036686 0.113302 0.020624 0.029721 0.0162879 0.000834221 0.00128367 0.130282 0.0090309 0.00406423 0.0450027 0.000116577 0.0486093 0.00648249 0.270681 0.000647881 0.0214641 0.2321 0.00566772 0.00569207 
4.91812e-06 0.0427261 0.0419506 0.000870075 0.00760536 0.00992423 4.50242e-07 5.29941e-05 0.087287 0.00147757 0.00282369 0.00274694 1.98908e-06 0.0199779 0.000203445 0.743423 2.1526e-05 0.0216274 0.0111908 0.00601332 7.04398e-05 
0.0211567 0.0327808 0.152656 0.0325462 0.0273833 0.0466775 6.71794e-05 0.0147366 0.0817901 0.00165795 0.000683024 0.013758 1.15838e-06 0.0900507 0.00138015 0.179218 0.000772191 0.0992309 0.155395 0.0465125 0.00154664 
0.000130711 0.0197772 0.0414674 0.00624161 0.0021634 0.00136863 0.000288575 0.000699074 0.0108737 0.000876549 0.000492522 0.0730384 1.67702e-07 0.0174691 0.00179924 0.630325 0.000936972 0.0100181 0.168294 0.0121267 0.00161288 
0.023129 0.0523159 0.0226807 0.00120276 0.0231167 0.00210028 7.25872e-06 0.00102405 0.0341988 2.06975e-05 0.00303321 0.0102796 1.09167e-08 0.100412 0.000119259 0.712036 2.40609e-06 0.00107996 0.00536945 0.00196467 0.00590717 
2.95023e-06 0.00225015 0.0329174 0.000378245 0.0174766 0.00599175 2.0039e-05 1.00371e-06 0.00273041 1.05035e-05 0.000146667 0.00507337 1.41281e-06 0.00193706 5.84153e-05 0.573217 9.47313e-09 0.00307551 0.353759 0.000808522 0.000143672 
0.0262337 0.00220158 0.0103648 2.26187e-05 0.0622768 0.00194193 0.000126172 4.59575e-06 0.00196339 1.32007e-06 7.95695e-07 5.88689e-05 6.59745e-07 0.00311111 0.000589075 0.538789 1.82337e-07 1.08945e-05 0.351845 0.000381931 7.5972e-05 
0.0191512 0.0333712 0.0280026 0.00500248 0.0221852 0.0235221 5.07318e-05 0.000494496 0.0625494 0.01427 0.00226002 0.031364 7.67693e-07 0.0447986 0.00434411 0.590292 3.62939e-07 0.00157855 0.0980178 0.0163663 0.00237768 
2.5169e-05 0.0109241 0.283097 0.000901631 0.00876179 0.0237595 2.41974e-05 0.000105734 0.0089013 0.0116216 7.3523e-05 0.0425966 0.0230951 0.00381704 0.000663125 0.476133 1.25547e-07 0.0126875 0.0903306 0.0013268 0.00115489 
1.77144e-08 0.0566556 0.218616 0.0315137 0.0160687 0.058575 4.32371e-05 0.00154258 0.129988 0.000232649 0.00884043 0.10394 4.77373e-09 0.0386526 0.0124896 0.238515 9.93133e-05 0.00448861 0.0738573 0.00587666 5.40414e-06 
1.70152e-05 0.123536 0.0535198 0.01312 0.0107797 0.0762361 0.000956824 0.00101268 0.0438778 0.000115684 0.010023 0.043453 3.96244e-06 0.102141 0.00799074 0.288449 0.0002341 0.032745 0.0689806 0.121727 0.00108064 
0.000598743 0.0146892 0.00800294 0.00726608 0.0162468 0.00806998 0.000642247 4.17027e-06 0.0320772 0.00337594 0.00111649 0.275418 0.000126886 0.017377 0.125395 0.365205 1.53984e-05 0.00742047 0.0579388 0.00482801 0.0541858 
7.13577e-05 0.0380684 0.0223193 2.66625e-06 0.371507 0.00801178 0.00597996 3.09524e-05 0.0161962 0.0025001 0.000548481 0.00363498 1.2348e-07 6.83445e-06 0.0138948 0.403345 1.25184e-08 0.0151187 0.0977833 0.000978409 1.22493e-06 
6.95138e-05 0.0659336 0.0501222 0.00727796 0.0124484 0.00244901 0.000273688 0.00224972 0.154526 0.021792 0.00379083 0.046812 0.00132855 0.06706 0.00330154 0.320348 0.000151379 0.0126607 0.225107 0.001877 0.000420519 
4.84814e-06 0.0234554 0.0390355 0.0281265 0.0654946 0.0123358 0.000504295 0.00074173 0.0297121 0.0015505 0.000550692 0.0464644 2.56533e-06 0.00994974 0.00953729 0.613658 9.18412e-06 0.00157011 0.100102 0.0036552 0.0135395 
0.0117537 0.11108 0.0281801 0.0324431 0.0309689 0.0768428 0.0274787 0.00635541 0.0251243 0.00012091 0.00385267 0.0173664 6.86813e-05 0.235103 0.00646719 0.339968 3.67444e-07 0.00330479 0.041969 0.00130949 0.000242703 
3.11855e-05 0.0250593 0.0110277 0.00106145 0.00707048 0.0621562 1.36076e-05 0.00162076 0.0525649 0.0281027 0.00036049 0.0360493 5.26157e-06 0.0328609 0.00179033 0.316102 2.79894e-09 0.27099 0.115702 0.0347755 0.00265596 
5.61552e-05 0.0396285 0.0494173 0.0176382 0.00572835 0.209465 3.10768e-05 0.00182578 0.0494773 0.00791626 0.0233564 0.17453 6.76541e-06 0.0122617 0.000523633 0.312377 3.39229e-07 0.00664464 0.0582518 0.0306649 0.000199085 
1.49936e-05 0.164682 0.146172 0.115533 0.0412313 0.019066 0.000303795 0.000511196 0.0344747 0.00868503 0.00338697 0.090676 7.25754e-05 0.119843 0.00405678 0.164882 7.9528e-07 0.00768356 0.0772198 0.000737091 0.000767423 
0.00270574 0.0423738 0.0574283 0.00181325 0.023874 0.0077572 0.00010104 0.000229125 0.106549 0.0120502 0.0200529 0.0169828 8.80568e-05 0.0962439 0.00681435 0.494852 5.7139e-05 0.00377376 0.103591 0.00180088 0.000861785 
5.67191e-05 0.0180584 0.0850445 0.00856659 0.0593724 0.0205139 0.00251683 0.0187985 0.095369 0.0146263 0.0126413 0.028252 4.41628e-06 0.0217873 0.0178143 0.427681 1.69578e-05 0.00793756 0.136453 0.011293 0.0131956 
1.38538e-05 0.0590401 0.0697071 0.00320736 0.128036 0.00260165 2.09153e-05 0.000401607 0.061984 0.00802035 0.0257536 0.0164962 4.43351e-07 0.0491047 0.00901249 0.300904 4.79725e-07 0.0182603 0.245242 0.00182694 0.000366288 
0.0422376 0.003611 0.129045 0.00127026 0.118123 0.007634 0.0100987 0.000514071 0.0155899 0.000551717 0.00140367 0.0490148 1.64007e-05 0.0441375 0.141556 0.229725 6.80249e-05 0.00889631 0.193324 0.00273748 0.000446287 
3.50479e-06 0.095004 0.051879 3.50442e-06 3.50513e-06 0.000353997 3.50089e-06 3.50331e-06 0.0578431 3.50518e-06 0.0868885 0.045221 3.50204e-06 0.258354 3.5041e-06 0.311197 3.4995e-06 3.50479e-06 0.0536377 0.013666 0.0259208 
1.87086e-05 0.0256167 0.0808421 0.02336 0.0487905 0.026746 0.000322265 0.0010125 0.0241376 0.000260624 0.00191713 0.0543635 5.92648e-05 0.018862 0.00278596 0.464905 7.36776e-06 0.00673454 0.201349 0.00160224 0.016307 
0.00312057 0.0301685 0.206204 0.0101502 0.0602168 0.0162742 0.00085817 3.69029e-05 0.0306389 0.000826988 0.00333099 0.121865 2.32478e-05 0.0800216 0.0196258 0.228605 8.90214e-09 0.001153 0.13069 0.0551402 0.00105059 
0.0379658 0.158825 0.141885 0.00162393 0.167424 0.00325911 0.00456609 0.00384054 0.0168824 0.0101152 0.00223925 0.0650269 0.000112867 0.0373335 0.0751283 0.168044 3.38873e-08 0.00699706 0.0899576 0.00308052 0.00569326 
0.000867915 0.0379043 0.0322841 0.00316987 0.0401952 0.00393744 0.000110252 0.00149673 0.185253 0.0175577 0.00743591 0.0119514 4.53368e-06 0.0546984 0.00176893 0.530504 6.47709e-06 0.00274889 0.0662649 0.000822198 0.00101717 
0.00302449 0.0386913 0.126281 0.0157256 0.0486084 0.00216516 0.000147391 1.71894e-05 0.0418034 0.000120215 0.00490867 0.240795 9.61296e-08 0.037042 0.00161652 0.356205 3.08365e-05 0.0119329 0.0360267 0.0342961 0.000562113 
0.000346598 0.0853825 0.0760318 0.10936 0.00228296 0.0252898 0.0303728 2.79561e-05 0.0021746 0.000560806 0.0358366 0.0659632 4.63846e-06 0.0755107 0.00821547 0.369754 1.58098e-06 0.0108598 0.0100332 0.091867 0.000124227 
0.000613308 0.0535643 0.052698 0.00560004 0.00342735 0.000138121 0.00865059 1.25391e-10 0.000848306 3.24571e-11 0.102607 0.0863564 1.88314e-10 0.00209051 0.00804233 0.517659 0.00226648 2.02305e-07 0.13501 4.59307e-07 0.0204276 
6.21074e-05 0.0068835 0.0583764 0.0011886 0.0316911 0.0106221 0.000474936 3.84097e-07 0.0830105 0.000502241 0.000939004 0.00492005 1.34693e-06 0.00366724 0.00114362 0.729587 6.82791e-10 0.00035505 0.0599764 0.00608116 0.000517726 
5.25124e-05 0.0464874 0.0015248 0.15808 0.000862975 0.000151315 4.97715e-08 2.84804e-06 0.0643511 0.000246396 2.35801e-06 0.0339857 0.00146167 0.0972428 5.5258e-05 0.566009 6.37879e-08 0.000706829 0.0269067 0.000150997 0.00171934 
9.41685e-05 0.140259 0.131624 4.12171e-05 4.30425e-08 0.00369763 0.00102635 1.53272e-07 0.000187235 3.96742e-08 0.0406878 0.220174 0.00148967 0.00362304 1.72073e-05 0.368422 0.000296113 0.0479006 0.0363311 2.54779e-05 0.00410229 
1.03064e-05 0.00599351 0.0400984 7.56494e-06 0.0230681 0.00035115 7.3661e-05 4.15314e-08 0.00294623 1.07503e-08 0.0012181 0.0363669 6.23727e-08 0.013104 0.151896 0.674637 1.03478e-07 1.16763e-05 0.0500716 3.35463e-05 0.000111878 
0.121457 0.0410106 0.158478 0.0057485 0.0190197 0.000818457 0.000168023 0.00151036 0.0616847 0.00219949 0.0434611 0.0112223 8.58953e-06 0.0790436 0.0800379 0.341895 1.50812e-07 0.00793659 0.0202573 0.00176265 0.00227982 
1.68887e-07 0.0028703 0.0072149 0.0978728 0.028429 0.103417 1.7838e-06 0.000126838 7.98794e-05 9.43861e-07 6.7961e-08 0.112075 1.43996e-07 0.00646981 9.65975e-07 0.560654 0.000135851 7.71704e-08 0.036832 0.0438183 9.84698e-08 
3.36447e-07 0.109571 0.0167663 0.000565401 0.000143509 0.00324577 2.09258e-08 0.000215367 0.0152256 0.00359524 0.019963 0.0413635 9.84686e-07 0.00152723 1.2957e-05 0.508421 2.68188e-08 0.000962001 0.027511 0.00914076 0.241769 
5.9741e-05 0.00961541 0.0232597 0.00148214 0.0283268 0.0535437 0.000858031 5.03911e-06 0.138031 0.000455104 0.000411368 0.0169058 7.66254e-06 0.108458 0.00439541 0.220971 6.34416e-08 0.203722 0.189175 0.000208482 0.000107716 
7.10535e-07 0.00357815 0.00624846 0.0013115 0.00551076 0.000353632 0.000302954 5.51457e-06 0.000521477 1.56505e-06 0.0118111 0.0288369 1.38971e-07 0.00047162 0.000363788 0.877683 1.43426e-10 4.99807e-07 0.0627554 0.000227005 1.56065e-05 
1.27967e-07 0.00954943 0.0422257 0.00233451 0.051211 0.00730755 1.19876e-05 0.000331726 0.0134583 0.000110033 0.00264604 0.206973 4.66618e-07 0.0751505 0.0692899 0.444091 3.84787e-05 0.00487805 0.0691706 0.000820415 0.000400903 
0.00278873 0.0657644 0.0276204 0.0270054 0.0440688 0.0131994 0.00444286 0.00257514 0.0487013 0.025636 0.00105693 0.225108 0.00279664 0.0690189 0.00513544 0.266575 0.000541204 0.0701034 0.0600535 0.0265976 0.0112107 
5.14967e-05 0.00811484 0.1164 0.00382126 0.00280163 0.00886213 4.33431e-05 0.000178695 0.0341296 8.03067e-05 7.97156e-05 0.00541529 6.01493e-06 0.0839601 0.0195697 0.538201 4.11122e-09 0.00986372 0.167599 0.000632517 0.000190092 
0.0119904 0.0895771 0.116188 0.00515451 0.0293619 0.0394511 0.0130064 0.00223919 0.0523041 0.0133235 0.0027845 0.182519 4.03577e-06 0.00443321 0.0155382 0.295775 1.74617e-07 0.00889545 0.112997 0.00241194 0.00204513 
1.14791e-05 8.83174e-06 0.00257783 0.00193075 2.22484e-05 0.000168742 4.35651e-05 4.20296e-06 9.04085e-06 1.23658e-05 0.00177984 0.0395424 5.36923e-06 0.0817985 0.00328222 0.825521 2.18159e-06 0.0243797 0.0187899 2.34819e-05 8.6026e-05 
8.22724e-06 0.0185626 0.0115541 0.00330829 0.014327 0.000857012 0.000500955 9.44372e-05 0.0752711 0.000307339 0.178027 0.0896525 2.9858e-09 0.00737173 0.00014536 0.579121 4.95351e-09 0.00209199 0.0174233 0.000991147 0.000385351 
0.00590772 0.0246643 0.0736576 0.000953114 0.0357552 0.000733258 1.4191e-06 1.7725e-10 0.0112109 7.32906e-06 0.000236266 0.00293143 2.66197e-10 0.000375783 5.66923e-05 0.826656 4.41627e-10 0.000916756 0.0154603 0.000474234 1.57845e-06 
0.000178496 0.00699497 0.136984 0.00755857 0.0710674 0.126224 6.01257e-05 7.33193e-06 0.0107784 2.73473e-05 0.000130339 0.0110892 3.19076e-07 0.0575749 6.82048e-06 0.493819 8.95364e-10 0.00424605 0.0672934 0.00265328 0.00330552 
0.0125478 0.0343727 0.061361 0.00253764 0.0309239 0.00411924 0.00149583 5.82747e-05 0.00766602 0.00427883 0.0172322 0.0200337 1.80374e-06 0.00610564 0.0428173 0.455268 1.37798e-10 0.000891133 0.289312 0.00202307 0.00695377 
4.27901e-05 0.0268606 0.0584367 0.00420522 0.0271216 0.0326714 0.000206756 0.000350098 0.0914853 0.00173116 0.00415459 0.032083 1.97102e-06 0.00561842 0.000945435 0.674384 1.36844e-06 0.0148389 0.0175208 0.00379615 0.00354316 
3.09309e-05 0.0391743 0.0647712 0.0263707 0.000982779 0.0167399 6.46392e-05 2.37309e-06 0.0910044 0.0264621 0.0133407 0.255153 3.20909e-09 0.0722575 0.000813741 0.302111 3.72162e-05 0.00945368 0.0612236 0.0118878 0.00811797 
0.00620415 0.043579 0.080378 0.0180102 0.139627 0.0265582 0.00473823 0.00225643 0.0500071 0.0135406 0.00616569 0.0492366 5.13667e-05 0.0390036 0.0233725 0.211029 0.0024823 0.00499147 0.209482 0.0687124 0.000574035 
1.46412e-05 0.0409141 0.0269222 0.0121084 0.0387159 0.00387505 1.76269e-05 0.000437032 0.0524018 0.00656498 0.0759814 0.0182513 3.34859e-06 0.011019 0.00156745 0.421505 1.14449e-05 0.0119988 0.275378 0.00212133 0.00019125 
1.06512e-07 0.0181154 0.0148286 0.0087011 0.000990002 5.95315e-05 0.0489334 8.2612e-06 0.0431772 6.69405e-08 0.0169863 0.00657844 3.88385e-07 0.00920719 0.00985705 0.80081 6.73772e-06 9.84414e-06 0.0212545 0.00025245 0.000223198 
5.33173e-05 0.0152391 0.194243 0.00854405 0.0155622 0.033604 3.9411e-05 0.0026273 0.110614 0.00160282 0.0032873 0.0140694 3.15974e-05 0.0297809 0.0478548 0.312516 0.000563951 0.00345753 0.199028 0.00699073 0.000289679 
0.00111383 0.035246 0.0803668 0.0101585 0.0209479 0.0254757 0.000642007 0.0015919 0.128978 0.0101369 0.00244324 0.0259671 0.000324928 0.0489724 0.0209134 0.399806 0.00504573 0.016197 0.16097 0.00256477 0.00213876 
0.000738005 0.0408904 0.118034 0.0158269 0.0102265 0.0180386 0.00121014 4.70024e-05 0.0729906 0.000246743 0.0234566 0.100915 2.71227e-06 0.0210421 0.0121616 0.304912 1.84605e-10 0.00671238 0.248625 0.000285468 0.00363806 
6.55769e-05 0.103086 0.0308904 0.00754941 0.0185518 0.0126847 1.7307e-05 0.0014573 0.0808687 0.00527779 0.0338279 0.0649421 8.82761e-05 0.0903236 0.00220365 0.410709 6.57413e-06 0.00557184 0.126949 0.00407811 0.000850887 
4.06826e-05 0.00761256 0.0164374 0.00102207 0.0027596 2.09154e-06 3.04672e-06 0.000171706 0.00100386 1.31296e-06 1.02185e-06 0.256021 1.07275e-05 3.18128e-06 9.41928e-07 0.692159 1.085e-08 4.09646e-06 0.0191267 0.000850627 0.00276762 
4.2498e-05 0.0341335 0.047342 0.0252813 0.0142516 0.0181805 8.44518e-05 0.000436347 0.109891 0.00172795 0.0126731 0.0492779 0.00232366 0.110153 0.00133582 0.366815 6.53388e-07 0.0680402 0.13082 0.0025175 0.00467205 
3.92653e-08 0.0380772 0.0788438 0.00128724 0.00946714 0.000143564 3.06361e-06 0.000529358 0.00382749 0.00024531 0.0260993 0.00971282 1.28082e-07 0.00877614 0.00059459 0.79187 7.03946e-09 0.00320443 0.0249984 0.00230584 1.43851e-05 
8.7817e-06 0.0895864 0.043302 0.0151309 0.000651239 0.0113681 4.47257e-05 9.85906e-07 0.021107 0.0161843 0.00531221 0.0597346 0.0602002 0.0284214 0.000523042 0.633626 4.41217e-06 0.00307942 0.00755831 0.00221087 0.00194568 
1.66553e-08 0.00125251 0.020754 0.000347967 0.00339408 0.0432055 1.91738e-07 5.15221e-08 0.00396151 3.04998e-07 0.000376449 0.0112163 6.63398e-09 0.020041 6.08927e-06 0.861564 4.10216e-09 1.58198e-06 0.0334349 0.000107529 0.00033586 
1.06199e-05 0.00497892 0.0398527 0.0107741 0.0188813 0.00732226 0.00625266 9.78976e-07 0.0693536 0.00649877 0.000153718 0.162441 3.3854e-06 0.0273108 0.00447482 0.322027 0.000141106 0.00273295 0.315415 1.03601e-05 0.00136306 
0.00917593 0.00628391 0.0188119 0.000964532 0.0116466 0.00341464 0.000113532 0.000321084 0.00488489 0.00135868 0.00475215 0.034499 3.69305e-06 0.00445256 0.0012305 0.856214 1.34226e-09 0.00816561 0.0298552 0.00366737 0.000184155 
2.51132e-06 0.00686836 0.0149848 1.64909e-08 0.0150039 0.0324887 1.66229e-08 1.42277e-05 0.00417061 0.000568135 0.00453305 0.00061387 3.72555e-10 0.0523133 9.26352e-09 0.718193 9.66282e-12 1.52094e-07 0.14735 0.0017007 0.00119371 
7.10535e-07 0.00357815 0.00624846 0.0013115 0.00551076 0.000353632 0.000302954 5.51457e-06 0.000521477 1.56505e-06 0.0118111 0.0288369 1.38971e-07 0.00047162 0.000363788 0.877683 1.43426e-10 4.99807e-07 0.0627554 0.000227005 1.56065e-05 
7.38173e-05 0.00371984 0.354548 0.00247114 0.00403 0.0175052 7.39543e-05 5.21682e-06 0.0541721 0.00185756 0.00367001 0.0200662 6.27306e-07 0.0536128 0.00318378 0.356711 8.4048e-07 0.00512007 0.111504 7.97107e-05 0.00759371 
5.79716e-08 0.000857208 0.102401 0.00152061 0.00113936 0.0063783 0.000157262 0.0417921 0.0383087 1.83284e-06 3.04552e-05 0.00358136 2.11387e-07 0.0482595 0.00463145 0.557102 8.1802e-05 0.000270557 0.0893803 0.100246 0.00386011 
1.12574e-06 0.0158774 0.0222927 0.0267907 0.026571 0.030397 1.12448e-06 1.12526e-06 0.0456016 0.0018025 1.1253e-06 0.100542 1.12485e-06 0.0449263 1.12551e-06 0.613016 1.12404e-06 0.000338847 0.0658702 0.00596482 1.12495e-06 
6.53606e-05 0.00138793 0.00016188 0.013088 0.01294 0.0002697 0.00538949 0.000405408 0.00227176 0.000468451 0.00628279 0.00460471 1.19868e-06 0.00209901 1.28966e-05 0.931523 0.00147726 0.000213984 0.0172812 1.38394e-05 4.2133e-05 
1.294e-06 0.000703471 0.131659 0.00310798 0.00475733 0.00174734 0.000562402 2.02688e-05 0.107158 0.00158758 0.000849847 0.00943401 4.35597e-09 0.0154374 0.000245673 0.453771 3.086e-08 0.000705512 0.26738 0.00083607 3.53749e-05 
0.00999538 0.00919449 0.0938481 0.00577352 0.0866702 0.0088757 0.00155428 0.000380471 0.0333929 0.0156894 0.000717378 0.0424473 7.39385e-07 0.0222094 0.0410849 0.394438 6.64472e-07 0.0207955 0.171695 0.0411055 0.00013087 
5.41423e-05 0.155623 0.151371 0.0853624 0.000958043 0.0416728 4.88282e-05 0.000749842 0.0296327 0.00246331 0.0189406 0.129572 1.15738e-07 0.111936 0.00170077 0.168455 2.13215e-06 0.00168865 0.09787 0.000920776 0.000977258 
8.09834e-06 0.00861804 0.00467158 0.043345 0.00622424 0.00394496 4.52675e-05 0.000385501 0.013574 0.000474923 0.00176242 0.0167242 1.63449e-06 0.00540689 0.0068755 0.842968 0.000214262 0.000645155 0.0360524 0.000658755 0.00739899 
0.0102852 0.0105225 0.0611212 0.00715938 0.0316634 0.0108636 9.89892e-05 1.45367e-05 0.00315572 5.07152e-06 0.00245326 0.0440845 2.58903e-08 0.00257283 0.00740708 0.641632 7.73312e-08 3.72655e-05 0.163168 0.00340268 0.000352651 
3.27948e-07 0.00368915 0.0518339 0.00328264 0.0360723 0.00358674 3.05132e-07 3.64101e-08 0.00759877 1.66581e-08 0.00149386 0.0163251 4.90512e-08 7.71067e-05 1.60827e-05 0.793974 3.32641e-06 0.000869095 0.080251 0.000480937 0.000445387 
7.07229e-05 0.0550002 0.00982677 0.00347827 0.0280677 0.00234773 0.00277265 0.00091068 0.0698579 0.0789678 0.00230482 0.0891221 3.08774e-05 0.0558927 0.000739747 0.400071 8.75383e-09 0.0476809 0.149757 0.00169734 0.00140292 
1.06444e-05 0.0258294 0.0472032 0.0235821 0.0577104 0.0795542 4.40589e-08 1.16901e-05 0.0748706 0.00113357 0.0016317 0.00667064 3.72652e-08 0.0968985 1.34239e-05 0.358823 4.29919e-08 0.0140815 0.201379 0.0102508 0.000345207 
0.00992555 0.0224975 0.044519 0.00354277 0.0624792 0.0613761 0.0014387 0.000200857 0.0536286 0.0198335 0.00330113 0.0103734 9.66246e-06 0.0269497 0.0173197 0.501437 9.4277e-07 0.0179163 0.137648 0.0048424 0.000760167 
0.00222561 0.116055 0.078037 0.00431444 0.0567799 0.00911538 0.00027618 0.00106818 0.0422888 0.00140985 0.0674919 0.00259412 1.23313e-06 0.090545 0.0238427 0.371857 5.14682e-08 0.000822544 0.118988 0.0113514 0.000934587 
1.11113e-06 0.00528914 0.0219167 0.000782418 0.0110401 0.000931786 0.00010149 0.00174715 0.00416849 0.00044074 0.0104479 2.7123e-05 7.73099e-06 0.0191423 0.00115976 0.709385 0.000843964 0.000217297 0.209623 0.00266222 6.46457e-05 
3.62765e-05 0.0522803 0.0326674 0.00476469 0.0154447 0.0581098 2.40044e-07 0.0165612 0.0310799 0.000172155 0.0645355 0.0388121 5.50396e-06 0.0424738 0.000804028 0.506285 4.2365e-07 0.0258997 0.101017 0.00441357 0.00463693 
3.09309e-05 0.0391743 0.0647712 0.0263707 0.000982779 0.0167399 6.46392e-05 2.37309e-06 0.0910044 0.0264621 0.0133407 0.255153 3.20909e-09 0.0722575 0.000813741 0.302111 3.72162e-05 0.00945368 0.0612236 0.0118878 0.00811797 
5.10486e-07 0.238393 0.0424864 0.000173346 0.00205983 0.000459004 8.0431e-09 0.000102775 0.137314 0.000149984 0.208117 0.0112755 1.17336e-07 0.0398342 0.00645397 0.270594 0.000439709 0.00800019 0.027963 0.00207244 0.00411022 
1.85146e-08 0.0169576 0.00817281 0.00476447 0.0155336 0.000996628 2.8142e-06 0.00241103 0.144812 0.00220561 0.000388679 0.0221677 2.34359e-05 0.0146825 0.000559738 0.499582 3.20411e-07 0.0241209 0.242397 0.000174214 4.69724e-05 
0.0461967 0.0461702 0.0921062 0.0101679 0.0427704 0.091013 5.21891e-05 0.000585404 0.0677065 0.0241428 0.00188736 0.0430624 3.30238e-05 0.0383206 0.0646807 0.201691 0.000680299 0.0212748 0.192416 0.0110811 0.00396129 
8.22724e-06 0.0185626 0.0115541 0.00330829 0.014327 0.000857012 0.000500955 9.44372e-05 0.0752711 0.000307339 0.178027 0.0896525 2.9858e-09 0.00737173 0.00014536 0.579121 4.95351e-09 0.00209199 0.0174233 0.000991147 0.000385351 
4.34144e-06 0.0108833 0.129373 0.0147119 0.0103456 0.0163711 0.000117716 2.04177e-05 0.262185 5.28214e-05 0.00146693 0.00793061 1.16605e-05 0.0377758 0.000244711 0.415726 0.000675271 0.00542775 0.0850149 0.00130186 0.000358645 
3.01356e-07 0.00789956 0.0410692 4.11719e-07 0.00576235 1.69096e-05 1.42245e-06 7.31687e-07 0.00495564 6.86831e-06 5.14261e-05 0.107569 1.09886e-06 0.00755886 5.04526e-07 0.755279 1.82304e-06 3.01379e-07 0.0687558 0.000207202 0.000860633 
1.12574e-06 0.0158774 0.0222927 0.0267907 0.026571 0.030397 1.12448e-06 1.12526e-06 0.0456016 0.0018025 1.1253e-06 0.100542 1.12485e-06 0.0449263 1.12551e-06 0.613016 1.12404e-06 0.000338847 0.0658702 0.00596482 1.12495e-06 
1.69883e-05 0.0401884 0.155526 0.000357891 0.0016637 0.00556428 0.000117054 8.95382e-10 0.243881 4.07287e-07 0.0189102 0.00406207 1.3447e-09 0.0866483 1.59485e-06 0.437348 2.23089e-09 3.68804e-10 0.00416307 3.04869e-06 0.00154766 
7.33443e-05 0.0067113 0.0786251 0.000821394 0.00160438 0.000688613 0.00670229 2.89052e-05 0.0127231 5.24603e-05 0.00176828 0.0890708 3.11989e-05 0.0118579 0.0047277 0.666937 1.16068e-05 0.000241213 0.116334 0.000558641 0.000430436 
0.00531706 0.0873775 0.0531414 0.0103932 0.0514561 0.0361214 4.4653e-05 0.00960146 0.120961 0.00104619 8.30026e-05 0.0570113 3.16921e-07 0.0587823 0.000961063 0.250126 1.03888e-05 0.000346272 0.170728 0.0517175 0.0347735 
1.52707e-05 0.00672345 0.205304 0.0361381 0.013963 0.00814224 7.14906e-06 0.00148546 0.110396 0.000673619 0.00091195 0.00475975 2.16042e-07 0.0766023 0.00131816 0.38895 0.00235221 0.00104682 0.0403505 0.100165 0.000694592 
0.00749634 0.0219155 0.0295456 0.000183504 0.00767962 0.00380306 0.000248116 1.07204e-05 0.00476848 0.00871792 3.18445e-08 0.0256083 0.00166273 0.00670151 0.00478213 0.846247 1.30688e-09 0.00121938 0.0287825 0.000152562 0.000475061 
0.000335648 0.0459101 0.0208738 0.0244605 0.110422 0.0555373 2.67593e-05 0.00239497 0.0625716 0.00766875 0.000466103 0.086238 5.16192e-06 0.0947612 0.00824841 0.237509 4.22773e-05 0.0842348 0.149752 0.00639348 0.00214827 
6.30151e-06 0.00351093 0.00423195 1.13682e-05 0.00285175 0.00159861 2.37781e-05 2.00152e-06 0.0491764 6.85479e-06 2.79935e-06 0.0295613 2.47617e-06 2.13569e-05 4.36534e-05 0.905606 3.28837e-07 1.49906e-05 0.00326614 1.28197e-05 4.78411e-05 
0.00502543 0.00398729 0.0637981 0.00178257 0.166724 0.0078976 0.000499948 0.0019893 0.00689129 5.52694e-05 0.000324021 0.00270835 5.38859e-09 0.00120822 0.0020445 0.492002 0.000968837 0.000677685 0.235012 0.00639059 1.3037e-05 
4.19584e-05 0.091442 0.0276796 0.00250394 0.0164724 0.0124155 4.892e-05 0.00561106 0.225777 0.0268882 0.0243225 0.0386391 1.28855e-06 0.0511043 0.0210737 0.325421 1.94151e-05 0.00545975 0.116548 0.00757336 0.000957824 
0.000625007 0.0908449 0.0731616 0.0788657 0.0360438 0.0345274 0.00045654 0.000205384 0.0188641 0.0334741 0.001829 0.193594 4.27903e-09 0.0301853 0.0274244 0.215087 1.2482e-06 0.00933512 0.137898 0.0164347 0.0011424 
1.32529e-05 0.00130854 0.0181874 0.00289508 6.70972e-05 0.00345919 6.61496e-05 1.19977e-06 0.0102773 8.92035e-05 0.000409804 0.0766514 1.39744e-06 0.00365932 0.293005 0.558753 2.44028e-07 0.000113648 0.0306397 2.2614e-05 0.000380021 
7.10535e-07 0.00357815 0.00624846 0.0013115 0.00551076 0.000353632 0.000302954 5.51457e-06 0.000521477 1.56505e-06 0.0118111 0.0288369 1.38971e-07 0.00047162 0.000363788 0.877683 1.43426e-10 4.99807e-07 0.0627554 0.000227005 1.56065e-05 
0.000260241 0.034533 0.0388679 0.0212618 0.0139807 0.00225341 0.00103573 0.00410319 0.0189899 0.00834521 0.030419 0.170688 0.0162566 0.0590628 0.0110102 0.382235 2.31691e-09 0.0396863 0.145061 0.00150773 0.000442478 
5.10486e-07 0.238393 0.0424864 0.000173346 0.00205983 0.000459004 8.0431e-09 0.000102775 0.137314 0.000149984 0.208117 0.0112755 1.17336e-07 0.0398342 0.00645397 0.270594 0.000439709 0.00800019 0.027963 0.00207244 0.00411022 
1.2896e-05 0.00968585 0.020564 0.000709595 0.00272849 0.00336166 3.06267e-05 7.49449e-05 0.0248399 0.00143785 0.00930241 0.00915998 3.54948e-07 0.0144138 6.89881e-05 0.857522 1.25197e-06 0.0107559 0.0302987 0.004676 0.000354482 
0.00181054 0.0373907 0.128931 0.0334174 0.0370363 0.0312145 1.2995e-06 0.0714094 0.0562819 0.00491048 0.00209931 0.0138949 8.07329e-07 0.024694 0.00139689 0.405245 2.69374e-06 0.00901873 0.132237 0.00522934 0.00377839 
4.56427e-07 0.180581 0.02326 9.62787e-05 0.000192401 4.00148e-07 2.15441e-06 0.00671778 5.91907e-05 0.043337 0.0198017 0.00995112 1.66431e-06 0.00246785 0.000374741 0.619902 0.000416225 0.000147876 0.00174809 1.15156e-06 0.0909413 
0.000439945 0.11852 0.0306643 0.00652822 0.0780889 0.00439348 0.00418762 3.31204e-05 0.055677 0.00117446 0.0155161 0.252835 1.15982e-05 0.0190926 0.0020926 0.255271 2.23827e-07 0.00569168 0.148534 0.000515874 0.000732162 
4.10384e-05 0.0188571 0.0328415 0.00927876 0.00101338 0.0195119 0.000232904 9.88995e-05 0.0991253 0.00576297 0.000748848 0.0702957 4.8004e-05 0.0062325 0.00157478 0.640244 1.17738e-05 0.00120589 0.0547098 0.0363341 0.00183047 
3.1544e-07 0.331017 0.0658305 0.00198153 0.00735759 0.00171159 6.21375e-08 0.00516949 0.0487811 0.0301632 0.00995999 0.0252777 0.000209918 0.000580604 0.00185053 0.358801 5.48153e-06 0.00712891 0.104155 6.47773e-08 1.79303e-05 
0.0483157 0.0452446 0.274965 0.00906026 0.0363874 0.0114289 0.00143023 0.000285303 0.050549 0.000215158 0.0324769 0.00892625 2.18405e-06 0.0241575 0.0410918 0.353404 0.000171257 9.16945e-05 0.0582133 0.00341711 0.000165838 
6.46941e-05 0.00531067 0.0297257 0.00297327 0.210073 0.00617015 2.89374e-05 0.000242359 0.00707145 0.000217159 0.00065111 0.0418643 5.04915e-06 0.0201956 0.00056562 0.635924 2.0686e-07 0.000678945 0.0372498 0.000576424 0.000411523 
0.000107065 0.0285759 0.0882347 0.011387 0.118514 0.00650007 0.000128395 0.00031982 0.101543 8.89103e-06 0.0023512 0.149595 3.69997e-06 0.0322076 0.00112831 0.234082 1.46008e-06 0.0064498 0.213436 0.00379104 0.0016351 
8.62122e-05 0.10641 0.0952284 0.00540959 0.00628082 0.0176756 6.19882e-06 2.53078e-05 0.28385 0.013093 0.0156575 0.00839904 5.0449e-06 0.0427578 0.000447274 0.343358 6.11393e-05 0.00760637 0.0447881 0.00860117 0.000253278 
1.59162e-06 0.0138752 0.0395801 1.11271e-05 0.0149912 0.00581639 1.70571e-05 9.04835e-05 0.00570777 5.79951e-06 7.17101e-05 0.00499114 5.57347e-07 0.000230696 0.000574324 0.883782 2.85502e-05 1.93142e-05 0.0280738 0.000975273 0.00115584 
1.06199e-05 0.00497892 0.0398527 0.0107741 0.0188813 0.00732226 0.00625266 9.78976e-07 0.0693536 0.00649877 0.000153718 0.162441 3.3854e-06 0.0273108 0.00447482 0.322027 0.000141106 0.00273295 0.315415 1.03601e-05 0.00136306 
4.95754e-06 0.00110017 0.0316912 0.328958 0.00065795 0.0026794 3.7684e-05 2.83052e-07 0.0256227 7.32674e-08 0.000194695 0.0576961 5.24668e-06 0.00129305 4.77705e-05 0.545063 0.000795935 0.000539896 0.000683199 0.000208314 0.00272073 
6.12708e-05 0.000683088 0.00420351 0.0147901 0.0557344 0.0362761 0.00179662 3.30348e-05 0.0213027 0.0454923 7.54681e-06 0.0851795 0.00318969 0.005669 0.00027345 0.602195 5.8302e-06 0.0205306 0.0798274 0.00379668 0.0189522 
0.000410531 0.0193172 0.0629755 1.68802e-06 0.138517 3.62043e-05 2.67512e-07 0.000299851 3.00947e-06 2.32667e-06 1.33132e-05 0.186258 1.25844e-06 0.0013624 0.0107894 0.45561 0.00193817 5.66786e-08 0.122391 1.42988e-07 7.3475e-05 
7.13577e-05 0.0380684 0.0223193 2.66625e-06 0.371507 0.00801178 0.00597996 3.09524e-05 0.0161962 0.0025001 0.000548481 0.00363498 1.2348e-07 6.83445e-06 0.0138948 0.403345 1.25184e-08 0.0151187 0.0977833 0.000978409 1.22493e-06 
3.57888e-07 0.00309645 0.0112863 0.0116807 8.52825e-05 0.0211917 0.00141472 8.68947e-07 0.117662 0.00209591 8.23473e-07 2.09275e-07 1.305e-06 2.42756e-05 0.000489806 0.764469 2.16503e-06 3.57916e-07 0.00612089 0.000136964 0.0602395 
7.03519e-05 0.0299531 0.0226509 0.0068682 0.028745 0.0181266 0.00314674 0.00156761 0.072469 0.00632878 0.00216933 0.0327972 0.000169034 0.0161222 0.00878627 0.39971 1.52087e-05 0.00711574 0.337963 0.0045515 0.000674455 
0.00171652 0.0042892 0.0173643 0.00376751 0.0337523 0.00187229 0.000578323 0.000569705 0.0288695 0.00984586 0.000941666 0.00655655 6.74447e-06 0.0115524 0.00432073 0.823304 3.4541e-09 0.00196704 0.0452003 0.00316749 0.000358065 
0.00271634 0.00745828 0.114442 0.00105935 0.0642447 0.00283085 0.000107022 5.63444e-07 0.0343971 0.000687661 0.00163794 0.0281359 6.93128e-07 0.00386103 0.00595925 0.540085 3.96491e-09 0.000407152 0.186273 0.00153084 0.0041652 
0.0107449 0.105479 0.091941 0.0177052 0.0677615 0.00619873 0.10719 0.000968539 0.00809651 0.0280326 9.84847e-05 0.114528 3.15904e-07 0.0131783 0.0648321 0.255582 3.42739e-05 0.00238875 0.0946609 0.00998824 0.000591105 
4.50297e-08 0.122876 0.0455562 0.0006556 0.0127736 1.93631e-07 0.000296592 0.0058815 8.31047e-07 0.127688 4.39488e-07 0.205924 0.000326781 5.50375e-08 0.00227771 0.242055 2.86712e-11 0.00301746 0.223185 5.86044e-08 0.00748512 
0.02284 0.0260646 0.0366345 0.00090376 0.00752531 0.0136369 0.000119501 0.000101241 0.0274995 0.0474046 0.000839648 0.00175487 1.93411e-06 0.000344664 0.000190281 0.377567 1.53008e-07 0.00399485 0.101357 0.00694702 0.324273 
0.00251938 0.0527334 0.0874388 0.0176397 0.023285 0.00924372 0.00191034 0.00112917 0.213348 0.0142581 0.00243901 0.0332616 3.08761e-05 0.0744179 0.0104886 0.237894 0.00327563 0.0188779 0.19215 0.00271382 0.000944769 
3.11855e-05 0.0250593 0.0110277 0.00106145 0.00707048 0.0621562 1.36076e-05 0.00162076 0.0525649 0.0281027 0.00036049 0.0360493 5.26157e-06 0.0328609 0.00179033 0.316102 2.79894e-09 0.27099 0.115702 0.0347755 0.00265596 
0.0047035 0.038164 0.0339267 0.000467241 0.0625051 0.0042452 0.000218013 6.33124e-06 0.148147 0.00171208 0.00457103 0.0366535 3.35531e-05 0.110318 0.00346676 0.440442 3.81543e-08 0.0401702 0.0300417 0.0395195 0.000688635 
3.05491e-05 0.032998 0.0394996 0.0191868 0.071875 0.0134522 0.000211348 0.00110387 0.000963435 0.0575006 2.32267e-09 0.205318 1.46415e-07 0.0023119 0.00328892 0.488998 0.000173006 0.00165529 0.0596535 7.76685e-05 0.00170203 
4.06826e-05 0.00761256 0.0164374 0.00102207 0.0027596 2.09154e-06 3.04672e-06 0.000171706 0.00100386 1.31296e-06 1.02185e-06 0.256021 1.07275e-05 3.18128e-06 9.41928e-07 0.692159 1.085e-08 4.09646e-06 0.0191267 0.000850627 0.00276762 
8.84609e-06 0.00597574 0.0207625 0.00116517 0.0296103 0.000795577 2.54945e-05 5.44289e-05 0.0709994 6.05089e-07 0.0039531 0.00876449 1.3704e-05 0.00520182 4.7549e-05 0.832148 7.6345e-10 0.00246143 0.016513 0.00137721 0.00012164 
0.00295916 0.0232783 0.049847 0.00625867 0.058093 0.00883699 0.00124954 0.00361654 0.231822 0.00230096 0.000681041 0.0179051 1.57565e-05 0.109029 0.00108017 0.384885 1.73318e-08 0.0106902 0.0777907 0.00956379 9.73595e-05 
9.9206e-05 0.0713092 0.0152923 0.0290362 0.0184127 0.0257245 0.00382028 8.8195e-05 0.0438052 0.0219152 0.0355135 0.224947 0.000226847 0.0414162 0.0030968 0.285734 0.00932499 0.00512994 0.127369 0.0207408 0.0169975 
3.59296e-05 0.00593882 0.0805223 0.00214414 0.0196303 0.00484646 0.000409156 0.000826636 0.0577983 0.00109623 0.00388579 0.033754 8.96401e-06 0.0389305 0.00617781 0.626197 5.9789e-06 0.00344762 0.105691 0.00745639 0.00119603 
2.20372e-06 0.0480643 0.0781608 0.0432731 0.0220076 0.00461437 0.000196401 0.00286909 0.112003 0.000208826 0.0802303 0.0265908 2.07174e-05 0.0306653 0.0267768 0.453427 5.09661e-08 0.00233167 0.0628841 0.00463729 0.00103687 
5.71221e-05 0.0279837 0.00855497 0.0116225 0.0770272 0.191823 4.41663e-08 0.00112135 0.0124311 9.98159e-05 0.00821913 0.232569 3.74595e-07 0.0282721 0.000387913 0.253495 5.66042e-08 0.0222082 0.124079 4.78082e-06 4.35822e-05 
9.10223e-06 0.0126977 0.0124166 0.000101388 0.0371836 0.00522912 2.88681e-05 2.48583e-07 0.0868383 5.52799e-06 0.0153932 0.13642 1.25288e-05 0.0230305 5.66396e-05 0.57865 6.19358e-07 0.0106776 0.0811357 6.46293e-05 4.79673e-05 
0.000450384 0.0500083 0.025221 0.00942301 0.0183999 0.0116781 7.4886e-08 0.00307819 0.289235 0.00646383 0.0399537 0.00820034 8.9407e-05 0.0109957 0.00174567 0.412642 1.46876e-06 0.013888 0.0764758 0.0129316 0.0091188 
1.13819e-05 0.0664212 0.0718888 0.0189646 0.0401453 0.0641922 9.82368e-06 0.00148488 0.0659444 0.0503274 0.00368232 0.0836819 1.86394e-05 0.041486 0.00105015 0.268674 5.86153e-07 0.0356122 0.185287 0.00105241 6.55493e-05 
9.21248e-07 0.173459 0.00498272 0.0102647 1.14117e-05 0.00706537 2.0175e-06 0.000957575 0.0025954 0.00013759 0.00269184 0.010843 5.14118e-06 7.101e-05 5.63283e-07 0.784582 2.03535e-06 0.00148335 0.000396983 0.000109064 0.000337996 
0.0137073 0.00209622 0.154243 0.00836087 0.0606592 0.002207 0.00385061 2.71541e-06 0.0446334 0.00300273 0.0169979 0.0182101 7.42061e-08 0.0142239 0.040896 0.487726 0.00475491 0.0168319 0.0977857 0.00942417 0.000386282 
0.00259564 0.0724048 0.0706538 0.0345253 0.0231923 0.116482 0.0011534 0.00175187 0.0590561 0.00907343 0.00590326 0.0644141 1.43493e-05 0.0643115 0.00470672 0.211631 6.16235e-05 0.0132366 0.143928 0.100312 0.000592657 
9.95902e-07 0.117419 0.0912487 0.00078037 0.0295174 0.0395682 1.50546e-05 2.13697e-05 0.0169733 0.000662659 0.00132687 0.000744354 3.38917e-09 0.0571892 6.72543e-08 0.596759 1.22658e-09 6.63296e-05 0.0337529 0.0139534 1.2282e-06 
0.0081685 0.0346116 0.0199273 0.000500326 0.0392105 0.00596087 0.00376569 0.000126181 0.00377133 0.00704307 4.6521e-05 0.289301 0.00100566 0.00696731 0.00363256 0.547337 2.0052e-09 0.00134898 0.0249335 9.22491e-05 0.00224959 
0.00321669 0.0274256 0.0190315 0.0213174 0.0131581 0.00982492 0.00123992 0.00372912 0.174149 0.0110511 0.00270473 0.0624974 3.25583e-05 0.0755149 0.00447582 0.333036 0.000140571 0.0275958 0.203006 0.00409559 0.00275652 
0.0142828 0.00156181 0.173177 0.00708239 0.0556265 0.0117592 0.00181821 5.05059e-06 0.025889 0.000101841 2.74579e-05 0.00468227 4.42477e-07 0.0732686 0.0810373 0.368631 0.00274861 0.00601078 0.165276 0.00679746 0.000216648 
0.00171652 0.0042892 0.0173643 0.00376751 0.0337523 0.00187229 0.000578323 0.000569705 0.0288695 0.00984586 0.000941666 0.00655655 6.74447e-06 0.0115524 0.00432073 0.823304 3.4541e-09 0.00196704 0.0452003 0.00316749 0.000358065 
7.99683e-07 0.0613649 0.0717415 0.135482 0.00672851 0.00328361 1.71197e-06 1.00433e-06 0.0052049 0.00256104 0.059309 0.0485133 3.3835e-07 0.0310429 0.00491953 0.354681 7.05613e-07 7.45327e-05 0.14892 4.67765e-06 0.066164 
0.00116261 0.00227814 0.016509 0.00134766 0.027891 0.00133804 0.000557738 1.1454e-05 0.0103061 4.11263e-06 0.00681624 0.0166377 9.04427e-08 0.00133451 0.00120705 0.647226 2.52939e-08 7.92026e-05 0.264662 0.000622855 9.0827e-06 
3.52387e-05 0.0461951 0.0757995 0.00956044 0.0484911 0.0417131 4.2843e-05 9.78795e-05 0.21712 0.0113254 0.00150405 0.0126929 4.32811e-05 0.0319163 0.00319479 0.377497 0.00141568 0.0470622 0.0546543 0.0107395 0.00889915 
0.00604336 0.0399511 0.128843 0.0139583 0.14647 0.0186058 0.00455593 0.00239051 0.0238724 0.0168284 0.00269024 0.0686515 0.000194999 0.0347798 0.0465054 0.208667 0.00510305 0.00847578 0.169872 0.0356031 0.0179392 
1.13779e-05 0.223239 0.00741734 0.0098658 0.00756033 0.00105725 8.32036e-05 0.00184391 0.0059276 0.0196506 0.0492224 0.0189882 1.00179e-06 0.00502793 0.00765074 0.562469 2.28221e-08 0.00587577 0.0712018 0.000450709 0.00245657 
