1.20225e-05 0.00106679 0.0180506 0.00142037 0.0353153 0.009074 2.51613e-05 0.000171302 0.0538322 0.000620989 5.69888e-05 0.00788507 3.65623e-06 0.102052 0.00113787 0.000589696 3.6471e-08 0.43589 0.329324 0.00331992 0.000151433 
2.46989e-05 0.0083772 0.00308933 0.00417659 0.0783695 0.0102393 6.55908e-06 4.5347e-06 0.0708408 3.73097e-05 3.75822e-06 0.0228966 2.05102e-05 0.0905118 0.0343288 0.000773335 0.00281795 0.590408 0.0803347 0.000786177 0.00195233 
2.82787e-05 0.00021984 0.00120073 0.214692 0.00926772 0.0059094 1.30415e-07 1.37857e-05 0.000388847 1.73644e-08 0.000423871 0.000247814 6.19094e-05 0.056335 0.000180301 3.69818e-08 1.67142e-07 0.710001 0.000258468 0.000770098 9.21118e-08 
0.113372 0.0105994 0.0466251 0.00155373 0.0813235 0.0081815 0.00243936 0.00387666 0.0105054 0.000868047 0.00875436 0.0520036 0.00623567 0.0958257 0.0227778 0.0142656 0.000685772 0.476256 0.0374864 1.88145e-05 0.00634627 
1.01625e-06 0.000321931 0.000806591 0.00126097 0.0368054 0.046532 2.31972e-06 9.12084e-06 0.00231541 0.000744904 2.27692e-08 0.000222103 1.36869e-06 0.346954 0.00163848 4.03475e-07 2.46671e-08 0.550955 0.00849061 0.000296821 0.0026409 
2.65135e-05 0.0800431 0.016597 0.000999546 0.054615 0.000676473 2.0343e-06 0.000125133 0.0964356 0.0429876 6.27031e-05 0.0226299 1.48294e-05 0.0362852 0.0802555 0.00137682 0.00534394 0.533046 0.0255204 0.000392624 0.00256378 
3.49032e-08 0.0935057 0.0269918 0.00530762 0.0264349 0.0534886 1.25789e-05 0.000350126 0.105016 0.000994545 6.35293e-07 0.033441 4.23761e-05 0.0455686 0.000134233 0.00932815 6.63447e-11 0.326477 0.17645 0.0953359 0.00112054 
7.09781e-05 0.00408869 0.000693369 0.00108536 0.00187998 0.0302062 8.69244e-08 2.13006e-11 0.0192937 6.66948e-05 6.53594e-06 0.0197087 2.30547e-05 0.0145713 0.00254323 2.07278e-05 5.94738e-09 0.536036 0.368208 0.00148581 1.17327e-05 
2.87604e-05 0.00322382 0.00153346 0.0173018 0.0300046 0.00669882 0.000179475 6.47979e-05 0.0113551 0.00080517 0.000321368 0.0629966 0.00169065 0.0328979 0.00496299 0.00599409 3.5124e-08 0.673646 0.143717 0.00222679 0.000350265 
0.000644129 0.0139441 0.000934576 0.00174505 0.016913 0.00679588 0.000601942 0.00101148 0.00889253 0.0394623 1.60489e-05 0.271629 0.046131 0.0222223 0.0626592 9.46533e-05 1.14082e-08 0.278677 0.226769 0.000670455 0.000186335 
7.85565e-05 0.0145166 0.00595338 0.00358587 0.18479 0.0106024 4.39546e-05 8.86169e-06 0.0727517 0.00372359 0.000448715 0.00977355 0.000148812 0.218162 0.000624292 0.00999924 3.8149e-12 0.432752 0.0269255 0.00102778 0.00408337 
0.000428262 0.0634971 0.00212661 0.0166212 0.154711 0.0184923 0.00201442 0.000263397 0.0161267 0.0181475 9.40809e-05 0.135585 2.89649e-05 0.266288 0.00697155 0.000220429 5.97591e-11 0.270874 0.0233463 0.000753814 0.00340969 
0.00652846 0.0191324 0.173621 0.00929995 0.169908 0.0943479 0.00166734 0.00106825 0.0299983 0.00472194 0.00182879 0.0229404 0.09299 0.130235 0.00603812 0.00484022 0.00196319 0.173782 0.046801 0.00774774 0.000540067 
6.45284e-08 0.00314933 0.0151634 0.0047368 0.0201482 0.00694362 3.38392e-05 0.000165135 0.373691 0.000202758 2.73167e-05 0.001837 2.35296e-07 0.170259 0.000113112 8.6371e-08 3.90361e-07 0.39123 0.00759452 0.00414893 0.000555088 
0.000224401 0.0409827 0.0100244 0.026102 0.0267686 0.0393572 3.55293e-06 2.5059e-05 0.158745 0.000662879 0.000186494 0.194869 3.16306e-05 0.0710201 0.000715165 0.000833656 1.34437e-09 0.364508 0.0637203 0.000645247 0.000575045 
4.94031e-05 0.0204307 0.0897474 0.0040215 0.0560817 0.0471679 0.00141624 0.00583874 0.0208759 0.00392612 0.00135492 0.0245736 2.22547e-05 0.236893 0.0244482 0.0167116 1.73573e-07 0.339688 0.104586 0.00122238 0.000944728 
3.92293e-05 0.00395401 0.0064839 0.00771631 0.00239804 0.022781 0.000368029 4.72626e-06 0.0538858 0.000181399 1.6597e-05 0.128216 3.68045e-05 0.135012 0.00169304 2.34208e-08 1.35956e-08 0.491933 0.142467 0.00274934 6.37737e-05 
0.00149709 0.00486379 0.00361653 0.00648253 1.24665e-06 1.24658e-06 1.24515e-06 1.24601e-06 1.24676e-06 1.24667e-06 1.24605e-06 0.0172056 1.24555e-06 0.00461427 1.24629e-06 1.24641e-06 1.24465e-06 0.961703 1.24679e-06 1.24597e-06 1.24567e-06 
1.64532e-08 0.0632409 0.00455243 0.0569562 1.04835e-07 0.0751985 3.83658e-07 5.52269e-11 0.0389178 2.62387e-08 2.2993e-05 0.0078032 8.29408e-11 0.00582455 3.68217e-07 4.93117e-05 1.37601e-10 0.69661 0.0507414 8.18227e-05 2.93622e-08 
0.000190799 0.0055216 0.0153746 0.0119199 0.00524554 0.0123127 1.16787e-06 7.36412e-06 0.0742274 0.000413315 0.00161791 0.0100453 2.78617e-05 0.0778666 0.000100864 0.111941 2.1131e-10 0.419784 0.252327 0.00107502 2.64724e-07 
0.00168799 0.00618723 0.00387969 0.0146927 0.0554735 0.012581 0.0121811 2.1989e-05 0.00552514 0.00973444 2.61415e-06 0.149649 0.000181432 0.0470765 0.00576913 0.000839381 1.50707e-09 0.2852 0.12554 0.000237825 0.26354 
2.985e-05 0.00519932 0.00776293 0.002184 0.039821 0.000234771 0.000705323 2.37669e-05 0.0343944 0.00658613 2.5532e-05 0.0773979 5.67028e-05 0.051289 0.00203211 0.00234131 3.63219e-09 0.435922 0.327549 0.00592135 0.000523564 
0.000123579 0.215981 0.00455907 0.0224737 0.0037717 0.00210121 0.0028759 0.128321 0.016032 0.00505748 0.000426002 0.236719 0.000110529 0.0492963 0.00671819 6.91664e-05 2.98441e-06 0.250921 0.0488067 0.00517324 0.000459494 
5.54524e-05 0.000654227 0.000142304 0.000279652 0.000927143 0.000236904 0.00135247 1.14382e-05 0.00178435 6.94877e-05 0.00159516 0.0508804 5.88799e-05 0.0296406 4.3187e-05 0.000189602 1.5747e-07 0.869856 0.0418418 8.65453e-05 0.000294494 
1.56909e-05 0.00028594 0.111786 0.0145991 0.00101104 0.032251 0.000157508 1.9401e-05 0.00755481 0.000193789 4.45481e-05 0.0555356 1.88102e-05 0.112471 0.000856458 0.00444648 0.000529856 0.486446 0.169601 0.00183245 0.000343851 
6.08389e-06 0.000462107 0.0200475 0.000572625 0.00292338 0.00275575 1.69675e-05 3.42217e-07 0.000954481 0.000481951 4.07146e-07 0.274513 1.32015e-05 0.113389 0.000107711 3.49824e-05 4.6802e-08 0.578427 0.00527042 1.72558e-05 6.46527e-06 
0.118253 0.0106487 0.0381487 0.00127151 0.066539 0.00669441 0.00199688 0.00495007 0.00859586 0.00106682 0.0191856 0.0425493 0.0111592 0.078404 0.0186378 0.0205158 0.000562721 0.514941 0.0306714 1.54852e-05 0.00519329 
9.58868e-06 0.000572798 0.00630211 0.00178027 0.165167 0.000680132 3.0766e-05 0.000118102 0.077217 0.000125528 4.11357e-05 0.00928335 5.66226e-07 0.291048 0.00184131 0.00249341 1.07593e-11 0.422714 0.0160435 0.00229405 0.00223818 
0.00132787 0.0149818 0.00493757 0.0153232 0.13736 0.0186295 0.0732743 0.00027301 0.067602 0.00273961 0.000481709 0.0199292 5.42686e-07 0.133921 7.48885e-05 6.11902e-11 2.76554e-10 0.497736 0.0086977 8.60334e-05 0.00262412 
1.99032e-06 0.0137695 0.000425456 0.000166742 1.84057e-06 0.0061247 5.17921e-07 3.00868e-05 0.00208217 1.57571e-05 1.23119e-05 0.0291571 2.02875e-06 0.0137011 5.8875e-05 0.0029609 2.97584e-10 0.823108 0.105159 0.0032222 1.63998e-10 
9.05148e-05 0.0165941 0.00212042 0.00548233 0.0314877 0.00685968 6.52526e-05 0.000141577 0.0716924 0.00207256 0.00140079 0.190351 2.99887e-06 0.0368441 0.0261345 0.00726074 3.21196e-11 0.343485 0.256531 0.000432816 0.000949816 
1.20225e-05 0.00106679 0.0180506 0.00142037 0.0353153 0.009074 2.51613e-05 0.000171302 0.0538322 0.000620989 5.69888e-05 0.00788507 3.65623e-06 0.102052 0.00113787 0.000589696 3.6471e-08 0.43589 0.329324 0.00331992 0.000151433 
3.34236e-05 0.0793956 0.0230196 0.0640403 0.00972759 0.0107435 0.0013204 0.00202128 0.138013 0.00669026 0.000588558 0.0753289 5.97133e-05 0.192836 0.00233698 0.00352467 7.89797e-06 0.237139 0.118901 0.0337017 0.000570483 
8.58658e-07 0.00018306 2.96499e-06 3.44783e-06 0.0139617 5.69239e-06 7.2141e-07 3.20178e-07 7.40053e-06 1.79502e-07 3.83819e-07 0.114322 4.04402e-07 1.94266e-05 0.0010055 1.09319e-06 1.5643e-08 0.870462 1.42598e-05 2.06941e-06 6.25831e-06 
1.11658e-06 0.0748387 0.0491027 0.00312297 0.00365368 0.048623 1.17323e-07 1.00298e-05 0.187153 0.00137809 0.000823825 0.006471 2.54215e-06 0.0352704 0.000320751 0.00217278 5.59419e-07 0.519827 0.0665155 0.000646156 6.64182e-05 
0.000224212 0.0031966 0.000846856 0.00779631 0.00938142 0.011864 0.016686 5.10278e-05 0.010442 0.000242631 1.14149e-05 0.23714 0.000136048 0.20304 0.00430567 0.000141758 2.74605e-11 0.396477 0.0940216 0.000728155 0.00326675 
2.11587e-07 0.0138441 0.00321393 0.00634677 0.00786266 0.0585064 8.08822e-07 1.65305e-06 0.0146363 0.000649487 0.000120197 0.322655 3.37384e-05 0.0154594 0.00567511 0.00742486 1.43904e-08 0.444286 0.098191 0.000701668 0.000390357 
3.21581e-05 0.174018 4.42899e-05 0.000270898 0.017271 0.00100607 0.000117193 0.00527986 0.00657156 0.00507585 9.43924e-06 0.0315967 7.57629e-05 0.00961466 0.00012697 3.25263e-08 2.90317e-09 0.690253 0.0568722 0.00176401 3.24121e-07 
3.37181e-05 0.0294861 0.0137182 0.0111339 0.0866155 0.0738736 6.39881e-05 8.50369e-05 0.0552816 0.00188753 1.65332e-05 0.016451 3.84198e-05 0.252664 0.00185781 0.00160195 1.74395e-07 0.318376 0.122263 0.0142978 0.000253232 
6.18177e-05 0.00478022 0.00529585 0.000817779 0.202838 0.00570309 1.81163e-05 2.06509e-05 0.0631077 0.00136291 0.000170417 0.00617517 0.00028264 0.118676 0.000969847 0.0110575 2.9795e-12 0.551903 0.0213768 0.000493448 0.00488879 
7.85565e-05 0.0145166 0.00595338 0.00358587 0.18479 0.0106024 4.39546e-05 8.86169e-06 0.0727517 0.00372359 0.000448715 0.00977355 0.000148812 0.218162 0.000624292 0.00999924 3.8149e-12 0.432752 0.0269255 0.00102778 0.00408337 
1.07062e-06 0.0570712 0.0515596 0.000186488 0.00347116 0.110543 3.51284e-07 0.000884675 0.00230934 2.58882e-07 8.81054e-07 0.227065 2.2446e-06 0.0387297 0.000944706 0.000313962 0.000226295 0.368557 0.00460552 0.133003 0.000525141 
1.19115e-06 0.000818476 0.000858599 0.00126875 0.0360984 0.0527434 3.37854e-06 1.05549e-05 0.00279289 0.00225189 3.46178e-07 0.000236906 2.37263e-06 0.337914 0.00391418 0.000176707 1.66938e-07 0.547212 0.0105533 0.000452191 0.00269007 
3.77362e-05 0.0190618 0.0313009 0.000992341 0.0693938 0.0115081 3.27096e-05 6.31239e-06 0.262368 0.00159299 0.00107805 0.00287073 8.47193e-05 0.16549 0.000205633 0.0121584 2.84455e-08 0.403962 0.0143317 0.00158347 0.00194063 
0.000188964 0.0180107 0.0343348 0.0180238 0.0677282 0.0530173 7.65158e-05 0.000101076 0.0833365 0.00153247 0.0025869 0.128596 1.93785e-05 0.162914 0.0778481 0.00243338 0.000313005 0.25746 0.0866261 0.00209738 0.00275516 
0.00054025 0.0580861 0.00701076 0.0211145 0.00633815 0.00595258 0.00285535 0.0014832 0.00496301 0.000376359 0.000803345 0.260998 0.00204394 0.00222914 0.00830236 0.000543833 0.00190282 0.604908 0.00888228 0.000539318 0.000125912 
7.01456e-05 0.0401966 0.0128352 0.00589762 0.129606 0.0387649 0.000241044 0.00043032 0.0910826 0.00938083 0.000487387 0.0312993 4.08067e-06 0.222018 0.0147491 0.00346163 7.90716e-09 0.366716 0.0270901 0.00451569 0.00115314 
3.78352e-05 0.00227381 0.00288121 0.000540362 0.107507 0.00460987 0.00033637 0.000294608 0.0468935 0.0180989 0.000306567 0.0505397 1.31068e-06 0.204679 0.00302233 0.00772402 0.000140684 0.507248 0.0204585 0.0219846 0.000421929 
0.000211916 7.26605e-05 0.00203229 0.00165357 0.107235 0.00236555 0.0013222 6.21089e-05 0.0121115 4.4278e-05 2.37862e-09 0.0199107 0.000237269 0.237668 0.00126808 6.85755e-09 2.35692e-12 0.533175 0.079676 1.29816e-08 0.000953921 
0.00771909 0.0197903 0.00613886 0.00740105 0.189077 0.00292674 0.000930718 0.00295632 0.0756581 0.114321 0.0019885 0.0680249 0.00409295 0.044455 0.015593 0.00163592 7.42558e-06 0.403952 0.0295465 0.00363415 0.000149809 
1.11015e-05 0.0475966 0.00922208 0.0187362 0.213713 0.014898 2.66517e-05 3.22216e-05 0.174128 0.00620527 0.0030296 0.00530854 4.4456e-06 0.20922 0.00105626 0.00777591 9.10031e-12 0.275978 0.00838001 0.00277041 0.00190776 
7.96562e-05 0.0151323 0.0114162 0.0048545 0.0264073 0.00303945 3.62993e-05 0.000541069 0.094402 0.000707744 0.00124254 0.132283 0.000368088 0.0711133 0.00289426 0.0066195 4.36809e-06 0.373635 0.249036 0.00400557 0.00218147 
9.37181e-06 0.122872 0.00191981 0.00211075 0.0562791 0.00390842 7.35408e-08 0.000169662 0.314254 0.0181656 0.00158779 0.0358993 4.7411e-07 0.0245569 0.00442252 0.00056047 2.44985e-07 0.33766 0.0710893 0.0019988 0.00253528 
1.52931e-05 0.0671939 0.0187972 0.00757319 0.0329604 0.223334 2.27139e-06 0.000318833 0.0791114 0.069333 0.00356247 0.0174417 1.03054e-05 0.0368385 0.00497071 0.0109731 2.31416e-05 0.266602 0.109269 0.0487436 0.00292652 
9.26875e-05 0.0142763 0.0215072 0.000158572 0.0149373 0.00487326 0.000184072 1.6313e-07 0.0754866 3.15638e-08 7.82756e-05 0.389924 0.000103186 0.00624365 0.00400204 1.32374e-10 5.98276e-10 0.394536 0.0719607 0.00163503 7.88908e-07 
0.0838714 0.0191056 0.0406731 0.00289281 0.0548981 0.00475344 0.00163005 0.0112075 0.0124717 0.00141628 0.0188795 0.0761622 0.0360581 0.0678793 0.0183413 0.0255176 0.000401154 0.469404 0.0480762 3.37258e-05 0.00632648 
1.92521e-05 0.0274795 0.0109485 0.0363208 0.0208185 0.0993565 2.63087e-06 0.00210029 0.0171801 0.00907617 9.86206e-05 0.0204023 6.40817e-06 0.256227 0.01713 0.00290816 1.08479e-08 0.353788 0.123406 0.000261705 0.00246968 
0.000590095 0.0578549 0.0276212 0.00435921 0.0305243 0.0446488 0.00046703 0.00145358 0.0521244 0.0300732 0.00182011 0.0342025 4.12742e-05 0.20181 0.00669454 0.00378225 3.24669e-05 0.364483 0.122992 0.0126123 0.00181296 
5.14341e-05 0.0993946 0.0269598 0.0100976 0.0869281 0.0247564 1.82932e-06 0.0257572 0.147121 0.00792775 0.00274554 0.0584898 7.33561e-05 0.160357 8.3057e-05 0.0979147 1.84051e-10 0.178065 0.0667659 0.000704331 0.0058058 
3.43553e-08 0.0232844 0.0595451 0.00751916 0.0793474 0.00546593 0.000619925 1.77813e-06 0.0274966 0.00167223 3.22153e-08 0.333504 0.000287651 0.0765573 0.00170621 0.00475022 3.30585e-10 0.371507 0.00537238 6.72486e-07 0.00136232 
0.00131483 0.045246 0.00680097 0.00575605 0.145062 0.0011674 0.0086257 7.70454e-05 0.0345022 0.00487597 1.07303e-05 0.166619 0.000515847 0.0780728 0.0708167 0.0207557 7.32124e-05 0.378314 0.0200715 0.00742366 0.0038985 
0.000382348 0.0407436 0.00235974 0.00814905 0.0892306 0.072409 0.00190548 0.000108236 0.183705 0.0645001 0.0014881 0.0136695 7.60615e-07 0.158153 0.0519319 0.00945595 3.86777e-10 0.223799 0.0577393 0.0129406 0.00732799 
1.00385e-05 0.0200111 0.0141051 0.0113047 0.0825449 0.00548972 4.70401e-05 2.44054e-05 0.108781 0.000194903 0.00479496 0.00345631 0.000249912 0.210797 0.000946192 0.00169597 4.20767e-07 0.4076 0.124082 0.00379486 6.91132e-05 
0.000122981 0.0546447 0.00338097 0.0123793 0.0686861 0.00334738 0.00170136 0.0005886 0.0292112 0.000506823 8.43935e-05 0.199213 0.000195148 0.236044 0.0131792 0.00490757 1.1058e-09 0.314443 0.0567274 0.000270104 0.000366911 
7.85565e-05 0.0145166 0.00595338 0.00358587 0.18479 0.0106024 4.39546e-05 8.86169e-06 0.0727517 0.00372359 0.000448715 0.00977355 0.000148812 0.218162 0.000624292 0.00999924 3.8149e-12 0.432752 0.0269255 0.00102778 0.00408337 
8.58658e-07 0.00018306 2.96499e-06 3.44783e-06 0.0139617 5.69239e-06 7.2141e-07 3.20178e-07 7.40053e-06 1.79502e-07 3.83819e-07 0.114322 4.04402e-07 1.94266e-05 0.0010055 1.09319e-06 1.5643e-08 0.870462 1.42598e-05 2.06941e-06 6.25831e-06 
0.000211916 7.26605e-05 0.00203229 0.00165357 0.107235 0.00236555 0.0013222 6.21089e-05 0.0121115 4.4278e-05 2.37862e-09 0.0199107 0.000237269 0.237668 0.00126808 6.85755e-09 2.35692e-12 0.533175 0.079676 1.29816e-08 0.000953921 
1.88354e-05 0.151939 0.0253596 0.0567298 0.0874286 0.0204233 0.000218415 0.000119011 0.15016 0.000437759 0.000311251 0.12935 5.02817e-05 0.019595 0.0174106 0.000261893 1.52869e-07 0.198592 0.128809 0.0127453 4.07864e-05 
1.82309e-05 0.00988398 0.00279805 0.00728585 0.0167371 0.0322118 0.000168941 0.000157574 0.0566855 0.00228565 2.63702e-05 0.0717466 0.00445145 0.0510712 0.000211454 0.0201719 1.27637e-06 0.586822 0.136001 0.00111541 0.000148044 
0.000105376 0.229669 0.00809767 0.0108956 0.000809462 0.00793838 6.02608e-07 0.000337342 0.00253156 0.000406594 0.0100354 0.024679 6.80356e-06 0.0884202 0.001648 0.00245578 7.72311e-07 0.425492 0.186368 0.000101783 4.25619e-07 
3.74711e-05 0.0412449 0.00809033 0.00639394 0.00435099 0.0187984 1.59638e-08 0.000187473 0.161754 0.037505 7.38322e-05 0.0121956 6.08407e-05 0.0233638 0.0220069 0.00054568 5.82434e-06 0.426456 0.229739 0.00316685 0.00402309 
3.42209e-06 0.0202755 0.00166313 0.000320127 0.0241214 0.067445 2.24994e-07 0.00198853 0.00963502 1.26308e-05 0.000551949 0.0166696 1.34886e-06 0.0346375 0.000151738 1.03944e-06 1.38705e-10 0.80758 0.014426 0.00051419 1.46605e-06 
6.05779e-05 0.00386245 0.00485694 0.000639691 0.148673 0.00267921 9.53638e-06 0.000228196 0.0798748 0.0284468 0.000494468 0.0016902 1.61563e-06 0.241251 0.00507147 0.000952412 6.47634e-05 0.451968 0.0286372 7.35383e-05 0.000464103 
1.21692e-05 0.0105505 0.0325471 0.00591185 0.115752 0.0376398 4.58945e-06 0.000246641 0.111009 0.0298617 0.000526646 0.0937715 0.000224184 0.171456 0.0168055 0.0463159 1.48299e-07 0.292984 0.0256961 0.00777161 0.00091397 
6.56651e-06 0.00475096 0.00183884 0.00110166 0.00477674 0.00532945 4.06269e-07 0.000180794 0.0166729 0.000140481 0.000647056 0.00342798 1.30355e-07 0.00281519 0.0017599 7.9852e-06 2.87356e-09 0.825137 0.111801 0.0195132 9.11484e-05 
3.43553e-08 0.0232844 0.0595451 0.00751916 0.0793474 0.00546593 0.000619925 1.77813e-06 0.0274966 0.00167223 3.22153e-08 0.333504 0.000287651 0.0765573 0.00170621 0.00475022 3.30585e-10 0.371507 0.00537238 6.72486e-07 0.00136232 
0.00037815 0.161248 0.0162023 0.0011044 0.157427 0.0130225 9.75414e-06 0.00125265 0.00221407 5.32787e-05 0.00159786 0.0921943 1.68995e-06 0.0165637 0.000183398 0.00174962 5.04677e-07 0.497444 0.0338429 0.000216811 0.00329344 
0.00145911 0.0298562 0.0360188 0.0097401 0.0619159 0.0413549 0.00157888 0.00121526 0.0436196 0.0046344 0.00139289 0.0840473 0.00740742 0.0783695 0.0143149 0.00689714 0.00058844 0.329082 0.235037 0.00996767 0.00150281 
1.59708e-05 0.00682329 0.00273441 0.00536573 0.20104 0.0142845 0.000618547 8.00438e-05 0.0914327 0.00335707 0.000891518 0.0151682 3.00479e-05 0.152652 0.00309503 0.00674614 8.75666e-09 0.48678 0.00227685 0.00311192 0.00349543 
0.000247319 0.0686525 0.00915432 0.00547122 0.00393898 0.00396118 2.66724e-05 3.9798e-07 0.0267848 0.00455184 0.00521614 0.0998895 0.000555652 0.0127818 0.0236922 0.00586106 0.000731037 0.460645 0.262097 0.00530353 0.000438004 
1.71918e-05 0.000286036 0.0205139 0.000696775 0.0356052 0.0132847 8.16871e-06 1.85982e-05 0.0451597 5.19742e-05 4.26901e-07 0.00869591 2.74092e-06 0.0336747 0.000567322 0.000361736 9.45807e-12 0.539892 0.299939 0.000864451 0.000359318 
1.6727e-05 0.00514269 0.0065121 0.00155484 0.0964704 0.0231741 3.44372e-05 0.000117283 0.0570091 0.0101309 0.000219729 0.00612979 6.10146e-06 0.307645 0.00491019 0.00221825 2.16667e-06 0.39004 0.0870263 0.00083671 0.000803091 
0.000826494 0.0736909 0.0146867 0.00694011 0.0645722 0.0339975 5.55164e-06 0.00135333 0.181604 0.00995168 0.001781 0.0077384 1.99034e-06 0.16977 0.00899968 0.00435506 7.09599e-05 0.296007 0.119377 0.00277267 0.00149709 
4.31436e-06 0.00166219 0.0186822 0.000825797 0.0232729 0.0218001 8.43391e-07 0.000107809 0.0213055 0.00125635 0.000910997 0.0501999 8.7574e-06 0.062822 7.44661e-05 0.0465272 2.00777e-08 0.744072 0.00602706 0.000369146 7.02682e-05 
0.000147476 0.0088393 0.0178821 0.00380396 0.00274924 0.031703 2.27688e-05 4.70774e-06 0.00774529 0.00119342 5.12024e-05 0.134782 2.59151e-06 0.0378763 0.00687728 0.00138787 1.34955e-08 0.712383 0.0284384 0.00047266 0.00363784 
0.00131066 0.0213548 0.0239556 0.00516005 0.0781409 0.0557798 0.0012297 0.0172137 0.00452625 0.0109658 5.22243e-05 0.235767 0.000215329 0.0356222 0.00199754 0.00454945 2.66796e-05 0.260831 0.0874435 0.000676368 0.153181 
2.65638e-05 0.0419506 0.00567086 0.00167375 0.117608 0.0232908 4.98834e-07 0.000669271 0.167049 0.041942 0.00544849 0.035032 5.26013e-07 0.184011 0.00255313 0.0333335 4.45562e-11 0.216084 0.109289 0.0139244 0.000441766 
0.00463874 0.0774701 0.032223 0.0102421 0.107183 0.0141351 0.00256174 0.00235398 0.0443735 0.0300991 0.00143916 0.0324582 2.15246e-06 0.144211 0.0142065 0.111558 2.26577e-06 0.286493 0.0428467 0.0408578 0.000645412 
8.99658e-06 0.00442406 0.0301803 0.000765366 0.111438 0.00724963 3.22013e-05 0.000440589 0.105468 8.31009e-05 0.000331408 0.00443845 7.4755e-07 0.184487 0.00122956 0.00109626 2.21776e-08 0.535419 0.0105609 0.00129327 0.00105271 
1.3509e-06 0.00460189 0.00973427 0.0058867 0.0493729 0.0487723 5.3929e-05 0.000865778 0.118002 0.117443 1.49017e-05 0.00121372 6.8304e-06 0.276134 0.000618721 0.00197926 1.25631e-08 0.312666 0.0503309 0.00197962 0.000322445 
4.80082e-05 0.0172956 0.00109943 0.00238166 0.148392 0.0128485 3.31448e-06 0.00126308 0.0395313 0.0628191 9.84601e-09 0.00801641 8.1725e-06 0.250958 0.00382661 0.000337041 8.71221e-12 0.442881 0.00772039 2.59048e-05 0.000545383 
0.000907178 0.039252 0.237028 0.00658388 0.102905 0.1053 0.0013157 0.0053539 0.0250064 0.0082805 0.000924068 0.0109048 0.0040366 0.096966 0.000734351 0.0100678 0.00245736 0.262101 0.0723242 0.00742104 0.000129763 
3.43553e-08 0.0232844 0.0595451 0.00751916 0.0793474 0.00546593 0.000619925 1.77813e-06 0.0274966 0.00167223 3.22153e-08 0.333504 0.000287651 0.0765573 0.00170621 0.00475022 3.30585e-10 0.371507 0.00537238 6.72486e-07 0.00136232 
2.71872e-05 0.00054013 0.00240604 0.000531958 0.0556875 0.00133571 2.86515e-05 1.42487e-07 0.0275628 0.000556919 3.20495e-05 0.176141 5.78505e-05 0.116381 0.00136936 0.00138426 1.62535e-10 0.602215 0.012195 0.000524252 0.00102329 
1.76931e-05 0.0151062 0.0249534 0.0511657 0.0302344 0.0363564 0.000791209 0.000139231 0.0423526 0.000146584 1.4196e-05 0.0229036 0.00193113 0.139118 0.0011685 0.00217511 0.000804945 0.334703 0.29497 0.000848544 0.000100163 
7.85565e-05 0.0145166 0.00595338 0.00358587 0.18479 0.0106024 4.39546e-05 8.86169e-06 0.0727517 0.00372359 0.000448715 0.00977355 0.000148812 0.218162 0.000624292 0.00999924 3.8149e-12 0.432752 0.0269255 0.00102778 0.00408337 
3.74711e-05 0.0412449 0.00809033 0.00639394 0.00435099 0.0187984 1.59638e-08 0.000187473 0.161754 0.037505 7.38322e-05 0.0121956 6.08407e-05 0.0233638 0.0220069 0.00054568 5.82434e-06 0.426456 0.229739 0.00316685 0.00402309 
1.97854e-07 0.00232598 0.0145139 0.0110493 0.0651335 0.0230299 1.81187e-05 0.00919291 0.0157712 4.16723e-05 3.85563e-06 0.0652674 0.00173964 0.0204325 0.0012776 0.00100785 1.94625e-08 0.71421 0.0518396 0.00289268 0.0002519 
0.000224401 0.0409827 0.0100244 0.026102 0.0267686 0.0393572 3.55293e-06 2.5059e-05 0.158745 0.000662879 0.000186494 0.194869 3.16306e-05 0.0710201 0.000715165 0.000833656 1.34437e-09 0.364508 0.0637203 0.000645247 0.000575045 
8.51522e-05 0.118057 0.0162633 0.00230496 0.107594 0.0973211 2.74893e-07 0.000867318 0.125076 0.00346177 0.00316021 0.0434421 2.08716e-05 0.172893 0.0036757 0.00317532 3.51783e-10 0.213807 0.0793927 0.00274537 0.00665787 
0.000113172 0.0352295 0.00670402 0.0047889 0.0149416 0.116131 0.000892794 0.000143461 0.0142154 0.0506507 7.82372e-05 0.0162529 1.65767e-05 0.0896997 0.00322704 1.23171e-05 1.48199e-09 0.351952 0.291828 0.00251873 0.000603756 
2.22825e-05 0.0282756 0.0184108 0.0059727 0.250016 0.0374021 1.444e-05 0.000213584 0.073011 0.0105985 0.00105167 0.0504436 1.45515e-05 0.119263 0.00152863 0.012632 2.74418e-05 0.346898 0.0391673 0.00374576 0.00129156 
7.63797e-05 0.0371151 0.00721661 0.0088412 0.0110003 0.0312119 4.30704e-07 0.000187141 0.275337 0.024576 0.000332337 0.0082689 7.35918e-05 0.103074 0.0126635 0.000835731 3.90862e-06 0.288885 0.185137 0.0022945 0.00287009 
1.35485e-06 0.0327005 0.0411613 0.0600111 0.00460407 0.0889038 3.96778e-06 0.000187665 0.0932739 0.00112604 0.000402261 0.0641839 0.0332373 0.00529424 0.000348016 0.00413078 1.34275e-07 0.475807 0.0387614 0.0558525 8.19864e-06 
6.72541e-05 0.110005 0.0273232 0.018488 0.0456404 0.112459 1.11536e-06 5.14697e-05 0.018301 0.0323463 3.31226e-05 0.00222587 2.44521e-06 0.212561 8.66016e-05 0.000804451 8.75154e-09 0.39662 0.0120599 0.0108965 2.79716e-05 
0.00111367 0.0152414 0.0608124 0.00312054 0.096237 0.031871 0.000210183 0.00158291 0.0584299 0.00764513 3.754e-05 0.030125 0.000704272 0.125636 0.083636 0.00467386 2.85796e-06 0.261232 0.211317 0.00618159 0.000190106 
6.7396e-05 0.00261872 0.00589548 0.000840578 0.118746 0.00701323 2.53606e-05 1.54732e-05 0.0536101 0.00174756 0.000196956 0.00864522 0.000331467 0.0727432 0.00090034 0.0142674 3.2008e-12 0.676312 0.0299255 0.000683362 0.00541527 
3.18946e-05 0.07959 0.191124 0.0309425 0.0338287 0.00918499 0.000306077 0.00469471 0.0303342 0.0093445 0.000111969 0.00975357 0.00450988 0.174116 0.00270138 0.000110441 2.08783e-05 0.33961 0.0775962 0.00045875 0.00162931 
2.00643e-05 0.0212783 0.00730646 0.0732592 0.172002 0.00388937 2.67445e-05 0.000543592 0.0222361 0.000440804 0.000433471 0.0301937 0.000202216 0.210524 0.00559936 0.000149611 1.58376e-06 0.42604 0.02509 0.000652009 0.000112272 
3.22653e-05 0.235699 0.00883137 0.00142224 0.0789053 0.00946102 4.78372e-05 0.000706152 0.0680555 0.0145305 0.0079545 0.0585836 0.000340044 0.169087 0.00232157 0.0440349 8.6249e-09 0.255492 0.037665 0.000207064 0.00662317 
2.6895e-05 0.00360715 0.00336892 0.00276642 0.273262 0.000920539 3.07488e-06 1.8078e-05 0.0598605 0.00061982 0.000190745 0.00812997 0.000143801 0.207877 0.00044423 0.00130726 2.55873e-11 0.416453 0.0106431 5.41798e-05 0.0103033 
8.52563e-05 0.0212931 0.00512929 0.00129524 0.0855579 0.278481 1.34977e-05 0.000663184 0.0648112 0.00848292 0.00413995 0.00477934 3.25963e-06 0.168395 6.55347e-05 0.000128733 3.50311e-05 0.283258 0.0671913 0.00598977 0.000201741 
6.05779e-05 0.00386245 0.00485694 0.000639691 0.148673 0.00267921 9.53638e-06 0.000228196 0.0798748 0.0284468 0.000494468 0.0016902 1.61563e-06 0.241251 0.00507147 0.000952412 6.47634e-05 0.451968 0.0286372 7.35383e-05 0.000464103 
8.71254e-05 0.0126121 0.0254677 0.00880296 0.0608548 0.039677 0.00995867 0.000251039 0.0334963 0.00378576 0.000330853 0.0272996 2.29786e-05 0.0226484 0.00774191 0.00687272 7.51797e-05 0.409423 0.325103 0.00516003 0.00032948 
4.30879e-09 0.0644021 0.00139481 0.00329017 0.00808081 0.019364 2.48681e-07 7.76546e-08 0.0151488 8.26603e-06 0.020767 0.00334263 7.10349e-09 0.000270979 4.55286e-05 3.81322e-07 3.60003e-10 0.858964 0.00347391 0.00144577 2.32158e-07 
7.4499e-06 0.0190672 0.00741958 0.00975946 0.0139503 0.0353814 8.12616e-05 0.0001354 0.0797734 0.000330364 1.0606e-08 0.0271956 3.57864e-06 0.0176397 0.0129177 0.000597079 7.25384e-12 0.635382 0.138983 0.00132047 5.56458e-05 
0.000140471 0.0107433 0.0198349 0.00402032 0.00944147 0.0384354 1.42746e-05 0.000902779 0.0332226 0.000812912 0.00169187 0.154649 0.0141301 0.036501 0.00916744 0.0210276 7.79564e-05 0.31812 0.314737 0.0116616 0.000667541 
0.00159617 0.0210902 0.0390518 0.0107447 0.0668776 0.0224136 0.00306625 0.0022463 0.0416799 0.000214786 0.00084071 0.188555 6.96921e-05 0.155561 0.0332995 0.0017581 7.01489e-05 0.275559 0.125667 0.00620545 0.00343248 
0.000242477 0.00378119 0.0106398 0.0367672 0.0118244 0.0722414 0.00168258 2.50831e-05 0.0130696 0.000554775 1.21453e-06 0.0687588 0.0365071 0.0355202 0.00156915 0.000160413 5.11315e-07 0.584332 0.115279 0.00703709 5.72288e-06 
8.20289e-08 0.00433279 4.6003e-05 0.0389485 1.14412e-05 0.0163749 9.30785e-07 0.00107558 0.0865239 0.000547486 0.000666333 0.257628 6.84304e-06 0.201509 0.000117757 0.000892838 1.10686e-10 0.345439 0.0458701 5.85277e-06 2.72071e-06 
7.86126e-09 0.00158235 0.00464218 0.0812353 0.118135 0.00200747 1.77774e-05 0.000437591 0.129636 0.00149875 4.04933e-07 0.00768399 7.29975e-05 0.0663873 0.000835596 0.0148528 9.19494e-12 0.290609 0.277946 0.00241902 6.08535e-07 
0.000103043 0.180796 0.0266213 0.025179 0.0975668 0.115111 2.66456e-06 0.00310029 0.11435 0.0177523 0.00931716 0.0220621 3.45599e-05 0.0705124 0.0153189 0.00735684 6.14449e-11 0.242646 0.0497419 0.0011464 0.00128085 
4.7393e-05 0.0259178 0.111576 0.0136869 0.0168164 0.0174189 1.88134e-05 2.82027e-06 0.133199 0.0238533 9.46068e-05 0.0448415 3.0279e-05 0.00778166 0.035879 0.0439793 0.000189858 0.407769 0.0912831 0.0014621 0.0241522 
8.58658e-07 0.00018306 2.96499e-06 3.44783e-06 0.0139617 5.69239e-06 7.2141e-07 3.20178e-07 7.40053e-06 1.79502e-07 3.83819e-07 0.114322 4.04402e-07 1.94266e-05 0.0010055 1.09319e-06 1.5643e-08 0.870462 1.42598e-05 2.06941e-06 6.25831e-06 
1.01625e-06 0.000321931 0.000806591 0.00126097 0.0368054 0.046532 2.31972e-06 9.12084e-06 0.00231541 0.000744904 2.27692e-08 0.000222103 1.36869e-06 0.346954 0.00163848 4.03475e-07 2.46671e-08 0.550955 0.00849061 0.000296821 0.0026409 
3.52386e-06 0.0124261 0.00260395 0.00945016 0.0160209 0.110496 9.92486e-06 0.00012089 0.12708 0.000114351 6.95223e-05 0.00299577 0.000515219 0.116314 0.000368315 0.000401389 8.03208e-12 0.412332 0.173814 0.0148105 5.37649e-05 
7.16487e-05 0.0137889 0.00115215 0.00615804 0.233459 0.00140348 2.78755e-05 0.0001976 0.0191529 0.0010552 1.60326e-05 0.0771008 0.000394721 0.233955 0.0009194 0.000154744 3.65518e-11 0.361017 0.0473925 0.000349972 0.00223306 
0.105957 0.00185407 0.00513893 0.00147502 0.0152341 0.0115797 1.02397e-08 0.000343179 0.208148 0.000133883 0.000418463 0.00109152 6.653e-06 0.0666613 0.00136827 3.27303e-08 1.70922e-06 0.479297 0.0933975 0.00767986 0.00021356 
2.58215e-12 0.00921558 0.00136541 0.000737035 0.00368524 0.00503994 1.21882e-11 0.00050482 0.00579332 0.000496651 5.94131e-12 0.0559819 1.1582e-07 0.00642047 0.000417173 3.48042e-07 1.56206e-11 0.49293 0.407558 0.00985338 2.19524e-07 
8.58658e-07 0.00018306 2.96499e-06 3.44783e-06 0.0139617 5.69239e-06 7.2141e-07 3.20178e-07 7.40053e-06 1.79502e-07 3.83819e-07 0.114322 4.04402e-07 1.94266e-05 0.0010055 1.09319e-06 1.5643e-08 0.870462 1.42598e-05 2.06941e-06 6.25831e-06 
0.0001672 0.138715 0.00257632 0.00383131 0.202856 0.00471804 0.000458988 5.5378e-05 0.0316071 0.00136759 0.000231529 0.159403 0.000226494 0.0520928 0.00410491 0.017022 3.56184e-09 0.347589 0.0175583 0.000664649 0.0147551 
9.61124e-05 0.00678503 0.00941912 0.0036812 0.127689 0.0293138 0.000549787 0.000167136 0.0107704 0.00422816 8.02134e-11 0.0476682 0.0586484 0.035914 0.000905962 0.000229841 1.88089e-05 0.625968 0.0375117 0.000394075 4.1318e-05 
2.16595e-05 0.00217827 0.0149265 0.00168282 0.0454054 0.08086 8.11079e-05 1.07878e-05 0.00858601 0.000484567 0.000170245 0.0110166 1.80257e-05 0.13541 0.000242591 0.000293374 0.000433589 0.614457 0.0798017 0.00369352 0.000225534 
7.85565e-05 0.0145166 0.00595338 0.00358587 0.18479 0.0106024 4.39546e-05 8.86169e-06 0.0727517 0.00372359 0.000448715 0.00977355 0.000148812 0.218162 0.000624292 0.00999924 3.8149e-12 0.432752 0.0269255 0.00102778 0.00408337 
0.0003635 0.0132393 0.00172287 0.00241599 0.0145763 0.00397446 0.0253825 0.000166247 0.156255 0.00935501 0.000645266 0.0898682 3.11224e-05 0.117254 0.0270379 0.000198853 1.74873e-06 0.303118 0.232119 0.00176065 0.000514348 
2.22825e-05 0.0282756 0.0184108 0.0059727 0.250016 0.0374021 1.444e-05 0.000213584 0.073011 0.0105985 0.00105167 0.0504436 1.45515e-05 0.119263 0.00152863 0.012632 2.74418e-05 0.346898 0.0391673 0.00374576 0.00129156 
4.90171e-05 0.0981972 0.0139157 0.0137317 0.0170554 0.00591692 0.00010169 0.00229408 0.221857 0.0580819 0.00175375 0.0190144 1.10701e-05 0.0670002 0.019471 0.00597067 2.33127e-05 0.244612 0.202899 0.000909328 0.00713446 
6.86449e-06 0.000412292 0.0153076 0.000901074 0.0133244 0.00501514 6.04964e-06 0.000273656 0.0199296 3.62097e-05 3.20334e-06 0.0506775 7.95178e-05 0.207331 2.22503e-05 0.000992098 5.63991e-07 0.653462 0.0321527 1.6552e-05 4.97438e-05 
4.62955e-05 0.00759761 0.0177332 0.0150739 0.123213 0.0103749 0.000725936 6.25704e-05 0.0323816 0.00535124 0.000188358 0.0907082 3.93078e-05 0.0659664 0.0143995 0.000610166 7.2212e-08 0.381036 0.16364 0.0702167 0.000634722 
2.07874e-06 0.00851012 0.00764875 0.00192882 0.0473977 0.0539702 6.21436e-06 2.02784e-05 0.221077 0.0182199 0.000332903 0.00296659 1.78231e-05 0.220198 0.00264541 0.0014634 2.39845e-09 0.315379 0.0945733 0.00198923 0.00165329 
0.00626449 0.0499911 0.0972187 0.0477658 0.0593911 0.0482321 0.000192767 0.0208135 0.0764071 0.00553078 0.00182776 0.0918566 0.00255558 0.0909054 0.0203939 0.0121463 0.000499707 0.269572 0.0842791 0.0140212 0.000135362 
0.00121422 0.063681 0.0112786 0.0127343 0.0226469 0.0282212 0.00520467 1.99355e-05 0.187046 9.43118e-07 4.81115e-06 0.0925687 3.40697e-05 0.120955 0.15614 4.82103e-08 2.17891e-07 0.289084 0.00867533 0.000451638 3.91554e-05 
1.81199e-06 0.0246023 0.00645498 0.00137395 0.0169651 0.0584833 5.30748e-06 1.50854e-05 0.374071 0.000521832 0.000127468 0.000363292 1.79919e-07 0.0492848 7.62846e-05 0.00017121 2.04167e-08 0.396099 0.0705527 0.00080851 2.15558e-05 
0.000332965 0.0444703 9.6612e-05 0.00484729 0.0315052 0.000524108 0.000665034 2.61348e-06 0.0259299 0.0003719 0.000638285 0.149537 1.35825e-05 0.0452485 0.00676122 2.03352e-05 9.06057e-07 0.641796 0.0439841 0.0016201 0.00163454 
6.05779e-05 0.00386245 0.00485694 0.000639691 0.148673 0.00267921 9.53638e-06 0.000228196 0.0798748 0.0284468 0.000494468 0.0016902 1.61563e-06 0.241251 0.00507147 0.000952412 6.47634e-05 0.451968 0.0286372 7.35383e-05 0.000464103 
0.0240314 0.113309 0.0111988 0.0816329 0.0584946 0.0282046 4.93471e-05 0.00045654 0.0514077 0.0570982 0.000545002 0.116726 7.48814e-06 0.0811006 0.0199808 0.0016971 3.22593e-07 0.288123 0.0605122 0.00272189 0.00270218 
8.58658e-07 0.00018306 2.96499e-06 3.44783e-06 0.0139617 5.69239e-06 7.2141e-07 3.20178e-07 7.40053e-06 1.79502e-07 3.83819e-07 0.114322 4.04402e-07 1.94266e-05 0.0010055 1.09319e-06 1.5643e-08 0.870462 1.42598e-05 2.06941e-06 6.25831e-06 
1.23357e-05 0.0166075 0.00650837 0.0240298 0.0108103 0.16313 6.78155e-06 0.00072124 0.0135352 0.00225487 2.81717e-06 0.0644961 1.82409e-05 0.116812 0.00074843 0.015967 0.000383935 0.535462 0.0242293 0.00408025 0.000182897 
4.31854e-05 0.000746473 0.00353584 0.00361065 0.0165408 0.030697 1.85614e-05 7.07157e-05 0.00627806 0.00119783 6.82732e-05 0.067424 4.52383e-05 0.130244 0.00320354 0.00305782 1.80967e-12 0.38251 0.349237 0.000874989 0.000596339 
0.000701527 0.0369328 0.0106218 0.147575 0.00532008 0.0229583 0.0188745 0.00706584 0.00927642 0.000314789 0.000165497 0.11155 0.045877 0.0231579 0.00727724 8.15915e-05 0.000189497 0.515333 0.0347089 0.00127897 0.000738538 
6.79638e-09 7.32815e-05 4.77906e-09 9.28629e-05 4.63402e-09 5.95837e-09 3.20801e-08 1.65015e-08 0.100812 5.98419e-06 1.56379e-08 0.154568 2.47823e-08 0.00206948 1.13784e-08 9.09693e-09 4.11144e-08 0.742377 6.34839e-07 1.71472e-08 2.2658e-08 
4.1156e-05 0.00466521 0.00340877 0.00846598 0.0400669 0.0199963 0.000579456 0.000454516 0.0129662 0.011423 4.26003e-05 0.0400196 0.000121085 0.0394875 0.0020195 0.00201397 1.59241e-07 0.438759 0.373866 0.00120655 0.00039662 
0.000376427 0.00734474 0.00341683 0.00230048 0.0346058 0.00180481 0.000143642 9.01153e-09 0.0452776 0.00478072 5.18121e-05 0.0372889 4.39154e-05 0.0270289 0.000359148 0.00258531 0.00109675 0.775603 0.0550236 0.000828282 3.95315e-05 
8.58658e-07 0.00018306 2.96499e-06 3.44783e-06 0.0139617 5.69239e-06 7.2141e-07 3.20178e-07 7.40053e-06 1.79502e-07 3.83819e-07 0.114322 4.04402e-07 1.94266e-05 0.0010055 1.09319e-06 1.5643e-08 0.870462 1.42598e-05 2.06941e-06 6.25831e-06 
1.66211e-05 0.000637862 0.0266631 0.00148213 0.0215308 0.00470756 1.68809e-05 9.42727e-05 0.0610851 0.000414549 6.78262e-05 0.00186512 4.82537e-05 0.111096 0.000201462 0.000927412 1.68231e-08 0.520376 0.248421 0.000197974 0.000149925 
1.53536e-06 0.225613 0.0340146 0.0347752 8.29523e-06 0.00724326 0.000119825 7.12173e-07 1.15801e-05 5.26845e-06 0.011023 0.188327 0.000636797 0.20509 2.96452e-06 0.0173285 5.53119e-09 0.275755 3.81441e-05 5.18491e-07 4.1619e-06 
9.01926e-05 0.00137248 0.00254686 0.00769652 0.102906 0.174344 9.75498e-05 8.26308e-05 0.0165355 0.00187972 1.06433e-05 0.0123544 9.02611e-06 0.239481 0.000603715 0.000694178 1.21313e-07 0.275213 0.154692 0.00878082 0.000609039 
2.85193e-08 0.0143866 0.0198305 0.000225841 0.00621597 0.00131169 5.29664e-06 0.000130471 0.00280695 0.000257349 0.00204119 0.00217305 6.10835e-06 0.183995 3.56853e-05 0.0108815 3.91905e-10 0.747908 0.00762323 4.9187e-06 0.000160033 
6.18177e-05 0.00478022 0.00529585 0.000817779 0.202838 0.00570309 1.81163e-05 2.06509e-05 0.0631077 0.00136291 0.000170417 0.00617517 0.00028264 0.118676 0.000969847 0.0110575 2.9795e-12 0.551903 0.0213768 0.000493448 0.00488879 
7.00419e-05 0.0434314 0.0549569 0.0540412 0.0224305 0.00900222 0.000624262 0.00410116 0.0285306 0.0136008 0.00143438 0.230287 0.000613198 0.0225078 0.037375 0.00071128 1.26439e-05 0.254599 0.21161 0.00632376 0.00373713 
0.000520031 0.00815356 0.00283329 0.0149549 0.0110483 0.0168398 0.00280385 3.44836e-05 0.0268524 0.00147049 0.000108059 0.215303 0.0321715 0.0890539 0.000670847 2.4791e-06 1.82208e-08 0.499453 0.0689282 0.0086776 0.000120235 
0.000148806 0.0270004 0.0222909 0.0120937 0.0261221 0.0823158 1.40213e-07 7.22713e-08 0.0876258 0.000227712 0.000217746 0.0253679 6.46672e-08 0.156575 0.00117686 0.0016759 0.0886813 0.408251 0.0589686 0.00102088 0.000239206 
0.105957 0.00185407 0.00513893 0.00147502 0.0152341 0.0115797 1.02397e-08 0.000343179 0.208148 0.000133883 0.000418463 0.00109152 6.653e-06 0.0666613 0.00136827 3.27303e-08 1.70922e-06 0.479297 0.0933975 0.00767986 0.00021356 
4.7698e-06 0.000770581 0.00874937 0.0061789 0.168092 0.0140908 2.71534e-06 0.000144628 0.0557782 0.000678715 5.07546e-05 0.0176801 3.37178e-06 0.138986 0.00357311 0.00799513 1.65088e-11 0.49452 0.0781457 0.00252726 0.00202796 
3.4318e-05 0.146305 0.0229456 0.0235588 0.0101934 0.0337561 1.41803e-08 0.000442996 0.181057 0.0260005 4.02925e-05 0.0164713 8.05061e-05 0.0425737 0.0125286 0.00387033 3.19787e-06 0.268612 0.199381 0.00555547 0.00658954 
0.00232979 0.000474055 0.0170292 0.00111052 0.076163 0.0249628 2.12836e-05 0.00105353 0.0208908 0.000126024 1.86042e-06 0.00605573 5.04881e-06 0.0391953 0.00228856 0.0020479 1.20685e-06 0.590285 0.213621 0.00213372 0.000204136 
0.000832939 0.125881 0.036501 0.0553913 0.00979253 0.142013 2.51128e-06 0.00019623 0.0441581 0.00590142 0.0271973 0.113076 0.00405961 0.179137 0.00347864 0.000691425 4.91634e-06 0.188591 0.0497443 0.00588749 0.00746349 
1.50299e-06 0.000506653 0.00044018 0.000175374 0.0169805 0.0207204 2.37573e-07 0.000769411 4.18992e-05 1.59781e-05 1.15808e-07 0.124988 9.75809e-06 0.000555746 3.23688e-06 0.000505558 8.11583e-06 0.793745 0.0312158 4.0171e-05 0.00927715 
0.00718447 0.0117015 0.0255453 0.00666858 0.0758362 0.188785 1.75172e-05 0.000348248 0.104846 0.00135224 0.00223441 0.0152955 7.69021e-05 0.115349 0.00315197 0.0320402 1.33908e-06 0.285653 0.116257 0.0054273 0.00222899 
0.00217885 0.0420003 0.00549989 0.00182112 0.235155 0.0188789 1.60356e-05 0.000233556 0.106208 0.00614969 0.00127346 0.00258544 4.80032e-06 0.273696 0.00083154 0.00519932 3.41868e-08 0.288073 0.0059192 0.00177705 0.00249871 
0.00510593 0.0473229 0.00796629 0.00370798 0.0793663 0.0249041 0.004672 0.033938 0.0754579 0.0137301 0.00464226 0.0929707 0.000100442 0.0658987 0.0812917 0.000711024 1.89748e-06 0.283432 0.144609 0.0293308 0.000840182 
1.42089e-05 0.00764878 0.00485803 0.0172133 0.0420601 0.0535834 0.000111366 8.59315e-05 0.0212579 0.0016137 2.76645e-06 0.00830166 0.00105 0.213164 0.000698037 0.000895923 8.75477e-08 0.312177 0.311219 0.00400892 3.59152e-05 
6.68023e-05 0.0228286 1.93279e-05 0.00826397 0.000590895 4.18142e-05 1.2613e-05 0.0020164 0.00409334 0.00447015 0.0508837 0.0313761 0.000602407 0.000141325 7.55815e-06 0.000828117 1.43647e-07 0.846824 0.0267213 0.000211847 7.91634e-08 
4.31436e-06 0.00166219 0.0186822 0.000825797 0.0232729 0.0218001 8.43391e-07 0.000107809 0.0213055 0.00125635 0.000910997 0.0501999 8.7574e-06 0.062822 7.44661e-05 0.0465272 2.00777e-08 0.744072 0.00602706 0.000369146 7.02682e-05 
5.3096e-05 0.00686334 0.075411 0.000650628 0.00412358 0.015255 0.000169595 0.000150367 0.0292844 0.00349892 7.44357e-05 0.0260724 0.00020605 0.0121107 6.64969e-05 0.030398 6.92577e-07 0.731878 0.057858 0.00574772 0.000127922 
0.00510593 0.0473229 0.00796629 0.00370798 0.0793663 0.0249041 0.004672 0.033938 0.0754579 0.0137301 0.00464226 0.0929707 0.000100442 0.0658987 0.0812917 0.000711024 1.89748e-06 0.283432 0.144609 0.0293308 0.000840182 
