1.99622e-06 0.0262493 0.0194201 0.00533303 0.0195152 0.124024 0.000153805 0.00105278 0.239942 0.0289691 0.000799955 0.0110468 1.22486e-05 0.0572648 0.00134796 0.00956096 6.46266e-06 0.0354798 0.416265 0.0034533 0.000102701 
0.00492654 0.0171003 0.0394102 0.0052882 0.272307 0.00560406 0.000460223 0.000443488 0.111522 0.0072041 4.23019e-05 0.000236567 3.87298e-09 0.0112253 0.00588557 0.00898707 6.61686e-12 0.00291855 0.487612 0.0188264 2.97624e-10 
9.02736e-07 0.0575786 0.0375512 0.00408131 0.0107092 0.000788677 0.00192458 0.00875666 0.112765 0.0147464 0.00590288 0.0793499 1.00673e-06 0.180244 0.00172353 0.00461733 1.03867e-09 0.000214142 0.472839 0.00567811 0.00052825 
0.000981215 0.0600195 0.0500418 0.0160793 0.129855 0.0193657 0.00224175 0.00235768 0.0963464 0.0320451 0.00798956 0.0367833 8.06233e-05 0.13491 0.0173812 0.0102651 3.99809e-06 0.0649927 0.311019 0.00607262 0.00116879 
4.42272e-06 0.048585 0.00648907 0.00554162 0.00894006 0.00111495 7.42482e-06 0.000327345 0.247321 0.00822363 0.00336202 0.00912015 1.09422e-11 0.0471504 0.000175689 0.00646802 4.31867e-05 0.00419124 0.601719 0.00116585 4.92993e-05 
0.22362 0.00164435 0.0624727 0.00765139 0.0938423 0.00153351 0.0249763 5.38917e-05 0.00524344 6.23351e-05 0.000770173 0.0171003 1.41154e-05 0.00787112 0.255274 0.0213897 5.02305e-08 0.00176708 0.274275 0.000228795 0.000209684 
2.64558e-05 0.0325332 0.0636288 0.0177536 0.046053 0.00213466 0.00487479 0.000144537 0.0163764 0.00198219 0.010488 0.0279129 4.61962e-08 0.0299673 0.249679 0.00487608 1.39472e-06 0.00460812 0.486366 0.000565352 2.85605e-05 
0.11774 0.194576 0.14884 0.0628767 0.0201235 0.00433952 0.000265241 0.00040417 0.0443927 0.00227236 0.0119073 0.0490835 9.17239e-10 0.0100226 0.00125559 0.0916877 1.52172e-09 0.00119137 0.235135 0.00345338 0.000434313 
2.82921e-05 0.0849204 0.0151953 0.00979564 0.021475 0.000168814 6.07192e-05 0.00168137 0.173369 0.000653655 0.0057001 0.0320504 8.01236e-06 0.0371496 0.0116947 0.000168966 0.000813625 0.00170405 0.599758 0.0034529 0.000152033 
0.00022332 0.148425 0.0881495 0.0429273 0.122433 0.0395002 5.86911e-05 0.00199111 0.10844 0.00287746 0.000204885 0.0442055 8.09364e-07 0.0604771 0.0201042 0.00518498 2.30788e-09 0.0498124 0.257364 0.00281425 0.00480608 
0.00260658 0.0433492 0.0109103 0.00462613 0.222939 0.0100752 0.00012912 0.00314712 0.120232 0.0196579 0.000997157 0.0499137 1.23301e-06 0.0397961 0.016939 0.0134521 1.61007e-07 0.0946635 0.344389 0.00115296 0.00102246 
0.00263469 0.0523922 0.0901031 0.0749776 0.0930319 0.022249 0.000199504 0.00280798 0.191598 0.00224306 0.0157145 0.0905511 1.4065e-05 0.0406977 0.00720562 0.0105316 0.00026722 0.029712 0.262429 0.0104903 0.000150441 
3.49018e-08 0.169959 0.14402 0.0329082 0.0111951 0.00135542 4.71611e-05 0.000113055 0.18232 0.00094277 0.0435677 0.034185 9.04699e-07 0.0392002 0.00141383 0.0162839 1.01087e-09 0.00187996 0.317648 0.00289032 6.97522e-05 
1.42252e-05 0.0076772 0.00422885 0.0077876 0.00211392 0.000175435 0.000295956 4.01042e-05 0.230607 0.00239658 4.02383e-09 0.0287076 7.17852e-08 0.185871 0.00419567 7.891e-05 4.9486e-12 0.00134436 0.524443 2.13432e-05 2.91319e-08 
0.00978136 0.0121598 0.0350845 0.00329316 0.0962247 0.0115865 0.000506139 6.41877e-05 0.0492793 0.000274912 1.36458e-05 0.0576214 3.84118e-06 0.0164125 0.0104865 0.0265493 1.3192e-11 0.00038747 0.664695 0.00518513 0.000390559 
0.00830786 0.0499608 0.0618803 0.0217984 0.071262 0.0165413 0.00474292 0.00261382 0.167523 0.0258741 0.00295977 0.0255193 7.54719e-06 0.134106 0.0111538 0.0138257 0.000893986 0.0145041 0.357242 0.00474092 0.00454269 
0.000607499 0.00725894 0.0149231 0.00256833 0.0538034 0.0050558 0.0437509 8.75276e-06 0.0392573 0.00301248 0.00444788 0.109057 0.00153113 0.0034244 0.0128488 0.0243666 1.56704e-07 0.0112532 0.660157 0.00234341 0.000324301 
1.7607e-08 0.25108 1.15075e-06 0.00296373 6.91722e-08 0.000261024 4.88584e-11 0.145546 9.00985e-06 3.5838e-06 0.0936508 0.0961729 3.77437e-11 0.0862572 0.00119607 3.10361e-07 5.01567e-08 4.65933e-08 0.322859 2.61153e-11 3.45085e-11 
6.80439e-10 0.00246029 0.0222226 0.0176195 0.0437732 0.0826507 7.1207e-05 6.86034e-05 0.0239319 0.000165079 7.27778e-09 0.00406382 0.00226456 0.0326542 0.000538669 0.0539144 4.54809e-12 0.094634 0.609322 0.0095089 0.000136326 
9.24987e-08 0.00387665 0.244851 0.00110522 0.0291893 0.0105308 1.14415e-06 1.02738e-07 2.02486e-07 1.14647e-06 4.26037e-07 0.020764 5.98014e-12 7.18209e-08 5.5765e-06 0.0963191 9.9212e-12 9.16857e-08 0.58689 0.00646169 3.08643e-06 
1.0233e-09 0.00395306 0.0523972 0.00489062 0.148848 0.0887236 5.56382e-05 0.000130483 0.129383 0.00259301 2.76753e-05 0.000723627 9.41954e-09 0.193391 0.00696214 0.000923709 4.38879e-09 0.158727 0.204203 0.00402436 4.22586e-05 
0.000158796 0.139261 0.152167 0.00790738 0.107858 0.0194505 0.0735312 0.0181608 0.0576531 0.000154585 0.0618311 0.0245056 0.00118897 0.0536008 0.112662 0.0088895 2.75284e-09 0.00319425 0.155568 0.00137522 0.000881953 
0.00486297 0.0966563 0.080962 0.00421748 0.109769 0.00859988 0.00399359 0.00557896 0.0146984 0.0434541 0.0012244 0.037519 1.21431e-06 0.0337188 0.0362666 0.0057995 0.000444691 0.0149281 0.493624 0.00297979 0.000701066 
2.14028e-06 0.0993192 0.000832936 0.000958199 0.00386495 6.87373e-05 2.87249e-05 0.000651564 0.223576 0.0322522 0.00535059 0.0174622 9.37898e-08 0.0727369 0.000671126 0.000917143 0.00046804 0.00155268 0.538783 0.000428918 7.48355e-05 
0.00178632 0.124832 0.0711353 0.00855509 0.0655919 0.00216158 0.00102735 0.0052842 0.120476 0.0100229 0.00512551 0.0727912 2.56129e-05 0.115303 0.00510228 0.00756579 0.000191524 0.0440553 0.327241 0.00273769 0.00898887 
0.0136909 0.0414463 0.0864292 0.0124863 0.0165965 0.0165434 0.000286181 0.00488715 0.208069 0.0287014 0.0107413 0.0542774 0.000150799 0.138399 0.00140503 0.0378691 2.8015e-05 0.025034 0.299527 0.00297604 0.000455861 
3.92475e-06 0.00348911 0.293989 0.0175949 0.00589847 0.0165174 1.63306e-06 0.000684148 0.101547 0.0206794 0.000356966 0.00634634 1.25289e-06 0.00283582 1.51822e-05 0.0953219 8.41724e-07 0.000398082 0.432402 0.000109191 0.00180714 
5.06386e-05 0.167511 0.0216775 0.0253758 0.00937947 0.0134918 0.00118668 0.00281637 0.088382 0.0151735 0.00410167 0.141653 0.000241144 0.0694569 0.0241257 0.0401626 4.27954e-05 0.0639773 0.272715 0.0236965 0.0147825 
7.40515e-05 0.0704702 0.00883894 0.0112021 0.014772 0.0054073 0.00253858 0.00555447 0.106269 0.00729503 0.00105888 0.206979 0.0138219 0.100326 0.0163732 0.000441315 0.000222041 0.112231 0.311084 0.00487317 0.000167191 
0.000134091 0.0274137 0.03716 0.0882925 0.0501447 0.00851745 0.00414609 0.000113065 0.0551159 0.000726701 0.000288488 0.169605 0.00046672 0.078483 0.00611667 0.00278191 9.24272e-11 0.170089 0.286689 0.0135282 0.000188226 
0.0283759 0.0329616 0.0592228 0.00676811 0.191172 0.0421355 0.00857147 0.00258294 0.0606815 0.00685043 0.00110938 0.0213851 0.00201744 0.0380407 0.0342323 0.00650147 0.0082323 0.113347 0.315053 0.0202814 0.000476962 
5.16793e-06 0.0430839 0.0048209 0.00198462 0.0252632 0.000773523 0.000130477 0.00507213 0.309702 0.0446086 0.000910573 0.0186213 5.75282e-06 0.0981943 0.00327042 0.0104318 4.68523e-08 0.0130516 0.419242 0.000720286 0.000107036 
1.06132e-08 0.0790186 0.0585854 0.0126669 0.00885761 0.00125454 1.97894e-08 5.67008e-09 0.120194 1.24395e-08 0.000531026 0.123174 1.08446e-05 0.148845 0.0162494 0.038262 3.21002e-12 3.05672e-08 0.390505 0.00165382 0.000191744 
0.000122669 0.0159442 0.00619212 0.00208053 0.0295951 0.143374 4.89319e-06 5.3993e-05 0.118796 0.0450991 0.00204994 0.01157 5.92437e-05 0.0577555 0.0146437 0.0495074 4.50124e-08 0.23771 0.250705 0.0116408 0.00309523 
4.01582e-05 0.023509 0.0183089 0.0117361 0.0448496 0.00303753 0.00117673 3.32972e-05 0.0698957 0.00901199 0.000130738 0.181028 9.17465e-06 0.0288978 0.0123183 0.0123453 0.000238847 0.0100811 0.558126 0.0148041 0.000421421 
5.98663e-06 0.0048243 0.00579227 0.00149866 0.000134978 0.000960376 2.11448e-05 0.000505446 0.0138015 0.000102678 5.15928e-05 0.112143 7.51869e-06 0.0132845 0.000483306 0.0438384 5.51155e-06 0.000782973 0.801352 0.0003587 4.46833e-05 
3.29336e-05 0.0695664 0.00386471 0.00127693 0.0080896 0.000916872 0.000601851 9.11429e-07 0.228957 0.000587537 0.0268181 0.0379765 5.11802e-06 0.0332478 0.00024669 0.00993562 0.00035337 0.00480685 0.568911 0.000433494 0.00337068 
1.08571e-05 0.00789372 0.0132295 0.0147717 0.00795904 0.000749661 3.26435e-05 9.50233e-05 0.0345471 6.05106e-05 4.55147e-05 0.139342 2.54363e-05 0.01866 0.00112917 0.00512983 4.71871e-12 1.27076e-08 0.755956 0.000172515 0.000189518 
0.000147963 0.00427385 0.193842 0.00468967 0.04631 0.00699631 0.0039407 5.97506e-05 0.0798101 4.83285e-05 3.18077e-07 0.00627344 1.13047e-07 0.0171259 0.0456021 0.146713 1.72188e-07 0.016314 0.40942 0.0184325 1.17273e-07 
6.56394e-05 0.0445633 0.0578266 0.150903 0.00455405 0.00222022 3.10902e-08 0.00120036 0.143243 0.0779952 0.00290179 0.0428188 4.24676e-12 0.0341895 0.000111752 0.0172246 1.05428e-08 0.00751529 0.408429 0.00259668 0.00164109 
2.14244e-05 0.0572711 0.00442162 0.00649854 0.0173405 0.00320674 0.00053409 0.00407014 0.0713415 0.00404351 0.00337419 0.321063 1.28288e-06 0.048637 0.0164544 0.00628592 2.05196e-06 0.00070117 0.431019 0.000121946 0.00359142 
2.14028e-06 0.0993192 0.000832936 0.000958199 0.00386495 6.87373e-05 2.87249e-05 0.000651564 0.223576 0.0322522 0.00535059 0.0174622 9.37898e-08 0.0727369 0.000671126 0.000917143 0.00046804 0.00155268 0.538783 0.000428918 7.48355e-05 
0.000196261 0.00466134 0.0435051 0.00770111 0.0535416 0.013889 0.0320734 6.56755e-05 0.0275029 0.00612499 0.000223256 0.0173175 8.30038e-07 0.00663312 0.0385846 0.0133174 0.000183344 0.00242858 0.729145 0.00289968 4.93363e-06 
0.000826948 0.0455889 0.150332 0.0160924 0.0287087 0.0364456 0.00136176 0.00317422 0.175687 0.0102366 0.00912863 0.0207146 0.00313238 0.0430641 0.00759998 0.0159232 0.0312671 0.0113919 0.380304 0.0070687 0.00195141 
3.02774e-05 0.0106207 0.00632081 0.00409283 0.000658774 0.00760321 8.24913e-05 8.91908e-05 0.00511758 0.000956604 2.79236e-05 0.0218061 0.000437852 0.0090801 0.000258683 0.0217479 1.29559e-06 0.0338262 0.87671 0.000430229 0.000101605 
5.89575e-05 0.0692842 0.000867751 0.0113115 0.00398698 0.00605817 7.49015e-05 0.000653565 0.0296491 0.00256168 0.00491511 0.0539683 9.65874e-06 0.0618609 0.00156361 0.0463005 3.6468e-06 9.76904e-05 0.706375 0.000300291 9.81198e-05 
0.0198415 0.00103716 0.00720955 0.000678088 0.404131 0.00569908 0.0101421 1.21057e-05 0.0122805 0.0172003 3.85455e-09 0.018846 1.01195e-05 0.000288179 0.00852521 0.0415433 8.56966e-12 0.00264751 0.438647 0.0108812 0.000380624 
0.00118765 0.057695 0.108717 0.00931479 0.0478261 0.111146 0.00641596 0.00384645 0.23195 0.0165142 0.00306731 0.0217505 0.000164558 0.0738507 0.00708173 0.021988 5.23078e-05 0.023191 0.242969 0.0078926 0.00337802 
5.54781e-06 0.00826888 0.000647496 0.0451176 0.00188604 3.10391e-07 7.53281e-05 0.00229828 0.186526 0.000121366 1.00253e-08 0.0335153 6.19974e-06 0.330564 0.0023376 2.49778e-05 2.98655e-12 0.00170814 0.386853 4.79869e-06 3.87453e-05 
4.02377e-05 0.0304685 0.00202428 0.00854607 0.0150645 0.00068431 0.000290516 0.000340923 0.118251 0.00110377 0.0504952 0.030311 0.000129418 0.0323313 0.037164 0.000552002 1.96754e-10 0.000887597 0.670726 0.000396512 0.000192429 
2.79092e-06 0.126354 0.00581292 0.0128415 0.000736574 1.47454e-07 6.99553e-08 4.57435e-07 0.0662009 1.22791e-07 6.04643e-06 0.0720026 1.37134e-10 0.315223 2.8038e-07 0.00655242 5.87632e-07 0.0248107 0.369455 4.15025e-07 1.2538e-10 
0.00227316 0.0582913 0.0291556 0.0189724 0.0859294 0.0182509 0.00381504 0.000800161 0.110576 0.0255291 0.00516328 0.0400184 2.54567e-05 0.098262 0.00431274 0.0362608 0.000110415 0.0391978 0.407438 0.0104626 0.0051551 
4.26488e-05 0.0525887 0.0307248 0.00349018 0.0855782 0.00637729 0.00128562 0.000916081 0.00551515 0.00204936 0.00566921 0.0320274 1.03339e-06 0.0203108 0.00362744 0.0923841 3.48031e-11 0.00541368 0.649218 0.00236395 0.00041637 
0.0134071 0.0284303 0.0331778 0.00199885 0.147238 0.0043647 0.00142203 0.000108817 0.262988 0.0508112 0.00122869 0.0833945 9.68355e-07 0.0313699 0.0231473 0.0306845 0.000113901 0.00839711 0.267525 0.00866198 0.0015288 
4.32183e-07 0.268269 0.00042027 0.00472166 0.0186884 0.0015902 0.000124922 0.0171028 0.115415 0.0102897 0.0137627 0.0254912 1.20022e-06 0.128268 0.000103099 0.000169024 7.84533e-06 0.00337045 0.3908 0.000151502 0.0012523 
0.00359882 0.00252004 0.229649 0.0032009 0.140072 0.00371066 0.000789457 0.00139105 0.0441979 0.00380752 9.48299e-05 0.00859923 1.08697e-05 0.0428629 0.01991 0.00495014 4.8648e-05 0.00538062 0.484099 0.00107149 3.43245e-05 
0.0168489 0.0454807 0.0809953 0.0217082 0.0928287 0.0701416 0.000387775 0.000536156 0.0735149 0.00113794 0.00168667 0.127898 0.000405627 0.0249059 0.0538765 0.0204998 1.28987e-09 0.0022966 0.248907 0.115574 0.000368894 
2.58173e-05 0.0368287 0.00694326 0.0346052 0.0186853 0.112596 0.00182786 0.000941143 0.0093695 0.101842 5.97436e-05 0.191149 4.24869e-05 0.0504553 0.00444258 0.00356733 1.34576e-06 0.0632346 0.360567 0.00260886 0.000207469 
8.99136e-05 0.00639266 0.00986396 0.00162664 0.0209525 0.157832 4.5192e-10 1.31185e-05 0.144372 0.0100629 1.6007e-05 0.00394048 1.93271e-06 0.150919 0.00687972 0.00278582 4.35924e-12 0.154682 0.325194 0.00211016 0.0022653 
0.00609645 2.88681e-07 0.0324064 0.00136262 0.324664 0.0140092 9.41215e-06 5.54478e-05 0.0527503 0.000521165 2.03946e-07 0.0131209 1.93709e-05 0.0112003 0.01593 0.018883 2.0528e-11 0.00378835 0.502304 0.00287892 2.65926e-07 
6.2246e-06 0.0181808 0.00684793 0.00900265 0.006945 0.131971 1.41878e-07 2.99531e-05 0.206832 0.0374979 0.000268217 0.0187832 2.73241e-10 0.115216 0.00400977 0.00177733 2.76024e-10 0.00793473 0.412138 0.0225583 1.88416e-06 
0.00335766 0.036556 0.0952981 0.0134495 0.0647273 0.0313335 0.00143593 0.00112367 0.218337 0.0192155 0.00510115 0.0377037 1.42382e-05 0.08166 0.00738122 0.0971972 0.00049999 0.0303032 0.245382 0.00566676 0.0042568 
0.0491059 0.0117323 0.0653977 0.0169551 0.0462939 0.0275144 0.0665581 0.000163176 0.0836225 0.000333151 0.000404425 0.0688537 0.000662403 0.11681 0.117783 0.00343105 3.75775e-09 0.130482 0.189524 0.00432685 4.6995e-05 
0.000159647 0.120257 0.0166912 0.0359856 0.0348318 0.0259458 7.88841e-05 0.00555669 0.0408901 0.0188005 0.000714283 0.0583883 3.86585e-05 0.238641 0.00430756 0.00309495 1.18017e-06 0.141488 0.247909 0.00572077 0.000499091 
0.071519 0.018233 0.179027 0.00296045 0.123915 0.0140516 0.00436443 0.000351596 0.0583528 0.00410776 4.40953e-07 0.00518589 2.04215e-09 0.0551755 0.0145902 0.014478 1.65221e-10 0.197588 0.224314 0.0117574 2.79373e-05 
3.04862e-06 0.0105489 0.00556749 0.0012366 0.0214057 0.0394808 1.42047e-06 0.00275717 0.217843 0.00572862 0.00219736 0.006294 2.02048e-09 0.012595 0.0018225 0.0082061 6.96107e-10 0.000147099 0.664095 7.02094e-05 4.18515e-08 
5.53581e-05 0.0686079 0.00587638 0.0020576 0.0195044 0.0106425 0.015236 2.86819e-05 0.0435445 0.00168419 0.00286525 0.0423731 0.000242994 0.0462503 0.00438982 0.0089743 1.27773e-10 0.0272766 0.699795 0.000553052 4.22744e-05 
0.00119223 0.0269858 0.0183533 0.00470503 0.149048 0.00619142 0.0168888 0.00536951 0.0208835 0.0124569 0.00235685 0.311708 0.000518011 0.005791 0.0248014 0.0118164 4.63916e-08 0.0177015 0.359218 0.00335221 0.000662151 
3.46302e-05 0.0510441 0.0625162 0.0116597 0.0628777 0.00718074 0.0025957 0.000129196 0.061673 0.00129779 0.00370409 0.0421303 3.21834e-05 0.048346 0.00213369 0.0589226 4.34022e-06 0.014313 0.56769 0.00100195 0.000713211 
0.0131006 0.0132266 0.118715 0.00651433 0.190731 0.00960321 0.000232714 0.00157538 0.0618802 0.0061421 0.000153025 0.0176806 7.41688e-06 0.0160055 0.017521 0.0038632 3.45821e-09 0.0143165 0.503361 0.00515289 0.000217291 
5.05219e-08 1.08988e-06 0.0985085 0.021916 0.0702947 0.0119022 1.05118e-06 0.000286324 0.118477 1.05084e-07 0.00367163 0.303104 1.81628e-07 0.0400316 9.62454e-07 0.0109646 4.30404e-11 7.75639e-08 0.319907 0.00093262 3.15491e-07 
3.76521e-06 0.0416839 0.134352 0.00199387 0.00244391 0.00882035 0.0294122 0.000496849 0.217638 0.000238484 0.0374616 0.0106049 4.12294e-05 0.229296 0.00776516 0.000890058 5.99386e-07 0.00400729 0.269331 0.00250921 0.00101016 
3.99283e-05 0.00135255 0.00215006 0.000246306 0.0499564 0.000899946 1.65862e-06 2.1089e-08 0.00584249 0.00037189 4.47372e-06 0.00114713 1.43793e-06 2.94027e-05 0.000188287 0.0870484 2.19047e-12 4.09171e-05 0.850469 1.03514e-08 0.000209388 
3.94839e-07 3.94925e-07 0.0677609 0.00840956 0.00833231 3.94854e-07 0.0306847 3.94672e-07 0.0984517 0.240997 0.005526 0.105831 3.94529e-07 0.0402024 0.00232948 0.0311895 3.94243e-07 0.012122 0.287858 0.0552133 0.00509026 
1.33539e-05 0.00284851 0.0435152 0.00184455 0.0271375 0.00466106 0.000645165 1.4326e-05 0.00369147 7.90798e-05 0.000108497 0.0120515 0.000110752 0.00389013 6.69228e-05 0.0791397 1.62043e-08 0.00245959 0.817363 0.000268357 9.12628e-05 
7.30583e-05 0.0729013 0.0041503 0.00936966 0.00484876 0.000576427 0.059318 0.000728324 0.177948 0.0354962 0.00126349 0.0457984 1.3868e-05 0.0945674 0.00188764 0.000814458 0.000492166 0.00146146 0.488077 0.000139439 7.55765e-05 
3.93942e-10 0.0359453 0.00425733 0.0114055 0.0854869 0.00862974 3.73491e-07 4.00003e-05 0.157555 0.000455805 3.01555e-06 0.0503771 1.43647e-09 0.0957313 0.00261666 5.32189e-08 2.38313e-09 0.0346107 0.277541 0.235342 2.153e-06 
5.57246e-09 0.0549457 0.00105592 0.00195894 0.00151139 1.68083e-05 0.00313168 0.000312501 0.123754 0.00420863 0.00543466 0.0477307 2.28831e-08 0.0505105 0.000778994 0.000270093 2.44514e-06 3.1275e-08 0.70433 4.68592e-05 1.51052e-08 
0.00221771 0.00548286 0.00851322 0.00453196 0.0100328 0.345321 7.59332e-05 0.00258248 0.0142791 0.00446398 0.000244748 0.0196815 2.9438e-07 0.14962 0.00104192 0.0069756 0.00145629 0.0215828 0.396985 0.00396525 0.000944782 
0.020916 0.0015957 0.0162207 0.00179897 0.398489 0.000559587 0.0641036 7.25453e-07 0.00741656 2.93595e-06 0.00197908 0.00715019 3.44731e-06 0.00455043 0.0520638 0.0145199 5.18229e-08 0.000810716 0.407738 8.01212e-05 2.85595e-08 
0.000192196 0.036834 0.00229244 0.00712269 0.029358 0.00132186 0.0528011 0.000627313 0.0178535 0.0141823 0.000470987 0.277337 3.18734e-05 0.123778 0.00944295 0.00122209 7.64546e-07 0.0310596 0.393026 0.000913892 0.000131558 
0.120844 0.0123805 0.0423203 0.00203676 0.163529 0.00587765 0.0400912 8.97386e-05 0.0264617 0.0592441 1.61766e-06 0.0677231 0.00100135 0.00651572 0.138835 0.0167247 4.84544e-08 0.0208952 0.260231 0.0117759 0.00342102 
3.74664e-05 0.0388391 0.0126648 0.0135477 0.0669746 0.0315979 1.84818e-05 0.000152754 0.240169 0.0207129 0.00174097 0.0176725 4.69299e-06 0.209168 0.00167198 0.00233502 1.11484e-07 0.0121225 0.328658 0.00115692 0.000754724 
2.11004e-05 0.003874 0.00641706 0.00432677 0.0227981 0.000332298 4.70868e-06 7.61565e-05 0.186118 0.00109645 4.46907e-06 0.0715811 2.36865e-05 0.097551 0.0650917 0.0372656 0.00453455 0.207547 0.286842 0.00202277 0.00247182 
1.31584e-05 0.0346146 0.00461836 0.00518702 0.00359187 0.00688913 2.75124e-05 0.000567223 0.172844 0.0294153 0.000165514 0.0148063 3.61397e-06 0.0686303 0.00848631 0.000126241 1.34985e-05 0.175743 0.471035 0.00183995 0.00138219 
0.000354879 0.0827104 0.0178448 0.0250661 0.0269251 0.0237209 0.00380959 0.000739715 0.0247603 0.0211887 0.000793808 0.0976239 0.00978092 0.0530786 0.00915926 0.0264782 0.00138498 0.181416 0.389426 0.00355861 0.000178708 
0.00496012 0.0425793 0.0120211 0.0126475 0.0393072 0.00218769 0.0819198 0.000947191 0.0951304 0.0270846 0.0045489 0.128452 0.00558157 0.100355 0.00571934 0.00685455 2.94936e-06 0.0278362 0.397171 0.000663606 0.0040302 
0.00047683 0.0192768 0.0325678 0.0281625 0.0444916 0.00142201 0.00183728 7.68836e-05 0.195787 0.00755177 0.00016711 0.0503723 4.19934e-05 0.18246 0.0300409 0.102903 5.00326e-08 0.0213813 0.280633 0.00018609 0.000163835 
0.0115074 0.0081257 0.0673447 0.0109732 0.0952496 0.0181859 0.00019462 0.000204305 0.174035 0.000294647 0.00210992 0.0378149 1.68002e-05 0.0687186 0.00267003 0.0136095 0.000875551 0.0216755 0.460594 0.00571984 7.99484e-05 
0.000174906 0.0126645 0.0129777 0.116979 0.0195726 0.013535 1.70171e-05 5.66582e-05 0.12334 0.0108664 0.000910423 0.0445365 4.13861e-05 0.0714397 0.00135065 0.241813 2.34691e-06 0.0158873 0.312884 0.000830253 0.000120601 
0.00142765 0.0209461 0.0205161 0.0020039 0.0391847 0.00461243 0.000180368 0.00363762 0.115649 0.0202887 0.00114651 0.00759556 2.85588e-06 0.056017 0.00486344 0.0174088 0.00022843 0.0087291 0.670223 0.0051436 0.00019548 
1.78267e-11 0.033154 1.45161e-06 0.0609717 1.42225e-07 4.01673e-07 8.41453e-11 4.3283e-11 1.03775e-06 2.39771e-07 4.10179e-11 0.00913477 6.50033e-11 0.0239315 0.00432144 0.0299773 1.07842e-10 0.0391168 0.797726 0.00166293 5.94315e-11 
3.63516e-13 0.136155 0.0197452 0.0321807 0.00746067 0.00862801 1.71586e-12 0.0599498 0.0702921 0.00325649 0.0177942 0.0236277 8.48619e-10 0.0404812 0.000463644 0.0197095 2.36231e-06 0.000228301 0.556922 0.00271142 0.000391044 
1.53353e-05 0.0357114 0.00954026 0.00311921 0.00837607 0.00108845 9.6812e-09 0.00177045 0.273803 0.0142873 0.000347478 0.00590568 4.132e-06 0.0659502 0.000705139 0.00114226 3.61921e-08 0.0406676 0.536207 0.0012855 7.26411e-05 
8.57305e-05 0.0452873 0.0021829 0.0054659 0.0218043 0.00655215 0.00718951 0.000395398 0.00961004 0.00149703 0.000186916 0.223974 0.000649449 0.0198333 0.00510299 0.025294 8.83267e-10 0.0162606 0.605256 0.0029216 0.000451599 
2.14028e-06 0.0993192 0.000832936 0.000958199 0.00386495 6.87373e-05 2.87249e-05 0.000651564 0.223576 0.0322522 0.00535059 0.0174622 9.37898e-08 0.0727369 0.000671126 0.000917143 0.00046804 0.00155268 0.538783 0.000428918 7.48355e-05 
7.38516e-06 0.00662128 0.0174104 0.0166634 0.0801008 0.0115572 4.88471e-06 2.42738e-05 0.00813612 8.19838e-05 0.00077934 0.0463948 1.0774e-05 0.0879297 0.00092517 0.00924377 3.91493e-05 0.0195559 0.694413 8.63762e-05 1.39495e-05 
0.0685421 0.0223267 0.107617 0.00657011 0.198069 0.0275098 0.019174 0.00199577 0.123656 0.000945928 0.00290055 0.0300918 5.19994e-05 0.0841656 0.0254105 0.0194973 5.55238e-11 0.00251146 0.248361 0.0105713 3.20281e-05 
0.000168637 0.152023 0.001415 0.00918033 0.00584594 0.00136532 0.000254445 3.89354e-05 0.159183 0.138627 0.00485427 0.0619536 3.29582e-05 0.110047 0.00399273 0.00140261 8.79361e-06 0.0545852 0.294262 0.000153697 0.000605962 
8.26008e-05 0.0363316 0.0175294 0.00726575 0.156279 0.00414567 0.00145241 0.00053271 0.13561 0.00138573 0.0162542 0.0459248 5.00224e-06 0.0392378 0.00206279 0.22532 6.0735e-08 0.00560871 0.301582 0.00187881 0.00151163 
5.19712e-06 0.107612 0.044402 0.0463139 0.00216685 0.0200064 1.27182e-08 1.02237e-05 0.166729 0.000392996 0.00136444 0.0627925 1.41117e-06 0.235894 0.0016042 0.00288813 8.67355e-12 0.000742774 0.305662 0.00126018 0.000152054 
3.77264e-07 0.00797114 0.0050585 0.000409877 0.0129105 0.000123175 9.64247e-05 0.00250155 0.0337656 0.000438655 5.2429e-05 0.0908328 1.51705e-08 0.0615761 0.00118669 0.000199879 0.0948466 4.16072e-09 0.687389 0.000640503 1.38701e-08 
0.000646918 0.0704718 0.0334703 0.0209703 0.052014 0.0119973 0.0118009 0.00422642 0.202986 0.0155719 0.00923299 0.0498425 0.000207691 0.222716 0.0150252 0.0047108 2.04244e-07 0.0263387 0.245555 0.00176917 0.000445304 
5.32509e-05 0.0209165 0.0126035 0.00594126 0.0138128 0.0195636 0.000105619 0.000148312 0.0177612 0.00217516 0.00111042 0.0701583 5.4825e-06 0.0375116 0.0106711 0.0619477 6.93808e-10 0.0291701 0.69047 0.00566599 0.000207917 
0.0399461 0.0268898 0.0472532 0.00511716 0.110488 0.0187161 0.000280472 5.00104e-05 0.179211 0.00029157 4.77461e-05 0.00919625 2.62397e-08 0.073448 0.00238428 0.006942 5.03877e-11 0.0548503 0.421909 0.00276141 0.000217195 
0.00043692 0.0263783 0.0361558 0.0210042 0.0922782 0.00428784 0.0132646 4.09991e-05 0.00978942 0.0274007 0.00214047 0.0960893 0.000273051 0.0112431 0.0450597 0.0490844 1.45341e-05 0.0100488 0.54089 0.0134504 0.000669912 
1.76993e-05 0.0619191 0.0471295 0.00708798 0.00697769 0.00337336 0.00161625 0.00148594 0.21428 0.0434288 0.00892199 0.030264 9.57117e-05 0.104443 0.00087149 0.00397922 2.31377e-10 0.0491236 0.414263 0.000560763 0.000161344 
1.24876e-05 0.0367324 0.0113816 0.0370907 0.0250473 0.00520034 0.000859617 0.00211823 0.227954 0.00807076 0.000353374 0.0106414 2.07803e-05 0.0563187 0.000538305 0.0447627 2.5918e-11 0.107275 0.423742 0.00131488 0.000565959 
0.0464229 0.0512985 0.0401653 0.00295727 0.20358 0.0994423 0.00107875 0.000102632 0.0227666 0.0129442 0.000259345 0.0274125 3.61473e-05 0.0123071 0.00702275 0.0408133 1.29844e-06 0.0116357 0.384149 0.0307375 0.00486738 
0.000390287 0.0236922 0.0773257 0.0255788 0.0873473 0.011043 0.000322261 0.00118816 0.0472331 0.000118605 0.00142038 0.167028 0.000349674 0.130202 0.0104866 0.00358019 1.12179e-07 0.0153176 0.395581 0.000279324 0.00151518 
0.0191667 0.00425271 0.00915211 0.0365588 0.13318 0.00654912 0.00251668 0.00374664 0.127936 0.00873025 0.000112021 0.0203478 5.83579e-05 0.0532534 0.0104175 0.00224543 1.39168e-11 0.1205 0.440103 0.000932601 0.000241027 
0.000205464 0.0169341 0.0137728 0.0123736 0.0647423 0.0239876 0.0022281 0.000211302 0.0964852 0.00228558 0.000497447 0.201396 5.28345e-05 0.0482282 0.00717491 0.00162429 2.29009e-06 0.11008 0.389955 0.00681185 0.00095117 
0.00496012 0.0425793 0.0120211 0.0126475 0.0393072 0.00218769 0.0819198 0.000947191 0.0951304 0.0270846 0.0045489 0.128452 0.00558157 0.100355 0.00571934 0.00685455 2.94936e-06 0.0278362 0.397171 0.000663606 0.0040302 
5.41073e-05 0.0956389 0.00980655 0.0266467 0.0353643 0.0053462 0.00161196 0.00327456 0.130642 0.0216042 0.000829435 0.278993 0.000331151 0.0340363 0.0215464 0.0236461 1.72955e-06 0.0074827 0.292297 0.0099449 0.000902985 
5.32509e-05 0.0209165 0.0126035 0.00594126 0.0138128 0.0195636 0.000105619 0.000148312 0.0177612 0.00217516 0.00111042 0.0701583 5.4825e-06 0.0375116 0.0106711 0.0619477 6.93808e-10 0.0291701 0.69047 0.00566599 0.000207917 
0.00926341 0.0745128 0.124441 0.0120618 0.0241654 0.0756549 0.00154073 0.00367572 0.0818587 0.00320219 0.00774028 0.0701779 4.88378e-05 0.188564 0.0082732 0.0191053 0.0073098 0.0356839 0.248862 0.00115995 0.00269825 
1.73064e-05 0.128227 0.00520896 0.00681385 0.00131609 0.00731728 0.0212713 0.0530853 0.104377 0.000656049 0.00254505 0.193805 4.76843e-05 0.13767 0.00231593 0.000387296 0.00100741 0.0150924 0.3173 0.00121452 0.000324782 
3.75611e-06 0.0223435 0.000957354 0.00186899 0.0076107 0.000178301 3.02023e-05 0.00189714 0.317099 0.00717151 0.00401636 0.0144312 1.97877e-06 0.0635859 0.00082359 0.00110895 1.80491e-08 0.012194 0.54119 0.00327145 0.000215806 
0.000148669 0.0577038 0.0601 0.0140784 0.0243453 0.0211925 0.0593923 0.000192767 0.187615 0.0698009 0.0168871 0.0422007 7.49663e-06 0.119443 0.00045447 0.0147391 0.000700086 0.0818304 0.205033 0.0234963 0.000639532 
0.000206218 0.147775 0.0196502 0.0097203 0.0190324 0.00125536 0.00805498 0.000986058 0.135481 0.0670455 0.0013832 0.116349 6.77638e-05 0.107504 0.0298055 0.0072196 0.00238381 0.0669568 0.255846 0.000162944 0.00311492 
0.0234518 0.0433876 0.0319333 0.0114887 0.11426 0.00150198 0.0395284 6.8556e-05 0.0461716 0.0496311 0.000360219 0.181843 0.000147443 0.00968328 0.0636822 0.0200054 0.00191114 0.00140821 0.352021 0.00751011 5.32217e-06 
3.62539e-05 0.0737931 0.0357884 0.0660267 0.0195412 0.00721055 0.000517849 0.000352473 0.20075 0.113307 0.00785717 0.0436398 1.0958e-06 0.177911 0.00388375 0.0179865 1.26887e-05 0.00713506 0.205658 0.0171963 0.00139473 
0.0077485 0.0320822 0.0533066 0.013793 0.0586372 0.0181073 5.36925e-05 0.00177034 0.216699 0.037899 9.02267e-05 0.0149166 4.49407e-07 0.0977664 0.00729405 0.00412709 3.83117e-09 0.01585 0.416128 0.00248998 0.00124082 
0.0127276 0.0638939 0.0192436 0.00694914 0.0939555 0.00226757 0.0476468 0.0143303 0.00700904 0.00786109 0.00239078 0.194796 3.30121e-05 0.20437 0.0309241 0.00232787 3.87375e-11 0.0493655 0.237443 0.00236923 9.58736e-05 
7.00151e-06 0.0563046 0.000329485 0.00147536 0.000761165 3.19544e-06 0.104092 0.00381989 0.0852508 0.00142129 0.00152272 0.0382718 1.34415e-07 0.0498149 0.0010252 0.00101507 1.16183e-06 0.000127302 0.654695 1.18943e-05 5.06547e-05 
0.000124509 0.0213695 0.00158801 0.0100752 0.0154275 0.000806966 0.00101406 0.000277992 0.014599 0.0484909 0.000743944 0.166217 2.88516e-05 0.0195649 0.0125382 0.0029274 1.43077e-11 0.0175113 0.665913 0.000285842 0.000496225 
0.0129987 0.0363737 0.13826 0.00673569 0.0697127 0.0168828 0.00022519 0.0043249 0.058046 0.00806641 0.000756387 0.00452079 2.77005e-07 0.0579614 0.0388516 0.105465 1.4161e-06 0.0039591 0.431573 0.00429251 0.000991656 
0.00100548 0.0171167 0.0962659 0.00377302 0.202358 0.00798268 0.0859975 0.000124437 0.0488697 0.023012 0.00253777 0.0878157 0.000220023 0.0916836 0.0288472 0.0102059 0.00322137 0.0114976 0.270462 0.00637193 0.000631962 
0.000558712 0.0418998 0.0124889 0.00491463 0.0103613 0.0724039 0.0159301 2.45972e-05 0.0180374 0.0110159 0.000436092 0.200301 0.0428861 0.0833623 0.00266057 0.0012472 1.38333e-06 0.150839 0.328746 0.00184757 3.78446e-05 
0.00210674 0.000638666 0.0234216 0.000543948 0.138277 0.00221436 3.27909e-05 7.78904e-06 0.0178724 9.70736e-05 2.82538e-05 0.000711614 1.17618e-07 0.00225452 0.00551588 0.0639027 3.52979e-12 0.00198004 0.739743 0.0005753 7.56954e-05 
2.08603e-05 0.0340877 0.00047352 0.00328339 0.00162231 0.000741202 0.000104004 7.70469e-06 0.0946447 0.0145195 9.88078e-05 0.0241123 6.08066e-06 0.109464 0.00240115 2.55487e-06 2.85573e-07 0.0854856 0.627838 0.00108077 5.72166e-06 
1.47643e-05 0.0477669 0.00664907 0.0029992 0.0121372 0.000611326 0.000605697 0.000851334 0.209498 0.0228599 0.00246856 0.031493 1.43242e-05 0.0439979 0.00193995 0.00163389 3.03756e-05 0.0271177 0.585819 0.00112715 0.000364139 
0.000252131 0.0695714 0.0246945 0.0221389 0.0864455 0.00292208 0.00282661 0.00303573 0.100691 0.00222225 0.000781097 0.0195097 6.29987e-05 0.0633828 0.00989739 0.0199501 2.42278e-05 0.0413952 0.528949 0.000860565 0.000386334 
0.00121157 1.60495e-08 0.0396223 0.00202903 0.191537 0.00251428 8.29045e-05 1.05309e-05 0.0284393 1.63305e-05 8.04414e-12 2.04432e-12 1.2748e-11 0.0045438 0.00419338 0.0204397 2.11492e-11 0.00163842 0.703496 0.000225093 1.16553e-11 
3.0805e-06 6.1343e-05 0.0551957 0.00186241 0.321566 0.00111382 2.66992e-07 1.90402e-08 0.0606161 1.76596e-06 1.04484e-08 6.49496e-13 4.05014e-12 0.00255891 0.0134921 0.00299459 6.71928e-12 0.00350768 0.537026 2.7086e-07 3.70298e-12 
0.000263359 0.0275411 0.00983971 0.00354877 0.0603197 0.0149488 0.00568718 0.000277019 0.022105 0.00112509 0.000449025 0.11145 0.0215547 0.0219457 0.00171263 0.0141106 6.69486e-07 0.024982 0.651382 0.00670667 5.06451e-05 
0.0110965 0.0765425 0.0725892 0.0459126 0.0374761 0.0246808 0.00233372 0.00434366 0.113466 0.0187415 0.00275974 0.110997 0.00161861 0.183548 0.0290086 0.0108347 9.76404e-06 0.0212997 0.223443 0.00570681 0.00359228 
1.665e-06 0.00885001 0.18183 0.13751 0.00326733 0.000643366 6.01214e-09 0.00377031 0.180028 0.000270203 0.000708845 7.07115e-06 5.87138e-06 0.0185166 0.00876496 0.000214062 7.70526e-09 0.00834233 0.447248 7.97431e-06 1.30506e-05 
4.31996e-06 0.0507793 0.0222976 0.00149062 0.0243038 0.000787303 0.000178746 0.00419856 0.0741743 0.0470954 0.000920215 0.00445579 7.45996e-07 0.136229 0.00269073 0.0336329 5.60208e-08 0.000350599 0.594261 0.00203378 0.000115469 
3.03592e-05 0.0614959 0.00301285 0.00314955 0.000562653 0.000525183 0.00223196 0.00165023 0.06324 0.0111144 0.030024 0.242556 2.03457e-05 0.17845 0.00253438 7.88534e-05 4.95932e-08 0.000769549 0.398344 3.38327e-05 0.000176278 
0.000567281 0.0408031 0.0129477 0.00789358 0.119932 0.0093749 0.000447458 0.00604078 0.120072 0.0106669 0.00567634 0.0874995 2.22131e-05 0.0332253 0.00553664 0.00744055 7.26515e-06 0.157335 0.373027 0.00105596 0.000428628 
0.000918083 0.0233634 0.112071 0.00846922 0.176922 0.0139568 0.00994477 0.00942214 0.0686469 0.0218709 0.00103502 0.0883651 1.94782e-05 0.15041 0.0139057 0.0441476 0.000108742 0.0548035 0.18491 0.0164825 0.000226572 
0.000449055 0.0893244 0.0192924 0.00418642 0.266693 0.011501 2.58386e-05 0.00218767 0.030919 0.0459662 0.000630943 0.0478977 4.53008e-06 0.0103179 0.0153719 0.0164215 9.87899e-07 0.0119408 0.423784 0.00299167 9.32496e-05 
4.37184e-05 0.00210765 0.044599 0.00128086 0.0369461 0.0703738 0.00189344 6.61233e-05 0.0330936 0.0179256 0.000113377 0.0127058 2.03312e-05 0.02327 0.0121893 0.00794314 1.24949e-05 0.0577689 0.673459 0.000766278 0.00342186 
2.36775e-05 0.0468229 0.00466686 0.009694 0.00874595 0.00331944 0.000301226 0.000455097 0.178754 0.0101502 0.00361179 0.0164112 5.83054e-05 0.124207 0.000588821 0.0077317 6.60324e-05 0.025561 0.5566 0.00170545 0.000525295 
0.000117036 0.0853877 0.0245645 0.00928004 0.019752 0.0403407 2.73586e-05 0.000521173 0.233977 0.0116467 0.00442059 0.0692921 4.50613e-05 0.0674075 0.00312011 0.00827761 7.00088e-06 0.0919456 0.286323 0.00313909 0.0404082 
0.00325078 0.0371453 0.0195374 0.00151513 0.138294 0.000885064 0.0036796 0.000964456 0.0755719 0.107626 0.00333307 0.0155021 1.17585e-05 0.0107312 0.0229807 0.0395413 1.03324e-08 0.0090394 0.508697 0.000272284 0.00142205 
1.48838e-05 0.0559826 0.00734294 0.0385377 0.0184841 0.0314384 0.000130069 0.00135269 0.0937075 0.00513358 5.91783e-05 0.0963166 0.00691192 0.0451084 0.00312178 0.000551547 1.10037e-11 0.28899 0.303554 0.00277512 0.000487481 
6.44638e-05 0.0771503 0.00194542 0.0032584 0.00561328 0.00366871 0.000676688 0.00156309 0.270853 0.129854 0.000465803 0.0173939 3.12998e-05 0.10142 0.00308663 0.0100746 2.06762e-11 0.0672561 0.305192 5.99774e-05 0.00037194 
0.000274277 0.0447249 0.00433692 0.00306815 0.0500486 0.000197534 0.0507224 0.000789099 0.0364241 0.00834826 0.000396674 0.270344 0.052426 0.0472017 0.0388344 0.00458627 2.18172e-10 0.00780706 0.330931 0.000162136 0.0483767 
0.023949 0.0229893 0.00865141 0.0087757 0.112227 0.00652171 0.0133542 0.000658284 0.0900689 0.0516709 0.000320494 0.132251 4.58869e-05 0.0208887 0.0180979 0.0201288 9.8188e-09 0.0111221 0.452228 0.00488267 0.00116863 
1.39147e-05 0.00392173 0.0275228 0.0019716 0.0136388 0.179352 2.93764e-07 4.0358e-06 0.141047 0.00020612 0.00075574 0.00932901 1.40863e-06 0.183898 6.02347e-05 0.0358718 6.33522e-09 0.000337 0.385684 0.0163753 1.00067e-05 
0.000210164 0.0110618 0.0670347 0.0029498 0.0469559 0.0090983 0.000343227 9.71767e-05 0.0585259 0.0365188 0.00089117 0.104369 3.37779e-07 0.00353391 0.00120091 0.137613 4.8727e-07 0.022141 0.387223 0.11018 5.18233e-05 
4.2468e-06 0.125779 0.0205248 0.0273162 0.00806701 0.0167306 0.00175096 0.000641178 0.0291707 0.00080956 0.00219584 0.0480819 9.77368e-05 0.0509139 0.017559 0.00101385 1.66534e-06 0.012896 0.627715 0.00871998 1.16009e-05 
0.00262769 0.198004 0.0378587 0.0202835 0.107406 0.0374134 0.00785486 0.00632813 0.0255246 0.0764951 0.000269144 0.128809 0.000997285 0.0498597 0.0337402 0.00213853 0.000102354 0.0166322 0.208614 0.0381596 0.000882359 
1.22089e-08 0.000948719 0.175355 0.012605 0.0256419 0.0903941 2.84422e-08 7.65499e-12 0.13499 1.82262e-08 2.6406e-08 1.84361e-12 1.14964e-11 0.00995151 8.69419e-05 0.055163 1.90728e-11 0.0134384 0.475214 0.00377251 0.00243898 
0.00329956 0.0540437 0.15225 0.00561874 0.0570696 0.0169526 0.0159009 0.00118885 0.0736798 0.0403806 0.00176998 0.0467092 2.45274e-05 0.141215 0.00836182 0.0384329 8.70773e-05 0.0157415 0.319322 0.00249025 0.00546195 
0.0198334 0.0145252 0.022575 0.0133381 0.161052 0.013761 0.000254622 7.11886e-05 0.0599311 0.00394497 3.4199e-05 0.0283982 8.35792e-05 0.0652823 0.000973055 0.00438802 2.6202e-11 0.0661688 0.518635 0.00653242 0.000218426 
0.000143362 0.0675133 0.0353039 0.0106588 0.00364088 0.00594584 0.0255972 0.000573353 0.135116 0.0386343 0.000496165 0.257817 0.000156023 0.0279827 0.031161 0.009129 2.23241e-06 0.00774931 0.341826 0.000548232 4.54019e-06 
3.4103e-05 0.0159822 0.0233081 0.00313892 0.0798931 0.0227792 0.0001679 0.00125737 0.0205357 0.0850223 0.0020799 0.00492198 7.16852e-06 0.050583 0.00736517 0.0112941 2.41383e-06 0.0220336 0.639592 0.00985875 0.000142643 
1.52363e-05 0.155767 0.00743862 0.0146755 0.006105 0.000310178 8.54022e-06 0.010195 0.108069 0.00303115 0.0292813 0.197505 1.56517e-08 0.0707446 0.00398253 0.00252127 0.000110407 0.00306919 0.377226 0.00929082 0.000654559 
0.0018853 0.0328597 0.0506877 0.00731581 0.091642 0.0326326 0.00105811 0.000242366 0.0798726 0.02264 0.00234631 0.0705828 9.45992e-08 0.0165346 0.0159628 0.188057 2.13537e-08 0.00564002 0.349671 0.0214748 0.00889453 
0.000221582 0.101179 0.0372085 0.0112878 0.0801379 0.00806822 0.00101024 0.000203684 0.0916182 0.0264337 0.00603661 0.119481 0.000863583 0.138214 0.05043 0.0163023 5.14118e-08 0.0484002 0.259961 0.00241006 0.000533319 
0.000132626 0.0943209 0.0174533 0.035177 0.00764178 0.00340938 0.00872263 0.000371344 0.108719 0.031647 0.00526399 0.178913 8.52533e-06 0.174214 0.0853754 0.00673783 7.41259e-05 0.00690768 0.224939 0.00722669 0.00274527 
1.37018e-05 0.0040813 0.0376769 0.00473249 0.0047637 0.00203297 0.000755339 0.00260965 0.230199 0.00280634 0.000142478 0.0172624 7.04283e-07 0.0763164 0.00374457 0.0241769 3.56946e-09 0.00321888 0.584687 0.000721842 5.73029e-05 
2.34759e-07 0.0540208 0.0110585 0.00190265 0.000792866 4.27648e-05 5.78574e-06 0.00295626 0.0463003 0.000342333 0.0539813 0.0182027 1.02481e-06 0.0639716 5.37623e-05 0.00636811 1.64852e-09 9.41622e-05 0.739858 4.68599e-05 3.74497e-08 
0.0642599 0.0158792 0.0734905 0.00621834 0.129186 0.101919 0.000361857 9.03494e-05 0.010909 0.0212469 0.000792373 0.0397544 0.000151347 0.152013 0.0786519 0.0127158 0.000441558 0.0941872 0.179366 0.0172109 0.00115482 
0.0193508 0.0422915 0.00595713 0.00230874 0.0517342 0.0089425 0.000105133 3.9479e-05 0.329861 0.0100493 0.00418045 0.0174762 5.36656e-05 0.0779724 0.014608 0.00104982 1.28607e-05 0.0407242 0.336794 0.00331055 0.0331784 
3.83754e-05 0.0163138 0.00340867 0.283569 0.00770993 0.000479737 0.000230281 0.000977889 0.136158 4.38731e-05 1.42745e-05 0.0814206 6.35642e-05 0.139179 0.00210986 0.000113195 3.04663e-10 0.00324188 0.319014 0.00582696 8.68042e-05 
1.63966e-05 0.0186076 0.0053437 0.0025938 0.00590239 0.00125036 0.00253642 0.000923992 0.14373 0.0109501 0.000869513 0.0606356 0.000190408 0.0900741 0.00551125 0.00148086 2.42259e-08 0.0232204 0.624487 0.000984026 0.000692035 
0.0415245 0.000132152 0.0367199 0.000732136 0.126676 0.00156311 0.000109158 6.54186e-07 0.0370841 3.27554e-06 7.11443e-07 2.98679e-08 1.08558e-08 0.00163401 0.00516215 0.0204783 2.56259e-07 0.000823165 0.727109 0.000247385 2.65357e-11 
1.14419e-05 0.0413069 0.0207589 0.00270817 0.114447 0.00161566 3.14453e-05 0.00321626 0.0262334 0.0147802 0.0051957 0.126934 1.26032e-06 0.0521175 0.0162224 0.0340179 5.11728e-08 0.00595259 0.530015 0.00387526 0.000559788 
3.48219e-05 0.0627029 0.0168681 0.0197541 0.0175794 0.0458457 0.00019358 1.07984e-11 0.0606382 0.0238303 0.00118548 0.0820777 4.68055e-08 0.170935 0.0009414 0.00632884 1.01237e-07 0.164078 0.324929 0.00207705 4.95038e-08 
0.0154123 0.0362584 0.015424 0.00410472 0.0780824 0.0143204 0.00369366 0.00187326 0.0969988 0.0447077 0.000366664 0.03824 3.69786e-05 0.118818 0.00540779 0.00478524 1.23948e-07 0.0400732 0.471634 0.00835183 0.00141064 
4.09985e-05 0.049186 0.023032 0.030464 0.0327788 0.00234897 8.00581e-05 0.000116458 0.115343 0.00938838 2.85546e-05 0.20036 0.000826756 0.0390269 0.00390282 0.000553276 8.65346e-12 0.0280918 0.462612 0.00166337 0.000155452 
0.000217178 0.0716305 0.0268283 0.00603509 0.00376702 0.00157522 0.0466023 5.05265e-05 0.0557048 0.0489308 5.98492e-05 0.142393 3.17748e-05 0.0518038 0.0283853 0.000127946 2.84024e-09 0.0953803 0.413854 0.00522031 0.00140127 
4.00499e-05 0.157093 0.0252879 0.00893295 0.0257929 0.00164619 1.5821e-05 0.00155166 0.108986 0.00861332 0.00270524 0.05736 7.76824e-07 0.159686 0.00267143 0.0128696 3.30764e-09 0.00209946 0.41279 0.0117129 0.000144818 
9.21836e-06 0.0140744 0.00531867 0.0114431 0.00345511 0.000234651 0.0078665 0.00794402 0.208113 0.00248103 0.000497909 0.0124681 2.50685e-05 0.0333029 0.000158963 0.00177043 1.0763e-10 0.00126429 0.689524 8.56193e-06 4.08505e-05 
