0.000114479 0.00775806 0.0383894 0.0050396 0.094258 0.221719 2.12346e-07 9.83564e-06 0.187783 0.000753281 9.79444e-05 0.00665942 8.05056e-08 0.0943655 2.23247e-05 0.0487675 4.71077e-06 0.0153411 0.00258103 0.275943 0.000392457 
0.000145655 0.0432345 0.00628818 0.00332415 0.00440246 0.0180253 0.0518114 2.0551e-05 0.00468101 0.0106754 0.00240587 0.142045 0.000278961 0.0190255 0.00409237 0.00349061 1.87739e-05 0.0510701 0.0326482 0.600855 0.00146121 
2.38628e-05 0.106781 0.117009 0.0388773 0.0563712 0.0817024 0.000231495 0.000203951 0.0433433 0.000910431 0.000403316 0.00591562 3.99743e-06 0.0286715 0.000643225 0.0845928 3.16044e-07 0.00136439 0.071894 0.360182 0.000875118 
0.000497207 0.0436527 0.0477376 0.00858521 0.0524662 0.119516 0.000281243 0.000515546 0.029867 0.00322152 0.00012199 0.00126906 0.00303199 0.0574861 0.00576982 0.00812912 0.000634875 0.0286434 0.0504782 0.537692 0.000403305 
1.68365e-05 0.0802375 0.000163711 0.0321435 0.000184937 0.0182292 1.9728e-10 0.18973 0.00330031 0.00272018 5.37189e-06 0.00509571 1.52401e-10 0.00297169 0.00194079 4.06248e-05 2.52837e-10 0.0113502 0.00794801 0.643606 0.000315292 
3.93034e-08 0.149083 6.71211e-05 0.000474689 8.17653e-05 0.000460165 0.000109892 9.5428e-08 0.00026742 2.47013e-08 0.000144004 0.0669795 1.43316e-07 0.0183642 6.58012e-08 6.0634e-05 2.37764e-07 3.93064e-08 7.6314e-05 0.76383 1.31031e-07 
2.7283e-11 7.72869e-09 0.093318 6.82164e-07 0.109268 1.11225e-06 1.8932e-06 0.00212483 5.46226e-07 3.61814e-07 6.2776e-11 2.73768e-06 9.94845e-11 0.0336588 4.93356e-07 0.0241219 1.65047e-10 1.2797e-06 0.309533 0.427966 9.09571e-11 
4.38158e-05 0.016515 0.0123616 0.00823149 0.0323967 0.11407 0.000328862 1.72398e-06 0.0359888 1.22663e-05 1.45425e-09 0.0955965 0.000126061 0.0101283 0.00101339 0.00244055 3.82343e-09 0.012567 0.0383252 0.619852 2.10708e-09 
0.000146103 0.0537287 0.100492 0.045522 0.0361115 0.0246489 0.000879891 0.000146079 0.0243941 0.000155554 0.00378789 0.0130896 8.28821e-07 0.0338398 0.0083743 0.11142 3.69629e-07 0.00113867 0.244011 0.289199 0.00891286 
0.000399488 0.0556226 0.103642 0.00501466 0.0263292 0.0953732 0.000493293 0.0003397 0.0353208 0.00110573 0.00151518 0.00425598 0.0010294 0.0391602 0.00759992 0.0155033 0.00494452 0.0273268 0.025961 0.548749 0.000314431 
1.93101e-05 0.0137427 0.00411342 0.0168886 0.0809875 0.0246266 0.00185971 2.38237e-05 0.0228016 0.00144374 0.000283122 0.121467 7.6505e-05 0.00626704 0.000944326 0.0138269 8.64201e-08 0.115981 0.0992736 0.475351 2.23671e-05 
0.00479375 0.1207 0.0362907 0.011991 0.0459823 0.0258856 0.00932791 0.00422938 0.0665231 0.0111277 0.00759365 0.144662 0.000244973 0.0363157 0.0137217 0.0391521 0.000540875 0.0103962 0.0400175 0.366737 0.00376752 
3.70104e-06 0.00393768 0.0122437 0.00129655 0.0163939 0.0145196 8.93261e-05 8.35865e-05 0.0137416 0.000128189 0.00213745 0.0297075 0.00326654 0.0167396 0.00914653 0.00954854 6.48991e-08 0.0303068 0.0206066 0.815705 0.000397992 
0.00116829 0.0298503 0.0406681 0.0224947 0.0253809 0.0915117 0.000481102 0.000539257 0.142531 0.0118144 0.00190846 0.0432681 3.14856e-05 0.0474947 0.00414869 0.00979189 2.77442e-05 0.0651879 0.101655 0.359182 0.000863664 
0.00115654 0.0296412 0.0638275 0.00370723 0.0813765 0.114184 0.00145128 0.000376009 0.0469749 0.0187619 0.00685675 0.147954 0.00510277 0.0372146 0.0628244 0.0403494 0.000221169 0.0458116 0.0422163 0.201005 0.0489877 
3.60686e-05 0.0376557 0.000800871 0.0261837 0.000704176 0.0111774 1.84741e-09 0.137371 0.00453976 0.00398406 2.67559e-06 0.0174734 1.499e-06 0.0154011 0.00126908 0.000102587 2.36766e-09 0.00525343 0.00538829 0.732507 0.000148024 
0.000108406 0.094384 0.062266 0.0256284 0.169699 0.0812997 0.00299504 0.00346709 0.0272646 0.0193121 0.00519027 0.0328587 1.57042e-05 0.153919 0.0137835 0.0137915 0.0109159 0.0138765 0.0663223 0.20142 0.00148319 
3.09083e-05 0.0421869 0.0352233 0.0118721 0.0635718 0.160103 3.26537e-06 0.000427699 0.11333 0.00584233 0.00298861 0.052178 6.59619e-05 0.080321 0.0401562 0.00435648 3.91938e-08 0.111947 0.103217 0.17137 0.000809093 
3.60686e-05 0.0376557 0.000800871 0.0261837 0.000704176 0.0111774 1.84741e-09 0.137371 0.00453976 0.00398406 2.67559e-06 0.0174734 1.499e-06 0.0154011 0.00126908 0.000102587 2.36766e-09 0.00525343 0.00538829 0.732507 0.000148024 
3.54656e-05 0.0206185 0.0063198 0.0113142 0.00901424 0.0146922 6.44938e-05 0.00445391 0.00523276 0.0178994 0.000407545 0.0416104 3.7714e-06 0.013077 0.00158859 0.000770663 0.000168693 0.00333344 0.00884953 0.837143 0.00340208 
1.39842e-06 0.0241283 0.0338583 0.0478611 0.0505324 0.226396 0.00153403 3.688e-05 0.026331 0.00155484 0.00222017 0.0262091 0.00155952 0.0161573 0.00148223 0.00801772 0.00112066 0.0648885 0.055893 0.405734 0.00448396 
2.53346e-10 1.55219e-06 0.00523884 1.60892e-05 3.77123e-06 0.07959 1.36374e-06 0.000123411 1.91634e-06 4.74275e-07 5.8293e-10 8.46009e-07 0.000679057 0.0161759 8.78941e-07 3.24951e-07 1.53261e-09 0.287962 4.03682e-06 0.610199 5.08853e-07 
0.023942 0.0914099 0.0182753 0.0720947 0.0677503 0.128113 4.20383e-05 2.65759e-05 0.0658484 0.00273041 0.000187133 0.103296 4.58655e-06 0.0362493 0.00182461 0.00270723 1.10288e-06 0.0901224 0.0296731 0.265505 0.000196802 
7.88335e-05 0.0508082 0.0199796 0.00475307 0.0565426 0.00127727 0.0236027 8.2321e-05 0.0294841 0.0426377 7.21321e-05 0.0461768 7.09548e-06 0.00847254 0.00574228 0.0141097 2.23459e-08 0.015312 0.11674 0.56389 0.000230914 
0.00690686 0.0615156 0.0730988 0.00660666 0.106166 0.084061 0.0014901 0.000879628 0.0177705 0.00384897 0.000218888 0.115636 1.35467e-05 0.0383283 0.00205559 0.0580798 0.000166433 0.0379372 0.181298 0.203644 0.000278627 
8.48753e-06 0.0609073 0.108125 0.00112889 0.0820536 0.0377602 0.000351291 0.000633035 0.0603153 0.00162901 0.000204708 0.0244333 6.01216e-06 0.036949 0.0010201 0.00596863 0.00723865 0.00207923 0.00661383 0.561483 0.00109123 
1.32491e-06 0.166568 0.0504914 0.00709623 0.0462228 0.0326127 0.000160676 5.75123e-06 0.11201 0.00169769 0.0186183 0.155118 5.30207e-05 0.0497449 0.00463047 0.0412323 0.0011187 0.000717908 0.0147312 0.296996 0.000172655 
2.38628e-05 0.106781 0.117009 0.0388773 0.0563712 0.0817024 0.000231495 0.000203951 0.0433433 0.000910431 0.000403316 0.00591562 3.99743e-06 0.0286715 0.000643225 0.0845928 3.16044e-07 0.00136439 0.071894 0.360182 0.000875118 
0.000135871 0.0302927 0.0457759 0.0107069 0.12385 0.13692 0.000775399 0.000299032 0.0410968 0.0093418 0.000135964 0.00195584 0.000791801 0.109188 0.00140952 0.00468842 0.000323339 0.0443313 0.0721213 0.364286 0.00157497 
0.00442797 0.126397 0.0219459 0.012544 0.0504781 0.0103349 0.0199511 0.00763482 0.0433498 0.0361004 0.000459577 0.0963367 5.47039e-05 0.0307295 0.0101188 0.0123009 1.68432e-05 0.0241403 0.0647214 0.426398 0.00155937 
4.06786e-05 0.0592869 0.0389522 0.00244352 0.017733 0.117543 2.14562e-06 0.000704269 0.02825 0.0103732 0.000247532 0.0014541 3.55654e-06 0.0562936 0.00491727 0.0146972 0.000421985 0.0202523 0.0109452 0.614868 0.000570612 
0.00277013 0.0113354 0.00975168 0.00552931 0.0107315 0.0628023 5.55519e-05 4.32886e-05 0.0460224 0.00179716 0.00103496 0.00401172 3.98182e-10 0.00985318 0.00430514 0.274999 3.44327e-06 0.0114765 0.0136682 0.529499 0.00030958 
0.00129699 0.066019 0.0157623 0.0109502 0.035639 0.0812478 0.000361316 0.00120559 0.0561254 0.00632399 0.000696246 0.105626 0.00012835 0.0606903 0.00813263 0.0143639 1.03661e-05 0.177199 0.137229 0.22048 0.000513037 
7.21389e-06 0.0260391 0.0444356 0.0182723 0.000150249 0.166037 0.00225863 1.64151e-05 0.0191169 6.07942e-05 0.000373798 0.0356785 4.51398e-06 0.00341527 0.00306701 0.0102405 0.0072445 0.0178857 0.0113267 0.634323 4.60366e-05 
2.99429e-06 0.093825 0.0147113 0.0147622 0.0515742 0.00437976 0.00301252 0.000774279 0.0652575 0.100406 0.000339844 0.0759351 4.22825e-05 0.0203798 0.000406808 3.32295e-05 4.8297e-05 0.120604 0.00354791 0.429956 4.51236e-07 
1.84641e-05 0.0459464 0.024842 0.0046094 0.0273252 0.0879124 0.000204046 0.000340944 0.0125861 0.00119024 0.000151134 0.00110538 0.00017935 0.0323954 0.00339295 0.00902489 3.11248e-06 0.0124978 0.0179944 0.71779 0.00049015 
0.155539 0.107282 0.0532462 0.0212246 0.0227548 0.0507121 0.00165741 0.000136978 0.0127222 5.93195e-05 0.00631808 0.0131469 7.43675e-05 0.00624608 0.000156661 0.168985 4.73949e-07 0.000464562 0.0316329 0.34546 0.00218102 
1.68365e-05 0.0802375 0.000163711 0.0321435 0.000184937 0.0182292 1.9728e-10 0.18973 0.00330031 0.00272018 5.37189e-06 0.00509571 1.52401e-10 0.00297169 0.00194079 4.06248e-05 2.52837e-10 0.0113502 0.00794801 0.643606 0.000315292 
2.87255e-05 0.0458452 0.0226726 0.00242399 0.00445346 0.122642 1.6986e-07 9.52891e-05 0.0206294 0.000276787 0.000161866 0.00042157 3.18176e-06 0.025979 7.24954e-06 0.00731811 2.97526e-08 0.0209488 0.00213527 0.723627 0.000330555 
1.68365e-05 0.0802375 0.000163711 0.0321435 0.000184937 0.0182292 1.9728e-10 0.18973 0.00330031 0.00272018 5.37189e-06 0.00509571 1.52401e-10 0.00297169 0.00194079 4.06248e-05 2.52837e-10 0.0113502 0.00794801 0.643606 0.000315292 
0.0126629 0.0289291 0.0302502 0.0130811 0.119385 0.0494108 0.00114945 0.00370187 0.0643236 0.00857051 0.00127217 0.118745 0.000124667 0.0257942 0.0167981 0.0167527 1.02273e-05 0.0997022 0.180306 0.206655 0.00237486 
9.72321e-11 0.0567738 0.139617 0.00151702 0.000748862 0.0176474 4.58953e-10 1.67295e-05 2.03586e-06 5.88281e-08 0.00088592 0.180209 3.54547e-10 0.0275053 9.93021e-06 0.139994 0.00236126 0.0395174 0.0598709 0.333289 3.49559e-05 
0.00463638 0.032429 0.0481801 0.00678033 0.0597739 0.136842 5.07238e-05 2.60707e-05 0.0198344 0.0080827 0.0126638 0.0136433 2.97669e-06 0.0158474 0.00875923 0.00496826 5.23262e-07 0.00271808 0.0536171 0.566336 0.00480783 
4.25641e-05 0.0451707 0.0258231 0.0453346 0.0132363 0.00660818 5.88418e-07 7.70972e-05 0.0638642 0.012087 0.001338 0.165723 3.5115e-06 0.014565 0.000652582 0.00400472 1.91741e-07 0.0323303 0.0933181 0.475816 4.42252e-06 
2.63035e-06 0.0498349 0.0441818 0.0329747 0.0197776 0.293455 7.90443e-05 5.81477e-06 0.0108529 0.0107825 0.000202289 0.0320278 6.79284e-06 0.0211781 0.000239572 0.000473843 1.99174e-06 0.0114925 0.0593535 0.41307 6.99786e-06 
1.06785e-07 0.0211759 0.00642716 0.00203215 0.0642929 0.195459 3.4723e-08 0.000506024 0.148944 0.0047108 0.000102806 0.00574494 3.82028e-05 0.119348 0.0148543 0.000263433 6.448e-08 0.154678 0.0550647 0.206353 3.41045e-06 
1.25246e-05 0.0126947 0.0265755 0.00333352 0.00363064 0.154522 1.20464e-05 0.00105381 0.0368524 0.000389959 5.08467e-05 0.00171435 5.7434e-05 0.109581 2.22119e-05 0.000244397 3.40396e-07 0.258691 0.00982266 0.380734 4.20848e-06 
2.21054e-10 9.2591e-07 0.254026 1.99355e-06 0.219331 0.0264036 1.04341e-09 5.36715e-10 3.73957e-07 1.38927e-10 5.08627e-10 0.101389 8.06049e-10 8.38864e-11 3.70085e-10 2.95879e-10 1.33725e-09 2.23281e-08 2.11292e-06 0.398843 1.03247e-06 
2.17629e-08 5.57441e-08 5.82906e-07 0.000857335 6.19595e-07 0.1161 2.85246e-07 7.04437e-08 2.00101e-07 2.96258e-08 2.78039e-11 0.062285 2.33573e-07 0.00914181 2.02305e-11 0.00777239 7.31004e-11 0.0716254 0.00627451 0.725942 1.04782e-07 
8.04294e-05 0.0384189 0.0286423 0.00878547 0.0780431 0.116256 0.000568782 0.000336104 0.0230974 0.000921978 0.000157372 0.00131078 0.000589725 0.0584769 0.00147833 0.00554362 4.79603e-05 0.0322264 0.043387 0.560554 0.00107752 
1.18269e-06 0.0315361 0.0114914 0.00114996 0.00577394 0.077447 9.06053e-06 0.000416505 0.0580858 0.0722394 7.39478e-06 0.020058 4.87543e-09 0.0272967 0.0135545 0.000565297 7.18071e-07 0.0355572 0.0606748 0.583257 0.000878124 
0.000573568 0.0244389 0.0399665 0.00923241 0.0376783 0.0490872 0.00109944 0.00177383 0.049581 0.00810646 0.001212 0.0352641 0.000218709 0.02335 0.00707817 0.0238592 0.000643197 0.0365846 0.064991 0.582936 0.0023259 
1.68365e-05 0.0802375 0.000163711 0.0321435 0.000184937 0.0182292 1.9728e-10 0.18973 0.00330031 0.00272018 5.37189e-06 0.00509571 1.52401e-10 0.00297169 0.00194079 4.06248e-05 2.52837e-10 0.0113502 0.00794801 0.643606 0.000315292 
1.68365e-05 0.0802375 0.000163711 0.0321435 0.000184937 0.0182292 1.9728e-10 0.18973 0.00330031 0.00272018 5.37189e-06 0.00509571 1.52401e-10 0.00297169 0.00194079 4.06248e-05 2.52837e-10 0.0113502 0.00794801 0.643606 0.000315292 
1.68365e-05 0.0802375 0.000163711 0.0321435 0.000184937 0.0182292 1.9728e-10 0.18973 0.00330031 0.00272018 5.37189e-06 0.00509571 1.52401e-10 0.00297169 0.00194079 4.06248e-05 2.52837e-10 0.0113502 0.00794801 0.643606 0.000315292 
3.44297e-05 0.0124007 0.00215266 0.00370763 0.0141938 0.138593 0.00203425 1.01631e-05 0.0188462 0.000863562 0.000283142 0.0194524 7.99013e-05 0.0127741 0.00632406 0.00154394 1.05975e-05 0.0381908 0.0240377 0.704456 1.07848e-05 
0.00308798 0.0178811 0.0528844 0.0107234 0.0468729 0.102074 9.69447e-05 0.00022 0.0375923 0.00124176 0.00116395 0.0162552 3.98634e-06 0.025596 0.00131366 0.0618392 9.11713e-06 0.00883775 0.0972374 0.514964 0.000104873 
1.25332e-05 0.0241934 0.0355437 0.00385713 0.00801853 0.0179479 2.44667e-05 3.1063e-05 0.00480512 0.00705492 0.000338547 0.154094 2.36526e-06 0.0113086 0.00325399 0.00271301 2.74238e-08 0.00399252 0.0556376 0.595032 0.0721386 
0.000127471 0.0092508 0.0176326 0.00943955 0.0252433 0.0414271 0.000158707 3.08088e-05 0.0553883 0.00357277 0.000257245 0.0139319 7.62559e-06 0.0217816 0.000279871 0.0114846 5.11147e-09 0.0223287 0.0371455 0.730154 0.000357704 
0.0213376 0.00326709 0.0700829 0.053347 0.147442 0.0881307 0.0010098 0.000243049 0.0416177 0.002718 0.000326298 0.00322068 2.82053e-05 0.0312466 0.00594556 0.0648923 5.54441e-08 0.00132668 0.126178 0.336616 0.00102429 
0.000304952 0.019529 0.0290586 0.011073 0.0345506 0.154045 0.000525579 0.000219202 0.156526 0.00787788 0.000315761 0.030316 1.14163e-05 0.0919871 0.00479182 0.00248622 4.12857e-05 0.0535775 0.0718324 0.330796 0.00013478 
1.68365e-05 0.0802375 0.000163711 0.0321435 0.000184937 0.0182292 1.9728e-10 0.18973 0.00330031 0.00272018 5.37189e-06 0.00509571 1.52401e-10 0.00297169 0.00194079 4.06248e-05 2.52837e-10 0.0113502 0.00794801 0.643606 0.000315292 
1.36617e-05 0.0235818 0.00779811 0.0127693 0.0219362 0.100362 0.000131063 0.000126305 0.0325758 0.000477854 0.000685916 0.0605618 9.8639e-05 0.0168997 0.00829663 0.00205249 0.000120132 0.0283624 0.0432248 0.63971 0.000215009 
2.15221e-05 0.0421357 0.031972 0.0868597 0.0975775 0.146179 3.49843e-05 0.000330973 0.0246173 0.0143635 0.00105482 0.00531781 4.56466e-07 0.0702323 0.00562422 0.000690951 4.25804e-06 0.0565592 0.0617885 0.35422 0.000415513 
0.000969758 0.000108663 0.0077716 0.000817206 0.0280744 0.0497208 7.20292e-05 0.00205984 0.00349665 5.88752e-05 1.03086e-06 5.656e-05 1.01487e-06 0.00589702 0.000942269 0.000358371 4.42179e-07 0.00032232 0.00470116 0.894569 9.25955e-07 
0.0124359 0.0813751 0.00622204 7.26275e-07 0.179542 0.000636712 4.83455e-07 0.026298 0.017798 0.0199201 0.0921134 0.0325531 3.32265e-08 0.0162846 0.011239 0.0050484 1.04565e-05 0.0414818 0.00593843 0.279783 0.171319 
7.45348e-07 0.0170305 0.00506546 3.04842e-05 0.000505513 0.000992462 3.51817e-06 0.00246124 0.00540823 1.25221e-06 0.00172363 0.0172388 2.71783e-06 0.00575117 0.000133684 0.0110682 2.58103e-05 0.000641032 0.020821 0.910096 0.000998408 
5.5325e-05 0.000496229 0.0680317 0.010722 0.0455077 0.0299883 1.56267e-07 3.24717e-10 0.0116767 4.94265e-05 0.00175918 3.28363e-06 1.07475e-07 0.0281818 3.48475e-07 0.32359 8.09051e-10 0.00218783 0.127984 0.34926 0.000505134 
0.000262733 0.0109599 0.0147127 0.00730024 0.0182634 0.0993521 0.000386149 0.00035537 0.0666319 0.0127592 0.00100829 0.012673 8.1035e-05 0.02278 0.00131126 0.0137817 2.06085e-05 0.0185446 0.0762837 0.621192 0.00133977 
0.000201202 0.113881 0.0171049 0.0116361 0.0382499 0.0423839 4.93637e-05 5.91129e-05 0.0950777 0.0600531 0.00261153 0.0360873 1.71622e-05 0.0165117 0.137705 0.0648987 4.7411e-06 0.0537355 0.0365569 0.25251 0.0206658 
1.68365e-05 0.0802375 0.000163711 0.0321435 0.000184937 0.0182292 1.9728e-10 0.18973 0.00330031 0.00272018 5.37189e-06 0.00509571 1.52401e-10 0.00297169 0.00194079 4.06248e-05 2.52837e-10 0.0113502 0.00794801 0.643606 0.000315292 
2.17435e-06 0.0341054 0.0827591 0.220938 0.00227305 0.066279 0.000878239 4.45049e-07 0.0478083 0.000694594 0.00489191 0.0188097 4.84385e-06 0.115378 0.000326102 0.0116025 8.27139e-06 0.034941 0.108026 0.250269 4.09331e-06 
9.48561e-08 0.206029 0.0397446 0.00198186 0.000812987 0.000851069 6.98282e-08 0.0659273 0.0382446 0.140762 5.74372e-05 0.00398557 1.64785e-10 8.76167e-06 1.88295e-05 0.0237738 3.02885e-06 0.000356668 0.039947 0.43747 2.4609e-05 
1.68365e-05 0.0802375 0.000163711 0.0321435 0.000184937 0.0182292 1.9728e-10 0.18973 0.00330031 0.00272018 5.37189e-06 0.00509571 1.52401e-10 0.00297169 0.00194079 4.06248e-05 2.52837e-10 0.0113502 0.00794801 0.643606 0.000315292 
7.1944e-06 0.126772 0.00614073 0.203957 0.0235299 0.00534357 3.28927e-05 0.0691934 0.0473791 0.0826956 0.00117493 0.00387891 4.78367e-07 0.0777439 0.0864596 0.0188436 8.42414e-05 0.000208358 0.0179012 0.227619 0.00103504 
1.2918e-05 0.022281 0.0112106 0.00638639 0.0206803 0.0178692 0.000709616 0.00298361 0.0430807 0.00382046 0.00198862 0.0389059 0.000443693 0.0224113 0.003266 0.0159186 0.000109242 0.0604769 0.0258398 0.699644 0.0019614 
0.00195383 0.0502881 0.0198564 0.0027004 0.0539739 0.001437 0.0226707 0.0123013 0.0483486 0.0529662 0.000175332 0.0461973 4.31253e-06 0.0197552 0.00540877 0.00728166 8.819e-06 0.0182403 0.0396855 0.596521 0.000225956 
0.000692965 0.00176482 0.0219958 0.000537575 0.0517407 0.0944067 3.70227e-06 0.000640054 0.068689 0.00449582 0.000345014 0.00125092 2.04735e-07 0.0396051 0.00145045 0.0214867 2.4715e-10 0.0370647 0.0722306 0.580738 0.000860803 
2.0302e-05 0.0805148 0.0292897 0.0234227 0.0379615 0.120824 0.000195858 8.64833e-06 0.0312685 0.0159585 0.000955788 0.247841 5.67136e-05 0.0290188 0.00600979 0.01511 3.67111e-08 0.0441358 0.0635117 0.250272 0.00362341 
0.000156219 0.00150777 0.0843001 0.00103895 0.107637 0.0049807 0.000269665 0.000913967 0.00151576 0.00317241 3.22994e-05 0.032222 2.36056e-06 0.00363431 0.00122076 0.00674004 5.23349e-07 0.00172961 0.243471 0.503436 0.0020189 
1.68365e-05 0.0802375 0.000163711 0.0321435 0.000184937 0.0182292 1.9728e-10 0.18973 0.00330031 0.00272018 5.37189e-06 0.00509571 1.52401e-10 0.00297169 0.00194079 4.06248e-05 2.52837e-10 0.0113502 0.00794801 0.643606 0.000315292 
1.68365e-05 0.0802375 0.000163711 0.0321435 0.000184937 0.0182292 1.9728e-10 0.18973 0.00330031 0.00272018 5.37189e-06 0.00509571 1.52401e-10 0.00297169 0.00194079 4.06248e-05 2.52837e-10 0.0113502 0.00794801 0.643606 0.000315292 
3.92108e-05 0.00712543 0.0205723 0.0343958 0.0648583 0.0416522 0.000345584 6.92861e-05 0.0453057 0.0286922 1.23992e-05 0.00359124 0.000153483 0.000224127 0.000120479 0.0257883 5.42574e-07 0.00272714 0.0504257 0.67389 1.07981e-05 
0.000262458 0.0125408 0.0334811 0.00836614 0.144903 0.114103 0.000484139 1.49936e-05 0.0454404 0.015904 5.6463e-05 0.0274666 1.22439e-06 0.0393702 0.00658456 0.0223938 0.000545592 0.0381713 0.142154 0.347555 0.000201878 
9.28942e-05 0.152796 0.018147 0.0137978 0.00292697 0.00844053 0.0822967 1.23612e-05 0.0931368 0.000160735 6.71267e-08 0.167517 1.06379e-07 0.0115165 0.0173567 0.00164757 1.76486e-07 0.0137057 0.0790448 0.336939 0.000464045 
0.000123564 0.135693 0.015145 0.0443271 0.0327555 0.000791408 0.0301923 0.00158909 0.0437434 0.0443034 0.00422358 0.0704978 3.24433e-06 0.0283088 0.00252661 0.0082047 7.94406e-07 0.0153649 0.0499426 0.468665 0.00359874 
4.46259e-05 0.0142018 0.00348103 0.00369963 0.00664868 0.00847452 1.59231e-05 0.000857953 0.0052189 0.0125234 0.00322492 0.065387 9.11014e-05 0.0043568 0.00035225 0.000747877 4.30128e-09 0.021015 0.0107303 0.838865 6.29084e-05 
0.000202078 0.0116572 0.00279584 0.000700805 0.0223164 0.0175767 0.0227747 0.000608122 0.00200878 8.31434e-05 4.48854e-06 0.253148 0.00090145 0.00399194 0.00500346 0.000144433 1.55057e-05 0.0847758 0.0454144 0.525876 2.27304e-07 
0.00550042 0.00347621 0.0179413 0.0053629 0.02489 0.0223795 0.00019838 0.00068763 0.00599359 0.000115199 0.000529773 0.00408115 4.83572e-06 0.0124889 0.01334 0.0821643 2.02223e-07 0.00341582 0.0143665 0.78281 0.000253009 
0.000532044 0.0550289 0.0560484 0.00684019 0.0337055 0.12099 7.34476e-05 0.000640898 0.0318087 0.00376796 0.000119519 0.00134857 0.00309043 0.0499797 0.00806784 0.00953351 0.00134514 0.0280391 0.0440606 0.544744 0.000236392 
3.76453e-10 0.124366 0.0618072 0.000138589 0.131696 0.127108 9.88738e-07 0.00119453 0.0282914 0.0168327 1.59057e-05 0.00972144 2.9146e-06 0.0184338 0.0131976 0.00399395 2.27733e-09 0.0159105 0.218665 0.222429 0.00619529 
1.6922e-05 0.037697 0.0320634 0.0103816 0.0210131 0.125215 2.40958e-05 0.00453285 0.0678363 0.01132 0.00222124 0.00824939 5.96295e-06 0.0248641 0.00261174 0.0162364 2.01762e-06 0.0879202 0.110156 0.437186 0.000446364 
0.234792 0.00413152 0.00353935 0.00151964 0.0331834 0.0162559 0.00478227 0.000755627 0.00041719 0.00171607 2.03299e-05 0.233858 6.74886e-06 0.0661539 3.69676e-05 0.00646646 3.89532e-06 0.0258858 0.114443 0.252021 1.14483e-05 
1.68365e-05 0.0802375 0.000163711 0.0321435 0.000184937 0.0182292 1.9728e-10 0.18973 0.00330031 0.00272018 5.37189e-06 0.00509571 1.52401e-10 0.00297169 0.00194079 4.06248e-05 2.52837e-10 0.0113502 0.00794801 0.643606 0.000315292 
1.06785e-07 0.0211759 0.00642716 0.00203215 0.0642929 0.195459 3.4723e-08 0.000506024 0.148944 0.0047108 0.000102806 0.00574494 3.82028e-05 0.119348 0.0148543 0.000263433 6.448e-08 0.154678 0.0550647 0.206353 3.41045e-06 
1.68365e-05 0.0802375 0.000163711 0.0321435 0.000184937 0.0182292 1.9728e-10 0.18973 0.00330031 0.00272018 5.37189e-06 0.00509571 1.52401e-10 0.00297169 0.00194079 4.06248e-05 2.52837e-10 0.0113502 0.00794801 0.643606 0.000315292 
4.73836e-05 0.0208837 0.0206171 0.0218136 0.318516 0.0187853 0.000343891 0.00013123 0.0477249 0.000726433 0.0142514 0.0113364 0.000104137 0.0158673 0.00388772 0.0259009 2.97817e-07 0.00414682 0.0215167 0.443799 0.00959975 
2.24358e-05 0.00627808 0.012747 0.0224471 0.0106054 0.035176 0.000657279 9.50485e-06 0.0109934 6.03426e-06 4.69556e-07 0.0152644 7.41158e-06 0.00700671 0.00333223 0.0014184 6.92825e-08 0.0107294 0.0175797 0.845714 4.86976e-06 
0.00338436 0.00768505 0.000167081 0.0536564 0.0488488 0.0167125 0.00164777 1.86924e-05 0.0098049 0.000262067 5.67725e-05 0.0786002 0.0380704 0.0262068 0.00731099 0.000965727 2.55744e-07 0.278935 0.0240812 0.403545 4.00265e-05 
0.234792 0.00413152 0.00353935 0.00151964 0.0331834 0.0162559 0.00478227 0.000755627 0.00041719 0.00171607 2.03299e-05 0.233858 6.74886e-06 0.0661539 3.69676e-05 0.00646646 3.89532e-06 0.0258858 0.114443 0.252021 1.14483e-05 
0.000542201 0.0291227 0.0266278 0.01008 0.0238152 0.0254857 0.000462673 6.46302e-05 0.0446794 0.0051057 0.00174743 0.03207 1.87192e-05 0.0400389 0.000922643 0.00991786 6.14339e-05 0.0342584 0.013249 0.700266 0.00146353 
0.00472327 0.0145538 0.0544447 0.0014993 0.0311919 0.0128549 0.00111115 2.84039e-05 0.0248722 0.00670974 0.00080046 0.0432225 5.95229e-07 0.0201622 0.0188023 0.179401 4.59603e-05 0.0126405 0.0414979 0.527723 0.00371458 
0.000831021 0.0250455 0.0300681 0.0124297 0.0371692 0.0509952 0.000535309 0.000889141 0.0714454 0.00913495 0.00142041 0.0485334 0.000447536 0.0266458 0.00640146 0.00794093 0.00151782 0.0351125 0.0806661 0.551534 0.00123636 
1.43754e-06 0.0205164 0.0129647 0.0331291 0.00834059 0.0590498 2.31914e-06 3.67008e-05 0.0122866 0.0191207 0.00483575 0.0203834 1.67247e-05 0.0150868 0.00581838 0.0013805 5.65212e-06 0.0325583 0.0355633 0.718901 1.42254e-06 
2.38628e-05 0.106781 0.117009 0.0388773 0.0563712 0.0817024 0.000231495 0.000203951 0.0433433 0.000910431 0.000403316 0.00591562 3.99743e-06 0.0286715 0.000643225 0.0845928 3.16044e-07 0.00136439 0.071894 0.360182 0.000875118 
2.30615e-05 0.0112772 0.00169465 0.00294145 0.0083147 0.15452 0.000114202 1.15576e-06 0.00409088 0.00317775 7.34157e-06 0.0227254 6.7341e-05 0.0234472 3.04004e-05 0.00148622 1.30448e-05 0.0182021 0.016419 0.731392 5.50606e-05 
0.0110468 0.034216 0.0588324 0.00916122 0.057939 0.033676 0.000416712 0.0064746 0.0406517 0.012407 0.00350223 0.0514511 3.25009e-05 0.0219992 0.0408869 0.106513 9.27037e-06 0.0243813 0.128608 0.35734 0.000455628 
1.68365e-05 0.0802375 0.000163711 0.0321435 0.000184937 0.0182292 1.9728e-10 0.18973 0.00330031 0.00272018 5.37189e-06 0.00509571 1.52401e-10 0.00297169 0.00194079 4.06248e-05 2.52837e-10 0.0113502 0.00794801 0.643606 0.000315292 
1.68365e-05 0.0802375 0.000163711 0.0321435 0.000184937 0.0182292 1.9728e-10 0.18973 0.00330031 0.00272018 5.37189e-06 0.00509571 1.52401e-10 0.00297169 0.00194079 4.06248e-05 2.52837e-10 0.0113502 0.00794801 0.643606 0.000315292 
4.75588e-05 0.0150992 0.0729966 0.195381 0.0016621 0.0155922 2.63573e-05 0.000559074 0.0182631 0.000290994 0.0405698 0.0727756 8.58625e-06 0.0359435 0.000392434 0.0759911 2.44397e-05 0.0651668 0.0682391 0.320196 0.00077433 
0.0105619 0.0868885 0.0330137 0.00849067 0.138759 0.152168 0.00102099 0.00211197 0.0499648 0.00581176 0.0103845 0.0211523 3.53513e-05 0.0317914 0.041921 0.0184371 1.5897e-06 0.0415858 0.12066 0.223119 0.0021212 
0.00125633 0.00312351 0.00353478 0.00267454 0.00895431 0.000505179 3.71824e-07 0.000466485 0.00275451 0.000166212 0.00060852 0.0307343 0.000183696 0.218287 0.0142973 1.05438e-07 4.76535e-07 0.0334114 0.0920275 0.584809 0.00220382 
1.68365e-05 0.0802375 0.000163711 0.0321435 0.000184937 0.0182292 1.9728e-10 0.18973 0.00330031 0.00272018 5.37189e-06 0.00509571 1.52401e-10 0.00297169 0.00194079 4.06248e-05 2.52837e-10 0.0113502 0.00794801 0.643606 0.000315292 
6.42371e-05 0.0390391 0.130828 0.0111238 0.0430846 0.223791 0.000724268 0.000296707 0.0626538 0.00394621 0.000618774 0.00120095 0.00403869 0.0346361 0.000540348 0.033039 0.00401461 0.0314135 0.0514989 0.323159 0.000288079 
9.72321e-11 0.0567738 0.139617 0.00151702 0.000748862 0.0176474 4.58953e-10 1.67295e-05 2.03586e-06 5.88281e-08 0.00088592 0.180209 3.54547e-10 0.0275053 9.93021e-06 0.139994 0.00236126 0.0395174 0.0598709 0.333289 3.49559e-05 
2.28568e-05 0.0222774 0.023203 0.00599753 0.0122943 0.0182188 0.000170754 0.00024648 0.0699579 0.00461557 0.00167157 0.0362581 1.65586e-05 0.0360704 0.000620874 0.00515966 5.78833e-05 0.0551558 0.0518901 0.654737 0.0013575 
1.14932e-06 0.0017053 0.00714471 0.000752039 0.0043648 0.328683 7.52178e-06 3.27303e-05 0.00723797 0.00013698 4.33967e-05 0.00305583 0.000154134 0.00460647 0.00237516 0.00327087 4.91945e-07 0.0741502 0.0188337 0.543444 2.7111e-07 
8.63241e-07 0.117247 0.15472 0.0021174 0.0202796 0.0526895 3.46733e-06 0.000304873 0.181299 0.00169741 0.00686346 0.00467283 2.98733e-05 0.0220715 0.00331852 0.0236425 0.0304271 0.0196221 0.020713 0.335307 0.00297308 
0.000509262 0.0401601 0.0206811 0.00567689 0.0138822 0.0845395 0.000367566 0.000775236 0.051988 0.00152158 0.0065773 0.109597 7.37289e-05 0.0648624 0.00156572 0.00615522 0.000120176 0.0340613 0.0789216 0.47747 0.000493652 
6.17725e-05 0.0316568 0.0289745 0.00819988 0.0671168 0.106655 0.000542977 0.000250668 0.0204762 0.00145104 0.000164719 0.00127018 0.000591419 0.0562046 0.00120268 0.00618398 1.09039e-05 0.0237232 0.0395124 0.605051 0.000699355 
1.68365e-05 0.0802375 0.000163711 0.0321435 0.000184937 0.0182292 1.9728e-10 0.18973 0.00330031 0.00272018 5.37189e-06 0.00509571 1.52401e-10 0.00297169 0.00194079 4.06248e-05 2.52837e-10 0.0113502 0.00794801 0.643606 0.000315292 
0.0433462 0.00423642 0.0111329 0.00710354 0.0193036 0.152323 0.000446145 1.12209e-07 0.0310416 0.000698635 7.66993e-05 0.0933776 2.39098e-07 0.00337008 0.00161862 0.0201555 2.02195e-10 0.0364056 0.263382 0.311981 1.11429e-10 
0.016412 0.0382049 0.148758 0.00841449 0.186532 0.147569 5.62648e-05 0.0125845 0.0250554 0.00279417 0.00141374 0.0137504 4.07857e-06 0.0565119 0.0139866 0.00794758 1.50964e-05 0.0202883 0.00690097 0.290897 0.00190294 
2.61292e-05 0.0321223 0.0260115 0.0168511 0.04451 0.0451388 0.00012707 0.00133727 0.0895319 0.00953486 0.00122517 0.0316427 0.000153442 0.0714654 0.00304796 0.0247715 9.58336e-06 0.157792 0.0900794 0.353521 0.00110088 
2.1646e-07 0.00101349 0.000619611 0.0022599 0.0135758 0.224758 6.12258e-05 5.20858e-06 0.00615383 6.70318e-05 4.51514e-06 0.00498423 1.74108e-07 0.000178294 0.00185251 0.000303253 1.37751e-06 0.0310799 0.00548998 0.707588 3.27406e-06 
5.46586e-07 0.0143492 0.00195669 1.88231e-05 0.000157621 9.35214e-05 2.57998e-06 1.3271e-06 0.000177623 1.32785e-05 0.000888801 0.0153009 0.000240137 3.50598e-05 1.11657e-05 0.00684452 3.30655e-06 5.46628e-07 4.45044e-05 0.959857 3.0475e-06 
9.48561e-08 0.206029 0.0397446 0.00198186 0.000812987 0.000851069 6.98282e-08 0.0659273 0.0382446 0.140762 5.74372e-05 0.00398557 1.64785e-10 8.76167e-06 1.88295e-05 0.0237738 3.02885e-06 0.000356668 0.039947 0.43747 2.4609e-05 
0.000184018 0.0558373 0.0117307 0.00841178 0.0273333 0.00273613 0.0249104 0.00015234 0.0369322 0.019871 0.00030879 0.0705744 0.00013775 0.00668109 0.0016949 0.0038931 3.59909e-06 0.0574797 0.0463007 0.62377 0.00105695 
8.64581e-05 0.00899491 0.102205 0.0128052 0.0469973 0.0434541 0.00146582 4.77742e-05 0.0727118 0.00392499 0.000346712 0.161139 0.00014557 0.0164813 0.00390555 0.00695163 5.24989e-07 0.072572 0.084559 0.36105 0.000155289 
3.21096e-06 0.0435946 0.00149233 0.00944427 0.0453998 0.0142331 6.71026e-07 3.90983e-05 0.266864 0.00288974 0.00223813 0.00751633 7.76809e-07 0.00381731 0.000469818 0.00846162 3.41309e-06 0.142067 0.0595527 0.38985 0.00206162 
0.00023066 0.00473364 0.0197944 0.0918806 0.109896 0.0880247 0.00115218 7.61407e-05 0.10264 0.0133754 6.8408e-05 0.0254281 3.14478e-05 0.0934306 0.0355127 0.00569592 0.000126469 0.0104269 0.157866 0.239569 4.13644e-05 
0.000219443 0.279041 0.0483541 0.00321935 0.0462091 0.0265173 0.00389499 0.00190813 0.0161527 0.00939688 0.000354173 0.0778009 8.43295e-06 0.0292833 0.0112565 0.0518486 0.000538117 0.00138777 0.0284224 0.325391 0.0387958 
2.41843e-05 0.0293089 0.0234005 0.00233674 0.00837516 0.104995 3.72124e-05 5.97546e-05 0.0162029 0.00063982 0.000107384 0.000620969 1.81389e-05 0.0311242 2.91209e-05 0.00633559 2.43145e-08 0.0128277 0.00673677 0.756683 0.000136676 
1.68365e-05 0.0802375 0.000163711 0.0321435 0.000184937 0.0182292 1.9728e-10 0.18973 0.00330031 0.00272018 5.37189e-06 0.00509571 1.52401e-10 0.00297169 0.00194079 4.06248e-05 2.52837e-10 0.0113502 0.00794801 0.643606 0.000315292 
5.09581e-07 0.00706109 0.0022147 0.000215658 0.00224168 0.0347896 2.20963e-06 6.10843e-05 0.00337067 0.000947678 2.93079e-05 0.00455276 7.23773e-07 0.00933934 2.19848e-05 0.00102218 3.22553e-06 0.0306545 0.00179867 0.901672 8.37903e-07 
3.7457e-05 0.0582237 0.0133872 0.000855212 0.000444801 0.0899295 2.35419e-11 4.26562e-08 0.0354475 1.2192e-07 0.000101607 6.37667e-07 1.81864e-11 0.0215468 2.0372e-05 0.000462219 5.68761e-07 0.00112712 0.000304579 0.763362 0.0147487 
5.01899e-06 0.0133995 0.0172688 0.00188556 0.0116682 0.110221 2.57243e-06 0.000158998 0.0419434 0.0109158 0.000447544 0.0105149 3.74245e-07 0.00595837 0.000816892 0.0101094 4.94735e-09 0.00828673 0.0120435 0.744077 0.000276254 
0.000125441 0.0239858 0.0143396 0.0261619 0.0138681 0.0647177 1.0706e-05 2.31207e-05 0.102612 8.93379e-05 0.0114716 0.0654936 7.07766e-07 0.0618864 0.0135895 0.00318199 2.59428e-06 0.213598 0.141474 0.242726 0.000641236 
0.0067187 0.172029 0.0323131 0.00680942 0.0375632 0.013152 0.00669313 0.000437042 0.0236231 0.00717282 0.000944989 0.11568 0.000507269 0.00703542 0.0043677 0.00962601 0.00571842 0.0292178 0.0266513 0.493478 0.000261397 
9.72321e-11 0.0567738 0.139617 0.00151702 0.000748862 0.0176474 4.58953e-10 1.67295e-05 2.03586e-06 5.88281e-08 0.00088592 0.180209 3.54547e-10 0.0275053 9.93021e-06 0.139994 0.00236126 0.0395174 0.0598709 0.333289 3.49559e-05 
1.32112e-05 0.00848221 0.0183776 0.0119023 0.00687509 0.127326 6.48766e-06 3.09252e-09 0.112716 0.01291 0.000188313 0.0113927 0.000109933 0.0366769 0.00300473 0.011639 4.08058e-06 0.140411 0.0170262 0.479995 0.000943145 
0.000541786 0.0269677 0.0342779 0.0220501 0.0195243 0.040545 0.001555 0.000779012 0.100104 0.00991381 0.00171759 0.0281886 6.3767e-05 0.0467144 0.00651331 0.0484296 0.000121352 0.0216707 0.0629296 0.527 0.000392088 
5.68575e-06 0.00874961 0.0136177 0.00279649 0.0154028 0.00593017 1.33388e-05 1.09606e-05 0.00530955 0.0828271 0.000299945 0.0156253 2.14611e-06 0.00808335 0.00276467 0.00404999 4.95645e-09 0.0658499 0.127417 0.641224 2.11866e-05 
6.93667e-06 0.0443498 0.0163997 0.00860709 0.0340928 0.00903058 0.000315837 0.000455485 0.0908426 0.0013359 0.00353964 0.0320536 9.81783e-06 0.0335027 0.000813424 0.0495388 3.05395e-05 0.2397 0.0372019 0.396976 0.00119669 
2.27951e-05 0.0244266 0.0196036 0.0174825 0.0162269 0.0441338 0.000334748 0.00041925 0.0408568 0.00180879 0.00107056 0.059627 3.34893e-05 0.0282698 0.00209208 0.00649986 3.13773e-06 0.0161321 0.0674465 0.653288 0.000221711 
1.92523e-07 0.0290687 0.0217296 0.00350327 0.0675021 0.0242052 1.90162e-06 0.00098263 0.0145869 0.000500155 1.83293e-06 0.0168686 1.41927e-07 0.00683427 0.00453567 0.00819234 5.0324e-10 0.00441287 0.213044 0.584008 2.16922e-05 
1.13307e-05 0.0138291 0.0074695 0.0199943 0.00799271 0.0386326 7.00683e-05 0.00196016 0.0166319 0.000262974 2.24903e-06 0.0243004 9.65929e-07 0.0112088 0.00529683 0.00313299 8.13397e-07 0.00227093 0.0157169 0.83116 5.48828e-05 
2.98183e-05 3.69144e-06 0.0304323 7.06659e-05 0.000104758 0.0967671 3.06674e-08 1.57748e-08 0.0142616 0.000151759 3.68936e-06 5.42109e-07 2.36909e-08 0.000148856 1.08773e-08 0.0175089 3.93038e-08 6.62748e-05 0.000341078 0.839801 0.000307508 
0.0021447 0.0129764 0.0275429 0.0072654 0.0891532 0.0701524 0.000484671 0.000105936 0.053756 0.00101869 0.000136593 0.0602497 3.78729e-05 0.016939 0.00409416 0.0182575 5.15296e-09 0.00718155 0.195643 0.432796 6.45439e-05 
0.000152848 0.0129697 0.033054 0.0138956 0.183165 0.116417 0.00148093 0.000285736 0.0321039 0.00141481 0.000131763 0.00191071 0.00144983 0.0945685 0.00100622 0.00133605 3.44481e-05 0.0455649 0.0993955 0.357872 0.00179023 
8.08361e-05 0.0199636 0.0248076 0.00445012 0.152144 0.225192 7.49567e-06 7.86488e-05 0.113541 0.00118342 0.00423556 0.0307407 4.92029e-05 0.0451134 0.000233872 0.0141773 0.00224221 0.0585927 0.0234628 0.275994 0.0037088 
0.000393765 0.0236525 0.0168932 0.00534916 0.0254552 0.0302821 0.000174069 0.000486599 0.0266065 0.00553221 0.00149217 0.054505 3.3818e-05 0.0125159 0.00578132 0.0108974 4.25533e-05 0.0254452 0.0367699 0.7163 0.00139131 
4.3433e-06 0.0179819 0.0011141 0.000825003 0.0015597 0.00176297 9.43315e-07 8.24987e-08 0.0257272 0.00107989 0.000758233 0.0728165 2.0054e-07 0.00417119 0.000578805 0.0100459 1.14038e-09 0.00947407 0.010816 0.836618 0.00466447 
8.75023e-05 0.0765074 0.0990771 0.0110033 0.0129257 0.0551138 9.72354e-06 0.00150895 0.142844 0.00637902 0.00465976 0.02659 1.43506e-06 0.121942 0.00600756 0.0118177 0.0256435 0.0980942 0.0903951 0.200509 0.00888337 
3.39288e-05 0.0746237 0.105366 0.0333303 0.0248563 0.0838971 0.00249732 0.00414637 0.0234716 0.00125633 0.00851079 0.0545271 1.71276e-05 0.101981 0.00777585 0.0193604 1.67799e-05 0.0356472 0.0894281 0.328405 0.000851382 
9.72321e-11 0.0567738 0.139617 0.00151702 0.000748862 0.0176474 4.58953e-10 1.67295e-05 2.03586e-06 5.88281e-08 0.00088592 0.180209 3.54547e-10 0.0275053 9.93021e-06 0.139994 0.00236126 0.0395174 0.0598709 0.333289 3.49559e-05 
6.79311e-05 0.022605 0.0175069 0.00121343 0.183432 0.138818 0.000190246 5.44007e-05 0.0779616 0.009537 0.00110173 0.00398991 6.4727e-06 0.0211238 0.000166701 0.0167789 3.06411e-09 0.00393127 0.15811 0.343378 2.70389e-05 
3.31211e-11 0.0463994 0.102139 0.029611 0.0499736 0.181996 1.56337e-10 8.04174e-11 0.208502 2.08159e-11 1.09673e-06 1.42711e-06 9.79127e-08 0.0404343 0.0104455 0.00207081 2.00364e-10 0.031245 0.0208964 0.276285 1.1042e-10 
8.89653e-05 0.0397366 0.160532 0.00604117 0.00786944 0.127362 7.62109e-07 0.000146973 0.187934 0.000643717 0.000558248 0.0359727 8.01936e-05 0.102624 0.00577246 0.00219324 0.00336113 0.033705 0.0142038 0.269909 0.00126373 
2.10994e-06 0.0582027 0.00143699 0.000891584 0.0109554 0.162406 2.30623e-08 1.93238e-06 0.0165452 0.000139262 0.0136447 0.000495857 3.60018e-07 0.022337 0.00016353 0.00109746 2.9557e-08 0.0433606 0.00194556 0.666287 8.6052e-05 
2.11709e-08 0.00734779 0.0715654 5.00589e-06 0.0119607 0.0605133 2.49203e-10 1.28186e-10 0.0189755 1.01868e-06 1.42141e-06 2.11785e-06 1.92512e-10 0.0709676 8.8389e-11 0.126392 3.19382e-10 4.80526e-07 0.0127087 0.619559 1.76011e-10 
0.000266499 0.0237645 0.0257492 0.0242023 0.0438108 0.164521 4.33937e-05 0.000120447 0.0813 0.0109514 0.00219084 0.0360246 3.48246e-05 0.0171791 0.0025795 0.0291019 0.000208046 0.0128789 0.0471432 0.39084 0.0870895 
7.71558e-06 0.334907 0.00185494 0.050627 0.0140842 0.0195779 1.40565e-06 0.00333309 5.89665e-08 0.0124927 1.23896e-09 0.0271068 0.00164926 2.3928e-06 0.000260161 0.016286 3.25741e-09 0.126903 0.00399361 0.385859 0.0010543 
1.68365e-05 0.0802375 0.000163711 0.0321435 0.000184937 0.0182292 1.9728e-10 0.18973 0.00330031 0.00272018 5.37189e-06 0.00509571 1.52401e-10 0.00297169 0.00194079 4.06248e-05 2.52837e-10 0.0113502 0.00794801 0.643606 0.000315292 
0.000152768 0.0213832 0.0692902 0.00967406 0.0523918 0.0167825 0.000534161 0.00488361 0.0458552 0.00374331 7.31833e-05 0.0760858 0.000645221 0.0191352 0.00451462 0.00535134 5.57202e-05 0.013172 0.205682 0.449943 0.000650667 
1.68365e-05 0.0802375 0.000163711 0.0321435 0.000184937 0.0182292 1.9728e-10 0.18973 0.00330031 0.00272018 5.37189e-06 0.00509571 1.52401e-10 0.00297169 0.00194079 4.06248e-05 2.52837e-10 0.0113502 0.00794801 0.643606 0.000315292 
3.21975e-05 0.0220164 0.0286844 0.00604579 0.0421327 0.123132 0.000360307 7.12927e-05 0.019594 0.0017772 0.000106515 0.000888333 0.000315977 0.0504996 0.000151002 0.00521757 5.38192e-06 0.021009 0.0281318 0.649268 0.000560982 
5.67786e-05 0.0224435 0.0441038 0.00085462 0.156631 0.0682586 0.00344169 0.000763171 0.00195228 0.0375113 0.00158422 0.129334 1.02333e-05 1.92524e-07 0.00420886 0.00550604 6.305e-10 0.0206347 0.159845 0.32941 0.0134498 
3.49545e-05 0.00882618 0.00875206 0.00887583 0.0105437 0.00131226 0.000119595 9.33277e-05 0.0632513 0.000752464 0.000241367 0.283951 1.61083e-05 0.0199555 0.000166259 0.00483198 3.33827e-05 0.0221714 0.095727 0.469628 0.00071644 
4.30937e-05 0.0398379 0.0278269 0.0226421 0.00703057 0.145424 2.1415e-05 0.000125998 0.168958 0.0327191 0.00220857 0.0281831 1.84287e-05 0.055872 0.00226963 0.00546555 4.43708e-06 0.00556352 0.146432 0.309165 0.000189214 
2.8536e-05 0.0059523 0.0120736 0.0089834 0.0144972 0.0674864 0.000108924 3.54186e-06 0.0399505 0.00132852 0.000794156 0.0539477 3.88341e-05 0.00436978 0.0190805 0.00936045 1.38211e-05 0.0674615 0.00740485 0.686245 0.000870663 
1.68365e-05 0.0802375 0.000163711 0.0321435 0.000184937 0.0182292 1.9728e-10 0.18973 0.00330031 0.00272018 5.37189e-06 0.00509571 1.52401e-10 0.00297169 0.00194079 4.06248e-05 2.52837e-10 0.0113502 0.00794801 0.643606 0.000315292 
2.26505e-05 0.0390246 0.0298329 0.0111113 0.0349929 0.233481 2.33131e-05 4.18254e-05 0.0243751 0.0191972 2.73265e-05 0.00238024 2.11463e-05 0.0370236 1.97267e-05 0.00998854 3.42202e-05 0.0148311 0.00923283 0.534283 5.56412e-05 
6.5652e-05 0.0144618 0.012772 0.0024485 0.0173333 0.0835929 0.000521134 5.34476e-05 0.0546509 0.00286035 0.00398649 0.155569 1.70161e-05 0.0117019 0.0199296 0.00776797 5.2929e-07 0.00482703 0.00518154 0.469476 0.132783 
0.00315136 0.0898514 0.0496025 0.000988334 0.0842377 0.0612032 7.61138e-05 0.000967968 0.0338907 0.00856861 0.00118118 0.0312272 4.01737e-06 0.0105631 0.0115004 0.251794 4.91311e-05 0.0195041 0.0370208 0.299584 0.00503446 
1.68365e-05 0.0802375 0.000163711 0.0321435 0.000184937 0.0182292 1.9728e-10 0.18973 0.00330031 0.00272018 5.37189e-06 0.00509571 1.52401e-10 0.00297169 0.00194079 4.06248e-05 2.52837e-10 0.0113502 0.00794801 0.643606 0.000315292 
0.0073421 0.0167377 0.0635924 0.00401477 0.0597183 0.066937 7.56718e-05 0.00217813 0.0380392 0.00428307 0.000222381 0.0112447 9.30882e-06 0.0124902 0.00240252 0.143261 4.62984e-06 0.00846378 0.0477918 0.510996 0.000195012 
