2.702e-05 0.0679874 0.233655 0.00991207 0.198772 0.0534789 2.06717e-05 0.000157604 0.0471347 0.00578226 0.00515113 0.0456648 2.39136e-06 0.172227 0.0206762 0.0221221 0.00038707 0.00573073 0.061163 0.00368024 0.0462674 
2.54573e-09 0.00297652 0.917875 0.00169837 0.000365293 0.053181 1.20163e-08 2.12941e-06 3.1144e-06 1.59994e-09 5.85753e-09 0.000582243 9.28274e-09 0.00268482 0.00230707 0.0177777 0.000416915 7.68003e-07 1.07449e-06 0.000127501 8.03776e-07 
6.59e-07 0.00238282 0.406624 0.00150863 0.0203766 0.0203928 1.26965e-05 5.99709e-07 0.270868 2.54646e-07 2.46107e-05 1.17845e-08 1.94695e-09 0.251201 0.0019169 0.0205881 1.66481e-06 0.000174231 0.00389553 2.90555e-05 2.23992e-06 
1.9063e-06 0.0158277 0.268624 0.0274497 0.0375597 0.0200188 1.90418e-06 0.0232489 0.0985758 0.00400559 1.90557e-06 0.0941853 1.90481e-06 0.15997 0.0638504 0.00476719 1.90343e-06 1.90631e-06 0.181901 1.90543e-06 1.90498e-06 
1.82112e-06 0.0691932 0.282852 0.0171787 0.0655294 0.0330906 0.00518926 0.000385234 0.0847053 0.00139089 0.00606769 0.0376968 5.73528e-07 0.064229 0.134334 0.101593 8.75555e-10 0.0144646 0.0777522 0.0042724 7.24165e-05 
0.000775205 0.00586298 0.440986 0.0143798 0.247842 0.0113675 1.16285e-05 0.00260576 0.0289915 0.000575941 0.00163858 0.000393908 3.65558e-07 0.198561 0.00750784 0.000193363 6.07197e-06 0.0224298 0.00981891 0.00603624 1.56092e-05 
1.52188e-05 0.0681007 0.334157 0.0178949 0.0355187 0.15793 9.01005e-06 0.0003048 0.0507785 0.00425055 0.00807437 0.0743686 1.9255e-06 0.0289314 0.0789843 0.112294 0.00690695 0.0176856 0.00187502 0.00124955 0.000669465 
0.0346599 0.0420067 0.246002 0.0198715 0.127322 0.00565958 0.00446054 0.000624389 0.0816723 0.00375108 0.0452825 0.112867 2.80828e-08 0.0174409 0.0672463 0.0498335 3.04896e-10 0.0168545 0.118368 0.00403639 0.00204149 
1.79739e-05 0.0339238 0.795548 0.00326972 0.000705439 0.000841181 2.08005e-05 9.19103e-05 0.00189306 0.000138101 0.000549161 0.0547317 8.84383e-07 0.0226721 0.000374239 0.0355487 0.00144344 0.0104352 0.0350649 0.00258786 0.000141427 
0.000433075 0.0437441 0.611995 0.00194411 0.0212525 0.00636714 1.75699e-06 0.00127751 0.154076 0.000421228 3.4166e-05 0.00947567 1.61102e-07 0.0836747 0.00785187 0.0016447 4.95002e-07 0.0116438 0.0370724 0.00298715 0.00410259 
4.18984e-06 0.0242098 0.288277 0.00214214 0.00359972 0.0457837 1.46914e-05 0.000220744 0.256423 0.000995211 0.00491363 0.000576664 1.00967e-06 0.144337 1.34778e-05 0.180369 2.73321e-10 0.000240916 0.0471678 0.000706821 2.9969e-06 
2.29125e-06 0.0877391 0.313412 0.0184356 0.276132 0.00134997 3.05917e-05 0.000998499 0.0163443 0.000997352 0.00707508 0.0653057 7.85986e-05 0.0563671 0.115854 0.00869207 1.96814e-08 0.00353374 0.0258819 0.00134043 0.000430437 
0.000413878 0.0940208 0.343596 0.0149517 0.286798 0.0389667 0.000110029 0.000910408 0.030271 0.000343049 0.00274982 0.0071723 0.000111544 0.0698412 0.00869246 0.00886404 0.000275331 0.0193814 0.0626055 0.00722812 0.00269691 
9.92237e-07 0.014892 0.596427 0.0207777 0.00980397 0.0056023 0.000721091 7.59121e-05 0.0150608 3.58567e-05 0.00570984 0.0496853 1.25994e-06 0.0388138 0.00615127 0.135484 1.40335e-05 0.000159009 0.100261 0.00011918 0.00020382 
1.15838e-05 0.0263923 0.290569 0.00825882 0.0555577 0.0177721 9.29189e-06 0.000635623 0.0527993 0.0314113 0.00132904 0.0444521 9.57056e-07 0.108179 0.0478778 0.0478017 4.80316e-06 0.177963 0.0851918 0.00172144 0.00206085 
4.36066e-05 0.00483279 0.811448 0.00518799 3.69316e-05 0.0078951 1.14949e-05 5.55655e-06 3.71782e-05 0.000608366 3.02046e-05 0.100309 1.00885e-05 0.0021777 0.00108774 0.00155107 5.66974e-09 2.54559e-05 1.71495e-05 0.000309261 0.0643751 
1.63958e-05 0.0212249 0.356049 0.0133106 0.148939 0.009041 0.00174591 0.000445197 0.0464335 0.0220421 0.0440713 0.0187389 1.16858e-07 0.0204467 0.148129 0.0317752 9.18044e-10 0.00412657 0.0987162 0.0142919 0.000455817 
0.000315514 0.0138487 0.304388 0.00458596 0.0210494 0.0597262 0.0174435 2.06849e-05 0.125584 0.000320049 0.04408 0.114739 7.57536e-07 0.18779 0.0122739 0.037207 0.00120938 0.00037236 0.0509612 0.00291086 0.00117358 
5.23639e-06 0.000721662 0.602124 0.00349962 0.0279652 0.0135127 4.53865e-07 2.36894e-05 0.0463638 2.6903e-06 3.38196e-07 0.00070663 2.23293e-11 0.0656177 0.00204685 0.0340724 7.23398e-08 0.00182669 0.198189 0.00332177 1.14088e-08 
2.37737e-06 0.00819222 0.6758 0.0114288 0.00204425 0.00735295 1.39012e-06 0.000156672 0.114827 2.23772e-05 0.00144739 0.0221213 3.53455e-08 0.00639251 0.000370024 0.0833564 2.65489e-07 0.000555577 0.0612142 0.00422884 0.00048569 
0.000113743 0.225728 0.398882 0.00699752 0.0459244 0.066841 0.0112838 0.000467169 0.0211747 0.00425493 0.000158298 0.078525 2.55034e-06 0.0275155 0.000936839 0.0689569 2.74808e-08 3.49313e-06 0.0410232 9.05226e-07 0.00121066 
1.66153e-05 0.0983711 0.27151 0.0302725 0.0151733 0.0645344 0.00333928 3.32778e-06 0.126879 0.0193661 0.00328567 0.107119 2.94089e-06 0.0416406 0.0165117 0.0647711 0.00232085 0.0531929 0.0485744 0.0320044 0.00111181 
0.00108083 0.0394706 0.798721 0.00315531 0.000941798 0.0263097 1.87504e-05 0.000175975 0.116242 2.54291e-08 7.59796e-07 0.00423111 1.00795e-08 0.000127777 0.000571439 0.00246461 1.0663e-10 0.00363555 8.88985e-06 0.00133239 0.00151088 
0.00779355 0.0268778 0.502218 0.00974194 0.0773261 0.0023351 0.000123328 0.000455045 0.0728731 0.00449437 0.00477002 0.00465898 4.63514e-07 0.131922 0.0199965 0.0164836 8.49918e-08 0.00622595 0.109718 0.00170759 0.000278401 
5.26884e-11 0.0348768 0.592526 0.00306475 0.137743 0.0260762 2.48698e-10 0.000306384 0.021143 0.000549545 0.000178197 0.00211169 3.28912e-06 0.138821 0.000611062 0.00241635 8.98798e-06 0.0376403 0.000623383 0.000439667 0.000860038 
0.00397246 0.103835 0.290665 0.0341597 0.0400498 0.0212567 0.00061978 0.00111775 0.0483958 0.00279417 0.0248316 0.0271256 2.12701e-06 0.0701261 0.0483035 0.0744641 0.00027655 0.00386981 0.114227 0.022994 0.066914 
0.00450417 0.0560238 0.391012 0.00644096 0.0679223 0.051803 0.000396657 0.0421557 0.0240301 0.0178507 0.000147948 0.00499799 2.48557e-06 0.106149 0.0058139 0.00259081 2.89689e-09 0.0173829 0.199965 0.000771579 3.86082e-05 
0.000261354 0.0734391 0.352676 0.0129081 0.0313821 0.00622057 0.000112848 0.000143354 0.102927 0.000783418 0.000393718 0.111304 2.44039e-07 0.0885983 0.0647203 0.02099 1.13275e-08 0.0014718 0.131491 0.000120925 5.59983e-05 
2.38581e-05 0.0526482 0.42885 0.067815 0.0107114 0.0542595 2.79978e-06 0.000131296 0.00982598 0.00079217 0.0055639 0.181802 5.86069e-05 0.0692032 1.19801e-05 0.0746824 1.52641e-07 0.0097427 0.0242954 0.00775619 0.00182349 
0.000922522 0.0622102 0.306455 0.0682254 0.0599618 0.0785107 0.00940659 0.00114428 0.132294 0.0112104 0.00702843 0.0232342 0.000814662 0.0766803 0.00926874 0.020762 0.000527964 0.0383773 0.0787729 0.0118876 0.00230446 
0.0106748 0.0823819 0.430774 0.00259972 0.105992 0.0464463 4.02061e-05 0.0114129 0.131951 0.00132899 0.00220995 0.00112513 1.73246e-06 0.0795532 0.00684007 0.00165918 0.0012192 0.0314865 0.0511772 0.00093263 0.000193548 
0.000653336 0.0388668 0.388888 0.000558213 0.32956 0.0045504 1.33131e-05 0.00229081 0.0245844 0.00254642 5.12579e-06 0.00578636 1.45635e-07 0.00497928 0.00885362 0.0125827 2.18132e-09 0.0297668 0.14524 0.000234158 3.89773e-05 
1.63958e-05 0.0212249 0.356049 0.0133106 0.148939 0.009041 0.00174591 0.000445197 0.0464335 0.0220421 0.0440713 0.0187389 1.16858e-07 0.0204467 0.148129 0.0317752 9.18044e-10 0.00412657 0.0987162 0.0142919 0.000455817 
4.37115e-07 0.139725 0.408524 0.00999492 0.00195227 0.262491 0.000254007 0.000318302 0.0293318 0.00014378 0.00286641 0.0810236 6.13026e-07 0.0370876 5.56223e-07 0.0123859 4.24867e-06 0.000413606 0.0120555 0.00106201 0.000364902 
5.07725e-05 0.00911306 0.393054 0.00128168 0.0257054 0.253086 1.11288e-07 9.00703e-05 0.160414 0.000163425 0.000220547 0.00110146 4.09088e-06 0.0252689 0.000603659 0.0070146 3.86208e-08 0.013984 0.0994723 0.00932092 5.11571e-05 
0.0567456 0.0477343 0.317224 0.002589 0.223143 0.012275 0.0517813 4.48174e-05 0.0397938 0.00276036 0.000616093 0.0387939 2.31592e-05 0.00755915 0.095655 0.0242863 3.65188e-08 0.00429863 0.0657583 0.00886507 5.35839e-05 
0.00966633 0.0645043 0.245834 0.0261071 0.0126203 0.0310587 6.19877e-05 0.00123128 0.0573432 0.00615256 0.000402064 0.0778472 9.37815e-08 0.171761 0.0468503 0.0142025 2.14563e-06 0.016752 0.19811 0.0152438 0.004249 
0.00152747 0.0697008 0.418878 0.0147639 0.0245707 0.0564934 0.000135806 0.000534929 0.0700607 0.00655533 0.0322038 0.00853343 1.6055e-05 0.0483022 0.000546145 0.0361523 0.000423262 0.0325406 0.170222 0.00736068 0.000479004 
0.00766878 0.0335039 0.540024 0.00234425 0.0313435 0.0240163 0.00148865 7.70723e-06 0.0459258 0.0576652 0.000718646 0.0332474 0.00892009 0.0113879 0.00944875 0.142441 3.10545e-07 0.00673905 0.0339937 0.00511532 0.00399961 
0.00223313 0.0645178 0.207096 0.0296188 0.0698435 0.045119 0.000250007 0.002224 0.146788 0.0197536 0.00394343 0.047299 0.000298126 0.155135 0.0493807 0.0147358 1.78065e-05 0.0651817 0.0648201 0.00927348 0.00247101 
0.000116047 0.0807013 0.384881 0.0209248 0.0584625 0.0369664 0.000715508 0.00111106 0.0573312 0.017459 0.00322476 0.020475 4.13829e-06 0.119089 0.0319552 0.0238774 0.000212915 0.00323404 0.131425 0.00754885 0.000284673 
4.28622e-06 0.00558481 0.42499 0.00266316 0.0263006 0.0835233 8.63194e-07 1.41713e-07 0.257907 0.0171441 0.00015813 0.00566384 1.45995e-06 0.0707051 0.000987064 0.00137489 0.00414165 0.0412093 0.0334576 0.0241803 3.01607e-06 
4.86618e-05 0.00242822 0.383011 0.0116277 0.0653932 0.00820784 1.18028e-05 7.48643e-05 0.119792 3.09513e-05 8.81848e-05 0.00335576 3.16782e-10 0.370717 0.000738256 0.00131595 2.25366e-08 0.000355138 0.0274188 0.00122521 0.00415969 
0.00356403 0.0555518 0.308255 0.0140453 0.122466 0.0472752 0.00421752 0.00633658 0.124986 0.00466504 0.00232965 0.0152897 1.35642e-05 0.150715 0.00866706 0.0184184 0.000921089 0.0197998 0.0782747 0.0130946 0.00111403 
2.63945e-06 0.0329058 0.870839 0.0121229 0.00153536 0.0434532 2.44747e-07 9.72997e-06 0.00688673 0.000299741 0.00356297 0.012526 7.28805e-08 0.00596389 0.00188997 0.00118641 1.0471e-09 1.73104e-10 0.00536966 0.000228368 0.0012176 
8.94032e-10 0.00623765 0.368764 0.00965666 0.147007 0.00864248 0.000297883 0.000278274 0.0745935 4.15569e-05 5.07963e-05 0.0467207 3.25999e-09 0.192152 0.00222613 0.0399117 5.4084e-09 0.00172311 0.0979498 0.00373326 1.41747e-05 
0.000166145 0.0452559 0.450818 0.00377653 0.0329379 0.0244694 0.00311623 0.00203407 0.0335257 0.00294604 0.000138527 0.0524346 0.000187672 0.0446328 0.0466959 0.00306103 0.000358607 0.0934272 0.156092 0.00385945 6.58734e-05 
1.44763e-05 0.0692411 0.329349 0.0119871 0.0200636 0.00574838 0.000799952 0.00133627 0.0539006 0.00313244 0.0318453 0.15629 3.43137e-06 0.0253636 0.0649436 0.145195 0.00189037 0.00432801 0.0716881 0.00283772 4.18737e-05 
1.43959e-05 0.0384184 0.433606 0.00332146 0.206075 0.0268931 0.000655547 0.000313685 0.080399 0.00132494 0.00464083 0.00357494 1.95887e-06 0.0497785 0.0124488 0.00348242 6.21631e-06 0.0127129 0.112431 0.00976703 0.000133863 
1.05693e-08 0.0015021 0.400281 0.000693153 0.0229593 0.000128559 0.000826022 2.74614e-06 0.000537409 6.64257e-09 1.69603e-05 0.199046 3.85398e-08 1.68203e-05 0.0118994 0.350524 0.00113005 5.93696e-05 0.0102584 2.53163e-05 9.33687e-05 
0.000530828 0.0126359 0.692942 0.00164366 0.015151 0.00878883 0.00193106 0.00355879 0.0317019 0.0370158 0.00640277 0.0248581 1.06256e-05 0.0187766 0.0187188 0.0118612 4.9505e-05 0.00566409 0.0931726 0.0106969 0.0038894 
5.24242e-05 0.155217 0.290289 0.0415192 0.00523516 0.00965859 0.000220829 4.42504e-05 0.0704152 0.0108677 0.0470466 0.148967 8.91676e-05 0.00287176 0.140253 0.0380207 0.000711103 0.0202225 0.0179455 0.000266108 8.72672e-05 
0.315492 0.0512966 0.425302 0.000595212 0.0287235 0.00208317 0.0012927 0.000588404 0.000519101 7.19037e-05 0.000134285 0.00811924 3.68823e-08 0.0413434 0.119579 0.000299776 1.25608e-06 0.000422165 0.00265143 1.78907e-05 0.00146739 
0.112672 0.0467496 0.514433 0.00260005 0.128033 0.0164903 1.14345e-05 0.00276267 0.0607301 0.000373052 0.00466134 0.0018142 8.31868e-07 0.00188103 0.00196584 0.0798593 8.29483e-05 0.00147917 0.0125298 0.0108589 1.08512e-05 
1.89048e-06 0.0472801 0.293371 0.000369865 0.00026368 0.00178892 4.52328e-07 0.00200897 0.201506 1.08418e-05 0.000116772 0.278001 0.000813615 3.35861e-05 0.0014818 0.0639569 0.0201002 4.22306e-06 0.0885809 0.00030562 4.06517e-06 
4.29269e-05 0.00191273 0.918019 0.00160149 0.017997 0.0330947 3.72324e-06 4.66582e-06 0.0105006 2.20759e-05 2.70796e-06 0.00235875 5.3768e-08 0.00188391 0.000241753 0.00790646 5.93245e-06 4.29432e-07 0.00384379 0.000354737 0.000202142 
4.57669e-05 0.0638918 0.281644 0.0183055 0.0668722 0.0684764 0.000283308 0.00158278 0.0888962 0.00144228 0.00464082 0.0243226 0.00311509 0.134215 0.001504 0.0069233 0.00012365 0.0394491 0.185213 0.00837558 0.000677533 
4.41424e-09 0.00204423 0.697821 0.00149355 0.00390463 0.0058097 1.95334e-05 1.07177e-08 0.00228164 2.77425e-09 2.92344e-05 0.00551265 4.16682e-06 9.61908e-05 5.96098e-05 0.0194719 0.252811 7.9494e-06 0.00854149 2.0872e-07 9.10932e-05 
9.85693e-05 0.0938846 0.190925 0.0337689 0.0536961 0.0210755 6.09447e-07 9.91214e-05 0.125561 0.0141646 0.000722831 0.0283519 3.00198e-06 0.129358 0.0792304 0.136438 4.19115e-06 0.0364722 0.0403451 0.0037743 0.0120269 
0.000351292 0.0215631 0.445835 0.00729037 0.114857 0.0435728 1.06603e-06 2.43043e-05 0.16405 0.00115476 0.000389546 0.0043435 2.0098e-10 0.110298 0.000596175 0.0175847 4.14159e-07 0.00305661 0.0648131 3.05719e-05 0.000187135 
1.6421e-07 0.00277959 0.385109 0.00406842 0.00390967 0.357776 0.000209074 1.42105e-05 0.0502086 2.5535e-07 3.36928e-06 0.00419663 3.04522e-07 0.126681 3.21537e-05 0.0259513 9.47001e-08 0.0118201 0.0263309 0.000908912 1.23928e-09 
2.59012e-06 0.0503134 0.313382 0.0161914 0.0256937 0.0499832 1.49596e-05 0.000367258 0.185428 0.000859472 0.0111538 0.00972154 3.29757e-06 0.0272529 0.0190802 0.0304267 0.000147637 0.0302444 0.226837 0.00283329 6.34888e-05 
0.00329038 0.0415412 0.551797 0.0599841 0.0140645 0.06411 0.00138405 0.000884352 0.0162432 3.68026e-05 0.00208438 0.0131827 6.16392e-06 0.181483 0.000156954 0.014147 8.54582e-06 0.000779094 0.0340152 8.90716e-05 0.000712407 
5.23639e-06 0.000721662 0.602124 0.00349962 0.0279652 0.0135127 4.53865e-07 2.36894e-05 0.0463638 2.6903e-06 3.38196e-07 0.00070663 2.23293e-11 0.0656177 0.00204685 0.0340724 7.23398e-08 0.00182669 0.198189 0.00332177 1.14088e-08 
0.0129869 0.0177607 0.483333 0.119611 0.0186483 0.0085777 0.000889482 0.000663627 0.0629288 0.00239557 0.000533055 0.0115006 4.13104e-05 0.0926242 0.0114383 0.0305615 7.59441e-07 0.00716191 0.114372 0.00347371 0.000498531 
3.71691e-05 0.141355 0.403645 0.031377 0.0218667 0.00349478 8.96015e-06 0.0071346 0.0598835 0.00224 0.00544523 0.0493366 5.54898e-07 0.155172 0.00282425 0.0504817 3.93743e-08 0.000788386 0.0646083 0.000198722 0.000100639 
0.00453445 0.0490067 0.483127 0.00147508 0.0736204 0.0027666 0.000295904 0.00297945 0.038992 0.0214194 0.000169997 0.0486886 0.0185399 0.0194553 0.157225 0.011167 1.47674e-07 0.0135465 0.0498432 0.00207655 0.00107052 
0.00861035 0.0213483 0.227276 0.099327 0.099216 0.00215641 0.00479707 0.000586387 0.0798577 0.14105 0.000559221 0.0281637 4.98177e-05 0.0559912 0.0746278 0.0562964 0.000189666 0.0374702 0.0618958 0.000325849 0.000205552 
0.00155378 0.073889 0.358582 0.00223117 0.0529584 0.0205368 0.00187692 0.00871312 0.0225294 0.00721953 1.92109e-05 0.0865049 5.70927e-05 0.161119 0.0113647 0.0118158 7.0055e-05 0.0177371 0.159215 0.00197535 3.22573e-05 
4.0612e-05 0.0332032 0.287967 0.00111733 0.0264494 0.0152552 0.000101294 5.30074e-05 0.127987 0.000499257 0.00144924 0.00256578 2.53212e-07 0.229626 0.00112663 0.170804 1.32665e-05 0.000905979 0.0988958 0.00117168 0.000768231 
2.435e-05 0.0266979 0.432622 0.0157879 0.0088706 0.359128 0.0117243 0.000278718 0.00577184 0.00106681 4.8547e-05 0.00820655 9.68793e-06 0.0147707 0.000613021 0.0775472 5.1441e-07 0.00666093 0.00329865 0.0268699 1.82282e-06 
0.00611171 0.0351559 0.578035 0.0470011 0.0392108 0.00532385 3.58165e-05 2.74607e-05 0.0907025 0.000669072 0.000643773 0.0160562 7.90659e-07 0.0971759 0.000176003 0.0312594 4.37666e-06 0.00112978 0.0353521 0.00510707 0.0108211 
0.00347355 0.076046 0.328958 0.049509 0.0274407 0.00916552 0.00128185 0.00647865 0.0577366 0.0112446 0.00876667 0.0600665 1.69769e-06 0.0757558 0.00889121 0.0368849 0.00043772 0.0211124 0.215838 0.000737819 0.000172263 
0.00194703 0.149398 0.312933 0.0979591 0.00767492 0.146564 3.88089e-07 4.61668e-10 0.0033317 0.00342252 0.0054735 0.196015 9.34995e-07 0.0346248 9.82253e-07 0.00107253 5.13459e-05 0.0210064 0.0185234 4.23203e-07 2.15919e-07 
0.0422057 0.059118 0.255121 0.0708798 0.0304131 0.00232212 0.00048369 2.32257e-07 0.0453147 0.00113421 0.000262548 0.155538 3.10422e-07 0.0044126 0.235637 0.00405872 7.14125e-10 0.00117299 0.0899103 0.00201343 1.31872e-06 
7.61021e-05 0.00662115 0.550076 0.0224502 0.0383554 0.00234197 0.00243717 9.16334e-05 0.122654 2.71913e-05 0.0156244 0.0908981 7.33001e-05 0.126623 0.0138206 3.77532e-06 1.64752e-07 0.000251822 0.00712271 6.87117e-08 0.000451053 
0.00713273 0.178905 0.554441 0.0161374 0.00205335 0.0126779 0.00187048 0.0104956 0.0208068 0.000570476 0.000912811 0.00884672 1.1026e-08 0.159612 0.00246792 0.0136885 2.58498e-07 0.00476055 0.00240578 0.00177092 0.00044373 
0.142292 0.0323435 0.409882 0.0348435 0.153644 0.00938359 3.67031e-05 0.000417176 0.0330785 0.00163416 0.000151593 0.0168633 5.91177e-05 0.0185325 0.0982197 0.00176925 7.9727e-07 0.019196 0.0266286 0.000628489 0.000395923 
4.41424e-09 0.00204423 0.697821 0.00149355 0.00390463 0.0058097 1.95334e-05 1.07177e-08 0.00228164 2.77425e-09 2.92344e-05 0.00551265 4.16682e-06 9.61908e-05 5.96098e-05 0.0194719 0.252811 7.9494e-06 0.00854149 2.0872e-07 9.10932e-05 
0.0328289 0.0470885 0.683645 0.00289976 0.0113229 0.00392251 5.01211e-05 0.00106845 0.0212779 0.014736 0.00658483 0.0660011 4.1373e-06 0.0115739 0.0127657 0.0192044 2.80072e-09 0.00161492 0.0323492 0.00756081 0.0235008 
0.00458316 0.1888 0.333493 0.00130538 0.0889118 0.0544023 0.00123314 0.00495979 0.0418376 0.0105371 9.46832e-06 0.0871249 3.58068e-06 0.0529448 0.0993288 0.00339213 0.000242368 0.0161322 0.00857777 0.0021294 5.08693e-05 
8.56352e-06 0.0903531 0.550114 0.0078047 0.0394965 0.0660103 0.000364748 0.000409805 0.01563 0.00190486 0.00219204 0.0304495 1.29644e-07 0.0194069 0.00087867 0.038289 1.71997e-06 0.00315363 0.132724 0.000109865 0.000698033 
3.89338e-05 0.0286492 0.35303 0.0735645 0.0766856 0.308833 5.80995e-07 0.000171535 0.0272627 0.000165783 0.000869933 0.00598318 2.3488e-07 0.0681149 0.000140039 0.0179211 2.23974e-05 0.00685449 0.0257472 0.00590084 4.4171e-05 
9.45982e-07 0.0286101 0.727035 0.000517925 0.0221848 0.124344 0.00011841 0.00260604 0.0329906 0.00017899 6.75821e-07 0.00333877 2.36916e-06 0.024479 0.00225888 0.00179368 1.00899e-06 0.00099973 0.0147541 0.0137631 2.23341e-05 
2.95105e-07 0.0140772 0.78675 0.00122358 0.00491664 0.0189612 2.28636e-07 5.3993e-07 0.0121117 0.001854 0.000797045 0.00734044 2.5002e-08 0.0191161 0.000183036 0.0310073 7.81679e-10 0.00133717 0.0844235 0.000796875 0.0151036 
4.78684e-05 0.0327443 0.320625 0.00838056 0.0473429 0.0767171 0.00122732 0.000548943 0.076087 0.00317007 0.00470535 0.00706308 1.46546e-07 0.223897 0.0132499 0.0196983 7.96177e-06 0.00671404 0.152081 0.00557233 0.000119211 
8.57856e-05 0.108519 0.540246 0.0050278 0.07345 0.0496899 5.1862e-05 0.000598226 0.0930913 0.00651176 0.000120046 0.00859162 2.31086e-05 0.0244903 0.00724785 0.0181694 0.00616834 0.0129496 0.0416047 0.00209578 0.00126796 
7.64912e-06 0.0195923 0.613828 0.00798794 0.00372922 0.01596 2.61434e-10 1.34478e-10 0.0225387 0.000198039 0.0753959 0.00209159 1.47357e-07 0.0445811 0.00012266 0.000553193 4.27572e-07 0.181018 0.012395 1.39739e-10 1.8465e-10 
0.0793071 0.104253 0.208446 0.0230883 0.0344883 0.0426339 6.06269e-05 0.00862811 0.0949448 0.00475633 0.00213477 0.00994744 1.90835e-06 0.183381 0.027594 0.00103816 1.14742e-05 0.125007 0.0442854 0.00285421 0.00313879 
8.59521e-08 0.00546681 0.478666 0.00111672 0.0338913 0.0409651 6.39697e-08 0.000164984 0.178557 0.0212952 0.00126251 0.0409032 3.32422e-06 0.0175739 0.000669773 0.0554125 1.30431e-09 0.0295713 0.0613609 0.029717 0.00340242 
1.20992e-06 0.00293126 0.277593 0.0258393 0.0087802 0.108924 4.55617e-08 6.11704e-08 0.271918 7.46298e-06 5.54507e-08 0.012857 7.01038e-08 5.3703e-07 0.000617174 0.000288468 1.28956e-10 0.0114454 0.277388 0.00140705 1.30268e-06 
4.75702e-05 0.00194757 0.819644 0.00131259 0.0242523 0.000176256 9.48222e-07 2.57903e-05 0.000821266 1.26253e-07 0.000151417 0.00150348 0.000233056 0.116131 0.000511455 0.00975118 1.21526e-06 0.0203713 0.000742114 0.00234137 3.46227e-05 
4.18903e-08 0.250012 0.44181 0.124977 0.033927 0.0307194 1.45544e-07 1.71353e-05 0.00674084 1.15546e-06 0.00138152 0.00435155 1.16524e-09 0.0475715 0.00663268 0.0157184 1.93317e-09 0.011696 0.024303 6.69872e-05 7.3836e-05 
0.00354764 0.00939348 0.860836 0.0340323 0.00748045 0.0524864 0.000949488 6.06982e-05 0.0114145 8.68852e-05 1.21418e-07 0.00255565 1.92418e-07 0.00100669 0.00198769 0.00603372 4.39571e-07 0.000421216 3.62825e-05 0.00552526 0.0021447 
8.8663e-05 0.0351231 0.462552 0.00834501 0.0442033 0.00119007 0.000149329 0.00212501 0.0582322 0.000115621 0.0169405 0.15268 1.88104e-06 0.0579375 0.000382566 0.0531343 4.85607e-07 0.000533505 0.0537691 8.38848e-05 0.0524118 
0.00313437 0.0528348 0.431722 0.0363927 0.0233941 0.0811426 0.0152153 0.0295805 0.0756345 0.00093803 0.00241905 0.0295826 3.32867e-06 0.0210352 0.0307566 0.0585496 0.00102814 0.000585498 0.0868908 0.0115299 0.00763033 
2.52819e-06 0.0118156 0.428351 0.00254899 0.0188761 0.0210525 5.06849e-06 2.35596e-05 0.323042 2.2314e-06 1.66105e-09 0.00225887 5.38432e-08 0.158993 6.19747e-05 0.00591981 3.77203e-07 5.2319e-05 0.0251287 0.00137416 0.000490873 
2.72099e-07 0.0722595 0.850305 0.00613422 1.85527e-07 0.00796774 1.28435e-06 0.00792847 0.0122329 0.0233086 0.00432055 1.5911e-07 0.00297752 0.00931389 4.55544e-07 3.64203e-07 1.64605e-06 2.7212e-07 0.00303991 0.000206637 9.07134e-07 
0.109373 0.00463789 0.504148 0.000865693 0.12262 0.00619919 0.000428673 6.5579e-05 0.034166 6.30227e-05 1.24439e-06 0.0035303 3.58235e-06 0.0387503 0.105699 0.0210905 4.3094e-07 0.0129106 0.0334714 0.00196275 1.21846e-05 
0.00725221 0.0585192 0.173629 0.0452728 0.115921 0.0249498 0.000663965 0.000331557 0.118971 0.0296014 0.00315986 0.0277772 9.97828e-06 0.0874987 0.0748525 0.0472779 0.000486021 0.0451363 0.1273 0.00240733 0.00898256 
4.07884e-06 0.00159942 0.368536 0.00398175 0.00983449 0.00111304 0.000283677 0.000808696 0.0147146 1.4491e-05 6.12401e-05 0.249955 6.45184e-05 0.110322 0.000594577 0.0273842 4.77075e-07 0.0357256 0.172695 0.000256996 0.00205033 
0.0474779 0.0287697 0.520137 0.0012514 0.0888309 0.0115924 4.45575e-05 3.55467e-06 0.0556275 0.00900594 0.0104251 0.0188086 2.58132e-06 0.0152075 0.00252184 0.0473409 2.37569e-06 0.00448757 0.0405036 0.0978284 0.000130684 
0.00624564 0.119554 0.194158 0.0420714 0.0234786 0.0303118 8.69058e-06 0.00228689 0.113749 0.0452695 0.00178838 0.0636743 8.66104e-07 0.100149 0.000779002 0.136239 3.15304e-05 0.00570483 0.0753309 0.0381099 0.00105837 
0.192273 0.074348 0.322871 0.00208892 0.0685551 0.0376734 0.0076932 0.0013463 0.0316752 0.00219774 0.0025572 0.00674744 2.02205e-06 0.126894 0.0928641 0.00209623 2.43657e-05 0.0165802 0.0063178 0.000363222 0.00483165 
2.67407e-10 0.143698 0.450085 0.0756268 0.000154978 4.16924e-05 1.26221e-09 0.168283 0.00200945 0.000994063 2.09093e-05 2.06207e-05 9.75073e-10 0.00775825 0.000166404 0.00136665 5.78775e-05 3.43388e-06 0.0055987 0.143959 0.000153788 
3.7449e-07 0.0167477 0.419803 0.0971037 0.00488253 0.00440101 2.2073e-08 0.000168215 0.290341 0.00666518 0.000114851 0.0058927 4.39365e-10 0.0100306 7.95969e-05 0.0297534 3.99878e-08 0.0037092 0.106768 0.00352906 9.75322e-06 
3.45593e-05 0.0044699 0.908477 0.00417076 0.00359938 0.0294461 1.03241e-05 3.42854e-05 0.00958234 1.86393e-09 0.00225031 0.000201724 5.77189e-05 0.00284521 0.0189933 0.00706809 0.0012405 6.3317e-06 0.00608617 0.00134461 8.18843e-05 
1.79214e-07 2.82075e-11 0.665237 0.0151352 0.146353 0.000182986 4.70483e-10 4.70987e-05 0.0335277 2.50499e-05 2.29344e-10 3.98446e-08 3.63454e-10 2.77399e-06 0.00108309 0.000277749 6.02978e-10 4.65259e-06 0.138123 1.45506e-07 1.57371e-07 
0.00375025 0.00626137 0.872485 0.009 0.00726556 0.0114063 0.000737125 6.89254e-05 0.0121702 4.80001e-05 0.00028093 0.0219443 1.25444e-05 0.0104681 0.000750328 0.0205522 1.03738e-05 0.00113502 0.0204212 0.000813902 0.000417928 
0.00661233 0.0352216 0.659033 0.0292518 0.0906601 0.0338923 3.70897e-05 0.00391666 0.0127814 0.000472007 0.000206338 0.0167724 2.74051e-08 0.0336449 0.00430198 0.000711485 2.53927e-05 0.0199076 0.0490437 0.00341801 8.949e-05 
1.40884e-08 0.0391532 0.591475 0.0444252 0.0134345 0.0281009 4.9212e-05 7.60892e-05 0.0531335 0.00105032 0.00402934 2.94576e-05 5.19991e-05 0.159686 0.00542122 0.0192993 8.52271e-08 0.00551393 0.0301676 0.00475968 0.000142631 
0.00345122 0.00213798 0.849599 0.000347589 0.0729076 0.000794529 1.02416e-06 0.000280828 0.0161218 8.65915e-05 8.14661e-05 0.00165812 5.42091e-07 0.0342474 0.000569944 0.000284103 9.75989e-07 0.012586 0.00363781 0.00115888 4.68986e-05 
1.69418e-07 0.00914539 0.604036 9.00433e-07 0.0491229 0.00870594 1.25448e-09 6.45286e-10 0.00501918 1.00575e-08 0.0687976 0.00184108 9.69104e-10 0.0500161 0.00318637 0.0200354 1.60777e-09 0.000692126 0.0338457 6.70535e-10 0.145556 
1.07928e-10 0.102294 0.331871 0.0104463 0.0132132 0.0111445 9.70293e-06 9.96229e-05 0.0664885 0.000280719 6.88593e-06 0.0155521 2.09262e-08 0.250693 0.0778291 0.00530629 1.70016e-06 0.00160615 0.108901 0.00425283 2.77439e-06 
0.000690544 0.00427408 0.776044 0.0147338 0.0389303 0.0213782 0.0033394 7.31117e-07 2.50226e-06 9.60647e-08 7.02426e-06 0.0342035 8.66841e-08 0.000822853 0.00439744 0.00694594 1.43811e-07 0.00316262 0.00801667 0.0667628 0.016287 
0.00155817 0.0135671 0.705665 0.000514571 0.0754505 0.0728696 0.00022704 0.000609003 0.00391406 8.06128e-05 0.0272793 0.0107646 2.49842e-07 0.0322161 0.000951891 0.00813271 4.14493e-07 0.000961635 0.0265242 0.0184994 0.000213833 
0.00172993 0.0719083 0.235231 0.0436707 0.0311168 0.0041432 0.0186489 0.00529464 0.13306 0.0183492 0.00917773 0.0698802 4.96937e-06 0.0739293 0.0097782 0.0279585 0.000369586 0.0123041 0.232585 0.00043084 0.000428618 
0.000130919 0.127127 0.344599 0.0606945 0.081995 0.00320317 3.83803e-05 0.00263133 0.0280902 0.00128673 0.035655 0.0562003 1.27489e-06 0.210524 0.0144365 0.0113946 0.000779014 0.00467606 0.0124725 0.00208191 0.00198191 
7.05058e-05 0.0523663 0.374219 0.0565831 0.0354525 0.0678555 0.000152969 0.000142539 0.0735152 0.00981585 0.0121984 0.0165756 1.67112e-05 0.154575 0.0097904 0.0484382 0.00141124 0.0140249 0.0574616 0.0101496 0.00518454 
0.00152711 0.161207 0.281679 0.006157 0.189926 0.0521287 0.000313128 0.00465408 0.0387118 0.000836292 0.0101008 0.00748662 7.68696e-07 0.0848448 0.0594496 0.0111125 3.99294e-05 0.040778 0.0453902 0.0036557 9.62873e-08 
5.71382e-08 0.0458062 0.267215 0.0380587 0.118681 0.109782 1.10216e-06 0.000226795 0.140767 3.9317e-05 0.000898671 0.025865 0.000127738 0.219182 0.0157563 0.00158899 7.97965e-05 0.00739307 0.00524051 0.00314502 0.000146838 
0.00753599 0.00192445 0.517952 0.0011225 0.0261046 0.00352907 0.000537861 0.00010369 0.0307677 0.00125437 0.000341171 0.00909537 6.34198e-08 0.00966321 0.0134788 0.166751 5.79299e-07 0.000180312 0.190316 0.0189934 0.000347794 
7.91926e-06 0.176426 0.446645 0.0286425 0.0392423 0.013893 0.00014354 0.000542992 0.134828 0.00305104 0.00352664 0.0293704 4.5375e-06 0.0696808 0.0164806 0.00887852 1.0488e-08 0.0136221 0.014338 0.000525159 0.000150821 
0.00255056 0.177998 0.226335 0.0524043 0.0643909 0.0116063 0.000719119 0.00650022 0.0181786 0.00480051 0.0019004 0.0777345 1.08966e-05 0.0362412 0.10079 0.0196384 5.40231e-06 0.0239811 0.163413 0.0107981 4.06611e-06 
0.000946626 0.0109246 0.548197 0.130763 0.000289276 0.00221025 0.000111465 9.23349e-05 0.0112562 3.42662e-05 0.0255234 0.192133 7.96589e-08 0.0154378 0.0386699 0.00708951 0.00480455 2.61585e-06 0.00777251 0.000315026 0.00342624 
7.93799e-11 0.18974 0.264201 0.00107475 0.0185704 0.0358406 1.12808e-06 4.08642e-07 0.13415 4.98885e-11 0.209481 5.93787e-07 2.8945e-10 0.0520653 9.22988e-08 0.0011652 4.80205e-10 3.83658e-06 0.0935313 0.00012824 4.55478e-05 
1.34904e-06 0.06329 0.5443 0.00337431 0.000723274 0.0250776 3.0815e-05 2.65787e-05 0.0456476 0.0122775 0.0080316 0.0732359 1.55294e-07 0.00108798 9.84111e-05 0.173382 1.16359e-07 4.63329e-05 0.0161461 0.0319957 0.00122624 
0.00105681 0.0394423 0.302034 0.0794332 0.0706155 0.0348792 9.93159e-06 0.00168231 0.0168204 0.00897534 0.0199165 0.0983644 0.000362417 0.115732 0.00574362 0.0588274 0.00452104 0.0453209 0.0931479 0.00280588 0.000309021 
5.11502e-10 0.0176245 0.773844 0.000742189 0.000666279 0.0351649 4.60605e-07 1.24192e-09 5.40924e-07 1.83342e-07 0.00185935 0.0765032 9.08434e-07 0.0101483 8.56349e-10 0.0207495 3.0943e-09 6.47698e-07 0.0056516 0.00120617 0.0558369 
2.79743e-06 0.077597 0.264635 0.0776546 0.00287999 0.0622697 6.83011e-06 4.71864e-06 0.129369 0.000372475 0.000568342 0.164398 4.1898e-07 0.126879 0.000546967 0.00922528 2.11246e-06 0.00845347 0.0687945 0.00585797 0.00048151 
8.6183e-05 0.0607738 0.438199 0.119013 0.0150294 0.0141377 0.0064585 0.000281437 0.0204796 0.00972595 6.93072e-06 0.0937853 6.43875e-07 0.0499964 0.058355 0.00163436 9.90522e-05 0.00327804 0.064756 0.0439022 2.2709e-06 
9.86746e-06 0.118866 0.597727 0.00774299 0.0151122 0.0213645 2.63848e-05 0.000334064 0.0190127 0.000153563 0.0266399 0.0247119 1.1821e-05 0.077207 0.00799638 0.0100976 5.26053e-05 0.00344063 0.0501791 0.0191589 0.000154577 
5.4961e-07 0.0667763 0.435761 0.000796984 0.00230339 0.142728 2.62699e-09 0.00105264 0.0492547 4.40497e-08 0.000359348 0.0948335 2.02939e-09 0.021734 0.000925704 0.0447757 1.19105e-06 0.000961415 0.129097 0.00428901 0.00435021 
2.98929e-05 0.11222 0.413544 1.33197e-05 0.00019361 0.0230645 0.00526163 3.69458e-07 0.0337415 9.56333e-08 3.50123e-07 0.0736828 5.54859e-07 0.0866171 0.133386 0.105582 9.20523e-07 1.52178e-07 0.00606852 0.00320539 0.00338702 
0.000755097 0.122782 0.222618 0.00442982 0.00130743 2.54529e-05 0.0027215 8.81279e-05 0.120658 0.0037999 0.00225234 0.220504 3.62225e-06 0.0321357 6.7605e-05 0.00291211 0.00125651 0.0937551 0.167882 4.17188e-05 3.31677e-06 
0.000378796 0.015534 0.397056 0.00160767 0.00420437 0.00669025 0.000195633 0.000406873 0.00570561 0.00792531 0.00566916 0.246285 1.552e-06 0.021638 0.203739 0.0468241 0.00718247 0.000249851 0.0280121 0.000319487 0.00037484 
0.000200512 0.0013632 0.971323 0.0122546 4.93867e-07 0.00251533 0.00104749 0.000521488 0.000982302 4.55219e-07 1.6666e-06 0.0022827 2.64115e-06 0.00449509 1.21265e-06 9.69499e-07 4.38174e-06 7.24375e-07 2.24776e-07 1.82745e-06 0.00299967 
0.00101348 0.152947 0.168366 0.0845999 0.029677 0.0517709 3.65786e-05 0.000648119 0.141419 4.39952e-05 0.00385684 0.0790789 2.73482e-08 0.0472322 0.0176064 0.0791524 2.15518e-10 0.00645545 0.0705014 0.0575636 0.00803119 
0.00162175 0.0148261 0.826268 0.0017854 0.0108745 0.0282921 0.000106208 0.0234813 0.029606 0.00110841 0.000266811 0.00107406 2.06889e-06 0.0210083 0.00022996 0.0099005 5.00611e-07 8.27897e-05 0.016416 0.0129579 9.10728e-05 
0.00438675 0.00527815 0.467161 0.005348 0.265259 0.00129545 9.64125e-05 0.0099324 0.00803355 0.00177595 2.21694e-06 0.0601399 1.07875e-06 0.00358415 0.0208382 0.00867964 7.01247e-09 0.00160971 0.135063 0.00105748 0.000458075 
0.00378637 0.0489324 0.249578 0.143219 0.054868 0.00111784 0.000176899 0.00178157 0.0103793 0.00473382 0.00652677 0.230467 4.99671e-07 0.00452943 0.0236287 0.0556046 0.00409069 0.00249434 0.145702 0.00187661 0.0065067 
2.71743e-05 0.0748224 0.377505 0.114726 0.00950102 0.0172586 0.00153607 0.000287711 0.0345529 0.00568137 0.00263031 0.0817729 0.00037862 0.0334682 0.00228983 0.116643 0.00124224 0.0257123 0.0822638 0.00448637 0.0132143 
0.00160155 0.0143019 0.36271 0.00196738 0.237566 0.00417847 0.000116949 0.0073549 0.0296772 0.0114902 0.00101749 0.0130173 7.7603e-06 0.0557008 0.0187388 0.00163177 2.92601e-05 0.038565 0.197772 0.00244654 0.00010881 
0.0135313 0.00915104 0.601128 0.00425406 0.0567896 0.013144 0.000169853 0.00312971 0.0223714 0.00403918 0.00153028 0.00986177 1.52388e-07 0.105764 0.0125212 0.0349848 6.24586e-09 0.0050763 0.0983327 0.00340827 0.000812223 
2.36769e-05 0.0461708 0.276465 0.0234674 0.0358494 0.0341018 2.15932e-05 0.000152463 0.131703 0.00869076 0.00115397 0.089926 6.82246e-06 0.0555095 0.00626767 0.0314515 0.00279585 0.0213503 0.225892 0.00882539 0.000174987 
1.51634e-05 0.00581898 0.832613 0.00293692 0.00452011 0.000730385 3.44189e-08 0.000187758 0.0112444 3.67064e-05 0.000220574 0.0580959 2.6589e-08 0.0007501 7.80716e-05 0.0363632 4.41118e-08 1.4953e-05 0.0400148 0.00635383 4.67029e-06 
0.000138191 0.0446957 0.40728 0.0087764 0.0452134 0.0363006 0.00013972 0.00761091 0.0612397 0.0272526 0.000185687 0.0153127 1.02833e-07 0.185999 0.0536167 0.00155234 0.000130957 0.0218044 0.0821979 0.000341913 0.000210991 
0.00196195 0.0390807 0.259429 0.0158206 0.081069 0.0451455 0.000825223 0.00345229 0.196873 0.0192609 0.00338479 0.0202374 0.000110883 0.126079 0.00161223 0.0493398 4.02341e-06 0.0108048 0.120485 0.00463017 0.000392722 
1.58396e-06 0.0318809 0.527562 0.00235194 0.054039 0.12292 0.000323218 4.79892e-05 0.0784982 0.00153994 0.0302588 0.000302183 1.04779e-05 0.0783734 0.00563921 0.00556578 4.89745e-06 0.000348806 0.0599918 0.000339239 2.40023e-07 
0.00166342 0.00508316 0.69853 0.0025226 0.00664117 0.0216879 0.000230541 4.10884e-06 0.0834442 9.19323e-07 0.000554442 0.0183705 5.50567e-08 0.00130086 0.0138228 0.0953648 2.64358e-05 0.000354442 0.050323 6.7798e-05 7.11845e-06 
0.0114586 0.246775 0.283233 0.000273809 0.129688 0.0246227 3.14071e-05 2.25572e-06 0.00525219 7.05146e-05 5.13798e-05 0.00449165 4.99504e-05 0.0433844 3.66088e-05 0.00747338 4.69513e-08 0.103977 0.118142 0.00237673 0.0186093 
0.00198007 0.024309 0.475662 0.00585834 0.0500485 0.0351891 0.00203761 0.000355727 0.0835532 0.000388802 0.00604001 0.0384414 0.00140143 0.0677739 0.0180487 0.0389915 0.00115624 0.0203777 0.0789546 0.0101352 0.0392964 
2.09176e-08 0.288821 0.316536 0.00731514 1.42624e-08 6.20928e-05 0.0104469 0.050066 0.00329856 0.00116979 4.81298e-08 0.274686 2.38325e-05 0.0359258 0.00413115 0.000143433 1.2654e-07 0.00607321 0.00129664 5.27749e-08 4.02895e-06 
9.02997e-06 0.047767 0.311896 0.0179906 0.0165913 0.0296207 8.19851e-05 0.000576338 0.186638 0.00358309 0.0289736 0.0566398 2.69307e-06 0.0474215 0.000294594 0.0167122 0.00139598 0.0351301 0.18902 0.00950134 0.000154613 
0.000490081 0.0365038 0.402831 0.0348271 0.0411782 0.0633264 0.00154152 0.000133786 0.0617972 0.0165426 0.0014214 0.066397 1.2645e-05 0.057387 0.0146055 0.0276839 5.38263e-06 0.0388029 0.100175 0.0340443 0.000292811 
5.81059e-05 0.0389802 0.226109 0.0465106 0.0515773 0.0209157 6.06608e-05 2.46554e-05 0.178761 3.19767e-06 0.0109168 0.0880392 5.35166e-06 0.216683 0.00337191 0.0310678 0.00133514 0.00325057 0.0636564 0.0151754 0.00349863 
8.32138e-06 0.0293261 0.427535 0.0702277 0.0410268 0.00974066 1.90625e-06 2.29134e-06 0.0699552 0.0314158 0.0176598 0.0715688 6.38356e-07 0.0291455 0.00403646 0.0611305 7.32365e-10 0.0214688 0.112358 0.00334884 4.24604e-05 
7.02013e-07 0.00392216 0.880018 0.000391343 0.00387067 0.00624917 3.10966e-06 4.96703e-07 0.0344528 2.11717e-05 0.0107006 0.00216033 2.51092e-07 0.00918565 0.000654514 0.0101604 1.62293e-06 7.74421e-06 0.0375772 0.000618161 3.6838e-06 
5.8386e-06 0.00291513 0.863352 0.0102597 0.00867608 0.012826 5.33455e-11 7.70133e-05 0.0346063 0.00107406 0.00129611 0.00214214 5.55985e-07 0.00870125 4.33353e-05 0.0159705 5.58486e-06 0.00633842 0.0316095 8.76992e-05 1.30751e-05 
9.86952e-05 0.000939872 0.492005 0.0134901 0.104308 0.00210463 1.6336e-07 0.000744337 0.0458597 0.00104016 8.92344e-11 6.94398e-05 1.05188e-07 0.00872791 0.00204603 0.00153487 2.3461e-10 0.16533 0.161154 0.000546316 3.18901e-08 
0.000651422 0.0449004 0.420396 0.00999908 0.018671 0.0841153 2.06156e-05 3.95169e-05 0.134203 0.000229144 1.85991e-07 0.00129997 6.22131e-08 0.0127515 0.0127819 0.00739877 3.65039e-10 0.186533 0.052447 0.00804658 0.00551575 
0.00430699 0.011404 0.707668 0.0346661 0.0871297 0.0160384 0.000121259 0.000112619 0.0417822 0.00252904 0.00140686 0.00421437 0.000181244 0.0141985 0.0417225 0.00860151 6.13533e-06 0.00476494 0.0166062 0.000372567 0.00216656 
0.405622 0.0659459 0.420384 0.00076447 0.0132242 0.00267661 0.000107707 0.000755511 0.00066699 9.2038e-05 0.000171947 0.00149422 5.54803e-09 0.053152 0.0314122 0.000384658 1.10696e-06 0.000542221 0.000694695 2.27344e-05 0.00188443 
1.2396e-05 0.146406 0.293125 0.0819562 0.0117121 0.00730004 2.08858e-05 0.0047529 0.0894771 0.0602549 0.00258063 0.0555281 5.31547e-06 0.0799082 0.00569916 0.0053452 3.19209e-05 0.0291543 0.0867292 0.0295696 0.01043 
0.0186306 0.0149553 0.246545 0.00709627 0.0999032 0.0365289 0.0123116 0.00225956 0.0804698 0.00152466 0.000588262 0.0459887 0.0198218 0.043608 0.00614355 0.0118959 0.00386959 0.243934 0.096605 0.00691798 0.00040259 
1.89578e-05 0.162211 0.192809 0.0274602 0.063354 0.0728089 3.35649e-06 0.00225573 0.123234 0.000197152 0.0104202 0.0270096 3.62704e-08 0.138581 0.00197457 0.006442 1.88351e-11 0.00310736 0.16312 0.000360379 0.00463189 
0.00520869 0.0384418 0.229435 0.0219431 0.142438 0.0566895 0.00074275 0.00192478 0.124973 0.00975114 0.00495797 0.0217743 1.79759e-05 0.135995 0.0124921 0.0167533 0.00104322 0.0220391 0.145494 0.00720683 0.000677715 
1.20992e-06 0.00293126 0.277593 0.0258393 0.0087802 0.108924 4.55617e-08 6.11704e-08 0.271918 7.46298e-06 5.54507e-08 0.012857 7.01038e-08 5.3703e-07 0.000617174 0.000288468 1.28956e-10 0.0114454 0.277388 0.00140705 1.30268e-06 
0.00743622 0.0409282 0.302677 0.0723664 0.165635 0.0859158 0.0100725 0.000407223 0.0778789 0.00603217 0.00346756 0.0269425 8.23379e-06 0.0648248 0.0107722 0.0332988 1.24491e-05 0.00309926 0.0448974 0.0338966 0.0094308 
8.38644e-06 0.0382748 0.387052 0.044322 0.211457 0.0104264 0.00169616 0.000927883 0.0773726 0.000930818 0.00526362 0.0572681 5.31134e-07 0.111646 0.00575808 0.00881764 0.000262577 0.0236326 0.0117229 0.00293718 0.000222351 
0.000116414 0.0311287 0.644048 0.00550447 0.0340104 0.129302 0.000509668 5.70154e-05 0.0109744 6.48743e-05 0.000291043 0.0479427 1.48168e-07 0.00984633 0.000863268 0.00114072 0.000120665 0.0134135 0.0102428 0.0601361 0.00028728 
0.00444262 0.0423888 0.489835 0.00856544 0.077625 0.0290479 0.00332037 0.00328746 0.0386527 0.00444242 0.00200131 0.0195954 6.75855e-05 0.10663 0.013758 0.0482507 0.00503969 0.0150067 0.0697808 0.00946145 0.00880159 
2.1634e-05 2.85613e-07 0.777302 0.00151309 0.0690595 0.0492803 0.000132421 4.32402e-05 0.00422796 9.19781e-05 2.12764e-09 0.00166852 3.38176e-10 2.21659e-07 0.00369393 0.0066414 3.00466e-05 0.00652454 0.0784275 0.00134114 4.35572e-08 
4.67234e-05 0.0655184 0.406733 0.00736545 0.0135995 0.00999114 0.00255468 6.00615e-05 0.0521849 0.00012621 0.000596705 0.0565514 0.000116408 0.0510468 0.00167784 0.0072512 5.4322e-09 0.301167 0.0211695 0.00196935 0.000273485 
0.0083584 0.020021 0.585126 0.00293832 0.0946161 0.00716023 1.97058e-06 7.03284e-05 0.00346925 2.63579e-05 1.00301e-06 0.210614 5.52178e-10 0.000731624 2.29823e-06 0.0103963 9.16077e-10 0.00411656 0.0405383 0.0109165 0.000895449 
0.00461858 0.0256481 0.886514 8.28545e-05 0.000116977 0.0276948 3.0272e-05 0.0461322 0.0014101 3.74684e-05 8.85495e-05 0.00207152 1.6298e-07 0.00183527 0.000327517 0.00226025 2.70387e-07 2.23212e-06 2.89656e-06 0.000500948 0.000624903 
0.0230374 0.0385278 0.345763 0.0178361 0.104464 0.0545685 0.000643861 0.00106737 0.0924535 0.00709883 0.00440611 0.0153097 8.64185e-07 0.081421 0.0269825 0.0457463 0.000129807 0.0128723 0.107417 0.0193287 0.000924982 
