6.12486e-06 0.0913368 0.020351 0.432031 0.00991096 0.00428805 0.00139385 0.000327946 0.0658777 0.00241987 0.00239352 0.0769639 8.71681e-07 0.239399 0.00475146 0.000416872 4.87496e-08 0.001952 0.0434473 0.000868825 0.00186362 
8.39659e-07 0.0459177 0.00206253 0.858247 0.00590641 0.000153323 2.53694e-06 1.22021e-05 0.00633093 0.0137686 2.38627e-05 0.00106508 4.14134e-07 0.0480026 0.000960678 0.000495106 3.09003e-07 0.00100476 0.0115489 1.07491e-05 0.00448517 
3.51051e-10 0.207118 1.42484e-05 0.376176 0.00341865 0.000188309 2.43881e-06 0.0054525 0.0362975 0.00847253 0.00130992 0.0940143 1.28007e-09 0.233446 0.00197616 0.000269152 8.49291e-08 0.00113931 9.39929e-07 1.16966e-06 0.0307036 
1.21825e-07 0.0285448 0.00471279 0.863464 0.000755199 0.000201415 1.68532e-06 0.00319514 0.0163868 0.000412027 0.00236139 0.0402463 2.16277e-06 0.0150803 0.000558135 0.0028506 3.71574e-09 5.74816e-07 0.0203425 0.000398855 0.000485449 
5.84004e-08 0.243712 0.00928592 0.489647 0.0039494 0.00303514 2.7566e-07 0.00441275 0.019656 0.0331267 0.00414769 0.037384 2.12951e-07 0.0275892 0.000405137 0.0852557 1.75239e-06 0.00125962 0.0364307 0.000575383 0.000125874 
9.34879e-08 0.0126937 0.004009 0.849975 0.00167007 0.0173906 3.5821e-05 9.15057e-07 1.81361e-05 5.87551e-08 0.00055109 0.044353 3.40894e-07 0.00130621 1.56516e-07 0.0650563 1.21358e-05 0.00167013 0.00102436 2.40481e-05 0.00020855 
2.40524e-05 0.0824732 0.0102662 0.703578 0.000373278 0.0114543 4.54056e-07 2.89847e-05 0.0199507 6.04563e-08 3.52985e-05 0.170539 5.89807e-05 5.54619e-06 0.000156943 8.07778e-05 9.36506e-06 1.63796e-05 0.000608659 0.000111967 0.000227818 
0.00336025 0.071478 0.0333441 0.181737 0.0495522 0.0165134 0.000770403 3.76515e-05 0.119928 0.0120227 0.00217319 0.0837924 1.5423e-05 0.0830031 0.0774321 0.00148486 2.88834e-06 0.0946462 0.158481 0.00919575 0.00102902 
1.83858e-05 0.0688918 0.00667645 0.514106 0.144618 0.0482213 0.000258044 0.000885706 0.0161809 0.00352135 0.000243699 0.0339246 3.34896e-06 0.135021 0.00332314 0.0013021 9.24825e-05 0.0168313 0.00552795 0.000130662 0.000221755 
1.75174e-07 0.0708326 0.0704873 0.331562 0.00069423 0.00075844 8.26851e-07 0.199713 0.00981718 0.000197289 0.00474947 0.121625 6.38753e-07 0.0310863 0.000290094 0.0106178 6.05859e-05 1.80841e-05 0.0342193 0.113166 0.00010387 
0.000354854 0.120428 0.0527061 0.27657 0.0133484 0.0134699 0.000109572 0.000139963 0.0727763 0.0517458 0.0027532 0.0798146 3.01975e-05 0.0469303 0.072505 0.0419181 2.58235e-05 0.0121647 0.133955 0.00205882 0.00619601 
0.000592995 0.165132 0.0204586 0.377075 0.174955 0.00488672 4.05691e-05 0.00166106 0.0203315 0.000349825 0.00416258 0.0721611 3.13184e-08 0.0156015 0.017985 0.00048731 8.71897e-11 0.0639398 0.059558 0.000364391 0.000256072 
0.000150302 0.133133 0.00398239 0.602931 0.12696 0.000202291 1.08003e-05 0.000190218 0.0507644 0.000133612 0.000344368 0.00211119 1.99878e-05 0.0314255 0.00248531 0.000371509 2.75576e-09 0.00322008 0.0415191 4.42095e-05 6.9234e-07 
0.084424 0.016364 0.0332735 0.227685 0.098197 0.0446304 0.0857996 0.000347682 0.0197391 0.000438359 4.92213e-05 0.0715054 0.0119427 0.020722 0.173991 0.00341625 0.00405036 0.0220956 0.0763756 0.00487001 8.42303e-05 
1.32287e-10 0.0574398 0.00538211 0.845972 0.0010214 0.000217715 0.0052634 1.06757e-05 0.000540537 0.00010083 0.00174764 0.0392419 4.82372e-10 0.0210195 0.00216444 0.00309812 1.78413e-07 0.000111044 0.0144275 4.73578e-07 0.00224112 
3.66639e-06 0.0987867 8.14075e-07 0.493682 0.000469037 0.000114095 0.00296865 0.00157315 0.0235173 0.00163096 0.00478848 0.0842656 0.000399505 0.232646 0.001121 0.00231317 1.22702e-06 0.00488233 0.0460348 4.60744e-06 0.000797623 
2.9011e-11 0.0942326 0.0508987 0.356514 0.0217485 0.00284627 3.21766e-08 7.04381e-11 0.00582399 2.85823e-06 0.0302359 0.207246 9.07304e-08 1.91484e-07 0.00140518 0.0159436 0.179588 0.0243032 0.00921059 7.61079e-07 9.67179e-11 
0.0143905 0.0191402 0.0847661 0.621012 0.0326355 0.0146106 0.00569201 0.00053944 0.00433809 0.000183441 2.88419e-05 0.0892188 0.000179333 0.0168503 0.0387157 0.0335288 3.90895e-06 0.00075915 0.0206009 0.00101585 0.0017908 
1.80974e-06 1.89538e-05 0.000470963 0.906768 0.000422117 0.00267224 0.000391599 2.1943e-06 0.00969343 3.08867e-11 3.66835e-07 0.0012921 1.02643e-06 0.0645946 0.00184934 0.000904121 2.97302e-10 0.0013312 0.00925084 0.000320565 1.48928e-05 
3.32635e-05 0.027142 0.00598964 0.73295 0.000140718 0.00118532 1.93366e-06 5.97422e-05 0.0376337 3.46468e-05 9.22919e-05 0.138675 0.0001828 0.00119549 0.0153478 0.0247974 2.47821e-06 0.000162726 0.0133513 0.000905984 0.000115576 
2.81961e-05 0.0222746 7.33877e-06 0.830252 0.0607354 0.0370783 1.12056e-09 6.4897e-06 9.7276e-07 0.00446656 5.46233e-10 0.000233705 8.65646e-10 0.0126628 0.000480152 3.12892e-07 1.43613e-09 0.0317726 7.36708e-11 2.32065e-07 7.91446e-10 
3.45426e-05 0.0986264 0.00753622 0.492894 0.0265507 0.0212873 2.25016e-06 4.14025e-05 0.11083 0.049902 0.000366888 0.0203181 1.55775e-06 0.15251 0.000380903 0.00224766 9.41907e-11 0.000552571 0.0135722 0.000557053 0.00178795 
4.25716e-06 0.000169718 1.57471e-09 0.979138 0.00011391 3.90717e-05 1.05705e-08 5.43729e-09 2.64337e-06 2.85722e-05 5.15274e-09 9.08809e-05 1.22569e-05 0.0202261 1.35009e-05 2.99746e-09 1.35473e-08 2.262e-07 0.000119185 4.1816e-05 7.46589e-09 
5.12038e-05 0.140807 0.0474032 0.169996 0.0231349 0.0233673 0.00987508 0.000147828 0.0905492 0.0016622 0.0239578 0.166964 2.26028e-06 0.115605 0.0040001 0.00130736 4.73721e-07 0.0231974 0.155537 0.00234418 9.04393e-05 
0.00453285 0.0853955 0.0250073 0.447359 0.100222 0.0217569 0.000832452 0.00644335 0.0166354 0.000916159 0.000286617 0.0921089 4.17731e-06 0.0914704 0.00228023 0.000607651 8.75675e-08 0.0579749 0.0451656 0.000543186 0.000457281 
3.69772e-12 0.00404057 7.74992e-05 0.989188 7.92895e-08 2.97858e-08 1.74539e-11 1.99666e-08 1.38582e-05 0.000146844 6.17736e-08 0.000709422 1.34833e-11 0.00413752 1.42818e-07 0.000401229 1.39315e-08 3.37477e-08 1.57867e-07 9.32928e-12 0.0012842 
1.04447e-05 0.0330848 0.0177499 0.553418 0.0101522 0.0126016 0.000564717 0.000607932 0.0160681 0.00932356 0.00102215 0.0948065 0.000562725 0.164252 0.000688496 0.018736 2.81711e-06 0.00601037 0.0582531 0.0011429 0.000941991 
2.76115e-08 0.0139348 0.0305312 0.586905 0.00477304 0.0513826 1.30331e-07 1.60457e-05 0.00162772 0.000230266 0.000324703 0.0824961 0.000329223 0.0750806 0.000213729 0.098014 5.00398e-06 0.000922779 0.0530202 0.00013839 5.47111e-05 
6.80838e-06 0.000441408 9.10829e-05 0.987453 0.000836968 0.00033508 1.90444e-05 1.17432e-05 0.00128843 3.26759e-05 6.64523e-12 0.000131724 0.00059137 0.000625571 3.9956e-05 9.37121e-06 1.74713e-11 0.00128349 0.00640034 0.000401426 9.62374e-09 
1.03729e-05 0.158231 0.00102687 0.48035 0.0184661 0.00535068 2.55864e-05 3.8049e-09 0.0126513 0.0016563 0.00048354 0.266103 1.36285e-07 0.0401412 0.00181389 0.00374917 9.48012e-09 0.0055393 0.000211205 0.000592266 0.00359813 
3.425e-07 0.00446777 0.0541713 0.828385 0.00481382 0.00186149 0.000150875 0.000241086 0.0080739 0.000179525 3.50001e-05 0.059387 0.000861653 0.0123955 0.000908632 0.0034475 0.000279288 0.00104138 0.0191995 1.43493e-05 8.54417e-05 
1.11132e-05 0.372222 0.00867895 0.46063 0.000614798 0.0139773 1.77303e-05 0.000115438 0.00859434 0.0113775 0.00103229 0.0238278 1.62723e-06 0.0861364 0.000538807 0.00179437 2.91606e-10 0.00236324 0.00362116 0.00444171 2.73102e-06 
0.000543481 0.0149017 0.0255848 0.508242 0.116899 0.0603477 0.00280346 0.000555925 0.00583291 0.000598746 0.000123771 0.0393872 0.0354568 0.00633925 0.147381 0.00171507 6.58689e-06 0.0263786 0.00532202 0.00152883 5.16752e-05 
1.44599e-06 0.122389 0.0706195 0.236809 0.0214674 0.101359 0.125389 0.00032652 0.00516266 5.13389e-06 0.000224058 0.115936 2.31782e-06 0.0443087 0.000393095 0.00670514 3.2573e-08 0.0034517 0.126126 0.0193207 2.31926e-06 
6.72842e-05 0.0796379 0.000867259 0.661814 1.12933e-07 0.0438105 7.81806e-07 0.000113763 0.0084156 0.00547212 0.000967237 4.55995e-05 0.000908592 0.189461 2.77296e-07 0.000116877 1.00197e-06 0.0026781 5.13996e-08 0.00562148 5.52186e-07 
0.0438902 0.0923062 0.0767737 0.284272 0.026889 0.0345648 7.84901e-08 0.000810383 0.0854163 0.00138281 0.000643203 0.0149905 1.59014e-09 0.0182023 0.000367307 0.026555 1.02725e-08 0.00191511 0.276299 0.0140854 0.000637541 
2.80813e-05 0.034572 0.00874093 0.691677 0.0100063 0.00794901 0.000757629 0.000141245 0.0122613 0.0701563 0.000332066 0.0558937 8.40074e-05 0.0443043 0.0183789 0.000516346 2.50114e-07 0.00769706 0.0363953 4.43494e-05 6.37114e-05 
3.60041e-05 0.0581948 0.0376726 0.421036 0.0263307 0.0899675 0.000100857 0.000487939 0.0136005 0.000727542 2.76946e-05 0.15277 0.00167231 0.0160205 0.00563635 0.00161594 9.91256e-06 0.11103 0.0609496 0.00191684 0.000197296 
1.58514e-06 0.0315764 0.0357688 0.392592 0.0128932 0.156503 0.000715269 0.00953184 0.00544311 2.55114e-06 6.27044e-05 0.183258 0.00110291 0.071817 1.66876e-05 0.0305689 6.48453e-08 0.0445959 0.0231712 3.08884e-05 0.000348281 
1.74551e-05 0.0284205 0.081755 0.367284 0.0429869 0.0108339 0.000519906 5.36659e-05 0.0831318 0.0076808 0.000193765 0.0306854 2.7593e-06 0.208753 0.0292584 0.0231763 0.000119987 0.0238647 0.0484942 0.00814825 0.00461951 
5.86013e-05 0.0101959 0.0781327 0.767442 0.000517847 0.0193638 2.16871e-06 2.36851e-05 0.00919389 3.59454e-05 0.000358523 0.0752425 8.54085e-06 0.00917914 0.000546187 0.00762164 9.21176e-06 0.00153671 0.0184371 0.000227382 0.0018664 
2.84036e-06 0.0128185 0.0896964 0.344487 6.46106e-09 0.0302018 4.47283e-08 0.00794311 0.00940755 5.95545e-09 0.00227831 0.285128 0.00022171 0.11492 0.000927206 0.0644732 5.73245e-08 0.0102172 0.0201264 0.00569305 0.00145719 
0.000543481 0.0149017 0.0255848 0.508242 0.116899 0.0603477 0.00280346 0.000555925 0.00583291 0.000598746 0.000123771 0.0393872 0.0354568 0.00633925 0.147381 0.00171507 6.58689e-06 0.0263786 0.00532202 0.00152883 5.16752e-05 
0.000592995 0.165132 0.0204586 0.377075 0.174955 0.00488672 4.05691e-05 0.00166106 0.0203315 0.000349825 0.00416258 0.0721611 3.13184e-08 0.0156015 0.017985 0.00048731 8.71897e-11 0.0639398 0.059558 0.000364391 0.000256072 
7.22249e-08 0.0087439 0.18791 0.297556 0.00829031 0.0149753 1.25896e-10 5.46712e-07 0.034792 0.000102863 6.2302e-07 0.0220446 9.72562e-11 0.0409915 4.29461e-07 0.19248 1.6135e-10 3.42044e-07 0.167613 0.0224082 0.00208956 
9.27791e-05 0.0865539 0.0203529 0.247478 0.0479421 0.00863856 0.000186998 0.00130352 0.0838671 0.0330931 0.0020492 0.0964021 0.000347569 0.233032 0.00719288 0.00496178 0.0011626 0.0350396 0.0872105 0.0022831 0.000810092 
0.000180154 0.0136177 0.00112269 0.765964 0.00957649 0.00154188 0.000494323 0.000128919 0.0411487 0.00857695 6.46594e-05 0.0352 0.00281513 0.00528957 0.00559461 0.00167374 1.70552e-07 0.0159785 0.0886511 0.00230001 8.07983e-05 
7.26036e-05 0.123708 0.0587974 0.431387 0.00801754 0.0217599 1.64393e-05 0.000791076 0.0789727 0.007231 0.037525 0.046077 0.000319081 0.0130209 0.000178541 0.0426711 1.38557e-07 0.0353075 0.0753095 0.00704275 0.0117954 
0.000241013 0.0341429 0.000433289 0.512288 0.0403998 0.00548724 1.52452e-06 2.47326e-06 0.00845445 5.14068e-07 0.000336241 0.205778 2.16745e-09 0.088771 0.00104584 0.0343531 3.34914e-06 0.00218591 0.0425619 0.00156991 0.0219438 
5.33097e-05 0.000691268 0.118117 0.671103 0.0240223 0.00237953 2.39557e-05 7.29745e-05 0.0400859 3.17253e-05 0.000116787 0.000110361 1.27289e-09 0.121982 0.000698173 0.00119512 3.75883e-05 5.15366e-05 0.0157036 0.000238987 0.00328526 
1.04566e-06 0.10092 0.0573973 0.349808 0.000808532 0.00659654 1.20424e-05 0.000358693 0.105584 0.00112803 0.0197074 0.085729 0.00116958 0.0111842 0.00612146 0.076314 1.61426e-05 0.0654607 0.0563944 0.0490378 0.00625064 
0.000543481 0.0149017 0.0255848 0.508242 0.116899 0.0603477 0.00280346 0.000555925 0.00583291 0.000598746 0.000123771 0.0393872 0.0354568 0.00633925 0.147381 0.00171507 6.58689e-06 0.0263786 0.00532202 0.00152883 5.16752e-05 
7.77042e-05 0.198276 0.0110541 0.2823 0.0166325 0.0117242 0.00416967 0.0257912 0.1286 0.0407695 0.000212663 0.0759335 4.16615e-05 0.0772587 0.000771699 0.00144306 0.000147621 0.0396412 0.0808997 0.00380796 0.000447107 
1.03626e-06 0.0550413 0.0754066 0.292277 0.00226265 0.0276381 1.40087e-07 5.83865e-05 0.215408 4.70281e-05 0.000149097 0.020859 1.2941e-06 0.0342406 0.00108882 0.055149 0.0250909 0.000813227 0.0593893 0.131051 0.00402816 
0.0114588 0.0833184 0.0369244 0.407685 0.0184063 0.0209367 0.00163423 0.00761878 0.106744 0.0207333 0.00345202 0.0443601 5.10404e-05 0.115957 0.0347695 0.00606637 5.47024e-07 0.0180281 0.0369261 0.0245513 0.000377352 
1.80974e-06 1.89538e-05 0.000470963 0.906768 0.000422117 0.00267224 0.000391599 2.1943e-06 0.00969343 3.08867e-11 3.66835e-07 0.0012921 1.02643e-06 0.0645946 0.00184934 0.000904121 2.97302e-10 0.0013312 0.00925084 0.000320565 1.48928e-05 
0.00164606 0.0654606 0.0995589 0.128127 0.0803932 0.11703 0.124524 0.000919157 0.0602887 0.0107957 0.00213351 0.0787202 6.02426e-05 0.0712525 0.00821042 0.044188 0.00103168 0.0422187 0.056357 0.00688149 0.000201821 
0.000223623 0.00196987 0.000972622 0.75713 0.00236413 0.00585553 0.000527383 6.0914e-05 0.00322903 0.000149331 5.37238e-05 0.0491492 0.0322894 0.0159862 0.000556556 0.000141191 3.03148e-06 0.0790959 0.0477674 0.00246336 1.20868e-05 
9.13748e-09 0.0255203 0.0473805 0.8033 0.0055554 0.000772436 0.000593306 3.34263e-08 0.0294085 0.00503778 0.000146947 0.0272387 7.06018e-08 0.0173587 0.00470542 0.00496329 2.80052e-05 0.00921738 0.0156385 0.00212025 0.00101414 
3.73753e-06 0.0616301 0.00535406 0.754728 0.023681 0.0126756 1.16829e-07 0.000401026 0.047222 0.00225325 0.001176 0.0158104 8.59596e-06 0.0414209 0.000164012 0.0112963 0.000599088 0.00141254 0.0164144 0.00373019 1.86804e-05 
9.13748e-09 0.0255203 0.0473805 0.8033 0.0055554 0.000772436 0.000593306 3.34263e-08 0.0294085 0.00503778 0.000146947 0.0272387 7.06018e-08 0.0173587 0.00470542 0.00496329 2.80052e-05 0.00921738 0.0156385 0.00212025 0.00101414 
1.93714e-08 0.00711135 0.127699 0.389484 0.000610429 0.00223405 5.40918e-05 2.40848e-05 0.111704 0.00201679 7.51526e-05 0.0292876 6.32455e-06 0.170115 0.0011724 0.0052196 0.000954095 0.00187118 0.149529 0.000786989 4.53849e-05 
1.96618e-06 0.0858334 0.0123718 0.341514 0.0177696 0.0057643 5.68014e-07 9.9772e-08 0.00403877 5.56295e-05 0.00125137 0.038742 3.70375e-05 0.272135 0.000249562 0.0121704 2.7898e-10 0.000876965 0.205789 0.00139882 2.1484e-07 
0.000543481 0.0149017 0.0255848 0.508242 0.116899 0.0603477 0.00280346 0.000555925 0.00583291 0.000598746 0.000123771 0.0393872 0.0354568 0.00633925 0.147381 0.00171507 6.58689e-06 0.0263786 0.00532202 0.00152883 5.16752e-05 
1.02214e-05 0.0176516 0.114277 0.200477 0.0879602 0.00167034 3.69647e-05 0.0678173 0.0990549 0.00755371 0.000287195 0.0295223 3.51079e-06 0.150403 0.0351512 0.00146731 3.9691e-10 0.034124 0.152525 3.37455e-07 6.71834e-06 
0.000592995 0.165132 0.0204586 0.377075 0.174955 0.00488672 4.05691e-05 0.00166106 0.0203315 0.000349825 0.00416258 0.0721611 3.13184e-08 0.0156015 0.017985 0.00048731 8.71897e-11 0.0639398 0.059558 0.000364391 0.000256072 
3.03371e-07 0.229762 0.0459044 0.264178 0.024424 0.0494819 0.00024273 0.0051251 0.0227572 0.0206015 3.03254e-07 0.0373499 3.03133e-07 0.218862 0.0147715 0.00682545 3.02913e-07 0.0192644 0.0404478 3.03232e-07 3.0316e-07 
6.73973e-07 0.000240481 0.00586442 0.783058 0.00280318 0.0377359 3.18127e-06 0.00023107 0.00291792 4.23577e-07 1.55076e-06 0.0225681 2.45757e-06 0.144562 1.12836e-06 9.0211e-07 4.07717e-06 6.74025e-07 2.09152e-07 1.70042e-06 2.24692e-06 
0.000702411 0.0296707 0.0108298 0.455245 0.0154717 0.00266829 0.000582456 0.000211381 0.0283151 0.00105999 0.00280827 0.295269 5.60881e-06 0.0454318 0.0695841 0.00210558 1.0811e-07 0.00383523 0.0353861 0.000182356 0.0006361 
0.000226337 0.293163 0.108128 0.293411 0.0178274 0.0124869 1.42375e-07 0.00589826 0.032574 0.00305385 0.066712 0.0484514 2.19502e-05 0.0675249 0.0122056 0.0080626 5.25065e-09 7.79771e-06 0.0284943 0.000108429 0.00164147 
3.76988e-05 0.0415564 0.0076623 0.336558 0.0206193 0.0296186 1.35259e-08 7.74491e-09 0.158924 0.000193039 5.9696e-08 0.0085684 6.11311e-09 0.333613 4.68331e-08 6.98858e-08 5.8726e-12 0.0263275 0.0360077 0.000312706 4.5411e-08 
8.35337e-05 0.0749665 0.00805329 0.309024 0.0499339 0.0161641 0.00281909 0.00109379 0.024179 0.0393401 0.000764458 0.0871475 0.000242922 0.0661429 0.00229383 0.00114941 1.0332e-06 0.09899 0.195566 0.0217252 0.000319639 
0.000123163 0.121491 0.0205586 0.189544 0.0244422 0.0244125 0.00400459 0.00111552 0.066873 0.00519508 0.00622286 0.103076 3.15628e-05 0.0438653 0.000682996 0.16532 2.39708e-05 0.00799113 0.158813 0.00534142 0.0508712 
1.58734e-06 0.20234 0.0301114 0.379324 0.000211556 0.0985452 0.00013022 0.000113211 0.132995 0.00891584 0.00438735 0.0117091 2.16627e-06 0.0816734 0.00134221 0.0397358 3.29056e-05 0.00172928 0.0020779 0.00419231 0.00042942 
2.66158e-05 0.080935 0.00525828 0.511996 0.072246 0.0414741 0.000380546 0.000320116 0.0244972 0.00254431 0.000458721 0.0600578 6.2448e-06 0.166372 0.00322693 0.00169464 0.000171522 0.0175981 0.0104174 0.000134442 0.000183827 
0.000687788 0.000201849 0.00459379 0.98054 8.68282e-08 1.11643e-07 6.01089e-07 0.00265936 5.00882e-08 8.00333e-08 0.00167045 0.000394739 4.64349e-07 0.00413186 0.00215351 0.00132968 7.70365e-07 1.27354e-07 0.000509828 0.00112483 4.24547e-07 
3.67857e-05 0.0569535 0.0204398 0.513739 0.024812 0.0214762 0.00239093 8.03023e-06 0.105966 0.0144985 0.0114883 0.0663759 1.71091e-05 0.0408546 0.00681018 0.036594 0.000136609 0.00177195 0.0134456 0.0621336 5.08308e-05 
0.00192293 0.137876 0.0252455 0.362129 0.036011 0.0250532 0.0084047 0.00721574 0.0823188 0.0183722 0.00333672 0.0468214 0.000125683 0.0990745 0.0107453 0.0105311 0.00209464 0.0178658 0.0976945 0.00345529 0.00370611 
9.79565e-07 0.00569083 0.000526882 0.836512 0.00214717 0.000331894 9.64226e-05 0.000165105 0.00277598 2.75057e-05 2.29191e-05 0.0356738 5.81223e-05 0.0374955 0.00108162 1.31114e-06 5.92583e-06 0.0647762 0.00383281 0.00868606 9.10448e-05 
4.74395e-05 0.149697 0.0014302 0.235796 0.00850273 0.00213244 0.0234429 0.00832428 0.0361046 0.0137058 0.000339321 0.192678 0.0003016 0.118817 0.00114307 0.000485675 1.55594e-07 0.0510462 0.152976 0.000158192 0.00287053 
0.000225821 0.115905 0.0717405 0.489591 0.0118186 0.00581983 0.00111012 0.00508006 0.0304559 0.0241637 0.00542559 0.0775009 1.84388e-05 0.0899167 0.0198492 0.00833062 3.06582e-05 0.00673256 0.0304217 0.00250944 0.00335372 
2.83254e-05 0.0213729 0.0660004 0.642133 0.000407404 0.0315737 8.05149e-07 0.000450711 0.0190097 0.000682816 0.00024399 0.14426 4.93377e-06 0.04771 0.000470925 0.00569201 0.000913196 0.000189951 0.0175833 0.000173964 0.00109793 
3.44298e-06 0.10074 0.0188287 0.541304 0.00555093 0.000308355 0.000427024 0.000301206 0.111274 0.00293627 0.00183699 0.0273091 0.000250577 0.0196854 0.00145077 0.00334701 2.67288e-05 0.00197282 0.161938 1.36681e-05 0.000494426 
0.000463214 0.0593299 0.059601 0.197961 0.0598271 0.0271065 0.00351886 0.00476923 0.0696417 0.0315393 0.00112846 0.0977605 0.0103147 0.15375 0.0526401 0.00021879 0.00213568 0.0217356 0.138647 0.00732518 0.000586475 
2.06155e-05 0.246851 0.0127596 0.254408 0.000706116 2.86628e-05 0.00905047 0.000108063 0.090674 0.00864708 2.10207e-05 0.192438 0.000145796 0.0809341 0.00105076 5.53403e-08 2.50115e-07 0.000693878 0.101438 1.7131e-05 7.9165e-06 
0.0010082 0.0473967 0.0102314 0.395653 0.0109752 0.00785601 0.000111768 0.000336694 0.269447 0.0125698 0.000793743 0.0546649 0.000164569 0.0408821 0.0189819 0.00893391 3.60483e-07 0.0163795 0.0950381 0.00605254 0.0025232 
0.000177157 0.0247878 0.00560243 0.318858 0.00583685 0.00184485 0.11447 0.0059859 0.0737891 0.00155173 0.00154496 0.0947635 0.000167131 0.189803 0.00148577 0.00148761 4.83681e-09 0.00347214 0.152335 0.00181148 0.000226278 
3.74197e-06 0.250549 1.6233e-07 0.448859 0.00177352 0.00154833 0.00108877 2.80573e-05 0.00111545 0.188402 0.000811197 0.0445926 1.26389e-05 0.0273217 5.20766e-05 0.000680029 1.0831e-09 4.40771e-05 0.0330989 7.0645e-07 1.77891e-05 
1.23397e-05 0.0893225 0.00979506 0.280097 0.0381374 0.0359583 1.15806e-05 0.000448979 0.179525 0.0323971 0.0017349 0.00722078 1.51856e-06 0.216187 0.000428151 0.0060459 3.04203e-06 0.0674622 0.0343229 0.000655567 0.000233166 
4.08603e-06 0.0752943 0.0158448 0.723577 0.00771058 0.0039378 7.96348e-06 0.000178625 0.0494875 0.0024384 0.00356519 0.0277366 2.32137e-06 0.0258676 0.000691175 0.00393732 6.96076e-06 0.00236814 0.0523572 0.00101948 0.00396699 
8.288e-05 0.289137 0.0103415 0.314879 0.0236319 0.00483062 0.00106576 0.000261657 0.0228112 0.0589423 0.000403193 0.180439 1.14708e-05 0.0588824 0.0084391 0.0027615 9.88191e-10 0.000960147 0.0144206 0.00236148 0.00533769 
3.69772e-12 0.00404057 7.74992e-05 0.989188 7.92895e-08 2.97858e-08 1.74539e-11 1.99666e-08 1.38582e-05 0.000146844 6.17736e-08 0.000709422 1.34833e-11 0.00413752 1.42818e-07 0.000401229 1.39315e-08 3.37477e-08 1.57867e-07 9.32928e-12 0.0012842 
6.80838e-06 0.000441408 9.10829e-05 0.987453 0.000836968 0.00033508 1.90444e-05 1.17432e-05 0.00128843 3.26759e-05 6.64523e-12 0.000131724 0.00059137 0.000625571 3.9956e-05 9.37121e-06 1.74713e-11 0.00128349 0.00640034 0.000401426 9.62374e-09 
0.00207384 0.0135687 0.0243035 0.487519 0.099506 0.049151 0.000258056 0.000384023 0.0423961 0.00203131 0.00128447 0.00913926 2.17101e-05 0.019856 0.00170636 0.00736161 0.00297399 0.0413164 0.193715 0.00100132 0.000432862 
6.03132e-05 0.324881 0.0515734 0.463418 0.00947671 0.0104404 0.0011922 0.00590764 0.0211664 0.0184401 0.00124503 0.0282435 5.11857e-05 0.0116609 0.00354543 0.00785763 0.000483606 0.0062644 0.0199576 0.0050288 0.0091052 
0.000203393 0.0235637 0.0317601 0.345415 0.0241671 0.00457125 1.29726e-06 0.000174771 0.0234015 2.92237e-09 0.189714 0.00779231 4.98803e-06 0.19492 0.0174543 0.00378304 2.81294e-08 0.0140068 0.114054 0.00465973 0.000351739 
2.67345e-05 0.147479 0.0112228 0.440984 0.0102678 0.0135857 0.00048677 0.00602097 0.0410811 0.0282121 0.00141994 0.0555706 0.0001639 0.155791 0.0115867 0.00164987 4.01489e-09 0.00361596 0.0692493 0.000481351 0.00110493 
0.000102914 0.156259 0.0114045 0.269723 0.0154604 0.0223073 0.00351815 0.00475283 0.0229144 0.0448169 0.0211068 0.165328 0.0185187 0.17086 0.0147955 0.00759236 9.01887e-09 0.000799351 0.0494485 0.000229989 6.20028e-05 
6.58019e-07 0.0413323 0.000103484 0.750604 0.000567043 0.0174376 1.20062e-06 0.00505972 1.34804e-05 1.63022e-05 1.51405e-06 0.134939 1.03782e-08 0.0433876 0.00126822 7.7762e-06 1.72177e-08 0.0021519 0.00279254 0.000315688 9.48866e-09 
4.23562e-05 0.052292 0.0500805 0.169216 0.0495423 0.0116158 0.132498 0.0183533 0.167333 0.000202854 0.00493002 0.113886 6.72423e-06 0.0565743 0.068161 0.00701089 3.25398e-05 0.0329193 0.0561826 0.00873598 0.000385212 
6.80246e-07 0.0764551 0.0252307 0.807833 0.002205 0.000575574 0.000961587 2.99414e-05 0.009525 0.00836536 0.00747015 0.03005 5.65133e-06 0.00994949 0.00155357 0.00635126 4.19471e-06 1.82469e-05 0.0103858 0.00172331 0.0013067 
5.81239e-05 0.131486 0.0548381 0.375635 0.172663 0.0241625 8.16751e-08 0.00234613 0.0455126 0.00145201 0.000318322 0.0542223 4.22077e-09 0.0471689 0.00373025 0.0241554 2.72592e-08 0.00489682 0.0480385 0.00512257 0.00419214 
2.49987e-05 0.201483 0.053235 0.326362 0.0111443 0.0345181 1.67671e-05 0.0048031 0.0718938 0.00876227 0.00937223 0.0773811 0.000224817 0.0247738 0.0215072 0.0286619 0.00165353 0.0150259 0.0702867 0.0267435 0.0121252 
0.00109258 0.0738825 0.0578827 0.305038 0.0460491 0.0304 0.00231502 0.00242346 0.0838087 0.00645917 0.00393862 0.187752 0.000625445 0.0325226 0.0121574 0.0262962 0.000241523 0.0644111 0.050855 0.00767545 0.00417311 
1.31409e-05 0.0861611 0.00864723 0.480818 0.00431165 0.0515252 0.000641157 0.000234674 0.0635744 0.00421588 0.00102181 0.0200894 0.00022547 0.142849 0.000458815 0.0118218 1.36188e-05 0.0512994 0.0619611 0.00913143 0.000985275 
0.00982586 0.0847099 0.000759706 0.634009 0.0030801 0.00587691 2.39536e-05 0.038552 0.000598689 0.00171804 0.000509666 0.00445869 5.99938e-07 0.0936891 1.23271e-05 4.31923e-05 3.06571e-08 1.61174e-05 0.000717925 1.90187e-05 0.121379 
2.00825e-06 0.0480863 0.131031 0.297907 0.0176789 1.21691e-05 0.0211766 0.0126253 0.00429346 9.16727e-10 0.0622987 0.144385 1.55977e-06 0.157117 0.0254423 2.44792e-07 0.0484492 0.00578458 0.0235685 0.000139801 4.86289e-09 
5.65011e-06 0.104704 0.0364143 0.328883 0.00332385 0.00816727 0.000378753 2.42238e-05 0.020766 0.0287429 0.0031952 0.244925 4.53449e-07 0.100922 0.0134771 0.00110622 1.12468e-07 0.00764854 0.0695367 0.0138353 0.0139444 
9.94324e-05 0.0767799 0.0157993 0.440971 0.0213461 0.0187399 0.00417585 0.00295394 0.114943 0.0244643 0.00322864 0.0355382 0.000276778 0.15432 0.00230085 0.0035018 2.81462e-06 0.0330574 0.0416314 0.00348902 0.00238088 
1.80974e-06 1.89538e-05 0.000470963 0.906768 0.000422117 0.00267224 0.000391599 2.1943e-06 0.00969343 3.08867e-11 3.66835e-07 0.0012921 1.02643e-06 0.0645946 0.00184934 0.000904121 2.97302e-10 0.0013312 0.00925084 0.000320565 1.48928e-05 
1.33477e-05 0.0491156 0.0084867 0.339691 0.00100914 0.000136739 0.00952575 0.0195289 0.209773 0.0126391 0.000126015 0.0696244 4.1488e-05 0.0444202 0.00508504 0.000180243 1.37946e-08 0.0460698 0.184328 0.000188521 1.672e-05 
0.00611302 0.147162 0.0331853 0.301084 0.00560937 0.0157764 0.000655303 0.000414707 0.036563 0.00280442 0.0317419 0.262466 4.12262e-05 0.0529072 0.00597 0.0225594 0.00282401 0.00853398 0.053421 0.00951426 0.000653279 
2.55693e-06 0.000781122 0.03286 0.848636 1.29865e-08 1.66979e-08 8.99025e-08 1.32504e-05 0.00313451 1.19703e-08 7.85776e-05 0.111018 6.94508e-08 0.00239404 0.000135096 2.54936e-08 1.1522e-07 1.90479e-08 1.18421e-07 4.80538e-08 0.00094658 
6.12785e-06 0.208476 0.0078846 0.493004 0.0130634 0.00244373 6.87068e-05 0.00353674 0.00995228 0.0299762 0.0077524 0.0997196 1.51619e-05 0.0709887 0.00205166 0.0077848 1.01558e-07 0.0084653 0.0233395 0.000936977 0.0105344 
0.00263507 0.0771702 0.0562651 0.174873 0.0655135 0.0275435 0.00247424 0.00392654 0.168189 0.0214421 0.00258549 0.055212 0.00147956 0.123898 0.0078999 0.0126349 0.000532639 0.0330808 0.155754 0.00410238 0.00278869 
1.42047e-05 0.0097276 0.0869732 0.184116 0.0124774 0.0218749 3.1969e-05 4.6639e-05 0.070992 4.61715e-05 2.81475e-06 0.177621 0.0963342 0.0904992 0.000185853 0.0160345 1.62258e-07 0.033115 0.0735724 0.126334 1.45243e-06 
2.90264e-08 0.11325 0.00376623 0.663911 0.00111201 0.00747801 2.65089e-06 0.00816048 0.000511265 0.0630414 0.000652698 0.00290206 1.89786e-07 0.12766 8.52869e-05 0.0010806 2.85982e-09 0.000198843 0.00428975 0.000174574 0.00172384 
1.47188e-05 0.00571774 0.023684 0.482413 0.00891767 0.00306277 4.53855e-08 0.000765022 0.0463148 5.62919e-07 4.51406e-06 0.265544 8.49367e-07 0.101327 7.55392e-06 3.05019e-06 5.81668e-08 0.00568856 0.0564103 2.84142e-06 0.000120522 
6.80838e-06 0.000441408 9.10829e-05 0.987453 0.000836968 0.00033508 1.90444e-05 1.17432e-05 0.00128843 3.26759e-05 6.64523e-12 0.000131724 0.00059137 0.000625571 3.9956e-05 9.37121e-06 1.74713e-11 0.00128349 0.00640034 0.000401426 9.62374e-09 
0.000241013 0.0341429 0.000433289 0.512288 0.0403998 0.00548724 1.52452e-06 2.47326e-06 0.00845445 5.14068e-07 0.000336241 0.205778 2.16745e-09 0.088771 0.00104584 0.0343531 3.34914e-06 0.00218591 0.0425619 0.00156991 0.0219438 
2.22638e-06 0.0645356 0.034227 0.42768 0.0138444 0.00976436 2.88749e-07 5.44875e-05 0.188615 0.00503314 0.00143481 0.00982471 7.62746e-08 0.117289 0.0011353 0.0151466 1.4352e-10 0.0801518 0.0290158 0.00200193 0.000243069 
5.12621e-06 0.205719 0.017962 0.436668 0.0146593 0.0954694 2.91199e-07 2.52136e-07 0.01219 0.0745726 3.46198e-06 0.0155092 1.74753e-07 0.0557118 0.000454551 0.000479259 1.1343e-09 0.00464451 0.00100913 0.0649127 2.92552e-05 
5.49144e-05 0.204919 0.008251 0.465094 0.0329782 0.00874113 1.25999e-05 0.00135486 0.0157328 0.0344501 1.19004e-05 0.00637287 7.6487e-06 0.165453 0.00107323 0.000923425 1.55626e-08 0.00621858 0.0479595 0.000112762 0.000279037 
2.90727e-06 0.199361 0.0465532 0.287331 0.00784833 0.072756 0.000365112 0.0241656 0.0298792 0.0114472 0.00262716 0.0824986 2.53836e-05 0.050171 0.010288 0.0105638 6.16303e-08 0.0019133 0.146349 0.015285 0.000569299 
4.48822e-05 0.0468138 0.0313507 0.49938 0.0754965 0.0075361 0.000260381 0.000354447 0.13203 0.0453169 0.00461655 0.0125149 1.02582e-05 0.0892718 0.00216546 0.000846475 0.000596416 0.00151556 0.0497285 0.000123256 2.69658e-05 
8.92778e-06 0.0536845 0.0261663 0.425447 0.0335974 0.00991961 0.00058068 0.000964304 0.112203 0.00462263 0.00304952 0.0388046 7.16048e-06 0.207502 0.00235175 0.0154124 9.25434e-05 0.0202582 0.0416507 0.00177756 0.00189887 
3.80032e-07 0.0702454 0.000627783 0.906866 0.00128263 1.84961e-07 0.000335221 1.24683e-07 0.000252291 1.47571e-06 0.000599005 0.0156542 9.09817e-06 0.000577518 0.00103642 4.72961e-05 8.86444e-08 2.09566e-07 0.00198898 1.01232e-09 0.000475615 
0.000113366 0.0217549 0.0208644 0.660988 5.38762e-06 0.000125947 0.00127686 1.67436e-10 0.0139824 1.16442e-05 0.000151958 0.252612 2.51459e-10 0.00101162 0.000751297 0.0142615 4.55073e-05 2.95849e-06 0.0111817 0.000611083 0.000246605 
0.00366351 0.0100075 0.00949741 0.776276 0.0515633 0.00442327 0.000275128 0.00170416 0.0160972 0.00260632 3.22572e-06 0.00676104 0.000472863 0.0144073 0.0047741 0.00198632 9.00105e-11 0.00542322 0.0856243 0.0044168 1.67748e-05 
3.66639e-06 0.0987867 8.14075e-07 0.493682 0.000469037 0.000114095 0.00296865 0.00157315 0.0235173 0.00163096 0.00478848 0.0842656 0.000399505 0.232646 0.001121 0.00231317 1.22702e-06 0.00488233 0.0460348 4.60744e-06 0.000797623 
5.68429e-06 0.0900652 0.0648816 0.66774 0.00186031 0.0325357 4.36126e-06 0.000175454 0.0139361 0.00132432 4.52178e-05 0.0131201 1.71595e-07 9.71751e-06 3.58803e-05 0.102855 2.8468e-07 0.00179708 0.00852335 0.00104327 4.08763e-05 
2.11021e-08 0.0290117 0.00422635 0.522278 0.0391784 0.0331621 1.20387e-08 6.78012e-05 0.10444 0.0332168 0.00020018 1.75212e-06 4.53975e-09 0.227689 3.65941e-08 0.00253515 4.97716e-11 1.31151e-07 0.00373678 0.000249239 6.05754e-06 
3.22334e-06 0.17583 0.00536681 0.766859 0.00233876 0.00328224 6.28842e-06 4.72674e-06 0.0115855 0.000440429 0.0038708 0.00820266 1.93386e-06 0.00967627 0.00170403 0.00167984 4.95051e-07 0.00117418 0.00740978 0.000555419 7.65189e-06 
1.8496e-05 0.261237 0.00225442 0.302928 0.00747502 0.0406456 0.000575762 5.74781e-05 0.00890648 0.0646042 3.06325e-07 0.0638568 4.53742e-06 0.116005 0.00129217 0.000141172 2.56374e-10 0.068868 0.0560919 0.00503739 1.99554e-07 
1.03729e-05 0.158231 0.00102687 0.48035 0.0184661 0.00535068 2.55864e-05 3.8049e-09 0.0126513 0.0016563 0.00048354 0.266103 1.36285e-07 0.0401412 0.00181389 0.00374917 9.48012e-09 0.0055393 0.000211205 0.000592266 0.00359813 
3.92685e-05 0.146373 0.00981609 0.430805 0.0268752 0.00624418 9.06154e-06 0.000968148 0.041278 0.0246079 8.51512e-06 0.00631368 5.496e-06 0.190905 0.000766849 0.00258237 2.63226e-08 0.0124237 0.0996979 8.06212e-05 0.000199502 
6.80838e-06 0.000441408 9.10829e-05 0.987453 0.000836968 0.00033508 1.90444e-05 1.17432e-05 0.00128843 3.26759e-05 6.64523e-12 0.000131724 0.00059137 0.000625571 3.9956e-05 9.37121e-06 1.74713e-11 0.00128349 0.00640034 0.000401426 9.62374e-09 
2.96637e-05 0.262414 0.0018307 0.32656 0.00321273 0.00128133 0.000161891 0.0218476 0.0770805 0.00624993 0.00368082 0.039581 2.10043e-05 0.240599 3.96098e-05 1.44557e-07 5.86428e-10 0.00493018 0.0101922 1.78739e-05 0.000270472 
1.3309e-10 0.0535075 0.00089085 0.80928 0.00257002 0.00069302 6.28208e-10 3.90189e-05 0.00607658 0.00367891 0.000222058 0.0604343 1.96586e-07 0.0178092 0.0338261 0.00318255 1.13211e-07 0.000478413 0.0056085 0.00109031 0.000612169 
0.00609518 0.289035 0.00421988 0.401658 0.0213084 0.00731291 3.9664e-05 0.0202994 0.0105504 0.00788881 0.00220685 0.00830288 3.50605e-06 0.148982 0.00187129 0.00016852 2.21584e-08 0.00564908 0.0127952 0.000325186 0.0512887 
0.000543481 0.0149017 0.0255848 0.508242 0.116899 0.0603477 0.00280346 0.000555925 0.00583291 0.000598746 0.000123771 0.0393872 0.0354568 0.00633925 0.147381 0.00171507 6.58689e-06 0.0263786 0.00532202 0.00152883 5.16752e-05 
2.247e-05 0.00244257 0.0035296 0.734163 0.0155635 0.00482204 0.000254803 0.000519864 0.0220799 0.000184951 1.80602e-08 0.0233169 0.000443746 0.011767 6.85793e-06 0.0367777 4.74828e-08 0.0436419 0.100302 0.000129097 3.21248e-05 
1.04262e-05 0.0903042 0.0148818 0.372459 0.0107561 0.00448407 0.0002894 0.000616158 0.0519011 0.00106603 0.00312724 0.324264 2.96479e-05 0.0212267 0.00708745 0.019418 2.57018e-07 0.00427443 0.0503844 0.00191314 0.0215065 
6.80838e-06 0.000441408 9.10829e-05 0.987453 0.000836968 0.00033508 1.90444e-05 1.17432e-05 0.00128843 3.26759e-05 6.64523e-12 0.000131724 0.00059137 0.000625571 3.9956e-05 9.37121e-06 1.74713e-11 0.00128349 0.00640034 0.000401426 9.62374e-09 
1.24424e-05 0.0175016 0.044625 0.528197 0.0127528 0.0139452 0.00073597 3.28643e-05 0.0505804 0.000924861 0.0203995 0.222249 5.44931e-06 0.0477706 0.0228015 0.00281067 6.25165e-06 0.00186229 0.0115595 0.00119086 3.64151e-05 
0.000131939 0.0914009 0.0130948 0.675756 0.0479603 0.0068497 1.674e-05 0.000555011 0.0193054 0.0106827 0.00643078 0.031043 4.02e-08 0.0167738 0.0281142 0.0013784 4.68965e-07 0.0201138 0.0284695 0.000500564 0.00142228 
6.80838e-06 0.000441408 9.10829e-05 0.987453 0.000836968 0.00033508 1.90444e-05 1.17432e-05 0.00128843 3.26759e-05 6.64523e-12 0.000131724 0.00059137 0.000625571 3.9956e-05 9.37121e-06 1.74713e-11 0.00128349 0.00640034 0.000401426 9.62374e-09 
6.80838e-06 0.000441408 9.10829e-05 0.987453 0.000836968 0.00033508 1.90444e-05 1.17432e-05 0.00128843 3.26759e-05 6.64523e-12 0.000131724 0.00059137 0.000625571 3.9956e-05 9.37121e-06 1.74713e-11 0.00128349 0.00640034 0.000401426 9.62374e-09 
2.61097e-05 0.170015 0.0570286 0.201709 0.0323911 0.011654 0.000203435 0.000678399 0.107729 0.0124067 0.0143151 0.0408821 6.83269e-06 0.131153 0.0022344 0.0278034 0.00531621 0.0341052 0.143082 0.00647907 0.000780869 
1.15966e-06 0.075067 0.0664849 0.332161 0.0375885 0.081942 5.19211e-06 5.50384e-06 0.0768609 0.000223072 0.000331677 0.200052 3.06318e-07 0.0308115 0.0562315 0.000198811 1.91941e-06 0.0027302 0.0318224 0.0074523 2.74162e-05 
1.09336e-05 0.0453662 0.0442715 0.545079 0.00630283 0.0242753 0.000148317 0.000564475 0.0388026 0.00576063 0.00470278 0.0610798 0.000125963 0.013262 0.000126296 0.0519764 9.24931e-08 0.0171553 0.111271 0.011949 0.0177691 
3.92512e-05 0.200439 0.0103038 0.510794 0.00617801 0.00519715 0.000654244 0.00522187 0.0159938 0.0396466 0.000970316 0.0517558 5.43955e-05 0.0844609 0.0135064 0.00577414 4.32526e-08 0.00165448 0.0400662 0.000412876 0.00687688 
1.8106e-06 0.00226201 0.016935 0.926439 0.000213612 7.6595e-05 6.15704e-07 3.16708e-07 0.0227121 0.000179229 0.000225068 0.00223597 4.48565e-06 0.0218614 0.00111309 0.00281422 0.00156728 4.71466e-05 0.000227288 6.86629e-05 0.00101479 
3.096e-09 0.0879115 0.0747936 0.33412 0.00906478 0.0876228 1.97496e-11 0.000972014 0.0557687 0.0520139 0.000129325 0.00941652 1.54855e-05 0.0587746 9.9667e-05 0.0217962 6.5674e-06 0.00738831 0.197457 0.00210725 0.000542396 
6.85632e-08 0.211694 0.0869365 0.299454 0.0100561 0.0202946 1.08998e-06 0.0260276 0.0600783 0.0108369 0.0670315 0.101299 9.17831e-05 0.0427109 0.00316443 0.00615674 3.58589e-09 0.00568749 0.0482202 0.000257076 9.21746e-07 
2.06152e-08 0.132172 0.00139786 0.75463 0.000873998 0.00215577 0.000653576 5.87863e-05 0.00444018 7.81033e-05 0.000594714 0.0702351 3.26545e-08 0.0265391 0.00153192 0.000132909 2.93319e-10 0.00081783 0.002304 0.000178608 0.00120574 
0.000414413 0.151538 0.0317891 0.230342 0.0344856 0.0232587 0.0017175 0.00171982 0.117226 0.030439 0.00368568 0.0950584 0.000789887 0.106629 0.0192187 0.00649343 0.000851123 0.0438197 0.0931615 0.00575438 0.00160784 
2.66142e-08 0.0157668 0.0236683 0.829551 0.00602804 0.013849 1.41989e-06 4.29279e-11 0.0598471 0.00100624 1.53398e-08 3.5936e-05 6.44699e-11 0.028902 8.47633e-07 0.0107445 1.06957e-10 0.000666143 0.00901305 5.50847e-07 0.000919457 
1.03729e-05 0.158231 0.00102687 0.48035 0.0184661 0.00535068 2.55864e-05 3.8049e-09 0.0126513 0.0016563 0.00048354 0.266103 1.36285e-07 0.0401412 0.00181389 0.00374917 9.48012e-09 0.0055393 0.000211205 0.000592266 0.00359813 
1.22195e-06 0.240265 0.0118976 0.596079 0.00281032 0.00334861 0.00020343 0.000207626 0.0110394 7.4138e-05 0.000837188 0.0944693 2.03316e-07 0.0128697 0.00356613 0.00163562 6.89606e-08 0.000815963 0.0183216 0.000692798 0.000865182 
9.71539e-07 0.0299539 0.0174966 0.902542 1.25526e-07 0.00776338 8.30888e-05 0.000168621 0.00198477 9.58409e-05 9.83134e-07 0.00629363 4.14827e-06 0.0284122 8.89668e-06 0.00485404 2.44469e-06 5.54539e-06 0.000273753 4.94867e-05 5.28506e-06 
8.99579e-05 0.0240455 0.000556875 0.943791 2.53453e-06 5.90324e-05 2.27845e-05 0.000305962 0.0020714 0.0175395 1.35128e-08 0.00192354 1.02513e-10 0.0081562 0.000282448 0.000131994 1.22947e-05 2.81157e-11 0.000581313 1.09526e-05 0.000416667 
6.80838e-06 0.000441408 9.10829e-05 0.987453 0.000836968 0.00033508 1.90444e-05 1.17432e-05 0.00128843 3.26759e-05 6.64523e-12 0.000131724 0.00059137 0.000625571 3.9956e-05 9.37121e-06 1.74713e-11 0.00128349 0.00640034 0.000401426 9.62374e-09 
0.000154005 0.241081 0.00523616 0.265493 0.0359006 0.00660114 0.0193073 0.000569968 0.0616258 0.0353895 0.000470582 0.0984051 0.000778646 0.0504313 0.00532983 0.0342206 0.00017848 0.00251421 0.132202 0.00404733 6.39589e-05 
0.000239863 0.00536321 0.140085 0.475702 0.000286204 0.00168607 0.000509381 0.00819369 0.181821 0.00105508 0.000193041 0.0204627 5.51877e-08 0.131025 0.000610574 0.0102716 2.7326e-05 0.00850804 0.0119955 0.00185439 0.000110289 
3.29576e-07 0.0684716 0.142861 0.326499 0.000556169 0.00871296 1.05162e-06 4.47017e-11 5.84542e-06 7.46442e-06 1.12688e-06 0.0796561 6.71339e-11 0.0825595 3.72996e-07 0.0177115 3.56516e-07 0.0369835 0.148971 0.0870007 4.23579e-07 
7.92998e-05 0.167043 0.0311154 0.219768 0.0161259 0.0176598 2.29326e-07 0.000205227 0.109383 0.0124792 0.0187678 0.0444383 0.00237813 0.0601947 0.0030946 0.027734 1.90656e-09 0.0887118 0.105976 0.0748014 4.46253e-05 
0.000105164 0.0298039 0.00571935 0.460879 0.00470685 0.00566703 0.0143948 0.00401859 0.0179541 0.00486596 0.000143228 0.142102 1.94353e-05 0.192085 0.010639 0.00070388 6.46952e-08 0.0174452 0.0877723 0.000529323 0.000446174 
2.43766e-06 0.0757593 0.116763 0.380336 4.45524e-07 0.0021005 2.58969e-06 0.000152646 0.185547 0.0269056 7.56858e-05 0.00146905 9.44215e-09 0.191972 0.000135996 2.05767e-05 2.66445e-09 0.0120354 0.00671485 5.44245e-06 1.38622e-06 
3.21717e-06 0.0649592 0.00889921 0.476331 0.00124854 6.48183e-05 0.00485678 1.80351e-05 0.0919468 0.00012384 0.0514095 0.0514485 1.99587e-06 0.144019 0.00356225 0.000261056 5.86228e-05 0.000330095 0.0980867 0.00234584 2.4915e-05 
1.923e-07 0.105459 0.0461314 0.628408 0.0224839 0.0021837 1.76484e-09 2.35841e-07 0.00215526 0.00168736 0.0108788 0.0215443 5.23888e-06 0.00603463 0.00192135 0.00640939 1.65995e-07 0.00220398 0.142097 9.43326e-10 0.000395922 
1.42916e-07 0.14767 0.0696857 0.338982 0.0991906 0.066067 0.0518001 9.55664e-05 0.0321645 0.00058645 0.00185887 0.0393556 3.42409e-05 0.113624 0.00229618 0.000439898 1.33777e-08 0.0224564 0.0105358 0.00120252 0.00195458 
6.80838e-06 0.000441408 9.10829e-05 0.987453 0.000836968 0.00033508 1.90444e-05 1.17432e-05 0.00128843 3.26759e-05 6.64523e-12 0.000131724 0.00059137 0.000625571 3.9956e-05 9.37121e-06 1.74713e-11 0.00128349 0.00640034 0.000401426 9.62374e-09 
6.80838e-06 0.000441408 9.10829e-05 0.987453 0.000836968 0.00033508 1.90444e-05 1.17432e-05 0.00128843 3.26759e-05 6.64523e-12 0.000131724 0.00059137 0.000625571 3.9956e-05 9.37121e-06 1.74713e-11 0.00128349 0.00640034 0.000401426 9.62374e-09 
0.00024988 0.146687 0.00651948 0.618329 0.00597435 0.00161109 8.58911e-05 0.00390528 0.00590537 0.0175646 0.000318571 0.112986 0.00175464 0.0142465 0.000751321 0.00361229 1.6967e-05 0.00534705 0.0450226 0.00563932 0.00347318 
