0.000168027 0.0133052 0.00983476 0.00209313 0.72181 0.0164266 1.57434e-05 0.00022252 0.0292895 0.00176181 0.00168421 0.00115091 6.79789e-07 0.174174 0.00245646 0.00107026 1.79864e-05 0.00319655 0.0200948 0.000275189 0.00095187 
8.03864e-05 0.0594723 0.00184977 0.0083306 0.555835 0.0618505 1.48806e-05 0.000351183 0.0252036 0.0667263 0.0010315 0.0020498 1.05207e-05 0.191273 0.0124825 0.00232974 1.72274e-09 0.00150953 0.00640164 0.000762647 0.00243397 
5.31135e-05 0.0521873 0.0130976 0.0126165 0.452698 0.0255214 1.73259e-06 0.000352779 0.049511 0.00390182 0.0194138 0.000916885 2.0675e-07 0.291159 0.00040325 0.0610667 4.57396e-08 0.00792926 0.00373928 0.000328295 0.00510216 
0.000412662 0.0155052 0.059428 0.00339989 0.693822 0.0162304 5.35724e-07 0.000276072 0.021814 0.000201219 0.000347352 0.000453545 1.50495e-07 0.183008 0.00057698 0.000251959 2.95155e-07 0.000312831 0.00363056 3.6519e-05 0.000291791 
0.0167 0.0265812 0.0369028 0.00599464 0.278286 0.0469384 0.000459669 0.00289163 0.190734 0.0115537 0.00174112 0.0203339 6.27559e-05 0.183128 0.00920112 0.00482352 0.000224385 0.0216957 0.130945 0.00754657 0.00325552 
0.00780213 0.0212176 0.0586694 0.00166617 0.604669 0.00838751 7.48591e-05 0.00130012 0.0124102 0.00209454 5.17712e-05 0.117313 2.56177e-05 0.0792037 0.0117759 0.00130484 4.67385e-07 0.0306996 0.0406546 0.000572714 0.000106391 
2.66933e-05 0.0106753 0.0782745 0.00263465 0.449414 0.118746 0.00267069 5.42064e-05 0.0484265 0.00284092 6.13773e-05 0.00567906 2.03794e-06 0.222425 0.0086417 0.00673585 0.000135675 0.00413836 0.0266865 0.0114704 0.000259298 
0.00131839 0.00530137 0.0110428 0.00206917 0.697714 0.00346832 0.000211983 0.000914237 0.0101703 0.00467039 0.00294504 0.138987 2.22631e-07 0.0121634 0.00402621 0.000266744 8.76554e-06 0.00218474 0.101875 0.00063296 2.94479e-05 
8.03864e-05 0.0594723 0.00184977 0.0083306 0.555835 0.0618505 1.48806e-05 0.000351183 0.0252036 0.0667263 0.0010315 0.0020498 1.05207e-05 0.191273 0.0124825 0.00232974 1.72274e-09 0.00150953 0.00640164 0.000762647 0.00243397 
0.0552449 0.0228786 0.0141761 0.0017392 0.398745 0.0045537 0.000148129 0.00177001 0.028853 0.0140608 0.000873034 0.00946545 6.26971e-06 0.0226187 0.357937 0.00574554 0.000879037 0.00630287 0.0424382 0.000349564 0.011215 
9.69151e-07 0.05709 0.0314895 0.00417286 0.723355 0.00537641 5.44379e-05 7.86321e-05 0.092004 0.000153627 2.22994e-06 0.0349185 3.53391e-06 0.0376375 0.000105908 1.2972e-06 5.86283e-06 0.0032385 0.00980362 0.000432703 7.4574e-05 
0.0212328 0.00840543 0.104802 0.0514897 0.337671 0.0114208 0.0530176 1.27712e-06 0.0247576 0.00134634 2.07872e-05 0.0747914 2.52629e-08 0.000657916 0.0808936 0.0452753 4.19118e-08 0.00199464 0.181016 0.00118751 1.75488e-05 
8.12871e-05 0.0644571 0.0501321 0.00827126 0.322923 0.0067107 3.24216e-05 0.000446552 0.134637 0.0125215 0.0107774 0.0291086 0.00060731 0.226719 0.0262214 0.00173332 0.000594751 0.0743045 0.0242682 0.00274441 0.00270834 
0.000523365 0.0567712 0.00379228 0.0106024 0.560955 0.00394672 0.00147822 2.24646e-07 0.13048 0.00327212 3.16285e-06 0.026797 1.41802e-05 0.0836945 0.0507016 0.0133236 3.63301e-08 0.00407537 0.0488282 0.000323511 0.00041732 
0.00913008 0.0463162 0.0426868 0.0183543 0.431387 0.0162731 1.39998e-05 0.0151432 0.0371136 0.00950604 0.000251258 0.0359313 6.18231e-06 0.186875 0.0443825 0.00184439 6.45699e-06 0.00493187 0.0982654 0.000339835 0.00124117 
0.002428 0.111618 0.066017 0.00862135 0.240664 0.00838579 0.000143639 0.0182442 0.0450637 0.13319 0.00374703 0.0344663 1.70355e-05 0.0909739 0.0386457 0.0518123 7.95004e-09 0.0128062 0.118393 0.00361371 0.011149 
0.00266296 0.00841186 0.0966929 0.0164905 0.469714 0.0152263 0.0013139 0.000590145 0.0259196 0.00208222 0.000375613 0.00654004 0.000722433 0.0695333 0.0313043 0.00450637 0.00049534 0.02066 0.220336 0.0062702 0.00015204 
4.18238e-05 0.0592868 0.0114823 0.0023672 0.55844 0.0238325 4.56419e-06 3.65965e-05 0.023962 0.00759566 0.00287317 0.0243728 6.66102e-06 0.0848556 0.00114507 0.0276402 1.43836e-06 0.00534831 0.0941195 0.0718358 0.000751526 
0.0234952 0.110969 0.129069 0.00150195 0.271597 0.0120759 0.000367876 0.000872746 0.0200451 0.0231118 0.0754465 0.129805 5.30945e-08 0.0273589 0.00604377 0.0460862 3.22696e-08 0.011271 0.0893035 0.0187153 0.00286388 
0.00341755 5.00111e-06 2.4793e-06 1.78786e-06 0.907522 5.3821e-07 0.00019315 7.30447e-07 2.32355e-06 6.24405e-07 0.00881425 0.000851757 7.18355e-08 0.00735883 0.0718263 9.08963e-12 4.10814e-11 2.90002e-07 2.99043e-07 6.01401e-07 1.36294e-06 
0.00026016 0.0372049 0.00544979 0.015308 0.539132 0.0224692 0.00129354 0.000203358 0.0614725 0.00834123 0.00449475 0.0556578 0.000806154 0.0670674 0.00450982 0.00248279 8.95412e-10 0.00789404 0.155304 0.0062268 0.00442231 
0.00417198 0.0735758 0.00415155 0.0120353 0.394411 0.00251474 0.000208943 0.0107051 0.0650832 0.00104665 0.0161307 0.130947 4.33918e-06 0.133192 0.0194769 0.00114866 0.000100236 0.00168595 0.111229 0.000371355 0.0178093 
9.19714e-06 0.00041924 0.131033 0.000555586 0.382336 0.289549 4.14083e-08 0.00668622 0.00393455 0.000133318 2.01851e-08 6.91313e-06 4.11371e-06 0.0208178 5.27564e-05 1.17421e-08 5.30695e-08 0.163815 1.03082e-05 0.000619855 1.64213e-05 
0.00491506 0.0636342 0.0261779 0.00414014 0.271986 0.0220255 6.34971e-05 0.00590058 0.0505531 0.0743207 0.00565079 0.0265944 0.000312321 0.141591 0.0169682 0.113864 7.1451e-05 0.123537 0.0425039 0.00230582 0.00288467 
0.00609783 0.0687808 0.00924444 0.00576786 0.313779 0.0059942 6.73838e-05 0.0162591 0.0835475 0.0477409 0.00105696 0.0372855 6.15939e-06 0.197782 0.0374514 0.00191042 0.000161766 0.0148415 0.149283 0.00151328 0.00142837 
0.000227971 0.00306368 0.00317692 0.000761373 0.546662 0.0221708 7.95059e-06 0.000109917 0.00673923 3.92778e-05 0.00120852 0.000196132 4.53734e-07 0.412952 0.00164867 2.99917e-05 6.51261e-07 3.33618e-05 8.83839e-05 6.74424e-05 0.000815644 
0.000290195 0.0322512 0.0265905 0.0372692 0.401399 0.0187771 3.83815e-05 1.39801e-05 0.0524995 7.93536e-05 0.00256188 0.0188069 1.49073e-06 0.367404 0.00733604 0.00131758 0.000293348 0.0129665 0.0192085 0.000705612 0.000190236 
3.79481e-05 0.0103577 0.00251547 0.0010157 0.959807 0.00204551 2.42208e-09 0.000272187 0.00782356 0.000572885 2.57077e-07 0.000671181 1.11435e-05 0.0129185 0.000716366 1.07718e-06 7.7578e-12 0.00012648 0.000146486 4.85355e-05 0.000912279 
0.000390907 0.01559 0.003101 0.00308295 0.766914 0.00474886 2.50081e-05 0.000456611 0.0237261 0.0021581 0.00193542 0.00137234 2.84222e-07 0.171942 0.00172452 0.000114811 3.38004e-09 0.000129044 0.000237324 0.000133912 0.00221618 
0.000129702 0.00307279 0.0141922 0.0308462 0.473475 0.00657415 0.000220856 0.000443461 0.0071175 0.0169787 5.59725e-05 0.157229 0.0115715 0.0234532 0.00268064 0.0026914 4.87125e-05 0.214964 0.0332663 0.000102561 0.000886786 
7.99096e-05 0.0407529 0.0141172 0.00785662 0.788237 0.0396232 3.24623e-09 0.000129681 0.044864 0.012694 0.000571159 0.00171457 5.32876e-06 0.0448713 0.000341222 0.000322325 2.83627e-11 0.00171892 0.000594095 0.000585106 0.000921437 
0.000579002 0.0116948 0.0152074 0.00250649 0.757593 0.000703704 0.00697945 0.000153811 0.0274962 0.000830927 0.00324234 0.0131175 1.36689e-05 0.0824109 0.00439988 0.000767257 7.25243e-08 0.000847455 0.0690803 0.000132064 0.00224331 
0.00114026 0.0101433 0.0129558 0.000518839 0.809009 0.000343858 2.30192e-05 0.0032421 0.00234508 0.00298552 9.04285e-05 0.000351121 1.54467e-06 0.038085 0.102337 0.000229952 2.15686e-09 0.00964854 0.00594499 0.000365684 0.000238351 
0.0690502 0.00297239 0.0678478 0.00201824 0.631636 0.00349015 0.000369025 0.000914973 0.00483615 9.7e-05 0.000151342 0.0952639 2.75629e-09 0.00165501 0.0258709 0.000866642 1.39531e-10 0.00504026 0.0849824 0.00293735 2.9341e-07 
0.00032767 0.0447696 0.0330444 0.165345 0.305989 0.0133199 0.00143648 0.00465929 0.0509643 0.000738648 0.00175071 0.0651136 4.17514e-05 0.163755 0.00458831 0.000330645 9.94647e-11 0.0481551 0.0940675 5.20581e-06 0.00159828 
0.0173872 0.059058 0.0409593 0.0282173 0.340883 0.225947 2.96747e-05 0.00156771 0.0212206 0.0212515 0.000752302 0.0118826 5.10541e-05 0.0583089 0.0133704 0.00774943 2.87639e-06 0.139758 0.00834991 0.00176852 0.00148481 
0.00630851 0.0292799 0.00974663 0.00227712 0.783682 0.0109891 2.41059e-05 0.0124774 0.0164714 0.00342132 0.00153693 0.00149169 1.36303e-05 0.0974332 0.00396019 0.000736556 4.95659e-06 0.00241385 0.00712964 0.000356996 0.0102449 
0.0490129 0.0403891 0.00670502 0.0305061 0.382596 0.000110302 0.00646007 0.00965726 0.0378468 0.00115629 0.0021493 0.212557 6.2421e-05 0.00861375 0.0933171 0.000130244 1.35351e-05 0.00493013 0.113618 7.75889e-05 9.1618e-05 
0.00716616 0.046116 0.253333 0.0173109 0.28873 0.0139967 0.00125443 0.000951376 0.0749204 0.0100153 0.0039393 0.034388 0.0010001 0.0742184 0.0385891 0.00693268 0.00201248 0.0303059 0.0890056 0.00380841 0.00200638 
8.2526e-05 0.0514825 0.0218151 0.00895082 0.387832 0.155601 1.6712e-07 8.69051e-06 0.00817985 0.000513174 0.000258701 0.123313 1.08639e-09 0.0040301 0.0112376 0.0125255 9.99665e-07 0.00086684 0.211927 0.00137412 5.10085e-08 
0.0317268 0.0248703 0.00513966 0.000541181 0.766523 0.000165538 5.5727e-05 0.00259552 0.0807529 0.00126023 1.95905e-06 0.00457334 1.01193e-06 0.0372946 0.0152961 0.000219704 6.01879e-07 0.00194142 0.026789 8.14377e-05 0.000169816 
0.000920181 0.100818 0.00201444 0.00643391 0.373031 0.000797083 0.047968 0.00536581 0.0294052 0.0617406 0.000503539 0.110599 3.04798e-05 0.12734 0.0617918 0.0014066 2.65927e-11 0.0115841 0.0335808 0.000557672 0.0241125 
0.000174509 0.0374308 0.0153556 0.00322179 0.758163 0.0126284 8.15186e-06 0.000544635 0.0464965 0.000387534 0.00169734 0.000643854 4.33075e-06 0.11532 0.000885592 0.000723874 8.62914e-09 0.00193927 0.0022247 0.000518203 0.00163183 
0.000225244 0.0675966 0.00882776 0.00419769 0.699466 0.0108016 1.0403e-07 0.000215059 0.0306407 0.000782018 0.0052016 0.00871783 1.69222e-05 0.152839 0.00134767 0.00213498 1.80485e-11 0.000804312 0.0050842 0.000209217 0.000891228 
0.0726224 0.0452839 0.10222 0.00913348 0.182429 0.0344592 0.000517509 0.00464035 0.0408066 0.00531623 0.00213223 0.0313963 4.20688e-06 0.0852272 0.123744 0.00332973 0.000374085 0.147021 0.100816 0.00368057 0.00484634 
0.00126862 0.016155 0.0308095 0.00572266 0.250116 0.0208855 0.00059497 0.000305033 0.0657896 0.0352368 0.00241908 0.0402543 0.00157204 0.0954434 0.00576791 0.0703931 2.88935e-05 0.155958 0.16898 0.0192589 0.013041 
0.0767108 0.0148132 0.0506199 0.00137045 0.331998 0.000348758 0.0194932 0.000244463 0.0404918 0.00063612 1.33867e-05 0.0298256 4.93347e-05 0.266809 0.0159199 0.00636895 3.91916e-08 0.00256173 0.132717 0.00274926 0.00625987 
0.00131839 0.00530137 0.0110428 0.00206917 0.697714 0.00346832 0.000211983 0.000914237 0.0101703 0.00467039 0.00294504 0.138987 2.22631e-07 0.0121634 0.00402621 0.000266744 8.76554e-06 0.00218474 0.101875 0.00063296 2.94479e-05 
0.000138438 0.0472011 0.00226489 0.00681848 0.600499 0.0452083 1.86015e-05 0.000387495 0.0264554 0.0535126 0.00136805 0.0020737 7.18862e-06 0.188698 0.0140505 0.00165717 2.61525e-07 0.00161319 0.00501455 0.00061673 0.00239714 
9.81643e-05 0.120529 0.0134217 0.0136251 0.229539 0.0440035 2.09154e-05 0.0578829 0.203627 0.00407512 0.0117839 0.00947578 1.63632e-08 0.0646264 0.00120536 0.0029406 4.57239e-11 0.0135197 0.188686 0.0207484 0.000191659 
0.00404086 0.0420825 0.0523654 0.00818825 0.465462 0.0142289 0.000190391 0.00307186 0.0306317 0.00342558 0.00095077 0.0909149 3.02567e-06 0.0758518 0.12748 0.00566758 1.05909e-10 0.017219 0.057036 0.00106761 0.000122205 
0.000279437 0.0672441 0.0282999 0.0101235 0.262955 0.0813552 0.00160749 0.00862279 0.0752874 0.00706588 0.00231221 0.0209397 0.000506532 0.0690583 0.0345311 0.00761142 2.37394e-07 0.127074 0.13771 0.0554244 0.00199156 
0.000203347 0.0800973 0.0285984 0.0216693 0.534332 0.0916419 4.5614e-07 5.96762e-05 0.127605 0.00643237 0.0148421 0.00327731 5.97639e-07 0.0872719 0.000163395 0.00016484 1.43082e-09 0.00282813 0.00058712 4.19338e-05 0.000182882 
0.0011143 0.011928 0.0674951 0.15334 0.177357 0.053353 0.131281 0.000178672 0.102061 8.70335e-05 3.92963e-07 0.0260269 1.77691e-06 0.0154991 0.154986 0.0186413 1.51656e-10 5.41663e-06 0.0670673 0.0188263 0.000750544 
0.00409527 0.0383078 0.0105934 0.0116948 0.382577 0.00901825 0.000101837 0.00154252 0.0615206 0.0138897 0.00255772 0.258692 7.80451e-05 0.14654 0.00810703 0.00223282 1.47002e-05 0.00390493 0.0424448 0.000813037 0.00127477 
0.000291788 0.0189666 0.00434138 0.00421219 0.704499 0.00567331 2.27343e-05 0.00033951 0.0277148 0.0030213 0.00270957 0.00192127 3.97479e-07 0.220967 0.00221778 0.00016073 3.03072e-09 0.000180657 0.00033225 0.000161631 0.00226625 
0.364753 0.00880602 0.0175236 0.00208441 0.491418 0.00666171 5.55904e-05 0.000599083 0.0123794 0.00102252 0.000905035 0.000699698 1.4961e-07 0.075478 0.00878134 0.000693602 5.64301e-07 0.000959547 0.00671267 9.58223e-05 0.000370241 
7.8795e-05 0.000178794 0.00463723 0.000392655 0.874345 0.0160636 3.0288e-08 1.69688e-05 0.00523132 0.00108979 6.37732e-06 4.98872e-08 1.14411e-08 0.0972112 2.79094e-05 5.40922e-05 1.88712e-10 5.10671e-06 9.68058e-12 2.07339e-07 0.000661332 
0.00342001 0.0243495 0.0112723 0.00225529 0.469785 0.0132241 0.00163188 0.000754341 0.122201 0.0632059 0.00155474 0.0167446 0.000142869 0.0053472 0.022336 0.0137237 4.09228e-05 0.0192439 0.170873 0.0359703 0.00192336 
0.000390907 0.01559 0.003101 0.00308295 0.766914 0.00474886 2.50081e-05 0.000456611 0.0237261 0.0021581 0.00193542 0.00137234 2.84222e-07 0.171942 0.00172452 0.000114811 3.38004e-09 0.000129044 0.000237324 0.000133912 0.00221618 
0.000267298 0.2018 0.00828665 0.00472076 0.472057 0.0224508 4.38662e-06 0.0873888 0.0237767 0.00284397 0.000866301 0.00144563 0.000158745 0.0860951 0.00180293 0.000964302 2.57522e-09 0.00411241 0.00294602 0.000751102 0.0772604 
0.0584818 0.0308603 0.0285213 0.00210845 0.337888 0.0085974 0.00133821 0.00208873 0.0382335 0.00873595 0.00881283 0.0685143 0.000281737 0.0147428 0.117475 0.0701055 0.00662833 0.0392344 0.152997 0.00362194 0.000732642 
0.000267298 0.2018 0.00828665 0.00472076 0.472057 0.0224508 4.38662e-06 0.0873888 0.0237767 0.00284397 0.000866301 0.00144563 0.000158745 0.0860951 0.00180293 0.000964302 2.57522e-09 0.00411241 0.00294602 0.000751102 0.0772604 
0.00614368 0.0345712 0.0226891 0.00721072 0.320605 0.00558052 0.000848962 0.0481038 0.0919737 0.00905872 0.00343736 0.0382133 2.52815e-05 0.147052 0.0076979 0.0147356 1.10608e-06 0.137085 0.0972417 0.00450966 0.00321483 
0.00936549 0.0289817 0.0212638 0.00417717 0.216259 0.05178 0.00688341 0.000102 0.104423 0.017996 0.000687582 0.152263 0.000218362 0.0663524 0.0188882 0.0066337 3.32644e-05 0.0776208 0.200937 0.0112834 0.00385066 
0.00730555 0.0556914 0.0805066 0.0132718 0.353462 0.0222597 0.00038252 0.00183988 0.08332 0.0166041 0.00168773 0.0227453 1.15874e-05 0.128925 0.0297116 0.0248661 0.00250696 0.0226005 0.127155 0.00386739 0.0012795 
0.0200302 0.0214917 0.0118018 0.00330624 0.726696 0.00573651 0.000125446 0.00446241 0.013137 0.00749161 4.20141e-05 0.0284107 4.91886e-06 0.118694 0.0230098 0.000646825 7.9946e-09 0.00216978 0.0114741 0.000223137 0.00104593 
0.00267652 0.0406001 0.0104753 0.0741477 0.407883 0.00700904 0.00010051 0.000986707 0.0413369 0.00989024 0.000401946 0.0070341 5.59097e-05 0.180733 0.00659154 0.00790049 3.59728e-08 0.18884 0.00948045 0.000884185 0.00297203 
8.0718e-06 0.0294132 0.00452704 0.0016875 0.30009 0.00131974 2.50851e-05 7.92905e-05 0.220573 0.0033054 0.00149613 0.00264382 7.04216e-06 0.278423 0.00137994 0.00748012 2.04349e-12 0.136254 0.00340455 0.00217849 0.00570517 
0.00528914 0.0454397 0.0128339 0.00665702 0.294451 0.0130945 0.000226191 0.000306604 0.0949132 0.0143996 0.00215973 0.0134079 5.01889e-06 0.213125 0.00606894 0.0107207 1.70299e-06 0.0973923 0.166302 0.00140482 0.00180088 
0.0118997 0.0174715 0.0404453 0.00898653 0.350821 0.0210712 0.000548668 0.00792326 0.185636 0.0117632 0.000723161 0.00961909 0.000179321 0.0654786 0.00757853 0.0299279 1.02589e-05 0.00954819 0.202842 0.0133502 0.00417577 
0.00131839 0.00530137 0.0110428 0.00206917 0.697714 0.00346832 0.000211983 0.000914237 0.0101703 0.00467039 0.00294504 0.138987 2.22631e-07 0.0121634 0.00402621 0.000266744 8.76554e-06 0.00218474 0.101875 0.00063296 2.94479e-05 
0.0766298 0.0102985 0.0372457 0.0180733 0.307697 0.0293724 0.00164587 0.0182235 0.141182 0.00508429 0.000119193 0.0123355 8.45952e-05 0.237066 0.00868857 0.00358533 0.000108975 0.0244217 0.0669659 0.00113195 3.96674e-05 
0.000126844 0.051736 0.0142322 0.0631271 0.425945 0.0153999 0.013485 0.000755487 0.0498343 0.000742349 0.000195855 0.0567892 6.44137e-05 0.282364 0.00204198 0.000692979 2.34326e-06 0.00326891 0.0176931 0.000963158 0.000539977 
0.000782486 0.00132894 0.0896582 0.000220439 0.377035 0.0142696 0.0215788 3.44587e-05 0.000400415 0.0230792 8.80939e-09 0.0136357 2.3397e-06 1.11507e-11 0.22895 0.0238232 1.77755e-10 0.000204058 0.195345 0.00963659 1.58062e-05 
0.00806688 0.0578146 0.0534786 0.166774 0.207724 0.0034348 0.000310301 0.000458112 0.0358998 0.000290665 0.0242562 0.189881 7.98661e-07 0.0273805 0.0127008 0.0861183 2.48782e-05 0.00537746 0.0722134 0.000175415 0.047619 
6.69609e-05 0.0177008 0.0200883 0.0106576 0.634271 0.0387983 5.71183e-05 0.000141781 0.0858246 0.000324074 0.00121576 0.00163224 5.37393e-07 0.173004 6.0621e-05 0.00126133 4.57314e-06 0.0111988 0.00219205 0.0009788 0.000520746 
0.0011143 0.011928 0.0674951 0.15334 0.177357 0.053353 0.131281 0.000178672 0.102061 8.70335e-05 3.92963e-07 0.0260269 1.77691e-06 0.0154991 0.154986 0.0186413 1.51656e-10 5.41663e-06 0.0670673 0.0188263 0.000750544 
0.0282087 0.0110278 0.0251439 0.00275836 0.764668 0.00550359 4.74405e-05 0.00186555 0.0263452 0.00404209 0.0012354 0.00479804 1.08639e-06 0.0732663 0.0388662 0.00135602 5.91458e-07 0.00300958 0.00660717 0.000514305 0.000734383 
0.00220273 0.0090064 0.0259379 0.0102907 0.37229 0.0331491 0.000293798 0.000532683 0.0310947 0.0403079 0.00350854 0.0166714 2.23529e-05 0.15052 0.00666383 0.00222544 0.000551079 0.0266325 0.258773 0.00914898 0.000176541 
0.0756778 0.00415894 0.0571959 0.00488513 0.373847 0.00322621 0.00456918 0.0121576 0.0319711 0.00307068 0.000155308 0.0360521 0.00128844 0.0109854 0.0768256 0.0163856 3.02258e-07 0.0156923 0.269371 0.00164808 0.000836153 
0.00363053 0.0100581 0.00393719 0.00217177 0.862734 0.00428506 4.27966e-05 0.000797988 0.0107967 0.00326619 0.00142193 0.0011381 3.26167e-07 0.0904976 0.00252092 0.000110276 1.12993e-06 0.000796427 0.00057293 0.000104144 0.00111551 
0.00799119 0.00342775 0.0624482 0.00882091 0.709567 0.0112917 3.98301e-05 0.000221586 0.0557985 8.42999e-05 0.00010223 0.000360823 1.95648e-09 0.0411857 0.00486287 0.00159165 1.51777e-11 0.00354306 0.0852962 0.00261347 0.000753065 
0.000177203 0.00409654 0.00262612 0.000383494 0.925883 0.000314244 3.11005e-06 9.29602e-05 0.0130969 4.99754e-05 0.000300112 4.07275e-06 2.66283e-07 0.0499903 0.000983135 8.00203e-05 1.61917e-08 0.000768386 0.000198739 1.5439e-05 0.00093553 
0.00717797 0.0199429 0.147465 0.00392245 0.3271 0.00116668 0.000819091 0.000289529 0.00485587 0.000425921 5.64908e-05 0.125884 0.000104066 0.0100332 0.26512 0.00812402 2.03999e-11 0.000346894 0.0752642 0.00148827 0.000413921 
0.00156842 0.0295391 0.0189902 0.0273629 0.528506 0.0246558 0.00137794 0.00215871 0.0238725 0.00461967 0.00524404 0.0910839 3.67469e-05 0.0156021 0.156602 0.00128143 7.02117e-08 0.00957019 0.0420004 0.00845863 0.00746929 
0.102468 0.0679732 0.155377 0.00566063 0.379773 0.0063021 0.000688594 0.00265479 0.00793522 0.000469006 0.000319158 0.0401302 1.41272e-07 0.0212216 0.0490575 0.0402049 3.35601e-10 0.00127499 0.115539 0.0028428 0.000108082 
1.77855e-05 1.77894e-05 1.77871e-05 1.77836e-05 0.825345 1.77862e-05 1.77657e-05 1.7778e-05 1.77888e-05 1.77875e-05 1.77786e-05 0.0355933 1.77716e-05 0.0604997 0.0266908 1.77837e-05 1.77587e-05 1.77855e-05 0.0302594 1.77774e-05 0.0213455 
0.0177493 0.0180323 0.0861831 0.00752659 0.313397 0.0158927 0.00183909 0.000952049 0.0654707 0.00853692 0.000354384 0.0171388 6.19162e-06 0.0398131 0.051756 0.0511192 4.26889e-08 0.0165192 0.28187 0.00534916 0.000493577 
0.00244171 0.0329737 0.0165204 0.00855255 0.279926 0.00208317 9.48758e-05 0.0385958 0.0380607 0.00766702 2.69449e-05 0.153703 0.000165584 0.167488 0.0226182 0.00117243 5.87977e-11 0.0781722 0.147251 0.00109785 0.00138886 
0.00589098 0.0399866 0.013223 0.00112742 0.421894 0.000144802 0.000844804 6.40784e-05 0.00268815 0.00151699 0.027765 0.0519525 8.19039e-08 0.00360129 0.415937 0.000388726 2.25001e-10 0.00163163 0.00981811 0.000219983 0.00130493 
0.000178368 0.0899103 0.0210096 0.00797418 0.625998 0.0122804 1.20606e-05 0.000259651 0.0760101 0.000227472 0.00227264 0.0122175 3.67539e-07 0.0669257 0.00416773 0.0611225 7.41979e-08 0.00425439 0.0104288 0.00333614 0.00141454 
0.069694 0.0173348 0.09738 0.00757753 0.491729 0.00337934 0.00015849 0.00202816 0.0615806 0.00443066 0.000170149 0.0157863 1.67933e-09 0.0196439 0.169069 0.00528496 7.17348e-11 0.00711929 0.0252911 0.00218254 0.000160738 
0.000389735 0.00418155 0.000201889 1.71673e-05 0.474967 0.144667 3.4051e-05 0.000300907 0.0267847 0.000208138 2.9552e-09 0.00459598 5.00358e-06 4.87392e-10 0.000220641 0.0488292 7.76964e-09 0.00295053 0.243403 0.0482428 4.28183e-09 
0.00226839 0.00389865 0.022899 0.00050321 0.815636 0.000528873 6.27409e-06 0.00173212 0.00450199 0.000223426 0.00345464 0.00310061 1.83983e-07 0.115537 0.0146226 0.00186935 0.000371453 0.000682368 0.00498324 0.000130209 0.00305055 
0.000187116 0.00742022 0.00086903 0.000219377 0.952049 0.00026163 2.71427e-06 0.00013318 0.00960791 4.62982e-05 0.000105171 7.53987e-06 5.55878e-07 0.0257474 0.000986706 3.42809e-05 2.37847e-12 0.00137211 8.07248e-05 6.17536e-06 0.000863126 
0.00602837 0.0651278 0.0288934 0.0149204 0.24148 0.0229873 0.0231717 0.000581733 0.0273716 0.0158175 0.000202775 0.0904089 6.66196e-05 0.0808281 0.107217 0.0242148 2.2433e-05 0.013554 0.224134 0.0112408 0.00173013 
0.000307374 0.022997 0.00240627 0.00982262 0.499581 0.0148129 0.00495626 0.000116313 0.0960737 0.00431165 0.000884873 0.0173667 1.31403e-05 0.253763 0.00722575 0.00102376 2.24292e-08 0.0178881 0.00954358 0.0006144 0.0362916 
0.000118592 0.032846 0.0101738 0.00826792 0.226262 0.0178249 3.17311e-05 0.000470878 0.0851005 0.0175962 0.00112296 0.0707381 5.45933e-06 0.194378 0.0250856 0.00539275 2.36302e-06 0.214693 0.0638148 0.00540449 0.0206701 
4.37318e-05 0.0733977 0.0168895 0.00376133 0.79416 0.00319211 0.000557586 0.000724057 0.006744 0.0197351 0.000196196 0.0102344 7.70515e-06 0.00976006 0.0087441 0.00042205 1.64118e-11 0.0358372 0.0115373 0.000190087 0.00386556 
0.00102656 0.0163073 0.0962324 0.0110444 0.284733 0.0202591 2.83878e-05 0.000476433 0.102427 0.00220359 0.00410266 0.0338791 7.45695e-07 0.123199 0.00847409 0.0321585 4.22873e-08 0.00291681 0.258055 0.000963567 0.00151224 
0.000291788 0.0189666 0.00434138 0.00421219 0.704499 0.00567331 2.27343e-05 0.00033951 0.0277148 0.0030213 0.00270957 0.00192127 3.97479e-07 0.220967 0.00221778 0.00016073 3.03072e-09 0.000180657 0.00033225 0.000161631 0.00226625 
0.0384885 0.0279702 0.00924711 0.00281222 0.655159 0.0091364 1.30923e-05 0.00157972 0.00645265 0.00560934 0.000324583 0.039101 6.89144e-05 0.029857 0.109668 0.00412767 6.10665e-05 0.000352508 0.00283018 0.0013314 0.0558095 
0.000168027 0.0133052 0.00983476 0.00209313 0.72181 0.0164266 1.57434e-05 0.00022252 0.0292895 0.00176181 0.00168421 0.00115091 6.79789e-07 0.174174 0.00245646 0.00107026 1.79864e-05 0.00319655 0.0200948 0.000275189 0.00095187 
0.00243973 0.0319923 0.0128649 0.00358959 0.473879 0.0152227 3.1895e-05 0.00071907 0.156222 0.000348973 0.000423392 0.00256517 2.0434e-06 0.20095 0.00125461 0.00075836 1.19017e-08 0.0747323 0.0180319 0.00291301 0.00105868 
0.000390907 0.01559 0.003101 0.00308295 0.766914 0.00474886 2.50081e-05 0.000456611 0.0237261 0.0021581 0.00193542 0.00137234 2.84222e-07 0.171942 0.00172452 0.000114811 3.38004e-09 0.000129044 0.000237324 0.000133912 0.00221618 
0.0070751 0.00916163 0.00548187 0.000743722 0.908017 0.000633033 1.70112e-05 0.00512697 0.00480318 0.000121665 2.80908e-05 0.0019411 2.80286e-07 0.0478318 0.00639805 8.26583e-05 9.97549e-09 0.000296118 0.000851408 0.000176427 0.00121249 
0.000348516 0.0582437 0.0442955 0.0189369 0.215466 0.0296948 0.000526662 0.000763763 0.160713 0.02381 0.00168212 0.0227568 0.035392 0.195794 0.00790825 0.00496354 0.000762386 0.054024 0.122159 0.00140175 0.000356691 
0.00658886 0.101194 0.0210112 0.00196332 0.661406 0.0003403 3.07509e-08 0.0353367 0.0034998 0.0446061 3.2444e-06 0.0237394 4.29968e-07 0.028763 0.0458806 0.000103299 3.27887e-11 0.0248052 1.76217e-07 4.39054e-05 0.000714778 
0.00341688 0.0826262 0.0210511 0.00200157 0.345815 0.0231534 0.0105708 0.000557401 0.0558868 0.0287863 2.07264e-05 0.0381143 0.000173808 0.0339751 0.0102078 0.00332157 1.15276e-10 0.00249155 0.329476 0.00663957 0.00171358 
0.00582037 0.0082491 0.00380642 0.00214255 0.882741 0.00536377 4.63948e-05 0.00080337 0.00712568 0.00350435 0.000708386 0.000992376 3.74203e-07 0.073472 0.00245417 0.000128864 2.34551e-07 0.00132261 0.000567902 8.82441e-05 0.000661546 
1.75323e-05 0.0191506 0.0159866 0.00517525 0.819165 0.00105972 1.38311e-06 2.29675e-05 0.0150294 7.36061e-05 0.000144076 0.0544747 0.00092094 0.0191394 0.0144333 5.56619e-06 2.15861e-05 1.38097e-07 0.034888 0.000128696 0.000161704 
0.000409546 0.0477288 0.0503795 0.0180463 0.330246 0.0160735 0.00847501 0.0117153 0.0519581 0.00120216 0.000816164 0.147761 0.000543476 0.153609 0.00375017 0.00203593 0.00050078 0.0431103 0.095083 0.00164425 0.0149125 
0.000365355 0.00504608 0.00526088 0.00124102 0.91049 0.00053455 8.951e-06 0.000166556 0.0111947 5.81198e-05 0.00185295 0.000309078 2.76384e-10 0.0591423 0.00267933 4.70004e-05 5.58682e-09 5.06563e-05 0.000143431 0.000100189 0.00130885 
0.0139018 0.0149459 0.0435951 0.00727025 0.288463 0.0370815 0.000507218 0.00406433 0.064176 0.0359537 0.000216289 0.0288864 2.07169e-06 0.0412916 0.238536 0.00335074 4.48558e-11 0.0342758 0.136257 0.00601917 0.00120648 
0.00113071 0.00488307 0.0094017 0.000885749 0.529269 0.00345902 0.000570965 6.06271e-05 0.191483 0.000239776 3.90128e-06 0.00029916 5.57093e-07 0.160017 0.00193326 0.000349272 5.25525e-10 0.0353872 0.0566931 0.00379432 0.000138053 
0.000415757 0.0260232 0.00840132 0.00626914 0.26911 0.0145606 0.000147517 0.000210385 0.195111 0.00860238 0.00274241 0.00963827 5.72335e-05 0.171557 0.0020861 0.00643056 2.87384e-05 0.0796289 0.0364556 0.00204586 0.160478 
0.0532231 0.0490162 0.020534 0.00754625 0.293043 0.024194 1.42365e-06 8.54256e-05 0.219645 0.0108027 0.0222024 0.00414788 0.000148602 0.0405276 0.00446477 0.00997173 3.64505e-10 0.0783872 0.154979 0.00478053 0.00229898 
0.00702805 0.013285 0.00561217 0.00246937 0.513276 0.0132389 9.28255e-05 0.000485869 0.00396535 0.000165334 9.55531e-05 0.0232123 9.0796e-05 0.0674165 0.0606633 5.25865e-05 1.01775e-09 0.228297 0.0592204 0.000164362 0.00116869 
0.38108 0.016179 0.00830446 0.0129616 0.435476 0.00777754 0.000144551 0.0009737 0.0114506 0.00221223 0.000482089 0.010442 1.65527e-06 0.0502116 0.0401062 0.00198068 4.9789e-07 0.00383094 0.0150011 0.00056692 0.000817071 
0.000138438 0.0472011 0.00226489 0.00681848 0.600499 0.0452083 1.86015e-05 0.000387495 0.0264554 0.0535126 0.00136805 0.0020737 7.18862e-06 0.188698 0.0140505 0.00165717 2.61525e-07 0.00161319 0.00501455 0.00061673 0.00239714 
0.00717797 0.0199429 0.147465 0.00392245 0.3271 0.00116668 0.000819091 0.000289529 0.00485587 0.000425921 5.64908e-05 0.125884 0.000104066 0.0100332 0.26512 0.00812402 2.03999e-11 0.000346894 0.0752642 0.00148827 0.000413921 
0.0074178 0.00496111 0.0626131 0.00261205 0.429746 0.00399053 0.000121943 5.37223e-05 0.00293252 0.00020455 0.109962 0.0215699 1.06078e-05 1.69091e-06 0.00550034 0.321334 3.88737e-07 2.75364e-05 0.0216543 0.000841587 0.00444417 
0.000390907 0.01559 0.003101 0.00308295 0.766914 0.00474886 2.50081e-05 0.000456611 0.0237261 0.0021581 0.00193542 0.00137234 2.84222e-07 0.171942 0.00172452 0.000114811 3.38004e-09 0.000129044 0.000237324 0.000133912 0.00221618 
0.00242792 0.0425422 0.00868022 0.00872434 0.354277 0.00724979 7.88565e-06 0.00290842 0.0860088 0.1068 0.0036955 0.0137832 8.3301e-07 0.0975024 0.00288111 0.00415673 9.4174e-06 0.216663 0.0362264 0.00461022 0.000844306 
2.64913e-05 0.00691598 0.00168454 0.000684251 0.963029 0.00137377 1.5155e-07 0.000186244 0.0152699 0.000388424 1.60229e-05 0.00045443 9.26007e-06 0.00862461 0.000484769 1.53097e-06 1.24119e-09 8.97295e-05 9.9757e-05 3.53856e-05 0.00062576 
0.00582037 0.0082491 0.00380642 0.00214255 0.882741 0.00536377 4.63948e-05 0.00080337 0.00712568 0.00350435 0.000708386 0.000992376 3.74203e-07 0.073472 0.00245417 0.000128864 2.34551e-07 0.00132261 0.000567902 8.82441e-05 0.000661546 
0.008588 0.169896 0.0100794 0.0272065 0.384774 0.0204351 2.38396e-06 0.01936 0.0619863 0.0810482 0.000391534 0.0136623 7.9376e-07 0.151708 0.0167686 0.00134201 1.36143e-10 0.0182285 0.0140854 0.000138922 0.00029722 
0.0644344 0.0257406 0.0162223 0.00347648 0.641389 0.000888913 3.65605e-05 0.00139996 0.0763536 0.00967784 0.00212824 0.0322646 0.000141705 0.0130528 0.00501241 0.0184047 0.0202464 0.044468 0.0232787 0.000524538 0.000858016 
0.00582037 0.0082491 0.00380642 0.00214255 0.882741 0.00536377 4.63948e-05 0.00080337 0.00712568 0.00350435 0.000708386 0.000992376 3.74203e-07 0.073472 0.00245417 0.000128864 2.34551e-07 0.00132261 0.000567902 8.82441e-05 0.000661546 
3.79481e-05 0.0103577 0.00251547 0.0010157 0.959807 0.00204551 2.42208e-09 0.000272187 0.00782356 0.000572885 2.57077e-07 0.000671181 1.11435e-05 0.0129185 0.000716366 1.07718e-06 7.7578e-12 0.00012648 0.000146486 4.85355e-05 0.000912279 
0.000390907 0.01559 0.003101 0.00308295 0.766914 0.00474886 2.50081e-05 0.000456611 0.0237261 0.0021581 0.00193542 0.00137234 2.84222e-07 0.171942 0.00172452 0.000114811 3.38004e-09 0.000129044 0.000237324 0.000133912 0.00221618 
6.6604e-05 0.0144309 0.127447 0.00229802 0.311419 0.00974435 0.00167945 0.000371066 0.061164 0.000634214 0.000359074 0.0113693 0.00119423 0.0995751 0.223776 0.00498337 0.00227109 0.0833946 0.0296993 0.0133479 0.000775642 
0.0268089 0.0419201 0.00887645 0.00575372 0.372502 0.0072868 0.335159 0.0116614 0.0241008 0.0156871 0.000961956 0.0153899 8.41963e-05 0.107943 0.0067598 0.000284671 1.29403e-07 0.00598055 0.0106642 0.000122648 0.00205207 
0.004757 0.0199616 0.0305523 0.00645506 0.507633 0.00277477 0.00131981 0.00944662 0.0437349 0.00280963 0.00170416 0.0857742 0.000621351 0.100655 0.0508927 0.0180272 5.04917e-11 0.0373141 0.0709009 0.00126723 0.00339792 
0.000390907 0.01559 0.003101 0.00308295 0.766914 0.00474886 2.50081e-05 0.000456611 0.0237261 0.0021581 0.00193542 0.00137234 2.84222e-07 0.171942 0.00172452 0.000114811 3.38004e-09 0.000129044 0.000237324 0.000133912 0.00221618 
0.00453591 0.0332186 0.0213252 0.0164413 0.616334 0.0509139 6.6307e-06 0.00104235 0.0337799 0.0273959 0.000917756 0.00103643 4.5155e-06 0.158076 0.0020636 0.000987269 3.41669e-08 0.00479971 0.00506372 0.00102302 0.0210344 
0.0035689 0.202511 0.017255 0.00877755 0.401073 0.02343 0.000299084 0.00346692 0.0695735 0.0198532 0.00207762 0.0326023 1.96874e-05 0.144604 0.0153375 0.00394954 0.000170016 0.0149775 0.0327293 0.00177625 0.00194708 
1.1429e-06 0.0402513 0.00409355 0.000273168 0.285445 0.00300572 2.02044e-08 3.27302e-05 0.195552 0.0114159 0.000441248 0.00343366 4.04281e-06 0.143064 0.000974626 0.0532298 2.30204e-11 0.251507 0.00152887 0.00341316 0.00233347 
7.40443e-05 0.0210044 0.0468676 0.046897 0.403582 0.0197509 0.000481942 0.000363575 0.0946387 0.000158019 0.00143411 0.0672854 1.90041e-06 0.0871994 0.0195377 0.0062579 0.00174174 0.00397431 0.12494 0.0405669 0.0132431 
0.00962029 0.0198513 0.025093 0.00333597 0.733802 0.0143968 9.77902e-06 0.00195225 0.0116714 0.00413516 0.000289078 0.00786967 1.76762e-06 0.140924 0.0179645 0.000644982 1.5265e-06 0.0023994 0.00524077 0.000102597 0.000693779 
0.00287608 0.179098 0.0321848 0.00845881 0.27291 0.0344031 0.000634911 0.0413112 0.0472831 0.0275725 0.00413102 0.0247989 0.000302768 0.0919579 0.00541372 0.00451911 9.4885e-06 0.0689704 0.104512 0.00177425 0.0468781 
0.0181704 0.00772281 0.0730053 0.000538271 0.573829 0.0190442 7.52461e-05 0.00218065 0.0198858 0.00420702 9.04563e-06 0.00366368 5.16366e-05 0.158263 0.0159558 0.00217491 3.6199e-09 0.0587047 0.0412487 0.00102049 0.000249417 
0.0192701 0.0198507 0.00851986 0.00304668 0.747376 0.0111181 2.133e-05 0.00325226 0.00614862 0.00926146 2.97096e-05 0.0158937 3.68671e-06 0.108138 0.0397306 0.000916011 8.18243e-09 0.00374381 0.00252036 0.000148296 0.00101085 
0.0130677 0.0567263 0.0730213 0.0359535 0.682022 0.00296356 7.9403e-06 0.00428593 0.0121041 0.0115679 0.000637892 0.011872 1.10174e-07 0.062122 0.0113439 0.00124214 1.617e-06 0.0129678 0.00761803 0.000109309 0.000364829 
0.00343731 0.0387935 0.0259983 0.00603882 0.345679 0.0141532 0.00174689 0.00628451 0.084509 0.000995651 0.00129906 0.0310471 4.56524e-05 0.0895004 0.0161492 0.00457636 9.69834e-06 0.003118 0.324504 0.000110614 0.00200396 
0.129956 0.0770102 0.0325861 0.0716707 0.291907 0.0165948 0.000275519 0.000521138 0.0732337 0.00960333 0.00154208 0.0884276 1.36422e-06 0.0175079 0.0191752 0.00982726 7.64963e-09 0.00202453 0.114009 0.00440355 0.0397232 
0.0031017 0.0327124 0.00520415 0.00714722 0.524614 0.0159746 0.00216398 0.000977193 0.0864383 0.00437666 0.00070921 0.00739379 1.35132e-05 0.242709 0.00835693 0.000590305 9.04793e-07 0.0142393 0.0132109 0.000614918 0.029451 
2.12032e-06 0.190179 0.0246516 2.87181e-05 0.267408 1.30793e-06 8.08564e-06 6.83583e-07 0.0202329 0.000280208 0.00684842 0.0642309 1.15083e-05 0.0781111 2.24296e-05 0.124321 1.35241e-08 0.00134265 0.22192 4.15236e-05 0.000358202 
0.000365355 0.00504608 0.00526088 0.00124102 0.91049 0.00053455 8.951e-06 0.000166556 0.0111947 5.81198e-05 0.00185295 0.000309078 2.76384e-10 0.0591423 0.00267933 4.70004e-05 5.58682e-09 5.06563e-05 0.000143431 0.000100189 0.00130885 
0.00533003 0.0434286 0.150291 0.00717308 0.181894 0.0110781 0.000448715 0.00155145 0.0319135 0.0121273 0.0386902 0.143779 9.67303e-08 0.0652982 0.02758 0.173741 5.32777e-07 0.0170821 0.0836215 0.00200891 0.00296196 
0.00735662 0.00422548 0.00617694 0.000713498 0.926746 0.000659233 2.6489e-05 0.00140604 0.00626955 0.00062841 0.000573749 0.000827987 1.95963e-07 0.0354508 0.00633702 5.90359e-05 4.04983e-09 0.000752731 0.000865649 0.000137302 0.000787259 
0.00316344 0.0462863 0.0721854 0.0147717 0.330949 0.0101444 0.000121147 0.00797875 0.0987574 0.021354 0.00121219 0.0397216 5.07641e-05 0.0798499 0.023445 0.00720811 1.68213e-06 0.0235118 0.213748 0.00346535 0.00207491 
1.1429e-06 0.0402513 0.00409355 0.000273168 0.285445 0.00300572 2.02044e-08 3.27302e-05 0.195552 0.0114159 0.000441248 0.00343366 4.04281e-06 0.143064 0.000974626 0.0532298 2.30204e-11 0.251507 0.00152887 0.00341316 0.00233347 
0.00301194 0.0521073 0.0998992 0.00820388 0.311902 0.128581 0.00244681 0.0030441 0.0923163 0.0279849 0.00163698 0.0159167 3.58608e-05 0.145125 0.016222 0.0142053 6.64983e-05 0.0138608 0.055577 0.00745909 0.000398427 
8.70402e-07 0.0978301 0.0961718 0.00136707 0.607021 0.0912097 1.87997e-06 1.53273e-06 3.79824e-06 7.12728e-07 2.31324e-05 0.0147919 3.68804e-06 0.0185262 7.78561e-06 0.0242149 1.4682e-07 4.6293e-06 0.00313158 0.0456872 8.09121e-08 
0.00365057 0.0407532 0.018532 0.0109444 0.743296 0.00352648 0.00103897 0.00769914 0.0159049 0.00172239 0.00210303 0.0795858 2.15338e-05 0.0256636 0.00615015 0.000335359 8.48844e-11 0.00823888 0.0291957 0.00149929 0.000138251 
0.000390907 0.01559 0.003101 0.00308295 0.766914 0.00474886 2.50081e-05 0.000456611 0.0237261 0.0021581 0.00193542 0.00137234 2.84222e-07 0.171942 0.00172452 0.000114811 3.38004e-09 0.000129044 0.000237324 0.000133912 0.00221618 
0.0112174 0.036172 0.00686744 0.0157939 0.554315 0.00646701 0.0621153 0.00140462 0.0322104 0.00619818 0.00297422 0.0670269 7.70808e-05 0.100877 0.0358248 0.000612565 2.74947e-05 0.0112516 0.047242 0.000671232 0.000654032 
0.00226839 0.00389865 0.022899 0.00050321 0.815636 0.000528873 6.27409e-06 0.00173212 0.00450199 0.000223426 0.00345464 0.00310061 1.83983e-07 0.115537 0.0146226 0.00186935 0.000371453 0.000682368 0.00498324 0.000130209 0.00305055 
0.00243056 0.0293308 0.12512 0.00265544 0.29106 0.0253165 6.46601e-06 0.00016898 0.22631 0.00230445 0.00146318 9.1779e-05 4.20307e-06 0.0501448 0.0126024 0.000602745 1.83879e-11 0.0219707 0.207516 0.000631769 0.000269455 
0.000149587 0.0723698 0.250059 0.00320914 0.339795 0.00699726 2.42375e-07 0.000138296 0.025776 0.00980075 0.0479704 0.0152216 1.63906e-05 0.0411016 0.0129525 0.0228449 2.19949e-09 0.0134409 0.137002 0.000281704 0.000872971 
0.000470376 0.0372416 0.0652399 0.00197834 0.597161 0.0159545 2.61671e-05 0.000132715 0.161086 3.46815e-05 0.0104109 0.000144305 4.78737e-06 0.072864 0.0206683 8.72234e-06 5.01988e-05 0.00116868 0.0134522 0.00184528 5.64516e-05 
0.00582037 0.0082491 0.00380642 0.00214255 0.882741 0.00536377 4.63948e-05 0.00080337 0.00712568 0.00350435 0.000708386 0.000992376 3.74203e-07 0.073472 0.00245417 0.000128864 2.34551e-07 0.00132261 0.000567902 8.82441e-05 0.000661546 
0.0965591 0.00156688 0.00526586 0.000344207 0.835668 0.000711233 9.31416e-05 0.00695301 0.000326853 0.00619594 5.29862e-07 0.00321033 1.29194e-06 0.0086064 0.0205141 3.26834e-05 4.24467e-13 0.00861938 0.00509077 0.000165826 7.45478e-05 
0.000390907 0.01559 0.003101 0.00308295 0.766914 0.00474886 2.50081e-05 0.000456611 0.0237261 0.0021581 0.00193542 0.00137234 2.84222e-07 0.171942 0.00172452 0.000114811 3.38004e-09 0.000129044 0.000237324 0.000133912 0.00221618 
0.000177203 0.00409654 0.00262612 0.000383494 0.925883 0.000314244 3.11005e-06 9.29602e-05 0.0130969 4.99754e-05 0.000300112 4.07275e-06 2.66283e-07 0.0499903 0.000983135 8.00203e-05 1.61917e-08 0.000768386 0.000198739 1.5439e-05 0.00093553 
0.0330986 0.00748161 0.199587 0.00993993 0.29012 0.0211577 0.00465048 0.000235786 0.0335056 0.00046258 1.36305e-05 0.0307036 5.8668e-06 0.0877508 0.0535368 0.00959098 6.21929e-06 0.00862412 0.205455 0.00406302 1.15046e-05 
0.0176504 0.0384402 0.0434037 0.0206762 0.213208 0.167569 0.00154527 0.00299307 0.0618605 0.0382458 0.000311597 0.0146125 0.00364215 0.189443 0.0450316 0.00708109 2.29938e-08 0.00970814 0.121159 0.00328955 0.000129391 
3.33923e-05 0.0014181 2.24947e-08 0.00056538 0.923778 4.6965e-05 4.65152e-06 4.60136e-05 0.00667516 6.35419e-06 2.20844e-05 4.03548e-08 2.39243e-09 0.0629697 0.00218109 0.000163655 2.86725e-12 1.58021e-07 8.62467e-12 4.71227e-05 0.00204247 
0.000168027 0.0133052 0.00983476 0.00209313 0.72181 0.0164266 1.57434e-05 0.00022252 0.0292895 0.00176181 0.00168421 0.00115091 6.79789e-07 0.174174 0.00245646 0.00107026 1.79864e-05 0.00319655 0.0200948 0.000275189 0.00095187 
0.00283414 0.108987 0.0342142 0.0408001 0.444986 0.012484 4.63214e-05 0.00294256 0.0677357 0.0072523 0.00194179 0.0291114 5.46755e-05 0.138302 0.0157009 0.00590119 0.00248784 0.0275551 0.0542325 0.000320828 0.00210932 
0.000168027 0.0133052 0.00983476 0.00209313 0.72181 0.0164266 1.57434e-05 0.00022252 0.0292895 0.00176181 0.00168421 0.00115091 6.79789e-07 0.174174 0.00245646 0.00107026 1.79864e-05 0.00319655 0.0200948 0.000275189 0.00095187 
0.00717797 0.0199429 0.147465 0.00392245 0.3271 0.00116668 0.000819091 0.000289529 0.00485587 0.000425921 5.64908e-05 0.125884 0.000104066 0.0100332 0.26512 0.00812402 2.03999e-11 0.000346894 0.0752642 0.00148827 0.000413921 
0.000495966 0.0241105 0.167692 0.00391047 0.285932 0.269197 0.000386 6.98761e-05 0.0713597 0.00316375 0.00151912 0.00267808 9.51508e-06 0.0740168 0.00334434 0.0120601 0.0051241 0.0097388 0.0464285 0.0186883 7.48859e-05 
0.00854943 0.075109 0.0191807 0.00510342 0.624489 0.00198268 3.9293e-06 0.0186745 0.0218542 0.0127717 0.00048364 0.0372123 8.91445e-06 0.0587623 0.0559298 0.000842049 7.00463e-12 0.018473 0.0386 0.000491503 0.00147793 
