9.88545e-05 0.0657778 0.161246 0.00783716 0.0270229 0.0114555 0.013456 0.131957 0.292933 0.006818 6.66441e-05 0.00460387 6.06674e-06 0.161601 0.0723217 0.000278404 4.57887e-07 0.0181867 0.022578 1.67458e-05 0.00173775 
2.51058e-05 0.0229939 0.0507086 0.00527967 0.0137956 0.00300031 0.358319 0.00043051 0.405121 0.00974998 0.000389231 0.0132575 2.58243e-05 0.0430257 0.0194466 0.00566353 0.000327796 0.0104408 0.0377298 0.000194147 7.50939e-05 
3.55696e-07 0.043877 0.0139407 0.00814904 0.000800819 0.000116736 2.36509e-05 0.00127438 0.587572 0.000182963 0.00159121 0.00723571 2.20718e-05 0.0161292 0.00045691 0.00158354 4.22419e-05 0.00435861 0.312533 4.43976e-05 6.5111e-05 
1.84534e-05 0.0275829 0.00831413 0.0022434 0.0122209 0.00419999 7.30124e-05 0.000288723 0.62061 0.00384278 0.0017915 0.022667 1.01132e-05 0.157349 0.000166447 0.00508332 3.43625e-07 0.0739058 0.0559252 0.00281281 0.000894025 
0.003623 0.0450184 0.0267193 0.0195792 0.130074 0.0122826 0.00216223 0.000649238 0.300395 0.00156943 0.00438472 0.0274231 1.93985e-05 0.189796 0.00911751 0.00380926 5.38013e-05 0.0431318 0.158766 0.020435 0.000990987 
9.44296e-05 0.0333427 0.00211957 0.00746223 0.0195613 0.00190939 0.00876021 0.000517204 0.493708 0.0157244 0.00261679 0.0711417 0.000284219 0.192045 0.00771058 0.00280537 0.00029768 0.00585093 0.130339 0.00259529 0.00111333 
3.98133e-05 0.057115 0.0103168 0.00745461 0.0329206 0.0320807 0.00182079 0.00472094 0.339061 0.0198496 0.00149499 0.0543866 2.85018e-05 0.253303 0.0063968 0.00288696 8.66087e-06 0.0401681 0.125969 0.00277379 0.00720381 
0.00073334 0.0243432 0.146063 0.0126831 0.0543749 0.184032 6.11091e-05 0.000460701 0.264476 0.00666045 0.00107989 0.00662745 2.20817e-05 0.0974539 0.00237657 0.0185916 0.00244524 0.0191322 0.147351 0.00920643 0.00182509 
0.000176689 0.00366583 0.0126659 0.00738742 0.00773155 0.00458561 2.31603e-07 0.00302609 0.897033 0.00037933 0.00305966 0.0143057 0.000554819 0.00451909 0.00513424 0.00206884 2.96826e-07 0.0040091 0.0262402 0.00191895 0.00153782 
0.000299353 0.105174 0.157462 0.0468283 0.0343582 0.0197725 1.70613e-09 0.000188505 0.258428 0.000269236 8.3168e-10 0.0159065 9.03571e-06 0.137366 0.0454115 0.00131102 2.18661e-09 0.00785553 0.162965 0.00639542 1.61309e-07 
0.0391291 0.0774618 0.00768931 0.0100951 0.101484 0.000952931 0.000252582 0.00258181 0.236574 0.0324768 0.0019459 0.129323 9.30961e-05 0.151996 0.0461881 0.000901248 5.6332e-06 0.0251514 0.131383 0.000519331 0.0037969 
9.35663e-06 0.118617 0.0116881 0.0420565 0.0194872 0.0432934 3.95912e-05 0.0017502 0.29552 0.000982513 0.0200016 0.0328731 4.27059e-06 0.286069 0.000287199 0.000958931 1.04997e-11 0.00279742 0.123057 0.000328746 0.000178806 
5.3587e-11 0.204372 0.0193714 0.00382961 0.000453054 0.00410663 8.24924e-05 0.00529841 0.342955 0.0612264 0.000433186 0.00201454 1.95399e-10 0.311832 0.000923931 0.00135479 3.24172e-10 0.0014708 0.0389101 0.0010439 0.000321936 
2.16477e-06 0.00724151 0.00156682 0.000389295 0.0158306 0.00537962 0.00010833 4.12727e-09 0.675779 0.00328011 0.00179472 0.0111877 2.83379e-06 0.197724 0.00144201 0.00205729 9.74506e-10 0.0595688 0.0161797 2.12046e-05 0.000444194 
9.34044e-06 0.0171831 0.00196767 0.00345803 0.124914 0.0190733 1.86092e-05 0.000123711 0.350707 0.0060466 0.000480159 0.00270486 1.88538e-05 0.329198 0.00192635 0.000489838 1.84354e-11 0.0991855 0.0396144 0.000165563 0.00271436 
0.00956363 0.0107443 0.125036 0.0014216 0.128006 0.190769 5.59363e-05 0.000153007 0.421932 2.76188e-05 0.000510975 0.000276107 3.095e-06 0.0213133 0.000102167 0.0411727 4.08007e-07 4.63799e-05 0.0376275 0.0111901 4.72622e-05 
8.10276e-05 0.044278 0.0334558 0.00443451 0.0463973 0.0132051 0.000852977 0.00327849 0.265783 0.0257155 0.00695397 0.0358907 1.24167e-05 0.0927252 0.00185804 0.019451 2.63678e-05 0.201421 0.19726 0.00654804 0.000371715 
0.0050693 0.0291512 0.0681984 0.012794 0.0622686 0.115039 0.00131146 0.000239103 0.271913 0.0101287 0.00593714 0.0678986 1.93184e-05 0.0673271 0.0237851 0.00628474 3.12423e-07 0.070695 0.155567 0.0219881 0.00438458 
1.27339e-05 0.086344 0.00543049 0.0030567 0.0119732 0.00317588 3.49433e-05 0.000319816 0.370408 0.0149885 0.0034159 0.0223443 9.76965e-06 0.11934 0.000596525 0.000529532 0.0291968 0.00736224 0.320333 0.00103441 9.2841e-05 
5.22414e-06 0.0174323 0.013181 0.0193135 0.0458483 0.080365 2.23765e-05 6.1024e-05 0.341378 0.00629174 0.000892289 0.00304456 5.20394e-06 0.20791 0.00527257 0.00117629 2.2391e-06 0.113444 0.141872 0.0020538 0.000428021 
1.5323e-11 0.0108634 0.0037862 0.0126609 0.00147426 0.00753808 7.23272e-11 9.32348e-05 0.943356 4.45879e-06 0.000511802 0.000149734 0.000198573 0.0042742 9.42752e-05 0.00470181 4.85787e-08 1.53242e-11 0.00934508 0.000948163 1.91742e-07 
6.77513e-07 0.0629223 0.0047573 0.0288615 0.0153845 0.00184774 0.000136033 1.75008e-06 0.544534 0.00384742 0.00378181 0.00208645 8.69502e-07 0.257649 0.00329378 0.00298669 1.94699e-11 0.0204586 0.0463987 0.000146652 0.000904716 
3.73778e-05 0.0408207 0.178453 0.0951318 0.00759046 0.0500571 2.89917e-06 0.000913742 0.244455 0.0346777 0.000689851 0.0339442 4.70087e-06 0.172437 0.00073543 0.0478858 3.44678e-05 0.0235462 0.0637668 0.00121149 0.00360394 
3.68241e-05 0.111434 0.19888 0.0173177 0.0446417 0.0105651 1.60809e-05 0.00102207 0.28653 0.00649862 0.00766644 0.0146733 5.55685e-06 0.185927 0.00124266 0.00749741 2.07801e-05 0.00184679 0.103113 0.000930212 0.000134141 
3.76752e-06 0.0633616 0.00259271 0.00576705 0.00214975 2.479e-05 3.03871e-05 0.00222457 0.549963 0.0709911 0.00032601 0.0250661 2.48161e-08 0.0767442 8.66994e-05 0.00560622 0.000140539 0.00223036 0.192622 6.16375e-05 7.64237e-06 
2.58805e-05 0.173075 0.0280267 0.00462708 0.00608547 0.00166933 0.203739 0.0011058 0.23724 0.00571288 0.000368034 0.0136582 1.84738e-06 0.0664364 0.085447 0.000890807 8.2811e-08 0.00328343 0.16648 0.000811398 0.00131545 
4.83493e-05 0.0745883 0.0603221 0.00625442 0.0294062 0.0146898 0.00408292 0.00122994 0.31454 0.0233548 0.000513769 0.019703 1.47362e-05 0.266544 0.00452127 0.00640709 1.07453e-05 0.0460236 0.126624 0.000951842 0.000168911 
8.79853e-05 0.122328 0.0108226 0.011378 0.0100136 0.0128914 0.000147236 0.00922283 0.51152 0.0316055 0.00351456 0.0137154 0.0184424 0.113107 0.000308952 0.00943444 4.21801e-07 0.000674898 0.119816 0.000775025 0.000193129 
2.7708e-07 0.0224419 0.0143801 0.0248742 0.159713 0.0170149 1.01932e-10 0.000983301 0.60861 0.0178485 0.000242299 0.000770353 8.61752e-05 0.0738838 0.0191405 0.0024921 1.30637e-10 0.0284387 0.00881294 5.61352e-07 0.00026676 
0.00377562 0.0429379 0.0949659 0.0501443 0.0184951 0.0536694 2.34222e-05 0.00450762 0.294593 0.00993648 0.0017254 0.0664811 2.31364e-07 0.146734 0.00124904 0.0155859 2.51712e-05 0.0150033 0.165575 0.014017 0.00055503 
4.05893e-05 0.055361 0.000993647 0.0018772 0.00513496 0.000273564 0.000792628 0.00528286 0.402994 0.0381187 0.00504069 0.0200495 0.000265193 0.0752473 0.00347336 0.00324741 1.10081e-06 0.00629543 0.375058 0.000314725 0.00013848 
3.34903e-08 0.0123874 0.135002 0.0486528 0.112039 0.199634 1.169e-06 0.000757262 0.329312 0.000927213 0.00315676 0.0159373 0.000595794 0.023519 0.000155466 0.0208168 5.74053e-08 0.02841 0.0546533 0.0138883 0.00015391 
0.000100603 0.0295218 0.0572386 0.0192688 0.116526 0.0144738 0.00107968 0.00110724 0.35022 0.00557659 0.000831801 0.0263025 0.000279196 0.147664 0.0132501 0.0145883 0.000143791 0.00705153 0.186311 0.00264914 0.00581558 
0.00104172 0.0747584 0.0953227 0.0920646 0.0273003 0.0261326 0.000457731 0.00190166 0.20493 0.015078 0.00488026 0.066001 4.11195e-05 0.199121 0.00999063 0.0121051 0.000667817 0.0220001 0.140666 0.00473186 0.000808198 
0.000115601 0.0198473 0.00864027 0.00598238 0.0474494 0.0044739 0.00629512 4.60317e-05 0.275256 0.0201852 0.000459477 0.0210631 0.000121906 0.219955 0.00376245 0.0102399 1.35868e-07 0.100063 0.251887 0.000512463 0.00364448 
0.000261946 0.0518214 0.0118983 0.0029301 0.040812 0.0175033 0.00549595 8.65272e-05 0.275897 0.00943341 0.0167787 0.0578085 7.76376e-05 0.204304 0.00461517 0.04118 0.000656666 0.0175971 0.131279 0.00263935 0.106924 
4.15475e-06 0.0298297 0.0175788 0.00308196 0.0280701 0.00152718 0.000106726 0.00349697 0.366338 0.0130117 0.00134089 0.0145878 1.04118e-05 0.308871 0.0120634 0.00192472 8.60094e-08 0.0716525 0.123504 0.00228968 0.000709753 
3.59568e-05 0.0307932 0.0234952 0.0216975 0.0348574 0.108713 1.26779e-08 0.000193845 0.38047 0.00474664 2.6715e-06 0.0119884 1.45165e-05 0.0823367 0.000979761 0.000815108 7.98444e-08 0.121819 0.176386 0.000314114 0.00033968 
2.11903e-05 0.06614 0.035701 0.0151289 0.0207196 0.0203025 0.000449664 0.0054924 0.454082 0.0241472 0.0025091 0.0822312 1.66587e-05 0.0850402 0.00404058 0.0274634 3.5495e-06 0.0168378 0.125124 0.0136068 0.000942043 
7.54627e-05 0.00856139 0.0138133 0.00752716 0.00230361 0.024042 3.50528e-08 4.95397e-05 0.54581 0.000473692 0.00858996 0.0268155 1.26191e-05 0.0372831 0.000786831 0.000378938 2.40246e-06 0.0120539 0.308305 0.00308403 3.08181e-05 
5.38577e-05 0.0239482 0.0351723 0.00658398 0.0883111 0.0250615 1.07938e-05 0.000109189 0.349109 0.0055781 0.00102873 0.00347265 2.4013e-06 0.170254 9.54346e-05 0.00116342 2.0396e-12 0.0742562 0.21296 0.00252326 0.000306143 
2.53822e-05 0.181058 0.0379651 0.0150582 0.00654772 0.00521524 0.00293494 0.00207509 0.266016 0.0278164 0.0369022 0.144375 9.2926e-06 0.153233 0.00437069 0.0602552 1.63224e-05 0.0148389 0.0402714 0.000580167 0.000436428 
7.68757e-06 0.029411 0.0675768 0.0388106 0.0246926 0.042415 7.98649e-05 0.00557614 0.480862 0.000467255 0.000457504 0.0837421 0.000915591 0.042709 0.0120487 0.0245421 3.11005e-05 0.00369558 0.117264 0.0245774 0.000118049 
0.00128511 0.0219519 0.00430479 0.000930565 0.132931 0.0399729 1.94516e-05 0.00869499 0.283553 0.00244213 0.000295896 0.00777399 1.87599e-05 0.0602693 0.00210279 0.00136115 3.15844e-09 0.184676 0.227094 0.0199525 0.00037015 
1.17422e-08 0.0497158 0.111186 0.019724 0.00191805 0.02031 7.62776e-05 7.81958e-05 0.307675 0.000304142 0.000818576 0.0491498 9.51019e-07 0.0718919 0.000248079 0.0786916 2.00196e-08 9.34289e-09 0.285105 0.00245188 0.000655143 
1.90076e-11 0.00577055 0.0474798 0.418514 1.75481e-06 0.00292563 8.97191e-11 1.62453e-06 0.435631 7.77688e-07 1.13754e-07 4.00563e-05 5.55165e-08 0.0896257 1.72161e-06 9.67035e-08 1.14985e-10 1.71654e-06 3.49551e-06 1.80799e-06 6.33682e-11 
4.5044e-10 0.00479288 8.24154e-05 0.00124066 0.0180436 0.00019683 0.00056935 3.64854e-06 0.729395 1.79186e-06 9.00027e-05 3.12408e-05 2.11104e-09 0.197824 1.22114e-05 6.2023e-05 4.13089e-12 0.000788273 0.0467456 1.29121e-08 0.000120334 
0.00333975 0.0753372 0.0320018 0.170372 0.0365595 0.0235111 0.0112412 0.00368663 0.177764 0.0109104 0.00355347 0.0776661 0.000736784 0.146343 0.00668903 0.0297287 0.000648529 0.0260552 0.158512 0.00385864 0.00148564 
0.00384571 0.0270008 0.0199554 0.00923739 0.054697 0.0449996 0.000207592 0.000150506 0.344836 0.0147083 0.000692831 0.0086925 1.84157e-05 0.17104 0.00924381 0.00337134 5.41621e-05 0.197765 0.0772917 0.0107159 0.0014757 
1.25092e-05 0.0564607 0.0077579 0.0800275 0.0494765 0.00444344 0.000132421 5.06159e-05 0.336046 0.00194493 0.000447029 0.0252126 1.44994e-05 0.279174 0.00251203 0.00347797 1.79625e-08 0.00793606 0.142994 0.000712962 0.00116649 
0.00246572 0.0399821 0.0421094 0.0214454 0.0332975 0.0436199 0.000380773 0.0103736 0.274189 0.0234778 0.00283506 0.020579 2.16363e-05 0.217981 0.004609 0.00817979 5.48608e-05 0.0157584 0.230285 0.00783187 0.000522947 
2.49797e-06 0.0164014 0.000497427 0.0114662 0.0434178 0.00264069 2.58736e-05 0.00290991 0.407527 0.000376562 0.000199505 0.00942165 1.66653e-06 0.383898 0.000114447 9.38196e-05 9.58563e-08 0.00703683 0.112873 6.02016e-05 0.00103531 
0.000187688 0.220542 0.00419247 0.151754 0.00285016 0.00254925 4.52723e-12 0.00045604 0.337783 0.000718792 2.20687e-12 0.0656004 1.18944e-08 0.0350521 0.000507314 6.36769e-08 5.80217e-12 0.0106237 0.16641 0.000772427 3.19756e-12 
0.00160541 0.0525733 0.108762 0.0714632 0.0184532 0.0226119 0.00773354 0.000776736 0.246281 0.0117132 0.00432253 0.0612145 3.0368e-05 0.131559 0.0101409 0.0647869 0.000248795 0.0240907 0.152352 0.00726654 0.00201455 
0.0035809 0.0522044 0.0262444 0.0662562 0.110429 0.0255027 0.00150302 0.00441994 0.186387 0.0137853 0.00367669 0.0315722 6.45037e-05 0.177951 0.0922186 0.00809026 5.66488e-05 0.0635845 0.121596 0.00370116 0.00717629 
6.00367e-06 0.161524 0.0210945 0.0191374 0.0403828 0.0242658 0.00022833 0.00035843 0.270458 0.00218176 0.00693632 0.0930682 2.76213e-06 0.178883 0.0022238 3.54869e-05 0.000244429 0.0707444 0.105943 0.00217447 0.000106642 
0.00112086 0.0499568 0.0427042 0.0197822 0.0594081 0.042244 0.000597776 0.00101474 0.25564 0.0154726 0.00320632 0.0262136 3.87502e-05 0.240788 0.010102 0.00697745 5.64806e-05 0.0452025 0.168622 0.00951059 0.00134093 
0.000113701 0.0737694 0.0101339 0.0288912 0.00796993 0.040492 0.000901614 0.00357074 0.35612 0.0149142 0.00346938 0.0276631 0.00598754 0.0603876 0.0012608 0.00425503 4.39631e-05 0.0376581 0.311089 0.0111886 0.000120312 
2.99834e-05 0.0135911 0.0023076 0.00692763 0.00532289 0.00523251 2.1504e-05 1.22287e-05 0.697459 0.00292562 1.18797e-05 0.0077089 0.000457949 0.1695 0.00974931 0.00166082 4.12861e-05 0.00919311 0.0675426 0.000224578 7.99811e-05 
1.41176e-06 0.0363358 0.0601344 0.00867999 0.001067 2.31475e-05 1.7114e-05 0.000813345 0.345397 0.0599821 5.95225e-05 0.0114958 2.79148e-08 0.132383 0.00119959 8.40206e-05 1.68928e-11 0.00742501 0.334388 0.000115273 0.000398136 
0.00219838 0.0467383 0.13787 0.0140518 0.0910122 0.0111533 0.033066 0.000790626 0.415979 0.000414195 0.000263187 0.00638043 2.84524e-06 0.0625615 0.0161635 0.0283712 1.9974e-06 0.0149526 0.116851 0.00055943 0.000618546 
9.32566e-06 0.131558 0.202248 0.105752 0.00104567 0.00516289 3.74661e-05 0.000106961 0.232881 0.0125967 0.000593302 0.0648462 8.38427e-07 0.0358961 0.000993884 0.106917 1.77749e-07 0.00287155 0.0774541 0.0187132 0.000315037 
1.00083e-06 0.0242933 0.00106165 0.00640965 0.0127172 0.012287 0.00201075 2.20982e-11 0.639718 0.000770474 0.00265562 0.0706849 2.88725e-05 0.0842877 0.0172154 0.0568304 8.14859e-08 0.0197034 0.0226911 0.00618505 0.0204489 
5.06478e-07 0.0577278 0.00692949 0.0051451 0.00247571 0.27053 6.03769e-08 0.00025658 0.518522 0.000430471 3.96709e-07 0.000253334 2.15621e-10 0.0621462 0.000155178 0.000188581 0.00466178 0.0594583 0.0109043 0.000129216 8.49576e-05 
0.000488312 0.0615977 0.0440129 0.0623674 0.0255286 0.0315314 0.0126053 0.00029781 0.229636 0.00926316 0.0030767 0.0663737 0.000132611 0.191605 0.0210952 0.00725106 1.16154e-10 0.0344211 0.126417 0.00706449 0.0652345 
4.2694e-05 0.0289943 0.114723 0.0052816 0.0131642 0.0113608 0.000207767 1.57734e-05 0.339436 0.00097745 0.00198586 0.100216 4.88665e-09 0.136737 0.0157507 0.185823 1.86313e-06 0.0231546 0.0195097 0.002479 0.000138477 
1.28276e-05 0.149898 0.0110018 0.136368 0.0454994 0.0151216 0.000185652 0.006125 0.25954 0.028142 0.000109831 0.0555948 3.23586e-05 0.115017 0.00262036 0.000119203 1.8411e-05 0.0396101 0.129192 0.00574234 4.87888e-05 
1.03853e-05 0.0137187 0.00436303 0.0226579 0.0423054 0.00218312 1.60372e-05 1.93511e-06 0.322509 0.0273696 0.00556148 0.109642 1.64387e-07 0.0904503 7.52306e-05 0.271514 1.67988e-06 0.0543359 0.0331516 0.000111549 2.22267e-05 
2.67453e-05 0.0175078 0.0173426 0.0135158 0.0810383 0.120597 1.65163e-07 0.000223499 0.308154 0.0206131 0.000160575 0.000655124 2.06477e-06 0.215072 0.00013906 0.000737315 1.35546e-12 0.123253 0.0777884 0.0023156 0.000857544 
2.3983e-05 0.0132067 0.00151869 0.00669352 0.0072528 0.00448562 5.16033e-05 5.87063e-06 0.714039 0.00207504 5.63968e-05 0.01184 0.000184301 0.147327 0.00446213 0.00232759 3.45582e-08 0.0105167 0.073325 0.000520954 8.70115e-05 
2.54037e-05 0.0447028 0.224665 0.058604 0.0111471 0.00186256 0.000100032 6.33582e-07 0.348186 2.29688e-07 0.0118988 0.205479 5.11101e-07 0.00802206 0.00492515 0.0351878 2.49175e-10 0.00615062 0.0297726 0.00119056 0.00807931 
0.00098826 0.0472841 0.128708 0.00869694 0.0225939 0.0165041 0.00172665 0.00218879 0.241764 0.00804698 0.00471704 0.0495468 5.13488e-05 0.051297 0.00359729 0.17079 0.00011393 0.034556 0.19902 0.00626142 0.00154792 
0.00546955 0.0773806 0.116866 0.0272474 0.10069 0.149489 0.00190732 0.00283591 0.168417 0.0088302 0.0150981 0.0204472 0.00029726 0.142753 0.011164 0.0179223 0.00131843 0.0261698 0.0848786 0.018508 0.00231113 
0.00168648 0.0431358 0.0444611 0.0164515 0.125439 0.00904304 0.00744408 0.00301647 0.310991 0.00902224 0.0019462 0.0277178 7.84734e-06 0.150473 0.0131783 0.00778281 1.01589e-06 0.0131055 0.212534 0.00144739 0.00111483 
2.05453e-08 0.014388 0.0194208 0.00598445 0.0256947 0.0100268 6.65106e-11 0.00031267 0.449194 2.09692e-05 0.0110605 0.00231384 7.45422e-08 0.0157752 0.0014587 0.363791 4.61477e-08 0.0015847 0.0600271 0.0165935 0.00235341 
4.63889e-09 0.0175004 0.0107252 0.00270944 0.0176401 0.00142902 6.90609e-05 0.00713413 0.474272 0.000408289 4.97657e-05 0.00946886 9.89377e-08 0.23076 0.00729092 2.63995e-07 1.33596e-07 0.143806 0.0306986 0.0443488 0.00168884 
2.75831e-05 0.117472 0.00643368 0.00512052 0.0216943 0.00761584 0.000226682 0.00150177 0.272152 0.109979 0.0022423 0.0196634 1.21409e-05 0.177491 0.00121561 0.00684179 0.00827091 0.0244489 0.216038 0.00131335 0.000238835 
8.26423e-06 0.0315898 0.041088 0.00100443 0.0171367 0.0170508 0.000641502 0.000156625 0.363523 0.02299 0.0130207 0.0145507 1.43645e-05 0.0622589 0.00206457 0.135636 4.85283e-10 0.0161552 0.260008 0.000977948 0.000124479 
1.00115e-05 0.156806 0.0222279 0.00183244 0.0151356 0.0692807 0.000699275 1.57144e-05 0.25903 0.009408 3.5718e-05 0.172647 1.75675e-06 0.0983466 0.000823065 0.00906684 1.83553e-07 0.00122014 0.167033 0.0163793 4.21242e-07 
7.25062e-08 0.068162 0.00605378 0.00186027 0.00364347 0.0438258 1.35802e-10 6.98543e-11 0.679299 7.50705e-05 2.49142e-05 9.4799e-05 1.23617e-08 0.0244463 4.70268e-06 0.000379091 5.33452e-07 0.166947 0.00419061 0.000305931 0.000686999 
0.0089752 0.0265889 0.0621436 0.00892299 0.145421 0.0234081 0.000798363 0.000202593 0.193436 0.012256 0.000808552 0.0111733 2.04613e-05 0.18956 0.00312131 0.0396101 0.00197027 0.102747 0.162446 0.00609383 0.000296818 
2.40837e-07 0.0831211 0.206585 0.0131461 0.000597918 0.0193501 2.41367e-10 1.24156e-10 0.296799 8.98622e-06 1.17658e-10 0.0115828 2.11965e-07 0.223892 0.00858399 0.00161969 3.0934e-10 0.0865223 0.0480924 2.45993e-07 9.86029e-05 
3.57787e-05 0.0245894 0.0344541 0.0156829 0.0868915 0.0439275 0.000292188 0.000144551 0.564641 0.00562444 0.000226122 0.00749911 8.83075e-06 0.049542 0.00583213 0.0202022 5.11269e-07 0.00279878 0.131318 0.00479314 0.00149583 
2.19592e-07 0.0190249 0.0247863 0.0574429 0.00569015 0.0114031 1.7555e-08 4.27545e-05 0.509868 0.00492174 1.2751e-09 0.00180521 2.29165e-06 0.129038 3.08587e-05 9.71177e-08 9.00058e-09 0.00655078 0.22927 0.000122555 3.37626e-09 
0.00699478 0.0450216 0.0995818 0.0430316 0.0826723 0.0152396 0.000453243 0.0049723 0.284752 0.0401464 0.00171288 0.040393 8.62817e-06 0.149881 0.00541334 0.0231593 0.00303403 0.0616734 0.0875097 0.00308697 0.00126264 
8.87229e-06 0.0154035 0.0457674 0.0350395 0.0475552 0.00908912 6.67447e-05 0.00438441 0.378346 0.000104941 0.00102469 0.0369714 5.32941e-07 0.294685 0.000496109 0.000541609 1.69484e-06 0.0129104 0.117028 0.000285508 0.00028879 
7.95254e-06 0.047048 0.0297405 0.019297 0.0405998 0.0260134 0.00317761 0.00164135 0.430446 0.041126 0.00609205 0.0122093 5.48761e-06 0.0651584 0.00553855 0.0131065 0.00107991 0.0133252 0.239957 0.00253525 0.00189426 
2.23599e-05 0.0724079 0.00902138 0.0041338 0.00818772 0.0778867 1.96014e-05 0.000312738 0.371962 0.0318008 0.00119172 0.0244279 2.12577e-05 0.0722102 0.00614897 0.00952461 1.27095e-05 0.0386994 0.259627 0.00923264 0.00314766 
4.58604e-06 0.0127211 0.0170414 0.00388169 0.00368244 0.189582 4.99995e-06 0.000359208 0.426061 0.020759 0.00154819 0.00446705 2.34017e-06 0.0258398 0.000182711 0.0197267 5.34558e-07 0.00580969 0.227368 0.0401388 0.000818434 
1.1107e-05 0.0125176 0.259202 0.00264253 0.105584 0.0894974 0.000214347 8.67727e-05 0.394492 0.00100996 0.000313837 0.017467 1.27045e-06 0.00639041 0.000699752 0.0350913 2.75899e-09 0.00494174 0.0455803 0.0237828 0.00047325 
4.39352e-05 0.0995208 0.000723665 0.0180125 0.00349813 0.000586564 4.01707e-05 0.00138678 0.62537 7.56166e-05 0.00515381 0.118012 0.000226147 0.0642616 0.000836523 0.00172139 5.12178e-08 0.00278161 0.0575374 0.000164706 4.73042e-05 
3.73819e-08 0.0423867 0.0554878 0.0485167 0.00802379 0.0328054 2.21811e-07 0.000367629 0.694104 0.000238693 0.000237092 0.000145034 9.66559e-08 0.00567758 0.000702435 0.0917893 4.43051e-08 9.54481e-08 0.0171398 0.0018892 0.000488483 
1.01013e-05 0.0348718 0.0681056 0.0566247 0.0771124 0.0872984 8.15587e-05 0.000516891 0.279941 0.0248776 0.0017278 0.00398821 9.68605e-07 0.168843 0.00142521 0.0046146 0.00100182 0.0557047 0.117357 0.0154558 0.000442209 
1.95161e-06 0.0276316 0.0371623 0.0294633 0.0297543 0.0114844 0.000107193 4.4951e-05 0.374692 0.000149167 0.00104989 0.0172502 0.000584661 0.155146 0.000566464 0.00624307 6.08794e-11 0.11414 0.188556 0.00577803 0.000193524 
3.13975e-05 0.0370556 0.0164828 0.0689203 0.0540876 0.0058253 6.58123e-06 0.00258439 0.329268 0.00162957 0.000946475 0.0413455 5.17681e-07 0.215452 0.000551473 0.00249406 1.941e-07 0.0391066 0.182614 0.000486422 0.00111048 
1.85424e-08 0.164048 0.00509014 0.0027072 0.000534475 0.0138714 6.44808e-08 0.00011305 0.639983 0.000277999 0.0108071 0.000132837 1.69907e-06 0.148813 4.27891e-07 3.9967e-06 1.18942e-05 0.00407362 0.00912367 0.000392546 1.43844e-05 
2.2074e-05 0.0891558 0.00110106 0.00181316 0.0168086 0.00329183 8.25396e-05 0.00131297 0.348739 0.0934252 0.000312677 0.0920825 5.53882e-07 0.0286377 0.00766436 0.004443 1.43985e-07 0.0575269 0.246359 0.00529961 0.00192111 
0.00277536 0.0480783 0.116161 0.0147486 0.0323734 0.160098 0.00192968 0.000974268 0.311875 0.0192904 0.00227859 0.0132818 1.40654e-05 0.0512631 0.00183366 0.0540873 5.74556e-05 0.0336181 0.119161 0.0147164 0.00138378 
0.0565315 0.0413593 0.0715769 0.0089727 0.0911871 0.00350069 4.48212e-05 0.00602803 0.229255 0.00368844 0.00711607 0.00551746 1.11856e-06 0.217153 0.0118875 0.00103594 7.41866e-08 0.024403 0.184847 0.0356644 0.000230873 
0.0743708 0.0626677 0.0518828 0.0186798 0.175223 0.00871552 0.0296234 0.000777596 0.221455 0.0274707 0.000433704 0.00260668 0.000233615 0.12461 0.00946094 0.00458091 4.26583e-09 0.110687 0.0739372 0.00215178 0.000430978 
5.47095e-05 0.0326124 0.100323 0.0119824 0.146487 0.053228 0.000112109 0.000310563 0.324521 0.00591811 0.00109912 0.0132859 6.79815e-06 0.173837 0.0025392 0.0117046 0.000406486 0.0574981 0.0590865 0.00407029 0.000917388 
0.00054512 0.0472928 0.0540725 0.00794245 0.0577808 0.0569141 0.00104771 0.00107956 0.300244 0.0081209 0.00353078 0.027701 1.8263e-05 0.0776939 0.00324534 0.067409 0.000445841 0.0261937 0.249175 0.0062223 0.00332448 
8.34808e-06 0.0564376 0.00208969 0.0026045 0.00624904 0.000385907 8.91354e-06 0.000997995 0.566837 0.0208635 0.000150317 0.00707137 6.61409e-07 0.169563 0.000608195 0.00780492 2.01418e-09 0.000415366 0.142712 2.2026e-05 0.0151697 
7.215e-05 0.0641011 0.14646 0.13285 0.000440948 0.00880653 0.00232929 0.00880036 0.153026 0.00164344 0.0791641 0.0733661 1.75531e-07 0.0561383 0.143073 0.00323147 0.000786447 0.0319173 0.0928894 0.000149079 0.000755231 
0.000182695 0.0402656 0.0330739 0.0198739 0.0150351 0.0050281 0.000196815 0.000284901 0.584257 0.00250432 0.00308308 0.00611237 8.57387e-05 0.115576 0.00469083 0.00363216 0.000295317 0.02142 0.14274 0.00144229 0.000220137 
9.70522e-05 0.0840588 0.00888431 0.0602401 0.0326534 0.00496639 0.00943663 0.000153405 0.23605 0.0258124 0.00093697 0.111678 0.00536733 0.128394 0.0088188 0.00318968 1.3875e-05 0.0538357 0.21806 0.00215936 0.00519334 
0.0743708 0.0626677 0.0518828 0.0186798 0.175223 0.00871552 0.0296234 0.000777596 0.221455 0.0274707 0.000433704 0.00260668 0.000233615 0.12461 0.00946094 0.00458091 4.26583e-09 0.110687 0.0739372 0.00215178 0.000430978 
2.69082e-06 0.00350223 0.193958 0.000959899 0.005609 0.0080832 2.00372e-05 3.51681e-05 0.543723 0.00132468 0.000593612 9.54646e-05 6.95393e-08 0.151878 6.91103e-07 0.0232237 9.3021e-07 0.00102057 0.0658317 3.11604e-06 0.000134421 
0.000196431 0.0305987 0.0136992 0.0114547 0.00377732 0.0171731 3.36161e-08 0.000462743 0.453616 0.000338369 0.081507 0.0310279 2.50895e-05 0.0427329 0.00666804 0.000270703 1.73336e-06 0.00861006 0.294293 0.00328076 0.000266595 
5.0609e-06 0.0149156 0.0162451 0.00322221 0.00316744 0.21501 7.87069e-06 0.000401257 0.453718 0.0184027 0.00131581 0.00455753 2.9618e-06 0.03036 0.000229873 0.0122085 1.99746e-05 0.00609747 0.18479 0.0345456 0.00077628 
0.0128737 0.0455244 0.0170065 0.0017364 0.0453292 0.00399175 3.51502e-06 0.00441246 0.564429 0.021037 0.0010626 0.0325022 1.13308e-05 0.0290381 0.0482747 0.0143381 5.77029e-07 0.0432271 0.0980889 0.00131515 0.0157972 
1.67759e-05 0.0504351 0.00716903 0.00972253 0.0116247 0.124576 2.40799e-05 0.00098795 0.251284 0.0516959 0.000464236 0.0773075 1.56758e-05 0.107583 0.0135803 0.0186096 1.27759e-05 0.0574992 0.216599 8.12034e-05 0.000711233 
7.7704e-06 0.0252792 0.0280311 0.0134176 0.0550555 0.0642993 6.02909e-05 0.000188125 0.297005 0.0010677 0.000334013 0.0114589 5.79032e-05 0.110544 0.000318439 0.0046283 2.0462e-05 0.169886 0.207162 0.0107249 0.000453216 
1.32742e-05 0.0330657 0.0666216 0.0182497 0.0579042 0.0429602 3.44295e-05 0.0460317 0.255637 0.00148779 0.000318385 0.00333375 1.03882e-05 0.210216 0.00026853 0.0091097 2.41512e-08 0.0417733 0.159768 0.0495753 0.00362035 
5.31481e-05 0.0619392 0.00509326 0.00572181 0.0212351 0.00216339 0.00605332 0.000133587 0.492334 0.0171817 0.0021245 0.0348317 0.000175426 0.216175 0.0091419 0.0084609 0.000502788 0.00400252 0.11044 0.000908743 0.0013285 
6.86515e-05 0.0446108 0.00790324 0.00776619 0.0310639 0.00310553 8.7338e-05 0.00163656 0.300289 0.153352 0.00290864 0.0328961 6.53337e-06 0.195397 0.00187362 0.00181899 4.13772e-08 0.00534024 0.201959 0.00602744 0.00188902 
0.0128737 0.0455244 0.0170065 0.0017364 0.0453292 0.00399175 3.51502e-06 0.00441246 0.564429 0.021037 0.0010626 0.0325022 1.13308e-05 0.0290381 0.0482747 0.0143381 5.77029e-07 0.0432271 0.0980889 0.00131515 0.0157972 
1.36931e-05 0.0116791 5.75787e-05 0.00118273 0.00992291 6.55457e-05 0.0235442 3.05515e-05 0.739323 0.000216249 0.000162267 0.00123159 8.43702e-06 0.162491 5.13082e-05 8.01994e-06 6.86278e-09 0.000164111 0.0496212 9.00136e-06 0.000217109 
5.77631e-05 0.0363608 0.024098 0.0636133 0.0208307 0.247252 2.45501e-08 0.000231611 0.498818 0.00196053 1.31633e-06 0.00677758 9.3657e-09 0.0950545 1.92791e-05 0.000991508 4.50312e-10 0.00181964 0.000309571 0.00165542 0.00014797 
2.36665e-05 0.0803454 0.0619892 0.00224075 0.0361447 0.0593338 4.8119e-08 0.000264872 0.318425 0.000102829 0.0100818 0.0302628 2.62224e-06 0.0592126 0.000886247 0.245408 8.192e-06 0.00700574 0.00770255 0.0779593 0.00260042 
8.37752e-05 0.0328502 0.0351836 0.00300147 0.105119 0.0120513 2.41443e-07 0.000108405 0.352365 0.00115806 6.73393e-05 0.00164215 1.27904e-05 0.0886554 0.00617918 0.00263585 6.05865e-10 0.213976 0.144765 5.41476e-05 9.07475e-05 
2.67114e-07 0.0735596 0.0186447 0.00893222 0.00243455 0.0219804 7.24206e-05 0.00301159 0.691561 0.00595536 0.00216743 0.00206669 3.7543e-07 0.0092034 0.000163835 0.00303534 3.6164e-08 0.0830103 0.0740336 0.000116812 5.05895e-05 
4.43705e-06 0.20496 0.0283805 0.0123019 0.0305753 0.00923746 0.000206471 0.000508219 0.268128 0.0226672 0.0730338 0.0770626 4.69539e-07 0.081984 0.0102088 0.031721 1.32694e-06 0.011432 0.0801087 0.0521479 0.00532923 
1.08478e-05 0.00780675 0.195912 0.03627 0.106134 0.00760927 0.00399792 4.84071e-06 0.400388 1.23462e-05 4.76171e-05 0.000145333 1.21611e-07 0.125481 0.00108688 0.022586 1.00114e-05 0.00217556 0.0895754 0.000218824 0.000527328 
1.13929e-06 0.135748 0.234694 0.0535248 0.010592 0.0108328 1.53001e-05 0.0341017 0.241102 0.00394566 0.0032096 0.0436188 4.3418e-05 0.0814861 0.00906103 0.00775535 4.25493e-07 0.000989609 0.120693 0.0083526 0.000234041 
0.0239444 0.0396141 0.0596476 0.0144164 0.0159625 0.00360155 9.41816e-05 0.00106727 0.520286 0.00438964 0.00357702 0.0492442 1.64557e-06 0.0931449 0.00878133 0.0395893 6.76644e-06 0.00710097 0.115154 0.000370821 5.34851e-06 
2.79532e-05 0.0244694 0.00598578 0.0037143 0.0167117 0.00341174 0.0072719 0.00115105 0.533049 0.0290087 0.000524432 0.0223342 7.66442e-05 0.0732723 0.00225639 0.00360645 7.41469e-05 0.00843547 0.263585 0.000703985 0.000329867 
1.31716e-06 0.102504 0.0306557 0.0637146 0.0176362 0.0198623 1.22382e-11 1.1496e-07 0.279317 0.0118792 0.0110117 0.0684389 1.99914e-08 0.210563 0.0202513 0.0174066 1.56847e-11 0.00372458 0.124777 0.0083204 0.00993601 
6.85882e-06 0.0190542 0.0241803 0.0262219 0.0861306 0.0369735 4.04992e-09 0.000133733 0.67014 0.000183836 0.00290899 0.00253674 0.00018768 0.0537645 0.000991131 0.0188837 1.64263e-10 0.00815826 0.0325203 0.0112612 0.00576205 
7.90623e-05 0.0614064 0.0770219 0.00724453 0.127798 0.00237178 8.41892e-06 0.000232765 0.37258 0.00365187 0.00627807 0.0833613 1.02637e-06 0.0472192 0.0290444 0.012413 0.0569931 0.0490559 0.0568163 0.00366919 0.0027545 
0.0300275 0.156725 0.0591566 0.00294744 0.107164 0.13607 1.59493e-06 0.00134086 0.276169 4.85871e-05 0.00339686 0.00574236 1.6518e-05 0.0600858 0.000165151 0.014778 8.96053e-08 0.0366036 0.10861 0.00051259 0.000438267 
8.4496e-05 0.208645 0.0103496 0.0623744 0.0525023 0.00176549 0.00756147 0.00560019 0.302389 0.00907526 0.00507599 0.0611343 2.00575e-05 0.0534962 0.00212467 0.132333 3.90245e-09 0.0342497 0.0493117 0.000292601 0.00161527 
7.95296e-06 0.0137687 0.00211368 0.00648788 0.00531032 0.00505227 1.89413e-05 8.80423e-06 0.713342 0.00276182 1.5515e-08 0.00725035 9.36065e-05 0.158885 0.00444117 0.000774213 4.69015e-08 0.00905271 0.0703601 0.000201935 6.85792e-05 
2.37243e-08 0.146903 0.0280338 0.00226562 0.0040532 0.0024388 1.56427e-05 0.00114766 0.482919 0.040253 0.0037566 0.0680442 2.37309e-08 0.0521318 0.000235354 0.0390002 3.81382e-06 0.0049266 0.123153 0.000479717 0.00023836 
1.94054e-06 0.0734291 0.0622603 0.00517467 0.0185636 0.00597153 0.107711 0.00209866 0.194385 0.00286366 0.0558581 0.134456 1.62363e-05 0.066097 0.0886188 0.0229978 2.16078e-05 0.00247099 0.126482 9.83814e-05 0.0304233 
3.63584e-09 0.0237329 0.0988832 0.000490207 0.00128608 0.00334054 5.80539e-05 7.23152e-10 0.791429 1.81837e-05 0.00769484 0.000771473 1.08604e-09 0.0166491 4.79947e-07 0.0193635 1.80177e-09 8.29727e-06 0.03622 3.05121e-05 2.33085e-05 
0.000595414 0.0439318 0.0233412 0.00391407 0.117279 0.00233343 6.90462e-05 0.024202 0.294406 0.0336435 0.000688323 0.0165189 0.000222417 0.124815 0.00504293 0.0165305 4.41845e-11 0.193745 0.0964611 0.00186242 0.000397316 
0.00442822 0.0364758 0.0313429 0.0308164 0.0726913 0.0779921 0.000687199 0.00116346 0.312835 0.016579 0.000501532 0.0125075 4.61423e-05 0.145751 0.0105987 0.00749912 1.54633e-05 0.0511049 0.0789739 0.10544 0.00255017 
3.06942e-05 0.0255271 0.0116406 0.00282305 0.0473393 0.050393 5.86709e-05 7.26297e-05 0.588708 0.00022476 0.000442562 0.000482484 1.05504e-05 0.219135 0.000393594 0.00100838 3.26693e-05 0.0430527 0.00800863 0.000162627 0.000453033 
9.32566e-06 0.131558 0.202248 0.105752 0.00104567 0.00516289 3.74661e-05 0.000106961 0.232881 0.0125967 0.000593302 0.0648462 8.38427e-07 0.0358961 0.000993884 0.106917 1.77749e-07 0.00287155 0.0774541 0.0187132 0.000315037 
8.33941e-05 0.152021 0.000722877 0.000868338 0.0672257 0.0196949 9.9253e-05 0.0788923 0.252338 0.168402 0.000323963 0.0260302 1.57859e-05 0.00478786 0.0647834 0.00582043 1.69352e-07 0.0196598 0.0440714 0.00275379 0.091405 
9.24052e-05 0.0392794 0.0380033 0.027527 0.116782 0.0235092 0.000427125 0.000179685 0.289896 0.0046938 0.00142536 0.177752 0.000240397 0.0720066 0.0082177 0.0120942 1.23669e-07 0.0523256 0.109382 0.0203435 0.005823 
6.4772e-07 0.0171298 0.0100401 0.00644596 0.00575467 0.0035277 3.38317e-12 3.07381e-05 0.477298 0.00357167 0.000177198 0.00141711 1.33017e-09 0.0639816 0.00063721 0.00431891 4.33592e-12 0.295199 0.110365 6.87566e-05 3.53645e-05 
2.53486e-05 0.0666769 0.010446 0.0315187 0.0118181 0.0389886 1.02373e-05 0.002982 0.281572 0.102715 0.000999727 0.0124863 1.26196e-06 0.0368321 0.00101296 0.0043709 1.32784e-06 0.115956 0.25215 0.0293749 6.13966e-05 
0.000196431 0.0305987 0.0136992 0.0114547 0.00377732 0.0171731 3.36161e-08 0.000462743 0.453616 0.000338369 0.081507 0.0310279 2.50895e-05 0.0427329 0.00666804 0.000270703 1.73336e-06 0.00861006 0.294293 0.00328076 0.000266595 
4.04585e-06 0.0109479 0.00178658 0.000603928 0.0245021 0.00589877 0.000158007 8.48551e-07 0.766153 0.00707071 0.00075236 0.0116243 3.5615e-06 0.0682239 0.00199164 0.000601412 2.01817e-07 0.0171519 0.0819705 0.000271789 0.000282263 
6.29468e-05 0.0641825 0.0110654 0.00499974 0.0484155 0.0060292 0.000373157 0.000362592 0.414575 0.0260438 0.00136845 0.0653608 0.000117464 0.108013 0.0116007 0.0143742 7.34157e-08 0.136916 0.0661954 0.0187231 0.00122166 
1.29513e-05 0.0141087 0.0141038 0.00935285 0.0119907 0.0137367 4.37297e-05 8.98623e-05 0.541196 0.00962665 0.00126525 0.0132544 7.32818e-05 0.0107337 0.00431006 0.0363429 2.75461e-08 0.0502415 0.266016 0.00324234 0.000259248 
8.24514e-05 0.0386693 0.00275796 0.00608364 0.00266678 0.00206944 0.0203608 0.000292101 0.587234 0.0478697 0.000174284 0.0666911 8.01068e-05 0.0502389 0.012135 0.00948851 0.000147718 0.0015792 0.149295 0.00198841 9.60696e-05 
6.20941e-05 0.0500332 0.00917782 0.00927267 0.0243433 0.0197243 0.00330087 0.00135711 0.376562 0.0242095 0.00184718 0.0653763 6.3446e-05 0.265789 0.0055417 0.00466565 6.58939e-05 0.0269292 0.102362 0.00290348 0.00641366 
8.15838e-05 0.0603378 0.0367435 0.0149146 0.0218805 0.00600423 0.0144077 0.000134686 0.294196 0.0795283 0.000956136 0.134441 1.2765e-05 0.120549 0.0109162 0.012651 6.56079e-11 0.0231431 0.160391 0.00354244 0.00516783 
6.86515e-05 0.0446108 0.00790324 0.00776619 0.0310639 0.00310553 8.7338e-05 0.00163656 0.300289 0.153352 0.00290864 0.0328961 6.53337e-06 0.195397 0.00187362 0.00181899 4.13772e-08 0.00534024 0.201959 0.00602744 0.00188902 
1.74356e-05 0.111136 0.0953178 0.0369494 0.0201495 0.0155659 0.000135003 0.00241042 0.239565 0.0328867 0.0113915 0.0224686 3.72361e-06 0.210029 0.00829436 0.0250052 6.14716e-08 0.0259677 0.127674 0.0147408 0.000291844 
0.00178765 0.0363663 0.0211413 0.0237673 0.0191549 0.15764 0.000137123 0.000438171 0.367491 0.0194263 0.000926626 0.00768545 2.35849e-06 0.11583 0.000286342 0.0080028 3.20848e-06 0.0538432 0.152097 0.0134877 0.000485448 
2.70948e-05 0.0466885 0.113328 0.0102727 0.0323421 0.036279 0.000204137 0.000407946 0.419336 0.000463507 0.00511671 0.00552597 1.39884e-05 0.250547 0.00139802 0.0285178 0.0012643 0.0060341 0.0376911 0.00358979 0.000952242 
1.99022e-06 0.0358403 0.0238521 0.0159762 0.000963169 0.00902216 2.22281e-06 0.00115691 0.555656 0.0107247 0.000181728 0.00287192 5.32615e-07 0.184322 0.000896742 4.12325e-05 6.66322e-06 0.0250531 0.129095 0.00427736 5.8041e-05 
9.24723e-05 0.0410327 0.0721749 0.0188953 0.00390542 0.00107254 7.43037e-05 0.000134363 0.363106 0.00172442 0.110419 0.0610441 5.79377e-06 0.0274597 0.000309853 0.245215 0.000274413 0.00138219 0.0498679 0.00126463 0.000544444 
0.000810733 0.0674301 0.10971 0.0322145 0.0924487 0.053783 0.000306785 0.000603525 0.4291 0.0199085 1.48405e-07 0.0109289 1.08433e-05 0.0698683 0.00116163 0.00185178 2.20467e-07 0.00209011 0.105751 0.0017324 0.000289835 
1.75346e-06 0.0020237 0.0129275 0.000543359 0.0146954 0.178036 1.43046e-07 7.99715e-05 0.328513 6.90803e-05 0.000712051 0.00073599 1.00586e-06 0.0497284 0.000546874 4.70125e-07 1.8807e-06 0.118437 0.280778 0.0119757 0.000193368 
0.00111974 0.203875 0.00961212 0.114494 0.00628762 0.0123159 1.7205e-07 0.00153248 0.258462 0.00575368 1.72175e-07 0.0507147 0.000585333 0.128809 0.00223886 1.72224e-07 1.71982e-07 0.0100936 0.193295 0.000809342 1.72122e-07 
4.1997e-06 0.114989 0.0157315 0.0094848 0.0309861 0.0617679 0.00011261 5.4081e-05 0.4876 0.00890014 0.000278254 0.00608553 6.76357e-06 0.1538 0.00114533 0.00223465 0.000579121 0.0369956 0.0680227 0.000975002 0.000246302 
0.0128737 0.0455244 0.0170065 0.0017364 0.0453292 0.00399175 3.51502e-06 0.00441246 0.564429 0.021037 0.0010626 0.0325022 1.13308e-05 0.0290381 0.0482747 0.0143381 5.77029e-07 0.0432271 0.0980889 0.00131515 0.0157972 
0.0018444 0.0518784 0.0904045 0.0432606 0.0860896 0.0186862 0.000126146 2.95208e-06 0.234246 0.0054558 0.0194788 0.164265 2.0874e-05 0.0671033 0.0241632 0.0257094 3.19439e-10 0.0570792 0.0917072 0.0136889 0.00478975 
0.000102606 0.118663 0.0393754 0.0428146 0.0298958 0.0407183 0.00984018 0.00671001 0.381958 0.0232462 0.000623601 0.0224585 2.41507e-05 0.145302 0.00332621 0.00562006 0.000338356 0.0126618 0.109962 0.00566715 0.000693254 
0.000601749 0.0986491 0.0360309 0.0847162 0.0415238 0.0109878 0.00104911 0.0039631 0.277856 0.0343701 0.00109458 0.030469 0.000252717 0.160153 0.00434732 0.0088423 0.000177236 0.0267509 0.174157 0.00371913 0.000289933 
4.30455e-05 0.00294901 0.0590913 0.00139059 0.0114217 0.00124416 0.0539604 0.000237057 0.470491 0.00459792 0.000202867 0.080871 0.000415576 0.0438853 0.0102818 0.000764469 5.97413e-07 0.00422696 0.253674 0.000198334 5.34123e-05 
2.92427e-05 0.0385917 0.00751487 0.0183294 0.0358701 0.035043 5.60843e-10 0.000886051 0.382434 0.00481897 0.00346443 0.00924369 1.29649e-05 0.190871 0.000121674 0.00387 3.30435e-08 0.201973 0.063224 0.00273771 0.000963465 
1.59276e-05 0.0673904 0.16769 0.0144588 0.0216227 0.0520366 0.00344715 0.00204523 0.346612 0.0210774 0.0115221 0.00992925 4.2638e-05 0.135665 0.000809465 0.0501242 3.21525e-06 0.0160793 0.0762715 0.00283874 0.000318234 
1.89777e-05 0.0291587 0.023606 0.0340918 0.0818855 0.0844423 4.0288e-05 0.000136287 0.352412 0.0041331 0.00210968 0.0250218 7.0049e-06 0.0831482 0.0356332 0.00724065 0.000138108 0.104466 0.104238 0.00917116 0.0189012 
0.00189802 0.0456795 0.195793 0.00867943 0.0178012 0.0355663 0.000633744 0.000156922 0.37676 0.0152947 0.00135543 0.0172229 0.000175855 0.108347 0.00249788 0.00990834 0.000111229 0.0185142 0.137358 0.00526231 0.000983919 
0.0339229 0.0208682 0.149473 0.011637 0.197853 0.0894954 0.00554153 0.00143487 0.20986 0.00536025 0.000616669 0.00877311 5.05198e-06 0.113679 0.0106014 0.0147392 1.59943e-06 0.0115957 0.0839755 0.0304745 9.30172e-05 
4.10253e-05 0.0385575 0.0228278 0.0199649 0.0193011 0.0119382 7.0895e-07 0.000610214 0.727356 0.00382943 0.000391347 0.00745833 5.96628e-07 0.0497183 0.00012984 0.00655461 5.84618e-08 0.0148189 0.0672116 0.00871745 0.000571743 
0.000817904 0.0115672 0.0340893 9.70931e-07 3.37372e-07 0.026167 1.38031e-07 1.6261e-06 0.598196 0.00252653 3.21655e-06 0.0209975 5.28565e-08 2.50533e-06 0.0136554 0.00731325 0.0273386 2.84848e-06 0.230867 6.54015e-06 0.0264467 
1.79401e-05 0.0497832 0.015684 0.0389737 0.01924 0.00739696 1.47069e-08 0.000202182 0.355428 0.00133891 0.000535103 0.0296069 5.77632e-07 0.166207 0.000229068 0.000724161 1.14694e-07 0.0184004 0.289908 0.00621509 0.000109904 
4.15475e-06 0.0298297 0.0175788 0.00308196 0.0280701 0.00152718 0.000106726 0.00349697 0.366338 0.0130117 0.00134089 0.0145878 1.04118e-05 0.308871 0.0120634 0.00192472 8.60094e-08 0.0716525 0.123504 0.00228968 0.000709753 
0.00398281 0.0762232 0.146699 0.0151558 0.0559751 0.0259431 0.00140961 0.0193004 0.221336 0.0104704 0.0088195 0.0117193 4.08771e-06 0.213803 0.00826771 0.011545 4.74834e-06 0.00601375 0.16191 0.000803328 0.000614006 
4.63889e-09 0.0175004 0.0107252 0.00270944 0.0176401 0.00142902 6.90609e-05 0.00713413 0.474272 0.000408289 4.97657e-05 0.00946886 9.89377e-08 0.23076 0.00729092 2.63995e-07 1.33596e-07 0.143806 0.0306986 0.0443488 0.00168884 
2.87821e-08 0.242218 2.08769e-06 6.2959e-06 1.50843e-11 0.00133472 1.04425e-10 1.24623e-06 0.50408 3.30592e-05 0.000213365 0.0144179 5.65492e-08 0.237656 6.33388e-07 3.10952e-07 1.33832e-10 2.55543e-06 3.30898e-05 1.54617e-06 7.37548e-11 
