0.0643591 0.342356 0.00236139 0.00836072 0.0173374 0.053868 8.02777e-06 0.000237822 0.0158281 0.443499 6.17852e-05 0.000856372 2.90815e-06 0.0416833 3.22497e-05 0.00113511 1.45843e-11 0.000575658 0.00662586 0.000255565 0.000556268 
6.08672e-07 0.313226 0.047421 0.0172907 0.000588872 0.00472138 5.63365e-08 0.0102912 0.0142968 0.541217 0.00752079 0.0185752 5.88546e-08 0.0171591 0.000349148 0.00487395 5.01336e-08 0.000286137 0.00191032 0.000218276 5.31917e-05 
6.40846e-13 0.0365595 0.00337873 0.00110418 8.20148e-05 5.92893e-05 3.20744e-08 1.05225e-09 0.00235946 0.949847 0.00121497 0.00122117 2.33678e-12 0.00135666 1.63968e-05 0.000281112 3.87677e-12 0.00127737 0.00121794 1.03344e-05 1.3711e-05 
0.0601138 0.261475 0.0175285 0.00675345 0.0256245 0.00966917 0.000112781 0.0158216 0.0556317 0.342903 0.001596 0.00771479 3.30096e-06 0.0552225 0.0747069 0.00438912 1.61224e-06 0.00679003 0.0438179 0.000332153 0.00979262 
6.87372e-05 0.407992 0.000435322 0.000219137 0.000113265 1.94569e-05 0.00113017 0.00523328 0.0251112 0.499714 5.16609e-05 0.00762332 4.65564e-07 0.0246958 0.0070045 4.44036e-07 7.53367e-12 5.28778e-05 0.0204616 8.5582e-07 7.13767e-05 
4.76815e-05 0.306082 0.0193085 0.00588661 0.00244062 0.00114766 2.50092e-05 0.000707829 0.0715609 0.409619 0.00142808 0.023259 9.41198e-08 0.0479418 0.00879164 0.00238747 1.79673e-10 0.00569502 0.0916774 0.00188746 0.000105918 
4.34255e-05 0.241223 0.00031675 0.00504907 0.00936505 0.0310164 8.0702e-08 0.00024225 0.00356097 0.671205 2.09185e-05 0.000411241 3.86345e-06 0.0362544 6.30314e-05 0.00017395 2.97178e-12 0.000327902 0.000190878 4.40868e-05 0.000488265 
4.11171e-05 0.271162 0.009529 0.00135966 0.00344338 0.000212638 8.37252e-05 0.00372307 0.0645198 0.448899 6.8498e-06 0.00615408 1.71365e-06 0.141783 0.0149748 0.00256194 2.01322e-11 0.0070141 0.00332059 3.7402e-05 0.0211724 
2.13322e-06 0.0201853 0.0140719 0.0045938 0.00227541 0.00618924 1.30085e-09 0.00228204 0.0373387 0.868246 0.00102276 0.00180568 4.33252e-07 8.29247e-08 3.5755e-09 0.0372881 9.06325e-12 0.000118867 0.00340159 0.000695622 0.000481838 
4.22968e-05 0.120511 0.00282193 0.0101482 0.00384894 0.00389191 4.08747e-05 0.0164399 0.00993253 0.698081 0.000449775 0.0330437 2.98881e-05 0.00392581 0.00209182 0.0020372 1.9311e-10 0.00297583 0.033015 0.00217527 0.0544974 
7.17598e-07 0.197697 0.00159492 0.000742646 6.77379e-05 0.0002237 3.04544e-11 0.003091 0.0014461 0.78558 0.000374321 0.00265149 8.19127e-09 0.00496308 2.97327e-05 9.6401e-05 6.81427e-09 2.07134e-05 0.000790321 0.000509184 0.000120826 
2.13084e-05 0.131467 0.0014126 0.00644254 0.00276758 0.00644785 5.36887e-06 0.144763 0.0385459 0.593607 0.00174254 0.00576727 0.000110056 0.0201579 0.0122007 0.00446638 1.85971e-06 0.00271376 0.0252651 0.00095705 0.00113716 
1.80296e-05 0.0638218 0.000673081 0.00263908 0.0121778 0.00538169 0.000946271 0.00803872 0.0132949 0.713933 4.1414e-05 0.00451348 7.74372e-06 0.14664 0.000392036 0.000233999 4.4546e-11 0.00650114 0.0206493 2.6107e-05 7.05972e-05 
0.000238463 0.029034 0.0207509 0.0254988 0.128703 0.0324674 0.000683614 0.000325917 0.0823823 0.309636 0.0012826 0.0351122 0.000723917 0.136327 0.0021817 0.00957303 1.16694e-05 0.0268507 0.150379 0.00773339 0.000104958 
1.31493e-05 0.433273 0.000605214 9.65519e-05 0.000106724 1.66904e-05 2.98584e-06 0.00675467 0.00949933 0.51039 2.77542e-05 0.00151167 2.74115e-08 0.014652 0.0117768 4.63408e-07 9.18831e-12 0.000109671 0.0111323 1.48778e-06 2.88948e-05 
1.39972e-05 0.277976 0.00121263 0.0011938 0.0041804 0.00279647 0.00238966 0.0217414 0.0634461 0.469186 0.000644728 0.0673738 2.14265e-07 0.0247895 0.00205164 0.00606714 1.51732e-09 0.0281863 0.0183761 0.00808661 0.000288258 
4.50093e-06 0.0321051 0.000177642 0.000285336 0.000700463 3.81649e-06 1.53455e-12 0.00495945 0.00274902 0.94996 9.71469e-05 0.00109607 7.42382e-10 0.00593438 0.000716032 0.000200484 6.16798e-10 0.00050064 0.000472525 8.79804e-09 3.77998e-05 
6.23758e-06 0.142274 0.0316352 0.00232599 0.00596045 0.090437 1.26558e-06 0.0376861 0.0910092 0.226202 0.0144605 0.0954485 0.0382632 0.12402 0.00105258 0.0734751 1.97184e-06 0.014093 0.0111385 0.00019792 0.000311596 
6.75518e-05 0.201013 0.00809915 0.00120347 0.00135064 0.00068167 0.00062652 0.00136771 0.0346006 0.620175 0.00609369 0.0230379 1.05026e-06 0.0177602 0.00701375 0.00733631 1.83002e-06 0.00275096 0.0579965 0.000563394 0.00825979 
0.000355093 0.3515 0.0133946 0.0178268 0.0149293 0.0179106 0.0249404 0.0682527 0.0153276 0.383118 3.41259e-05 0.00848419 0.00208912 0.0497259 0.00433421 0.000417479 4.70829e-09 0.00785711 0.0189301 0.000249507 0.000323652 
7.65188e-06 0.363693 0.00360249 0.00815099 0.02043 0.00158085 2.88086e-06 0.0334069 0.0516386 0.382198 0.00122496 0.0465424 1.03034e-05 0.0405163 0.00536815 0.00139932 9.1142e-08 0.0238014 0.0118588 0.00444344 0.000123944 
1.05349e-05 0.0623105 0.00273744 0.0011032 0.00505693 0.000896339 2.37385e-05 0.000567981 0.0265983 0.847808 0.000999201 0.00461112 9.28673e-07 0.0195387 0.00330806 0.00164009 7.06907e-10 0.00494851 0.0141702 0.000185775 0.0034845 
9.76048e-06 0.192484 0.0148746 0.0297361 0.00644932 0.000714479 0.000124259 0.00146162 0.00874301 0.513968 0.000645747 0.0431224 8.27009e-06 0.0014899 0.00146986 0.0737892 0.0144353 0.000346705 0.0418375 0.000337572 0.0539521 
1.8556e-05 0.257967 0.00946069 0.00461883 0.0176101 0.00392151 0.00179073 0.277255 0.0208353 0.308553 0.00248468 0.00773784 4.08808e-06 0.0453011 0.00595389 0.0028324 4.22921e-08 0.00288826 0.0294295 0.000525047 0.000812595 
0.000132446 0.112182 0.00594263 0.0155758 0.00774597 0.00619666 0.00289072 0.00202538 0.041303 0.606828 0.00752868 0.0824964 6.47369e-06 0.0498968 0.0206466 0.00155125 0.000193232 0.00334074 0.0271407 0.000461097 0.00591541 
6.83369e-05 0.128234 0.00424518 0.00550275 0.0299465 0.0029628 3.89081e-05 0.000762588 0.0420059 0.553206 0.00231973 0.0388883 3.54558e-06 0.0818114 0.00119393 0.00221344 4.53187e-09 0.0515877 0.0487885 0.00191204 0.00430908 
0.000156317 0.188297 0.0138528 0.0137442 0.00401869 0.00843482 0.000284849 0.00040765 0.0291984 0.354785 0.0052807 0.204428 1.83322e-05 0.0161641 0.0886769 0.0179496 3.23279e-06 0.00810269 0.0341386 0.000529997 0.0115281 
3.71585e-05 0.000737949 0.00548838 0.00139591 0.0666001 0.00658464 0.00399265 0.000128883 0.0235254 0.778108 3.61141e-06 0.000722209 7.67641e-06 0.00175496 0.000247707 0.00833745 4.61331e-09 0.000820525 0.0953863 0.00611424 6.46941e-06 
3.35616e-07 0.0547668 0.000118747 0.00300423 0.00154903 0.000232222 3.95493e-09 0.0369068 0.00213552 0.890755 0.00042532 0.00116164 2.91966e-06 0.000436776 3.32386e-05 0.000429769 1.94754e-11 0.005282 0.00275963 8.12241e-12 2.19443e-08 
7.00568e-05 0.0439717 0.00904113 0.000292192 0.0112976 0.000193883 0.23206 0.000238448 0.0119774 0.4125 8.35497e-05 0.145101 6.69733e-05 0.00132194 0.0140226 0.0556636 7.25108e-08 0.00486801 0.0481497 8.03189e-05 0.00899942 
1.10521e-07 0.0289367 0.000155226 0.00212879 8.51514e-05 5.85476e-06 1.11986e-06 7.20242e-06 0.000121837 0.96772 4.62386e-05 0.00049468 1.53089e-09 7.01264e-05 3.32687e-07 6.5804e-05 1.44566e-09 9.65642e-05 1.45737e-06 6.23483e-05 2.01623e-08 
0.000111772 0.331024 0.0155869 0.00159475 0.0103783 0.00490708 3.65851e-09 0.151746 0.00600795 0.445201 0.000840066 0.00316777 5.95248e-09 0.0245367 0.000735978 0.000836739 6.9545e-08 0.0011837 0.00161549 0.000389189 0.000136856 
6.08672e-07 0.313226 0.047421 0.0172907 0.000588872 0.00472138 5.63365e-08 0.0102912 0.0142968 0.541217 0.00752079 0.0185752 5.88546e-08 0.0171591 0.000349148 0.00487395 5.01336e-08 0.000286137 0.00191032 0.000218276 5.31917e-05 
3.20339e-06 0.232459 0.00111065 0.0031381 0.00741794 0.0986116 2.11783e-06 0.025712 0.0163307 0.495211 0.0203522 0.00137799 1.58024e-08 0.0623694 0.013357 0.000127634 9.18695e-08 0.00209333 0.0127793 0.000330363 0.00721626 
2.5549e-05 0.268841 0.0018907 0.0130327 0.0124734 0.0232133 0.00272185 0.000573397 0.0939067 0.401702 0.00138866 0.0427682 1.64725e-06 0.0309307 0.00169257 0.0124242 9.4134e-06 0.00743758 0.0813784 0.00226974 0.00131875 
7.65188e-06 0.363693 0.00360249 0.00815099 0.02043 0.00158085 2.88086e-06 0.0334069 0.0516386 0.382198 0.00122496 0.0465424 1.03034e-05 0.0405163 0.00536815 0.00139932 9.1142e-08 0.0238014 0.0118588 0.00444344 0.000123944 
4.77917e-07 0.083698 0.00354923 0.00501295 0.00287944 0.000465934 0.000167717 0.000248068 0.0146404 0.852648 0.000483308 0.012997 5.9101e-06 0.00666592 3.84273e-05 0.0115271 1.04455e-08 0.000883553 0.00403779 3.37571e-05 1.7293e-05 
7.03225e-06 0.112616 0.000312161 0.00346294 0.00489913 0.00262026 3.68462e-07 0.105134 0.00277725 0.738384 3.02714e-05 0.00122674 0.000510153 0.0195594 0.00230962 0.000699302 3.36016e-09 0.0030005 0.00231113 5.5774e-08 0.000140314 
8.46325e-05 0.295427 0.0456579 0.00661069 0.0049063 0.00334554 0.0226021 0.000440183 0.0273705 0.384 0.000952294 0.0156551 2.24724e-07 0.0437208 0.0731989 0.00175369 1.47549e-09 0.00885623 0.0650541 0.000165485 0.000198232 
2.36815e-05 0.0780129 0.00166513 0.00233248 0.00624504 0.00383171 4.48465e-06 0.000126753 0.0109134 0.842616 5.40355e-05 0.00265663 1.48339e-06 0.0123804 0.000427004 0.00146828 2.03904e-07 0.00113534 0.0353374 0.000572524 0.000195334 
9.31873e-06 0.436722 0.000580425 8.47845e-05 9.64512e-05 1.47895e-05 2.20835e-06 0.00647783 0.00885608 0.515973 2.42e-05 0.00140299 2.18514e-08 0.0115798 0.00758295 3.40803e-07 8.27822e-12 7.05016e-05 0.0105034 1.14079e-06 1.82301e-05 
3.90453e-06 0.0845459 0.00237753 0.0105961 0.00862577 0.00830429 0.00664549 0.00185634 0.0213601 0.689843 0.000129882 0.0449644 3.14331e-05 0.0347633 0.0314907 0.00103681 1.04759e-07 0.00246279 0.0430676 0.00765869 0.000236237 
1.85972e-06 0.0070163 0.000216905 0.00239815 0.00312847 0.00463768 2.74383e-06 1.38633e-08 0.000247198 0.949232 5.99213e-09 2.50266e-11 1.10227e-09 0.0327325 4.37835e-05 2.49865e-08 5.71825e-12 0.000150867 2.93337e-13 0.000160231 3.12064e-05 
2.97962e-06 0.120816 0.000598951 0.00167541 0.00768851 0.00671841 1.75577e-05 0.0272376 0.00727246 0.611866 2.6049e-05 0.000431755 3.62073e-08 0.203754 0.000422875 2.71355e-05 1.85414e-12 0.00433618 0.00706925 1.93878e-05 1.84838e-05 
1.10521e-07 0.0289367 0.000155226 0.00212879 8.51514e-05 5.85476e-06 1.11986e-06 7.20242e-06 0.000121837 0.96772 4.62386e-05 0.00049468 1.53089e-09 7.01264e-05 3.32687e-07 6.5804e-05 1.44566e-09 9.65642e-05 1.45737e-06 6.23483e-05 2.01623e-08 
6.68498e-05 0.0095842 0.049667 0.00228441 0.001831 0.0243624 9.56601e-07 1.9557e-05 0.187016 0.26792 0.000507826 0.00255295 2.29352e-06 0.0824238 4.29199e-05 0.140253 1.2131e-07 0.00075643 0.118412 0.111434 0.000861278 
7.33431e-08 0.0996922 0.0384083 0.0127454 0.0531621 0.0298837 0.00103887 0.00142082 0.0258944 0.699041 8.02247e-05 0.00112342 7.54964e-06 0.00591069 0.0193157 0.00316172 5.76279e-10 0.000292381 0.00643429 0.00235141 3.54786e-05 
7.00568e-05 0.0439717 0.00904113 0.000292192 0.0112976 0.000193883 0.23206 0.000238448 0.0119774 0.4125 8.35497e-05 0.145101 6.69733e-05 0.00132194 0.0140226 0.0556636 7.25108e-08 0.00486801 0.0481497 8.03189e-05 0.00899942 
6.17523e-06 0.240595 0.00212714 0.00729339 0.0108017 0.0011559 1.6277e-05 0.0139974 0.0120488 0.665169 0.000119537 0.00438804 0.000814397 0.0257202 0.00706416 0.00130514 6.26392e-09 0.0051757 0.00197039 0.000209526 2.17535e-05 
0.000850766 0.0396787 0.0144422 0.000810627 0.102691 0.00354865 0.0953044 0.000184379 0.0462592 0.224234 0.0002367 0.116853 0.000815936 0.0276481 0.0111975 0.0503326 3.27747e-08 0.182133 0.0633203 0.000346114 0.0191125 
2.55986e-05 0.146572 0.00259441 0.00681209 0.00726219 0.00618578 0.003468 0.00744838 0.0199285 0.683914 0.000774237 0.0301006 8.40599e-06 0.0337095 0.00233557 0.00173098 1.2213e-09 0.00336857 0.0282969 0.00189534 0.0135689 
2.44278e-07 0.0626855 7.39341e-05 0.00018819 0.000523312 0.00318784 1.20023e-09 8.50945e-05 0.0531947 0.831723 0.00019844 0.00145784 1.13809e-10 0.00922188 0.00153472 0.000393591 3.42867e-08 0.000808334 0.0333353 0.000943172 0.000444436 
2.47818e-08 0.0300464 0.0164768 0.0646738 0.0818272 0.0419959 0.0132421 0.000505307 0.0288775 0.671638 0.000332249 0.0015745 1.57647e-05 0.00374665 0.00917088 0.00397353 1.57771e-07 0.000285785 0.0183831 0.0132342 1.84282e-08 
1.49119e-07 0.237222 0.00269682 0.000535159 0.00252955 0.0165656 5.33031e-09 0.000168391 0.123067 0.47559 0.00134863 0.00344186 3.21356e-10 0.00711786 0.000880589 0.0688558 2.40734e-08 0.000471627 0.0520185 0.00671485 0.000774898 
3.74011e-05 0.203915 0.00730009 0.00117702 0.00275448 0.000198739 0.000136684 0.00295318 0.0487239 0.581642 8.13232e-06 0.00468733 7.91832e-06 0.108037 0.0114384 0.00203784 2.89372e-08 0.00599513 0.00254549 4.74852e-05 0.016356 
9.37511e-06 0.141037 0.00299466 0.000459397 0.00297469 6.31705e-05 3.14221e-05 0.000345219 0.0768392 0.700681 0.00070939 0.0152986 1.14758e-06 0.00950104 0.0130972 0.00161817 3.43528e-08 0.00333153 0.0277677 0.000221698 0.00301888 
6.18478e-07 0.0802363 0.000621358 0.00272257 1.98396e-05 0.000117866 1.37183e-05 0.000724629 0.0121582 0.870925 0.00197332 0.00134364 1.14397e-07 0.0242914 0.00203552 0.000121187 4.34805e-12 0.00061948 0.00117849 0.000152082 0.00074503 
5.97942e-05 0.162073 0.000607258 0.000227103 0.00174048 0.000163311 3.56655e-05 0.000809913 0.0597962 0.667327 0.000579596 0.00715392 5.08528e-07 0.00667878 0.0665687 0.00178644 3.39973e-07 0.00263531 0.0181186 8.25167e-05 0.00355563 
1.73593e-05 0.29917 0.000274815 3.15408e-08 0.00129645 2.69474e-05 1.61771e-11 0.000195865 0.0398853 0.460557 0.0066616 0.000269524 4.46436e-08 0.00707298 0.0368957 2.39959e-07 2.07328e-11 0.00120216 0.146187 4.78994e-08 0.000286679 
0.000173656 0.165697 0.00340667 0.00896843 0.018141 0.00593398 0.00375978 0.011536 0.0357082 0.631071 0.000916044 0.0187459 8.24731e-07 0.0438833 0.00826869 0.002407 5.32144e-06 0.0125375 0.0266664 0.000827999 0.00134454 
1.73593e-05 0.29917 0.000274815 3.15408e-08 0.00129645 2.69474e-05 1.61771e-11 0.000195865 0.0398853 0.460557 0.0066616 0.000269524 4.46436e-08 0.00707298 0.0368957 2.39959e-07 2.07328e-11 0.00120216 0.146187 4.78994e-08 0.000286679 
1.42135e-05 0.190546 0.000412789 0.0004546 0.00200016 8.86726e-05 0.000315071 1.82836e-06 0.014458 0.305065 9.66762e-05 0.297726 8.06772e-06 0.000938011 0.0642995 0.00116097 8.335e-06 0.0436321 0.00777688 0.000974137 0.0700228 
5.20041e-10 0.00507732 0.000516198 0.00146702 0.0149394 0.0224649 0.000269989 0.000160869 0.00419459 0.929897 9.78606e-06 0.000121051 5.22146e-06 0.00820513 1.94182e-05 0.00333002 2.22867e-09 3.26858e-06 0.00852449 0.00076193 3.25347e-05 
2.85097e-05 0.26762 0.030672 0.00914484 0.0345002 0.00422464 0.00051444 0.0224704 0.0417297 0.381396 0.000845144 0.0603311 0.00433987 0.0481332 0.0238594 0.00259697 4.87448e-05 0.0176236 0.0455709 0.0041342 0.000216092 
4.50093e-06 0.0321051 0.000177642 0.000285336 0.000700463 3.81649e-06 1.53455e-12 0.00495945 0.00274902 0.94996 9.71469e-05 0.00109607 7.42382e-10 0.00593438 0.000716032 0.000200484 6.16798e-10 0.00050064 0.000472525 8.79804e-09 3.77998e-05 
2.84585e-06 0.358552 0.00291007 0.0183968 0.0027989 0.00331103 2.34463e-05 0.000389899 0.0124704 0.551832 0.00646024 0.0123291 2.12052e-06 0.0140443 0.00150359 0.00128831 1.58417e-06 0.00473133 0.00776233 0.0011459 4.31314e-05 
9.90739e-06 0.186957 0.00328286 0.00620113 0.0172763 0.0759567 1.72039e-08 0.010573 0.0108876 0.579466 2.43794e-08 0.00531023 0.000717299 0.0637924 0.00303913 0.00115389 2.31561e-08 0.00833169 0.0226202 3.19135e-08 0.00442405 
1.24867e-08 0.0155963 2.27539e-05 4.14953e-10 9.40749e-05 4.1858e-10 2.59829e-12 9.26791e-05 4.50471e-06 0.982814 1.56561e-10 3.45924e-05 2.00721e-12 1.41361e-06 0.0013386 2.19197e-10 3.33001e-12 5.50507e-13 7.95757e-07 1.38881e-12 3.81035e-08 
0.00365159 0.208184 0.0165579 0.0193694 0.0140115 0.00978832 0.000553543 0.0221007 0.0715272 0.218285 0.000372111 0.0469519 7.171e-07 0.189182 0.00933154 0.0244496 4.08343e-09 0.0279271 0.115818 0.000677834 0.00125924 
8.82587e-05 0.0855549 0.00187068 0.00692959 0.0513904 0.00257415 1.99741e-08 0.000454786 0.23096 0.346709 0.000266058 0.0102436 1.22908e-05 0.208959 0.0015289 0.0020294 1.83625e-12 0.000940959 0.0481198 0.000211545 0.00115683 
3.52157e-06 0.180082 0.000592332 0.00329458 0.000415443 0.00602856 2.98615e-05 0.0247476 0.00901385 0.736956 0.00130475 0.00166503 1.45397e-06 0.0193028 0.00824962 0.000133534 1.11637e-09 0.00115786 0.00118376 0.000398438 0.00543901 
1.02594e-06 0.0355954 0.00142019 0.000701358 0.000585439 2.98633e-05 1.36319e-08 0.00114235 0.00346496 0.947046 0.000564676 0.00144934 4.95373e-10 0.00393083 0.000326975 0.000350649 4.12367e-10 0.00215688 0.00119355 3.08682e-06 3.72385e-05 
2.25003e-05 0.039829 0.00166959 0.00141168 0.0102858 0.00723876 9.96529e-05 0.000796067 0.0142878 0.87178 1.75683e-05 0.00285198 1.42823e-06 0.0103741 0.0100933 0.00125185 2.15183e-09 0.00491125 0.0225598 0.000387294 0.000130122 
1.60768e-05 0.207901 0.00670819 0.00232545 0.00279617 0.000305551 6.24058e-06 0.00371525 0.0838901 0.549431 0.00371109 0.00898183 2.08635e-07 0.013819 0.00260791 0.00544322 1.3764e-09 0.00208114 0.100144 7.58432e-05 0.00604084 
1.03107e-06 0.124608 0.000242896 0.000963735 0.00123709 0.000262426 5.07112e-10 0.376569 0.00524084 0.473482 0.000318819 0.00129151 1.10407e-12 0.0102441 0.000901585 0.000124629 1.83168e-12 0.0037568 0.000661189 3.71485e-07 9.48614e-05 
7.65188e-06 0.363693 0.00360249 0.00815099 0.02043 0.00158085 2.88086e-06 0.0334069 0.0516386 0.382198 0.00122496 0.0465424 1.03034e-05 0.0405163 0.00536815 0.00139932 9.1142e-08 0.0238014 0.0118588 0.00444344 0.000123944 
7.79423e-06 0.0137804 0.00180102 0.00133072 0.00477752 0.00279606 4.09612e-05 6.99919e-05 0.00596649 0.951717 1.91441e-05 0.000266731 1.2832e-06 0.00120639 0.00202015 0.00188408 1.68558e-07 0.00050486 0.00396738 0.000620163 0.00722154 
4.50093e-06 0.0321051 0.000177642 0.000285336 0.000700463 3.81649e-06 1.53455e-12 0.00495945 0.00274902 0.94996 9.71469e-05 0.00109607 7.42382e-10 0.00593438 0.000716032 0.000200484 6.16798e-10 0.00050064 0.000472525 8.79804e-09 3.77998e-05 
7.65188e-06 0.363693 0.00360249 0.00815099 0.02043 0.00158085 2.88086e-06 0.0334069 0.0516386 0.382198 0.00122496 0.0465424 1.03034e-05 0.0405163 0.00536815 0.00139932 9.1142e-08 0.0238014 0.0118588 0.00444344 0.000123944 
1.32058e-06 0.181205 0.0010955 0.0134521 0.00325685 0.0143274 2.21218e-07 0.00035045 0.00410932 0.759649 0.000500642 0.00018094 6.66125e-10 0.018877 4.21947e-06 0.00205614 2.61628e-08 0.000461795 0.00043834 3.33849e-05 1.85117e-08 
2.30214e-06 0.166714 0.023256 0.0221005 2.30236e-06 0.0112832 0.0101204 2.30117e-06 0.213679 0.311517 2.30125e-06 0.0460509 2.30033e-06 0.110986 2.30168e-06 0.0124326 2.29867e-06 2.30214e-06 0.0621728 0.00966691 2.30054e-06 
7.64611e-05 0.241995 0.0178395 0.0743377 0.0244514 0.0167208 0.000616649 0.00155275 0.0678502 0.334678 0.00597788 0.103824 5.81644e-06 0.0344184 0.00396847 0.0359619 3.0913e-07 0.0063338 0.0222355 0.00206008 0.00509578 
4.2898e-05 0.0714253 0.00624814 0.00853049 0.00260764 0.000194711 0.00234175 0.000487344 0.0302753 0.744073 0.0010434 0.0228597 7.65995e-05 0.0409482 0.00427734 0.0440739 4.0376e-09 0.0033642 0.00916822 0.00304552 0.00491631 
5.20041e-10 0.00507732 0.000516198 0.00146702 0.0149394 0.0224649 0.000269989 0.000160869 0.00419459 0.929897 9.78606e-06 0.000121051 5.22146e-06 0.00820513 1.94182e-05 0.00333002 2.22867e-09 3.26858e-06 0.00852449 0.00076193 3.25347e-05 
1.82296e-05 0.264739 0.0181115 0.0466169 0.000565187 0.0161082 0.000339686 0.00108073 0.00541478 0.526901 4.05486e-05 0.0144276 2.33514e-07 0.0968492 0.000178557 0.000334076 8.90899e-11 0.00785364 3.10734e-07 0.000109716 0.000311425 
7.65188e-06 0.363693 0.00360249 0.00815099 0.02043 0.00158085 2.88086e-06 0.0334069 0.0516386 0.382198 0.00122496 0.0465424 1.03034e-05 0.0405163 0.00536815 0.00139932 9.1142e-08 0.0238014 0.0118588 0.00444344 0.000123944 
7.65188e-06 0.363693 0.00360249 0.00815099 0.02043 0.00158085 2.88086e-06 0.0334069 0.0516386 0.382198 0.00122496 0.0465424 1.03034e-05 0.0405163 0.00536815 0.00139932 9.1142e-08 0.0238014 0.0118588 0.00444344 0.000123944 
2.87875e-05 0.440343 0.00027897 0.00856503 0.00125821 0.000977752 8.52703e-05 0.00338725 0.0218191 0.488857 0.000668426 0.00544846 8.8301e-10 0.0152008 0.000131245 1.15326e-07 1.58753e-09 0.00950374 0.000608046 0.00280897 2.97878e-05 
9.8295e-05 0.280264 0.00838915 0.000680874 0.00295777 0.00032542 2.80522e-08 0.00503251 0.0168065 0.579524 0.000481673 0.0216003 2.59176e-11 0.00536025 0.0482351 2.98497e-05 4.29979e-11 0.00492113 0.0244549 0.000625238 0.000213642 
1.60159e-09 0.26272 0.00398999 0.00200181 0.000863312 0.00106154 1.7757e-05 0.00276115 0.0124063 0.653639 6.824e-05 0.00308902 4.07179e-08 0.0135162 0.00159377 0.000453104 5.32035e-11 0.000351758 0.0414183 2.50852e-05 2.35647e-05 
3.0061e-05 0.421798 0.000132929 0.0152199 0.00766102 0.00803474 2.47482e-07 9.12494e-06 0.000312597 0.503696 0.00131596 0.000203683 1.03064e-07 0.0391342 0.00147843 1.90539e-06 3.57989e-06 0.000844627 2.38568e-05 3.98609e-05 5.83948e-05 
9.82251e-05 0.10948 0.0013705 0.000680587 0.00380681 9.06205e-06 6.44478e-09 0.00110245 0.0168053 0.773767 1.4927e-05 0.00953673 5.25328e-12 0.00535955 0.0483083 3.46249e-05 8.71531e-12 0.00492015 0.0244532 3.8822e-05 0.000213446 
0.000469792 0.194519 0.0212274 0.0123805 0.020274 0.0386328 0.000376274 0.0101061 0.0540226 0.287145 0.00635032 0.175327 1.43324e-05 0.0690842 0.0225495 0.00415171 2.18849e-05 0.0295953 0.038901 0.00496133 0.00989059 
2.09091e-08 0.00223754 0.0135854 0.00142151 0.00659829 0.0027721 8.96046e-07 0.000224998 0.0468104 0.892341 1.71894e-05 0.0001035 1.08777e-06 0.00212985 7.62934e-06 0.00945341 4.41177e-09 0.000167129 0.0213164 0.000800647 1.12565e-05 
1.10521e-07 0.0289367 0.000155226 0.00212879 8.51514e-05 5.85476e-06 1.11986e-06 7.20242e-06 0.000121837 0.96772 4.62386e-05 0.00049468 1.53089e-09 7.01264e-05 3.32687e-07 6.5804e-05 1.44566e-09 9.65642e-05 1.45737e-06 6.23483e-05 2.01623e-08 
1.10521e-07 0.0289367 0.000155226 0.00212879 8.51514e-05 5.85476e-06 1.11986e-06 7.20242e-06 0.000121837 0.96772 4.62386e-05 0.00049468 1.53089e-09 7.01264e-05 3.32687e-07 6.5804e-05 1.44566e-09 9.65642e-05 1.45737e-06 6.23483e-05 2.01623e-08 
8.6482e-06 0.127356 0.00243151 0.000286352 0.000553442 3.18825e-05 2.14665e-05 0.000266156 0.0113458 0.814945 3.08014e-05 0.0128891 1.95327e-07 0.00628966 0.00229951 0.00121543 8.72335e-12 0.000558795 0.0182025 6.66903e-06 0.00126186 
7.88545e-06 0.180724 0.00600313 0.00146749 0.00123079 0.000198147 0.00130752 0.000228073 0.0105596 0.74804 0.00144742 0.00857707 2.37266e-07 0.0141762 0.00211238 0.000944377 3.78324e-11 0.00126759 0.0160832 0.000460467 0.00516479 
7.65188e-06 0.363693 0.00360249 0.00815099 0.02043 0.00158085 2.88086e-06 0.0334069 0.0516386 0.382198 0.00122496 0.0465424 1.03034e-05 0.0405163 0.00536815 0.00139932 9.1142e-08 0.0238014 0.0118588 0.00444344 0.000123944 
2.56863e-05 0.161249 0.01341 0.00343255 0.00349611 0.00184348 0.000212551 0.00158441 0.01896 0.64806 0.00260227 0.0293432 0.00492448 0.0248032 0.043296 0.000900406 1.48383e-05 0.00277014 0.0351501 0.00205705 0.00186467 
4.7836e-05 0.15995 0.000485808 0.000181684 0.00139239 0.00013065 2.85334e-05 0.000808173 0.0481188 0.702395 0.000482862 0.00607948 4.65024e-07 0.00534303 0.0534856 0.00149778 2.72137e-07 0.00210825 0.0145534 6.60148e-05 0.00284451 
9.31873e-06 0.436722 0.000580425 8.47845e-05 9.64512e-05 1.47895e-05 2.20835e-06 0.00647783 0.00885608 0.515973 2.42e-05 0.00140299 2.18514e-08 0.0115798 0.00758295 3.40803e-07 8.27822e-12 7.05016e-05 0.0105034 1.14079e-06 1.82301e-05 
1.69018e-05 0.132343 0.0221636 0.000937936 0.0245762 0.00676255 3.73513e-06 0.0299417 0.019188 0.52736 0.000868105 0.0743272 2.13616e-06 0.127446 0.00105569 0.022539 1.00323e-06 0.000447064 0.00931399 0.000172871 0.000532959 
5.87359e-06 0.168545 0.0136198 0.0120318 0.00958866 0.0389262 9.54981e-05 0.00240136 0.048039 0.605607 0.000310465 0.0102606 9.21827e-06 0.0507198 0.000405568 0.00577954 6.23636e-05 0.00564631 0.0249054 0.00280966 0.00023032 
6.90609e-09 0.48528 0.00254264 9.73745e-07 0.000306917 5.43607e-08 1.60575e-08 0.0012373 0.000157143 0.504511 0.000472563 0.000189453 6.76998e-11 0.000393192 0.000305831 0.000517298 1.12316e-10 1.85677e-11 1.01865e-08 4.68423e-11 0.00408616 
5.15981e-05 0.123777 0.00328186 0.00598247 0.00877813 0.00336205 0.00750571 0.0128464 0.0161585 0.723021 0.00338251 0.0168991 0.00717355 0.0162752 0.00249389 0.00243005 3.22038e-07 0.00795318 0.0346095 0.000953865 0.00306377 
2.30857e-05 0.283274 0.00229546 0.0398544 0.0169243 0.018073 0.000299418 0.000671607 0.0142095 0.393664 0.000190431 0.0792428 6.75597e-06 0.0643999 0.00631964 0.00942389 6.02503e-06 0.0141421 0.0368126 0.0181616 0.0020055 
7.504e-06 0.109059 0.000429562 0.0024909 0.00681349 0.00600193 5.3432e-06 0.0617866 0.00492788 0.722427 3.03664e-05 0.000848874 0.000138526 0.0741609 0.00146235 0.000273382 1.46384e-09 0.00405624 0.0049978 8.14988e-06 7.45706e-05 
6.45106e-05 0.18893 0.111529 0.0215529 0.0236973 0.026298 2.78339e-05 0.00136344 0.0795392 0.279125 0.00147654 0.036554 8.0747e-06 0.082787 0.0157526 0.0106728 1.03535e-06 0.0186882 0.09837 0.00288325 0.00067882 
0.00331883 0.305528 0.0153071 0.00463558 0.0276484 0.0134717 0.000137465 0.00954133 0.0253324 0.385893 0.0769366 0.0174131 1.35646e-05 0.0658383 0.0044977 0.0165669 0.000228179 0.0134277 0.0131097 0.000361971 0.000792653 
9.31873e-06 0.436722 0.000580425 8.47845e-05 9.64512e-05 1.47895e-05 2.20835e-06 0.00647783 0.00885608 0.515973 2.42e-05 0.00140299 2.18514e-08 0.0115798 0.00758295 3.40803e-07 8.27822e-12 7.05016e-05 0.0105034 1.14079e-06 1.82301e-05 
4.6534e-06 0.176177 0.00188872 0.0121495 0.0236472 0.0104192 3.19797e-05 0.00577394 0.0511402 0.586454 0.00314249 0.0153894 1.20418e-05 0.079202 0.000634441 0.00212443 7.64031e-09 0.00904326 0.0212823 0.000176963 0.00130651 
1.24867e-08 0.0155963 2.27539e-05 4.14953e-10 9.40749e-05 4.1858e-10 2.59829e-12 9.26791e-05 4.50471e-06 0.982814 1.56561e-10 3.45924e-05 2.00721e-12 1.41361e-06 0.0013386 2.19197e-10 3.33001e-12 5.50507e-13 7.95757e-07 1.38881e-12 3.81035e-08 
8.58112e-06 0.0422468 0.00238837 0.0015178 0.00566398 0.000434269 1.28319e-05 0.000658644 0.0363942 0.847937 9.5849e-05 0.00481945 1.00597e-06 0.0213857 0.00166098 0.00269726 5.14974e-12 0.00823925 0.0172664 0.000408004 0.00616319 
3.01097e-05 0.105077 0.00636316 0.0102917 0.0300774 0.0317078 6.69305e-05 0.00698339 0.0210981 0.515207 0.000473677 0.0200794 0.000441004 0.175724 0.00431943 0.00229398 1.12557e-06 0.00280758 0.0660575 2.12286e-05 0.000878353 
2.23191e-05 0.0954387 0.00134942 0.0119325 0.00859484 0.0017582 2.12155e-06 0.00568064 0.0418792 0.628415 0.000102448 0.00241035 0.000108216 0.175201 0.00441192 0.00305746 3.29115e-11 0.012861 0.00645789 3.98044e-05 0.000277912 
5.90619e-05 0.199792 0.00590278 0.0865267 0.00984145 0.00510988 6.84442e-05 0.000866794 0.0885216 0.377239 0.00148113 0.0490067 3.89928e-05 0.08364 0.0068935 0.00318527 2.49072e-06 0.0224378 0.0569492 0.00217659 0.000260706 
1.05158e-05 0.310236 0.000697691 0.00433867 0.00230687 0.00652877 0.000472146 0.00734821 0.0127951 0.465927 0.0858941 0.0311166 6.37018e-06 0.0438441 0.00151882 0.000585045 5.63395e-08 0.00199909 0.0235514 0.000366798 0.000457218 
2.81728e-05 0.205166 0.0325927 0.00251055 0.047664 0.0270855 2.38224e-06 0.0409472 0.0389967 0.245182 0.00243893 0.0746636 1.02891e-05 0.233792 0.000975887 0.0293324 0.00136964 0.00088248 0.014784 0.000350724 0.00122459 
4.87726e-05 0.0477601 0.0103836 0.00837226 0.0359122 0.00339717 1.14342e-06 0.00187 0.0559134 0.315968 0.00171778 0.111009 3.36114e-06 0.0810558 0.00628773 0.0231393 1.14182e-07 0.00132564 0.292165 0.000598377 0.00307098 
2.11402e-05 0.132603 0.00513624 0.000983806 0.00336212 0.000185927 2.14553e-05 0.000351073 0.0259549 0.732182 4.74336e-05 0.0137145 7.14958e-07 0.016516 0.00789697 0.0014617 5.53909e-12 0.00442267 0.0468702 6.82871e-05 0.00819979 
3.03371e-06 0.0781583 0.000227962 0.00321849 0.000607807 0.000650773 8.127e-06 0.00763056 0.0037606 0.889196 0.000687692 0.000825934 8.4167e-07 0.0102707 0.000716788 0.000142867 4.03346e-10 0.00105806 0.00240211 6.0354e-05 0.000372729 
6.36894e-05 0.00362138 0.00821304 0.00230446 0.0723246 0.00429309 0.000299046 0.000405431 0.0424144 0.700834 2.20825e-05 0.00192395 7.57813e-06 0.00416819 0.000462892 0.0102465 1.33635e-12 0.00214983 0.130129 0.0160892 2.75976e-05 
9.31873e-06 0.436722 0.000580425 8.47845e-05 9.64512e-05 1.47895e-05 2.20835e-06 0.00647783 0.00885608 0.515973 2.42e-05 0.00140299 2.18514e-08 0.0115798 0.00758295 3.40803e-07 8.27822e-12 7.05016e-05 0.0105034 1.14079e-06 1.82301e-05 
2.12858e-06 0.0971549 0.000427826 0.00119673 0.00549181 0.00479888 1.25428e-05 0.0194555 0.00519462 0.711891 1.86079e-05 0.0003084 2.59345e-08 0.145539 0.000314497 1.93837e-05 1.68367e-12 0.00309728 0.00504948 1.38498e-05 1.32045e-05 
0.00160924 0.358617 0.00872681 0.010744 0.0221112 0.0112091 0.00135468 0.0144008 0.0441714 0.375389 0.00637176 0.0224774 0.000737014 0.044706 0.00936065 0.00391013 2.18551e-05 0.0106162 0.0473725 0.00206696 0.00402677 
9.82251e-05 0.10948 0.0013705 0.000680587 0.00380681 9.06205e-06 6.44478e-09 0.00110245 0.0168053 0.773767 1.4927e-05 0.00953673 5.25328e-12 0.00535955 0.0483083 3.46249e-05 8.71531e-12 0.00492015 0.0244532 3.8822e-05 0.000213446 
5.97942e-05 0.162073 0.000607258 0.000227103 0.00174048 0.000163311 3.56655e-05 0.000809913 0.0597962 0.667327 0.000579596 0.00715392 5.08528e-07 0.00667878 0.0665687 0.00178644 3.39973e-07 0.00263531 0.0181186 8.25167e-05 0.00355563 
1.55016e-05 0.0290851 0.00318176 0.00229501 0.016222 0.00349697 1.00198e-05 0.000610595 0.0286809 0.822377 8.97915e-05 0.00323074 1.27674e-06 0.0573162 0.00122466 0.0030179 3.09607e-12 0.00877617 0.0128055 0.000483151 0.00708003 
2.44278e-07 0.0626855 7.39341e-05 0.00018819 0.000523312 0.00318784 1.20023e-09 8.50945e-05 0.0531947 0.831723 0.00019844 0.00145784 1.13809e-10 0.00922188 0.00153472 0.000393591 3.42867e-08 0.000808334 0.0333353 0.000943172 0.000444436 
0.00287515 0.0534893 0.0104843 0.00136998 0.0191313 0.00887721 0.00377949 0.00274333 0.0228366 0.709774 0.00082723 0.0281491 1.80934e-06 0.0590622 0.00858226 0.00256127 1.06928e-11 0.017624 0.0453955 0.00104497 0.00139098 
1.54089e-05 0.0627756 0.000369553 0.00077443 0.00505193 0.000850801 1.79544e-06 0.0156537 0.0055823 0.851275 8.5069e-05 0.00119585 9.40737e-08 0.0484982 0.00184727 0.000154462 1.53131e-08 0.00322867 0.00259317 2.95863e-06 4.38427e-05 
1.25385e-05 0.111231 0.000153336 0.000179908 0.000143859 2.88621e-09 0.000475204 0.0014009 0.00408978 0.849816 2.98043e-05 0.0106835 4.9308e-06 0.0014099 0.0193554 0.000225055 1.99156e-08 6.49372e-05 0.000501543 2.11944e-05 0.000201033 
5.53083e-06 0.0641647 0.00372368 0.000746997 0.0741675 0.00275914 8.94444e-05 0.217021 0.00712537 0.571551 2.31435e-05 0.000458266 1.31627e-05 0.0302457 0.00362394 0.00113376 3.08222e-10 0.00359783 0.0194591 3.29568e-05 5.73834e-05 
2.44278e-07 0.0626855 7.39341e-05 0.00018819 0.000523312 0.00318784 1.20023e-09 8.50945e-05 0.0531947 0.831723 0.00019844 0.00145784 1.13809e-10 0.00922188 0.00153472 0.000393591 3.42867e-08 0.000808334 0.0333353 0.000943172 0.000444436 
7.65188e-06 0.363693 0.00360249 0.00815099 0.02043 0.00158085 2.88086e-06 0.0334069 0.0516386 0.382198 0.00122496 0.0465424 1.03034e-05 0.0405163 0.00536815 0.00139932 9.1142e-08 0.0238014 0.0118588 0.00444344 0.000123944 
2.47431e-07 0.163609 7.39488e-05 0.000188218 0.000523346 0.0080937 2.76327e-09 0.000288547 0.0573813 0.717682 0.000198472 0.00145788 2.67735e-10 0.009222 0.00150925 0.000393629 3.62416e-08 0.000808384 0.0369328 0.00119281 0.000444546 
3.59022e-05 0.133873 0.00125072 0.00129717 0.00635546 0.00209045 6.16962e-06 0.0120098 0.0128075 0.71793 2.29258e-05 0.00316817 2.5948e-08 0.0732862 0.0114763 4.8129e-05 2.34522e-10 0.00570631 0.0185018 3.51529e-05 9.80561e-05 
6.9671e-05 0.29742 0.00109675 0.000341535 0.00048989 7.25729e-05 1.51904e-08 0.000122904 0.0163206 0.64784 0.000719317 0.00102368 2.21335e-07 0.00852498 0.0146025 0.000236411 1.76566e-08 0.000815514 0.00975496 3.16676e-05 0.000516105 
1.60159e-09 0.26272 0.00398999 0.00200181 0.000863312 0.00106154 1.7757e-05 0.00276115 0.0124063 0.653639 6.824e-05 0.00308902 4.07179e-08 0.0135162 0.00159377 0.000453104 5.32035e-11 0.000351758 0.0414183 2.50852e-05 2.35647e-05 
3.48314e-06 0.0669015 0.00028735 0.000460151 0.000856606 8.63613e-05 1.71229e-05 6.32407e-09 0.00197927 0.913503 0.000586934 0.00943178 6.72489e-09 0.000260223 0.00060962 0.000721005 1.27419e-09 0.000632138 0.000689871 0.000691078 0.00228232 
1.42236e-06 0.0154992 0.00938129 0.00308953 0.0015862 0.00412616 8.90567e-10 0.00158136 0.0248925 0.909907 0.000681848 0.00120379 2.88904e-07 7.10718e-06 3.97264e-07 0.0248588 6.83501e-12 7.9246e-05 0.00231841 0.000463754 0.00032123 
0.000465617 0.0917783 0.005106 0.0203521 0.0616451 0.0138937 5.59857e-06 0.00542707 0.0433681 0.596429 0.000468162 0.00813295 2.74553e-06 0.0696823 0.00258893 0.0022098 3.61618e-06 0.0347233 0.0388229 0.00252573 0.00236936 
3.09618e-06 0.0931011 0.00128669 0.00143521 0.00310424 0.00222247 1.38793e-05 0.0721194 0.00621061 0.769493 0.000460917 0.00106623 3.6077e-09 0.0408282 0.00060054 0.000197418 2.69717e-12 0.00444762 0.00332611 2.82481e-05 5.48683e-05 
4.25309e-07 0.221726 0.000223835 0.00473674 0.0245327 0.00468041 3.91812e-06 0.000959422 0.303465 0.331249 0.000338115 0.00493537 6.72588e-07 0.0849688 0.000302666 0.000547855 2.82386e-09 0.00191493 0.0153538 1.70516e-05 4.33369e-05 
1.03107e-06 0.124608 0.000242896 0.000963735 0.00123709 0.000262426 5.07112e-10 0.376569 0.00524084 0.473482 0.000318819 0.00129151 1.10407e-12 0.0102441 0.000901585 0.000124629 1.83168e-12 0.0037568 0.000661189 3.71485e-07 9.48614e-05 
6.58022e-05 0.249916 0.0198703 0.00595296 0.0256564 0.00997362 0.000323382 0.00562652 0.043677 0.416797 0.0485137 0.0143225 6.6968e-06 0.0734406 0.00875482 0.00293182 2.58939e-06 0.0164035 0.0467127 0.00129692 0.00975522 
0.00932762 0.053097 0.0111066 0.0192013 0.0986632 0.00347215 0.00111627 0.00518778 0.104983 0.266554 0.00011038 0.0280811 2.13885e-05 0.035424 0.0541126 0.00261273 7.68131e-11 0.0805186 0.224826 0.000701295 0.000883283 
4.96475e-05 0.143986 0.00226444 0.00520383 0.0573008 0.00368427 1.2243e-06 0.0131775 0.0106437 0.638499 3.20068e-05 0.00584802 2.45479e-05 0.0517132 0.0114242 0.00481997 3.31743e-11 0.00208784 0.0491976 1.94428e-05 2.22431e-05 
1.13096e-05 0.0989903 0.000850829 0.000333882 0.000981652 5.62606e-05 1.62099e-05 0.000520113 0.035506 0.812358 0.00103018 0.00603303 9.09279e-07 0.00910953 0.00920855 0.000601151 1.41473e-09 0.00208151 0.0210267 6.56994e-05 0.00121869 
7.03225e-06 0.112616 0.000312161 0.00346294 0.00489913 0.00262026 3.68462e-07 0.105134 0.00277725 0.738384 3.02714e-05 0.00122674 0.000510153 0.0195594 0.00230962 0.000699302 3.36016e-09 0.0030005 0.00231113 5.5774e-08 0.000140314 
2.86545e-05 0.252242 0.0103875 0.0180249 0.0289674 0.0361916 7.38668e-06 0.0104925 0.061221 0.456337 0.00206429 0.0155846 0.000497069 0.0777572 0.00438656 0.00196455 8.45999e-09 0.00422484 0.0179697 9.20519e-06 0.00164234 
6.3916e-06 0.40699 0.00218802 0.00110568 0.000101098 8.52093e-05 0.000459778 0.000368497 0.00665557 0.453109 0.000241395 0.01485 1.32872e-08 0.00939429 0.0919146 0.00677824 1.46009e-10 3.67606e-05 0.00563301 3.33168e-05 4.86997e-05 
1.40603e-05 0.373079 0.00454097 0.00998655 0.0167393 0.00216201 4.07526e-06 0.0287543 0.056689 0.375137 0.00116675 0.0442756 0.00294625 0.0367922 0.00504847 0.00138325 1.46168e-05 0.0224596 0.0144284 0.00424713 0.000131491 
3.71585e-05 0.000737949 0.00548838 0.00139591 0.0666001 0.00658464 0.00399265 0.000128883 0.0235254 0.778108 3.61141e-06 0.000722209 7.67641e-06 0.00175496 0.000247707 0.00833745 4.61331e-09 0.000820525 0.0953863 0.00611424 6.46941e-06 
5.20041e-10 0.00507732 0.000516198 0.00146702 0.0149394 0.0224649 0.000269989 0.000160869 0.00419459 0.929897 9.78606e-06 0.000121051 5.22146e-06 0.00820513 1.94182e-05 0.00333002 2.22867e-09 3.26858e-06 0.00852449 0.00076193 3.25347e-05 
6.4324e-05 0.0911275 0.00266037 0.000799509 0.000135308 5.43794e-05 0.00795213 0.000691116 0.0147917 0.765977 0.00079495 0.0500734 2.01988e-06 0.00675275 0.00189646 0.00353771 6.70657e-12 0.000476137 0.0504752 7.17687e-05 0.00166641 
8.6482e-06 0.127356 0.00243151 0.000286352 0.000553442 3.18825e-05 2.14665e-05 0.000266156 0.0113458 0.814945 3.08014e-05 0.0128891 1.95327e-07 0.00628966 0.00229951 0.00121543 8.72335e-12 0.000558795 0.0182025 6.66903e-06 0.00126186 
3.32394e-05 0.175925 0.0587511 0.0356822 0.0105697 0.0104106 0.00302556 0.000907323 0.147683 0.216944 0.00285404 0.04909 3.16249e-06 0.0915114 0.00563138 0.0111794 2.17316e-05 0.0093953 0.163941 0.00386732 0.00257424 
4.60434e-06 0.00466171 0.000384522 0.000202404 0.0209242 0.00602463 1.81273e-06 1.53013e-08 0.00509734 0.870502 6.61346e-09 6.66134e-07 4.54821e-07 0.0883528 2.6374e-05 0.000322799 5.30801e-12 0.00343601 9.97898e-09 3.62878e-05 2.09736e-05 
8.58112e-06 0.0422468 0.00238837 0.0015178 0.00566398 0.000434269 1.28319e-05 0.000658644 0.0363942 0.847937 9.5849e-05 0.00481945 1.00597e-06 0.0213857 0.00166098 0.00269726 5.14974e-12 0.00823925 0.0172664 0.000408004 0.00616319 
9.82251e-05 0.10948 0.0013705 0.000680587 0.00380681 9.06205e-06 6.44478e-09 0.00110245 0.0168053 0.773767 1.4927e-05 0.00953673 5.25328e-12 0.00535955 0.0483083 3.46249e-05 8.71531e-12 0.00492015 0.0244532 3.8822e-05 0.000213446 
0.0128616 0.369506 0.00756664 0.0223955 0.0181556 0.0171426 0.00398886 0.00747795 0.0371335 0.379201 0.000497818 0.0279482 3.13053e-06 0.0393229 0.0121255 0.00192858 5.40103e-05 0.0143918 0.0262186 0.000667052 0.00141358 
9.31873e-06 0.436722 0.000580425 8.47845e-05 9.64512e-05 1.47895e-05 2.20835e-06 0.00647783 0.00885608 0.515973 2.42e-05 0.00140299 2.18514e-08 0.0115798 0.00758295 3.40803e-07 8.27822e-12 7.05016e-05 0.0105034 1.14079e-06 1.82301e-05 
1.03107e-06 0.124608 0.000242896 0.000963735 0.00123709 0.000262426 5.07112e-10 0.376569 0.00524084 0.473482 0.000318819 0.00129151 1.10407e-12 0.0102441 0.000901585 0.000124629 1.83168e-12 0.0037568 0.000661189 3.71485e-07 9.48614e-05 
0.00019138 0.0684136 0.0164201 0.0100489 0.0201352 0.00476704 0.01624 0.00151108 0.0313289 0.453441 0.000722119 0.106978 1.76664e-05 0.162287 0.00695979 0.0185426 5.08034e-09 0.00559228 0.0759436 0.000143425 0.000317294 
3.25818e-06 0.171348 0.00106765 0.00276173 0.00494502 0.018699 4.64642e-06 0.00960697 0.0483472 0.62077 0.000338579 0.000970255 1.16594e-08 0.0767295 0.00139088 0.000677779 8.86735e-09 0.00301615 0.0385365 0.000522127 0.000265353 
1.87183e-05 0.201723 0.00471659 0.00615095 0.0128603 0.0352307 7.66058e-05 0.00946788 0.00590288 0.63279 3.72012e-05 0.0066386 0.00598073 0.0253028 0.00322017 0.00101107 6.96683e-07 0.0326939 0.0157074 2.92438e-06 0.000467256 
9.52478e-05 0.140532 0.00177592 0.00076747 0.00538202 0.000279613 0.00183447 0.0816265 0.0121453 0.67222 0.00123277 0.0189763 2.83875e-05 0.0218217 0.0132794 0.00124766 1.00491e-05 0.00238635 0.0187599 6.83199e-05 0.00553055 
4.7836e-05 0.15995 0.000485808 0.000181684 0.00139239 0.00013065 2.85334e-05 0.000808173 0.0481188 0.702395 0.000482862 0.00607948 4.65024e-07 0.00534303 0.0534856 0.00149778 2.72137e-07 0.00210825 0.0145534 6.60148e-05 0.00284451 
4.25726e-06 0.18954 0.00743148 0.000495418 0.0239799 0.00591992 1.12055e-05 0.000315982 0.0690846 0.386436 0.00158632 0.00616959 9.50593e-07 0.0388577 0.00453844 0.0129929 2.61504e-06 0.242484 0.00976826 3.7698e-05 0.000343452 
2.11946e-05 0.149492 0.00249772 0.00833666 0.00392673 0.00181869 1.24024e-05 0.00201994 0.0566139 0.691127 0.00221481 0.0137513 5.24117e-07 0.0159197 0.0118843 0.00319164 1.19189e-05 0.00340668 0.0280644 0.00373579 0.00195267 
3.81357e-05 0.075339 0.00117675 0.00127571 0.00526549 0.00248551 1.81822e-06 0.0145196 0.0195099 0.829063 0.000103846 0.00450978 3.68711e-05 0.0159768 0.00863242 0.000809375 1.29228e-07 0.00568637 0.0141829 0.000131939 0.00125466 
