0.687716 0.0260943 0.102974 0.178809 0.00440751 
0.866745 0.000104035 0.0177047 0.113903 0.00154336 
0.896565 0.00400763 0.0287256 0.0692334 0.00146849 
0.797942 0.00107976 0.0479125 0.151083 0.00198326 
0.617723 0.000149373 0.0672629 0.309219 0.0056461 
0.822625 0.00199554 0.0556691 0.11849 0.00122032 
0.832073 0.00218909 0.011357 0.154217 0.000163664 
0.685331 0.000163276 0.0737451 0.23453 0.0062307 
0.359505 0.00986594 0.16306 0.359376 0.108192 
0.6818 7.03043e-05 0.0660248 0.244761 0.00734361 
0.5814 0.0480809 0.0584531 0.305091 0.00697558 
0.736774 0.0532335 0.0400378 0.167594 0.00236016 
0.484092 8.42912e-06 0.122696 0.37534 0.0178628 
0.444146 2.51055e-07 0.423878 0.131231 0.000744626 
0.798596 0.00102861 0.0292765 0.170992 0.000106859 
0.736221 3.95626e-05 0.0866056 0.177069 6.53095e-05 
0.736221 3.95626e-05 0.0866056 0.177069 6.53095e-05 
0.764348 0.000179214 0.0743254 0.158407 0.00274114 
0.757829 6.96206e-05 0.102977 0.137507 0.00161753 
0.736221 3.95626e-05 0.0866056 0.177069 6.53095e-05 
0.699778 5.28778e-06 0.0235215 0.274367 0.0023282 
0.53529 0.00870371 0.435691 0.0129294 0.00738664 
0.736221 3.95626e-05 0.0866056 0.177069 6.53095e-05 
0.948231 0.000488369 0.0473713 0.00308228 0.000827079 
0.522716 0.000139916 0.129509 0.300603 0.0470317 
0.510999 0.00342736 0.0595166 0.418819 0.00723799 
0.600884 0.00261213 0.216505 0.153033 0.0269657 
0.448455 0.00562391 0.190129 0.270866 0.0849266 
0.503581 0.00270605 0.0997682 0.367133 0.0268121 
0.52689 0.000392937 0.0511228 0.421286 0.00030802 
0.367786 0.01147 0.364037 0.185534 0.0711729 
0.597356 2.1872e-05 0.210196 0.124019 0.0684064 
0.706745 0.000283426 0.0175479 0.270685 0.00473887 
0.777935 8.05165e-05 0.12594 0.0956375 0.000406951 
0.946536 2.25212e-05 0.04165 0.0116044 0.00018728 
0.588001 6.68063e-06 0.0494965 0.358437 0.00405878 
0.671708 8.91256e-05 0.0939118 0.214774 0.0195167 
0.86096 0.000128675 0.0207654 0.116786 0.00135957 
0.777935 8.05165e-05 0.12594 0.0956375 0.000406951 
0.377852 0.000422296 0.1572 0.343244 0.121282 
0.554767 0.000376669 0.00880596 0.17195 0.2641 
0.611874 0.0392654 0.132509 0.206124 0.0102272 
0.760283 0.037748 0.0684363 0.128434 0.00509886 
0.359505 0.00986594 0.16306 0.359376 0.108192 
0.348307 0.129683 0.11955 0.290084 0.112376 
0.364007 0.000244884 0.295545 0.335937 0.00426667 
0.535396 0.0927219 0.0605899 0.300399 0.0108939 
0.720778 0.0498477 0.0976083 0.129066 0.00269996 
0.861091 8.27867e-06 0.00480411 0.133727 0.000369576 
0.54583 0.000199261 0.0599262 0.38558 0.0084642 
0.815443 0.00017851 0.0227761 0.161403 0.000199496 
0.482065 0.000233082 0.1255 0.39216 4.14679e-05 
0.521474 0.000544758 0.0535284 0.407047 0.017406 
0.348553 3.59595e-05 0.331818 0.288889 0.030704 
0.585825 0.00269532 0.0154379 0.141019 0.255023 
0.434584 0.0193175 0.171636 0.27407 0.100392 
0.60799 0.0337423 0.0863803 0.269869 0.00201811 
0.793494 0.000417149 0.0191819 0.146812 0.0400944 
0.507187 0.00370604 0.103345 0.362344 0.0234176 
0.736221 3.95626e-05 0.0866056 0.177069 6.53095e-05 
0.736221 3.95626e-05 0.0866056 0.177069 6.53095e-05 
0.445268 0.00012067 0.27214 0.173752 0.108719 
0.634561 0.00100826 0.159736 0.129151 0.0755433 
0.460202 0.000846943 0.07262 0.458326 0.00800548 
0.718571 0.0895848 0.0107868 0.159588 0.0214697 
0.847642 7.87525e-05 0.0258548 0.124434 0.00199064 
0.710786 0.0202151 0.0625734 0.192216 0.0142101 
0.663385 0.000136567 0.0195723 0.311697 0.00520906 
0.72462 2.59906e-05 0.055241 0.219434 0.000679838 
0.63468 0.000615291 0.114604 0.23872 0.0113811 
0.896565 0.00400763 0.0287256 0.0692334 0.00146849 
0.608791 0.00107118 0.0643151 0.262034 0.0637882 
0.736221 3.95626e-05 0.0866056 0.177069 6.53095e-05 
0.473818 0.0203836 0.0471289 0.406812 0.0518572 
0.451492 3.43141e-05 0.0941057 0.446365 0.00800259 
0.807417 0.000565017 0.0165096 0.174858 0.000650156 
0.490397 0.00200764 0.0482049 0.408827 0.0505643 
0.540955 0.0834841 0.0238023 0.348746 0.00301288 
0.782847 0.000433037 0.065395 0.138511 0.0128135 
0.520748 0.000198617 0.0926692 0.365115 0.021269 
0.736221 3.95626e-05 0.0866056 0.177069 6.53095e-05 
0.719257 0.00129787 0.00108744 0.263511 0.014846 
0.483776 0.000101895 0.219051 0.237101 0.0599703 
0.777935 8.05165e-05 0.12594 0.0956375 0.000406951 
0.334486 0.000102651 0.201956 0.190528 0.272927 
0.367047 0.000113989 0.149028 0.276492 0.20732 
0.736221 3.95626e-05 0.0866056 0.177069 6.53095e-05 
0.502668 0.000158991 0.0481915 0.442505 0.00647666 
0.572065 0.000374559 0.133357 0.244451 0.0497529 
0.645272 0.000305483 0.0261439 0.311982 0.0162968 
0.368247 0.000244932 0.3534 0.0497106 0.228398 
0.883857 0.0415131 0.0168824 0.0556185 0.00212868 
0.407621 0.0130722 0.133052 0.353834 0.0924197 
0.645272 0.000305483 0.0261439 0.311982 0.0162968 
0.550766 8.72699e-05 0.387625 0.0608115 0.000709637 
0.533927 0.00040935 0.155079 0.276983 0.033601 
0.497604 0.00677565 0.0935302 0.397028 0.00506291 
0.580911 0.000351373 0.0909501 0.322755 0.005033 
0.602003 0.0262278 0.0268716 0.105629 0.239269 
0.803982 0.000147753 0.0697234 0.122527 0.00361915 
0.643209 0.000132138 0.0474343 0.301919 0.00730471 
0.880321 5.16365e-05 0.0232721 0.095504 0.000851444 
0.685331 0.000163276 0.0737451 0.23453 0.0062307 
0.472996 7.56687e-05 0.118123 0.371841 0.0369645 
0.630445 8.19852e-05 0.0351932 0.332305 0.00197395 
0.520406 0.00643784 0.0485106 0.421493 0.0031528 
0.540661 0.0739538 0.288833 0.0724597 0.0240927 
0.790947 0.000137315 0.0151384 0.193468 0.000309991 
0.57661 3.38097e-05 0.0673993 0.346271 0.00968588 
0.361025 0.000183525 0.349092 0.261785 0.0279137 
0.614513 0.00468476 0.326927 0.0498275 0.00404764 
0.585825 0.00269532 0.0154379 0.141019 0.255023 
0.932443 0.00383644 0.00618756 0.0574346 9.87248e-05 
0.685331 0.000163276 0.0737451 0.23453 0.0062307 
0.805854 0.000284575 0.0443457 0.148127 0.00138796 
0.523388 0.000268637 0.0621785 0.366823 0.0473417 
0.790947 0.000137315 0.0151384 0.193468 0.000309991 
0.60799 0.0337423 0.0863803 0.269869 0.00201811 
0.704276 5.69869e-05 0.104258 0.190698 0.000710363 
0.736221 3.95626e-05 0.0866056 0.177069 6.53095e-05 
0.725052 0.000175301 0.00534234 0.269367 6.27308e-05 
0.562236 0.134487 0.0545062 0.130181 0.11859 
0.368799 0.000596321 0.244648 0.34112 0.0448363 
0.993656 4.45788e-08 0.00204135 0.00429545 6.86167e-06 
0.777935 8.05165e-05 0.12594 0.0956375 0.000406951 
0.457806 9.45759e-05 0.14296 0.354918 0.0442226 
0.656419 0.000146059 0.0383819 0.299565 0.00548796 
0.510038 5.97304e-06 0.0459792 0.398014 0.0459628 
0.932443 0.00383644 0.00618756 0.0574346 9.87248e-05 
0.660903 0.00018661 0.057095 0.278056 0.00376008 
0.337865 0.000434709 0.067961 0.337059 0.25668 
0.895833 4.67221e-06 0.00538295 0.0883897 0.0103894 
0.879064 2.73548e-05 0.00178098 0.117769 0.0013586 
0.801404 0.0023561 0.0166212 0.111356 0.0682627 
0.645272 0.000305483 0.0261439 0.311982 0.0162968 
0.803982 0.000147753 0.0697234 0.122527 0.00361915 
0.641125 0.000468643 0.0690614 0.246048 0.0432966 
0.45616 0.00955693 0.0794095 0.452816 0.00205814 
0.684502 0.000405455 0.0540306 0.25775 0.00331124 
0.671874 0.000124446 0.0356065 0.251256 0.0411384 
0.52732 0.00252798 0.39962 0.067292 0.00323959 
0.807417 0.000565017 0.0165096 0.174858 0.000650156 
0.376458 1.15647e-05 0.35659 0.264867 0.00207318 
0.736221 3.95626e-05 0.0866056 0.177069 6.53095e-05 
0.516714 8.08315e-06 0.115348 0.367893 3.76274e-05 
0.736221 3.95626e-05 0.0866056 0.177069 6.53095e-05 
0.619708 0.0010752 0.0986611 0.277831 0.00272419 
0.681978 0.0247385 0.179337 0.0407285 0.0732175 
0.62999 0.00138218 0.115568 0.152645 0.100415 
0.496267 0.12815 0.0488014 0.303696 0.0230856 
0.609573 0.000145694 0.12945 0.260187 0.000644342 
0.643776 0.000176289 0.0293026 0.326396 0.000349131 
0.915532 4.687e-05 0.0225678 0.0613859 0.000467509 
0.483574 2.62675e-05 0.0565792 0.459335 0.000485453 
0.528007 0.0357774 0.0813668 0.28003 0.0748187 
0.896565 0.00400763 0.0287256 0.0692334 0.00146849 
0.795793 8.76219e-07 0.00301838 0.199904 0.00128306 
0.456342 0.0109846 0.116086 0.411676 0.0049113 
0.588949 0.0252292 0.16724 0.204685 0.0138972 
0.53486 5.94725e-05 0.0920844 0.368688 0.00430731 
0.649674 3.30572e-05 0.126905 0.217111 0.00627666 
0.607776 0.00011008 0.0811028 0.180892 0.130119 
0.540783 0.0543635 0.015578 0.383685 0.00559106 
0.596132 7.19945e-08 0.000378917 0.0120129 0.391476 
0.803982 0.000147753 0.0697234 0.122527 0.00361915 
0.61367 2.34226e-05 0.0333593 0.348047 0.00489987 
0.498887 6.79464e-06 0.441519 0.0202462 0.0393412 
0.757948 0.00089327 0.0892867 0.150687 0.00118436 
0.82367 0.107046 0.00817498 0.0547045 0.00640445 
0.788974 0.00013642 0.123891 0.0531902 0.0338084 
0.650766 0.00459067 0.0555714 0.287318 0.00175414 
0.626052 0.000402973 0.0115747 0.344287 0.0176837 
0.72462 2.59906e-05 0.055241 0.219434 0.000679838 
0.581632 0.00128694 0.0693156 0.340624 0.00714088 
0.814946 0.0815828 0.0766484 0.0223775 0.00444545 
0.436378 0.0021922 0.0792369 0.401092 0.0811009 
0.833703 0.000135046 0.016594 0.149013 0.000554315 
0.879064 2.73548e-05 0.00178098 0.117769 0.0013586 
0.777935 8.05165e-05 0.12594 0.0956375 0.000406951 
0.553807 0.000141001 0.0575096 0.341173 0.0473693 
0.483574 2.62675e-05 0.0565792 0.459335 0.000485453 
0.736221 3.95626e-05 0.0866056 0.177069 6.53095e-05 
0.685331 0.000163276 0.0737451 0.23453 0.0062307 
0.795793 8.76219e-07 0.00301838 0.199904 0.00128306 
0.433423 0.00177403 0.13884 0.41949 0.0064732 
0.840953 0.000105817 0.0505389 0.106527 0.00187492 
0.472996 7.56687e-05 0.118123 0.371841 0.0369645 
0.736221 3.95626e-05 0.0866056 0.177069 6.53095e-05 
0.764777 0.00224184 0.175617 0.040001 0.017363 
0.736221 3.95626e-05 0.0866056 0.177069 6.53095e-05 
0.857326 0.000187716 0.0107084 0.130574 0.00120401 
0.727213 8.89892e-05 0.00700224 0.259962 0.00573351 
0.814946 0.0815828 0.0766484 0.0223775 0.00444545 
0.685331 0.000163276 0.0737451 0.23453 0.0062307 
0.627614 7.82799e-05 0.0795296 0.288782 0.00399633 
0.535859 8.06805e-05 0.0337794 0.426864 0.00341689 
0.626052 0.000402973 0.0115747 0.344287 0.0176837 
0.685331 0.000163276 0.0737451 0.23453 0.0062307 
0.964242 0.000344632 0.000475219 0.0348988 3.97094e-05 
0.736758 1.31685e-05 0.0930434 0.170065 0.000120684 
0.780325 0.0033753 0.0703244 0.144983 0.000991647 
0.625553 0.00396233 0.0386465 0.326484 0.00535443 
0.402354 0.00030705 0.0343721 0.390256 0.172711 
0.655356 0.00118633 0.143171 0.195442 0.00484504 
0.478752 5.69216e-05 0.154803 0.365216 0.00117265 
0.691977 0.000341504 0.123122 0.182764 0.00179457 
0.814946 0.0815828 0.0766484 0.0223775 0.00444545 
0.642791 9.7343e-05 0.0430219 0.311338 0.0027522 
0.51827 0.000431531 0.333023 0.0839129 0.0643624 
0.582143 1.95797e-05 0.0180067 0.389659 0.0101723 
0.879064 2.73548e-05 0.00178098 0.117769 0.0013586 
0.896565 0.00400763 0.0287256 0.0692334 0.00146849 
0.51834 0.0509542 0.0948436 0.326354 0.00950769 
0.465228 0.0540837 0.0340172 0.404743 0.0419278 
0.399952 0.189162 0.137231 0.224584 0.0490708 
0.71428 0.00184187 0.174366 0.107687 0.00182548 
0.690811 0.00682235 0.0822817 0.192994 0.0270912 
0.685331 0.000163276 0.0737451 0.23453 0.0062307 
0.405325 0.0127527 0.21623 0.336331 0.029362 
0.599981 0.000132068 0.0582054 0.337417 0.0042644 
0.731056 0.000140295 0.000516215 0.262776 0.00551106 
0.535197 0.000578967 0.182579 0.276082 0.0055626 
0.544632 0.000893703 0.0818777 0.372253 0.000343 
0.573683 0.00192569 0.140135 0.278643 0.00561356 
0.389418 7.56975e-05 0.293179 0.249582 0.0677457 
0.669638 0.0112762 0.0618415 0.248591 0.00865395 
0.493568 3.94932e-05 0.0172173 0.487081 0.00209474 
0.465488 1.10699e-05 0.112603 0.403813 0.0180848 
0.477784 0.0001468 0.205134 0.260408 0.0565274 
0.526082 0.000321974 0.0786376 0.391609 0.00334954 
0.777935 8.05165e-05 0.12594 0.0956375 0.000406951 
0.565743 0.000153444 0.240195 0.167189 0.0267192 
0.736221 3.95626e-05 0.0866056 0.177069 6.53095e-05 
0.866352 0.0467094 0.0191183 0.064788 0.00303263 
0.360209 5.14432e-05 0.226577 0.21143 0.201732 
0.540548 0.000299446 0.00993057 0.449098 0.000124805 
0.5777 0.00574657 0.0872667 0.284501 0.0447851 
0.640328 0.00992451 0.119707 0.213704 0.0163366 
0.724568 0.00164795 0.0496799 0.219258 0.00484698 
0.634715 0.0490162 0.116965 0.176786 0.0225181 
0.973153 3.20137e-05 0.0260291 0.000592772 0.000193488 
0.640479 0.000258555 0.0337842 0.299944 0.0255337 
0.375424 0.000446475 0.239787 0.291464 0.0928792 
0.611083 0.032144 0.101687 0.248771 0.00631494 
0.736221 3.95626e-05 0.0866056 0.177069 6.53095e-05 
0.514103 4.10138e-06 0.0383341 0.444974 0.0025854 
0.586186 0.000370463 0.0091558 0.380078 0.0242098 
0.496783 0.000966795 0.169445 0.323262 0.00954347 
0.798596 0.00102861 0.0292765 0.170992 0.000106859 
0.736221 3.95626e-05 0.0866056 0.177069 6.53095e-05 
0.736221 3.95626e-05 0.0866056 0.177069 6.53095e-05 
0.579866 0.00286818 0.0835797 0.327051 0.0066349 
0.688228 0.0365951 0.061556 0.211856 0.00176424 
0.594114 7.6582e-07 0.0984208 0.302161 0.00530332 
0.456644 0.000347164 0.112429 0.418794 0.0117854 
0.788974 0.00013642 0.123891 0.0531902 0.0338084 
0.578459 0.00280564 0.190534 0.218434 0.00976749 
0.496783 0.000966795 0.169445 0.323262 0.00954347 
0.610384 0.0334932 0.0338964 0.209836 0.112391 
0.661563 0.0520042 0.0390019 0.16928 0.0781507 
0.685331 0.000163276 0.0737451 0.23453 0.0062307 
0.652476 1.06664e-05 0.103668 0.243708 0.00013679 
0.803982 0.000147753 0.0697234 0.122527 0.00361915 
0.854625 2.55405e-05 0.00113942 0.144199 1.05166e-05 
0.415565 0.00797397 0.350708 0.205494 0.0202593 
0.955239 2.05585e-05 0.00225567 0.0279144 0.0145703 
0.578459 0.00280564 0.190534 0.218434 0.00976749 
0.883857 0.0415131 0.0168824 0.0556185 0.00212868 
0.777935 8.05165e-05 0.12594 0.0956375 0.000406951 
0.734653 0.0805377 0.0401457 0.144443 0.000220952 
0.491373 8.77779e-05 0.292589 0.151857 0.0640933 
0.433622 8.96009e-05 0.198483 0.237208 0.130597 
0.80312 2.53758e-05 0.0536758 0.141698 0.00148091 
0.504186 6.41268e-05 0.0584384 0.435852 0.00145986 
0.893508 0.00232961 0.0247669 0.0777998 0.00159578 
0.823274 2.0714e-05 0.052173 0.124439 9.33426e-05 
0.361562 0.0507632 0.207185 0.332242 0.0482485 
0.645064 0.00245569 0.0631317 0.278201 0.0111475 
0.577887 0.00105027 0.0846644 0.316317 0.0200816 
0.480876 0.0035923 0.0287045 0.404841 0.0819856 
0.935101 0.0067814 0.00795848 0.0491269 0.00103224 
0.472856 0.0062185 0.0680267 0.445351 0.00754839 
0.438655 0.000564266 0.138389 0.331848 0.0905432 
0.315365 0.00574427 0.209598 0.255843 0.21345 
0.709937 0.057062 0.0292363 0.201684 0.00208104 
0.518044 0.000122309 0.132529 0.295506 0.0537993 
0.780894 0.0565526 0.0485192 0.096721 0.0173129 
0.708168 0.000207996 0.0463407 0.216468 0.0288157 
0.788974 0.00013642 0.123891 0.0531902 0.0338084 
0.39906 0.000316088 0.226985 0.371954 0.00168616 
0.491267 5.31517e-05 0.0353031 0.471461 0.00191552 
0.807253 0.0260635 0.0197572 0.11703 0.0298957 
0.565495 0.000237951 0.0173783 0.377298 0.0395914 
0.585825 0.00269532 0.0154379 0.141019 0.255023 
0.681794 0.00179238 0.111444 0.203081 0.00188889 
0.777935 8.05165e-05 0.12594 0.0956375 0.000406951 
0.54326 0.0116141 0.0738422 0.344212 0.0270723 
0.856235 4.11885e-05 0.0239271 0.119712 8.47103e-05 
0.659063 5.07789e-05 0.0914768 0.242575 0.00683493 
0.54409 3.66945e-05 0.0574024 0.366002 0.0324688 
0.440465 0.000535544 0.041008 0.357994 0.159997 
0.661496 2.37498e-05 0.00556914 0.332254 0.000656383 
0.725697 0.000238857 0.0479944 0.223492 0.00257774 
0.833026 6.17483e-05 0.0179016 0.148884 0.000127014 
0.502668 0.000158991 0.0481915 0.442505 0.00647666 
0.757051 0.0849523 0.0424718 0.109011 0.00651439 
0.60664 0.00113492 0.00737514 0.378014 0.0068357 
0.549898 0.0048611 0.0727775 0.363818 0.00864499 
0.708678 0.135796 0.0438961 0.101654 0.00997602 
0.720536 0.000165463 0.0228993 0.252683 0.00371627 
0.449258 0.0485795 0.0836552 0.381409 0.0370977 
0.736221 3.95626e-05 0.0866056 0.177069 6.53095e-05 
0.50727 1.33871e-05 0.157841 0.21339 0.121485 
0.492875 0.0256571 0.0872077 0.391338 0.00292175 
0.833026 6.17483e-05 0.0179016 0.148884 0.000127014 
0.520379 0.00590218 0.0945233 0.370483 0.00871242 
0.455236 0.000138458 0.00338767 0.408167 0.133071 
0.568971 1.93419e-05 0.00935854 0.362716 0.0589351 
0.827394 0.000194536 3.83669e-05 0.168118 0.00425485 
0.736221 3.95626e-05 0.0866056 0.177069 6.53095e-05 
0.797623 9.79138e-05 0.0568652 0.144876 0.000538597 
0.444369 1.13739e-05 0.415337 0.100823 0.0394599 
0.597515 8.25204e-06 0.0015356 0.400919 2.21019e-05 
0.736221 3.95626e-05 0.0866056 0.177069 6.53095e-05 
0.807345 0.0871283 0.0106511 0.0900779 0.00479751 
0.517019 0.00653099 0.0954031 0.375405 0.00564201 
0.736221 3.95626e-05 0.0866056 0.177069 6.53095e-05 
0.877945 0.000196061 0.0163858 0.105473 4.39079e-09 
0.690561 0.00166111 0.0166773 0.234916 0.0561846 
0.736221 3.95626e-05 0.0866056 0.177069 6.53095e-05 
0.472996 7.56687e-05 0.118123 0.371841 0.0369645 
0.466068 0.000367663 0.0967327 0.407396 0.0294361 
0.558543 7.44131e-07 0.0411809 0.400248 2.7588e-05 
0.553759 0.000160653 0.0323821 0.412953 0.000745352 
0.3295 0.276826 0.139244 0.234514 0.0199162 
0.598341 0.000747264 0.00633519 0.28574 0.108837 
0.734653 0.0805377 0.0401457 0.144443 0.000220952 
0.82367 0.107046 0.00817498 0.0547045 0.00640445 
0.656684 3.60038e-05 0.0948056 0.248155 0.000319366 
0.649533 8.42256e-05 0.0027703 0.343228 0.00438463 
0.351555 0.100405 0.0334694 0.268335 0.246235 
0.591471 0.000498539 0.217706 0.189232 0.00109222 
0.334486 0.000102651 0.201956 0.190528 0.272927 
0.597356 2.1872e-05 0.210196 0.124019 0.0684064 
0.645272 0.000305483 0.0261439 0.311982 0.0162968 
0.868235 0.00320408 0.074255 0.054262 4.41769e-05 
0.814946 0.0815828 0.0766484 0.0223775 0.00444545 
0.613058 0.00194428 0.0612199 0.249047 0.0747308 
0.671184 0.0952901 0.0763677 0.140584 0.0165743 
0.376996 7.72828e-10 0.138365 0.193889 0.29075 
0.807345 0.0871283 0.0106511 0.0900779 0.00479751 
0.685331 0.000163276 0.0737451 0.23453 0.0062307 
0.337685 4.87278e-05 0.243375 0.33548 0.0834117 
0.6304 0.000309895 0.0628202 0.303046 0.00342298 
0.59241 4.03543e-05 0.0128689 0.394485 0.000195014 
0.49225 0.220895 0.267664 0.016876 0.0023162 
0.896565 0.00400763 0.0287256 0.0692334 0.00146849 
0.766848 0.000877084 0.083193 0.123295 0.0257869 
0.538277 0.000254044 0.0560253 0.341876 0.0635668 
0.63894 5.10334e-05 0.0315716 0.329356 8.09977e-05 
0.777935 8.05165e-05 0.12594 0.0956375 0.000406951 
0.736221 3.95626e-05 0.0866056 0.177069 6.53095e-05 
0.476213 0.00575207 0.39715 0.120397 0.000487243 
0.5777 0.00574657 0.0872667 0.284501 0.0447851 
0.685331 0.000163276 0.0737451 0.23453 0.0062307 
0.896565 0.00400763 0.0287256 0.0692334 0.00146849 
0.513074 0.0168212 0.0207236 0.439636 0.00974519 
0.736221 3.95626e-05 0.0866056 0.177069 6.53095e-05 
0.593874 3.97577e-05 0.0349549 0.368428 0.00270375 
0.498308 0.00101818 0.0960009 0.267902 0.136771 
0.548677 3.93402e-08 0.105355 0.317812 0.0281556 
0.524358 0.000308643 0.0503478 0.418347 0.00663862 
0.876004 0.00277514 0.0357838 0.0833813 0.00205588 
0.736221 3.95626e-05 0.0866056 0.177069 6.53095e-05 
0.472996 7.56687e-05 0.118123 0.371841 0.0369645 
0.38451 0.0597152 0.364206 0.164653 0.0269154 
0.74521 0.0710836 0.0478246 0.127753 0.00812876 
0.879064 2.73548e-05 0.00178098 0.117769 0.0013586 
0.667587 0.000156986 0.0255358 0.303892 0.00282864 
0.814946 0.0815828 0.0766484 0.0223775 0.00444545 
0.736221 3.95626e-05 0.0866056 0.177069 6.53095e-05 
0.456618 0.000267815 0.236654 0.302731 0.00372854 
0.614461 0.00122027 0.0134719 0.366536 0.00431073 
0.876004 0.00277514 0.0357838 0.0833813 0.00205588 
0.67903 0.000103695 0.00204477 0.312006 0.0068162 
0.777935 8.05165e-05 0.12594 0.0956375 0.000406951 
0.6818 7.03043e-05 0.0660248 0.244761 0.00734361 
0.315509 0.0358972 0.110338 0.309942 0.228313 
0.787128 0.000149914 0.102737 0.109553 0.000431925 
0.657108 0.000130367 0.00536561 0.325639 0.011757 
0.705031 0.000261066 0.0961652 0.197873 0.000669836 
0.893508 0.00232961 0.0247669 0.0777998 0.00159578 
0.542549 0.000145267 0.00774501 0.446822 0.00273888 
0.787798 0.000219475 0.00623584 0.205745 1.90404e-06 
0.775944 0.00167721 0.0664497 0.125081 0.0308482 
0.464961 1.1122e-05 0.0700062 0.463933 0.00108844 
0.666515 0.000150987 0.0398546 0.285528 0.00795172 
0.430965 0.000259068 0.138672 0.419789 0.0103148 
0.497752 5.90018e-05 0.0932776 0.367955 0.0409563 
0.896565 0.00400763 0.0287256 0.0692334 0.00146849 
0.678483 5.45436e-05 0.2129 0.102478 0.00608371 
0.511132 0.00449686 0.0619178 0.384055 0.0383984 
0.566259 0.00222738 0.115341 0.305396 0.0107769 
0.690015 0.000218583 0.0392968 0.264856 0.00561303 
0.361418 0.00884805 0.240558 0.225291 0.163885 
0.502668 0.000158991 0.0481915 0.442505 0.00647666 
0.607618 0.00042761 0.0893088 0.293903 0.00874244 
0.777935 8.05165e-05 0.12594 0.0956375 0.000406951 
0.63894 5.10334e-05 0.0315716 0.329356 8.09977e-05 
0.746954 0.0121436 0.0324798 0.187699 0.0207235 
0.692659 3.45162e-05 0.0843475 0.222323 0.000636118 
0.750136 0.0015901 0.0355908 0.21021 0.0024725 
0.505337 0.0285597 0.0990139 0.324116 0.0429734 
0.585825 0.00269532 0.0154379 0.141019 0.255023 
0.678101 0.000866965 0.119922 0.197673 0.00343698 
0.453975 0.00739172 0.115047 0.320191 0.103395 
0.777565 0.000216407 0.0106326 0.166446 0.0451405 
0.394957 0.000206871 0.329869 0.241615 0.0333519 
0.949841 0.0045239 0.00530737 0.0396382 0.000689327 
0.446699 0.00115841 0.286118 0.253617 0.0124067 
0.471123 0.000445017 0.0829309 0.41112 0.0343809 
0.734653 0.0805377 0.0401457 0.144443 0.000220952 
0.476213 0.00575207 0.39715 0.120397 0.000487243 
0.585825 0.00269532 0.0154379 0.141019 0.255023 
0.698839 0.000188372 0.0540107 0.238524 0.00843842 
0.62736 0.0343051 0.0728686 0.189631 0.075835 
0.788974 0.00013642 0.123891 0.0531902 0.0338084 
0.829571 9.48668e-06 0.00757589 0.142111 0.0207326 
0.736221 3.95626e-05 0.0866056 0.177069 6.53095e-05 
0.643318 0.058551 0.0326622 0.254406 0.0110628 
0.624271 8.82248e-05 0.0569673 0.299442 0.0192308 
0.685331 0.000163276 0.0737451 0.23453 0.0062307 
0.814845 2.46125e-05 0.00158195 0.176812 0.00673611 
0.599298 4.22253e-09 0.00975097 0.390852 9.85877e-05 
0.662128 0.0303157 0.0532683 0.244687 0.00960052 
0.706745 0.000283426 0.0175479 0.270685 0.00473887 
0.437957 0.0053108 0.0791307 0.420346 0.0572554 
0.736221 3.95626e-05 0.0866056 0.177069 6.53095e-05 
0.626656 0.00437201 0.0240454 0.272405 0.0725223 
0.592004 9.51579e-07 0.0925025 0.311207 0.00428615 
0.530819 0.00758915 0.0732098 0.38012 0.00826202 
0.772033 1.7921e-05 0.0200905 0.207579 0.000280254 
0.795793 8.76219e-07 0.00301838 0.199904 0.00128306 
0.898866 0.00199654 0.0145295 0.0766015 0.00800621 
0.599981 0.000132068 0.0582054 0.337417 0.0042644 
0.986879 2.69034e-08 0.0131159 3.91026e-06 9.16863e-07 
0.491373 8.77779e-05 0.292589 0.151857 0.0640933 
0.552442 0.000403693 0.11199 0.326414 0.00875056 
0.883857 0.0415131 0.0168824 0.0556185 0.00212868 
0.736221 3.95626e-05 0.0866056 0.177069 6.53095e-05 
0.540825 1.02421e-05 0.0691953 0.384722 0.00524738 
0.883857 0.0415131 0.0168824 0.0556185 0.00212868 
0.480702 0.00184148 0.0398243 0.476319 0.00131409 
0.847632 0.069749 0.0127544 0.0664939 0.00337077 
0.788974 0.00013642 0.123891 0.0531902 0.0338084 
0.55642 0.00133753 0.0730264 0.30918 0.0600359 
0.491373 8.77779e-05 0.292589 0.151857 0.0640933 
0.614461 0.00122027 0.0134719 0.366536 0.00431073 
0.864883 1.22677e-05 0.00716645 0.12369 0.00424747 
0.724502 3.16042e-05 0.0826621 0.184763 0.00804165 
0.814946 0.0815828 0.0766484 0.0223775 0.00444545 
0.543614 0.0198902 0.0397152 0.367721 0.0290597 
0.736221 3.95626e-05 0.0866056 0.177069 6.53095e-05 
0.570389 0.0601175 0.0440864 0.303949 0.0214582 
0.940335 2.667e-06 0.0303824 0.0235927 0.00568769 
0.736221 3.95626e-05 0.0866056 0.177069 6.53095e-05 
0.412954 1.35351e-05 0.192178 0.364614 0.0302405 
0.492769 0.000194457 0.049841 0.445429 0.0117666 
0.685492 3.01626e-05 0.0299515 0.281788 0.00273783 
0.588924 0.000154823 0.0386005 0.370208 0.0021128 
0.769736 0.000104693 0.0103077 0.219826 2.64617e-05 
0.814946 0.0815828 0.0766484 0.0223775 0.00444545 
0.496582 8.05935e-05 0.0498729 0.443369 0.0100955 
0.417868 0.00696994 0.0941737 0.359495 0.121493 
0.687716 0.0260943 0.102974 0.178809 0.00440751 
0.711785 1.28963e-06 0.0857427 0.200503 0.00196773 
0.52732 0.00252798 0.39962 0.067292 0.00323959 
0.734843 5.91779e-05 0.00394792 0.244331 0.0168192 
0.753424 0.0542354 0.0839826 0.10498 0.00337797 
0.803982 0.000147753 0.0697234 0.122527 0.00361915 
0.949726 2.85149e-06 3.5892e-05 0.050229 6.46118e-06 
0.458934 4.97626e-05 0.159201 0.371816 0.00999856 
0.721432 0.000101101 0.0349012 0.243506 5.96066e-05 
0.373332 0.000318615 0.289336 0.3357 0.00131336 
0.6818 7.03043e-05 0.0660248 0.244761 0.00734361 
0.656844 0.106694 0.0688432 0.136383 0.0312363 
0.361637 0.000113861 0.20898 0.328675 0.100594 
0.563986 0.0152479 0.0478021 0.357484 0.0154799 
0.673509 8.03174e-06 0.256837 0.041552 0.0280938 
0.736221 3.95626e-05 0.0866056 0.177069 6.53095e-05 
0.363378 0.00594796 0.243277 0.358471 0.0289255 
0.661777 0.0262802 0.00740837 0.304167 0.000368005 
0.788974 0.00013642 0.123891 0.0531902 0.0338084 
0.431492 0.00101764 0.0703744 0.348008 0.149108 
0.942 0.00010507 0.00108624 0.0475823 0.009226 
0.359505 0.00986594 0.16306 0.359376 0.108192 
0.614461 0.00122027 0.0134719 0.366536 0.00431073 
0.912536 0.0425206 7.18484e-06 0.0102316 0.0347047 
0.582941 0.000814327 0.0845619 0.323911 0.00777168 
0.463966 0.04969 0.0614268 0.421567 0.00334954 
0.585825 0.00269532 0.0154379 0.141019 0.255023 
0.581778 0.000120125 0.0457755 0.369002 0.00332359 
0.413224 0.000182001 0.133342 0.329221 0.12403 
0.644769 0.000922803 0.0891585 0.25895 0.00619888 
0.779764 0.000240013 0.0054101 0.211407 0.00317821 
0.540661 0.0739538 0.288833 0.0724597 0.0240927 
0.803982 0.000147753 0.0697234 0.122527 0.00361915 
0.732812 4.9874e-05 0.20185 0.0352432 0.0300447 
0.717756 2.53472e-07 0.156371 0.0241721 0.101701 
0.416965 0.000214104 0.101367 0.366964 0.114491 
0.508728 9.48212e-05 0.111828 0.369759 0.00959057 
0.563121 6.8342e-06 0.0673091 0.361637 0.00792597 
0.590827 0.000134221 0.0342036 0.367608 0.00722682 
0.502144 0.00145638 0.185322 0.250252 0.0608256 
0.539225 4.90804e-06 0.0112159 0.418615 0.0309385 
0.697004 0.000524553 0.166128 0.127113 0.00923104 
0.52732 0.00252798 0.39962 0.067292 0.00323959 
0.516565 1.62014e-05 0.183628 0.295667 0.00412276 
0.463897 0.0216635 0.104204 0.354379 0.0558566 
0.741927 9.73921e-08 0.00484905 0.246078 0.00714583 
0.616474 8.94288e-05 0.0412011 0.331846 0.0103899 
0.52689 0.000392937 0.0511228 0.421286 0.00030802 
0.777935 8.05165e-05 0.12594 0.0956375 0.000406951 
0.540446 0.000340074 0.0235102 0.432204 0.00349983 
0.52732 0.00252798 0.39962 0.067292 0.00323959 
0.649051 7.23124e-05 0.276259 0.0603425 0.0142751 
0.736221 3.95626e-05 0.0866056 0.177069 6.53095e-05 
0.592217 0.00017617 0.0569958 0.347246 0.0033646 
0.588189 2.95037e-05 0.00882448 0.402897 6.05889e-05 
0.457806 9.45759e-05 0.14296 0.354918 0.0442226 
0.638294 7.29117e-05 0.150221 0.199768 0.0116451 
0.788974 0.00013642 0.123891 0.0531902 0.0338084 
0.548621 0.00120435 0.0956819 0.259284 0.0952087 
0.72797 0.000273109 0.143525 0.12268 0.00555208 
0.864583 0.000457941 0.0195386 0.115256 0.000164458 
0.614461 0.00122027 0.0134719 0.366536 0.00431073 
0.589478 0.000833782 0.0518123 0.301394 0.0564819 
0.757294 0.000808849 0.0274835 0.0871429 0.127271 
0.460529 3.16773e-05 0.220473 0.31732 0.00164631 
0.832073 0.00218909 0.011357 0.154217 0.000163664 
0.536886 0.0159889 0.0981128 0.331459 0.017553 
0.727213 8.89892e-05 0.00700224 0.259962 0.00573351 
0.46485 1.94937e-05 0.0788335 0.167946 0.28835 
0.672458 0.000523274 0.0271089 0.299689 0.000220568 
0.685331 0.000163276 0.0737451 0.23453 0.0062307 
0.801404 0.0023561 0.0166212 0.111356 0.0682627 
0.658787 0.0373818 0.168118 0.0691468 0.0665665 
0.736221 3.95626e-05 0.0866056 0.177069 6.53095e-05 
0.406128 0.00107062 0.299211 0.281377 0.0122128 
0.476087 3.68025e-05 0.45898 0.0542844 0.0106119 
0.81638 0.000319657 0.00163814 0.181616 4.68905e-05 
0.599981 0.000132068 0.0582054 0.337417 0.0042644 
0.832073 0.00218909 0.011357 0.154217 0.000163664 
0.393713 0.0805726 0.17317 0.318026 0.0345185 
0.549898 0.0048611 0.0727775 0.363818 0.00864499 
0.883857 0.0415131 0.0168824 0.0556185 0.00212868 
0.59666 0.00444343 0.0148252 0.332101 0.051971 
0.71111 0.00648715 0.0616658 0.220626 0.000110627 
0.682689 3.04715e-05 0.0425419 0.274587 0.000151623 
0.736221 3.95626e-05 0.0866056 0.177069 6.53095e-05 
0.647419 1.39844e-05 0.0504775 0.301847 0.000243061 
0.621274 0.0098802 0.119765 0.240705 0.00837567 
0.898866 0.00199654 0.0145295 0.0766015 0.00800621 
0.8756 0.00105393 0.0271169 0.0953424 0.000886446 
0.42741 0.000438964 0.142335 0.409788 0.020028 
0.359923 4.16224e-06 0.271053 0.355743 0.0132766 
0.585825 0.00269532 0.0154379 0.141019 0.255023 
0.643228 0.0136664 0.092057 0.250077 0.000972178 
0.777935 8.05165e-05 0.12594 0.0956375 0.000406951 
0.629697 9.8568e-05 0.0321859 0.329384 0.00863407 
0.736221 3.95626e-05 0.0866056 0.177069 6.53095e-05 
0.569921 0.0018179 0.0911912 0.323352 0.0137175 
0.458757 0.00939327 0.104616 0.388063 0.0391714 
0.467447 0.00960291 0.05607 0.444 0.0228796 
0.746293 0.00060017 0.0545297 0.195729 0.00284799 
0.567179 0.0437395 0.0713815 0.233228 0.0844716 
0.702435 1.23544e-10 0.0062899 0.291274 1.45566e-06 
0.475408 0.00135737 0.210886 0.293206 0.0191435 
0.812915 3.49318e-05 0.0568921 0.129419 0.00073908 
0.618685 4.15657e-10 0.0229224 0.291522 0.0668703 
0.847632 0.069749 0.0127544 0.0664939 0.00337077 
0.700261 0.000101339 0.0531535 0.245257 0.00122663 
0.496427 0.0472263 0.120928 0.332767 0.00265115 
0.736221 3.95626e-05 0.0866056 0.177069 6.53095e-05 
0.503375 0.0207155 0.145275 0.277499 0.0531353 
0.487693 0.00734058 0.0464219 0.451426 0.00711845 
0.634135 2.43555e-05 0.0547188 0.30505 0.00607105 
0.510619 0.248705 0.0169763 0.216025 0.00767522 
0.592004 9.51579e-07 0.0925025 0.311207 0.00428615 
0.53529 0.00870371 0.435691 0.0129294 0.00738664 
0.655872 9.11648e-05 0.0743056 0.266917 0.002814 
0.625406 0.0189962 0.0307893 0.321232 0.00357594 
0.438827 0.000297835 0.158588 0.112935 0.289352 
0.932443 0.00383644 0.00618756 0.0574346 9.87248e-05 
0.399948 0.098337 0.074555 0.366291 0.0608684 
0.685331 0.000163276 0.0737451 0.23453 0.0062307 
0.67549 0.000107959 0.00406381 0.31344 0.00689809 
0.876004 0.00277514 0.0357838 0.0833813 0.00205588 
0.734653 0.0805377 0.0401457 0.144443 0.000220952 
0.630044 1.79399e-08 0.233861 0.133933 0.00216247 
0.814946 0.0815828 0.0766484 0.0223775 0.00444545 
0.470104 0.0689807 0.0782206 0.365171 0.0175234 
0.529991 0.000103299 0.00455882 0.457474 0.00787324 
0.784709 0.0126673 0.0109586 0.188699 0.00296551 
0.385384 4.25124e-05 0.203942 0.355436 0.0551961 
0.730679 1.08401e-08 0.0118526 0.256621 0.00084654 
0.361467 0.000811398 0.304623 0.322058 0.0110412 
0.627614 7.82799e-05 0.0795296 0.288782 0.00399633 
0.896565 0.00400763 0.0287256 0.0692334 0.00146849 
0.532542 5.8535e-05 0.204198 0.216694 0.0465072 
0.60029 0.00100379 0.21212 0.183843 0.00274343 
0.812082 0.010411 0.0294946 0.147614 0.000398717 
0.537717 0.00164623 0.0998326 0.352078 0.00872656 
0.736221 3.95626e-05 0.0866056 0.177069 6.53095e-05 
0.708947 0.000183332 0.0583835 0.222215 0.0102708 
0.652615 1.86915e-05 0.0972223 0.249206 0.000937785 
0.750136 0.0015901 0.0355908 0.21021 0.0024725 
0.574551 1.9471e-05 0.199585 0.100392 0.125453 
0.830329 0.0019778 0.0238249 0.14155 0.00231828 
0.457806 9.45759e-05 0.14296 0.354918 0.0442226 
0.386246 0.00113179 0.312565 0.295943 0.00411432 
0.788974 0.00013642 0.123891 0.0531902 0.0338084 
0.706275 0.0534999 0.0731261 0.155353 0.0117457 
0.957453 0.00292767 0.00102772 0.0326551 0.00593631 
0.382072 0.0428674 0.362159 0.183625 0.0292756 
0.883857 0.0415131 0.0168824 0.0556185 0.00212868 
0.431099 0.151314 0.288008 0.128673 0.000906003 
0.737107 8.99205e-05 0.0925614 0.169865 0.000376406 
0.398167 0.0107649 0.326986 0.153878 0.110204 
0.630511 0.0039509 0.00481308 0.345218 0.0155079 
0.48587 0.000295536 0.0633267 0.449874 0.00063431 
0.378893 0.320609 0.182976 0.109137 0.0083842 
0.790947 0.000137315 0.0151384 0.193468 0.000309991 
0.81638 0.000319657 0.00163814 0.181616 4.68905e-05 
0.579344 0.000107588 0.0777601 0.301233 0.0415559 
0.734653 0.0805377 0.0401457 0.144443 0.000220952 
0.652077 0.0107809 0.027267 0.308332 0.001543 
0.433249 0.00168434 0.147289 0.397999 0.0197789 
0.832073 0.00218909 0.011357 0.154217 0.000163664 
0.431774 0.00481994 0.181262 0.340636 0.0415089 
0.475668 0.0127365 0.0491617 0.441533 0.0209006 
0.616119 0.000944091 0.051357 0.283054 0.0485265 
0.460854 0.00104291 0.287508 0.212598 0.0379964 
0.706745 0.000283426 0.0175479 0.270685 0.00473887 
0.736221 3.95626e-05 0.0866056 0.177069 6.53095e-05 
0.912536 0.0425206 7.18484e-06 0.0102316 0.0347047 
0.759188 0.000200086 0.00148067 0.238186 0.000945258 
0.487678 9.88097e-05 0.113008 0.393195 0.0060209 
0.742283 1.04927e-05 0.124621 0.123481 0.0096047 
0.460806 0.000145149 0.347797 0.183306 0.00794638 
0.45127 0.0106601 0.0926177 0.437245 0.00820652 
0.801404 0.0023561 0.0166212 0.111356 0.0682627 
0.736221 3.95626e-05 0.0866056 0.177069 6.53095e-05 
0.846357 5.4073e-05 0.014644 0.137928 0.00101708 
0.472996 7.56687e-05 0.118123 0.371841 0.0369645 
0.426466 0.00222169 0.215982 0.291291 0.0640392 
0.620547 0.00587327 0.0362148 0.333517 0.00384784 
0.513562 0.000108261 0.161467 0.315416 0.0094465 
0.571735 2.69829e-05 0.136701 0.290919 0.000617019 
0.929136 0.000124141 0.0598265 0.0104746 0.000438917 
0.771501 0.000864489 0.0130277 0.21345 0.00115645 
0.636877 0.157064 0.111553 0.0689156 0.0255909 
0.82498 0.000153066 0.0571909 0.117486 0.0001901 
0.491169 0.023592 0.0338645 0.26986 0.181514 
0.932443 0.00383644 0.00618756 0.0574346 9.87248e-05 
0.458092 0.000513968 0.141788 0.388144 0.0114622 
0.748467 0.000646532 0.0982746 0.143724 0.00888723 
0.56024 7.20835e-06 0.182426 0.253301 0.00402555 
0.79891 3.80885e-08 0.00667401 0.193918 0.00049832 
0.781411 0.00284089 0.0156071 0.0993273 0.100814 
0.777935 8.05165e-05 0.12594 0.0956375 0.000406951 
0.513664 0.0010069 0.065036 0.402749 0.0175444 
0.532542 5.8535e-05 0.204198 0.216694 0.0465072 
0.627861 0.00233266 0.0484649 0.315407 0.00593449 
0.368285 0.000755782 0.271948 0.340444 0.0185664 
0.52124 3.34403e-06 0.298681 0.0493023 0.130773 
0.585825 0.00269532 0.0154379 0.141019 0.255023 
0.668129 6.01412e-05 0.096778 0.229274 0.00575857 
0.676952 0.000153922 0.00899014 0.307168 0.00673608 
0.790947 0.000137315 0.0151384 0.193468 0.000309991 
0.519743 0.0167652 0.0255343 0.374992 0.0629652 
0.538353 0.00936429 0.0221659 0.409495 0.0206214 
0.797535 4.129e-05 0.00463408 0.197781 8.67788e-06 
0.790947 0.000137315 0.0151384 0.193468 0.000309991 
0.854625 2.55405e-05 0.00113942 0.144199 1.05166e-05 
0.519072 0.00804738 0.314404 0.158243 0.000234471 
0.77738 0.00142243 0.0660604 0.148801 0.00633644 
0.443785 0.00814952 0.106722 0.404629 0.0367146 
0.787798 0.000219475 0.00623584 0.205745 1.90404e-06 
0.613058 0.00194428 0.0612199 0.249047 0.0747308 
0.76467 0.000537484 0.160251 0.0726112 0.00193091 
0.614894 0.0112623 0.0972875 0.273302 0.00325399 
0.710611 0.00534991 0.00735099 0.276687 8.92879e-07 
0.798596 0.00102861 0.0292765 0.170992 0.000106859 
0.72462 2.59906e-05 0.055241 0.219434 0.000679838 
0.844987 0.0483733 0.0171466 0.085821 0.00367255 
0.801404 0.0023561 0.0166212 0.111356 0.0682627 
0.45859 0.0260189 0.256283 0.251533 0.00757512 
0.595664 1.13175e-05 0.232083 0.172078 0.000164281 
0.814946 0.0815828 0.0766484 0.0223775 0.00444545 
0.355525 0.250309 0.160191 0.177938 0.0560367 
0.81584 5.32639e-05 0.00286004 0.174456 0.0067909 
0.935101 0.0067814 0.00795848 0.0491269 0.00103224 
0.47623 4.93992e-05 0.161486 0.361206 0.00102836 
0.544561 0.000391846 0.113118 0.330502 0.0114263 
0.533106 0.0211306 0.0386041 0.351012 0.0561474 
0.323949 9.26309e-05 0.225194 0.20734 0.243424 
0.506143 0.000609391 0.0877641 0.383222 0.0222618 
0.890801 2.39836e-07 2.31752e-05 0.109175 1.0393e-10 
0.457806 9.45759e-05 0.14296 0.354918 0.0442226 
0.783801 0.00191159 0.0277133 0.135393 0.0511814 
0.502707 0.000556143 0.157802 0.302542 0.0363927 
0.444347 0.00474407 0.204254 0.309352 0.037302 
0.525869 0.000223656 0.058245 0.390164 0.0254984 
0.614461 0.00122027 0.0134719 0.366536 0.00431073 
0.432401 0.00102486 0.175966 0.372302 0.0183068 
0.736221 3.95626e-05 0.0866056 0.177069 6.53095e-05 
0.713284 3.37361e-05 0.0532316 0.228025 0.00542478 
0.620648 6.24742e-05 0.0273539 0.333783 0.0181524 
0.622031 0.000308687 0.127663 0.211839 0.0381583 
0.532175 0.000147384 0.0691106 0.346072 0.0524947 
0.603453 3.38667e-11 0.396546 1.06837e-06 1.13292e-07 
0.736221 3.95626e-05 0.0866056 0.177069 6.53095e-05 
0.585825 0.00269532 0.0154379 0.141019 0.255023 
0.777935 8.05165e-05 0.12594 0.0956375 0.000406951 
0.377365 0.0134479 0.341918 0.25351 0.0137599 
0.736221 3.95626e-05 0.0866056 0.177069 6.53095e-05 
0.391067 0.000899875 0.065571 0.266312 0.27615 
0.751178 0.000111333 0.000729128 0.243461 0.00452094 
0.377562 1.35567e-05 0.293409 0.226339 0.102677 
0.526258 0.0236081 0.114274 0.327207 0.00865388 
0.502115 0.000212908 0.033794 0.463174 0.000704694 
0.503362 2.70273e-05 0.138422 0.351244 0.00694562 
0.736221 3.95626e-05 0.0866056 0.177069 6.53095e-05 
0.883857 0.0415131 0.0168824 0.0556185 0.00212868 
0.610382 0.272417 0.0181722 0.0890971 0.00993182 
0.833894 1.02817e-05 0.0590245 0.105857 0.00121412 
0.827132 0.0493256 0.0194645 0.0943833 0.00969469 
0.447494 0.019102 0.0639064 0.382532 0.0869661 
0.585825 0.00269532 0.0154379 0.141019 0.255023 
0.510168 0.000281084 0.15808 0.316014 0.0154569 
0.485043 0.000393212 0.288071 0.220307 0.00618584 
0.814946 0.0815828 0.0766484 0.0223775 0.00444545 
0.474444 0.000588828 0.121523 0.379745 0.0236992 
0.825204 6.67029e-08 0.0550057 0.118021 0.00176857 
0.646379 9.87426e-05 0.0258537 0.316414 0.0112542 
0.599295 0.000105821 0.157665 0.240916 0.00201916 
0.686342 2.85563e-05 0.0148336 0.297637 0.00115883 
0.510009 0.00101487 0.0379242 0.446147 0.00490544 
0.350364 0.000328295 0.153462 0.303035 0.192811 
0.517158 6.3623e-05 0.0250229 0.451899 0.00585637 
0.832073 0.00218909 0.011357 0.154217 0.000163664 
0.585825 0.00269532 0.0154379 0.141019 0.255023 
0.932443 0.00383644 0.00618756 0.0574346 9.87248e-05 
0.734653 0.0805377 0.0401457 0.144443 0.000220952 
0.458378 0.0327745 0.401496 0.0763445 0.0310071 
0.493697 0.0255985 0.12538 0.340141 0.0151831 
0.736221 3.95626e-05 0.0866056 0.177069 6.53095e-05 
0.607716 0.000423494 0.0540287 0.334872 0.0029601 
0.804248 0.000227988 0.00837473 0.184964 0.00218497 
0.714696 0.00123438 0.05026 0.226337 0.00747204 
0.71428 0.00184187 0.174366 0.107687 0.00182548 
0.470698 0.00200016 0.0396093 0.441205 0.0464881 
0.516703 0.00579361 0.0499466 0.408649 0.0189076 
0.593293 0.000198544 0.0173222 0.387922 0.00126407 
0.642791 9.7343e-05 0.0430219 0.311338 0.0027522 
0.807253 0.0260635 0.0197572 0.11703 0.0298957 
0.746189 0.00105103 0.0523586 0.196486 0.00391519 
0.667587 0.000156986 0.0255358 0.303892 0.00282864 
0.599889 0.000489615 0.050623 0.315743 0.0332559 
0.474495 0.0154923 0.102765 0.383789 0.0234591 
0.794415 4.6527e-05 0.00273322 0.19852 0.00428498 
0.72462 2.59906e-05 0.055241 0.219434 0.000679838 
0.492978 0.000167623 0.040704 0.465288 0.000862449 
0.585825 0.00269532 0.0154379 0.141019 0.255023 
0.320112 0.0159082 0.13082 0.27589 0.25727 
0.973153 3.20137e-05 0.0260291 0.000592772 0.000193488 
0.736221 3.95626e-05 0.0866056 0.177069 6.53095e-05 
0.683742 4.9057e-05 0.0462573 0.268505 0.00144657 
0.368247 0.000244932 0.3534 0.0497106 0.228398 
0.752399 1.92879e-05 0.0230537 0.224235 0.00029326 
0.709289 3.11249e-05 0.00230501 0.283779 0.00459536 
0.440954 0.000906024 0.145552 0.386812 0.0257759 
0.685331 0.000163276 0.0737451 0.23453 0.0062307 
0.888072 5.14026e-05 0.024133 0.0869474 0.000796027 
0.463054 0.00170853 0.0504658 0.455838 0.0289341 
0.803982 0.000147753 0.0697234 0.122527 0.00361915 
0.854875 0.000971907 0.0157929 0.128215 0.000145762 
0.538121 0.000449766 0.0518878 0.325179 0.0843619 
