0.270163 0.000319067 0.375543 0.352838 0.00113694 
0.080844 0.0014726 0.672675 0.0835976 0.16141 
0.141652 8.68784e-05 0.607282 0.0894122 0.161566 
0.0150334 5.7036e-08 0.82004 0.164449 0.000477158 
0.0531691 0.000328075 0.770625 0.0435524 0.132325 
0.030258 0.00110676 0.507143 0.205737 0.255755 
0.0308826 0.00233469 0.358135 0.291867 0.316781 
0.13288 0.000291352 0.523289 0.227487 0.116053 
0.0631207 0.000256996 0.76129 0.151091 0.0242418 
0.0454654 0.00447543 0.76955 0.134593 0.0459168 
0.104989 0.03838 0.422339 0.410579 0.0237133 
0.0520526 3.33589e-05 0.859703 0.0868641 0.00134689 
0.0243826 4.01886e-05 0.70071 0.271264 0.00360382 
0.0461767 6.70036e-06 0.929113 0.0236201 0.0010838 
0.105432 0.000178202 0.791904 0.0890464 0.0134395 
0.104366 0.0165578 0.650408 0.175502 0.0531659 
0.00755672 0.000686835 0.870741 0.106791 0.0142237 
0.0261722 3.25922e-05 0.803511 0.145232 0.0250526 
0.0844917 5.03965e-05 0.706121 0.160518 0.0488184 
0.033934 0.24965 0.357298 0.21681 0.142308 
0.0627537 0.000521166 0.5438 0.32153 0.0713953 
0.0200281 0.0044012 0.899909 0.0311876 0.0444745 
0.0121448 1.50521e-05 0.832372 0.152372 0.00309618 
0.103487 6.5637e-06 0.819816 0.069353 0.00733755 
0.00908976 1.64844e-05 0.923551 0.0507994 0.0165431 
0.0412058 7.44734e-05 0.651272 0.289843 0.0176049 
0.00563772 2.31127e-09 0.883673 0.110139 0.000549729 
0.0967488 0.00159014 0.630554 0.227684 0.0434231 
0.0413897 0.0129058 0.446535 0.429509 0.0696613 
0.0141019 0.000123234 0.955031 0.0281638 0.00257984 
0.0781274 0.00221896 0.637811 0.214841 0.0670008 
0.01895 0.00189349 0.871781 0.0417206 0.0656547 
0.14663 4.042e-05 0.452142 0.357178 0.0440101 
0.00630213 3.87271e-05 0.931178 0.0618673 0.000613444 
0.0634863 0.000546571 0.793666 0.118907 0.0233942 
0.0678949 0.00521547 0.686272 0.204044 0.0365742 
0.0511627 0.000279285 0.567498 0.365466 0.0155934 
0.0299867 0.00055974 0.608659 0.238292 0.122502 
0.0679483 2.12527e-08 0.708041 0.0844668 0.139543 
0.0276587 5.05276e-06 0.553216 0.131457 0.287664 
0.0147122 0.00343412 0.577787 0.254904 0.149163 
0.155309 2.56151e-05 0.803113 0.04112 0.000432708 
0.254339 0.120044 0.596332 0.0134046 0.0158807 
0.0138618 7.82909e-06 0.948598 0.0235024 0.0140302 
0.00390443 1.49369e-05 0.962678 0.0326783 0.000724104 
0.0205942 3.89296e-05 0.926836 0.0515302 0.00100069 
0.0688853 0.00189294 0.842945 0.0684684 0.0178079 
0.0608447 0.00186114 0.752248 0.154386 0.0306605 
0.0807379 0.0154881 0.804735 0.0693892 0.0296501 
0.0200281 0.0044012 0.899909 0.0311876 0.0444745 
0.00215445 0.0025926 0.926168 0.0669582 0.0021271 
0.040013 0.000544566 0.505946 0.354026 0.0994703 
0.0735433 0.000258475 0.632624 0.244342 0.0492315 
0.158475 0.0030661 0.726218 0.0696731 0.0425687 
0.0600225 0.000602871 0.441823 0.161595 0.335957 
0.00945141 0.00100983 0.765134 0.164474 0.0599307 
0.220622 0.00061367 0.470159 0.26993 0.0386749 
0.0152239 8.86665e-05 0.949306 0.033485 0.00189602 
0.0945501 0.223313 0.284584 0.189765 0.207788 
0.0924162 0.00108768 0.363485 0.34297 0.200041 
0.135804 0.00175943 0.451046 0.39034 0.02105 
0.00286015 5.53052e-05 0.989318 0.00762907 0.000137073 
0.107647 3.54928e-06 0.532952 0.34482 0.0145775 
0.039282 0.000197304 0.926017 0.0184783 0.0160252 
0.0551074 0.000584192 0.774479 0.0874536 0.0823758 
0.00945027 0.000153546 0.507859 0.479995 0.002543 
0.148001 0.00333841 0.487724 0.343322 0.017615 
0.00442645 2.97685e-07 0.992823 0.00103309 0.00171684 
0.0661923 0.0033133 0.789143 0.130537 0.0108152 
0.0141019 0.000123234 0.955031 0.0281638 0.00257984 
0.410719 0.000835056 0.428801 0.0742376 0.0854078 
0.105294 0.0035919 0.804613 0.0831549 0.00334678 
0.00937363 0.000519058 0.914593 0.0447069 0.030807 
0.0205656 0.0124088 0.520804 0.16251 0.283711 
0.0671111 0.000722477 0.502974 0.299931 0.129262 
0.0239735 2.55008e-05 0.925061 0.0499632 0.000976486 
0.118776 0.0200434 0.445418 0.280665 0.135099 
0.131857 0.00048862 0.594467 0.271493 0.00169444 
0.00222763 2.27641e-05 0.552847 0.0870415 0.357861 
0.0318634 0.000384205 0.811258 0.155352 0.00114196 
0.029869 9.6124e-05 0.647559 0.110823 0.211652 
0.150845 0.0104526 0.601721 0.20998 0.0270022 
0.0200281 0.0044012 0.899909 0.0311876 0.0444745 
0.00247034 5.42001e-11 0.621366 0.269664 0.1065 
0.0318634 0.000384205 0.811258 0.155352 0.00114196 
0.0191165 1.44064e-05 0.964184 0.0122635 0.00442193 
0.0814763 5.32516e-05 0.75149 0.151317 0.0156634 
0.0147122 0.00343412 0.577787 0.254904 0.149163 
0.106983 0.00646137 0.67522 0.180942 0.0303946 
0.0941207 0.000119983 0.614561 0.290076 0.00112307 
0.0367448 0.000440025 0.643644 0.259436 0.0597348 
0.0506952 1.02957e-05 0.918945 0.0303101 3.96602e-05 
0.0468907 0.000102187 0.948309 0.00462254 7.53055e-05 
0.270163 0.000319067 0.375543 0.352838 0.00113694 
0.039282 0.000197304 0.926017 0.0184783 0.0160252 
0.0168024 0.00011653 0.932251 0.0484082 0.00242225 
0.00220275 0.000104801 0.942629 0.0451773 0.00988611 
0.0503597 0.000797775 0.934663 0.00390976 0.0102699 
0.18352 0.000109898 0.582856 0.170856 0.0626574 
0.0805895 9.49228e-06 0.698225 0.196363 0.0248126 
0.127429 0.000404062 0.361497 0.233886 0.276784 
0.0735433 0.000258475 0.632624 0.244342 0.0492315 
0.0509617 0.00102613 0.877772 0.0356769 0.0345634 
0.270824 3.30325e-10 0.679778 0.0490719 0.000325607 
0.0200281 0.0044012 0.899909 0.0311876 0.0444745 
0.0509617 0.00102613 0.877772 0.0356769 0.0345634 
0.0136666 0.000436814 0.954738 0.0102889 0.0208695 
0.0878743 0.00311081 0.66334 0.06464 0.181035 
5.45376e-05 0.00830457 0.981679 2.59899e-05 0.00993625 
0.0676892 0.0041145 0.615668 0.14547 0.167058 
5.45376e-05 0.00830457 0.981679 2.59899e-05 0.00993625 
0.0230411 0.000238878 0.942208 0.0206794 0.0138328 
0.00790577 4.38616e-06 0.968322 0.0235841 0.000183572 
0.10035 0.00489328 0.829308 0.046145 0.019303 
0.126956 0.000774656 0.751579 0.0528846 0.0678058 
0.0119043 0.000289233 0.440796 0.127166 0.419844 
0.0531688 0.000161517 0.629207 0.293065 0.0243976 
0.0198329 7.81255e-06 0.853353 0.0453579 0.0814483 
0.036049 4.17586e-05 0.881431 0.0774861 0.0049919 
0.0534996 0.00674528 0.745186 0.146977 0.0475923 
0.00902934 3.81163e-06 0.937139 0.0463439 0.00748351 
0.109938 0.000551162 0.441791 0.387723 0.0599969 
0.0600335 0.000200879 0.601886 0.306485 0.0313947 
0.0136666 0.000436814 0.954738 0.0102889 0.0208695 
0.0178636 0.00011838 0.972617 0.00697094 0.0024304 
0.105909 0.000364564 0.442755 0.151669 0.299302 
0.105309 0.000362465 0.562968 0.316964 0.0143962 
0.0698783 6.02736e-05 0.924719 0.00401351 0.00132886 
0.01895 0.00189349 0.871781 0.0417206 0.0656547 
0.0179207 8.31243e-06 0.937739 0.0442605 7.14107e-05 
0.0260914 0.000212735 0.926048 0.0411457 0.00650187 
0.0353158 0.00412189 0.731051 0.0893686 0.140143 
0.00630213 3.87271e-05 0.931178 0.0618673 0.000613444 
0.00151559 5.04909e-05 0.925172 0.0732191 4.26962e-05 
0.00928113 0.0173022 0.963483 0.00982392 0.000109321 
0.083744 0.003138 0.518663 0.273878 0.120577 
0.0110564 3.07192e-05 0.760662 0.220037 0.00821381 
0.328638 7.51005e-09 0.621569 0.0464452 0.00334745 
0.0230411 0.000238878 0.942208 0.0206794 0.0138328 
0.0688549 0.000126205 0.818826 0.084543 0.0276503 
0.0738708 0.00133913 0.607947 0.285644 0.0311996 
0.139272 0.00430059 0.600139 0.218415 0.0378731 
0.0510829 0.00142444 0.44659 0.15002 0.350883 
0.101565 0.0476599 0.655675 0.185633 0.00946658 
0.061104 0.000209919 0.688786 0.209632 0.0402678 
0.00928113 0.0173022 0.963483 0.00982392 0.000109321 
0.0490312 0.000629503 0.811618 0.125488 0.0132331 
0.270163 0.000319067 0.375543 0.352838 0.00113694 
0.408899 3.81522e-07 0.410213 0.176426 0.00446132 
0.00780134 6.67241e-09 0.986772 0.00535779 6.85668e-05 
0.0471644 6.78723e-07 0.909892 0.0192577 0.0236851 
0.0629488 0.000879025 0.90466 0.0172718 0.0142403 
0.296335 2.52192e-07 0.542934 0.135018 0.0257129 
0.0769511 0.00095497 0.673849 0.140837 0.107408 
0.0147122 0.00343412 0.577787 0.254904 0.149163 
0.0675799 0.00614988 0.760363 0.152932 0.0129753 
0.0329812 0.000513344 0.832368 0.0982145 0.0359229 
0.0133988 0.00062152 0.927391 0.0572483 0.00134057 
0.0560439 6.94895e-05 0.856538 0.085763 0.00158548 
0.0481446 0.000485392 0.831049 0.0825388 0.0377818 
0.0555375 0.0555804 0.651751 0.179324 0.0578073 
0.00901649 1.13888e-05 0.551197 0.431468 0.00830665 
0.0185159 0.000154735 0.941063 0.0290113 0.0112552 
0.0450375 0.00038439 0.825643 0.103373 0.0255622 
0.113277 0.000239911 0.491997 0.379287 0.0151997 
0.0200281 0.0044012 0.899909 0.0311876 0.0444745 
0.0620858 0.00318183 0.465486 0.261491 0.207755 
0.0765312 0.000302746 0.665351 0.179915 0.0779001 
0.0278662 0.000283473 0.928781 0.0390907 0.0039783 
0.0161697 0.000752002 0.729826 0.152307 0.100945 
0.0538643 0.00148624 0.644181 0.292509 0.00795995 
0.0917879 0.000327269 0.714066 0.177646 0.0161726 
0.136975 0.000144898 0.634042 0.179853 0.0489855 
0.036049 4.17586e-05 0.881431 0.0774861 0.0049919 
0.071642 3.67999e-10 0.712373 0.205167 0.0108173 
0.075237 0.00176886 0.694667 0.18129 0.0470365 
0.0213807 9.57319e-05 0.727854 0.240487 0.0101822 
5.74536e-06 4.83569e-05 0.6469 1.51316e-06 0.353044 
0.0141019 0.000123234 0.955031 0.0281638 0.00257984 
0.0489892 0.000100557 0.505131 0.431006 0.0147728 
0.018291 0.0225254 0.482735 0.377271 0.0991768 
0.176336 5.64294e-05 0.705294 0.105351 0.0129621 
0.0635478 2.17216e-06 0.763229 0.171009 0.00221201 
0.0318634 0.000384205 0.811258 0.155352 0.00114196 
0.041667 0.00308635 0.699413 0.207367 0.0484664 
0.0301498 0.000198495 0.787546 0.109686 0.0724199 
0.101565 0.0476599 0.655675 0.185633 0.00946658 
0.0512706 0.0004275 0.682799 0.243827 0.0216752 
7.54679e-06 7.54559e-06 0.504145 0.307931 0.187909 
0.0200281 0.0044012 0.899909 0.0311876 0.0444745 
0.0778952 0.00600005 0.765021 0.146115 0.00496812 
0.0210416 0.00038534 0.706133 0.256683 0.0157565 
0.152947 0.00139099 0.505727 0.288585 0.0513503 
0.00299627 0.344046 0.50027 0.0338276 0.11886 
0.157573 0.00959824 0.583453 0.230921 0.0184552 
0.277394 0.000407134 0.621283 0.098173 0.00274251 
0.0999728 0.000304591 0.708603 0.114535 0.0765845 
0.0042622 8.29537e-05 0.984006 0.0114436 0.000205609 
0.0614252 3.67315e-08 0.851542 0.0852015 0.00183081 
0.137968 2.03821e-05 0.823929 0.0380005 8.25511e-05 
0.016674 8.0882e-06 0.813565 0.0683708 0.101382 
0.0200281 0.0044012 0.899909 0.0311876 0.0444745 
0.0545909 0.000218162 0.897562 0.0451509 0.00247784 
0.0151686 0.000317691 0.506299 0.422395 0.0558191 
0.0609364 0.00682388 0.765767 0.156781 0.00969151 
0.163622 0.0179076 0.605211 0.188556 0.024703 
0.0240121 0.0108384 0.56887 0.179581 0.216698 
5.45376e-05 0.00830457 0.981679 2.59899e-05 0.00993625 
0.0396987 0.00151565 0.645597 0.189968 0.123221 
0.157013 0.00268861 0.657702 0.10099 0.0816073 
5.45376e-05 0.00830457 0.981679 2.59899e-05 0.00993625 
0.0121985 0.000530873 0.779947 0.127665 0.0796585 
0.0379076 0.0213741 0.601653 0.218239 0.120826 
0.0274546 0.000157405 0.449334 0.326691 0.196363 
0.29221 0.00373311 0.50157 0.186408 0.0160779 
0.0278978 0.00132733 0.473454 0.453131 0.04419 
0.00513579 0.000279562 0.843035 0.141655 0.00989473 
0.033934 0.24965 0.357298 0.21681 0.142308 
0.0492575 0.0296557 0.862534 0.0453151 0.0132382 
0.177401 2.43549e-05 0.554966 0.259181 0.00842688 
0.0345468 0.0134559 0.800248 0.136134 0.0156155 
0.00417841 0.00118894 0.714631 0.104183 0.175818 
0.172277 8.30758e-05 0.351057 0.128693 0.34789 
0.0205942 3.89296e-05 0.926836 0.0515302 0.00100069 
0.0141019 0.000123234 0.955031 0.0281638 0.00257984 
0.0112871 2.3217e-05 0.575389 0.34378 0.0695206 
0.260678 0.046178 0.505647 0.152181 0.0353156 
0.0152239 8.86665e-05 0.949306 0.033485 0.00189602 
0.00279471 0.000471821 0.975747 0.0207562 0.000230115 
0.0205942 3.89296e-05 0.926836 0.0515302 0.00100069 
0.153884 3.43618e-05 0.60649 0.222597 0.0169954 
0.0809348 0.000710433 0.409589 0.250532 0.258234 
0.0353158 0.00412189 0.731051 0.0893686 0.140143 
0.039282 0.000197304 0.926017 0.0184783 0.0160252 
0.0295564 0.00430058 0.757564 0.190465 0.0181142 
0.0165775 6.86417e-05 0.823363 0.158876 0.00111558 
0.280552 0.0124982 0.560218 0.116745 0.0299878 
0.204816 0.00613128 0.537738 0.233515 0.0178004 
0.050543 0.00403797 0.882968 0.0587756 0.00367495 
0.114679 0.00132284 0.337453 0.303022 0.243523 
0.0548903 0.0484331 0.730365 0.133961 0.0323505 
0.0802191 0.00079119 0.593499 0.239613 0.0858775 
0.0359128 0.000313693 0.873487 0.0847893 0.00549759 
0.207603 0.00011576 0.520274 0.256608 0.0153993 
0.0353158 0.00412189 0.731051 0.0893686 0.140143 
0.191063 0.052279 0.443329 0.190514 0.122815 
0.187642 0.0127728 0.501105 0.29104 0.00744022 
0.0661601 2.75792e-05 0.678729 0.252524 0.00255938 
0.00594643 3.07381e-05 0.6533 0.264985 0.0757376 
0.208002 0.00165611 0.486675 0.225657 0.0780097 
0.0858791 0.00861642 0.34748 0.342988 0.215037 
0.000397981 0.00769688 0.983044 0.000852206 0.00800922 
0.157749 0.00145951 0.298331 0.273518 0.268942 
0.220244 3.75406e-05 0.767533 0.00900437 0.00318154 
0.0327178 2.79548e-05 0.943925 0.0218761 0.00145341 
0.0266373 0.00145643 0.856245 0.104585 0.0110764 
0.270163 0.000319067 0.375543 0.352838 0.00113694 
0.0146559 7.11126e-05 0.896344 0.0867897 0.00213905 
0.0456767 3.48439e-05 0.785965 0.167188 0.00113574 
0.104035 0.00597528 0.589112 0.292152 0.00872535 
0.0147122 0.00343412 0.577787 0.254904 0.149163 
0.0805381 3.24422e-05 0.796362 0.110008 0.0130592 
0.079833 0.00511209 0.45317 0.38463 0.0772547 
0.0655831 1.0141e-08 0.895525 0.0279465 0.0109456 
0.0564568 0.000704856 0.666104 0.249025 0.0277094 
0.0231036 6.07807e-07 0.704449 0.258731 0.0137156 
0.145675 0.000343503 0.662521 0.105965 0.0854953 
0.0703207 3.45982e-07 0.922257 0.00713424 0.000287959 
0.120962 0.00103386 0.663634 0.191456 0.0229138 
0.0970775 0.000557964 0.580935 0.290413 0.0310168 
0.0141019 0.000123234 0.955031 0.0281638 0.00257984 
0.0558893 0.000307811 0.810115 0.126954 0.0067336 
0.0386408 0.00120847 0.526876 0.340279 0.0929952 
0.0687027 0.000421666 0.73919 0.176365 0.0153203 
0.200871 2.86881e-05 0.764347 0.0343561 0.000397822 
0.34698 0.000155462 0.438381 0.198103 0.0163804 
0.0907218 0.000425563 0.781003 0.0587519 0.0690974 
0.00084835 8.42386e-12 0.722739 0.253489 0.0229238 
0.0302166 0.000478853 0.954391 0.00300758 0.0119061 
0.01895 0.00189349 0.871781 0.0417206 0.0656547 
0.281809 0.00143464 0.652438 0.0361301 0.0281883 
0.0263715 0.0235015 0.425634 0.1651 0.359392 
0.14247 0.000793806 0.694011 0.147347 0.0153784 
0.0688853 0.00189294 0.842945 0.0684684 0.0178079 
0.0900654 0.00722027 0.486987 0.387656 0.0280722 
0.00210756 0.00134468 0.60403 0.0977485 0.294769 
0.0748523 0.000412989 0.41764 0.338693 0.168402 
0.0161868 3.78271e-05 0.896649 0.0851418 0.00198477 
0.188879 4.65633e-05 0.663985 0.102009 0.0450813 
0.0147122 0.00343412 0.577787 0.254904 0.149163 
0.079833 0.00511209 0.45317 0.38463 0.0772547 
0.00680813 0.000202278 0.635193 0.155811 0.201985 
0.0205699 0.000182138 0.905987 0.0540242 0.0192367 
0.0823214 0.000269717 0.324249 0.274813 0.318347 
0.0230411 0.000238878 0.942208 0.0206794 0.0138328 
0.0402942 0.000711827 0.948688 0.00243499 0.00787083 
0.059662 9.5395e-07 0.634907 0.246573 0.0588573 
0.0613481 3.35292e-05 0.514315 0.415451 0.00885179 
0.0506875 0.000451315 0.795342 0.152543 0.000976473 
0.0256277 2.41636e-07 0.839833 0.128775 0.00576377 
0.0152239 8.86665e-05 0.949306 0.033485 0.00189602 
5.45376e-05 0.00830457 0.981679 2.59899e-05 0.00993625 
0.039282 0.000197304 0.926017 0.0184783 0.0160252 
0.134925 8.69144e-05 0.437796 0.0970488 0.330143 
0.0756993 0.0128711 0.812329 0.0953704 0.00373015 
0.0503617 3.19894e-05 0.758628 0.137667 0.0533111 
0.0117944 0.000153376 0.865321 0.0644085 0.0583224 
0.0520778 0.000114109 0.784883 0.158596 0.00432897 
0.00127385 4.3801e-05 0.769066 0.228185 0.00143047 
0.0169604 3.49016e-06 0.915 0.0680224 1.40249e-05 
0.00854302 0.000129345 0.773653 0.217014 0.000660558 
0.376114 0.00265834 0.538623 0.0795237 0.00308143 
0.0396987 0.00151565 0.645597 0.189968 0.123221 
0.0357054 0.000125229 0.921259 0.0295755 0.0133347 
0.056503 0.0606957 0.394079 0.186053 0.302669 
0.00780134 6.67241e-09 0.986772 0.00535779 6.85668e-05 
0.0568067 0.00454841 0.646707 0.184508 0.107429 
0.0145017 8.04355e-06 0.969114 0.0162174 0.000159264 
0.0110821 5.63633e-05 0.766516 0.17968 0.0426654 
0.0147122 0.00343412 0.577787 0.254904 0.149163 
0.0136666 0.000436814 0.954738 0.0102889 0.0208695 
0.0119682 0.000205494 0.777082 0.192472 0.0182723 
0.0713692 1.11915e-10 0.859619 0.0474192 0.0215925 
0.00279471 0.000471821 0.975747 0.0207562 0.000230115 
0.0203889 0.00011192 0.80508 0.0671555 0.107264 
0.010522 0.000105943 0.897784 0.0348502 0.0567378 
0.255951 0.0529413 0.432932 0.0796169 0.178558 
0.0141019 0.000123234 0.955031 0.0281638 0.00257984 
0.0290402 3.49773e-05 0.675591 0.21837 0.0769647 
0.251097 1.77306e-05 0.546796 0.202032 5.7541e-05 
0.0503092 0.0044321 0.667738 0.2365 0.0410206 
0.0387434 0.000710074 0.680908 0.233348 0.0462906 
5.45376e-05 0.00830457 0.981679 2.59899e-05 0.00993625 
0.0337006 0.000274323 0.805812 0.150178 0.0100353 
0.00233505 0.0184059 0.941286 0.0350786 0.00289403 
5.45376e-05 0.00830457 0.981679 2.59899e-05 0.00993625 
0.109922 0.00050418 0.452005 0.351134 0.0864341 
0.0224525 0.000294252 0.793703 0.166924 0.0166256 
0.0771439 0.000410301 0.479966 0.404059 0.0384215 
0.0568708 0.000171839 0.337829 0.287511 0.317617 
0.104767 8.93099e-05 0.595522 0.296687 0.00293385 
0.130462 0.0448648 0.501085 0.242921 0.0806672 
0.00323453 0.000777465 0.632606 0.101503 0.26188 
0.0146021 0.00405388 0.611255 0.311915 0.0581743 
0.0200281 0.0044012 0.899909 0.0311876 0.0444745 
5.45376e-05 0.00830457 0.981679 2.59899e-05 0.00993625 
0.00758892 0.00127251 0.915971 0.0715584 0.00360912 
0.0546931 0.00166131 0.789637 0.122467 0.0315414 
0.0778083 1.01199e-06 0.492534 0.208281 0.221375 
6.60735e-08 2.39659e-08 0.92802 0.0719797 2.50926e-08 
0.0695079 3.62599e-06 0.782578 0.12265 0.0252606 
0.0141019 0.000123234 0.955031 0.0281638 0.00257984 
0.100278 0.000208334 0.503104 0.260856 0.135554 
0.0825269 0.00011174 0.636189 0.263112 0.0180605 
0.0687852 1.21179e-05 0.801227 0.0962116 0.0337645 
0.0481166 0.000602684 0.765183 0.111073 0.0750252 
0.0609088 1.0807e-05 0.901425 0.0341696 0.00348623 
0.0147122 0.00343412 0.577787 0.254904 0.149163 
0.0152239 8.86665e-05 0.949306 0.033485 0.00189602 
0.039282 0.000197304 0.926017 0.0184783 0.0160252 
0.064302 0.00108824 0.786604 0.135584 0.0124214 
0.0624926 0.000553303 0.710678 0.202331 0.0239455 
0.0568067 0.00454841 0.646707 0.184508 0.107429 
0.306046 0.000167737 0.359092 0.332955 0.00173975 
0.143798 6.25425e-05 0.61144 0.185538 0.0591615 
0.163254 0.000433201 0.646188 0.164409 0.0257166 
0.139261 0.000159037 0.541136 0.309656 0.00978797 
0.0042622 8.29537e-05 0.984006 0.0114436 0.000205609 
0.0186919 2.53111e-05 0.98099 0.000267519 2.49958e-05 
0.0735433 0.000258475 0.632624 0.244342 0.0492315 
0.0550629 0.000336114 0.801321 0.134909 0.00837153 
0.0126121 3.57292e-05 0.970225 0.0163863 0.000740404 
0.0215512 0.000238873 0.907282 0.0698457 0.00108197 
0.00158509 5.32579e-06 0.972003 0.000602883 0.0258036 
0.228285 7.41586e-05 0.617931 0.149162 0.00454846 
0.0167221 0.000298508 0.856399 0.12382 0.00276049 
0.0173582 0.00642242 0.441862 0.390916 0.143442 
0.0126918 0.000101175 0.962049 0.023045 0.00211288 
0.172595 2.30712e-05 0.759027 0.0624405 0.0059148 
0.137244 0.00145624 0.530808 0.266211 0.0642819 
0.0279259 4.63764e-10 0.65159 0.315444 0.00503985 
0.018291 0.0225254 0.482735 0.377271 0.0991768 
0.0230411 0.000238878 0.942208 0.0206794 0.0138328 
5.45376e-05 0.00830457 0.981679 2.59899e-05 0.00993625 
0.0457722 0.000794049 0.910533 0.0411327 0.0017685 
0.0185582 0.0448593 0.849294 0.0819224 0.00536568 
0.0205942 3.89296e-05 0.926836 0.0515302 0.00100069 
0.104921 0.000590926 0.372727 0.30073 0.221031 
0.0133456 5.59714e-08 0.850306 0.135967 0.000381742 
0.0657966 0.0651927 0.63214 0.222741 0.0141295 
0.0136666 0.000436814 0.954738 0.0102889 0.0208695 
0.430283 0.00270525 0.488438 0.0589334 0.0196404 
0.104767 8.93099e-05 0.595522 0.296687 0.00293385 
0.0025036 8.66361e-08 0.980683 0.0164939 0.000319014 
0.0266373 0.00145643 0.856245 0.104585 0.0110764 
0.0120821 1.41359e-05 0.871864 0.115695 0.000344478 
0.0700766 9.24854e-05 0.560479 0.245357 0.123995 
0.100296 0.000220029 0.5506 0.346373 0.00251083 
0.287641 0.000705314 0.665227 0.046004 0.000422561 
0.376058 0.0321505 0.444734 0.101464 0.0455934 
0.0568067 0.00454841 0.646707 0.184508 0.107429 
0.114196 1.45739e-08 0.790848 0.0841562 0.0107993 
0.0407844 5.91844e-05 0.876687 0.0317825 0.0506867 
0.0615642 1.09805e-05 0.862155 0.0692136 0.00705655 
0.0152239 8.86665e-05 0.949306 0.033485 0.00189602 
0.100296 0.000220029 0.5506 0.346373 0.00251083 
0.0141019 0.000123234 0.955031 0.0281638 0.00257984 
0.00945923 5.07808e-05 0.973209 0.0170275 0.000253863 
0.0645048 0.000111677 0.870931 0.0642188 0.000233526 
0.0178204 0.000115475 0.959819 0.0219755 0.000269708 
0.205067 6.41473e-05 0.472215 0.31895 0.00370438 
0.0160062 5.87807e-10 0.871398 0.0980911 0.014505 
5.45376e-05 0.00830457 0.981679 2.59899e-05 0.00993625 
0.00321166 0.000245144 0.993418 0.000939481 0.00218603 
0.00279471 0.000471821 0.975747 0.0207562 0.000230115 
0.00453662 4.87953e-05 0.908024 0.0499302 0.0374601 
0.0736501 0.00371998 0.615112 0.288159 0.0193586 
0.00741327 0.00212275 0.477383 0.400004 0.113077 
0.0948202 0.00146692 0.611088 0.258116 0.0345086 
0.00787647 0.000296712 0.896282 0.0919981 0.00354623 
0.105294 0.00310707 0.559328 0.260898 0.0713731 
0.0115251 0.00021242 0.81502 0.171807 0.00143518 
0.14663 4.042e-05 0.452142 0.357178 0.0440101 
0.00600643 0.000354166 0.964966 0.0240129 0.00466065 
0.0664293 1.40953e-07 0.710123 0.215335 0.0081127 
0.0994639 7.11234e-05 0.658284 0.142454 0.0997276 
0.0921729 0.000244012 0.68259 0.209753 0.0152401 
0.0970518 1.8333e-05 0.698397 0.194644 0.00988832 
0.0163863 6.11804e-05 0.866575 0.113267 0.00371031 
0.0486034 0.00104861 0.655383 0.202731 0.0922344 
0.0171067 0.000179402 0.941358 0.0361111 0.00524486 
0.0568067 0.00454841 0.646707 0.184508 0.107429 
0.11698 0.00127406 0.610483 0.257409 0.0138538 
0.0586442 0.000603994 0.935378 0.00219036 0.00318323 
0.293529 0.000906884 0.607816 0.0906757 0.00707255 
0.0302693 0.221451 0.280436 0.23226 0.235584 
0.0200281 0.0044012 0.899909 0.0311876 0.0444745 
0.0241765 1.74166e-05 0.942775 0.0321336 0.000897817 
0.0319438 0.00287742 0.63402 0.0102693 0.32089 
0.00948614 0.00159063 0.895134 0.0892993 0.0044896 
0.0304549 0.00134673 0.867042 0.0734828 0.0276733 
0.0506952 1.02957e-05 0.918945 0.0303101 3.96602e-05 
0.0783391 0.000396422 0.806134 0.103348 0.0117825 
0.0618449 0.00146761 0.7992 0.130882 0.00660564 
0.00780134 6.67241e-09 0.986772 0.00535779 6.85668e-05 
0.0681409 0.00204671 0.697638 0.181899 0.050275 
0.0266373 0.00145643 0.856245 0.104585 0.0110764 
0.102943 0.00952592 0.666067 0.199401 0.0220625 
0.0299673 0.00156008 0.794065 0.155207 0.0192005 
0.120445 0.00692177 0.815547 0.0564267 0.00065984 
0.0061522 0.000161654 0.984287 0.00918983 0.000208856 
0.0318634 0.000384205 0.811258 0.155352 0.00114196 
0.0178875 0.000223824 0.895082 0.084418 0.0023886 
0.0304549 0.00134673 0.867042 0.0734828 0.0276733 
0.0230411 0.000238878 0.942208 0.0206794 0.0138328 
0.0356423 0.00372008 0.62262 0.301781 0.0362368 
0.247986 0.00275019 0.495854 0.23654 0.01687 
0.0147122 0.00343412 0.577787 0.254904 0.149163 
0.171474 0.000247371 0.504391 0.146326 0.177562 
0.0173638 0.000534917 0.645745 0.29799 0.0383668 
0.0339142 4.29219e-05 0.78032 0.148872 0.0368507 
0.0711453 5.92882e-05 0.578192 0.301654 0.0489491 
0.0198329 7.81255e-06 0.853353 0.0453579 0.0814483 
0.0316848 0.00078293 0.964445 0.000676844 0.00241071 
0.0141019 0.000123234 0.955031 0.0281638 0.00257984 
0.0136666 0.000436814 0.954738 0.0102889 0.0208695 
0.144578 0.000998176 0.680933 0.144698 0.0287928 
0.013885 0.000304003 0.512898 0.0301158 0.442797 
0.00758892 0.00127251 0.915971 0.0715584 0.00360912 
0.00638413 0.000501348 0.837123 0.092258 0.0637337 
0.0723464 3.6055e-05 0.490264 0.149749 0.287605 
0.0515007 0.0288783 0.628453 0.224803 0.0663642 
8.65223e-05 9.19229e-10 0.971987 0.0255662 0.0023607 
0.0353158 0.00412189 0.731051 0.0893686 0.140143 
0.308599 0.000404556 0.379955 0.203836 0.107206 
0.056833 2.91939e-05 0.889454 0.0533948 0.000288973 
0.0233956 0.00017092 0.942655 0.0321119 0.00166666 
0.016182 0.000847037 0.403353 0.374294 0.205324 
0.0353158 0.00412189 0.731051 0.0893686 0.140143 
5.45376e-05 0.00830457 0.981679 2.59899e-05 0.00993625 
0.29221 0.00373311 0.50157 0.186408 0.0160779 
0.00121995 0.000863719 0.941269 0.0495105 0.00713644 
0.102849 7.81682e-07 0.637913 0.256726 0.00251134 
0.033934 0.24965 0.357298 0.21681 0.142308 
0.0340122 2.14013e-10 0.459491 0.0499054 0.456592 
0.0141019 0.000123234 0.955031 0.0281638 0.00257984 
0.0580991 0.0137001 0.826157 0.101064 0.000979581 
0.033934 0.24965 0.357298 0.21681 0.142308 
0.138631 0.00527242 0.528005 0.291203 0.0368887 
0.103805 0.000614894 0.812226 0.0748669 0.00848697 
0.0257216 0.00736877 0.860618 0.077002 0.0292898 
0.114049 0.000422591 0.627579 0.150859 0.10709 
0.0141019 0.000123234 0.955031 0.0281638 0.00257984 
0.00928113 0.0173022 0.963483 0.00982392 0.000109321 
0.063123 0.00116546 0.641068 0.203024 0.0916198 
0.0595296 0.0108803 0.6933 0.202532 0.0337575 
0.00694119 3.082e-07 0.798718 0.128993 0.0653478 
0.242026 0.000101732 0.4527 0.277201 0.0279713 
0.0276915 0.000308727 0.6268 0.301786 0.0434135 
0.0465725 0.000196663 0.461033 0.0579804 0.434218 
0.109476 0.00657746 0.673096 0.154355 0.0564952 
0.0122947 1.19191e-06 0.972304 0.0153733 2.65625e-05 
0.079071 3.82098e-06 0.64655 0.266522 0.00785396 
0.026338 0.000133377 0.95057 0.0217042 0.00125448 
0.0230411 0.000238878 0.942208 0.0206794 0.0138328 
0.286771 0.0130423 0.417068 0.232562 0.0505568 
0.0351117 0.00458942 0.772337 0.0915219 0.0964396 
0.00860355 1.72755e-05 0.877565 0.0678414 0.0459727 
0.00128127 1.22269e-08 0.997199 0.00151982 2.09115e-08 
0.00718628 0.00144469 0.957384 0.0337809 0.000203743 
0.00716386 4.15734e-05 0.758684 0.166805 0.0673063 
0.00952369 4.4577e-05 0.966245 0.0240111 0.000175797 
0.107839 0.0022359 0.687306 0.200142 0.00247742 
0.00252142 1.12165e-05 0.958533 0.038038 0.000896556 
0.0906546 0.00266752 0.748374 0.15458 0.00372314 
0.128567 0.00133877 0.435186 0.369325 0.0655826 
0.0228328 6.55088e-05 0.781272 0.13649 0.0593391 
0.0896946 4.68269e-07 0.736543 0.161983 0.0117794 
0.122207 0.00692248 0.384523 0.349127 0.137221 
0.142012 0.000359532 0.539804 0.232282 0.0855416 
0.141792 0.000309442 0.440807 0.16683 0.250261 
2.93281e-07 4.61183e-10 0.96417 0.0356851 0.000144323 
0.0938312 0.0116013 0.687602 0.158108 0.048858 
0.0215693 0.00557923 0.680647 0.279078 0.0131262 
0.0883616 0.00011046 0.679136 0.231698 0.000693849 
0.0471644 6.78723e-07 0.909892 0.0192577 0.0236851 
0.0221523 8.94796e-05 0.719702 0.244041 0.0140161 
6.72533e-08 2.74804e-08 0.99992 8.03009e-05 4.05558e-08 
0.0230411 0.000238878 0.942208 0.0206794 0.0138328 
0.0831565 0.000131681 0.736303 0.140016 0.0403929 
1.56272e-05 0.000437931 0.962639 1.09989e-05 0.0368959 
0.0155472 0.0246027 0.656383 0.227848 0.0756189 
0.0446934 0.000709838 0.93163 0.00757217 0.0153942 
0.01895 0.00189349 0.871781 0.0417206 0.0656547 
0.255951 0.0529413 0.432932 0.0796169 0.178558 
0.0230411 0.000238878 0.942208 0.0206794 0.0138328 
0.0277583 2.99773e-08 0.53832 0.159375 0.274547 
0.0141019 0.000123234 0.955031 0.0281638 0.00257984 
0.00236201 3.08698e-06 0.851455 0.146178 1.60822e-06 
0.0517942 0.00120072 0.462211 0.438118 0.0466755 
0.120586 8.20028e-05 0.480657 0.351733 0.0469422 
0.141077 0.000377975 0.363926 0.162314 0.332304 
0.0150498 1.70839e-05 0.579837 0.290139 0.114958 
0.00858557 0.000120241 0.876682 0.11403 0.000582294 
0.0829788 0.00896617 0.583056 0.249813 0.0751867 
0.00333047 0.000840951 0.94494 0.0354439 0.0154443 
0.286613 8.78002e-05 0.429832 0.239693 0.0437739 
0.211904 0.00250686 0.556058 0.228807 0.000723663 
0.00780134 6.67241e-09 0.986772 0.00535779 6.85668e-05 
0.0432495 0.00029443 0.778158 0.158555 0.0197437 
0.0141019 0.000123234 0.955031 0.0281638 0.00257984 
0.0509617 0.00102613 0.877772 0.0356769 0.0345634 
0.0418802 0.000194643 0.698992 0.173232 0.0857014 
0.371153 2.25705e-06 0.570484 0.057897 0.00046318 
0.152536 0.000130458 0.711793 0.12254 0.0130001 
0.296986 2.06072e-05 0.367001 0.335847 0.000144905 
0.0933096 0.00199407 0.461876 0.353049 0.0897717 
0.0191165 1.44064e-05 0.964184 0.0122635 0.00442193 
5.45376e-05 0.00830457 0.981679 2.59899e-05 0.00993625 
0.0170954 0.00118505 0.90663 0.0284691 0.0466201 
0.0726912 0.00311443 0.767989 0.124175 0.0320301 
0.0546819 0.00010347 0.810532 0.118625 0.0160579 
0.064468 0.000670283 0.589283 0.272271 0.0733072 
0.0163442 0.000552868 0.933045 0.028576 0.0214817 
0.00279471 0.000471821 0.975747 0.0207562 0.000230115 
0.255951 0.0529413 0.432932 0.0796169 0.178558 
0.0297115 0.0295466 0.87547 0.0650926 0.000179358 
0.0175592 3.26376e-08 0.825347 0.156396 0.000697828 
0.0484196 0.00042454 0.659985 0.255217 0.0359537 
0.0141019 0.000123234 0.955031 0.0281638 0.00257984 
0.0200281 0.0044012 0.899909 0.0311876 0.0444745 
0.393708 0.000961633 0.401111 0.164472 0.0397471 
0.0399003 0.000105782 0.652814 0.221382 0.085798 
0.0877076 2.22641e-08 0.441098 0.406686 0.0645088 
0.0650468 1.44109e-05 0.35405 0.323134 0.257754 
0.0141019 0.000123234 0.955031 0.0281638 0.00257984 
0.0582093 0.00022574 0.777405 0.135371 0.0287888 
0.039282 0.000197304 0.926017 0.0184783 0.0160252 
0.000822961 1.0243e-12 0.987711 0.0111419 0.000324121 
0.00373419 1.09371e-05 0.79458 0.157532 0.044143 
0.0329226 7.72323e-09 0.642682 0.313412 0.0109828 
0.0117871 0.00034449 0.969896 0.00580322 0.0121689 
0.104941 0.00169529 0.855641 0.00830139 0.0294216 
0.0899466 0.0233684 0.825537 0.04924 0.0119079 
0.0676319 0.00744859 0.899623 0.0250309 0.000265999 
0.0230413 0.00823632 0.463884 0.315608 0.189231 
0.033934 0.24965 0.357298 0.21681 0.142308 
0.0313736 0.000242285 0.90255 0.0601493 0.00568534 
0.0652085 0.00565862 0.651608 0.235837 0.041688 
0.00286015 5.53052e-05 0.989318 0.00762907 0.000137073 
0.0726242 0.00776127 0.715579 0.18464 0.0193946 
0.294626 0.000234169 0.491562 0.177777 0.0358006 
0.273625 0.0059474 0.461795 0.220495 0.0381371 
0.0259572 0.000304785 0.507949 0.250665 0.215124 
0.0192221 0.000105277 0.859813 0.119546 0.00131298 
0.309596 0.000307466 0.56036 0.121324 0.00841241 
0.0402942 0.000711827 0.948688 0.00243499 0.00787083 
0.039282 0.000197304 0.926017 0.0184783 0.0160252 
0.0186119 0.000648848 0.788017 0.112434 0.0802881 
5.45376e-05 0.00830457 0.981679 2.59899e-05 0.00993625 
0.0200281 0.0044012 0.899909 0.0311876 0.0444745 
7.72491e-05 1.42832e-08 0.999664 8.65285e-05 0.000171906 
0.039282 0.000197304 0.926017 0.0184783 0.0160252 
0.117106 0.000120877 0.535556 0.332209 0.0150084 
0.0599853 0.000254788 0.905351 0.024575 0.0098339 
0.033934 0.24965 0.357298 0.21681 0.142308 
0.0470911 0.000532045 0.71757 0.233542 0.00126471 
0.0446934 0.000709838 0.93163 0.00757217 0.0153942 
0.0265523 0.001564 0.563385 0.0757286 0.33277 
0.0538905 0.000298491 0.717378 0.104853 0.12358 
0.0711928 0.00823267 0.756265 0.153122 0.0111871 
0.105361 0.000875668 0.386888 0.379445 0.12743 
0.00279471 0.000471821 0.975747 0.0207562 0.000230115 
0.0299146 0.00587993 0.682804 0.276768 0.00463326 
0.0353039 0.000925327 0.960907 0.000838644 0.00202485 
0.0219479 0.00298917 0.811818 0.127332 0.0359131 
0.033934 0.24965 0.357298 0.21681 0.142308 
0.0313199 0.00159464 0.91601 0.0241262 0.0269491 
0.0470363 1.12222e-07 0.818532 0.129008 0.0054238 
0.0170468 0.000159856 0.951476 0.0109817 0.020336 
0.132441 0.00112188 0.599401 0.250379 0.0166575 
0.156922 1.75916e-05 0.677914 0.135141 0.0300063 
0.171382 6.07783e-11 0.442655 0.381739 0.00422383 
0.0825956 0.000190576 0.742656 0.110737 0.0638208 
0.337538 0.000309844 0.429207 0.221305 0.0116411 
0.0200281 0.0044012 0.899909 0.0311876 0.0444745 
0.0239735 2.55008e-05 0.925061 0.0499632 0.000976486 
0.00215445 0.0025926 0.926168 0.0669582 0.0021271 
0.0141019 0.000123234 0.955031 0.0281638 0.00257984 
0.0136666 0.000436814 0.954738 0.0102889 0.0208695 
0.0968026 0.00776775 0.370909 0.229621 0.294899 
0.0668973 0.000784061 0.421307 0.302063 0.208948 
0.00520724 0.00966172 0.978411 0.00654921 0.000170352 
0.162355 0.000821255 0.60151 0.123464 0.11185 
0.16847 0.000291777 0.70733 0.121947 0.00196089 
0.0794597 0.00207417 0.835909 0.0152839 0.0672737 
0.0200281 0.0044012 0.899909 0.0311876 0.0444745 
0.0482154 4.86106e-06 0.440995 0.32045 0.190335 
4.40121e-06 4.40051e-06 0.921197 0.0787896 4.4009e-06 
0.0200281 0.0044012 0.899909 0.0311876 0.0444745 
0.0141019 0.000123234 0.955031 0.0281638 0.00257984 
0.0365041 0.0451218 0.750948 0.164545 0.00288085 
0.00377366 0.000425449 0.626861 0.367429 0.0015112 
0.0436134 1.4555e-05 0.891553 0.064305 0.00051417 
0.0480331 0.000681593 0.869445 0.0707476 0.0110927 
0.0731299 0.000964604 0.652284 0.21548 0.0581413 
0.0460214 1.37689e-05 0.785601 0.149316 0.0190479 
0.0368743 0.000513411 0.637219 0.244094 0.0812997 
0.233992 0.000131678 0.53586 0.216364 0.0136531 
0.0948999 0.000348393 0.472205 0.308657 0.123889 
0.195342 4.10084e-05 0.780509 0.015583 0.0085249 
0.0568067 0.00454841 0.646707 0.184508 0.107429 
0.276155 0.0159572 0.453061 0.250191 0.00463572 
0.163735 0.000827628 0.62272 0.187594 0.0251229 
0.0509102 0.00312879 0.692259 0.208169 0.0455328 
0.240027 0.0247385 0.583995 0.146911 0.00432886 
0.0266373 0.00145643 0.856245 0.104585 0.0110764 
0.0586442 0.000603994 0.935378 0.00219036 0.00318323 
0.243237 8.01979e-05 0.527566 0.22719 0.00192747 
0.141876 0.00233336 0.371465 0.290335 0.193991 
0.207726 0.00171285 0.553878 0.221569 0.015113 
0.0996907 0.000686069 0.762991 0.112657 0.0239756 
0.279842 0.00343952 0.561514 0.146852 0.00835289 
0.0666747 0.00287625 0.887173 0.0354956 0.00778033 
5.45376e-05 0.00830457 0.981679 2.59899e-05 0.00993625 
0.0409559 0.00104817 0.71152 0.139625 0.106851 
0.401242 0.000228289 0.44097 0.150671 0.00688852 
0.163917 0.000203905 0.421718 0.29974 0.11442 
0.0396987 0.00151565 0.645597 0.189968 0.123221 
0.131462 0.000133899 0.644807 0.173382 0.0502151 
0.0520576 0.000101429 0.463913 0.428942 0.0549854 
0.0333268 3.98639e-05 0.848237 0.0769767 0.0414195 
0.0466254 7.63787e-09 0.747883 0.205197 0.000295144 
0.0451008 3.54187e-05 0.754048 0.194858 0.00595759 
0.0136782 0.000665195 0.938407 0.0464087 0.000840584 
0.0520526 3.33589e-05 0.859703 0.0868641 0.00134689 
0.0480064 0.00181941 0.818543 0.0939892 0.037642 
0.222548 1.51779e-06 0.416332 0.354703 0.00641545 
0.0168024 0.00011653 0.932251 0.0484082 0.00242225 
0.0355238 1.81755e-07 0.782912 0.181562 2.20261e-06 
0.0161868 3.78271e-05 0.896649 0.0851418 0.00198477 
0.0200281 0.0044012 0.899909 0.0311876 0.0444745 
2.34113e-05 2.3839e-06 0.969482 0.00128229 0.02921 
0.213646 0.000148978 0.732236 0.04886 0.00510898 
0.159981 0.0012164 0.586714 0.160952 0.0911362 
0.243222 0.136362 0.436742 0.181689 0.00198586 
0.0728744 0.00168265 0.696678 0.180898 0.0478678 
0.0758535 0.000101496 0.796387 0.111454 0.0162041 
0.109709 0.0154975 0.560619 0.286795 0.0273796 
0.122125 1.25717e-06 0.618956 0.258918 1.71395e-08 
0.0420117 7.83915e-06 0.870307 0.08208 0.00559338 
0.401242 0.000228289 0.44097 0.150671 0.00688852 
0.00252142 1.12165e-05 0.958533 0.038038 0.000896556 
0.044025 7.22903e-05 0.833647 0.118653 0.00360308 
0.0167852 4.34458e-06 0.873833 0.106465 0.00291252 
0.0777123 0.00416841 0.563955 0.187965 0.1662 
0.0835647 0.000182104 0.506964 0.406941 0.00234846 
0.0586442 0.000603994 0.935378 0.00219036 0.00318323 
0.247633 4.40591e-07 0.495077 0.257173 0.000116139 
0.0230411 0.000238878 0.942208 0.0206794 0.0138328 
0.033934 0.24965 0.357298 0.21681 0.142308 
0.1151 0.000114756 0.402492 0.366517 0.115776 
0.176179 0.0422272 0.471512 0.184256 0.125826 
0.0147122 0.00343412 0.577787 0.254904 0.149163 
0.033934 0.24965 0.357298 0.21681 0.142308 
0.0242488 7.64366e-05 0.674069 0.172436 0.12917 
5.45376e-05 0.00830457 0.981679 2.59899e-05 0.00993625 
0.0152239 8.86665e-05 0.949306 0.033485 0.00189602 
0.00236201 3.08698e-06 0.851455 0.146178 1.60822e-06 
0.0591976 4.30694e-07 0.59209 0.333699 0.0150131 
0.0138599 0.000440095 0.687975 0.191063 0.106663 
0.0399003 0.000105782 0.652814 0.221382 0.085798 
0.249773 4.58951e-06 0.414324 0.310255 0.0256432 
0.150546 3.51495e-05 0.69542 0.146958 0.00704114 
0.0353039 0.000925327 0.960907 0.000838644 0.00202485 
0.0290344 2.15188e-05 0.67431 0.273725 0.0229093 
0.0577802 0.000756727 0.453871 0.440833 0.0467594 
0.0147122 0.00343412 0.577787 0.254904 0.149163 
0.304454 0.000364355 0.382057 0.30152 0.0116049 
0.00989468 2.06414e-06 0.889461 0.0965145 0.00412822 
0.089415 0.00214755 0.622489 0.213774 0.0721741 
0.150005 1.3356e-05 0.663168 0.184104 0.0027103 
0.0660775 0.00104947 0.629745 0.262181 0.0409471 
0.0771008 0.000369863 0.636412 0.222238 0.0638789 
0.0473912 3.93605e-06 0.740669 0.208038 0.00389708 
0.0353158 0.00412189 0.731051 0.0893686 0.140143 
0.0141019 0.000123234 0.955031 0.0281638 0.00257984 
0.143921 0.0148551 0.440584 0.242032 0.158608 
0.0189377 6.04661e-05 0.862004 0.103831 0.0151667 
0.0290959 0.00266854 0.753066 0.166337 0.0488324 
0.0365751 0.000156619 0.761159 0.16804 0.0340691 
0.0299073 0.000148278 0.435546 0.307717 0.226681 
0.023125 4.58914e-05 0.920084 0.0557419 0.00100317 
0.0136666 0.000436814 0.954738 0.0102889 0.0208695 
0.0872265 0.000962872 0.689727 0.193952 0.0281311 
0.0377296 0.102551 0.655017 0.20112 0.00358271 
0.0396987 0.00151565 0.645597 0.189968 0.123221 
0.0568067 0.00454841 0.646707 0.184508 0.107429 
0.0657966 0.0651927 0.63214 0.222741 0.0141295 
0.136623 0.00648247 0.691852 0.131995 0.0330476 
0.0140286 2.0461e-09 0.955967 0.029297 0.000707391 
5.45376e-05 0.00830457 0.981679 2.59899e-05 0.00993625 
0.112772 0.000120688 0.798413 0.0673895 0.0213042 
0.0398616 8.77097e-05 0.786999 0.164574 0.00847716 
0.232484 0.000836345 0.437785 0.249691 0.0792042 
0.0794391 0.00227278 0.690154 0.179868 0.0482657 
0.0418531 0.000769483 0.910847 0.0451258 0.00140447 
0.145262 0.000243088 0.70231 0.130854 0.0213306 
0.0863676 0.00153556 0.537255 0.34641 0.0284324 
0.0883336 7.08226e-06 0.484637 0.221097 0.205925 
0.039282 0.000197304 0.926017 0.0184783 0.0160252 
0.255951 0.0529413 0.432932 0.0796169 0.178558 
0.00518774 3.79035e-05 0.764632 0.185862 0.04428 
0.0161868 3.78271e-05 0.896649 0.0851418 0.00198477 
0.0490571 0.000786783 0.850847 0.0864041 0.0129055 
0.0141019 0.000123234 0.955031 0.0281638 0.00257984 
0.0127137 0.00182905 0.414415 0.184102 0.38694 
0.194264 0.0596151 0.575232 0.168759 0.00212932 
0.0230411 0.000238878 0.942208 0.0206794 0.0138328 
0.121119 0.0485606 0.687784 0.0621344 0.080402 
0.0926597 0.000239188 0.539979 0.353077 0.0140445 
0.0205348 0.000435499 0.655599 0.189469 0.133962 
0.0555631 0.00025812 0.63248 0.183313 0.128385 
0.0658928 0.000642182 0.513205 0.409427 0.0108334 
0.0764481 0.00339445 0.62831 0.21858 0.073267 
0.137413 0.00918533 0.5123 0.240043 0.101058 
0.0350141 0.000192498 0.505021 0.253076 0.206696 
0.0122228 0.000394135 0.687619 0.233757 0.066007 
0.0117172 3.29839e-05 0.454367 0.139788 0.394095 
0.049561 0.000160488 0.649402 0.277845 0.0230318 
0.0213097 5.48091e-09 0.921854 0.0538815 0.00295472 
0.0509617 0.00102613 0.877772 0.0356769 0.0345634 
0.0506952 1.02957e-05 0.918945 0.0303101 3.96602e-05 
0.0368055 0.000182156 0.360974 0.284453 0.317585 
0.0567398 0.000806886 0.688352 0.184437 0.0696646 
0.0200281 0.0044012 0.899909 0.0311876 0.0444745 
0.0687027 0.000421666 0.73919 0.176365 0.0153203 
0.0267781 0.00220726 0.511253 0.3872 0.0725615 
0.0634029 0.000256072 0.680866 0.065623 0.189852 
0.0020078 5.2146e-08 0.993719 0.00424526 2.80759e-05 
0.151123 0.000912476 0.528002 0.270655 0.049308 
0.00764305 0.000207484 0.98702 0.00350609 0.00162358 
0.0568067 0.00454841 0.646707 0.184508 0.107429 
0.00652691 0.00595235 0.400996 0.197541 0.388983 
0.0534064 0.000310528 0.755084 0.147801 0.0433982 
0.0351847 0.000463854 0.757632 0.0924952 0.114224 
0.0680066 0.000151785 0.395382 0.324725 0.211735 
