0.12523 0.000554023 0.0242381 0.563997 0.28598 
0.0192082 0.000268064 0.0140024 0.62673 0.339792 
0.137632 0.00175895 0.390541 0.454665 0.0154028 
0.152942 0.000281348 0.0507377 0.777149 0.0188898 
0.258533 0.00086581 0.0675574 0.643777 0.0292672 
0.00558894 8.1303e-05 0.0452728 0.771796 0.177261 
0.304997 0.0162986 0.179377 0.479275 0.020053 
0.440498 0.00743648 0.0571031 0.494656 0.000305642 
0.108211 0.000384842 0.0848793 0.801956 0.00456904 
0.0981342 0.0194228 0.201843 0.525979 0.154621 
0.00203357 0.00215848 0.125101 0.772751 0.0979561 
0.337132 0.01321 0.131528 0.47211 0.0460202 
0.0901868 0.00174642 0.0865711 0.805272 0.0162237 
0.421649 0.00139408 0.0788957 0.466733 0.0313275 
0.312314 1.30442e-07 0.0416712 0.646014 6.77541e-07 
0.297539 3.32695e-05 0.238728 0.398063 0.065637 
0.0208412 0.000669111 0.0830612 0.872602 0.0228262 
0.199217 0.000204783 0.0978811 0.691523 0.0111742 
0.233925 0.000612465 0.180282 0.522918 0.0622633 
0.342607 2.33156e-05 0.0432512 0.606791 0.00732771 
0.100344 0.0620377 0.240766 0.338863 0.25799 
0.155245 0.00295758 0.111822 0.643207 0.0867688 
4.54709e-06 0.000134411 0.000349826 0.988504 0.0110074 
0.0197716 0.00405632 0.0759932 0.896525 0.00365413 
0.019667 0.0960117 0.0565743 0.783952 0.0437953 
0.0744061 3.57409e-05 0.0359251 0.833117 0.0565164 
0.161441 0.0101059 0.0542725 0.737543 0.0366373 
0.312314 1.30442e-07 0.0416712 0.646014 6.77541e-07 
0.184718 0.000282712 0.0156118 0.764011 0.0353768 
0.0407527 0.0203912 0.00060975 0.931312 0.00693443 
0.0986148 0.000108179 0.0475923 0.851335 0.00234935 
0.347111 9.67941e-05 0.0773157 0.562016 0.0134608 
0.0371637 4.44517e-06 0.41112 0.549698 0.00201358 
0.295445 0.00268706 0.060501 0.580468 0.0608987 
0.0840681 0.00928209 0.156381 0.538699 0.21157 
0.12668 0.159152 0.140105 0.504998 0.0690655 
0.247814 0.178423 0.140889 0.367773 0.0651001 
0.0618396 3.61623e-05 0.0250808 0.906213 0.00683002 
0.185925 0.000272144 0.0605801 0.388513 0.36471 
0.301047 0.00118611 0.0856025 0.603243 0.0089215 
0.0760086 0.00014365 0.117835 0.782539 0.0234744 
0.0175498 0.000690635 0.119948 0.44796 0.413851 
0.128654 0.0683252 0.0934607 0.490201 0.219359 
0.040317 0.00170812 0.18473 0.709329 0.0639161 
0.0629059 0.00022815 0.169412 0.668759 0.0986943 
0.352956 0.000403786 0.036659 0.589129 0.020852 
0.0014445 0.000238153 0.219891 0.77537 0.00305645 
0.0552035 0.000444671 0.356463 0.358878 0.229011 
0.055442 0.0831374 0.0222677 0.816122 0.023031 
0.0903416 0.000224634 0.084144 0.790705 0.0345846 
0.144526 0.00663677 0.0987469 0.722584 0.0275067 
0.251361 0.0714067 0.285175 0.29735 0.0947065 
0.0288058 0.0538269 0.0222862 0.89252 0.0025615 
0.200419 0.0128756 0.315538 0.430595 0.0405725 
0.011656 9.06983e-05 0.0345771 0.947618 0.00605802 
0.0203944 6.16468e-05 0.0385625 0.930332 0.0106491 
0.0371637 4.44517e-06 0.41112 0.549698 0.00201358 
0.0918418 0.000284832 0.0982202 0.713313 0.0963406 
0.00110141 0.00261423 0.144236 0.623689 0.228359 
0.374356 0.000460794 0.0179175 0.598116 0.00915005 
0.081959 0.0890679 0.00277673 0.532296 0.2939 
0.255689 0.00582583 0.0833814 0.531621 0.123483 
0.113889 1.96582e-05 0.0272428 0.849403 0.00944486 
0.384863 5.61605e-05 0.170538 0.409203 0.0353402 
0.0458969 0.0142753 0.0229093 0.892611 0.0243078 
0.0260216 0.0016176 0.0478285 0.908051 0.0164814 
0.0243113 0.00045336 0.0475702 0.876523 0.0511421 
0.135038 0.0017635 0.196306 0.647475 0.0194183 
0.0681652 6.17139e-05 0.0370407 0.864562 0.0301708 
0.261269 5.55688e-05 0.078812 0.595564 0.0642989 
0.0390672 0.00203891 0.0632036 0.708205 0.187485 
0.108982 0.000432283 0.105454 0.773819 0.0113135 
0.171631 0.0364873 0.0456378 0.735863 0.0103807 
0.0273266 0.0281363 0.106638 0.825464 0.0124358 
0.468934 0.000197372 0.0418866 0.471762 0.0172199 
0.346957 0.0123569 0.0966806 0.540178 0.00382728 
0.0479677 0.00557322 0.0554725 0.88951 0.0014766 
0.0939594 0.029475 0.0443301 0.826345 0.00589072 
0.371321 0.00391457 0.0926375 0.520285 0.0118418 
0.0520833 6.17545e-05 0.0260227 0.792687 0.129146 
0.108132 0.0169952 0.106007 0.652919 0.115946 
0.0371637 4.44517e-06 0.41112 0.549698 0.00201358 
0.457384 3.75086e-06 0.0148266 0.527353 0.000432476 
0.0751207 1.92811e-05 0.142281 0.774007 0.00857165 
0.173538 9.18659e-05 0.00967085 0.815986 0.000713672 
0.0150285 0.0104135 0.0318081 0.929445 0.0133046 
0.273198 2.78579e-06 0.0855209 0.62584 0.0154388 
0.0152628 5.62715e-06 0.287637 0.694051 0.00304338 
0.248683 0.00721982 0.00205222 0.401319 0.340726 
0.257457 0.00647506 0.0473613 0.67863 0.0100759 
0.366395 0.0100234 0.0759122 0.4731 0.0745691 
0.0602401 0.000218627 0.10467 0.661989 0.172882 
0.280819 0.00124708 0.0493527 0.655004 0.0135772 
0.217334 7.76902e-05 0.0545068 0.643788 0.0842941 
0.109492 0.000758207 0.0769477 0.756276 0.0565263 
0.000125619 8.66103e-05 0.000522617 0.998815 0.000449875 
0.447809 3.4972e-05 0.022164 0.473907 0.0560855 
0.127728 0.00867107 0.0218102 0.81992 0.0218702 
0.33824 0.00117587 0.160744 0.404795 0.095045 
0.0777702 0.0725862 0.104256 0.390996 0.354392 
0.00323251 1.66185e-05 0.0103429 0.973856 0.0125523 
0.167216 2.9529e-05 0.0217773 0.806499 0.00447758 
0.0842889 0.000170172 0.0946535 0.799547 0.0213402 
0.146222 0.000252574 0.0739852 0.758595 0.0209447 
0.370537 2.32898e-05 0.0326713 0.591904 0.00486438 
0.29748 0.000691326 0.10281 0.585897 0.0131216 
0.0879086 0.0109179 0.269481 0.52835 0.103343 
0.0451531 0.01016 0.0970118 0.701829 0.145846 
0.0126564 0.000156831 0.0776525 0.883261 0.0262735 
0.0193048 0.000187433 0.298028 0.671932 0.0105484 
0.333273 0.000198844 0.0446486 0.547724 0.0741555 
0.0455453 1.1848e-05 0.29898 0.653154 0.00230797 
0.0398624 0.10332 0.107012 0.748702 0.00110343 
0.0741787 0.000298761 0.220703 0.628492 0.0763276 
0.00689701 0.00438757 0.221324 0.389847 0.377544 
0.0531661 1.84118e-05 0.159845 0.784934 0.00203702 
0.0371637 4.44517e-06 0.41112 0.549698 0.00201358 
0.203708 0.000263872 0.321637 0.399533 0.0748571 
0.0983346 4.49292e-07 0.446252 0.45541 2.1688e-06 
0.324251 0.000190852 0.041698 0.611324 0.0225365 
0.274227 0.00405774 0.0850485 0.62955 0.00711633 
0.0705609 5.27546e-05 0.0215276 0.890907 0.0169515 
0.144907 9.89372e-05 0.109286 0.739851 0.00585781 
0.025097 0.0967899 0.00151257 0.770813 0.105787 
0.0288058 0.0538269 0.0222862 0.89252 0.0025615 
0.0556516 0.000353122 0.0505265 0.607844 0.285625 
0.106059 0.0037806 0.00737882 0.879659 0.00312279 
0.0522072 0.000359074 0.110056 0.815077 0.0223002 
0.134893 0.00819555 0.137784 0.481966 0.23716 
0.154141 0.000144873 0.186344 0.45852 0.200851 
0.122971 0.000208878 0.170063 0.666905 0.0398521 
0.403067 8.37539e-05 0.000561782 0.580095 0.0161928 
0.260653 0.000119573 0.0206315 0.660308 0.0582876 
0.0494873 0.164533 0.0054781 0.506344 0.274157 
0.0818938 0.000351503 0.195485 0.425274 0.296996 
0.124479 0.0014033 0.234905 0.414809 0.224403 
0.278099 0.0797443 0.0157378 0.468485 0.157934 
0.141401 1.33943e-09 0.0618181 0.485089 0.311692 
0.267534 4.22265e-05 0.0192348 0.711373 0.00181587 
0.251566 2.73318e-05 0.0473176 0.546979 0.154111 
0.0899664 0.00278791 0.0435358 0.841514 0.0221963 
0.146839 0.00102072 0.0254991 0.811823 0.0148185 
0.0796844 0.0104156 0.0669273 0.833087 0.00988573 
0.052957 0.00020389 0.242198 0.650917 0.0537245 
0.075094 0.0193352 0.130184 0.773693 0.00169417 
0.012389 0.00018674 0.0906429 0.886015 0.0107663 
0.0455453 1.1848e-05 0.29898 0.653154 0.00230797 
0.0100456 7.99191e-05 0.304173 0.437171 0.24853 
0.305796 0.000169009 0.215402 0.477085 0.00154751 
0.0283562 0.0074588 0.0385139 0.882854 0.042817 
0.00101138 0.0155881 0.0204327 0.958946 0.0040216 
0.0320939 0.000388033 0.0847198 0.675086 0.207712 
0.244129 0.00203703 0.106165 0.633978 0.0136911 
0.1421 7.114e-05 0.118361 0.618855 0.120613 
0.122813 0.00270961 0.0968263 0.732647 0.045004 
0.400866 0.00236101 0.0319766 0.560797 0.00399967 
0.123354 0.000870719 0.0628586 0.786685 0.0262315 
0.0810147 0.00216972 0.0953896 0.714783 0.106643 
0.116909 5.85762e-05 0.0759419 0.776429 0.0306614 
0.104097 0.000630839 0.123803 0.665341 0.106127 
0.02205 0.000375601 0.276669 0.533053 0.167852 
0.0150089 0.00760715 0.0508635 0.908428 0.0180925 
0.0166635 0.00053059 0.0652552 0.912168 0.00538301 
0.172893 8.11619e-06 0.0859937 0.739685 0.00141997 
0.197758 0.000206384 0.0197608 0.764596 0.0176794 
0.379286 0.0196158 0.0585261 0.54154 0.00103237 
0.120933 3.66073e-05 0.00887767 0.870139 1.44006e-05 
0.0431779 5.09192e-05 0.0931175 0.524889 0.338765 
0.234963 0.000198762 0.168466 0.410895 0.185477 
0.0469737 5.47607e-05 0.074529 0.515284 0.363158 
0.0431289 0.000292795 0.0194836 0.923124 0.0139706 
0.249045 0.0572608 0.292624 0.390566 0.0105055 
0.0321809 0.0748821 0.00123224 0.730376 0.161328 
0.0915582 0.000109413 0.0824451 0.798429 0.0274587 
0.148141 0.000426034 0.161502 0.562927 0.127005 
0.207 0.000561282 0.265712 0.469218 0.0575081 
0.199233 0.000781663 0.0440299 0.393318 0.362637 
0.0141236 2.87529e-05 0.146287 0.606277 0.233284 
0.214406 5.24346e-05 0.00368986 0.778672 0.00318016 
0.342008 1.54936e-08 0.0608878 0.597104 2.27923e-08 
0.127785 0.000285353 0.066808 0.785886 0.019236 
0.390473 0.00872287 0.132219 0.433364 0.0352208 
0.416467 0.000884039 0.101824 0.449351 0.0314737 
0.104902 0.0336288 0.0778182 0.767964 0.0156876 
0.104446 0.00522877 0.0675828 0.675076 0.147667 
0.0905161 0.00310493 0.0638417 0.807972 0.0345657 
0.0772808 5.30794e-06 0.0756905 0.765707 0.0813169 
0.189127 0.000155137 0.0421833 0.740412 0.0281224 
0.0275726 0.000276133 0.0703165 0.82694 0.074895 
0.127952 4.27476e-05 0.0723486 0.786502 0.0131542 
0.050587 8.85026e-06 0.0345289 0.914873 2.22167e-06 
0.0404781 0.0162637 0.0167323 0.843945 0.0825812 
0.103646 4.58052e-05 0.182268 0.696028 0.0180134 
0.130273 7.2036e-05 0.0695757 0.79021 0.00986894 
0.160095 0.00104843 0.123163 0.584047 0.131646 
0.0857683 7.90564e-06 0.0144335 0.896471 0.0033194 
0.0491502 0.000318843 0.0968118 0.805068 0.0486508 
9.0361e-07 7.59167e-08 0.166564 0.831735 0.00170004 
0.0809594 0.00207393 0.0157204 0.841838 0.059408 
0.0685031 0.00484902 0.02583 0.873107 0.0277106 
0.223391 0.000145887 0.075967 0.696346 0.00415055 
0.0058447 0.000233123 0.10247 0.70795 0.183502 
0.0371637 4.44517e-06 0.41112 0.549698 0.00201358 
0.0431146 0.0377466 0.00463692 0.883496 0.0310061 
0.0449188 0.0046419 0.0769644 0.749694 0.123781 
0.0671061 0.0374378 0.00255123 0.860986 0.0319187 
0.0401815 7.28409e-05 0.321603 0.333476 0.304667 
0.0707417 0.0113455 0.031641 0.88225 0.00402145 
0.166132 0.0014376 0.0303352 0.715157 0.0869379 
0.0477366 6.05382e-05 0.237451 0.512273 0.202479 
0.236969 0.000743635 0.0309008 0.696291 0.0350959 
0.0867581 0.00935713 0.227617 0.646404 0.0298637 
0.0696068 0.000900226 0.0723727 0.800025 0.0570957 
0.39994 2.95797e-08 0.0121942 0.586807 0.00105797 
0.0185573 0.00523037 0.142633 0.721688 0.111891 
0.234935 0.00157525 0.11766 0.562274 0.0835566 
0.000132883 0.000442601 0.00477918 0.906227 0.0884181 
0.0599856 0.000755688 0.143637 0.773526 0.022095 
0.216918 0.000124515 0.068538 0.710174 0.00424578 
0.168313 0.000244254 0.0291471 0.768654 0.0336417 
0.166631 0.000400014 0.15872 0.551343 0.122905 
0.0738366 0.00184414 0.0738536 0.846093 0.00437312 
0.184137 0.00686263 0.0148219 0.637253 0.156926 
0.0575961 0.0548051 0.028358 0.818587 0.0406539 
0.113845 1.69218e-05 0.240883 0.500981 0.144273 
0.107384 0.259381 0.1072 0.280596 0.245438 
0.32086 0.000613696 0.0591613 0.61395 0.00541442 
0.00110959 0.00218307 0.0674868 0.890915 0.0383056 
0.107633 0.000912369 0.122321 0.757504 0.0116295 
0.0129418 0.0370264 0.00210968 0.94572 0.00220184 
0.341864 0.00161725 0.103948 0.530301 0.0222702 
0.0483772 0.0016707 0.143966 0.407186 0.3988 
0.0774812 1.3913e-05 0.0412345 0.880411 0.000859362 
0.00496784 0.000200746 0.0730921 0.729732 0.192007 
0.0114094 0.000400706 0.137891 0.80228 0.0480189 
0.260581 9.89138e-13 0.0251278 0.71412 0.000171641 
0.182684 0.0178813 0.0847726 0.647609 0.0670534 
0.272766 0.000472269 0.0739508 0.5998 0.0530112 
0.245513 0.000790621 0.125408 0.553311 0.0749767 
0.251557 0.000104747 0.325129 0.337546 0.0856635 
0.0255256 0.000680692 0.137021 0.681386 0.155386 
0.0240112 0.000445238 0.027169 0.847916 0.100458 
0.159367 9.6157e-05 0.168768 0.464244 0.207525 
0.0162 7.26939e-05 0.294722 0.56501 0.123995 
0.317356 0.00260073 0.0759715 0.556525 0.0475474 
0.10617 0.0243252 0.056245 0.624304 0.188956 
0.0232586 5.12106e-05 0.0273775 0.943269 0.00604363 
0.0923891 0.00718401 0.0732159 0.543833 0.283378 
0.0129418 0.0370264 0.00210968 0.94572 0.00220184 
0.460349 9.9678e-05 0.0242547 0.512394 0.00290282 
0.38122 0.00032101 0.0816829 0.532713 0.00406321 
0.0802917 5.16248e-08 0.14512 0.770493 0.00409559 
0.0942716 0.00848429 0.0875463 0.805607 0.00409076 
0.0696375 0.00389606 0.124093 0.752604 0.0497688 
0.0525466 3.06613e-05 0.0925342 0.808829 0.0460595 
0.116327 0.000455458 0.0852047 0.5474 0.250612 
0.0488302 0.001467 0.0996551 0.731046 0.119002 
0.0208702 7.09761e-05 0.272708 0.696658 0.00969347 
0.0126887 0.00266479 0.098346 0.487824 0.398476 
0.0190667 0.000887685 0.0304717 0.909446 0.0401277 
0.180417 0.00420086 0.0326662 0.685205 0.0975112 
0.0189747 0.0334001 0.0368016 0.869623 0.0412006 
0.0671238 0.00103235 0.134287 0.700371 0.0971861 
0.0756769 0.0254016 0.0283146 0.77656 0.0940472 
0.232112 0.00536269 0.0232853 0.516524 0.222716 
0.0222929 0.000444074 0.0320634 0.691812 0.253387 
0.063687 0.0186828 0.0996804 0.677205 0.140744 
0.0120649 0.000173385 0.275601 0.553506 0.158655 
0.0689191 0.0429428 0.231702 0.619216 0.0372207 
6.55258e-05 1.22428e-08 0.00635722 0.967568 0.0260091 
0.0371637 4.44517e-06 0.41112 0.549698 0.00201358 
0.100041 0.00759945 0.061722 0.766297 0.0643409 
0.192615 0.316368 0.0122083 0.431391 0.0474175 
0.272866 0.0825046 0.117849 0.510646 0.0161346 
0.121822 1.31593e-05 0.375269 0.43177 0.0711257 
0.37383 0.00633883 0.0639219 0.548969 0.00694035 
0.312314 1.30442e-07 0.0416712 0.646014 6.77541e-07 
0.106272 0.0804366 0.123121 0.639168 0.0510032 
0.0792168 3.71929e-05 0.353293 0.439894 0.127559 
0.0755233 9.61889e-06 0.210304 0.651354 0.0628086 
0.024776 0.00387579 0.126693 0.794754 0.0499015 
0.0963936 0.00042193 0.205407 0.681791 0.0159859 
0.24182 0.0181845 0.0581464 0.66358 0.0182691 
0.334983 0.116553 0.16974 0.351474 0.0272505 
0.0334808 4.38392e-05 0.00985223 0.947792 0.0088314 
0.135327 0.000134088 0.0995838 0.735776 0.0291792 
0.118681 4.24965e-05 0.0690689 0.707181 0.105027 
0.0116232 6.68319e-12 0.154868 0.721931 0.111578 
0.0716894 0.00110291 0.0772238 0.780593 0.0693904 
0.266162 0.00621971 0.0704481 0.641403 0.0157672 
0.414591 7.97828e-05 0.118792 0.439373 0.0271643 
0.00988295 0.00368495 0.130428 0.758293 0.0977116 
0.0834795 9.44637e-05 0.0369 0.875861 0.00366526 
0.369998 3.9572e-05 0.020416 0.56475 0.0447957 
0.38306 0.0279456 0.0111054 0.4642 0.113688 
0.00968548 1.43342e-07 0.0761828 0.822325 0.0918066 
0.120078 1.62342e-05 0.1771 0.701046 0.00175987 
0.402078 0.00403047 0.110684 0.440755 0.0424525 
0.395764 7.65506e-05 0.141311 0.452272 0.0105759 
0.0376078 0.0346455 0.0974936 0.817612 0.012641 
0.313889 0.00497263 0.0636917 0.353689 0.263758 
0.197014 0.000463683 0.0589853 0.736853 0.00668407 
0.380855 0.00105157 0.129967 0.468936 0.0191906 
0.341516 0.00231316 0.0774618 0.566071 0.0126379 
0.0371637 4.44517e-06 0.41112 0.549698 0.00201358 
0.0232698 0.0133034 0.0438673 0.903452 0.0161075 
0.201632 0.000143588 0.109451 0.68595 0.00282418 
0.0741737 0.0582451 0.0167083 0.843318 0.0075546 
0.178511 0.000105814 0.016485 0.758548 0.0463502 
0.0533192 2.1107e-05 0.0599569 0.878886 0.00781678 
0.301002 0.00111014 0.135264 0.307837 0.254787 
0.192208 0.00385154 0.0877348 0.667911 0.0482952 
0.404772 0.0120157 0.0911458 0.487631 0.00443554 
0.123529 0.000374334 0.0434457 0.831319 0.00133152 
0.127242 0.00615581 0.0637297 0.420558 0.382314 
0.393695 0.000616399 0.0959882 0.495089 0.0146115 
0.0247602 0.00290994 0.0504914 0.893702 0.0281362 
0.114859 5.62361e-05 0.0258993 0.85134 0.00784525 
0.366818 0.0448974 0.0824916 0.496699 0.00909449 
0.0113648 5.26863e-05 0.165647 0.81919 0.00374522 
0.093895 0.000228421 0.078514 0.789265 0.0380975 
0.163899 2.00527e-05 0.0227519 0.811421 0.00190842 
0.0273266 0.0281363 0.106638 0.825464 0.0124358 
0.123484 2.97262e-05 0.0787187 0.632494 0.165273 
0.338443 0.000107638 0.0242247 0.620695 0.0165298 
0.0747056 0.000123431 0.0662002 0.753448 0.105523 
0.10429 0.00609396 0.0624364 0.571237 0.255942 
0.195716 4.46022e-05 0.0116435 0.786673 0.00592331 
0.159777 0.000436057 0.0149207 0.685766 0.139101 
0.00319958 0.00111559 0.249787 0.666954 0.0789441 
0.0825064 0.000312283 0.18713 0.671201 0.0588503 
0.0384995 2.30557e-05 0.0451101 0.904753 0.011614 
0.273552 0.00296709 0.230687 0.458668 0.0341273 
0.280381 0.0050706 0.0694675 0.60902 0.0360611 
0.0943507 0.00205083 0.0752851 0.804405 0.0239083 
0.02928 0.0177815 0.0242761 0.833458 0.0952044 
0.0047878 0.0306628 0.214662 0.692838 0.0570495 
0.0769266 0.000888452 0.178664 0.400481 0.34304 
0.344905 0.00126492 0.000694182 0.651714 0.00142157 
0.0848783 0.000242178 0.00731099 0.897442 0.0101263 
0.0225228 0.00975931 0.0852445 0.818639 0.0638341 
0.0260503 0.253683 0.130257 0.515707 0.0743028 
0.0485741 0.00195692 0.0470624 0.89871 0.00369629 
0.00682046 0.0401529 0.0835904 0.868118 0.00131811 
0.422121 0.00250588 0.0428848 0.526434 0.00605468 
0.402232 0.0282381 0.0263703 0.534753 0.00840676 
0.0163821 0.000624338 0.067047 0.723452 0.192494 
0.146935 0.000213201 0.121846 0.687621 0.0433845 
0.0246143 0.000945247 0.0744594 0.870924 0.0290575 
0.127584 0.000650698 0.119032 0.692708 0.0600259 
0.00929276 0.00161265 0.0574845 0.49991 0.4317 
0.153164 0.000886923 0.309181 0.368761 0.168007 
0.0786786 0.210195 0.183809 0.291768 0.235549 
0.0340613 0.00264904 0.0985354 0.81912 0.045634 
0.0563694 0.000152418 0.391038 0.536518 0.0159221 
0.0250626 6.33523e-08 0.33555 0.526517 0.112871 
0.182948 0.000142044 0.168983 0.638368 0.00955854 
0.27876 0.0111879 0.114895 0.577278 0.0178786 
0.00119544 0.00023771 0.0144228 0.96587 0.0182741 
0.2354 0.000353672 0.212874 0.52086 0.0305128 
0.135955 7.57881e-07 0.260174 0.594031 0.00983943 
0.0376881 0.000158122 0.197555 0.76137 0.00322868 
0.0508086 0.000160058 0.102226 0.838914 0.00789164 
0.107839 0.00339867 0.0704069 0.760286 0.0580695 
0.271112 2.65172e-05 0.0426558 0.678972 0.0072335 
0.0963031 0.000327927 0.180755 0.516463 0.20615 
0.000681538 1.51775e-05 0.00107356 0.997007 0.00122284 
0.226319 2.02609e-05 0.0284047 0.742528 0.00272723 
0.105283 0.0205995 0.0236633 0.844723 0.00573201 
0.234043 0.00260618 0.0711517 0.610861 0.0813389 
0.201311 0.00026842 0.0716355 0.718155 0.00862983 
0.00757796 1.22419e-05 0.00548191 0.520511 0.466417 
0.050203 1.59164e-05 0.199236 0.728405 0.0221394 
0.305393 1.26823e-05 0.073798 0.615571 0.00522515 
0.1174 0.00655344 0.00526068 0.567269 0.303517 
0.263687 0.147676 0.106441 0.439519 0.0426772 
0.0231726 1.57884e-05 0.035706 0.939352 0.00175377 
0.00267156 0.00544128 0.122073 0.790224 0.07959 
0.119229 1.91506e-06 0.00847621 0.872154 0.000139193 
0.0289798 0.000183009 0.0572879 0.748173 0.165377 
0.00875869 5.53187e-05 0.159056 0.823883 0.00824632 
0.24478 0.00712063 0.0407615 0.667902 0.0394357 
0.242894 0.00602326 0.0312278 0.717144 0.00271102 
0.120399 0.0425394 0.0408658 0.743158 0.0530379 
0.0604945 0.0109306 0.0533824 0.855415 0.0197771 
0.0927373 0.226596 0.0795358 0.577712 0.0234184 
0.206605 0.0161013 0.0602004 0.695123 0.0219703 
0.366576 0.00582837 0.10401 0.519544 0.00404193 
0.02083 4.8898e-06 0.152334 0.824357 0.00247426 
0.0814369 0.00252746 0.0513645 0.85632 0.00835123 
0.4186 0.000623029 0.00753785 0.435001 0.138238 
0.0371637 4.44517e-06 0.41112 0.549698 0.00201358 
0.041873 0.000964009 0.080653 0.867048 0.00946209 
0.0216796 0.00233228 0.11049 0.551044 0.314454 
0.117487 0.00117111 0.328945 0.53159 0.0208068 
0.115688 0.00908039 0.0117774 0.691945 0.171509 
0.0620836 3.34043e-05 0.0202951 0.915957 0.00163095 
0.24306 0.0103317 0.214615 0.384626 0.147367 
0.0130186 4.48925e-06 0.0182105 0.968098 0.000668414 
0.0393533 0.00299221 0.0352932 0.868382 0.0539789 
0.273109 0.00949585 0.0879849 0.628605 0.000805099 
0.355185 0.00390111 0.0743507 0.544997 0.0215669 
0.0452141 2.54147e-06 0.0392087 0.910511 0.00506383 
0.175272 0.104084 0.308488 0.390898 0.0212585 
0.0014445 0.000238153 0.219891 0.77537 0.00305645 
0.448939 0.000107787 0.0696392 0.48096 0.000354669 
0.339529 0.000592872 0.112171 0.46535 0.0823565 
0.171358 0.000849341 0.257083 0.551657 0.0190521 
0.0058447 0.000233123 0.10247 0.70795 0.183502 
0.413529 0.00954466 0.10905 0.451725 0.0161509 
0.414987 0.00153915 0.0949579 0.466887 0.0216292 
0.360593 0.000150045 0.0223379 0.606681 0.0102381 
0.0115147 3.79788e-06 0.0189983 0.886993 0.0824897 
0.24083 0.0166851 0.160574 0.514472 0.0674394 
0.458201 0.000144176 0.0391378 0.501143 0.00137452 
0.108785 0.053779 0.0872849 0.736393 0.0137585 
0.336468 0.00596981 0.0640889 0.590185 0.00328749 
0.00406865 0.00025751 0.0927888 0.87591 0.0269752 
0.0877383 0.000498166 0.125127 0.678452 0.108184 
0.345162 0.000735774 0.0748157 0.540811 0.0384755 
0.368381 0.00211088 0.0115514 0.617956 1.1105e-06 
0.0563694 0.000152418 0.391038 0.536518 0.0159221 
0.417185 0.0358566 0.07557 0.462267 0.00912155 
0.186167 0.03075 0.00929493 0.736109 0.0376784 
0.0737807 0.00401655 0.0863939 0.743869 0.09194 
0.293067 0.000104188 0.0402696 0.66627 0.000289254 
0.350182 0.000725666 0.171772 0.461835 0.0154849 
0.211546 0.130986 0.00309502 0.653068 0.00130522 
0.0927373 0.226596 0.0795358 0.577712 0.0234184 
0.175237 4.89141e-05 0.275136 0.389207 0.160371 
0.276411 0.019095 0.107646 0.496099 0.100749 
0.0593861 0.146074 0.0491811 0.481522 0.263836 
0.403705 0.00138999 0.0701651 0.461698 0.0630416 
0.0792991 0.0427381 0.0755165 0.651509 0.150937 
0.462731 5.37568e-05 0.0113662 0.514215 0.0116336 
0.01609 1.35474e-05 0.0938613 0.885755 0.00428043 
0.100678 0.000124968 0.116463 0.753179 0.029555 
0.0901126 0.004455 0.00430801 0.591143 0.309982 
0.105414 5.81344e-05 0.112775 0.769344 0.0124087 
0.062064 0.000153352 0.251504 0.461759 0.22452 
0.188846 0.00055183 0.181226 0.614855 0.0145206 
0.0715528 0.00124662 0.0800955 0.806479 0.0406265 
0.0202717 0.000304734 0.203113 0.67682 0.0994906 
0.167414 0.0105973 0.112644 0.670852 0.0384925 
0.106683 0.0014688 0.342774 0.493941 0.0551337 
0.0155696 0.000506625 0.0956814 0.613336 0.274906 
0.374102 0.000719057 0.10571 0.473492 0.0459769 
0.212016 0.00157394 0.0753005 0.403223 0.307887 
0.161441 0.0101059 0.0542725 0.737543 0.0366373 
0.284514 0.000165189 0.0256343 0.681557 0.00812954 
0.0353817 0.0506914 0.0566678 0.516323 0.340936 
0.335722 0.000132833 0.227982 0.434028 0.00213443 
0.00210645 0.000133788 0.0617082 0.915069 0.0209828 
0.17305 0.0103255 0.133243 0.588387 0.0949935 
0.108481 0.000204001 0.011822 0.866586 0.0129068 
0.0413915 0.199767 0.0733608 0.502029 0.183451 
0.0368386 0.000192562 0.0695008 0.882387 0.0110814 
0.00912615 6.84668e-07 0.168182 0.666598 0.156094 
0.139113 0.0756821 0.0342685 0.507184 0.243752 
0.0448001 0.0690269 0.120039 0.730023 0.0361105 
0.161087 0.0535136 0.0948007 0.668067 0.0225315 
0.125464 0.00015833 0.0698795 0.672935 0.131563 
0.130629 0.000378281 0.0248415 0.820393 0.0237588 
0.173034 0.000171578 0.0856972 0.732138 0.00895959 
0.00203357 0.00215848 0.125101 0.772751 0.0979561 
0.0481571 0.000303195 0.15284 0.657221 0.141478 
0.00119544 0.00023771 0.0144228 0.96587 0.0182741 
0.0614073 0.00017215 0.432449 0.439987 0.0659849 
0.130626 0.004793 0.107701 0.715424 0.0414556 
0.109021 2.81015e-06 0.0362191 0.852833 0.00192396 
0.132025 0.0481109 0.0229161 0.793698 0.00324962 
0.0327073 0.00050161 0.16316 0.767497 0.0361338 
0.177853 3.97472e-05 0.0309205 0.781529 0.00965729 
0.148007 0.000202549 0.0535793 0.787253 0.0109581 
0.000173532 1.63159e-05 0.000656536 0.999069 8.48411e-05 
0.163394 0.00599027 0.17594 0.62069 0.0339859 
0.229499 0.000680389 0.169109 0.333995 0.266717 
0.0630428 1.6519e-06 0.0104386 0.915687 0.0108296 
0.15122 0.00144908 0.187789 0.518793 0.140749 
0.138684 8.76977e-05 0.0472524 0.714737 0.0992395 
0.247423 0.000154434 0.250178 0.475272 0.0269724 
0.00258518 0.000111972 0.041772 0.887157 0.068374 
0.219956 0.000908253 0.0202491 0.706493 0.0523932 
0.308776 0.0985497 0.115929 0.451395 0.0253502 
0.319614 0.0396571 0.0622812 0.555472 0.0229764 
0.49825 0.000179224 5.9475e-06 0.501555 1.01713e-05 
0.0968896 0.0156981 0.351515 0.477028 0.0588693 
0.00730169 0.0107213 0.0498227 0.919411 0.0127438 
0.120809 0.000729656 0.104019 0.618105 0.156337 
0.204151 0.000679425 0.0400954 0.422423 0.332651 
0.236924 0.00011474 0.0893887 0.648381 0.025191 
0.0169475 0.000381385 0.355781 0.573414 0.0534756 
0.0475293 0.0568239 0.0204296 0.871215 0.00400268 
0.191243 0.0149577 0.235052 0.330135 0.228612 
0.122829 0.00112127 0.0878311 0.639395 0.148823 
0.122621 0.000678462 0.182301 0.563155 0.131244 
0.196593 0.000117256 0.0472412 0.742806 0.0132431 
0.0371637 4.44517e-06 0.41112 0.549698 0.00201358 
0.144359 0.014831 0.00348852 0.835899 0.00142227 
0.179265 7.71e-05 0.0317328 0.786234 0.00269049 
0.189471 0.000551842 0.0719866 0.631311 0.10668 
0.0778906 5.87176e-05 0.0841548 0.817467 0.0204293 
0.297146 0.00257428 0.224037 0.46999 0.00625237 
0.00889222 0.0063629 0.00379267 0.944197 0.036755 
0.00500769 4.76331e-05 0.0786016 0.818301 0.098042 
0.0692339 0.0797136 0.027437 0.514734 0.308881 
0.0487143 0.0220103 0.158219 0.712005 0.0590516 
0.431361 0.0076502 0.0585781 0.496007 0.00640344 
0.0674002 0.00405739 0.041503 0.852015 0.035024 
0.0908206 0.00655765 0.0411411 0.850358 0.0111222 
0.335225 8.01155e-05 0.0653506 0.597813 0.00153175 
0.0376881 0.000158122 0.197555 0.76137 0.00322868 
0.0733072 0.00065579 0.0790888 0.842329 0.00461955 
0.000606218 0.000301345 0.00372892 0.995248 0.000115973 
0.408569 6.05567e-05 0.0288968 0.556179 0.0062947 
0.199669 1.07589e-05 0.196191 0.598885 0.00524486 
0.338617 0.00343194 0.0676452 0.58574 0.00456578 
0.0787393 0.00615613 0.0255534 0.801604 0.0879467 
0.338443 0.000107638 0.0242247 0.620695 0.0165298 
0.123484 2.97262e-05 0.0787187 0.632494 0.165273 
0.144481 0.00168438 0.0642716 0.785897 0.00366636 
0.307166 0.0111849 0.05791 0.613565 0.0101742 
0.114773 8.93474e-06 0.00788564 0.868202 0.00913056 
0.12062 0.00590915 0.0778799 0.725868 0.0697228 
0.321703 0.000147526 0.0313766 0.645555 0.00121773 
0.0252552 0.00146261 0.154582 0.57581 0.24289 
0.0645065 2.60833e-05 0.187655 0.742702 0.00510986 
0.209853 0.0023305 0.12819 0.625638 0.033988 
0.13496 0.0329156 0.011932 0.805759 0.0144341 
0.139113 0.0756821 0.0342685 0.507184 0.243752 
0.155656 0.110956 0.141586 0.429284 0.162518 
0.214473 0.00123931 0.21968 0.354773 0.209834 
0.0227731 0.000318217 0.098136 0.872156 0.00661623 
0.00503934 0.000252688 0.0101863 0.809159 0.175363 
0.111703 0.0111094 0.0456069 0.799227 0.0323543 
0.034381 1.67273e-08 0.434474 0.525277 0.00586849 
0.130149 0.000193488 0.0800354 0.789061 0.000561207 
0.127191 7.96304e-05 0.00882268 0.857185 0.00672186 
0.0554364 3.25643e-05 0.14266 0.77561 0.0262603 
0.0190667 0.000887685 0.0304717 0.909446 0.0401277 
1.44402e-05 3.74802e-09 0.000116491 0.610165 0.389704 
0.0470369 0.00351585 0.116428 0.819773 0.0132462 
0.0103616 0.00180751 0.0919918 0.7414 0.154439 
0.133723 0.00354015 0.301797 0.407907 0.153034 
0.0711186 0.00243774 0.0590848 0.85712 0.0102385 
0.17997 0.0131392 0.0294458 0.747177 0.030268 
0.00256383 2.07556e-05 0.0916662 0.904288 0.0014615 
0.111178 7.58112e-05 0.0311862 0.72521 0.132351 
0.139113 0.0756821 0.0342685 0.507184 0.243752 
0.0104113 0.0260669 0.00270037 0.913601 0.0472208 
0.0382733 7.05094e-05 0.0604673 0.885728 0.0154605 
0.00773885 0.000245776 0.118035 0.465237 0.408743 
0.0531453 0.000100865 0.259097 0.494321 0.193336 
0.00119544 0.00023771 0.0144228 0.96587 0.0182741 
0.107099 6.27558e-06 0.0493987 0.839646 0.00385057 
0.299976 0.00629067 0.0760813 0.603673 0.013979 
0.0328832 0.287041 0.141312 0.407662 0.131102 
0.0493079 1.33921e-05 0.38834 0.552325 0.0100141 
0.307345 4.27696e-05 0.298032 0.344731 0.0498496 
0.00894219 1.44155e-05 0.00342174 0.986947 0.000674962 
0.278279 0.000130821 0.00580204 0.387891 0.327897 
0.0804498 0.0168962 0.096091 0.640176 0.166387 
0.441657 0.000301494 0.0249997 0.532419 0.000623476 
0.338443 0.000107638 0.0242247 0.620695 0.0165298 
0.132036 0.00396066 0.0250387 0.807581 0.031383 
0.149493 0.000161752 0.042403 0.748612 0.0593298 
0.0172041 4.16563e-05 0.0828015 0.48239 0.417562 
0.0164717 0.000453878 0.159189 0.577766 0.246119 
0.0849512 0.0310361 0.0297712 0.717568 0.136674 
0.0957771 9.36876e-05 0.0208267 0.810644 0.0726588 
0.00203289 4.70381e-05 0.00392834 0.981476 0.012516 
0.107074 8.12264e-05 0.0451941 0.823721 0.0239296 
0.0618396 3.61623e-05 0.0250808 0.906213 0.00683002 
0.0703723 0.000242756 0.375975 0.509504 0.0439068 
9.53006e-07 0.0103871 0.15563 0.549052 0.28493 
0.0107796 5.80412e-06 0.307594 0.511946 0.169675 
0.368381 0.00211088 0.0115514 0.617956 1.1105e-06 
0.341792 0.0147726 0.118301 0.522755 0.0023792 
0.0049695 0.279124 0.122106 0.298809 0.294992 
0.00376036 0.000138389 0.0404365 0.921332 0.0343323 
0.108997 0.000472822 0.082631 0.700666 0.107233 
0.202769 0.0001967 0.140431 0.63322 0.0233831 
0.0612253 7.49213e-08 0.0832416 0.604718 0.250815 
0.081959 0.0890679 0.00277673 0.532296 0.2939 
0.0491966 6.17288e-05 0.181556 0.564298 0.204887 
0.195642 0.0109409 0.069931 0.57511 0.148377 
0.431298 0.000230085 0.0433829 0.515839 0.00925051 
0.0294104 0.000115584 0.00856559 0.806456 0.155453 
0.0578631 0.00477684 0.0746971 0.764678 0.0979845 
0.333237 2.05517e-05 0.0162786 0.643033 0.0074303 
0.0195316 4.29453e-05 0.00184711 0.895893 0.0826858 
0.315982 6.55518e-07 0.106704 0.57731 3.0444e-06 
0.279161 4.83599e-05 0.0514188 0.390833 0.27854 
0.267768 0.000698096 0.0563644 0.661383 0.0137862 
0.164203 0.00113616 0.0402649 0.69557 0.0988256 
0.0101778 0.000211548 0.00681691 0.973283 0.00951024 
0.0814334 0.0440275 0.111231 0.73459 0.028718 
0.0219299 0.00480708 0.0116149 0.954219 0.0074295 
0.0284579 0.000129867 0.0482572 0.909743 0.0134123 
0.384055 0.00866321 0.104533 0.495941 0.0068069 
0.0508626 3.08506e-05 0.132221 0.698879 0.118006 
0.0133853 6.93697e-05 0.066031 0.918731 0.00178281 
0.0385306 0.000886958 0.103994 0.651239 0.20535 
0.143794 0.00858498 0.101443 0.735629 0.0105486 
0.0537468 2.91453e-05 0.0269392 0.906025 0.0132593 
0.158386 0.0687497 0.0538522 0.619605 0.0994071 
0.0904784 5.65844e-08 0.0658392 0.790822 0.0528607 
0.325128 0.000175317 0.0380028 0.631516 0.00517736 
0.0638212 4.62781e-05 0.0460168 0.8671 0.0230155 
0.0114665 1.09591e-06 0.0618954 0.924982 0.00165489 
0.0333656 0.0013837 0.17641 0.654292 0.134548 
0.326914 3.73549e-07 0.0768422 0.590758 0.00548585 
0.138516 0.00146341 0.171402 0.65495 0.033669 
0.108855 3.42534e-08 0.0706986 0.819932 0.00051454 
0.0835697 0.00511485 0.051911 0.838284 0.0211204 
0.120978 0.00171334 0.208167 0.470311 0.19883 
0.387149 0.0128274 0.136193 0.449503 0.0143272 
7.49464e-05 4.32997e-05 0.000307506 0.999265 0.000309567 
0.381466 3.56598e-05 0.012348 0.60615 1.33206e-08 
0.0615332 0.111813 0.0839032 0.716157 0.026594 
0.257136 0.00733795 0.045891 0.681978 0.00765693 
0.200277 0.00131491 0.0555787 0.731996 0.0108336 
0.00114734 0.000336645 0.0599332 0.9157 0.0228829 
0.335228 0.00133546 0.260772 0.390907 0.0117579 
0.0371637 4.44517e-06 0.41112 0.549698 0.00201358 
0.109273 8.20997e-05 0.141897 0.737845 0.010903 
0.348388 0.0311305 0.104622 0.499166 0.0166932 
0.0921144 0.014263 0.113876 0.735815 0.0439312 
0.38907 0.0022455 0.0750327 0.419893 0.113759 
0.133746 6.7022e-06 0.146373 0.718065 0.00180841 
0.272521 2.60865e-05 0.0626023 0.664354 0.000497047 
0.056076 0.0359623 0.0366507 0.698053 0.173258 
0.206424 0.000725327 0.0946623 0.621543 0.0766453 
0.0432836 0.0294413 0.0212183 0.834793 0.0712641 
0.0620836 3.34043e-05 0.0202951 0.915957 0.00163095 
0.21883 7.10223e-05 0.00393307 0.769301 0.00786475 
0.376403 4.97444e-05 0.162418 0.460955 0.000174737 
0.0529135 0.0161011 0.0989959 0.627947 0.204043 
0.10429 0.00609396 0.0624364 0.571237 0.255942 
0.10703 8.40335e-05 0.0188583 0.853479 0.0205491 
0.034128 0.00877137 0.259091 0.411792 0.286217 
0.215703 0.000738995 0.053987 0.712889 0.0166817 
0.303662 0.000202559 0.0171654 0.482312 0.196658 
0.000479602 0.000264559 0.0238517 0.96958 0.00582434 
0.0501798 0.000777993 0.061078 0.874208 0.0137565 
0.0226227 0.000138695 0.0450888 0.555424 0.376726 
0.190679 0.000138539 0.284601 0.389233 0.135349 
0.315175 4.25834e-05 0.0734023 0.605645 0.00573517 
0.0748276 0.0535229 0.01326 0.857801 0.000588115 
0.217505 0.00316756 0.126441 0.639836 0.0130499 
0.0130186 4.48925e-06 0.0182105 0.968098 0.000668414 
0.0313522 0.00654764 0.0539961 0.882901 0.0252035 
0.37554 8.96676e-07 0.0169866 0.599358 0.0081146 
0.101189 0.000228196 0.0689621 0.65876 0.17086 
0.0111505 8.61814e-05 0.106817 0.881438 0.000508282 
0.0236901 2.43357e-05 0.0657918 0.897982 0.0125116 
0.0589236 0.191321 0.00584732 0.734081 0.00982751 
0.0371637 4.44517e-06 0.41112 0.549698 0.00201358 
1.59604e-05 1.43871e-05 0.0888098 0.901147 0.0100128 
0.167216 2.9529e-05 0.0217773 0.806499 0.00447758 
0.253885 4.68277e-08 0.140417 0.543877 0.0618218 
0.0371637 4.44517e-06 0.41112 0.549698 0.00201358 
0.227125 2.5289e-05 0.289799 0.462457 0.0205932 
0.128462 0.0026925 0.126736 0.698119 0.0439904 
0.000321553 2.59927e-10 0.00269043 0.99696 2.80217e-05 
0.0657426 0.0186439 0.156578 0.607621 0.151415 
0.00866251 3.46307e-06 0.136127 0.777624 0.0775831 
0.0455378 0.00241339 0.088527 0.838493 0.0250291 
0.253278 2.38533e-05 0.0241005 0.706517 0.0160813 
0.348808 1.00187e-11 0.00451429 0.626617 0.0200611 
0.43075 0.00610334 0.0618627 0.468932 0.0323516 
0.103259 0.0154884 0.0503541 0.519399 0.311499 
0.00876885 0.000551545 0.0473964 0.892548 0.0507353 
0.00894219 1.44155e-05 0.00342174 0.986947 0.000674962 
0.0214293 0.00188194 0.155864 0.807466 0.0133586 
0.0917393 0.0731742 0.0246239 0.786748 0.0237146 
0.042951 0.00341189 0.155224 0.755717 0.042696 
0.00203357 0.00215848 0.125101 0.772751 0.0979561 
0.30525 0.0250535 0.0419374 0.613892 0.0138667 
0.0216871 2.87629e-08 0.262292 0.699112 0.0169092 
0.00364447 0.0595888 0.104413 0.71367 0.118683 
0.00657449 0.000133556 0.222315 0.426209 0.344768 
0.0409032 0.00321831 0.0856035 0.843651 0.0266237 
0.0588775 0.000792112 0.0111963 0.871951 0.0571827 
0.269893 0.00240352 0.151938 0.307738 0.268027 
0.195042 0.000956116 0.0814436 0.646578 0.0759801 
0.0738389 0.0122733 0.253607 0.358127 0.302153 
0.0692339 0.0797136 0.027437 0.514734 0.308881 
0.127093 0.000286656 0.151161 0.712934 0.00852549 
0.0990132 0.0341922 0.0506931 0.812077 0.00402477 
0.109142 5.90066e-05 0.00374565 0.88309 0.00396272 
0.246028 0.016367 0.0383052 0.656859 0.0424412 
0.0719977 6.40034e-05 0.14754 0.737919 0.042479 
0.0816117 0.00297868 0.324263 0.574246 0.0169008 
0.288429 1.86668e-05 0.147731 0.527948 0.0358723 
0.013524 0.00836276 5.20498e-05 0.977609 0.000451723 
0.00987117 0.000837285 0.0398068 0.905203 0.044282 
0.0952432 1.66749e-05 0.0047774 0.88391 0.0160528 
0.359409 0.00119606 0.105255 0.506007 0.0281328 
0.199951 0.00982621 0.232404 0.367102 0.190717 
0.291132 0.0223381 0.0813227 0.563533 0.0416743 
0.247704 0.00272264 0.0475925 0.681374 0.0206061 
0.37286 0.000366926 0.202251 0.396362 0.0281608 
0.326916 7.19093e-05 0.0212742 0.637739 0.0139986 
0.128511 6.64938e-05 0.0636578 0.801636 0.00612796 
0.416467 0.000884039 0.101824 0.449351 0.0314737 
0.175687 0.000368316 0.136783 0.544319 0.142842 
0.1009 0.0345111 0.222773 0.470736 0.17108 
0.480235 0.00178761 0.00453746 0.513116 0.000323941 
0.0244278 0.0750662 0.114429 0.680997 0.105079 
0.0618396 3.61623e-05 0.0250808 0.906213 0.00683002 
0.232607 0.00568174 0.125023 0.582462 0.0542261 
0.433107 0.00912009 0.0127652 0.483969 0.0610382 
0.25451 0.0015893 0.0248952 0.614657 0.104349 
0.204418 9.82438e-07 0.0209123 0.773507 0.00116253 
0.0369511 0.0049089 0.0752799 0.855213 0.027647 
0.0847609 0.0748677 0.0672188 0.772965 0.000187954 
0.0169279 0.00013458 0.0872114 0.88134 0.0143858 
0.0187466 0.0766482 0.0939688 0.804083 0.00655321 
0.0694827 0.00116706 0.251001 0.639664 0.0386859 
0.283085 0.000193022 0.120092 0.582548 0.0140815 
0.384697 0.00154429 0.023919 0.577605 0.0122343 
0.16821 0.00108829 0.145511 0.654478 0.0307121 
0.128421 0.000180149 0.119878 0.733729 0.0177915 
0.0635695 0.0111046 0.0454098 0.831574 0.0483424 
0.0588335 0.0101335 0.043862 0.865578 0.0215934 
0.354115 0.000153835 0.0904804 0.54882 0.00643083 
0.096311 0.00220895 0.0365386 0.816056 0.0488855 
0.0170989 0.000268874 0.0672683 0.909746 0.00561837 
0.124426 0.000277998 0.108571 0.757488 0.00923701 
0.249034 5.727e-06 0.0776272 0.639511 0.033822 
0.0236916 0.0532501 0.0519667 0.630469 0.240622 
0.0607004 0.000691651 0.11976 0.804204 0.0146435 
0.124062 0.0007864 0.111762 0.744011 0.0193782 
0.261454 0.00204495 0.111293 0.617061 0.00814679 
0.0383608 0.000388992 0.0775741 0.562892 0.320785 
0.0114524 0.0140791 0.0502594 0.843024 0.0811852 
0.216809 1.6935e-05 0.0440346 0.739121 1.854e-05 
0.00288134 0.000163068 0.349454 0.398735 0.248767 
0.0217351 2.29627e-05 0.0670545 0.854036 0.0571516 
0.169691 0.000403863 0.101042 0.632205 0.096658 
0.00978239 0.000327174 0.193547 0.787382 0.00896159 
0.234093 0.000201704 0.195988 0.541757 0.0279606 
0.0482504 2.27865e-05 0.0760909 0.8522 0.023436 
0.314552 0.000721281 0.13422 0.467635 0.0828713 
0.00330092 0.000721659 0.134679 0.853255 0.00804375 
0.296126 1.96517e-05 0.0331191 0.652382 0.0183531 
0.0682829 0.000198025 0.0141256 0.916484 0.000909268 
0.127197 0.0168474 0.15106 0.694664 0.0102321 
0.0902163 0.0337626 0.135414 0.560906 0.179702 
0.038764 5.26209e-08 0.00344182 0.957424 0.000370562 
0.212191 0.00241094 0.210102 0.288855 0.286442 
0.211126 0.0130074 0.137445 0.620249 0.0181722 
0.102725 0.0834306 0.292084 0.466465 0.055295 
0.000880351 0.000650669 0.416621 0.527816 0.0540319 
0.0755238 0.00075722 0.178364 0.570078 0.175277 
0.0274003 0.000687744 0.344396 0.368049 0.259467 
0.3275 2.59867e-07 0.0182902 0.650889 0.00331996 
0.148523 0.000286043 0.187001 0.628433 0.0357568 
0.0884805 0.000727768 0.144322 0.498064 0.268405 
0.0845248 3.29146e-06 0.0690914 0.514759 0.331622 
0.211155 5.4025e-05 0.000536586 0.779118 0.00913595 
0.309852 0.000142342 0.121074 0.550733 0.0181988 
0.163625 0.00372785 0.137415 0.6926 0.00263196 
0.0262579 0.00044147 0.194345 0.515293 0.263663 
0.313049 0.00748564 0.108313 0.560277 0.0108757 
0.338443 0.000107638 0.0242247 0.620695 0.0165298 
0.044042 0.00142881 0.173601 0.39899 0.381938 
0.109712 0.000477875 0.0299909 0.712617 0.147202 
0.0587994 1.73072e-05 0.390684 0.546523 0.00397664 
0.34205 0.0202768 0.0479276 0.503057 0.0866888 
0.081959 0.0890679 0.00277673 0.532296 0.2939 
0.185167 0.00045312 0.145855 0.644662 0.0238629 
0.0548222 0.000788387 0.101568 0.55129 0.291531 
0.19728 0.0356182 0.0371485 0.600138 0.129816 
0.233287 2.54647e-06 0.163751 0.545244 0.057715 
0.0769266 0.000888452 0.178664 0.400481 0.34304 
0.212182 3.6914e-07 0.08141 0.690632 0.0157756 
0.0794087 0.0282786 0.326955 0.504313 0.061045 
0.104034 1.01785e-05 0.057601 0.827777 0.0105779 
0.448285 0.000335704 0.023614 0.514769 0.0129965 
0.0156788 0.00109689 0.0369185 0.699389 0.246916 
0.0846558 0.00751213 0.0615929 0.84026 0.00597905 
0.098279 0.00428331 0.0618065 0.822092 0.0135391 
0.0355293 0.267435 0.0181597 0.411309 0.267567 
0.0387569 0.0106783 0.0723133 0.805901 0.0723508 
0.0429929 0.0124158 0.00357721 0.906236 0.0347779 
0.0636824 0.0117765 0.101763 0.79216 0.0306176 
0.0371637 4.44517e-06 0.41112 0.549698 0.00201358 
0.187836 0.00108775 0.116862 0.556907 0.137307 
0.163617 0.0115851 0.156595 0.663843 0.00435995 
0.195621 0.000162565 0.105883 0.661984 0.0363492 
0.0146844 0.000146088 0.125853 0.683078 0.176238 
0.0319118 0.00584034 0.0725598 0.609889 0.279799 
0.125226 0.000652502 0.0541042 0.796052 0.0239658 
0.412526 0.000723824 0.0900285 0.454098 0.0426241 
0.380596 0.000214302 0.0663129 0.502431 0.0504461 
0.152137 0.00152285 0.115981 0.646126 0.0842333 
