0.00653558 6.35788e-05 0.413911 0.13435 0.44514 
0.0035718 0.000196338 0.00610103 0.0302021 0.959929 
0.0602742 6.46934e-05 0.0730159 0.23644 0.630205 
0.0675947 0.000263219 0.0570596 0.400113 0.474969 
0.0634009 0.0262681 0.0148471 0.237477 0.658006 
0.00297664 0.00217952 0.037463 0.037553 0.919828 
0.000906467 0.000588088 8.60763e-05 0.00013907 0.99828 
0.0137925 0.000123223 0.104982 0.149574 0.731529 
0.000906467 0.000588088 8.60763e-05 0.00013907 0.99828 
0.242592 0.109363 0.157853 0.221359 0.268833 
0.0330928 1.33229e-05 0.00338034 0.00409928 0.959414 
0.000920328 0.000562244 2.83646e-06 0.000103478 0.998411 
0.0511841 1.51979e-05 0.194189 0.29828 0.456332 
0.000906467 0.000588088 8.60763e-05 0.00013907 0.99828 
0.211313 0.00475872 0.0533761 0.193175 0.537378 
0.0117909 0.151605 0.0301946 0.0565845 0.749826 
0.153514 0.00150816 0.26653 0.0888628 0.489585 
0.00297664 0.00217952 0.037463 0.037553 0.919828 
0.0146973 0.000121673 0.0665734 0.252624 0.665984 
0.00250663 0.000504817 0.0396961 0.248153 0.70914 
0.0128237 0.0146083 0.0494211 0.250355 0.672792 
0.0400042 0.000683477 0.0576912 0.26032 0.641301 
0.0290274 0.000630304 0.102682 0.299061 0.5686 
0.00643089 0.000343435 0.164247 0.399507 0.429471 
0.0702345 0.000291733 0.0259652 0.100157 0.803351 
0.208255 0.0314329 0.0288745 0.0823528 0.649085 
0.0603742 0.000122212 0.0247532 0.108853 0.805898 
0.00802225 2.39372e-05 0.00169178 0.0578228 0.932439 
0.00855447 0.00265486 0.326851 0.0934554 0.568484 
0.0117909 0.151605 0.0301946 0.0565845 0.749826 
0.0546022 0.00262797 0.153673 0.05984 0.729257 
0.00214095 0.000486372 0.0264633 0.141437 0.829472 
0.000906467 0.000588088 8.60763e-05 0.00013907 0.99828 
0.00297664 0.00217952 0.037463 0.037553 0.919828 
0.0440356 3.38616e-06 0.000877898 0.11087 0.844213 
1.10194e-06 1.10177e-06 0.322437 0.205742 0.471818 
0.0085693 0.0018973 0.100254 0.377112 0.512168 
0.0885632 0.000888996 0.00394869 0.105232 0.801367 
0.0423717 0.113185 0.0969217 0.368836 0.378685 
0.0515393 0.000809206 0.0356379 0.360727 0.551287 
0.00538125 0.000329262 0.0158491 0.0841625 0.894278 
0.000920328 0.000562244 2.83646e-06 0.000103478 0.998411 
9.26346e-07 0.00928345 0.0216391 0.0858605 0.883216 
0.00254859 0.0110718 0.011904 0.062019 0.912457 
0.129669 0.00526119 0.273394 0.273477 0.318199 
6.36495e-05 3.1069e-06 0.000139542 0.000378098 0.999416 
0.000920328 0.000562244 2.83646e-06 0.000103478 0.998411 
0.00155707 0.000303165 0.0308871 0.0500768 0.917176 
0.0305977 0.000155347 0.253374 0.333303 0.382569 
0.0212583 2.52042e-05 0.380916 0.169153 0.428648 
0.00287577 0.000580017 0.0155409 0.236131 0.744872 
0.0552571 0.000254344 0.235751 0.0892659 0.619472 
0.00401705 8.03484e-05 0.0584736 0.300106 0.637323 
0.0368489 0.000420872 0.192629 0.311103 0.458999 
0.00254859 0.0110718 0.011904 0.062019 0.912457 
0.196861 1.62086e-06 0.0244963 0.0839886 0.694652 
0.237676 0.000716514 0.199406 0.237974 0.324227 
0.000906467 0.000588088 8.60763e-05 0.00013907 0.99828 
0.000920328 0.000562244 2.83646e-06 0.000103478 0.998411 
0.00250663 0.000504817 0.0396961 0.248153 0.70914 
0.0456505 0.000384484 0.163418 0.267462 0.523085 
0.0481759 0.135242 0.016098 0.332179 0.468305 
0.00297664 0.00217952 0.037463 0.037553 0.919828 
0.024319 0.00243206 0.293444 0.169286 0.510519 
0.00698885 3.33221e-05 0.017489 0.125631 0.849858 
0.119872 0.00600196 0.119062 0.376494 0.378571 
0.000920328 0.000562244 2.83646e-06 0.000103478 0.998411 
0.000148728 0.000119549 0.00119008 0.0186578 0.979884 
0.00297664 0.00217952 0.037463 0.037553 0.919828 
0.00593952 0.000583693 0.0558661 0.232832 0.704779 
0.000906467 0.000588088 8.60763e-05 0.00013907 0.99828 
0.0484591 7.89201e-05 0.0686525 0.143266 0.739544 
0.00653158 8.75604e-05 0.0517937 0.179082 0.762505 
0.00230592 0.000425339 0.00203049 0.0169797 0.978259 
0.0291208 0.000422614 0.305449 0.281324 0.383684 
0.000920328 0.000562244 2.83646e-06 0.000103478 0.998411 
0.0713564 0.00427213 0.288478 0.266229 0.369665 
0.000920328 0.000562244 2.83646e-06 0.000103478 0.998411 
0.0512172 7.67475e-06 0.133922 0.317921 0.496932 
0.000227666 3.99469e-11 0.0974732 0.0237081 0.878591 
0.168845 0.000321394 0.079849 0.300973 0.450012 
0.00143521 0.000331325 0.193924 0.244047 0.560263 
0.000906467 0.000588088 8.60763e-05 0.00013907 0.99828 
0.00908353 0.00294763 0.000875744 0.111346 0.875747 
0.100881 6.91279e-05 0.00806229 0.100162 0.790826 
0.0774998 0.00399717 0.0799427 0.298752 0.539809 
0.00490469 0.000810987 0.0127385 0.490312 0.491234 
0.00127359 0.00566834 0.170742 0.326451 0.495864 
0.0702705 0.00106052 0.164052 0.23361 0.531007 
0.00802225 2.39372e-05 0.00169178 0.0578228 0.932439 
0.00343559 1.48396e-07 0.0172486 0.215291 0.764024 
0.160782 0.00011082 0.0160729 0.105366 0.717668 
0.0504054 0.00203016 0.185592 0.108046 0.653927 
0.000157784 0.000157912 0.000396572 0.0443239 0.954964 
0.0040277 0.000118929 0.11755 0.236208 0.642095 
0.0401686 0.000137951 0.181185 0.268401 0.510108 
0.0900954 0.000146819 0.0541689 0.297767 0.557822 
0.0646245 4.325e-07 0.0100259 0.395569 0.52978 
0.0101318 0.000251991 0.168596 0.0694855 0.751535 
0.0130421 4.80264e-06 0.165217 0.130676 0.691061 
0.0678899 0.00390946 0.106866 0.372807 0.448528 
0.0596954 0.000326224 0.11191 0.215814 0.612254 
0.046375 0.048998 0.166374 0.300429 0.437823 
0.00297664 0.00217952 0.037463 0.037553 0.919828 
0.000495455 9.3193e-05 0.000402545 0.00581173 0.993197 
0.00726894 8.30106e-06 0.0337124 0.116935 0.842075 
0.00254859 0.0110718 0.011904 0.062019 0.912457 
0.0030718 0.133765 0.0205824 0.0442066 0.798374 
0.0262799 0.000963914 0.0528375 0.140069 0.77985 
0.0305998 0.00207803 0.30215 0.138638 0.526534 
0.00297664 0.00217952 0.037463 0.037553 0.919828 
0.000268628 4.57835e-07 0.21179 0.00994586 0.777995 
0.0282539 0.0367353 0.058004 0.0109724 0.866034 
0.17964 0.000683491 0.201928 0.302612 0.315137 
0.00440101 5.56486e-05 0.0988588 0.326617 0.570067 
0.0236504 0.000551531 0.20347 0.373008 0.39932 
0.00499704 0.000492012 0.18046 0.137832 0.676219 
0.0833038 2.27716e-05 0.116904 0.289628 0.510141 
0.00335753 0.000127739 0.0487936 0.0898401 0.857881 
0.00264268 0.000158965 0.0761585 0.356788 0.564252 
0.000178925 0.000140482 0.00575827 0.00226121 0.991661 
0.0583779 4.02563e-05 0.164246 0.224111 0.553225 
0.0440145 0.0461858 0.066332 0.385218 0.45825 
0.00658193 0.00119685 0.0512951 0.390919 0.550007 
0.0147876 0.000262085 0.0452646 0.314782 0.624904 
0.0078908 0.0777283 0.0165348 0.389558 0.508288 
0.000906467 0.000588088 8.60763e-05 0.00013907 0.99828 
0.000920328 0.000562244 2.83646e-06 0.000103478 0.998411 
0.0398532 7.20514e-05 0.0978309 0.0968369 0.765407 
0.00777755 0.0029673 0.117864 0.133738 0.737654 
4.56606e-09 1.00278e-05 1.09133e-06 0.0101014 0.989887 
2.94088e-05 2.94041e-05 0.0147341 0.208841 0.776366 
0.011953 0.000114396 0.00990725 0.0893456 0.88868 
0.0189756 2.54064e-07 5.13328e-08 0.000199147 0.980825 
0.000906467 0.000588088 8.60763e-05 0.00013907 0.99828 
0.000906467 0.000588088 8.60763e-05 0.00013907 0.99828 
0.0883613 0.00534412 0.109876 0.115318 0.681101 
0.00297664 0.00217952 0.037463 0.037553 0.919828 
0.00497721 0.00154393 0.0119636 0.039532 0.941983 
0.00250663 0.000504817 0.0396961 0.248153 0.70914 
0.0117909 0.151605 0.0301946 0.0565845 0.749826 
0.000828433 5.02053e-07 0.0294994 0.104424 0.865247 
0.000906467 0.000588088 8.60763e-05 0.00013907 0.99828 
0.000906467 0.000588088 8.60763e-05 0.00013907 0.99828 
0.188582 0.00344896 0.0146556 0.25977 0.533544 
0.0331883 0.0023562 0.259686 0.113674 0.591096 
0.00297664 0.00217952 0.037463 0.037553 0.919828 
0.0380128 0.000192438 0.175005 0.109091 0.677699 
0.0193938 0.000778506 0.0905378 0.408916 0.480374 
0.000647691 0.000174685 0.360658 0.139791 0.498729 
0.0400388 0.00147807 0.0790978 0.422036 0.457349 
0.0389887 0.0415396 0.0393455 0.198887 0.68124 
0.321686 6.66465e-05 0.00570808 0.286605 0.385934 
0.00815719 0.0544934 0.0622443 0.424047 0.451058 
0.110095 0.00928699 0.260034 0.284603 0.335982 
0.0118056 8.54093e-05 0.148704 0.275486 0.56392 
0.209201 0.156363 0.0346979 0.21533 0.384407 
0.0118056 8.54093e-05 0.148704 0.275486 0.56392 
0.00962248 0.0178734 0.026808 0.445652 0.500044 
0.348286 8.52061e-06 0.00132732 0.199333 0.451045 
0.0262068 0.000579751 0.0361576 0.361563 0.575493 
0.0131339 0.000314247 0.31146 0.209679 0.465413 
0.0302793 6.36273e-05 0.330371 0.216991 0.422295 
0.00115063 0.000742353 0.0875533 0.104736 0.805817 
0.0232537 0.000225043 0.0645085 0.20838 0.703633 
0.184031 5.0003e-06 0.000797109 0.236818 0.578349 
0.00297664 0.00217952 0.037463 0.037553 0.919828 
0.0613665 0.0286076 0.186123 0.153022 0.570881 
0.0257846 0.000195487 0.173595 0.179426 0.620998 
0.00287674 0.00266651 0.156823 0.0730557 0.764578 
0.288928 0.00205501 0.0483582 0.29042 0.370239 
0.0724782 0.000147416 0.320982 0.267511 0.338881 
0.0153039 0.000121484 0.00992577 0.0999643 0.874685 
0.0811024 0.000251191 0.158234 0.0785976 0.681815 
0.0412119 0.00491701 0.319625 0.270012 0.364234 
0.0287979 0.000746066 0.272785 0.115904 0.581767 
0.00297664 0.00217952 0.037463 0.037553 0.919828 
0.00297664 0.00217952 0.037463 0.037553 0.919828 
0.0208364 5.38608e-05 0.0055879 0.0172256 0.956296 
0.0147791 0.00315516 0.0211763 0.354506 0.606383 
0.017779 0.000508143 0.127291 0.30139 0.553032 
0.00297664 0.00217952 0.037463 0.037553 0.919828 
0.350372 1.54695e-05 0.00490639 0.291462 0.353244 
0.00297664 0.00217952 0.037463 0.037553 0.919828 
0.00297664 0.00217952 0.037463 0.037553 0.919828 
0.000906467 0.000588088 8.60763e-05 0.00013907 0.99828 
0.0306467 0.000134054 0.21383 0.290888 0.464501 
1.3901e-05 0.0300605 0.0274535 0.0690357 0.873436 
0.000920328 0.000562244 2.83646e-06 0.000103478 0.998411 
0.172121 0.000257678 0.0309034 0.393437 0.403281 
0.000906467 0.000588088 8.60763e-05 0.00013907 0.99828 
0.00900835 0.000396028 0.0848189 0.39219 0.513587 
0.000920328 0.000562244 2.83646e-06 0.000103478 0.998411 
0.00113631 6.00218e-05 0.0985137 0.332436 0.567854 
0.0729223 0.000397113 0.0302105 0.237116 0.659354 
0.0729969 0.000467748 0.347914 0.147773 0.430848 
0.0213632 0.0018028 0.0351789 0.0798443 0.861811 
0.0167708 0.00302786 0.15233 0.311008 0.516864 
0.00932179 8.19731e-05 0.055228 0.378584 0.556785 
0.0481759 0.135242 0.016098 0.332179 0.468305 
0.00297664 0.00217952 0.037463 0.037553 0.919828 
0.00802225 2.39372e-05 0.00169178 0.0578228 0.932439 
0.0282539 0.0367353 0.058004 0.0109724 0.866034 
0.00298844 0.000194162 0.29643 0.206083 0.494305 
0.0460538 3.76039e-06 0.193354 0.121794 0.638795 
0.0153039 0.000121484 0.00992577 0.0999643 0.874685 
7.21554e-05 0.00040077 0.000313104 0.000716812 0.998497 
1.57379e-09 7.21461e-11 0.0407792 0.000716554 0.958504 
0.026923 0.0110768 0.0327118 0.0804718 0.848817 
0.0190094 0.00033778 0.141499 0.357784 0.481369 
0.081372 0.000307723 0.0239659 0.0792436 0.815111 
0.011953 0.000114396 0.00990725 0.0893456 0.88868 
0.00297664 0.00217952 0.037463 0.037553 0.919828 
0.00297664 0.00217952 0.037463 0.037553 0.919828 
0.116498 0.0220573 0.0302212 0.287583 0.543641 
0.132746 0.000203949 0.0261557 0.0665072 0.774387 
0.0483364 1.1398e-05 0.0227939 0.174452 0.754406 
0.0476803 0.000279669 0.041744 0.183081 0.727215 
0.00297664 0.00217952 0.037463 0.037553 0.919828 
0.00174593 0.0005698 8.31396e-06 0.000135882 0.99754 
0.0415615 0.0284824 0.120926 0.35613 0.4529 
0.288928 0.00205501 0.0483582 0.29042 0.370239 
3.43608e-05 3.43553e-05 3.43616e-05 3.43624e-05 0.999863 
0.0441735 0.000242052 0.0885189 0.308627 0.558438 
0.0143129 0.000893639 0.0523958 0.238258 0.69414 
0.00297664 0.00217952 0.037463 0.037553 0.919828 
0.0059835 0.00202025 0.0494838 0.157274 0.785238 
0.0111365 0.0830205 0.324244 0.240714 0.340885 
0.0585712 2.09513e-05 0.00473634 0.0777466 0.858925 
0.0519759 0.00888486 0.0795605 0.415446 0.444133 
6.2199e-05 0.000141995 0.0657702 0.0779848 0.856041 
0.019832 3.29931e-05 3.29991e-05 0.468631 0.511471 
0.045681 0.25264 0.0854976 0.266929 0.349252 
0.153065 8.80313e-05 0.000955767 0.400135 0.445756 
0.0406708 0.000127858 0.0172141 0.288297 0.65369 
0.011953 0.000114396 0.00990725 0.0893456 0.88868 
0.00214095 0.000486372 0.0264633 0.141437 0.829472 
0.0481759 0.135242 0.016098 0.332179 0.468305 
0.00440101 5.56486e-05 0.0988588 0.326617 0.570067 
0.188329 0.0118976 0.145314 0.246798 0.407661 
0.224176 0.0730307 0.131333 0.198839 0.372622 
0.00297664 0.00217952 0.037463 0.037553 0.919828 
0.00961349 0.0520581 0.047258 0.302316 0.588754 
0.032629 1.30985e-05 0.0728776 0.38199 0.51249 
0.030255 0.00284128 0.08188 0.197463 0.687561 
0.00802225 2.39372e-05 0.00169178 0.0578228 0.932439 
0.0102787 6.4515e-05 0.114838 0.400699 0.474119 
0.0674075 4.90887e-05 0.26119 0.0331105 0.638243 
0.00789232 9.95e-05 0.101983 0.252807 0.637218 
0.0075142 0.000348502 0.0697672 0.109499 0.812871 
0.00297664 0.00217952 0.037463 0.037553 0.919828 
0.058708 0.000718265 0.0523618 0.245327 0.642884 
0.0228326 0.019056 0.128754 0.307617 0.52174 
0.134359 0.000569288 0.138552 0.34802 0.3785 
0.195505 0.00382211 0.0417345 0.373357 0.385581 
0.00922813 0.00188177 0.148939 0.318307 0.521645 
0.036046 0.00180132 0.313714 0.295838 0.352601 
0.0312883 0.00604868 0.0710591 0.281728 0.609876 
0.0674075 4.90887e-05 0.26119 0.0331105 0.638243 
0.228629 0.000662189 0.0875111 0.290325 0.392872 
0.000906467 0.000588088 8.60763e-05 0.00013907 0.99828 
0.00297664 0.00217952 0.037463 0.037553 0.919828 
0.00440101 5.56486e-05 0.0988588 0.326617 0.570067 
0.0201168 0.000603517 0.056979 0.161992 0.760309 
0.0528381 0.000121602 0.277377 0.257829 0.411835 
0.011953 0.000114396 0.00990725 0.0893456 0.88868 
0.0361198 0.000199518 0.11449 0.143413 0.705778 
0.0980274 0.000932188 0.0495439 0.217536 0.63396 
0.0572676 0.0550262 0.103276 0.29952 0.484909 
0.00547105 6.638e-05 0.0271949 0.0957496 0.871518 
0.0546689 0.000173658 0.0527716 0.18411 0.708276 
6.44552e-07 7.33081e-08 0.066247 5.14217e-06 0.933747 
0.00517006 0.000626223 0.00833014 0.143203 0.84267 
0.0244806 0.0104255 0.0981067 0.275105 0.591882 
0.0229402 0.000646301 0.328001 0.267847 0.380565 
0.195463 0.000381353 0.0646521 0.166766 0.572738 
0.00297664 0.00217952 0.037463 0.037553 0.919828 
0.00254859 0.0110718 0.011904 0.062019 0.912457 
0.0012485 0.000377063 0.00526661 0.00503022 0.988078 
0.00706448 8.22522e-05 0.0311382 0.184153 0.777562 
0.0698455 0.00139541 0.268768 0.24182 0.418172 
0.272491 0.00419208 0.15425 0.153858 0.415208 
0.0582222 2.64484e-05 2.64532e-05 0.222238 0.719486 
0.0627468 0.000158845 0.245452 0.243618 0.448024 
1.73283e-05 2.40852e-05 0.00161108 4.37916e-06 0.998343 
0.000828433 5.02053e-07 0.0294994 0.104424 0.865247 
0.0227009 0.000337686 0.0752816 0.155665 0.746015 
0.00297664 0.00217952 0.037463 0.037553 0.919828 
0.00863048 0.00187817 0.0100592 0.00594188 0.97349 
0.213771 2.19547e-05 0.0129614 0.232578 0.540667 
0.00297664 0.00217952 0.037463 0.037553 0.919828 
0.0942527 0.0210076 0.0569752 0.391673 0.436091 
0.000906467 0.000588088 8.60763e-05 0.00013907 0.99828 
0.0100644 0.000240468 0.433072 0.0215748 0.535048 
0.00456525 0.0091278 0.106184 0.373601 0.506522 
0.00297664 0.00217952 0.037463 0.037553 0.919828 
0.0423974 0.021049 0.0938997 0.359054 0.4836 
0.326308 0.000189277 0.00229907 0.181698 0.489506 
0.171598 0.000992781 0.0325682 0.393565 0.401276 
0.00376668 0.000210317 0.364528 0.0424209 0.589074 
0.023621 2.51733e-07 0.0668669 0.34759 0.561922 
0.00432154 0.0170792 0.0440935 0.115156 0.81935 
0.00751786 0.000382005 0.0741084 0.389052 0.52894 
0.0443709 0.000169882 0.183921 0.288161 0.483377 
0.00733263 0.000745133 0.0549285 0.048775 0.888219 
0.000131225 1.33334e-08 2.69396e-09 7.79568e-05 0.999791 
0.0294792 0.0240942 0.0585376 0.267419 0.62047 
0.00238587 0.000331656 0.304891 0.183493 0.508899 
0.0449973 0.00159534 0.250959 0.185567 0.516881 
0.004441 6.04424e-06 0.053481 0.131552 0.81052 
0.00297664 0.00217952 0.037463 0.037553 0.919828 
0.0153614 0.00275027 0.130329 0.399815 0.451744 
0.0263122 0.000625352 0.0765682 0.202399 0.694096 
0.0396616 0.0507298 0.128154 0.347667 0.433788 
0.0153228 0.000542207 0.0861797 0.373659 0.524296 
0.000906467 0.000588088 8.60763e-05 0.00013907 0.99828 
0.168845 0.000321394 0.079849 0.300973 0.450012 
0.00565754 8.60955e-06 0.135578 0.0576477 0.801109 
0.000920328 0.000562244 2.83646e-06 0.000103478 0.998411 
1.20005e-05 4.03613e-05 8.15487e-06 4.56437e-06 0.999935 
0.000906467 0.000588088 8.60763e-05 0.00013907 0.99828 
0.000906467 0.000588088 8.60763e-05 0.00013907 0.99828 
0.0115275 0.00541155 0.0531269 0.351213 0.578721 
0.000906467 0.000588088 8.60763e-05 0.00013907 0.99828 
0.0159914 0.000216356 0.0840523 0.437162 0.462578 
0.248863 0.0252479 0.0229868 0.306883 0.396019 
0.00214095 0.000486372 0.0264633 0.141437 0.829472 
0.00230592 0.000425339 0.00203049 0.0169797 0.978259 
0.0703737 9.60928e-05 0.137074 0.182647 0.609809 
0.0117909 0.151605 0.0301946 0.0565845 0.749826 
0.0100533 2.53789e-05 0.331708 0.261537 0.396676 
0.0117909 0.151605 0.0301946 0.0565845 0.749826 
0.00297664 0.00217952 0.037463 0.037553 0.919828 
0.00802225 2.39372e-05 0.00169178 0.0578228 0.932439 
0.0646183 0.000722105 0.0561226 0.26351 0.615027 
0.0820196 0.000624997 0.136866 0.173896 0.606594 
0.000920328 0.000562244 2.83646e-06 0.000103478 0.998411 
0.0285386 0.00381251 0.0954906 0.381615 0.490543 
0.125257 2.31507e-05 0.241629 0.0721923 0.560899 
0.0782651 0.000486105 0.120403 0.185082 0.615764 
0.352394 0.000317669 0.238341 0.040438 0.36851 
0.167676 0.00072449 0.106785 0.273518 0.451297 
0.00463515 0.000255148 0.331176 0.323165 0.340769 
0.0143255 0.00092297 0.152662 0.228818 0.603272 
0.046834 0.0963416 0.00385934 0.407049 0.445916 
0.136842 0.000287681 0.0181441 0.237679 0.607047 
0.0394499 0.000201341 0.174838 0.173853 0.611658 
0.00297664 0.00217952 0.037463 0.037553 0.919828 
0.0159469 0.000235363 0.0242582 0.479045 0.480515 
0.00144908 0.00188148 0.0156831 0.230851 0.750135 
0.0350862 0.00287136 0.33846 0.183885 0.439697 
0.0191651 9.8149e-05 0.0816647 0.167479 0.731593 
0.000920328 0.000562244 2.83646e-06 0.000103478 0.998411 
0.000906467 0.000588088 8.60763e-05 0.00013907 0.99828 
0.00297664 0.00217952 0.037463 0.037553 0.919828 
8.67996e-06 8.17435e-06 0.372769 8.4945e-05 0.627129 
0.012549 0.000191824 0.0258426 0.213788 0.747628 
1.51203e-06 0.000405997 0.0452338 0.233786 0.720572 
0.101987 4.65776e-06 0.0136307 0.144335 0.740043 
0.0513093 0.153329 0.080591 0.23049 0.484281 
0.0201532 3.74118e-06 0.000145884 0.00405786 0.975639 
0.0293636 0.00349194 0.036126 0.0536292 0.877389 
0.000920328 0.000562244 2.83646e-06 0.000103478 0.998411 
0.00258021 0.00153948 0.220726 0.105517 0.669637 
0.0336936 1.4156e-05 0.0635215 0.248155 0.654615 
0.0626426 0.000645239 0.175972 0.31931 0.441431 
8.92978e-05 3.85666e-05 0.0474525 0.0379097 0.91451 
0.00297664 0.00217952 0.037463 0.037553 0.919828 
0.0266415 0.0392486 0.0364547 0.1351 0.762555 
0.00391205 0.000163202 0.00828771 0.0523997 0.935237 
0.0964768 0.0943468 0.1088 0.340027 0.360349 
0.24606 0.00835936 0.169324 0.261286 0.31497 
0.00785256 0.000748891 0.0452391 0.210914 0.735246 
0.115489 0.000129907 0.325673 0.169896 0.388813 
0.0857746 0.0023569 0.0762077 0.130396 0.705265 
0.00297664 0.00217952 0.037463 0.037553 0.919828 
0.000906467 0.000588088 8.60763e-05 0.00013907 0.99828 
4.54459e-08 0.0030937 0.000132477 0.000371664 0.996402 
0.00831967 0.000493972 0.104163 0.244193 0.64283 
0.209025 0.000302805 0.114298 0.309852 0.366522 
9.43271e-05 3.23332e-06 2.41233e-05 0.389805 0.610074 
0.00921756 0.103354 0.0338238 0.157383 0.696222 
0.00238296 3.26672e-05 0.0106132 0.271627 0.715344 
0.28801 0.128317 0.0467249 0.223857 0.313091 
0.00802225 2.39372e-05 0.00169178 0.0578228 0.932439 
0.0614424 0.00113247 0.0297599 0.307699 0.599966 
0.000920328 0.000562244 2.83646e-06 0.000103478 0.998411 
0.0919101 0.00391856 0.0471095 0.288956 0.568106 
0.0481759 0.135242 0.016098 0.332179 0.468305 
0.00914038 0.000780279 0.0180523 0.426357 0.54567 
0.0155812 0.000204261 0.10328 0.079758 0.801177 
0.0886524 0.0001442 0.321626 0.243519 0.346058 
0.202022 2.24252e-05 0.0240808 0.216212 0.557662 
0.0282539 0.0367353 0.058004 0.0109724 0.866034 
0.00182025 0.000186414 0.0011713 0.000582329 0.99624 
0.0192563 6.84692e-05 0.187734 0.286812 0.506129 
0.0427777 7.61476e-05 0.135985 0.168114 0.653048 
0.00297664 0.00217952 0.037463 0.037553 0.919828 
0.0378979 0.00026441 0.0167312 0.309667 0.635439 
0.0101099 3.92544e-06 0.362156 0.0892471 0.538483 
0.00250663 0.000504817 0.0396961 0.248153 0.70914 
0.00108551 2.69947e-05 0.102002 0.30289 0.593995 
0.00773652 0.000663846 0.107172 0.0318435 0.852584 
0.00638312 0.000488835 0.0793602 0.201385 0.712383 
0.00629798 0.000415691 0.00665849 0.0335522 0.953076 
0.00225555 0.000138427 0.131673 0.0610401 0.804893 
0.00297664 0.00217952 0.037463 0.037553 0.919828 
0.00254859 0.0110718 0.011904 0.062019 0.912457 
1.53707e-05 0.000552199 0.00187192 0.0607374 0.936823 
0.000920328 0.000562244 2.83646e-06 0.000103478 0.998411 
0.0354306 9.90598e-06 0.047435 0.376633 0.540491 
0.00440101 5.56486e-05 0.0988588 0.326617 0.570067 
0.0237944 0.000788951 0.133364 0.203177 0.638876 
0.000948949 0.000812256 0.0143628 0.405605 0.578271 
0.00883293 0.000116657 0.0155083 0.0241341 0.951408 
0.00354936 0.000795566 0.215117 0.323715 0.456823 
0.0840835 0.00263428 0.0452319 0.328045 0.540006 
0.0393743 0.00938119 0.0710848 0.116377 0.763782 
0.0128235 0.000439866 0.118189 0.297517 0.571031 
0.0119058 0.00119421 0.0389452 0.365933 0.582022 
0.0534338 5.68869e-05 0.305199 0.0436478 0.597662 
0.025803 6.95791e-06 0.0963845 0.0434176 0.834388 
0.0348921 0.000574703 0.234253 0.29771 0.43257 
0.00297664 0.00217952 0.037463 0.037553 0.919828 
0.0266415 0.0392486 0.0364547 0.1351 0.762555 
0.00155707 0.000303165 0.0308871 0.0500768 0.917176 
0.0203985 1.39587e-05 0.119325 0.0428144 0.817448 
0.0633141 0.000252067 0.201629 0.311109 0.423695 
0.0439606 0.0266478 0.361429 0.110231 0.457731 
0.00254859 0.0110718 0.011904 0.062019 0.912457 
0.0151467 0.00052432 0.028859 0.468268 0.487202 
0.00373805 0.0027113 0.13256 0.324492 0.536499 
0.00748019 0.000525769 0.110622 0.0608319 0.820541 
0.0322345 0.00200146 0.333601 0.294211 0.337952 
0.038924 0.000151383 0.235298 0.345645 0.379981 
0.00239145 0.00023756 0.0817687 0.158194 0.757409 
0.372106 0.000520355 0.132535 0.0927215 0.402117 
0.00204553 0.00722481 0.107372 0.00619015 0.877167 
0.0564068 0.00342812 0.185341 0.348072 0.406753 
0.0263081 8.3107e-05 0.0782367 0.407397 0.487975 
0.0263513 0.000161595 0.0737164 0.0307034 0.869067 
0.00297664 0.00217952 0.037463 0.037553 0.919828 
0.0256708 2.60312e-05 0.0227939 0.167822 0.783687 
0.0914957 0.00248216 0.0947383 0.289522 0.521762 
0.000906467 0.000588088 8.60763e-05 0.00013907 0.99828 
1.7545e-05 1.6523e-05 0.429242 0.000171702 0.570552 
0.211922 0.00311101 0.0617235 0.112409 0.610834 
0.211922 0.00311101 0.0617235 0.112409 0.610834 
0.0770173 4.1948e-05 0.00167545 0.32209 0.599175 
0.0080766 0.00027128 0.327552 0.11382 0.55028 
0.0850393 0.00205807 0.0637258 0.33788 0.511297 
0.000906467 0.000588088 8.60763e-05 0.00013907 0.99828 
0.00297664 0.00217952 0.037463 0.037553 0.919828 
0.0400088 6.63254e-05 0.144541 0.179961 0.635423 
0.0109821 0.149175 0.00513962 0.410367 0.424337 
0.000920328 0.000562244 2.83646e-06 0.000103478 0.998411 
0.0600398 0.235663 0.00973104 0.128391 0.566175 
0.147452 0.000293791 0.016425 0.41622 0.419609 
0.125154 0.000504368 0.040859 0.239627 0.593856 
0.0502797 0.425777 0.0208546 0.0771275 0.425961 
0.00297664 0.00217952 0.037463 0.037553 0.919828 
0.0498774 0.0156605 0.0531581 0.409962 0.471342 
0.00500373 0.000125633 0.109579 0.379564 0.505727 
0.0182606 0.000459875 0.0598451 0.0779054 0.843529 
0.00297664 0.00217952 0.037463 0.037553 0.919828 
0.0444615 0.0013004 0.271575 0.258815 0.423849 
0.0406131 0.000588731 0.0826422 0.371999 0.504157 
0.00297664 0.00217952 0.037463 0.037553 0.919828 
0.0721695 2.13512e-06 0.00549048 0.0102279 0.91211 
0.0152017 0.00126972 0.0470994 0.298003 0.638426 
0.0103607 0.000139317 0.1012 0.104233 0.784067 
0.000122562 4.11799e-07 0.000249691 4.6616e-05 0.999581 
0.112483 6.14299e-05 0.297576 0.16988 0.419999 
0.0216418 0.000460725 0.210929 0.33206 0.434909 
0.00111293 2.11426e-07 0.152571 0.344324 0.501992 
0.0466286 0.000472712 0.00537908 0.324776 0.622744 
0.00297664 0.00217952 0.037463 0.037553 0.919828 
0.0153614 0.00275027 0.130329 0.399815 0.451744 
0.089268 0.0273866 0.0383223 0.243624 0.601399 
0.000920328 0.000562244 2.83646e-06 0.000103478 0.998411 
0.00138664 0.000500741 0.00347513 0.108847 0.88579 
0.00297664 0.00217952 0.037463 0.037553 0.919828 
0.0239016 0.000439206 0.0807451 0.144559 0.750355 
0.000920328 0.000562244 2.83646e-06 0.000103478 0.998411 
0.000920328 0.000562244 2.83646e-06 0.000103478 0.998411 
0.0698366 0.317316 0.00406479 0.266089 0.342694 
0.0263702 0.000292149 0.00209364 0.103951 0.867293 
0.000769298 0.000877277 0.0190613 0.162978 0.816314 
0.00438714 0.00136748 0.0402565 0.168498 0.785491 
0.0315135 0.00058478 0.0452933 0.273722 0.648886 
0.081372 0.000307723 0.0239659 0.0792436 0.815111 
0.00638122 0.000233075 0.0623119 0.0398079 0.891266 
0.0131718 0.000169604 0.0821144 0.438996 0.465548 
0.00351763 0.000584539 0.052317 0.0177594 0.925821 
0.081372 0.000307723 0.0239659 0.0792436 0.815111 
0.152599 0.00147948 0.00898045 0.30439 0.532551 
0.0319143 0.0891166 0.203997 0.153245 0.521727 
0.00297664 0.00217952 0.037463 0.037553 0.919828 
0.0169662 0.000212262 0.0203321 0.166522 0.795967 
0.00297664 0.00217952 0.037463 0.037553 0.919828 
0.0363355 0.000785175 0.114296 0.335285 0.513298 
0.153113 0.00171942 0.0144192 0.0800961 0.750652 
0.084022 0.00045983 0.06643 0.312917 0.536171 
0.0330325 0.0171027 0.0305198 0.337673 0.581672 
0.0883613 0.00534412 0.109876 0.115318 0.681101 
0.0709661 0.00080452 0.127763 0.264398 0.536068 
0.00796208 0.000113318 0.140835 0.30813 0.54296 
0.00388538 0.000121117 0.0361566 0.195896 0.763941 
0.288928 0.00205501 0.0483582 0.29042 0.370239 
0.0156305 0.000827429 0.0598215 0.0660455 0.857675 
0.0251484 0.00149837 0.185413 0.0544582 0.733482 
0.00204553 0.00722481 0.107372 0.00619015 0.877167 
0.0232129 0.01369 0.098967 0.150628 0.713502 
0.00204553 0.00722481 0.107372 0.00619015 0.877167 
0.0434864 0.0337748 0.0725542 0.391056 0.459129 
0.00097684 0.0004917 0.0503861 0.13702 0.811125 
0.0101899 9.26357e-05 0.0118737 0.379639 0.598205 
0.0272341 0.000129102 0.323331 0.104102 0.545203 
0.00297664 0.00217952 0.037463 0.037553 0.919828 
1.01406e-05 3.58328e-06 4.02772e-06 0.0577942 0.942188 
0.0639743 0.000201432 0.138411 0.295032 0.502381 
0.0151769 0.000452654 0.319182 0.325482 0.339706 
0.111445 0.00039621 0.271625 0.261589 0.354945 
0.00260175 6.34241e-05 0.010576 0.281518 0.70524 
0.00214095 0.000486372 0.0264633 0.141437 0.829472 
0.000906467 0.000588088 8.60763e-05 0.00013907 0.99828 
0.00736357 0.00151412 0.058252 0.195267 0.737603 
0.00297664 0.00217952 0.037463 0.037553 0.919828 
0.0121633 0.000180938 0.0663102 0.0792818 0.842064 
0.0717622 0.0548781 4.21891e-05 4.21901e-05 0.873275 
0.00297664 0.00217952 0.037463 0.037553 0.919828 
0.164469 0.000164227 0.227163 0.139125 0.469079 
0.00297664 0.00217952 0.037463 0.037553 0.919828 
0.0499057 0.000110441 0.024746 0.0410232 0.884215 
0.000906467 0.000588088 8.60763e-05 0.00013907 0.99828 
0.00297664 0.00217952 0.037463 0.037553 0.919828 
0.00254859 0.0110718 0.011904 0.062019 0.912457 
0.0888284 0.000516816 0.249872 0.251982 0.4088 
0.0497546 0.00021212 0.207075 0.365502 0.377456 
0.0277291 0.0771975 0.0896257 0.262537 0.542911 
0.00267804 0.00310908 0.036873 0.0517684 0.905571 
0.0105216 0.000928012 0.0407468 0.274362 0.673442 
0.00938503 0.00116058 0.0342831 0.231196 0.723975 
0.000920328 0.000562244 2.83646e-06 0.000103478 0.998411 
0.0301611 0.00147995 0.102122 0.111234 0.755003 
0.000617287 0.00016455 0.0235005 0.0382424 0.937475 
0.0775426 2.47568e-06 0.01496 0.0155033 0.891992 
0.000920328 0.000562244 2.83646e-06 0.000103478 0.998411 
0.00297664 0.00217952 0.037463 0.037553 0.919828 
0.184031 5.0003e-06 0.000797109 0.236818 0.578349 
0.0382811 0.0849297 0.0393805 0.244243 0.593165 
0.00297664 0.00217952 0.037463 0.037553 0.919828 
0.242262 0.000336355 0.219034 0.149604 0.388763 
0.000906467 0.000588088 8.60763e-05 0.00013907 0.99828 
0.102764 1.25407e-05 0.055621 0.0685129 0.77309 
0.0232129 0.01369 0.098967 0.150628 0.713502 
1.53707e-05 0.000552199 0.00187192 0.0607374 0.936823 
0.111036 1.30918e-05 0.0237072 0.29903 0.566213 
0.000906467 0.000588088 8.60763e-05 0.00013907 0.99828 
0.00297664 0.00217952 0.037463 0.037553 0.919828 
0.000920328 0.000562244 2.83646e-06 0.000103478 0.998411 
0.00297664 0.00217952 0.037463 0.037553 0.919828 
0.00405174 0.000420451 0.156892 0.0532431 0.785393 
0.0117909 0.151605 0.0301946 0.0565845 0.749826 
0.000920328 0.000562244 2.83646e-06 0.000103478 0.998411 
0.155801 0.00663387 0.0711039 0.179184 0.587277 
0.00510118 0.000135376 0.0844054 0.0348009 0.875557 
0.0333311 7.34012e-05 0.192575 0.23677 0.53725 
0.011573 1.54489e-06 0.061809 0.122235 0.804381 
0.000920328 0.000562244 2.83646e-06 0.000103478 0.998411 
0.120874 0.0119855 0.0969105 0.222012 0.548218 
0.0113804 1.12094e-05 0.058702 0.339681 0.590226 
0.0994033 0.000249802 0.29486 0.0858054 0.519682 
0.277142 0.00114155 0.00936322 0.176683 0.53567 
0.00297664 0.00217952 0.037463 0.037553 0.919828 
0.0493434 0.00663607 0.160597 0.356481 0.426942 
0.00297664 0.00217952 0.037463 0.037553 0.919828 
0.0136276 4.46597e-08 0.184649 0.302492 0.499231 
0.0102787 6.4515e-05 0.114838 0.400699 0.474119 
0.153113 0.00171942 0.0144192 0.0800961 0.750652 
0.0608785 0.000157437 0.000438546 0.0438113 0.894714 
0.0116328 0.000790623 0.122006 0.0165514 0.849019 
0.00297664 0.00217952 0.037463 0.037553 0.919828 
0.0366372 0.000633699 0.104288 0.322107 0.536334 
0.000920328 0.000562244 2.83646e-06 0.000103478 0.998411 
0.00297664 0.00217952 0.037463 0.037553 0.919828 
0.00880518 0.261823 0.0498248 0.117818 0.56173 
0.00704691 0.265899 0.0182486 0.187172 0.521633 
0.00297664 0.00217952 0.037463 0.037553 0.919828 
0.00297664 0.00217952 0.037463 0.037553 0.919828 
0.00254859 0.0110718 0.011904 0.062019 0.912457 
0.174607 0.000115075 0.00553162 0.139679 0.680067 
0.00297664 0.00217952 0.037463 0.037553 0.919828 
0.00297664 0.00217952 0.037463 0.037553 0.919828 
0.00120404 0.000322163 0.426192 0.0232022 0.54908 
0.16518 5.83136e-05 0.000264411 0.252188 0.582309 
0.0241614 0.000172258 0.17299 0.238458 0.564218 
0.149973 0.00022997 0.244256 0.274913 0.330628 
0.0294187 0.000319738 0.0180091 0.152693 0.79956 
0.00297664 0.00217952 0.037463 0.037553 0.919828 
0.0689235 1.3229e-05 0.390569 0.119506 0.420989 
0.198192 0.000105249 0.155429 0.161611 0.484662 
0.00927202 0.000478378 0.0574144 0.0895175 0.843318 
0.000701269 9.07087e-06 0.0241906 0.000708179 0.974391 
0.00297664 0.00217952 0.037463 0.037553 0.919828 
0.00297664 0.00217952 0.037463 0.037553 0.919828 
0.00168529 0.000583439 6.09365e-05 0.000149766 0.997521 
0.00364928 0.000115736 0.28008 0.13 0.586155 
0.0153972 0.000555914 0.165894 0.0556846 0.762469 
0.000920328 0.000562244 2.83646e-06 0.000103478 0.998411 
0.00297664 0.00217952 0.037463 0.037553 0.919828 
0.00754146 0.000183623 0.0892418 0.155151 0.747882 
0.0475207 5.28133e-05 0.0922005 0.316234 0.543992 
0.00422467 0.000149271 0.0229474 0.116705 0.855973 
0.0183607 0.000817701 0.1847 0.388064 0.408058 
0.0540358 4.30483e-07 0.0942687 0.170656 0.681039 
0.130113 0.000373943 0.0788255 0.32981 0.460878 
0.00297664 0.00217952 0.037463 0.037553 0.919828 
0.0716618 9.89708e-05 0.127857 0.260519 0.539864 
0.00564868 0.000317226 0.117644 0.168943 0.707447 
0.0118731 0.00123871 0.16416 0.346559 0.476168 
0.00921756 0.103354 0.0338238 0.157383 0.696222 
0.046834 0.0963416 0.00385934 0.407049 0.445916 
0.0357072 0.00610551 0.0154593 0.164015 0.778713 
0.141737 8.78223e-05 0.118859 0.239474 0.499843 
0.28801 0.128317 0.0467249 0.223857 0.313091 
0.0244271 0.00479586 0.136571 0.214721 0.619485 
0.0154293 0.000411682 0.0972524 0.337561 0.549346 
5.39271e-06 2.73132e-06 4.22922e-06 0.0213499 0.978638 
0.00137876 6.75247e-05 0.0771883 0.442009 0.479357 
0.00157902 7.60321e-05 0.00634019 0.0697844 0.92222 
0.000843617 0.0010967 0.00913317 0.0606519 0.928275 
0.0156134 8.03845e-05 0.336679 0.186134 0.461494 
0.00297664 0.00217952 0.037463 0.037553 0.919828 
0.0425735 3.80294e-05 0.056154 0.313669 0.587565 
0.0268502 0.000690489 0.115686 0.16474 0.692033 
0.0267791 0.000305475 0.197567 0.239851 0.535498 
0.0758858 0.000948091 0.116354 0.186578 0.620233 
0.00297664 0.00217952 0.037463 0.037553 0.919828 
0.037929 0.00173812 0.0356066 0.177724 0.747002 
0.051399 0.00130281 0.0651275 0.311758 0.570413 
0.00297664 0.00217952 0.037463 0.037553 0.919828 
0.00770619 0.0491709 0.1177 0.283252 0.542172 
0.0232129 0.01369 0.098967 0.150628 0.713502 
0.00297664 0.00217952 0.037463 0.037553 0.919828 
0.0083991 3.90694e-06 0.033889 0.0447503 0.912958 
0.0614424 0.00113247 0.0297599 0.307699 0.599966 
0.00214095 0.000486372 0.0264633 0.141437 0.829472 
0.00254859 0.0110718 0.011904 0.062019 0.912457 
0.000920328 0.000562244 2.83646e-06 0.000103478 0.998411 
0.0395187 0.00155778 0.121107 0.249143 0.588673 
0.00297664 0.00217952 0.037463 0.037553 0.919828 
0.00254859 0.0110718 0.011904 0.062019 0.912457 
0.00725536 0.000389352 0.118379 0.318379 0.555598 
0.00297664 0.00217952 0.037463 0.037553 0.919828 
0.00216945 1.24336e-05 0.0246645 0.0531845 0.919969 
0.0117909 0.151605 0.0301946 0.0565845 0.749826 
0.074616 0.000702185 0.248885 0.1602 0.515597 
0.0943893 0.000759092 0.0683074 0.416164 0.42038 
0.175948 0.000966395 0.251055 0.262865 0.309165 
0.00250663 0.000504817 0.0396961 0.248153 0.70914 
0.0536851 0.000813883 0.17881 0.282968 0.483723 
0.133932 5.26326e-08 0.0664177 0.223891 0.57576 
0.0622479 2.68896e-05 0.12971 0.103678 0.704337 
0.0784571 0.00319102 0.098103 0.181444 0.638805 
0.0850003 0.000124504 0.27989 0.27747 0.357515 
0.000170722 8.9163e-05 0.0473837 0.0355448 0.916812 
1.10754e-06 2.70578e-07 0.00088762 0.0136749 0.985436 
0.036044 9.1437e-05 0.100703 0.150261 0.712901 
0.0903133 2.62181e-05 0.0220392 0.332003 0.555618 
0.0117909 0.151605 0.0301946 0.0565845 0.749826 
0.000359155 0.000160715 0.0209115 0.0293069 0.949262 
0.0557657 0.000104588 0.202735 0.168846 0.572548 
0.00916446 7.19331e-05 0.0526096 0.15366 0.784494 
0.0393641 0.00146295 0.0394985 0.217991 0.701683 
0.0748238 0.00191761 0.283141 0.267296 0.372821 
0.00297664 0.00217952 0.037463 0.037553 0.919828 
0.000920328 0.000562244 2.83646e-06 0.000103478 0.998411 
0.00297664 0.00217952 0.037463 0.037553 0.919828 
0.00297664 0.00217952 0.037463 0.037553 0.919828 
0.00297664 0.00217952 0.037463 0.037553 0.919828 
0.00802225 2.39372e-05 0.00169178 0.0578228 0.932439 
0.00880125 0.000332857 0.0927339 0.272168 0.625964 
0.0246833 0.128672 0.0249386 0.243822 0.577884 
0.211313 0.00475872 0.0533761 0.193175 0.537378 
0.0153614 0.00275027 0.130329 0.399815 0.451744 
0.295024 3.38131e-05 0.00731355 0.0295307 0.668098 
0.0418735 0.000311907 0.10637 0.135712 0.715732 
0.0425191 0.000594843 0.0367707 0.212287 0.707829 
0.000906467 0.000588088 8.60763e-05 0.00013907 0.99828 
0.166503 0.000433234 0.115016 0.0841339 0.633914 
0.0949773 0.00347853 0.0494114 0.389026 0.463106 
0.0231459 0.00188844 0.197055 0.232634 0.545277 
0.0155385 9.37193e-05 0.194509 0.145832 0.644026 
0.0153039 0.000121484 0.00992577 0.0999643 0.874685 
0.0305903 0.000232844 0.171931 0.188101 0.609145 
0.0189661 0.000116272 0.202899 0.128339 0.64968 
0.0164421 0.00190075 0.0852718 0.239326 0.657059 
0.095683 0.000577055 0.000617366 0.269604 0.633518 
0.0663713 0.000133534 0.1994 0.197757 0.536339 
0.00721896 0.00041176 0.0751694 0.148436 0.768764 
0.00280537 5.67116e-05 0.0577499 0.209973 0.729415 
0.0491777 0.00113007 0.190312 0.142975 0.616405 
0.0195823 0.0385455 0.0820724 0.340494 0.519306 
0.152741 0.0008294 0.244672 0.270613 0.331144 
7.12541e-05 1.66657e-07 0.0240353 0.0551297 0.920764 
0.000920328 0.000562244 2.83646e-06 0.000103478 0.998411 
0.00310698 0.011437 0.347228 0.276899 0.361328 
0.239443 0.128427 0.044441 0.153099 0.43459 
0.116797 0.00909288 0.0706073 0.367333 0.436169 
0.0275683 0.0053204 0.0378865 0.129682 0.799543 
0.0917201 0.000582289 0.140734 0.251135 0.515829 
0.0748404 0.00119275 0.128359 0.367565 0.428043 
0.0897431 1.9931e-06 0.0650864 0.0832937 0.761875 
0.0285386 0.00381251 0.0954906 0.381615 0.490543 
0.026457 0.00017056 0.0508933 0.0616654 0.860814 
0.11864 0.106994 0.0431254 0.282826 0.448414 
0.0614424 0.00113247 0.0297599 0.307699 0.599966 
0.0548647 0.00158202 0.0450467 0.28523 0.613277 
0.00297664 0.00217952 0.037463 0.037553 0.919828 
0.00297664 0.00217952 0.037463 0.037553 0.919828 
0.0305934 0.227487 0.08495 0.25443 0.40254 
0.0219704 0.086842 0.0957676 0.370288 0.425132 
0.0108504 5.13537e-05 0.0938669 0.113106 0.782126 
0.00632995 0.247782 0.19467 0.0965927 0.454625 
0.092958 0.000150254 0.254038 0.261851 0.391002 
4.05236e-07 9.46929e-05 0.104716 0.189625 0.705564 
6.76462e-11 0.00124953 0.112528 0.00904702 0.877176 
0.084635 0.00278951 0.0975875 0.327609 0.487379 
0.0326821 2.44143e-06 0.00272197 0.273916 0.690678 
0.0481598 4.23429e-06 0.00141268 0.0296235 0.9208 
0.040412 6.86736e-05 0.117428 0.399539 0.442552 
0.0231873 0.000649518 0.0168208 0.09002 0.869322 
0.0103908 0.00143482 0.0155244 0.0852016 0.887448 
0.00196334 6.03472e-05 0.263258 0.170294 0.564424 
0.00391278 0.00779433 0.283902 0.0495134 0.654878 
0.00254859 0.0110718 0.011904 0.062019 0.912457 
0.0140395 0.0547735 0.00550057 0.208718 0.716969 
0.0523548 2.20315e-05 0.147051 0.252668 0.547904 
0.191557 0.000865532 0.146405 0.138925 0.522248 
0.0313417 0.000619653 0.239556 0.266241 0.462242 
0.0277104 0.000259287 0.194267 0.0938781 0.683886 
0.000920328 0.000562244 2.83646e-06 0.000103478 0.998411 
0.00933171 0.00390545 0.183264 0.210224 0.593275 
0.00569932 0.000653374 0.118807 0.110229 0.764611 
0.0117909 0.151605 0.0301946 0.0565845 0.749826 
0.0171501 6.52637e-05 0.221527 0.378993 0.382265 
0.0285386 0.00381251 0.0954906 0.381615 0.490543 
0.00345137 0.00233434 0.143022 0.0573885 0.793804 
0.0674075 4.90887e-05 0.26119 0.0331105 0.638243 
0.117649 0.00249322 0.00655498 0.0482784 0.825024 
0.00204553 0.00722481 0.107372 0.00619015 0.877167 
0.0145472 0.00363058 0.23189 0.293041 0.456891 
0.157598 3.1752e-07 0.0971779 0.205692 0.539531 
0.0614424 0.00113247 0.0297599 0.307699 0.599966 
0.00174593 0.0005698 8.31396e-06 0.000135882 0.99754 
0.0674075 4.90887e-05 0.26119 0.0331105 0.638243 
0.111414 0.000425347 0.120849 0.247547 0.519765 
0.0250997 0.0303204 0.0150702 0.401937 0.527573 
0.00297664 0.00217952 0.037463 0.037553 0.919828 
0.00297664 0.00217952 0.037463 0.037553 0.919828 
0.210749 0.000231418 0.0162643 0.162319 0.610436 
0.0259706 0.000780274 0.233005 0.211642 0.528603 
0.011953 0.000114396 0.00990725 0.0893456 0.88868 
0.00297664 0.00217952 0.037463 0.037553 0.919828 
0.00297664 0.00217952 0.037463 0.037553 0.919828 
0.0266415 0.0392486 0.0364547 0.1351 0.762555 
0.0178435 0.000283655 0.165883 0.395304 0.420685 
0.00922131 0.00297669 0.0182186 0.0905834 0.879 
0.00297664 0.00217952 0.037463 0.037553 0.919828 
0.00297664 0.00217952 0.037463 0.037553 0.919828 
0.0509611 0.000182563 0.10642 0.250628 0.591809 
0.0137705 0.00384694 0.042324 0.0889267 0.851132 
0.0747694 0.000382921 0.0656708 0.367277 0.4919 
0.0747055 3.72461e-05 0.038349 0.168538 0.71837 
0.0187814 5.17595e-05 0.142212 0.365688 0.473267 
0.00274076 0.000613773 0.0623565 0.036669 0.89762 
0.0357072 0.00610551 0.0154593 0.164015 0.778713 
0.00240593 7.4498e-05 0.301417 0.288703 0.407399 
0.011953 0.000114396 0.00990725 0.0893456 0.88868 
0.0467622 2.17697e-07 0.0157533 0.0867843 0.8507 
0.00327296 0.0029264 0.362124 0.128148 0.503529 
0.373212 0.00499449 0.0759794 0.170366 0.375449 
0.000906467 0.000588088 8.60763e-05 0.00013907 0.99828 
0.0759882 0.0967075 0.12426 0.299057 0.403987 
9.49505e-05 0.000146151 0.00873648 0.375045 0.615978 
0.0614424 0.00113247 0.0297599 0.307699 0.599966 
0.000733599 0.00683913 0.0423954 0.197963 0.752069 
