0.0231088 0.00663694 0.385828 0.144123 0.000115986 0.0297666 0.00570386 0.00743641 0.0187997 0.0111398 0.000199501 0.0109668 0.0495777 0.00292423 0.0192641 0.00203014 0.0193349 0.0511341 0.00273644 0.034906 0.0256751 2.15715e-06 0.0622106 0.0522933 0.0340861 
6.79673e-05 0.00222371 0.308126 0.0784089 0.000435443 0.0205691 0.00835131 0.00706532 0.0318667 0.0073297 3.56965e-05 0.00788201 0.00944675 0.00300753 0.0924171 0.0469727 0.0324853 0.0685674 0.0491916 0.0222823 0.0286009 4.83725e-05 0.131716 0.0259628 0.0169392 
2.37942e-05 4.21696e-09 0.730767 0.0464966 1.40198e-06 0.00776578 0.000763449 4.13775e-05 0.0181323 2.70539e-05 3.53294e-06 0.000473292 0.00743608 2.71823e-05 0.0145332 3.83167e-05 0.000557416 0.0243625 1.80558e-05 0.000640341 0.00417613 4.03528e-07 0.143082 0.000308753 0.000323935 
0.00222344 0.00248875 0.288171 0.0309017 2.25839e-06 0.00675176 0.0131715 0.0549717 0.00186977 0.000339051 9.39989e-05 9.00111e-05 0.0905658 0.0240779 0.0578631 5.22034e-05 0.0162932 0.184291 0.0200498 0.02078 0.0458696 0.00108362 0.0144807 0.0920563 0.0314616 
4.46092e-05 0.000634708 0.535057 0.0150882 2.68046e-06 0.0490158 0.003004 0.00552022 0.0208416 0.0067571 0.000108673 3.92164e-06 0.00979906 0.000167122 0.110356 4.52829e-05 0.00267426 0.0337832 0.00537964 0.0169392 0.0253278 1.76351e-05 0.145181 0.00720802 0.00704322 
0.000267522 0.00279551 0.387884 0.0158062 1.12789e-05 0.00350296 0.00475116 0.0739372 0.00903297 0.0196631 2.57929e-05 4.50256e-05 0.305896 0.00399726 0.0188658 5.10666e-06 0.0109912 0.0801409 3.49965e-05 0.00887529 0.023911 2.88868e-06 0.0158427 0.00872585 0.00498787 
0.0268289 8.65386e-05 0.215066 0.184304 0.0632763 0.0031212 0.0288831 0.0161527 0.039932 3.80235e-05 4.4844e-05 0.00152076 0.0569176 0.000536103 0.0660222 7.33386e-06 0.000375861 0.0567043 0.000264253 0.0246173 0.0201708 1.57036e-05 0.192528 0.000445614 0.00214019 
0.000219719 0.00191031 0.224713 0.0298466 0.00270044 0.0131011 0.00294031 0.0144804 0.0203647 0.00224574 0.000573682 0.00784324 0.0345308 0.00562446 0.0613397 0.0316026 0.013079 0.22261 0.00937324 0.0181275 0.0971174 0.000231885 0.047494 0.0921137 0.0458161 
0.000464176 0.0254707 0.311349 0.256501 1.48791e-06 0.044119 0.00357651 0.00124833 0.0164608 0.00123248 0.0001765 1.56612e-06 0.0113701 0.00741229 0.0554704 2.55394e-05 0.0140374 0.0899239 0.000973041 0.0110812 0.0314716 4.00158e-05 0.0792598 0.0297118 0.0086216 
7.62039e-05 0.000155041 0.333714 0.152419 6.38752e-06 0.0347048 0.0527831 0.00120255 0.0365548 5.01563e-05 0.000121674 9.39817e-06 0.0131731 0.000236718 0.0893398 3.53967e-06 0.00021923 0.0627529 0.0044133 0.0201104 0.0391254 7.49686e-06 0.154097 0.0026455 0.00207945 
5.29256e-07 3.04398e-06 0.209335 0.200632 3.70817e-06 0.0116611 0.0622601 4.10979e-06 0.0011547 3.16839e-07 3.50344e-06 6.80192e-07 0.0660059 0.0289882 0.155564 1.97246e-07 0.00411169 0.099513 6.95406e-06 5.95117e-06 0.0713214 5.11809e-06 0.0260117 0.0634046 3.32924e-06 
0.000110724 0.00108496 0.415871 0.0709503 2.26805e-06 0.0027857 0.00867942 0.0128652 0.01934 0.000238193 0.00187768 1.18889e-05 0.0622885 0.0139388 0.0640754 0.000237185 0.0596972 0.15297 0.0074745 0.0292564 0.03094 0.000208808 0.0371098 0.00386909 0.00411704 
0.00131544 0.00185262 0.272351 0.0834836 0.000458927 0.0118378 0.00721414 0.00375331 0.0150733 0.0196155 0.00250283 0.0235155 0.0169466 0.00798511 0.0884629 0.00211216 0.0107481 0.133016 0.00446551 0.0768961 0.0156774 0.000174399 0.0848519 0.075873 0.0398172 
0.000921498 0.0292347 0.253133 0.00725966 0.00040903 0.0349492 0.00253984 0.044599 0.00325647 0.0568621 0.018763 0.00652765 0.0574931 0.116027 0.0116465 0.00345699 0.0264281 0.170356 0.0216893 0.00563267 0.00168751 3.10589e-06 0.0419702 0.0524376 0.0327165 
6.24131e-09 2.27377e-08 0.630198 0.146411 1.30432e-08 0.0467671 0.00032399 7.05571e-05 0.00308512 5.21606e-07 1.00029e-08 1.28256e-08 0.0279391 1.62609e-11 4.16467e-05 2.16789e-09 2.68196e-05 3.45785e-08 5.52329e-07 1.03429e-06 2.08373e-07 8.6231e-09 0.145134 2.63134e-09 1.24496e-08 
0.00112374 0.00646311 0.800191 0.00611168 0.00787337 0.00773486 0.0118019 0.00872609 0.0121976 0.000672728 0.00743866 0.00144422 0.0108633 0.0107962 0.0161114 0.000418801 0.00150493 0.0147745 0.0147652 0.0126358 0.0137654 0.010867 0.010619 0.00403054 0.0070688 
3.0778e-06 0.0020634 0.248477 0.180792 6.10195e-05 0.0124985 0.0225002 0.0084453 0.0401865 0.000167827 0.000216594 3.65396e-06 0.00858646 0.0019977 0.0981215 8.7401e-05 0.0072725 0.0436969 0.00148657 0.0443941 0.193961 1.83255e-05 0.0695187 0.00677787 0.00866633 
3.4473e-05 6.46421e-05 0.697947 0.032181 5.04285e-05 0.00582661 0.00326165 0.000655861 0.0416511 4.15425e-05 5.63999e-05 3.92463e-06 0.00351561 0.000513784 0.041316 2.9136e-05 0.0023507 0.0411356 0.000830839 0.00650784 0.0102053 3.18142e-06 0.107746 0.00233284 0.00173777 
0.000547431 2.14176e-08 0.195031 0.128362 2.26765e-11 0.00660914 0.143314 0.00420223 0.0222742 8.66664e-06 0.00175369 7.61121e-06 0.151651 0.000208704 0.0327876 1.34829e-06 0.0167548 0.164481 0.00242721 0.0109002 0.0493835 3.38658e-07 0.0364566 0.0314565 0.0013818 
0.0270659 0.00683041 0.23638 0.0489303 0.00109138 0.00586515 0.0298589 0.0128805 0.00836964 0.0109789 0.000294802 0.000382442 0.0163153 0.00470166 0.142752 0.00142477 0.00174242 0.102232 0.0111969 0.0789138 0.210381 1.72465e-06 0.00882427 0.0209408 0.0116447 
0.000446477 0.0233262 0.332617 0.0410633 3.8301e-05 0.00940637 0.00665985 0.00498079 0.0194831 3.44425e-05 0.000312902 0.0109389 0.0556447 0.00216366 0.0899167 6.93681e-05 0.0043524 0.267727 0.00714856 0.0115933 0.0355972 0.000467978 0.0531768 0.0141852 0.00864903 
6.41334e-05 0.00494934 0.420707 0.0319619 5.79431e-05 0.0117105 0.00447801 0.0369947 0.0892113 6.17507e-05 0.00015901 2.87418e-05 0.0149077 0.00192049 0.133154 3.47155e-05 0.000288743 0.0353478 0.00795419 0.0638403 0.0299052 0.000833043 0.0501119 0.00877486 0.0525421 
1.24243e-05 9.42568e-05 0.562729 0.123244 2.04335e-05 0.0189917 0.0176395 0.000734309 0.0138749 7.50583e-05 7.75737e-05 6.65808e-06 0.0137006 9.63455e-05 0.0302715 3.30093e-05 0.00498243 0.0336439 0.000489867 0.00479963 0.0611585 1.68978e-05 0.11006 0.00174014 0.00150734 
0.000294246 1.69169e-06 0.524219 0.0861946 1.1017e-06 0.0329153 0.0579373 0.00209586 0.0259355 5.63018e-06 0.000456183 0.000217052 0.0757981 9.93445e-05 0.0207415 0.000133765 0.0121028 0.0415127 0.00451422 0.00368803 0.0925639 6.64605e-07 0.0180277 0.000354125 0.000189467 
2.41805e-07 0.000201982 0.372503 0.331717 4.60172e-05 0.0734565 0.00766658 0.0110195 0.0112157 6.21838e-06 1.43181e-06 2.77635e-06 0.0465661 4.23775e-05 0.00184094 3.59099e-05 0.0114463 0.0159164 0.000334788 0.00654896 0.02568 3.7184e-09 0.060029 0.00907777 0.0146451 
6.4443e-05 0.000325141 0.484154 0.133977 2.27764e-06 0.0124475 0.00412936 0.00190965 0.0146107 0.0229911 0.00231798 0.0182815 0.0135251 0.00610932 0.0344933 3.92438e-05 0.00923108 0.0697002 0.00290544 0.0178656 0.0120914 0.000139013 0.0765682 0.0295022 0.0326194 
2.17339e-05 0.00611955 0.326374 0.0865553 0.000261247 0.0544049 0.00529963 0.0304358 0.049853 0.00298057 2.96053e-05 0.000972356 0.027156 0.0105056 0.125985 6.50922e-05 0.00191532 0.0523536 0.00701148 0.0103637 0.0339074 2.66331e-05 0.0701656 0.0101852 0.0870514 
0.000232911 0.00032926 0.332025 0.0962339 0.000155939 0.0454619 0.0155516 0.00129169 0.0354693 5.43217e-06 0.00106213 2.6704e-05 0.00805189 0.0039814 0.197665 2.53597e-05 0.00026244 0.0596839 0.00950443 0.0181145 0.0984577 0.00028772 0.0494982 0.0038976 0.0227241 
0.00048064 0.00299604 0.228869 0.136163 0.000133713 0.0286147 0.0928908 0.00151943 0.192375 0.000565779 0.00130104 9.43552e-05 0.00967823 0.00833398 0.079667 0.000153711 0.00205896 0.0536208 0.0388028 0.0182946 0.0396041 3.83216e-05 0.0525719 0.00321358 0.00795904 
3.42016e-05 0.00286252 0.294859 0.0354233 0.00574389 0.00103052 0.065559 0.0164631 0.00248018 4.3104e-05 0.00157709 0.0167609 0.0145454 0.0037266 0.125793 3.09038e-06 0.0757905 0.0121201 0.00180168 0.0249872 0.135033 3.89636e-05 0.0270897 0.130613 0.00562123 
0.000413046 0.00291541 0.21275 0.184047 0.000202273 0.0169739 0.174971 0.021192 0.038589 0.00725383 0.000305096 0.00509096 0.00898931 0.00533944 0.0602172 0.0013204 0.00384556 0.0632386 0.00589871 0.03325 0.0233682 4.87782e-05 0.0827121 0.0351642 0.0119046 
1.32757e-05 9.42515e-05 0.522414 0.0253553 1.30458e-07 0.0119216 0.00411968 0.000389662 0.00767645 0.000547201 6.33925e-06 5.6008e-06 0.00373384 0.000166438 0.0130444 9.7712e-06 0.00173601 0.0345257 0.000125843 0.0029365 0.0100897 5.39276e-07 0.358274 0.00198639 0.000826792 
2.04083e-05 0.00126508 0.231815 0.0341322 0.000366941 0.0121486 0.0295875 0.0113045 0.0118735 0.00201346 0.000110161 0.000162462 0.0430466 0.00660821 0.117916 0.00161947 0.0108129 0.157875 0.0127262 0.0119871 0.0527156 4.44301e-05 0.0370247 0.0330753 0.179748 
7.62039e-05 0.000155041 0.333714 0.152419 6.38752e-06 0.0347048 0.0527831 0.00120255 0.0365548 5.01563e-05 0.000121674 9.39817e-06 0.0131731 0.000236718 0.0893398 3.53967e-06 0.00021923 0.0627529 0.0044133 0.0201104 0.0391254 7.49686e-06 0.154097 0.0026455 0.00207945 
5.32695e-07 6.92742e-13 0.712432 0.123733 1.12519e-12 0.00747765 0.00235473 4.7509e-09 0.0995526 0.000138286 1.61751e-08 2.5321e-08 0.0207205 1.23031e-08 7.77124e-07 5.18927e-09 0.000133772 5.2571e-07 1.01086e-08 9.57791e-08 0.0128408 4.83258e-09 0.0169118 0.000140524 0.00356188 
0.000469271 0.011032 0.15139 0.149331 0.00433685 0.0280254 0.0195312 0.00284658 0.141282 0.00784407 0.000276634 0.000310866 0.065192 0.0152759 0.0782337 0.000154846 0.00799532 0.103443 0.0164771 0.0553002 0.0370022 6.22701e-05 0.0779256 0.0189674 0.00729388 
0.127381 0.00256883 0.191237 0.0196268 9.51419e-05 0.00538293 0.0102201 0.0406641 0.00156742 0.00139609 0.000250398 0.0123143 0.136759 0.017596 0.0470088 0.00137097 0.0150464 0.157883 0.0147003 0.0232365 0.038636 0.000702057 0.0172548 0.0884321 0.028669 
4.01454e-07 0.00444933 0.442688 0.285941 4.41158e-07 0.0499937 0.00675565 0.000322847 0.0566198 2.29836e-06 1.3383e-05 5.88828e-07 0.0024475 8.92324e-05 0.0214705 2.34008e-06 9.82718e-06 0.0338708 0.00032501 0.00156572 0.0153811 7.84807e-07 0.076529 0.00135626 0.000164135 
6.56541e-05 0.00191689 0.310554 0.13237 6.18043e-05 0.0264206 0.0130496 0.00450766 0.0486374 0.000459707 0.000103879 1.30942e-05 0.0147306 0.00328282 0.0850548 1.59626e-05 0.00417228 0.0978831 0.0146123 0.0252791 0.101084 0.000108003 0.0720625 0.0373322 0.00622282 
0.000464574 0.00533875 0.438637 0.0441136 1.95092e-07 0.0225576 0.0254857 0.0179467 0.00488362 0.0102139 9.05061e-05 0.00115149 0.117606 0.00180471 0.0144975 0.000149629 0.0429846 0.0408954 0.00169523 0.00685366 0.0366493 9.66036e-06 0.152836 0.0118685 0.00126698 
0.00175467 0.0036598 0.280357 0.00767346 0.000175226 0.0445945 0.00570255 0.0359599 0.020677 0.0659356 0.00146365 0.0576882 0.108197 0.030291 0.0300282 0.00582642 0.00204472 0.0408345 0.0091425 0.0234564 0.0392925 1.02294e-06 0.0824272 0.0613977 0.0414195 
1.40752e-05 0.000147046 0.437494 0.0638839 1.19847e-05 0.0433677 0.00367532 0.00050737 0.0205827 2.75726e-05 1.39541e-05 8.58277e-06 0.00321825 9.43491e-05 0.0146532 4.71263e-07 0.000484083 0.0334338 7.01964e-05 0.00980629 0.0218248 4.86298e-08 0.34091 0.00464024 0.00112999 
0.0186535 0.00575414 0.236272 0.169422 3.12711e-07 0.0316395 0.0183871 0.0166756 0.0119913 0.0422891 0.00177327 4.97626e-05 0.194736 0.000269094 0.0156779 1.21595e-05 0.0018593 0.0384213 0.00251199 0.0202196 0.101922 3.97943e-07 0.049961 0.0191025 0.00239949 
2.5109e-06 0.001273 0.273368 0.166545 0.000353955 0.0505558 0.0197601 0.00218806 0.029606 0.000994815 0.00377158 8.83557e-05 0.011057 0.000503663 0.0952596 5.31611e-06 0.000977968 0.0881504 0.00350706 0.087008 0.0725077 6.04851e-06 0.0725176 0.00429726 0.0156959 
0.00041967 0.00363447 0.167499 0.102313 5.61861e-05 0.142082 0.00565165 0.00208304 0.128548 0.00380478 0.00153843 0.0276823 0.0219469 0.00269006 0.0882464 0.000107147 0.00539578 0.0487853 0.0120562 0.0204391 0.127638 0.000375585 0.0663048 0.0139947 0.00670698 
3.19509e-05 0.00679022 0.581424 0.0371777 0.000164968 0.0196347 0.00547411 0.00931546 0.0146215 0.00393487 7.62522e-05 0.000901539 0.0264546 0.00123732 0.0607782 2.97449e-05 0.000560844 0.0721179 0.00243006 0.0157733 0.01397 2.20992e-05 0.10637 0.00988333 0.010825 
0.00081879 0.00150222 0.317947 0.0556474 0.00166252 0.011989 0.0153504 0.00273986 0.195336 0.000153536 7.86705e-05 0.000140679 0.0194189 0.007361 0.0869194 0.0062477 0.0176246 0.0424944 0.0103715 0.037378 0.0633462 1.74263e-05 0.0394185 0.0432664 0.0227707 
0.00033427 0.00227058 0.18701 0.170655 0.00041719 0.0303012 0.0813113 0.00650398 0.096103 0.000322188 0.0477609 0.000154111 0.0261699 0.00292771 0.0794558 0.000900504 0.00373577 0.055917 0.00824593 0.0824131 0.045785 3.01022e-05 0.0354254 0.0192289 0.0166204 
5.60416e-07 0.000131127 0.40474 0.00720025 3.89733e-06 0.00240066 0.000528405 0.000528771 0.0011974 0.0015771 2.77193e-05 0.000107092 0.173684 0.293939 0.0118185 3.52107e-05 0.00583827 0.055516 0.000152439 0.00773038 0.00870181 5.37798e-06 0.0153247 0.00273627 0.00607588 
4.54589e-05 0.000368893 0.696995 0.036883 0.000277648 0.0051325 0.00452465 0.00106997 0.037346 3.32379e-05 5.741e-05 3.29602e-06 0.00540828 0.00108269 0.049457 3.52945e-05 0.00207409 0.0329085 0.00206076 0.0137959 0.0162543 2.17393e-05 0.0861971 0.00564757 0.00231989 
2.67146e-05 0.00171152 0.148687 0.0808109 0.000139502 0.0227747 0.00634865 0.00103191 0.0672925 0.000704702 0.000473343 0.00654332 0.0325636 0.0444226 0.118731 3.68895e-05 6.62344e-05 0.117778 0.0669883 0.0492471 0.078685 0.000117597 0.105737 0.00456323 0.0445178 
0.00155268 0.0041115 0.242739 0.227186 0.000408507 0.0180126 0.00469698 0.00616033 0.0277205 0.00446768 0.00031445 0.00391409 0.0230642 0.00837104 0.0875334 0.00115183 0.0123518 0.0964246 0.00329596 0.0271335 0.031777 4.62125e-05 0.135031 0.0231858 0.00934952 
0.000670842 0.000209094 0.471339 0.139167 7.95628e-05 0.0349585 0.0156385 0.00254389 0.0269669 5.6708e-05 6.77074e-05 3.50354e-05 0.0349238 0.00392274 0.0436652 1.46736e-05 0.00626432 0.0539519 0.0015157 0.00710838 0.032032 0.000108751 0.115699 0.00693641 0.00212426 
0.000223313 0.00170455 0.239341 0.233277 0.000244343 0.0289962 0.0243896 0.00950217 0.0303661 0.00308008 0.00108915 0.00432103 0.10992 0.00345145 0.0386391 0.000794869 0.0136083 0.0663474 0.00632726 0.0272439 0.0561214 0.000853311 0.0589971 0.0219318 0.0192288 
1.45417e-05 0.0472429 0.258398 0.0141406 3.4367e-06 0.00599764 0.00102978 0.00197564 0.0159093 0.000985513 3.49694e-05 4.33322e-05 0.00487649 0.0245219 0.257571 6.44164e-06 0.0187966 0.0902514 0.112623 0.0340196 0.0231391 0.00091645 0.0255007 0.0345861 0.0274154 
7.49205e-07 1.31258e-07 0.652012 0.073174 7.15824e-09 0.032162 0.00338086 0.000543821 0.0108555 2.00766e-05 1.55733e-07 6.14673e-05 0.0132505 2.42334e-08 0.00964919 2.17019e-05 0.0145726 5.66874e-07 0.00138674 0.00271433 0.00404092 0.000288527 0.180656 0.000861391 0.000346986 
2.85193e-05 0.000380496 0.592431 0.042627 1.3932e-07 0.0194564 0.00231548 0.0016184 0.0093355 0.00173154 5.28082e-06 0.000613007 0.0035224 0.000194229 0.015486 3.59593e-05 0.0119487 0.0369712 6.99955e-05 0.00245096 0.00468177 3.32868e-08 0.251638 0.00155515 0.000902561 
0.000347894 0.0110236 0.169315 0.0391792 0.000144564 0.0259566 0.00387062 0.00350995 0.00468806 0.00221294 0.000503708 7.86286e-05 0.129588 0.00665627 0.0700323 0.0470383 0.0187227 0.0893132 0.169176 0.0166743 0.0474466 1.89268e-05 0.0310228 0.0609518 0.0525282 
0.000774304 0.00255554 0.182937 0.0393876 0.000389018 0.00959836 0.0356502 0.0771172 0.0113595 0.00171498 0.00141997 0.0743633 0.142643 0.00114937 0.0809884 0.0447138 0.0617266 0.0415329 0.00658613 0.104038 0.026192 0.000884091 0.00597655 0.0135897 0.0327128 
0.000162215 0.00319851 0.367955 0.183212 0.000348979 0.038575 0.0153517 0.00175024 0.0221909 0.000336849 0.0001369 0.000419569 0.0383181 0.0008599 0.0335843 0.000215142 0.00166317 0.117741 0.00424104 0.0145362 0.0440329 5.4654e-05 0.081555 0.0157387 0.0138217 
0.000483242 1.05561e-05 0.272871 0.168416 2.47173e-05 0.0279373 0.00380687 6.63638e-09 0.0489759 0.00107121 2.92583e-05 0.00230221 0.168649 0.00358129 0.0349151 4.75417e-06 0.000245132 0.0770705 0.000463446 0.0115197 0.104701 1.41253e-06 0.056514 0.0037708 0.0126349 
6.11142e-05 0.00166064 0.307463 0.144259 8.70443e-07 0.0401528 0.0205082 0.0106692 0.0264187 0.00169569 0.000191726 0.00074446 0.119868 0.00219591 0.0312676 2.52376e-05 0.00684413 0.0708821 0.00270651 0.0179179 0.0859643 6.96519e-07 0.0896421 0.0164858 0.00237415 
4.20511e-05 3.26726e-08 0.566543 0.205097 4.58317e-07 0.00758841 0.0102998 0.000978147 0.00582835 1.05212e-06 0.00023924 2.8036e-08 0.0013568 0.000988255 0.0457633 1.26502e-06 0.000126714 0.0724613 0.000211751 0.0356468 0.0114173 5.47646e-09 0.00274327 0.00517135 0.0274946 
7.17353e-06 0.00432835 0.393115 0.0974682 3.25119e-05 0.00565239 0.0188028 0.00256463 0.00893048 0.000769348 0.000463694 0.00957094 0.0206138 0.00237854 0.102665 0.000213618 0.00679833 0.187117 0.00132621 0.0195951 0.0545409 7.22612e-05 0.0407122 0.013214 0.00904618 
8.55587e-05 0.000506706 0.469356 0.114634 0.00766432 0.0125772 0.0126753 0.000969217 0.0320045 1.44874e-05 0.000266025 8.35031e-05 0.0288918 0.0017343 0.035795 3.8404e-06 0.000147425 0.0448016 0.00869054 0.00564935 0.0617963 5.13877e-06 0.134421 0.0238205 0.00340634 
0.000103906 0.00145691 0.362459 0.185646 0.000753191 0.0776317 0.0136379 0.00409738 0.0151886 0.000744407 0.000605901 0.000819282 0.0860777 0.00135699 0.0240574 0.000119949 0.00239728 0.0292859 0.00189161 0.0100407 0.0475438 0.000185801 0.122152 0.00508242 0.006664 
4.36735e-06 0.0237507 0.204154 0.1413 2.4231e-05 0.0721553 0.00466824 0.00380628 0.0841465 0.00962071 5.82971e-05 1.24567e-05 0.0114204 0.0116383 0.111073 1.85928e-05 0.00235599 0.151887 0.00907839 0.0188584 0.0358486 5.35731e-05 0.0805895 0.0189394 0.00453775 
7.75778e-06 0.00092164 0.614975 0.0507692 2.02888e-05 0.0135908 0.00383454 0.00557944 0.034369 0.0199585 0.000846848 3.55107e-06 0.0401297 0.00182233 0.0278299 5.89883e-05 0.0129353 0.0496954 0.000640822 0.0106717 0.0118195 4.67027e-05 0.0898799 0.00653797 0.00305524 
1.3097e-05 0.0219788 0.197812 0.176825 0.000116372 0.0229791 0.0387125 0.0331987 0.0478169 0.0101101 0.00302469 1.44723e-05 0.0661763 0.000497429 0.133698 3.40034e-05 0.00904844 0.106112 0.000835493 0.0125842 0.0371232 3.45716e-07 0.0197343 0.0534982 0.00805594 
8.53324e-05 0.004796 0.289403 0.10894 4.07571e-05 0.111203 0.00661216 0.00590355 0.0858309 0.00726888 6.30454e-05 0.00015506 0.0204839 0.00762327 0.0956802 1.70113e-05 0.00354913 0.0800599 0.0025312 0.0196424 0.0512214 0.000153864 0.0443817 0.0253299 0.0290242 
1.28273e-06 0.000319598 0.422716 0.0939074 9.78175e-06 0.0058244 0.00558191 0.0493288 0.0137921 0.00033273 4.33324e-05 2.81778e-06 0.00443931 0.033485 0.0260415 4.80423e-06 0.00042175 0.0720266 0.000458377 0.0533753 0.0152936 4.49338e-07 0.195229 0.00624737 0.00111641 
4.55081e-05 0.000543712 0.626701 0.0121203 2.62431e-05 0.0393587 0.00246445 0.00446551 0.0167676 0.00547341 0.000117036 8.47002e-06 0.00788988 0.000167753 0.0883945 3.89154e-05 0.00217294 0.0271049 0.00437551 0.0136218 0.0203518 4.73584e-05 0.116263 0.00579763 0.00568219 
1.90039e-06 0.0193964 0.321559 0.0944893 5.36315e-06 0.0249844 0.00596883 0.00807295 0.0124397 0.000605294 5.63344e-05 2.1939e-06 0.0148179 0.000407631 0.034657 3.68025e-05 0.00413459 0.170137 0.000113176 0.0225105 0.0582447 2.39311e-10 0.193739 0.0126792 0.000941357 
4.33211e-05 0.00187466 0.36108 0.0906151 0.000213758 0.00312684 0.026755 0.0121573 0.0410408 0.00146578 0.00020387 3.34314e-06 0.0605125 0.00324394 0.0600401 1.88654e-05 3.37026e-05 0.0476254 0.0321712 0.0494111 0.0409873 7.14585e-05 0.154284 0.00962068 0.00339938 
9.87904e-05 0.000269967 0.498681 0.107104 5.04763e-05 0.00439476 0.0062047 0.00166259 0.0147488 0.00154141 0.000525394 0.000192402 0.0187998 0.00222059 0.104976 0.00179504 0.00442248 0.0609202 0.00180359 0.0185868 0.0955922 8.06889e-05 0.0193288 0.0129195 0.0230806 
0.000185446 0.00281029 0.236468 0.113309 6.02487e-05 0.0528194 0.0131519 0.0128283 0.0582029 0.00430119 0.000330398 0.000242998 0.0432243 0.00565878 0.0892751 0.000125579 0.0165034 0.104786 0.0239391 0.0324356 0.0362583 0.000184904 0.110823 0.0233422 0.0187332 
6.46084e-07 0.00228007 0.554009 0.0682611 4.81641e-07 0.0166273 0.00315268 0.00181608 0.0135675 6.47927e-05 1.91918e-05 1.47227e-06 0.000742377 3.40566e-05 0.0123572 1.44827e-05 0.0019125 0.13463 2.60481e-05 0.00265363 0.014591 3.63348e-10 0.172027 0.000428022 0.000783226 
0.000166948 0.000226587 0.235405 0.113231 2.98438e-07 0.0104207 0.00426017 0.00117232 0.0115087 0.0003336 0.000586861 8.42375e-05 0.0144309 0.00469206 0.129693 6.12387e-05 0.00878753 0.114444 0.0301942 0.0952421 0.11681 5.16581e-05 0.00854079 0.032979 0.0666762 
5.60416e-07 0.000131127 0.40474 0.00720025 3.89733e-06 0.00240066 0.000528405 0.000528771 0.0011974 0.0015771 2.77193e-05 0.000107092 0.173684 0.293939 0.0118185 3.52107e-05 0.00583827 0.055516 0.000152439 0.00773038 0.00870181 5.37798e-06 0.0153247 0.00273627 0.00607588 
5.33902e-05 0.00583624 0.297745 0.247144 2.90093e-07 0.0176698 0.0147362 0.0188519 0.0315776 0.00104188 0.00483833 8.8657e-06 0.0551408 0.00406365 0.0259778 0.000101569 0.0712542 0.112098 0.00301735 0.0133088 0.0505995 1.95585e-05 0.0152562 0.00704724 0.0026116 
6.46084e-07 0.00228007 0.554009 0.0682611 4.81641e-07 0.0166273 0.00315268 0.00181608 0.0135675 6.47927e-05 1.91918e-05 1.47227e-06 0.000742377 3.40566e-05 0.0123572 1.44827e-05 0.0019125 0.13463 2.60481e-05 0.00265363 0.014591 3.63348e-10 0.172027 0.000428022 0.000783226 
2.72382e-06 0.000329852 0.582099 0.0205966 3.87939e-06 0.0192007 0.00243695 0.00485734 0.0277669 0.000104548 6.76221e-05 3.69219e-05 0.0151593 0.000914894 0.0180551 1.06607e-06 6.97821e-05 0.0544314 0.00423648 0.00473272 0.204869 1.45072e-05 0.0317641 0.00174658 0.006502 
6.26823e-05 0.00010729 0.376993 0.356018 2.83992e-05 0.0123334 0.0234188 0.00811349 0.013385 0.00128781 0.000450052 9.15708e-05 0.0430206 0.00151643 0.0228361 9.07942e-05 0.0129573 0.0305658 0.00205185 0.00868472 0.0292723 3.81302e-05 0.0364211 0.00725032 0.0130048 
4.69256e-06 0.000460551 0.313068 0.0750014 2.88686e-05 0.0623037 0.0587626 0.020907 0.0371341 0.0083322 0.117786 9.0415e-06 0.0186156 0.00165418 0.0420854 7.05129e-05 0.00499995 0.0600413 0.00430671 0.10334 0.0171896 6.46411e-05 0.0320049 0.0135651 0.00826303 
4.06582e-05 0.000932056 0.286027 0.124084 0.000785845 0.0262331 0.00628767 0.0031712 0.150669 0.00449509 0.000487601 0.00350107 0.0310929 0.00350089 0.0441707 0.000228373 0.00521969 0.0648026 0.00309019 0.0162198 0.0400228 0.00149115 0.150092 0.0118234 0.0215318 
0.000589763 0.000414442 0.386432 0.0171448 0.000384645 0.00931614 0.00977527 0.0730231 0.0171324 4.58934e-05 0.00019699 3.16599e-06 0.0376954 0.00311626 0.214091 2.906e-05 0.00108299 0.0800117 0.0106501 0.0340746 0.0545208 9.36163e-05 0.00442991 0.0253784 0.020368 
0.000178886 0.0164469 0.212305 0.120353 8.8067e-06 0.0175774 0.0074276 0.00443981 0.0978017 0.0255799 2.83556e-05 6.48934e-05 0.0884166 0.00161076 0.104977 0.000117664 6.3033e-05 0.036621 0.0201275 0.0367904 0.0627403 0.000414104 0.0361844 0.0230305 0.0866945 
0.00018662 0.000270753 0.38878 0.333191 9.08369e-05 0.02716 0.0800885 0.016647 0.0140568 0.000334512 0.000259185 8.65096e-07 0.00955786 0.000974472 0.0142615 2.25566e-05 0.00270017 0.0203405 0.00206373 0.00809639 0.0157705 1.07312e-07 0.031245 0.0333016 0.000599576 
3.6222e-05 0.0107356 0.223297 0.0820187 9.6122e-05 0.00769738 0.0196091 0.0169019 0.0169116 0.000140147 0.000159321 7.6689e-05 0.0850345 0.00518272 0.113161 7.65895e-06 0.00584543 0.051575 0.00121248 0.11229 0.0558097 0.000147943 0.021918 0.168632 0.0015032 
8.2884e-06 0.000296288 0.673096 0.0160946 3.6793e-05 0.0150322 0.00198102 0.00385385 0.0217192 0.000156156 9.25387e-05 3.87713e-05 0.0118795 0.000761558 0.0141453 3.03607e-06 6.36708e-05 0.0424426 0.00337927 0.00376066 0.159801 5.76069e-05 0.024806 0.00138503 0.00510907 
8.3884e-05 6.2064e-05 0.348551 0.256378 1.18836e-06 0.0374761 0.00925044 1.44217e-05 0.0810787 0.000105065 1.75439e-05 1.04384e-05 0.0125071 5.22874e-06 0.037666 2.80035e-06 0.000219348 0.0313782 8.57242e-05 0.00296561 0.0486892 3.62151e-08 0.130153 0.000114258 0.00318479 
3.93708e-06 0.000233086 0.555392 0.157319 1.00884e-05 0.028112 0.00847928 0.000863496 0.023861 8.39265e-05 0.00104499 5.57481e-06 0.0150632 0.00015058 0.0831688 2.87138e-05 0.00624862 0.028553 0.00803888 0.0160729 0.0423086 3.46232e-06 0.0164366 0.00356336 0.00495446 
6.48257e-07 0.00216247 0.484014 0.0917539 3.47961e-07 0.0312325 0.00239581 0.00010011 0.0183964 1.95893e-06 1.36695e-05 1.0587e-06 0.00811025 0.0253794 0.0169428 8.42873e-06 2.35067e-06 0.0567646 0.000137555 0.0281403 0.0276813 6.33268e-10 0.205675 0.000215125 0.000870289 
0.00118862 0.00142163 0.205713 0.165555 0.000487619 0.0360184 0.0379101 0.00720051 0.0310502 0.000224002 0.000402486 3.57936e-05 0.0467435 0.00516338 0.153742 2.17533e-05 0.00790875 0.0684005 0.00682192 0.0198439 0.0862052 7.58536e-05 0.0810236 0.0250424 0.0118002 
0.000249899 0.000110856 0.390517 0.101758 4.6719e-06 0.0488136 0.0121927 0.000427019 0.0330889 2.77813e-06 0.000846646 1.62709e-05 0.00443192 0.00208514 0.179606 1.87236e-05 0.000218507 0.04182 0.00571696 0.0115335 0.0948437 1.12371e-05 0.0468988 0.00270638 0.0220812 
4.72916e-06 0.00397265 0.260372 0.056285 5.5884e-05 0.0504503 0.00789074 0.0360671 0.170129 2.9554e-05 0.000209423 0.000153724 0.0216806 0.0179364 0.0865745 3.39877e-05 0.000312235 0.0468065 0.00560873 0.0808809 0.0565469 0.00114646 0.0809331 0.00613673 0.00978252 
1.39825e-06 0.000156641 0.236745 0.216169 3.51634e-06 0.0451598 0.00673297 0.00137212 0.00720914 0.00159207 9.83522e-05 9.47457e-05 0.0481779 0.00740141 0.0357365 1.40242e-05 0.00834042 0.13106 0.0865316 0.0156333 0.0658735 3.55317e-05 0.0331328 0.050943 0.00178498 
5.91097e-05 4.51366e-05 0.601993 0.153935 1.86114e-06 0.0225708 0.00559391 1.6841e-05 0.0487357 6.92428e-05 1.90663e-05 8.37459e-06 0.0139717 4.50224e-06 0.0226425 2.30415e-06 0.000137229 0.0188641 5.6461e-05 0.00180419 0.029276 1.59447e-07 0.0781958 7.04491e-05 0.00192688 
3.16563e-05 0.00010601 0.150108 0.120212 1.3738e-05 0.021221 0.0653864 0.0408415 0.0367889 0.0390344 0.000487217 1.1691e-05 0.102771 0.00476432 0.111384 4.6786e-05 0.00510159 0.0898406 0.000547897 0.0189778 0.0464091 7.8949e-07 0.0978412 0.0198437 0.028228 
2.39402e-05 2.10074e-05 0.400909 0.0518016 0.000130092 0.0278812 0.00765542 0.00161957 0.0321435 3.00814e-05 3.4441e-05 1.94302e-06 0.0149042 0.00169817 0.274766 3.15674e-06 0.00026996 0.0642924 0.00470674 0.00474919 0.0279624 5.88087e-06 0.037322 0.0262724 0.0207965 
2.92314e-05 0.00252809 0.181195 0.179238 0.00838192 0.0610032 0.00293003 0.000903873 0.135494 9.87148e-05 0.0210753 5.54359e-05 0.0714273 0.00091242 0.0627574 2.0321e-06 0.00281456 0.0668856 0.00158169 0.0456638 0.0633188 0.000180492 0.0765238 0.00977787 0.00522157 
0.0107775 0.000131225 0.406633 0.193834 0.00102876 0.0164016 0.0290342 0.00749841 0.0174392 0.000554111 9.16992e-05 1.14657e-05 0.0170231 0.000362371 0.061819 3.77085e-06 0.0029746 0.0494537 0.00343359 0.0698807 0.0328695 4.96579e-05 0.066134 0.00819246 0.00436843 
0.000151204 0.00698988 0.3455 0.168893 0.000377592 0.074314 0.0164376 0.0338642 0.00887096 0.00614889 0.00178009 0.000127696 0.0672356 0.0115282 0.0427284 4.91554e-05 0.00709359 0.051877 0.00553858 0.0261504 0.0197384 1.23833e-05 0.0706895 0.0166664 0.0172383 
0.000249899 0.000110856 0.390517 0.101758 4.6719e-06 0.0488136 0.0121927 0.000427019 0.0330889 2.77813e-06 0.000846646 1.62709e-05 0.00443192 0.00208514 0.179606 1.87236e-05 0.000218507 0.04182 0.00571696 0.0115335 0.0948437 1.12371e-05 0.0468988 0.00270638 0.0220812 
0.000137353 7.6479e-05 0.286587 0.100146 2.73946e-05 0.0338499 0.167386 0.000548931 0.0463782 0.000129567 0.000287396 5.49332e-05 0.0359524 0.000633473 0.0453309 1.12009e-05 0.00339714 0.0945442 0.00354572 0.0225136 0.105048 1.34397e-05 0.0465206 0.00361143 0.00326948 
8.48976e-06 0.0140634 0.343982 0.155786 2.82812e-06 0.165453 0.00217912 4.54253e-05 0.0113794 0.000483983 1.00991e-05 0.0018981 0.0736152 0.000250621 0.000226777 2.99968e-06 0.0208994 0.00709412 0.0211771 0.0612342 0.00835952 4.12564e-05 0.023721 0.0851167 0.00296963 
0.000882491 0.00185167 0.284249 0.243956 0.000108778 0.0230332 0.0159988 0.00301631 0.037544 0.00272266 0.00574137 0.000320892 0.035983 0.00353187 0.0904625 0.000634982 0.00946423 0.0485967 0.00180581 0.0248371 0.0728274 2.83786e-05 0.051528 0.0148448 0.0260304 
9.3828e-07 4.14152e-05 0.615662 0.0754617 2.58757e-08 0.00790161 0.00470688 0.00143895 0.00230949 0.000538129 8.89734e-06 0.000362087 0.00998356 0.000226986 0.0154159 5.89546e-05 0.00774539 0.0778749 5.97743e-06 0.00170556 0.0118101 2.80304e-06 0.165661 0.000213726 0.000862785 
0.000314038 0.00114771 0.290098 0.155723 7.92528e-05 0.0176975 0.0160425 0.0035564 0.101303 0.00361636 0.00119909 2.76327e-05 0.0597517 0.00142739 0.10157 0.00192589 0.00120783 0.074795 0.00527015 0.0252377 0.0602079 0.00170625 0.0263179 0.0237642 0.0260131 
5.60416e-07 0.000131127 0.40474 0.00720025 3.89733e-06 0.00240066 0.000528405 0.000528771 0.0011974 0.0015771 2.77193e-05 0.000107092 0.173684 0.293939 0.0118185 3.52107e-05 0.00583827 0.055516 0.000152439 0.00773038 0.00870181 5.37798e-06 0.0153247 0.00273627 0.00607588 
0.000142808 0.000269333 0.552893 0.0338073 0.000174926 0.00385549 0.00712953 0.00383826 0.0319271 0.000474318 0.000266669 0.000422356 0.0371208 0.00779463 0.0509618 0.000176745 0.0352633 0.0938058 0.0103858 0.0246289 0.0242728 0.000289401 0.0662205 0.00945375 0.0044249 
0.0516474 0.00479461 0.180995 0.014222 0.00103701 0.00576955 0.00852723 0.00124609 0.0158707 0.0110949 0.00116717 0.00895868 0.0160043 0.00623311 0.0255388 0.0295136 0.0856738 0.100635 0.00165452 0.0806296 0.0183921 6.98099e-08 0.175927 0.10063 0.0538377 
0.000158204 0.000151553 0.506121 0.140635 9.60862e-06 0.0153493 0.0216977 0.00327735 0.0547904 0.000231304 9.6186e-05 1.15856e-05 0.0102526 0.00054232 0.0376065 0.000142647 0.0334461 0.037913 0.000563181 0.011544 0.0221679 5.73858e-06 0.073918 0.00326099 0.0261084 
1.76254e-06 6.87631e-06 0.638176 0.0909209 1.4452e-07 0.0539105 0.00338208 0.000493898 0.0253117 1.57581e-05 2.63464e-05 5.68342e-05 0.0171836 5.06101e-06 0.0106702 2.44523e-05 0.00876486 0.0144647 0.00149413 0.00381145 0.00765764 7.87871e-05 0.120794 0.00157753 0.00117065 
3.90946e-05 0.00021101 0.62934 0.0648186 0.000123704 0.0139107 0.0066722 0.00112792 0.0426047 4.2239e-05 0.000131676 1.17637e-05 0.0105336 0.000880046 0.0513345 2.86683e-05 0.00198295 0.0522787 0.00162209 0.0100352 0.0224348 0.000129657 0.0850582 0.00221496 0.00243276 
3.92e-06 8.80227e-05 0.445487 0.0420076 5.36563e-05 0.0275194 0.00365018 0.00412823 0.0111098 0.0074277 9.02422e-05 5.45507e-05 0.0166541 0.000212896 0.0284511 2.13619e-05 0.000284294 0.0353642 0.000781027 0.0102326 0.0137179 2.009e-05 0.347601 0.0036785 0.00136154 
0.000263422 0.00800637 0.416327 0.166216 7.21937e-05 0.0283429 0.0109818 0.00278503 0.0197528 0.000405007 0.000765446 0.000101067 0.0170075 0.00975976 0.042896 0.000169566 0.0117683 0.0880621 0.024159 0.0269097 0.0350408 2.69268e-05 0.0767384 0.0063923 0.00705081 
4.44301e-06 0.000447634 0.276509 0.0908114 1.4429e-05 0.0432424 0.00802976 0.000998794 0.227599 7.49535e-05 0.000360176 2.55313e-05 0.051403 0.000234841 0.0221744 5.17678e-06 0.00424102 0.0114534 0.00276152 0.00741001 0.109816 2.85469e-05 0.136622 0.00291516 0.00281803 
0.000715373 0.0017358 0.34327 0.123441 2.82526e-06 0.0125156 0.0131816 0.00590477 0.0720034 0.0124937 0.00191987 5.65384e-06 0.104024 0.00478045 0.0853535 1.57338e-05 0.00326402 0.0493966 0.00992822 0.0359451 0.0674861 0.00757324 0.00481414 0.0298894 0.0103399 
2.85193e-05 0.000380496 0.592431 0.042627 1.3932e-07 0.0194564 0.00231548 0.0016184 0.0093355 0.00173154 5.28082e-06 0.000613007 0.0035224 0.000194229 0.015486 3.59593e-05 0.0119487 0.0369712 6.99955e-05 0.00245096 0.00468177 3.32868e-08 0.251638 0.00155515 0.000902561 
0.000349557 0.00123158 0.192729 0.110224 1.16122e-05 0.0173818 0.00437019 0.0345726 0.0107447 0.000616642 0.000527292 2.80218e-05 0.0503236 0.00174319 0.0597651 5.10569e-05 0.000520153 0.103464 0.13909 0.0270322 0.0424999 0.000608393 0.0214859 0.0117199 0.168909 
5.80497e-06 0.000537947 0.752838 0.0321664 2.67388e-06 0.00949684 0.00153659 0.00339472 0.000794062 0.00167933 0.000270569 0.00769746 0.0209189 0.00107711 0.0291293 1.44231e-05 0.00170872 0.0888145 0.000123619 0.00281431 0.00218175 3.59847e-06 0.0356762 0.00495829 0.00215869 
3.4473e-05 6.46421e-05 0.697947 0.032181 5.04285e-05 0.00582661 0.00326165 0.000655861 0.0416511 4.15425e-05 5.63999e-05 3.92463e-06 0.00351561 0.000513784 0.041316 2.9136e-05 0.0023507 0.0411356 0.000830839 0.00650784 0.0102053 3.18142e-06 0.107746 0.00233284 0.00173777 
2.41805e-07 0.000201982 0.372503 0.331717 4.60172e-05 0.0734565 0.00766658 0.0110195 0.0112157 6.21838e-06 1.43181e-06 2.77635e-06 0.0465661 4.23775e-05 0.00184094 3.59099e-05 0.0114463 0.0159164 0.000334788 0.00654896 0.02568 3.7184e-09 0.060029 0.00907777 0.0146451 
0.000533996 0.00301295 0.459328 0.0793084 0.000482984 0.00770509 0.00649338 0.00202231 0.0754763 1.22233e-06 3.603e-05 2.77098e-06 0.00134499 0.00245666 0.050646 1.13331e-05 9.0468e-05 0.0116222 0.00581761 0.12904 0.119973 0.000808408 0.00763422 0.0337012 0.00244981 
6.6376e-05 0.00308933 0.18561 0.176427 0.000112827 0.029728 0.00702822 0.0111983 0.0652982 0.00242331 0.000473496 0.0038673 0.0279659 0.0107446 0.0537957 3.42071e-05 0.00162116 0.123893 0.00432117 0.0246183 0.0641107 0.000134812 0.173125 0.0182536 0.0120595 
5.75347e-05 0.000196772 0.234396 0.130997 1.57386e-06 0.0603137 0.00399795 0.00446691 0.0232871 0.000258759 0.00145889 4.10393e-05 0.0815632 0.00196681 0.102316 9.59702e-05 0.00211024 0.10946 0.00236138 0.0162213 0.0818026 5.81152e-05 0.0852742 0.00804167 0.0492555 
4.54589e-05 0.000368893 0.696995 0.036883 0.000277648 0.0051325 0.00452465 0.00106997 0.037346 3.32379e-05 5.741e-05 3.29602e-06 0.00540828 0.00108269 0.049457 3.52945e-05 0.00207409 0.0329085 0.00206076 0.0137959 0.0162543 2.17393e-05 0.0861971 0.00564757 0.00231989 
8.38947e-08 0.000145687 0.261804 0.0669127 1.50292e-08 0.0101233 0.00363192 0.00183746 0.00744264 0.00194628 1.88482e-05 7.06875e-05 0.0729511 0.0729961 0.0594085 2.66336e-05 0.00253175 0.0515009 0.00849727 0.0164139 0.0810241 0.000113437 0.100165 0.161556 0.0188822 
1.4477e-06 0.000580094 0.326055 0.103319 5.54108e-06 0.03616 0.00679608 0.0108623 0.0131324 0.00308179 0.000768519 2.99348e-06 0.189145 0.00430121 0.00974709 0.000134646 0.0314703 0.0570476 0.0061378 0.00861236 0.0433217 4.1058e-05 0.101251 0.0234229 0.024603 
0.00376639 0.000181685 0.238239 0.047421 0.000113943 0.00981358 0.00229561 0.00420478 0.0120603 0.00203464 0.00297066 0.0158505 0.121543 0.00649307 0.0219477 0.00255167 0.0192552 0.183829 0.00588524 0.0160067 0.0216758 0.000168099 0.066317 0.189408 0.0059674 
1.98877e-06 0.00167409 0.166511 0.16068 3.75598e-05 0.065878 0.0127282 0.015973 0.105583 0.000814666 8.81258e-05 0.00140602 0.049401 0.00649515 0.045889 0.0047613 0.000891231 0.112543 0.00450814 0.0474751 0.0690152 0.00016864 0.104559 0.0196886 0.00322885 
3.4473e-05 6.46421e-05 0.697947 0.032181 5.04285e-05 0.00582661 0.00326165 0.000655861 0.0416511 4.15425e-05 5.63999e-05 3.92463e-06 0.00351561 0.000513784 0.041316 2.9136e-05 0.0023507 0.0411356 0.000830839 0.00650784 0.0102053 3.18142e-06 0.107746 0.00233284 0.00173777 
0.00451583 0.00532234 0.234696 0.0387282 0.00303403 0.0126572 0.0108083 0.00548979 0.107379 0.0272428 8.91328e-05 0.00129596 0.20944 0.00130222 0.0299982 0.00615724 0.01984 0.0235058 0.0023945 0.0265528 0.0170076 6.53892e-07 0.0187989 0.151644 0.0420996 
0.000398485 0.00210902 0.287351 0.0856248 5.36541e-05 0.018739 0.137052 0.00269449 0.0640257 0.0011214 0.000569837 0.00022335 0.0868277 0.0114258 0.0295415 7.59264e-06 0.00761233 0.15146 0.00552085 0.0211962 0.066749 1.38126e-05 0.0140444 0.00355954 0.0020793 
2.85193e-05 0.000380496 0.592431 0.042627 1.3932e-07 0.0194564 0.00231548 0.0016184 0.0093355 0.00173154 5.28082e-06 0.000613007 0.0035224 0.000194229 0.015486 3.59593e-05 0.0119487 0.0369712 6.99955e-05 0.00245096 0.00468177 3.32868e-08 0.251638 0.00155515 0.000902561 
3.29623e-05 0.000204154 0.310082 0.138551 4.43678e-06 0.0264657 0.0159571 0.00674308 0.0451119 0.00174502 0.00195963 0.00218162 0.0896149 0.000865844 0.0311062 6.47418e-05 0.0188897 0.0891888 0.00159488 0.0158224 0.0456715 0.00024171 0.14554 0.0090803 0.00328141 
0.000141699 2.01526e-06 0.554217 0.106456 1.00011e-05 0.123153 0.0130072 0.000219234 0.0337374 7.2158e-05 0.000483768 6.65839e-05 0.0135812 0.000107428 0.0141275 1.25039e-06 0.000183525 0.0355628 7.69731e-05 0.0179645 0.0314651 5.72503e-07 0.0421379 0.0113673 0.0018578 
4.95397e-05 0.0041925 0.43338 0.238962 2.50881e-06 0.00405729 0.0949359 0.000269391 0.00501982 0.000824297 8.74779e-05 0.000176995 0.015981 0.000388267 0.00886749 2.02156e-05 0.0326221 0.0876212 0.00020101 0.00321422 0.00898879 1.42208e-05 0.0524977 0.00699104 0.000635164 
3.06946e-05 5.63396e-08 0.413513 0.345211 3.22839e-08 0.0432299 0.000486884 8.92664e-08 0.119265 1.78746e-08 5.7503e-07 2.39188e-06 0.000887278 2.20616e-08 0.010528 1.94011e-06 1.49441e-05 0.00184508 6.66395e-06 0.000651032 0.00482698 8.74123e-09 0.0585395 0.00060642 0.000352437 
2.48459e-05 0.00010647 0.275987 0.0416731 3.03202e-05 0.00869736 0.0196526 0.00332425 0.240545 6.25633e-05 0.000566438 0.00112599 0.0177433 0.000303927 0.0508434 2.1464e-05 0.000516292 0.0496444 0.00563597 0.00876821 0.0232912 0.000135349 0.241364 0.00438433 0.00555159 
1.80751e-05 0.000338348 0.227737 0.0252358 1.6118e-06 0.0780433 0.00510111 0.00899874 0.00624203 0.00114063 0.00377529 1.69398e-05 0.0493487 0.00249831 0.0747446 0.000452779 0.00570353 0.224292 0.0125974 0.0245322 0.0103506 0.0564806 0.0621344 0.0191013 0.101114 
1.4755e-05 0.00038706 0.311489 0.164089 0.000170856 0.00590014 0.0075749 0.0011735 0.0354065 0.000889168 0.000580099 0.000629061 0.0484606 0.0329343 0.0689281 8.91029e-06 3.47245e-05 0.0941925 0.00498001 0.0378639 0.0407326 9.1833e-07 0.135824 0.00187062 0.00586503 
0.00012825 0.00329993 0.504818 0.0546582 0.000309888 0.00502948 0.00767334 0.00219788 0.0302211 2.05139e-05 0.000331256 8.10703e-06 0.054785 0.00279057 0.0779488 2.25446e-05 0.000145677 0.0519567 0.00510591 0.0289855 0.0710743 0.000273169 0.0837749 0.0096978 0.00474309 
3.4473e-05 6.46421e-05 0.697947 0.032181 5.04285e-05 0.00582661 0.00326165 0.000655861 0.0416511 4.15425e-05 5.63999e-05 3.92463e-06 0.00351561 0.000513784 0.041316 2.9136e-05 0.0023507 0.0411356 0.000830839 0.00650784 0.0102053 3.18142e-06 0.107746 0.00233284 0.00173777 
0.000256482 0.000552366 0.189119 0.0104763 0.000188354 0.013839 0.00750042 0.0537539 0.00654264 0.00210202 0.143858 0.000114883 0.0457309 0.00424888 0.125947 0.0201365 0.0120656 0.121706 0.0028765 0.0435707 0.026767 0.0441609 0.0163018 0.0959396 0.0122443 
7.03973e-06 0.000159435 0.396213 0.0432714 5.36282e-05 0.0326004 0.0041354 0.00446118 0.0110271 0.0153842 0.000107737 5.45404e-05 0.016654 0.000958788 0.0433116 3.18036e-05 0.00115689 0.0706826 0.00147876 0.0136063 0.0167578 1.77847e-05 0.31642 0.00859477 0.00285351 
3.4473e-05 6.46421e-05 0.697947 0.032181 5.04285e-05 0.00582661 0.00326165 0.000655861 0.0416511 4.15425e-05 5.63999e-05 3.92463e-06 0.00351561 0.000513784 0.041316 2.9136e-05 0.0023507 0.0411356 0.000830839 0.00650784 0.0102053 3.18142e-06 0.107746 0.00233284 0.00173777 
1.83918e-05 0.000887332 0.246223 0.0406269 0.0060515 0.0499683 0.00716391 0.0307315 0.00773394 4.52878e-05 0.000112138 0.0136623 0.118355 0.0063265 0.0263892 3.95709e-05 0.0039084 0.141187 0.00373803 0.0149124 0.157098 0.00124093 0.0293274 0.0896439 0.00460948 
