4.17259e-06 0.000110766 0.00541228 0.00401008 4.57704e-06 0.00161591 0.00229601 0.0025404 0.00445508 1.54629e-05 0.000637354 9.14827e-06 0.00307043 0.00328887 0.280721 2.20643e-06 0.000214104 0.0498825 0.0196921 0.0119415 0.598591 1.30574e-05 0.00539882 0.0033097 0.00276349 
5.38973e-08 0.00034235 0.0663604 0.238049 1.12879e-07 0.0572799 0.00727139 0.00614193 0.0100971 0.00151466 1.25832e-06 5.22881e-06 0.0125219 0.00681764 0.131813 3.78752e-07 6.44013e-05 0.0107909 0.00163106 0.0556923 0.303586 3.53457e-10 0.0417319 0.0199447 0.028342 
4.50179e-06 6.76742e-05 0.0266565 0.0427874 4.76668e-05 0.0215727 0.00461888 0.00257913 0.0913786 0.016432 0.000963452 5.90726e-05 0.0819513 5.46735e-07 0.0921276 2.136e-08 0.00118205 0.00978664 0.000349364 0.011017 0.585585 5.50896e-07 0.00665357 0.0031258 0.00105284 
8.99755e-05 0.00182264 0.02742 0.129221 0.0153122 0.0234466 0.0110792 0.0148617 0.0135474 0.00391567 0.000192643 0.00214033 0.0673462 0.0161214 0.0320402 0.000136489 0.00293376 0.071492 0.00687415 0.0265226 0.442129 0.000680019 0.0250891 0.0362206 0.0293648 
2.75119e-05 0.00199474 0.0222965 0.0389958 3.74966e-05 0.0206344 0.0492156 0.00571921 0.0113311 0.00286462 0.000825047 0.000484316 0.193731 0.00577913 0.0457801 5.99084e-05 0.00643953 0.111287 0.00927232 0.0314157 0.364853 6.70725e-05 0.0275985 0.0389929 0.0102977 
1.27494e-05 0.000774872 0.0134501 0.0162735 3.16104e-05 0.0067729 0.0215721 0.0187045 0.0205112 1.08731e-05 0.000330854 1.81489e-05 0.0102429 0.000499116 0.327197 9.63145e-06 7.92742e-05 0.0744852 0.00441308 0.0935651 0.338892 8.78483e-06 0.0267229 0.00883781 0.0165837 
0.00114054 0.00862104 0.0138275 0.0999536 0.000412578 0.0098202 0.0444182 0.00586037 0.0376235 0.00136888 0.000460764 0.0060824 0.0573451 0.0295764 0.0952683 0.00175348 0.00442734 0.150112 0.0534093 0.112685 0.174425 8.15196e-05 0.0186124 0.0340542 0.0386609 
1.03341e-05 0.0001293 0.0145336 0.0109849 4.53629e-06 0.00387769 0.00661418 0.00128031 0.00716863 6.76376e-05 0.000241643 0.00264812 0.0549301 0.00289761 0.173306 3.659e-05 0.00114836 0.232867 0.0202932 0.0131015 0.430965 0.000492214 0.00974002 0.0049 0.00776172 
2.75278e-05 0.026803 0.0286705 0.119174 5.66194e-05 0.00896469 0.0481818 0.0345252 0.0195462 0.000277759 0.000128533 5.47757e-05 0.128913 0.0542646 0.122408 2.28226e-05 0.00484206 0.12094 0.0096694 0.0263869 0.177302 0.000467503 0.0227865 0.0370767 0.00850982 
0.00116245 0.000810961 0.00545962 0.0573986 0.0197417 0.005443 0.0654954 0.0479517 0.00532508 0.000944373 0.000669958 0.000652729 0.015747 0.0075678 0.0474484 0.00285853 0.00209983 0.0893361 0.0040209 0.251576 0.252685 6.03394e-05 0.00527726 0.0723628 0.0379044 
0.00904527 3.70915e-05 0.0301485 0.0944329 4.97315e-08 0.0258192 0.0219178 0.000423431 0.00784567 0.000692824 0.00579767 1.4798e-05 0.0393788 1.73141e-07 0.0188465 6.84413e-06 0.00202259 0.00464863 0.00386982 0.0205562 0.698549 0.000122729 0.0124522 0.0017579 0.0016133 
0.00277009 0.00122926 0.159622 0.0485807 2.36538e-05 0.239631 0.00836604 0.000991731 0.0866214 0.00107325 0.000480376 0.00209655 0.0239242 0.00136298 0.0746258 1.72963e-05 0.000883842 0.0257257 0.00160732 0.00723844 0.263221 8.138e-05 0.0313419 0.00336546 0.0151188 
6.76909e-05 0.00475215 0.0227929 0.0657355 0.000401407 0.0275783 0.0210506 0.0289766 0.0287901 0.000222975 0.00151513 8.09847e-05 0.0575966 0.0209628 0.13879 0.000674327 0.00628498 0.125991 0.0133244 0.0551983 0.312801 0.000219812 0.0255447 0.0200648 0.0205836 
0.020206 0.00139573 0.0130723 0.0368524 0.00775534 0.0261025 0.00567697 0.00468437 0.0342869 0.00172763 0.000747509 0.000132844 0.0425983 0.0221874 0.174372 0.000508872 0.012978 0.0958203 0.0740305 0.110143 0.178578 4.75775e-06 0.00682577 0.0151698 0.114144 
0.000150848 0.000567425 0.0197647 0.157695 1.9031e-05 0.00156984 0.0887787 0.000395577 0.00322246 1.9052e-06 0.00664636 6.35534e-05 0.0422864 0.000261758 0.0151959 0.00143222 0.106227 0.0131606 0.000410331 0.00327202 0.519761 3.61864e-06 0.00463319 0.00638635 0.00809359 
0.00356111 0.0165076 0.0299255 0.0470218 0.00379016 0.0174528 0.01265 0.0196235 0.016195 0.00245513 0.0101088 0.00455826 0.0982243 0.0192292 0.163968 0.0022988 0.00923733 0.117541 0.0190183 0.0744085 0.177733 0.000811078 0.0231671 0.0803448 0.0301689 
0.00044456 3.2595e-06 0.00152691 0.00578819 3.97141e-06 0.00129004 0.127349 0.00422028 0.00345713 0.00134288 0.00124095 0.00993516 0.218244 0.00468554 0.0307696 0.000102765 0.00969622 0.20663 0.0346433 0.00996145 0.245153 0.00175389 0.0194964 0.0579225 0.00433939 
0.0036737 0.00405598 0.0173425 0.00712266 0.00102051 0.0015494 0.0085275 0.0106742 0.00900014 0.00502929 0.000567511 0.00264004 0.059567 0.012176 0.120578 0.053446 0.0102162 0.0926937 0.00741184 0.0670457 0.251202 0.000876717 0.00350452 0.197296 0.0527828 
0.0143797 0.0103182 0.0169984 0.0304125 0.0056612 0.00148972 0.0852908 0.00303594 0.0284226 0.00465527 0.0027904 0.00272213 0.0171554 0.027086 0.0871394 0.00840012 0.03071 0.0999113 0.00324342 0.0569464 0.353306 6.78424e-08 0.0259717 0.060791 0.0231622 
0.000412702 0.00053301 0.0433157 0.116193 4.99919e-06 0.0802346 0.00721442 0.000937418 0.00594009 3.48337e-05 0.000420763 8.14647e-06 0.0889371 0.00389938 0.0701935 0.000155084 0.00042019 0.213687 0.00607613 0.0721184 0.228495 2.60924e-05 0.0347786 0.0197893 0.0061751 
4.19292e-05 0.00108225 0.00810942 0.0189146 0.0578629 0.00167038 0.00632687 0.0125582 0.00555902 2.31108e-05 0.00151391 0.00137725 0.00806732 0.0382855 0.31405 0.0101908 0.00123969 0.0419755 0.00600957 0.0278542 0.399723 5.22589e-05 0.00509281 0.0226727 0.00974645 
2.87609e-06 0.000568907 0.0623087 0.0527889 4.07914e-06 0.0155733 0.00776557 0.000855562 0.0174841 3.3744e-05 9.92226e-05 0.000102691 0.20777 0.00931947 0.0593521 6.12328e-05 0.00155005 0.0581391 0.0016205 0.00776285 0.352827 3.78569e-05 0.067508 0.00780501 0.0686584 
0.000527675 0.00517654 0.0116048 0.0366037 0.0109506 0.0117689 0.00226827 0.00314528 0.0215432 0.00425512 0.000280658 0.000217377 0.0102663 0.00909524 0.172297 0.000214412 0.00239338 0.0281064 0.078731 0.0611033 0.422577 1.8266e-05 0.0367796 0.039548 0.0305283 
5.047e-05 0.00123378 0.0342344 0.134202 5.80812e-05 0.0284234 0.033406 0.00615562 0.00658858 0.000210725 0.000716234 0.00158159 0.133223 0.00334627 0.0498869 6.23229e-05 0.0157228 0.100524 0.00209305 0.0484106 0.300625 0.000110097 0.0077402 0.0515777 0.0398162 
4.2788e-06 0.000441879 0.0485356 0.0263449 0.00451208 0.0105955 0.00594986 0.00741034 0.0829346 0.00480247 0.000141156 2.2251e-05 0.0224479 0.000954773 0.048617 7.87893e-06 0.0108214 0.0862356 0.045537 0.0727664 0.501394 5.69246e-06 0.00802369 0.00494399 0.0065499 
6.14439e-06 3.58038e-05 0.018867 0.048293 1.17831e-06 0.0346816 0.00800358 0.00295986 0.000646858 0.000835229 9.89639e-06 5.86912e-06 0.0120533 3.68261e-05 0.00209234 4.07665e-09 0.000455788 0.00468217 8.61799e-06 0.00629961 0.832519 7.13616e-10 0.0218593 0.0033598 0.00228711 
0.0018407 0.00305512 0.0516579 0.0623599 0.00422459 0.0129762 0.0111995 0.00528671 0.0141531 0.00281553 0.00168346 0.00131795 0.0929989 0.041677 0.109252 0.00183746 0.00909202 0.145097 0.0180133 0.135048 0.162086 0.000238352 0.0295112 0.024238 0.0583408 
4.85938e-06 5.15901e-06 0.182889 0.0245925 1.27948e-05 0.00945371 0.0153861 0.0196885 0.00370382 0.00511525 0.00823771 1.60966e-05 0.166495 0.000460682 0.0668504 8.01588e-05 0.0553235 0.0905228 0.00350685 0.0298876 0.250551 1.55433e-05 0.00818773 0.0184284 0.0405856 
2.5388e-06 0.0141916 0.0042254 0.00606014 1.05869e-05 0.00455359 0.00228441 0.00291563 0.0237104 6.0432e-05 0.000286129 0.0103202 0.00760182 0.01433 0.219448 6.66016e-05 0.00130795 0.0340762 0.0491089 0.00739836 0.560076 9.81471e-05 0.00705208 0.0131207 0.0176938 
0.00132203 0.0037249 0.0250094 0.0891621 0.00256823 0.0706246 0.011227 0.00582519 0.0317353 0.00183315 0.00151276 0.00139568 0.0238935 0.0118802 0.0842006 0.000757609 0.00433769 0.06756 0.0192171 0.0562262 0.381266 0.000755038 0.0631776 0.0205279 0.0202601 
6.94411e-06 0.000437735 0.0183428 0.0142767 2.07564e-05 0.00776322 0.00696937 0.000667578 0.00388483 0.00119599 6.81047e-05 2.08251e-05 0.0374759 0.000227935 0.0182373 1.03198e-05 8.13935e-05 0.00761407 0.000284965 0.00535833 0.852592 1.74325e-05 0.0149664 0.0007563 0.00872237 
1.05303e-05 0.00334917 0.0170028 0.0413296 0.000135898 0.00686039 0.0272745 0.0125387 0.00398512 0.000191996 0.00190429 0.000489083 0.112302 0.00357221 0.0837496 0.000121158 0.00821617 0.081719 0.00889112 0.0274162 0.458517 0.000863111 0.0106841 0.0309324 0.0579429 
4.58482e-06 0.0226145 0.00404597 0.0165439 1.27692e-05 0.0508598 0.0083907 0.0972323 0.00814996 0.000753342 0.000195191 6.26176e-06 0.024287 0.0001544 0.134028 1.362e-05 0.0109066 0.0490465 0.0316764 0.0340452 0.382515 0.000220174 0.0116683 0.0247531 0.0878757 
4.75989e-06 0.000536403 0.00495214 0.00440404 3.43346e-06 0.0053821 0.0018457 0.0020932 0.00455539 3.05132e-05 0.000478019 8.82982e-06 0.00230283 0.00808926 0.306709 5.55631e-06 0.000168905 0.0404513 0.0159275 0.0114376 0.55625 1.84709e-05 0.0171914 0.00372842 0.0134257 
0.000116133 0.00057201 0.027935 0.0283775 9.80436e-05 0.00898212 0.0179467 0.00294668 0.0309142 7.84697e-05 0.000978634 0.000664237 0.0861875 0.00425841 0.230636 3.41659e-05 0.00191786 0.234084 0.00648548 0.0257831 0.255817 0.000518031 0.0166558 0.00980446 0.00820874 
0.00189395 0.00029854 0.020188 0.0161142 9.75432e-05 0.0289786 0.00641937 0.00551409 0.0139843 9.86188e-05 0.000466451 0.00509268 0.0364153 0.00728604 0.201228 2.36966e-05 0.000591447 0.197587 0.010096 0.0192465 0.341196 0.000185863 0.0277489 0.00419251 0.0550563 
3.35541e-05 0.00573503 0.0348968 0.0353737 0.000141041 0.00464421 0.0405193 0.0285578 0.0124372 9.36136e-05 0.000184684 4.208e-05 0.07913 0.150664 0.16947 7.50705e-06 0.00153161 0.0516424 0.025392 0.0417701 0.234371 6.38121e-05 0.0132688 0.057334 0.012695 
0.000455499 0.0232759 0.00386934 0.0153214 0.000422263 0.0120357 0.00476739 0.00608752 0.00723085 0.000572637 0.000238044 0.00121254 0.04053 0.0148511 0.106091 0.00591502 0.012443 0.13635 0.0348196 0.0627892 0.29544 0.000160723 0.00631347 0.196706 0.0121018 
0.000435222 0.0400763 0.00139051 0.00182431 0.000949617 0.00183737 0.00232903 0.0234103 0.00139537 0.00947497 0.00276513 0.000614186 0.086988 0.00302295 0.0894579 0.0194514 0.0142572 0.0883536 0.134752 0.0454076 0.314517 0.00013555 0.00221215 0.0480688 0.0668729 
0.00324127 0.00188746 0.019754 0.0649221 0.00166537 0.0244227 0.00949817 0.00143921 0.0111423 0.00309232 0.00111426 0.0192752 0.0420717 0.0642579 0.0738497 0.0279625 0.0165153 0.136151 0.0208231 0.0484928 0.143936 6.53947e-05 0.0748996 0.120341 0.0691793 
8.95774e-06 0.00456745 0.0245585 0.15052 0.000695716 0.0062398 0.00597002 0.00222087 0.00696508 0.000214771 0.112731 1.8028e-05 0.0559977 0.00178446 0.0277418 0.000391137 0.0139076 0.0518714 0.0637062 0.0899775 0.223256 1.29507e-05 0.00423958 0.0572275 0.0951766 
0.000528008 0.000423885 0.0241576 0.0194987 0.000107526 0.00656837 0.0108118 0.00159658 0.0151944 0.000187596 0.000119782 6.97802e-05 0.0170696 0.0203968 0.2758 8.32842e-05 0.00296721 0.0810007 0.0170445 0.0205751 0.39806 4.57566e-05 0.0314292 0.015626 0.0406374 
5.90827e-06 0.000151802 0.00882688 0.0362177 3.68018e-05 0.00223646 0.0394024 0.00219976 0.0021071 0.000516532 0.000112648 0.00335668 0.0255916 0.000245928 0.0115363 1.81192e-06 0.000934549 0.0159611 0.00038598 0.00677932 0.832827 4.03347e-05 0.00541599 0.00444593 0.000663484 
4.17259e-06 0.000110766 0.00541228 0.00401008 4.57704e-06 0.00161591 0.00229601 0.0025404 0.00445508 1.54629e-05 0.000637354 9.14827e-06 0.00307043 0.00328887 0.280721 2.20643e-06 0.000214104 0.0498825 0.0196921 0.0119415 0.598591 1.30574e-05 0.00539882 0.0033097 0.00276349 
1.86889e-07 0.00347096 0.00236579 0.0123886 0.000122233 0.00484445 0.00277903 0.00492685 0.000448415 0.00122116 0.00132509 2.40005e-07 0.0109234 1.79266e-06 0.0151114 6.9586e-08 0.033258 0.00235751 0.00592467 0.0446765 0.827137 1.80459e-06 0.00907804 0.0140721 0.00356417 
1.86889e-07 0.00347096 0.00236579 0.0123886 0.000122233 0.00484445 0.00277903 0.00492685 0.000448415 0.00122116 0.00132509 2.40005e-07 0.0109234 1.79266e-06 0.0151114 6.9586e-08 0.033258 0.00235751 0.00592467 0.0446765 0.827137 1.80459e-06 0.00907804 0.0140721 0.00356417 
0.000283761 0.00383197 0.00666954 0.0273014 0.00080541 0.00387122 0.00971403 0.0147892 0.0122272 0.000921787 0.00038972 0.000291591 0.0354651 0.00433658 0.0958376 0.000516739 0.000903269 0.215658 0.0122874 0.0688965 0.448828 8.08305e-05 0.00620286 0.0208874 0.00900251 
0.0149637 0.00314598 0.0147353 0.0881909 7.67964e-07 0.107879 0.0569486 0.0827701 0.0109731 0.00979789 3.25233e-05 8.8885e-06 0.0528941 0.00726567 0.0291269 7.64276e-06 0.00435304 0.0397624 0.0076008 0.0563068 0.389241 1.22777e-06 0.00255357 0.0209248 0.000515858 
0.0020689 1.36788e-06 0.000953852 0.115344 4.14738e-06 0.0254075 0.00108631 0.00473848 0.0582284 0.00131927 4.72066e-07 4.44557e-08 0.10543 0.0272195 0.0893702 7.91936e-05 0.0181329 0.145661 0.00184809 0.00813315 0.182491 1.47303e-07 9.57725e-07 0.0509787 0.161502 
0.00360534 0.00120268 0.0335594 0.0490571 8.3181e-05 0.0219003 0.0167778 0.0166768 0.00754416 0.00133134 0.0048809 0.000435475 0.0484086 0.0163683 0.100372 0.000188928 0.0128755 0.114772 0.0818341 0.0456515 0.304786 0.00255442 0.0282105 0.0184315 0.0684919 
0.000229875 0.0458327 0.00740232 0.0432898 0.00513197 0.032489 0.00480707 0.00994771 0.00101563 0.0367626 0.000158654 0.00218876 0.0243461 0.0617876 0.0905527 0.000994451 0.00177745 0.0508377 0.00358165 0.0882089 0.443125 1.92039e-05 0.00377087 0.0252815 0.0164611 
7.16373e-06 0.00121291 0.0304594 0.0277667 1.95257e-05 0.0869809 0.0409082 0.0057114 0.0102705 5.94841e-06 0.000170455 9.94734e-06 0.0674767 0.000254806 0.1613 5.09647e-06 0.00329645 0.0851574 0.00679805 0.0348835 0.418615 9.44254e-06 0.0133738 0.000247808 0.00505927 
0.00103145 0.00186853 0.00636393 0.0116436 3.42227e-06 0.0188393 0.00523732 0.000530668 0.00678155 0.00210512 4.69451e-05 1.95332e-06 0.00714393 0.00386636 0.188506 1.75949e-05 0.00020651 0.236814 0.0361189 0.114081 0.243989 6.34764e-06 0.00763915 0.0139667 0.0931897 
2.90208e-08 1.62832e-05 0.00151895 0.0298353 5.92786e-11 0.00231988 0.00627541 0.00690375 0.00283209 0.00183847 0.000368857 7.76899e-08 0.103986 0.00514878 0.000685025 0.00018283 0.000177832 0.0849228 0.00516391 0.0179148 0.672445 0.000691902 0.0162845 0.0399116 0.000576059 
7.76116e-06 0.0033978 0.0212414 0.0649603 0.00256561 0.0337716 0.00662476 0.00508593 0.00404934 0.00180082 3.27772e-05 3.6419e-07 0.0183932 0.0211198 0.0244595 4.93044e-06 1.63254e-05 0.0148943 0.000775489 0.0344849 0.705449 3.60901e-06 0.0135524 0.0149508 0.00835712 
1.44071e-05 0.00269418 0.0122044 0.050105 4.70722e-05 0.00408118 0.0065772 0.00196946 0.0358434 0.000210011 0.00241851 1.54793e-05 0.0763522 0.00733531 0.122748 1.28926e-05 0.000341265 0.0434089 0.00912764 0.0131161 0.582 6.68848e-05 0.00827086 0.00947192 0.0115675 
4.46468e-05 5.40377e-05 0.00734146 0.0211673 3.2251e-05 0.0128309 0.00514363 0.0173906 0.00122496 0.000463232 3.08691e-05 0.000104817 0.0292763 0.00331215 0.0332338 1.21943e-08 0.0120301 0.016757 0.00057042 0.0391998 0.776749 3.12302e-08 0.00959695 0.0122103 0.00123511 
7.68171e-05 0.00529681 0.0239774 0.0417664 0.000102657 0.0177492 0.00743436 0.136961 0.0190528 0.000284356 4.92306e-05 1.00149e-05 0.0167577 0.0662187 0.10442 0.000373014 0.0260338 0.182344 0.00259064 0.0632511 0.201853 0.00033352 0.0530167 0.0175049 0.0125419 
1.27217e-05 0.00108737 0.0324097 0.054127 3.14813e-05 0.0245365 0.0140999 0.00287535 0.0272224 1.08551e-05 0.000330678 2.05218e-05 0.0197706 0.00156105 0.141033 4.06734e-05 7.9235e-05 0.228298 0.00210397 0.114214 0.299252 8.38049e-05 0.0300464 0.0013365 0.00541758 
0.000639019 0.00328575 0.0109961 0.0114037 0.000340953 0.0199578 0.00270535 0.00529726 0.00964652 0.000642282 0.000893594 0.00243659 0.0165522 0.0282515 0.228161 0.00282212 0.0027224 0.146646 0.0364789 0.0677175 0.280436 0.000172165 0.0197508 0.0700722 0.0319729 
0.00349179 0.000527475 0.0228886 0.0184876 0.000239806 0.0514079 0.00705257 0.00963341 0.0175315 2.7826e-05 0.000512812 0.00956169 0.0421398 0.00935982 0.183656 3.02769e-05 0.000300211 0.0958403 0.0110826 0.0223082 0.426121 0.000345702 0.0465099 0.00393155 0.0170119 
1.21238e-05 0.00264468 0.0122287 0.0221401 0.000248946 0.00427301 0.00348244 0.000607739 0.00424296 2.37296e-05 0.000420582 4.30772e-06 0.0163749 0.00264831 0.266619 5.17146e-06 0.00460777 0.11403 0.00301531 0.0545912 0.463792 2.18862e-05 0.0041368 0.0146022 0.00522563 
0.00230146 0.00502613 0.0206787 0.030324 0.000409721 0.00992024 0.0106969 0.0159927 0.00847468 7.56176e-05 0.0262609 3.20505e-05 0.0383634 0.0144178 0.0527273 1.67367e-05 0.00351409 0.0950059 0.138819 0.126373 0.330841 0.00187411 0.00472684 0.0473293 0.0157995 
0.000480774 0.00170573 0.0181637 0.0343168 0.000250943 0.0175702 0.00737485 0.00765178 0.00877894 0.00193807 0.180213 0.00103705 0.0300546 0.00553886 0.104969 0.0102505 0.00412402 0.127306 0.00479971 0.0543592 0.263393 4.75034e-05 0.0472328 0.0393313 0.0291117 
0.00349179 0.000527475 0.0228886 0.0184876 0.000239806 0.0514079 0.00705257 0.00963341 0.0175315 2.7826e-05 0.000512812 0.00956169 0.0421398 0.00935982 0.183656 3.02769e-05 0.000300211 0.0958403 0.0110826 0.0223082 0.426121 0.000345702 0.0465099 0.00393155 0.0170119 
6.89683e-05 0.283649 0.000469393 0.00565745 0.000467924 0.000458498 0.00069926 0.00051705 0.000722583 4.11046e-05 0.00200851 8.71672e-05 0.0405182 0.042574 0.191883 2.51811e-05 8.99039e-05 0.000874669 0.0163592 0.032914 0.356767 0.000645214 0.000628882 0.0132423 0.00863129 
1.0086e-05 0.000183135 0.00630637 0.0222939 0.000342716 0.00152169 0.0177834 0.00350287 0.00221621 0.000398856 0.0777437 0.00476013 0.15277 0.00219268 0.0423205 0.000532677 0.0620165 0.0460977 0.0052479 0.0151388 0.49873 7.111e-05 0.00431474 0.0262853 0.00721859 
6.32983e-05 0.000389665 0.022207 0.105064 0.0123897 0.00338969 0.016076 0.0207063 0.0117115 0.00196795 0.00402815 0.0010674 0.0722197 0.0109344 0.0929529 0.00644662 0.0132648 0.145611 0.0115359 0.124696 0.15352 1.33156e-05 0.0450746 0.105462 0.0192088 
5.69549e-06 0.000625101 0.243267 0.0542415 9.69106e-06 0.0111434 0.035119 0.00252351 0.0413973 3.73248e-06 9.95209e-05 0.000327324 0.0167221 0.000164202 0.141559 3.74232e-06 0.000204488 0.0940587 0.00556923 0.0126244 0.249776 1.48929e-05 0.0771748 0.00174529 0.0116201 
0.0045838 0.00605544 0.00894773 0.0173252 0.00138866 0.0120831 0.00493491 0.00426668 0.00690703 0.00380723 0.00176016 0.00355176 0.0123979 0.0194306 0.154813 0.0107889 0.00544635 0.142312 0.0109324 0.133991 0.249106 2.69126e-05 0.0169515 0.0752414 0.0929505 
1.35625e-05 0.000129359 0.0120508 0.080178 4.58362e-06 0.00340784 0.0157887 0.00117877 0.0343679 5.98795e-05 0.00146626 5.1859e-05 0.0213719 0.00349315 0.20329 5.52955e-06 0.000551063 0.241273 0.00164686 0.0754828 0.288994 3.69196e-05 0.00729333 0.00536362 0.00249995 
0.000133476 9.61795e-05 0.0597123 0.142319 6.35487e-06 0.028852 0.0063198 0.00337655 0.0576362 0.000625053 0.000501641 1.88358e-05 0.0350886 0.000998544 0.0226668 3.02864e-05 0.0143232 0.108968 0.00476416 0.058695 0.273085 1.52329e-05 0.0784825 0.0553343 0.0479504 
3.71906e-05 0.0892516 0.000631418 0.164426 1.36914e-05 0.0334699 0.0208292 0.0571673 0.00420362 0.000321391 5.27098e-05 1.81872e-05 0.0129822 0.00743953 0.169367 6.13725e-07 0.00260773 0.00192541 0.000564998 0.0224874 0.385625 1.18978e-07 0.0119759 0.0141982 0.000402793 
0.000144514 0.000734795 0.00751389 0.019894 0.00184575 0.00588146 0.0146682 0.00694066 0.011195 0.0010793 0.00058786 2.03895e-05 0.00470731 0.0192481 0.226437 2.08829e-05 0.00132202 0.0672854 0.0571166 0.0316561 0.393965 0.000135338 0.0968659 0.0165598 0.0141746 
5.83402e-06 0.0168508 0.0302895 0.0659099 0.0006071 0.0229869 0.00861837 0.00154036 0.00572287 0.000277049 0.000173188 2.14761e-06 0.0639492 0.00481276 0.038081 3.39281e-05 0.00256881 0.0172077 0.0120442 0.0145549 0.522564 2.00376e-06 0.0143156 0.00890119 0.14798 
0.00319945 0.0136715 0.0293862 0.0240677 0.000167595 0.00399034 0.0169523 0.00119872 0.0164746 0.00129084 0.00227958 0.00394945 0.0535766 0.020291 0.103353 0.00389223 0.0468965 0.162149 0.00637267 0.0296624 0.344033 7.34558e-06 0.0120758 0.0792383 0.0218235 
3.45552e-11 8.45833e-06 0.00718209 0.120321 2.35121e-07 0.0781251 0.00937228 0.0898696 0.00603618 6.22736e-07 5.20103e-11 2.36819e-11 0.16646 0.00399653 7.1253e-07 2.99315e-07 0.0782159 0.0984269 0.000703117 3.50272e-06 0.340253 2.7664e-11 0.00102128 2.67282e-06 2.62612e-07 
2.32253e-05 0.00497598 0.00709334 0.00501817 0.000105496 0.00826192 0.00907236 0.00112396 0.00384586 3.71068e-05 0.00123055 3.98958e-05 0.00675467 0.000646749 0.0218739 8.68472e-06 0.000343442 0.072214 0.000888831 0.0152094 0.813613 0.000187186 0.00440838 0.0013922 0.0216318 
3.19749e-05 0.00259883 0.0228633 0.0139016 7.56807e-05 0.00484003 0.0054845 0.00527575 0.0496386 0.00209739 6.48814e-05 0.00931948 0.0291413 0.00961814 0.145878 3.03563e-05 0.000813212 0.0565506 0.015626 0.00790804 0.553086 0.000112801 0.0153794 0.00867351 0.0409909 
7.89485e-07 0.00504436 0.0169719 0.155434 3.30971e-05 0.0092549 0.00896973 0.00994977 0.0061115 0.000365548 0.000809245 9.33728e-05 0.0690194 0.0209337 0.128057 1.55838e-05 0.0194684 0.111674 0.00124842 0.0341316 0.300468 1.47243e-05 0.0312952 0.065933 0.0047025 
0.000296709 0.00082238 0.0266099 0.0640082 0.000415412 0.0108373 0.0337332 0.00436407 0.0376509 0.00130413 0.000350777 0.0004561 0.0761402 0.0152505 0.202401 6.34141e-05 0.00493272 0.105677 0.0101087 0.0272904 0.23388 0.000297473 0.0291961 0.0565504 0.0573626 
0.00206205 0.00437456 0.00520345 0.0114271 2.24379e-05 0.00710806 0.00740436 0.00112857 0.0078135 0.000285315 0.0310707 0.000146095 0.00995857 0.00864115 0.113621 7.028e-06 0.0025417 0.220576 0.037474 0.0360328 0.465206 0.0015811 0.00450381 0.016685 0.00512572 
0.00372147 0.0018803 0.00644541 0.0541388 0.000822175 0.00214201 0.0131888 0.00557742 0.00304336 0.00715738 0.0013823 0.0119277 0.0403995 0.00203854 0.0187197 0.00401274 0.00669221 0.126366 0.00323867 0.148891 0.455564 0.000154944 0.00627871 0.063393 0.012823 
0.000449057 0.000303076 0.0399099 0.041735 0.000105533 0.00750692 0.00989587 0.00836216 0.0212913 0.000268348 0.0222782 0.000701427 0.0642298 0.0316879 0.132294 0.00135173 0.00824864 0.0907978 0.00700274 0.0836348 0.372665 7.66643e-05 0.0134961 0.0198531 0.0218539 
0.00339744 0.0016951 0.00391706 0.0241383 2.76307e-05 0.00327799 0.0445282 0.0238714 0.0137593 0.00274924 0.000124625 3.4367e-05 0.0110074 0.00680584 0.258826 4.07466e-06 0.000859032 0.151188 0.00363013 0.09395 0.290124 6.00619e-05 0.00970148 0.0275053 0.0248171 
2.88469e-06 0.000135585 0.00771532 0.0459711 2.69515e-06 0.00994765 0.00984488 0.00879261 0.000697446 0.00384136 0.000391201 1.12466e-05 0.0291096 0.0032314 0.029576 4.12952e-06 0.000623327 0.0290789 0.000726465 0.0482463 0.738704 5.48848e-07 0.0084874 0.0236972 0.00116042 
0.000108379 0.00129029 0.0222054 0.0660343 2.95474e-05 0.080889 0.00837476 0.00114037 0.0129004 5.75784e-05 0.00631724 0.000221359 0.0129402 0.0695545 0.146795 2.47566e-05 0.00129198 0.0906591 0.0470209 0.0506163 0.241349 0.00166498 0.0867679 0.0219472 0.0297988 
5.31167e-05 0.000435709 0.00885363 0.0339208 2.67571e-07 0.00709609 0.0168938 0.00486134 0.0429995 0.00841559 0.00079046 0.00010384 0.0932138 0.00298678 0.181175 0.000122271 0.00557916 0.0866269 0.00211439 0.0737609 0.227289 1.38413e-05 0.0056886 0.0274703 0.169534 
2.49144e-05 0.000155326 0.00819456 0.00824003 6.63664e-06 0.00376024 0.00737325 0.00134387 0.0556608 5.00194e-05 0.00408939 0.00138575 0.0560268 0.000235759 0.091084 2.27094e-05 0.00532289 0.291438 0.00297053 0.0312076 0.409111 0.000588162 0.0100528 0.00781918 0.0038359 
0.00176611 0.071465 0.0238779 0.0633006 0.000578568 0.00605298 0.00081491 0.000557587 0.0070977 0.000305288 0.00160604 0.000615696 0.0455226 0.0101242 0.00335325 0.000100937 0.00698404 0.0166979 0.00175662 0.0104893 0.686649 1.24219e-08 0.0148101 0.0199387 0.00553493 
0.000173283 0.00188726 0.00464085 0.0060058 0.000284108 0.000934276 0.00587936 0.00368286 0.00246211 0.000648858 0.00680477 0.00101018 0.035934 0.010775 0.211007 0.000340368 0.00474953 0.213863 0.022445 0.0493469 0.35578 6.58118e-05 0.00312327 0.0464284 0.0117267 
0.00349179 0.000527475 0.0228886 0.0184876 0.000239806 0.0514079 0.00705257 0.00963341 0.0175315 2.7826e-05 0.000512812 0.00956169 0.0421398 0.00935982 0.183656 3.02769e-05 0.000300211 0.0958403 0.0110826 0.0223082 0.426121 0.000345702 0.0465099 0.00393155 0.0170119 
0.000391241 0.00493277 0.0225546 0.0542995 0.000482274 0.0214051 0.0337567 0.0832559 0.0154028 0.0845908 0.00164217 0.000232617 0.0938841 0.00671632 0.0861868 0.00752242 0.0108998 0.089955 0.0018099 0.0320113 0.233157 6.23894e-05 0.0207584 0.0854411 0.00864931 
0.000241497 0.00102476 0.036735 0.0254122 5.21894e-05 0.013885 0.00710005 0.00228825 0.0174602 0.000318613 0.000868708 0.000305095 0.0150749 0.0232672 0.212274 8.92018e-06 0.000873387 0.149081 0.0209136 0.0211217 0.290561 3.88494e-05 0.0540932 0.0225274 0.0844734 
2.73187e-05 0.00539275 0.00243712 0.0612607 9.60782e-05 0.00599262 0.0036598 0.000455508 0.105733 0.0829553 0.00155989 0.00016076 0.00745246 0.00112684 0.0402885 0.0110282 5.47439e-05 0.00601315 0.000758753 0.00388696 0.626735 6.40891e-05 0.0102948 0.00446141 0.0181045 
7.73077e-07 0.000222749 0.0393291 0.0118272 0.0214171 0.00271571 0.00285246 0.00632842 0.0100746 0.000761931 0.000212845 2.54268e-05 0.0103574 0.00106524 0.0147927 7.98272e-05 0.000508403 0.00622036 0.000330909 0.0214308 0.814086 1.00723e-06 0.0339328 0.000797262 0.000628895 
0.000327787 0.00224035 0.0296442 0.0495242 9.00988e-05 0.0119328 0.00260405 0.00642128 0.00311103 0.00784486 0.000282154 0.000652459 0.120776 0.007224 0.0767041 0.000507946 0.00500108 0.203008 0.0278998 0.106874 0.250572 8.11469e-05 0.0468818 0.0330052 0.00678991 
0.000130949 0.00357325 0.00211468 0.0461475 3.81899e-05 0.00629634 0.0597813 0.00429974 0.0462608 0.0411124 0.0283939 0.000858067 0.0729181 0.00231058 0.043989 0.00273727 0.0600013 0.0113106 0.00104031 0.0375701 0.486353 4.31047e-05 0.00437822 0.0271127 0.0112289 
0.000100783 0.000123131 0.00516581 0.0775251 0.000144777 0.0100875 0.00606952 0.00183251 0.0369132 0.00178015 0.000519537 1.42678e-05 0.00896757 0.00585642 0.0283019 5.52535e-06 0.000243298 0.00810399 0.00162025 0.00326354 0.741958 3.29026e-06 0.0505473 0.00967119 0.00118163 
0.00355711 0.00638166 0.0360717 0.0767129 0.000320729 0.00793943 0.0206824 0.00750543 0.00569996 0.0109805 0.0461649 4.75558e-05 0.0849197 0.00372346 0.0518059 0.000157417 0.0261782 0.0650875 0.0303415 0.0704333 0.288275 8.35604e-05 0.00929081 0.0349182 0.112722 
0.000133273 0.00204729 0.00343421 0.000188359 7.82874e-05 0.011692 0.0019863 0.020045 8.95009e-05 0.00265341 5.58691e-05 1.1218e-05 0.0765886 0.00489502 0.06047 3.90625e-05 0.000353863 0.0717372 0.0158406 0.0825128 0.552514 8.02983e-05 7.78464e-05 0.0336351 0.0588406 
2.27161e-05 0.0208222 0.0626235 0.0394899 0.0024044 0.0456842 0.0127846 0.0233333 0.0115555 0.00504035 0.000372637 0.00275198 0.168627 0.00843982 0.175401 3.6749e-05 0.00875136 0.058814 0.0285597 0.033381 0.255354 0.000296699 0.00606202 0.0247245 0.00466685 
1.95122e-05 0.00100457 0.00599883 0.0161104 0.000915794 0.0132152 0.00291987 0.0015684 0.00654973 3.30541e-05 5.13827e-05 0.00103663 0.0192924 0.00950993 0.203507 0.00400693 0.00361245 0.133646 0.0368522 0.0227773 0.364156 4.5216e-05 0.0210581 0.0276294 0.104483 
0.0055314 0.00278116 0.00640185 0.00756646 0.000373705 0.00768678 0.00557371 0.00561175 0.00610991 0.00147044 0.000620904 0.00085471 0.00997764 0.0168733 0.274398 0.0265233 0.0013861 0.0998562 0.0555387 0.0377619 0.30192 3.28188e-05 0.0112077 0.0467221 0.0672187 
5.62549e-06 0.00188056 0.0125439 0.00852894 6.30369e-06 0.00959018 0.00308555 0.00136439 0.103683 1.49012e-05 0.000130693 0.00599621 0.0138273 0.0114154 0.252542 8.5026e-05 0.000474975 0.118808 0.0306369 0.0185633 0.335934 0.000406314 0.0334521 0.00244965 0.034575 
0.00189395 0.00029854 0.020188 0.0161142 9.75432e-05 0.0289786 0.00641937 0.00551409 0.0139843 9.86188e-05 0.000466451 0.00509268 0.0364153 0.00728604 0.201228 2.36966e-05 0.000591447 0.197587 0.010096 0.0192465 0.341196 0.000185863 0.0277489 0.00419251 0.0550563 
3.28024e-05 0.0102076 0.00974026 0.0293258 2.06979e-05 0.0207588 0.00174673 0.0172569 0.0117577 0.000361506 0.000120275 5.82863e-06 0.00343191 0.00853015 0.15348 1.49475e-05 0.000387465 0.0859515 0.0141688 0.035721 0.560429 3.77184e-05 0.0159368 0.00957618 0.0110004 
0.0453161 0.000564872 0.0254921 0.0170642 0.000250515 0.0332053 0.0111619 0.0139836 0.0168965 3.22543e-05 0.000430779 0.00498078 0.0484462 0.0065115 0.157066 8.60726e-05 0.000229999 0.147417 0.0166108 0.0274513 0.372368 0.000385968 0.0375313 0.00468317 0.0118333 
0.000337038 0.00255352 0.0109859 0.031664 0.000329258 0.00148229 0.011136 0.00858526 0.00590433 0.000951458 0.000642681 0.00111025 0.0629368 0.0342381 0.153335 0.000429851 0.00128119 0.220661 0.0490306 0.0892886 0.228338 0.00155717 0.00950281 0.0571438 0.0165744 
0.000229613 0.000884626 0.0228803 0.0555816 4.03988e-06 0.200546 0.00369386 0.000818657 0.012402 8.19992e-06 0.070105 5.43857e-05 0.0475259 0.0212359 0.0780337 1.91261e-05 0.000306755 0.058021 0.0310813 0.0209799 0.284739 0.00138234 0.0588725 0.0241253 0.00646923 
0.000440087 0.00243014 0.0636394 0.051951 1.43423e-05 0.0230602 0.00874274 0.00654564 0.00609182 0.00373468 0.00135511 0.000340136 0.0487795 0.00454605 0.197107 3.79696e-05 0.0218635 0.0997085 0.0279792 0.0187245 0.237996 4.88492e-05 0.0144385 0.00814075 0.152284 
2.70604e-06 0.00141652 0.00728566 0.0163917 3.74269e-06 0.0119646 0.0087646 0.00498801 0.00606298 7.4849e-05 0.000495493 0.000100056 0.0493407 0.0547461 0.254602 6.08981e-05 0.0026673 0.100025 0.0394129 0.0400305 0.267549 0.001489 0.0266475 0.0249814 0.0808955 
0.0304826 0.0148743 0.00938479 0.0288232 0.000681212 0.0852634 0.00115618 0.00501091 0.0183115 0.00200063 0.000742023 0.00525303 0.0124217 0.0551215 0.113104 0.00420766 0.00217106 0.0655516 0.122902 0.0381059 0.182316 4.68069e-06 0.0570628 0.0403588 0.104689 
5.78763e-06 0.00161264 0.00761683 0.0141269 5.73633e-06 0.0212087 0.00380507 0.000691929 0.0066488 0.000260276 6.17897e-05 0.000114982 0.00615696 0.0906105 0.234447 1.4003e-05 0.000172805 0.063063 0.0326484 0.0795487 0.33842 0.00049176 0.0225706 0.0178437 0.0578532 
0.0014814 0.0120688 0.0165251 0.0842315 0.000800782 0.0259379 0.00964902 0.0056258 0.00565187 0.00284536 0.000382451 0.00128356 0.203575 0.0134099 0.0787973 0.0285676 0.00256583 0.0405568 0.0121676 0.0463075 0.246424 5.63017e-06 0.0714605 0.0688769 0.0208026 
4.75303e-06 0.000536348 0.0056775 0.00544359 3.4069e-06 0.00547043 0.00201755 0.00259507 0.00557748 1.57005e-05 5.1323e-05 1.61747e-05 0.0105765 0.00895841 0.32226 2.27246e-05 0.000125376 0.0879801 0.0168841 0.0147794 0.441113 5.82878e-05 0.01761 0.00571967 0.0465028 
0.000972078 0.00482814 0.0280855 0.0463469 0.000127457 0.00849244 0.0038499 0.0193163 0.0481793 0.00339827 0.00010093 4.08445e-05 0.0664105 0.0025042 0.0372655 0.00411137 0.0184128 0.0223625 0.0125837 0.268532 0.331034 5.1427e-07 0.0329809 0.0111015 0.0289631 
7.58467e-06 0.00378608 0.00388597 0.0163447 0.00429503 0.00696954 0.0307368 0.0106732 0.00517752 9.35763e-05 0.000361317 1.30831e-05 0.0118622 0.0885965 0.249107 1.02184e-05 0.00101483 0.0534769 0.0268374 0.0812641 0.342802 1.92804e-05 0.0101469 0.0250929 0.0274258 
0.000130872 0.00303765 0.0206724 0.0573221 3.46213e-06 0.121936 0.00303333 0.0010593 0.0107075 7.74743e-05 0.0119254 3.61927e-05 0.0197108 0.0128609 0.133953 1.96138e-05 0.000499631 0.1718 0.0262376 0.0209115 0.237769 0.00188933 0.0581483 0.0175231 0.0687351 
0.00057683 0.00536562 0.0293231 0.0487224 0.000180983 0.00814333 0.00724762 0.0418967 0.0168248 0.00509022 0.000948319 5.12649e-05 0.0934992 0.00464499 0.185706 0.000249762 0.0141284 0.0955421 0.0246932 0.0542913 0.248683 0.000137494 0.0114844 0.0226852 0.0798836 
3.60356e-05 0.00200481 0.0018092 0.049788 0.00684503 0.0177277 0.0193969 0.0899507 0.0170255 0.000834512 0.0112052 0.00341565 0.140079 0.00623333 0.040573 0.000104554 0.00218698 0.197177 0.0294416 0.0581076 0.208542 0.000450466 0.00173548 0.0902819 0.00504783 
0.00120705 0.00483019 0.00732119 0.0118433 0.0223758 0.0116713 0.0526927 0.150073 0.00382757 0.000193187 0.0002961 7.5392e-05 0.0773398 0.0183097 0.0598833 0.000972298 0.00783715 0.0363804 0.0470304 0.0518069 0.224794 0.000112266 0.00917389 0.129759 0.0701951 
2.39323e-05 0.017612 0.0119647 0.0437326 6.71279e-05 0.128466 0.101805 0.0190872 0.0129914 0.0130475 0.00073003 1.1061e-07 0.191923 0.0573348 0.014495 4.16803e-05 0.000315151 0.0102563 0.00368396 0.0484985 0.238234 8.26322e-07 0.0713681 0.0143204 5.37009e-07 
0.0001822 0.00683174 0.00936868 0.164333 0.000485142 0.0374128 0.00489882 0.00414492 0.0757641 0.00105836 0.00245463 0.0346489 0.126385 0.00743797 0.0378331 0.00151098 0.0012801 0.0476684 0.121036 0.0262047 0.210075 0.0223389 0.0127774 0.0252116 0.0186583 
1.30731e-06 0.00423317 0.180077 0.0222158 3.19513e-05 0.00644288 0.0040374 0.00584932 0.00442401 2.45856e-05 0.0453109 1.78909e-06 0.0127883 0.0148121 0.0516224 2.74677e-05 0.00189214 0.0226328 0.00539254 0.0436966 0.527211 2.40612e-06 0.0272708 0.00919671 0.0108042 
6.19844e-06 0.000253613 0.0514125 0.103421 6.52696e-06 0.0440765 0.0105729 0.00590474 0.0284193 0.0176563 0.00131099 0.000418172 0.0595588 0.00426357 0.0405783 7.41703e-05 0.00225442 0.0251681 0.000935513 0.0111316 0.536311 7.41324e-05 0.030563 0.0191808 0.00644867 
7.03716e-05 0.000904135 0.0661125 0.080819 1.10804e-05 0.0034452 0.0076586 0.00313203 0.0312746 3.77733e-05 4.39148e-05 0.000158114 0.125411 0.0218947 0.140277 1.60034e-05 0.000620664 0.0422939 0.00890214 0.0404077 0.347734 0.000105504 0.0142839 0.00731792 0.0570673 
1.87007e-06 0.0002026 0.0120683 0.0176055 0.000116872 0.00459244 0.00397516 0.00380578 0.00371154 0.000847297 7.1782e-05 2.64822e-06 0.00873422 7.1653e-05 0.0109596 1.39342e-06 0.000272027 0.0135817 0.000301106 0.0147048 0.884449 1.59615e-06 0.0143815 0.00375867 0.00178105 
2.61649e-05 0.000155916 0.0346704 0.0488196 7.10333e-06 0.00884549 0.186302 0.0648177 0.0180733 0.000141323 0.00441839 0.0518923 0.0688195 0.00710845 0.0568639 3.73155e-05 0.00216987 0.0660854 0.00296189 0.0898357 0.215276 2.81517e-06 0.00964994 0.0619028 0.00111654 
0.00163362 0.00383397 0.0294621 0.0685888 0.00165386 0.0582277 0.0144615 0.0136892 0.0127035 0.00205056 0.00550221 0.00214452 0.0914434 0.0177229 0.128657 0.00101159 0.0164065 0.119744 0.0246831 0.0635618 0.225344 0.000839921 0.0291581 0.0389765 0.0284992 
0.000724594 0.00878261 0.0137049 0.0355097 9.87985e-05 0.0100144 0.00926481 0.0072732 0.0111182 0.000739887 0.000308975 0.0116106 0.19597 0.0111087 0.103419 0.00014526 0.000519533 0.128746 0.0537026 0.0682502 0.209846 0.000499219 0.00499551 0.0242886 0.0893577 
0.000158865 9.53002e-05 0.00789209 0.00542278 0.000131088 0.00127927 0.00260104 0.000435045 0.00173222 0.0014787 0.000103903 0.000610134 0.028569 0.00311978 0.0614272 0.000542062 0.00289332 0.142531 0.00313236 0.039225 0.619081 6.46222e-06 0.000636911 0.0163216 0.0605739 
0.000167539 0.00654428 0.0508769 0.106814 0.000786838 0.0563828 0.0377181 0.015089 0.0391833 0.00403153 0.00586758 0.00498942 0.137332 0.0167273 0.0831829 5.90167e-06 0.0256535 0.0919752 0.00586068 0.03123 0.139614 5.69124e-06 0.0148436 0.114901 0.0102181 
0.00235894 0.00209092 0.0147147 0.026923 0.000410958 0.0101991 0.0119494 0.0195178 0.0429791 0.000866826 0.00268682 0.00063992 0.24643 0.00301283 0.0550089 0.000475814 0.0177967 0.0835107 0.00251134 0.0360965 0.347168 1.85499e-05 0.0311385 0.0373578 0.00413673 
0.00189395 0.00029854 0.020188 0.0161142 9.75432e-05 0.0289786 0.00641937 0.00551409 0.0139843 9.86188e-05 0.000466451 0.00509268 0.0364153 0.00728604 0.201228 2.36966e-05 0.000591447 0.197587 0.010096 0.0192465 0.341196 0.000185863 0.0277489 0.00419251 0.0550563 
0.0143797 0.0103182 0.0169984 0.0304125 0.0056612 0.00148972 0.0852908 0.00303594 0.0284226 0.00465527 0.0027904 0.00272213 0.0171554 0.027086 0.0871394 0.00840012 0.03071 0.0999113 0.00324342 0.0569464 0.353306 6.78424e-08 0.0259717 0.060791 0.0231622 
3.09558e-07 0.000163817 0.0298847 0.0098013 0.0379697 0.00183167 0.00241654 0.00942715 0.00729723 0.000518525 0.000188685 9.55558e-06 0.00857272 0.00117371 0.013446 6.41383e-05 0.000511734 0.00852779 0.000205707 0.0319709 0.818903 5.12339e-07 0.0152044 0.00146269 0.000447624 
2.73187e-05 0.00539275 0.00243712 0.0612607 9.60782e-05 0.00599262 0.0036598 0.000455508 0.105733 0.0829553 0.00155989 0.00016076 0.00745246 0.00112684 0.0402885 0.0110282 5.47439e-05 0.00601315 0.000758753 0.00388696 0.626735 6.40891e-05 0.0102948 0.00446141 0.0181045 
0.000126191 2.96781e-05 0.111119 0.198725 1.48821e-06 0.0237402 0.00710584 6.10976e-05 0.0262686 1.39818e-05 1.38806e-05 1.80372e-05 0.0645527 0.000442763 0.0392396 2.82856e-05 0.000506393 0.106121 3.78829e-05 0.0132173 0.354149 8.1597e-06 0.0497818 0.00169492 0.00299696 
0.0187483 0.0112652 0.00209559 0.0111082 4.36279e-06 0.00192469 0.320605 0.00388031 0.00549938 1.76858e-06 0.000572488 4.33316e-06 0.0493436 3.62705e-05 0.0194523 6.21197e-06 0.0017047 0.0611705 0.000144591 0.0277611 0.45368 1.10688e-05 0.00447295 0.00536681 0.00113981 
1.99933e-05 0.00110035 0.00672676 0.0561838 1.62473e-05 0.0509581 0.0137575 0.0241059 0.0109296 1.24867e-05 0.0020803 2.04208e-05 0.10031 0.0327033 0.192436 2.31875e-05 7.27503e-05 0.0772223 0.0241937 0.0445579 0.241865 4.98703e-06 0.068868 0.0493987 0.002432 
0.00242777 0.0070846 0.0125364 0.037135 0.000939924 0.00896646 0.0186567 0.0360476 0.0191202 0.0039845 0.0131767 0.000471847 0.182911 0.0317169 0.101284 0.000680304 0.0123565 0.100505 0.0379864 0.0810309 0.209666 0.000112577 0.0110027 0.0541211 0.0160794 
0.00213314 0.000184313 0.0160557 0.0854992 0.00126533 0.0298761 0.0279813 0.0811793 0.00424688 7.94649e-05 5.9385e-05 0.000325673 0.105879 0.0172331 0.0435449 0.023088 0.0147423 0.0712369 0.000679117 0.121709 0.256416 5.79714e-07 0.0135456 0.082274 0.000765361 
8.51562e-06 0.00437122 0.0277123 0.0864938 0.000942003 0.0614311 0.00554543 0.00599549 0.0325641 0.00147666 7.95008e-05 3.21918e-05 0.00808943 0.0716304 0.109185 1.04975e-05 0.000354881 0.0444661 0.00591069 0.150349 0.332251 3.15089e-05 0.0135171 0.0119919 0.0255599 
1.33886e-05 0.00603254 0.0213648 0.0326105 0.000236716 0.00671722 0.00327273 0.00161484 0.0392976 0.000292023 0.00374707 4.11997e-05 0.00888242 0.0105183 0.209964 7.33806e-05 0.00151625 0.0457643 0.0269579 0.0277133 0.492256 5.35987e-05 0.0180962 0.00834855 0.0346159 
0.000128769 0.00136527 0.00715604 0.0138739 0.000247676 0.00434398 0.0154242 0.00359135 0.0147864 0.00961644 5.24369e-05 8.3683e-06 0.00745521 0.00349293 0.340806 2.70361e-05 0.00333629 0.0410245 0.0151402 0.0175706 0.395583 2.03224e-05 0.00509185 0.0357082 0.0641499 
4.3032e-05 0.0024219 0.0496153 0.159846 1.41584e-05 0.0338907 0.0819029 0.101231 0.0111555 0.00113715 0.000228099 7.7075e-05 0.13649 0.00867878 0.0247632 0.000171551 0.0330793 0.053971 0.00700547 0.0265389 0.170655 0.00125181 0.00325904 0.0631178 0.0294546 
4.30422e-06 0.0016593 0.0111224 0.0487218 2.31003e-05 0.112645 0.00661106 0.0061156 0.00906927 8.01819e-06 0.000140878 8.62926e-06 0.00677676 0.00818153 0.0961945 6.21726e-06 1.71719e-05 0.030268 0.00071636 0.050482 0.516615 9.57505e-06 0.0756163 0.00924541 0.00974159 
3.34804e-05 0.000650595 0.0526048 0.0171287 0.000434352 0.0121022 0.002588 0.000564616 0.111256 3.95227e-05 9.4743e-05 0.00512931 0.0140112 0.00660595 0.188539 4.44444e-05 0.000645043 0.0829388 0.0137899 0.00826864 0.436462 0.00016497 0.0225544 0.00209531 0.0212543 
0.000706166 0.0117021 0.0192045 0.0563083 0.000166105 0.0541513 0.00725719 0.00380713 0.046104 0.00163778 0.001297 0.00187824 0.0307692 0.00899589 0.0895837 0.000466595 0.00143888 0.120637 0.00558047 0.0759585 0.391125 9.01535e-05 0.0233858 0.0263942 0.0213556 
