0.00763504 0.0059113 0.0285521 0.012769 0.00285732 0.0146748 0.00193026 0.00574819 0.00399266 0.00377055 0.000825212 0.00924574 0.0390838 0.0144256 0.0600294 0.00832885 0.0229415 0.164239 0.0359836 0.0801439 0.0219464 0.000259321 0.222848 0.201662 0.0301965 
5.47868e-06 0.00205696 0.0225595 0.0765317 3.09257e-05 0.299196 0.00692873 0.000769943 0.0223129 0.000210335 3.55003e-05 5.34702e-06 0.00267329 0.00854347 0.0442651 1.27964e-05 4.0939e-05 0.0139079 0.00205632 0.00910034 0.0390223 2.04993e-05 0.428702 0.00133169 0.0196802 
0.00362462 0.0118964 0.0114569 0.0850962 0.000420538 0.00897944 0.00405199 0.00880766 0.0159069 0.00195897 0.0016745 0.00415644 0.0371889 0.0152533 0.0532404 0.00413858 0.00888583 0.0932393 0.0169931 0.210243 0.046684 0.000280133 0.236163 0.0759459 0.0437137 
0.000400876 6.85807e-05 0.0178986 0.0953907 5.5597e-06 0.0436264 0.0139085 0.00468229 0.0127665 4.67456e-05 0.203871 6.81546e-05 0.0837425 0.000712935 0.00485748 1.51436e-05 0.00242141 0.155001 0.000413414 0.0107913 0.0600598 0.000167601 0.283404 0.00432783 0.00135273 
3.43579e-05 0.000464201 9.94154e-06 0.0228544 0.000886672 0.00240785 0.00825301 0.0239742 0.00275556 0.000368693 0.000178021 4.84682e-06 0.00955011 0.00767509 0.0100004 8.15422e-06 2.15086e-08 0.0116747 0.000235174 0.129649 0.0141455 1.4674e-05 0.743407 0.00743023 0.00401806 
2.11092e-06 0.000109963 0.00950928 0.0351551 1.78842e-05 0.0129314 0.00440699 0.00155131 0.242205 2.54004e-05 5.74839e-05 5.15158e-06 0.00609418 0.000116247 0.0212821 1.87048e-05 0.000652903 0.0207142 0.00260705 0.00853286 0.0226355 2.37162e-05 0.604667 0.000702137 0.00597556 
3.9312e-06 0.000210973 0.0141458 0.0496801 2.07471e-05 0.0176955 0.00770249 0.00216274 0.295582 3.28076e-05 0.000104359 7.68625e-06 0.00716249 0.000162449 0.0381681 2.41534e-05 0.000808113 0.0369511 0.00291426 0.0145027 0.0386519 2.4476e-05 0.464065 0.00077042 0.00844594 
0.00031753 0.000363325 0.207926 0.0413855 3.78244e-05 0.0128341 0.0047215 0.0067171 0.249483 0.000556054 0.000253138 7.85116e-05 0.0075768 0.00985242 0.0308403 1.64426e-05 0.00391028 0.0560825 0.00224326 0.0156976 0.0236708 8.20676e-05 0.316602 0.0034072 0.00534464 
0.00290503 0.00984235 0.110543 0.15074 0.00283004 0.0800263 0.0103663 0.00546784 0.0598721 0.000629993 0.000141189 0.000301779 0.0143588 0.0110386 0.0642341 0.000904919 0.011144 0.0598996 0.00952889 0.0283727 0.0520337 6.88305e-05 0.271122 0.0201349 0.0234925 
0.000149212 0.000648277 0.0574871 0.0186378 2.94838e-05 0.0356183 0.00316785 0.000862245 0.0734902 2.86727e-05 0.000117188 0.000241264 0.00711568 0.00403455 0.11641 1.39221e-05 8.47692e-05 0.0665323 0.00545823 0.0107423 0.062205 0.000109062 0.508853 0.00360987 0.0243536 
0.000374794 0.000351737 0.24051 0.0743461 3.2273e-07 0.0271987 0.00392132 0.00323206 0.0477332 0.00548463 0.000334666 0.000249279 0.0267025 0.00223678 0.0128793 4.55342e-05 0.00807052 0.0441964 0.000758528 0.0155236 0.0205239 6.40347e-06 0.45885 0.00471458 0.00175475 
4.75166e-06 8.31465e-05 0.0195245 0.0299425 0.0197542 0.112842 0.011334 0.00198797 0.0224382 9.4472e-06 8.59549e-05 1.97021e-06 0.00608036 0.000593144 0.0236633 1.54601e-05 4.45157e-05 0.0535636 0.00329514 0.00633259 0.0251118 0.000165368 0.654544 0.00719315 0.00138903 
2.11092e-06 0.000109963 0.00950928 0.0351551 1.78842e-05 0.0129314 0.00440699 0.00155131 0.242205 2.54004e-05 5.74839e-05 5.15158e-06 0.00609418 0.000116247 0.0212821 1.87048e-05 0.000652903 0.0207142 0.00260705 0.00853286 0.0226355 2.37162e-05 0.604667 0.000702137 0.00597556 
6.54195e-06 0.000928625 0.0766921 0.0547876 3.86633e-05 0.141489 0.00607161 0.0014091 0.0150189 0.00145352 6.97538e-05 7.0519e-06 0.012133 0.00309808 0.0193635 1.11977e-05 0.000261984 0.014063 0.00131902 0.00583683 0.020765 5.7037e-05 0.620824 0.00102827 0.00326641 
3.82292e-06 0.000253069 0.260632 0.0323667 0.00196704 0.0323813 0.00484057 0.00244264 0.0116744 0.00144251 0.000167123 0.000189417 0.00802188 0.00763964 0.0292837 1.30533e-05 0.000526371 0.0480852 0.00141742 0.0127239 0.0178817 7.78779e-05 0.521168 0.00320159 0.00159898 
3.17603e-05 0.000212973 0.0147431 0.0361818 2.24698e-05 0.0131571 0.00511635 0.0022259 0.01283 2.90744e-05 0.000193088 2.99506e-05 0.00263812 0.012085 0.0356594 4.00726e-06 3.67915e-05 0.0335692 0.0038878 0.0415374 0.042151 2.22416e-05 0.727779 0.00640276 0.00945381 
0.000281854 0.000182129 0.158929 0.0875425 5.6971e-05 0.0227801 0.0185824 0.00825403 0.010842 0.009688 4.96195e-05 0.00166755 0.0345611 0.00108289 0.0244219 0.000476938 0.00411688 0.0625468 0.00197855 0.0213082 0.0166917 9.00128e-06 0.499676 0.0111558 0.00311821 
0.00123191 0.116322 0.0230143 0.0505333 0.000358379 0.151878 0.00351076 0.000670123 0.0259933 0.00500848 0.000195497 0.000731638 0.00478559 0.0241209 0.0542686 0.00215789 0.00201031 0.0238135 0.00217502 0.0233635 0.0533013 1.29923e-05 0.31558 0.0250219 0.0899405 
0.000229995 0.001981 0.0160495 0.0166415 0.00117236 0.00903389 0.0144143 0.0044753 0.0242042 0.000149313 0.00172892 0.000267595 0.00626627 0.00209449 0.080383 8.78292e-05 0.000382753 0.0778165 0.00437385 0.0303538 0.0488802 0.00156535 0.650646 0.00111373 0.0056889 
7.11623e-05 0.00086394 0.0812399 0.0331996 5.95083e-05 0.0917773 0.00506157 0.00756611 0.0147512 0.00285907 0.00118896 1.62871e-05 0.0382161 0.00962834 0.0823179 5.98578e-05 0.000655988 0.139883 0.0164006 0.0142834 0.0435824 0.000134424 0.374418 0.00684344 0.034922 
0.00265834 0.0023958 0.00481862 0.0117823 0.000624289 0.00642708 0.00117628 0.00324039 0.00279421 0.00161001 0.000615554 0.00440817 0.00842522 0.00899643 0.0156112 0.00462096 0.00265392 0.0610937 0.00227896 0.0934016 0.0156515 2.73715e-05 0.579856 0.150771 0.0140613 
0.00416636 0.00472042 0.0974258 0.108015 0.00145404 0.0411892 0.010398 0.00498747 0.1786 0.00170518 0.000639771 0.00141137 0.0298041 0.00905472 0.0803598 0.000318715 0.00799706 0.0664168 0.0115079 0.0272567 0.0536497 0.000101088 0.216756 0.0117392 0.0303255 
4.75166e-06 8.31465e-05 0.0195245 0.0299425 0.0197542 0.112842 0.011334 0.00198797 0.0224382 9.4472e-06 8.59549e-05 1.97021e-06 0.00608036 0.000593144 0.0236633 1.54601e-05 4.45157e-05 0.0535636 0.00329514 0.00633259 0.0251118 0.000165368 0.654544 0.00719315 0.00138903 
6.59022e-05 0.00107882 0.102193 0.164367 0.0212964 0.119236 0.0441196 0.00526596 0.0429585 0.0104219 0.000557498 0.00106371 0.0357838 0.00112259 0.048293 5.40175e-05 0.000265726 0.0628917 0.00371044 0.0335544 0.0248687 3.78021e-05 0.217867 0.0374228 0.0215027 
3.82985e-06 0.000121772 0.121142 0.0199457 2.73911e-06 0.03119 0.00456503 0.00176973 0.00627409 2.63419e-05 0.000428916 0.000833026 0.00439415 0.00148382 0.0144971 6.13891e-06 0.000266128 0.00691613 0.000977259 0.0065152 0.0169397 7.56745e-06 0.759558 0.000842255 0.00129301 
0.00563885 0.00285422 0.234263 0.159067 0.0048046 0.0171955 0.039268 0.00636197 0.0516163 0.000389061 0.00015789 0.000326943 0.0228152 0.00157209 0.0713492 2.13867e-05 0.00550544 0.0375064 0.00552191 0.0108424 0.0372636 2.0809e-05 0.266129 0.0156823 0.00382698 
0.0184916 0.00262212 0.179974 0.0325978 0.000814069 0.0209849 0.00519425 0.00155718 0.0170926 0.00356314 0.000810178 0.00283444 0.01615 0.00243563 0.0293554 0.00797804 0.0484327 0.0935142 0.00289458 0.0479249 0.031387 5.45589e-06 0.373444 0.0335263 0.0264156 
1.26091e-06 5.26381e-05 0.011446 0.0770942 2.83666e-09 0.0117584 0.0026449 0.00893077 0.00165946 1.07702e-05 0.000191394 5.63132e-06 0.0148481 0.000253246 0.00785557 1.94719e-06 4.26771e-06 0.00250797 0.000133673 0.00222117 0.010025 5.49363e-06 0.843913 0.00430412 0.000130942 
8.13753e-05 0.000202989 0.0123961 0.0573352 0.000148318 0.106785 0.00328251 0.00170786 0.00956658 0.000139512 4.65007e-05 1.88338e-05 0.00694985 0.00341118 0.0104416 1.04003e-05 0.00012929 0.0466609 0.00227386 0.0142235 0.0190419 1.65011e-05 0.697939 0.00465965 0.00253189 
0.00238655 0.000818856 0.183881 0.125026 0.000127386 0.0240026 0.0315216 0.00893845 0.00915584 0.00142078 0.000108772 0.000386474 0.00931089 0.00148414 0.0232158 0.000985266 0.00677465 0.0601772 0.0104768 0.019604 0.0321741 2.93524e-05 0.429143 0.0145244 0.0043257 
0.00185267 0.00106885 0.13976 0.0415527 0.00254251 0.025665 0.00667029 0.00814348 0.0346752 0.00228821 0.000252642 0.00130979 0.00999562 0.00478556 0.0348509 0.00114988 0.00967492 0.0592875 0.00439107 0.0185692 0.0236261 0.00548995 0.53726 0.0142685 0.0108696 
4.8974e-05 0.00587308 0.0961571 0.211254 6.07635e-05 0.0816231 0.0124387 0.00578448 0.0365827 0.00283302 0.000371967 0.000786132 0.0395945 0.00592942 0.0544676 5.37577e-05 0.00662739 0.0558212 0.00748123 0.0267125 0.0588426 0.000169171 0.249263 0.0225204 0.0187038 
0.000160532 0.000417154 0.069348 0.0248511 2.65258e-06 0.0246457 0.00139175 0.000331308 0.142016 1.46763e-05 0.00010588 9.81588e-06 0.00192266 0.00495392 0.103855 5.50468e-06 7.64433e-05 0.0331735 0.00603813 0.00712719 0.0718084 1.72559e-05 0.483268 0.00176597 0.0226935 
0.0683517 0.0047157 0.0269957 0.0425819 0.000227621 0.00710692 0.0030505 0.00149685 0.0261831 0.00109906 0.000433274 0.00436788 0.0441454 0.0101481 0.0299554 0.00150205 0.00633322 0.0698102 0.00348768 0.040733 0.0514523 7.06012e-05 0.513841 0.026545 0.0153661 
3.32596e-06 0.000640038 0.0256663 0.0640741 1.78932e-05 0.298155 0.00493884 0.000321274 0.0228205 8.87123e-05 3.47724e-05 6.68346e-06 0.00269532 0.00399673 0.0287376 7.6619e-06 4.20551e-05 0.00956007 0.000767849 0.00472223 0.0339181 1.53381e-05 0.491515 0.000371063 0.00688347 
0.000334884 0.000228339 0.0131457 0.0386357 4.59263e-05 0.0137424 0.00639292 0.00221642 0.187973 3.08135e-05 0.000118992 1.34269e-05 0.0051076 0.00361495 0.0314608 1.40844e-05 0.000679864 0.028247 0.00554726 0.0195291 0.0316413 7.02168e-05 0.599645 0.00299145 0.00857292 
0.00539999 0.00207728 0.0869684 0.0362374 0.000426994 0.0596483 0.00588407 0.00138992 0.0195996 0.00121107 0.000457556 0.000990201 0.00896492 0.00430666 0.0588539 0.00252886 0.0149558 0.0635422 0.00274404 0.0302999 0.0427606 5.38263e-05 0.510894 0.0153414 0.0244627 
2.11092e-06 0.000109963 0.00950928 0.0351551 1.78842e-05 0.0129314 0.00440699 0.00155131 0.242205 2.54004e-05 5.74839e-05 5.15158e-06 0.00609418 0.000116247 0.0212821 1.87048e-05 0.000652903 0.0207142 0.00260705 0.00853286 0.0226355 2.37162e-05 0.604667 0.000702137 0.00597556 
0.000835324 0.00604691 0.109376 0.20625 0.00107833 0.0671169 0.0225566 0.00834267 0.0621016 0.00274439 0.0027212 0.00163123 0.0429691 0.0095552 0.050373 0.000824609 0.0045585 0.0568691 0.00603503 0.0296446 0.0438602 0.000149063 0.233629 0.0194246 0.011307 
0.000791489 0.00134425 0.00742897 0.025233 0.000262957 0.00991818 0.002418 0.0043108 0.00618508 0.000378432 0.000381168 0.00139794 0.00941423 0.00879018 0.0245335 0.000769354 0.00111806 0.10054 0.00201407 0.101027 0.0256474 2.392e-05 0.55179 0.1054 0.00888261 
0.0005559 0.00217555 0.0717375 0.0787739 0.000372648 0.156395 0.0118033 0.012574 0.0113107 0.00298412 0.000144969 0.000571827 0.0247214 0.00728072 0.0782404 0.00202556 0.00840897 0.0513134 0.00423725 0.0455876 0.0284348 1.96432e-05 0.299106 0.0668426 0.0343823 
0.000171369 0.000893023 0.0635967 0.0319558 0.000101136 0.0284178 0.00511219 0.00139169 0.1623 2.2333e-05 0.000263016 2.06718e-05 0.00486472 0.00715674 0.152306 1.09427e-05 0.000128712 0.0676191 0.00950986 0.0179212 0.10281 0.000197122 0.314084 0.00260693 0.0265397 
0.000399856 0.00333288 0.0435349 0.132097 0.00458784 0.0861058 0.097729 0.00658731 0.043731 0.00647839 0.00124297 0.00475138 0.0613266 0.00654156 0.0489286 0.000726303 0.0053524 0.0616789 0.00661667 0.0546095 0.0738973 5.11403e-05 0.215135 0.0178695 0.0166878 
7.62779e-05 0.0858473 0.00583766 0.0757965 1.80633e-05 0.00972375 0.00235802 0.00391009 0.0124408 3.12128e-05 0.00200587 3.84029e-05 0.00887945 0.00409252 0.012109 6.13689e-06 0.00250277 0.00544923 0.00132669 0.0778399 0.0245404 1.4654e-05 0.630776 0.0172641 0.0171157 
4.22681e-06 4.00491e-06 0.00530656 0.0236126 1.53292e-06 0.0116739 0.000465889 0.00018279 0.314856 4.16781e-05 3.06129e-06 1.65338e-05 0.000849339 0.000340636 0.0072636 9.34456e-06 0.000326017 0.00672957 0.00412017 0.00163923 0.0148058 2.56788e-06 0.593615 0.00304074 0.01109 
0.0184916 0.00262212 0.179974 0.0325978 0.000814069 0.0209849 0.00519425 0.00155718 0.0170926 0.00356314 0.000810178 0.00283444 0.01615 0.00243563 0.0293554 0.00797804 0.0484327 0.0935142 0.00289458 0.0479249 0.031387 5.45589e-06 0.373444 0.0335263 0.0264156 
0.000587865 0.000262146 0.149158 0.0697323 4.9202e-06 0.0201654 0.0072588 0.0019721 0.0442929 0.0029279 0.000326238 5.71742e-05 0.0330265 0.00230796 0.0205112 1.61665e-05 0.00228334 0.0466012 0.00148704 0.0146994 0.0235291 9.28187e-06 0.545818 0.0110088 0.00195563 
0.000326362 0.000547942 0.0325921 0.0652907 0.00917064 0.0168521 0.0205561 0.0223485 0.0107697 0.000895816 0.000292099 0.000850764 0.0727695 0.0249275 0.0231115 0.00020988 0.00375997 0.140066 0.00599885 0.0843764 0.074843 0.000109238 0.218216 0.159176 0.0119436 
0.000237741 0.000336453 0.129075 0.0757338 2.20718e-05 0.0318511 0.00863027 0.00217618 0.0368544 0.00999938 0.000618065 0.000868647 0.0305296 0.00589102 0.0410722 2.78572e-05 0.000264863 0.0520101 0.00177732 0.0171496 0.0332841 5.82777e-05 0.506177 0.0052584 0.010096 
1.87007e-06 0.000468652 0.360652 0.0319465 1.42978e-05 0.0097099 0.00302527 0.00147125 0.0104675 0.000223085 6.3479e-05 4.11908e-06 0.00403083 0.0181019 0.033003 7.03912e-06 0.000618419 0.0710645 0.000672177 0.0173979 0.0134053 5.97158e-07 0.420579 0.00143487 0.0016373 
2.59425e-06 0.00142907 0.0281789 0.263111 2.48941e-06 0.156745 0.012382 0.00459976 0.0217824 0.0011182 8.98792e-06 3.66491e-06 0.0050209 0.00354394 0.00769587 5.87952e-05 0.000308019 0.00866393 0.00145209 0.0299793 0.0130431 9.2121e-07 0.439439 0.00056575 0.000864369 
1.44619e-05 0.0209874 0.0060438 0.055551 0.000207316 0.0336147 0.00615919 0.00357825 0.00660621 9.56578e-06 0.00245875 0.000430725 0.0106278 0.0300021 0.0384087 1.7146e-05 0.00540808 0.0244483 0.00146593 0.0451512 0.0657934 6.14169e-05 0.582198 0.0492362 0.0115207 
3.60623e-06 0.000428228 0.166247 0.220501 3.82415e-05 0.0606975 0.00700668 0.0163099 0.0559813 0.000267926 0.000733533 9.91827e-05 0.0116585 0.0091843 0.0322478 0.0182978 0.00108244 0.071761 0.00182764 0.029247 0.0308586 0.00027189 0.252348 0.0104909 0.00240993 
1.87007e-06 0.000468652 0.360652 0.0319465 1.42978e-05 0.0097099 0.00302527 0.00147125 0.0104675 0.000223085 6.3479e-05 4.11908e-06 0.00403083 0.0181019 0.033003 7.03912e-06 0.000618419 0.0710645 0.000672177 0.0173979 0.0134053 5.97158e-07 0.420579 0.00143487 0.0016373 
3.17603e-05 0.000212973 0.0147431 0.0361818 2.24698e-05 0.0131571 0.00511635 0.0022259 0.01283 2.90744e-05 0.000193088 2.99506e-05 0.00263812 0.012085 0.0356594 4.00726e-06 3.67915e-05 0.0335692 0.0038878 0.0415374 0.042151 2.22416e-05 0.727779 0.00640276 0.00945381 
0.000296834 0.000543589 0.245884 0.0652272 8.83999e-05 0.0394396 0.00489174 0.00375434 0.0445532 0.000934398 0.000124281 0.00368608 0.0234327 0.00717035 0.0379278 0.000232008 0.00288052 0.0515113 0.00370972 0.0126319 0.0359768 1.71093e-05 0.387265 0.0052467 0.0225747 
2.11092e-06 0.000109963 0.00950928 0.0351551 1.78842e-05 0.0129314 0.00440699 0.00155131 0.242205 2.54004e-05 5.74839e-05 5.15158e-06 0.00609418 0.000116247 0.0212821 1.87048e-05 0.000652903 0.0207142 0.00260705 0.00853286 0.0226355 2.37162e-05 0.604667 0.000702137 0.00597556 
0.000113457 0.000586526 0.194051 0.091611 0.0359487 0.0223284 0.0111384 0.00359465 0.0142323 0.000310829 0.000104451 7.96745e-06 0.050222 0.00114918 0.0262745 2.72422e-05 0.00357539 0.0654672 0.00932693 0.0333113 0.161544 0.000918112 0.260886 0.0110305 0.00223922 
2.11092e-06 0.000109963 0.00950928 0.0351551 1.78842e-05 0.0129314 0.00440699 0.00155131 0.242205 2.54004e-05 5.74839e-05 5.15158e-06 0.00609418 0.000116247 0.0212821 1.87048e-05 0.000652903 0.0207142 0.00260705 0.00853286 0.0226355 2.37162e-05 0.604667 0.000702137 0.00597556 
1.21832e-05 0.00222243 0.290723 0.19593 5.29716e-05 0.0329567 0.00647491 0.0021836 0.00891504 5.28085e-05 0.000257557 9.97356e-05 0.0126718 0.0024109 0.0167563 5.70156e-06 0.0003038 0.0198739 0.00101827 0.00789444 0.0380272 4.75529e-05 0.357375 0.00188945 0.00184464 
2.18903e-06 0.000422052 9.37974e-05 0.0621272 8.66089e-06 0.00878573 6.18506e-05 0.000351937 0.00549568 5.15428e-05 7.22912e-05 3.21458e-06 0.00175262 0.000145828 0.00365174 1.72063e-05 0.00346254 0.00806317 0.00408361 0.0754664 0.352757 1.9331e-08 0.459154 0.00942644 0.00454355 
0.00306921 0.0115131 0.0924185 0.0276467 0.00164145 0.0189992 0.00675199 0.0319 0.0471301 0.00553765 0.000316957 0.0052778 0.0361314 0.00385039 0.0830807 0.00167159 0.0124408 0.0577071 0.00264816 0.0344939 0.0372321 0.000186749 0.408597 0.0389568 0.0308003 
0.00826393 0.0012491 0.122858 0.0568103 0.00045963 0.0208442 0.0103415 0.00256402 0.0119405 0.00152991 0.000430456 0.00219813 0.0185317 0.00251203 0.0670733 0.00262491 0.0229919 0.0649761 0.00363257 0.0362813 0.0243203 1.67973e-06 0.466747 0.0387784 0.0120399 
5.88404e-05 0.00146012 0.0665367 0.135984 0.0002081 0.0252412 0.0109528 0.0396995 0.0446971 0.000122752 0.000397046 2.52299e-05 0.0134928 0.0367012 0.116297 2.64945e-05 0.000188022 0.0699847 0.0287306 0.0279475 0.132958 0.000386955 0.191964 0.00223545 0.0537033 
0.00142671 0.000584252 0.206747 0.0323262 0.00010095 0.0206756 0.00297129 0.00170985 0.0175669 0.00120467 0.00022915 0.0149171 0.0182185 0.00295516 0.0216348 0.000531858 0.00708849 0.0394405 0.00128524 0.00988064 0.0165303 3.10352e-05 0.570908 0.00687331 0.00416261 
8.21699e-06 0.000994784 0.130327 0.046029 1.43715e-05 0.04439 0.00662855 0.00217523 0.00920423 0.00111252 7.44457e-05 6.87151e-06 0.0204965 0.00194564 0.0130123 1.16966e-05 0.000421532 0.014087 0.00131024 0.00550371 0.0132487 7.97977e-06 0.686459 0.00142087 0.00110962 
0.00139107 0.00111354 0.160776 0.0463183 3.34427e-05 0.0309954 0.00881501 0.00107901 0.167615 0.00173431 0.00016084 2.28419e-05 0.0057416 0.00674126 0.0315014 6.92974e-06 0.00160801 0.0189261 0.00335497 0.00556083 0.0233677 7.3069e-05 0.477776 0.00108088 0.00420637 
0.000627455 0.00196737 0.185773 0.0619057 0.000219148 0.0540164 0.00824075 0.0040421 0.0337355 0.00105222 0.0002232 0.0022342 0.0213845 0.00642063 0.0453606 0.00106777 0.00446342 0.0725574 0.00582956 0.0122497 0.0400482 0.000216494 0.397263 0.0128476 0.0262544 
2.64644e-06 0.000280128 0.0175974 0.0501544 4.59902e-05 0.0120322 0.00976975 0.00232548 0.0968871 2.13232e-05 7.02758e-05 6.65294e-06 0.00728021 0.000413474 0.0267021 1.04358e-05 0.00045006 0.0216295 0.00478971 0.0119012 0.0223825 6.36016e-05 0.710531 0.00121618 0.00343702 
1.69703e-06 0.000586567 0.0589467 0.0541768 5.36471e-05 0.0140979 0.0179292 0.00465153 0.305988 9.5391e-05 4.6041e-05 6.01171e-06 0.0311433 9.30449e-05 0.0210382 2.64543e-05 0.000502565 0.0269281 0.0029834 0.0131453 0.0287531 1.90185e-05 0.403864 0.0101435 0.00478068 
0.000679546 0.000722853 0.0835264 0.0348196 0.000155027 0.0142641 0.00526559 0.005532 0.00921562 0.00196549 0.000188973 0.0006443 0.0114433 0.00415364 0.044924 0.000251748 0.00156441 0.0812521 0.00261265 0.0414895 0.020016 2.76456e-05 0.580482 0.0461833 0.00861994 
0.00110918 0.00171726 0.116031 0.0802302 0.000601331 0.00957754 0.0528497 0.0165748 0.0120286 0.0373529 0.000917839 0.00232668 0.017867 0.00296954 0.0832484 0.00210311 0.00194521 0.101045 0.00657638 0.0648198 0.0525968 7.50343e-05 0.232794 0.0869945 0.0156481 
0.000709954 0.00247751 0.0996989 0.0429565 0.000148639 0.0547246 0.00538129 0.00630686 0.116867 0.00132544 0.000360124 0.000462237 0.00912277 0.00259647 0.0323552 0.000374992 0.00504166 0.043138 0.00289644 0.0180722 0.0222768 9.4881e-05 0.510096 0.0109494 0.0115662 
2.11092e-06 0.000109963 0.00950928 0.0351551 1.78842e-05 0.0129314 0.00440699 0.00155131 0.242205 2.54004e-05 5.74839e-05 5.15158e-06 0.00609418 0.000116247 0.0212821 1.87048e-05 0.000652903 0.0207142 0.00260705 0.00853286 0.0226355 2.37162e-05 0.604667 0.000702137 0.00597556 
2.13883e-06 0.00024264 0.207476 0.0891341 4.76005e-05 0.0436584 0.00630911 0.00181924 0.0272514 4.68358e-05 4.95185e-05 5.18513e-06 0.00555979 0.013575 0.0270489 1.63846e-06 0.000182914 0.019778 0.000698885 0.0308713 0.0503967 1.37866e-05 0.47108 0.00215945 0.00259133 
0.00044895 0.000720258 0.056139 0.122902 9.74538e-05 0.0406407 0.0162984 0.00296867 0.153491 0.0015218 8.48572e-05 0.0111946 0.0255176 0.00196226 0.0323265 0.000845364 0.0045541 0.047752 0.00211538 0.0169868 0.0335268 6.00521e-05 0.4129 0.00979061 0.00515537 
2.11092e-06 0.000109963 0.00950928 0.0351551 1.78842e-05 0.0129314 0.00440699 0.00155131 0.242205 2.54004e-05 5.74839e-05 5.15158e-06 0.00609418 0.000116247 0.0212821 1.87048e-05 0.000652903 0.0207142 0.00260705 0.00853286 0.0226355 2.37162e-05 0.604667 0.000702137 0.00597556 
4.03092e-05 0.00499926 0.0685269 0.140179 6.39801e-06 0.0335562 0.0531807 0.0273898 0.0181348 0.00418785 0.00354388 8.0726e-05 0.0746739 0.00528078 0.0657156 7.08921e-05 0.00219463 0.0295747 0.00904882 0.0108074 0.0440092 9.36456e-05 0.360391 0.0373197 0.00699359 
9.58084e-05 0.000817152 0.0407904 0.0122506 4.27384e-06 0.0526332 0.00492222 0.00123778 0.0201957 5.07963e-05 9.71486e-05 0.000549524 0.0150831 0.00235186 0.129236 2.96535e-05 7.33993e-05 0.108091 0.00403966 0.0135397 0.0527647 0.000170381 0.509962 0.00555619 0.0254576 
9.30164e-05 0.00300851 0.0259798 0.0609347 2.80267e-06 0.266057 0.00737671 0.00195363 0.0490421 0.000180861 0.000323386 2.70914e-06 0.0206217 0.00614663 0.0632446 1.40515e-05 0.000152668 0.0144337 0.00767265 0.0515031 0.118156 1.55303e-05 0.286397 0.00181299 0.0148742 
0.00313162 0.00258726 0.0520891 0.0655568 0.00096276 0.030001 0.00675957 0.00104116 0.00989694 0.0994154 0.000617807 0.00621927 0.00739868 0.00253124 0.0250963 0.00608884 0.00343075 0.0470614 0.00206322 0.0317103 0.0241551 1.77459e-05 0.527205 0.0219306 0.0230324 
0.00312587 0.00205615 0.00735824 0.0196648 0.000769982 0.00531829 0.00138713 0.00753214 0.00361014 0.0019114 0.000639755 0.00210412 0.005547 0.00785115 0.018513 0.00428216 0.0020487 0.0479159 0.00223373 0.123146 0.0159062 9.75114e-06 0.650125 0.0503668 0.0165769 
3.82985e-06 0.000121772 0.121142 0.0199457 2.73911e-06 0.03119 0.00456503 0.00176973 0.00627409 2.63419e-05 0.000428916 0.000833026 0.00439415 0.00148382 0.0144971 6.13891e-06 0.000266128 0.00691613 0.000977259 0.0065152 0.0169397 7.56745e-06 0.759558 0.000842255 0.00129301 
0.000773262 0.000363924 0.000133539 7.48284e-05 0.000591107 0.000203925 0.000209578 0.000165276 0.000179163 0.000405085 0.00116386 0.000529944 8.37989e-05 0.000174208 4.44141e-05 0.000123348 0.000259382 3.73774e-05 0.000172412 6.89925e-05 8.37636e-05 0.000619055 0.993361 5.84779e-05 0.000119929 
2.21484e-07 0.00107307 0.016861 0.224197 1.8514e-06 0.0545973 0.00913623 0.000978157 0.182139 6.02786e-05 1.78412e-05 4.96681e-07 0.00487075 0.00109756 0.0134097 1.02468e-06 3.95262e-05 0.00286777 0.000724244 0.00521412 0.0743575 4.39054e-08 0.406676 0.00109558 0.000584272 
0.00401116 0.00161154 0.172425 0.0332532 0.000311427 0.0189172 0.00831527 0.00174994 0.0105116 0.00510436 0.000308477 0.000781418 0.0105338 0.00332846 0.0304162 0.00126263 0.00978476 0.0297433 0.00321472 0.0140712 0.0207411 5.58355e-05 0.60186 0.0101506 0.00753724 
0.000254506 0.000249228 0.299355 0.0620733 4.81796e-05 0.017303 0.0114672 0.00126251 0.0111596 0.00129031 0.000204629 0.000114229 0.0259036 0.00356098 0.0373687 1.49702e-05 0.0137298 0.0331884 0.00214172 0.00891803 0.016639 0.000974942 0.434142 0.017321 0.00131527 
1.69703e-06 0.000586567 0.0589467 0.0541768 5.36471e-05 0.0140979 0.0179292 0.00465153 0.305988 9.5391e-05 4.6041e-05 6.01171e-06 0.0311433 9.30449e-05 0.0210382 2.64543e-05 0.000502565 0.0269281 0.0029834 0.0131453 0.0287531 1.90185e-05 0.403864 0.0101435 0.00478068 
4.105e-05 0.00327018 0.0968829 0.0205233 0.00366418 0.0303889 0.0116792 0.0373187 0.186405 0.000370651 0.000128181 0.00460158 0.0207431 0.00367114 0.112537 1.07448e-05 0.000412132 0.048267 0.00177992 0.032167 0.044916 4.70688e-05 0.290256 0.0101826 0.039737 
9.09888e-05 0.00205762 0.198401 0.0478707 0.000167379 0.00850781 0.00786855 0.00414363 0.025079 0.000121924 0.000337276 1.78569e-05 0.0149442 0.0194147 0.0684829 1.61709e-05 4.90628e-05 0.0445731 0.00556654 0.0623417 0.0691772 0.000102007 0.396179 0.0131645 0.0113252 
1.42151e-06 8.33272e-05 0.0794344 0.318992 3.65473e-06 0.00887227 0.0166379 0.00899911 0.043875 0.00157651 3.58031e-05 2.9162e-05 0.00702878 8.38012e-05 0.0280972 3.60333e-06 0.000372606 0.0100016 0.00126231 0.0241934 0.00867352 7.35959e-05 0.440295 0.000764576 0.000609184 
1.66934e-05 0.000462989 0.021752 0.0550597 4.65057e-05 0.120592 0.00563627 0.00140328 0.0194899 7.81924e-05 0.000128691 1.92556e-05 0.00309349 0.00984714 0.0369284 6.36362e-06 4.38297e-05 0.0240369 0.00282505 0.0229693 0.0416324 6.65406e-05 0.620492 0.00304998 0.0103233 
0.0002146 7.56526e-05 0.312598 0.0176582 6.13242e-08 0.00308428 0.0103158 0.000846335 0.00590097 0.000579523 5.58597e-05 1.71433e-05 0.00401814 0.00140309 0.0298934 2.46461e-06 0.000467882 0.0128764 0.00332139 0.00217582 0.0167333 1.96359e-06 0.575507 0.000890171 0.00136255 
0.00488898 0.00145681 0.0713629 0.0715655 0.0035386 0.0429377 0.00837608 0.00379898 0.022794 0.00352089 0.000702082 0.00294572 0.021578 0.00373243 0.0355349 0.000921417 0.00317281 0.061606 0.00429207 0.0228784 0.0329774 0.00704966 0.540958 0.0178577 0.00955278 
8.7813e-05 0.00258406 0.0411843 0.0998612 1.943e-05 0.00884751 0.0197796 0.0266338 0.0433723 0.110514 0.000159474 1.75527e-05 0.0695823 0.00576229 0.119397 0.000219375 0.0181432 0.0896372 0.0140787 0.101413 0.0360153 6.70957e-05 0.122202 0.038112 0.0323103 
0.00102097 0.00179163 0.0911492 0.0466858 0.000580102 0.0602955 0.00663737 0.00516005 0.0332804 0.00302456 0.000387861 0.00245995 0.0168743 0.00657802 0.0408981 0.00109866 0.00331442 0.0565072 0.00518869 0.0225599 0.0284536 0.000858639 0.530371 0.0179218 0.0169022 
0.000546979 0.00172476 0.057617 0.120971 0.000223727 0.0780824 0.013651 0.0126284 0.0875293 0.00309613 0.000165347 0.000743306 0.0382794 0.0046719 0.0503203 0.00289286 0.00173415 0.0652147 0.00676284 0.051851 0.0501807 5.6631e-05 0.320643 0.0201137 0.0102994 
6.2813e-05 0.000831361 0.134782 0.00725442 1.76151e-06 0.0219486 0.00221303 0.00737437 0.00902379 0.00518122 3.06674e-05 9.54369e-06 0.0070322 0.00477958 0.0794473 1.87153e-05 0.000687677 0.0645965 0.00262395 0.0102035 0.0213437 2.35492e-05 0.586371 0.00504039 0.0291181 
8.47895e-06 0.000929546 0.132209 0.184154 0.00181767 0.0274144 0.102448 0.0081685 0.0218659 0.00142375 0.000115668 0.000115914 0.0196825 0.00711669 0.0816985 0.00318881 0.000986534 0.0199669 0.0039257 0.00867493 0.0276412 8.76408e-05 0.301783 0.0250898 0.0194868 
1.87007e-06 0.000468652 0.360652 0.0319465 1.42978e-05 0.0097099 0.00302527 0.00147125 0.0104675 0.000223085 6.3479e-05 4.11908e-06 0.00403083 0.0181019 0.033003 7.03912e-06 0.000618419 0.0710645 0.000672177 0.0173979 0.0134053 5.97158e-07 0.420579 0.00143487 0.0016373 
5.12418e-05 3.63615e-07 0.130544 0.0836618 0.0295496 0.133679 0.077782 0.00439694 0.0762514 0.0178493 0.000113827 0.00121123 0.0367836 0.000992512 0.0569038 1.24553e-05 2.15285e-06 0.0986874 0.00619894 0.00961934 0.00956656 7.83533e-05 0.212582 0.0121847 0.00129858 
0.00368609 0.00126439 0.228943 0.0384755 0.000364886 0.0167018 0.00658241 0.00183787 0.0116523 0.0165112 0.000369074 0.00171253 0.00761786 0.00395841 0.0324325 0.0025962 0.0110084 0.0529241 0.00295977 0.026512 0.0249448 4.59906e-05 0.477659 0.0152673 0.0139727 
0.0184916 0.00262212 0.179974 0.0325978 0.000814069 0.0209849 0.00519425 0.00155718 0.0170926 0.00356314 0.000810178 0.00283444 0.01615 0.00243563 0.0293554 0.00797804 0.0484327 0.0935142 0.00289458 0.0479249 0.031387 5.45589e-06 0.373444 0.0335263 0.0264156 
0.000160532 0.000417154 0.069348 0.0248511 2.65258e-06 0.0246457 0.00139175 0.000331308 0.142016 1.46763e-05 0.00010588 9.81588e-06 0.00192266 0.00495392 0.103855 5.50468e-06 7.64433e-05 0.0331735 0.00603813 0.00712719 0.0718084 1.72559e-05 0.483268 0.00176597 0.0226935 
0.00355047 0.000130454 0.015286 0.0402346 1.17219e-05 0.0427313 0.00292011 0.00227222 0.291458 0.000228501 0.000109641 1.18203e-05 0.00398238 0.00268304 0.118698 2.29682e-05 0.00322254 0.046191 0.00559326 0.00795877 0.0684945 6.62773e-06 0.327953 0.0044091 0.0118395 
0.00114804 0.000995653 0.0985319 0.0548585 0.000752692 0.0512108 0.00730956 0.00339189 0.0553198 0.00135994 0.000207605 0.00175135 0.017938 0.00447939 0.0483422 0.00102055 0.00496154 0.0646488 0.00444625 0.0231923 0.0311202 7.71517e-05 0.485349 0.0156295 0.0219579 
0.000107278 0.000831506 0.0313369 0.0514618 0.000204706 0.0537749 0.012665 0.00488023 0.0773955 0.000685048 0.00432772 0.000364675 0.061039 0.00859364 0.0752695 0.000472002 0.00877349 0.114287 0.00726225 0.0486529 0.134901 0.000268823 0.276049 0.0137716 0.0126245 
8.05204e-05 0.000321453 0.0383357 0.0381079 0.000257054 0.0230391 0.00769632 0.00391372 0.0926267 7.3312e-05 0.000206778 5.30242e-05 0.0195932 0.0039511 0.0704996 3.12583e-05 0.000235334 0.149181 0.00710086 0.0171168 0.0747548 0.000329786 0.434122 0.00657388 0.0117991 
8.21699e-06 0.000994784 0.130327 0.046029 1.43715e-05 0.04439 0.00662855 0.00217523 0.00920423 0.00111252 7.44457e-05 6.87151e-06 0.0204965 0.00194564 0.0130123 1.16966e-05 0.000421532 0.014087 0.00131024 0.00550371 0.0132487 7.97977e-06 0.686459 0.00142087 0.00110962 
5.47487e-05 0.000203324 0.26649 0.0767398 6.74725e-06 0.0513239 0.0958741 0.00104229 0.0615783 0.000349437 0.0002716 0.000118984 0.0239888 0.00884129 0.0352922 7.44723e-06 0.000440835 0.0393107 0.00152 0.00766765 0.0349799 2.56481e-05 0.286475 0.00295357 0.00444443 
0.00102164 0.000381285 0.0138431 0.0397987 0.000401932 0.005409 0.0211405 0.015157 0.0227901 0.00101594 0.00047513 2.73687e-05 0.103991 0.00347521 0.0859191 5.33928e-05 0.00131538 0.226347 0.00656892 0.085314 0.0621157 5.22546e-05 0.245152 0.0375924 0.0206412 
4.26419e-05 0.000211249 0.114639 0.0309701 0.00405191 0.0677001 0.00790875 0.00115112 0.0132599 0.000315292 0.000315574 0.000188332 0.00451835 0.00190791 0.0241549 1.14261e-05 0.000266555 0.0217637 0.00250995 0.00422149 0.0215884 9.67878e-05 0.673338 0.00215069 0.00271783 
0.000791489 0.00134425 0.00742897 0.025233 0.000262957 0.00991818 0.002418 0.0043108 0.00618508 0.000378432 0.000381168 0.00139794 0.00941423 0.00879018 0.0245335 0.000769354 0.00111806 0.10054 0.00201407 0.101027 0.0256474 2.392e-05 0.55179 0.1054 0.00888261 
0.0184916 0.00262212 0.179974 0.0325978 0.000814069 0.0209849 0.00519425 0.00155718 0.0170926 0.00356314 0.000810178 0.00283444 0.01615 0.00243563 0.0293554 0.00797804 0.0484327 0.0935142 0.00289458 0.0479249 0.031387 5.45589e-06 0.373444 0.0335263 0.0264156 
9.76507e-06 0.00122518 0.0109169 0.0236386 0.000314723 0.0107427 0.0044321 0.0132635 0.149072 0.000317152 0.000136587 2.96528e-05 0.0100028 0.00156242 0.0379865 1.5052e-05 0.00270408 0.180218 0.00506391 0.0529015 0.0383587 0.000145962 0.35509 0.0949249 0.00692701 
6.2813e-05 0.000831361 0.134782 0.00725442 1.76151e-06 0.0219486 0.00221303 0.00737437 0.00902379 0.00518122 3.06674e-05 9.54369e-06 0.0070322 0.00477958 0.0794473 1.87153e-05 0.000687677 0.0645965 0.00262395 0.0102035 0.0213437 2.35492e-05 0.586371 0.00504039 0.0291181 
0.000593773 0.00137567 0.0385354 0.038343 0.000326473 0.0109734 0.00361684 0.00431355 0.00542786 0.00239826 7.68754e-05 0.00415512 0.0376024 0.00815444 0.0364324 0.00480105 0.00917775 0.047358 0.0162862 0.0145968 0.0152896 1.69367e-05 0.642163 0.0277484 0.0302371 
1.43614e-05 0.000263855 0.0348707 0.0330291 0.000244146 0.0474734 0.00372187 0.0101037 0.00551619 1.83125e-05 3.71333e-05 0.0239231 0.196604 0.000138448 0.139418 7.50797e-05 0.00299219 0.0846225 8.5993e-05 0.014772 0.037087 3.68024e-05 0.252078 0.110086 0.00278763 
0.000613178 0.0039257 0.0262133 0.0267829 0.000266777 0.124743 0.00432538 0.00609585 0.0086093 0.000540578 0.000553704 0.00375799 0.00468809 0.00603231 0.0319682 0.000871877 0.00113787 0.031012 0.0018779 0.0447027 0.02875 4.67521e-05 0.613393 0.0167648 0.0123273 
5.23715e-05 0.00250552 0.141764 0.0456898 2.46581e-05 0.177794 0.00855547 0.00736623 0.0154231 0.00132202 4.84558e-05 0.000161557 0.0111458 0.00323299 0.0430796 2.47534e-05 0.00242944 0.0451939 0.052018 0.0111929 0.0195752 0.000324898 0.369684 0.00694636 0.0344438 
1.87007e-06 0.000468652 0.360652 0.0319465 1.42978e-05 0.0097099 0.00302527 0.00147125 0.0104675 0.000223085 6.3479e-05 4.11908e-06 0.00403083 0.0181019 0.033003 7.03912e-06 0.000618419 0.0710645 0.000672177 0.0173979 0.0134053 5.97158e-07 0.420579 0.00143487 0.0016373 
0.000336344 0.00217633 0.0688445 0.0800079 7.8614e-05 0.0278597 0.00967529 0.00355742 0.0726482 0.0719998 0.000129558 0.000265829 0.0222631 0.00876796 0.0535942 0.000139669 0.00156656 0.043915 0.00212589 0.0128895 0.0263397 7.71356e-05 0.475523 0.00625043 0.00896831 
9.70551e-05 0.00217891 0.0518381 0.134131 3.15114e-05 0.0975162 0.0711443 0.0151401 0.052031 0.00215358 0.000566679 0.000150398 0.103342 0.00718454 0.026255 0.00505927 0.00492858 0.0349067 0.00177887 0.0112576 0.0558973 0.000121058 0.297091 0.0178774 0.00732086 
0.000202884 0.000525595 0.103633 0.0707321 0.000465539 0.037879 0.00519569 0.00322949 0.015531 0.000852073 8.05775e-05 0.0012372 0.0123646 0.00511217 0.0375204 0.000496338 0.00198088 0.0632297 0.00328729 0.0151547 0.0201999 3.28975e-05 0.579934 0.0114548 0.00966766 
3.77943e-05 0.000340051 0.0387608 0.0478624 0.00172829 0.0224224 0.00673718 0.00119293 0.197914 2.02915e-05 0.000160592 8.20166e-06 0.00415662 0.00194546 0.0484963 1.16238e-05 0.000322127 0.0235933 0.00534995 0.00871006 0.036589 3.42803e-05 0.54088 0.00157726 0.0111492 
2.71348e-06 0.000141378 0.00969069 0.0441627 2.29912e-05 0.0157165 0.00566612 0.00199454 0.309072 3.2657e-05 7.39043e-05 6.6228e-06 0.00783537 0.000149457 0.0273156 2.40486e-05 0.000807381 0.0266325 0.00327217 0.0108455 0.0290981 3.04884e-05 0.498852 0.000871328 0.00768286 
0.000136934 0.000522372 0.0470328 0.0204984 0.000191804 0.0856433 0.00196824 0.0175533 0.120504 7.22674e-05 0.000125191 2.12722e-05 0.0092988 0.00876582 0.107692 4.94323e-06 0.000224027 0.0492728 0.00485458 0.0206185 0.114319 2.61998e-05 0.361069 0.0113993 0.0181868 
0.00101872 0.00168161 0.206312 0.0920694 0.000343208 0.0158759 0.0783039 0.00686244 0.0259321 0.00632571 0.000145455 0.000313834 0.0157935 0.0110043 0.0743287 0.000535136 0.00719211 0.0774978 0.00947015 0.0220486 0.0286417 9.25208e-05 0.266382 0.0205302 0.031299 
1.87007e-06 0.000468652 0.360652 0.0319465 1.42978e-05 0.0097099 0.00302527 0.00147125 0.0104675 0.000223085 6.3479e-05 4.11908e-06 0.00403083 0.0181019 0.033003 7.03912e-06 0.000618419 0.0710645 0.000672177 0.0173979 0.0134053 5.97158e-07 0.420579 0.00143487 0.0016373 
0.00205087 0.00459474 0.103883 0.0819565 0.00123057 0.0495424 0.0111574 0.0150158 0.0922024 0.0126746 0.000230302 0.0114922 0.0368091 0.00737588 0.0891368 0.0130658 0.0819579 0.0590377 0.00584409 0.0283049 0.0388935 4.3679e-05 0.148642 0.0818594 0.0229989 
3.07585e-05 0.00249111 0.0231394 0.0544463 0.000239628 0.016501 0.00935482 0.00124706 0.011968 0.000184835 0.000161227 0.000438952 0.214711 0.00413071 0.0645198 0.0654118 0.000169793 0.0588098 0.0377441 0.0120557 0.0807737 0.000117342 0.263483 0.0746867 0.00318311 
0.000134783 0.00191503 0.120564 0.0691785 7.73072e-05 0.0983946 0.00675575 0.00943404 0.0268923 0.00577446 0.000334526 0.000342363 0.0226793 0.00825708 0.0341845 0.00018779 0.000978838 0.0386886 0.00190224 0.0194218 0.0315407 8.63774e-05 0.491408 0.00491724 0.00594943 
0.00568423 0.000869743 0.158088 0.0788842 0.00148391 0.0145056 0.00369058 0.00902755 0.0460947 0.0112548 0.00257253 0.00157237 0.0951228 0.00325906 0.0762382 0.00401892 0.0190126 0.070334 0.00566119 0.028213 0.128386 1.34787e-05 0.171319 0.0389961 0.025697 
2.11385e-06 0.000394157 0.0276564 0.0675438 1.78991e-05 0.00944215 0.0155934 0.00257158 0.00899451 9.89153e-06 5.27937e-05 5.86473e-06 0.00746154 0.000354557 0.0262285 1.62949e-06 6.25223e-05 0.0168784 0.00561991 0.0126361 0.0194248 7.82532e-07 0.777045 0.00141573 0.000586191 
0.00265834 0.0023958 0.00481862 0.0117823 0.000624289 0.00642708 0.00117628 0.00324039 0.00279421 0.00161001 0.000615554 0.00440817 0.00842522 0.00899643 0.0156112 0.00462096 0.00265392 0.0610937 0.00227896 0.0934016 0.0156515 2.73715e-05 0.579856 0.150771 0.0140613 
3.17603e-05 0.000212973 0.0147431 0.0361818 2.24698e-05 0.0131571 0.00511635 0.0022259 0.01283 2.90744e-05 0.000193088 2.99506e-05 0.00263812 0.012085 0.0356594 4.00726e-06 3.67915e-05 0.0335692 0.0038878 0.0415374 0.042151 2.22416e-05 0.727779 0.00640276 0.00945381 
7.55572e-06 0.000103325 0.00236712 0.025894 0.000120734 0.00234684 0.00644361 0.0160055 0.00425662 0.0242344 0.000113636 3.30747e-05 0.0917347 0.00101297 0.00412449 4.95724e-06 0.000282784 0.0292909 0.0254704 0.0317131 0.0280702 0.000146501 0.690758 0.0150832 0.000381054 
7.94996e-06 2.72395e-08 0.0671297 0.0537644 1.80291e-09 0.00833693 0.00408906 0.00421447 0.00477715 0.000781127 2.70383e-06 0.0017507 0.0602309 6.70559e-05 0.00247038 2.42698e-05 0.00028879 0.0292911 0.00151533 0.00626597 0.00485544 1.6493e-06 0.747627 0.0024722 3.60453e-05 
0.000426027 0.00402542 0.0648272 0.188924 0.000856854 0.109742 0.0444965 0.00628077 0.0899502 0.00134144 0.000394692 0.000967829 0.0213435 0.00560483 0.0556146 0.000432736 0.00268903 0.0519741 0.00538205 0.0294992 0.0251331 0.00105544 0.262873 0.0174958 0.00866977 
2.11385e-06 0.000394157 0.0276564 0.0675438 1.78991e-05 0.00944215 0.0155934 0.00257158 0.00899451 9.89153e-06 5.27937e-05 5.86473e-06 0.00746154 0.000354557 0.0262285 1.62949e-06 6.25223e-05 0.0168784 0.00561991 0.0126361 0.0194248 7.82532e-07 0.777045 0.00141573 0.000586191 
0.0143422 0.000242898 0.00849838 0.0307034 0.0111943 0.00679407 0.0158026 0.0277271 0.0103188 0.00233346 0.000178497 0.000202906 0.00961189 0.000970857 0.213624 5.08632e-06 0.000593777 0.170038 0.00110208 0.11623 0.0192618 5.71685e-06 0.228183 0.102058 0.00997623 
9.30164e-05 0.00300851 0.0259798 0.0609347 2.80267e-06 0.266057 0.00737671 0.00195363 0.0490421 0.000180861 0.000323386 2.70914e-06 0.0206217 0.00614663 0.0632446 1.40515e-05 0.000152668 0.0144337 0.00767265 0.0515031 0.118156 1.55303e-05 0.286397 0.00181299 0.0148742 
1.96958e-06 0.000671971 0.0409918 0.0215085 1.94325e-05 0.0377776 0.00102899 0.00799866 0.00293255 8.99962e-09 2.79985e-05 3.91176e-06 0.00330826 0.000316732 0.0131694 1.85838e-06 6.78507e-05 0.0855926 0.0004501 0.00175254 0.00728261 1.45326e-07 0.769903 0.00355345 0.00163835 
5.6367e-05 0.000368514 0.273811 0.00823714 1.78483e-06 0.0141095 0.00238367 0.0073951 0.00893448 0.0047348 4.83382e-05 8.15283e-06 0.00854866 0.00183667 0.0509746 1.26104e-05 0.000839011 0.0764544 0.00234683 0.0094949 0.0106904 1.88944e-05 0.502947 0.00422981 0.0115177 
0.0184916 0.00262212 0.179974 0.0325978 0.000814069 0.0209849 0.00519425 0.00155718 0.0170926 0.00356314 0.000810178 0.00283444 0.01615 0.00243563 0.0293554 0.00797804 0.0484327 0.0935142 0.00289458 0.0479249 0.031387 5.45589e-06 0.373444 0.0335263 0.0264156 
0.000315258 0.00154542 0.159461 0.0873732 0.000232077 0.150823 0.00661032 0.00604841 0.0915313 0.00405445 0.000131561 0.00429575 0.0295703 0.0101413 0.0404827 0.00938004 0.00587575 0.0622013 0.0079175 0.0227905 0.0615095 9.27869e-05 0.200628 0.0128837 0.0241049 
4.20213e-05 0.00124703 0.0231889 0.00599363 0.000676961 0.0966339 0.0229291 0.0353836 0.038669 0.00522493 2.72073e-05 0.00188794 0.0988132 0.00752944 0.0490592 0.00397827 0.0256278 0.134841 0.149608 0.0036898 0.0120484 0.01695 0.156481 0.0630967 0.0463731 
3.17603e-05 0.000212973 0.0147431 0.0361818 2.24698e-05 0.0131571 0.00511635 0.0022259 0.01283 2.90744e-05 0.000193088 2.99506e-05 0.00263812 0.012085 0.0356594 4.00726e-06 3.67915e-05 0.0335692 0.0038878 0.0415374 0.042151 2.22416e-05 0.727779 0.00640276 0.00945381 
7.90777e-05 0.000763607 0.0377018 0.093085 2.95678e-05 0.10924 0.0112303 0.00297317 0.16909 0.000162353 0.000552064 0.00219481 0.0169194 0.00261204 0.107289 3.08169e-05 0.00269794 0.0638306 0.00495376 0.0297086 0.0706591 0.000159532 0.246939 0.013771 0.0133275 
