4.40831e-05 0.00230022 0.13384 0.193193 5.30694e-05 0.0844135 0.0185108 0.0065658 0.0136316 0.00251358 5.66659e-05 0.00614883 0.180295 0.00570643 0.0397972 6.89825e-05 0.00804947 0.0919695 0.00921136 0.0265133 0.0541089 3.62155e-05 0.0936339 0.0218825 0.00745675 
1.12242e-08 0.00210439 0.0295781 0.720108 2.36084e-08 0.00895746 0.00604375 0.0028366 0.0283024 4.68394e-05 1.80002e-08 2.32221e-08 0.00159723 0.00215313 0.00437246 8.51972e-05 0.000139246 6.2814e-08 0.00104945 0.0945149 0.0483965 1.33017e-11 0.0348029 0.0109668 0.00394478 
0.000212951 0.00098979 0.115875 0.548971 5.64181e-05 0.036397 0.0236789 0.0129919 0.0255615 0.00262913 0.00109701 0.00189156 0.0239024 0.00202218 0.0268391 7.38172e-05 0.00900821 0.0240406 0.0184177 0.0140975 0.0418893 1.30236e-05 0.0429201 0.0144945 0.0119295 
0.0015518 6.1391e-05 0.046236 0.316522 1.71434e-05 0.00319973 0.0368659 0.0380516 0.00842294 0.000257401 0.00130825 7.49774e-05 0.275235 0.0116181 0.0331734 7.66429e-06 0.0021281 0.0306456 0.00095878 0.0034423 0.138887 4.00321e-05 0.00667617 0.00356522 0.0410538 
4.46172e-05 0.00181826 0.20604 0.297179 1.30336e-05 0.0393311 0.0123862 0.000732822 0.0332611 0.0293018 0.00019629 0.000131611 0.144815 0.000412499 0.0133359 0.000502531 0.0196042 0.0424332 0.000135707 0.0102754 0.0198062 7.97347e-07 0.0933803 0.0341063 0.000755629 
4.19305e-09 0.000962118 0.0420197 0.435518 8.81323e-09 0.0250504 0.0230083 0.00808775 0.0219389 0.000377738 4.93182e-05 1.04199e-05 0.016989 0.00240951 0.0697304 0.000155001 0.000573204 0.0330938 0.00549334 0.146288 0.0878485 9.83634e-09 0.0169031 0.0113753 0.0521181 
0.00314038 0.311864 0.00471341 0.476397 3.43197e-06 0.0189156 0.00520228 0.0115797 5.32174e-05 0.000298948 0.00235107 0.000159611 0.0694681 0.000179951 0.00151741 0.000358465 0.000832785 0.00648369 4.87902e-06 0.000572065 0.0613749 9.23882e-06 0.00321855 0.0206726 0.000628735 
0.00046805 0.00414159 0.0449962 0.24253 0.00264452 0.0241767 0.0321049 0.00893183 0.0514202 0.00568287 0.00735443 0.00178242 0.150905 0.00669971 0.12197 0.000726204 0.00843014 0.0707985 0.00611608 0.0319715 0.0986932 0.00013627 0.0258052 0.0211677 0.0303464 
0.0106128 0.00468713 0.0366461 0.449216 0.00369642 0.15744 0.0410093 0.0193424 0.0170616 0.00285368 0.000898609 0.000362828 0.0587825 0.00515308 0.0477688 9.99963e-05 0.000677659 0.0266629 0.00186602 0.0324972 0.0292752 5.89961e-05 0.0318173 0.0186206 0.00289341 
2.5154e-06 0.000199338 0.0712646 0.514726 5.94409e-07 0.0519183 0.00250411 0.00182963 0.0420488 0.00089892 0.0104582 0.000110506 0.0351965 0.000157496 0.0989143 5.97564e-06 0.000240515 0.104815 2.66012e-05 0.0039149 0.0324456 9.75193e-09 0.0250888 0.00192121 0.00131217 
6.68083e-06 0.231464 0.0307895 0.381679 0.000684233 0.0429427 0.016509 0.0193207 0.00791378 0.000460677 1.61595e-05 2.58505e-06 0.0478343 8.23187e-05 0.0385068 5.4987e-05 0.00067014 0.0168054 0.0107765 0.0718108 0.0423112 2.38576e-06 0.0175324 0.020315 0.00150865 
7.59566e-05 0.00259387 0.0113993 0.357283 2.253e-05 0.02506 0.0050013 0.0117286 0.0487569 0.000370781 0.0942777 7.11124e-05 0.0397701 0.00733997 0.0420173 1.06155e-05 0.000203422 0.0389444 0.020682 0.0344265 0.088694 0.0005382 0.150871 0.0103863 0.00947539 
0.00138015 0.00235213 0.037804 0.193046 0.000535984 0.0345882 0.0074812 0.000896083 0.160523 0.00076632 0.000468039 0.158817 0.00866912 0.000561895 0.0282603 0.00100993 0.00166166 0.0860325 0.00169742 0.0518957 0.0639833 2.31277e-06 0.130463 0.00954429 0.017561 
0.000360329 0.0107931 0.0333202 0.246245 0.000115455 0.0333296 0.0309058 0.0304786 0.147838 0.00135818 8.61219e-05 0.000601675 0.0214511 0.00216801 0.122673 0.00882173 0.000778415 0.0377613 0.00587637 0.0368354 0.17664 4.02613e-05 0.0235166 0.0157679 0.0122382 
2.0197e-06 0.00100198 0.128289 0.31708 0.000157862 0.0195556 0.0202296 0.000483253 0.0298514 0.000217087 0.00101993 0.00566286 0.0456344 0.00770582 0.0716139 4.15575e-06 0.0052757 0.0764678 0.0468299 0.00848553 0.160637 3.83579e-05 0.00473848 0.0394392 0.00957961 
0.00121959 0.00914703 0.187073 0.218775 0.00904168 0.0170874 0.0724853 0.00383556 0.031193 0.0034504 0.00777385 0.000552733 0.0363317 0.0161448 0.11655 0.00126688 0.0170247 0.0747358 0.00810261 0.0345836 0.0629294 0.000104469 0.0304657 0.0185328 0.0215923 
1.78724e-05 0.0020564 0.0131918 0.321549 8.99815e-05 0.0290314 0.0543254 0.0277793 0.0155604 3.70273e-05 0.000129714 9.77418e-06 0.0195402 0.0131184 0.272373 2.32465e-05 0.000343483 0.0487625 0.0059807 0.04755 0.0760475 0.000103465 0.0160167 0.00771126 0.0286517 
4.19298e-09 1.5407e-08 0.0748643 0.78547 8.81752e-09 0.00210083 0.00163097 0.000149323 0.0846601 2.01398e-08 6.72411e-09 0.0185048 0.0172588 0.000215861 0.000430364 5.82537e-06 0.000415651 0.00253668 0.0004713 0.000591458 0.00580604 3.47869e-09 0.00319988 0.00157647 0.000111014 
0.00751216 0.000180919 0.0947183 0.230643 0.000852545 0.00756729 0.0115862 0.00137237 0.0972341 2.75837e-05 9.30447e-05 0.0290124 0.148954 0.00116403 0.0825572 0.00248365 0.0151835 0.0599819 0.00936225 0.032934 0.0345367 0.00022682 0.0357817 0.0291928 0.0668411 
1.40036e-06 0.000624662 0.0328266 0.532586 3.56505e-06 0.0676934 0.00386767 0.00712582 0.0652804 0.000268371 0.000243059 1.98381e-06 0.00200884 0.00130329 0.0329167 2.88963e-06 0.000341127 0.0492177 0.0238624 0.0590265 0.0268182 1.18429e-06 0.0890269 0.00234026 0.00261121 
1.27152e-05 0.00349658 0.0667205 0.432986 0.000128954 0.0359559 0.00534963 0.00197621 0.350682 1.39222e-05 0.000277135 3.39765e-06 0.00621493 0.00102868 0.022361 1.28371e-05 6.63634e-05 0.00689385 0.00349853 0.0142305 0.0150456 5.33197e-06 0.0288964 0.00171957 0.00242393 
0.000735912 0.0344808 0.00617718 0.509313 4.3919e-05 0.105592 0.0315192 0.00768477 0.0179001 0.000479884 0.000150122 0.000846597 0.0675487 0.00350612 0.09066 4.07343e-05 3.90375e-05 0.0181136 0.0125939 0.0106442 0.0617133 1.30895e-06 0.00928789 0.00691981 0.00400696 
0.00258557 0.00364189 0.0245289 0.290852 0.00100258 0.00409872 0.00355985 0.00565108 0.0086515 0.0154415 0.000726163 0.0045227 0.022385 0.0121585 0.0720763 0.0102939 0.0076388 0.0797255 0.0277501 0.0816944 0.0242044 4.44145e-05 0.0159728 0.127785 0.153008 
2.89939e-06 0.00826173 0.175722 0.34474 7.52634e-05 0.152307 0.016696 0.00273284 0.0380747 0.000211346 0.00434583 1.26037e-05 0.0303835 0.000167845 0.0356536 5.05735e-06 0.00124549 0.0439159 0.00211248 0.015824 0.064152 0.000187288 0.0447233 0.0167999 0.00164636 
5.2063e-06 8.14455e-05 0.337128 0.337426 4.10146e-05 0.0249181 0.0141414 0.000722698 0.0180308 0.00554331 2.13234e-05 1.33972e-06 0.00252719 0.000161006 0.05428 5.88907e-05 0.00938377 0.0421522 0.000293238 0.0105515 0.0207999 3.09628e-07 0.0758065 0.0053071 0.0406174 
0.0016757 0.00310118 0.0587893 0.314832 6.35411e-05 0.0271901 0.0815867 0.00669464 0.267064 0.00431038 0.000778781 0.0017413 0.0242381 0.00183651 0.0454684 0.000186384 0.00344453 0.0381203 0.0026275 0.0158974 0.0282171 2.08823e-05 0.0576378 0.00854543 0.00593245 
0.000707823 0.00270477 0.151837 0.362679 0.000924875 0.0363096 0.0960309 0.00735952 0.0221995 0.000923246 0.000270421 0.000213482 0.0371225 0.00242833 0.0463664 0.00165276 0.00448319 0.041288 0.00675846 0.0202397 0.0389757 5.70255e-05 0.0910562 0.0125479 0.0148635 
0.000817067 0.00260862 0.0625782 0.382492 0.000753959 0.0102984 0.0868123 0.00226483 0.214839 0.000878374 0.00111634 0.00220005 0.0312578 0.00265092 0.0396558 0.000930975 0.0041008 0.0441974 0.00265911 0.0201305 0.0268006 2.5406e-05 0.0396523 0.012912 0.00736749 
0.000219192 0.0040268 0.0339393 0.286578 0.0011787 0.0482245 0.0740063 0.013634 0.0270316 0.00232979 0.00342039 0.000201031 0.142201 0.00989781 0.0548675 5.89846e-05 0.00720221 0.0859083 0.0131989 0.0409168 0.10284 0.000265692 0.0276356 0.013689 0.00652848 
9.52496e-05 0.0570294 0.0350462 0.298361 0.00127892 0.0411564 0.0297172 0.0562828 0.00534146 0.000877129 0.000184227 0.000158304 0.0763826 0.00467819 0.0601993 7.04127e-05 0.00650389 0.0640178 0.0124338 0.018651 0.115324 0.000167194 0.0505089 0.0590415 0.00649305 
2.32372e-06 8.38157e-05 0.0193924 0.935143 7.83009e-07 0.00279851 0.00165252 0.000241909 0.00772667 4.25981e-05 0.00016731 2.60185e-07 0.0104971 6.08986e-05 0.00394173 4.80711e-06 0.000177672 0.00430706 0.000118049 0.00120214 0.00602665 3.44099e-07 0.00511945 0.00084011 0.00045177 
4.34817e-06 0.000202236 0.0102627 0.875151 2.99489e-06 0.00607861 0.00491712 0.0210713 0.00659107 2.83192e-05 8.72134e-06 1.94065e-06 0.00114738 0.000421611 0.00751726 6.05846e-07 5.10718e-05 0.010508 0.00108647 0.0394061 0.00379955 6.8581e-08 0.00693032 0.00445409 0.000356684 
6.76793e-06 0.000134262 0.0283875 0.599765 2.94276e-07 0.0579973 0.00227979 0.00107692 0.0735343 4.71965e-05 0.000650032 2.81083e-06 0.0228945 0.00392853 0.0234409 2.30741e-05 0.000306448 0.0229636 0.00467331 0.00627013 0.0562653 2.16682e-07 0.0846425 0.00779356 0.00291578 
9.66264e-06 0.00524969 0.105247 0.287861 0.000657696 0.0379426 0.0230645 0.00571151 0.111466 0.00409922 0.000171405 0.000122779 0.115099 0.00490036 0.0207294 2.34627e-05 0.0034484 0.0713222 0.00173552 0.0114521 0.0823705 0.000174007 0.0858545 0.0115536 0.00973314 
1.39576e-06 0.000109654 0.0114516 0.955166 3.59475e-07 0.00130053 0.000470105 0.000295884 0.00475757 3.9783e-05 0.00170725 1.30631e-08 0.00333461 8.06619e-05 0.00395042 4.20557e-06 0.000208523 0.00647906 0.00020503 0.00137207 0.00417816 1.37178e-07 0.00319155 0.00111236 0.000583021 
0.000878609 5.24058e-05 0.25095 0.309559 7.66308e-06 0.0128093 0.00197034 0.00069417 0.22089 0.000117344 0.000256555 2.86978e-06 0.00759834 0.00037621 0.0344674 2.26523e-05 0.00405412 0.0229295 0.000519254 0.00449843 0.0197097 2.2963e-06 0.092306 0.0114007 0.00392752 
0.000336911 0.0101587 0.0916286 0.154722 0.00573931 0.0707935 0.0248279 0.0117683 0.0799814 0.0204903 0.00290956 0.00183129 0.130587 0.00443537 0.0668736 0.00557713 0.00554245 0.0597284 0.007837 0.0307446 0.0797166 8.15983e-05 0.0649297 0.0241802 0.0445794 
1.12242e-08 0.00210439 0.0295781 0.720108 2.36084e-08 0.00895746 0.00604375 0.0028366 0.0283024 4.68394e-05 1.80002e-08 2.32221e-08 0.00159723 0.00215313 0.00437246 8.51972e-05 0.000139246 6.2814e-08 0.00104945 0.0945149 0.0483965 1.33017e-11 0.0348029 0.0109668 0.00394478 
0.000729011 0.000486873 0.0116291 0.369323 0.00049801 0.00719857 0.0801371 0.0192923 0.105864 0.00708767 0.00737855 1.45565e-05 0.052976 0.00425527 0.0554762 2.44708e-05 0.00147218 0.0586967 0.00129658 0.0511681 0.100877 3.03111e-05 0.0464215 0.00923761 0.00842958 
4.0255e-07 0.000846092 0.00388584 0.332729 5.81555e-05 0.00523905 0.136918 0.0934251 0.0348333 0.0048941 0.000180564 0.000135378 0.0140425 0.00261879 0.292377 0.00297236 0.00709554 0.00197994 0.00218045 0.0208852 0.015331 0.000152929 1.06309e-05 0.0135246 0.0136834 
9.65766e-06 0.00756046 0.0585212 0.241777 4.02078e-06 0.0606895 0.00207151 0.00173237 0.232257 0.00122196 0.00115319 1.12753e-05 0.0396753 0.00237045 0.009561 1.0524e-05 0.00719481 0.0496055 0.0202444 0.13676 0.0648435 2.61331e-06 0.0542696 0.00377622 0.00467642 
6.31825e-06 0.00279786 0.0682189 0.43878 3.08195e-05 0.292917 0.0542025 0.00281431 0.0316831 8.78616e-05 9.44316e-05 5.96483e-06 0.00180172 0.000299661 0.0393364 3.08484e-06 0.000417733 0.0090506 0.00109872 0.00579155 0.0169724 4.14664e-06 0.0273358 0.00180649 0.0044432 
0.000334455 0.129598 0.0395874 0.264538 0.000954778 0.0378948 0.0112189 0.00808493 0.0340013 0.00711749 0.000750253 0.00260833 0.120717 0.0235838 0.0620424 0.000285192 0.00844461 0.0359359 0.0441213 0.0260974 0.0820399 0.00019778 0.0157781 0.0322209 0.0118477 
6.56605e-06 3.77641e-05 0.194475 0.41428 4.60042e-05 4.5195e-05 6.8959e-05 5.09867e-05 7.12707e-05 3.93076e-06 4.34643e-05 8.43858e-06 0.241265 6.30823e-05 9.41392e-05 2.44706e-06 8.79335e-06 8.63276e-05 8.62733e-05 7.38312e-05 8.04314e-05 6.3496e-05 0.148975 2.35505e-05 4.13031e-05 
3.16536e-06 0.00126307 0.0490241 0.243559 2.00173e-07 0.0271606 0.0286833 0.0547828 0.0075729 0.00582562 0.000366255 5.21741e-07 0.02917 0.00149701 0.0416179 0.000506834 0.00296791 0.040787 0.00614278 0.226258 0.0347263 1.37923e-07 0.168526 0.0262434 0.00331542 
2.4531e-06 3.41837e-05 0.0310164 0.233574 1.26551e-05 0.0237645 0.00838771 0.00344995 0.0756407 0.00061708 0.000457322 0.0003813 0.0180632 0.0010981 0.147595 1.06332e-05 0.00160412 0.18012 0.000829339 0.0267735 0.109083 1.20151e-06 0.0988351 0.0158687 0.0227801 
0.00121342 0.00775855 0.0360104 0.184603 0.00341233 0.0510225 0.0195844 0.0129422 0.0977686 0.00124529 0.000495222 0.00164701 0.0473812 0.00704781 0.0694752 0.00119087 0.00374476 0.146623 0.0176805 0.0491283 0.0726674 5.24157e-05 0.103208 0.0467568 0.0173404 
0.00103083 0.00173639 0.0967646 0.272593 0.000200788 0.0299082 0.0860356 0.0146361 0.0654393 0.00157251 0.000158419 0.00685655 0.0442956 0.00675388 0.0623712 0.00203839 0.00564723 0.0978928 0.00714913 0.0388704 0.0484782 0.00026887 0.0821166 0.0215049 0.00568009 
4.70218e-06 0.00429521 0.0139071 0.574248 0.000279341 0.0722246 0.0314152 0.016094 0.036953 2.53877e-05 3.7952e-05 3.78688e-05 0.0358611 0.0198666 0.0405107 3.51162e-05 0.000164407 0.0212263 0.00035727 0.0162972 0.0887828 3.70209e-06 0.00612706 0.00998102 0.0112643 
1.08624e-05 0.00754269 0.0171605 0.379621 0.00140704 0.0138797 0.00339002 0.00733849 0.0160014 0.000150188 7.92895e-05 3.36942e-07 0.0878099 0.0492585 0.0446022 7.89842e-05 0.00456381 0.00367659 0.0600671 0.0231511 0.20156 0.000907288 0.00777877 0.0677425 0.00222111 
0.00136143 0.00333 0.179571 0.299328 0.000577742 0.0365743 0.0504666 0.0431782 0.0282725 0.00222083 0.000868149 0.00428627 0.0788322 0.0019092 0.0285748 0.000898039 0.0030633 0.0468435 0.00208896 0.0303692 0.0491138 3.4082e-05 0.0592441 0.0376636 0.0113294 
0.00047281 0.00221311 0.071642 0.208229 0.00228898 0.0778849 0.0518175 0.00945697 0.0358797 0.000914036 0.00134487 0.000929426 0.0753958 0.0123555 0.0931869 0.00104109 0.00610112 0.108343 0.00949335 0.0278344 0.100339 0.000347791 0.0567081 0.0302531 0.0155276 
0.000194313 0.00287739 0.0633011 0.407954 0.000576161 0.0705771 0.106037 0.00702259 0.015406 0.00397239 0.00050726 0.000451321 0.0273262 0.0105486 0.0658141 0.00350887 0.00611276 0.0441759 0.00794748 0.0237536 0.0318074 5.27704e-05 0.0420689 0.020347 0.0376606 
2.0515e-06 0.000185538 0.00961093 0.887807 1.52124e-06 0.00493032 0.00412319 0.0170986 0.0121982 2.01354e-05 1.53985e-06 5.8387e-07 0.000929537 0.000336719 0.00671557 1.51289e-07 3.79897e-05 0.00857161 0.00098572 0.0332695 0.00307405 4.14502e-09 0.00619184 0.00362476 0.000282591 
5.00602e-05 0.000784992 0.0008952 0.36242 5.31305e-06 0.0419275 0.0186412 0.0423927 0.0225889 0.00019727 0.000461553 0.000579712 0.0114158 0.0225532 0.0424031 1.00239e-06 4.2548e-05 0.0369841 0.0452926 0.0805432 0.150903 1.92982e-05 0.113856 0.00403349 0.00100764 
5.18689e-05 0.00207322 0.23689 0.283771 0.0123357 0.00802992 0.0138254 0.0020927 0.159064 7.54945e-06 0.000515283 9.34803e-06 0.00782273 0.00297117 0.0846679 1.05737e-05 0.000407282 0.0630014 0.00449936 0.0536299 0.0287107 0.000170164 0.012058 0.00555295 0.0178319 
5.06835e-05 6.91922e-07 0.0291157 0.364989 3.82216e-08 0.0146083 0.0914878 0.0132357 0.0369466 3.27255e-06 0.000196276 7.1109e-07 0.0732606 0.000928662 0.0250956 2.63355e-05 0.00243466 0.224723 0.000126924 0.0223247 0.0815808 8.05745e-06 0.00274671 0.0120917 0.00401686 
1.00638e-09 4.73637e-10 1.03585e-05 0.57556 7.69309e-10 0.195732 3.70979e-06 2.15102e-10 0.00825902 5.27207e-10 4.16569e-05 6.89706e-10 0.199506 2.26727e-10 1.0174e-06 1.60534e-10 3.37579e-10 1.31348e-06 7.63147e-07 8.97917e-11 0.0208831 8.05682e-10 3.67661e-07 7.61073e-11 4.37191e-07 
0.00533841 0.0446489 0.0394274 0.177037 0.000259665 0.0247009 0.031323 0.00266653 0.0770387 0.000296569 0.00556545 0.000116617 0.10187 0.0152843 0.0589689 0.000195612 0.00420568 0.139776 0.0125597 0.0401674 0.127553 5.09875e-05 0.0189369 0.0340716 0.0379415 
3.4291e-05 2.50145e-05 0.191048 0.264956 5.06424e-07 0.11196 0.118484 5.96061e-06 0.170337 0.000286799 7.23275e-06 4.25378e-06 0.00500389 2.13506e-06 0.0369297 1.14041e-06 0.000506195 0.0125527 0.00120986 0.00118691 0.0286515 2.25513e-08 0.0520648 4.57827e-05 0.00469562 
0.000624413 0.00130234 0.148565 0.32421 0.00125055 0.0441825 0.0611259 0.0142322 0.0289081 0.00253857 0.000400882 0.00265618 0.0325441 0.00928782 0.0386547 0.00023891 0.00883611 0.0674623 0.00298642 0.0260368 0.0569709 0.000140206 0.0965984 0.0187818 0.0114651 
5.6425e-05 0.000663994 0.207311 0.386934 2.77803e-05 0.182012 0.00735532 0.000842689 0.0459036 1.66506e-06 0.00824501 2.4707e-06 0.00941835 0.000132718 0.0262257 2.16196e-06 0.000685702 0.0416979 0.000735322 0.0129555 0.0468133 0.000302898 0.018632 0.00187739 0.00116551 
5.21872e-06 0.000264718 0.0180926 0.21858 0.00232981 0.146167 0.067979 0.00192497 0.156537 1.18774e-05 8.43227e-05 1.25487e-05 0.0530967 0.00221404 0.0434159 3.96244e-06 0.000124912 0.0299231 0.00614392 0.00655571 0.19219 2.70749e-06 0.0494631 0.00372717 0.00114998 
0.000244321 5.84638e-05 0.0417006 0.304583 0.000481553 0.00737384 0.10429 0.000773375 0.0659384 0.000501488 0.223251 3.12774e-05 0.0155439 0.000781735 0.0445967 0.000106316 0.00486995 0.0877775 0.000509756 0.0193743 0.0256474 0.000190501 0.00404955 0.01066 0.0366647 
1.65259e-06 0.000133733 0.0139947 0.94708 4.14565e-07 0.00158842 0.000574139 0.000361301 0.00581368 4.84609e-05 0.000221699 1.30347e-09 0.00407478 9.8411e-05 0.00482768 5.10412e-06 0.00025453 0.00791802 0.000250338 0.00167656 0.00510581 1.53558e-07 0.00389955 0.00135916 0.00071208 
3.17119e-05 0.000430867 0.0224385 0.33002 9.3608e-05 0.183742 0.00952308 0.0179594 0.238006 0.000479858 0.000614358 1.44034e-05 0.0878882 0.00142954 0.0260571 1.26519e-05 0.000200568 0.0202982 0.00227527 0.00925744 0.020032 0.000141524 0.0243423 0.00186817 0.00284338 
5.5097e-06 0.00102757 0.0297599 0.693789 3.10605e-06 0.0214677 0.00555712 0.00676459 0.0386043 0.00181278 8.03124e-05 3.76425e-06 0.0375561 0.00363861 0.0192731 0.000119074 0.00848222 0.0147536 0.00233549 0.0105201 0.060468 3.86375e-05 0.0338341 0.00811753 0.00198787 
6.65677e-06 0.00194195 0.0243906 0.562533 0.00066074 0.118919 0.0310662 0.00336303 0.043637 2.31886e-06 6.76221e-05 3.88814e-06 0.0130157 0.000196973 0.0386944 1.4693e-05 1.61706e-05 0.0345655 0.00193072 0.0191531 0.0665048 4.28091e-05 0.0327997 0.00481448 0.00165891 
1.55834e-06 0.000102449 0.174811 0.312394 4.38874e-06 0.0148159 0.00403505 0.000583586 0.24563 0.00262298 0.000151561 0.000548797 0.0716198 0.00136458 0.0267535 1.26243e-05 0.00143289 0.0305029 0.000771534 0.0106986 0.0476512 9.49377e-06 0.0357177 0.00886802 0.00889589 
0.000129436 0.113257 0.0279402 0.604143 3.00464e-05 0.0385395 0.00953444 0.00123401 0.0144183 9.32321e-05 2.31143e-05 3.44313e-06 0.0142191 0.00175264 0.0688919 2.18029e-05 0.00263997 0.0283913 0.00530364 0.0195625 0.018591 8.73188e-07 0.0261335 0.00320974 0.00193554 
0.000695264 0.00309209 0.0991449 0.263075 0.00237865 0.0417998 0.0303953 0.0337273 0.0319026 0.00216388 0.00137634 0.000772245 0.143057 0.00673377 0.0514505 0.000888762 0.0081072 0.0645969 0.010435 0.0475013 0.0710909 9.71564e-05 0.0463888 0.0294688 0.00966135 
1.5449e-05 0.00210732 0.0181135 0.292123 4.36899e-06 0.0312989 0.00509908 0.00662651 0.103808 0.00134632 0.0141085 2.57527e-05 0.227086 0.00277317 0.0116021 3.67597e-06 0.000785326 0.0753704 0.00169639 0.060159 0.0915328 6.42513e-08 0.00838904 0.0413796 0.00454567 
0.0108128 0.0338587 0.00914288 0.225135 0.00804329 0.0263167 0.0577647 0.0111389 0.0324305 3.90351e-05 0.00018565 1.28214e-05 0.0199134 0.00347615 0.123842 3.69542e-06 0.000823059 0.0766743 0.0430191 0.03179 0.197215 0.000177348 0.010353 0.0687856 0.00904576 
1.18499e-05 0.000660707 0.0610571 0.422827 0.00283394 0.129167 0.00912642 0.00393157 0.0680498 0.000479687 0.000480613 4.26265e-05 0.00383884 0.00119956 0.0550106 6.02753e-05 0.00369989 0.0370142 0.0183295 0.0623697 0.0256849 4.91878e-05 0.0267374 0.0145003 0.0528369 
1.65259e-06 0.000133733 0.0139947 0.94708 4.14565e-07 0.00158842 0.000574139 0.000361301 0.00581368 4.84609e-05 0.000221699 1.30347e-09 0.00407478 9.8411e-05 0.00482768 5.10412e-06 0.00025453 0.00791802 0.000250338 0.00167656 0.00510581 1.53558e-07 0.00389955 0.00135916 0.00071208 
0.00130663 0.00469121 0.0523949 0.205067 0.000142652 0.143432 0.10804 0.0105547 0.0255573 0.00350489 0.000470381 0.00280147 0.0181651 0.00461967 0.0858045 0.000882514 0.0182346 0.0932836 0.00505378 0.0265026 0.0967659 0.000401794 0.0548042 0.018606 0.0189132 
0.000821363 3.87958e-05 0.0764699 0.255285 0.000174443 0.00800213 0.0170237 0.000262261 0.0350199 0.000396517 1.51265e-05 5.36434e-07 0.209023 0.00149048 0.0358974 3.70464e-06 0.00717943 0.0173505 0.00524731 0.0598562 0.152872 9.35853e-08 0.000158304 0.115458 0.00195369 
1.38682e-05 0.00358782 0.0734857 0.546854 0.00287385 0.046449 0.0153948 0.00998288 0.033408 0.000221709 0.000279649 0.000624747 0.0253894 0.00666722 0.0364505 3.3666e-05 0.00223614 0.0479236 0.00639053 0.0209968 0.0493973 9.47645e-05 0.0526299 0.0126046 0.00600973 
0.00251612 0.0030589 0.106425 0.516211 0.000379753 0.0427084 0.0156864 0.00846773 0.0299454 0.00055553 0.000502996 0.00119635 0.0309928 0.00313994 0.0432591 0.00100015 0.00131882 0.0620456 0.00316204 0.0232189 0.0482896 7.32609e-05 0.0355734 0.0111274 0.00914548 
1.18719e-08 0.000284021 0.136534 0.604996 2.49933e-08 0.0455106 0.0297638 1.79972e-08 0.0136147 3.39832e-13 1.90405e-08 2.45854e-08 0.00263777 1.46146e-13 0.00280139 3.81806e-05 1.3078e-08 0.0586221 0.00174619 0.00147004 0.061908 6.23718e-10 0.0387396 0.001334 2.39352e-08 
9.31018e-07 4.54645e-05 0.0193569 0.789698 6.6729e-08 0.017133 0.00107427 2.32424e-05 0.00232582 0.00115517 0.000131051 6.54273e-08 0.00675674 0.00904447 0.0391842 3.32621e-05 0.00123155 0.0110186 0.00252954 0.00689662 0.0454964 6.32256e-08 0.0177493 0.0288323 0.000283533 
0.000476022 0.00327034 0.11314 0.275975 0.00618891 0.0651916 0.0999781 0.0114013 0.136514 0.00272555 0.000855838 0.00215937 0.0234053 0.00436175 0.0624868 0.00148552 0.00366163 0.0482747 0.00810746 0.0240414 0.038814 0.000101467 0.0429315 0.0124572 0.0119959 
0.00206495 0.040443 0.0210472 0.28219 0.00209526 0.0384842 0.0152838 0.00661482 0.0412593 0.0504437 0.00340695 0.00144538 0.00937656 0.034667 0.0312699 0.00860492 0.0122945 0.00236623 0.00926331 0.10258 0.0851545 1.00187e-07 0.00413246 0.126229 0.0692825 
0.00691732 0.213142 0.0232372 0.248892 0.000141405 0.00275256 0.00116044 0.00202738 0.00668846 0.00536626 0.000144528 0.0238108 0.0809664 0.00721433 0.0060649 0.00409817 0.0129563 0.0393587 0.00119477 0.00887605 0.162285 1.23188e-06 0.0386424 0.101815 0.00224638 
0.00180894 0.00931974 0.0553368 0.175731 0.00026831 0.0378069 0.0260321 0.00622751 0.026195 0.000753568 0.000293722 0.000797365 0.0614653 0.0245911 0.174886 0.00110045 0.0044992 0.089664 0.0185405 0.0481854 0.161841 5.95583e-05 0.0334013 0.0250152 0.0161802 
4.09763e-05 0.000791831 0.284368 0.28449 2.41315e-06 0.0233226 0.0889908 0.00424681 0.0422309 0.00339226 0.000644885 0.00110377 0.0206922 0.00283794 0.0516759 2.60584e-05 0.00883936 0.0519129 0.000772791 0.018927 0.0204279 4.04989e-06 0.0700358 0.0102349 0.00998807 
0.00049024 0.00412695 0.0800335 0.357507 0.000140235 0.0671059 0.0197187 0.0112495 0.0159112 0.00295685 0.00279732 0.00184333 0.0575174 0.0109089 0.0720461 0.000595606 0.011305 0.060423 0.00726428 0.0375423 0.0717177 0.000270425 0.0484842 0.0354948 0.0225495 
0.0014293 0.00797978 0.238587 0.330276 0.00869186 0.0495342 0.0306192 0.0101007 0.0242442 0.0050551 4.88134e-05 0.0222385 0.0302829 0.00122648 0.0285301 0.000143695 0.0042176 0.0278331 0.00355231 0.0231153 0.0280707 0.000326177 0.086439 0.0370249 0.000433091 
0.000500789 0.00307418 0.0727936 0.47481 0.000134629 0.00534801 0.0113065 0.00653742 0.0418903 0.00164944 0.000434111 0.00251047 0.0559651 0.00869921 0.0640357 0.000466257 0.0100692 0.0636746 0.00946901 0.0493497 0.0599785 0.000149231 0.0260768 0.0225263 0.00855117 
1.58361e-06 0.0125342 0.0038243 0.54254 3.0929e-06 0.0428755 0.0297073 0.0125991 0.0144185 9.94945e-07 9.89517e-05 0.000196956 0.0238323 0.00663333 0.161818 6.41228e-06 1.5455e-05 0.00874098 0.0300698 0.0431086 0.053579 4.2685e-06 0.00725368 0.00258661 0.00355086 
1.047e-08 3.853e-08 0.105207 0.71925 2.2042e-08 0.0552218 0.00501679 1.2228e-13 0.0101947 7.04307e-08 1.67921e-08 2.16823e-08 0.000402194 1.03239e-10 0.00137702 1.83347e-06 1.15337e-08 5.86761e-08 3.39948e-08 0.000100223 0.0153117 9.20598e-11 0.0879157 4.45634e-09 2.11088e-08 
5.82964e-05 0.000657655 0.120935 0.555985 4.54104e-05 0.0195213 0.0122765 0.00323909 0.0322598 0.000655489 0.00177705 0.000384105 0.0477196 0.00616718 0.02327 5.2996e-05 0.0105195 0.0243138 0.00268562 0.012958 0.0701385 4.15912e-05 0.0349479 0.0171392 0.00225141 
2.92428e-07 0.0393575 2.06169e-06 0.38059 2.04886e-06 2.01282e-06 3.07118e-06 0.0202121 0.0111127 0.000455335 1.93574e-06 3.75824e-07 0.190819 0.00843116 4.19262e-06 0.000348855 3.91624e-07 0.22146 0.0292053 3.28817e-06 0.0136157 2.82788e-06 0.0458742 0.0384939 1.83949e-06 
0.00290831 0.00633518 0.0201875 0.452146 0.000657807 0.0310533 0.0117293 0.0237241 0.0708708 0.010437 0.00156589 0.00131552 0.0164565 0.00442021 0.0451669 0.00109381 0.00180468 0.0530629 0.0134257 0.0814446 0.0527772 3.52632e-05 0.054113 0.0317241 0.011545 
9.32709e-05 0.0698275 0.0658944 0.362116 7.7745e-06 0.094606 0.00888561 0.0110441 0.0112743 0.000359184 0.000139653 0.000140694 0.00989902 0.000823695 0.0772312 7.92338e-05 0.000728763 0.0983554 0.0170081 0.0250129 0.0705511 2.25325e-05 0.0349173 0.00933868 0.0316431 
0.00218873 0.010053 0.043803 0.520125 3.3942e-05 0.0361838 0.0296484 0.0248729 0.026933 0.0091563 0.00136977 0.000169808 0.0506 0.0144037 0.0491207 1.6351e-05 0.000870499 0.0640969 0.00228035 0.0243443 0.0271814 2.55552e-05 0.0391519 0.0103796 0.0129913 
0.00405128 0.000248953 0.0984922 0.364479 0.000887649 0.0410209 0.0184264 0.00879351 0.126614 0.000464803 0.000344875 0.000281294 0.0380141 0.00167335 0.0581501 0.00154373 0.0117994 0.0376369 0.00732443 0.00865056 0.0431235 2.29028e-05 0.0460998 0.027454 0.0544028 
1.53709e-05 1.58231e-05 0.0115055 0.403807 9.523e-08 0.0204462 0.0148372 0.000524518 0.0792181 3.01198e-05 0.048314 3.43116e-06 0.136382 0.000127483 0.0055498 1.07426e-05 0.000936556 0.115559 0.00037019 0.0182223 0.139379 2.42016e-06 0.00172535 0.00274863 0.000268275 
6.70089e-07 7.41639e-05 0.0133806 0.872282 4.91096e-07 0.0070704 0.0295051 0.00100961 0.00891108 1.84385e-05 6.01398e-05 1.49263e-06 0.00116842 3.3401e-06 0.0134749 4.62555e-07 2.36102e-05 0.00195469 0.000331144 0.00903217 0.01991 8.97005e-08 0.0213793 0.000204383 0.0002031 
1.21549e-05 9.29734e-05 0.0181174 0.875052 0.00043596 0.00304398 0.00154247 0.0115109 0.00396948 3.37774e-05 0.000154015 0.000314017 0.0196092 0.000558437 0.00674632 3.6546e-06 0.000174755 0.0273263 0.000482125 0.0116794 0.00975737 1.68379e-07 0.00266552 0.00286847 0.00384957 
8.08395e-05 0.114762 0.0357995 0.249816 0.000600675 0.0302768 0.0253366 0.122885 0.00377465 0.000507263 2.8897e-05 0.000348564 0.115135 0.00692993 0.0982457 9.8803e-06 0.00363962 0.087664 0.000130296 0.0112072 0.0212435 0.000564672 0.00252809 0.0659202 0.00256507 
0.00349584 0.00130015 0.0404992 0.314172 0.00156237 0.0647612 0.199182 0.00879259 0.0621331 0.000960962 0.000126222 0.000250688 0.0322082 0.00158117 0.0730569 6.06905e-06 0.00351336 0.0698959 0.00490235 0.0257658 0.0271724 0.000185061 0.0299311 0.0271896 0.00735592 
5.81071e-07 1.66995e-06 0.0016588 0.991116 3.72012e-07 0.00122628 3.10919e-05 2.50909e-05 0.000151949 3.02513e-08 1.36511e-06 5.40175e-07 0.000216625 2.52443e-06 0.000103496 1.212e-06 0.000647378 3.46438e-05 0.000272156 0.000408178 0.00016288 4.36772e-06 0.00179531 0.00046344 0.00167431 
9.21748e-05 0.0024212 0.15101 0.276709 0.00228831 0.00750689 0.146602 0.0177753 0.0369221 0.000494348 0.000423057 0.000686846 0.0216206 0.0100966 0.12146 2.32268e-05 0.00181761 0.0579973 0.00242221 0.0445067 0.0442422 0.00017611 0.0364445 0.0103254 0.00593663 
4.19298e-09 1.5407e-08 0.0748643 0.78547 8.81752e-09 0.00210083 0.00163097 0.000149323 0.0846601 2.01398e-08 6.72411e-09 0.0185048 0.0172588 0.000215861 0.000430364 5.82537e-06 0.000415651 0.00253668 0.0004713 0.000591458 0.00580604 3.47869e-09 0.00319988 0.00157647 0.000111014 
0.00329666 0.000270404 0.0428742 0.543334 2.32338e-06 0.023735 0.0350988 0.00540502 0.0158416 0.0214648 0.000399495 2.3233e-05 0.00918135 0.00362913 0.113632 2.48852e-05 4.22097e-05 0.0322716 0.00276895 0.0597849 0.0656914 1.76799e-05 0.0152997 0.00516008 0.000750081 
0.000326963 0.00756983 0.0232266 0.368579 0.000156959 0.0634639 0.015048 0.00220344 0.146057 6.53954e-05 6.2232e-05 5.97183e-05 0.00288689 0.0122321 0.123188 2.66229e-05 0.000883981 0.0258019 0.00707282 0.0242703 0.0958814 2.27677e-05 0.0561062 0.0126965 0.0121103 
0.000655994 0.00327164 0.137661 0.248936 0.00523464 0.0554142 0.0359807 0.00700265 0.121914 0.00323119 0.000231469 0.00329633 0.0200634 0.0133566 0.0769718 0.00181011 0.0074731 0.0486171 0.00838094 0.0407189 0.0576774 0.000149915 0.0581766 0.0187121 0.0250621 
0.00755265 0.0152871 0.098142 0.206935 0.00281045 0.00378189 0.0166327 0.0390507 0.0220094 0.00136954 0.000566996 0.00146963 0.0121246 0.000736502 0.195649 0.00557093 0.018068 0.0570681 0.00428009 0.079729 0.0459968 9.06875e-07 0.022121 0.12369 0.0193567 
1.12806e-05 0.0159189 0.00413502 0.322938 0.000132504 0.167855 0.0131863 0.00245393 0.0455603 2.21176e-05 0.000352265 2.50004e-05 0.005088 0.0029081 0.239917 2.70248e-06 6.42779e-05 0.0241425 0.00173521 0.0164142 0.107744 3.0127e-05 0.0163605 0.0061275 0.006876 
0.0010591 0.00326727 0.038732 0.334913 0.0063766 0.0712988 0.0640725 0.0201353 0.0622568 0.000303569 0.000144182 0.00225816 0.0508221 0.00882467 0.0626321 0.00134365 0.00567297 0.0453014 0.00673288 0.0349741 0.0517648 9.60952e-05 0.083154 0.0313879 0.0124763 
0.00102954 7.56973e-08 0.00326655 0.980782 1.22952e-07 0.000369069 0.00415879 3.43778e-08 0.0014497 8.42589e-08 2.42087e-07 1.1023e-07 1.74304e-08 0.000529078 0.00137743 2.56568e-08 5.39523e-08 7.77461e-09 0.00015783 0.00233056 0.00095306 1.28765e-07 0.00289448 1.21636e-08 0.000700995 
5.24088e-06 3.14113e-05 0.0580501 0.408314 3.0501e-05 0.00892279 0.00501914 3.27786e-05 0.01657 1.38124e-05 1.80298e-05 0.00208507 0.398259 2.76061e-05 0.00126648 1.23892e-05 2.07441e-05 0.0331592 0.000583982 0.000369361 0.0203428 0.00012118 0.0453871 0.00116291 0.000194667 
8.03401e-06 0.000294243 0.173991 0.24175 6.48944e-06 0.0430044 0.0172225 0.0029913 0.045792 0.000259854 0.000168503 9.17605e-05 0.114039 0.00177032 0.045006 7.54419e-06 0.0014017 0.0947113 0.00143813 0.0131605 0.0884151 0.000544118 0.0858689 0.0262162 0.0018416 
0.000633553 0.00493916 0.00814681 0.408461 0.000111352 0.0119976 0.0335814 0.00746919 0.19954 7.74508e-05 0.00350837 2.9066e-05 0.00395359 0.00142127 0.159185 2.61275e-06 0.00249372 0.0248672 0.004084 0.0404142 0.0369065 0.000127552 0.0222421 0.0218918 0.00391586 
0.00092944 0.0909891 0.0442941 0.220893 0.00360415 0.0311581 0.0310424 0.0336475 0.0391919 0.00282219 0.00127793 0.00176632 0.0547936 0.0108572 0.140105 0.00107051 0.00549602 0.0725993 0.00730424 0.0481017 0.0934161 4.82296e-05 0.0225464 0.0268431 0.0152025 
1.08626e-05 0.0247038 0.0183914 0.217874 0.00716067 0.0107172 0.0936779 0.0553586 0.0112762 0.00105132 0.000693152 2.72522e-05 0.164071 0.010157 0.0650386 2.72265e-05 0.000775913 0.0743367 0.011281 0.0635636 0.105143 9.74587e-06 0.00877576 0.0325918 0.0232854 
4.19298e-09 1.5407e-08 0.0748643 0.78547 8.81752e-09 0.00210083 0.00163097 0.000149323 0.0846601 2.01398e-08 6.72411e-09 0.0185048 0.0172588 0.000215861 0.000430364 5.82537e-06 0.000415651 0.00253668 0.0004713 0.000591458 0.00580604 3.47869e-09 0.00319988 0.00157647 0.000111014 
0.00361718 0.00549285 0.0691472 0.372305 0.00265728 0.0666409 0.041325 0.0087556 0.0859937 0.000673413 0.000283525 0.00360759 0.0166456 0.00568033 0.0814183 0.0014699 0.00484892 0.0427705 0.00530625 0.0353436 0.041544 0.000210652 0.0635822 0.0225563 0.0181246 
1.65259e-06 0.000133733 0.0139947 0.94708 4.14565e-07 0.00158842 0.000574139 0.000361301 0.00581368 4.84609e-05 0.000221699 1.30347e-09 0.00407478 9.8411e-05 0.00482768 5.10412e-06 0.00025453 0.00791802 0.000250338 0.00167656 0.00510581 1.53558e-07 0.00389955 0.00135916 0.00071208 
0.000469407 0.000994386 0.120007 0.270416 0.000560689 0.0100086 0.164128 0.0476132 0.0500402 9.15479e-05 0.000129343 0.000262408 0.142344 0.0111232 0.0836252 6.82634e-05 0.00012826 0.0306138 0.0204355 0.0218196 0.0120948 0.000697456 0.00802483 0.00199034 0.00231442 
1.56196e-07 6.28781e-06 0.116262 0.239336 7.02491e-09 0.130606 0.0233741 0.000393872 0.0174125 2.30666e-05 0.00237937 3.97801e-05 0.0423669 0.00373953 0.0774227 2.17997e-06 0.00136494 0.131931 0.00173109 0.00425983 0.152274 1.80802e-08 0.0538574 0.000710731 0.00050614 
0.00122661 0.000841905 0.0924254 0.245943 3.31513e-05 0.0913034 0.0456224 0.00937282 0.0255116 0.00357602 0.0019554 4.0403e-05 0.0244648 0.00201631 0.0624861 2.42454e-05 0.00622506 0.0879908 0.00282964 0.0550301 0.0474433 0.000300784 0.0803051 0.0168742 0.0961574 
0.000132749 0.00269319 0.132183 0.331428 0.000127178 0.0171684 0.0695834 0.0130132 0.0438321 0.000916687 0.000106436 0.00576765 0.048416 0.007188 0.0801885 3.41953e-05 0.00350339 0.0848324 0.0038998 0.0267532 0.0599557 6.87345e-05 0.0518106 0.00895822 0.00743911 
3.59258e-05 0.0164372 0.015436 0.254972 0.000543124 0.0424227 0.0260972 0.00753079 0.0659523 0.000258405 0.000395113 0.001435 0.095691 0.00237272 0.118399 0.00109757 0.0104671 0.083396 0.00216128 0.0262466 0.132885 3.53775e-05 0.00519976 0.0775908 0.0129415 
0.000186604 0.00864634 0.029308 0.227304 5.36142e-05 0.016439 0.0408121 0.0310927 0.0122404 0.00594969 4.71321e-05 0.00199912 0.191284 0.00279475 0.0653336 7.01185e-05 0.00260125 0.0350689 0.00105667 0.0746096 0.189228 0.00241183 0.00447855 0.0482187 0.00876553 
2.88585e-05 0.0105193 0.011057 0.364376 4.93585e-06 0.236157 0.00163193 0.00283851 0.00726967 1.60504e-06 0.000171835 7.49375e-06 0.0134642 0.0176041 0.0694405 2.21607e-06 0.000795762 0.0855347 0.0195915 0.00548633 0.123141 1.82785e-06 0.0264067 0.00143024 0.00303643 
0.000282282 0.00594091 0.0513708 0.52758 0.000232438 0.0363847 0.0528499 0.0101417 0.0368005 0.000505936 0.000404599 0.000566527 0.0360193 0.00474731 0.0464246 1.84741e-05 0.00294312 0.0281273 0.00484205 0.0175337 0.0623909 9.46094e-05 0.0239975 0.0129876 0.0368129 
0.00032922 0.000155114 0.0209442 0.287399 6.4524e-06 0.00280413 0.133468 0.00180214 0.0206305 0.0146355 0.00248046 9.08501e-05 0.0947427 0.00171099 0.0536368 5.61594e-05 0.00126448 0.227296 0.00437985 0.0232841 0.0517315 2.0108e-05 0.0383697 0.009668 0.00909365 
2.39206e-05 0.000623405 0.0789445 0.422094 4.95983e-06 0.10602 0.0304426 0.00431465 0.0298698 0.0560918 3.73649e-05 1.08133e-05 0.00646049 0.0103486 0.0830807 9.6206e-05 0.000724783 0.0142969 0.00170122 0.0087276 0.0607941 0.000192637 0.0321882 0.00177276 0.0511382 
3.74001e-05 0.00625627 0.341981 0.387367 2.69462e-07 0.0169182 0.00263764 0.0139057 0.0384347 0.000194492 2.91849e-06 2.31846e-05 0.0992074 0.000796933 0.0100317 3.0143e-06 0.000297614 0.00967738 0.000446384 0.00174595 0.0144494 0.000336621 0.0154301 0.0361997 0.00361951 
0.000141534 0.167495 0.00753979 0.18123 0.000406473 0.0985798 0.0124928 0.00146085 0.0455288 0.00445267 0.000741155 1.5602e-05 0.0482283 0.0179749 0.0864122 2.01961e-05 0.000621411 0.0661106 0.00863005 0.0317306 0.0721657 4.86498e-05 0.112653 0.026866 0.00845325 
0.000345462 0.00481758 0.0409586 0.293347 3.20437e-06 0.0619421 0.0032726 0.0119492 0.0213216 9.06681e-06 0.0063943 0.000481279 0.048951 0.0651811 0.102079 1.53195e-05 0.00920467 0.0207122 0.0148681 0.0294238 0.122922 0.000163859 0.0834977 0.0401501 0.0179895 
2.15202e-05 0.00283983 0.0148308 0.208055 1.65806e-05 0.135501 0.00571036 0.001439 0.0329468 5.54688e-06 0.000166504 9.25994e-06 0.136091 0.000299674 0.151995 5.6176e-05 0.00806125 0.112863 0.014321 0.0260278 0.0878651 0.00111701 0.0240896 0.0212427 0.0144298 
0.00805709 0.00343839 0.0332483 0.360183 1.05809e-06 0.0102158 0.0093604 0.013254 0.0143098 9.05113e-08 9.99852e-07 1.9421e-07 0.199504 0.0589245 0.0909813 5.63092e-08 1.33705e-05 1.98521e-06 0.00381233 0.14186 0.0488932 1.46034e-06 0.00393752 5.41588e-07 9.49847e-07 
4.83724e-07 4.35892e-06 1.62835e-05 0.297865 0.0194616 8.63256e-07 0.0746405 0.0221038 2.7018e-06 4.58003e-07 4.20159e-07 1.2873e-08 0.0898515 3.10472e-06 0.0566426 2.37361e-07 2.68312e-07 8.9896e-12 4.64845e-06 0.13837 0.0927699 3.87257e-07 2.34206e-11 0.208259 2.24697e-06 
1.04501e-07 7.35822e-06 0.145611 0.219812 2.86862e-08 0.0302953 0.0089141 0.0239479 0.030343 0.0014084 0.000274392 0.00171309 0.197955 0.000232839 0.00347043 1.37043e-05 0.0878943 0.0141878 0.00039595 0.0246469 0.104724 9.7325e-07 0.0177263 0.0862651 0.000159493 
5.52326e-05 0.00168138 0.0216832 0.265631 0.00053691 0.0220358 0.00811321 0.00844398 0.239049 0.000378862 0.00100724 0.00018715 0.0535642 0.00144978 0.0698514 0.00684176 0.000126823 0.0639748 0.0197646 0.059545 0.0852813 7.20726e-05 0.0152852 0.0399765 0.0154645 
1.25389e-05 0.000413046 0.14614 0.349537 0.000891472 0.0511329 0.0085359 0.00781174 0.0749477 0.000462668 5.02611e-05 0.000459265 0.0133102 0.00286867 0.0584881 0.00207973 0.00598869 0.0374891 0.00959062 0.011416 0.0478994 2.62361e-05 0.073013 0.0332873 0.0641478 
0.000186815 0.117247 0.0118579 0.601415 0.000160839 0.0221851 0.0148075 0.00162551 0.0348702 0.00429786 4.28658e-05 8.65461e-06 0.0233718 0.000452414 0.0733441 3.47857e-06 0.000382919 0.0157884 0.0017182 0.00795202 0.0541915 4.39673e-07 0.00041499 0.0134173 0.000257765 
0.00229268 0.015262 0.039909 0.250327 0.000111795 0.00960541 0.0280729 0.00449515 0.148043 0.00561782 0.00933858 0.00150436 0.0185451 0.00354694 0.0222182 0.0735646 0.0103285 0.0674414 0.00122663 0.019631 0.0620049 5.43563e-06 0.00990732 0.181848 0.0151531 
0.00018528 0.0104613 0.0175877 0.219694 0.00474512 0.0198816 0.0482585 0.1044 0.0168788 0.000234583 0.00326984 1.6022e-06 0.0779839 0.00422307 0.0773262 3.03066e-05 0.00139284 0.0525635 0.00408744 0.0750405 0.169434 8.41433e-06 0.0095363 0.0646072 0.0181679 
5.81071e-07 1.66995e-06 0.0016588 0.991116 3.72012e-07 0.00122628 3.10919e-05 2.50909e-05 0.000151949 3.02513e-08 1.36511e-06 5.40175e-07 0.000216625 2.52443e-06 0.000103496 1.212e-06 0.000647378 3.46438e-05 0.000272156 0.000408178 0.00016288 4.36772e-06 0.00179531 0.00046344 0.00167431 
6.40787e-07 0.00194978 0.0128255 0.544428 0.000959759 0.0715704 0.00159563 0.00306221 0.0301821 0.00161578 0.000338538 0.000274372 0.0345453 0.000147503 0.0601364 1.89169e-05 0.0301088 0.0335482 0.0600015 0.00378151 0.051116 6.54759e-06 0.0236363 0.000773402 0.0333769 
1.65642e-06 0.000545185 0.129001 0.412522 6.04449e-06 0.0166779 0.0096247 0.0256146 0.0911543 0.000562267 2.35714e-05 0.000484355 0.0083696 0.000799641 0.0160572 9.4128e-06 0.00404377 0.0407368 0.00327585 0.025489 0.016476 4.49964e-06 0.183122 0.0120931 0.00330685 
4.19298e-09 1.5407e-08 0.0748643 0.78547 8.81752e-09 0.00210083 0.00163097 0.000149323 0.0846601 2.01398e-08 6.72411e-09 0.0185048 0.0172588 0.000215861 0.000430364 5.82537e-06 0.000415651 0.00253668 0.0004713 0.000591458 0.00580604 3.47869e-09 0.00319988 0.00157647 0.000111014 
8.49317e-06 0.0021858 0.0123764 0.4147 5.01312e-05 0.0272095 0.00999487 0.0184367 0.101291 3.17483e-05 0.000180127 5.05023e-05 0.025262 0.00891409 0.0598619 1.17131e-05 0.0011626 0.0314099 0.00450304 0.030479 0.10774 2.54715e-05 0.127344 0.00390392 0.0128672 
2.53181e-07 8.53728e-05 0.0826927 0.295506 1.01507e-06 0.0156428 0.00887205 0.00831111 0.00990085 0.000129276 0.000177906 2.15733e-07 0.0849428 0.00955746 0.0576398 4.10016e-06 0.000186833 0.128406 0.0295022 0.0426554 0.16832 0.00019768 0.0236005 0.0316092 0.00205959 
2.72807e-05 0.000617923 0.0151792 0.668957 0.000309675 0.0367963 0.00602387 0.0197718 0.00510349 0.000643437 2.49049e-05 2.00401e-05 0.0160975 0.0379604 0.0315885 1.06632e-07 0.00924001 0.0200285 0.00559313 0.0393058 0.0763038 0.000100179 0.00442548 0.0058543 2.76482e-05 
