1.09328e-06 0.00135043 0.0268158 0.0554278 2.78025e-06 0.00157556 0.716128 0.0052359 0.0166638 0.000201304 7.71043e-05 1.13854e-05 0.0257549 0.00177295 0.0765622 1.01972e-05 0.00017099 0.0180512 0.00138679 0.0130641 0.0312858 1.23081e-05 0.00402596 0.00269252 0.00171898 
0.00591866 4.23563e-05 5.87797e-06 5.85623e-05 0.0540265 0.0225811 0.671271 0.0764265 1.82852e-07 0.000144683 1.18783e-06 5.40855e-07 0.118525 0.0185506 0.00736444 4.00463e-06 8.56454e-05 1.19822e-05 0.000473111 0.00589464 0.00667381 6.31801e-07 9.93844e-08 0.0119172 2.14785e-05 
0.00152653 0.00129945 0.0104469 0.12643 9.2173e-05 0.00417371 0.235244 0.102884 0.00344873 0.000594957 0.00860081 0.00360654 0.0822561 0.00912295 0.106388 0.000380667 0.0172911 0.0450154 0.00351538 0.156821 0.0378606 0.000179705 0.00271845 0.0330796 0.00702358 
0.000544349 0.00272635 0.0195662 0.0324127 8.71537e-05 0.00868476 0.328014 0.00575951 0.0194817 8.21179e-05 0.000345691 0.000291611 0.0289504 0.0049851 0.3107 2.18507e-05 0.00174597 0.1252 0.00237374 0.022424 0.0332842 0.000341672 0.0111274 0.0194891 0.0213597 
3.84622e-05 0.000104479 0.09108 0.0645875 1.82036e-06 0.00383333 0.618972 0.00191991 0.0608339 8.80918e-05 0.000197665 1.8232e-06 0.0145945 0.00326335 0.0570852 7.35061e-06 0.0011354 0.0444847 0.000872382 0.0191107 0.011441 1.58539e-05 0.00242731 0.0023265 0.00157729 
0.00925639 0.000578845 0.0251546 0.073762 0.000592606 0.00637531 0.247644 0.0112989 0.039566 0.00043199 0.00193878 0.00016202 0.145133 0.00316976 0.0874009 6.06562e-05 0.00871449 0.0929967 0.0079329 0.0694585 0.0964707 0.00131106 0.024425 0.0216856 0.0244794 
0.0681526 0.00530928 0.00434302 0.22994 2.43026e-08 0.00510948 0.410268 0.00459136 0.00692233 0.000154055 0.000157431 7.23596e-05 0.0950415 0.0056344 0.0139886 1.44376e-06 0.0352731 0.0128363 0.00108637 0.00780181 0.0721102 3.55041e-06 0.000113076 0.0202711 0.000818954 
2.77091e-07 0.000457546 0.00186684 0.00328062 1.93925e-06 1.90496e-06 0.887285 0.00328923 3.00399e-06 4.069e-05 0.000122718 3.55906e-07 0.0407085 0.00491157 0.0156044 0.0012884 0.000723798 3.63854e-06 0.0080448 3.11186e-06 0.0181457 0.000488491 0.00104876 0.0029989 0.00967975 
0.000194848 0.0014315 0.0100348 0.0513314 1.7927e-06 0.00589135 0.607552 0.00504835 0.00659204 3.74751e-05 0.00191036 8.36645e-07 0.170448 0.00161776 0.0416151 1.87295e-05 0.00155712 0.0262541 0.0117797 0.0120216 0.0305534 6.85111e-06 0.00593962 0.00541748 0.00274402 
0.00023529 0.001022 0.0443536 0.165731 0.000282312 0.0199465 0.251312 0.0121285 0.0390692 0.0051935 0.00133303 0.000234315 0.0512068 0.0140436 0.117363 0.00137284 0.00459916 0.0465219 0.00379294 0.0926799 0.0304135 0.000276389 0.0397252 0.048071 0.00909286 
0.00181489 0.00607969 0.0034029 0.0355952 0.000540087 0.00339621 0.199739 0.00240513 0.0137094 0.00366401 0.00202075 0.00187048 0.0344888 0.0146228 0.132456 0.0046426 0.0486086 0.0955039 0.00210937 0.0738889 0.068246 0.00384036 0.0129916 0.0925679 0.141795 
0.000425549 0.00343727 0.0106508 0.0448794 6.76563e-06 0.011249 0.541762 0.00629877 0.0189681 1.9457e-05 0.00036318 2.44786e-05 0.0247297 0.00460565 0.138066 1.82185e-05 0.00276809 0.0459807 0.000849472 0.0168886 0.0959333 8.05688e-05 0.00710289 0.0171985 0.00769279 
1.54238e-06 0.000130376 0.00373135 0.00786331 5.9305e-06 0.000287683 0.521077 0.0227721 0.0505896 0.00226571 0.00146988 8.18598e-06 0.0634414 0.000661101 0.134194 5.84309e-06 9.10702e-05 0.0569745 0.0678346 0.0121102 0.0405736 0.000409598 0.000996038 0.00728362 0.00522127 
0.00146298 0.000573286 0.000352653 0.0391707 0.000366418 0.00449717 0.72849 0.0109876 0.00151141 0.0001577 0.00811552 6.4356e-05 0.0455063 0.00718667 0.0298809 1.8658e-05 0.00206639 0.081098 0.000657214 0.0134793 0.0103189 0.00048377 0.000830434 0.0124087 0.000314645 
9.86717e-07 2.5387e-05 0.0281668 0.0645035 0.000549236 0.0799403 0.340272 0.085043 0.00832238 0.00102749 0.00362216 0.000413957 0.272722 0.00873506 0.039743 5.21649e-06 0.00750724 0.0118298 0.00230171 0.0163417 0.0103418 0.000150566 0.0160584 0.00192284 0.0004532 
0.000144788 0.00214245 0.0100789 0.018049 0.000146403 0.0016518 0.318465 0.0127919 0.010247 0.000339411 0.000154183 0.00116999 0.018265 0.00951282 0.179193 0.0004147 0.00104511 0.103601 0.007856 0.0221515 0.196922 0.000263311 0.00541747 0.06999 0.0099867 
2.62293e-06 0.000263896 0.0173351 0.0359495 6.65901e-06 0.00249467 0.383178 0.0056934 0.0159072 8.03965e-05 0.000391784 6.68922e-06 0.00691856 0.00268346 0.320062 9.93772e-05 5.66331e-05 0.0541861 0.000696485 0.0527811 0.0826214 5.81187e-05 0.00644117 0.00375542 0.00833008 
0.000384357 0.00710907 0.035409 0.076206 0.000433591 0.0104543 0.273868 0.059016 0.0129498 0.051284 0.000736235 0.00109513 0.0429297 0.00595016 0.13485 0.00258246 0.0107978 0.0561601 0.00263106 0.0519294 0.0623834 0.000103718 0.0162876 0.0425398 0.0419096 
1.3372e-06 0.000204398 0.014602 0.0661247 6.60609e-07 0.0045655 0.770043 0.00544626 0.0314417 0.000349828 4.19883e-05 4.73525e-05 0.0104957 0.000441022 0.0444717 1.54465e-05 0.0121293 0.0215602 0.000273949 0.00977386 0.00483145 6.43225e-06 0.00104679 0.0014704 0.000615006 
2.48674e-05 0.000898978 0.0529274 0.182836 0.000874966 0.0243957 0.268127 0.00215619 0.023026 0.013516 0.00216794 7.69953e-05 0.187416 0.00259329 0.0291025 2.43094e-05 0.00253007 0.032045 0.00161751 0.0392279 0.091211 1.86269e-05 0.0190302 0.0080643 0.0160907 
0.000258555 0.0005384 0.0216805 0.10256 7.36521e-05 0.00281099 0.478661 0.0204277 0.0132696 0.00244254 9.92412e-05 0.00172212 0.0486172 0.00685555 0.0819038 0.000270482 0.0103425 0.0453127 0.0109222 0.0322742 0.0660707 0.000430808 0.00173092 0.0478047 0.00291961 
0.000759067 0.00038296 0.00711377 0.101858 0.00055426 0.00394815 0.324123 0.0349099 0.0050935 0.00195588 0.000264106 0.000459479 0.0870211 0.00392093 0.0935858 0.00183274 0.0585476 0.0539272 0.00923346 0.0803483 0.0114552 2.89745e-05 0.0054408 0.0939514 0.0192851 
2.98838e-06 0.000162983 0.0503537 0.0655245 6.15886e-05 0.0122882 0.409194 0.00108306 0.0467796 2.16715e-06 6.93142e-05 2.60813e-05 0.00964293 0.000359316 0.17755 2.82546e-06 3.78269e-05 0.115656 0.000837509 0.0135852 0.0815217 9.57959e-05 0.0124302 0.000188071 0.00254477 
0.000237021 0.000692469 0.0803861 0.104916 1.34948e-07 0.00925508 0.636614 0.00149708 0.0209687 0.000216623 0.000463733 7.22812e-05 0.00536891 0.000556265 0.0485616 3.4355e-06 0.00371036 0.0224536 5.25997e-05 0.0147197 0.00968967 5.08424e-10 0.0362428 0.00318895 0.000132273 
0.00137101 0.00221931 0.0178547 0.042663 0.000460334 0.00671812 0.315766 0.0254404 0.0259673 0.00634041 0.0002154 0.00120872 0.0230656 0.0163702 0.307915 0.0130026 0.00224045 0.0351679 0.016022 0.0388897 0.0394311 6.25855e-05 0.0189959 0.0213548 0.0212579 
1.26454e-06 4.52763e-05 0.0686987 0.0150815 3.29049e-05 0.00209084 0.54906 0.00404779 0.00844838 0.0144116 0.00171868 2.4545e-06 0.00902329 0.0184559 0.176595 3.73582e-05 0.0103272 0.0328706 0.00129191 0.0358847 0.0333369 0.000385884 0.00875734 0.000378525 0.00901662 
0.0027359 0.000756005 0.00818332 0.0376754 1.5436e-05 0.0164665 0.370763 0.0346381 0.00856337 0.01874 3.60453e-05 4.16503e-06 0.136251 0.0222564 0.0389823 4.43572e-06 0.00807825 0.058055 0.0059974 0.0601144 0.111615 0.000472855 0.00360141 0.0352671 0.0207275 
5.16852e-05 0.000545182 0.0491734 0.0714988 1.86428e-05 0.0134323 0.380732 0.0102133 0.0313448 0.000475398 0.015539 8.47779e-05 0.0884336 0.00276207 0.0879954 2.7721e-05 0.00222749 0.0424057 0.00318129 0.0404414 0.0866509 9.12213e-05 0.0274043 0.0235176 0.0217523 
2.77091e-07 0.000457546 0.00186684 0.00328062 1.93925e-06 1.90496e-06 0.887285 0.00328923 3.00399e-06 4.069e-05 0.000122718 3.55906e-07 0.0407085 0.00491157 0.0156044 0.0012884 0.000723798 3.63854e-06 0.0080448 3.11186e-06 0.0181457 0.000488491 0.00104876 0.0029989 0.00967975 
3.52055e-05 0.00235822 0.0318632 0.0357323 3.77284e-06 0.0323939 0.430892 0.00219716 0.00333204 0.0162513 0.00374298 1.54986e-05 0.147217 0.00872325 0.0649919 2.28841e-05 0.00539358 0.0501585 0.00446286 0.0175811 0.087647 0.00920194 0.0262005 0.0134652 0.00611635 
0.0118115 8.08126e-05 0.00295685 0.0332974 5.15017e-07 0.00833422 0.343456 0.181291 0.00940628 0.000226525 0.000138133 9.46159e-08 0.136235 0.0137917 0.100458 6.22664e-06 0.0160657 0.0312612 0.0033467 0.0801258 0.00649574 7.10769e-07 0.00926858 0.00537297 0.00657258 
1.49291e-06 0.000252492 0.01495 0.0412352 1.08458e-05 0.000727133 0.504755 0.0165407 0.14415 1.10919e-05 0.00343667 0.00190324 0.0201585 0.0198435 0.0715161 1.24191e-05 0.000171837 0.0338213 0.00844299 0.0242031 0.0816896 0.000137053 0.00403893 0.00606567 0.00192554 
0.0318715 0.000683324 0.000212976 0.129234 4.49596e-07 0.000213928 0.668692 0.0417501 0.000713172 8.60755e-05 1.20784e-05 4.03075e-07 0.0507778 0.0104716 0.0222863 0.000102942 0.000193586 0.00537934 0.000425128 0.0134329 0.0147726 2.39822e-05 0.000249348 0.00770038 0.000713883 
1.86884e-05 0.00117695 0.00676397 0.144449 1.86193e-05 0.00730122 0.344031 0.0435032 0.0209181 0.00026296 0.000500676 0.000918228 0.0231348 0.000490183 0.0788263 4.75301e-05 0.00873086 0.2137 0.00218609 0.0603563 0.0182494 0.000457023 0.00667593 0.0143286 0.00295388 
2.77091e-07 0.000457546 0.00186684 0.00328062 1.93925e-06 1.90496e-06 0.887285 0.00328923 3.00399e-06 4.069e-05 0.000122718 3.55906e-07 0.0407085 0.00491157 0.0156044 0.0012884 0.000723798 3.63854e-06 0.0080448 3.11186e-06 0.0181457 0.000488491 0.00104876 0.0029989 0.00967975 
0.000108249 0.00105311 0.0851405 0.185082 0.00063266 0.0104273 0.398314 0.00773072 0.0530411 0.000456318 0.000520044 9.26088e-06 0.0514224 0.000269965 0.0465821 1.80533e-06 0.000167954 0.0979554 0.000313167 0.0242618 0.0235973 2.94722e-05 0.00636018 0.0050897 0.00143352 
0.00026362 1.3738e-06 0.00531031 0.0133317 1.67363e-06 0.0136882 0.690838 0.0021356 0.00178211 5.05114e-06 0.00260541 0.000315308 0.0212932 0.000234671 0.0222178 8.90629e-08 0.0678433 0.113463 0.000291751 0.00577021 0.0276961 2.17691e-05 0.00412105 0.00402625 0.00274212 
4.85284e-06 0.000656911 0.011351 0.0578075 0.000221198 0.0137897 0.271326 0.0541246 0.0144492 0.00743692 0.000211989 0.000563333 0.258985 0.00269468 0.0301147 0.000206527 0.0342925 0.181828 0.00238851 0.00966331 0.00714943 0.00784865 0.0257246 0.0065415 0.000619169 
0.00143572 0.000361925 0.00235218 0.049376 0.000131835 0.00103501 0.299451 0.0152959 0.00052512 0.00329362 0.000540445 0.000993099 0.00191806 0.0262306 0.0290712 0.00415141 0.0446434 0.0204801 0.00139174 0.163005 0.00854404 8.00352e-06 0.000493317 0.230891 0.09438 
3.85298e-06 0.000271644 0.0316919 0.0778283 0.000275086 0.00734533 0.335341 0.00402289 0.00933359 3.60221e-05 0.00265031 9.3698e-05 0.0373515 0.0162672 0.113709 2.71323e-05 0.000527208 0.145202 0.0100696 0.0389315 0.152365 0.00125882 0.00994522 0.00237893 0.00307389 
0.000135353 0.00600809 0.0448205 0.0885988 0.000459442 0.00824708 0.257227 0.0700329 0.0357025 0.000336028 6.22272e-05 2.34402e-06 0.14719 0.0316926 0.0524974 0.000126289 0.0357019 0.0436982 0.0115191 0.00968653 0.0906521 3.88857e-06 0.00766623 0.0224289 0.0355043 
0.000117235 0.000417352 0.0513793 0.0472453 5.78179e-05 0.00942555 0.31122 0.00104551 0.122281 7.33203e-05 0.000375496 5.31148e-05 0.121607 0.0023426 0.0249935 2.05553e-05 0.0326558 0.160859 0.00377485 0.0160609 0.040149 0.000226711 0.0449974 0.00194658 0.00667544 
2.20998e-06 0.0249861 0.0284948 0.0818575 0.000876703 0.00970341 0.64063 0.00995989 0.010313 7.86137e-05 0.000122538 0.00263889 0.112064 0.00286647 0.0386954 0.000205055 0.00169379 0.0180682 0.000701875 0.00265958 0.00735847 4.8519e-05 0.00306418 0.00217833 0.000732443 
0.000189489 0.00692139 0.00228539 0.0333509 0.0650884 0.00117282 0.343564 0.0294961 0.00117943 0.000138182 0.00274243 1.59509e-06 0.0149441 0.0219855 0.255968 1.18242e-05 0.00799563 0.0878004 0.00514987 0.0706405 0.0284971 1.05534e-05 0.00256286 0.00230739 0.0159961 
1.41299e-06 0.00322764 0.0131999 0.0653049 4.78436e-06 0.00531118 0.638523 0.00334961 0.0699866 0.022528 0.000297903 2.18352e-05 0.0134319 0.00275548 0.0446085 7.49525e-05 0.0204469 0.0298618 0.00298824 0.0324957 0.0202858 3.01943e-05 0.00315319 0.00642489 0.00168589 
2.77091e-07 0.000457546 0.00186684 0.00328062 1.93925e-06 1.90496e-06 0.887285 0.00328923 3.00399e-06 4.069e-05 0.000122718 3.55906e-07 0.0407085 0.00491157 0.0156044 0.0012884 0.000723798 3.63854e-06 0.0080448 3.11186e-06 0.0181457 0.000488491 0.00104876 0.0029989 0.00967975 
0.000236449 0.000691911 0.0549827 0.052076 1.18425e-07 0.0070339 0.723903 0.00149605 0.011911 1.56379e-05 2.84367e-05 7.18937e-05 0.00521783 0.000491634 0.0416855 5.50704e-07 0.00370931 0.0224516 5.23597e-05 0.0147174 0.0109305 3.09051e-10 0.0446992 0.00318833 0.000408933 
2.23842e-07 0.000140786 0.0100757 0.059013 5.44598e-07 0.0221424 0.670962 0.0610699 0.00285601 1.87954e-06 3.58912e-07 5.7555e-06 0.0427614 0.00440525 0.00632504 4.1739e-05 1.68388e-05 0.000534681 0.000152358 0.0488144 0.0328177 2.80395e-07 0.0126354 0.00123159 0.023995 
0.000447835 0.00691731 0.0223314 0.0730752 0.0010364 0.0112612 0.575054 0.0393638 0.0136365 0.000488781 0.000756709 0.000884084 0.0258028 0.00566608 0.0677768 0.000737478 0.00430026 0.0431853 0.00519061 0.0297813 0.0373509 0.00025972 0.00884402 0.0180163 0.00783478 
0.00212201 0.0081475 0.0695122 0.139521 0.000122819 0.0229866 0.201956 0.0206856 0.00723599 0.00295204 0.00889997 0.000118297 0.192965 0.0171384 0.0267544 2.35019e-05 0.0129037 0.0299384 0.0041739 0.0111695 0.161177 1.10221e-06 0.0259677 0.022598 0.0109309 
1.62452e-05 0.000222232 0.000417589 0.0107239 0.000105903 0.000103422 0.846439 0.0202956 0.000162859 0.00330138 0.000147216 2.01173e-05 0.0198356 0.000899103 0.0300394 5.78396e-06 0.000858516 0.00019697 0.000197068 0.00895344 0.00871873 0.000145847 0.000400228 0.0470837 0.000709763 
0.00248974 0.00380655 0.0921995 0.231384 2.75068e-05 0.0156804 0.285565 0.00320787 0.133554 0.000105241 0.00027436 2.272e-06 0.0122124 0.00281926 0.0697944 3.13916e-06 0.00175532 0.0354634 0.000390889 0.0204603 0.0224502 8.29096e-08 0.0554252 0.00942947 0.00149974 
3.90394e-06 0.000787425 0.017248 0.0192012 3.53204e-05 0.00115892 0.561945 0.0138439 0.00712427 0.0141235 0.000424118 1.60022e-06 0.0109589 0.00315327 0.227059 1.9604e-05 0.00697087 0.0496536 0.000447848 0.0225821 0.0143697 3.67118e-05 0.0158873 0.00832087 0.00464383 
4.07264e-05 0.0092714 0.0129218 0.0224351 9.88212e-05 0.00220222 0.277555 0.0482159 0.0104808 5.87481e-05 8.65007e-05 3.14963e-05 0.103695 0.000252669 0.0573077 1.93142e-05 0.00444713 0.169418 0.00825749 0.0840596 0.108795 1.91509e-06 0.0228721 0.0565503 0.000926183 
9.4751e-05 0.00107584 0.107422 0.194334 3.33916e-05 0.00806432 0.265731 0.0180872 0.0091784 5.69585e-05 8.79117e-05 6.728e-05 0.14755 0.000492335 0.041396 1.50729e-05 0.000647046 0.0240847 0.000882878 0.00900469 0.0929451 1.45204e-05 0.0144905 0.0604913 0.00375236 
2.43238e-07 0.0519312 0.000519506 0.0412061 0.00222041 0.000386948 0.701205 0.00704252 0.00023566 0.000135359 0.00170474 2.15734e-07 0.0636637 0.0219853 0.0049307 1.18565e-06 0.00624686 0.00288177 0.051121 0.0162833 0.0219617 6.19285e-06 5.25161e-06 0.00300453 0.00132117 
1.00691e-05 0.00511813 0.0496913 0.120329 0.00103155 0.075021 0.222253 0.00321019 0.126033 0.00119994 0.000103192 7.58e-05 0.0501268 0.00455701 0.0904549 1.86294e-05 0.00444124 0.0538062 0.00245302 0.0679882 0.0720406 4.84103e-05 0.0408102 0.00731254 0.00186567 
0.000284546 0.00743712 0.0190655 0.252684 0.00169998 0.0114931 0.254515 0.018095 0.0175364 0.00437658 0.000885494 0.00024085 0.0671658 0.0114109 0.096202 0.00202865 0.00364706 0.0330621 0.00759331 0.0351191 0.0915715 0.000111684 0.0227815 0.027917 0.0130756 
1.276e-06 9.82427e-05 0.0139903 0.0506403 0.000394054 0.0188174 0.478214 0.00115269 0.00595384 1.32682e-05 0.00381774 0.0010587 0.178507 0.00266943 0.0443543 3.57786e-05 0.0066674 0.0234838 0.00279143 0.0377489 0.110716 0.000275492 0.003778 0.0126164 0.00220351 
0.00764916 0.00828369 0.00365349 0.0175505 0.00453469 0.00244089 0.807696 0.00765615 0.00510811 0.000421869 4.03613e-05 0.000527343 0.0346498 0.000711718 0.0198266 1.49851e-05 0.0077818 0.0287899 0.00287738 0.0184415 0.00904534 0.000433352 0.00206835 0.00495161 0.00484539 
0.0171273 0.0196127 0.00406949 0.0205338 0.000608042 0.0267452 0.22937 0.20462 0.0031387 0.00325866 0.00250466 0.0131025 0.044683 0.00911446 0.0400381 0.0196791 0.0301061 0.0570189 0.0104969 0.107124 0.0141531 1.45823e-06 0.00699488 0.0674191 0.0484798 
0.000155887 0.000227216 0.0180891 0.0782738 0.000231938 0.00648586 0.661087 0.00671694 0.00922629 6.03995e-05 7.48192e-05 0.000211538 0.00534199 0.000574491 0.111393 9.34781e-06 0.000599208 0.0236443 0.00135936 0.0110819 0.042336 1.48528e-06 0.00770217 0.0135671 0.00154889 
6.66153e-06 0.00351842 0.00405499 0.0365102 4.18371e-05 0.00738049 0.393616 0.0181528 0.028279 3.90454e-05 0.00150827 0.00140399 0.00680816 0.00319298 0.312939 3.04887e-05 0.00105849 0.0360514 0.00437242 0.0426169 0.0651899 0.000155141 0.00104665 0.0208212 0.0112054 
0.000639062 0.00244749 0.0215106 0.0687982 9.803e-06 0.00203257 0.468152 0.0053071 0.0256727 0.000104594 0.00230225 5.51702e-06 0.0211646 0.000856113 0.0744291 1.94764e-05 0.00334356 0.0453879 0.000631916 0.0370575 0.199116 8.41158e-05 0.00801782 0.00306449 0.00984489 
2.6441e-06 0.000155496 0.0305161 0.0570041 6.80132e-06 0.00280037 0.781315 0.000575801 0.0348668 1.04132e-05 6.67755e-05 3.73676e-06 0.000898625 0.000100495 0.0436707 1.23965e-05 2.94538e-05 0.0221895 0.000421808 0.00834641 0.00902875 2.40992e-06 0.00676478 9.85527e-05 0.00111198 
1.63439e-06 4.33122e-08 2.07032e-05 0.000846262 8.56374e-07 0.000205405 0.678051 0.109004 6.69208e-06 0.000150789 1.13878e-05 4.3049e-05 0.0256076 0.000367145 0.027316 1.20703e-05 0.0319493 1.88915e-05 4.91977e-05 0.0539544 9.96908e-09 3.50244e-06 1.15895e-08 0.0723654 1.46278e-05 
3.84622e-05 0.000104479 0.09108 0.0645875 1.82036e-06 0.00383333 0.618972 0.00191991 0.0608339 8.80918e-05 0.000197665 1.8232e-06 0.0145945 0.00326335 0.0570852 7.35061e-06 0.0011354 0.0444847 0.000872382 0.0191107 0.011441 1.58539e-05 0.00242731 0.0023265 0.00157729 
0.000759067 0.00038296 0.00711377 0.101858 0.00055426 0.00394815 0.324123 0.0349099 0.0050935 0.00195588 0.000264106 0.000459479 0.0870211 0.00392093 0.0935858 0.00183274 0.0585476 0.0539272 0.00923346 0.0803483 0.0114552 2.89745e-05 0.0054408 0.0939514 0.0192851 
0.000259137 0.000195612 0.0187135 0.07683 3.51151e-06 0.00353598 0.757914 0.000332739 0.0269639 5.60842e-05 4.70538e-05 1.97218e-06 0.00075416 0.000279868 0.0375799 3.5502e-06 3.92441e-05 0.0419375 0.00122711 0.0148971 0.0121394 6.47084e-06 0.00454366 0.00049152 0.00124761 
2.62293e-06 0.000263896 0.0173351 0.0359495 6.65901e-06 0.00249467 0.383178 0.0056934 0.0159072 8.03965e-05 0.000391784 6.68922e-06 0.00691856 0.00268346 0.320062 9.93772e-05 5.66331e-05 0.0541861 0.000696485 0.0527811 0.0826214 5.81187e-05 0.00644117 0.00375542 0.00833008 
0.00413101 0.000805423 0.211201 0.0467289 0.000218704 0.00845627 0.355184 0.000868139 0.064248 0.00102945 0.000302277 0.000468529 0.0207957 0.00546265 0.0416399 0.00147562 0.0171732 0.0552422 0.00206066 0.049561 0.0140992 5.09347e-05 0.0780005 0.0121302 0.00866745 
2.65547e-06 0.00325689 0.0238568 0.169283 0.000368173 0.019222 0.21337 0.0158844 0.0193739 0.0012565 5.44526e-05 1.8469e-05 0.020415 0.00130291 0.184166 0.00526787 0.000263761 0.0298948 0.00469212 0.0554883 0.202545 2.02461e-05 0.0132173 0.00417983 0.0125992 
4.63927e-06 7.46689e-05 0.0124423 0.0786829 1.79069e-05 0.00635737 0.296226 0.261795 0.00312092 5.13945e-05 0.000249704 0.00021129 0.0162406 0.00570903 0.166789 0.00985296 4.0554e-05 0.0410579 0.00837346 0.0308827 0.0370968 0.000160432 0.00286596 0.0178255 0.00387076 
2.19338e-05 0.000126196 0.063539 0.135261 3.62348e-06 0.0114511 0.209278 0.0116377 0.0172838 0.00210202 0.00274625 6.89419e-06 0.0395646 0.00862509 0.110452 9.51084e-06 0.000543861 0.114322 0.0029106 0.0979042 0.143278 1.03193e-05 0.00435455 0.0117849 0.0127825 
0.00450071 0.00483546 0.03099 0.0599795 1.205e-05 0.00260699 0.531086 0.0111177 0.0122506 0.000140963 1.08242e-05 0.00261047 0.0810689 0.00615887 0.0132292 2.07777e-05 0.00692561 0.0327019 0.0239991 0.0283534 0.12409 3.20442e-08 0.0180569 0.0051923 6.20003e-05 
2.62293e-06 0.000263896 0.0173351 0.0359495 6.65901e-06 0.00249467 0.383178 0.0056934 0.0159072 8.03965e-05 0.000391784 6.68922e-06 0.00691856 0.00268346 0.320062 9.93772e-05 5.66331e-05 0.0541861 0.000696485 0.0527811 0.0826214 5.81187e-05 0.00644117 0.00375542 0.00833008 
0.00201093 0.000656982 0.0040531 0.0489305 1.59725e-08 0.00716864 0.684011 0.039076 0.000299082 0.00967853 0.00100894 6.67973e-06 0.0436173 0.000284531 0.00862275 4.16207e-06 0.0231116 0.0137984 0.000398523 0.046915 0.0354644 6.28787e-07 0.019509 0.0104823 0.000890667 
8.89449e-06 0.000487304 0.0976413 0.171356 7.10532e-05 0.0124716 0.285554 0.0547413 0.0247277 0.000110767 0.000667063 0.000126771 0.00429177 0.00470453 0.0816655 0.0173494 0.000142139 0.0312434 0.00602169 0.0224319 0.154676 2.46503e-05 0.0219773 0.0011944 0.00631334 
7.75591e-06 0.000976463 0.182296 0.062624 5.00039e-05 0.00203601 0.244325 0.0907686 0.00853126 7.40652e-06 0.000448732 0.000137309 0.0166979 0.00100555 0.141767 1.48517e-06 0.00038316 0.0326227 0.00770075 0.0920842 0.0763515 1.33021e-06 0.0220928 0.0161309 0.000951544 
0.00168007 0.00781684 0.0189166 0.0506857 0.000638495 0.00524371 0.295213 0.00913245 0.0179552 0.00161144 0.000437394 0.000949095 0.00821953 0.0178014 0.142899 0.0267782 0.00427952 0.121213 0.00615956 0.0695119 0.0155162 0.000235061 0.0200201 0.130013 0.0270731 
9.38235e-05 0.00233944 0.0661725 0.0576683 3.31776e-07 0.00580803 0.35626 0.00472179 0.0230133 2.43405e-05 0.00179117 2.78423e-05 0.0446433 0.00188345 0.128473 8.12422e-07 0.00410767 0.130778 0.00203084 0.033928 0.112116 4.578e-07 0.00308778 0.0157128 0.00531608 
2.77091e-07 0.000457546 0.00186684 0.00328062 1.93925e-06 1.90496e-06 0.887285 0.00328923 3.00399e-06 4.069e-05 0.000122718 3.55906e-07 0.0407085 0.00491157 0.0156044 0.0012884 0.000723798 3.63854e-06 0.0080448 3.11186e-06 0.0181457 0.000488491 0.00104876 0.0029989 0.00967975 
2.02513e-06 0.00356024 0.013299 0.0633624 3.95603e-05 0.00538017 0.626619 0.00337914 0.071886 0.0241523 0.000307729 2.28298e-05 0.0137781 0.00286859 0.0456228 8.45469e-05 0.0247213 0.0316119 0.00328586 0.0322001 0.0213126 9.22424e-05 0.00428641 0.00632447 0.00180044 
1.08391e-06 0.000942358 0.0566249 0.0758095 0.000251504 0.0174272 0.534399 0.00815817 0.0217805 3.11694e-05 0.000205498 0.00543768 0.0404203 0.000713481 0.0368794 7.14184e-05 0.00964557 0.0277081 0.00653988 0.0295975 0.0724841 0.000262326 0.00889506 0.0334601 0.0122542 
0.00035507 0.000473792 0.00754332 0.046395 0.000277035 0.001306 0.637595 0.00741732 0.00583803 0.000543106 0.00023449 1.16425e-05 0.0212667 0.00398655 0.154201 0.00614381 0.000984789 0.0159994 0.00142779 0.0242633 0.0313296 6.08836e-05 0.00301384 0.0195954 0.00973708 
0.00070986 0.00831251 0.0298124 0.0648352 0.000502682 0.00627498 0.272184 0.0149024 0.0071323 0.0411961 0.000133733 7.38984e-05 0.0145423 0.0110184 0.0904282 0.0290273 0.0453077 0.0182937 0.00860866 0.0990312 0.0797875 3.04364e-06 0.000944321 0.0729246 0.0840127 
2.53939e-05 0.00104135 0.0434352 0.0733453 0.00235446 0.0184778 0.267386 0.0147309 0.0119554 0.00242782 0.0157815 0.00011984 0.167231 0.0134399 0.107641 6.20256e-05 0.0033171 0.0598665 0.00565845 0.0711667 0.0626601 7.60215e-05 0.0035438 0.0390017 0.0152556 
0.000925302 0.00294915 0.0099722 0.0205628 0.000330103 0.0224006 0.261824 0.016043 0.0125289 0.00094647 0.000766327 0.00233608 0.136585 0.0124663 0.104408 0.000743047 0.0787885 0.0928259 0.0676738 0.0477629 0.0341569 0.000352335 0.00597655 0.0418261 0.024849 
0.000124099 0.000191511 0.0106182 0.0431353 7.90544e-05 0.00282885 0.648382 0.0104391 0.0122175 8.94132e-05 0.000123946 3.42357e-05 0.0451322 0.00179465 0.0717814 1.92093e-05 0.00879474 0.0432543 0.00149639 0.0306032 0.0360225 4.20643e-05 0.00424971 0.0267798 0.00176643 
0.000353039 0.00406248 0.00336438 0.186529 9.53951e-09 0.00109409 0.205183 0.0916718 0.00686783 0.0300428 0.000260759 8.55243e-09 0.174879 0.00257978 0.0589845 4.89036e-05 0.00676537 0.0104969 0.010941 0.0353278 0.0421311 8.25061e-08 0.00862073 0.0808936 0.0389021 
0.00150249 0.00312442 0.0188231 0.0616363 0.00150378 0.0187003 0.49278 0.0216822 0.0245468 0.0023295 0.000130933 0.00132894 0.0509559 0.00690489 0.065361 3.98229e-05 0.0112967 0.0694889 0.0146235 0.0384876 0.0461465 0.000225533 0.0197807 0.0210289 0.00757121 
0.000115288 0.00197787 0.0158613 0.0211376 9.61452e-05 0.00875049 0.277918 0.00290632 0.0170487 0.00342041 0.000128858 0.000298073 0.0669186 0.0155117 0.161105 0.000342774 0.014598 0.0922806 0.105778 0.0778677 0.04827 3.49442e-05 0.00793221 0.0432066 0.0164941 
0.00192878 0.000752394 0.0106235 0.0225364 0.000185603 0.0036107 0.33223 0.039097 0.0174236 0.0449285 0.0021343 7.0807e-06 0.318258 0.000237842 0.0264604 2.48735e-05 0.00397287 0.116353 0.00670237 0.00472621 0.0295398 1.41277e-05 0.002308 0.0148578 0.00108708 
0.000260508 0.000157037 0.00250216 0.0234294 8.77531e-05 0.00131483 0.75803 0.00852446 0.00416912 7.83566e-06 0.000135223 1.83681e-06 0.011003 0.00161507 0.0960858 1.42474e-05 0.00232716 0.0167165 0.00165819 0.0262397 0.0223795 1.41936e-06 0.00222157 0.0196261 0.00149128 
3.09577e-06 0.000423033 0.0348967 0.123925 0.000131599 0.0349029 0.539763 0.00136256 0.0785808 0.000354188 4.52274e-05 0.000890249 0.0119992 0.000604382 0.0300986 6.08116e-06 0.00164344 0.0867185 0.00174946 0.00479916 0.0180273 0.000102861 0.0267852 0.00131147 0.000876555 
2.77091e-07 0.000457546 0.00186684 0.00328062 1.93925e-06 1.90496e-06 0.887285 0.00328923 3.00399e-06 4.069e-05 0.000122718 3.55906e-07 0.0407085 0.00491157 0.0156044 0.0012884 0.000723798 3.63854e-06 0.0080448 3.11186e-06 0.0181457 0.000488491 0.00104876 0.0029989 0.00967975 
2.6441e-06 0.000155496 0.0305161 0.0570041 6.80132e-06 0.00280037 0.781315 0.000575801 0.0348668 1.04132e-05 6.67755e-05 3.73676e-06 0.000898625 0.000100495 0.0436707 1.23965e-05 2.94538e-05 0.0221895 0.000421808 0.00834641 0.00902875 2.40992e-06 0.00676478 9.85527e-05 0.00111198 
2.6441e-06 0.000155496 0.0305161 0.0570041 6.80132e-06 0.00280037 0.781315 0.000575801 0.0348668 1.04132e-05 6.67755e-05 3.73676e-06 0.000898625 0.000100495 0.0436707 1.23965e-05 2.94538e-05 0.0221895 0.000421808 0.00834641 0.00902875 2.40992e-06 0.00676478 9.85527e-05 0.00111198 
3.27176e-05 0.000184265 0.0254538 0.0900913 1.28602e-07 0.0220758 0.311877 0.00205011 0.021515 0.00252903 0.0124133 4.73364e-05 0.283686 0.000351792 0.0253994 3.58159e-05 0.0110061 0.0422218 0.0238272 0.00286286 0.0494758 1.18052e-06 0.0344303 0.0328734 0.00555796 
6.37416e-06 0.00135531 0.0715498 0.076025 2.12473e-05 0.0180953 0.291111 0.0123734 0.042387 0.00440323 0.000730858 0.000114832 0.0660272 0.00537414 0.158362 0.000252449 0.0131133 0.129288 0.00420407 0.0441232 0.0342648 7.26377e-05 0.0160999 0.00562981 0.0050151 
7.23455e-05 0.00337325 0.0142441 0.0033892 0.000717695 0.00110631 0.471413 0.128085 0.00175301 0.000250202 4.46132e-05 0.00128361 0.0805794 0.000595564 0.00248357 1.04672e-05 0.000641274 0.113874 0.000459796 0.0535554 0.0058277 0.000195762 0.00462711 0.110631 0.000785859 
0.00963962 0.00166129 0.0134297 0.0309878 0.00040681 0.00571761 0.570796 0.0174469 0.00929936 0.000911171 0.00165205 3.29207e-05 0.0785355 0.00280666 0.0552722 1.64036e-05 0.0142262 0.0426397 0.00393826 0.04792 0.054449 4.34316e-05 0.00620536 0.0253523 0.00661378 
5.95089e-05 0.00606759 3.87512e-05 0.000209013 0.0004369 0.0038263 0.323512 0.127353 2.61236e-05 0.0123072 1.95834e-05 0.000193895 0.0836311 0.059542 0.0182524 3.47131e-09 0.000137555 0.00515693 0.00744871 0.241475 0.00330313 6.32379e-06 1.30357e-05 0.106785 0.000198638 
5.89629e-08 1.70954e-05 0.0417426 0.126811 1.16984e-07 0.114368 0.558185 0.000123498 0.0469596 0.000175445 4.19118e-05 0.00098048 0.00864394 0.000109078 0.0135838 6.69658e-06 0.00158544 0.0455726 0.000343919 0.00329386 0.0109105 3.37066e-07 0.0232511 0.00267078 0.00062391 
8.17367e-05 0.0191347 0.00550028 0.0698034 0.000669258 0.00172262 0.357922 0.0644326 0.0725725 0.000291155 9.56952e-05 4.73668e-05 0.0203205 0.014032 0.178793 3.21717e-05 0.00303109 0.00949049 0.00372502 0.0944535 0.0277477 9.78957e-06 0.00185938 0.0533546 0.000877125 
1.42783e-06 0.00109421 0.0421202 0.104212 1.56796e-05 0.00430294 0.218027 0.016411 0.0405607 8.83466e-05 0.000186125 2.98369e-06 0.0154263 0.000569817 0.184688 8.46502e-05 0.0976619 0.131609 0.01931 0.0249433 0.0377624 4.0705e-05 0.0196018 0.0312557 0.0100231 
9.2314e-07 2.44577e-05 0.00151454 0.0689016 0.000121368 0.00228703 0.485782 0.0114792 0.000359727 0.000876967 1.73462e-05 4.68993e-05 0.346802 0.00165044 0.00360877 5.56291e-06 0.000863602 0.0387542 2.0583e-07 0.00966805 0.0143371 5.81342e-06 0.000126122 0.0127493 1.65297e-05 
3.75134e-05 0.00048998 0.000366654 0.00250083 7.47198e-05 0.000172796 0.913451 0.00776987 0.000289061 0.000164521 7.08845e-05 1.43231e-05 0.0411416 0.00385471 0.00186964 9.04818e-06 1.43849e-05 0.016319 0.00103789 0.00377546 0.00215296 0.000101558 0.000142694 0.00163622 0.00254301 
1.54694e-05 0.000155226 0.0236897 0.0639067 0.000362116 0.00967495 0.235056 0.100728 0.0217909 0.000129941 5.40561e-05 0.000184859 0.0176365 0.00467955 0.0897332 0.0113015 0.00374986 0.100524 0.0203449 0.164655 0.038463 1.77599e-05 0.0192053 0.0633311 0.0106102 
0.00187864 0.000382396 0.00983859 0.026382 0.000550145 0.0102416 0.22173 0.00409083 0.00329084 0.000570558 0.000588029 0.000137335 0.0382022 0.00139543 0.0742658 7.05478e-05 0.0577541 0.0728954 0.00299656 0.199762 0.219274 6.497e-06 0.00345172 0.0479895 0.00225469 
5.88461e-05 1.21568e-05 0.163605 0.0547646 5.48887e-07 0.0165633 0.574174 0.00122812 0.0344402 0.000303623 0.000427342 0.00135992 0.0376743 0.000596384 0.0287337 9.30435e-06 0.00105517 0.0370661 0.000272656 0.0108126 0.00948585 1.82127e-05 0.0215111 0.00335579 0.00247181 
0.000202179 4.20218e-05 0.0172584 0.032651 1.31653e-05 0.00241253 0.33021 0.0211781 0.000475249 5.66365e-05 0.00623823 7.24091e-05 0.200802 0.0154887 0.0197748 9.78873e-06 0.184532 0.041578 0.000573883 0.0140702 0.0962373 3.64811e-08 0.000235334 0.0156248 0.000262848 
0.00184281 0.000546301 0.0041671 0.148182 0.000127937 0.0652909 0.529053 0.00355135 0.00629824 0.0100346 0.00586818 0.000472016 0.0651122 0.0270486 0.0174839 1.37388e-06 0.030918 0.0535108 0.00147445 0.0100124 0.0123902 3.80683e-05 0.00146997 0.00331242 0.00179373 
0.00027235 0.0045499 0.0325677 0.0933533 0.000264469 0.00188744 0.297187 0.0238507 0.0162502 0.00304174 0.000162219 5.31128e-05 0.019438 0.00249881 0.270505 0.00986261 0.00169676 0.0244878 0.00338489 0.0490649 0.0756104 7.26416e-05 0.00641517 0.029168 0.0343541 
7.39579e-07 0.0111518 0.0264422 0.0826443 0.000398099 0.0157021 0.613214 0.0209255 0.0170835 0.000392396 8.37528e-05 0.000164512 0.102427 0.00694129 0.0393792 0.000116474 0.00596498 0.0138913 0.00145848 0.00930725 0.0208204 1.01091e-05 0.00137389 0.00863949 0.00146757 
0.000200509 0.00107102 0.00522636 0.0964988 0.000163632 0.00241887 0.46165 0.0204937 0.0127906 0.00214607 0.000774471 0.000116746 0.0165547 0.00599535 0.0721339 0.000647215 0.0386489 0.0265031 0.00301087 0.0843161 0.0159375 0.000183889 0.00372145 0.1236 0.00519624 
1.60107e-05 0.000916773 0.0934924 0.047154 0.000125934 0.00434971 0.265806 0.00654273 0.0106798 0.000599227 0.000161983 0.00653714 0.046292 0.00342645 0.129058 8.03276e-05 0.00866977 0.091995 0.0616405 0.0259602 0.102576 0.000148852 0.0265148 0.010888 0.0563675 
0.000118122 0.00340249 0.0107258 0.1072 0.0223773 0.0153931 0.613311 0.00010007 0.0200626 7.99016e-06 5.1939e-05 0.0022107 0.0837161 0.000191066 0.00831285 2.15675e-06 0.00177464 0.0207028 0.00568669 0.0268935 0.0509775 1.97634e-06 0.00224316 0.00431929 0.000216892 
0.00385334 0.000785277 0.0612377 0.0271738 0.000117889 0.00542342 0.46679 0.0128596 0.00291664 0.00305366 0.00762405 0.000570223 0.174928 0.00484817 0.0274124 0.00142765 0.0262337 0.0744677 0.00286257 0.0122578 0.0187619 4.3268e-05 0.0104728 0.0451806 0.00869847 
4.79282e-05 0.000845418 0.0418332 0.147799 6.81046e-05 0.00318877 0.41913 0.00590105 0.0404366 0.000427033 0.000812239 0.000849433 0.0164775 0.00136212 0.0964676 8.25135e-05 0.00518659 0.0398145 0.00283982 0.130775 0.0233163 0.000179832 0.00724159 0.0100951 0.0048223 
0.00705415 8.3406e-05 0.00913044 0.0123057 0.000109696 0.000728879 0.299037 0.172368 0.00528322 0.000586933 0.000111696 0.000562246 0.0220984 0.000337823 0.182362 0.000120972 0.00378402 0.142521 0.0279283 0.0123357 0.0292406 0.000156465 0.00599929 0.0615984 0.00415608 
7.24596e-06 0.000113971 0.00114293 0.0127371 5.66967e-06 0.00157755 0.343129 0.0142927 0.00625034 8.4357e-05 0.126393 1.57278e-05 0.00956443 0.00502559 0.144435 0.000100609 0.0150422 0.093637 0.0121084 0.0705546 0.0785584 4.82367e-05 0.000182023 0.0467427 0.0182509 
3.13658e-05 0.000243342 0.0271369 0.214107 3.24921e-06 0.00743036 0.358989 0.00061471 0.0712238 3.57149e-05 0.012733 0.00036817 0.235886 0.000242289 0.0165277 3.26619e-06 0.00480739 0.025192 1.37322e-06 0.00201031 0.0103142 1.55398e-06 0.0102804 0.000965679 0.000852005 
3.53228e-06 0.00827047 0.0127762 0.218561 0.000523077 0.00731673 0.358377 0.00933068 0.00954075 4.79529e-05 0.00426684 4.71125e-06 0.0393882 0.00172292 0.0622664 2.27503e-06 1.72424e-05 0.0149128 0.00479694 0.0564423 0.17901 7.95163e-06 0.00639542 0.00173236 0.00428685 
0.000103643 8.61676e-05 0.00242681 0.0200882 0.000163751 0.00105398 0.661818 0.0119286 0.00312806 4.65272e-05 5.66566e-05 2.12074e-06 0.00148865 0.00257992 0.190304 6.36867e-06 0.00400496 0.0226641 0.00474318 0.0407402 0.00366186 1.36662e-06 0.001953 0.0258734 0.00107656 
1.5607e-05 0.000171156 0.0150026 0.0671801 5.35597e-06 0.00264328 0.521645 0.0131667 0.00173988 0.000131 0.00130666 0.000839276 0.241381 3.83763e-05 0.0040345 0.000147757 0.00672817 0.037055 0.000243146 0.00110976 0.0563568 6.19169e-05 0.00994225 0.0189271 0.000127135 
8.93621e-06 0.00303202 0.0156965 0.0262504 0.000161081 0.00229732 0.528964 0.0225043 0.0086516 0.00115456 0.000462184 8.36867e-05 0.00699583 0.0144963 0.224697 0.0175234 0.00238767 0.0551292 0.000970381 0.0184647 0.0365778 8.13815e-05 0.00227045 0.00249153 0.00864775 
0.0002582 0.000464935 0.00501247 0.0150354 3.43333e-05 0.0105782 0.672684 0.00105153 0.00238501 6.22714e-05 0.000113437 0.000975161 0.0517714 0.00648567 0.0297062 3.91935e-05 0.000226773 0.160368 0.00119542 0.0102731 0.0152597 0.000480885 0.002634 0.00867734 0.00422741 
0.00650639 0.00168448 0.00182654 0.0297553 0.0782489 1.19137e-11 0.517579 8.74827e-07 0.00119861 0.0909753 6.79957e-11 3.09605e-11 0.170286 1.01776e-11 0.00359095 0.000735259 0.060147 0.00820588 1.00727e-11 0.000284475 0.0202965 3.61666e-11 5.68912e-12 0.00867854 7.00651e-12 
0.00120719 0.00161478 0.0296817 0.0633892 0.00253641 0.0124164 0.523166 0.0287356 0.0426449 3.67093e-05 0.000133489 8.83524e-06 0.0506495 0.00258045 0.0758158 5.21547e-06 0.00212425 0.0545599 0.00083013 0.0213528 0.0612594 0.000116041 0.0114138 0.00925151 0.00446956 
2.76296e-07 0.0549006 0.0124358 0.0117504 2.1121e-07 0.00161091 0.634006 0.0337714 0.000266655 0.00948255 0.000583641 1.89355e-07 0.161538 0.000355027 3.57095e-05 0.000294804 0.00999918 0.0653108 1.22017e-05 2.59739e-05 0.00144965 2.21196e-07 0.000154997 6.09783e-05 0.00195422 
3.7145e-07 0.000163271 0.0383588 0.164675 1.70232e-07 0.129354 0.307551 0.00373836 0.00617383 1.62844e-06 0.000187839 3.85509e-07 0.0377575 0.000223234 0.0211425 4.29147e-07 0.000839303 0.00261281 0.00139473 0.00872033 0.0220405 3.49559e-09 0.253641 0.00131895 0.000104872 
0.000305572 0.00191705 0.00580066 0.0215447 0.000172364 0.0037462 0.287884 0.0488291 0.0115931 0.00206618 0.00040282 0.000642387 0.0475013 0.00828238 0.116109 0.000246556 0.0213226 0.135261 0.00201189 0.0859055 0.0895124 4.03433e-05 0.0168053 0.0635361 0.0285612 
2.77091e-07 0.000457546 0.00186684 0.00328062 1.93925e-06 1.90496e-06 0.887285 0.00328923 3.00399e-06 4.069e-05 0.000122718 3.55906e-07 0.0407085 0.00491157 0.0156044 0.0012884 0.000723798 3.63854e-06 0.0080448 3.11186e-06 0.0181457 0.000488491 0.00104876 0.0029989 0.00967975 
6.22645e-05 0.000539117 0.0159019 0.0252758 1.41077e-05 0.00406123 0.293963 0.0104912 0.0250243 0.0040901 0.00165955 0.000987525 0.0800729 0.00145461 0.147724 5.1952e-06 0.071634 0.166384 0.00322759 0.0252452 0.0279405 0.00122302 0.00940714 0.0719705 0.0116419 
0.000178223 0.00147378 0.0140467 0.043516 6.22039e-05 0.00826163 0.66118 0.0138424 0.0193669 0.00392375 0.000287068 2.38782e-05 0.0455992 0.00986842 0.0456817 8.46369e-05 0.0122833 0.0392686 0.00131432 0.0299673 0.0268478 0.000106368 0.0106026 0.00936921 0.00284382 
2.29663e-05 0.000436163 0.0374146 0.0606977 0.000115139 0.00346139 0.441636 0.0222792 0.00288224 0.0188753 0.000563179 0.0310973 0.0643612 0.00154687 0.126208 0.0123052 0.00294889 0.0298931 0.00545387 0.0673621 0.0303909 0.00019583 0.0190513 0.0158702 0.00493142 
4.56926e-05 0.000265047 0.0723263 0.123364 4.1382e-05 0.121185 0.320585 0.00441414 0.0221096 0.00345378 0.000317455 3.64443e-05 0.0325912 0.000656389 0.057022 0.00137908 0.00404982 0.0329988 0.00154768 0.0773041 0.0906156 2.06689e-05 0.0247969 0.00525719 0.00361681 
2.77937e-05 0.00980539 0.0421282 0.0442813 0.000206665 0.00881228 0.353691 0.0175121 0.0185865 0.000206979 0.000201516 8.39632e-06 0.0226468 0.00500716 0.246324 0.00012102 0.0006017 0.0716476 0.00494447 0.0646026 0.0426262 0.000127205 0.0147411 0.00652534 0.0246167 
2.77091e-07 0.000457546 0.00186684 0.00328062 1.93925e-06 1.90496e-06 0.887285 0.00328923 3.00399e-06 4.069e-05 0.000122718 3.55906e-07 0.0407085 0.00491157 0.0156044 0.0012884 0.000723798 3.63854e-06 0.0080448 3.11186e-06 0.0181457 0.000488491 0.00104876 0.0029989 0.00967975 
1.71137e-05 0.0233988 0.00385052 0.0056649 0.000329699 0.00305199 0.612144 0.0373127 0.00175925 0.000704103 0.000243535 0.000275324 0.226225 0.00492846 0.0116372 3.06873e-05 0.000292105 0.00632558 0.00134239 0.0237979 0.0129252 0.00168696 0.000848174 0.0106654 0.0105424 
8.51324e-05 0.00117564 0.0319873 0.021664 5.40341e-07 0.0416809 0.387497 0.00307741 0.000430261 0.00130092 3.49792e-05 9.0613e-06 0.0374886 0.0226998 0.125971 5.38441e-08 0.0169614 0.001437 0.0247989 0.0214376 0.124705 1.23165e-05 0.000187112 0.0447618 0.0905967 
8.24757e-05 0.00335328 0.041235 0.0708283 0.000151079 0.00921157 0.348174 0.0181234 0.0077533 0.000205538 8.0103e-05 0.000614413 0.0336748 0.0149695 0.0933229 8.06625e-05 0.00488253 0.0989644 0.0163445 0.0638284 0.0887542 0.000359272 0.0339245 0.0425194 0.00856248 
4.44552e-06 0.0149049 0.015582 0.00528192 2.24768e-05 0.0265066 0.751018 0.0860201 0.00497849 0.000204102 1.69659e-05 5.97352e-06 0.0135501 0.00632843 0.0221069 3.46225e-06 4.01968e-06 0.00531171 0.00572004 0.0138295 0.00247175 2.3738e-05 0.00263199 0.0224265 0.00104632 
6.50669e-05 0.000558175 0.00268815 0.00584802 0.000561442 0.000353081 0.469171 0.179328 0.0714866 7.8098e-05 6.46063e-05 2.97073e-06 0.0280621 0.00322028 0.11045 4.40352e-05 0.000197792 0.0122091 0.00496108 0.0556977 0.00688224 0.000535122 0.00106805 0.0434972 0.00297044 
5.12933e-06 0.000110558 0.0136148 0.0739223 7.16606e-06 0.0182063 0.298077 0.00877138 0.0170015 9.96648e-06 0.00500883 2.85353e-05 0.15162 0.00236999 0.143361 1.3947e-06 0.0025317 0.0922714 0.00134235 0.0912107 0.0420524 7.84399e-06 0.00492943 0.0116246 0.0219136 
2.77091e-07 0.000457546 0.00186684 0.00328062 1.93925e-06 1.90496e-06 0.887285 0.00328923 3.00399e-06 4.069e-05 0.000122718 3.55906e-07 0.0407085 0.00491157 0.0156044 0.0012884 0.000723798 3.63854e-06 0.0080448 3.11186e-06 0.0181457 0.000488491 0.00104876 0.0029989 0.00967975 
1.93264e-06 0.00288479 0.0107708 0.0499116 3.34868e-05 0.00425781 0.674442 0.00273827 0.0773537 0.0195459 0.000251325 0.000127641 0.011158 0.00232493 0.0433624 6.8883e-05 0.020015 0.0255957 0.00266331 0.0259572 0.0164145 7.66714e-05 0.00347435 0.00511029 0.00145968 
