0.0976584 5.81164e-05 0.0400944 0.164931 0.0922404 0.00797663 0.111618 0.00156478 0.165967 0.0137932 0.304098 
0.165814 0.00028436 0.0109584 0.0492733 0.116634 0.0154478 0.108346 0.000545414 0.131401 0.00967141 0.391624 
0.0197207 0.000130261 0.00471964 0.0459293 0.114333 0.00929943 0.145084 1.79831e-05 0.154761 0.0221902 0.483815 
0.0651389 0.00246007 0.0079924 0.227927 0.0747423 0.0154396 0.16308 0.00386809 0.18898 0.0087151 0.241656 
0.105438 0.0065175 0.0258208 0.0100315 0.129605 0.0502132 0.227863 1.22958e-06 0.0883546 0.0167933 0.339362 
0.129825 0.00311782 0.0185876 0.0360997 0.034196 0.0387867 0.0184828 4.95879e-05 0.195428 0.0155395 0.509887 
0.120143 0.00363616 0.0149967 0.102973 0.0383282 0.00633104 0.0610448 4.38098e-05 0.191097 0.0059519 0.455456 
0.0193243 0.0438308 0.00477576 0.0494436 0.0110315 0.0302077 0.0831983 0.000116313 0.194684 0.127793 0.435595 
0.0727584 0.0090979 0.0201917 0.0326516 0.0214 0.0313939 0.0536965 0.00101737 0.224989 0.0206069 0.512197 
0.0222187 1.23108e-05 0.00101248 0.059536 0.051298 0.00360663 0.0384051 4.49919e-05 0.0225633 0.00344937 0.797853 
0.223446 0.0178912 0.00718052 0.0260411 0.0967785 0.0278642 0.156711 3.82647e-05 0.150193 0.00685195 0.287004 
0.116605 0.058774 0.00599283 0.00667477 0.0164238 0.0464856 0.179559 5.39124e-05 0.191101 0.0102738 0.368056 
0.0420403 0.00447377 0.0197552 0.020911 0.145179 0.0133841 0.210868 0.000853392 0.251695 0.00538004 0.285461 
0.0677268 0.0379598 0.0406098 0.0458991 0.050771 0.031469 0.0707047 0.00021982 0.0956217 0.0153274 0.543691 
0.102659 0.00263775 0.0206883 0.0895524 0.0942809 0.0283024 0.0986482 5.89762e-05 0.0798413 0.00692667 0.476404 
0.0971478 0.0197239 0.0198097 0.0446255 0.0577526 0.0495663 0.113969 1.41956e-05 0.175129 0.0507332 0.371529 
0.0286018 7.15184e-06 0.000529745 0.0295449 0.101969 0.00504706 0.326208 1.52317e-07 0.0996319 1.34985e-08 0.40846 
0.193321 0.000320369 0.0117071 0.028742 0.115122 0.0109724 0.170052 0.00421786 0.0656912 0.00288407 0.396969 
0.0516483 0.00701571 0.0144402 0.0992131 0.0523183 0.0229353 0.0864837 0.000365815 0.307845 0.0324716 0.325263 
0.0330579 1.95888e-05 0.00403486 0.258429 0.186567 0.020034 0.0893943 3.73134e-06 0.0597982 0.00143668 0.347225 
0.0324396 2.57411e-05 0.0227972 0.156155 0.0515206 0.0067031 0.175895 2.11482e-05 0.135771 0.00309997 0.415572 
0.0794665 0.0078578 0.00311032 0.112588 0.0221779 0.0446799 0.0393285 0.0537944 0.112072 0.00756819 0.517356 
0.0359906 0.000123456 0.0124674 0.044137 0.0464883 0.00658347 0.0560755 0.000170846 0.279099 0.00171244 0.517152 
0.0436284 0.0245662 0.00538704 0.0285739 0.0508921 0.0266174 0.0388645 0.000385304 0.209658 0.0315389 0.539888 
0.0765005 0.00674982 0.00935943 0.0150134 0.120655 0.00843979 0.102658 4.94407e-05 0.104955 0.00279035 0.552829 
0.0359363 0.0243464 0.0152902 0.0490377 0.101807 0.0168247 0.1478 4.82686e-05 0.133085 0.00279788 0.473026 
0.0702905 0.0102655 0.0110906 0.108572 0.195572 0.0217697 0.173061 0.0012843 0.150295 0.0545827 0.203216 
0.0760425 0.0107292 0.0137277 0.0179664 0.116083 0.0416478 0.239557 0.000150092 0.230781 0.0124493 0.240866 
0.0436715 0.00149711 0.0436668 0.164263 0.192296 0.0117241 0.088266 0.000192226 0.137432 0.00200523 0.314986 
0.039601 0.0040833 0.0084671 0.195343 0.0325269 0.158299 0.0927225 6.20935e-06 0.207208 0.0123649 0.249378 
0.0534497 0.000528329 0.00916717 0.029315 0.0921536 0.0112154 0.170898 0.000166959 0.132034 0.00541487 0.495657 
0.173351 0.00883949 0.00425375 0.0467818 0.00852896 0.00988085 0.0451661 4.91428e-05 0.187426 0.00206665 0.513656 
0.0350416 0.00171952 0.0272562 0.0519101 0.14541 0.0235865 0.0975729 0.00011809 0.133915 0.0186523 0.464818 
0.0337148 0.00361399 0.034285 0.0339383 0.0911571 0.00823672 0.165949 3.76502e-05 0.249937 0.00335072 0.37578 
0.0787561 0.0148697 0.0213426 0.0739456 0.108464 0.184724 0.0672184 7.52577e-05 0.186387 0.0615801 0.202637 
0.0355172 0.0222395 0.00375162 0.070894 0.0164629 0.0748595 0.0469736 2.6475e-06 0.0682969 0.0160757 0.644926 
0.0341958 8.60644e-05 0.00986336 0.0646228 0.0966209 0.113633 0.0743611 0.0005881 0.042598 0.00124069 0.562191 
0.107813 3.14851e-05 0.0206633 0.0662263 0.124971 0.00695468 0.153539 0.000269776 0.0544578 0.00418204 0.460892 
0.0503268 0.00200926 0.0040683 0.181963 0.0451746 0.00536572 0.0614449 0.000259634 0.20084 0.00612602 0.442422 
0.0536452 0.00958599 0.00637885 0.0280675 0.0151801 0.129784 0.0637344 0.000139907 0.0609674 0.00974955 0.622767 
0.0749091 0.00779518 0.0109402 0.0379328 0.0728781 0.0387099 0.0924981 8.46747e-05 0.205379 0.137549 0.321323 
0.053434 0.000308714 0.00663638 0.0864561 0.083204 0.0289207 0.167557 0.00082769 0.192061 0.00372532 0.376869 
0.0186935 3.69864e-05 0.00549117 0.113871 0.0487191 0.00332469 0.088215 8.43114e-05 0.189726 0.000459966 0.531378 
0.032917 0.0257333 0.101418 0.0508982 0.0465145 0.0601389 0.0570701 0.00931863 0.0951337 0.0162059 0.504652 
0.0483089 0.00283482 0.028253 0.0584109 0.103059 0.0192093 0.0870367 0.00409559 0.235018 0.0072426 0.406531 
0.0288552 0.00526295 0.0123648 0.125309 0.0648527 0.0285668 0.0322989 0.0001916 0.230905 0.0144786 0.456914 
0.204427 0.0146534 0.000852272 0.016776 0.0056225 0.0983631 0.0837282 1.933e-05 0.111172 0.0135367 0.450849 
0.0816849 2.24067e-06 0.0165801 0.136228 0.0903527 0.0108134 0.0393493 9.26525e-05 0.0590301 0.000267834 0.565599 
0.0850586 0.00100082 0.00644669 0.106994 0.0178494 0.0168704 0.0492811 0.0353815 0.149804 0.00912614 0.522187 
0.0271054 0.00439114 0.018165 0.0556444 0.174309 0.0455541 0.133836 0.00460528 0.0742861 0.00676536 0.455338 
0.0472491 0.0033559 0.00967875 0.0980961 0.0455024 0.0498825 0.0886887 8.52285e-05 0.215975 0.00146878 0.440018 
0.0680418 0.0186779 0.0114995 0.0754681 0.0537035 0.138655 0.0557349 6.09265e-05 0.178391 0.0502081 0.349559 
0.0380528 0.016089 0.0142013 0.0337791 0.0319729 0.00910139 0.169106 0.000374673 0.320841 0.0054495 0.361033 
0.111323 0.010757 0.00332177 0.0454262 0.0130419 0.305334 0.0544253 1.78992e-06 0.0694858 0.0465735 0.34031 
0.0488212 1.81836e-05 0.0100187 0.184058 0.0713011 0.0063545 0.253157 2.55224e-05 0.131247 0.00449158 0.290507 
0.0263968 0.0200297 0.0337196 0.0905672 0.0594209 0.00465112 0.0219672 0.000137915 0.105229 0.00239436 0.635487 
0.0312076 0.0406805 0.00373808 0.0858097 0.0494657 0.0552408 0.0633724 1.85403e-05 0.0925045 0.0142232 0.563739 
0.171437 0.00304969 0.0113735 0.0148397 0.0343372 0.0104168 0.0407495 3.13457e-05 0.112516 0.00140041 0.599849 
0.0947879 0.0125853 0.00801294 0.0171349 0.0504901 0.0411328 0.168435 2.36609e-05 0.174869 0.0475687 0.38496 
0.0198773 0.0213448 0.0517828 0.0403439 0.0763035 0.0168678 0.187925 9.36701e-05 0.169874 0.0782676 0.337319 
0.0511182 0.0380869 0.00788088 0.027061 0.0302374 0.0814569 0.0530737 0.000200818 0.0981799 0.0175765 0.595128 
0.0364219 6.53285e-05 0.00518909 0.232006 0.106741 0.0112259 0.0252689 0.000173823 0.201594 0.00258733 0.378727 
0.0501014 0.000231481 0.00709213 0.241488 0.119032 0.0201978 0.0869559 0.000134211 0.144205 0.0216366 0.308925 
0.0348276 0.000843102 0.0378679 0.32789 0.10695 0.0214833 0.0161001 4.60017e-05 0.0451588 0.00544665 0.403387 
0.066414 0.00836354 0.0189596 0.0674784 0.00823238 0.0391223 0.0973943 4.5998e-05 0.300332 0.0277743 0.365883 
0.0623473 0.0354527 0.0156178 0.0697813 0.0515909 0.019557 0.168013 0.0174852 0.231135 0.0558134 0.273206 
0.0490371 0.00762116 0.0198797 0.088068 0.0158235 0.0262028 0.117578 0.000855111 0.19638 0.100944 0.37761 
0.0302502 5.07835e-05 0.031392 0.0211787 0.0772476 0.00570964 0.216146 1.51451e-05 0.211848 0.000446984 0.405714 
0.124978 0.0126762 0.0561865 0.0140005 0.0226556 0.0219938 0.234748 0.00108842 0.0766486 0.0486774 0.386347 
0.0571925 0.0139962 0.00605293 0.0257805 0.0422881 0.0168494 0.0849327 0.000474966 0.209621 0.00704505 0.535767 
0.340579 0.00350436 0.0016056 0.0134844 0.0508162 0.0483749 0.0684173 9.08083e-07 0.0725246 0.0186883 0.382004 
0.0462627 0.000137371 0.0126039 0.0245491 0.216106 0.0210989 0.190036 0.00014597 0.117417 0.00456854 0.367074 
0.0661129 0.140979 0.00243032 0.0375488 0.0470923 0.0314368 0.0138566 2.00649e-05 0.160203 0.0514682 0.448853 
0.0331965 0.00020221 0.0102574 0.0264994 0.0276136 0.0290944 0.0293841 2.21444e-05 0.144923 0.00752912 0.691278 
0.0928988 0.000306459 0.0291519 0.0850723 0.10026 0.0178749 0.183323 9.45952e-05 0.134662 0.0106445 0.345712 
0.07735 0.0164932 0.0381081 0.120489 0.150574 0.128836 0.0891747 2.26344e-05 0.156369 0.0226664 0.199917 
0.0326626 0.00520082 0.0119009 0.0609739 0.0789888 0.0327581 0.0318333 3.2736e-06 0.34029 0.00204357 0.403345 
0.0883571 0.0368021 0.0219444 0.0555401 0.0717452 0.0446865 0.170182 0.000541102 0.187452 0.0271553 0.295595 
0.172918 0.00357829 0.00843406 0.0203434 0.0268277 0.00839483 0.144115 4.49005e-05 0.137146 0.0106745 0.467523 
0.062123 0.00951383 0.0133143 0.0835232 0.112 0.025805 0.105091 0.00011795 0.17308 0.0355936 0.379838 
0.0200024 0.00406797 0.0168442 0.0467658 0.0661821 0.00826374 0.0897695 0.000285411 0.190891 0.0163453 0.540583 
0.028238 3.2131e-05 0.00618045 0.0467512 0.047089 0.0062385 0.109672 4.60928e-05 0.156688 0.012365 0.586699 
0.188734 1.30388e-05 0.00930521 0.0918234 0.151477 0.00728712 0.12018 2.95067e-05 0.148806 0.00204387 0.280301 
0.0915188 0.00755092 0.0139232 0.0610364 0.0557603 0.0428586 0.103253 0.000199369 0.252609 0.048891 0.322399 
0.0175501 0.153769 0.01486 0.0601598 0.207295 0.00312131 0.0907193 0.000109558 0.125048 0.0578245 0.269543 
0.0397116 0.110079 0.0112959 0.0682604 0.0584981 0.112763 0.10284 0.000135148 0.146722 0.148712 0.200983 
0.0219036 0.00214694 0.030806 0.133575 0.151971 0.00361675 0.0469037 0.0415694 0.0912284 0.0116069 0.464672 
0.0221384 9.9376e-05 0.0203003 0.0714589 0.20227 0.0164993 0.173549 6.35579e-05 0.185456 0.00132202 0.306842 
0.0299702 0.0472284 0.0243057 0.187995 0.0088869 0.0354399 0.126487 0.000239896 0.18695 0.0890335 0.263464 
0.0212686 0.00269056 0.0382575 0.177472 0.0618558 0.00927547 0.0290742 0.000456662 0.136372 0.00482394 0.518453 
0.0465993 0.0078325 0.0271911 0.0537491 0.0717656 0.0484653 0.0250517 3.53657e-06 0.194649 0.0137546 0.510938 
0.00704376 0.00345334 0.0210493 0.0087382 0.0778106 0.0449319 0.203315 1.87701e-05 0.0511572 0.011782 0.570699 
0.0538513 0.00155792 0.0378885 0.0401141 0.0864316 0.0185372 0.288661 0.000995085 0.147194 0.0151706 0.309599 
0.0697011 0.00619049 0.0140267 0.00849738 0.01744 0.0296068 0.0304308 8.10938e-05 0.296349 0.0113242 0.516353 
0.0696456 0.000254052 0.00940951 0.0595691 0.105871 0.0206991 0.119303 0.000258002 0.165114 0.00809724 0.441779 
0.0359242 0.0117832 0.00879014 0.238712 0.0278715 0.0678326 0.0895179 0.000137145 0.220594 0.00997393 0.288863 
0.0495755 0.000381496 0.0050714 0.0263195 0.047558 0.0725051 0.0775831 0.000100407 0.192373 0.00863336 0.5199 
0.117347 0.00962717 0.0253678 0.115734 0.0877265 0.0233627 0.182871 0.000317765 0.165951 0.00850727 0.263189 
0.0380528 0.016089 0.0142013 0.0337791 0.0319729 0.00910139 0.169106 0.000374673 0.320841 0.0054495 0.361033 
0.0811072 0.0270005 0.0110495 0.0588368 0.0100381 0.035975 0.0586958 1.75214e-05 0.261646 0.115171 0.340462 
0.118165 0.0209821 0.0111122 0.00924978 0.0575065 0.0195545 0.072572 0.00015544 0.163099 0.00286454 0.524739 
0.0119782 4.34462e-07 0.00339763 0.0735841 0.0492457 0.000467739 0.038266 2.18602e-06 0.111337 1.62309e-05 0.711704 
0.0611761 0.033216 0.0369824 0.136051 0.0624223 0.012628 0.199357 0.00033409 0.176469 0.0105862 0.270779 
0.0298741 0.000554805 0.0323872 0.0769295 0.0923948 0.0108478 0.259668 0.000290567 0.169602 0.013205 0.314246 
0.193718 0.000217743 0.00464461 0.0134569 0.124216 0.000907634 0.18604 5.72193e-05 0.0233026 8.88088e-06 0.453431 
0.104277 0.000781231 0.0728566 0.0273463 0.0686633 0.011267 0.0762658 0.000269827 0.206252 0.00209661 0.429925 
0.0292836 0.00196593 0.0109311 0.0355698 0.0322272 0.0103334 0.025766 0.00016746 0.27472 0.00553023 0.573506 
0.0637214 0.0173599 0.0174301 0.080061 0.183426 0.0475092 0.062103 5.53314e-05 0.221918 0.0371315 0.269285 
0.120575 0.00258705 0.0110374 0.0418065 0.109576 0.0220524 0.095384 0.000769528 0.142197 0.0155001 0.438516 
0.0614249 0.0169223 0.0132377 0.0478688 0.0661548 0.0274844 0.103822 0.000187101 0.138589 0.0146834 0.509625 
0.0452896 0.0079496 0.0450818 0.126658 0.0930429 0.0115979 0.200417 0.000315887 0.221924 0.0150956 0.232629 
0.0280301 0.0124034 0.0119432 0.0178641 0.0366774 0.0229776 0.206772 0.00017117 0.269438 0.0190089 0.374713 
0.0400558 0.0186027 0.011643 0.0175434 0.161742 0.0446648 0.129581 1.53477e-05 0.193088 0.0304248 0.35264 
0.0971478 0.0197239 0.0198097 0.0446255 0.0577526 0.0495663 0.113969 1.41956e-05 0.175129 0.0507332 0.371529 
0.0701655 0.0456744 0.00529345 0.0600078 0.096979 0.0638833 0.0659929 0.000231371 0.210785 0.0199144 0.361073 
0.0247302 0.015051 0.00554384 0.0320652 0.163851 0.0468567 0.150983 3.83529e-06 0.17179 0.0519954 0.337129 
0.0512643 0.0241469 0.00449413 0.0640652 0.127229 0.103026 0.103386 2.03735e-05 0.178109 0.0722097 0.27205 
0.010356 0.000558042 0.033997 0.0266009 0.136358 0.00258459 0.0333393 0.000133231 0.160761 0.00130474 0.594007 
0.0554274 0.0358974 0.00950764 0.0566887 0.0476344 0.0721875 0.0456446 5.20567e-05 0.22061 0.0180209 0.438329 
0.0785895 0.0501586 0.0117225 0.0667644 0.108352 0.0380249 0.117569 0.000194603 0.204422 0.0202738 0.30393 
0.179508 0.000247899 0.0150062 0.0933236 0.153299 0.00961167 0.123218 0.0002313 0.161329 0.00350078 0.260723 
0.072699 0.0279137 0.00534546 0.0131547 0.193675 0.0676809 0.165141 2.46022e-07 0.183229 0.0115428 0.259618 
0.0847468 0.00872149 0.0310009 0.0489775 0.0490579 0.0403226 0.119307 0.0010096 0.167674 0.0269738 0.422208 
0.10272 0.00501314 0.0216906 0.13658 0.0757793 0.0394084 0.0549043 7.46382e-05 0.158477 0.0114379 0.393915 
0.109216 0.00406886 0.0177565 0.0398248 0.0496109 0.00374463 0.132424 0.000305034 0.0459803 0.00152618 0.595543 
0.073744 0.0298378 0.0256658 0.0761306 0.0534788 0.0376032 0.191644 0.000218021 0.209488 0.0922438 0.209947 
0.070338 0.0152404 0.00789779 0.12435 0.0701087 0.156371 0.0589748 0.000319602 0.126876 0.0273653 0.342159 
0.0155581 0.00229931 0.00402415 0.12741 0.0135255 0.045237 0.0145796 5.90387e-06 0.120962 0.0212044 0.635193 
0.0192898 0.00195551 0.0202478 0.0958671 0.0885258 0.00911793 0.0383348 6.80195e-05 0.145845 0.00548884 0.575259 
0.0236268 0.0237902 0.00470177 0.0292668 0.0159623 0.0684829 0.0593164 6.08804e-05 0.154928 0.0117905 0.608074 
0.00963912 0.000758319 0.0205082 0.145822 0.102919 0.0457587 0.0246003 2.40943e-06 0.126303 0.0103896 0.5133 
0.103353 0.000404711 0.0113687 0.0937643 0.156842 0.0224949 0.20903 3.0414e-05 0.140401 0.0227978 0.239513 
0.0288552 0.00526295 0.0123648 0.125309 0.0648527 0.0285668 0.0322989 0.0001916 0.230905 0.0144786 0.456914 
0.0175853 0.000518133 0.0190578 0.1748 0.0814319 0.00409605 0.0871156 0.0210944 0.255858 0.00645775 0.331986 
0.0326665 1.64296e-05 0.0181254 0.0830894 0.0296385 0.0031214 0.0450027 0.000117659 0.134067 0.000326707 0.653828 
0.0215158 0.00700368 0.0275939 0.0206338 0.0559563 0.00680502 0.20947 0.000610177 0.254478 0.00278813 0.393145 
0.0654535 0.011566 0.0127966 0.0802661 0.0847328 0.0281291 0.0970526 0.000758035 0.163073 0.0125783 0.443594 
0.0261025 0.0353272 0.0125744 0.111653 0.0607798 0.110053 0.0215721 6.8881e-05 0.245699 0.0204457 0.355724 
0.134775 7.01073e-05 0.00463841 0.183899 0.105598 0.0206674 0.11276 0.0798138 0.154101 0.00745536 0.196223 
0.192232 0.00193782 0.0473842 0.0326203 0.102238 0.0293921 0.138208 8.24089e-05 0.114162 0.0167178 0.325026 
0.0270952 0.00285552 0.00397009 0.0237036 0.195909 0.0422538 0.156969 6.31202e-06 0.186017 0.0510322 0.310188 
0.108814 0.00348998 0.00523067 0.152217 0.14437 0.0239985 0.211552 0.000501777 0.0618052 0.0188655 0.269156 
0.0368926 0.00570187 0.0135863 0.156983 0.0778999 0.0219251 0.046306 0.000170532 0.125595 0.0392647 0.475675 
0.0869806 0.0221442 0.0105195 0.0630815 0.0720647 0.125232 0.0792672 1.63035e-06 0.144616 0.0182809 0.377811 
0.152136 0.0310385 0.0295509 0.124582 0.0405578 0.0365186 0.143075 0.00023684 0.139164 0.0313844 0.271756 
0.0283484 0.000543926 0.00213276 0.0943551 0.0487998 0.0151013 0.052333 4.95862e-05 0.0631894 0.00436473 0.690782 
0.0572816 1.79028e-05 0.00318264 0.333196 0.0164859 0.0239719 0.00968696 1.01029e-07 0.0308777 0.0370033 0.488296 
0.104469 0.00387843 0.00789753 0.0765685 0.0697151 0.0659775 0.15537 0.00190033 0.231016 0.0210725 0.262136 
0.251042 6.15195e-07 0.0113567 0.0407974 0.214208 5.98334e-05 0.011718 0.000653255 0.0370019 5.22264e-06 0.433156 
0.068346 0.00575589 0.0328379 0.070244 0.0485766 0.0600194 0.0828821 1.84375e-05 0.158545 0.0287147 0.44406 
0.126701 0.00230069 0.0025181 0.157663 0.0489006 0.0339656 0.0648816 0.000189455 0.209773 0.00294531 0.350162 
0.0827072 0.00130895 0.0126631 0.101006 0.0535735 0.012517 0.0774743 0.00568883 0.286439 0.00811038 0.358512 
0.051405 0.000751902 0.0535495 0.0153946 0.0458716 0.0132526 0.182219 7.45034e-05 0.229137 0.00952432 0.39882 
0.0397116 0.110079 0.0112959 0.0682604 0.0584981 0.112763 0.10284 0.000135148 0.146722 0.148712 0.200983 
0.0926605 0.00203247 0.00531265 0.191424 0.0562244 0.0110044 0.174564 0.0133904 0.183943 0.0240175 0.245427 
0.108954 0.000504862 0.02851 0.0492595 0.0207533 0.00338241 0.00227556 1.14455e-05 0.0314852 0.00719489 0.747669 
0.103661 0.0178485 0.0174877 0.0766536 0.0702918 0.100454 0.167553 0.000407711 0.161114 0.0391704 0.245359 
0.145812 0.0126396 0.00311604 0.0682124 0.0830901 0.0522451 0.0706975 0.00041563 0.205328 0.00754481 0.350898 
0.0228114 0.000455488 0.00652281 0.248042 0.0461268 0.0285649 0.126565 9.20371e-05 0.0474064 0.0330506 0.440363 
0.0485033 0.0233053 0.00281017 0.0176562 0.00373522 0.0631848 0.104065 8.0395e-07 0.108364 0.28802 0.340355 
0.0955208 0.000770816 0.0629483 0.0922199 0.0917069 0.0458041 0.190976 0.00154052 0.187965 0.0152696 0.215278 
0.0353674 0.00501348 0.0269758 0.0543172 0.0693357 0.0212702 0.218817 0.000421035 0.278355 0.00518742 0.28494 
0.101147 0.00220071 0.00264556 0.100807 0.0673462 0.00605488 0.0825137 0.000358693 0.130492 0.00175643 0.504678 
0.0939042 0.00648733 0.0178895 0.134614 0.158741 0.013658 0.0994258 0.000248219 0.225257 0.0162669 0.233508 
0.0256624 6.74189e-06 0.0109758 0.00968549 0.0558572 0.0126713 0.223348 0.00017157 0.235451 0.000269063 0.425902 
0.0633798 0.00160366 0.0246803 0.100887 0.1311 0.00745623 0.116147 0.000283219 0.222514 0.00451301 0.327436 
0.0485063 0.00213057 0.00750186 0.0826664 0.0724302 0.119386 0.0656455 3.69042e-05 0.116572 0.00359395 0.481529 
0.122396 0.00158423 0.0254581 0.0896179 0.160139 0.0161152 0.186177 0.000313542 0.163758 0.0112116 0.22323 
0.0272334 7.64459e-05 0.031876 0.0331242 0.0928059 0.0142478 0.178087 0.00254148 0.208523 0.000463741 0.411022 
0.131893 0.0350206 0.0176727 0.0253365 0.0311831 0.0362693 0.199073 4.55687e-05 0.170514 0.0510569 0.301935 
0.0978876 0.000868937 0.00357669 0.00151317 0.0903661 0.0347946 0.359187 0.000347944 0.00863609 0.000383068 0.402439 
0.0224296 0.000261762 0.00660848 0.027579 0.0700978 0.00897173 0.02141 6.29936e-06 0.131451 0.00303709 0.708148 
0.0919061 0.00322003 0.0203969 0.045877 0.171716 0.0203103 0.142034 0.000204796 0.102982 0.0139812 0.387371 
0.030772 1.53749e-05 0.0529786 0.133115 0.0540813 0.00892463 0.104256 0.00029405 0.0865781 0.029803 0.499182 
0.099735 0.0116842 0.0500367 0.0558967 0.121464 0.0451964 0.0669028 5.88417e-05 0.122136 0.0148472 0.412042 
0.0339872 0.00016845 0.021087 0.0568576 0.151123 0.0207864 0.201707 0.000100908 0.238744 0.027176 0.248263 
0.251839 0.0150244 0.0104163 0.0283333 0.0501778 0.0440818 0.0736673 7.60242e-05 0.172954 0.0133476 0.340083 
0.151536 0.000213704 0.00899889 0.0835875 0.0658438 0.0240584 0.125646 1.238e-05 0.149611 0.00864456 0.381848 
0.0889262 0.0319432 0.0191396 0.167268 0.0688518 0.0167406 0.213479 8.92222e-05 0.0916893 0.0109759 0.290897 
0.0329407 0.00477854 0.0182392 0.093392 0.134826 0.0896676 0.0496011 2.58975e-05 0.246665 0.00750835 0.322355 
0.0869478 6.5293e-05 0.0267374 0.114085 0.0751357 0.0252515 0.106782 0.000106261 0.173593 0.0213492 0.369947 
0.113284 0.000820858 0.013179 0.038067 0.0233541 0.0250974 0.0725378 3.8344e-05 0.338223 0.0159523 0.359447 
0.012456 0.0224496 0.0161547 0.0375671 0.0669906 0.0891278 0.0694687 3.64265e-06 0.238322 0.023056 0.424404 
0.0661126 0.0147676 0.0157758 0.0780435 0.066149 0.047989 0.0888136 0.000394458 0.27871 0.0510953 0.292149 
0.0703926 0.0294037 0.0134602 0.0188777 0.021413 0.0592635 0.0885649 5.6584e-05 0.209214 0.0260012 0.463353 
0.0288552 0.00526295 0.0123648 0.125309 0.0648527 0.0285668 0.0322989 0.0001916 0.230905 0.0144786 0.456914 
0.0267846 0.00164692 0.0110374 0.184464 0.0453407 0.0484975 0.0786273 7.60741e-05 0.0757345 0.0235818 0.504209 
0.0224674 0.0252215 0.0351953 0.0539567 0.0578589 0.0345299 0.0475338 0.000303651 0.287443 0.0645678 0.370922 
0.0802695 0.0232234 0.00405976 0.0302947 0.0565289 0.103049 0.0699682 1.027e-05 0.212908 0.0753481 0.34434 
0.0288552 0.00526295 0.0123648 0.125309 0.0648527 0.0285668 0.0322989 0.0001916 0.230905 0.0144786 0.456914 
0.0244154 0.000130146 0.0860447 0.0216849 0.105641 0.00364321 0.139391 0.000483202 0.139728 0.00624335 0.472595 
0.0968708 0.0127889 0.00466676 0.176441 0.0183269 0.116543 0.0398467 4.81258e-05 0.167891 0.131626 0.23495 
0.0690996 0.00011985 0.0244559 0.0976144 0.117113 0.00375835 0.184472 2.51737e-05 0.1453 0.0133767 0.344665 
0.0940442 0.0193742 0.0707355 0.0788127 0.0940127 0.00741721 0.115507 0.000516785 0.207428 0.00799928 0.304152 
0.0694169 3.06882e-05 0.0126866 0.0367002 0.10818 0.0367149 0.0760795 4.08055e-06 0.149851 0.00365677 0.50668 
0.0125984 0.00215833 0.0751785 0.0895726 0.215351 0.00922506 0.113811 4.03029e-05 0.0326649 0.00703599 0.442365 
0.300405 0.00360859 0.00520423 0.0889812 0.0379903 0.0309245 0.0889327 0.00173195 0.0691678 0.0167411 0.356312 
0.076565 0.0208815 0.0184738 0.0415781 0.0448645 0.0294972 0.132879 0.000328398 0.119265 0.0315847 0.484083 
0.0584836 0.0105414 0.015899 0.150097 0.104466 0.0174364 0.0747696 1.92037e-05 0.0514521 0.125564 0.391271 
0.0623822 0.0986833 0.0177612 0.0545826 0.0294517 0.186173 0.131515 1.04913e-05 0.139535 0.069119 0.210786 
0.046958 0.030422 0.0113739 0.0568229 0.168848 0.0184787 0.127416 0.000232164 0.173313 0.0284204 0.337716 
0.0205502 1.2683e-05 0.00324104 0.00216362 0.0272875 0.0025926 0.277836 7.81202e-08 0.311525 0.00178274 0.353009 
0.0714922 0.0200066 0.00834172 0.0546175 0.0231228 0.025211 0.107452 0.000442719 0.135096 0.0133698 0.540848 
0.0343747 0.05667 0.00432503 0.0557561 0.0306363 0.11001 0.0831808 0.000122486 0.187213 0.0986612 0.339051 
0.0151705 0.0048867 0.0331908 0.197244 0.063205 0.0180965 0.183037 0.000589719 0.233681 0.00288152 0.248017 
0.056206 0.00252368 0.0300014 0.0897981 0.0551364 0.0209784 0.177829 0.00670933 0.196951 0.0107941 0.353072 
0.0279561 0.0021856 0.029009 0.110717 0.0402214 0.021767 0.0285799 0.0136186 0.231484 0.223311 0.27115 
0.0252249 0.00112062 0.0239673 0.0288107 0.0410247 0.0154105 0.0284843 1.66265e-05 0.303024 0.0014337 0.531483 
0.0377381 0.0203833 0.00722076 0.104028 0.0586707 0.0135347 0.0807404 4.14414e-05 0.15323 0.0154527 0.50896 
0.0441803 0.0125919 0.0178722 0.0314443 0.0446828 0.0939643 0.0362627 0.000360537 0.262405 0.00587055 0.450366 
0.0357948 0.00154225 0.0352066 0.0340214 0.0709987 0.0262119 0.266752 0.000371621 0.193867 0.00544089 0.329793 
0.0524647 0.000293962 0.00331979 0.282622 0.129548 0.0130225 0.0360981 8.22759e-06 0.0653235 0.00657261 0.410727 
0.00646838 0.00269897 0.0153509 0.253393 0.00926734 0.00130913 0.0308212 0.000184419 0.0982545 0.00898272 0.573269 
0.0122745 0.00168994 0.0143644 0.0575201 0.104957 0.00237474 0.114332 0.000277225 0.258157 0.00341622 0.430637 
0.134065 0.000801599 0.0713711 0.0320606 0.0396176 0.0151911 0.107133 6.90091e-05 0.231266 0.00327345 0.365152 
0.031125 0.00240526 0.00335904 0.135124 0.0630831 0.0306035 0.0370295 4.5182e-05 0.186172 0.046105 0.464948 
0.061813 0.0281151 0.0165139 0.0334114 0.0219095 0.045457 0.0733644 7.34059e-05 0.182182 0.0285813 0.508579 
0.110303 0.00372095 0.0141776 0.127501 0.172251 0.0134899 0.0588912 0.000185087 0.220451 0.00650802 0.272521 
0.0105481 0.000556908 0.0201251 0.0915633 0.0407702 0.00523667 0.069725 0.000399856 0.230177 0.0062049 0.524693 
0.193718 0.000217743 0.00464461 0.0134569 0.124216 0.000907634 0.18604 5.72193e-05 0.0233026 8.88088e-06 0.453431 
0.112223 0.00680857 0.0051456 0.130814 0.0405011 0.0233458 0.0972696 1.18299e-05 0.210339 0.0432484 0.330292 
0.0660826 1.00567e-05 0.0175329 0.0230393 0.117702 0.0614716 0.158074 8.04709e-05 0.135001 0.0149248 0.406081 
0.00467364 4.99982e-05 0.018444 0.186465 0.0302554 0.00379229 0.0144218 2.26868e-06 0.0829246 0.00462293 0.654348 
0.0486728 0.00548328 0.0507782 0.082332 0.117191 0.0100881 0.0568945 0.000290119 0.292482 0.0033513 0.332437 
0.0640737 0.00678099 0.0127074 0.0125207 0.0901412 0.0143091 0.183513 0.000271827 0.0285939 0.00187111 0.585217 
0.10624 0.0309501 0.0113174 0.0210173 0.0307318 0.104626 0.109104 4.30643e-05 0.21715 0.080768 0.288052 
0.143125 0.0523799 0.0134108 0.0675576 0.0183981 0.0300651 0.108488 6.40321e-05 0.213395 0.125094 0.228022 
0.0226772 0.0138833 0.0267329 0.031755 0.0498675 0.0213282 0.121668 8.29683e-06 0.234617 0.0432702 0.434193 
0.00457781 2.93946e-06 0.0249097 0.360968 0.0234772 0.000445216 0.0145219 0.00019762 0.0239289 0.00223357 0.544737 
0.10478 5.30984e-05 0.0285024 0.0365447 0.013141 0.0770814 0.0756948 0.000519435 0.273365 0.00672655 0.383591 
0.0805099 0.0105886 0.0166769 0.0729103 0.0806941 0.00713644 0.141583 3.73145e-05 0.291391 0.00583593 0.292637 
0.134715 0.0259266 0.023538 0.0346649 0.0827753 0.0239821 0.179142 1.79472e-05 0.186496 0.030818 0.277923 
0.126472 0.0327715 0.0015471 0.0261649 0.00556583 0.0547869 0.0850749 3.87776e-06 0.154594 0.0388747 0.474144 
0.0208989 0.00917396 0.110583 0.0620278 0.170876 0.0484872 0.083478 5.01138e-05 0.169888 0.00785696 0.31668 
0.0224674 0.0252215 0.0351953 0.0539567 0.0578589 0.0345299 0.0475338 0.000303651 0.287443 0.0645678 0.370922 
0.0382606 0.0013526 0.0150458 0.0798261 0.154711 0.00939027 0.0831468 6.47886e-05 0.201153 0.0896293 0.32742 
0.05021 0.0112981 0.0171509 0.108287 0.0259708 0.130675 0.101816 0.000277734 0.260669 0.0322839 0.261362 
0.0364705 0.00559687 0.0571722 0.0557299 0.113585 0.0152163 0.0593043 0.000222751 0.181338 0.0129658 0.462399 
0.0380528 0.016089 0.0142013 0.0337791 0.0319729 0.00910139 0.169106 0.000374673 0.320841 0.0054495 0.361033 
0.166698 0.012098 0.0148897 0.0184572 0.0309349 0.0591636 0.251551 7.44006e-05 0.122398 0.0492007 0.274535 
0.00499044 2.35927e-05 0.00422258 0.175817 0.16253 0.00297757 0.0113132 1.39576e-05 0.226406 0.0294031 0.382303 
0.03252 0.00184848 0.0288335 0.097779 0.0555828 0.00948044 0.11124 0.000185479 0.310898 0.0036395 0.347993 
0.0316587 6.2663e-05 0.0040035 0.0603745 0.205439 0.0010174 0.0614226 6.78865e-05 0.169879 0.000290022 0.465784 
0.0306008 2.2994e-05 0.00210527 0.100959 0.124876 0.00637013 0.0871399 2.12506e-05 0.0459969 0.00304407 0.598864 
0.0440313 0.00156909 0.00581445 0.0618634 0.0533974 0.0175793 0.0437611 8.37575e-05 0.155502 0.00731508 0.609083 
0.0199671 9.74378e-05 0.0160867 0.22465 0.0662562 0.0227997 0.0877525 0.000242529 0.275378 0.00326141 0.283509 
0.0514578 0.00065986 0.0152627 0.0360664 0.201232 0.00188995 0.133633 5.94121e-05 0.170949 0.120472 0.268317 
0.10805 0.00188889 0.0201886 0.127973 0.0650615 0.0153735 0.0742589 6.5372e-05 0.0993918 0.00793204 0.479817 
0.187405 0.0110671 0.00560038 0.0194389 0.0323775 0.0944908 0.18014 8.20531e-05 0.156252 0.0358676 0.277279 
0.0115302 1.21422e-05 0.0681622 0.067525 0.0937778 0.003246 0.0976501 3.52783e-05 0.186178 0.00114686 0.470737 
0.154222 0.0276792 0.0180191 0.0219442 0.0629441 0.0254323 0.233388 0.000138245 0.191553 0.0265758 0.238103 
0.00760311 5.57669e-08 0.00101177 0.00209428 2.36399e-06 4.97969e-05 0.11538 3.06554e-06 0.426391 1.22708e-07 0.447464 
0.0661418 0.0265391 0.0611515 0.132176 0.0681231 0.0323122 0.097029 0.00219463 0.20424 0.0302816 0.279811 
0.213288 0.00319389 0.0101235 0.0742524 0.056975 0.0381728 0.109786 0.00245388 0.180814 0.017555 0.293386 
0.105176 0.0156387 0.00807372 0.013995 0.00894234 0.0166881 0.169528 4.15512e-05 0.298713 0.00766161 0.355543 
0.0466857 0.0030629 0.0110544 0.182049 0.0865868 0.0693822 0.0427037 0.00122173 0.212757 0.0166366 0.327861 
0.171317 5.44578e-06 0.00115257 0.241528 0.0650057 1.81216e-07 0.231952 0.0109774 0.0162023 4.79349e-08 0.261859 
0.0190045 4.68273e-08 0.0524686 0.130484 0.283419 1.35691e-06 0.0375453 3.30428e-05 0.0787645 0.00551657 0.392763 
0.352302 0.00015091 0.000614328 0.0166396 0.0109864 0.00795496 0.0207214 0.000224635 0.0405323 0.0246502 0.525223 
0.22456 0.000678316 0.028638 0.0467949 0.0675699 0.0169107 0.102906 7.68428e-06 0.118732 0.0207135 0.372489 
0.0292836 0.00196593 0.0109311 0.0355698 0.0322272 0.0103334 0.025766 0.00016746 0.27472 0.00553023 0.573506 
0.00215607 4.4406e-05 0.00104607 0.0485121 0.0284295 0.0323399 0.0596081 1.29601e-08 0.140783 0.0121131 0.674968 
0.160352 0.0135647 0.0219528 0.163526 0.0743579 0.0362977 0.0438111 6.53667e-05 0.168436 0.0353663 0.282271 
0.022946 0.000543275 0.0129566 0.314305 0.0196637 0.0126562 0.0252628 1.74764e-05 0.210393 0.00462372 0.376632 
0.0791579 0.00170031 0.0113337 0.0131218 0.0342382 0.00621061 0.169568 0.00333271 0.304798 0.0064663 0.370072 
0.00119316 0.000208193 0.00286964 0.00295982 0.00236335 0.000277151 0.000740654 7.78293e-05 0.00239385 0.000198528 0.986718 
0.0818117 0.000279603 0.000720664 0.00419343 0.00301965 0.0125054 0.148094 2.78964e-06 0.260755 0.00264054 0.485977 
0.0682 0.00433116 0.0116011 0.159732 0.192992 0.0204032 0.149095 7.87712e-05 0.172957 0.0072976 0.213312 
0.0203609 0.000436576 0.00474229 0.00415123 0.19181 0.0359882 0.191693 1.4108e-06 0.151198 0.0108912 0.388728 
0.0397116 0.110079 0.0112959 0.0682604 0.0584981 0.112763 0.10284 0.000135148 0.146722 0.148712 0.200983 
0.25599 0.00130509 0.00982633 0.0217128 0.156683 0.0237757 0.166443 0.000103174 0.0919289 0.004009 0.268224 
0.0595979 0.00449827 0.0188333 0.0772894 0.0638571 0.0282835 0.0780364 0.00010093 0.30816 0.0229496 0.338394 
0.124162 1.5711e-06 6.59233e-05 0.142695 0.0604044 0.00517102 0.0520035 0.000527195 0.0437738 1.61381e-05 0.571179 
0.0423286 0.00968836 0.00522736 0.106322 0.04195 0.11822 0.170362 0.000675909 0.201157 0.0491855 0.254883 
0.0434948 0.0274886 0.00322867 0.0317835 0.0202126 0.0216105 0.0649989 0.000166369 0.110224 0.141245 0.535546 
0.127636 0.00353165 0.00310926 0.0740618 0.066059 0.0955681 0.0764073 0.000104007 0.232153 0.0182684 0.303101 
0.0535888 0.00901105 0.0149215 0.100322 0.09297 0.00725125 0.0917192 0.000199911 0.182046 0.00693122 0.441039 
0.0218571 0.00126356 0.0109746 0.0166935 0.220537 0.0108449 0.312457 0.000905048 0.0551669 6.47176e-05 0.349235 
0.0239977 2.52166e-05 0.0258905 0.0249157 0.264608 0.0282021 0.118768 3.60492e-05 0.19074 0.00787219 0.314944 
0.0279132 0.00417287 0.00182086 0.0723478 0.0946881 0.0146245 0.115754 3.73742e-06 0.0630232 0.0215716 0.58408 
0.0404385 0.0145046 0.0396284 0.0748735 0.0744112 0.10391 0.182931 0.000359091 0.19997 0.0186107 0.250364 
0.0201927 0.00935995 0.0099483 0.00864345 0.0418442 0.00804604 0.241185 0.00018788 0.211922 0.00437182 0.444299 
0.00197293 2.81841e-05 0.000358784 0.117905 0.00595797 0.0332677 0.0071872 2.3259e-05 0.0205975 0.0679148 0.744786 
0.271128 0.0071558 0.0386118 0.0229632 0.0670652 0.0797375 0.141833 2.77306e-05 0.0457991 0.0264057 0.299273 
0.166725 0.000391745 0.0143373 0.0343965 0.0551588 0.0377402 0.155678 0.00394339 0.212744 0.0144292 0.304455 
0.0449191 0.000111378 0.0532819 0.151778 0.132445 0.0239215 0.167351 0.000341448 0.137428 0.0105278 0.277895 
0.152136 0.0310385 0.0295509 0.124582 0.0405578 0.0365186 0.143075 0.00023684 0.139164 0.0313844 0.271756 
0.0522936 0.000398318 0.0077969 0.0762738 0.0442864 0.00919403 0.158563 0.0001724 0.209314 0.000899738 0.440808 
0.134715 0.0259266 0.023538 0.0346649 0.0827753 0.0239821 0.179142 1.79472e-05 0.186496 0.030818 0.277923 
0.0576651 0.0100841 0.0108109 0.0623905 0.0677466 0.0250207 0.0847683 8.71721e-05 0.141949 0.0194589 0.520018 
0.0718649 0.0188703 0.0216563 0.087857 0.0604319 0.0190019 0.0407817 0.000129826 0.0852674 0.0198758 0.574263 
0.0278455 0.000647577 0.00224864 0.113622 0.0462361 0.00992361 0.0333073 2.62853e-05 0.0381936 0.00572597 0.722224 
0.0474057 0.0001791 0.0187517 0.0699278 0.0860828 0.00430129 0.135822 1.04523e-05 0.269569 0.00255798 0.365392 
0.130243 0.0100425 0.020854 0.10106 0.0807653 0.0733402 0.0957867 0.000698493 0.209618 0.0418597 0.235733 
0.0278807 0.0288996 0.0166779 0.032025 0.12492 0.0559132 0.191339 4.33498e-05 0.12274 0.00946204 0.390099 
0.13449 0.0629822 0.00637136 0.140012 0.0439048 0.065328 0.0478945 0.000349053 0.149706 0.0251834 0.323779 
0.0391625 0.00293145 0.00926579 0.0283335 0.0296553 0.0200845 0.0533666 4.37141e-05 0.138464 0.0816209 0.597072 
0.0895049 2.33981e-05 0.00325043 0.131747 0.146084 0.0315489 0.156792 0.000178482 0.195279 0.0071924 0.2384 
0.0133927 0.00497811 0.00396039 0.0819189 0.0782219 0.000488117 0.265188 0.00224737 0.0348479 0.00301967 0.511737 
0.049275 0.000212047 0.0163325 0.273403 0.128468 0.0171334 0.0676924 0.000459118 0.111008 0.0224926 0.313524 
0.0305609 0.000798157 0.0106036 0.271582 0.0865268 0.00758538 0.104502 0.00224079 0.174251 0.0189263 0.292423 
0.00927978 0.00137309 3.97387e-07 0.0901197 0.00375124 0.0160397 0.0516758 1.55182e-08 0.141906 0.0270355 0.658819 
0.0213668 0.000238758 0.022105 0.0567127 0.0931921 0.0123871 0.195989 0.000212789 0.213494 0.00797424 0.376328 
0.0843986 0.0292895 0.017814 0.0648029 0.0779738 0.119184 0.0844932 3.54796e-05 0.154191 0.0206105 0.347207 
0.0749532 1.6412e-05 0.0220387 0.038489 0.150788 0.0035825 0.281967 0.000104213 0.132662 0.00558029 0.289818 
0.0884803 0.00060994 0.0199666 0.102032 0.0535191 0.00834054 0.153232 0.00234052 0.271909 0.0108397 0.28873 
0.0971478 0.0197239 0.0198097 0.0446255 0.0577526 0.0495663 0.113969 1.41956e-05 0.175129 0.0507332 0.371529 
0.0758544 7.25801e-05 0.0043258 0.0947339 0.0406957 0.00930957 0.0731381 0.0170125 0.0873762 0.0448317 0.55265 
0.00149401 0.00322914 0.00365516 0.0014533 0.00184189 0.00205934 0.00169865 0.00303346 0.00198299 0.00232871 0.977223 
0.2152 0.0184741 0.018958 0.0169084 0.0173449 0.0631946 0.0449014 6.35655e-05 0.221272 0.00930025 0.374382 
0.0632202 0.00727844 0.0115454 0.0440118 0.075487 0.00482681 0.0393244 0.0148925 0.0866768 0.00871453 0.644022 
0.0827188 7.61411e-05 0.0081277 0.0537674 0.181166 0.00118607 0.100092 0.000420186 0.0633912 0.00753745 0.501517 
0.141983 0.000694434 0.00651139 0.202961 0.0156771 0.0330321 0.0718009 6.87303e-05 0.175239 0.136764 0.215268 
0.0597435 0.000482257 0.0160273 0.188582 0.0714172 0.0303446 0.0846248 0.000699899 0.206428 0.013951 0.327699 
0.0462307 1.65362e-05 0.0788916 0.165348 0.121466 0.0126741 0.11411 0.000598672 0.129609 0.00693811 0.324117 
0.12949 0.0454935 0.0135143 0.0732832 0.0499047 0.0346664 0.0942192 0.000435423 0.176278 0.021504 0.361211 
0.00983066 3.07886e-05 0.0130791 0.0228333 0.0317759 0.00181427 0.104611 0.000548575 0.123072 0.00496823 0.687437 
0.0181721 1.29965e-05 0.00164769 0.0590645 0.0270985 3.16385e-05 0.0198545 0.000642271 0.00683189 0.000471169 0.866173 
0.0129038 0.000304684 0.0321786 0.140811 0.0824075 0.0048657 0.0909783 3.36553e-05 0.197705 0.0104963 0.427315 
0.167106 0.0111955 0.0268036 0.0281576 0.126858 0.0558595 0.222237 1.82724e-05 0.118247 0.0177288 0.225789 
0.0569169 0.00437733 0.0261354 0.0256452 0.0746528 0.0115599 0.240765 0.000283584 0.219428 0.00755678 0.332679 
0.0112074 0.146367 0.000426613 0.00308218 1.70322e-05 0.133524 0.00376055 1.46844e-07 0.0489536 0.0348025 0.617859 
0.166725 0.000391745 0.0143373 0.0343965 0.0551588 0.0377402 0.155678 0.00394339 0.212744 0.0144292 0.304455 
0.0332163 0.00842278 0.0147628 0.0244867 0.333691 0.0109568 0.0453297 0.00311265 0.0777541 0.00649053 0.441777 
0.0637214 0.0173599 0.0174301 0.080061 0.183426 0.0475092 0.062103 5.53314e-05 0.221918 0.0371315 0.269285 
0.180667 0.00227743 0.0199179 0.0644216 0.123104 0.00897172 0.126684 0.000127718 0.146545 0.00731824 0.319966 
0.0499433 0.00529292 0.0152912 0.0155331 0.0824745 0.0335954 0.175017 0.00054819 0.255497 0.0298374 0.33697 
0.132638 0.00987766 0.00757936 0.0357106 0.0884312 0.0255662 0.059127 0.00314761 0.253938 0.0259873 0.357997 
0.0667862 0.00652995 0.0469471 0.0637046 0.169006 0.0167768 0.0693776 0.000205573 0.103937 0.0569118 0.399818 
0.114128 0.0277222 0.0126561 0.0342622 0.0418054 0.0592198 0.117713 1.0324e-05 0.15716 0.0522879 0.383035 
0.029459 0.00466307 0.00949449 0.151442 0.133297 0.0113807 0.123916 4.41141e-05 0.240525 0.00770612 0.288073 
0.185857 0.00402105 0.0236132 0.0421164 0.116921 0.0242738 0.0809932 0.00346069 0.180764 0.0122787 0.325701 
0.0891649 0.0495085 0.0119951 0.102604 0.0636042 0.00778412 0.112226 0.000376804 0.216251 0.0693101 0.277176 
0.139523 0.000122678 0.0885012 0.0715636 0.04081 0.00358429 0.0916704 3.48865e-05 0.187538 0.00119522 0.375456 
0.188597 0.0690679 0.0156044 0.152541 0.128381 0.0056479 0.110248 0.000568205 0.126023 0.00467109 0.198651 
0.0355901 0.0464269 0.0146319 0.0708969 0.033914 0.0709807 0.0619792 4.82782e-05 0.277062 0.0559134 0.332557 
0.0277196 0.029698 0.0125402 0.0503865 0.027728 0.0487751 0.0491278 4.09501e-05 0.21367 0.129027 0.411287 
0.285209 7.53433e-05 0.00247725 0.0488034 0.184912 0.0121843 0.096944 1.97707e-06 0.0175802 0.00178513 0.350027 
0.0286018 7.15184e-06 0.000529745 0.0295449 0.101969 0.00504706 0.326208 1.52317e-07 0.0996319 1.34985e-08 0.40846 
0.0256624 6.74189e-06 0.0109758 0.00968549 0.0558572 0.0126713 0.223348 0.00017157 0.235451 0.000269063 0.425902 
0.0656444 0.0177092 0.00962197 0.0635043 0.0487355 0.0571058 0.20173 3.53731e-05 0.220234 0.0267138 0.288966 
0.00940146 6.96705e-06 0.00199725 0.000919805 0.12116 0.0271183 0.185992 4.36268e-05 0.0865602 0.000202829 0.566598 
0.0438937 0.0724072 0.0023715 0.0381073 0.0172535 0.0645248 0.0833414 0.0121555 0.229726 0.0399578 0.396261 
0.196043 0.0107236 0.0556371 0.0605338 0.112004 0.0275782 0.0987629 0.000509262 0.189701 0.00989564 0.238611 
0.0095568 0.00058581 0.0333611 0.137818 0.022911 0.012947 0.0180829 0.000147966 0.350627 0.00240748 0.411555 
0.0257692 0.0118432 0.00828447 0.022212 0.161532 0.0473203 0.141897 8.24302e-05 0.168906 0.0664792 0.345674 
0.0639216 0.0028279 0.0344454 0.0480401 0.0855879 0.0150634 0.209615 0.00288587 0.227154 0.0136848 0.296774 
0.0493349 0.0194321 0.0350735 0.0521704 0.0647625 0.0220535 0.239832 0.00180597 0.160027 0.00852873 0.346979 
0.0299702 0.0472284 0.0243057 0.187995 0.0088869 0.0354399 0.126487 0.000239896 0.18695 0.0890335 0.263464 
0.0397116 0.110079 0.0112959 0.0682604 0.0584981 0.112763 0.10284 0.000135148 0.146722 0.148712 0.200983 
0.16825 0.00568813 0.0294326 0.0483008 0.0771313 0.0248776 0.150245 8.44653e-05 0.230019 0.00630854 0.259662 
0.0346939 0.0221554 0.017145 0.0226144 0.0447332 0.0636225 0.0940471 2.56988e-06 0.161079 0.057766 0.48214 
0.0242336 0.000113617 0.0204839 0.138584 0.0492864 0.0199459 0.0804069 0.000276209 0.116281 0.00385849 0.54653 
0.125508 0.0321922 0.00893895 0.0565203 0.0423808 0.057666 0.143057 0.00349781 0.211882 0.0622797 0.256077 
0.0583674 0.00281317 0.0125145 0.112688 0.0320493 0.0235183 0.0696826 0.000304222 0.235384 0.0172845 0.435394 
0.149165 0.000427851 0.0338502 0.0400996 0.101385 0.0447954 0.148115 5.60589e-05 0.0777983 0.0133692 0.390938 
0.0205436 0.000505187 0.00896199 0.0549748 0.142919 0.0201623 0.0125608 2.07002e-07 0.218178 0.00836116 0.512833 
0.0192425 0.014977 0.00516917 0.119714 0.0319926 0.123286 0.0726935 3.12905e-06 0.174983 0.0156165 0.422323 
0.0178243 3.48044e-05 0.0341815 0.0329927 0.0808285 0.00552684 0.141923 1.8671e-05 0.062718 0.000254151 0.623698 
0.0876263 0.00223717 0.0138133 0.0352264 0.0728223 0.013485 0.144916 8.33084e-05 0.153962 0.00719209 0.468636 
0.0306419 0.0452086 0.00168118 0.0665583 0.0445596 0.0528238 0.0439866 2.3406e-05 0.119418 0.0194741 0.575625 
