0.00739593 0.000357668 0.701665 0.0138296 0.108973 0.00705338 0.0572131 2.38303e-05 0.0422811 0.0566367 0.00457084 
0.0073761 0.000243512 0.848232 0.0116834 0.0679695 0.0117084 0.0119384 0.000165938 0.0141831 0.00222981 0.0242702 
0.00946686 0.00131476 0.470141 0.0336562 0.210772 0.00687162 0.095527 5.12056e-06 0.135536 0.0126163 0.024093 
0.0073761 0.000243512 0.848232 0.0116834 0.0679695 0.0117084 0.0119384 0.000165938 0.0141831 0.00222981 0.0242702 
0.0073761 0.000243512 0.848232 0.0116834 0.0679695 0.0117084 0.0119384 0.000165938 0.0141831 0.00222981 0.0242702 
0.258075 7.9832e-06 0.268156 0.00312142 0.16343 0.00213773 0.230354 8.48879e-05 0.0262942 0.000153726 0.0481846 
0.0089305 0.000408415 0.677456 0.0146464 0.12678 0.00247447 0.0747188 0.000375816 0.0830409 0.0055926 0.00557603 
0.00501716 6.07964e-05 0.736037 0.027093 0.111086 0.000750433 0.043257 0.000308405 0.0578549 0.000161229 0.0183735 
0.0241296 0.000498426 0.533198 0.0158782 0.176642 0.00628315 0.0965596 0.00473288 0.121667 0.0120696 0.00834125 
0.00620978 0.000184088 0.755059 0.0151063 0.0919895 0.00320291 0.0538948 9.22895e-05 0.0556126 0.0146526 0.00399592 
0.0370315 0.00291193 0.428583 0.0144294 0.042929 0.05329 0.0940929 0.000232742 0.285891 0.0128808 0.0277277 
0.0257715 0.00242174 0.257204 0.125327 0.249967 0.0119198 0.096861 0.00464794 0.175962 0.0171327 0.0327851 
0.00807357 0.00032578 0.581059 0.0763591 0.155356 0.00994953 0.0440911 0.000257802 0.0868119 0.0285139 0.00920209 
0.0641042 0.000453447 0.206395 0.0719255 0.177374 0.00426158 0.139183 0.000245681 0.124226 0.200912 0.0109193 
0.00398709 1.56017e-05 0.707875 0.00465741 0.164099 0.00137744 0.0759234 6.02559e-05 0.0326744 0.00770716 0.00162365 
0.051263 0.000155689 0.436832 0.00631273 0.363193 0.00161176 0.0572133 0.000349802 0.0650906 0.0137296 0.0042485 
0.00967988 0.000422741 0.581814 0.0167375 0.164943 0.00246137 0.105458 0.000372844 0.105781 0.00563129 0.00669684 
0.0983418 0.00157291 0.294013 0.0622485 0.137296 0.0168976 0.258948 0.000980746 0.0950739 0.00712934 0.0274982 
0.125686 0.0147226 0.311413 0.0205153 0.113518 0.159743 0.149289 0.000202751 0.0795628 0.0104209 0.0149274 
0.0274728 0.00456732 0.233755 0.185897 0.182407 0.042593 0.0733817 0.000371392 0.222516 0.00737159 0.0196675 
0.0283664 0.00095411 0.400624 0.0108423 0.28846 0.0254646 0.133536 0.000113423 0.0942702 0.00876715 0.00860168 
0.067427 0.0051176 0.34491 0.0550065 0.101846 0.0180843 0.21025 0.000333101 0.172711 0.00916765 0.0151468 
0.0465503 0.0101429 0.505001 0.0303694 0.0272357 0.0427869 0.0364095 0.000244035 0.223272 0.0158261 0.0621618 
0.0340529 0.00250063 0.265287 0.244274 0.0490557 0.0655614 0.141343 8.5304e-05 0.165682 0.0155836 0.0165742 
0.0128278 0.000131584 0.420929 0.0835181 0.24402 0.00476586 0.0437148 0.00112644 0.110635 0.0734429 0.00488862 
0.0486843 0.00329929 0.350521 0.163034 0.124867 0.0837702 0.0875382 3.71779e-06 0.0800825 0.00932274 0.0488768 
0.0073761 0.000243512 0.848232 0.0116834 0.0679695 0.0117084 0.0119384 0.000165938 0.0141831 0.00222981 0.0242702 
0.00180676 3.16031e-05 0.682266 0.0225341 0.174628 0.0111475 0.0320474 1.18118e-05 0.0572375 0.012321 0.00596859 
0.0233978 1.96212e-05 0.732874 0.0116113 0.0859286 0.00317947 0.0659846 1.31381e-05 0.070036 0.00385446 0.00310098 
0.0153348 0.000109678 0.43337 0.0172639 0.388178 0.0240666 0.0530246 1.4239e-05 0.0483494 0.00617564 0.0141137 
0.0631297 0.00131107 0.441713 0.0227035 0.219641 0.0434854 0.140843 0.000375077 0.0555386 0.00444473 0.00681458 
0.0342756 0.00186622 0.408507 0.102869 0.132694 0.0215539 0.0807052 0.000326223 0.181189 0.0114607 0.0245538 
0.0273377 0.000158791 0.706086 0.0116042 0.109641 0.0048359 0.0612367 0.000178857 0.069138 0.00561242 0.00417024 
0.0167755 1.88639e-05 0.486439 0.0193208 0.221706 0.015715 0.113753 3.81404e-05 0.100355 0.00738305 0.0184958 
0.0043905 2.025e-05 0.650856 0.00592408 0.210281 0.00130742 0.0743173 2.25196e-05 0.0401676 0.00737563 0.00533773 
0.0171705 0.00196415 0.546435 0.0306314 0.177061 0.011603 0.0566052 0.000288947 0.113485 0.0169282 0.0278279 
0.0230821 0.002547 0.426118 0.098632 0.217166 0.00972327 0.0666208 0.000571752 0.116136 0.00975137 0.0296517 
0.149109 1.33319e-05 0.317403 0.00631526 0.235219 0.00241851 0.211292 8.81196e-05 0.0679232 0.00358005 0.00663841 
0.0474819 0.00276748 0.368612 0.130425 0.0979146 0.0172254 0.0727839 0.00017125 0.156959 0.0880781 0.017581 
0.0148547 0.00103519 0.420033 0.057181 0.311601 0.00296784 0.0356291 0.0591333 0.0522212 0.020487 0.0248566 
0.021522 0.00297072 0.589573 0.0139251 0.115113 0.00546296 0.184288 0.000249851 0.0534824 0.00247828 0.0109349 
0.0089305 0.000408415 0.677456 0.0146464 0.12678 0.00247447 0.0747188 0.000375816 0.0830409 0.0055926 0.00557603 
0.0301023 8.20953e-05 0.355556 0.00894839 0.330343 0.0264382 0.146787 0.000149277 0.0884426 0.00716341 0.00598798 
0.0606163 0.000271813 0.280159 0.0679489 0.171714 0.0122158 0.19208 0.000151811 0.173047 0.0182175 0.0235771 
0.0662765 0.0578882 0.278455 0.027581 0.138963 0.0686474 0.133357 0.000225711 0.171912 0.0193396 0.0373541 
0.0493969 3.5496e-06 0.449182 0.0034238 0.386082 0.000630726 0.0495955 9.1845e-07 0.0507023 0.00878615 0.00219567 
0.0668631 0.00415572 0.359188 0.0339702 0.172659 0.00463611 0.199877 0.000326436 0.113573 0.0327634 0.0119885 
0.0383549 0.000176521 0.348189 0.0662556 0.246581 0.0551282 0.114711 0.00024742 0.116676 0.00644344 0.00723647 
0.0114798 0.00173798 0.365679 0.160151 0.291512 0.00621138 0.0686061 0.000641223 0.060043 0.00886261 0.0250761 
0.0174473 0.00122931 0.488004 0.0241434 0.307315 0.00805203 0.045396 7.81846e-05 0.0619091 0.00361942 0.0428059 
0.0241296 0.000498426 0.533198 0.0158782 0.176642 0.00628315 0.0965596 0.00473288 0.121667 0.0120696 0.00834125 
0.0616262 0.000305803 0.441065 0.04021 0.134615 0.0326378 0.0676701 0.00028642 0.153548 0.0133831 0.0546524 
0.0143127 3.84596e-05 0.51041 0.0589467 0.195946 0.0726344 0.0638412 0.000109135 0.0516426 0.0241954 0.00792416 
0.0230426 0.00118042 0.638373 0.0253286 0.144986 0.0127916 0.0750193 0.000335406 0.0568141 0.0127976 0.00933116 
0.0236927 0.000137621 0.733199 0.0107324 0.105887 0.00422354 0.0530718 0.000160053 0.0604175 0.0048641 0.00361421 
0.00713454 1.59504e-05 0.535601 0.0186413 0.191494 0.00219015 0.0510869 6.82079e-09 0.163651 0.0122938 0.0178911 
0.00838205 0.000405356 0.673547 0.0150614 0.112826 0.00795777 0.0648415 2.6624e-05 0.0475834 0.0641883 0.00518028 
0.0455524 0.00013916 0.637588 0.0165724 0.0935994 0.00586755 0.0858663 0.000288723 0.0893321 0.00164357 0.0235504 
0.0455524 0.00013916 0.637588 0.0165724 0.0935994 0.00586755 0.0858663 0.000288723 0.0893321 0.00164357 0.0235504 
0.00433311 3.61777e-05 0.379542 0.0530282 0.373072 0.0072643 0.033469 3.87181e-07 0.0495481 0.061686 0.0380208 
0.00256747 0.000230344 0.44343 0.148616 0.156357 0.0174202 0.155758 0.000363258 0.0624325 0.00774063 0.00508572 
0.0310071 0.00162712 0.361348 0.203464 0.191838 0.00495278 0.0644251 0.00175791 0.127178 0.00433645 0.00806541 
0.0186504 0.00603135 0.630289 0.0181888 0.106718 0.0256491 0.0742795 0.000421801 0.0830598 0.0282347 0.00847658 
0.0319506 0.00296228 0.449919 0.049719 0.106736 0.0368788 0.143426 0.000535205 0.0973601 0.0207811 0.0597317 
0.0668631 0.00415572 0.359188 0.0339702 0.172659 0.00463611 0.199877 0.000326436 0.113573 0.0327634 0.0119885 
0.0262729 0.0108679 0.604753 0.020595 0.0795675 0.0624067 0.0617469 0.000320199 0.0705666 0.0523536 0.0105494 
0.0447267 3.20065e-06 0.24438 0.183605 0.18933 0.12023 0.0371702 0.00139634 0.0852078 0.0465319 0.0474197 
0.00128774 1.32164e-06 0.474565 0.0223173 0.383829 0.000281582 0.0618583 4.55382e-05 0.051863 0.000120304 0.00383099 
0.0269461 0.00282866 0.479816 0.0606643 0.147531 0.0169251 0.1176 0.000846724 0.118249 0.0143574 0.0142368 
0.0111949 2.25219e-05 0.552905 0.035867 0.184671 0.00390117 0.0729487 9.22935e-05 0.117173 0.00444204 0.0167825 
0.0370036 0.000152039 0.609695 0.0182634 0.185142 0.00764283 0.0770429 0.000188226 0.0469883 0.00504187 0.0128399 
0.0157638 0.00379179 0.361852 0.103161 0.288221 0.0131046 0.0699071 0.000198862 0.115864 0.0114162 0.0167195 
0.0258708 0.00191841 0.6823 0.0164324 0.10876 0.0343883 0.0543514 0.000145473 0.0373221 0.00650769 0.0320032 
0.0169753 0.000438014 0.418779 0.0126577 0.363091 0.0325358 0.0702242 0.000145239 0.0696721 0.0101744 0.00530661 
0.0073761 0.000243512 0.848232 0.0116834 0.0679695 0.0117084 0.0119384 0.000165938 0.0141831 0.00222981 0.0242702 
0.0283664 0.00095411 0.400624 0.0108423 0.28846 0.0254646 0.133536 0.000113423 0.0942702 0.00876715 0.00860168 
0.0079572 0.00282376 0.692462 0.0410808 0.102562 0.00868185 0.0547541 0.000211939 0.0693422 0.00783403 0.0122897 
0.0142626 3.12096e-05 0.429532 0.00970499 0.383257 0.0282792 0.0647828 2.28578e-05 0.0586726 0.00785969 0.00359563 
0.0283664 0.00095411 0.400624 0.0108423 0.28846 0.0254646 0.133536 0.000113423 0.0942702 0.00876715 0.00860168 
0.0089305 0.000408415 0.677456 0.0146464 0.12678 0.00247447 0.0747188 0.000375816 0.0830409 0.0055926 0.00557603 
0.0366916 0.000116281 0.610257 0.00690375 0.186689 0.0052 0.111125 0.00025875 0.0239796 0.00276572 0.0160128 
0.0335335 0.000820602 0.316784 0.126083 0.218714 0.0258788 0.113766 0.00252705 0.0853716 0.0143668 0.0621551 
0.0073761 0.000243512 0.848232 0.0116834 0.0679695 0.0117084 0.0119384 0.000165938 0.0141831 0.00222981 0.0242702 
0.0142626 3.12096e-05 0.429532 0.00970499 0.383257 0.0282792 0.0647828 2.28578e-05 0.0586726 0.00785969 0.00359563 
0.0157694 0.00986326 0.521286 0.0320867 0.120429 0.14199 0.0495569 0.000272785 0.0849231 0.0106556 0.013167 
0.0317291 8.12146e-06 0.674622 0.00829806 0.131376 0.00551785 0.0765049 3.24985e-06 0.0652951 0.00373095 0.00291507 
0.0139093 0.000580099 0.576685 0.00277226 0.357776 0.00150511 0.0388873 4.83506e-05 0.00183702 0.00462839 0.0013705 
0.0768035 0.000161347 0.247969 0.15505 0.178112 0.0248019 0.137793 0.000208483 0.138984 0.0179413 0.0221762 
0.0436326 0.00842743 0.550371 0.0269062 0.048369 0.0405492 0.0521874 0.000281048 0.151011 0.0108009 0.0674647 
0.00321394 1.33532e-05 0.642368 0.0121082 0.217007 0.000524465 0.0772952 0.000145654 0.0423323 0.0028945 0.00209759 
0.0114715 0.00911674 0.736647 0.0260127 0.0994559 0.00320663 0.0480574 0.000238035 0.0435188 0.012903 0.00937268 
0.0109884 0.000109916 0.424868 0.0033712 0.329803 0.00153157 0.177803 0.000238144 0.0237656 0.000400038 0.0271214 
0.0079572 0.00282376 0.692462 0.0410808 0.102562 0.00868185 0.0547541 0.000211939 0.0693422 0.00783403 0.0122897 
0.00739593 0.000357668 0.701665 0.0138296 0.108973 0.00705338 0.0572131 2.38303e-05 0.0422811 0.0566367 0.00457084 
0.0212998 0.000202197 0.329586 0.0464362 0.17176 0.0130982 0.199661 0.00188673 0.194434 0.0136478 0.00798762 
0.0111949 2.25219e-05 0.552905 0.035867 0.184671 0.00390117 0.0729487 9.22935e-05 0.117173 0.00444204 0.0167825 
0.0343991 0.000107225 0.329243 0.0436139 0.165766 0.0358068 0.248831 7.95359e-05 0.0797394 0.00975891 0.052655 
0.0470026 0.000465132 0.389143 0.038178 0.252673 0.00848915 0.116949 0.000421811 0.117686 0.00510228 0.0238896 
0.00294619 6.60145e-05 0.497082 0.00866035 0.385297 0.00271032 0.0334421 0.000444073 0.0373053 0.00498454 0.0270621 
0.00400832 0.000118988 0.66111 0.0457418 0.155078 0.00428864 0.0695405 0.00196794 0.0486953 0.00525632 0.00419412 
0.031826 0.0030471 0.527223 0.0553392 0.118618 0.019236 0.101647 0.00165221 0.111288 0.0115321 0.0185919 
0.0073761 0.000243512 0.848232 0.0116834 0.0679695 0.0117084 0.0119384 0.000165938 0.0141831 0.00222981 0.0242702 
0.00216997 1.25235e-05 0.738734 0.00495983 0.153992 0.000609915 0.0626226 2.94621e-06 0.0306014 0.00499915 0.00129588 
0.0262729 0.0108679 0.604753 0.020595 0.0795675 0.0624067 0.0617469 0.000320199 0.0705666 0.0523536 0.0105494 
0.0249895 0.00307035 0.5199 0.0732741 0.112109 0.0140861 0.0826 0.000210305 0.130254 0.0146898 0.0248163 
0.00739593 0.000357668 0.701665 0.0138296 0.108973 0.00705338 0.0572131 2.38303e-05 0.0422811 0.0566367 0.00457084 
0.0247757 0.00268405 0.488523 0.0625943 0.129343 0.019427 0.115487 0.000367606 0.12927 0.0123548 0.0151728 
0.223738 0.000611949 0.224805 0.03797 0.160692 0.0362725 0.0329158 6.70419e-05 0.184902 0.0332278 0.0647981 
0.0261985 0.00427702 0.52054 0.0382247 0.11662 0.0175593 0.0816429 0.00024563 0.157801 0.0104516 0.0264393 
0.023969 0.0023509 0.420033 0.107735 0.172387 0.0153877 0.0738117 0.000389718 0.126758 0.0270312 0.0301471 
0.0325426 0.00046476 0.378131 0.0294683 0.279906 0.0247601 0.0988738 0.000324015 0.0966639 0.0278134 0.0310527 
0.0131505 0.00189253 0.710577 0.0386023 0.115368 0.0139246 0.0603694 0.000194037 0.0317005 0.00314626 0.011075 
0.0253944 0.0012849 0.399744 0.0592323 0.323891 0.00676533 0.0918341 0.000347679 0.0776742 0.00519924 0.00863269 
0.0258146 0.002269 0.45044 0.0437084 0.151286 0.0224729 0.0946474 0.044362 0.131243 0.0161156 0.0176409 
0.0109884 0.000109916 0.424868 0.0033712 0.329803 0.00153157 0.177803 0.000238144 0.0237656 0.000400038 0.0271214 
0.0398658 0.000182015 0.522782 0.0532098 0.182194 0.00138587 0.0934094 0.000407164 0.0727401 0.00408412 0.0297393 
0.0313055 0.00430114 0.380835 0.0741943 0.215833 0.0124811 0.115107 0.000942949 0.129899 0.0193209 0.0157795 
0.00666761 4.64703e-05 0.699444 0.0123449 0.109198 0.00616989 0.0601364 6.50041e-07 0.0389167 0.0633496 0.00372654 
0.0418772 0.00729103 0.557541 0.0260475 0.0701222 0.0252381 0.187653 0.000104585 0.058196 0.00980486 0.0161249 
0.0241665 0.000197328 0.730503 0.0321213 0.0747155 0.00457094 0.0570875 0.000196887 0.0666942 0.00596735 0.0037795 
0.0024377 3.0753e-05 0.443346 0.12932 0.0590186 0.00119296 0.00659355 1.56131e-05 0.00132594 0.000232775 0.356486 
0.0109884 0.000109916 0.424868 0.0033712 0.329803 0.00153157 0.177803 0.000238144 0.0237656 0.000400038 0.0271214 
0.0374203 0.00530843 0.620817 0.0200197 0.103275 0.0157069 0.0803204 0.000330449 0.0751279 0.00810997 0.0335636 
0.00300536 0.000217811 0.624902 0.00528666 0.256756 0.00365303 0.051897 0.000208603 0.0343062 0.0147685 0.00499889 
0.0250894 0.00197286 0.460891 0.0542703 0.156746 0.10292 0.0898733 0.000392382 0.0877674 0.00773234 0.0123451 
0.0131505 0.00189253 0.710577 0.0386023 0.115368 0.0139246 0.0603694 0.000194037 0.0317005 0.00314626 0.011075 
0.029881 0.000362772 0.553994 0.0798377 0.0935978 0.0173267 0.0532394 0.00027684 0.0954437 0.00860449 0.0674353 
0.0154538 0.00646071 0.284747 0.0268258 0.139558 0.278054 0.177857 0.000170914 0.0490626 0.0147615 0.00704869 
0.048646 0.00401591 0.445597 0.0334991 0.130852 0.0316866 0.175122 0.000313535 0.107989 0.0088867 0.0133926 
0.00801886 3.07019e-05 0.642601 0.0142995 0.152204 0.00152029 0.0848568 0.000102338 0.0874859 0.00427411 0.00460623 
0.0270489 0.00179332 0.312491 0.0630165 0.134033 0.00649107 0.292845 0.00033316 0.136933 0.00409209 0.0209223 
0.0689437 0.00746309 0.552866 0.0316787 0.0565586 0.0215255 0.148351 0.000323181 0.0824268 0.0187789 0.0110839 
0.0148547 0.00103519 0.420033 0.057181 0.311601 0.00296784 0.0356291 0.0591333 0.0522212 0.020487 0.0248566 
0.0241665 0.000197328 0.730503 0.0321213 0.0747155 0.00457094 0.0570875 0.000196887 0.0666942 0.00596735 0.0037795 
0.0325458 0.000340573 0.526293 0.0095467 0.202969 0.00729594 0.0968409 0.000319771 0.0964929 0.0204299 0.00692549 
0.0461399 0.00699887 0.481062 0.0214022 0.0603308 0.0390535 0.158513 0.000224717 0.15306 0.0138255 0.0193893 
0.0455524 0.00013916 0.637588 0.0165724 0.0935994 0.00586755 0.0858663 0.000288723 0.0893321 0.00164357 0.0235504 
0.0309724 0.00222227 0.524028 0.135387 0.104762 0.0133641 0.0346033 0.000220442 0.114227 0.00449563 0.0357178 
0.00265992 0.00207335 0.447121 0.257726 0.0859553 0.00256742 0.00844802 7.05071e-05 0.174537 0.00637752 0.0124634 
0.00501716 6.07964e-05 0.736037 0.027093 0.111086 0.000750433 0.043257 0.000308405 0.0578549 0.000161229 0.0183735 
0.0357073 0.00320531 0.415852 0.0594094 0.242022 0.00547471 0.14263 0.000264328 0.0537656 0.00051045 0.0411592 
0.0639903 0.000413507 0.444819 0.0120437 0.0667528 0.00607713 0.297172 0.000380925 0.0969093 0.00333088 0.0081105 
0.0131827 0.00692826 0.488022 0.122173 0.0783571 0.00418193 0.0400207 0.000173778 0.21915 0.00245043 0.0253603 
0.00216997 1.25235e-05 0.738734 0.00495983 0.153992 0.000609915 0.0626226 2.94621e-06 0.0306014 0.00499915 0.00129588 
0.0323849 0.00966441 0.480761 0.0370869 0.0950784 0.049677 0.0803036 0.000235373 0.137392 0.0596641 0.0177524 
0.0405414 0.000118851 0.593817 0.0288113 0.108699 0.00485545 0.106686 0.000148032 0.0859799 0.0245352 0.00580791 
0.0273377 0.000158791 0.706086 0.0116042 0.109641 0.0048359 0.0612367 0.000178857 0.069138 0.00561242 0.00417024 
0.0455524 0.00013916 0.637588 0.0165724 0.0935994 0.00586755 0.0858663 0.000288723 0.0893321 0.00164357 0.0235504 
0.0449363 0.00013063 0.423128 0.0725817 0.155723 0.0128737 0.188491 0.000334727 0.0825388 0.00483681 0.0144249 
0.026552 0.00163921 0.549802 0.0138436 0.157629 0.00542514 0.150686 0.000339489 0.0807327 0.00568239 0.0076684 
0.0601299 0.00237034 0.364585 0.0276745 0.259848 0.00329847 0.140893 0.000173067 0.0969517 0.0339858 0.01009 
0.0264211 4.65132e-05 0.325561 0.0557878 0.27396 0.0135062 0.13392 0.0013379 0.142599 0.0144203 0.0124408 
0.00294619 6.60145e-05 0.497082 0.00866035 0.385297 0.00271032 0.0334421 0.000444073 0.0373053 0.00498454 0.0270621 
0.0762054 0.000163306 0.363826 0.120724 0.194348 0.0203639 0.0973928 0.00162874 0.0977308 0.00864501 0.0189726 
0.0418772 0.00729103 0.557541 0.0260475 0.0701222 0.0252381 0.187653 0.000104585 0.058196 0.00980486 0.0161249 
0.00843989 0.000611395 0.45066 0.120325 0.276905 0.0143331 0.0349692 5.66093e-05 0.0780205 0.00630127 0.00937726 
0.0552554 0.000247079 0.312105 0.0877922 0.115844 0.00973004 0.195772 0.000557897 0.196308 0.0156464 0.0107429 
0.0370315 0.00291193 0.428583 0.0144294 0.042929 0.05329 0.0940929 0.000232742 0.285891 0.0128808 0.0277277 
0.0439054 0.0180207 0.30046 0.0904255 0.127472 0.0235708 0.111417 0.00125394 0.17413 0.0883678 0.0209782 
0.0215838 0.0024114 0.405978 0.0437852 0.290823 0.0224864 0.0903159 0.000456881 0.0946607 0.0100272 0.0174721 
0.0337379 0.0036821 0.414348 0.0768286 0.173811 0.0241586 0.131728 0.000734126 0.113111 0.0151477 0.0127128 
0.0320209 0.00709483 0.592972 0.0289014 0.0746224 0.0205008 0.155535 0.000103875 0.0624429 0.0102865 0.015519 
0.00946773 0.000561813 0.336092 0.234742 0.233715 0.00643247 0.0437496 0.00180866 0.111442 0.0131967 0.00879203 
0.0232452 0.000681213 0.451555 0.135939 0.24954 0.0122247 0.0318656 2.5714e-05 0.0673749 0.0103595 0.0171892 
0.0133312 0.000983091 0.403913 0.0504713 0.257783 0.0060407 0.0985329 0.000164034 0.129691 0.000437872 0.0386521 
0.0465503 0.0101429 0.505001 0.0303694 0.0272357 0.0427869 0.0364095 0.000244035 0.223272 0.0158261 0.0621618 
0.0236935 0.000137727 0.676614 0.0100572 0.161521 0.00419141 0.0552304 0.000155179 0.0599201 0.00486454 0.0036144 
0.0491017 0.022822 0.331019 0.0402263 0.100156 0.0480129 0.086714 0.000113348 0.219906 0.0564267 0.045502 
0.0150343 0.00111037 0.316625 0.0598981 0.255533 0.00485625 0.0522311 0.00250191 0.259059 0.00439753 0.0287529 
0.0370315 0.00291193 0.428583 0.0144294 0.042929 0.05329 0.0940929 0.000232742 0.285891 0.0128808 0.0277277 
0.018943 0.00186042 0.330735 0.0691709 0.0796059 0.0452507 0.238198 3.93858e-05 0.159569 0.0289045 0.027723 
0.0291394 0.000457892 0.322644 0.0395372 0.315545 0.0282917 0.116842 7.70379e-05 0.106556 0.0133109 0.0275994 
0.0113821 0.0014804 0.397621 0.155441 0.264933 0.00539955 0.0524723 0.000101898 0.0561835 0.00550715 0.0494782 
0.042434 0.0074249 0.232114 0.074452 0.184471 0.0155232 0.214663 0.00030958 0.165621 0.0126806 0.0503067 
0.00915538 0.000198557 0.618975 0.0702725 0.0723062 0.0136997 0.0634049 0.000886908 0.0634541 0.00341605 0.0842303 
0.0500231 0.000490846 0.629487 0.0170514 0.0949429 0.0060282 0.0861973 0.000368701 0.0886497 0.00200077 0.0247603 
0.0218241 0.0027038 0.521394 0.0484391 0.122826 0.0211897 0.129515 0.00031512 0.102133 0.0199458 0.00971372 
0.0211269 3.11471e-05 0.532846 0.017447 0.191131 0.0187495 0.13119 0.000146047 0.0503098 0.0189288 0.0180929 
0.0089305 0.000408415 0.677456 0.0146464 0.12678 0.00247447 0.0747188 0.000375816 0.0830409 0.0055926 0.00557603 
0.0073761 0.000243512 0.848232 0.0116834 0.0679695 0.0117084 0.0119384 0.000165938 0.0141831 0.00222981 0.0242702 
0.0344045 0.003235 0.335986 0.0662945 0.13182 0.0292193 0.11677 0.000656627 0.23009 0.0101019 0.0414221 
0.0360358 0.00494248 0.555602 0.0280249 0.0849905 0.0603732 0.0697899 0.000363063 0.118934 0.00679045 0.0341543 
0.0109884 0.000109916 0.424868 0.0033712 0.329803 0.00153157 0.177803 0.000238144 0.0237656 0.000400038 0.0271214 
0.00909303 2.05013e-05 0.464756 0.0139581 0.280551 0.00356656 0.115509 3.2706e-05 0.0833669 0.0196111 0.00953574 
0.011999 0.00854184 0.293149 0.203993 0.232028 0.00773548 0.0440232 4.03967e-05 0.0721657 0.00763986 0.118684 
0.0308772 0.00267904 0.495777 0.0327976 0.112351 0.0306 0.128784 0.000248789 0.104027 0.0136567 0.0482019 
0.0109884 0.000109916 0.424868 0.0033712 0.329803 0.00153157 0.177803 0.000238144 0.0237656 0.000400038 0.0271214 
0.0073761 0.000243512 0.848232 0.0116834 0.0679695 0.0117084 0.0119384 0.000165938 0.0141831 0.00222981 0.0242702 
0.0199087 0.000509709 0.499727 0.0382293 0.18408 0.0789138 0.108511 0.000895797 0.0488092 0.00634865 0.0140669 
0.0111949 2.25219e-05 0.552905 0.035867 0.184671 0.00390117 0.0729487 9.22935e-05 0.117173 0.00444204 0.0167825 
0.0465503 0.0101429 0.505001 0.0303694 0.0272357 0.0427869 0.0364095 0.000244035 0.223272 0.0158261 0.0621618 
0.0264167 0.00084187 0.427449 0.00956677 0.280668 0.0224688 0.120035 0.000100081 0.0831796 0.0216562 0.00761861 
0.0155916 0.00253236 0.482856 0.0996177 0.14467 0.0162236 0.0839661 0.00113057 0.117514 0.0122749 0.023623 
8.04561e-05 3.93634e-06 0.507792 0.265047 0.162167 4.83633e-09 0.0344479 1.23035e-09 0.0304319 1.26001e-05 1.70856e-05 
0.027961 0.00589491 0.528943 0.036518 0.112444 0.0196206 0.155034 0.000221308 0.0855771 0.0100098 0.017777 
0.0967087 0.00208687 0.425784 0.127777 0.0671439 0.0154387 0.0752509 0.00019925 0.146216 0.0252431 0.0181512 
0.00216997 1.25235e-05 0.738734 0.00495983 0.153992 0.000609915 0.0626226 2.94621e-06 0.0306014 0.00499915 0.00129588 
0.0417077 0.00929655 0.311144 0.100673 0.116741 0.0180604 0.083409 0.00931768 0.181007 0.103619 0.0250244 
0.0244818 0.00724317 0.394942 0.085814 0.176282 0.0349993 0.122401 0.000683558 0.0908346 0.0429651 0.0193545 
0.0183583 0.0010896 0.677748 0.0413375 0.107673 0.00514776 0.0562325 0.00016399 0.0671085 0.016987 0.00815364 
0.0263169 0.00306 0.560378 0.0445297 0.11428 0.0259399 0.0841262 0.000571521 0.112206 0.0151527 0.0134393 
0.030775 0.0017727 0.547355 0.0507648 0.138725 0.0418733 0.077783 0.000112385 0.0657486 0.0376653 0.00742447 
0.0325458 0.000340573 0.526293 0.0095467 0.202969 0.00729594 0.0968409 0.000319771 0.0964929 0.0204299 0.00692549 
0.015533 0.00182398 0.626983 0.0551779 0.116797 0.0069964 0.0886218 0.000568807 0.0720542 0.00650822 0.00893572 
0.012432 7.38745e-05 0.276085 0.0393579 0.216078 0.0239566 0.0409435 0.253284 0.128031 0.00124304 0.00851548 
0.0273377 0.000158791 0.706086 0.0116042 0.109641 0.0048359 0.0612367 0.000178857 0.069138 0.00561242 0.00417024 
0.0366835 0.00150546 0.415582 0.124554 0.150034 0.0147914 0.116046 0.000403948 0.111374 0.0116993 0.0173253 
0.0548935 0.000652705 0.484122 0.321758 0.0685504 0.00123945 0.0241517 8.09576e-05 0.0238433 0.0120965 0.00861224 
0.0264846 0.000375379 0.548771 0.0304559 0.123668 0.00753327 0.0680729 0.00142045 0.123965 0.0117231 0.0575306 
0.0199493 0.000631541 0.627759 0.0128742 0.136232 0.00799351 0.0778359 0.000222596 0.0683862 0.0417733 0.0063422 
0.00985515 0.000116144 0.528524 0.247582 0.0627033 0.0120887 0.0132653 0.000114643 0.101136 0.016419 0.00819494 
0.0313432 0.000296434 0.444245 0.0634685 0.316024 0.0129388 0.0236883 0.001529 0.0603203 0.00424998 0.0418963 
0.00918895 0.00931307 0.425511 0.102705 0.148988 0.0071435 0.199662 0.0152757 0.0321753 0.0376226 0.0124156 
0.107259 0.0120389 0.292835 0.0513991 0.257674 0.0257049 0.0984518 0.000191914 0.0906928 0.0196727 0.0440799 
0.052379 0.000421562 0.321362 0.0301728 0.188882 0.00866367 0.181754 0.00291598 0.183123 0.0103822 0.0199431 
0.0042311 0.000218085 0.44599 0.183692 0.242889 0.0010492 0.0361519 0.000212489 0.0531181 0.00155705 0.0308917 
0.0349908 0.00181597 0.310716 0.0639755 0.295459 0.0124595 0.0905638 0.000108464 0.140483 0.0192709 0.0301571 
0.0280492 0.00057662 0.418899 0.00829565 0.300629 0.0268784 0.109765 0.000108065 0.0844038 0.0148236 0.00757105 
0.0366916 0.000116281 0.610257 0.00690375 0.186689 0.0052 0.111125 0.00025875 0.0239796 0.00276572 0.0160128 
0.0176828 0.000267894 0.483561 0.12733 0.143077 0.0107039 0.0391179 0.000607505 0.0941415 0.0689589 0.0145511 
0.0073761 0.000243512 0.848232 0.0116834 0.0679695 0.0117084 0.0119384 0.000165938 0.0141831 0.00222981 0.0242702 
0.0145294 0.00170588 0.541562 0.111807 0.105987 0.0304149 0.0514958 0.000361985 0.113944 0.0182203 0.00997154 
0.0341401 0.000775646 0.426574 0.0567334 0.252634 0.00371455 0.14251 1.54642e-05 0.0429738 0.000114339 0.0398144 
0.0455524 0.00013916 0.637588 0.0165724 0.0935994 0.00586755 0.0858663 0.000288723 0.0893321 0.00164357 0.0235504 
0.0205703 0.00117023 0.324763 0.148218 0.235172 0.0160642 0.0565861 0.000213773 0.140406 0.0186686 0.038168 
0.0225209 0.000269422 0.418639 0.0162075 0.128576 0.103095 0.139338 0.000437742 0.158011 0.00519561 0.00771025 
0.0241665 0.000197328 0.730503 0.0321213 0.0747155 0.00457094 0.0570875 0.000196887 0.0666942 0.00596735 0.0037795 
0.0302562 0.00954511 0.289626 0.0729988 0.261411 0.002256 0.117852 0.000440728 0.195857 0.00339257 0.0163643 
0.0616262 0.000305803 0.441065 0.04021 0.134615 0.0326378 0.0676701 0.00028642 0.153548 0.0133831 0.0546524 
0.0283664 0.00095411 0.400624 0.0108423 0.28846 0.0254646 0.133536 0.000113423 0.0942702 0.00876715 0.00860168 
0.037468 9.05185e-05 0.320276 0.0071535 0.303177 0.0345286 0.175174 0.00017641 0.109594 0.0057846 0.00657693 
0.0109341 0.00338062 0.722262 0.0278533 0.112709 0.00628047 0.0374172 0.000245795 0.0489138 0.0220145 0.00798924 
0.021522 0.00297072 0.589573 0.0139251 0.115113 0.00546296 0.184288 0.000249851 0.0534824 0.00247828 0.0109349 
0.0089305 0.000408415 0.677456 0.0146464 0.12678 0.00247447 0.0747188 0.000375816 0.0830409 0.0055926 0.00557603 
0.00400832 0.000118988 0.66111 0.0457418 0.155078 0.00428864 0.0695405 0.00196794 0.0486953 0.00525632 0.00419412 
0.00269705 0.00142574 0.439148 0.0432153 0.36989 0.00559278 0.040136 0.00120567 0.0433024 0.0120887 0.0412979 
0.0283664 0.00095411 0.400624 0.0108423 0.28846 0.0254646 0.133536 0.000113423 0.0942702 0.00876715 0.00860168 
0.0176347 0.000542062 0.719893 0.0183269 0.0993137 0.00624363 0.0638168 0.000225277 0.0513932 0.0181926 0.00441844 
0.00922079 0.000156578 0.333509 0.0705171 0.295229 0.0387078 0.0766063 3.53898e-05 0.0660735 0.101142 0.00880257 
0.0465503 0.0101429 0.505001 0.0303694 0.0272357 0.0427869 0.0364095 0.000244035 0.223272 0.0158261 0.0621618 
0.0308958 0.000347918 0.437576 0.109519 0.142143 0.0122158 0.127712 0.000135298 0.119543 0.00697281 0.0129399 
0.00400832 0.000118988 0.66111 0.0457418 0.155078 0.00428864 0.0695405 0.00196794 0.0486953 0.00525632 0.00419412 
0.0328353 0.0012591 0.324642 0.0340918 0.319834 0.0103097 0.0929198 0.000472708 0.133141 0.0112763 0.039219 
0.00967988 0.000422741 0.581814 0.0167375 0.164943 0.00246137 0.105458 0.000372844 0.105781 0.00563129 0.00669684 
0.0323849 0.00966441 0.480761 0.0370869 0.0950784 0.049677 0.0803036 0.000235373 0.137392 0.0596641 0.0177524 
0.0278618 0.00221706 0.416824 0.0116354 0.271447 0.0250286 0.122601 0.00028088 0.0913771 0.0214736 0.00925446 
0.0332197 0.000109568 0.572276 0.0163535 0.148297 0.00658001 0.0606336 0.000135902 0.109978 0.00524404 0.0471737 
0.0159708 0.000205983 0.691884 0.0251045 0.163063 0.00301651 0.022652 3.94443e-05 0.0495159 0.00182716 0.0267212 
0.00745525 0.00135456 0.539127 0.0348667 0.18097 0.00578707 0.0885221 7.55298e-05 0.109829 0.00337086 0.028642 
0.0089305 0.000408415 0.677456 0.0146464 0.12678 0.00247447 0.0747188 0.000375816 0.0830409 0.0055926 0.00557603 
0.00689677 0.00253451 0.53531 0.0398052 0.169248 0.00891571 0.0856248 1.39818e-05 0.110121 0.00405992 0.0374703 
0.0089305 0.000408415 0.677456 0.0146464 0.12678 0.00247447 0.0747188 0.000375816 0.0830409 0.0055926 0.00557603 
0.037468 9.05185e-05 0.320276 0.0071535 0.303177 0.0345286 0.175174 0.00017641 0.109594 0.0057846 0.00657693 
0.00739593 0.000357668 0.701665 0.0138296 0.108973 0.00705338 0.0572131 2.38303e-05 0.0422811 0.0566367 0.00457084 
0.0323849 0.00966441 0.480761 0.0370869 0.0950784 0.049677 0.0803036 0.000235373 0.137392 0.0596641 0.0177524 
0.0435777 8.66691e-05 0.348009 0.12999 0.151077 0.138249 0.0471221 0.00232577 0.0720235 0.0624202 0.00511851 
0.0109884 0.000109916 0.424868 0.0033712 0.329803 0.00153157 0.177803 0.000238144 0.0237656 0.000400038 0.0271214 
0.00620978 0.000184088 0.755059 0.0151063 0.0919895 0.00320291 0.0538948 9.22895e-05 0.0556126 0.0146526 0.00399592 
0.0089305 0.000408415 0.677456 0.0146464 0.12678 0.00247447 0.0747188 0.000375816 0.0830409 0.0055926 0.00557603 
0.0241665 0.000197328 0.730503 0.0321213 0.0747155 0.00457094 0.0570875 0.000196887 0.0666942 0.00596735 0.0037795 
0.0472352 0.00654837 0.313247 0.0686696 0.283138 0.0111312 0.102278 0.00190717 0.132235 0.00718213 0.0264288 
0.031425 0.0018295 0.375168 0.0724237 0.155428 0.0230891 0.157743 0.00719418 0.147839 0.0148628 0.0129977 
0.0635092 4.54482e-06 0.421262 0.00440177 0.366939 0.000810818 0.0637651 9.65142e-07 0.0651879 0.0112959 0.00282279 
0.0363324 0.00706137 0.316375 0.106549 0.0905294 0.0490994 0.103317 0.000732564 0.154588 0.111544 0.0238719 
0.0120157 0.00370006 0.608006 0.0619865 0.0815703 0.00659709 0.0564124 0.000122736 0.126535 0.026545 0.0165093 
0.0138962 4.78362e-05 0.35069 0.220267 0.255642 0.00398047 0.0385421 0.000212071 0.0876883 0.00987073 0.0191626 
0.0264167 0.00084187 0.427449 0.00956677 0.280668 0.0224688 0.120035 0.000100081 0.0831796 0.0216562 0.00761861 
0.114004 0.049941 0.461685 0.0134633 0.185896 0.0195824 0.0748697 0.000324129 0.0613778 0.0041703 0.0146854 
0.0187082 0.000569413 0.442642 0.0881551 0.171681 0.032233 0.0586411 0.000305596 0.161671 0.0177476 0.00764621 
0.0214972 9.83388e-05 0.354653 0.10465 0.204102 0.0250826 0.136409 9.9032e-05 0.10732 0.0245369 0.0215516 
0.0154996 0.00438194 0.582681 0.0442612 0.112547 0.0128292 0.0828186 0.00016273 0.101691 0.0303178 0.0128099 
0.00757692 0.000161843 0.592871 0.160209 0.13426 0.000543323 0.0576063 0.000867446 0.0359959 0.0017793 0.00813009 
0.0377837 7.68686e-05 0.434758 0.112672 0.130946 0.119902 0.0408469 0.00202637 0.062429 0.0541178 0.00444054 
0.0351093 0.00314207 0.414224 0.0613264 0.240274 0.00479397 0.145932 0.000216267 0.0525365 0.000383318 0.0420623 
0.015516 0.000476482 0.413585 0.0545422 0.224754 0.0136084 0.13595 0.000252239 0.0994369 0.0184044 0.0234744 
0.0366916 0.000116281 0.610257 0.00690375 0.186689 0.0052 0.111125 0.00025875 0.0239796 0.00276572 0.0160128 
0.0423882 0.000201799 0.252526 0.205212 0.111144 0.00956781 0.193454 0.000435638 0.108132 0.0244222 0.0525167 
0.0327188 0.00191172 0.383143 0.0151679 0.276619 0.0304512 0.109591 0.0015505 0.105687 0.0298707 0.0132885 
0.0241665 0.000197328 0.730503 0.0321213 0.0747155 0.00457094 0.0570875 0.000196887 0.0666942 0.00596735 0.0037795 
0.0242392 0.00248217 0.648409 0.0281638 0.115504 0.0111421 0.0860261 0.000112768 0.0585434 0.00764836 0.0177285 
0.0383826 0.0115134 0.376731 0.0504974 0.246646 0.0132596 0.137366 0.000540361 0.105571 0.00508007 0.0144127 
0.00781574 0.000222911 0.556241 0.196428 0.185227 0.0092802 0.00943592 4.52391e-06 0.0262784 0.00100153 0.00806468 
0.0146845 0.00264898 0.494839 0.100859 0.0579557 0.0116202 0.0354907 0.0003853 0.2447 0.00495603 0.0318608 
0.00739593 0.000357668 0.701665 0.0138296 0.108973 0.00705338 0.0572131 2.38303e-05 0.0422811 0.0566367 0.00457084 
0.0455524 0.00013916 0.637588 0.0165724 0.0935994 0.00586755 0.0858663 0.000288723 0.0893321 0.00164357 0.0235504 
0.000972424 0.000269375 0.772206 0.0292858 0.127024 0.00132297 0.0360274 2.88422e-05 0.0231389 0.0091878 0.000536523 
0.0211441 0.00129137 0.349588 0.0948077 0.299008 0.00572248 0.0457289 0.0149637 0.0934009 0.0332173 0.0411269 
0.0043905 2.025e-05 0.650856 0.00592408 0.210281 0.00130742 0.0743173 2.25196e-05 0.0401676 0.00737563 0.00533773 
0.0333108 0.0057215 0.479057 0.0239153 0.15421 0.0256882 0.0985146 0.000356105 0.128617 0.037404 0.0132056 
0.0109884 0.000109916 0.424868 0.0033712 0.329803 0.00153157 0.177803 0.000238144 0.0237656 0.000400038 0.0271214 
0.027678 0.00218385 0.609335 0.0141497 0.135898 0.00961902 0.110791 0.00028878 0.0675994 0.00834414 0.0141129 
0.0333867 0.0067011 0.587105 0.0234101 0.0916901 0.0222302 0.0866601 0.000364547 0.103941 0.00672364 0.0377874 
0.00501716 6.07964e-05 0.736037 0.027093 0.111086 0.000750433 0.043257 0.000308405 0.0578549 0.000161229 0.0183735 
0.0263861 0.00345561 0.465685 0.0128917 0.150641 0.00578223 0.260906 0.000403168 0.0607669 0.00376173 0.0093214 
0.0463119 4.87757e-05 0.562614 0.0213002 0.104692 0.0108965 0.205037 0.000629218 0.0337092 0.00527984 0.00948186 
0.0283083 3.19349e-05 0.421578 0.0693032 0.169903 0.00261028 0.104555 7.82517e-05 0.168482 0.0058878 0.0292612 
0.0201994 0.000143519 0.417905 0.0177342 0.416707 0.00624342 0.0638107 7.03716e-05 0.0448387 0.00338223 0.00896623 
0.0367748 0.0041159 0.304406 0.122045 0.108924 0.027698 0.194034 0.000250482 0.134703 0.0375752 0.0294739 
0.0382692 9.85139e-05 0.324106 0.0820204 0.118698 0.150025 0.108263 3.63729e-05 0.110323 0.0480793 0.0200804 
0.0320209 0.00709483 0.592972 0.0289014 0.0746224 0.0205008 0.155535 0.000103875 0.0624429 0.0102865 0.015519 
0.0531521 0.0241297 0.278718 0.0392028 0.0990385 0.132732 0.101953 4.79078e-05 0.143916 0.102092 0.0250189 
0.0131827 0.00692826 0.488022 0.122173 0.0783571 0.00418193 0.0400207 0.000173778 0.21915 0.00245043 0.0253603 
0.0109884 0.000109916 0.424868 0.0033712 0.329803 0.00153157 0.177803 0.000238144 0.0237656 0.000400038 0.0271214 
0.01951 0.000482329 0.685982 0.00821926 0.163866 0.00772617 0.0751243 0.000301732 0.0333003 0.00161624 0.00387235 
0.0273377 0.000158791 0.706086 0.0116042 0.109641 0.0048359 0.0612367 0.000178857 0.069138 0.00561242 0.00417024 
0.0323849 0.00966441 0.480761 0.0370869 0.0950784 0.049677 0.0803036 0.000235373 0.137392 0.0596641 0.0177524 
0.0283664 0.00095411 0.400624 0.0108423 0.28846 0.0254646 0.133536 0.000113423 0.0942702 0.00876715 0.00860168 
0.00524008 1.60896e-05 0.66338 0.00459822 0.190648 0.00220899 0.0886555 2.41119e-06 0.0378274 0.00593317 0.00149008 
0.0213767 0.000242621 0.427963 0.102104 0.078188 0.0121496 0.116108 0.00183183 0.109298 0.00328491 0.127453 
0.0241665 0.000197328 0.730503 0.0321213 0.0747155 0.00457094 0.0570875 0.000196887 0.0666942 0.00596735 0.0037795 
0.0320209 0.00709483 0.592972 0.0289014 0.0746224 0.0205008 0.155535 0.000103875 0.0624429 0.0102865 0.015519 
0.0232883 0.00197 0.553822 0.0156357 0.0722054 0.0312363 0.083486 0.000168339 0.165437 0.0364802 0.0162713 
0.0543802 0.00257315 0.293883 0.0804393 0.268864 0.01154 0.109437 0.017259 0.120759 0.0138405 0.027025 
0.0864807 0.00749865 0.302206 0.0225841 0.13478 0.0862 0.21188 7.38166e-05 0.0881955 0.0164275 0.0436746 
0.0089305 0.000408415 0.677456 0.0146464 0.12678 0.00247447 0.0747188 0.000375816 0.0830409 0.0055926 0.00557603 
0.00652583 0.000998681 0.514115 0.0697286 0.128631 0.00199572 0.0573292 0.000555818 0.200872 0.00137145 0.0178766 
0.015896 0.00246502 0.312291 0.0472952 0.163174 0.00939297 0.231611 0.000198986 0.171215 0.0313499 0.0151106 
0.0225209 0.000269422 0.418639 0.0162075 0.128576 0.103095 0.139338 0.000437742 0.158011 0.00519561 0.00771025 
0.0297523 0.00272245 0.338675 0.0579877 0.296374 0.0104804 0.114391 0.00045235 0.114978 0.0114702 0.0227175 
0.00265992 0.00207335 0.447121 0.257726 0.0859553 0.00256742 0.00844802 7.05071e-05 0.174537 0.00637752 0.0124634 
0.0370315 0.00291193 0.428583 0.0144294 0.042929 0.05329 0.0940929 0.000232742 0.285891 0.0128808 0.0277277 
0.037468 9.05185e-05 0.320276 0.0071535 0.303177 0.0345286 0.175174 0.00017641 0.109594 0.0057846 0.00657693 
0.0190252 0.000639555 0.439083 0.0109423 0.266441 0.0291486 0.117912 0.000123874 0.0795143 0.028381 0.0087895 
0.0419964 0.00015885 0.318617 0.0437505 0.160744 0.0421421 0.2485 0.00022505 0.0816784 0.00748451 0.0547027 
0.0158867 3.45889e-05 0.426862 0.0335733 0.293384 0.0134418 0.0925904 0.00423986 0.0824544 0.0175579 0.0199748 
0.0272041 0.00265708 0.403207 0.0546019 0.245692 0.0244439 0.0706713 0.000615795 0.130027 0.0168115 0.0240684 
0.00545168 0.001075 0.453056 0.0900934 0.151749 0.00490809 0.0440996 0.0011902 0.228306 0.00214433 0.0179272 
0.0201739 9.82084e-05 0.541279 0.0617373 0.181107 0.0481653 0.0518644 6.25021e-05 0.0697567 0.0078805 0.0178744 
0.018918 0.0137541 0.434121 0.136808 0.147021 0.0182227 0.0542047 8.22028e-07 0.119555 0.0404342 0.0169602 
0.0377837 7.68686e-05 0.434758 0.112672 0.130946 0.119902 0.0408469 0.00202637 0.062429 0.0541178 0.00444054 
0.036456 0.000559116 0.576095 0.0128102 0.128169 0.0268328 0.105548 0.000374983 0.0920569 0.00279358 0.0183047 
0.0323849 0.00966441 0.480761 0.0370869 0.0950784 0.049677 0.0803036 0.000235373 0.137392 0.0596641 0.0177524 
0.00893977 0.00260903 0.695172 0.0289503 0.106481 0.00534947 0.0600407 0.000347217 0.0757092 0.00715779 0.0092443 
0.01951 0.000482329 0.685982 0.00821926 0.163866 0.00772617 0.0751243 0.000301732 0.0333003 0.00161624 0.00387235 
0.0325458 0.000340573 0.526293 0.0095467 0.202969 0.00729594 0.0968409 0.000319771 0.0964929 0.0204299 0.00692549 
0.00689667 0.00244803 0.733462 0.0356039 0.0888879 0.00752464 0.0474541 0.000183931 0.0600971 0.00678991 0.0106514 
0.00739593 0.000357668 0.701665 0.0138296 0.108973 0.00705338 0.0572131 2.38303e-05 0.0422811 0.0566367 0.00457084 
0.0276855 0.00497927 0.532266 0.0550954 0.0998226 0.0193811 0.130687 0.000112858 0.0967951 0.017046 0.0161297 
0.147011 0.0178641 0.316064 0.019651 0.0436395 0.0449421 0.284466 0.000295463 0.0804572 0.0235816 0.0220281 
0.0436085 0.0601354 0.258183 0.0424471 0.141556 0.132416 0.107381 1.57591e-05 0.109827 0.0823297 0.0221007 
0.00837265 2.87258e-06 0.725016 0.0120381 0.143914 0.000853842 0.00297994 4.00874e-09 0.0277 4.94904e-06 0.0791174 
0.0453378 0.00188471 0.531351 0.0277377 0.131685 0.011858 0.0879711 0.000396905 0.142697 0.0100657 0.0090157 
0.00501716 6.07964e-05 0.736037 0.027093 0.111086 0.000750433 0.043257 0.000308405 0.0578549 0.000161229 0.0183735 
0.0390811 0.00542045 0.471896 0.0215529 0.0513693 0.0492183 0.0824454 0.000336072 0.224375 0.0107768 0.043528 
0.0185875 0.000318139 0.356761 0.0115792 0.315412 0.00775934 0.163175 2.26185e-05 0.0753683 0.0393536 0.0116639 
0.0633529 0.000154922 0.458159 0.0221406 0.147085 0.0158848 0.154202 7.64077e-05 0.104668 0.0251752 0.00909988 
0.0109884 0.000109916 0.424868 0.0033712 0.329803 0.00153157 0.177803 0.000238144 0.0237656 0.000400038 0.0271214 
0.0208701 0.00313405 0.595583 0.0462943 0.130827 0.00874188 0.131095 0.000223377 0.049197 0.00293992 0.0110941 
0.038839 5.77025e-06 0.588029 0.00715656 0.176079 0.000702446 0.0705819 1.67535e-06 0.0965572 0.0207304 0.00131668 
0.0109884 0.000109916 0.424868 0.0033712 0.329803 0.00153157 0.177803 0.000238144 0.0237656 0.000400038 0.0271214 
0.00967988 0.000422741 0.581814 0.0167375 0.164943 0.00246137 0.105458 0.000372844 0.105781 0.00563129 0.00669684 
0.01951 0.000482329 0.685982 0.00821926 0.163866 0.00772617 0.0751243 0.000301732 0.0333003 0.00161624 0.00387235 
0.0073761 0.000243512 0.848232 0.0116834 0.0679695 0.0117084 0.0119384 0.000165938 0.0141831 0.00222981 0.0242702 
0.0264167 0.00084187 0.427449 0.00956677 0.280668 0.0224688 0.120035 0.000100081 0.0831796 0.0216562 0.00761861 
0.0283664 0.00095411 0.400624 0.0108423 0.28846 0.0254646 0.133536 0.000113423 0.0942702 0.00876715 0.00860168 
0.0073761 0.000243512 0.848232 0.0116834 0.0679695 0.0117084 0.0119384 0.000165938 0.0141831 0.00222981 0.0242702 
