0.0082663 0.000453228 0.086689 0.288856 0.259628 0.0262973 0.120463 0.000167253 0.189485 0.00481357 0.0148808 
0.0662908 0.00842012 0.0195189 0.244135 0.155528 0.0153716 0.179678 0.000164016 0.155017 0.016303 0.139574 
0.0273227 0.0013773 0.00917279 0.56269 0.0348501 0.00149262 0.0563565 0.0139447 0.232695 0.026036 0.0340629 
0.0371385 1.58384e-05 0.0335343 0.467792 0.136114 0.0184844 0.102732 0.000505004 0.113912 0.0113862 0.0783848 
0.0208474 0.000178563 0.0195876 0.354259 0.0812442 0.00518258 0.157736 0.000215766 0.344958 0.00252222 0.0132692 
0.0170792 0.0013294 0.0462513 0.498371 0.0978037 0.00224233 0.0742235 0.0233476 0.19935 0.0161287 0.0238727 
0.0506326 0.00655483 0.0158717 0.369809 0.0377564 0.0591921 0.0770677 7.79688e-05 0.297973 0.0238876 0.0611767 
0.0842281 0.00177828 0.0128739 0.379961 0.0834219 0.0234785 0.157207 0.000243834 0.209038 0.0142442 0.0335255 
0.0239395 0.000515294 0.0630198 0.663938 0.052299 0.00292794 0.0925162 0.000475758 0.0747557 0.0147558 0.010857 
0.0986884 9.85654e-05 0.0227398 0.30679 0.161147 0.00436211 0.14002 0.000265768 0.195054 0.00662946 0.0642048 
0.0516922 0.0250988 0.0744493 0.307009 0.102963 0.0937763 0.0360741 0.00111689 0.20465 0.0325241 0.0706463 
0.00847148 0.000523885 0.025475 0.29543 0.285849 0.00598515 0.195443 0.00169742 0.171588 0.00657622 0.00296079 
0.0317213 0.000139055 0.00303296 0.448609 0.0573423 0.00184584 0.0902472 0.000712299 0.2209 0.0102601 0.13519 
0.093005 0.000124859 0.0438819 0.260145 0.176931 0.00539603 0.0870702 0.0214528 0.155971 0.0167398 0.139282 
0.0186815 0.00913497 0.0228019 0.530105 0.0853521 0.00717557 0.0868991 0.00271524 0.218487 0.00672644 0.0119213 
0.129962 0.00260611 0.0106133 0.420991 0.0670083 0.00581412 0.134349 8.77772e-05 0.190068 0.00920762 0.0292918 
0.0202756 0.11119 0.106849 0.382457 0.0738127 0.00320528 0.0620615 0.00067238 0.116637 0.0902842 0.0325547 
0.0639449 0.00124599 0.0230364 0.434371 0.11075 0.00676009 0.0737854 0.00018701 0.252319 0.0109191 0.0226809 
0.0132252 0.00264641 0.00424329 0.691581 0.0303337 0.010847 0.0454739 5.00332e-05 0.180579 0.0130238 0.00799602 
0.0200253 0.00215914 0.0185384 0.521398 0.0273874 0.0871838 0.0633629 0.000115278 0.194481 0.0382125 0.0271368 
0.0210801 0.00612452 0.0701186 0.532297 0.0302719 0.078918 0.0325807 4.92458e-05 0.0603282 0.144641 0.0235909 
0.0218789 0.0098364 0.0434653 0.394775 0.0530915 0.0318513 0.0430042 0.000402586 0.334087 0.0557462 0.0118611 
0.0382937 0.00129903 0.0181431 0.328971 0.140553 0.0467728 0.169953 0.0874914 0.147837 0.0050941 0.0155918 
0.0131293 0.00909305 0.0141031 0.741955 0.0328172 0.0144785 0.0246651 0.00039594 0.117963 0.0136659 0.0177337 
0.038076 0.00416933 0.0150554 0.53811 0.109775 0.0107961 0.0897789 0.000167304 0.151031 0.00748234 0.0355588 
0.0131604 0.00342943 0.0481286 0.361999 0.253804 0.00413255 0.050102 0.000422129 0.244874 0.0138098 0.00613687 
0.0413045 0.00334339 0.0705455 0.289995 0.242049 0.00561299 0.183037 0.000270746 0.144655 0.0101063 0.00908107 
0.0408417 0.000152115 0.0524517 0.284534 0.116995 0.0470501 0.168327 0.00106735 0.256793 0.00664286 0.0251452 
0.0733129 0.000315887 0.0168039 0.456323 0.0890656 0.011862 0.0754022 0.00013901 0.249766 0.00919659 0.0178123 
0.152109 1.2935e-05 0.0034819 0.754643 0.0309028 0.000843891 0.017418 0.000507172 0.0330293 0.000285954 0.0067667 
0.0230504 0.00239633 0.0510008 0.340624 0.195841 0.0032344 0.161132 0.000215276 0.182063 0.0105822 0.0298601 
0.0514077 0.00142117 0.011021 0.676378 0.0675679 0.0122846 0.0671037 0.000304088 0.0755723 0.0293506 0.00758926 
0.0402437 0.00543011 0.0130324 0.426595 0.0350043 0.0623514 0.0524106 0.000121228 0.185542 0.105428 0.0738405 
0.0248035 0.0148125 0.0106081 0.273633 0.0459461 0.0221741 0.0896109 0.000252749 0.228258 0.186248 0.103652 
0.0131293 0.00909305 0.0141031 0.741955 0.0328172 0.0144785 0.0246651 0.00039594 0.117963 0.0136659 0.0177337 
0.0313805 0.0100637 0.0148578 0.376758 0.0656023 0.0435021 0.114534 0.00504123 0.250921 0.0697226 0.0176172 
0.0943043 0.00053984 0.00990871 0.351344 0.0155047 0.0072215 0.0307906 0.224176 0.239783 0.00383601 0.0225914 
0.041063 0.00585812 0.00687332 0.362897 0.0621027 0.0333116 0.0976175 0.000623877 0.360016 0.0192496 0.0103867 
0.0261881 3.24344e-05 0.00388098 0.709874 0.0560798 0.00143921 0.105266 8.88782e-05 0.0739682 0.0129659 0.0102165 
0.0131293 0.00909305 0.0141031 0.741955 0.0328172 0.0144785 0.0246651 0.00039594 0.117963 0.0136659 0.0177337 
0.0185845 0.00574349 0.0116259 0.268511 0.0433696 0.208196 0.0304841 1.66794e-05 0.248444 0.0176789 0.147347 
0.011864 1.27961e-05 0.0153249 0.338968 0.15199 0.00476656 0.0602351 0.000294514 0.317054 0.00290209 0.0965883 
0.0495346 0.00417885 0.0131669 0.409631 0.108713 0.01592 0.11505 0.000282142 0.234266 0.0277879 0.02147 
0.0248996 0.0759986 0.0436869 0.311268 0.0712078 0.0267586 0.0305361 2.70113e-05 0.126528 0.260082 0.0290075 
0.012383 7.46038e-05 0.03022 0.542122 0.0529226 0.108617 0.0528077 5.66144e-05 0.0757536 0.0889044 0.0361392 
0.0470201 0.00815947 0.0114121 0.389916 0.0455896 0.0772143 0.0214078 5.22856e-05 0.144125 0.0160459 0.239057 
0.0131293 0.00909305 0.0141031 0.741955 0.0328172 0.0144785 0.0246651 0.00039594 0.117963 0.0136659 0.0177337 
0.0284607 0.000489964 0.0679525 0.410343 0.0510727 0.0029306 0.0675265 0.00152618 0.356679 0.00282149 0.0101974 
0.0131293 0.00909305 0.0141031 0.741955 0.0328172 0.0144785 0.0246651 0.00039594 0.117963 0.0136659 0.0177337 
0.0111336 4.67505e-05 0.00947723 0.762062 0.0321539 0.00126523 0.0493519 0.0240063 0.10381 0.00156628 0.00512697 
0.0131293 0.00909305 0.0141031 0.741955 0.0328172 0.0144785 0.0246651 0.00039594 0.117963 0.0136659 0.0177337 
0.0469627 0.0079677 0.00667778 0.593742 0.0357015 0.0029141 0.0580189 5.47282e-05 0.187259 0.0569183 0.00378359 
6.12256e-12 0.000465945 0.0692197 0.908779 0.0167586 1.1264e-11 9.20534e-08 6.38894e-09 0.00364725 0.000335265 0.000794485 
0.022911 0.00375627 0.0126631 0.662238 0.031066 0.157639 0.0198199 6.92708e-05 0.04583 0.0298925 0.014115 
0.0291856 0.0104992 0.00969393 0.506278 0.0429079 0.0617297 0.0189484 2.90101e-05 0.241339 0.0395248 0.0398644 
0.0605555 0.0142275 0.0102991 0.393927 0.0270496 0.133329 0.04735 0.000105479 0.12888 0.100312 0.0839647 
0.0777894 0.00708466 0.0433014 0.521203 0.09014 0.0041746 0.0413357 0.000858798 0.115865 0.0377884 0.0604599 
0.0873588 1.67066e-05 0.0146197 0.391131 0.101139 0.0120671 0.18871 6.12284e-05 0.130413 0.0222169 0.0522664 
0.11858 0.00285425 0.0420131 0.245921 0.0538755 0.0530622 0.161555 0.000160307 0.20128 0.0610031 0.0596961 
0.0314035 0.0024779 0.0247542 0.375561 0.281576 0.0145423 0.0459826 0.000106421 0.163589 0.00227954 0.0577277 
0.0875652 0.00348682 0.0325732 0.297879 0.0872049 0.0136442 0.165297 0.000370233 0.259705 0.00865011 0.0436245 
0.0296834 0.000694577 0.0324164 0.300361 0.256975 0.0108617 0.183918 0.000129615 0.104913 0.00908843 0.070959 
0.0707158 0.00062473 0.0148763 0.460449 0.119848 0.00928471 0.0317212 0.00010203 0.108186 0.00573156 0.178461 
0.0164823 8.16646e-05 0.00975779 0.507602 0.156521 0.0504426 0.0368297 9.77106e-05 0.188017 0.0121859 0.0219828 
0.0821881 6.25564e-06 0.0545846 0.2517 0.210797 0.00522998 0.0309465 0.000166939 0.211022 0.0213018 0.132057 
0.0461427 0.00790228 0.0137438 0.375369 0.0798452 0.0166703 0.180234 0.00602744 0.225516 0.0315287 0.0170211 
0.0131293 0.00909305 0.0141031 0.741955 0.0328172 0.0144785 0.0246651 0.00039594 0.117963 0.0136659 0.0177337 
0.118168 0.000201299 0.0018796 0.537236 0.0371298 0.00551409 0.0671956 0.00227987 0.211757 0.00884712 0.00979166 
0.0282653 0.0034955 0.0281214 0.301052 0.100588 0.0349629 0.0576878 0.00115347 0.143444 0.279607 0.0216223 
0.0651894 0.0247321 0.0333754 0.223566 0.0804257 0.218569 0.0791442 5.11335e-05 0.210206 0.0290631 0.0356777 
0.0127558 0.0014427 0.0181327 0.537148 0.0449513 0.0131923 0.0964189 0.000187899 0.19906 0.0215918 0.0551183 
0.0437734 0.00340786 0.0217399 0.416861 0.0934713 0.0161421 0.046925 0.00031755 0.166154 0.113136 0.0780722 
0.0358699 0.00140791 0.00440446 0.58288 0.0507442 0.0349403 0.0471854 0.000168041 0.123734 0.0289852 0.0896808 
0.0468845 0.124233 0.00915054 0.337134 0.0467673 0.0507804 0.0632044 7.67062e-05 0.196408 0.0803611 0.0450009 
0.0278966 0.000711303 0.0226939 0.466836 0.0509262 0.025712 0.0906343 4.44301e-05 0.260065 0.0114434 0.0430362 
0.0425757 0.0009909 0.0214757 0.518837 0.0627597 0.00944695 0.0709242 0.000166575 0.248885 0.00783854 0.0160997 
0.0611335 0.000103552 0.00425998 0.516849 0.0441315 0.00142786 0.0698563 0.16716 0.111853 0.0119579 0.0112668 
0.0131293 0.00909305 0.0141031 0.741955 0.0328172 0.0144785 0.0246651 0.00039594 0.117963 0.0136659 0.0177337 
0.0115064 2.72827e-05 0.0681708 0.442303 0.135483 0.00353712 0.0740006 0.00105799 0.243655 0.00382497 0.0164342 
0.0414514 0.000802315 0.0316774 0.287643 0.0748202 0.076292 0.277168 0.000278153 0.164325 0.00913219 0.0364111 
0.102692 0.00593952 0.0296696 0.342112 0.0556619 0.0322951 0.108319 0.00116058 0.278596 0.0301179 0.0134358 
0.012476 0.00228338 0.00633951 0.718728 0.0489335 0.00331521 0.0473021 0.0201476 0.0963737 0.00570768 0.0383932 
0.0717005 8.91899e-06 0.0197299 0.303549 0.298014 0.00544878 0.0700749 4.0312e-05 0.0664345 0.109606 0.0553933 
0.0228253 0.0933347 0.0377208 0.410813 0.0795314 0.00804856 0.0601529 0.000532262 0.184816 0.0603176 0.0419075 
0.0867803 0.00100633 0.0175369 0.355039 0.0418559 0.00866528 0.174012 0.00193051 0.26149 0.0287516 0.0229319 
0.0372741 4.27852e-05 0.02028 0.406508 0.135485 0.037467 0.210808 0.000127917 0.137109 0.00977925 0.00511843 
0.0416005 0.000798841 0.0167352 0.650516 0.0301472 0.00325723 0.0791224 0.0667017 0.0446032 0.0054354 0.0610828 
0.028766 0.00933239 0.00510705 0.562379 0.0782654 0.0342304 0.0668809 0.000378682 0.193573 0.0104082 0.0106785 
0.019138 0.000437985 0.00646147 0.634906 0.107125 0.0147941 0.0345332 2.16515e-05 0.113243 0.0108032 0.0585359 
0.0865924 0.0092031 0.0143803 0.336235 0.0710379 0.091488 0.114873 0.00153689 0.190161 0.0360496 0.0484432 
0.088693 2.88677e-06 0.000584985 0.496582 0.286744 0.000101594 0.0324087 0.000668305 0.0487107 7.78576e-05 0.0454264 
0.0296147 0.000621106 0.00698115 0.513934 0.0874833 0.0804023 0.0427966 0.000299922 0.165827 0.00274899 0.0692912 
0.0467504 0.000255992 0.0489069 0.566499 0.12177 0.0454342 0.0450216 8.94459e-05 0.0936867 0.0207301 0.0108559 
0.0552749 0.00261187 0.0271252 0.278939 0.216527 0.0223091 0.071899 0.000292594 0.256036 0.0208777 0.048107 
0.053595 0.0106174 0.0119979 0.32511 0.0971412 0.0836672 0.0910532 1.24852e-05 0.163309 0.0578655 0.105632 
0.0324772 4.6537e-05 0.0144253 0.320177 0.0581748 0.00973351 0.240956 0.00236782 0.289073 0.0127512 0.0198172 
0.0131293 0.00909305 0.0141031 0.741955 0.0328172 0.0144785 0.0246651 0.00039594 0.117963 0.0136659 0.0177337 
0.0375179 5.40061e-05 0.0272033 0.453449 0.0839903 0.0126539 0.0958264 3.82257e-05 0.229559 0.0155754 0.0441328 
0.0205097 0.00359996 0.010193 0.50505 0.163681 0.0200739 0.0687334 0.000591326 0.196124 0.0032158 0.00822789 
0.0152952 0.00108101 0.0212964 0.651086 0.0513552 0.00420339 0.0976258 0.000413328 0.135968 0.00443317 0.017242 
0.0407123 3.11096e-05 0.0284795 0.389568 0.0971611 0.0107042 0.149475 0.000540681 0.259308 0.0119247 0.0120946 
0.0786343 0.00237298 0.00404826 0.437479 0.0389235 0.00787814 0.096793 0.161844 0.107064 0.0273074 0.0376557 
0.0160173 2.59763e-05 0.0142492 0.527569 0.243132 0.00416259 0.060352 9.29447e-05 0.0868978 0.0201009 0.0274004 
0.0369443 0.00663416 0.0528164 0.558458 0.108359 0.0628616 0.0628123 9.75959e-05 0.0604551 0.0150193 0.0355414 
0.0801954 0.000445918 0.0258903 0.400002 0.105673 0.0145139 0.115836 0.00200896 0.2197 0.0120523 0.023682 
0.0511376 0.00176347 0.0250095 0.561416 0.0626137 0.00521866 0.0367439 0.0249018 0.147321 0.0501516 0.0337229 
0.0203708 0.00359921 0.0356423 0.668951 0.0772009 0.00433811 0.0627139 0.00176371 0.102806 0.0103692 0.0122446 
0.0423257 0.00122541 0.0509119 0.618089 0.0893654 0.0130023 0.0461827 0.00100379 0.0979629 0.0206426 0.0192881 
0.0430821 0.000237726 0.0072076 0.346355 0.0201168 0.0017058 0.0635819 0.160703 0.333167 0.0100999 0.0137431 
0.137094 0.0082224 0.0273907 0.309613 0.0730586 0.105774 0.0439072 0.000198801 0.217745 0.0242148 0.0527818 
0.0131293 0.00909305 0.0141031 0.741955 0.0328172 0.0144785 0.0246651 0.00039594 0.117963 0.0136659 0.0177337 
0.0053829 7.42471e-05 0.0211188 0.830887 0.0211029 0.00104985 0.0453277 0.000584701 0.0633419 0.00540527 0.00572451 
0.0298495 0.00253379 0.0107369 0.265761 0.236882 0.0458072 0.130618 0.131448 0.128269 0.00915956 0.0089343 
0.0613666 0.00666061 0.00282897 0.356767 0.0151364 0.187993 0.0306829 0.000182502 0.112905 0.0466186 0.178858 
0.0317717 0.000130599 0.0552545 0.427423 0.0193459 0.000334084 0.0126527 0.151037 0.296078 0.000350973 0.00562197 
0.0519392 0.000484535 0.0188175 0.237563 0.20606 0.0382081 0.175132 0.000205592 0.204339 0.0393575 0.0278944 
0.0204494 9.30188e-05 0.000380306 0.461883 0.00743387 0.00370337 0.120272 0.223036 0.132722 0.000266948 0.0297596 
0.1808 0.000225711 0.0176975 0.50966 0.0564036 0.00384047 0.0551941 4.54296e-05 0.100092 0.0122501 0.0637915 
0.0246511 0.00261012 0.00837755 0.366213 0.075448 0.0447028 0.154941 0.000588325 0.302649 0.0146336 0.00518508 
7.93661e-06 3.63496e-07 2.8211e-06 0.960964 1.95671e-05 0.0098249 9.85351e-06 8.78364e-07 9.57158e-06 0.0291557 4.15481e-06 
0.0162825 3.00968e-05 0.00426203 0.705782 0.0845021 0.00309631 0.0465588 0.00161066 0.128661 0.00441234 0.0048019 
0.0256561 3.03933e-05 0.00876022 0.413535 0.0520779 0.0036051 0.198182 0.00106226 0.289807 0.00118441 0.00609973 
0.0276516 0.0458802 0.0121385 0.62209 0.0180554 0.0202545 0.0304052 0.000183082 0.13677 0.0583952 0.028176 
0.0512343 0.00633133 0.0446587 0.419579 0.0451195 0.111968 0.0228555 4.5932e-05 0.144392 0.0488048 0.105011 
0.0231398 0.00109259 0.158259 0.229143 0.140369 0.0139689 0.155997 0.0799439 0.123639 0.00685611 0.0675908 
0.0131293 0.00909305 0.0141031 0.741955 0.0328172 0.0144785 0.0246651 0.00039594 0.117963 0.0136659 0.0177337 
0.0426411 0.000761828 0.00931914 0.511281 0.0798265 0.00828949 0.0653759 0.0189501 0.220074 0.0245349 0.0189457 
0.0202756 0.11119 0.106849 0.382457 0.0738127 0.00320528 0.0620615 0.00067238 0.116637 0.0902842 0.0325547 
0.0936761 0.00808653 0.00618329 0.293634 0.0716253 0.0323508 0.195064 0.000198973 0.178689 0.074179 0.0463125 
0.0229445 0.00127674 0.00765853 0.475113 0.114158 0.00679696 0.080372 0.00126331 0.193466 0.0373969 0.0595551 
0.14249 0.00795941 0.00751284 0.344853 0.0715078 0.00330855 0.0578569 0.00164644 0.297675 0.00898835 0.0562029 
0.0131293 0.00909305 0.0141031 0.741955 0.0328172 0.0144785 0.0246651 0.00039594 0.117963 0.0136659 0.0177337 
0.0567058 0.0042756 0.0282055 0.348357 0.0452794 0.21348 0.0777022 0.000144613 0.104138 0.0561186 0.0655936 
0.0783902 0.00501528 0.0173398 0.390616 0.0362923 0.0499846 0.0764214 0.000746659 0.226368 0.0410385 0.0777879 
0.0131293 0.00909305 0.0141031 0.741955 0.0328172 0.0144785 0.0246651 0.00039594 0.117963 0.0136659 0.0177337 
0.0426291 0.00272958 0.0322564 0.376539 0.0711609 0.0144347 0.117793 0.000486704 0.295368 0.012433 0.0341695 
0.116972 0.00141215 0.00884429 0.491989 0.0717639 0.0210801 0.109465 0.0402147 0.109865 0.0223236 0.00606968 
0.0642928 0.000703551 0.0283564 0.386953 0.183608 0.0114756 0.122889 0.000696907 0.136543 0.0139056 0.0505757 
0.0407358 0.000180061 0.00851457 0.564827 0.0329475 0.0139226 0.0523096 0.000833395 0.25082 0.00618786 0.0287212 
0.0600704 0.000463317 0.0154947 0.643434 0.0690435 0.00616116 0.0396025 0.0001728 0.130377 0.0063347 0.0288451 
0.0527476 0.0288146 0.0149395 0.291457 0.0517062 0.0359573 0.0371558 0.000144035 0.216939 0.162241 0.107898 
0.0620342 0.000992311 0.00337387 0.608074 0.0599294 0.00143329 0.0770102 0.00104314 0.176852 0.00506719 0.00419007 
0.0729149 0.00507628 0.00642377 0.220534 0.0531039 0.0210002 0.103814 0.000173804 0.216823 0.148343 0.151794 
0.0535678 0.00745496 0.0106913 0.391401 0.138566 0.0317612 0.0523215 0.000486286 0.242292 0.0373566 0.0341006 
0.0325605 0.000120109 0.00865981 0.537813 0.168601 0.00766171 0.0571923 0.000300436 0.0980839 0.0472006 0.0418064 
0.0119901 0.0021446 0.0547438 0.661917 0.0852513 0.00339396 0.041321 6.3336e-05 0.0839397 0.00994121 0.0452937 
0.032876 0.000102335 0.0511709 0.434643 0.166431 0.00701155 0.0583293 0.000451721 0.196158 0.0192091 0.0336172 
0.0605262 0.00996089 0.0122555 0.359645 0.0581739 0.254078 0.11562 2.14144e-06 0.0926693 0.00977737 0.0272911 
0.039601 0.000129536 0.00756535 0.561694 0.0405256 0.00662965 0.0579264 0.0372698 0.186437 0.023667 0.0385548 
0.0264687 0.00394197 0.0107979 0.477988 0.0732533 0.0148395 0.0542588 4.64816e-05 0.307279 0.0197937 0.0113318 
0.0131293 0.00909305 0.0141031 0.741955 0.0328172 0.0144785 0.0246651 0.00039594 0.117963 0.0136659 0.0177337 
0.0131293 0.00909305 0.0141031 0.741955 0.0328172 0.0144785 0.0246651 0.00039594 0.117963 0.0136659 0.0177337 
0.0451911 0.00135604 0.0221465 0.310526 0.120793 0.0152963 0.132048 0.000315242 0.289919 0.0371261 0.0252828 
0.0384529 0.000311424 0.172748 0.273063 0.152836 0.0137531 0.178971 0.000255708 0.122814 0.0192016 0.0275933 
0.0306862 0.000947731 0.0100715 0.439322 0.0584131 0.0149994 0.111104 0.000113595 0.30094 0.0091973 0.0242059 
0.0419839 0.00031939 0.0167158 0.34656 0.0687757 0.0387175 0.173312 0.00016441 0.260177 0.0109747 0.0422998 
0.016634 0.0016506 0.0467075 0.559262 0.0525403 0.00303671 0.0365685 0.0166489 0.21708 0.0049346 0.0449369 
0.0374527 0.0170239 0.103022 0.343428 0.0659905 0.0216586 0.150599 0.0008248 0.162287 0.0342834 0.0634297 
0.0731009 0.0019208 0.0262505 0.37775 0.0703972 0.0137453 0.115202 0.00193646 0.277102 0.0191807 0.0234138 
0.0889007 0.000135172 0.0143266 0.529122 0.0649288 0.0117682 0.0756109 0.000196852 0.163624 0.0234429 0.0279432 
0.01413 0.000453269 0.0369864 0.643878 0.123161 0.00567045 0.0377174 2.28675e-05 0.112164 0.0113277 0.0144894 
0.0197333 0.00176057 0.0345394 0.373821 0.112154 0.0575846 0.164021 0.000110976 0.219066 0.00767297 0.00953577 
0.0702409 6.14714e-05 0.0307131 0.324489 0.108262 0.00539239 0.107016 0.00032976 0.271122 0.00828715 0.0740856 
0.0131293 0.00909305 0.0141031 0.741955 0.0328172 0.0144785 0.0246651 0.00039594 0.117963 0.0136659 0.0177337 
0.0790989 0.000747424 0.0196022 0.283087 0.160296 0.00606544 0.12138 0.000217459 0.12935 0.0234731 0.176683 
0.0570295 0.0010228 0.0432127 0.335906 0.0452681 0.00811191 0.0802365 0.031733 0.0918309 0.00774902 0.297899 
0.0251031 0.00191772 0.0107011 0.733066 0.0435889 0.00437811 0.0370283 0.00261739 0.112397 0.00728985 0.0219116 
0.0721972 0.00513255 0.00428545 0.378288 0.153265 0.00121929 0.0198545 0.168584 0.166473 0.00388451 0.0268168 
0.0108231 0.000449735 0.043633 0.399258 0.103592 0.00289899 0.077825 0.000420261 0.276853 0.0275406 0.056706 
0.0419246 0.0018749 0.0489357 0.369734 0.205076 0.0225228 0.0894511 0.0111825 0.135035 0.025228 0.0490344 
0.0632329 7.0116e-05 0.0201266 0.469526 0.11068 0.00368496 0.174175 0.00146875 0.130225 0.00771108 0.0190993 
0.0390156 1.83084e-05 0.00720089 0.383229 0.0982827 0.0143422 0.106596 0.0115655 0.247798 0.0557547 0.0361982 
0.0405627 0.0766664 0.0320666 0.464404 0.0194263 0.0930531 0.0377556 8.48087e-05 0.122505 0.085707 0.0277681 
0.0131293 0.00909305 0.0141031 0.741955 0.0328172 0.0144785 0.0246651 0.00039594 0.117963 0.0136659 0.0177337 
0.0499433 0.00413583 0.0377134 0.384151 0.0722309 0.127801 0.0464733 2.80997e-05 0.115219 0.0728944 0.0894091 
0.0215296 0.000671842 0.00626429 0.522108 0.0646 0.00750535 0.0653223 0.00455265 0.225699 0.00490958 0.0768373 
0.00560026 1.77168e-05 0.00329882 0.648903 0.0405637 0.000460564 0.147536 0.000721669 0.148531 0.000502057 0.00386528 
0.0794656 0.00404447 0.0426263 0.233599 0.230971 0.0346073 0.102076 0.00217318 0.191369 0.0363045 0.0427647 
0.0131293 0.00909305 0.0141031 0.741955 0.0328172 0.0144785 0.0246651 0.00039594 0.117963 0.0136659 0.0177337 
0.0118638 0.000115858 0.060226 0.640557 0.0807835 0.00586754 0.0520225 0.000188918 0.103532 0.0249432 0.0199 
0.0731009 0.0019208 0.0262505 0.37775 0.0703972 0.0137453 0.115202 0.00193646 0.277102 0.0191807 0.0234138 
0.0178925 0.000115287 0.0223295 0.614157 0.0659355 0.00143965 0.0600792 0.000369319 0.190888 0.0224076 0.00438572 
0.0131293 0.00909305 0.0141031 0.741955 0.0328172 0.0144785 0.0246651 0.00039594 0.117963 0.0136659 0.0177337 
0.0273836 0.000428203 0.0427153 0.628404 0.0546791 0.0034096 0.0304894 0.0298864 0.130301 0.0461123 0.00619157 
0.0232874 0.00915306 0.00466202 0.461023 0.0434829 0.122215 0.0492365 9.07578e-06 0.130244 0.0830742 0.0736128 
0.0828755 0.00102153 0.0242752 0.328779 0.0848272 0.0267402 0.26273 0.000176447 0.14927 0.0202287 0.019076 
0.0743408 0.000325648 0.0301752 0.430577 0.0863858 0.0459775 0.0736154 0.000852949 0.157106 0.0501211 0.0505228 
0.0310061 0.00186004 0.0132658 0.354341 0.0936405 0.00696665 0.119722 0.000569344 0.3422 0.0230071 0.0134212 
0.0131293 0.00909305 0.0141031 0.741955 0.0328172 0.0144785 0.0246651 0.00039594 0.117963 0.0136659 0.0177337 
0.0131293 0.00909305 0.0141031 0.741955 0.0328172 0.0144785 0.0246651 0.00039594 0.117963 0.0136659 0.0177337 
0.0239708 0.000178763 0.00269722 0.565429 0.0644787 0.0105112 0.0715599 0.0257523 0.185964 0.0333397 0.016119 
0.0368632 0.000674993 0.00460784 0.566632 0.0534239 0.0112178 0.0771601 0.000142555 0.191769 0.010007 0.0475016 
0.0313597 1.84647e-05 0.0689808 0.386401 0.205065 0.0136929 0.0976832 0.000305107 0.168215 0.00697557 0.0213032 
0.0694115 0.0112537 0.0298866 0.418367 0.0572912 0.0250214 0.0863204 0.00423863 0.187219 0.0585716 0.0524193 
0.0586274 0.000739837 0.127628 0.463389 0.128175 0.00751339 0.0817571 0.00501944 0.0979196 0.00851401 0.0207175 
0.036584 0.031045 0.0109895 0.347046 0.0253422 0.0154842 0.028542 0.0564314 0.172229 0.240895 0.0354117 
0.0090569 3.66374e-05 0.00920248 0.516005 0.0530599 0.00280063 0.0321144 0.000338977 0.364546 0.00498257 0.00785648 
0.0344704 0.0495126 0.0280243 0.329095 0.104993 0.0262355 0.121836 0.00173446 0.269793 0.0201 0.0142057 
0.0399216 2.34036e-05 0.00391368 0.761533 0.0553258 0.000280943 0.0997031 0.00328636 0.0308096 0.00374042 0.00146257 
0.097455 0.000205705 0.00879853 0.248948 0.0747555 0.011833 0.204438 0.00627583 0.234201 0.011722 0.101368 
0.109316 0.000473521 0.0671066 0.333465 0.141887 0.0289639 0.100394 0.000982592 0.157327 0.0167587 0.0433262 
0.0129733 0.00192897 0.00632003 0.443774 0.0953191 0.0125982 0.0395375 2.70454e-05 0.20603 0.00845016 0.173042 
0.0248035 0.0148125 0.0106081 0.273633 0.0459461 0.0221741 0.0896109 0.000252749 0.228258 0.186248 0.103652 
0.0291626 0.00932667 0.0263688 0.484176 0.0809721 0.00488323 0.0657635 0.000678733 0.219155 0.00996511 0.0695483 
0.0232007 0.0115 0.0118455 0.544282 0.0456678 0.0204701 0.0682903 0.000138957 0.16995 0.0543194 0.0503357 
0.097896 0.00245306 0.00333401 0.48806 0.0543725 0.00408085 0.0648963 5.29273e-05 0.194567 0.0136489 0.0766393 
0.0120858 1.83665e-05 0.0232732 0.356589 0.109202 9.87646e-09 0.299605 1.45006e-08 0.197467 0.00108336 0.000676243 
0.046957 0.00616071 0.00366404 0.703276 0.011757 0.011853 0.0209235 7.29987e-06 0.130611 0.0139112 0.0508792 
0.0200698 0.00251212 0.0176097 0.3817 0.117513 0.00461336 0.0368114 0.037495 0.239395 0.00666591 0.135614 
0.0248035 0.0148125 0.0106081 0.273633 0.0459461 0.0221741 0.0896109 0.000252749 0.228258 0.186248 0.103652 
0.0509104 0.0537009 0.0121693 0.296567 0.0647116 0.231682 0.0881832 4.15453e-05 0.167065 0.015319 0.0196501 
0.0651121 4.91957e-06 0.00302612 0.550373 0.0594931 0.00910118 0.0397661 0.00136258 0.25338 0.00303394 0.0153468 
0.0236648 0.000185346 0.00438144 0.634079 0.0973952 0.00339943 0.0506327 0.000320723 0.159449 0.00405415 0.0224378 
0.0307237 0.00745515 0.0164817 0.559405 0.0820036 0.00468075 0.0798904 0.00126549 0.192922 0.00892325 0.0162486 
0.00530334 0.000394361 0.0136725 0.454839 0.103838 0.0147853 0.144847 8.51977e-05 0.226507 0.0106913 0.0250373 
0.0442541 0.000800129 0.0750157 0.303504 0.171243 0.017073 0.144653 0.000131126 0.122868 0.0955866 0.0248705 
0.0246511 0.00261012 0.00837755 0.366213 0.075448 0.0447028 0.154941 0.000588325 0.302649 0.0146336 0.00518508 
0.045891 0.000339429 0.00518998 0.38929 0.0606752 0.00909273 0.0945384 0.000109262 0.134972 0.0098738 0.250028 
0.0865337 1.99365e-05 0.00165187 0.309879 0.131068 0.0202972 0.0480873 4.6868e-08 0.205014 0.00352575 0.193923 
0.0303112 0.02696 0.0346775 0.234288 0.0466009 0.188359 0.0510026 9.56332e-05 0.198712 0.0880309 0.100961 
0.0884817 0.00379633 0.0110669 0.33863 0.0707199 0.0205301 0.0915463 0.000129004 0.321764 0.0360004 0.0173363 
0.0493202 9.28203e-05 0.00296946 0.353399 0.0929813 0.0124827 0.00856319 2.83758e-06 0.289536 0.0058849 0.184768 
0.0222588 0.00510104 0.0736513 0.434683 0.0857027 0.00409181 0.0719128 0.000519029 0.270331 0.0141528 0.0175966 
0.011292 0.00011951 0.0547453 0.653886 0.0759013 0.00419564 0.0191641 0.000203927 0.0638254 0.0948359 0.0218306 
0.0294767 0.0154584 0.00826227 0.390659 0.0417331 0.0441428 0.103248 0.000450443 0.309178 0.0372811 0.0201107 
0.18054 0.00660595 0.0293837 0.243361 0.0771856 0.0328913 0.144626 0.000302665 0.17779 0.0504558 0.0568588 
0.0421574 0.0351465 0.0148262 0.40193 0.0674714 0.0153819 0.0744362 0.00773547 0.224057 0.0419862 0.0748716 
0.0346663 0.00447562 0.0452348 0.575604 0.0947886 0.0178617 0.0828296 7.76035e-05 0.0774987 0.0186396 0.0483231 
0.0523718 0.000962393 0.0199686 0.649866 0.0466078 0.0194397 0.100239 0.00383385 0.0766388 0.0149153 0.0151567 
0.0170309 8.99228e-05 0.00865689 0.673808 0.0586937 0.0656172 0.0326287 0.000179147 0.121399 0.00616868 0.0157278 
0.039335 2.94053e-05 0.0192832 0.513934 0.0795344 0.0262581 0.050598 0.000182947 0.21938 0.00544506 0.0460193 
0.0682084 1.86843e-05 0.00103194 0.488742 0.131495 0.00697398 0.0592306 0.00104672 0.135353 0.0789665 0.0289339 
0.0400757 0.00593722 0.0164191 0.44665 0.0406086 0.0807015 0.0575495 0.000221579 0.214754 0.0708647 0.0262179 
0.14917 0.00113345 0.013066 0.328731 0.112137 0.0149891 0.109241 0.00122772 0.248158 0.0101357 0.0120107 
0.0198871 0.0110004 0.125838 0.312114 0.111281 0.0906128 0.0907035 1.80927e-05 0.168017 0.0633825 0.00714623 
0.0154862 0.00128903 0.139888 0.422287 0.200185 0.0192989 0.0376673 0.000185396 0.13899 0.0104141 0.0143082 
0.0129954 0.000633991 0.0609308 0.799866 0.0774774 0.00265395 0.0185994 3.8852e-05 0.0240913 0.00141134 0.00130143 
0.0276516 0.0458802 0.0121385 0.62209 0.0180554 0.0202545 0.0304052 0.000183082 0.13677 0.0583952 0.028176 
0.0244484 0.0147595 0.0121275 0.299417 0.177397 0.00401873 0.154407 0.00314109 0.15962 0.043452 0.107212 
0.0141937 4.54241e-05 0.00207771 0.775807 0.0646469 0.000164432 0.0593163 4.04813e-05 0.0373058 0.0170217 0.0293806 
0.0611037 0.00184553 0.0164208 0.454871 0.079295 0.0204221 0.127691 0.000877643 0.162306 0.0119198 0.0632474 
0.0194477 0.051799 0.0164854 0.322794 0.0748081 0.0185528 0.083774 0.000406425 0.142256 0.106164 0.163513 
0.0146751 0.0476758 0.00325356 0.576923 0.00845317 0.017327 0.0133606 0.000424521 0.235856 0.0616974 0.0203541 
0.0579681 0.00929197 0.000896029 0.521049 0.00647093 0.000249973 0.0402307 0.218455 0.0999681 0.0401453 0.00527513 
0.133546 0.00754843 0.0470567 0.366837 0.0590595 0.00426295 0.0563659 0.15801 0.115278 0.0143746 0.037661 
0.0225401 0.0200544 0.00434604 0.464897 0.027554 0.0296523 0.0493378 0.000137621 0.327952 0.0302521 0.0232756 
0.0710817 2.52045e-05 0.00762195 0.460119 0.148512 0.00611492 0.084968 5.47754e-05 0.118494 0.0238894 0.079119 
0.0650099 0.000723508 0.00608639 0.55598 0.0475476 0.0141787 0.041228 0.000382266 0.254071 0.00404048 0.0107522 
0.0294793 0.0230256 0.0131205 0.6201 0.0501723 0.0174834 0.0376165 0.00108773 0.18685 0.0078986 0.013166 
0.0127762 0.356581 0.0106142 0.419327 0.0273679 0.0125552 0.0259693 0.000391196 0.098081 0.0180392 0.0182982 
0.0731141 0.00730718 0.0259049 0.481753 0.0314186 0.0195009 0.0371633 0.000181449 0.218815 0.0693487 0.0354933 
0.0324956 3.24955e-05 0.0472267 0.664293 0.0443744 0.00566063 0.0299052 1.89759e-05 0.0529802 0.0390425 0.0839703 
0.0399039 0.00290628 0.0165485 0.425926 0.114594 0.00304317 0.0812749 0.000696155 0.299401 0.0046125 0.0110935 
0.0349795 0.00190186 0.00950193 0.424382 0.0800888 0.0692828 0.231558 0.00437219 0.117747 0.00302427 0.0231613 
0.0420992 0.00167412 0.0146009 0.548858 0.0597961 0.0392078 0.0855581 0.000369606 0.11566 0.00589927 0.0862765 
0.0131293 0.00909305 0.0141031 0.741955 0.0328172 0.0144785 0.0246651 0.00039594 0.117963 0.0136659 0.0177337 
0.0131293 0.00909305 0.0141031 0.741955 0.0328172 0.0144785 0.0246651 0.00039594 0.117963 0.0136659 0.0177337 
0.047127 0.00188545 0.0137213 0.476559 0.0953961 0.0100094 0.0679303 0.000324166 0.22735 0.0108294 0.0488676 
0.0506962 0.0213285 0.00724741 0.358713 0.0646837 0.0213873 0.136396 7.88e-06 0.1979 0.0129989 0.128641 
0.0930458 0.000821588 0.00999931 0.356526 0.0506527 0.00735992 0.139814 0.0569301 0.264596 0.0129868 0.00726742 
0.0242594 0.0102083 0.0075249 0.454679 0.0491093 0.0266893 0.0858811 0.00027087 0.231346 0.0420136 0.0680176 
0.0194674 0.00235455 0.00758317 0.457797 0.1773 0.0122566 0.0480024 0.000153831 0.177436 0.0227462 0.0749025 
0.0243022 0.000201971 0.0276315 0.318305 0.0726051 0.0289391 0.08261 2.08232e-06 0.274306 0.0768596 0.0942379 
0.187107 0.0382167 0.00674286 0.235623 0.0426861 0.091157 0.211474 2.03177e-05 0.127767 0.0336469 0.0255597 
0.0475981 0.0914315 0.00340029 0.362484 0.0665878 0.0425349 0.0327159 0.000126761 0.195668 0.0814833 0.0759689 
0.0884319 0.00408407 0.0259789 0.382743 0.058732 0.0235513 0.154864 0.00111325 0.196671 0.0498147 0.0140162 
0.0271053 0.0002603 0.0210684 0.558438 0.0691238 0.0293201 0.0712496 0.00990031 0.164352 0.0217929 0.02739 
0.0169035 0.00055348 0.0444956 0.531477 0.10949 0.00439508 0.119663 0.000167028 0.130312 0.00711159 0.0354324 
0.0131293 0.00909305 0.0141031 0.741955 0.0328172 0.0144785 0.0246651 0.00039594 0.117963 0.0136659 0.0177337 
0.0225004 0.0402151 0.0196148 0.483872 0.0524747 0.0453204 0.0511475 0.000953606 0.153937 0.0891445 0.0408206 
0.038469 0.00532335 0.0274508 0.601007 0.0463167 0.0493796 0.030351 0.000293577 0.114126 0.0646305 0.0226526 
0.0224308 0.00441792 0.0107733 0.393418 0.128364 0.0473767 0.0531034 0.00013447 0.277638 0.0117587 0.0505846 
0.0186006 0.0254454 0.0300389 0.404383 0.0638241 0.017355 0.082534 0.000170364 0.265451 0.0510738 0.0411237 
0.035037 0.00278467 0.0125399 0.683336 0.0594147 0.00697389 0.0614106 0.00161233 0.0914736 0.0280497 0.0173673 
0.0131293 0.00909305 0.0141031 0.741955 0.0328172 0.0144785 0.0246651 0.00039594 0.117963 0.0136659 0.0177337 
0.223984 0.00176201 0.0210702 0.274795 0.099754 0.00458734 0.142718 0.000152091 0.114367 0.0467493 0.0700608 
0.0135291 4.30517e-06 0.0138188 0.76395 0.0298993 0.00073212 0.0891066 0.000431008 0.084205 0.00143947 0.0028842 
0.0216478 0.00144042 0.0158148 0.39504 0.0796298 0.016891 0.0323761 9.95368e-05 0.342283 0.00441139 0.0903662 
0.0399499 0.0108536 0.0151471 0.352149 0.0833993 0.0261302 0.0800402 0.000446632 0.319979 0.0179968 0.0539076 
0.101283 0.0133355 0.0130414 0.483997 0.108792 0.0204517 0.0943981 0.00851955 0.0817764 0.0185767 0.0558276 
0.068875 0.000246416 0.0140937 0.436834 0.111888 0.124601 0.0149304 0.019564 0.135693 0.00955401 0.0637201 
0.0309594 0.00945435 0.0342468 0.321707 0.090684 0.0232776 0.138359 0.00219781 0.311318 0.0152269 0.0225687 
0.00636106 0.000182466 0.0668285 0.394381 0.105737 0.00276939 0.102829 0.000260759 0.303602 0.00866816 0.00837985 
0.0147824 0.000374958 0.00581179 0.494718 0.132097 0.00712085 0.0958234 0.000323198 0.22505 0.00971006 0.0141886 
0.0541845 0.000110694 0.0189879 0.414174 0.163782 0.00922355 0.181225 0.00118363 0.116764 0.0141032 0.026261 
0.0681334 0.00550635 0.00707452 0.449732 0.0535836 0.0354396 0.0252136 0.000308359 0.186259 0.137457 0.0312926 
0.0243833 0.00124675 0.0143283 0.370441 0.141598 0.00890151 0.0706854 0.000518812 0.140215 0.0176299 0.210052 
0.0822841 9.20874e-05 0.0321274 0.319224 0.159911 0.00579354 0.111601 0.0646821 0.193297 0.00662985 0.0243587 
0.000151096 1.65031e-05 0.000168334 0.529548 0.351355 9.43865e-05 0.0796269 5.21972e-07 7.5272e-05 0.000170715 0.0387936 
0.00514979 0.000417353 0.010649 0.483774 0.0951066 0.00251662 0.120259 0.00557669 0.264708 0.00408571 0.00775741 
0.0316202 0.121994 0.0201373 0.364124 0.0438246 0.0197633 0.0670618 0.00107657 0.194257 0.0879607 0.048181 
0.0341816 0.000161256 0.030093 0.454915 0.0242792 0.246502 0.0866242 0.00524984 0.0875233 0.0179187 0.0125524 
0.20141 0.0038574 0.00382756 0.297584 0.0169135 0.00562181 0.136564 0.024142 0.209302 0.00722828 0.0935498 
0.035086 0.00803275 0.00611557 0.574849 0.00892244 0.116542 0.0301121 6.298e-06 0.135573 0.0327011 0.0520603 
0.0473106 0.0130519 0.0365246 0.396674 0.0947974 0.0930662 0.083225 0.000402449 0.137745 0.0449454 0.0522584 
0.0856499 5.92575e-06 0.034067 0.554208 0.046522 0.00201985 0.0645484 0.00118728 0.135683 0.00365945 0.0724487 
0.0229132 0.00440927 0.0733755 0.472905 0.111307 0.00374142 0.0836737 0.00060876 0.208714 0.00813112 0.010221 
0.00993736 1.26737e-05 0.00249548 0.711079 0.0604688 0.0026062 0.0723211 0.00298496 0.0821634 0.00339689 0.0525343 
0.0155134 0.000542136 0.0137067 0.499055 0.253694 0.00433531 0.0536255 6.31972e-05 0.137686 0.0118518 0.00992773 
0.0512573 0.00392536 0.0287971 0.352232 0.106749 0.0141454 0.095155 0.000338294 0.273707 0.0365964 0.0370967 
0.0315622 0.00568457 0.0494517 0.407128 0.128539 0.0465115 0.0998206 0.000508291 0.175864 0.0155962 0.0393343 
0.0901643 0.0242707 0.0114819 0.347473 0.080252 0.0136106 0.0881611 0.000451296 0.284099 0.0226252 0.0374112 
0.0262504 0.00404587 0.0254471 0.38298 0.0413063 0.0922437 0.103933 0.000354631 0.206472 0.0819609 0.0350069 
0.0389569 0.00187208 0.0790519 0.349166 0.101408 0.00924687 0.0514662 0.00108221 0.331293 0.0237984 0.0126586 
0.128782 0.000554031 0.0150118 0.278523 0.056451 0.00140873 0.128932 4.1077e-05 0.162117 0.000752163 0.227428 
0.0245875 0.000957569 0.0101242 0.648304 0.0523935 0.00693203 0.0511438 0.00041675 0.14716 0.0217479 0.0362319 
0.0293597 0.0213279 0.0431028 0.408212 0.0773091 0.101834 0.0988148 0.000244123 0.11123 0.0508812 0.0576845 
0.0656404 0.00096455 0.0314284 0.486998 0.128431 0.00854594 0.0789089 0.00076663 0.111453 0.0035629 0.0833004 
0.0492811 0.00409831 0.0147654 0.407909 0.0969995 0.0225692 0.171097 0.000270915 0.149887 0.0316774 0.0514454 
0.0400013 0.00701458 0.0106142 0.459168 0.0657383 0.0945721 0.0431814 0.000312637 0.0920466 0.140837 0.0465139 
0.0116405 7.19476e-05 0.0190546 0.327056 0.0878013 0.00513232 0.257514 0.00105965 0.187278 0.00940146 0.0939896 
0.0519392 0.000484535 0.0188175 0.237563 0.20606 0.0382081 0.175132 0.000205592 0.204339 0.0393575 0.0278944 
0.0148281 0.00163307 0.0224319 0.633273 0.0426593 0.00412777 0.0982319 0.0501193 0.106285 0.00703973 0.0193707 
0.030865 1.07015e-05 0.00701938 0.563902 0.0919992 0.00672984 0.0719073 4.10945e-05 0.15323 0.00749464 0.066801 
0.00317396 2.11197e-05 0.0601556 0.444796 0.226368 0.0060564 0.0988171 4.70711e-05 0.13305 0.00349826 0.024017 
0.131637 0.00535666 0.0462523 0.353288 0.0264946 0.0124493 0.0610176 0.000826129 0.343901 0.0100578 0.00871974 
0.0191712 0.000315541 0.014355 0.40085 0.215954 0.00865535 0.0481433 4.15034e-05 0.215055 0.0382831 0.0391757 
0.036984 0.000791402 0.0161098 0.475229 0.0564345 0.0119918 0.0471837 0.000132881 0.318723 0.0125994 0.0238196 
0.045881 0.00216782 0.0100647 0.366779 0.0783156 0.00593323 0.0604805 0.000197376 0.326397 0.0370907 0.066693 
0.0177754 0.00161596 0.0536564 0.547313 0.115699 0.0180362 0.0190015 7.8247e-05 0.118615 0.0853523 0.0228575 
0.0345222 0.0137395 0.0129779 0.420028 0.129618 0.0361925 0.0737342 0.0080995 0.233496 0.0168421 0.0207508 
0.023755 0.00148864 0.00859169 0.502666 0.0873821 0.00603411 0.0641804 0.000846541 0.133418 0.0512538 0.120383 
0.0201821 0.00622307 0.0124016 0.74554 0.028389 0.00463776 0.0456699 0.000713056 0.0882926 0.0118952 0.0360553 
0.0170792 0.0013294 0.0462513 0.498371 0.0978037 0.00224233 0.0742235 0.0233476 0.19935 0.0161287 0.0238727 
0.15768 0.000581418 0.0188363 0.493967 0.0351825 0.0116313 0.106098 0.000116308 0.145839 0.0229041 0.00716388 
0.00609609 9.25288e-05 0.0121264 0.731105 0.0555993 0.00474735 0.0449944 0.000723339 0.133914 0.00605949 0.00454205 
0.192401 0.00210637 0.0199266 0.291747 0.0721493 0.044771 0.0756301 2.90278e-05 0.129183 0.100258 0.0717981 
0.0372537 0.00238403 0.0208734 0.347702 0.0467388 0.0739605 0.221527 0.00397393 0.197545 0.0203223 0.0277197 
0.0668735 0.00240197 0.0448364 0.341862 0.0812346 0.0633971 0.104362 0.000141813 0.203703 0.0777377 0.0134496 
0.0202756 0.11119 0.106849 0.382457 0.0738127 0.00320528 0.0620615 0.00067238 0.116637 0.0902842 0.0325547 
0.0835235 0.00912308 0.0101188 0.363525 0.0622092 0.0210017 0.115668 3.6846e-05 0.280666 0.0304683 0.0236598 
0.0425438 0.000777246 0.00680053 0.576237 0.0978305 0.0121346 0.0776508 0.000672621 0.152598 0.00914822 0.0236073 
0.00790135 0.111047 0.0386503 0.288205 0.0563856 0.0327157 0.021478 3.63904e-05 0.16468 0.255356 0.023545 
0.146117 0.000284734 0.0105306 0.390809 0.109422 0.00660135 0.0474887 0.000564627 0.254422 0.0166813 0.017079 
0.0321594 0.00022759 0.0294509 0.462053 0.189695 0.019003 0.114094 2.73348e-05 0.147641 0.00241301 0.00323553 
0.0182768 1.84791e-05 0.166847 0.567491 0.0603123 0.0240075 0.0142464 0.000131247 0.0360966 0.0988662 0.0137064 
0.0507479 0.0229136 0.040902 0.553778 0.105153 0.0101476 0.0627375 0.000121914 0.116186 0.00829693 0.0290149 
0.0120392 0.00684115 0.00377671 0.524231 0.0165532 0.230862 0.0452267 1.11111e-05 0.0835131 0.00927305 0.067673 
0.0566713 0.00304976 0.0265686 0.508339 0.0690993 0.0331283 0.124307 0.0126796 0.124118 0.00702491 0.0350136 
0.051014 0.00440736 0.0128191 0.443739 0.0978202 0.0328987 0.0545199 8.0781e-05 0.165248 0.0709885 0.0664639 
0.0131293 0.00909305 0.0141031 0.741955 0.0328172 0.0144785 0.0246651 0.00039594 0.117963 0.0136659 0.0177337 
0.0603002 0.0665226 0.0287705 0.437917 0.0217167 0.013082 0.0290573 0.000516399 0.166734 0.121878 0.0535048 
0.0244159 0.000709384 0.0213135 0.386684 0.0732262 0.076263 0.155074 0.000784133 0.110156 0.128555 0.0228183 
0.0403146 0.00630335 0.0358429 0.301663 0.0869736 0.0664522 0.10638 5.95011e-05 0.180416 0.110512 0.0650828 
0.0521156 0.000215055 0.00229623 0.380354 0.110701 0.0222843 0.15692 4.12118e-05 0.189632 0.0135759 0.0718653 
0.0356142 0.00316964 0.0415788 0.383923 0.0991719 0.0408915 0.14714 0.000723985 0.22859 0.0114413 0.00775596 
0.0598382 0.00116652 0.0285713 0.355806 0.0372851 0.0369801 0.0499449 8.71346e-05 0.253698 0.0467307 0.129892 
0.106849 0.000262759 0.0236337 0.250219 0.0511969 0.123203 0.0791245 0.161403 0.172577 0.00772191 0.0238076 
0.0339982 0.00328849 0.0206743 0.365212 0.154308 0.0103654 0.169315 0.000398409 0.162169 0.0138265 0.066445 
0.0290584 0.00187785 0.0881657 0.51585 0.132877 0.0395235 0.0746363 9.87898e-05 0.072207 0.013934 0.0317719 
0.00244459 0.000159628 0.00449065 0.83586 0.106978 2.02738e-07 0.0194177 1.64253e-06 0.0133932 0.0151422 0.0021123 
0.0289371 1.15401e-05 0.00656567 0.649515 0.0618021 0.0597538 0.0383129 0.000229252 0.115296 0.0103354 0.0292417 
0.206166 0.0109135 0.0317364 0.261872 0.0144729 0.0739805 0.111014 3.87466e-06 0.217766 0.0437427 0.0283319 
0.0128985 0.000105658 0.00808792 0.804593 0.0256877 0.00434028 0.0322228 0.00287633 0.0811597 0.00517979 0.0228481 
0.0368976 3.8044e-05 0.0103064 0.453105 0.121269 0.00659484 0.109534 5.18622e-05 0.216074 0.0171548 0.028975 
0.031322 0.0108753 0.00772311 0.457959 0.0835918 0.0880868 0.0976457 4.9697e-05 0.117486 0.0391082 0.0661524 
0.0312438 0.00230878 0.112697 0.275702 0.199672 0.0235335 0.102959 0.000353484 0.197537 0.0193716 0.034621 
0.0597922 0.00182825 0.0237586 0.431461 0.0683333 0.0193299 0.0884122 0.0128372 0.191711 0.0356491 0.0668873 
0.0452254 0.000358167 0.00761276 0.552331 0.108566 0.00217352 0.0514549 4.6437e-05 0.187781 0.0330059 0.0114448 
