0.0408123 0.00372865 0.0338839 0.178426 0.252228 0.0148417 0.235632 0.000284556 0.194016 0.0141238 0.0320224 
0.0103241 0.00238592 0.129203 0.224595 0.238705 0.00687131 0.137248 0.000301755 0.216977 0.0106092 0.0227795 
0.00872615 2.89417e-06 0.0151537 0.0140765 0.550656 0.00106863 0.272603 2.27779e-05 0.122065 0.000167265 0.015458 
0.0304737 0.000399524 0.0863165 0.113165 0.478636 0.0253905 0.0715401 4.41991e-05 0.124845 0.0316706 0.0375181 
0.0458433 0.00909164 0.111579 0.176079 0.227852 0.0144126 0.192036 0.000384252 0.194806 0.006396 0.0215206 
0.0120484 3.31929e-05 0.00623892 0.0109691 0.822754 6.06239e-05 0.0259935 6.37714e-07 0.00677009 6.89906e-05 0.115062 
0.0201543 0.00012861 0.143251 0.00816794 0.708048 0.00273109 0.0814301 3.64303e-05 0.010031 0.0010503 0.0249717 
0.00159683 3.62572e-07 0.380668 0.0285485 0.438014 0.000296087 0.0793585 1.5388e-06 0.0665398 0.000142693 0.00483384 
0.043358 0.00127997 0.123887 0.105034 0.404844 0.0199216 0.0841186 0.000214001 0.144019 0.0257145 0.0476099 
0.0186858 0.000816855 0.105527 0.0848696 0.512519 0.00454725 0.098578 0.000478442 0.145971 0.00596258 0.0220445 
0.0285766 0.00217082 0.138833 0.109683 0.40635 0.0186213 0.0937125 0.000329975 0.150617 0.0195295 0.0315763 
0.0252706 0.228309 0.035501 0.0556031 0.243791 0.00395964 0.129393 0.000548786 0.109101 0.0542614 0.114262 
0.0337605 0.00400404 0.0940587 0.0489606 0.528409 0.0183775 0.112485 0.000117512 0.10047 0.0316428 0.0277141 
0.216197 0.00210096 0.0594097 0.0317823 0.426683 0.0176695 0.147128 5.40973e-05 0.0429796 0.00446333 0.0515325 
0.0194361 2.64252e-05 0.147749 0.0632941 0.444929 0.0110234 0.236968 0.00017462 0.0580159 0.0149924 0.00339067 
0.0378249 0.000124044 0.0361245 0.225387 0.427247 0.0143507 0.0781167 0.000291454 0.138566 0.0104618 0.0315061 
0.00459187 2.34787e-06 0.0274086 0.0807018 0.652267 0.0033056 0.0108669 7.01648e-06 0.113468 0.0938047 0.0135756 
0.030621 0.000213185 0.0367983 0.0962005 0.59225 0.0202375 0.0661463 0.000529415 0.0955203 0.00896491 0.052519 
0.0416778 0.00340585 0.0955031 0.193774 0.275566 0.0215802 0.127727 0.000540473 0.177577 0.0213014 0.0413473 
0.0160326 0.00180191 0.0185078 0.216417 0.610935 0.00201529 0.0295875 0.00108537 0.10347 8.68783e-05 6.00318e-05 
1.20299e-06 2.4702e-06 7.94768e-05 0.0417723 0.952445 0.00546052 0.000209215 1.2429e-05 7.59648e-06 3.04208e-06 7.2615e-06 
0.0973962 1.1805e-05 0.0608663 0.0603308 0.269552 0.00555986 0.0525552 8.06998e-05 0.186552 0.00173649 0.265358 
0.0554006 0.012649 0.0165842 0.218848 0.288627 0.00746584 0.108807 0.000290176 0.24562 0.00952982 0.0361782 
0.0319315 0.00566262 0.226543 0.0861754 0.234469 0.0179749 0.154474 0.000172631 0.201199 0.0143893 0.0270085 
0.0598963 0.000698909 0.0263523 0.125003 0.271986 0.00335994 0.22848 0.0856867 0.160344 0.0040057 0.0341873 
0.0256597 0.00117857 0.115436 0.106375 0.416771 0.0063419 0.147943 0.000589545 0.121642 0.00611071 0.0519519 
0.0269861 0.000335789 0.060456 0.0822501 0.485617 0.0121717 0.102764 0.000340671 0.146169 0.0183693 0.064541 
0.0105755 0.00100587 0.0329866 0.0587766 0.720545 0.00272984 0.0711545 0.000115287 0.0951011 0.0024574 0.00455256 
0.0276177 0.0123814 0.0126124 0.156651 0.302745 0.0117767 0.09965 0.000173776 0.181302 0.0572381 0.137852 
0.011554 0.000527083 0.198106 0.0575418 0.552909 0.00294376 0.065454 0.000132211 0.0982642 0.00285189 0.00971615 
0.00596758 0.00708875 0.0786404 0.0476162 0.570317 0.00870162 0.0625571 4.37425e-06 0.113497 0.0292985 0.0763115 
0.0418593 0.0286432 0.0264644 0.0500441 0.258248 0.204892 0.195333 0.000173584 0.122091 0.0152508 0.0570008 
0.113072 0.00148724 0.0571957 0.0116972 0.476445 0.00302821 0.253429 0.00190143 0.0611388 0.00374502 0.0168612 
0.101942 0.00052838 0.00766067 0.24231 0.32794 0.00293673 0.094925 0.00179352 0.198503 0.00834427 0.0131171 
0.0286257 0.00143043 0.214484 0.0492601 0.411897 0.0152827 0.0859136 0.000234211 0.103822 0.0135664 0.0754834 
0.0442757 0.00230511 0.0986761 0.161419 0.331954 0.0145207 0.126798 0.00147336 0.164053 0.0162987 0.0382261 
0.0156849 1.60949e-05 0.0277015 0.0435267 0.716395 0.00670149 0.0421315 7.04669e-05 0.0979751 0.0393236 0.0104736 
0.00822076 0.00195266 0.0357301 0.134878 0.578696 0.00348085 0.0530868 4.06848e-05 0.126488 0.00827796 0.0491486 
0.0212238 5.57201e-05 0.117877 0.0293625 0.657826 0.00152702 0.0906969 0.00010388 0.0671567 0.00330204 0.0108682 
0.0254114 0.00242901 0.0296501 0.0690981 0.497862 0.0138551 0.0704998 0.000607379 0.210962 0.00306994 0.076556 
0.0740376 0.00330596 0.0623767 0.039287 0.282806 0.0272054 0.135898 0.000184549 0.0802668 0.249825 0.044807 
0.01592 0.000830813 0.0428506 0.0537883 0.685784 0.00391054 0.0368521 0.000576291 0.0713188 0.0058483 0.0823202 
0.00459187 2.34787e-06 0.0274086 0.0807018 0.652267 0.0033056 0.0108669 7.01648e-06 0.113468 0.0938047 0.0135756 
0.0389772 0.000105905 0.0207331 0.260134 0.279952 0.0123829 0.0912707 8.75751e-05 0.253576 0.0125164 0.0302648 
0.0593791 0.00306597 0.00932124 0.139865 0.419689 0.0332321 0.0929235 0.000546351 0.182451 0.0067891 0.0527385 
0.140649 1.11255e-05 0.0107777 0.112884 0.27152 0.00900393 0.145283 5.6961e-05 0.229293 0.00522006 0.0753007 
0.0408571 0.00233935 0.080028 0.06201 0.520061 0.0043979 0.11877 0.000128013 0.100365 0.00358705 0.067457 
0.0825424 0.00177726 0.0605446 0.0287675 0.467302 0.0161287 0.181422 0.000108442 0.0691623 0.00927505 0.0829707 
0.00897995 7.5786e-06 0.0505849 0.138746 0.580339 0.0594515 0.0287854 0.00143225 0.123944 0.00240733 0.00532165 
0.0104941 0.00215937 0.0613764 0.0223133 0.745992 0.00422595 0.0654312 0.000222193 0.0662256 0.00193543 0.0196243 
0.0459794 0.0167942 0.0549697 0.194047 0.415029 0.00618898 0.0830065 0.00463285 0.152767 0.0148684 0.0117173 
0.026989 0.00230468 0.0325512 0.136246 0.422038 0.00996674 0.0945386 3.82195e-05 0.179594 0.0326552 0.0630786 
0.108133 0.000643014 0.0457465 0.125234 0.296122 0.0193138 0.114272 0.000764297 0.17974 0.0155339 0.0944969 
0.0388982 0.000284727 0.101521 0.0617844 0.316822 0.0133201 0.227708 0.010138 0.180348 0.00634147 0.0428347 
0.0595027 0.0138353 0.0515443 0.0676998 0.45959 0.0701716 0.153208 0.000191483 0.09488 0.0180659 0.0113115 
0.058593 0.00357765 0.0468016 0.265156 0.409599 0.0102787 0.0782169 0.0121341 0.0553699 0.0244385 0.0358351 
0.0112091 0.00305845 0.086476 0.0276541 0.71763 0.00576383 0.0782931 0.000326683 0.0595168 0.00237215 0.00769977 
0.0231773 0.000210197 0.332194 0.0181226 0.342311 0.00688277 0.19885 0.000224438 0.0417616 0.0103362 0.0259299 
0.0225053 0.00126604 0.0147821 0.0601414 0.479325 0.0146594 0.094598 0.000556973 0.262813 0.00357149 0.045781 
0.014117 9.87263e-05 0.169589 0.0444921 0.540882 0.0154472 0.0439384 1.0089e-11 0.0434325 3.56724e-06 0.127999 
0.0689915 0.000174483 0.12954 0.0829729 0.356572 0.0154279 0.163213 0.00102469 0.150375 0.00739 0.0243193 
0.0109458 0.00037239 0.115645 0.0290116 0.591461 0.00806154 0.0746919 0.000468035 0.151699 0.00182083 0.015823 
0.00166386 2.8303e-07 0.311797 0.0249718 0.484115 0.0232423 0.0843921 1.23328e-06 0.0659451 0.000111013 0.00375973 
0.00930623 1.40457e-05 0.0159985 0.0138365 0.875405 0.00178265 0.0288656 5.84665e-05 0.0437359 0.00785559 0.00314152 
0.0223678 0.00270142 0.111036 0.0128394 0.629825 0.00316712 0.150526 0.000407767 0.0543402 0.00205482 0.0107341 
0.0291262 0.000180197 0.132216 0.278247 0.281225 0.0070895 0.0997367 0.0140286 0.128613 0.00455937 0.0249788 
0.0463549 2.99062e-05 0.0852872 0.217135 0.294718 0.00206818 0.237012 0.000123992 0.104971 0.00283631 0.00946401 
0.0229277 0.00197484 0.0190714 0.118532 0.340707 0.00532074 0.271568 0.00018058 0.202801 0.00570466 0.0112126 
0.0510847 0.00121533 0.0952094 0.226472 0.268084 0.0301597 0.11566 0.000221978 0.135836 0.025965 0.0500914 
0.0174952 0.000933114 0.00771903 0.0687392 0.483594 0.000728208 0.0813328 6.4907e-05 0.324294 0.000267191 0.014833 
0.0573207 0.00526986 0.0354014 0.118755 0.289841 0.0184648 0.179144 0.000672085 0.23182 0.0195628 0.0437475 
0.0282701 0.00306323 0.199726 0.0692714 0.462557 0.015564 0.180797 1.03321e-05 0.0355436 0.00168042 0.00351632 
0.0407676 0.000285522 0.0919413 0.180277 0.267791 0.0149896 0.127823 0.000576314 0.220628 0.0107809 0.0441406 
0.0164335 0.00507913 0.147568 0.0587902 0.549587 0.0128939 0.0905722 0.000350576 0.0894398 0.016956 0.01233 
0.0415925 0.000433701 0.105208 0.0395291 0.507584 0.0110551 0.183435 0.000306711 0.0945187 0.00533481 0.0110028 
0.0372085 6.62466e-05 0.0819708 0.0392085 0.348865 0.0563418 0.260875 0.000129934 0.135533 0.0139652 0.0258357 
0.0463483 4.59862e-05 0.00998407 0.240387 0.256691 0.00890693 0.137183 0.0117059 0.2501 0.0147904 0.023858 
0.0075072 1.29866e-05 0.26405 0.0966109 0.335691 0.034804 0.0299584 4.29931e-06 0.176045 0.00808878 0.0472264 
0.0633692 0.00216936 0.0789825 0.180564 0.265471 0.0132223 0.159972 0.000640987 0.189268 0.0118158 0.0345248 
0.0057208 0.00200838 0.0226516 0.0245896 0.704307 0.0012459 0.0550407 0.000239304 0.128127 0.00481559 0.0512542 
0.0104941 0.00215937 0.0613764 0.0223133 0.745992 0.00422595 0.0654312 0.000222193 0.0662256 0.00193543 0.0196243 
0.0173802 3.17371e-06 0.0454765 0.0110865 0.645368 0.0359064 0.149546 6.86387e-06 0.0599046 0.00197868 0.0333437 
0.10993 1.71242e-05 0.0409008 0.0512939 0.363684 0.0119365 0.162855 0.000382004 0.0764259 0.00251741 0.180058 
0.0335554 0.0006522 0.0816806 0.175695 0.26411 0.0252674 0.10438 0.000175817 0.247688 0.0180654 0.0487312 
0.103518 9.44075e-05 0.0362509 0.0653965 0.48532 0.00932574 0.0863204 0.000200018 0.179798 0.00370882 0.0300669 
0.0215754 0.00223458 0.0876762 0.248073 0.275061 0.0272573 0.129589 0.000145469 0.146316 0.0155556 0.0465169 
0.0175513 0.000184125 0.0323635 0.0756709 0.553655 0.00829887 0.114715 0.000598937 0.141232 0.00738939 0.0483408 
0.0516515 0.00867371 0.0603648 0.164461 0.258846 0.0194596 0.125717 0.00102431 0.20628 0.00721971 0.0963016 
0.0171894 8.12621e-05 0.0232653 0.14434 0.600025 0.00574155 0.0664624 0.0005083 0.12779 0.00105919 0.0135373 
0.0381925 0.000227037 0.0280827 0.0083001 0.560363 0.00043176 0.226317 1.04879e-05 0.0695428 8.9627e-05 0.0684426 
0.0113882 0.000270538 0.197898 0.111888 0.449615 0.0100049 0.0622202 6.48979e-05 0.131524 0.0150834 0.0100424 
0.023489 0.00123758 0.0481757 0.0508932 0.633884 0.00830801 0.0887085 0.000288682 0.10925 0.00711405 0.0286518 
0.154198 0.00181614 0.126333 0.0804778 0.370799 0.00825294 0.138532 0.000203541 0.0589823 0.00525998 0.0551453 
0.0284194 0.000180605 0.302309 0.0236884 0.437641 0.0108193 0.0832107 0.00019439 0.0866319 0.00535797 0.021548 
0.0116059 0.00313437 0.0885243 0.0274168 0.717611 0.00575121 0.077297 0.000347295 0.0581662 0.00242212 0.00772333 
0.0477073 0.00218728 0.107053 0.12847 0.37136 0.0140392 0.114757 0.0011471 0.162038 0.0151953 0.0360464 
0.0167198 0.00251236 0.0131092 0.104726 0.668182 0.0122551 0.0366193 0.000538772 0.0921287 0.0264678 0.0267405 
0.0107958 0.00842282 0.0109726 0.0609394 0.421138 0.0309688 0.264229 0.00179146 0.104124 0.00197882 0.0846401 
0.0486836 0.00547692 0.0330746 0.0829721 0.465552 0.0154601 0.115003 0.00104448 0.141461 0.00426773 0.0870043 
0.00736669 0.0104471 0.133493 0.188929 0.439098 0.010757 0.0621219 1.58319e-05 0.0428676 0.00555218 0.0993514 
0.0446695 0.00191915 0.0768897 0.0821018 0.325653 0.0173632 0.107134 0.000720285 0.29352 0.00561287 0.0444167 
0.0168726 0.0051947 0.0329805 0.0801986 0.711756 0.0070524 0.0541918 0.000416336 0.0793918 0.00424877 0.00769611 
0.0722809 0.000567484 0.136289 0.0874591 0.187743 0.00777256 0.155888 0.000349372 0.16077 0.181346 0.00953377 
0.147029 0.000428917 0.071446 0.0110647 0.442807 0.00873459 0.233459 0.000243416 0.0690396 0.0073498 0.00839819 
0.0255847 0.0013986 0.0626689 0.180761 0.406903 0.00610854 0.117797 0.000481928 0.176291 0.0059908 0.0160141 
0.0128001 3.42631e-05 0.0190435 0.0397809 0.799353 0.0045971 0.0263354 7.60895e-05 0.0773872 0.0151362 0.00545601 
0.0294739 0.0081583 0.180317 0.0263512 0.488447 0.0213214 0.134203 7.48152e-05 0.0713806 0.0144716 0.0258018 
0.0143999 0.000295991 0.0267553 0.0410701 0.773018 0.0058984 0.0301318 0.000128897 0.0843159 0.0170385 0.00694756 
0.0179137 5.21865e-05 0.231118 0.117842 0.322492 0.00812702 0.106538 7.89122e-05 0.169667 0.00418332 0.0219897 
0.0420181 0.000318638 0.237277 0.0858228 0.323698 0.00753797 0.0736466 0.000189739 0.186201 0.0111953 0.0320943 
0.00459187 2.34787e-06 0.0274086 0.0807018 0.652267 0.0033056 0.0108669 7.01648e-06 0.113468 0.0938047 0.0135756 
0.0168027 1.29049e-05 0.0390948 0.108419 0.318185 0.00879922 0.195679 0.00176401 0.278369 0.00293106 0.0299433 
0.0575992 5.72483e-06 0.0816797 0.040242 0.418856 0.0381161 0.120946 0.000177534 0.195306 0.0282281 0.0188438 
0.043383 0.00123225 0.0727266 0.0774284 0.468857 0.0124226 0.130763 0.000406876 0.167627 0.00380715 0.0213458 
0.00888109 2.79097e-05 0.0250797 0.0367116 0.729646 0.00906779 0.0719909 8.19865e-05 0.101227 0.00940909 0.00787654 
0.0367459 0.00282977 0.0533607 0.172517 0.384957 0.0140873 0.0821058 0.000829048 0.203142 0.019681 0.0297439 
0.0405726 0.00444439 0.0733361 0.0218793 0.661333 0.0120423 0.0853779 6.08619e-05 0.0651677 0.0149323 0.0208538 
0.0316987 0.0044506 0.0246492 0.256464 0.270297 0.0122776 0.0947439 9.43138e-05 0.18266 0.036377 0.086287 
0.0630994 5.54666e-06 0.00548228 0.00636505 0.705168 0.0030334 0.128864 4.51177e-05 0.0654064 0.00155817 0.0209724 
0.0332181 8.37032e-05 0.105792 0.0849467 0.434119 0.00809258 0.0950396 6.2282e-05 0.166108 0.0230174 0.0495196 
0.0417762 7.65136e-05 0.024701 0.037647 0.466975 0.0122208 0.118855 0.000117626 0.131868 0.0512026 0.114561 
0.0464307 0.000247236 0.0348042 0.0473917 0.419563 0.0110899 0.123114 0.00015876 0.178457 0.0116997 0.127043 
0.0433848 8.79531e-05 0.06221 0.0245516 0.33558 0.00327991 0.250348 0.00178871 0.222567 0.0234036 0.0327983 
0.0433875 0.00305674 0.0128933 0.14049 0.464801 0.00709932 0.15766 0.000164324 0.128243 0.0213779 0.0208274 
0.013585 0.000827554 0.0320236 0.14323 0.495687 0.00306029 0.0645941 0.000211562 0.0836279 0.0025353 0.160617 
0.0197673 0.0145176 0.0360289 0.0169784 0.6396 0.0938042 0.1198 0.000616309 0.0430251 0.00327392 0.0125883 
0.00459187 2.34787e-06 0.0274086 0.0807018 0.652267 0.0033056 0.0108669 7.01648e-06 0.113468 0.0938047 0.0135756 
0.0308291 0.00375549 0.0270926 0.031071 0.629289 0.117478 0.0544873 3.19141e-05 0.0766609 0.0172656 0.0120398 
0.014404 0.000961332 0.130828 0.121466 0.476066 0.00918164 0.0660826 0.000571762 0.157527 0.009748 0.0131638 
0.0390283 0.00161008 0.151566 0.0832713 0.419197 0.0224628 0.106179 0.00016969 0.112829 0.0162149 0.0474718 
0.0112091 0.00305845 0.086476 0.0276541 0.71763 0.00576383 0.0782931 0.000326683 0.0595168 0.00237215 0.00769977 
0.014801 0.0011818 0.0396804 0.0455076 0.708412 0.0030286 0.103257 7.62195e-05 0.0793316 0.00236772 0.00235593 
0.016126 3.30845e-05 0.019977 0.0363955 0.785035 0.00561251 0.0370398 6.80805e-05 0.0802634 0.0141605 0.00528923 
0.0589849 0.00258183 0.0403578 0.0703544 0.582883 0.0093145 0.0746815 0.000513141 0.137612 0.00408628 0.0186305 
0.0322494 0.00204715 0.0379677 0.0694716 0.348589 0.0166267 0.0566093 0.00137578 0.101051 0.319808 0.0142038 
0.00183261 2.13347e-06 0.017853 0.158613 0.484588 3.58069e-05 0.28444 0.0109992 0.0388516 0.000175707 0.00260917 
0.0651662 0.000608738 0.0476348 0.0974636 0.510835 0.022642 0.0792116 0.000364794 0.139063 0.00599132 0.0310191 
0.0222099 0.00226481 0.122376 0.0116578 0.371098 0.0189064 0.323867 0.00023633 0.0949419 0.0150536 0.0173882 
0.0341027 0.0011692 0.0777287 0.209776 0.331005 0.01487 0.0882298 0.000343433 0.163288 0.0403299 0.0391568 
0.0430271 0.00524764 0.0534077 0.169872 0.382445 0.0185969 0.112654 0.00159511 0.128443 0.0291911 0.0555201 
0.00782035 0.000108832 0.0851566 0.036743 0.663272 0.00125092 0.0461215 0.000118366 0.142097 0.00098958 0.0163222 
0.0042224 3.45515e-06 0.0125417 0.0118844 0.592691 0.00449249 0.204088 2.07374e-06 0.0951441 0.0303346 0.0445959 
0.0212483 0.000694863 0.00558129 0.112396 0.531201 0.0271522 0.0591317 0.000104109 0.197393 0.00851018 0.036587 
0.130335 0.00112162 0.0409973 0.0718665 0.260701 0.0146564 0.200148 0.0133677 0.226483 0.00661237 0.0337107 
0.0348827 0.00137804 0.278476 0.0348182 0.304912 0.00437898 0.19355 0.000513059 0.119918 0.00819142 0.0189824 
0.0357361 0.0034442 0.0852115 0.102047 0.436546 0.0206892 0.120949 0.000945985 0.148176 0.012035 0.0342194 
0.0899764 5.90367e-06 0.086981 0.0537292 0.337039 0.211778 0.0856612 0.000163034 0.10668 0.0182013 0.00978532 
0.0266096 0.000874615 0.100683 0.100762 0.478769 0.00825148 0.0969536 0.000255971 0.138671 0.0102673 0.037902 
0.0299154 0.00027994 0.0647039 0.107862 0.238424 0.0370208 0.227807 4.67991e-05 0.160044 0.103296 0.0306003 
0.0440599 0.00207804 0.126712 0.0521332 0.380079 0.0185702 0.150183 0.000166747 0.17966 0.0132131 0.0331454 
0.0431163 0.00221415 0.17207 0.0933869 0.424969 0.0126418 0.0937939 0.000293779 0.129968 0.00905145 0.0184945 
0.00970372 0.00107287 0.0311551 0.0589565 0.739001 0.00275365 0.0637391 8.69459e-05 0.0870402 0.00265037 0.00384098 
0.00672978 0.000220348 0.0967306 0.0498765 0.689153 0.0162422 0.0317615 0.000162159 0.0673699 0.0158004 0.0259534 
0.0463721 0.00064191 0.146819 0.101414 0.375416 0.0156295 0.103101 0.000124272 0.155867 0.0143475 0.0402678 
0.0363096 0.000422788 0.0321044 0.284394 0.364319 0.00587248 0.0742528 1.91542e-05 0.0978308 0.0182726 0.0862016 
0.00825258 2.33209e-05 0.2359 0.0903534 0.372185 0.0286981 0.0654631 0.000178813 0.167708 0.00700745 0.0242302 
0.0398095 0.000511523 0.164768 0.223311 0.422306 0.0102273 0.0721004 9.36455e-06 0.0369334 0.00570731 0.0243163 
0.0942427 0.000161765 0.0819711 0.0614516 0.282406 0.0185064 0.274237 0.000188704 0.155467 0.00519907 0.0261683 
0.138603 0.000294677 0.144521 0.0250141 0.40386 0.0124398 0.153021 8.36282e-05 0.0980625 0.00460448 0.0194964 
0.0160755 4.67538e-06 0.0106302 0.20115 0.315027 0.00701862 0.112811 0.00100606 0.299909 0.00443224 0.0319351 
0.0258595 6.89153e-06 0.297999 0.0201737 0.475308 0.00822653 0.0768209 3.30486e-05 0.0732618 0.00328882 0.0190211 
0.0407837 0.00877953 0.0177785 0.188596 0.27753 0.017658 0.154966 0.000469125 0.262935 0.0120482 0.0184558 
0.000418788 1.23379e-06 0.138219 0.00317521 0.681901 0.00163761 0.128376 1.15451e-07 0.0261495 0.000181213 0.0199395 
0.0230691 2.63566e-05 0.0095532 0.181218 0.367508 0.0101953 0.10658 6.19054e-05 0.237864 0.0102326 0.0536908 
0.0484265 0.00265884 0.0330214 0.269919 0.286713 0.0216549 0.102309 0.000413617 0.152262 0.0205898 0.062032 
0.043533 0.00151102 0.109674 0.0787719 0.457734 0.0103413 0.150718 0.0164638 0.101902 0.00907761 0.0202739 
0.0456086 2.93039e-05 0.0291296 0.145021 0.35958 0.00764526 0.037158 0.251213 0.0563731 0.000711724 0.0675303 
0.018815 0.000207323 0.14666 0.0449766 0.337343 0.00181208 0.113178 0.000377881 0.241832 0.00219502 0.092603 
0.0963477 0.0270941 0.0853458 0.0960914 0.236858 0.124991 0.0784918 2.32373e-05 0.152025 0.0391926 0.0635396 
0.0453017 0.0025424 0.233543 0.0720176 0.372498 0.0108674 0.11053 0.00043499 0.121397 0.0109062 0.0199619 
0.0859841 9.95308e-05 0.0615375 0.0556544 0.477255 0.00553511 0.195201 0.00101835 0.106291 0.0035256 0.00789901 
0.0975605 2.86846e-05 0.0247736 0.175853 0.290322 0.013013 0.144058 0.00027805 0.17269 0.012481 0.0689417 
0.011478 3.49838e-05 0.211419 0.194555 0.302196 0.0155745 0.100321 0.000660458 0.142966 0.00924563 0.0115498 
0.0757997 0.00169023 0.0805394 0.0845472 0.21932 0.0454207 0.198018 9.9326e-05 0.195574 0.0796451 0.0193468 
0.0688333 0.0142751 0.14636 0.0695951 0.311058 0.0399009 0.142243 0.000246009 0.110683 0.0119699 0.0848354 
0.0112091 0.00305845 0.086476 0.0276541 0.71763 0.00576383 0.0782931 0.000326683 0.0595168 0.00237215 0.00769977 
0.0523936 0.00291977 0.0421647 0.131692 0.341166 0.0140213 0.115405 0.00161685 0.254287 0.00933651 0.0349974 
0.0396376 0.00104544 0.0742567 0.0699547 0.588297 0.0059139 0.0887098 0.000117852 0.0906133 0.00497691 0.0364772 
0.0161715 0.000630967 0.0340404 0.0646152 0.726293 0.00288848 0.0595283 8.05064e-05 0.0860654 0.0059147 0.00377183 
0.169757 0.000215387 0.0151341 0.131531 0.41484 0.00128968 0.0387263 0.0015117 0.0902948 0.00358972 0.133109 
0.0899974 0.000300581 0.159674 0.129917 0.245828 0.0424067 0.159845 0.00230082 0.140409 0.00841043 0.020911 
0.0877399 0.00227098 0.035792 0.167587 0.394771 0.0181099 0.111404 0.000351012 0.14141 0.0164122 0.0241523 
0.0163873 0.00196566 0.0253231 0.138152 0.666781 0.00284306 0.05949 0.000730373 0.0759922 0.00555905 0.00677641 
0.0332483 0.000718129 0.110421 0.123818 0.367099 0.0339214 0.132859 0.00015272 0.150078 0.028143 0.0195418 
0.0128001 3.42631e-05 0.0190435 0.0397809 0.799353 0.0045971 0.0263354 7.60895e-05 0.0773872 0.0151362 0.00545601 
0.0488314 3.92971e-05 0.0558571 0.0482735 0.354735 0.0100029 0.227243 0.00969104 0.202659 0.0117592 0.0309088 
0.00356398 4.26958e-12 0.106355 1.23851e-12 0.846865 0.00171944 0.0238435 2.19146e-07 0.0118682 0.000902471 0.00488238 
0.0380844 0.00193688 0.125274 0.0863133 0.363287 0.0392218 0.100757 8.55241e-05 0.209217 0.0227551 0.0130677 
0.107138 0.0243005 0.105858 0.17744 0.196325 0.0162173 0.0982829 0.0142977 0.194411 0.0510159 0.0147136 
0.103518 9.44075e-05 0.0362509 0.0653965 0.48532 0.00932574 0.0863204 0.000200018 0.179798 0.00370882 0.0300669 
0.025376 0.000370485 0.0082587 0.175471 0.483947 0.00674915 0.109004 0.000105213 0.138145 0.0299607 0.0226125 
0.0304069 0.000660174 0.0980465 0.210385 0.241916 0.0120517 0.108785 0.00247862 0.236194 0.00808409 0.0509915 
0.00970372 0.00107287 0.0311551 0.0589565 0.739001 0.00275365 0.0637391 8.69459e-05 0.0870402 0.00265037 0.00384098 
0.0376138 0.000633962 0.0636663 0.162459 0.355102 0.00521455 0.167866 0.00107634 0.168375 0.00459699 0.0333958 
0.0166567 0.00319481 0.0781033 0.0339123 0.529143 0.00374135 0.138045 1.78257e-05 0.150817 0.00186667 0.044501 
0.0170591 0.000163778 0.0227017 0.0793656 0.564698 0.00677575 0.146094 0.000866676 0.158849 0.000624353 0.00280226 
0.0279562 0.000139952 0.303465 0.0502639 0.335157 0.0088718 0.153981 0.000633967 0.0986693 0.0104837 0.0103784 
0.0204533 0.00963401 0.172237 0.0279102 0.495963 0.0166478 0.139202 0.000303199 0.070589 0.0297535 0.0173069 
0.0110023 0.000115622 0.023104 0.031499 0.606224 0.00141969 0.16084 0.000178994 0.0952286 0.00405247 0.0663348 
0.104584 0.00258346 0.0183631 0.156092 0.183292 0.0867208 0.115779 0.102778 0.178573 0.0144469 0.0367895 
0.0479826 9.34798e-05 0.0304761 0.0623313 0.524125 0.00137804 0.0897197 0.000160068 0.0599174 0.000932283 0.182884 
0.0752554 0.00256204 0.180548 0.18059 0.223838 0.0213162 0.138907 4.01322e-05 0.107396 0.0538782 0.0156689 
0.00970372 0.00107287 0.0311551 0.0589565 0.739001 0.00275365 0.0637391 8.69459e-05 0.0870402 0.00265037 0.00384098 
0.0273462 9.40556e-05 0.230922 0.122745 0.33679 0.00679348 0.0528807 0.0168416 0.171955 0.0161229 0.0175105 
0.0268038 0.000123882 0.0101334 0.102032 0.35289 0.00500527 0.240741 9.94014e-05 0.164623 0.0385514 0.0589963 
0.0302102 0.00433723 0.0672953 0.11508 0.441042 0.0203971 0.106293 0.00138766 0.165785 0.0137859 0.0343855 
0.0888937 0.00262593 0.0913842 0.159478 0.356229 0.0211054 0.093243 0.00150102 0.153185 0.0133438 0.019011 
0.0213796 0.000671605 0.0947394 0.244955 0.296518 0.0105148 0.134421 0.00266668 0.15235 0.0175298 0.0242536 
0.0309521 0.00185545 0.153083 0.0814227 0.449702 0.0178172 0.0674231 0.000148669 0.156038 0.00713128 0.0344267 
0.0489394 0.000109114 0.0754448 0.250146 0.325188 0.0369491 0.100537 8.54676e-06 0.131664 0.0263286 0.004685 
0.00985187 0.00246758 0.0796675 0.0839726 0.548058 0.00332151 0.111191 0.00389654 0.136925 0.00254767 0.0181012 
0.0300807 0.000260175 0.0636838 0.109729 0.238063 0.037004 0.226619 4.38693e-05 0.158658 0.105757 0.0301007 
0.0259513 0.00218821 0.0400839 0.185688 0.339355 0.0199851 0.0491746 3.19105e-05 0.210927 0.0246541 0.101961 
0.00970372 0.00107287 0.0311551 0.0589565 0.739001 0.00275365 0.0637391 8.69459e-05 0.0870402 0.00265037 0.00384098 
0.028418 0.00302717 0.181022 0.0495383 0.415357 0.0152038 0.153805 0.000147748 0.0980537 0.0286697 0.026758 
0.0540189 2.27336e-06 0.203365 0.00528146 0.518572 0.0171519 0.073033 6.22236e-05 0.122711 0.000288086 0.00551338 
0.0101991 3.58611e-06 0.0325436 0.0635175 0.645679 0.0068591 0.0308796 5.26269e-06 0.122776 0.0748959 0.0126413 
0.00970372 0.00107287 0.0311551 0.0589565 0.739001 0.00275365 0.0637391 8.69459e-05 0.0870402 0.00265037 0.00384098 
0.00951708 6.15847e-06 0.0682804 0.0259214 0.682397 0.00199114 0.112412 1.9322e-05 0.0834015 0.0067054 0.0093493 
0.0696264 0.0238894 0.0138076 0.213068 0.291321 0.0240096 0.120168 0.000170475 0.106004 0.0502283 0.0877065 
0.081849 0.000498908 0.0898042 0.0538618 0.42546 0.00968904 0.145968 0.00184718 0.132154 0.00357819 0.055289 
0.00459187 2.34787e-06 0.0274086 0.0807018 0.652267 0.0033056 0.0108669 7.01648e-06 0.113468 0.0938047 0.0135756 
0.0275655 0.00246714 0.138068 0.0945993 0.431177 0.0113542 0.107931 0.000787025 0.134491 0.0135908 0.037969 
0.0510953 0.00865346 0.0517287 0.112302 0.331917 0.122954 0.111222 0.000107561 0.139381 0.0434817 0.0271582 
0.0917628 0.0135339 0.0440499 0.0246361 0.237623 0.196808 0.164364 0.000329038 0.140523 0.0282712 0.058099 
0.0141373 0.000447737 0.114998 0.137401 0.489153 0.0139589 0.0682004 4.94946e-05 0.116382 0.0185603 0.0267117 
0.0351519 0.00192377 0.0939381 0.104425 0.44914 0.00798103 0.132341 0.000188906 0.13332 0.0146206 0.0269694 
0.0285764 0.000410106 0.100238 0.208068 0.320495 0.00701197 0.123057 0.00165185 0.190974 0.00284361 0.016674 
0.044543 0.00253021 0.0781761 0.0996509 0.446122 0.016468 0.0994961 0.000139895 0.137287 0.036246 0.0393408 
0.0242705 0.00254549 0.0637811 0.0626208 0.61389 0.0199187 0.0812164 0.000130064 0.0982311 0.01474 0.0186559 
0.0266937 0.000164078 0.0924911 0.0916217 0.522658 0.0132159 0.0760863 0.000211498 0.117695 0.00802451 0.0511384 
0.0455528 0.065949 0.0217813 0.0917295 0.526798 0.0326826 0.0710596 0.000238265 0.0968145 0.0125131 0.0348816 
0.0349297 0.00942068 0.134141 0.204338 0.318489 0.0316836 0.123559 6.92518e-05 0.0731756 0.0348452 0.035349 
0.0329881 0.0014098 0.0445712 0.0655708 0.505038 0.0211658 0.160275 0.000426793 0.108268 0.00713366 0.0531524 
0.00953879 0.00732001 0.0341261 0.172668 0.578192 0.00764931 0.0354903 0.000346799 0.0604378 0.00202881 0.0922017 
0.00970372 0.00107287 0.0311551 0.0589565 0.739001 0.00275365 0.0637391 8.69459e-05 0.0870402 0.00265037 0.00384098 
0.00459187 2.34787e-06 0.0274086 0.0807018 0.652267 0.0033056 0.0108669 7.01648e-06 0.113468 0.0938047 0.0135756 
0.0731815 0.00256573 0.0558234 0.0692364 0.536985 0.0405606 0.111472 0.000922019 0.0875425 0.00252654 0.0191844 
0.00772865 0.00179666 0.0687165 0.0212083 0.510602 0.00996961 0.185714 1.16891e-05 0.0806757 0.0522716 0.0613049 
0.0175513 0.000184125 0.0323635 0.0756709 0.553655 0.00829887 0.114715 0.000598937 0.141232 0.00738939 0.0483408 
0.000523549 4.65511e-07 0.198622 0.0317304 0.544452 0.0421828 0.0227553 1.64314e-05 0.142843 1.90381e-05 0.0168543 
0.00738274 0.001977 0.306524 0.0492476 0.339932 0.0231614 0.101841 0.000343311 0.0972171 0.0304857 0.0418876 
0.0392789 0.000663597 0.0223735 0.0131685 0.700378 0.0123073 0.104756 0.000226642 0.0907483 0.000939888 0.0151589 
0.0123 0.0016074 0.179243 0.0544194 0.583 0.00449937 0.0745195 0.000350854 0.0619298 0.0111938 0.0169363 
0.008183 0.00280729 0.0359147 0.0509319 0.429469 0.00299865 0.25937 0.000266218 0.135303 0.00315101 0.0716053 
0.0215972 0.000192332 0.28844 0.0218122 0.388781 0.0100435 0.194758 0.000151954 0.0365379 0.0321213 0.00556362 
0.012512 0.00243222 0.0272057 0.183307 0.568687 0.00687048 0.0789112 4.60811e-05 0.0877835 0.00866697 0.023578 
0.0198417 0.00100231 0.092654 0.126877 0.368059 0.0314273 0.113538 0.000366721 0.211026 0.00282801 0.0323798 
0.0883503 0.000783405 0.0709354 0.179917 0.365903 0.0208224 0.103648 0.000307124 0.103809 0.0583085 0.00721485 
0.014545 1.74834e-05 0.0612045 0.0670193 0.744323 0.0068117 0.0278099 0.000107958 0.0370035 0.00453243 0.0366253 
0.0317621 0.00678024 0.197675 0.060258 0.425341 0.0286999 0.132757 0.000145556 0.0826523 0.018013 0.0159158 
0.229793 0.00694396 0.00703482 0.0509167 0.347297 0.00368897 0.144949 2.44444e-05 0.0963861 0.000718237 0.112248 
0.154669 5.33196e-05 0.061551 0.00837889 0.461158 0.00646635 0.238227 3.68588e-05 0.058111 0.00494955 0.00639982 
0.0197396 2.35651e-05 0.110646 0.298238 0.467304 0.00133676 0.0377042 0.000277967 0.0612133 0.000936248 0.00257994 
0.0184873 0.00101505 0.0948472 0.107243 0.65338 0.00615306 0.0268321 4.49355e-06 0.0838598 0.00437441 0.00380323 
0.0145178 0.00140223 0.0268697 0.043943 0.542772 0.00458273 0.130661 0.000380362 0.118067 0.00755624 0.109248 
0.171828 0.00122687 0.0457489 0.0824172 0.281201 0.0112557 0.173336 0.000747508 0.129093 0.00601257 0.0971339 
0.0342237 0.000171616 0.0223959 0.142876 0.635883 0.00449994 0.0508689 0.000214318 0.0844113 0.0049713 0.0194843 
0.0199406 0.0104745 0.0389292 0.23214 0.297101 0.00791864 0.0575868 0.000161193 0.212045 0.00561783 0.118086 
0.00934227 2.37948e-05 0.025467 0.284946 0.434756 0.00950005 0.0601076 3.30642e-05 0.151753 0.00476101 0.0193106 
0.0057374 0.000104104 0.0088691 0.152814 0.684741 0.00554986 0.0184856 4.01346e-05 0.0832969 0.0108358 0.0295269 
0.0183542 0.000271028 0.0378035 0.0644552 0.353298 0.0150088 0.259015 0.000386523 0.220134 0.00615266 0.0251204 
0.0698996 0.00405574 0.034638 0.224342 0.25701 0.0175069 0.0838536 4.26795e-05 0.201959 0.0530327 0.0536587 
0.0289791 0.00357581 0.0577907 0.0197369 0.703384 0.00878589 0.0792852 0.000121257 0.0638744 0.0108788 0.0235883 
0.0766431 0.0154399 0.0274294 0.0542319 0.225997 0.0909756 0.0899612 0.000249583 0.16024 0.0658242 0.193007 
0.0310433 0.000297462 0.0465024 0.2404 0.314654 0.0200367 0.0550985 0.000610313 0.262767 0.0167634 0.0118266 
0.0412124 0.00412228 0.274587 0.0334472 0.367592 0.0254918 0.122196 0.000278813 0.0824316 0.0156294 0.0330118 
0.0342547 8.17206e-06 0.016174 0.108312 0.414094 0.00499948 0.153431 0.000178915 0.212525 0.00237813 0.0536451 
0.00609884 1.85144e-06 0.227511 0.0973735 0.356177 0.0259878 0.149015 3.78416e-05 0.112115 0.000697807 0.0249832 
0.205334 0.00812538 0.0225523 0.111605 0.305414 0.00904266 0.123039 0.000413033 0.167814 0.0148382 0.0318228 
0.0112091 0.00305845 0.086476 0.0276541 0.71763 0.00576383 0.0782931 0.000326683 0.0595168 0.00237215 0.00769977 
0.0478246 1.18628e-05 0.155374 0.0344013 0.538811 0.00429769 0.129357 0.00010164 0.0646724 0.00346732 0.0216816 
0.0085538 0.00039413 0.0227808 0.0290182 0.818607 0.00443972 0.0276747 7.24327e-05 0.076011 0.00386907 0.00857961 
0.0485621 0.00145945 0.119625 0.0636557 0.413842 0.0148729 0.150247 0.000144453 0.147933 0.015943 0.0237161 
0.0116059 0.00313437 0.0885243 0.0274168 0.717611 0.00575121 0.077297 0.000347295 0.0581662 0.00242212 0.00772333 
0.00970372 0.00107287 0.0311551 0.0589565 0.739001 0.00275365 0.0637391 8.69459e-05 0.0870402 0.00265037 0.00384098 
0.0101991 3.58611e-06 0.0325436 0.0635175 0.645679 0.0068591 0.0308796 5.26269e-06 0.122776 0.0748959 0.0126413 
0.059431 1.88686e-05 0.0141308 0.0956995 0.280374 0.00348985 0.110717 4.11447e-05 0.242178 0.00414213 0.189778 
0.0275513 0.000809542 0.292401 0.0311687 0.411783 0.00703534 0.0807064 0.000582906 0.0987743 0.00661338 0.0425746 
0.0643742 1.1637e-05 0.046945 0.00503554 0.628077 0.0153268 0.143875 0.000183163 0.0380793 0.00109548 0.0569968 
0.0229478 0.0046117 0.196625 0.0551217 0.449508 0.0246735 0.0603744 3.14172e-07 0.073383 0.000196767 0.112557 
0.0124865 0.00332114 0.0298456 0.128644 0.677475 0.0029204 0.061112 6.94674e-05 0.0773883 0.00309721 0.00364131 
0.00765293 0.000785869 0.0114225 0.0376525 0.752567 0.00348504 0.0477855 0.000147405 0.0688721 0.0519449 0.0176839 
0.00846006 0.000204862 0.027521 0.0184741 0.529726 0.0080069 0.200595 0.000749462 0.117285 0.0398818 0.0490959 
0.0203554 0.00452056 0.0351888 0.0802384 0.679609 0.00658577 0.068572 0.000726811 0.0911199 0.00373603 0.00934736 
0.0646448 0.000281595 0.288645 0.0478692 0.300516 0.0142719 0.142563 0.00242042 0.0999841 0.022052 0.016752 
0.0405726 0.00444439 0.0733361 0.0218793 0.661333 0.0120423 0.0853779 6.08619e-05 0.0651677 0.0149323 0.0208538 
0.0512303 0.00172318 0.0178256 0.0873823 0.322539 0.0211166 0.1784 0.000881116 0.192554 0.00717193 0.119177 
0.0208911 0.00122035 0.0084513 0.210657 0.418075 0.00922244 0.0480997 0.000508213 0.24493 0.0185107 0.019434 
0.0347933 0.00253287 0.122203 0.0899126 0.430855 0.0173849 0.101514 0.000570948 0.147139 0.0134805 0.0396148 
0.00797475 1.64819e-06 0.0887282 0.0676516 0.571389 0.00456992 0.0562252 3.8782e-06 0.129538 0.0663486 0.00756869 
0.0183545 0.000987814 0.028285 0.048818 0.532838 0.0100933 0.0914078 0.000396962 0.0871768 0.0335498 0.148092 
0.0049387 0.000860123 0.0222872 0.0536662 0.750954 0.0278109 0.0528405 5.94968e-05 0.0820938 0.00144474 0.0030444 
0.0424708 0.000187333 0.0135323 0.0648094 0.486134 0.105219 0.218096 0.000275165 0.0483022 0.00543324 0.0155407 
0.0391407 0.00274863 0.009908 0.288827 0.34677 0.010677 0.0442742 1.4578e-06 0.211812 0.0049498 0.0408914 
0.118591 0.00274577 0.0503101 0.0635211 0.298674 0.0294983 0.156684 0.000460177 0.156565 0.0119569 0.110994 
0.0203163 0.000150414 0.0245747 0.230612 0.276981 0.00448474 0.245032 0.00161896 0.171502 0.0110007 0.013728 
0.121201 0.00655258 0.0229435 0.0358195 0.479111 0.00265293 0.182419 7.75988e-05 0.0947386 0.00317089 0.0513132 
0.0281901 8.52551e-06 0.0800537 0.124501 0.486813 0.0134902 0.13532 0.000607463 0.0983403 0.00616259 0.0265139 
0.0716619 0.00784368 0.0627919 0.105344 0.234104 0.00806488 0.132958 7.08575e-05 0.155397 0.00343884 0.218325 
0.0225328 0.0023643 0.0264685 0.133991 0.474275 0.00930509 0.0973326 0.000387977 0.139805 0.0226694 0.0708677 
0.0426197 2.99634e-06 0.0404632 0.0709736 0.541718 0.0206898 0.128541 1.24316e-05 0.0865427 0.00834073 0.0600961 
0.114225 0.000854403 0.0298892 0.0571434 0.410665 0.0135896 0.172082 0.000184603 0.140881 0.0248652 0.03562 
0.0342963 0.000462326 0.180001 0.067743 0.41546 0.00934001 0.139709 0.000250264 0.101123 0.0238116 0.0278035 
0.189411 0.000708049 0.0427184 0.12704 0.232816 0.0237362 0.130602 0.000454959 0.191814 0.0176411 0.0430582 
0.0229957 5.93541e-06 0.0105058 0.0452394 0.669018 0.00711463 0.0877054 0.000111545 0.0832093 0.00194184 0.0721523 
0.0157852 0.0117638 0.0920024 0.0718902 0.550721 0.0303572 0.0758118 0.000101769 0.121421 0.0176967 0.0124483 
0.02835 6.72916e-05 0.0037258 0.28369 0.421896 0.00141247 0.0751614 0.0466457 0.120301 0.00390693 0.0148442 
0.0301416 0.00152125 0.122484 0.28124 0.432135 0.0047514 0.0484694 0.000103476 0.0425129 0.0131112 0.0235296 
0.00441848 1.50111e-05 0.0386989 0.282831 0.516619 0.00114522 0.0283503 0.000328547 0.106458 4.56937e-05 0.021089 
0.0137657 0.00316692 0.0288777 0.0697992 0.545887 0.0157452 0.0729524 0.000348855 0.221619 0.0037319 0.0241058 
0.0389039 0.0007356 0.025178 0.0880662 0.383881 0.0101889 0.182086 0.000393516 0.144769 0.0130455 0.112752 
0.0116059 0.00313437 0.0885243 0.0274168 0.717611 0.00575121 0.077297 0.000347295 0.0581662 0.00242212 0.00772333 
0.109679 8.83669e-06 0.26238 0.0109404 0.515823 0.0129542 0.0512158 3.78401e-06 0.0190516 0.0128232 0.00512138 
0.00459187 2.34787e-06 0.0274086 0.0807018 0.652267 0.0033056 0.0108669 7.01648e-06 0.113468 0.0938047 0.0135756 
0.0112091 0.00305845 0.086476 0.0276541 0.71763 0.00576383 0.0782931 0.000326683 0.0595168 0.00237215 0.00769977 
0.0391384 0.00517665 0.0192051 0.16681 0.463348 0.00716712 0.0741928 9.60389e-06 0.12419 0.0653494 0.0354128 
0.143699 0.0050764 0.025844 0.0922374 0.15857 0.127296 0.10701 0.00779593 0.131569 0.0613737 0.139529 
0.040923 0.00188589 0.0616389 0.129609 0.398197 0.0066985 0.103111 0.000504737 0.223161 0.006524 0.027747 
0.0731971 0.0151895 0.243464 0.083296 0.278478 0.0319741 0.0926444 0.0180796 0.127779 0.00708278 0.0288161 
0.0219575 0.00166446 0.0604184 0.156468 0.304505 0.0133372 0.143023 0.000161674 0.256004 0.00397494 0.0384856 
0.0515285 0.00214513 0.0263214 0.170501 0.307295 0.00722039 0.0917285 0.000277023 0.185773 0.0223852 0.134824 
0.00769754 5.5469e-06 0.0562869 0.0360861 0.772648 0.0041984 0.0505925 2.14962e-05 0.0579359 0.00167192 0.012856 
0.00863286 0.000650233 0.0317469 0.0646562 0.725394 0.00266541 0.0494585 6.84057e-05 0.0949515 0.015704 0.00607183 
0.0454028 0.00063193 0.124576 0.100438 0.45427 0.00986535 0.0904823 0.00150787 0.111817 0.00333409 0.0576743 
0.00970372 0.00107287 0.0311551 0.0589565 0.739001 0.00275365 0.0637391 8.69459e-05 0.0870402 0.00265037 0.00384098 
0.0210182 0.000173071 0.0526519 0.144851 0.476182 0.0106157 0.172885 1.83829e-06 0.0917188 0.00102462 0.0288786 
0.00531362 0.000345548 0.355747 0.00546328 0.362076 0.0402929 0.14678 3.38676e-06 0.0577055 0.0210487 0.00522333 
0.0104941 0.00215937 0.0613764 0.0223133 0.745992 0.00422595 0.0654312 0.000222193 0.0662256 0.00193543 0.0196243 
0.00663372 0.00893181 0.210785 0.189166 0.346523 0.0618146 0.076197 0.000925637 0.0754956 0.00628791 0.0172393 
0.0392117 0.000153931 0.10606 0.0380092 0.60611 0.00492326 0.094761 0.000193279 0.0883197 0.00670235 0.0155565 
0.0338761 0.00257318 0.127166 0.140332 0.364078 0.0210423 0.103478 0.00109937 0.152276 0.0245601 0.0295194 
0.0330349 0.000909435 0.136664 0.0725381 0.452784 0.0216853 0.0994945 0.00018954 0.134538 0.0130275 0.0351353 
0.0469587 0.00138989 0.0723654 0.206731 0.3185 0.00379464 0.166567 0.00109227 0.129029 0.0058269 0.0477449 
0.0649692 0.0325306 0.0720979 0.0613641 0.237133 0.0263676 0.191764 0.000167983 0.205829 0.0117521 0.0960244 
0.0273116 0.00118089 0.00834243 0.08367 0.60545 0.027682 0.0318919 6.30596e-05 0.0950858 0.0471517 0.0721705 
0.0094313 0.00871458 0.0107505 0.336703 0.357013 0.00653107 0.0843759 0.000624682 0.173287 0.00361957 0.00894923 
0.046221 0.000156085 0.0608831 0.0147376 0.665948 0.00341617 0.0367886 4.67404e-08 0.00677941 0.000662794 0.164407 
0.0250895 0.00603814 0.0174244 0.0245749 0.366683 0.0115542 0.308569 0.000179325 0.0768601 0.00524495 0.157783 
0.0243776 0.000534611 0.0882876 0.182869 0.401057 0.0890971 0.114359 0.000301268 0.0894801 0.00398758 0.00564839 
0.0190732 0.00101406 0.178075 0.0370028 0.561008 0.0114989 0.0939213 0.000103975 0.0874565 0.00498363 0.0058626 
0.0245273 0.000101188 0.119247 0.100746 0.31193 0.00421548 0.210458 0.000760706 0.109497 0.0939453 0.0245724 
0.0378088 0.00404892 0.0983024 0.0770579 0.281869 0.0371735 0.173631 0.000107195 0.233381 0.0152921 0.0413278 
0.0169464 0.000193502 0.0209148 0.00597849 0.512888 0.00284519 0.129309 0.000160618 0.0901946 0.00430435 0.216265 
0.0141886 0.0012307 0.0248948 0.178778 0.308892 0.0140689 0.0978443 0.00132049 0.223489 0.00525695 0.130037 
0.00819765 0.0274562 0.0872772 0.0886391 0.432097 0.0412907 0.0878455 0.000302728 0.186515 0.0134619 0.0269175 
0.0320063 9.93941e-05 0.0963592 0.226193 0.26741 0.00973448 0.102111 9.46718e-05 0.23729 0.011574 0.0171274 
0.00890627 9.62831e-05 0.0375187 0.251607 0.397442 0.00415184 0.041597 8.52261e-06 0.182643 0.0102926 0.0657366 
0.0260755 1.63159e-05 0.027824 0.0543628 0.575444 0.00688671 0.173489 0.000327682 0.0930992 0.0165182 0.0259558 
0.0641987 0.000202498 0.146866 0.0145179 0.597076 0.00633158 0.10963 0.000526174 0.0514563 0.000479569 0.00871618 
0.0101337 8.07162e-06 0.160656 0.022103 0.515788 0.00071663 0.217858 0.000114836 0.0459209 0.00417587 0.022526 
0.0221391 0.00395088 0.0918209 0.0986056 0.599112 0.0057 0.0514808 0.00027717 0.109726 0.0116718 0.0055157 
0.0174897 0.00313088 0.151032 0.0151018 0.584851 0.00548098 0.109227 6.02982e-06 0.0832854 0.00214877 0.0282465 
0.0130879 0.000117111 0.036388 0.105168 0.556561 0.0130218 0.118396 0.000225248 0.112092 0.00200404 0.0429395 
0.0282404 0.000795096 0.138398 0.118574 0.389167 0.00994597 0.129504 0.000374546 0.136486 0.0278064 0.020708 
0.059597 0.000137149 0.145421 0.0439827 0.505164 0.0148964 0.107962 0.000246104 0.0947159 0.0128369 0.0150404 
0.0404576 0.000600531 0.107998 0.0632498 0.39123 0.0235152 0.192882 0.000365815 0.141302 0.00785887 0.0305393 
0.0170314 0.00101017 0.148835 0.075155 0.451162 0.0075359 0.0424582 8.55918e-06 0.228984 0.00332876 0.0244902 
