0.0825018 0.00303602 0.0272269 0.0326562 0.144645 0.0141958 0.515852 0.000353496 0.104664 0.0146744 0.0601946 
0.0200704 0.000133107 0.0205165 0.0744208 0.0381668 0.00468698 0.725242 0.000805203 0.103692 0.00168164 0.0105847 
0.0743621 0.000223793 0.0289991 0.051393 0.106264 0.122235 0.28351 0.000523618 0.109527 0.0827463 0.140217 
0.0451212 0.0414349 0.0530924 0.0220265 0.0775335 0.02205 0.477836 0.000586727 0.16846 0.0334413 0.0584182 
0.0788735 0.0011878 0.0192663 0.0852124 0.0727057 0.0361985 0.397856 0.000319492 0.275698 0.0107451 0.0219369 
0.0602453 0.0304556 0.0464619 0.0780658 0.0575398 0.204031 0.30238 0.000106273 0.153568 0.0325167 0.0346302 
0.143731 0.00733074 0.0278158 0.0446321 0.0404713 0.0313594 0.280031 0.00027099 0.160631 0.0152603 0.248467 
0.114219 0.0146505 0.0516764 0.0224249 0.0989021 0.0220397 0.453351 0.00027411 0.186754 0.0164928 0.0192156 
0.0348494 0.118928 0.0220142 0.0505226 0.0964947 0.100801 0.439506 7.57833e-05 0.0749499 0.0117919 0.0500659 
0.0428478 0.00104484 0.0308615 0.126929 0.0628894 0.16413 0.324791 0.00046334 0.157753 0.00710128 0.0811886 
0.120007 0.011992 0.021844 0.0307551 0.0595875 0.0803896 0.442474 0.000296439 0.177846 0.0165974 0.0382115 
0.0676403 0.0277227 0.0190881 0.0343913 0.050449 0.262576 0.27338 0.00010728 0.142425 0.0940534 0.0281677 
0.0323671 4.29645e-06 0.027554 0.0614542 0.0764599 0.0021295 0.41419 6.71165e-05 0.208761 4.37002e-05 0.176969 
0.00470444 2.52631e-05 0.00464838 0.0153555 0.0327905 0.017381 0.847406 8.77791e-08 0.0740538 0.000577358 0.00305811 
0.0337856 0.114119 0.0149215 0.048677 0.0926303 0.104314 0.465653 6.85593e-06 0.0658108 0.00946671 0.0506146 
0.116369 0.00412662 0.120941 0.0330999 0.0767978 0.0353842 0.382665 0.000584619 0.153611 0.0245141 0.0519063 
0.127393 0.00120596 0.0269839 0.078813 0.111742 0.0146701 0.308016 0.000382584 0.224766 0.011761 0.0942665 
0.0501527 0.000280632 0.0271068 0.0382773 0.0303283 0.0567969 0.647398 0.000380079 0.119335 0.00515822 0.0247865 
0.0375246 0.00168667 0.0200377 0.0191864 0.022973 0.215952 0.587254 8.94022e-05 0.0723325 0.0115182 0.0114462 
0.0933988 0.00230308 0.0148287 0.122815 0.0871216 0.00464786 0.499789 0.000464874 0.156272 0.00790351 0.0104551 
0.0416389 0.000579625 0.091854 0.228167 0.148326 0.00112524 0.310818 6.75946e-05 0.149285 0.00203078 0.0261087 
0.200485 0.000848105 0.0222512 0.0209069 0.055922 0.021529 0.48363 0.000128609 0.139637 0.00939172 0.0452715 
0.0306616 0.00660097 0.0274996 0.113737 0.124349 0.0217846 0.366078 0.0012024 0.207117 0.0397766 0.0611938 
0.0724335 0.00522589 0.0474477 0.0789478 0.121215 0.0119575 0.36898 0.000658051 0.26287 0.0136062 0.016658 
0.0614944 0.0177838 0.0508515 0.0955988 0.21719 0.0403703 0.241996 7.08447e-05 0.199148 0.0454461 0.03005 
0.0715118 4.50068e-06 0.00889063 0.114395 0.072753 0.00213427 0.409835 0.000420826 0.231392 0.0777264 0.0109374 
0.0369975 0.00560732 0.0230558 0.201833 0.122205 0.0158414 0.372197 0.000796579 0.146945 0.0137174 0.0608044 
0.141714 0.000894927 0.00402047 0.0975394 0.0633502 0.0870164 0.309064 7.10045e-05 0.225713 0.0258735 0.0447436 
0.0711239 0.00268733 0.0503297 0.0292043 0.091397 0.0269735 0.330521 0.000548664 0.199705 0.0193188 0.178191 
0.0326957 0.0237622 0.0393358 0.13803 0.0648449 0.0356857 0.394662 0.000567762 0.187986 0.0561007 0.0263297 
0.0541466 0.0145952 0.0955091 0.0998376 0.105315 0.0381288 0.246022 0.000231065 0.228782 0.0649033 0.0525301 
0.0540509 0.00186891 0.0248613 0.0336112 0.0505289 0.0106325 0.719193 0.00043382 0.0870039 0.00453504 0.0132809 
0.0754273 1.32397e-05 0.013722 0.0457161 0.0257092 0.041856 0.594439 0.00232662 0.164626 0.0155354 0.0206294 
0.0388602 0.0301122 0.0232197 0.0438044 0.0855253 0.0275771 0.523031 0.000406175 0.140213 0.0211865 0.0660648 
0.0992091 0.0108126 0.0250554 0.054667 0.0938847 0.0133416 0.431449 0.000496794 0.232765 0.0051811 0.033138 
0.0868812 0.00443513 0.0421299 0.0412368 0.0566322 0.217826 0.294923 0.000621938 0.186672 0.0442591 0.0243834 
0.127764 0.0070698 0.0415476 0.0289713 0.0828897 0.0339107 0.498897 0.00430627 0.143481 0.0185201 0.0126431 
0.0305042 0.00160694 0.1566 0.0939591 0.259761 0.028836 0.312652 0.000209414 0.0780999 0.00422221 0.0335499 
0.0501162 0.00976763 0.0366596 0.063328 0.0704963 0.02852 0.331829 0.000363965 0.325376 0.0105618 0.0729815 
0.115205 0.00867476 0.0244518 0.103969 0.0530999 0.17835 0.279776 0.000599363 0.194511 0.0157475 0.0256159 
0.0831727 0.00202823 0.0374055 0.0722015 0.112764 0.012858 0.385997 0.00156351 0.248902 0.0144663 0.0286409 
0.230607 2.41748e-05 0.0151135 0.0179961 0.0983643 0.0154011 0.392682 4.55638e-05 0.15121 0.0108357 0.067721 
0.102626 0.000801811 0.021683 0.0399629 0.123873 0.0272201 0.457219 0.000203662 0.197696 0.00829835 0.0204171 
0.00648883 0.00129786 0.0377247 0.023811 0.136136 0.000781609 0.565381 7.47282e-06 0.216023 0.00254212 0.00980646 
0.0652223 0.00204305 0.00763644 0.119942 0.0460387 0.01237 0.505244 0.000518424 0.215619 0.00506131 0.0203048 
0.077163 0.0124488 0.031076 0.0779167 0.10337 0.060342 0.316136 0.000592915 0.218936 0.0638577 0.0381608 
0.0291823 0.000362169 0.0281511 0.013483 0.0317168 0.00671701 0.820245 0.00025782 0.0579526 0.00150525 0.0104267 
0.0498856 0.00028108 0.0181025 0.0417709 0.090316 0.00963985 0.437071 0.00192432 0.309776 0.00307279 0.0381599 
0.112333 8.71554e-05 0.0128679 0.0273338 0.0617021 0.0203415 0.581188 0.00201424 0.101777 0.00787626 0.0724786 
0.146199 0.00197404 0.0130843 0.0500048 0.0927757 0.00576593 0.460771 0.000519503 0.191534 0.0186111 0.0187603 
0.0401073 0.000339149 0.0169381 0.0385651 0.0608664 0.0255065 0.59886 0.000118965 0.135354 0.018655 0.0646895 
0.0826062 0.00838297 0.0220539 0.0654779 0.0866443 0.251845 0.2777 4.97819e-05 0.15417 0.0274388 0.0236318 
0.0337856 0.114119 0.0149215 0.048677 0.0926303 0.104314 0.465653 6.85593e-06 0.0658108 0.00946671 0.0506146 
0.0247764 0.00127999 0.017728 0.0756535 0.0930277 0.0619508 0.525003 0.000316711 0.177772 0.0129295 0.00956249 
0.139403 0.000829532 0.0200284 0.199938 0.0801239 0.0380689 0.290201 0.00705897 0.130297 0.0679991 0.0260527 
0.0334239 0.00276272 0.0159853 0.0772686 0.0761251 0.162516 0.348584 0.00013889 0.259834 0.0118277 0.0115336 
0.0739691 0.00754589 0.0328587 0.107709 0.0932943 0.0490141 0.334486 0.0495377 0.198819 0.0188085 0.0339575 
0.0512341 0.00222743 0.05349 0.14901 0.196464 0.00574172 0.257563 0.00102955 0.228568 0.00871592 0.0459565 
0.0693106 0.000973488 0.0307404 0.204991 0.128752 0.0178358 0.2647 0.000169518 0.250407 0.0057079 0.0264112 
0.0386755 0.00990793 0.0595132 0.0808047 0.140926 0.029182 0.32905 0.000315363 0.246636 0.0247253 0.0402636 
0.044349 2.5883e-05 0.0168927 0.0151348 0.0313598 0.0482436 0.74095 0.000200121 0.0751253 0.0085187 0.0192 
0.040098 0.000131158 0.0391822 0.109736 0.117926 0.00118931 0.496645 0.000425739 0.151024 0.0249347 0.0187085 
0.108065 0.00619058 0.0189646 0.0900129 0.0967734 0.0216624 0.251346 0.000375421 0.250025 0.0138906 0.142694 
0.00756812 0.000852339 0.00635492 0.0941475 0.0296121 0.00323963 0.493538 0.000135325 0.203694 0.00227415 0.158584 
0.0190165 0.000104193 0.0348308 0.0825211 0.112403 0.000638421 0.560734 0.000169806 0.173337 0.0040499 0.0121956 
0.00899614 0.000489466 0.00958934 0.325609 0.0845314 0.000700959 0.452182 0.000333503 0.114356 9.63427e-05 0.00311569 
0.218316 0.00245776 0.0151623 0.0980851 0.0498771 0.0995481 0.306407 0.00764766 0.141764 0.0198108 0.0409237 
0.101871 0.0019545 0.0136577 0.0816859 0.0668978 0.0868414 0.392657 0.000118895 0.18843 0.0180641 0.0478213 
0.0582779 0.000563516 0.0221535 0.0428876 0.0726052 0.0282465 0.504869 0.00077713 0.245398 0.0041447 0.0200767 
0.0504068 0.00359801 0.0109216 0.0512961 0.0669438 0.0189828 0.586775 0.000100144 0.16601 0.00632564 0.0386403 
0.235878 0.000909416 0.0340704 0.0509663 0.0671108 0.0458801 0.420057 7.53118e-05 0.0813509 0.0134822 0.0502202 
0.0572399 0.00909737 0.00575474 0.0541693 0.0365945 0.1894 0.43374 0.000788141 0.153818 0.0227292 0.0366685 
0.0354549 0.00947209 0.0256162 0.0646546 0.0997247 0.0248424 0.503603 0.000592931 0.200893 0.017694 0.0174524 
0.0703256 0.0129546 0.0513748 0.0453581 0.129196 0.0277814 0.360774 0.000285885 0.23276 0.0149613 0.0542281 
0.0180355 0.00254336 0.0253606 0.135436 0.0759142 0.0333117 0.56591 0.000507861 0.12956 0.00337006 0.0100503 
0.0812844 0.00955792 0.0201909 0.0268785 0.10162 0.0146724 0.47068 0.0001803 0.120297 0.0269164 0.127723 
0.0723555 0.000452532 0.0428126 0.0872461 0.217444 0.0229932 0.406424 0.000240306 0.0910349 0.0101497 0.0488473 
0.0693684 0.00054308 0.0125002 0.0563285 0.0492428 0.000845074 0.653027 0.000607843 0.131364 0.00153956 0.0246344 
0.117626 1.26433e-05 0.0102485 0.136178 0.153123 0.00845144 0.336157 0.00042179 0.212645 0.0111929 0.0139445 
0.091631 0.00711197 0.0230824 0.131621 0.0845248 0.0300655 0.284793 0.000374393 0.247498 0.016568 0.0827293 
0.055279 0.00655429 0.032441 0.0278936 0.121621 0.0304081 0.360138 0.000209707 0.26902 0.013813 0.0826232 
0.0988856 0.00812511 0.0349376 0.0818314 0.127741 0.0321305 0.278356 0.00146062 0.252345 0.0197638 0.0644239 
0.0421778 0.00389643 0.0390844 0.236218 0.127214 0.0216719 0.273471 0.000247384 0.20821 0.0333511 0.0144581 
0.0218791 0.000133811 0.0131862 0.0348204 0.0322513 0.0184802 0.803409 0.000353705 0.0609846 0.0043389 0.0101624 
0.169892 0.0136471 0.0140083 0.169964 0.0626593 0.0190658 0.234603 9.13405e-05 0.203563 0.0544873 0.0580192 
0.0746565 3.38276e-05 0.000985675 0.347174 0.0230968 0.0158012 0.38379 1.38267e-05 0.110395 0.0427452 0.00130711 
0.178406 0.00274481 0.0168667 0.043628 0.0853875 0.0235352 0.239358 0.000295451 0.177897 0.00530081 0.226581 
0.107236 3.23247e-05 0.0121013 0.0776603 0.185977 0.00625227 0.355324 0.000449841 0.222126 0.00131505 0.031525 
0.0472806 0.00208978 0.0359681 0.174822 0.112739 0.0321214 0.32827 0.000254218 0.209122 0.018757 0.0385755 
0.0314818 0.000625923 0.0173569 0.0181041 0.04645 0.00809999 0.633209 6.80264e-05 0.123616 0.0100321 0.110956 
0.102038 0.00662814 0.0537851 0.0628706 0.0771574 0.0904333 0.220946 4.20666e-05 0.169392 0.0835604 0.133147 
0.108187 0.0100318 0.0183431 0.0517018 0.0771955 0.0416456 0.430903 0.000581402 0.158473 0.0264651 0.0764724 
0.112003 0.0876158 0.0253113 0.0750217 0.0750876 0.0464615 0.299355 5.13686e-05 0.119189 0.0166733 0.143231 
0.101279 0.00196514 0.0111763 0.0580306 0.209579 0.00692668 0.385503 0.000505942 0.179877 0.00372237 0.0414343 
0.0348494 0.118928 0.0220142 0.0505226 0.0964947 0.100801 0.439506 7.57833e-05 0.0749499 0.0117919 0.0500659 
0.0979614 0.00695603 0.00564111 0.239288 0.0628095 0.0274545 0.346229 0.000318241 0.183289 0.00771406 0.0223384 
0.123968 0.000602084 0.0250931 0.0470737 0.0869525 0.00459996 0.527057 0.000108976 0.123707 0.00607485 0.0547632 
0.124091 0.00230351 0.0197139 0.0672403 0.0317015 0.197375 0.354152 0.000673151 0.127992 0.0350491 0.039708 
0.0217423 9.44564e-06 0.0223842 0.0740944 0.12702 0.00607405 0.412409 0.000439208 0.330156 0.00230748 0.00336361 
0.0676879 0.0221893 0.0261351 0.0371719 0.0766194 0.0828875 0.528334 0.000286614 0.0967032 0.0356647 0.0263202 
0.0454578 0.00229118 0.0169659 0.0320941 0.0507908 0.0566612 0.67374 0.000276457 0.09029 0.00732177 0.0241106 
0.0361046 0.000936316 0.0206084 0.130531 0.128811 0.00219378 0.347785 0.000344435 0.311221 0.00428225 0.0171819 
0.22459 0.0010925 0.00764067 0.0426184 0.0614715 0.0391459 0.387708 0.000161766 0.222824 0.00868163 0.00406523 
0.0646096 0.0031936 0.0254706 0.0157985 0.0709862 0.00770121 0.332364 0.0220603 0.287507 0.00182119 0.168488 
0.232716 3.62057e-05 0.0260614 0.0377653 0.075591 0.0105218 0.448834 0.000376115 0.144716 0.00980641 0.0135754 
0.0272654 0.00497323 0.020939 0.17271 0.0939829 0.0203039 0.332096 0.000185405 0.206798 0.0208842 0.0998622 
0.153783 0.00150317 0.034165 0.0261071 0.0844901 0.00824772 0.464959 7.23658e-05 0.148146 0.0212061 0.0573201 
0.0922301 0.0021454 0.0140101 0.0819526 0.203252 0.0265316 0.340451 0.000651519 0.155914 0.0188716 0.0639899 
0.0724695 3.27769e-06 0.00741558 0.155289 0.0323699 0.0228134 0.289503 0.00014976 0.238574 0.0501243 0.131289 
0.0314818 0.000625923 0.0173569 0.0181041 0.04645 0.00809999 0.633209 6.80264e-05 0.123616 0.0100321 0.110956 
0.0639489 0.000295454 0.0339618 0.0606056 0.0891665 0.00940744 0.527076 0.000257961 0.182104 0.0105045 0.0226724 
0.0995237 0.00173019 0.222516 0.0395168 0.129241 0.0478243 0.273881 0.000238275 0.129148 0.00888829 0.0474922 
0.0918881 0.000134324 0.0020788 0.0822416 0.0517802 0.0271202 0.549762 0.00016849 0.148505 0.0165264 0.0297954 
0.0837142 0.00204169 0.0356104 0.0412535 0.0819016 0.0133953 0.461116 0.000269371 0.193266 0.00497096 0.0824611 
0.137618 0.00450436 0.0391506 0.0308976 0.0403159 0.129625 0.332576 0.00119911 0.236913 0.0331584 0.0140417 
0.0289966 2.32193e-05 0.0145651 0.047182 0.125562 0.0577586 0.365781 9.00159e-05 0.311727 0.00282494 0.0454901 
0.0379625 0.000390385 0.0264169 0.166616 0.148328 0.0197655 0.282496 0.000433848 0.267138 0.0229974 0.0274557 
0.0290636 0.00291764 0.0576371 0.0266264 0.076652 0.0342719 0.618323 0.0003181 0.126078 0.00975574 0.0183569 
0.0503857 0.00949448 0.0423355 0.0253892 0.170526 0.0264796 0.405735 3.40462e-05 0.143309 0.00650315 0.119808 
0.122588 0.0179663 0.0375946 0.0278924 0.0781967 0.00762791 0.575716 7.09073e-05 0.120234 0.00372104 0.0083916 
0.0448843 0.0107847 0.0573246 0.0212786 0.124666 0.0624731 0.397841 0.000387457 0.122846 0.112149 0.0453653 
0.0406545 0.000321633 0.011982 0.0217402 0.0523173 0.0346887 0.733001 0.000197232 0.0553908 0.00929824 0.040408 
0.0809575 3.53096e-05 0.010758 0.218097 0.0481204 0.016292 0.411811 0.000166582 0.202871 0.00707921 0.0038127 
0.0447361 0.000204247 0.0383075 0.00884018 0.0582215 0.0128549 0.717155 0.000410642 0.09117 0.019473 0.00862706 
0.0762937 0.000692226 0.0108804 0.21177 0.0948073 0.0049939 0.37933 0.000449029 0.195639 0.00579976 0.019345 
0.0794748 2.37667e-05 0.0381578 0.0895231 0.0721245 0.00820711 0.588769 0.000238778 0.0606132 4.53753e-05 0.0628224 
0.0969558 0.000678241 0.0384265 0.0283857 0.0920078 0.0099299 0.461666 0.00088585 0.23992 0.0092691 0.0218752 
0.0779459 0.000534764 0.0297881 0.0414452 0.0578405 0.0351489 0.64866 0.00055461 0.0878357 0.00615388 0.014092 
0.0515634 0.000238849 0.0326283 0.252598 0.137506 0.0137638 0.305939 8.45502e-05 0.184026 0.00588906 0.0157632 
0.0207828 0.00034345 0.00495665 0.0132078 0.089996 0.00371121 0.723968 0.000130908 0.0709022 0.00198614 0.0700149 
0.0633491 0.00936626 0.0255447 0.0418703 0.0856918 0.0363905 0.512017 0.000290708 0.17723 0.00924706 0.0390027 
0.0264614 6.44635e-05 0.0128382 0.0166178 0.0464492 0.00255672 0.625381 0.000300241 0.206995 0.0031883 0.0591481 
0.109555 0.0043846 0.0616487 0.026023 0.05341 0.00685269 0.648054 0.000523822 0.0655989 0.00427258 0.0196763 
0.0772924 9.80833e-06 0.0285313 0.0450803 0.0536603 0.0168624 0.646851 3.83732e-05 0.119672 0.00167281 0.0103295 
0.0502908 0.00161686 0.00222217 0.116168 0.0629943 0.0310156 0.378335 0.000114167 0.205819 0.00452232 0.146902 
0.102924 0.00226142 0.038516 0.0506857 0.166486 0.0320871 0.337524 0.000245239 0.15038 0.0108348 0.108056 
0.0968853 0.000159406 0.052294 0.0438498 0.111043 0.00691626 0.551375 0.00019011 0.115802 0.00384735 0.0176372 
0.143505 0.0192982 0.00755076 0.0425346 0.028528 0.0447495 0.254813 0.00495525 0.190905 0.0541821 0.208978 
0.0241191 0.0149112 0.0319935 0.0126383 0.0466875 0.00940278 0.791537 0.000440799 0.055989 0.00180619 0.0104751 
0.0786501 0.00352119 0.0383141 0.192415 0.139676 0.0306663 0.237796 0.00088327 0.208095 0.0171519 0.0528306 
0.054412 0.00608518 0.0306106 0.0378117 0.0832305 0.0240065 0.449575 0.00580118 0.187476 0.0127838 0.108207 
0.0464436 0.0035086 0.0164183 0.0293178 0.168815 0.0109028 0.402513 6.16403e-05 0.221387 0.00523722 0.0953953 
0.115411 0.00051774 0.0436672 0.0210547 0.0895795 0.0198794 0.449947 0.00012763 0.159422 0.0230739 0.0773204 
0.151193 0.000622605 0.0327687 0.0247157 0.0386623 0.0388426 0.618635 4.3992e-05 0.0641903 0.0078552 0.0224707 
0.0311176 0.000226877 0.0311293 0.0128566 0.0313443 0.010102 0.735482 0.000292965 0.136849 0.00220264 0.00839621 
0.0802579 0.0045173 0.0482781 0.0298304 0.0409963 0.207219 0.434195 0.000182342 0.102396 0.0360787 0.0160487 
0.0427671 0.000103249 0.0301931 0.105138 0.0716689 0.019813 0.574053 0.000302229 0.137719 0.00634319 0.0118998 
0.0741946 0.00280603 0.0172962 0.22054 0.137191 0.00766483 0.299138 0.000424945 0.196876 0.0149596 0.0289091 
0.128184 0.0190054 0.0186376 0.0390301 0.0587555 0.0577633 0.470575 2.58319e-05 0.145789 0.0233694 0.0388654 
0.0291823 0.000362169 0.0281511 0.013483 0.0317168 0.00671701 0.820245 0.00025782 0.0579526 0.00150525 0.0104267 
0.0517187 0.00023367 0.0171831 0.0659299 0.153814 0.0268102 0.399756 0.000461512 0.24263 0.0141328 0.027331 
0.0515673 0.00559112 0.0589521 0.0892866 0.139793 0.0196655 0.381943 0.000462815 0.217803 0.00880376 0.0261311 
0.0492578 0.0104686 0.0259395 0.012078 0.113131 0.0265082 0.63079 1.66259e-05 0.0971225 0.0145615 0.0201258 
0.148359 0.000317864 0.0517344 0.0166874 0.0785354 0.015298 0.520046 6.91785e-05 0.10439 0.00887032 0.0556929 
0.0180828 1.65481e-05 0.00244752 0.00899754 0.071558 0.011597 0.715448 1.44699e-05 0.0948193 0.00210097 0.0749179 
0.144612 6.06457e-05 0.0384754 0.0642198 0.123517 0.0401667 0.266685 0.000176734 0.247011 0.0472617 0.027813 
0.0633793 0.00281442 0.0330636 0.060141 0.0904217 0.00918036 0.599135 0.000436025 0.114952 0.0103389 0.0161372 
0.0158361 1.00833e-05 0.0602282 0.00721045 0.0853107 0.00699415 0.794277 2.5699e-05 0.0252018 0.00110872 0.00379716 
0.0974944 0.005928 0.034549 0.116812 0.197134 0.0615547 0.209333 0.000309101 0.186677 0.0210722 0.0691368 
0.122105 0.00177794 0.0469919 0.0367813 0.0509878 0.0263418 0.396606 0.000832429 0.229015 0.0332328 0.055327 
0.142112 0.0170953 0.0189018 0.109064 0.0541563 0.0556421 0.402348 0.000124481 0.157244 0.0103842 0.0329278 
0.0166515 4.90139e-06 0.0192282 0.00787912 0.0326157 0.0115872 0.872316 4.22808e-06 0.0357116 0.000356612 0.00364465 
0.084591 0.0266035 0.0346575 0.0314788 0.12499 0.012524 0.510806 0.000580902 0.115969 0.00723129 0.0505687 
0.0335307 0.00852888 0.0289347 0.0599726 0.0454006 0.139858 0.482102 6.68757e-05 0.15911 0.0150952 0.0274006 
0.0235437 3.9994e-05 0.0283588 0.189498 0.156117 0.0303518 0.268061 0.0155279 0.247461 0.0102628 0.0307779 
0.0200704 0.000133107 0.0205165 0.0744208 0.0381668 0.00468698 0.725242 0.000805203 0.103692 0.00168164 0.0105847 
0.0418835 0.0010521 0.142074 0.194601 0.103678 0.0248531 0.223227 0.00145644 0.170264 0.0257374 0.0711727 
0.210659 0.0014728 0.0156 0.0546068 0.0367683 0.0284704 0.466662 7.23258e-05 0.113832 0.0513318 0.0205243 
0.0464859 0.000381466 0.0266444 0.0196004 0.0395696 0.0514826 0.691449 0.000607543 0.0903881 0.0110762 0.0223155 
0.0305209 0.001363 0.0325978 0.0791044 0.0830605 0.0108915 0.450943 0.000368828 0.286351 0.0117316 0.0130678 
0.0305209 0.001363 0.0325978 0.0791044 0.0830605 0.0108915 0.450943 0.000368828 0.286351 0.0117316 0.0130678 
0.0608378 0.00311222 0.0289757 0.141239 0.0828823 0.0269454 0.350593 0.000325038 0.239935 0.0098849 0.0552696 
0.162169 0.000808364 0.0215746 0.0152681 0.0316839 0.0498489 0.570445 0.000344012 0.116487 0.0154161 0.0159545 
0.123089 0.00473735 0.0408287 0.0695354 0.107304 0.0222112 0.300476 0.000671783 0.230353 0.0147747 0.0860191 
0.0617249 0.000353217 0.0217196 0.227904 0.11066 0.0122852 0.305967 4.08128e-05 0.205807 0.00677202 0.0467669 
0.0282873 0.0067409 0.026194 0.0640465 0.101627 0.0305118 0.489295 0.000300083 0.205557 0.0157138 0.0317266 
0.0498856 0.00028108 0.0181025 0.0417709 0.090316 0.00963985 0.437071 0.00192432 0.309776 0.00307279 0.0381599 
0.0424282 0.00115454 0.0255331 0.0417472 0.114648 0.0200471 0.450524 4.38428e-05 0.187034 0.0634202 0.0534198 
0.0224139 0.000208545 0.0190116 0.166286 0.128691 0.00128279 0.340601 0.000332451 0.307405 0.00401707 0.00975075 
0.0641558 0.0106221 0.0319293 0.0118358 0.134311 0.0346438 0.571558 1.65557e-05 0.108544 0.015549 0.0168346 
0.0316408 0.00069199 0.0159456 0.0366981 0.122958 0.0352501 0.387917 6.56038e-05 0.345814 0.00788475 0.0151342 
0.0344351 0.00123857 0.0394876 0.0406995 0.13043 0.0187577 0.368303 0.000443363 0.348269 0.00300461 0.0149315 
0.0666939 0.00516146 0.00999981 0.0811086 0.080125 0.15873 0.415641 0.00170703 0.102301 0.00941938 0.0691129 
0.0421378 3.22137e-06 0.0131393 0.0259446 0.106485 0.00254544 0.647494 0.000125093 0.141166 0.00540697 0.0155522 
0.11408 0.00361557 0.0972855 0.0651323 0.142674 0.0333777 0.248012 0.000162806 0.205455 0.0361584 0.0540467 
0.0447361 0.000204247 0.0383075 0.00884018 0.0582215 0.0128549 0.717155 0.000410642 0.09117 0.019473 0.00862706 
0.0322633 0.000240314 0.0687288 0.0629835 0.210709 0.025588 0.346439 0.000524833 0.140068 0.0618958 0.0505595 
0.125225 0.00333149 0.0350669 0.0871207 0.0395488 0.0626308 0.411361 0.0024851 0.0403768 0.0334799 0.159373 
0.0879779 0.0176119 0.0198816 0.129391 0.221028 0.0106327 0.254053 0.000108168 0.232911 0.00578603 0.0206182 
0.0416862 0.000270095 0.0343177 0.0272995 0.0584741 0.0152283 0.446524 0.000542471 0.101276 0.00221734 0.272163 
0.0858806 0.00233832 0.051247 0.0390028 0.0432395 0.045181 0.463295 0.000778193 0.233718 0.0157782 0.0195422 
0.0599484 0.00930063 0.0686119 0.0256423 0.143844 0.0719702 0.484131 0.000233976 0.0945804 0.0305753 0.0111619 
0.201396 0.000908695 0.019737 0.0403154 0.0832721 0.179348 0.253497 0.000372835 0.156857 0.00407696 0.0602188 
0.0316512 0.000392803 0.0295835 0.166406 0.0859396 0.0225762 0.384479 0.00014593 0.247906 0.00232566 0.0285939 
0.0498856 0.00028108 0.0181025 0.0417709 0.090316 0.00963985 0.437071 0.00192432 0.309776 0.00307279 0.0381599 
0.18749 0.000402075 0.0147408 0.017595 0.266128 0.0161029 0.287457 1.47504e-05 0.138463 0.00830549 0.0633003 
0.0167584 0.0178015 0.0574283 0.0811599 0.154894 0.00886584 0.400905 0.000158558 0.162213 0.0564099 0.0434056 
0.0145987 0.000326317 0.0575824 0.0440881 0.203884 0.0700645 0.478216 0.000288087 0.108565 0.00495207 0.0174358 
0.0949323 0.00286945 0.0809317 0.168378 0.153262 0.0296631 0.201908 7.53829e-05 0.17768 0.0158413 0.074459 
0.00882468 3.66997e-06 0.0420534 0.0122604 0.0883869 0.000677463 0.524854 7.29237e-05 0.29493 0.000114675 0.0278212 
0.0346482 0.0267886 0.0115328 0.105421 0.0641947 0.00679326 0.492528 0.000130605 0.182057 0.00182808 0.0740785 
0.0752717 0.000430027 0.0308922 0.101324 0.14799 0.0297677 0.423607 0.000152043 0.153946 0.016026 0.0205936 
0.0985579 0.00244601 0.0116837 0.00788871 0.196339 0.0720793 0.438853 0.00632222 0.0812217 0.0154432 0.0691653 
0.0396362 0.0126012 0.0391355 0.0247197 0.0936592 0.0626531 0.544262 5.11044e-05 0.139944 0.02078 0.0225585 
0.0447361 0.000204247 0.0383075 0.00884018 0.0582215 0.0128549 0.717155 0.000410642 0.09117 0.019473 0.00862706 
0.0166173 0.00239566 0.0114819 0.101176 0.119065 0.00938212 0.584052 0.000707253 0.122937 0.0106022 0.0215844 
0.0347145 0.000336689 0.00817176 0.0117629 0.014219 0.00151799 0.518343 0.000116806 0.0514955 0.000994587 0.358327 
0.0704792 0.00461713 0.0119451 0.163555 0.108403 0.0454353 0.300775 0.000129659 0.274447 0.00913155 0.0110827 
0.123357 0.0168604 0.0302588 0.0475045 0.14131 0.0774464 0.229179 0.00043838 0.213348 0.0177949 0.102502 
0.0368059 0.00765011 0.0224236 0.112794 0.111319 0.00956735 0.423842 0.000189368 0.215437 0.0213224 0.03865 
0.00909452 0.00020699 0.0354447 0.10648 0.0575388 0.0108394 0.459645 0.000893239 0.294969 0.00986295 0.0150255 
0.0361218 0.000781692 0.0172496 0.0436551 0.151156 0.0386485 0.581597 0.000488588 0.087084 0.0304592 0.0127584 
0.178112 0.0247328 0.041237 0.0996087 0.0872866 0.0936563 0.224385 2.50858e-05 0.168927 0.0200889 0.0619407 
0.0599484 0.00930063 0.0686119 0.0256423 0.143844 0.0719702 0.484131 0.000233976 0.0945804 0.0305753 0.0111619 
0.0210082 1.04309e-05 0.0579 0.00642546 0.102294 0.00932591 0.767397 2.10271e-05 0.0306909 0.00116486 0.00376279 
0.0315813 0.00542588 0.0160591 0.0979421 0.0791977 0.109284 0.363925 0.000451945 0.252254 0.0184048 0.0254738 
0.0305209 0.001363 0.0325978 0.0791044 0.0830605 0.0108915 0.450943 0.000368828 0.286351 0.0117316 0.0130678 
0.0278858 0.000939378 0.0185711 0.0195923 0.103631 0.0304817 0.478789 3.47967e-05 0.302945 0.00391836 0.0132119 
0.0993978 0.00037582 0.0814109 0.125738 0.106726 0.00629165 0.395078 0.000880949 0.166526 0.00783418 0.00973964 
0.107067 0.00034556 0.0534504 0.0689496 0.171214 0.0343986 0.253341 0.00314115 0.222113 0.00649707 0.0794823 
0.0857431 0.00534044 0.00501017 0.0548493 0.128048 0.0545972 0.486462 0.000183244 0.105664 0.02285 0.0512534 
0.140416 0.0024743 0.00599031 0.0590324 0.0252973 0.0380619 0.292416 0.0313291 0.206549 0.0174901 0.180943 
0.163388 0.00324089 0.0459724 0.0307412 0.0502405 0.0286983 0.37666 0.000453852 0.265563 0.0134468 0.0215955 
0.13015 0.00254605 0.0254279 0.0943475 0.103081 0.0169838 0.326668 0.000262913 0.248356 0.00878366 0.0433926 
0.0596735 0.000576378 0.00988903 0.0107706 0.242004 0.0160849 0.518439 2.52855e-05 0.046175 0.00298996 0.0933722 
0.0354193 0.00104795 0.0169144 0.0321481 0.0902003 0.0033586 0.540404 0.000131333 0.15455 0.00511007 0.120716 
0.0564048 4.38944e-05 0.017131 0.0157228 0.0233497 0.112265 0.670543 5.38001e-06 0.0620928 0.000967289 0.0414748 
0.141188 0.0203492 0.0335609 0.101738 0.19377 0.0016327 0.232163 2.4236e-06 0.146094 0.00320241 0.126299 
0.0920929 0.00423301 0.010116 0.027709 0.0122625 0.219813 0.339093 3.87417e-05 0.263058 0.023944 0.00764034 
0.0998815 0.0176823 0.00847431 0.0137572 0.0632281 0.0266156 0.693456 0.00041505 0.0493789 0.00235812 0.0247528 
0.0447361 0.000204247 0.0383075 0.00884018 0.0582215 0.0128549 0.717155 0.000410642 0.09117 0.019473 0.00862706 
0.0718668 0.0104497 0.0260337 0.0555023 0.0973757 0.0450079 0.3393 0.000458497 0.277437 0.015518 0.0610507 
0.0520816 0.000959221 0.0867645 0.0920748 0.0869336 0.0182249 0.385437 4.94704e-05 0.189286 0.0270122 0.0611775 
0.0447361 0.000204247 0.0383075 0.00884018 0.0582215 0.0128549 0.717155 0.000410642 0.09117 0.019473 0.00862706 
0.0334078 0.000297927 0.0538652 0.0256244 0.161361 0.014853 0.421312 0.00131706 0.261345 0.00292889 0.023687 
0.0349469 0.0014028 0.0342588 0.0493037 0.0534235 0.0295281 0.669433 0.000172648 0.10711 0.00925002 0.0111707 
0.0866942 0.0268453 0.0227741 0.150792 0.0767536 0.0277302 0.218832 0.0170308 0.207006 0.0880581 0.0774839 
0.0419681 4.68097e-05 0.0112756 0.035875 0.0736283 0.024377 0.535481 0.000226697 0.195293 0.0245901 0.0572386 
0.118959 0.0133915 0.0254156 0.0431628 0.0200226 0.186412 0.336608 0.000268644 0.18546 0.0318363 0.0384641 
0.045435 0.0458339 0.0218696 0.0685252 0.104658 0.122311 0.430137 1.98325e-06 0.0941529 0.0144628 0.0526119 
0.0397745 2.71125e-05 0.0127304 0.0143434 0.0282703 0.075195 0.714115 0.000251671 0.0895281 0.00826214 0.0175024 
0.0721745 0.00187553 0.0318411 0.123116 0.0795489 0.0114368 0.315322 0.000229346 0.200104 0.0300161 0.134336 
0.0349853 0.00015454 0.032779 0.128319 0.091556 0.00699176 0.464396 8.95541e-05 0.16344 0.0121195 0.0651697 
0.0612179 0.0386094 0.0337983 0.0298304 0.0263723 0.0741505 0.361337 0.000374695 0.210815 0.121534 0.041961 
0.0652223 0.00204305 0.00763644 0.119942 0.0460387 0.01237 0.505244 0.000518424 0.215619 0.00506131 0.0203048 
0.0144776 0.00216246 0.0334995 0.0558424 0.0671613 0.0027768 0.447693 0.0027808 0.344198 0.00192631 0.0274813 
0.0348494 0.118928 0.0220142 0.0505226 0.0964947 0.100801 0.439506 7.57833e-05 0.0749499 0.0117919 0.0500659 
0.0991408 0.00570841 0.0258891 0.104329 0.0646261 0.0930908 0.424457 0.000323124 0.115612 0.0068463 0.0599774 
0.0583159 0.00224651 0.0234708 0.0888485 0.138212 0.000936016 0.569291 0.00189774 0.0966935 0.00184942 0.0182385 
0.177071 1.55496e-05 0.0400744 0.00573822 0.0854885 0.00804934 0.579254 3.88572e-05 0.0709001 0.0040918 0.0292785 
0.0631263 1.16781e-05 0.0285194 0.0200064 0.250056 0.00191821 0.311217 0.00484709 0.0742541 0.00224183 0.243802 
0.0441671 2.09615e-05 0.0412332 0.048327 0.155941 0.0110372 0.485818 0.000337288 0.11968 0.00703658 0.0864011 
0.0208142 6.12067e-06 0.024035 0.00877936 0.0289723 0.00594362 0.861804 5.206e-06 0.0446393 0.000445674 0.00455568 
0.0492578 0.0104686 0.0259395 0.012078 0.113131 0.0265082 0.63079 1.66259e-05 0.0971225 0.0145615 0.0201258 
0.0300599 1.79482e-05 0.0445645 0.0126207 0.087267 0.0111638 0.770488 2.67401e-05 0.0376974 0.00228124 0.00381277 
0.0281089 0.000141798 0.0143156 0.0760937 0.0946225 0.00330223 0.382302 0.000742063 0.25532 0.00140905 0.143642 
0.0305461 0.00211819 0.00662525 0.0507142 0.022593 0.279659 0.361267 0.000263865 0.170271 0.0069418 0.0690012 
0.0657332 0.109993 0.0133116 0.0707458 0.146288 0.053847 0.210082 9.1684e-07 0.129223 0.0881669 0.112608 
0.0271989 0.000462491 0.0184494 0.0326816 0.0568917 0.00967541 0.6655 4.74034e-05 0.1759 0.00565008 0.00754344 
0.0168937 7.89898e-05 0.0153474 0.188979 0.0625452 0.00727541 0.585724 0.000370885 0.11261 0.00270784 0.00746763 
0.163746 8.39165e-05 0.0151295 0.0223496 0.0827468 0.0459101 0.501037 0.000249756 0.124475 0.00362734 0.0406448 
0.0324222 0.0066666 0.0452818 0.0607803 0.12056 0.0139928 0.535429 2.79269e-05 0.0963984 0.00473259 0.0837079 
0.0464436 0.0035086 0.0164183 0.0293178 0.168815 0.0109028 0.402513 6.16403e-05 0.221387 0.00523722 0.0953953 
0.0874351 0.0083241 0.0222133 0.0990582 0.117391 0.0480053 0.315735 0.000386309 0.251843 0.0243914 0.0252174 
0.0375763 0.000129325 0.0694694 0.0241018 0.130839 0.00621287 0.408429 0.000380323 0.280659 0.00362403 0.0385789 
0.0428648 2.26912e-05 0.0208305 0.139752 0.115374 0.00365007 0.247051 4.68126e-05 0.231879 0.0070419 0.191487 
0.0226776 0.000798018 0.01466 0.00920668 0.0760299 0.014585 0.749227 0.000205068 0.0960466 0.00558478 0.0109791 
0.0495787 0.00753409 0.0297463 0.0902284 0.0715162 0.114445 0.28727 5.16517e-05 0.237431 0.0845323 0.0276664 
0.0755245 0.00226803 0.0329267 0.0545099 0.131592 0.00665485 0.394817 0.0100851 0.244883 0.00555134 0.0411867 
0.00261962 6.40012e-06 0.0123673 0.00329632 0.0570905 0.000220422 0.792766 0.000229715 0.122798 2.06143e-05 0.00858585 
0.0305209 0.001363 0.0325978 0.0791044 0.0830605 0.0108915 0.450943 0.000368828 0.286351 0.0117316 0.0130678 
0.0282788 0.000373745 0.0600256 0.0195764 0.0787653 0.0125578 0.743271 0.000356364 0.0459532 0.00451032 0.00633104 
0.0410535 0.00120712 0.158493 0.173955 0.103646 0.0248464 0.231638 0.00129376 0.162726 0.0267737 0.0743676 
0.0279431 0.000235431 0.0684916 0.1349 0.10909 0.000310102 0.564571 0.000106868 0.0810122 0.00842189 0.0049188 
0.10278 2.53181e-05 0.00685602 0.0650623 0.0664981 0.0255182 0.476696 7.50588e-05 0.221478 0.0055321 0.0294794 
0.088951 0.00289687 0.0306734 0.0690171 0.0756114 0.0486155 0.346265 0.00631418 0.271075 0.00987155 0.0507093 
0.0545098 0.000946849 0.054642 0.0439653 0.245975 0.0156646 0.318382 0.000192873 0.220082 0.00681722 0.0388224 
0.0547408 0.00495301 0.0262721 0.0320615 0.0812072 0.0341133 0.493116 0.000219912 0.147773 0.010742 0.114801 
0.031488 0.00310885 0.0247946 0.0837218 0.0516718 0.0298357 0.387925 0.00062892 0.295608 0.00622006 0.0849973 
0.0447361 0.000204247 0.0383075 0.00884018 0.0582215 0.0128549 0.717155 0.000410642 0.09117 0.019473 0.00862706 
0.052431 0.00735746 0.0319999 0.0515366 0.0994439 0.0121079 0.267058 0.000131846 0.25365 0.00493786 0.219346 
0.0226776 0.000798018 0.01466 0.00920668 0.0760299 0.014585 0.749227 0.000205068 0.0960466 0.00558478 0.0109791 
0.190521 0.00489212 0.0561237 0.0396395 0.0514763 0.0940286 0.291654 0.00022572 0.195778 0.0202952 0.0553667 
0.0468 0.00226679 0.0119578 0.0788745 0.117068 0.00751791 0.393562 0.000275192 0.316276 0.00782721 0.0175748 
0.0584613 0.00140966 0.0106864 0.0182472 0.0807457 0.032805 0.558994 0.000529189 0.157207 0.0113115 0.069603 
0.102501 0.00303917 0.022845 0.0710621 0.235298 0.0117466 0.276984 0.0172959 0.178518 0.0202234 0.0604868 
0.0838608 0.00344314 0.0270058 0.032518 0.0483501 0.0463472 0.386429 0.194725 0.128802 0.00941772 0.039101 
0.00439805 0.000137735 0.00836883 0.0590204 0.160747 0.00388452 0.402465 9.45553e-06 0.0927655 0.00584631 0.262357 
0.227085 0.00198009 0.0285847 0.0155966 0.0694038 0.0159187 0.238889 0.000440382 0.214552 0.0182959 0.169254 
0.168482 0.056601 0.0393487 0.0379603 0.0625464 0.0669684 0.23546 1.59024e-05 0.139952 0.0264695 0.166195 
0.0525791 0.000319358 0.0229917 0.104665 0.0789386 0.038535 0.354244 0.000593499 0.281938 0.00800496 0.0571916 
0.0888009 0.00114005 0.00580154 0.0742223 0.0315066 0.0292716 0.620962 0.000401931 0.129885 0.0119832 0.00602406 
0.0721218 0.000141975 0.0149255 0.255003 0.066619 0.027047 0.361505 0.000927857 0.133137 0.0315401 0.0370315 
0.0759414 0.00332562 0.0205643 0.0598951 0.139316 0.00297387 0.333208 7.91107e-05 0.247557 0.00181844 0.115322 
0.026511 0.00676184 0.0307623 0.0958598 0.127142 0.00739032 0.331096 0.000367084 0.177036 0.012496 0.184578 
0.127765 0.000246138 0.0337741 0.0678817 0.0670877 0.026008 0.380249 0.0001665 0.263237 0.0209302 0.0126542 
0.102272 0.00575564 0.0453744 0.0854122 0.103352 0.0337019 0.300331 0.000624429 0.218633 0.0163341 0.0882089 
0.0270816 0.00086314 0.0972966 0.153021 0.0434496 0.0519248 0.442902 0.000781085 0.143479 0.00469601 0.0345053 
0.0998815 0.0176823 0.00847431 0.0137572 0.0632281 0.0266156 0.693456 0.00041505 0.0493789 0.00235812 0.0247528 
0.0648024 0.000982882 0.0281497 0.0499292 0.091476 0.0130939 0.58301 0.000727209 0.12051 0.0379871 0.0093318 
0.0804052 9.76265e-05 0.267663 0.0154999 0.215114 0.0103313 0.297869 0.00277656 0.0612014 0.00816039 0.0408821 
0.0138682 7.13693e-06 0.0321643 0.0294642 0.0560464 0.00598991 0.625281 0.000109472 0.212917 0.00622984 0.0179223 
0.0988015 0.0242636 0.0280264 0.0630298 0.0809121 0.0250281 0.379497 0.000775908 0.251494 0.017185 0.0309866 
0.0878462 0.00530668 0.0430163 0.0392767 0.02742 0.00976284 0.625664 0.00030219 0.131736 0.0202593 0.00941042 
0.123452 0.0321809 0.0157715 0.0495367 0.0723052 0.142255 0.29598 0.000510554 0.190432 0.0310207 0.0465556 
0.0652332 0.00613988 0.0613934 0.110807 0.0711691 0.180765 0.282059 4.16425e-05 0.145961 0.0395784 0.0368531 
0.0282788 0.000373745 0.0600256 0.0195764 0.0787653 0.0125578 0.743271 0.000356364 0.0459532 0.00451032 0.00633104 
0.283277 4.69555e-06 0.0127694 0.0196153 0.0608701 0.00672824 0.483339 0.000663867 0.107703 0.00314141 0.0218884 
0.030072 0.0156684 0.0172243 0.117118 0.129421 0.0730244 0.422873 0.000766095 0.146787 0.00744751 0.0395988 
0.0271989 0.000462491 0.0184494 0.0326816 0.0568917 0.00967541 0.6655 4.74034e-05 0.1759 0.00565008 0.00754344 
0.081117 0.0159825 0.0127204 0.0238028 0.038448 0.0599472 0.431697 0.000258017 0.244185 0.0149061 0.0769356 
0.0278858 0.000939378 0.0185711 0.0195923 0.103631 0.0304817 0.478789 3.47967e-05 0.302945 0.00391836 0.0132119 
0.0801955 0.000647419 0.0132117 0.015114 0.0339128 0.0355762 0.656645 0.000925183 0.118554 0.00484606 0.0403719 
0.0348494 0.118928 0.0220142 0.0505226 0.0964947 0.100801 0.439506 7.57833e-05 0.0749499 0.0117919 0.0500659 
0.0187198 0.000427439 0.0552216 0.100209 0.107712 0.00422619 0.28119 0.000488941 0.258562 0.0366018 0.13664 
0.0555268 0.00862268 0.0479814 0.0424728 0.183207 0.0198255 0.238884 0.000236501 0.142414 0.028314 0.232515 
0.03168 0.0105611 0.0417506 0.063023 0.0682843 0.0539121 0.442852 5.6508e-05 0.245145 0.0173263 0.0254091 
0.0291823 0.000362169 0.0281511 0.013483 0.0317168 0.00671701 0.820245 0.00025782 0.0579526 0.00150525 0.0104267 
0.0818877 9.38917e-06 0.12633 0.0850666 0.154698 0.0017969 0.459914 6.89994e-05 0.0795512 0.00492593 0.00575046 
0.134086 0.00947696 0.0217733 0.0137471 0.0388122 0.121724 0.333855 0.00066888 0.193355 0.0291835 0.103318 
0.0551675 0.000419774 0.0183821 0.0658933 0.116788 0.00715336 0.408257 0.000269049 0.279237 0.011503 0.03693 
0.0367274 0.00361113 0.0182628 0.161144 0.0615423 0.0117311 0.380327 0.000905388 0.262 0.0148344 0.0489148 
0.0280744 0.000264724 0.0211387 0.0360795 0.130698 0.0147079 0.527962 0.00159197 0.161121 0.00417914 0.0741831 
0.0105925 3.90808e-06 0.00287527 0.0356887 0.0523777 0.000327439 0.614514 1.83118e-05 0.282265 0.00122157 0.000115149 
0.0421633 0.000186622 0.00824237 0.0192644 0.0466876 0.00315316 0.56155 0.000220677 0.121178 0.0512765 0.146077 
0.0970932 3.38656e-05 0.0241717 0.0846814 0.189738 0.00405165 0.370669 0.000999776 0.169853 0.0158396 0.0428681 
0.0453144 0.00479768 0.0619076 0.0452111 0.195 0.0237006 0.418259 0.000283074 0.17094 0.00722503 0.0273614 
0.208998 0.00500378 0.0215954 0.045355 0.0725711 0.0178158 0.334297 0.000167781 0.222326 0.0165453 0.0553242 
0.0691042 1.97765e-05 0.100429 0.0100247 0.257091 0.129515 0.273949 0.000714443 0.113162 0.00250881 0.0434813 
0.04379 0.00321143 0.024579 0.0253494 0.0752265 0.0293716 0.48762 9.06218e-05 0.162158 0.014087 0.134516 
0.0312318 0.00289271 0.0197127 0.102154 0.102725 0.0144212 0.436224 0.000183169 0.264392 0.0176866 0.00837813 
0.028845 0.000106054 0.054174 0.218673 0.173217 0.0237168 0.23322 0.00389702 0.196345 0.0209164 0.0468886 
0.0348494 0.118928 0.0220142 0.0505226 0.0964947 0.100801 0.439506 7.57833e-05 0.0749499 0.0117919 0.0500659 
0.0419354 0.000249922 0.0157799 0.0692622 0.0617255 0.0212707 0.507499 0.000745859 0.267952 0.00619631 0.0073828 
0.103493 0.000730952 0.164588 0.0867781 0.137318 0.00567977 0.281369 0.000332865 0.194516 0.0123949 0.0128007 
0.14534 0.0243865 0.0509003 0.0212059 0.083562 0.0121325 0.44573 0.000985469 0.203877 0.00572706 0.00615276 
0.0337856 0.114119 0.0149215 0.048677 0.0926303 0.104314 0.465653 6.85593e-06 0.0658108 0.00946671 0.0506146 
0.0198955 2.75891e-06 0.0102998 0.126631 0.182029 0.00666838 0.355613 1.52732e-08 0.0999541 0.00701964 0.191886 
0.0839077 0.00104211 0.00654219 0.0947364 0.0579956 0.0371579 0.539983 7.55717e-05 0.145646 0.0254477 0.00746494 
0.0512687 0.0140682 0.0328801 0.063189 0.0682203 0.0432932 0.40296 0.000170086 0.262781 0.0274507 0.0337193 
0.0482406 0.00160735 0.0227296 0.144148 0.0653034 0.00996909 0.284167 0.000335981 0.146752 0.00673322 0.270014 
0.0440045 2.06524e-05 0.0509518 0.00784024 0.0665097 0.0188171 0.704697 4.99694e-05 0.084493 0.00955679 0.0130597 
0.0447361 0.000204247 0.0383075 0.00884018 0.0582215 0.0128549 0.717155 0.000410642 0.09117 0.019473 0.00862706 
0.101039 0.00968621 0.0443461 0.0536934 0.0871307 0.0333558 0.399733 0.00058013 0.188027 0.0440354 0.0383742 
0.149524 0.00174225 0.0269676 0.070088 0.0978242 0.0568404 0.243998 0.000584166 0.231478 0.0246641 0.0962893 
0.0422829 0.00363953 0.00696652 0.0318086 0.0270265 0.183227 0.567234 0.000165048 0.114733 0.0145253 0.00839082 
0.0311531 0.00303162 0.0132079 0.0114254 0.0757674 0.0110135 0.385916 0.000331479 0.17602 0.00180647 0.290328 
0.0255728 0.00523812 0.0293671 0.0492126 0.14851 0.0402225 0.577677 0.000150556 0.084054 0.00784406 0.0321518 
0.0652223 0.00204305 0.00763644 0.119942 0.0460387 0.01237 0.505244 0.000518424 0.215619 0.00506131 0.0203048 
0.0337856 0.114119 0.0149215 0.048677 0.0926303 0.104314 0.465653 6.85593e-06 0.0658108 0.00946671 0.0506146 
0.0553582 0.00746308 0.0257793 0.0829738 0.0707205 0.0118621 0.47494 0.000252337 0.237953 0.00632926 0.0263682 
0.0721218 0.000141975 0.0149255 0.255003 0.066619 0.027047 0.361505 0.000927857 0.133137 0.0315401 0.0370315 
0.0160412 8.47956e-06 0.0316931 0.0118614 0.0646817 0.001673 0.838771 6.08252e-05 0.0286868 0.00275424 0.00376779 
0.0245094 0.00223741 0.00881086 0.0647292 0.0855716 0.0428381 0.619145 0.000380948 0.142849 0.000218045 0.00870977 
0.116451 0.000786265 0.0627307 0.0433616 0.134087 0.0136215 0.231851 0.000305012 0.223599 0.022216 0.150991 
0.0714402 0.00019911 0.0184635 0.0544936 0.0868786 0.0120522 0.337341 0.000270454 0.271414 0.00233149 0.145115 
0.0829111 0.0133642 0.0291748 0.0120811 0.123578 0.0458445 0.40966 9.25621e-05 0.107033 0.0097917 0.166469 
0.24869 0.00178352 0.046879 0.0442581 0.128458 0.0260765 0.25733 0.000438659 0.183892 0.00887988 0.0533141 
0.0164831 0.000249825 0.0152925 0.0449449 0.0657935 0.00248023 0.550747 0.000251914 0.298719 0.0037899 0.00124873 
0.0282788 0.000373745 0.0600256 0.0195764 0.0787653 0.0125578 0.743271 0.000356364 0.0459532 0.00451032 0.00633104 
