0.0294449 0.099911 0.0172617 0.104168 0.0155391 0.0710932 0.0580588 1.89175e-06 0.524493 0.046363 0.0336656 
0.0125898 1.23946e-05 0.0105084 0.0416188 0.0912407 0.00915583 0.152916 8.54837e-06 0.649221 0.00844024 0.024288 
0.0605913 0.0343384 0.0172264 0.069413 0.0513793 0.252824 0.122631 0.000523325 0.25567 0.0570805 0.0783223 
0.0320998 0.00031906 0.0245248 0.30026 0.103662 0.0106723 0.073372 0.00101714 0.386243 0.0541384 0.0136913 
0.0797741 0.0010907 0.00705758 0.0508497 0.0453898 0.0268144 0.293715 0.000576338 0.428451 0.0437349 0.0225461 
0.0654799 0.00454177 0.011147 0.0549545 0.0972495 0.033899 0.211829 0.00184361 0.408393 0.0183945 0.0922676 
0.178012 0.00524723 0.0162036 0.0652222 0.0436286 0.0367658 0.242472 0.000191328 0.33753 0.0326595 0.0420676 
0.0514878 0.103291 0.0437379 0.129565 0.026238 0.0239686 0.0505309 0.000188444 0.38328 0.164244 0.0234685 
0.0413396 0.00769092 0.0365124 0.131936 0.0655338 0.0365746 0.117713 0.000267187 0.499736 0.0310095 0.0316867 
0.0634177 0.00448584 0.0471516 0.203788 0.133024 0.0390427 0.1621 0.000417808 0.227617 0.0312203 0.0877352 
0.0332832 0.000797576 0.0297909 0.143655 0.0986902 0.00314648 0.0187253 9.9065e-05 0.430191 0.00711924 0.234502 
0.065117 0.000159424 0.0432774 0.101381 0.14587 0.0208227 0.108341 0.000334379 0.473141 0.00788042 0.0336761 
0.0977819 6.15526e-05 0.00896686 0.221201 0.0792966 0.0171572 0.165099 0.000392522 0.385863 0.00908076 0.0150986 
0.0521785 0.00275053 0.0386598 0.110502 0.131093 0.0140651 0.238025 0.00128188 0.338691 0.0120865 0.0606668 
0.0445115 0.00494596 0.0452147 0.100647 0.0914816 0.044354 0.0832349 0.000496179 0.287542 0.110223 0.187349 
0.0827153 0.00674179 0.0389475 0.106208 0.0542273 0.0407414 0.0978955 0.000320384 0.502332 0.0531075 0.0167632 
0.0549606 0.00688586 0.0286458 0.116776 0.072669 0.014486 0.131415 0.17634 0.302662 0.0423673 0.0527922 
0.090071 0.0113975 0.0150763 0.0941683 0.0491738 0.0213484 0.134668 0.00114071 0.518689 0.0190272 0.04524 
0.0296185 0.000293631 0.0289148 0.266015 0.16833 0.00503277 0.12601 0.000470072 0.357886 0.00754854 0.00988115 
0.0527938 0.00598664 0.031759 0.146656 0.0863643 0.0193203 0.248397 0.00116757 0.350122 0.0122288 0.0452048 
0.177397 0.00908282 0.0186072 0.114519 0.0400618 0.107516 0.077113 0.00418891 0.344887 0.0719852 0.0346419 
0.103685 0.0153805 0.0139751 0.109628 0.0157495 0.0362772 0.099553 0.00269361 0.348771 0.21133 0.0429567 
0.158782 0.00350345 0.0261757 0.084967 0.0538729 0.0122606 0.173472 0.00254592 0.432248 0.0202025 0.0319698 
0.0557602 0.0102123 0.0221481 0.114439 0.0638538 0.0340818 0.290058 0.000134813 0.329245 0.0233618 0.0567055 
0.0577536 0.00399265 0.00692896 0.226015 0.0329413 0.0323792 0.11642 7.75109e-05 0.375338 0.093652 0.0545018 
0.106032 0.000633168 0.00877932 0.20079 0.0555817 0.0137561 0.157522 0.000245564 0.440272 0.0116239 0.00476476 
0.0165229 0.000418008 0.0290107 0.161902 0.202076 0.0113549 0.244566 0.00395645 0.307299 0.00627492 0.0166185 
0.0717529 0.0065675 0.0320099 0.157441 0.0896092 0.0317787 0.161375 0.000324836 0.291779 0.076025 0.0813375 
0.0204097 0.00455095 0.0580041 0.0734942 0.0870008 0.0140275 0.178781 0.000326822 0.542374 0.0118553 0.00917569 
0.117112 0.000541387 0.011607 0.242474 0.0337937 0.00954338 0.183477 0.0358933 0.337041 0.00343372 0.0250835 
0.0830386 0.0171876 0.0256611 0.117691 0.108708 0.0190967 0.122731 0.000654511 0.29068 0.0536961 0.160857 
0.0463401 0.00140343 0.0247915 0.0495906 0.0871757 0.0297092 0.236892 0.00121279 0.392988 0.00793116 0.121966 
0.0389124 0.00468704 0.0230214 0.191575 0.152866 0.0236613 0.0638423 0.000354001 0.455449 0.0108357 0.0347965 
0.0189654 0.000186507 0.0140443 0.0635831 0.167413 0.0098253 0.135955 0.000116053 0.490263 0.00281389 0.0968346 
0.0372068 0.00835511 0.030281 0.171163 0.126571 0.0363624 0.235784 0.000162373 0.300543 0.0280066 0.0255648 
0.102315 0.0026293 0.0114407 0.157736 0.0761574 0.0397512 0.132176 0.0001034 0.412906 0.038215 0.0265691 
0.113631 0.00745829 0.00802994 0.112382 0.0359118 0.0285436 0.0758036 0.000128936 0.516331 0.0152845 0.0864949 
0.0393197 0.00523721 0.0294643 0.0987398 0.060039 0.0199261 0.0727678 0.000575645 0.62827 0.0158926 0.0297675 
0.0489062 0.0014246 0.0195024 0.143106 0.104069 0.0154253 0.0359742 1.13383e-05 0.569912 0.0328127 0.0288559 
0.0461324 0.0056691 0.00814718 0.0773357 0.0169675 0.0644246 0.0389654 0.000332008 0.662468 0.0241712 0.0553869 
0.0802194 2.82092e-05 0.00212674 0.0340856 0.0243472 0.0314504 0.0704199 3.39175e-07 0.476354 0.171114 0.109854 
0.185971 0.00276505 0.00929176 0.060425 0.0710065 0.0203623 0.25277 0.0011043 0.362534 0.00629626 0.0274743 
0.120847 0.00748059 0.0221574 0.0510364 0.0722853 0.0135479 0.209176 0.000610676 0.395147 0.0223989 0.0853133 
0.10411 0.00764534 0.023576 0.101745 0.098445 0.0832169 0.139451 0.000418389 0.396311 0.0101476 0.0349345 
0.0909606 0.0958257 0.0240912 0.195555 0.0573511 0.0387652 0.099499 7.9542e-05 0.198359 0.165427 0.0340866 
0.0453489 0.000308378 0.02838 0.26751 0.111105 0.0191631 0.0725978 0.000184309 0.436603 0.00809472 0.0107043 
0.105617 0.00324098 0.0100877 0.186734 0.125853 0.0091169 0.158755 3.63748e-06 0.384724 0.00855054 0.00731663 
0.0674465 0.0157609 0.0223002 0.176376 0.154936 0.00377549 0.107179 0.000439266 0.427871 0.00434043 0.0195757 
0.0472072 4.39637e-05 0.00631018 0.290832 0.057417 0.00509424 0.138902 0.000766007 0.341673 0.0665931 0.0451614 
0.0348511 0.000313356 0.0402828 0.144373 0.229177 0.00438697 0.0872053 9.96156e-05 0.31699 0.0026658 0.139656 
0.0357338 0.0412896 0.0442827 0.080458 0.0706768 0.0411709 0.0319315 3.83524e-05 0.556841 0.0241406 0.0734367 
0.0143904 0.000121208 0.0370963 0.069012 0.0985368 0.0184325 0.128877 4.4566e-05 0.600208 0.00741843 0.025862 
0.189318 0.0187595 0.0207481 0.0480351 0.0185091 0.0584522 0.223337 0.000481906 0.385508 0.0186182 0.018233 
0.20464 0.00262564 0.0112107 0.0404563 0.0847182 0.00760212 0.127073 0.00135045 0.289445 0.0202035 0.210675 
0.0604367 0.00315632 0.0233906 0.25346 0.0645564 0.0316535 0.09563 0.000201545 0.317335 0.0109222 0.139258 
0.0116028 0.00225516 0.0171693 0.153129 0.0605053 0.0141984 0.259873 0.000475789 0.469472 0.00518356 0.00613579 
0.079459 0.208755 0.0138728 0.214091 0.0474045 0.0473751 0.0960991 0.000316493 0.224016 0.0435023 0.0251089 
0.0190656 0.00072181 0.0198645 0.0807006 0.07972 0.0142646 0.047164 0.000106258 0.561081 0.157396 0.0199155 
0.166202 0.0576104 0.0120262 0.115934 0.0447761 0.0468716 0.104176 0.000208184 0.209534 0.0385795 0.204083 
0.00773436 0.000607488 0.0137909 0.0334014 0.261887 0.0047669 0.310492 0.000556501 0.346988 0.000926251 0.0188484 
0.00894851 3.95395e-06 0.0121078 0.0208414 0.123999 0.00139805 0.33698 2.88579e-05 0.472226 0.000215136 0.0232525 
0.039223 0.0186148 0.041932 0.0954071 0.123773 0.105606 0.149254 0.000612762 0.345728 0.0346681 0.0451813 
0.0762608 0.00102304 0.0480418 0.121306 0.167476 0.0154898 0.18623 7.23899e-05 0.313602 0.0242734 0.0462248 
0.0925049 7.0649e-05 0.14827 0.0576671 0.079193 0.0377835 0.0590868 0.0030297 0.515063 0.00274907 0.00458273 
0.0566131 0.00332891 0.032594 0.0504784 0.0591222 0.0138257 0.0828799 0.000149992 0.607585 0.0112584 0.0821648 
0.186732 5.14263e-06 0.0205358 0.018374 0.182912 0.00749897 0.262383 2.23396e-05 0.305874 0.000609529 0.0150534 
0.0499437 0.000507884 0.0157851 0.214105 0.0826221 0.00727871 0.0741421 0.000292307 0.530357 0.00882059 0.0161457 
0.125916 0.000311899 0.0192598 0.0916722 0.0517043 0.00904572 0.285644 0.000335284 0.34217 0.0441941 0.0297466 
0.0671944 0.000223048 0.0553929 0.103467 0.0899242 0.00523708 0.187167 0.000884815 0.478151 0.00389654 0.00846133 
0.0182076 0.00443639 0.180765 0.0546771 0.103191 0.0198564 0.252559 0.000492393 0.343292 0.00197852 0.0205451 
0.0440869 0.031309 0.00732317 0.0628246 0.0460162 0.038848 0.0374753 5.5376e-06 0.658983 0.0188523 0.0542761 
0.0519912 0.00918187 0.0297753 0.0819892 0.0739351 0.0269663 0.224297 0.00125766 0.370443 0.0590747 0.0710895 
0.111681 0.000461503 0.00965443 0.0853943 0.0464211 0.0147728 0.131555 0.000209603 0.560439 0.00744736 0.031964 
0.0492032 0.000533592 0.285007 0.129238 0.109939 0.00336651 0.0586431 0.000531352 0.344467 0.00331171 0.0157592 
0.102082 0.00771109 0.0163973 0.0487174 0.0537038 0.0175573 0.140076 0.000337559 0.3823 0.0121046 0.219013 
0.0138382 0.00207704 0.0243506 0.209011 0.076409 0.0068191 0.0401889 0.000613184 0.607844 0.00660734 0.0122412 
0.0269143 0.000918725 0.0116485 0.324012 0.135925 0.0041582 0.0870348 0.000374113 0.357422 0.0105718 0.0410203 
0.0180063 0.00384289 0.0339559 0.297681 0.110037 0.0177661 0.0458018 0.000578319 0.427083 0.0202408 0.0250078 
0.0769869 0.0128013 0.0250794 0.130521 0.0429128 0.0809015 0.0869682 0.000479152 0.433138 0.0669274 0.0432836 
0.151519 0.142783 0.0151931 0.140665 0.0313817 0.00315466 0.058547 0.000826848 0.201953 0.136513 0.117464 
0.0193984 1.71232e-05 0.0440792 0.119022 0.10643 0.002463 0.0605178 0.000124784 0.623404 0.000243905 0.0242996 
0.0448932 0.000301867 0.0615413 0.0542071 0.0506054 0.0155683 0.0626511 0.000357458 0.597967 0.00608412 0.105823 
0.0607187 0.00453193 0.0176811 0.128376 0.0734257 0.0304503 0.29113 0.000254059 0.354628 0.0201537 0.0186501 
0.0266525 0.00248618 0.0077772 0.352827 0.100281 0.00635834 0.0595742 0.000307055 0.363727 0.0088544 0.071155 
0.111262 0.0194122 0.0470059 0.105008 0.0585425 0.0462125 0.0807035 9.51299e-05 0.350958 0.0438174 0.136983 
0.0646922 0.00122732 0.0125323 0.198396 0.161708 0.0634108 0.185398 0.0440507 0.231982 0.00894905 0.0276539 
0.0773561 0.0302301 0.0105268 0.185763 0.0457246 0.0501527 0.0800009 0.0258674 0.271155 0.135427 0.087796 
0.0401567 0.0103886 0.233944 0.0547758 0.11301 0.0383828 0.0653117 0.000294768 0.312018 0.0302366 0.101481 
0.0409996 0.0118802 0.0147973 0.235824 0.0823631 0.036877 0.134467 0.00120141 0.315409 0.098624 0.0275571 
0.0561617 0.0015856 0.0267697 0.072701 0.0598955 0.0196168 0.171448 0.000326165 0.569766 0.00551031 0.0162196 
0.0616509 0.00582736 0.0184097 0.0962356 0.0614415 0.0191325 0.125194 0.000241487 0.54136 0.0118506 0.0586563 
0.107294 0.0128402 0.0409375 0.0778067 0.0620037 0.0459655 0.156384 0.00423652 0.355086 0.0249441 0.112502 
0.0375899 0.00290649 0.0261573 0.088975 0.0847828 0.0172785 0.142493 0.000154521 0.478785 0.0120834 0.108794 
0.0234772 0.0794283 0.0108534 0.202957 0.0207488 0.03947 0.0806332 3.75744e-05 0.257133 0.16408 0.121182 
0.0800623 0.0117923 0.0224765 0.173183 0.0870596 0.0858747 0.228258 4.45704e-05 0.263383 0.0295858 0.0182809 
0.050319 0.00858406 0.02626 0.0869508 0.0748375 0.0476572 0.222269 0.000563455 0.357882 0.0428332 0.0818437 
0.125916 0.000311899 0.0192598 0.0916722 0.0517043 0.00904572 0.285644 0.000335284 0.34217 0.0441941 0.0297466 
0.0829115 0.00460268 0.0389722 0.104567 0.245432 0.012176 0.129716 4.19342e-05 0.351881 0.0163418 0.0133574 
0.0716889 0.00585039 0.0282103 0.199953 0.208485 0.00578343 0.0947477 0.000453801 0.32617 0.0274351 0.031223 
0.0170017 6.48724e-05 0.00396845 0.332613 0.178587 0.00449478 0.0110605 2.26565e-06 0.371754 0.00811889 0.0723346 
0.0281982 0.003141 0.0217248 0.070683 0.0524123 0.00809412 0.102794 0.00101455 0.665493 0.0103646 0.0360808 
0.0573206 0.0226905 0.0361584 0.195709 0.10153 0.0388991 0.115464 0.000346489 0.304332 0.0377676 0.0897824 
0.109495 0.00294246 0.0837478 0.106732 0.163144 0.0316008 0.185267 1.39465e-05 0.216724 0.025762 0.0745715 
0.0352466 0.00258435 0.0719015 0.04729 0.0633777 0.0112048 0.19215 0.000530723 0.533342 0.0148097 0.0275629 
0.0402627 0.00774945 0.0124257 0.113966 0.0468588 0.0407267 0.204027 0.000247509 0.490066 0.00976078 0.0339089 
0.00522259 0.000607155 0.0312953 0.0506922 0.0234324 0.00412185 0.0315422 2.77974e-05 0.78669 0.00383212 0.062536 
0.0911914 0.00560933 0.0259439 0.111591 0.102754 0.0229713 0.183581 0.000175543 0.346721 0.018177 0.0912849 
0.153366 0.0182329 0.0493144 0.074846 0.114693 0.00979994 0.178428 0.000617004 0.355762 0.0243102 0.0206303 
0.0226464 0.030393 0.0144227 0.178998 0.0729827 0.00752371 0.0890901 0.000146305 0.550818 0.00582406 0.0271555 
0.0253023 0.00156655 0.059137 0.15736 0.114307 0.0106236 0.16201 0.000427205 0.40223 0.0339611 0.0330749 
0.0156212 0.00235854 0.0626871 0.125531 0.106528 0.0175546 0.156663 0.000282227 0.45215 0.00692846 0.0536958 
0.030652 0.00439673 0.0158776 0.0772735 0.0985684 0.0142037 0.179118 0.000770266 0.421309 0.0051114 0.15272 
0.040645 0.00334943 0.0301415 0.110852 0.0748575 0.0263221 0.255323 0.000908152 0.412849 0.0129481 0.0318037 
0.101488 0.106554 0.00313783 0.176169 0.0171187 0.0302827 0.0655562 0.00748375 0.225637 0.120889 0.145684 
0.0234772 0.0794283 0.0108534 0.202957 0.0207488 0.03947 0.0806332 3.75744e-05 0.257133 0.16408 0.121182 
0.113654 0.00446518 0.00827204 0.00914917 0.025441 0.0271984 0.241359 3.37652e-05 0.336418 0.00616891 0.22784 
0.0690054 0.0288412 0.0165726 0.16233 0.0717893 0.0403198 0.116792 5.95164e-05 0.332283 0.0363559 0.125652 
0.0388439 0.0121807 0.00547933 0.184181 0.100761 0.047151 0.0863772 4.59205e-05 0.452689 0.0322281 0.040063 
0.129624 0.0228727 0.0169711 0.162593 0.12601 0.0835812 0.176425 7.09685e-05 0.221725 0.0250864 0.0350425 
0.0719339 0.0256408 0.0257396 0.162809 0.0912824 0.111546 0.128458 0.0006346 0.246049 0.102825 0.0330821 
0.0652942 0.0066872 0.0250024 0.18651 0.127344 0.0180023 0.122659 0.000586489 0.357322 0.0319618 0.0586307 
0.0783644 0.00785299 0.0235956 0.121683 0.0937928 0.0675039 0.158394 0.019132 0.201268 0.166486 0.0619275 
0.0900634 0.00873897 0.0103549 0.162032 0.0480767 0.0291435 0.228011 0.000485919 0.346647 0.0582045 0.0182416 
0.0594451 0.00440555 0.0228594 0.0941966 0.0966382 0.0473535 0.166855 0.000769387 0.372677 0.0220314 0.112769 
0.191425 0.0172432 0.00915269 0.0411054 0.0350047 0.0390315 0.130687 0.000366646 0.420603 0.0755421 0.0398388 
0.0563402 0.0043711 0.0251745 0.131882 0.0919047 0.0259132 0.238003 0.000874957 0.330426 0.0262085 0.0689017 
0.0281982 0.003141 0.0217248 0.070683 0.0524123 0.00809412 0.102794 0.00101455 0.665493 0.0103646 0.0360808 
0.00439623 0.0002732 0.032858 0.0526488 0.0802869 0.000320409 0.311809 0.00011259 0.34818 0.00052464 0.16859 
0.0486573 0.0129057 0.0467451 0.0734887 0.0462308 0.0935298 0.199473 0.177852 0.233026 0.0317855 0.0363065 
0.0321602 0.00358762 0.036194 0.0500656 0.0860327 0.0171233 0.212938 0.000293253 0.476547 0.027022 0.0580355 
0.0626018 0.00787767 0.0142163 0.107636 0.0236068 0.0577778 0.334198 0.000493038 0.364274 0.00844725 0.0188716 
0.0565689 0.000997937 0.0275533 0.113579 0.101329 0.00704345 0.178514 0.0068485 0.462158 0.0104362 0.0349721 
0.0140876 0.00349908 0.107337 0.141448 0.116254 0.0118055 0.155225 0.000400402 0.408061 0.00203065 0.0398521 
0.0616151 0.00737196 0.0332235 0.114729 0.0810378 0.0215259 0.227815 0.00136556 0.368878 0.0195236 0.0629142 
0.0954565 0.0135639 0.0932117 0.0312993 0.198691 0.0380415 0.160329 0.000717827 0.237472 0.0392647 0.0919525 
0.0349212 0.0137877 0.0120719 0.195391 0.0792084 0.0146447 0.0484036 0.0810256 0.391101 0.0867817 0.0426629 
0.0462759 0.0135801 0.0361954 0.162269 0.0998939 0.0200934 0.201077 0.00213773 0.379022 0.0155269 0.0239274 
0.0238146 0.00445831 0.0131474 0.213213 0.0831872 0.00819006 0.275068 0.000170306 0.358845 0.00264719 0.017259 
0.100649 0.0455165 0.057438 0.0833544 0.0328669 0.0741616 0.0530386 4.45607e-05 0.44191 0.0584817 0.0525381 
0.0490646 0.000429934 0.0346251 0.0982002 0.213603 0.0317694 0.189918 0.000335251 0.343479 0.00580584 0.0327698 
0.073404 0.104027 0.00311459 0.2035 0.0197907 0.014858 0.0466086 1.2336e-05 0.281013 0.167486 0.0861865 
0.0476365 0.00470157 0.0140061 0.194982 0.0810499 0.0539806 0.060972 0.00102896 0.355394 0.0281834 0.158065 
0.107771 0.000282257 0.0239839 0.212098 0.0739204 0.0142525 0.102085 0.00230295 0.42978 0.0124035 0.021121 
0.124253 4.97984e-05 0.00441388 0.132095 0.0593411 0.0053641 0.273043 0.0012484 0.387334 0.00684698 0.00601073 
0.11128 0.0034657 0.0332045 0.169993 0.103115 0.0163461 0.148556 0.000784555 0.348203 0.0300606 0.0349919 
0.0515401 0.0315665 0.0138878 0.121397 0.0571545 0.0384748 0.0301114 5.3813e-05 0.557876 0.026561 0.071377 
0.08168 0.00125665 0.0326792 0.129508 0.0901856 0.0367448 0.157117 0.000346706 0.439983 0.006457 0.0240412 
0.0323279 0.0880886 0.0369385 0.143828 0.1012 0.0391343 0.0549441 6.24378e-05 0.422865 0.0217326 0.0588782 
0.0253379 0.00909364 0.0210024 0.127892 0.0115969 0.0270717 0.0471554 0.00201352 0.654303 0.024499 0.0500345 
0.0286263 0.000226401 0.0227297 0.0478962 0.0883198 0.00365493 0.0885913 0.000398899 0.438034 0.00704552 0.274477 
0.0183056 0.00216256 0.0371517 0.111988 0.0473867 0.0196071 0.107729 0.000344513 0.450939 0.0094718 0.194914 
0.0136301 7.76652e-06 0.0104228 0.0751114 0.0887804 0.00465451 0.20371 0.000150444 0.557063 0.00380317 0.0426666 
0.108333 0.00027173 0.0365639 0.230131 0.0785543 0.0151346 0.127713 0.000565959 0.356372 0.014523 0.0318371 
0.0366323 0.00123015 0.0434889 0.125464 0.0479038 0.0265852 0.172802 0.00196775 0.373533 0.0187729 0.151621 
0.036365 0.00244675 0.0201063 0.100527 0.0543325 0.0120897 0.0756694 0.000768489 0.643659 0.00527981 0.0487564 
0.183844 0.0103725 0.0379251 0.0468561 0.0867776 0.0166799 0.20955 0.00256732 0.354111 0.00617984 0.0451367 
0.13393 0.00870767 0.0345318 0.114893 0.0191889 0.0373666 0.0282115 8.68053e-05 0.439519 0.0169747 0.16659 
0.0666391 0.00414095 0.0129607 0.105005 0.109106 0.0199542 0.293068 0.000838157 0.352993 0.00991565 0.0253798 
0.129903 0.000298464 0.0124745 0.103155 0.0370531 0.0112078 0.180796 0.00175563 0.510191 0.00369789 0.00946692 
0.0220695 0.0150153 0.0148671 0.173944 0.0213573 0.153831 0.031753 0.000229296 0.524101 0.024916 0.0179162 
0.0166077 0.00244856 0.0146533 0.149068 0.0662614 0.0160199 0.213788 0.000572845 0.508709 0.00582181 0.00604915 
0.146799 0.0790726 0.0128343 0.0438274 0.0441379 0.0379921 0.184111 0.000515555 0.361823 0.0461208 0.0427668 
0.0468149 0.00204708 0.0380377 0.144017 0.0795649 0.0121485 0.126203 0.00035167 0.4643 0.0427208 0.0437946 
0.0252057 0.00384855 0.0230987 0.151901 0.0598687 0.139984 0.116305 0.0181752 0.387131 0.0502991 0.024183 
0.0441847 0.000125418 0.0392279 0.0303873 0.0530025 0.00345929 0.226029 0.000279238 0.553739 0.00353108 0.0460341 
0.0171019 0.000242003 0.016493 0.192235 0.257522 0.00272212 0.0880047 0.0015018 0.379482 0.0370374 0.00765714 
0.0395641 0.00360375 0.0254233 0.163695 0.0557412 0.0175295 0.122679 0.000535966 0.347315 0.0345761 0.189337 
0.0150219 0.000396413 0.0383198 0.131102 0.123991 0.00998795 0.0908686 0.000151306 0.561039 0.00265246 0.0264699 
0.024538 0.00504298 0.0513486 0.0129049 0.0353678 0.038434 0.200261 1.62221e-05 0.427794 0.00160153 0.202691 
0.0281907 0.000940255 0.00577618 0.0981994 0.100939 0.00806201 0.0591172 0.000175543 0.629449 0.00611119 0.0630394 
0.0320818 0.00102396 0.0342395 0.0978883 0.0741153 0.0665302 0.222293 0.000497621 0.332039 0.0188921 0.1204 
0.0773762 0.0230204 0.0213253 0.0330972 0.0481179 0.0554144 0.213315 0.000391906 0.474753 0.0455501 0.00763883 
0.0311746 0.00449046 0.0141309 0.296687 0.142608 0.00446643 0.115461 0.0034247 0.358774 0.00626593 0.0225164 
0.0840297 0.0649078 0.00338305 0.139115 0.0459265 0.0642892 0.10774 3.70034e-05 0.267604 0.193005 0.0299628 
0.107908 0.000280868 0.0206354 0.158613 0.0444867 0.0054386 0.0476294 0.000520923 0.594542 0.00893302 0.0110125 
0.036202 0.0107599 0.0267458 0.161452 0.047214 0.179736 0.0583252 0.00138442 0.425639 0.0185251 0.0340162 
0.0494263 0.00843851 0.0337794 0.0962608 0.0736679 0.0318618 0.139437 0.000227855 0.461949 0.0269556 0.077996 
0.0252057 0.00384855 0.0230987 0.151901 0.0598687 0.139984 0.116305 0.0181752 0.387131 0.0502991 0.024183 
0.0701013 0.00933293 0.018998 0.0585323 0.0310464 0.0200829 0.199669 0.0007985 0.560654 0.0151121 0.0156733 
0.189708 0.00799863 0.0241126 0.0863484 0.0964493 0.0209332 0.0919187 0.000214738 0.266858 0.00894449 0.206514 
0.0540224 0.0084861 0.0282343 0.144695 0.0756096 0.0199642 0.137294 0.000167855 0.487718 0.015833 0.0279769 
0.0176806 0.000238485 0.028021 0.0575028 0.0977739 0.0242325 0.194124 0.000439389 0.523313 0.00452482 0.0521485 
0.138123 0.00479639 0.0184835 0.0521941 0.0292089 0.043768 0.283561 0.000120335 0.376318 0.0107621 0.0426643 
0.054414 0.0131696 0.0331761 0.273485 0.0405791 0.0422901 0.100557 0.000577454 0.335108 0.0777945 0.0288505 
0.0868372 0.00117065 0.0101281 0.044745 0.0356445 0.0190052 0.0534328 6.46023e-06 0.671691 0.00475245 0.0725865 
0.19461 0.0223166 0.0432695 0.0297137 0.0778119 0.0215478 0.130986 0.000760815 0.412389 0.0108801 0.0557154 
0.0259812 0.0002133 0.0210641 0.145878 0.15786 0.00809569 0.223042 0.0126533 0.326972 0.0177319 0.0605091 
0.0769682 0.0133253 0.0320708 0.0343658 0.0485211 0.0268275 0.14449 0.000349908 0.587297 0.016159 0.0196261 
0.0134981 0.00963029 0.0173168 0.144979 0.0446026 0.217198 0.0343211 0.000229133 0.430135 0.0484086 0.0396817 
0.0736217 0.00775313 0.0160705 0.228674 0.0573583 0.00367445 0.0819162 0.00293128 0.494884 0.00388826 0.0292276 
0.272726 5.81602e-06 0.0306977 0.124594 0.0135084 0.00920698 0.176795 0.0014443 0.361306 3.87905e-09 0.00971627 
0.0503019 0.00283134 0.0764902 0.125741 0.20153 0.0225161 0.17518 9.49845e-05 0.239787 0.0211379 0.0843901 
0.00823991 0.00185453 0.00813982 0.146841 0.0385709 0.00366768 0.0340294 1.60349e-05 0.751936 0.00458025 0.00212467 
0.225646 0.0120207 0.0176153 0.04019 0.0422937 0.0909836 0.0953327 0.000344522 0.381251 0.060353 0.033969 
0.0678945 0.0251732 0.0217228 0.0592685 0.0740016 0.0417468 0.188811 0.0326526 0.335066 0.0255252 0.128138 
0.155333 0.0249451 0.0130655 0.132482 0.0819917 0.0464502 0.0810549 0.000444329 0.383702 0.0560565 0.0244745 
0.0215074 9.73861e-06 0.0351358 0.0487221 0.0597705 0.00601672 0.285796 0.000117301 0.485703 0.00568974 0.051532 
0.0407028 0.00502275 0.0150318 0.11002 0.0591953 0.0761098 0.170858 0.000108732 0.21828 0.151153 0.153519 
0.0460918 0.00647977 0.0271344 0.20857 0.0802407 0.0269137 0.108723 0.000393123 0.372688 0.0148815 0.107883 
0.0173429 0.00660355 0.0208212 0.0972148 0.116519 0.211803 0.249562 0.000255611 0.255623 0.00663579 0.0176196 
0.0771389 0.050628 0.0100087 0.0455309 0.042798 0.324294 0.0539553 0.000196893 0.340829 0.0390083 0.0156122 
0.090073 0.000285928 0.0258799 0.0630092 0.121537 0.0293732 0.121376 0.000454501 0.510849 0.0147922 0.0223711 
0.0806972 0.0128439 0.0194555 0.0193447 0.0312352 0.020318 0.267962 0.000183142 0.26935 0.0115575 0.267053 
0.0667544 0.00761791 0.0576406 0.192097 0.0838592 0.0170774 0.0881895 0.000164082 0.401903 0.0284046 0.056293 
0.107548 0.00350397 0.00895096 0.0834678 0.127137 0.0136044 0.185321 2.44464e-05 0.412721 0.0278946 0.0298272 
0.071845 0.00822334 0.0258486 0.0941952 0.0843722 0.00957457 0.24675 0.000494569 0.433521 0.00428205 0.0208936 
0.0703209 0.00610006 0.0189958 0.148142 0.038138 0.0160499 0.0508177 4.96148e-05 0.608982 0.0157835 0.0266201 
0.0236577 0.0163051 0.000933285 0.031918 0.00096579 0.132114 0.0120151 8.65776e-07 0.65978 0.0232519 0.0990583 
0.0586874 0.0140371 0.0272628 0.115108 0.0694801 0.0217947 0.134203 0.000561401 0.484993 0.0368192 0.0370531 
0.156258 0.000211386 0.0241679 0.0536398 0.0439743 0.00955072 0.0614862 0.000999064 0.595878 0.00347388 0.0503609 
0.0466396 0.0035391 0.0307513 0.137429 0.0543608 0.0154854 0.0997156 0.000270182 0.568541 0.0306987 0.0125693 
0.0166077 0.00244856 0.0146533 0.149068 0.0662614 0.0160199 0.213788 0.000572845 0.508709 0.00582181 0.00604915 
0.0787263 0.0107723 0.0281856 0.0571805 0.0684634 0.0349787 0.0892835 0.000524888 0.55292 0.0201464 0.0588185 
0.0467205 0.00142188 0.0106402 0.194416 0.081518 0.00916773 0.160057 0.00066394 0.448295 0.00773991 0.0393597 
0.0910167 0.00286574 0.0133117 0.101074 0.113564 0.0436407 0.109913 0.000102964 0.470147 0.0108783 0.0434854 
0.0385748 4.91374e-06 0.0122315 0.123217 0.27076 0.00297759 0.130208 0.00134254 0.390837 0.000836748 0.0290098 
0.0267907 2.06482e-05 0.0478526 0.0899897 0.30909 0.0106496 0.168019 0.000208544 0.316159 0.00714602 0.0240738 
0.145094 0.00849653 0.0229018 0.17569 0.044369 0.0239803 0.158968 0.0036889 0.35273 0.0174567 0.0466246 
0.0594437 0.000345376 0.0147193 0.311383 0.0365061 0.0357118 0.0871049 0.000260147 0.386709 0.024161 0.043655 
0.0273685 0.00589988 0.0425872 0.146125 0.0751841 0.0523159 0.156027 0.000102086 0.278972 0.126766 0.0886519 
0.0624538 0.00651697 0.0270961 0.109462 0.117778 0.0251806 0.214481 0.000236036 0.361986 0.0144683 0.0603413 
0.107771 0.000282257 0.0239839 0.212098 0.0739204 0.0142525 0.102085 0.00230295 0.42978 0.0124035 0.021121 
0.0310726 0.00398155 0.010719 0.182759 0.0640903 0.0532253 0.0999346 5.23076e-05 0.474158 0.0267417 0.0532654 
0.0690129 1.59092e-05 0.0191742 0.0501155 0.0250661 0.00348452 0.402267 0.000202212 0.408453 0.00815458 0.0140542 
0.0204383 0.00015303 0.0339933 0.253716 0.235216 0.0126208 0.140529 0.000414217 0.275954 0.00991334 0.0170524 
0.11771 0.01208 0.0186197 0.072781 0.0766402 0.0831096 0.233774 0.00111511 0.280296 0.0225987 0.0812767 
0.0347266 0.00306641 0.0204146 0.0188236 0.0301311 0.00933685 0.205438 0.000562439 0.604111 0.011273 0.0621161 
0.0966538 0.0426235 0.0315672 0.128962 0.0513882 0.117808 0.0716978 7.5031e-05 0.258986 0.14047 0.0597681 
0.0337564 0.00475117 0.0296243 0.152928 0.0666652 0.0133639 0.146067 0.000421982 0.519423 0.00831619 0.0246822 
0.0482267 0.00388282 0.0522538 0.102194 0.0956663 0.0700065 0.217075 0.000162502 0.275474 0.0297245 0.105334 
0.109264 0.0228409 0.0214935 0.0591862 0.0731319 0.0192305 0.175652 0.000451756 0.408703 0.0189778 0.0910675 
0.0182365 0.00443357 0.0165252 0.257004 0.0827623 0.0103822 0.0920178 0.000420485 0.502533 0.00472182 0.0109631 
0.18233 0.00138868 0.0274334 0.068919 0.0272193 0.0358152 0.0611523 0.00012973 0.506654 0.0174909 0.0714675 
0.0683052 0.000139619 0.0247999 0.09738 0.0570922 0.0124093 0.193363 0.000413106 0.507632 0.00469664 0.0337688 
0.140778 0.0144601 0.0213436 0.0781846 0.0544262 0.0368945 0.169881 0.00163874 0.307056 0.0255844 0.149752 
0.0385307 0.000644661 0.0234031 0.113601 0.110487 0.0105673 0.162626 0.0157756 0.319106 0.00449787 0.20076 
0.0351884 0.000244056 0.0189899 0.111534 0.0614953 0.0162082 0.183683 0.000694439 0.540477 0.0128894 0.0185965 
0.169075 0.00225587 0.0374786 0.126197 0.0848221 0.0052496 0.0808712 0.00044263 0.402729 0.0136642 0.0772153 
0.110699 0.00714681 0.0159131 0.170621 0.0317092 0.0131478 0.0798987 0.000358261 0.531706 0.00900941 0.0297914 
0.0815268 0.00242239 0.0602838 0.0535164 0.114972 0.0435663 0.211825 0.000155475 0.343485 0.0328948 0.0553514 
0.17455 0.00909869 0.0142293 0.15353 0.0536226 0.0182335 0.101774 0.000347053 0.446674 0.0102817 0.0176598 
0.0201427 0.0012178 0.0175705 0.0845802 0.110505 0.00823898 0.142368 0.000713321 0.49192 0.00620564 0.116538 
0.041796 0.00766284 0.0303977 0.1502 0.0903242 0.0284305 0.0859814 0.000377384 0.470174 0.0325638 0.0620927 
0.0322041 0.00994188 0.0282559 0.0740408 0.0594841 0.0225004 0.199216 0.00126171 0.471084 0.0260002 0.0760109 
0.0611681 0.00533477 0.0437952 0.0895007 0.0819274 0.0256893 0.245274 0.00046019 0.362717 0.0154638 0.0686692 
0.0182533 0.00122447 0.0138194 0.254222 0.18805 0.00755637 0.0812833 0.00132219 0.297962 0.0927367 0.0435698 
0.107059 0.0311112 0.0259295 0.0827059 0.0472514 0.11787 0.210116 0.000655369 0.217281 0.0911925 0.0688281 
0.0849497 0.0141415 0.020364 0.0803535 0.0598488 0.0375535 0.152577 0.000142269 0.485553 0.0173107 0.0472053 
0.0872008 0.0145297 0.0153112 0.0342151 0.0332904 0.0875221 0.104 0.00968705 0.53253 0.0257282 0.0559859 
0.0784468 0.00164135 0.0194831 0.162836 0.227911 0.0121952 0.151266 0.000614851 0.279308 0.00988438 0.0564134 
0.169776 0.0326235 0.0630041 0.035873 0.108817 0.0356299 0.213193 8.33042e-05 0.255658 0.0176228 0.0677191 
0.0633417 0.00408015 0.0262166 0.219457 0.0682527 0.0471944 0.157984 0.000154742 0.28509 0.0994537 0.0287744 
0.169776 0.0326235 0.0630041 0.035873 0.108817 0.0356299 0.213193 8.33042e-05 0.255658 0.0176228 0.0677191 
0.0331498 0.000561094 0.00627495 0.25675 0.0189897 0.0227576 0.0646135 0.000561954 0.393623 0.0221111 0.180607 
0.220988 0.00826785 0.00905821 0.114139 0.0877525 0.0403952 0.138661 0.000281253 0.22563 0.0205824 0.134245 
0.105854 0.066883 0.023477 0.0414702 0.0162471 0.0863796 0.0657023 0.00099828 0.316044 0.175553 0.101391 
0.0439948 0.0414304 0.0235304 0.132841 0.0577912 0.0271742 0.10333 0.000273479 0.355294 0.182451 0.0318897 
0.201904 0.00098145 0.0102845 0.196517 0.0742517 0.00808758 0.125823 0.00048318 0.343355 0.0253448 0.0129681 
0.0254625 1.58185e-05 0.00437679 0.160052 0.108064 0.00919609 0.280924 7.3463e-05 0.369254 0.00717325 0.0354075 
0.0733515 0.01582 0.034874 0.0890627 0.0900035 0.0149987 0.198114 0.000248616 0.408183 0.0188066 0.0565378 
0.0358977 0.000104693 0.0430695 0.185913 0.136458 0.022168 0.185783 5.06176e-05 0.259891 0.0495646 0.0811006 
0.0559723 0.00180957 0.0310704 0.141284 0.114676 0.0445619 0.243802 0.000483427 0.257207 0.035862 0.0732715 
0.0460431 0.00828196 0.0050649 0.0661042 0.0314803 0.0191164 0.113454 0.000147804 0.666937 0.00710749 0.0362624 
0.0655087 0.00202303 0.0334646 0.166018 0.0695522 0.0313138 0.0927887 0.00251914 0.292502 0.0281903 0.216119 
0.069532 0.00341947 0.0241071 0.195974 0.0789187 0.013277 0.192689 0.00162661 0.389357 0.00897679 0.0221216 
0.0899885 0.000365722 0.0144307 0.117111 0.0397223 0.00657513 0.0593227 0.000694525 0.635054 0.00560998 0.031126 
0.108904 0.00334836 0.0369758 0.0661333 0.0733069 0.0480317 0.272114 0.000148422 0.324584 0.0401287 0.0263242 
0.0204097 0.00455095 0.0580041 0.0734942 0.0870008 0.0140275 0.178781 0.000326822 0.542374 0.0118553 0.00917569 
0.0940786 0.00851412 0.0162132 0.19112 0.0861707 0.0501592 0.15324 0.00145549 0.289355 0.0630811 0.046612 
0.0275175 0.000410806 0.0157884 0.157208 0.0770135 0.00981137 0.109973 0.000829012 0.578821 0.0051223 0.0175054 
0.124055 2.34145e-05 0.0437509 0.0487006 0.136409 0.0429285 0.171257 0.00016427 0.400354 0.0030952 0.0292621 
0.0752057 6.6438e-05 0.00589986 0.370627 0.0408355 0.00192616 0.0545357 0.002098 0.432595 0.00451831 0.0116929 
0.107453 0.00688152 0.0315331 0.0859405 0.0475781 0.0207659 0.111138 0.000581895 0.544726 0.0122809 0.0311206 
0.0933363 0.00184902 0.0440294 0.0433615 0.0926285 0.010324 0.313686 0.000140758 0.348336 0.00479987 0.0475095 
0.178524 0.00635162 0.026969 0.048197 0.0445819 0.0282128 0.144874 0.000241182 0.343124 0.00717703 0.171748 
0.057808 0.0186886 0.0531711 0.0394744 0.067312 0.121247 0.121819 2.86897e-06 0.264357 0.20349 0.0526296 
0.16393 0.0102937 0.028487 0.0756062 0.0953262 0.0865941 0.0787345 0.00033438 0.339206 0.0126449 0.108842 
0.0200659 0.00253335 0.117234 0.118321 0.140404 0.025508 0.148025 0.000377467 0.366297 0.0213754 0.0398585 
0.0281907 0.000940255 0.00577618 0.0981994 0.100939 0.00806201 0.0591172 0.000175543 0.629449 0.00611119 0.0630394 
0.158975 0.0887838 0.00910844 0.0615825 0.0156614 0.0571587 0.215963 0.000787189 0.326295 0.0325216 0.0331638 
0.0333257 0.0112373 0.0384558 0.10764 0.0729478 0.0138801 0.110408 0.000934384 0.589086 0.00572952 0.0163549 
0.0290868 0.00164706 0.0101044 0.208314 0.212317 0.00863046 0.0936916 0.000271173 0.410928 0.00322105 0.0217882 
0.0393404 8.6367e-05 0.0344803 0.0522997 0.0673761 0.00941248 0.261034 0.000207884 0.483967 0.00890166 0.0428938 
0.110076 0.00495711 0.0319985 0.0624478 0.0775965 0.0107355 0.240501 7.49624e-05 0.336832 0.00614465 0.118636 
0.0926131 0.000756367 0.0607634 0.210687 0.24902 0.0166911 0.0451205 0.000249033 0.303402 0.0111263 0.00957149 
0.0523106 0.00271649 0.0259118 0.125253 0.113528 0.00938151 0.273561 0.000229033 0.343976 0.00509384 0.0480393 
0.0614564 0.00594791 0.0192433 0.0978047 0.0508669 0.043939 0.114613 0.00113156 0.446828 0.0223265 0.135843 
0.0449736 0.0325366 0.00916486 0.0584643 0.0348553 0.080439 0.111011 0.000105081 0.529498 0.0427764 0.0561751 
0.0631777 0.039859 0.0253835 0.0299796 0.0239393 0.0853935 0.259428 0.000155294 0.355144 0.0385911 0.0789494 
0.0565482 0.00830954 0.0163787 0.0271729 0.0292566 0.0413398 0.0630429 0.000297918 0.70864 0.0250857 0.023928 
0.03318 0.001768 0.0355782 0.121284 0.208988 0.0110125 0.236402 0.000709681 0.309577 0.00623411 0.0352672 
0.055237 0.00106933 0.0179878 0.0665479 0.076999 0.00895725 0.279381 0.000526788 0.40477 0.0258951 0.0626291 
0.115881 0.0540134 0.025682 0.149945 0.144886 0.0448142 0.0549343 0.00023776 0.203439 0.0735924 0.132575 
0.0398519 0.000293236 0.0252835 0.0803716 0.108295 0.0169377 0.219657 0.000611531 0.358965 0.00456528 0.145168 
0.00888549 6.23045e-06 0.0234206 0.194186 0.0883066 0.00644669 0.07625 5.78268e-06 0.551731 0.0181703 0.0325912 
0.175307 0.00106242 0.00661935 0.16859 0.139535 0.0129536 0.197298 0.000893701 0.248005 0.0333396 0.0163965 
0.0987703 0.00478671 0.0119105 0.192385 0.0131735 0.0233588 0.0798145 0.000329265 0.556849 0.00847224 0.0101505 
0.232732 0.000647754 0.00809706 0.0609135 0.0284833 0.013979 0.158398 0.00554254 0.445204 0.00540644 0.0405959 
0.0508856 0.00323475 0.0173581 0.272326 0.15893 0.00972654 0.0679777 0.0001501 0.310949 0.0329485 0.0755129 
0.058589 0.000475101 0.0159082 0.174226 0.097452 0.0146635 0.191368 0.00132127 0.421229 0.00643272 0.0183356 
0.077488 0.00945575 0.020823 0.123182 0.0655363 0.0147254 0.161274 0.000560551 0.48711 0.00969621 0.0301486 
0.0168998 0.000317741 0.0442597 0.187604 0.139924 0.0095698 0.159901 0.000463719 0.322895 0.00693786 0.111227 
0.233837 0.00843017 0.0156384 0.123771 0.0704226 0.0167212 0.142816 0.00119221 0.344449 0.023028 0.0196944 
0.0832359 0.00154804 0.0165035 0.0441299 0.0571779 0.013756 0.124895 0.000455681 0.62104 0.0143246 0.0229331 
0.069526 0.0170253 0.0106871 0.107622 0.0619887 0.0223999 0.141869 0.000613901 0.516575 0.00709 0.0446029 
0.132528 8.46061e-05 0.018505 0.212708 0.0178018 0.00471163 0.119152 0.00121016 0.484877 0.00176464 0.00665733 
0.31656 0.00217638 0.0195094 0.0210522 0.0169956 0.0265066 0.212078 0.000227059 0.322848 0.00834196 0.053704 
0.055186 0.0031727 0.0315167 0.179097 0.0589977 0.012004 0.134647 0.000615486 0.466598 0.0243412 0.033824 
0.0571 0.00790535 0.020063 0.154916 0.047102 0.0331428 0.162514 0.000241492 0.484445 0.0136234 0.0189467 
0.0268883 0.00467927 0.0093498 0.167812 0.134164 0.0177264 0.22237 0.000626112 0.319009 0.0251829 0.0721926 
0.0874706 0.0220371 0.00848694 0.163728 0.069566 0.0917715 0.0902821 0.000943048 0.316794 0.071812 0.0771087 
0.0584082 0.0155742 0.0161091 0.0821719 0.0221247 0.0883047 0.043531 0.000765154 0.309402 0.258913 0.104695 
0.143719 0.0177468 0.0200918 0.121663 0.0508595 0.121373 0.0730119 0.000339808 0.236051 0.0422374 0.172907 
0.110212 0.00688552 0.0383324 0.0872905 0.0976506 0.0801325 0.155482 0.0130847 0.250045 0.101906 0.0589792 
0.0180679 0.00037096 0.0670203 0.223737 0.119551 0.00935848 0.0994677 0.000681566 0.43774 0.0129708 0.0110346 
0.0267619 0.000397865 0.00698732 0.0485453 0.032627 0.00890417 0.0901277 2.48734e-05 0.295733 0.218253 0.271638 
0.00823991 0.00185453 0.00813982 0.146841 0.0385709 0.00366768 0.0340294 1.60349e-05 0.751936 0.00458025 0.00212467 
0.017393 0.00425055 0.0831927 0.127486 0.0851498 0.006638 0.0721644 8.58984e-05 0.564945 0.0175923 0.0211027 
0.071596 0.00875406 0.0317144 0.0788361 0.0686743 0.0262354 0.192817 0.00156238 0.470895 0.0140359 0.0348792 
0.0363941 0.000271011 0.0577629 0.0413774 0.0683162 0.0142141 0.268475 0.00250727 0.346693 0.0730907 0.0908986 
0.102399 0.0118185 0.0243128 0.0382758 0.0665221 0.0120507 0.28776 0.000155742 0.390222 0.011802 0.0546815 
0.0319953 0.0562023 0.00872149 0.121872 0.0377887 0.0109874 0.126348 3.02402e-06 0.391097 0.177396 0.037588 
0.0214659 0.0042058 0.0227621 0.104184 0.0794376 0.00989441 0.254582 0.000170131 0.470697 0.00609548 0.0265056 
0.128297 0.00169113 0.0791252 0.122369 0.0777023 0.00890823 0.106359 0.000340245 0.434729 0.0085132 0.0319663 
0.0148024 0.000192297 0.026029 0.138762 0.0644699 0.00374268 0.147062 0.000840229 0.596564 0.00314429 0.00439117 
0.0506187 0.0106782 0.0276665 0.0795322 0.0809383 0.0373868 0.153517 0.00040707 0.459208 0.0219692 0.0780779 
0.0659244 0.031534 0.0123492 0.124999 0.0819777 0.0445572 0.148008 0.00547194 0.218499 0.211588 0.0550915 
0.0650721 0.0012394 0.0354399 0.244533 0.129764 0.0152836 0.0930059 0.000848208 0.377414 0.010344 0.0270551 
0.0193683 9.2384e-05 0.0139765 0.300252 0.0526057 0.0124291 0.214379 0.000587647 0.368213 0.00231248 0.0157844 
0.0470567 0.00301542 0.0177923 0.0948078 0.0754925 0.0204594 0.162378 0.00109238 0.478871 0.0269962 0.0720384 
0.0164296 3.49598e-05 0.17742 0.139906 0.0802931 0.0533052 0.108595 8.39286e-05 0.243235 0.106378 0.0743192 
0.0576182 0.00390902 0.0192233 0.0510633 0.0382574 0.0288153 0.104984 6.64762e-05 0.616809 0.0209237 0.0583298 
0.13997 0.00829497 0.0279857 0.0453178 0.0691996 0.0845683 0.0950124 0.000638155 0.272939 0.0114629 0.244611 
0.0122985 8.13218e-05 0.0440429 0.207645 0.139627 0.00980788 0.120478 8.7723e-05 0.238492 0.00807655 0.219363 
0.0701013 0.00933293 0.018998 0.0585323 0.0310464 0.0200829 0.199669 0.0007985 0.560654 0.0151121 0.0156733 
0.0333006 0.00137592 0.0132648 0.249114 0.0969267 0.0104379 0.219093 0.000220419 0.351203 0.00515709 0.0199059 
0.0567568 0.102652 0.00106093 0.0225175 0.00782716 0.285611 0.0117657 9.04453e-06 0.303491 0.0289915 0.179318 
0.0619999 0.0197348 0.0138025 0.172067 0.0959701 0.178371 0.0615295 0.000113765 0.205292 0.114217 0.076902 
0.133363 0.00400179 0.0385852 0.153255 0.0577688 0.0375961 0.167957 0.00072472 0.228513 0.0171489 0.161086 
0.0591173 0.0622267 0.120772 0.0965955 0.129138 0.0442711 0.144963 0.0115505 0.236874 0.0364067 0.0580854 
0.0665274 1.30706e-05 0.00281415 0.33619 0.0575448 0.00348652 0.0817221 0.00217393 0.410828 0.0128872 0.0258129 
0.0306989 0.0201534 0.0664323 0.0752212 0.134707 0.0126799 0.157595 0.000279628 0.322574 0.011864 0.167794 
0.0531715 0.0137213 0.0345502 0.134553 0.0778673 0.0151209 0.261553 0.000312962 0.378761 0.0140276 0.0163609 
0.0845819 0.0303141 0.0138956 0.0794818 0.0730919 0.0914161 0.140269 0.000401907 0.265001 0.0436139 0.177933 
0.0298052 0.000189103 0.0144571 0.0676215 0.0804674 0.00829958 0.21393 0.000639425 0.573109 0.00336326 0.00811853 
0.0455101 0.00192088 0.0220596 0.123587 0.0838072 0.0187048 0.221872 0.000471412 0.319375 0.0120948 0.150598 
0.0431761 2.92204e-05 0.0157931 0.202137 0.0921433 0.005127 0.100804 0.000828634 0.521943 0.00203749 0.0159822 
0.141522 0.0138817 0.0233346 0.0439307 0.0658952 0.04391 0.196367 0.0151312 0.242881 0.0318666 0.18128 
0.0807205 0.0113166 0.0301651 0.109699 0.0938382 0.0279637 0.22809 0.000263161 0.370617 0.0115577 0.0357695 
0.0148139 0.000163593 0.0221581 0.0491965 0.0478811 0.00343283 0.10011 2.26786e-05 0.732198 0.00288014 0.0271435 
0.0809038 0.00695042 0.00716193 0.0400262 0.02429 0.0532077 0.041724 0.00428375 0.561074 0.0793583 0.10102 
0.0474903 0.0213736 0.00859513 0.191517 0.066624 0.0317046 0.0889559 0.000189115 0.383077 0.0486934 0.11178 
0.0445067 0.0511675 0.0316483 0.0718354 0.0290068 0.0271141 0.0463888 1.79137e-05 0.631174 0.0207566 0.0463841 
0.0754748 0.00674255 0.0228217 0.0766535 0.0703312 0.0183189 0.182519 0.00804124 0.420035 0.0214109 0.0976519 
0.0693555 0.0082007 0.0388041 0.106996 0.103367 0.0335219 0.271735 0.000149984 0.295339 0.0146506 0.0578797 
0.0240496 0.0073646 0.0281271 0.189587 0.061616 0.00722762 0.0639764 0.000498426 0.579548 0.00575928 0.0322466 
0.015714 0.000634782 0.0475948 0.0142935 0.0593293 0.00896451 0.0922852 0.00221886 0.696502 0.00115664 0.0613066 
0.175982 0.0036917 0.0205447 0.153903 0.0904809 0.0365451 0.133596 0.000775914 0.321646 0.018064 0.0447716 
0.0468804 0.00232432 0.0203913 0.0977579 0.0606661 0.0369463 0.105488 5.15514e-05 0.539734 0.00547386 0.0842867 
0.0231776 2.1291e-05 0.020681 0.101218 0.0673889 0.01663 0.347504 0.000244651 0.387679 0.0166648 0.0187911 
0.0169495 0.00571287 0.0173454 0.193024 0.0662715 0.0182657 0.120934 0.00014915 0.514886 0.00285714 0.0436047 
0.116177 0.0796788 0.0202158 0.0460519 0.0602383 0.0467367 0.238343 7.93093e-05 0.300957 0.0384073 0.0531144 
0.0145116 5.39589e-05 0.0496377 0.32479 0.172078 0.00176842 0.0271402 2.04477e-05 0.382523 0.00425041 0.0232264 
