0.016441 0.0689716 0.0032316 0.00980275 0.000112369 1.49405e-05 0.0122549 0.440283 0.448357 0.000531552 
0.0166361 0.0243939 6.66497e-05 0.00902377 8.01131e-05 1.06784e-06 0.00921901 0.121854 0.81842 0.000305948 
0.217572 0.0779382 0.0116522 0.0185933 2.533e-08 3.93587e-05 0.128261 0.165471 0.312642 0.067831 
0.0368389 0.123983 0.0464386 0.0875246 0.000100743 0.0124934 0.00827232 0.0913551 0.578267 0.014726 
0.0469164 0.0691265 0.203967 0.0237516 0.00111675 0.0117007 0.0724222 0.220287 0.319667 0.0310445 
0.0152511 0.0479683 0.00391543 0.00420987 0.000324153 2.65285e-05 0.00263546 0.223543 0.679033 0.0230932 
0.14674 0.0697452 5.22856e-05 0.0113136 0.00220053 2.35176e-06 0.00628957 0.305844 0.450375 0.00743678 
0.0305081 0.11375 0.00549739 0.0390982 0.00017876 5.99014e-05 0.0594431 0.210171 0.519292 0.0220008 
0.0941113 0.070872 0.000983533 0.023097 0.000336011 8.04142e-05 0.041426 0.239669 0.506427 0.022998 
0.113078 0.0488754 0.019194 0.0118625 0.0998246 0.0187176 0.0797736 0.147328 0.399292 0.0620548 
0.0159566 0.0496906 0.00360839 0.0463454 8.82767e-05 4.4788e-05 0.0111843 0.170432 0.69605 0.00659983 
0.0123848 0.0834962 0.00274935 0.0598372 3.42183e-05 1.96383e-05 0.00329578 0.138393 0.699011 0.000779018 
0.0146138 0.0434448 0.0705173 0.00831896 2.9654e-05 0.102068 0.00141973 0.134975 0.58982 0.034793 
0.00695752 0.0666258 0.000144086 0.0377129 6.52053e-06 7.87358e-06 0.0212631 0.245798 0.621349 0.000134853 
0.133185 0.118573 0.0136384 0.0179445 0.000265397 0.0471745 0.0205625 0.270783 0.336303 0.0415721 
0.0227942 0.0639121 0.000602152 0.020015 0.00286342 0.000272932 0.115055 0.345379 0.409043 0.020064 
0.0586351 0.230952 0.0285021 0.0377175 2.54444e-05 0.00987702 0.0730087 0.188654 0.341186 0.0314426 
0.0134363 0.0379843 0.00538528 0.0405456 2.97814e-05 2.6465e-05 0.00486439 0.0835 0.811337 0.00289076 
0.0576204 0.0957685 0.00339891 0.0170942 0.000212236 0.000333528 0.00722178 0.396618 0.409711 0.0120207 
0.0924078 0.0865009 0.015133 0.0362731 0.000300459 0.00748794 0.0308795 0.351281 0.357529 0.0222078 
0.0140542 0.0636694 0.000427708 0.0416629 9.97015e-06 2.94996e-05 0.0192067 0.419453 0.437936 0.00355059 
0.0134363 0.0379843 0.00538528 0.0405456 2.97814e-05 2.6465e-05 0.00486439 0.0835 0.811337 0.00289076 
0.0294356 0.0876315 0.105424 0.0182141 0.000720661 0.0268582 0.0330705 0.205921 0.434344 0.058381 
0.172854 0.0497985 0.00699028 0.0103049 0.000619168 0.00317869 0.0549541 0.271363 0.392751 0.0371864 
0.119895 0.175435 2.33289e-05 0.00727878 3.46256e-05 0.000203564 0.115866 0.11543 0.458818 0.00701588 
0.0999672 0.147946 0.00753875 0.0297411 0.000871098 0.00765499 0.126841 0.176408 0.354609 0.0484233 
0.0629997 0.122291 0.00321789 0.145902 0.000168311 2.17354e-05 0.0192875 0.156999 0.476096 0.013017 
0.122261 0.00888327 0.0470655 0.019056 0.000129028 0.00011211 0.0112283 0.108213 0.674551 0.00850078 
0.17123 0.047086 0.000789059 0.0140084 0.000674895 6.79617e-06 0.00763185 0.21734 0.538063 0.00316967 
0.0640754 0.14569 0.00542787 0.00708187 7.25245e-05 0.000834614 0.0118624 0.326194 0.42203 0.0167306 
0.0585702 0.0174212 0.016091 0.0827228 0.000466831 0.00397056 0.0248923 0.216986 0.565907 0.0129717 
0.0367634 0.0318593 0.0235879 0.00562892 0.0980712 0.0990978 0.219721 0.0985001 0.319992 0.0667791 
0.145607 0.0500688 0.0235723 0.0123782 0.000173723 0.000404751 0.142888 0.288529 0.290292 0.0460871 
0.0154795 0.163411 0.000335533 0.0292024 0.00024332 3.26757e-05 0.00787444 0.261885 0.512598 0.00893811 
0.0309125 0.11874 0.0191887 0.00342881 8.10648e-05 0.00448859 0.0129719 0.167804 0.640061 0.00232355 
0.0625097 0.0523605 0.0018353 0.0167083 0.000178458 5.68211e-05 0.0364089 0.162657 0.664911 0.00237417 
0.0367634 0.0318593 0.0235879 0.00562892 0.0980712 0.0990978 0.219721 0.0985001 0.319992 0.0667791 
0.0776047 0.13597 0.0144011 0.11665 6.20043e-05 0.00259119 0.0214962 0.18308 0.415238 0.032906 
0.00615178 0.115185 0.000102942 0.0333222 0.000254847 2.5802e-05 0.109464 0.27656 0.457373 0.00156119 
0.0821484 0.0903003 0.0088972 0.0257221 0.000673761 0.0092803 0.019217 0.267538 0.478232 0.0179907 
0.0660198 0.0403883 0.0143152 0.0167058 0.000110883 0.000131107 0.0103294 0.136893 0.710061 0.00504532 
0.0303135 0.0820376 0.00334306 0.0482566 7.06138e-05 6.39275e-05 0.0281859 0.14093 0.661756 0.00504281 
0.0748246 0.133634 0.0303164 0.0619508 0.00267441 0.0113742 0.0753352 0.282272 0.295554 0.0320652 
0.0705246 0.0999803 0.0570631 0.126892 0.00109062 0.00825873 0.0752524 0.239817 0.24224 0.0788819 
0.209196 0.0357854 0.0131123 0.0262255 4.14858e-07 0.00221171 0.00268657 0.303263 0.304341 0.103178 
0.139537 0.0306802 0.0131294 0.00454204 0.000249524 0.000775645 0.171295 0.269231 0.319078 0.0514823 
5.26053e-05 0.000232963 0.000233233 0.0274778 3.86576e-05 0.000263427 0.00011689 0.000166374 0.971271 0.000147541 
0.0709909 0.111305 8.06321e-05 0.0125932 4.32804e-07 5.42925e-06 0.000772401 0.307435 0.496224 0.000593579 
0.0134282 0.00933804 0.0131763 0.00382923 0.000153418 9.97302e-06 0.0583469 0.124946 0.776113 0.000658493 
0.0443429 0.0998982 0.0420049 0.0479695 0.000749229 7.3919e-05 0.0327835 0.275542 0.318369 0.138267 
0.214289 0.0658341 0.010586 0.00216674 0.0790515 2.72409e-05 0.132758 0.176805 0.310398 0.0080833 
0.141254 0.039729 0.00170089 0.0151295 0.000532451 2.29849e-05 0.0064903 0.181924 0.608847 0.00437111 
0.0343073 0.0761476 0.0188457 0.0309975 0.00017741 0.00263915 0.0161546 0.320233 0.410095 0.0904028 
0.03124 0.0153057 0.333196 0.00868249 0.000814856 0.00689217 0.00395097 0.132024 0.400807 0.067088 
0.0792289 0.0515194 0.00171278 0.0163063 0.000410656 6.18336e-05 0.0240166 0.228087 0.58192 0.0167362 
0.0874947 0.090235 0.23411 0.0179454 0.000169411 0.00288497 0.0214059 0.192504 0.252965 0.100286 
0.0347102 0.0702665 0.125576 0.038372 0.00255673 0.00351426 0.11943 0.110654 0.430877 0.0640434 
0.016441 0.0689716 0.0032316 0.00980275 0.000112369 1.49405e-05 0.0122549 0.440283 0.448357 0.000531552 
0.0266869 0.119077 0.0535454 0.0154964 0.000145848 0.0165075 0.0909402 0.158527 0.343087 0.175987 
0.289551 0.00505346 0.0121079 0.0126769 0.000296756 0.000361515 0.00296737 0.0942386 0.567328 0.0154185 
0.0977054 0.128092 0.0171628 0.0397384 0.0003456 0.0314691 0.0244563 0.287682 0.313741 0.0596077 
0.051076 0.0984888 0.00786741 0.0156159 0.000161221 2.79262e-05 0.0164092 0.114178 0.690297 0.00587878 
0.0154043 0.0231242 0.124511 0.0282007 0.000162099 0.00440002 0.0250616 0.120131 0.643555 0.0154502 
0.00512079 0.262856 0.000167724 0.00890486 0.000107602 3.69977e-05 0.00667044 0.221629 0.493025 0.00148156 
0.0806729 0.0253128 0.0022249 0.00428927 9.90139e-05 0.0175792 0.0228417 0.111939 0.724043 0.0109984 
0.0555014 0.234875 0.00408624 0.028789 5.58376e-05 5.14921e-06 0.0178138 0.189756 0.418975 0.0501422 
0.03124 0.0153057 0.333196 0.00868249 0.000814856 0.00689217 0.00395097 0.132024 0.400807 0.067088 
0.226327 0.0655915 0.0190816 0.0421026 0.000364285 0.00825905 0.00981858 0.156573 0.429434 0.0424482 
0.0203684 0.027655 0.0151468 0.015191 0.000544436 6.60191e-05 0.0121367 0.153838 0.746732 0.00832152 
0.0140542 0.0636694 0.000427708 0.0416629 9.97015e-06 2.94996e-05 0.0192067 0.419453 0.437936 0.00355059 
0.052714 0.191753 0.00135038 0.00280641 0.000338958 0.000260248 0.25454 0.142137 0.25791 0.0961903 
0.140123 0.0186936 0.0141241 0.0159384 0.00014534 0.00165389 0.026787 0.209468 0.544753 0.0283138 
0.0380997 0.151439 0.0134066 0.0467454 0.00850736 0.00808428 0.0584239 0.276787 0.369964 0.0285427 
0.0640129 0.0378643 0.0348905 0.0155933 0.00288379 0.0579387 0.0176988 0.24047 0.451677 0.076971 
0.0665229 0.121939 0.00542711 0.00162635 3.64441e-07 6.25309e-05 0.0188949 0.188085 0.559803 0.0376387 
0.0937312 0.059093 0.188018 0.0301712 0.000557258 0.00339169 0.0326481 0.179432 0.386193 0.0267646 
0.0487361 0.041649 0.0561266 0.0196904 0.0004639 0.0144646 0.0185328 0.299802 0.390077 0.110457 
0.0811735 0.0238424 0.188581 0.0104573 0.000264709 0.0116966 0.0103932 0.172764 0.465218 0.0356081 
0.00840216 0.0551873 0.00506154 0.0064958 0.000254836 4.02457e-05 0.0239554 0.361066 0.536664 0.00287305 
0.0159566 0.0496906 0.00360839 0.0463454 8.82767e-05 4.4788e-05 0.0111843 0.170432 0.69605 0.00659983 
0.0372369 0.0534599 0.196515 0.00806486 0.000496944 0.0313285 0.0113144 0.156894 0.349674 0.155015 
0.0162023 0.0880674 0.000402898 0.050297 0.00235191 3.0547e-05 0.0510994 0.241608 0.548106 0.00183442 
0.0283708 0.0638275 0.0440868 0.0234713 2.81856e-05 0.00954147 0.109008 0.0737282 0.379416 0.268521 
0.0109054 0.0765766 0.00103879 0.0317343 1.56964e-05 1.95508e-05 0.0593298 0.347738 0.470889 0.00175301 
0.0648437 0.0491095 0.00417812 0.0586956 0.000134586 6.06424e-05 0.0111963 0.1918 0.614514 0.00546761 
0.0195445 0.132905 0.000835424 0.0560291 0.000116994 0.000148414 0.0423338 0.162869 0.522074 0.0631435 
0.0542999 0.0447454 0.00043253 0.0191472 5.98875e-05 4.55217e-06 0.00618924 0.0782124 0.79535 0.00155851 
0.0596396 0.0438834 0.000389956 0.00181911 1.04429e-05 1.17471e-05 0.000877117 0.127065 0.741291 0.0250124 
0.0298196 0.0866362 0.0145814 0.0219051 0.000130953 0.00470025 0.0092765 0.179685 0.633769 0.0194958 
0.0631094 0.0670636 0.000577213 0.00139832 4.62705e-06 8.9449e-06 0.00069829 0.101625 0.673194 0.0923212 
0.0198215 0.0677291 0.0974343 0.0114074 0.00110866 0.00668244 0.0239009 0.333088 0.399772 0.0390556 
0.0147058 0.0705022 0.00464516 0.0156677 1.43895e-05 0.0016816 0.0111496 0.103695 0.775329 0.0026096 
0.0105428 0.188958 0.0180278 0.0193027 0.000507032 0.0010968 0.0679355 0.2762 0.414418 0.00301197 
0.0659434 0.014717 0.0105858 0.0266678 0.000651655 0.000488727 0.0161125 0.328372 0.523005 0.0134556 
0.0485411 0.115697 0.00308202 0.0101333 5.39392e-05 7.28931e-05 0.00707188 0.360484 0.420125 0.0347389 
0.0390228 0.119518 0.00164841 0.0257639 0.00031104 0.000209824 0.0206696 0.381846 0.400523 0.010487 
0.193497 0.217228 0.00216627 0.00259066 0.0693529 0.000790938 0.0138385 0.205493 0.283774 0.0112691 
0.104947 0.133077 0.00680469 0.00561196 0.00141054 2.35025e-05 0.121682 0.262599 0.264761 0.0990828 
0.00853909 0.225998 0.19893 0.0109491 9.96014e-05 0.00453696 0.0690638 0.0836084 0.360351 0.0379239 
0.016441 0.0689716 0.0032316 0.00980275 0.000112369 1.49405e-05 0.0122549 0.440283 0.448357 0.000531552 
0.0622792 0.0530546 0.00881403 0.017766 0.00029773 0.000112953 0.0292987 0.326102 0.500688 0.00158622 
0.0557019 0.0154477 0.00662959 0.0116164 0.000380121 0.000133649 0.0386375 0.178417 0.683731 0.00930525 
0.0501918 0.0301935 0.00323359 0.0122811 0.00010354 5.27033e-05 0.00380393 0.22304 0.675709 0.00139057 
0.0100724 0.141748 0.00533321 0.0170031 0.0139501 0.000297832 0.108443 0.0946426 0.607878 0.000631015 
0.034517 0.0353351 0.0503773 0.0620232 0.000477205 0.0095941 0.0221937 0.236013 0.44819 0.10128 
0.0732403 0.120823 0.00730141 0.0549605 0.00031034 0.00167182 0.0110824 0.246477 0.470288 0.0138446 
0.197933 0.00224633 0.000667112 0.00145243 0.00104706 2.64093e-05 0.116523 0.304966 0.375049 8.87081e-05 
0.0118458 0.00925288 0.0113918 0.00189872 0.000230868 8.93005e-05 0.014047 0.155391 0.79206 0.00379346 
0.0134363 0.0379843 0.00538528 0.0405456 2.97814e-05 2.6465e-05 0.00486439 0.0835 0.811337 0.00289076 
0.0134363 0.0379843 0.00538528 0.0405456 2.97814e-05 2.6465e-05 0.00486439 0.0835 0.811337 0.00289076 
0.0624378 0.127979 0.0087654 0.067379 0.0001326 0.000250658 0.0114174 0.272753 0.444869 0.00401644 
0.313352 0.00812066 0.0151683 0.0203715 0.000475953 0.000579034 0.00476777 0.151452 0.460936 0.0247769 
0.0403726 0.0807405 0.00143242 0.0254166 0.00016137 1.95108e-05 0.0470685 0.162148 0.636737 0.00590401 
0.00902354 0.0645727 0.00253213 0.0600084 4.399e-05 2.52477e-05 0.00384203 0.0814906 0.778107 0.000354641 
0.261084 0.0780867 0.0150299 0.0176229 0.000239127 0.000773246 0.044915 0.212242 0.314589 0.0554182 
0.0154988 0.0238769 7.52377e-05 0.00522566 2.45553e-05 3.26608e-06 0.00162975 0.254968 0.697374 0.00132312 
0.0155816 0.0561159 0.0484143 0.0515104 2.2187e-05 0.00307145 0.0100369 0.161739 0.639078 0.0144293 
0.00818649 0.057442 0.000782458 0.0238111 1.33766e-05 1.50012e-05 0.0445125 0.26082 0.603099 0.00131796 
0.0270968 0.0074095 0.0123449 0.0186466 0.000122233 9.69173e-05 0.00823608 0.127239 0.795861 0.00294724 
0.0154988 0.0238769 7.52377e-05 0.00522566 2.45553e-05 3.26608e-06 0.00162975 0.254968 0.697374 0.00132312 
0.0930362 0.0721303 0.00778132 0.0255133 0.00157739 0.000741683 0.0434356 0.213759 0.52492 0.0171059 
0.0159566 0.0496906 0.00360839 0.0463454 8.82767e-05 4.4788e-05 0.0111843 0.170432 0.69605 0.00659983 
0.045221 0.0045109 0.00613997 0.0257686 0.000428666 4.34624e-05 0.00936719 0.0927289 0.814499 0.00129253 
0.045221 0.0045109 0.00613997 0.0257686 0.000428666 4.34624e-05 0.00936719 0.0927289 0.814499 0.00129253 
0.0203684 0.027655 0.0151468 0.015191 0.000544436 6.60191e-05 0.0121367 0.153838 0.746732 0.00832152 
0.0618478 0.0305408 0.0106522 0.0149192 0.000101194 0.00148971 0.0033479 0.131014 0.737394 0.00869311 
0.0159566 0.0496906 0.00360839 0.0463454 8.82767e-05 4.4788e-05 0.0111843 0.170432 0.69605 0.00659983 
0.188238 0.033778 0.0117817 0.00804295 0.000380646 0.000792937 0.169896 0.224852 0.339664 0.0225739 
0.108005 0.00382505 0.00326703 0.0060205 0.00012885 1.33574e-05 0.00386127 0.0760803 0.786818 0.0119809 
0.0162023 0.0880674 0.000402898 0.050297 0.00235191 3.0547e-05 0.0510994 0.241608 0.548106 0.00183442 
0.0268245 0.0318081 0.00151359 0.016131 0.000293252 0.000157795 0.00838908 0.166799 0.680637 0.0674464 
0.0442962 0.0410609 0.121653 0.0202143 0.00208405 0.00423439 0.0118337 0.199706 0.529236 0.0256804 
0.0319094 0.040771 0.125817 0.0287899 0.000850928 0.0234583 0.0723122 0.164027 0.480092 0.0319719 
0.0780022 0.0182735 0.0643165 0.0411441 0.000280286 0.00676619 0.0106001 0.230842 0.529398 0.0203773 
0.0134363 0.0379843 0.00538528 0.0405456 2.97814e-05 2.6465e-05 0.00486439 0.0835 0.811337 0.00289076 
0.0104291 0.188906 0.000944516 0.00184324 0.000298128 1.86807e-05 0.0245981 0.0891036 0.682919 0.000940375 
0.0109002 0.0235414 0.00024927 0.00447377 0.000362604 1.71357e-06 0.00127027 0.181691 0.777485 2.43708e-05 
0.144668 0.108183 0.00269019 0.000817578 5.36379e-08 7.72833e-06 0.0442733 0.23361 0.438081 0.0276691 
0.0592357 0.125039 0.140952 0.0404893 0.000338548 0.0064025 0.111084 0.111259 0.334157 0.0710431 
0.0541613 0.0700929 0.0120767 0.0279044 0.00330725 0.00617807 0.0160104 0.20394 0.411393 0.194936 
0.318011 0.121471 0.00900148 0.00318329 0.00101308 6.10279e-05 0.00952439 0.131593 0.397451 0.00868994 
0.0134363 0.0379843 0.00538528 0.0405456 2.97814e-05 2.6465e-05 0.00486439 0.0835 0.811337 0.00289076 
0.0698572 0.00984521 0.00883881 0.00139192 0.000208728 2.3688e-05 0.0752273 0.32624 0.489264 0.0191027 
0.186622 0.0137463 0.029785 2.23106e-05 4.30068e-11 0.000281884 0.0222619 0.184813 0.331369 0.231099 
0.0773755 0.0653954 0.000870932 0.0150345 0.0681155 0.000165401 0.0307789 0.277162 0.424634 0.0404683 
0.0651556 0.0670789 0.00413237 0.0498321 0.000635999 0.000141232 0.0679538 0.203265 0.507967 0.0338383 
0.0247187 0.106689 0.000242803 0.0820284 0.00475818 3.25546e-05 0.0639218 0.16205 0.553252 0.00230607 
0.0644716 0.024784 0.000591486 0.0471773 0.000368413 1.49573e-06 0.00360062 0.0716716 0.785265 0.00206844 
0.0825691 0.0529882 0.00556261 0.0306072 0.000199727 0.00325938 0.00966128 0.228216 0.572183 0.0147539 
0.0162023 0.0880674 0.000402898 0.050297 0.00235191 3.0547e-05 0.0510994 0.241608 0.548106 0.00183442 
0.00710131 0.0232414 0.00233396 0.071395 2.95805e-05 2.13786e-05 0.0047412 0.13052 0.758892 0.00172366 
0.0910128 0.0571984 0.0102543 0.0402607 0.000178147 0.000271853 0.0187519 0.372367 0.391498 0.0182061 
0.0120549 0.0383017 0.00930134 0.0023222 9.56196e-06 1.16751e-05 0.000674085 0.0986797 0.811277 0.0273674 
0.0438219 0.00683689 0.00401312 0.0573056 0.000504877 0.000252625 0.0095926 0.198321 0.672681 0.00667054 
0.0616259 0.13084 0.0102856 0.0177191 0.000189032 0.00906789 0.0146015 0.218899 0.490435 0.0463375 
0.0345321 0.108735 0.00907989 0.00283943 0.123858 0.00043692 0.055176 0.119719 0.537568 0.00805546 
0.0403096 0.0744513 0.0343188 0.0179749 0.000111315 0.00014561 0.108677 0.159519 0.550382 0.0141109 
0.16627 0.0543389 0.0280192 0.0256452 9.00401e-05 0.00323847 0.0539714 0.235174 0.338957 0.0942961 
0.0190758 0.0956384 0.0797944 0.0961639 0.000875585 0.00882422 0.0284219 0.223039 0.426375 0.0217918 
0.147794 0.0300142 0.0141243 0.0201317 0.000201133 0.000870253 0.010557 0.260118 0.487663 0.0285263 
0.00949371 0.036381 0.000228937 0.0231815 3.3663e-05 5.12336e-06 0.00255524 0.193766 0.733199 0.00115543 
0.00990684 0.021162 0.00186547 0.00336961 2.30655e-05 0.000288447 0.0348916 0.117227 0.720809 0.0904575 
0.247656 0.0451193 0.00859485 0.0252373 0.000162015 0.012485 0.0234884 0.215467 0.389669 0.0321215 
0.019053 0.0474157 0.00800134 0.0396465 0.000167 0.00058681 0.0220585 0.408816 0.415099 0.0391565 
0.00407419 0.0412042 0.0146066 0.141361 7.07308e-07 0.00141552 0.0887408 0.239547 0.458962 0.0100884 
0.016441 0.0689716 0.0032316 0.00980275 0.000112369 1.49405e-05 0.0122549 0.440283 0.448357 0.000531552 
0.111641 0.0801033 0.00549914 0.0426621 9.0354e-05 0.000772555 0.00908466 0.296 0.442001 0.0121466 
0.0128903 0.157648 0.00264254 0.0100534 4.51283e-05 2.2423e-05 0.0246364 0.307596 0.475316 0.00914961 
0.058126 0.0646195 0.149691 0.0186987 3.3395e-05 0.0216519 0.0820297 0.0913459 0.364324 0.149481 
0.0182122 0.278721 0.0309569 0.0675719 0.0140361 0.000295647 0.0055081 0.230916 0.338343 0.0154391 
0.0594991 0.222138 0.0270396 0.00937964 1.03155e-07 0.000140284 0.00495891 0.324341 0.350726 0.00177768 
0.0135335 0.0474239 0.000392382 0.0293175 1.56909e-05 9.81971e-06 0.00532777 0.140245 0.762857 0.000877445 
0.0411282 0.0356985 0.000535278 0.00179764 1.03606e-05 2.31578e-05 0.0130186 0.30396 0.531982 0.0718464 
0.0202048 0.0788587 0.0560817 0.0206983 0.000229535 0.000382761 0.049352 0.21364 0.504791 0.0557609 
0.0927091 0.0466247 0.000418447 0.00176524 0.0172853 4.69558e-05 0.00640003 0.168964 0.664258 0.00152762 
0.0261647 0.0310476 0.104025 0.0274909 0.000133859 0.00981285 0.0207371 0.184114 0.568954 0.0275197 
0.181323 0.0411678 0.0408155 0.0344335 0.000258179 0.0129356 0.0159377 0.161751 0.278427 0.23295 
0.0231237 0.175754 0.00649495 0.0775134 0.000131853 0.00104176 0.136202 0.269599 0.29596 0.0141786 
0.0159566 0.0496906 0.00360839 0.0463454 8.82767e-05 4.4788e-05 0.0111843 0.170432 0.69605 0.00659983 
0.0906898 0.14556 0.000282428 0.00430035 0.000317836 3.44012e-05 0.0222229 0.228802 0.266967 0.240824 
0.0223648 0.0228342 0.00137221 0.0205494 3.52948e-05 3.20334e-05 0.00417052 0.12343 0.80419 0.00102226 
0.0140079 0.154429 0.0287831 0.00356637 3.98728e-05 0.0059293 0.178019 0.223925 0.261568 0.129733 
0.111512 0.041165 0.0102075 0.0171328 0.000344611 0.00215235 0.112078 0.327366 0.346135 0.0319066 
0.0366477 0.122499 0.0121974 0.0522937 0.000281114 0.00651663 0.0174587 0.238541 0.482801 0.030763 
0.0310348 0.0720148 0.0648625 0.0235717 0.000152998 0.00829825 0.0222749 0.327658 0.419072 0.03106 
0.257041 0.0265772 0.00421505 0.000484947 8.87231e-06 1.04413e-05 0.00690643 0.330336 0.344877 0.0295434 
0.0987633 0.039934 0.0104366 0.0294367 0.000624813 2.93535e-05 0.0153301 0.151929 0.643412 0.0101037 
0.197933 0.00224633 0.000667112 0.00145243 0.00104706 2.64093e-05 0.116523 0.304966 0.375049 8.87081e-05 
0.0736676 0.118343 0.0060503 0.028931 0.000373976 0.0225402 0.0621245 0.270892 0.390153 0.0269256 
0.0338037 0.0286383 0.00241202 0.0206694 0.000121978 4.18044e-05 0.00455329 0.155167 0.753332 0.00126107 
0.158658 0.104195 0.00855295 0.0310967 0.000801863 0.0018512 0.0365974 0.308448 0.3148 0.0349985 
0.0209672 0.0473748 0.123796 0.025254 0.000960367 0.00802823 0.0233012 0.17504 0.549255 0.0260233 
0.0445061 0.0654214 0.131102 0.0373488 0.000593926 0.0127373 0.0149441 0.152935 0.499068 0.0413431 
0.0685399 0.0522796 0.0514008 0.0134308 0.000217405 0.0705156 0.0534704 0.289017 0.350082 0.051046 
0.0558784 0.105991 0.0122387 0.0227098 5.99591e-05 0.000839897 0.0899232 0.325625 0.37095 0.0157847 
0.225009 0.0552959 0.10432 0.0468358 0.0146939 0.00527755 0.0717536 0.146527 0.27579 0.0544978 
0.243255 0.0315842 0.0312095 0.0138313 0.000838279 0.00346669 0.0136693 0.24219 0.332298 0.0876577 
0.0624405 0.0179829 0.00278467 0.00932936 9.18096e-06 2.63059e-05 0.00215315 0.291865 0.603291 0.0101176 
0.0950537 0.00650547 0.00817466 0.00920126 0.00100115 0.000158149 0.0526767 0.214813 0.602056 0.0103599 
0.016441 0.0689716 0.0032316 0.00980275 0.000112369 1.49405e-05 0.0122549 0.440283 0.448357 0.000531552 
0.0766367 0.0194693 0.269067 0.0550497 7.34273e-05 0.0298926 0.00371426 0.0962895 0.370708 0.0791 
0.00498407 0.102513 0.00277366 0.0337061 0.00155936 0.000201738 0.232449 0.271521 0.274848 0.0754439 
0.0626319 0.0377805 0.0172588 0.00304885 0.000395865 0.0227891 0.0190098 0.339561 0.385659 0.111866 
0.0125538 0.0611665 0.000137294 0.0294047 0.000117998 1.27584e-05 0.0411507 0.391368 0.399647 0.0644418 
0.0215979 0.0700295 0.00107041 0.0199902 0.00175538 0.000122653 0.0264008 0.291515 0.565776 0.00174245 
0.080149 0.0275394 0.0150599 0.0334608 0.000287361 0.00146362 0.0127115 0.295513 0.504981 0.0288338 
0.0919132 0.0498149 0.00699739 0.0110866 0.00065502 5.48129e-05 0.0413514 0.238243 0.556904 0.00298009 
0.249328 0.0436348 0.0141562 0.0125837 4.92516e-05 0.000302143 0.0481202 0.164692 0.39157 0.0755639 
0.0415123 0.050895 0.00350181 0.0912714 0.000532138 6.56665e-05 0.014555 0.212998 0.563327 0.0213418 
0.248143 0.0600195 0.0373149 0.0104098 0.00189025 0.00790805 0.0151152 0.166026 0.38169 0.0714842 
0.0223648 0.0228342 0.00137221 0.0205494 3.52948e-05 3.20334e-05 0.00417052 0.12343 0.80419 0.00102226 
0.00902354 0.0645727 0.00253213 0.0600084 4.399e-05 2.52477e-05 0.00384203 0.0814906 0.778107 0.000354641 
0.0311692 0.0348094 0.00763822 0.0150981 0.00105539 3.40681e-05 0.0134142 0.18499 0.701008 0.0107835 
0.0600803 0.0416101 0.0129189 0.0861772 0.000198007 0.00365432 0.00461982 0.31832 0.424024 0.0483974 
0.0151778 0.138242 0.0104452 0.0105009 0.000175344 0.000834609 0.0518665 0.315792 0.451655 0.00531063 
0.00902354 0.0645727 0.00253213 0.0600084 4.399e-05 2.52477e-05 0.00384203 0.0814906 0.778107 0.000354641 
0.0159566 0.0496906 0.00360839 0.0463454 8.82767e-05 4.4788e-05 0.0111843 0.170432 0.69605 0.00659983 
0.0665048 0.0584682 0.0102692 0.0286997 0.0289764 0.000106606 0.123609 0.308599 0.357035 0.0177323 
0.0134363 0.0379843 0.00538528 0.0405456 2.97814e-05 2.6465e-05 0.00486439 0.0835 0.811337 0.00289076 
0.0157052 0.00875081 0.00483475 0.0267557 0.000212686 0.000696867 0.0109263 0.131884 0.797746 0.00248722 
0.031267 0.0496877 0.00739081 0.0178879 3.10549e-05 1.07408e-05 0.00785748 0.406977 0.475201 0.00368889 
0.0175827 0.0436737 0.100562 0.0148099 3.47633e-05 0.0242439 0.00215359 0.205125 0.545156 0.0466592 
0.240627 0.0669285 0.00406363 0.0106639 0.000279428 0.00016317 0.0259536 0.203601 0.424915 0.0228048 
0.0118458 0.00925288 0.0113918 0.00189872 0.000230868 8.93005e-05 0.014047 0.155391 0.79206 0.00379346 
0.019053 0.0474157 0.00800134 0.0396465 0.000167 0.00058681 0.0220585 0.408816 0.415099 0.0391565 
0.131088 0.193434 0.012964 0.0638765 8.8958e-06 3.87522e-05 0.0249007 0.232918 0.322735 0.018037 
0.0460204 0.0546137 0.00414396 0.0312467 0.00165655 0.000591333 0.0346604 0.29868 0.517271 0.0111156 
0.191686 0.00682611 0.0297107 0.0086258 0.000518843 0.0113526 0.0165848 0.28677 0.381983 0.0659423 
0.0450338 0.0538086 0.000873286 0.0118164 0.000246261 0.000265158 0.0168534 0.214547 0.634898 0.0216579 
0.0310628 0.0140968 0.14989 0.00540227 9.87151e-06 0.000628288 0.00753553 0.187167 0.333789 0.270418 
0.0815137 0.012932 0.218333 0.00201887 2.53643e-05 0.00963335 0.00367933 0.10089 0.4989 0.0720744 
0.0700791 0.0372111 0.00758241 0.0236607 0.000118178 0.00305816 0.00652207 0.143483 0.680573 0.0277128 
0.0557019 0.0154477 0.00662959 0.0116164 0.000380121 0.000133649 0.0386375 0.178417 0.683731 0.00930525 
0.0807412 0.0675307 0.0013964 0.0111484 0.000162693 2.17981e-05 0.0189104 0.23518 0.581542 0.00336609 
0.023752 0.106025 0.000213924 0.0982733 0.00597124 4.43644e-05 0.101347 0.111012 0.552177 0.00118386 
0.0447644 0.0828457 0.00114802 0.0229684 0.000154957 4.00331e-05 0.0469002 0.282679 0.473513 0.0449859 
0.0133651 0.218279 0.000245638 0.0552616 0.000303976 7.17187e-05 0.0771278 0.250056 0.382577 0.00271215 
0.0221843 0.0394362 0.0068207 0.00215172 0.000182137 0.000232392 0.0253665 0.233066 0.633471 0.0370889 
0.125403 0.0707253 0.000997521 0.0160985 0.000120028 7.92723e-05 0.0141589 0.194979 0.561789 0.0156497 
0.0132985 0.0489749 0.0650888 0.0230348 0.000653061 0.00233851 0.00997358 0.331058 0.488847 0.0167324 
0.0309024 0.0890022 0.00207628 0.0606194 0.00158363 0.000347086 0.0374188 0.314289 0.429616 0.0341457 
0.138132 0.139712 0.00504818 0.0334333 0.00236704 0.000124643 0.0181282 0.198658 0.452644 0.0117537 
0.0347086 0.0841755 0.00135467 0.0297126 0.000142769 1.32746e-05 0.0456867 0.321792 0.472113 0.0103008 
0.0941171 0.187024 0.00440657 0.106281 0.000246441 1.00603e-05 0.0254538 0.226215 0.355013 0.00123341 
0.0138068 0.0827467 0.000424163 0.0493053 0.00235908 3.67989e-05 0.0645878 0.233764 0.551832 0.00113683 
0.105851 0.0156123 0.0164408 0.0255149 0.000169852 0.00457386 0.0159881 0.211973 0.485581 0.118295 
0.0374642 0.0602037 0.0100114 0.000959292 1.4162e-05 5.98268e-05 0.000565221 0.156349 0.728517 0.0058557 
0.0845593 0.0453715 0.0112687 0.0404958 0.000153213 0.0115672 0.00271928 0.194241 0.572965 0.0366596 
0.0457915 0.176414 0.00448479 0.0135906 7.44258e-05 0.155741 0.0310039 0.100255 0.457775 0.01487 
0.135445 0.22776 0.00824311 0.0411952 0.000479332 0.00258399 0.0300542 0.239501 0.26696 0.0477779 
0.0114061 0.22334 0.0199001 0.0189038 5.58397e-07 5.47672e-05 0.206337 0.174453 0.345489 0.00011453 
0.0595591 0.0134216 0.297943 0.00198349 0.000598448 0.0201417 0.00123169 0.087996 0.396755 0.12037 
0.134789 0.0538079 0.000615846 0.00601366 1.37562e-05 1.47581e-05 0.00130413 0.114547 0.676346 0.0125481 
0.0737383 0.0372061 0.0696949 0.00630741 0.00310707 0.0122384 0.00361735 0.264699 0.35027 0.179121 
0.0119103 0.0820012 0.0170497 0.0440763 0.000858909 0.00230383 0.024712 0.3353 0.464781 0.0170063 
0.0652807 0.0181552 0.192409 0.00684716 0.000313884 0.00383481 0.0223869 0.28608 0.352664 0.0520291 
0.205012 0.0351866 0.00871312 0.00436986 0.0419379 0.00155464 0.0331114 0.299416 0.358516 0.0121821 
0.126691 0.0474581 0.00346357 0.0104138 0.000426345 1.00611e-05 0.127422 0.319034 0.335848 0.0292334 
0.0883882 0.060592 0.0190585 0.0385422 0.00016848 0.00280947 0.00587805 0.191054 0.575864 0.0176456 
0.024832 0.0582948 0.182228 0.0106029 5.65762e-05 0.00958732 0.0434041 0.237482 0.287767 0.145746 
0.069416 0.0958596 0.0260938 0.0307827 0.000414993 0.00585468 0.0467687 0.266928 0.44484 0.0130419 
0.0996235 0.0244362 0.01115 0.0260253 0.000243 0.000602204 0.0294511 0.311548 0.46309 0.0338301 
0.0307873 0.107648 0.00130675 0.018948 0.00042632 0.000247022 0.0339096 0.389082 0.40886 0.00878537 
0.0270313 0.246126 0.000378215 0.000512496 1.83018e-06 7.89072e-06 0.0939029 0.231692 0.391913 0.00843468 
0.0423303 0.0212233 0.212819 0.017182 0.000958414 0.0023671 0.156764 0.189324 0.311836 0.0451956 
0.0812688 0.0831558 0.0165991 0.0176193 0.000256433 0.00386843 0.0106884 0.150355 0.621035 0.0151543 
0.06762 0.0822079 0.0189631 0.0424412 0.000218613 0.00796277 0.00957728 0.221328 0.517396 0.0322853 
0.00913818 0.201978 0.00140057 0.00177803 3.02715e-05 0.000307115 0.012916 0.0482362 0.720319 0.00389659 
0.0761613 0.0518205 0.00420734 0.0170618 0.000206626 3.7086e-05 0.0377592 0.355301 0.417184 0.0402614 
0.00902354 0.0645727 0.00253213 0.0600084 4.399e-05 2.52477e-05 0.00384203 0.0814906 0.778107 0.000354641 
0.0530144 0.080523 0.0072144 0.0349972 5.9236e-05 0.000821565 0.0478332 0.370451 0.385216 0.0198702 
0.0134363 0.0379843 0.00538528 0.0405456 2.97814e-05 2.6465e-05 0.00486439 0.0835 0.811337 0.00289076 
0.030332 0.0572015 0.151525 0.0175015 0.000585885 0.00646559 0.0225916 0.25872 0.433546 0.0215306 
0.183464 0.0391584 0.041364 0.0228415 0.000113418 0.0574078 0.010775 0.1669 0.265669 0.212306 
0.177627 0.0681712 0.0309816 0.0159639 0.000461714 0.00320671 0.0257686 0.288976 0.311094 0.0777486 
0.0258248 0.055234 0.00703187 0.035949 5.54968e-05 0.000122799 0.0135928 0.308239 0.363285 0.190665 
0.0271001 0.0385022 0.158003 0.0302475 0.000662994 0.0377038 0.0400439 0.18729 0.264073 0.216373 
0.192086 0.0156095 0.0481414 0.0015312 0.000137475 0.0465782 0.0171507 0.168744 0.39483 0.115192 
0.074932 0.0756744 0.0199264 0.0373662 0.000527762 0.0105931 0.0317376 0.311782 0.389031 0.0484286 
0.0241851 0.0617737 0.0189718 0.00960096 2.44086e-07 3.28806e-05 0.00451311 0.0983896 0.779924 0.00260865 
0.061756 0.141581 9.95726e-05 0.0307119 0.000211654 1.1345e-06 0.00580768 0.177222 0.572102 0.0105076 
0.0958708 0.011705 0.0421833 0.00533753 6.99383e-05 0.0280944 0.00328739 0.342285 0.350277 0.12089 
0.117809 0.0589913 0.00161203 0.00217866 8.02375e-05 1.67825e-05 0.00717788 0.235502 0.554775 0.0218568 
0.025091 0.0175764 0.0321296 0.00643255 0.000272185 0.0157998 0.0169602 0.174488 0.427475 0.283775 
0.0580496 0.0931799 0.103668 0.0174383 0.000775901 0.0375617 0.0214866 0.226322 0.39523 0.0462875 
0.115415 0.0230817 0.0382982 0.0379966 0.000269198 0.001519 0.0405564 0.311135 0.40838 0.0233493 
0.0450004 0.163118 0.054176 0.117711 7.93565e-05 0.000314453 0.0136906 0.175558 0.422303 0.00804851 
0.0281822 0.201385 0.000629938 0.0194423 1.93574e-05 6.16813e-06 0.0378299 0.313891 0.381754 0.0168601 
0.0710381 0.0414081 0.00802907 0.0334995 0.000335354 4.40948e-05 0.00786063 0.186441 0.647672 0.0036723 
0.0602311 0.0332788 0.0718277 0.00372637 4.15422e-05 0.00567351 0.00568276 0.176021 0.620281 0.0232361 
0.0134363 0.0379843 0.00538528 0.0405456 2.97814e-05 2.6465e-05 0.00486439 0.0835 0.811337 0.00289076 
0.0927874 0.0729872 0.0103305 0.010976 0.0115657 0.00253278 0.102766 0.227958 0.458671 0.00942604 
0.0146138 0.0434448 0.0705173 0.00831896 2.9654e-05 0.102068 0.00141973 0.134975 0.58982 0.034793 
0.0518539 0.0275244 0.0081977 0.00245869 0.000506172 6.32879e-05 0.0773184 0.210404 0.614322 0.00735145 
0.0140542 0.0636694 0.000427708 0.0416629 9.97015e-06 2.94996e-05 0.0192067 0.419453 0.437936 0.00355059 
0.0300831 0.0971722 0.029652 0.0470976 0.000669567 0.0072194 0.0241931 0.279738 0.465332 0.0188438 
0.0660198 0.0403883 0.0143152 0.0167058 0.000110883 0.000131107 0.0103294 0.136893 0.710061 0.00504532 
0.0622929 0.0111032 0.205684 0.00545231 0.000693843 0.0137794 0.0058658 0.109242 0.449521 0.136366 
0.0342702 0.0247881 0.00139439 0.0176936 2.82406e-05 2.56289e-05 0.011434 0.17709 0.728326 0.00494964 
0.0928216 0.0175686 0.134906 0.0016941 0.000141031 0.000664384 0.0161971 0.204112 0.505892 0.0260031 
0.0169795 0.103208 0.0149886 0.11269 4.36182e-05 0.00313004 0.120766 0.2251 0.384506 0.0185878 
0.0125538 0.0611665 0.000137294 0.0294047 0.000117998 1.27584e-05 0.0411507 0.391368 0.399647 0.0644418 
0.0189322 0.120797 0.00159604 0.0239814 0.000161576 1.79071e-05 0.0444571 0.0917981 0.68717 0.0110883 
0.0858693 0.093064 0.016227 0.0167225 0.000191825 0.00169659 0.0125662 0.228218 0.49498 0.0504648 
0.0157052 0.00875081 0.00483475 0.0267557 0.000212686 0.000696867 0.0109263 0.131884 0.797746 0.00248722 
0.0388714 0.0704983 0.00984946 0.0864287 8.35819e-05 0.000360908 0.0164951 0.114772 0.659164 0.003477 
0.00463917 0.0884309 0.00252696 0.0290596 4.62038e-05 2.72358e-05 0.0165556 0.319363 0.525534 0.0138177 
0.0308725 0.144204 0.189363 0.0293398 0.000186925 0.0288955 0.0682722 0.113487 0.243091 0.152288 
0.0557019 0.0154477 0.00662959 0.0116164 0.000380121 0.000133649 0.0386375 0.178417 0.683731 0.00930525 
0.0311692 0.0348094 0.00763822 0.0150981 0.00105539 3.40681e-05 0.0134142 0.18499 0.701008 0.0107835 
0.0118458 0.00925288 0.0113918 0.00189872 0.000230868 8.93005e-05 0.014047 0.155391 0.79206 0.00379346 
0.0159566 0.0496906 0.00360839 0.0463454 8.82767e-05 4.4788e-05 0.0111843 0.170432 0.69605 0.00659983 
0.0279189 0.187257 0.00969295 0.0150323 0.0162623 0.000372175 0.0991819 0.183037 0.445587 0.0156584 
0.0125538 0.0611665 0.000137294 0.0294047 0.000117998 1.27584e-05 0.0411507 0.391368 0.399647 0.0644418 
0.0212692 0.0784778 0.00848118 0.070952 0.000213762 6.89323e-05 0.0433121 0.262317 0.469918 0.0449899 
0.0417153 0.109266 0.00368612 0.014363 0.000127326 0.000238361 0.020982 0.172985 0.633166 0.00347078 
0.0240199 0.123782 0.00135059 0.0481238 0.0143232 0.000139205 0.0204827 0.198305 0.569048 0.000425275 
0.00902354 0.0645727 0.00253213 0.0600084 4.399e-05 2.52477e-05 0.00384203 0.0814906 0.778107 0.000354641 
0.0537566 0.0079254 0.0210816 0.0339552 0.000137277 0.000362963 0.0107026 0.221135 0.507162 0.143781 
0.0034287 0.174274 0.0187693 0.217148 1.89511e-05 7.18084e-05 0.0883045 0.223714 0.227492 0.0467778 
0.0231784 0.0451958 0.000530746 0.00573546 4.77547e-05 0.0128491 0.0129336 0.28078 0.618006 0.00074246 
0.0135335 0.0474239 0.000392382 0.0293175 1.56909e-05 9.81971e-06 0.00532777 0.140245 0.762857 0.000877445 
0.00291635 0.125259 0.00135081 0.00903869 1.89054e-05 8.3071e-06 0.012581 0.264381 0.581888 0.00255884 
0.067414 0.00994848 0.258022 0.0433264 0.000205738 0.0181563 0.00503326 0.146167 0.358726 0.0930013 
0.0319861 0.0253762 0.00062537 0.0148031 0.000166824 9.04115e-06 0.0267124 0.119043 0.780481 0.000796395 
0.00935335 0.0546532 0.00284525 0.049139 2.77427e-05 3.28637e-05 0.00729453 0.128473 0.746996 0.00118477 
0.0241937 0.0625428 0.000286327 0.0483071 0.000147141 5.63346e-06 0.010248 0.31624 0.533972 0.00405632 
0.0109054 0.0765766 0.00103879 0.0317343 1.56964e-05 1.95508e-05 0.0593298 0.347738 0.470889 0.00175301 
0.088266 0.0883424 0.0373144 0.0187076 7.48373e-05 0.0708705 0.0568807 0.227113 0.271117 0.141313 
0.0339978 0.0300213 0.00286587 0.0113472 2.21722e-06 1.28198e-05 0.00120075 0.207739 0.689335 0.0234775 
0.104473 0.0485482 0.10182 0.0204173 0.000903588 0.00586025 0.0279989 0.319828 0.333937 0.0362143 
0.111306 0.0514754 0.0215154 0.0151625 0.000895397 0.0107397 0.0365884 0.178117 0.495937 0.0782624 
0.0330855 0.179965 0.00087959 0.0541813 4.1366e-05 0.000103686 0.0316334 0.188588 0.499691 0.0118313 
0.0517048 0.172338 0.00607871 0.0210133 0.0012762 0.00111088 0.0883673 0.277256 0.353926 0.026929 
0.0180952 0.0544403 0.00563617 0.0457594 2.24065e-05 3.92151e-05 0.00295835 0.148088 0.71861 0.0063504 
0.0175827 0.0436737 0.100562 0.0148099 3.47633e-05 0.0242439 0.00215359 0.205125 0.545156 0.0466592 
0.138047 0.249164 0.00274832 0.13651 0.000240767 2.62321e-05 0.0280331 0.179828 0.253238 0.0121648 
0.0779145 0.0963806 0.00634665 0.000885162 1.85068e-05 2.73266e-05 0.0183162 0.106522 0.665995 0.0275944 
0.080149 0.0275394 0.0150599 0.0334608 0.000287361 0.00146362 0.0127115 0.295513 0.504981 0.0288338 
0.0134363 0.0379843 0.00538528 0.0405456 2.97814e-05 2.6465e-05 0.00486439 0.0835 0.811337 0.00289076 
0.127001 0.091408 0.00610003 0.0172244 0.000668394 0.000101756 0.0254683 0.270005 0.454655 0.00736772 
0.0408126 0.192758 0.00673508 0.0142236 4.3333e-05 2.99731e-05 0.00560436 0.310959 0.414799 0.0140356 
0.00214441 0.0237366 0.00524052 0.00355234 8.58718e-06 7.35293e-05 0.0163348 0.209762 0.736673 0.00247486 
0.0621508 0.0764568 0.000267384 0.0358227 0.000290477 1.83013e-05 0.00228011 0.13831 0.683915 0.000488697 
0.00902354 0.0645727 0.00253213 0.0600084 4.399e-05 2.52477e-05 0.00384203 0.0814906 0.778107 0.000354641 
0.186216 0.0381945 0.026518 0.0220976 0.000284077 0.000406237 0.0735055 0.260003 0.364229 0.0285463 
0.0147054 0.0552263 0.00195942 0.0247775 0.00161503 0.00721376 0.0280277 0.176 0.687464 0.00301113 
0.0617799 0.0543366 0.0014941 0.0310488 0.000322912 5.50942e-05 0.035018 0.196054 0.610432 0.00945885 
0.0166361 0.0243939 6.66497e-05 0.00902377 8.01131e-05 1.06784e-06 0.00921901 0.121854 0.81842 0.000305948 
0.0261014 0.032484 0.000104535 0.0140483 0.000104926 4.13593e-06 0.0392204 0.106665 0.780408 0.000860253 
0.259217 0.055779 0.00959808 0.0231283 0.000243901 0.000759665 0.0175532 0.236379 0.365716 0.0316256 
0.0805793 0.0246583 0.00301296 0.0226999 0.000243495 9.66574e-05 0.0187864 0.325953 0.521739 0.00223102 
0.073647 0.164124 0.00199294 0.106406 0.000393239 1.52916e-05 0.00314767 0.161225 0.480251 0.00879843 
0.0146138 0.0434448 0.0705173 0.00831896 2.9654e-05 0.102068 0.00141973 0.134975 0.58982 0.034793 
0.0469905 0.0592396 0.00234932 0.00119024 1.81974e-06 2.31861e-05 0.00224389 0.160927 0.660975 0.0660591 
0.0499157 0.0157845 0.132401 0.0109513 0.00101712 0.00391905 0.00735014 0.135939 0.624973 0.0177496 
0.0134363 0.0379843 0.00538528 0.0405456 2.97814e-05 2.6465e-05 0.00486439 0.0835 0.811337 0.00289076 
0.0672423 0.20127 0.0132661 0.0183119 0.000213756 0.000934708 0.0962374 0.245991 0.266582 0.0899507 
0.0438219 0.00683689 0.00401312 0.0573056 0.000504877 0.000252625 0.0095926 0.198321 0.672681 0.00667054 
0.0134363 0.0379843 0.00538528 0.0405456 2.97814e-05 2.6465e-05 0.00486439 0.0835 0.811337 0.00289076 
0.0128438 0.151533 0.00449276 0.124337 3.87595e-05 5.60395e-05 0.267711 0.100206 0.336224 0.00255854 
0.0189209 0.275018 0.000144318 0.0138417 0.000616632 4.27261e-06 0.224017 0.0879131 0.347531 0.0319931 
0.0169795 0.103208 0.0149886 0.11269 4.36182e-05 0.00313004 0.120766 0.2251 0.384506 0.0185878 
0.0175827 0.0436737 0.100562 0.0148099 3.47633e-05 0.0242439 0.00215359 0.205125 0.545156 0.0466592 
0.0325131 0.141118 0.0284827 0.0234882 8.0714e-05 0.00424189 0.0726995 0.203908 0.468735 0.0247329 
0.0820412 0.167418 0.00273868 0.0533369 0.00115406 0.00010282 0.0472917 0.210001 0.401312 0.0346029 
0.0313339 0.0137622 0.00624061 0.0168582 0.000281776 0.000274014 0.0555258 0.414567 0.442166 0.0189909 
0.0238988 0.0798099 0.00758531 0.0328523 0.000141683 0.0070781 0.00722241 0.116936 0.703632 0.020844 
0.0595591 0.0134216 0.297943 0.00198349 0.000598448 0.0201417 0.00123169 0.087996 0.396755 0.12037 
0.080149 0.0275394 0.0150599 0.0334608 0.000287361 0.00146362 0.0127115 0.295513 0.504981 0.0288338 
0.091237 0.0512282 0.000849855 0.00828039 3.76174e-05 7.98903e-05 0.121555 0.127145 0.586356 0.0132318 
0.00793902 0.243757 0.0021953 0.304119 1.46051e-07 3.41442e-06 0.00823548 0.0972015 0.334298 0.0022511 
0.0364633 0.00161416 0.187799 0.0167608 0.000361105 0.024925 0.105145 0.19744 0.317875 0.111616 
0.132488 0.0562302 0.0425175 0.105547 0.000251798 0.0016329 0.0348653 0.176077 0.384201 0.0661901 
0.0476327 0.112282 0.0141937 0.0318929 0.00078261 0.00419524 0.0178351 0.195021 0.564466 0.0116979 
0.0415123 0.050895 0.00350181 0.0912714 0.000532138 6.56665e-05 0.014555 0.212998 0.563327 0.0213418 
0.00671121 0.0909954 0.00375826 0.0123344 0.000212893 0.000306776 0.0433865 0.226375 0.606537 0.00938247 
0.01098 0.168577 0.0141334 0.00867084 9.53195e-05 0.000850613 0.0211072 0.0859021 0.660602 0.0290808 
0.123649 0.015633 0.0113346 0.0410627 0.000993217 0.00127915 0.0452271 0.262059 0.472777 0.025985 
0.127677 0.0749605 0.00962107 0.0532074 0.00524549 0.00193817 0.0144635 0.33062 0.360322 0.021944 
0.0507213 0.0313803 9.98573e-05 0.037278 0.00127578 0.000425615 0.042474 0.14607 0.636123 0.0541515 
0.0152364 0.0315569 0.00200803 0.0162673 0.00230482 0.00041238 0.106486 0.332527 0.485024 0.00817782 
0.313352 0.00812066 0.0151683 0.0203715 0.000475953 0.000579034 0.00476777 0.151452 0.460936 0.0247769 
0.205586 0.0364803 0.149963 0.0057176 0.000291112 0.00995652 0.0031206 0.0829374 0.330494 0.175453 
0.00839626 0.0343943 0.00199143 0.000971754 0.000179802 1.87864e-05 0.000852357 0.199043 0.752786 0.00136632 
0.10056 0.0987516 0.00775028 0.0123089 0.000285704 0.00144739 0.0257351 0.193229 0.462449 0.0974825 
0.0640129 0.0378643 0.0348905 0.0155933 0.00288379 0.0579387 0.0176988 0.24047 0.451677 0.076971 
0.0240129 0.0782135 0.0591374 0.0326596 0.000285983 0.0137036 0.00534418 0.252552 0.503311 0.0307805 
0.0445434 0.100987 0.0152154 0.0377139 6.05282e-05 0.00437176 0.00538802 0.159346 0.610015 0.0223599 
0.00673756 0.0866905 0.0016253 0.012826 0.000202729 0.000231792 0.0433866 0.226073 0.614386 0.00784037 
