0.0166297 0.557943 0.0016071 0.00673452 5.38253e-05 3.33632e-06 0.303021 0.0832049 0.0269856 0.00381712 
0.0673992 0.743882 0.00851578 0.009662 4.40294e-05 0.000474066 0.0220095 0.0183391 0.113255 0.0164193 
0.00399317 0.514485 0.00289919 0.0396878 9.54311e-05 1.77593e-05 0.0301826 0.0856212 0.318342 0.00467555 
0.0317742 0.535344 0.0063155 0.148518 0.000365037 0.000349505 0.0500656 0.100212 0.116703 0.0103538 
0.162887 0.256707 0.00968251 0.0768067 0.000278254 5.73588e-05 0.0392114 0.224558 0.154415 0.0753969 
0.0178646 0.419464 0.00218702 0.070948 8.08435e-05 0.000247024 0.0509921 0.136141 0.19134 0.110735 
0.0156899 0.642231 0.00766339 0.136199 0.00026545 0.00123164 0.0191118 0.0763515 0.0878318 0.0134241 
0.0038839 0.83947 0.000931617 0.0157747 6.25843e-05 3.99884e-05 0.00314057 0.0753263 0.0609545 0.000415784 
0.0431305 0.424414 0.0337777 0.0597126 0.00479577 0.000131322 0.0844996 0.18128 0.166514 0.00174475 
0.0910466 0.335033 0.00775466 0.0175866 5.04932e-05 0.00564821 0.0640126 0.17505 0.16891 0.134908 
0.0512245 0.627188 0.00715275 0.125434 0.00024567 6.56321e-05 0.00432345 0.06926 0.101126 0.0139799 
0.012995 0.722249 0.000314984 0.100791 0.00283944 6.10328e-05 0.0342019 0.0769484 0.0390435 0.0105554 
0.0011787 0.810327 8.63664e-05 0.0830928 3.81055e-05 2.14542e-05 0.0706958 0.0248371 0.00925574 0.000466881 
0.0356679 0.44872 0.0123728 0.186252 0.00154424 0.00194706 0.0582915 0.130512 0.102018 0.0226745 
0.00688027 0.831704 0.000370475 0.128136 4.80105e-06 1.83243e-05 0.00329973 0.0276133 0.000979036 0.000994181 
0.00264987 0.648475 0.00657087 0.216486 4.49886e-05 1.6033e-05 0.0082088 0.0102716 0.104147 0.0031293 
0.0121662 0.816608 0.000477169 0.0517845 4.13289e-05 1.51486e-06 0.00785613 0.0515694 0.0442816 0.0152142 
0.00383024 0.396941 0.000567445 0.0405592 3.42256e-06 7.9921e-06 0.379207 0.0941501 0.0846925 4.10142e-05 
0.00162306 0.832174 0.000337743 0.0417785 0.00263958 9.40361e-05 0.00136907 0.0564225 0.0633374 0.000223954 
0.000907047 0.968628 0.000559928 0.00784459 1.19117e-06 1.58031e-05 0.0027663 0.0102958 0.00807996 0.000901108 
0.0256598 0.603908 0.00286846 0.102088 0.00127743 0.000182813 0.0364562 0.108989 0.108778 0.00979246 
0.00504857 0.678196 0.000376006 0.06409 0.00677598 0.016339 0.00797558 0.155833 0.0625492 0.0028167 
0.045519 0.684274 0.000670602 0.0315498 0.00340202 0.0259358 0.0226469 0.0522872 0.132289 0.001426 
0.157291 0.42394 0.0233069 0.039394 0.00195419 0.000995196 0.152714 0.0806835 0.099045 0.0206768 
0.01605 0.542034 0.00605075 0.150006 0.000162409 0.00137024 0.0759444 0.120697 0.0427519 0.0449335 
0.0844544 0.410748 0.00232335 0.0201854 2.65146e-06 0.000144373 0.238408 0.0811044 0.121722 0.0409071 
0.0674798 0.212268 0.0629635 0.101749 4.14882e-05 0.000908743 0.171555 0.167334 0.182674 0.0330264 
0.00841701 0.324522 0.000484557 0.147244 0.00217514 0.000126344 0.214532 0.186887 0.0986324 0.0169794 
0.000790401 0.652782 0.000368558 0.0769467 0.00143484 0.000283255 0.189695 0.0507925 0.0264921 0.000414782 
0.0248717 0.438563 0.0102394 0.258956 0.000353938 0.00316728 0.049121 0.120059 0.0716728 0.0229962 
0.00875066 0.306354 0.285889 0.128057 0.000338591 6.42954e-05 0.138529 0.0816287 0.0491194 0.00126843 
0.0349135 0.512032 0.00459175 0.166858 3.93219e-05 7.7373e-06 0.00409352 0.0753444 0.201236 0.000884309 
0.0100904 0.917645 1.15165e-05 0.0100705 9.86833e-07 8.79694e-08 0.000852462 0.0419354 0.00576159 0.0136322 
0.196345 0.406082 0.13194 0.00479818 0.0032882 9.38573e-07 0.144598 0.0796214 0.000551148 0.0327757 
0.00160528 0.916128 0.015892 0.0461886 1.62363e-05 4.80907e-05 0.0110643 0.00800662 0.00041037 0.000640522 
0.00162306 0.832174 0.000337743 0.0417785 0.00263958 9.40361e-05 0.00136907 0.0564225 0.0633374 0.000223954 
0.0376807 0.388436 0.00799637 0.0552061 8.12993e-05 0.000130396 0.335931 0.0591391 0.0882447 0.0271537 
0.14084 0.24553 0.0101004 0.127168 0.000128737 0.00821233 0.0656307 0.179838 0.092542 0.13001 
0.0129919 0.497765 0.0117165 0.136171 0.00371051 0.00229448 0.112982 0.132576 0.0713406 0.0184532 
0.013271 0.637037 0.0171878 0.161017 3.05734e-06 4.71098e-06 0.00724084 0.0741795 0.0826456 0.00741444 
6.6268e-05 0.775678 0.000715686 0.135982 0.000133804 1.10959e-06 0.00587878 0.0155819 0.0659389 2.29902e-05 
0.00162306 0.832174 0.000337743 0.0417785 0.00263958 9.40361e-05 0.00136907 0.0564225 0.0633374 0.000223954 
0.00110818 0.961664 0.000683746 0.00958602 1.39451e-06 1.92155e-05 0.00337994 0.0125827 0.00987444 0.00110082 
0.0070343 0.879477 0.00038355 0.0850458 4.61177e-06 1.10023e-05 0.00208346 0.0240752 0.0013355 0.000549317 
0.0275247 0.502488 0.00106229 0.155665 3.7387e-05 4.70777e-05 0.0144119 0.112197 0.16713 0.0194363 
0.0421222 0.572584 0.00852293 0.032959 0.00615725 0.00210471 0.0682552 0.101193 0.145121 0.0209799 
0.00224106 0.792409 0.00116019 0.0728445 4.11686e-05 0.000719598 0.0388969 0.0288077 0.0474772 0.0154025 
0.011375 0.59934 0.00331124 0.106596 8.17004e-05 0.0118432 0.0417926 0.0582673 0.157371 0.0100222 
0.0356169 0.667027 0.0213183 0.04028 0.00370258 0.000345222 0.0189508 0.134108 0.0724747 0.0061763 
0.00507801 0.706392 0.00125545 0.117035 1.05587e-06 7.98901e-05 0.0563063 0.053643 0.058545 0.00166486 
0.00412782 0.46143 0.000160887 0.385953 2.86935e-05 2.61731e-05 0.00379958 0.0499794 0.0881726 0.00632137 
0.0156551 0.58861 0.00545886 0.197241 0.000653524 0.000949509 0.0275901 0.0758919 0.0793286 0.00862181 
0.0479116 0.463745 0.000551124 0.0416426 0.000546992 6.16694e-05 0.0471398 0.262083 0.0956611 0.0406571 
0.0219721 0.829401 0.00600856 0.0297204 1.80581e-07 1.91976e-07 0.055172 0.0163905 0.000744243 0.0405912 
0.0716951 0.417246 0.189354 0.0285727 0.000384669 0.00325096 0.0436276 0.056597 0.139018 0.0502536 
0.00162306 0.832174 0.000337743 0.0417785 0.00263958 9.40361e-05 0.00136907 0.0564225 0.0633374 0.000223954 
0.0321182 0.307922 0.00478405 0.032947 8.91669e-05 6.77234e-05 0.220454 0.174396 0.191627 0.0355947 
0.047969 0.251015 0.0276287 0.0172206 0.000218645 0.0707264 0.0911279 0.178575 0.13337 0.182149 
0.042265 0.365305 0.000344116 0.0378104 3.48293e-05 3.41699e-08 0.112003 0.257477 0.0121352 0.172626 
0.00162306 0.832174 0.000337743 0.0417785 0.00263958 9.40361e-05 0.00136907 0.0564225 0.0633374 0.000223954 
0.0165891 0.843373 0.000854404 0.0351761 3.87207e-07 8.67584e-05 0.00308709 0.038253 0.049505 0.0130753 
0.144165 0.478178 0.0123644 0.0489093 0.000754461 9.91283e-05 0.0411642 0.136902 0.0817587 0.0557039 
0.0466767 0.421542 0.0126764 0.122066 0.00536908 0.000425868 0.152139 0.129139 0.0800134 0.0299533 
0.0151365 0.288378 0.00219375 0.164715 4.97872e-05 8.25427e-05 0.115677 0.243009 0.16782 0.00293857 
0.00357281 0.410503 0.000434567 0.348773 3.07107e-05 1.47933e-05 0.064829 0.0959963 0.0756137 0.000232543 
0.00520604 0.837493 0.00053053 0.0196863 4.65203e-06 2.19991e-05 0.0137655 0.0535357 0.0692003 0.000555638 
0.0445331 0.434126 0.00384322 0.00667445 0.00036374 9.18124e-05 0.187919 0.146812 0.141723 0.0339137 
0.00162306 0.832174 0.000337743 0.0417785 0.00263958 9.40361e-05 0.00136907 0.0564225 0.0633374 0.000223954 
0.0195608 0.565698 0.0172719 0.147982 0.000102214 0.000227926 0.0279613 0.173672 0.040171 0.0073529 
0.00130225 0.778791 0.000468406 0.0877305 0.00167251 6.02397e-05 0.00331293 0.0575085 0.0689715 0.000181832 
0.00330625 0.843977 0.00108624 0.0181109 3.77045e-05 3.86391e-05 0.00294288 0.0732671 0.0567995 0.000433229 
0.000541281 0.664803 0.000536474 0.148296 2.64103e-08 3.39561e-06 0.00277668 0.0387988 0.138964 0.00528022 
0.0128173 0.661433 0.00483645 0.210303 3.58278e-05 3.74747e-05 0.00650158 0.0382381 0.0641181 0.0016797 
0.00950814 0.558862 0.00538554 0.197247 1.44094e-05 0.00126536 0.0716647 0.10494 0.0415696 0.00954334 
0.00645782 0.670381 0.00705513 0.140066 0.00130307 0.00297511 0.0212171 0.0623667 0.0848786 0.00329919 
0.00208107 0.819825 0.000336065 0.0445537 0.00572209 0.000118212 0.00161424 0.0596433 0.065871 0.000235277 
0.0128451 0.465803 0.000126857 0.117691 5.56652e-06 1.10331e-05 0.00401369 0.257342 0.140775 0.00138593 
0.0518974 0.642844 0.00388331 0.0294927 2.88772e-05 2.12387e-05 0.094344 0.143874 0.027136 0.00647872 
0.0768102 0.522677 0.0322195 0.035913 4.69586e-05 5.25577e-05 0.0625719 0.17391 0.0699101 0.0258888 
0.0179291 0.559403 0.00219948 0.0475553 0.0393143 0.000134346 0.0687115 0.113292 0.130479 0.0209823 
0.034317 0.283729 0.0729895 0.0381996 0.000817438 0.0276333 0.207688 0.172861 0.106801 0.0549644 
0.0234564 0.605225 0.000153726 0.0390601 3.34321e-06 3.24121e-06 0.00233863 0.0608451 0.266215 0.00269907 
0.00384706 0.822892 0.00100676 0.01673 2.8236e-05 0.00035101 0.0169289 0.0874948 0.0501089 0.000612102 
0.0102045 0.459303 0.000577482 0.217373 0.000469386 2.89226e-05 0.0832408 0.16599 0.0570215 0.0057921 
0.0500085 0.320051 0.00493133 0.0938469 0.11601 0.000124141 0.0909939 0.126387 0.132264 0.0653828 
0.0306044 0.692155 0.0110932 0.0838131 4.75939e-05 0.00259345 0.0203392 0.0870153 0.0626406 0.00969829 
0.042265 0.365305 0.000344116 0.0378104 3.48293e-05 3.41699e-08 0.112003 0.257477 0.0121352 0.172626 
0.00908259 0.63507 0.0154332 0.23659 0.00186551 0.000117563 0.00338659 0.0731164 0.0230245 0.00231379 
0.0160863 0.338616 0.00218586 0.021155 3.44505e-05 2.45751e-05 0.101197 0.214588 0.299985 0.00612754 
0.0110911 0.874126 0.000243085 0.0139387 1.55482e-06 4.26239e-07 0.0010262 0.0733887 0.0123654 0.0138191 
0.0529939 0.48225 0.0282622 0.220054 4.09869e-05 3.14559e-05 0.0724786 0.0552096 0.00541471 0.0832643 
0.0149046 0.29749 0.0382863 0.0115381 7.23837e-07 9.3967e-08 0.155267 0.204201 0.146379 0.131933 
0.00554714 0.39972 0.00724577 0.309756 1.28801e-05 0.0216958 0.00777641 0.0753043 0.124929 0.0480121 
0.0824527 0.800881 0.00135699 0.0616618 6.15828e-08 9.35472e-05 0.000405571 0.0157356 0.0257565 0.0116561 
0.0714494 0.289798 0.00615076 0.125657 0.000579459 6.60618e-05 0.136255 0.2553 0.0686204 0.0461237 
0.111789 0.463443 0.00340014 0.0211668 2.9427e-05 2.82337e-05 0.0690515 0.20239 0.0995496 0.0291524 
0.0263994 0.568283 0.00103837 0.210072 7.41626e-05 0.0145777 0.0043854 0.0836382 0.090778 0.000753679 
0.00444014 0.304506 0.00277729 0.116692 0.000347671 0.00299383 0.0449774 0.288375 0.217989 0.016901 
0.0134012 0.707524 0.0197575 0.0120673 2.45574e-05 3.93482e-05 0.126377 0.0551117 0.0445619 0.0211354 
0.00380656 0.827141 0.000935203 0.0497579 3.16206e-05 4.04423e-05 0.00384909 0.072665 0.0408473 0.000926251 
0.0358679 0.344938 0.0088195 0.0680507 0.000633843 0.000113698 0.0845677 0.151545 0.299274 0.00618874 
0.0382649 0.502127 0.00305035 0.213923 0.00042907 0.000519968 0.0264406 0.144712 0.0664295 0.00410424 
0.0132921 0.476216 0.0089136 0.249694 1.31379e-07 6.47559e-05 0.0149155 0.179025 0.0503777 0.00750087 
0.00819851 0.836378 0.000695945 0.00184023 0.00105583 2.72699e-05 0.0578763 0.0456188 0.0208716 0.0274375 
0.0290384 0.534927 0.00465821 0.0861244 0.000152493 0.000197768 0.0668073 0.162587 0.0815808 0.0339262 
0.0156297 0.613089 0.00171793 0.0280742 0.0012338 0.00747567 0.0485685 0.16205 0.113548 0.00861311 
0.0487464 0.636387 0.000158747 0.0913554 0.000676465 6.77604e-06 0.00179538 0.0725536 0.120645 0.027675 
0.0232985 0.349447 0.0113064 0.316094 0.000730714 6.45273e-05 0.0233237 0.188182 0.0764171 0.0111363 
0.00689851 0.335659 0.00646539 0.222774 0.00013829 0.000117548 0.060819 0.160008 0.201707 0.00541299 
0.00110818 0.961664 0.000683746 0.00958602 1.39451e-06 1.92155e-05 0.00337994 0.0125827 0.00987444 0.00110082 
0.0376691 0.296105 0.0133195 0.0386404 0.00032301 0.00653685 0.101895 0.184507 0.0604957 0.260508 
0.191112 0.289289 0.0232907 0.0266315 0.000939645 0.00054939 0.135724 0.0666219 0.0170488 0.248793 
0.0308898 0.566492 0.0128498 0.0881707 7.72963e-05 0.0114623 0.0494611 0.0780918 0.115368 0.0471376 
0.0169551 0.591782 0.00460312 0.135611 0.00119036 5.78168e-05 0.0198716 0.0799648 0.145345 0.00461941 
0.0206985 0.599034 0.00033734 0.00162524 1.1564e-06 8.70686e-06 0.00268385 0.107743 0.225837 0.0420318 
0.0273458 0.591144 0.00100834 0.0197267 0.000553789 7.75015e-06 0.192742 0.13439 0.0294252 0.00365616 
0.150364 0.348537 0.0275709 0.0861907 0.000151479 0.000139908 0.199515 0.1138 0.0383331 0.0353987 
0.00260128 0.710512 0.000833586 0.0185676 3.48246e-07 8.35776e-06 0.0423577 0.0448154 0.17791 0.00239393 
0.00144229 0.531357 0.0252201 0.402762 1.26091e-08 2.50616e-07 0.000995539 0.0160833 0.0221392 3.27254e-09 
0.00124263 0.862326 4.19534e-05 0.101517 4.99825e-08 4.33713e-06 0.0146497 0.0158288 0.00247917 0.00191006 
0.0353283 0.350204 0.0131421 0.314614 0.000843339 0.00166442 0.0313438 0.14241 0.0855481 0.0249011 
4.05725e-08 0.995559 7.00758e-08 4.43145e-06 1.55377e-07 7.58568e-09 0.000695737 0.00154222 0.00219838 2.3928e-09 
0.060474 0.272776 0.0390373 0.024921 0.00151221 0.00105455 0.0989373 0.247958 0.196262 0.0570683 
0.037017 0.432652 0.0029632 0.0575984 0.000724904 0.00075412 0.133886 0.235648 0.0570767 0.0416806 
0.0100299 0.686658 7.94484e-05 0.0447432 0.00342617 1.17264e-06 0.148586 0.0627067 0.0420082 0.00176084 
0.0221113 0.6689 0.00310399 0.0150531 9.98195e-05 0.000622115 0.111798 0.0967388 0.0567632 0.0248096 
0.00160528 0.916128 0.015892 0.0461886 1.62363e-05 4.80907e-05 0.0110643 0.00800662 0.00041037 0.000640522 
0.0146285 0.72875 3.47127e-05 0.133276 4.79776e-05 2.90277e-06 0.002844 0.0191067 0.0918782 0.00943102 
0.093683 0.25679 0.00959886 0.0293966 0.000114882 0.100334 0.167623 0.193687 0.112957 0.0358162 
0.0215044 0.426443 0.00755903 0.0034404 5.97888e-05 0.000701704 0.20937 0.0617339 0.221572 0.0476157 
0.000399548 0.719401 5.10712e-05 0.0583561 0.188314 2.58552e-07 0.00061502 0.0160717 0.0167346 5.7234e-05 
0.00683104 0.553364 0.00341751 0.176308 0.00012604 1.55342e-05 0.0346639 0.0683146 0.156699 0.000261421 
0.013304 0.63953 0.0119082 0.151047 1.34828e-05 5.0562e-05 0.0136963 0.116059 0.0478026 0.00658935 
0.0197215 0.333978 0.00818143 0.0766674 4.62763e-05 4.88528e-05 0.0400658 0.220614 0.218863 0.0818146 
0.0129367 0.340236 0.00339911 0.0048166 3.14764e-05 0.0130059 0.147181 0.309319 0.11521 0.0538648 
0.0235962 0.847718 0.000398742 0.0393838 0.00265982 8.17311e-05 0.00754136 0.039802 0.0372279 0.00159062 
0.0209917 0.661949 0.00664811 0.0728799 0.00247402 0.000292114 0.03434 0.125043 0.0470648 0.0283172 
0.0100133 0.703484 0.00147721 0.0845789 3.40731e-05 5.52866e-05 0.0920803 0.0581998 0.0232211 0.0268558 
0.00915106 0.414293 0.0880442 0.0195593 0.00375989 5.02499e-05 0.28691 0.0925595 0.00084309 0.0848304 
0.000725169 0.974732 0.000240183 0.0114821 4.64283e-09 5.00952e-06 0.000770285 0.00610699 0.00564883 0.000289757 
0.000107959 0.941612 1.48263e-05 0.0466635 3.54877e-05 3.63982e-06 0.010145 0.000979431 0.000399194 3.91441e-05 
0.0663439 0.369018 0.000980439 0.0926457 0.000139267 0.000989643 0.197481 0.157549 0.085645 0.0292089 
0.00160528 0.916128 0.015892 0.0461886 1.62363e-05 4.80907e-05 0.0110643 0.00800662 0.00041037 0.000640522 
0.0165299 0.689692 0.0647225 0.0305386 0.000860226 0.00047938 0.037903 0.0472863 0.105533 0.006455 
0.0110282 0.718208 0.0007697 0.0465678 0.00030969 1.31585e-05 0.0373109 0.0981177 0.0821339 0.00554079 
0.0102576 0.465419 0.0020085 0.0332 5.65971e-05 0.000608146 0.0039084 0.160741 0.30766 0.0161409 
0.0702181 0.396378 0.00264106 0.0031998 2.70678e-05 3.03977e-05 0.0460289 0.246469 0.178211 0.0567967 
0.0037085 0.754718 0.00708934 0.0354073 2.37244e-05 3.03996e-05 0.0123732 0.0337114 0.151813 0.0011254 
0.00771967 0.695445 0.000839549 0.104844 2.59508e-07 4.9083e-06 0.145316 0.0424588 0.00336898 2.73677e-06 
0.0617113 0.326771 0.00183337 0.0317051 5.42547e-05 5.78868e-05 0.268304 0.264152 0.0437683 0.0016437 
0.0103833 0.486616 0.00374746 0.141233 0.0001151 5.48036e-05 0.196782 0.101178 0.047288 0.012603 
0.0202283 0.779413 0.000770975 0.103516 1.67135e-06 3.16636e-06 0.00905947 0.0306458 0.0517405 0.00462125 
0.042265 0.365305 0.000344116 0.0378104 3.48293e-05 3.41699e-08 0.112003 0.257477 0.0121352 0.172626 
0.0391641 0.651073 0.00935697 0.149163 0.00350875 2.54701e-06 0.0213436 0.0506203 0.0743799 0.00138832 
0.00979473 0.318567 0.0184975 0.023223 0.000814754 0.00103133 0.216319 0.308949 0.0965543 0.00624917 
0.0158256 0.630995 0.0342961 0.0114145 1.61078e-05 4.93518e-06 0.0195849 0.174782 0.0925621 0.0205189 
0.0162743 0.467679 0.00934708 0.0115221 4.01631e-05 6.04294e-05 0.0300872 0.153774 0.292214 0.019001 
0.000481864 0.605917 0.0804707 0.0127311 3.41848e-07 1.87143e-05 0.123975 0.158083 0.0168419 0.00147968 
0.0146285 0.72875 3.47127e-05 0.133276 4.79776e-05 2.90277e-06 0.002844 0.0191067 0.0918782 0.00943102 
0.0230524 0.720445 0.00505051 0.0117767 8.69513e-05 1.42569e-05 0.0191364 0.181206 0.0363301 0.00290191 
0.00751477 0.759522 0.00017704 0.0123197 1.17808e-05 2.21233e-05 0.019765 0.056705 0.0880853 0.0558774 
0.00783313 0.662759 0.0156638 0.138868 0.000580062 0.000177256 0.0243071 0.0668001 0.0707723 0.0122385 
0.0181912 0.600537 0.00201245 0.0215151 0.00629982 5.009e-05 0.0685258 0.170387 0.106042 0.00643999 
0.00925786 0.421581 0.00116326 0.00771627 2.2365e-05 0.000806241 0.114796 0.0714857 0.322279 0.0508915 
0.00290302 0.655182 0.00160016 0.166524 0.000502713 1.01407e-05 0.0177856 0.0852671 0.0685019 0.00172329 
0.0284715 0.677525 0.00194196 0.0878853 6.26304e-05 3.81093e-05 0.0219144 0.0891326 0.0783527 0.0146757 
0.00334228 0.648455 3.11309e-05 0.00654241 4.83067e-05 1.43448e-06 0.00141 0.139524 0.198753 0.00189273 
0.047986 0.428524 0.0010183 0.139615 0.000108831 0.000262639 0.164286 0.135892 0.0540929 0.0282149 
0.0212997 0.653837 0.0239032 0.0550391 2.40229e-05 5.73368e-05 0.0383383 0.120511 0.0718981 0.015092 
0.0205078 0.54511 0.0013255 0.0466346 4.95457e-05 0.000293522 0.202392 0.0893375 0.0305534 0.0637957 
0.00565275 0.815876 0.00474671 0.0290329 0.00195308 0.000238793 0.0215185 0.0688104 0.0408917 0.0112788 
0.0489614 0.790064 0.0029123 0.0471801 3.85659e-06 6.49642e-05 0.0264787 0.0448883 0.0288813 0.0105655 
0.0647392 0.419434 0.00621948 0.126965 0.00189606 0.00148445 0.0853105 0.169524 0.0925746 0.0318518 
0.0128335 0.384596 0.0765877 0.260028 0.00230624 1.18126e-05 0.0383002 0.155649 0.0660499 0.00363861 
0.034391 0.640601 0.000355956 0.0142804 1.88153e-05 5.31942e-05 0.0319555 0.0825784 0.118648 0.0771178 
0.0101625 0.443338 0.00194233 0.211226 0.0920926 8.34391e-05 0.0408107 0.140983 0.0465551 0.012807 
0.0209795 0.517601 0.110327 0.0228951 9.92023e-05 0.000675904 0.0407027 0.105619 0.16091 0.0201909 
0.0101079 0.480906 0.00158308 0.156167 0.000541535 5.66994e-05 0.0728201 0.165463 0.0515445 0.0608101 
0.015038 0.715897 0.000712541 0.0328646 2.94767e-05 0.0019322 0.0726163 0.0955586 0.0545004 0.0108512 
0.0465113 0.255467 0.0183364 0.00778066 0.00132335 0.00451974 0.180285 0.190594 0.113511 0.181671 
0.00249818 0.814748 0.000316878 0.0420079 0.00556821 0.000111464 0.00152201 0.0584846 0.0745214 0.00022184 
0.0257123 0.300827 0.00205638 0.105858 0.000802622 3.57492e-05 0.19842 0.234164 0.1248 0.00732417 
0.0261522 0.321036 0.0115007 0.252278 0.000116215 0.000193973 0.0139488 0.188667 0.092932 0.0931755 
0.0645016 0.388168 0.0161849 0.0967592 0.001383 0.00631277 0.0605728 0.244974 0.0585701 0.062573 
0.00658539 0.489178 0.000429374 0.0087369 0.000706998 3.24016e-05 0.357252 0.077056 0.0579331 0.00208934 
0.0111958 0.839235 6.22038e-05 0.0999002 6.75569e-07 2.49332e-06 0.000294435 0.00503606 0.0396633 0.00460958 
0.0253858 0.497786 0.0652212 0.00449245 0.000808389 0.000245036 0.12749 0.0637444 0.184444 0.0303831 
0.0390998 0.670897 9.4385e-05 0.00584933 1.46524e-06 8.85897e-07 0.0219119 0.074533 0.180372 0.0072403 
0.0230696 0.391888 0.00651172 0.00721799 7.47816e-05 0.000523592 0.0724327 0.329696 0.12678 0.0418054 
0.00979473 0.318567 0.0184975 0.023223 0.000814754 0.00103133 0.216319 0.308949 0.0965543 0.00624917 
0.0667551 0.461733 0.0100896 0.0974134 0.000401783 0.00218988 0.060534 0.151805 0.123862 0.0252173 
0.0714723 0.482447 0.0488801 0.0358098 0.000148027 0.000849855 0.0548932 0.191188 0.10623 0.00808108 
0.00965768 0.51743 0.00536591 0.0476704 0.000825303 0.000766026 0.0599811 0.225451 0.124959 0.00789438 
0.137879 0.304651 0.0562158 0.0359817 0.0028816 0.00024181 0.18306 0.0429749 0.0970105 0.139103 
0.00646576 0.757708 0.00415959 0.0841915 0.000188537 8.63675e-06 0.00410895 0.05404 0.0873956 0.00173355 
0.00564606 0.695886 0.000717757 0.0403666 0.00526958 0.000118544 0.0394433 0.119565 0.0911787 0.00180818 
0.0356888 0.643624 0.0138132 0.0560419 4.92852e-06 0.000653981 0.122388 0.0446945 0.0480232 0.035067 
0.027723 0.373878 0.0309323 0.00355338 0.000480628 0.00411593 0.135339 0.211255 0.143265 0.0694587 
0.0295421 0.377013 0.0137966 0.127104 0.00170457 0.00150927 0.19799 0.164859 0.0625734 0.0239081 
0.0260948 0.432505 0.0168436 0.0625031 0.00117205 6.46044e-05 0.121498 0.20625 0.11374 0.0193291 
0.0265587 0.425501 0.00865842 0.145304 0.000213112 0.00227752 0.0520329 0.199929 0.0920381 0.0474871 
0.016377 0.666195 0.0042445 0.070128 0.0033784 0.000140363 0.0223969 0.0994646 0.106428 0.0112471 
0.00162306 0.832174 0.000337743 0.0417785 0.00263958 9.40361e-05 0.00136907 0.0564225 0.0633374 0.000223954 
0.0475064 0.60803 0.00125776 0.089965 2.57781e-05 0.00803881 0.00376452 0.156528 0.0745765 0.0103073 
0.00107231 0.72772 0.000910416 0.145733 8.0346e-08 0.000384646 0.0435336 0.0489791 0.0105608 0.0211066 
0.00991581 0.411822 0.000286812 0.162864 8.46165e-05 5.40772e-05 0.0387069 0.243527 0.0809421 0.0517965 
0.00107231 0.72772 0.000910416 0.145733 8.0346e-08 0.000384646 0.0435336 0.0489791 0.0105608 0.0211066 
0.039951 0.498749 0.0264247 0.0872862 0.000126666 0.000928306 0.069431 0.146698 0.079827 0.0505773 
0.00421707 0.564815 0.00107476 0.0841096 0.00248016 3.39333e-05 0.0802583 0.219102 0.0306116 0.0132974 
0.0817447 0.253096 0.0417015 0.0200798 0.00073036 0.00121382 0.243475 0.195432 0.108971 0.0535563 
0.0320263 0.384183 0.0566969 0.0901674 0.00067978 6.09306e-05 0.063524 0.224798 0.0688715 0.0789926 
0.0226741 0.724342 0.00720072 0.0594728 0.000118836 0.00117999 0.0384323 0.0759097 0.0574459 0.0132234 
0.0557247 0.352794 0.0216863 0.00717489 5.78867e-11 5.52639e-08 0.335838 0.0741253 0.145911 0.00674555 
0.0102709 0.319753 0.00626066 0.00570039 0.000413223 3.02432e-05 0.167789 0.283375 0.118748 0.0876596 
0.0254889 0.7678 0.00102592 0.0488355 0.000234641 6.1296e-05 0.0178228 0.0646204 0.0660075 0.00810319 
0.00665304 0.617588 0.00484526 0.208947 6.25138e-05 0.00015425 0.00473959 0.0757258 0.0798523 0.00143244 
0.00265336 0.826324 0.000608821 0.0393691 0.00132494 7.06222e-05 0.00261773 0.0693919 0.0571 0.000539953 
0.00135147 0.670624 0.00687318 0.270848 0.0011593 2.30385e-05 0.00286722 0.0187883 0.0263163 0.00114888 
0.0378442 0.629503 0.0021339 0.00991711 5.86004e-05 4.94519e-06 0.13167 0.0309253 0.0485112 0.109432 
0.00495661 0.770066 2.73385e-05 0.0991217 5.73657e-07 0.00015116 0.0764283 0.0176198 0.0131889 0.01844 
0.166443 0.398105 0.0130764 0.0793722 3.2951e-05 0.000328037 0.00391388 0.152174 0.177735 0.00881937 
0.0444416 0.403196 0.00421964 0.0475129 0.00147172 1.24109e-05 0.0474875 0.316327 0.131225 0.00410654 
0.000578874 0.629879 0.00278068 0.154851 0.000430002 1.17341e-05 0.0839943 0.111769 0.0122091 0.00349573 
0.0137574 0.425805 0.000179925 0.0222149 0.00559918 1.41119e-05 0.301922 0.159331 0.0707249 0.000451695 
0.0109243 0.557036 0.00831103 0.293533 6.29132e-05 2.63762e-05 0.00393332 0.0507841 0.0681591 0.00723067 
0.0566418 0.395751 0.0211476 0.208052 0.00111319 0.000374255 0.0170425 0.218421 0.0692569 0.0121995 
0.00512593 0.762548 0.000956899 0.0992265 0.000823343 0.000126285 0.0380406 0.053318 0.0148318 0.025003 
0.0469936 0.866828 0.000759756 0.00252924 1.11484e-08 1.35975e-05 0.0185525 0.0161751 0.0388116 0.00933681 
0.011128 0.307433 0.0009627 0.082924 0.00508904 3.2271e-05 0.104109 0.305939 0.148275 0.0341087 
0.00608554 0.537914 0.0085122 0.0207891 0.00242558 1.3036e-05 0.0770893 0.190711 0.15571 0.000750504 
0.0217971 0.563706 0.0122643 0.080551 0.00019169 0.0126597 0.0183684 0.165653 0.0599438 0.0648648 
0.0131312 0.719727 0.0110024 0.0366481 0.00162766 0.00772502 0.00546784 0.0838642 0.101741 0.0190653 
0.0174173 0.501241 0.00517803 0.230712 0.000128046 4.2751e-05 0.047727 0.0959126 0.0878661 0.0137758 
0.0973205 0.319421 0.0124008 0.00108317 2.56444e-05 0.002324 0.243811 0.0598301 0.1676 0.0961843 
0.0140438 0.557502 0.000721568 0.0539258 0.00011339 4.12019e-05 0.0271012 0.247687 0.0885754 0.010288 
0.0041632 0.46074 0.00606979 0.0335218 9.12269e-07 0.000581729 0.324696 0.1325 0.0366102 0.00111575 
0.0198295 0.586694 0.0050849 0.149148 0.00123396 0.00128536 0.0411544 0.108478 0.0749201 0.012172 
0.0335327 0.612002 0.00800568 0.0857229 0.000370057 0.000111915 0.0400702 0.126207 0.0829449 0.0110331 
0.0343998 0.376099 0.0129125 0.252072 0.00585706 0.0017422 0.0404241 0.151217 0.0891767 0.0360999 
0.00675142 0.390433 0.000336277 0.0922314 3.49209e-05 1.92297e-05 0.382123 0.0551556 0.0528976 0.0200179 
0.0604576 0.509102 0.00458565 0.0311561 1.33976e-07 5.13181e-06 0.118846 0.16971 0.10113 0.0050079 
0.00316454 0.444409 0.1018 0.161631 2.09329e-05 0.00445897 0.0307325 0.0457132 0.192238 0.0158322 
0.0249734 0.563343 0.0249189 0.120099 0.00338421 0.00636262 0.0412122 0.0934817 0.0780101 0.0442148 
0.0130913 0.58591 0.000110985 0.0563463 0.000218105 5.9159e-06 0.00951663 0.183296 0.150665 0.000840468 
0.0455735 0.334649 0.00384775 0.0591216 5.60902e-07 7.67298e-05 0.0166276 0.272725 0.26586 0.00151831 
0.0226053 0.383263 0.00420124 0.117127 0.0010457 0.00615136 0.0370574 0.217223 0.203135 0.00819147 
0.0107155 0.74877 0.000883364 0.0688565 0.0002161 2.88207e-05 0.00565294 0.0613558 0.0859314 0.017589 
0.0149872 0.706774 0.0105947 0.0717805 0.00281623 0.00369495 0.0151057 0.082573 0.0753097 0.0163636 
0.0196954 0.697461 0.00402185 0.111455 0.0004776 2.3232e-05 0.026109 0.079134 0.0460903 0.0155323 
0.000165344 0.575943 0.000565073 0.311982 1.77725e-06 2.73984e-06 0.00904469 0.0389525 0.0632863 5.73646e-05 
0.0119813 0.500472 0.0205776 0.215102 0.000569836 0.0003447 0.0719207 0.117975 0.0316104 0.029446 
0.133728 0.476518 0.00195425 0.0688911 6.09544e-05 9.29581e-05 0.0383482 0.155037 0.108463 0.0169068 
0.00350734 0.73414 0.00697746 0.0593922 7.27375e-06 8.02566e-05 0.0721853 0.0513382 0.0671652 0.0052073 
0.0170261 0.746357 0.00131262 0.0646413 3.04982e-05 1.80701e-05 0.0192729 0.106035 0.0358134 0.00949364 
0.0237562 0.376059 0.00526959 0.224051 0.000880373 0.000144094 0.0208289 0.212685 0.128291 0.00803545 
0.00665476 0.537453 0.00225288 0.0754837 0.000346793 3.6324e-05 0.19208 0.10178 0.0575757 0.0263365 
0.0246998 0.620446 0.0118499 0.096225 0.00197557 0.00331101 0.0196811 0.111089 0.0944093 0.0163127 
0.0163299 0.357061 0.0105309 0.0336316 0.000628887 0.00642499 0.278334 0.0938569 0.19446 0.00874232 
0.00692518 0.559938 8.12064e-05 0.0288914 0.000102155 1.88258e-05 0.0238223 0.134136 0.241559 0.00452528 
0.00960546 0.682592 0.00363069 0.147879 0.00104645 0.000341471 0.0319918 0.0660099 0.0470448 0.00985914 
0.0117763 0.74873 0.0070277 0.0611505 0.000602225 0.000111543 0.0395647 0.0449892 0.056707 0.029341 
0.00260128 0.710512 0.000833586 0.0185676 3.48246e-07 8.35776e-06 0.0423577 0.0448154 0.17791 0.00239393 
0.00362133 0.525873 0.00237826 0.228467 4.49764e-05 1.61619e-05 0.00886425 0.00855087 0.221398 0.000785757 
0.00521591 0.606803 0.000311091 0.0733061 5.65619e-06 7.33064e-05 0.127653 0.106214 0.0662688 0.0141484 
0.0839183 0.305413 0.0066015 0.10493 0.000642134 2.70315e-05 0.035875 0.276067 0.181134 0.00539154 
0.0238602 0.344199 0.0328865 0.0082286 0.00164424 0.00846366 0.169539 0.228349 0.126188 0.0566409 
0.0382155 0.289415 0.0016219 0.0480189 6.15503e-05 2.13539e-05 0.0670851 0.26805 0.275766 0.0117441 
0.0513476 0.57537 0.00973701 0.131774 9.94344e-05 0.00123156 0.102124 0.0530666 0.0595399 0.0157104 
0.0718803 0.398784 0.016785 0.0863041 0.00347655 0.00363587 0.0941174 0.273399 0.038914 0.0127035 
0.0352937 0.647667 0.00242767 0.0676509 0.0127493 0.00332002 0.0396907 0.0570074 0.119954 0.0142392 
0.0457489 0.455906 2.95315e-06 0.0135322 3.21843e-09 1.97044e-06 0.253894 0.17994 0.0208746 0.0300998 
0.00278197 0.827455 0.000993871 0.0763775 0.000527884 4.09693e-06 0.0333735 0.0351077 0.0197154 0.00366285 
0.082488 0.481382 0.00168421 0.0764452 2.75788e-05 0.000203025 0.00593443 0.077063 0.267058 0.0077151 
0.022623 0.737434 0.000955767 0.0293474 0.00038581 4.12676e-05 0.0070796 0.0571774 0.139208 0.00574784 
6.53735e-05 0.999849 1.11793e-06 7.06982e-05 2.4787e-06 1.20981e-07 5.58084e-06 2.85727e-06 2.84977e-06 2.30327e-12 
0.0439296 0.489809 0.027747 0.0490363 1.09331e-05 0.000224397 0.0212359 0.234238 0.122823 0.0109462 
0.0195374 0.522077 0.00988242 0.273042 0.00120816 0.00703445 0.0371645 0.0721426 0.0480446 0.00986666 
0.155933 0.318057 4.52034e-05 0.167923 4.31782e-11 1.4421e-07 0.0541375 0.194978 0.0937666 0.0151593 
0.0110657 0.648637 0.00157473 0.1828 4.3522e-05 8.70953e-05 0.00551616 0.0752209 0.0616625 0.013393 
0.00864152 0.81485 0.00042025 0.00928836 2.94555e-07 6.11844e-06 0.086036 0.0415177 0.0296869 0.0095533 
0.022623 0.737434 0.000955767 0.0293474 0.00038581 4.12676e-05 0.0070796 0.0571774 0.139208 0.00574784 
0.00160528 0.916128 0.015892 0.0461886 1.62363e-05 4.80907e-05 0.0110643 0.00800662 0.00041037 0.000640522 
0.00253136 0.938176 0.000972963 0.00734389 9.38835e-06 0.00428577 0.00418619 0.0131281 0.0280252 0.00134102 
0.0783635 0.475729 0.00741935 0.060929 4.46078e-09 2.33438e-05 0.0775558 0.177285 0.0713567 0.0513392 
0.0367624 0.337565 0.00155573 0.315058 1.34195e-07 3.63421e-05 0.00822519 0.161079 0.0897966 0.0499202 
0.00403147 0.446674 0.000929169 0.132378 0.000964624 4.25257e-05 0.103564 0.2252 0.0525726 0.0336435 
0.0348228 0.434283 0.0294617 0.0390667 0.00506905 0.00322949 0.110718 0.160224 0.139894 0.0432305 
0.107106 0.603305 0.00779749 0.0362745 6.61675e-05 0.010018 0.0829756 0.0808014 0.0621987 0.0094572 
0.0103766 0.287254 0.000519965 0.274154 4.53292e-08 0.000353595 0.146413 0.211847 0.0570676 0.0120155 
0.0304103 0.555107 0.0187494 0.117681 0.00228489 0.000376061 0.0760711 0.15025 0.0325887 0.0164814 
0.00369894 0.525729 0.0227206 0.0290596 0.000193154 0.00115564 0.104601 0.28067 0.0293206 0.00285076 
0.00527191 0.690024 0.000108618 0.158301 0.00216048 9.85166e-05 0.00193013 0.0661331 0.0749251 0.0010469 
0.180053 0.363061 0.000981305 0.00492409 0.000130347 9.12181e-07 0.111473 0.269394 0.0486365 0.021346 
0.0132337 0.602325 0.00830502 0.050544 0.000255137 5.66797e-05 0.0290498 0.13919 0.148024 0.00901731 
0.00995057 0.62384 0.000625785 0.0423783 4.71253e-06 1.46734e-05 0.00736452 0.126375 0.187648 0.00179876 
0.0196625 0.823256 0.00163198 0.0494409 3.25406e-05 9.49369e-06 0.0198507 0.0348173 0.0427548 0.00854409 
0.0121991 0.217879 0.155541 0.0451806 0.000500953 0.14626 0.0428189 0.192168 0.102263 0.0851889 
0.163879 0.282558 0.00790254 0.0177616 0.00404279 8.25033e-05 0.0800576 0.214237 0.173447 0.0560328 
0.0145093 0.316162 0.0393275 0.130726 2.10194e-08 0.0251558 0.0658141 0.14208 0.153772 0.112454 
0.0365513 0.392825 0.0225319 0.119773 1.73335e-05 1.1835e-05 0.220156 0.0998997 0.103186 0.00504807 
0.0170177 0.515661 0.00250628 0.018526 8.8371e-07 0.000214274 0.211597 0.225379 1.62055e-06 0.00909621 
0.0044027 0.775672 0.000156182 0.0203373 8.01072e-05 2.1135e-05 0.127688 0.0359909 0.0352819 0.00037007 
0.0202079 0.842079 0.00139636 0.0247895 0.0001623 1.05779e-05 0.000968718 0.0598983 0.0498881 0.000599501 
0.0384474 0.41533 0.0254328 0.289654 5.61061e-05 9.88991e-05 0.138432 0.0590035 0.0318465 0.00169872 
0.145292 0.414183 0.00958448 0.00048902 1.68522e-05 1.11284e-05 0.0727287 0.0373417 0.266301 0.054051 
0.0132638 0.382 0.00682778 0.162771 0.00286933 9.1845e-05 0.0864669 0.194309 0.0966304 0.0547701 
0.00358274 0.833119 0.00281707 0.0371436 0.00101187 8.57123e-05 0.0118385 0.0580343 0.0506613 0.0017057 
0.0103941 0.897708 0.000922929 0.018059 1.81956e-05 2.42107e-05 0.00500629 0.0299001 0.0367274 0.00123991 
0.00162306 0.832174 0.000337743 0.0417785 0.00263958 9.40361e-05 0.00136907 0.0564225 0.0633374 0.000223954 
0.00110818 0.961664 0.000683746 0.00958602 1.39451e-06 1.92155e-05 0.00337994 0.0125827 0.00987444 0.00110082 
0.0146285 0.72875 3.47127e-05 0.133276 4.79776e-05 2.90277e-06 0.002844 0.0191067 0.0918782 0.00943102 
0.00262395 0.761 0.000323732 0.0324465 0.00215578 9.49045e-05 0.0093001 0.0934932 0.0979285 0.000633764 
0.00160528 0.916128 0.015892 0.0461886 1.62363e-05 4.80907e-05 0.0110643 0.00800662 0.00041037 0.000640522 
0.00482694 0.949545 0.000270758 0.021999 1.81337e-05 0.000493809 0.00178226 0.00265689 0.0182321 0.000174682 
0.046792 0.354189 0.00543298 0.122806 0.0377306 0.000417155 0.0481888 0.211228 0.135525 0.0376901 
0.0273068 0.314559 0.0116055 0.0323297 1.41669e-05 3.65714e-06 0.203263 0.310148 0.0412208 0.0595489 
0.00162306 0.832174 0.000337743 0.0417785 0.00263958 9.40361e-05 0.00136907 0.0564225 0.0633374 0.000223954 
0.0329944 0.498775 0.0078854 0.191771 9.64432e-05 1.28444e-05 0.0767937 0.120855 0.0687584 0.00205792 
0.0610139 0.506623 0.00608878 0.00704574 7.0161e-05 5.7617e-05 0.106843 0.116832 0.126622 0.0688032 
2.98115e-05 0.90615 1.92437e-05 0.0859571 0.00168868 1.53176e-08 0.00157082 0.00401305 0.000571621 4.66973e-08 
0.0518239 0.725317 8.8808e-05 0.0574962 0.00228215 5.02873e-06 0.0235397 0.0587765 0.0441852 0.0364857 
0.0249925 0.741802 0.0126277 0.0319805 9.82675e-05 0.000841949 0.0353121 0.0625326 0.0733864 0.0164258 
0.00183714 0.884506 0.00351675 0.0153466 5.72735e-06 7.41671e-05 0.00839277 0.0289157 0.0556962 0.00170868 
0.00738218 0.770543 0.00841362 0.0565816 9.84045e-05 0.00329292 0.00184544 0.0383103 0.0992701 0.014262 
0.00525147 0.474643 6.76698e-05 0.349872 0.00127528 1.82104e-05 0.0682018 0.0456328 0.0549599 7.79256e-05 
0.0460112 0.493647 0.000920333 0.0473112 0.00058022 6.2986e-07 0.173457 0.11613 0.118253 0.00368993 
0.0104309 0.215055 0.135602 0.142349 0.175361 0.00602435 0.112572 0.112299 0.0872421 0.00306471 
0.0377515 0.591495 0.0286759 0.157416 0.000677209 1.92967e-05 0.0394382 0.0698765 0.0513896 0.0232608 
0.177995 0.277789 0.00605403 0.0458937 0.000147107 0.00292076 0.0370219 0.192839 0.167218 0.0921211 
0.122577 0.491123 0.00318733 0.0729778 6.19492e-05 2.45e-05 0.0298935 0.104385 0.153486 0.022284 
0.0381555 0.701742 0.00338508 0.00983941 2.44241e-05 1.98452e-05 0.02123 0.0703036 0.149665 0.00563415 
0.0536662 0.751913 0.00029144 0.0112987 0.000112629 1.65208e-06 0.062026 0.0444555 0.0702862 0.00594822 
0.100006 0.49991 0.0106953 0.0494752 0.00109583 0.00119506 0.0160579 0.11156 0.181155 0.0288502 
0.0273892 0.505445 0.0101289 0.17417 0.00106821 0.000903363 0.0421255 0.114839 0.109174 0.014757 
0.00483615 0.437357 0.00046312 0.267509 0.00123753 8.01503e-05 0.122911 0.105133 0.0472805 0.0131928 
8.46428e-07 0.874467 0.000337992 0.000113431 0.000933403 2.91629e-05 0.0999823 0.00311429 0.0128549 0.00816694 
0.00118305 0.955452 0.000716971 0.0129289 1.72834e-06 2.57563e-05 0.0040358 0.0142897 0.0100819 0.00128466 
0.0109679 0.616113 0.00640622 0.223144 8.89774e-05 0.000995719 0.00684705 0.0512241 0.0788842 0.00532834 
0.00353437 0.788323 0.000228767 0.0412884 0.00651739 0.00024803 0.00239338 0.0904995 0.0667184 0.000248948 
0.0136457 0.594921 0.0110755 0.0533232 0.0268042 0.00567378 0.0687494 0.127623 0.046231 0.0519531 
0.246695 0.340354 6.51957e-05 0.284544 0.000299624 1.23452e-08 0.00269211 0.0251977 0.0998788 0.000272551 
0.128096 0.41681 0.0214944 0.0166822 9.30436e-05 0.009398 0.108479 0.0957986 0.117804 0.0853436 
0.0229864 0.526457 0.000771535 0.135976 2.65434e-05 0.0098901 0.0652575 0.15892 0.0650252 0.0146892 
0.0188289 0.441553 0.0089069 0.0765402 3.10025e-05 0.00034445 0.0324862 0.224857 0.189678 0.00677492 
0.0308116 0.440354 0.00435696 0.0381568 6.98623e-05 9.84333e-06 0.0263232 0.282343 0.174091 0.0034832 
0.0111807 0.644122 0.00711118 0.196307 0.00279621 0.00148629 0.00756095 0.0491345 0.0748896 0.00541062 
0.00489402 0.323807 0.00182724 0.0760046 8.19662e-05 4.05732e-05 0.0291126 0.257846 0.305056 0.00133075 
0.0182729 0.623169 0.00151693 0.116982 0.000225078 0.00175909 0.0374274 0.0818635 0.113014 0.00576925 
0.0169225 0.497624 0.00492953 0.0452572 0.000465829 0.00144943 0.160395 0.141417 0.0442325 0.0873065 
0.00517554 0.536027 0.0012201 0.192045 8.99816e-08 2.88865e-05 0.11972 0.0552563 0.0411258 0.0494017 
0.000433182 0.426534 0.000114628 0.0231976 7.73212e-06 0.000397271 0.261689 0.00859014 0.1302 0.148837 
0.0193555 0.334652 0.000232104 0.310357 0.00104007 0.0155083 0.0267571 0.233599 0.0558284 0.00267041 
0.00672955 0.573561 0.0491786 0.256605 6.2164e-05 0.000164192 0.0101753 0.0562063 0.0455683 0.00174974 
0.0204777 0.442398 0.00822047 0.323501 0.00110165 0.000398564 0.0340135 0.086445 0.0718929 0.0115514 
0.0491645 0.386305 0.0155 0.327879 0.000681257 0.0089688 0.0571837 0.0930494 0.0524371 0.00883083 
0.0100075 0.616894 0.0123225 0.200871 0.00101526 5.16065e-05 0.0118513 0.0643264 0.0737508 0.00890984 
0.0153787 0.766153 0.00765032 0.0864822 2.96396e-06 0.00666178 0.00269676 0.041985 0.0690984 0.00389092 
0.0171215 0.474019 0.0177878 0.1363 0.000196208 0.00204246 0.0464054 0.133013 0.154327 0.0187863 
0.0175726 0.405044 0.00574915 0.0118396 3.82875e-05 4.34957e-05 0.0271702 0.134643 0.380343 0.0175568 
0.00759126 0.765378 0.000133675 0.146241 1.77352e-05 2.69765e-06 0.00620625 0.0346641 0.00623563 0.0335298 
0.0488791 0.551919 0.00550507 0.216238 3.00994e-05 0.0153557 0.0319641 0.0232559 0.043747 0.0631063 
0.0261343 0.357203 0.00397884 0.0697897 0.000520974 0.00101374 0.123383 0.234879 0.119171 0.0639265 
0.207491 0.221553 0.0963388 0.0473567 0.000327293 0.00942548 0.175479 0.139551 0.0803853 0.0220928 
0.211778 0.526065 0.000929786 0.0047704 0.000770997 6.9258e-05 0.0449282 0.107238 0.087252 0.0161987 
0.0268806 0.695117 0.000386568 0.00164236 7.05739e-05 5.33647e-06 0.0280828 0.0996554 0.091438 0.0567219 
0.00623385 0.792132 0.0164364 0.0558341 6.81777e-05 1.44543e-05 0.00334551 0.0573387 0.0659886 0.00260815 
2.97684e-07 0.583274 1.37298e-06 0.0011584 9.81599e-10 1.84483e-07 0.20919 0.133717 0.0721067 0.000552024 
0.00762349 0.715104 0.0140395 0.140738 8.40638e-05 7.54483e-06 0.00617799 0.0595148 0.0539488 0.00276154 
0.00760689 0.726775 0.00254269 0.0808507 1.22569e-05 5.92416e-06 0.0395346 0.102175 0.0341176 0.00637907 
0.00576658 0.777237 0.00058359 0.024722 6.64352e-05 2.33285e-05 0.00772491 0.0987317 0.0843704 0.00077457 
0.0181912 0.600537 0.00201245 0.0215151 0.00629982 5.009e-05 0.0685258 0.170387 0.106042 0.00643999 
0.0383828 0.341524 0.0055988 0.18797 3.74582e-05 6.264e-06 0.00218544 0.2624 0.15805 0.00384448 
0.0227592 0.407648 0.00173081 0.0275593 1.94735e-05 2.02672e-05 0.0345145 0.306826 0.116527 0.0823952 
0.0494815 0.6131 0.00133049 0.0115147 0.000677219 6.14077e-06 0.00844909 0.192673 0.0863152 0.0364532 
0.0189889 0.531776 0.00898711 0.064861 0.0061594 0.00656198 0.0514563 0.210652 0.0842861 0.0162716 
0.0449825 0.515623 0.00603126 0.0168138 0.00333331 0.00233177 0.0567111 0.11301 0.133521 0.107642 
0.0271129 0.359038 0.0282661 0.0915318 0.000162969 8.6372e-05 0.0598107 0.183274 0.168047 0.0826695 
0.0221418 0.431885 0.00125358 0.024687 4.02414e-05 1.64645e-05 0.00903158 0.2901 0.217322 0.00352296 
0.0330083 0.536962 0.0058307 0.00502195 3.7027e-07 7.21409e-06 0.0645458 0.0563085 0.265574 0.0327413 
0.0570115 0.585489 0.0196824 0.158177 6.13233e-05 0.00351977 0.00854875 0.0565344 0.0918753 0.0191007 
0.138925 0.404244 0.000348542 0.0177613 1.00483e-05 6.44266e-06 0.175952 0.152965 0.0923814 0.0174058 
0.00341073 0.738282 0.000525949 0.0639298 0.00045446 7.4731e-06 0.0851665 0.0828279 0.0229741 0.00242086 
0.00162306 0.832174 0.000337743 0.0417785 0.00263958 9.40361e-05 0.00136907 0.0564225 0.0633374 0.000223954 
0.0313553 0.328735 0.00747729 0.016021 0.00246973 0.00195724 0.0796803 0.193141 0.265167 0.0739955 
0.10442 0.286509 0.0107957 0.0415963 0.000886739 0.0024775 0.0549307 0.174106 0.201019 0.123259 
0.0186825 0.404769 0.00943579 0.321565 0.00111435 0.000647915 0.052007 0.112263 0.060627 0.0188888 
0.129735 0.240329 0.00201792 0.0895611 0.000115646 0.000443299 0.16371 0.213558 0.0693806 0.0911498 
