0.327677 0.00398463 0.184647 0.0316455 0.00802614 0.00136227 0.00170372 0.00317916 0.0811286 0.187453 0.052578 0.0039705 0.00192873 0.0334676 0.00191492 0.00339903 0.00020353 0.00355647 0.0681751 
0.423614 0.130622 0.0576462 0.0294378 0.158393 0.00732042 0.000224693 2.16967e-05 0.0713375 0.0056529 0.0446873 4.38287e-05 0.00113332 0.0516985 0.00519008 6.1818e-05 0.000165984 0.00139727 0.0113516 
0.515396 0.162992 0.0191379 0.00396201 6.05573e-05 4.45365e-07 0.00461535 6.99086e-07 0.079845 0.1075 0.00279252 2.83005e-06 0.0161365 0.0128838 0.070001 0.000227191 1.66002e-06 0.00166747 0.00277734 
0.472328 0.170758 2.66452e-12 8.18585e-10 0.00049447 0.000312583 9.73299e-08 4.00368e-11 0.00486971 0.175908 0.0676121 1.67171e-05 0.0169765 0.082474 0.00808005 0.000168374 1.97733e-07 4.89942e-07 1.5728e-07 
0.549082 0.0757467 0.0202624 0.00528077 0.0448682 0.0788392 2.23812e-06 9.92365e-08 0.0397009 0.0653482 0.0154022 2.71416e-05 0.000386043 0.0572779 0.00158429 0.00719225 9.27701e-05 0.00109494 0.0378117 
0.515396 0.162992 0.0191379 0.00396201 6.05573e-05 4.45365e-07 0.00461535 6.99086e-07 0.079845 0.1075 0.00279252 2.83005e-06 0.0161365 0.0128838 0.070001 0.000227191 1.66002e-06 0.00166747 0.00277734 
0.525562 0.17055 0.188607 1.887e-05 0.000273724 0.000164354 1.16146e-06 1.73925e-06 0.070553 0.00715115 0.0164911 1.20961e-05 4.55111e-05 0.0122227 0.000138984 0.000254285 0.000235228 0.000436883 0.0072804 
0.346993 0.242979 0.122913 1.00615e-07 0.0342953 9.747e-06 5.67964e-05 0.000370168 0.0275917 0.00954242 0.0919544 1.84713e-05 0.000448942 0.00982633 0.000677912 0.00110067 0.00058725 0.0761193 0.0345147 
0.437574 0.0331899 0.00135711 3.18043e-06 0.37859 0.0058377 2.94813e-07 1.2289e-10 0.00779181 0.0324323 0.0335501 0.00106313 0.00148143 0.0393454 0.000500187 0.00017785 1.21924e-05 0.00233089 0.0247627 
0.329295 0.10878 0.234707 0.00221383 0.0371312 4.54606e-05 5.0025e-06 2.16024e-07 0.127084 0.0147847 0.00567607 0.00011687 0.000353462 0.0357562 0.00239318 0.00020353 7.69682e-06 0.00114199 0.100304 
0.599407 0.0151412 0.161782 0.00246895 0.0588957 3.27951e-06 0.00837508 1.29723e-05 0.0389706 0.0265888 0.0453374 2.458e-05 4.40081e-05 0.0223833 0.012953 0.000879035 5.32768e-05 0.00257277 0.00410656 
0.657212 0.0698813 0.167184 0.000725833 0.0141866 1.73747e-08 0.00230047 1.06437e-06 0.0688157 0.0110223 0.00141928 0.000296367 2.7658e-05 0.00146499 0.00128913 0.00308209 9.98145e-08 0.000494621 0.000596619 
0.339449 0.102792 0.100974 0.000255051 0.116497 1.403e-07 2.2051e-05 1.24324e-10 0.0195278 0.0278924 0.146815 1.11963e-07 1.25469e-06 0.00443854 0.000843512 0.140351 5.08601e-05 1.1506e-06 9.03918e-05 
0.371468 0.147023 0.0288168 0.000885279 0.00387129 5.90985e-05 0.000119975 1.15681e-05 0.0511988 0.0938353 0.0490937 8.55271e-05 0.00373285 0.180163 0.0349727 0.000313681 0.000123398 0.001095 0.0331309 
0.492393 0.0331762 0.0257384 0.000181611 0.400835 2.51797e-07 4.94582e-05 1.11609e-06 0.0219609 0.00347574 0.0160756 3.40488e-06 1.38817e-05 0.00443327 0.000131206 0.000762427 0.000159803 2.0465e-06 0.000606848 
0.515396 0.162992 0.0191379 0.00396201 6.05573e-05 4.45365e-07 0.00461535 6.99086e-07 0.079845 0.1075 0.00279252 2.83005e-06 0.0161365 0.0128838 0.070001 0.000227191 1.66002e-06 0.00166747 0.00277734 
0.386963 0.0769502 0.0289803 1.84062e-06 0.192342 0.000221295 1.0054e-05 1.64509e-09 0.00718267 0.0857345 0.012389 0.000161159 3.29255e-05 0.202482 0.000417812 0.00167161 0.000179241 3.14957e-07 0.00428086 
0.956222 1.2467e-06 0.00236988 1.24613e-06 1.24601e-06 0.000997448 1.24577e-06 1.24459e-06 0.00735674 0.00149728 1.24652e-06 0.00162161 1.24589e-06 0.0296708 1.24657e-06 1.24568e-06 1.24477e-06 1.24566e-06 0.000250542 
0.615579 0.00201585 0.216285 0.00545932 0.0223199 3.12612e-06 0.00052858 2.16185e-07 0.0619137 0.00588696 0.000130658 1.73506e-05 1.3047e-06 0.0197563 3.56731e-05 0.0338143 3.59724e-07 1.56436e-05 0.016237 
0.63569 0.04848 0.0578788 0.00123874 0.11303 0.0764485 1.96846e-05 2.39721e-08 0.0192833 0.00577175 0.00927334 3.76041e-05 2.68952e-07 0.0173513 0.000166765 1.49866e-06 2.20337e-08 0.0015094 0.0138192 
0.515396 0.162992 0.0191379 0.00396201 6.05573e-05 4.45365e-07 0.00461535 6.99086e-07 0.079845 0.1075 0.00279252 2.83005e-06 0.0161365 0.0128838 0.070001 0.000227191 1.66002e-06 0.00166747 0.00277734 
0.632126 0.0507045 0.0266067 0.000248053 0.00396629 7.1224e-05 0.00197481 4.47198e-09 0.0244348 0.00765631 0.0188656 0.000177043 3.07698e-05 0.2305 0.00128119 0.000366307 6.47062e-07 1.60206e-05 0.000974493 
0.515396 0.162992 0.0191379 0.00396201 6.05573e-05 4.45365e-07 0.00461535 6.99086e-07 0.079845 0.1075 0.00279252 2.83005e-06 0.0161365 0.0128838 0.070001 0.000227191 1.66002e-06 0.00166747 0.00277734 
0.461902 0.0334802 0.00130863 7.48376e-08 0.370602 0.00561851 1.63394e-08 9.1537e-11 0.00645056 0.0220818 0.0356975 0.00103774 0.00150282 0.035329 0.000526053 0.000114439 1.50192e-07 0.00123485 0.0231134 
0.306664 0.159947 0.146965 0.000883758 0.0527826 1.64759e-05 3.70169e-05 0.000146223 0.14827 0.0240934 0.0920153 3.95706e-05 7.78693e-06 0.0417702 0.00409941 0.000140681 1.41665e-06 0.00606692 0.0160539 
0.431372 0.342666 0.00574568 4.90222e-06 0.00182115 0.000163943 0.000254515 1.13503e-08 0.0317487 0.00257191 0.0372671 1.75267e-05 0.000433175 0.134497 4.45256e-05 5.35163e-05 0.000544351 0.0100539 0.000740164 
0.32186 0.0271006 0.0846608 0.000423391 0.000729015 0.000805542 0.00186356 4.23246e-08 0.0393213 0.0271268 0.0221659 2.00982e-06 0.00792224 0.21232 5.19283e-06 0.231454 0.00506026 0.000406865 0.0167721 
0.316862 0.0558039 0.180435 0.0222572 0.0116127 2.55628e-05 0.000132276 3.78853e-07 0.0207768 0.0688157 0.00946676 0.00108985 2.68459e-07 0.046116 0.00217467 0.000248995 7.6843e-05 0.00243895 0.261666 
0.461902 0.0334802 0.00130863 7.48376e-08 0.370602 0.00561851 1.63394e-08 9.1537e-11 0.00645056 0.0220818 0.0356975 0.00103774 0.00150282 0.035329 0.000526053 0.000114439 1.50192e-07 0.00123485 0.0231134 
0.306931 0.13761 0.132789 1.40582e-05 0.00320608 3.1215e-05 6.60981e-05 1.17534e-09 0.132293 0.00244254 0.131856 0.0803854 1.62404e-05 0.00598522 0.00355143 0.000209912 0.00404022 0.00151184 0.0570597 
0.738533 0.0355547 0.0979393 1.48906e-05 0.0172283 4.75265e-06 6.92937e-06 4.73712e-05 0.0337778 0.0143365 0.0384401 3.15569e-06 0.00011134 0.000704673 0.0205622 0.00120118 3.84865e-06 0.00126152 0.000268425 
0.461902 0.0334802 0.00130863 7.48376e-08 0.370602 0.00561851 1.63394e-08 9.1537e-11 0.00645056 0.0220818 0.0356975 0.00103774 0.00150282 0.035329 0.000526053 0.000114439 1.50192e-07 0.00123485 0.0231134 
0.222186 0.0866687 0.148504 0.00336765 0.200755 1.65572e-05 0.000225165 0.00672546 0.104714 0.0526244 0.117955 0.000111828 0.00272948 0.0289549 0.0141755 0.00474925 1.30386e-05 0.00191774 0.00360738 
0.280918 0.00991141 0.235798 1.05481e-05 0.146581 1.45505e-05 4.8958e-05 1.87818e-06 0.0720131 0.13361 0.0512459 8.7235e-06 0.00480046 0.00947541 0.0432012 0.00375069 0.00251848 0.00562334 0.00046831 
0.185444 0.145242 0.13466 0.00615418 0.0381427 1.57079e-05 0.000832927 1.49594e-06 0.0395663 0.143166 0.00660153 0.000127291 0.00029656 0.0659977 0.00657921 0.15799 0.0652911 0.00272149 0.00117005 
0.467944 0.0124722 0.0198142 0.00085242 0.0784042 9.94822e-08 9.24844e-06 3.96476e-10 0.377172 0.00108897 0.0390547 1.73257e-06 4.08826e-05 0.0018935 0.000531022 4.99022e-05 2.61535e-05 9.01614e-06 0.000635609 
0.326779 0.18812 0.0933939 0.000646678 0.160115 5.85802e-05 0.000177428 4.26581e-05 0.102326 0.00876438 0.0795556 2.14837e-05 0.000347627 0.0308932 0.00306013 0.000143333 0.000159973 0.00311548 0.00228081 
0.256217 0.150384 0.0644611 0.0592376 3.19867e-05 7.7587e-06 1.2201e-05 4.48433e-09 0.246853 0.0624501 0.0566372 2.61588e-06 0.000122889 0.0566009 4.65617e-05 0.000288345 0.000779025 5.673e-06 0.0458617 
0.461902 0.0334802 0.00130863 7.48376e-08 0.370602 0.00561851 1.63394e-08 9.1537e-11 0.00645056 0.0220818 0.0356975 0.00103774 0.00150282 0.035329 0.000526053 0.000114439 1.50192e-07 0.00123485 0.0231134 
0.684942 0.0455317 0.0484554 0.0028192 0.0021447 7.87002e-06 0.000539604 3.65829e-07 0.000865917 0.022007 0.0395306 1.79564e-05 1.43676e-05 0.137782 0.000395816 0.00158716 3.45958e-05 0.0123482 0.000975232 
0.815294 0.0258512 0.0262119 9.3522e-05 0.00646964 0.000195667 5.33178e-09 1.14495e-08 0.00931319 0.0200019 0.0496888 1.05175e-06 7.21274e-05 0.0405064 0.00151395 1.99335e-06 7.54071e-07 0.00187997 0.00290391 
0.475396 0.0156299 0.0128339 2.25637e-05 0.0635844 1.17495e-05 0.000507441 0.000202112 0.00773063 0.0659288 0.0036796 1.09394e-07 1.29588e-09 0.327563 2.93858e-07 1.60047e-05 0.00586238 0.0203804 0.000651523 
0.499422 0.0178222 0.0745236 0.00181002 0.0671339 5.39454e-08 0.00148228 0.0115897 0.0942681 0.0835656 0.012837 1.71799e-06 0.000652881 0.00407878 0.00290437 0.000104843 0.000111479 0.0223808 0.10531 
0.443298 0.0541809 0.0869798 0.00294317 0.0532093 5.75174e-05 0.000181093 0.0483779 0.050205 0.098295 0.0317403 0.00303034 0.000453577 0.0628571 0.00463282 0.00787903 0.0269083 0.0105566 0.0142139 
0.515396 0.162992 0.0191379 0.00396201 6.05573e-05 4.45365e-07 0.00461535 6.99086e-07 0.079845 0.1075 0.00279252 2.83005e-06 0.0161365 0.0128838 0.070001 0.000227191 1.66002e-06 0.00166747 0.00277734 
0.515396 0.162992 0.0191379 0.00396201 6.05573e-05 4.45365e-07 0.00461535 6.99086e-07 0.079845 0.1075 0.00279252 2.83005e-06 0.0161365 0.0128838 0.070001 0.000227191 1.66002e-06 0.00166747 0.00277734 
0.272241 0.236695 0.0570291 0.00314578 0.0179997 1.8497e-05 0.00101051 1.38531e-07 0.229814 0.0547209 0.045535 0.00130609 0.000430621 0.0267633 0.0338721 0.00127286 0.00195914 0.000645798 0.0155403 
0.632126 0.0507045 0.0266067 0.000248053 0.00396629 7.1224e-05 0.00197481 4.47198e-09 0.0244348 0.00765631 0.0188656 0.000177043 3.07698e-05 0.2305 0.00128119 0.000366307 6.47062e-07 1.60206e-05 0.000974493 
0.268406 0.0200552 0.116516 8.08422e-05 0.0575633 5.3854e-06 5.9268e-06 1.86735e-06 0.0426572 0.154828 0.00558448 7.19838e-06 0.000227947 0.0447024 0.0209464 0.237366 0.000334341 0.00149831 0.0292131 
0.308462 0.276862 0.0663141 0.00750984 0.111066 2.38615e-06 6.67486e-05 1.82995e-08 0.135421 0.0241522 0.0290147 3.56248e-06 0.000308731 0.00117449 0.0133544 4.10107e-05 0.0217536 0.00188537 0.00260844 
0.585395 0.050114 0.07813 0.000158466 0.00397684 0.0188057 3.38753e-05 0.00979241 0.0785575 0.0075175 0.0564809 0.00976727 9.4404e-05 0.00561318 0.0116983 0.0091696 0.000910964 0.0031437 0.0706406 
0.515396 0.162992 0.0191379 0.00396201 6.05573e-05 4.45365e-07 0.00461535 6.99086e-07 0.079845 0.1075 0.00279252 2.83005e-06 0.0161365 0.0128838 0.070001 0.000227191 1.66002e-06 0.00166747 0.00277734 
0.738533 0.0355547 0.0979393 1.48906e-05 0.0172283 4.75265e-06 6.92937e-06 4.73712e-05 0.0337778 0.0143365 0.0384401 3.15569e-06 0.00011134 0.000704673 0.0205622 0.00120118 3.84865e-06 0.00126152 0.000268425 
0.394005 0.124874 0.00772182 0.000342784 0.00189989 0.00047813 0.000485709 4.02617e-11 0.0747698 0.00029856 0.0573503 1.02899e-05 0.000116219 0.336865 0.000129452 0.000225891 1.43012e-06 2.21894e-05 0.000404037 
0.306664 0.159947 0.146965 0.000883758 0.0527826 1.64759e-05 3.70169e-05 0.000146223 0.14827 0.0240934 0.0920153 3.95706e-05 7.78693e-06 0.0417702 0.00409941 0.000140681 1.41665e-06 0.00606692 0.0160539 
0.464949 0.156848 0.00739084 0.000537395 0.0162242 9.32614e-05 2.46286e-05 1.84622e-08 0.112396 0.0339962 0.102935 0.000159949 9.49876e-05 0.0934456 0.00473624 0.00148899 0.000117312 0.00170603 0.00285653 
0.38155 0.0599974 0.352778 0.00043885 0.0156676 3.04526e-06 0.000392448 0.00173402 0.0690705 0.030952 0.0587748 3.04045e-05 6.34414e-06 0.00767947 0.00781193 0.00121261 0.000247987 0.00272362 0.00892827 
0.268904 0.0246397 0.167942 0.00587942 1.72512e-07 0.00517481 0.00224478 0.0583496 0.107218 0.0625314 0.00530017 0.000513724 0.000155717 0.25635 7.81279e-05 2.29579e-05 3.3851e-06 2.03006e-07 0.0346915 
0.925886 2.66192e-06 0.00431666 0.000131873 0.00399187 1.20534e-06 0.00149326 5.58463e-07 0.0188493 0.0300025 0.000191333 3.15306e-06 6.54187e-06 3.57105e-05 0.00212372 0.0129156 1.26347e-05 3.27116e-05 2.54553e-06 
0.217958 0.0813746 0.206802 0.000101943 0.00265602 2.99302e-05 1.10458e-05 1.66111e-09 0.146938 0.0424377 0.189489 0.00880892 0.000118003 0.0353332 0.00861798 0.00025204 0.00117642 0.00149195 0.0564035 
0.515396 0.162992 0.0191379 0.00396201 6.05573e-05 4.45365e-07 0.00461535 6.99086e-07 0.079845 0.1075 0.00279252 2.83005e-06 0.0161365 0.0128838 0.070001 0.000227191 1.66002e-06 0.00166747 0.00277734 
0.420214 0.0586476 0.00609973 2.84178e-05 0.00173321 5.68026e-06 5.80913e-05 2.15833e-12 0.240321 8.32785e-05 0.253579 5.31931e-06 1.94728e-05 0.0143306 1.74324e-05 1.39887e-05 4.01362e-06 6.78215e-05 0.00477162 
0.461902 0.0334802 0.00130863 7.48376e-08 0.370602 0.00561851 1.63394e-08 9.1537e-11 0.00645056 0.0220818 0.0356975 0.00103774 0.00150282 0.035329 0.000526053 0.000114439 1.50192e-07 0.00123485 0.0231134 
0.515396 0.162992 0.0191379 0.00396201 6.05573e-05 4.45365e-07 0.00461535 6.99086e-07 0.079845 0.1075 0.00279252 2.83005e-06 0.0161365 0.0128838 0.070001 0.000227191 1.66002e-06 0.00166747 0.00277734 
0.515396 0.162992 0.0191379 0.00396201 6.05573e-05 4.45365e-07 0.00461535 6.99086e-07 0.079845 0.1075 0.00279252 2.83005e-06 0.0161365 0.0128838 0.070001 0.000227191 1.66002e-06 0.00166747 0.00277734 
0.529663 0.1549 0.0601643 0.000935979 0.0974379 6.89431e-06 0.000124524 8.88737e-06 0.0490285 0.00354594 0.0134044 5.13423e-07 4.14373e-05 0.0269632 3.27215e-05 0.000972255 6.3692e-05 0.014125 0.0485811 
0.592267 0.0374754 0.107509 0.00500248 0.00747012 2.66056e-05 0.0178513 0.00357698 0.0331426 0.0245023 0.0301498 8.25336e-05 0.000552568 0.0984516 0.0030801 3.11032e-05 0.000209231 0.0223343 0.0162853 
0.555671 0.00771022 0.21815 0.000994443 0.000822759 0.000232264 0.00631714 0.000396768 0.0701387 0.0394082 0.00162068 8.66694e-06 0.000197646 0.0114592 0.000155949 0.00283297 0.0295013 0.000849406 0.0535322 
0.483165 0.266012 0.0597185 0.00121785 0.00844806 0.0018806 0.00195515 0.000811016 0.068542 0.00620123 0.0239517 3.69022e-07 3.68861e-07 0.0703096 3.69062e-07 3.688e-07 0.00176931 3.68793e-07 0.00601565 
0.70733 0.044033 0.00201289 5.22341e-07 0.000323089 9.88951e-06 6.52534e-07 1.35197e-10 0.0354791 0.0140635 0.0120396 6.5191e-06 0.00260024 0.0309375 2.72488e-05 1.44313e-05 3.7759e-07 0.151053 6.86065e-05 
0.468737 0.317041 0.0336696 0.00197978 0.00343455 7.51656e-06 0.000689057 0.000816117 0.0900255 0.00725715 0.0227119 0.00319741 0.00011085 0.0286939 0.00390381 0.000264506 0.0071041 0.000665448 0.00969065 
0.258112 0.20904 6.9685e-10 9.23052e-07 1.07813e-06 0.00275528 4.87604e-09 1.04708e-08 1.61556e-05 0.0137052 0.175854 0.00022193 0.00598993 0.138497 0.0137671 5.27072e-09 0.00183424 4.37431e-05 0.180161 
0.710111 0.229287 0.00371393 0.000312372 0.0167508 4.62687e-07 0.000237274 4.38295e-09 0.0112694 0.00688183 0.00365187 7.89088e-06 3.83379e-06 0.0140506 0.000182848 0.000488926 0.000183342 0.000101835 0.00276464 
0.2497 0.125143 0.16514 0.00300633 0.0126583 3.34833e-05 0.0015112 3.06813e-06 0.165892 0.061055 0.158229 4.06745e-05 0.000285086 0.0328362 0.00536659 0.00379756 0.00039497 0.00159087 0.0133164 
0.515396 0.162992 0.0191379 0.00396201 6.05573e-05 4.45365e-07 0.00461535 6.99086e-07 0.079845 0.1075 0.00279252 2.83005e-06 0.0161365 0.0128838 0.070001 0.000227191 1.66002e-06 0.00166747 0.00277734 
0.667914 0.00148562 0.0242558 0.0336695 0.0101005 2.47887e-06 0.00324047 0.0057812 0.0104039 0.11898 0.0578926 0.000745585 5.44378e-05 0.0468146 0.00145493 0.00183768 0.00196586 0.0114754 0.00192615 
0.487496 0.218977 0.0167698 0.000268174 0.00120188 0.000119339 0.000183433 4.40556e-07 0.0248511 0.0886374 0.0625102 1.30792e-05 0.00269202 0.0634222 0.0240576 0.00207043 1.02034e-06 0.00169761 0.00503063 
0.515396 0.162992 0.0191379 0.00396201 6.05573e-05 4.45365e-07 0.00461535 6.99086e-07 0.079845 0.1075 0.00279252 2.83005e-06 0.0161365 0.0128838 0.070001 0.000227191 1.66002e-06 0.00166747 0.00277734 
0.808831 0.000765391 0.106715 2.09021e-06 0.000766578 0.000272004 0.000126705 3.55477e-09 0.0491508 0.0164002 0.00996022 4.48636e-06 6.42621e-05 0.00545291 1.07278e-06 7.46923e-06 1.21888e-06 0.000815654 0.000663324 
0.515396 0.162992 0.0191379 0.00396201 6.05573e-05 4.45365e-07 0.00461535 6.99086e-07 0.079845 0.1075 0.00279252 2.83005e-06 0.0161365 0.0128838 0.070001 0.000227191 1.66002e-06 0.00166747 0.00277734 
0.576723 0.0789469 0.00146773 0.000673035 0.000131714 2.61157e-05 3.98099e-05 3.03348e-10 0.149946 0.000187044 0.136222 2.76092e-05 4.3702e-05 0.0460875 0.000147802 4.41543e-06 0.00047106 9.6612e-06 0.00884493 
0.515396 0.162992 0.0191379 0.00396201 6.05573e-05 4.45365e-07 0.00461535 6.99086e-07 0.079845 0.1075 0.00279252 2.83005e-06 0.0161365 0.0128838 0.070001 0.000227191 1.66002e-06 0.00166747 0.00277734 
0.515396 0.162992 0.0191379 0.00396201 6.05573e-05 4.45365e-07 0.00461535 6.99086e-07 0.079845 0.1075 0.00279252 2.83005e-06 0.0161365 0.0128838 0.070001 0.000227191 1.66002e-06 0.00166747 0.00277734 
0.439753 0.00883323 0.103637 0.000623682 0.0463653 0.000322275 7.8881e-05 1.12734e-07 0.0315353 0.0863415 0.013841 8.07607e-05 0.000677579 0.262537 0.0033081 0.00132637 2.97033e-05 8.54198e-05 0.000623558 
0.504779 0.0607878 0.123675 0.000539432 0.00607483 8.64632e-06 0.000865157 1.21742e-08 0.1405 0.0491548 0.0742011 5.65631e-05 2.11196e-06 0.0118144 0.0219994 0.000693187 0.00080283 0.00200597 0.00203909 
0.152424 0.140357 0.112278 0.0040492 0.0597817 0.000117601 0.00422911 0.00117688 0.139918 0.0918395 0.0552694 0.0059397 0.000759666 0.127776 0.019422 0.00538633 0.000219005 0.00419583 0.0748614 
0.573887 0.0528428 0.132332 3.86798e-07 0.0528229 0.0107107 2.07991e-05 3.25247e-10 0.0473516 0.0125979 0.0261094 0.00142291 0.00119747 0.0777133 0.000193123 0.000245305 6.23616e-06 3.82144e-05 0.0105081 
0.515396 0.162992 0.0191379 0.00396201 6.05573e-05 4.45365e-07 0.00461535 6.99086e-07 0.079845 0.1075 0.00279252 2.83005e-06 0.0161365 0.0128838 0.070001 0.000227191 1.66002e-06 0.00166747 0.00277734 
0.280451 0.139119 0.037405 0.0122279 0.0816032 6.40645e-05 0.000904783 0.000112243 0.153262 0.0412694 0.0622544 0.00427282 0.000421023 0.103183 0.02934 0.0202612 0.000483543 0.00840696 0.0249583 
0.328846 0.015772 0.102851 0.00010039 0.278423 1.50088e-05 6.16691e-06 2.41131e-07 0.106822 0.0921532 0.0201837 7.50769e-05 0.000103106 0.0167933 0.000315656 0.017336 0.000122051 0.0109705 0.00911254 
0.355828 0.0797117 0.0961681 0.000708278 0.00575329 0.000107024 0.00661314 2.38277e-09 0.143829 0.0135316 0.106154 0.00512789 0.00383237 0.130985 0.00277025 0.000279382 0.00687424 0.0203193 0.0214073 
0.306664 0.159947 0.146965 0.000883758 0.0527826 1.64759e-05 3.70169e-05 0.000146223 0.14827 0.0240934 0.0920153 3.95706e-05 7.78693e-06 0.0417702 0.00409941 0.000140681 1.41665e-06 0.00606692 0.0160539 
0.435958 0.0226895 0.108065 0.000147189 0.0790644 6.18049e-07 0.00194589 2.42401e-07 0.165145 0.130555 0.0274452 6.28523e-06 0.000282682 0.00970754 0.00644172 5.29008e-05 3.46574e-05 0.0018768 0.0105814 
0.281177 0.169759 0.0522473 0.0100758 8.59984e-05 7.54057e-05 0.00182337 1.09786e-08 0.208302 0.0755878 0.0189299 0.00462815 1.06455e-05 0.0530483 0.0226049 0.0920535 0.000187013 0.000569209 0.00883498 
0.345337 0.16865 0.0985288 0.000687357 0.00843885 0.0632961 0.000777086 0.000124628 0.0908609 0.0374599 0.044579 0.000274703 0.000682971 0.0645582 0.00415546 0.00135269 8.2408e-05 0.00150553 0.0686483 
0.485862 0.058844 0.188221 0.00222923 0.0837435 5.98336e-05 0.000370178 5.80838e-06 0.0532492 0.0440457 0.0249732 7.71688e-05 0.00072587 0.0271426 0.00514491 0.00660257 0.0019536 0.00472968 0.0120201 
0.376264 0.180285 0.0187136 0.00807338 0.0218239 0.00145834 9.08442e-05 0.0026543 0.0463367 0.0114209 0.0223049 5.21976e-05 0.000460929 0.276421 0.00621499 0.00198568 6.0689e-06 0.00169609 0.0237373 
0.551491 0.0512363 0.115651 0.00243263 0.000579846 6.10511e-05 0.000155586 8.11729e-07 0.210549 0.00652428 0.0164702 0.000109704 0.000116789 0.0101327 0.00962642 0.0184101 6.74303e-05 0.00113206 0.00525305 
0.515396 0.162992 0.0191379 0.00396201 6.05573e-05 4.45365e-07 0.00461535 6.99086e-07 0.079845 0.1075 0.00279252 2.83005e-06 0.0161365 0.0128838 0.070001 0.000227191 1.66002e-06 0.00166747 0.00277734 
0.504398 0.124197 6.01316e-08 4.84004e-05 0.00224787 1.87666e-08 6.86028e-05 1.72265e-12 0.176542 3.83119e-09 0.0345045 5.50951e-09 0.000191198 0.157687 6.48453e-05 4.27618e-05 8.36784e-06 1.33287e-08 5.99172e-09 
0.255743 0.0983235 0.0317366 0.0281221 0.0566641 1.71027e-05 0.157458 7.80227e-06 0.0509327 0.0992146 0.0373189 0.000174703 6.24922e-06 0.0554533 0.0733213 0.000202233 7.09208e-05 0.00315155 0.0520811 
0.285927 0.105022 0.0167715 0.0185856 0.0101598 0.16165 0.00163737 0.0158795 0.0987561 0.106131 0.0104773 2.51747e-06 0.000686448 0.0748678 0.022736 0.00721055 6.08896e-05 0.00159292 0.0618459 
0.63922 0.0365476 0.00788886 0.0102328 1.83815e-05 2.49076e-05 0.000326408 3.92307e-11 0.220811 0.025626 0.0213867 1.22395e-05 3.02705e-08 0.0155027 0.0171716 0.000612292 3.74953e-06 5.01848e-05 0.0045649 
0.306664 0.159947 0.146965 0.000883758 0.0527826 1.64759e-05 3.70169e-05 0.000146223 0.14827 0.0240934 0.0920153 3.95706e-05 7.78693e-06 0.0417702 0.00409941 0.000140681 1.41665e-06 0.00606692 0.0160539 
0.272399 0.0354419 0.23119 0.00117054 0.002908 6.04343e-05 0.00119117 0.0334451 0.218826 0.101499 0.0719745 8.9946e-05 0.00183257 0.0119076 0.00352487 0.00277122 2.43825e-06 0.00153173 0.00823456 
0.222089 0.118343 0.0944378 0.0174333 0.0871043 0.0112879 0.000426151 0.000504546 0.143722 0.0685534 0.0724374 0.000445612 0.000312621 0.0437432 0.0754219 0.000227962 0.000357269 0.00162548 0.0415274 
0.348749 0.112144 0.0717546 0.00350699 1.40069e-09 2.72466e-09 0.000192797 3.90188e-09 0.181045 0.0965875 0.0356682 1.72437e-05 7.11269e-07 0.00015362 5.13776e-05 0.0159777 2.12893e-06 0.132063 0.00208559 
0.310975 0.190065 0.176254 0.00401823 0.00207808 0.00266126 0.000392584 1.05322e-05 0.101354 0.0255848 0.1324 0.000135764 0.00195421 0.034242 0.0105014 0.000205599 9.97552e-07 0.000552694 0.00661366 
0.472822 0.092302 0.0240979 0.00105468 0.00530003 1.36856e-05 4.43442e-05 3.04101e-05 0.170046 0.0327716 0.163889 0.000285437 0.000685254 0.00649374 0.00928432 2.43635e-05 0.000345195 0.0187682 0.00174211 
0.62389 0.0157511 0.0835156 0.00314888 0.00145041 8.56757e-09 0.00809236 1.22693e-08 0.0592358 0.081435 0.00243892 1.49273e-06 0.000142789 0.102801 0.00074879 0.0102495 0.000364484 7.08496e-05 0.00666361 
0.412567 0.0568637 0.0323828 0.00205214 0.000432339 1.28705e-05 9.92494e-05 7.03561e-05 0.269951 0.122222 0.0344358 1.6643e-05 0.000235371 0.013279 0.00667263 0.00031946 0.000126063 0.000967542 0.0472939 
0.596993 0.0619566 0.00305061 4.00078e-06 0.000872683 0.00217638 0.00100938 9.23723e-06 3.21658e-05 0.000791597 0.011863 0.00113246 9.90013e-05 0.313282 3.04979e-05 7.54497e-05 0.000622054 0.00544445 0.00055515 
0.461902 0.0334802 0.00130863 7.48376e-08 0.370602 0.00561851 1.63394e-08 9.1537e-11 0.00645056 0.0220818 0.0356975 0.00103774 0.00150282 0.035329 0.000526053 0.000114439 1.50192e-07 0.00123485 0.0231134 
0.306664 0.159947 0.146965 0.000883758 0.0527826 1.64759e-05 3.70169e-05 0.000146223 0.14827 0.0240934 0.0920153 3.95706e-05 7.78693e-06 0.0417702 0.00409941 0.000140681 1.41665e-06 0.00606692 0.0160539 
0.358511 0.174856 0.0813017 0.000152408 0.0079124 2.11229e-05 0.000362179 0.00014072 0.101146 0.00577132 0.227009 3.83968e-05 0.000224207 0.0190334 0.00374385 0.000438238 0.000102012 0.00559142 0.0136453 
0.400155 0.373299 0.0536933 0.000740904 0.00305754 5.11371e-05 0.00292331 0.00033351 0.0320045 0.0105846 0.0321918 0.000145682 0.000459419 0.0553868 0.00436188 0.000503741 0.000640225 0.000684083 0.0287832 
0.684588 0.0272696 0.134241 0.00311897 0.021723 0.000236975 0.000284068 0.000112729 0.0381102 0.0369516 0.0116932 0.00228035 0.000229065 0.0200934 0.00394493 0.00317957 0.000238585 0.00357706 0.00812762 
0.554898 0.0549297 0.0777386 0.0077275 0.0263192 1.74713e-05 0.0052889 0.000235821 0.0404541 0.127832 0.00248105 1.27695e-05 0.000121046 0.0916014 0.000849368 0.00347362 0.00255599 0.000411033 0.00305236 
0.472969 0.0870615 0.108037 0.000149708 0.00370909 4.72268e-05 0.00011169 7.23059e-07 0.0621319 0.0493429 0.029456 2.414e-06 5.02221e-05 0.0981174 0.00309369 4.89116e-05 0.000314908 0.000153769 0.0852019 
0.885517 0.0326486 0.00567707 1.3355e-05 0.00120111 3.27786e-06 0.00431162 8.15899e-09 0.0233171 0.00667852 0.0105483 9.55505e-06 7.95447e-06 0.0243221 0.00502206 0.000430039 1.70337e-06 2.97229e-05 0.000260947 
0.19732 0.146495 0.0788286 0.00724168 0.000504287 8.53076e-05 0.00173532 1.40334e-08 0.0984348 0.174708 0.167321 0.000138006 0.000477994 0.0756132 0.0195498 0.00409239 0.00176531 0.00351134 0.022178 
0.305455 0.044713 0.0663905 0.00248336 0.0465694 0.0140946 0.00165103 7.46043e-06 0.0888387 0.0591767 0.153462 0.000582408 0.00584201 0.155405 0.00722622 0.0016446 0.000433215 0.0405982 0.00542632 
0.546997 0.10957 0.0359728 0.000631358 0.0384329 0.000140482 9.09454e-05 2.47301e-05 0.163068 0.0122898 0.0707644 4.84579e-05 9.89153e-06 0.0158256 0.000227425 0.0017982 0.000527488 0.00126603 0.00231536 
0.356062 0.14283 0.0229542 0.000107671 0.0384595 3.82663e-05 6.69905e-05 7.89415e-10 0.25373 0.00240669 0.143148 6.89578e-05 5.72651e-05 0.0308086 0.00677839 7.19827e-05 9.43594e-06 0.0014817 0.000919866 
0.306664 0.159947 0.146965 0.000883758 0.0527826 1.64759e-05 3.70169e-05 0.000146223 0.14827 0.0240934 0.0920153 3.95706e-05 7.78693e-06 0.0417702 0.00409941 0.000140681 1.41665e-06 0.00606692 0.0160539 
0.306664 0.159947 0.146965 0.000883758 0.0527826 1.64759e-05 3.70169e-05 0.000146223 0.14827 0.0240934 0.0920153 3.95706e-05 7.78693e-06 0.0417702 0.00409941 0.000140681 1.41665e-06 0.00606692 0.0160539 
0.515396 0.162992 0.0191379 0.00396201 6.05573e-05 4.45365e-07 0.00461535 6.99086e-07 0.079845 0.1075 0.00279252 2.83005e-06 0.0161365 0.0128838 0.070001 0.000227191 1.66002e-06 0.00166747 0.00277734 
0.344943 0.118005 0.121519 0.00127952 0.00199479 7.51662e-06 0.000119906 5.57128e-06 0.185321 0.0660301 0.0789725 3.54399e-06 2.80629e-05 0.0690173 0.000261895 0.000976746 3.82813e-06 0.00172136 0.00978946 
0.515396 0.162992 0.0191379 0.00396201 6.05573e-05 4.45365e-07 0.00461535 6.99086e-07 0.079845 0.1075 0.00279252 2.83005e-06 0.0161365 0.0128838 0.070001 0.000227191 1.66002e-06 0.00166747 0.00277734 
0.278163 0.00688661 0.0462701 0.149066 0.000316304 1.41747e-05 5.32019e-06 6.49469e-05 0.0327823 0.158359 0.0184433 9.45212e-05 2.86476e-05 0.263104 2.72292e-05 0.0091244 0.000146062 0.00137472 0.0357304 
0.38677 0.0241819 0.0559139 0.000607986 0.00117756 3.20634e-05 0.0124265 7.86943e-09 0.314543 0.0519286 0.0991099 4.97862e-06 2.69542e-05 0.0250808 9.17603e-05 0.00833331 0.000112041 0.00344193 0.0162168 
0.344536 0.0634397 0.0237515 5.21361e-06 0.0134764 3.8156e-05 0.00305056 3.5985e-07 0.187929 3.63164e-05 0.052818 1.74034e-06 0.000408764 0.303412 7.38054e-06 0.00108121 2.04654e-05 0.00529779 0.000689984 
0.44992 0.223491 0.00110561 1.801e-06 0.00117611 0.000126325 0.000148354 4.35819e-07 0.0899046 5.44354e-05 0.0075808 3.58797e-07 0.000142262 0.226261 1.38753e-07 3.30231e-07 3.57905e-06 8.68885e-07 8.17047e-05 
0.515396 0.162992 0.0191379 0.00396201 6.05573e-05 4.45365e-07 0.00461535 6.99086e-07 0.079845 0.1075 0.00279252 2.83005e-06 0.0161365 0.0128838 0.070001 0.000227191 1.66002e-06 0.00166747 0.00277734 
0.507163 0.00487583 0.0307579 0.00429331 1.76439e-06 9.16759e-05 6.25561e-05 0.118732 0.0462694 0.103766 0.0116584 0.00734138 0.000852132 0.0615495 0.00740115 0.00985394 0.0672088 0.0169345 0.00118695 
0.515396 0.162992 0.0191379 0.00396201 6.05573e-05 4.45365e-07 0.00461535 6.99086e-07 0.079845 0.1075 0.00279252 2.83005e-06 0.0161365 0.0128838 0.070001 0.000227191 1.66002e-06 0.00166747 0.00277734 
0.676538 0.11863 0.00805361 0.000547391 0.000181757 8.79184e-05 0.000120059 5.895e-06 0.000227881 0.00430887 0.0123147 0.0422073 3.81534e-05 0.118886 0.00429411 0.00200128 0.00096991 0.000660862 0.0099252 
0.515396 0.162992 0.0191379 0.00396201 6.05573e-05 4.45365e-07 0.00461535 6.99086e-07 0.079845 0.1075 0.00279252 2.83005e-06 0.0161365 0.0128838 0.070001 0.000227191 1.66002e-06 0.00166747 0.00277734 
0.234063 0.220074 0.138735 1.04358e-05 0.0344085 2.04233e-05 7.72417e-05 8.22953e-08 0.118524 0.0200026 0.211886 2.53404e-08 7.06752e-08 0.00187893 3.66646e-06 0.000196502 1.00201e-05 0.000233915 0.0198754 
0.701541 0.0192715 0.141704 0.00224829 0.00331492 0.011243 0.000675092 0.0179524 0.0206394 0.0184057 0.0257293 2.36741e-05 7.71318e-05 0.0197412 0.00420795 0.00140817 6.13205e-06 0.00436438 0.00744703 
0.317381 0.266234 0.0363263 0.00111013 0.0055805 1.00036e-05 0.000664176 0.000602017 0.2066 0.0820859 0.0702352 1.37641e-05 8.2454e-06 0.00516233 0.0032522 0.00112897 4.74894e-05 0.000512672 0.00304502 
0.515396 0.162992 0.0191379 0.00396201 6.05573e-05 4.45365e-07 0.00461535 6.99086e-07 0.079845 0.1075 0.00279252 2.83005e-06 0.0161365 0.0128838 0.070001 0.000227191 1.66002e-06 0.00166747 0.00277734 
0.756213 0.00672199 0.116176 1.20493e-06 0.00457802 1.58681e-07 0.000199777 1.90345e-09 0.0148733 0.0175439 0.0436865 0.000157319 0.000310075 0.0134816 5.14238e-05 0.000105664 9.12974e-06 0.000275962 0.0256143 
0.386689 0.317058 0.0110575 0.000275522 0.000998643 0.000494203 5.54813e-05 0.000593553 0.154168 0.00251473 0.0272275 0.0918924 0.000125365 0.00458602 0.000223632 9.37618e-05 0.000116969 7.87485e-05 0.00175093 
0.515396 0.162992 0.0191379 0.00396201 6.05573e-05 4.45365e-07 0.00461535 6.99086e-07 0.079845 0.1075 0.00279252 2.83005e-06 0.0161365 0.0128838 0.070001 0.000227191 1.66002e-06 0.00166747 0.00277734 
0.461902 0.0334802 0.00130863 7.48376e-08 0.370602 0.00561851 1.63394e-08 9.1537e-11 0.00645056 0.0220818 0.0356975 0.00103774 0.00150282 0.035329 0.000526053 0.000114439 1.50192e-07 0.00123485 0.0231134 
0.351396 0.239777 0.0139121 0.000363452 0.000425221 6.97834e-05 0.0053489 0.0013193 0.21007 0.00638254 0.0841939 4.39371e-05 0.00024469 0.0812272 4.08431e-05 9.48815e-05 0.000176951 0.000692245 0.00422135 
0.843454 0.0214102 0.00101997 0.00118044 0.0120677 8.81358e-06 2.33243e-10 5.00868e-10 0.00945508 0.0100963 0.0124375 8.86968e-06 5.21909e-06 0.083771 0.0020329 2.58099e-07 4.60367e-10 0.00303997 1.14455e-05 
0.515396 0.162992 0.0191379 0.00396201 6.05573e-05 4.45365e-07 0.00461535 6.99086e-07 0.079845 0.1075 0.00279252 2.83005e-06 0.0161365 0.0128838 0.070001 0.000227191 1.66002e-06 0.00166747 0.00277734 
0.353115 0.165459 0.115975 0.000282547 0.000412387 0.0264758 0.00155647 0.00698484 0.159341 0.0160953 0.0686713 0.000105098 8.29381e-05 0.0498344 0.000931408 0.00881119 6.43153e-05 0.000390801 0.0254113 
0.450316 0.0541324 0.153155 0.025295 0.000859551 4.03812e-06 0.0621346 3.30533e-09 0.0202167 0.0443227 0.00663687 0.0665703 9.08193e-05 0.0425002 0.0143723 0.00053535 0.000546415 0.0460685 0.0122439 
0.571072 0.0228884 0.274563 6.98754e-05 0.0750562 6.53529e-11 0.00141805 9.35895e-11 0.030522 0.0116206 0.00292872 1.42956e-05 2.81396e-06 0.000908128 0.000132289 5.59125e-05 0.000220775 3.85724e-08 0.00852688 
0.606361 0.126769 0.160062 4.34123e-05 0.0577006 8.45244e-11 3.49627e-05 1.21044e-10 0.0140163 0.00091637 0.010022 1.99544e-11 0.000176337 0.0219769 4.20087e-05 0.000558687 1.97994e-05 2.50396e-07 0.00130071 
0.388483 0.225096 0.0316597 0.112805 0.00217466 3.53256e-05 5.27301e-10 1.13233e-09 0.171027 0.0401707 0.0143513 1.75149e-06 4.58725e-05 0.00548028 0.000371338 2.80358e-05 6.87675e-05 0.00245494 0.00574599 
0.30675 0.0909799 0.010709 0.00593518 0.0121713 0.200499 0.000288206 0.015878 0.0885927 0.0912394 0.0087679 2.31597e-06 0.000720352 0.0649215 0.0339673 0.00821904 2.04984e-05 0.00250621 0.0578318 
0.515396 0.162992 0.0191379 0.00396201 6.05573e-05 4.45365e-07 0.00461535 6.99086e-07 0.079845 0.1075 0.00279252 2.83005e-06 0.0161365 0.0128838 0.070001 0.000227191 1.66002e-06 0.00166747 0.00277734 
0.519064 0.100454 0.17551 0.0373019 0.0105786 3.6727e-06 0.00479898 4.77848e-06 0.0472647 0.00898934 0.0114602 0.000177745 0.000458841 0.0734463 1.81128e-05 0.000592207 8.87559e-06 9.90391e-07 0.00986655 
0.488596 0.000724521 0.0777071 0.0295158 0.00389722 2.02884e-05 0.000115487 3.90429e-06 0.0727247 0.0826672 0.000685287 0.00135167 1.68479e-05 0.157694 0.00022395 0.00322008 0.000478603 0.000375169 0.0799821 
0.429936 0.258688 0.0235459 9.0574e-05 0.000333764 9.45853e-07 3.75248e-06 0.00759015 0.223044 0.0273126 0.026462 9.57924e-07 4.52358e-06 0.00150379 0.000770471 4.02802e-05 5.92328e-06 7.74051e-05 0.000589727 
0.339449 0.102792 0.100974 0.000255051 0.116497 1.403e-07 2.2051e-05 1.24324e-10 0.0195278 0.0278924 0.146815 1.11963e-07 1.25469e-06 0.00443854 0.000843512 0.140351 5.08601e-05 1.1506e-06 9.03918e-05 
0.434559 0.251914 0.0192527 1.67127e-05 0.0275556 0.00199911 0.000481873 8.96899e-08 0.0816949 0.00523654 0.0885769 6.20501e-05 0.000762537 0.0567405 0.000592474 0.000232311 6.69651e-05 1.60521e-08 0.0302549 
0.249823 0.049985 0.128758 0.00074301 0.000842778 0.000385899 6.56641e-05 6.834e-07 0.214702 0.0743995 0.13294 0.00373949 0.00172243 0.035994 0.00134065 0.00475358 0.0130106 0.000225433 0.0865684 
0.322885 0.0604208 0.246519 0.00349329 0.0111197 3.09309e-05 0.000575035 0.00600414 0.116344 0.0252355 0.037465 0.00767222 0.0283626 0.00445551 0.00136733 0.0023893 0.00592655 0.00114533 0.118589 
0.515396 0.162992 0.0191379 0.00396201 6.05573e-05 4.45365e-07 0.00461535 6.99086e-07 0.079845 0.1075 0.00279252 2.83005e-06 0.0161365 0.0128838 0.070001 0.000227191 1.66002e-06 0.00166747 0.00277734 
0.669524 0.0742793 0.213553 0.00205654 0.00358799 3.90155e-09 1.1562e-05 4.01337e-06 0.0111089 0.00991624 0.00944595 9.21072e-10 7.07945e-08 0.00601244 9.8799e-06 9.7069e-08 7.19545e-08 0.000163259 0.000327443 
0.311706 0.116678 0.0175212 0.00107449 0.00855576 1.10676e-05 9.47705e-05 1.07682e-09 0.273454 0.0107458 0.219529 8.7362e-06 0.000100317 0.00858758 0.00494688 0.00014815 0.0011893 0.00178174 0.0238675 
0.515396 0.162992 0.0191379 0.00396201 6.05573e-05 4.45365e-07 0.00461535 6.99086e-07 0.079845 0.1075 0.00279252 2.83005e-06 0.0161365 0.0128838 0.070001 0.000227191 1.66002e-06 0.00166747 0.00277734 
0.620332 0.0101719 0.199128 0.00164801 0.014822 2.17853e-07 0.00285173 0.000317747 0.0117331 0.0247407 0.000687515 0.00019262 1.71972e-07 0.0469518 0.000152587 0.00013996 0.000114813 0.00125034 0.0647643 
0.364596 0.0374501 0.0416127 0.000580897 0.000676484 3.51017e-07 4.18361e-06 2.75396e-09 0.120216 0.0241172 0.209964 0.00903415 0.0214194 0.00245788 0.00376525 0.00134472 0.00170589 0.000504031 0.16055 
0.515396 0.162992 0.0191379 0.00396201 6.05573e-05 4.45365e-07 0.00461535 6.99086e-07 0.079845 0.1075 0.00279252 2.83005e-06 0.0161365 0.0128838 0.070001 0.000227191 1.66002e-06 0.00166747 0.00277734 
0.460598 0.075122 0.141988 0.000545961 0.00159112 1.55281e-05 9.54538e-05 0.00301499 0.0942779 0.0473668 0.138829 0.00391758 0.00039376 0.00277547 0.00100968 0.000776635 0.000224176 0.0078824 0.0195752 
0.701137 0.187286 0.00147975 0.000173701 3.93928e-05 2.15036e-05 6.32101e-05 6.82511e-07 0.0199003 0.0232799 0.000553653 2.5335e-05 0.0043221 0.058114 0.000670284 2.65619e-05 0.000109839 0.00191585 0.000880631 
0.515396 0.162992 0.0191379 0.00396201 6.05573e-05 4.45365e-07 0.00461535 6.99086e-07 0.079845 0.1075 0.00279252 2.83005e-06 0.0161365 0.0128838 0.070001 0.000227191 1.66002e-06 0.00166747 0.00277734 
0.581263 0.0120473 0.0811798 0.00114779 0.0297976 1.71735e-06 1.94157e-05 2.56189e-07 0.0948403 0.0163935 0.0658182 0.000186098 0.000569951 0.00301784 0.00842738 0.000722808 2.62646e-05 0.0511866 0.0533544 
0.278384 0.193909 0.251217 0.00330511 0.0414473 4.68558e-06 0.00104846 0.00104647 0.125342 0.0263187 0.0310499 3.72026e-05 0.000175779 0.0150995 0.00877868 0.000566817 4.31904e-05 0.001565 0.0206622 
0.247116 0.0439803 0.0154189 0.0161718 8.09581e-05 3.24727e-05 0.00344427 0.0476311 0.106137 0.164916 0.240437 8.41365e-06 0.00475481 0.0881191 0.000915386 2.49313e-05 0.000396837 0.00268985 0.0177246 
0.342992 0.00705738 0.0603564 0.00135269 0.00750416 1.03638e-05 0.000485584 0.0990298 0.22649 0.146223 0.0672298 0.00253816 3.09991e-05 0.00901918 0.0057407 0.000123685 0.0163539 0.000108862 0.00735405 
0.515396 0.162992 0.0191379 0.00396201 6.05573e-05 4.45365e-07 0.00461535 6.99086e-07 0.079845 0.1075 0.00279252 2.83005e-06 0.0161365 0.0128838 0.070001 0.000227191 1.66002e-06 0.00166747 0.00277734 
0.515396 0.162992 0.0191379 0.00396201 6.05573e-05 4.45365e-07 0.00461535 6.99086e-07 0.079845 0.1075 0.00279252 2.83005e-06 0.0161365 0.0128838 0.070001 0.000227191 1.66002e-06 0.00166747 0.00277734 
0.696327 1.67425e-08 0.142915 0.0132812 3.52982e-09 6.86629e-09 5.11072e-06 0.0562572 0.022784 0.0533967 0.00156085 0.000133145 0.000860476 0.0032891 9.60034e-05 0.00729851 0.00138364 1.10968e-06 0.0004108 
0.405227 0.265196 0.0397893 0.000776125 8.83179e-05 6.8819e-08 0.00123812 0.012551 0.194647 0.0613006 0.00384056 3.45463e-06 7.47513e-12 0.000869587 0.00479922 0.00774152 4.66455e-06 0.000763473 0.00116293 
0.591041 0.0252359 0.0475232 0.000188535 0.000236668 7.61621e-06 2.49911e-05 0.000113287 0.146023 0.109166 0.0115246 5.91428e-06 0.00181558 0.0500055 0.00123052 0.00142927 3.33256e-05 0.0070412 0.00735404 
0.515396 0.162992 0.0191379 0.00396201 6.05573e-05 4.45365e-07 0.00461535 6.99086e-07 0.079845 0.1075 0.00279252 2.83005e-06 0.0161365 0.0128838 0.070001 0.000227191 1.66002e-06 0.00166747 0.00277734 
0.802771 0.13252 0.00749318 0.000253803 0.00866944 9.34299e-06 8.68597e-09 0.000120812 0.0209951 0.00194584 0.00584894 1.91103e-06 3.21775e-05 0.0151007 9.41037e-05 3.23355e-05 1.39418e-06 0.00386966 0.000240786 
0.346485 0.284569 0.0547297 0.000503077 0.00514177 0.000179132 6.41428e-06 1.75678e-11 0.146679 0.0425624 0.0798136 3.89881e-05 3.68204e-05 0.0231626 0.000211504 0.000158747 3.37267e-07 0.00454386 0.0111778 
0.858328 0.00850065 0.0604263 2.32335e-05 0.0114974 1.73284e-07 0.000172666 5.13928e-07 0.00791131 0.0337278 3.17807e-06 3.03789e-07 5.54682e-05 0.00630929 0.00990184 0.000233338 2.28087e-07 1.27994e-07 0.00290849 
0.578869 0.0206063 0.140175 0.00244406 0.00343377 0.000661232 0.00191787 0.00106035 0.0545956 0.0299418 0.0666392 0.00200056 0.000144779 0.066899 0.0018876 0.00311011 6.96934e-05 0.00222611 0.0233173 
0.515396 0.162992 0.0191379 0.00396201 6.05573e-05 4.45365e-07 0.00461535 6.99086e-07 0.079845 0.1075 0.00279252 2.83005e-06 0.0161365 0.0128838 0.070001 0.000227191 1.66002e-06 0.00166747 0.00277734 
0.461902 0.0334802 0.00130863 7.48376e-08 0.370602 0.00561851 1.63394e-08 9.1537e-11 0.00645056 0.0220818 0.0356975 0.00103774 0.00150282 0.035329 0.000526053 0.000114439 1.50192e-07 0.00123485 0.0231134 
0.504398 0.124197 6.01316e-08 4.84004e-05 0.00224787 1.87666e-08 6.86028e-05 1.72265e-12 0.176542 3.83119e-09 0.0345045 5.50951e-09 0.000191198 0.157687 6.48453e-05 4.27618e-05 8.36784e-06 1.33287e-08 5.99172e-09 
0.268689 0.170726 0.0474911 0.00312718 0.0286995 1.45061e-05 6.77723e-05 0.000101583 0.164212 0.00258197 0.00844902 8.71335e-05 1.50982e-05 0.102674 0.0141068 0.00420297 1.58979e-05 0.000766323 0.183972 
0.320413 0.0377462 0.1799 0.00139427 0.0120242 5.97343e-06 0.000255976 3.88774e-08 0.247946 0.0661582 0.0698872 0.00109277 0.014637 0.0270091 0.0100887 0.00761259 0.000830067 0.000621971 0.00237667 
0.461902 0.0334802 0.00130863 7.48376e-08 0.370602 0.00561851 1.63394e-08 9.1537e-11 0.00645056 0.0220818 0.0356975 0.00103774 0.00150282 0.035329 0.000526053 0.000114439 1.50192e-07 0.00123485 0.0231134 
0.341753 0.138891 0.0683514 0.0209408 1.85076e-06 1.36147e-07 0.000146619 1.64771e-10 0.278158 0.0114342 0.00416375 6.10894e-08 1.13787e-07 9.03689e-07 0.000188761 1.3129e-07 0.000885037 1.06997e-06 0.135084 
0.306664 0.159947 0.146965 0.000883758 0.0527826 1.64759e-05 3.70169e-05 0.000146223 0.14827 0.0240934 0.0920153 3.95706e-05 7.78693e-06 0.0417702 0.00409941 0.000140681 1.41665e-06 0.00606692 0.0160539 
