0.209528 0.330573 0.0653502 0.00051595 0.0192997 6.15665e-05 0.000100548 4.73642e-09 0.249445 0.0181344 0.0651738 5.37215e-06 2.28028e-05 0.0323691 0.000682463 0.00180689 3.04905e-05 0.00255587 0.00434487 
0.0109035 0.645964 0.0274943 0.004726 0.00015335 3.29387e-06 0.000321932 2.29572e-09 0.00324599 0.0151822 0.0177096 4.97534e-05 5.74309e-05 0.00773275 0.00606359 0.000222979 0.00269758 0.232699 0.0247731 
0.0192437 0.38621 0.322549 0.0185125 0.000253886 3.60825e-07 0.00235947 0.000270349 0.0583886 0.0298594 0.00605237 1.81176e-05 0.00022661 0.111985 0.0182056 0.00841776 0.000192254 0.0110501 0.00620513 
0.0378115 0.450846 0.0411828 0.000361507 0.0365616 9.47779e-05 0.000196257 3.25686e-05 0.25788 0.018628 0.0988029 6.25405e-05 0.00121057 0.0283343 0.0161811 0.000179005 5.42974e-06 0.00269655 0.00893352 
0.17039 0.523579 0.0830124 0.00638782 0.000375268 2.37939e-05 0.000178321 7.78569e-07 0.029816 0.0157768 0.043208 0.000110325 1.15367e-06 0.0897714 0.0109759 1.52524e-05 1.5289e-05 0.0107128 0.01565 
0.00839905 0.389607 0.0817076 0.0115882 0.00190894 3.84689e-05 0.00458231 4.82635e-05 0.246149 0.122237 0.00676351 0.00764748 0.00703827 0.0386576 0.0476978 0.000677625 0.011652 0.00115512 0.0124441 
0.0737856 0.290187 0.155573 0.000737443 0.00123751 1.2861e-06 0.00260609 1.84304e-05 0.100113 0.143999 0.0666371 0.000257588 0.00139545 0.0744948 0.00288563 0.0149259 0.000991253 0.00527136 0.0648825 
0.0487599 0.438119 0.0531409 0.00517874 0.00611913 9.40641e-05 0.000902276 0.000389494 0.224176 0.0439934 0.0416418 0.00243724 0.00603116 0.0495275 0.0148202 0.00269464 0.00194407 0.00277554 0.0572552 
0.00624832 0.52424 0.0275649 0.00239613 0.000395427 2.00112e-05 0.00136144 6.13133e-05 0.196169 0.112901 0.0183765 0.00374081 0.00383183 0.0406607 0.0371973 0.000370867 0.000195275 0.00311677 0.0211525 
0.000361388 0.668206 0.00548574 0.00553756 0.000317658 7.07769e-07 0.000447067 0.000460041 0.165521 0.103496 0.00397428 2.92087e-06 0.00144277 0.00984197 0.0318836 0.000153766 7.0614e-07 0.00125069 0.00161635 
0.0228097 0.362268 0.128958 0.00261937 0.00103677 0.000131831 3.7261e-07 4.03309e-06 0.183168 0.00098863 0.00468484 0.0252804 0.000119373 0.0656209 2.06956e-05 3.45403e-05 0.00115878 4.44039e-05 0.201051 
0.0429904 0.462447 0.0974218 0.00938136 0.00618153 6.55604e-05 0.00290704 3.99907e-05 0.0773615 0.0292969 0.0317004 0.00260399 0.00182753 0.0438583 0.0290955 0.00219698 0.00316688 0.0161538 0.141303 
0.139824 0.300392 0.0840572 4.28479e-05 0.01312 1.32719e-08 3.64483e-06 3.34922e-09 0.235819 0.00487733 0.175529 3.82673e-07 5.87925e-05 0.00245974 0.00306936 0.000114548 0.000162768 1.26437e-07 0.0404697 
0.00137465 0.841141 0.0709323 0.0278258 0.000199511 7.30583e-05 0.000212452 1.32152e-07 0.0181586 0.0124566 0.00336639 1.63948e-05 0.00138083 0.0131009 0.000172074 1.99105e-05 5.95788e-06 0.00503181 0.00453195 
0.0321659 0.324431 0.036462 0.000793344 0.000342798 3.97242e-05 0.000457012 5.14764e-07 0.151815 0.0208007 0.161892 0.0199231 0.000971049 0.0436635 0.00131936 0.00173891 1.21803e-05 0.000589264 0.202583 
0.00251481 0.622622 0.0187806 0.0192978 0.000678919 2.04628e-05 0.00161443 0.000121241 0.199086 0.0421963 0.0110466 0.000187564 0.0100453 0.0510202 0.00460314 0.000275132 7.78128e-05 0.00117584 0.0146362 
0.00644971 0.509985 0.219933 0.0745542 0.00167941 7.6265e-06 0.00230878 1.73393e-07 0.0507025 0.0622536 0.0160225 8.72865e-06 0.00182604 0.0399525 0.00186061 0.000654473 8.20585e-07 0.00386391 0.00793613 
0.14819 0.672676 0.00228567 0.000579635 0.000301355 0.000239022 2.83862e-06 7.83832e-10 0.0270781 0.00032875 0.115284 6.08675e-06 1.9034e-05 0.0318281 8.60302e-06 1.98275e-05 8.46527e-06 0.000695047 0.000449835 
0.240927 0.274428 0.188958 3.67127e-05 0.000316447 3.24249e-05 0.000143931 3.70223e-08 0.057099 0.00308818 0.00147054 3.89382e-05 0.000158903 0.031021 0.00201889 4.69284e-06 1.7772e-06 0.199516 0.000740578 
0.000320428 0.6718 0.264294 3.41551e-05 1.07901e-05 3.44853e-08 0.0099947 3.61515e-07 0.0018059 0.00182336 0.00864056 4.00666e-08 1.98116e-06 0.000594827 8.43589e-05 4.22898e-08 1.73882e-07 0.00424888 0.0363448 
0.139824 0.300392 0.0840572 4.28479e-05 0.01312 1.32719e-08 3.64483e-06 3.34922e-09 0.235819 0.00487733 0.175529 3.82673e-07 5.87925e-05 0.00245974 0.00306936 0.000114548 0.000162768 1.26437e-07 0.0404697 
0.0289683 0.708332 0.0189108 0.00204084 0.000224167 2.77899e-06 0.000343572 0.00237773 0.115206 0.0782638 0.00708474 3.20077e-05 0.000130091 0.0256613 0.00889863 0.000276906 0.000377917 0.000348877 0.0025198 
0.00236395 0.816212 0.122517 0.002174 0.00040583 0.000168746 0.00024162 6.21447e-08 0.00212956 0.00313548 0.00713297 3.20534e-05 0.00161984 0.0224822 7.61351e-05 9.50228e-06 1.8628e-05 0.0131933 0.00608712 
0.071754 0.469001 0.0183694 0.000358787 0.037971 0.000212179 0.000203838 2.85206e-12 0.201219 0.001929 0.168684 4.75291e-05 0.00187768 0.0260137 0.000243359 1.44974e-05 3.05458e-06 0.00102771 0.00107006 
0.0100022 0.430084 0.0706236 0.00235242 0.00102903 5.48181e-05 0.00045319 3.79825e-06 0.0224704 0.0274933 0.027772 0.0355243 0.000138498 0.03149 0.0255179 0.000576899 0.0103741 0.00376621 0.300273 
0.0714973 0.438661 0.0603434 0.000946632 0.00122948 1.57024e-05 0.00047687 0.00197986 0.197261 0.178501 0.00260279 1.30139e-06 5.45676e-06 0.0128973 0.00831419 0.00106898 0.000160652 0.000105219 0.023932 
0.0033226 0.355841 0.12044 0.00993947 0.000384772 4.78303e-05 0.00886938 0.0115655 0.0693462 0.0825251 0.00403978 9.35206e-05 0.00475597 0.287669 0.00138247 0.00136561 0.000566302 0.00296904 0.034877 
0.00277304 0.274436 0.104212 1.88775e-12 0.000956731 1.22882e-08 2.92565e-12 6.28256e-12 0.228027 0.252988 0.00150285 0.000157549 0.000718037 0.126661 0.000872424 0.0054195 1.03999e-08 1.03727e-08 0.00127614 
0.0759152 0.419353 0.0572706 0.000478367 0.00423625 5.07708e-05 0.00221057 3.87885e-05 0.207532 0.0404947 0.0833431 0.000500458 0.000356659 0.0691237 0.00903925 0.00198807 0.000333684 0.00583607 0.0218982 
0.127883 0.347558 0.0437067 0.000264906 0.000473861 0.00177763 0.000437083 3.78474e-12 0.137775 0.0109067 0.0259411 0.000310005 0.110286 0.0833229 0.098421 0.000567774 4.48057e-06 0.00537584 0.00498799 
0.00796449 0.739443 0.00203044 8.64462e-05 0.000724785 3.30892e-05 8.44247e-06 2.46167e-07 0.147158 0.0345679 0.00868419 2.3334e-05 6.51704e-05 0.0449056 0.0128815 4.87065e-05 4.34683e-07 0.000168429 0.00120582 
0.0702984 0.608057 0.0158979 4.55429e-05 0.00370603 0.000195355 0.000243677 3.55724e-09 0.0588202 0.0269612 0.0468432 1.78803e-05 0.00246414 0.14627 0.00622142 2.10387e-05 4.68713e-05 9.3223e-05 0.0137966 
0.0661675 0.769071 0.0374338 0.00740088 0.0126893 7.46092e-05 0.000337758 2.514e-07 0.0169865 0.0125994 0.0121846 5.43188e-05 8.66519e-05 0.0375566 0.0105593 4.54734e-05 0.00149588 0.0016445 0.0136115 
0.11175 0.204798 0.123004 0.00354888 0.000410515 0.000210295 0.000277451 2.43535e-11 0.175179 0.027536 0.155369 7.50164e-05 0.122984 0.0683751 0.00487147 0.000200957 8.71295e-05 0.000234766 0.00108961 
0.113286 0.268244 0.108124 0.000311352 0.0204766 2.57313e-06 0.0265611 1.05974e-11 0.114881 0.0130341 0.238526 0.0159133 2.866e-05 0.015572 0.00278401 0.000115429 6.91486e-07 0.00175788 0.0603816 
0.0351959 0.369989 0.210621 0.18575 0.000540162 1.56115e-06 3.1578e-05 3.85654e-08 0.164851 0.00575938 0.000626788 1.31851e-05 1.5984e-08 0.00311064 1.37106e-06 0.000172228 1.98282e-05 0.00669537 0.0166214 
0.0510363 0.242067 0.127368 0.00180241 0.00478346 2.23916e-05 0.0168537 1.56938e-08 0.0650411 0.0326162 0.222715 0.085151 2.75079e-05 0.00379345 0.0407254 4.10766e-05 0.000290908 0.00424589 0.10142 
0.0187384 0.66546 0.0450969 0.0062866 0.0155498 8.88171e-05 0.000167489 6.53147e-06 0.0728017 0.0231705 0.0535475 3.87219e-05 0.000271729 0.0765611 0.00749141 0.00281642 8.88009e-06 0.00462181 0.00727622 
0.00222729 0.394258 0.027169 0.00251617 0.00315129 0.000331088 0.00360249 2.09342e-07 0.148732 0.109909 0.00907487 0.000178524 0.0166154 0.208687 0.0601279 0.00100939 1.00652e-06 0.000698574 0.0117106 
0.0309507 0.351548 0.0522386 0.0152932 6.49597e-05 4.32887e-05 0.00289223 0.000192673 0.276321 0.0855384 0.0163128 0.0221991 0.00866499 0.022556 0.0138375 0.000687687 0.0968651 0.00171434 0.0020802 
0.00630084 0.676201 0.0828659 0.00169247 0.00132615 1.79465e-05 0.00352995 5.88582e-05 0.014649 0.00598865 0.00652657 0.000450922 0.000139449 0.0473991 0.00657178 0.000184601 6.22134e-05 0.00694002 0.139094 
0.0855116 0.334634 0.166925 0.00334061 0.00460865 1.57425e-05 0.0014465 7.00593e-05 0.283106 0.0237676 0.0538824 0.00732777 0.000237676 0.00923384 0.00074699 7.90101e-05 0.00384879 0.00349682 0.0177206 
0.0963965 0.429711 0.0442997 0.00365476 0.00362435 0.000165951 0.0019834 1.14419e-05 0.0430507 0.0132455 0.254582 0.0050172 7.24548e-05 0.0385565 0.00655652 0.0184686 0.000457553 0.0156257 0.0245203 
0.0526507 0.0526574 0.0526553 0.0526334 0.0526283 0.0525965 0.0526183 0.0525683 0.0526573 0.0526571 0.0526501 0.0526462 0.0526232 0.052654 0.0526519 0.0526146 0.0525759 0.0526135 0.0526482 
0.0123519 0.424484 0.299163 0.0333439 0.00457654 7.4839e-06 0.0380752 1.47989e-10 0.0137079 0.0151302 0.0658129 0.000199981 3.18171e-06 0.0687156 0.000563851 1.24277e-05 0.000229123 0.00356193 0.0200611 
0.0552496 0.56385 0.137715 0.00743185 0.00737159 1.0277e-05 7.3073e-05 1.19291e-07 0.0510948 0.0272548 0.0298578 0.000663835 0.000204318 0.0492898 0.00257218 0.00111829 0.000574709 0.00581012 0.0598576 
0.0533969 0.452316 0.0526093 0.00949422 0.00050024 0.000187642 0.000859091 3.54377e-07 0.159417 0.0218525 0.0513592 0.000138017 0.00507206 0.128281 0.00640987 0.0322053 0.00102292 0.0022198 0.0226589 
0.30447 0.498712 0.0170368 4.12092e-05 0.00105425 2.4709e-05 3.72124e-05 2.95602e-08 0.0872248 0.00116179 0.0650933 5.83237e-06 0.000190496 0.0196143 0.000752387 5.77283e-05 2.49383e-05 0.000733459 0.00376466 
0.00194932 0.647672 0.0995386 0.00540614 6.29946e-05 4.07951e-05 0.075973 3.6271e-07 0.00683941 0.00104697 0.00617799 6.13988e-05 3.99405e-05 0.0393232 0.047787 0.000158399 1.2899e-05 0.00157636 0.0663329 
0.0157672 0.394288 0.263531 0.00351378 0.147802 3.42972e-06 0.000567892 1.05498e-07 0.122883 0.016928 0.00623214 2.75398e-06 0.000186716 0.00804952 0.0186466 0.000161558 0.000613466 8.75024e-05 0.000734632 
0.011379 0.636271 0.0484856 0.0284708 0.00121702 3.52015e-05 0.000771204 1.64703e-06 0.071848 0.0300937 0.0249591 4.45534e-05 7.52623e-05 0.0297441 0.0365946 0.000106331 0.00150132 0.0123174 0.066084 
0.0214649 0.475223 0.0881648 0.00312409 0.000645825 0.000438062 0.0162475 0.00665584 0.127155 0.0321578 0.0898441 0.000116116 0.00104235 0.0839184 0.0187806 0.00628378 0.000102816 0.00795773 0.0206771 
0.0622601 0.335234 0.11659 0.117056 0.000133214 2.96431e-05 0.0135964 0.000138144 0.211452 0.0234402 0.0387591 0.0164815 0.000173212 0.0268245 0.00492972 0.00023523 0.000177728 0.0038657 0.0286238 
0.0448705 0.242048 0.0349369 0.00224692 0.00193119 9.48559e-05 0.000576869 0.0197893 0.121967 0.217735 0.0182413 2.81915e-05 0.00639605 0.0918594 0.0840833 0.0714048 0.00379248 0.0274629 0.0105352 
0.0679257 0.460623 0.0352224 9.68902e-05 0.0128158 2.32367e-06 0.0208386 9.06546e-11 0.15559 0.0431107 0.0782782 0.000824959 0.000305007 0.0719282 0.00166611 3.50002e-06 8.9715e-05 0.000351844 0.050327 
0.0121096 0.686952 0.0581822 0.0157839 0.000310262 2.68107e-05 0.00367593 2.60185e-05 0.0209189 0.0200385 0.0606051 9.97964e-05 6.20271e-05 0.0294526 0.00685635 0.000742595 0.003387 0.0373993 0.0433711 
0.00303216 0.682892 0.031174 0.0123069 0.00812637 6.22037e-05 0.00613744 5.48724e-06 0.0102239 0.00647106 0.011415 0.000734732 0.000358672 0.12036 0.00240816 0.000380743 0.000125564 0.033332 0.0704536 
3.30036e-08 0.468951 0.0463615 6.33648e-05 0.000154659 4.31932e-08 0.000291169 7.49883e-10 0.407369 0.0531146 0.00294983 2.11297e-08 3.22218e-07 0.0173846 0.00112453 0.000224109 6.89246e-10 0.00199251 1.89952e-05 
0.0105933 0.538698 0.0824093 0.0768392 0.00455651 2.23793e-05 0.00034731 1.74354e-07 0.195222 0.041157 0.00500959 0.000346266 0.000197717 0.0366027 0.000336574 0.000505139 0.000468467 1.00871e-05 0.00667895 
0.0243727 0.509172 0.0615708 0.0128026 0.0017606 2.7266e-05 0.00018918 2.24137e-05 0.0642972 0.0188162 0.043699 0.000103676 0.000622244 0.0545482 0.00132299 0.000274306 0.00022083 0.00204688 0.204131 
0.028076 0.42095 0.0741661 0.00184826 2.22983e-05 3.01989e-05 0.0175777 1.02753e-06 0.0747214 0.0532047 0.0294025 0.00117865 0.000238462 0.0286108 0.0352033 9.16203e-05 0.213091 0.00320024 0.0183858 
0.00240879 0.420013 0.0423975 0.00339951 4.24503e-05 6.12762e-05 0.0111297 0.000220104 0.121098 0.173764 0.0278798 2.02875e-05 0.0352208 0.153653 0.00314853 0.00136066 0.000592304 0.00182304 0.00176822 
0.000901793 0.595579 0.00982996 0.00251722 0.000143709 1.471e-08 0.000321821 4.80125e-12 0.246073 0.0717403 0.00820286 3.58525e-05 0.00312104 0.0144944 0.0437053 7.84433e-05 9.5215e-06 0.000422762 0.00282332 
0.0116259 0.391878 0.0607423 0.00383365 0.00236251 6.92824e-05 0.0123922 0.00027095 0.136277 0.070963 0.0547156 0.000376044 0.00376821 0.152549 0.0214526 0.00612395 0.000244743 0.00160151 0.0687531 
0.0123072 0.532743 0.027055 0.00162895 0.00237563 4.4653e-05 0.000260886 0.0001009 0.0234587 0.00741968 0.0135068 0.00661866 9.92571e-06 0.322409 0.0066177 0.000137355 8.36855e-05 0.00105393 0.0421689 
0.00347027 0.472633 0.0204583 0.00437652 6.76724e-05 1.26894e-07 0.00710456 0.3229 0.0159936 0.0523371 0.00365939 5.13995e-05 3.20327e-06 0.0507884 0.00856661 0.000638827 2.30056e-07 0.00187542 0.035076 
0.000339419 0.996905 0.000158164 2.55819e-05 8.16023e-05 2.3256e-05 0.000153594 2.60908e-06 0.000145189 0.00020641 0.000248938 4.38231e-05 1.1643e-05 0.000537372 0.000474647 4.66459e-05 4.41852e-05 0.00037594 0.000176107 
0.0422645 0.456075 0.144091 0.000644262 0.00874581 6.78231e-06 1.41626e-05 1.5918e-05 0.216876 0.0367668 0.0221799 2.5334e-06 0.000642972 0.00652156 0.0622263 0.000137706 1.87481e-05 0.000184977 0.00258565 
0.00789225 0.41049 0.145432 0.00191895 0.000810739 8.79474e-05 0.000399517 6.24581e-08 0.247842 0.047 0.00874098 8.937e-06 0.000411601 0.114701 0.00780264 0.000233301 3.80817e-06 3.24752e-06 0.00622156 
0.04746 0.352054 0.0609406 0.000554381 0.00501318 0.000361762 0.00410312 1.65378e-05 0.173009 0.025501 0.140321 0.0027161 0.00104133 0.140535 0.00822452 0.00513352 4.93722e-05 0.00576775 0.0271981 
0.028076 0.42095 0.0741661 0.00184826 2.22983e-05 3.01989e-05 0.0175777 1.02753e-06 0.0747214 0.0532047 0.0294025 0.00117865 0.000238462 0.0286108 0.0352033 9.16203e-05 0.213091 0.00320024 0.0183858 
0.00049865 0.691006 0.0127471 0.000891734 6.90379e-05 0.00104604 0.000362084 1.36467e-08 0.145424 0.00628053 0.0125607 5.29515e-05 0.0281926 0.0895672 0.00298308 0.000686886 3.24117e-07 0.00102937 0.00660121 
0.28436 0.515975 0.0258307 0.00023246 0.00394072 1.43537e-05 8.02215e-05 1.08988e-11 0.0325482 0.000465269 0.107148 9.78896e-06 3.99219e-05 0.0251883 5.86297e-05 5.71853e-06 1.07783e-05 0.000547488 0.00354453 
0.109819 0.270009 0.0355749 0.00195001 0.00481642 0.000557807 0.00589569 0.000136114 0.119155 0.0546012 0.0608386 0.010368 0.00794557 0.257667 0.0244657 0.00186343 0.00249257 0.00169426 0.0301498 
0.00863275 0.776868 0.0319489 0.000145543 0.000279121 6.14323e-06 0.00015354 3.3519e-05 0.0834794 0.00921517 0.0136241 5.2882e-05 3.69982e-05 0.027141 0.0374893 5.19674e-05 2.85164e-05 0.00101013 0.00980277 
0.0511127 0.610666 0.0897892 0.00306306 0.00554009 1.01706e-05 0.0001849 6.57792e-09 0.0214885 0.00597748 0.0384678 0.00278175 1.10697e-05 0.00148632 0.0068402 9.85519e-05 0.00184872 0.0134256 0.147208 
0.0138758 0.697844 0.0470963 0.00129135 0.00101313 5.73965e-05 0.00135766 8.80997e-08 0.065044 0.0124767 0.0574017 0.00609661 0.0017539 0.0450211 0.00964176 0.00368773 0.00795732 0.00111285 0.0272703 
0.0476656 0.332599 0.0713713 0.00500521 0.00330577 2.92488e-05 0.0571509 0.000375311 0.0998193 0.0678825 0.100881 0.0116905 0.000884106 0.0702863 0.0212195 0.00155186 0.00489093 0.0135966 0.0897957 
0.0349253 0.324285 0.102034 0.00730689 0.00261351 2.41811e-05 0.00307996 7.46495e-06 0.173616 0.049649 0.236075 4.78325e-05 0.00136125 0.0211999 0.0163284 0.00423895 0.000760104 0.0127012 0.00974606 
4.00125e-05 0.756238 0.0192798 0.0461687 0.000382331 0.000247997 0.000182214 1.87138e-10 0.0482788 0.0381773 0.0152263 0.000411354 0.00120449 0.0509545 0.00122757 0.00103752 6.55898e-05 9.64606e-05 0.0207815 
0.000914732 0.439058 0.0151125 0.00229869 0.000309455 2.77307e-08 0.000309964 1.18601e-10 0.0709434 0.431737 0.00619123 3.3389e-06 4.23253e-05 0.0164432 0.000998377 7.81038e-05 3.81646e-07 0.0147981 0.000760632 
0.0221721 0.317846 0.0410424 0.00528236 0.00261783 0.000593227 0.00777251 0.000180732 0.0443693 0.0550714 0.127295 0.00597681 0.00122297 0.240867 0.00981394 0.006881 0.00296141 0.0663248 0.0417095 
0.00488844 0.363525 0.249669 0.02014 0.00275699 3.35674e-05 0.00111737 0.00916698 0.00651188 0.121446 0.0143701 0.000115994 0.00151365 0.131493 0.00229474 0.0130641 2.71113e-05 0.0115259 0.0463403 
0.00346887 0.912754 0.0239014 0.000164754 0.000170497 3.68839e-09 0.000132409 1.53895e-11 0.00364237 0.00126541 0.0175437 1.3205e-05 5.70512e-07 0.000224614 0.000538508 6.6703e-08 5.99455e-06 0.00251706 0.0336568 
0.0652339 0.246514 0.184024 0.0149123 0.00296942 1.50772e-05 0.000826744 1.02883e-05 0.132292 0.116606 0.0321642 0.00186423 0.00763304 0.120989 0.0152039 0.00754536 0.000209133 0.00605877 0.0449281 
0.244944 0.327984 0.132527 0.0014776 0.0287965 3.98602e-05 0.000126575 6.76173e-05 0.087101 0.0221628 0.0644341 4.75378e-05 2.99139e-05 0.0402702 0.010089 0.000578622 1.54441e-05 0.0250654 0.0142426 
0.0359477 0.410718 0.246423 0.00203364 0.00570072 0.000518042 0.00520172 0.00593886 0.0252531 0.0187351 0.0226953 0.00511254 5.0236e-05 0.0627636 0.00325465 0.00308202 0.00019247 0.0438742 0.102506 
0.141865 0.499375 0.0212949 2.91663e-05 0.00678574 0.00330941 0.000782475 1.0784e-11 0.0837405 0.0599468 0.0268961 9.73173e-06 0.00219578 0.128734 0.00569449 0.0009802 6.54651e-06 0.000928895 0.0174246 
0.0165914 0.393725 0.250979 0.00346248 0.00580912 0.000772544 0.000355034 0.00041062 0.0761187 0.0329385 0.0375687 0.0257906 8.14023e-05 0.0390551 0.0233672 0.00201547 0.000275089 0.00495535 0.0857284 
0.121584 0.334257 0.0386819 0.00177545 0.000325339 0.000308556 4.13335e-07 0.0902615 0.0476225 0.127979 0.000220951 1.24728e-07 2.85214e-10 0.177204 0.00197323 0.0235815 6.32504e-10 0.0052445 0.0289796 
0.21774 0.536534 0.0889971 0.000660849 0.00790402 7.5166e-11 4.1425e-05 1.07642e-10 0.00851525 0.0059594 0.0448266 7.1437e-08 3.56809e-08 0.0727823 0.0018871 0.000118536 3.48715e-08 1.98568e-07 0.0140339 
0.00318506 0.830573 0.0345163 0.000328701 1.13663e-05 8.71447e-07 2.53442e-05 6.71691e-05 0.0332646 0.00139591 0.0227182 1.50403e-06 3.99451e-05 0.00657161 0.000363572 4.71568e-06 3.26674e-05 0.00354652 0.0633528 
0.0478428 0.292942 0.186174 0.156127 0.0435427 0.00239423 0.000166505 0.000169266 0.0757251 0.0740659 0.000174885 3.83354e-05 6.42703e-05 0.0571369 1.93972e-06 4.65984e-06 3.99255e-07 0.000451163 0.0629776 
0.00926721 0.441995 0.00227646 9.26622e-05 7.1853e-05 0.000186089 9.76073e-05 3.00808e-08 0.251354 0.00136846 0.247305 5.33804e-05 0.00105896 0.0183679 0.00217571 2.76608e-05 1.39035e-05 3.01142e-05 0.0242574 
0.0194517 0.841837 0.0477582 0.000169853 0.00343559 0.000516328 2.25402e-06 9.30857e-12 0.00816645 0.00662692 0.0155414 3.53443e-06 0.000185548 0.0209529 7.08663e-05 0.000172791 9.82622e-06 0.00279134 0.0323071 
0.0176216 0.34275 0.0230011 0.00139641 0.00117818 0.00744976 0.00550513 5.80322e-05 0.220449 0.079604 0.0400965 9.7687e-05 0.00369984 0.203019 0.0275434 0.00401607 0.000640995 0.00118976 0.0206836 
0.00736635 0.460677 0.134637 0.00491071 0.000137718 3.0769e-05 2.96631e-05 2.82044e-08 0.189182 0.0370062 0.066957 0.0057437 6.03083e-05 0.0181685 0.00616203 0.0351395 0.000122233 0.00179661 0.0318724 
0.00448491 0.489536 0.0167577 0.00210592 0.000426728 2.37796e-06 2.84472e-05 2.90335e-07 0.00689643 0.000988868 0.0492261 1.40395e-05 1.14094e-06 0.0106183 0.000166355 0.000107475 0.0462052 0.00557657 0.366857 
0.291548 0.348984 0.00884333 5.4491e-05 0.000234914 0.00269449 3.97963e-05 5.87206e-08 0.0644137 0.00227769 0.027795 6.61154e-05 0.000191355 0.251702 3.0463e-05 1.54722e-05 8.59204e-05 0.000213307 0.000810304 
0.00277304 0.274436 0.104212 1.88775e-12 0.000956731 1.22882e-08 2.92565e-12 6.28256e-12 0.228027 0.252988 0.00150285 0.000157549 0.000718037 0.126661 0.000872424 0.0054195 1.03999e-08 1.03727e-08 0.00127614 
0.00127672 0.43747 0.0844694 0.00209416 0.00031594 4.88713e-08 0.000148694 8.76977e-07 0.392957 0.0270697 0.00923336 8.49723e-07 0.000205022 0.020235 0.00722447 0.0124311 0.00462577 2.54396e-05 0.000217049 
9.78367e-07 0.728848 0.033769 1.02441e-06 9.9812e-07 9.95101e-08 0.000499905 1.34885e-10 0.0562815 0.00402567 0.00698063 0.000123058 0.00123993 0.167346 0.000120724 3.84296e-05 1.23978e-10 0.000353695 0.000371021 
0.0241867 0.377913 0.177591 0.0968689 0.000240957 2.52421e-06 0.000271681 9.84631e-06 0.103579 0.0545103 0.0588076 0.000115041 0.000637891 0.00471154 0.00519865 0.000166833 0.0314213 0.0139509 0.0498163 
0.0728894 0.343636 0.0388412 7.08617e-05 0.0113963 7.26489e-06 4.39133e-05 2.85289e-10 0.26175 0.0113269 0.0519662 2.28638e-05 5.09883e-05 0.0403896 0.00335858 0.000123593 3.391e-08 0.000383288 0.163742 
0.0074548 0.725288 0.0076383 0.00272438 0.00353038 0.000282126 0.000546332 1.44974e-09 0.149233 0.0193366 0.00787558 1.89447e-05 0.003532 0.0556895 0.0103696 0.00015532 3.19838e-06 0.00213263 0.00419009 
0.0548827 0.189236 0.118873 0.0405219 0.0303844 1.49423e-08 0.00612816 2.17839e-06 0.111169 0.11664 0.00752128 2.90674e-06 0.00225673 0.168949 0.0231776 0.0304556 1.74501e-05 0.0205305 0.0792513 
0.00978284 0.445195 0.028494 0.00794356 0.000897496 0.00695048 0.00544227 2.92002e-08 0.120737 0.0331779 0.0353229 0.00513517 0.066678 0.181568 0.0254563 0.000488101 0.00014021 0.00152266 0.0250685 
0.0134933 0.771414 0.075782 0.00423252 0.000300074 1.88849e-05 0.0128239 6.44257e-06 0.022715 0.00757095 0.0185817 8.42373e-05 0.00031517 0.022108 0.00546574 0.000424967 0.0001866 0.00886667 0.0356102 
0.158061 0.326671 0.0168262 0.00398989 0.00396531 0.000493653 0.00177314 2.34584e-08 0.14218 0.076324 0.053888 0.000161684 0.0833346 0.0660096 0.0124478 0.00309378 5.82546e-05 0.0028233 0.0478985 
0.00041138 0.873406 0.0228576 0.00374149 3.57758e-05 2.54305e-07 0.00152423 1.86898e-07 0.0289943 0.0464818 0.00295814 8.22507e-06 0.000637652 0.00792565 8.50647e-05 1.46178e-05 2.14692e-06 0.00665184 0.00426318 
0.0200813 0.503954 0.124796 0.0155044 0.00243679 3.16746e-05 0.000969746 0.000134373 0.164919 0.0480762 0.00605619 1.85093e-05 0.00102616 0.0267488 0.00635577 0.000228602 0.000169876 0.070226 0.00826641 
0.0270726 0.411744 0.131327 0.00319508 0.00304581 3.57299e-05 0.00108538 1.55687e-05 0.248343 0.0319265 0.0511131 0.0016768 0.00307064 0.0263928 0.0136204 0.00283105 0.000666614 0.00518005 0.0376585 
0.0292864 0.520741 0.125621 0.00656794 0.00749789 8.34818e-05 0.00379367 1.00865e-08 0.0494696 0.0430179 0.0320441 0.00208706 0.00160915 0.0693339 0.0178826 0.000170237 0.00779626 0.00283882 0.0801587 
0.00126129 0.581321 0.0206937 0.00437498 1.95303e-05 1.98277e-05 3.29179e-05 0.00121053 0.192876 0.112055 0.0154421 5.41876e-06 0.00763082 0.0466651 0.0121462 0.000515926 6.99482e-07 5.75657e-05 0.00367195 
0.0010929 0.440872 0.0947562 0.000573861 0.0167175 2.4651e-06 0.00113534 4.30582e-07 0.222845 0.0685474 0.0821118 0.000219903 0.00289357 0.0566243 0.00109866 0.000636156 4.72709e-05 3.00133e-05 0.0097945 
0.0940413 0.494454 0.0486829 0.00211963 0.026549 5.29716e-05 0.000490178 8.78805e-06 0.0896234 0.0316799 0.0704143 0.000555912 0.00208507 0.0525069 0.0114656 0.000713213 0.00129144 0.0118096 0.0614555 
0.113359 0.412262 0.0369716 0.0117596 0.00475178 0.000107032 0.000179092 1.3255e-10 0.23938 0.0643392 0.0198012 7.89222e-06 0.00010536 0.0874357 0.00541085 0.00050964 6.19314e-05 7.74598e-05 0.00348133 
0.0273681 0.591077 0.161703 0.00250951 0.00620426 4.94278e-08 0.000245449 8.6495e-07 0.0362966 0.00615649 0.0687978 0.0047914 0.000246143 0.0560268 0.00129373 0.000784674 3.69829e-06 0.00440422 0.0320902 
0.00691718 0.508679 0.0287123 0.000384528 0.000802194 6.85795e-06 4.05734e-05 2.43497e-07 0.0682424 0.0147874 0.0799569 0.0746856 0.000166145 0.00787627 0.00501503 4.57529e-05 0.0010981 0.00268198 0.199901 
0.0178637 0.476703 0.0828591 0.0213881 0.000513882 3.5515e-05 0.00117261 4.46439e-10 0.19715 0.0692698 0.012362 6.03813e-05 0.00246248 0.067835 0.0239346 0.00132429 7.2502e-05 0.0126445 0.0123488 
0.0665482 0.278951 0.126238 0.000963416 0.0156063 2.47745e-05 0.000217272 0.00462192 0.0163586 0.0427758 0.0569643 3.54946e-05 2.05166e-05 0.182317 0.000330406 0.0817746 5.25859e-05 0.108197 0.0180023 
0.0333261 0.420997 0.0645249 0.01741 0.00793307 3.8471e-05 0.000195037 0.000319258 0.256162 0.0546725 0.0393897 0.00196993 0.000571449 0.0631636 0.0152962 0.000229629 0.000263632 0.00154441 0.0219931 
0.00973003 0.754292 0.0410329 0.00709772 0.000162091 1.66199e-07 0.0029235 1.00045e-12 0.00123323 0.0203828 0.00895199 8.98083e-05 9.45859e-07 0.129364 0.00204996 0.000673693 4.41474e-09 0.00957644 0.0124385 
0.0122938 0.354636 0.0551644 0.00093053 0.00549643 5.57932e-06 0.000212362 1.5626e-05 0.250585 0.0246319 0.00643059 7.77997e-05 0.000874678 0.0692063 0.0227 0.000943364 8.82012e-06 0.000645284 0.195142 
0.0206466 0.537435 0.0673579 0.000780051 0.000551529 2.34085e-06 0.00174711 0.000964329 0.107724 0.0784894 0.0133057 0.00518745 0.000987853 0.0261534 0.0285383 0.00153801 0.0330577 0.00617142 0.0693616 
0.00611991 0.418529 0.0345836 0.00154645 0.00140016 2.98434e-07 1.09475e-07 0.000273575 0.125177 0.0785766 0.0210143 0.000262741 0.00026551 0.252298 0.000593984 0.0194672 2.12188e-07 0.000603517 0.0392879 
0.00236585 0.309911 0.0575081 0.000109242 0.000321319 5.30123e-05 0.00474104 1.33788e-08 0.281528 0.0867058 0.0675981 0.000114067 0.0016065 0.0522668 0.0273361 0.00129531 8.38035e-05 0.00531838 0.101137 
0.0235125 0.323802 0.194904 0.00493329 0.00424218 3.51361e-05 0.00929317 0.000398046 0.103591 0.0727324 0.0778728 0.000851745 0.00507426 0.0614653 0.0316149 0.00685671 0.000447031 0.0559561 0.0224178 
0.00969011 0.215782 0.0703187 0.0723784 0.00835344 7.40148e-06 0.000348083 0.00351672 0.156003 0.109945 0.0143171 6.74726e-05 0.000375628 0.125182 0.0327151 0.000634577 0.000149554 0.0160426 0.164173 
0.0273204 0.606187 0.0436289 0.000298589 0.00050375 0.000159884 0.000143049 2.12401e-12 0.0858517 0.00447497 0.12099 0.0204461 0.00142354 0.0362986 0.00995113 0.00652378 0.0050377 0.00252195 0.028238 
0.0451724 0.684722 0.0603342 0.00357043 0.000970699 1.48762e-05 0.00377821 6.45269e-10 0.0258607 0.0204394 0.0133597 0.000140387 0.000267331 0.0958704 0.00252299 0.00108376 5.35696e-06 0.034141 0.00774662 
0.131767 0.330587 0.0236381 0.00172561 0.00211708 2.19036e-05 0.000160117 3.69414e-08 0.268685 0.0919859 0.063124 0.00124118 0.00461002 0.0485013 0.00860188 0.00385431 0.00123682 0.00232938 0.0158132 
0.0658998 0.310887 0.143073 0.0390937 0.0819706 3.70417e-05 6.72175e-05 1.03733e-06 0.0612894 0.0181755 0.0542212 0.0618442 5.75433e-05 0.050411 0.000470935 0.000101722 0.000266529 0.00267293 0.10946 
0.0217543 0.575978 0.0956276 0.0148342 0.00272551 3.62275e-05 0.00127923 4.29337e-05 0.0863237 0.0343632 0.017716 0.00312769 0.00348488 0.0543414 0.0118102 0.00165201 0.000727844 0.00107422 0.073101 
0.0560996 0.441981 0.0453423 0.00162368 0.00433478 0.000634699 0.0062884 4.96963e-05 0.0593774 0.0835825 0.0388467 0.00507095 0.000535634 0.129057 0.0873196 0.00176662 0.000915791 0.013895 0.0232785 
0.0102434 0.468718 0.0567731 0.00246366 0.000282063 0.000936823 0.00172195 8.66108e-11 0.0419668 0.0711584 0.0126185 0.00020631 0.00181378 0.30143 0.0117589 0.00264084 1.0654e-06 0.00688011 0.00838543 
0.0522939 0.217003 0.21414 0.00452106 0.00139797 7.70525e-07 4.22929e-05 1.73554e-10 0.132058 0.0201432 0.0936441 0.0352214 2.33878e-05 0.00291074 0.00260812 0.000114944 0.0118611 0.00196018 0.210056 
0.0244095 0.657102 0.0678598 0.00514924 0.00172803 0.000133208 0.00755051 2.45065e-07 0.0330348 0.020491 0.0193426 0.00181468 0.00044817 0.0229926 0.0129222 0.000700965 0.00198633 0.0060261 0.116308 
0.00170294 0.582207 0.00550217 0.00171464 2.71002e-05 4.64959e-05 0.000351076 2.17837e-06 0.0855137 0.0626558 0.0107192 0.000186603 0.00259004 0.216613 0.0248507 1.63178e-05 0.000132543 3.10189e-05 0.00513645 
0.00690512 0.739758 0.030067 9.46506e-05 0.0017611 2.88685e-06 0.000459952 3.43743e-05 0.11112 0.0221294 0.0126807 2.46451e-05 0.000112341 0.0435029 0.0189239 3.71389e-05 5.62096e-06 0.00101053 0.0113695 
0.161416 0.286626 0.199786 0.0234378 0.0011142 2.29216e-06 1.26497e-06 3.62847e-06 0.23228 0.0292348 0.0290028 0.000114063 9.03024e-07 0.00305013 0.00106893 0.000149361 3.12996e-08 0.000264412 0.032447 
0.0317861 0.572346 0.0238682 0.00545491 0.000620652 0.000103431 0.00739289 4.11912e-07 0.0328372 0.0649876 0.0197669 7.39339e-05 0.00328569 0.214849 0.00398552 0.00217978 2.36977e-06 0.0111726 0.00528714 
0.00239007 0.384323 0.260954 0.00104193 0.00131549 3.93659e-05 0.000115045 5.75648e-09 0.135811 0.0839356 0.0338025 1.33446e-05 0.00146231 0.0232854 0.0306 0.0116196 0.000588614 0.000948218 0.0277546 
0.0317861 0.572346 0.0238682 0.00545491 0.000620652 0.000103431 0.00739289 4.11912e-07 0.0328372 0.0649876 0.0197669 7.39339e-05 0.00328569 0.214849 0.00398552 0.00217978 2.36977e-06 0.0111726 0.00528714 
0.0233741 0.714112 0.111281 0.000154495 0.00942079 6.21178e-06 0.00180565 2.09005e-09 0.0539202 0.01238 0.0376382 3.30168e-05 0.000205382 0.00140096 0.00304243 0.000455022 9.13321e-05 0.000532794 0.0301464 
0.0323669 0.449596 0.00479346 8.49314e-05 0.00102458 0.000889668 0.000188394 0.000325449 0.0208687 0.031022 0.0153903 6.19737e-05 0.00113059 0.38642 0.0289225 0.00906931 4.12898e-05 0.00032554 0.0174788 
0.00737987 0.494864 0.20923 0.00419707 0.00156967 8.82674e-06 0.00215163 0.000606554 0.0580822 0.0389103 0.00671911 3.36337e-05 6.81667e-05 0.0598543 0.00143763 7.84236e-05 5.47025e-05 0.0239969 0.0907563 
0.0257432 0.329824 0.0330899 0.0604295 0.00097152 7.24732e-08 3.50996e-05 0.00010897 0.0569923 0.0131091 0.0578494 0.00036414 9.95873e-06 0.319089 0.000581565 0.000571999 5.99954e-05 0.0818776 0.0192927 
0.00151767 0.474277 0.100424 0.00351796 0.000629809 0.000574412 0.000515799 1.11483e-11 0.03733 0.0996656 0.00901648 0.0445941 5.41154e-09 0.20956 0.000528557 0.00375073 5.89207e-08 0.00947235 0.00462659 
0.035597 0.500523 0.0479569 0.00292297 0.00668543 0.00014136 0.00176257 1.41077e-05 0.0933186 0.0282584 0.0355454 0.0686785 9.25605e-05 0.0507406 0.0647148 0.00138992 0.000151676 0.00167158 0.0598343 
0.00667451 0.377156 0.0582357 0.00192493 0.00411795 0.000156665 0.00113359 0.00175868 0.154762 0.0984718 0.00916348 8.24895e-05 0.00799615 0.179306 0.0710211 0.000553526 0.000806918 0.00840863 0.0182695 
0.0739158 0.519424 0.114758 0.00641168 0.00364439 9.87566e-06 0.000243306 1.73111e-09 0.0784329 0.0543381 0.0741504 1.92237e-05 0.000124163 0.00409507 0.00299499 0.000477207 0.00395665 0.0445622 0.0184424 
0.0108282 0.360957 0.178713 0.0193365 0.00562543 1.61976e-05 0.000523205 0.000116864 0.236007 0.0731808 0.0233965 0.0102412 0.00412797 0.0412966 0.0168748 0.00337674 0.00123262 0.00632574 0.00782397 
0.000691749 0.360996 0.00371054 3.18502e-05 0.000676813 1.23801e-06 5.63293e-05 1.55202e-10 0.0717639 0.0494137 0.00142423 0.000205966 0.179596 0.0529743 0.00326124 0.00648924 4.38485e-08 0.262891 0.0058164 
0.00646313 0.302922 0.123246 0.0204582 0.000314814 1.70799e-05 0.000565314 0.000193351 0.0514967 0.0579098 0.0301099 5.3503e-05 0.00063949 0.0587255 0.0205075 0.0128566 0.000192881 0.223558 0.0897698 
0.018013 0.402009 0.169361 0.038721 0.00645938 4.05644e-05 0.00137355 2.52257e-05 0.029922 0.0320633 0.00693419 0.00010715 0.00122306 0.0480933 0.0072899 0.000468094 0.000645155 0.203348 0.0339023 
0.0650669 0.588744 0.0346955 0.000315081 0.0366986 4.26419e-06 1.01143e-06 0.00174685 0.216161 0.00257296 0.0514163 6.85074e-07 1.29463e-05 0.00185171 4.23849e-05 8.4288e-06 0.000358635 3.16383e-07 0.000302063 
0.00790899 0.407954 0.187276 0.017577 0.106503 1.50648e-05 0.0011214 3.67638e-08 0.00963637 0.0929491 0.000318876 5.99905e-07 1.52374e-08 0.149465 0.00120265 0.0168973 2.61377e-05 0.000500547 0.000647993 
0.0663207 0.391339 0.129334 0.00487183 0.0152784 9.15948e-05 0.0032468 3.70825e-05 0.195826 0.0345462 0.0316585 0.00182743 0.0115236 0.0312901 0.00867716 0.00194248 0.000384199 0.00160114 0.0702042 
0.00293662 0.31366 0.256178 0.00288074 0.00624991 2.41197e-05 0.00108904 1.66711e-06 0.0636588 0.00667729 0.00353636 0.000179876 0.000804543 0.22053 0.00125487 0.000151947 0.000108392 0.0378644 0.0822131 
0.0344798 0.622336 0.0476806 0.00198538 0.00738821 1.47249e-05 0.000179712 3.85778e-07 0.047275 0.0218502 0.0310239 5.98436e-05 6.62192e-05 0.00858628 0.0886119 0.000677423 0.00869969 0.0031026 0.0759819 
9.06848e-08 0.442907 0.279202 0.016963 0.000183108 1.00723e-06 1.53736e-08 3.42733e-11 0.138319 0.0682009 0.00079481 6.05702e-05 0.0114684 0.0411362 3.06175e-07 3.38645e-05 2.26455e-08 8.13276e-05 0.000648747 
0.078569 0.344516 0.150971 0.00923334 0.0165605 0.000135204 0.000640562 1.19532e-06 0.090804 0.0551087 0.0169301 0.00184724 0.00456901 0.0688273 0.0127694 0.00244254 0.00151635 0.00166469 0.142893 
0.0535351 0.478848 0.140001 0.0126999 0.00877195 9.366e-08 0.000871491 0.00376322 0.0881234 0.0296777 0.0528877 9.37485e-08 0.00111521 0.0432341 0.00523183 0.00130241 0.00110485 0.00649285 0.0723393 
0.0104601 0.639998 0.107058 0.000321544 7.01663e-08 3.84211e-08 3.29481e-12 7.07529e-12 0.0178044 7.69806e-05 0.0413222 3.53675e-06 5.88033e-09 0.000132649 5.17378e-06 3.5615e-12 8.93601e-08 0.000168602 0.182649 
0.00356256 0.663037 0.123005 0.00362074 9.54253e-05 3.05954e-06 4.13392e-05 9.19188e-13 0.152449 0.00427286 0.00295401 5.00197e-05 0.00462591 0.0275302 0.00299429 7.13677e-05 3.23937e-05 0.00156036 0.0100948 
0.00170152 0.431508 0.0106094 0.00114887 0.000482204 1.6048e-06 0.000283156 1.36089e-11 0.341998 0.0781667 0.0066398 1.1943e-05 0.00181709 0.101171 0.0191213 0.000153523 2.39538e-06 0.000311532 0.00487246 
0.113291 0.465742 0.0867688 0.00811368 0.00108958 0.000130702 0.000853485 0.000170959 0.130506 0.0455933 0.0365259 0.00835774 0.00269286 0.0508266 0.0210378 0.00123579 0.00230475 0.00460399 0.0201548 
0.178353 0.290302 0.0927163 0.00443253 0.000639716 6.66238e-05 0.000321415 0.00154083 0.281931 0.0633629 0.0484169 0.00350204 6.03451e-06 0.0164724 0.00705568 0.00545483 0.000134392 0.00039944 0.00489222 
0.0155292 0.461861 0.124496 0.0135864 0.00568365 1.06799e-05 0.00843752 2.87471e-06 0.132161 0.0438271 0.0187824 0.00203296 0.000599448 0.0460409 0.0166251 0.00476634 0.00431012 0.00840629 0.0928407 
0.0512272 0.336703 0.258304 0.010671 0.00940787 4.6104e-05 0.017128 4.97067e-07 0.111106 0.0201635 0.0722194 0.000113883 0.00584569 0.0823848 0.00856856 0.000132671 0.00208107 0.00450904 0.00938752 
0.00686075 0.438669 0.0265774 0.00195285 0.00179801 3.02652e-05 0.0005383 0.000543402 0.247328 0.022587 0.01869 4.18485e-05 0.00755524 0.115677 0.0163625 0.00135056 0.00145828 0.0141511 0.0778284 
0.013253 0.302568 0.0244709 0.0620227 1.06878e-06 4.97365e-11 0.0804594 7.12258e-11 2.78132e-07 0.296133 3.22181e-07 1.41018e-08 0.00167677 0.0596421 0.133995 0.00531057 5.1725e-07 0.0204668 1.02791e-11 
0.00552125 0.246324 0.0551775 0.0534244 0.000154873 0.000286873 0.00202378 1.94824e-05 0.200931 0.0711893 0.0162597 0.00321672 0.0159207 0.0796868 0.0175112 0.00111321 0.002352 0.000538001 0.228349 
0.0046749 0.763862 0.0123575 0.000607613 0.000435528 5.51032e-06 1.02217e-05 0.000121723 0.0773884 0.0201202 0.00827227 1.14697e-05 0.000715554 0.0189347 0.00934695 0.00011519 0.00946207 0.00045278 0.0731051 
0.00299643 0.734845 0.0887115 0.000155349 0.000206314 8.27689e-07 3.21651e-09 2.27842e-11 0.0145514 2.07613e-08 0.015565 0.00289766 6.09044e-06 0.000200193 1.63906e-05 1.1469e-11 3.72042e-05 0.000962003 0.138848 
0.0412312 0.377772 0.0213721 0.00123811 0.00336641 2.32232e-05 0.000326913 1.13958e-05 0.292818 0.0568823 0.0277907 0.000671906 0.00836237 0.129412 0.0137235 0.00178076 0.000108471 0.00137416 0.0217339 
0.000202901 0.431356 0.0259513 0.000803313 0.00111906 3.44182e-06 0.00158926 4.01568e-07 0.230072 0.0959659 0.113219 0.000307805 0.00405057 0.0791753 0.00153803 0.000890464 1.26141e-06 4.19853e-05 0.013712 
0.00876002 0.726822 0.033064 0.000373784 0.000142318 1.48688e-05 5.10041e-05 3.78946e-08 0.156115 0.0373408 0.0103763 1.94524e-05 0.00158953 0.00833412 0.0138947 0.000159997 0.000137102 0.000365633 0.00243916 
0.00257099 0.653803 0.0211501 0.00534007 0.00110994 6.8071e-07 0.000244978 0.000389228 0.198507 0.0596502 0.0043564 4.68003e-06 0.00121557 0.0097335 0.0350374 0.000293506 2.1079e-06 0.00330212 0.00328858 
0.0284065 0.31336 0.237676 0.00866797 0.0132483 3.35888e-05 0.00294529 0.000393707 0.129646 0.0282346 0.0902717 0.00429627 0.00214228 0.0312144 0.00992461 0.00245798 0.000950689 0.0309896 0.0651406 
9.78367e-07 0.728848 0.033769 1.02441e-06 9.9812e-07 9.95101e-08 0.000499905 1.34885e-10 0.0562815 0.00402567 0.00698063 0.000123058 0.00123993 0.167346 0.000120724 3.84296e-05 1.23978e-10 0.000353695 0.000371021 
0.0323724 0.311924 0.0499131 0.00418498 0.00239592 0.000419843 0.00534394 6.4417e-06 0.183143 0.0811487 0.0407936 0.00152808 0.00118718 0.186186 0.0353355 0.000963004 0.00084878 0.00180832 0.0604985 
0.0100631 0.306257 0.250466 0.012696 0.00716505 0.000332713 0.00192698 3.51035e-05 0.0963871 0.0591921 0.0275546 0.00794203 0.00145675 0.129368 0.0318569 0.00558858 0.0163009 0.000385113 0.0350251 
0.00283899 0.687189 0.0260537 0.0029713 0.000180985 1.75397e-06 4.61054e-06 0.000482911 0.17855 0.0732124 0.0137561 9.19761e-07 0.000650408 0.00570764 0.000831469 3.89075e-05 0.000518146 0.000486525 0.00652522 
0.136904 0.355387 0.145142 0.00183542 0.0304505 5.68601e-05 0.000840911 0.0025565 0.120962 0.0309641 0.0981605 0.00573972 0.000467091 0.015025 0.0108131 0.00254893 0.000427568 0.0073058 0.0344129 
0.0149116 0.244092 0.0997306 0.00199248 0.00454233 1.89699e-05 0.00174922 6.05864e-06 0.243617 0.118869 0.1214 0.00144506 0.00318778 0.0331498 0.0308369 0.000547379 0.000897402 0.0106775 0.0683289 
0.0132541 0.393617 0.0626953 0.0117385 0.00158393 3.09054e-05 0.00578627 9.93902e-05 0.199388 0.101685 0.0241172 0.00244932 0.0024182 0.16048 0.00431153 0.000361052 0.000607854 0.000506541 0.0148699 
0.0117256 0.219272 0.0151961 0.000731078 0.00129455 0.000664107 0.100637 0.0192961 0.118565 0.035672 0.161636 0.100845 0.00972336 0.0590553 0.0561048 0.000629109 6.04864e-06 0.000578225 0.0883685 
0.0165197 0.4034 0.113888 0.0120185 0.00281841 3.04501e-05 0.00163117 0.000132147 0.184901 0.060912 0.0672876 0.00654135 0.00522612 0.08016 0.0202381 0.00105652 0.000199709 0.00219576 0.0208439 
0.00496648 0.604041 0.14411 0.000270346 0.00103899 6.55843e-06 6.37763e-05 2.31556e-11 0.145008 0.00327932 0.00518685 3.2945e-06 0.00893088 0.0465145 0.000219188 3.9779e-05 3.76447e-06 4.95374e-05 0.036268 
0.00738747 0.38239 0.0513892 0.0593702 0.000173387 0.000397464 0.00789612 1.74307e-06 0.0941829 0.153505 0.000600215 8.10861e-07 0.03283 0.14891 0.0566968 0.000624468 0.000129351 0.00247691 0.00103849 
0.0131304 0.66138 0.0562131 0.00221525 0.00431689 1.45102e-05 0.000638507 1.94249e-06 0.169505 0.0196096 0.003865 5.24587e-05 0.00505951 0.0419013 0.0117516 0.00142399 1.50136e-06 0.000506485 0.00841289 
0.0242163 0.395907 0.179745 0.00246103 0.000104703 7.86919e-05 0.000751968 1.44708e-08 0.00593852 0.00494571 0.0291432 0.00275854 0.00106744 0.0309795 0.000909132 8.1148e-06 0.000564001 0.00607361 0.314347 
0.0564612 0.490783 0.07661 0.00303983 0.00190758 9.60494e-06 0.000109182 2.27928e-11 0.159545 0.0480966 0.0299512 6.63356e-06 0.00143487 0.0769199 0.00121578 8.71967e-05 2.09498e-11 0.0121051 0.041717 
0.00338236 0.453262 0.020237 0.00469247 7.36495e-05 1.64221e-06 0.00717126 0.328984 0.0217424 0.052625 0.00366455 5.41191e-05 7.01652e-06 0.0554498 0.0111569 0.000717649 4.02371e-06 0.00214105 0.0346339 
