0.325082 0.095474 0.0217409 0.000871821 0.000975811 3.68526e-05 0.000861698 4.26957e-09 0.111917 0.00938228 0.329925 0.000233222 0.000179829 0.0766033 0.020318 0.000133831 8.99871e-06 0.000970197 0.0052858 
0.0166554 0.155424 0.0470417 0.000344732 0.000817933 9.193e-05 0.0453691 8.048e-09 0.0225413 0.132131 0.292617 0.0637034 0.0245873 0.0127489 0.0281968 0.00144546 0.000440756 0.00131374 0.15453 
0.029314 0.20517 0.0184446 3.59144e-05 0.000456625 0.000246167 0.000268037 2.06442e-09 0.10015 0.036531 0.35817 0.00444977 0.0203882 0.175436 0.00845409 0.000113324 0.00120703 0.00336924 0.0377954 
0.0469039 0.0168 0.0790178 0.00220326 0.000390329 1.27997e-07 0.00255703 1.63436e-10 0.186422 0.0516615 0.543749 0.000541076 3.30601e-05 0.00351898 0.00389753 0.0139422 2.47933e-05 0.0433911 0.00494649 
0.0067164 0.00588236 0.109546 1.24416e-05 0.000118773 2.68658e-07 2.88922e-05 3.53223e-12 0.0900311 0.0124547 0.764325 0.000575322 0.000351742 0.000992508 0.000168425 0.00485076 1.03496e-05 2.64887e-05 0.00390813 
0.0117514 0.0370491 0.0203791 0.000399585 0.00852843 3.09482e-05 0.261866 4.67986e-07 0.0674212 0.0323001 0.41842 0.00827944 0.000202602 0.0283409 0.043262 0.00131561 0.000780036 0.00268738 0.0569854 
0.0628168 0.265882 0.0309288 2.32924e-05 0.000212625 3.40002e-05 5.06032e-05 0.00059877 0.0913018 0.0241356 0.34945 0.000314415 6.25682e-05 0.13235 0.0193548 5.70943e-05 0.000345976 0.000753445 0.021327 
0.0105243 0.212883 0.0127629 0.000141615 0.000640983 0.000474308 0.000582848 4.23636e-09 0.0151815 0.00922165 0.419572 0.000688299 0.000182174 0.278869 0.00549599 0.000147159 2.96798e-06 0.0158625 0.0167666 
0.0299583 0.0474175 0.00420958 3.4377e-06 0.000451695 2.11789e-05 3.64233e-05 1.60412e-12 0.0962844 0.00539283 0.780946 0.000157224 0.000433251 0.00412217 0.0287289 4.80922e-05 1.23641e-05 0.000360598 0.00141608 
0.000473276 0.00715449 0.00788422 7.63601e-05 4.64385e-05 1.17341e-06 0.00399756 7.78095e-12 0.00738186 0.00681495 0.91954 0.00023693 0.000173278 0.0382952 0.000202616 0.000295762 7.45278e-06 3.6726e-05 0.00738211 
0.0236738 0.181846 0.133194 0.00305339 0.00957557 4.53086e-07 0.000552651 0.00164679 0.126322 0.0273559 0.370828 0.000567863 0.000313826 0.0337481 0.0126888 0.00578687 9.03907e-05 0.00727816 0.0614769 
0.00350279 0.00211611 0.0123348 0.000127297 0.000289885 1.65805e-06 0.000111222 2.49191e-12 0.0339345 0.00742055 0.913747 0.00965982 0.000133352 0.0019224 0.00309466 0.00116361 0.000635909 0.000588164 0.00921644 
0.0298509 0.0399049 0.00715258 2.24448e-05 0.000649049 5.52641e-06 4.67577e-05 5.84563e-13 0.133 0.00456711 0.770885 2.80574e-05 8.02667e-05 0.00338875 0.00994173 4.95322e-05 2.61924e-06 1.32606e-05 0.000411362 
0.182649 0.0276038 0.00160581 2.24498e-11 0.00138156 6.26454e-06 4.86695e-05 1.71052e-08 0.120639 0.000961213 0.656701 6.31381e-07 2.12415e-06 0.000862704 0.000626733 1.44819e-05 0.00036689 0.00176057 0.00476953 
0.00159891 0.0132697 0.030311 0.000343347 0.000180891 1.28171e-05 0.431648 8.76934e-11 0.0196821 0.0086932 0.466758 0.00370995 0.000129658 0.00502217 0.00664174 0.00204386 3.95436e-05 0.00231103 0.00760428 
0.00317983 0.0151863 0.0439459 0.000468398 6.859e-05 3.98915e-06 0.000353622 2.90736e-12 0.0304946 0.0096769 0.81908 0.00903364 4.96646e-05 0.00382868 0.0372125 0.00123949 0.00190252 0.00135361 0.0229217 
0.00084088 0.00200531 0.0199418 8.42716e-05 0.000582894 8.2642e-07 0.000587745 4.66679e-13 0.0916578 0.0137523 0.858585 0.000611408 0.000207953 0.0024816 0.0022224 0.00232211 0.000113368 0.000186738 0.00381576 
0.00923712 0.0100473 0.0280145 0.000116244 0.000440456 5.45192e-05 0.00946398 7.47233e-12 0.030462 0.0533216 0.803848 0.0122619 0.0183241 0.00198935 0.00221072 0.00251622 0.0013409 0.00212584 0.0142253 
0.144449 0.125175 0.0132072 0.000995677 0.00242621 8.48661e-05 0.00211456 5.38818e-09 0.0527078 0.00323029 0.611212 5.21023e-05 1.56989e-05 0.0189646 0.00194394 0.000121754 0.000112835 0.0209393 0.002247 
7.04212e-08 1.30136e-06 3.34155e-06 1.25555e-11 4.17018e-07 9.3401e-08 5.42916e-07 4.17857e-11 0.00136029 4.87548e-06 0.809391 0.00501759 3.22145e-07 0.00465534 6.33526e-07 0.0670518 6.75998e-07 1.33647e-07 0.112512 
0.00475748 0.0143838 0.0369925 0.000321692 0.00371304 3.14824e-05 0.000265495 4.58395e-10 0.0557132 0.0799682 0.608003 0.028163 0.0205391 0.0230702 0.0417289 0.00226231 0.00122152 0.00244639 0.0764185 
0.174327 0.053201 0.0437743 0.000882472 0.013181 5.72056e-05 0.0119285 4.41451e-06 0.110057 0.2362 0.290737 2.81449e-05 0.0123933 0.0202114 0.0277767 0.001304 0.000457359 0.000372213 0.00310781 
0.126978 8.86511e-10 0.202312 6.19588e-09 0.00101628 1.43991e-08 9.60245e-09 2.06203e-08 0.00251323 0.000112966 0.662803 2.9062e-06 0.0038694 8.79867e-06 3.29113e-05 6.34305e-05 0.000284682 1.8588e-06 2.97588e-09 
0.13364 0.0480853 0.02014 4.91405e-05 0.00809774 6.28096e-05 0.00123802 8.95132e-13 0.171868 0.0135214 0.578688 4.70147e-05 8.74892e-05 0.00751291 0.0133479 0.000242314 9.49393e-05 0.00156066 0.00171689 
0.0703816 0.0887305 0.0786289 0.032718 0.00127805 3.37486e-05 0.0012437 0.000117338 0.0602789 0.064436 0.397234 0.00560362 0.000713203 0.0321858 0.0791014 0.00539698 0.00294532 0.0429191 0.0360539 
0.000473276 0.00715449 0.00788422 7.63601e-05 4.64385e-05 1.17341e-06 0.00399756 7.78095e-12 0.00738186 0.00681495 0.91954 0.00023693 0.000173278 0.0382952 0.000202616 0.000295762 7.45278e-06 3.6726e-05 0.00738211 
0.162134 0.0788964 0.123133 0.000367637 0.106939 2.19865e-05 0.124513 8.74529e-05 0.0853228 0.0249916 0.230605 0.000307413 0.000215231 0.0273293 0.0127876 8.23958e-05 2.72014e-05 0.00585531 0.0163838 
0.00999322 0.0396024 0.0307813 0.00133258 0.000686213 1.56876e-05 0.170152 4.30746e-08 0.0971219 0.0335932 0.546643 0.000360995 0.00856884 0.017558 0.0158673 0.00222069 6.62882e-05 0.0220522 0.00338337 
0.0354141 0.124202 0.204347 6.90525e-12 0.000162321 9.58447e-06 5.87511e-06 2.29812e-11 0.177503 0.056634 0.379235 3.36232e-08 1.03054e-05 0.000198505 0.000441831 1.07483e-06 0.000106806 6.01154e-09 0.0217289 
0.00350279 0.00211611 0.0123348 0.000127297 0.000289885 1.65805e-06 0.000111222 2.49191e-12 0.0339345 0.00742055 0.913747 0.00965982 0.000133352 0.0019224 0.00309466 0.00116361 0.000635909 0.000588164 0.00921644 
0.0710804 0.115762 0.0145294 0.00107105 0.00114725 3.25728e-06 0.000419776 1.06444e-11 0.136318 0.00127692 0.634107 7.30189e-06 0.000112417 0.0195186 8.82141e-05 7.69893e-07 4.19987e-05 0.000571639 0.00394549 
0.00402464 0.0129138 0.00411001 0.000565794 2.40734e-06 2.41993e-06 6.16896e-05 2.96646e-09 0.0162042 0.0106492 0.647898 0.00264906 8.42094e-05 0.000834869 0.00311856 6.5646e-05 0.00900706 0.000405482 0.287403 
0.155829 0.24347 0.0820291 0.00109717 0.00585108 3.14786e-05 0.000138379 2.07471e-09 0.125497 0.0434966 0.284174 0.00349312 0.000889348 0.0280291 0.00129045 0.000381102 0.000234385 0.000882111 0.0231864 
0.182649 0.0276038 0.00160581 2.24498e-11 0.00138156 6.26454e-06 4.86695e-05 1.71052e-08 0.120639 0.000961213 0.656701 6.31381e-07 2.12415e-06 0.000862704 0.000626733 1.44819e-05 0.00036689 0.00176057 0.00476953 
0.0383378 0.034846 0.054461 0.000226622 0.00280653 6.26464e-06 9.24561e-05 5.29994e-09 0.210405 0.0432964 0.598011 5.1626e-05 4.1885e-05 0.00964374 0.00652007 0.000610495 3.05961e-06 2.54544e-05 0.000614271 
0.0454996 0.0426137 0.0571563 0.000679968 0.00122369 2.68423e-05 0.237761 1.55051e-11 0.0557123 0.019574 0.492144 0.000164699 0.000172165 0.0201853 0.0163174 0.00608604 0.000111024 0.00147252 0.00309923 
0.0131947 0.0644433 0.102728 0.00154869 0.000140257 6.84083e-05 0.00416937 0.000326074 0.102082 0.0456061 0.569121 0.0573406 0.00058236 0.0148849 0.00720042 0.00112286 1.74526e-05 0.000507135 0.0149161 
0.0518482 0.0763863 0.01302 0.000820319 0.00178076 2.89789e-05 0.00140328 8.89934e-07 0.0473692 0.00429644 0.777137 4.1601e-05 7.66574e-06 0.00995792 0.00128701 8.72537e-05 9.82073e-05 0.0122806 0.00214794 
0.00113354 0.0785236 0.00412931 4.17787e-05 2.22297e-05 6.90269e-06 1.00545e-05 5.56665e-07 0.0808435 0.0314652 0.693735 0.0339897 0.000402836 0.00433487 0.0017705 8.10781e-05 0.00419552 0.00407323 0.0612406 
0.0139641 0.0667517 0.0331705 0.00192365 0.153656 7.41561e-06 0.0176409 9.88174e-08 0.0164742 0.0252276 0.254533 0.000282068 0.00011303 0.172073 0.00454994 0.0107005 0.000211066 0.000368738 0.228353 
0.00328427 0.0117183 0.0321925 0.000884268 0.00020063 7.55163e-07 4.61443e-05 1.47272e-09 0.418788 0.00346426 0.435923 0.000603821 0.000147771 0.0813445 0.00294102 0.00412134 8.34204e-06 1.25258e-05 0.00431897 
0.182787 0.0294407 0.00187118 2.57534e-11 0.00535033 8.2862e-06 4.9478e-05 1.11708e-07 0.128593 0.00151806 0.637246 8.25929e-07 2.82968e-06 0.000905101 0.00242172 2.25748e-05 0.000975301 0.00218839 0.006619 
0.0252064 0.181264 0.0619595 0.11926 0.000204917 0.000366571 0.000452094 6.37366e-08 0.104007 0.138124 0.247505 0.000119246 0.00424354 0.0771582 0.0222779 0.0101828 1.60491e-05 0.00113573 0.00651594 
0.0325074 0.0413406 0.0831634 0.00304421 0.000174873 5.08622e-06 8.6644e-05 5.49369e-06 0.236934 0.226596 0.282224 6.28386e-05 0.0241448 0.00921461 0.0136319 0.0308907 0.000144399 6.54126e-06 0.0158214 
0.029314 0.20517 0.0184446 3.59144e-05 0.000456625 0.000246167 0.000268037 2.06442e-09 0.10015 0.036531 0.35817 0.00444977 0.0203882 0.175436 0.00845409 0.000113324 0.00120703 0.00336924 0.0377954 
0.0157786 0.0626894 0.190803 0.000329548 0.081361 8.82007e-07 0.000747368 8.03802e-10 0.0500911 0.0186568 0.448438 0.000128189 4.99184e-05 0.0367959 0.0113442 0.00284297 9.06867e-05 0.000240855 0.0796116 
0.0747492 0.096709 0.00865562 0.000723579 0.0110205 0.000194891 0.000126461 3.68323e-08 0.130591 0.00288545 0.572472 4.5515e-05 0.000484736 0.0708691 0.0193374 9.65205e-06 8.15941e-06 0.00136092 0.0097571 
0.0167666 0.0121507 0.0381919 0.000817461 0.0112143 1.08181e-05 0.000915436 1.25042e-09 0.11261 0.0625864 0.640432 0.000163485 9.16125e-05 0.00318206 0.0768202 0.00112077 0.000224946 0.000541324 0.0221609 
0.127697 0.0524533 0.130658 0.0244073 0.000639106 8.06449e-06 0.0127177 0.000454501 0.0407888 0.158623 0.246321 0.0286963 0.00326106 0.0643717 0.00235758 0.00181035 0.000208234 0.00077319 0.103754 
0.029314 0.20517 0.0184446 3.59144e-05 0.000456625 0.000246167 0.000268037 2.06442e-09 0.10015 0.036531 0.35817 0.00444977 0.0203882 0.175436 0.00845409 0.000113324 0.00120703 0.00336924 0.0377954 
0.0113098 0.144279 0.030514 0.00360184 0.00084466 0.000107202 0.00140347 2.13517e-08 0.324736 0.0266895 0.405438 6.95111e-06 6.34385e-05 0.0140289 0.0136201 0.0208507 9.59505e-05 0.00130864 0.00110273 
0.00712692 0.0177039 0.101743 0.00161512 0.000907058 0.000451919 0.00586794 1.13122e-06 0.230097 0.0625591 0.314664 0.00098943 0.00529751 0.172617 0.0244778 0.00626759 0.00241732 0.00133037 0.043865 
0.0301857 0.076289 0.0906118 0.00506076 0.00328556 3.5772e-05 0.00205051 1.4962e-05 0.0930666 0.0357545 0.240298 0.00430843 0.000449767 0.206548 0.00627133 0.00711065 0.0124538 0.155521 0.0306847 
0.0592192 0.0806844 0.0621187 0.00215984 0.0263354 0.000126157 0.00216381 1.87782e-07 0.161955 0.0508308 0.509126 0.000296407 0.000201562 0.0319284 0.00636506 0.00287815 0.000699417 0.00119056 0.00171997 
0.00084088 0.00200531 0.0199418 8.42716e-05 0.000582894 8.2642e-07 0.000587745 4.66679e-13 0.0916578 0.0137523 0.858585 0.000611408 0.000207953 0.0024816 0.0022224 0.00232211 0.000113368 0.000186738 0.00381576 
0.0139826 0.00933402 0.0369303 0.000100027 0.000451486 0.000128221 0.0381568 9.86887e-12 0.0326289 0.195994 0.584639 0.000366939 0.0771208 0.00117331 0.00253264 0.00366633 0.00011048 0.000127242 0.00255709 
0.0139826 0.00933402 0.0369303 0.000100027 0.000451486 0.000128221 0.0381568 9.86887e-12 0.0326289 0.195994 0.584639 0.000366939 0.0771208 0.00117331 0.00253264 0.00366633 0.00011048 0.000127242 0.00255709 
0.0849322 0.0889519 0.00877149 1.76655e-05 7.70629e-05 0.000424791 0.000467663 1.79939e-11 0.120215 0.00349902 0.677284 1.41515e-05 0.000112546 0.0145814 3.55464e-05 7.97325e-07 4.7367e-05 0.000138461 0.000428363 
0.0412012 0.0149214 0.111674 0.00780551 6.9629e-05 1.3295e-08 0.00397318 3.43343e-09 0.117339 0.0356117 0.414581 1.05961e-05 0.000250365 0.0087547 0.043122 0.000413869 3.57466e-05 0.0256049 0.174631 
0.0493416 0.100208 0.0679408 0.00434133 0.00367544 5.03226e-05 0.00124218 2.60164e-05 0.182757 0.0717673 0.437794 0.0185016 0.0143663 0.0274889 0.00831267 0.00227691 4.61429e-05 0.000438116 0.00942548 
7.04212e-08 1.30136e-06 3.34155e-06 1.25555e-11 4.17018e-07 9.3401e-08 5.42916e-07 4.17857e-11 0.00136029 4.87548e-06 0.809391 0.00501759 3.22145e-07 0.00465534 6.33526e-07 0.0670518 6.75998e-07 1.33647e-07 0.112512 
0.0173944 0.0893909 0.0167483 0.000781083 0.00523325 0.00162764 0.0238565 4.83407e-05 0.0337919 0.026052 0.346886 0.0124542 0.000171166 0.335539 0.0484213 0.000164978 5.08707e-07 0.00212665 0.0393125 
0.0276682 0.0747548 0.0557294 0.0076071 0.00147721 4.99172e-05 0.000680805 2.81013e-07 0.109432 0.0220698 0.43913 0.000962003 0.000445741 0.0620256 0.00778545 0.00217357 0.00216497 0.000834217 0.185009 
0.0276926 0.0746444 0.00582032 0.0010904 0.00178621 2.90418e-05 0.00205192 4.65751e-06 0.0792787 0.0020619 0.776108 2.68903e-05 4.03244e-05 0.0272109 0.000840436 9.36055e-05 0.000176986 0.000498462 0.000544513 
0.00664887 0.0079863 0.0242094 0.000121213 0.000662986 3.39747e-05 0.00581942 4.94515e-12 0.0433539 0.0377788 0.829153 0.0096066 0.0113047 0.00234942 0.00262976 0.00260428 0.00111733 0.00168889 0.0129317 
0.0139826 0.00933402 0.0369303 0.000100027 0.000451486 0.000128221 0.0381568 9.86887e-12 0.0326289 0.195994 0.584639 0.000366939 0.0771208 0.00117331 0.00253264 0.00366633 0.00011048 0.000127242 0.00255709 
0.00764047 0.130457 0.206438 5.65742e-08 0.000285818 8.23977e-06 2.74107e-08 1.64748e-07 0.060198 0.129318 0.278857 0.000303896 0.000286373 0.0101085 0.00109466 0.0240984 0.00085871 8.44386e-05 0.149962 
0.0776532 0.0899715 0.015164 0.000999704 0.00142651 2.45419e-05 0.00108112 1.28423e-06 0.111855 0.0129976 0.65685 4.98353e-05 3.15838e-05 0.0180676 0.00384543 0.000728954 4.37492e-05 0.00747437 0.00173426 
0.04186 0.12769 0.0456077 0.011084 0.00741511 1.50779e-05 0.000756989 6.8603e-09 0.146932 0.0150784 0.50508 0.00116868 6.93294e-05 0.049723 0.0105611 0.000127422 0.000721213 0.0104869 0.0256228 
0.0118125 0.0531109 0.0671001 0.00193604 0.000145345 6.50168e-06 0.000114656 1.18077e-08 0.0549509 0.0357653 0.739909 0.000344732 0.000261302 0.0118759 0.00737068 0.0110797 2.81038e-05 0.000178809 0.00400956 
0.00358405 0.00821489 0.000933525 1.08349e-07 0.000175529 1.92053e-05 7.00038e-06 8.37417e-08 0.10366 0.00080284 0.865602 6.75564e-06 6.11259e-06 0.0165239 0.00011038 9.63508e-05 3.05031e-06 4.4061e-05 0.000210851 
0.0269812 0.12331 0.0527207 0.0265314 0.00250141 5.15309e-06 0.00477749 2.49049e-05 0.128385 0.0497944 0.430063 0.000302024 9.12663e-05 0.0813264 0.0316621 0.00129309 1.95022e-06 0.00541247 0.0348162 
0.00402464 0.0129138 0.00411001 0.000565794 2.40734e-06 2.41993e-06 6.16896e-05 2.96646e-09 0.0162042 0.0106492 0.647898 0.00264906 8.42094e-05 0.000834869 0.00311856 6.5646e-05 0.00900706 0.000405482 0.287403 
7.04212e-08 1.30136e-06 3.34155e-06 1.25555e-11 4.17018e-07 9.3401e-08 5.42916e-07 4.17857e-11 0.00136029 4.87548e-06 0.809391 0.00501759 3.22145e-07 0.00465534 6.33526e-07 0.0670518 6.75998e-07 1.33647e-07 0.112512 
0.0439111 0.268429 0.0731126 0.00213068 0.000566373 0.000121091 0.00118948 5.75528e-05 0.119631 0.0639649 0.303965 0.00884513 0.000859625 0.0370131 0.00625501 0.00484438 0.00379008 0.00990382 0.0514103 
0.0139641 0.0667517 0.0331705 0.00192365 0.153656 7.41561e-06 0.0176409 9.88174e-08 0.0164742 0.0252276 0.254533 0.000282068 0.00011303 0.172073 0.00454994 0.0107005 0.000211066 0.000368738 0.228353 
0.00084088 0.00200531 0.0199418 8.42716e-05 0.000582894 8.2642e-07 0.000587745 4.66679e-13 0.0916578 0.0137523 0.858585 0.000611408 0.000207953 0.0024816 0.0022224 0.00232211 0.000113368 0.000186738 0.00381576 
0.0139826 0.00933402 0.0369303 0.000100027 0.000451486 0.000128221 0.0381568 9.86887e-12 0.0326289 0.195994 0.584639 0.000366939 0.0771208 0.00117331 0.00253264 0.00366633 0.00011048 0.000127242 0.00255709 
0.0122605 0.0627728 0.0276312 0.00318467 9.08645e-05 1.36477e-05 0.00311095 1.28877e-09 0.173936 0.0297278 0.672759 6.06402e-06 5.25055e-05 0.00494739 0.00447264 0.00105388 1.25979e-05 0.00174514 0.0022224 
0.0308929 0.230598 0.0846324 0.0158285 0.000176184 8.77537e-05 5.78482e-05 9.62525e-09 0.0840828 0.0183668 0.294657 0.000140161 0.00125182 0.0351725 0.00598444 0.000433562 2.32669e-05 0.0732673 0.124346 
0.0122605 0.0627728 0.0276312 0.00318467 9.08645e-05 1.36477e-05 0.00311095 1.28877e-09 0.173936 0.0297278 0.672759 6.06402e-06 5.25055e-05 0.00494739 0.00447264 0.00105388 1.25979e-05 0.00174514 0.0022224 
0.0150758 0.186577 0.151304 0.000855179 0.000694113 5.23519e-05 0.00569012 2.21601e-05 0.123391 0.0240003 0.320307 8.76834e-05 0.00305896 0.114469 0.0384702 0.00769435 1.62937e-06 0.000714931 0.00753425 
0.0314701 0.226159 0.0687639 0.00358459 0.0137986 0.000162893 0.00478147 0.00155022 0.0259313 0.0661951 0.34169 0.00121148 9.68576e-05 0.0480768 0.00156333 0.00284136 0.0012366 0.0952583 0.0656278 
0.0170489 0.081428 0.0129766 0.00528902 4.70993e-05 0.000537163 0.000281556 3.35015e-06 0.117623 0.0849538 0.292725 0.0306739 0.000427206 0.272996 0.0633291 0.000222268 0.000259326 0.000177126 0.0190023 
0.0131055 0.0462658 0.102571 0.00171634 0.0104184 1.49502e-06 0.0076494 4.12309e-11 0.116448 0.107976 0.447346 0.000712756 0.0071919 0.0933711 0.00771887 0.0200334 3.07228e-05 0.00407265 0.0133719 
0.0594977 0.129912 0.0696155 0.000413565 0.00255005 0.0001019 0.000136899 1.36352e-06 0.238099 0.0262862 0.340918 0.00754498 0.00493859 0.0127519 0.0309937 0.000336807 0.000667003 0.00261911 0.0726155 
0.0240694 0.0297506 0.0229705 0.00172382 0.00612169 1.66564e-05 4.47703e-05 2.52748e-10 0.398979 0.0381174 0.420905 0.000527245 0.000107556 0.0314832 0.000118202 0.000315139 9.93457e-06 0.000887663 0.0238525 
0.00084088 0.00200531 0.0199418 8.42716e-05 0.000582894 8.2642e-07 0.000587745 4.66679e-13 0.0916578 0.0137523 0.858585 0.000611408 0.000207953 0.0024816 0.0022224 0.00232211 0.000113368 0.000186738 0.00381576 
0.0804621 0.0691216 0.00580397 2.25195e-06 0.000198763 0.000155355 9.97757e-06 8.91585e-12 0.115231 0.0218274 0.619126 4.84888e-05 0.00110889 0.016046 0.0670523 0.000275913 0.000128029 0.000803889 0.00259837 
0.000976005 0.00236166 0.00603521 5.16792e-05 2.2023e-05 4.60583e-06 0.000343147 2.75759e-12 0.00782975 0.00259997 0.849145 0.0241421 7.41108e-05 0.00254519 0.00104453 4.43767e-05 0.00193517 0.0033381 0.0975075 
0.0139641 0.0667517 0.0331705 0.00192365 0.153656 7.41561e-06 0.0176409 9.88174e-08 0.0164742 0.0252276 0.254533 0.000282068 0.00011303 0.172073 0.00454994 0.0107005 0.000211066 0.000368738 0.228353 
0.0129198 0.105326 0.0365039 0.000771716 0.000743242 5.52163e-05 0.0010361 8.47985e-09 0.199565 0.0405429 0.479969 0.00528753 0.00616938 0.0627612 0.0171248 0.000626481 0.000962503 0.00159199 0.0280427 
0.0435384 0.0646079 0.00553037 0.00228662 7.08106e-05 4.32344e-06 0.000614629 1.13419e-10 0.0169259 0.000913438 0.706231 2.89218e-05 1.14013e-06 0.154661 0.000646625 4.33311e-05 1.18119e-06 0.00275221 0.00114242 
0.0086738 0.0425799 0.156789 0.0561657 0.003019 8.38431e-06 0.00215325 6.54481e-08 0.0281046 0.022147 0.522291 0.0286648 0.00034976 0.0547152 0.000126184 0.00911962 0.000264081 0.0172522 0.0475762 
0.00135834 0.0831945 0.0150653 0.000995252 0.000272472 3.21698e-06 6.2568e-05 1.71213e-11 0.333486 0.037242 0.399946 0.000156708 0.0565974 0.0523518 0.000798654 5.16755e-05 2.87767e-05 0.000446998 0.0179429 
0.0629022 0.136264 0.0807538 0.00634245 0.000839 0.000557013 0.000779553 0.0033719 0.0615344 0.0518545 0.380562 0.029315 0.000827614 0.0855822 0.00521935 0.00842814 0.000139809 0.0159882 0.0687384 
0.00680512 0.00486073 0.0126403 0.00373411 0.000181183 5.8496e-05 0.189371 1.0167e-11 0.031587 0.0279121 0.633963 0.0182639 0.000172348 0.00572168 0.0136673 0.000854775 0.00210897 0.00310641 0.0449913 
0.0221977 0.272673 0.0180317 0.0261055 0.00253227 1.72772e-06 0.0799746 4.75493e-08 0.0642111 0.0500089 0.322729 0.00531438 2.31036e-07 0.0136116 0.0180123 6.69221e-05 4.32848e-06 0.00417211 0.100352 
0.0267327 0.184365 0.132576 0.0011707 0.00301652 0.000307713 8.91732e-05 8.41637e-09 0.13764 0.0575106 0.25361 0.0789616 0.0246018 0.00895174 0.0261721 0.00186995 0.000197485 0.000257474 0.0619701 
0.0455075 0.0266542 0.0218676 2.05045e-08 0.000281696 5.41045e-06 3.46644e-05 1.88704e-11 0.257925 0.051698 0.509869 0.00651587 0.00465213 0.00760993 0.023788 0.00337658 0.0021974 0.00350413 0.0345128 
0.00084088 0.00200531 0.0199418 8.42716e-05 0.000582894 8.2642e-07 0.000587745 4.66679e-13 0.0916578 0.0137523 0.858585 0.000611408 0.000207953 0.0024816 0.0022224 0.00232211 0.000113368 0.000186738 0.00381576 
0.0124022 0.0133192 0.00693037 9.89563e-05 3.43669e-10 2.72322e-06 4.52615e-05 1.11863e-12 0.0563204 0.00964109 0.898991 6.96392e-06 5.94515e-05 0.000805903 0.000833227 0.000173044 1.61376e-10 1.48067e-05 0.000355887 
0.00642605 0.0575582 0.0186121 0.000328965 0.000306708 0.000294059 0.000708924 9.4682e-08 0.0231088 0.0173831 0.476185 2.2684e-08 1.04977e-05 0.334487 0.00380098 0.000475179 5.35549e-09 0.0554836 0.0048304 
0.117739 0.188128 0.0314407 0.00117541 0.00432439 8.6105e-05 0.000521174 0.000238243 0.192247 0.0216615 0.342695 0.000128429 0.0128981 0.0266644 0.0122251 0.00262219 9.28331e-05 0.00320421 0.041908 
0.0244024 0.119103 0.0306392 0.00305684 0.00308348 2.96874e-05 0.00067029 8.92159e-05 0.242128 0.0587266 0.400428 0.00237256 0.00612585 0.0490016 0.0275188 0.000221655 0.00793164 0.007085 0.0173864 
0.00795407 0.00486935 0.11053 0.00191331 0.0029075 9.07142e-06 2.26048e-05 5.52257e-11 0.325822 0.00498863 0.486223 9.22318e-05 3.28385e-05 0.00425846 0.000494177 0.000309251 1.65335e-05 0.00100305 0.0485543 
0.0136885 0.0303999 0.0148712 0.0146502 4.90523e-06 2.70874e-06 0.000127196 4.61005e-10 0.161006 0.192916 0.524303 0.000208133 0.000225694 0.0149067 0.00168619 0.000249617 0.000559501 7.70315e-05 0.0301173 
0.029314 0.20517 0.0184446 3.59144e-05 0.000456625 0.000246167 0.000268037 2.06442e-09 0.10015 0.036531 0.35817 0.00444977 0.0203882 0.175436 0.00845409 0.000113324 0.00120703 0.00336924 0.0377954 
0.0833341 0.0725877 0.00556479 7.62022e-06 0.000193295 0.000146391 4.14496e-06 8.36377e-12 0.137839 0.0161044 0.654334 6.61555e-06 0.000395754 0.0136784 0.0148874 0.000215506 5.45902e-08 0.000109922 0.000591203 
0.0183001 0.0126006 0.0633411 0.00807346 0.000554584 4.13023e-05 0.00878208 9.38739e-06 0.0680355 0.0659416 0.490454 0.0879569 0.000321138 0.0192757 0.00193605 0.0017756 0.00523033 0.0103847 0.136986 
0.0139826 0.00933402 0.0369303 0.000100027 0.000451486 0.000128221 0.0381568 9.86887e-12 0.0326289 0.195994 0.584639 0.000366939 0.0771208 0.00117331 0.00253264 0.00366633 0.00011048 0.000127242 0.00255709 
0.0127662 0.0154627 0.0167837 0.000122069 0.00167106 8.268e-06 0.00366514 3.7449e-12 0.0707996 0.0275544 0.762926 0.0162348 9.98068e-05 0.00302009 0.00711468 8.2194e-05 0.00264369 0.00453358 0.0545119 
0.0326818 0.263812 0.211518 0.0327226 3.68496e-11 7.16807e-11 0.000378598 1.02651e-10 0.0265907 0.138202 0.267133 3.32565e-05 2.0897e-07 0.00491157 0.000734661 0.0084636 5.09021e-07 0.00867371 0.00414299 
0.00965672 0.0424188 0.0176509 0.000825866 0.000385853 8.09214e-06 0.000216229 1.71964e-11 0.293257 0.0350645 0.545203 0.00032695 0.0122219 0.0141233 0.0188928 0.00398578 4.69019e-05 0.000102697 0.00561211 
0.11961 0.00713771 0.089846 2.91349e-05 0.00090034 6.90216e-05 0.000430667 1.61423e-08 0.168031 0.082025 0.459661 0.000140314 0.00013675 0.00543062 0.0118166 0.00544165 0.0259556 0.000156681 0.0231821 
0.0462749 0.201614 0.0190394 0.00241346 0.00370658 0.017729 0.000865668 0.000110472 0.143812 0.0377387 0.266033 0.000245792 0.000911336 0.242581 0.00234372 0.000683446 0.00064785 0.00329291 0.0099565 
0.0108944 0.0907819 0.129036 0.00318716 0.00196369 7.70511e-06 0.0023377 8.11325e-06 0.128395 0.0109905 0.400435 0.0158544 0.000364679 0.0167235 0.00940845 0.00140153 0.00011962 0.000763476 0.177327 
0.000473276 0.00715449 0.00788422 7.63601e-05 4.64385e-05 1.17341e-06 0.00399756 7.78095e-12 0.00738186 0.00681495 0.91954 0.00023693 0.000173278 0.0382952 0.000202616 0.000295762 7.45278e-06 3.6726e-05 0.00738211 
0.0231427 0.218888 0.014786 0.0657689 0.000462499 2.81402e-06 0.0125887 2.68098e-08 0.0800532 0.0353003 0.45037 0.00807818 6.74356e-06 0.00593853 0.00244199 0.000134068 0.000209321 0.00335319 0.078475 
0.00102719 0.00259404 0.0238628 0.000117975 0.000710659 1.15633e-06 0.000606022 3.23233e-13 0.121991 0.0168316 0.817085 0.000480114 0.000196385 0.00347423 0.00304828 0.00317989 8.92653e-05 0.000261424 0.00444281 
0.0562942 0.0144302 0.0443256 0.000719288 0.000148507 2.06035e-06 0.0138699 5.36608e-09 0.205005 0.0908501 0.252659 0.00233687 0.00341615 0.250652 0.0109908 0.000942833 0.000188108 0.0172774 0.0358919 
0.00584591 0.131281 0.0184518 0.000108494 0.000485454 1.71748e-05 0.000962907 7.18353e-06 0.0210246 0.0547619 0.634804 0.0117905 0.000588564 0.0483015 0.0111612 0.000178701 0.00382218 0.00327615 0.0531311 
0.0029968 0.0258687 0.0132419 0.000511295 7.11497e-05 6.33376e-06 0.000180403 2.53287e-12 0.0575716 0.0309275 0.82974 0.00447203 0.000253539 0.0153504 0.000201593 3.80756e-05 0.00103481 0.000647528 0.0168866 
0.0110991 0.160531 0.0359151 0.000491926 0.00078101 1.13212e-05 3.62448e-05 7.38798e-10 0.221877 0.00649172 0.468353 0.0528281 8.68632e-06 0.0010215 0.000150378 1.45086e-07 4.68773e-05 5.23981e-07 0.040356 
0.000398141 0.00308529 0.0106396 7.21342e-06 4.31186e-06 1.47255e-07 0.000113237 5.25199e-12 0.0181768 0.0037401 0.958509 0.000375491 2.39082e-05 5.31349e-05 6.39803e-05 0.000227676 3.16304e-05 0.000180614 0.00437023 
0.00413656 0.00217609 0.0131245 8.64254e-06 0.000561711 3.15601e-06 0.000167982 1.21134e-12 0.0461953 0.0168168 0.874174 0.0101388 0.00036452 0.0029115 0.00467874 5.90779e-05 0.00319739 0.0013316 0.0199535 
0.0543392 0.150096 0.0096761 4.56282e-12 4.19986e-07 0.000966695 3.50328e-05 1.51854e-11 0.0674289 0.00490062 0.590568 0.000785791 0.000257279 0.0356098 0.00112256 4.84195e-05 1.61346e-07 2.85745e-07 0.0841644 
0.0122605 0.0627728 0.0276312 0.00318467 9.08645e-05 1.36477e-05 0.00311095 1.28877e-09 0.173936 0.0297278 0.672759 6.06402e-06 5.25055e-05 0.00494739 0.00447264 0.00105388 1.25979e-05 0.00174514 0.0022224 
0.0495324 0.0163918 0.00319247 1.59687e-06 3.50949e-05 2.38079e-05 4.37679e-05 9.426e-13 0.0842668 0.00172927 0.826822 8.95206e-06 0.000111957 0.00227805 0.015156 2.90312e-05 1.65897e-06 0.000286233 8.8706e-05 
0.0167288 0.171519 0.0465125 0.0111385 0.00390567 1.41223e-05 0.26247 5.95711e-11 0.114516 0.0163184 0.315727 0.000383221 0.00106471 0.0166465 0.0184931 0.000114673 9.13129e-05 0.000520269 0.00383668 
0.0109611 0.044633 0.0160325 3.8683e-05 0.000616337 7.43922e-07 0.000441194 2.88719e-07 0.311583 0.0239867 0.44199 0.00110701 0.0178504 0.00928444 0.0320767 9.33889e-05 0.0641057 0.000733292 0.0244657 
0.000266438 0.00170621 0.0210262 2.34804e-12 7.83703e-05 2.27967e-05 0.000457966 7.81446e-12 0.00385823 0.0118163 0.950196 0.000210433 1.23848e-05 0.00125279 0.00124188 0.00129095 0.000173708 5.70796e-06 0.00638401 
0.0301577 0.0699508 0.0432867 0.000573514 0.00106782 4.80171e-05 0.0292199 1.86e-07 0.304097 0.0293773 0.461038 0.000445909 0.00344472 0.0121768 0.00764778 0.00123806 2.52424e-05 0.000195572 0.00600959 
0.056799 0.0830634 0.0281586 0.000588516 0.0312762 0.0267022 0.000497494 7.15874e-10 0.127061 0.0289256 0.570885 0.000718353 0.00237697 0.0336835 0.00304654 0.000727193 5.87248e-05 0.000512888 0.0049183 
0.0323396 0.0331093 0.142592 5.05717e-05 0.149679 2.25962e-07 5.63903e-05 4.45912e-09 0.00087643 0.0472862 0.237954 0.00551522 0.000136184 0.0888501 0.0289304 0.00845682 0.0013143 0.00516992 0.217683 
0.000398141 0.00308529 0.0106396 7.21342e-06 4.31186e-06 1.47255e-07 0.000113237 5.25199e-12 0.0181768 0.0037401 0.958509 0.000375491 2.39082e-05 5.31349e-05 6.39803e-05 0.000227676 3.16304e-05 0.000180614 0.00437023 
0.0268683 0.0242838 0.00279944 3.52438e-06 2.67085e-05 1.50298e-05 2.98577e-05 3.00942e-10 0.0613165 0.00214846 0.873232 9.88917e-06 6.62267e-05 0.00151222 0.00740161 1.88176e-05 1.9982e-06 0.000154055 0.000111325 
0.000266438 0.00170621 0.0210262 2.34804e-12 7.83703e-05 2.27967e-05 0.000457966 7.81446e-12 0.00385823 0.0118163 0.950196 0.000210433 1.23848e-05 0.00125279 0.00124188 0.00129095 0.000173708 5.70796e-06 0.00638401 
7.04212e-08 1.30136e-06 3.34155e-06 1.25555e-11 4.17018e-07 9.3401e-08 5.42916e-07 4.17857e-11 0.00136029 4.87548e-06 0.809391 0.00501759 3.22145e-07 0.00465534 6.33526e-07 0.0670518 6.75998e-07 1.33647e-07 0.112512 
0.0212443 0.0904434 0.0314159 0.00707793 0.0035207 5.22031e-06 0.000318038 1.02897e-05 0.0974001 0.0444003 0.559645 0.00266638 0.00124082 0.0164014 0.106126 0.00363521 0.0015736 0.00659893 0.00627658 
0.0365305 0.0241646 0.0772752 3.17561e-05 0.00234064 0.000146349 4.34318e-05 5.57636e-11 0.0837474 0.0085164 0.473452 0.0152681 0.0001338 0.00650044 0.00177755 0.000584232 0.00159883 0.00133743 0.266551 
0.000187766 0.0124052 0.0140396 5.15656e-10 5.91845e-05 1.87926e-05 0.000326389 1.71614e-09 0.00258072 0.00789323 0.955344 0.000143838 9.73914e-06 0.000845636 0.00083907 0.000899726 0.000125121 6.06116e-06 0.00427589 
0.0136035 0.0169804 0.055877 0.000441333 7.47542e-05 3.94539e-05 7.73984e-05 6.68188e-11 0.228559 0.0479641 0.50655 0.000211914 0.000909556 0.100274 0.00096223 0.00373071 1.01693e-05 0.000109716 0.0236251 
0.0339492 0.254718 0.015113 0.000943812 0.00495518 0.000154607 0.0206289 8.92131e-06 0.252368 0.0128484 0.282465 0.0044747 0.000249794 0.0333038 0.017489 8.63327e-05 0.000173464 0.00275429 0.0633158 
0.0067164 0.00588236 0.109546 1.24416e-05 0.000118773 2.68658e-07 2.88922e-05 3.53223e-12 0.0900311 0.0124547 0.764325 0.000575322 0.000351742 0.000992508 0.000168425 0.00485076 1.03496e-05 2.64887e-05 0.00390813 
0.00153329 0.0032859 0.0167177 3.68571e-05 7.78284e-05 2.17664e-06 0.237092 1.79286e-11 0.0143518 0.00468705 0.70681 0.00102769 0.000120079 0.00530298 0.00119856 0.00221315 5.3333e-05 0.00063153 0.00485823 
0.0317421 0.0127056 0.0685849 0.00142303 0.00147029 1.05793e-06 7.048e-05 5.99488e-06 0.124282 0.0176129 0.733887 0.000110027 0.000328678 0.00287231 0.000316059 0.00157759 2.48893e-05 0.000301357 0.00268359 
0.0102379 0.0360664 0.0587943 0.00420062 3.73419e-05 3.92389e-07 0.000433507 7.65081e-11 0.127297 0.0636918 0.582594 0.000895725 0.0519922 0.0364533 0.00115396 0.0121976 0.000116417 2.66655e-05 0.013811 
0.0244063 0.0386703 0.170192 0.00855725 0.00126631 5.3761e-06 1.36306e-05 9.77129e-06 0.0733989 0.00719528 0.623859 0.0150329 1.31283e-05 0.00384101 0.000245786 1.47772e-05 0.000419587 0.0038133 0.0290455 
0.0596635 0.0914174 0.0364354 0.00351349 0.00414543 3.08419e-06 2.78203e-05 3.46335e-11 0.26688 0.0454888 0.420382 0.00159961 0.00489966 0.00322605 0.0503855 0.000222964 0.000738578 0.0016753 0.00929597 
0.0331611 0.12172 0.122487 0.000347147 0.000159904 0.000389482 0.00071286 9.00482e-11 0.119846 0.0196162 0.360444 0.111736 0.00757956 0.0582295 0.000607555 0.00403779 2.35627e-05 0.000433903 0.0384688 
0.00304412 0.0072532 0.0466898 0.000251996 3.92006e-05 1.3493e-06 0.258484 1.9266e-11 0.0313531 0.0208624 0.620309 0.00134294 0.000233272 0.00188742 0.00208081 0.00441155 2.57967e-05 0.000238002 0.00149209 
0.122509 0.0981768 0.105489 0.0530447 0.0294552 1.06256e-05 0.000692595 5.3761e-07 0.161946 0.0250192 0.387288 0.0095106 7.23352e-05 0.00395866 0.00171487 0.000413149 0.000279269 0.000294718 0.000123966 
7.04212e-08 1.30136e-06 3.34155e-06 1.25555e-11 4.17018e-07 9.3401e-08 5.42916e-07 4.17857e-11 0.00136029 4.87548e-06 0.809391 0.00501759 3.22145e-07 0.00465534 6.33526e-07 0.0670518 6.75998e-07 1.33647e-07 0.112512 
0.00443497 0.00805318 0.0174204 0.000124706 0.000490347 1.12634e-05 0.00011798 3.26034e-12 0.0265239 0.00662602 0.88048 0.0240991 6.31351e-05 0.00224808 0.000943331 0.000768193 0.00194661 0.00407085 0.0215781 
0.00270306 0.0186808 0.0262446 0.00104435 0.0006692 4.96309e-07 0.000327294 1.43434e-11 0.123497 0.219947 0.540158 0.000275668 0.0287716 0.00307389 0.0168902 0.00294842 0.0018502 0.000212173 0.0127063 
0.00851143 0.0664896 0.0162846 0.000862913 0.000145842 7.4074e-06 0.000731409 1.26952e-09 0.279297 0.0214563 0.581518 5.31537e-05 0.000223192 0.0118571 0.00910937 0.000791703 2.1163e-05 0.000719507 0.00192028 
0.000125632 0.00119255 0.0148406 1.81384e-05 2.97856e-05 1.40975e-07 0.000244185 4.85854e-13 0.0115864 0.00447812 0.959281 0.00082552 6.99862e-05 0.00062834 5.45069e-05 0.00103793 9.64238e-05 0.000121467 0.00536883 
0.00439568 0.0819916 0.0351275 0.000150354 0.000169064 2.445e-05 0.000561104 7.31165e-12 0.0235379 0.0783385 0.569828 0.0143169 0.00251374 0.0648206 0.0126528 0.000678108 0.00608583 0.0023656 0.102442 
0.0718273 0.0583511 0.0268541 0.0120273 0.00269485 2.15172e-05 0.00308274 6.65653e-06 0.128997 0.0938558 0.433354 4.06735e-05 0.00562835 0.0499015 0.0119402 0.0761005 0.000100644 0.000847027 0.0243685 
0.0167666 0.0121507 0.0381919 0.000817461 0.0112143 1.08181e-05 0.000915436 1.25042e-09 0.11261 0.0625864 0.640432 0.000163485 9.16125e-05 0.00318206 0.0768202 0.00112077 0.000224946 0.000541324 0.0221609 
0.00612773 0.0204758 0.0248418 0.000593217 0.0028225 2.14678e-06 5.71903e-06 7.19397e-08 0.0446363 0.0796125 0.699523 0.000427688 0.00120569 0.112138 0.000944646 0.000605266 6.96532e-08 4.98003e-07 0.00603717 
0.0107828 0.0135868 0.00839201 6.90683e-05 1.07604e-05 2.12909e-06 2.13956e-05 2.53202e-07 0.267538 0.0111548 0.635004 0.00942204 0.0108053 0.00337721 0.00564873 0.000110053 0.00332049 0.00225025 0.0185034 
0.0197793 0.0746511 0.0975989 0.000545994 0.000263209 1.31655e-06 0.000158226 1.30241e-09 0.329386 0.0228288 0.42674 0.000511804 0.000216724 0.0099799 0.00245409 0.00426529 2.78935e-05 0.000526856 0.0100651 
0.0122605 0.0627728 0.0276312 0.00318467 9.08645e-05 1.36477e-05 0.00311095 1.28877e-09 0.173936 0.0297278 0.672759 6.06402e-06 5.25055e-05 0.00494739 0.00447264 0.00105388 1.25979e-05 0.00174514 0.0022224 
0.107842 0.119548 0.0217941 0.0087928 0.00444084 6.26083e-05 0.000298918 2.36453e-09 0.166107 0.00882041 0.529747 0.00333499 0.000290452 0.0153624 0.00577132 7.37921e-05 0.000259247 0.00284561 0.00460935 
7.04212e-08 1.30136e-06 3.34155e-06 1.25555e-11 4.17018e-07 9.3401e-08 5.42916e-07 4.17857e-11 0.00136029 4.87548e-06 0.809391 0.00501759 3.22145e-07 0.00465534 6.33526e-07 0.0670518 6.75998e-07 1.33647e-07 0.112512 
0.162932 0.125073 0.0272669 0.000486464 0.00250828 6.64445e-05 0.000557886 1.83783e-07 0.118911 0.0129348 0.427414 0.000196144 0.000315034 0.107135 0.00424214 0.000176542 4.89363e-06 0.000869307 0.00891016 
0.00355443 0.0391942 0.00736455 3.56864e-06 2.43828e-06 3.8295e-06 0.000113669 2.45733e-12 0.115416 0.00335247 0.824045 1.15056e-05 3.04354e-05 0.00570737 8.60818e-05 3.17902e-06 3.7784e-10 2.23005e-06 0.00110871 
0.107638 6.48342e-11 0.000670776 1.87667e-08 3.3245e-07 1.05306e-09 7.02267e-10 1.50805e-09 0.000893063 0.0629209 0.813397 1.942e-07 8.52864e-06 0.00771563 0.00612141 0.000574367 4.81999e-07 7.77835e-10 5.9738e-05 
0.00786781 0.128736 0.145945 0.000456472 0.00494361 0.000157077 0.0242027 3.48958e-12 0.0292073 0.0789414 0.192 0.170311 0.000439601 0.164369 0.0106464 0.0248469 0.000433578 0.00165848 0.0148372 
0.0157603 0.00993405 0.00587249 1.24363e-06 0.000909528 2.68317e-05 0.341269 7.43657e-12 0.0265256 0.00323056 0.568739 0.000230869 0.000108965 0.0105149 0.0155731 0.000229899 2.13848e-05 0.00056811 0.000483771 
0.033282 0.0658794 0.0357501 0.000279333 0.00574023 0.000666695 0.00112226 1.40756e-09 0.0917043 0.0324732 0.32668 0.00238173 0.00114475 0.142204 0.00928855 0.0068053 0.000132759 0.000927351 0.243538 
0.0192686 0.0322924 0.0333276 0.000296194 0.000572655 2.66387e-05 0.0161065 1.00712e-07 0.176136 0.0300046 0.649868 0.00404786 0.00415063 0.0107899 0.00535944 0.000693638 0.000637297 0.00057754 0.0158453 
0.00102719 0.00259404 0.0238628 0.000117975 0.000710659 1.15633e-06 0.000606022 3.23233e-13 0.121991 0.0168316 0.817085 0.000480114 0.000196385 0.00347423 0.00304828 0.00317989 8.92653e-05 0.000261424 0.00444281 
0.0116126 0.0524571 0.00480859 4.52426e-05 3.90616e-05 1.1957e-05 1.31861e-05 3.73022e-12 0.0638104 0.0044882 0.846642 0.000136035 0.000367165 0.00319421 0.0100722 0.000492289 4.79474e-07 4.62251e-05 0.00176342 
0.0163399 0.265586 0.0620308 0.0109284 0.000191204 9.40638e-06 0.000282277 4.51129e-08 0.0638812 0.0495497 0.333002 0.0330592 5.89237e-05 0.00648786 0.000964269 0.000167418 0.00205749 0.0293267 0.126077 
0.00878244 0.114618 0.0425733 0.000497419 0.000243849 4.81778e-06 0.000147924 0.00117258 0.075199 0.0407762 0.619522 0.00489355 0.000513152 0.0480548 0.00163266 8.84251e-05 0.00132921 0.0167736 0.0231773 
0.0234532 0.0496192 0.0239568 0.000386646 0.00546424 0.000110992 0.341058 5.21881e-11 0.0680163 0.0222625 0.432545 0.00022015 0.000151842 0.0255175 0.00419357 3.74926e-05 4.45055e-05 0.00201087 0.000950441 
0.00856922 0.00503423 0.0254248 0.000156371 0.000652075 2.95315e-05 0.00855561 7.35658e-12 0.0341178 0.0538941 0.821884 0.00571776 0.0196447 0.00166286 0.00349977 0.00265312 0.000573789 0.000476059 0.00745389 
0.00275747 0.0041694 0.014933 0.000120381 0.000493925 4.22694e-06 0.000187061 2.63286e-12 0.0375639 0.00758418 0.893183 0.015383 0.000114104 0.00219916 0.00206341 0.00196616 0.00127949 0.00163082 0.0143676 
0.00964737 0.0260491 0.0604754 0.00311522 0.000122496 5.2553e-06 2.58731e-05 7.36853e-10 0.415858 0.00987895 0.417573 0.00025678 0.00178774 0.0331401 2.8571e-05 0.00137941 0.000294668 0.00124819 0.0191136 
0.0231921 0.182545 0.0728202 0.00110392 0.000857469 1.1272e-06 0.000195281 3.75793e-08 0.260555 0.0475054 0.276655 0.000809652 0.0197777 0.0171601 0.0143173 0.0347563 0.00655036 0.0132484 0.0279491 
0.100752 0.0762706 0.019081 0.00606875 0.000759061 4.01232e-05 0.000907778 4.56939e-05 0.13157 0.0367512 0.61198 0.00368838 6.89358e-05 0.00374595 0.00555139 0.000347919 0.000138693 0.000652959 0.0015796 
0.175183 0.0793104 0.0348254 0.000943755 3.97911e-05 5.68882e-06 0.00519889 1.5117e-07 0.0864973 0.0687003 0.489663 0.000233803 0.00576034 0.00600323 0.0338185 0.00109724 3.0527e-05 0.00185076 0.0108382 
0.123402 0.0938583 0.0381314 0.000246254 1.10647e-06 4.11802e-07 7.99663e-07 2.69203e-09 0.0837034 0.000845231 0.512343 2.99213e-07 9.74733e-05 0.143627 9.69084e-08 1.70209e-07 3.72903e-05 0.00209625 0.00160912 
0.0164206 0.0437948 0.18812 5.84431e-11 0.000127336 5.14377e-06 1.35391e-05 6.21095e-05 0.0828657 0.0435595 0.524308 0.000699436 0.000109603 0.000879237 3.4466e-05 0.0257212 6.15714e-06 3.30577e-07 0.0732727 
0.0122605 0.0627728 0.0276312 0.00318467 9.08645e-05 1.36477e-05 0.00311095 1.28877e-09 0.173936 0.0297278 0.672759 6.06402e-06 5.25055e-05 0.00494739 0.00447264 0.00105388 1.25979e-05 0.00174514 0.0022224 
0.0129417 0.176725 0.0639914 0.0286258 0.00151694 1.74852e-06 0.00230922 4.1722e-07 0.239234 0.0576683 0.244637 0.00314515 0.000367978 0.122466 0.00852662 0.00143283 9.97873e-05 0.0182707 0.0180389 
0.000473276 0.00715449 0.00788422 7.63601e-05 4.64385e-05 1.17341e-06 0.00399756 7.78095e-12 0.00738186 0.00681495 0.91954 0.00023693 0.000173278 0.0382952 0.000202616 0.000295762 7.45278e-06 3.6726e-05 0.00738211 
0.0155033 0.0713868 0.0342077 0.00225388 0.126956 5.8694e-06 0.0725122 6.07697e-06 0.0159917 0.0281474 0.261517 0.000420496 0.000129386 0.135508 0.00806519 0.0134597 0.000157763 0.00050284 0.213268 
0.0240927 0.0168247 0.107873 0.00604502 0.0139003 1.37329e-05 0.000552555 0.00029723 0.0244402 0.0195548 0.720456 0.00628094 5.74404e-05 0.0164542 0.013014 0.000404053 0.00203712 0.00337353 0.024329 
0.0383378 0.034846 0.054461 0.000226622 0.00280653 6.26464e-06 9.24561e-05 5.29994e-09 0.210405 0.0432964 0.598011 5.1626e-05 4.1885e-05 0.00964374 0.00652007 0.000610495 3.05961e-06 2.54544e-05 0.000614271 
