0.0116286 0.152957 0.0191398 0.00413468 0.00127597 9.73686e-06 0.00122184 3.54547e-11 0.104013 0.0761551 0.0122564 0.000188281 0.000714756 0.469104 0.0857262 0.00497901 5.14121e-08 0.000747973 0.0557472 
0.00147991 0.0760982 0.0402102 0.00103239 0.000439545 0.000567954 2.06267e-05 0.00143906 0.0584445 0.103691 0.0322442 0.000365271 0.0101436 0.66189 0.00425418 0.00395938 4.17826e-08 2.56288e-07 0.00371978 
0.00238268 0.0446412 0.0054777 1.89002e-05 0.00071391 2.17678e-05 0.0232575 5.86497e-08 0.0416019 0.265433 0.0407566 0.000124236 0.0244535 0.47945 0.0571364 0.00287313 1.36734e-08 0.00079123 0.0108655 
0.088635 0.151702 0.0324507 0.0104509 0.00270626 5.35639e-05 2.01607e-08 4.74557e-06 0.0728906 0.00496166 0.0756014 3.26572e-05 7.81592e-06 0.546338 0.000954247 1.93961e-05 4.98071e-06 0.00207644 0.0111099 
2.49203e-07 0.0509821 0.00457687 6.47228e-06 8.61927e-08 2.68163e-07 0.000402711 1.4416e-07 4.38683e-07 0.450556 0.00741926 3.51967e-07 9.94165e-11 0.476271 0.003999 1.99236e-06 2.2047e-10 1.2372e-10 0.00578331 
0.00771733 0.0225467 0.0589893 0.0241737 0.00286358 3.26009e-05 0.0415074 0.0133263 0.00996942 0.0356992 0.0111921 9.19715e-05 6.2147e-05 0.697483 0.000462643 0.000132564 2.0062e-05 0.0436035 0.0301263 
0.000443674 0.0878474 0.0126686 0.00167135 0.000755937 9.25216e-05 0.0202495 1.82384e-06 0.0378811 0.0413722 0.0933854 0.00053358 0.00100185 0.656721 0.0306086 0.000758387 6.47364e-06 0.000533055 0.0134671 
0.209092 0.117225 0.124891 0.0105992 0.0238119 1.22025e-05 0.0106587 1.89783e-07 0.0314026 0.0317943 0.0724996 0.00363192 0.00492205 0.306074 0.00657753 0.00192827 0.00788139 0.013104 0.0238942 
1.2998e-05 0.0143042 0.00570566 2.74813e-05 3.25919e-09 6.40637e-06 0.0197805 0.00123428 2.84146e-05 0.0445098 0.000987575 0.000149428 6.1376e-05 0.910661 0.000885697 6.41093e-05 8.34492e-09 6.24939e-05 0.00151897 
0.00603706 0.132503 0.00469308 0.00029681 9.09523e-05 0.000285109 0.0421753 3.45487e-07 0.0143984 0.000933166 0.0136584 0.172637 0.0001271 0.396729 0.00032878 5.32659e-05 9.31745e-09 1.0469e-05 0.215044 
0.00046051 0.109817 0.0311268 0.0210776 0.000840113 0.000236438 0.000547495 0.00153485 0.191586 0.0252416 0.056843 0.000617635 0.0169564 0.520997 0.000402577 0.000176764 4.34417e-07 0.00128674 0.0202511 
0.0100799 0.0661869 0.176733 0.00102942 0.00389454 6.40411e-05 4.34875e-05 1.90457e-06 0.0710349 0.0365838 0.000801035 2.26326e-05 1.78612e-05 0.625511 0.00210149 0.00248557 4.43217e-05 0.000915461 0.00244844 
0.161834 0.195424 0.0248604 0.00453188 0.000627027 4.15592e-05 0.0275154 1.89397e-07 0.025745 0.000205507 0.00737743 4.09631e-05 2.71006e-06 0.373638 0.145473 0.000240119 0.00204978 0.00376812 0.0266243 
0.000226905 0.0644215 0.00282006 7.05109e-06 0.00439256 0.00015319 1.30743e-05 2.36348e-07 0.0927966 0.00193148 0.00569851 6.55294e-06 0.0005118 0.825961 2.45097e-08 2.27544e-05 9.10571e-06 3.47878e-05 0.000992611 
0.0163979 0.0816018 0.0237448 0.0012194 0.00498941 0.000126822 0.0247371 9.22364e-07 0.0686385 0.0507089 0.0465841 0.000369591 0.00603528 0.627133 0.0338668 0.00360611 7.94948e-06 0.00055199 0.00967987 
1.15144e-07 0.0914366 0.0130031 0.0123879 1.03956e-06 1.12338e-10 1.71564e-06 1.60875e-10 2.34175e-07 0.0177635 4.3466e-07 0.000888748 3.06781e-07 0.833938 0.00345868 8.09799e-11 1.47866e-10 1.10858e-05 0.0271088 
0.0118886 0.110655 0.0138457 0.008738 0.00178498 4.4843e-06 0.000652974 1.10953e-07 0.112251 0.114071 0.0257761 8.61097e-06 0.000135308 0.555186 0.00634839 3.55811e-05 1.42143e-05 0.00127477 0.0373296 
0.0216581 0.158119 0.00673374 0.0202359 0.000310054 1.68264e-06 0.010405 0.000411927 0.10362 0.00368201 0.00317243 4.20807e-06 0.0102431 0.659662 0.000165225 9.97118e-05 0.00022174 2.74476e-05 0.00122604 
0.00647137 0.329438 0.0220604 0.000280684 0.000227368 0.000771342 0.000855352 6.31553e-07 0.141979 0.0420003 0.0158109 0.000227214 0.00213457 0.388946 0.00183874 0.00220914 0.000103059 6.50053e-05 0.0445803 
0.097121 0.0972402 0.0462055 0.00257534 0.00695836 3.90171e-06 0.0120871 1.00336e-07 0.167344 0.197123 0.0110837 0.000263355 0.00046358 0.233526 0.097928 0.0128776 3.42396e-05 9.08815e-05 0.0170739 
0.0146135 0.000836976 0.00538229 0.000733524 0.00439418 2.21072e-07 2.80968e-05 3.56385e-09 0.0252609 0.0979008 0.00201767 0.00112801 7.63686e-07 0.847028 0.000307435 3.02119e-06 3.27567e-09 1.70518e-06 0.000363042 
3.16262e-05 3.16302e-05 3.16289e-05 0.050617 3.16127e-05 3.15936e-05 3.16068e-05 3.15767e-05 3.16302e-05 0.0411508 0.237225 3.16235e-05 3.16097e-05 0.512409 3.16269e-05 3.16045e-05 3.15813e-05 3.16039e-05 0.158155 
0.0126728 0.0411382 0.103423 0.123728 0.00608576 0.000112652 0.000541536 5.66343e-08 0.0527676 0.0924233 0.0327035 2.42911e-05 0.000200149 0.501126 0.000210521 0.00297582 5.20547e-08 0.000554749 0.0293122 
0.00589024 0.0946058 0.0555793 0.0178065 6.63166e-05 0.00194819 0.000148457 0.000488066 0.0424304 0.0112026 0.00337642 7.44485e-05 0.00830654 0.742644 0.000200397 0.00397031 5.17457e-08 0.000694018 0.0105683 
6.16946e-12 0.00292793 0.000167376 5.01447e-05 1.35969e-05 0.000417352 0.000395324 5.34507e-11 0.0124461 0.018145 1.50701e-07 0.000664338 0.0452615 0.913131 0.00498878 0.000741646 4.91286e-11 2.75693e-11 0.000650122 
0.00816052 0.0956567 0.0384114 0.0638776 0.00015688 4.6765e-07 0.00781069 1.95671e-06 0.0933063 0.246381 0.0366172 1.03099e-07 7.55278e-05 0.408307 0.000151423 0.000492363 4.76358e-06 2.78665e-06 0.000584613 
0.00501861 0.0282153 0.001808 0.000219883 6.22147e-06 0.0877778 0.000299413 4.2299e-10 0.00595771 0.0366137 0.00242653 0.000700045 0.000294778 0.814325 0.0138857 0.00119256 3.29991e-07 1.26341e-07 0.00125854 
0.0246172 0.112504 0.133465 0.0140231 0.0116516 0.001491 0.109352 0.0144838 0.0339166 0.138712 0.0158657 0.000728166 0.000660415 0.284043 0.0587863 0.0175682 0.000125932 0.00214662 0.0258601 
0.00774313 0.157431 0.0200874 0.000964428 1.43721e-05 0.00719729 0.000364385 3.19769e-09 0.103838 0.0485519 0.0101954 1.26824e-05 0.000897358 0.622326 0.000843779 0.0013847 7.78053e-06 0.000210998 0.01793 
0.0640576 0.253678 1.39167e-07 0.000392623 1.46898e-11 0.00940693 1.90562e-11 4.09213e-11 0.0100379 0.000773561 0.0387394 2.4421e-07 0.00166859 0.526455 2.75878e-08 2.05986e-11 0.000327592 2.11067e-11 0.0944629 
0.0195205 0.258787 0.0167819 0.000712074 0.0594061 5.57115e-05 0.0103641 5.53164e-06 0.169306 0.0542726 0.101276 0.000106283 0.000437434 0.264837 0.0123187 0.0127842 0.000248091 0.0125808 0.00620049 
0.0313602 0.0900951 0.0448488 0.00726641 0.0143234 6.8895e-06 0.00178153 4.94519e-06 0.080868 0.0277563 0.009396 0.00236493 8.82136e-05 0.564062 0.000903241 0.000178013 0.000114911 0.0320174 0.0925639 
0.00126296 0.0450061 0.0123134 0.00464401 8.0384e-05 5.06482e-06 0.00182336 4.15772e-07 0.0487322 0.186388 0.00150455 0.0005094 0.00166685 0.444335 0.0557154 0.0036827 0.000555676 0.0365265 0.155248 
0.00437847 0.0843462 0.0241906 0.00071045 0.000135486 1.57357e-05 0.0119566 8.07457e-06 0.217725 0.0278046 0.046521 0.000176449 0.00175325 0.548773 0.0149963 0.00367205 3.74351e-06 2.39553e-05 0.0128094 
0.00325031 0.0339024 0.0212402 0.0823623 0.0160599 1.53053e-05 0.0334923 5.44584e-07 0.0868352 0.15804 0.0175871 5.20417e-05 0.00135578 0.514841 0.00773808 0.00431042 1.43741e-06 0.00102141 0.0178949 
0.0736 0.00599592 0.0716071 0.00181568 1.64886e-05 0.000256631 1.26586e-06 7.21048e-09 0.0147895 0.168024 0.00108334 0.00588438 0.214065 0.408826 0.000800921 0.0283213 6.62743e-09 3.02241e-05 0.0048831 
0.00875039 0.0963423 0.0566954 0.0359246 0.0117219 1.33171e-06 0.0110779 2.97495e-10 0.00791509 0.0282636 0.000754328 4.30525e-05 0.000345313 0.711162 0.0268545 0.000328471 2.73439e-10 0.000456266 0.00336376 
0.0650001 0.092328 0.0789125 0.0138187 0.00703935 0.00017709 0.00429348 4.98586e-05 0.0715766 0.126194 0.0689064 0.00135541 0.00288181 0.386035 0.0199162 0.00602918 0.00108775 0.00759211 0.0468065 
0.00681101 0.020464 0.0168714 0.0537749 4.13404e-05 1.2765e-07 0.000278309 6.41867e-05 0.0042297 0.080204 7.72679e-05 9.34877e-06 0.000168393 0.789444 0.00024008 0.00165294 5.34571e-05 0.0125917 0.0130239 
0.0355293 0.218709 0.0230148 0.000437746 0.00208836 5.33038e-05 0.013142 7.72872e-06 0.0789164 0.0774024 0.0416264 0.00673849 0.00158097 0.406718 0.0224926 0.034616 0.00236373 0.00620094 0.0283617 
1.24571e-05 0.000210263 0.0194685 0.00742357 3.70281e-06 5.369e-05 2.80694e-05 4.51099e-07 6.18951e-05 0.00400054 4.74958e-05 9.37522e-06 0.0190384 0.949128 2.90476e-05 2.92798e-06 0.000432419 8.86668e-06 3.98124e-05 
0.00169444 0.0484328 0.108215 0.000206431 0.00216717 1.07497e-06 0.00310341 2.90813e-05 0.0113695 0.133448 0.0212608 0.000939619 0.000284599 0.539831 0.00112099 0.000621718 0.000393254 0.00173724 0.125143 
0.0128955 0.228437 0.0622513 0.00474951 0.00654711 8.12801e-05 0.0219857 0.000164932 0.0137309 0.0504135 0.00938822 0.000763742 0.00161249 0.41388 0.00296433 8.83292e-05 4.08579e-06 0.00693615 0.163106 
2.56007e-07 0.188497 0.0528959 0.0337822 2.55898e-07 2.55743e-07 0.00634531 0.00511238 0.118905 0.194231 0.0143877 0.00217613 0.0108748 0.326942 0.0191756 0.00179107 2.55643e-07 2.55826e-07 0.0248829 
0.00787013 0.0383667 0.00517961 0.00047603 6.22522e-05 0.000605312 4.63952e-05 0.000282201 0.0113693 0.0729105 0.00338705 2.66491e-05 0.00013924 0.852712 0.00473684 1.96079e-05 0.00014136 0.000405509 0.00126377 
0.0207478 0.0485394 0.231596 0.0322975 0.000588287 5.28471e-10 3.52427e-10 0.00388507 0.058539 0.088211 0.0377833 6.69814e-07 1.78267e-07 0.27026 2.29553e-07 1.6541e-05 0.000368196 0.18586 0.0213068 
0.0103844 0.0688063 0.0401357 0.00518712 0.00454993 1.46341e-05 0.00114006 8.40798e-08 0.0985181 0.154264 0.0101993 9.15871e-06 0.0447611 0.514621 0.00313415 0.00775713 4.56677e-05 0.022278 0.0141945 
0.00652021 0.0370309 0.0172203 0.0149046 0.0175487 0.000343816 0.000498693 0.0120309 0.038173 0.0959431 0.00509134 3.05264e-05 0.0116525 0.721056 0.00416238 0.0140196 3.19294e-05 0.00174579 0.0019962 
0.12937 0.10038 0.233767 0.0243965 0.00425983 0.0513612 0.000228159 4.31087e-05 0.0712981 0.00366104 0.0314485 4.62616e-05 0.000150661 0.336821 0.000131498 2.56805e-05 9.73852e-07 0.00464125 0.00797015 
1.40801e-05 1.79845e-05 2.83445e-05 4.76474e-06 1.06402e-05 4.81229e-09 3.69093e-05 6.89151e-09 3.63634e-05 1.32486e-05 2.62022e-05 5.1135e-06 4.28729e-06 0.999762 5.00978e-07 3.46899e-09 6.33424e-09 1.84873e-05 2.09864e-05 
0.00131853 0.0417082 0.0167252 0.101428 0.00853812 3.46413e-08 0.0054546 8.19151e-05 0.01464 0.238947 0.00462168 8.17807e-09 0.0683502 0.490606 0.000277469 2.04855e-05 6.21028e-07 0.000455126 0.00682587 
0.0011884 0.240803 0.0352739 0.0370893 0.000826656 1.50708e-05 0.00056234 6.76568e-08 0.178268 0.201122 0.0196322 3.42287e-05 0.00470704 0.264362 0.00657283 0.000518632 5.64729e-07 0.000245869 0.00877778 
0.00337183 0.171573 0.0241644 1.204e-06 0.000153744 1.21162e-07 2.59741e-10 5.5777e-10 0.283111 0.0892448 0.000702237 6.83166e-08 3.12566e-07 0.418771 0.000132276 0.0087732 1.02707e-07 2.87691e-10 2.02437e-07 
3.98349e-05 3.59127e-06 2.20334e-05 5.44677e-06 5.28073e-09 1.02722e-08 3.59181e-06 1.47105e-08 0.0054256 0.00358459 3.88742e-05 0.00903125 5.70378e-06 0.981658 1.5255e-09 7.40484e-09 5.18938e-07 5.72647e-06 0.000174992 
0.115743 0.014335 0.000109967 1.94304e-05 6.4143e-07 0.000208297 0.00157549 0.00110625 0.0522014 0.00425691 0.000317962 1.59027e-06 3.00593e-05 0.809728 1.85297e-07 5.23328e-05 0.000312286 9.21623e-07 2.5787e-07 
0.00454328 0.0595263 0.0381271 0.00175837 0.000328375 2.67813e-05 0.0107221 2.626e-07 0.00589409 0.0120174 0.00835306 0.000142736 0.000131037 0.843613 0.0135178 0.00020046 2.32382e-05 0.00019268 0.000881484 
1.09771e-08 0.108154 0.00617075 0.00124973 1.50919e-05 1.25874e-05 0.00510036 9.51026e-08 0.00577965 0.00835686 0.00455946 0.000255778 0.00184121 0.850642 3.77937e-05 6.35214e-05 2.29367e-05 9.05728e-05 0.00764749 
0.0670635 0.0916997 0.0663436 0.00584408 2.33949e-06 1.01485e-06 0.000204662 3.96338e-05 0.00453371 0.138667 0.00376617 1.45021e-07 4.399e-06 0.619513 2.9465e-06 8.27177e-06 0.00187311 2.88586e-06 0.000429621 
0.000504961 0.261321 0.00633515 0.000161494 9.06759e-05 1.85615e-06 4.89756e-06 8.01761e-06 0.0192833 0.0282491 0.0351588 0.00125698 0.00040058 0.538694 0.0131583 5.83711e-05 1.45036e-09 0.0721364 0.0231753 
0.0196145 0.16257 0.0372977 0.00195137 0.00770926 3.64859e-05 0.0104712 1.74159e-07 0.0502823 0.0581537 0.0360234 7.17345e-05 0.00240601 0.589429 0.0102704 0.00295238 4.11633e-06 0.00175975 0.00899576 
0.0118332 0.0467089 0.0619105 0.0360855 0.00465022 5.73063e-06 0.00193833 2.94724e-08 0.0373521 0.0250005 0.0205628 7.01533e-05 5.49979e-05 0.715654 0.0191821 0.000342859 2.70892e-08 0.00727148 0.011377 
0.0284041 0.27563 0.0130691 0.000804026 0.00120719 3.98987e-05 2.71246e-05 8.74743e-09 0.0454049 0.0697777 0.00989045 8.73947e-06 4.32352e-05 0.538812 0.000680016 3.27847e-05 2.70744e-05 0.000205951 0.0159359 
0.0146664 0.00654118 0.0213112 4.46724e-05 0.000605891 0.00586773 0.000112975 2.51209e-06 0.000304241 0.000311753 0.00790672 0.000830154 3.82154e-05 0.853277 2.82572e-05 4.41557e-05 0.000165539 0.000351038 0.0875906 
0.0499991 0.0992565 0.0928962 0.00984694 0.0551691 0.237663 0.000539899 4.56887e-06 0.00887699 0.00419028 0.000871711 0.000140538 0.000159253 0.423724 3.40718e-06 0.00017371 1.81115e-06 0.00401735 0.0124659 
0.122887 0.0426989 0.067301 0.0524708 0.0245971 1.844e-06 0.0531579 1.9235e-09 0.00599058 0.0526923 0.00991416 0.000699098 0.000372806 0.499051 0.00188813 0.000208104 0.000104642 0.00415383 0.0618109 
3.21914e-05 0.101511 0.00285648 0.0025308 2.12259e-07 5.45558e-05 2.02417e-05 9.52751e-09 0.0445772 0.0285754 0.00126945 8.0707e-05 0.00158379 0.805269 0.00114179 0.000449504 9.2361e-08 3.32935e-05 0.0100138 
0.0133633 0.0448355 0.00159739 0.00119934 0.00428083 0.0113555 4.50192e-05 2.28456e-09 0.126263 0.0768321 0.0022164 0.000281805 0.108027 0.580119 0.00154529 0.000489037 1.81648e-07 0.000640219 0.0269094 
0.0637095 0.296401 0.0172265 0.0122341 0.00787666 2.57131e-05 0.00042587 0.00679621 0.049339 0.0656313 0.011906 0.000114593 0.00305962 0.385678 0.00168933 0.00383379 0.00216929 0.000429382 0.0714536 
7.50814e-05 0.0332581 0.00527899 0.00249504 5.1892e-06 4.07075e-07 2.67649e-05 2.58378e-08 0.00500766 0.0420403 7.11672e-05 1.10717e-05 0.000251464 0.898587 5.15526e-05 0.00724813 3.49615e-07 0.00050563 0.00508631 
0.000256972 0.0137786 0.0241576 0.00278269 0.000626544 2.60357e-06 0.00920868 1.69328e-07 0.023271 0.0437078 0.0450149 0.000883022 0.000382603 0.815954 0.00102081 0.000722494 6.22968e-05 0.00167389 0.0164937 
6.55756e-08 5.84052e-06 7.6962e-07 3.41341e-07 2.50276e-07 0.000492901 1.66121e-05 2.58124e-10 1.20424e-11 1.23813e-06 7.54212e-07 1.53618e-06 5.24326e-07 0.999478 6.42699e-08 4.54893e-07 2.37252e-10 1.33137e-10 3.4648e-07 
0.00109854 0.07762 0.0321149 1.01436e-07 0.0131999 0.000278634 6.25852e-07 4.89927e-09 0.0165553 0.00423382 0.00135679 0.000266649 0.00124503 0.851702 2.90715e-06 7.8257e-07 7.07563e-08 5.14453e-07 0.000323141 
0.02321 0.15101 0.0022773 1.49834e-07 1.55147e-06 7.01825e-06 9.32416e-07 1.59115e-07 0.00818122 0.0135204 1.63734e-06 0.000100882 1.85136e-06 0.786448 4.34296e-06 1.16635e-06 1.00453e-07 0.00155791 0.0136759 
0.0741357 0.0436466 0.0865263 0.0016041 0.110268 2.64103e-06 0.00073193 1.90537e-08 0.0886215 0.0155174 0.0014026 2.26974e-05 7.8971e-09 0.548889 1.9759e-09 0.00115351 1.39428e-05 1.86348e-05 0.0274456 
0.12262 0.104293 0.0258227 0.00195259 1.85614e-05 2.11764e-05 2.2902e-05 7.51984e-08 0.0296882 0.0339077 0.034912 0.000423382 0.000425013 0.630283 0.000857975 7.15095e-06 1.11874e-06 0.000121261 0.0146221 
0.0169907 0.127984 0.0243203 0.0170357 0.00387733 0.00156341 0.00872796 2.20608e-06 0.0763905 0.0429153 0.0290646 0.000329936 0.000525321 0.627973 0.0128585 0.00201858 6.38454e-05 0.00136016 0.00599872 
0.00150363 0.0387161 0.00126247 0.0143846 5.79017e-05 6.9411e-07 0.00137962 2.1697e-08 0.265271 0.054627 0.0231339 0.000125343 0.030082 0.504472 0.00948382 0.0514985 3.66979e-08 4.85334e-08 0.00400096 
2.72662e-06 4.65063e-07 0.0164674 0.00461312 3.02661e-10 5.88745e-10 3.92623e-10 8.4312e-10 9.9439e-07 0.0051811 1.03072e-10 1.3899e-10 3.49445e-10 0.747381 0.000259989 4.65203e-07 7.74943e-10 0.226093 1.21677e-10 
0.000245478 0.0275882 0.0595627 0.00584458 3.95375e-05 3.25366e-06 0.000916283 7.46973e-05 0.0203611 0.0896913 9.58426e-05 2.97505e-06 5.78205e-05 0.79344 0.000103706 0.000170473 0.000113301 0.000124744 0.00156447 
0.000120825 0.0296822 0.00145567 0.000165391 0.00124726 1.1654e-06 0.0201703 2.87015e-10 0.00712641 0.0274911 0.00543288 0.000382204 0.0234055 0.873567 0.00301045 2.26318e-05 3.12088e-08 2.82654e-05 0.00669088 
0.0150799 0.108823 0.0780725 0.0121885 0.00356384 0.000182778 0.000305243 2.0461e-07 0.0410603 0.094209 0.0305338 1.82127e-05 6.90138e-05 0.352487 0.00217706 0.0749992 0.00127903 0.178506 0.00644578 
0.256821 0.177748 0.0206924 0.000221359 0.000104495 5.41398e-05 3.81376e-06 0.000242141 0.143222 0.0417678 0.0891347 6.49442e-05 3.79895e-05 0.267196 0.000475758 0.000619325 1.13373e-09 0.000325194 0.00126921 
0.00210277 0.0174684 0.0127661 0.000714668 0.000155353 6.66357e-07 6.42183e-09 8.11344e-07 0.00968933 0.208177 0.00568837 1.73593e-07 6.56813e-07 0.740993 6.97854e-05 0.000306832 0.000721327 3.12523e-07 0.00114457 
0.0300258 0.287265 0.0122622 0.0366671 4.14224e-06 0.00027625 0.00961616 6.29903e-06 0.0798646 0.0825105 0.011745 1.29743e-05 0.0031213 0.440548 0.000362642 6.30577e-05 0.000118907 0.000508697 0.00502079 
0.0160252 0.224573 0.00332995 0.000301244 0.00046299 0.000831863 0.000148851 5.09036e-08 0.0469366 0.0107963 0.0111095 0.000198022 0.00490814 0.623278 0.00220488 2.26566e-05 2.90493e-07 0.0176571 0.0372146 
0.0152836 0.0909192 0.00931269 0.000276512 4.89972e-06 0.115393 0.00116457 4.26841e-10 0.0738165 0.0332378 0.00322534 0.000453461 0.0769184 0.482986 0.0919373 0.00210654 9.80701e-08 4.25078e-06 0.00295996 
0.00676955 0.0493666 0.00334782 0.00011258 1.71692e-05 0.0123639 7.34727e-05 0.303818 0.0284658 0.0117574 0.177746 6.28032e-05 0.00635382 0.392216 0.000301579 7.34649e-06 2.63473e-07 7.72657e-05 0.0071427 
1.09163e-05 1.7652e-05 2.18975e-05 3.91073e-08 1.60536e-05 9.08842e-08 8.30816e-05 1.30152e-07 0.00488898 0.00191123 4.12802e-06 2.79401e-06 5.39436e-08 0.99301 1.3497e-08 1.3954e-05 8.87698e-06 6.71309e-08 9.69899e-06 
0.197335 0.0736873 0.0686606 0.0017704 0.0970586 1.62843e-05 0.000155044 8.62189e-10 0.0358665 0.0760042 0.112064 1.04713e-05 5.07628e-06 0.221802 0.0204777 0.000247047 3.38671e-05 0.00651033 0.0882957 
0.0273976 0.112841 0.00815675 9.66127e-05 0.000709895 0.00051774 0.000557885 4.46085e-08 0.0210882 0.0489715 0.00856067 0.000213407 0.000412734 0.766084 0.0007387 0.000146348 1.96434e-05 6.04424e-06 0.00348085 
0.0053742 0.292748 0.0411569 0.0265049 0.00252842 0.000369107 0.00527754 0.00204577 0.0632796 0.0345545 0.0108567 0.00111476 0.00446808 0.392495 0.0103316 0.00308018 3.22823e-05 0.00240688 0.101376 
0.00070571 0.00218392 0.00288176 0.0274535 1.00243e-06 0.000138998 6.59514e-05 0.00125544 0.00175391 0.0807476 7.96633e-06 5.12652e-06 0.00015801 0.880464 5.41318e-05 4.80756e-05 2.56665e-06 1.44031e-06 0.00207087 
0.00074196 0.112647 0.0127994 0.000247638 8.53196e-05 1.53591e-05 0.000552582 1.60628e-10 0.0315067 0.0156895 0.0607074 2.35831e-05 1.37847e-05 0.758031 8.64488e-05 0.000703332 3.29612e-08 0.000793081 0.0053558 
0.000494964 0.124523 0.0109151 0.0285782 0.000374624 0.000250664 0.0375464 0.00013161 0.153192 0.219156 0.00352969 0.000120107 0.0178694 0.370957 0.00310461 0.00726313 6.85288e-06 0.00072328 0.0212632 
0.00129506 0.274926 0.0249121 0.00664602 0.00387499 0.000226223 0.0011651 2.77261e-11 0.209469 0.00736651 0.0482235 0.000441206 0.0125645 0.400302 9.4324e-08 0.000951061 3.07836e-06 0.000508765 0.00712455 
0.0516501 0.0227415 0.0550116 2.44739e-07 0.130987 1.50176e-05 6.02086e-05 8.47802e-08 0.0160571 0.184565 0.0167782 6.99986e-07 0.000662746 0.220161 0.0179951 0.189763 0.0513583 0.0197217 0.0224716 
0.103446 0.0854397 0.238428 0.0685578 0.00394311 5.11571e-05 6.38322e-05 3.1513e-06 0.0562512 0.035491 0.00229816 1.9404e-05 0.0129306 0.358601 0.00954262 0.00117025 5.43096e-06 0.0188692 0.00488885 
0.00126481 0.0389237 0.0352974 0.0207476 0.00262688 9.1591e-06 0.0185201 1.11108e-05 0.022595 0.119796 0.0330724 0.000353605 0.0234839 0.645335 0.00645318 0.00588553 0.000154258 5.79108e-05 0.0254127 
0.0808936 0.125482 0.0526483 0.00109512 0.0230165 0.0409226 0.00254315 0.000591731 0.0752361 0.0550064 0.0347276 0.000640549 0.00130584 0.442668 0.00631925 0.0100138 0.00908022 0.00362785 0.0341815 
0.088457 0.107946 0.0321305 0.00591016 0.00164352 0.000138103 0.00291221 0.000245788 0.0252197 0.0327905 0.0972076 0.104208 0.000654655 0.351482 0.00235972 0.000525895 0.00122426 0.00798523 0.136959 
0.04329 0.0930683 0.0887 0.00159397 0.000666698 0.0282318 0.036748 3.0206e-05 0.0322075 0.0394163 0.0292783 0.00207328 0.000558431 0.565573 0.000243124 9.90047e-05 6.06028e-05 0.00143334 0.0367287 
5.92053e-08 4.43253e-06 3.44785e-06 4.63919e-05 1.84134e-07 3.58183e-07 2.38865e-07 5.1294e-07 3.35266e-05 3.14435e-05 0.000275974 8.45592e-08 2.12596e-07 0.999099 5.31928e-08 2.582e-07 4.71463e-07 0.000502945 7.40264e-08 
0.0185016 0.0312472 0.00366682 7.10102e-05 0.000994895 5.54489e-05 0.0373338 1.51199e-06 0.023002 0.0248953 0.304022 0.000194897 0.000395067 0.516523 0.00287295 0.00111898 1.28315e-07 0.000736531 0.0343676 
0.185588 0.14088 0.00372778 0.0553482 0.000994772 0.000124287 0.000263339 0.000484681 0.0671882 0.0229667 0.00477392 3.72442e-05 0.000661672 0.509565 0.00148711 0.000235487 0.00488099 0.000308668 0.000483984 
0.037908 0.0140448 0.0756965 0.046457 0.00154425 0.00452577 0.000450632 0.00168237 0.0153858 0.0259469 0.0115643 9.71898e-05 0.0293995 0.692947 0.000247455 0.00138123 8.48875e-06 0.0231799 0.0175333 
0.00688823 0.102313 0.0172816 0.000825702 0.00417314 1.90689e-05 0.0272483 1.71628e-08 0.0206155 0.0954829 0.0170752 0.000117337 0.000678218 0.585568 0.0868026 0.000514497 0.00150424 0.00972687 0.0231653 
0.0764794 0.108746 0.034384 0.0879243 0.00065089 0.000567208 0.000718749 1.53863e-09 0.0373972 0.00559346 0.0104637 0.000960727 0.00378452 0.622821 0.00188997 1.54967e-05 1.35741e-06 0.00138517 0.006216 
0.0482449 0.218176 0.0171241 0.00143366 0.0099567 0.0205478 0.0061595 0.000513617 0.0578451 0.0337963 0.0637313 0.00144625 0.00446636 0.477927 0.00687493 0.000913199 0.000179062 0.00801107 0.0226536 
4.39449e-07 1.93201e-05 0.00125471 6.66617e-09 7.9641e-09 1.5492e-08 1.81997e-06 2.21855e-08 0.0152361 0.161988 2.20842e-05 9.3312e-06 1.6471e-05 0.732851 0.025816 0.0320436 2.29335e-06 1.1443e-08 0.0307386 
0.000133665 0.00935929 0.000438853 0.000948982 1.04337e-06 6.35264e-06 1.42879e-05 2.90649e-06 0.0800682 0.0840406 0.00383187 7.56181e-05 0.00384306 0.790972 0.00311285 0.000203501 0.000673501 0.0201745 0.00209919 
0.00741089 0.0672906 0.126436 0.00311686 0.044428 4.36485e-06 0.0903495 3.47573e-10 0.0386084 0.0810282 0.00500369 5.45654e-05 9.71774e-05 0.258429 0.0961457 0.00466745 0.000506594 0.00329376 0.173129 
0.0235885 0.215818 0.0352551 0.00164596 0.00438889 0.000140016 0.00849236 0.000109697 0.0868791 0.103363 0.063902 0.00913978 0.0128612 0.385527 0.0202934 0.0032705 0.000173032 0.00157474 0.0235774 
1.47062e-05 3.5776e-06 0.00136794 7.2583e-06 2.27243e-08 4.42039e-08 0.0121836 6.33028e-08 0.00681358 0.0424879 7.73878e-09 0.0011127 2.62369e-08 0.935961 2.14811e-06 2.34209e-05 5.8184e-08 3.26509e-08 2.14438e-05 
0.000628413 0.268787 0.0729723 0.0184506 0.0035306 9.56019e-06 0.00164297 1.2127e-06 0.0538563 0.100673 0.0464888 0.0014821 0.000378986 0.274258 0.0850344 0.00267687 0.000250918 0.00245546 0.066422 
0.0369493 0.172662 0.0468255 0.0880878 0.000502619 0.000923769 0.00030253 1.17602e-07 0.0688914 0.013785 0.00233108 0.000135464 0.00145797 0.537695 0.00707194 0.000560293 9.77048e-06 9.8077e-05 0.0217104 
0.0139885 0.0130483 0.00374896 0.000226577 0.00140204 5.88953e-06 0.000100114 6.43463e-05 0.00306522 0.0214309 0.000176217 2.58658e-05 2.75604e-05 0.938779 0.000143609 0.000298897 0.000172737 0.000427913 0.00286774 
0.0184235 0.0328269 0.047685 0.00894931 0.00170925 2.22124e-05 0.0148663 0.00787963 0.0610576 0.117952 0.00945168 5.99843e-05 0.0333229 0.514823 0.0517865 0.0477671 6.74211e-05 0.00420266 0.0271472 
0.000540396 0.0686368 0.0555064 0.00624178 0.00118853 6.83556e-05 0.00083327 2.36579e-10 0.0263276 0.0386717 0.00034054 0.000178668 0.0114686 0.777509 0.00582222 0.00132588 1.60122e-06 0.00113427 0.00420468 
0.00343683 0.226097 0.0731861 0.0943489 6.82869e-05 5.46016e-08 9.01798e-05 0.000332126 0.0267044 0.0732557 0.00484501 3.11006e-08 0.00179895 0.48501 0.000642056 0.000986761 9.8869e-10 0.000849849 0.0083477 
0.0102493 0.135037 0.014171 0.00626523 0.000190802 0.000455111 0.000369454 2.052e-07 0.037471 0.0841899 0.0348642 0.0117605 0.00406992 0.41006 0.013483 0.000303324 3.02501e-05 8.06648e-05 0.236949 
0.0103645 0.174724 0.0472927 0.015596 1.69628e-05 0.000368914 0.00094351 0.00290715 0.0619312 0.0397621 0.000474216 0.000768043 0.0927699 0.533661 0.00828495 0.00023178 1.77666e-05 0.000618254 0.0092669 
0.000150342 0.0280486 0.00319052 0.00108406 1.70287e-05 0.000289941 0.00023838 0.130812 0.013309 0.00298281 0.000657927 0.000122667 0.0103572 0.798345 0.000900049 5.92168e-05 3.50765e-06 0.00653369 0.00289828 
0.00732071 0.191618 0.0896007 0.0199434 0.00562408 2.7819e-08 0.00205159 4.60362e-10 0.145946 0.114877 0.00430253 1.50066e-06 0.000813576 0.274502 0.0169184 0.00100092 1.26375e-05 0.00232082 0.123146 
0.0363181 0.0855004 0.0289796 0.0101875 0.0390485 3.16869e-06 0.0132989 3.49019e-05 0.020937 0.113882 0.0110704 0.000139458 0.000827693 0.616563 0.00750405 0.0054481 7.7064e-05 0.00100142 0.00917876 
0.0124515 0.187135 0.0297812 0.000246555 0.0125328 1.71509e-06 0.000604102 4.16159e-06 0.140898 0.0637146 0.0785286 7.68441e-05 0.000535174 0.393717 0.0379287 0.000226621 2.7167e-05 0.00180331 0.0397872 
0.00963392 0.135664 0.00145563 0.0130187 0.00113699 7.5345e-05 0.000132422 2.71788e-06 0.0533726 0.0280582 0.106677 0.000398643 5.84288e-05 0.647633 0.000348722 0.00107503 7.71812e-05 4.67938e-05 0.00113391 
0.000646686 0.0761075 0.00325894 0.000425769 0.0049038 0.000193323 0.000162925 1.93096e-07 0.0622415 0.028662 0.0620792 0.000255317 0.000663638 0.649979 0.000408958 8.85982e-06 5.8568e-07 2.0226e-05 0.109982 
8.75025e-05 0.0654595 0.0277873 0.00539852 2.65728e-05 1.15853e-07 0.000809876 0.00320714 0.0247082 0.0940257 0.00590684 2.30959e-05 0.000672902 0.696094 0.00182632 0.000556727 7.57616e-10 1.54833e-07 0.0734092 
0.0183622 0.228753 0.0671439 0.000574078 0.0387764 0.0154363 0.0804179 0.0237918 0.124697 0.084748 0.0228852 0.000400541 6.73617e-05 0.278807 0.00395025 0.00124448 6.59203e-06 0.000255388 0.00968265 
0.0235745 0.0183071 0.0322826 1.20826e-05 1.37464e-09 2.674e-09 0.0151341 3.82933e-09 0.062233 0.12804 2.06027e-06 6.31273e-10 7.9372e-06 0.720405 1.5924e-07 1.92758e-09 1.05943e-06 1.97512e-09 6.6372e-07 
0.0843152 0.0466717 0.0207212 0.0834708 8.53165e-07 0.00243299 5.90451e-07 8.26941e-06 0.0181206 0.0071767 0.0404013 3.59693e-05 6.98849e-05 0.69365 9.27527e-05 3.36031e-06 0.000237369 7.01142e-05 0.00252035 
1.01419e-06 3.77758e-07 5.84769e-07 2.64018e-06 3.15423e-06 6.13569e-06 4.09178e-06 8.7867e-06 4.09931e-07 4.1401e-07 0.000108492 1.4485e-06 3.64179e-06 0.99984 9.11196e-07 4.42298e-06 8.07619e-06 4.53208e-06 1.26808e-06 
0.00130259 0.069171 0.0104495 0.000789103 4.95928e-06 0.000145593 4.4455e-06 9.4933e-06 0.0692035 0.0915856 0.00104961 6.67208e-05 0.0360227 0.675123 0.00611529 0.0364902 1.0172e-09 8.76036e-07 0.00246625 
0.00225058 0.0847143 0.00321198 0.000375617 5.73657e-05 6.5234e-05 6.96319e-06 6.50629e-09 0.325121 0.109879 0.0142714 2.15292e-05 0.00921163 0.445792 0.0030819 6.8358e-05 1.05699e-06 0.000196813 0.00167404 
0.00713026 7.11018e-06 0.00375072 0.0228546 0.000309052 9.74421e-07 0.000644657 0.00824517 0.0345004 0.0313094 0.00217955 0.000102997 0.00597292 0.818358 0.00334828 3.35187e-07 4.25143e-05 0.0394169 0.0218258 
0.0498145 0.182805 0.00895202 4.54616e-06 0.00187416 0.000244984 0.0105037 7.38938e-06 0.0247064 0.0296427 0.172224 0.000367568 0.00242526 0.43213 0.00730364 0.000539488 3.70836e-05 0.00209458 0.0743233 
0.00133702 0.0564005 0.0212521 0.0231007 0.000461085 6.51492e-05 4.57867e-05 7.68042e-09 0.0444049 0.0288985 0.00179754 0.000142204 1.71303e-05 0.808637 3.40247e-05 1.3721e-05 3.09711e-07 0.00695874 0.00643353 
0.00320576 0.0238492 0.00790677 1.1741e-05 4.28432e-07 1.1483e-05 0.000388756 1.19348e-06 0.000153147 0.000176405 0.000857122 7.33367e-06 7.83853e-05 0.949762 0.0134898 1.37258e-05 1.09697e-06 4.04543e-05 4.48308e-05 
0.00318771 0.148037 0.0474924 0.00242675 0.00094143 2.57259e-05 0.0304055 8.44872e-05 0.0190178 0.220374 0.00656458 7.96834e-05 0.0111346 0.31941 0.154894 0.00168989 1.67495e-05 0.0017427 0.0324746 
0.0666805 0.121574 0.0134451 0.0108066 0.0127905 0.000199915 0.000840318 0.00120647 0.0285119 0.0833629 0.0239516 4.01699e-05 0.00285188 0.611376 0.00292297 9.58749e-05 0.000670519 0.00245068 0.016222 
0.0276514 0.0120269 0.101772 0.00647454 1.48617e-05 2.94678e-05 0.000255395 1.46172e-07 0.114991 0.000551912 0.00522678 5.61607e-05 2.41963e-05 0.728832 2.51065e-06 3.66747e-06 1.34352e-07 0.000108398 0.00197801 
0.00771458 0.357333 0.0804496 0.0247468 0.0029877 9.43323e-05 0.00301975 2.15437e-09 0.00292885 0.0619577 0.0195593 0.000220345 0.000368481 0.417067 0.00591762 0.00692019 7.38326e-06 0.00657046 0.00213701 
0.00300133 0.0805604 0.0149749 0.0365639 1.16928e-05 0.00164406 0.000762616 2.41464e-08 0.100547 0.247241 0.00128293 0.000102872 0.00324759 0.348627 0.0761232 0.00536126 0.0655213 6.52684e-06 0.01442 
0.033367 0.0503603 0.0219965 0.000806795 0.00408863 6.61525e-05 0.0176272 4.2884e-06 0.0339168 0.0829397 0.0631976 0.013288 0.000325764 0.572012 0.00373543 0.000668191 0.00103707 0.004745 0.0958172 
0.00905049 0.0531171 0.0214571 0.000622986 0.00015766 0.000286364 0.000234257 3.45374e-09 0.100702 0.0333631 0.031685 0.00190291 0.000714803 0.739327 0.00162684 0.000986444 1.89935e-06 0.000157824 0.00460641 
0.0417453 0.125704 0.0244572 0.0113485 0.000356976 0.0102079 0.00372515 0.00596441 0.0731759 0.0268065 0.0269686 0.000206942 0.000964632 0.631892 0.000295053 0.00173278 3.69611e-06 0.000324996 0.0141195 
0.0271924 0.181496 0.0226819 0.000177931 0.0337903 0.000286919 0.00416347 3.84678e-07 0.064877 0.0527162 0.020421 0.000168355 0.00747376 0.514253 0.0114549 0.000220135 2.71419e-05 0.00150129 0.0570977 
0.0139575 0.101818 0.101386 0.0315988 0.00297855 1.38795e-06 0.0831743 2.90006e-06 0.0269513 0.121798 0.02414 0.000986314 0.000357168 0.33055 0.0373174 0.000980461 1.04338e-05 0.0392203 0.0827716 
0.150125 0.177475 0.0755683 0.0892364 0.0371743 0.078937 0.000837926 0.000970957 0.0718573 0.0283738 0.0277136 0.000294219 0.000790872 0.185159 0.0146642 0.00996713 4.64523e-05 0.00266855 0.0481409 
0.000150342 0.0280486 0.00319052 0.00108406 1.70287e-05 0.000289941 0.00023838 0.130812 0.013309 0.00298281 0.000657927 0.000122667 0.0103572 0.798345 0.000900049 5.92168e-05 3.50765e-06 0.00653369 0.00289828 
0.0659174 0.11142 0.00745553 0.000124646 0.00143533 0.000993027 0.00136324 4.82679e-06 0.0964438 0.0115064 0.122249 0.000341205 0.000399864 0.519077 0.00392356 0.000752816 4.08074e-06 0.00128445 0.0553045 
0.091425 0.164275 0.0270089 0.0102814 0.00181842 1.1608e-05 0.00270189 0.00255043 0.305219 0.0593617 0.0093921 0.009286 0.00344703 0.30539 0.000299634 0.000731998 0.00177483 0.00137605 0.00364912 
0.0340385 0.0116489 0.0381402 0.00127046 0.00035654 2.12453e-05 0.000410277 0.000198279 0.00801489 0.0414043 0.00275751 0.00016155 0.000204281 0.841559 0.00447998 0.00196093 0.000191844 5.20288e-05 0.0131291 
0.00187126 0.0772693 0.013325 7.50527e-05 0.000329182 3.40781e-05 0.000687789 5.19767e-07 0.00677461 0.0115768 0.00718015 0.000252656 0.00010141 0.873517 0.0056359 0.000138863 1.15809e-05 0.000307583 0.000911487 
0.00232401 0.0888692 0.0206678 0.121126 0.000375104 1.25937e-05 3.97889e-05 1.38767e-07 0.07003 0.0245496 0.000477385 6.06188e-06 0.0054285 0.627137 0.035206 0.00203772 0.000320279 0.000260108 0.00113228 
0.00647084 0.0632871 0.0740374 0.0462891 0.0649527 5.06994e-05 0.00186766 0.000818636 0.0312002 0.133224 0.00180539 0.000265771 0.000689467 0.554289 7.11787e-06 0.00186602 1.54218e-08 0.00187638 0.0170027 
0.00163924 0.11154 0.0119542 0.00454741 4.85865e-05 0.000528702 0.00152462 7.43738e-09 0.0932789 0.0400504 0.0131167 0.154012 0.00569992 0.480069 0.0300513 0.000532275 2.45486e-05 3.19699e-05 0.0513504 
0.0171454 0.0433483 0.0791543 0.0768529 0.000548043 0.000110721 3.54e-08 7.60182e-08 0.212177 0.109832 0.00938386 3.07759e-06 0.000243678 0.400935 0.00260334 0.014344 3.76148e-06 2.31266e-05 0.0332911 
0.00109022 0.123297 0.0325045 0.00482349 1.13058e-06 1.74769e-05 1.21652e-06 9.69213e-09 0.122682 0.0253079 0.00243692 2.48199e-05 1.04934e-06 0.686527 3.19083e-05 0.000103726 8.90841e-09 6.11113e-06 0.0011431 
0.0135289 0.225959 0.0182729 0.00649385 0.0033955 1.69201e-05 0.0122921 1.74185e-09 0.0649261 0.078627 0.073681 0.00331612 0.00104273 0.43259 0.00495475 0.000471389 0.00343051 0.00313469 0.0538675 
0.00242323 0.0743334 0.000929764 0.00011639 0.0054927 7.40277e-07 1.60195e-05 2.07374e-08 0.00315744 0.0112571 0.00086615 4.28434e-05 5.95679e-06 0.856728 0.0435724 1.04386e-08 7.53935e-07 1.60152e-05 0.00104088 
0.000150342 0.0280486 0.00319052 0.00108406 1.70287e-05 0.000289941 0.00023838 0.130812 0.013309 0.00298281 0.000657927 0.000122667 0.0103572 0.798345 0.000900049 5.92168e-05 3.50765e-06 0.00653369 0.00289828 
0.00119581 0.0751222 0.0252521 0.000449541 8.5288e-08 8.83452e-11 0.00042989 1.26516e-10 0.0735931 0.332951 0.00152815 1.38793e-06 0.000181789 0.419137 0.0516747 0.0142347 5.63967e-08 9.08682e-05 0.00415745 
0.0178778 0.0572009 0.00654813 0.051306 0.00049322 0.000299512 5.54873e-06 1.20163e-05 0.105921 0.148385 0.00125567 0.000115442 0.00105791 0.537802 0.0043609 0.00548782 4.67907e-05 0.000137343 0.0616872 
0.00444112 0.0906529 0.0349783 0.0339252 0.00124661 4.8598e-05 0.151112 3.2471e-09 0.0149989 0.0163701 0.0184807 0.00131712 0.000296793 0.617427 0.00154008 0.000174638 5.36208e-08 0.00177117 0.0112181 
0.0823122 0.15129 0.043277 0.061745 0.0155098 0.00347727 0.00186412 3.80564e-08 0.0482622 0.132252 0.0103302 1.8227e-05 0.00618763 0.401996 0.00117022 0.00692472 9.23335e-05 0.000696986 0.0325936 
0.0188471 0.0692215 0.12841 0.00511568 0.00584797 1.74551e-08 0.0540406 2.49968e-08 0.0236576 0.110908 0.0104089 9.56516e-05 9.75275e-05 0.464408 0.00940928 0.00120827 0.000473118 0.00900073 0.0888504 
0.0315679 0.0819675 0.0356729 0.000657595 0.00158561 1.44557e-05 0.00304711 1.67316e-06 0.0490533 0.106849 0.217986 0.00420956 6.61047e-05 0.373419 0.0012641 0.00179795 0.000249535 0.000542295 0.0900491 
8.55029e-09 0.0278436 0.0107009 0.0288644 1.323e-10 4.73555e-06 0.00201781 3.68545e-10 1.7194e-11 0.00285003 0.00155762 0.000170346 1.5275e-10 0.868489 0.0341806 0.023316 4.50564e-06 7.60556e-07 5.31877e-11 
0.002266 0.031868 0.00993444 0.00715887 4.64552e-05 0.000767288 0.00212816 1.30432e-08 0.0125485 0.0434094 0.00275981 0.252183 0.00120223 0.521012 0.0500601 6.54189e-05 1.99454e-05 2.60508e-05 0.0625442 
0.0516643 0.22161 0.104491 0.0047441 0.00309895 5.07554e-05 0.00245278 2.80522e-09 0.106152 0.103335 0.00272172 0.0291309 0.000568708 0.364876 0.0023366 2.77391e-05 7.00857e-05 6.49075e-05 0.00260475 
0.00289206 0.0257131 0.0147919 0.0164962 0.000113559 0.000131139 0.000209871 1.53221e-07 0.0537806 0.0422456 0.00850154 8.75851e-05 0.00217591 0.816647 0.000347531 0.00266868 1.40643e-06 0.000866236 0.0123299 
0.0248726 0.0183421 0.0278409 1.38129e-05 0.00129706 0.000178895 3.10793e-05 3.70195e-06 0.0279066 0.0249719 0.044545 0.00047328 0.000145459 0.829035 0.000184445 1.86346e-06 4.79465e-05 1.90942e-06 0.000106707 
0.0153546 0.0946186 0.0491053 0.00096231 0.000163626 0.000105676 0.0102882 1.72191e-09 0.0768968 0.17022 0.139671 0.000178363 0.00132331 0.408843 0.00755829 0.000205267 1.14453e-05 0.00452699 0.0199676 
0.000541539 0.0974636 0.0435049 0.0112323 8.72218e-08 1.04927e-05 0.00111002 1.48241e-10 0.220453 0.132025 0.0626797 0.000195966 0.0890806 0.308301 0.00941967 0.00450983 0.00112702 0.00833048 0.0100157 
0.0200651 0.0810242 0.058162 0.0106704 0.000826376 0.000991241 0.00793461 9.26278e-10 0.192105 0.0416681 0.0576844 0.0743267 0.023317 0.271553 0.00560921 0.00028539 3.35817e-05 0.00119726 0.152546 
0.0387251 0.108556 0.052455 0.001525 1.53391e-06 0.000148724 0.00482528 1.07802e-05 0.0140116 0.0312346 0.00991192 0.000152875 0.112027 0.603191 0.00774197 0.000454987 0.000831814 0.0025597 0.0116349 
0.00294878 0.0797287 0.0583848 0.00438194 0.000894437 2.15448e-05 0.0238724 0.000122206 0.0395343 0.0968556 0.0305179 8.00772e-05 0.00192782 0.606618 0.00795267 0.00198602 7.49879e-06 0.0276424 0.0165227 
0.0139292 0.0901832 0.0379447 0.00434895 0.00420314 6.4433e-06 0.00367527 2.89578e-06 0.0844069 0.28468 0.0564318 0.00033118 0.0683928 0.292742 0.0181161 0.00153625 3.54041e-05 0.0135783 0.0254555 
0.00897798 0.293986 0.0066771 0.000305901 0.00157503 0.000490574 0.00457361 5.89398e-06 0.1088 0.0685407 0.0440973 0.000460407 0.0118211 0.43118 0.00898682 0.000632478 1.75168e-06 0.000586192 0.00830134 
0.0374281 0.0462025 0.0091009 9.14962e-07 0.000248115 8.91683e-05 0.0224144 5.72057e-11 0.18194 0.177917 0.0264429 0.00015353 0.00110075 0.48975 0.000301528 0.00157814 1.75486e-07 2.79711e-05 0.00530336 
0.089242 0.0777219 0.0743932 0.0164405 0.0159461 3.85746e-05 0.00101322 0.00010084 0.105767 0.123553 0.0474589 0.00291964 0.0213108 0.262217 0.0101517 0.00382018 0.000507999 0.0160885 0.131309 
0.000128413 0.00189464 0.0110447 0.000371904 0.209881 9.1034e-10 0.0121568 1.30366e-09 0.00313504 0.0487842 7.20839e-05 4.2801e-05 2.27926e-07 0.711258 1.44736e-05 3.54378e-07 0.000692312 2.0503e-05 0.000502665 
1.65015e-08 0.00408045 0.00087434 1.30699e-05 4.03759e-05 9.98315e-08 5.10386e-06 1.42965e-07 0.0032088 0.0160057 0.000305857 5.74123e-06 7.77748e-05 0.973771 0.000221143 7.19646e-08 1.31405e-07 1.33865e-05 0.00137663 
0.00475727 0.170089 0.0294654 0.000175992 0.000170715 0.00123775 0.281162 1.31332e-06 0.0240497 0.0234746 0.00824951 0.00487393 0.00764394 0.432961 0.00396862 2.78044e-05 5.30122e-06 0.00121905 0.00646732 
6.21135e-05 3.48292e-05 3.93515e-09 1.77668e-08 2.12261e-08 4.12896e-08 3.03163e-05 5.91293e-08 0.000347584 0.000682864 0.00021325 9.74758e-09 2.45071e-08 0.996957 0.000248959 0.00123524 5.4348e-08 0.000106774 8.10758e-05 
0.00632898 0.154947 0.0227485 2.27419e-05 0.00489258 0.000488915 0.0042105 4.24948e-11 0.21108 0.0681538 0.0401072 0.000404987 0.0129439 0.428796 0.0307631 0.000217733 7.02919e-06 1.6349e-07 0.0138869 
0.0329192 0.169091 0.0752556 0.0019721 0.0134561 0.000191858 0.00681645 3.91473e-05 0.0199736 0.00872037 0.0744116 0.0042006 0.00130339 0.520088 5.2906e-05 4.40492e-05 2.57218e-05 0.000651708 0.070787 
0.000128413 0.00189464 0.0110447 0.000371904 0.209881 9.1034e-10 0.0121568 1.30366e-09 0.00313504 0.0487842 7.20839e-05 4.2801e-05 2.27926e-07 0.711258 1.44736e-05 3.54378e-07 0.000692312 2.0503e-05 0.000502665 
0.000128413 0.00189464 0.0110447 0.000371904 0.209881 9.1034e-10 0.0121568 1.30366e-09 0.00313504 0.0487842 7.20839e-05 4.2801e-05 2.27926e-07 0.711258 1.44736e-05 3.54378e-07 0.000692312 2.0503e-05 0.000502665 
0.000157826 0.269775 0.111711 0.000673763 0.000111519 3.63899e-07 0.000267614 6.58653e-07 0.0602864 0.00260193 0.00168707 0.000459576 6.70342e-05 0.278076 7.14136e-05 1.23883e-06 5.01676e-05 0.00331565 0.270686 
0.00484347 0.0200717 0.00993651 2.746e-05 0.000525474 0.000199401 2.94478e-05 1.92766e-06 0.0108856 0.00120595 0.0039901 9.84928e-06 0.00144638 0.944304 2.99199e-05 1.98997e-05 3.22445e-06 9.84238e-06 0.00245969 
0.0223693 0.0462891 0.0768291 0.00948127 0.0110118 0.00228079 6.73573e-05 1.26833e-07 0.0197574 0.0413795 0.0226265 0.000231009 0.00119468 0.722942 0.00749536 0.00182668 4.40472e-05 0.00100098 0.013173 
