0.00255092 0.0015001 0.048316 0.00522437 0.00118377 8.01183e-08 7.99788e-05 1.93579e-09 0.0218826 0.372116 0.00105657 2.10201e-07 0.00258457 0.0208203 0.513513 0.00705189 3.62419e-05 0.00185581 0.000228509 
0.000429162 0.0329109 0.00182701 0.000460396 6.09977e-05 1.14435e-07 0.00706875 1.41879e-07 0.0289097 0.146133 0.000674613 0.00016255 0.000872427 0.00700916 0.74829 0.000964025 3.61293e-06 0.000299375 0.023924 
0.00591201 0.106177 0.0193294 0.00242807 0.000341998 6.10053e-08 0.000178497 1.77978e-10 0.0922487 0.301386 0.00353155 8.33978e-05 0.000175189 0.0282885 0.418416 0.00225964 0.00305671 0.000563326 0.015624 
0.0103626 0.000177329 0.00370656 8.29868e-08 0.00549069 3.01428e-07 0.000232134 2.92891e-12 0.0256571 0.246599 0.0213335 4.06827e-05 0.00097234 0.000714222 0.683595 0.000936238 2.97793e-05 7.02129e-05 8.15187e-05 
0.124701 0.143254 0.11334 0.00322069 0.0145015 0.000102114 0.00120244 2.13822e-05 0.0792863 0.0854121 0.0708632 0.000777653 0.000692207 0.038069 0.266451 0.0230098 0.00276406 0.00744414 0.024888 
0.000972563 0.00640846 0.111045 0.00360952 0.000139766 5.23801e-07 0.000291256 8.38987e-12 0.00219546 0.0169428 0.000998869 4.36952e-07 2.40775e-06 0.00241703 0.849751 0.00256634 0.00252768 8.53964e-05 4.53015e-05 
0.00417886 0.0335276 0.0137981 8.31105e-05 0.0016412 4.66735e-05 0.0456079 4.12855e-10 0.00687483 0.109102 0.00614555 6.25938e-05 0.0178521 0.0387373 0.703482 0.0177381 1.22261e-05 0.000435656 0.000673876 
0.000222844 0.033854 0.000962297 0.0012197 6.30486e-05 4.80751e-07 0.00195059 1.05943e-09 0.0321296 0.0895266 0.00102492 2.59496e-05 0.000721498 0.0078561 0.823219 0.000300662 1.75717e-06 0.000187571 0.00673328 
0.000834545 0.000687951 0.00111172 0.000114077 0.000305977 1.26705e-08 0.000187151 3.86039e-11 0.00699265 0.207907 5.06948e-05 3.7796e-07 0.00105801 0.00230034 0.778016 0.000309232 3.54098e-08 7.77967e-05 4.67561e-05 
0.00602966 0.148783 0.0591222 0.000175711 0.00260351 5.03869e-06 5.99645e-05 3.61484e-11 0.0102857 0.00276875 0.00657094 3.29459e-05 1.39244e-05 0.00298778 0.713639 0.00103564 0.000295006 0.000202113 0.0453887 
0.00023583 0.0118646 0.014913 0.0122562 9.11142e-08 4.18427e-07 3.7656e-05 3.69888e-10 0.0855614 0.269797 0.00666643 0.000143058 0.0674623 0.0998624 0.425095 0.00241924 1.86767e-05 0.000311891 0.00335555 
0.00251074 0.0483314 0.00824069 6.34457e-06 0.000312408 0.000100298 6.49844e-05 3.15357e-11 0.0573862 0.146809 0.00960217 4.61123e-05 0.00858217 0.00613363 0.644773 0.000317262 6.92527e-05 0.0119787 0.0547351 
0.0360748 0.0440157 0.0281667 0.00243534 0.00238672 1.16926e-05 0.00195404 0.000883128 0.0699893 0.334818 0.0333342 0.000487531 0.0101934 0.0168299 0.38623 0.0139045 0.00300034 0.000570554 0.0147138 
0.0261453 0.185683 0.0785812 0.0016598 0.0144627 0.000885302 0.000107354 0.00309267 0.173473 0.0276891 0.0690154 0.000203374 4.98343e-05 0.0426603 0.320604 0.00442808 0.000222771 0.00207049 0.0489663 
2.80538e-08 8.2476e-12 9.2785e-07 0.000161032 1.8871e-08 1.33961e-10 8.99926e-07 1.9184e-10 4.08962e-08 0.409398 2.34525e-11 3.16252e-11 2.39932e-06 0.0758205 0.510476 0.00374319 0.000397477 9.89489e-11 2.44095e-08 
0.0186651 0.0195321 0.071241 0.0209326 0.000157178 7.72346e-06 0.0999852 4.96553e-08 0.196401 0.182607 0.0749292 5.08903e-05 0.0209394 0.036179 0.222132 0.000656651 4.8816e-05 0.000157177 0.0353782 
0.0143222 0.0497395 0.010675 0.00253901 0.00531118 1.22707e-06 0.00327673 2.28301e-10 0.0461985 0.224102 0.0091251 1.09643e-05 0.0404813 0.0828724 0.508114 7.65133e-05 7.78384e-05 0.000237773 0.00283883 
4.60118e-05 0.0115812 0.000193046 4.9662e-07 8.67736e-07 4.76868e-07 1.59027e-05 8.21207e-12 0.0212472 0.405824 0.000321769 2.04802e-05 0.00799422 0.00144155 0.546499 3.64727e-05 0.000210168 1.1951e-05 0.00455492 
0.00138815 0.00249175 0.000800518 3.40751e-05 3.50262e-08 1.53027e-05 6.39905e-06 1.76577e-11 0.00166227 0.0692898 0.000876897 4.49898e-06 0.000145142 0.00195823 0.840519 0.000308741 0.08032 7.19545e-05 0.000106719 
6.92513e-05 0.00117914 0.00111453 2.30589e-05 2.17821e-10 5.08314e-07 1.25193e-05 1.96653e-12 0.00477184 0.039432 0.00148036 9.50558e-06 0.00230488 0.000995714 0.947641 4.66327e-05 4.9548e-05 0.000340731 0.000528398 
0.000557558 0.0251915 0.00347599 0.000100032 0.00389576 1.58652e-06 0.00143211 6.48091e-08 0.0169844 0.0655776 0.000796419 8.85717e-06 0.000130288 0.00517007 0.868676 0.000635879 0.0054826 0.000109398 0.00177436 
0.000103876 0.00174174 0.00165542 3.45874e-05 3.11098e-10 7.62308e-07 1.87783e-05 2.6598e-12 0.00715775 0.0564903 0.00201949 1.42575e-05 0.00345732 0.00145754 0.924467 6.9948e-05 6.98239e-05 0.000511093 0.000730177 
0.0552565 0.00799909 0.0889372 0.00351847 0.0929235 8.15176e-07 0.000177028 3.04039e-07 0.195902 0.137977 0.0105192 4.56874e-06 0.00270798 0.102546 0.235289 0.00776617 0.0337582 0.0217389 0.00297874 
0.082022 0.0166417 0.0197598 0.000835413 0.00410276 8.93175e-06 0.00137999 6.16704e-07 0.116825 0.155108 0.0897905 5.4816e-05 0.00589099 0.0357528 0.46808 0.00123937 7.68614e-05 0.00155333 0.000876652 
0.0029303 0.0125196 0.0165531 4.08793e-05 0.00645329 7.41999e-06 2.10303e-05 1.73374e-09 0.00876238 0.00499525 0.0109708 2.34236e-08 6.70295e-05 0.000439166 0.935165 0.000258883 0.000140006 2.44551e-05 0.000651589 
0.0140034 0.0155994 0.0197455 9.63757e-06 0.00131086 0.00250099 0.00083607 4.0272e-09 0.0538195 0.288221 0.0128478 0.000177191 0.180518 0.0102998 0.382071 0.00179348 7.30737e-05 0.000729627 0.0154441 
9.38932e-05 0.0386512 0.0879679 0.0029749 7.81728e-05 1.47672e-05 0.0357066 0.0148228 0.00623852 0.156467 0.00526873 4.66598e-05 0.000906238 0.056365 0.545918 0.0429504 9.97291e-05 0.000753471 0.00467577 
0.000222844 0.033854 0.000962297 0.0012197 6.30486e-05 4.80751e-07 0.00195059 1.05943e-09 0.0321296 0.0895266 0.00102492 2.59496e-05 0.000721498 0.0078561 0.823219 0.000300662 1.75717e-06 0.000187571 0.00673328 
0.00413001 0.0346598 0.0143616 0.0258785 0.000864429 2.37705e-05 0.00546864 0.000259816 0.0772421 0.111711 0.0126299 0.000203994 0.00349745 0.0743569 0.613045 0.00470358 9.57791e-05 0.000391826 0.0164758 
0.00457309 0.0819188 0.0109267 0.000379744 0.00270018 2.21013e-06 0.010622 1.51214e-08 0.0852783 0.103397 0.0694162 8.19513e-05 0.000830473 0.0463784 0.577383 0.00341299 3.14594e-05 0.000219923 0.00244752 
0.0126305 0.0498836 0.0183467 0.0100248 0.000817259 6.36221e-05 0.0354727 9.35926e-06 0.0375396 0.171628 0.00272974 0.000498662 0.000676031 0.242765 0.37287 0.00310565 2.80755e-05 0.00363236 0.0372784 
0.00549023 0.098382 0.0534504 0.000158172 0.00141577 4.13039e-06 3.57708e-05 4.55481e-11 0.00432616 0.000462251 0.00394168 2.14064e-05 1.46221e-05 0.00121962 0.787135 0.000792993 0.000176331 0.000361337 0.0426117 
0.0111422 0.185378 0.0308961 0.000157462 0.00213469 3.3112e-05 0.0133649 3.63763e-08 0.129458 0.0832249 0.0239518 0.0020567 0.000525014 0.202379 0.275743 0.00121532 0.000718105 0.0110412 0.0265811 
0.00138815 0.00249175 0.000800518 3.40751e-05 3.50262e-08 1.53027e-05 6.39905e-06 1.76577e-11 0.00166227 0.0692898 0.000876897 4.49898e-06 0.000145142 0.00195823 0.840519 0.000308741 0.08032 7.19545e-05 0.000106719 
0.000542533 0.0396235 0.00424889 0.000576881 0.000106409 2.84502e-09 1.38774e-05 5.16355e-11 0.0226864 0.23788 0.00193451 4.91087e-07 0.00389364 0.00531759 0.68009 0.00159336 0.000118888 1.2391e-05 0.00136041 
9.14638e-06 4.55293e-05 0.000243631 1.29579e-05 3.57404e-05 1.03534e-09 1.77443e-08 2.24859e-09 0.000243883 0.0253044 5.1139e-05 1.06353e-09 1.74524e-05 0.000779607 0.970568 0.00168034 9.59856e-12 4.59434e-09 0.00100833 
0.00128347 0.0732515 0.00639603 7.54136e-05 0.0054403 1.17509e-07 0.000542907 1.05745e-09 0.0540603 0.0911091 0.00108817 2.60829e-05 0.000132109 0.00354132 0.760631 5.54988e-05 3.40487e-10 2.97931e-05 0.002337 
0.0112465 0.0315615 0.00840502 0.0139873 0.00031789 3.85718e-07 0.00150607 0.01206 0.0587864 0.391349 0.00686957 0.000105691 0.00610761 0.0278163 0.394936 0.00218329 0.00905389 0.00107416 0.0226336 
0.00533908 0.00114945 0.0263276 0.000670893 0.000941211 1.50963e-07 7.74698e-05 5.03999e-11 0.0164252 0.367575 0.019185 0.000171589 0.0671128 0.00437068 0.477404 0.00547121 0.00670567 0.000134653 0.000937878 
0.0138642 0.0146234 0.00448014 8.79749e-06 0.0926416 3.64213e-07 0.00416361 4.23786e-08 0.0736513 0.27349 0.0204303 7.61915e-06 0.0231912 0.00176817 0.465392 0.00193831 0.00869649 7.77292e-05 0.00157446 
0.000179652 0.0265336 0.00264358 4.51091e-05 3.71588e-06 5.86085e-12 0.000302354 8.3931e-12 0.0112624 0.113345 0.00615056 0.000710533 0.00186961 0.0200949 0.798339 2.74213e-06 5.24647e-08 4.32906e-12 0.0185176 
0.0183654 0.112442 0.0384579 0.00167216 0.00579201 4.92739e-05 0.00346051 1.707e-05 0.082888 0.267063 0.00391219 4.11443e-05 0.00158208 0.0449239 0.404205 0.00613461 6.14553e-05 0.00693954 0.00199219 
0.00118997 0.00477984 0.01254 0.00549533 1.32487e-05 1.47257e-05 1.58197e-05 8.76308e-09 0.0167355 0.0722847 0.000796219 1.79537e-06 2.51862e-05 0.0203612 0.863208 0.0011612 5.15454e-05 0.00032492 0.00100129 
0.0170103 0.0895822 0.0317552 0.00123779 0.00555474 4.73061e-06 3.72334e-05 1.42539e-05 0.103162 0.325529 0.0138298 0.000277107 0.0055358 0.0420954 0.335517 0.00348346 1.56132e-05 0.00308035 0.0222769 
0.000385661 0.0539621 0.0269668 0.00102576 5.05482e-05 0.00021839 0.00267597 4.91623e-08 0.00332225 0.0328188 0.00535388 0.000128778 0.0319976 0.203237 0.443652 0.000393438 3.46146e-06 0.185906 0.00790142 
0.00306745 0.0395462 0.00951797 4.51094e-05 0.0014872 8.69664e-07 0.000156638 1.30046e-06 0.0127383 0.0767802 0.00633335 3.07666e-05 0.000290123 0.00405213 0.844872 0.000422142 3.10981e-05 0.000239755 0.000387476 
0.00634818 0.0667907 0.0167029 0.0176115 0.000111566 3.14111e-07 0.000565524 0.000255297 0.0210493 0.261115 0.00110819 4.26388e-05 0.000178992 0.0111855 0.583502 0.00273015 2.2241e-06 0.000655376 0.010045 
0.104131 0.0110029 0.00582904 0.000538208 0.00115276 3.99789e-05 2.68867e-11 5.77366e-11 0.0743249 0.30197 0.00378825 2.79048e-05 1.48604e-07 0.000397128 0.482629 0.0111914 5.30679e-11 0.000442606 0.00253424 
0.023548 0.0572109 0.0103194 0.000281619 0.00316264 5.04731e-05 0.000209985 7.25272e-08 0.0386949 0.0728218 0.00718598 5.99225e-06 0.0134294 0.0590166 0.711478 0.000555737 4.92675e-05 0.000228335 0.00175147 
0.0023861 1.78437e-10 0.000164406 8.40247e-13 0.000770964 1.07149e-09 6.0397e-05 2.7964e-12 0.00387845 0.155721 0.000730995 1.5919e-05 0.000764083 0.000191308 0.834875 0.00043054 1.55343e-06 2.32834e-08 9.17272e-06 
0.0147629 0.0274637 0.0146429 0.00338551 0.00265689 0.00912529 0.00106252 4.53841e-07 0.0205159 0.115909 0.0382316 4.14348e-05 0.00106175 0.0156419 0.708219 0.00467404 0.00486536 0.0113634 0.00637677 
0.00361891 0.00578078 0.00561137 0.000419692 0.000888371 0.000191115 4.32523e-05 7.24211e-08 0.0103008 0.0454347 0.00905341 1.07112e-05 0.0126853 0.00119348 0.902107 0.000213333 5.10256e-05 0.000837623 0.00155938 
9.54082e-07 9.54203e-07 0.0115464 9.53767e-07 9.53675e-07 9.53099e-07 9.53496e-07 9.52588e-07 0.0130735 0.0509552 9.54071e-07 9.54e-07 0.00429207 0.137207 0.743628 0.0204996 9.52727e-07 0.0121092 0.00667919 
0.00313848 3.09194e-06 0.000751647 4.0689e-10 0.00108622 1.83187e-09 4.77505e-06 8.81778e-10 0.0229121 0.00849104 0.00547147 4.07961e-07 1.19112e-05 5.45186e-09 0.957824 0.000222592 2.71785e-08 3.97923e-08 8.1977e-05 
0.00535243 0.0384054 0.00964863 0.00235781 0.000293437 2.13794e-10 5.52213e-05 3.51319e-12 0.0337437 0.15187 0.00341262 1.23623e-06 0.000175601 0.0105519 0.725069 0.00186455 0.000530744 0.000555804 0.0161118 
0.00602966 0.148783 0.0591222 0.000175711 0.00260351 5.03869e-06 5.99645e-05 3.61484e-11 0.0102857 0.00276875 0.00657094 3.29459e-05 1.39244e-05 0.00298778 0.713639 0.00103564 0.000295006 0.000202113 0.0453887 
0.0115734 0.047642 0.0561228 0.00977672 0.00221406 4.12373e-06 0.00847129 2.72869e-07 0.0705088 0.129089 0.0726743 0.00161928 0.00110021 0.0434252 0.501082 0.00197604 0.00122482 0.00235715 0.0391388 
9.14638e-06 4.55293e-05 0.000243631 1.29579e-05 3.57404e-05 1.03534e-09 1.77443e-08 2.24859e-09 0.000243883 0.0253044 5.1139e-05 1.06353e-09 1.74524e-05 0.000779607 0.970568 0.00168034 9.59856e-12 4.59434e-09 0.00100833 
0.000385661 0.0539621 0.0269668 0.00102576 5.05482e-05 0.00021839 0.00267597 4.91623e-08 0.00332225 0.0328188 0.00535388 0.000128778 0.0319976 0.203237 0.443652 0.000393438 3.46146e-06 0.185906 0.00790142 
0.00397075 0.0560683 0.0122105 0.000949614 0.00118686 2.38771e-05 0.00443411 8.04645e-09 0.026971 0.12078 0.00331039 3.31888e-05 0.0112782 0.0372386 0.706721 0.00800854 0.000328881 0.0009141 0.00557171 
0.0269064 0.113626 0.0275238 0.00134228 0.000912795 0.000318985 0.00710984 3.25649e-07 0.0264567 0.0355148 0.194813 0.000832439 0.0161953 0.159024 0.235009 0.000445921 0.000102436 0.141557 0.0123092 
0.00366668 0.0344882 0.0112883 0.000524356 0.0025227 1.86382e-05 0.0107278 1.02071e-09 0.0337066 0.137142 0.0168724 3.49053e-05 0.0155131 0.0392841 0.686646 0.00628353 7.26866e-05 0.000349098 0.000859032 
0.000103876 0.00174174 0.00165542 3.45874e-05 3.11098e-10 7.62308e-07 1.87783e-05 2.6598e-12 0.00715775 0.0564903 0.00201949 1.42575e-05 0.00345732 0.00145754 0.924467 6.9948e-05 6.98239e-05 0.000511093 0.000730177 
0.0933188 0.0265546 0.0339897 9.91793e-08 0.330274 1.13217e-05 5.92913e-05 1.16619e-06 0.101656 0.0187822 0.0520137 1.01638e-06 0.000379722 0.000742816 0.340497 0.000247656 8.25895e-06 0.00124589 0.000216956 
8.59238e-05 0.0260357 0.00501807 0.000601994 0.000259675 9.29123e-07 0.0521957 5.46016e-08 0.0164147 0.344379 0.00133737 0.000168569 0.000247575 0.0382241 0.500524 0.000507269 3.79395e-07 0.000261898 0.0137369 
0.000439883 0.0440589 0.0046826 7.96005e-05 0.00774109 3.8747e-10 0.000444306 1.79056e-09 0.0256964 0.160921 0.000816164 1.6677e-06 0.000253822 0.00147115 0.752628 2.10532e-05 8.20603e-07 2.23557e-05 0.000721908 
0.000453871 0.0528325 0.00291782 0.00119267 0.000113629 2.10673e-06 0.00425356 2.73363e-08 0.0506285 0.136782 0.00192147 2.0733e-05 0.00037361 0.0223428 0.713765 0.000636534 6.31635e-06 0.000847264 0.0109099 
0.00132741 0.00197954 0.000576214 0.0025567 3.24105e-05 5.84096e-10 0.000727139 2.66456e-08 0.0327269 0.0814793 0.000138455 2.17781e-06 0.00187451 0.00217844 0.872081 0.00124199 1.50275e-06 3.73454e-09 0.0010759 
0.00397905 0.228889 0.0353251 0.00783915 0.000206438 2.30874e-09 0.00105465 1.46069e-08 0.0619984 0.293114 0.00130016 9.48596e-05 0.000241032 0.0239688 0.319759 0.00577003 0.000208801 0.000283837 0.0159674 
0.00053645 0.0411387 0.00225427 0.000510353 7.47439e-05 1.42974e-07 0.00883592 1.77209e-07 0.0361371 0.149197 0.000843264 0.000203186 0.00103637 0.00821069 0.71954 0.0012022 2.48069e-07 0.000374215 0.029905 
0.000586445 0.0543574 0.00528529 7.54113e-05 0.00424642 2.0345e-10 0.00054289 9.00451e-10 0.0342617 0.0632092 0.00108817 2.21758e-06 0.000132106 0.00147417 0.833709 3.56147e-05 3.16311e-10 2.97912e-05 0.000964415 
0.00614768 0.0694798 0.00690926 0.000150335 0.00712526 0.000267766 0.00245153 9.62165e-09 0.0756321 0.358311 0.00408781 3.10319e-05 0.0406263 0.0179631 0.392072 0.000431558 7.45524e-05 0.00486405 0.0133746 
0.0029303 0.0125196 0.0165531 4.08793e-05 0.00645329 7.41999e-06 2.10303e-05 1.73374e-09 0.00876238 0.00499525 0.0109708 2.34236e-08 6.70295e-05 0.000439166 0.935165 0.000258883 0.000140006 2.44551e-05 0.000651589 
6.92513e-05 0.00117914 0.00111453 2.30589e-05 2.17821e-10 5.08314e-07 1.25193e-05 1.96653e-12 0.00477184 0.039432 0.00148036 9.50558e-06 0.00230488 0.000995714 0.947641 4.66327e-05 4.9548e-05 0.000340731 0.000528398 
0.0038087 0.0116687 0.00768976 0.000347852 0.00173097 2.98119e-07 4.41469e-05 1.03338e-06 0.0239219 0.322746 0.00269453 1.74968e-06 8.68066e-05 0.0213553 0.552281 0.048271 0.000305803 2.31259e-05 0.00302156 
0.0024817 0.0244241 0.0735527 1.65019e-06 4.49695e-06 1.84284e-05 0.000223117 1.44993e-10 0.0643328 0.0224003 0.0253144 0.000661704 0.000537117 0.0142279 0.419398 0.348111 0.00106335 1.5266e-05 0.00323159 
0.0192202 0.0260012 0.0288318 1.95687e-07 0.000162471 0.00102035 0.00295225 2.62662e-08 0.0707156 0.236373 0.0153314 9.78195e-08 0.00431906 0.00550827 0.573673 0.000976443 9.66576e-08 0.00512056 0.00979441 
3.75368e-13 2.83177e-10 2.27714e-10 9.77173e-13 1.16743e-12 2.27092e-12 6.343e-08 3.2521e-12 1.38255e-06 0.0148239 2.81635e-05 3.07427e-08 6.60374e-05 7.62856e-05 0.983522 2.13212e-09 1.0503e-09 1.6774e-12 0.00148227 
0.00104987 0.0959766 0.0357661 0.00143438 0.000202339 1.06198e-05 0.000578965 1.80156e-12 0.341855 0.0802669 0.0597586 0.000116163 0.000124782 0.0168449 0.362126 0.000483295 8.72818e-05 6.14319e-09 0.00331857 
0.000966199 0.0299157 0.0775512 0.000276989 0.000122837 1.32144e-06 1.2911e-05 8.47681e-13 0.00623322 0.0023147 0.00105868 2.27725e-07 1.59908e-06 0.00025467 0.880374 0.000256132 0.000136476 6.80608e-05 0.000455013 
0.00135779 0.0299177 0.00320249 0.000143508 0.000796108 4.86571e-06 0.00252741 3.51293e-08 0.0221447 0.0634112 0.00185946 7.4849e-05 0.0165785 0.0227508 0.824067 0.00109449 5.99812e-06 0.000114363 0.00994885 
0.00886203 0.0565166 0.00903183 0.00171201 0.00321129 0.00013464 0.00176597 9.90975e-06 0.0633044 0.160513 0.0402785 0.000906896 0.0114864 0.0260769 0.596214 0.00141502 0.00149213 0.00191531 0.0151528 
0.0267987 0.27273 0.0230351 0.00931139 0.000329381 3.91803e-05 0.00362136 2.27414e-07 0.027186 0.154007 0.0119072 2.79818e-05 0.0012428 0.12568 0.333564 0.00131703 5.05245e-06 0.00503369 0.00416424 
0.00458797 0.0863177 0.0263833 0.000890448 0.0010695 2.14914e-06 0.0015475 3.14649e-11 0.0298852 0.0381593 0.00889272 2.0685e-05 0.000223251 0.00779986 0.767758 0.00109881 0.000826582 0.000799666 0.0237377 
0.00257614 0.020539 0.0106992 0.00151956 0.000823135 3.58088e-05 0.000830599 8.50166e-06 0.0212554 0.119341 0.0110438 0.000228858 0.0397242 0.00720165 0.749803 0.00279753 0.00143074 0.000926289 0.00921593 
6.92513e-05 0.00117914 0.00111453 2.30589e-05 2.17821e-10 5.08314e-07 1.25193e-05 1.96653e-12 0.00477184 0.039432 0.00148036 9.50558e-06 0.00230488 0.000995714 0.947641 4.66327e-05 4.9548e-05 0.000340731 0.000528398 
0.00205779 0.0353422 0.00953047 0.00229567 0.000552638 8.16222e-06 0.00110503 1.42757e-10 0.0297795 0.243137 0.00455724 0.000121893 0.0800323 0.0300322 0.556605 0.000812239 8.36053e-05 0.000172128 0.00377549 
0.00136681 0.00168355 0.0015181 7.12353e-05 2.97091e-06 1.22528e-09 5.38984e-05 3.13552e-12 0.00863006 0.215818 0.00833279 1.34022e-05 0.146762 0.00122836 0.593469 0.000630524 0.0195113 0.00040262 0.000505706 
0.00055881 0.00550665 0.0116679 5.49851e-05 0.00146153 1.24085e-06 0.00636935 5.59516e-08 0.00283704 0.0128199 0.00402539 1.36528e-05 5.35931e-05 0.000442991 0.951141 0.000488084 2.31125e-05 6.04339e-05 0.00247461 
0.00136681 0.00168355 0.0015181 7.12353e-05 2.97091e-06 1.22528e-09 5.38984e-05 3.13552e-12 0.00863006 0.215818 0.00833279 1.34022e-05 0.146762 0.00122836 0.593469 0.000630524 0.0195113 0.00040262 0.000505706 
0.0250849 0.0258499 0.111207 0.104237 5.45898e-06 2.34769e-10 0.000586551 3.36204e-10 0.0146638 0.0544932 4.1101e-11 5.58001e-09 1.94595e-07 0.203932 0.456678 1.69236e-10 3.09018e-10 6.07818e-07 0.0032605 
0.00776043 0.000532976 0.00824854 0.000787749 0.000323022 1.08237e-09 1.80695e-06 7.94692e-07 0.0263629 0.179816 0.00546647 7.91298e-07 0.000349068 0.000484253 0.765907 0.0035897 1.59961e-08 0.000325565 4.231e-05 
0.000603957 0.0443663 0.0067441 0.00174391 0.000204188 4.03386e-06 0.00171579 2.34259e-08 0.0346719 0.212441 0.00368353 0.000155474 0.206225 0.028881 0.441866 0.00422763 1.23752e-05 0.00026453 0.0121882 
0.0320463 0.0305311 0.0375169 0.020018 0.000392756 5.92218e-06 0.00520611 1.34943e-06 0.0770857 0.265546 0.0116732 5.94445e-05 0.00602619 0.121157 0.354301 0.00497268 0.000243815 0.00948887 0.0237287 
4.1001e-05 0.0819543 0.00134564 0.000196205 4.77686e-05 5.45841e-06 0.0033216 6.30014e-08 0.11846 0.320635 0.00159221 0.000296431 0.00459209 0.0142107 0.445045 7.06279e-05 1.35182e-08 0.000129276 0.00805561 
0.000586506 0.0587451 0.00618287 7.54313e-05 0.0102635 4.84464e-10 0.000592394 2.26702e-09 0.0342618 0.166271 0.00108821 2.22311e-06 0.000314852 0.0016144 0.718982 2.74881e-05 7.52928e-10 2.98063e-05 0.000962539 
0.00418726 0.203492 0.0279275 0.0068888 0.00237502 0.000401555 0.000224141 9.71411e-12 0.0659404 0.291333 0.00734403 0.0218019 0.0181914 0.0459101 0.295225 0.00714481 5.17573e-06 0.000570957 0.00103721 
0.000542533 0.0396235 0.00424889 0.000576881 0.000106409 2.84502e-09 1.38774e-05 5.16355e-11 0.0226864 0.23788 0.00193451 4.91087e-07 0.00389364 0.00531759 0.68009 0.00159336 0.000118888 1.2391e-05 0.00136041 
0.000179652 0.0265336 0.00264358 4.51091e-05 3.71588e-06 5.86085e-12 0.000302354 8.3931e-12 0.0112624 0.113345 0.00615056 0.000710533 0.00186961 0.0200949 0.798339 2.74213e-06 5.24647e-08 4.32906e-12 0.0185176 
0.0040577 0.0406397 0.0104167 0.00042993 0.00223153 2.39356e-05 0.00245622 7.47889e-07 0.0250783 0.0777805 0.00935959 0.000439113 0.00762503 0.0222637 0.790313 0.00124165 0.000287101 0.000312106 0.00504344 
0.000966199 0.0299157 0.0775512 0.000276989 0.000122837 1.32144e-06 1.2911e-05 8.47681e-13 0.00623322 0.0023147 0.00105868 2.27725e-07 1.59908e-06 0.00025467 0.880374 0.000256132 0.000136476 6.80608e-05 0.000455013 
0.000108111 0.0090485 0.000116199 9.04541e-07 1.23872e-06 1.32318e-06 1.61808e-05 4.5133e-08 0.0168447 0.410774 0.000195303 1.54777e-05 0.0047473 0.00587532 0.548966 0.000435292 0.000154185 1.02184e-05 0.00268979 
9.14638e-06 4.55293e-05 0.000243631 1.29579e-05 3.57404e-05 1.03534e-09 1.77443e-08 2.24859e-09 0.000243883 0.0253044 5.1139e-05 1.06353e-09 1.74524e-05 0.000779607 0.970568 0.00168034 9.59856e-12 4.59434e-09 0.00100833 
0.00169876 0.0167077 0.00425332 0.0023275 3.66589e-05 1.4407e-06 0.00471155 3.67527e-11 0.0200067 0.175302 0.00139643 9.76758e-06 0.000795452 0.0133764 0.75409 0.000896331 0.00106034 0.000214549 0.00311502 
0.000565766 0.00152801 0.000642876 0.00088891 0.000221987 6.18215e-08 0.00271132 1.59663e-08 0.00975258 0.0612427 0.000347929 2.024e-05 0.000692251 0.00515942 0.911534 0.00103354 4.1155e-07 1.65819e-05 0.00364106 
0.000429162 0.0329109 0.00182701 0.000460396 6.09977e-05 1.14435e-07 0.00706875 1.41879e-07 0.0289097 0.146133 0.000674613 0.00016255 0.000872427 0.00700916 0.74829 0.000964025 3.61293e-06 0.000299375 0.023924 
0.00161072 0.0603629 0.0194177 0.00039634 0.000921635 2.49241e-07 0.0042692 2.3977e-09 0.23172 0.137248 0.0295782 0.00023418 0.0169896 0.0551529 0.424874 0.00227898 9.12265e-05 0.0108138 0.00404024 
0.00208308 0.10858 0.00536978 0.000606184 0.00045975 6.18039e-06 0.0057584 1.47187e-06 0.219938 0.0679856 0.00418954 4.7729e-05 0.0016065 0.0276356 0.540464 0.000217464 6.31105e-05 0.00542561 0.00956224 
0.00132741 0.00197954 0.000576214 0.0025567 3.24105e-05 5.84096e-10 0.000727139 2.66456e-08 0.0327269 0.0814793 0.000138455 2.17781e-06 0.00187451 0.00217844 0.872081 0.00124199 1.50275e-06 3.73454e-09 0.0010759 
0.00531648 0.00563251 0.00218709 2.4906e-06 0.00058503 0.000209896 3.55285e-05 1.42771e-09 0.0597904 0.114205 0.0190278 8.51306e-06 0.0555272 0.00109954 0.733011 0.000937672 2.54918e-05 0.000815821 0.00158267 
0.0022903 0.0436842 0.0390686 0.0250843 0.00614733 8.84375e-06 0.000418584 4.52825e-05 0.00318923 0.0529798 0.0046445 8.95086e-05 3.51071e-08 0.0192091 0.783447 0.00652136 0.000412058 0.00177142 0.0109885 
0.0297642 0.143532 0.119151 0.0047405 0.00307171 2.87109e-06 0.000541462 6.25486e-07 0.118668 0.19316 0.0150049 9.74239e-05 0.000873669 0.0537 0.278497 0.00263117 7.32596e-05 0.000522146 0.0359688 
0.000586445 0.0543574 0.00528529 7.54113e-05 0.00424642 2.0345e-10 0.00054289 9.00451e-10 0.0342617 0.0632092 0.00108817 2.21758e-06 0.000132106 0.00147417 0.833709 3.56147e-05 3.16311e-10 2.97912e-05 0.000964415 
0.00271696 0.014066 0.00641482 0.000293861 0.000124087 1.4041e-07 0.00756743 8.52882e-09 0.0306907 0.349002 0.00340329 0.000111243 0.0231952 0.00954993 0.531218 0.00226013 0.0128026 0.000217998 0.00636542 
0.0050078 0.00837022 0.00857422 0.000851617 1.35009e-06 3.94324e-11 7.3657e-08 5.64697e-11 2.63451e-12 0.044884 1.44979e-07 3.25913e-08 2.08325e-07 0.341004 0.576198 1.27942e-07 5.19034e-11 2.91264e-11 0.0151074 
0.0255207 0.0857162 0.0245599 0.0308069 2.40636e-06 0.0512269 2.4059e-06 2.40362e-06 2.40769e-06 0.239326 0.014928 0.00890896 0.01083 0.174309 0.273487 0.0288711 0.0314943 2.40568e-06 2.40727e-06 
0.00157174 0.0162989 0.00341371 0.000901397 0.000538281 5.10349e-07 0.0134498 9.22163e-07 0.024266 0.0853296 0.00514601 7.78118e-05 0.00138585 0.00468373 0.83411 0.00123521 2.21638e-05 6.98566e-05 0.00749826 
0.000179652 0.0265336 0.00264358 4.51091e-05 3.71588e-06 5.86085e-12 0.000302354 8.3931e-12 0.0112624 0.113345 0.00615056 0.000710533 0.00186961 0.0200949 0.798339 2.74213e-06 5.24647e-08 4.32906e-12 0.0185176 
0.00634585 0.00551699 0.0009371 1.26914e-09 0.000436281 1.70971e-07 2.63107e-06 1.67519e-12 0.119274 0.0923733 0.0231931 2.98858e-06 0.0227932 0.00085107 0.727074 0.000792054 1.27596e-05 7.9648e-05 0.000314731 
0.0185971 0.0307402 0.0254824 0.000751364 0.000173588 0.000671558 0.000547804 1.05503e-06 0.190049 0.1223 0.0224252 3.05907e-05 0.00708874 0.0464722 0.523305 0.00103133 4.09908e-05 0.00213496 0.00815702 
0.00359003 0.129065 0.0100674 0.000595442 0.000792505 5.10674e-05 7.72872e-05 1.25194e-07 0.107837 0.0815409 0.0171978 3.89443e-05 0.0234134 0.0194064 0.603966 0.000934841 2.60516e-05 0.000206155 0.00119403 
4.60118e-05 0.0115812 0.000193046 4.9662e-07 8.67736e-07 4.76868e-07 1.59027e-05 8.21207e-12 0.0212472 0.405824 0.000321769 2.04802e-05 0.00799422 0.00144155 0.546499 3.64727e-05 0.000210168 1.1951e-05 0.00455492 
0.00525845 0.0207536 0.00733098 0.00461807 0.000146252 0.0392405 0.000650415 9.18784e-08 0.0146933 0.10861 0.0108225 0.000201201 0.00092743 0.0193517 0.734973 0.0112688 0.0158635 0.000229898 0.00506006 
0.00602966 0.148783 0.0591222 0.000175711 0.00260351 5.03869e-06 5.99645e-05 3.61484e-11 0.0102857 0.00276875 0.00657094 3.29459e-05 1.39244e-05 0.00298778 0.713639 0.00103564 0.000295006 0.000202113 0.0453887 
4.60118e-05 0.0115812 0.000193046 4.9662e-07 8.67736e-07 4.76868e-07 1.59027e-05 8.21207e-12 0.0212472 0.405824 0.000321769 2.04802e-05 0.00799422 0.00144155 0.546499 3.64727e-05 0.000210168 1.1951e-05 0.00455492 
0.0134274 0.0580629 0.0194004 0.00612195 0.0035732 0.000294337 0.00468473 2.25208e-05 0.0656446 0.357541 0.0231007 0.001702 0.0103899 0.0307624 0.384948 0.00597251 0.00157589 0.000810949 0.0119645 
0.0137815 0.0458741 0.00848091 0.00101129 0.00138419 0.000675057 0.00142004 6.37746e-05 0.0522159 0.223367 0.0226725 0.000366887 0.0799502 0.0320269 0.500105 0.0025823 0.00101874 0.00124836 0.0117552 
0.00053645 0.0411387 0.00225427 0.000510353 7.47439e-05 1.42974e-07 0.00883592 1.77209e-07 0.0361371 0.149197 0.000843264 0.000203186 0.00103637 0.00821069 0.71954 0.0012022 2.48069e-07 0.000374215 0.029905 
0.0106866 0.0562307 0.018072 0.000904286 0.00143901 9.44579e-06 0.000494424 1.0463e-11 0.0494823 0.0512372 0.0365457 0.00321942 0.00473421 0.040737 0.71224 0.000600399 0.00195236 0.00182561 0.00958907 
4.8118e-05 0.00129311 9.96422e-05 2.23206e-05 1.48801e-05 7.65564e-06 0.000163608 1.89605e-08 0.00124023 0.0902326 0.00184321 5.56672e-05 0.00483411 0.0250917 0.872257 0.00125912 2.01362e-05 0.000448245 0.00106892 
0.00770088 0.0226337 0.013895 3.40056e-07 5.55265e-07 9.46226e-05 0.00578935 5.36526e-10 0.0328952 0.0925021 0.0126296 3.43015e-07 0.145874 0.000306317 0.575535 0.00108534 0.00324277 0.00882189 0.0769933 
0.000586445 0.0543574 0.00528529 7.54113e-05 0.00424642 2.0345e-10 0.00054289 9.00451e-10 0.0342617 0.0632092 0.00108817 2.21758e-06 0.000132106 0.00147417 0.833709 3.56147e-05 3.16311e-10 2.97912e-05 0.000964415 
0.000586506 0.0587451 0.00618287 7.54313e-05 0.0102635 4.84464e-10 0.000592394 2.26702e-09 0.0342618 0.166271 0.00108821 2.22311e-06 0.000314852 0.0016144 0.718982 2.74881e-05 7.52928e-10 2.98063e-05 0.000962539 
0.00316258 0.0196661 0.0024024 1.00889e-05 0.000206411 8.93387e-08 8.51861e-05 2.39387e-10 0.070147 0.126197 0.0186704 0.000158158 0.0207437 0.00701762 0.726145 0.000270593 2.72504e-05 2.59513e-05 0.00506477 
0.000221466 0.00137688 0.00116684 0.000283448 0.000801665 1.09096e-08 0.00207173 8.5077e-12 0.000688149 0.0583797 0.000453621 1.91464e-08 4.17673e-05 0.0122349 0.919588 0.00197353 7.81975e-12 7.3609e-05 0.000644312 
0.00102633 0.109078 0.00225053 0.000279227 0.000103964 2.91478e-06 0.000267986 1.41518e-11 0.0689048 0.342264 0.00133874 1.53689e-05 0.00415026 0.0066207 0.42869 0.00014761 0.000437575 0.000300819 0.0341218 
0.00791467 0.0621038 0.0162759 0.000773841 0.0059279 2.60609e-06 0.00176973 1.46e-05 0.0871449 0.0869329 0.107283 0.00073214 0.0026062 0.0150774 0.590148 0.00813285 0.00219509 0.000528909 0.0044351 
0.00461399 0.0044484 0.00229541 0.000502311 0.000231979 6.19891e-08 2.97208e-05 2.81624e-12 0.0357211 0.107445 0.0112505 6.51101e-06 0.0385506 0.00156874 0.788572 0.000663901 0.00323428 0.000130567 0.000734459 
0.000103876 0.00174174 0.00165542 3.45874e-05 3.11098e-10 7.62308e-07 1.87783e-05 2.6598e-12 0.00715775 0.0564903 0.00201949 1.42575e-05 0.00345732 0.00145754 0.924467 6.9948e-05 6.98239e-05 0.000511093 0.000730177 
4.35954e-06 0.0754346 0.0718344 0.000643138 8.52846e-06 6.46255e-07 1.63411e-06 8.5425e-09 0.253223 0.199666 0.00748753 4.54884e-07 0.00151681 0.00333228 0.384139 0.000179713 1.17421e-05 0.00250882 7.11269e-06 
0.00136681 0.00168355 0.0015181 7.12353e-05 2.97091e-06 1.22528e-09 5.38984e-05 3.13552e-12 0.00863006 0.215818 0.00833279 1.34022e-05 0.146762 0.00122836 0.593469 0.000630524 0.0195113 0.00040262 0.000505706 
0.000222844 0.033854 0.000962297 0.0012197 6.30486e-05 4.80751e-07 0.00195059 1.05943e-09 0.0321296 0.0895266 0.00102492 2.59496e-05 0.000721498 0.0078561 0.823219 0.000300662 1.75717e-06 0.000187571 0.00673328 
0.00199655 0.00335317 0.00290667 1.06273e-08 0.000115836 0.000726319 9.10022e-05 3.25159e-09 0.0150602 0.130328 0.0071071 1.17324e-08 0.0806678 0.00100603 0.750353 0.000857424 3.37282e-05 0.0022754 0.00312181 
0.0108584 0.021589 0.0702463 0.00171982 0.000227535 0.000839056 0.00108717 8.04966e-09 0.0980419 0.286751 0.0264374 3.05018e-05 0.00916648 0.0147297 0.447417 0.00147835 4.25239e-05 0.00316998 0.00616735 
0.00549023 0.098382 0.0534504 0.000158172 0.00141577 4.13039e-06 3.57708e-05 4.55481e-11 0.00432616 0.000462251 0.00394168 2.14064e-05 1.46221e-05 0.00121962 0.787135 0.000792993 0.000176331 0.000361337 0.0426117 
0.00460813 0.111936 0.0445268 0.000143598 0.00201722 7.60879e-06 5.50212e-05 3.58926e-08 0.00784163 0.00210372 0.00500307 3.18246e-05 1.87736e-05 0.00228156 0.783882 0.000813342 0.000247619 0.000174554 0.0343076 
0.000100123 0.0431629 0.0334403 0.00173338 0.00180851 1.78728e-06 0.00537994 1.09974e-05 0.000900011 0.025444 0.0003115 8.11636e-06 0.000290695 0.0872848 0.783035 0.0159146 4.72393e-05 0.000911579 0.000214729 
2.49066e-05 0.018748 0.00359392 0.000114585 6.12315e-06 7.60476e-07 0.000852152 8.43269e-12 0.0130649 0.107064 0.00102213 1.7291e-05 0.000180498 0.0236754 0.828696 0.000720204 0.000308968 0.000562753 0.00134741 
0.000385661 0.0539621 0.0269668 0.00102576 5.05482e-05 0.00021839 0.00267597 4.91623e-08 0.00332225 0.0328188 0.00535388 0.000128778 0.0319976 0.203237 0.443652 0.000393438 3.46146e-06 0.185906 0.00790142 
0.00209311 0.00174507 0.00257318 0.00340249 3.0991e-06 2.70181e-12 2.21693e-08 3.86916e-12 0.00236201 0.0380664 5.60572e-05 6.37838e-13 1.60364e-12 0.00194849 0.947567 1.72587e-08 6.79717e-10 1.74878e-06 0.000181731 
0.0035357 0.0633671 0.0181913 0.000972435 0.000684287 1.18412e-06 0.00203457 2.83543e-07 0.0277089 0.0596384 0.00702089 1.6387e-05 0.000236822 0.0114217 0.787664 0.00102211 0.00173351 0.000990942 0.0137596 
0.0251933 0.000763198 0.0201524 1.2128e-05 0.000664576 5.6386e-09 0.000220698 9.28211e-11 0.0769338 0.280783 0.0126503 1.94415e-05 0.010913 0.0205617 0.549825 0.00114268 1.11578e-05 2.3635e-06 0.000151213 
4.60118e-05 0.0115812 0.000193046 4.9662e-07 8.67736e-07 4.76868e-07 1.59027e-05 8.21207e-12 0.0212472 0.405824 0.000321769 2.04802e-05 0.00799422 0.00144155 0.546499 3.64727e-05 0.000210168 1.1951e-05 0.00455492 
0.00148646 0.0374073 0.00640909 0.000269603 0.000160033 1.45691e-06 0.00727637 5.14891e-12 0.0368117 0.0416118 0.0101381 9.74638e-06 0.000377363 0.00703983 0.848738 0.000240284 1.52625e-05 0.000314597 0.00169324 
0.0156201 0.0396269 0.0187636 0.000452241 0.00525081 3.99e-05 0.00186381 1.63655e-06 0.0564003 0.343911 0.0260957 0.0120529 0.0185917 0.0410782 0.406324 0.0072932 0.000263006 0.000455866 0.00591477 
0.00136681 0.00168355 0.0015181 7.12353e-05 2.97091e-06 1.22528e-09 5.38984e-05 3.13552e-12 0.00863006 0.215818 0.00833279 1.34022e-05 0.146762 0.00122836 0.593469 0.000630524 0.0195113 0.00040262 0.000505706 
0.000827136 0.0775309 0.00644106 0.00117335 0.000347058 0.000105323 0.00124197 2.63454e-07 0.0154084 0.0825739 0.00206264 3.1293e-05 0.00238492 0.0295582 0.768155 0.00115106 0.00974655 0.000173187 0.00108743 
0.000429162 0.0329109 0.00182701 0.000460396 6.09977e-05 1.14435e-07 0.00706875 1.41879e-07 0.0289097 0.146133 0.000674613 0.00016255 0.000872427 0.00700916 0.74829 0.000964025 3.61293e-06 0.000299375 0.023924 
0.00160849 0.0492759 0.00875835 0.00322644 0.0033463 6.82993e-07 0.0030108 6.51843e-06 0.0438297 0.139816 0.00541276 3.99974e-05 0.00233777 0.0173157 0.705053 0.00620186 1.66173e-05 0.000414693 0.0103284 
0.0010547 0.0221661 0.00436123 0.000125096 0.000985559 5.99949e-05 0.0014061 5.19237e-08 0.0223978 0.0799718 0.0111028 0.000109391 0.011684 0.00625606 0.832858 0.000166277 3.40259e-05 0.000457231 0.00480326 
0.0980072 0.0206584 0.0214561 0.00577627 0.0200662 3.29454e-09 0.00177161 1.20184e-07 0.0605823 0.15466 0.00969725 8.74637e-06 0.00286881 0.0211326 0.566308 0.00775426 0.000165375 0.000405823 0.00867999 
0.00357406 0.0085816 0.0024825 0.000583599 0.000453783 2.81687e-07 0.00129118 4.18682e-09 0.0453516 0.0647525 0.00985582 4.81891e-06 0.00391856 0.00234457 0.854204 0.000847385 4.9392e-05 8.07816e-05 0.00162363 
0.00603267 0.0776366 0.00533149 2.58527e-05 0.000930019 2.17369e-05 0.000125369 4.23977e-09 0.0888496 0.0321566 0.036271 5.17417e-05 0.00861831 0.0255571 0.716567 0.000764429 1.60024e-05 0.000304192 0.00074082 
0.00602966 0.148783 0.0591222 0.000175711 0.00260351 5.03869e-06 5.99645e-05 3.61484e-11 0.0102857 0.00276875 0.00657094 3.29459e-05 1.39244e-05 0.00298778 0.713639 0.00103564 0.000295006 0.000202113 0.0453887 
0.00841582 0.0538354 0.0203837 0.00271009 0.0108054 0.000196112 0.000184859 3.38861e-08 0.0607876 0.141651 0.0416675 0.00700565 0.0187646 0.0655071 0.397476 0.00151531 0.0111842 0.00981085 0.148098 
0.00104987 0.0959766 0.0357661 0.00143438 0.000202339 1.06198e-05 0.000578965 1.80156e-12 0.341855 0.0802669 0.0597586 0.000116163 0.000124782 0.0168449 0.362126 0.000483295 8.72818e-05 6.14319e-09 0.00331857 
0.00209311 0.00174507 0.00257318 0.00340249 3.0991e-06 2.70181e-12 2.21693e-08 3.86916e-12 0.00236201 0.0380664 5.60572e-05 6.37838e-13 1.60364e-12 0.00194849 0.947567 1.72587e-08 6.79717e-10 1.74878e-06 0.000181731 
0.202554 0.0247606 1.12492e-06 0.000691178 0.00279517 2.11082e-05 6.18199e-05 2.40356e-09 0.00864292 0.210228 0.000878002 1.50464e-05 0.000368414 0.0258023 0.521937 2.8212e-07 2.2092e-09 0.0011258 0.000117716 
0.0022903 0.0436842 0.0390686 0.0250843 0.00614733 8.84375e-06 0.000418584 4.52825e-05 0.00318923 0.0529798 0.0046445 8.95086e-05 3.51071e-08 0.0192091 0.783447 0.00652136 0.000412058 0.00177142 0.0109885 
0.000917396 0.0182229 0.00131496 0.00221869 5.32554e-05 1.54724e-07 0.00306234 3.50645e-07 0.0296595 0.100963 0.000586225 4.62352e-05 0.00124958 0.00506551 0.825833 0.000859499 3.31506e-06 0.000124002 0.00981985 
0.00322453 0.0299237 0.00825976 0.0120638 2.84529e-05 1.47956e-08 0.00711931 4.75097e-11 0.00206806 0.220862 0.000104329 5.1842e-07 0.00257967 0.0136728 0.694386 0.0019659 8.14519e-06 0.00369958 3.34184e-05 
0.0429601 0.0898518 0.0415606 0.00429755 0.00184238 0.000303939 0.000278926 6.22053e-06 0.20251 0.0540746 0.0430867 0.000654672 0.0276943 0.070677 0.276479 0.00186519 0.000321191 8.90938e-05 0.141447 
1.84033e-05 0.0113379 5.74492e-05 3.3235e-06 0.00269651 6.184e-06 0.000517542 9.2407e-10 0.0129514 0.344671 0.000244016 2.38171e-05 0.00167301 0.0233447 0.595335 0.000105787 1.78832e-05 0.000154395 0.00684219 
0.00199655 0.00335317 0.00290667 1.06273e-08 0.000115836 0.000726319 9.10022e-05 3.25159e-09 0.0150602 0.130328 0.0071071 1.17324e-08 0.0806678 0.00100603 0.750353 0.000857424 3.37282e-05 0.0022754 0.00312181 
0.00602966 0.148783 0.0591222 0.000175711 0.00260351 5.03869e-06 5.99645e-05 3.61484e-11 0.0102857 0.00276875 0.00657094 3.29459e-05 1.39244e-05 0.00298778 0.713639 0.00103564 0.000295006 0.000202113 0.0453887 
0.000440694 0.0440603 0.00463811 5.67314e-05 0.007708 2.02936e-09 0.00044546 1.21863e-08 0.0360364 0.336036 0.00134791 1.70887e-06 0.000302645 0.00121109 0.566949 2.07377e-05 3.14899e-09 2.24722e-05 0.00072231 
0.00251074 0.0483314 0.00824069 6.34457e-06 0.000312408 0.000100298 6.49844e-05 3.15357e-11 0.0573862 0.146809 0.00960217 4.61123e-05 0.00858217 0.00613363 0.644773 0.000317262 6.92527e-05 0.0119787 0.0547351 
0.000103876 0.00174174 0.00165542 3.45874e-05 3.11098e-10 7.62308e-07 1.87783e-05 2.6598e-12 0.00715775 0.0564903 0.00201949 1.42575e-05 0.00345732 0.00145754 0.924467 6.9948e-05 6.98239e-05 0.000511093 0.000730177 
0.00888417 0.00772377 0.00130951 1.56115e-09 0.000610781 2.3917e-07 3.68257e-06 1.85066e-12 0.166984 0.115921 0.0324702 4.18356e-06 0.0319104 0.00119149 0.63137 0.00104895 1.78616e-05 0.000111504 0.000438469 
0.0251933 0.000763198 0.0201524 1.2128e-05 0.000664576 5.6386e-09 0.000220698 9.28211e-11 0.0769338 0.280783 0.0126503 1.94415e-05 0.010913 0.0205617 0.549825 0.00114268 1.11578e-05 2.3635e-06 0.000151213 
0.000429162 0.0329109 0.00182701 0.000460396 6.09977e-05 1.14435e-07 0.00706875 1.41879e-07 0.0289097 0.146133 0.000674613 0.00016255 0.000872427 0.00700916 0.74829 0.000964025 3.61293e-06 0.000299375 0.023924 
0.0029303 0.0125196 0.0165531 4.08793e-05 0.00645329 7.41999e-06 2.10303e-05 1.73374e-09 0.00876238 0.00499525 0.0109708 2.34236e-08 6.70295e-05 0.000439166 0.935165 0.000258883 0.000140006 2.44551e-05 0.000651589 
0.0277674 0.0570295 0.0202951 0.187993 0.000952546 1.66998e-06 0.000342532 2.83886e-06 0.0153012 0.166878 0.000469013 0.000134275 0.000127459 0.17795 0.278424 6.92296e-05 2.94786e-06 5.06122e-05 0.0662085 
6.92513e-05 0.00117914 0.00111453 2.30589e-05 2.17821e-10 5.08314e-07 1.25193e-05 1.96653e-12 0.00477184 0.039432 0.00148036 9.50558e-06 0.00230488 0.000995714 0.947641 4.66327e-05 4.9548e-05 0.000340731 0.000528398 
0.0175551 0.0544275 0.0235488 0.00281122 0.00443517 0.00013562 0.0055793 0.000200362 0.0404671 0.326419 0.0121077 0.00111641 0.00679672 0.0405557 0.446031 0.00476331 0.00147517 0.00873449 0.00284005 
0.00952069 0.150715 0.029462 0.0137888 0.00155016 1.14164e-05 0.00237984 2.44903e-06 0.0387836 0.122386 0.0174209 1.9388e-05 0.00283047 0.0516358 0.545281 0.00562387 0.00251564 0.00140188 0.00467082 
0.000221466 0.00137688 0.00116684 0.000283448 0.000801665 1.09096e-08 0.00207173 8.5077e-12 0.000688149 0.0583797 0.000453621 1.91464e-08 4.17673e-05 0.0122349 0.919588 0.00197353 7.81975e-12 7.3609e-05 0.000644312 
0.00211482 0.0197988 0.0327129 0.000110262 0.00262422 3.35405e-06 0.00915836 9.04025e-10 0.00621517 0.00458354 0.010103 5.5335e-06 2.50108e-05 0.00024987 0.911335 0.000171687 8.87654e-05 0.000201984 0.000497331 
0.00435241 0.0386022 0.0370442 0.00284073 0.00155175 3.20962e-06 0.00106962 8.56332e-06 0.0598054 0.0997798 0.0116041 1.97924e-05 0.000810394 0.00751103 0.700808 0.000360055 0.00133044 0.027036 0.00546244 
6.92513e-05 0.00117914 0.00111453 2.30589e-05 2.17821e-10 5.08314e-07 1.25193e-05 1.96653e-12 0.00477184 0.039432 0.00148036 9.50558e-06 0.00230488 0.000995714 0.947641 4.66327e-05 4.9548e-05 0.000340731 0.000528398 
9.26578e-05 0.0518628 0.00787078 0.00133418 2.72346e-05 9.25826e-06 0.0010291 6.50422e-12 0.00942301 0.0761178 0.000205425 0.000105713 0.0105504 0.069617 0.769195 0.000945103 5.23576e-05 0.000533408 0.00102916 
