0.00162866 0.0217165 0.0726306 0.14073 1.28089e-06 3.57557e-06 6.29658e-06 4.44596e-06 0.0519147 0.0696374 0.00067486 8.48454e-07 0.000383599 0.184131 0.000232032 0.0142056 0.434144 0.000630161 0.00732498 
1.54357e-07 5.74939e-08 8.90004e-08 0.00076559 4.80066e-07 9.33838e-07 6.22759e-07 1.33731e-06 7.62749e-06 0.000766287 0.000133587 2.20459e-07 5.54272e-07 0.0813151 1.38682e-07 6.73167e-07 0.917006 6.89771e-07 1.92998e-07 
0.0131152 0.0145437 0.0860264 0.00071686 7.49757e-05 0.000927892 0.000369601 0.000116423 0.0185658 0.00501955 0.00483021 3.58431e-05 0.000273941 0.101061 0.0147908 0.0211752 0.71478 0.000589065 0.00298713 
0.0703449 0.0217602 0.0489656 0.0358695 5.74435e-08 1.11741e-07 1.96663e-05 1.60019e-07 0.00081325 0.020766 6.31729e-06 7.63397e-08 6.00917e-06 0.0184236 3.01478e-07 6.0018e-07 0.779598 0.000682057 0.00274403 
0.000292089 0.00054675 0.000591596 8.76739e-07 1.21871e-05 5.12858e-05 0.000180023 2.91785e-06 0.00108054 0.00187687 0.00669751 0.000622729 0.00138909 0.000299861 0.00778567 0.000255657 0.974543 0.0010899 0.00268137 
0.0388946 0.0717926 0.169144 0.00419772 0.00746446 2.05902e-05 0.00201861 4.33458e-05 0.0441379 0.163054 0.0564605 0.000398905 0.0012049 0.0505983 0.0141828 0.00539965 0.217329 0.00520712 0.148451 
8.18683e-06 0.000291454 0.000484303 1.33553e-05 3.35478e-06 1.41753e-06 1.17862e-05 1.15661e-05 0.000439129 9.65809e-05 4.65145e-05 2.00465e-06 2.3596e-06 0.00817614 7.19587e-07 3.84865e-06 0.990343 1.47688e-05 4.97181e-05 
0.130927 0.0684188 0.0398169 0.00152998 0.00193372 7.9808e-06 0.000508856 1.54556e-07 0.165487 0.0287901 0.223377 4.46654e-05 0.00372587 0.0267497 0.00242162 0.00605746 0.293562 0.00293142 0.00370987 
0.0622605 0.0915748 0.131707 9.29387e-05 0.02867 3.78585e-06 0.000515168 5.73934e-07 0.138267 0.158261 0.0196417 2.22689e-05 0.000655747 0.0297708 0.016392 0.0168275 0.294498 0.00237151 0.00846674 
4.67803e-05 0.000129805 0.000282241 6.64055e-06 2.5965e-07 3.14972e-08 8.3819e-06 9.2919e-07 0.0205474 0.000559243 0.00286088 2.38668e-07 0.000119595 0.0103203 3.81422e-07 4.57279e-07 0.965097 2.86421e-06 1.65742e-05 
0.0202315 0.000924267 0.309595 2.71839e-05 2.71788e-06 1.05246e-09 3.2175e-05 9.86912e-06 0.0127884 0.248316 0.000123941 2.46867e-06 3.87907e-06 0.0758968 6.42257e-07 6.89681e-06 0.331934 2.65847e-05 7.73184e-05 
0.000695772 0.00616341 0.0141288 0.00380255 2.85354e-06 1.56332e-06 0.00115577 9.6826e-06 0.00501322 0.0708454 0.000710947 1.40288e-06 1.2026e-06 0.0254302 5.8641e-07 0.00106281 0.86747 0.00347344 2.99834e-05 
0.00019301 0.0668372 0.174278 0.000962639 0.00220714 6.07135e-09 5.34515e-07 1.60046e-06 0.0151323 0.28799 0.00151717 1.25751e-05 8.33289e-06 0.0133188 0.103899 7.64491e-05 0.331022 0.000610178 0.00193176 
0.0049334 0.015821 0.0839151 0.0362754 3.42316e-06 2.12699e-06 0.000724344 0.000126575 0.278225 0.00557607 0.000220927 0.000104431 3.38093e-05 0.0543161 1.91767e-05 5.5461e-06 0.443396 6.13919e-05 0.0762403 
0.00602764 0.0107662 0.0434811 0.0225654 0.000143469 2.58136e-07 0.000373181 4.75307e-05 0.12972 0.0691947 0.0195664 1.09529e-05 4.56401e-05 0.0202324 0.113189 0.12142 0.384832 3.82694e-06 0.0583809 
0.00803486 0.000138929 0.00056832 6.49448e-06 1.7121e-06 8.81045e-07 5.94543e-06 0.00161265 0.00167009 0.00841129 2.22608e-05 1.01027e-06 1.2655e-06 0.0291162 3.75332e-07 2.01176e-06 0.950375 7.23979e-06 2.38479e-05 
0.15169 0.0424547 0.0345803 0.000230756 0.000366414 8.40958e-05 5.43384e-05 1.10153e-06 0.281405 0.0169478 0.0259223 0.0624745 0.000852161 0.0312532 0.000452936 0.000232909 0.310813 1.68156e-06 0.0401823 
0.0049334 0.015821 0.0839151 0.0362754 3.42316e-06 2.12699e-06 0.000724344 0.000126575 0.278225 0.00557607 0.000220927 0.000104431 3.38093e-05 0.0543161 1.91767e-05 5.5461e-06 0.443396 6.13919e-05 0.0762403 
1.55068e-05 0.000276052 0.00150076 0.000619619 1.27608e-05 8.48578e-09 1.9541e-05 3.30509e-06 0.000622739 0.0888333 7.87008e-05 7.07115e-07 0.000301295 0.00825279 0.0208164 7.32374e-06 0.878591 7.40169e-06 4.05998e-05 
0.000666917 0.0205542 0.115681 0.000453056 0.000717801 6.62862e-07 0.000263355 1.62075e-08 0.0189644 0.0618054 0.00101073 2.65696e-06 0.000290574 0.068357 0.011633 8.6593e-05 0.699389 7.53315e-05 4.89361e-05 
0.00920173 0.0104601 0.0234611 0.0143996 0.00048647 5.63897e-05 0.000906852 0.339867 0.0472191 0.0487478 0.00481338 0.0426478 0.00149684 0.0474247 9.73712e-05 0.0114891 0.384945 0.00137931 0.0109009 
0.00587728 8.90396e-08 1.3595e-06 0.0027726 4.62587e-08 8.99837e-08 7.82714e-06 1.28862e-07 2.29888e-06 0.00533039 2.86498e-06 2.12432e-08 5.34091e-08 0.0266754 5.00007e-05 2.87613e-06 0.954245 0.00497042 6.13011e-05 
0.00019301 0.0668372 0.174278 0.000962639 0.00220714 6.07135e-09 5.34515e-07 1.60046e-06 0.0151323 0.28799 0.00151717 1.25751e-05 8.33289e-06 0.0133188 0.103899 7.64491e-05 0.331022 0.000610178 0.00193176 
0.078682 0.0809237 0.0345553 0.000100602 0.000636194 2.6343e-06 0.008958 1.86819e-09 0.042124 0.0695885 0.154291 0.00520236 0.000144548 0.00124383 0.00753601 0.000395836 0.417571 0.000224127 0.0978203 
0.0123597 0.000286023 0.0369427 0.117102 1.40792e-05 1.43295e-08 1.25565e-05 2.26056e-05 0.0316524 0.0392389 5.80865e-05 3.64434e-07 4.91175e-06 0.0197707 4.40047e-07 0.000307722 0.730908 4.67966e-06 0.0113134 
0.00241339 0.000199692 0.00103888 0.0426769 0.329717 9.81346e-07 6.5444e-07 1.40535e-06 6.55645e-08 0.000348023 1.71804e-07 2.31674e-07 5.82469e-07 0.293312 1.45737e-07 7.07413e-07 0.330025 7.24863e-07 0.000263125 
0.029105 0.0988763 0.0849893 0.0623822 0.00061855 1.21624e-06 1.52257e-05 0.000225768 0.0178454 0.228359 0.0419176 0.000208657 1.32497e-05 0.0184897 6.46308e-05 0.0310386 0.291264 0.00873602 0.0858498 
0.00723884 0.0582758 0.0150049 0.00737982 0.0602011 2.56968e-05 0.00652664 9.24676e-09 0.0533826 0.0817271 0.0441488 0.00211637 0.0294929 0.203132 0.0274889 0.00114463 0.378903 0.000448902 0.0233623 
0.00282194 0.171512 0.0240293 0.00444157 1.39841e-08 1.01996e-07 0.000181203 4.99981e-08 0.0857641 0.0427479 0.00362564 5.34683e-08 0.127441 0.0098574 0.00120997 8.84182e-05 0.521877 0.00319137 0.00121022 
0.01457 0.0148129 0.0472317 0.000268226 0.000267316 1.60506e-05 6.77166e-05 0.000287157 0.120588 0.03597 0.0905092 0.0160051 0.000207051 0.0305436 0.000854113 0.000635381 0.592863 0.000560683 0.0337433 
0.00634399 6.04209e-07 6.04184e-07 6.03933e-07 6.03874e-07 6.03509e-07 0.00712495 6.03186e-07 6.04207e-07 0.0538958 0.00253793 6.0408e-07 0.00543493 0.00622356 0.00531708 6.03717e-07 0.913115 6.03705e-07 6.04103e-07 
0.249097 2.96791e-06 0.0713304 0.000484131 9.89328e-07 1.92447e-06 0.0607802 2.75596e-06 0.00345396 0.0240705 7.90329e-06 5.75348e-07 1.398e-05 5.81457e-06 1.2552e-06 0.000167647 0.58883 0.000193284 0.00155463 
0.0208194 0.00720888 0.0126678 0.000376465 0.003273 8.88185e-05 0.0109188 1.47186e-06 0.00201964 0.0498159 0.10446 6.00886e-06 0.000379944 0.0707503 0.000214816 0.0044506 0.710274 0.000377273 0.00189715 
0.00218447 0.0180808 0.219243 0.228145 0.000398821 3.99485e-08 0.000608189 0.00011777 0.0241646 0.00312187 0.00055511 4.45669e-08 3.67559e-07 0.00566697 1.23468e-08 0.000392909 0.495551 0.000211863 0.00155755 
0.0414049 0.0109802 0.0338695 0.000374499 1.3481e-06 7.75969e-05 0.000356763 6.33924e-06 0.0011556 0.00630978 0.000132665 9.94108e-07 4.43351e-07 0.0886311 1.71198e-07 1.07866e-06 0.814838 0.000460546 0.00139795 
0.00191013 0.00133826 0.000837345 0.000200375 2.68288e-06 1.8115e-09 2.29737e-05 2.88028e-06 0.000659272 0.0247324 8.62987e-05 4.67112e-07 8.53352e-05 0.00544095 0.025473 1.6621e-06 0.938434 0.000461079 0.000310499 
1.89085e-05 5.23918e-06 7.88562e-05 7.12654e-06 7.18814e-07 1.39826e-06 4.69403e-05 2.00239e-06 8.33811e-05 5.92926e-05 1.42274e-05 5.48964e-07 1.82734e-05 9.28023e-06 1.31888e-06 3.28434e-06 0.999644 3.34396e-06 1.37646e-06 
2.10244e-05 0.000724018 0.00100498 2.20269e-05 1.37714e-06 4.13314e-08 3.1854e-05 5.92554e-06 0.00111649 0.00028271 0.000147485 9.89212e-07 1.24495e-05 0.000632278 1.13608e-06 1.2397e-06 0.995499 1.22473e-05 0.000483018 
0.0330543 0.000270557 0.145066 0.00449621 0.000160236 1.32764e-06 1.69018e-05 9.78705e-07 0.0900998 0.075654 7.49254e-05 3.55409e-07 5.79668e-06 0.0282722 0.001043 0.000361972 0.571819 5.13332e-06 0.0495968 
0.000531323 0.0336245 0.0626018 0.00289569 3.21325e-05 5.22625e-07 0.0163829 1.57168e-05 0.117391 0.0217042 0.101833 3.03239e-05 0.00196121 0.0332901 0.000359228 0.000283994 0.602638 0.000813042 0.00361113 
0.000280996 0.0972519 0.145336 0.0292448 2.02881e-06 3.34263e-08 2.21435e-05 1.38113e-06 0.122891 0.0102672 0.0140708 1.74582e-06 1.20528e-05 0.00021581 2.91912e-05 1.46476e-05 0.575657 3.6288e-05 0.00466515 
0.00132339 0.00341798 0.0318392 0.00759402 8.04233e-07 4.04252e-07 8.49835e-06 2.74471e-06 0.0065208 0.00162491 2.43621e-05 4.35613e-05 3.89472e-06 0.109153 2.47943e-05 0.000304774 0.838093 3.71098e-06 1.64642e-05 
0.00284873 0.156312 0.106509 0.00724055 0.00247228 2.20587e-07 2.20679e-07 0.00321906 0.147257 0.0540843 0.0356392 0.002716 0.000287129 0.117614 0.00147971 0.000573943 0.267445 0.00529602 0.089006 
1.74353e-05 0.000283971 0.000607864 1.86724e-05 2.04118e-06 4.73113e-07 2.46748e-05 7.20657e-06 0.000632245 0.000197659 8.44245e-05 1.31487e-06 1.03234e-05 0.000196537 1.41292e-06 2.38671e-06 0.997847 1.10022e-05 5.37932e-05 
0.0787056 0.019149 0.156684 0.0120148 0.000313345 8.54043e-09 1.67606e-06 4.4423e-09 0.0805272 0.150292 0.013981 1.26229e-05 1.45483e-07 0.0312066 0.00142765 0.000171982 0.389023 0.00288703 0.0636029 
1.02484e-05 0.000182797 0.0648851 0.000166089 5.83837e-05 8.37606e-08 1.2932e-05 1.73838e-06 0.000413857 0.000128244 5.16686e-05 4.08024e-07 4.7422e-06 0.060392 6.16852e-07 8.24092e-07 0.863624 4.48501e-06 0.0100616 
0.137627 0.000279653 0.0211476 1.68083e-05 1.30834e-06 4.09261e-09 2.20538e-05 4.74926e-06 0.0402486 0.000195309 0.00675128 9.32054e-07 8.76536e-06 0.000190877 1.15678e-06 0.000225608 0.776072 8.8873e-06 0.0171973 
0.0127034 0.0182232 0.329134 0.000335726 0.00127336 2.5094e-07 0.00605973 1.36371e-06 0.00737385 0.00936478 0.000379857 4.63854e-06 0.00209024 0.0969041 0.00849234 0.000157845 0.479641 0.0246421 0.00321875 
0.00546298 0.0318894 0.0731232 0.00529496 4.25507e-05 2.54006e-05 4.74184e-05 4.23381e-05 0.117942 0.0236406 0.00458038 1.57747e-05 0.00141942 0.0259962 0.00136126 0.0190677 0.673798 5.89716e-05 0.0161914 
0.0809735 0.0675264 0.0490993 0.0013039 0.00289809 5.37587e-06 0.000833136 5.87868e-08 0.178459 0.123782 0.18767 5.57024e-05 0.0077599 0.0184571 0.00724794 0.00423001 0.263794 0.00252182 0.00338281 
3.65432e-05 0.000394506 0.000547643 1.18559e-05 7.03061e-07 2.26218e-08 1.71741e-05 3.05738e-06 0.0134892 0.000451593 0.001873 5.13255e-07 0.000420375 0.00726187 6.01945e-07 6.39254e-07 0.975221 6.51053e-06 0.000262759 
0.00541095 0.00192852 0.00300915 0.0048664 0.0417649 4.53903e-06 0.0112001 1.46206e-06 0.0121435 0.327741 0.0201068 5.99009e-08 0.0258834 0.00574948 0.00255785 0.000263323 0.530274 0.00458374 0.00251024 
0.024999 0.000783849 0.0246593 0.00283406 0.000528774 0.000547752 1.15527e-05 0.000267198 0.00701356 0.0260033 0.00110137 3.64894e-06 4.29484e-05 0.00532482 0.000938011 1.00798e-05 0.901593 0.00244786 0.000889457 
0.0176913 0.0608227 0.163487 0.00841131 0.00309596 4.95696e-05 0.00287283 1.22473e-07 0.070569 0.0346368 0.00920094 0.000120067 9.72021e-06 0.128496 0.0009737 0.000550443 0.299768 0.197672 0.00157231 
0.0193244 0.0139915 0.0010821 1.10782e-07 0.00111188 2.57453e-07 0.00398339 3.6869e-07 0.01954 0.0121638 0.00247452 6.07792e-08 0.00311746 0.00235192 0.00246229 0.000185773 0.913881 0.00117922 0.00314999 
0.00310929 0.000652316 0.0265269 1.77822e-09 0.000204197 9.52566e-08 2.75591e-09 5.91804e-09 0.370165 1.4073e-06 2.76859e-06 9.75601e-10 0.000199018 0.0145496 6.13712e-10 2.97898e-09 0.584575 3.05246e-09 1.34914e-05 
0.00413254 0.000276051 0.000597277 0.00073673 9.10757e-07 9.11015e-09 1.95612e-05 0.0463364 0.0175291 0.0486646 7.87031e-05 1.34647e-06 0.00150687 0.0085767 0.000102733 0.000187129 0.870941 7.40175e-06 0.000304537 
0.00535321 0.00983679 0.00794186 0.000626217 0.000306978 3.01599e-05 0.000439668 4.90301e-06 0.0112646 0.0134681 0.0112912 0.00523544 0.000427128 0.00307736 0.00790475 0.000588445 0.907313 0.00170349 0.0131869 
0.130927 0.0684188 0.0398169 0.00152998 0.00193372 7.9808e-06 0.000508856 1.54556e-07 0.165487 0.0287901 0.223377 4.46654e-05 0.00372587 0.0267497 0.00242162 0.00605746 0.293562 0.00293142 0.00370987 
0.0809735 0.0675264 0.0490993 0.0013039 0.00289809 5.37587e-06 0.000833136 5.87868e-08 0.178459 0.123782 0.18767 5.57024e-05 0.0077599 0.0184571 0.00724794 0.00423001 0.263794 0.00252182 0.00338281 
0.00764491 0.1368 0.0787492 0.0155178 0.000353581 2.10834e-07 0.000107622 1.3955e-05 0.199321 0.125217 0.00360202 0.00021125 0.000238078 0.0574732 0.00661371 0.00255947 0.324907 0.00710371 0.033567 
1.59428e-05 0.000199259 0.000454783 4.33781e-06 1.0483e-07 2.05146e-08 4.73711e-05 3.71755e-07 0.000353609 0.0128996 0.000274151 2.11622e-07 7.42002e-07 0.00544685 5.21435e-05 0.000469066 0.97977 3.67624e-06 7.63452e-06 
1.76331e-05 0.141809 0.27076 0.00527036 4.7173e-05 7.43463e-10 0.00972428 0.000557339 0.0161212 0.00600254 0.000210009 7.32953e-06 0.00125516 0.0991226 1.59296e-06 2.11979e-05 0.449034 5.78573e-06 3.22398e-05 
0.000635904 0.0523067 0.0608707 0.00873159 6.32446e-05 4.15614e-08 0.000575971 4.28509e-06 0.0501546 0.0948586 0.000778035 0.00014391 0.000314337 0.200627 0.0299277 0.00012233 0.477635 0.00207331 0.0201767 
0.0103068 0.023162 0.249501 0.0339139 3.94021e-05 3.92057e-09 0.000100486 6.05463e-05 0.175448 0.0356477 0.00144739 0.000348173 0.00125384 0.0565486 0.00114196 0.000104794 0.272355 1.30965e-05 0.138608 
0.0049334 0.015821 0.0839151 0.0362754 3.42316e-06 2.12699e-06 0.000724344 0.000126575 0.278225 0.00557607 0.000220927 0.000104431 3.38093e-05 0.0543161 1.91767e-05 5.5461e-06 0.443396 6.13919e-05 0.0762403 
2.06474e-05 0.000722203 0.0366237 2.13183e-05 0.000243965 2.21746e-08 0.000651802 5.14055e-06 0.0250453 0.000281735 0.000146216 8.6951e-07 1.19083e-05 0.000629902 1.05521e-06 3.8477e-05 0.935064 1.14856e-05 0.000479957 
0.0997196 0.16137 0.0588535 0.00660794 0.00233502 0.00011358 0.000289761 6.50499e-05 0.151698 0.0815993 0.0431743 0.00338146 0.00262714 0.0441176 0.00744016 0.0074466 0.291561 0.00241482 0.0351845 
0.0616515 0.15567 0.136124 0.00358621 0.00178998 1.38968e-05 0.000501743 3.60945e-09 0.111108 0.0688714 0.0760356 0.000625126 0.000409505 0.0253293 0.00765328 6.76346e-05 0.307836 0.00108118 0.0416462 
0.00624726 0.00110181 0.0182463 0.16169 2.14613e-07 3.7494e-05 0.000655683 9.87123e-06 0.0375152 0.0380454 0.00148594 0.0262823 0.000299643 0.0676037 0.000133545 0.000179199 0.522156 0.118056 0.000254703 
0.0801273 0.0139563 0.0230133 8.22187e-06 0.114793 4.0884e-08 0.000220295 1.74587e-07 0.0307102 0.00262099 0.0126668 4.99162e-05 0.000270906 0.0106786 0.000202725 7.59199e-05 0.688918 2.90092e-06 0.0216846 
0.138091 0.031966 0.037996 0.00101594 0.0307872 0.000116747 0.000122516 2.99582e-06 0.0150131 0.106902 0.0205112 2.16508e-05 0.0447861 0.161767 0.000196419 2.11049e-05 0.381116 0.0293038 0.000262958 
0.0305638 0.0266304 0.10379 0.0102659 1.88892e-05 0.0783465 0.00269795 7.56029e-06 0.0448059 0.110432 0.00571586 0.0329899 0.000694974 0.130102 0.00589397 0.135031 0.274185 0.000482716 0.00734657 
0.0316577 0.0468336 0.0213945 0.00223829 1.58209e-05 2.40738e-06 0.0052666 1.66388e-05 0.134823 0.214381 0.00524493 0.0232725 0.000336434 0.00982184 2.168e-05 0.0825722 0.419507 0.00010575 0.00248788 
0.000372162 0.000409475 0.000393273 8.71782e-06 1.79379e-07 7.74275e-09 1.09498e-05 6.48023e-07 0.000410727 0.0222614 4.98151e-05 2.34498e-07 3.52395e-06 0.0257054 7.46928e-06 0.000286366 0.949933 0.000125609 2.07702e-05 
0.000944123 0.012384 0.0137875 6.18357e-06 2.9939e-06 3.87529e-07 0.000415703 1.51699e-06 0.118864 0.0418184 0.193545 0.000213232 0.0160033 0.0211785 0.00133832 9.29411e-05 0.55647 0.000861755 0.0220729 
0.000828545 0.0124301 0.013862 2.10132e-05 0.00205176 1.04714e-06 0.000473186 1.31489e-05 0.0311966 0.365481 0.098922 0.000220968 0.0162436 0.0674123 0.00140601 0.00010422 0.366301 0.000888896 0.0221423 
0.0349951 0.157727 0.198865 0.00746352 0.0435573 3.42837e-05 0.00051744 1.66208e-05 0.097515 0.0257459 0.151826 0.00160185 0.0015026 0.0396111 0.0044813 0.00383699 0.216826 0.000628593 0.0132483 
0.0911364 0.0222225 0.0755366 0.00124976 0.00359531 4.44129e-09 0.00258327 5.22641e-08 0.0289718 0.067444 0.00536913 2.4679e-06 6.47919e-06 0.0236079 0.000314849 0.00824205 0.666144 4.43394e-05 0.00352868 
0.0566691 0.197209 0.00435858 0.000317533 1.23036e-06 4.48741e-07 0.000415141 5.99202e-06 0.161024 0.0445095 0.0250849 4.02366e-05 0.000711211 0.00709275 0.00266103 6.30666e-07 0.341389 6.66686e-09 0.15851 
0.00340659 0.00902977 0.00300663 0.0037502 2.94056e-05 2.33444e-09 6.21749e-05 3.34307e-09 0.0156745 0.0228313 0.0081953 7.9661e-07 0.000585592 0.00644916 0.000422918 2.01579e-05 0.920366 1.53756e-05 0.00615385 
0.110082 0.0529889 0.251237 0.000861024 0.00566803 1.07306e-06 0.00300369 3.26896e-06 0.0713007 0.0235921 0.0089497 6.20524e-05 0.000110867 0.0663705 0.0562638 0.00544088 0.336962 0.00079037 0.00631199 
0.0141167 0.0159629 0.0826689 0.00830069 0.0223392 1.42864e-05 7.755e-05 7.22554e-05 0.03237 0.0160019 0.00166776 1.31057e-06 0.00017484 0.00383991 0.00143012 5.47349e-06 0.791349 0.000216463 0.00939082 
0.000944123 0.012384 0.0137875 6.18357e-06 2.9939e-06 3.87529e-07 0.000415703 1.51699e-06 0.118864 0.0418184 0.193545 0.000213232 0.0160033 0.0211785 0.00133832 9.29411e-05 0.55647 0.000861755 0.0220729 
0.000131344 0.000131361 0.000131355 0.000131301 0.000131288 0.000131209 0.000131263 0.000131138 0.00013136 0.459892 0.000131342 0.000131333 0.000131275 0.000131352 0.000131347 0.000131254 0.537876 0.000131251 0.000131338 
0.114468 0.0868752 0.110449 0.0032826 0.000653653 2.81724e-06 0.00129869 2.68407e-10 0.0615146 0.0648504 0.0551653 1.71063e-05 0.00361033 0.173416 0.00294404 2.4575e-05 0.248389 0.00111214 0.0719266 
0.0702617 0.240194 0.172883 0.0493427 1.14979e-07 3.59628e-06 0.000214958 3.20297e-07 0.0122589 0.00739239 0.021043 7.15996e-06 0.000445915 0.0271129 7.57228e-05 9.92964e-07 0.397249 1.00964e-06 0.00151381 
0.00188838 0.00415541 0.00137693 0.0488288 0.000132039 6.32145e-11 0.0087024 1.67047e-06 0.00767964 0.0838923 0.00638493 3.43046e-07 0.000444817 0.0228806 9.94126e-05 6.60268e-07 0.71008 5.32234e-06 0.103446 
0.00136324 0.00405139 0.0189417 0.00189101 0.000115034 6.26296e-05 0.000185011 3.60202e-08 0.000308857 0.00314033 0.000120536 2.26399e-05 0.00147369 0.13202 0.00218977 8.57768e-05 0.804231 0.028123 0.00167514 
1.23036e-05 4.58274e-06 7.09407e-06 3.20291e-05 3.82653e-05 7.44347e-05 4.9639e-05 0.000106595 4.97304e-06 5.02253e-06 1.30313e-05 1.75724e-05 4.41801e-05 8.46792e-06 1.10541e-05 5.3657e-05 0.999447 5.49805e-05 1.53836e-05 
0.00727827 3.66337e-06 7.41904e-05 0.000467097 3.03469e-07 0.000177567 3.99494e-05 8.4537e-07 7.98755e-05 0.000960974 1.23825e-05 2.9341e-07 1.40577e-05 0.0116435 8.82484e-07 2.02779e-06 0.976611 0.0026317 9.36868e-07 
0.0232316 0.0947076 0.0203445 0.00258901 0.00661464 6.65026e-05 6.41364e-05 3.98952e-06 0.029282 0.0490061 0.0401392 0.125448 0.000250746 0.0106027 0.0200307 0.000171224 0.556705 0.00721798 0.0135245 
0.00537902 0.0320442 0.0531888 0.00377025 4.0541e-05 2.49563e-05 0.00123954 2.07368e-08 0.0107933 0.0108868 0.0257161 4.90133e-06 0.000170615 0.0245477 0.000150603 1.23818e-05 0.823493 0.00108732 0.00745002 
0.0283172 0.315888 0.0836183 0.00252946 0.0186216 0.000103321 0.00115512 0.0114385 0.0601016 0.0205428 0.0449289 0.00556406 0.0002042 0.0199821 0.00141304 0.00506133 0.371441 0.000592402 0.00849735 
0.0115915 0.0149424 0.0282697 0.0021075 3.81551e-07 1.74338e-05 1.41402e-05 1.38491e-06 0.145565 0.192124 0.00188092 3.67365e-06 0.00012233 0.0485464 0.000680781 0.011534 0.534391 6.99487e-05 0.00813816 
0.175852 0.0781242 0.119619 0.000222853 0.0006689 0.000657521 0.000345306 5.97195e-09 0.14209 0.0459133 0.0210624 5.66592e-05 0.0018158 0.110323 0.00101557 0.000790523 0.25929 1.40034e-05 0.0421382 
0.00150976 1.83549e-08 5.99566e-07 1.28284e-07 0.000321163 1.12309e-05 0.000277815 4.26938e-07 0.00856238 0.0264071 0.00286874 8.43082e-05 2.77258e-06 1.5817e-06 2.18006e-05 0.00214947 0.957777 2.43347e-06 1.71859e-06 
0.00156922 0.077921 0.216332 0.0340425 0.00634912 4.71398e-06 0.00188821 5.91947e-08 0.0183917 0.0117405 0.014492 0.0156119 9.41621e-05 0.0122931 0.000500296 3.51035e-05 0.551484 0.00247325 0.0347769 
0.000218288 0.00315555 0.00214607 0.000155309 1.91303e-06 4.89285e-07 6.36373e-06 5.02781e-07 0.00653378 0.00201005 0.00104269 1.29803e-06 0.000100148 5.86531e-05 4.35093e-05 1.88273e-05 0.974688 1.43808e-05 0.00980372 
0.00383518 0.0504365 0.0129076 0.0047022 3.63897e-05 6.48747e-07 0.000331715 0.000241308 0.0523405 0.0188075 0.00324936 6.22715e-06 6.23044e-05 0.00213217 0.000684816 4.6293e-05 0.841928 0.000112275 0.0081393 
0.102348 0.116557 0.0583903 0.0224899 3.00519e-06 9.03374e-07 3.73528e-05 3.74694e-06 0.0512406 0.0369536 0.0119095 2.39387e-05 0.000294679 0.0140529 0.00315717 1.76063e-05 0.495328 0.00222646 0.0849652 
6.28203e-06 0.0556052 0.23026 0.0132052 0.0970728 2.84544e-07 0.000974368 5.45101e-06 0.0472893 0.0151702 3.94648e-05 4.94728e-06 1.07818e-06 0.0057965 3.23671e-07 0.000827947 0.522482 0.00171647 0.00954261 
1.02484e-05 0.000182797 0.0648851 0.000166089 5.83837e-05 8.37606e-08 1.2932e-05 1.73838e-06 0.000413857 0.000128244 5.16686e-05 4.08024e-07 4.7422e-06 0.060392 6.16852e-07 8.24092e-07 0.863624 4.48501e-06 0.0100616 
0.00544479 0.00455368 0.0847876 0.156489 0.000718371 3.88472e-07 5.69575e-06 4.27428e-06 0.00925423 0.022479 2.70481e-05 8.14058e-07 9.76562e-07 0.0698754 2.66185e-07 1.67409e-06 0.624946 6.9391e-06 0.021404 
6.11549e-08 0.126598 1.31824e-06 4.04771e-07 1.65134e-07 1.43678e-08 1.91249e-11 5.99649e-07 0.000767835 0.00142219 0.0535647 8.41145e-06 4.45117e-06 0.0238073 2.85391e-08 0.000139856 0.499097 5.08411e-07 0.294587 
0.00019301 0.0668372 0.174278 0.000962639 0.00220714 6.07135e-09 5.34515e-07 1.60046e-06 0.0151323 0.28799 0.00151717 1.25751e-05 8.33289e-06 0.0133188 0.103899 7.64491e-05 0.331022 0.000610178 0.00193176 
0.00905612 0.10939 0.0640056 0.031239 1.75221e-06 5.17404e-07 5.99171e-05 1.13544e-07 0.186939 0.133416 0.0193274 5.12275e-05 0.0042892 0.0434086 0.000589601 0.00142591 0.327836 5.25009e-05 0.0689118 
0.0049334 0.015821 0.0839151 0.0362754 3.42316e-06 2.12699e-06 0.000724344 0.000126575 0.278225 0.00557607 0.000220927 0.000104431 3.38093e-05 0.0543161 1.91767e-05 5.5461e-06 0.443396 6.13919e-05 0.0762403 
0.00207176 0.054639 0.212376 0.0396536 0.00315681 6.7888e-06 0.00322125 2.03049e-07 0.023597 0.0149537 0.0151506 0.0208193 0.000116786 0.00576242 0.000806513 4.65826e-05 0.569001 0.00365639 0.0309642 
0.0398975 0.0243791 0.272563 0.00158779 4.42957e-09 5.89709e-08 0.00357229 1.35836e-10 0.115097 0.0912471 0.00536566 1.03521e-05 9.23918e-05 0.0152951 0.00105261 0.00118285 0.289026 0.000621702 0.139009 
0.00148324 0.00998938 0.0600259 0.000351127 1.40329e-05 1.81804e-06 5.24463e-05 2.13127e-06 0.00914854 0.0340807 0.00817869 0.000624356 8.76701e-05 0.00354618 0.000507643 2.89695e-05 0.852604 0.00042384 0.0188489 
0.00365994 0.00426131 0.000715115 0.00294059 1.43403e-06 2.78951e-06 0.000249974 3.99476e-06 0.00159701 0.0437679 4.8836e-07 6.58544e-07 0.135751 0.118182 0.000335403 0.000978251 0.676098 0.0111814 0.000273468 
0.0852168 0.0412192 0.00830068 0.00154319 1.27522e-05 8.66252e-06 0.00653221 0.000115649 0.150521 0.0579777 0.00737925 7.50254e-06 3.32698e-05 0.0510448 0.0880989 0.0052193 0.46956 5.70212e-06 0.0272033 
0.00683224 0.004915 0.0204356 0.00627221 2.54801e-06 3.42387e-11 0.000150782 0.0880722 0.0320261 0.176441 0.00230428 5.46323e-05 0.00545071 0.0441446 0.0119747 0.000272537 0.594717 0.000343512 0.00559031 
1.7842e-05 0.000919081 0.017838 2.50297e-05 2.89305e-06 7.16768e-10 1.18839e-05 1.05054e-05 0.00140537 0.0002976 0.000121436 2.28042e-06 1.98994e-06 0.000142433 6.12697e-07 4.07672e-06 0.979095 2.42035e-05 7.93787e-05 
0.0259925 0.00605334 0.0536624 0.0012627 6.70645e-05 0.000120792 0.000249815 2.8412e-05 0.0357064 0.00539754 0.00278983 0.159609 5.74365e-05 0.00229008 4.21546e-06 0.000124442 0.70548 0.000308244 0.000796008 
0.0428912 0.00516386 0.0598619 0.00265008 2.46487e-07 7.11788e-11 0.000151534 1.01932e-10 0.0133552 0.0409977 0.0108542 5.88957e-07 0.000164912 0.00216332 0.000586975 3.57976e-05 0.781366 2.35256e-05 0.0397331 
0.0247932 0.159693 0.119688 0.00138111 0.000485109 8.4087e-07 0.0587664 2.87476e-05 0.0138249 0.0732933 0.0341752 0.0109891 0.000691392 0.0655994 0.0142335 0.0364068 0.215105 0.117872 0.0529731 
0.0243105 0.0495049 0.285111 0.0368649 0.000674062 8.15011e-05 4.11664e-05 6.82479e-06 0.000436422 0.0303891 6.56768e-05 1.36693e-06 0.0155541 0.137619 0.000989892 0.00393295 0.400666 0.00190665 0.0118436 
