0.00678799 0.0485381 0.0503336 0.106933 1.65528e-05 5.82424e-05 7.77529e-08 3.111e-10 0.0505311 0.100355 0.00845022 0.0301655 0.00121827 0.148788 0.000761364 9.27748e-05 1.04974e-05 0.000149026 0.44681 
0.0052062 0.374196 0.0176985 0.0187008 0.000503593 2.92329e-08 8.85695e-05 1.34548e-07 0.076294 0.0326134 0.0112379 9.83111e-05 0.000125486 0.0468384 0.00264928 0.00224184 0.000234346 0.000408685 0.410865 
0.0651954 0.0205982 0.0301645 8.75452e-05 0.00117344 0.000484625 3.28263e-05 0.00558525 0.0258054 0.00363432 0.0169198 6.08463e-05 1.80722e-05 0.0142912 3.29191e-05 2.98639e-07 0.000143917 0.00169974 0.814072 
0.0018296 0.00702744 0.0149963 2.56294e-06 0.000223837 0.000269457 1.64339e-07 1.9442e-10 0.0109359 0.0144241 0.00969772 0.0478425 0.0428611 0.00280742 0.000631973 0.000795617 4.50489e-06 3.04714e-08 0.84565 
0.0789315 0.0543897 0.0975788 1.43151e-08 1.02626e-05 1.33143e-05 2.14952e-06 4.76418e-08 8.45688e-05 0.0587294 0.14524 7.85385e-09 1.97459e-08 0.273249 5.22174e-06 2.96875e-05 0.000218383 2.45731e-08 0.291518 
0.0589193 0.088242 0.09141 0.00655831 0.00345846 5.91211e-05 4.26552e-05 6.62966e-12 0.144922 0.140464 0.147533 0.0842365 0.0028224 0.0505076 0.0163126 0.0021475 0.00188861 0.00119655 0.159279 
0.000681767 0.328269 0.0450679 0.000136445 0.000651024 0.000171197 1.18278e-05 1.38056e-06 0.0487559 0.0118785 0.047377 0.00099444 3.09465e-08 0.15139 0.00492948 0.000189665 1.25542e-05 0.000436087 0.359046 
0.00651129 0.0368877 0.0577751 0.00340064 0.00236721 0.000208482 0.0894096 3.04713e-05 0.0441702 0.0283092 0.197441 0.00261786 0.00211744 0.0828777 0.00512171 0.00223474 0.000314703 0.00453914 0.433666 
0.00156478 0.035366 0.00571896 0.000240405 4.6605e-05 0.000692553 0.000994739 2.05691e-08 0.0737863 0.0348706 0.0103069 0.15333 0.0106466 0.171809 0.00482032 9.48114e-05 2.31992e-06 0.000813508 0.494896 
0.0132248 0.244639 0.0613656 0.0560106 0.00722048 0.000106605 0.000548516 2.31393e-07 0.0824508 0.032712 0.0262245 0.00572033 0.00204541 0.113968 0.00839222 0.000313214 4.32199e-06 0.000288324 0.344765 
0.00306378 0.0122503 0.00827401 0.00641163 1.33401e-05 0.000169875 0.000320956 1.46762e-10 0.0394207 0.0311763 0.010576 0.000387285 0.0798405 0.0474795 0.00111963 5.53877e-05 0.0289138 1.5386e-05 0.730512 
0.00926837 0.036668 0.0202185 0.00111069 0.00690866 0.000179509 0.165735 0.00686152 0.0155289 0.0259638 0.0873602 0.205711 3.12375e-05 0.0357424 0.00545779 7.7409e-05 2.23209e-07 0.000990863 0.376186 
0.0477355 0.165124 0.0702115 0.000805785 0.00151773 7.3061e-05 0.0073238 2.19448e-05 0.0263763 0.0520069 0.18067 0.092541 0.00165292 0.0845242 0.0182763 0.0012313 0.00192435 0.00196859 0.246016 
0.0154027 0.0829692 0.0581086 0.058835 0.00255691 0.00016596 0.0120973 9.83268e-10 0.0891879 0.118986 0.0506663 0.000239528 0.00126987 0.0490552 0.00026809 0.000215391 0.0318744 0.000404884 0.427697 
0.00945778 0.0487316 0.0341457 0.0394463 0.00326063 2.20598e-06 0.03083 2.36956e-07 0.0365031 0.116312 0.0963564 0.0133383 0.000301036 0.200276 0.0235361 0.0120908 0.00039626 0.00434364 0.330672 
0.0263526 0.074583 0.18974 0.0889534 8.70675e-05 7.70377e-10 0.00540745 1.10323e-09 0.0362038 0.033 0.0176329 3.02127e-05 0.000163825 0.0205542 0.00605697 7.49995e-05 0.000521777 0.00282418 0.497814 
0.0536856 0.216496 0.0870943 0.0056966 0.00209271 0.00488321 0.00387682 0.000121429 0.0719389 0.0261236 0.0896057 0.0310379 0.00578611 0.0438851 0.0207167 0.00159487 0.00337155 0.0086415 0.323351 
7.34734e-06 0.27585 0.140651 2.01133e-06 1.88803e-06 1.03376e-06 2.14091e-11 4.5974e-11 6.74985e-07 2.16619e-12 0.0498929 9.51691e-05 1.58172e-07 0.00125151 0.000240998 6.94491e-08 2.40443e-06 0.00245264 0.52955 
0.126159 0.177068 0.091885 0.00115058 0.00547366 0.00674048 0.000274837 0.00122268 0.198067 0.0334325 0.0742143 0.0126739 0.00548729 0.0416503 0.0115759 0.000824725 0.000225465 0.000995179 0.210878 
0.0104573 0.0305408 0.159861 0.0117603 0.00582599 4.10265e-05 0.00225178 0.000396073 0.0726987 0.108147 0.0492461 0.0739222 0.024332 0.0796982 0.00280608 0.0248578 0.000467085 0.00293092 0.339759 
0.00448717 0.321496 0.0084388 8.46761e-05 0.000434357 3.9408e-07 6.52879e-06 8.60517e-07 0.00664507 0.000514649 0.0139406 2.85292e-05 1.19288e-05 0.0118433 0.000214119 4.45569e-05 0.0366167 0.000222045 0.59497 
0.0542594 0.00814441 0.0111294 0.000224668 0.0526094 0.0107906 5.61151e-05 3.57753e-06 0.0147687 0.01407 0.0727889 0.000330811 0.000846886 0.0919753 0.000855737 0.00159638 0.000270384 1.94154e-05 0.66526 
0.0207292 0.029373 0.026064 0.00947239 0.0216746 0.000322451 0.0163767 1.70065e-08 0.0966519 0.164064 0.0190848 0.000489974 0.0182001 0.260547 0.00216649 0.000969228 0.00550487 0.0411415 0.267167 
0.0004921 0.105706 0.0149884 0.00013108 3.24941e-06 1.13337e-06 0.00975025 1.87531e-07 0.0219376 0.0711377 0.0187281 0.215512 0.000428316 0.0474426 0.00207749 0.0507645 5.32503e-06 7.82885e-05 0.440816 
0.00215909 0.0571393 0.0115555 0.00627049 0.00166546 3.45941e-05 0.00229542 0.000212793 0.027779 0.0756673 0.0567748 0.0697418 0.0004115 0.247784 0.0136727 0.00140895 0.00623221 0.00121465 0.41798 
0.000735448 0.00748812 0.00251809 0.000762978 0.000381576 3.08816e-05 0.00921579 3.31718e-08 0.0099975 0.0314618 0.0258775 0.358048 0.000280971 0.0229311 0.0235345 0.00044617 0.000108919 0.00104897 0.505131 
0.0198291 0.390843 0.0310051 0.00080074 0.00171538 4.84611e-06 0.0018853 1.51782e-07 0.0906264 0.00474927 0.032365 0.00813455 0.000269341 0.0123814 0.00220905 0.000207705 0.000696852 0.00123296 0.401043 
0.036446 0.0862114 0.0161916 0.00205108 0.00733431 6.80059e-05 0.000857215 1.87105e-06 0.120391 0.0722242 0.155338 0.0597311 0.00130793 0.132652 0.0171265 0.0292533 0.00167 0.00250683 0.258638 
0.0162199 0.0924143 0.0416023 0.00102942 0.00197247 6.04245e-05 4.00136e-05 0.000330106 0.0389499 0.0132323 0.024819 0.0184218 0.0471658 0.0419917 0.00476962 0.000253493 0.00711407 0.000644764 0.648969 
0.00602763 0.0314979 0.0402816 0.00207174 0.00012782 5.38106e-11 0.000655981 7.70601e-11 0.109798 0.0936722 0.00441557 2.58185e-05 0.224107 0.0428904 0.0177686 0.0757428 0.000769653 0.000403609 0.349744 
0.018063 0.226682 0.086484 0.00482496 0.000545665 3.66158e-05 0.00162653 0.000191638 0.0503496 0.0281194 0.144489 0.0104089 0.00011144 0.029335 0.0206162 0.000325872 0.00343237 0.00418533 0.370173 
0.0289032 0.173345 0.072337 0.00279847 0.00116277 2.39945e-06 0.0045395 6.17835e-10 0.112238 0.147154 0.0434075 0.000211542 0.000436385 0.0460172 0.0249482 0.000647962 4.96295e-06 0.00351913 0.338327 
0.00194701 0.000913355 0.00281241 5.06283e-09 0.000186875 2.07699e-05 0.000108938 1.43248e-11 0.000958109 0.0151864 0.0307162 0.00153269 6.85975e-05 0.00116462 0.00932775 0.000170693 0.000117818 5.54992e-05 0.934712 
0.0162194 0.0998998 0.0161373 0.100829 0.000693283 4.70566e-06 0.00225478 6.35423e-10 0.08055 0.111126 0.254514 0.00369112 0.000418312 0.0451895 0.00271132 0.000158043 0.00523831 0.00120208 0.259162 
0.0114113 0.00440748 0.0131635 0.111767 0.000356793 0.00230705 9.54884e-08 2.05052e-07 0.0325716 0.0506669 0.00810685 0.000306864 0.191026 0.251753 0.00857 0.00440996 1.88471e-07 7.77088e-05 0.309097 
0.00184898 0.0134137 0.00347763 0.000692876 0.000362203 1.33773e-05 0.00548059 1.01333e-05 0.0216727 0.0377411 0.0200249 0.186522 0.000206194 0.013001 0.03419 0.000377255 0.00268624 0.00117351 0.657105 
2.84562e-05 0.0905777 0.0585174 0.000455216 2.05166e-05 1.30925e-06 0.0573961 1.87492e-06 0.0113436 0.149209 0.00773015 0.00032256 0.00137913 0.132396 0.00895817 0.00139072 2.66764e-05 0.0069098 0.473335 
0.126095 0.209323 0.145736 0.00274076 0.000606309 0.000148242 0.000192506 0.000132018 0.119581 0.0203502 0.0367423 0.00468758 0.0331648 0.0245096 0.000900091 0.000597729 0.0086485 0.00139221 0.264453 
0.126293 0.136456 0.162836 0.00541671 0.00771044 0.00174965 0.00100165 0.00107685 0.0757848 0.010488 0.0207337 0.0101011 0.000194079 0.164116 0.000151392 0.00164718 1.22545e-05 0.00235047 0.271881 
0.0162199 0.0924143 0.0416023 0.00102942 0.00197247 6.04245e-05 4.00136e-05 0.000330106 0.0389499 0.0132323 0.024819 0.0184218 0.0471658 0.0419917 0.00476962 0.000253493 0.00711407 0.000644764 0.648969 
0.000576061 0.0751406 0.0173621 0.000189955 0.00199695 4.06699e-05 0.000232583 1.17327e-05 0.00467687 0.0109429 0.00444996 6.67375e-05 5.24796e-06 0.24745 0.00059201 4.72538e-05 0.000307137 0.0280956 0.607816 
0.00463232 0.0469725 0.100786 7.9103e-05 0.00145416 2.99888e-06 0.000355377 6.58813e-07 0.00537288 0.0111363 0.0687511 0.00290788 0.000208707 0.0198088 0.0157315 0.000115877 0.00176011 0.00334212 0.716581 
0.00554954 0.0292004 0.0488988 0.000799325 0.00137408 0.000241962 0.000261738 7.86347e-07 0.00638301 0.0177651 0.0401762 0.00501848 0.000277966 0.0179207 0.0168841 0.000300281 0.00102924 0.00178787 0.80613 
0.0509629 0.100369 0.24251 0.00307596 0.00200683 9.85207e-05 0.000347738 1.12676e-06 0.206179 0.0211777 0.00978816 0.00759404 0.000460277 0.0189891 0.00221229 9.23596e-05 0.000111597 0.012266 0.321757 
0.0832902 0.0366855 0.0772696 0.0166502 0.160221 4.03779e-06 0.00395393 4.65616e-06 0.0336711 0.0357806 0.00376076 0.00233714 1.06786e-05 0.0157397 0.00582434 0.000267484 3.99005e-05 0.000294178 0.524195 
0.0115472 0.0848643 0.0138146 3.7174e-05 0.00620755 8.22601e-07 0.0219729 1.6644e-07 0.041336 0.0386651 0.0531247 0.121345 0.0210375 0.131365 0.0387635 0.00295358 2.50586e-05 0.00881164 0.404128 
0.00639271 0.059468 0.122715 0.00103653 0.0012973 0.0122177 0.00252842 8.4153e-07 0.0387275 0.0375397 0.0242885 0.00343966 0.00108031 0.0588421 0.0267117 0.000476854 0.00152589 0.00164028 0.600071 
0.0368532 0.253399 0.0383493 0.00607893 0.000215207 0.0437898 0.000908389 0.000117515 0.0645681 0.00596069 0.0056 0.00989031 0.0558191 0.100188 0.00694553 0.00083649 1.66235e-05 0.00154054 0.368924 
0.0573246 0.0774532 0.0311224 0.0276165 0.00020131 1.71204e-05 0.0471092 6.75822e-10 0.023188 0.104798 0.0623198 0.000595575 0.000548763 0.216126 0.00926411 0.00247233 3.37621e-06 0.0300394 0.309799 
0.0504159 0.0282392 0.180579 0.0766203 0.138847 4.31856e-07 0.0366489 1.85993e-07 0.0304815 0.0629881 0.00217376 3.81863e-06 2.30781e-09 0.13678 0.0082819 0.000261644 1.07225e-06 0.00177677 0.2459 
0.00194701 0.000913355 0.00281241 5.06283e-09 0.000186875 2.07699e-05 0.000108938 1.43248e-11 0.000958109 0.0151864 0.0307162 0.00153269 6.85975e-05 0.00116462 0.00932775 0.000170693 0.000117818 5.54992e-05 0.934712 
0.0487493 0.0697398 0.186352 0.0573668 0.000390971 0.000291591 1.76007e-10 3.77957e-10 0.092444 0.017594 0.0394711 0.0702126 2.85729e-05 0.0958469 3.80734e-05 0.000999248 2.1672e-07 1.69843e-07 0.320474 
0.0149785 0.0641344 0.0241463 0.00301465 0.0043642 3.48138e-05 0.0168942 4.65363e-08 0.144609 0.0715978 0.0186552 0.00544606 0.002616 0.0386641 0.0342544 0.00172129 0.00278451 0.00197336 0.550112 
0.156333 0.063417 0.141424 0.000471485 0.00561739 0.0102947 1.54874e-05 0.00135523 0.0478274 0.0164238 0.0273902 0.00159502 0.000346683 0.0187913 0.00616396 5.02388e-05 0.00110412 0.000243563 0.501135 
0.00138666 0.0302 0.0233407 0.00410341 0.000459673 0.000219202 0.00687669 8.1025e-07 0.0438052 0.0338791 0.0967852 0.240011 0.00747873 0.0328707 0.0185547 0.000424569 0.00167979 0.00169988 0.456224 
0.0289032 0.173345 0.072337 0.00279847 0.00116277 2.39945e-06 0.0045395 6.17835e-10 0.112238 0.147154 0.0434075 0.000211542 0.000436385 0.0460172 0.0249482 0.000647962 4.96295e-06 0.00351913 0.338327 
6.5871e-06 0.0112137 0.00611891 0.00454791 5.50914e-05 9.07481e-05 3.63521e-10 7.80627e-10 0.00275562 2.93802e-07 0.00960761 0.10849 1.4211e-07 0.124396 0.000182492 7.49627e-08 2.15629e-06 0.00237831 0.730154 
0.00140934 0.0290216 0.0321985 0.00182285 0.000268226 0.000137577 0.333245 0.00141327 0.0238058 0.00443651 0.0148423 0.0439122 2.51501e-05 0.0248964 0.000914522 0.000222387 3.28864e-07 0.00081849 0.486609 
0.000735448 0.00748812 0.00251809 0.000762978 0.000381576 3.08816e-05 0.00921579 3.31718e-08 0.0099975 0.0314618 0.0258775 0.358048 0.000280971 0.0229311 0.0235345 0.00044617 0.000108919 0.00104897 0.505131 
0.00323976 0.232471 0.0116543 0.000800993 0.000510271 0.0001159 0.00223761 2.3314e-09 0.0115375 0.0209701 0.00471373 0.000147235 0.00738686 0.100037 0.0460015 0.00511789 7.82512e-05 0.0016025 0.551379 
0.0151129 0.039936 0.0293061 0.0058402 0.000125935 5.28407e-05 0.00291296 1.25898e-05 0.0901063 0.0376095 0.10111 0.129268 0.00249161 0.0719321 0.00968841 0.000933366 0.00186883 0.00135035 0.460341 
0.00226446 0.00605399 0.00663788 0.00838393 1.61709e-05 0.000208891 9.1332e-05 9.52429e-11 0.0210117 0.0210505 0.000589846 0.000103657 0.0912226 0.0271998 1.06006e-05 3.62283e-05 0.0293054 1.65573e-08 0.785813 
0.00224071 0.0339368 0.00810131 6.81795e-05 0.000154942 2.6668e-10 0.167296 3.81903e-10 0.00631078 0.0138956 0.0414963 0.00022549 0.00013275 0.187464 6.91579e-05 0.00103401 3.67224e-07 0.00268409 0.53489 
0.000735448 0.00748812 0.00251809 0.000762978 0.000381576 3.08816e-05 0.00921579 3.31718e-08 0.0099975 0.0314618 0.0258775 0.358048 0.000280971 0.0229311 0.0235345 0.00044617 0.000108919 0.00104897 0.505131 
0.000735448 0.00748812 0.00251809 0.000762978 0.000381576 3.08816e-05 0.00921579 3.31718e-08 0.0099975 0.0314618 0.0258775 0.358048 0.000280971 0.0229311 0.0235345 0.00044617 0.000108919 0.00104897 0.505131 
0.0108918 0.294035 0.0827674 0.00270845 0.00115338 2.6507e-05 0.0349967 5.10411e-12 0.00377306 0.00331032 0.0374728 0.0162789 0.000226409 0.0483451 0.000466942 0.000235736 0.00391021 0.037094 0.422307 
0.0516816 0.0995403 0.0694484 0.0007258 0.000258171 0.000198794 0.00297147 6.1907e-07 0.0100965 0.0168767 0.016284 0.000333689 0.0039739 0.0841702 0.000633091 0.0322177 8.54423e-05 0.000412521 0.610091 
0.0392562 0.159874 0.0212605 0.0005002 0.00230437 0.000484754 0.00683606 7.92493e-10 0.180649 0.0397562 0.0273427 0.000102279 1.08227e-06 0.0623652 0.00870544 0.00501385 0.00198929 0.000297154 0.443262 
0.0434831 0.0962593 0.100549 0.00462432 0.00188245 6.5735e-07 0.003128 8.388e-05 0.0199198 0.00253373 0.00165503 2.30123e-05 1.72973e-06 0.0098193 0.00361257 4.73858e-07 2.67867e-05 0.00157612 0.710821 
0.000735448 0.00748812 0.00251809 0.000762978 0.000381576 3.08816e-05 0.00921579 3.31718e-08 0.0099975 0.0314618 0.0258775 0.358048 0.000280971 0.0229311 0.0235345 0.00044617 0.000108919 0.00104897 0.505131 
0.0600169 0.0838784 0.0446108 0.0115972 0.00197264 6.61287e-06 1.16764e-05 1.47631e-08 0.123749 0.0362189 0.0836712 0.0164495 9.98056e-05 0.00907397 0.0378986 0.000208626 0.0156691 0.00169841 0.473168 
0.000665641 0.067191 0.00575916 8.62346e-05 0.000444229 2.96092e-05 0.00121007 4.17944e-08 0.0322713 0.0749301 0.0120184 0.191458 0.00139093 0.236251 0.0282702 0.00169313 0.0161386 6.73674e-05 0.330125 
0.0794528 0.0975264 0.0702215 0.00162256 0.000304181 3.08417e-05 0.000564059 1.12543e-09 0.155984 0.172462 0.0408175 0.00291459 0.00104972 0.164445 0.00131278 0.00502022 1.53084e-06 4.39917e-07 0.206271 
0.0168323 0.136514 0.0985441 0.0124019 0.00251976 0.000207067 0.00234249 5.08534e-08 0.122044 0.170867 0.104257 0.0454239 0.000408269 0.0815877 0.00362072 0.0156724 0.00422157 0.00843892 0.174098 
0.0123947 0.0417301 0.0206435 3.24916e-05 0.0239701 4.82258e-06 8.1708e-06 1.53329e-07 0.0728842 0.00694528 0.0607764 0.0010719 2.57037e-05 0.173337 0.000303081 0.000389616 3.79367e-05 0.000318345 0.585127 
0.00318764 0.0260775 0.00365518 0.00401571 0.00049987 5.79995e-06 0.00176602 1.22384e-05 0.292716 0.11356 0.0170559 0.00562742 0.00113827 0.0560998 0.047393 0.000349514 0.000246447 0.000724703 0.425869 
0.00478674 0.124706 0.0548271 0.00243568 0.0470261 5.99972e-05 0.00213468 5.32958e-06 0.00525902 0.100136 0.0846526 0.00316812 0.00123383 0.219966 0.000957059 0.000234859 0.00321 0.0163874 0.328813 
0.031789 0.0502077 0.04838 0.0233812 0.00221556 0.00163753 0.00046826 0.00119587 0.160437 0.0363821 0.0448324 0.00420153 0.000576763 0.0888626 0.00801574 0.000559307 0.000196937 0.00302702 0.493633 
0.00573391 0.0596839 0.0640615 0.0117219 0.000142165 0.000544559 0.00503532 2.822e-06 0.0298433 0.0584333 0.0283138 0.0147465 0.00345419 0.108125 4.31829e-05 0.00985444 4.09741e-05 0.000263785 0.599956 
0.00335213 0.092007 0.0885125 0.0264405 0.000445773 3.03676e-06 0.000319825 8.16568e-07 0.146369 0.0526121 0.122287 0.019509 0.00184902 0.195885 0.0219567 0.000423861 0.00266029 0.00225591 0.223112 
0.0228099 0.181985 0.0861667 0.00973311 0.0135943 3.68007e-05 0.00786264 0.000275154 0.0802871 0.0669382 0.157449 0.0488655 0.012951 0.0634839 0.0164881 0.00170669 0.00118672 0.0147169 0.213463 
0.000665641 0.067191 0.00575916 8.62346e-05 0.000444229 2.96092e-05 0.00121007 4.17944e-08 0.0322713 0.0749301 0.0120184 0.191458 0.00139093 0.236251 0.0282702 0.00169313 0.0161386 6.73674e-05 0.330125 
0.0542594 0.00814441 0.0111294 0.000224668 0.0526094 0.0107906 5.61151e-05 3.57753e-06 0.0147687 0.01407 0.0727889 0.000330811 0.000846886 0.0919753 0.000855737 0.00159638 0.000270384 1.94154e-05 0.66526 
0.000735448 0.00748812 0.00251809 0.000762978 0.000381576 3.08816e-05 0.00921579 3.31718e-08 0.0099975 0.0314618 0.0258775 0.358048 0.000280971 0.0229311 0.0235345 0.00044617 0.000108919 0.00104897 0.505131 
0.0315739 0.166192 0.231304 0.0510048 0.046674 3.99466e-06 0.000938596 9.68755e-07 0.027278 0.0118624 0.0116543 0.0115317 4.80102e-05 0.0779742 0.0170028 6.69111e-05 0.0003657 0.0116213 0.302903 
0.033425 0.0457744 0.104698 0.00795868 0.000203505 2.40255e-05 0.00287304 2.86106e-07 0.164386 0.0654702 0.105187 0.0151475 0.000137633 0.0693349 0.0185633 0.00817562 0.024495 0.00344083 0.330705 
0.00188513 0.074096 0.0467087 0.0502975 0.00155109 6.39829e-06 0.0240258 0.000871565 0.016149 0.0425576 0.0150992 0.00409801 0.000340267 0.0295017 0.00931246 4.05534e-06 0.00155686 0.178486 0.503453 
1.80822e-06 0.00267227 0.111027 0.00194078 3.95231e-07 4.79576e-10 2.28047e-07 6.86782e-10 0.153201 4.03554e-08 0.0224603 1.33073e-07 6.43134e-07 0.016599 3.86741e-08 7.94455e-05 6.31248e-10 3.54234e-10 0.692017 
0.00697742 0.0384805 0.00301286 0.000136332 0.00302457 2.18949e-06 0.000160416 5.8571e-07 0.00106218 0.000128907 0.00559827 9.22398e-05 1.49161e-05 0.0310596 0.000164207 0.000117503 9.51001e-06 0.0431859 0.866772 
0.000735448 0.00748812 0.00251809 0.000762978 0.000381576 3.08816e-05 0.00921579 3.31718e-08 0.0099975 0.0314618 0.0258775 0.358048 0.000280971 0.0229311 0.0235345 0.00044617 0.000108919 0.00104897 0.505131 
0.000630381 0.0692432 0.0476132 0.00073551 0.000436984 0.000649008 0.0042373 0.00173467 0.03277 0.0811799 0.266728 0.000316739 0.0368904 0.0968298 0.00284451 0.0135029 5.38681e-05 8.18047e-05 0.343522 
0.0888664 0.149036 0.249412 0.00202922 0.000593247 2.33347e-06 0.00249483 4.32232e-06 0.186215 0.0119927 0.00988332 0.00085256 3.30863e-05 0.00909446 0.000396532 2.95099e-05 0.0215715 0.00407165 0.263421 
0.163267 0.206351 0.0240176 0.000194624 0.000391263 0.000861322 6.05648e-06 8.77103e-08 0.015985 0.000527168 0.0165991 0.0281473 4.98674e-05 0.169133 6.22395e-05 6.93039e-06 0.00079236 0.000630537 0.372978 
0.00227545 0.200547 0.0290754 0.00142716 0.000970348 0.000713943 0.00733933 1.8084e-07 0.0121814 0.00220483 0.027151 0.235617 0.0027345 0.0717761 0.000171632 0.000112689 0.000779412 0.000797708 0.404126 
0.00194701 0.000913355 0.00281241 5.06283e-09 0.000186875 2.07699e-05 0.000108938 1.43248e-11 0.000958109 0.0151864 0.0307162 0.00153269 6.85975e-05 0.00116462 0.00932775 0.000170693 0.000117818 5.54992e-05 0.934712 
0.00602763 0.0314979 0.0402816 0.00207174 0.00012782 5.38106e-11 0.000655981 7.70601e-11 0.109798 0.0936722 0.00441557 2.58185e-05 0.224107 0.0428904 0.0177686 0.0757428 0.000769653 0.000403609 0.349744 
0.00670195 0.0463217 0.0170947 0.0653143 0.000819655 0.000312998 0.00338996 4.32325e-10 0.133437 0.0795233 0.0308354 0.0519946 0.08964 0.0373015 0.0054145 0.00984023 0.00145642 0.000615687 0.419986 
0.0195876 0.146097 0.010357 4.39096e-05 0.132955 1.52112e-05 0.000663299 7.46223e-11 0.0197731 0.0481243 0.0631875 0.00196456 0.0194925 0.085549 0.076823 0.00155203 0.0017473 0.000275462 0.371792 
0.000735448 0.00748812 0.00251809 0.000762978 0.000381576 3.08816e-05 0.00921579 3.31718e-08 0.0099975 0.0314618 0.0258775 0.358048 0.000280971 0.0229311 0.0235345 0.00044617 0.000108919 0.00104897 0.505131 
5.58154e-07 2.07897e-07 3.21824e-07 1.45301e-06 1.73591e-06 3.37675e-06 2.25189e-06 4.83571e-06 0.000270949 2.27848e-07 5.97078e-05 7.97177e-07 2.00424e-06 3.84149e-07 5.01472e-07 2.43416e-06 4.44469e-06 2.4942e-06 0.999641 
0.147442 0.00430049 0.287806 0.000217788 0.00020027 1.16866e-06 0.00413736 5.10395e-07 0.00013695 0.0053843 0.00508658 7.48636e-05 3.35811e-07 0.0348821 1.13991e-07 0.000246339 2.35838e-06 0.000305985 0.509774 
0.00194701 0.000913355 0.00281241 5.06283e-09 0.000186875 2.07699e-05 0.000108938 1.43248e-11 0.000958109 0.0151864 0.0307162 0.00153269 6.85975e-05 0.00116462 0.00932775 0.000170693 0.000117818 5.54992e-05 0.934712 
0.000735448 0.00748812 0.00251809 0.000762978 0.000381576 3.08816e-05 0.00921579 3.31718e-08 0.0099975 0.0314618 0.0258775 0.358048 0.000280971 0.0229311 0.0235345 0.00044617 0.000108919 0.00104897 0.505131 
0.0102709 0.0408288 0.107825 0.00113976 0.0023519 0.000315007 0.00438827 9.35353e-07 0.0931486 0.012401 0.0303755 0.126445 0.0319926 0.086856 0.000582556 0.000111882 0.0189372 0.00220493 0.429824 
0.0075007 0.0667723 0.0386536 0.00102704 0.0081997 0.000109051 0.254516 0.0145299 0.0587839 0.0259144 0.0241661 0.0254831 0.000199002 0.154994 0.00769384 0.000530338 3.87562e-05 0.00253227 0.308357 
0.000300288 0.0117782 0.00275521 7.94907e-05 3.79917e-05 9.5116e-07 3.51477e-05 6.42083e-07 0.0613169 0.194927 0.00188108 0.000379906 0.00341306 0.294047 0.00175705 0.0141431 0.000563209 3.06775e-08 0.412584 
0.0553063 0.16972 0.208525 0.00466655 0.00421966 2.49516e-05 0.000330206 5.05779e-10 0.0306751 0.0468876 0.0305499 0.0128355 0.00120456 0.160084 0.00132821 4.65889e-05 0.00805218 0.00168138 0.263862 
0.0382513 0.0268731 0.163326 0.010049 0.00212927 1.09951e-05 6.78398e-05 1.80079e-07 0.19837 0.199883 0.0278397 1.39293e-05 0.00125168 0.0323673 0.00287326 0.0107373 0.000301188 0.00251118 0.283143 
0.0106262 0.097733 0.0322707 0.00191116 9.99056e-05 0.00116196 0.0010652 2.54553e-11 0.0595128 0.0314364 0.0297034 0.0404739 0.0826371 0.078536 0.00197242 0.000225768 0.00651835 0.000306523 0.523809 
0.00340309 0.0282363 0.00359749 0.00697687 0.000899704 1.88525e-06 0.00211425 5.95488e-08 0.0499761 0.0971587 0.00741192 0.0125271 0.000110809 0.0726157 0.0337591 0.000287413 0.000540171 0.00181031 0.678573 
0.00194701 0.000913355 0.00281241 5.06283e-09 0.000186875 2.07699e-05 0.000108938 1.43248e-11 0.000958109 0.0151864 0.0307162 0.00153269 6.85975e-05 0.00116462 0.00932775 0.000170693 0.000117818 5.54992e-05 0.934712 
0.0177219 0.0727203 0.0607217 0.00760237 0.00641939 5.93506e-05 0.000151063 2.25204e-08 0.171907 0.168635 0.0215963 0.00341063 0.000510717 0.125067 0.00455178 0.00667987 0.00635163 0.00902844 0.316865 
0.00517753 0.141594 0.0472802 0.00140615 0.0026585 4.26698e-05 0.000520492 5.93001e-07 0.0946927 0.0170811 0.303814 0.010763 0.00389083 0.0211969 0.00835143 0.00752129 0.00460401 0.000951586 0.328454 
0.000665641 0.067191 0.00575916 8.62346e-05 0.000444229 2.96092e-05 0.00121007 4.17944e-08 0.0322713 0.0749301 0.0120184 0.191458 0.00139093 0.236251 0.0282702 0.00169313 0.0161386 6.73674e-05 0.330125 
0.0872524 0.147284 0.0320249 0.00241253 0.0390211 0.00153048 0.00366841 5.25702e-09 0.0329338 0.0210078 0.209203 0.00782545 0.0021943 0.0748402 0.0125486 0.000535789 0.00264426 0.0024093 0.320664 
0.0032543 0.0174877 0.00458388 0.000764111 0.00011221 5.13893e-09 0.000759159 5.17111e-08 0.0342942 0.0421344 0.00713987 0.00738528 9.32582e-05 0.00284664 0.0298795 0.000287038 0.00611295 0.000756261 0.842109 
0.107747 0.100877 0.167074 0.0025045 0.00515434 0.0105281 7.27788e-05 0.0032621 0.0417728 0.0364693 0.00382673 0.00408465 3.30371e-05 0.0741741 0.0103324 0.00334522 3.24389e-05 0.00196311 0.426746 
4.54508e-05 0.00157307 0.00253531 0.190575 0.000164524 1.25658e-05 0.000114778 3.53408e-07 0.0263432 0.0710674 0.0988631 0.00267043 0.138449 0.0081383 0.000332965 0.0141125 7.37291e-08 1.13256e-05 0.44499 
0.0601244 0.0471609 0.0930435 0.0442702 0.000175543 6.14124e-06 0.000276241 1.86153e-06 0.0784039 0.169008 0.022392 1.81786e-05 0.000431288 0.0275578 0.000207108 0.000619841 0.000315956 0.000982455 0.455005 
0.108002 0.0806599 0.0326815 0.00396738 0.00654532 0.0233366 0.000859135 0.000333658 0.0714824 0.0549058 0.0971212 0.00131838 0.0215969 0.071288 0.00403188 0.00136796 0.00902594 0.00657537 0.404901 
0.0597847 0.00329163 0.201315 0.0267931 0.00818346 1.15693e-05 0.00864565 3.25378e-08 0.0610571 0.0521527 0.00312406 6.02482e-06 0.000216828 0.0369477 0.000475846 0.000128353 0.000155372 0.00405818 0.533653 
0.0154141 0.0067744 0.0253129 0.000399559 3.88504e-05 3.61018e-08 0.00227337 2.37869e-07 0.0610572 0.331386 0.057031 0.0250256 5.00816e-05 0.0290729 0.0586163 0.000335433 2.69942e-06 0.00120272 0.386007 
0.00194701 0.000913355 0.00281241 5.06283e-09 0.000186875 2.07699e-05 0.000108938 1.43248e-11 0.000958109 0.0151864 0.0307162 0.00153269 6.85975e-05 0.00116462 0.00932775 0.000170693 0.000117818 5.54992e-05 0.934712 
0.0010197 0.0422328 0.00722384 0.000111212 0.000831046 2.25501e-05 0.00821105 0.00113437 0.0318562 0.013456 0.043811 0.000540503 9.45141e-05 0.115775 0.000398899 0.000727186 4.55262e-08 6.60747e-05 0.732488 
0.00359582 0.0380805 0.071446 0.00439837 0.000156529 2.50187e-06 0.00177917 6.44936e-11 0.0652428 0.00105601 0.0175527 0.00335454 1.19949e-05 0.00882498 2.20593e-05 0.000523532 1.79335e-06 0.000361783 0.783589 
0.0037007 0.161225 0.219915 0.0186919 0.00269696 2.2285e-05 0.0467648 4.65912e-09 0.0337904 0.00959582 0.00916462 0.000123713 3.1341e-05 0.0568358 0.121588 0.00187354 2.03234e-05 0.000756871 0.313202 
0.000136636 0.00704098 0.00565557 0.245623 0.000145485 0.000187341 0.00161279 8.32462e-11 0.0840426 0.0425395 0.039321 0.216588 0.0897425 0.0128073 0.000245632 8.32931e-05 4.96315e-08 0.000600904 0.253628 
0.00601044 0.0270223 0.0169333 0.000428094 0.00013702 0.00194779 0.00034178 1.49441e-08 0.00745201 0.0155597 0.00011419 0.0049835 7.5995e-06 0.0195427 0.00716954 2.33711e-05 1.87822e-06 0.000967997 0.891357 
0.00579314 0.0473557 0.00992744 8.20728e-05 0.0165056 5.72897e-06 0.0148618 2.88977e-10 0.0294164 0.00868375 0.0288052 0.000542555 6.54821e-05 0.137293 1.39724e-06 0.000567995 0.00054224 0.0031647 0.696386 
0.0118216 0.00876867 0.0408956 0.00014721 0.00195008 4.97844e-05 0.00184468 2.63754e-11 0.0333079 0.0396218 0.158969 0.00162638 0.000319384 0.0128575 0.0234816 0.00197316 0.00022698 0.000139058 0.662 
0.0616424 0.0390052 0.195413 0.000139283 0.0258052 2.07012e-06 0.000620416 0.015948 0.0367088 0.0068773 0.0271975 0.00160892 1.2468e-05 0.00377063 5.47492e-05 0.00170682 6.10266e-05 0.00101966 0.582406 
0.019509 0.0879162 0.0392217 0.036281 0.0104959 2.34985e-05 7.35895e-06 4.15457e-06 0.0877923 0.0206193 0.00420985 0.000555276 0.000127413 0.127331 4.22827e-05 0.000716873 1.84679e-05 0.000166836 0.564961 
0.00669896 0.0785735 0.0443315 0.0111223 0.00119626 1.92626e-05 0.0140103 0.000240065 0.0772066 0.088322 0.0439364 0.00124018 0.00134818 0.262671 0.0272203 0.0194826 0.000124565 0.0019609 0.320296 
0.0386395 0.179879 0.0182096 0.000353838 0.00811508 0.146783 1.91512e-05 0.00422493 0.0213403 0.0780775 0.0186191 0.0128945 0.00336944 0.0654983 0.00268734 0.000965599 0.00177038 0.000671703 0.397882 
0.00710323 0.0838092 0.0221308 0.00116885 0.00240651 0.000801306 0.00349964 5.24106e-09 0.00811606 0.00163579 0.00232144 0.0236256 0.0547476 0.0577809 0.00651314 0.000116614 3.02388e-05 0.000661616 0.723531 
0.00194701 0.000913355 0.00281241 5.06283e-09 0.000186875 2.07699e-05 0.000108938 1.43248e-11 0.000958109 0.0151864 0.0307162 0.00153269 6.85975e-05 0.00116462 0.00932775 0.000170693 0.000117818 5.54992e-05 0.934712 
0.129098 0.00816805 0.0455551 0.00300617 0.000854444 3.68833e-05 0.00105305 1.96079e-08 0.175929 0.140984 0.105256 1.39129e-07 5.89841e-05 0.0633709 0.000200842 0.000582102 0.000212438 8.60498e-07 0.325632 
0.0109702 0.0196613 0.156406 0.0222153 0.00423768 6.69106e-08 0.00193416 4.88487e-05 0.019697 0.0470872 0.00102685 4.67783e-05 0.000151937 0.122587 0.00300633 0.000939519 0.000193143 0.00590323 0.583888 
0.00287534 0.0817612 0.0183674 0.000151554 0.000272704 1.35866e-05 0.00269864 1.21926e-05 0.0546963 0.101804 0.0651282 0.111311 0.000741265 0.140342 0.0352978 0.00458898 0.0109841 0.000490069 0.368465 
0.00205592 0.0124813 0.000187156 1.36833e-09 0.000397963 0.0001802 1.59392e-11 3.42279e-11 0.0187733 0.00139425 1.20498e-05 9.87612e-07 3.72695e-05 0.00150261 9.43206e-05 0.000518144 5.98436e-08 2.71612e-08 0.962364 
0.00737081 0.247683 0.0784078 0.000962522 0.00216913 2.00381e-06 8.06721e-07 2.36534e-10 0.0296539 0.0176854 0.0984645 0.0549564 1.23367e-05 0.0154718 0.0023741 0.000409413 0.00202849 0.064957 0.37739 
0.0121432 0.138043 0.128728 0.00940435 0.00291774 8.00434e-05 0.0100538 1.70924e-05 0.0913028 0.153437 0.0154088 0.00647976 0.00911635 0.169616 0.0578736 0.00130113 0.0121388 0.000609222 0.181329 
0.00602763 0.0314979 0.0402816 0.00207174 0.00012782 5.38106e-11 0.000655981 7.70601e-11 0.109798 0.0936722 0.00441557 2.58185e-05 0.224107 0.0428904 0.0177686 0.0757428 0.000769653 0.000403609 0.349744 
0.00388905 0.26302 0.0269014 0.00619538 0.000634319 0.000482413 0.116972 0.00037197 0.0391611 0.0193162 0.0438249 0.0987959 0.000716179 0.0703106 0.00829108 0.00263843 0.000510691 0.00230328 0.295665 
0.0272047 0.163715 0.0301825 0.000178023 0.218967 0.000108091 5.90876e-06 2.12241e-11 0.0212166 0.00316086 0.120032 0.00654994 0.000250784 0.0500867 0.00152275 0.00021753 0.00804285 0.000741051 0.347818 
0.0032543 0.0174877 0.00458388 0.000764111 0.00011221 5.13893e-09 0.000759159 5.17111e-08 0.0342942 0.0421344 0.00713987 0.00738528 9.32582e-05 0.00284664 0.0298795 0.000287038 0.00611295 0.000756261 0.842109 
0.00503492 0.228938 0.0488118 0.0123573 0.00180294 6.22645e-05 0.000215154 2.2725e-07 0.0205515 0.00161471 0.00506853 0.0200181 4.00304e-05 0.120731 0.000143761 0.000107438 0.000380159 0.00646441 0.527658 
0.00393149 0.169824 0.0416264 0.00282843 0.000292167 4.14352e-07 0.000861559 9.04358e-11 0.211558 0.0743164 0.114498 4.8136e-05 0.00140755 0.0259687 0.00969799 5.79423e-05 0.00110818 0.000805123 0.341169 
0.0431168 0.152555 0.034928 0.000525395 0.050504 0.000165139 0.00223382 1.67668e-07 0.0621619 0.0318551 0.175651 0.0745883 0.00904105 0.100992 0.0348193 0.00101976 0.000613197 0.00261562 0.222616 
0.0275391 0.0937546 0.0552353 0.0689808 0.000598198 0.000401757 0.00425544 8.53991e-10 0.053977 0.0368062 0.030589 0.0117485 0.0431101 0.161766 5.86863e-05 2.68855e-06 0.000326024 0.00673607 0.404115 
0.00727455 0.0307457 0.039884 0.000358052 0.00128894 7.31937e-05 0.000367616 1.9265e-08 0.0456997 0.0147082 0.00772708 0.036639 0.0701791 0.0425625 0.000118175 0.000894494 0.000515951 0.000142262 0.700821 
0.00506209 0.0537659 0.131513 0.0155212 0.000138549 3.00651e-05 0.00152481 2.49578e-08 0.0061886 0.0481744 0.0221536 0.0133749 0.000142062 0.0689272 0.000385506 6.06858e-05 8.50404e-05 0.092041 0.540911 
0.018355 0.151047 0.0190702 0.00721884 0.00240552 6.75438e-06 0.00819314 2.62373e-10 0.0428142 0.213531 0.0526508 0.00015288 0.000222595 0.0715269 0.0472006 0.00124729 6.32089e-05 0.00603185 0.358261 
0.0641825 0.0135903 0.0603524 0.0397178 0.0231943 1.87048e-07 2.61121e-06 5.93043e-07 0.0997995 0.00531757 0.0250853 0.00510296 4.24778e-07 0.00321903 0.00137042 4.69143e-08 2.86577e-05 0.000128483 0.658907 
0.0272047 0.163715 0.0301825 0.000178023 0.218967 0.000108091 5.90876e-06 2.12241e-11 0.0212166 0.00316086 0.120032 0.00654994 0.000250784 0.0500867 0.00152275 0.00021753 0.00804285 0.000741051 0.347818 
0.067538 0.101503 0.0627813 0.0123846 0.00249066 0.0168419 0.000940725 0.000983257 0.00585748 0.00303745 0.00141949 0.00112508 0.0331088 0.133681 0.0125244 6.48668e-05 1.7621e-05 0.000378537 0.543322 
0.0392562 0.159874 0.0212605 0.0005002 0.00230437 0.000484754 0.00683606 7.92493e-10 0.180649 0.0397562 0.0273427 0.000102279 1.08227e-06 0.0623652 0.00870544 0.00501385 0.00198929 0.000297154 0.443262 
0.018355 0.151047 0.0190702 0.00721884 0.00240552 6.75438e-06 0.00819314 2.62373e-10 0.0428142 0.213531 0.0526508 0.00015288 0.000222595 0.0715269 0.0472006 0.00124729 6.32089e-05 0.00603185 0.358261 
0.00142998 0.169099 0.0292217 0.000564361 0.0013842 1.80403e-12 0.00169778 2.58348e-12 0.0238749 0.0240661 0.00055439 5.45185e-09 0.00077595 0.0563757 0.0103931 0.00501562 3.84705e-08 0.00109409 0.674453 
0.0241671 0.0959663 0.0212359 0.0112901 0.00302236 6.8902e-07 5.75805e-06 1.66082e-07 0.0209892 0.0268865 0.0446261 2.14388e-05 0.0016826 0.216577 0.0504529 0.000170129 7.75471e-06 8.91272e-05 0.482809 
0.0465246 0.0154933 0.0245675 2.79257e-05 0.000303453 0.00017642 0.000300612 9.29395e-11 0.0860404 0.0253576 0.156732 0.00103955 0.000527472 0.00786103 0.0137614 0.000114572 0.00293447 0.000473245 0.617764 
0.14143 0.128708 0.0261311 0.00023001 0.0173992 3.37545e-05 0.000616875 4.19452e-09 0.0101609 0.176442 0.0117189 0.0298122 0.00672169 0.090345 0.00317264 0.0404039 9.54289e-05 0.00218409 0.314394 
0.000198475 0.222419 0.051218 0.00110816 3.35913e-05 1.02885e-06 1.47108e-05 3.68345e-06 0.0773843 0.0121649 0.0937678 0.000588293 0.000136364 0.117542 0.000954515 7.51022e-05 3.33529e-08 3.97751e-07 0.42239 
0.13192 0.157385 0.0805885 0.000478093 0.0330112 0.000323529 0.00262394 0.000353686 0.109526 0.0177428 0.0802926 0.0573344 0.000199978 0.075575 0.0222558 0.00115938 8.26023e-06 0.00554272 0.223679 
0.0492747 0.209519 0.124886 0.00196012 0.0028195 5.89515e-06 0.00111426 0.00511441 0.090574 0.123174 0.117986 0.00603025 6.12141e-05 0.0120486 0.000150066 0.0022667 0.00170506 0.00154049 0.249769 
0.0626361 0.0549401 0.287192 3.46984e-05 0.000561629 1.70689e-07 3.6355e-06 2.83962e-05 0.00038674 2.25518e-07 0.00381861 0.000429925 1.75502e-06 0.00277622 3.43909e-05 2.92654e-06 0.000238374 0.0104804 0.576434 
0.00654464 0.12005 0.0640504 0.00305994 0.000355178 0.000355177 0.0122225 2.39737e-10 0.0145183 0.00923844 0.0107317 0.00251756 0.0393343 0.271407 0.00038855 4.45535e-05 0.00471148 0.00398277 0.436488 
0.00607796 0.060177 0.231338 0.0050679 0.0088716 1.00995e-06 0.00015965 1.91833e-05 0.0345452 0.0106725 0.0121934 0.00417405 0.000818319 0.0297617 0.00182993 9.75233e-05 0.000700018 0.00145112 0.592044 
0.0483423 0.00248743 0.127202 0.000296475 0.0119008 7.52749e-06 0.0110058 7.28301e-07 0.0123384 0.126183 0.0462256 0.000989824 8.19367e-05 0.056004 0.00751152 0.000117936 2.7172e-05 0.00335402 0.545923 
0.010112 0.339323 0.0306422 0.000311341 0.00318559 4.35271e-07 0.000216627 3.58574e-07 0.00512403 0.00173865 0.0129337 6.41985e-05 0.000171782 0.0122833 0.0427821 0.00162276 0.000129591 0.00582463 0.533533 
0.129279 0.139704 0.130168 0.00741733 0.0239364 3.9595e-07 0.00125184 1.09417e-07 0.143475 0.072676 0.107382 3.63127e-05 0.00382502 0.0459982 0.00707577 0.00106098 0.000103934 0.00617705 0.180433 
0.00205592 0.0124813 0.000187156 1.36833e-09 0.000397963 0.0001802 1.59392e-11 3.42279e-11 0.0187733 0.00139425 1.20498e-05 9.87612e-07 3.72695e-05 0.00150261 9.43206e-05 0.000518144 5.98436e-08 2.71612e-08 0.962364 
0.00659742 0.0651979 0.115836 4.06807e-05 0.00606966 7.83735e-06 0.00291254 1.76224e-05 0.0179718 0.0123629 0.0502466 0.0015813 0.000647807 0.0358888 0.0111897 8.84186e-05 0.000918302 0.0019362 0.670488 
0.000946217 0.0376397 0.0964988 0.0225122 6.43481e-06 1.89603e-05 3.01814e-06 1.03959e-09 0.109696 0.0769557 0.0324058 0.00986664 4.30875e-10 0.171874 0.000449496 0.0317382 9.55526e-10 3.2244e-08 0.409389 
0.0017667 0.181772 0.0123129 0.000421904 7.21757e-05 0.000900989 0.00217648 9.4291e-11 0.0917629 0.0390606 0.00420108 7.38833e-05 0.00102112 0.20465 0.00420985 0.00673455 4.42255e-09 0.000249211 0.448613 
0.00402564 0.224761 0.0743983 0.00130423 8.4779e-05 0.000222065 5.36241e-05 0.0826929 0.0262682 0.00401161 0.0196084 0.0461412 0.000910556 0.10726 0.00567295 0.00028714 5.84684e-05 0.000776324 0.401463 
0.14269 0.140735 0.138128 0.000856833 0.00668827 0.000306349 4.67241e-05 2.26896e-05 0.156038 0.0604658 0.0217666 9.71076e-05 0.0150025 0.0640051 0.017517 0.00241504 0.000139374 0.0171368 0.215943 
0.0323252 0.107192 0.0356156 0.0843995 0.000586283 0.000368405 0.00197461 1.52975e-09 0.162855 0.158115 0.00519051 0.000647508 0.0597612 0.112664 0.0136429 0.00177438 2.00098e-06 0.000235107 0.222651 
0.00226446 0.00605399 0.00663788 0.00838393 1.61709e-05 0.000208891 9.1332e-05 9.52429e-11 0.0210117 0.0210505 0.000589846 0.000103657 0.0912226 0.0271998 1.06006e-05 3.62283e-05 0.0293054 1.65573e-08 0.785813 
0.0032543 0.0174877 0.00458388 0.000764111 0.00011221 5.13893e-09 0.000759159 5.17111e-08 0.0342942 0.0421344 0.00713987 0.00738528 9.32582e-05 0.00284664 0.0298795 0.000287038 0.00611295 0.000756261 0.842109 
0.00865123 0.141243 0.0862921 0.0410057 3.1253e-05 3.23606e-06 4.86169e-07 3.53096e-09 0.253463 0.00415574 0.0875876 0.00059098 2.51092e-05 0.0796977 0.000255168 4.75264e-07 1.24763e-05 0.000871007 0.296114 
0.00359582 0.0380805 0.071446 0.00439837 0.000156529 2.50187e-06 0.00177917 6.44936e-11 0.0652428 0.00105601 0.0175527 0.00335454 1.19949e-05 0.00882498 2.20593e-05 0.000523532 1.79335e-06 0.000361783 0.783589 
0.001109 0.0311697 0.00241713 6.7573e-06 0.000498147 0.062719 0.163559 4.31601e-08 0.00166458 0.00170832 0.0322417 0.245 8.49938e-05 0.118368 0.000359285 8.15395e-05 8.81937e-06 0.000835494 0.338168 
0.00767566 0.0414545 0.0348206 0.00338557 0.00152384 0.000131814 0.123888 0.000103987 0.0560456 0.0056856 0.0296354 0.0643381 0.000322311 0.0342221 0.00214924 0.000758778 5.15183e-05 0.00130667 0.592501 
0.00673337 0.0670269 0.0722944 0.023034 0.00033843 0.000336779 0.00551023 3.22265e-08 0.0406588 0.0443862 0.00912345 0.0922941 0.00121532 0.304124 0.00145268 0.000105186 2.91791e-05 0.00174097 0.329596 
0.0140242 0.219399 0.0309837 0.0188525 0.00105884 5.37162e-05 0.00350745 0.000310076 0.1066 0.050908 0.0312571 0.00675947 0.00176755 0.0948618 0.0402966 0.000812203 0.000764092 0.00303274 0.374751 
0.0196469 0.0355925 0.025982 0.0001758 0.00475174 0.133405 0.0715372 3.30594e-07 0.0403625 0.0200478 0.0411889 0.00116376 0.000424979 0.0418746 0.00168032 0.00473525 1.01732e-06 0.000462634 0.556967 
0.00194701 0.000913355 0.00281241 5.06283e-09 0.000186875 2.07699e-05 0.000108938 1.43248e-11 0.000958109 0.0151864 0.0307162 0.00153269 6.85975e-05 0.00116462 0.00932775 0.000170693 0.000117818 5.54992e-05 0.934712 
4.54508e-05 0.00157307 0.00253531 0.190575 0.000164524 1.25658e-05 0.000114778 3.53408e-07 0.0263432 0.0710674 0.0988631 0.00267043 0.138449 0.0081383 0.000332965 0.0141125 7.37291e-08 1.13256e-05 0.44499 
0.00793267 0.0646215 0.0986469 0.015434 0.000298699 0.00022634 0.0713636 0.000202124 0.0596171 0.0160394 0.0479517 0.125069 0.00107372 0.11228 0.00352813 0.000301249 0.000201828 0.000593314 0.374619 
0.0884184 0.0828799 0.137001 0.00212139 0.00425633 0.00886976 6.96548e-05 0.0027982 0.0344217 0.0301012 0.00316284 0.00339855 3.23428e-05 0.0608526 0.00855344 0.00306143 3.12934e-05 0.00167189 0.528298 
0.00196212 0.0635294 0.101245 0.000135237 0.000423868 0.000168612 0.00398873 2.10865e-11 0.00430713 0.017866 0.2237 0.0151456 5.18528e-05 0.194044 0.000467664 0.00226392 0.000268527 0.00409688 0.366335 
0.0263903 0.275507 0.0254339 0.0566147 0.00142739 0.000173749 0.000820322 1.68751e-06 0.0589851 0.0244341 0.067831 0.00812967 0.0437099 0.0755453 0.000884089 0.00324053 0.000147714 0.00406811 0.326655 
0.0111802 0.0195983 0.244565 0.0688234 0.00024742 2.33356e-05 0.000417483 3.0081e-08 0.044176 0.0627913 0.0321204 0.0100278 6.4023e-05 0.0215379 0.0086059 0.000647303 4.87212e-06 0.00288713 0.472282 
0.0223589 0.0342695 0.0964039 0.0668723 0.000886754 1.09643e-05 0.000401445 4.20113e-08 0.130037 0.122252 0.144175 1.55917e-05 4.90372e-05 0.051833 0.000329252 0.000796242 0.00102442 0.0092252 0.31906 
0.0542594 0.00814441 0.0111294 0.000224668 0.0526094 0.0107906 5.61151e-05 3.57753e-06 0.0147687 0.01407 0.0727889 0.000330811 0.000846886 0.0919753 0.000855737 0.00159638 0.000270384 1.94154e-05 0.66526 
