0.069923 0.238386 0.24812 0.00274242 5.78021e-05 3.74874e-05 0.00241539 2.9068e-09 0.143164 0.0173317 0.0811317 2.5777e-05 0.000255222 0.161763 0.00539884 0.00022362 0.00032825 0.00102151 0.0276737 
0.0449646 0.0849065 0.317316 0.000170238 0.000771488 1.27042e-06 3.94762e-06 2.84788e-07 0.132271 0.16932 0.215722 2.5951e-05 2.60678e-05 0.00743499 0.0119241 0.00574262 0.000242131 1.0564e-08 0.00915757 
0.0722363 0.0346296 0.388746 0.00345329 0.00400721 0.000162118 0.000297261 1.86144e-06 0.0969012 0.110139 0.0229936 4.03269e-06 0.00184127 0.0695771 0.0145578 0.000472398 5.68296e-05 0.0242072 0.155716 
0.005985 0.333497 0.345221 0.0260719 0.00276185 2.08474e-05 6.56532e-05 4.67869e-07 0.00134428 0.0280133 0.00642961 0.000337925 0.0088254 0.00773566 0.0303012 0.000628204 0.00275642 0.0388992 0.161105 
0.00752165 0.20396 0.385191 0.00355769 2.96461e-05 1.44951e-07 3.67137e-05 6.29351e-09 0.327672 0.0300712 0.00161355 4.49702e-07 0.000137961 0.00198414 0.0228325 0.00105187 5.41579e-07 0.0082587 0.00608003 
0.00281321 0.120244 0.295904 1.26416e-10 1.5103e-10 6.12136e-06 3.14746e-07 7.60058e-05 0.0505374 0.0146695 0.275975 4.03268e-05 0.000251347 0.0554581 0.000120455 0.0011911 0.0441984 0.000817966 0.137696 
0.0343872 0.105087 0.392106 0.0126055 0.00738737 2.9834e-05 0.00266102 0.000509283 0.249542 0.0535791 0.0591822 0.0016142 0.00122658 0.0439351 0.00967386 0.00488677 0.00063512 0.00356607 0.0173861 
0.0210254 0.291104 0.401933 0.00683758 0.0103149 3.62345e-05 0.00439241 0.0149459 0.0716661 0.0394142 0.0200419 0.000709825 0.00330972 0.0549615 0.00813349 0.00558252 0.0109222 0.0104191 0.0242499 
0.0276981 0.200957 0.357875 0.0616646 0.00506572 8.8904e-05 0.00483466 7.28189e-08 0.0849243 0.175533 0.00404055 2.23672e-05 0.000802916 0.0191602 6.36961e-06 0.000491596 0.000659261 0.00822716 0.0479488 
0.119229 0.00675204 0.362031 7.60381e-06 0.00455607 9.88719e-07 8.57222e-05 1.34435e-06 0.354629 0.115865 0.0195931 3.21321e-05 0.000144028 0.0069627 0.00882884 0.000687742 4.43046e-06 0.000585847 2.22867e-06 
0.0103647 0.0964112 0.736253 0.000503292 0.044608 3.03994e-08 1.34164e-06 3.4768e-06 0.00135607 0.0119857 0.00169788 4.00313e-05 6.13853e-05 0.0235845 0.0011174 3.03705e-05 4.96402e-05 0.000196902 0.0717346 
0.0635818 0.142322 0.284297 0.00853032 0.00229923 2.87974e-05 0.000488405 5.98189e-09 0.239431 0.0372621 0.137984 3.59173e-05 0.0014038 0.0265414 0.0202524 0.031719 0.000192962 0.00115884 0.00247114 
0.00993675 0.0614454 0.687903 0.000242982 0.000185302 2.88444e-07 0.00198954 4.75273e-07 0.0916595 0.0506299 0.058727 0.00103151 0.00126389 0.0215202 0.000214718 7.61614e-06 0.00106452 0.00013667 0.0120409 
0.0176826 0.0532623 0.673229 0.0311654 0.00237554 4.64116e-07 4.74459e-06 2.51873e-10 0.183421 0.0280496 0.00396608 1.12466e-05 2.62811e-05 0.000515747 0.00065072 0.000652836 0.000364942 0.00278344 0.00183781 
0.0134093 0.128889 0.284473 0.00363471 0.0028188 4.32695e-05 0.00017622 5.57779e-07 0.271827 0.145708 0.00729702 1.3722e-06 0.0303866 0.0557513 0.00375601 0.00494216 4.44479e-05 0.000213765 0.0466284 
0.0755188 0.15087 0.300316 0.0324186 0.00515568 1.46376e-05 0.000908787 0.00222845 0.125215 0.0581892 0.0205532 0.00717012 0.00113693 0.0358504 0.00409581 0.000122195 0.000648403 0.037698 0.14189 
2.08358e-06 0.097802 0.766052 0.0115779 1.49066e-06 6.59637e-10 8.61597e-07 9.44642e-10 0.00821961 0.0462752 0.000106534 5.83749e-05 6.20119e-06 0.0608649 8.26739e-06 0.00027237 8.68256e-10 4.87235e-10 0.00875194 
0.0749703 0.157027 0.329741 0.00381067 0.019915 0.000385261 0.00333149 6.18306e-07 0.0488202 0.158318 0.0279687 0.00225727 0.00892005 0.0404972 0.00394688 0.0190731 0.00378732 0.0262652 0.0709652 
0.0325187 0.0385543 0.350421 0.0913337 0.00301139 1.638e-06 0.00226479 0.00134211 0.256047 0.0154467 0.0158117 0.000395055 5.24485e-05 0.126977 0.000437041 6.15349e-05 2.62398e-05 0.00283998 0.062458 
0.056566 0.00585979 0.349577 0.00384059 0.00200229 5.84875e-06 0.0035319 0.000114713 0.162068 0.133194 0.0924822 0.00030076 0.0182728 0.0625525 0.0106178 0.0138219 8.01191e-05 0.00042866 0.0846836 
0.118376 0.129366 0.348131 0.0134861 0.00425747 1.14177e-05 0.00198908 2.19616e-05 0.19229 0.088146 0.0643533 5.56707e-05 0.000567433 0.0138016 0.00977291 0.00241456 0.0023143 0.00306938 0.0075761 
0.0275101 0.187624 0.307697 0.0230188 0.0411763 0.000334289 0.00247553 0.000337472 0.150456 0.0900359 0.0380578 0.00247212 0.00236106 0.0796563 0.0116549 0.00335258 0.00184973 0.00709166 0.0228382 
0.168564 0.282701 0.399385 0.000248843 0.000924021 1.19711e-05 0.00210961 1.75406e-06 0.0602434 0.000403223 0.00334989 0.000303582 5.32963e-05 0.0553756 1.35186e-05 0.00170081 8.60949e-05 0.0013537 0.0231704 
0.0163345 0.0332769 0.594582 0.0430887 0.0070897 3.19706e-06 0.000902563 1.16671e-05 0.128702 0.00746942 0.00935328 2.26116e-05 5.40282e-05 0.138473 0.00444503 0.00110747 4.92786e-05 0.0057313 0.00930422 
0.0432906 0.195632 0.23826 0.000934391 0.0030976 4.06565e-08 0.0036039 4.77347e-05 0.172155 0.0634358 0.195517 1.50814e-05 5.55674e-11 0.0149401 0.0181356 0.00125308 5.77939e-05 0.00479423 0.0448308 
0.0203467 0.193084 0.446383 0.03453 0.0969555 7.25655e-06 0.00233991 9.19196e-07 0.05411 0.0285986 0.00141633 0.00241011 0.000334456 0.0549497 0.00566274 0.000186068 5.01124e-05 0.0432515 0.0153839 
0.0867259 0.0603806 0.370393 0.0182533 0.00453729 7.54148e-05 8.14535e-05 0.0014766 0.123427 0.10849 0.0564672 0.000110755 0.00259609 0.0676022 0.0248562 0.017285 0.00434174 0.00892788 0.0439728 
0.0054081 0.203239 0.284232 0.0129367 0.00539067 1.235e-05 0.00501548 0.00614412 0.0187072 0.0366139 0.0314582 0.0194221 0.000320174 0.0510065 0.0132463 0.0109597 0.00709542 0.0232724 0.265519 
0.0507432 0.129797 0.358525 0.0107147 0.0133406 1.6029e-05 0.000676154 8.49054e-07 0.281221 0.0347911 0.0329778 0.00155584 0.000226525 0.014733 0.00123325 0.00547079 0.0013983 0.00544274 0.0571365 
0.206365 0.0414776 0.565168 0.000514651 0.00105 1.20636e-06 7.87338e-05 0.00436215 0.0297744 0.00597423 0.00800579 0.000390315 1.18395e-06 0.0181747 0.000818255 5.4207e-07 7.07038e-05 0.000157572 0.117614 
0.0850287 0.330879 0.508418 3.20106e-07 0.00102015 1.66195e-07 8.97768e-07 1.29565e-10 0.0365782 0.0032151 0.000863195 1.81184e-08 7.0552e-08 0.0183644 9.09156e-10 1.61403e-05 2.06441e-05 1.93348e-09 0.0155951 
0.0594019 0.0432971 0.454105 0.00369552 0.162907 7.36384e-07 0.000369453 5.60606e-08 0.177832 0.0408222 0.0185524 0.00597922 0.00313241 0.00625873 0.0212913 0.00066444 0.000101037 5.50682e-05 0.00153395 
0.00585721 0.0608619 0.328599 9.75853e-08 2.23907e-05 9.46805e-05 0.000210613 1.55077e-10 0.267686 0.0320617 0.263973 3.47234e-07 1.87642e-05 0.00169188 0.0139205 0.0128904 0.000525405 6.07394e-07 0.011585 
0.0180889 0.252292 0.280976 0.000927846 0.0197117 4.27057e-05 0.0017802 1.42405e-05 0.246583 0.0381732 0.0351805 1.34081e-05 0.0022093 0.0477774 0.0404247 0.00182853 0.000468578 0.00408623 0.00942172 
0.0269337 0.183843 0.376582 0.00256992 0.00458095 5.63549e-06 0.000738253 0.000164496 0.0983329 0.0298915 0.0459718 0.0233226 6.8236e-05 0.10333 0.0152992 0.000317773 0.000845608 0.00325141 0.0839506 
0.292642 0.0400711 0.439664 0.00166899 0.00296285 0.000116225 0.000139921 1.95136e-06 0.0374087 0.0666305 0.0221629 6.64694e-05 0.000682949 0.088053 3.61286e-05 0.000377282 2.75377e-05 2.28443e-06 0.00728486 
0.0376882 0.0910883 0.355706 0.0517391 0.000877735 0.00013478 0.00322206 0.000109583 0.112251 0.0607501 0.159475 0.000235674 0.000387389 0.0510047 0.00639209 0.00676691 0.00151066 0.0236167 0.0370441 
0.0157983 0.0755244 0.498773 0.00294471 0.00694493 6.05554e-05 0.000514913 1.30343e-05 0.193028 0.0490213 0.00288789 0.0186086 0.00132663 0.0664964 0.0114158 0.000311148 6.5942e-05 0.00154995 0.0547139 
0.0619722 0.0229529 0.576295 0.0744117 0.0198069 6.29995e-05 0.000698188 1.51419e-07 0.0574919 0.0453151 0.0159688 2.89128e-05 1.28756e-05 0.105539 0.000401254 0.0125634 9.57012e-05 0.00481519 0.00156782 
0.0213602 0.0642912 0.501321 0.118385 0.00174767 1.00787e-05 0.000407424 3.83091e-05 0.112902 0.092351 0.00634425 1.62601e-08 0.000231363 0.00309834 0.00908762 0.00349004 0.000113129 0.0319062 0.0329152 
0.0105781 0.018568 0.86569 0.00235812 0.000854521 1.52874e-05 0.000341582 1.49703e-06 0.026077 0.0296824 0.00444744 0.000692682 0.0119367 0.0131414 0.0063013 7.663e-05 0.00144479 0.000272623 0.0075201 
0.102803 0.114169 0.431092 0.000429093 0.000316333 1.31847e-06 0.00259935 1.12418e-10 0.196163 0.0121087 0.0682138 7.92842e-05 7.1609e-06 0.0269266 7.8002e-08 0.000958749 3.3572e-07 0.0350552 0.00907753 
0.0715318 0.160181 0.445692 0.00957245 0.000844762 2.04233e-06 0.000622988 0.00090884 0.152448 0.0907408 0.010896 6.74459e-06 8.91683e-05 0.0261012 0.000444077 0.000857352 0.00142285 0.000491211 0.0271457 
0.0286346 0.0949481 0.379724 0.00519361 0.00167289 1.22007e-05 0.00026177 6.60472e-07 0.297529 0.0771219 0.0637214 1.94341e-05 0.000383016 0.00797947 0.0170973 0.000668446 0.00011961 0.00616965 0.0187426 
0.0670838 0.237708 0.388252 0.00585697 0.0106735 0.000137467 0.000713232 0.000122098 0.152916 0.0235662 0.0404277 0.000589819 0.00164085 0.0296184 0.0090904 0.00149986 0.000353678 0.00793089 0.021819 
0.249166 0.0453022 0.360973 4.38575e-07 0.0111335 5.27144e-08 2.41872e-06 0.000141659 0.143018 0.000416388 0.098651 7.34636e-06 5.98469e-07 1.49829e-07 0.0880512 1.70488e-05 0.00295905 1.09335e-06 0.000159337 
0.157938 0.104867 0.642238 0.000329832 0.00913274 1.81771e-06 2.02817e-05 9.46141e-11 0.0513416 0.00892452 0.0139658 6.89748e-05 0.000218149 0.0019447 0.000134986 6.82858e-05 6.78835e-05 0.00053669 0.00820064 
0.0257742 0.00236878 0.662871 0.0693249 0.00012366 1.83554e-06 0.000315406 6.41988e-05 0.0623671 0.106661 0.00777049 0.00287711 7.23908e-05 0.0198771 4.27134e-05 0.0238684 0.00404579 0.000122873 0.0114512 
0.0196829 0.249346 0.353609 0.0080587 0.0061601 3.01694e-05 0.00201432 0.00545295 0.127411 0.031118 0.121496 6.54654e-05 0.000240338 0.0575047 0.00287481 0.00275736 0.000305102 0.00184446 0.0100288 
0.113179 0.0607132 0.428494 0.0149754 0.00409195 2.21875e-06 0.000931362 2.46612e-07 0.0583063 0.0664045 0.0324753 0.00397487 0.000150383 0.0365018 0.00127643 0.00011112 0.000675288 0.0302279 0.147509 
0.0372527 0.0528523 0.679706 0.013929 0.00672889 0.000179823 0.0120977 4.15788e-06 0.0588994 0.0714844 0.00466278 0.000110928 1.43344e-05 0.0482752 0.00162103 0.000431941 0.00636458 0.000687386 0.00469737 
0.120317 0.128694 0.47581 0.00352549 0.00807952 1.65374e-05 0.0360427 1.22336e-07 0.0540574 0.00881969 0.0169231 1.92457e-05 0.000181707 0.0472039 0.000610169 1.80585e-06 0.071997 0.000102827 0.0275985 
0.00735216 0.0233308 0.583788 0.0301092 6.84051e-05 3.66988e-07 0.000105067 0.000165138 0.257346 0.0603948 0.0223956 7.376e-06 0.000663605 0.0044855 0.00234374 0.00119223 0.00242545 0.000653523 0.00317392 
0.0200688 0.0154678 0.425072 0.0103193 9.96079e-07 3.54851e-06 5.48653e-06 5.9112e-06 0.122883 0.0254298 0.0440358 6.69441e-07 0.000326368 0.27744 0.00243798 3.9917e-05 0.000279915 3.33294e-05 0.0561496 
0.0421263 0.0839387 0.25744 0.0311638 0.000418372 7.93666e-05 0.000652388 6.90599e-07 0.155557 0.115836 0.0277809 5.75475e-06 0.00132537 0.153117 0.00868987 0.0757078 0.000139868 0.0183543 0.0276663 
0.0495901 0.0660575 0.432046 0.0858801 0.00831117 4.02832e-05 0.00757886 0.000470698 0.221445 0.043152 0.0304887 0.0001686 4.19271e-05 0.0219037 0.00262264 6.69771e-05 0.000384699 0.00565459 0.0240969 
0.165332 0.257672 0.279332 0.00283338 0.0260732 3.7284e-09 0.00706135 2.31048e-06 0.0345556 0.0311955 0.130285 3.94359e-06 3.58499e-05 0.0137155 0.00364526 0.0011678 0.000611271 0.0144367 0.0320417 
0.0119838 0.209771 0.541588 0.00739635 0.000809677 2.24087e-05 0.00195767 9.20545e-07 0.0853554 0.063551 0.0158907 0.000523178 0.000521988 0.0289542 0.00715995 0.00264405 0.00015281 0.0025545 0.0191629 
0.00959141 0.169554 0.364751 0.223286 0.00152262 1.54352e-07 0.000105206 2.87902e-05 0.0038368 0.0449321 0.00485986 8.55413e-06 1.75999e-05 0.0484234 0.000270792 0.0124652 5.19339e-05 0.0178884 0.098406 
0.00957096 0.258095 0.447133 0.032742 0.0290843 9.05769e-05 0.00133293 0.00155946 0.0485203 0.0325202 0.0342275 0.0108678 0.000135785 0.0434952 0.0261867 0.000222943 0.00031108 0.000381696 0.023522 
0.0141535 0.0962442 0.465468 3.6681e-07 0.000259851 4.04058e-06 8.00063e-05 2.09838e-09 0.0469141 0.0658544 0.0550596 0.00257504 0.000131385 0.0774244 0.000991478 0.00353243 0.0231932 0.0212183 0.126896 
0.136822 0.0470451 0.636006 0.00754816 0.00248769 5.53846e-06 0.000182975 0.00327599 0.0425348 0.0139275 0.0168425 0.00394802 0.000250383 0.0107101 0.000831226 0.0033718 0.00589694 7.60676e-05 0.0682375 
0.0302201 0.029548 0.387306 0.0318453 0.0050387 2.05206e-05 0.0524979 0.00066128 0.058259 0.114197 0.0630836 0.00240795 0.00056787 0.136596 0.00656242 0.00486929 0.000231023 0.000736785 0.0753523 
0.0213902 0.119937 0.39974 0.0177429 0.0164765 2.61239e-06 7.66156e-05 1.3661e-09 0.218588 0.133466 0.00273216 8.49724e-06 0.00425189 0.0546524 0.00189593 0.00108994 9.81479e-05 0.0024338 0.00541717 
0.0153121 0.107736 0.33517 0.0026252 0.000709523 0.00023062 0.00889449 5.12553e-06 0.271605 0.0289011 0.156149 0.00816906 0.000889627 0.0271454 0.0204507 0.00692715 3.54792e-05 0.000571612 0.0084729 
0.00940962 0.244447 0.643708 0.000300865 0.000745935 3.56788e-07 6.66372e-07 9.54356e-11 0.0715943 0.00443619 0.00743115 4.38523e-07 2.49171e-08 0.00506245 0.00747688 3.64832e-05 5.38891e-05 0.000396037 0.00489964 
0.0192235 0.0957959 0.56015 0.00122253 0.00374746 4.49902e-09 1.79634e-05 3.06501e-10 0.164572 0.0208757 0.114658 0.000454476 2.61644e-05 0.00594696 0.00108947 0.00174808 1.61919e-06 5.90809e-07 0.0104687 
0.0318775 0.0912644 0.62675 0.00266527 0.0076066 0.000104821 0.00144715 0.000371484 0.0946507 0.0559429 0.0128668 0.00393244 0.00022492 0.0252853 0.0291468 0.0027243 6.33762e-05 0.00918839 0.00388685 
0.0845521 0.228626 0.418549 0.0130024 0.00332691 4.359e-06 5.35436e-05 4.2757e-05 0.0843002 0.0552843 0.00967863 2.79471e-05 0.000162742 0.0181265 0.000393557 0.0016357 8.13586e-05 0.0112909 0.0708615 
0.049382 0.216068 0.254292 0.000116124 0.000143839 0.00173896 0.000793656 1.06119e-07 0.00557161 0.142743 0.0698784 0.000163382 0.000226639 0.0642648 0.00667002 0.000177974 3.03294e-06 0.00855686 0.17921 
0.0134093 0.128889 0.284473 0.00363471 0.0028188 4.32695e-05 0.00017622 5.57779e-07 0.271827 0.145708 0.00729702 1.3722e-06 0.0303866 0.0557513 0.00375601 0.00494216 4.44479e-05 0.000213765 0.0466284 
0.00750945 0.239578 0.265812 0.0287812 0.00045379 1.51065e-05 0.00911304 3.72217e-05 0.198947 0.0515146 0.0506919 0.00113766 0.00365148 0.0541126 0.035832 0.00245806 0.00452897 0.0166996 0.029126 
0.0262224 0.0473358 0.290315 0.072291 4.88912e-06 7.94202e-06 0.241325 8.74338e-09 0.259746 0.00947373 0.0361349 1.96552e-07 3.62384e-09 0.000317985 0.0001333 3.69031e-05 8.03637e-09 5.39693e-06 0.0166507 
0.0137976 0.0220948 0.321072 0.0185397 0.00697147 1.54876e-05 0.00518549 0.00264585 0.154184 0.0677736 0.057094 0.000121422 0.00146375 0.116517 0.00124457 0.00282969 2.06084e-05 0.000225751 0.208204 
0.0518311 0.084679 0.414398 0.000663036 0.071747 0.0784495 0.00890122 3.35536e-08 0.0567981 0.0197123 0.0279313 0.000134212 0.00010734 0.143068 0.00350619 0.0166794 8.56439e-05 0.0159151 0.00539349 
0.0262224 0.0473358 0.290315 0.072291 4.88912e-06 7.94202e-06 0.241325 8.74338e-09 0.259746 0.00947373 0.0361349 1.96552e-07 3.62384e-09 0.000317985 0.0001333 3.69031e-05 8.03637e-09 5.39693e-06 0.0166507 
0.0393842 0.090518 0.206695 0.0895785 0.000420459 4.81086e-07 0.000513416 5.06385e-10 0.158637 0.141572 0.024286 5.85589e-05 9.53208e-08 0.0754587 3.19771e-05 2.16102e-05 1.92687e-07 0.00460924 0.168215 
0.00424011 0.0830667 0.410524 0.000341295 0.000627772 3.787e-05 0.000107288 1.91615e-11 0.338396 0.00864224 0.144186 3.15881e-12 3.95409e-08 0.000232974 0.00757726 4.42034e-05 2.2135e-07 1.90717e-08 0.00197624 
0.00705991 0.234084 0.416979 0.000543723 0.00181615 1.16887e-06 0.000427563 9.37905e-08 0.258207 0.0446012 0.0162517 3.43196e-05 0.000318516 0.0131178 0.00481608 0.000860935 0.000522032 3.39533e-05 0.000324899 
0.0596225 0.177496 0.245582 0.0113844 0.00700369 3.28441e-05 0.00354839 0.00145612 0.175936 0.0758486 0.0461471 0.00135865 0.00535645 0.127471 0.0209094 0.00411431 0.000562688 0.00274232 0.033428 
0.0204727 0.146897 0.23967 0.00436555 0.000468662 4.52539e-06 0.00313825 0.000848482 0.13941 0.136716 0.0226689 0.00743574 0.00028523 0.111247 0.0278996 0.0412806 0.0152461 0.00155656 0.0803897 
0.0187082 0.261019 0.393424 0.207738 4.92847e-07 2.33725e-06 0.0139739 2.80826e-10 0.088599 0.00583107 0.00227755 1.9723e-08 1.16393e-10 0.0020456 0.000115498 1.16055e-07 2.58118e-10 0.00316686 0.00309833 
0.0063953 0.0389316 0.744374 0.00833519 8.69745e-06 3.10347e-07 0.00135859 7.91302e-10 0.0997994 0.0661441 0.00464878 1.74461e-06 1.16283e-05 0.00101398 0.0206774 0.000197775 4.2147e-05 0.00690664 0.00115232 
0.0496105 0.0947335 0.243896 6.24733e-07 1.40878e-05 0.00015224 0.000452214 2.04799e-08 0.00318044 0.223675 0.0813886 2.57508e-06 0.00288573 0.0611059 0.00023283 0.0134144 5.96221e-05 0.172322 0.0528728 
0.180171 0.143817 0.19053 0.0081929 0.190373 6.87703e-07 0.000427263 1.04806e-07 0.0502122 0.00687873 0.00124687 5.78284e-05 0.000599301 0.124492 0.000362033 5.30642e-05 1.29437e-06 0.0880962 0.0144884 
0.0917735 0.00778448 0.444203 0.0144948 0.183274 7.33505e-05 1.16017e-06 2.33213e-05 0.0249773 0.0265719 0.00758171 2.79312e-05 0.0182973 0.00826916 0.00105673 0.00103898 1.38159e-06 0.101705 0.068845 
0.0135392 0.185908 0.331077 0.00889887 0.00393811 0.000160844 0.00246818 1.13306e-07 0.0766281 0.256611 0.00352591 0.0162825 0.0013048 0.0359852 0.0398039 0.0110759 0.000168531 0.00163634 0.0109877 
0.103296 0.104148 0.257449 0.0182647 0.0227878 0.000425002 0.0021038 0.00102003 0.226788 0.0811326 0.0717923 0.00573715 0.0019021 0.0309151 0.00932845 0.00723143 0.001793 0.00272029 0.0511656 
0.0375294 0.148783 0.314504 0.0276054 0.00519825 3.92255e-05 0.000423461 0.00177484 0.155893 0.0683096 0.0805844 2.4857e-05 0.00073493 0.121509 0.00594682 0.00987373 0.000122404 0.0020267 0.019117 
0.0516027 0.156532 0.29541 0.0132823 0.00567246 0.00233144 0.00279344 0.00233644 0.0840373 0.0496656 0.0367867 0.00621797 0.00231938 0.0475384 0.00910846 0.00390064 0.00256263 0.0184074 0.209494 
0.0277218 0.249028 0.374273 0.00127105 0.0274549 0.000136773 0.000509432 6.88172e-11 0.174748 0.0149125 0.0599215 0.00704335 0.0014345 0.0162128 0.000724538 3.71193e-05 6.75614e-05 0.000440206 0.0440634 
0.0205024 0.00363966 0.767343 0.00114486 0.00017462 7.08631e-05 3.52361e-05 9.73694e-08 0.200309 0.00164466 0.00497393 9.43529e-06 4.03563e-08 1.67233e-05 1.17933e-05 4.90131e-08 8.94959e-08 4.82536e-05 7.50555e-05 
0.233887 0.0250914 0.479259 0.0326547 0.0164622 3.84266e-07 9.10439e-06 0.00148537 0.0609638 0.0336997 0.0858638 3.66777e-05 0.000129686 0.0151334 7.77472e-05 0.00222036 0.000104431 0.00262664 0.0102939 
0.128496 0.0358448 0.314416 6.97461e-07 0.0835278 3.03004e-05 0.000446568 6.88419e-06 0.0555389 0.0334955 0.191212 0.000272286 0.00266915 0.0707321 0.0130066 0.000596853 9.22843e-05 0.00374558 0.0658702 
0.0677966 0.154243 0.412152 0.00120865 0.0115239 4.53979e-06 0.000198116 6.48218e-07 0.229241 0.0247781 0.0270421 0.00414808 0.000182021 0.0182241 0.0114741 0.0116296 9.41021e-05 0.000137253 0.0259218 
0.0187013 0.181138 0.32529 0.01583 0.00214726 5.17591e-06 0.00164536 0.00014067 0.0882269 0.0154198 0.0795952 0.000895046 0.00285107 0.0164601 0.000816773 0.000344443 0.000344312 0.00154759 0.2486 
0.0533232 0.251465 0.365044 0.00211322 0.0185541 2.0969e-05 0.00145821 0.000774397 0.0879955 0.041851 0.0678269 0.00093395 0.000400059 0.0244018 0.00517162 0.00143556 0.000450071 0.00309538 0.0736851 
0.0330664 0.123033 0.389834 0.00919112 0.00270881 2.10547e-06 9.03169e-05 3.39999e-11 0.306999 0.0215333 0.068632 4.19793e-05 5.68736e-06 0.00537797 0.0362869 3.48298e-05 1.98792e-05 0.00013028 0.00301235 
0.00307007 0.0921074 0.643187 0.0418531 0.00137378 7.54432e-08 1.3631e-05 2.97507e-08 0.146875 0.00583705 0.053785 6.93125e-06 7.82434e-06 0.00656031 0.0049631 2.94219e-05 3.24275e-05 0.000232493 6.50018e-05 
0.0156635 0.192033 0.455584 0.0421412 0.00522377 0.000335231 0.00229057 0.003917 0.0825107 0.0387157 0.0126855 0.0014957 0.000805408 0.0412639 0.0115541 0.00126983 0.000739384 0.037649 0.0541222 
0.0135894 0.180673 0.59808 0.00234665 0.0188601 5.84697e-06 0.00010389 2.23925e-05 0.0791946 0.0236454 0.0096053 0.000375876 0.000275825 0.0214376 0.00288616 0.0015429 5.06485e-05 0.0205704 0.026734 
0.130416 0.16936 0.330388 0.00956625 0.0179659 0.000938311 0.00284097 0.0010791 0.0615758 0.034422 0.165532 0.000555996 0.000150383 0.036503 0.0170717 0.00114305 0.00474533 0.00285238 0.0128938 
0.112785 0.182797 0.394101 0.006237 0.012064 2.72346e-05 0.000927268 0.00116575 0.154414 0.044204 0.0257721 0.00274232 0.0030254 0.0212177 0.0202517 0.00391147 0.00056227 0.00256199 0.011232 
0.035507 0.0765637 0.253069 0.0009213 0.000804667 1.28126e-11 0.00315896 1.83485e-11 0.0395894 0.158178 0.157079 8.94532e-05 0.000937597 0.127955 0.00208989 0.124903 0.004006 0.000667872 0.0144795 
0.0393929 0.0812393 0.548342 0.00031671 0.0146897 1.81164e-06 0.000149238 3.26331e-09 0.209894 0.0251139 0.00787943 4.62833e-05 0.00112121 0.0266939 0.0321629 0.000109143 3.37065e-05 0.00545116 0.00736244 
0.0258868 0.135089 0.591393 0.00268202 0.00066198 1.21339e-05 6.85246e-06 1.91624e-07 0.137521 0.0145792 0.0196215 3.27044e-05 6.06184e-05 0.00443771 0.00015226 4.24285e-05 0.00197574 0.00090793 0.0649366 
0.0330377 0.0900181 0.21165 0.0369852 0.000886746 3.65114e-06 0.000856951 5.17857e-07 0.039377 0.0489549 0.0631994 0.00576945 0.000201009 0.1696 0.0136478 0.0101158 0.00160235 0.097387 0.176706 
0.0529033 0.187859 0.431774 0.00627971 0.00702036 0.000605704 0.00182323 0.00281223 0.0332006 0.0491464 0.0313705 0.0218838 0.000541366 0.0447599 0.0447515 0.00437 0.00210842 0.0520896 0.0247002 
0.0380678 0.240839 0.289622 0.000523899 0.000402092 3.32762e-05 4.22357e-05 0.000118633 0.233546 0.0559822 0.0961859 0.00428133 0.000447328 0.00676578 0.0025683 0.00390592 0.000161758 0.000304855 0.0262021 
0.0410373 0.14691 0.382585 0.000701499 0.00455807 1.35761e-05 0.000426765 4.2992e-08 0.149564 0.0132472 0.169333 0.0017039 0.00521751 0.0508139 0.00528757 0.000766573 0.00624002 0.00102225 0.0205715 
0.105713 0.124816 0.481865 0.0283661 0.00350676 1.50414e-06 6.80807e-06 5.47371e-05 0.0739774 0.0528054 0.0136791 0.00272754 4.72487e-05 0.0118782 3.53994e-05 0.000518984 0.00193311 0.0192978 0.0787697 
0.171271 0.123985 0.213347 5.89686e-05 0.01783 7.74629e-05 0.000262289 1.83185e-08 0.208932 0.0484505 0.0330328 2.89211e-06 1.35695e-05 0.094297 0.0110738 0.00468348 3.32738e-05 0.0414705 0.0311782 
0.0158449 0.192987 0.374504 0.012526 0.0113072 3.18321e-06 0.00274835 6.99785e-07 0.252547 0.0409846 0.0352418 3.09293e-05 7.89546e-05 0.0474452 0.00180463 0.00123174 2.40572e-07 0.00223064 0.00848386 
0.0310809 0.268172 0.278707 0.0227186 0.00998695 6.42735e-05 0.00127507 0.000194873 0.20514 0.0537498 0.0188565 5.29617e-05 0.000951349 0.0616246 0.0261946 0.00154034 0.00016379 0.00287374 0.0166525 
0.111775 0.0234509 0.622353 0.000132367 0.00749925 1.12271e-07 6.99461e-05 9.41077e-06 0.0538368 0.00313268 0.00877393 0.00477867 1.75306e-08 0.000713608 5.0065e-07 7.71698e-08 8.96458e-05 0.00459172 0.158793 
0.0105506 0.023363 0.841052 0.00695158 0.00184525 2.89632e-05 0.000101421 5.8963e-09 0.0202751 0.00884911 0.0337149 0.000530206 3.79497e-05 0.00272202 1.64478e-06 2.4669e-06 8.26413e-05 1.3216e-06 0.0498897 
0.0312109 0.00840169 0.293733 0.00200215 0.00641623 0.00015019 0.00842734 0.000103033 0.0516817 0.0966586 0.1752 0.22825 0.0136843 0.0254137 0.00248561 0.0013051 3.87122e-05 0.000460362 0.0543778 
0.0215467 0.0626434 0.271384 0.123461 0.00100216 1.38791e-06 0.000721684 8.10339e-06 0.170143 0.129045 0.00180714 2.32153e-05 0.000633386 0.184067 0.00224934 0.0117155 2.11398e-05 0.000208867 0.0193185 
0.0568729 0.212129 0.313263 0.00243012 0.0102496 7.17565e-05 0.00263071 0.000449999 0.230557 0.038407 0.0654225 0.000124117 0.000249897 0.0239571 0.0219958 0.00106809 0.00053991 0.00723325 0.0123484 
0.0383914 0.0995756 0.557638 0.0130262 0.00413719 1.58214e-05 0.000124915 0.000116081 0.161195 0.0241789 0.0255266 0.000152831 0.000357523 0.027705 0.00830118 0.00087907 0.00108621 0.00309913 0.034494 
0.00780419 0.121634 0.292598 0.0050854 0.00269169 3.09537e-05 0.000142444 2.28745e-09 0.203969 0.176953 0.0212371 0.0674535 1.83088e-06 0.0547552 0.00814631 0.000653593 0.00291354 0.0251075 0.00882233 
0.0147464 0.0749614 0.457169 0.143415 5.81905e-05 6.27233e-06 0.000475994 2.7793e-05 0.0144569 0.00598749 0.000646388 0.0112298 0.00527048 0.0362994 0.00374703 4.08684e-05 1.41435e-05 0.226012 0.00543557 
0.0255655 0.26837 0.428002 0.0273484 0.00389896 6.78185e-05 0.000611845 2.91003e-07 0.040334 0.029107 0.0215949 0.00368058 0.000452873 0.0536061 0.00742719 0.000454183 0.000732533 0.0484166 0.040329 
0.0426952 0.0258245 0.724668 0.00394451 0.000316782 9.17519e-05 0.000304099 5.32612e-05 0.0217847 0.0520802 0.0026381 0.00897845 0.0434954 0.0169218 0.00136683 0.000773783 2.52413e-05 0.00337039 0.0506671 
0.0219221 0.0607905 0.492031 0.000997911 0.0037957 5.46091e-06 0.00095973 4.65488e-06 0.210658 0.029943 0.102056 4.17808e-05 0.000339348 0.00552673 0.0591247 0.000146166 9.01874e-05 0.00719668 0.00437083 
0.0549984 0.0990903 0.521871 0.0166058 0.010467 0.000368665 0.00270391 7.30959e-07 0.0645606 0.0815786 0.00953065 0.0154333 0.000358653 0.0757855 0.00821328 0.00651242 0.000886999 0.0113726 0.0196619 
0.0467026 0.101414 0.340771 4.53165e-08 0.000592252 9.58315e-06 5.8828e-06 2.49191e-11 0.155652 0.0682505 0.262678 4.42548e-08 9.5586e-06 0.000315804 0.000223903 0.0012736 0.000372246 7.9098e-09 0.021729 
0.0111673 0.0888496 0.569114 0.00435664 0.00120529 3.63634e-06 0.000600326 2.86887e-06 0.197806 0.0411286 0.0413122 4.98156e-05 0.00128883 0.0126643 0.00874275 0.000177172 4.46833e-05 0.00985206 0.0116346 
0.000653187 0.109007 0.71598 0.0392876 1.60412e-05 7.73704e-06 8.32379e-06 6.92e-11 0.104497 0.00959236 0.00591159 8.82991e-06 7.05142e-05 0.00189299 2.78239e-05 5.56145e-06 8.27071e-05 0.00623049 0.00671981 
0.00320896 0.0874916 0.638125 0.0142953 0.00228784 6.96276e-07 0.00428168 2.09616e-08 0.164894 0.026182 0.00552576 1.89405e-06 3.93157e-05 0.0261271 0.0152729 0.00206381 1.3483e-05 0.00550948 0.00467902 
0.0293984 0.267653 0.274858 0.0119228 0.097317 2.86459e-06 0.000787648 6.34301e-06 0.0459193 0.0263208 0.0666739 0.00107641 0.000103106 0.0806168 0.00275722 0.000103609 0.000299719 0.00897378 0.0852094 
0.0146936 0.0466486 0.506833 0.0055067 0.000112817 3.24237e-08 0.00456053 2.32061e-09 0.0400524 0.303119 0.00150415 3.82557e-10 4.33295e-06 0.025243 0.00380074 7.95066e-05 7.98149e-06 1.6366e-06 0.0478313 
0.0178208 0.0738768 0.641245 0.00210104 0.0123264 1.85263e-05 0.00115587 3.54318e-07 0.128558 0.0619351 0.00743407 3.54553e-05 5.00022e-05 0.0103148 0.0153976 0.0101465 7.93095e-06 0.000211721 0.0173636 
0.0560421 0.0275813 0.323612 0.0332968 0.0382258 2.69441e-07 0.000288331 3.95894e-07 0.109588 0.050761 0.241233 0.000167557 6.25372e-05 0.0592287 0.0149498 0.0122286 0.000161034 0.00710917 0.0254638 
0.0750875 0.0377107 0.502468 0.00708757 0.000577002 1.48152e-05 0.0126233 0.000524561 0.165827 0.0407555 0.0245985 0.0011275 0.0157124 0.068019 0.00616761 0.00808263 2.76249e-05 0.000948585 0.0326401 
0.220309 0.0297434 0.456416 0.0592637 0.00106396 2.27255e-07 0.0027926 7.32588e-06 0.0978416 0.0756252 0.0192821 2.23738e-05 1.88948e-05 0.018537 0.000162153 0.000107709 7.65563e-05 0.00863698 0.0100937 
0.0272502 0.153833 0.228151 0.000213813 0.000989455 3.1932e-06 0.0043107 1.13881e-05 0.12113 0.070476 0.0099468 0.0657704 0.000154013 0.158431 0.0010765 0.000313241 0.0413248 0.0983592 0.0182552 
0.0795191 0.120943 0.402837 0.0365615 0.0246473 2.17647e-07 0.000784865 2.7147e-06 0.118484 0.0633179 0.0183973 5.59647e-05 0.00176314 0.0946349 0.000351068 0.0288906 9.24228e-07 0.00223916 0.00656972 
0.0854059 0.148053 0.217705 0.021017 0.00878888 2.68783e-05 0.00623803 8.86391e-09 0.0915524 0.0778794 0.0932416 0.0278547 0.000110691 0.0460878 0.00809999 0.010852 0.00174442 0.0165244 0.138817 
0.107188 0.000407428 0.435248 0.0234831 1.91572e-09 0.0033558 0.11883 5.3366e-09 0.00851039 0.0296037 0.000620327 8.79749e-10 2.21184e-09 0.0840206 1.12489e-06 0.000359575 3.62627e-07 2.11054e-06 0.188369 
0.00267174 0.150095 0.477845 0.00767559 0.00553171 2.9175e-06 0.00937196 0.082152 0.0278089 0.0173951 0.00756723 1.58069e-05 2.88677e-05 0.175337 0.00819899 0.00140257 3.77398e-06 0.00911569 0.0177797 
0.0586587 0.0873299 0.730872 0.0177497 0.00534611 0.000144047 8.89306e-05 2.51817e-06 0.00182438 0.00428678 0.00297578 9.88585e-05 5.72408e-06 0.00791259 0.0335591 0.000599279 0.00279374 0.00066495 0.0450865 
0.0659952 0.174939 0.204464 0.00659645 0.00511087 0.000224408 0.00239486 6.94291e-06 0.0896405 0.0482627 0.0799744 0.000453077 0.0015092 0.129276 0.00817162 0.00428568 3.19068e-06 0.154089 0.0246018 
2.89057e-05 0.0166434 0.84541 0.0171902 3.02634e-05 7.94831e-06 0.000259426 3.65561e-06 0.0111694 0.00100098 2.02876e-05 2.41678e-05 1.47254e-05 0.0460614 4.97586e-05 4.5256e-06 9.57429e-06 0.00955535 0.0525157 
0.0558272 0.102941 0.396218 0.0297084 0.00225057 1.48391e-06 0.000757341 1.42326e-06 0.115391 0.0905325 0.00444248 9.27791e-06 8.18503e-05 0.0175428 0.0010385 0.00498562 0.153618 0.0125119 0.0121408 
0.209949 0.135756 0.237423 0.0739105 0.0127064 0.000172574 0.0002043 7.22455e-05 0.077045 0.170631 0.0591896 0.00771644 0.000274496 0.00539681 0.000394571 0.000317143 0.00134344 0.00204794 0.00544863 
0.0214673 0.0933849 0.319017 0.00580508 0.00495559 1.47659e-05 0.0301464 0.00202876 0.204846 0.0125837 0.0207632 2.08269e-05 5.38677e-06 0.158764 0.00508173 0.000781547 7.77019e-05 0.00582368 0.114433 
0.110781 0.137328 0.25902 0.00759345 0.0251703 0.00049684 0.000912318 0.00360785 0.195433 0.052376 0.0210602 0.00124749 0.00185279 0.0574153 0.0071486 0.00462195 0.00191277 0.00206454 0.109957 
0.10482 0.163151 0.52797 0.00450983 0.00928143 6.76896e-05 0.0021124 0.0007884 0.0906937 0.0374212 0.0311 0.000428234 0.00109163 0.0110931 0.00562764 0.00171605 0.000146641 0.000978029 0.00700274 
0.0982077 0.0431868 0.490673 0.00536301 0.110425 0.000532188 0.000660312 0.000145089 0.0591015 0.041496 0.0620145 0.00850219 0.00110562 0.0228088 0.00308181 0.00026805 0.000235379 0.000149077 0.0520443 
0.120636 0.0368924 0.35316 0.0360675 0.00143927 0.00017883 0.000234998 5.06125e-08 0.0804638 0.0124056 0.00289862 0.00398641 0.000155133 0.045567 7.74751e-05 1.78486e-05 0.000581603 0.00110809 0.304129 
0.00182389 0.0141157 0.597439 0.12014 0.000382306 4.79926e-06 0.00822388 1.14633e-05 0.000470652 0.0044778 0.10466 0.0544299 9.94767e-07 0.0250614 0.000904188 2.736e-05 1.05657e-05 0.0253592 0.0424571 
0.00162842 0.0747025 0.409948 0.0350775 6.21654e-05 2.88815e-06 0.000105268 0.000268448 0.356709 0.0993998 0.00844208 1.35812e-05 0.00153419 0.00608584 0.00126005 0.000400783 0.00151375 0.00202511 0.000821122 
0.0752482 0.115076 0.481516 0.0210656 4.34148e-05 0.017334 0.000179771 1.1018e-06 0.0929563 0.0152114 0.0304461 0.000130844 0.0165291 0.0839486 7.29401e-05 0.0201503 0.000263411 0.000704841 0.0291217 
0.0872274 0.0986266 0.262966 0.00106112 5.68317e-05 1.89276e-06 7.70435e-06 0.00015856 0.160565 0.0481087 0.0239004 0.00017669 0.00353293 0.0194226 0.0312667 0.000279636 8.56012e-05 0.000224042 0.262333 
0.28782 0.108399 0.316145 0.0103653 0.0134815 0.000118245 0.000337414 3.98736e-07 0.0879356 0.0575575 0.0523568 0.00882538 0.000154941 0.00960467 0.00633857 0.0045983 0.00082211 0.00333189 0.0318077 
0.0309588 0.101419 0.361521 0.00457449 0.0347462 2.93139e-06 0.00315739 1.99647e-05 0.151891 0.0693726 0.0866706 6.57689e-05 0.000134097 0.0436472 0.0579142 0.0399014 0.000149273 0.00491915 0.00893482 
0.0306528 0.295667 0.29602 0.0057732 0.00532842 5.96095e-07 7.08886e-06 0.000207741 0.060845 0.138014 0.00191678 8.2099e-06 0.0001186 0.113386 0.00709795 0.000354959 0.0064645 0.00272732 0.0354101 
0.127102 0.0244203 0.560195 0.0108067 0.0484005 4.10956e-07 0.000750464 1.76461e-10 0.0951999 0.0717066 0.00163812 0.00757769 0.000117429 0.00265124 0.000517869 0.00459649 6.52812e-05 9.48557e-05 0.0441595 
0.0312551 0.098643 0.541324 0.0020519 0.0227473 6.22268e-11 1.72432e-07 0.00958125 0.201348 0.0603283 0.00533617 4.16102e-05 3.69342e-11 0.0189854 2.78866e-06 0.00106534 7.27215e-08 2.59641e-07 0.007289 
0.0592834 0.129868 0.523787 0.0119058 0.000369549 1.46019e-05 0.00145701 1.96369e-08 0.142337 0.0463424 0.0694924 4.31827e-06 2.71643e-05 0.00221801 0.00027057 0.00111629 4.17182e-05 0.00168942 0.00977572 
0.131735 0.215885 0.353205 7.03713e-08 0.00255171 0.000114206 5.67937e-08 3.65091e-10 0.0370263 0.00216262 0.0993897 0.000285181 9.29421e-07 0.000400924 0.000642758 0.000201747 0.00254117 4.26651e-05 0.153815 
0.000827951 0.17116 0.291409 0.112699 5.07566e-06 2.31685e-11 0.0001673 3.31787e-11 0.240196 0.137912 0.00233709 1.41923e-08 0.000201218 0.00167405 5.07367e-07 0.00275447 0.00150729 1.64886e-07 0.0371486 
0.165722 0.199939 0.284101 0.0394646 2.62896e-05 2.62738e-05 2.62847e-05 2.62597e-05 0.155221 2.6304e-05 2.63005e-05 2.62986e-05 2.62871e-05 0.155212 2.63014e-05 2.62828e-05 2.62635e-05 2.62823e-05 2.62996e-05 
0.00269831 0.268499 0.276884 0.00649052 0.000476958 8.8514e-06 0.0254041 0.00176458 0.106359 0.0807661 0.00637715 0.0220296 0.000444973 0.119639 0.017282 7.34389e-05 0.00018449 4.28927e-05 0.0645756 
0.0156696 0.15979 0.314689 0.00918527 0.00422408 1.37789e-05 0.00293233 6.23637e-07 0.240391 0.141062 0.0115846 1.0634e-06 7.08141e-10 0.0111783 0.00176029 0.00784748 6.46066e-06 0.00175164 0.077912 
0.154468 0.132943 0.314231 0.00229365 0.0892352 5.23605e-05 0.000518183 0.00397892 0.162539 0.0413015 0.0305157 0.00131756 0.00330248 0.032203 0.0029079 0.00390057 0.000108259 0.00307305 0.0211093 
0.0901406 0.121353 0.471219 0.0119812 0.0141523 1.47729e-05 0.000540436 0.00020786 0.126503 0.0552141 0.0315334 5.04908e-05 0.00251415 0.0125779 0.0181821 0.00314563 2.90469e-05 0.00551061 0.0351309 
0.0086816 0.152169 0.397531 0.024753 0.0155985 1.54239e-05 0.000238232 6.73399e-05 0.196863 0.0582089 0.107038 0.00312236 0.000652246 0.0123943 0.0112436 0.00106492 0.000139025 0.00312713 0.00709271 
0.0788687 0.00670306 0.789092 8.36009e-05 0.0134756 1.77307e-06 0.00446314 4.24079e-05 0.0253952 0.0124801 0.00866545 0.000329781 0.000277544 0.00858472 0.0179821 0.000488013 0.000563862 0.00109456 0.031408 
0.131769 0.0960995 0.229543 0.00232408 0.0258109 3.66733e-05 0.00111973 4.45468e-05 0.222489 0.0343025 0.134013 0.0165431 0.000688291 0.0315145 0.00601611 0.00175479 5.83774e-05 0.00365786 0.0622145 
0.0633968 0.154978 0.283627 0.00603667 0.0218409 5.05095e-05 0.00587311 5.32463e-05 0.199527 0.068306 0.0397517 0.00103786 0.00282451 0.0935794 0.0196603 0.0016554 0.00320888 0.00622419 0.0283691 
0.013013 0.119868 0.72721 0.00371819 1.96554e-05 1.31961e-06 0.000296983 2.8074e-07 0.0629881 0.000583924 0.0378796 2.74911e-07 1.02791e-06 0.000419258 0.0331626 5.0057e-06 5.3089e-05 3.24713e-06 0.000776329 
0.0377409 0.034507 0.342775 0.00084719 0.00156206 2.49165e-07 0.000412752 1.37073e-09 0.00122778 0.0257836 0.00641631 0.00635479 2.84779e-05 0.268401 3.45333e-05 7.03033e-07 0.000510402 0.000766415 0.27263 
1.45993e-06 0.230553 0.463277 0.0208715 1.4593e-06 1.45842e-06 1.45903e-06 1.45764e-06 0.178865 1.4601e-06 1.45991e-06 1.4598e-06 0.00554626 0.0629283 0.00306737 0.0138612 1.45785e-06 0.0100678 0.0109504 
0.253097 0.0447322 0.282943 0.00714652 0.0110239 4.44952e-05 0.00252723 0.000320755 0.125625 0.0889792 0.0335284 0.00301856 0.0146224 0.0634018 0.0400525 0.00179261 0.000413249 0.00755813 0.0191737 
0.026803 0.0520018 0.320294 0.109848 0.0109861 2.67726e-06 0.0037524 2.67583e-06 0.0745165 0.175298 2.67999e-06 2.67979e-06 2.67862e-06 0.17368 2.68008e-06 2.67818e-06 2.67622e-06 2.67813e-06 0.0527965 
0.00782151 0.16839 0.447976 0.0870902 0.0141391 0.000320578 0.00846617 1.1407e-08 0.105671 0.0562419 0.0124354 8.75478e-05 0.000564415 0.0139051 0.00747075 0.000427868 0.00010603 0.0558852 0.0130019 
0.165332 0.257672 0.279332 0.00283338 0.0260732 3.7284e-09 0.00706135 2.31048e-06 0.0345556 0.0311955 0.130285 3.94359e-06 3.58499e-05 0.0137155 0.00364526 0.0011678 0.000611271 0.0144367 0.0320417 
0.031552 0.109501 0.453839 0.0244886 0.0136481 3.44522e-05 0.000304922 4.04744e-07 0.211425 0.0725701 0.0372657 3.42629e-05 0.00144898 0.0132967 0.0204274 0.00173575 0.00016399 0.00395363 0.00430991 
0.0248648 0.200126 0.386635 0.0262207 0.0112497 3.0179e-05 0.000708905 3.28496e-05 0.195831 0.0416139 0.027863 8.85594e-05 0.00165045 0.0353963 0.0138744 0.0022092 0.000210832 0.0173869 0.0140079 
0.0611005 0.21495 0.35039 0.025099 0.000101271 6.68817e-06 1.40105e-05 6.44493e-10 0.037648 0.0441613 0.011138 1.25568e-07 0.0017528 0.147085 0.0514356 0.00254297 0.00118537 0.0396657 0.011724 
0.0258599 0.0379581 0.800296 0.00615854 0.000372039 7.04275e-07 4.37047e-06 3.6623e-10 0.0359461 0.0539512 0.0089452 3.56327e-05 0.00136016 0.00844241 0.00675627 0.0018998 1.93397e-07 0.000231542 0.0117818 
0.0349473 0.137545 0.375293 0.00508658 0.0125282 2.32963e-05 0.0174137 0.000149541 0.207377 0.0424436 0.0166756 0.00632031 0.00695515 0.0441546 0.0104141 0.000738959 0.000954762 0.0024347 0.0785447 
0.000581375 0.064314 0.528091 0.00175842 0.00264615 2.88611e-07 0.000276714 2.52085e-05 0.00233379 0.0594233 0.0105066 7.73225e-06 2.04095e-05 0.0185064 0.00124303 0.298156 0.000176278 0.00353485 0.00839859 
0.0580483 0.00829883 0.719277 0.0052658 0.000413003 1.37929e-06 0.0143433 0.00393457 0.0356299 0.0947096 0.0184482 0.00153996 0.00105906 0.0173273 0.00175185 0.000949537 1.09509e-05 0.00461513 0.0143761 
0.000605698 0.109464 0.761642 0.00955864 6.32385e-08 5.61218e-08 7.2027e-05 1.68268e-09 0.109972 0.00265048 0.00501959 2.78018e-05 2.56957e-07 1.13617e-05 0.000209487 0.000462808 0.000153831 1.68783e-06 0.000147692 
0.0678776 0.132903 0.405837 0.00567689 0.108869 7.42315e-06 0.000732253 0.000545526 0.142834 0.0407839 0.0306851 0.000638712 0.00114773 0.022958 0.00867479 0.00293085 9.25486e-05 0.00245212 0.024354 
0.0134093 0.128889 0.284473 0.00363471 0.0028188 4.32695e-05 0.00017622 5.57779e-07 0.271827 0.145708 0.00729702 1.3722e-06 0.0303866 0.0557513 0.00375601 0.00494216 4.44479e-05 0.000213765 0.0466284 
0.081344 0.0703683 0.408803 0.0180937 0.00545237 0.00332837 0.00355314 2.93692e-05 0.132397 0.148649 0.0197573 7.81536e-05 0.00372474 0.0459478 0.0124052 0.00289621 0.000236048 0.000779192 0.0421572 
0.0117079 0.00707737 0.258752 0.0104771 0.0493871 1.70119e-05 0.00783359 9.56139e-08 0.00800292 0.0956712 0.194732 0.000313188 3.2202e-05 0.0917973 0.0122433 0.0157035 0.000379477 0.0153417 0.220532 
0.0812166 0.318062 0.529252 5.80322e-08 0.000914879 6.74603e-09 5.23984e-05 4.19849e-12 3.4421e-07 0.000130875 0.00456002 4.63796e-09 1.74013e-12 0.000101334 5.17768e-07 3.21259e-08 0.000108558 0.00459621 0.0610041 
0.00249789 0.0517866 0.64595 0.000475796 0.014525 3.2169e-05 0.000449581 1.22763e-08 0.135362 0.0187757 0.0141239 6.87257e-05 0.000124716 0.00457358 0.107988 0.00064797 0.000332372 0.00114364 0.00114232 
0.0761182 5.31231e-05 0.439819 0.114165 0.000643798 5.007e-05 9.22553e-06 0.00156427 0.00227053 0.00870142 0.000484104 1.62627e-09 4.04082e-07 0.0300838 2.20957e-07 4.36475e-07 1.09021e-06 0.00191485 0.324121 
0.0156667 0.0566102 0.393853 0.0209714 0.000257186 2.66002e-07 0.0112016 7.24043e-07 0.0803815 0.111969 0.0208522 0.0081785 0.000338378 0.044759 0.00147091 0.00715066 0.00779248 0.0050811 0.213466 
0.0597482 0.0392958 0.285627 0.00538276 0.00831913 6.15903e-05 0.000232159 0.000917946 0.199146 0.0441572 0.0250146 0.029239 0.000667189 0.00392104 0.000793655 0.000253806 0.259583 0.000572479 0.0370679 
0.00624496 0.119071 0.396135 0.0284822 1.23108e-05 8.17225e-06 5.33358e-05 0.00204528 0.185456 0.194515 0.000995893 0.00126336 0.000503461 0.057034 0.00354789 0.00135602 1.01802e-06 0.000235563 0.00303941 
