0.0068011 0.162465 0.0188351 0.344268 0.000114262 0.000101918 0.0217979 2.49299e-09 0.0171834 0.0716286 0.00503969 0.000100937 0.00752437 0.309723 0.00815498 4.51738e-06 1.05281e-07 0.000185375 0.0260719 
0.0157504 0.0531064 0.061724 0.245559 0.00886417 1.81308e-05 0.0291643 4.46658e-05 0.0879766 0.230915 0.0818424 0.00180835 0.00159991 0.146773 0.0120656 0.0028848 0.000353583 0.0018476 0.0177021 
8.64932e-06 0.010959 0.00887013 0.652615 2.95792e-06 3.66518e-06 9.52057e-07 3.33812e-06 0.00796705 0.0886897 0.0172583 4.9429e-06 0.000354788 0.211706 0.000874307 4.80492e-05 1.46395e-09 6.80527e-06 0.000627128 
0.00713418 0.0034788 0.0315548 0.851122 0.0101601 2.4511e-06 6.74659e-05 5.02317e-07 0.00256986 0.009133 0.00113015 8.2808e-08 2.08193e-07 0.073428 5.20912e-08 0.00305278 0.00714328 1.5773e-05 6.90937e-06 
0.00298311 0.0884505 0.0170717 0.485937 0.00376931 0.000124525 0.00109482 3.59302e-08 0.0657425 0.0952634 0.00215254 2.72551e-05 0.0092922 0.214869 0.00308409 0.000167008 2.70524e-07 2.5692e-05 0.00994562 
0.00917038 0.00531754 0.0501935 0.416611 1.61918e-05 1.84995e-06 0.000189376 2.64925e-06 0.174258 0.0274427 0.256092 0.00173473 0.0011879 0.00869392 4.85635e-05 8.88295e-06 0.00019283 0.000640096 0.0481975 
0.0752975 0.0883849 0.0717495 0.232991 0.000620229 1.54115e-05 0.00690537 0.000119466 0.221707 0.0452856 0.0181452 0.00978491 0.00174134 0.0306072 0.00464663 0.00341447 0.00254888 0.000575755 0.18546 
0.160386 0.0152816 0.114386 0.413373 0.00184463 1.13651e-06 0.00543842 0.0011581 0.0781421 0.056614 0.00988063 5.45426e-06 0.00161608 0.0676673 0.00208109 0.0247864 1.45118e-05 0.0232924 0.0240304 
0.00652956 0.015205 0.0273226 0.563279 0.033992 0.000598077 0.0532938 1.08585e-07 0.0451597 0.0812286 0.0252235 0.0148743 0.000559991 0.120794 0.000301768 0.00558142 0.000165906 0.00164624 0.00424489 
0.0482893 0.0142916 0.0929168 0.434542 0.000657954 2.33414e-06 0.0831171 1.62839e-07 0.0243495 0.0342362 0.0146169 0.000589323 0.0058763 0.197692 1.5856e-05 5.36868e-06 3.54747e-05 0.0387274 0.0100383 
0.00741324 0.0540968 0.235716 0.372047 0.00342565 5.12586e-08 0.010437 2.07805e-08 0.00797643 0.0992634 0.0160247 4.07411e-05 9.85837e-08 0.0900034 0.00544424 1.06474e-05 9.91361e-06 0.0745934 0.0234973 
0.0028514 0.0256096 0.0502852 0.794782 1.8545e-05 4.21223e-07 3.53646e-05 0.000471232 0.0242807 0.0284972 0.0130474 5.78292e-06 5.37613e-05 0.0479253 0.00113698 0.00036724 5.5444e-07 0.0078885 0.00274322 
0.00431225 0.0309945 0.00925207 0.462347 0.000405367 4.32957e-05 7.24082e-05 7.5362e-10 0.0196821 0.105256 0.00217749 1.46232e-05 0.000123904 0.359037 0.000923695 0.00359672 2.95218e-07 6.33557e-06 0.00175464 
0.005261 0.0570587 0.0581843 0.252783 0.00233312 0.000253358 0.000373146 1.49605e-08 0.207906 0.121058 0.0839994 0.000225852 0.00076829 0.139719 0.000339774 0.000456849 5.32226e-06 0.000205311 0.0690683 
0.0169277 0.07643 0.143767 0.276383 0.000767318 3.24914e-05 0.0018183 9.24856e-07 0.0664883 0.0566865 0.0996807 0.0055306 0.000166287 0.0390016 0.00411485 0.00164513 0.0151605 0.0350764 0.160322 
0.00146478 0.000210183 0.0327268 0.949723 1.65871e-06 1.81338e-06 1.02632e-05 6.17591e-06 0.00982886 0.000639922 3.90365e-05 3.45375e-06 7.92085e-05 0.00486807 5.98413e-08 5.97098e-05 5.24766e-06 1.87242e-05 0.000312946 
0.0015989 0.0205833 0.0540794 0.529153 0.000905635 0.000142672 0.00236619 1.11962e-05 0.0678288 0.0523531 0.120931 0.000710451 0.000318629 0.0437219 0.00641285 0.00375364 2.89959e-06 0.00188847 0.0932373 
0.00163816 0.0193838 0.0334311 0.808005 0.00252154 5.58383e-07 0.00036043 2.30988e-07 0.0104051 0.0710194 0.00498642 7.48493e-07 2.78789e-05 0.0281515 0.000313236 0.00147057 4.65362e-06 0.0152608 0.00301858 
0.000303031 0.00177835 0.0046362 0.866413 0.00225761 0.00122637 5.87992e-05 2.10404e-07 0.020248 0.0719227 2.07079e-05 3.46855e-08 8.72053e-08 0.0216761 5.33655e-05 0.000660824 0.00665921 0.00110712 0.0009779 
0.0161106 0.0396042 0.0604101 0.450812 0.00309008 0.00986172 0.0180739 0.0128517 0.0253053 0.0157004 0.0178633 0.000758378 0.0131361 0.20117 0.000598677 0.000172471 0.00056136 0.107512 0.00640732 
1.04272e-10 0.0319986 0.0352163 0.352944 0.00640414 5.71803e-07 4.50458e-05 9.03385e-10 0.249331 0.223795 0.0162638 3.37252e-07 6.99297e-08 0.036998 9.36826e-11 0.00180122 0.000139805 4.65955e-10 0.0450622 
0.000346542 0.27068 0.114567 0.381226 0.00031026 2.43562e-07 0.000512955 3.73792e-06 0.0595142 0.038294 0.0209491 5.68096e-05 0.0002867 0.101993 0.000487326 0.000846302 3.20592e-07 2.81359e-05 0.00989747 
0.00688904 0.0345983 0.0851625 0.327378 0.00296834 1.43545e-05 0.0496065 7.13192e-07 0.136972 0.184929 0.0555042 0.00352683 0.000543694 0.0579129 0.00665498 0.0100222 0.00333175 0.0123417 0.0216426 
0.0192106 0.0641283 0.0421713 0.440644 0.00122176 0.000244764 0.00297668 1.78904e-06 0.0651492 0.241445 0.00760003 0.000238455 0.00242406 0.0726966 0.000470217 0.00341928 0.000691669 0.0077511 0.0275151 
9.47e-05 0.0418831 0.316895 0.508433 0.000364556 4.82721e-06 0.000745499 3.23909e-07 0.0764291 0.0144018 0.000616356 7.83716e-06 0.000121474 0.0343037 6.41435e-05 0.000140008 5.08194e-06 0.000413398 0.00507604 
5.9869e-05 0.00854816 0.0218453 0.810319 0.017606 3.35172e-06 0.000437031 7.48506e-06 0.0458864 0.00984579 0.000152959 5.25314e-05 6.16149e-06 0.0825109 1.30156e-05 0.00234207 7.42431e-05 2.694e-05 0.000262197 
0.00536225 0.0638713 0.0771638 0.276919 0.00132562 5.13712e-06 0.00256771 1.61969e-08 0.0313175 0.234251 0.0303606 0.00556889 0.000156241 0.122712 0.00254557 0.00191307 0.00605697 0.00135944 0.136544 
0.0084139 0.0713054 0.113342 0.569136 0.00115781 7.24316e-05 7.13089e-05 5.76988e-09 3.34762e-06 0.0183564 0.0100702 0.117352 4.25577e-05 0.0449905 0.00223513 3.76146e-05 0.000525101 0.000818763 0.0420696 
0.0684598 0.091263 0.0228804 0.188715 0.00245908 0.162973 0.0164652 1.01213e-07 0.0254282 0.109994 0.00260448 0.0032193 0.000246283 0.110564 0.0186986 0.00400325 2.19812e-05 0.169319 0.00268526 
0.000845325 0.02318 0.108151 0.827111 2.19001e-05 1.52293e-06 6.7425e-05 3.92381e-05 0.000173028 0.0168614 0.000204871 2.82875e-06 6.22263e-05 0.000602578 5.34059e-06 0.000519073 2.00458e-06 0.00211174 0.0200373 
0.00661779 0.0126458 0.270829 0.27739 0.000216821 0.000528084 0.000511787 2.53284e-08 0.0900039 0.0835321 0.00269172 0.127933 2.76989e-05 0.0132215 1.56488e-05 0.00433556 5.85733e-06 0.106756 0.00273812 
0.00395486 0.0731793 0.0422128 0.396105 0.00266708 0.00011803 0.00270208 2.99803e-05 0.180075 0.165715 0.0576246 0.000352784 0.000879622 0.0320008 0.00809355 0.000568514 0.0210344 0.000833572 0.0118533 
0.000860983 0.0175479 0.0062687 0.642283 0.000220444 2.62788e-06 0.000391398 7.94485e-05 0.0360889 0.228223 1.33889e-05 2.1428e-07 0.00867218 0.00979126 0.0408934 1.1851e-05 3.19059e-06 1.30534e-08 0.00864817 
0.00392819 0.00473224 0.00711707 0.691953 7.43015e-05 5.08048e-07 0.0355557 7.92668e-11 0.00575967 0.179129 0.000456048 0.000505006 0.0247157 0.00903789 2.22354e-06 0.0026005 7.28571e-11 1.96253e-06 0.0344314 
0.000731087 0.00996241 0.0096369 0.837964 4.36633e-06 4.26599e-05 0.0188751 1.47459e-08 0.0758752 0.0184784 0.0115534 1.01319e-06 0.000256414 0.0149496 0.000641172 0.000616142 1.35535e-08 3.30281e-07 0.000411301 
0.000479079 0.0519214 0.103532 0.533494 0.0122945 1.71707e-07 2.63209e-07 4.22289e-10 0.0549699 0.0581084 0.0039462 8.42084e-05 0.00135052 0.166715 0.00349607 5.79736e-07 5.05404e-07 2.96886e-06 0.00960419 
0.0160205 0.0254923 0.0290359 0.444306 0.00110971 1.29977e-06 4.20369e-07 6.86751e-08 0.117812 0.285002 0.00150307 7.10252e-07 0.0389894 0.0374016 0.000453818 0.000168771 7.55358e-10 2.27375e-05 0.00267984 
0.00150642 0.0204122 0.0251312 0.338912 0.00306193 0.000157017 0.00940252 1.11448e-07 0.0903985 0.136514 0.0501323 0.00109213 0.00518679 0.263715 0.00494008 0.00505308 6.56283e-06 0.000620746 0.0437576 
0.00135262 0.265686 0.00570159 0.328861 3.82545e-05 0.000214445 0.00049267 1.77175e-07 0.0956996 0.254931 0.0017005 0.000166115 0.00797062 0.0151569 0.00103187 0.0033848 2.65708e-06 1.52836e-05 0.0175941 
0.0254325 0.00384264 0.0736687 0.350057 3.20245e-08 6.22949e-08 0.0234934 8.92102e-08 0.0958733 0.00548384 0.0548059 3.73557e-06 3.3819e-05 0.304888 9.25126e-09 0.0407451 0.00415601 0.00105267 0.0164633 
0.0969777 0.0673495 0.0757059 0.334141 0.000240483 4.32937e-05 0.000925752 1.62756e-06 0.0137277 0.138856 0.00111861 1.37877e-05 0.000265995 0.236939 0.000173879 0.00677346 1.54006e-05 1.61679e-05 0.0267147 
0.298326 0.0860629 0.0905342 0.371773 0.00113302 0.00378712 0.000171591 0.00859107 0.0111463 0.00591695 0.00457048 0.0100651 0.000336514 0.00127501 0.00134788 7.78905e-06 0.00612378 0.00800165 0.0908295 
0.0652324 0.0560931 0.236972 0.284766 6.67566e-07 1.25061e-06 0.00153814 1.08172e-09 0.143875 0.0319574 0.00370851 5.32475e-08 0.000362029 0.0915561 3.16145e-07 0.00125162 1.15693e-06 0.00173328 0.0809503 
0.0195286 0.00923397 0.000793869 0.470134 0.00122131 1.03744e-05 0.000120328 0.000415582 0.0289872 0.318991 0.000878561 0.000387691 0.0170529 0.124974 0.00164885 0.000255143 0.000190535 0.00365175 0.00152558 
0.0811278 0.0734373 0.171924 0.268283 0.0860042 1.29675e-05 0.000110909 1.2777e-07 0.024414 0.0484008 0.00528644 2.29797e-05 0.00490466 0.16214 0.00598284 1.1867e-06 1.43719e-05 0.0335785 0.0343535 
0.00230872 0.0231875 0.147345 0.258501 0.000281575 2.82124e-07 0.00298278 1.23572e-07 0.0686421 0.0949161 0.00154592 7.94215e-06 0.0938294 0.255006 0.00157302 0.000638626 4.0657e-05 0.000176021 0.0490176 
8.64932e-06 0.010959 0.00887013 0.652615 2.95792e-06 3.66518e-06 9.52057e-07 3.33812e-06 0.00796705 0.0886897 0.0172583 4.9429e-06 0.000354788 0.211706 0.000874307 4.80492e-05 1.46395e-09 6.80527e-06 0.000627128 
0.0068011 0.162465 0.0188351 0.344268 0.000114262 0.000101918 0.0217979 2.49299e-09 0.0171834 0.0716286 0.00503969 0.000100937 0.00752437 0.309723 0.00815498 4.51738e-06 1.05281e-07 0.000185375 0.0260719 
0.000860667 0.0172192 0.00626784 0.765555 9.00626e-05 2.57941e-06 3.76704e-05 7.83408e-05 0.0343804 0.107204 0.00040754 4.26391e-09 0.00760296 0.00954116 0.0421007 1.72138e-06 3.09522e-06 9.41262e-09 0.00864677 
0.00881668 0.0347337 0.0395619 0.593812 0.00215783 1.83399e-05 0.000579276 0.000829574 0.059003 0.184066 0.0081752 0.00177179 0.00199143 0.0375331 0.0049701 0.00223488 0.0015415 0.00706001 0.0111439 
0.00136656 2.88312e-06 0.0262086 0.946947 8.78149e-07 1.7082e-06 0.000330011 2.44625e-06 0.0045289 0.00530741 2.99054e-07 4.03269e-07 1.01389e-06 0.0121272 6.17582e-07 6.56043e-06 2.24844e-06 1.26175e-06 0.00316364 
0.0274802 0.0233301 0.0500196 0.789734 0.00100017 5.18278e-05 0.000293613 0.000419435 0.00533383 0.0173969 3.47597e-05 2.0464e-05 0.00138713 0.0599341 1.75423e-07 0.0207701 0.00164342 0.00110319 4.72391e-05 
8.64932e-06 0.010959 0.00887013 0.652615 2.95792e-06 3.66518e-06 9.52057e-07 3.33812e-06 0.00796705 0.0886897 0.0172583 4.9429e-06 0.000354788 0.211706 0.000874307 4.80492e-05 1.46395e-09 6.80527e-06 0.000627128 
0.00490967 0.0344878 0.0163934 0.651668 0.000187007 1.44617e-05 0.0245386 3.47039e-10 0.198574 0.0417548 0.00271954 0.000113217 0.000256312 0.0104739 0.00533948 0.00188071 2.31066e-05 5.13818e-05 0.00661388 
0.104852 0.00816102 0.016391 0.607526 0.00797543 2.2354e-06 6.69682e-05 0.000945879 0.00399454 0.0787165 0.00556631 7.91998e-06 9.12184e-05 0.133459 3.96131e-06 0.00247757 5.43005e-06 0.0220983 0.007659 
0.00388122 0.101518 0.212233 0.443868 0.000234397 6.14312e-06 0.000687878 6.73286e-06 0.0809336 0.0384088 0.0381362 0.0012457 0.00140784 0.0175167 0.0251394 0.000234756 0.000788156 0.0290173 0.00473662 
0.0202316 0.0177446 0.00642139 0.842277 8.60199e-05 6.32286e-05 0.000905316 0.00161791 0.00701176 0.0492703 0.00501349 3.10821e-05 0.000562046 0.0362723 3.52993e-06 0.00082911 4.20678e-05 0.00428451 0.00733271 
0.0367076 0.066373 0.205092 0.422875 0.00328211 2.83689e-08 0.000453472 6.91002e-05 0.0489981 0.0749688 0.031279 0.000186133 0.000161728 0.0628072 0.00912174 0.00149274 9.68944e-07 0.0200931 0.016038 
2.47966e-05 0.0710855 0.152635 0.405447 3.46688e-07 2.48024e-10 0.00767381 0.00232284 3.80149e-07 0.0458881 1.8968e-07 0.000677247 1.47213e-10 0.139273 3.68334e-11 0.000230956 2.20254e-07 0.100455 0.0742851 
0.000626201 0.00489348 0.0028615 0.634267 5.58027e-06 1.46832e-10 8.79273e-06 2.10273e-10 0.0504509 0.249433 0.000955787 3.06272e-06 1.84656e-07 0.00152249 3.95952e-07 0.0005656 0.0448314 1.28767e-07 0.0095743 
0.00875007 0.00554169 0.0098184 0.577544 0.0307502 2.92257e-05 0.0734344 1.96071e-07 0.00721425 0.153021 0.00423859 0.00040337 0.00019923 0.0794019 0.000533753 9.86969e-08 1.80217e-07 1.01131e-07 0.0491192 
0.00355444 0.00925428 0.176126 0.746588 0.00357185 2.90388e-05 0.000255468 1.34657e-06 0.00474906 0.0011806 0.00254565 5.71827e-06 2.86717e-05 0.0211572 0.000458619 0.0189862 0.00776261 0.00088781 0.00285751 
0.0104484 0.0227883 0.0348684 0.434519 9.49689e-05 2.9496e-06 0.000771647 2.64809e-09 0.287141 0.152655 0.0262583 7.91595e-05 0.00459246 0.0164858 5.03367e-05 0.00133127 4.19364e-05 0.000794721 0.00707617 
5.8546e-07 8.38187e-07 0.000205612 0.538526 2.74047e-07 1.43677e-07 6.73282e-07 3.02001e-10 0.0787703 0.247769 0.00769253 2.40764e-07 9.716e-05 0.0377652 3.13181e-11 0.0882766 2.77581e-10 1.55769e-10 0.000894592 
2.77635e-05 0.0557768 0.0814158 0.650984 0.00132653 4.12971e-07 8.13307e-05 1.14371e-07 0.0195259 0.00829485 0.00400214 1.40952e-05 5.38561e-06 0.0581484 6.13292e-08 5.75714e-08 1.05123e-07 5.89914e-08 0.120397 
0.00598589 0.0204245 0.113194 0.366884 0.000115814 0.000114353 0.0119645 1.42366e-07 0.0664888 0.0558783 0.0357693 0.0774364 0.000330917 0.0419036 0.0019872 0.00127942 0.00198523 0.00061702 0.197641 
0.000432827 0.00513173 0.0115817 0.751096 0.000156034 5.65467e-08 0.000785937 1.53892e-05 0.00437594 0.0691677 9.89962e-09 8.27408e-07 0.00547554 0.143187 0.000538374 0.00278975 2.83861e-06 4.17677e-08 0.00526237 
0.00484704 0.0437258 0.130905 0.321763 0.00118892 0.000281419 0.0386158 1.90998e-05 0.0638881 0.150153 0.0107887 0.021304 9.63584e-05 0.148639 0.000549917 0.00209272 0.000500436 0.00551786 0.0551239 
0.00157895 0.0130666 0.324287 0.429642 3.55072e-06 2.39555e-05 2.44566e-08 5.25181e-08 0.055981 0.141895 0.00475861 0.0216734 3.84237e-07 0.00509949 5.44622e-09 0.000202731 4.82714e-08 2.94978e-05 0.00175724 
9.24258e-08 0.00187394 5.61969e-05 0.894009 2.87454e-07 2.11304e-05 3.72895e-07 8.00756e-07 0.00534412 0.0317736 0.000151022 1.32006e-07 0.0112301 0.0554953 3.77185e-05 1.89144e-06 7.36005e-07 4.1302e-07 3.19649e-06 
0.00222506 0.0349121 0.101908 0.495904 0.00201279 9.33859e-05 0.0350081 4.45045e-06 0.0443528 0.0401368 0.050491 0.000193602 0.0012648 0.175477 0.000709597 0.00300903 4.51847e-06 7.51274e-05 0.0122177 
0.00349912 0.0110566 0.0682572 0.626131 5.66534e-05 3.24124e-06 0.00510875 4.48253e-05 0.0296284 0.117671 0.0018251 1.96814e-05 2.0287e-05 0.0886141 0.0140851 0.00171838 5.95769e-05 0.000284657 0.0319167 
0.019874 0.0367807 0.198689 0.201861 0.000491602 2.65105e-05 0.00216294 5.82388e-07 0.163654 0.138607 0.00902003 0.00232842 0.0107207 0.145821 0.00119303 0.00173745 0.00179301 0.00160215 0.0636371 
0.00431225 0.0309945 0.00925207 0.462347 0.000405367 4.32957e-05 7.24082e-05 7.5362e-10 0.0196821 0.105256 0.00217749 1.46232e-05 0.000123904 0.359037 0.000923695 0.00359672 2.95218e-07 6.33557e-06 0.00175464 
7.40024e-05 0.357628 0.143234 0.408204 0.00221102 1.85202e-05 0.00492351 1.33702e-06 0.00683956 0.0316707 0.0238727 0.000295181 0.000185129 0.0134647 0.00216918 0.00045612 0.000267956 0.00038274 0.00410213 
0.0339881 0.0119662 0.0573595 0.528186 0.0906172 4.11985e-07 2.68526e-05 0.000100577 0.0673528 0.0567384 0.00137401 1.45302e-05 3.41209e-06 0.0780864 0.0131891 0.00020992 0.00226763 9.23193e-05 0.0584267 
0.00964197 0.0481391 0.105479 0.47058 2.3679e-10 7.26955e-09 6.84182e-08 4.5223e-07 0.115319 0.19887 0.000706197 7.1379e-09 2.73391e-10 0.041983 0.00838198 7.70032e-06 6.06284e-10 2.56089e-07 0.000891924 
0.000922495 0.0220751 0.00016187 0.798125 1.96755e-05 5.40122e-06 0.000167652 2.7468e-06 0.0809663 8.94297e-06 1.07123e-07 1.56653e-05 9.66638e-06 0.0866967 0.00085588 4.41085e-07 6.53632e-06 4.25815e-05 0.00991727 
0.0194695 0.0976547 0.0835319 0.361671 0.00653744 6.88318e-05 6.39905e-05 2.94932e-10 0.069076 0.285164 0.0280227 0.00135761 0.00191625 0.00997447 0.00234007 0.000313105 0.000139851 0.00052064 0.0321778 
0.0433151 0.0151095 0.0977109 0.277925 0.00272879 8.7995e-05 0.00113455 5.75472e-08 0.144942 0.0791559 0.1601 0.0755028 0.0400851 0.037702 0.000690219 0.00178701 0.000150384 0.0030065 0.0188668 
0.00410345 0.0897446 0.204344 0.308819 3.24776e-05 2.09035e-06 0.00414559 8.38249e-09 0.20498 0.0617882 0.00345547 4.75025e-05 7.37694e-06 0.0444038 0.00740946 0.000270026 0.000559774 0.000480802 0.0654059 
0.0152638 0.0390729 0.0863267 0.530502 6.18133e-05 1.91484e-07 0.00193131 4.96693e-05 0.0991325 0.199807 0.00239538 1.47556e-06 1.16128e-05 0.0110836 0.000102049 2.4031e-05 2.38375e-05 0.00892968 0.00528001 
0.00529493 0.0156632 0.0284466 0.557119 0.00197824 9.95646e-05 0.000426232 1.19631e-08 0.164648 0.14484 0.0109065 0.00527207 0.000125206 0.0192138 0.000405548 0.00180494 0.0367592 2.46472e-05 0.00697253 
0.000171864 0.220925 0.0590713 0.367612 5.6543e-05 2.70737e-07 0.000114114 3.91351e-06 0.074239 0.239941 0.00461826 0.000188008 0.00354841 0.00717156 0.00226381 0.000369342 5.21806e-07 0.0112096 0.00849509 
0.0317387 0.0908293 0.284358 0.483655 1.16812e-05 3.26973e-07 0.000349303 1.10758e-06 0.0277536 0.0297361 0.00308414 4.36554e-06 6.33102e-05 0.00542777 0.00198872 2.89633e-05 0.001128 0.0280137 0.0118288 
0.000662039 0.0465145 0.0250949 0.632942 0.000251434 4.46924e-06 8.43801e-05 1.34618e-06 0.0366071 0.168198 0.00252199 3.62087e-05 0.00093293 0.0606651 0.000254933 0.00402866 3.89971e-05 0.00019365 0.0209673 
0.0179723 0.0766436 0.0353566 0.465847 0.00328629 7.27184e-06 0.0071615 0.00077628 0.0761541 0.19273 0.00893272 0.000106047 0.00225893 0.070085 0.0130027 0.00554959 0.000412651 0.00627584 0.0174417 
0.0641093 0.176431 0.0362712 0.253157 0.00577681 6.07251e-06 0.00354267 1.64631e-06 0.198679 0.124741 0.0192549 0.000211403 0.00505517 0.0937119 0.00208439 0.000601424 1.14509e-06 0.00167403 0.0146902 
0.0136632 0.0610993 0.210069 0.517462 0.00473282 3.60466e-05 0.00419595 1.05221e-07 0.0624654 0.0397679 0.0312184 2.49854e-07 4.06591e-07 0.0125211 0.00256824 0.000597097 0.00104884 0.014863 0.0236908 
0.000644396 0.0320383 0.0603784 0.564541 0.000209115 4.06917e-09 1.03676e-05 5.82731e-09 0.00522572 0.0385276 0.00353372 3.4963e-06 1.33688e-05 0.0168027 0.000242994 7.02341e-05 0.00392198 0.235918 0.037918 
3.02446e-12 7.75698e-09 1.74386e-12 0.871176 9.40637e-12 1.82975e-11 2.06811e-08 2.62032e-11 0.00139796 0.12693 6.53777e-09 4.31965e-12 0.000450444 4.00828e-05 2.71732e-12 6.06177e-06 2.40844e-11 1.35153e-11 3.78159e-12 
1.44762e-05 0.0298231 0.00747047 0.781528 2.2421e-06 5.77931e-07 0.00011641 1.42895e-05 0.0162024 0.146885 2.72508e-06 1.78252e-07 8.72709e-06 0.0109467 0.00350879 0.000403563 2.71073e-08 1.44992e-07 0.00307201 
0.000935414 0.0292821 0.00868324 0.415269 5.52524e-08 1.48631e-08 0.00318919 7.0926e-12 0.0567036 0.344082 0.000558302 1.43232e-07 0.00176883 0.0931658 0.000693265 0.0019874 6.51907e-12 2.34167e-08 0.0436809 
0.00456649 0.050328 0.0540239 0.535479 0.000188576 2.58371e-06 0.00203407 5.23835e-05 0.0785566 0.0855241 0.00448883 3.06185e-05 0.00018009 0.145749 0.0020579 0.00107232 0.00472247 0.00101016 0.0299326 
0.0068011 0.162465 0.0188351 0.344268 0.000114262 0.000101918 0.0217979 2.49299e-09 0.0171834 0.0716286 0.00503969 0.000100937 0.00752437 0.309723 0.00815498 4.51738e-06 1.05281e-07 0.000185375 0.0260719 
0.0254786 0.30072 0.193245 0.308433 0.0196046 1.07271e-11 0.00183954 1.24443e-09 0.00653632 0.00991313 0.0460301 1.76964e-05 6.367e-12 0.00247869 0.00283487 7.73276e-12 0.000414593 0.0815472 0.000907193 
8.64932e-06 0.010959 0.00887013 0.652615 2.95792e-06 3.66518e-06 9.52057e-07 3.33812e-06 0.00796705 0.0886897 0.0172583 4.9429e-06 0.000354788 0.211706 0.000874307 4.80492e-05 1.46395e-09 6.80527e-06 0.000627128 
0.0041053 0.0400254 0.202433 0.44063 0.00219635 5.7308e-07 0.000155329 0.00969691 0.129395 0.00938017 0.00330776 3.90124e-05 2.35875e-07 0.0692054 0.000721348 0.00653829 1.33141e-05 0.00128077 0.0808761 
0.054064 0.00509753 0.227608 0.409393 0.00100828 0.000150154 0.000895676 3.1076e-06 0.0867853 0.0759941 5.07151e-05 6.13382e-06 0.00849384 0.113379 0.000257208 0.000490448 0.000203262 0.000137931 0.0159829 
0.00431225 0.0309945 0.00925207 0.462347 0.000405367 4.32957e-05 7.24082e-05 7.5362e-10 0.0196821 0.105256 0.00217749 1.46232e-05 0.000123904 0.359037 0.000923695 0.00359672 2.95218e-07 6.33557e-06 0.00175464 
0.00388225 0.00934839 0.00406776 0.949482 3.92418e-09 7.63342e-09 2.05089e-06 1.09315e-08 0.00109844 5.27512e-07 6.12554e-06 3.60219e-07 4.53075e-09 0.000250992 2.66113e-07 8.46836e-05 6.99548e-05 0.0283433 0.00336313 
0.000311884 0.00976095 0.00878104 0.536248 0.00110091 1.52897e-08 0.007634 2.4112e-11 0.0408239 0.332758 0.00112146 3.87445e-07 0.000589794 0.0454095 0.000231147 0.000662922 4.36566e-06 6.33451e-08 0.014562 
0.0342455 0.0221632 0.202489 0.353381 4.24514e-05 5.54026e-10 0.000542403 4.97121e-07 0.0830232 0.246261 0.00154868 1.09353e-05 0.0175627 0.0155613 0.000124999 0.00294216 0.00016627 0.00052898 0.0194052 
0.00703926 0.0708054 0.121418 0.494589 0.0104765 2.48398e-05 0.000155832 8.67157e-05 0.221245 0.0267575 0.003363 1.99244e-05 0.000100436 0.0206724 0.00496268 0.0107218 7.48548e-05 9.60379e-05 0.0073903 
0.00615248 0.0345091 0.0866072 0.573318 0.00119448 8.38709e-05 0.000153018 3.747e-08 0.045046 0.0161027 0.0156272 6.17701e-09 8.13753e-05 0.127706 0.0014494 0.0192957 7.65597e-05 0.000313455 0.0722836 
0.0486194 0.0187219 0.186821 0.474514 0.0105932 6.66359e-07 5.16146e-05 6.23398e-05 0.0104334 0.012481 0.00827032 0.000438224 2.74796e-05 0.0564144 0.00104839 0.0036318 1.31014e-06 5.33956e-08 0.16787 
0.000301316 1.33351e-05 1.78055e-05 0.900512 7.6547e-07 1.48901e-06 9.92994e-07 2.13236e-06 0.00034467 0.0228419 2.27884e-05 3.51524e-07 5.7249e-06 0.0759281 2.21129e-07 3.30192e-06 1.95993e-06 1.09985e-06 3.07737e-07 
0.007743 0.0281126 0.0140476 0.868103 3.56118e-05 3.42668e-06 0.010223 3.00175e-05 0.0100773 0.00606794 0.00109338 4.81613e-05 1.1339e-05 0.0128968 0.000634563 0.0156827 0.00084806 0.010582 0.0137601 
0.000403779 0.0011061 0.00929246 0.786565 6.67884e-06 1.14204e-05 6.53631e-05 4.11156e-05 0.00237901 0.0108646 6.94533e-06 3.8945e-05 0.000476533 0.139703 0.0375972 0.00124383 0.000148132 0.00963672 0.000412671 
0.00548732 0.0427603 0.0177432 0.798995 4.6337e-05 1.72477e-06 0.00639061 2.88521e-06 0.0191811 0.0100143 0.0010833 2.92797e-05 2.863e-05 0.0206687 0.000737202 0.0180444 0.00200947 0.0392073 0.0175686 
0.00323097 0.00681234 0.054229 0.365569 0.000508407 1.27859e-07 6.25566e-06 2.11028e-08 0.00367245 0.103392 0.000450267 2.88488e-07 0.0385662 0.240042 0.175385 0.00658506 2.01465e-06 5.26649e-06 0.00154268 
0.0516289 0.157789 0.179886 0.196153 0.00393958 5.48346e-05 0.00575691 2.25912e-08 0.0742294 0.0634616 0.153234 0.000202297 0.00274014 0.0925653 0.000643572 0.000650462 0.000125823 0.00473064 0.0122082 
0.0135598 0.014583 0.0061225 0.850799 0.000181842 0.000798699 5.72552e-07 1.2295e-06 0.00415399 0.00507496 1.50307e-07 1.53587e-06 9.13988e-05 0.100898 0.000228505 0.000164139 1.48975e-06 0.000658079 0.00268125 
0.0118836 0.0181864 0.0692266 0.316048 0.000742836 1.00034e-05 0.00496723 1.30696e-06 0.23413 0.235532 0.0538062 0.0116618 0.000659221 0.0218471 0.00396346 0.00233358 0.0055866 0.000237011 0.00917694 
0.0132766 0.0125959 0.0116146 0.388591 0.00263572 6.15079e-07 0.000272242 0.000127945 0.0455952 0.361474 0.00253595 0.000287071 0.0161 0.130598 0.000782747 0.00132806 8.81417e-05 0.006289 0.00580775 
0.0249984 0.16789 0.211961 0.223885 0.0157099 2.36116e-05 0.00325406 1.88984e-06 0.0419404 0.0216048 0.0146585 0.0100236 0.000255001 0.0116962 0.02261 0.00301042 0.000103097 0.0275536 0.19882 
0.0158313 0.107904 0.172143 0.329854 0.000507056 1.28531e-05 0.000696344 2.66274e-07 0.0831635 0.136011 0.0259169 0.00550829 4.81334e-05 0.00436947 0.0012178 0.00156506 0.0075759 0.00486003 0.102817 
0.00253367 0.289525 0.0430276 0.616172 4.94188e-05 1.94159e-06 0.000110451 0.000313001 0.0138078 0.00702742 0.00333723 2.43035e-05 0.000332374 0.000236302 0.000249275 9.57121e-05 0.00667689 0.00432492 0.0121551 
0.116963 0.11656 0.152594 0.355285 0.00101791 8.91218e-06 0.00343904 3.04775e-07 0.0530469 0.0619203 0.0145663 4.68954e-05 0.0165535 0.0115081 0.00013775 0.066184 9.20995e-06 0.0269612 0.00319627 
0.00302561 0.175606 0.0171624 0.235118 0.00118727 6.96358e-05 0.00130833 2.04844e-10 0.200668 0.169204 0.0620183 0.000149964 0.0102812 0.0635034 0.0403596 0.00314474 0.000407975 0.000126725 0.0166586 
0.00613648 0.165368 0.155606 0.236936 0.00275309 7.94638e-05 0.000616067 8.24226e-09 0.166246 0.0497053 0.0293364 0.000189402 0.00347696 0.033814 0.0623697 0.000126013 0.00646468 0.0108558 0.0699223 
0.0025928 0.147517 0.196725 0.208889 0.00431656 2.62919e-06 0.0101053 3.71181e-05 0.124744 0.0478365 0.0234921 1.02832e-05 0.000370753 0.0715332 0.0399866 0.00121235 0.00376941 0.105588 0.0112704 
0.0152638 0.0390729 0.0863267 0.530502 6.18133e-05 1.91484e-07 0.00193131 4.96693e-05 0.0991325 0.199807 0.00239538 1.47556e-06 1.16128e-05 0.0110836 0.000102049 2.4031e-05 2.38375e-05 0.00892968 0.00528001 
0.0569651 0.0423762 0.19608 0.367268 0.00130638 1.91961e-06 0.00201839 1.77294e-05 0.0828841 0.0896742 0.0568102 4.03497e-05 0.00128849 0.0345983 0.0003082 0.000483004 0.000192179 0.015351 0.0523364 
0.00938822 0.0712836 0.0190708 0.58869 0.000736081 1.7661e-08 2.28952e-08 1.28289e-10 0.0830719 0.182509 0.0144772 3.03404e-05 0.0083626 0.01185 0.00342713 0.00034799 1.17915e-10 6.617e-11 0.00675443 
0.0146065 0.213213 0.0470677 0.517064 8.77199e-06 1.19281e-05 0.00043778 6.67445e-08 0.0796519 0.0278988 0.00612425 4.8392e-05 0.0218536 0.033018 0.00105179 8.00012e-05 0.013944 0.00172603 0.0221939 
0.00251169 0.135252 0.205752 0.472664 7.77158e-05 3.09873e-05 0.00110424 9.6847e-05 0.0116288 0.00555441 0.000299979 0.000125777 0.00102762 0.121128 4.77099e-05 0.00020355 0.0030281 0.0195783 0.0198877 
0.00740379 0.0385354 0.212233 0.698149 0.0168035 7.24267e-06 3.07471e-07 6.60264e-07 0.0245706 6.60494e-05 5.82429e-05 1.08846e-07 2.00335e-05 0.00214698 3.91383e-06 3.32359e-07 6.06874e-07 3.40557e-07 9.52879e-08 
0.00713755 0.0552442 0.267913 0.288829 0.000887389 3.00978e-05 0.00340512 4.29908e-06 0.0656714 0.0604671 0.116492 0.00500649 0.000108785 0.0538299 0.00396072 0.000534867 7.96767e-05 0.00355782 0.0668405 
0.00483599 0.0165752 0.0102993 0.718141 0.000550698 2.226e-05 0.00108947 1.14651e-06 0.191312 0.0398345 0.00251107 0.00587222 0.000532388 0.0028224 8.16478e-05 0.00177796 2.83194e-05 0.00257159 0.00114111 
0.00147313 0.101227 0.0076378 0.699618 0.00264214 0.000208833 0.000150387 9.88297e-07 0.0463884 0.070051 0.00728057 9.7575e-05 0.00374331 0.0533012 0.00133615 0.00290027 4.18942e-05 4.73633e-05 0.00185383 
6.79179e-12 0.0129693 0.00162987 0.388857 2.11232e-11 4.10893e-11 0.075241 0.187848 0.0114921 0.0953019 7.19351e-12 0.00273814 2.43882e-11 0.19779 6.10207e-12 2.96197e-11 0.00019545 0.0062072 0.0197298 
0.000500003 0.0311234 0.122539 0.56631 1.49883e-05 2.97418e-06 0.00336724 1.1604e-05 0.00376409 0.00571112 0.00684816 3.06258e-05 6.80597e-05 0.0677182 0.000680627 0.000275953 2.61867e-05 0.163294 0.027713 
0.0018037 0.0210224 0.104989 0.632333 8.92742e-05 1.3995e-05 0.00124064 1.16865e-06 0.014962 0.0378688 7.26355e-05 7.95565e-06 0.000119807 0.147308 0.0127291 0.000202616 8.01887e-05 0.000386379 0.0247688 
1.74461e-07 0.0257542 0.0332681 0.785897 8.32801e-05 2.81137e-05 0.00546469 0.00529576 0.0705384 0.00279862 0.00202098 4.59841e-06 1.7364e-05 0.0524019 0.00104793 0.0148642 7.49788e-06 7.79608e-07 0.000506935 
0.0066686 0.0730475 0.102364 0.380523 0.00341309 6.04183e-05 0.0586719 0.00157232 0.110048 0.148837 0.0457607 0.00231019 0.00198277 0.0467692 0.00374163 0.00282228 0.000516262 0.00410522 0.00678655 
0.000935414 0.0292821 0.00868324 0.415269 5.52524e-08 1.48631e-08 0.00318919 7.0926e-12 0.0567036 0.344082 0.000558302 1.43232e-07 0.00176883 0.0931658 0.000693265 0.0019874 6.51907e-12 2.34167e-08 0.0436809 
0.00882768 0.0726115 0.0241222 0.347604 0.000642233 0.00199111 0.00353683 0.000117688 0.238237 0.0848495 0.0558421 3.2066e-05 0.00408467 0.0114941 0.131152 0.000345767 1.25651e-05 0.00308971 0.0114069 
0.00485058 0.177442 0.204419 0.284099 0.0137323 2.75343e-07 0.00102465 1.8541e-06 0.0755219 0.0966237 0.00967507 2.69299e-05 0.00575618 0.0422765 0.0442719 0.000587738 5.06535e-05 0.0168795 0.0227591 
0.000802774 0.0243026 0.0311234 0.506439 0.000603052 1.35459e-05 8.17416e-06 8.83515e-06 0.060979 0.281884 0.00269945 9.63358e-07 0.00248686 0.0665783 0.00410439 0.00908145 5.48918e-05 0.00154804 0.0072817 
0.000214388 0.0244203 0.00515477 0.610254 8.69111e-06 3.35717e-07 4.35583e-06 0.000627714 0.00394896 0.0252079 0.00543976 0.000401482 2.28693e-05 0.181466 0.00216031 0.0568582 4.41892e-07 0.00627966 0.0775298 
0.00552132 0.000112717 0.0596253 0.551085 6.3922e-08 1.24343e-07 8.29218e-08 0.000105697 0.027081 0.281372 2.17687e-08 5.64065e-06 0.0164414 0.0407285 0.00292475 0.014512 1.63668e-07 9.18447e-08 0.000483494 
0.0188328 0.000219143 0.0216457 0.840261 1.05114e-06 1.45466e-05 6.05624e-06 3.82791e-06 0.0873908 0.0204018 7.56027e-05 2.04011e-06 0.000163395 0.0107155 4.32319e-05 3.46718e-05 0.000152644 3.03719e-07 3.59246e-05 
0.00218798 0.0164031 0.0261115 0.719431 0.0020873 3.5549e-07 0.00580609 5.27199e-05 0.0280495 0.10251 0.00151622 0.000226575 0.00616614 0.0655372 0.00302896 0.00326904 1.8545e-05 0.00051006 0.0170874 
0.0102447 0.0578673 0.0886492 0.368811 0.000912952 1.62456e-05 0.00469701 0.0131257 0.0879842 0.0720916 0.0599218 0.000102465 0.00364434 0.166589 0.0540787 0.000346554 8.56409e-05 0.00797096 0.00286085 
0.0125501 0.053582 0.186145 0.250744 4.91262e-05 1.97048e-05 0.000195274 7.056e-08 0.166203 0.110406 0.00695069 0.000643506 0.000126045 0.0679924 0.00721844 0.0595227 0.00398144 8.02188e-05 0.0735911 
0.0112959 0.0517689 0.016125 0.349186 4.46522e-05 2.02816e-05 0.000808849 1.38999e-06 0.316302 0.127647 0.000379873 0.00926818 0.00109173 0.0514139 0.0447468 0.00197177 0.000563665 1.6426e-05 0.0173479 
0.00960483 0.0214084 0.0795228 0.37564 6.15628e-05 0.000104489 0.000332633 1.26334e-06 0.0797112 0.100164 0.00916768 0.0215725 0.0446804 0.197937 0.00563195 0.0392735 0.000153972 0.00177282 0.013258 
0.0218744 0.127872 0.0682227 0.305052 0.00431086 0.00014089 0.000166439 4.23937e-05 0.126076 0.209273 0.0207364 0.000108554 0.00119768 0.0638261 0.0294816 0.00267198 0.00021235 0.00564571 0.0130889 
0.0140431 0.161576 0.0233802 0.236681 0.00738143 0.000107429 0.000611304 4.18753e-10 0.199159 0.158707 0.0329297 7.21057e-05 0.000330192 0.127367 0.000513165 0.00253298 4.76607e-05 0.00849076 0.0260694 
0.0269509 0.0807025 0.0126533 0.321408 8.67681e-09 1.68784e-08 1.90834e-05 0.152391 4.9857e-05 0.19658 0.0553359 3.98462e-09 1.0018e-08 0.153793 2.25101e-06 1.21669e-08 2.22164e-08 1.59185e-05 9.86356e-05 
0.00744442 0.0226357 0.109892 0.71735 7.50018e-05 2.02074e-06 0.000772929 2.877e-08 0.0281637 0.0157949 0.00651124 2.36847e-05 0.035417 0.0328014 0.000862022 2.96301e-06 8.78526e-05 0.0115946 0.0105685 
0.0918752 0.107725 0.194824 0.213356 0.00831981 8.02772e-06 0.000323273 8.09808e-05 0.0845285 0.0737241 0.0802516 8.23175e-06 7.06408e-05 0.114262 0.000477335 0.0132667 0.00299981 0.00313434 0.010765 
0.0310364 0.0303898 0.0454854 0.399791 0.000587283 1.72298e-05 0.030599 0.0182639 0.0272533 0.0828166 0.0171059 7.82511e-06 7.17465e-08 0.29878 0.0014476 0.00197817 0.000863043 0.000955907 0.0126208 
0.00204364 0.00572313 0.0620277 0.875973 4.66201e-05 3.01588e-05 0.00150417 0.000809869 0.0115789 0.00122343 0.00418514 2.36189e-06 6.42672e-07 0.0317061 4.28772e-08 0.000260082 0.000475389 0.00239772 1.22687e-05 
0.00586115 0.000137828 0.0454801 0.850995 0.000145239 1.38442e-06 5.07357e-05 1.98258e-06 0.00288442 0.00564946 1.34983e-05 3.26833e-07 8.21714e-07 0.0801957 4.38072e-06 9.97977e-07 1.82227e-06 0.000406426 0.00816913 
0.00392819 0.00473224 0.00711707 0.691953 7.43015e-05 5.08048e-07 0.0355557 7.92668e-11 0.00575967 0.179129 0.000456048 0.000505006 0.0247157 0.00903789 2.22354e-06 0.0026005 7.28571e-11 1.96253e-06 0.0344314 
4.57012e-07 0.000953258 3.57333e-07 0.511259 3.52925e-08 2.65858e-08 4.06694e-05 4.76745e-07 0.0225707 0.464493 0.000221162 1.23415e-08 9.00028e-05 8.71616e-05 0.000258092 2.13585e-05 3.36762e-06 8.09471e-08 7.79051e-08 
0.00431225 0.0309945 0.00925207 0.462347 0.000405367 4.32957e-05 7.24082e-05 7.5362e-10 0.0196821 0.105256 0.00217749 1.46232e-05 0.000123904 0.359037 0.000923695 0.00359672 2.95218e-07 6.33557e-06 0.00175464 
0.0897231 0.139582 0.153762 0.2136 0.0100708 0.000181834 0.00411401 6.56438e-06 0.0262332 0.0814216 0.0720261 5.44114e-05 0.000135172 0.127901 0.0129915 0.00368345 0.000159851 0.0520358 0.0123181 
0.0672649 0.168592 0.0801846 0.282831 0.000560706 0.000142841 0.00798397 4.51933e-07 0.0708936 0.026206 0.016158 0.00363451 9.14907e-06 0.217531 1.68829e-06 8.96646e-05 0.000601878 0.0464934 0.0108213 
0.025063 0.268192 0.0918402 0.322797 0.00118991 0.0151223 0.000615106 0.000279499 0.100435 0.0230744 0.0319311 0.000160982 0.00147189 0.0469533 0.00448471 0.00222928 0.00123643 0.00400599 0.0589182 
0.0113589 0.044966 0.072456 0.318047 0.00435256 2.36121e-05 0.0123025 0.000105209 0.100805 0.0672035 0.0190537 0.000244251 0.000410906 0.222708 0.00218387 0.000615965 0.000255441 0.000290104 0.122618 
5.44821e-06 0.0793833 0.0689065 0.475814 0.000758177 4.97398e-06 0.000761881 1.2274e-06 0.0338512 0.168474 0.000783943 0.000102623 0.0109529 0.151562 0.00632319 0.00028977 4.28498e-05 7.12681e-05 0.00190991 
0.0399947 0.122433 0.155489 0.236528 0.000635688 7.03506e-06 0.00117743 8.75219e-09 0.176681 0.211505 0.00503591 3.23439e-05 0.00286209 0.0322267 0.00101422 0.000563889 6.1015e-07 0.000150058 0.013662 
0.00580323 0.000240967 0.0329983 0.950624 1.40172e-06 1.64251e-06 8.06518e-06 5.10249e-06 0.000104605 2.67043e-05 1.2224e-05 4.24181e-05 3.02909e-05 0.00999842 2.06966e-06 4.61582e-05 4.35962e-06 1.32555e-05 3.67567e-05 
0.00992808 0.059472 0.0284721 0.280314 7.18203e-05 0.000162665 0.000122483 7.22801e-06 0.0766715 0.246292 0.0460639 1.37054e-05 0.0158197 0.227191 0.000238398 0.000233811 8.80468e-05 0.0010437 0.0077932 
5.80595e-05 0.0140794 0.00391407 0.577508 9.83037e-08 8.33369e-11 3.98337e-08 1.19344e-10 0.00431554 0.340293 0.0028183 3.11473e-05 0.00353895 0.0232206 2.38794e-06 0.000144425 1.63678e-07 0.0262721 0.00380396 
0.0386306 0.049989 0.0183481 0.523413 3.91792e-05 1.08152e-06 0.0191407 0.000296851 0.0401025 0.292834 0.000151038 5.02374e-07 6.93301e-05 0.0150843 2.89469e-05 0.000106565 0.00013717 0.000706795 0.000920136 
0.087876 0.0757033 0.0891071 0.305712 0.00663825 0.000138583 0.00400565 2.24485e-07 0.17757 0.0436661 0.016898 0.00479564 4.47341e-05 0.0317694 0.0043152 6.16253e-06 3.15965e-05 0.0473444 0.104378 
0.0109944 0.0857869 0.102271 0.685066 0.00401185 0.00175505 4.72953e-07 1.01562e-06 0.0407327 0.0137763 0.00515953 7.46573e-05 0.0012115 0.0341984 0.000443701 1.11204e-05 0.00162346 0.00272892 0.0101522 
1.0819e-05 0.0200317 0.0866184 0.530379 0.000107648 3.73025e-05 0.0252713 4.02606e-06 0.00449302 0.0100235 0.000556976 0.000145994 2.05075e-05 0.0680919 0.0290901 0.0033807 9.12837e-05 0.212733 0.00891224 
0.0437202 0.018216 0.112847 0.47459 0.00224212 2.91979e-05 0.00151994 1.2003e-05 0.0205068 0.0524178 0.0296892 0.00843446 7.33352e-05 0.216131 0.000374117 0.000904331 0.000586629 0.000493079 0.0172122 
3.02446e-12 7.75698e-09 1.74386e-12 0.871176 9.40637e-12 1.82975e-11 2.06811e-08 2.62032e-11 0.00139796 0.12693 6.53777e-09 4.31965e-12 0.000450444 4.00828e-05 2.71732e-12 6.06177e-06 2.40844e-11 1.35153e-11 3.78159e-12 
0.025204 0.0053739 0.0668264 0.817475 0.00220066 3.66978e-05 3.69603e-05 1.57145e-07 0.00751096 0.0515434 0.000678756 2.63265e-06 0.000224137 0.00887385 0.0115639 8.12435e-05 2.98896e-05 0.000952017 0.00138542 
0.00200199 0.0314935 0.0771001 0.457037 0.000115529 2.90422e-07 3.4461e-06 1.37549e-05 0.193647 0.0539045 0.0130578 5.63982e-05 9.51786e-05 0.0451573 0.00129696 0.0458536 8.68107e-06 0.000152717 0.0790042 
0.00478166 0.154056 0.273136 0.352103 0.000817901 6.26604e-06 0.00324454 1.24371e-05 0.0569306 0.00659629 0.00809905 7.29907e-05 5.9584e-05 0.0280335 0.00136089 2.79822e-05 0.0165236 0.0259699 0.0681681 
0.0111004 0.0803594 0.140615 0.476924 0.000289793 2.9372e-05 0.000632888 2.97086e-08 0.0794698 0.0374786 0.00324093 6.84401e-06 0.000401723 0.0387145 0.000374205 0.0293938 0.00196413 0.00176465 0.0972398 
0.00875007 0.00554169 0.0098184 0.577544 0.0307502 2.92257e-05 0.0734344 1.96071e-07 0.00721425 0.153021 0.00423859 0.00040337 0.00019923 0.0794019 0.000533753 9.86969e-08 1.80217e-07 1.01131e-07 0.0491192 
0.0558725 0.100373 0.108355 0.368428 0.00525492 3.05863e-06 0.118198 2.03265e-06 0.0448472 0.0431262 0.0519109 0.000390065 0.000206761 0.0613358 0.000317201 0.00227444 0.000330858 0.0263095 0.0124655 
0.00315679 0.142631 0.101481 0.587367 5.15073e-05 9.70077e-06 7.64221e-05 4.51483e-07 0.0290508 0.00486225 0.0425884 7.90343e-06 1.67352e-05 0.0608373 2.87056e-05 0.000618573 1.94173e-05 0.027139 5.65193e-05 
0.00163257 0.00965235 0.00351722 0.599045 3.70046e-10 7.19823e-10 2.45564e-06 1.03083e-09 0.209232 0.174979 0.000724438 3.28005e-09 1.53205e-05 0.000767041 1.14048e-06 5.81387e-06 8.51759e-08 1.25996e-08 0.000426116 
0.0034841 0.0359361 0.0747654 0.438212 0.00038259 3.41161e-08 0.000232223 8.34594e-06 0.204478 0.174104 0.0029393 9.17322e-06 8.70578e-06 0.0309345 0.011915 0.00206369 0.00670147 0.00348285 0.0103426 
0.0169547 0.000679692 0.0277945 0.735208 0.00562239 2.6314e-07 0.000105719 1.1208e-06 0.0152458 0.0218353 4.75858e-05 6.60764e-07 1.7166e-06 0.171002 0.000127527 0.00307329 9.46355e-07 1.37246e-08 0.00229896 
0.0466115 0.000387008 0.0088553 0.396185 5.19552e-05 4.09799e-05 0.00017565 4.17213e-06 0.0137083 0.0516149 0.0306312 0.0285252 7.40883e-05 0.299653 0.00297367 0.000596468 0.00199544 0.0683616 0.0495553 
0.00669971 0.0499351 0.0106779 0.560848 1.66678e-06 7.64996e-08 0.000151142 1.09552e-07 0.226004 0.0254674 2.44479e-05 1.33833e-06 4.54057e-08 0.0650293 0.0289201 9.89965e-07 1.00694e-07 5.34745e-06 0.0262338 
0.0773101 0.000120494 0.195857 0.490052 0.0158632 3.56134e-06 0.0025166 0.0025106 0.0380302 0.101916 0.00316755 4.3828e-06 0.000302783 0.0312325 0.000638652 0.00386551 1.95805e-06 0.0199397 0.0166675 
0.00787186 0.00411662 0.035958 0.84683 0.00338318 0.00100762 0.00331189 4.56275e-06 0.00304215 0.0101662 3.78107e-05 0.000160585 0.00738087 0.0714591 3.02216e-07 0.00488848 7.21483e-05 0.00021894 8.95001e-05 
0.108646 0.000147564 0.0978236 0.694157 0.000312687 1.70732e-07 0.000330071 2.445e-07 0.000178516 0.0731083 0.0135688 0.000352409 0.000111322 0.00380017 0.0012738 0.000550497 2.24729e-07 0.000596237 0.00504218 
8.64932e-06 0.010959 0.00887013 0.652615 2.95792e-06 3.66518e-06 9.52057e-07 3.33812e-06 0.00796705 0.0886897 0.0172583 4.9429e-06 0.000354788 0.211706 0.000874307 4.80492e-05 1.46395e-09 6.80527e-06 0.000627128 
0.0217357 0.0947475 0.0491629 0.401151 0.00301327 0.00338261 0.00166193 0.00190998 0.0877286 0.122604 0.0162934 5.62862e-05 0.000860336 0.143909 0.00486366 0.000438908 0.000260132 0.0217006 0.0245204 
0.00117036 0.0031443 0.0123931 0.74249 0.00406396 4.2283e-06 2.79516e-05 4.29378e-09 0.0792074 0.0737263 0.00697926 1.82497e-06 3.74597e-05 0.0184495 0.000106364 0.0301263 2.10561e-06 4.41616e-06 0.0280648 
0.00431225 0.0309945 0.00925207 0.462347 0.000405367 4.32957e-05 7.24082e-05 7.5362e-10 0.0196821 0.105256 0.00217749 1.46232e-05 0.000123904 0.359037 0.000923695 0.00359672 2.95218e-07 6.33557e-06 0.00175464 
3.2515e-06 0.180729 0.0166862 0.366858 0.00115716 5.36604e-05 0.000668102 1.1417e-06 0.185963 0.145414 0.0163903 5.08033e-08 0.00453371 0.0655769 3.20887e-07 0.000162627 1.18989e-10 6.67725e-11 0.0158036 
