0.00755214 0.12544 0.0161516 1.4532e-08 0.000798337 4.98287e-09 1.15844e-06 1.00388e-11 0.564753 0.233339 0.00259803 4.0921e-09 0.00193019 0.0279685 0.0152135 0.00159048 4.09792e-06 5.17792e-12 0.00265957 
0.0465017 0.0350596 0.00611208 2.13499e-12 7.52426e-05 1.04793e-05 9.00031e-06 7.1054e-12 0.412585 0.0340962 0.193615 0.00236182 0.00657461 0.0029752 0.211272 0.000109609 1.18551e-06 4.40922e-07 0.0486412 
0.0199267 0.0555756 0.0368949 0.00484678 3.05214e-05 3.19077e-10 0.000162952 8.7508e-12 0.759696 0.00898792 0.073727 1.3025e-05 0.0240303 0.00236645 0.000804127 0.000158116 0.00173009 0.000320766 0.0107289 
0.0585305 0.234075 0.0347092 0.00320871 0.00285537 4.18354e-05 0.0063042 0.000508659 0.447807 0.0558089 0.0531339 4.56133e-05 0.00703743 0.0625953 0.0203443 0.000413924 0.00021172 0.0011873 0.0111807 
0.0114352 0.095724 0.00756515 0.000197481 0.0006691 2.91094e-05 3.12246e-05 4.14463e-07 0.662593 0.039286 0.0646211 2.38038e-05 0.0277736 0.0622476 0.0170183 0.00054138 6.62764e-06 0.00738768 0.00284947 
0.0321271 0.0556876 0.208299 0.0100145 9.02039e-07 9.01494e-07 9.01869e-07 9.01011e-07 0.5473 0.0225643 0.0397072 9.02346e-07 9.01952e-07 0.0627234 9.02443e-07 9.01804e-07 9.01142e-07 9.01786e-07 0.0215677 
0.0468985 0.296476 0.0594951 0.00175124 0.00249781 0.00017241 0.00108595 2.2819e-08 0.326476 0.0812717 0.0686437 9.16967e-05 0.00114262 0.0721073 0.0375599 0.000672831 7.70503e-06 0.00174234 0.00190782 
0.104543 0.0446313 0.017979 1.71132e-08 0.000181396 3.65159e-06 3.46031e-05 6.92296e-12 0.361429 0.0622391 0.320697 0.00224175 0.0115006 0.00401992 0.0109376 0.000315271 0.00241351 0.0115347 0.0452984 
0.00443256 0.129258 0.0387753 0.0133015 0.000209073 1.52952e-06 0.0120744 0.000458656 0.397337 0.0137301 0.00739447 0.000218943 0.000403438 0.309443 0.000215195 0.000104855 0.0023209 0.000413437 0.0699075 
0.0763599 0.0471881 0.0513347 0.0043092 0.0116487 2.59826e-06 0.000190293 3.04719e-05 0.698186 0.0233542 0.0095033 5.95934e-05 1.59165e-05 0.00922034 0.0411002 1.80032e-05 0.000639468 3.81697e-05 0.0268007 
0.0252965 0.0801897 0.044009 0.00207451 0.00150096 2.54218e-05 3.60664e-05 1.02721e-06 0.691411 0.0283489 0.0670882 0.000157478 0.000471832 0.00840174 0.0449884 0.000437934 4.12211e-06 0.000129374 0.00542791 
0.00064626 0.303882 0.0129093 0.00370231 0.0010783 3.44717e-06 0.0001015 6.90184e-08 0.560553 0.0307698 0.0657917 6.67838e-06 0.00797189 0.0103932 0.000510986 7.76325e-05 4.482e-08 0.000121938 0.00147984 
0.023929 0.0232445 0.00758959 8.7556e-05 0.000303832 4.72005e-06 0.000416768 1.68526e-08 0.699473 0.0183647 0.185695 1.89493e-05 0.00145523 0.00396839 0.0235276 0.000131859 1.14142e-05 0.000413962 0.0113637 
0.0252628 0.0594306 0.00780965 0.000766677 8.01799e-05 8.33203e-06 0.000408477 5.95443e-07 0.78605 0.0214027 0.0504537 3.58936e-05 0.000880702 0.0139371 0.0177428 0.000157398 9.79253e-06 0.000916157 0.0146463 
0.0314526 0.0813124 0.15052 0.0480425 0.000841537 1.6616e-09 0.000159642 6.51675e-11 0.438746 0.0955309 0.0562184 5.64066e-06 0.000525284 0.0264623 0.00117765 0.00297128 0.000919925 0.00248141 0.0626331 
0.108633 0.0900956 0.0509142 0.00386602 0.00247021 0.000942123 3.90975e-05 2.57235e-05 0.45084 0.0569974 0.0782358 0.00437499 0.00616663 0.0368963 0.015176 0.00816586 0.0143507 0.000260251 0.0715498 
0.00539192 0.0238005 0.132257 0.000259149 0.00307564 2.21796e-06 0.00057486 2.05705e-10 0.514666 0.141345 0.0105044 2.59221e-05 0.000138593 0.0578439 0.0503056 0.0580393 2.55336e-05 0.000106959 0.00163804 
0.0940089 0.0798042 0.256188 0.0222522 0.00153332 2.24759e-05 0.00103942 9.77033e-07 0.296286 0.098257 0.0646627 0.00091007 0.00617433 0.028452 0.0210286 0.00177884 0.00012888 0.00389753 0.0235748 
0.0349612 0.267039 0.0714221 0.0339062 0.00436194 9.59349e-05 0.00188482 0.000737958 0.331469 0.101436 0.0264447 0.000433894 0.00460722 0.0701102 0.0234094 0.00423023 0.001018 0.00277618 0.0196557 
0.00160531 0.00499663 0.00483798 2.15913e-05 0.000404704 6.26792e-06 9.65763e-05 1.6079e-12 0.816148 0.0336264 0.100378 3.14673e-05 0.0046171 0.00311208 0.0291683 0.000299303 9.08257e-06 1.14521e-05 0.000630262 
0.00597576 0.0678034 0.0404776 0.00065735 0.000142664 3.49894e-06 0.000320576 8.9266e-12 0.585956 0.0659582 0.137908 0.000239795 0.013204 0.0645093 0.0134473 0.000946665 5.96291e-06 1.09535e-07 0.00244352 
0.00154772 0.29973 0.0114373 0.000185161 3.55042e-05 1.36017e-05 0.0048539 6.70515e-11 0.453873 0.0248552 0.012014 1.30693e-05 0.00399404 0.182462 0.00337921 1.17819e-05 2.10404e-06 1.46885e-05 0.00157778 
0.0534943 0.0313346 0.0148759 0.000212726 0.0181049 3.74873e-06 9.01941e-05 0.00024661 0.611937 0.0227523 0.152512 9.52159e-06 0.0094695 0.00617558 0.0223494 6.00238e-05 6.47419e-05 0.0554982 0.000809543 
0.0633034 0.1455 0.0298744 0.000936241 0.00214548 1.519e-05 0.00546042 4.48934e-09 0.244019 0.111006 0.237042 0.000509498 0.000831144 0.118035 0.0271892 0.00121292 7.6575e-06 0.000319673 0.012593 
0.0440976 0.107405 0.198336 0.00226408 0.00129779 1.63491e-05 0.0106454 0.00179586 0.232986 0.166957 0.094833 0.0034358 0.000145543 0.0179221 0.0159444 0.000819578 0.0167831 0.00165962 0.082656 
0.00837077 0.26323 0.0445019 0.000211545 0.000395356 5.16037e-08 0.000640124 2.32797e-11 0.584585 0.056955 0.0036616 1.4083e-05 0.0035953 0.0317982 0.00115862 7.4493e-05 4.46048e-08 7.7932e-10 0.000808328 
0.0319226 0.024198 0.054342 3.84705e-05 0.00483375 5.5983e-05 0.00026549 9.45544e-11 0.536031 0.111323 0.132785 0.000709915 0.0888185 0.0104007 0.00316089 0.000245043 0.000601433 3.29282e-05 0.000234912 
0.00485107 0.0896127 0.0212851 0.00118108 0.00169651 5.56366e-06 0.00141243 0.000149987 0.467674 0.0285188 0.340949 7.68491e-05 0.000340549 0.0131776 0.016896 0.00119647 0.000111481 0.000417376 0.0104472 
0.0682332 0.060929 0.0675639 0.000202195 0.00456572 7.73251e-06 5.94319e-05 2.45505e-12 0.391081 0.049841 0.287838 0.0025353 0.0100586 0.00430919 0.0334956 0.000570258 0.000843101 0.00294389 0.014923 
0.0180188 0.0916769 0.217312 0.00179791 0.000830754 0.000582387 0.000185824 1.195e-10 0.24097 0.0311982 0.23694 0.00323283 0.0459126 0.0433726 0.000552049 4.79654e-05 0.000130409 0.00335128 0.0638875 
0.0131889 0.0209308 0.0198064 7.47918e-09 0.00139541 1.85194e-06 3.06453e-05 1.5706e-11 0.686464 0.0060483 0.243762 5.2753e-05 0.000100714 0.00487081 0.00267164 0.000134193 1.27214e-05 0.000205792 0.000323916 
0.108212 0.0366931 0.100572 0.00140725 0.0108435 8.46514e-06 3.49463e-05 2.15927e-06 0.574623 0.0511173 0.0949399 4.58248e-05 0.000170625 0.00699898 0.00969601 0.00146582 0.00032635 9.73816e-05 0.00274514 
0.000296151 0.180339 0.147416 0.000112416 3.16192e-05 1.07348e-06 0.00615163 3.51259e-09 0.557764 0.0653022 0.0115842 1.28767e-05 0.00203005 0.00681163 0.0208007 0.000402271 6.15927e-06 1.66236e-07 0.000937797 
0.0322623 0.112077 0.232615 0.00124811 0.0149142 4.63708e-07 8.78565e-05 4.97703e-09 0.285897 0.0296164 0.185366 0.000162403 7.21209e-05 0.0175789 0.0652516 8.24655e-05 4.16431e-05 0.00990963 0.0128165 
0.16374 0.0924431 0.0196001 0.000373895 0.220945 9.24048e-07 1.4532e-06 8.83145e-10 0.485663 0.0033599 0.00701848 4.93248e-07 0.000216294 0.000551788 0.00605417 1.03064e-06 8.19098e-08 2.8916e-05 1.02934e-06 
0.268102 0.0599332 0.029516 0.00824849 1.63756e-05 7.50172e-07 5.88023e-05 4.32872e-05 0.4466 0.109404 0.00184014 2.16269e-05 3.88892e-05 0.050922 0.0116652 0.000851996 0.00544342 9.35524e-05 0.00720045 
0.051011 0.101921 0.112024 0.00150221 0.00013039 4.03429e-05 7.16671e-05 1.35579e-05 0.533668 0.0774735 0.0159052 0.000494632 0.0201392 0.0265643 0.00492506 0.00548197 8.89755e-05 0.000600181 0.0479452 
0.076968 0.0381754 0.046596 0.000445627 0.00862806 6.35044e-06 4.16829e-05 1.96594e-06 0.506963 0.130276 0.0660652 3.43698e-05 0.000324218 0.0198272 0.0989421 0.000572358 1.89981e-05 0.000224845 0.00588859 
0.00302976 0.0314572 0.0141437 3.13533e-08 0.00107065 2.24017e-07 0.000135451 1.2328e-10 0.888881 0.0302125 0.0170539 2.02721e-07 0.00331958 0.00649407 0.00310198 6.3144e-05 2.83476e-08 9.20093e-07 0.00103543 
0.012711 0.0560001 0.151958 0.00473393 0.00874849 1.40035e-06 0.00114879 1.12604e-09 0.422291 0.0624619 0.0638971 4.66813e-05 0.0012071 0.0531118 0.00345114 0.00126663 0.148449 0.000766007 0.00774982 
0.047392 0.23723 0.0457249 0.00686043 0.0415163 6.90071e-05 0.000842712 0.000151656 0.377274 0.103111 0.0388602 5.75086e-05 0.00477137 0.0561561 0.0287422 0.000454249 0.000191469 0.000832785 0.00976279 
0.0158676 0.339197 0.0172779 0.00409487 0.00270649 7.003e-06 0.000350212 0.0141576 0.433179 0.0762639 0.049085 5.41192e-05 0.000856161 0.0132058 0.0185871 0.000368257 0.00380733 0.00282005 0.00811444 
0.0228171 0.153813 0.0100212 0.0032035 0.0003378 0.00904592 0.000154769 8.86412e-08 0.550519 0.0445771 0.00733893 8.5964e-06 3.44309e-05 0.155002 5.54219e-05 0.039506 2.22949e-06 4.61462e-05 0.0035168 
0.121542 0.0994873 0.0179278 0.00394103 0.000487115 0.000206482 2.50744e-06 1.20423e-09 0.473763 0.0978091 0.0317812 0.000313545 0.00977381 0.121148 0.00660386 0.000210335 7.30116e-06 3.0668e-06 0.0149929 
0.0735897 0.209466 0.0590491 0.00225413 0.00506435 1.62634e-05 0.00175603 8.47056e-05 0.371114 0.0429997 0.171907 1.88727e-05 0.00141047 0.0215319 0.022169 0.000367886 0.00161134 0.00110427 0.0144841 
0.00967556 0.111951 0.0474871 0.00973163 0.000421716 0.000101831 2.20518e-07 3.285e-09 0.542268 0.127974 2.13383e-05 8.18332e-06 1.09627e-06 0.0548456 4.93909e-05 0.0932158 3.01937e-09 2.27761e-06 0.00224527 
0.0645962 0.097225 0.0435415 0.000863823 0.0054267 2.20992e-06 0.00102136 4.94101e-08 0.68923 0.0366388 0.0314528 2.78713e-06 0.00168002 0.00710396 0.000429222 0.000210924 0.00868973 0.000961948 0.010923 
0.0565724 0.208726 0.0536114 0.000349815 0.0283406 1.631e-05 0.000684474 1.78237e-07 0.380404 0.0176746 0.192896 5.08974e-05 0.000219654 0.00975466 0.00580397 0.00210046 0.0384452 0.0010571 0.00329212 
0.00770349 5.68311e-06 0.187528 2.86204e-07 0.00645478 4.3717e-08 7.27031e-11 1.56123e-10 0.759501 0.0156697 2.28844e-06 2.57372e-11 1.92835e-06 0.0230769 1.13657e-06 5.02725e-05 5.59786e-07 7.25543e-08 4.29674e-06 
0.0162748 0.0156024 0.00410544 0.000103183 3.05605e-05 5.44768e-06 0.000246159 3.88447e-08 0.847672 0.0178486 0.0629039 1.33779e-05 0.00152914 0.00366664 0.0131964 0.000107175 3.33206e-06 0.00037375 0.0163172 
0.00159912 0.0365464 0.0131092 0.000427263 3.02515e-05 6.44839e-08 3.04656e-05 6.18882e-12 0.820774 0.0045047 0.103003 1.03744e-05 0.0172052 0.00114005 0.000123193 4.28211e-05 2.02126e-05 0.00016285 0.00127021 
0.00103337 0.00824264 0.00113354 3.11721e-05 1.52262e-05 6.81623e-06 0.000150943 5.00156e-08 0.879953 0.040661 0.0110479 6.01157e-06 0.00372619 0.00573032 0.0348899 0.000159782 4.00604e-09 4.44761e-10 0.0132122 
0.0376355 0.106971 0.0356276 0.0310464 0.00692226 2.90464e-05 0.000178166 3.82955e-05 0.673454 0.020583 0.0400095 9.05027e-05 0.00467501 0.0203959 0.00554983 0.000171827 2.1847e-05 0.00877525 0.00782475 
0.00973551 0.289972 0.0168797 0.0012497 0.00184728 9.90358e-06 0.000105222 3.91408e-05 0.35159 0.010979 0.148332 2.70239e-05 0.00351141 0.164118 0.0002833 3.81612e-05 1.53774e-05 9.16548e-05 0.00117533 
0.0190801 0.151596 0.220958 0.0768152 0.00949723 0.0834691 8.50516e-06 6.13071e-11 0.239424 0.075411 0.0717719 9.47071e-05 0.000254502 0.0111113 0.0151988 0.000945003 0.000221201 0.00148687 0.0226555 
0.0275938 0.183087 0.0201563 0.0228894 0.0123587 0.000129532 0.000505317 2.73458e-06 0.376156 0.109762 0.0542653 7.25008e-05 0.0113437 0.137691 0.00642995 0.000399793 1.81016e-05 3.30234e-05 0.0371055 
0.00373763 0.156952 0.0163034 0.00106038 0.00159937 3.67638e-06 0.00606706 1.20844e-07 0.42539 0.0846777 0.0406526 0.000266666 0.00107849 0.196116 0.0499177 0.00060703 4.72062e-07 0.000534248 0.0150357 
0.124764 0.166766 0.035581 0.000483685 0.000480888 7.49425e-05 8.27968e-05 8.44922e-07 0.359339 0.0114096 0.275828 0.000109465 1.81122e-05 0.0220234 0.000107398 0.00079949 1.34935e-06 0.000475424 0.00165481 
0.00643874 0.00409008 0.00939778 0.0788465 6.0621e-06 2.03988e-05 1.67827e-05 1.92676e-06 0.72906 0.0747534 0.0225275 0.0126682 0.00451222 0.0133812 4.33791e-05 0.000532036 0.00067027 6.22299e-06 0.043027 
0.0252628 0.0594306 0.00780965 0.000766677 8.01799e-05 8.33203e-06 0.000408477 5.95443e-07 0.78605 0.0214027 0.0504537 3.58936e-05 0.000880702 0.0139371 0.0177428 0.000157398 9.79253e-06 0.000916157 0.0146463 
0.0549822 0.100294 0.0653029 0.0848006 0.00459569 0.00013356 0.00510319 2.61417e-06 0.377912 0.0596506 0.0114117 0.0018638 0.0190682 0.167697 0.0077994 0.0124419 0.000220698 0.0154824 0.0112372 
0.0530934 3.5645e-06 0.187153 0.00666013 0.0730313 3.5876e-07 1.21504e-06 3.11354e-11 0.286508 0.229647 1.67466e-05 2.86412e-07 6.69759e-07 0.152264 1.42391e-06 0.00631461 1.61407e-06 0.00530156 8.12859e-07 
0.031018 0.011495 0.0293193 0.00348266 0.00687302 5.94956e-06 0.00454651 4.64348e-07 0.838724 0.0339386 0.014925 1.51473e-05 8.1881e-05 0.0141384 0.00132234 0.000975119 4.60581e-06 0.00287034 0.00626363 
0.0162748 0.0156024 0.00410544 0.000103183 3.05605e-05 5.44768e-06 0.000246159 3.88447e-08 0.847672 0.0178486 0.0629039 1.33779e-05 0.00152914 0.00366664 0.0131964 0.000107175 3.33206e-06 0.00037375 0.0163172 
0.0228713 0.079539 0.00825466 0.000492032 0.00209198 0.000176681 5.43237e-05 8.23571e-06 0.671844 0.0542929 0.0276211 0.000104754 0.0263078 0.0772277 0.0251926 0.000928787 1.48768e-05 0.000204516 0.00277286 
0.00153193 0.117714 0.024974 0.00823986 2.79668e-06 1.03952e-05 0.000405349 1.95428e-12 0.418753 0.019653 0.36221 0.000505169 0.0176632 0.0177398 0.000647886 2.01836e-05 1.09711e-05 0.000332593 0.00958599 
0.016232 0.0257734 0.00575751 0.000143783 0.000531914 1.20515e-05 2.34413e-05 8.78763e-07 0.698456 0.0548556 0.0102163 2.74451e-05 0.068431 0.0622654 0.0412406 0.000753973 4.43487e-06 0.0129728 0.00230158 
0.00819751 0.144785 0.0339242 5.01895e-05 0.00131838 2.30647e-06 6.05254e-09 2.94513e-11 0.648688 0.036839 0.109033 8.15989e-06 0.000159576 0.0100182 0.00496367 1.70735e-05 6.37671e-07 0.000171394 0.00182343 
0.0813099 0.00295185 0.224397 0.00742545 2.54693e-11 2.22455e-06 1.48351e-06 4.04482e-07 0.520941 0.0755291 5.28136e-06 0.000153045 2.90241e-06 0.0495958 4.94436e-07 0.027053 1.01275e-05 0.002581 0.00804054 
0.0878835 0.0655886 0.057193 0.00178471 0.023652 1.25117e-05 0.000392141 2.11884e-07 0.595491 0.0393057 0.0882558 0.00416425 0.000406521 0.0108908 0.0185303 0.00209558 7.08229e-05 0.00154179 0.0027405 
0.00618784 0.259452 0.0859348 0.000464485 2.31618e-06 8.21163e-06 4.47177e-05 1.42143e-09 0.314747 0.0807261 0.075936 2.80628e-05 0.00890026 0.132715 0.000815748 0.0311143 1.3869e-05 0.000289163 0.00261996 
0.0114352 0.095724 0.00756515 0.000197481 0.0006691 2.91094e-05 3.12246e-05 4.14463e-07 0.662593 0.039286 0.0646211 2.38038e-05 0.0277736 0.0622476 0.0170183 0.00054138 6.62764e-06 0.00738768 0.00284947 
0.00313099 0.204485 0.152096 0.178306 0.000218856 5.92623e-06 0.00217437 4.18058e-09 0.229267 0.0669099 0.0276964 1.49552e-07 0.00691564 0.0934198 0.0013535 0.0118374 0.00742875 0.00218083 0.0125739 
0.0131889 0.0209308 0.0198064 7.47918e-09 0.00139541 1.85194e-06 3.06453e-05 1.5706e-11 0.686464 0.0060483 0.243762 5.2753e-05 0.000100714 0.00487081 0.00267164 0.000134193 1.27214e-05 0.000205792 0.000323916 
0.0323422 0.118199 0.0799718 0.00109572 0.00466804 0.000182105 0.00787174 1.92439e-07 0.370633 0.0691838 0.174503 0.000546554 0.0105989 0.0937175 0.00855475 0.00146681 4.65001e-05 0.000387372 0.0260302 
0.121542 0.0994873 0.0179278 0.00394103 0.000487115 0.000206482 2.50744e-06 1.20423e-09 0.473763 0.0978091 0.0317812 0.000313545 0.00977381 0.121148 0.00660386 0.000210335 7.30116e-06 3.0668e-06 0.0149929 
0.183265 0.0445187 0.0649079 4.63341e-05 3.48053e-05 1.65704e-07 8.42721e-08 7.29469e-11 0.479785 0.00950881 0.177982 7.62098e-06 0.000111485 0.0144214 0.000244566 1.32267e-08 0.00496822 0.000574836 0.0196229 
0.208161 0.0937294 0.0384076 0.00576735 0.286822 9.98272e-06 0.000161445 4.36673e-09 0.288561 0.014467 0.0155988 2.15665e-05 2.97509e-05 0.0116591 0.026682 0.00499902 4.76316e-05 0.00258795 0.00228682 
0.00270516 0.252867 0.0123241 0.00238743 0.000647001 7.41021e-06 7.5946e-05 7.17541e-08 0.48235 0.018913 0.20859 4.0078e-06 0.00653502 0.0108872 0.000404637 4.65841e-05 2.94314e-08 0.000124786 0.00112991 
0.225639 0.0989229 0.14839 0.0012385 0.00765407 9.81458e-06 0.000123153 2.08281e-10 0.239437 0.00688015 0.22007 9.25274e-05 0.00011331 0.0140609 0.000419825 0.000114495 0.00011733 0.000743124 0.0359733 
0.0076582 0.00183526 0.0295704 0.000973491 2.06276e-06 1.08312e-06 2.75385e-05 8.73624e-09 0.712889 0.00448703 0.125434 0.0533566 0.0527869 0.0036756 0.00015107 6.91575e-05 0.0014272 0.000117945 0.0055367 
0.000754779 0.268926 0.0165883 0.000181791 0.00051029 8.61154e-06 1.5804e-05 0.00085269 0.380214 0.0332281 0.00485856 5.53046e-05 0.00451473 0.246152 0.0104469 0.00858149 1.02786e-08 0.000309645 0.0238007 
0.0129041 0.136167 0.058864 0.120235 0.0870423 3.66562e-07 0.000466025 9.82881e-08 0.427017 0.0790946 0.00131228 4.74702e-06 0.000575382 0.0481672 0.00403636 0.00150626 5.95511e-06 0.000483598 0.0221175 
0.0107811 0.125577 0.0370119 0.264551 0.000698836 2.09814e-05 0.000114754 6.12766e-07 0.367908 0.0325507 0.0224166 0.000191993 0.000518401 0.0114284 3.37665e-07 0.0059116 3.69243e-06 0.000346401 0.119968 
0.0165008 0.0708669 0.132062 0.00908666 0.00104696 1.17785e-06 0.00255014 1.40396e-08 0.422451 0.0709385 0.046368 0.0014102 0.00256312 0.0411905 0.00832002 0.00117647 0.0018682 0.00373635 0.167863 
0.0260999 0.0614867 0.216673 0.0434335 0.0139065 2.55406e-08 1.61009e-07 3.57719e-09 0.305839 0.187384 6.41485e-05 5.63863e-06 0.0213011 0.0786107 0.0403649 0.000455881 1.99533e-06 0.000294842 0.00407867 
0.0074312 0.151262 0.147531 0.00482843 0.00115053 9.50787e-06 0.000249775 5.12641e-08 0.328802 0.23902 0.0248866 6.38651e-05 0.00883478 0.0537544 0.0305752 0.000353829 8.32657e-06 0.000362639 0.000875828 
0.0876049 0.140955 0.0901697 0.00125342 0.000242195 9.70605e-07 0.000620869 2.00604e-05 0.259216 0.234185 0.106112 0.000124284 0.00157054 0.0593774 0.0102417 0.000280261 0.00225184 7.02793e-05 0.00570337 
0.067987 0.0782529 0.135732 0.00820286 0.00175707 7.03298e-06 0.0119614 0.0205368 0.291652 0.23778 0.051467 6.35882e-05 0.000271338 0.0477981 0.00181035 0.0010661 7.75369e-06 0.0104748 0.0331722 
0.0405287 0.157909 0.0595161 0.00235991 0.00360757 1.31492e-05 0.00024992 0.000450644 0.552605 0.0364639 0.0566003 6.35592e-05 0.0072837 0.0245041 0.0142594 0.00325165 0.000414637 0.00440468 0.0355137 
0.0219617 0.0336142 0.0116619 0.000807541 0.000482982 1.66299e-05 0.000629765 1.0652e-06 0.770604 0.0108729 0.120299 5.78762e-06 8.25853e-05 0.0250235 0.00147359 0.000343927 1.19655e-05 0.000309846 0.00179724 
0.248688 0.106876 0.0396349 0.0045444 0.00381381 3.09853e-05 0.001292 1.66047e-07 0.435038 0.0103113 0.0717245 3.56552e-05 6.13313e-05 0.0166124 0.00762797 0.000186968 8.33246e-06 0.00068278 0.0528307 
0.00502781 0.160308 0.0677827 1.14261e-05 2.22975e-05 8.60768e-07 5.52054e-05 3.9675e-12 0.726599 0.00968848 0.0279539 3.86928e-09 4.29814e-05 0.00127759 0.000699128 7.18992e-05 5.86212e-06 6.52313e-09 0.000452504 
0.0464004 0.109233 0.0777181 0.00398189 0.0145312 6.50443e-06 3.82157e-05 9.99771e-10 0.376938 0.0265662 0.192884 7.06404e-05 0.000286726 0.0121552 0.0160965 0.114874 0.000335588 4.30831e-05 0.00784141 
0.0114352 0.095724 0.00756515 0.000197481 0.0006691 2.91094e-05 3.12246e-05 4.14463e-07 0.662593 0.039286 0.0646211 2.38038e-05 0.0277736 0.0622476 0.0170183 0.00054138 6.62764e-06 0.00738768 0.00284947 
0.13713 0.115596 0.0647231 0.00289804 0.00163391 8.04827e-06 0.00589715 1.9533e-05 0.444714 0.120621 0.0800531 5.37191e-05 0.000114255 0.0168657 0.00559144 0.00209698 0.00137547 0.000401522 0.000207497 
0.181737 0.122499 0.0750136 0.00401547 9.72309e-05 4.54194e-07 0.000145592 0.00139292 0.366924 0.199807 0.00720412 1.17173e-06 0.00314379 0.00981028 0.0123275 0.00532244 1.00314e-05 0.00252336 0.00802455 
0.0241721 0.147615 0.0300095 0.00687283 0.00242381 2.32822e-06 0.000209044 0.00906467 0.521159 0.100327 0.0583994 1.17873e-05 0.00197819 0.0932376 0.00265387 3.69564e-05 8.50132e-06 1.79541e-05 0.00179976 
0.152407 0.0676004 0.0511967 0.0131392 0.00555043 2.96442e-05 0.00126671 0.00214984 0.315584 0.0568967 0.136947 0.00679443 0.00398111 0.0283597 0.010126 0.00189839 0.0698003 0.00408351 0.0721886 
0.0336664 0.114325 0.00529502 0.000321108 0.000486425 0.000161436 4.46182e-05 5.78971e-06 0.742129 0.00765666 0.0142956 0.000538858 0.0344492 0.0372924 0.000391526 0.00848074 8.05997e-06 1.7393e-05 0.00043491 
0.121156 0.107499 0.197346 0.000544008 0.00996194 8.68836e-08 0.00361435 2.45737e-10 0.425252 0.00431859 0.101584 8.0482e-06 0.000183785 0.0105591 0.00370237 1.0206e-05 5.82397e-05 0.0112071 0.00299482 
0.0172936 0.314167 0.0106593 4.93014e-05 0.000144417 5.13213e-06 1.20009e-05 2.08803e-09 0.421809 0.0833335 0.0536819 0.000799818 0.000359783 0.0318734 0.0193401 0.000228617 0.000616123 0.000732616 0.0448943 
0.000282376 0.0722543 0.0178721 0.0223742 0.00465197 1.19054e-05 2.03993e-05 7.21254e-06 0.453262 0.0460059 0.00215222 7.90795e-06 0.00236534 0.362595 0.000231132 0.00811648 5.29729e-09 9.61035e-05 0.00769329 
0.0348721 0.195157 0.194232 0.00123041 0.00379753 0.000107062 7.44791e-05 2.06481e-05 0.374984 0.0701714 0.0484368 9.06486e-05 0.0150458 0.0183965 0.0166696 0.000395709 0.000177825 0.000787231 0.0253532 
0.01411 0.0561962 0.085667 0.00827386 0.00655696 2.49194e-05 0.000107186 5.53604e-09 0.606392 0.0157654 0.00234832 4.43385e-05 0.00182399 0.0920322 0.0311176 0.000122714 5.1262e-05 0.000487314 0.0788782 
3.19349e-05 0.0657287 0.0195226 6.12518e-05 0.00324431 1.51383e-07 0.000431324 1.1758e-09 0.694834 0.131284 0.053604 3.1463e-05 0.0010575 0.0180552 0.0103948 0.000120308 1.87981e-06 8.93068e-06 0.00158708 
0.0186858 0.113854 0.036509 0.00461661 8.55459e-06 1.77739e-06 0.319556 3.83275e-09 0.458753 0.00344188 0.00246826 1.97766e-06 1.58855e-09 0.0403052 0.00161255 7.43798e-06 1.68252e-06 7.62145e-06 0.000168378 
0.0228658 0.0641372 0.0750348 0.0153715 0.00276005 2.1767e-07 1.74428e-05 0.000250497 0.532192 0.00834937 0.165205 0.000102758 7.38766e-05 0.00401039 0.00227811 4.43115e-05 0.00024369 0.000384445 0.106679 
0.0589115 0.13388 0.109798 0.00638667 0.00949605 6.40026e-05 0.00525039 8.18983e-05 0.372151 0.0634646 0.100664 0.00475466 0.00222439 0.0360629 0.0139995 0.00416865 0.00308499 0.00197865 0.0735785 
0.119408 0.04731 0.103513 0.000227946 0.00508279 2.1727e-05 8.18771e-05 2.14386e-11 0.366556 0.0328785 0.303929 0.000118041 0.00011318 0.00869994 0.00286331 0.000103317 0.00012635 0.00272528 0.00624098 
0.00486326 0.134425 0.0327277 0.000285885 0.000344982 0.000217029 0.00150364 6.4684e-06 0.318726 0.0838742 0.108391 0.000275329 0.0913135 0.164468 0.00694335 0.0441321 2.13255e-06 0.000443268 0.00705681 
0.132831 0.000160588 2.31206e-05 0.00977378 5.21626e-06 9.78354e-05 2.07577e-07 4.45751e-07 0.374303 0.127615 1.51758e-05 8.23812e-07 9.97391e-06 0.355003 0.000152414 4.55891e-06 1.14464e-06 2.29913e-07 2.29235e-06 
0.0536906 0.100374 0.0249932 8.87045e-05 0.0178198 6.10955e-05 1.35964e-05 1.81236e-11 0.387195 0.0535915 0.292391 0.00224378 0.000154155 0.00490362 0.0136662 0.000417736 0.000571416 0.000539728 0.0472852 
0.181413 0.160356 0.0304556 0.00132652 0.0142791 0.000115229 0.000122659 6.12923e-11 0.31874 0.0183377 0.182749 0.00517223 7.04475e-05 0.0520313 0.000783173 0.000257583 0.0001073 0.00250581 0.0311771 
0.00514524 0.176214 0.0544534 0.0353572 0.000680958 1.70152e-05 0.0623111 3.27803e-10 0.35615 0.0327451 0.0212413 7.29768e-05 0.027842 0.122284 0.0613025 0.000650209 5.13141e-06 0.00312097 0.0404073 
3.12968e-07 0.0468476 9.64863e-07 0.000309728 4.25927e-07 1.03491e-05 1.30121e-07 5.74166e-06 0.800675 0.00990685 0.00093063 4.14121e-08 1.28674e-07 0.0988573 0.00045346 0.000650906 5.19596e-08 6.1999e-07 0.0413497 
0.0252628 0.0594306 0.00780965 0.000766677 8.01799e-05 8.33203e-06 0.000408477 5.95443e-07 0.78605 0.0214027 0.0504537 3.58936e-05 0.000880702 0.0139371 0.0177428 0.000157398 9.79253e-06 0.000916157 0.0146463 
0.0439904 0.00964191 0.103061 0.16621 0.000142479 1.43144e-10 0.000233246 2.04991e-10 0.311636 0.270908 0.005116 1.47007e-06 2.887e-05 0.0064184 0.000144893 0.00165459 0.0228287 0.000142211 0.0578407 
0.0206952 0.107831 0.116298 0.00688275 0.00090689 0.000162184 1.47732e-05 1.37034e-09 0.266905 0.00918135 0.109182 1.19874e-05 4.35531e-05 0.100846 0.000127561 4.27643e-05 1.73409e-07 0.0305075 0.230361 
0.00622079 0.235296 0.0272105 0.000805175 0.000747509 7.04539e-12 0.000457112 1.00894e-11 0.590422 0.0118305 0.0893887 2.71124e-05 8.57535e-05 0.0296993 0.00709166 9.64121e-06 9.27359e-12 6.46385e-09 0.00070824 
0.00302976 0.0314572 0.0141437 3.13533e-08 0.00107065 2.24017e-07 0.000135451 1.2328e-10 0.888881 0.0302125 0.0170539 2.02721e-07 0.00331958 0.00649407 0.00310198 6.3144e-05 2.83476e-08 9.20093e-07 0.00103543 
0.122334 0.202906 0.0014749 0.0123355 0.00132108 0.000416187 0.000574417 2.11322e-10 0.396451 0.0158662 0.000963393 7.82749e-05 1.08459e-05 0.214986 0.00489079 0.000296002 0.0185354 1.08997e-10 0.00656099 
0.0264762 0.0309454 0.0122895 0.000165366 0.0084042 8.06801e-06 0.000144894 2.20161e-11 0.739867 0.0363497 0.0567208 8.75417e-05 0.0039734 0.0498693 0.0303254 0.00211556 9.30873e-06 0.000178895 0.00206947 
0.0369513 0.0912758 0.048846 0.00026368 0.00946781 7.17644e-06 0.00082085 8.5267e-12 0.672372 0.0334351 0.0310494 6.20049e-05 0.000470623 0.0330082 0.0204579 0.0141045 5.7849e-05 0.000213558 0.0071364 
0.00121275 0.282111 0.0356224 0.00198217 0.00226644 1.00162e-05 0.00032798 0.000612748 0.483444 0.0653264 0.0472524 0.000115444 0.00955887 0.0545645 0.00366662 0.000455256 9.25478e-07 0.00293341 0.00853722 
5.66279e-05 0.397312 0.00689805 1.43695e-05 1.18024e-05 3.16169e-06 1.32513e-05 2.72147e-12 0.506736 0.00859532 0.00999257 1.51644e-05 0.00399766 0.0634867 0.000119693 0.000512975 4.27908e-06 1.36073e-05 0.00221652 
0.0288761 0.212491 0.0199244 0.000851307 0.00219886 4.82994e-05 0.0053478 5.82305e-05 0.482086 0.0456556 0.0833453 5.94502e-05 0.00554668 0.0627974 0.027881 0.000803008 7.14015e-05 0.00163557 0.0203227 
0.180893 0.0718845 0.107821 0.00363083 0.00226841 0.0133921 3.75203e-06 0.058015 0.271744 0.13528 0.0658701 0.000202707 0.000326524 0.0289296 0.00418264 0.00295688 1.36998e-05 0.00184486 0.0507406 
0.00014649 0.0059811 0.000990965 2.96875e-09 3.54677e-09 8.20464e-07 6.70981e-05 9.8802e-09 0.86472 0.000169204 0.126804 3.31245e-06 8.85019e-05 0.000961631 1.78321e-05 4.44619e-06 9.96022e-06 6.06796e-06 2.90822e-05 
0.00257249 0.382897 0.0423771 0.00220846 0.00142606 8.57036e-06 0.000268533 2.13285e-06 0.473193 0.027956 0.0156348 0.000121127 0.00165224 0.0309244 0.0109707 0.000285539 1.85119e-05 0.000328414 0.00715488 
0.0234941 0.214051 0.0271466 0.00580661 0.00327571 0.000248437 0.000617516 9.80255e-06 0.396756 0.0523479 0.129394 4.11729e-05 0.00102269 0.0523851 0.0785724 0.00406895 0.000453302 0.00262752 0.00768211 
0.00159912 0.0365464 0.0131092 0.000427263 3.02515e-05 6.44839e-08 3.04656e-05 6.18882e-12 0.820774 0.0045047 0.103003 1.03744e-05 0.0172052 0.00114005 0.000123193 4.28211e-05 2.02126e-05 0.00016285 0.00127021 
0.0317653 0.133824 0.234894 0.0110996 0.00671433 0.000175498 0.00454252 2.67866e-10 0.44884 0.0279039 0.0655925 4.75674e-06 1.05907e-05 0.00193462 0.000289319 0.000241378 1.7755e-05 0.000363949 0.0317868 
0.0470572 0.116753 0.0656685 0.00496458 0.00708659 0.0006258 0.00179614 0.000668267 0.256764 0.170669 0.0343644 0.000503358 0.00222778 0.165591 0.0345796 0.0434498 0.00113424 0.00802806 0.0380691 
0.0252628 0.0594306 0.00780965 0.000766677 8.01799e-05 8.33203e-06 0.000408477 5.95443e-07 0.78605 0.0214027 0.0504537 3.58936e-05 0.000880702 0.0139371 0.0177428 0.000157398 9.79253e-06 0.000916157 0.0146463 
0.00168118 0.0977479 0.0117922 0.000483924 0.000187494 1.87904e-05 0.000211384 8.36043e-09 0.781712 0.0244929 0.0291086 3.22117e-05 0.000568928 0.0486576 0.000884019 0.000667294 8.18273e-05 0.000110812 0.00156144 
0.0123023 0.0427643 0.106071 0.0178525 0.0108389 4.82182e-05 0.0575233 2.95913e-06 0.254709 0.18272 0.198685 0.0128977 0.0050459 0.0430309 0.0264217 0.00675421 0.000385442 0.00567247 0.0162737 
0.0253558 0.15395 0.156334 0.0155204 0.00207432 1.27106e-05 0.000444105 9.03229e-05 0.351354 0.0849787 0.0526418 6.46817e-05 0.000560552 0.0838659 0.0112179 0.0134365 0.00199629 0.00199707 0.0441049 
0.075673 0.0271612 0.234042 0.000828877 1.39307e-06 7.96885e-07 1.14613e-07 6.77584e-07 0.62526 0.00241574 0.0109677 6.56044e-08 4.29812e-10 0.00247835 7.8885e-06 1.15816e-05 0.00016225 0.000966614 0.0200219 
0.0403684 0.018696 0.212407 0.0407079 8.35566e-05 1.41667e-08 0.000212102 3.74085e-05 0.418668 0.0367028 0.010255 0.000111104 0.000198136 0.0707602 0.000153046 0.000345292 5.18725e-05 0.000137529 0.150105 
0.158263 0.201418 0.065672 0.00361036 0.0118853 7.92884e-05 0.000818376 0.000645665 0.332738 0.0720431 0.0189091 1.61072e-05 0.00725486 0.0940514 0.00842475 0.00609464 6.26328e-05 0.00545572 0.0125578 
0.0114352 0.095724 0.00756515 0.000197481 0.0006691 2.91094e-05 3.12246e-05 4.14463e-07 0.662593 0.039286 0.0646211 2.38038e-05 0.0277736 0.0622476 0.0170183 0.00054138 6.62764e-06 0.00738768 0.00284947 
0.00508465 0.162327 0.0069742 0.00179228 0.00134686 0.000203461 0.000132369 9.56828e-11 0.486794 0.0663418 0.0082036 3.57311e-05 0.0124087 0.230374 0.00302178 0.00201625 1.87332e-05 0.000248057 0.0126762 
0.0280216 0.0542608 0.0223649 0.00856059 0.000261934 0.00141819 0.000117086 1.08604e-05 0.762851 0.0129139 0.0304952 0.0128977 0.000111259 0.0559323 0.00184262 0.00091665 0.000192406 0.000440549 0.00639074 
0.113592 0.0952975 0.168331 0.00159098 0.0203392 5.91939e-06 6.22857e-05 8.29016e-06 0.471409 0.0392667 0.0291076 2.39145e-05 6.37659e-05 0.0434282 0.000873069 0.00382066 0.000718717 0.000297113 0.0117641 
0.117772 0.0444363 0.0955946 0.000650918 0.00425327 1.49998e-05 3.40661e-06 2.15972e-07 0.565425 0.0457636 0.0816281 0.00141159 0.000737927 0.024482 0.0021224 0.00660917 0.000180691 0.000374903 0.00853852 
0.0162748 0.0156024 0.00410544 0.000103183 3.05605e-05 5.44768e-06 0.000246159 3.88447e-08 0.847672 0.0178486 0.0629039 1.33779e-05 0.00152914 0.00366664 0.0131964 0.000107175 3.33206e-06 0.00037375 0.0163172 
0.0051401 0.093457 0.0063827 1.34474e-05 0.000262616 1.14698e-05 1.89198e-05 5.09445e-12 0.650811 0.0275277 0.183911 2.82333e-05 0.00179436 0.0097225 0.0192759 0.000385078 1.51302e-05 2.81066e-05 0.00121518 
0.0242523 0.0869144 0.146955 0.00309658 0.00263988 9.70082e-06 0.000333562 4.78973e-05 0.528878 0.0730955 0.0174511 1.82754e-05 0.00169429 0.0271238 0.0395156 0.0137214 1.52327e-05 0.00137685 0.0328611 
0.0271076 0.0805174 0.20247 0.00211062 0.0033722 0.000442464 0.00026836 0.000466561 0.452182 0.0588346 0.0179083 0.000464309 0.0253034 0.0382936 0.0320445 0.0119655 0.0347736 0.000328798 0.011146 
0.0631885 0.0856288 0.0250581 0.00667751 0.00171148 2.02684e-05 0.00492585 0.00161257 0.393864 0.13135 0.0654698 0.000172165 0.000406421 0.130446 0.0588503 0.000878071 9.56085e-06 0.000192447 0.0295377 
0.00070108 0.189157 0.00435978 2.22691e-08 0.000160319 7.62786e-09 9.65252e-05 1.95029e-12 0.591718 0.102387 0.00875724 6.26974e-09 1.67566e-06 0.098014 1.63012e-06 0.00378787 2.00787e-08 1.00594e-12 0.000858177 
0.0432621 0.193617 0.0481313 0.000174563 0.00506586 0.000230897 2.03329e-05 2.08193e-11 0.4786 0.0382048 0.0878399 0.000330599 0.000161573 0.0789867 0.00937231 0.000520627 5.67037e-06 0.000505599 0.0149703 
0.00160531 0.00499663 0.00483798 2.15913e-05 0.000404704 6.26792e-06 9.65763e-05 1.6079e-12 0.816148 0.0336264 0.100378 3.14673e-05 0.0046171 0.00311208 0.0291683 0.000299303 9.08257e-06 1.14521e-05 0.000630262 
0.0321271 0.0556876 0.208299 0.0100145 9.02039e-07 9.01494e-07 9.01869e-07 9.01011e-07 0.5473 0.0225643 0.0397072 9.02346e-07 9.01952e-07 0.0627234 9.02443e-07 9.01804e-07 9.01142e-07 9.01786e-07 0.0215677 
0.0576335 0.100011 0.0523454 0.0102469 0.00226645 4.41155e-05 0.000541151 5.01794e-05 0.529711 0.0661762 0.1157 0.00741464 0.00210744 0.0211823 0.0124005 0.00134461 0.000635517 0.00443521 0.0157532 
0.0161263 0.0868678 0.00918249 1.50231e-05 0.000392562 3.24384e-05 1.93347e-05 9.49322e-12 0.675764 0.0324627 0.108806 0.000429902 0.0035545 0.0358191 0.00830023 0.000304396 1.05595e-05 5.42177e-06 0.0219079 
0.0131889 0.0209308 0.0198064 7.47918e-09 0.00139541 1.85194e-06 3.06453e-05 1.5706e-11 0.686464 0.0060483 0.243762 5.2753e-05 0.000100714 0.00487081 0.00267164 0.000134193 1.27214e-05 0.000205792 0.000323916 
0.0248312 0.0504432 0.00358303 4.62745e-05 0.00206701 7.02382e-05 6.18998e-05 1.49068e-12 0.695608 0.0433544 0.0241481 0.000149345 0.0788593 0.0464112 0.028713 0.000676174 6.49545e-06 0.000205167 0.000766278 
0.00160531 0.00499663 0.00483798 2.15913e-05 0.000404704 6.26792e-06 9.65763e-05 1.6079e-12 0.816148 0.0336264 0.100378 3.14673e-05 0.0046171 0.00311208 0.0291683 0.000299303 9.08257e-06 1.14521e-05 0.000630262 
0.0682332 0.060929 0.0675639 0.000202195 0.00456572 7.73251e-06 5.94319e-05 2.45505e-12 0.391081 0.049841 0.287838 0.0025353 0.0100586 0.00430919 0.0334956 0.000570258 0.000843101 0.00294389 0.014923 
0.0529436 0.028904 0.101195 3.45238e-06 0.00723013 0.000116605 0.000107176 0.00204335 0.542692 0.0594271 0.0736497 2.18187e-05 0.0219641 0.0169074 0.0516871 0.0045125 0.000154802 0.0338971 0.00254373 
0.191345 0.0238605 0.0444972 0.00538273 0.00503143 6.91432e-06 0.000193009 0.000779136 0.343078 0.280572 0.0456115 4.2958e-05 0.000335158 0.00757946 0.0174463 0.00276635 8.99742e-05 0.00181861 0.0295634 
0.00574398 0.129637 0.1372 0.023131 0.000785181 0.000138218 0.000799595 4.62701e-10 0.340399 0.0953221 0.0836033 2.90906e-05 0.00258618 0.042791 0.0363476 0.00110585 0.000356417 0.0619483 0.0380772 
0.231359 0.199112 0.0215537 0.00144919 0.000113808 2.26506e-06 0.000671933 0.0270383 0.387287 0.0793448 0.0342349 1.99632e-05 6.54981e-06 0.00367792 0.0076838 0.00487269 0.000944819 0.000189593 0.000437752 
0.00269571 0.00341705 0.00377909 5.01603e-08 0.000804308 1.26312e-05 4.05038e-06 9.59534e-10 0.732227 0.000122612 3.25723e-05 1.80136e-06 7.07226e-06 0.0283994 2.64261e-06 4.70441e-07 1.4572e-06 2.68256e-07 0.228492 
0.00855759 0.0449304 0.0157609 0.000797037 0.000363966 4.38645e-05 0.0110031 5.09678e-10 0.299766 0.0884461 0.156403 0.00411472 0.162431 0.0602281 0.0843273 0.00239642 0.000506476 0.000999454 0.0589243 
0.0134366 0.405568 0.00708594 0.00108326 0.000836479 0.000229818 0.000895038 3.36553e-08 0.451067 0.0193016 0.0166798 4.69479e-05 0.00988372 0.0707335 0.00152414 6.84111e-05 5.24687e-05 3.66571e-05 0.00147076 
0.0950868 0.0578899 0.0125788 1.05458e-06 0.0025488 7.66469e-06 1.58855e-05 1.46504e-07 0.59174 0.0184157 0.174558 2.11786e-06 0.00602847 0.00263546 0.0366012 0.0002298 2.05878e-07 0.000135431 0.00152451 
0.0162748 0.0156024 0.00410544 0.000103183 3.05605e-05 5.44768e-06 0.000246159 3.88447e-08 0.847672 0.0178486 0.0629039 1.33779e-05 0.00152914 0.00366664 0.0131964 0.000107175 3.33206e-06 0.00037375 0.0163172 
0.0419409 0.0459144 0.0256791 0.0065262 0.00036089 2.18293e-05 3.95884e-05 3.28765e-06 0.625156 0.133251 0.0346344 0.00120651 0.000396575 0.00533367 0.0020455 0.00163388 0.0652178 0.000296298 0.0103423 
0.10671 0.165622 0.0793171 0.00173369 0.000323975 1.77622e-05 0.000310468 0.00215553 0.489072 0.0457315 0.0917095 0.000324344 0.000452755 0.00976765 0.00278342 0.0013261 8.84655e-05 1.62344e-05 0.00253748 
0.000540669 0.27231 0.215905 0.000291376 0.00103515 4.31626e-06 8.47587e-05 1.19638e-09 0.487125 0.00654795 0.00577123 3.25773e-06 0.000698436 0.00504446 0.00233668 0.000783781 0.000540532 8.96179e-05 0.000889027 
0.105694 0.208037 0.181838 0.00321233 0.00711951 0.000143846 0.000604702 5.19537e-05 0.24107 0.0898925 0.0922089 8.86372e-05 0.000676431 0.0316749 0.0102313 0.00220904 3.21025e-05 0.00370592 0.0215095 
0.0308732 0.141798 0.0924105 0.00920309 0.00715152 9.4415e-05 0.00340346 0.000543176 0.254132 0.142149 0.0467243 0.00183246 0.00407104 0.125491 0.0275164 0.078679 0.00106323 0.00515082 0.0277141 
0.0616971 0.0453993 0.086231 0.00374381 0.000319296 1.56805e-06 0.000178023 3.64905e-07 0.553455 0.0372296 0.17283 1.0519e-05 6.06373e-05 0.00606555 0.0209277 0.000289293 0.00148568 0.0019519 0.00812393 
0.124488 0.140256 0.0542356 0.0527478 0.0160724 2.1742e-05 0.00500157 6.54046e-08 0.481836 0.0347932 0.0194268 1.10168e-05 0.00012788 0.0179229 0.0104977 0.0162838 2.95023e-05 0.000391038 0.0258566 
0.093301 0.0552213 0.0224039 0.00252593 0.000119912 0.0675974 0.000187209 4.30262e-10 0.384123 0.267112 0.0285519 5.60412e-05 0.00664082 0.00799466 0.0482644 0.00402892 5.0073e-06 1.28019e-07 0.011866 
0.0403684 0.018696 0.212407 0.0407079 8.35566e-05 1.41667e-08 0.000212102 3.74085e-05 0.418668 0.0367028 0.010255 0.000111104 0.000198136 0.0707602 0.000153046 0.000345292 5.18725e-05 0.000137529 0.150105 
0.000103267 0.233623 0.00446957 1.33637e-09 1.18021e-05 1.76945e-06 3.48677e-09 2.49375e-12 0.69546 0.0090417 0.01286 1.28109e-05 0.000369935 0.0415714 0.000259476 0.000218896 4.27872e-06 7.00917e-09 0.00199186 
0.031425 0.0404305 0.00663746 9.19157e-05 0.000618356 5.40126e-06 2.6915e-05 2.33221e-08 0.781495 0.0320339 0.00477704 2.92699e-05 7.8763e-05 0.011494 0.0652504 9.25728e-05 9.61348e-09 2.98469e-05 0.0254842 
0.0444662 0.0695701 0.0857953 0.0137986 0.00698948 0.000178815 0.00713725 8.82637e-05 0.232594 0.107575 0.126624 0.00510226 0.000901822 0.0888545 0.0209344 0.067331 0.000621258 0.00696301 0.114475 
0.0911026 0.056877 0.0365531 0.0373222 0.0122293 0.000252466 0.014528 8.80686e-06 0.389827 0.0391348 0.149779 0.0116904 0.00122474 0.129143 0.00964329 0.013681 0.000151602 0.00045069 0.00640132 
0.0045393 0.379158 0.0330358 0.000682795 0.00128261 4.32312e-09 0.00016536 1.58878e-11 0.468909 0.0252844 0.0176179 3.00895e-05 0.0357671 0.0306665 0.00056838 3.48536e-06 2.1304e-06 3.49659e-07 0.00228707 
0.0877842 0.111232 0.087349 0.00273657 0.00140049 7.85948e-05 9.88765e-05 3.3458e-09 0.398908 0.0672579 0.0595262 3.08098e-05 0.000593363 0.0120133 0.00560255 0.017516 0.00586649 0.000567107 0.141438 
0.0945399 0.311179 0.0471439 0.00597134 0.000287739 5.45975e-05 0.000915171 9.68573e-05 0.323499 0.0179141 0.113997 3.84001e-05 0.00235803 0.0413412 0.0157211 0.000181192 8.02747e-05 0.000698423 0.0239824 
0.0254452 0.226562 0.0628134 0.00836366 0.00228325 2.87566e-05 0.00476577 8.94771e-07 0.429854 0.0569484 0.0638069 0.0142259 0.00314687 0.0605959 0.021169 0.000963206 4.51813e-05 0.0105562 0.00842537 
0.0268327 0.0836413 0.114569 0.00656547 0.0032169 2.72835e-07 0.00414903 5.29458e-05 0.39461 0.0652433 0.032374 5.40805e-05 0.00179966 0.158572 0.0224281 0.00409139 0.00128835 0.0445221 0.035989 
0.0579031 0.233923 0.132865 0.00475895 0.0166311 2.21645e-05 0.000393562 0.0003855 0.309949 0.0637671 0.0618941 0.00301348 0.00147392 0.02202 0.0197941 0.00225943 0.00326361 0.00148955 0.0641933 
0.00891318 0.135896 0.358214 0.00349811 0.00407559 4.19286e-05 0.00025347 0.000626739 0.375375 0.0410442 0.022209 0.000953138 0.002828 0.0120983 0.0259596 0.000818178 0.00010537 9.60159e-05 0.00699406 
0.0162748 0.0156024 0.00410544 0.000103183 3.05605e-05 5.44768e-06 0.000246159 3.88447e-08 0.847672 0.0178486 0.0629039 1.33779e-05 0.00152914 0.00366664 0.0131964 0.000107175 3.33206e-06 0.00037375 0.0163172 
0.0110829 0.177888 0.175518 0.0338281 0.000396747 3.45508e-06 8.45019e-06 0.000183828 0.459799 0.0613138 0.0368505 1.81792e-05 0.000130047 0.0186209 0.00294697 0.000702245 0.000229705 0.00109839 0.0193812 
0.00910552 0.197162 0.0729582 0.0224184 0.00044971 1.33865e-08 0.000543856 9.46979e-12 0.495234 0.102706 0.00517077 9.47766e-09 0.0122334 0.0335178 0.00171211 0.00102217 1.1949e-06 0.00260809 0.0431567 
0.00147341 0.203715 0.0332983 0.00181949 0.000281353 9.22045e-06 2.33966e-05 2.46799e-11 0.466293 0.108884 0.080049 5.23444e-05 0.00896248 0.0840432 0.00268706 0.000104898 1.22513e-05 4.81487e-05 0.00824404 
