0.161555 0.165439 0.00833719 6.42183e-05 0.00546049 0.000377652 1.77228e-05 4.98168e-09 0.0583164 0.402908 0.0125436 3.21622e-06 0.00131541 0.0331435 0.148753 9.75803e-05 4.875e-05 5.88263e-05 0.00156089 
0.000645215 0.0719989 0.0114434 0.00196028 0.000179945 4.28014e-11 0.00292373 1.3524e-08 0.00377258 0.636954 0.00167335 5.44535e-06 0.0298616 0.0125804 0.18492 0.00784642 0.000961068 0.00263574 0.0296385 
0.00575479 0.0488844 0.17736 0.172357 0.0274554 0.000369108 6.38399e-05 8.60596e-06 0.0648319 0.309406 0.00457637 0.000191681 5.34779e-05 0.13715 0.0029181 0.00388605 6.03621e-05 0.0117531 0.0329199 
0.00370948 0.00622932 0.000965093 7.28701e-05 7.26277e-05 6.80888e-06 0.000281603 1.0903e-06 0.144027 0.454363 0.0149535 7.14494e-06 0.225351 0.0202031 0.110299 0.00183917 0.000224887 0.0100872 0.00730551 
0.0537862 0.0832359 0.0671504 0.0135478 0.00459055 0.000153019 0.00386984 0.000536697 0.108007 0.392938 0.024814 0.00101146 0.00443871 0.140385 0.0336316 0.0306566 0.00182622 0.00685064 0.0285711 
0.0127961 0.0297222 0.0460442 0.0200741 0.00171454 1.38871e-05 0.00246531 4.17723e-05 0.0415322 0.713372 0.00365626 8.37642e-05 0.00134096 0.0701528 0.0284096 0.00342732 0.0164043 0.0037339 0.00501467 
1.22044e-05 0.0117556 0.0164383 7.80681e-05 1.99655e-07 4.14158e-07 3.46857e-05 0.000415737 0.0668558 0.638033 0.000227875 7.21801e-07 0.0144541 0.0209432 0.229811 8.21671e-06 1.177e-06 7.69828e-08 0.00093035 
1.17292e-05 0.0349067 0.00154955 2.11591e-08 2.88396e-05 7.5698e-09 0.000563449 5.17561e-10 0.0363967 0.470152 0.0219991 6.89399e-09 0.00884392 0.0288732 0.175741 0.219481 4.7571e-10 0.000295274 0.00115768 
0.0145101 0.0375791 0.010894 0.0152861 0.00165652 1.17388e-05 0.00155523 0.000619333 0.0613376 0.698576 0.0432142 0.00133206 0.00763704 0.0224504 0.0584349 0.00369432 0.000994118 0.000623229 0.0195941 
0.0161084 0.0476847 0.0230453 0.0262389 0.00197806 2.99707e-05 0.0025977 0.000373743 0.052781 0.641755 0.0107402 0.000588188 0.00668852 0.0475503 0.0788866 0.0301979 0.000906938 0.00262177 0.00922701 
0.00587125 0.0956929 0.0318489 0.000169611 0.000213042 5.29923e-05 0.00461469 4.29512e-09 0.0723861 0.39831 0.0295035 4.36155e-05 0.00116723 0.34982 0.00712479 0.000640788 1.36512e-05 1.4303e-05 0.00251255 
0.00562315 0.0749134 0.0790435 0.0680501 0.000864473 1.00094e-05 0.00180975 1.0493e-08 0.0782486 0.532288 0.0280419 6.44941e-05 0.00498479 0.060291 0.0442903 0.00487329 3.8261e-05 0.00179029 0.0147746 
0.015789 0.0345776 0.194627 0.00215995 0.000708533 1.95197e-09 7.79309e-05 4.36604e-06 0.0481305 0.288236 0.00200858 3.96626e-06 0.0792998 0.278936 0.0011035 0.0216131 3.65637e-07 0.00417444 0.0285494 
0.00643862 0.0486663 0.0303112 0.00203921 2.46223e-05 0.000507708 0.0112059 4.4941e-09 0.0774245 0.509342 0.0265637 3.33982e-05 0.00122801 0.208813 0.052192 0.00146174 8.47193e-07 0.000116856 0.0236304 
0.00511176 0.0605869 0.0268786 0.385681 3.87554e-05 7.7764e-05 2.15099e-06 6.02788e-05 0.0520647 0.428736 0.0052793 3.49859e-06 0.00129389 0.0165425 0.00245323 0.0101254 9.95571e-07 1.02034e-09 0.00506311 
0.00140984 0.174449 0.00613734 0.00124491 0.000129014 1.58605e-05 0.00233428 5.89071e-07 0.0515373 0.434818 0.0144152 7.44433e-05 0.000421282 0.28115 0.0237706 0.000167365 7.49241e-08 0.000292317 0.00763229 
0.0107695 0.211939 0.0527785 0.00216907 0.00131385 1.72758e-05 0.00570121 1.83822e-08 0.103241 0.34714 0.0245721 8.46517e-05 0.0387607 0.115772 0.0585813 0.00208288 0.0104522 0.00786063 0.00676425 
0.0120745 0.00754627 0.0049171 0.020358 0.000213728 7.11241e-08 3.4913e-05 4.5692e-10 0.0466002 0.85129 0.0010372 3.75717e-07 0.00474095 0.00800905 0.0348772 0.0058305 7.00265e-05 3.05352e-06 0.00239646 
0.000546582 0.00354091 0.0027591 2.48941e-08 0.000295418 8.69071e-09 4.67718e-05 2.14976e-11 5.46793e-08 0.884815 0.00136535 8.42369e-09 0.035457 0.018135 0.000494762 0.000836133 1.97593e-11 6.12125e-08 0.0517077 
0.0223906 0.120389 0.0443641 0.0104732 0.0018216 5.84989e-05 0.000972996 6.16141e-07 0.118925 0.35004 0.0132602 0.000179763 0.010554 0.281556 0.00276806 0.00132621 7.94476e-05 9.73254e-05 0.0207437 
0.000298047 0.176071 0.00903469 0.0577465 8.189e-06 4.00029e-06 0.000357584 3.10588e-11 0.0809643 0.40578 0.00301858 8.23359e-05 0.00409503 0.17315 0.0718544 0.000421481 7.13544e-05 3.63913e-08 0.0170426 
0.0141823 0.0209515 0.0437519 1.63041e-05 3.17679e-05 1.08815e-08 0.00101919 1.5583e-08 0.183784 0.35531 0.0107852 8.50885e-05 0.0024126 0.308075 0.007339 0.0280768 0.000158967 1.54666e-05 0.0240047 
0.00943658 0.0252192 0.0456584 0.0111783 0.000357815 9.86892e-06 0.000203482 4.31333e-05 0.0528596 0.630745 0.0145848 6.71766e-05 0.00758449 0.0198898 0.148621 0.00412781 0.00116078 0.0171729 0.0110799 
0.0584543 0.0375684 0.0180816 0.0012235 0.00780407 0.035056 6.33667e-06 1.07897e-08 0.112048 0.596376 0.0633106 6.71658e-05 0.00118693 0.00466302 0.0452047 0.00341702 0.000108332 0.000105324 0.0153193 
0.0041144 0.00577271 0.0177995 0.00112284 0.000343846 5.85084e-06 0.00092456 6.91419e-10 0.0078255 0.657835 0.000904597 6.29827e-06 0.0416518 0.0318132 0.189792 0.0221136 6.85257e-06 0.0131992 0.00476845 
0.098557 0.0726385 0.10252 0.00533662 0.00371906 0.000190101 0.00148311 0.00147632 0.102453 0.381258 0.0109607 0.000114383 0.000268848 0.127824 0.0264171 0.00360542 0.000559633 0.0022722 0.058346 
0.00841823 0.0178305 0.00875108 0.00262108 0.000114019 5.96652e-06 0.000147865 3.28064e-09 0.0321475 0.69808 0.085403 0.0021595 0.00824342 0.0104433 0.0749078 0.0191867 0.00765912 0.00027589 0.0236049 
0.0733683 0.0799012 0.0472617 0.0201462 1.43389e-05 0.000114229 0.000586128 0.000804543 0.0539441 0.440107 0.0193615 1.64988e-05 0.0127366 0.179361 0.00337847 0.00104491 0.00113944 0.0313613 0.0353535 
0.00759937 0.0213612 0.0350756 0.00832554 0.000774411 1.61157e-07 0.000502479 0.00267918 0.0722333 0.507223 0.00236976 3.60591e-05 0.0373274 0.0394514 0.229681 0.00172007 0.0180013 0.000140471 0.0154986 
0.0342246 0.0760923 0.0395221 0.01888 0.00531568 0.000641532 0.00314859 2.21492e-05 0.0911418 0.4716 0.0181543 0.000944463 0.0198582 0.127974 0.0639931 0.00973023 0.000692514 0.0039219 0.0141423 
0.0251474 0.0192701 0.150812 0.0163393 8.26431e-07 4.80614e-05 0.000259191 4.42815e-11 0.10172 0.457236 0.0349641 7.7757e-09 1.8697e-05 1.76711e-07 3.02074e-07 0.00218748 0.000326638 4.66686e-05 0.191624 
0.00130001 0.00657815 0.00377001 0.000264891 0.00012889 1.22186e-06 4.50117e-05 8.3214e-12 0.0029799 0.947168 0.00300263 2.37688e-05 0.00455019 0.0149419 0.000165691 0.000211424 1.65897e-09 9.50866e-05 0.0147727 
0.00886861 0.0381609 0.184973 0.000611546 4.02872e-05 0.0836038 9.05189e-06 3.08929e-05 0.00571859 0.305747 0.00382942 6.15059e-05 0.0109064 0.301008 0.0439339 0.006461 9.10278e-07 0.000170785 0.0058647 
0.0374181 0.0217099 0.0546367 0.00764124 6.61331e-06 1.63358e-07 0.0267434 3.50923e-09 0.0172962 0.295117 0.00778109 4.27647e-05 0.0343284 0.258434 0.227106 0.00749971 0.000808825 0.0020403 0.00138919 
0.00595976 0.00292126 0.0102544 0.0056547 2.42519e-05 1.90083e-09 2.55284e-05 5.61263e-07 0.0251899 0.81393 0.007017 1.3021e-06 0.00109866 0.001321 0.0418164 0.0816756 0.00209911 0.000265057 0.000745287 
0.0476235 0.0968214 0.0144267 0.0118693 0.000947249 1.5598e-05 0.000183364 6.01943e-08 0.0620958 0.451834 0.018346 0.0352881 0.0324776 0.051157 0.00639162 0.0775789 3.98377e-05 0.00710455 0.085799 
0.00601384 0.0437386 0.145804 0.0230972 0.00112545 1.21919e-05 0.000709992 0.00552226 0.0169878 0.668906 0.0108186 1.27231e-05 0.00143034 0.0418791 0.0165262 0.0142256 1.1067e-06 0.0013554 0.00183388 
0.000188947 0.0290124 0.00240435 0.00190298 2.54889e-05 8.23755e-07 3.37014e-06 9.54125e-11 0.201402 0.728976 0.00543838 1.56933e-06 0.00264615 0.00354461 0.0149551 0.000925595 5.50267e-07 5.99366e-07 0.0085704 
0.00574669 0.0404881 0.0185374 3.42241e-05 0.00098673 2.31012e-05 0.00306602 8.62887e-11 0.135487 0.36224 0.00817922 5.49846e-05 0.28558 0.021764 0.0784596 0.0290829 6.84562e-05 8.71093e-05 0.010114 
0.00382403 0.0636253 0.0132374 8.93161e-10 0.00432888 9.34019e-06 0.000194395 3.78335e-10 0.101766 0.29287 0.0221908 0.000243688 0.0698717 0.173462 0.0379104 0.211145 2.5152e-08 1.17568e-07 0.00532094 
0.0031757 0.0440254 0.0319714 0.00777347 0.00220582 2.39969e-06 0.00155339 2.52963e-06 0.0740946 0.683569 0.00245087 3.49657e-05 0.00742328 0.0247402 0.105327 0.00896669 5.48284e-05 1.80728e-05 0.00260985 
0.0034036 0.00755022 0.038852 0.00192475 2.40842e-05 3.6115e-10 1.88672e-05 5.17189e-10 0.000449264 0.935129 0.000547945 8.52596e-11 2.14357e-10 0.000408353 6.25852e-08 5.30552e-05 4.75368e-10 0.0109196 0.000719041 
0.00369095 0.0730139 0.0208298 0.0056769 0.000161389 2.90779e-06 0.00631195 1.41458e-05 0.0633356 0.416908 0.0139003 3.78091e-05 0.00128627 0.0129688 0.353424 0.00265108 0.000677437 0.0191704 0.00593815 
0.0034036 0.00755022 0.038852 0.00192475 2.40842e-05 3.6115e-10 1.88672e-05 5.17189e-10 0.000449264 0.935129 0.000547945 8.52596e-11 2.14357e-10 0.000408353 6.25852e-08 5.30552e-05 4.75368e-10 0.0109196 0.000719041 
0.00670668 0.0541175 0.0175693 0.00566278 9.30741e-05 1.56204e-06 0.0283078 4.89591e-06 0.0677545 0.730337 0.00938387 4.38731e-05 0.00241712 0.0617095 0.00607046 0.00727985 9.63597e-06 9.47445e-05 0.00243553 
0.0089166 0.0474713 0.0608839 0.018448 0.000247081 1.98082e-05 2.48416e-06 0.0114445 0.065636 0.355676 0.0266429 8.88711e-05 0.270316 0.0195688 0.108919 0.00202511 1.55578e-06 5.13946e-05 0.00364138 
0.000977759 0.0149346 0.00542409 2.19867e-05 2.87879e-05 2.48606e-06 1.19429e-05 1.12292e-07 0.0448385 0.479742 0.00108034 6.05422e-05 0.00703598 0.00482614 0.42578 0.000256925 0.00116967 8.96914e-06 0.0137995 
1.4854e-07 8.41017e-07 3.29038e-07 1.49388e-07 1.83801e-07 7.40226e-12 8.93003e-07 1.06005e-11 1.87633e-07 0.856179 0.003394 2.23699e-08 0.0269977 0.00907226 0.104351 1.03412e-06 1.57851e-07 3.01271e-07 2.35504e-06 
0.0306007 0.010322 0.105396 0.00304799 0.00524233 0.000226681 0.000962662 3.77207e-07 0.165225 0.305946 0.016893 0.00114826 0.00220634 0.283364 0.00376652 0.00163526 2.90419e-06 5.72391e-05 0.0639569 
0.00104462 0.00879134 0.00296908 0.000256993 3.18873e-05 3.41589e-07 0.000326364 2.40383e-09 0.00992726 0.969754 0.00181693 1.53492e-05 9.13282e-05 0.00399719 0.000196945 8.55886e-05 7.99653e-08 2.85273e-05 0.000665961 
0.0413758 0.0288055 0.0183067 0.00397787 0.000377823 2.57111e-05 6.58463e-05 1.86816e-07 0.122079 0.611814 0.0234226 3.78704e-05 0.00564997 0.0160083 0.0769315 0.0040922 0.00190861 0.0375329 0.00758685 
0.0785452 0.182638 0.0262648 0.022036 0.00192002 0.00125484 0.000426051 0.000122339 0.0711121 0.388094 0.0246457 0.000201614 0.0265713 0.10966 0.0395943 0.0074414 1.43442e-05 0.00102705 0.0184309 
0.00835275 0.0473061 0.0229363 0.0744715 0.00136269 1.4443e-05 0.0199221 1.19035e-07 0.0655638 0.386584 0.00583252 0.000604856 0.311095 0.0110477 0.0214316 9.51862e-05 1.46605e-07 0.0202625 0.00311654 
0.00769098 0.0270718 0.0466085 0.00396913 3.55362e-05 9.29365e-09 0.000132768 1.66639e-07 0.00760393 0.89407 0.00101019 7.92019e-08 2.26775e-08 0.000790921 0.000185354 9.12918e-05 1.17709e-06 0.00964403 0.00109392 
0.022934 0.108745 0.0119529 0.0350414 0.0134285 3.28177e-05 0.000306914 3.624e-06 0.162638 0.503351 0.0395801 0.00472037 0.000214758 0.0480969 0.00564211 0.0057164 0.0107618 0.0108193 0.0160142 
0.00217034 8.0084e-08 0.0029166 1.70462e-11 0.000214512 3.54723e-06 0.000214405 5.67311e-11 0.00890258 0.443696 2.07964e-05 9.35223e-12 0.181803 7.845e-05 0.358255 0.000340649 4.73997e-08 0.000360921 0.00102326 
0.0311093 0.0964803 0.0621406 0.00170813 0.00226531 6.95237e-05 0.0163074 1.16734e-07 0.0663561 0.275684 0.0394074 6.8103e-05 0.0360344 0.210296 0.030387 0.0133845 0.000181408 0.0962581 0.0218624 
0.00473419 0.15813 0.00614818 0.0052642 0.000701436 3.62759e-06 0.002146 1.15672e-08 0.179343 0.442553 0.00683574 0.000291404 0.000632382 0.0240986 0.102991 0.00373279 1.38254e-06 0.000648107 0.0617446 
0.00847741 0.00811409 0.0654506 0.00577266 1.05047e-05 2.97506e-08 0.0193755 0.00539251 0.0141264 0.816826 0.00535347 7.2866e-06 0.000128731 0.033638 0.0019913 0.0135645 0.00017635 9.3112e-05 0.00150146 
3.43166e-07 0.00495569 0.00237058 3.09765e-05 0.000220383 5.99676e-10 0.00144979 8.58773e-10 0.00673275 0.61733 0.0128064 1.70299e-05 0.243916 0.0644306 0.0360616 0.00106654 0.000411184 7.48967e-05 0.00812538 
0.00559793 0.0941767 0.130111 0.00878303 0.000827723 8.06319e-11 1.88339e-05 8.22848e-09 0.198056 0.287441 0.0176283 1.32577e-05 2.24259e-07 0.0699819 0.00365621 0.019124 0.0144702 0.000285092 0.149828 
0.00872742 0.00489621 0.00366804 0.000149638 0.000919762 5.68971e-06 0.000615677 2.19429e-10 0.0548525 0.644665 0.0128625 6.14239e-06 0.0786463 0.134756 0.0244914 0.026802 7.68585e-07 0.000121419 0.00381374 
0.168597 0.0220074 0.210007 3.14226e-07 0.00166216 3.62103e-07 2.54935e-05 8.35164e-09 0.0343275 0.446414 0.0127696 2.11944e-06 0.000612472 0.0536282 0.0018009 0.0129155 1.56176e-07 0.0323848 0.0028454 
0.056319 0.0151666 0.00911185 0.104349 7.09377e-07 2.20289e-07 0.000949546 0.00823983 0.0202195 0.408587 0.0153284 0.000400398 0.147064 0.201539 0.00120898 8.22645e-05 1.61963e-07 6.8182e-07 0.0114326 
0.00557028 0.0100713 0.00812424 0.000172883 0.000343036 0.000134856 0.000958172 1.31026e-06 0.0908736 0.411132 0.0580817 0.00120692 0.159692 0.0544913 0.152936 0.00086137 0.00177514 0.00574569 0.0378286 
0.0062887 0.00971115 0.00525613 6.35068e-05 0.000421737 4.51643e-06 0.000632068 1.46945e-05 0.074336 0.377234 0.0102291 1.80546e-05 0.174865 0.0368468 0.272071 0.00131493 0.00808115 0.0131108 0.00950116 
0.00653975 0.181847 0.0164727 0.0493005 1.14232e-05 0.00161846 0.000694062 1.90253e-08 0.198118 0.303163 0.00884189 0.0163947 0.0198375 0.129543 0.0329574 0.0326167 0.000635041 3.53379e-05 0.00137415 
0.00176323 0.152949 0.00886542 0.000501858 0.000605468 3.71671e-05 0.00268089 3.70259e-05 0.0441624 0.370037 0.0062357 0.000231295 0.00197496 0.230391 0.15685 0.00409627 0.000392497 0.000245055 0.0179433 
0.00717576 0.0163262 0.173586 0.244028 4.9714e-05 5.37224e-07 0.0245282 0.000188559 0.0228447 0.382347 0.0236042 2.51586e-05 0.000469206 0.0810719 0.00055075 5.13253e-05 0.00010005 3.96816e-07 0.0230525 
0.00637256 0.0477282 0.0168058 0.0154646 0.000156682 7.7567e-06 0.000372578 0.00227758 0.0326607 0.509694 0.00617133 9.73377e-05 0.0116873 0.0106622 0.331481 0.00223334 0.000617209 0.00112999 0.00437915 
0.0178768 0.105944 0.0264459 0.00108048 0.000152054 1.19356e-05 0.0191803 0.000368356 0.0823623 0.658466 0.0148574 3.3377e-05 0.00120619 0.0494012 0.0146565 0.00103068 0.000367243 0.000319937 0.00623938 
0.000546582 0.00354091 0.0027591 2.48941e-08 0.000295418 8.69071e-09 4.67718e-05 2.14976e-11 5.46793e-08 0.884815 0.00136535 8.42369e-09 0.035457 0.018135 0.000494762 0.000836133 1.97593e-11 6.12125e-08 0.0517077 
0.0217738 0.0271219 0.0300978 0.0060335 0.000371066 0.000131038 0.00895111 0.00390629 0.00720072 0.638633 0.00074921 0.000128535 0.0477854 0.0396009 0.106159 0.00696974 0.000351355 0.00136176 0.0526733 
3.44006e-05 0.0234306 0.00473252 3.46947e-05 2.70484e-05 2.58551e-05 0.000580714 6.74272e-10 0.127661 0.446456 0.0153724 0.000167499 0.133378 0.0628838 0.18272 0.000870935 1.72624e-05 3.55565e-05 0.00157144 
0.00396966 9.23081e-07 0.00277006 9.2266e-07 9.22571e-07 9.22013e-07 0.206248 9.21519e-07 0.0335086 0.649664 0.0125531 0.000831519 9.22482e-07 0.00747742 0.0691326 0.0126368 9.21653e-07 9.22312e-07 0.00120072 
0.0173874 0.0215328 0.0117636 0.0017873 0.00024119 3.74072e-07 0.00287623 1.03001e-08 0.04494 0.765839 0.0259215 9.79749e-06 0.0407347 0.0167685 0.0283309 0.00178363 0.0140777 3.58814e-05 0.00596935 
0.0108941 0.106727 0.0290657 0.00503277 7.33593e-05 1.54128e-05 0.00443932 1.65809e-07 0.105087 0.35614 0.0361565 0.0125058 0.000947021 0.18005 0.0528158 0.0419763 0.000269048 0.000635388 0.0571692 
0.00511466 0.0138087 0.0131013 0.000235231 0.00156835 8.00495e-07 3.50894e-05 2.0966e-10 0.0380967 0.735962 0.013795 1.87682e-05 0.0108598 0.00694111 0.154956 0.000740112 8.81575e-06 0.000221342 0.00453694 
0.0652642 0.0147894 0.00136179 0.000282058 3.70803e-06 3.81221e-06 3.57852e-05 9.1213e-06 0.0362793 0.855362 0.000101976 3.82701e-05 4.16294e-05 0.0227259 0.00154392 0.000607646 3.91912e-07 0.000361887 0.00118681 
0.0524639 0.00706555 0.0144499 1.30805e-05 0.017824 2.28341e-08 0.000147036 1.05262e-10 0.0641806 0.392964 0.0844853 2.04266e-05 0.00488549 0.00628738 0.348305 0.00655059 0.000333705 4.95513e-07 2.39093e-05 
0.0292692 0.159921 0.079647 0.00973791 0.00182354 1.77704e-07 0.00817751 0.0260509 0.119637 0.267284 0.0431554 3.78881e-05 0.00122894 0.0546168 0.175682 0.000932926 1.94498e-05 0.00467085 0.018107 
0.00266935 7.20867e-08 0.000764078 5.03819e-07 6.01914e-07 1.03926e-05 0.000100408 1.67674e-06 0.000970274 0.988412 2.04982e-07 2.76415e-07 7.89659e-05 0.00460762 0.00232617 4.80418e-05 1.54116e-06 8.64846e-07 7.29373e-06 
0.0438828 0.141106 0.172558 0.0231209 0.00200851 0.00347358 0.0163278 0.00201375 0.178226 0.201955 0.100087 0.0153898 1.80666e-05 0.0345482 0.00161851 0.00427611 0.00156618 0.00454915 0.0532749 
0.0629974 0.00413139 0.00253685 4.24273e-07 1.77262e-06 5.49972e-08 0.00185144 3.47462e-05 0.0661575 0.805414 0.035351 7.81535e-06 1.64655e-05 0.000612267 0.0140351 0.0064479 4.57923e-05 3.64537e-05 0.0003213 
0.00349422 0.00619348 0.000388745 1.06738e-08 1.24628e-05 2.13353e-07 1.58249e-06 2.83108e-11 0.257445 0.653949 0.0131107 6.50649e-06 0.00555448 0.0037051 0.0513603 0.00289037 9.6417e-09 1.62977e-06 0.00188623 
0.00518175 0.0137268 0.00412498 0.00320375 2.09151e-05 2.74872e-05 0.000349136 9.5419e-07 0.0456911 0.906489 0.00572771 0.00434785 0.00109113 0.00819129 0.000247036 0.000288997 1.22567e-05 5.35692e-05 0.00122441 
0.000150908 0.0251349 0.00147299 1.23221e-06 4.35637e-07 1.14824e-07 0.000389933 4.41351e-11 0.105135 0.720134 0.0118649 2.45801e-05 0.00218791 0.0871701 0.0344937 0.0103453 2.6006e-05 1.72688e-07 0.00146726 
0.0100876 0.0587919 0.097054 0.00515792 0.0269815 0.000456754 3.07266e-05 3.15168e-10 0.0748614 0.417653 0.019753 5.62115e-05 0.132843 0.0312804 0.121957 0.000904775 4.25404e-05 0.000254692 0.00183358 
1.75552e-05 3.49321e-05 9.81647e-05 1.162e-05 2.25808e-05 3.6001e-09 0.000102038 5.15557e-09 0.319479 0.558633 6.3027e-10 8.49906e-10 2.13681e-09 0.111686 2.19257e-06 2.59517e-09 6.63889e-06 2.65918e-09 0.00990636 
0.00489686 0.0857101 0.101802 0.0554805 0.000389981 9.04889e-06 0.0407919 1.20832e-07 0.128008 0.260909 0.0437611 0.000206143 0.0104888 0.139847 0.100436 0.00242321 4.8848e-07 0.000118708 0.0247213 
0.0679167 0.0016832 0.0007282 0.000224739 0.00125671 4.56438e-11 2.48818e-09 6.42361e-09 0.0035352 0.791139 0.000445044 5.83309e-10 0.112018 0.0141644 0.00163698 0.000617679 2.19754e-08 3.37144e-11 0.00463358 
0.204236 0.151253 0.0040363 0.00173762 0.000404575 0.000143216 0.00031897 2.29239e-10 0.0355687 0.2968 0.0336695 8.98602e-06 0.00650048 0.0512998 0.00585376 0.206231 9.63073e-06 0.00100693 0.000921387 
0.0323257 0.00927526 0.0130844 0.000406809 0.0018373 0.000365468 0.00291928 0.000476441 0.0545358 0.626232 0.0157188 0.000168119 0.0161229 0.0355006 0.154508 0.017387 0.000670745 0.00203519 0.0164307 
0.0363331 0.0323448 0.0348608 0.00107499 9.60491e-05 5.39953e-06 0.00332433 1.22245e-07 0.0372848 0.668329 0.0383738 0.00135361 0.0105806 0.035172 0.0526522 0.00736734 0.0281676 0.000177244 0.0125025 
0.0256979 0.0645446 0.0499608 0.0197512 0.0042303 4.31903e-05 0.00640585 1.55884e-06 0.0519768 0.471626 0.0298926 7.73732e-05 0.000904648 0.103789 0.146025 0.00799032 0.000825663 0.00761993 0.00863702 
0.00844691 0.0133058 0.00891373 0.062648 2.56355e-10 7.63279e-07 6.14952e-05 1.5065e-08 0.0973346 0.803648 0.000390122 4.68783e-07 0.000118753 0.00219688 6.22142e-07 0.000245373 0.000179126 3.7787e-07 0.00250868 
0.0276346 0.135957 0.194717 0.0638052 0.00101235 2.23867e-05 0.00192722 6.82317e-06 0.0252817 0.35048 0.0099437 4.54082e-05 6.4744e-05 0.0323229 0.0670729 0.0426587 0.00017243 0.0394434 0.00743074 
0.219966 0.201385 0.0115898 0.00712539 0.000505651 0.000144227 0.00014051 4.28383e-07 0.0633024 0.264468 0.0321025 6.59938e-06 0.0130154 0.132347 0.00401031 0.00118474 5.10337e-05 0.000117416 0.0485373 
0.000583718 0.128928 0.010611 0.00937967 0.00010837 9.32944e-06 0.000156686 1.64193e-07 0.0136629 0.67958 0.00150536 3.35793e-05 0.0149057 0.10023 0.0177343 0.000558109 2.33847e-11 6.34181e-05 0.0219498 
0.00426795 0.000373677 0.00145558 0.00204574 1.28432e-05 5.12903e-10 3.42045e-10 2.24613e-06 0.000251714 0.952184 0.000132437 7.12602e-09 0.000132722 1.78433e-07 0.0385429 0.000280672 6.75115e-10 7.87758e-05 0.000238764 
0.0643636 5.92986e-05 0.027908 2.70283e-11 3.22908e-11 6.2813e-11 2.11992e-05 3.71584e-07 3.2032e-05 0.648078 0.00117307 7.57128e-06 0.23993 7.26373e-05 0.0179433 0.000184612 0.000226827 8.1404e-08 8.74782e-10 
0.0187705 0.0326864 0.125802 0.0153979 5.82504e-07 1.26018e-06 0.00489824 1.40664e-07 0.0515389 0.625662 0.0261191 6.01968e-07 0.000662866 0.0154129 0.049902 0.0104862 0.00100667 0.0215571 9.47375e-05 
0.000977759 0.0149346 0.00542409 2.19867e-05 2.87879e-05 2.48606e-06 1.19429e-05 1.12292e-07 0.0448385 0.479742 0.00108034 6.05422e-05 0.00703598 0.00482614 0.42578 0.000256925 0.00116967 8.96914e-06 0.0137995 
0.00426795 0.000373677 0.00145558 0.00204574 1.28432e-05 5.12903e-10 3.42045e-10 2.24613e-06 0.000251714 0.952184 0.000132437 7.12602e-09 0.000132722 1.78433e-07 0.0385429 0.000280672 6.75115e-10 7.87758e-05 0.000238764 
0.0109543 0.0190086 0.0269453 0.00522781 2.77667e-05 1.49066e-07 0.000102527 8.609e-07 0.059515 0.742817 0.0463807 7.17132e-06 0.000983084 0.00194325 0.0666474 0.00423546 0.0106418 0.000816061 0.0037455 
0.0840778 0.00251164 0.0282047 0.0156935 0.0056504 9.86757e-08 0.00211909 5.125e-06 0.021707 0.731096 0.0014279 4.60405e-09 0.046359 0.0340897 0.0189113 0.0060978 2.94871e-05 3.53709e-06 0.00201555 
0.0114079 0.0227935 0.0565434 0.00340803 0.00207373 4.68475e-08 2.42626e-05 0.00761996 0.0668492 0.647803 0.0236943 4.10188e-05 0.0336042 0.0403433 0.0497719 0.0104701 0.00199264 0.000203945 0.0213559 
0.00572208 0.0194543 0.0205362 0.00376017 0.000896275 6.14323e-06 0.00143054 0.0106977 0.0345818 0.799588 0.0250742 0.00112532 0.00294997 0.0158185 0.0339078 0.0149668 0.00142854 0.000756406 0.00729893 
0.0112888 0.0211511 0.0805391 0.0509291 0.00308049 1.16954e-05 0.00182444 0.0103231 0.0550636 0.511713 0.00151174 0.00016335 0.0161899 0.222782 0.00286697 0.000487103 1.32591e-05 0.00972901 0.000331529 
0.025541 0.19478 0.029202 0.0145472 0.00136668 6.34781e-08 0.000733411 3.75103e-10 0.182613 0.357789 0.0124556 0.00029792 0.000151509 0.02308 0.00031172 0.0186161 0.00230061 0.119339 0.0168757 
0.00290174 0.0260887 0.0209673 0.0366033 6.67448e-05 0.000127662 0.00013802 1.4326e-08 0.098972 0.773382 0.00271058 6.1584e-06 0.00965188 0.0169394 0.00303994 0.00156296 2.97963e-05 0.00133837 0.00547315 
0.268297 0.0027355 0.105839 0.00866464 0.00649344 7.74631e-06 0.000247204 8.72367e-06 0.130349 0.461951 0.00166855 5.71579e-05 1.66932e-08 0.00556497 0.000690457 0.00226636 4.34684e-07 0.00205477 0.00310379 
0.0259012 0.0592803 0.0407655 0.014716 0.00251162 5.00685e-05 0.0127697 1.35385e-08 0.0657106 0.528569 0.00665418 0.000434333 0.11605 0.0409601 0.0243964 0.0315921 4.26346e-05 0.000171715 0.0294243 
0.00624161 0.0381073 0.0769622 0.0073756 0.000122352 2.85891e-05 0.00400017 0.00593101 0.0998821 0.577964 0.00272435 4.67423e-05 0.0403793 0.0989866 0.0267378 0.00828147 0.000128854 0.000643147 0.00545727 
0.0679167 0.0016832 0.0007282 0.000224739 0.00125671 4.56438e-11 2.48818e-09 6.42361e-09 0.0035352 0.791139 0.000445044 5.83309e-10 0.112018 0.0141644 0.00163698 0.000617679 2.19754e-08 3.37144e-11 0.00463358 
0.00104462 0.00879134 0.00296908 0.000256993 3.18873e-05 3.41589e-07 0.000326364 2.40383e-09 0.00992726 0.969754 0.00181693 1.53492e-05 9.13282e-05 0.00399719 0.000196945 8.55886e-05 7.99653e-08 2.85273e-05 0.000665961 
0.0557814 0.0592099 0.0387511 0.108154 0.000519559 3.68772e-05 8.0578e-07 4.22137e-10 0.0675292 0.483233 0.0020448 6.95901e-11 0.00781581 0.116924 0.00966632 0.0215675 3.93348e-07 0.023411 0.00535405 
0.0141004 0.0275879 0.102839 0.0143717 0.000228564 8.6117e-09 0.00189015 1.52072e-10 0.0920665 0.339333 0.0117807 2.49257e-05 0.00778787 0.100407 0.08499 0.000448097 6.82191e-05 0.18565 0.0164258 
0.000764435 0.115983 0.00942367 0.0113379 0.000794209 1.25237e-05 0.0152978 1.37189e-09 0.0356075 0.516861 0.0034429 2.13619e-05 0.0310101 0.211469 0.0100737 0.000973011 1.76261e-06 3.5044e-05 0.036891 
0.0281397 0.035669 0.0180796 0.0189939 0.000614324 1.67325e-05 0.00039102 0.00425448 0.0935504 0.569667 0.0230545 0.00978128 0.0315179 0.069886 0.0274613 0.00281712 0.00736843 0.00212512 0.0566125 
0.00108316 0.013428 0.040438 0.000923414 0.000559217 5.89971e-07 2.83645e-05 2.81798e-09 0.0040461 0.920416 0.00170916 1.95813e-05 6.24025e-05 0.0128516 0.00362098 9.94623e-05 4.78869e-06 0.000267206 0.000441815 
0.000546582 0.00354091 0.0027591 2.48941e-08 0.000295418 8.69071e-09 4.67718e-05 2.14976e-11 5.46793e-08 0.884815 0.00136535 8.42369e-09 0.035457 0.018135 0.000494762 0.000836133 1.97593e-11 6.12125e-08 0.0517077 
0.0180387 0.202759 0.0642176 0.00254376 0.0036508 2.14909e-05 0.000449681 5.28269e-09 0.0712195 0.280246 0.210239 0.000196564 0.0300195 0.0552189 0.0346141 0.0130754 4.32102e-06 0.00533874 0.00814768 
0.000449079 0.0739615 0.00854756 0.00179123 7.50809e-05 5.24257e-07 4.91991e-05 1.59222e-10 0.0695014 0.677528 0.00393562 1.48918e-06 0.0236706 0.0162016 0.117589 0.00285817 6.03598e-07 0.00045179 0.00338728 
0.0298138 0.0629909 0.0392071 0.0279623 0.00491199 0.000402312 0.00300663 0.000681367 0.0946004 0.519131 0.0267273 0.000865968 0.0103517 0.104393 0.0413189 0.0111054 0.00250836 0.00275472 0.0172667 
0.0094817 0.0871404 0.169439 0.0375541 0.000773395 4.60347e-07 0.00237621 8.33954e-05 0.10503 0.345402 0.0317576 5.0965e-05 0.0173727 0.148531 0.00732399 0.0147922 0.000532349 0.000199305 0.0221589 
0.00105171 0.00771088 0.00153912 0.0010476 4.59e-09 2.36363e-09 6.45195e-06 9.99182e-12 0.0467479 0.646391 0.000108989 3.24151e-07 0.00311644 0.00685902 0.280375 0.0043535 6.21314e-09 1.90217e-08 0.000692545 
0.128563 0.112504 0.0607081 0.00779257 0.000380857 5.24569e-06 0.0307371 8.45245e-08 0.0352989 0.303441 0.135152 1.56413e-06 0.00660159 0.107517 0.00389457 0.0029992 0.00390319 0.0347272 0.0257731 
0.00196353 0.00219622 0.0164413 0.0784837 3.83769e-05 1.10342e-09 6.06546e-07 1.58016e-09 0.0135939 0.619996 0.000141225 9.41677e-09 3.87426e-06 0.0738016 0.192352 0.000180687 1.45239e-09 7.43095e-07 0.000806616 
0.00235809 0.0517059 0.00709516 0.0123457 0.000926473 2.04441e-08 5.50176e-05 3.74384e-10 0.0184511 0.386728 0.0168307 4.85748e-08 1.53127e-07 0.112876 0.386485 0.0024787 0.000248342 0.000466059 0.000949577 
0.000463402 0.00770599 0.00104262 0.00392138 9.14434e-05 7.13495e-07 0.0132922 3.15529e-08 0.00314947 0.95275 0.00103132 1.24155e-05 0.00968917 0.00355931 0.00281803 0.000321877 6.39594e-06 4.19567e-05 0.000102481 
0.0154644 0.0581842 0.0430061 0.0107468 0.00130446 0.00109961 0.000195928 1.07456e-08 0.114484 0.417321 0.0302582 8.0655e-05 0.0398579 0.165466 0.0730846 0.0110065 0.000191995 1.45872e-05 0.0182325 
0.00248838 0.112842 0.232803 0.154276 7.45068e-07 0.000189272 3.77942e-05 6.56174e-06 0.00152339 0.345012 0.00212484 2.01069e-06 0.00317618 0.0282817 0.0360039 4.60381e-06 0.000128407 0.0616546 0.0194453 
0.0186332 0.0232547 0.0427821 0.0230848 0.0002278 9.53571e-05 1.15551e-05 2.23126e-09 0.264748 0.424887 0.00180916 2.24717e-07 0.000926338 0.0665343 0.0336895 0.0948344 2.50791e-05 9.50809e-07 0.00445594 
0.00730058 0.0355593 0.0177507 0.0137484 0.00323056 0.000152652 0.00213353 1.22641e-06 0.0463185 0.388607 0.0106397 0.00645729 0.00177668 0.0994904 0.349027 0.00203794 5.18759e-05 0.00174914 0.0139683 
0.0202593 0.0510389 0.0263525 0.178655 0.00117906 0.00544905 0.00761483 2.84094e-05 0.129658 0.349466 0.0321184 0.000224322 0.0187879 0.0179549 0.131962 0.00382612 0.000191965 0.00207227 0.0231611 
0.00104462 0.00879134 0.00296908 0.000256993 3.18873e-05 3.41589e-07 0.000326364 2.40383e-09 0.00992726 0.969754 0.00181693 1.53492e-05 9.13282e-05 0.00399719 0.000196945 8.55886e-05 7.99653e-08 2.85273e-05 0.000665961 
0.0499657 0.0811435 0.0462879 0.0270986 0.00139274 2.58139e-06 0.000155227 3.89678e-11 0.0244112 0.313224 0.175502 0.0030005 0.000581446 0.0464724 0.103733 0.00438996 0.00430789 0.0075299 0.110801 
0.105774 0.11271 0.185845 0.00771082 0.0346173 8.22091e-08 0.000439 1.41972e-06 0.101446 0.219273 0.048176 3.55085e-07 0.00297139 0.0774157 0.0893815 0.00818722 7.61462e-06 0.00327705 0.00276645 
0.0201812 0.0357952 0.0254691 0.0121952 0.00220895 0.0244253 0.00250291 6.67256e-05 0.0991882 0.470481 0.0473538 0.000572232 0.131606 0.0559927 0.0482109 0.00686388 0.00475555 0.00197446 0.0101566 
0.0208018 0.052559 0.0248796 0.0288571 0.0031909 0.000560393 0.00264483 0.000807307 0.0432761 0.577496 0.0102682 0.000164884 0.0067188 0.0736397 0.0524618 0.0735317 0.00226526 0.00215829 0.0237179 
0.0166023 0.0708299 0.0273342 0.000922296 0.00272373 6.89814e-06 0.00864271 0.000836592 0.0488879 0.59518 0.00892956 0.000197681 0.000700984 0.0478485 0.147991 0.00256729 0.00313227 0.000474755 0.0161914 
0.0597162 0.00263625 0.000813693 1.55727e-05 3.98301e-05 1.29545e-06 6.62124e-10 5.01526e-05 0.0907849 0.782049 0.000261385 1.36238e-07 7.82384e-07 0.00236294 0.0604253 0.000738154 3.46879e-06 3.18596e-05 6.85488e-05 
0.0692884 0.130961 0.0152307 0.00177817 0.00101116 4.36966e-05 0.00396283 0.000209679 0.134164 0.345163 0.0782762 0.00185309 0.0061314 0.173825 0.00929561 0.00226248 0.0018798 0.00111131 0.023553 
0.0259838 0.0639328 0.0426474 1.33643e-05 0.00205623 0.0386088 0.00071821 5.08621e-10 0.116054 0.369362 0.0370649 0.000688636 0.128479 0.142155 0.00489828 9.37913e-05 0.000148323 8.32026e-08 0.0270948 
0.00756669 0.0206101 0.0112188 0.239878 0.000347936 1.15078e-05 0.000432681 7.74424e-07 0.0293726 0.59043 0.00488713 4.70932e-06 0.0185041 0.0455246 0.0152833 0.011905 0.000454848 0.00282611 0.000740891 
0.0204206 0.0495753 0.0275961 0.00357542 0.00305441 4.37011e-05 0.00705184 8.57404e-07 0.0649235 0.49026 0.0104723 0.000119673 0.0349632 0.15815 0.0727786 0.0105043 3.68303e-06 0.00103972 0.0454667 
0.00297219 0.0472489 0.0183625 0.0600168 0.000220931 4.32157e-05 0.0250687 2.98731e-06 0.245598 0.514751 0.0116536 2.75368e-05 0.0112695 0.0351404 0.00398111 0.0160558 2.13413e-05 0.00172377 0.0058422 
0.0395924 0.0016462 0.0163449 1.79604e-09 0.016783 0.00215592 3.00224e-06 1.047e-09 0.0198759 0.494716 0.00474135 2.75024e-08 0.000494968 0.00160887 0.322966 0.0226071 0.047919 0.000107068 0.00843838 
0.0204688 0.00830215 0.0351659 0.0262142 5.34328e-07 2.01188e-07 0.0016611 1.11065e-08 0.131148 0.733495 0.00233887 3.54128e-05 3.49866e-06 0.00751324 0.0291629 0.00306389 3.27161e-06 0.000207423 0.00121562 
0.106614 0.050241 0.0637614 0.0168917 0.038618 0.000170787 0.00252343 0.00143685 0.0961321 0.436116 0.0243076 0.00037389 0.00259716 0.0384166 0.0770668 0.0197065 0.0022452 0.00434464 0.018436 
0.0092485 0.0234907 0.0138386 0.000622876 0.000155736 3.89632e-07 0.00125298 2.7103e-07 0.0405149 0.750441 0.0131652 9.1107e-06 0.00508983 0.00525023 0.120168 0.014581 3.35481e-06 0.000580814 0.00158625 
0.00937578 0.0960468 0.0353793 0.000353607 0.00140704 5.98805e-07 0.00199529 1.23113e-11 0.153518 0.462606 0.0414564 2.50565e-05 0.0658648 0.0500743 0.0562931 0.0202587 8.83309e-05 0.000132482 0.00512485 
0.00690238 8.26422e-08 0.00702344 3.57105e-06 0.000153291 0.00115851 0.000508469 8.04973e-11 0.013474 0.570751 1.48652e-05 3.49401e-08 0.142242 0.000363845 0.255898 0.00032619 0.000191521 0.00025794 0.00073099 
0.00927343 0.0411367 0.020405 0.0202726 0.000949239 8.84875e-05 0.00172942 0.000896595 0.0618458 0.653516 0.0114632 0.000140101 0.0239512 0.0250703 0.118939 0.0046217 0.000750782 0.000593796 0.00435679 
0.000546582 0.00354091 0.0027591 2.48941e-08 0.000295418 8.69071e-09 4.67718e-05 2.14976e-11 5.46793e-08 0.884815 0.00136535 8.42369e-09 0.035457 0.018135 0.000494762 0.000836133 1.97593e-11 6.12125e-08 0.0517077 
0.0112854 0.0654812 0.0089793 0.00101297 0.000549744 4.76741e-06 0.00136723 1.75433e-09 0.0968911 0.529842 0.00385883 0.000303345 0.0979435 0.0944995 0.0685799 0.0182102 7.91426e-07 0.000268648 0.000921104 
0.00712705 2.08867e-11 0.0547125 0.00377109 0.000999137 2.13147e-08 0.000563186 4.85827e-10 0.0861069 0.817052 0.0204243 2.7282e-05 0.000193677 0.000984594 0.0046144 0.00014709 3.58845e-05 1.83147e-05 0.00322243 
0.117786 0.264621 0.0162587 0.00124178 2.30386e-05 6.51997e-05 2.38608e-05 2.05606e-05 0.0217209 0.321112 0.0204595 0.176398 0.000495483 0.0395878 0.00459763 8.88986e-05 0.000151786 0.00117802 0.0141696 
0.0128032 0.0192845 0.0440655 0.00499684 0.00271355 9.18099e-06 0.00014583 6.55188e-12 0.164896 0.393022 0.0562357 4.49967e-05 0.00579561 0.00867812 0.27401 0.00329712 0.000229929 0.00488439 0.00488766 
0.0189158 0.0748424 0.0251718 0.00581423 0.00489151 0.000579636 0.00213903 2.93701e-05 0.0666163 0.513217 0.0208359 0.00035355 0.0425847 0.0963504 0.0699852 0.012942 0.000108024 0.00198162 0.0426416 
0.00437321 0.00970336 0.0499374 0.0024673 3.02263e-05 1.93068e-11 2.37409e-05 2.76485e-11 0.000576605 0.916889 0.000491471 4.55792e-12 1.14594e-11 0.000524048 2.2454e-08 6.74843e-05 2.54128e-11 0.0139949 0.000921602 
0.00479277 0.0325239 0.00795016 0.00579771 3.43865e-05 7.0687e-06 0.000272357 5.29565e-09 0.0727732 0.360076 0.00887902 0.0123399 0.264525 0.0137681 0.20737 0.000745674 0.000614301 0.000185138 0.00734444 
0.0309766 0.0526642 0.135571 0.150213 0.00286357 1.04041e-07 5.90759e-05 8.32755e-10 0.228622 0.324675 0.00438802 1.37281e-10 0.00138917 0.0436403 0.000940768 0.0156149 0.00163956 1.38153e-05 0.00672842 
0.00901211 0.00510286 0.0109985 0.0110668 2.66975e-05 7.19086e-08 0.00025202 1.82854e-06 0.0300026 0.54702 0.00214192 6.08627e-05 0.26479 0.0116231 0.0984633 0.00686598 1.25715e-06 1.30631e-05 0.00255641 
0.000550713 0.0679707 0.00265499 0.160528 0.000157828 3.62751e-08 4.10424e-05 9.98745e-10 0.129635 0.517465 0.00292451 0.000104296 0.00784293 0.0020574 0.0686694 0.000120355 1.97596e-05 0.00169357 0.0375642 
0.00403457 0.0124217 0.00264362 0.000260379 1.13558e-05 1.37637e-05 0.0354005 4.3172e-11 0.0147331 0.828624 0.00574078 6.46792e-05 0.0375869 0.0134891 0.0394642 0.00150956 4.06777e-09 0.000360441 0.00364148 
0.00527358 0.0501444 0.0091306 0.00268459 0.000167086 8.75415e-05 0.00801657 0.000329447 0.0367821 0.696219 0.0221901 0.000180258 0.126121 0.0262124 0.00596262 0.000555319 1.88027e-05 0.000368043 0.00955632 
0.000917849 0.0031917 0.000226289 3.11121e-08 2.52412e-06 1.07183e-08 7.714e-06 1.05927e-10 0.0471915 0.869128 0.00256397 5.43354e-06 2.33877e-06 0.0248753 0.0491203 0.00105158 2.81189e-08 1.84076e-05 0.0016968 
1.43412e-06 1.45701e-07 0.0206525 1.7862e-10 2.66769e-06 0.000240141 2.93464e-06 1.78932e-07 0.187683 0.566261 7.2673e-11 9.79981e-11 0.00579949 1.55887e-07 0.196192 1.40045e-05 6.56216e-07 3.4344e-06 0.0231452 
0.0503951 0.0705112 0.0233937 0.00630809 0.00534599 4.17114e-06 0.00119842 7.07239e-05 0.102486 0.530147 0.00533785 0.000792723 0.00761621 0.087212 0.073555 0.0176778 0.000467752 0.00131981 0.0161612 
0.00533928 0.0739247 0.0171378 0.0070821 0.000841022 7.10375e-05 7.53979e-05 0.00171804 0.0092019 0.564683 0.0287357 0.000275402 0.0167795 0.117441 0.0251731 0.117725 2.70425e-05 0.00230594 0.0114631 
0.00407729 0.0267252 0.0164082 0.012654 6.69405e-05 5.57587e-08 0.000129311 1.90875e-06 0.0417354 0.340481 0.00681857 1.9885e-06 2.26114e-08 0.0709138 0.303458 0.174094 5.19338e-06 0.000298776 0.00213108 
0.00676586 0.0954243 0.0117606 6.52059e-05 0.000231777 6.98095e-07 0.034212 1.72544e-06 0.0332067 0.364361 0.0250911 0.000116313 0.0478049 0.347862 0.00665594 0.0235329 1.22333e-07 1.64062e-05 0.00289051 
0.000900266 0.074237 0.00758798 0.0292716 1.88557e-05 2.2715e-05 0.00822399 6.84296e-08 0.049519 0.308749 0.00523876 0.000148223 0.0118602 0.195953 0.272618 0.00209935 1.8473e-05 0.00140545 0.0321289 
0.00203332 0.000786861 0.000853631 3.15292e-08 8.45241e-08 1.15143e-11 1.56469e-05 1.64893e-11 0.0102537 0.425862 0.000503943 3.09619e-09 0.141597 0.0017978 0.302359 0.000365053 0.113572 1.32714e-07 1.56728e-08 
0.00964412 0.0742956 0.0364994 0.0513639 0.000331728 5.5802e-05 0.002178 3.14605e-05 0.114367 0.489364 0.0147849 3.8169e-05 0.00249389 0.061921 0.0978934 0.0219438 0.0057656 0.00188291 0.0151448 
0.00252798 0.0103639 0.00701267 0.0113471 0.000296196 2.45124e-09 0.000233959 0.000227192 0.0269173 0.801724 0.00261179 0.000325387 1.45491e-09 0.100542 0.00133787 0.0276689 2.04563e-06 0.0022505 0.00461107 
0.00367792 0.163915 0.0145032 0.00182738 0.00517317 0.000166746 0.0543527 8.04139e-05 0.0517815 0.414013 0.00942776 5.13657e-05 0.00224935 0.114538 0.0908405 0.0066491 2.37791e-09 8.45316e-05 0.066669 
4.92719e-05 0.00693902 0.00637172 0.000304286 9.28428e-05 1.91915e-09 0.060429 2.74834e-09 0.00280665 0.54402 0.0238936 2.03608e-05 0.272916 0.0589656 0.0180758 0.00076253 0.00017252 0.000104518 0.00407593 
0.012226 0.167237 0.0502987 0.14779 0.000905444 1.05115e-05 0.000106987 1.66418e-07 0.170629 0.262705 0.0189146 4.64773e-06 0.0093785 0.116376 0.000888694 0.0043941 6.70535e-06 0.00031207 0.037816 
0.0137844 0.00847648 0.0932758 2.84264e-08 3.3996e-05 2.21138e-07 0.00138546 6.31697e-11 0.110437 0.743862 0.00174154 8.45997e-08 1.0981e-07 0.0238614 4.62873e-05 0.00112845 1.46514e-08 3.91178e-08 0.00196688 
0.0217271 0.00135576 0.0545723 6.00977e-06 0.00188532 1.4758e-10 2.5838e-05 2.11343e-10 0.121235 0.57635 0.00860115 1.43025e-06 0.000255702 0.00724983 0.141695 0.0524348 9.83489e-07 0.0123981 0.000205278 
0.0138765 0.0417472 0.0215014 0.0101733 0.000293873 0.000573512 0.000142472 0.000421333 0.100643 0.469631 0.0157227 3.38953e-05 0.166544 0.0608192 0.080955 0.00494039 2.98777e-05 0.000632693 0.0113192 
0.0518046 0.0699344 0.0769069 0.0140009 0.0169501 2.16965e-05 0.00245505 0.00418326 0.140997 0.417116 0.0455182 0.000498784 0.0647754 0.0538811 0.0170099 0.0141804 0.000524466 0.000231302 0.00901018 
0.0203841 0.100137 0.0903856 0.00608708 0.0204364 0.00295702 0.0166116 0.00169852 0.151418 0.216394 0.0780247 0.000143886 0.00110856 0.0538924 0.123922 0.0503194 0.00108497 0.00755927 0.0574355 
0.0010605 0.116668 0.0219462 0.00230525 0.000165522 1.478e-06 0.00247539 7.80682e-06 0.303027 0.3411 0.0392817 4.98364e-05 0.00231827 0.070323 0.0367437 0.0530198 5.59813e-06 0.000610646 0.00889016 
0.00112771 0.0234503 0.0144497 0.217106 0.00154683 2.96647e-07 0.00217388 6.62098e-06 0.0512161 0.462104 0.00311712 0.000322157 0.00990209 0.0830244 0.0118099 0.114118 1.717e-07 0.000419622 0.0041052 
0.245934 0.0187036 0.159966 1.53068e-07 0.0522432 1.2266e-11 3.63198e-07 3.37263e-06 0.111073 0.350055 2.5898e-07 1.04438e-05 7.28038e-12 0.0597231 1.16364e-06 0.00228649 1.61453e-11 9.06017e-12 1.24219e-07 
0.000763009 0.0257845 0.00671796 0.173502 0.000931796 5.93091e-09 0.000118791 1.59108e-07 0.0400273 0.713418 0.000653102 3.25024e-05 0.02641 0.00963871 0.000220839 0.000677808 9.61259e-09 1.95153e-11 0.00110296 
0.177662 0.0308204 0.0498973 0.00953614 0.00235269 1.58998e-06 9.22149e-06 2.6832e-05 0.108328 0.431216 0.0213143 5.7008e-05 0.00241996 0.0441769 0.0178185 0.0459155 0.00153462 0.033584 0.0233282 
0.00829012 0.0795891 0.00737429 0.0088829 0.000455876 3.59532e-08 8.76413e-05 4.78535e-09 0.0326525 0.388133 0.00524737 0.000413174 0.00744193 0.102229 0.213675 0.00239714 8.16464e-05 0.00298858 0.14006 
0.0206417 0.0303439 0.0302009 4.76384e-05 0.00342209 1.60655e-05 0.00267378 1.08524e-10 0.121035 0.427135 0.0506713 3.20554e-05 0.138192 0.0734763 0.0489969 0.0503154 2.58027e-07 0.00016954 0.00263038 
0.0417357 0.15536 0.0200596 0.00830593 0.000952327 1.00851e-05 0.000481458 2.33414e-10 0.225929 0.347836 0.0140431 0.000514493 0.000143366 0.0977211 0.000373153 0.0100213 0.00106647 0.0663602 0.00908632 
0.0286488 0.0538582 0.0605919 0.0145976 0.00918547 8.79163e-05 0.0144652 0.000873953 0.0594785 0.516968 0.0200982 0.0029126 0.00403604 0.113896 0.0527349 0.00963183 0.00330193 0.0208512 0.0137825 
