0.0253452 0.0550223 0.0687348 0.0601935 0.00578496 0.0040186 0.0916321 0.000162528 0.023419 0.00604916 0.0124202 0.0258181 0.0202997 0.00454879 0.0250699 0.0754205 0.00229475 0.00257457 0.000658344 6.11857e-05 0.00727193 0.126635 0.157024 0.00314163 0.0054918 0.0002768 0.0111801 0.134071 0.0449885 0.000390785 
0.0533857 0.0757659 0.034286 0.0554313 0.00811219 0.00970717 0.00555572 0.000984444 0.01849 0.0012986 0.00377479 0.136909 0.00623035 0.00783058 0.0227552 0.00981688 0.0221671 0.00139588 0.000567752 0.000270413 4.70026e-06 0.00328964 0.403295 0.0129055 0.0104933 0.000221554 0.00213471 0.0866017 0.00301608 0.00330226 
0.00906426 0.0153621 0.033044 0.0201526 0.00205484 0.000314495 0.00522417 0.00104513 0.0182464 0.000307017 0.000721696 0.0618536 0.0158753 0.0115589 0.00125053 0.00895882 0.0301876 0.0303955 0.00085474 0.000582821 5.95203e-05 0.000402511 0.657569 0.0290934 0.00456647 1.63211e-07 0.0011825 0.0385021 0.000491898 0.00107746 
0.0923527 0.0560606 0.0339057 0.220695 0.00640924 0.00988336 0.00261248 0.00239104 0.0108219 0.00189838 0.00203101 0.0466773 0.0095137 0.0312971 2.85495e-05 0.0114351 0.0223731 0.000607943 0.00208364 0.000396016 0.000129515 0.0109422 0.297445 0.00494664 0.00730767 2.79376e-05 0.00535771 0.104508 0.00432348 0.00153788 
0.00945779 0.0283762 0.00680035 0.00706856 0.000586133 0.000149998 0.000259724 0.00154861 0.0014131 0.00541364 0.0024392 0.118843 0.00182428 0.0162684 0.0116747 0.0255953 0.00748686 0.00258896 0.000141755 1.2775e-06 9.58634e-08 0.00236076 0.714478 0.00777211 0.00204014 3.4324e-07 0.000240999 0.0216121 0.000346218 0.00321113 
0.0443815 0.0239961 0.0620044 0.0405666 0.000800136 0.00161968 0.00107298 0.000486821 0.00742873 0.161714 0.00031615 0.00106043 0.0189348 0.00645593 1.54861e-07 0.056454 0.133293 0.00171962 0.00111724 1.06765e-05 4.28543e-10 0.000919899 0.183983 0.113468 0.00011374 3.8273e-06 0.0114972 0.107869 0.0161224 0.00259018 
0.0504034 0.0296801 0.0598023 0.0530476 0.0494069 0.00635623 0.0064336 0.000676777 0.0223337 0.00241598 0.00506393 0.036742 0.0547789 0.0198025 0.000110508 0.00701041 0.0256131 0.00475388 0.00418067 3.54797e-07 1.48924e-06 0.0176912 0.437935 0.00356872 0.00709048 1.73743e-05 0.000824962 0.090124 0.00207402 0.00205968 
0.101423 0.027129 0.0463657 0.0271003 0.0394628 0.00558045 0.00122973 0.000512786 0.0193101 0.0123616 0.00253655 0.00490912 0.00952332 0.00701811 0.000147321 0.040617 0.00417237 0.00130089 0.00121605 0.000192634 2.04243e-05 0.0145669 0.452094 0.00467235 0.00985607 9.11433e-06 0.00329629 0.138627 0.023855 0.000894086 
0.0456253 0.0317695 0.015108 0.146997 0.0290552 0.0102122 0.0283529 0.00151757 0.0774043 0.000597057 0.00185843 0.00360512 0.0152649 0.00202078 8.46329e-07 0.00454667 0.00964885 0.00155815 0.0077947 5.57353e-07 1.74625e-08 0.000974061 0.460336 0.0078816 0.0248826 8.75724e-08 0.0166311 0.0471911 0.00179907 0.00736649 
0.0613688 0.0309538 0.0401527 0.0338193 0.0169743 0.00409919 0.00724691 0.000608968 0.0163845 0.00985692 0.00418674 0.0089538 0.00896097 0.00614256 0.00107088 0.0195545 0.00539873 0.00107083 0.00354048 0.00156302 0.00214513 0.0342168 0.502611 0.00277511 0.00355504 6.72385e-05 0.00326664 0.154086 0.0137004 0.00166932 
0.147374 0.0220834 0.0376158 0.170647 0.00160789 0.00546453 0.00212103 0.0031067 0.00743948 0.0760253 0.00209385 0.00915017 0.00846098 0.0112083 2.10184e-06 0.0231657 0.0285481 0.003563 0.00055964 1.56744e-06 2.81273e-05 0.000558229 0.278674 0.0115149 0.0628484 2.45818e-06 0.00395293 0.0723176 0.00685944 0.00300509 
0.0335229 0.0291182 0.0353009 0.0372597 0.00667503 0.000552475 0.00155389 0.0156244 0.00832809 0.00163394 0.029099 0.00318162 0.090423 0.0326736 0.000155175 0.019556 0.00313825 0.000373482 0.000484352 0.000279671 0.000231974 0.0232315 0.586828 0.00373008 0.0182194 1.12384e-05 0.00142341 0.0129304 0.00381892 0.000641317 
0.0437457 0.0205038 0.0948898 0.0738231 0.00278475 0.00132781 0.00354958 0.048958 0.0134018 0.00214326 2.3874e-05 0.0033479 0.0109911 0.00367508 5.38674e-06 0.261716 0.00331966 0.000272093 0.000677828 2.87532e-05 1.11824e-05 0.00322148 0.309886 0.022362 0.00459471 1.10843e-05 0.000545551 0.0432799 0.00418608 0.0227168 
0.0230627 0.00781323 0.0143876 0.0659324 0.0018018 0.0144275 0.0126654 0.00283403 0.0220942 0.0460859 0.000770202 0.00216596 0.0340061 0.0133494 0.000540907 0.0854575 0.0390225 0.00188603 0.000426092 2.69737e-06 6.22441e-06 0.00117318 0.273453 0.189297 0.00166826 0.00565354 0.00170756 0.119159 0.00447689 0.014674 
0.0805075 0.0160605 0.0450954 0.0785599 0.00152971 0.00248878 0.00640878 0.00210253 0.0100568 0.00102478 0.00285944 0.156599 0.0232522 0.0251983 0.000221301 0.0153378 0.0108306 0.00295842 0.00116811 0.0100743 0.000127467 0.00822678 0.304427 0.0111193 0.0119245 0.000150334 0.00222713 0.157238 0.00655151 0.00567476 
0.108168 0.043801 0.0695137 0.0149598 0.0163297 0.00578441 0.000601418 0.0207497 0.0035996 5.30642e-05 0.000175017 0.000870769 0.00261977 0.0052595 5.36252e-06 0.145489 0.0101164 2.25213e-05 0.000236175 1.04831e-05 1.46814e-05 0.0632649 0.246508 0.0113324 0.00791009 9.24159e-05 0.000224247 0.217727 0.0044408 0.000120741 
0.0386583 0.127253 0.0286945 0.0338175 0.000764954 0.000169668 0.00899186 0.00413462 0.0052423 0.00140735 0.00641596 0.00675125 0.000684291 0.0020255 7.1697e-05 0.0317932 0.013512 0.00163573 0.000442106 7.83106e-05 1.19194e-06 0.0597253 0.455165 0.00706518 0.0158148 3.68514e-05 0.00440673 0.128721 0.0140906 0.00242916 
0.0458085 0.0209503 0.0138803 0.0431104 0.00418594 0.00201481 0.00491818 0.00137363 0.0371826 0.00146389 0.00391036 0.0639963 0.0562883 0.0306274 0.00436858 0.00940112 0.00572099 0.000847769 0.00456908 0.00404516 0.00144622 0.00284333 0.56921 0.00283419 0.0172531 2.50944e-05 0.00218409 0.0400423 0.0038939 0.0016047 
0.00877086 0.0312 0.00680948 0.026078 0.00035345 0.00429763 0.000400504 0.000225268 0.00219548 0.00067827 0.000115877 0.00130483 0.0442181 0.000310988 2.29615e-05 0.0156817 0.0136645 0.000888263 0.000108592 4.59598e-07 0.0162905 0.00430851 0.697555 0.0227605 7.74312e-05 5.59421e-07 1.17485e-06 0.0990328 0.00145209 0.00119657 
0.0533857 0.0757659 0.034286 0.0554313 0.00811219 0.00970717 0.00555572 0.000984444 0.01849 0.0012986 0.00377479 0.136909 0.00623035 0.00783058 0.0227552 0.00981688 0.0221671 0.00139588 0.000567752 0.000270413 4.70026e-06 0.00328964 0.403295 0.0129055 0.0104933 0.000221554 0.00213471 0.0866017 0.00301608 0.00330226 
0.125276 0.04588 0.01529 0.0363618 8.31745e-05 0.000374927 9.55471e-05 0.00141439 0.00126273 0.000352127 0.00134319 0.0477423 0.00821311 0.0683296 3.05494e-07 0.00688165 0.0105859 0.00283601 9.83244e-06 6.44637e-07 1.25206e-06 0.000365285 0.353432 0.0380578 0.0016681 1.23057e-06 0.00168626 0.230869 0.000159696 0.0014262 
0.0399931 0.00854409 0.0567154 0.0702599 0.0170194 0.00262997 0.00262642 0.0577432 0.0119677 3.48519e-05 0.00213031 0.00154547 0.000146818 0.161839 5.29846e-05 0.00640379 0.176936 0.000216033 0.00270659 0.00128904 0.000362513 0.0576861 0.231274 0.000440703 0.0128304 0.000418622 0.00113026 0.0223489 0.0523525 0.000355351 
0.092401 0.0154075 0.0767216 0.178425 0.021618 0.0107807 0.00633451 0.00249842 0.014731 0.00543769 0.000802707 0.017576 0.0675453 0.0137117 0.00221762 0.0177577 0.00790316 0.00136359 0.00541021 6.48371e-05 0.00884895 0.00825692 0.203735 0.0140899 0.00484887 0.000121478 0.00203113 0.174696 0.0223074 0.00235628 
0.0908709 0.149259 0.0251028 0.201696 0.000399255 0.000355356 0.00557973 9.41183e-05 0.00222816 0.000117825 4.21714e-05 0.00628819 0.00648712 0.00576239 0.000140503 0.00257103 0.0004968 5.8287e-05 0.000359996 1.67363e-05 2.17343e-07 0.000357394 0.284803 0.00236334 0.00182692 3.01976e-05 0.000228083 0.200049 0.0107286 0.00168695 
0.0203931 0.000472967 0.0649863 0.0166542 0.000291428 0.00964603 7.7917e-05 2.80837e-05 0.000725065 8.5391e-06 5.24452e-05 0.000618253 0.0771365 0.101414 0.00458774 0.00374955 0.000367733 0.00018358 0.000987743 0.00647964 0.0281712 0.118042 0.442384 3.04596e-05 7.9959e-05 9.55686e-06 5.8566e-05 0.0975147 0.00477911 6.83661e-05 
0.078097 0.0102159 0.050331 0.201942 0.0361148 0.0583857 0.00111714 2.74218e-06 0.0191551 0.00120447 0.00884625 0.0345622 0.0646001 0.0932608 2.55455e-06 0.00707437 0.0252833 0.00126426 0.0029841 0.000235017 0.000972548 0.0245693 0.214848 1.0774e-05 0.00733724 8.03003e-05 0.00569204 0.0512791 0.000316257 0.000216524 
0.0533118 0.0548254 0.109562 0.0497391 0.000924333 0.00589388 0.0126782 0.00247493 0.0439155 0.00110974 0.00161783 0.027178 0.0368098 0.0210781 0.000492223 0.0179876 0.0191401 0.00325083 0.0123375 0.000101885 1.94352e-06 0.0160138 0.348359 0.00225921 0.0241796 0.000188812 0.0104479 0.103285 0.00216766 0.0186688 
0.107576 0.0855785 0.0184252 0.169651 0.0112185 0.00212492 0.00260974 0.00145945 0.0104708 0.000585088 0.0189896 0.0245147 0.00364799 0.00449673 8.83079e-07 0.0147176 0.0146979 0.00508583 0.000490091 1.77618e-06 3.15773e-07 0.00188745 0.355848 0.0119142 0.00119418 8.22119e-05 0.0017929 0.12316 0.00564889 0.00212826 
0.0656189 0.0373204 0.0780948 0.0608517 0.000758548 0.0016179 0.00797719 0.0005117 0.00787872 0.00378285 0.000660549 0.0100857 0.0255551 0.105998 0.000290803 0.0291497 0.0193972 0.000943904 0.000409658 0.000163225 7.77264e-05 0.0124269 0.418121 0.00482328 0.000674477 2.19276e-05 0.00194274 0.102291 0.000847718 0.00170729 
0.0576424 0.0350881 0.0173126 0.0105487 0.00348202 8.72372e-05 0.00685088 7.776e-05 0.0385158 0.00816 0.000138558 0.0546932 0.311754 0.00613647 1.95023e-06 3.66601e-06 0.00164375 0.000144199 0.00222422 3.37231e-08 8.22903e-05 0.0626872 0.351404 4.96417e-05 0.0124397 6.99822e-07 2.67379e-06 0.0110297 0.00779777 5.86735e-07 
0.0295992 0.0763563 0.00748901 0.0337886 0.00291945 0.00485228 0.00433868 2.52921e-10 0.0738842 0.000554542 0.00080776 0.0125631 0.00242744 0.00217027 8.69013e-08 0.00171118 0.00581234 7.55657e-06 0.025735 4.665e-08 9.06651e-07 0.029783 0.629549 1.61786e-05 0.00481161 0.000108531 9.2098e-06 0.0474906 0.00318313 3.10337e-05 
0.0118474 0.00559394 0.0470683 0.00912828 0.00076106 0.000758803 0.000153109 0.00129217 0.00208113 0.00227086 0.0072391 0.0724586 0.00048331 0.00106199 0.00065243 0.0136958 0.019564 0.0013347 2.64031e-05 8.65694e-06 1.27874e-08 0.0312975 0.734466 0.0101133 0.00622132 1.04225e-07 0.00064474 0.016799 0.00116234 0.00181531 
0.0285018 0.00492767 0.00782964 0.0282817 6.93668e-05 0.000219461 0.000109815 0.00127277 0.000592518 0.00066859 0.00298736 0.0722758 0.0518001 0.00974436 5.23364e-07 0.013261 0.00464613 0.00151388 3.72044e-05 6.81975e-06 1.02275e-05 0.0022157 0.693915 0.00456117 0.00102312 6.8981e-07 0.000771925 0.0592918 0.00792158 0.00154252 
0.0694087 0.0175158 0.0921414 0.109275 0.00631384 0.00179562 0.00839948 0.000824199 0.014981 0.00352415 0.000161421 0.0122121 0.0226315 0.00206495 0.00243472 0.00735053 0.00751129 0.00160645 0.000990795 4.27456e-05 0.000236563 0.0448501 0.205661 0.00263713 0.00924705 4.99331e-05 0.000327056 0.203542 0.148347 0.00391696 
0.0274521 0.0343581 0.0274349 0.0106321 0.0047601 0.0198013 0.00298249 6.53847e-07 0.0120339 5.1709e-05 0.33735 0.00973749 0.0103176 0.00192884 1.07884e-07 0.00342556 0.00138185 0.00130767 0.000340048 1.35169e-07 2.89305e-06 0.0135442 0.402211 0.0454779 0.0171807 2.28297e-05 0.000504746 0.013846 0.00143229 0.000480942 
0.0692313 0.0738967 0.0392792 0.173965 0.0042204 0.00586139 0.00467413 0.00283608 0.0148369 0.00155697 0.00200814 0.0161515 0.0363778 0.119631 0.000430854 0.0160667 0.0274115 0.00150631 0.0032357 0.000153169 0.00155356 0.00670052 0.283423 0.00926855 0.00355483 0.000236033 0.00274402 0.0657243 0.0101385 0.00332537 
0.0888418 0.0996686 0.0618333 0.119581 0.0100324 0.0124799 0.00548176 0.00973188 0.0322446 0.000915161 0.00385216 0.0254747 0.0336174 0.0200216 0.000645336 0.0144723 0.0116732 0.00156327 0.00298706 0.00129272 0.00233127 0.0100464 0.247424 0.00288829 0.0475571 0.00443802 0.00504553 0.101766 0.0193577 0.00273599 
0.0228555 0.0146252 0.065513 0.0326011 0.0022771 7.20216e-05 0.00486229 0.00113349 0.0142047 0.000959668 0.00126341 0.0617149 0.000529946 0.00720317 0.00220338 0.0448826 0.0211921 0.00387579 0.000616227 0.000223408 9.19734e-09 0.00788282 0.524683 0.0422468 0.00200117 8.98468e-07 0.00142775 0.100183 0.0175842 0.00118115 
0.140021 0.0177168 0.106514 0.103975 0.0137759 0.00335516 0.0235825 0.000430137 0.0458513 0.000382081 0.00691721 0.0991704 0.00434975 0.00995836 0.000273965 0.00868603 0.00509871 0.000953726 0.00282366 0.000238319 7.04346e-06 0.00515785 0.230693 0.00145199 0.0066012 7.04326e-05 0.004957 0.104287 0.0480735 0.0046269 
0.00178828 0.00358239 0.00634381 0.0348244 0.00311752 0.00051442 0.000144251 0.00122109 0.00308224 0.000218929 0.016664 0.00274235 0.00757831 0.00361455 0.000341037 0.01695 0.0429374 0.000823812 1.20124e-05 2.74697e-06 7.73239e-05 0.00380134 0.819612 0.003749 0.00157935 0.00124699 0.000135743 0.0218442 0.000110103 0.00134054 
0.1044 0.0294994 0.0544009 0.0934202 0.0200691 0.00770417 0.00314512 0.00305938 0.0216594 0.00206927 0.00656427 0.038993 0.0295919 0.00850366 0.00293438 0.0533576 0.054805 0.00204138 0.00108972 0.00017032 0.00111194 0.0122217 0.289109 0.0178676 0.0045903 0.000375927 0.00493585 0.113528 0.0151255 0.00365646 
0.0304667 0.0642138 0.0329193 0.0770684 0.0101993 0.000816258 0.0133743 0.00119708 0.0499725 0.00297211 0.000224568 0.106344 0.0177227 0.0129173 5.0481e-05 0.0115065 0.00671318 0.0173014 0.000721027 9.48926e-06 5.5077e-05 0.0295977 0.291313 0.00367267 0.00855051 0.000607027 0.00121474 0.1815 0.0252296 0.00154955 
0.235116 0.0235408 0.0284057 0.109781 0.00602826 0.0227348 0.00218495 0.000583616 0.00742008 0.000232842 0.000915964 0.00989069 0.0247488 0.00684798 0.0125054 0.00275435 0.00868826 0.00112652 0.000803163 1.69479e-05 7.76592e-06 0.00430784 0.4087 0.00297587 0.00580109 9.96315e-06 0.005298 0.0613824 0.00587056 0.00131957 
0.0480548 0.0789626 0.0589903 0.0687522 0.00685546 0.00248976 0.120353 0.00457811 0.0233855 0.000675684 0.00841345 0.0212082 0.00251879 0.00281306 5.96987e-06 0.0579414 0.00522109 0.00443125 0.0339649 8.03419e-07 9.66335e-07 0.035119 0.339721 0.00910419 0.00410988 3.91844e-05 0.00032701 0.0485966 0.00778083 0.00558457 
0.0252373 0.00732488 0.00658881 0.0375588 9.27718e-05 9.84179e-05 0.00030376 0.000691222 0.0022736 0.000201114 0.00124346 0.0605727 0.0109518 0.026864 0.00043545 0.0108966 0.00157574 0.000807285 1.03546e-05 2.59934e-06 9.66956e-07 0.00269957 0.736267 0.0148356 0.00103169 5.06825e-05 0.000182659 0.0477972 0.00280104 0.000602911 
0.127282 0.0471764 0.0602384 0.171321 0.00191246 0.00360903 0.00411647 1.60899e-06 0.0141731 0.00029665 0.000439243 0.0049227 0.00304786 0.000401021 9.34014e-07 0.00987228 0.000328607 0.000104216 0.00997413 4.22488e-06 1.53091e-06 0.0243766 0.366761 1.00672e-06 0.0302121 0.00157085 0.00309111 0.0951365 0.0184909 0.00113621 
0.0142993 0.120935 0.0355532 0.0169592 0.00163165 0.00186804 0.066212 0.00244516 0.0167049 0.00134075 0.00302721 0.0281758 0.0038007 0.00994879 0.00450753 0.100412 0.0140401 0.00872939 4.2353e-05 0.000366267 1.41332e-06 0.00376194 0.278081 0.0108402 0.0024971 3.99891e-06 0.00254229 0.189459 0.0575634 0.00424982 
0.0626669 0.0102406 0.0925602 0.0421707 0.00188281 0.00324739 0.00344967 0.00796078 0.0151397 0.031798 0.00136749 0.0164623 0.050803 0.00981797 0.00115275 0.0424221 0.00650584 0.00289037 0.00163364 0.000754458 0.000243216 0.0135388 0.414859 0.00469193 0.00142866 1.69101e-05 0.0021047 0.137927 0.0111864 0.00907725 
0.0173651 0.0172962 0.065132 0.0672085 0.000956621 0.000869456 0.00437664 0.00523497 0.00339134 0.000365406 0.00119441 0.00866739 0.0686689 0.0508341 0.00186854 0.151253 0.00559722 0.00405093 0.000170551 9.68001e-05 0.00193535 0.0446057 0.237582 0.0279346 0.00083842 5.45807e-05 0.00193402 0.179 0.0307112 0.000806667 
0.0210813 0.0476275 0.103294 0.0435403 0.00626016 0.0122621 0.0104868 0.00383974 0.0130768 0.000441058 0.00593747 0.0216232 0.0133931 0.00614116 0.000241676 0.0238567 0.00557435 0.00343436 0.000772769 0.00171324 0.0120004 0.048091 0.42113 0.00537125 0.0591718 2.37279e-05 0.0028397 0.089847 0.0108671 0.00606004 
0.0267162 0.0241977 0.107076 0.0208908 0.0236438 0.00363596 0.0176591 0.00089572 0.142401 0.00829643 0.0113053 0.0544282 0.0150727 0.034838 0.010185 0.0152535 0.0417763 0.000831847 0.0116326 3.92782e-05 4.51953e-07 0.0351533 0.277765 0.003055 0.00616575 0.000905163 0.00356026 0.0913313 0.00655987 0.00472841 
0.0949094 0.0425696 0.208779 0.0339696 0.034543 0.0138649 0.0174576 0.00310446 0.101249 0.0134531 0.00380967 0.00143886 0.0153196 0.00436928 2.56294e-05 0.0512408 0.00697512 0.00144403 0.00694125 0.000381806 3.28416e-06 0.0284597 0.221166 0.0042097 0.0204413 6.63269e-05 0.00359487 0.0545933 0.00752883 0.00409081 
0.0664256 0.023351 0.0728133 0.084174 0.0204155 0.00852762 0.0246404 0.000837894 0.0886128 0.0118493 0.0127794 0.0159 0.0484494 0.0190177 0.000176347 0.0106436 0.106988 0.00102108 0.00987985 2.07605e-05 7.13768e-05 0.0170361 0.133977 0.032318 0.0480605 0.00160058 0.0104612 0.117531 0.0099913 0.00243012 
0.0681422 0.160708 0.0548711 0.0693884 0.0016002 0.000898944 0.0179682 0.001855 0.00989052 0.00123051 0.00188061 0.0206934 0.0361361 0.0591893 8.26464e-05 0.039096 0.0103128 0.00167455 0.000419857 2.60912e-05 1.20043e-05 0.0130113 0.310881 0.0220494 0.00351236 5.81295e-05 0.001941 0.0734719 0.0166559 0.00234324 
0.0296076 0.0778729 0.0157298 0.0360856 0.0319621 0.00525568 0.0261476 0.00633237 0.0353044 0.0596883 0.0100566 0.00278676 0.008865 0.00248495 9.49544e-05 0.115169 0.0380473 0.00437999 0.000507343 1.73142e-05 3.26412e-05 0.0398884 0.177172 0.0727706 0.00612847 6.55959e-05 0.00161157 0.175528 0.00102431 0.0193827 
0.0653743 0.0867992 0.00366785 0.112257 0.000914464 0.00115716 0.0314535 0.00318969 0.0139856 0.00299284 0.00145874 0.0278785 0.00375737 0.0104657 1.56888e-05 0.0244478 0.0265534 0.0111138 9.57186e-05 3.18465e-07 7.42048e-06 0.000362164 0.415112 0.00504339 0.0435587 2.33336e-06 0.00390664 0.0974047 0.00514154 0.00188264 
0.0269019 0.0947605 0.136627 0.00642938 0.000487353 0.000275093 0.00700331 0.243614 0.141759 4.20856e-07 1.17812e-10 3.43082e-05 0.00863153 0.00273975 2.89271e-10 0.00777555 4.11073e-05 2.50836e-10 0.0247103 7.89175e-07 0.000137085 1.73974e-07 0.297603 8.54003e-07 7.13126e-07 4.57985e-10 7.46805e-11 1.52855e-11 0.00046706 2.05094e-10 
0.0223747 0.0131328 0.0122053 0.0443389 0.00686317 0.00242586 0.00225625 0.000808163 0.0375822 0.000282254 0.0083169 0.161704 0.0532551 0.0224391 2.32889e-05 0.0017579 0.00614274 0.00221816 0.0149331 0.000999896 6.39724e-05 0.00171605 0.494418 0.00161314 0.0313361 1.27396e-05 0.00226066 0.0516754 0.00234808 0.000495744 
0.0971047 0.0687636 0.050118 0.22064 0.00166567 0.0040469 0.00433841 0.000919106 0.0114906 0.00656299 0.000680629 0.0152398 0.071403 0.041278 2.78843e-05 0.0183706 0.012392 0.00134038 0.00196413 5.48568e-06 1.75697e-05 0.00717521 0.228075 0.0190132 0.00338012 3.47429e-05 0.000395119 0.103271 0.00801883 0.00226706 
0.0155471 0.0715798 0.0269139 0.0102113 0.00206126 0.000332281 0.0132886 0.00618528 0.104297 5.85591e-06 0.00230564 0.00388823 0.00920828 0.0281839 8.37525e-05 0.000872043 2.62042e-07 1.93093e-05 0.000664245 4.11445e-05 0.000930691 0.0113466 0.535467 0.0962822 0.0194233 3.07882e-07 0.000314595 0.0313966 0.00861658 0.00053326 
0.000475057 0.0276743 0.00301155 0.00200088 2.72219e-07 8.64939e-08 0.000698285 7.77952e-06 0.000836758 0.000318811 0.000363811 0.000945468 4.25977e-05 0.00125669 0.143675 0.00119918 0.000156604 2.29311e-05 1.97099e-07 0.000518761 1.20161e-08 0.00150553 0.773252 1.95973e-09 3.94997e-05 4.89831e-08 1.93419e-07 0.041675 0.000315672 7.53247e-06 
0.144066 0.0574161 0.0479329 0.07236 0.0175372 0.00726189 0.00294332 0.00544972 0.0142427 0.00740546 0.00202538 0.013138 0.0104794 0.0141014 0.00104415 0.0216429 0.0122109 0.00140689 0.0025964 0.00301263 0.000113655 0.0159462 0.243172 0.00412719 0.00910021 0.000221969 0.00315025 0.233409 0.0301438 0.00234199 
0.00648171 0.00485475 0.00532393 0.00320673 0.000507608 0.000104985 7.60183e-05 0.00152507 0.00250019 0.000335137 0.00423423 0.0568359 0.000115201 0.00426914 0.000194933 0.00914521 0.00379314 0.000639734 3.9939e-05 3.26534e-05 6.12706e-07 0.00540587 0.848892 0.0226787 0.000234721 4.44446e-08 0.000397026 0.0164623 0.000859389 0.000853256 
0.0329072 0.0495551 0.0101743 0.0189805 0.00213362 0.000328689 0.000277308 0.00867109 0.00649337 0.0014155 8.40135e-05 0.000131537 0.00487541 0.00110122 2.87572e-08 0.289265 0.00643853 0.000293674 0.000192303 1.56135e-06 1.09958e-06 0.00696037 0.298142 0.0340472 0.0101899 3.35648e-05 1.52562e-07 0.214273 0.00263958 0.000392822 
0.07068 0.116437 0.149211 0.005936 0.0126274 4.80309e-05 0.0906607 0.000192322 0.0821988 4.6523e-06 0.00438539 0.00353359 0.00176562 0.000900381 0.000352398 2.05552e-05 5.51307e-06 0.000134534 0.000463521 0.0349271 4.89076e-05 0.133307 0.253791 6.11356e-05 0.0118751 7.32836e-06 0.000480486 0.00448624 0.0214125 4.54931e-05 
0.0795495 0.0442813 0.14521 0.0186334 0.000857338 0.00271153 0.00083689 0.000136514 0.00581543 0.000382325 0.00319207 0.0178219 0.132561 0.0224859 0.000605285 0.00167962 0.00140616 0.000990722 0.000457058 2.87604e-05 6.31102e-05 0.0452727 0.208433 0.00158678 0.0120823 3.93079e-06 0.00439684 0.127623 0.119099 0.00179513 
0.080299 0.0392174 0.0618465 0.096429 0.00127872 0.00105759 0.0100321 0.000827395 0.0114135 0.000444434 0.00137016 0.0718335 0.0153004 0.0158636 0.00317733 0.0147428 0.0759061 0.00257544 0.000869772 1.83937e-05 1.55102e-05 0.00793672 0.357367 0.00340158 0.00168161 2.80486e-05 0.00227082 0.115405 0.00578051 0.00161094 
0.0191755 0.0231164 0.011347 0.109613 0.000841656 2.68797e-05 0.00751165 9.0332e-05 0.0210265 0.000216394 0.000327537 0.0134995 0.00317812 0.00466647 1.60113e-06 0.000246429 0.00301195 0.000178108 0.000973761 1.29858e-06 9.78433e-06 0.0108439 0.552106 0.0267368 0.0837874 4.03924e-05 0.000867515 0.0892217 0.0150975 0.00223928 
0.156765 0.0432792 0.10176 0.155305 0.0165575 0.000484188 0.0172481 3.93417e-05 0.0322652 0.0123268 0.0401666 0.0203334 0.00502031 0.0190194 3.79775e-05 0.00980465 0.0161803 3.38988e-05 0.00187935 0.0052673 1.54218e-05 0.0332813 0.24889 5.24592e-05 0.00274304 1.0375e-05 0.000339873 0.0575184 0.00307278 0.000303876 
0.0940344 0.0385618 0.0477241 0.127794 0.00392601 0.000407358 0.0721807 0.00070776 0.037709 0.00184081 0.00207339 0.00778435 0.00425129 0.00661101 3.3192e-07 0.0548498 0.037097 0.0144458 0.00015171 2.49707e-07 6.96863e-09 0.0221698 0.311206 0.0044778 0.00567655 2.68428e-06 0.000390289 0.0694538 0.0286816 0.00579072 
0.0520142 0.0841739 0.097935 0.0531634 0.0179902 0.0624229 0.00260254 0.0069634 0.0136914 0.00351116 0.00187288 0.00508174 0.0239236 0.00186366 0.000283934 0.144397 0.0234549 0.0012176 0.000887415 1.22031e-05 5.11469e-06 0.00798997 0.189106 0.0266983 0.0141003 0.000121508 0.0692029 0.0796508 0.0129857 0.00267602 
0.0326966 0.0668785 0.0138355 0.272997 0.00139174 0.0475939 0.00735161 0.00105013 0.0153608 0.000302699 0.000555684 0.00898595 0.00381865 0.0376009 0.00814364 0.0546846 0.0210516 0.000393871 0.000389169 5.73981e-05 5.56237e-05 0.0117745 0.292737 0.0104434 0.000580062 1.53357e-05 0.0126088 0.0736559 0.00202154 0.000967645 
3.87968e-11 9.89904e-11 0.0145479 4.39111e-09 1.29943e-10 1.03948e-10 5.02883e-07 6.88996e-10 5.12975e-07 6.1118e-10 1.37396e-06 7.37434e-07 1.27598e-10 0.00531714 9.11536e-10 1.98777e-06 2.15699e-10 7.9042e-10 2.52368e-08 6.39674e-06 6.91593e-10 0.0220958 0.92238 1.12794e-10 1.16274e-06 1.44318e-09 2.35329e-10 0.0356467 1.61396e-10 6.46283e-10 
0.000883516 0.132188 0.027426 0.00124602 0.00132666 0.000320462 9.06463e-06 7.63933e-05 0.00637849 0.000323874 2.37953e-06 0.0660922 0.132051 0.130203 2.86213e-08 0.00831925 0.00572707 0.000161286 0.000165625 1.01679e-05 5.48979e-06 0.0407225 0.35324 5.44421e-05 2.4667e-07 2.47344e-06 0.00528011 0.0867076 0.000921741 0.000153618 
0.0136757 0.0088958 0.045499 0.142024 5.98514e-10 8.49396e-07 8.90528e-10 1.71415e-06 4.99626e-07 3.16191e-06 1.70993e-09 0.0196964 0.122746 0.00975836 2.98943e-07 0.000205602 2.79979e-07 0.000736255 5.09322e-05 5.26035e-09 3.4667e-07 9.89267e-06 0.371957 5.19524e-10 0.00392091 0.000251245 0.000811763 0.12766 0.124676 0.00741772 
0.0966406 0.0335214 0.0322207 0.0315344 0.00188401 0.0413968 0.0280171 0.000986607 0.0157596 0.0035217 0.00202713 0.0080765 0.0298987 0.00826798 0.000126604 0.0151774 0.0138865 0.00346596 0.00244496 8.2554e-05 2.53682e-05 0.0168519 0.316224 0.0217749 0.00369462 8.20412e-06 0.00649339 0.233722 0.0253257 0.00694278 
0.163499 0.136902 0.0171093 0.0460581 0.000175602 8.58504e-05 0.00339528 2.3267e-06 0.010371 0.00156237 0.000307284 0.0340292 0.00183893 0.0073067 0.00417132 0.00100873 0.00831857 0.000496026 0.000726359 9.02271e-07 2.01201e-06 0.00338024 0.435038 0.000306237 0.0436953 0.0015033 0.00044353 0.0715157 0.00610791 0.000643335 
0.049153 0.0666358 0.0195902 0.0339498 0.00145977 0.00129026 0.00577586 0.00151424 0.000529258 0.000602891 0.00185578 0.0140433 0.00608209 0.00277288 0.000147308 0.0118405 0.00908603 0.00155454 0.000309368 0.00066127 2.85905e-06 0.00082656 0.677537 0.00788083 0.0015175 0.000108471 0.00469002 0.0753647 0.00102349 0.00219468 
0.0466563 0.0184547 0.0337182 0.0464376 0.0119923 0.00422731 0.00107261 0.00131523 0.00659687 0.000657615 0.000417592 0.0201176 0.0821513 0.0172597 0.00270771 0.0216305 0.0114272 0.00159581 0.00138704 0.000530526 0.0109752 0.00303948 0.581532 0.00881646 0.00220932 1.14339e-05 0.00563776 0.0521084 0.00196391 0.00335276 
0.00922645 0.0389488 0.0127384 0.0393775 0.00145211 0.000860985 0.00162755 0.0503984 0.00997406 0.0569219 0.00203012 0.130201 0.00922932 0.130102 3.53155e-05 0.0103161 0.0143239 0.00212343 0.00071489 0.000193382 4.15113e-05 0.00121083 0.416456 0.00894981 0.00594801 4.03476e-06 0.00463888 0.0392981 0.00012758 0.00252983 
0.0660382 0.0338862 0.183079 0.0402874 0.00194009 0.0012082 0.0119087 0.00253978 0.017308 0.000483715 0.000968277 0.015384 0.00343848 0.0584197 0.000345867 0.0484177 0.00709332 0.000962215 0.000343368 2.3606e-07 8.57678e-06 0.0722797 0.268283 0.0299377 0.00777097 1.48075e-05 0.002086 0.106139 0.0147685 0.00466047 
0.048173 0.00500593 0.0466385 0.0103274 0.00106797 0.000273509 0.0290896 0.00256047 0.05798 0.00318035 0.0236293 0.0917528 0.000903703 0.0132162 7.64023e-05 0.0105205 0.00674931 0.00138072 9.12438e-05 0.000355707 3.09036e-05 0.0072091 0.400879 0.0697418 0.000258964 0.00188942 0.000474193 0.163012 0.00160352 0.00192843 
0.0513191 0.137838 0.00450889 0.171261 0.00204346 0.000950754 0.0336057 0.000726593 0.0304782 0.00365093 0.00513453 0.0129747 0.00247214 0.0120149 8.51506e-05 0.0160091 0.0591935 0.0144983 1.60314e-05 1.11458e-05 1.76431e-07 0.00267796 0.30811 0.00440377 0.0408986 0.000102739 0.000522298 0.0788983 0.00441217 0.0011816 
0.051867 0.0240785 0.0836219 0.0752902 0.0178778 0.00739347 0.00552136 0.031415 0.0669567 0.0229593 0.00433361 0.00335496 0.004251 0.00510823 2.21373e-05 0.166341 0.00586181 0.00175881 0.000250105 3.28776e-05 0.00553516 0.108134 0.17988 0.00706265 0.0049403 0.000581967 0.00285971 0.100912 0.00997954 0.00181992 
0.083586 0.0741393 0.0533743 0.0595171 0.011107 0.00655625 0.0088353 0.00159635 0.0220278 0.00801782 0.00346776 0.0160605 0.0204145 0.0134048 0.00192825 0.0201731 0.0127295 0.00273507 0.00329604 0.000900897 0.00156025 0.0190742 0.349281 0.00828628 0.00601743 0.000459493 0.00367937 0.167895 0.0160827 0.00379724 
0.0504132 0.0321114 0.0608115 0.0281396 0.047951 0.00511448 0.00392622 0.000706833 0.0668902 0.00587405 0.00379072 0.00811201 0.0294467 0.00644863 0.000180285 0.0195381 0.0348387 0.000806236 0.00499245 5.47397e-05 2.81833e-06 0.0215242 0.282495 0.00269017 0.00379583 0.00149048 0.0016768 0.082266 0.00183644 0.192075 
0.0666899 0.0084696 0.0150078 0.0617099 0.00169631 0.00462991 0.000146622 0.000825675 0.0179997 0.0101974 0.00145238 0.00386575 0.0776422 0.0119331 2.15914e-05 0.0174232 0.184786 0.00178037 0.000262942 8.54874e-07 1.59062e-05 0.0027079 0.28079 0.0391737 0.000694227 8.32928e-05 0.00114966 0.1757 0.00470359 0.00844028 
0.0137716 0.00464002 0.0185697 0.00855765 0.000277808 0.000347336 0.00111338 0.00223383 0.00697498 0.000172809 0.00382122 0.0978732 0.0045631 0.00222378 0.000427099 0.00907857 0.00531652 0.000450919 0.000440152 3.45945e-06 2.41171e-06 0.0319797 0.712637 0.0293859 0.00146109 0.000512135 0.000178425 0.0325062 0.00922743 0.00125225 
0.0411792 0.00591791 0.0307622 0.0484028 0.0108291 0.00102221 0.00170873 0.000257666 0.0130004 0.01554 0.00187951 0.00461278 0.0135674 0.0022791 7.98874e-05 0.293242 0.0167167 0.00178294 0.000169533 4.67605e-05 6.69885e-05 0.00372072 0.36149 0.0776172 0.000474743 2.30598e-05 0.000338173 0.0513688 0.00011198 0.00179155 
0.000475057 0.0276743 0.00301155 0.00200088 2.72219e-07 8.64939e-08 0.000698285 7.77952e-06 0.000836758 0.000318811 0.000363811 0.000945468 4.25977e-05 0.00125669 0.143675 0.00119918 0.000156604 2.29311e-05 1.97099e-07 0.000518761 1.20161e-08 0.00150553 0.773252 1.95973e-09 3.94997e-05 4.89831e-08 1.93419e-07 0.041675 0.000315672 7.53247e-06 
0.0311407 0.00870294 0.011476 0.0505675 0.000440399 0.00122993 1.94627e-05 0.0168891 0.00172684 0.00124177 0.00297255 0.00408824 0.00929614 0.0403698 8.62225e-05 0.0179701 0.0165768 0.00283898 0.00123976 7.751e-05 7.76956e-06 8.61254e-05 0.595874 0.0839513 0.000592234 3.82573e-06 0.000449713 0.0960699 0.000375974 0.00363815 
0.0266789 0.0300948 0.0213561 0.00730498 0.00505833 0.0180191 0.0138355 0.00012835 0.0242297 8.09581e-05 0.33932 0.0198728 0.00171748 0.0010419 3.019e-07 0.00522188 0.00232166 0.00509051 0.000250377 5.31875e-08 1.47605e-06 0.0238657 0.370707 0.0371578 0.0208794 5.21138e-06 0.000489124 0.0188204 0.00255985 0.00389028 
0.0503604 0.0369863 0.0566315 0.0530793 0.00595641 0.012773 0.0193639 1.50131e-06 0.0176112 3.62545e-05 0.200013 0.0165155 0.110876 0.0021152 5.93518e-07 0.00735348 0.00426497 0.000802399 0.000424496 7.87563e-06 7.61762e-05 0.0272052 0.27844 0.0208198 0.0113293 4.10362e-06 0.000479966 0.0521879 0.0138178 0.000466589 
0.0453193 0.0256171 0.0399671 0.0560903 0.002039 0.000564211 0.000853364 8.87777e-07 0.00191221 1.33006e-05 0.00194491 0.091396 0.117841 0.111996 3.90883e-06 0.00164101 0.000116704 0.000432173 0.000171577 2.23382e-05 0.00100544 0.00338787 0.358426 4.93172e-05 0.0129192 6.31032e-06 0.000859754 0.117391 0.00763078 0.000382255 
0.10585 0.101385 0.0420375 0.121072 0.0300646 0.013275 0.00387771 0.000203772 0.0522309 0.00079621 0.00543098 0.0377194 0.00942815 0.00934463 0.0250242 0.0123271 0.013199 0.00102647 0.00467383 1.50516e-05 0.00010064 0.00551272 0.271039 0.000726535 0.00449221 1.27824e-05 0.00562713 0.116234 0.00396745 0.00330568 
0.0583788 0.214035 0.08016 0.0888481 0.003394 0.0032579 0.00320266 3.02451e-05 0.00379475 0.00011952 5.65127e-05 0.0992432 0.00177477 0.00101972 0.000108743 0.000642892 0.000182825 9.48719e-05 0.00212981 0.00020174 8.01297e-05 0.000852392 0.336072 6.52256e-06 0.00110243 4.05147e-05 0.00160701 0.0915814 0.00700503 0.000977185 
0.0196319 0.00898456 0.037734 0.0221032 0.000944519 0.000198776 1.66884e-05 0.00113886 0.0169849 0.00130525 0.00350909 0.152897 0.00305593 0.0226636 8.07645e-07 0.0133165 0.0247037 0.00181963 0.000103886 1.94989e-05 2.36168e-05 0.000438701 0.578925 0.00891622 0.00100251 7.171e-08 0.00234649 0.0725599 0.00103125 0.00362409 
0.0249911 0.00345432 0.00390217 0.0421093 0.000179384 0.000976444 0.000382501 0.00119352 0.00646532 0.0062385 0.0257317 0.0153963 0.0067737 0.00700892 5.98843e-07 0.037137 0.0455061 0.00365335 0.000146669 5.10192e-07 2.91709e-05 0.00459604 0.585675 0.0322152 0.000843497 0.00096871 0.000643058 0.12461 0.0126007 0.00657145 
0.0104504 0.0358268 0.0695553 0.0251235 0.00180949 0.000478578 0.00116237 0.0041328 0.036151 0.0205973 0.000971831 0.0114044 0.00269379 0.00507921 2.60193e-07 0.0770369 0.137739 0.00497535 0.000404377 2.58293e-07 2.95695e-07 0.00531721 0.233944 0.13872 0.0002666 2.25599e-07 0.00189528 0.154097 0.0145056 0.00566053 
0.0250649 0.0538655 0.034098 0.0184782 0.000741179 0.00032224 0.000690387 0.00580615 0.000874658 0.000876706 0.00393503 0.0629296 0.0105463 0.00647756 0.000374277 0.0110257 0.0123139 0.00247304 0.00064818 4.3611e-07 0.00243291 0.00892114 0.642353 0.0210681 0.00485457 3.1165e-06 0.000354285 0.0587841 0.00613494 0.00355186 
0.149324 0.0319648 0.0121173 0.128447 0.00543853 0.00310042 0.00201006 0.000502319 0.0171032 0.016943 0.000901801 0.0119438 0.0368368 0.00328327 2.0177e-05 0.0104617 0.0340228 0.00435398 0.00158794 2.50628e-05 5.97303e-06 0.00122368 0.323381 0.00125547 0.0103977 1.67485e-05 0.0020337 0.186154 0.00346898 0.00167624 
0.0296877 0.00475069 0.0152355 0.14453 0.00569223 0.00528843 0.00434743 3.79715e-05 0.213226 0.000147304 0.00134298 0.00128389 0.0500371 0.00101638 0.000121351 0.000448187 0.00033149 0.000161131 0.00538133 0.000243681 0.00236048 0.032352 0.380513 1.96454e-05 0.0124556 0.0034162 0.00216566 0.0132246 0.0699 0.000281817 
0.060071 0.113972 0.0713187 0.0416516 0.00516236 0.00247275 0.0109751 0.0146671 0.0311324 0.00332287 0.00509082 0.15992 0.00350127 0.0125679 0.011849 0.0231869 0.00363511 0.00169588 0.0248966 0.000117526 0.000115508 0.00894618 0.25386 0.00767536 0.0123092 6.34793e-05 0.00260417 0.0789225 0.0270581 0.00723847 
0.103511 0.191739 0.0131725 0.099187 0.00060044 6.24779e-05 0.003161 0.000776629 0.00883481 0.000491074 1.08956e-05 0.00559103 0.0137252 0.0102182 2.69752e-06 0.0182765 0.00120357 0.000647536 9.2018e-05 5.58467e-06 4.06135e-06 0.000761453 0.355238 8.40163e-05 0.00311941 1.4498e-05 0.000186184 0.0946713 0.0742101 0.000401605 
0.0533857 0.0757659 0.034286 0.0554313 0.00811219 0.00970717 0.00555572 0.000984444 0.01849 0.0012986 0.00377479 0.136909 0.00623035 0.00783058 0.0227552 0.00981688 0.0221671 0.00139588 0.000567752 0.000270413 4.70026e-06 0.00328964 0.403295 0.0129055 0.0104933 0.000221554 0.00213471 0.0866017 0.00301608 0.00330226 
0.102627 0.013578 0.0329978 0.163617 0.00327914 0.00828652 0.0108626 0.00128528 0.0154976 0.00950031 0.00261137 0.110436 0.07543 0.0737401 0.00140575 0.012121 0.0138262 0.00182043 0.00221148 0.00984774 0.00179743 0.00307105 0.201234 0.0113805 0.00617105 1.37487e-05 0.00506216 0.0979662 0.00574326 0.00257911 
0.0104504 0.0358268 0.0695553 0.0251235 0.00180949 0.000478578 0.00116237 0.0041328 0.036151 0.0205973 0.000971831 0.0114044 0.00269379 0.00507921 2.60193e-07 0.0770369 0.137739 0.00497535 0.000404377 2.58293e-07 2.95695e-07 0.00531721 0.233944 0.13872 0.0002666 2.25599e-07 0.00189528 0.154097 0.0145056 0.00566053 
0.0827606 0.00607216 0.173399 0.0116687 0.0403325 0.0995581 0.0773039 1.23747e-06 0.0942165 3.56434e-06 1.59325e-06 0.00127768 0.0952425 0.0104214 4.35265e-06 0.00430625 0.0175634 0.0248208 0.00126619 9.81764e-06 8.69543e-06 0.00746269 0.205015 3.27899e-07 0.00631719 1.14174e-06 0.00123294 0.0349138 0.00343922 0.00137817 
0.0335893 0.0417368 0.022148 0.0453207 0.00175177 9.409e-05 0.0244282 0.00200643 0.0221328 0.000322726 0.00236778 0.0263152 0.00355543 0.0254059 8.2347e-06 0.00988687 0.00981751 0.00544512 3.72576e-06 0.00051084 1.16107e-07 0.0142604 0.52055 0.0347201 0.0792775 6.83268e-05 0.00949745 0.0607491 0.000997079 0.00303286 
0.0163208 0.0436745 0.00146557 0.0333951 0.000115827 5.18384e-06 2.96549e-07 3.2245e-06 0.00678648 8.53455e-07 0.000142878 0.00301452 1.93469e-05 0.0469174 4.98728e-09 0.000216693 0.00282656 7.2211e-05 6.18949e-05 1.14742e-07 9.80346e-07 0.000405962 0.756638 0.00134811 6.67914e-05 2.4318e-06 1.32712e-05 0.08168 0.00455821 0.000246904 
0.00399031 0.039632 0.0108044 0.0104594 7.50488e-05 8.17955e-07 0.0061228 1.00176e-08 0.0019895 0.000127286 2.66132e-05 0.0236106 0.000284561 0.00189561 0.000880728 0.0253782 0.000196125 8.41964e-07 3.8875e-05 0.000391564 7.76266e-07 1.6194e-05 0.82137 2.15463e-06 0.0111685 3.66515e-06 2.19091e-06 0.0412736 8.01911e-07 0.000257042 
0.00265509 0.00321901 0.0254356 0.00762206 1.92117e-05 0.00142932 0.00475764 0.00114129 0.0128925 0.00257597 0.108307 0.0689816 0.0015262 0.000572829 1.24204e-06 0.0239951 0.0106199 0.00117199 3.18478e-05 0.000378346 4.29535e-06 0.0334833 0.610016 0.00581061 0.00702865 0.000734839 0.000746817 0.0549104 0.00843379 0.00149699 
0.204747 0.0199653 0.0518441 0.109989 0.00700847 0.0180155 0.0050944 0.00165948 0.0111616 0.00308077 0.00249957 0.0108722 0.00435005 0.00329439 0.000103386 0.0076196 0.0213556 0.0129298 0.00593945 4.35422e-05 1.09418e-05 0.000956451 0.300487 0.00716614 0.00350536 1.74286e-05 0.010226 0.162484 0.00745166 0.00612284 
0.12093 0.0430072 0.0317073 0.0840765 0.00104828 0.00237638 0.00289222 0.000898821 0.00621534 0.00287754 0.00296706 0.00874248 0.0306652 0.00768853 9.67015e-05 0.0366582 0.0115508 0.00903509 0.000787093 6.2215e-05 1.21021e-05 0.00185575 0.288346 0.0205643 0.0229214 5.85455e-06 0.00207982 0.19783 0.0148709 0.0472312 
0.161825 0.0783663 0.0464301 0.194834 0.0126968 0.00929512 0.0115963 0.000548349 0.0292301 0.00117893 0.00240001 0.067674 0.0150008 0.00785206 0.0102143 0.00653918 0.0132731 0.00195711 0.00338116 0.000361487 4.52951e-05 0.0059248 0.196355 0.00641315 0.0102667 0.000110532 0.0033141 0.0714944 0.0291724 0.00225039 
0.0141256 0.00873597 0.0203598 0.0201523 7.15016e-05 0.000416431 0.000130285 0.00504452 3.02199e-05 0.00141806 0.0135457 0.0710283 0.000671458 0.00266825 0.000513167 0.0194902 0.0226953 0.00440414 5.2092e-05 1.93369e-05 2.74322e-08 0.00660095 0.660286 0.0696867 0.00149905 1.52657e-07 0.000685615 0.0485026 0.00151798 0.00564875 
0.0443815 0.0239961 0.0620044 0.0405666 0.000800136 0.00161968 0.00107298 0.000486821 0.00742873 0.161714 0.00031615 0.00106043 0.0189348 0.00645593 1.54861e-07 0.056454 0.133293 0.00171962 0.00111724 1.06765e-05 4.28543e-10 0.000919899 0.183983 0.113468 0.00011374 3.8273e-06 0.0114972 0.107869 0.0161224 0.00259018 
0.0124964 0.00233261 0.0578598 0.00269163 0.00141431 0.000214019 0.0038425 2.00736e-05 0.00343568 0.0869262 0.00559831 0.00182118 0.000272229 0.000395194 1.1054e-06 0.0032949 0.000131262 5.81586e-05 0.000106735 1.56538e-05 1.6945e-07 0.00775959 0.735284 4.07086e-06 0.000222342 2.46419e-06 0.00137599 0.0689514 0.000643021 0.00282842 
0.113529 0.0208887 0.0211974 0.161602 0.00788923 0.00809051 0.0558552 0.0015169 0.0190046 0.00427053 0.0847955 0.0121979 0.00561317 0.00317558 0.000108339 0.0139838 0.0162761 0.0124666 0.00391638 3.65648e-05 7.86445e-06 0.00465252 0.310068 0.00651998 0.00876351 2.1012e-05 0.00497621 0.0749069 0.019341 0.00432949 
0.0391021 0.0545006 0.0187242 0.0131916 0.00221479 0.000251482 0.00799245 0.00113537 0.00916925 0.00151233 0.0520009 0.0113932 0.0220336 0.0029499 6.5823e-05 0.0674156 0.0048051 9.75532e-05 6.14046e-05 3.45803e-06 5.24291e-06 0.0662738 0.339751 0.00179454 0.00579908 0.00586593 6.88684e-05 0.235672 0.0345613 0.00158803 
0.0732427 0.0227643 0.121011 0.061248 0.00153425 0.000115659 0.00111395 0.00030548 0.0167021 0.000220673 1.20983e-06 0.0180954 0.0180851 0.0147225 0.000146867 0.0497028 0.0012662 0.000295866 0.000546868 0.00014622 0.0544655 0.00953048 0.317301 7.14784e-05 0.00113693 5.69313e-06 0.000435458 0.180079 0.0355045 0.000202663 
0.0357662 0.0239576 0.0579701 0.0709172 0.00442195 0.000699413 0.000207408 0.106079 0.00743254 0.00299986 0.00268544 0.0182299 0.00586517 0.00648546 0.00109071 0.181321 0.0114915 0.0012082 0.000800512 1.40331e-06 0.000173233 0.0112286 0.193285 0.146794 0.000279363 3.51798e-05 0.000745768 0.0537811 0.0198652 0.0341816 
0.141929 0.079248 0.0432812 0.0699361 0.00786534 0.00720446 0.0187088 0.00159003 0.0197104 0.00283801 0.00717828 0.0487336 0.01658 0.058124 0.00161832 0.0601699 0.020027 0.00173309 0.00211301 0.00020076 3.85844e-05 0.0150269 0.185837 0.00438923 0.00630884 0.000602576 0.00348673 0.152939 0.0168577 0.00572372 
0.0408262 0.0343732 0.0388817 0.0582383 0.00490421 0.000621928 0.202721 0.00431076 0.020889 0.000949374 0.0192678 0.0178414 0.00291772 0.00752757 4.54811e-05 0.0570874 0.0871107 0.0221622 0.00482464 0.00037444 7.16793e-07 0.0139833 0.225156 0.00809308 0.010812 0.00155005 0.000614726 0.109088 0.00195652 0.00287072 
