0.0883163 0.0159424 0.036078 0.127352 0.0101155 0.00920481 0.00958062 1.52537e-06 0.0609916 0.00125758 9.74508e-05 0.000521645 0.00841823 0.00695013 7.3719e-07 0.000333274 0.000243162 2.61035e-05 0.00786905 2.75742e-05 1.14049e-06 0.00410799 0.000785731 4.1046e-05 0.00238781 2.68041e-05 0.102577 0.0117855 0.494837 0.000121971 
0.163666 0.0202471 0.073657 0.113949 0.0242496 0.0158968 0.0815214 2.24385e-05 0.115752 6.97398e-05 0.00279465 0.00325639 0.00493665 0.00101629 0.00022071 0.000534954 0.000188626 0.000163005 0.0274211 8.93066e-05 8.11944e-05 0.0299144 0.0153381 1.85929e-05 0.00333617 3.22322e-05 0.0339125 0.0708322 0.17497 0.0219121 
0.0273254 0.00895019 0.116219 0.0226272 0.0125443 0.00156147 0.00174399 8.64201e-05 0.00617963 0.00247596 0.000495188 0.000562978 0.00632766 0.00686146 8.7209e-06 0.00756529 0.000444315 0.000740809 0.00226675 0.000102955 0.000106425 0.021446 0.0271933 2.76252e-06 0.00775268 1.64329e-05 0.00147933 0.356076 0.360218 0.000619854 
0.0308404 0.0103549 0.055467 0.0188481 0.00234868 0.0122918 0.00790874 2.95543e-05 0.00790833 9.05729e-06 5.54923e-05 0.000395641 0.00184125 0.00264632 2.43681e-05 0.00115276 1.97705e-05 0.000111738 0.00860517 0.000559453 0.000166178 0.0591431 0.00715594 8.1095e-06 0.0396183 5.01431e-05 0.050436 0.0133892 0.668541 7.40223e-05 
0.214839 0.00773762 0.170858 0.022013 0.0120627 0.00302255 0.0641386 6.02986e-05 0.0436589 1.59436e-05 0.000258588 0.00166044 0.00143057 0.000832028 0.000461058 0.0242558 0.000158457 7.88053e-05 0.00846152 0.000488764 7.42715e-07 0.0597212 0.0127976 5.42286e-06 0.000279629 3.31299e-05 0.00592255 0.111235 0.233443 6.9085e-05 
0.0535562 0.0263544 0.0853858 0.0480846 0.0183156 0.00306662 0.00261714 3.36828e-05 0.0152507 0.00315096 0.00328249 0.00171701 0.0189728 0.00946583 1.27446e-07 0.00364379 0.00128497 0.0631175 0.00198607 0.000105822 9.7871e-05 0.0659414 0.00868064 3.38098e-05 0.00620822 4.89926e-05 0.00855106 0.171417 0.379056 0.000572977 
0.104659 0.0557922 0.0918758 0.0281382 0.140006 0.022793 0.0211065 6.53229e-05 0.0723889 7.60736e-05 6.0187e-05 0.000109582 0.00167877 0.0617196 0.000624354 0.000602121 0.000625611 0.00702797 0.0229684 2.57991e-06 4.20707e-06 0.00590406 0.000717681 1.22622e-05 0.000665838 6.12381e-05 0.0301613 0.0778895 0.252252 1.09387e-05 
0.119982 0.0131029 0.0636589 0.138911 0.00778413 0.0133485 0.00854879 0.00790677 0.0217616 0.000447191 0.000731736 0.00615089 0.00431552 0.00501299 1.73363e-05 0.00121946 0.00398594 0.000108086 0.00322771 7.36761e-06 0.000291665 0.0330402 0.00392975 3.6141e-05 0.0684244 6.33003e-05 0.00497092 0.0391418 0.429812 6.05272e-05 
0.273011 0.00951736 0.0700117 0.183425 0.0131394 0.0056348 0.00782898 6.74636e-05 0.0519634 5.21834e-05 7.47985e-05 0.0018157 0.0100557 0.00260492 1.24211e-05 0.00236149 0.000905154 0.000369749 0.0122505 6.98771e-05 0.000127388 0.00609931 0.00356415 8.2264e-06 0.00516139 0.000169696 0.00210344 0.0351392 0.302224 0.000231724 
0.0308404 0.0103549 0.055467 0.0188481 0.00234868 0.0122918 0.00790874 2.95543e-05 0.00790833 9.05729e-06 5.54923e-05 0.000395641 0.00184125 0.00264632 2.43681e-05 0.00115276 1.97705e-05 0.000111738 0.00860517 0.000559453 0.000166178 0.0591431 0.00715594 8.1095e-06 0.0396183 5.01431e-05 0.050436 0.0133892 0.668541 7.40223e-05 
0.0628584 0.00920539 0.00722545 0.024103 0.00137902 0.00047306 1.63764e-05 3.95322e-05 0.00377226 5.18236e-06 5.50562e-09 1.44737e-07 1.11087e-06 0.000641677 0.0368056 0.0721108 1.0697e-05 1.56994e-07 0.00664107 1.69373e-08 1.02565e-08 0.023607 5.80191e-05 5.21662e-07 5.31147e-08 5.24667e-06 1.47965e-06 0.0431795 0.707837 2.21996e-05 
0.0391382 0.00895348 0.0902885 0.045529 0.00356271 0.00558878 0.0016351 2.46536e-05 0.00524747 0.0162904 0.000969652 5.61645e-05 0.112442 0.00605052 2.70095e-07 0.00895118 0.177356 0.000166037 0.00196964 6.5534e-06 0.00114409 0.101459 0.00653026 0.00035509 0.00184287 2.89871e-06 0.00662461 0.139525 0.218231 5.88112e-05 
0.17184 0.0207724 0.197936 0.159984 0.0149354 0.00702263 0.00486633 0.00265831 0.0190154 0.000384705 0.000242144 0.00066165 0.0272208 0.00511468 7.70098e-05 0.0157414 0.00491045 0.000606411 0.020371 6.53473e-05 0.000121624 0.035385 0.0176409 3.62827e-05 0.00515948 0.000662613 0.00242403 0.0602151 0.203725 0.000203049 
0.0241179 0.0405553 0.000840663 0.00203769 0.0597953 0.108809 0.00349611 9.80909e-06 0.0299657 0.000267162 0.00263123 0.000278531 0.0349898 0.019537 5.86552e-06 0.00849013 0.000477672 0.00102092 0.00593012 1.47043e-05 8.33802e-06 0.310076 0.00303232 2.2964e-06 0.00182139 0.00041551 0.00160167 0.00537676 0.334392 3.15937e-06 
0.073259 0.0040154 0.0669091 0.218842 0.00540455 0.0306375 0.0261433 6.54817e-05 0.0173151 0.000140813 4.2419e-05 0.00272519 0.0153125 0.00728454 3.27473e-07 0.000707096 0.0029383 4.81289e-05 0.0289894 0.000408201 2.13497e-07 0.00240183 0.0236744 2.93648e-05 0.00521358 5.18865e-06 0.00122031 0.0455981 0.419947 0.000721691 
0.168059 0.0023819 0.28497 0.00483306 0.000742381 2.6677e-05 0.000275483 1.26572e-07 0.000180203 4.97658e-05 0.000561314 3.39395e-11 3.7402e-05 0.000124238 1.38485e-10 0.000142527 4.96661e-07 0.00221929 0.00125196 2.58877e-08 1.0507e-10 0.0050375 0.00391804 9.12567e-05 3.85927e-07 1.90257e-07 4.07578e-07 0.162961 0.362136 9.81862e-11 
0.231985 0.0255217 0.057097 0.120631 0.0132635 0.00833207 0.00893635 0.0189749 0.019119 0.000239688 0.0029766 0.00180594 0.00985922 0.00672775 3.68193e-07 0.0016697 0.00118709 0.000445938 0.0146681 1.75028e-05 0.000625292 0.127601 0.00465508 0.000232259 0.014012 4.98813e-05 0.00372044 0.0707981 0.23469 0.000156619 
0.219021 0.0300716 0.118024 0.0361039 0.00402607 0.0141425 0.00493206 7.11206e-05 0.0064305 0.000100471 0.00107079 0.000174208 0.013979 0.00402636 0.00153911 0.00465302 0.000211151 0.000439448 0.00123438 0.000127487 0.000941842 0.0501636 0.00822916 3.85403e-05 0.00114221 1.51192e-05 0.0216359 0.224003 0.233338 0.000114971 
0.0883163 0.0159424 0.036078 0.127352 0.0101155 0.00920481 0.00958062 1.52537e-06 0.0609916 0.00125758 9.74508e-05 0.000521645 0.00841823 0.00695013 7.3719e-07 0.000333274 0.000243162 2.61035e-05 0.00786905 2.75742e-05 1.14049e-06 0.00410799 0.000785731 4.1046e-05 0.00238781 2.68041e-05 0.102577 0.0117855 0.494837 0.000121971 
0.152889 0.0251821 0.0557995 0.0661354 0.00571304 0.012266 0.0106265 0.00024805 0.0263325 8.69437e-05 0.0047007 0.000852812 0.0060946 0.00197897 0.000944309 0.00187434 0.00018142 8.88855e-05 0.00956201 2.8889e-05 0.000119996 0.0158783 0.00573656 9.10218e-05 0.006226 7.50365e-05 0.00144399 0.106449 0.482336 5.8352e-05 
0.0728315 0.0420728 0.0543851 0.117707 0.011408 0.0529319 0.00524463 0.00142659 0.038363 0.000361967 0.000350342 0.0150448 0.00195413 0.00971857 1.69776e-06 0.00104963 0.00307229 0.000257346 0.00512307 3.87193e-05 0.000466616 0.0448748 0.00839391 2.30123e-05 0.0248009 2.76621e-05 0.0529943 0.0303294 0.404689 5.75394e-05 
0.0478599 0.00151977 0.118752 0.0356079 0.000524518 0.000172791 0.000511509 0.000605794 0.00152566 4.84617e-05 0.00010064 0.00348402 0.00170548 0.00840208 5.0404e-05 0.0049248 0.000122321 3.28609e-05 0.000736139 9.85799e-05 0.00179271 0.237596 0.000921552 8.5343e-05 0.00271764 1.31406e-05 0.000427283 0.013631 0.515901 0.00012787 
0.0361635 0.0249256 0.232628 0.0775907 0.0214699 0.00252063 0.0567884 0.00087783 0.0316025 8.33264e-05 0.000785133 0.00105291 0.0173745 0.0050415 3.39345e-05 0.014379 0.00657146 0.0125811 0.0103436 4.19452e-05 0.000491904 0.0469111 0.0111276 0.00031239 0.00696149 4.14956e-06 0.0175193 0.0427684 0.317199 0.00384939 
0.143635 0.012416 0.217527 0.162858 0.00620223 0.0212187 0.0034336 0.000459534 0.0181591 6.09889e-05 9.62307e-05 0.000486074 0.00980254 0.000859042 2.60996e-07 0.00113309 0.000777478 9.20062e-05 0.0104361 7.6171e-05 7.21735e-05 0.0120715 0.000817988 1.332e-05 0.00139892 0.000682413 0.00163258 0.03718 0.336317 8.38892e-05 
0.207565 0.0209127 0.134117 0.193453 0.0104556 0.00173347 0.00991488 4.87121e-05 0.0332282 0.000473371 0.00030726 0.00189684 0.00816071 0.00624996 0.00032947 0.00326611 0.0135075 0.000423313 0.00757386 3.06367e-05 3.22995e-05 0.00605102 0.00602098 0.000173942 0.00188464 5.01499e-05 0.00354741 0.0816297 0.246916 4.61683e-05 
0.184825 0.00272203 0.0181028 0.0337309 0.00115784 2.09868e-05 0.000526774 3.9956e-05 0.00132235 0.00158485 0.13707 1.65262e-05 0.0242255 2.5772e-05 1.37646e-05 0.00325705 0.000514551 2.72023e-05 0.0115096 4.00207e-06 1.52526e-07 0.0974368 0.0265594 5.76756e-07 0.00298158 0.195117 6.66416e-05 0.0353007 0.221816 2.33105e-05 
0.00914403 0.00245523 0.0178477 0.00993879 0.00180868 2.07855e-06 0.00180119 3.32945e-06 0.0248076 0.000228866 0.000224929 2.75163e-07 0.00340776 0.000859924 1.48305e-05 0.00113636 0.00290278 2.6945e-05 0.00151763 3.56784e-05 3.7792e-07 0.010917 0.00131755 6.18249e-06 0.00123317 5.43116e-06 0.000241202 0.0122987 0.895654 0.000161671 
0.0543 0.0152386 0.0506595 0.258851 0.080876 0.00718593 0.00490588 1.32285e-05 0.0423874 0.000156885 0.00104076 0.018447 0.00822742 0.000893005 2.00397e-06 0.00408758 0.000108668 2.43252e-05 0.0164909 0.00388337 0.00163425 0.00674733 0.00451295 1.10541e-05 0.00503046 2.21317e-05 0.00256885 0.0129223 0.394407 0.00436451 
0.0440463 0.0139871 0.0205139 0.00493062 0.0101075 0.000810977 0.0107795 9.76596e-05 0.0189462 7.77578e-05 0.00015361 0.000597501 0.0085533 0.000797034 0.000418625 0.000137196 9.28162e-05 0.000274991 0.00154 0.000811989 0.000825007 0.000891303 0.0012347 6.69944e-05 0.00213005 0.000239991 0.00254716 0.0292369 0.824386 0.000767404 
0.0218295 0.00545472 0.0653785 0.0379889 0.00197956 0.000591613 0.00195009 6.7126e-05 0.0128096 0.000370662 0.000249834 0.000248203 0.0181254 0.00217579 2.81503e-07 0.00226679 0.00559993 1.83428e-07 0.000390456 3.10825e-05 4.75715e-05 0.190473 0.00548789 3.72939e-05 0.00135196 6.50387e-05 0.000236029 0.0567166 0.568062 1.42701e-05 
0.0873479 0.00877699 0.113649 0.175462 0.0092164 0.033008 0.0286011 4.38335e-05 0.0317948 0.000154978 0.000369503 0.00420075 0.018304 0.00615233 2.29851e-05 0.00127562 0.00150469 0.0022014 0.0479471 0.000391213 0.000125937 0.0194731 0.0148858 3.73852e-05 0.00884479 0.000101631 0.00847757 0.0638171 0.313024 0.000788262 
0.0932785 0.0200836 0.102118 0.186659 0.00921487 0.0132843 0.00273162 0.00045144 0.0539164 0.000303518 0.00348939 0.000432439 0.00294585 0.000841306 2.40811e-05 0.00168215 2.33037e-05 3.40674e-05 0.00480624 0.000348038 2.85315e-05 0.0219261 0.00487149 9.3812e-06 0.0032016 0.00122167 0.0044152 0.0178236 0.449487 0.000346559 
0.0196025 0.00682255 0.0112583 0.00310191 0.000851052 0.00382898 0.00120311 0.00244314 0.00244992 0.000155399 0.00253394 0.00713249 0.000535968 0.000449895 0.000230557 0.00216883 0.00122476 3.8035e-05 7.23302e-05 7.13524e-06 2.74316e-05 0.0163075 0.00576113 1.25621e-05 0.00271399 4.09617e-05 0.000390981 0.0288051 0.879825 4.14816e-06 
0.0824114 0.00429599 0.117829 0.122277 0.0262041 0.0224813 0.00663016 0.000107835 0.0538885 3.19767e-05 0.000360636 0.000470519 0.131807 0.0019207 9.58199e-06 0.00302648 0.000891506 0.000255398 0.00495704 5.60005e-05 0.000146808 0.0643249 0.00366927 6.88536e-05 0.0285121 6.8788e-05 0.00104414 0.020435 0.301666 0.000153328 
0.172674 0.0114838 0.0580265 0.231661 0.0111279 0.0545762 0.00389484 0.00426409 0.0644675 0.000157736 0.000359003 0.00168574 0.00500567 0.00679022 1.9851e-08 0.000247695 0.00250423 8.34131e-05 0.00271066 3.11177e-05 0.00133499 0.0211318 0.00151056 4.56081e-05 0.00223358 3.77311e-05 0.00415546 0.0281676 0.309578 5.3782e-05 
0.0254836 0.270345 0.10027 0.0201341 0.00111838 0.000214319 0.0239422 1.36357e-06 0.02088 0.0687066 0.000100912 0.00327983 0.0064692 0.00139841 6.15502e-06 0.000636025 2.83676e-05 8.93331e-06 0.0010686 3.90013e-05 2.93974e-05 0.0131645 0.0427673 1.1547e-06 0.0141364 0.000270944 0.00261676 0.0975675 0.285285 2.91861e-05 
0.0399621 0.00937948 0.242994 0.0488084 0.0202028 0.00323661 0.0124373 1.85059e-05 0.093974 0.0929476 8.0603e-05 0.000545486 0.00521692 0.00548276 2.2539e-05 0.00453892 0.00236904 0.000179624 0.0154747 0.000368281 0.000116864 0.0479213 0.00633047 7.40452e-05 0.00401888 3.91989e-05 0.00551693 0.023897 0.313744 0.000101714 
0.103569 0.0226313 0.0851359 0.0679316 0.00297004 0.00800513 0.00859549 0.000261916 0.0136973 0.00276503 5.70102e-05 0.00167981 0.0542311 0.0433716 1.09061e-05 0.00243308 0.00316233 8.91673e-05 0.000496179 9.7363e-05 0.000145796 0.0268206 0.00490568 2.18476e-05 0.00347963 3.75831e-05 0.00440143 0.246825 0.292053 0.000118944 
0.0650637 0.00885851 0.189648 0.166196 0.0187091 0.00657252 0.0229504 1.89233e-05 0.0277072 0.000167507 4.69055e-05 0.0051472 0.0233263 0.00278501 2.47458e-05 0.00013688 0.00414703 0.000140878 0.00464722 0.00112722 0.00151772 0.00900276 0.00202274 7.75771e-06 0.0864652 1.6894e-05 0.00312874 0.044163 0.306096 0.000157151 
0.0231565 0.0566217 1.17051e-06 0.00464215 0.0163585 0.0913534 0.0529096 1.24469e-07 0.0766359 9.81122e-08 0.00973215 0.00444937 0.0190542 0.0228961 5.65879e-07 0.000121692 8.37619e-05 0.00261858 0.0180021 0.00898148 0.000172682 0.047138 0.00224254 2.38604e-07 1.23264e-06 0.00177225 9.0283e-07 0.0507448 0.489861 0.00044756 
0.101989 0.0246311 0.176598 0.0334139 0.0120186 0.00454015 0.0127076 0.00049781 0.0629591 0.000284416 8.00766e-05 0.00147002 0.00332246 0.00196574 0.0130821 0.00016117 3.62245e-05 5.83517e-05 0.00291088 4.52893e-05 0.000443313 0.0710712 0.0038635 1.53266e-05 0.012337 0.00137354 0.00533935 0.061527 0.390903 0.000355062 
0.108455 0.0939664 0.284847 0.0449863 0.00420621 0.0231116 0.00705147 3.73613e-05 0.0162911 9.05508e-05 7.76171e-06 0.00022574 0.00522806 0.00462903 0.00254609 0.000749955 0.00062551 1.37694e-05 0.00828142 0.000108437 0.00395957 0.0203501 0.00999021 8.70073e-06 0.0252376 4.6009e-05 0.000133119 0.0151896 0.319615 1.08732e-05 
0.0898498 0.00952771 0.191686 0.0468434 0.0141664 0.00261975 0.0531823 5.30472e-05 0.058859 0.00110613 0.000539765 0.00239111 0.00284965 0.000625114 5.03186e-06 0.000513589 0.000234367 0.000812665 0.0685209 0.000100046 2.45834e-05 0.138499 0.00128645 5.68557e-05 0.00673792 0.0128464 0.00205587 0.0106692 0.283284 5.35205e-05 
0.094338 0.00560152 0.154797 0.0214084 0.0639974 0.0403066 0.013773 0.000163257 0.0407919 3.71783e-05 4.82215e-05 0.000592818 0.00887116 0.0021192 3.26159e-05 0.0602409 0.00132047 3.85503e-05 0.20318 0.000130507 0.000147829 0.0232281 0.000911512 1.4194e-05 0.00168623 0.00105624 0.00491963 0.00986799 0.246264 0.000114577 
0.114131 0.0155261 0.142945 0.147864 0.0116694 0.00941872 0.00782005 0.00291992 0.046061 6.60547e-05 0.000299782 0.039888 0.0596418 0.0148552 1.31176e-08 0.00117543 0.0122086 0.000376307 0.0096286 0.00014316 0.00289841 0.0421032 0.0124866 0.000127487 0.0112726 4.58775e-05 0.0130828 0.0775927 0.203641 0.000110456 
0.042724 0.0205957 0.206587 0.0426948 0.13438 0.00757463 0.00576759 0.0278119 0.0266551 1.26269e-05 6.90783e-05 0.000767786 0.0036898 0.0134203 1.62889e-05 0.00221107 4.68924e-05 4.12528e-05 0.00619975 5.0488e-05 0.000669817 0.105304 0.0158865 7.4943e-05 0.00399731 3.20111e-05 0.000762001 0.0389842 0.292942 3.0266e-05 
0.0219842 0.0100351 0.116221 0.00564242 0.00326911 0.00480261 0.0186462 8.28246e-06 0.0171312 0.000175368 1.35003e-05 0.0034837 0.000493719 8.20378e-05 0.00378607 0.00130622 1.833e-05 4.91787e-05 0.0152502 5.69079e-05 5.78322e-05 0.053251 0.00548421 5.54033e-06 0.00168225 1.11445e-05 0.000479709 0.0061321 0.710371 6.97439e-05 
0.0883163 0.0159424 0.036078 0.127352 0.0101155 0.00920481 0.00958062 1.52537e-06 0.0609916 0.00125758 9.74508e-05 0.000521645 0.00841823 0.00695013 7.3719e-07 0.000333274 0.000243162 2.61035e-05 0.00786905 2.75742e-05 1.14049e-06 0.00410799 0.000785731 4.1046e-05 0.00238781 2.68041e-05 0.102577 0.0117855 0.494837 0.000121971 
0.076423 0.0112867 0.14788 0.038951 0.0606282 0.01945 0.021667 3.38999e-05 0.125871 0.000164075 0.000225712 0.000715944 0.00143717 0.000700342 5.51596e-06 0.000620017 5.91523e-05 0.000374499 0.00745021 1.7113e-06 3.28059e-06 0.0222415 0.00235215 1.72295e-05 0.00780354 0.00130898 0.0102344 0.0864155 0.355589 8.92365e-05 
0.00914403 0.00245523 0.0178477 0.00993879 0.00180868 2.07855e-06 0.00180119 3.32945e-06 0.0248076 0.000228866 0.000224929 2.75163e-07 0.00340776 0.000859924 1.48305e-05 0.00113636 0.00290278 2.6945e-05 0.00151763 3.56784e-05 3.7792e-07 0.010917 0.00131755 6.18249e-06 0.00123317 5.43116e-06 0.000241202 0.0122987 0.895654 0.000161671 
0.0254638 0.0215883 0.0382792 0.0681747 0.000569554 0.000912169 8.3003e-05 0.0154616 0.00577011 0.0228309 0.00160447 0.000967293 0.00395664 0.00560788 8.12244e-06 0.0219946 0.103286 0.00227179 7.30221e-05 3.15868e-06 1.28632e-05 0.00567111 0.0641142 0.102342 0.0318793 1.71853e-05 0.000410216 0.16441 0.213804 0.0784336 
0.0391382 0.00895348 0.0902885 0.045529 0.00356271 0.00558878 0.0016351 2.46536e-05 0.00524747 0.0162904 0.000969652 5.61645e-05 0.112442 0.00605052 2.70095e-07 0.00895118 0.177356 0.000166037 0.00196964 6.5534e-06 0.00114409 0.101459 0.00653026 0.00035509 0.00184287 2.89871e-06 0.00662461 0.139525 0.218231 5.88112e-05 
0.219931 0.00777588 0.0386551 0.123496 0.0106455 0.0056232 0.0120787 0.00362603 0.0235388 0.000419651 0.000168694 0.00204215 0.0111334 0.00134338 1.23478e-05 0.00393665 0.00127215 0.000276129 0.00431799 8.32187e-05 0.000222216 0.0149036 0.00640863 1.72132e-05 0.0113453 0.000254338 0.00300034 0.0414035 0.448901 0.00316771 
0.0924308 0.00357355 0.0709545 0.115059 0.00565035 0.00636944 0.0048754 0.000686986 0.0120275 4.04305e-05 5.49205e-05 0.000526143 0.00249956 0.000147546 6.54555e-06 0.00247749 9.23346e-05 0.000344577 0.0175193 2.51564e-05 0.000314392 0.00776831 0.00252291 1.85637e-05 0.000984193 0.000197696 0.00180178 0.0225392 0.628448 4.34283e-05 
0.0883163 0.0159424 0.036078 0.127352 0.0101155 0.00920481 0.00958062 1.52537e-06 0.0609916 0.00125758 9.74508e-05 0.000521645 0.00841823 0.00695013 7.3719e-07 0.000333274 0.000243162 2.61035e-05 0.00786905 2.75742e-05 1.14049e-06 0.00410799 0.000785731 4.1046e-05 0.00238781 2.68041e-05 0.102577 0.0117855 0.494837 0.000121971 
0.124685 0.00720801 0.0889134 0.0496857 0.0526004 0.0115563 0.00606004 0.034232 0.0141264 0.00279506 0.0533165 0.00236079 0.0116446 0.00267356 3.60293e-05 0.0581699 0.0171608 0.00271317 0.00589625 0.0373064 0.000243971 0.0422407 0.0185389 0.00522847 0.00148289 0.000289474 0.00283501 0.167635 0.176477 0.00188801 
0.0508365 0.015552 0.0886601 0.0587068 0.00405431 0.0177218 0.0197957 6.64025e-05 0.0368236 4.94383e-05 0.0234776 0.00297109 0.131329 0.00244275 2.45866e-05 0.00899621 1.44472e-05 6.83535e-05 0.000776617 0.000179933 0.0002909 0.162828 0.00289049 1.1177e-05 0.00139819 5.52491e-05 0.00331162 0.0568351 0.309643 0.000188772 
0.112908 0.0376908 0.0269804 0.0422941 0.00357914 0.0125156 0.0105306 7.03605e-06 0.0259552 0.000543919 0.0209995 0.000694977 0.0742847 0.011815 1.2004e-07 0.00386332 0.00194828 0.000167041 0.00418462 0.000144224 4.88195e-05 0.0299717 0.00663865 6.48974e-06 0.00117407 8.72508e-05 0.0188701 0.21122 0.340455 0.00042091 
0.223659 0.0336239 0.0395051 0.127437 0.0120883 0.00743039 0.0398278 0.000243928 0.0298742 0.000310203 0.00118808 0.00351334 0.00757759 0.00833941 0.000194638 0.00283303 0.00195492 0.000516457 0.00891524 4.1275e-05 9.08375e-05 0.00279989 0.0128996 0.000646068 0.00183992 2.26406e-05 0.00678822 0.188782 0.236221 0.000836125 
0.190491 0.0467689 0.121247 0.157004 0.00847413 0.00336136 0.0197531 1.3343e-06 0.0365367 0.00018912 4.09158e-05 0.0012594 0.00202252 0.0018115 0.000248735 0.00533151 9.33038e-05 2.62604e-05 0.0141853 4.7968e-06 3.13333e-06 0.00854556 0.00739676 4.18457e-06 0.000766927 1.08681e-05 0.0016801 0.0833565 0.289243 0.000141838 
0.00790325 0.210749 2.79534e-09 0.000776732 0.0157107 0.00542427 0.0112742 3.50552e-08 0.0774606 0.154852 0.0112689 0.00254825 0.00112924 0.00484295 4.63777e-08 0.000368925 4.11188e-07 0.000606092 0.00109364 0.00164854 1.10123e-05 0.118289 0.0157023 7.33842e-09 0.0019223 0.00026305 7.17431e-06 0.00540989 0.350736 8.76111e-07 
0.0232043 0.0251196 0.343398 0.0128225 0.00266362 0.000259144 0.0061079 1.11384e-05 0.00333107 0.000130813 0.000191776 0.0105022 0.000807501 0.00145658 8.02897e-05 0.0113431 8.89984e-05 9.82031e-05 0.000387273 0.000863642 6.42912e-05 0.0901288 0.01519 4.8108e-06 0.00348098 1.78811e-05 0.000219272 0.0348236 0.413132 7.0891e-05 
0.131493 0.0077235 0.0453625 0.0795803 0.00404168 0.00862392 0.0154879 0.000518812 0.015002 0.000215118 0.00623446 0.00253328 0.0322013 0.00687425 6.21368e-05 0.00482143 0.00854619 0.000528876 0.0129248 5.73917e-05 0.000531093 0.0108369 0.00313548 0.000983262 0.00218802 1.02049e-05 0.00468584 0.0489651 0.545066 0.000765245 
0.073259 0.0040154 0.0669091 0.218842 0.00540455 0.0306375 0.0261433 6.54817e-05 0.0173151 0.000140813 4.2419e-05 0.00272519 0.0153125 0.00728454 3.27473e-07 0.000707096 0.0029383 4.81289e-05 0.0289894 0.000408201 2.13497e-07 0.00240183 0.0236744 2.93648e-05 0.00521358 5.18865e-06 0.00122031 0.0455981 0.419947 0.000721691 
0.0223689 0.0341213 0.179002 5.95839e-07 0.0321988 0.0159181 0.0443736 4.46794e-08 0.137262 3.52182e-08 0.00329289 2.96067e-07 0.0170877 0.00700245 2.03137e-07 0.00182588 0.000391211 1.32349e-07 0.00326531 3.97578e-07 4.06619e-07 0.14095 0.0150414 0.000122188 0.0108858 5.24274e-08 3.24099e-07 0.100199 0.23469 3.78211e-07 
0.0308404 0.0103549 0.055467 0.0188481 0.00234868 0.0122918 0.00790874 2.95543e-05 0.00790833 9.05729e-06 5.54923e-05 0.000395641 0.00184125 0.00264632 2.43681e-05 0.00115276 1.97705e-05 0.000111738 0.00860517 0.000559453 0.000166178 0.0591431 0.00715594 8.1095e-06 0.0396183 5.01431e-05 0.050436 0.0133892 0.668541 7.40223e-05 
0.0645322 0.019041 0.142447 0.110617 0.00650788 0.00997314 0.0135251 2.392e-05 0.0376012 7.70487e-05 0.0013128 0.00245377 0.00999671 0.000925704 0.000332979 0.00171853 0.000192099 0.000128139 0.00308591 0.000356969 0.00241689 0.026451 0.00241918 2.11898e-05 0.00349285 0.000399701 0.0149621 0.0925826 0.43229 0.000115954 
0.0357802 0.0255648 0.136684 0.139662 0.00568499 0.029759 0.00299388 0.000523885 0.00902483 0.00534681 0.00025698 0.00337109 0.052256 0.006338 7.50263e-06 0.000357816 0.0822963 0.000304976 0.0020613 1.46488e-05 0.00250004 0.184638 0.000551207 0.000286209 0.00535913 1.10964e-05 0.00537832 0.0679812 0.194927 7.77021e-05 
0.101676 0.0128029 0.0898617 0.281797 0.0129265 0.00677291 0.0140105 9.22084e-06 0.0825521 9.3343e-05 8.77377e-05 0.000666686 0.0023331 0.00352434 2.82931e-07 0.000554992 1.26617e-05 0.000209588 0.0243903 1.42668e-05 3.90168e-05 0.00483403 0.00131302 6.23326e-06 0.00195016 2.75156e-05 0.00231821 0.0371157 0.318016 8.4982e-05 
0.0384683 0.0131936 0.0209081 0.118451 0.00364244 0.0106587 0.0234039 3.85153e-05 0.0151688 3.2809e-05 0.0140091 0.0447979 0.00936708 0.174186 1.56077e-06 0.00410946 0.000374404 0.000592008 0.00666272 0.00514236 9.32486e-06 0.111277 0.0841532 8.4748e-05 0.00459652 5.81871e-06 0.00645988 0.114841 0.175315 4.81098e-05 
0.19617 0.0383729 0.0643571 0.0304718 0.0345242 0.0100189 0.0159778 0.0177923 0.0145049 9.62964e-06 8.06967e-05 9.40663e-05 0.00517694 0.00104845 7.1744e-06 7.33553e-05 2.78119e-05 1.73188e-05 0.00106465 1.40283e-05 0.000114589 0.136957 0.0087674 4.0672e-05 0.0117114 8.61554e-06 0.000252395 0.180195 0.230969 0.0011806 
0.0671627 0.0565315 0.232868 0.0223751 7.27344e-07 1.86951e-09 1.41607e-06 3.09018e-11 6.96677e-07 2.65921e-07 3.11378e-07 2.0541e-07 7.95535e-08 0.00930423 4.08828e-11 0.00103366 0.0144172 1.56018e-07 4.09058e-07 3.48364e-07 2.48456e-08 0.0254101 0.0829261 3.0864e-08 2.63368e-07 0.000479351 1.60441e-07 0.088465 0.399022 8.40888e-08 
0.131229 0.00977628 0.170733 0.0354981 0.0150582 0.0107473 0.00316645 0.00455824 0.0110387 0.00075876 0.00130788 0.00155127 0.00706429 0.003957 0.000147319 0.0937475 0.00357442 0.00110354 0.0052959 0.000464931 0.000200309 0.037881 0.00598875 0.000505444 0.00936653 9.32833e-05 0.00368837 0.0814602 0.349316 0.000722758 
0.0459628 0.063298 0.0274045 0.0180482 0.00437567 0.00632645 0.00390717 8.89891e-06 0.0363338 4.96401e-05 0.00046626 0.0105386 0.000836549 0.00496836 2.3368e-05 0.00234612 0.0476575 2.64444e-05 0.00208375 4.74746e-05 8.69092e-05 0.00431329 0.00221815 0.00010989 0.000638594 0.000114103 0.0143844 0.268868 0.43429 0.000266346 
0.145751 0.0580704 0.133717 0.0916487 0.0144951 0.00502001 0.0163663 1.33892e-05 0.0592276 7.71906e-05 8.33122e-05 0.00854564 0.0134088 0.000860492 0.0504078 0.00187671 0.00694806 0.00015967 0.0363587 0.000104524 4.40148e-05 0.0242512 0.0324727 1.07842e-05 0.0215275 0.000182194 0.00729813 0.0277576 0.243201 0.000113833 
0.124685 0.00720801 0.0889134 0.0496857 0.0526004 0.0115563 0.00606004 0.034232 0.0141264 0.00279506 0.0533165 0.00236079 0.0116446 0.00267356 3.60293e-05 0.0581699 0.0171608 0.00271317 0.00589625 0.0373064 0.000243971 0.0422407 0.0185389 0.00522847 0.00148289 0.000289474 0.00283501 0.167635 0.176477 0.00188801 
0.175152 0.00832967 0.061418 0.0350922 0.0104475 5.65751e-06 0.0076967 6.2737e-07 0.0336827 9.46334e-06 8.9811e-05 4.15656e-06 0.0271964 0.00200018 2.85202e-06 0.000685254 6.31257e-07 6.37876e-05 0.00186542 4.20204e-05 0.000195383 0.00728756 0.000444602 3.6481e-06 0.000695185 1.37985e-05 0.00122343 0.0545887 0.571758 5.30987e-06 
0.0244151 0.0281714 0.0287497 0.085157 0.00351287 0.00680093 0.0101602 0.000890979 0.0167545 0.00405045 0.00128231 0.00532916 0.027442 0.016096 2.05267e-06 0.00923484 0.003473 0.00817033 0.00194148 0.000152225 0.0119478 0.00389911 0.0183221 0.00104652 0.0525851 1.96692e-05 0.0576826 0.188693 0.192987 0.191031 
0.09467 0.00543835 0.159303 0.0910336 0.0213748 0.0109027 0.00959447 0.00598391 0.0171582 0.000713134 0.0006393 0.000478018 0.0623149 0.00572068 0.000703056 0.00525122 0.00127076 0.00026079 0.00766027 0.000308126 0.00100235 0.123189 0.00380272 0.000197418 0.00217969 0.00320306 0.0100227 0.156837 0.198499 0.000286369 
0.124685 0.00720801 0.0889134 0.0496857 0.0526004 0.0115563 0.00606004 0.034232 0.0141264 0.00279506 0.0533165 0.00236079 0.0116446 0.00267356 3.60293e-05 0.0581699 0.0171608 0.00271317 0.00589625 0.0373064 0.000243971 0.0422407 0.0185389 0.00522847 0.00148289 0.000289474 0.00283501 0.167635 0.176477 0.00188801 
0.149987 0.0155892 0.159786 0.00623239 0.00121556 0.00726076 0.00276079 6.27191e-08 0.0182164 0.000134237 6.96912e-06 0.000630477 0.146139 0.000914816 4.46218e-06 0.00428886 0.000333656 1.37251e-06 0.00594234 0.000388066 5.68364e-07 0.00289688 0.000383653 2.22061e-05 0.00252175 3.6115e-06 0.00509569 0.157664 0.311479 0.000100097 
0.0493707 0.00254727 0.0941606 0.0928636 0.208644 0.00371243 0.00759158 0.000374214 0.0191999 0.00124321 0.000657222 0.00173112 0.0139434 0.0113702 0.000792985 0.00211041 0.000233051 0.00227282 0.00453239 0.00155201 0.00199599 0.0153568 0.00246216 0.000107401 0.00308675 0.000443329 0.00312313 0.0152961 0.437572 0.0016525 
0.0872631 0.0896557 0.0487916 0.10885 0.00562649 0.0191397 0.00932932 0.00255823 0.0290033 3.45455e-05 0.000160577 0.000314618 0.00700062 0.001068 1.72719e-07 0.00269865 0.000609325 0.000120629 0.012862 0.000178835 7.15944e-05 0.00792564 0.0272058 2.60988e-06 0.00223659 0.00119308 0.00128731 0.0411418 0.477423 0.0162473 
0.0553956 0.0591799 0.064222 0.0982887 0.0489254 0.0200139 0.0389753 0.000161674 0.0725092 0.000123043 0.000388951 0.00708655 0.00169235 0.00361429 3.08761e-05 0.0046954 9.78446e-05 0.00011552 0.0181481 0.00035117 7.81872e-05 0.0383376 0.0622459 4.60214e-06 0.0140158 5.78774e-05 0.00765586 0.054856 0.328567 0.000165064 
0.124685 0.00720801 0.0889134 0.0496857 0.0526004 0.0115563 0.00606004 0.034232 0.0141264 0.00279506 0.0533165 0.00236079 0.0116446 0.00267356 3.60293e-05 0.0581699 0.0171608 0.00271317 0.00589625 0.0373064 0.000243971 0.0422407 0.0185389 0.00522847 0.00148289 0.000289474 0.00283501 0.167635 0.176477 0.00188801 
0.190448 0.0177559 0.0626966 0.11428 0.0239139 0.0113767 0.0211079 2.67687e-05 0.119251 3.896e-05 0.00103412 0.0010661 0.00347531 0.00142813 4.96313e-07 0.000687491 8.98303e-05 7.15743e-05 0.00849501 2.97607e-05 6.68029e-08 0.017221 0.00340154 2.48041e-05 0.00632131 2.37781e-05 0.00342786 0.0465537 0.345689 6.39722e-05 
0.18056 0.0133186 0.163106 0.0578676 0.0205573 0.027869 0.0189552 0.0191583 0.0273277 0.000212234 0.000897334 0.00223615 0.00916217 0.00614259 0.000257254 0.017851 0.000844334 0.000393862 0.0113116 2.3623e-05 0.000325545 0.060456 0.0109503 0.000189816 0.00212792 0.0001829 0.011905 0.151066 0.184633 0.000111506 
0.0778548 0.0142517 0.0649613 0.0183908 0.00175549 0.00388468 0.00546049 2.21071e-05 0.00943153 0.000261378 0.000549794 0.0145485 0.130565 0.00741199 0.000291227 0.00336542 0.00231959 0.000779772 0.00406178 0.00012039 0.000155839 0.0233505 0.00663851 4.17592e-05 0.0225355 1.67446e-05 0.00625119 0.0825058 0.497909 0.00030704 
0.188725 0.00931389 0.215452 0.147144 0.00970684 0.0131806 0.0100764 1.46586e-05 0.0148765 5.32846e-05 0.00446022 0.00178345 0.00172049 0.0003114 3.04548e-06 0.000151915 0.000129425 0.000240942 0.0455716 1.70878e-05 4.53401e-06 0.00310471 0.00027184 9.4798e-06 0.00282257 2.37547e-05 0.00531816 0.109228 0.216172 0.000111197 
0.10797 0.018033 0.181943 0.0624075 0.0199871 0.00712251 0.020447 0.00254355 0.0246232 0.00013469 0.000992455 6.68027e-08 0.016467 0.000309737 0.000730914 0.00284637 0.000327264 9.65271e-05 0.00758321 6.05528e-05 0.00208982 0.119477 0.00269268 0.000152537 0.00212354 7.29645e-05 0.00298201 0.126545 0.269238 8.53373e-08 
0.00914403 0.00245523 0.0178477 0.00993879 0.00180868 2.07855e-06 0.00180119 3.32945e-06 0.0248076 0.000228866 0.000224929 2.75163e-07 0.00340776 0.000859924 1.48305e-05 0.00113636 0.00290278 2.6945e-05 0.00151763 3.56784e-05 3.7792e-07 0.010917 0.00131755 6.18249e-06 0.00123317 5.43116e-06 0.000241202 0.0122987 0.895654 0.000161671 
0.112282 0.00858173 0.154115 0.211478 0.00596701 0.00874172 0.00560173 0.00519838 0.0193909 0.000296689 0.000481569 0.00502034 0.00292502 0.00328725 1.19701e-05 0.00423631 0.00261627 7.23467e-05 0.00211692 5.83371e-06 0.000193335 0.0279975 0.00800953 2.39917e-05 0.0448113 4.26783e-05 0.003258 0.0287216 0.334475 4.08328e-05 
0.124685 0.00720801 0.0889134 0.0496857 0.0526004 0.0115563 0.00606004 0.034232 0.0141264 0.00279506 0.0533165 0.00236079 0.0116446 0.00267356 3.60293e-05 0.0581699 0.0171608 0.00271317 0.00589625 0.0373064 0.000243971 0.0422407 0.0185389 0.00522847 0.00148289 0.000289474 0.00283501 0.167635 0.176477 0.00188801 
0.0998101 0.0195331 0.203647 0.0446592 0.0241966 0.103738 0.0477145 3.78205e-05 0.0355081 8.86978e-06 9.38719e-06 0.0101472 0.00591101 0.00066244 0.000188339 0.00202098 0.00112481 3.83989e-05 0.0397418 4.02565e-06 3.95331e-05 0.0412516 0.00165941 5.15635e-05 0.00221138 0.000606498 0.00250776 0.0188399 0.294012 0.000118786 
0.0874257 0.047757 0.156781 0.0555239 0.008248 0.0131654 0.00876011 6.41717e-06 0.0514267 0.000725783 1.73315e-05 0.00269044 0.0347749 0.00115254 1.21041e-06 0.000354093 0.000113714 3.86793e-05 0.00961979 1.34353e-05 8.75201e-07 0.00297965 0.000270169 9.01361e-06 0.0264733 2.39275e-05 0.0198601 0.0836839 0.387996 0.000107415 
0.171221 0.0225839 0.0616883 0.157977 0.0105747 0.0128291 0.0322587 0.000297281 0.046268 5.90104e-05 0.0074056 0.00536643 0.00532172 0.00112684 0.000183869 0.000489066 0.000213334 0.000326719 0.0260544 1.90909e-06 1.15721e-05 0.00393166 0.00656922 0.0119804 0.0244463 3.01414e-05 0.0322441 0.104604 0.17902 0.0749163 
0.0793646 0.081171 0.0902988 0.0114752 0.0106193 0.00158932 0.0445415 9.13715e-10 0.05531 0.000115929 0.00027567 0.0033738 0.000789285 0.000517101 8.29614e-09 0.000394325 5.81577e-05 0.000654292 0.0813379 4.15959e-09 1.89009e-12 0.00176454 0.0138347 3.0826e-13 0.0263467 6.39669e-05 0.000308115 0.159831 0.335821 0.000143953 
2.49031e-06 0.000686288 0.0568887 1.86041e-06 0.00154768 0.000953405 0.00130994 6.72953e-11 0.0124514 0.0155656 0.00197517 1.33884e-05 0.00394706 1.47641e-06 8.90311e-11 0.17474 0.0171707 9.44632e-07 0.00255373 9.1097e-08 7.81219e-08 0.118932 0.00073393 0.000780108 0.000116395 1.24696e-07 8.4694e-06 0.0207277 0.568891 2.36047e-07 
0.0205624 0.00516805 0.0488741 0.134831 0.00513355 0.00623362 0.00237038 8.65552e-05 0.0106083 0.0205345 0.0777838 0.00257792 0.103546 0.0724521 4.98357e-07 0.00758987 2.3449e-05 7.1065e-05 0.00353308 6.61698e-05 5.68137e-05 0.122928 0.141773 5.44855e-06 0.00764015 6.69622e-05 0.000273986 0.0216773 0.182605 0.000926674 
0.059307 0.035375 0.0191544 0.0880122 0.00200444 0.0357386 0.0108141 0.000214259 0.0512512 0.000270335 0.00972527 0.03258 0.120766 0.150391 0.000157167 0.00496262 0.0119966 0.00835643 0.00346993 0.00340866 9.58745e-05 0.0221957 0.00938951 0.00323413 0.00866722 9.85742e-05 0.00543231 0.0579602 0.243893 0.00107825 
0.185061 0.0110952 0.0452339 0.158314 0.00877979 0.00814463 0.00993921 0.00446836 0.0219903 0.0101527 0.000484676 0.00256273 0.00935039 0.00272747 1.45233e-05 0.0134747 0.0195778 0.0014172 0.00639318 4.04918e-05 9.04244e-05 0.0121684 0.034289 0.0137798 0.0141725 0.000139023 0.00171894 0.100136 0.294941 0.00934233 
0.0394583 0.0518715 0.099589 0.0668967 0.10983 0.00259707 0.00523396 0.00415468 0.08089 0.000110928 0.001763 0.000288006 0.00150984 0.00983267 1.69601e-05 0.00203307 0.000372969 0.00125808 0.034689 3.29615e-05 0.000144467 0.0491676 0.00107666 8.72275e-05 0.00277625 0.00876649 0.00527612 0.0102034 0.410023 4.99016e-05 
0.253732 0.0476273 0.0691689 0.0588602 0.0075105 0.00632606 0.00438792 0.000554726 0.0272535 4.42747e-05 4.15184e-05 0.00700144 0.0358467 0.0113555 2.46798e-07 0.0010719 0.000228911 5.63037e-05 0.00325885 1.24689e-05 0.000298609 0.00638489 0.00361335 4.141e-05 0.0110368 4.95961e-05 0.00634165 0.119673 0.318141 8.0701e-05 
0.00808716 0.00832697 0.046455 0.0430465 0.00519605 0.0416894 0.00187015 0.0469845 0.00691774 1.13014e-05 0.00232533 0.00122816 0.0367488 0.00260204 3.1273e-05 0.00241046 8.56037e-05 8.43604e-05 0.000451587 0.000209914 0.000648605 0.198637 0.000476281 0.000173502 0.00129796 0.000187943 0.000437293 0.0219483 0.521235 0.000196446 
0.0924308 0.00357355 0.0709545 0.115059 0.00565035 0.00636944 0.0048754 0.000686986 0.0120275 4.04305e-05 5.49205e-05 0.000526143 0.00249956 0.000147546 6.54555e-06 0.00247749 9.23346e-05 0.000344577 0.0175193 2.51564e-05 0.000314392 0.00776831 0.00252291 1.85637e-05 0.000984193 0.000197696 0.00180178 0.0225392 0.628448 4.34283e-05 
0.129486 0.0192936 0.125889 0.0827983 0.00352669 0.0252476 0.00529851 0.00632533 0.0190954 2.06859e-05 0.000253775 0.00143478 0.0124539 0.00275938 1.45716e-07 0.00120116 0.000234741 9.94398e-05 0.00212208 5.88088e-06 0.0002085 0.0663136 0.0015717 6.25054e-05 0.0342169 9.39773e-05 0.00348055 0.0415489 0.414936 2.11286e-05 
0.0308404 0.0103549 0.055467 0.0188481 0.00234868 0.0122918 0.00790874 2.95543e-05 0.00790833 9.05729e-06 5.54923e-05 0.000395641 0.00184125 0.00264632 2.43681e-05 0.00115276 1.97705e-05 0.000111738 0.00860517 0.000559453 0.000166178 0.0591431 0.00715594 8.1095e-06 0.0396183 5.01431e-05 0.050436 0.0133892 0.668541 7.40223e-05 
0.102921 0.0321781 0.116318 0.0911544 0.0108206 0.0091081 0.0108993 0.0106801 0.0617459 0.00023835 0.00025072 0.0292691 0.0976337 0.00980352 8.05187e-06 0.0254276 0.00340832 0.000371096 0.0304118 4.86644e-05 0.000300996 0.0277088 0.00790998 7.25519e-05 0.00225664 9.46252e-05 0.0511092 0.0418432 0.225915 9.27546e-05 
0.129333 0.00497114 0.099279 0.161015 0.00786943 0.00886852 0.00677646 0.000910764 0.0168008 5.12862e-05 7.15026e-05 0.000711334 0.00346894 0.000188952 5.45222e-07 0.00345368 0.000124529 0.00046957 0.0244486 1.78611e-05 0.000418617 0.0108436 0.00351989 2.44341e-05 0.00134071 0.000265789 0.00247813 0.0315206 0.480713 4.30854e-05 
0.174099 0.0213123 0.0715962 0.139647 0.01802 0.0256103 0.0154676 0.00130659 0.04711 7.63296e-05 0.00022489 0.00311441 0.00901671 0.00151288 0.000120131 0.000229673 0.000134842 0.000171733 0.0126661 0.000376377 0.00104438 0.00909214 0.00185374 4.21167e-05 0.00594077 0.000160854 0.0115054 0.0359307 0.392081 0.000536749 
0.0913608 0.0321563 0.0579562 0.0397677 0.0111809 0.0141146 0.00659631 2.50993e-05 0.0166677 0.00254179 0.00735851 0.00330685 0.059836 0.0108648 3.46397e-07 0.00801723 0.0121567 0.0105396 0.00501014 0.000111871 0.00011946 0.0382315 0.00665205 2.59053e-05 0.0144352 0.000122616 0.0113669 0.184025 0.354992 0.000459546 
0.049314 0.0513317 0.101133 0.0941632 0.00393238 0.00113652 0.0193802 5.08346e-05 0.0039885 1.55715e-05 0.00117516 0.00225587 0.00905229 0.000151958 8.73076e-05 0.0513992 0.000120358 0.00016714 0.00081474 4.76271e-06 1.56153e-05 0.00974926 0.0935636 4.63769e-05 0.00351426 4.33942e-06 0.00145602 0.0119292 0.487424 0.00262266 
0.0917227 0.02619 0.0657195 0.0902924 0.00867374 0.0130704 0.00923371 9.36841e-05 0.0153699 0.000411726 0.00129316 0.0317311 0.00201327 0.00191486 0.000205659 0.000330387 0.000270027 0.000223262 0.0086644 0.00042023 0.000408542 0.00682044 0.00785403 4.32109e-05 0.00931817 0.000173353 0.00530017 0.0167663 0.584896 0.000575401 
0.124685 0.00720801 0.0889134 0.0496857 0.0526004 0.0115563 0.00606004 0.034232 0.0141264 0.00279506 0.0533165 0.00236079 0.0116446 0.00267356 3.60293e-05 0.0581699 0.0171608 0.00271317 0.00589625 0.0373064 0.000243971 0.0422407 0.0185389 0.00522847 0.00148289 0.000289474 0.00283501 0.167635 0.176477 0.00188801 
0.0491206 0.0570314 0.124218 0.0187018 0.0179841 0.00474967 0.0152404 0.00756079 0.0253167 0.000834127 0.000951474 0.00347532 0.0190554 0.00531052 2.59598e-07 0.00606348 0.00018814 0.00246612 0.00671899 0.00289292 0.000452077 0.193152 0.00251995 0.000112359 0.0043977 0.000582271 0.00428579 0.178028 0.248491 9.83214e-05 
0.191384 0.0384625 0.0777709 0.227665 0.0182134 0.00758465 0.0140725 1.78669e-05 0.0795011 2.59963e-05 0.000689693 0.000710815 0.00231703 0.000952211 3.61282e-07 0.000458496 5.99256e-05 4.77554e-05 0.00566359 1.99044e-05 1.05169e-07 0.0114815 0.0022679 1.65533e-05 0.00421448 8.15609e-05 0.00532999 0.0310362 0.279911 4.27101e-05 
0.0827782 0.157049 0.0761435 0.121431 0.0824891 0.00632976 0.0327759 8.01314e-06 0.0619514 0.000770816 0.000146896 0.00107546 0.0126702 0.00347989 0.000124364 0.000160257 2.57518e-05 0.000418949 0.0105197 0.00042345 0.000737538 0.0668964 0.0131898 9.78108e-06 0.0098895 2.05679e-05 0.00185363 0.0542579 0.20171 0.000664134 
0.0327928 0.00701964 0.0541123 0.0131103 0.0173906 0.117503 0.0026796 0.00123539 0.011252 6.11426e-05 8.9116e-05 0.00894259 0.00757244 0.00599806 3.92661e-05 0.00354607 0.000531532 4.59152e-05 0.0021292 8.03984e-05 0.000115323 0.158857 0.00163719 1.84692e-05 0.0208131 2.87519e-05 0.00153106 0.0208276 0.506021 0.00401945 
0.0564218 0.00133436 0.0581283 0.210274 0.0033019 0.00284609 0.00121416 0.00265597 0.00206104 6.95316e-06 4.30075e-05 4.72431e-05 0.231469 0.000801475 4.53259e-06 0.000707572 0.000413255 4.60735e-05 0.000842186 0.000115257 0.000561702 0.0817475 0.00633878 2.65464e-05 0.00145439 2.46924e-05 0.000176608 0.0964179 0.239095 0.00142305 
0.00914403 0.00245523 0.0178477 0.00993879 0.00180868 2.07855e-06 0.00180119 3.32945e-06 0.0248076 0.000228866 0.000224929 2.75163e-07 0.00340776 0.000859924 1.48305e-05 0.00113636 0.00290278 2.6945e-05 0.00151763 3.56784e-05 3.7792e-07 0.010917 0.00131755 6.18249e-06 0.00123317 5.43116e-06 0.000241202 0.0122987 0.895654 0.000161671 
0.173528 0.00749692 0.0602399 0.0888856 0.00929449 0.0130263 0.00792049 0.00205118 0.00966801 0.000180049 0.000398128 0.00166156 0.076018 0.00195566 9.3932e-05 0.000994798 0.00183493 0.00027895 0.00580092 0.000214403 0.000899884 0.0133888 0.00122167 0.000110508 0.00594144 0.000172624 0.00355069 0.0591465 0.453707 0.000318336 
0.231985 0.0255217 0.057097 0.120631 0.0132635 0.00833207 0.00893635 0.0189749 0.019119 0.000239688 0.0029766 0.00180594 0.00985922 0.00672775 3.68193e-07 0.0016697 0.00118709 0.000445938 0.0146681 1.75028e-05 0.000625292 0.127601 0.00465508 0.000232259 0.014012 4.98813e-05 0.00372044 0.0707981 0.23469 0.000156619 
0.0114553 0.14647 0.0174331 0.0175608 0.00906816 8.90476e-06 0.00411638 0.0320269 0.0715266 0.00448305 0.000190739 0.00158391 0.00141916 0.00993084 3.54657e-09 0.00200226 7.71216e-07 0.00043523 0.000288535 1.3534e-05 2.54398e-06 0.0957387 0.102202 0.0161506 0.000571049 5.2063e-05 0.0130197 0.0817192 0.36053 2.51454e-09 
