0.0221997 0.516238 2.72002e-05 0.148235 0.130394 0.100441 0.0150315 0.0565386 0.0108959 
2.89961e-07 0.639081 2.32592e-05 0.00068335 0.0575615 0.294645 6.78461e-06 0.0079697 2.87683e-05 
0.00271893 0.447136 3.02148e-05 0.003466 0.115964 0.366234 0.0386652 0.0249027 0.000882875 
0.000399873 0.315201 9.06362e-09 0.019902 0.245595 0.241376 0.00100167 0.170789 0.00573617 
0.00866005 0.956808 0.00625114 0.00693478 0.00148093 0.00337019 0.000414452 0.0160747 5.55221e-06 
0.0629028 0.444179 0.000717303 0.0784269 0.194606 0.100621 0.012166 0.103929 0.00245198 
4.1819e-06 0.403375 0.000734326 0.0162051 0.199469 0.343441 0.0149086 0.0216842 0.000178024 
0.169224 0.325762 0.000413445 0.0651223 0.1817 0.0308919 0.00986836 0.207321 0.00969643 
1.92091e-06 0.978111 8.40744e-05 0.00137469 0.00118064 0.00889082 1.04221e-06 0.0101947 0.000161227 
2.09793e-07 0.909839 0.00292782 0.00197761 0.0561246 0.0207092 0.0076528 0.000400446 0.000368622 
3.52253e-08 0.79659 5.58599e-06 0.0209746 0.00555526 0.134976 0.0308742 0.0110236 5.78354e-07 
6.41907e-05 0.760548 2.6019e-05 0.0145588 0.143515 0.0409494 0.00250239 0.0378152 2.12945e-05 
6.06629e-07 0.873153 0.00015198 0.053944 0.0133274 0.0159654 0.00255444 0.0409031 1.09905e-07 
5.62167e-05 0.583305 0.000181841 0.0422917 0.124299 0.179009 0.0269098 0.041411 0.00253657 
8.18498e-06 0.534766 8.18397e-06 8.18886e-06 0.211303 0.253881 8.18877e-06 8.18934e-06 8.18791e-06 
0.00110547 0.6803 0.000361269 0.146345 0.0555722 0.0430477 0.000217634 0.0730446 5.50888e-06 
0.0203258 0.609298 8.8269e-05 0.0341868 0.179841 0.0839762 0.00780733 0.0638635 0.000612723 
0.0072927 0.524997 0.0020313 0.013744 0.289672 0.141419 0.00725471 0.0135801 8.72527e-06 
0.000172954 0.502874 0.000242777 0.0272135 0.312593 0.0919576 0.000786793 0.0640682 9.15779e-05 
4.97469e-08 0.877316 5.91975e-08 0.0134301 0.0483773 0.0246962 0.000561498 0.0352713 0.000347765 
0.000231276 0.642671 0.000917011 0.0150856 0.29252 0.0331894 0.00584512 0.00947673 6.42485e-05 
3.03971e-05 0.906537 4.02236e-05 0.000385275 0.00325776 0.0790774 0.000168998 0.0102752 0.000228032 
0.0064014 0.529136 0.00547613 0.146804 0.187727 0.0341536 0.00871612 0.0545876 0.0269975 
1.31844e-05 0.393861 2.87972e-08 0.00856216 0.206926 0.342356 0.00265721 0.0455742 5.04774e-05 
1.15313e-05 0.946661 7.51328e-06 0.0239324 0.00709606 0.0222485 1.11335e-07 4.16946e-05 1.2359e-06 
4.35853e-07 0.951234 0.000851223 0.0124526 0.016475 0.00397641 0.00139738 0.0017105 0.011902 
0.0042519 0.816406 2.35376e-06 0.0295706 0.0394314 0.071215 0.00686649 0.031987 0.000268909 
0.00119067 0.59411 0.00867622 0.0386541 0.175912 0.131611 0.00674846 0.0428554 0.000242341 
1.20814e-05 0.577089 0.00259914 0.00262581 0.08212 0.059002 1.39558e-06 0.27655 6.48929e-07 
0.00864818 0.606799 0.000313932 0.119029 0.214303 0.0190244 0.00223081 0.0285739 0.00107737 
1.49478e-07 0.550894 1.34268e-05 0.0189101 0.108903 0.0701557 0.00151716 0.249121 0.000486135 
0.0010828 0.454735 0.00801581 0.0170186 0.30577 0.0828441 0.0491189 0.0352556 0.0461594 
0.000301478 0.732758 9.75927e-05 0.0189952 0.195265 0.0379778 0.00385488 0.0107441 6.51942e-06 
0.0171675 0.342352 2.97171e-05 0.173116 0.150152 0.173945 0.0612338 0.0808434 0.00115973 
1.95575e-07 0.916828 0.00829722 0.00475205 0.000485419 0.0302556 0.0333689 0.000650949 0.00536221 
0.000137643 0.652871 0.00773572 1.53083e-06 0.033714 0.240581 0.0101406 0.0545367 0.000281744 
0.00438765 0.611558 0.0158338 0.0730063 0.221352 0.0231108 0.00781296 0.042913 2.62598e-05 
8.93744e-05 0.511835 2.16272e-11 0.0687793 0.120651 0.207917 0.0739812 0.0165264 0.000220264 
0.000877825 0.907929 1.67773e-06 0.00700963 0.0157696 0.00675192 0.0130784 0.0483536 0.000228715 
1.29217e-10 0.75731 2.61555e-05 0.0726593 0.0790446 0.0318484 0.0290383 0.030022 5.10267e-05 
0.000177604 0.599091 6.17968e-06 0.0867301 0.200432 0.0286684 0.00149299 0.0812362 0.00216569 
3.23127e-05 0.798366 0.000309754 0.00432962 0.134069 0.0311201 0.00039971 0.0313611 1.25492e-05 
0.000169594 0.385465 0.000290091 0.182515 0.231538 0.0272169 0.00142631 0.171371 7.44601e-06 
4.93528e-05 0.716452 0.00298747 0.0317915 0.0801801 0.122394 0.0392453 0.00662773 0.000272055 
3.53075e-06 0.572402 1.56115e-05 0.158243 0.15505 0.0514276 0.0355455 0.0267315 0.000581084 
6.05745e-06 0.60598 0.000410554 0.0501173 0.240963 0.0859902 0.00537466 0.0110989 5.94444e-05 
0.000627098 0.448342 0.000431153 0.0245036 0.0463735 0.40371 0.0586744 0.0173332 5.58767e-06 
2.40239e-07 0.996991 2.85878e-07 5.57609e-08 0.000525968 0.00075555 0.000295181 0.0012217 0.000210256 
0.00358711 0.770288 0.000822981 0.0201885 0.0431144 0.0866891 2.19692e-07 0.0753007 8.74676e-06 
0.0122597 0.503119 0.00432744 0.0251268 0.289782 0.0227712 0.00958795 0.131185 0.00184054 
1.69158e-05 0.771162 0.00603979 0.157899 0.00435127 0.0272223 0.000598855 0.0322846 0.000425345 
0.00363398 0.438449 0.0769341 0.155985 0.275409 0.0316431 0.0124944 0.00456723 0.000884892 
0.0473279 0.756012 1.92527e-05 0.0700907 0.100378 0.0188675 0.00686661 0.000204152 0.000233654 
0.000217616 0.629394 4.20535e-06 0.0271497 0.0878553 0.245793 0.000137819 0.00900634 0.000442535 
1.1311e-05 0.624412 0.00128262 0.0401414 0.269564 0.00263629 1.44606e-05 0.061933 4.8561e-06 
0.00695409 0.580194 6.4632e-05 0.0194132 0.079033 0.0385765 0.0123732 0.0739499 0.189442 
0.0271534 0.541418 0.00150758 0.00408931 0.266621 0.0438976 0.00208785 0.112243 0.000982179 
6.30142e-05 0.789157 3.97169e-05 0.00911569 0.16256 0.0239535 0.0128734 0.00219852 3.95704e-05 
3.14132e-06 0.740331 6.2903e-05 0.0173846 0.136212 0.0948925 0.000752091 0.0103283 3.36097e-05 
4.15571e-07 0.652555 0.2797 0.00247002 0.0364739 0.00727199 0.000295272 0.0171874 0.00404542 
0.00666401 0.308859 0.00104376 0.147835 0.251607 0.0371214 0.0195879 0.115303 0.111978 
1.25603e-05 0.715134 0.0191872 0.00897515 0.0620565 0.164474 0.00281875 0.0269945 0.000347035 
0.00175312 0.437479 0.00114027 0.174591 0.168904 0.0584039 0.0284324 0.118334 0.0109618 
0.00354075 0.726548 8.18367e-05 0.0199321 0.128942 0.0923086 0.0237705 0.00450942 0.000366698 
2.0692e-08 0.743499 2.09082e-06 0.191365 0.00338894 0.0486349 0.000179628 0.0126666 0.000264422 
0.0785853 0.68378 0.00471894 0.0912475 0.0462436 0.0326372 0.013572 0.0460849 0.00313055 
0.000448153 0.287122 0.00163774 0.160437 0.14616 0.045972 0.0647528 0.0434399 0.250031 
1.46058e-07 0.610415 0.000649662 0.216185 0.135008 0.0103623 0.000148111 0.0261847 0.00104744 
0.0257979 0.401849 0.00143397 0.0927166 0.374851 0.065992 0.00186649 0.0347021 0.000791352 
8.6494e-07 0.884533 5.88197e-05 0.00125096 0.0246665 0.0249348 0.00240283 0.0621197 3.28562e-05 
0.00146628 0.368643 0.00013775 0.265751 0.208179 0.0271093 0.0637816 0.0480517 0.0168798 
0.00507988 0.6867 1.6315e-05 0.0316079 0.183818 0.032005 0.0527292 0.00703365 0.00101009 
0.0008913 0.477746 4.91273e-08 0.027262 0.120929 0.0598374 0.0029906 0.011031 0.299312 
0.00952663 0.479057 0.000102823 0.0295043 0.17691 0.191433 0.0287072 0.0820347 0.00272469 
8.02085e-09 0.393239 0.000775718 0.112429 0.266464 0.134142 0.00255634 0.0902262 0.000168053 
0.098259 0.41923 0.00134475 0.222098 0.152188 0.0109692 3.18456e-05 0.0933064 0.00257249 
0.000449645 0.542953 0.000432753 0.0213907 0.201553 0.143574 0.0422558 0.0472567 0.000134601 
0.00483323 0.457379 0.000132754 0.0230068 0.1501 0.295745 0.00545225 0.0589449 0.00440561 
0.000490552 0.420333 7.49367e-05 0.0260912 0.181516 0.247339 0.0681019 0.0537249 0.00232851 
0.00210894 0.422118 0.0381025 0.0233878 0.133199 0.35212 0.00235626 0.0227198 0.00388751 
0.0172272 0.259074 0.00334329 0.00748638 0.115982 0.223505 0.0311086 0.179977 0.162296 
4.8979e-06 0.592805 0.00154606 0.052496 0.2873 0.0473422 0.00121855 0.0172447 4.31713e-05 
0.000210886 0.36811 4.5684e-06 0.0344149 0.324263 0.152585 0.0105634 0.108049 0.00179868 
5.85535e-05 0.998062 1.11612e-05 0.000226211 0.000123318 7.4821e-05 0.000360571 0.000870016 0.00021343 
7.03129e-08 0.594906 1.14724e-10 0.0550948 0.0345024 0.297039 0.0105618 0.00784339 5.2525e-05 
0.000239039 0.523952 0.00901426 0.00470301 0.255045 0.15292 0.0280774 0.0258515 0.00019823 
1.88769e-07 0.743988 6.18533e-06 0.0533811 0.0755984 0.0984846 0.000397079 0.0281392 5.56657e-06 
1.56843e-05 0.45601 2.47263e-05 0.00853165 0.292587 0.216114 0.0170508 0.00966564 1.18281e-10 
0.00119542 0.931385 2.48296e-06 0.0084337 0.0178505 0.0331802 0.00185838 0.0060509 4.33349e-05 
4.8217e-06 0.882068 3.39985e-05 0.0144024 0.0808132 0.0115216 0.00759499 0.00338139 0.000179278 
4.35853e-07 0.951234 0.000851223 0.0124526 0.016475 0.00397641 0.00139738 0.0017105 0.011902 
0.00866347 0.320712 0.000106013 0.203325 0.274267 0.0586323 0.0208242 0.0987562 0.0147137 
1.44205e-06 0.895275 0.000268235 0.00190285 0.0262476 0.0616819 0.0110177 0.00358622 1.91526e-05 
9.19362e-07 0.943528 6.66818e-08 0.0180425 0.008926 0.0295008 1.1243e-06 1.51475e-07 1.66528e-07 
5.27022e-06 0.767814 3.46853e-06 0.0385271 0.0594393 0.131729 0.00043619 0.00202603 1.92212e-05 
0.0022458 0.562491 2.08792e-05 0.27217 0.085421 0.00451176 9.51831e-05 0.0622333 0.0108109 
7.52645e-06 0.380221 6.3396e-06 0.022608 0.15992 0.291327 0.00457348 0.107409 0.033927 
0.00786763 0.467274 0.0007958 0.125633 0.269547 0.0320944 0.00793836 0.0686426 0.0202074 
0.0022607 0.550322 0.00325462 0.00967742 0.0781452 0.323148 0.0274023 0.00578906 9.04243e-07 
0.000191758 0.730628 5.16662e-05 0.0527433 0.19599 0.00493712 0.00822161 0.00674787 0.000488917 
0.000613948 0.600258 2.01405e-06 0.0161175 0.0772715 0.0923207 0.112409 0.0251191 0.0758887 
4.35853e-07 0.951234 0.000851223 0.0124526 0.016475 0.00397641 0.00139738 0.0017105 0.011902 
0.000613948 0.600258 2.01405e-06 0.0161175 0.0772715 0.0923207 0.112409 0.0251191 0.0758887 
0.00430415 0.599837 2.68631e-05 0.0610916 0.0404757 0.0896405 0.00139354 0.203109 0.000121291 
0.0212143 0.556491 0.000140896 0.124121 0.139415 0.0774285 0.000674391 0.0799567 0.000558148 
8.54072e-06 0.565275 0.00478655 0.00132446 0.114422 0.288817 0.0224372 0.00272154 0.000207633 
0.0834529 0.353766 8.71773e-07 0.103173 0.0942913 0.0304174 0.0021047 0.265088 0.0677053 
0.137243 0.262095 0.000103761 0.246133 0.216281 0.00642919 0.00517458 0.0650787 0.0614613 
0.0495263 0.44693 2.11683e-05 0.121112 0.245889 0.093522 4.11403e-06 0.0427482 0.000247087 
9.40468e-07 0.716331 0.0863677 0.0294638 0.0775274 0.0469011 0.000427079 0.0427048 0.000275926 
0.000131938 0.555066 0.00033975 0.0315456 0.0833856 0.295053 0.0243786 0.00978094 0.000318473 
0.00047352 0.796124 3.54496e-06 0.0457816 0.059849 0.0395213 0.0133769 0.044863 7.0908e-06 
0.00476018 0.590773 3.18096e-05 0.0257481 0.203541 0.115566 0.000773783 0.0586893 0.00011722 
1.49183e-06 0.859276 0.000124735 0.00673698 0.0500694 0.0476784 0.0146026 0.0212447 0.000265815 
2.19749e-05 0.714849 0.000899982 0.0245173 0.0968521 0.128292 0.0169966 0.0174053 0.000165113 
1.56461e-06 0.561682 0.000190057 0.135168 0.0335164 0.130548 0.0601482 0.0563559 0.0223903 
4.22152e-05 0.384533 0.199036 0.00499093 0.232785 0.0586032 0.000139187 0.114643 0.00522758 
3.21368e-05 0.636681 0.00040924 0.083245 0.158393 0.0658366 0.0195631 0.0356591 0.00018069 
0.0405297 0.397479 0.00036725 0.0258432 0.086344 0.376058 0.040257 0.0329113 0.00021038 
6.67408e-08 0.999171 1.25382e-05 3.43419e-06 7.57014e-06 3.81889e-06 1.0041e-05 1.12316e-06 0.000790413 
0.0262888 0.426462 0.000305042 0.149129 0.228522 0.0746845 0.0211297 0.0730809 0.000398352 
0.000440156 0.753509 5.73606e-05 0.0040324 0.00408624 0.228528 0.00222733 0.00691414 0.000206196 
0.00175233 0.529719 1.68167e-07 0.00155445 0.0660667 0.0358809 0.0010391 0.363981 6.51305e-06 
6.39055e-07 0.276523 1.74827e-07 0.1413 0.25043 0.127319 0.0258467 0.178571 8.95593e-06 
1.94226e-07 0.531065 3.91378e-06 0.0246192 0.200231 0.22854 0.00416647 0.0110326 0.00034135 
0.000362883 0.598098 0.00051376 0.13659 0.147881 0.0485256 0.00910516 0.0579427 0.000980906 
5.98396e-07 0.509941 0.00301718 0.00851167 0.329932 0.0390517 0.0642458 0.0449657 0.000333891 
0.022259 0.323646 1.13214e-07 0.117714 0.155183 0.00719182 0.000139984 0.0960307 0.277835 
7.20902e-06 0.650697 0.00014856 0.0119701 0.158604 0.155482 0.00136384 0.021689 3.81896e-05 
0.00192727 0.586924 0.000252828 0.0276829 0.200267 0.0851719 0.0238889 0.0303884 0.043497 
0.0138717 0.629588 0.000115565 0.0231253 0.184583 0.104051 0.0140256 0.0303974 0.000241643 
1.14274e-06 0.836016 0.000200752 0.0121466 0.05679 0.0764875 0.00755479 0.0102108 0.000592014 
1.27889e-05 0.754273 0.00025296 0.000305585 0.210681 0.00686213 0.000102017 0.0259409 0.00157019 
0.000785494 0.64661 2.30013e-05 0.0063169 0.0665307 0.070642 0.0097804 0.196987 0.00232407 
2.69322e-05 0.749485 0.000169049 0.0118846 0.0596019 0.147664 0.0177881 0.0133461 3.44427e-05 
0.00898596 0.490912 7.14193e-05 0.142329 0.246782 0.00270772 0.000132191 0.0469803 0.0610987 
0.000295364 0.723973 4.79679e-07 0.0288181 0.0609608 0.144406 0.0228038 0.0170266 0.00171581 
9.0678e-05 0.812012 1.6721e-08 0.0922288 0.0521778 0.030557 0.00056331 0.0119179 0.000452176 
6.71225e-07 0.523755 0.000133582 0.00527029 0.217081 0.0881281 0.154542 0.0107163 0.000372821 
0.00132516 0.679404 0.20493 0.012825 0.0820536 0.0106935 0.000313978 0.00260548 0.00584904 
1.03924e-05 0.734626 0.00307421 0.00924627 0.209771 0.0145745 0.0110965 0.0174683 0.000132941 
0.00645635 0.972538 4.00624e-07 0.00298964 0.00119321 0.0089384 5.01771e-05 0.00780312 3.02159e-05 
4.75616e-06 0.477723 5.79912e-09 0.00386487 0.0735446 0.0372081 0.232597 0.175057 1.20623e-06 
2.86236e-06 0.666435 1.02591e-07 3.18355e-08 0.254576 0.0664358 0.0117622 0.000672666 0.000115018 
0.000194094 0.517739 0.0114881 0.0199933 0.231603 0.091204 0.0426756 0.0846984 0.000404613 
0.000105453 0.662746 0.00493483 0.0385821 0.187048 0.0816114 0.00739394 0.0169597 0.000618626 
0.000613948 0.600258 2.01405e-06 0.0161175 0.0772715 0.0923207 0.112409 0.0251191 0.0758887 
7.92998e-05 0.562954 3.57322e-05 0.0166873 0.152833 0.250366 0.0114166 0.0055703 5.81869e-05 
0.00585147 0.34746 0.0115581 0.0349023 0.0978319 0.322175 0.00750476 0.172696 2.0871e-05 
2.51158e-05 0.742787 0.000194807 0.0477357 0.0210658 0.163186 0.00176329 0.0232383 3.63668e-06 
0.000202826 0.515442 0.00333799 0.0249846 0.295274 0.0672236 0.00129216 0.0919983 0.000245339 
3.19514e-05 0.884062 0.00151908 0.00388063 0.0901471 0.0197414 8.12153e-05 0.000532394 4.26132e-06 
0.000658235 0.367273 0.000448954 0.0672315 0.181019 0.319271 0.0134318 0.0505291 0.000138264 
0.000166661 0.881118 0.00108328 0.00665567 0.0633537 0.0231955 0.00111201 0.0223962 0.000918688 
0.00894116 0.686716 5.23572e-05 0.054747 0.072104 0.0413655 0.107913 0.0214911 0.00667019 
3.90609e-05 0.434729 2.08601e-05 0.0149495 0.341843 0.128492 0.0151075 0.0644961 0.000322447 
0.000847652 0.632172 0.000119549 0.013644 0.255071 0.0549266 0.0363518 0.00675415 0.000113026 
0.00124419 0.686897 0.0018421 0.0051179 0.143517 0.101827 0.0512554 0.00829321 5.44368e-06 
0.00832168 0.648067 0.00131509 0.00418836 0.293822 0.0226523 0.00474853 0.015477 0.00140854 
1.29217e-07 0.940428 1.53765e-07 0.000433214 0.037594 0.019416 0.000150682 0.00197728 5.38267e-08 
0.00517356 0.48657 0.00143298 0.0422034 0.347141 0.0416518 0.0036935 0.071569 0.000564119 
0.00016861 0.349986 6.2749e-05 0.193349 0.0227097 0.0106735 0.073051 0.0186243 0.331375 
9.68629e-10 0.998557 1.15264e-09 1.61652e-05 5.94668e-07 6.86452e-05 0.000263649 0.00108777 6.29488e-06 
0.00516579 0.573881 8.29378e-05 0.0637889 0.0801573 0.214056 0.0535284 0.00766101 0.00167918 
1.21218e-08 0.431291 0.000186537 0.0112139 0.172594 0.12176 0.00120507 0.261652 9.68864e-05 
3.95188e-06 0.787769 0.000133884 0.000707612 0.113155 0.0778144 0.0172603 0.00140642 0.00174906 
5.27733e-07 0.662659 0.000593085 0.00748468 0.292279 0.02704 0.0046566 0.00490138 0.000385143 
0.00119181 0.480455 1.88916e-05 0.0478499 0.286305 0.116394 0.0348177 0.0328845 8.28115e-05 
3.66579e-05 0.807379 0.000170572 0.0622417 0.0444475 0.0652876 0.0155975 0.00405301 0.000786165 
0.00309581 0.439606 0.000890107 0.0906287 0.239651 0.022986 0.0728859 0.120935 0.00932151 
0.0149972 0.618672 0.00199758 0.041565 0.218492 0.0687931 0.0333788 0.00194452 0.000160068 
0.00379746 0.535098 5.29292e-07 0.029647 0.0995902 0.0549743 0.160052 0.0407265 0.0761134 
3.40504e-09 0.863498 1.37142e-05 0.00827537 0.051128 0.0469045 0.00501904 0.0251615 1.86804e-07 
0.00116739 0.544257 0.0142366 0.00438078 0.178362 0.122586 0.015763 0.119033 0.000213708 
1.60359e-06 0.587634 5.39146e-05 0.0101397 0.0883169 0.259883 0.0264608 0.0271265 0.000383998 
0.0834529 0.353766 8.71773e-07 0.103173 0.0942913 0.0304174 0.0021047 0.265088 0.0677053 
0.0175088 0.484198 0.173107 0.167786 0.0927865 0.00387182 5.34262e-05 0.0604201 0.000268597 
2.55216e-07 0.795547 0.00107569 0.00129191 0.154591 0.0417362 0.00189147 0.00325042 0.000616403 
6.67408e-08 0.999171 1.25382e-05 3.43419e-06 7.57014e-06 3.81889e-06 1.0041e-05 1.12316e-06 0.000790413 
1.32448e-05 0.819354 0.000554447 5.98772e-05 0.0908214 0.022301 0.00196149 0.0643707 0.000564025 
0.000137452 0.762216 0.00137611 0.000892552 0.0909477 0.0864421 0.00449768 0.0532225 0.000268461 
1.06507e-10 0.982778 1.92674e-07 2.09574e-07 0.0154235 0.0017569 8.61556e-08 4.10189e-05 6.79303e-08 
3.10697e-07 0.856162 3.95383e-05 7.21147e-08 0.0680779 0.0439608 0.00016567 0.031586 7.58645e-06 
4.70415e-06 0.603599 0.000614492 0.00549785 0.152916 0.0463394 6.14287e-05 0.190966 1.95441e-10 
0.0166982 0.35965 0.000240935 0.00237267 0.26443 0.310061 0.0347924 0.00935261 0.00240152 
0.140631 0.634768 0.00125424 0.0262533 0.172825 0.0140889 0.00145254 0.00868375 4.36984e-05 
1.29365e-05 0.379137 1.58668e-06 0.032919 0.125946 0.222733 0.00011117 0.239113 2.58437e-05 
0.00391746 0.435531 0.00341167 0.0334042 0.159171 0.101584 0.000467968 0.052012 0.210501 
8.24601e-06 0.973618 0.000283893 0.000914293 0.0123745 0.0105948 0.00178334 0.000258914 0.000164085 
0.000555417 0.605975 0.000280155 0.0217722 0.194035 0.0459436 0.0416009 0.0895025 0.000335168 
0.00165817 0.629534 6.43486e-05 0.0836517 0.175061 0.0320472 0.00417036 0.0695963 0.00421756 
0.00010305 0.33506 6.30989e-05 0.02859 0.100174 0.213688 0.0210964 0.296638 0.00458686 
0.000300136 0.402137 0.00103048 0.00773998 0.0309037 0.28734 0.0907084 0.179823 1.85254e-05 
0.00142796 0.880035 2.51971e-09 0.0508844 0.0214621 0.0443163 0.000804362 0.00107028 8.82046e-10 
0.00673613 0.36419 2.67268e-05 0.0631783 0.0830295 0.041913 0.0773878 0.0256906 0.337848 
0.00311277 0.357664 4.44458e-05 0.188667 0.14275 0.0369211 0.000189772 0.270323 0.000327983 
0.000211531 0.437763 1.34156e-05 0.0773479 0.155622 0.111373 0.0984761 0.0949915 0.0242011 
0.00260562 0.604413 8.8353e-05 0.0460291 0.134426 0.0596201 0.149081 0.00344853 0.00028828 
0.000229772 0.937371 0.000445741 0.00143458 0.0519168 0.000398307 3.49731e-05 0.00808325 8.5375e-05 
5.91596e-11 0.808567 1.36803e-05 0.062623 0.0400767 0.0798458 0.00561266 0.00311555 0.000146159 
0.00696242 0.425765 0.0117137 0.00423189 0.143116 0.118632 0.276502 0.0102743 0.00280147 
9.045e-05 0.66238 3.15945e-07 0.0215975 0.213406 0.0138835 0.000222306 0.0390004 0.0494205 
0.000903375 0.742685 4.74667e-05 0.00423267 0.211216 0.0146268 0.000975723 0.0191468 0.0061659 
0.0164176 0.854169 0.00146093 0.00713673 0.0767211 0.0302581 0.0111887 0.0022599 0.00038756 
8.50865e-05 0.623424 6.75041e-05 0.0378288 0.159676 0.0469721 0.000290871 0.126329 0.00532564 
0.00671391 0.682558 0.000510807 0.0185217 0.0750698 0.12294 0.000384061 0.0932905 1.11508e-05 
0.0640091 0.491943 0.128066 0.00396199 0.0738775 0.0865502 0.0017708 0.143415 0.0064059 
2.34831e-07 0.382347 0.000150159 0.115373 0.290579 0.128165 0.0381832 0.0445255 0.000677155 
0.016222 0.419235 0.0102535 0.0454976 0.25798 0.201152 0.019887 0.0284526 0.00132027 
0.0198529 0.699007 0.000459342 0.0143861 0.0877149 0.111132 0.0457967 0.0184053 0.00324541 
2.91421e-05 0.333451 4.25414e-05 0.049537 0.305481 0.103105 0.00740147 0.152125 0.0488286 
4.34426e-06 0.653315 4.44205e-05 0.015774 0.210628 0.0956015 0.000987249 0.0235942 5.0881e-05 
3.50252e-05 0.515927 0.000224632 0.00474653 0.385365 0.00160198 9.37116e-06 0.0920813 9.23159e-06 
0.000277976 0.524046 0.000870113 0.0114563 0.139687 0.19376 0.00794506 0.121917 4.07828e-05 
0.000455802 0.435414 1.25788e-05 0.278353 0.0814975 0.0669967 0.00358314 0.0841446 0.0495428 
6.17388e-09 0.930943 7.34675e-09 0.00412035 0.0338326 0.0153756 0.0073262 0.00840194 2.57179e-09 
0.000921167 0.374108 0.0710907 0.00222173 0.133077 0.322808 0.000791003 0.0448786 0.0501041 
0.00233413 0.370818 0.00102197 0.0645084 0.26428 0.0146492 0.00453572 0.27754 0.000313016 
0.139703 0.70925 0.000116553 0.00226687 0.0602364 0.0306386 0.047005 0.0105424 0.0002411 
0.000209175 0.467982 0.000160502 0.219007 0.137241 0.0768198 0.000780412 0.0828956 0.0149036 
0.00240523 0.478726 1.78862e-05 0.0286813 0.329419 0.0570764 0.0016056 0.102024 4.40942e-05 
0.0807592 0.493102 0.0011823 0.212719 0.124616 0.00900133 2.86327e-05 0.0764609 0.00213086 
2.00885e-05 0.792755 2.35583e-07 0.0101249 0.0175866 0.169594 0.000563235 0.00931452 4.20283e-05 
0.00813483 0.580145 0.000149114 0.0424683 0.200516 0.0764388 0.0525766 0.0221857 0.0173856 
1.95575e-07 0.916828 0.00829722 0.00475205 0.000485419 0.0302556 0.0333689 0.000650949 0.00536221 
2.27011e-08 0.361489 1.20144e-07 0.150037 0.0501973 0.299185 0.118677 0.0203133 0.000100962 
0.00165817 0.629534 6.43486e-05 0.0836517 0.175061 0.0320472 0.00417036 0.0695963 0.00421756 
3.53975e-05 0.550293 0.00060938 0.011256 0.0584357 0.045239 0.0627886 0.00324396 0.268099 
5.58826e-07 0.414587 5.58757e-07 0.106899 0.288131 0.0634061 0.00698911 0.109141 0.0108456 
3.14272e-05 0.875898 1.74346e-05 0.0188854 0.0073329 0.0322218 0.0314039 0.0342084 3.30959e-07 
7.8179e-06 0.583067 1.9623e-07 0.000915812 0.135064 0.227388 0.0377112 0.0158456 1.81602e-07 
0.00312948 0.347601 0.002292 0.255037 0.0815453 0.217932 0.00274125 0.089486 0.000236495 
0.123193 0.363359 0.020234 0.0167192 0.137249 0.111049 0.0142908 0.213169 0.000736425 
0.0968006 0.641611 1.50945e-05 0.0120463 0.0832863 0.149472 0.00306417 0.00163093 0.0120731 
0.0016608 0.443592 6.43568e-05 0.318932 0.118142 0.0815021 0.0161982 0.0196809 0.000227598 
2.63022e-06 0.628053 0.00121162 0.00903941 0.100834 0.0816239 0.169715 0.00924303 0.000277142 
7.59354e-10 0.713485 0.0287483 5.23604e-07 0.0104547 0.24473 2.08201e-05 0.00256026 1.7962e-07 
0.000261729 0.999299 1.80087e-06 6.52644e-05 0.000194135 2.58665e-05 0.000112529 3.6486e-05 3.11296e-06 
4.9026e-06 0.646251 1.08918e-06 0.0247704 0.100297 0.177317 7.79099e-07 0.0508026 0.000554517 
0.000222979 0.650708 0.000451849 0.128309 0.0705372 0.0413481 0.0768871 0.0305424 0.000993537 
0.000235391 0.609956 1.55477e-05 0.0598379 0.159777 0.11306 0.0149202 0.0419542 0.000244077 
0.00305197 0.558111 9.57587e-06 0.212754 0.0833992 0.0389875 0.0133899 0.0870811 0.00321552 
2.76175e-06 0.9095 1.43025e-07 6.41275e-06 0.0225384 0.0507957 3.01022e-11 0.0160805 0.00107592 
0.0102048 0.630707 4.0757e-05 0.0574062 0.129665 0.11984 0.0305116 0.0215529 7.24033e-05 
0.00342898 0.593892 0.000594632 0.0185179 0.138454 0.117886 0.00299214 0.12337 0.000864515 
0.000182653 0.760693 0.0521345 0.03535 0.0836572 0.0314664 0.00209014 0.0310914 0.00333452 
0.125569 0.428669 0.00259799 0.0404765 0.181598 0.0392171 0.00453824 0.0522228 0.125112 
0.00883417 0.653853 0.00328906 0.0951376 0.138634 0.0794824 0.00640882 0.0137557 0.000605307 
0.0929005 0.880548 6.82163e-05 0.000643578 0.00220989 0.00919143 0.0117997 0.00230858 0.000330504 
3.04934e-07 0.647296 2.03435e-07 5.54126e-07 6.52725e-07 0.16074 0.085592 0.106371 7.76916e-11 
1.95575e-07 0.916828 0.00829722 0.00475205 0.000485419 0.0302556 0.0333689 0.000650949 0.00536221 
0.0278792 0.424539 3.2363e-05 0.0131516 0.221449 0.0286091 0.0194032 0.161299 0.103637 
0.00010456 0.296338 0.000152378 0.117778 0.118975 0.204782 0.0446936 0.167267 0.0499094 
0.000862136 0.442918 0.00195101 0.0447507 0.378862 0.0914204 0.0148513 0.0240764 0.000308334 
0.00117115 0.814102 0.00324922 0.030815 0.0829163 0.0172482 0.00450901 0.0432409 0.00274831 
0.00104999 0.494384 5.68186e-07 0.224254 0.186486 0.0148382 0.000209673 0.0400873 0.0386903 
1.1578e-05 0.521834 7.45869e-05 0.0462204 0.186152 0.0351609 0.00882737 0.20158 0.000139789 
5.60312e-05 0.805234 0.000229046 0.000448746 0.159696 0.0168425 0.00183167 0.0153295 0.000333064 
0.000175941 0.652814 2.12609e-05 0.103734 0.129599 0.0710578 0.0134901 0.0290196 8.82705e-05 
2.21719e-05 0.869105 1.01217e-07 0.0403366 0.0651629 0.00466804 2.13243e-08 0.0206613 4.44305e-05 
5.87574e-06 0.760424 3.17094e-07 0.0258368 0.0366349 0.138263 5.30129e-07 0.0382149 0.000619028 
0.000134803 0.934195 1.00083e-06 0.00104895 0.0490965 0.00280656 0.00902478 0.00368124 1.15518e-05 
0.000630766 0.377689 0.00741733 0.0260483 0.375586 0.0917292 0.0267987 0.0914667 0.00263451 
0.0644515 0.791734 0.000134136 0.0195235 0.0851506 0.0164532 0.00368549 0.0188421 2.60217e-05 
0.00156482 0.572986 0.000181824 0.203209 0.101804 0.00222118 0.000261529 0.0956963 0.0220752 
0.00137495 0.652388 5.0197e-05 0.0150635 0.0168255 0.181752 0.0074108 0.125045 9.00149e-05 
0.000270784 0.411796 0.00154852 0.00305402 0.189722 0.154097 0.239286 0.000111649 0.000113822 
0.000698358 0.261718 9.86029e-05 0.140046 0.233066 0.212408 0.0340813 0.049897 0.0679867 
0.0156569 0.512393 0.000181002 0.0598841 0.219498 0.05562 0.00052886 0.0109402 0.125297 
0.137243 0.262095 0.000103761 0.246133 0.216281 0.00642919 0.00517458 0.0650787 0.0614613 
3.86188e-05 0.934386 1.38363e-06 0.00201872 0.014986 0.0485572 1.13029e-05 2.03871e-07 7.39622e-07 
3.8038e-10 0.693553 0.00109512 0.0847106 0.199426 1.50977e-07 0.000147787 0.0186154 0.00245161 
3.23765e-10 0.437592 3.00757e-05 0.106819 0.137214 0.147177 0.00417434 0.166968 2.65143e-05 
0.00010308 0.368208 3.60959e-05 0.0353951 0.246402 0.0440878 0.029422 0.276232 0.000113983 
0.0009554 0.725186 4.08849e-06 0.0335264 0.094628 0.00719927 0.00565025 0.132843 7.64037e-06 
7.60808e-10 0.989447 9.05342e-10 1.05768e-07 0.00316936 1.75102e-06 4.49061e-07 0.00312703 0.0042543 
0.000119785 0.35147 1.89818e-05 0.0262051 0.291019 0.0296595 0.00347227 0.128821 0.169215 
0.000941023 0.81991 7.31976e-05 0.000551038 0.101122 0.0270945 0.000441524 0.0498122 5.38208e-05 
1.78011e-05 0.613295 0.00445285 0.0403296 0.118237 0.114416 0.0385127 0.0705122 0.000226983 
0.00517729 0.527717 1.14398e-06 0.146935 0.126528 0.0461507 0.0475227 0.0452814 0.0546863 
0.00492526 0.409627 0.00117301 0.0116638 0.122692 0.371998 0.06816 0.00956352 0.000198236 
0.00506738 0.366799 3.01848e-06 0.213437 0.0720099 0.00119409 0.00403005 0.0445565 0.292903 
0.0228165 0.77441 8.86e-08 0.00773723 0.107593 0.0768996 0.00426953 0.00606137 0.00021262 
0.0195964 0.585146 0.000143026 0.0282959 0.306657 0.0455124 0.0103659 0.00394535 0.000337403 
5.77363e-06 0.892829 0.000333185 0.00207423 0.0286607 0.0278258 0.00193459 0.0463314 4.91863e-06 
2.17787e-05 0.380648 0.13064 0.0030335 0.339011 0.0432595 0.000206083 0.102246 0.000934843 
0.0707641 0.585951 0.000120859 0.0987499 0.110675 0.0628079 0.00495532 0.0647699 0.00120574 
1.82419e-08 0.569824 0.023732 0.0839699 0.243928 0.0694344 0.00703693 0.00190528 0.000169617 
0.000282284 0.290304 0.105248 0.058918 0.212341 0.234177 0.0444817 0.0531172 0.00113048 
0.00615501 0.892261 0.00536503 0.0453583 0.0457174 0.00185287 0.000923617 0.00226022 0.000106716 
0.068841 0.605007 4.66188e-05 0.0603094 0.182714 0.0216169 0.00280723 0.0557374 0.00292056 
0.0103083 0.481965 1.88141e-06 0.00149708 0.0153017 0.352983 0.0244786 0.038258 0.0752058 
0.0565658 0.439358 0.088282 0.0206067 0.113701 0.213291 0.0250817 0.0360404 0.00707383 
0.0164268 0.506897 0.000605408 0.0812768 0.288771 0.0369243 0.0167277 0.0512714 0.00109959 
0.0048753 0.69142 2.17372e-05 0.0561249 0.111689 0.0837378 0.0377417 0.0140592 0.000329808 
0.0388284 0.581916 0.00122026 0.106775 0.159256 0.0595169 0.0297773 0.022646 6.37483e-05 
0.00131959 0.532584 0.000101439 0.0748084 0.164714 0.117852 0.0093125 0.0987513 0.000555835 
1.29964e-07 0.736189 2.7763e-06 0.0332799 0.042294 0.171399 0.00302327 0.0127681 0.00104325 
1.96197e-08 0.898868 6.3618e-06 4.55385e-09 0.0490224 0.0520994 4.91871e-09 2.73344e-09 3.49491e-06 
0.0018714 0.612855 0.000716253 0.0305057 0.0813692 0.132318 0.0507899 0.0787224 0.0108518 
0.0664176 0.596298 0.00140357 0.0597487 0.180402 0.0480488 0.0237878 0.0233537 0.000540732 
0.0334381 0.346782 2.21588e-05 0.153111 0.271849 0.122967 0.0333716 0.0367205 0.00173884 
5.50539e-09 0.832136 2.68943e-06 0.0415237 0.0781503 0.0372503 3.81051e-05 0.0108989 8.84698e-08 
0.00036082 0.556439 0.0534422 0.0318885 0.0541362 0.0406827 0.000593755 0.262319 0.000137565 
1.20772e-05 0.425497 6.62592e-05 0.0753036 0.26591 0.112791 0.0760379 0.0442951 8.71462e-05 
0.0266393 0.383321 0.00566547 0.0660222 0.248995 0.183882 0.0443038 0.0408679 0.000303854 
0.0195745 0.448048 0.000121806 0.00210057 0.394251 0.0747342 0.0399181 0.0206572 0.000594488 
0.0314556 0.516924 0.000397868 0.0952459 0.109553 0.0992625 0.029133 0.0498631 0.0681647 
3.46565e-06 0.999757 3.43384e-09 4.73539e-05 2.65871e-05 0.000157146 7.23437e-10 7.96062e-06 1.20204e-09 
0.011545 0.426498 3.89981e-08 0.00662986 0.245177 0.238847 0.0167504 0.0544619 9.03978e-05 
0.0219842 0.54701 0.00031326 0.0805513 0.177888 0.0643536 0.0567997 0.0506629 0.000437132 
4.75616e-06 0.477723 5.79912e-09 0.00386487 0.0735446 0.0372081 0.232597 0.175057 1.20623e-06 
4.93086e-06 0.999672 3.58817e-07 5.71812e-05 8.61553e-05 8.29587e-05 1.60073e-05 7.64801e-05 4.27459e-06 
0.0191863 0.500234 0.00850831 0.0435377 0.189508 0.0813582 0.0375323 0.102999 0.0171355 
0.00548407 0.937725 0.000196509 6.09855e-05 0.0139065 0.0283855 0.0139384 7.46849e-05 0.000228474 
2.11276e-06 0.556351 0.000189156 0.0509547 0.352538 0.0193698 0.000221963 0.0200117 0.000362482 
8.77639e-06 0.719992 0.00234039 0.0205405 0.0784356 0.140487 0.00915588 0.0290113 2.83947e-05 
0.00657271 0.615595 0.00238814 0.00629754 0.128585 0.224805 0.0150037 0.000719813 3.28981e-05 
9.48975e-07 0.376864 4.40004e-05 0.00825749 0.0176848 0.363321 0.00728098 0.226546 3.44673e-10 
0.0366371 0.90398 0.000217526 0.0194193 0.0339779 0.00482557 0.000509904 0.000354781 7.79848e-05 
1.10133e-06 0.672826 1.1012e-06 0.0102484 0.0541082 0.250361 0.0124519 1.10192e-06 1.10173e-06 
0.000937215 0.409266 0.00030486 0.0755464 0.216809 0.0809407 0.0145432 0.102884 0.098769 
3.14391e-06 0.750955 2.20539e-05 0.0767982 0.125174 0.029731 0.00347221 0.0137501 9.38941e-05 
0.000527839 0.923803 7.11745e-06 0.0184805 0.0410043 0.00493059 0.00323544 0.00793853 7.31074e-05 
0.000655948 0.542496 0.000975193 0.0404557 0.0620568 0.301482 0.0423561 0.00926207 0.000260502 
0.0115545 0.44963 0.00494452 0.0510223 0.157072 0.256987 0.02943 0.0390221 0.000338136 
1.58411e-07 0.756253 1.00749e-07 0.0757592 0.0558913 0.108142 0.000220767 0.00317294 0.000560636 
0.0182311 0.400431 3.67339e-05 0.105769 0.139844 0.0792525 0.00227249 0.199008 0.0551549 
1.39472e-07 0.994589 0.00027193 3.23723e-08 0.000532494 0.00414526 0.000318938 9.64821e-05 4.55566e-05 
1.20551e-05 0.639267 1.20536e-05 0.0579036 1.20621e-05 0.0808256 1.20606e-05 0.221943 1.20594e-05 
0.00618768 0.865002 0.00174751 0.0771605 0.0376141 0.00911632 0.0011944 0.00134507 0.00063279 
4.49436e-05 0.372335 0.000108328 0.0571298 0.303137 0.157531 0.0530747 0.0186407 0.0379984 
0.00306339 0.333459 0.0182105 0.111267 0.174315 0.220619 0.0398159 0.0444195 0.0548307 
0.00269064 0.528615 2.06483e-05 0.132101 0.194045 0.0884027 0.0201862 0.0323098 0.00162813 
5.2419e-06 0.881123 9.66234e-06 0.00190509 0.082748 0.00757319 0.0159964 0.0106092 3.01174e-05 
0.0737939 0.598126 0.000986368 0.0245728 0.208766 0.0552924 0.0367768 0.000312446 0.00137281 
3.54192e-05 0.586248 2.42503e-08 0.0208407 0.105802 0.0708124 0.0333092 0.182773 0.0001782 
0.00501368 0.574827 0.000272642 0.0439929 0.289914 0.0635788 0.0118309 0.0104418 0.000127884 
3.07491e-10 0.686295 0.000130281 0.0596368 0.0224867 0.156023 0.00230745 0.0730908 3.01518e-05 
1.27374e-08 0.479415 0.00499718 0.0527047 0.241477 0.173742 0.0125165 0.0318012 0.00334643 
0.00960009 0.532125 1.31866e-06 0.00724567 0.107381 0.0544637 0.0367045 0.00686482 0.245614 
0.00252448 0.570607 3.56285e-06 0.0208918 0.0899582 0.292321 0.00691557 0.00774258 0.00903524 
1.25469e-08 0.378408 5.57553e-05 0.140232 0.227733 0.147286 0.0224249 0.0837929 6.78379e-05 
0.000132784 0.731914 7.71085e-06 0.0191012 0.149485 0.0355469 0.00149646 0.0616315 0.000685169 
0.00552396 0.392368 0.000361155 0.0969456 0.255056 0.0529004 0.000959118 0.167363 0.0285227 
0.0195745 0.448048 0.000121806 0.00210057 0.394251 0.0747342 0.0399181 0.0206572 0.000594488 
1.95575e-07 0.916828 0.00829722 0.00475205 0.000485419 0.0302556 0.0333689 0.000650949 0.00536221 
9.74582e-08 0.955817 1.1583e-05 0.00590356 0.00332944 8.65956e-06 0.000221973 0.0344841 0.000223233 
0.00198783 0.953949 0.000183274 3.18358e-07 0.0116847 0.0259307 0.00611907 2.9593e-05 0.000115861 
0.0004397 0.730463 7.6418e-05 0.0270401 0.160429 0.0692404 0.00496378 0.00724805 9.90967e-05 
4.93574e-05 0.752966 1.04794e-05 0.0175773 0.129999 0.0780516 0.00145158 0.0197297 0.00016544 
0.0171807 0.502672 0.0720839 0.0399337 0.206807 0.025615 0.0242983 0.110993 0.000416548 
0.0109529 0.575686 8.83698e-05 0.153096 0.14189 0.091612 0.0176589 0.00891164 0.000104173 
3.69356e-05 0.748964 0.000159754 0.142018 0.085548 0.0169694 0.000924352 0.00474378 0.000636485 
7.74468e-09 0.599555 5.99744e-05 0.279972 0.0823344 0.0205104 0.00276393 0.0135238 0.00127993 
8.68811e-06 0.677445 1.80853e-06 0.0768197 0.184251 0.059455 0.00100127 0.000910455 0.000106652 
0.136147 0.328598 0.002554 0.0388009 0.226193 0.0134853 0.000598471 0.0369743 0.216649 
0.00677996 0.597983 3.81606e-05 0.100454 0.177989 0.0489851 0.000756103 0.0661883 0.000826307 
4.64852e-08 0.692101 0.00445588 0.0588274 0.0983412 0.104041 0.0309959 0.0102343 0.00100338 
0.00246708 0.747073 1.14363e-05 0.000561831 0.0333508 0.00818398 0.000269188 0.00336065 0.204722 
0.0162044 0.560243 5.01736e-05 0.050346 0.104251 0.198226 3.92421e-05 0.0704585 0.000181375 
1.00303e-07 0.731071 7.62644e-06 0.000152402 0.167507 0.0615249 0.000147127 0.0395874 2.88869e-06 
7.74468e-09 0.599555 5.99744e-05 0.279972 0.0823344 0.0205104 0.00276393 0.0135238 0.00127993 
0.000141845 0.538755 0.00074734 0.0656404 0.326389 0.0317814 0.00364855 0.0290616 0.00383496 
0.00436639 0.532748 1.72252e-06 0.0364269 0.0379285 0.315621 0.061073 0.0117662 6.85545e-05 
7.59988e-09 0.849402 5.74588e-06 1.38466e-05 0.150523 2.77131e-06 7.55674e-07 4.67406e-05 5.20728e-06 
0.00328771 0.474743 1.25425e-08 0.256197 0.234052 0.02065 0.000794217 0.00823246 0.00204303 
0.0617578 0.609306 0.000263407 0.0452512 0.0684493 0.0209823 0.00302905 0.134684 0.0562771 
0.155264 0.34264 0.0515701 0.0251713 0.173851 0.0632364 0.00567416 0.128252 0.05434 
0.0202824 0.498543 0.000195724 0.0858726 0.220623 0.126575 0.0201466 0.0239914 0.00376956 
0.0563006 0.339183 0.000951541 0.070189 0.263217 0.0824692 0.00919389 0.165137 0.0133581 
2.32998e-05 0.505966 3.14917e-05 0.000392233 0.0355874 0.385423 0.0723691 0.000137101 7.10547e-05 
0.000382597 0.43696 3.77354e-07 0.00509138 0.314472 0.172556 0.0254974 0.044901 0.000139561 
0.00369857 0.399969 0.000108667 0.0280237 0.213382 0.043805 0.273073 0.037572 0.000367517 
1.47226e-07 0.768433 0.000176503 0.00867144 0.185974 0.0170864 0.00127906 0.0181019 0.000277999 
4.97927e-07 0.700956 1.18502e-11 1.22019e-06 0.251181 0.0467584 0.0011026 8.32032e-07 5.8117e-09 
8.22967e-07 0.748611 2.43736e-05 0.0918831 0.00570082 0.0310515 0.000868845 0.121792 6.70816e-05 
6.44505e-05 0.4051 0.000369178 0.0165563 0.334555 0.1803 0.000239482 0.0627161 9.93207e-05 
0.00019736 0.566757 1.47604e-05 0.0627086 0.142211 0.103069 0.0370784 0.0877255 0.00023847 
6.94304e-05 0.453907 1.31874e-07 0.118219 0.113639 0.0338109 0.000341236 0.280006 7.14214e-06 
0.0403472 0.731682 0.000912398 0.0695118 0.100126 0.0396628 0.0128665 0.0042499 0.000641223 
9.79929e-07 0.494424 0.00484546 0.00414146 0.285194 0.200993 0.00339771 0.00698832 1.4569e-05 
0.000378216 0.414519 0.00213914 0.00469632 0.253766 0.241986 0.0152801 0.0672264 9.26172e-06 
2.17572e-06 0.505304 0.00131947 0.0577099 0.260592 0.128846 0.0430574 0.00314926 1.92065e-05 
0.000309516 0.803411 0.00109776 0.0213859 0.0615745 0.0199743 0.0143774 0.0625198 0.0153501 
6.6465e-05 0.662879 5.51136e-05 0.0759566 0.0633262 0.00375633 0.0273371 0.166136 0.000487085 
0.000613948 0.600258 2.01405e-06 0.0161175 0.0772715 0.0923207 0.112409 0.0251191 0.0758887 
0.0140526 0.487443 1.06813e-05 0.00554025 0.457278 0.0204483 0.00670325 0.00560508 0.00291962 
3.26072e-05 0.732309 0.000231989 0.0046003 0.113626 0.0448976 0.00619372 0.097937 0.000171776 
0.000987 0.550472 0.00823826 0.0248622 0.247592 0.104346 0.0343855 0.0287635 0.000352945 
0.020552 0.822854 2.0182e-07 0.00163369 0.150279 0.00278116 3.21202e-05 0.00186773 7.06486e-08 
1.00979e-10 0.501639 1.20162e-10 0.13057 0.151243 0.0937284 0.0349907 0.0878293 3.36552e-07 
0.137913 0.420828 5.46348e-06 0.0413281 0.307021 0.036729 0.00221535 0.0282013 0.0257584 
0.00185829 0.829136 0.0294627 0.00107816 0.0837106 0.0425284 0.00557047 0.0057546 0.00090071 
1.28282e-10 0.793265 0.0233527 0.083141 0.0954222 0.00150986 1.65056e-06 0.00196385 0.00134349 
7.74468e-09 0.599555 5.99744e-05 0.279972 0.0823344 0.0205104 0.00276393 0.0135238 0.00127993 
0.000149656 0.559417 9.9555e-05 0.0309273 0.224633 0.153469 0.0141854 0.0170456 7.27083e-05 
2.49276e-07 0.57636 5.20096e-05 0.0139593 0.269054 0.0580933 0.0122023 0.0696735 0.000605354 
0.000126222 0.557896 0.00422373 0.0702413 0.287561 0.0356163 0.0373989 0.00666695 0.000269215 
0.00109683 0.499785 2.44628e-05 0.198734 0.0600324 0.153993 0.00302247 0.0788813 0.00443123 
1.95575e-07 0.916828 0.00829722 0.00475205 0.000485419 0.0302556 0.0333689 0.000650949 0.00536221 
0.00613833 0.477587 4.66063e-07 0.126487 0.0330465 0.0126106 5.27937e-07 0.34412 9.43328e-06 
8.2815e-09 0.588093 0.00409714 0.00896288 0.354028 0.0343966 0.00603617 0.00402965 0.000357054 
1.02664e-09 0.74713 1.22168e-09 0.000400161 0.0947439 0.10907 0.00173986 0.0469159 4.27658e-10 
1.11408e-10 0.489366 6.84423e-08 0.00809525 0.147784 0.260567 0.00469982 0.0892507 0.00023747 
8.91393e-07 0.489977 5.17052e-05 0.00350449 0.243661 0.261389 0.00082218 0.00056647 2.80274e-05 
7.66502e-06 0.836249 4.09864e-05 1.87767e-05 1.50219e-05 0.00250809 0.00109199 0.160068 9.06971e-08 
9.74582e-08 0.955817 1.1583e-05 0.00590356 0.00332944 8.65956e-06 0.000221973 0.0344841 0.000223233 
0.02321 0.450341 0.000142664 0.0636868 0.24523 0.0919662 0.0165151 0.108276 0.000632158 
5.17105e-11 0.578666 6.15341e-11 1.54471e-06 1.30514e-06 0.402092 0.00192639 0.0173127 2.15405e-11 
0.00102207 0.597582 2.70919e-05 0.000460186 0.172215 0.0258974 0.0022091 0.00306602 0.197522 
1.85728e-10 0.666589 0.129178 0.0119865 0.0390178 0.0471697 0.0881868 0.0178719 9.07627e-07 
2.24282e-06 0.736514 3.19541e-06 0.00785263 0.216763 0.00561956 0.000131341 0.033022 9.2537e-05 
2.34366e-05 0.823988 6.82782e-10 0.00532492 0.0129488 0.0755271 0.00710111 0.0566801 0.0184061 
0.00836921 0.422954 3.30795e-05 0.274522 0.204873 0.0249289 0.00513938 0.0439043 0.0152761 
0.00229456 0.812044 0.00129244 0.00506793 0.172053 0.00465649 0.00139309 0.000964463 0.000233397 
0.00338439 0.497243 0.0002675 0.183304 0.0963532 0.132156 0.0569651 0.0292177 0.00110814 
0.00064196 0.379371 0.0001646 0.0337779 0.369911 0.0661979 0.0651395 0.0839645 0.00083086 
0.000136012 0.785106 3.5398e-11 0.0242282 0.0770322 0.0986568 0.00680563 0.00802992 4.92763e-06 
0.00170633 0.62056 1.22115e-05 0.144272 0.134948 0.030545 0.0464365 0.0165513 0.00496864 
4.1327e-10 0.945727 8.67915e-06 0.00541637 0.0098348 0.0377025 2.42068e-05 0.00127371 1.25932e-05 
0.00363398 0.438449 0.0769341 0.155985 0.275409 0.0316431 0.0124944 0.00456723 0.000884892 
1.11407e-08 0.642527 5.24317e-07 0.018334 0.144037 0.0921677 0.00429392 0.0985894 5.07233e-05 
0.0317619 0.437754 0.00483434 0.0289298 0.136878 0.295386 0.00832242 0.0561131 2.05783e-05 
