1.36297e-07 0.0300892 0.0062641 0.0452652 0.876587 0.0319744 0.00152006 0.00829906 1.08236e-06 
0.00101821 0.131934 0.00161518 0.0678165 0.541387 0.071792 0.0113353 0.170706 0.00239515 
0.000233989 0.0262476 0.008908 0.00218083 0.890031 0.068713 0.00237603 0.00130607 3.27803e-06 
0.0040319 0.0805664 0.000121193 0.272877 0.399274 0.145336 0.0291512 0.0653481 0.00329397 
0.000490997 0.0130246 0.000317214 0.0821769 0.839677 0.0189312 0.00729599 0.0380118 7.45912e-05 
2.14772e-05 0.00745142 7.21444e-06 0.0771129 0.82443 0.0205738 0.0275815 0.0428208 6.81411e-07 
0.0114348 0.281251 0.000215916 0.167716 0.339286 0.0809966 0.0746501 0.0351917 0.0092587 
0.00049011 0.0370869 5.70567e-06 0.143493 0.703671 0.0495145 0.010454 0.0508835 0.00440184 
0.0014244 0.0979119 3.46059e-05 0.0729603 0.751673 0.0402991 0.0197612 0.0158806 5.50955e-05 
0.000367691 0.05685 2.38179e-07 0.176738 0.295491 0.24466 0.0607361 0.165068 8.79724e-05 
0.0128548 0.0721623 3.41501e-05 0.00409244 0.775017 0.090488 0.0328211 0.0124895 4.12568e-05 
1.24426e-10 0.0927421 2.65179e-07 0.0092617 0.652105 0.11891 0.00156318 0.125396 2.12409e-05 
4.84152e-06 0.0822396 0.000232297 0.0016454 0.902444 0.0124094 0.000452857 0.00056358 8.16415e-06 
3.35703e-06 0.0126195 6.37493e-05 0.00170152 0.907017 0.028832 0.0225419 0.0271543 6.69394e-05 
3.36722e-07 0.0052278 7.95704e-08 0.11339 0.545975 0.00715267 1.25918e-11 0.328254 2.09222e-11 
1.52671e-08 0.0304966 2.25107e-08 0.00119824 0.929285 0.0232728 0.0038625 0.0118852 6.58609e-08 
0.00598433 0.0900878 0.000465762 0.0296241 0.64499 0.176574 0.0142544 0.0262312 0.0117875 
0.000251042 0.0401662 0.000693981 0.00278637 0.551423 0.172796 0.0291334 0.195176 0.00757464 
4.16484e-08 0.00526215 6.64245e-09 0.0117009 0.592522 0.0103767 0.000482654 0.378855 0.000800482 
2.79108e-09 0.0115567 3.3213e-09 0.355401 0.59391 0.014352 1.2467e-07 0.02476 1.9931e-05 
1.28851e-05 0.156176 5.09088e-05 0.0207096 0.767582 0.0490192 0.00188716 0.00401622 0.000545833 
2.90977e-07 0.252266 0.000426873 0.0060489 0.551737 0.0552124 0.0320548 0.101209 0.00104452 
0.000889377 0.218998 0.000118523 0.156033 0.440391 0.0826723 0.0140466 0.0849794 0.00187168 
0.0184649 0.0309902 1.99543e-05 0.171281 0.356815 0.0486425 0.00318097 0.350167 0.0204374 
0.0312159 0.106824 0.000313321 0.0260259 0.710216 0.0677061 0.0535943 0.00398399 0.000120486 
0.00808288 0.0105378 8.45843e-06 0.0039115 0.656725 0.0535184 0.0117045 0.255463 4.85972e-05 
0.00268437 0.0146118 0.00328165 0.139742 0.621825 0.0845038 0.0311704 0.101036 0.00114578 
0.000178814 0.00824414 2.24116e-09 0.205526 0.537414 0.0396208 0.0167337 0.192282 1.52182e-11 
0.000249409 0.104197 0.00101681 0.0571456 0.7252 0.0441711 0.00451604 0.0606737 0.00282954 
1.23838e-07 0.00773033 6.53767e-05 0.00229539 0.860021 0.00793535 0.0223725 0.0993496 0.000229891 
0.00154729 0.0466224 1.11177e-05 0.121313 0.738617 0.0861604 0.00155014 0.00413881 3.93023e-05 
3.23712e-06 0.00167589 2.60111e-06 0.0050311 0.763984 0.0157012 0.00626094 0.207337 4.3514e-06 
0.0134645 0.0117263 7.24432e-06 0.0476972 0.701441 0.0780338 0.0124106 0.132 0.00321958 
0.00108917 0.106142 0.000445835 0.0875987 0.598439 0.0958439 0.0351966 0.0592475 0.0159973 
0.000378172 0.0400664 0.000330592 0.153083 0.722067 0.00500345 0.000780734 0.0763801 0.0019104 
0.00119472 0.016535 6.64521e-06 0.0218534 0.491172 0.00165939 0.0043882 0.383671 0.0795192 
0.00607199 0.100632 0.00106227 0.0146845 0.707618 0.0442089 0.0827172 0.0309064 0.0120988 
0.000542966 0.134253 2.58118e-08 0.108772 0.637174 0.0143006 0.0209189 0.0837942 0.00024436 
0.00285408 0.0339065 0.00146336 0.0277292 0.779862 0.0667863 0.0828605 0.00450021 3.76759e-05 
0.000175465 0.0271598 0.000124424 0.0502195 0.846724 0.0277534 0.00118066 0.0466438 1.88783e-05 
0.00370018 0.128066 0.000369275 0.0329875 0.764744 0.0465824 0.0168526 0.00659803 9.94781e-05 
0.00820884 0.0729208 0.00220445 0.011187 0.774474 0.0441441 0.042429 0.0443257 0.000106103 
3.05196e-05 0.0664531 9.38896e-06 0.00187079 0.760744 0.0476376 0.00947486 0.113724 5.63228e-05 
0.000354804 0.0693515 2.89381e-05 0.0713651 0.712445 0.0889866 0.00668978 0.0507338 4.43433e-05 
0.000109151 0.130769 2.87601e-06 0.054659 0.704414 0.0786654 0.00807117 0.023306 3.62394e-06 
5.98072e-05 0.0556961 4.11848e-07 0.0288674 0.864765 0.0315152 0.00145603 0.0176402 1.61133e-07 
0.000901074 0.11441 0.000219544 0.00991941 0.71475 0.0763641 0.030593 0.0528397 3.51151e-06 
0.0037264 0.0116972 0.000116251 0.00717954 0.856948 0.0446404 0.0012028 0.0744828 6.23814e-06 
0.000307683 0.0110094 7.25415e-06 0.0153349 0.835014 0.0269966 0.00630765 0.10493 9.17559e-05 
0.0448652 0.0476278 0.000377769 0.106557 0.557096 0.0935352 0.0639401 0.0735547 0.012446 
2.35527e-07 0.0285661 1.7597e-06 0.00322322 0.833228 0.109361 0.0166682 0.00891572 3.53956e-05 
0.000621813 0.126843 2.76887e-06 0.0104014 0.608281 0.15821 0.00164389 0.0936423 0.000353551 
8.1484e-06 0.00273208 1.28244e-05 0.0085917 0.872622 0.00206187 0.00344254 0.110507 2.25501e-05 
0.000133052 0.0321332 2.58786e-06 0.0489875 0.649077 0.0184501 0.0361008 0.215091 2.47077e-05 
0.000196617 0.0160487 2.12959e-07 0.054423 0.862491 0.0315617 0.00228278 0.0329789 1.74292e-05 
1.05344e-06 0.141623 1.00585e-06 0.00309966 0.79326 0.00870008 1.66307e-05 0.0532941 5.08401e-06 
0.00117988 0.0595177 0.000223385 0.0342718 0.481267 0.0834145 0.0362053 0.273935 0.0299851 
0.000506332 0.0144413 6.82999e-05 0.0758839 0.476707 0.0305823 0.054033 0.347529 0.000248439 
0.00146754 0.124077 0.00028194 0.0153107 0.66075 0.147917 0.0107436 0.0392953 0.000156681 
0.00126387 0.036529 0.000166433 0.0138464 0.763004 0.0543909 0.0153792 0.113186 0.00223448 
0.000310079 0.103581 0.000361687 0.000465254 0.617523 0.219397 0.0156233 0.0416533 0.00108524 
0.0630469 0.184083 2.55116e-07 0.108081 0.402808 0.0368637 0.00548846 0.186025 0.0136045 
0.00388085 0.0573176 0.000113437 0.105506 0.552438 0.0419971 0.0095397 0.222214 0.00699265 
0.000161745 0.0448798 0.00357837 0.0183944 0.63462 0.0686659 0.00859319 0.220389 0.000717781 
0.000707268 0.100367 0.00324314 0.00968418 0.787882 0.0531945 0.0426719 0.00218304 6.74165e-05 
0.0486035 0.0450601 0.000371762 0.013405 0.661123 0.126395 0.0578501 0.0461866 0.00100507 
5.75811e-08 0.0364235 0.000938345 0.0116324 0.664642 0.117469 0.0971713 0.0717059 1.81333e-05 
0.000392368 0.176673 3.34141e-05 0.021653 0.358801 0.352165 0.0155698 0.0745901 0.000122344 
6.02064e-06 0.0193506 8.9657e-05 0.00372435 0.886925 0.0145825 0.0254694 0.0494136 0.000439051 
0.00194923 0.133805 0.000329372 0.012822 0.642999 0.0846297 0.0546236 0.0688022 4.01806e-05 
0.00187749 0.0177835 3.99545e-05 0.0475416 0.775895 0.0269633 0.000998645 0.120494 0.0084064 
3.43611e-07 0.446176 0.00400205 0.00165123 0.487319 0.00417214 0.000717941 0.0558869 7.38351e-05 
0.0011461 0.137733 0.0356837 0.00536034 0.697772 0.0297401 0.0114158 0.0807432 0.000406706 
0.000313034 0.0894092 0.000173418 0.00271088 0.671311 0.147629 0.0379452 0.0504965 1.22794e-05 
7.38252e-06 0.0307458 6.98851e-05 0.00576782 0.621117 0.0718432 0.000389701 0.268437 0.00162148 
0.0261005 0.0310337 5.26946e-06 0.0534938 0.622363 0.108236 0.10992 0.0478069 0.00104105 
3.35798e-05 0.271344 0.000564636 0.0106597 0.459797 0.236761 0.0108328 0.0099671 4.11923e-05 
4.38001e-05 0.236113 6.40875e-11 0.00854855 0.41375 0.25488 0.0803629 0.00595861 0.000343171 
0.00417721 0.090578 0.000524171 0.155853 0.576718 0.0643761 0.0142982 0.0918149 0.00166092 
2.45094e-05 0.072912 6.6353e-07 0.0435136 0.556497 0.0416298 0.103707 0.18077 0.000945059 
7.82772e-05 0.0109248 1.09935e-05 0.0234653 0.579742 0.108346 0.00758371 0.268579 0.00126935 
1.32795e-05 0.0387577 1.18506e-07 0.00480141 0.704386 0.189094 0.00501963 0.0579166 1.08781e-05 
0.0290027 0.0469434 2.17424e-05 0.0120655 0.772194 0.0993971 0.000336662 0.0400007 3.84654e-05 
0.00404242 0.0506119 0.00050532 0.0467336 0.41156 0.109926 0.0121298 0.356705 0.00778578 
4.72686e-06 0.0131154 5.03425e-05 0.0143428 0.796649 0.032409 0.0132024 0.130107 0.000119357 
4.14954e-05 0.0722933 0.000415795 0.0569187 0.711311 0.0158057 0.020638 0.119436 0.00313939 
0.0004174 0.0312743 2.31048e-05 0.00397954 0.600387 0.0634852 0.161884 0.138498 5.08518e-05 
1.57456e-06 0.0391141 3.57306e-05 0.00575978 0.912204 0.0284734 0.000316606 0.0140477 4.67682e-05 
4.84152e-06 0.0822396 0.000232297 0.0016454 0.902444 0.0124094 0.000452857 0.00056358 8.16415e-06 
4.95183e-06 0.0102882 3.98828e-05 0.00645319 0.875188 0.00501392 0.0493106 0.0531714 0.000529395 
0.00219237 0.206416 0.00424496 0.172608 0.350024 0.0760212 0.00459103 0.179423 0.00447863 
0.00016021 0.0366511 6.77546e-05 0.041657 0.700821 0.0534545 0.00983981 0.156458 0.000890774 
0.00153518 0.0465179 8.92019e-05 0.0800571 0.783431 0.0613026 0.00409274 0.0226055 0.000368415 
0.0154727 0.15153 0.00274049 0.00923267 0.794221 0.0226208 0.00288321 0.00119414 0.000104708 
5.16145e-07 0.194798 6.11643e-05 2.11674e-05 0.724822 0.0745632 0.00265168 0.00299608 8.62189e-05 
6.82338e-05 0.0454413 1.82234e-05 0.0108983 0.623849 0.157059 0.000947009 0.161633 8.61558e-05 
6.20186e-05 0.00522143 2.16307e-05 0.0125469 0.736708 0.07559 0.160297 0.00955317 5.21135e-07 
0.0021766 0.0395906 4.0902e-06 0.236988 0.446481 0.0626477 0.00124645 0.111132 0.0997341 
5.5355e-08 0.000625064 7.26514e-09 0.189815 0.735028 0.0167002 0.00303759 0.0547939 7.08693e-09 
0.000135146 0.010581 2.55532e-06 0.0432765 0.638347 0.0142918 0.0264479 0.266914 3.37685e-06 
2.00015e-09 0.0082785 2.91815e-06 0.0103403 0.942103 0.00318545 0.00100682 0.0350487 3.40086e-05 
0.00128563 0.111657 6.99436e-05 0.0111174 0.481842 0.286493 0.0139613 0.0932162 0.000358407 
7.25106e-05 0.00696375 4.53752e-05 0.0659542 0.485918 0.0366103 0.00628204 0.397647 0.000506317 
1.46461e-05 0.00038447 1.85493e-07 0.00018662 0.691668 0.278693 0.00104869 0.0280042 6.31068e-10 
0.000801526 0.0387455 3.06602e-05 0.0715122 0.615446 0.032313 0.011715 0.219692 0.00974468 
0.000461614 0.0195337 4.30276e-05 0.0588262 0.772033 0.0997199 0.047889 0.00149226 1.65717e-06 
9.93616e-05 0.0372832 0.000190299 0.011358 0.765432 0.0519633 0.0549984 0.0786614 1.39708e-05 
0.00137652 0.0266188 0.000596333 0.184808 0.706547 0.0232076 0.0271194 0.0267949 0.00293171 
0.00275105 0.0725352 0.00299959 0.0450151 0.747934 0.124087 0.00394506 0.000733433 4.0739e-08 
0.000138933 0.0427093 0.000266307 0.00714285 0.715977 0.0706089 0.076997 0.08614 1.95457e-05 
0.000411939 0.00591408 0.0116312 0.000603973 0.782565 0.0272147 0.000239352 0.0598996 0.11152 
0.00260217 0.0452413 2.15081e-05 0.273405 0.440956 0.0354467 0.0733254 0.0258909 0.103111 
0.045024 0.0653014 1.67938e-05 0.00255912 0.601517 0.182075 0.090503 0.0129665 3.7659e-05 
0.00152324 0.180341 2.79016e-06 0.0776543 0.424667 0.209048 0.0442459 0.062233 0.000283823 
4.43786e-10 0.0144908 5.60826e-05 0.00424404 0.937355 0.00549835 0.000466445 0.0377299 0.000159598 
0.0517468 0.0423937 6.29196e-06 0.0227996 0.671354 0.133961 0.000123056 0.0773757 0.000239463 
0.00767436 0.088366 0.00106823 0.110626 0.61269 0.0790459 0.00843076 0.0897545 0.00234396 
0.00121574 0.121262 8.82683e-05 0.0808856 0.651239 0.0665718 0.00116731 0.0635923 0.0139774 
7.17546e-07 0.0442786 1.03251e-10 0.0134721 0.752428 0.118364 0.00697104 0.0644779 7.65879e-06 
0.00430657 0.163605 0.0307797 0.0196728 0.561098 0.0357941 0.0139017 0.169833 0.00100921 
0.000275527 0.0306627 0.000258627 0.0346363 0.807684 0.0701281 0.00668816 0.0492868 0.000380172 
0.00132501 0.00938768 4.15408e-07 0.00381085 0.928928 0.0415797 0.0066636 0.00830074 4.49414e-06 
0.00058973 0.269511 0.0127869 0.033655 0.507854 0.042833 0.0153941 0.105274 0.012103 
5.37116e-06 0.0477882 0.00587702 0.0399735 0.649969 0.111672 0.028332 0.116355 2.78386e-05 
0.000104127 0.0894923 5.27073e-05 0.0426142 0.671552 0.0642538 0.048327 0.0834801 0.000123892 
0.0018856 0.253791 2.26953e-07 0.113101 0.278971 0.156363 0.031723 0.164097 6.8255e-05 
0.0919337 0.252558 4.51577e-05 0.308539 0.320482 0.00773259 0.00632783 0.0122834 9.78042e-05 
1.63668e-05 0.0998441 0.00194346 0.0743245 0.764127 0.0113375 0.00256406 0.0457693 7.32191e-05 
5.48237e-08 0.00280366 3.40241e-08 0.00430765 0.837446 0.0494645 0.060789 0.0451884 5.70159e-07 
0.000877724 0.0212073 0.000169731 0.018464 0.871058 0.0141028 0.00912182 0.0491685 0.0158299 
1.80533e-06 0.021435 9.3952e-05 0.00804385 0.802285 0.0868417 0.0190414 0.0622225 3.52666e-05 
0.00603081 0.0824181 0.000188994 0.0651966 0.581379 0.0563807 0.0219974 0.185548 0.000859811 
0.00435306 0.0745627 9.40137e-05 0.0695512 0.754125 0.0289858 0.0119336 0.0536826 0.00271152 
1.01888e-11 0.0310444 2.80304e-07 0.00472902 0.919448 0.01876 0.0045797 0.0214174 2.12858e-05 
3.62903e-07 0.00542113 3.89605e-06 0.000877251 0.93026 0.0100286 0.00576191 0.0475429 0.000104425 
4.19054e-05 0.0833167 1.10876e-05 0.0174661 0.414013 0.0715114 0.000643855 0.412984 1.27168e-05 
0.029641 0.0988976 6.13685e-06 0.0613986 0.664625 0.100993 0.0323286 0.0119522 0.000157957 
7.96634e-07 0.00379529 0.000154109 0.000163642 0.861248 0.0620167 0.0486762 0.0238673 7.8144e-05 
0.00235808 0.0392698 0.000243953 0.0108854 0.527006 0.0429359 0.0186866 0.344545 0.0140686 
0.00166833 0.0316508 0.000919738 0.0519674 0.835282 0.0447649 0.0135325 0.0129745 0.00724018 
0.0103521 0.0893257 0.001527 0.0389883 0.407535 0.064353 0.00982458 0.375824 0.00227055 
2.16008e-06 0.46645 0.00562631 0.0056491 0.491312 0.0112122 0.00111276 0.0185086 0.000127006 
1.36324e-09 0.00768948 0.000243343 0.00243726 0.862245 0.00294094 0.0332733 0.0910594 0.000111525 
0.00140696 0.100631 7.88857e-05 0.0589051 0.598702 0.0786623 0.0229015 0.134935 0.00377685 
0.00151152 0.053545 2.29008e-05 0.0530951 0.702591 0.0596815 0.0273626 0.100021 0.0021693 
0.0161454 0.295638 0.000114283 0.0396373 0.305059 0.0174085 0.0170534 0.304386 0.00455746 
0.010284 0.0683697 2.73283e-05 0.00476717 0.795232 0.0788647 0.026257 0.0161654 3.30106e-05 
0.000545837 0.102431 0.000480695 0.0356943 0.816168 0.0203293 0.00115508 0.0231906 5.21589e-06 
0.000789882 0.112923 0.000372382 0.203624 0.388023 0.0436178 0.0215533 0.226153 0.00294281 
0.00485966 0.0586619 0.000125147 0.0973842 0.441771 0.0580126 0.0155693 0.316688 0.0069288 
0.00285408 0.0339065 0.00146336 0.0277292 0.779862 0.0667863 0.0828605 0.00450021 3.76759e-05 
0.00970415 0.0368666 3.89112e-05 0.0759339 0.529138 0.0321768 0.000276742 0.315592 0.000273233 
8.58845e-05 0.179463 0.00223829 0.0481182 0.339057 0.271869 0.0267836 0.109632 0.0227537 
7.21008e-05 0.0164708 0.000442184 0.0189711 0.72772 0.0521089 0.0234622 0.156972 0.0037808 
4.8492e-05 0.0585012 9.49479e-07 0.000360205 0.737084 0.201448 0.000699207 0.00185352 3.9243e-06 
0.00672125 0.165781 0.00160976 0.0363019 0.703716 0.0274857 0.0115208 0.0465369 0.000326783 
0.000437812 0.0247052 3.22175e-07 0.0521229 0.369527 0.25284 0.000349687 0.299984 3.33188e-05 
0.000246032 0.0131855 0.000202082 0.0101944 0.830856 0.0446632 0.0254688 0.075141 4.25627e-05 
0.0855629 0.0305565 1.07032e-05 0.00822744 0.716503 0.07127 0.0166428 0.0710966 0.000130487 
4.20804e-06 0.0922012 0.000762587 0.0170469 0.830171 0.0350088 0.00323138 0.0215204 5.31811e-05 
4.43417e-09 0.0369173 1.29476e-05 6.04578e-05 0.873006 0.0343129 0.00948909 0.0461953 6.1027e-06 
0.00287672 0.0902898 0.0132938 0.0261849 0.594842 0.0595085 0.0206357 0.180968 0.0114012 
0.0183449 0.267185 0.000857458 0.0343444 0.29873 0.0403673 0.00122025 0.0668495 0.272101 
1.2283e-06 0.0522557 1.75586e-05 0.00492558 0.912244 0.0148977 0.000510403 0.0151313 1.67924e-05 
0.0204255 0.300777 0.00143461 0.0670814 0.319288 0.0772287 0.0846831 0.085423 0.043659 
2.69335e-05 0.142561 0.00231036 0.00592083 0.543471 0.28654 0.00689737 0.0109301 0.00134296 
1.4868e-06 0.182011 0.000105059 0.0475404 0.462691 0.0136481 0.00129749 0.289877 0.002829 
0.000295324 0.0523722 7.49125e-06 0.183652 0.655534 0.0194187 0.00412983 0.0811934 0.00339642 
1.62793e-06 0.00616014 3.8e-06 0.111279 0.627722 0.221697 0.000254749 0.0328817 7.61206e-08 
2.37242e-05 0.0479299 1.47873e-05 0.368591 0.464092 0.0100066 0.00661451 0.102665 6.23067e-05 
0.00407639 0.0555045 0.00519398 0.0382201 0.694473 0.06799 0.0450681 0.0887743 0.000699428 
3.39821e-06 0.333436 3.12351e-05 0.0520833 0.413779 0.164499 0.00615689 0.0298109 0.000200742 
3.34985e-06 0.206098 0.00067248 0.0989282 0.433798 0.0247705 0.00309387 0.23241 0.000225114 
0.0371199 0.225238 0.0229636 0.0534272 0.4129 0.053712 0.00287724 0.0694462 0.122316 
0.00456679 0.0765803 1.81678e-05 0.177002 0.321749 0.16233 0.0477323 0.204941 0.00508044 
0.00365828 0.189983 6.60606e-05 0.212712 0.438622 0.120175 0.0327695 0.00199521 1.94895e-05 
0.00137682 0.058327 0.00184995 0.223779 0.581548 0.0562836 0.0324845 0.0249475 0.0194035 
8.19589e-05 0.0195598 0.0437962 0.0508778 0.70596 0.0309938 0.0141417 0.134122 0.000466926 
0.010284 0.0683697 2.73283e-05 0.00476717 0.795232 0.0788647 0.026257 0.0161654 3.30106e-05 
0.00518196 0.0134502 1.09904e-05 0.00841774 0.795736 0.0539784 0.00495928 0.117737 0.000527808 
0.00873708 0.164653 0.000184153 0.159968 0.527669 0.0643729 0.00781056 0.0664957 0.000108862 
0.00253229 0.324493 0.0012072 0.0106558 0.503451 0.118374 0.00442911 0.0344042 0.000452437 
0.000316455 0.099096 3.73369e-08 0.141353 0.543835 0.0810687 0.000612321 0.133315 0.00040359 
7.21008e-05 0.0164708 0.000442184 0.0189711 0.72772 0.0521089 0.0234622 0.156972 0.0037808 
0.000506569 0.0937254 6.87937e-05 0.00511136 0.859587 0.0303536 0.00547797 0.0051517 1.77849e-05 
0.00523785 0.0776299 0.000147827 0.00904987 0.677766 0.134493 0.0014637 0.0941199 9.15646e-05 
0.000664109 0.115533 0.000139898 0.277721 0.495538 0.0238745 0.00080297 0.0853794 0.000347003 
3.19683e-05 0.0239081 5.5021e-06 0.28373 0.648044 0.00282632 0.00429348 0.03711 5.01177e-05 
0.00262303 0.105422 8.14478e-06 0.0121398 0.725355 0.100751 0.00515102 0.0483048 0.000244984 
1.71548e-06 0.186477 0.00991895 0.0217038 0.65532 0.0574143 0.00900965 0.0601284 2.61761e-05 
0.000638098 0.0854154 0.00478593 0.0338906 0.557818 0.18302 0.00873078 0.12567 3.13067e-05 
1.25333e-08 0.100234 0.000248417 0.0186275 0.822508 0.00840139 0.0108428 0.0390817 5.59659e-05 
7.03914e-05 0.0830115 0.0109352 0.0727083 0.297727 0.241407 0.245311 0.0487788 5.08286e-05 
0.00160445 0.0456011 3.76762e-05 0.0621834 0.522819 0.050941 0.00739238 0.309198 0.000223083 
0.0300167 0.0630847 1.12118e-05 0.00445292 0.684719 0.136834 0.0603357 0.020521 2.51167e-05 
0.000539789 0.00278493 1.08773e-05 0.00288708 0.71297 0.0525768 0.000980997 0.227172 7.71776e-05 
0.000335046 0.00676829 3.64173e-06 0.40111 0.577133 0.0045787 0.000138776 0.0099068 2.63206e-05 
0.00228497 0.113391 2.91376e-05 0.0121016 0.509419 0.164967 0.0249291 0.172317 0.000562059 
2.34275e-05 0.0143333 2.88237e-05 0.00536941 0.904748 0.0280908 0.0313671 0.0159726 6.6565e-05 
0.000116165 0.0409044 0.000521963 0.0144194 0.779475 0.103675 0.00966286 0.0511749 5.05822e-05 
0.000755221 0.10671 0.000544729 0.0774283 0.662242 0.0853408 0.0181579 0.0446062 0.00421478 
0.00618966 0.293651 0.0255155 0.0251014 0.416212 0.0671857 0.0226894 0.137098 0.006357 
7.15152e-09 0.014344 0.00012157 0.00260704 0.905856 0.0100169 0.0279747 0.0378277 0.00125171 
0.00167814 0.0181516 0.000200519 0.0155361 0.752252 0.0963019 0.0240465 0.0894444 0.00238865 
3.59904e-12 0.00425263 4.28276e-12 0.00873441 0.972712 0.0138603 0.000169933 0.000270291 1.49921e-12 
7.52591e-07 0.0015225 9.38307e-07 0.000453995 0.966382 0.00741835 0.00854617 0.0156525 2.30348e-05 
0.00108123 0.0355795 0.00146043 0.0258711 0.733827 0.0896161 0.0215932 0.089942 0.00102937 
0.00106246 0.0139954 2.13851e-05 0.0131574 0.884743 0.0266725 0.00843484 0.0518772 3.54142e-05 
0.000146504 0.0523347 1.09771e-05 0.110095 0.576853 0.0950379 0.00455188 0.160962 8.85402e-06 
0.0122186 0.0741674 0.000476959 0.152655 0.484206 0.0326843 0.0134352 0.215854 0.0143035 
0.0104022 0.0671393 0.000191992 0.0422327 0.780145 0.00585393 0.0154138 0.0500915 0.0285291 
3.34856e-05 0.0124081 0.000105767 0.00424742 0.810899 0.0219061 0.00651425 0.143794 9.22627e-05 
0.0028865 0.371724 1.96353e-12 0.0316862 0.484005 0.0228169 0.00408344 0.0826865 0.000110901 
0.0152288 0.131989 0.000458161 0.154315 0.605106 0.0267371 0.0133037 0.0437432 0.00911872 
0.00643706 0.0962497 4.57798e-05 0.0327091 0.707108 0.0836259 0.0251832 0.0485025 0.000138733 
6.41175e-06 0.00252674 4.13244e-07 0.109309 0.654175 0.0603139 0.00204801 0.171561 5.91705e-05 
0.00224482 0.0701445 0.00051116 0.181358 0.468298 0.0738337 0.0251384 0.17588 0.00259129 
6.1539e-07 0.0820562 0.0031046 0.108594 0.782047 0.00827025 0.00541681 0.0104759 3.4662e-05 
0.000160337 0.319483 0.00311099 0.00670141 0.346709 0.266061 0.00550036 0.0519979 0.000276308 
6.68257e-05 0.0618418 3.6548e-06 0.00173229 0.513606 0.317315 0.0173076 0.0880628 6.32788e-05 
0.0299733 0.282724 1.72492e-05 0.119087 0.396504 0.101266 0.0259562 0.0431185 0.00135258 
0.00250955 0.0402871 0.000690627 0.153969 0.667709 0.0365472 0.011501 0.08384 0.0029467 
6.30443e-05 0.0933887 0.0034471 0.0209969 0.790478 0.0614383 0.0245691 0.005539 8.01314e-05 
0.00911363 0.114778 3.83329e-05 0.280928 0.335427 0.048135 0.023493 0.182995 0.00509219 
0.00280038 0.0504279 5.40222e-05 0.00477309 0.610611 0.158366 0.0309955 0.141825 0.000146981 
2.62575e-05 0.041248 0.000654718 0.0862594 0.65343 0.0624658 0.00308461 0.152341 0.000490272 
5.45666e-05 0.0291971 0.00028801 0.0154721 0.797314 0.0408604 0.0102608 0.106356 0.000196801 
6.26099e-05 0.126885 3.35833e-05 0.0474244 0.701003 0.0243388 0.0783093 0.0219358 7.52578e-06 
0.000176886 0.0355993 3.03209e-05 0.0033978 0.713268 0.182715 0.000480327 0.064234 9.82654e-05 
2.034e-05 0.0478054 0.000247653 0.0207851 0.925691 0.00186702 0.000473806 0.00296528 0.000144227 
0.000767335 0.201538 0.00409032 0.0152967 0.648751 0.0887193 0.00695986 0.0336364 0.000240416 
0.00114562 0.0155736 0.00151884 0.00503215 0.687804 0.0820879 0.0236471 0.175619 0.00757171 
0.00230727 0.0288533 4.93516e-07 0.0206397 0.463652 0.321904 0.000358688 0.162273 1.12991e-05 
0.228825 0.153079 4.45641e-08 0.212035 0.309106 0.00904824 0.000525455 0.0831833 0.00419741 
0.000211762 0.0265242 1.91195e-06 0.0110054 0.599101 0.182152 0.0078736 0.16892 0.00420999 
2.41749e-05 0.0233236 0.00708401 0.00716189 0.761648 0.0435808 0.0700462 0.0870578 7.31144e-05 
0.0237284 0.0475727 0.00357504 0.0173622 0.585664 0.218156 0.039601 0.0642767 6.41121e-05 
0.00849185 0.00418255 3.88534e-06 0.0121762 0.740069 0.04828 0.03397 0.152426 0.000401186 
4.027e-05 0.0915481 6.30197e-05 0.245856 0.506851 0.0895236 0.0422728 0.0236578 0.000187619 
1.00121e-05 0.0565891 1.46418e-07 0.0065695 0.792024 0.0411742 0.000131255 0.103502 1.73775e-08 
5.53759e-05 0.208553 0.00114315 0.0488819 0.611468 0.104313 0.00363579 0.0102209 0.0117288 
4.85683e-08 0.0344057 5.0464e-08 0.139748 0.653549 0.0315275 0.018569 0.122196 4.23505e-06 
0.000629109 0.188685 4.32008e-06 0.0367184 0.658486 0.0799033 0.0022737 0.0238356 0.00946475 
0.0123599 0.145285 0.0429819 0.000257751 0.675602 0.0875304 0.0081448 0.0274358 0.000402427 
1.21954e-06 0.0388492 0.0024778 0.053477 0.798188 0.00377449 0.00361169 0.0993299 0.000290949 
0.000722874 0.0573332 0.000180057 0.0785322 0.669805 0.0579621 0.0527957 0.0824193 0.000249048 
6.30626e-06 0.0120041 3.82333e-05 0.000221105 0.813214 0.0153012 0.0507149 0.108496 4.67849e-06 
0.0152913 0.164886 0.00102778 0.0363077 0.377774 0.0298168 0.00536971 0.179368 0.190159 
2.21772e-08 0.0075279 0.0338432 6.28424e-05 0.884088 0.00785041 0.000344723 0.0643869 0.00189626 
4.46051e-07 0.0215543 1.52483e-06 0.00401305 0.92634 0.0345833 0.0043815 0.00912242 3.98733e-06 
0.000285253 0.0986862 0.0197908 0.0248401 0.403936 0.0955418 0.0230269 0.333484 0.000408243 
3.01329e-05 0.0386932 3.60799e-05 0.0118165 0.520858 0.0684765 0.0210804 0.335056 0.00395374 
0.00842993 0.13993 0.000289264 0.0844401 0.455058 0.248932 0.0410001 0.0218553 6.58155e-05 
8.99199e-07 0.149466 4.76769e-05 0.00049063 0.709049 0.0441688 0.0310895 0.0653012 0.000385711 
0.0104022 0.0671393 0.000191992 0.0422327 0.780145 0.00585393 0.0154138 0.0500915 0.0285291 
0.00287315 0.344343 0.00221834 0.026129 0.404756 0.0769403 0.0717246 0.0420153 0.0290008 
2.61974e-06 0.107244 0.000529684 0.00347372 0.667242 0.149294 0.0211087 0.0508882 0.000217052 
0.00329647 0.0852487 0.00118898 0.0858329 0.734492 0.0380957 0.0378101 0.0138007 0.000234534 
1.37551e-05 0.0188225 2.19511e-05 0.00544606 0.800507 0.0582776 0.00120201 0.115693 1.62941e-05 
0.00839333 0.04388 2.09651e-07 0.141549 0.588058 0.00720352 0.00100868 0.0686136 0.141294 
1.57766e-06 0.00214941 3.49732e-08 0.0506068 0.882286 0.0445685 0.00173923 0.0186442 4.07429e-06 
0.00402051 0.283245 0.00152187 0.0543869 0.358902 0.215895 0.0397653 0.0421968 6.63814e-05 
2.30233e-05 0.00473469 1.28917e-05 0.00625645 0.532356 0.0632815 0.000924272 0.391999 0.000412593 
0.0173685 0.0713246 0.00934762 0.0642264 0.790936 0.0155129 0.0153483 0.0157272 0.000208177 
0.0731972 0.23083 0.00295276 0.0369731 0.329291 0.0237237 0.00395039 0.270731 0.0283507 
0.0202008 0.080485 2.56232e-06 0.044677 0.464425 0.0583516 0.322614 0.00831666 0.000927029 
0.000382563 0.354335 0.00219081 0.00997318 0.366781 0.21251 0.0304935 0.0232619 7.21647e-05 
0.000499604 0.0603426 0.000263764 0.0140045 0.68121 0.0988004 0.00400215 0.140821 5.62561e-05 
2.26208e-05 0.000579519 2.74159e-05 0.0321537 0.751437 0.039587 0.00329787 0.172854 4.15735e-05 
1.2911e-06 0.20258 4.2742e-05 0.00750366 0.55618 0.0134843 0.0159751 0.203816 0.000417581 
0.000887514 0.0271271 4.3394e-05 0.0313795 0.675661 0.102734 0.00991448 0.151305 0.000948167 
0.0154864 0.133476 0.000206922 0.21024 0.431988 0.0958934 0.00305333 0.105512 0.00414452 
3.14135e-06 0.205482 2.74744e-06 0.116726 0.497205 0.132513 0.0304358 0.0172616 0.000370061 
0.0103499 0.0960824 0.00237946 0.287432 0.444346 0.084007 0.0139701 0.0609105 0.00052347 
6.76613e-11 0.0422408 8.05152e-11 0.00377588 0.884369 0.00414655 9.52679e-08 0.0652866 0.000180768 
0.00143129 0.0408954 0.00145649 0.0550765 0.520971 0.090311 0.0205241 0.267783 0.0015513 
2.56035e-07 0.0123321 7.98342e-06 0.0204618 0.693386 0.10257 0.00252927 0.168687 2.52316e-05 
0.000964594 0.126862 0.000585876 0.0222689 0.764542 0.0290434 0.000994533 0.0546928 4.60333e-05 
0.045024 0.0653014 1.67938e-05 0.00255912 0.601517 0.182075 0.090503 0.0129665 3.7659e-05 
0.000411939 0.00591408 0.0116312 0.000603973 0.782565 0.0272147 0.000239352 0.0598996 0.11152 
1.42401e-09 0.0275755 1.43753e-06 5.73908e-05 0.743364 0.12441 0.00199057 0.102558 4.2032e-05 
0.00130394 0.19452 0.000445049 0.112673 0.424671 0.103915 0.0305626 0.0890521 0.042858 
5.30204e-05 0.0205851 1.3706e-06 0.404282 0.517564 0.0454061 0.00785838 0.00423367 1.60729e-05 
1.21656e-07 0.0662992 3.21471e-08 0.144959 0.61009 0.0773636 4.39549e-05 0.101194 5.07767e-05 
1.01492e-05 0.018433 3.93291e-08 0.00818476 0.655481 0.036756 0.00106045 0.28007 5.2368e-06 
1.22148e-05 0.00581957 1.43734e-05 0.0356 0.838204 0.00498665 0.00121865 0.0581961 0.0559484 
0.000743594 0.0422453 2.60721e-05 0.269375 0.600012 0.0201712 0.0402249 0.0270613 0.000141263 
3.78298e-05 0.0214865 1.53451e-06 0.0136428 0.876314 0.0188478 0.00708611 0.0625219 6.13463e-05 
1.2283e-06 0.0522557 1.75586e-05 0.00492558 0.912244 0.0148977 0.000510403 0.0151313 1.67924e-05 
0.000553813 0.161949 7.14751e-06 0.186779 0.411998 0.137403 0.0319388 0.0673945 0.00197674 
2.16553e-05 0.00981843 1.32915e-09 0.0593199 0.730106 0.0712903 0.124691 0.00474172 1.08623e-05 
6.94326e-06 0.00949609 3.38771e-08 0.0920331 0.524845 0.0188174 0.0343013 0.32048 1.98154e-05 
0.00408224 0.189541 0.00200133 0.0645073 0.553743 0.110393 0.0340687 0.0384547 0.00320887 
8.40948e-05 0.0682057 0.00023612 0.0112894 0.70929 0.100432 0.0274235 0.0778126 0.00522626 
0.00217196 0.0653551 3.87697e-05 0.0494626 0.475537 0.0390179 0.0253622 0.338217 0.00483714 
0.0491794 0.0902857 2.93791e-07 0.0126424 0.393241 0.296042 0.00234242 0.155902 0.00036388 
0.00200214 0.0882728 9.66954e-09 0.0371662 0.657756 0.00509182 0.000144507 0.209555 1.15637e-05 
0.000472195 0.0223753 0.000538515 0.0524797 0.796337 0.0354852 0.0135366 0.0787237 5.14669e-05 
0.000267379 0.164446 4.80239e-05 0.203186 0.401971 0.076449 0.00834401 0.145017 0.000271524 
0.00862434 0.00641204 1.26816e-06 0.0802109 0.720786 0.122297 0.00299024 0.0585978 8.0306e-05 
0.000105228 0.0797471 1.65463e-09 0.24076 0.422227 0.0850254 4.26627e-05 0.172092 2.58398e-07 
4.73168e-08 0.272076 3.8208e-05 0.0117964 0.533103 0.0946159 0.0742395 0.0140583 7.32342e-05 
0.000336765 0.284114 9.95445e-05 0.197265 0.407251 0.0769719 0.0062476 0.0276157 9.83617e-05 
0.000140363 0.461278 6.73015e-05 0.00856824 0.464504 0.0601278 0.00448772 0.000811218 1.58464e-05 
2.1776e-05 0.0253314 1.25294e-05 0.00894604 0.568984 0.0492168 0.0302232 0.317211 5.35143e-05 
1.33522e-05 0.00142632 7.1016e-07 0.463603 0.476734 0.000101568 0.0457438 0.0123525 2.51822e-05 
0.00235372 0.0172478 1.51227e-06 0.0431151 0.818332 0.0124366 0.00351506 0.102426 0.00057228 
3.86666e-09 0.00305155 1.54311e-06 0.000131147 0.932318 0.0139485 0.0150492 0.0354495 5.04403e-05 
0.000346809 0.0191445 1.66223e-05 0.0203667 0.797351 0.0860377 0.00544189 0.0712934 1.80726e-06 
0.000340203 0.0241426 0.000416138 0.00696493 0.842046 0.0526588 0.0396516 0.0327097 0.00106992 
0.00104229 0.0133996 7.85344e-06 0.0307153 0.911548 0.00837678 0.00545394 0.0294443 1.22821e-05 
0.0071303 0.0402192 0.000662179 0.0050342 0.443711 0.155144 0.0471633 0.300845 9.08896e-05 
0.00971767 0.247634 1.64716e-05 0.261216 0.343312 0.0328728 0.0060255 0.0858361 0.0133697 
4.75371e-07 0.00711919 0.000402824 0.000950133 0.932314 0.0211659 0.0112618 0.0267642 2.15606e-05 
3.13871e-06 0.0189851 4.24874e-05 0.00478672 0.900495 0.0287322 0.0227842 0.0241004 7.10676e-05 
9.49013e-07 0.0314008 2.7733e-05 0.00868865 0.732106 0.0275206 0.0039326 0.196282 4.07362e-05 
0.000268982 0.0165874 0.000212753 0.134544 0.780423 0.00583258 0.00890358 0.0497341 0.00349386 
4.00485e-05 0.0147033 1.9151e-05 0.00544685 0.638992 0.100616 0.00298154 0.237106 9.54935e-05 
0.000223608 0.192454 0.00375737 0.0158244 0.515169 0.219296 0.042483 0.0106898 0.000102741 
0.00270465 0.017824 0.000122794 0.0319216 0.701191 0.0721599 0.0474419 0.126567 6.72081e-05 
0.00121633 0.35528 9.92288e-06 0.0590614 0.484386 0.0766596 0.00410091 0.0192133 7.1603e-05 
0.000265971 0.0221507 3.56012e-05 0.0630294 0.752172 0.0537388 0.0123212 0.0858215 0.0104643 
8.94754e-11 0.33587 2.97072e-06 7.16905e-06 0.661939 0.00215331 3.90334e-07 2.42024e-05 2.6948e-06 
0.00769377 0.28604 0.00135538 0.0265607 0.553976 0.0767899 0.0261733 0.0211652 0.000245799 
0.00138187 0.225906 6.09269e-06 0.0311776 0.717431 0.00633486 0.0126519 0.00503351 7.69763e-05 
6.21891e-06 0.196486 1.24829e-06 0.098858 0.439939 0.097148 0.00596232 0.161402 0.000196869 
0.00214414 0.0833183 7.90157e-05 0.0121736 0.653004 0.209257 0.0125599 0.0273289 0.000134999 
0.000239493 0.139779 8.27745e-05 0.076268 0.463024 0.221986 0.0691759 0.0294203 2.47417e-05 
1.93271e-05 0.120747 6.72199e-06 0.0293659 0.687289 0.0688181 0.0207296 0.0722184 0.000806556 
2.35527e-07 0.0285661 1.7597e-06 0.00322322 0.833228 0.109361 0.0166682 0.00891572 3.53956e-05 
0.000247854 0.254146 0.000351587 0.0171832 0.55104 0.0427879 0.0203615 0.113828 5.42203e-05 
0.00143482 0.175463 0.00176563 0.0241032 0.479829 0.0667574 3.67978e-07 0.245348 0.0052987 
0.00650267 0.234965 0.00107999 0.125324 0.589225 0.0330049 0.00325897 0.00629983 0.000339362 
0.00248925 0.00956906 8.52897e-06 0.0338482 0.649935 0.0681605 0.000721397 0.227929 0.00733908 
1.27729e-08 0.0613537 1.7172e-05 4.10041e-06 0.905171 0.0250037 0.000948553 0.00749544 5.88716e-06 
0.000716581 0.00505841 1.02537e-09 0.225701 0.656219 0.00099743 0.00185338 0.0616497 0.0478046 
0.010284 0.0683697 2.73283e-05 0.00476717 0.795232 0.0788647 0.026257 0.0161654 3.30106e-05 
3.35061e-05 0.0887497 0.0105154 0.103924 0.418413 0.146816 0.0236644 0.169336 0.038548 
7.96634e-07 0.00379529 0.000154109 0.000163642 0.861248 0.0620167 0.0486762 0.0238673 7.8144e-05 
0.00388762 0.189196 7.90523e-05 0.0452094 0.557078 0.0951544 0.0340587 0.0718289 0.00350758 
0.00195223 0.0769776 0.000611021 0.043742 0.636027 0.0254185 0.0116158 0.199612 0.00404327 
0.000122331 0.00477197 1.0653e-05 0.0118246 0.714204 0.0312418 0.0259146 0.211866 4.36157e-05 
1.20514e-06 0.000467296 3.0773e-10 0.00251925 0.833039 0.0323299 0.00622419 0.125419 1.07723e-10 
9.61048e-05 0.0398563 0.0318796 0.00886631 0.731018 0.00215419 0.000422831 0.182014 0.00369271 
3.35703e-06 0.0126195 6.37493e-05 0.00170152 0.907017 0.028832 0.0225419 0.0271543 6.69394e-05 
0.000575901 0.0694365 0.000420154 0.0789444 0.677878 0.0437427 0.0140762 0.105614 0.00931138 
0.0262306 0.350011 0.00356588 0.0208535 0.455904 0.0710946 0.0117795 0.0596081 0.000952782 
1.71548e-06 0.186477 0.00991895 0.0217038 0.65532 0.0574143 0.00900965 0.0601284 2.61761e-05 
0.00270369 0.131445 0.00122336 0.0640063 0.653558 0.0732256 0.0150111 0.0505756 0.00825114 
0.0459809 0.0402146 0.000134477 0.00404571 0.85512 0.0157261 0.00437533 0.0343695 3.32559e-05 
9.24504e-05 0.0351579 4.10049e-05 0.00606152 0.825188 0.0160548 0.0214057 0.0947659 0.00123253 
0.000145296 0.0147179 1.01855e-07 0.118843 0.780357 0.0293988 0.0374312 0.0189917 0.000114908 
1.01917e-10 0.311271 2.06833e-05 0.00363806 0.444963 0.00769609 0.00219714 0.229903 0.00031097 
0.00154304 0.149445 1.27226e-05 0.0606084 0.676823 0.0298463 0.0112536 0.0693468 0.00112163 
0.00383222 0.192113 0.00015208 0.060013 0.29508 0.100176 0.112469 0.236094 7.15765e-05 
0.000155478 0.0456926 0.000475102 0.0263102 0.74567 0.111189 0.0100343 0.0522868 0.00818605 
6.56918e-05 0.145684 0.00457473 0.0147081 0.759364 0.0537928 0.00999688 0.0117965 1.67418e-05 
5.6068e-05 0.0375266 0.00353655 0.0178212 0.825074 0.0393937 0.00880388 0.0646014 0.00318702 
0.0010455 0.0135541 8.3545e-05 0.0159381 0.709175 0.0739605 0.014057 0.172143 4.30661e-05 
7.61947e-06 0.0155472 4.93048e-05 0.0605211 0.745659 0.0507296 0.0292046 0.0982114 7.03438e-05 
0.00329325 0.224623 0.000861708 0.0710308 0.319077 0.174064 0.0483717 0.156853 0.00182516 
1.03297e-05 0.0699059 0.000169052 0.0127717 0.69594 0.0716417 0.0145396 0.133839 0.00118235 
0.00174635 0.0476294 0.000597305 0.0469128 0.639605 0.0616596 0.0316818 0.168536 0.00163166 
0.00139516 0.164922 3.03193e-07 0.00139583 0.369398 0.327546 0.0256655 0.109676 3.03339e-07 
0.312641 0.075229 2.50349e-06 0.00187135 0.449689 0.00262768 0.00533996 0.152589 9.88424e-06 
0.0368803 0.0925208 0.0063946 0.0245769 0.386311 0.295429 0.0359408 0.12187 7.69556e-05 
0.00499191 0.0230459 3.16689e-07 0.106462 0.548189 0.0143744 0.00369085 0.29922 2.5441e-05 
0.0111082 0.0557294 0.00206763 0.0771977 0.362443 0.136158 0.00199731 0.345713 0.00758629 
1.38461e-05 0.0178734 0.00027259 0.0101611 0.886935 0.0183079 0.000369198 0.0660545 1.28704e-05 
0.00022361 0.0499026 0.00105152 0.00778179 0.819627 0.06008 0.0274922 0.0337306 0.000110778 
0.000152055 0.0406912 8.13137e-05 0.0914377 0.727148 0.0258011 0.00364402 0.110965 7.8971e-05 
0.00284615 0.0345732 3.74422e-05 0.0607923 0.461724 0.0663208 0.00411219 0.339412 0.0301823 
0.0108606 0.0296246 4.309e-05 0.0124022 0.677047 0.192457 0.0186332 0.058897 3.57289e-05 
9.35086e-06 0.00946633 0.00309737 0.0438182 0.737121 0.0745872 0.0128771 0.118946 7.74601e-05 
0.00105017 0.158853 1.44887e-05 0.0129692 0.66129 0.0407094 0.000192605 0.120542 0.00437914 
3.13871e-06 0.0189851 4.24874e-05 0.00478672 0.900495 0.0287322 0.0227842 0.0241004 7.10676e-05 
2.33854e-05 0.0738946 0.00109934 0.252073 0.536968 0.0493978 0.0256582 0.0608794 6.57793e-06 
6.25139e-06 0.0163985 2.07684e-06 0.00274696 0.634275 0.0513609 0.00230601 0.292789 0.000115574 
0.00235372 0.0172478 1.51227e-06 0.0431151 0.818332 0.0124366 0.00351506 0.102426 0.00057228 
0.000876621 0.029774 0.00169301 0.0128579 0.697547 0.0525694 0.0585025 0.142868 0.00331232 
3.69694e-05 0.0033583 3.87161e-05 0.0366406 0.431092 0.333424 0.138505 0.0568985 6.09714e-06 
1.23115e-05 0.000852533 1.34255e-05 0.000119424 0.979692 0.003848 0.00615405 0.00927011 3.85306e-05 
0.00108494 0.10312 6.31853e-06 0.152052 0.429105 0.274176 0.00241144 0.0379811 6.33124e-05 
0.00239235 0.0843655 0.00284584 0.139383 0.340673 0.221363 0.138456 0.0692691 0.00125255 
2.60685e-10 0.161402 9.68664e-05 0.00201914 0.499708 0.0536003 0.00843805 0.274255 0.000480622 
0.000543991 0.0249978 2.46209e-06 0.116188 0.778796 0.0128647 0.0468937 0.01968 3.34618e-05 
0.000733182 0.0535011 3.60993e-06 0.00735283 0.532623 0.0160928 0.00945261 0.379726 0.000515503 
0.0172647 0.0374476 0.000569951 0.00848671 0.782698 0.0503395 0.100178 0.00299063 2.40964e-05 
0.000323967 0.0187515 4.12938e-05 0.0560381 0.661267 0.0671855 0.0280546 0.158141 0.0101972 
0.00137697 0.431742 0.000129206 0.0449379 0.458907 0.0364016 0.0105415 0.0158488 0.000115089 
5.45233e-06 0.018483 8.17595e-07 0.0054022 0.751631 0.197297 0.00626211 0.0209179 8.24192e-07 
0.0160848 0.0412494 8.66371e-06 0.00238599 0.800206 0.089037 0.0393464 0.0116677 1.38185e-05 
2.37809e-06 0.130419 5.15928e-06 0.351664 0.443023 0.023722 0.00357287 0.0474446 0.000147276 
0.000446736 0.0820614 0.00303153 0.0126578 0.781227 0.0258577 0.00299057 0.0916557 7.11669e-05 
7.858e-05 0.184982 0.00333024 0.0122889 0.75738 0.0208768 0.00330456 0.0176982 6.01725e-05 
4.22729e-07 0.023114 0.000918359 0.0107341 0.814584 0.0119871 0.0326723 0.105828 0.00016211 
0.0119614 0.215334 5.10203e-06 0.0578857 0.393915 0.136126 0.020046 0.162695 0.0020317 
0.0166656 0.0231246 5.54969e-05 0.0294751 0.807006 0.0293969 0.0250734 0.0689655 0.000236996 
2.42636e-07 0.0521408 2.88731e-07 0.132486 0.74352 0.0718419 4.29383e-06 4.58778e-06 1.99469e-06 
0.0691961 0.0392293 2.11139e-05 0.0174492 0.680996 0.103922 0.00862513 0.0805072 5.42489e-05 
0.00716144 0.028977 0.000998028 0.017286 0.58697 0.0926776 0.0187365 0.247067 0.000126061 
7.96634e-07 0.00379529 0.000154109 0.000163642 0.861248 0.0620167 0.0486762 0.0238673 7.8144e-05 
2.01756e-05 0.228616 0.000177762 0.197211 0.243893 0.100382 0.00934059 0.220146 0.000213539 
0.000382848 0.0105569 1.12232e-05 0.00834593 0.631392 0.0416661 0.00201802 0.296319 0.00930749 
7.96634e-07 0.00379529 0.000154109 0.000163642 0.861248 0.0620167 0.0486762 0.0238673 7.8144e-05 
0.0153714 0.298312 0.00211961 0.0471305 0.339782 0.132543 0.0157097 0.12377 0.0252613 
0.00374906 0.0593452 0.010623 0.244826 0.502012 0.0678573 0.0243508 0.0838862 0.0033506 
0.00700238 0.297743 0.0261343 0.0257408 0.408606 0.061426 0.0255646 0.138026 0.00975738 
0.00701319 0.125487 0.00382647 0.15055 0.579915 0.0328649 0.0199218 0.0741511 0.00627051 
2.92828e-06 0.36987 0.000145025 0.0139992 0.593237 0.0162448 0.00364635 0.00282468 2.98892e-05 
6.224e-05 0.0346345 0.00122144 0.0266944 0.78988 0.0142029 0.00805401 0.125247 4.08727e-06 
0.000170905 0.0884248 0.000840541 0.00617007 0.810761 0.0730767 0.0021875 0.0183579 1.0976e-05 
9.96386e-06 0.122786 0.00206231 0.0121123 0.768635 0.0247403 0.0150915 0.0545011 6.13538e-05 
0.000164078 0.0506668 5.44082e-05 0.125317 0.687986 0.0746344 0.0095878 0.0515834 5.9463e-06 
0.000779755 0.0032068 3.87623e-12 0.299079 0.569979 5.19091e-05 1.55326e-05 0.0504422 0.0764452 
0.000814082 0.0379788 7.04853e-09 0.0693659 0.786018 0.0168245 0.0313769 0.0574094 0.000212724 
0.00127371 0.136083 1.29076e-07 0.06917 0.468045 0.141345 0.000117218 0.183171 0.000795014 
5.44985e-07 0.0496962 6.47755e-06 0.000229515 0.663518 0.231775 0.0107304 0.0440203 2.34615e-05 
2.26617e-07 0.0867848 0.000253105 0.0028418 0.860805 0.00198326 6.51525e-05 0.0471945 7.19765e-05 
0.000150673 0.131607 0.000432256 0.0948811 0.344523 0.262219 0.102841 0.0406866 0.02266 
0.00833275 0.064604 0.000364723 0.24195 0.5307 0.0330021 0.0175121 0.0952938 0.00824087 
0.0102513 0.0480706 0.0159271 0.00507061 0.703201 0.0777954 0.0259688 0.109336 0.00437998 
1.47737e-09 0.0533807 3.72265e-07 0.0188381 0.912854 4.90263e-06 0.00324692 0.0116745 6.01327e-07 
0.000106014 0.0180813 9.645e-09 0.00392515 0.687075 0.0113797 0.00267666 0.27675 6.52658e-06 
2.11876e-05 0.0462195 0.00358403 0.0116889 0.726965 0.102553 0.0169012 0.092002 6.54734e-05 
