2.73017e-05 0.0512326 9.4051e-08 0.000439186 0.0647037 0.859895 0.00312409 0.0205779 2.03801e-07 
0.00785612 0.0344061 0.130665 0.00879404 0.10613 0.649772 0.0486933 0.0135949 8.8183e-05 
0.00383374 0.0839493 5.50849e-05 0.0227484 0.0601089 0.73912 0.042691 0.0470172 0.000476563 
2.00855e-10 0.0628757 2.39012e-10 0.00408425 0.388266 0.451401 0.02902 0.0643529 6.52808e-08 
4.57035e-11 0.0455966 0.000177633 0.00111875 0.274494 0.321474 0.219256 0.137879 4.01345e-06 
2.5601e-07 0.0488692 1.04092e-05 0.0581619 0.0847647 0.734626 0.0461991 0.0273606 7.62879e-06 
0.000212722 0.171286 0.000451654 0.0152793 0.335396 0.340777 0.0891523 0.0299388 0.0175062 
0.000177792 0.312513 0.00020097 0.00153463 0.0988959 0.534008 0.0242643 0.0281517 0.000253197 
1.28019e-06 0.336362 3.13336e-05 0.0912202 0.0354195 0.489602 0.00537041 0.0418196 0.000173197 
0.01027 0.0309398 5.30017e-09 0.0674035 0.0431592 0.550347 0.296029 0.00180452 4.68247e-05 
0.00168514 0.0786997 0.000940418 0.0146798 0.230104 0.39753 0.0106965 0.200649 0.0650162 
2.23144e-10 0.186924 3.10213e-07 0.00228064 0.0582978 0.400083 0.352088 0.00032613 9.29529e-11 
0.00255595 0.0908664 0.00113064 0.0376874 0.148787 0.586843 0.0839072 0.0470036 0.00121874 
0.000907849 0.0328129 0.000833168 0.00626611 0.108785 0.647738 0.0558038 0.146849 4.48978e-06 
0.00105705 0.0647767 0.000843545 0.0161311 0.110371 0.669587 0.109979 0.0257822 0.0014722 
1.55694e-07 0.383208 1.85272e-07 3.61376e-08 0.0321613 0.513857 3.9033e-08 0.0707727 6.48561e-08 
3.40576e-08 0.0107188 3.06507e-07 0.000863374 0.260663 0.604385 0.0513399 0.0719765 5.32849e-05 
9.42053e-10 0.081015 0.00376006 0.00593169 0.0535219 0.792492 0.0588208 0.00445487 3.92627e-06 
1.87202e-10 0.0121623 4.35021e-07 0.0248639 0.058982 0.881249 0.00763573 0.0151065 7.7981e-11 
0.000666437 0.0251626 0.000481039 0.0153341 0.0800734 0.696371 0.131272 0.0337936 0.0168455 
0.000400099 0.0432668 0.000803607 0.0328321 0.116144 0.729035 0.0604102 0.0169949 0.000112925 
0.002897 0.237498 1.26727e-05 0.00772326 0.288921 0.355065 0.0802086 0.0275 0.000173821 
3.17428e-06 0.241543 1.19698e-05 0.306113 0.0256163 0.390158 0.002109 0.034138 0.000307343 
0.000770204 0.0979678 7.44598e-06 0.158698 0.187658 0.480844 0.00589307 0.0626305 0.00553106 
1.7135e-08 0.086921 1.12156e-08 0.00143603 0.178208 0.57379 0.143809 0.0158143 2.17713e-05 
6.13341e-06 0.0150067 0.0311345 0.0010292 0.251336 0.691872 0.00294453 0.00666841 2.66072e-06 
0.00832633 0.0460624 2.71656e-08 0.0055884 0.0679384 0.859422 0.00617736 0.00644725 3.76729e-05 
2.0712e-05 0.0233399 3.78303e-05 0.000690209 0.0300732 0.943645 0.000164138 0.00187548 0.000153989 
2.61918e-05 0.106871 0.000120568 0.00234874 0.0881923 0.796034 0.00312816 0.00327889 7.50158e-09 
4.92532e-06 0.240385 2.7259e-05 0.0348575 0.173566 0.382766 0.0021359 0.166192 6.62674e-05 
0.00832633 0.0460624 2.71656e-08 0.0055884 0.0679384 0.859422 0.00617736 0.00644725 3.76729e-05 
0.00125358 0.000273519 3.66677e-06 5.08351e-05 8.40933e-10 0.993755 1.28105e-08 1.20987e-05 0.00465162 
1.39488e-08 0.171912 9.17048e-06 0.0422641 0.0658469 0.413266 0.301426 0.00518116 9.55303e-05 
1.94528e-07 0.0370048 0.00881281 0.0471639 0.0193299 0.874949 3.84558e-05 0.0106236 0.00207686 
0.0273965 0.0465532 0.00577408 0.00723117 0.0933894 0.511453 0.279887 0.0282097 0.000105582 
2.61542e-07 0.151833 0.000172 0.0317467 0.169805 0.601822 0.0203441 0.0241777 9.8199e-05 
0.0027595 0.0182166 0.000633785 0.00311986 0.0881914 0.592114 0.0543093 0.0311268 0.209529 
6.2611e-09 0.00442889 8.47822e-07 0.00129671 0.0176575 0.973492 0.00123528 0.0018711 1.74056e-05 
0.000811527 0.0668078 0.107476 0.00806615 0.109118 0.500958 0.189118 0.0172837 0.000361125 
0.00483312 0.120985 0.00247791 0.032692 0.125589 0.569369 0.0507072 0.0911836 0.00216322 
0.000533894 0.438864 0.00100306 0.00287767 0.0630688 0.478394 0.00245335 0.0126381 0.000167658 
8.04291e-05 0.0653092 1.7707e-09 0.00107044 0.0195385 0.878143 0.00501816 0.030735 0.00010563 
8.93143e-12 0.046743 0.000117719 1.47845e-07 0.00382156 0.911251 0.0135942 0.0244115 6.12133e-05 
0.00116031 0.042125 0.000908583 0.0106083 0.145904 0.662294 0.0685325 0.0653271 0.00314067 
0.000829402 0.212558 0.00717069 0.0527021 0.134801 0.487945 0.00282079 0.10099 0.000181801 
0.000125327 0.0608701 0.00185334 0.043229 0.285242 0.435108 0.152933 0.0204517 0.000186886 
1.05702e-05 0.0156964 0.000222254 0.00564189 0.129744 0.708655 0.0541522 0.0858622 1.59801e-05 
2.00806e-05 0.374787 9.8337e-05 0.0183207 0.0418472 0.551302 0.0109586 0.00265252 1.34587e-05 
0.0099188 0.00385908 0.0109526 0.000615442 0.119541 0.837602 0.00671365 0.0107916 5.6601e-06 
3.60009e-05 0.0174929 4.18293e-05 0.0188696 0.0870982 0.701602 0.127587 0.0468307 0.000441994 
1.67859e-07 0.301465 0.00107536 0.0431517 0.154056 0.389253 0.00937817 0.100237 0.00138388 
6.45596e-05 0.0191821 0.000214097 0.00696485 0.127139 0.768173 0.0608853 0.0173425 3.43398e-05 
6.33416e-05 0.149466 2.81018e-05 0.00228909 0.276147 0.507548 0.031861 0.0325871 1.00575e-05 
0.000215307 0.0212984 1.90293e-05 8.30455e-05 0.0141624 0.945996 0.016867 0.000569944 0.000789383 
2.60794e-07 0.0430409 6.40955e-07 0.0538201 0.360567 0.518616 0.0036083 0.0201356 0.000211045 
2.19705e-06 0.00883197 0.177461 0.00171588 0.048959 0.709268 0.0428935 0.0108242 4.50159e-05 
0.00374934 0.0156453 1.81714e-05 0.0247751 0.149906 0.628683 0.141098 0.0361212 3.23267e-06 
2.03867e-05 0.0461331 0.00217491 0.00499808 0.238546 0.569693 0.0510485 0.0873407 4.49287e-05 
0.00495424 0.270805 0.00017436 0.0528003 0.233667 0.34164 0.00955737 0.0861168 0.0002848 
3.36307e-05 0.0963542 1.70195e-09 0.0244176 0.208214 0.416324 5.91369e-05 0.254592 5.12845e-06 
0.000880356 0.0062962 1.45931e-08 0.0101769 0.0505409 0.92551 5.01065e-07 0.0065747 2.00278e-05 
1.89265e-05 0.140661 0.00127096 0.0832936 0.302714 0.408609 0.0226952 0.0407143 2.32126e-05 
3.54551e-08 0.0011379 1.4464e-07 1.08521e-06 0.00663886 0.97188 0.0186149 0.00172658 9.02798e-08 
6.026e-10 0.00553482 1.01442e-06 0.00162005 0.0220704 0.96687 0.00154341 0.00233825 2.16331e-05 
0.0150133 0.0447657 0.000360727 0.0247329 0.354848 0.46125 0.00727413 0.0917501 5.57772e-06 
4.48895e-08 0.121642 0.000446731 0.0941919 0.00186555 0.755032 0.00854496 0.0182699 6.54829e-06 
0.000681936 0.0867538 0.000385668 0.0269795 0.113938 0.667702 0.0425883 0.0604449 0.000526286 
0.00495109 0.0469164 0.00492433 0.00773384 0.094202 0.491213 0.340716 0.00925405 8.92058e-05 
0.0311409 0.275069 0.167415 0.0974749 0.0822017 0.299604 0.0388339 0.00768057 0.000580141 
0.00070311 0.00520287 1.02584e-07 0.00191682 0.349253 0.464753 0.101519 0.076559 9.33312e-05 
6.39492e-09 0.209319 0.00222883 0.0336555 0.149231 0.529466 0.00381831 0.0716446 0.000636418 
5.79656e-07 0.00920161 4.84436e-06 0.0045834 0.260042 0.39001 0.31055 0.025607 3.38217e-07 
0.00588096 0.0680915 0.00101297 0.00464959 0.119769 0.658259 0.121261 0.0153427 0.00573321 
0.000149776 0.00603679 0.0221854 0.0938413 0.186609 0.361711 0.00865793 0.318005 0.00280435 
0.0012076 0.0157599 0.000893008 0.00319969 0.0942653 0.715097 0.165162 0.00439653 1.95931e-05 
0.00859174 0.0985783 1.01477e-06 0.0585584 0.0697017 0.73154 0.015129 0.0177797 0.000120377 
0.000682131 0.0605733 1.05808e-05 0.0250005 0.249214 0.623394 0.0252078 0.0158696 4.80068e-05 
1.81137e-08 0.00683464 0.0160582 0.00659237 0.0586874 0.814519 0.0941163 0.00319214 3.14042e-07 
0.00798295 0.0692502 0.00554383 0.0671443 0.308083 0.422703 0.0351891 0.0840232 8.00008e-05 
0.00148234 0.000412651 4.29267e-06 4.44908e-05 9.77944e-07 0.992963 0.000157507 3.65013e-05 0.00489776 
0.00260022 0.198978 0.0051113 0.0187508 0.215551 0.432513 0.0691174 0.053226 0.00415169 
1.65932e-06 0.084809 0.000234209 0.0350932 0.171909 0.56387 0.0766222 0.0672917 0.000168743 
1.94528e-07 0.0370048 0.00881281 0.0471639 0.0193299 0.874949 3.84558e-05 0.0106236 0.00207686 
0.0494005 0.200186 2.50657e-05 0.204716 0.134475 0.265642 0.0118521 0.133472 0.000230969 
5.18252e-05 0.0835311 2.02252e-05 0.0184339 0.0520474 0.732051 1.85538e-07 0.113859 5.04847e-06 
1.62081e-09 0.00499138 1.43656e-06 4.13212e-08 0.0242097 0.917342 0.0069647 0.0464905 3.8364e-07 
7.15616e-05 0.0773732 0.000132839 0.0244182 0.0377991 0.749948 0.10649 0.00376238 4.65699e-06 
0.00410034 0.238915 0.000237847 0.0615364 0.0851068 0.509462 0.0482652 0.0368707 0.0155062 
9.64603e-07 0.0155788 0.0124507 0.00570657 0.180643 0.626022 0.0152023 0.144286 0.000109792 
8.98587e-05 0.00881071 0.00256088 0.00193059 0.0211815 0.839552 0.113593 0.0122372 4.40593e-05 
2.5666e-07 0.0103337 0.000457679 0.00213756 0.0668675 0.686952 0.207375 0.0258282 4.77014e-05 
0.00278741 0.109214 0.190059 0.0280795 0.173518 0.428855 0.0468993 0.0163496 0.00423817 
4.36957e-05 0.00255951 0.000410085 0.0010336 0.139374 0.748784 0.0305901 0.0770913 0.000113466 
1.41332e-05 0.18291 0.00114529 0.0114401 0.134977 0.354321 0.156958 0.158138 9.55885e-05 
0.000425799 0.111845 0.000111872 0.0105939 0.131132 0.521832 0.131523 0.0923354 0.000200756 
0.000116015 0.0672036 2.99166e-06 0.0635308 0.244751 0.332719 0.150349 0.141209 0.000119208 
3.8246e-05 0.0388653 0.000207871 0.00680607 0.0626328 0.851809 0.00154324 0.0379388 0.000159101 
1.51544e-05 0.401094 0.00146766 0.013764 0.0511228 0.475399 0.0338148 0.0233114 1.15039e-05 
0.015496 0.0406522 0.00331624 0.00627256 0.127754 0.710661 0.0394658 0.0436094 0.0127734 
0.00104177 0.0676406 0.00399872 0.0121692 0.0806899 0.546388 0.108393 0.00504327 0.174636 
9.27219e-11 0.039172 4.34209e-07 1.16766e-07 0.00518733 0.934161 0.021139 0.000339892 1.06363e-07 
1.34105e-08 0.0456622 3.70199e-05 0.00283731 0.0460155 0.891424 0.00603976 0.00791711 6.728e-05 
0.00851074 0.11069 0.000220849 0.0543341 0.212464 0.554154 0.00933895 0.0500587 0.000228958 
1.95987e-11 4.2273e-05 2.33219e-11 9.55402e-11 0.000984455 0.998973 4.91344e-12 2.18742e-09 3.1516e-09 
0.000209237 0.0213493 3.03663e-06 0.101669 0.208604 0.575016 0.00145785 0.0913258 0.000365698 
1.12497e-10 0.16003 1.89422e-05 0.018337 0.11915 0.601407 0.00318227 0.0978596 1.54235e-05 
0.0011504 0.190861 0.000483829 0.0360643 0.175305 0.444303 0.00895316 0.142839 3.9984e-05 
1.97062e-06 0.00908837 7.54449e-05 0.00130333 0.111932 0.502794 0.355544 0.0192213 3.95869e-05 
7.18431e-08 0.0139995 6.41344e-06 0.00553801 0.39534 0.414562 0.162297 0.00825386 2.33475e-06 
0.00237972 0.0261882 4.24831e-05 0.00744594 0.148327 0.69296 0.118755 0.00383686 6.57322e-05 
1.83182e-10 0.0503143 0.000244675 0.00303527 0.0648156 0.678144 0.186663 0.0160145 0.000769386 
0.000105335 0.0230647 8.31643e-05 0.00108583 0.200978 0.704603 0.0495334 0.0204912 5.52543e-05 
8.82247e-07 0.132699 1.20303e-06 5.6956e-05 0.0313063 0.829145 3.41465e-06 0.00678565 1.19438e-06 
4.9249e-05 0.13732 6.36194e-05 0.0626816 0.262205 0.291141 0.0307125 0.209912 0.00591504 
0.000741739 0.25022 0.00128807 0.00755571 0.194354 0.523668 0.0090412 0.0130359 9.60232e-05 
7.2841e-06 0.052648 7.95406e-07 0.0243355 0.112825 0.692321 0.106028 0.0114261 0.000408501 
0.000181984 0.0396599 1.68334e-06 0.0160593 0.124792 0.779482 0.0109116 0.0288845 2.71418e-05 
0.000790966 0.0223448 0.00144999 0.0280977 0.0879178 0.781906 0.0536515 0.0238083 3.33179e-05 
2.8265e-06 0.000541367 7.1763e-09 0.00232102 0.0285156 0.889036 0.06436 0.0152211 2.08623e-06 
0.00148234 0.000412651 4.29267e-06 4.44908e-05 9.77944e-07 0.992963 0.000157507 3.65013e-05 0.00489776 
2.74598e-08 0.0197535 0.00228413 0.00019014 0.00259541 0.928804 0.045704 0.000668241 1.97055e-07 
5.67078e-05 0.0920504 0.00292119 0.0141054 0.205238 0.61961 0.0494837 0.0120779 0.0044571 
0.00521858 0.0813441 0.00103384 0.0561704 0.246641 0.56668 0.00582261 0.0368628 0.000226598 
0.00543324 0.0746276 0.00230359 0.0160463 0.172824 0.596283 0.102929 0.0215478 0.00800489 
0.00389549 0.133531 0.0068562 0.00711841 0.132877 0.592024 0.0723827 0.0371199 0.014195 
0.0900991 0.0858532 0.00269778 0.0224889 0.213134 0.403531 0.101395 0.0804686 0.000332755 
0.000171091 0.0383719 0.000161098 0.0399902 0.137817 0.630562 0.097581 0.0553459 1.12285e-07 
0.00480182 0.0567887 0.000726081 0.007431 0.260027 0.594098 0.0413917 0.0345626 0.000173389 
1.37942e-06 0.104022 0.00318672 0.00805239 0.191477 0.601196 0.0554039 0.0353801 0.0012798 
0.000826515 0.0088366 0.310839 0.00186351 0.0690894 0.530387 0.0728735 0.00519316 9.08615e-05 
6.60127e-05 0.100337 6.42296e-06 0.0611675 0.121691 0.635985 0.00475674 0.0740507 0.00193985 
0.0150156 0.0447302 4.43566e-05 0.00492573 0.129786 0.767459 0.00448682 0.024791 0.0087618 
0.000259269 0.00769018 1.79294e-06 0.00682929 0.111205 0.747564 0.0913062 0.0350916 5.18913e-05 
0.0458246 0.100273 1.13934e-06 0.0173074 0.138271 0.590907 0.0646216 0.0357206 0.00707297 
4.25635e-06 0.0375164 0.00059483 0.00517924 0.0182299 0.82105 0.0348578 0.0825673 8.72985e-09 
0.000188566 0.0231803 0.0376448 0.00119616 0.0459754 0.777557 0.0886569 0.0255752 2.62032e-05 
6.27671e-09 0.0033662 0.0245849 0.00352444 0.0779933 0.660579 0.186256 0.0436547 4.10677e-05 
0.00692653 0.106009 1.2171e-06 0.0147672 0.0530982 0.80476 0.0010976 0.0133218 1.85733e-05 
0.000782586 0.00744695 0.287054 0.00436 0.0519059 0.575547 0.0682636 0.00461839 2.13516e-05 
1.52867e-05 0.020751 0.021026 0.0332908 0.111161 0.683308 0.0501323 0.0803153 5.27421e-08 
4.21014e-06 0.126811 1.21217e-07 0.00972716 0.024547 0.746605 0.0882893 0.0034853 0.00053111 
0.0334647 0.0612946 0.000700614 0.0103656 0.107596 0.702127 0.0119494 0.0724057 9.64845e-05 
1.69372e-07 0.0252645 2.68627e-08 0.00739972 0.0414908 0.779241 0.12964 0.0169643 5.55502e-08 
0.000257851 0.339237 0.00482666 0.00101113 0.042236 0.594611 0.0167358 0.000977446 0.000107221 
0.0481624 0.246259 0.00367958 0.0513205 0.0179339 0.335911 0.0281952 0.268523 1.49361e-05 
0.00041954 0.154504 0.000242213 0.0205884 0.248478 0.483569 0.0787944 0.0133817 2.23268e-05 
0.000248983 0.0506498 2.9115e-05 0.0162978 0.0486792 0.757665 0.0594893 0.066314 0.000627174 
3.39003e-07 0.00915006 4.56787e-07 0.0682294 2.91629e-07 0.674523 0.0455065 0.202262 0.000328045 
0.0038214 0.0430983 3.79557e-05 0.0441235 0.316314 0.463945 0.111251 0.0170945 0.000314105 
3.19829e-05 0.0138167 0.00335919 0.0024019 0.0816775 0.859333 0.0234312 0.0151842 0.000764074 
0.000165758 0.0377024 0.0580362 0.0659202 0.230705 0.309989 0.247347 0.0500419 9.21208e-05 
3.55463e-06 0.461772 7.03472e-10 0.00402478 0.0555551 0.472178 0.00147296 0.00497039 2.29342e-05 
0.000674474 0.0909672 5.0346e-06 0.0595932 0.164358 0.560402 0.0728074 0.0475929 0.00359913 
0.00494007 0.289548 1.99102e-05 0.00930481 0.0197321 0.339356 0.31413 0.0182115 0.00475781 
0.00180283 0.0417724 3.47573e-05 0.0220905 0.263218 0.407594 0.161182 0.101698 0.000607339 
0.0213918 0.083098 0.0394152 0.0165237 0.115379 0.575755 0.122693 0.0256186 0.000125722 
0.00457742 0.0137619 4.12648e-07 0.11564 0.262344 0.490359 0.00107 0.112168 7.8808e-05 
0.217425 0.100271 5.6852e-10 0.175855 0.0653333 0.306042 0.113529 0.021159 0.00038578 
0.0082026 0.291621 0.00288494 0.0105723 0.102902 0.554928 0.00482564 0.0240363 2.71884e-05 
6.99116e-05 0.0659655 0.000394677 0.00864147 0.110844 0.715035 0.0914003 0.00762687 2.3155e-05 
0.00409845 0.0984874 0.000262223 0.0195735 0.0991122 0.639712 0.0738307 0.0441281 0.0207959 
1.7855e-06 0.187601 0.000102277 0.00630656 0.15873 0.343807 0.299608 0.00370197 0.000141319 
4.53315e-10 0.0022976 1.00948e-06 4.73644e-07 0.0644339 0.833474 0.0703147 0.0294783 1.88833e-10 
0.00148234 0.000412651 4.29267e-06 4.44908e-05 9.77944e-07 0.992963 0.000157507 3.65013e-05 0.00489776 
0.0651371 0.0847704 0.00403676 0.00960586 0.34737 0.464433 0.00230909 0.0222398 9.81525e-05 
0.000118284 0.00323577 0.273287 0.000755985 0.0867084 0.396156 0.237246 0.00244674 4.49807e-05 
4.5875e-06 0.0828343 2.39671e-05 0.00777626 0.0917146 0.715512 0.00928953 0.0915906 0.00125446 
5.34485e-08 0.0605355 2.00853e-05 0.0149757 0.176503 0.648945 0.0694319 0.0295855 3.05112e-06 
1.70645e-05 0.02389 0.000127516 0.000701953 0.0968947 0.853393 0.0247291 0.000240964 5.49606e-06 
3.0744e-05 0.249187 3.07402e-05 0.110762 0.295345 0.344552 3.07582e-05 3.07603e-05 3.07549e-05 
0.000548555 0.26925 0.00104832 0.0350763 0.273245 0.385387 0.0124093 0.0197205 0.0033157 
6.3446e-06 0.123375 0.000840681 0.00626352 0.00545138 0.559896 0.0226935 0.281471 2.50574e-06 
6.27234e-06 0.352133 4.15032e-06 2.9248e-05 0.00109913 0.601912 1.74528e-09 0.0448168 2.89991e-09 
0.00484641 0.105022 0.0100458 0.00577686 0.167733 0.589637 0.108683 0.00803992 0.000215698 
0.0170609 0.044982 3.14527e-05 0.0136636 0.251574 0.355839 0.00850728 0.109065 0.199276 
0.00689875 0.0420138 3.46754e-06 0.00314057 0.140699 0.767878 0.00315824 0.0361856 2.21163e-05 
1.32568e-08 0.0169092 2.11395e-07 0.000670955 0.0543862 0.499978 0.41063 0.0174197 5.64277e-06 
1.62646e-07 0.00551177 2.63711e-05 0.00523774 0.141304 0.614695 0.183217 0.0500007 6.69858e-06 
0.00832633 0.0460624 2.71656e-08 0.0055884 0.0679384 0.859422 0.00617736 0.00644725 3.76729e-05 
1.11267e-11 0.00129976 2.64793e-09 0.0360757 0.0197197 0.925539 6.86751e-05 0.0172971 4.63492e-12 
0.00215088 0.201722 0.00293344 0.030249 0.181732 0.476987 0.0787212 0.0247794 0.000724764 
6.81921e-07 0.0370916 6.04632e-06 0.00097073 0.290085 0.646446 0.00793228 0.017467 4.70366e-07 
0.104162 0.0335024 0.000111615 0.019045 0.147182 0.422292 0.260544 0.0131561 5.24615e-06 
0.000985103 0.095977 1.29849e-07 0.0959488 0.150271 0.55708 0.0322111 0.0674394 8.72025e-05 
0.00131046 0.0687672 0.0071498 0.0355735 0.184194 0.66634 0.00623793 0.0300234 0.000403591 
0.0176699 0.0963646 0.000272827 0.012056 0.0166267 0.709837 0.123493 0.0236797 2.0714e-07 
0.00177962 0.276552 2.51412e-05 0.0035151 0.0984514 0.586609 0.0303279 0.00272214 1.81597e-05 
4.43258e-07 0.114717 0.000892604 0.0264315 0.165964 0.583158 0.0110195 0.00837181 0.0894445 
0.0231325 0.206338 2.32649e-05 0.0275446 0.174749 0.442669 0.0498894 0.0748354 0.000819019 
0.000862897 0.0371933 0.00018813 0.00743078 0.158383 0.635967 0.137488 0.0221532 0.0003342 
3.16329e-05 0.0189607 2.63305e-06 0.00309671 0.266584 0.671538 0.0191879 0.020588 1.0399e-05 
2.19223e-05 0.128812 0.0222391 0.00566916 0.0228507 0.809335 0.00372137 0.00734281 8.30155e-06 
0.00987446 0.0390177 0.0112061 0.0130389 0.32924 0.378662 0.0882635 0.071074 0.059623 
3.55463e-06 0.461772 7.03472e-10 0.00402478 0.0555551 0.472178 0.00147296 0.00497039 2.29342e-05 
0.0330949 0.199732 1.66179e-07 0.0239609 0.0715527 0.593429 0.0429081 0.0352604 6.18668e-05 
0.0209945 0.259337 3.68614e-07 0.00760565 0.0946121 0.512014 0.000181431 0.10361 0.00164422 
3.48551e-05 0.036025 0.00107903 0.0595435 0.122546 0.768037 0.00199415 0.0106427 9.69904e-05 
0.0201716 0.342824 8.58636e-05 0.0235293 0.076896 0.518264 0.00261689 0.0155796 3.3316e-05 
1.90715e-05 0.0582612 0.000637975 0.0108151 0.131938 0.62935 0.0374356 0.0414162 0.0901271 
9.48137e-07 0.0991019 0.000161824 0.00213675 0.0520411 0.76056 0.0723655 0.0134363 0.000195907 
5.79664e-07 0.0545297 1.92069e-07 0.0123361 0.165216 0.724714 0.0247368 0.0184005 6.63724e-05 
4.0995e-06 0.0339502 2.27645e-05 5.86568e-05 0.0203069 0.945493 9.90808e-05 5.75873e-05 7.29201e-06 
6.026e-10 0.00553482 1.01442e-06 0.00162005 0.0220704 0.96687 0.00154341 0.00233825 2.16331e-05 
7.54254e-06 0.341863 7.54161e-06 7.54611e-06 0.193209 0.464883 7.54603e-06 7.54656e-06 7.54524e-06 
0.00324354 0.113912 0.000128831 0.0186051 0.127378 0.655016 0.0160788 0.0439355 0.0217024 
6.026e-10 0.00553482 1.01442e-06 0.00162005 0.0220704 0.96687 0.00154341 0.00233825 2.16331e-05 
0.00148234 0.000412651 4.29267e-06 4.44908e-05 9.77944e-07 0.992963 0.000157507 3.65013e-05 0.00489776 
0.000190942 0.207 0.0032718 0.00013047 0.016193 0.718456 0.0312293 0.023528 8.36243e-08 
0.000786603 0.0472293 0.186154 0.00957128 0.044546 0.633872 0.0649945 0.0127055 0.000139997 
2.65654e-05 0.378237 5.60291e-07 0.00180275 0.212039 0.398534 0.0048403 0.00446506 5.42288e-05 
2.76483e-05 0.0532605 0.0419624 0.000196222 0.344831 0.531784 0.00210294 0.0257771 5.79067e-05 
0.00720445 0.0458298 0.043346 0.0139445 0.150239 0.649351 0.0595984 0.0299044 0.000582254 
0.00290914 0.035851 0.00152071 0.0172719 0.118895 0.624386 0.120492 0.0374111 0.0412634 
0.000403376 0.0195283 0.00132385 0.00171963 0.0607568 0.871064 0.0448703 0.000198689 0.000134791 
0.00149616 0.228132 0.00877096 0.034509 0.121631 0.517795 0.0101688 0.0774444 5.2225e-05 
0.0337292 0.0763377 0.0191851 0.00417748 0.135 0.612311 0.0574164 0.0615103 0.000332867 
0.00292504 0.235256 0.00437353 0.148097 0.193597 0.293963 0.000516563 0.0970448 0.0242272 
0.000854655 0.0819864 2.13381e-06 0.0384477 0.220818 0.644915 0.00147658 0.0114419 5.75128e-05 
5.39949e-05 0.0753896 6.2574e-05 0.133542 0.199694 0.479742 0.0956851 0.0156935 0.000136642 
4.64714e-08 0.121258 0.000839711 0.00720593 0.0251558 0.464967 0.380447 0.000126466 6.35668e-11 
4.21014e-06 0.126811 1.21217e-07 0.00972716 0.024547 0.746605 0.0882893 0.0034853 0.00053111 
0.00121174 0.0746986 1.19226e-06 0.00372 0.0350557 0.823564 0.000309156 0.0614299 9.53489e-06 
1.42377e-07 0.126215 0.00944156 0.0247396 0.0779746 0.731652 0.00367711 0.0114904 0.0148102 
4.55149e-08 0.309674 1.1292e-07 0.000749492 0.128167 0.533983 0.0219127 0.00462716 0.000886565 
0.00148234 0.000412651 4.29267e-06 4.44908e-05 9.77944e-07 0.992963 0.000157507 3.65013e-05 0.00489776 
1.90296e-06 0.317788 5.69066e-11 0.098523 0.0940651 0.410916 0.0003278 0.0783785 3.84833e-08 
0.000149776 0.00603679 0.0221854 0.0938413 0.186609 0.361711 0.00865793 0.318005 0.00280435 
0.00389716 0.0745421 0.000296559 0.0272692 0.264277 0.540637 0.00257853 0.0836116 0.00289045 
8.8611e-13 0.0355369 5.66556e-07 0.000369891 9.31439e-07 0.731811 0.232106 0.000167791 6.72506e-06 
0.00712709 0.158408 0.0020191 0.0157643 0.166228 0.41368 0.160264 0.0761791 0.000330604 
0.00148234 0.000412651 4.29267e-06 4.44908e-05 9.77944e-07 0.992963 0.000157507 3.65013e-05 0.00489776 
6.20667e-06 0.348533 0.00554302 0.013901 0.133817 0.395857 0.0931968 0.00884515 0.000301419 
9.08267e-10 0.00582582 0.000402658 0.000598832 0.0416498 0.81305 0.121239 0.0172335 3.78348e-10 
0.051272 0.00322426 0.0548111 0.000425584 0.058735 0.486535 0.326711 0.0182123 7.44088e-05 
0.0216991 0.0745834 0.000591317 0.331714 0.152227 0.393088 0.00374115 0.0166756 0.00568054 
1.15919e-08 0.0231136 0.000164883 0.00100329 0.0242325 0.508933 0.437348 0.00496219 0.000242692 
6.026e-10 0.00553482 1.01442e-06 0.00162005 0.0220704 0.96687 0.00154341 0.00233825 2.16331e-05 
0.00776237 0.309156 2.45641e-06 0.0230984 0.103931 0.495217 0.0164976 0.0209854 0.0233498 
0.00368086 0.0559169 0.00149197 0.0238774 0.157184 0.522903 0.214553 0.0175263 0.00286569 
0.00286307 0.0838691 0.00706328 0.0291519 0.160418 0.551756 0.118889 0.0449248 0.00106487 
0.00391979 0.0503556 0.00735752 0.0434319 0.170722 0.641713 1.54762e-06 0.0824271 7.06476e-05 
0.00109126 0.0759929 9.44714e-05 0.0158962 0.119483 0.574443 0.18661 0.0263047 8.52485e-05 
1.82486e-05 0.123204 0.00112287 0.00688517 0.145901 0.670004 0.0139285 0.0389349 1.58171e-06 
5.63628e-05 0.0186899 2.90538e-05 0.264209 0.297214 0.32441 0.0152313 0.0796335 0.000527255 
0.00148234 0.000412651 4.29267e-06 4.44908e-05 9.77944e-07 0.992963 0.000157507 3.65013e-05 0.00489776 
1.01931e-07 0.0398954 0.027085 0.0026862 0.330162 0.557785 0.0238035 0.0185793 3.23648e-06 
2.5623e-11 0.044995 3.61852e-05 0.00257969 0.260524 0.601449 0.0883539 0.00188416 0.000178118 
5.76353e-07 0.00160481 3.54263e-09 7.90533e-05 0.0267444 0.480753 0.471478 0.0191818 0.000158891 
1.24438e-08 0.0188682 0.337543 0.126985 0.0642262 0.356098 0.084871 0.0103317 0.00107655 
3.09156e-07 0.0594145 0.0123135 0.0824837 0.198852 0.544173 0.000784156 0.101927 5.16804e-05 
0.00447458 0.0812902 0.00376179 0.00258628 0.103557 0.709335 0.0785103 0.016437 4.86427e-05 
0.000529228 0.0929109 0.000102386 0.0831474 0.341484 0.383461 0.0221645 0.0760133 0.000187589 
4.39474e-05 0.00858423 1.62152e-06 0.0149488 0.0596054 0.774911 0.117848 0.0239777 7.91601e-05 
0.00762017 0.103127 0.00450437 0.0129461 0.117092 0.603215 0.0858183 0.0598783 0.00579823 
9.36449e-06 0.0501332 2.73428e-06 0.00191214 0.0248965 0.903543 0.0185455 0.000957346 2.71149e-11 
2.98393e-05 0.0034589 0.00543777 0.00691439 0.0674429 0.890559 0.0133846 0.0127708 2.16737e-06 
0.00133335 0.11309 0.000420314 0.0385347 0.116665 0.530643 0.174538 0.023673 0.00110216 
8.83024e-08 8.94784e-05 1.49863e-11 0.000727244 0.000546534 0.97645 0.0212282 0.000958854 5.24609e-12 
8.93143e-12 0.046743 0.000117719 1.47845e-07 0.00382156 0.911251 0.0135942 0.0244115 6.12133e-05 
1.68851e-06 0.248903 0.00258907 0.0181055 0.190976 0.286795 0.190171 0.0622067 0.000252857 
0.00238678 0.191239 0.0132917 0.0366703 0.0270683 0.695998 6.44454e-05 0.0298187 0.00346288 
6.05456e-11 0.000262157 3.37511e-08 0.000446801 0.00205515 0.789241 0.00013138 2.91536e-07 0.207863 
5.36781e-08 0.112112 7.35062e-06 0.0723211 0.035835 0.447883 0.000671102 0.331165 5.54905e-06 
0.00148234 0.000412651 4.29267e-06 4.44908e-05 9.77944e-07 0.992963 0.000157507 3.65013e-05 0.00489776 
7.8159e-06 0.076177 0.00507546 7.7819e-05 0.0518401 0.472442 0.390766 0.00352712 8.72445e-05 
4.84985e-06 0.280757 8.16583e-08 0.0111668 0.200197 0.436733 0.000179279 0.070746 0.000216861 
0.0281445 0.0392838 2.5552e-05 0.010746 0.145515 0.594942 0.00904709 0.17229 5.99623e-06 
4.35245e-05 0.369967 1.12318e-10 0.00134283 0.0203405 0.605591 0.00133178 0.00138378 4.2135e-08 
0.00148234 0.000412651 4.29267e-06 4.44908e-05 9.77944e-07 0.992963 0.000157507 3.65013e-05 0.00489776 
0.016526 0.19468 0.00487009 0.00868739 0.229631 0.419973 0.0199388 0.0955472 0.0101463 
0.00558243 0.0902549 0.162684 0.0267955 0.0926203 0.562594 0.0373619 0.0218272 0.000280065 
0.00139859 0.0688006 0.000101035 0.0204198 0.110245 0.644788 0.114272 0.0269072 0.0130676 
0.000104683 0.0827213 0.00362375 0.0562785 0.114248 0.65971 0.0535895 0.0297239 5.55508e-07 
3.16285e-05 0.151461 7.42238e-05 0.0531365 0.196264 0.496691 0.0935629 0.00874721 3.18507e-05 
1.48651e-06 0.380672 0.00252844 0.0537933 0.0781549 0.411065 0.0276763 0.0461009 6.94393e-06 
0.000136868 0.0162362 0.000109006 0.0625922 0.171808 0.679994 0.00614575 0.0628206 0.000156926 
0.0306866 0.133508 0.00619612 0.0102889 0.190126 0.582615 0.0132925 0.0332795 7.47601e-06 
2.22889e-06 0.309814 0.0498581 0.0339784 0.0168671 0.56824 0.00709546 0.00279002 0.0113546 
2.08937e-05 0.0172416 7.09358e-07 0.00283837 0.0551638 0.915295 0.00318627 0.00621056 4.2523e-05 
2.88171e-08 0.0523837 0.0337211 0.00309364 0.040798 0.834545 0.033492 0.00186494 0.000101306 
4.85984e-07 0.0165395 2.2551e-05 0.0157937 0.0959433 0.853492 0.00966484 0.0085168 2.6499e-05 
4.9459e-05 0.108197 1.81402e-05 0.0160602 0.0618418 0.709112 0.093157 0.010672 0.000892662 
7.85731e-06 0.1119 0.000413168 0.0125527 0.195159 0.501688 0.136604 0.0415896 8.62032e-05 
8.89752e-06 0.0807234 4.37534e-05 0.00446356 0.116247 0.780156 0.0126681 0.005661 2.82878e-05 
6.66428e-09 0.271385 2.12298e-10 0.0179994 0.00952671 0.55242 0.147814 0.00076415 9.00444e-05 
0.000919136 0.214898 0.0190076 0.0272316 0.157609 0.407507 0.0548565 0.117935 3.55172e-05 
2.78269e-08 0.0584112 7.46376e-05 0.0437512 0.229493 0.414363 0.0903799 0.163222 0.000305409 
0.000220899 0.115175 0.0110536 0.0376036 0.23764 0.431055 0.160006 0.00720879 3.53251e-05 
0.00535875 0.0424213 0.0120554 0.00489123 0.169339 0.616692 0.131732 0.017441 6.94013e-05 
0.00019247 0.00741939 8.50676e-06 0.000240346 0.0138858 0.965544 0.011929 0.000716025 6.44337e-05 
2.19223e-05 0.128812 0.0222391 0.00566916 0.0228507 0.809335 0.00372137 0.00734281 8.30155e-06 
0.00148234 0.000412651 4.29267e-06 4.44908e-05 9.77944e-07 0.992963 0.000157507 3.65013e-05 0.00489776 
1.80535e-05 0.0445738 0.000143606 0.109397 0.10602 0.600452 0.00864764 0.0409256 0.089822 
0.0015515 0.0743489 0.0098937 0.0157881 0.138333 0.630269 0.0799636 0.0472951 0.00255795 
1.17548e-07 0.00824357 1.39105e-06 0.00560686 0.0283691 0.949614 0.00102118 0.00712798 1.61461e-05 
5.43021e-05 0.282283 0.000387536 0.0253899 0.168749 0.446349 0.0325439 0.0435544 0.000689594 
0.00148234 0.000412651 4.29267e-06 4.44908e-05 9.77944e-07 0.992963 0.000157507 3.65013e-05 0.00489776 
2.16922e-07 0.156347 3.73568e-05 0.000681185 0.0268696 0.812701 0.000165972 0.00318743 1.08075e-05 
1.38717e-05 0.00546894 0.000332244 0.0293017 0.0999366 0.619604 0.234776 0.0105508 1.49814e-05 
5.17579e-05 0.0797279 0.00251979 0.000216614 0.146024 0.625213 0.0994065 0.0462864 0.0005542 
0.00148234 0.000412651 4.29267e-06 4.44908e-05 9.77944e-07 0.992963 0.000157507 3.65013e-05 0.00489776 
1.69372e-07 0.0252645 2.68627e-08 0.00739972 0.0414908 0.779241 0.12964 0.0169643 5.55502e-08 
0.00170857 0.0588437 0.0131104 0.00709202 0.0665312 0.792103 0.0417025 0.0164937 0.0024146 
0.000202432 0.0376242 3.95605e-06 0.0633207 0.160952 0.63614 0.00325097 0.0978403 0.000665191 
0.00148234 0.000412651 4.29267e-06 4.44908e-05 9.77944e-07 0.992963 0.000157507 3.65013e-05 0.00489776 
8.91145e-05 0.0284085 0.00172265 0.0175872 0.172091 0.527627 0.195184 0.0496336 0.00765672 
0.00148234 0.000412651 4.29267e-06 4.44908e-05 9.77944e-07 0.992963 0.000157507 3.65013e-05 0.00489776 
0.00299374 0.037501 0.000413447 0.00826893 0.0763203 0.811355 0.0394337 0.0175713 0.006143 
0.000435977 0.263432 0.000645051 0.0191704 0.221843 0.43433 0.05375 0.00635623 3.77823e-05 
0.00821573 8.6498e-05 8.86552e-08 4.32658e-07 0.0849706 0.584408 1.11253e-05 0.322274 3.32188e-05 
1.22376e-08 0.0188128 4.18022e-09 0.000137713 0.119317 0.571199 0.25695 0.0335794 4.57458e-06 
0.0522299 3.85569e-06 7.04551e-06 1.23283e-05 0.000454996 0.910717 0.00960672 0.0269674 6.41724e-07 
9.03689e-06 0.0410405 1.69138e-07 0.00424552 0.413411 0.427455 0.0670583 0.0467797 1.19428e-06 
0.0859958 0.238954 2.44652e-06 0.0120555 0.126876 0.34699 0.0872542 0.101835 3.73565e-05 
1.12778e-10 0.177315 8.04237e-06 0.0917259 0.167583 0.417515 0.000162277 0.145691 1.84166e-07 
1.69372e-07 0.0252645 2.68627e-08 0.00739972 0.0414908 0.779241 0.12964 0.0169643 5.55502e-08 
1.87022e-08 0.281774 0.000596881 0.0744124 0.214425 0.326273 0.0577393 0.0446202 0.000159559 
0.00524676 0.0512815 0.00378264 0.0345708 0.178755 0.54027 0.122789 0.0597032 0.0036016 
5.6239e-09 0.000379441 6.69229e-09 6.47254e-06 4.20922e-06 0.990234 0.00936233 1.39547e-05 2.34269e-09 
0.105303 0.218008 0.00314102 0.103794 0.127795 0.374114 0.00770181 0.0397284 0.0204157 
0.00622261 0.0321373 0.0506637 0.00206085 0.0694107 0.702592 0.122648 0.0140039 0.000260828 
0.00955435 0.353556 0.000291785 0.0306391 0.121375 0.391495 0.0503269 0.0423917 0.000371381 
3.53273e-05 0.0143894 1.38215e-06 0.0459776 0.104081 0.771416 0.00903 0.0550285 4.04545e-05 
0.000644821 0.113321 0.000401998 0.00495376 0.0949199 0.702695 0.0373378 0.0456419 8.31141e-05 
4.44321e-08 0.0119136 9.44502e-11 0.00096482 0.0317049 0.87585 0.00622327 0.0731846 0.00015868 
3.81513e-05 0.204639 0.000384253 0.00110093 0.0569831 0.705931 0.00793534 0.0229861 2.65311e-06 
5.42367e-07 0.302693 1.99444e-07 0.0144405 0.0845612 0.58054 0.00387717 0.0138834 3.31797e-06 
1.79458e-07 0.0320491 0.00012059 0.00725208 0.340665 0.462547 0.00533949 0.151832 0.000194061 
0.000342992 0.263989 1.21376e-06 0.106341 0.13914 0.458353 0.0147666 0.0170574 9.21363e-06 
0.000226097 0.226596 4.51186e-05 0.0612197 0.292946 0.3295 0.0239446 0.0652001 0.000322444 
0.00289194 0.0801764 4.63242e-06 0.0424242 0.18553 0.565304 0.10682 0.0168445 3.79555e-06 
0.000149776 0.00603679 0.0221854 0.0938413 0.186609 0.361711 0.00865793 0.318005 0.00280435 
0.017504 0.0451393 1.15355e-05 0.0503025 0.105098 0.7061 0.0425449 0.0266871 0.00661192 
2.55241e-05 0.00844031 0.00432558 0.000339044 0.214149 0.611699 0.00639076 0.154609 2.24678e-05 
1.22376e-08 0.0188128 4.18022e-09 0.000137713 0.119317 0.571199 0.25695 0.0335794 4.57458e-06 
0.00139342 0.283081 4.71802e-05 0.0421801 0.144466 0.465667 0.0217645 0.0411954 0.000204994 
2.19223e-05 0.128812 0.0222391 0.00566916 0.0228507 0.809335 0.00372137 0.00734281 8.30155e-06 
0.00525129 0.0813201 0.00227866 0.0107393 0.152992 0.474383 0.226699 0.0409058 0.00543102 
0.000455244 0.109773 0.000113406 0.113935 0.0224129 0.663244 0.0433618 0.0466184 8.53021e-05 
0.00291158 0.00873863 1.24852e-07 0.0214087 0.0661022 0.729681 0.154411 0.0167333 1.36225e-05 
0.00148234 0.000412651 4.29267e-06 4.44908e-05 9.77944e-07 0.992963 0.000157507 3.65013e-05 0.00489776 
0.000222906 0.028096 1.68768e-05 0.02028 0.0760972 0.863908 0.000215766 0.0110917 7.11921e-05 
3.53273e-05 0.0143894 1.38215e-06 0.0459776 0.104081 0.771416 0.00903 0.0550285 4.04545e-05 
6.91778e-06 0.00296062 7.06243e-06 0.00723252 0.0936616 0.828847 0.00676845 0.0605109 5.07725e-06 
5.58789e-05 0.111787 0.00304833 0.0344938 0.342172 0.420114 0.0135973 0.0610897 0.013642 
0.0111159 0.00463585 0.00188306 0.0356466 0.12451 0.75607 0.0433812 0.0227204 3.72951e-05 
6.16297e-05 0.21619 0.000156979 0.047318 0.180029 0.524629 0.00473643 0.0257086 0.00117069 
0.0010528 0.0092632 0.000183595 0.00508879 0.0471549 0.861357 0.00336818 0.0725246 6.57668e-06 
0.0269861 0.0778184 0.000418578 0.00987255 0.274791 0.474485 0.0814612 0.05397 0.000196641 
0.00404332 0.0718592 0.00555472 0.0227031 0.162075 0.552332 0.141186 0.0383004 0.00194616 
0.163248 0.0114605 8.85686e-07 0.0248001 0.225004 0.29313 0.264049 0.0182848 2.27961e-05 
3.20346e-07 0.00563832 0.0132849 0.00990394 0.0621888 0.838514 0.0437889 0.0266643 1.68679e-05 
0.00507466 0.0127256 0.00505626 0.0038698 0.0750232 0.709159 0.167803 0.0180875 0.00320042 
0.00237027 0.00438694 0.109271 0.00636878 0.074452 0.756767 0.034342 0.0119885 5.40426e-05 
0.0136386 0.289018 1.95077e-05 0.0734795 0.15209 0.390701 0.00191176 0.0181513 0.0609904 
0.00148234 0.000412651 4.29267e-06 4.44908e-05 9.77944e-07 0.992963 0.000157507 3.65013e-05 0.00489776 
7.46466e-05 0.0960869 2.61748e-05 0.0114356 0.232494 0.577597 0.0641764 0.0180123 9.62831e-05 
0.000503169 0.0587389 0.00235646 0.0474717 0.180339 0.622462 0.0425235 0.0452092 0.00039539 
6.54776e-08 0.0361314 0.00573363 0.0165146 0.0963965 0.806851 0.0243366 0.014035 1.68127e-06 
0.0056621 0.222151 0.0018333 0.0142558 0.140455 0.487042 0.124452 0.0040963 5.24882e-05 
0.000431259 0.141025 0.000998176 0.0060409 0.126273 0.585925 0.0518379 0.0848208 0.00264714 
5.97062e-06 0.0134916 0.00156501 0.000472447 0.105248 0.790011 0.0666277 0.0225649 1.37718e-05 
0.00617725 0.0442798 9.48195e-05 0.012964 0.17567 0.632645 0.104115 0.022173 0.00188114 
0.00920901 0.0542872 0.0244215 0.0110596 0.174847 0.560405 0.0658144 0.063108 0.0368479 
1.15582e-11 0.00260205 1.11117e-07 0.0315263 0.01089 0.871583 0.080545 0.00283472 1.8961e-05 
1.11267e-11 0.00129976 2.64793e-09 0.0360757 0.0197197 0.925539 6.86751e-05 0.0172971 4.63492e-12 
0.00148234 0.000412651 4.29267e-06 4.44908e-05 9.77944e-07 0.992963 0.000157507 3.65013e-05 0.00489776 
3.77169e-05 0.0854893 0.0522161 0.0145801 0.10078 0.700249 0.0159988 0.0306108 3.79029e-05 
0.000655322 0.0626898 3.60683e-05 0.0959306 0.0669035 0.728607 0.00137514 0.043796 6.28541e-06 
0.0001738 0.0913643 6.83599e-07 0.0863709 0.339025 0.38211 0.00264167 0.0969699 0.00134374 
3.26411e-06 0.0285283 0.00260466 0.00749591 0.0776055 0.727787 0.128545 0.0273841 4.65551e-05 
0.000580086 0.159404 7.56976e-06 0.0002127 0.0128962 0.818078 6.08542e-05 0.00668645 0.0020739 
0.000465811 0.0353694 0.140903 0.00544445 0.160062 0.359136 0.294942 0.0033551 0.000322422 
1.82486e-05 0.123204 0.00112287 0.00688517 0.145901 0.670004 0.0139285 0.0389349 1.58171e-06 
7.1452e-05 0.0374622 8.56896e-06 0.0286984 0.123835 0.747426 0.0545934 0.00790315 2.37809e-06 
0.00478445 0.0833556 4.28932e-06 0.0457349 0.295689 0.448339 0.000333055 0.121744 1.60591e-05 
0.0125532 0.111621 0.0027703 0.00259076 0.0634207 0.783102 0.0135702 0.0103477 2.38332e-05 
1.16511e-06 0.000425267 3.72143e-10 0.000920649 0.00124388 0.918332 0.076052 0.00302453 1.19319e-08 
6.16682e-07 0.265326 7.33835e-07 0.0066553 0.0140659 0.712217 5.71941e-05 0.00167636 2.56885e-07 
6.42418e-06 0.131588 0.000177876 2.46023e-05 0.108934 0.699005 0.0239083 0.0363551 9.47622e-07 
0.056246 0.223852 0.000186935 0.0111301 0.139538 0.510126 0.0472 0.0116338 8.74307e-05 
0.000665798 0.391428 0.000950015 0.0489236 0.0739393 0.39408 0.0469823 0.0427575 0.000273638 
8.78949e-06 0.0570317 0.00249735 0.021354 0.226229 0.592915 0.0854284 0.0145232 1.32801e-05 
0.000149776 0.00603679 0.0221854 0.0938413 0.186609 0.361711 0.00865793 0.318005 0.00280435 
9.2616e-08 0.0216653 4.63083e-06 0.000147556 0.0868404 0.444666 0.372808 0.0738531 1.53587e-05 
1.16511e-06 0.000425267 3.72143e-10 0.000920649 0.00124388 0.918332 0.076052 0.00302453 1.19319e-08 
8.96959e-10 0.00346606 1.06736e-09 0.0115056 0.019252 0.951899 0.000102829 0.0137742 3.73637e-10 
1.24142e-08 0.105643 0.023848 0.00013042 0.0795785 0.679693 0.0356495 0.0754565 4.14843e-07 
0.000281968 0.0132705 0.00392674 0.00124215 0.0671399 0.503114 0.394843 0.016099 8.27795e-05 
0.00014676 0.0191834 0.00110135 0.0371153 0.292034 0.379826 0.174422 0.0961221 4.93051e-05 
0.007212 0.246195 0.000819851 0.00341465 0.19396 0.395545 0.142503 0.00995241 0.000398617 
6.18088e-05 0.0157508 0.0145014 0.0953439 0.0830641 0.699217 0.0447235 0.0473338 3.43423e-06 
0.000198744 0.0755228 1.41966e-08 0.0574082 0.287899 0.332467 0.0262355 0.22013 0.000137906 
4.0456e-10 0.369169 2.21499e-06 1.94384e-06 0.0539117 0.38644 0.190471 4.50354e-06 1.68523e-10 
0.000392118 0.0376347 0.0284982 0.00402644 0.176214 0.591217 0.0415121 0.12047 3.51238e-05 
5.8973e-05 0.117234 0.000174061 0.0352249 0.198662 0.593621 0.0391651 0.0158542 5.50154e-06 
0.000851843 0.0243313 4.66841e-07 0.119388 0.18045 0.534005 0.000842789 0.140113 1.74705e-05 
0.00875798 0.0190413 0.000140573 0.00858759 0.0911118 0.785198 0.00596083 0.0552844 0.0259176 
0.00938194 0.0875083 0.00239708 0.00749204 0.142596 0.503512 0.197717 0.0482179 0.00117841 
0.00309123 0.0604404 0.109423 0.0124572 0.121 0.534782 0.12927 0.028991 0.000545699 
6.62562e-06 0.0672723 2.55907e-05 0.00251426 0.0921876 0.706717 0.0488875 0.0818391 0.000550225 
0.000154644 0.0964745 4.75713e-05 0.00951375 0.196928 0.58472 0.0225291 0.0896165 1.61128e-05 
0.000176425 0.0152259 0.000190566 0.0164669 0.109468 0.779322 0.0672881 0.0118314 3.14028e-05 
0.247161 0.0487391 6.10054e-05 0.000409934 0.270411 0.345537 0.000623564 0.0491317 0.0379259 
0.000426198 0.0114148 0.00692093 0.00173026 0.0808446 0.783814 0.06284 0.044346 0.00766353 
6.01145e-08 0.0168544 2.42502e-05 0.00167008 0.0682843 0.906554 0.00166257 0.00492015 3.05033e-05 
0.00289283 0.0268817 0.00275835 0.0178726 0.153324 0.37002 0.32641 0.0995031 0.00033736 
0.00012219 0.0458258 0.0022289 0.0032475 0.0586119 0.78834 0.0851961 0.0160238 0.000403877 
0.000316146 0.0103814 0.127592 0.00551785 0.0958047 0.481632 0.259024 0.0193494 0.000382335 
3.01291e-08 0.44214 0.00582143 0.00233838 0.0665165 0.455524 0.0124379 0.0150318 0.000190442 
0.000149776 0.00603679 0.0221854 0.0938413 0.186609 0.361711 0.00865793 0.318005 0.00280435 
4.32117e-05 0.213958 0.000157651 0.0308815 0.246417 0.357008 0.116841 0.0345993 9.40869e-05 
0.00233946 0.0998798 7.08407e-06 0.0225758 0.160039 0.586253 0.105887 0.0223352 0.000683606 
0.000215307 0.0212984 1.90293e-05 8.30455e-05 0.0141624 0.945996 0.016867 0.000569944 0.000789383 
5.45351e-06 0.0451695 3.46827e-05 0.000726576 0.12578 0.585836 0.236155 0.00627275 1.97389e-05 
0.00753294 0.0296878 0.104983 0.0201829 0.129301 0.509626 0.166607 0.0214984 0.010581 
0.000208829 0.0618113 0.000445289 0.0319426 0.138282 0.625182 0.0857369 0.0412752 0.0151156 
3.55463e-06 0.461772 7.03472e-10 0.00402478 0.0555551 0.472178 0.00147296 0.00497039 2.29342e-05 
4.75824e-05 0.0679834 0.000205228 8.51416e-05 0.0110122 0.901866 0.0126661 0.00613413 3.65251e-07 
9.06738e-05 0.0913555 0.000436898 0.00249502 0.0570103 0.748586 0.0905743 0.00939488 5.65598e-05 
8.93143e-12 0.046743 0.000117719 1.47845e-07 0.00382156 0.911251 0.0135942 0.0244115 6.12133e-05 
0.0277459 0.358673 5.16302e-06 0.0125617 0.140423 0.44704 0.00800908 0.00539497 0.000148118 
7.20572e-06 0.27034 1.11403e-07 0.00473838 0.079639 0.637762 0.00195739 0.00552989 2.65111e-05 
