0.000901435 0.0296769 2.27603e-06 0.0739552 0.368036 0.0600669 0.00148816 0.46452 0.001353 
0.001161 0.241142 0.0021949 0.191494 0.165266 0.0540171 0.0298532 0.314583 0.000289413 
1.5455e-05 0.254224 0.00179696 0.0903367 0.145719 0.0261381 0.00577593 0.475412 0.000581149 
0.00174314 0.0505051 5.22622e-05 0.0379133 0.354839 0.0532521 0.0112016 0.485901 0.00459319 
0.00636556 0.0174251 1.42417e-05 0.0632361 0.133039 0.0222454 0.0297114 0.699174 0.0287894 
6.19401e-06 0.000858985 1.69897e-06 0.0116008 0.200146 0.0186753 0.0651247 0.703558 2.87892e-05 
6.19401e-06 0.000858985 1.69897e-06 0.0116008 0.200146 0.0186753 0.0651247 0.703558 2.87892e-05 
6.19401e-06 0.000858985 1.69897e-06 0.0116008 0.200146 0.0186753 0.0651247 0.703558 2.87892e-05 
0.186636 0.113189 1.05098e-06 0.0288105 0.222724 0.0236008 0.000779705 0.360169 0.0640895 
4.65538e-06 0.0605173 9.85449e-06 0.000107988 0.136121 0.0537985 0.000360034 0.749078 1.93924e-06 
2.99247e-07 0.0211418 1.26129e-05 0.00452944 0.00405674 0.0170343 0.0828703 0.834286 0.0360688 
7.13951e-05 0.0190631 3.39009e-05 0.143664 0.303524 0.0153784 0.0353271 0.482895 4.34098e-05 
0.00222268 0.12973 0.000938765 0.0375335 0.333342 0.0733189 0.0177653 0.40206 0.00308935 
0.00507682 0.0148929 0.00125902 0.0333342 0.0911274 0.0660592 0.00199752 0.785567 0.000685582 
4.3255e-05 0.0297637 7.7241e-06 0.0250121 0.0668835 0.0293816 0.0180688 0.830813 2.66747e-05 
1.17356e-05 0.229308 7.04181e-05 0.144944 5.78817e-06 0.0116698 3.57821e-05 0.61351 0.000445117 
6.61841e-07 0.00404661 1.70783e-06 0.0145305 0.222654 0.0163349 0.00223644 0.739625 0.000570178 
0.00765139 0.152325 0.00354811 0.0298764 0.19007 0.198278 0.0162873 0.40062 0.00134447 
3.1857e-05 0.145069 0.000305713 0.0362178 0.231656 0.102509 0.0472261 0.436879 0.000105183 
6.07953e-07 0.0144048 2.10368e-06 0.000524074 0.0718612 0.00481562 0.000174533 0.908208 9.13158e-06 
0.00740585 0.142278 0.000303838 0.0420928 0.332996 0.113678 0.00117132 0.344626 0.0154489 
0.00214754 0.137513 2.47561e-05 0.154103 0.0819569 0.223435 0.0163214 0.382825 0.00167383 
4.83445e-05 0.00137096 3.59909e-06 0.0021533 0.138238 0.0168851 0.0175727 0.823701 2.69306e-05 
5.88897e-05 0.110542 8.0079e-06 0.12018 0.135894 0.0816485 0.000429123 0.550683 0.00055649 
1.94306e-05 0.0413407 1.56832e-05 0.00204785 0.00656573 0.0367648 1.0791e-05 0.913235 2.05534e-08 
0.371022 0.0123 2.41412e-08 0.0405547 0.0120729 0.00349822 5.08605e-09 0.560549 2.76705e-06 
2.74735e-07 0.181054 5.09691e-05 0.180137 0.217497 0.0765018 0.00233408 0.341792 0.000633198 
6.19401e-06 0.000858985 1.69897e-06 0.0116008 0.200146 0.0186753 0.0651247 0.703558 2.87892e-05 
3.08321e-06 0.00701566 0.000671499 0.0395486 0.418925 0.00402115 0.00603455 0.523772 8.01584e-06 
2.03944e-07 0.00716872 3.59791e-06 0.00177194 0.174745 0.0268179 0.0211554 0.768327 9.58299e-06 
8.88019e-06 0.035982 9.08799e-05 0.00679199 0.0153935 0.0139376 0.000578728 0.927205 1.17366e-05 
0.023375 0.0231549 8.78244e-06 0.0197408 0.113074 0.0144827 0.0121803 0.770575 0.023409 
3.37518e-08 0.10837 0.000593816 0.000839521 0.0428375 0.0312953 0.00134976 0.812085 0.00262855 
2.75238e-05 0.000900935 1.70394e-06 0.0101304 0.241572 0.01409 0.000429815 0.724893 0.007955 
0.00306753 0.328349 5.79339e-06 0.0477068 0.148978 0.00264089 0.00320086 0.44387 0.0221803 
6.19401e-06 0.000858985 1.69897e-06 0.0116008 0.200146 0.0186753 0.0651247 0.703558 2.87892e-05 
0.000144568 0.0692386 0.0113726 0.289315 0.0771882 0.031368 0.071802 0.439912 0.0096593 
8.44126e-07 0.133417 8.25358e-06 0.00846064 0.267679 0.0126039 9.34616e-05 0.575803 0.00193399 
6.19401e-06 0.000858985 1.69897e-06 0.0116008 0.200146 0.0186753 0.0651247 0.703558 2.87892e-05 
1.45849e-05 0.149989 2.60801e-06 0.0242598 0.0624234 0.0347847 0.000539532 0.727952 3.42315e-05 
4.96585e-05 0.249759 1.38171e-05 0.177431 0.0946554 0.0906946 0.0104447 0.376904 4.81319e-05 
0.000105335 0.154012 0.0347104 0.0982047 0.0780977 0.0623618 0.00915904 0.563097 0.000251791 
0.0856271 0.161695 2.49506e-06 0.164264 0.0708014 0.138633 0.0123745 0.363757 0.00284489 
6.19401e-06 0.000858985 1.69897e-06 0.0116008 0.200146 0.0186753 0.0651247 0.703558 2.87892e-05 
7.36929e-05 0.0131772 0.157046 0.00360703 0.212813 0.175114 0.144009 0.293878 0.000281268 
0.00306753 0.328349 5.79339e-06 0.0477068 0.148978 0.00264089 0.00320086 0.44387 0.0221803 
0.0191526 0.0272235 2.1983e-06 0.0669156 0.142875 0.0249403 0.00113671 0.713156 0.00459858 
9.68204e-05 0.00969767 1.27895e-05 0.00846099 0.32613 0.0352233 0.00737457 0.605039 0.00796527 
6.19401e-06 0.000858985 1.69897e-06 0.0116008 0.200146 0.0186753 0.0651247 0.703558 2.87892e-05 
0.000448449 0.152146 0.00124204 0.0496154 0.170917 0.240059 0.125916 0.249439 0.0102173 
1.05504e-05 9.42168e-05 2.13107e-08 0.0126513 0.141889 0.0505575 0.000478699 0.794319 7.46e-09 
0.000657633 0.0838446 4.34096e-05 0.0196686 0.212556 0.0409095 0.00748965 0.609192 0.0256386 
4.81814e-05 0.0533253 2.25548e-05 0.101191 0.260388 0.0509681 0.000631244 0.52117 0.0122553 
0.013713 0.0139502 0.0160935 0.0141074 0.24845 0.00968922 0.0185575 0.641735 0.0237042 
2.62726e-05 0.046919 3.69532e-05 0.0554312 0.0344827 0.0557958 0.00403904 0.797067 0.00620156 
0.00638831 0.192914 0.000195917 0.0681618 0.294251 0.0210631 8.75186e-05 0.41684 9.75225e-05 
0.00258039 0.199504 3.73979e-05 0.113824 0.207519 0.0124288 0.0045323 0.348549 0.111024 
0.00265101 0.00873786 8.75488e-07 0.00586933 0.225313 0.00811976 3.53224e-05 0.749232 4.11582e-05 
0.000292611 0.107018 1.37181e-07 0.0193702 0.0346049 0.196782 0.000305848 0.600167 0.0414592 
0.00292133 0.0148609 8.99083e-07 0.0268214 0.210158 0.037018 0.00776011 0.70039 6.94042e-05 
0.000576758 0.00382897 1.3549e-06 0.000311267 0.225915 0.0239788 0.000143793 0.74513 0.000113704 
4.83445e-05 0.00137096 3.59909e-06 0.0021533 0.138238 0.0168851 0.0175727 0.823701 2.69306e-05 
5.35904e-05 0.00812046 0.00167854 0.0437564 0.134858 0.0460067 0.0020974 0.763214 0.00021451 
7.06867e-07 0.0757614 5.64995e-10 0.00983081 0.319092 0.0208581 0.0004257 0.574031 3.23879e-07 
2.42313e-05 0.00802337 3.01251e-05 0.0141786 0.0881498 0.02426 0.00475259 0.856063 0.00451882 
0.158965 0.0750197 0.000556225 0.116655 0.162183 0.169788 0.0236177 0.292045 0.00117065 
7.66711e-08 0.00305321 1.02857e-05 0.00146812 0.216238 0.00135202 0.00738567 0.770483 9.33012e-06 
0.000140374 0.323391 9.83141e-05 0.0518057 0.0927501 0.0341137 0.0091653 0.487173 0.00136207 
1.29213e-07 0.0631953 0.00478314 0.0195725 0.181991 0.261743 0.00127737 0.439853 0.027585 
1.24472e-06 0.137631 1.49128e-07 0.103737 0.189321 0.0797793 0.013307 0.475893 0.000330705 
3.37518e-08 0.10837 0.000593816 0.000839521 0.0428375 0.0312953 0.00134976 0.812085 0.00262855 
6.19401e-06 0.000858985 1.69897e-06 0.0116008 0.200146 0.0186753 0.0651247 0.703558 2.87892e-05 
0.000497479 0.132793 0.0423373 0.0081695 0.157881 0.061111 0.00293314 0.317181 0.277096 
0.000292256 0.0688742 8.98759e-05 0.0890215 0.361059 0.0347287 0.0188508 0.426286 0.00079729 
6.19401e-06 0.000858985 1.69897e-06 0.0116008 0.200146 0.0186753 0.0651247 0.703558 2.87892e-05 
6.19401e-06 0.000858985 1.69897e-06 0.0116008 0.200146 0.0186753 0.0651247 0.703558 2.87892e-05 
0.000884343 0.140826 7.48907e-07 0.070228 0.148031 0.0636882 0.0327402 0.526551 0.0170496 
3.37518e-08 0.10837 0.000593816 0.000839521 0.0428375 0.0312953 0.00134976 0.812085 0.00262855 
0.00333565 0.211882 4.02486e-06 0.098896 0.222289 0.0584313 0.00328773 0.398357 0.00351649 
4.63948e-05 0.00452637 1.02641e-05 0.0124868 0.209898 0.00488822 0.0723073 0.695824 1.33069e-05 
6.36067e-07 0.0524384 6.67094e-06 0.022855 0.00803284 0.0139932 0.000191197 0.898216 0.00426621 
0.000242709 0.0185372 2.67516e-09 0.00356559 0.00627097 0.0218433 4.54947e-07 0.949535 4.44883e-06 
0.00077928 0.0196911 0.000171674 0.0772808 0.340445 0.043869 0.016913 0.472493 0.0283576 
7.37112e-05 0.0235959 2.83969e-09 0.00291579 0.295647 0.187104 0.0230441 0.46761 9.29034e-06 
2.99247e-07 0.0211418 1.26129e-05 0.00452944 0.00405674 0.0170343 0.0828703 0.834286 0.0360688 
4.70341e-05 0.0323909 1.39631e-06 0.0128029 0.180594 0.0411946 0.0158215 0.717034 0.000113523 
0.0029321 0.076879 6.17087e-08 0.0641214 0.343726 0.109381 0.0140603 0.386963 0.00193675 
0.0158777 0.0465279 0.000237765 0.00121359 0.0710066 0.174366 0.0525146 0.638253 2.41961e-06 
2.99247e-07 0.0211418 1.26129e-05 0.00452944 0.00405674 0.0170343 0.0828703 0.834286 0.0360688 
1.5537e-10 0.0176361 1.48394e-07 0.00855395 0.0818705 0.00846344 0.0118996 0.871451 0.000125522 
3.79304e-10 0.365939 4.51362e-10 0.0908555 0.107742 0.0473572 0.000185268 0.387921 2.57002e-07 
0.000748408 0.0636128 4.60783e-05 0.041605 0.113645 0.0826923 0.0272769 0.669642 0.000731524 
0.000564937 0.00834414 6.35082e-06 0.00905585 0.160983 0.0154238 0.00928396 0.755483 0.0408549 
4.66172e-05 0.00855409 5.05476e-07 0.0941463 0.136408 0.0199423 0.000177272 0.722324 0.0184008 
6.19401e-06 0.000858985 1.69897e-06 0.0116008 0.200146 0.0186753 0.0651247 0.703558 2.87892e-05 
0.00183703 0.0590777 0.00079802 0.0129327 0.153021 0.11395 0.00386309 0.378248 0.276272 
0.00179591 0.156576 1.77792e-05 0.154789 0.151248 1.77911e-05 1.77896e-05 0.514174 0.0213632 
6.19401e-06 0.000858985 1.69897e-06 0.0116008 0.200146 0.0186753 0.0651247 0.703558 2.87892e-05 
2.27817e-07 0.00286734 5.34291e-08 0.00157236 0.0411066 0.0214189 0.0206498 0.912385 5.85487e-08 
0.00306753 0.328349 5.79339e-06 0.0477068 0.148978 0.00264089 0.00320086 0.44387 0.0221803 
5.03517e-06 0.00167936 0.000112649 2.51451e-07 0.203413 0.0262196 0.00255388 0.766011 4.86898e-06 
6.19401e-06 0.000858985 1.69897e-06 0.0116008 0.200146 0.0186753 0.0651247 0.703558 2.87892e-05 
6.42476e-05 0.129876 7.26865e-07 0.0884984 0.274112 0.111766 0.0376586 0.333426 0.0245971 
0.000564937 0.00834414 6.35082e-06 0.00905585 0.160983 0.0154238 0.00928396 0.755483 0.0408549 
0.0254595 0.0895168 0.00429633 0.0547896 0.277122 0.18669 0.0274222 0.322248 0.0124546 
0.00101508 0.0861572 4.39279e-05 0.1319 0.159716 0.0736243 0.181733 0.365392 0.000418474 
3.72637e-05 0.010794 8.13372e-06 0.000404867 0.351198 0.108032 0.0418891 0.487572 6.4911e-05 
0.00121795 0.0622751 0.00801142 0.0599467 0.330909 0.068012 0.0815848 0.387538 0.000505344 
0.000880238 0.29671 0.000388113 0.0145599 0.0684648 0.054258 0.0108727 0.553714 0.000151931 
0.000520099 0.462927 3.86577e-07 0.000633462 0.0336473 0.000679787 9.24223e-05 0.501405 9.47174e-05 
0.0277142 0.0838503 6.2998e-06 0.0376136 0.230354 0.201852 0.0044977 0.39488 0.0192315 
6.19401e-06 0.000858985 1.69897e-06 0.0116008 0.200146 0.0186753 0.0651247 0.703558 2.87892e-05 
7.86725e-05 0.00636629 1.60385e-06 0.00766906 0.141901 0.237201 0.0309808 0.575679 0.000121857 
6.13517e-05 0.0984882 0.000246443 0.0208118 0.248509 0.260986 0.00778952 0.363042 6.60335e-05 
4.94874e-05 0.036298 0.0118636 0.132415 0.109889 0.0494751 0.00221469 0.652103 0.0056931 
0.000678575 0.201125 0.000221243 0.024436 0.197295 0.0612954 0.00951053 0.477763 0.0276752 
0.00289244 0.0464034 0.00103448 0.0992045 0.154204 0.0550194 0.00170463 0.637118 0.00241821 
6.19401e-06 0.000858985 1.69897e-06 0.0116008 0.200146 0.0186753 0.0651247 0.703558 2.87892e-05 
0.00401035 0.0643263 6.56845e-06 0.0382759 0.325875 0.038507 0.00842629 0.516412 0.00416132 
0.235788 0.00106221 7.5899e-09 6.66771e-05 0.114439 0.0318867 0.00304558 0.613711 9.68678e-07 
2.79934e-05 0.000665905 1.98538e-08 0.0695862 0.3373 0.00170169 2.94279e-07 0.590711 6.94548e-06 
0.00384136 0.017416 0.000272752 0.0415584 0.331326 0.115238 0.015474 0.453889 0.020985 
6.19401e-06 0.000858985 1.69897e-06 0.0116008 0.200146 0.0186753 0.0651247 0.703558 2.87892e-05 
0.00422001 0.0405144 6.13187e-06 0.0352649 0.185944 0.197925 0.000417593 0.53563 7.68088e-05 
1.82184e-05 0.0154147 1.2453e-07 0.145492 0.186727 0.0331006 0.0369001 0.582346 1.17508e-06 
0.0123683 0.143352 6.50241e-06 0.0338513 0.0206293 0.0153156 6.69438e-05 0.774087 0.000323106 
0.000388147 0.0605369 0.00334855 0.023056 0.377771 0.0659853 0.00865556 0.459135 0.00112299 
0.00306753 0.328349 5.79339e-06 0.0477068 0.148978 0.00264089 0.00320086 0.44387 0.0221803 
2.42313e-05 0.00802337 3.01251e-05 0.0141786 0.0881498 0.02426 0.00475259 0.856063 0.00451882 
4.25614e-07 0.00748683 1.48577e-07 0.231978 0.103317 0.00122897 2.42005e-07 0.655805 0.000183673 
0.000162315 0.0229566 2.62613e-05 0.102615 0.0184547 0.0408654 0.000278273 0.814588 5.32802e-05 
9.88894e-05 0.0124736 1.76707e-05 0.00979773 0.254199 0.0730486 0.105273 0.543682 0.00140864 
1.96181e-06 0.328155 2.3345e-06 1.74143e-05 0.0963407 0.197187 4.62861e-05 0.378233 1.60353e-05 
0.212053 0.0694716 3.79435e-05 0.0311427 0.0442756 0.134176 0.0103289 0.449857 0.0486567 
0.00617108 0.122327 0.000111939 0.00425219 0.24074 0.00495924 0.00641342 0.61151 0.00351593 
2.99247e-07 0.0211418 1.26129e-05 0.00452944 0.00405674 0.0170343 0.0828703 0.834286 0.0360688 
0.0108971 0.0307493 0.0820793 0.00381281 0.307017 0.085802 0.0208037 0.452788 0.00605063 
0.00114742 0.0359271 0.00418203 0.0401099 0.345914 0.0375296 0.0170533 0.472862 0.0452746 
0.0001252 0.112329 2.40904e-05 0.109468 0.149133 0.0272987 0.000122536 0.59464 0.0068591 
4.0669e-05 0.00259231 3.91436e-06 0.0024198 0.162808 0.0159214 0.0197216 0.796456 3.57227e-05 
0.00238979 0.0774208 4.68818e-05 0.012507 0.0816028 0.0919524 0.00191577 0.724892 0.00727289 
0.00300048 0.102098 0.000167623 0.0736424 0.35472 0.0186731 0.00364936 0.443989 6.02041e-05 
6.19401e-06 0.000858985 1.69897e-06 0.0116008 0.200146 0.0186753 0.0651247 0.703558 2.87892e-05 
2.81415e-05 0.00775975 2.21183e-05 0.0039501 0.250659 0.0200824 0.0411759 0.67629 3.26896e-05 
3.35727e-05 0.00312212 3.91169e-06 0.00246502 0.169079 0.0144755 0.0167575 0.794025 3.81672e-05 
2.00137e-08 0.0016969 1.89312e-06 0.00714717 0.22853 0.0177341 0.000459185 0.744354 7.69095e-05 
0.00107822 0.0526174 0.0117487 0.16335 0.329776 0.0486354 0.0166661 0.360022 0.0161059 
6.23929e-08 0.0156696 0.00026632 0.00873099 0.284367 0.00442469 0.0173557 0.669163 2.29029e-05 
0.00283077 0.0982078 0.00125824 0.0323876 0.166406 0.025795 0.013581 0.658173 0.00136015 
7.60839e-08 0.030078 5.98779e-06 0.0435733 0.136238 0.362641 0.000488061 0.426317 0.000658706 
0.00437257 0.0689537 0.000101885 4.10319e-06 5.93773e-06 0.0199851 3.10992e-06 0.718274 0.188299 
4.59587e-05 0.047225 0.00012583 0.00584621 0.167902 0.0245651 9.74063e-05 0.754172 2.00963e-05 
0.00580196 0.122075 0.000186876 0.0315671 0.220271 0.146548 0.0138867 0.444192 0.0154716 
0.00266725 0.00740618 1.83217e-06 0.0953167 0.224731 0.00415183 0.00531571 0.617223 0.0431871 
9.68204e-05 0.00969767 1.27895e-05 0.00846099 0.32613 0.0352233 0.00737457 0.605039 0.00796527 
2.38687e-06 0.398827 3.65593e-09 0.00280401 0.0219592 0.0030949 7.70228e-10 0.572933 0.000379787 
6.19401e-06 0.000858985 1.69897e-06 0.0116008 0.200146 0.0186753 0.0651247 0.703558 2.87892e-05 
0.00170552 0.130501 2.25283e-08 0.0308132 0.280178 0.0634408 0.00222465 0.491011 0.000126086 
0.235788 0.00106221 7.5899e-09 6.66771e-05 0.114439 0.0318867 0.00304558 0.613711 9.68678e-07 
5.98122e-07 0.079888 1.64099e-07 0.0694425 0.177607 0.0164674 7.93123e-05 0.656054 0.000460972 
0.00320035 0.0374284 0.00034816 0.0782462 0.36284 0.0363281 0.0131398 0.467145 0.00132357 
6.19401e-06 0.000858985 1.69897e-06 0.0116008 0.200146 0.0186753 0.0651247 0.703558 2.87892e-05 
6.19401e-06 0.000858985 1.69897e-06 0.0116008 0.200146 0.0186753 0.0651247 0.703558 2.87892e-05 
0.021909 0.0495603 7.19506e-05 0.0770728 0.305481 0.0718348 0.0163829 0.453109 0.00457808 
0.00067088 0.0437164 9.6109e-06 0.0400852 0.135982 0.0365732 0.00430476 0.718551 0.0201068 
8.19471e-05 0.0135206 1.79015e-05 0.00843286 0.391049 0.041132 0.00983988 0.528993 0.00693222 
0.0168289 0.0300382 3.93282e-06 0.0725411 0.263877 0.0600957 0.00495581 0.543327 0.00833242 
2.99247e-07 0.0211418 1.26129e-05 0.00452944 0.00405674 0.0170343 0.0828703 0.834286 0.0360688 
6.19401e-06 0.000858985 1.69897e-06 0.0116008 0.200146 0.0186753 0.0651247 0.703558 2.87892e-05 
3.42357e-07 0.0163641 2.55309e-09 0.0680442 0.0598894 0.0215389 1.51479e-05 0.834121 2.73092e-05 
0.0318141 0.0577736 5.2031e-05 0.0774431 0.316305 0.0388323 0.0555173 0.38596 0.0363027 
6.19401e-06 0.000858985 1.69897e-06 0.0116008 0.200146 0.0186753 0.0651247 0.703558 2.87892e-05 
6.19401e-06 0.000858985 1.69897e-06 0.0116008 0.200146 0.0186753 0.0651247 0.703558 2.87892e-05 
2.00137e-08 0.0016969 1.89312e-06 0.00714717 0.22853 0.0177341 0.000459185 0.744354 7.69095e-05 
1.58413e-10 0.271127 0.197727 6.89084e-08 0.156841 0.0160204 5.95596e-05 0.358223 1.74445e-06 
1.67821e-05 0.0375939 5.70362e-05 0.151468 0.0442999 0.0621028 8.26358e-07 0.456159 0.248301 
0.000242709 0.0185372 2.67516e-09 0.00356559 0.00627097 0.0218433 4.54947e-07 0.949535 4.44883e-06 
8.25103e-06 0.0291644 1.17631e-05 0.0394618 0.1448 0.0360164 0.000437755 0.749933 0.000166558 
0.00199842 0.0292853 0.000284325 0.0240543 0.108489 0.0195566 0.0101319 0.789351 0.0168492 
2.75238e-05 0.000900935 1.70394e-06 0.0101304 0.241572 0.01409 0.000429815 0.724893 0.007955 
0.00261978 0.0611915 7.15819e-06 0.0337976 0.143709 0.0327892 0.00603569 0.714989 0.0048613 
2.99247e-07 0.0211418 1.26129e-05 0.00452944 0.00405674 0.0170343 0.0828703 0.834286 0.0360688 
0.00010255 0.0123095 1.82312e-05 0.0096601 0.269544 0.0629363 0.0832577 0.559485 0.00268681 
8.25103e-06 0.0291644 1.17631e-05 0.0394618 0.1448 0.0360164 0.000437755 0.749933 0.000166558 
2.99247e-07 0.0211418 1.26129e-05 0.00452944 0.00405674 0.0170343 0.0828703 0.834286 0.0360688 
6.19401e-06 0.000858985 1.69897e-06 0.0116008 0.200146 0.0186753 0.0651247 0.703558 2.87892e-05 
6.19401e-06 0.000858985 1.69897e-06 0.0116008 0.200146 0.0186753 0.0651247 0.703558 2.87892e-05 
0.00419799 0.0822066 1.10197e-06 0.10236 0.338464 0.0839803 0.0291622 0.354853 0.00477393 
0.00189139 0.139274 0.000681963 0.0465648 0.157204 0.097139 0.00759415 0.45195 0.0977012 
0.000619429 0.0519029 0.00011959 0.02368 0.212488 0.107695 0.00722178 0.582678 0.0135953 
6.19401e-06 0.000858985 1.69897e-06 0.0116008 0.200146 0.0186753 0.0651247 0.703558 2.87892e-05 
0.0730801 0.0764525 5.9436e-05 0.00111621 0.18691 0.140708 0.00947861 0.508186 0.00400931 
6.19401e-06 0.000858985 1.69897e-06 0.0116008 0.200146 0.0186753 0.0651247 0.703558 2.87892e-05 
9.49219e-06 0.0136057 6.03252e-05 0.0431656 0.436031 0.055326 0.00639111 0.441144 0.00426729 
0.00478158 0.0747979 2.63704e-05 0.0378504 0.13936 0.0223704 0.00234854 0.712294 0.0061708 
0.000457843 0.0884754 0.000129831 0.0161557 0.291914 0.0569879 0.013274 0.511633 0.0209727 
0.00100307 0.163241 0.000626336 0.0241424 0.0975743 0.0534905 0.0131303 0.646474 0.00031745 
9.47783e-05 0.0265392 6.79349e-06 0.208465 0.280502 0.0275954 0.000300137 0.456391 0.000105786 
0.000598253 0.233958 0.00460257 0.0555877 0.233266 0.138237 0.0150771 0.309937 0.00873581 
0.00120256 0.0451974 0.00089193 0.0518392 0.19452 0.017176 0.0142366 0.663765 0.011171 
0.00149092 0.0338873 6.95751e-06 0.0240941 0.0988858 0.132323 0.0038313 0.705476 4.15083e-06 
0.000267333 0.277089 4.45345e-05 0.0276999 0.15718 0.0326177 0.000127482 0.504762 0.000212713 
6.19401e-06 0.000858985 1.69897e-06 0.0116008 0.200146 0.0186753 0.0651247 0.703558 2.87892e-05 
0.00441766 0.0624549 3.75653e-06 0.249943 0.229065 0.0903051 0.00672631 0.356541 0.000543893 
1.19697e-05 0.0116488 5.89995e-06 0.00093613 0.344769 0.0196417 0.000546053 0.359219 0.263222 
0.0138985 0.0905372 4.61193e-05 0.0741662 0.338488 0.0520754 0.0246132 0.371381 0.0347949 
0.00110819 0.160636 1.53226e-05 0.0729077 0.230619 0.0550626 0.00623115 0.473361 5.94617e-05 
1.34272e-09 0.0127638 1.85542e-05 0.00176188 0.368909 0.00509095 0.0751163 0.536298 4.20876e-05 
9.88894e-05 0.0124736 1.76707e-05 0.00979773 0.254199 0.0730486 0.105273 0.543682 0.00140864 
2.99247e-07 0.0211418 1.26129e-05 0.00452944 0.00405674 0.0170343 0.0828703 0.834286 0.0360688 
3.68861e-11 0.0240488 1.01415e-05 0.0064689 0.420974 0.00154899 0.000946249 0.545173 0.000829248 
0.00180234 0.176437 1.96928e-05 0.0258135 0.0945906 0.00146377 0.00178587 0.685823 0.0122649 
0.00437257 0.0689537 0.000101885 4.10319e-06 5.93773e-06 0.0199851 3.10992e-06 0.718274 0.188299 
0.00123742 0.0723175 0.00030729 0.0435998 0.436684 0.00401191 0.000433184 0.439341 0.00206819 
1.50039e-08 0.00416501 6.67132e-10 0.0932064 0.29292 0.00566141 0.00619592 0.597851 8.5206e-13 
6.19401e-06 0.000858985 1.69897e-06 0.0116008 0.200146 0.0186753 0.0651247 0.703558 2.87892e-05 
6.19401e-06 0.000858985 1.69897e-06 0.0116008 0.200146 0.0186753 0.0651247 0.703558 2.87892e-05 
6.19401e-06 0.000858985 1.69897e-06 0.0116008 0.200146 0.0186753 0.0651247 0.703558 2.87892e-05 
0.00061093 0.0444161 5.27633e-06 0.114167 0.15029 0.166691 0.00375419 0.519883 0.000182231 
0.0132814 0.0480642 0.0096167 0.0311394 0.175076 0.0200454 0.000165555 0.702233 0.000378563 
6.19401e-06 0.000858985 1.69897e-06 0.0116008 0.200146 0.0186753 0.0651247 0.703558 2.87892e-05 
6.19401e-06 0.000858985 1.69897e-06 0.0116008 0.200146 0.0186753 0.0651247 0.703558 2.87892e-05 
0.00010255 0.0123095 1.82312e-05 0.0096601 0.269544 0.0629363 0.0832577 0.559485 0.00268681 
3.37518e-08 0.10837 0.000593816 0.000839521 0.0428375 0.0312953 0.00134976 0.812085 0.00262855 
0.000950821 0.241994 2.70366e-06 0.00698516 0.259413 0.0136805 0.00086009 0.455423 0.0206909 
0.000699332 0.0170433 0.000433823 0.00826496 0.427835 0.0693248 0.011595 0.464239 0.000565165 
3.37518e-08 0.10837 0.000593816 0.000839521 0.0428375 0.0312953 0.00134976 0.812085 0.00262855 
0.000480989 0.0883449 9.38735e-05 0.027887 0.066455 0.0262102 0.00706983 0.782844 0.000613826 
0.00219367 0.138116 0.000603616 0.242451 0.191826 0.116086 0.0100223 0.2986 0.000101876 
8.19471e-05 0.0135206 1.79015e-05 0.00843286 0.391049 0.041132 0.00983988 0.528993 0.00693222 
6.19401e-06 0.000858985 1.69897e-06 0.0116008 0.200146 0.0186753 0.0651247 0.703558 2.87892e-05 
4.72045e-08 0.00202999 6.254e-07 0.00730481 0.136792 0.000515349 0.0018238 0.850606 0.000927614 
6.19401e-06 0.000858985 1.69897e-06 0.0116008 0.200146 0.0186753 0.0651247 0.703558 2.87892e-05 
0.000990099 0.146703 1.51814e-05 0.195105 0.182848 0.00141676 0.0267134 0.432778 0.0134309 
1.52864e-08 2.89464e-05 1.81905e-08 1.84745e-05 0.000272451 0.000106962 1.6591e-05 0.999557 6.36772e-09 
0.00254781 0.0813144 0.000610457 0.0204311 0.0712067 0.332604 0.0025203 0.488623 0.000141481 
1.90578e-07 0.061201 0.000181397 0.0109702 0.0902836 0.0481527 0.181831 0.58504 0.0223396 
2.03944e-07 0.00716872 3.59791e-06 0.00177194 0.174745 0.0268179 0.0211554 0.768327 9.58299e-06 
5.88175e-11 0.024404 6.98246e-08 0.00307567 0.211536 0.0395195 0.000912282 0.720552 3.72336e-08 
0.000293902 0.168702 8.97976e-07 0.144379 0.0785073 0.204445 0.0104459 0.392967 0.000258417 
0.00106756 0.0324786 1.50036e-05 0.114504 0.175376 0.180445 0.0190214 0.472902 0.00418991 
0.000417905 0.153583 0.00179806 0.0246242 0.273421 0.245624 0.00501862 0.295466 4.6939e-05 
8.77169e-08 0.0911057 2.19443e-05 0.167888 0.267414 0.0223273 0.0840598 0.367108 7.44759e-05 
0.00290999 0.0419822 0.00013774 0.137915 0.262569 0.020943 0.012887 0.517611 0.00304522 
5.25472e-06 0.0339148 8.14597e-07 0.0547172 0.271717 0.10599 0.00117408 0.532409 7.09603e-05 
0.00199717 0.00527164 1.00125e-07 0.0187261 0.0914901 0.00344365 3.00343e-05 0.879037 4.14383e-06 
5.87234e-05 0.416356 8.15641e-06 0.00419167 0.124675 0.00493017 0.00183295 0.442787 0.00516009 
3.79595e-07 0.00248278 3.14074e-07 1.00593e-05 0.304398 0.001826 0.000784425 0.690498 3.20924e-07 
0.000564937 0.00834414 6.35082e-06 0.00905585 0.160983 0.0154238 0.00928396 0.755483 0.0408549 
0.00030356 0.00695497 2.45583e-06 0.0141682 0.279754 0.00698294 6.19423e-06 0.691819 9.33268e-06 
0.000400016 0.00778399 1.75188e-05 0.0102184 0.223722 0.0109978 0.00349088 0.379555 0.363815 
4.59187e-06 0.0412676 0.0206117 0.000734118 0.0902107 0.220081 0.0373594 0.589699 3.11901e-05 
6.19401e-06 0.000858985 1.69897e-06 0.0116008 0.200146 0.0186753 0.0651247 0.703558 2.87892e-05 
0.000128554 0.0217477 0.000196919 0.0829279 0.350487 0.0804553 0.00341727 0.433098 0.0275417 
0.0152724 0.0261176 0.000106256 0.0070153 0.302776 0.0813744 0.0118611 0.55356 0.00191672 
0.00831936 0.18737 0.000696101 0.0306832 0.159914 0.0309859 0.00329808 0.558014 0.0207191 
0.000940327 0.00640551 1.78176e-05 0.00459006 0.265361 0.0463257 0.00182021 0.67448 5.91055e-05 
3.40513e-10 0.199314 1.50129e-06 0.000399422 0.0428377 0.0356161 0.000780848 0.721051 1.41844e-10 
0.00306753 0.328349 5.79339e-06 0.0477068 0.148978 0.00264089 0.00320086 0.44387 0.0221803 
2.99247e-07 0.0211418 1.26129e-05 0.00452944 0.00405674 0.0170343 0.0828703 0.834286 0.0360688 
0.00348414 0.152877 1.65341e-05 0.0699639 0.141068 0.0601665 0.0140444 0.486898 0.0714825 
0.00134946 0.149313 0.00044756 0.0266862 0.130065 0.334767 0.00250574 0.354833 3.29361e-05 
0.000107243 0.180374 0.00324424 0.0177485 0.231422 0.128666 0.0208246 0.397522 0.0200923 
1.54998e-06 0.00182849 2.13177e-07 0.00158048 0.077617 0.0167964 0.0102642 0.891898 1.40391e-05 
0.0017482 0.0309656 0.00125574 0.0289607 0.0940449 0.0232373 0.00750328 0.810363 0.00192145 
5.85741e-08 0.0392874 3.61221e-06 0.00166257 0.0218843 0.00513438 0.00292698 0.929101 1.2778e-07 
0.00542024 0.00650715 3.09692e-06 0.00695133 0.341591 0.0112104 0.000968671 0.621548 0.00580035 
0.000193942 0.0680528 0.00035129 0.0126259 0.185122 0.19795 0.0309579 0.504577 0.000169661 
0.000815597 0.175407 0.000559691 0.0990372 0.0919754 0.115395 0.07035 0.44646 3.78475e-07 
8.71915e-05 0.0127122 0.00162176 0.0991972 0.210957 0.0161944 0.00318614 0.655868 0.000175863 
0.000166907 0.15967 0.00557615 0.095231 0.216657 0.183064 0.021439 0.31817 2.60851e-05 
2.42313e-05 0.00802337 3.01251e-05 0.0141786 0.0881498 0.02426 0.00475259 0.856063 0.00451882 
0.254961 0.100154 0.00733072 0.0560569 0.165499 0.00304627 0.000438406 0.380026 0.0324877 
2.42313e-05 0.00802337 3.01251e-05 0.0141786 0.0881498 0.02426 0.00475259 0.856063 0.00451882 
3.6572e-09 0.00691186 0.000160805 0.22681 0.238747 0.254983 0.000228971 0.27208 7.78145e-05 
0.00138227 0.171302 3.42328e-06 0.152908 0.145461 0.0741292 0.00206986 0.259992 0.192753 
0.00230029 0.0279358 9.22461e-06 0.0426418 0.160793 0.152816 0.00166605 0.611797 4.14394e-05 
0.00132789 0.0387424 0.000782853 0.0175961 0.145413 0.131132 0.00101203 0.64868 0.0153133 
0.00345232 0.108142 0.00212407 0.0400113 0.0942213 0.0181472 0.00799892 0.72565 0.000253128 
0.00102406 0.00036364 5.00729e-07 0.119489 0.232493 0.00577503 0.0323712 0.608372 0.000112462 
1.9252e-06 0.0197814 7.93879e-05 0.00136066 0.111748 0.0286769 0.00597862 0.832254 0.000118678 
4.43367e-08 0.0153012 1.25617e-06 2.24071e-10 0.00702841 0.0310238 0.0135705 0.932879 0.000196213 
1.79953e-05 0.0186855 9.98882e-06 0.006496 0.0633543 0.117298 0.0210796 0.773029 2.92733e-05 
0.00120356 0.061559 0.000615286 0.0486703 0.189896 0.0329549 0.00582707 0.650691 0.00858319 
0.00161932 0.0223321 2.40296e-05 0.0536294 0.279274 0.0446558 0.0203184 0.535556 0.0425909 
5.49108e-05 0.00527818 9.30136e-07 0.00689455 0.419383 0.0305506 0.000946531 0.536272 0.00061908 
0.000448449 0.152146 0.00124204 0.0496154 0.170917 0.240059 0.125916 0.249439 0.0102173 
0.00398302 0.036717 0.00844283 0.0231204 0.339819 0.0438718 0.00830883 0.529753 0.00598403 
0.000983753 0.0294888 2.08487e-05 0.0498175 0.244205 0.0272449 0.0206354 0.379349 0.248254 
0.0916148 0.0232508 1.2857e-07 0.17311 0.308923 0.0737646 1.37428e-05 0.329022 0.000301634 
0.00093672 0.0225902 0.000241988 0.034889 0.088642 0.0228056 0.0121068 0.79042 0.0273679 
2.99247e-07 0.0211418 1.26129e-05 0.00452944 0.00405674 0.0170343 0.0828703 0.834286 0.0360688 
3.95799e-08 0.00799791 1.69659e-05 0.000498577 0.0303239 0.00294908 1.31547e-05 0.958198 2.63929e-06 
6.78237e-05 0.0192698 8.08888e-06 0.0154706 0.188819 0.0555491 0.00904991 0.710033 0.00173366 
6.19401e-06 0.000858985 1.69897e-06 0.0116008 0.200146 0.0186753 0.0651247 0.703558 2.87892e-05 
5.07752e-06 0.360892 5.51884e-10 0.074129 0.0223637 0.0251256 4.71522e-05 0.517406 3.16862e-05 
3.1884e-05 0.0055551 2.50727e-05 0.22239 0.278986 0.0786119 0.104677 0.309685 3.76566e-05 
0.00420234 0.0726779 0.136211 0.048297 0.207025 0.0254958 0.0022988 0.502947 0.000844926 
9.82514e-05 0.00916846 2.06663e-05 0.0176146 0.146936 0.0681422 0.00807533 0.749913 3.19225e-05 
0.00253836 0.0637099 1.004e-05 0.107447 0.325493 0.0885476 0.00430398 0.402232 0.00571854 
0.000272208 0.129134 0.0117809 0.0747183 0.120911 0.0366541 0.00409395 0.622211 0.000224676 
0.0208692 0.00559719 0.00484732 0.0538003 0.12775 0.00673998 0.000806725 0.77938 0.000209498 
0.0102236 0.246891 0.103885 0.0111917 0.184104 0.0867787 0.00257795 0.353154 0.00119443 
0.00160769 0.0499505 2.47316e-06 0.0193564 0.162114 0.0177374 4.36596e-06 0.749193 3.41497e-05 
0.000580048 0.0130939 0.00010768 0.0701838 0.092458 0.0367441 0.0023592 0.78433 0.000143363 
0.00597114 0.164374 0.00127699 0.0567381 0.291775 0.074836 0.0276971 0.369123 0.00820884 
5.19299e-05 0.0204884 7.23749e-05 0.0365544 0.447982 0.0278459 0.00390284 0.462992 0.00011014 
1.44343e-06 0.000404416 9.7346e-06 0.00207533 0.000509879 0.00124417 8.37617e-05 0.995671 6.01274e-07 
9.68204e-05 0.00969767 1.27895e-05 0.00846099 0.32613 0.0352233 0.00737457 0.605039 0.00796527 
0.000144542 0.0311408 0.0134624 0.0431483 0.183218 0.0980429 0.00380363 0.480425 0.146614 
0.000239507 0.082764 0.000453441 0.0168563 0.115342 0.0225404 0.00780248 0.753515 0.000486521 
2.99247e-07 0.0211418 1.26129e-05 0.00452944 0.00405674 0.0170343 0.0828703 0.834286 0.0360688 
1.74924e-08 0.00131292 5.44235e-06 0.00188294 0.138316 0.000913208 0.000313568 0.857217 3.91879e-05 
2.42313e-05 0.00802337 3.01251e-05 0.0141786 0.0881498 0.02426 0.00475259 0.856063 0.00451882 
5.78844e-10 0.0311873 8.97928e-06 0.00282556 0.24419 0.0110948 0.00477006 0.705921 2.07624e-06 
0.000678575 0.201125 0.000221243 0.024436 0.197295 0.0612954 0.00951053 0.477763 0.0276752 
8.71915e-05 0.0127122 0.00162176 0.0991972 0.210957 0.0161944 0.00318614 0.655868 0.000175863 
0.000117124 0.146865 0.000239345 0.0141039 0.283405 0.0103281 0.000618607 0.544314 8.80373e-06 
6.19401e-06 0.000858985 1.69897e-06 0.0116008 0.200146 0.0186753 0.0651247 0.703558 2.87892e-05 
0.0382107 0.011292 0.000104063 0.109213 0.145167 0.0204171 0.00152567 0.673331 0.000739829 
0.00171989 0.00919818 8.71728e-08 0.190725 0.06371 0.0947515 0.00029932 0.639067 0.000529491 
3.37518e-08 0.10837 0.000593816 0.000839521 0.0428375 0.0312953 0.00134976 0.812085 0.00262855 
0.00163293 0.0544501 0.00120291 0.0229271 0.268592 0.019655 0.0512656 0.511921 0.0683536 
6.19401e-06 0.000858985 1.69897e-06 0.0116008 0.200146 0.0186753 0.0651247 0.703558 2.87892e-05 
0.000643419 0.01603 0.00475686 0.0152422 0.254537 0.0138125 0.00230409 0.657686 0.0349876 
0.000355691 0.181307 0.00759593 0.065812 0.070161 0.112514 0.0133991 0.54884 1.50867e-05 
2.99247e-07 0.0211418 1.26129e-05 0.00452944 0.00405674 0.0170343 0.0828703 0.834286 0.0360688 
0.000102959 0.0477636 0.00143311 0.0455455 0.319695 0.0898047 0.0141986 0.481344 0.000112576 
1.60228e-06 0.0141908 3.02667e-07 0.0890751 0.350448 0.101137 0.0295421 0.415401 0.000204136 
0.00103811 0.0190027 6.89877e-06 0.00938269 0.0335822 0.00644716 0.383789 0.38566 0.161091 
0.00247217 0.0478671 0.00138421 0.0440881 0.138311 0.0815678 0.00197882 0.682234 9.7311e-05 
6.19401e-06 0.000858985 1.69897e-06 0.0116008 0.200146 0.0186753 0.0651247 0.703558 2.87892e-05 
0.00597788 0.0410105 1.28885e-06 0.0435408 0.411882 0.0686925 0.000790716 0.42807 3.39514e-05 
0.000162783 0.0135338 1.8511e-05 0.039745 0.199817 0.176082 0.124899 0.445603 0.000138293 
2.62584e-06 0.0426285 8.74744e-07 0.0055517 0.391582 0.00327371 0.0165157 0.540439 6.15029e-06 
3.12666e-05 0.00106151 1.66254e-07 0.00702797 0.277159 0.0337883 0.00096862 0.679948 1.48962e-05 
0.000597461 0.208404 1.30819e-07 0.0650517 0.0434494 0.0621111 0.000913682 0.615934 0.0035381 
6.19401e-06 0.000858985 1.69897e-06 0.0116008 0.200146 0.0186753 0.0651247 0.703558 2.87892e-05 
0.00131732 0.00692608 2.86177e-06 0.164769 0.40327 0.00101224 0.010384 0.412294 2.46288e-05 
0.00306753 0.328349 5.79339e-06 0.0477068 0.148978 0.00264089 0.00320086 0.44387 0.0221803 
6.19401e-06 0.000858985 1.69897e-06 0.0116008 0.200146 0.0186753 0.0651247 0.703558 2.87892e-05 
6.19401e-06 0.000858985 1.69897e-06 0.0116008 0.200146 0.0186753 0.0651247 0.703558 2.87892e-05 
0.0248236 0.0509168 0.000662477 0.0268895 0.297463 0.0844986 0.0031329 0.509595 0.00201833 
0.00306753 0.328349 5.79339e-06 0.0477068 0.148978 0.00264089 0.00320086 0.44387 0.0221803 
0.000749991 0.00510716 2.47971e-06 0.0389103 0.317662 0.0775216 0.00170432 0.558297 4.55253e-05 
0.00101292 0.016446 0.000102787 0.0139799 0.0551991 0.048207 0.00103946 0.863987 2.62474e-05 
8.19471e-05 0.0135206 1.79015e-05 0.00843286 0.391049 0.041132 0.00983988 0.528993 0.00693222 
0.0587784 0.0484577 0.00015537 0.0012104 0.0422884 0.223341 0.0532799 0.572488 7.99417e-07 
0.00056844 0.059171 0.000112891 0.174719 0.229417 0.0459687 0.0505039 0.413682 0.0258582 
4.56991e-07 0.0631475 9.58995e-05 0.072381 0.213254 0.190995 0.0338569 0.426177 9.20343e-05 
6.19401e-06 0.000858985 1.69897e-06 0.0116008 0.200146 0.0186753 0.0651247 0.703558 2.87892e-05 
2.64801e-05 0.00226911 3.28128e-07 0.00653059 0.109208 0.118262 0.00064069 0.757075 0.00598778 
0.00189764 0.168654 2.34988e-05 0.175926 0.076526 0.0870789 0.00353136 0.486272 9.05618e-05 
0.0587784 0.0484577 0.00015537 0.0012104 0.0422884 0.223341 0.0532799 0.572488 7.99417e-07 
0.00168248 0.0136092 3.47347e-05 0.0197782 0.148417 0.0100067 0.00338678 0.722607 0.0804775 
0.000507133 0.0309494 0.00254493 0.00652436 0.111077 0.0103583 0.000994807 0.832324 0.00472056 
0.0069284 0.0253989 0.000317815 0.164193 0.240772 0.0151981 0.000174674 0.546722 0.000294515 
2.75238e-05 0.000900935 1.70394e-06 0.0101304 0.241572 0.01409 0.000429815 0.724893 0.007955 
4.89012e-08 1.63465e-05 5.81911e-08 1.50585e-05 6.83605e-06 9.07917e-06 1.22597e-08 0.999953 2.03703e-08 
0.0920079 0.029482 2.3355e-06 0.0594809 0.227529 0.0147264 0.0406046 0.536093 7.41701e-05 
3.37518e-08 0.10837 0.000593816 0.000839521 0.0428375 0.0312953 0.00134976 0.812085 0.00262855 
1.92128e-07 0.00375469 1.76263e-06 0.0419602 0.318849 0.00417805 0.00586914 0.625384 2.71873e-06 
0.000132209 0.00832936 9.14095e-06 0.0110579 0.232111 0.0176859 0.000674114 0.716391 0.0136097 
3.37518e-08 0.10837 0.000593816 0.000839521 0.0428375 0.0312953 0.00134976 0.812085 0.00262855 
0.00178753 0.171641 0.000235487 0.0631531 0.288509 0.0590962 0.00997935 0.398429 0.00716882 
0.00102369 0.160241 0.000727324 0.013593 0.207861 0.174713 0.00597086 0.43443 0.00144005 
0.00089081 0.149933 0.00473393 0.0395447 0.202752 0.129568 0.00753334 0.464259 0.000784397 
2.75238e-05 0.000900935 1.70394e-06 0.0101304 0.241572 0.01409 0.000429815 0.724893 0.007955 
5.55209e-05 0.229479 3.68494e-05 0.0316398 0.0876514 0.119439 0.0084953 0.523099 0.000105011 
0.0164969 0.0483504 3.42075e-06 0.274643 0.303266 0.0355823 0.000588157 0.320779 0.000290617 
0.000130704 0.109552 3.56397e-07 0.199738 0.186676 0.131929 0.000206515 0.370562 0.0012052 
2.99247e-07 0.0211418 1.26129e-05 0.00452944 0.00405674 0.0170343 0.0828703 0.834286 0.0360688 
6.67405e-05 0.00971852 1.90267e-05 0.00606786 0.279512 0.0294669 0.00711077 0.66304 0.00499894 
9.68204e-05 0.00969767 1.27895e-05 0.00846099 0.32613 0.0352233 0.00737457 0.605039 0.00796527 
6.61841e-07 0.00404661 1.70783e-06 0.0145305 0.222654 0.0163349 0.00223644 0.739625 0.000570178 
0.0198471 0.176108 1.59261e-05 0.0759548 0.19218 0.0724765 0.00175289 0.379104 0.082561 
6.19401e-06 0.000858985 1.69897e-06 0.0116008 0.200146 0.0186753 0.0651247 0.703558 2.87892e-05 
0.000229236 0.00481278 1.39628e-05 0.0031384 0.0470333 0.00190251 0.00826959 0.933727 0.000873181 
2.75238e-05 0.000900935 1.70394e-06 0.0101304 0.241572 0.01409 0.000429815 0.724893 0.007955 
0.00373815 0.165102 0.000202762 0.128726 0.0875166 0.135669 0.000359136 0.478665 2.16701e-05 
3.46475e-08 0.0776255 2.77784e-05 0.00541716 0.365636 0.125044 0.0389673 0.387269 1.36042e-05 
8.25103e-06 0.0291644 1.17631e-05 0.0394618 0.1448 0.0360164 0.000437755 0.749933 0.000166558 
0.00119997 0.0330264 2.61172e-06 0.0256541 0.161214 0.0495177 0.00121306 0.727689 0.000483537 
9.68204e-05 0.00969767 1.27895e-05 0.00846099 0.32613 0.0352233 0.00737457 0.605039 0.00796527 
0.0189303 0.131747 0.0291358 0.0161474 0.222767 0.103766 0.00945649 0.466014 0.00203548 
1.53973e-10 0.28896 0.0988886 0.00373225 0.183141 0.0689313 2.98163e-05 0.356316 1.09131e-06 
2.9564e-05 0.0792078 2.26071e-05 0.0305314 0.299446 0.0617515 0.0218519 0.50688 0.000279066 
0.00437257 0.0689537 0.000101885 4.10319e-06 5.93773e-06 0.0199851 3.10992e-06 0.718274 0.188299 
0.000214247 0.0450528 0.00020205 0.0121884 0.161301 0.199482 0.0346607 0.546896 3.14475e-06 
1.51413e-08 0.00117754 1.28264e-07 9.00614e-05 0.306676 0.000236585 2.6618e-06 0.691817 1.09484e-08 
6.19401e-06 0.000858985 1.69897e-06 0.0116008 0.200146 0.0186753 0.0651247 0.703558 2.87892e-05 
0.000104748 0.246172 0.000226632 0.0770033 0.210592 0.0519727 0.00288184 0.411041 6.46084e-06 
3.55978e-08 0.0223659 6.74576e-09 0.00672271 0.394557 0.0417727 0.00207864 0.52058 0.0119226 
0.195161 0.0275306 1.98405e-07 0.10173 0.0721018 0.0100329 0.00870395 0.462865 0.121874 
0.000564937 0.00834414 6.35082e-06 0.00905585 0.160983 0.0154238 0.00928396 0.755483 0.0408549 
0.0012163 0.241775 6.17741e-06 0.016433 0.0344175 0.0353254 0.164414 0.427489 0.0789237 
6.19401e-06 0.000858985 1.69897e-06 0.0116008 0.200146 0.0186753 0.0651247 0.703558 2.87892e-05 
0.00136833 0.0379522 7.18511e-05 0.0342044 0.199448 0.0238588 0.000241892 0.702765 8.91177e-05 
0.00219257 0.00474052 0.00106023 0.11258 0.0827872 0.00745625 4.62398e-05 0.789051 8.55038e-05 
0.00862091 0.0374128 0.000447174 0.0359829 0.4096 0.0559851 0.00398189 0.447808 0.000160998 
0.00168248 0.0136092 3.47347e-05 0.0197782 0.148417 0.0100067 0.00338678 0.722607 0.0804775 
7.14507e-08 0.170575 8.50245e-08 0.211681 0.0719243 0.0285816 0.000405889 0.516805 2.7211e-05 
0.00063077 0.026279 3.2521e-05 0.245122 0.169122 0.0155266 0.0140009 0.493673 0.0356137 
0.000656772 0.0648264 0.000433317 0.0978184 0.190522 0.153685 0.00169712 0.490286 7.48221e-05 
0.023375 0.0231549 8.78244e-06 0.0197408 0.113074 0.0144827 0.0121803 0.770575 0.023409 
0.000321238 0.0739751 0.000175616 0.0288008 0.0303403 0.0178697 0.000149739 0.835451 0.0129171 
0.00286118 0.0785203 0.00012203 0.0234256 0.234354 0.0351558 0.00838309 0.616988 0.000190426 
1.74534e-05 0.0350055 5.78612e-07 0.0278053 0.176671 0.198958 0.0200124 0.541433 9.72477e-05 
0.000234467 0.2449 7.02405e-06 0.0783948 0.193047 0.12515 0.000610382 0.357642 1.38991e-05 
6.19401e-06 0.000858985 1.69897e-06 0.0116008 0.200146 0.0186753 0.0651247 0.703558 2.87892e-05 
0.000455324 0.00290208 1.48633e-06 0.0148427 0.230056 0.0141086 0.0216765 0.681383 0.0345744 
0.000678575 0.201125 0.000221243 0.024436 0.197295 0.0612954 0.00951053 0.477763 0.0276752 
0.00188493 0.0320716 4.9118e-05 0.0476793 0.274796 0.15835 0.00947931 0.475575 0.000114698 
0.000210441 0.256675 7.73537e-05 0.100285 0.240249 0.0904867 0.046745 0.265006 0.00026595 
6.19401e-06 0.000858985 1.69897e-06 0.0116008 0.200146 0.0186753 0.0651247 0.703558 2.87892e-05 
2.42313e-05 0.00802337 3.01251e-05 0.0141786 0.0881498 0.02426 0.00475259 0.856063 0.00451882 
0.000200166 0.0724213 1.58639e-05 0.123498 0.376137 0.0271498 0.00481817 0.393904 0.00185576 
1.2332e-05 0.0305582 1.13336e-05 0.00014311 0.253692 0.0671988 0.00893683 0.639421 2.65047e-05 
0.00147086 0.00747145 1.74061e-05 0.0728972 0.281869 0.00665923 0.00879501 0.61046 0.0103594 
5.1996e-06 0.094867 9.48816e-05 0.0131735 0.0293821 0.38399 0.00879559 0.46962 7.23914e-05 
0.000193895 0.290869 1.94325e-05 0.00987592 0.185982 0.0531711 0.0135303 0.446273 8.5325e-05 
0.000242709 0.0185372 2.67516e-09 0.00356559 0.00627097 0.0218433 4.54947e-07 0.949535 4.44883e-06 
0.00163293 0.0544501 0.00120291 0.0229271 0.268592 0.019655 0.0512656 0.511921 0.0683536 
3.00129e-05 0.0517904 4.09917e-05 0.0701545 0.022907 0.0967898 0.00269644 0.75556 3.06951e-05 
