0.333651 0.0343998 0.0307896 0.0171396 0.000423833 0.00232708 0.0339652 0.330147 0.107057 0.1101 
0.562091 0.0158681 0.0424367 0.0542053 0.000354494 0.0007372 0.00210327 0.11418 0.200199 0.00782534 
0.372579 0.0108261 0.0104131 0.0058071 0.00010111 0.00300714 0.0362829 0.278865 0.208277 0.073841 
0.480833 0.0741567 0.0276598 0.00555372 0.0724118 0.00171142 0.0412894 0.219939 0.0680649 0.0083807 
0.404382 0.0190096 0.00312021 0.01331 6.17775e-05 0.00149688 0.032104 0.207411 0.0490264 0.270078 
0.387673 0.0979314 0.0220784 0.0066956 2.7481e-05 0.00011962 0.10881 0.149327 0.0845385 0.142799 
0.562091 0.0158681 0.0424367 0.0542053 0.000354494 0.0007372 0.00210327 0.11418 0.200199 0.00782534 
0.217452 0.0669718 0.154957 0.0217399 0.000274246 0.00356291 0.210903 0.151161 0.112919 0.060059 
0.562091 0.0158681 0.0424367 0.0542053 0.000354494 0.0007372 0.00210327 0.11418 0.200199 0.00782534 
0.511973 0.0679584 0.00762049 0.0168655 0.000108377 0.00151449 0.0982982 0.0743727 0.0964588 0.124831 
0.562091 0.0158681 0.0424367 0.0542053 0.000354494 0.0007372 0.00210327 0.11418 0.200199 0.00782534 
0.252333 0.0743482 0.0855432 0.0160214 9.23456e-05 0.00600616 0.0732423 0.159585 0.0997574 0.233071 
0.562091 0.0158681 0.0424367 0.0542053 0.000354494 0.0007372 0.00210327 0.11418 0.200199 0.00782534 
0.293382 0.0426673 0.140495 0.00221204 0.000247249 0.0301625 0.0881389 0.183474 0.118162 0.101059 
0.317634 0.0137355 0.0258976 0.0225438 3.45303e-05 0.00209194 0.0251358 0.183445 0.135432 0.27405 
0.406056 0.0293291 0.0210029 0.00464229 0.000331838 0.0129152 0.0241707 0.196841 0.122024 0.182686 
0.387629 0.173696 0.00824539 0.0323759 0.000293931 0.00756466 0.00516732 0.211209 0.113978 0.0598412 
0.456298 0.0473601 0.0417674 0.0190459 0.0867558 0.00320424 0.0328763 0.183336 0.0657261 0.0636295 
0.368596 0.0710837 0.00899587 0.00145103 0.00101271 0.000193551 0.0491101 0.341706 0.0616265 0.096224 
0.342342 0.0831612 0.0162972 0.0241649 0.000473693 0.00383412 0.0670189 0.243829 0.182025 0.0368542 
0.354434 0.0301569 0.105742 0.000119666 2.32385e-05 0.000199552 0.352866 0.0865852 0.0593175 0.0105558 
0.365489 0.104517 0.00440723 0.0384076 0.000263436 3.00427e-05 0.0954128 0.253716 0.107782 0.0299745 
0.237767 0.112769 0.090053 0.0189924 0.000192195 0.00868306 0.0203482 0.209626 0.16596 0.135609 
0.562091 0.0158681 0.0424367 0.0542053 0.000354494 0.0007372 0.00210327 0.11418 0.200199 0.00782534 
0.388892 0.0863624 0.00929059 0.0214167 0.000217363 0.00189009 0.0267453 0.284983 0.157136 0.0230658 
0.789868 0.0112443 0.025539 0.00194661 8.22018e-05 0.000918713 0.00748511 0.103326 0.0540911 0.00549906 
0.348312 0.134795 0.00669287 0.00542637 0.0118404 0.00309658 0.195729 0.161725 0.113146 0.0192375 
0.502236 0.102679 0.000633826 0.00506993 5.95068e-05 6.60387e-05 0.00173559 0.158319 0.18365 0.0455511 
0.770551 0.0119951 0.00846234 0.00174235 0.000292545 0.00232505 0.02935 0.114139 0.038726 0.0224172 
0.890172 1.26551e-06 2.84179e-05 1.50452e-07 1.60049e-10 3.98668e-08 0.106589 0.0032094 4.60533e-07 2.45988e-11 
0.276281 0.140337 0.00713196 0.00826986 0.000231686 0.00141426 0.0843982 0.269987 0.188574 0.0233746 
0.345567 0.111511 0.257284 0.00237694 1.65635e-05 7.66177e-07 0.042297 0.0932702 0.115974 0.0317028 
0.315937 0.0588703 0.000212936 0.000223595 0.000301823 8.19182e-05 0.170957 0.112226 0.112235 0.228954 
0.372579 0.0108261 0.0104131 0.0058071 0.00010111 0.00300714 0.0362829 0.278865 0.208277 0.073841 
0.562091 0.0158681 0.0424367 0.0542053 0.000354494 0.0007372 0.00210327 0.11418 0.200199 0.00782534 
0.84375 0.0133326 6.18438e-07 0.00129352 2.07176e-06 0.00211477 0.106857 0.0136763 0.018973 6.83371e-07 
0.585348 0.00686535 0.0203536 0.0107634 0.000270982 0.00027212 0.004641 0.273151 0.0864564 0.0118781 
0.531143 0.0844015 0.00354324 0.00961018 0.00163662 0.00307844 0.0677344 0.102461 0.0482172 0.148174 
0.519878 0.15308 0.00172462 0.0108455 0.000816362 4.04079e-06 0.0289242 0.0773404 0.200928 0.00645821 
0.434188 0.0670071 0.0045229 0.00146078 1.66691e-05 7.73729e-07 0.428881 0.0268446 0.032891 0.00418749 
0.562091 0.0158681 0.0424367 0.0542053 0.000354494 0.0007372 0.00210327 0.11418 0.200199 0.00782534 
0.846764 0.00341664 0.00578488 0.00655328 0.000229374 0.000106263 0.00515123 0.0735883 0.0437648 0.014641 
0.526141 0.0475255 0.000126538 0.00144832 4.09051e-06 3.35853e-05 0.0429922 0.130887 0.0883115 0.16253 
0.329561 0.167771 0.000248243 0.0312076 6.11213e-05 1.9347e-05 0.0654514 0.165915 0.216865 0.022899 
0.57023 0.0352502 0.0543054 0.0142333 2.46094e-05 0.00130851 0.0585139 0.168166 0.021546 0.0764217 
0.653804 0.0168407 0.00354305 0.00218636 0.00243298 0.00822887 0.00551449 0.105808 0.0177995 0.183842 
0.437473 0.0221053 0.00391024 0.0734241 4.18327e-05 0.00101652 0.0383443 0.350704 0.0441411 0.0288397 
0.38726 0.0374461 0.0916741 0.00408754 0.000233583 0.0839514 0.0953415 0.17021 0.0556522 0.0741435 
0.482103 0.00191555 0.0117464 0.00258449 1.41052e-05 0.000342874 0.00228776 0.0676532 0.428536 0.00281654 
0.562091 0.0158681 0.0424367 0.0542053 0.000354494 0.0007372 0.00210327 0.11418 0.200199 0.00782534 
0.480698 0.0118361 0.0102088 0.00921314 0.000442951 0.00263425 0.0229049 0.300665 0.142088 0.0193096 
0.63016 0.0380694 0.00377109 0.0034527 8.05223e-05 2.12271e-05 0.133357 0.121836 0.0477611 0.0214908 
0.373188 0.0547541 0.000850679 0.0121188 0.000138914 0.00650807 0.0959241 0.186799 0.0726112 0.197107 
0.405823 0.301271 0.00041596 0.0118349 0.000143414 1.21009e-05 0.0542168 0.143262 0.0568855 0.0261347 
0.383924 0.0709663 0.0216708 0.00245668 0.00183404 0.000581362 0.245878 0.12186 0.129741 0.0210874 
0.488212 0.0898993 0.0021233 0.00894423 0.000451198 2.51192e-05 0.0140059 0.0564371 0.129318 0.210584 
0.683568 0.0733971 4.39934e-05 0.0143125 0.000289144 2.97107e-06 0.1602 0.0190171 0.0490204 0.000149638 
0.471672 0.113535 0.0133672 0.0110586 0.000270759 0.0082686 0.0484283 0.120165 0.126512 0.086723 
0.338592 0.124164 0.00858513 0.011414 0.00023419 0.00366246 0.0179502 0.251992 0.19025 0.0531553 
0.562091 0.0158681 0.0424367 0.0542053 0.000354494 0.0007372 0.00210327 0.11418 0.200199 0.00782534 
0.717569 0.0414086 0.0164572 0.0290941 4.28926e-05 0.00013661 0.00860989 0.149883 0.0191695 0.0176289 
0.553147 0.0583863 0.0275989 0.0035687 0.000118362 0.000233644 0.00133319 0.165579 0.150824 0.0392116 
0.723202 0.0127638 0.00292803 0.00209411 0.000229674 0.000547491 0.0186431 0.167672 0.0608717 0.0110483 
0.449236 0.00142093 0.0204088 0.000962947 0.000441621 0.00576266 0.0243851 0.430165 0.0591667 0.00805076 
0.372579 0.0108261 0.0104131 0.0058071 0.00010111 0.00300714 0.0362829 0.278865 0.208277 0.073841 
0.645469 0.0430933 0.00231251 0.0114124 6.91505e-05 0.00231789 0.0322346 0.0659929 0.03755 0.159548 
0.562091 0.0158681 0.0424367 0.0542053 0.000354494 0.0007372 0.00210327 0.11418 0.200199 0.00782534 
0.412281 0.0162683 0.010584 0.257061 0.000477461 0.000429444 0.00352096 0.119288 0.170526 0.00956394 
0.562091 0.0158681 0.0424367 0.0542053 0.000354494 0.0007372 0.00210327 0.11418 0.200199 0.00782534 
0.562091 0.0158681 0.0424367 0.0542053 0.000354494 0.0007372 0.00210327 0.11418 0.200199 0.00782534 
0.814696 0.0131438 0.0158015 0.00276638 8.51094e-06 0.000182096 0.0140898 0.0384998 0.0724507 0.028361 
0.84375 0.0133326 6.18438e-07 0.00129352 2.07176e-06 0.00211477 0.106857 0.0136763 0.018973 6.83371e-07 
0.431071 0.0514286 0.00365042 0.0380395 7.48347e-05 0.000428951 0.00979605 0.192586 0.262112 0.0108133 
0.562091 0.0158681 0.0424367 0.0542053 0.000354494 0.0007372 0.00210327 0.11418 0.200199 0.00782534 
0.562091 0.0158681 0.0424367 0.0542053 0.000354494 0.0007372 0.00210327 0.11418 0.200199 0.00782534 
0.562091 0.0158681 0.0424367 0.0542053 0.000354494 0.0007372 0.00210327 0.11418 0.200199 0.00782534 
0.389193 0.0247723 0.00127267 0.0058231 0.00234967 2.82661e-05 0.0121716 0.345872 0.060101 0.158416 
0.562091 0.0158681 0.0424367 0.0542053 0.000354494 0.0007372 0.00210327 0.11418 0.200199 0.00782534 
0.630384 0.00417177 0.00112036 0.00365049 0.00023403 7.1173e-06 0.132096 0.0846119 0.140016 0.00370872 
0.396394 0.00632577 0.0232586 0.0237731 0.000265909 0.000551672 0.015136 0.27248 0.201616 0.0601985 
0.556116 0.0466756 0.0129388 0.00866373 8.8133e-05 0.019985 0.0118543 0.207983 0.0884099 0.0472852 
0.562091 0.0158681 0.0424367 0.0542053 0.000354494 0.0007372 0.00210327 0.11418 0.200199 0.00782534 
0.332885 0.0725064 0.0277118 0.0421717 0.00019933 0.00654817 0.012912 0.226986 0.24124 0.0368391 
0.749321 0.0228105 0.00337777 0.00318007 0.000352666 0.000185917 0.040707 0.0768442 0.0689009 0.0343204 
0.705154 0.0896132 0.00474554 0.0179741 0.000553516 0.00114695 0.0358044 0.0703568 0.0532764 0.0213748 
0.337392 0.0293885 0.0521368 0.044903 0.014806 0.00500201 0.111715 0.19633 0.0645308 0.143797 
0.562091 0.0158681 0.0424367 0.0542053 0.000354494 0.0007372 0.00210327 0.11418 0.200199 0.00782534 
0.313901 0.05535 0.0265953 0.0354314 3.23874e-05 0.0197579 0.0732282 0.195756 0.204515 0.0754329 
0.551353 0.0201632 0.0208309 0.0187766 0.000747162 0.0034702 0.00896371 0.220694 0.105218 0.0497834 
0.562091 0.0158681 0.0424367 0.0542053 0.000354494 0.0007372 0.00210327 0.11418 0.200199 0.00782534 
0.323729 0.0222302 0.00777562 0.00632544 0.000272748 0.00257632 0.0617899 0.309473 0.0716434 0.194184 
0.35233 0.0505342 0.0727709 8.74529e-07 6.94739e-10 3.42702e-09 0.212875 0.140247 0.167072 0.00417043 
0.396882 0.276625 0.00193453 0.126865 0.000486775 7.12493e-06 0.133094 0.0561403 0.00228688 0.00567866 
0.562091 0.0158681 0.0424367 0.0542053 0.000354494 0.0007372 0.00210327 0.11418 0.200199 0.00782534 
0.562091 0.0158681 0.0424367 0.0542053 0.000354494 0.0007372 0.00210327 0.11418 0.200199 0.00782534 
0.284114 0.102004 0.0225922 0.0730296 0.000141994 0.00381991 0.117999 0.264506 0.122052 0.00974051 
0.622153 0.0501628 0.0109871 0.0122295 0.000590269 0.000978795 0.0266646 0.157867 0.0803937 0.0379729 
0.562091 0.0158681 0.0424367 0.0542053 0.000354494 0.0007372 0.00210327 0.11418 0.200199 0.00782534 
0.562091 0.0158681 0.0424367 0.0542053 0.000354494 0.0007372 0.00210327 0.11418 0.200199 0.00782534 
0.562091 0.0158681 0.0424367 0.0542053 0.000354494 0.0007372 0.00210327 0.11418 0.200199 0.00782534 
0.57952 0.0283467 0.000919192 0.00753306 0.000373583 2.75375e-06 0.00114662 0.0151901 0.360826 0.00614179 
0.476089 0.0541484 0.00512532 0.00746846 0.000565083 0.000220848 0.0506543 0.286705 0.0840056 0.0350184 
0.536677 0.0613944 0.0377699 0.00939422 0.000743302 0.00272342 0.0277996 0.152136 0.0720438 0.099318 
0.346521 0.023691 0.0116262 0.00938881 0.000246348 0.0473726 0.0579538 0.230263 0.0221567 0.250781 
0.49625 0.0480142 0.00765224 0.0209442 4.04697e-05 0.000177341 0.00443357 0.145805 0.254891 0.0217912 
0.589908 0.0790588 3.51846e-05 0.00135246 0.000775088 1.35195e-05 0.0356916 0.199281 0.0818181 0.0120665 
0.543109 0.00955288 0.0172583 0.0054725 0.000107118 0.00177327 0.188583 0.169214 0.0624421 0.00248833 
0.69366 0.0100851 0.0296791 0.00744381 0.000449592 0.117812 0.00561299 0.0498005 0.0504646 0.0349926 
0.413468 0.0925058 0.00225589 0.0262254 0.000272441 0.000125541 0.0104096 0.309578 0.123228 0.0219321 
0.45764 0.0279354 0.00271158 0.0388603 0.0352289 0.017328 0.0401374 0.0580731 0.0600827 0.262003 
0.409058 0.0493687 0.0104209 0.00481165 0.000484998 0.00616104 0.02324 0.128869 0.0942218 0.273364 
0.406636 0.158863 0.000391392 0.0053436 0.000341653 6.28024e-06 0.0276857 0.25206 0.14771 0.000962419 
0.93569 0.0239045 0.00149862 0.000114439 0.000131774 4.33086e-06 0.000111509 0.029711 0.00832367 0.000509826 
0.422359 0.104345 0.00966871 0.0199731 0.000297147 0.0187562 0.0208016 0.261307 0.10189 0.040601 
0.504651 0.0473225 0.00685962 0.015865 0.000190207 0.00022826 0.0739189 0.184151 0.0945032 0.0723097 
0.480566 0.0661397 0.000216994 0.00572883 0.0367074 0.00021595 0.237379 0.0472672 0.112558 0.0132211 
0.562091 0.0158681 0.0424367 0.0542053 0.000354494 0.0007372 0.00210327 0.11418 0.200199 0.00782534 
0.297974 0.0652162 0.0364059 0.011162 0.0183774 0.0024354 0.130564 0.133659 0.207611 0.096596 
0.320901 0.0297239 0.00363128 0.00686802 0.000499515 0.000728564 0.022521 0.294505 0.310851 0.0097706 
0.849257 0.00148882 1.28659e-05 0.000154494 4.21371e-05 6.18684e-06 0.0731026 0.0517969 0.0241386 4.80211e-10 
0.562091 0.0158681 0.0424367 0.0542053 0.000354494 0.0007372 0.00210327 0.11418 0.200199 0.00782534 
0.372579 0.0108261 0.0104131 0.0058071 0.00010111 0.00300714 0.0362829 0.278865 0.208277 0.073841 
0.562091 0.0158681 0.0424367 0.0542053 0.000354494 0.0007372 0.00210327 0.11418 0.200199 0.00782534 
0.641981 0.0112129 0.046176 0.00761522 2.13764e-05 0.00815944 0.000842753 0.0384732 0.0887352 0.156783 
0.480913 0.011588 0.00508336 0.0355436 0.000803282 0.000508385 0.01184 0.188673 0.249524 0.0155232 
0.562091 0.0158681 0.0424367 0.0542053 0.000354494 0.0007372 0.00210327 0.11418 0.200199 0.00782534 
0.504899 0.0541105 0.0252536 0.0222248 0.000287364 0.00734474 0.0105434 0.117226 0.156153 0.101959 
0.576974 0.0286089 0.0292964 0.00315226 3.63708e-05 0.00639518 0.0295269 0.166615 0.0877678 0.0716276 
0.60016 0.0449611 0.00636172 0.01534 0.000600455 0.00146512 0.0111437 0.233333 0.0516578 0.0349771 
0.562091 0.0158681 0.0424367 0.0542053 0.000354494 0.0007372 0.00210327 0.11418 0.200199 0.00782534 
0.51801 0.0415159 0.00129954 0.00480855 0.00075748 2.93197e-05 0.138528 0.246282 0.0218751 0.0268942 
0.562091 0.0158681 0.0424367 0.0542053 0.000354494 0.0007372 0.00210327 0.11418 0.200199 0.00782534 
0.275093 0.0861709 0.0838685 0.00418824 4.01911e-05 0.00517013 0.139697 0.198079 0.162555 0.0451378 
0.441214 0.0204068 0.218414 0.00414371 0.00184866 0.00621345 0.0211162 0.133539 0.0818005 0.0713038 
0.487195 0.0599018 0.0173587 0.0205405 0.000180496 0.00560332 0.0107295 0.082938 0.184353 0.131199 
0.506487 0.0567605 0.00342137 0.000303081 7.95313e-05 2.60955e-06 0.136511 0.112496 0.176896 0.00704274 
0.507372 0.045974 0.00296482 0.0030215 5.61848e-05 0.00106154 0.0066002 0.193229 0.22773 0.0119911 
0.562091 0.0158681 0.0424367 0.0542053 0.000354494 0.0007372 0.00210327 0.11418 0.200199 0.00782534 
0.562091 0.0158681 0.0424367 0.0542053 0.000354494 0.0007372 0.00210327 0.11418 0.200199 0.00782534 
0.467813 0.0567745 0.000633347 0.00517643 2.85967e-07 0.0143883 0.0218121 0.161789 0.0445843 0.227029 
0.448958 0.0950233 0.000205873 0.0212323 0.000931485 1.13968e-05 0.0520352 0.208846 0.0346139 0.138142 
0.562091 0.0158681 0.0424367 0.0542053 0.000354494 0.0007372 0.00210327 0.11418 0.200199 0.00782534 
0.486261 0.00216085 0.0012899 0.000449464 0.00062956 6.55711e-05 0.0246413 0.228389 0.250841 0.00527214 
0.531541 0.0267439 0.0581156 0.00556542 0.000195732 0.0266501 0.0149384 0.0789039 0.0920577 0.165288 
0.719015 0.0205038 0.00793866 0.0141792 0.00139466 0.0186622 0.0448646 0.022149 0.0170128 0.13428 
0.562091 0.0158681 0.0424367 0.0542053 0.000354494 0.0007372 0.00210327 0.11418 0.200199 0.00782534 
0.678224 0.0486465 0.048026 0.00572467 5.77938e-05 0.00462072 0.0128483 0.0623213 0.0686206 0.0709101 
0.437473 0.0221053 0.00391024 0.0734241 4.18327e-05 0.00101652 0.0383443 0.350704 0.0441411 0.0288397 
0.329583 0.060549 0.00759297 0.0295471 0.000236974 0.00355083 0.0709289 0.261123 0.132979 0.10391 
0.242202 0.0801797 0.155402 0.176346 0.000684949 0.000104906 0.0240416 0.103798 0.208851 0.008391 
0.437941 0.0210774 0.00177575 0.00209013 0.000197927 0.00172547 0.105315 0.254541 0.126821 0.0485148 
0.663407 0.173362 0.00384773 0.00419231 2.36729e-06 0.00366806 0.0071559 0.0383035 0.0810203 0.0250409 
0.320009 0.0865983 0.0182956 0.0276666 0.000347925 0.000606366 0.113677 0.264359 0.0642603 0.104181 
0.595649 0.00241374 0.120838 0.00206659 2.02013e-06 2.91344e-06 0.000257877 0.20512 0.00295038 0.0706992 
0.637843 0.00135213 0.014399 0.0414827 0.00013813 0.000556533 0.000281956 0.101629 0.19861 0.00370759 
0.377407 0.0731211 0.000154244 0.00903338 2.28216e-05 2.9118e-05 0.340655 0.165395 0.0324801 0.00170189 
0.514432 0.0301888 0.016923 0.00327422 0.000117209 0.00827018 0.0084447 0.311561 0.081408 0.0253809 
0.424387 0.0799503 0.00960509 0.0204591 0.0022421 0.000124291 0.241718 0.192624 0.0195732 0.00931676 
0.418869 0.254169 0.0029508 0.00629305 6.68481e-05 1.60492e-05 0.0155158 0.11209 0.186879 0.00314978 
0.334866 0.0175969 0.0926796 0.000235245 1.05338e-05 0.000184971 0.303535 0.0936291 0.131887 0.0253757 
0.562091 0.0158681 0.0424367 0.0542053 0.000354494 0.0007372 0.00210327 0.11418 0.200199 0.00782534 
0.425904 0.102184 0.00308641 0.00528764 0.000162965 0.000209385 0.0288574 0.119942 0.279461 0.034905 
0.273362 0.228446 0.013554 0.0194308 0.000113823 0.013618 0.0520292 0.127988 0.232555 0.0389018 
0.626892 0.0087812 0.0312159 0.00261712 9.24151e-06 0.00167142 0.00249498 0.0941585 0.221105 0.0110552 
0.451181 0.0235705 0.0260147 0.00144863 2.29785e-05 2.7141e-06 0.00175358 0.184876 0.0437755 0.267354 
0.328403 0.0589286 0.00638187 0.0241618 0.000327182 0.00166257 0.0141498 0.278819 0.157432 0.129735 
0.562091 0.0158681 0.0424367 0.0542053 0.000354494 0.0007372 0.00210327 0.11418 0.200199 0.00782534 
0.84375 0.0133326 6.18438e-07 0.00129352 2.07176e-06 0.00211477 0.106857 0.0136763 0.018973 6.83371e-07 
0.355449 0.249827 0.00151308 0.0043581 0.000314452 2.21949e-05 0.0954357 0.228025 0.0439626 0.0210929 
0.380848 0.00195022 0.00529977 3.73476e-05 0.00294833 3.18943e-05 0.013472 0.230348 0.357075 0.00798908 
0.370781 0.045157 0.00234343 0.00534991 0.000955362 0.000729046 0.0826995 0.321212 0.158169 0.012604 
0.562091 0.0158681 0.0424367 0.0542053 0.000354494 0.0007372 0.00210327 0.11418 0.200199 0.00782534 
0.562091 0.0158681 0.0424367 0.0542053 0.000354494 0.0007372 0.00210327 0.11418 0.200199 0.00782534 
0.615345 0.0396923 0.00767873 0.0093451 0.000321462 0.00100699 0.0145481 0.137013 0.092739 0.0823099 
0.684967 0.088154 0.00661806 0.0018571 7.61575e-06 8.63821e-06 0.0192876 0.0625425 0.0717313 0.0648265 
0.84375 0.0133326 6.18438e-07 0.00129352 2.07176e-06 0.00211477 0.106857 0.0136763 0.018973 6.83371e-07 
0.392954 0.17224 0.00251933 0.000782113 8.13688e-07 1.00195e-06 0.00833808 0.191605 0.0532259 0.178334 
0.562091 0.0158681 0.0424367 0.0542053 0.000354494 0.0007372 0.00210327 0.11418 0.200199 0.00782534 
0.635434 0.111236 0.00421083 0.0168867 7.41987e-07 6.47351e-06 0.109791 0.0169718 0.102484 0.00297867 
0.48914 0.0345296 0.00193076 0.0188554 0.000619502 1.3238e-05 0.0333888 0.270728 0.142135 0.00866025 
0.518997 0.0772126 0.0047526 0.0375762 0.000184401 0.00343299 0.0568256 0.178636 0.0762806 0.0461023 
0.517041 0.167016 0.0114015 0.0107026 4.15731e-05 0.00181507 0.0239166 0.0862076 0.118685 0.0631733 
0.346516 0.0751255 0.00231209 0.0836826 0.000185428 0.000241395 0.0559297 0.297119 0.102915 0.0359725 
0.562091 0.0158681 0.0424367 0.0542053 0.000354494 0.0007372 0.00210327 0.11418 0.200199 0.00782534 
0.491205 0.0119258 0.0324052 0.000185322 6.41747e-07 0.000113927 0.00232763 0.142915 0.0510637 0.267857 
0.439401 0.0340686 0.0096107 0.00949003 2.29855e-05 0.000185448 0.00847793 0.212323 0.202959 0.0834617 
0.934882 0.00439807 0.00186729 0.000865112 5.42628e-05 1.24204e-05 0.0142118 0.0279895 0.0117281 0.00399145 
0.562091 0.0158681 0.0424367 0.0542053 0.000354494 0.0007372 0.00210327 0.11418 0.200199 0.00782534 
0.394939 0.0335857 2.64253e-05 0.00073701 2.1091e-05 1.16463e-05 0.261696 0.208833 0.0951687 0.00498175 
0.605475 0.0188348 0.000335328 0.00488036 1.39131e-06 0.000247154 0.0958928 0.219407 0.015116 0.0398097 
0.492284 0.0188983 3.3442e-05 0.000210049 1.40382e-06 0.261462 0.050982 0.000143118 0.175978 7.5348e-06 
0.562091 0.0158681 0.0424367 0.0542053 0.000354494 0.0007372 0.00210327 0.11418 0.200199 0.00782534 
0.562091 0.0158681 0.0424367 0.0542053 0.000354494 0.0007372 0.00210327 0.11418 0.200199 0.00782534 
0.408511 0.365261 3.46307e-07 0.0174555 1.01455e-11 5.25352e-05 9.77263e-07 0.110832 0.0905598 0.00732684 
0.706303 0.00306205 0.000173878 0.000700208 0.000666471 8.33725e-06 0.0384744 0.183801 0.0664653 0.000345471 
0.515096 0.0482347 0.000846749 0.009533 0.000213805 7.71968e-05 0.0643112 0.0963206 0.228251 0.0371162 
0.84375 0.0133326 6.18438e-07 0.00129352 2.07176e-06 0.00211477 0.106857 0.0136763 0.018973 6.83371e-07 
0.380488 0.0291053 0.00844767 0.0489717 0.000132058 0.00158562 0.00398883 0.283408 0.22111 0.0227626 
0.934468 0.00839067 4.96062e-05 0.00481873 0.000126743 2.24824e-06 0.0152974 0.0128114 0.0231766 0.000858058 
0.412575 0.0100845 0.00682144 0.00116515 0.0243127 0.0552771 0.0549791 0.330266 0.0765844 0.0279344 
0.562091 0.0158681 0.0424367 0.0542053 0.000354494 0.0007372 0.00210327 0.11418 0.200199 0.00782534 
0.440612 0.0885178 0.000545707 0.0236217 6.54319e-06 0.000291108 0.11947 0.154069 0.0646385 0.108227 
0.335672 0.0117352 0.0128005 0.021594 5.28194e-07 0.137245 0.000147083 0.124423 0.266315 0.0900683 
0.421908 0.0589455 0.00474479 0.00579301 0.00049383 0.000716357 0.0613675 0.314643 0.114116 0.0172712 
0.250605 0.17149 0.00943177 0.0593647 0.01518 0.00514174 0.145403 0.186673 0.0791448 0.0775662 
0.581358 0.128409 0.00345925 0.00919323 1.5724e-07 5.6583e-06 0.0261954 0.1736 0.0339308 0.0438486 
0.344015 0.0243377 0.00187707 0.000927195 0.000272924 1.56329e-05 0.0391007 0.284993 0.0442054 0.260255 
0.562091 0.0158681 0.0424367 0.0542053 0.000354494 0.0007372 0.00210327 0.11418 0.200199 0.00782534 
0.440516 0.000308237 0.0057802 0.000667237 0.000107858 0.00150213 0.00209784 0.375198 0.0638836 0.10994 
0.286658 0.120354 0.0144513 0.0257151 3.19896e-05 0.019331 0.0655379 0.191114 0.248074 0.0287331 
0.753948 0.033991 0.0193248 0.0362624 3.23086e-05 0.000853622 0.00115823 0.117579 0.0301954 0.00665545 
0.579049 0.0462659 0.00726631 0.0203102 0.000666779 0.00205395 0.0354425 0.176262 0.0828579 0.0498254 
0.562091 0.0158681 0.0424367 0.0542053 0.000354494 0.0007372 0.00210327 0.11418 0.200199 0.00782534 
0.642264 0.00936763 0.000639592 0.13907 5.53394e-05 2.19332e-05 0.0248349 0.128722 0.0129192 0.0421052 
0.562091 0.0158681 0.0424367 0.0542053 0.000354494 0.0007372 0.00210327 0.11418 0.200199 0.00782534 
0.467852 0.147147 7.05652e-05 0.0164894 0.00178792 3.11126e-05 0.242589 0.068225 0.0434119 0.0123952 
0.372579 0.0108261 0.0104131 0.0058071 0.00010111 0.00300714 0.0362829 0.278865 0.208277 0.073841 
0.372579 0.0108261 0.0104131 0.0058071 0.00010111 0.00300714 0.0362829 0.278865 0.208277 0.073841 
0.529469 0.142693 0.0341655 0.0527687 0.00260311 0.00100292 0.0327931 0.0842684 0.0772157 0.0430204 
0.388329 0.186145 4.64909e-05 0.21295 8.05275e-05 1.04879e-05 0.00124787 0.0758763 0.0984522 0.0368623 
0.56723 0.0401319 0.00320108 0.0151448 0.000761309 0.000839854 0.0524487 0.16749 0.143657 0.00909458 
0.769646 0.00978391 0.000117775 0.00935764 0.000276544 1.46659e-05 0.045585 0.0683879 0.0959458 0.000884842 
0.453302 0.0644377 0.0255998 0.00405845 0.000431639 0.0131769 0.0524701 0.106753 0.102756 0.177014 
0.562091 0.0158681 0.0424367 0.0542053 0.000354494 0.0007372 0.00210327 0.11418 0.200199 0.00782534 
0.301459 0.0343516 0.0143775 0.00949082 0.000265156 0.0115061 0.0867348 0.22468 0.142702 0.174433 
0.562091 0.0158681 0.0424367 0.0542053 0.000354494 0.0007372 0.00210327 0.11418 0.200199 0.00782534 
0.616878 0.172367 0.0723753 0.00886368 7.63359e-05 1.08699e-05 0.00481771 0.0398252 0.0646164 0.020169 
0.562091 0.0158681 0.0424367 0.0542053 0.000354494 0.0007372 0.00210327 0.11418 0.200199 0.00782534 
0.400431 0.107556 0.0162113 0.0131835 0.000123982 0.000211757 0.00797263 0.186026 0.245743 0.0225407 
0.234117 0.162603 0.0585067 0.0156827 6.79542e-05 0.000126554 0.220891 0.13697 0.16206 0.00897527 
0.562091 0.0158681 0.0424367 0.0542053 0.000354494 0.0007372 0.00210327 0.11418 0.200199 0.00782534 
0.500082 0.0796569 0.000291164 0.0250946 2.46786e-05 8.32032e-05 0.074822 0.258858 0.0487941 0.0122941 
0.84375 0.0133326 6.18438e-07 0.00129352 2.07176e-06 0.00211477 0.106857 0.0136763 0.018973 6.83371e-07 
0.405071 0.0201971 0.0449077 0.00693097 0.000645762 0.00627548 0.0113 0.202336 0.144401 0.157935 
0.272867 0.0143242 0.0248759 0.000743532 7.88759e-06 0.00540484 0.134617 0.235184 0.0919881 0.219988 
0.421266 0.296869 0.0307912 0.0400821 0.00177562 0.00368806 0.0126174 0.0581801 0.11253 0.0222012 
0.562091 0.0158681 0.0424367 0.0542053 0.000354494 0.0007372 0.00210327 0.11418 0.200199 0.00782534 
0.562091 0.0158681 0.0424367 0.0542053 0.000354494 0.0007372 0.00210327 0.11418 0.200199 0.00782534 
0.338638 0.0685184 0.0525843 0.0423486 0.000317442 0.00118147 0.249687 0.159428 0.0389493 0.0483476 
0.503321 0.0226632 0.181804 0.00304634 5.88966e-05 3.3645e-06 0.025031 0.134532 0.0769402 0.0525993 
0.84375 0.0133326 6.18438e-07 0.00129352 2.07176e-06 0.00211477 0.106857 0.0136763 0.018973 6.83371e-07 
0.562091 0.0158681 0.0424367 0.0542053 0.000354494 0.0007372 0.00210327 0.11418 0.200199 0.00782534 
0.562091 0.0158681 0.0424367 0.0542053 0.000354494 0.0007372 0.00210327 0.11418 0.200199 0.00782534 
0.562091 0.0158681 0.0424367 0.0542053 0.000354494 0.0007372 0.00210327 0.11418 0.200199 0.00782534 
0.562091 0.0158681 0.0424367 0.0542053 0.000354494 0.0007372 0.00210327 0.11418 0.200199 0.00782534 
0.482103 0.00191555 0.0117464 0.00258449 1.41052e-05 0.000342874 0.00228776 0.0676532 0.428536 0.00281654 
0.562091 0.0158681 0.0424367 0.0542053 0.000354494 0.0007372 0.00210327 0.11418 0.200199 0.00782534 
0.372579 0.0108261 0.0104131 0.0058071 0.00010111 0.00300714 0.0362829 0.278865 0.208277 0.073841 
0.372579 0.0108261 0.0104131 0.0058071 0.00010111 0.00300714 0.0362829 0.278865 0.208277 0.073841 
0.712752 0.0156505 0.00313722 0.00389712 0.000227552 0.000460473 0.00294311 0.147311 0.104104 0.00951726 
0.562091 0.0158681 0.0424367 0.0542053 0.000354494 0.0007372 0.00210327 0.11418 0.200199 0.00782534 
0.562091 0.0158681 0.0424367 0.0542053 0.000354494 0.0007372 0.00210327 0.11418 0.200199 0.00782534 
0.509657 0.046174 0.00148754 0.00289067 6.95154e-05 0.00014752 0.0318363 0.124828 0.222262 0.0606466 
0.897589 0.0551663 0.000658975 0.000403091 8.35524e-06 1.24404e-07 0.00260355 0.0138128 0.0294177 0.000339972 
0.313114 0.0827382 0.0134751 0.027376 1.62286e-05 0.00125487 0.00892823 0.256962 0.23135 0.0647848 
0.437473 0.0221053 0.00391024 0.0734241 4.18327e-05 0.00101652 0.0383443 0.350704 0.0441411 0.0288397 
0.562091 0.0158681 0.0424367 0.0542053 0.000354494 0.0007372 0.00210327 0.11418 0.200199 0.00782534 
0.411242 0.0329419 0.00869 0.0199639 0.000206828 0.00789482 0.0226843 0.247685 0.100119 0.148572 
0.282284 0.187562 0.000396546 0.0109224 1.9625e-05 0.000108107 0.235414 0.183607 0.087985 0.0117009 
0.477336 0.0182984 8.56441e-06 3.44777e-05 2.86808e-05 1.37191e-06 0.225775 0.137082 0.140131 0.00130424 
0.562091 0.0158681 0.0424367 0.0542053 0.000354494 0.0007372 0.00210327 0.11418 0.200199 0.00782534 
0.562091 0.0158681 0.0424367 0.0542053 0.000354494 0.0007372 0.00210327 0.11418 0.200199 0.00782534 
0.562091 0.0158681 0.0424367 0.0542053 0.000354494 0.0007372 0.00210327 0.11418 0.200199 0.00782534 
0.498361 0.0534692 0.0214499 0.0158297 0.000180589 0.0161459 0.0070144 0.218701 0.0832488 0.0855995 
0.562091 0.0158681 0.0424367 0.0542053 0.000354494 0.0007372 0.00210327 0.11418 0.200199 0.00782534 
0.323999 0.0134738 0.0137947 0.0059522 0.000487305 0.000545064 0.167054 0.293114 0.164471 0.0171086 
0.358956 0.0215275 0.0238153 0.0119507 0.000155328 0.00105447 0.110019 0.191595 0.276418 0.00450931 
0.383853 0.121615 0.0158694 0.0116905 0.000646333 0.0415099 0.0313384 0.162983 0.129586 0.100908 
0.601933 0.0666378 0.0126966 0.0120582 4.59459e-05 0.00493463 0.041393 0.148041 0.0338668 0.0783934 
0.711942 0.0815808 0.00106607 0.00586056 0.000121527 1.07845e-05 0.00322162 0.0662632 0.0649681 0.0649656 
0.568889 0.0597634 0.0159197 0.00435747 0.000130081 0.102484 0.0433745 0.0439115 0.137803 0.0233666 
0.562091 0.0158681 0.0424367 0.0542053 0.000354494 0.0007372 0.00210327 0.11418 0.200199 0.00782534 
0.246551 0.133865 0.0184557 0.054479 0.0139905 0.000551895 0.110071 0.226943 0.0790826 0.11601 
0.84375 0.0133326 6.18438e-07 0.00129352 2.07176e-06 0.00211477 0.106857 0.0136763 0.018973 6.83371e-07 
0.310588 0.0346425 0.0144781 0.0106143 0.000231932 0.00195936 0.189143 0.134326 0.164034 0.139983 
0.256059 0.0414429 0.0163992 0.0211244 2.01577e-05 0.0392228 0.00190051 0.17544 0.240434 0.207957 
0.933308 0.0138808 7.36783e-05 2.50113e-05 0.00016312 3.27378e-06 0.0156859 0.0205487 0.0156353 0.000676293 
0.373003 0.057035 2.13272e-07 0.00138541 0.00355234 3.81075e-06 0.323785 0.107063 0.131532 0.00263965 
0.788046 0.0151569 0.00788392 0.0127918 2.40369e-06 0.000362518 0.00149261 0.0583564 0.0728982 0.0430092 
0.284491 0.0757156 0.033591 0.0096685 0.00110318 0.0113448 0.15222 0.166612 0.172227 0.0930275 
0.549002 0.00892407 0.00037449 0.000367821 0.193922 1.05478e-05 0.0134928 0.131282 0.102052 0.000572392 
0.627953 0.0475203 0.00227298 0.000230068 1.20645e-07 8.99286e-05 0.162289 0.0727945 0.0542066 0.0326441 
0.557767 0.0111802 0.119842 0.00723291 0.00029651 0.0170431 0.00605911 0.183282 0.0539242 0.0433727 
0.419603 0.0319455 0.00331358 0.0105289 0.00061308 0.000799392 0.0283412 0.229685 0.235129 0.0400411 
0.530238 0.170428 0.00393574 0.00516581 0.00266345 4.57585e-05 0.0182195 0.113399 0.111295 0.044609 
0.562589 0.0625046 0.0118858 0.00527736 0.00013104 0.00585503 0.00632674 0.10291 0.104873 0.137647 
0.562091 0.0158681 0.0424367 0.0542053 0.000354494 0.0007372 0.00210327 0.11418 0.200199 0.00782534 
0.604011 0.0332789 0.0336663 0.0160303 0.000793283 0.0165447 0.0323512 0.106657 0.0684399 0.0882274 
0.229059 0.0042515 0.218946 0.00569727 0.000148811 0.0365697 0.00416735 0.110017 0.200595 0.190548 
0.722798 0.00677394 0.0348087 0.0173998 0.000376943 0.00661526 0.0506416 0.0914898 0.0328771 0.0362186 
0.475693 0.0580125 0.000117008 0.00916801 0.000101926 0.000614615 0.0752263 0.0850377 0.295365 0.000664039 
0.576302 0.0278897 0.00161237 0.000365638 5.24078e-06 1.99943e-05 0.0996872 0.0565716 0.217342 0.0202043 
0.424091 0.0904819 0.0126825 0.0379728 1.45031e-05 0.000289544 0.231366 0.109154 0.0791006 0.0148482 
0.304948 0.0648946 0.0178414 0.00182905 0.070257 0.00151286 0.0593971 0.162222 0.2699 0.0471984 
0.395289 0.0463765 0.00772812 0.0126755 0.0115508 0.00492453 0.0230797 0.174481 0.258124 0.06577 
0.552083 0.0347143 0.0498922 0.000371356 8.25804e-05 0.00015939 0.127191 0.13062 0.0686594 0.0362266 
0.489945 0.0803539 2.9252e-06 1.37372e-07 1.64096e-05 3.78266e-10 0.111919 0.25011 0.0216658 0.0459862 
0.212377 0.0692039 0.195909 0.00184508 0.000653777 0.000252786 0.210545 0.208433 0.0738076 0.0269726 
0.588409 0.0376102 0.00782913 0.0104131 4.09523e-05 0.0249296 0.144229 0.0952095 0.019751 0.0715789 
0.455522 0.0223731 0.00489154 0.00583994 0.00089509 0.0011859 0.00992766 0.274192 0.203812 0.0213607 
0.515187 0.0181906 0.021123 0.0342698 0.000262053 0.0164553 0.0159695 0.213408 0.114395 0.05074 
0.52469 0.0106379 0.0281343 0.0242356 4.43218e-05 0.00603461 0.140798 0.0734816 0.0301176 0.161826 
0.562091 0.0158681 0.0424367 0.0542053 0.000354494 0.0007372 0.00210327 0.11418 0.200199 0.00782534 
0.562091 0.0158681 0.0424367 0.0542053 0.000354494 0.0007372 0.00210327 0.11418 0.200199 0.00782534 
0.345526 0.015952 0.0376174 0.0528922 2.97377e-05 0.00102386 0.0373028 0.230019 0.135356 0.144281 
0.562091 0.0158681 0.0424367 0.0542053 0.000354494 0.0007372 0.00210327 0.11418 0.200199 0.00782534 
0.455285 0.0178511 0.0142017 0.0659375 0.000163747 0.000448664 0.0160033 0.250743 0.107509 0.0718562 
0.659876 0.000588566 0.000453543 0.000433542 0.00114316 1.94128e-05 0.166584 0.0615818 0.109265 5.56296e-05 
0.562091 0.0158681 0.0424367 0.0542053 0.000354494 0.0007372 0.00210327 0.11418 0.200199 0.00782534 
0.413565 0.0413023 0.000616477 0.00186741 0.000202264 8.47889e-06 0.00358149 0.285994 0.243633 0.00922917 
0.742423 0.00764928 0.036797 0.00121016 0.000792439 0.0141465 0.0150795 0.0426645 0.0204873 0.11875 
0.53551 0.120445 0.00939211 0.0352377 8.41663e-05 4.49882e-05 0.0256998 0.131543 0.123109 0.0189345 
0.562091 0.0158681 0.0424367 0.0542053 0.000354494 0.0007372 0.00210327 0.11418 0.200199 0.00782534 
0.933308 0.0138808 7.36783e-05 2.50113e-05 0.00016312 3.27378e-06 0.0156859 0.0205487 0.0156353 0.000676293 
0.418869 0.254169 0.0029508 0.00629305 6.68481e-05 1.60492e-05 0.0155158 0.11209 0.186879 0.00314978 
0.417344 0.032265 0.00369957 0.0121269 0.004583 6.67133e-05 0.0539563 0.260437 0.155794 0.0597276 
0.562091 0.0158681 0.0424367 0.0542053 0.000354494 0.0007372 0.00210327 0.11418 0.200199 0.00782534 
0.562091 0.0158681 0.0424367 0.0542053 0.000354494 0.0007372 0.00210327 0.11418 0.200199 0.00782534 
0.562091 0.0158681 0.0424367 0.0542053 0.000354494 0.0007372 0.00210327 0.11418 0.200199 0.00782534 
0.562091 0.0158681 0.0424367 0.0542053 0.000354494 0.0007372 0.00210327 0.11418 0.200199 0.00782534 
0.768316 0.0391211 0.00545651 0.000174645 4.08417e-06 0.00760312 0.0532615 0.0543777 0.037418 0.0342676 
0.449189 0.0250778 0.0186179 0.0406902 0.000700563 0.00712896 0.019703 0.284706 0.126959 0.0272272 
0.489573 0.171206 0.00115462 0.0497251 7.28572e-05 0.0052711 0.0206232 0.0601006 0.199454 0.00282012 
0.353764 0.0222585 0.0199832 0.0156627 0.000300821 0.00240484 0.0216842 0.32172 0.187382 0.0548398 
0.343643 0.00890785 0.0252364 0.0258669 2.81035e-05 0.00917524 0.00922019 0.119169 0.315193 0.14356 
0.407671 0.0420725 0.0286027 0.00232674 0.000145369 0.00505668 0.0192628 0.0740664 0.0313851 0.389411 
0.614717 0.0242712 0.0059956 0.0248021 0.000444638 0.000454381 0.0314012 0.131888 0.122321 0.0437048 
0.653501 0.106316 0.0435204 0.0119391 1.57873e-06 0.000128875 0.00355699 0.0770341 0.0545029 0.0494992 
0.844716 0.0315666 0.000641634 0.00460131 7.50226e-05 7.59573e-06 0.0374919 0.045665 0.0309752 0.00426012 
0.467768 0.0379945 0.0178829 0.0259963 0.000870362 0.0149928 0.0279393 0.13945 0.134667 0.132438 
0.433139 0.0185368 0.054588 0.00736767 0.00064328 0.00448138 0.00951379 0.192471 0.116884 0.162375 
0.560396 0.0113123 0.00118585 0.00192164 7.12883e-09 5.73689e-06 7.31171e-06 0.084538 0.0260918 0.314542 
0.768709 0.0416714 0.00119123 0.00029064 0.000398028 7.0021e-05 0.00737512 0.0602627 0.0636345 0.0563976 
0.521345 0.0297191 0.012959 0.0323312 0.000615683 0.00393309 0.0318411 0.202858 0.0948734 0.0695245 
0.562091 0.0158681 0.0424367 0.0542053 0.000354494 0.0007372 0.00210327 0.11418 0.200199 0.00782534 
0.562091 0.0158681 0.0424367 0.0542053 0.000354494 0.0007372 0.00210327 0.11418 0.200199 0.00782534 
0.440501 0.0487066 0.00804945 0.0228972 0.000251529 0.00147269 0.0172949 0.281249 0.149259 0.0303192 
0.436429 0.0647601 0.00490184 0.0148802 0.000466539 0.0166857 0.0312753 0.278881 0.0762952 0.0754257 
0.619032 0.0302648 0.000437716 0.0155682 0.000311553 0.000178703 0.0841018 0.167969 0.0422033 0.0399326 
0.489485 0.0396644 0.00327184 0.0184599 0.000136294 0.000773099 0.00884543 0.117986 0.263784 0.0575933 
0.562091 0.0158681 0.0424367 0.0542053 0.000354494 0.0007372 0.00210327 0.11418 0.200199 0.00782534 
0.620128 0.00946451 0.0171458 0.000725433 8.80022e-05 0.00657155 0.0286847 0.185636 0.0216862 0.10987 
0.43319 0.00754048 0.0127964 0.0100516 0.000827069 0.000362184 0.00623905 0.171803 0.322068 0.0351223 
0.322899 0.0751307 0.0141268 0.0690007 0.000621582 0.000677508 0.0141144 0.192313 0.295659 0.0154571 
0.562091 0.0158681 0.0424367 0.0542053 0.000354494 0.0007372 0.00210327 0.11418 0.200199 0.00782534 
0.495165 0.0168427 0.0296305 0.000658016 0.000294172 0.00481702 0.0664199 0.182893 0.0635887 0.139691 
0.562091 0.0158681 0.0424367 0.0542053 0.000354494 0.0007372 0.00210327 0.11418 0.200199 0.00782534 
0.562091 0.0158681 0.0424367 0.0542053 0.000354494 0.0007372 0.00210327 0.11418 0.200199 0.00782534 
0.466385 0.0600001 0.0012232 0.014392 0.00171475 5.18273e-06 0.204115 0.193983 0.0556602 0.00252146 
0.48237 0.0269131 0.185843 0.00669653 0.00104 2.36571e-05 0.00197326 0.0991813 0.14831 0.0476484 
0.392361 0.0883011 0.0490814 0.0300079 0.000254572 0.00189277 0.0092861 0.366512 0.0483778 0.0139257 
0.562091 0.0158681 0.0424367 0.0542053 0.000354494 0.0007372 0.00210327 0.11418 0.200199 0.00782534 
0.543109 0.00955288 0.0172583 0.0054725 0.000107118 0.00177327 0.188583 0.169214 0.0624421 0.00248833 
0.349425 0.183225 0.0860606 0.0426121 3.69679e-05 0.000171699 0.0230414 0.105212 0.191629 0.0185863 
0.550221 0.0333605 0.00347874 0.0025901 0.000684378 0.000787884 0.0365169 0.28506 0.083057 0.00424365 
0.3353 0.122757 0.0238789 0.130642 9.22086e-05 0.000865192 0.0136639 0.146574 0.198588 0.0276394 
0.571862 0.00230575 0.00846853 0.00389545 0.0233523 0.0022037 0.0121295 0.114965 0.134838 0.125981 
0.562091 0.0158681 0.0424367 0.0542053 0.000354494 0.0007372 0.00210327 0.11418 0.200199 0.00782534 
0.523241 0.0249312 0.00769206 0.00015257 0.0185909 0.000321543 0.0209748 0.106808 0.115622 0.181665 
0.325388 0.0542474 0.0397451 0.010555 0.000571347 0.00874502 0.0373265 0.221306 0.178068 0.124047 
0.562091 0.0158681 0.0424367 0.0542053 0.000354494 0.0007372 0.00210327 0.11418 0.200199 0.00782534 
0.562091 0.0158681 0.0424367 0.0542053 0.000354494 0.0007372 0.00210327 0.11418 0.200199 0.00782534 
0.481887 0.0288799 0.0082279 0.00180044 0.000211617 0.000297627 0.0639203 0.175477 0.0625247 0.176774 
0.562091 0.0158681 0.0424367 0.0542053 0.000354494 0.0007372 0.00210327 0.11418 0.200199 0.00782534 
0.562091 0.0158681 0.0424367 0.0542053 0.000354494 0.0007372 0.00210327 0.11418 0.200199 0.00782534 
0.381137 0.0430368 0.0162964 0.0420754 0.000405236 0.0133662 0.0902365 0.177851 0.157549 0.0780457 
0.84375 0.0133326 6.18438e-07 0.00129352 2.07176e-06 0.00211477 0.106857 0.0136763 0.018973 6.83371e-07 
0.547482 7.96865e-05 0.00439195 0.000136217 1.10599e-05 0.067149 0.0028519 0.304073 0.0283544 0.0454712 
0.298933 0.0643692 0.000249024 0.015556 2.30453e-05 5.1912e-06 0.0145553 0.280208 0.266222 0.0598789 
0.562091 0.0158681 0.0424367 0.0542053 0.000354494 0.0007372 0.00210327 0.11418 0.200199 0.00782534 
0.509226 0.0835224 0.0137139 0.0169081 6.0553e-05 0.000295075 0.0200778 0.092812 0.159295 0.104089 
0.298963 0.186864 0.251886 0.00128725 0.0252697 0.000951062 0.0986675 0.0391796 0.052526 0.0444063 
0.3845 0.0163327 0.000592571 0.00164352 0.0788377 0.000141109 0.192822 0.239711 0.074036 0.0113835 
0.29705 0.239958 0.000206188 4.56614e-05 0.131165 0.000152252 0.226037 0.0139749 0.0571968 0.034215 
0.562091 0.0158681 0.0424367 0.0542053 0.000354494 0.0007372 0.00210327 0.11418 0.200199 0.00782534 
0.424081 0.180598 0.0054439 0.00318541 6.25331e-05 0.000476467 0.0784162 0.152207 0.114579 0.0409508 
0.268618 0.108805 0.00329877 0.00808216 0.000591338 0.00163291 0.222559 0.195167 0.150338 0.0409074 
0.657301 0.0259267 0.022676 0.0353491 0.000550865 0.00157598 0.00900485 0.143167 0.0721957 0.0322528 
0.356525 0.0732906 0.0320668 0.00361757 9.99391e-05 0.0097432 0.0678318 0.190905 0.0775292 0.188391 
0.861892 0.0445971 0.000148264 0.00272437 6.9065e-05 2.25566e-05 0.0164606 0.0520528 0.0203457 0.00168781 
0.424666 0.0720118 0.0384793 0.0531621 0.000141334 0.0338499 0.0513912 0.170329 0.0578234 0.0981461 
0.562091 0.0158681 0.0424367 0.0542053 0.000354494 0.0007372 0.00210327 0.11418 0.200199 0.00782534 
0.562091 0.0158681 0.0424367 0.0542053 0.000354494 0.0007372 0.00210327 0.11418 0.200199 0.00782534 
0.525343 0.0137448 0.0192503 0.003166 9.72371e-06 0.0708221 0.0270283 0.0985263 0.0414493 0.20066 
0.48489 0.0668062 0.0484398 0.0115613 0.000896026 0.00335346 0.0165999 0.187695 0.0676987 0.11206 
0.404383 0.0126885 0.00464653 0.00175738 0.000817583 0.000830034 0.0545594 0.378301 0.0756876 0.066329 
0.481692 0.0448096 0.0380171 0.0112641 9.44057e-05 2.02538e-05 0.025153 0.366342 0.0275498 0.00505817 
0.44772 0.010224 0.0112675 0.0302415 1.32782e-05 0.0253312 0.012552 0.188161 0.177904 0.096586 
0.416963 0.344793 0.0067691 0.0394502 2.35459e-06 1.93437e-06 0.000496328 0.130117 0.0613973 1.03079e-05 
0.333868 0.0231532 0.0250172 0.0192481 0.000728484 0.00676612 0.0406095 0.157647 0.306221 0.0867416 
0.562091 0.0158681 0.0424367 0.0542053 0.000354494 0.0007372 0.00210327 0.11418 0.200199 0.00782534 
0.640493 0.106695 0.000166886 0.000753322 6.91152e-06 1.04165e-05 0.0498353 0.101794 0.0694152 0.0308305 
