0.0264293 0.381493 0.00578178 0.176595 0.00135713 0.000390179 0.179076 0.169673 0.047669 0.0115362 
0.000994671 0.556827 0.000562709 0.208412 0.000925519 0.000398532 0.0402704 0.156215 0.0303544 0.00503936 
0.0344878 0.495798 0.00236893 0.0706586 2.45954e-07 3.74136e-07 0.0212168 0.0966369 0.26978 0.00905174 
0.0196189 0.38009 0.00481036 0.0638915 0.000124007 0.0107911 0.0092971 0.339872 0.169316 0.00218935 
0.0176178 0.292651 0.0495913 0.0394379 0.0106726 0.0672826 0.0187485 0.207047 0.0410472 0.255904 
0.00292924 0.483886 0.0154798 0.228985 1.17504e-05 0.00160586 0.155621 0.0778785 0.0130804 0.020522 
0.0738109 0.590594 0.00589624 0.0392895 1.26792e-05 0.000312086 0.00939078 0.12223 0.151558 0.00690528 
0.00364354 0.863358 0.000870683 0.0278847 0.00330961 0.000101704 0.00280593 0.067383 0.0304895 0.000153842 
0.00527191 0.690024 0.000108618 0.158301 0.00216048 9.85166e-05 0.00193013 0.0661331 0.0749251 0.0010469 
0.0250231 0.439256 0.0130348 0.0482891 0.00111019 0.00101627 0.128777 0.160651 0.158885 0.023957 
0.036818 0.454134 0.00471631 0.13722 2.21179e-05 6.18151e-06 0.0204187 0.088449 0.257429 0.000785875 
0.00280188 0.908763 0.000888244 0.0140666 0.00601442 0.000179284 0.000815182 0.0294776 0.0366935 0.000300729 
0.0240441 0.554457 0.00458417 0.107116 0.000221686 5.06823e-05 0.0374595 0.0961579 0.169744 0.00616468 
0.00853013 0.334306 0.00803187 0.270529 0.000212164 0.000796695 0.00775751 0.149469 0.0641234 0.156245 
0.00060732 0.359137 0.00309194 0.0272668 0.00051964 5.63091e-06 0.249049 0.081718 0.277633 0.000972468 
0.00466944 0.51155 0.00488945 0.127375 0.000441731 3.1957e-05 0.0323093 0.0473709 0.269518 0.00184407 
0.0345395 0.607959 0.00230522 0.0436404 0.000263446 0.00892026 0.020527 0.0966828 0.174423 0.0107394 
0.00330625 0.843977 0.00108624 0.0181109 3.77045e-05 3.86391e-05 0.00294288 0.0732671 0.0567995 0.000433229 
0.0258296 0.437791 0.00277147 0.252251 0.000123596 0.00198429 0.032488 0.129032 0.113756 0.00397359 
0.00402914 0.869607 0.00233479 0.0413766 0.00101025 0.000541289 0.00380416 0.0520152 0.0249551 0.000326365 
0.0104952 0.916876 0.00184248 0.012057 1.23197e-06 1.75916e-05 0.00999839 0.00671878 0.0379831 0.00401006 
0.0267893 0.450342 0.00387118 0.417011 0.000374345 3.86072e-06 0.00258099 0.0317856 0.0433765 0.0238651 
0.0222653 0.509558 0.000682931 0.0813114 2.86063e-06 1.82551e-05 0.0272766 0.209927 0.148644 0.000313949 
0.0146285 0.72875 3.47127e-05 0.133276 4.79776e-05 2.90277e-06 0.002844 0.0191067 0.0918782 0.00943102 
0.0306585 0.343367 0.00646116 0.00680608 1.38245e-05 0.00574463 0.163185 0.14887 0.144163 0.15073 
0.049033 0.506722 0.0088606 0.145246 0.000147579 0.000787594 0.0621143 0.112443 0.100665 0.0139816 
0.0163552 0.716099 0.00799824 0.042021 0.000475019 0.00401806 0.0208717 0.0966988 0.0906529 0.00480992 
0.00162306 0.832174 0.000337743 0.0417785 0.00263958 9.40361e-05 0.00136907 0.0564225 0.0633374 0.000223954 
0.00221533 0.8085 0.000352376 0.0471791 0.0060466 0.000125838 0.00171838 0.0634913 0.0701208 0.000250456 
1.53988e-06 0.918136 4.10389e-07 0.0682174 9.10155e-07 4.45902e-08 0.0103602 0.00291755 0.000365592 1.13657e-10 
0.0137506 0.348227 0.00342455 0.295095 0.00066478 7.60106e-05 0.0149146 0.220109 0.0972001 0.00653893 
0.00781897 0.469799 0.0518801 0.116954 0.153919 0.00126047 0.0296726 0.0947789 0.0665969 0.00732052 
0.0174583 0.42172 0.0223361 0.124028 0.0132456 0.00717857 0.187601 0.114978 0.0572569 0.0341969 
0.060568 0.633175 9.06248e-05 0.195439 2.38415e-06 9.92686e-07 0.0038198 0.0273215 0.0786054 0.000977691 
0.000666609 0.404382 0.0116505 0.0453412 4.63722e-07 5.19604e-06 0.373279 0.079395 0.0850065 0.000273473 
0.0455735 0.334649 0.00384775 0.0591216 5.60902e-07 7.67298e-05 0.0166276 0.272725 0.26586 0.00151831 
0.0112369 0.475332 0.000239768 0.0248031 0.000239811 4.97118e-05 0.250206 0.171375 0.0452773 0.0212399 
0.0408893 0.32884 0.0761157 0.0422398 0.000310682 0.00141368 0.247746 0.123858 0.10025 0.0383378 
0.00280188 0.908763 0.000888244 0.0140666 0.00601442 0.000179284 0.000815182 0.0294776 0.0366935 0.000300729 
0.0102576 0.465419 0.0020085 0.0332 5.65971e-05 0.000608146 0.0039084 0.160741 0.30766 0.0161409 
0.00640026 0.363295 0.000103919 0.0470389 8.51728e-05 0.000107437 0.146446 0.350799 0.0846416 0.0010832 
0.0674798 0.212268 0.0629635 0.101749 4.14882e-05 0.000908743 0.171555 0.167334 0.182674 0.0330264 
0.00841701 0.324522 0.000484557 0.147244 0.00217514 0.000126344 0.214532 0.186887 0.0986324 0.0169794 
0.0138292 0.513614 0.0028594 0.0805629 4.30236e-05 0.000129678 0.0804262 0.180924 0.124782 0.00282953 
0.0291402 0.519624 0.0084113 0.159458 0.00192088 0.00289241 0.0464129 0.12629 0.0886683 0.0171819 
0.0185953 0.790033 0.0170514 0.00762603 5.16476e-05 0.000915564 0.0248466 0.0627833 0.0618774 0.0162198 
0.0234613 0.668574 0.00235977 0.135331 0.000355478 0.000455835 0.0161448 0.0672574 0.0742486 0.0118119 
0.016778 0.557989 0.0148416 0.164456 4.14659e-05 0.0122865 0.0148424 0.074308 0.125949 0.0185073 
0.00280188 0.908763 0.000888244 0.0140666 0.00601442 0.000179284 0.000815182 0.0294776 0.0366935 0.000300729 
0.0712389 0.388968 0.0104959 0.048716 4.12812e-05 0.00044938 0.0735769 0.241536 0.122022 0.042956 
0.0174398 0.736607 0.000319247 0.0438014 0.00297054 0.000143466 0.0311868 0.0764843 0.0897796 0.00126811 
0.000591147 0.591268 0.0395694 0.0359503 1.41304e-07 0.00251997 0.14681 0.154902 0.0278847 0.000504805 
0.00412782 0.46143 0.000160887 0.385953 2.86935e-05 2.61731e-05 0.00379958 0.0499794 0.0881726 0.00632137 
0.011375 0.59934 0.00331124 0.106596 8.17004e-05 0.0118432 0.0417926 0.0582673 0.157371 0.0100222 
0.00110818 0.961664 0.000683746 0.00958602 1.39451e-06 1.92155e-05 0.00337994 0.0125827 0.00987444 0.00110082 
0.0421956 0.768322 0.00795285 0.0726921 5.06693e-05 1.50308e-05 0.00249506 0.0389524 0.0672006 0.000123877 
0.0118865 0.67794 0.00641328 0.114485 0.000165343 0.00033405 0.0484708 0.0785398 0.0576438 0.0041212 
0.00335311 0.358042 0.000991495 0.0422007 0.00108314 3.09939e-05 0.271691 0.25519 0.0619481 0.0054693 
0.0108997 0.644414 0.00132374 0.170876 0.000973766 0.00094397 0.0096079 0.0935201 0.0652963 0.00214468 
0.00162838 0.905319 2.85439e-05 0.00794198 6.19704e-07 7.82087e-06 0.00119304 0.0309146 0.0529097 5.65938e-05 
0.0022649 0.879739 0.000457453 0.00590325 4.88219e-06 2.34397e-06 0.00112715 0.0618199 0.0484188 0.000262539 
0.0852702 0.68814 0.00241467 6.74968e-05 8.28721e-09 1.69209e-05 0.0423664 0.0570434 0.111016 0.0136647 
0.0558142 0.394737 0.0104553 0.213329 0.000119881 4.4327e-05 0.00818808 0.213018 0.0973817 0.0069129 
0.0693625 0.394801 0.00270182 0.0117231 4.54542e-05 0.00142372 0.0742685 0.172289 0.263719 0.00966566 
0.0410629 0.4869 0.0196537 0.00984225 1.08317e-05 1.51392e-05 0.0287862 0.229293 0.18092 0.00351524 
0.00468679 0.577353 0.00379551 0.227157 3.33282e-05 8.9235e-06 0.0146886 0.0106209 0.159026 0.00263041 
0.0499412 0.574667 0.000322781 0.0125525 2.90745e-07 2.14127e-06 0.0231533 0.0740041 0.218389 0.0469678 
0.0192675 0.716653 0.0124471 0.0265941 6.55292e-07 8.74638e-05 0.0659684 0.0684838 0.0243547 0.066143 
0.00769442 0.602551 0.00102729 0.177232 6.09206e-05 0.00019376 0.00405573 0.107179 0.087713 0.0122929 
0.0380009 0.632311 0.00820123 0.0452424 1.90009e-05 0.000319436 0.0047713 0.121227 0.133783 0.0161252 
0.0128738 0.643347 0.00730376 0.0189993 8.53326e-06 1.28692e-05 0.0277414 0.0487914 0.240431 0.000490338 
0.0103249 0.779314 0.00109569 0.0938023 9.70493e-05 7.29352e-06 0.0148236 0.043204 0.0567169 0.000614641 
0.024535 0.547627 0.073643 0.0116431 0.00156219 0.000721751 0.040339 0.0649361 0.226646 0.00834675 
0.0151365 0.288378 0.00219375 0.164715 4.97872e-05 8.25427e-05 0.115677 0.243009 0.16782 0.00293857 
0.00741029 0.517737 0.0002923 0.0223743 5.21315e-06 5.70953e-06 0.0442397 0.224712 0.171664 0.0115597 
0.0403109 0.251984 0.0349972 0.033484 0.000741566 0.0108573 0.14569 0.175237 0.100136 0.206561 
0.0954387 0.233952 0.00575372 0.0671264 0.141828 0.000356953 0.104895 0.132473 0.114849 0.103328 
0.190278 0.192096 0.000536575 0.107931 2.06884e-07 0.000257096 0.164908 0.137689 0.116783 0.0895198 
0.0136085 0.644525 0.000308826 0.0216542 0.00608269 6.13897e-05 0.069976 0.0971929 0.105788 0.0408025 
0.011533 0.402097 0.0018617 0.0133294 1.0051e-05 4.31355e-06 0.0287228 0.38791 0.069069 0.0854627 
0.0133414 0.507614 0.000192913 0.0054374 0.000138928 0.000158747 0.00896701 0.34308 0.0728477 0.0482216 
0.065336 0.59949 0.0156089 0.118783 0.000148374 0.000580687 0.00299433 0.0614656 0.0702586 0.0653343 
0.0171888 0.493309 0.00486435 0.392092 2.3229e-05 0.00162093 0.00235013 0.0326168 0.053634 0.00230089 
0.00858668 0.733922 0.0035718 0.018026 3.51988e-05 1.73242e-05 0.0913954 0.0886828 0.0450718 0.0106914 
0.0330972 0.432465 0.0328694 0.0271303 0.00147902 0.00894978 0.100474 0.207832 0.140138 0.0155662 
0.182576 0.431328 0.000842315 0.128303 1.51005e-05 5.88199e-06 0.0247872 0.0450249 0.18123 0.00588725 
0.170113 0.301261 0.00881537 0.0105245 0.000753256 0.00252935 0.0764355 0.147558 0.252355 0.0296545 
0.00527191 0.690024 0.000108618 0.158301 0.00216048 9.85166e-05 0.00193013 0.0661331 0.0749251 0.0010469 
0.0224182 0.774828 0.000419515 0.0378009 0.000220679 1.48614e-05 0.0184119 0.082971 0.0627987 0.000115974 
0.0226213 0.378229 0.01303 0.0283597 0.0431647 0.00105584 0.315877 0.0942156 0.0720905 0.0313568 
0.0759734 0.36828 0.00105485 0.138856 0.000524873 0.000306268 0.0852748 0.207541 0.10684 0.0153483 
0.0342995 0.590162 0.00168886 0.017064 4.55047e-05 4.82672e-06 0.0652452 0.0844404 0.0358011 0.171248 
0.0572917 0.50187 0.00943991 0.0126235 4.50248e-05 0.000152848 0.0167707 0.218097 0.16468 0.0190294 
0.0647188 0.339969 0.00374735 0.0277964 0.00168238 5.00148e-05 0.0471357 0.197669 0.230706 0.0865259 
0.026026 0.439004 0.0017352 0.00400799 9.63998e-07 3.45222e-05 0.208998 0.168962 0.0733708 0.0778607 
0.00095009 0.992059 0.000777778 0.00381349 1.42406e-07 3.93696e-08 2.46801e-08 0.00101174 0.00138737 2.18871e-08 
0.00098818 0.573555 7.52543e-05 0.0711977 0.00695063 1.83014e-05 0.299495 0.0438459 0.00271708 0.0011575 
0.132972 0.396364 0.0119176 0.0461671 0.00110147 0.00161726 0.0551744 0.158592 0.157492 0.0386023 
0.0232501 0.542647 0.0122694 0.263719 0.00104204 0.000383423 0.0262257 0.0446952 0.0737977 0.0119712 
0.029986 0.541262 0.00148402 0.185971 0.000800444 1.21525e-05 0.019411 0.0621137 0.150976 0.00798365 
0.0500085 0.320051 0.00493133 0.0938469 0.11601 0.000124141 0.0909939 0.126387 0.132264 0.0653828 
0.0243642 0.494828 0.0400495 0.0075132 2.70047e-05 0.00579173 0.105836 0.068113 0.161461 0.0920166 
0.042265 0.365305 0.000344116 0.0378104 3.48293e-05 3.41699e-08 0.112003 0.257477 0.0121352 0.172626 
0.00552877 0.529415 0.000260676 0.155675 2.22665e-05 2.30156e-06 0.0346159 0.169308 0.104914 0.000259333 
0.00488108 0.725905 0.00474762 0.113169 0.00948583 1.33662e-05 0.054831 0.052436 0.024593 0.00993771 
0.112887 0.379174 0.00372935 0.101627 0.00133805 7.37188e-05 0.04113 0.257305 0.0157323 0.087003 
0.0044155 0.622235 0.000375294 0.123109 2.70647e-05 4.14391e-05 0.0219701 0.139361 0.0852537 0.00321235 
0.00110818 0.961664 0.000683746 0.00958602 1.39451e-06 1.92155e-05 0.00337994 0.0125827 0.00987444 0.00110082 
0.0023519 0.787825 0.00443433 0.0998515 6.07344e-06 4.62226e-05 0.0210212 0.0576792 0.0251583 0.00162631 
0.00110818 0.961664 0.000683746 0.00958602 1.39451e-06 1.92155e-05 0.00337994 0.0125827 0.00987444 0.00110082 
0.0263994 0.568283 0.00103837 0.210072 7.41626e-05 0.0145777 0.0043854 0.0836382 0.090778 0.000753679 
0.00717304 0.78228 0.000874678 0.0538295 0.000688795 0.000115581 0.0323053 0.0716956 0.0460114 0.00502656 
0.0777631 0.260919 0.011878 0.132991 0.000435509 0.000470685 0.0939382 0.256023 0.138957 0.026625 
0.00495234 0.323179 0.0254262 0.00104736 8.10074e-10 9.56819e-05 0.308967 0.0656235 0.0445382 0.226171 
0.0128833 0.46727 0.0417917 0.0262694 8.74312e-05 0.00315863 0.00851953 0.0505583 0.387979 0.00148259 
0.168967 0.252292 0.0035726 0.0359703 0.0211947 0.00040804 0.0413789 0.178656 0.21233 0.0852304 
0.00399775 0.68825 0.000359471 0.0249484 3.36703e-05 0.000310275 0.0305545 0.183226 0.0669442 0.00137566 
0.0146285 0.72875 3.47127e-05 0.133276 4.79776e-05 2.90277e-06 0.002844 0.0191067 0.0918782 0.00943102 
0.00160528 0.916128 0.015892 0.0461886 1.62363e-05 4.80907e-05 0.0110643 0.00800662 0.00041037 0.000640522 
0.0657223 0.272232 0.00697064 0.0180724 7.39497e-05 3.33387e-05 0.0353552 0.245731 0.19101 0.164799 
0.0184597 0.659535 0.0073067 0.0741406 0.000501827 0.00130989 0.0278608 0.109081 0.0891679 0.0126366 
0.211011 0.277226 0.0041805 0.0526722 0.000148745 0.000174817 0.0344702 0.145547 0.244603 0.0299671 
0.00824487 0.453395 0.00079004 0.0372399 0.00265073 5.27159e-06 0.0293387 0.33569 0.131716 0.000930633 
0.00878864 0.787879 0.000579863 0.0535508 0.00433634 0.000143312 0.00197805 0.0608776 0.0763976 0.00546829 
0.0734191 0.346295 0.0193033 0.0303369 2.90126e-07 2.90278e-07 0.0617759 0.126002 0.328787 0.0140799 
0.00164025 0.671531 0.0122975 0.0856058 2.33983e-05 0.000219171 0.129605 0.0873829 0.0102332 0.00146184 
0.000165344 0.575943 0.000565073 0.311982 1.77725e-06 2.73984e-06 0.00904469 0.0389525 0.0632863 5.73646e-05 
0.0358435 0.600076 6.17481e-08 0.0634792 3.75635e-08 0.000513843 5.08606e-07 4.42805e-06 0.0366747 0.263408 
0.0218299 0.500422 0.00373861 0.205447 0.00332936 6.27785e-05 0.0606522 0.0980944 0.102134 0.00428972 
0.00509976 0.728961 0.002269 8.56739e-05 1.38485e-05 3.2382e-08 0.173133 0.00494954 0.083474 0.00201405 
0.15339 0.260598 0.0691646 0.00591277 0.173845 6.63252e-05 0.156218 0.0584245 0.0529945 0.0693854 
0.0124168 0.702446 0.00253434 0.000193048 4.62327e-06 1.26884e-06 0.187672 0.0439757 0.0398447 0.0109108 
0.168307 0.204987 0.00379315 0.0532513 0.0148047 0.191241 0.101416 0.057527 0.197256 0.00741781 
0.00162306 0.832174 0.000337743 0.0417785 0.00263958 9.40361e-05 0.00136907 0.0564225 0.0633374 0.000223954 
0.105906 0.602983 0.000382036 0.0499494 0.000264496 6.10962e-05 0.0894172 0.0698221 0.0783878 0.00282678 
0.0102875 0.312449 0.000542374 0.0800401 6.86074e-05 3.98923e-05 0.0765232 0.259307 0.257058 0.00368374 
0.0497455 0.422457 0.00567273 0.0343969 9.31086e-05 1.11239e-05 0.150685 0.262717 0.0695412 0.00468077 
0.00861348 0.669829 0.0641342 0.0114395 3.83396e-05 0.00513938 0.00646683 0.0156882 0.217419 0.00123175 
0.00110818 0.961664 0.000683746 0.00958602 1.39451e-06 1.92155e-05 0.00337994 0.0125827 0.00987444 0.00110082 
0.00260128 0.710512 0.000833586 0.0185676 3.48246e-07 8.35776e-06 0.0423577 0.0448154 0.17791 0.00239393 
0.0129367 0.340236 0.00339911 0.0048166 3.14764e-05 0.0130059 0.147181 0.309319 0.11521 0.0538648 
0.00382409 0.701708 0.00104318 0.0388634 0.000153086 9.85127e-06 0.13403 0.0602704 0.0333196 0.0267783 
0.0171958 0.557945 0.00443031 0.0469802 0.00472752 0.000195855 0.17992 0.106397 0.0597048 0.0225029 
0.0100133 0.703484 0.00147721 0.0845789 3.40731e-05 5.52866e-05 0.0920803 0.0581998 0.0232211 0.0268558 
0.0104615 0.302371 0.00155507 0.115026 0.00116377 7.43617e-05 0.12806 0.269885 0.140504 0.0309 
0.0219052 0.744677 6.31009e-05 0.0638337 0.0642295 6.18679e-07 0.00745469 0.0482075 0.0490067 0.000621805 
0.058063 0.298131 0.0106355 0.0548748 0.00933834 0.00409775 0.0331371 0.239717 0.234439 0.0575662 
0.00160528 0.916128 0.015892 0.0461886 1.62363e-05 4.80907e-05 0.0110643 0.00800662 0.00041037 0.000640522 
0.0286703 0.40444 0.0211402 0.200984 0.000546567 0.0048005 0.00471094 0.092756 0.218915 0.0230368 
0.0102576 0.465419 0.0020085 0.0332 5.65971e-05 0.000608146 0.0039084 0.160741 0.30766 0.0161409 
0.128396 0.286888 0.0236985 0.0102523 0.000743661 0.000255747 0.103354 0.129108 0.281428 0.0358757 
0.0597316 0.428557 0.0124252 0.0992901 0.000146309 0.00407537 0.0329151 0.136179 0.184047 0.0426326 
0.00136326 0.731345 0.000499485 0.0394277 0.00448266 1.61152e-05 0.015741 0.122354 0.0846574 0.000112841 
0.00809325 0.661005 0.000383379 0.0374306 1.51888e-05 2.92543e-05 0.00643935 0.106002 0.174819 0.00578247 
0.0232061 0.336131 0.0233268 0.145363 0.000138586 0.00311074 0.0270323 0.304604 0.12953 0.0075577 
0.0299279 0.773827 0.000431196 0.00375717 1.88216e-10 8.42096e-06 0.0333885 0.0568716 0.10087 0.000918273 
0.0214814 0.357185 0.00177521 0.111106 0.000165999 3.78412e-05 0.201379 0.236484 0.0585983 0.0117868 
0.0308379 0.427443 0.000224559 0.366286 0.000243885 2.13753e-05 0.00827201 0.0549151 0.111348 0.000408007 
0.016778 0.557989 0.0148416 0.164456 4.14659e-05 0.0122865 0.0148424 0.074308 0.125949 0.0185073 
0.00783313 0.662759 0.0156638 0.138868 0.000580062 0.000177256 0.0243071 0.0668001 0.0707723 0.0122385 
0.0349135 0.512032 0.00459175 0.166858 3.93219e-05 7.7373e-06 0.00409352 0.0753444 0.201236 0.000884309 
0.0562986 0.840563 0.000892571 0.00301017 3.31855e-10 1.43456e-05 0.0221724 0.0193737 0.0465225 0.0111523 
0.0788024 0.303921 0.0427082 0.0307964 0.0120932 3.97693e-05 0.262038 0.0879243 0.0844973 0.097179 
0.0279056 0.570994 0.0170253 0.149633 0.000793898 0.000710499 0.0342918 0.0969937 0.0857554 0.0158974 
0.0618862 0.653578 3.11833e-05 0.0643147 2.07752e-05 1.08553e-06 0.0175285 0.100779 0.101381 0.000479896 
0.0128335 0.384596 0.0765877 0.260028 0.00230624 1.18126e-05 0.0383002 0.155649 0.0660499 0.00363861 
0.0694447 0.521637 0.0459583 0.052102 1.02339e-07 0.000137678 0.0600256 0.157101 0.07672 0.0168738 
0.0101625 0.443338 0.00194233 0.211226 0.0920926 8.34391e-05 0.0408107 0.140983 0.0465551 0.012807 
0.03895 0.669715 0.00489021 0.025939 5.3621e-05 0.00225135 0.0112912 0.0885895 0.14412 0.0142004 
0.000649445 0.457469 0.000236446 0.0471995 8.5603e-05 1.82804e-05 0.187058 0.190169 0.0997555 0.0173596 
0.0551136 0.617302 0.00143417 0.0188879 0.000184928 0.0504599 0.00929201 0.110717 0.132063 0.00454589 
8.27404e-06 0.440527 1.9165e-05 9.51613e-06 6.17614e-05 1.70746e-05 0.314285 0.000253232 0.24481 9.49242e-06 
0.00144229 0.531357 0.0252201 0.402762 1.26091e-08 2.50616e-07 0.000995539 0.0160833 0.0221392 3.27254e-09 
0.0645016 0.388168 0.0161849 0.0967592 0.001383 0.00631277 0.0605728 0.244974 0.0585701 0.062573 
0.0255431 0.594212 0.011926 0.156571 0.000146958 0.000375616 0.0218824 0.0609281 0.116752 0.0116626 
0.00162306 0.832174 0.000337743 0.0417785 0.00263958 9.40361e-05 0.00136907 0.0564225 0.0633374 0.000223954 
0.0644841 0.374035 0.00857398 0.0323257 0.00146474 0.00108171 0.245896 0.10104 0.133462 0.0376367 
0.0701702 0.415152 0.0231646 0.0677204 0.00545982 0.00338708 0.033367 0.186205 0.147254 0.0481201 
0.00169497 0.564401 0.000508591 0.267394 8.0993e-05 6.01582e-05 0.0627796 0.0432212 0.0588678 0.000991724 
0.171516 0.363314 0.00165122 0.0101801 2.80248e-05 1.26803e-06 0.168659 0.087045 0.185837 0.0117688 
0.124021 0.42901 0.000975871 0.0330605 0.000190154 7.52764e-05 0.0255587 0.126957 0.20433 0.0558207 
0.0165989 0.315563 0.00252181 0.231995 6.72301e-08 5.25844e-05 0.0161761 0.296728 0.0741734 0.0461914 
0.111261 0.276688 0.00467261 0.053532 0.00968081 0.00218182 0.0251933 0.236862 0.0606981 0.219231 
0.0120597 0.633627 0.00136763 0.102988 1.69536e-05 3.3177e-05 0.13749 0.0627686 0.0350527 0.0145961 
0.0193555 0.334652 0.000232104 0.310357 0.00104007 0.0155083 0.0267571 0.233599 0.0558284 0.00267041 
0.0417653 0.399974 0.0310056 0.0239996 0.000124299 0.000129855 0.0274642 0.261382 0.211138 0.00301699 
0.00330625 0.843977 0.00108624 0.0181109 3.77045e-05 3.86391e-05 0.00294288 0.0732671 0.0567995 0.000433229 
0.043453 0.444316 0.00290011 0.0196621 0.02055 0.000476063 0.191941 0.148191 0.113404 0.0151078 
0.00243298 0.789182 2.42827e-05 0.101877 0.000194751 4.53915e-06 0.0117543 0.0654281 0.0286354 0.000466941 
0.0106895 0.812241 0.00559908 0.0211018 6.27652e-05 1.36314e-05 0.0124117 0.0739143 0.062447 0.0015192 
0.0333613 0.44797 0.0012657 0.0951407 0.04427 0.000336233 0.0229333 0.160763 0.173463 0.0204971 
0.0365973 0.524653 0.000983329 0.0151239 3.63654e-05 4.96251e-06 0.135513 0.148181 0.0880109 0.0508964 
0.016377 0.666195 0.0042445 0.070128 0.0033784 0.000140363 0.0223969 0.0994646 0.106428 0.0112471 
6.40974e-05 0.375014 0.000124947 0.14227 0.00249187 4.76383e-05 0.368475 0.10461 0.00690165 1.81052e-07 
0.0351557 0.456476 0.00154843 0.00138396 0.00142366 0.0880772 0.0154817 0.234011 0.0640324 0.102409 
0.00643386 0.630083 0.00109071 0.207611 0.000371206 9.71276e-05 0.0225735 0.0976883 0.0268604 0.00719056 
0.00347714 0.626133 0.00150609 0.018852 2.42245e-06 4.75969e-05 0.0399746 0.165285 0.141835 0.00288708 
0.039042 0.307389 0.0494957 0.0637706 0.00011961 0.000158563 0.0338477 0.183963 0.299018 0.0231952 
0.00110818 0.961664 0.000683746 0.00958602 1.39451e-06 1.92155e-05 0.00337994 0.0125827 0.00987444 0.00110082 
0.015182 0.754392 0.00156245 0.0660614 0.00107584 8.62504e-05 0.0338406 0.0653974 0.0570523 0.00534998 
0.035097 0.411669 0.00997564 0.078135 0.000117153 0.00956189 0.105345 0.228551 0.107224 0.0143235 
0.0164369 0.517818 0.0100491 0.191345 0.000175312 0.00750934 0.0149517 0.0955381 0.133772 0.0124043 
0.119261 0.259572 0.0136711 0.0630799 7.96008e-05 0.00162208 0.0732081 0.225903 0.165976 0.0776272 
0.0186607 0.581523 0.0013002 0.0717907 1.6911e-05 1.22763e-05 0.020028 0.180782 0.115784 0.0101027 
0.0226741 0.724342 0.00720072 0.0594728 0.000118836 0.00117999 0.0384323 0.0759097 0.0574459 0.0132234 
0.00162306 0.832174 0.000337743 0.0417785 0.00263958 9.40361e-05 0.00136907 0.0564225 0.0633374 0.000223954 
0.00989422 0.803296 0.00216205 0.0359703 9.83954e-05 3.44344e-05 0.0269427 0.0713606 0.0470921 0.00314954 
0.022809 0.602531 0.00753701 0.0704894 3.47108e-05 1.87543e-05 0.0198061 0.106583 0.099468 0.0707229 
0.0517237 0.287495 0.0478539 0.00874964 0.00202207 0.0014346 0.121252 0.225545 0.221833 0.0320914 
0.0102709 0.319753 0.00626066 0.00570039 0.000413223 3.02432e-05 0.167789 0.283375 0.118748 0.0876596 
0.028023 0.390876 0.0155072 0.0325088 0.000180952 0.0510695 0.047491 0.228257 0.0671015 0.138984 
0.0461617 0.584869 0.012438 0.000783334 0.000421975 0.00402102 0.0154923 0.0454271 0.257636 0.0327494 
0.00522318 0.574742 0.0045837 0.157584 6.10939e-05 9.94084e-06 0.0234936 0.153486 0.0680716 0.0127446 
0.0472435 0.319789 0.0112365 0.299235 2.53991e-06 5.74569e-05 0.0882064 0.12175 0.102042 0.0104374 
0.0333613 0.44797 0.0012657 0.0951407 0.04427 0.000336233 0.0229333 0.160763 0.173463 0.0204971 
0.00357281 0.410503 0.000434567 0.348773 3.07107e-05 1.47933e-05 0.064829 0.0959963 0.0756137 0.000232543 
0.00162306 0.832174 0.000337743 0.0417785 0.00263958 9.40361e-05 0.00136907 0.0564225 0.0633374 0.000223954 
0.0153787 0.766153 0.00765032 0.0864822 2.96396e-06 0.00666178 0.00269676 0.041985 0.0690984 0.00389092 
0.032951 0.695435 0.0130641 0.211559 4.93106e-05 2.01079e-05 0.0021321 0.0156445 0.0258329 0.00331146 
0.00135367 0.714844 0.00127049 0.0939879 0.00653902 0.000333183 0.025581 0.0969889 0.0580391 0.00106247 
0.0148812 0.765482 0.0099459 0.0979404 4.33911e-06 0.00976896 0.00305093 0.0331019 0.0608247 0.00499993 
0.0301351 0.393649 0.0050046 0.0323544 0.000101733 2.38379e-05 0.0839247 0.311032 0.12782 0.0159546 
0.0817965 0.420486 0.00817711 0.0634345 0.000117908 0.000548908 0.0699043 0.243706 0.0789711 0.032858 
0.00280188 0.908763 0.000888244 0.0140666 0.00601442 0.000179284 0.000815182 0.0294776 0.0366935 0.000300729 
0.0739868 0.636227 0.00627118 0.108494 0.00011701 2.69396e-06 0.00770027 0.0798812 0.0870019 0.000317586 
0.0275902 0.514619 0.0216168 0.0552064 0.0024513 0.000198358 0.119236 0.155621 0.0481172 0.0553438 
0.00608554 0.537914 0.0085122 0.0207891 0.00242558 1.3036e-05 0.0770893 0.190711 0.15571 0.000750504 
0.0334516 0.619304 0.00672518 0.0290232 0.000118171 0.00161163 0.0510889 0.0922699 0.11991 0.0464978 
0.0774777 0.511645 0.00162634 0.110083 0.000170218 8.21664e-06 0.0300568 0.14076 0.111774 0.0163996 
0.0138128 0.515462 0.00167987 0.301472 1.76738e-06 2.88263e-06 0.00860494 0.0119176 0.14667 0.000375801 
0.0140438 0.557502 0.000721568 0.0539258 0.00011339 4.12019e-05 0.0271012 0.247687 0.0885754 0.010288 
0.00160528 0.916128 0.015892 0.0461886 1.62363e-05 4.80907e-05 0.0110643 0.00800662 0.00041037 0.000640522 
0.10693 0.672319 3.89428e-05 0.064167 1.45334e-06 2.79995e-05 0.00922135 0.0344268 0.0968953 0.0159717 
0.00172036 0.963273 0.000442222 0.00962685 4.17657e-06 4.45004e-05 0.00598436 0.00757885 0.00962811 0.00169775 
0.0335327 0.612002 0.00800568 0.0857229 0.000370057 0.000111915 0.0400702 0.126207 0.0829449 0.0110331 
0.00412782 0.46143 0.000160887 0.385953 2.86935e-05 2.61731e-05 0.00379958 0.0499794 0.0881726 0.00632137 
0.025925 0.511919 0.00132578 0.0509751 1.29724e-05 9.58624e-06 0.0625991 0.240305 0.104136 0.00279244 
0.0130913 0.58591 0.000110985 0.0563463 0.000218105 5.9159e-06 0.00951663 0.183296 0.150665 0.000840468 
0.0196954 0.697461 0.00402185 0.111455 0.0004776 2.3232e-05 0.026109 0.079134 0.0460903 0.0155323 
0.0388087 0.672322 0.0108609 0.0614649 0.000757202 4.95781e-05 0.157869 0.0060857 0.00110549 0.0506759 
0.0926641 0.509577 0.00222319 0.00207279 0.000344125 2.49352e-05 0.0491492 0.242122 0.0963516 0.00547069 
0.00405236 0.896973 0.00754191 0.0227583 8.36945e-07 6.13216e-07 0.000948083 0.0293985 0.0364146 0.00191209 
0.00128402 0.798253 0.0039398 0.0847134 4.42065e-05 1.49729e-05 0.010061 0.0652465 0.0333134 0.00312929 
0.00609841 0.685771 0.000526109 0.0448409 7.55089e-05 4.22371e-05 0.0261584 0.048299 0.185588 0.00260075 
0.0237824 0.635121 0.0315788 0.00256147 5.66456e-06 6.2219e-05 0.0138402 0.162258 0.129386 0.00140449 
0.0512357 0.472765 0.00769169 0.049654 0.000573718 0.000295246 0.127754 0.124535 0.141387 0.0241083 
0.00424682 0.861527 0.000766016 0.0127708 4.69622e-05 2.72592e-05 0.00295551 0.0635761 0.0537775 0.000305519 
0.0571582 0.554177 0.000157557 0.00716046 7.46981e-08 0.000202548 0.044511 0.0675378 0.24088 0.0282156 
0.020878 0.696766 0.000813395 0.0415842 4.26969e-05 4.01925e-05 0.0619398 0.0774434 0.0402742 0.0602176 
0.00110818 0.961664 0.000683746 0.00958602 1.39451e-06 1.92155e-05 0.00337994 0.0125827 0.00987444 0.00110082 
0.0325615 0.321738 0.0174666 0.14924 0.00150256 0.000644657 0.120934 0.243072 0.0886502 0.0241918 
0.00609306 0.785123 0.0059039 0.0354697 0.00191504 8.67609e-05 0.0138279 0.0791713 0.0706875 0.00172204 
0.0659444 0.455498 0.00553458 0.101109 0.000754719 0.000107041 0.0200606 0.245434 0.0909488 0.0146084 
0.0289184 0.809169 0.000439796 0.00888939 4.53618e-06 1.32127e-06 0.0063144 0.0729248 0.0717948 0.00154339 
0.00994082 0.472258 0.0126931 0.280847 0.00135525 0.000197986 0.0141152 0.0869872 0.109725 0.0118805 
0.0319882 0.311676 0.00753255 0.114999 0.000664645 3.79817e-05 0.131786 0.295899 0.0774443 0.0279723 
0.00526788 0.678206 0.00189884 0.127206 0.00176982 2.05998e-05 0.0164145 0.107306 0.0596208 0.00228896 
0.0298656 0.513776 0.00638683 0.098338 0.000240754 3.98016e-05 0.0413644 0.146765 0.161034 0.00218964 
0.147341 0.481134 3.72669e-07 0.00377068 1.24843e-06 9.54673e-06 0.0382637 0.182975 0.0711136 0.0753908 
0.0455735 0.334649 0.00384775 0.0591216 5.60902e-07 7.67298e-05 0.0166276 0.272725 0.26586 0.00151831 
0.0357293 0.567655 0.00893383 0.0764142 1.28096e-05 4.66024e-05 0.0345447 0.106674 0.167361 0.00262917 
0.0238602 0.344199 0.0328865 0.0082286 0.00164424 0.00846366 0.169539 0.228349 0.126188 0.0566409 
0.0628498 0.284062 0.00973262 0.0202682 0.000565928 0.000701332 0.269522 0.224653 0.114741 0.0129041 
0.0302785 0.403795 0.00466023 0.0284276 0.000561962 0.000282619 0.0232588 0.180797 0.313097 0.0148407 
0.00550582 0.497402 0.00162064 0.196066 0.000862867 0.000171284 0.0550094 0.154916 0.0684548 0.0199908 
0.0228379 0.683983 0.013796 0.099696 5.86763e-05 0.00221254 0.0121861 0.0854613 0.0670992 0.0126693 
0.0200537 0.592282 0.0109905 0.172526 0.00216253 0.00754919 0.0308471 0.100528 0.0546955 0.00836543 
0.00794159 0.779233 4.28137e-05 0.0708141 9.22319e-07 2.28327e-06 0.00108166 0.0633218 0.0775221 4.00716e-05 
0.00160528 0.916128 0.015892 0.0461886 1.62363e-05 4.80907e-05 0.0110643 0.00800662 0.00041037 0.000640522 
0.00577126 0.661101 0.000147669 0.0300493 0.0180372 6.45312e-05 0.251347 0.0293335 0.00295224 0.00119607 
0.00648494 0.70799 0.00549957 0.1289 6.49848e-05 0.000111503 0.00684102 0.0937855 0.0483402 0.00198292 
0.147341 0.481134 3.72669e-07 0.00377068 1.24843e-06 9.54673e-06 0.0382637 0.182975 0.0711136 0.0753908 
0.00986885 0.598512 0.000702995 0.0808792 0.00533547 2.48802e-05 0.0620944 0.130937 0.109969 0.00167595 
0.0146285 0.72875 3.47127e-05 0.133276 4.79776e-05 2.90277e-06 0.002844 0.0191067 0.0918782 0.00943102 
0.00167077 0.333191 0.00350895 0.153294 0.000557243 0.000434215 0.283653 0.188373 0.0220018 0.0133149 
0.0128266 0.529482 0.00367176 0.287148 6.84994e-05 0.00438807 0.00771062 0.0578357 0.0846801 0.0121884 
0.0240177 0.562943 0.00216701 0.0175823 0.0002362 0.0687068 0.0169705 0.122583 0.0589187 0.125875 
0.0027287 0.710313 0.00019912 0.0709486 0.00396058 0.000169115 0.00242283 0.0974976 0.111517 0.00024418 
0.0190614 0.511438 0.0169015 0.200704 0.00064043 0.00298014 0.0153282 0.107513 0.104597 0.0208364 
0.0164643 0.608587 0.00316846 0.181267 0.000391007 4.48169e-05 0.00510995 0.0701878 0.111257 0.00352241 
0.0123287 0.899369 1.38944e-05 0.0123035 1.08695e-06 8.46738e-08 0.00104079 0.051249 0.00703952 0.016654 
0.00330625 0.843977 0.00108624 0.0181109 3.77045e-05 3.86391e-05 0.00294288 0.0732671 0.0567995 0.000433229 
0.0445331 0.476925 0.000523576 0.1827 0.000525057 5.65159e-05 0.0836008 0.153682 0.0215581 0.0358964 
0.00352759 0.829007 0.00106008 0.0179504 6.26699e-05 4.54987e-05 0.00319823 0.0808783 0.0637975 0.000473119 
0.00330625 0.843977 0.00108624 0.0181109 3.77045e-05 3.86391e-05 0.00294288 0.0732671 0.0567995 0.000433229 
0.34484 0.508325 0.00213288 0.0105559 0.000125121 0.000114304 0.0312007 0.0368864 0.0568892 0.00893054 
0.000165344 0.575943 0.000565073 0.311982 1.77725e-06 2.73984e-06 0.00904469 0.0389525 0.0632863 5.73646e-05 
0.0138128 0.515462 0.00167987 0.301472 1.76738e-06 2.88263e-06 0.00860494 0.0119176 0.14667 0.000375801 
0.0202079 0.842079 0.00139636 0.0247895 0.0001623 1.05779e-05 0.000968718 0.0598983 0.0498881 0.000599501 
0.0517237 0.287495 0.0478539 0.00874964 0.00202207 0.0014346 0.121252 0.225545 0.221833 0.0320914 
0.0831578 0.380971 0.00137804 0.0757807 5.50116e-05 0.000681606 0.096624 0.181553 0.145488 0.0343112 
0.0113181 0.777826 0.0178158 0.0952695 2.05476e-07 8.97517e-06 0.00349836 0.0526129 0.0387782 0.00287151 
0.0824527 0.800881 0.00135699 0.0616618 6.15828e-08 9.35472e-05 0.000405571 0.0157356 0.0257565 0.0116561 
0.0296606 0.367561 0.00509016 0.0879117 0.0692033 0.000220846 0.0209955 0.136452 0.268299 0.0146059 
0.00352233 0.591044 0.00212715 0.305853 1.45942e-05 6.58244e-05 0.00996888 0.0345739 0.0494344 0.00339581 
0.0138262 0.633703 0.00355342 0.13191 0.00599455 0.000213712 0.01611 0.063374 0.124467 0.00684882 
0.00270747 0.498333 0.000278287 0.265547 0.177688 2.4446e-07 0.0226009 0.0314694 0.00135197 2.33465e-05 
0.00521775 0.821621 0.000286048 0.0243454 0.000975683 7.83282e-05 0.00475449 0.0694322 0.0723385 0.000950502 
0.0183917 0.643365 0.00258312 0.0522925 0.000196484 0.000500548 0.0543478 0.0293763 0.179547 0.0193997 
0.00563717 0.39029 0.0184169 0.347308 0.000130295 6.80565e-05 0.0168341 0.084343 0.116759 0.0202142 
0.0425035 0.418876 0.00385768 0.0108635 0.054238 1.52863e-05 0.15641 0.0998319 0.18249 0.0309138 
0.14559 0.377518 0.280884 0.0255124 1.21458e-05 1.71064e-05 0.0233016 0.0269013 0.119487 0.000776245 
0.00522227 0.311086 0.000479804 0.252831 3.22868e-05 8.80469e-06 0.177716 0.204568 0.0242028 0.0238533 
0.0146285 0.72875 3.47127e-05 0.133276 4.79776e-05 2.90277e-06 0.002844 0.0191067 0.0918782 0.00943102 
0.0226851 0.367894 0.0044673 0.0193862 0.0187598 0.000514429 0.21674 0.249166 0.095261 0.0051262 
0.0616795 0.598837 0.00756372 0.0894608 0.000475612 0.000319806 0.0180681 0.0620376 0.14621 0.0153479 
0.00936527 0.655793 0.123213 0.0178139 0.00019362 0.00955521 0.00745388 0.0505547 0.103681 0.0223761 
0.0518239 0.725317 8.8808e-05 0.0574962 0.00228215 5.02873e-06 0.0235397 0.0587765 0.0441852 0.0364857 
0.0757157 0.499557 0.00174823 0.0150398 0.00127638 0.000101924 0.179423 0.0732953 0.144155 0.00968776 
0.0138128 0.515462 0.00167987 0.301472 1.76738e-06 2.88263e-06 0.00860494 0.0119176 0.14667 0.000375801 
0.0517237 0.287495 0.0478539 0.00874964 0.00202207 0.0014346 0.121252 0.225545 0.221833 0.0320914 
0.0716549 0.449565 0.00402586 0.0680082 0.000492365 6.17425e-05 0.0748191 0.162794 0.148515 0.0200638 
0.000789081 0.370433 0.0247215 0.077195 5.62717e-05 0.000773531 0.305135 0.149006 0.0542566 0.0176351 
0.0727449 0.383241 0.0161398 0.128314 0.00112115 0.00167862 0.0865761 0.175181 0.110042 0.0249621 
0.1356 0.380984 0.00776943 0.0183369 0.000890255 0.0072658 0.031514 0.241325 0.149652 0.0266619 
0.0197949 0.431797 0.00893918 0.163013 0.000154867 0.00148227 0.00809466 0.132714 0.228021 0.00598915 
0.0191647 0.551562 0.000414246 0.0723976 3.81e-06 1.05978e-05 0.1054 0.190855 0.0566337 0.00355744 
0.0483038 0.562007 0.00043999 0.215663 0.00010831 4.12058e-06 0.00879871 0.060389 0.102534 0.00175171 
0.0305551 0.469076 0.00582696 0.103201 0.000202958 0.0108668 0.189664 0.159531 0.0202646 0.0108117 
0.00917232 0.685142 0.0109367 0.034405 1.16616e-07 1.23094e-05 0.0226477 0.178989 0.0481582 0.0105372 
0.0022649 0.879739 0.000457453 0.00590325 4.88219e-06 2.34397e-06 0.00112715 0.0618199 0.0484188 0.000262539 
0.00172039 0.604171 0.000497051 0.0858536 4.71221e-05 0.000415859 0.0508098 0.128917 0.125615 0.00195337 
0.140808 0.479915 0.014812 0.0607861 0.0353106 0.000217484 0.0596478 0.0647025 0.137599 0.00620129 
0.0504724 0.677036 0.0012007 0.0284733 0.000218311 5.20454e-06 0.00617454 0.0657394 0.150645 0.0200348 
0.00834162 0.772741 0.00233428 0.0251731 0.000118377 6.52013e-07 0.0107251 0.0902576 0.0832967 0.00701146 
0.00424682 0.861527 0.000766016 0.0127708 4.69622e-05 2.72592e-05 0.00295551 0.0635761 0.0537775 0.000305519 
0.0401968 0.500112 0.0037351 0.0204547 0.000121178 8.38388e-05 0.0569044 0.171977 0.171191 0.0352247 
0.0118982 0.386472 0.00460936 0.017314 4.65977e-11 0.00089298 0.032416 0.115438 0.221952 0.209008 
0.0192341 0.407277 0.000368841 0.0580492 0.000300508 2.45624e-05 0.246911 0.0992851 0.141562 0.0269875 
0.0169582 0.750153 0.0079607 0.0606827 0.000881396 2.8251e-05 0.00392674 0.0850263 0.0733407 0.00104174 
0.0826705 0.497769 0.00270301 0.0230914 0.000184049 2.38247e-05 0.0112374 0.14064 0.23142 0.0102608 
0.0155016 0.418907 0.00129136 0.00789926 2.45386e-05 6.6231e-05 0.285994 0.160885 0.0509536 0.0584769 
0.0270348 0.601267 0.00915477 8.27644e-05 0.00119458 0.000372836 0.0365239 0.125764 0.108844 0.0897611 
0.000433182 0.426534 0.000114628 0.0231976 7.73212e-06 0.000397271 0.261689 0.00859014 0.1302 0.148837 
0.019396 0.624169 0.0094617 0.164917 0.00157119 0.00014668 0.00786196 0.088849 0.0781825 0.00544514 
0.016894 0.600143 0.00123185 0.0660899 8.68921e-05 1.24197e-05 0.0654523 0.180235 0.0669658 0.00288853 
0.0494878 0.387294 0.0022117 0.00497159 0.000449593 0.113004 0.0328127 0.187035 0.181597 0.0411361 
0.0272436 0.356492 0.0103134 0.0303237 5.77432e-05 0.00738589 0.13842 0.172604 0.0419125 0.215246 
0.00839971 0.812736 0.000307511 0.00992253 3.27269e-05 5.26287e-05 0.0130839 0.0943174 0.0587062 0.00244191 
0.0824527 0.800881 0.00135699 0.0616618 6.15828e-08 9.35472e-05 0.000405571 0.0157356 0.0257565 0.0116561 
0.00341073 0.738282 0.000525949 0.0639298 0.00045446 7.4731e-06 0.0851665 0.0828279 0.0229741 0.00242086 
0.0412406 0.503169 0.00658583 0.0516954 4.64833e-05 0.00010432 0.0897923 0.196678 0.090249 0.0204386 
0.00162306 0.832174 0.000337743 0.0417785 0.00263958 9.40361e-05 0.00136907 0.0564225 0.0633374 0.000223954 
0.0261661 0.481304 0.0225783 0.118193 1.80259e-06 2.04213e-06 0.119155 0.165382 0.0615701 0.00564767 
0.0820583 0.277415 0.0221297 0.0401369 0.000391903 0.000506135 0.1035 0.225074 0.212915 0.0358729 
0.0443573 0.605448 0.000234464 0.157412 3.14761e-05 9.85041e-06 0.000917233 0.0564789 0.13334 0.00177091 
0.0619358 0.673827 0.00334192 0.0571302 0.000128162 1.06171e-05 0.00727743 0.136828 0.0532992 0.00622227 
0.0123428 0.631295 0.00748252 0.113887 0.000419334 0.00257844 0.0422927 0.0940446 0.0774839 0.0181737 
0.0703962 0.378502 0.00186289 0.0182081 2.31094e-05 0.000753513 0.264562 0.125672 0.102995 0.0370255 
0.064339 0.61342 0.00119663 0.0273939 0.00368037 0.000110037 0.0147344 0.129723 0.14011 0.00529227 
0.0098273 0.389483 0.011602 0.115385 0.000341615 0.00011242 0.164393 0.173222 0.130079 0.00555451 
0.00245614 0.478998 0.00587506 0.0926732 0.000832476 9.34839e-05 0.00567022 0.265489 0.126748 0.0211651 
0.00424682 0.861527 0.000766016 0.0127708 4.69622e-05 2.72592e-05 0.00295551 0.0635761 0.0537775 0.000305519 
0.0517237 0.287495 0.0478539 0.00874964 0.00202207 0.0014346 0.121252 0.225545 0.221833 0.0320914 
0.00162306 0.832174 0.000337743 0.0417785 0.00263958 9.40361e-05 0.00136907 0.0564225 0.0633374 0.000223954 
0.0431195 0.495913 0.00534488 0.0364108 0.000332928 3.71575e-05 0.0181053 0.252442 0.124065 0.0242293 
0.00920547 0.281076 0.00339341 0.0610816 0.000447595 9.41407e-05 0.118749 0.254826 0.26174 0.0093879 
0.0680546 0.426734 0.00141848 0.273068 3.19716e-05 6.52181e-06 0.00128075 0.09779 0.116187 0.015429 
0.00162306 0.832174 0.000337743 0.0417785 0.00263958 9.40361e-05 0.00136907 0.0564225 0.0633374 0.000223954 
0.00466985 0.851102 0.000785327 0.0137384 6.81731e-05 3.32083e-05 0.00312501 0.0688521 0.0572781 0.000347432 
0.0921668 0.401724 0.000425003 0.0302977 0.0704426 0.000409306 0.0571927 0.157225 0.145865 0.0442517 
0.00372535 0.73732 0.00223067 0.137755 0.0019215 0.000429971 0.0239226 0.0667855 0.0250883 0.000822025 
0.00796156 0.446905 0.0095488 0.265834 0.000388257 0.000314919 0.0878029 0.11691 0.0442687 0.020066 
0.0155412 0.6918 0.0223514 0.117463 2.25293e-06 0.000139763 0.00743711 0.0602356 0.0713474 0.0136826 
0.00522236 0.605924 0.000441317 0.0966695 0.000313399 8.91276e-06 0.0739643 0.0859153 0.129014 0.00252655 
0.00551467 0.511117 0.00131059 0.207603 0.000100584 0.000174029 0.0119681 0.17207 0.0850994 0.00504362 
0.0138063 0.51911 0.0150923 0.0054453 6.91051e-06 5.19481e-06 0.054544 0.0703431 0.318405 0.00324223 
0.0146285 0.72875 3.47127e-05 0.133276 4.79776e-05 2.90277e-06 0.002844 0.0191067 0.0918782 0.00943102 
0.070264 0.435783 0.00457661 0.114071 2.44561e-06 1.15732e-05 0.00222968 0.0926953 0.269126 0.0112406 
0.00330625 0.843977 0.00108624 0.0181109 3.77045e-05 3.86391e-05 0.00294288 0.0732671 0.0567995 0.000433229 
0.0112087 0.854208 0.00210893 0.0602556 2.42775e-05 0.000228123 0.00343525 0.0210552 0.0405521 0.0069237 
0.0337917 0.47975 0.0121212 0.0882187 0.0011854 0.000232605 0.255514 0.0707267 0.0279973 0.0304626 
0.00424682 0.861527 0.000766016 0.0127708 4.69622e-05 2.72592e-05 0.00295551 0.0635761 0.0537775 0.000305519 
0.00781922 0.441372 0.0720685 0.0126287 4.49512e-05 0.00335491 0.257175 0.106549 0.0762517 0.0227359 
0.0221905 0.627177 0.0313852 0.0445966 0.000458826 0.000260127 0.0485749 0.0792971 0.14186 0.00420064 
0.0114866 0.670757 0.0465217 0.00829725 2.79095e-05 0.00753741 0.0201912 0.0343025 0.185556 0.0153226 
0.000860844 0.551401 2.16851e-05 0.0191314 8.06438e-05 0.000101193 0.315162 0.0294774 0.0646987 0.0190646 
0.0141704 0.788142 0.00052008 0.0397945 4.6042e-10 4.9018e-05 0.116105 0.0182823 0.0176796 0.00525678 
0.0555007 0.391638 0.00209357 0.0170304 0.0001421 1.18992e-05 0.0210729 0.149682 0.292712 0.0701157 
0.0761491 0.404905 0.0110492 0.0402986 0.00385289 0.00568862 0.058949 0.198911 0.1883 0.0118971 
0.0465529 0.56794 0.00669512 0.104001 0.000356818 0.000121027 0.027865 0.144573 0.0894166 0.0124782 
0.0171089 0.540419 0.000346507 0.0442767 0.000110183 2.06849e-05 0.138079 0.161797 0.0931204 0.00472188 
0.0516932 0.565533 0.0081381 0.0335524 7.73123e-05 1.7259e-05 0.0616409 0.0833939 0.182814 0.0131394 
0.0153787 0.766153 0.00765032 0.0864822 2.96396e-06 0.00666178 0.00269676 0.041985 0.0690984 0.00389092 
0.00712354 0.288245 0.00301913 0.100431 5.0992e-05 0.000644524 0.0769038 0.255546 0.240878 0.027158 
0.0618862 0.653578 3.11833e-05 0.0643147 2.07752e-05 1.08553e-06 0.0175285 0.100779 0.101381 0.000479896 
