0.011852 0.00848703 0.737949 0.000971094 0.0533834 0.0190293 2.4832e-05 0.0771538 0.091004 0.000145445 
0.027112 0.0131259 0.498591 0.000251258 0.0756254 0.184969 0.000934005 0.145841 0.0530002 0.000550189 
0.167229 0.00539733 0.297211 0.00150729 0.176923 0.0818002 0.00126532 0.215933 0.0490535 0.00368032 
0.0334419 0.0141601 0.640806 0.0140545 0.0602186 0.0463495 0.00207915 0.157307 0.0310814 0.000501516 
0.019949 0.0115949 0.608654 0.014136 0.151247 0.0269912 0.000238461 0.14331 0.0238144 6.49423e-05 
0.0649117 0.0115362 0.466472 0.0097641 0.0703498 0.152339 0.00261125 0.179736 0.0422024 7.73336e-05 
0.0161254 0.0371703 0.397144 0.000508035 0.333211 0.0233939 0.000626312 0.165902 0.0254166 0.000501942 
0.00135729 0.069287 0.522425 0.000125458 0.0730638 0.25595 1.0031e-05 0.030601 0.047175 4.7237e-06 
0.00781259 0.00955441 0.476958 0.000205566 0.151237 0.112869 0.000665346 0.208607 0.032085 6.72327e-06 
0.016834 0.0142071 0.412742 0.00183913 0.0526649 0.311095 0.00152164 0.145717 0.0431455 0.000234891 
0.0259079 0.00934711 0.662014 0.00131347 0.108622 0.0275016 0.000733208 0.139375 0.0251562 2.94555e-05 
0.120902 0.0425885 0.399156 0.000890677 0.134646 0.0851676 0.00106437 0.160594 0.0538668 0.00112399 
0.00951886 0.0105346 0.673843 0.00175994 0.118499 0.0523149 0.000844953 0.109857 0.0195545 0.00327462 
0.0364023 0.0146318 0.438843 0.00134147 0.231045 0.0567903 0.000319179 0.196547 0.0237984 0.000280808 
0.0155729 0.0104027 0.397265 0.00541964 0.0421028 0.246371 7.82445e-05 0.146855 0.131107 0.00482556 
0.005627 0.00934439 0.503919 0.00701373 0.0642029 0.306581 3.73117e-05 0.077981 0.024517 0.00077628 
0.01785 0.0098713 0.34253 0.000788687 0.0081687 0.310437 0.0109247 0.204065 0.0953591 6.21648e-06 
0.00135729 0.069287 0.522425 0.000125458 0.0730638 0.25595 1.0031e-05 0.030601 0.047175 4.7237e-06 
0.0183757 0.0319147 0.536478 0.00134402 0.0538616 0.0789948 0.000202741 0.151418 0.127148 0.000262475 
0.0270291 0.0331664 0.378721 0.000298401 0.0205312 0.132118 0.00645018 0.285113 0.107336 0.00923704 
0.00805612 0.0116344 0.680301 0.0232316 0.0463059 0.0670451 0.000194319 0.142871 0.0193141 0.00104694 
0.0340925 0.0865893 0.380026 0.00250419 0.253867 0.0536393 0.004541 0.120346 0.058951 0.00544383 
0.0732837 0.00884884 0.510705 1.09632e-06 0.227738 0.0135782 0.00046363 0.135874 0.0294384 6.97483e-05 
0.0115958 0.0105748 0.690445 0.000684467 0.107906 0.0460199 0.000465042 0.114875 0.0164895 0.000944771 
0.0162285 0.015658 0.716678 0.000169523 0.128027 0.0407872 3.507e-06 0.0694487 0.0129946 5.35272e-06 
0.0563173 0.00384342 0.679867 6.23303e-06 0.0545346 0.101532 4.51343e-05 0.0804656 0.0233777 1.07225e-05 
0.0050093 0.00415016 0.469092 0.00871722 0.0349669 0.227496 0.000268631 0.165204 0.0829375 0.00215896 
0.139932 0.0810686 0.244509 0.00305016 0.0448254 0.091513 0.0209892 0.232361 0.134011 0.00774013 
0.0238804 0.0689277 0.302064 0.00106064 0.0360139 0.159561 0.0292099 0.224976 0.150968 0.00333815 
0.0156713 0.0061773 0.610311 0.000174958 0.0205126 0.044306 0.000249114 0.26793 0.0346578 1.03542e-05 
0.0389186 0.0217063 0.272619 0.00223416 0.0709429 0.206619 0.00173659 0.262483 0.120772 0.00196767 
0.0156893 0.0207739 0.526426 0.00658086 0.157862 0.104445 0.00103113 0.11941 0.0465417 0.0012394 
0.0179219 0.0443945 0.536675 0.00053029 0.0462212 0.100977 0.000238655 0.191266 0.0615189 0.000256818 
0.00944683 0.0111574 0.500484 0.0127282 0.235525 0.0677175 0.000374322 0.131755 0.030331 0.000480201 
0.0337297 0.0196502 0.416325 0.00443364 0.0537105 0.176931 0.000286535 0.236679 0.0524923 0.00576233 
0.0216406 0.0328325 0.35412 0.00423128 0.111532 0.227797 0.00491119 0.171393 0.0652128 0.00632888 
0.00135729 0.069287 0.522425 0.000125458 0.0730638 0.25595 1.0031e-05 0.030601 0.047175 4.7237e-06 
0.0090039 0.0244103 0.618624 0.00535091 0.0862829 0.0987709 0.000227659 0.111526 0.0430364 0.00276768 
0.0232461 0.0462601 0.478198 0.00391294 0.0697982 0.122543 0.0010012 0.181346 0.0660636 0.00763084 
0.0952286 0.0272766 0.302659 0.000395954 0.0216632 0.216664 7.56362e-05 0.268454 0.0675586 2.44722e-05 
0.0253852 0.027554 0.351604 0.00377088 0.260803 0.0957836 0.000801895 0.141919 0.0873695 0.00500906 
0.00414519 0.0102813 0.858604 4.13781e-05 0.0332055 0.0509307 2.54274e-05 0.0310655 0.0116714 2.92032e-05 
0.0047989 0.00686915 0.410322 0.00107755 0.306836 0.149033 0.00156653 0.0793187 0.0366043 0.00357265 
0.00749327 0.0353524 0.376314 0.0104756 0.351516 0.0718991 0.00109837 0.121862 0.0226313 0.00135761 
0.0318473 0.0280912 0.311173 0.0022849 0.177193 0.183377 0.00130435 0.19097 0.0724595 0.00129951 
0.0283917 0.0218815 0.577715 0.0103792 0.0300537 0.0856289 0.00177872 0.184856 0.0590083 0.000307888 
0.0397619 0.0037526 0.572939 0.000856348 0.222072 0.0245036 0.000478634 0.100864 0.0318709 0.0029007 
0.00938334 0.0088717 0.68816 0.00153035 0.107636 0.049458 0.000759465 0.103188 0.0280645 0.00294949 
0.0490164 0.0447428 0.290948 0.00283606 0.129483 0.189808 0.0127094 0.152064 0.125866 0.002527 
0.0115215 0.00696368 0.760622 0.00116891 0.0615778 0.0200486 0.000109958 0.0516248 0.0845986 0.00176393 
0.0245288 0.0968334 0.383655 0.00169923 0.258593 0.0471363 0.000103831 0.128213 0.0572245 0.0020125 
0.0120402 0.0548918 0.403531 0.000755565 0.270161 0.0686215 0.00143869 0.163371 0.0232392 0.0019503 
0.0082281 0.021192 0.467304 7.05483e-05 0.0334062 0.150849 0.00731457 0.22825 0.0829691 0.000416105 
0.00662916 0.067333 0.442025 0.000905155 0.0870024 0.303692 0.000271587 0.0716024 0.0205317 8.36526e-06 
0.00729286 0.0105938 0.708739 0.0216179 0.0427296 0.0611519 0.000178809 0.129264 0.0174747 0.000957551 
0.0248363 0.0284636 0.486152 0.0047081 0.0501067 0.130942 0.000878949 0.0819424 0.191674 0.000296074 
0.0243527 0.0469784 0.287816 0.00215871 0.189213 0.127571 0.00183 0.263555 0.0558995 0.000626011 
0.00374968 1.09536e-10 0.462772 5.22985e-10 0.130352 0.403125 5.63583e-10 1.16682e-06 5.1858e-11 1.94218e-10 
0.0954731 0.0389666 0.213966 0.000742197 0.0849154 0.194368 0.00257936 0.185849 0.182269 0.000870729 
0.010827 0.0492001 0.325072 0.000495438 0.0295786 0.166696 0.00564912 0.306047 0.104936 0.00149867 
0.00951886 0.0105346 0.673843 0.00175994 0.118499 0.0523149 0.000844953 0.109857 0.0195545 0.00327462 
0.0419525 0.049079 0.353746 0.000546886 0.198928 0.0601798 0.000107298 0.264555 0.0302545 0.000651165 
0.188967 0.029616 0.243757 0.00224975 0.0527509 0.125472 0.116568 0.169672 0.0678468 0.00310009 
0.00746315 0.00647508 0.435145 5.1147e-05 0.269352 0.0873489 2.42615e-08 0.0587582 0.135207 0.000199098 
0.0229577 0.0284764 0.327831 0.00412438 0.219454 0.143074 0.00178175 0.184341 0.0641714 0.00378843 
0.0115196 0.00696171 0.748538 0.00188517 0.0711452 0.0236241 0.000108684 0.0498612 0.0845945 0.00176154 
0.0115188 0.00727464 0.76387 0.000832415 0.0527949 0.017269 2.12923e-05 0.0682905 0.0780035 0.000124701 
0.0587214 0.0462069 0.274437 0.00114997 0.181961 0.131769 0.000232312 0.247019 0.0583106 0.000192738 
0.00976352 0.0199952 0.511161 0.000591871 0.16661 0.0742977 0.00091509 0.15883 0.0574951 0.000339794 
0.00651017 0.0669652 0.474292 2.78451e-05 0.113306 0.0582343 4.3243e-05 0.256846 0.0235355 0.0002407 
4.2225e-05 4.12085e-05 0.660545 0.0188052 0.00654879 0.268014 0.00520642 0.0197317 0.0209238 0.000141319 
0.00729286 0.0105938 0.708739 0.0216179 0.0427296 0.0611519 0.000178809 0.129264 0.0174747 0.000957551 
0.00704067 0.00636614 0.684473 0.000580343 0.149351 0.0479249 0.000349219 0.083765 0.0193314 0.000818075 
0.0082281 0.021192 0.467304 7.05483e-05 0.0334062 0.150849 0.00731457 0.22825 0.0829691 0.000416105 
0.0119483 0.0113347 0.680028 0.00108141 0.113425 0.0460191 0.000651111 0.116286 0.0173139 0.00191277 
0.0334347 0.0128634 0.579616 0.00674735 0.0159647 0.109896 0.00111384 0.0845887 0.154993 0.000782487 
0.0165997 0.0221575 0.326156 0.000610276 0.0233746 0.193229 0.000917488 0.315384 0.101196 0.000375119 
0.0148698 0.0495621 0.41644 0.00326589 0.244123 0.0930294 0.000941769 0.143476 0.028658 0.00563433 
0.0387171 0.0385828 0.31549 0.0070426 0.234756 0.105552 0.00538056 0.19135 0.0592171 0.00391154 
0.016834 0.0142071 0.412742 0.00183913 0.0526649 0.311095 0.00152164 0.145717 0.0431455 0.000234891 
0.0304269 0.0232345 0.614658 9.99529e-06 0.0305986 0.0960247 0.000757209 0.19403 0.0102264 3.30189e-05 
0.0449956 0.0421735 0.304636 0.0018939 0.0316121 0.0788441 0.00137085 0.258106 0.220034 0.0163344 
0.0372086 0.0577031 0.341258 0.00794066 0.0273804 0.0627052 0.00260938 0.235626 0.211536 0.0160327 
0.0453496 0.0796961 0.390233 0.00199327 0.00787777 0.0508761 0.000713496 0.174039 0.172974 0.0762467 
0.0298474 0.0443922 0.396512 0.00068545 0.264026 0.0987632 0.000147272 0.153314 0.00944855 0.00286446 
0.0159868 0.0118963 0.543409 0.00264416 0.0544982 0.106149 0.000642673 0.233501 0.0312523 1.97676e-05 
0.00711352 0.0370734 0.52719 0.0111334 0.0805866 0.182065 0.00098503 0.1144 0.0389833 0.000470024 
0.0106016 0.0266079 0.626386 0.00147749 0.028675 0.0904588 0.00963182 0.116059 0.0790081 0.0110943 
0.0403917 0.0413491 0.296992 0.00380638 0.166916 0.162809 0.00257878 0.203896 0.0772475 0.00401386 
0.207049 0.0279066 0.339169 0.00545289 0.0367693 0.074629 0.00159786 0.213436 0.0931455 0.000845253 
0.00567809 0.014021 0.81175 0.000410657 0.0481962 0.0573145 0.000236301 0.0440051 0.0179626 0.000425752 
0.0236172 0.0225217 0.59918 3.04608e-05 0.0126325 0.0491819 0.000136812 0.145016 0.147627 5.61023e-05 
0.1805 0.00549658 0.308766 0.0023117 0.158893 0.156284 0.00260471 0.119763 0.0631416 0.00223903 
0.00576652 0.0115688 0.295251 0.00800248 0.0272964 0.183346 0.000426306 0.260648 0.205239 0.00245651 
0.0335871 0.0355697 0.483813 0.00399754 0.106074 0.0678447 0.00219558 0.146938 0.117214 0.00276634 
0.0207896 0.0150342 0.424979 0.00398242 0.0449626 0.278512 0.00422591 0.147928 0.0580486 0.00153862 
0.0135972 0.031215 0.443181 0.00219493 0.213396 0.115976 0.00161382 0.143399 0.0297151 0.00571215 
0.00725999 0.0114165 0.714422 0.0228062 0.0436746 0.0571136 0.000305259 0.122519 0.0188281 0.00165472 
0.00788682 0.0189764 0.298265 0.000534251 0.0732506 0.273053 0.000203737 0.258597 0.0692138 1.97891e-05 
0.0334232 0.0201916 0.408037 0.0274981 0.0829898 0.0711504 0.0012895 0.264414 0.0822323 0.00877461 
0.00670291 0.0390701 0.682261 0.0193252 0.0393069 0.0664006 0.000168467 0.126314 0.0196382 0.0008125 
0.00729286 0.0105938 0.708739 0.0216179 0.0427296 0.0611519 0.000178809 0.129264 0.0174747 0.000957551 
0.00802175 0.0122107 0.677753 0.0251938 0.0511107 0.0637909 0.000393085 0.139274 0.0209913 0.00126112 
0.0289936 0.0352427 0.311388 0.00783508 0.172257 0.196641 0.000774736 0.193098 0.0527774 0.000992365 
0.00818517 0.00875834 0.611888 0.00259566 0.0482819 0.156652 0.000537466 0.0743058 0.0879955 0.000799749 
0.0203707 0.0239655 0.368937 0.000399275 0.0329469 0.114419 0.000417291 0.245673 0.192754 0.000116259 
0.0375032 0.0680079 0.286176 0.0003452 0.106934 0.247645 0.000703349 0.215627 0.035937 0.00112079 
0.0264871 0.0516532 0.697558 0.000400772 0.0380916 0.0344804 0.0260992 0.0999209 0.0196514 0.0056571 
0.0244304 0.0416136 0.283119 0.00697375 0.0440775 0.116358 0.00198322 0.111292 0.127144 0.243009 
0.0446221 0.0195044 0.430071 0.00368792 0.0624258 0.154424 0.000514042 0.210935 0.0705971 0.00321838 
0.0147431 0.0202131 0.505075 0.00420406 0.0554877 0.126307 0.0010591 0.205685 0.0636915 0.003535 
0.0470181 0.00445372 0.547829 9.16638e-05 0.0480681 0.013839 0.000120515 0.265559 0.0726965 0.000324417 
0.00537385 0.0144366 0.560262 0.0168427 0.0701009 0.146243 0.000301082 0.153463 0.0321465 0.000829805 
0.0202063 0.025517 0.498115 0.0012736 0.0490329 0.0992188 0.000145772 0.175722 0.1237 0.00706793 
0.016834 0.0142071 0.412742 0.00183913 0.0526649 0.311095 0.00152164 0.145717 0.0431455 0.000234891 
0.112766 0.0892891 0.261409 0.00253356 0.0642038 0.135786 0.000398634 0.249727 0.076689 0.00719825 
0.00630764 0.0200341 0.591144 3.91195e-06 0.0393958 0.113979 0.00205671 0.174496 0.0521906 0.000392849 
0.00468562 0.060208 0.354426 0.0160202 0.336945 0.130412 0.000705645 0.0586147 0.0378421 0.000140922 
0.0184956 0.0518395 0.273889 0.00260003 0.263583 0.151222 0.00475079 0.183547 0.0448486 0.0052237 
0.0250676 0.0325706 0.341767 0.00532831 0.0357445 0.152648 0.00188845 0.265162 0.138263 0.00156076 
0.00951886 0.0105346 0.673843 0.00175994 0.118499 0.0523149 0.000844953 0.109857 0.0195545 0.00327462 
0.0417697 0.0292388 0.27369 0.00551016 0.15643 0.212686 0.00315277 0.20078 0.074068 0.00267483 
0.00995223 0.0146586 0.521523 0.0101928 0.0482047 0.141243 0.000831074 0.209113 0.0414454 0.00283605 
0.0087073 0.0216321 0.380038 0.00170706 0.066174 0.294012 0.00419247 0.142321 0.0809234 0.000292334 
0.0341248 0.0650241 0.525372 0.000804138 0.0553749 0.0359693 0.0213951 0.228925 0.0237201 0.00929054 
0.0225885 0.0787002 0.3895 0.00222431 0.248469 0.0649467 0.000281724 0.141651 0.0508405 0.000798668 
0.0238364 0.043273 0.390008 0.00325925 0.0213963 0.11021 0.0148315 0.0779281 0.145149 0.170108 
0.00951886 0.0105346 0.673843 0.00175994 0.118499 0.0523149 0.000844953 0.109857 0.0195545 0.00327462 
0.0106701 0.017212 0.51718 0.0044254 0.0344144 0.288597 1.65675e-05 0.0744933 0.0529622 2.95376e-05 
0.0164102 0.0155917 0.553657 0.00869758 0.0681088 0.0548213 0.00124277 0.236816 0.0421928 0.002462 
0.0115958 0.0105748 0.690445 0.000684467 0.107906 0.0460199 0.000465042 0.114875 0.0164895 0.000944771 
0.108131 0.014581 0.443121 0.00115752 0.120521 0.0490354 0.017647 0.193026 0.0519409 0.000839303 
0.0822298 0.0181062 0.429759 0.00195277 0.0577754 0.148737 0.000114326 0.189382 0.0719382 4.2999e-06 
0.0114124 0.0053454 0.770103 0.000520539 0.0574186 0.0191248 1.05388e-05 0.0461695 0.0897497 0.000145806 
0.0276186 0.0162148 0.377714 0.00255161 0.0372612 0.146337 0.00125366 0.332637 0.0580937 0.000317999 
0.0172645 0.0872641 0.469335 0.00207628 0.0503034 0.0968895 0.00635248 0.190735 0.0794924 0.000288216 
0.0987916 0.0434214 0.29396 0.000969958 0.130494 0.283554 0.0105799 0.115568 0.0221181 0.000542607 
0.0301226 0.0334681 0.319443 0.00238645 0.308198 0.0559389 0.00188289 0.183214 0.064893 0.000452565 
0.0268949 0.0208574 0.446778 0.0160066 0.081694 0.145086 0.000687577 0.177053 0.0848684 7.43553e-05 
0.0115958 0.0105748 0.690445 0.000684467 0.107906 0.0460199 0.000465042 0.114875 0.0164895 0.000944771 
0.0317528 0.04724 0.338915 0.00206926 0.250475 0.135737 0.00304074 0.140429 0.0433321 0.00701021 
0.0345167 0.146604 0.271683 0.00153118 0.192733 0.105765 0.000554957 0.208361 0.0348824 0.00336928 
0.000892229 0.0292931 0.362239 0.000800123 0.163779 0.294197 2.34738e-06 0.135803 0.012974 2.00643e-05 
0.0212438 0.0556503 0.32607 0.00178122 0.0918826 0.179623 0.000285286 0.182576 0.140609 0.000277145 
0.0250119 0.0277772 0.38592 0.00897967 0.15761 0.171313 0.00551104 0.16159 0.0536795 0.00260678 
0.016834 0.0142071 0.412742 0.00183913 0.0526649 0.311095 0.00152164 0.145717 0.0431455 0.000234891 
0.00126733 0.00450059 0.644349 3.76728e-06 0.0153781 0.2634 6.83923e-08 0.0665568 0.00454108 3.15879e-06 
0.0182622 0.0272182 0.314589 0.00300652 0.037289 0.241797 0.00110217 0.296827 0.0593569 0.000551279 
0.00135729 0.069287 0.522425 0.000125458 0.0730638 0.25595 1.0031e-05 0.030601 0.047175 4.7237e-06 
0.0152886 0.0181832 0.604266 0.00409415 0.0804401 0.104221 0.000719604 0.133032 0.0382555 0.00149933 
0.0254706 0.0447665 0.727737 0.00034742 0.033013 0.0298832 0.0235977 0.0921769 0.0181041 0.00490337 
0.0246296 0.033876 0.464276 0.00090197 0.0652811 0.108971 0.000421659 0.244683 0.0560597 0.000900716 
0.00849182 0.0230741 0.744824 0.000327428 0.0396192 0.105339 0.000108823 0.0564493 0.021708 5.82616e-05 
0.00729286 0.0105938 0.708739 0.0216179 0.0427296 0.0611519 0.000178809 0.129264 0.0174747 0.000957551 
0.0128042 0.0141203 0.672253 0.0238476 0.0545456 0.0382469 0.000220924 0.171332 0.0114675 0.00116264 
0.0435784 0.025793 0.317306 0.00706883 0.170311 0.0726966 0.0228666 0.269321 0.0674749 0.00358302 
0.00849182 0.0230741 0.744824 0.000327428 0.0396192 0.105339 0.000108823 0.0564493 0.021708 5.82616e-05 
0.0334792 0.0487732 0.594999 0.00195682 0.119537 0.0462133 9.41678e-05 0.103395 0.046957 0.0045947 
0.038156 0.0158274 0.50818 0.00474494 0.0252521 0.111439 0.000250167 0.141201 0.1525 0.00244986 
0.0153413 0.0165257 0.40678 0.0127391 0.188043 0.142599 0.000368004 0.153168 0.0643987 3.86004e-05 
0.00596351 0.0313606 0.676125 0.00063837 0.0481719 0.0915548 8.19234e-05 0.118167 0.0278998 3.69609e-05 
0.0392097 0.0376309 0.28402 0.00950943 0.185394 0.211915 0.0016951 0.15308 0.0749999 0.00254489 
0.0441112 0.0448136 0.408942 0.00491147 0.030021 0.159921 0.00197105 0.251027 0.0532379 0.00104373 
0.0223013 0.0713084 0.389809 0.00549721 0.0670798 0.160909 0.0029757 0.179911 0.0983205 0.00188845 
0.019949 0.0115949 0.608654 0.014136 0.151247 0.0269912 0.000238461 0.14331 0.0238144 6.49423e-05 
0.00384207 0.00687411 0.729084 0.00306219 0.0471685 0.0331834 0.000462146 0.154164 0.022014 0.000145932 
0.016834 0.0142071 0.412742 0.00183913 0.0526649 0.311095 0.00152164 0.145717 0.0431455 0.000234891 
0.00565406 0.00368544 0.39916 0.000321441 0.0141126 0.344795 0.000297215 0.149058 0.0826892 0.000227126 
0.0264871 0.0516532 0.697558 0.000400772 0.0380916 0.0344804 0.0260992 0.0999209 0.0196514 0.0056571 
0.00836333 0.00172198 0.579266 0.00316345 0.122617 0.101317 0.000174842 0.137864 0.0453974 0.000115562 
0.0109468 0.0122038 0.712376 0.0380532 0.0483755 0.0580544 0.00106963 0.0914442 0.022936 0.00454029 
0.00951886 0.0105346 0.673843 0.00175994 0.118499 0.0523149 0.000844953 0.109857 0.0195545 0.00327462 
0.030805 0.0416736 0.479081 0.0115876 0.0959206 0.0825817 0.0030188 0.195258 0.0531627 0.0069116 
0.0246696 0.0256228 0.480968 0.00896894 0.0938982 0.156753 0.00128909 0.148866 0.0586372 0.000327529 
0.0297893 0.0357151 0.370493 0.0117623 0.123974 0.146874 0.00324524 0.197131 0.0774944 0.00352193 
0.0270623 0.0597777 0.290546 0.00603422 0.0466761 0.108168 0.00210234 0.130287 0.118776 0.210571 
0.00702517 0.0137521 0.703552 0.0226286 0.031765 0.0682131 0.000179498 0.110467 0.0414175 0.00100069 
0.055242 0.0180116 0.399204 0.0039018 0.0758973 0.100935 0.00171978 0.248497 0.0961726 0.000418646 
0.0262186 0.0305404 0.403152 0.00327999 0.164245 0.201945 0.000403184 0.0948457 0.0679866 0.00738325 
0.0765134 0.0115391 0.334547 0.00248672 0.0595211 0.167681 0.00112271 0.219635 0.126681 0.000272974 
0.00951886 0.0105346 0.673843 0.00175994 0.118499 0.0523149 0.000844953 0.109857 0.0195545 0.00327462 
0.068533 0.0614341 0.334845 0.00357913 0.0363617 0.218147 0.000432832 0.171699 0.100787 0.00418037 
0.0231539 0.0255574 0.492278 3.75963e-05 0.169207 0.0594524 0.0104812 0.165004 0.054742 8.72855e-05 
0.0271349 0.0118234 0.271797 0.00109595 0.267239 0.221836 0.00300056 0.146214 0.049316 0.000543904 
0.0185977 0.023402 0.454352 1.92828e-05 0.178693 0.0589338 0.00113672 0.239987 0.0248493 2.91527e-05 
0.0255814 0.0244695 0.578381 6.07485e-05 0.0382682 0.179712 0.000238377 0.0247355 0.11228 0.0162734 
0.0560383 0.0268314 0.29062 0.192158 0.271538 0.0436003 0.00023513 0.0786954 0.0397059 0.000577394 
0.00126733 0.00450059 0.644349 3.76728e-06 0.0153781 0.2634 6.83923e-08 0.0665568 0.00454108 3.15879e-06 
0.0188839 0.0309517 0.622134 0.000444207 0.113361 0.129775 0.000319908 0.0624418 0.0216518 3.71087e-05 
0.00135729 0.069287 0.522425 0.000125458 0.0730638 0.25595 1.0031e-05 0.030601 0.047175 4.7237e-06 
0.0228586 0.0759201 0.328816 0.00165008 0.00667151 0.138118 0.0017772 0.0850268 0.150022 0.18914 
0.0373483 0.00327006 0.604023 8.05688e-05 0.180376 0.0422055 0.000244538 0.0885105 0.0439359 5.88214e-06 
0.0270083 0.0131573 0.557978 0.00221923 0.0357331 0.238161 0.000270243 0.083831 0.0413651 0.000276795 
0.019949 0.0115949 0.608654 0.014136 0.151247 0.0269912 0.000238461 0.14331 0.0238144 6.49423e-05 
0.00729286 0.0105938 0.708739 0.0216179 0.0427296 0.0611519 0.000178809 0.129264 0.0174747 0.000957551 
0.0158374 0.0118524 0.481696 0.000178551 0.100742 0.325538 0.000642326 0.00994936 0.0533304 0.000232969 
0.00729286 0.0105938 0.708739 0.0216179 0.0427296 0.0611519 0.000178809 0.129264 0.0174747 0.000957551 
0.045542 0.0494342 0.26984 0.00153494 0.125734 0.156821 0.00203785 0.253939 0.0890806 0.00603654 
0.160953 0.00910883 0.303585 0.00131724 0.164282 0.0710762 0.00132469 0.238106 0.0471757 0.00307121 
0.0155004 0.0260004 0.331937 0.00894722 0.103283 0.25413 0.00273897 0.194752 0.0596213 0.00308907 
0.0455334 0.052212 0.416717 9.77588e-05 0.0152265 0.282848 0.000423747 0.138964 0.0472378 0.000739972 
0.0335855 0.103503 0.288448 0.00341249 0.0786522 0.210833 0.0306552 0.133438 0.111136 0.00633769 
0.00992658 0.0773496 0.441064 0.00374863 0.073553 0.103005 0.000279971 0.179925 0.101532 0.00961601 
0.00440717 0.00940166 0.820845 0.00083751 0.0355577 0.0563631 7.39789e-05 0.0493218 0.0228668 0.000325631 
0.0216268 0.0460342 0.298366 0.0048622 0.0332589 0.12622 0.00134422 0.0956249 0.126413 0.246249 
0.0197664 0.0248321 0.756519 0.00204635 0.0254863 0.0694684 0.000336809 0.0540404 0.0470387 0.000465474 
0.0260375 0.0837981 0.263579 0.0004789 0.168002 0.208967 0.00063859 0.191069 0.0570146 0.000415542 
0.0221602 0.0169968 0.600011 0.000657566 0.0823834 0.178986 0.00107731 0.0788228 0.0183087 0.000596549 
0.0310441 0.00396038 0.432923 0.00920942 0.304822 0.029247 0.000126764 0.141024 0.0476235 1.94074e-05 
0.0239201 0.0357034 0.339201 0.0170766 0.193719 0.142493 0.00129063 0.210922 0.033092 0.00258271 
0.0251563 0.0322409 0.405558 0.00220383 0.156426 0.173291 0.000772359 0.146485 0.0571029 0.000764495 
0.01224 0.0372705 0.345416 0.000570455 0.343043 0.156621 0.00171035 0.0487906 0.053174 0.00116406 
0.0269973 0.0662312 0.294038 0.00535396 0.161919 0.162926 0.00269924 0.21584 0.0617167 0.00227881 
0.010406 0.00810499 0.532178 0.000820988 0.040819 0.181054 0.00105742 0.165459 0.0581195 0.00198101 
0.00554515 0.0118595 0.773477 0.00101418 0.0449741 0.0713323 8.46643e-05 0.0624179 0.028914 0.000381426 
0.0420524 0.0105475 0.306044 1.53906e-05 0.106007 0.273798 0.000259972 0.157196 0.104077 3.47987e-06 
0.0183387 0.0378442 0.373435 0.087826 0.0516387 0.0942972 0.000939694 0.106395 0.224438 0.00484753 
0.00414519 0.0102813 0.858604 4.13781e-05 0.0332055 0.0509307 2.54274e-05 0.0310655 0.0116714 2.92032e-05 
0.00275621 0.0128926 0.697189 0.000100027 0.0627365 0.131336 0.00102411 0.0703219 0.02153 0.00011376 
0.00729286 0.0105938 0.708739 0.0216179 0.0427296 0.0611519 0.000178809 0.129264 0.0174747 0.000957551 
0.0334792 0.0487732 0.594999 0.00195682 0.119537 0.0462133 9.41678e-05 0.103395 0.046957 0.0045947 
0.0473053 0.0180329 0.340681 0.001543 0.207613 0.153539 0.000985831 0.136638 0.0905161 0.00314487 
0.02787 0.0249657 0.396283 0.00272445 0.0203499 0.107548 0.00464727 0.194008 0.196675 0.0249282 
0.00697947 0.00756759 0.466466 0.00340321 0.0162722 0.0503466 0.000682641 0.2213 0.22327 0.00371273 
0.0300582 0.0196478 0.673079 0.00332067 0.030473 0.0611003 0.000100968 0.108114 0.0733538 0.000751964 
0.0269139 0.0241052 0.519081 0.000309513 0.05423 0.123647 0.00142329 0.178354 0.0719127 2.37029e-05 
0.015681 0.0302391 0.293273 0.00422425 0.133892 0.291636 0.000139868 0.101693 0.129176 4.58005e-05 
0.0149322 0.00728364 0.69782 0.0261278 0.0590893 0.0926536 0.000483664 0.0901687 0.0111345 0.000306784 
0.0312133 0.0341637 0.449082 0.000548161 0.0262359 0.0396067 0.000645522 0.276477 0.136002 0.00602601 
0.150242 0.0341036 0.409215 0.000816446 0.172839 0.0803159 0.00794619 0.123563 0.0207647 0.000192827 
0.0349468 0.0101325 0.806992 7.69799e-05 0.0124151 0.0459628 6.39935e-05 0.0355328 0.0538652 1.18218e-05 
0.00785166 0.0149415 0.755101 0.000936432 0.0466763 0.0657212 0.000118391 0.0790827 0.0292164 0.000354607 
0.0146066 0.0329064 0.309958 0.00933511 0.0997739 0.170329 0.00209425 0.173488 0.16978 0.0177285 
0.0181404 0.0389001 0.421516 0.00184037 0.142929 0.107794 0.00034035 0.231787 0.0367266 2.50023e-05 
0.0350115 0.0179612 0.358147 0.0013757 0.157726 0.168337 0.000307076 0.158538 0.102595 1.02563e-06 
0.0156239 0.0282339 0.333701 0.00919852 0.231205 0.142071 0.000922116 0.164632 0.07312 0.00129142 
0.0469136 0.0507675 0.457168 0.0045811 0.0520952 0.141895 0.00087405 0.171006 0.070107 0.00459208 
0.0120712 0.0236103 0.536259 0.0103493 0.115457 0.0560816 9.21986e-05 0.226884 0.0187151 0.000480185 
0.0448611 0.0119937 0.529179 0.00225013 0.107362 0.109287 0.000700092 0.123404 0.0708338 0.000128488 
0.00135729 0.069287 0.522425 0.000125458 0.0730638 0.25595 1.0031e-05 0.030601 0.047175 4.7237e-06 
0.0429906 0.00868118 0.388949 7.66027e-05 0.24971 0.0700003 0.00240055 0.175517 0.0519281 0.00974633 
0.00729286 0.0105938 0.708739 0.0216179 0.0427296 0.0611519 0.000178809 0.129264 0.0174747 0.000957551 
0.234373 0.0202698 0.248957 0.00486791 0.0308394 0.132676 0.0021568 0.146104 0.172003 0.00775315 
0.0115109 0.0165143 0.513347 0.00469977 0.0545331 0.140237 0.00100393 0.187571 0.0665569 0.00402693 
0.023705 0.0270568 0.330712 0.00473123 0.198454 0.163317 0.00223681 0.179159 0.067491 0.00313737 
0.0367952 0.185883 0.252326 0.00338415 0.0838209 0.21251 0.00099213 0.135055 0.0807141 0.00851897 
0.01707 0.0483278 0.293419 0.00967964 0.192237 0.205013 0.00468671 0.16831 0.0603038 0.00095385 
0.00729286 0.0105938 0.708739 0.0216179 0.0427296 0.0611519 0.000178809 0.129264 0.0174747 0.000957551 
0.00135729 0.069287 0.522425 0.000125458 0.0730638 0.25595 1.0031e-05 0.030601 0.047175 4.7237e-06 
0.0276323 0.00407429 0.436989 2.75124e-05 0.0590128 0.0888747 0.000466217 0.322677 0.0602378 7.98593e-06 
0.019641 0.0138018 0.413731 0.0177027 0.0287056 0.271395 0.000522162 0.160985 0.0719288 0.00158704 
0.0804624 0.0211098 0.407199 0.00323235 0.0663089 0.146757 0.000407018 0.196912 0.0775033 0.000107983 
0.0162778 0.0191555 0.397404 0.000565287 0.0304355 0.0818653 0.000444704 0.367534 0.0862924 2.47445e-05 
0.0586754 0.0953827 0.270259 0.00138738 0.15126 0.0786961 0.00122422 0.259071 0.0815211 0.0025227 
0.0124958 0.0239892 0.582703 0.000531272 0.0215783 0.128127 0.00178795 0.13418 0.0923443 0.00226336 
0.0181693 0.0373515 0.557759 0.0130446 0.0918941 0.0902983 0.00288612 0.136865 0.0485519 0.00318013 
0.00951886 0.0105346 0.673843 0.00175994 0.118499 0.0523149 0.000844953 0.109857 0.0195545 0.00327462 
0.0192254 0.0484649 0.348881 0.00322308 0.23754 0.0787293 0.000559538 0.197114 0.0563225 0.0099401 
0.0235995 0.0614738 0.392498 0.00192579 0.0838466 0.118261 0.000613383 0.227188 0.0777921 0.0128015 
0.0223182 0.00588748 0.311553 0.000223397 0.282598 0.288434 0.00278312 0.0565569 0.029273 0.000372895 
0.0312133 0.0341637 0.449082 0.000548161 0.0262359 0.0396067 0.000645522 0.276477 0.136002 0.00602601 
0.0155826 0.0721442 0.345343 0.00805966 0.284674 0.0801754 0.00173482 0.126184 0.0630939 0.00300864 
0.135501 0.00427439 0.464269 0.000269063 0.100134 0.0133727 0.000607729 0.148681 0.129849 0.00304156 
0.0552145 0.046233 0.257644 0.00796443 0.024889 0.217109 0.0302188 0.202254 0.153875 0.00459844 
0.023419 0.00565391 0.556725 0.000512485 0.0644143 0.123216 0.00129276 0.0983769 0.117361 0.00902843 
0.0280866 0.013756 0.328575 0.000918123 0.311709 0.106288 0.00200994 0.168667 0.0399564 3.34598e-05 
0.0514787 0.0333197 0.359343 0.00281931 0.0712272 0.187426 0.00310016 0.203117 0.0857031 0.00246645 
0.0257952 0.0118165 0.506857 0.00491132 0.136069 0.0692234 0.000778143 0.193677 0.0504956 0.00037673 
0.0781871 0.0327558 0.279269 0.000961882 0.0757527 0.124163 0.00106734 0.27719 0.129296 0.00135695 
0.0236962 0.0544627 0.315947 0.00405187 0.0341934 0.135917 0.0011202 0.110684 0.114717 0.20521 
0.167229 0.00539733 0.297211 0.00150729 0.176923 0.0818002 0.00126532 0.215933 0.0490535 0.00368032 
0.0274475 0.0228246 0.33759 0.0129633 0.228232 0.152477 0.00233369 0.150011 0.0643678 0.00175348 
0.0134064 0.0115014 0.651434 0.0317286 0.0604424 0.0587371 0.00119322 0.142046 0.0258987 0.00361263 
0.0116674 0.0153655 0.552357 0.00294471 0.0388318 0.135611 0.000469701 0.17195 0.0697235 0.00107844 
0.00340778 0.00964183 0.731103 1.79924e-05 0.170621 0.0245133 8.68471e-05 0.0559388 0.00466992 1.04679e-09 
0.0217486 0.0435923 0.555315 0.000728277 0.121838 0.130379 0.00118184 0.0897713 0.034037 0.00140761 
0.0664305 0.0273817 0.431734 0.002254 0.09536 0.125981 0.000488723 0.174561 0.0652865 0.0105235 
0.00802175 0.0122107 0.677753 0.0251938 0.0511107 0.0637909 0.000393085 0.139274 0.0209913 0.00126112 
0.0029388 0.00533852 0.416768 0.000129223 0.0516073 0.375585 0.00240252 0.0605531 0.0844418 0.000234989 
0.0237176 0.0595396 0.439361 0.00232982 0.0330753 0.0994125 0.000729881 0.101588 0.143101 0.0971456 
0.0292093 0.0342848 0.432673 0.000509859 0.247036 0.115417 0.00156169 0.0820352 0.0545716 0.0027017 
0.097814 0.0155484 0.309925 6.32178e-05 0.0122077 0.229492 0.00054751 0.184742 0.149387 0.000274401 
0.00863263 0.00716361 0.707331 0.00119688 0.089213 0.0464645 0.000574638 0.098051 0.0390632 0.00230957 
0.00729286 0.0105938 0.708739 0.0216179 0.0427296 0.0611519 0.000178809 0.129264 0.0174747 0.000957551 
0.0230451 0.0241989 0.580474 0.000782057 0.21183 0.0274992 0.000254901 0.0637486 0.0679349 0.000232166 
0.0362715 0.0150666 0.409312 0.00171908 0.136977 0.168146 0.000636264 0.140971 0.0841788 0.00672103 
0.00381348 0.00370386 0.642017 0.000141351 0.0669958 0.0928 0.00346659 0.146637 0.040106 0.000318267 
0.00366081 0.00453733 0.770592 0.000870529 0.0391727 0.0151238 0.00067637 0.154088 0.0111255 0.000152756 
0.0558262 0.00524267 0.219077 6.16129e-06 0.194511 0.209646 1.31138e-07 0.177469 0.137486 0.000735985 
0.179917 0.0352309 0.233221 0.00473502 0.0699316 0.130106 0.00073424 0.228572 0.113854 0.00369763 
0.0288489 0.0315061 0.281788 0.0054477 0.249476 0.146479 0.0034401 0.17581 0.0707974 0.00640652 
0.0102033 0.0296198 0.377332 0.00296973 0.182467 0.105028 0.00120074 0.23093 0.0577521 0.00249706 
0.00968048 0.0189143 0.698551 0.000454174 0.0724451 0.0527588 0.000512212 0.110535 0.0354345 0.000714948 
0.0110087 0.00838717 0.72154 0.0208094 0.0847599 0.0263892 0.00144335 0.113379 0.0113404 0.000942559 
0.0082281 0.021192 0.467304 7.05483e-05 0.0334062 0.150849 0.00731457 0.22825 0.0829691 0.000416105 
0.0229964 0.0440059 0.37101 0.00241673 0.0816781 0.105225 0.00112755 0.264842 0.106165 0.000533968 
0.00664681 0.0079279 0.548636 0.00151229 0.172577 0.135641 0.000138026 0.107385 0.0192139 0.000322767 
0.00951886 0.0105346 0.673843 0.00175994 0.118499 0.0523149 0.000844953 0.109857 0.0195545 0.00327462 
0.0189494 0.0535218 0.41602 0.00583509 0.129914 0.188121 0.00310502 0.130043 0.0489925 0.00549682 
0.019949 0.0115949 0.608654 0.014136 0.151247 0.0269912 0.000238461 0.14331 0.0238144 6.49423e-05 
0.00790942 0.0096516 0.435666 0.000577589 0.028028 0.274846 0.000803942 0.181961 0.0601921 0.000364376 
0.0246202 0.0181535 0.542623 0.00652957 0.0486207 0.086715 0.00117058 0.210265 0.0612651 3.82418e-05 
0.0117045 0.0565651 0.445648 0.000104664 0.122009 0.0604809 0.000527137 0.286106 0.0165433 0.000310935 
0.0200515 0.0086394 0.642015 0.00180256 0.0667493 0.0252968 0.000588118 0.184813 0.0500072 3.72277e-05 
0.0218481 0.00986915 0.396512 0.00165165 0.0120689 0.322848 0.000877994 0.16237 0.0713947 0.000559695 
0.020697 0.0511944 0.330546 0.00973208 0.326856 0.0243848 0.000117009 0.214257 0.0216376 0.000577323 
0.0417152 0.116321 0.445176 0.000418212 0.129006 0.0989648 1.04247e-05 0.130413 0.0379585 1.65974e-05 
0.0114124 0.0053454 0.770103 0.000520539 0.0574186 0.0191248 1.05388e-05 0.0461695 0.0897497 0.000145806 
0.036613 0.044781 0.331378 0.005904 0.195413 0.185091 0.00286666 0.108157 0.075206 0.0145906 
0.0427518 0.0343857 0.285031 0.00150214 0.214266 0.110755 0.000180383 0.227221 0.0780968 0.00581018 
0.00923985 0.0198183 0.41849 0.0144506 0.172537 0.260513 0.000952542 0.0621677 0.0412911 0.000540262 
0.0172652 0.00867379 0.429221 0.000149179 0.0796034 0.126359 0.00834598 0.250055 0.0796401 0.00068841 
0.00238662 0.000292343 0.792113 7.41807e-06 0.162873 0.0181188 2.82561e-07 0.0107217 0.0134867 7.57545e-07 
0.00729286 0.0105938 0.708739 0.0216179 0.0427296 0.0611519 0.000178809 0.129264 0.0174747 0.000957551 
0.0395868 0.00434489 0.554558 0.00040617 0.0841002 0.1168 3.69475e-05 0.102388 0.0974113 0.000368757 
0.0259461 0.0133299 0.450325 0.00076154 0.225535 0.0882191 0.00108426 0.127107 0.0675369 0.000155508 
0.042726 0.0198645 0.45579 0.00011517 0.223128 0.0591404 0.000141451 0.165005 0.0340706 1.875e-05 
0.0183958 0.0382823 0.39992 0.00172873 0.165953 0.159424 0.000885224 0.158963 0.0554248 0.00102384 
0.0251694 0.0231313 0.423343 0.00486229 0.160125 0.11844 0.00285335 0.167385 0.0696182 0.00507274 
0.0478957 0.0361177 0.260198 0.00516852 0.181062 0.188748 0.00336755 0.181921 0.0911498 0.00437264 
0.00525737 0.0338323 0.710642 0.00240455 0.0273784 0.103601 0.00296643 0.0782327 0.0339705 0.00171554 
0.0082281 0.021192 0.467304 7.05483e-05 0.0334062 0.150849 0.00731457 0.22825 0.0829691 0.000416105 
0.0142386 0.0438854 0.656285 8.37534e-06 0.0822292 0.0659225 0.00142468 0.0928215 0.0425976 0.000586874 
0.0691502 0.0126871 0.480606 0.000693772 0.203688 0.0810978 0.000199492 0.111719 0.0398817 0.00027734 
0.019565 0.0145334 0.400404 0.000285004 0.0826605 0.0816476 0.00255105 0.240417 0.157633 0.000303118 
0.0082281 0.021192 0.467304 7.05483e-05 0.0334062 0.150849 0.00731457 0.22825 0.0829691 0.000416105 
0.0804624 0.0211098 0.407199 0.00323235 0.0663089 0.146757 0.000407018 0.196912 0.0775033 0.000107983 
0.00135729 0.069287 0.522425 0.000125458 0.0730638 0.25595 1.0031e-05 0.030601 0.047175 4.7237e-06 
0.00981337 0.0103201 0.673411 0.00178014 0.120804 0.0519764 0.000883424 0.108122 0.0195005 0.00338878 
0.0671928 0.0371602 0.357833 4.73118e-05 0.116044 0.186246 0.000966191 0.163482 0.070987 4.16112e-05 
0.0115958 0.0105748 0.690445 0.000684467 0.107906 0.0460199 0.000465042 0.114875 0.0164895 0.000944771 
0.106967 0.0286254 0.420945 0.00193556 0.0578637 0.1146 0.000361221 0.200656 0.0680378 8.64259e-06 
0.067348 0.0472884 0.242676 0.00417516 0.156366 0.15477 0.00222013 0.220122 0.102302 0.00273307 
0.00968891 0.00392078 0.393468 0.00021347 0.284288 0.0454057 0.00117015 0.132078 0.0938775 0.0358893 
0.102324 0.0596352 0.26541 0.0067503 0.0655458 0.117402 0.00122774 0.221921 0.157022 0.00276195 
0.0134064 0.0115014 0.651434 0.0317286 0.0604424 0.0587371 0.00119322 0.142046 0.0258987 0.00361263 
0.0254322 0.0112099 0.375406 0.00174981 0.0399589 0.208402 0.000169515 0.278005 0.0586937 0.00097223 
0.123884 0.0717332 0.31997 0.000831892 0.0993198 0.0750251 0.00117419 0.0744117 0.231896 0.00175386 
0.0456467 0.000861468 0.354652 0.000218887 0.0990926 0.195182 0.00236789 0.238314 0.0636613 3.44704e-06 
0.00493224 0.00993501 0.302335 0.00645862 0.0214846 0.184537 0.000168517 0.259686 0.209291 0.0011728 
0.00466694 0.0332242 0.452084 0.00249207 0.0519942 0.119741 0.000281664 0.295216 0.0402878 1.21609e-05 
0.00735074 0.00376186 0.683505 0.00290608 0.0495538 0.045495 0.00037435 0.113459 0.0918356 0.0017585 
0.0502117 0.018538 0.520569 0.000164095 0.0370885 0.0690656 0.021386 0.228609 0.0538513 0.000516399 
0.0319786 0.112624 0.296439 0.00455858 0.154996 0.0758544 0.000668346 0.260981 0.0329984 0.0289021 
0.0444818 0.0113727 0.445545 0.000154357 0.124134 0.122795 3.89919e-05 0.221241 0.030207 3.04086e-05 
0.0017075 0.00147788 0.83073 5.42885e-05 0.0212995 0.00903461 6.66531e-05 0.130753 0.00487464 2.26526e-06 
0.00992658 0.0773496 0.441064 0.00374863 0.073553 0.103005 0.000279971 0.179925 0.101532 0.00961601 
0.0331978 0.0980762 0.450937 0.000381477 0.0886406 0.0614095 0.0204018 0.180975 0.063732 0.00224864 
0.00963644 0.0257882 0.715731 0.000836979 0.0511533 0.105426 0.00033957 0.0650695 0.0255889 0.000430323 
0.0432025 0.0722084 0.265757 9.94382e-05 0.207245 0.0722434 0.000661905 0.235711 0.102796 7.47718e-05 
0.0370882 0.0268144 0.425275 0.000301033 0.127653 0.235458 6.6554e-05 0.0883109 0.0589872 4.5523e-05 
0.00926648 0.00814617 0.581436 0.00295648 0.0865502 0.16098 0.00632203 0.10893 0.034973 0.000440012 
0.00981337 0.0103201 0.673411 0.00178014 0.120804 0.0519764 0.000883424 0.108122 0.0195005 0.00338878 
0.00527962 0.0470032 0.457186 0.00041774 0.0845315 0.130665 0.000457131 0.206787 0.0621775 0.00549624 
0.00951886 0.0105346 0.673843 0.00175994 0.118499 0.0523149 0.000844953 0.109857 0.0195545 0.00327462 
0.0699053 0.0220865 0.361635 0.000655463 0.214452 0.126648 0.00033102 0.159776 0.0439521 0.000559016 
0.0309137 0.0122763 0.295852 0.00237223 0.0996534 0.245932 0.00231935 0.241377 0.0671419 0.00216238 
0.0750032 0.00988376 0.347973 0.00334357 0.069886 0.122851 0.000678835 0.332016 0.0377384 0.000625404 
0.0057884 0.021385 0.682347 0.0152252 0.0513527 0.0931121 0.00012842 0.106273 0.0238 0.000587594 
0.0217034 0.0574455 0.338689 0.00415192 0.150696 0.155722 0.000714865 0.21441 0.0550416 0.00142649 
0.0391924 0.0250572 0.535018 0.000299302 0.146253 0.0423376 0.00194733 0.163537 0.0461705 0.000187724 
0.00992658 0.0773496 0.441064 0.00374863 0.073553 0.103005 0.000279971 0.179925 0.101532 0.00961601 
0.0151198 0.0350068 0.497104 0.00528724 0.231411 0.066878 0.000550527 0.116847 0.0310133 0.000782926 
0.0732837 0.00884884 0.510705 1.09632e-06 0.227738 0.0135782 0.00046363 0.135874 0.0294384 6.97483e-05 
0.00483417 0.00774841 0.390677 0.00100932 0.117107 0.261636 0.00180421 0.155966 0.0587866 0.000431648 
0.0143668 0.0311415 0.507411 0.0142418 0.208855 0.0430019 0.000129555 0.159775 0.0201032 0.000973639 
0.00880884 0.0217235 0.607883 0.000396532 0.000593236 0.0235428 0.000456429 0.035996 0.291616 0.00898382 
0.00863263 0.00716361 0.707331 0.00119688 0.089213 0.0464645 0.000574638 0.098051 0.0390632 0.00230957 
0.0303849 0.0409184 0.280327 0.00607198 0.142636 0.211961 0.00363856 0.219195 0.0621644 0.00270419 
0.0225281 0.00368954 0.867931 0.000107381 0.01284 0.0250049 1.49025e-05 0.0422379 0.0256439 2.13219e-06 
0.0255152 0.0465526 0.529585 0.0446037 0.0707262 0.0819247 0.0282097 0.1516 0.0210543 0.000228988 
0.0145004 0.00915115 0.580881 0.00172689 0.0114845 0.0437425 0.00132926 0.104502 0.232411 0.000271653 
0.00135729 0.069287 0.522425 0.000125458 0.0730638 0.25595 1.0031e-05 0.030601 0.047175 4.7237e-06 
0.00135729 0.069287 0.522425 0.000125458 0.0730638 0.25595 1.0031e-05 0.030601 0.047175 4.7237e-06 
0.00951886 0.0105346 0.673843 0.00175994 0.118499 0.0523149 0.000844953 0.109857 0.0195545 0.00327462 
0.0151885 0.0141213 0.458834 1.83739e-05 0.204384 0.0450265 0.000267187 0.243927 0.0178349 0.000398411 
0.0232513 0.0322147 0.537938 0.00340229 0.198781 0.0883119 0.000222621 0.0894938 0.0263768 6.95327e-06 
0.00785166 0.0149415 0.755101 0.000936432 0.0466763 0.0657212 0.000118391 0.0790827 0.0292164 0.000354607 
0.0260748 0.0383493 0.309911 0.0077046 0.19947 0.0344696 0.00244493 0.183714 0.188133 0.00972828 
0.0152812 0.0121863 0.504572 0.0321082 0.137983 0.138858 0.0013227 0.127724 0.024996 0.00496855 
0.0129394 0.0176184 0.507171 0.000631267 0.0531818 0.175984 0.00112265 0.160871 0.0703777 0.000102333 
0.00863263 0.00716361 0.707331 0.00119688 0.089213 0.0464645 0.000574638 0.098051 0.0390632 0.00230957 
0.0245288 0.0968334 0.383655 0.00169923 0.258593 0.0471363 0.000103831 0.128213 0.0572245 0.0020125 
0.0208297 0.0324976 0.304476 0.0263449 0.18405 0.158843 0.0007078 0.219226 0.0520494 0.000975766 
0.0177482 0.0155765 0.531368 0.00185494 0.0783837 0.131304 0.000176319 0.154127 0.0691456 0.000315435 
0.0154474 0.0464795 0.308488 0.00183805 0.160655 0.11651 0.00239612 0.245111 0.0988079 0.00426652 
0.0332786 0.0625824 0.325371 0.00143248 0.15361 0.121026 0.00305562 0.232614 0.066454 0.000575214 
0.0154905 0.0301053 0.404448 0.00212414 0.106059 0.127839 0.000219689 0.129605 0.18397 0.000140205 
0.0119745 0.00756369 0.521194 0.00679393 0.085751 0.173918 0.00123554 0.139944 0.0479301 0.00369503 
0.0218418 0.0321135 0.656161 0.00118979 0.118785 0.0586015 0.000261889 0.0788311 0.0312356 0.000978771 
0.00863263 0.00716361 0.707331 0.00119688 0.089213 0.0464645 0.000574638 0.098051 0.0390632 0.00230957 
0.0177549 0.040417 0.349765 0.000993317 0.106893 0.148311 0.000434118 0.266584 0.0672575 0.00159017 
0.00601005 0.00977433 0.762901 0.0056123 0.0346388 0.089167 2.59252e-05 0.058698 0.0330999 7.24338e-05 
