0.000516777 0.109639 0.000603 0.805953 1.38305e-05 4.43532e-05 0.00520375 0.055051 0.0202296 0.00274556 
0.020281 0.191421 0.0377451 0.413849 8.16592e-05 0.0668371 0.0165085 0.124155 0.111892 0.0172299 
0.00804469 0.261334 0.00213492 0.473991 9.85141e-06 0.000209376 0.0159216 0.162688 0.0674242 0.00824184 
0.0203337 0.216856 0.00261549 0.640879 5.65461e-05 5.23286e-05 0.00259179 0.0269483 0.0893306 0.000336335 
0.0515605 0.138436 0.00190179 0.298248 5.36014e-08 6.99976e-05 0.0104907 0.245973 0.249581 0.0037388 
0.045944 0.211713 0.0100989 0.393104 0.0047271 0.00755808 0.042316 0.115171 0.0796897 0.089679 
0.0547573 0.173221 0.0210367 0.357205 0.000290431 0.0129891 0.0179175 0.188012 0.125495 0.0490757 
0.0241486 0.375649 0.00018801 0.463297 0.000231143 2.02275e-05 0.00649346 0.0428088 0.0868204 0.000343405 
0.00234192 0.221274 7.50983e-05 0.7495 8.94348e-07 1.27891e-06 0.00171531 0.0122767 0.0127634 5.1174e-05 
0.0351551 0.0437943 0.00768071 0.544119 0.000137212 0.00103679 0.00614665 0.26437 0.0358231 0.0617369 
0.00333729 0.300086 0.00347015 0.410232 1.00869e-05 0.000223367 0.0771578 0.0822754 0.11876 0.00444768 
0.0422575 0.309039 0.0053225 0.389008 0.00020539 0.00187123 0.014973 0.0999598 0.113124 0.0242399 
0.00903193 0.0969348 0.000652032 0.603021 0.000346085 2.5772e-05 0.005857 0.0896089 0.19359 0.000931834 
7.32251e-09 0.238319 0.000162835 0.733989 2.80747e-08 1.38575e-09 0.0274493 2.97461e-05 4.98806e-05 2.46871e-08 
0.0282982 0.166873 0.000904185 0.534118 0.000436051 3.73632e-05 0.0706558 0.123492 0.0732093 0.00197651 
0.00178273 0.214429 0.00136012 0.6684 2.46491e-06 0.000115453 0.00439341 0.0626962 0.0455586 0.00126222 
0.0048841 0.111319 0.0120701 0.754433 9.61845e-05 9.022e-06 0.00463589 0.0837669 0.0276277 0.00115851 
0.0071825 0.145302 0.00297946 0.778523 0.000128628 2.30149e-05 0.0097906 0.0265646 0.0290833 0.000423369 
0.0290128 0.258144 0.00169001 0.337499 0.000119269 0.00802302 0.0170252 0.179065 0.153471 0.0159505 
0.0114537 0.0972577 0.00415978 0.766788 0.000110942 1.89146e-05 0.00918517 0.0784896 0.031103 0.00143294 
0.00292109 0.150122 0.000374612 0.700604 6.16451e-05 5.72752e-05 0.00635837 0.064238 0.0748484 0.000414547 
0.0608057 0.164133 0.00197809 0.262442 0.000179931 2.19872e-05 0.256096 0.0801162 0.163229 0.0109985 
0.0265088 0.0685698 0.00112798 0.744394 6.38356e-05 3.26395e-06 0.0018365 0.0942333 0.0617271 0.00153552 
0.00420835 0.0927338 0.0021628 0.772672 6.29862e-05 2.77877e-05 0.00739462 0.0666808 0.050874 0.00318257 
0.011564 0.290668 0.00150428 0.452727 9.59444e-06 7.35509e-05 0.00541531 0.113092 0.094051 0.0308952 
0.0166975 0.22958 0.0414277 0.468273 0.000117267 0.00173385 0.0420921 0.120885 0.0359409 0.0432526 
0.0230476 0.101065 0.00707639 0.504026 0.000409631 9.83339e-05 0.0215933 0.181462 0.157441 0.00377975 
0.017445 0.180806 0.0154547 0.466769 1.22317e-05 0.00105433 0.193032 0.0725767 0.025749 0.0271011 
0.0395703 0.019742 0.0197154 0.571218 0.000305108 0.00588701 0.00665931 0.207128 0.0265459 0.103229 
0.0301285 0.315154 0.0172067 0.353925 0.000403742 0.000840392 0.0278113 0.116802 0.125859 0.0118691 
0.000951803 0.220701 0.00059949 0.68745 3.06864e-07 3.40573e-06 0.00305172 0.0614166 0.0242011 0.00162476 
0.00889997 0.0194675 0.0237346 0.328348 0.00835306 0.0075149 0.28446 0.0958221 0.00520313 0.218196 
0.00860602 0.353495 0.00715097 0.419353 5.30659e-05 0.000107691 0.0292089 0.0732326 0.0844886 0.0243043 
0.0194179 0.44082 0.000277486 0.465973 6.10001e-07 1.42134e-06 0.011381 0.0373287 0.0246083 0.000191826 
0.0341884 0.0967299 0.000866129 0.672696 1.06641e-07 0.00013324 0.0435554 0.112803 0.0225985 0.0164288 
0.0128088 0.106638 0.0598421 0.528071 0.000299332 0.0180625 0.0189694 0.169711 0.0576198 0.0279781 
0.0181337 0.159144 0.110841 0.258096 5.00474e-05 0.106723 0.0282514 0.1465 0.091286 0.0809752 
0.00879014 0.204339 0.00564759 0.657885 4.63541e-06 6.02099e-05 0.00447357 0.0466407 0.0702074 0.00195106 
0.011564 0.290668 0.00150428 0.452727 9.59444e-06 7.35509e-05 0.00541531 0.113092 0.094051 0.0308952 
0.00178273 0.214429 0.00136012 0.6684 2.46491e-06 0.000115453 0.00439341 0.0626962 0.0455586 0.00126222 
0.00535187 0.267351 0.00211988 0.57853 1.75278e-05 0.000190109 0.00701686 0.0709188 0.0626844 0.00581932 
0.0140738 0.107285 0.0157653 0.680554 0.00761803 0.00223507 0.0123989 0.0971929 0.0523495 0.0105273 
0.0171619 0.263817 0.00608038 0.537011 0.000886208 0.000431986 0.0302773 0.0863357 0.044578 0.0134206 
0.00900939 0.119995 0.000460632 0.625976 4.043e-05 7.2644e-06 0.00160616 0.0502002 0.192311 0.000394674 
0.00839565 0.357222 0.00166213 0.466067 0.00122081 0.000104197 0.028927 0.076071 0.0550943 0.00523616 
0.0386028 0.138967 0.00590413 0.654138 0.0132716 0.000432962 0.0163741 0.0808752 0.046826 0.00460809 
9.31101e-07 0.053169 9.40291e-05 0.774387 9.30518e-07 0.00363184 0.137055 0.0109886 0.0206722 9.31086e-07 
0.0132767 0.339903 0.00156243 0.365692 3.69094e-05 7.54727e-05 0.00656297 0.138583 0.104993 0.029315 
0.0171055 0.450405 0.00600993 0.450614 2.288e-07 4.95758e-06 0.00136449 0.0248252 0.0485499 0.00112048 
0.0449781 0.127939 0.00869718 0.338426 0.000202685 0.0816342 0.00590889 0.190448 0.124701 0.0770654 
0.00178273 0.214429 0.00136012 0.6684 2.46491e-06 0.000115453 0.00439341 0.0626962 0.0455586 0.00126222 
0.00663021 0.189462 0.00403279 0.674809 2.28492e-05 8.01866e-05 0.00499079 0.0415922 0.0730397 0.00534049 
0.0163709 0.340278 0.000908637 0.443853 7.73266e-05 4.07484e-06 0.0278824 0.0808245 0.0643447 0.0254562 
0.0306681 0.406049 0.000758721 0.52453 6.36065e-07 0.000128887 0.00465362 0.0195731 0.0131672 0.000471462 
0.0782185 0.103702 0.0186641 0.602205 0.000143481 0.00012316 0.0128158 0.108796 0.0508057 0.0245264 
0.0186348 0.140167 0.00053626 0.718234 0.000108717 1.2293e-05 0.00334706 0.0918726 0.0262983 0.000789226 
0.00350372 0.0802545 0.00369308 0.834522 1.97498e-06 3.89806e-06 0.00573491 0.0174944 0.0541186 0.000672982 
0.0243694 0.295289 0.00113793 0.371186 6.64991e-05 1.72432e-05 0.0785186 0.126278 0.0999634 0.00317388 
0.020598 0.300429 0.0153378 0.338059 0.00324456 0.000426652 0.0548058 0.212471 0.022918 0.0317102 
0.0239139 0.272378 0.0049493 0.464051 0.000123648 8.80258e-05 0.0159009 0.134819 0.0774509 0.00632516 
0.0108174 0.120458 0.134096 0.56846 0.000374146 0.00663162 0.0085859 0.0942912 0.0440022 0.012284 
0.0238854 0.07405 0.0178124 0.591234 0.000203868 0.00236287 0.0179935 0.168484 0.0545255 0.0494486 
0.000711983 0.228104 0.00200496 0.573751 0.0006527 0.00013349 0.00107126 0.183418 0.00933952 0.000813392 
0.0241983 0.1753 0.00214196 0.572978 8.33283e-05 1.33597e-05 0.026218 0.105941 0.0885582 0.00456806 
0.00203875 0.101362 0.000337204 0.806544 6.16475e-05 4.58644e-05 0.00552758 0.0379486 0.0457515 0.000383476 
0.0065834 0.257841 0.00445471 0.573753 1.09096e-05 7.53738e-05 0.00516286 0.0425893 0.0745249 0.0350041 
0.0144628 0.324914 0.00414317 0.428623 0.000255354 0.000529891 0.119298 0.0682991 0.0106223 0.0288525 
0.0499887 0.163466 0.00980092 0.528553 6.05356e-06 7.74906e-05 0.0108044 0.102831 0.127953 0.00651931 
0.0111194 0.0972172 0.0066599 0.319386 7.58452e-05 9.04487e-05 0.0113231 0.296599 0.255672 0.00185753 
0.0144664 0.207484 0.00462286 0.68267 0.000121574 1.61489e-05 0.00546774 0.0287767 0.053987 0.00238848 
0.0147832 0.166065 0.00942986 0.585182 0.00216129 0.00166368 0.0211625 0.108947 0.0824116 0.00819453 
0.0142612 0.293101 0.00154415 0.365459 3.10856e-05 0.000117716 0.035723 0.137251 0.100952 0.0515598 
0.000631615 0.132996 0.000723991 0.764163 1.69036e-05 5.42091e-05 0.0063511 0.0671034 0.0246039 0.00335568 
0.0398011 0.296393 8.27761e-05 0.521434 1.66783e-08 5.36452e-06 0.00578086 0.112495 0.0239812 2.74045e-05 
0.0156706 0.314571 0.00173729 0.344852 1.14713e-05 8.74951e-05 0.006637 0.159429 0.121826 0.035178 
0.00203875 0.101362 0.000337204 0.806544 6.16475e-05 4.58644e-05 0.00552758 0.0379486 0.0457515 0.000383476 
0.0245604 0.0876283 0.0206726 0.685203 0.000303698 0.00423319 0.00628132 0.116331 0.0442198 0.0105669 
0.00714934 0.316863 0.0034296 0.50113 0.00356717 0.00200174 0.0243204 0.0841367 0.0501702 0.0072317 
0.0212154 0.0671129 0.0329088 0.709212 0.00022793 0.00230169 0.00565831 0.103594 0.046893 0.0108761 
0.0012544 0.359283 0.0143426 0.577984 2.70008e-09 1.78754e-05 0.00120537 0.0167871 0.0290688 5.70348e-05 
0.00203875 0.101362 0.000337204 0.806544 6.16475e-05 4.58644e-05 0.00552758 0.0379486 0.0457515 0.000383476 
0.022073 0.18655 0.00017762 0.69245 6.54011e-05 4.03426e-06 0.00223698 0.0225779 0.072371 0.00149398 
0.0012544 0.359283 0.0143426 0.577984 2.70008e-09 1.78754e-05 0.00120537 0.0167871 0.0290688 5.70348e-05 
0.037545 0.240732 0.00148546 0.496518 1.73942e-05 3.38871e-05 0.0180306 0.0456632 0.159387 0.000587868 
0.014092 0.239772 0.0169853 0.402431 0.000824042 0.00315146 0.0595238 0.180619 0.0746226 0.00797931 
0.0227759 0.147383 0.000631751 0.680292 0.000132873 1.50243e-05 0.00398125 0.111681 0.0321424 0.000964606 
0.0217151 0.309857 0.000299305 0.488379 0.000324905 2.84689e-05 0.0110289 0.0732194 0.0949357 0.000212926 
0.0238854 0.0809145 0.138772 0.32856 7.28085e-05 0.0522963 0.0234946 0.19641 0.0593399 0.0962538 
0.0201317 0.305575 0.000285837 0.328779 0.00088008 0.017057 0.0289386 0.247621 0.0473379 0.00339435 
0.0524821 0.205019 0.0133956 0.328559 0.000348933 0.000940559 0.114407 0.143147 0.11434 0.0273604 
0.00335307 0.265465 0.00120818 0.583425 0.000101913 0.000101748 0.00950573 0.0786684 0.0570893 0.00108174 
0.0038391 0.0628304 0.00176314 0.88356 1.21954e-07 8.35007e-06 0.00372719 0.0244425 0.0194014 0.000428104 
0.0272811 0.229343 0.0101915 0.421627 6.77107e-05 4.7755e-05 0.0199315 0.112646 0.131807 0.0470572 
0.00260156 0.132618 0.00253946 0.736841 4.5089e-05 2.41222e-05 0.0263538 0.0672753 0.0291933 0.00250871 
0.00447453 0.184509 0.00391951 0.685332 0.000611603 1.28459e-05 0.0148081 0.05959 0.043062 0.00368017 
0.0096917 0.0953763 0.0230037 0.747622 0.000218069 0.00235027 0.0107623 0.0534607 0.05 0.00751479 
0.00634227 0.170261 0.00278364 0.654059 0.00223985 0.000247107 0.04335 0.0634448 0.039798 0.0174741 
0.00109846 0.132147 0.00745927 0.775109 1.70446e-05 0.000323011 0.00586062 0.0579697 0.0165379 0.00347804 
0.0408029 0.157884 0.000949227 0.555159 0.000114951 1.32762e-05 0.0121472 0.119088 0.110461 0.00337959 
0.0095827 0.397573 0.00272972 0.525169 3.30841e-05 8.13127e-07 0.00287726 0.0424226 0.0194621 0.00014934 
0.0104661 0.169473 0.00370142 0.630644 6.53246e-05 3.6184e-05 0.00330432 0.0527049 0.128476 0.00112829 
0.0119681 0.273481 0.0158152 0.292459 0.000331935 0.000430619 0.220454 0.117006 0.0419345 0.0261196 
0.0114432 0.039313 0.00716202 0.719045 4.04961e-05 2.87164e-05 0.0081169 0.0875973 0.123591 0.00366206 
0.0279853 0.355467 0.00416137 0.425555 9.63985e-05 0.00539402 0.0184396 0.0454608 0.100655 0.016785 
0.00900939 0.119995 0.000460632 0.625976 4.043e-05 7.2644e-06 0.00160616 0.0502002 0.192311 0.000394674 
0.0144488 0.163535 0.00274849 0.549751 0.000133251 9.42135e-06 0.016052 0.106172 0.141459 0.00569098 
0.0137633 0.115987 0.00447731 0.671863 0.00119447 0.000705424 0.0180317 0.106729 0.0486289 0.01862 
0.0119995 0.10523 0.0382557 0.670961 0.000185166 0.00428899 0.00935958 0.0954543 0.0538651 0.0104005 
0.0132767 0.339903 0.00156243 0.365692 3.69094e-05 7.54727e-05 0.00656297 0.138583 0.104993 0.029315 
0.000251232 0.0755097 2.61175e-05 0.892746 0.00016401 9.36902e-05 0.0183151 0.0106183 0.00220671 6.93368e-05 
0.0307743 0.0869966 0.0331517 0.429369 0.000103696 0.00502559 0.0166335 0.130215 0.244148 0.0235829 
0.0444013 0.264274 0.0021373 0.293095 0.0193986 7.61129e-05 0.0214682 0.137353 0.138536 0.0792599 
0.0193303 0.105558 0.00674688 0.656346 0.000116982 0.000902134 0.00599166 0.125734 0.0549121 0.024362 
0.0098994 0.146324 0.000728378 0.507142 0.000379364 3.88974e-05 0.0155378 0.201184 0.116361 0.00240539 
0.00178273 0.214429 0.00136012 0.6684 2.46491e-06 0.000115453 0.00439341 0.0626962 0.0455586 0.00126222 
0.0103273 0.379584 0.000873777 0.46583 0.000238283 1.52235e-05 0.0289611 0.058498 0.0545465 0.00112584 
0.00455395 0.379271 0.000337248 0.569337 1.2362e-06 1.83126e-05 0.0084612 0.00451347 0.0332575 0.000249027 
0.0146864 0.138391 0.0118107 0.591895 0.0434081 0.0021904 0.015689 0.106612 0.0686596 0.00665769 
0.00471367 0.134538 0.00551481 0.666111 4.50617e-05 4.63099e-05 0.0272425 0.113722 0.0427845 0.00528225 
0.005055 0.101253 0.00882066 0.809094 7.90105e-05 1.98732e-05 0.00414924 0.0331987 0.0377485 0.000582259 
0.0351551 0.0437943 0.00768071 0.544119 0.000137212 0.00103679 0.00614665 0.26437 0.0358231 0.0617369 
0.00178273 0.214429 0.00136012 0.6684 2.46491e-06 0.000115453 0.00439341 0.0626962 0.0455586 0.00126222 
0.00900939 0.119995 0.000460632 0.625976 4.043e-05 7.2644e-06 0.00160616 0.0502002 0.192311 0.000394674 
0.00798069 0.272368 0.0160219 0.489248 9.04725e-05 1.89315e-06 0.0174622 0.0276042 0.160811 0.0084118 
0.0157935 0.257125 0.00773992 0.479195 0.00246017 0.0010764 0.0225147 0.10218 0.100647 0.0112691 
0.014281 0.0806335 0.00292873 0.472636 0.000153115 7.23176e-05 0.00878603 0.322817 0.058206 0.0394856 
0.0114432 0.039313 0.00716202 0.719045 4.04961e-05 2.87164e-05 0.0081169 0.0875973 0.123591 0.00366206 
0.0114147 0.0729701 0.0676141 0.670848 0.000374156 0.016102 0.0071389 0.0866066 0.0449479 0.0219833 
0.0214153 0.0935325 0.000631726 0.739442 0.000124826 1.50203e-05 0.00398121 0.10775 0.0321423 0.000964584 
0.0232574 0.0603136 0.00933522 0.668849 0.00107212 0.00771929 0.0427374 0.0898078 0.0802283 0.0166795 
0.00167141 0.129594 0.000185321 0.28678 0.00150786 0.000145265 0.13326 0.151968 0.178436 0.116452 
0.00516676 0.13577 0.000486851 0.69735 0.000135846 7.95867e-05 0.00580358 0.0567109 0.0979857 0.000510005 
0.0025996 0.139148 0.00170183 0.63663 0.000211642 5.52238e-05 0.0414934 0.0848957 0.0919108 0.0013535 
0.0256155 0.296862 0.0417829 0.432584 9.71091e-05 0.00050266 0.00849532 0.0992986 0.0903728 0.0043888 
0.00611672 0.193305 0.0105377 0.627694 0.000930381 4.85708e-05 0.00249954 0.0642461 0.0726008 0.022021 
0.0163709 0.340278 0.000908637 0.443853 7.73266e-05 4.07484e-06 0.0278824 0.0808245 0.0643447 0.0254562 
0.0154627 0.162274 0.0887846 0.580259 0.000669477 0.000199762 0.0182971 0.0735997 0.056109 0.00434527 
0.0227759 0.147383 0.000631751 0.680292 0.000132873 1.50243e-05 0.00398125 0.111681 0.0321424 0.000964606 
0.000951803 0.220701 0.00059949 0.68745 3.06864e-07 3.40573e-06 0.00305172 0.0614166 0.0242011 0.00162476 
0.0523851 0.160616 0.0122421 0.524869 5.94724e-05 0.000156065 0.0115461 0.103827 0.127582 0.00671788 
0.0044749 0.19074 0.00213917 0.549508 0.000897368 0.000118832 0.00845631 0.179156 0.0565572 0.0079513 
0.0245449 0.125431 0.014305 0.565627 0.000102023 0.000882115 0.013312 0.124922 0.125202 0.00567194 
0.00659363 0.184508 0.0048415 0.672807 6.21687e-05 2.28046e-05 0.00308439 0.0420958 0.085493 0.00049227 
0.0204895 0.11876 0.000578449 0.548312 3.76123e-05 6.3671e-06 0.0079115 0.100578 0.198028 0.00529885 
0.000714449 0.295663 0.000509747 0.606881 0.0455685 0.000399077 0.0292384 0.00995224 0.0101375 0.00093668 
0.0214153 0.0935325 0.000631726 0.739442 0.000124826 1.50203e-05 0.00398121 0.10775 0.0321423 0.000964584 
0.0212192 0.215125 0.0295458 0.276261 0.00067071 0.0180263 0.040901 0.117381 0.133947 0.146922 
0.00879014 0.204339 0.00564759 0.657885 4.63541e-06 6.02099e-05 0.00447357 0.0466407 0.0702074 0.00195106 
0.00326891 0.246142 0.00682231 0.618086 1.5274e-06 0.000357937 0.0440207 0.0502243 0.0262608 0.00481523 
0.0227988 0.0434874 0.00916495 0.632168 9.13489e-05 0.000489175 0.00707667 0.17138 0.0836166 0.0297277 
0.0199829 0.292996 0.00698712 0.382876 0.000369171 0.000200493 0.0383956 0.0874202 0.158662 0.0121113 
0.00260156 0.132618 0.00253946 0.736841 4.5089e-05 2.41222e-05 0.0263538 0.0672753 0.0291933 0.00250871 
0.00616163 0.116929 7.08473e-05 0.798236 6.74534e-05 1.10811e-06 0.00521441 0.0422547 0.0302577 0.000807236 
0.037545 0.240732 0.00148546 0.496518 1.73942e-05 3.38871e-05 0.0180306 0.0456632 0.159387 0.000587868 
0.00178273 0.214429 0.00136012 0.6684 2.46491e-06 0.000115453 0.00439341 0.0626962 0.0455586 0.00126222 
0.0063059 0.0494218 0.00419913 0.755625 3.52781e-05 1.92543e-05 0.0100027 0.0999645 0.0710048 0.00342121 
0.00770815 0.318868 0.000644484 0.329242 0.00919802 0.00128496 0.262197 0.0333409 0.031381 0.00613596 
0.0399203 0.206772 0.00338434 0.241715 7.72887e-05 0.000197141 0.19958 0.155969 0.131798 0.0205868 
0.0012544 0.359283 0.0143426 0.577984 2.70008e-09 1.78754e-05 0.00120537 0.0167871 0.0290688 5.70348e-05 
0.0227759 0.147383 0.000631751 0.680292 0.000132873 1.50243e-05 0.00398125 0.111681 0.0321424 0.000964606 
0.0160501 0.178327 0.000909375 0.592483 0.000134551 1.56191e-05 0.00345324 0.10793 0.0996018 0.00109588 
0.00619655 0.19949 0.0227443 0.605613 0.00105731 0.0030972 0.0199776 0.0825947 0.0508407 0.0083893 
0.0240359 0.319839 0.00168435 0.35711 6.25008e-05 0.000113007 0.00901931 0.101751 0.182775 0.00360945 
0.0085555 0.156068 0.00238766 0.698387 0.000164319 7.24157e-05 0.0120815 0.0791488 0.0388645 0.00427005 
0.0103777 0.264475 0.00734622 0.476148 0.00127937 2.03296e-05 0.00189721 0.166661 0.0679266 0.00386868 
0.00718777 0.0901872 0.00304761 0.75362 7.63629e-05 1.63761e-05 0.00450502 0.048546 0.0917292 0.00108483 
0.0351551 0.0437943 0.00768071 0.544119 0.000137212 0.00103679 0.00614665 0.26437 0.0358231 0.0617369 
0.00230862 0.112458 0.0024125 0.801901 4.29402e-05 8.79475e-05 0.0055169 0.0432643 0.0300254 0.00198207 
0.0135217 0.193017 0.0208327 0.552243 0.00125591 0.00215528 0.0198847 0.0863439 0.104933 0.00581359 
0.0111191 0.391997 0.00120412 0.41911 0.000249821 0.0025848 0.0394125 0.0965837 0.0307211 0.00701792 
0.017537 0.248853 0.0445665 0.26641 5.83497e-05 0.00842086 0.0532987 0.18426 0.145055 0.0315409 
0.00698118 0.321468 0.0094458 0.419114 0.0267384 0.000396265 0.0445835 0.129722 0.0369615 0.0045891 
0.0353792 0.101378 0.00812044 0.300902 0.010143 0.00208961 0.0885667 0.175001 0.242487 0.0359328 
0.00527601 0.222963 0.0032278 0.603206 0.00014342 9.34754e-05 0.0258413 0.0862222 0.0518508 0.00117626 
0.00879014 0.204339 0.00564759 0.657885 4.63541e-06 6.02099e-05 0.00447357 0.0466407 0.0702074 0.00195106 
0.00632995 0.381667 0.00013238 0.39381 0.0438143 7.44929e-06 0.0359798 0.0746095 0.0606417 0.00300774 
0.0186364 0.226571 0.000517104 0.627216 0.000108861 1.23279e-05 0.00325769 0.091376 0.0315154 0.000789422 
0.00524205 0.261116 0.00247114 0.430076 0.000177832 4.96238e-06 0.00772901 0.232689 0.0438114 0.0166835 
0.00095105 0.317065 0.0128108 0.357185 1.58311e-05 0.000435202 0.141174 0.11903 0.0395287 0.0118044 
0.037545 0.240732 0.00148546 0.496518 1.73942e-05 3.38871e-05 0.0180306 0.0456632 0.159387 0.000587868 
0.00109846 0.132147 0.00745927 0.775109 1.70446e-05 0.000323011 0.00586062 0.0579697 0.0165379 0.00347804 
0.0265088 0.0685698 0.00112798 0.744394 6.38356e-05 3.26395e-06 0.0018365 0.0942333 0.0617271 0.00153552 
0.0903917 0.306941 0.000837784 0.325517 0.000287444 2.90532e-05 0.118587 0.0725409 0.00936394 0.0755041 
0.012318 0.276111 0.000384044 0.418711 3.37312e-05 0.000403943 0.0324863 0.113628 0.105315 0.040609 
0.0265088 0.0685698 0.00112798 0.744394 6.38356e-05 3.26395e-06 0.0018365 0.0942333 0.0617271 0.00153552 
0.0204678 0.0544469 0.00227283 0.650875 0.000654489 9.36578e-05 0.0885761 0.0742733 0.0711134 0.0372264 
0.00503083 0.196788 0.00138914 0.403496 0.000119476 3.20362e-06 0.0108836 0.169484 0.212231 0.000574718 
0.00643517 0.227744 0.00165862 0.551729 0.000548519 4.11806e-05 0.103203 0.0935646 0.0137385 0.00133715 
0.011564 0.290668 0.00150428 0.452727 9.59444e-06 7.35509e-05 0.00541531 0.113092 0.094051 0.0308952 
0.018724 0.132689 0.0102484 0.485384 9.59121e-05 0.000508933 0.0554119 0.21167 0.0691475 0.0161204 
0.00524321 0.113115 0.00224721 0.817993 0.000135917 1.21493e-05 0.0162404 0.0288226 0.0154699 0.000720386 
0.0428306 0.28355 0.0315557 0.420107 4.82626e-05 0.000542706 0.0825582 0.0572936 0.0572868 0.0242266 
0.00489291 0.386001 0.0166423 0.410529 0.000242959 0.00441322 0.0196509 0.0819066 0.0619948 0.0137259 
0.00333729 0.300086 0.00347015 0.410232 1.00869e-05 0.000223367 0.0771578 0.0822754 0.11876 0.00444768 
0.0206019 0.0992225 0.00848565 0.607108 0.000202202 0.0014604 0.0108238 0.126642 0.0940574 0.0313959 
0.0157084 0.160445 0.000689257 0.450538 0.000205492 1.24291e-05 0.00411275 0.104382 0.263237 0.000668944 
0.0181946 0.0807488 0.00796518 0.621942 0.0144997 0.00360633 0.0573648 0.140146 0.0327305 0.0228023 
0.0603288 0.179172 0.0916273 0.190693 0.000211811 0.00953683 0.154052 0.182864 0.119918 0.0115956 
0.0168844 0.162884 0.0722035 0.606098 6.19365e-05 8.77069e-05 0.0102003 0.0355624 0.0915393 0.004478 
0.0146018 0.227268 0.0151824 0.375526 0.0157158 0.00338742 0.0640579 0.18014 0.0911218 0.0129998 
0.00460391 0.169644 0.000312805 0.684274 4.93558e-05 4.94646e-05 0.0304877 0.0566637 0.0472895 0.00662521 
0.0032544 0.393521 0.0171253 0.430494 0.000270219 0.00135919 0.0163633 0.0760752 0.0504405 0.0110969 
0.0108985 0.149881 0.00831033 0.608052 0.000323363 0.00232804 0.0331752 0.0968526 0.0773992 0.0127798 
0.00694008 0.10642 0.0072623 0.649996 3.69867e-05 3.71773e-05 0.0227231 0.117196 0.0827523 0.00663644 
0.00915471 0.255324 0.0206398 0.396322 1.55911e-07 9.2332e-05 0.221161 0.073262 0.0157632 0.00828172 
0.0329139 0.272288 0.00441564 0.304706 2.71986e-05 0.000651487 0.0302065 0.167082 0.16416 0.0235489 
0.0554842 0.194725 0.00043078 0.522359 9.06227e-05 1.02501e-05 0.0076085 0.182238 0.0228996 0.0141536 
0.00879014 0.204339 0.00564759 0.657885 4.63541e-06 6.02099e-05 0.00447357 0.0466407 0.0702074 0.00195106 
0.0153706 0.111847 0.0155014 0.679809 0.000234081 0.00131164 0.0111097 0.0950259 0.0596485 0.0101422 
0.011564 0.290668 0.00150428 0.452727 9.59444e-06 7.35509e-05 0.00541531 0.113092 0.094051 0.0308952 
0.0121791 0.125079 0.0221997 0.544058 0.000133249 0.00253721 0.00689621 0.160798 0.0600793 0.06604 
0.00441702 0.206549 0.0045668 0.493277 0.000319469 0.00048332 0.195768 0.0652199 0.017765 0.0116342 
0.00879014 0.204339 0.00564759 0.657885 4.63541e-06 6.02099e-05 0.00447357 0.0466407 0.0702074 0.00195106 
0.00409432 0.225762 0.0156718 0.42237 0.197897 0.000111685 0.0168352 0.0863345 0.0296533 0.00126973 
0.0122446 0.155135 0.0159911 0.251993 0.0379196 0.0082428 0.238728 0.187897 0.053932 0.0379172 
0.0222711 0.323755 0.00343767 0.339777 0.000252382 5.37437e-05 0.00920256 0.19792 0.0935069 0.00982266 
0.00686448 0.393123 0.00264703 0.429622 0.0207315 0.000210839 0.0457761 0.068447 0.0284293 0.00414933 
0.0237485 0.354158 0.000908305 0.419653 0.000482323 0.00933582 0.0276586 0.0934623 0.0450378 0.0255548 
0.0155139 0.309963 0.00743896 0.584747 7.62434e-05 9.28517e-06 0.00406438 0.034809 0.0423843 0.000993996 
0.00457421 0.0967147 0.0112972 0.721956 8.90241e-05 0.00182213 0.0108259 0.0998555 0.04476 0.00810582 
0.0069467 0.133662 0.000210567 0.637229 7.16352e-08 7.43939e-06 0.0035468 0.118713 0.0995511 0.000132535 
0.0144985 0.270725 0.0280636 0.328261 6.60031e-05 3.97192e-05 0.0177976 0.0821595 0.246749 0.0116394 
0.0226947 0.231796 0.0397163 0.44014 0.000370306 0.00217017 0.0175589 0.104782 0.128618 0.0121541 
0.0141677 0.177612 0.00549549 0.623031 0.000342465 0.000133167 0.0152323 0.1064 0.0538267 0.00375888 
0.0128088 0.106638 0.0598421 0.528071 0.000299332 0.0180625 0.0189694 0.169711 0.0576198 0.0279781 
0.0128088 0.106638 0.0598421 0.528071 0.000299332 0.0180625 0.0189694 0.169711 0.0576198 0.0279781 
0.0185625 0.193279 0.00764573 0.678893 7.47954e-05 3.19752e-05 0.00455671 0.0250819 0.0680498 0.00382512 
0.0038391 0.0628304 0.00176314 0.88356 1.21954e-07 8.35007e-06 0.00372719 0.0244425 0.0194014 0.000428104 
0.022073 0.18655 0.00017762 0.69245 6.54011e-05 4.03426e-06 0.00223698 0.0225779 0.072371 0.00149398 
0.0222273 0.110206 0.000660071 0.687997 0.000143536 3.53492e-05 0.00565117 0.132511 0.0393742 0.00119449 
0.00508144 0.412376 0.000113743 0.512041 1.37603e-06 0.000147865 0.00101802 0.000883355 0.0665884 0.00174953 
0.00422493 0.274505 0.0391336 0.356222 0.00353438 0.0138657 0.0167509 0.250754 0.0313987 0.00961177 
0.037545 0.240732 0.00148546 0.496518 1.73942e-05 3.38871e-05 0.0180306 0.0456632 0.159387 0.000587868 
0.0197297 0.143857 0.116151 0.279305 5.91462e-05 0.125122 0.0325994 0.143457 0.0728742 0.0668455 
0.0209696 0.109099 0.0559589 0.579044 0.00173823 0.00690847 0.0219387 0.105588 0.0672626 0.0314928 
0.0181745 0.0475246 0.0143599 0.747246 0.000183269 0.00192081 0.00715644 0.0903878 0.0394923 0.0335544 
0.0134553 0.280475 0.00567151 0.403846 0.00332667 0.00113747 0.086768 0.143569 0.0343504 0.0274002 
0.00616968 0.170439 0.210387 0.213217 0.00649338 0.154554 0.0597277 0.0983115 0.0674343 0.0132661 
0.011564 0.290668 0.00150428 0.452727 9.59444e-06 7.35509e-05 0.00541531 0.113092 0.094051 0.0308952 
0.00518909 0.153362 0.081731 0.382923 0.00098059 0.000273872 0.0808362 0.207445 0.0720388 0.015221 
0.0278135 0.213554 0.00373833 0.262139 9.77451e-05 1.80302e-05 0.197641 0.176002 0.100939 0.0180576 
0.014335 0.227191 0.00776685 0.626376 0.000117412 0.000135536 0.0162228 0.0864867 0.0187631 0.00260536 
0.00901499 0.19315 0.0222611 0.495224 1.61757e-05 0.000162996 0.0135268 0.084779 0.176822 0.00504256 
0.00331292 0.413604 0.0195159 0.438584 0.0056293 1.02579e-05 0.0251316 0.0543907 0.0291951 0.0106265 
0.0399955 0.279403 0.0143827 0.438457 0.000126938 0.00266364 0.0140401 0.0873761 0.105202 0.0183542 
0.0180076 0.213527 0.000775474 0.400141 7.95907e-05 2.93534e-05 0.160787 0.152171 0.0356905 0.0187903 
0.00203875 0.101362 0.000337204 0.806544 6.16475e-05 4.58644e-05 0.00552758 0.0379486 0.0457515 0.000383476 
0.0107441 0.0398949 0.000349017 0.617283 0.0210607 7.6996e-05 0.0422856 0.236836 0.0299277 0.00154198 
0.00453951 0.37634 0.000338251 0.569451 5.59609e-07 1.66795e-06 0.00449702 0.0145246 0.0300731 0.000233648 
0.00460391 0.169644 0.000312805 0.684274 4.93558e-05 4.94646e-05 0.0304877 0.0566637 0.0472895 0.00662521 
0.0395703 0.019742 0.0197154 0.571218 0.000305108 0.00588701 0.00665931 0.207128 0.0265459 0.103229 
0.00924565 0.122064 0.00271406 0.759713 8.40434e-05 9.1934e-05 0.00489015 0.065157 0.0341254 0.00191477 
0.00350372 0.0802545 0.00369308 0.834522 1.97498e-06 3.89806e-06 0.00573491 0.0174944 0.0541186 0.000672982 
0.0236969 0.387778 0.00550778 0.411912 8.94758e-05 6.58626e-05 0.0152417 0.0814824 0.0631609 0.0110644 
0.0120962 0.198138 0.00647995 0.604001 0.000509983 5.07788e-05 0.03372 0.0908869 0.0475669 0.00655007 
0.00203875 0.101362 0.000337204 0.806544 6.16475e-05 4.58644e-05 0.00552758 0.0379486 0.0457515 0.000383476 
0.0166772 0.202906 0.0362497 0.299908 0.00032518 0.00679126 0.124865 0.236339 0.0709301 0.00500863 
0.00340683 0.322142 0.0030173 0.470408 3.03024e-06 5.47059e-05 0.00384404 0.0907355 0.0586177 0.0477716 
0.00178273 0.214429 0.00136012 0.6684 2.46491e-06 0.000115453 0.00439341 0.0626962 0.0455586 0.00126222 
0.00970326 0.142798 0.00331889 0.679682 5.07325e-05 0.000731335 0.0241502 0.0532382 0.0244608 0.0618663 
0.0227948 0.221907 0.0205175 0.554526 0.000341561 0.00205444 0.0313855 0.0918918 0.0444386 0.0101435 
0.00203875 0.101362 0.000337204 0.806544 6.16475e-05 4.58644e-05 0.00552758 0.0379486 0.0457515 0.000383476 
0.00512264 0.180208 0.000852668 0.564912 6.71011e-05 3.28075e-05 0.0598884 0.0961926 0.0916062 0.00111733 
0.00668867 0.159669 0.00373767 0.705712 0.000108907 9.31595e-05 0.0135049 0.0721053 0.0359692 0.00241156 
0.0217151 0.309857 0.000299305 0.488379 0.000324905 2.84689e-05 0.0110289 0.0732194 0.0949357 0.000212926 
0.0214153 0.0935325 0.000631726 0.739442 0.000124826 1.50203e-05 0.00398121 0.10775 0.0321423 0.000964584 
0.00928051 0.25849 0.0421046 0.42568 2.70614e-05 0.000188341 0.0752516 0.0720448 0.114955 0.00197875 
0.00222118 0.0887971 0.00380904 0.780895 8.37535e-05 0.000168522 0.00517423 0.0951422 0.0189733 0.00473554 
0.0027354 0.0768542 0.00608248 0.878456 2.7591e-07 4.3313e-05 0.0022911 0.0179425 0.0153215 0.000273225 
0.0103693 0.308742 0.0157476 0.49826 0.000447698 2.06236e-05 0.0805038 0.0549639 0.0307972 0.000147584 
0.0207982 0.262427 0.00468669 0.442323 0.000827437 3.82871e-05 0.0107293 0.14745 0.10585 0.00487084 
0.0105793 0.287876 0.00853667 0.480842 8.22703e-06 6.30451e-05 0.0046417 0.0978869 0.0830847 0.0264817 
0.0252383 0.275125 0.039044 0.2756 0.000171373 0.00181953 0.0118329 0.208299 0.153594 0.00927524 
0.0144741 0.0964011 0.0512879 0.601886 0.000243426 0.00221697 0.00545819 0.0913224 0.129382 0.00732767 
0.0201317 0.305575 0.000285837 0.328779 0.00088008 0.017057 0.0289386 0.247621 0.0473379 0.00339435 
0.00203875 0.101362 0.000337204 0.806544 6.16475e-05 4.58644e-05 0.00552758 0.0379486 0.0457515 0.000383476 
0.00067081 0.155834 0.00769152 0.498827 0.012521 0.00149158 0.0429478 0.161649 0.116334 0.00203358 
0.00889997 0.0194675 0.0237346 0.328348 0.00835306 0.0075149 0.28446 0.0958221 0.00520313 0.218196 
0.0128088 0.106638 0.0598421 0.528071 0.000299332 0.0180625 0.0189694 0.169711 0.0576198 0.0279781 
0.00716612 0.055243 0.00550285 0.794519 5.76391e-05 1.4891e-05 0.00694081 0.0458367 0.0828503 0.00186842 
0.0151805 0.17227 0.0298417 0.42643 0.00123918 0.00263777 0.0338478 0.238947 0.0796065 7.93309e-08 
0.0363523 0.187884 0.00289641 0.279355 0.000177479 0.000149459 0.0983944 0.234744 0.135499 0.0245489 
0.011564 0.290668 0.00150428 0.452727 9.59444e-06 7.35509e-05 0.00541531 0.113092 0.094051 0.0308952 
0.00318968 0.116117 0.0264087 0.783457 6.80129e-05 1.49576e-05 0.00540853 0.0249991 0.039809 0.00052866 
0.010495 0.0996187 0.00208202 0.776978 4.20044e-05 2.83476e-05 0.00645547 0.0550286 0.0465594 0.00271288 
0.000516777 0.109639 0.000603 0.805953 1.38305e-05 4.43532e-05 0.00520375 0.055051 0.0202296 0.00274556 
0.00962909 0.0960828 0.00424464 0.776409 5.88293e-05 9.0147e-05 0.00491426 0.0621002 0.0440828 0.00238852 
0.0237324 0.330229 0.0136002 0.36288 0.000293119 0.0019694 0.0255783 0.127812 0.0935718 0.020334 
0.00556888 0.0452455 0.000188515 0.765385 4.50244e-06 2.71145e-05 0.0108641 0.160971 0.00271498 0.00903048 
0.00109846 0.132147 0.00745927 0.775109 1.70446e-05 0.000323011 0.00586062 0.0579697 0.0165379 0.00347804 
0.00535187 0.267351 0.00211988 0.57853 1.75278e-05 0.000190109 0.00701686 0.0709188 0.0626844 0.00581932 
0.0145892 0.236634 0.0704152 0.341661 9.79621e-05 6.1445e-06 0.0155465 0.0519887 0.256526 0.0125359 
0.00616163 0.116929 7.08473e-05 0.798236 6.74534e-05 1.10811e-06 0.00521441 0.0422547 0.0302577 0.000807236 
0.0523332 0.112224 0.127362 0.196356 0.000645859 0.00356428 0.135331 0.160024 0.166767 0.0453933 
0.0205388 0.162889 0.0191403 0.579335 0.00134507 0.002126 0.0118057 0.114127 0.0726021 0.0160902 
0.0353159 0.23089 0.000713075 0.479323 0.00154822 5.85877e-06 0.101507 0.117346 0.0259195 0.00743163 
0.0114432 0.039313 0.00716202 0.719045 4.04961e-05 2.87164e-05 0.0081169 0.0875973 0.123591 0.00366206 
0.00203875 0.101362 0.000337204 0.806544 6.16475e-05 4.58644e-05 0.00552758 0.0379486 0.0457515 0.000383476 
0.0150108 0.279511 0.0190742 0.534527 0.000678734 0.000296833 0.0864586 0.0365251 0.00886467 0.0190526 
0.0090276 0.190962 0.000932326 0.724813 5.52259e-05 2.82916e-05 0.00206446 0.0171741 0.0548754 6.68219e-05 
0.0143698 0.0784869 0.0127457 0.720277 0.000218287 0.00214777 0.00892482 0.110144 0.0322035 0.0204818 
0.0227759 0.147383 0.000631751 0.680292 0.000132873 1.50243e-05 0.00398125 0.111681 0.0321424 0.000964606 
0.00967205 0.0770352 0.0003408 0.384628 0.000349403 5.96868e-06 0.0101511 0.218346 0.299197 0.00027476 
0.0386875 0.314122 0.0111304 0.386986 0.000160648 0.00103336 0.0271175 0.135981 0.039323 0.045459 
0.00178273 0.214429 0.00136012 0.6684 2.46491e-06 0.000115453 0.00439341 0.0626962 0.0455586 0.00126222 
0.0211171 0.268135 0.0241652 0.379681 0.000491197 0.000447207 0.0856305 0.102658 0.0865633 0.0311111 
0.0402336 0.0690642 0.0027523 0.439599 0.00124676 0.000106935 0.124747 0.135219 0.140254 0.0467773 
0.00425472 0.308688 0.000794213 0.344967 1.08667e-06 2.56036e-06 0.245614 0.0549868 0.0170875 0.0236038 
0.0063059 0.0494218 0.00419913 0.755625 3.52781e-05 1.92543e-05 0.0100027 0.0999645 0.0710048 0.00342121 
0.0476684 0.0805915 0.027088 0.306985 0.00159364 0.0450344 0.0374082 0.0971986 0.184448 0.171985 
0.00117671 0.0879667 0.000524087 0.779725 0.000465852 0.000136387 0.0692316 0.053976 0.00533004 0.00146815 
0.0384888 0.314591 0.00583837 0.373499 0.0228767 0.000203872 0.041323 0.0992495 0.087136 0.0167943 
0.00898107 0.189664 0.00333987 0.355328 3.7145e-05 0.000115473 0.0356919 0.300805 0.0999835 0.00605297 
0.024624 0.144409 0.00346518 0.427323 0.000161963 3.29371e-05 0.0223694 0.0836686 0.252222 0.041724 
0.0134386 0.322596 0.0114723 0.436811 0.0034978 0.00013255 0.0221699 0.125053 0.0554258 0.00940361 
0.00175119 0.0854068 8.76147e-06 0.897861 4.19835e-06 3.3235e-10 0.0024089 0.0073743 0.0046434 0.000541058 
0.0470731 0.192066 0.0873738 0.333471 0.000206171 0.00972595 0.008947 0.170534 0.0787274 0.0718754 
0.00550567 0.143257 0.000278723 0.632343 0.000591753 3.70058e-05 0.0287668 0.153736 0.0302113 0.00527257 
0.0265088 0.0685698 0.00112798 0.744394 6.38356e-05 3.26395e-06 0.0018365 0.0942333 0.0617271 0.00153552 
0.00109846 0.132147 0.00745927 0.775109 1.70446e-05 0.000323011 0.00586062 0.0579697 0.0165379 0.00347804 
0.00905044 0.213186 0.0771141 0.296371 1.36793e-05 7.3049e-06 0.0113518 0.104328 0.273923 0.0146552 
0.0026452 0.169659 0.00155254 0.690657 5.276e-05 0.000119328 0.00422225 0.0569841 0.0695982 0.00451005 
0.00889997 0.0194675 0.0237346 0.328348 0.00835306 0.0075149 0.28446 0.0958221 0.00520313 0.218196 
0.0134805 0.203813 0.0436371 0.288503 0.000173849 0.0169787 0.0281122 0.112127 0.149706 0.143469 
0.0128088 0.106638 0.0598421 0.528071 0.000299332 0.0180625 0.0189694 0.169711 0.0576198 0.0279781 
0.0196262 0.325565 0.000351084 0.54911 7.45113e-05 1.25459e-05 0.00294592 0.0820698 0.0195339 0.000711443 
0.039426 0.0296635 0.0229007 0.650506 0.000303989 0.00511297 0.00507869 0.184719 0.0304235 0.0318656 
0.00260225 0.109222 0.00146089 0.784129 8.58466e-05 4.49778e-05 0.015045 0.052095 0.033957 0.00135766 
0.0090276 0.190962 0.000932326 0.724813 5.52259e-05 2.82916e-05 0.00206446 0.0171741 0.0548754 6.68219e-05 
0.00399925 0.347276 0.000203087 0.420576 2.64383e-05 0.0199399 0.0734356 0.0308479 0.101332 0.00236431 
0.00212886 0.108507 0.00207803 0.784684 3.70802e-05 1.97598e-05 0.0215628 0.0550441 0.0238861 0.00205276 
0.076328 0.0400567 0.0274957 0.403534 0.000302979 0.0171744 0.00761872 0.0796464 0.325021 0.0228229 
0.0260601 0.328573 0.0102612 0.363026 0.000206847 0.000412957 0.0141708 0.097849 0.1379 0.0215397 
0.00292109 0.150122 0.000374612 0.700604 6.16451e-05 5.72752e-05 0.00635837 0.064238 0.0748484 0.000414547 
0.001298 0.372988 6.06249e-05 0.545786 6.13023e-05 1.44743e-06 0.0447583 0.0171527 0.0178787 1.43491e-05 
0.000516777 0.109639 0.000603 0.805953 1.38305e-05 4.43532e-05 0.00520375 0.055051 0.0202296 0.00274556 
0.0197297 0.143857 0.116151 0.279305 5.91462e-05 0.125122 0.0325994 0.143457 0.0728742 0.0668455 
0.00653883 0.20343 0.00114327 0.698359 1.64988e-05 4.07809e-05 0.00178439 0.0279258 0.0592089 0.0015528 
0.000310962 0.234922 0.000430191 0.705257 5.24282e-07 5.83672e-06 0.00451154 0.0316587 0.0226222 0.000280725 
0.042179 0.118285 0.00501214 0.690763 0.000130565 0.000438176 0.0142688 0.0663353 0.0608709 0.00171779 
0.00616163 0.116929 7.08473e-05 0.798236 6.74534e-05 1.10811e-06 0.00521441 0.0422547 0.0302577 0.000807236 
0.00389004 0.138046 0.00011047 0.523099 0.00020218 0.000620793 0.0551428 0.235185 0.0420946 0.00160805 
0.0115835 0.144626 0.000592235 0.528765 5.19744e-05 9.3392e-06 0.00206505 0.064543 0.247257 0.000507435 
0.00236244 0.159871 0.011202 0.619387 2.54143e-06 3.2643e-05 0.0100563 0.0843692 0.0834961 0.0292204 
0.00879014 0.204339 0.00564759 0.657885 4.63541e-06 6.02099e-05 0.00447357 0.0466407 0.0702074 0.00195106 
0.0056074 0.208075 0.00988268 0.672956 1.08819e-05 1.38377e-05 0.00350304 0.0395182 0.0580333 0.0024001 
0.00292109 0.150122 0.000374612 0.700604 6.16451e-05 5.72752e-05 0.00635837 0.064238 0.0748484 0.000414547 
0.0371967 0.308947 0.00613588 0.406902 0.000518581 0.000428375 0.085273 0.0964922 0.0412476 0.0168591 
0.0328631 0.117162 0.00952255 0.331088 0.00055057 0.00587275 0.0714182 0.235298 0.0618915 0.134332 
0.0240359 0.319839 0.00168435 0.35711 6.25008e-05 0.000113007 0.00901931 0.101751 0.182775 0.00360945 
0.00330664 0.17336 0.000891365 0.721064 2.13227e-05 2.52531e-05 0.00468708 0.0479029 0.0457295 0.00301167 
0.0233572 0.294317 0.000819526 0.393584 0.00296277 4.49759e-05 0.0741984 0.1063 0.101138 0.00327854 
0.00178273 0.214429 0.00136012 0.6684 2.46491e-06 0.000115453 0.00439341 0.0626962 0.0455586 0.00126222 
0.0105793 0.287876 0.00853667 0.480842 8.22703e-06 6.30451e-05 0.0046417 0.0978869 0.0830847 0.0264817 
0.00879014 0.204339 0.00564759 0.657885 4.63541e-06 6.02099e-05 0.00447357 0.0466407 0.0702074 0.00195106 
0.00164795 0.374312 0.0174259 0.457358 1.76955e-05 0.00379926 0.0211525 0.0790474 0.0427295 0.00251031 
0.0081834 0.323829 0.00444459 0.495894 0.000168534 0.000408 0.0185502 0.0911082 0.0472764 0.010138 
0.00203875 0.101362 0.000337204 0.806544 6.16475e-05 4.58644e-05 0.00552758 0.0379486 0.0457515 0.000383476 
0.0171055 0.450405 0.00600993 0.450614 2.288e-07 4.95758e-06 0.00136449 0.0248252 0.0485499 0.00112048 
0.00178273 0.214429 0.00136012 0.6684 2.46491e-06 0.000115453 0.00439341 0.0626962 0.0455586 0.00126222 
0.0201322 0.0966938 0.0113529 0.655222 0.000170456 0.00122626 0.00585991 0.140913 0.0623238 0.00610599 
0.0114147 0.0729701 0.0676141 0.670848 0.000374156 0.016102 0.0071389 0.0866066 0.0449479 0.0219833 
0.00891377 0.0928678 0.000423402 0.739841 5.52529e-05 1.1099e-05 0.00170657 0.0394997 0.116459 0.00022214 
0.011433 0.259071 0.0122799 0.518867 0.000110955 0.0202465 0.0151707 0.113398 0.0415802 0.00784259 
0.0128088 0.106638 0.0598421 0.528071 0.000299332 0.0180625 0.0189694 0.169711 0.0576198 0.0279781 
0.0265088 0.0685698 0.00112798 0.744394 6.38356e-05 3.26395e-06 0.0018365 0.0942333 0.0617271 0.00153552 
0.0224126 0.0949119 0.105679 0.475739 0.000207067 0.00216925 0.00517928 0.0896767 0.18856 0.0154658 
0.0130989 0.104982 0.00617739 0.681408 7.6221e-05 0.000276797 0.0173292 0.110883 0.0397034 0.0260651 
0.0038668 0.130559 0.00383165 0.635248 0.000882883 4.37391e-05 0.0162141 0.16514 0.038475 0.00573831 
0.0351212 0.0284189 0.0116282 0.294691 8.76712e-05 0.0246245 0.0220055 0.216932 0.116039 0.250453 
0.0205258 0.240124 1.01263e-06 0.288547 0.000670577 1.87524e-05 0.233637 0.131172 0.0834322 0.00187127 
0.0229311 0.354224 0.0028965 0.375432 0.000621138 0.000915634 0.0307755 0.102427 0.103132 0.00664534 
0.0265088 0.0685698 0.00112798 0.744394 6.38356e-05 3.26395e-06 0.0018365 0.0942333 0.0617271 0.00153552 
0.0090276 0.190962 0.000932326 0.724813 5.52259e-05 2.82916e-05 0.00206446 0.0171741 0.0548754 6.68219e-05 
0.0554842 0.194725 0.00043078 0.522359 9.06227e-05 1.02501e-05 0.0076085 0.182238 0.0228996 0.0141536 
0.0425824 0.0745311 0.143072 0.236589 0.000480355 0.0330254 0.0066508 0.215343 0.148807 0.0989192 
0.0024967 0.0527714 7.21726e-05 0.823366 0.000157462 2.71172e-06 0.00231634 0.10253 0.0139506 0.00233702 
0.0554842 0.194725 0.00043078 0.522359 9.06227e-05 1.02501e-05 0.0076085 0.182238 0.0228996 0.0141536 
0.0111194 0.0972172 0.0066599 0.319386 7.58452e-05 9.04487e-05 0.0113231 0.296599 0.255672 0.00185753 
0.0114432 0.039313 0.00716202 0.719045 4.04961e-05 2.87164e-05 0.0081169 0.0875973 0.123591 0.00366206 
0.00798069 0.272368 0.0160219 0.489248 9.04725e-05 1.89315e-06 0.0174622 0.0276042 0.160811 0.0084118 
0.0214153 0.0935325 0.000631726 0.739442 0.000124826 1.50203e-05 0.00398121 0.10775 0.0321423 0.000964584 
0.0111194 0.0972172 0.0066599 0.319386 7.58452e-05 9.04487e-05 0.0113231 0.296599 0.255672 0.00185753 
0.0188706 0.291098 0.000163621 0.398644 0.000106759 2.76888e-05 0.0309425 0.0967814 0.160655 0.00271132 
0.0223274 0.116168 0.0451666 0.47984 2.21776e-07 3.73096e-06 0.00258975 0.202783 0.125744 0.00537663 
0.0761 0.191736 0.000140013 0.505415 1.59845e-08 9.27186e-06 0.00326168 0.168466 0.0539972 0.000873741 
