0.0975163 0.0791112 0.0766516 0.00284091 0.21787 0.164856 0.00161497 0.194166 0.160082 0.00529125 
0.00686604 0.010035 0.0414771 0.00107488 0.879134 0.0174091 0.00032631 0.0149391 0.0284109 0.000327201 
0.0013956 0.00164 0.279675 1.44239e-06 0.497515 0.0708246 0.000513163 0.137146 0.0112883 1.0011e-06 
0.0209822 0.0655814 0.207483 0.00102446 0.451163 0.0282229 8.93072e-05 0.199915 0.0244547 0.00108337 
0.0268966 0.0455155 0.219127 0.000770774 0.531733 0.0622767 0.000770458 0.0909388 0.0217558 0.000215527 
0.063568 0.045575 0.10038 0.00625273 0.498524 0.0385962 0.00243195 0.188298 0.0559352 0.000438403 
0.0653405 0.0913141 0.0344106 0.00016992 0.483583 0.224133 0.00027483 0.0752519 0.0254907 3.12698e-05 
0.0214238 0.0921607 0.0978319 0.00519648 0.267591 0.164548 0.00728236 0.25418 0.0880601 0.0017261 
0.0290091 0.0951169 0.193447 0.00303423 0.235539 0.148243 0.00125795 0.223724 0.0671126 0.00351658 
0.0597756 0.0423401 0.21732 0.00135114 0.332665 0.0984424 0.0160196 0.167964 0.0600616 0.00406092 
0.0196874 0.0522407 0.323692 0.00292455 0.3804 0.0433327 0.000513417 0.146526 0.0298766 0.000806264 
0.0411198 0.0209535 0.0821533 0.000495379 0.532017 0.111589 0.000509994 0.18497 0.0261891 2.95668e-06 
0.0295276 0.0130901 0.196973 0.000137864 0.368062 0.198095 0.000444075 0.165091 0.0281155 0.000463697 
0.0178726 0.055116 0.201506 0.0046583 0.414485 0.115084 0.000715258 0.150384 0.0360253 0.00415238 
0.0177623 0.0316713 0.260259 0.000181094 0.266517 0.119554 0.000529817 0.264398 0.038929 0.00019948 
0.0268966 0.0455155 0.219127 0.000770774 0.531733 0.0622767 0.000770458 0.0909388 0.0217558 0.000215527 
0.114134 0.0276356 0.0955507 0.00652952 0.257123 0.166783 0.000732645 0.200108 0.130268 0.00113521 
0.00704098 0.0124277 0.0773734 0.00414249 0.569226 0.14373 0.00704158 0.114451 0.0619557 0.0026106 
0.0183331 0.0680796 0.200938 0.00821096 0.513882 0.0255487 0.000120844 0.140949 0.023139 0.000799411 
0.0157774 0.0138557 0.337327 0.000267233 0.461745 0.0354348 1.61429e-05 0.127067 0.00850099 8.80963e-06 
0.03346 0.0290302 0.29529 0.000953757 0.313632 0.0463249 0.00122305 0.247884 0.0316084 0.000593649 
0.0204641 0.010752 0.212817 4.2009e-05 0.351106 0.0641632 0.000364954 0.278766 0.0614069 0.000118075 
0.0269619 0.24706 0.0492677 0.0115607 0.325315 0.0765039 0.00398009 0.136227 0.0976648 0.0254586 
0.0206055 0.0327364 0.229686 0.000635129 0.382642 0.124144 0.00117436 0.142265 0.0644676 0.00164416 
0.0409898 0.0804706 0.0472114 0.0152007 0.426957 0.181233 0.00194291 0.105755 0.0971491 0.00309089 
0.00686604 0.010035 0.0414771 0.00107488 0.879134 0.0174091 0.00032631 0.0149391 0.0284109 0.000327201 
0.00805345 0.0920157 0.208986 0.00974574 0.323385 0.105512 0.00209919 0.180457 0.0664089 0.00333704 
0.00954392 0.055464 0.021673 0.087922 0.342805 0.28835 0.03194 0.0407176 0.116764 0.00481998 
0.0212175 0.00641907 0.038364 3.06651e-05 0.76507 0.0278529 0.000718012 0.128048 0.012234 4.61979e-05 
0.0209822 0.0655814 0.207483 0.00102446 0.451163 0.0282229 8.93072e-05 0.199915 0.0244547 0.00108337 
0.0286938 0.0282339 0.160244 0.0093123 0.569549 0.0246891 0.000453537 0.14406 0.0343226 0.000442041 
0.0209822 0.0655814 0.207483 0.00102446 0.451163 0.0282229 8.93072e-05 0.199915 0.0244547 0.00108337 
0.0328183 0.0589608 0.197825 0.00320769 0.31097 0.140843 0.00228312 0.172587 0.0745893 0.00591506 
0.00433125 0.0136318 0.126439 7.11455e-06 0.719008 0.0166637 0.000191785 0.107661 0.0119661 0.000100399 
0.0123858 0.0253394 0.119153 0.00153112 0.590055 0.0655116 0.00147201 0.118839 0.0631949 0.00251839 
0.0326651 0.0436953 0.192784 0.00287774 0.330678 0.147245 0.00269223 0.180957 0.0650331 0.00137367 
0.0298569 0.0325853 0.109479 0.000947992 0.526721 0.0188907 0.000504285 0.259276 0.0191896 0.00254964 
0.160419 0.0169699 0.174528 0.000873596 0.375929 0.0156707 8.41605e-05 0.232804 0.0226961 2.56894e-05 
0.0379601 0.0657065 0.197301 0.00105777 0.359473 0.0637328 0.00312358 0.211318 0.0438065 0.0165208 
0.0223208 0.00290252 0.014912 9.67562e-06 0.67688 0.00690054 0.00359685 0.15723 0.115243 4.13785e-06 
0.0603614 0.0268076 0.0756658 0.00235536 0.553229 0.0967546 0.0157069 0.12836 0.0390576 0.00170179 
0.0271545 0.068621 0.0758818 0.00368489 0.53385 0.0476625 0.00152596 0.189959 0.0440684 0.00759191 
0.0246717 0.0243736 0.0881354 0.000797071 0.626695 0.0230102 0.000561328 0.188474 0.0203251 0.00295625 
0.0146856 0.0779172 0.0260478 0.00308646 0.440165 0.0393475 0.00061603 0.181229 0.21418 0.00272519 
0.00972147 0.0168248 0.0470635 0.00091561 0.777466 0.0392735 0.00091942 0.0768007 0.0222292 0.00878617 
0.0174123 0.0345078 0.216291 0.00304827 0.310943 0.159647 0.000399046 0.186603 0.0702529 0.000895625 
0.0491157 0.00373279 0.318969 0.00587803 0.512041 0.011806 0.000231498 0.0841738 0.0140418 1.07047e-05 
0.0132261 0.0601098 0.117219 0.00297348 0.306877 0.216809 0.000394409 0.232096 0.0502485 4.72509e-05 
0.0137141 0.0148322 0.120817 0.000352187 0.663221 0.0618497 3.67221e-05 0.0835531 0.0415972 2.71022e-05 
0.0426472 0.129283 0.094144 0.00591314 0.301312 0.0546207 0.000448708 0.206582 0.105329 0.05972 
0.0120708 0.0253671 0.0968974 0.00742754 0.3543 0.139677 0.0318143 0.254607 0.0764726 0.0013667 
0.0181623 0.0278542 0.170268 0.0126767 0.587753 0.0181249 0.000134684 0.141019 0.0231802 0.000827575 
0.0343062 0.0337763 0.200249 0.00492299 0.482697 0.107174 0.000121597 0.110144 0.026583 2.54726e-05 
0.00822298 0.0101762 0.0895723 9.52456e-06 0.593733 0.068637 3.18148e-08 0.194437 0.0351484 6.28739e-05 
0.00668257 0.0462639 0.0572161 0.000566942 0.743795 0.0325132 0.00230026 0.0923697 0.0173863 0.000906108 
0.0260396 0.0266034 0.295448 0.00217042 0.334678 0.0843751 0.000831972 0.141323 0.0875962 0.000933706 
0.00581833 0.0124655 0.0636149 0.000192091 0.705712 0.0300312 0.000438904 0.170364 0.0100809 0.00128178 
0.181395 0.121541 0.163131 0.000740673 0.218631 0.0424148 0.0021807 0.20477 0.0649163 0.000279346 
0.00897763 0.00949276 0.117178 0.00560377 0.634361 0.115416 0.000698388 0.0771676 0.0296687 0.00143612 
0.0297162 0.0658652 0.0825131 0.00373465 0.479952 0.0721548 0.00377736 0.161816 0.096771 0.0036995 
0.0183331 0.0680796 0.200938 0.00821096 0.513882 0.0255487 0.000120844 0.140949 0.023139 0.000799411 
0.0143822 0.0280024 0.248712 0.00426615 0.395859 0.110136 0.0103155 0.143066 0.0448147 0.000445736 
0.0246318 0.0410152 0.0826148 0.00281373 0.53157 0.0992381 0.00233354 0.171823 0.0409247 0.00303543 
0.00673934 0.00837442 0.0763054 0.000542583 0.731363 0.0385051 0.000595209 0.109157 0.0276109 0.000806828 
0.00811617 0.100322 0.293906 0.000168225 0.417852 0.0131555 0.00564806 0.151011 0.00920779 0.000614895 
0.0369085 0.0148472 0.119966 0.00061009 0.60452 0.0650457 0.000365392 0.137279 0.0202251 0.000233348 
0.0260089 0.0817373 0.221864 0.00111018 0.343956 0.0341121 0.000120207 0.261553 0.0280797 0.00145836 
0.024449 0.0527738 0.259469 0.00019142 0.432256 0.0345349 0.000393371 0.160212 0.0355672 0.000153115 
0.0211825 0.0514887 0.0579186 0.00235125 0.737158 0.0260156 0.000513695 0.0520822 0.0492959 0.00199321 
0.0114147 0.180784 0.0927117 0.00392521 0.198912 0.077094 0.190986 0.0416428 0.193496 0.00903364 
0.0135636 0.0651278 0.294484 0.00211411 0.467809 0.0312259 0.000254623 0.100989 0.0238786 0.000553827 
0.0117917 0.0608393 0.313501 0.000920757 0.478441 0.0271612 3.71756e-05 0.0891448 0.0181151 4.7284e-05 
0.00686604 0.010035 0.0414771 0.00107488 0.879134 0.0174091 0.00032631 0.0149391 0.0284109 0.000327201 
0.00530533 0.0170324 0.266786 0.00427402 0.444069 0.141807 0.00144601 0.088726 0.028061 0.00249327 
0.0253549 0.0326438 0.365615 2.72407e-05 0.443346 0.0208438 0.00223171 0.0827706 0.0270861 8.06871e-05 
0.00777684 0.0301574 0.0890675 0.000600553 0.588485 0.131091 0.000194315 0.0532978 0.0991032 0.000226732 
0.0117917 0.0608393 0.313501 0.000920757 0.478441 0.0271612 3.71756e-05 0.0891448 0.0181151 4.7284e-05 
0.012036 0.0143859 0.0639397 0.000712907 0.755048 0.0547245 0.00412818 0.0715125 0.0215994 0.00191237 
0.0155041 0.00740096 0.391246 6.5225e-05 0.420388 0.00686485 0.000421871 0.129062 0.0282195 0.000826889 
0.0259961 0.0463821 0.192797 0.0118988 0.219048 0.199354 0.00291194 0.199033 0.0888567 0.0137215 
0.0373791 0.00985021 0.217292 0.00181731 0.477334 0.0605357 0.000242515 0.147028 0.0479716 0.000548895 
0.0101434 0.0760316 0.0765268 0.00534356 0.572951 0.0571294 0.0512738 0.0855114 0.0550153 0.0100737 
0.0317654 0.224133 0.0654149 0.0119748 0.308855 0.0695214 0.0048749 0.161664 0.0948308 0.0269655 
0.000902777 0.0136027 0.0859314 0.000232969 0.757877 0.0550207 0.00218499 0.0612628 0.0228763 0.000108794 
0.0223558 0.105809 0.0547442 0.0065353 0.51439 0.0675637 0.00208207 0.152498 0.0619119 0.0121108 
0.021708 0.0244483 0.061097 0.012008 0.626866 0.0946596 0.0019188 0.117048 0.0381079 0.00213795 
0.0039283 0.0319194 0.0596379 1.23296e-06 0.693761 0.114453 6.24654e-06 0.0554061 0.0408787 8.21519e-06 
0.0239208 0.0506242 0.0327723 0.013496 0.556883 0.031157 0.00157594 0.106919 0.174348 0.00830382 
0.0155041 0.00740096 0.391246 6.5225e-05 0.420388 0.00686485 0.000421871 0.129062 0.0282195 0.000826889 
0.00600598 0.00769042 0.0511942 0.000115722 0.727491 0.0721879 0.00293989 0.09715 0.0322876 0.00293695 
0.0560253 0.0232068 0.284046 0.00105189 0.293848 0.0860999 0.000545601 0.20268 0.0500295 0.00246681 
0.0133424 0.108119 0.0561829 0.0115948 0.311196 0.117975 0.00310579 0.303544 0.063365 0.0115745 
0.0209822 0.0655814 0.207483 0.00102446 0.451163 0.0282229 8.93072e-05 0.199915 0.0244547 0.00108337 
0.0045892 0.081974 0.24733 0.000173136 0.365784 0.0566731 2.09036e-06 0.133636 0.108965 0.000874808 
0.0270307 0.0092854 0.283509 0.00107396 0.520396 0.0455946 0.010105 0.0774337 0.0252362 0.000335407 
0.0120437 0.0424164 0.0767613 0.00303212 0.691449 0.0449426 0.00259197 0.0955728 0.0258797 0.00531064 
0.198993 0.0200954 0.159588 0.00187229 0.247447 0.0856418 0.00046829 0.225381 0.0576085 0.00290487 
0.0209822 0.0655814 0.207483 0.00102446 0.451163 0.0282229 8.93072e-05 0.199915 0.0244547 0.00108337 
0.00327182 0.0114144 0.118021 0.0032848 0.691282 0.0621217 0.000842077 0.0973135 0.0123307 0.000118401 
0.0138688 0.0209517 0.236294 0.0168574 0.289715 0.151463 0.000389447 0.208994 0.0614081 5.82467e-05 
0.0154291 0.0954707 0.208963 0.00312608 0.221669 0.169796 0.00095244 0.181086 0.0830897 0.0204182 
0.0249426 0.0331398 0.241997 0.018973 0.2642 0.172934 0.00254703 0.159657 0.0787252 0.00288473 
0.029525 0.0317134 0.297968 0.00171134 0.30509 0.119106 0.000573857 0.122055 0.0908828 0.00137409 
0.0171893 0.0603324 0.184864 0.00100422 0.527829 0.0410249 0.0027728 0.135826 0.0286664 0.000490751 
0.0182343 0.0316509 0.0648131 0.00608214 0.553282 0.11722 0.00220384 0.134245 0.0682937 0.00397531 
0.0148335 0.0368497 0.136391 0.00302571 0.302912 0.276884 0.00413727 0.173842 0.0505993 0.000525417 
0.0180782 0.0116242 0.125434 0.00628312 0.323357 0.285631 0.000892353 0.159304 0.0685085 0.000887875 
0.0277449 0.0434021 0.04591 0.000395471 0.628014 0.0451611 0.00515699 0.159672 0.0374136 0.00712987 
0.0232548 0.0731569 0.236986 0.00031969 0.406272 0.0265172 7.99844e-05 0.217912 0.0153847 0.000116875 
0.0732168 0.039458 0.119074 0.00213408 0.259458 0.199484 0.000960439 0.223993 0.0780316 0.00418888 
0.00404412 3.52304e-10 0.000529792 5.52927e-06 0.900612 0.016587 1.40538e-06 0.0041463 0.0740736 6.24669e-10 
0.0198119 0.0442965 0.083109 0.00443016 0.524328 0.0990553 0.00152752 0.169789 0.0507706 0.00288211 
0.113046 0.0409633 0.0991234 0.00171745 0.278115 0.116529 0.000728949 0.0826087 0.260179 0.00698905 
0.0350744 0.0127367 0.111955 0.00385723 0.315449 0.237851 0.00139664 0.246854 0.0346524 0.000173815 
0.00342085 0.0124182 0.0875253 0.000125887 0.761799 0.0171543 0.000692364 0.106953 0.00917868 0.000732599 
0.00661194 0.011755 0.293549 0.000931213 0.320327 0.220489 0.00640811 0.0942488 0.0433512 0.00232896 
0.00686604 0.010035 0.0414771 0.00107488 0.879134 0.0174091 0.00032631 0.0149391 0.0284109 0.000327201 
0.0105149 0.051764 0.0876271 0.00188005 0.670812 0.0455334 0.000932389 0.106781 0.0232185 0.000936928 
0.0146856 0.0779172 0.0260478 0.00308646 0.440165 0.0393475 0.00061603 0.181229 0.21418 0.00272519 
0.00589821 0.0408901 0.054047 0.000500244 0.769024 0.0299038 0.00202964 0.0815027 0.0154048 0.000799507 
0.0298569 0.0325853 0.109479 0.000947992 0.526721 0.0188907 0.000504285 0.259276 0.0191896 0.00254964 
0.0364281 0.0378154 0.175147 0.00510083 0.412481 0.106347 0.00325956 0.163755 0.056086 0.00358005 
0.0443026 0.00958826 0.0864789 0.00105894 0.60103 0.083131 0.00040026 0.139527 0.0342152 0.000267822 
0.00544887 0.0974109 0.0582137 3.22836e-05 0.453992 0.150795 0.00015681 0.224584 0.0093342 3.19165e-05 
0.0203378 0.00799931 0.0340648 0.000206964 0.756978 0.0541136 0.00151361 0.109714 0.0147635 0.000307932 
0.0205691 0.0565314 0.135734 0.000245803 0.423764 0.124662 0.000868291 0.173331 0.0640816 0.000212378 
0.0301134 0.122338 0.0619888 0.000587197 0.374461 0.161401 0.0336365 0.148421 0.0669029 0.000149486 
0.0234657 0.00898286 0.0588928 7.15058e-05 0.745162 0.0268363 0.00157424 0.119138 0.0155781 0.000298817 
0.000902777 0.0136027 0.0859314 0.000232969 0.757877 0.0550207 0.00218499 0.0612628 0.0228763 0.000108794 
0.0197774 0.0279836 0.0584075 0.000211143 0.576096 0.112559 0.00186985 0.0849987 0.117613 0.000484034 
0.0260969 0.0272732 0.206399 0.000304762 0.240546 0.237068 0.00133351 0.221979 0.0388215 0.000177415 
0.00687959 0.0135224 0.0998751 6.28552e-05 0.687925 0.0337733 0.000150711 0.136559 0.0211992 5.33463e-05 
0.00781652 0.0230676 0.0418373 0.00158824 0.794684 0.0390079 0.0011178 0.0737989 0.0167535 0.000328537 
0.0268966 0.0455155 0.219127 0.000770774 0.531733 0.0622767 0.000770458 0.0909388 0.0217558 0.000215527 
0.00495784 0.015654 0.112986 1.27882e-05 0.725699 0.0125524 0.000267609 0.121223 0.00659649 5.06343e-05 
0.0621042 0.0720362 0.0276657 0.00156216 0.576275 0.0528437 0.00185601 0.162109 0.0355913 0.0079569 
0.00503419 0.0105384 0.0430997 0.000824056 0.798486 0.0335931 0.001278 0.093318 0.0131396 0.000689246 
0.0227882 0.0164584 0.0893025 0.00130867 0.594294 0.118049 0.00449808 0.114323 0.0374669 0.0015111 
0.0271768 0.0203162 0.232979 0.00281616 0.246374 0.197395 0.00119506 0.165936 0.103406 0.00240607 
0.0155985 0.102733 0.310443 0.000281345 0.32022 0.114034 0.000260969 0.0809819 0.0511397 0.00430695 
0.0282118 0.0808223 0.0279518 0.00156112 0.451444 0.0302616 0.000403114 0.156716 0.221854 0.000774224 
0.0339164 0.0284394 0.252132 0.00605918 0.339367 0.122764 0.00111373 0.14826 0.0646564 0.0032924 
0.0428341 0.0352382 0.148295 0.000204992 0.592399 0.0546901 0.00110205 0.11426 0.0102185 0.00075692 
0.00954392 0.055464 0.021673 0.087922 0.342805 0.28835 0.03194 0.0407176 0.116764 0.00481998 
0.00412766 0.106615 0.285469 0.000552559 0.28683 0.193674 0.00871318 0.0825984 0.0311202 0.00030047 
0.00419746 0.00144135 0.0688075 9.03422e-05 0.767404 0.0439737 0.000402753 0.0835477 0.0300107 0.000124977 
0.024449 0.0527738 0.259469 0.00019142 0.432256 0.0345349 0.000393371 0.160212 0.0355672 0.000153115 
0.0128294 0.025098 0.0593959 0.00256771 0.606128 0.0793069 0.00212221 0.12165 0.0855675 0.00533438 
0.0155041 0.00740096 0.391246 6.5225e-05 0.420388 0.00686485 0.000421871 0.129062 0.0282195 0.000826889 
0.00850957 0.00517724 0.0348264 0.00084703 0.510018 0.199463 0.000445969 0.146709 0.0871323 0.00687171 
0.0021546 0.00852415 0.0858181 8.69371e-06 0.793793 0.0128996 0.000188237 0.0915285 0.00503604 4.87184e-05 
0.0277449 0.0434021 0.04591 0.000395471 0.628014 0.0451611 0.00515699 0.159672 0.0374136 0.00712987 
0.0223558 0.105809 0.0547442 0.0065353 0.51439 0.0675637 0.00208207 0.152498 0.0619119 0.0121108 
0.0348646 0.0224866 0.0478481 0.000142399 0.640173 0.0702473 0.0010989 0.160968 0.0218859 0.000284522 
0.0513089 0.02634 0.211937 0.0129984 0.410211 0.050658 0.000263917 0.198349 0.0354588 0.00247579 
0.0235838 0.0324246 0.148717 0.000457717 0.403153 0.127974 0.000429278 0.232256 0.0309453 5.87155e-05 
0.0155041 0.00740096 0.391246 6.5225e-05 0.420388 0.00686485 0.000421871 0.129062 0.0282195 0.000826889 
0.00256477 0.00521231 0.287978 8.22905e-05 0.580625 0.0244141 0.00365927 0.0625703 0.0327758 0.000117857 
0.00499834 0.0261639 0.253532 7.86805e-05 0.485859 0.117232 0.0001822 0.0620791 0.0497132 0.000162378 
0.0191058 0.0287559 0.0796912 0.00101678 0.652051 0.0377501 0.00181098 0.151442 0.0250943 0.00328159 
0.0160393 0.00668776 0.247855 0.00241853 0.432753 0.0793473 0.000812343 0.185706 0.0228113 0.00556941 
0.0236085 0.102995 0.0985329 0.00044887 0.508383 0.0775223 0.00659935 0.119465 0.0617137 0.000731823 
0.0118101 0.00703051 0.222838 0.00252777 0.613834 0.0410675 0.000356443 0.0604087 0.0393646 0.000762212 
0.00458524 0.0166274 0.0722337 0.00127013 0.755484 0.0426211 0.00126735 0.0892858 0.01598 0.000645754 
0.0207183 0.0219288 0.144311 0.000790346 0.322771 0.250794 0.00169032 0.174488 0.0588442 0.00366405 
0.028147 0.107601 0.125739 0.0030487 0.325835 0.113196 0.0014147 0.207637 0.0837749 0.0036069 
0.00709674 0.011097 0.113466 0.0633627 0.418473 0.233361 0.000894365 0.126819 0.0248233 0.000606387 
0.0418145 0.0590261 0.072321 0.0202708 0.279131 0.171064 0.00108152 0.278899 0.068553 0.00783974 
0.00808575 0.0146092 0.104055 0.000140474 0.582495 0.116797 0.00108951 0.132158 0.0403075 0.000262444 
0.0120182 0.0071143 0.174068 0.00246362 0.462642 0.0905609 0.000384883 0.189433 0.0596169 0.00169833 
0.0286938 0.0282339 0.160244 0.0093123 0.569549 0.0246891 0.000453537 0.14406 0.0343226 0.000442041 
0.0179033 0.0314442 0.0841533 0.000669133 0.722489 0.0321987 0.00269919 0.0879166 0.0191853 0.00134145 
0.0139019 0.00994692 0.156819 0.000679249 0.447458 0.1595 0.000481646 0.162191 0.0480713 0.000950063 
0.0252358 0.0120503 0.144703 8.65049e-05 0.566013 0.0569421 0.00227135 0.115628 0.0521674 0.0249025 
0.0155041 0.00740096 0.391246 6.5225e-05 0.420388 0.00686485 0.000421871 0.129062 0.0282195 0.000826889 
0.00954392 0.055464 0.021673 0.087922 0.342805 0.28835 0.03194 0.0407176 0.116764 0.00481998 
0.0232373 0.0193171 0.10048 0.000499536 0.56729 0.0801858 0.000610692 0.165051 0.0428595 0.000468218 
0.00589821 0.0408901 0.054047 0.000500244 0.769024 0.0299038 0.00202964 0.0815027 0.0154048 0.000799507 
0.03678 0.0147463 0.0651726 0.00356578 0.658267 0.0228138 0.000394799 0.136309 0.0617871 0.000163505 
0.0108677 0.0096232 0.143118 0.00348454 0.493426 0.201905 0.000306401 0.0801845 0.0554665 0.00161752 
0.0247432 0.208423 0.061968 0.0124854 0.242847 0.175262 0.0146318 0.170383 0.0764732 0.0127835 
0.0235506 0.0180403 0.20692 0.000870334 0.319935 0.156736 0.000807428 0.199824 0.0730388 0.000277686 
0.0335403 0.0471291 0.0962586 0.0171428 0.315144 0.0933796 0.00169097 0.304418 0.0838635 0.00743239 
0.040979 0.0153375 0.0663388 0.00407683 0.649848 0.0229505 0.000511787 0.136308 0.0631262 0.000522831 
0.0132491 0.111332 0.110411 0.0012213 0.35249 0.209838 0.0122796 0.129178 0.0595309 0.000470215 
0.00643657 0.097745 0.0613587 2.40165e-05 0.252946 0.239838 4.47053e-08 0.169804 0.17184 6.41407e-06 
0.0268317 0.00725387 0.0778802 0.000643225 0.582781 0.119675 0.000149368 0.0883237 0.0964092 5.26411e-05 
0.0209822 0.0655814 0.207483 0.00102446 0.451163 0.0282229 8.93072e-05 0.199915 0.0244547 0.00108337 
0.0209822 0.0655814 0.207483 0.00102446 0.451163 0.0282229 8.93072e-05 0.199915 0.0244547 0.00108337 
0.0155041 0.00740096 0.391246 6.5225e-05 0.420388 0.00686485 0.000421871 0.129062 0.0282195 0.000826889 
0.0358687 0.0389598 0.294792 0.00122537 0.301076 0.0831073 0.00231781 0.178672 0.0636269 0.000353633 
0.000945878 0.00137364 0.0357556 0.0132787 0.46785 0.358951 0.00130145 0.0674472 0.050859 0.00223727 
0.0234657 0.00898286 0.0588928 7.15058e-05 0.745162 0.0268363 0.00157424 0.119138 0.0155781 0.000298817 
0.00338688 0.0028126 0.323345 5.31893e-05 0.499626 0.0927257 0.000210767 0.0487119 0.0290354 9.23004e-05 
0.00686604 0.010035 0.0414771 0.00107488 0.879134 0.0174091 0.00032631 0.0149391 0.0284109 0.000327201 
0.0210157 0.0362672 0.12975 0.00167127 0.548672 0.0596503 0.047734 0.125022 0.0296436 0.00057403 
0.00930557 0.0157534 0.120692 0.000306223 0.601465 0.0713549 0.000518285 0.132682 0.0478887 3.35564e-05 
0.0121905 0.0161425 0.242875 0.00339074 0.434102 0.0896022 0.00100298 0.134956 0.0656211 0.000117534 
0.00773288 0.0496024 0.289711 1.24338e-05 0.295289 0.128125 2.59766e-07 0.216486 0.0130399 1.09228e-06 
0.0114073 0.012241 0.130211 0.00658703 0.51091 0.189112 0.00184619 0.083285 0.0523204 0.00207955 
0.00297796 0.00878746 0.0614986 0.000471317 0.796467 0.0506286 0.0011702 0.0425199 0.0354041 7.50215e-05 
0.0250645 0.0103387 0.0918502 8.81165e-05 0.615654 0.0355942 0.00122118 0.129435 0.090548 0.000205738 
0.120839 0.00483142 0.0862236 0.00025708 0.377809 0.0159906 0.000842178 0.118096 0.269331 0.00577959 
0.0187646 0.0236884 0.0718086 0.00145966 0.739422 0.0206574 0.000417435 0.0941133 0.0287126 0.000955745 
0.0162896 0.0536676 0.221882 0.000636383 0.265547 0.161224 0.00197756 0.144662 0.13365 0.00046309 
0.0299051 0.0542198 0.133353 0.0132007 0.295616 0.228946 0.0084767 0.167724 0.0589935 0.00956515 
0.0209822 0.0655814 0.207483 0.00102446 0.451163 0.0282229 8.93072e-05 0.199915 0.0244547 0.00108337 
0.0094401 0.0101178 0.0496063 0.0035192 0.745465 0.0353898 0.00672122 0.0900806 0.0488019 0.000858315 
0.0191184 0.0378201 0.0995402 0.0173404 0.495165 0.0390866 0.000913747 0.152946 0.135109 0.00296 
0.0075148 0.0222485 0.0620107 0.0103772 0.454168 0.314983 0.00263813 0.0583396 0.0407681 0.0269521 
0.0286938 0.0282339 0.160244 0.0093123 0.569549 0.0246891 0.000453537 0.14406 0.0343226 0.000442041 
0.00773288 0.0496024 0.289711 1.24338e-05 0.295289 0.128125 2.59766e-07 0.216486 0.0130399 1.09228e-06 
0.00829684 0.0252588 0.127602 0.000225776 0.356032 0.0888095 0.250075 0.108396 0.035228 7.53111e-05 
0.0234657 0.00898286 0.0588928 7.15058e-05 0.745162 0.0268363 0.00157424 0.119138 0.0155781 0.000298817 
0.0286938 0.0282339 0.160244 0.0093123 0.569549 0.0246891 0.000453537 0.14406 0.0343226 0.000442041 
0.0286332 0.0206709 0.240554 0.00131595 0.355587 0.103901 0.000668609 0.158793 0.0766561 0.0132207 
0.0195908 0.00354447 0.208727 0.00309024 0.621762 0.0295237 0.000444814 0.0861285 0.0270441 0.00014369 
0.016824 0.0438079 0.0499301 0.00181794 0.671146 0.0453874 0.00282585 0.130745 0.0316321 0.00588389 
0.0075148 0.0222485 0.0620107 0.0103772 0.454168 0.314983 0.00263813 0.0583396 0.0407681 0.0269521 
0.00244665 0.0414887 0.288763 7.77129e-05 0.467731 0.092549 0.000124304 0.0829538 0.023805 6.04883e-05 
0.00363864 0.0017977 0.106787 0.00234564 0.559129 0.223449 0.000272557 0.064899 0.0374367 0.000245157 
0.0486851 0.0948758 0.126042 0.00203085 0.422049 0.0807666 0.00203023 0.175524 0.0447303 0.00326595 
0.0021546 0.00852415 0.0858181 8.69371e-06 0.793793 0.0128996 0.000188237 0.0915285 0.00503604 4.87184e-05 
0.0223558 0.105809 0.0547442 0.0065353 0.51439 0.0675637 0.00208207 0.152498 0.0619119 0.0121108 
0.0183124 0.0194745 0.235969 0.005259 0.423335 0.121883 0.00209856 0.108964 0.0620298 0.00267467 
0.0209822 0.0655814 0.207483 0.00102446 0.451163 0.0282229 8.93072e-05 0.199915 0.0244547 0.00108337 
0.0013956 0.00164 0.279675 1.44239e-06 0.497515 0.0708246 0.000513163 0.137146 0.0112883 1.0011e-06 
0.000902777 0.0136027 0.0859314 0.000232969 0.757877 0.0550207 0.00218499 0.0612628 0.0228763 0.000108794 
0.0367893 0.060246 0.22733 0.0147015 0.276033 0.111697 0.00163552 0.18573 0.079068 0.00676994 
0.0458289 0.0287982 0.252945 0.00135642 0.429308 0.0180827 0.000668856 0.193303 0.0274694 0.00223994 
0.03678 0.0147463 0.0651726 0.00356578 0.658267 0.0228138 0.000394799 0.136309 0.0617871 0.000163505 
0.164368 0.0696497 0.122692 0.00126423 0.41751 0.0351762 0.000569923 0.131043 0.0557905 0.00193673 
0.0281433 0.0262653 0.2057 0.00282551 0.259455 0.24408 0.025359 0.152397 0.054453 0.00132292 
0.0702637 0.0115566 0.0926609 0.00764969 0.465902 0.272744 0.00100674 0.0225998 0.0552787 0.000337622 
0.0167705 0.166198 0.0789462 0.00114103 0.455654 0.0418495 0.000548251 0.192337 0.0462503 0.00030554 
0.00773288 0.0496024 0.289711 1.24338e-05 0.295289 0.128125 2.59766e-07 0.216486 0.0130399 1.09228e-06 
0.0203378 0.00799931 0.0340648 0.000206964 0.756978 0.0541136 0.00151361 0.109714 0.0147635 0.000307932 
0.0175676 0.0214521 0.0514033 0.00511241 0.6492 0.0372243 0.000887955 0.110585 0.103714 0.00285352 
0.0209822 0.0655814 0.207483 0.00102446 0.451163 0.0282229 8.93072e-05 0.199915 0.0244547 0.00108337 
0.0104477 0.0955135 0.0501642 0.000908291 0.437719 0.21364 0.00972462 0.13794 0.0436543 0.000288736 
0.0117139 0.0216548 0.105913 0.000342911 0.596134 0.138249 0.00272351 0.0929036 0.0299449 0.000420679 
0.0228326 0.0067129 0.224838 0.000833416 0.318844 0.224185 0.0015568 0.154015 0.0458663 0.00031584 
0.00877897 0.0265801 0.0804451 2.00514e-05 0.668231 0.0204008 0.00259025 0.176986 0.0159062 6.17297e-05 
5.98954e-05 0.0789201 0.323751 1.81477e-05 0.339618 0.133836 1.29782e-07 0.0709931 0.052804 2.72527e-07 
0.122676 0.0160246 0.203602 0.000366671 0.319793 0.192953 0.00127938 0.116623 0.0262281 0.000452918 
0.00686604 0.010035 0.0414771 0.00107488 0.879134 0.0174091 0.00032631 0.0149391 0.0284109 0.000327201 
0.0102712 0.0145246 0.0774308 3.55294e-05 0.346658 0.282408 4.54714e-05 0.146782 0.121827 1.65341e-05 
0.00725549 0.0149806 0.0823366 0.000540275 0.715822 0.0315375 0.000529829 0.123369 0.0231005 0.000528213 
0.00735665 0.003601 0.0313533 0.0752024 0.38487 0.124211 0.000392175 0.254455 0.118536 2.25629e-05 
0.00327182 0.0114144 0.118021 0.0032848 0.691282 0.0621217 0.000842077 0.0973135 0.0123307 0.000118401 
0.0192865 0.0419163 0.0580663 0.00280621 0.546077 0.0851297 0.00194312 0.132536 0.0985028 0.0137358 
0.00190473 0.0130248 0.255295 0.000499604 0.537306 0.0778133 0.00129086 0.0533721 0.0577171 0.00177658 
0.0442938 0.0354329 0.180625 0.00599466 0.522539 0.0417117 0.00057328 0.151004 0.0175721 0.000254069 
0.013509 0.0274531 0.340726 7.09603e-06 0.536642 0.0111914 0.00162623 0.052525 0.0162953 2.5442e-05 
0.00327182 0.0114144 0.118021 0.0032848 0.691282 0.0621217 0.000842077 0.0973135 0.0123307 0.000118401 
0.03675 0.0782228 0.0956929 7.25685e-05 0.543383 0.168799 0.00262695 0.0652043 0.00924711 1.73129e-06 
0.0223558 0.105809 0.0547442 0.0065353 0.51439 0.0675637 0.00208207 0.152498 0.0619119 0.0121108 
0.0250645 0.0103387 0.0918502 8.81165e-05 0.615654 0.0355942 0.00122118 0.129435 0.090548 0.000205738 
0.0129216 0.00569917 0.10629 0.00143739 0.738853 0.0428553 7.27704e-05 0.0478387 0.0438295 0.000202202 
0.0230871 0.0155601 0.105509 0.00505974 0.531585 0.114155 0.00897657 0.134206 0.0601064 0.0017544 
0.00725549 0.0149806 0.0823366 0.000540275 0.715822 0.0315375 0.000529829 0.123369 0.0231005 0.000528213 
0.0497292 0.141158 0.064602 0.000184185 0.308488 0.177294 0.00144511 0.231492 0.0242465 0.0013607 
0.00947413 0.0903202 0.020329 0.048462 0.345194 0.229889 0.0018549 0.0245263 0.214303 0.0156466 
0.00342085 0.0124182 0.0875253 0.000125887 0.761799 0.0171543 0.000692364 0.106953 0.00917868 0.000732599 
0.00871659 0.0115133 0.0817773 0.00162355 0.58634 0.0855699 0.00293896 0.0958677 0.12548 0.000172084 
0.00725549 0.0149806 0.0823366 0.000540275 0.715822 0.0315375 0.000529829 0.123369 0.0231005 0.000528213 
0.0223558 0.105809 0.0547442 0.0065353 0.51439 0.0675637 0.00208207 0.152498 0.0619119 0.0121108 
0.0285939 0.0113784 0.265454 0.0012825 0.382989 0.0669155 0.000316173 0.218744 0.0238646 0.000461916 
0.00725549 0.0149806 0.0823366 0.000540275 0.715822 0.0315375 0.000529829 0.123369 0.0231005 0.000528213 
0.0211492 0.0064191 0.0556917 4.28509e-06 0.773214 0.023166 0.000718035 0.108273 0.0113391 2.49146e-05 
0.0127872 0.102271 0.248271 0.00393883 0.37527 0.0659606 0.00116518 0.172332 0.0174692 0.000534751 
0.0155041 0.00740096 0.391246 6.5225e-05 0.420388 0.00686485 0.000421871 0.129062 0.0282195 0.000826889 
0.029192 0.0403287 0.150258 0.00136912 0.278921 0.194136 0.00118287 0.22023 0.0805649 0.00381756 
0.0121636 0.0122541 0.067223 0.00408448 0.442967 0.211914 0.0008689 0.205056 0.0424081 0.00106146 
0.0341931 0.0549115 0.275525 0.00188044 0.355703 0.0660472 0.00216993 0.135956 0.0696608 0.00395411 
0.0286284 0.0704983 0.18932 0.00109108 0.237578 0.207488 0.00670293 0.148139 0.102574 0.00798106 
0.0203378 0.00799931 0.0340648 0.000206964 0.756978 0.0541136 0.00151361 0.109714 0.0147635 0.000307932 
0.00152191 0.0578112 0.276966 0.0347534 0.479154 0.111101 0.000233316 0.0222721 0.0160547 0.000132423 
0.0208004 0.0298295 0.197161 0.00131996 0.430034 0.0712531 0.00137399 0.19801 0.0489823 0.00123567 
0.00589821 0.0408901 0.054047 0.000500244 0.769024 0.0299038 0.00202964 0.0815027 0.0154048 0.000799507 
0.0191883 0.067211 0.0807147 0.0029197 0.559332 0.035186 0.02416 0.165496 0.0382227 0.00756876 
0.00544337 0.0285199 0.117832 0.0167976 0.506173 0.0920614 0.00221777 0.217645 0.0112883 0.00202063 
0.052917 0.0530566 0.157923 0.000342039 0.290502 0.139812 0.000319502 0.247812 0.0550421 0.00227259 
0.0203378 0.00799931 0.0340648 0.000206964 0.756978 0.0541136 0.00151361 0.109714 0.0147635 0.000307932 
0.0592974 0.107115 0.0569749 0.000736921 0.464977 0.213994 0.006689 0.0735928 0.0165305 9.32931e-05 
0.0372757 0.0122542 0.204342 0.00358984 0.464541 0.0642503 0.00055704 0.157232 0.053156 0.00280287 
0.00972147 0.0168248 0.0470635 0.00091561 0.777466 0.0392735 0.00091942 0.0768007 0.0222292 0.00878617 
0.0223558 0.105809 0.0547442 0.0065353 0.51439 0.0675637 0.00208207 0.152498 0.0619119 0.0121108 
0.0452523 0.0193373 0.146317 0.000346859 0.65816 0.0131393 0.000640349 0.0963931 0.0202657 0.000147737 
0.0114147 0.180784 0.0927117 0.00392521 0.198912 0.077094 0.190986 0.0416428 0.193496 0.00903364 
0.0209822 0.0655814 0.207483 0.00102446 0.451163 0.0282229 8.93072e-05 0.199915 0.0244547 0.00108337 
0.0393127 0.0387127 0.260134 0.000309835 0.422083 0.0622696 0.00194098 0.140411 0.0327982 0.00202747 
0.0203378 0.00799931 0.0340648 0.000206964 0.756978 0.0541136 0.00151361 0.109714 0.0147635 0.000307932 
0.00503419 0.0105384 0.0430997 0.000824056 0.798486 0.0335931 0.001278 0.093318 0.0131396 0.000689246 
0.0358648 0.0239799 0.141555 0.000787842 0.458879 0.0900402 0.00325222 0.196567 0.0375145 0.0115602 
0.0209822 0.0655814 0.207483 0.00102446 0.451163 0.0282229 8.93072e-05 0.199915 0.0244547 0.00108337 
0.0261551 0.0523304 0.325582 0.000524344 0.343899 0.0272308 0.00303187 0.18283 0.0378341 0.000581872 
0.0487026 0.0330842 0.235451 0.00288759 0.342176 0.0512007 0.000940973 0.223052 0.0618569 0.000647612 
0.00589821 0.0408901 0.054047 0.000500244 0.769024 0.0299038 0.00202964 0.0815027 0.0154048 0.000799507 
0.0701159 0.0361085 0.140944 0.000620553 0.560662 0.0334973 0.00088316 0.135137 0.0213665 0.000665827 
0.0538741 0.0431774 0.236901 0.00526137 0.354384 0.0801019 0.00319701 0.167723 0.0550315 0.000348787 
0.000657366 0.00796773 0.064365 0.00630226 0.828468 0.0293965 0.000294776 0.0590668 0.00284161 0.000640097 
0.0223558 0.105809 0.0547442 0.0065353 0.51439 0.0675637 0.00208207 0.152498 0.0619119 0.0121108 
0.0234839 0.0354355 0.0608929 0.00698843 0.611385 0.0318167 0.00111972 0.128651 0.0936852 0.00654086 
0.0203189 0.070192 0.152505 0.0035906 0.322523 0.17128 0.000524794 0.171103 0.0859582 0.00200522 
0.0506839 0.0798019 0.0354488 0.00167624 0.601047 0.0337691 0.00174076 0.155996 0.0331474 0.00668913 
0.0277449 0.0434021 0.04591 0.000395471 0.628014 0.0451611 0.00515699 0.159672 0.0374136 0.00712987 
0.0394576 0.0566776 0.047374 0.000397031 0.5889 0.0401551 0.00516731 0.177365 0.0372099 0.00729677 
0.00725549 0.0149806 0.0823366 0.000540275 0.715822 0.0315375 0.000529829 0.123369 0.0231005 0.000528213 
0.0153151 0.00702554 0.252421 0.00156495 0.39152 0.0906641 0.00122308 0.175254 0.0649855 2.6022e-05 
0.0172223 0.0333521 0.041107 0.00344207 0.696665 0.0467481 0.00260544 0.0977361 0.0568624 0.00425943 
0.0234657 0.00898286 0.0588928 7.15058e-05 0.745162 0.0268363 0.00157424 0.119138 0.0155781 0.000298817 
0.0209822 0.0655814 0.207483 0.00102446 0.451163 0.0282229 8.93072e-05 0.199915 0.0244547 0.00108337 
0.0340232 0.0506611 0.177993 0.00188906 0.350995 0.114802 0.00174345 0.128691 0.135949 0.00325391 
0.0209822 0.0655814 0.207483 0.00102446 0.451163 0.0282229 8.93072e-05 0.199915 0.0244547 0.00108337 
0.00686604 0.010035 0.0414771 0.00107488 0.879134 0.0174091 0.00032631 0.0149391 0.0284109 0.000327201 
0.03678 0.0147463 0.0651726 0.00356578 0.658267 0.0228138 0.000394799 0.136309 0.0617871 0.000163505 
0.00342085 0.0124182 0.0875253 0.000125887 0.761799 0.0171543 0.000692364 0.106953 0.00917868 0.000732599 
0.00703394 0.0331401 0.087566 0.00222803 0.634152 0.0619261 0.0130283 0.108182 0.0483726 0.00437118 
0.00674599 0.00509667 0.173081 0.00226637 0.365316 0.263773 0.000278023 0.057118 0.125782 0.000542073 
0.0277449 0.0434021 0.04591 0.000395471 0.628014 0.0451611 0.00515699 0.159672 0.0374136 0.00712987 
0.00095478 0.00137363 0.0359909 0.015519 0.456994 0.355621 0.00132081 0.0796669 0.050317 0.00224166 
0.0479825 0.0322916 0.187403 0.00224754 0.352134 0.12853 0.0211011 0.167303 0.0579417 0.00306544 
0.00725549 0.0149806 0.0823366 0.000540275 0.715822 0.0315375 0.000529829 0.123369 0.0231005 0.000528213 
0.0204296 0.0344743 0.175076 0.0008863 0.584507 0.0291067 0.00457941 0.125703 0.0236511 0.00158662 
0.00470031 0.00326567 0.0780504 0.000581126 0.54387 0.139403 0.000930325 0.17961 0.0482089 0.00137983 
0.0107484 0.0529958 0.255839 0.000226363 0.302699 0.124699 3.63148e-05 0.227899 0.0247472 0.000110601 
0.0354382 0.0309608 0.28207 0.0021313 0.289697 0.13009 0.00130091 0.164699 0.0630423 0.000571258 
0.00850957 0.00517724 0.0348264 0.00084703 0.510018 0.199463 0.000445969 0.146709 0.0871323 0.00687171 
0.0021546 0.00852415 0.0858181 8.69371e-06 0.793793 0.0128996 0.000188237 0.0915285 0.00503604 4.87184e-05 
0.0135479 0.021306 0.188626 0.013488 0.389205 0.170155 0.000146246 0.183968 0.0195028 5.44605e-05 
0.0750178 0.12575 0.157972 0.003471 0.284328 0.1448 0.00286364 0.173718 0.0317582 0.000321552 
0.0472746 0.101697 0.164096 0.00093665 0.347442 0.0666413 0.0015131 0.194342 0.0755222 0.000535286 
0.0155041 0.00740096 0.391246 6.5225e-05 0.420388 0.00686485 0.000421871 0.129062 0.0282195 0.000826889 
0.03678 0.0147463 0.0651726 0.00356578 0.658267 0.0228138 0.000394799 0.136309 0.0617871 0.000163505 
0.094741 0.0352597 0.275177 0.00494722 0.353157 0.0610047 0.00363353 0.14044 0.0297118 0.00192771 
0.0378009 0.0222652 0.116862 0.000391793 0.697422 0.00804905 0.000546828 0.0864667 0.0299993 0.000195893 
0.0151909 0.0236951 0.115366 0.00147233 0.606876 0.0957969 0.0148842 0.0779811 0.0485786 0.000159764 
0.00589821 0.0408901 0.054047 0.000500244 0.769024 0.0299038 0.00202964 0.0815027 0.0154048 0.000799507 
0.0119372 0.0366116 0.0618595 0.000522624 0.487787 0.214032 0.00282264 0.110952 0.0572315 0.0162434 
0.0072985 0.0247508 0.118682 0.000658783 0.638941 0.0357251 0.000567201 0.134455 0.0380028 0.000919008 
0.0290181 0.00909237 0.183274 8.83274e-06 0.626318 0.0178699 0.00072604 0.117156 0.016497 4.03917e-05 
0.0155041 0.00740096 0.391246 6.5225e-05 0.420388 0.00686485 0.000421871 0.129062 0.0282195 0.000826889 
0.0286938 0.0282339 0.160244 0.0093123 0.569549 0.0246891 0.000453537 0.14406 0.0343226 0.000442041 
0.00520561 0.00666536 0.0443689 0.000100445 0.763822 0.0625634 0.00254832 0.0841973 0.027983 0.00254611 
0.0194681 0.0265635 0.0740047 0.00394135 0.636122 0.0652892 0.00175036 0.115511 0.0545982 0.00275122 
0.00589821 0.0408901 0.054047 0.000500244 0.769024 0.0299038 0.00202964 0.0815027 0.0154048 0.000799507 
0.023344 0.0347387 0.0559265 0.000267283 0.568577 0.0963812 0.00386455 0.167464 0.0443391 0.00509775 
0.0420139 0.0735451 0.174515 0.0049657 0.308458 0.0808136 0.0026807 0.250218 0.0609472 0.00184265 
0.0193106 0.0246239 0.114229 0.000534358 0.58461 0.0410408 0.00629642 0.172193 0.0365062 0.000655488 
0.0131923 0.0256984 0.0810421 0.00279743 0.668022 0.0617626 0.0014609 0.120547 0.0228991 0.00257762 
0.00503419 0.0105384 0.0430997 0.000824056 0.798486 0.0335931 0.001278 0.093318 0.0131396 0.000689246 
0.0394576 0.0566776 0.047374 0.000397031 0.5889 0.0401551 0.00516731 0.177365 0.0372099 0.00729677 
0.00445815 5.55352e-05 0.0938836 0.000415656 0.765922 0.0234929 3.56184e-08 0.0109501 0.100821 8.85011e-07 
0.00193461 0.0225931 0.119591 5.17506e-05 0.734967 0.0536945 0.00159892 0.0541172 0.0114459 5.78835e-06 
0.00297796 0.00878746 0.0614986 0.000471317 0.796467 0.0506286 0.0011702 0.0425199 0.0354041 7.50215e-05 
0.00419746 0.00144135 0.0688075 9.03422e-05 0.767404 0.0439737 0.000402753 0.0835477 0.0300107 0.000124977 
0.0185584 0.0680053 0.0331884 0.00715989 0.481728 0.0376577 0.00105094 0.157931 0.189461 0.00525967 
0.0493411 0.0555434 0.107989 0.00392021 0.515863 0.0485377 0.000263912 0.166225 0.0521226 0.000194436 
0.0288969 0.073816 0.0609792 0.00011127 0.264862 0.192885 0.000274337 0.244001 0.134016 0.000157797 
0.0207547 0.0193218 0.215696 0.0057123 0.238906 0.222825 0.00227825 0.197237 0.0727438 0.004525 
0.0501105 0.0755668 0.0743482 0.00635602 0.276544 0.101951 0.0165833 0.221565 0.162254 0.0147206 
0.0155041 0.00740096 0.391246 6.5225e-05 0.420388 0.00686485 0.000421871 0.129062 0.0282195 0.000826889 
0.00316174 0.0038802 0.331138 0.000707406 0.418157 0.191782 1.06494e-06 0.0428413 0.00831673 1.42164e-05 
0.0155041 0.00740096 0.391246 6.5225e-05 0.420388 0.00686485 0.000421871 0.129062 0.0282195 0.000826889 
0.040979 0.0153375 0.0663388 0.00407683 0.649848 0.0229505 0.000511787 0.136308 0.0631262 0.000522831 
0.00686604 0.010035 0.0414771 0.00107488 0.879134 0.0174091 0.00032631 0.0149391 0.0284109 0.000327201 
0.0487026 0.0330842 0.235451 0.00288759 0.342176 0.0512007 0.000940973 0.223052 0.0618569 0.000647612 
0.0209822 0.0655814 0.207483 0.00102446 0.451163 0.0282229 8.93072e-05 0.199915 0.0244547 0.00108337 
0.0286938 0.0282339 0.160244 0.0093123 0.569549 0.0246891 0.000453537 0.14406 0.0343226 0.000442041 
0.0221782 0.0366129 0.101798 0.00460698 0.556296 0.07699 0.00461652 0.142407 0.0511272 0.00336652 
0.00773288 0.0496024 0.289711 1.24338e-05 0.295289 0.128125 2.59766e-07 0.216486 0.0130399 1.09228e-06 
0.0212175 0.00641907 0.038364 3.06651e-05 0.76507 0.0278529 0.000718012 0.128048 0.012234 4.61979e-05 
0.0476996 0.0721434 0.116092 0.0180326 0.388587 0.10753 0.00164329 0.189405 0.0509814 0.00788517 
0.00753875 0.0245811 0.289643 3.19431e-06 0.521308 0.0450976 5.45015e-05 0.0608032 0.0509645 5.93374e-06 
0.000647515 0.00116538 0.101943 0.00714918 0.625087 0.219751 9.6999e-05 0.030751 0.0133944 1.41452e-05 
0.0294436 0.0616803 0.0618268 0.00231688 0.607821 0.0477487 0.00261139 0.139024 0.0392007 0.00832626 
0.021998 0.0460324 0.0894581 0.0126209 0.505299 0.125542 0.000815297 0.135749 0.0579681 0.00451736 
0.0177044 0.0761478 0.0458037 0.00247548 0.410892 0.115462 0.00293027 0.119093 0.19511 0.0143818 
0.0312122 0.0416241 0.268911 0.0019608 0.431009 0.0557512 0.00191601 0.127953 0.0366331 0.00303013 
0.0371613 0.193687 0.208744 0.00105408 0.26127 0.0421646 0.000846099 0.21477 0.0385553 0.00174788 
0.0493411 0.0555434 0.107989 0.00392021 0.515863 0.0485377 0.000263912 0.166225 0.0521226 0.000194436 
0.0493411 0.0555434 0.107989 0.00392021 0.515863 0.0485377 0.000263912 0.166225 0.0521226 0.000194436 
0.0140966 0.0498841 0.167178 0.00430278 0.505819 0.0826804 0.000568511 0.113233 0.0486224 0.0136159 
0.0223558 0.105809 0.0547442 0.0065353 0.51439 0.0675637 0.00208207 0.152498 0.0619119 0.0121108 
0.03678 0.0147463 0.0651726 0.00356578 0.658267 0.0228138 0.000394799 0.136309 0.0617871 0.000163505 
0.0155041 0.00740096 0.391246 6.5225e-05 0.420388 0.00686485 0.000421871 0.129062 0.0282195 0.000826889 
0.161599 0.15489 0.0658542 0.0049971 0.214622 0.204541 0.0339709 0.0682916 0.0843307 0.00690297 
0.026257 0.0288197 0.206848 0.00687991 0.292704 0.194795 0.00529878 0.163344 0.072645 0.00240748 
0.00810127 0.0282468 0.116898 0.0190951 0.327275 0.300916 0.00149606 0.173795 0.0241401 3.6006e-05 
0.00419746 0.00144135 0.0688075 9.03422e-05 0.767404 0.0439737 0.000402753 0.0835477 0.0300107 0.000124977 
0.012036 0.0143859 0.0639397 0.000712907 0.755048 0.0547245 0.00412818 0.0715125 0.0215994 0.00191237 
