0.0168929 0.083697 0.0154581 0.0529868 0.0126982 0.534748 0.0143842 0.0736726 0.185943 0.00951986 
0.0292227 0.0214022 0.133063 0.00900228 0.121337 0.490533 0.0060453 0.129122 0.0595668 0.000706705 
0.0154598 0.0919975 0.0480193 0.00470531 0.0111798 0.510771 0.00120882 0.268581 0.0454056 0.00267163 
0.058374 0.0302651 0.0198691 0.00821795 0.013958 0.417265 0.000732133 0.326821 0.123911 0.000587273 
0.0476964 0.210648 0.0483462 0.00304675 0.0761029 0.232831 0.0509562 0.146564 0.17616 0.00764903 
0.0225747 0.00945191 0.117935 0.0019248 0.0636429 0.431786 0.00181491 0.125696 0.22386 0.00131368 
0.0362228 0.0499866 0.0382899 0.00432258 0.107482 0.396931 0.017379 0.0752909 0.248835 0.02526 
0.0359666 0.0647581 0.0247992 0.00593701 0.00509189 0.596376 0.00484622 0.201358 0.0574638 0.0034033 
0.0476964 0.210648 0.0483462 0.00304675 0.0761029 0.232831 0.0509562 0.146564 0.17616 0.00764903 
0.0102928 0.0534459 0.0579914 0.00046226 0.0204529 0.578335 0.0166034 0.207838 0.0533378 0.00124067 
0.0295602 0.0126137 0.0496428 0.117121 0.0309305 0.434042 0.000868372 0.167452 0.157241 0.000527911 
0.0174614 0.0235553 0.0306301 0.0124296 0.0166949 0.705707 0.00266324 0.10476 0.0648543 0.0212435 
0.0279924 0.00722851 0.105842 0.00302703 0.0319436 0.451524 0.00120378 0.218763 0.151509 0.000966522 
0.0088414 0.00432345 0.0173099 0.0119741 0.00583445 0.550438 0.000594277 0.116162 0.284513 8.98807e-06 
0.0110967 0.182963 0.0220561 0.00288507 0.0135784 0.632982 0.00596758 0.0224054 0.0677721 0.0382936 
0.0249691 0.146218 0.0224159 0.00877256 0.0099761 0.408716 0.0187962 0.0851653 0.0889012 0.18607 
0.0684181 0.101063 0.00972379 0.0337949 0.0108106 0.388196 0.000976077 0.228468 0.151846 0.00670367 
0.110192 0.0423011 0.0358569 6.26479e-05 0.00635161 0.442049 0.012013 0.282038 0.0654048 0.0037308 
0.0106304 0.0104121 0.0220955 0.00404622 0.00443915 0.833679 0.000753022 0.0869021 0.0269779 6.4775e-05 
0.0217346 0.00976971 0.0128634 0.0105085 0.0124386 0.702909 0.000703293 0.20082 0.0281709 8.14246e-05 
0.0343651 0.0251121 0.0513796 0.00632169 0.0210941 0.594525 0.0001334 0.172773 0.0939369 0.000359466 
0.104377 0.0063262 0.0351344 0.000193776 0.0081331 0.688702 0.000130903 0.109399 0.0475252 7.80447e-05 
0.0278579 0.0945382 0.125132 0.00753045 0.0273602 0.416028 0.0382482 0.0896871 0.167371 0.00624682 
0.034849 0.140167 0.0157022 0.00797898 0.033116 0.492515 0.0119077 0.114796 0.121812 0.027156 
0.0147753 0.0160429 0.224533 0.0176148 0.123412 0.387432 0.00388934 0.161545 0.0504856 0.000270184 
0.0261932 0.0233142 0.0484529 0.0152634 0.0264434 0.587272 0.00299346 0.147931 0.122108 2.88455e-05 
0.0205112 0.245944 0.0102555 0.00537741 0.0156867 0.467975 0.0415653 0.061534 0.122175 0.00897647 
0.021019 0.134671 0.0554217 0.00513776 0.0490422 0.506139 0.00690736 0.0850803 0.120973 0.0156083 
0.0724724 0.20011 0.061505 0.000989562 0.0138373 0.439305 0.00594589 0.101224 0.0825718 0.0220389 
0.0466133 0.0427323 0.0622874 0.00310788 0.0321476 0.335797 0.000459959 0.317747 0.155567 0.00354012 
0.0413829 0.0693119 0.0313994 0.0261902 0.0234835 0.50207 0.00480666 0.229379 0.0624148 0.00956191 
0.0115285 0.0129505 0.034888 0.0377487 0.0226599 0.764322 0.0113649 0.0847433 0.0197495 4.4715e-05 
0.00796371 0.0244588 0.0371724 0.0252605 0.0282975 0.712651 0.00397656 0.0912596 0.0688998 6.03407e-05 
0.106473 0.0458382 0.0169285 0.0241441 0.0480882 0.387089 0.00724413 0.0628184 0.290984 0.0103921 
0.00702556 0.0087115 0.0202004 0.00066673 0.0384835 0.828473 0.012127 0.0407256 0.0406379 0.00294879 
0.239882 0.0911342 0.0186041 0.000907817 0.00512126 0.416183 0.00018096 0.17455 0.0510506 0.00238674 
0.00597651 0.0136859 0.0501896 0.054817 0.0266149 0.574831 0.00206299 0.211378 0.0603241 0.000120137 
0.0427393 0.140903 0.0761203 0.0087746 0.0392261 0.296449 0.00237191 0.130318 0.249199 0.0138984 
0.0215853 0.0121382 0.0888085 0.0143577 0.0634665 0.508801 0.000695117 0.239653 0.0498357 0.000658785 
0.0174317 0.00250657 0.0944314 0.000883541 0.00538886 0.704535 0.000323156 0.127076 0.0471696 0.000254566 
0.00537961 0.0538134 0.00697797 7.12692e-05 0.00207885 0.616235 0.000128568 0.102006 0.213238 7.07507e-05 
0.0676124 0.00682762 0.0557144 0.0188967 0.0231914 0.527151 0.00297345 0.201849 0.0849508 0.0108329 
0.0652863 0.0345141 0.0345658 0.0163008 0.024297 0.416071 0.00454368 0.269277 0.128801 0.0063428 
0.0028726 0.017348 0.0211203 0.00744415 0.0404697 0.674616 0.000138181 0.0737039 0.160248 0.00203841 
0.0199907 0.0284711 0.0460144 0.00288252 0.0164026 0.478014 0.0023101 0.338605 0.0671699 0.000139308 
0.0474908 0.045726 0.0854681 0.0161455 0.0886595 0.392084 0.000682841 0.22958 0.089554 0.00460887 
8.25706e-12 5.03383e-08 3.48082e-07 0.00378957 0.0961499 0.898445 3.92363e-11 0.0008833 0.000731479 6.4916e-08 
0.045501 0.128136 0.00868961 0.0656099 0.00651871 0.413634 0.00180796 0.188349 0.138878 0.00287641 
0.0301451 0.0525869 0.0539844 0.00139683 0.012286 0.534585 0.000513389 0.207906 0.0966231 0.00997419 
0.0682989 0.0251035 0.0529253 0.0117759 0.0230342 0.575829 0.00399968 0.143383 0.0907386 0.00491188 
0.022493 0.0344247 0.0842385 0.00130515 0.0542646 0.41517 0.0014285 0.17276 0.210754 0.00316158 
0.0231857 0.187302 0.0183012 0.0101823 0.0536076 0.456956 0.0135061 0.087343 0.091793 0.0578236 
0.00846073 0.00716065 0.0449256 0.0445834 0.0276892 0.718595 0.00029608 0.102766 0.0439793 0.00154423 
0.0153604 0.0389425 0.0764283 0.0145033 0.0568202 0.489282 0.0044432 0.236246 0.0632234 0.00475099 
0.0162458 0.0308882 0.0994446 0.0996942 0.0357269 0.393676 0.00168679 0.222669 0.0782071 0.0217617 
0.0893892 0.0377255 0.034484 0.00277126 0.0197694 0.324886 0.00128334 0.219054 0.264156 0.00648093 
0.0169726 0.0397535 0.067711 0.000386513 0.0385025 0.426569 0.000685957 0.369821 0.0392779 0.000320204 
0.0188802 0.0794062 0.0516845 0.0107976 0.0441048 0.432782 0.00104052 0.26248 0.0916998 0.00712417 
0.00959841 0.0222016 0.225138 0.00320411 0.0705484 0.348157 0.00252002 0.224398 0.0932077 0.00102687 
0.0103849 0.0955505 0.00258206 0.00265145 0.0591782 0.401297 0.286385 0.0376011 0.0860007 0.0183686 
0.00833445 0.0340311 0.0855845 0.0119664 0.0613877 0.629716 0.000622306 0.145871 0.0224681 1.84743e-05 
0.0540262 0.0453298 0.124249 0.00498529 0.0210289 0.459774 0.00272052 0.238865 0.0381932 0.0108283 
0.0143327 0.0328575 0.052359 0.0210681 0.0118576 0.564545 0.00046954 0.10272 0.194407 0.00538351 
0.0123504 0.0469558 0.0136524 0.00423108 0.0138161 0.376795 0.115076 0.0646448 0.0585352 0.293943 
0.0198358 0.0145387 0.121324 0.00252735 0.0485769 0.384764 0.00668877 0.262408 0.135914 0.0034231 
0.0597669 0.0426179 0.093359 0.00721439 0.064052 0.324697 0.00192366 0.208176 0.192072 0.00612042 
0.0118079 0.00707323 0.0171238 0.00799952 0.0067045 0.791044 0.000163146 0.123819 0.0332031 0.00106173 
0.0782828 0.0243107 0.1654 0.00212777 0.0899273 0.30339 0.000799398 0.196287 0.136439 0.00303629 
0.00714165 0.0399409 0.176408 0.00912119 0.0358796 0.360144 0.00413092 0.305771 0.0604674 0.000996267 
0.0205083 0.0453601 0.0494848 0.0205448 0.038439 0.380251 0.00181891 0.311624 0.131155 0.000813952 
0.0256799 0.0222932 0.114659 0.0208253 0.0788001 0.323341 0.000964295 0.219474 0.192037 0.00192629 
0.162532 0.0984961 0.0648233 0.00424088 0.0263967 0.268577 0.000568307 0.251794 0.118536 0.00403673 
0.0231623 0.00340521 0.0932269 0.000400624 0.014242 0.680588 0.000227091 0.158753 0.0259751 1.92336e-05 
0.0156144 0.0567653 0.0122505 0.01691 0.00586531 0.625937 0.00246073 0.199182 0.0644066 0.000608699 
0.0265844 0.0553824 0.0246288 0.014445 0.0312306 0.566365 0.00781608 0.13914 0.128827 0.00558087 
0.024088 0.0264675 0.0951359 0.000396574 0.0151357 0.472523 0.0012555 0.298704 0.0654764 0.000817527 
0.177555 0.0109603 0.0541927 0.0080475 0.0142615 0.457816 0.00446236 0.159077 0.111112 0.0025155 
0.0269239 0.0335399 0.0737735 0.0129923 0.0205857 0.394639 0.000783592 0.350844 0.0852669 0.000651779 
0.0181403 0.0123269 0.0661919 0.00285008 0.0127946 0.513154 0.000779927 0.205983 0.165369 0.00240968 
0.0720551 0.0110882 0.0376585 0.00688954 0.0588379 0.530988 0.0337885 0.139674 0.103373 0.00564795 
0.0137334 0.0134689 0.0574538 0.00700335 0.024277 0.516061 0.000679797 0.302617 0.0642814 0.000423822 
0.0310171 0.0228445 0.090336 0.00181109 0.0481151 0.392714 0.00135988 0.32078 0.0902975 0.000724529 
0.0392544 0.0941174 0.0195943 0.0322833 0.0189369 0.466052 0.00159895 0.197664 0.126359 0.0041404 
0.0126131 0.0147452 0.0775689 0.00141617 0.0527137 0.584498 0.000809438 0.122045 0.133429 0.000162336 
0.0516747 0.00137728 0.0131027 0.140904 0.0283326 0.684029 0.000332086 0.0571755 0.0230477 2.43256e-05 
0.0439487 0.0147792 0.021826 0.00948366 0.0156891 0.738748 0.0156702 0.0937302 0.044986 0.00113887 
0.0111682 0.0179268 0.0345732 0.00885613 0.00984765 0.664577 0.000875274 0.19555 0.0565504 7.51692e-05 
0.042874 0.045267 0.028247 0.00849821 0.0436359 0.456802 0.00657656 0.152641 0.214571 0.000887713 
0.0482275 0.0360055 0.0548742 0.0058028 0.0215051 0.527327 0.00580633 0.197845 0.0984366 0.00416982 
0.0369305 0.0358707 0.0821157 0.00118878 0.0107799 0.600774 0.00227237 0.126879 0.102537 0.000651151 
0.019099 0.0452318 0.119857 0.00508115 0.0703366 0.500172 0.000468872 0.130316 0.10913 0.000308675 
0.00652245 0.143881 0.00987811 0.0221565 0.0193048 0.466686 0.00240852 0.137673 0.176892 0.0145968 
0.00973327 0.00566639 0.0113418 0.0539272 0.0070944 0.762637 0.00336904 0.0854107 0.057136 0.00368412 
0.0291643 0.0172778 0.0335423 0.00301374 0.00579702 0.758977 0.0102131 0.086529 0.0551772 0.000309003 
0.0239744 0.00272022 0.172767 0.000483078 0.00530458 0.661639 0.00857044 0.0507436 0.0731771 0.000620577 
0.0257675 0.0586467 0.0257877 0.0115584 0.0163027 0.601841 0.0136636 0.146585 0.0974818 0.00236576 
0.0110766 0.0597014 0.0204243 0.0149464 0.0521296 0.530445 0.00370955 0.0668391 0.111677 0.129052 
0.000327988 0.000247274 0.00679951 0.000364667 0.00722374 0.882906 0.00026934 0.0175387 0.0842882 3.42338e-05 
0.0601724 0.0782307 0.136024 0.00626229 0.0389855 0.222577 0.00100705 0.220516 0.217875 0.0183502 
0.064475 0.0357959 0.0560077 0.0128715 0.0240144 0.427419 0.00160386 0.302548 0.0725053 0.00275937 
0.0155775 0.0399827 0.0171188 0.0107484 0.0195963 0.614049 0.00254279 0.150307 0.120403 0.00967493 
0.0569263 0.0275027 0.164971 0.00536104 0.0407264 0.361408 0.000238986 0.200273 0.142529 6.29963e-05 
0.0184807 0.0718205 0.086866 0.000241829 0.00619044 0.425791 0.00188315 0.207712 0.180968 4.68628e-05 
0.0719546 0.021663 0.0306704 0.00307892 0.00620121 0.446411 0.0541964 0.205052 0.160469 0.00030369 
0.00868394 0.0533803 0.116832 0.0546915 0.0167785 0.547896 0.0273482 0.113777 0.0588342 0.00177889 
0.0309881 0.00826653 0.154997 0.00598641 0.0265611 0.448447 0.00383533 0.190277 0.127141 0.00350139 
0.151373 0.0490216 0.0689637 0.00328105 0.0310167 0.301662 0.000291429 0.114245 0.277451 0.00269443 
0.0133215 0.290648 0.0394061 0.0109872 0.0105285 0.31202 0.000592155 0.117279 0.125752 0.079466 
0.0275679 0.0419883 0.0693529 0.0165155 0.03654 0.408603 0.00322735 0.306394 0.0882763 0.0015349 
0.00692084 0.00786506 0.153914 0.00600528 0.0464118 0.467751 0.00743329 0.210527 0.0926267 0.000544574 
0.00687506 0.00462943 0.0506316 0.0219108 0.0384846 0.752253 0.00327517 0.0955077 0.0263846 4.78532e-05 
0.163111 0.21945 0.0186422 0.0271572 0.0134731 0.283341 0.00438117 0.114714 0.139235 0.0164944 
0.0318271 0.0284445 0.0572192 0.0251881 0.0335115 0.354081 0.00376791 0.171168 0.283052 0.0117403 
0.0460068 0.00774822 0.0790495 0.000220692 0.0757829 0.721492 0.000292458 0.0610971 0.00680821 0.00150168 
0.018351 0.0063928 0.0166001 6.45333e-05 0.0070363 0.807701 0.00247344 0.13497 0.00638475 2.64289e-05 
0.0572923 0.0452722 0.0587657 0.0128745 0.0324762 0.338203 0.000985159 0.275211 0.177376 0.00154413 
0.0417425 0.0468625 0.0127001 0.0142221 0.0803043 0.541443 0.0304557 0.0545351 0.168248 0.00948732 
0.0967277 0.0128661 0.0827682 0.00876034 0.0225082 0.358872 0.000884611 0.346074 0.0673076 0.00323089 
0.0108315 0.00664263 0.123763 0.00752719 0.0201285 0.326098 0.000259862 0.185889 0.318236 0.000624552 
0.077653 0.0734891 0.0817595 0.00485305 0.0279209 0.254737 0.183735 0.144457 0.139727 0.0116689 
0.0473311 0.119326 0.0525107 0.00262499 0.0471864 0.489657 0.000926224 0.182887 0.0557831 0.00176742 
0.0529723 0.171451 0.0239752 0.0166873 0.0428145 0.366455 0.0301076 0.147501 0.138929 0.00910674 
0.193738 0.0134773 0.0180355 0.00103649 0.0105162 0.607863 0.00153414 0.0961615 0.0548879 0.00274993 
0.0128647 0.0619952 0.04664 0.00131189 0.0200231 0.531353 0.00884243 0.232855 0.0818174 0.00229723 
0.0239098 0.0107001 0.0925127 0.0112728 0.04469 0.39016 0.00128041 0.305397 0.119532 0.000545265 
0.0155327 0.00849892 0.0320936 0.00328479 0.0120746 0.7129 0.00190005 0.119205 0.0944246 8.59885e-05 
0.00699616 0.0018196 0.244359 0.0114427 0.0121164 0.502512 0.000129157 0.13663 0.0839699 2.50211e-05 
0.0377066 0.022305 0.0309021 0.00554773 0.0208998 0.703514 0.014936 0.0808309 0.0832979 5.95439e-05 
0.05296 0.0680786 0.103669 0.0231066 0.0211526 0.441351 0.0127342 0.136773 0.128064 0.0121113 
0.0398016 0.0516331 0.0278514 0.000555858 0.0247211 0.70754 0.0117273 0.0938732 0.0411772 0.00111893 
0.0745139 0.0116162 0.0574134 0.0907149 0.0504088 0.530285 0.00162699 0.103474 0.072298 0.00764843 
0.0169924 0.0952025 0.0445187 0.007512 0.0440125 0.396452 0.145099 0.0773429 0.165594 0.00727327 
0.0170016 0.0780077 0.0435507 0.00813623 0.0448416 0.617311 0.00694487 0.072382 0.110182 0.00164304 
0.0329937 0.0317205 0.0351607 0.00203938 0.026337 0.658353 0.00348027 0.131944 0.0776222 0.000349418 
0.0228685 0.099435 0.0291606 0.0426896 0.0127396 0.408781 0.00144186 0.123664 0.123246 0.135974 
0.0746411 0.0337555 0.0749753 0.00232271 0.0789409 0.482433 0.0703582 0.0785163 0.0968256 0.00723112 
0.0293645 0.0077747 0.107268 0.00642181 0.0482506 0.474485 0.00106588 0.167928 0.156879 0.000563277 
0.0124008 0.127872 0.0636505 0.00742514 0.0360612 0.35716 0.00354882 0.0688333 0.159241 0.163807 
0.065573 0.0119474 0.0585359 0.00429412 0.0182117 0.534605 0.00238645 0.231508 0.0726545 0.000283906 
0.081825 0.013104 0.0492096 0.00167775 0.0306558 0.350313 0.000169451 0.274573 0.198219 0.000253225 
0.0737978 0.0274199 0.0846746 0.00166866 0.0124559 0.494154 0.000261425 0.270064 0.0276392 0.00786482 
0.00274669 0.0107152 0.0237883 0.0261884 0.042186 0.634365 0.00658496 0.187295 0.0649731 0.00115724 
0.0109461 0.0387389 0.0371955 0.0124678 0.0389967 0.538839 0.00149258 0.180901 0.112653 0.0277694 
0.0117427 0.00496682 0.0392255 0.0523521 0.0389861 0.502837 0.00346265 0.120616 0.225742 6.87026e-05 
0.00917748 0.003882 0.0954791 0.0292795 0.0487138 0.615972 0.000997702 0.102199 0.0939692 0.000330778 
0.032082 0.0422629 0.0381391 0.00743253 0.0209585 0.44047 0.000772581 0.346044 0.0692971 0.00254105 
0.0292179 0.0301748 0.0744364 0.00493199 0.0101741 0.53174 0.000516337 0.188384 0.128256 0.00216814 
0.0227282 0.0172782 0.0407232 0.000371238 0.0507955 0.623436 0.00124529 0.12368 0.117507 0.00223524 
0.0526338 0.0450671 0.0967401 0.00357706 0.027761 0.468804 0.00317459 0.237861 0.0642055 0.000176485 
0.0694365 0.0220504 0.0324138 0.000691699 0.010032 0.720663 0.00188817 0.114443 0.0282048 0.000176606 
0.00696397 0.0367261 0.0451961 4.42666e-05 0.0271815 0.50007 0.00052546 0.167257 0.215263 0.000772685 
0.0117227 0.149067 0.0137517 0.0180359 0.0844642 0.545258 0.00239058 0.0540957 0.096239 0.0249758 
0.019636 0.00839888 0.0198351 0.00679045 0.0172231 0.759735 0.0043147 0.0859278 0.0781268 1.17971e-05 
0.0609349 0.0172774 0.0290531 0.000356635 0.0262387 0.719716 0.0111192 0.10493 0.0303553 1.90872e-05 
0.043888 0.0175837 0.0263749 0.00818631 0.0204631 0.57393 0.101234 0.127258 0.079313 0.00176881 
0.0142605 0.0107033 0.209484 0.0237193 0.0505387 0.313586 0.000602423 0.270381 0.101176 0.00554895 
0.0584087 0.133375 0.0364158 0.00800429 0.0522131 0.472168 0.004543 0.0504552 0.168121 0.0162964 
0.0875356 0.0479691 0.049943 0.0410682 0.041444 0.430812 0.00881414 0.171712 0.110662 0.0100402 
0.00570341 0.035157 0.0556189 0.00346108 0.0458497 0.57986 0.00407072 0.194401 0.0754845 0.000393958 
0.0930869 0.0237576 0.0252102 0.0178448 0.013994 0.542756 0.000391747 0.211735 0.0707263 0.000497137 
0.0295441 0.0381748 0.0653521 0.00636286 0.0382439 0.609962 0.0112029 0.0798369 0.121244 7.68947e-05 
0.0215058 0.0306731 0.0442266 0.00373984 0.0270807 0.708898 0.00533604 0.0964365 0.0616005 0.000503258 
0.0544927 0.0809827 0.0261826 0.0141268 0.0084175 0.48815 0.0163982 0.176472 0.129795 0.00498279 
0.0316657 0.362168 0.0149006 0.01361 0.0235787 0.372401 0.0115077 0.06322 0.0938455 0.0131032 
0.0087859 0.0313235 0.0275246 0.000347049 0.0258239 0.626081 0.00222527 0.226906 0.0500244 0.000958691 
0.0100526 0.0485093 0.340589 0.00975396 0.011454 0.376506 0.0050888 0.154318 0.0436873 4.11785e-05 
0.0166953 0.0746987 0.0748292 0.0690939 0.0602508 0.378368 0.0140783 0.190786 0.117112 0.00408804 
0.0118498 0.0124971 0.060879 0.00840375 0.0649053 0.662832 0.00654758 0.138447 0.0305881 0.0030504 
0.0305729 0.0334908 0.131423 0.0101968 0.131511 0.392169 0.00292746 0.197674 0.0697319 0.000302656 
0.0430754 0.194393 0.0463088 0.0084905 0.0203592 0.363208 0.00330398 0.235074 0.0749521 0.010835 
0.22495 0.0491782 0.0571991 0.00345469 0.0112233 0.271011 0.00017249 0.185046 0.197745 1.98123e-05 
0.00800852 0.115523 0.0187869 0.0863508 0.0157891 0.448567 0.000833299 0.113188 0.0779314 0.115022 
0.0144234 0.0163047 0.0335423 0.000464687 0.0275865 0.652194 0.00189994 0.154161 0.0993883 3.55653e-05 
0.0219243 0.132606 0.0577551 0.00772897 0.0583225 0.474776 0.00851096 0.0947214 0.122533 0.0211218 
0.00962313 0.0880173 0.086727 0.019541 0.0368211 0.427479 0.000630734 0.23405 0.0926285 0.00448233 
0.0133985 0.0142251 0.147815 0.000437854 0.00802619 0.463508 0.000283056 0.272118 0.0710365 0.00915134 
0.00889165 0.15503 0.0907222 0.00501087 0.0101425 0.347277 0.00050605 0.168485 0.0767339 0.137201 
0.0152397 0.0482987 0.220221 0.00259773 0.208255 0.284751 0.00161486 0.184265 0.0314139 0.00334314 
0.039067 0.0124489 0.0729671 0.000652242 0.0131145 0.690467 0.00182662 0.112063 0.0572213 0.000171545 
0.0288518 0.0216473 0.0255839 0.0500154 0.0247077 0.552653 0.00107831 0.166885 0.124901 0.00367663 
0.0422261 0.0145222 0.0527149 0.00161217 0.00992832 0.529769 0.0655389 0.233639 0.0495183 0.000531755 
0.00161656 0.000390003 0.121802 0.00182654 0.111726 0.576371 1.05208e-05 0.169765 0.0164674 2.57827e-05 
0.00740615 0.00683531 0.0344703 0.0295971 0.0288837 0.739287 0.00485202 0.110259 0.0379483 0.000460963 
0.0198012 0.0135351 0.042246 0.012532 0.023618 0.429701 0.00153324 0.370783 0.079149 0.00710117 
0.0398016 0.0516331 0.0278514 0.000555858 0.0247211 0.70754 0.0117273 0.0938732 0.0411772 0.00111893 
0.0366693 0.0300413 0.0931528 0.0126537 0.0284963 0.473339 0.00419155 0.252511 0.0630302 0.00591576 
0.10886 0.0183385 0.0533676 0.0121964 0.0800405 0.452613 5.75959e-05 0.178955 0.095145 0.000426324 
0.051918 0.0238895 0.0246314 0.00623569 0.0173104 0.728641 0.016321 0.079019 0.0512883 0.000745653 
0.092577 0.150471 0.133815 0.000276911 0.0354759 0.291024 0.0553528 0.156558 0.0813422 0.00310691 
0.00057003 0.00513759 0.00178498 0.0667261 0.00356304 0.471399 0.000406841 0.13221 0.318145 5.7007e-05 
0.0117648 0.021596 0.0295697 0.116501 0.0183371 0.599384 0.00547129 0.160373 0.0369208 8.19619e-05 
0.0123433 0.018978 0.0489403 0.00889562 0.0209149 0.533251 0.000959101 0.115417 0.239081 0.00122007 
0.0541146 0.0202308 0.0477038 0.00150196 0.05929 0.513115 0.000330914 0.207492 0.0957272 0.000493439 
0.121214 0.0745323 0.108956 0.000655171 0.0156188 0.30202 0.000390221 0.260133 0.107867 0.00861423 
0.0307 0.0373233 0.188136 0.0424899 0.0659714 0.28941 0.0017283 0.175764 0.153871 0.0146054 
0.0707592 0.0319359 0.0425774 0.015241 0.035506 0.3777 0.00208023 0.212488 0.206355 0.00535724 
0.0498448 0.0507966 0.0520209 0.026876 0.0992101 0.418031 0.00499428 0.142712 0.149367 0.0061472 
0.0486399 0.00512103 0.0610447 0.000912989 0.0913007 0.460743 0.000717264 0.261326 0.0700922 0.000102285 
0.0068189 0.0564809 0.124101 0.013409 0.0919079 0.338035 0.000235941 0.263691 0.105309 1.04299e-05 
0.0684161 0.0142588 0.0677782 0.00649082 0.0130596 0.512094 0.000744506 0.194216 0.122877 6.61497e-05 
0.06875 0.0373492 0.077009 0.00556655 0.0384777 0.335247 0.00225299 0.327971 0.102384 0.00499162 
0.0228676 0.0191999 0.0531715 0.00713049 0.0340213 0.577755 0.00353505 0.247811 0.0340371 0.000470233 
0.0146634 0.0184484 0.0532096 0.0157183 0.0854539 0.513192 0.00507473 0.195667 0.0985038 6.906e-05 
0.018755 0.0927989 0.0753272 0.00414417 0.0303439 0.549047 0.000800538 0.126833 0.0927147 0.00923578 
0.0425443 0.0461469 0.0418556 0.276569 0.0350603 0.294304 0.00484074 0.171812 0.0811399 0.00572813 
0.221501 0.00304444 0.0382135 0.000804148 0.0176705 0.337039 0.00486323 0.263242 0.113599 2.32341e-05 
0.0122313 0.0138075 0.117726 0.00174618 0.0425113 0.597004 0.00145183 0.163946 0.048672 0.000903865 
0.0592298 0.025604 0.111549 0.0069143 0.0267626 0.357257 0.00124478 0.275821 0.134342 0.00127573 
0.00696397 0.0367261 0.0451961 4.42666e-05 0.0271815 0.50007 0.00052546 0.167257 0.215263 0.000772685 
0.061594 0.274289 0.027753 0.000835617 0.0191151 0.330325 0.00147648 0.190595 0.0929253 0.0010915 
0.0817483 0.0505705 0.0731733 0.00472433 0.0480518 0.351485 0.000761483 0.30362 0.0814828 0.00438252 
0.00957899 0.0187955 0.0214488 0.0158085 0.0167149 0.813796 0.000928688 0.0957104 0.00686074 0.000357547 
0.0521545 0.135873 0.0414994 0.106875 0.0203692 0.231434 0.163659 0.137862 0.108016 0.00225936 
0.0106653 3.28759e-08 0.0444258 6.26338e-09 0.0428275 0.448748 7.39546e-09 0.435908 0.0173585 6.66107e-05 
0.0323788 0.0698871 0.0763697 0.00831383 0.0408001 0.518065 0.00951175 0.189847 0.0531088 0.00171777 
0.0253011 0.0213736 0.119266 0.00348709 0.0552177 0.555957 0.00175178 0.169579 0.0464885 0.00157764 
0.010021 0.0211365 0.163049 0.0155357 0.0460164 0.372514 0.000754247 0.296883 0.0739911 9.91687e-05 
0.00748731 0.00361904 0.0445337 0.0184912 0.041434 0.718818 0.00104822 0.0810673 0.0834294 7.21618e-05 
0.0113573 0.0129087 0.0188063 0.0159707 0.00639653 0.767514 0.000567498 0.135101 0.031205 0.000172522 
0.00852517 0.0236009 0.105039 0.0038309 0.0451592 0.507827 0.00947723 0.133489 0.163012 4.05499e-05 
0.0180287 0.079408 0.0116693 0.0118077 0.0542997 0.613499 0.0249006 0.0743009 0.0564564 0.0556298 
0.103694 0.0118573 0.0123866 0.019085 0.044087 0.410748 0.000682809 0.32899 0.0663033 0.00216578 
0.0288537 0.0112049 0.121438 0.00349418 0.0469943 0.459372 0.00146282 0.178098 0.136695 0.0123865 
0.0121654 0.0238826 0.120632 0.00173778 0.0236783 0.563617 0.00410313 0.205154 0.044989 4.10107e-05 
0.00911225 0.197487 0.0207022 0.00100774 0.0897379 0.308287 0.197472 0.101339 0.0744982 0.000356855 
0.0106104 0.00788176 0.0700457 0.000357824 0.0455408 0.73517 0.0249875 0.0564037 0.0489937 8.42469e-06 
0.00880258 0.0814359 0.0548816 0.00673658 0.266657 0.460685 0.0498863 0.0445963 0.0235547 0.00276401 
0.0246953 0.0537569 0.133937 0.00357668 0.041781 0.419864 0.00070146 0.262605 0.0588187 0.000263495 
0.313546 0.0134439 0.00634816 0.00125918 0.00252612 0.448899 0.029231 0.123036 0.0613643 0.000346701 
0.0175596 0.0876915 0.0576599 0.00504004 0.0681328 0.512577 0.0169963 0.118155 0.112911 0.00327696 
0.0516582 0.00954829 0.162813 0.00950421 0.0432741 0.42466 0.000995177 0.167634 0.129896 1.6548e-05 
0.0249548 0.0499974 0.106784 0.0156308 0.0688816 0.544257 0.000150409 0.126128 0.0581548 0.00506135 
0.00646941 0.011435 0.0533144 0.00053425 0.0325761 0.496561 0.0035978 0.316729 0.0778704 0.000912383 
0.0280674 0.0199352 0.0417672 0.00187071 0.0178429 0.571678 0.000824766 0.167944 0.131666 0.0184037 
0.0153626 0.0211457 0.0618495 0.0228125 0.039482 0.386922 0.00185557 0.288947 0.156064 0.00555965 
0.012612 0.0143031 0.0231797 0.000782492 0.0152251 0.825805 0.00657896 0.0764565 0.0246789 0.000378315 
0.0424717 0.0920868 0.0161726 0.00565319 0.0127798 0.500567 0.0416098 0.0741799 0.198803 0.0156758 
0.0101298 0.170674 0.0786864 0.125546 0.0247939 0.368594 0.00617075 0.114984 0.0912507 0.00916999 
0.0133456 0.00419028 0.041739 0.0150186 0.0224165 0.516555 0.00134772 0.241583 0.142103 0.00170126 
0.0564993 0.0339009 0.102645 0.00248319 0.0398713 0.408 0.00052489 0.25259 0.102009 0.00147706 
0.0362927 0.0438806 0.0653105 0.00274655 0.0188774 0.518569 0.000770875 0.142268 0.165386 0.00589884 
0.104249 0.0358674 0.0572481 0.00449576 0.0378345 0.466754 0.0194328 0.210563 0.058101 0.00545446 
0.0100193 0.0108733 0.0283196 0.0340579 0.0135077 0.686363 0.0157687 0.127417 0.0729026 0.000771287 
0.110271 0.130286 0.0259029 0.000128038 0.0265609 0.417149 0.117112 0.133446 0.0381289 0.00101445 
0.0108425 0.0304968 0.227364 0.00991756 0.210321 0.350435 0.00108597 0.113485 0.0451446 0.000908072 
0.0157971 0.0300541 0.0547152 0.0113398 0.0480998 0.388945 0.00360223 0.266079 0.179701 0.00166634 
0.0191878 0.0332375 0.0975529 0.00157762 0.0366214 0.599852 0.00233635 0.145831 0.0618685 0.00193516 
0.0232646 0.119976 0.0213541 0.0234069 0.0479437 0.597297 0.00191008 0.0593205 0.0840386 0.0214886 
0.00347126 0.00860254 0.290325 0.254557 0.0147051 0.310744 0.000240841 0.0565592 0.0606721 0.00012194 
0.0165411 0.0163051 0.0432321 0.01135 0.0153216 0.461663 0.0182512 0.140658 0.250484 0.0261943 
0.0225454 0.115714 0.0199322 0.0396804 0.0628604 0.362105 0.0126525 0.0946112 0.257573 0.0123263 
0.0174614 0.0235553 0.0306301 0.0124296 0.0166949 0.705707 0.00266324 0.10476 0.0648543 0.0212435 
0.0608278 0.0247895 0.0319554 0.00691245 0.00927989 0.563102 0.00365245 0.179768 0.102696 0.0170158 
0.0290814 0.0916859 0.199095 0.00151478 0.0617802 0.322716 0.00160807 0.219452 0.0720751 0.00099125 
0.0138615 0.0305384 0.0822124 0.00416451 0.00945713 0.334301 0.00333043 0.0609191 0.196373 0.264842 
0.0359341 0.0425397 0.0395206 0.00128748 0.0667666 0.575858 0.0284079 0.0916583 0.101703 0.0163247 
0.00620859 0.0058945 0.0638385 0.00516904 0.0219268 0.785563 0.00183151 0.100474 0.00907147 2.18398e-05 
0.00415729 0.0429867 0.308108 0.000193233 0.0615065 0.431811 0.00127969 0.101952 0.0479801 2.5931e-05 
0.0118112 0.0112975 0.198178 0.00109577 0.0953147 0.488988 0.000114982 0.0934206 0.0992476 0.000531177 
0.0441142 0.0406631 0.069886 0.00472238 0.0457889 0.507114 0.00184275 0.145585 0.134646 0.00563712 
0.0406941 0.0688887 0.112278 0.00106631 0.259357 0.293496 0.000305037 0.126687 0.0949868 0.00224137 
0.0325191 0.0199767 0.1497 0.000449573 0.0214883 0.326086 0.000649204 0.319973 0.12885 0.000308096 
0.019636 0.0607058 0.0532553 0.0205025 0.0210569 0.499382 0.0090993 0.171159 0.132225 0.0129776 
0.0171142 0.00446708 0.0121106 0.00552297 0.0331805 0.714505 0.000770839 0.125343 0.0869542 3.13547e-05 
0.004904 0.00972274 0.0378088 0.00888661 0.026999 0.677671 0.00039678 0.169979 0.0631126 0.000519568 
0.00689848 0.12895 0.174866 0.0323686 0.0282667 0.326357 0.00091262 0.105961 0.193664 0.00175663 
0.0515839 0.0178075 0.0631264 0.0143915 0.0558966 0.4396 0.000687445 0.255027 0.100416 0.00146349 
0.0621334 0.0545665 0.00450712 0.0246221 0.00413666 0.416129 0.00510038 0.0760191 0.307333 0.0454522 
0.0104802 0.0245082 0.0293959 0.00561187 0.179543 0.58271 0.0580481 0.0571903 0.0524437 6.91222e-05 
0.00998719 0.172176 0.0126757 0.0627006 0.0156138 0.305632 0.00337216 0.098891 0.227854 0.0910973 
0.126188 0.00547788 0.027295 0.0471997 0.0101805 0.470219 0.0013586 0.218407 0.0935559 0.000118876 
0.0421649 0.0066267 0.0431376 0.000346518 0.00652605 0.553545 0.000997386 0.148434 0.174274 0.0239484 
0.0179976 0.00391303 0.0226652 0.0331051 0.0771362 0.52256 0.00173544 0.25586 0.0640066 0.00102055 
0.0316657 0.362168 0.0149006 0.01361 0.0235787 0.372401 0.0115077 0.06322 0.0938455 0.0131032 
0.137789 0.0684366 0.140131 0.0121726 0.0294544 0.375394 0.000163763 0.137044 0.0976504 0.00176304 
0.00578151 0.0188333 0.102708 0.0216317 0.0300873 0.562426 0.000207265 0.198818 0.0594513 5.59599e-05 
0.00862176 0.00965166 0.0561074 0.00430809 0.0163777 0.50691 0.000433994 0.350701 0.0468672 2.03117e-05 
6.96524e-06 4.1714e-06 0.0183619 9.87094e-07 4.91681e-06 0.849626 7.46521e-08 0.0614902 0.0705049 8.95864e-08 
0.02739 0.0716351 0.0845733 0.0297939 0.0325405 0.555128 0.000480213 0.123311 0.0741088 0.00103894 
0.040698 0.13058 0.0454663 0.000777975 0.0178042 0.352751 0.309206 0.022668 0.077367 0.0026811 
0.0111914 0.0791717 0.0841655 0.19916 0.0132852 0.234653 0.00121202 0.160309 0.185421 0.0314304 
0.052247 0.0466591 0.0532918 0.00617777 0.00847955 0.309197 0.000430949 0.260461 0.249929 0.0131274 
0.015105 0.0103257 0.0753752 0.012427 0.0390775 0.534717 0.0010334 0.242904 0.0685864 0.00044909 
0.0104923 0.0231198 0.0346425 0.011335 0.0134858 0.614566 0.0232344 0.137113 0.128625 0.00338655 
0.0358532 0.0185249 0.0409904 0.00162345 0.0144519 0.703592 0.0013074 0.124635 0.0583745 0.000647188 
0.0893363 0.0144718 0.00673692 0.000127368 0.00244474 0.585664 0.00161894 0.247879 0.0516982 2.23292e-05 
0.0154598 0.0919975 0.0480193 0.00470531 0.0111798 0.510771 0.00120882 0.268581 0.0454056 0.00267163 
0.0207652 0.0543057 0.0496886 0.00506523 0.0181451 0.643577 0.00966197 0.103766 0.0829566 0.0120688 
0.0109583 0.0161001 0.0316227 0.00729961 0.0172853 0.581356 0.000149849 0.119382 0.214879 0.000968218 
0.00424468 0.000124433 0.00503226 0.0649771 0.0677882 0.7017 0.000208094 0.116876 0.0390211 2.8116e-05 
0.0145657 0.10509 0.0133934 0.0606339 0.0195011 0.555746 0.00514137 0.100341 0.123894 0.00169386 
0.0269928 0.00583639 0.01954 0.000220262 0.00989706 0.787194 0.00486561 0.0621117 0.0832182 0.000124414 
0.0648475 0.0260535 0.0349122 0.00224522 0.0217811 0.541445 0.000412794 0.199356 0.104118 0.00482842 
0.0154134 0.0306787 0.0215293 0.0105958 0.0180246 0.323852 0.00297707 0.321802 0.253618 0.00150952 
0.0100878 0.0252076 0.0126556 0.000748729 0.00278695 0.845789 0.000174784 0.0276325 0.0748924 2.43067e-05 
0.0653525 0.0273589 0.0851733 0.0148518 0.0363569 0.489154 0.00982779 0.0997698 0.171132 0.00102312 
0.033026 0.143052 0.0191324 0.00208798 0.00921925 0.489154 0.0542012 0.182397 0.0658154 0.00191479 
0.0217521 0.00946169 0.0504416 9.17696e-05 0.0322361 0.651654 0.00119304 0.0963125 0.136088 0.000769483 
0.0241389 0.062335 0.0657798 0.0217753 0.0374888 0.420154 0.00116603 0.272675 0.0844592 0.0100279 
0.0376478 0.0317988 0.150087 0.0157945 0.255497 0.271893 0.00865817 0.167132 0.0612884 0.00020234 
0.0504603 0.144764 0.0344886 0.00913809 0.0159801 0.398812 0.00977133 0.15247 0.174002 0.0101136 
0.0517836 0.0436661 0.0156632 0.00147414 0.00504045 0.348482 0.0035098 0.153442 0.0748908 0.302049 
0.0062213 0.00990822 0.0161829 0.00526028 0.0150251 0.533598 0.0001746 0.106059 0.296594 0.0109764 
0.0290656 0.079191 0.0287382 0.0158474 0.0308052 0.405516 0.018353 0.121656 0.259591 0.0112367 
0.0254651 0.0252909 0.0479511 0.0169569 0.0241674 0.592116 0.00330364 0.146587 0.118133 2.9422e-05 
0.0573831 0.0102811 0.00796725 0.000627749 0.00456447 0.346345 0.0944904 0.290109 0.187675 0.000556589 
0.0516008 0.102364 0.0787468 0.00479063 0.0362877 0.334106 0.00380307 0.267798 0.104399 0.0161039 
0.00788884 0.00814443 0.0514192 0.00223168 0.0912395 0.598992 6.4467e-05 0.218171 0.0217926 5.61248e-05 
0.0148022 0.00572477 0.0111748 0.0429511 0.00790569 0.747313 0.00368512 0.128242 0.0375827 0.000618659 
0.211905 0.0252211 0.0206745 0.0134191 0.0264386 0.453 0.00109669 0.148462 0.0980564 0.00172626 
0.215589 0.0109491 0.0839143 0.000892134 0.0103248 0.307018 0.0233081 0.166205 0.181765 3.46223e-05 
0.00922283 0.0368075 0.0567089 0.0151941 0.0471167 0.61707 0.00103594 0.100157 0.116665 2.18457e-05 
0.123466 0.0584546 0.0222587 0.0152701 0.0231797 0.4777 0.00213129 0.234831 0.0406056 0.00210303 
0.00176503 0.00425752 0.165456 0.0210138 0.0404622 0.402358 0.00156473 0.168748 0.194311 6.38355e-05 
0.0304704 0.0246937 0.0575856 0.00838661 0.0304347 0.581254 0.0326381 0.0928645 0.130475 0.0111971 
0.021144 0.0134636 0.0511443 0.000386855 0.00354671 0.764177 0.00295094 0.0635907 0.0795769 1.84762e-05 
0.0521545 0.135873 0.0414994 0.106875 0.0203692 0.231434 0.163659 0.137862 0.108016 0.00225936 
0.020752 0.0195229 0.0897546 0.00226859 0.0403557 0.526129 0.00467588 0.228675 0.0645317 0.00333442 
0.00696397 0.0367261 0.0451961 4.42666e-05 0.0271815 0.50007 0.00052546 0.167257 0.215263 0.000772685 
0.00249178 0.000942518 0.0533856 0.0462577 0.0468385 0.670668 9.95125e-05 0.132156 0.0462723 0.000887767 
0.00723943 0.000195 0.131175 5.1884e-05 0.152136 0.425145 1.05143e-09 0.261412 0.0224575 0.000189018 
0.0237621 0.166143 0.0229955 0.00617222 0.0129387 0.509006 0.0227093 0.0885376 0.137156 0.0105789 
0.032269 0.0246219 0.0201206 0.0212448 0.013014 0.650462 0.00282154 0.189087 0.0460347 0.000324379 
0.065765 0.0175017 0.137075 0.017205 0.0470098 0.581862 0.011255 0.0802993 0.0419336 9.32014e-05 
0.037194 0.0333213 0.0750097 0.000591934 0.0295568 0.408675 0.000428639 0.099803 0.315078 0.000341584 
0.0430754 0.194393 0.0463088 0.0084905 0.0203592 0.363208 0.00330398 0.235074 0.0749521 0.010835 
0.0235357 0.0285177 0.100718 0.00562798 0.0575703 0.537147 0.00249642 0.152726 0.0872024 0.00445867 
0.0348259 0.116718 0.11257 0.00187894 0.0334387 0.396312 0.000280904 0.226394 0.0769224 0.000659772 
0.0555227 0.064873 0.106828 0.000515276 0.0699641 0.315766 0.000762235 0.304031 0.0814806 0.000256994 
0.139007 0.01548 0.0921648 0.00097447 0.0182043 0.451235 0.000809711 0.161661 0.119868 0.000596324 
0.00512431 0.0162738 0.0308828 0.000191272 0.0108602 0.766294 0.0374219 0.0687039 0.0641945 5.28687e-05 
0.0261561 0.00364748 0.0207704 0.000757184 0.00400568 0.901912 0.0149858 0.0211351 0.00640615 0.000224232 
0.02829 0.0341411 0.0285083 0.0116625 0.0263047 0.609832 0.000604952 0.150456 0.106099 0.00410142 
0.00964753 0.120815 0.0401459 0.00488739 0.0211054 0.334386 0.000240381 0.141813 0.244183 0.0827769 
0.060723 0.0455064 0.047435 0.00208919 0.0428542 0.610712 0.000723551 0.119141 0.0670373 0.0037785 
0.0029135 0.00416324 0.0878538 0.0124984 0.0917612 0.714216 0.000271054 0.0537817 0.032506 3.50976e-05 
0.0153813 0.0593378 0.0582758 0.0242218 0.0361677 0.43499 0.00280874 0.179006 0.178696 0.0111153 
0.00428084 0.0056439 0.0774975 0.00107694 0.187988 0.336877 0.00169722 0.309321 0.0729439 0.00267361 
0.0267061 0.028286 0.0544175 0.0355838 0.00453276 0.468083 0.00369628 0.155765 0.210425 0.0125046 
0.0140503 0.0922903 0.0329285 0.0166458 0.0350411 0.471802 0.000847495 0.18982 0.146415 0.000159298 
0.00921445 0.0456862 0.185153 0.00156622 0.168534 0.351436 0.00492935 0.106171 0.115314 0.0119949 
0.0732783 0.0168092 0.0176181 0.000408205 0.0182015 0.731535 0.00218808 0.10213 0.037184 0.000647552 
0.0126634 0.00615772 0.0741823 0.00585973 0.0402588 0.589493 0.000331368 0.209696 0.059558 0.00180029 
0.0409068 0.152272 0.0145636 0.00303313 0.012196 0.563067 0.0144624 0.103445 0.0911364 0.00491816 
0.00991826 0.00155283 0.077339 0.00210681 0.0378432 0.657925 0.00121989 0.11547 0.096573 5.13637e-05 
0.1758 0.0218167 0.0441259 8.91722e-05 0.0108128 0.529497 0.00114559 0.177304 0.033541 0.00586837 
0.163111 0.21945 0.0186422 0.0271572 0.0134731 0.283341 0.00438117 0.114714 0.139235 0.0164944 
0.025284 0.0332963 0.0751817 3.35703e-05 0.0478324 0.682593 0.00706263 0.0467774 0.0774787 0.00446014 
0.0036745 0.00502756 0.0147712 0.0636976 0.00477773 0.745775 0.00283982 0.12429 0.033705 0.00144098 
0.040176 0.108764 0.0285319 0.0210839 0.0106078 0.292266 0.00194504 0.266281 0.137021 0.0933235 
0.0173771 0.0228271 0.0364671 0.0810821 0.0679259 0.484131 0.0076566 0.18711 0.094922 0.000501185 
0.00829895 0.00318296 0.0215713 5.12572e-05 0.0156627 0.623037 0.0027468 0.320325 0.00503738 8.60824e-05 
0.0208849 0.0364017 0.0316964 0.0226458 0.143964 0.527414 0.0120451 0.0745357 0.115414 0.0149976 
0.00786917 0.0177299 0.0371457 0.00427895 0.0114572 0.724471 0.0606128 0.089946 0.0463597 0.000129542 
0.0313142 0.0418784 0.175043 0.00127522 0.047235 0.406093 0.00163414 0.132317 0.153093 0.0101172 
0.042055 0.0611711 0.1379 0.00170076 0.0169546 0.252325 0.00465788 0.231522 0.245044 0.0066696 
0.00615728 0.00483727 0.0176002 0.101426 0.00710873 0.662208 0.00239374 0.157981 0.0381032 0.00218449 
0.010668 0.00816507 0.0355161 0.0190721 0.0365187 0.351134 0.00140843 0.325024 0.20416 0.00833366 
0.0277523 0.0320238 0.0423196 0.0014498 0.0070928 0.814264 0.000125302 0.0482126 0.0162672 0.0104924 
0.028111 0.00939543 0.0644527 0.00092618 0.0396402 0.618507 0.0092366 0.12583 0.0960192 0.00788161 
0.0476964 0.210648 0.0483462 0.00304675 0.0761029 0.232831 0.0509562 0.146564 0.17616 0.00764903 
0.06863 0.0854435 0.02497 0.0392054 0.0693338 0.286833 0.00373306 0.187073 0.212722 0.0220555 
0.0182482 0.0154536 0.125334 0.00429389 0.0908733 0.478545 0.000194818 0.144893 0.120643 0.00152238 
0.0162053 0.0601776 0.0775218 0.00193264 0.0111037 0.341521 0.0040023 0.0735222 0.160882 0.253132 
0.0281375 0.0897807 0.0796425 0.00900784 0.0467006 0.405684 0.0715321 0.105001 0.155801 0.00871194 
0.0498693 0.0498638 0.0556045 0.00758115 0.0168897 0.548372 0.000867382 0.206374 0.0576997 0.00687815 
0.0187267 0.00819903 0.0334877 0.00278114 0.0678148 0.738447 0.00253563 0.084397 0.0394712 0.00414016 
0.0145381 0.0153866 0.0770941 0.00810358 0.0267352 0.664235 0.00505263 0.139119 0.0496716 6.40063e-05 
0.0285517 0.0317812 0.0158896 9.83117e-05 0.0111594 0.678044 0.001837 0.0859953 0.146604 3.97619e-05 
0.117267 0.0374648 0.0740946 0.00390964 0.0149788 0.350795 0.00100983 0.172219 0.22346 0.00480102 
0.024748 0.0538016 0.0207008 0.0158326 0.0678838 0.569011 0.00310747 0.113014 0.127737 0.00416342 
0.0718926 0.0684235 0.0968713 0.00249541 0.00545027 0.302024 0.236501 0.0929311 0.108565 0.0148463 
0.0154598 0.0919975 0.0480193 0.00470531 0.0111798 0.510771 0.00120882 0.268581 0.0454056 0.00267163 
0.0857887 0.0217388 0.110714 0.00117924 0.0189438 0.511924 0.0627467 0.113715 0.0664094 0.00684044 
0.0165528 0.110611 0.0246736 0.0053218 0.0539322 0.281015 0.153127 0.171057 0.170543 0.0131668 
0.021587 0.0341227 0.0747064 0.00781489 0.02908 0.53812 0.00150216 0.221828 0.0704658 0.000773127 
0.0211211 0.0319654 0.0825416 0.00440591 0.0248064 0.310026 0.00321767 0.203052 0.303394 0.0154706 
0.0519322 0.00816247 0.0912737 0.00575242 0.0156378 0.727325 0.000177572 0.0670065 0.0321427 0.000589946 
0.0602745 0.0789325 0.0629911 0.00468417 0.0232748 0.253932 0.139091 0.111119 0.236247 0.0294542 
0.0209829 0.0313733 0.0640934 0.00490714 0.0354859 0.318375 0.000646226 0.269295 0.214688 0.040153 
0.0123433 0.018978 0.0489403 0.00889562 0.0209149 0.533251 0.000959101 0.115417 0.239081 0.00122007 
0.0206946 0.127145 0.0123793 0.0139388 0.00612388 0.39773 0.00723846 0.101494 0.269731 0.0435254 
0.0159037 0.0135831 0.0506156 0.00998536 0.0223092 0.485277 0.000590117 0.344152 0.0568632 0.000720144 
0.0476964 0.210648 0.0483462 0.00304675 0.0761029 0.232831 0.0509562 0.146564 0.17616 0.00764903 
0.008846 0.0260799 0.0217478 0.0274551 0.0145427 0.540615 0.000961907 0.185222 0.116516 0.0580138 
0.0194955 0.0172486 0.0370825 0.00394989 0.0699589 0.630765 0.00238827 0.0831622 0.135195 0.000754069 
0.0476964 0.210648 0.0483462 0.00304675 0.0761029 0.232831 0.0509562 0.146564 0.17616 0.00764903 
0.0168822 0.00834859 0.055394 0.000608293 0.0193304 0.703051 0.00110478 0.125207 0.0675203 0.00255338 
0.0326373 0.0539913 0.019761 0.0146115 0.0118582 0.413936 0.00253899 0.227894 0.216854 0.00591713 
0.0148039 0.0252534 0.0276062 0.00427113 0.0106029 0.793593 0.00471955 0.0972933 0.0216978 0.000159326 
0.067208 0.0273081 0.0316522 0.00361156 0.0230133 0.639267 0.00892512 0.116647 0.0805747 0.00179285 
0.0095753 0.00862358 0.0497949 0.00769794 0.013612 0.729644 0.000868059 0.101403 0.0783473 0.00043373 
0.0381607 0.0194942 0.00494393 0.00333249 0.00662028 0.659049 0.000536513 0.165575 0.0981121 0.00417562 
0.0270817 0.277806 0.0553497 0.00545096 0.0188159 0.3456 0.00108836 0.158853 0.0960035 0.0139507 
0.0130542 0.0178809 0.0321183 0.0538809 0.00844557 0.424598 0.00138595 0.110844 0.320934 0.0168578 
0.0127654 0.288609 0.0831444 0.0184717 0.0130763 0.330505 0.00200928 0.151147 0.0864853 0.013786 
