2.95592e-06 0.24309 5.3907e-10 2.67669e-10 1.73722e-09 8.64971e-07 0.612519 0.000421189 0.0969667 0.0469995 
0.0273827 0.0303293 0.133848 0.00501356 1.3312e-05 0.0115955 0.330164 0.149587 0.0154156 0.296651 
0.00755264 0.0962284 0.000170638 0.0165979 0.00141327 4.04132e-05 0.588701 0.199415 0.0321847 0.0576956 
0.02127 0.103477 0.00617843 0.105383 0.000334334 0.000446127 0.337814 0.297132 0.100645 0.0273201 
0.0689685 0.0797883 0.0137967 0.00569089 7.75566e-05 0.0180654 0.489774 0.210842 0.0697172 0.0432791 
0.0305753 0.0906989 0.0110214 0.027258 0.00208742 0.000135758 0.567447 0.219885 0.0318313 0.01906 
0.00427807 0.109099 0.00861887 0.101835 0.0270462 0.00372851 0.571143 0.136624 0.0339606 0.00366696 
0.0207043 0.171681 0.00587055 0.0407852 1.91864e-08 1.25394e-05 0.406628 0.258454 0.0953422 0.000522849 
0.0887739 0.248621 0.000363208 0.0730669 0.0380123 0.000336228 0.254222 0.0938015 0.074644 0.128159 
0.123224 0.058125 0.100447 0.000380279 3.01514e-06 0.000462898 0.394861 0.146815 0.126064 0.0496178 
0.0500364 0.062683 0.111744 0.0165121 0.00133766 0.00871987 0.331022 0.107399 0.0434948 0.267051 
0.0711161 0.00305929 0.0621438 0.00160078 0.000293463 0.00838795 0.357112 0.240265 0.129912 0.12611 
0.0407581 0.0421414 0.00699711 0.00144194 0.000607622 1.49058e-05 0.754284 0.0985263 0.0398003 0.015428 
0.00950796 0.182698 4.89432e-07 0.024311 0.00119202 0.00105354 0.69894 0.0289089 0.0480089 0.00537895 
0.0196342 0.112386 0.00508324 0.0485067 0.00741163 0.00015864 0.533658 0.16926 0.0845278 0.0193734 
0.0198121 0.186748 0.0014906 0.0286276 0.0422492 0.00110822 0.415919 0.221345 0.0643588 0.0183408 
0.0210385 0.0234303 0.00441069 0.00174807 8.38806e-05 0.000108069 0.690285 0.18606 0.0121652 0.0606701 
0.0932871 0.220546 0.0208862 0.0257262 0.000320863 0.0038477 0.263683 0.184159 0.0937726 0.0937704 
0.0211999 0.127959 0.00129895 0.0797421 0.000427547 0.00010322 0.41234 0.290425 0.0490943 0.0174108 
0.0631815 0.0888397 0.00244532 0.0233086 0.00358856 0.0163404 0.518806 0.190362 0.0488896 0.0442382 
0.0158658 0.00759861 0.000221218 0.0542162 0.00673931 2.37345e-05 0.873516 0.0193636 0.00810037 0.0143549 
0.220474 0.0539198 0.0526162 0.00596106 0.00217366 0.0185522 0.314803 0.114709 0.0646523 0.152139 
0.0745894 0.149731 0.112988 0.067855 4.12729e-05 0.0030504 0.254426 0.20563 0.0419695 0.0897199 
0.00480916 0.0042385 0.159851 0.00218208 0.00157095 0.0133559 0.585181 0.135765 0.0240195 0.0690276 
0.0190957 0.000497684 0.000639409 0.000430675 0.000183041 2.14223e-05 0.528792 0.136233 0.313809 0.000297932 
0.0168534 0.0442228 0.000767681 0.0113679 0.00298787 0.000152328 0.555848 0.306695 0.0462361 0.0148696 
0.00747681 0.0493945 0.00579415 0.00254319 6.00396e-06 0.000555992 0.673592 0.249008 0.0111825 0.000446823 
0.0768957 0.0224317 0.00279238 0.015696 0.00126102 0.000144296 0.749042 0.0845088 0.0395232 0.00770498 
0.0459353 0.00628127 0.0223271 1.197e-06 6.73977e-08 0.000189543 0.420687 0.0353821 0.381496 0.0877008 
0.00347856 0.0958226 7.19883e-05 0.0291161 2.28555e-06 0.000124649 0.594749 0.189038 0.0875299 6.72042e-05 
0.000386573 0.128708 0.00570851 7.29541e-07 7.04913e-06 0.00157215 0.707487 0.0808066 0.0342977 0.0410258 
0.0563839 0.129481 0.000745529 0.0103268 0.0141823 8.81158e-05 0.49991 0.203626 0.0806627 0.00459368 
0.0117774 0.0848071 0.000760313 0.000746089 3.62326e-06 0.000172639 0.865317 0.0252369 0.00530327 0.00587581 
0.0573878 0.113537 0.00108591 0.015268 0.00518972 0.000167188 0.593347 0.140371 0.0617249 0.0119214 
0.00613204 0.124892 0.000563325 0.0897614 7.96306e-05 0.000105967 0.628266 0.0911602 0.055908 0.00313085 
0.00790734 0.029561 0.27521 0.0116318 6.1606e-06 0.00086107 0.483544 0.149751 0.0145278 0.0269998 
0.00928348 0.00046421 0.000125608 0.0140407 0.000420644 2.00972e-05 0.916596 0.0581466 0.00076485 0.000138116 
0.00369979 0.0491499 0.016563 0.126787 0.0001074 0.000142411 0.598323 0.117975 0.0798715 0.00738098 
0.0055249 0.0191246 8.81059e-05 0.00898965 0.00539666 3.18161e-05 0.872607 0.0692207 0.0173939 0.00162245 
0.0203318 0.0649848 0.00098669 0.0014111 0.000117569 9.53537e-05 0.740299 0.0651929 0.103562 0.00301961 
0.00409422 0.0117201 0.00361449 0.00394019 0.0136576 0.00824592 0.872588 0.0626934 0.0129733 0.00647249 
0.025776 0.0862883 0.115019 0.0113109 0.00157543 0.0148372 0.395143 0.190257 0.133879 0.0259143 
0.0084178 0.0672475 0.000104586 0.0145924 0.00104885 3.21177e-05 0.79788 0.0814689 0.0196802 0.0095276 
0.00094961 0.337225 0.00304269 0.0267519 1.98277e-05 0.000116116 0.51941 0.0617199 0.0489524 0.00181319 
0.0111295 0.201868 0.045692 0.00309117 0.000959096 6.89051e-05 0.533786 0.134278 0.0409035 0.0282248 
0.0110819 0.067646 0.000837119 0.00829282 0.00023503 0.0342881 0.601998 0.23311 0.0209239 0.021588 
0.174381 0.0418095 0.00928295 0.00236208 0.0133371 0.00294427 0.293324 0.219974 0.228455 0.0141297 
0.154691 0.0601758 0.000612534 0.000358131 0.000235081 0.000173443 0.548642 0.132041 0.0851865 0.0178845 
0.0477182 0.0708039 0.0192937 0.00687894 3.55539e-05 0.030214 0.33121 0.213819 0.0300957 0.249932 
0.00168802 0.0519269 0.0711705 0.00543264 0.0038813 0.000252003 0.513773 0.311508 0.0109069 0.0294611 
0.00985537 0.151978 0.00545656 0.0453422 0.000646691 0.0029652 0.609969 0.0706996 0.0421621 0.0609255 
0.0404053 0.0460422 0.0177846 0.00210275 0.265482 0.00525827 0.446724 0.142344 0.0158509 0.0180055 
0.0111182 0.0914473 0.0343442 0.0103444 0.00630401 0.00188555 0.675063 0.105973 0.053982 0.00953853 
0.00409422 0.0117201 0.00361449 0.00394019 0.0136576 0.00824592 0.872588 0.0626934 0.0129733 0.00647249 
0.0329394 0.191613 0.0427845 0.0337444 2.83745e-05 0.000688026 0.4978 0.0884234 0.0674342 0.0445453 
0.217064 0.216608 0.000422091 0.0125636 0.00119663 4.84815e-08 0.349371 0.180203 0.0205456 0.002026 
0.104684 0.0426137 0.0500875 0.0242135 0.000222647 0.027192 0.280487 0.21373 0.0548199 0.20195 
0.00446716 0.12028 0.00675045 0.0398498 0.00762903 0.00040006 0.583743 0.169446 0.0569159 0.0105192 
0.0483213 0.274045 0.0351952 0.0183758 0.000270334 8.18457e-05 0.327233 0.22513 0.053308 0.0180398 
0.00726056 0.0988587 0.0110148 0.000328598 6.19834e-05 0.000159011 0.831395 0.0325427 0.00243426 0.0159439 
0.00328859 0.0265904 0.00343299 0.00242375 0.000112802 0.000294858 0.719504 0.233002 0.00859886 0.00275185 
0.00841057 0.0602334 0.00544555 0.0216089 0.00110338 0.00242473 0.419282 0.364804 0.0684172 0.0482697 
0.00695023 0.0797538 0.000142475 0.0377029 0.0633891 0.0003363 0.355508 0.158868 0.297216 0.000133157 
0.00714157 0.019409 1.07408e-06 5.3332e-07 3.46134e-06 0.00794341 0.920994 0.00367842 0.0289116 0.0119171 
0.101805 0.0949304 0.0456224 0.0398623 0.0018795 0.000912932 0.332468 0.264819 0.0695174 0.0481832 
0.25065 0.113592 0.000173546 0.00221837 3.20027e-09 8.84747e-10 0.34082 0.0135797 0.139636 0.13933 
0.0198948 0.120631 0.00306327 0.0419573 0.000682404 0.000639277 0.481142 0.210063 0.0695322 0.0523938 
0.0136204 0.16679 0.0165224 0.018335 0.010404 6.99137e-05 0.404654 0.21531 0.1224 0.0318952 
0.195643 0.0805119 8.09096e-05 0.00301619 6.34117e-05 6.4124e-05 0.446576 0.106068 0.109525 0.0584522 
0.0375315 0.123081 2.9983e-05 0.00204162 9.37347e-07 4.43534e-06 0.463725 0.319714 0.0266422 0.02723 
0.103483 0.0738024 8.31253e-05 0.0169772 0.000122935 1.49154e-05 0.647504 0.0566268 0.0902062 0.0111792 
0.0656393 0.127053 0.045471 0.00533244 4.11749e-05 0.00534289 0.356667 0.0979391 0.233822 0.0626918 
0.0211976 0.233551 0.0295064 0.0195279 3.36206e-05 0.000323735 0.353536 0.0858746 0.253323 0.00312591 
0.0669159 0.183327 0.0155751 0.029777 2.52533e-05 0.00862265 0.249516 0.224849 0.17179 0.0496019 
0.053966 0.0847736 0.0058284 0.00245106 0.000453989 8.78616e-05 0.607621 0.128482 0.097971 0.018365 
0.0626738 0.0312996 0.0204842 0.0169023 0.0572628 0.00075198 0.352821 0.252764 0.166984 0.0380564 
0.00214498 0.060564 0.00558518 0.0526705 0.03381 0.000208942 0.780446 0.0378821 0.0192281 0.00746008 
0.0111122 0.05871 0.0296282 0.00632075 0.000975274 0.000206318 0.415602 0.353913 0.0429034 0.0806289 
0.00428574 0.101323 0.00470455 0.0723829 0.013772 4.81516e-05 0.525655 0.191622 0.0178803 0.0683265 
0.0478326 0.0185908 0.000170791 0.00430571 0.00228703 0.000238947 0.722408 0.182765 0.0206965 0.00070507 
0.0281412 0.0318213 0.018543 0.000384163 4.42658e-05 0.00172649 0.364014 0.234974 0.314099 0.00625288 
0.0375315 0.123081 2.9983e-05 0.00204162 9.37347e-07 4.43534e-06 0.463725 0.319714 0.0266422 0.02723 
6.49462e-06 0.161 0.00864991 1.84381e-09 1.19667e-08 5.17158e-06 0.737375 0.0117439 9.28238e-06 0.0812111 
0.00230553 0.210413 0.00181088 0.0124828 0.000615587 0.000736092 0.539145 0.0642897 0.148653 0.0195481 
0.0165156 0.0355967 0.000259172 0.0491957 0.0134033 6.14133e-07 0.52432 0.0577674 0.284382 0.0185602 
0.00617369 0.0801032 0.00424357 0.0258798 0.000877935 0.000412243 0.704635 0.111921 0.0335136 0.0322405 
0.00267775 0.0364459 0.00179487 0.000462044 2.02197e-06 0.141463 0.787026 0.0128081 0.00796604 0.00935446 
0.0603135 0.0649236 0.123541 0.0183613 0.0109622 0.0110192 0.374722 0.140549 0.0577878 0.137821 
0.0608131 0.0409254 0.160791 0.0222099 0.0431326 0.0199496 0.391414 0.126829 0.0119966 0.121938 
0.0495526 0.0277501 0.00170042 0.00314865 0.00324179 0.00111296 0.424239 0.421586 0.0509127 0.0167553 
0.00336735 0.118458 0.010996 0.0335223 0.0107613 0.000225244 0.707166 0.0916467 0.0193288 0.00452753 
0.00707577 0.0196041 0.00186472 0.00120154 3.51597e-05 1.61496e-06 0.913008 0.0441711 0.00929052 0.00374797 
0.0161049 0.14611 0.00372105 0.0035017 6.50416e-08 1.63701e-05 0.651106 0.0101486 0.167342 0.00194915 
0.0731715 0.0770825 0.000758775 0.000744644 0.0458029 0.00011097 0.659986 0.0586943 0.0614394 0.0222086 
0.00604745 0.0662258 0.00593677 0.00908343 0.000217668 0.000297265 0.780938 0.0906649 0.0200088 0.0205802 
0.100858 0.0352102 0.00327142 0.000966035 0.000907494 0.000144379 0.395071 0.341053 0.0949826 0.0275358 
0.00266466 0.102641 0.00728717 0.00100982 3.9372e-06 0.000574666 0.662556 0.169118 0.0271792 0.0269652 
0.0559765 0.128131 0.0103694 0.0567917 0.00374147 0.000580168 0.426368 0.207354 0.0506521 0.060036 
0.196933 0.0429028 0.0903197 0.0056068 0.000457306 0.0130382 0.231786 0.222896 0.0430038 0.153057 
0.0118275 0.0608245 0.00144211 0.0255039 0.034489 0.000362469 0.582475 0.175662 0.106064 0.00135024 
0.0389362 0.018178 0.0402846 0.000713958 0.162229 0.00606795 0.373287 0.129145 0.0529983 0.17816 
0.031348 0.342127 0.0012084 0.000507344 5.0382e-06 1.71308e-07 0.599354 0.0191001 0.00118901 0.00516119 
0.107587 0.0595925 0.0157226 0.0375185 1.31263e-05 0.00613056 0.26001 0.201806 0.107349 0.204271 
0.101472 0.040021 0.0448715 0.00622243 0.0337965 0.00548676 0.493819 0.143464 0.0747255 0.0561217 
0.0429382 0.0744984 0.00279249 0.0116878 0.000624621 9.62474e-05 0.50578 0.23601 0.0415856 0.0839868 
0.0228349 0.105914 0.0276992 0.0162159 0.00147872 0.000164091 0.369565 0.258581 0.172683 0.0248639 
0.0186566 0.155189 0.0713306 0.00641405 0.00037876 0.00594509 0.40249 0.210032 0.0758767 0.0536868 
0.0203845 0.132553 0.0142201 0.0166365 0.000125627 1.57976e-05 0.355569 0.234906 0.221675 0.00391445 
0.00208178 0.0749486 0.00882343 0.075179 0.00694434 0.000474331 0.742035 0.0661695 0.0106354 0.0127082 
0.0441185 0.114401 0.0308632 0.00696759 0.000432923 0.133942 0.267204 0.225582 0.105811 0.070678 
0.00413074 0.0794017 0.00016548 0.00367315 4.72193e-07 7.9339e-05 0.639992 0.179023 0.0398265 0.0537075 
0.0510437 0.0845218 0.00324057 0.00134896 0.000754592 0.000223218 0.776205 0.0387872 0.00269329 0.0411814 
0.0222803 0.0650672 0.0737976 0.0228597 0.000327696 3.19719e-06 0.725632 0.0425541 0.0123217 0.0351567 
4.16238e-06 0.00905179 9.22739e-07 3.74557e-06 0.00392714 0.000337598 0.877922 0.0490864 0.0545064 0.00516001 
0.0218095 0.0328991 0.0748607 0.0416572 0.00586372 0.0171797 0.330402 0.163096 0.0301412 0.282091 
0.0374477 0.119208 0.00852595 0.0207977 0.000114098 0.000435011 0.548997 0.147 0.0820087 0.0354656 
0.0653312 0.0582119 0.00144952 0.0390592 0.00744079 0.000267319 0.610351 0.123207 0.0704213 0.0242611 
0.0104273 0.0242817 0.0254506 0.0103122 2.70182e-05 0.00510772 0.711315 0.0620625 0.105826 0.045189 
0.00988878 0.0952761 0.0323161 0.0104231 0.0033392 1.43475e-05 0.522231 0.283705 0.0354786 0.00732805 
0.0473513 0.0479666 0.0954896 0.0015187 0.0010739 0.0267427 0.478214 0.15982 0.0587593 0.0830639 
0.030063 0.0839598 0.00352249 0.00100558 0.000459132 0.000108173 0.598283 0.230182 0.0269706 0.0254464 
0.0473937 0.193117 0.00250486 0.0160448 0.0156636 0.000184154 0.40992 0.185515 0.0490716 0.0805857 
0.008716 0.0617345 0.16088 0.00398835 8.47094e-06 0.00422634 0.562149 0.101778 0.0523392 0.0441803 
0.0188618 0.262267 0.0367098 0.0147556 0.00160416 0.000131314 0.307642 0.262139 0.08738 0.00851008 
0.00480916 0.0042385 0.159851 0.00218208 0.00157095 0.0133559 0.585181 0.135765 0.0240195 0.0690276 
0.0341788 0.0467766 0.0051746 0.00965048 0.0221818 0.00208494 0.784979 0.058234 0.0139588 0.0227808 
0.0254952 0.0545303 0.00395983 0.00430747 1.31056e-05 6.06419e-07 0.540631 0.347931 0.0114094 0.0117223 
0.00499838 0.200429 0.00503618 0.0520388 0.00422983 8.43663e-05 0.498752 0.0954491 0.134811 0.00417107 
0.0160337 0.14954 0.134328 0.0511284 0.00582202 0.00600296 0.325526 0.161664 0.12037 0.0295853 
0.0165315 0.0391595 0.0355063 0.00442031 0.00085559 0.0299315 0.417751 0.287232 0.00935771 0.159254 
0.0231822 0.165771 0.00968868 0.0109635 8.00376e-07 0.00370432 0.337715 0.0732446 0.0771406 0.298589 
0.0503016 0.0758923 0.000886461 0.00218317 0.000378043 5.39396e-05 0.675968 0.10813 0.026302 0.0599043 
0.0175794 0.246132 0.0033379 0.00449955 1.53204e-05 2.48183e-05 0.431281 0.0891057 0.181686 0.0263381 
0.0827637 0.00790473 0.0483691 0.00529242 0.00157101 0.0227575 0.326679 0.177287 0.233221 0.0941554 
0.10159 0.0829251 0.0010683 0.0112941 0.000244441 2.30927e-05 0.413323 0.270836 0.0768956 0.0418 
0.0113067 0.0333316 0.00653859 0.0208194 1.93095e-06 0.0238423 0.684581 0.132931 0.00224499 0.0844027 
4.87467e-10 0.00420128 2.98463e-06 5.60645e-10 3.63869e-09 8.36663e-07 0.894157 0.0721387 0.0294954 3.48486e-06 
0.235228 0.10159 0.000994794 0.00207978 3.507e-05 0.0011345 0.456259 0.0507112 0.0978355 0.0541326 
0.0190957 0.000497684 0.000639409 0.000430675 0.000183041 2.14223e-05 0.528792 0.136233 0.313809 0.000297932 
0.00742451 0.0875743 0.00179121 0.0438255 0.000782903 0.000737216 0.686497 0.115655 0.0511513 0.00456116 
0.00205091 0.197306 4.34306e-06 0.177044 0.0246403 6.66678e-07 0.476766 0.0863874 0.0357953 4.79887e-06 
0.104806 0.0132087 0.046021 0.00591283 2.18667e-06 2.53985e-05 0.630071 0.0793734 0.0125112 0.108068 
0.0102106 0.171973 0.000184916 0.00472258 0.000406494 1.30305e-05 0.44427 0.0857103 0.0962063 0.186303 
0.00855273 0.0232386 0.0016455 0.0112793 0.00047529 0.000235049 0.759536 0.169607 0.0185033 0.00692663 
0.00219456 0.147775 0.000749368 0.0091603 1.12688e-06 0.000315508 0.504115 0.143861 0.0636139 0.128214 
0.0211591 0.0874123 0.00482851 0.0198942 9.93233e-05 0.00041479 0.787216 0.0430103 0.0290058 0.00695953 
0.0043404 0.0231003 0.00110717 0.0150563 0.0104731 0.000783809 0.79733 0.103985 0.0430174 0.000806483 
0.0314832 0.0109168 0.00414624 0.00139006 0.00097457 3.88965e-05 0.783994 0.027251 0.130838 0.00896743 
0.109206 0.183101 0.000149209 0.013042 3.93738e-07 0.000201112 0.567007 0.0622406 0.0479671 0.017086 
0.0122619 0.295706 0.0162903 0.119992 0.00052239 0.000151381 0.311014 0.184323 0.040668 0.019071 
0.0544963 0.056238 0.00088192 0.0162321 0.00328229 0.00135375 0.344623 0.343084 0.11386 0.0659491 
0.104436 0.163631 0.00151828 0.0329008 7.41651e-05 0.00032032 0.419365 0.0947634 0.174728 0.00826331 
0.0074536 0.0456727 0.00164116 0.000710234 8.87182e-07 2.58572e-05 0.885477 0.0413835 0.0160106 0.00162475 
0.0196603 0.05615 0.0053895 0.0323046 0.00059976 0.000185377 0.587791 0.20809 0.0754109 0.0144192 
0.0593251 0.190353 0.0133188 0.0543414 0.0240418 0.000238055 0.386031 0.149826 0.0635248 0.0589993 
0.0935373 0.165924 0.00113914 0.00147019 0.0109414 0.000503469 0.59396 0.0848204 0.0160194 0.0316844 
0.0101213 0.0663237 0.128319 0.0199548 0.000251032 0.0166953 0.510551 0.0701373 0.0400254 0.137622 
0.0126851 0.211121 0.000183153 0.0101246 0.00122026 5.02329e-05 0.36134 0.294534 0.106299 0.00244287 
0.00172798 0.0972865 0.00140234 0.0165762 0.00352246 0.000537819 0.723216 0.0857531 0.0411679 0.0288101 
0.0221704 0.119289 0.0823715 0.0223641 7.34764e-05 0.0162087 0.471827 0.0655864 0.0444333 0.155676 
0.00646994 0.156525 0.00343344 0.0843464 3.65956e-05 0.0049223 0.417643 0.104174 0.0644806 0.157969 
0.00527116 0.00423694 0.159452 0.00217781 0.00223112 0.015388 0.583741 0.132889 0.0226237 0.0719884 
0.0870715 0.0323231 0.0351048 0.0121483 0.000690182 0.0110218 0.282826 0.257102 0.0517638 0.229949 
0.0046314 0.112288 0.0528835 0.0305939 0.00892705 0.00346909 0.527405 0.218704 0.0269192 0.0141802 
0.0124933 0.200934 0.0296856 0.127965 0.000885029 0.00357302 0.337067 0.185633 0.0911606 0.010602 
0.0198014 0.0629344 0.00406974 0.00555296 0.000498975 1.85593e-05 0.7858 0.074024 0.0350854 0.0122148 
0.00760735 0.0210584 0.28471 0.0338805 0.00155991 0.0514402 0.448386 0.0689945 0.0244461 0.0579175 
0.0172769 0.0244417 0.0123282 0.0253958 0.000291653 5.47126e-05 0.599674 0.148993 0.160401 0.0111433 
0.214473 0.00513446 0.00816595 8.10912e-05 1.89562e-05 3.73251e-05 0.651211 0.0263068 0.0912772 0.00329462 
0.00547657 0.069424 1.58471e-06 0.000523589 0.00626883 0.000192995 0.496203 0.33647 0.0792194 0.00621983 
0.15048 0.0684338 0.0493964 0.0298436 0.00257637 0.00891389 0.231876 0.225562 0.0945086 0.138409 
0.0108817 0.0331412 0.00104164 0.017772 0.00294866 0.00017816 0.58232 0.221536 0.122238 0.00794296 
0.0508575 0.247896 0.000332426 0.00631276 0.000236811 7.652e-05 0.358823 0.215307 0.104386 0.0157713 
0.0102831 0.0480217 0.0085078 0.0480732 0.0001284 0.000103844 0.682831 0.155778 0.0422964 0.00397661 
0.038612 0.0536188 0.031401 0.00265578 0.000247421 0.00013561 0.611794 0.055598 0.0893197 0.116618 
0.088324 0.0222309 0.000364528 0.00193266 0.00153676 4.22425e-05 0.669596 0.127917 0.0797128 0.00834303 
0.0104737 0.0339573 0.00176284 0.0241218 0.00173018 0.000416287 0.482062 0.277696 0.0624505 0.105329 
0.00409422 0.0117201 0.00361449 0.00394019 0.0136576 0.00824592 0.872588 0.0626934 0.0129733 0.00647249 
0.050675 0.0585167 0.000177478 0.00541177 0.00348302 5.3758e-05 0.590725 0.223239 0.0569207 0.0107977 
0.163297 0.0363731 0.000724164 0.0393348 0.000220845 2.04992e-05 0.491357 0.146898 0.117787 0.00398667 
0.066564 0.0645994 0.00407171 0.0103453 0.0943511 0.00763489 0.357617 0.275442 0.0760483 0.0433261 
0.021681 0.0862068 0.0402045 0.0327347 4.77481e-05 0.0109662 0.394235 0.252061 0.0294791 0.132384 
0.0325326 0.257966 0.000575551 0.102913 0.000100645 6.14562e-06 0.370444 0.148965 0.0850249 0.00147159 
0.0231822 0.165771 0.00968868 0.0109635 8.00376e-07 0.00370432 0.337715 0.0732446 0.0771406 0.298589 
0.0150233 0.0399874 0.00234454 0.0314583 0.010118 0.000257504 0.617805 0.248168 0.0287891 0.00604975 
0.167726 0.00606571 0.00028278 0.000985463 0.00109993 5.81546e-05 0.445024 0.291607 0.0786647 0.0084872 
0.111505 0.0147774 0.117829 0.00243746 0.00403742 0.0105812 0.421932 0.136242 0.0369685 0.14369 
0.0450967 0.102971 0.0664971 0.0273504 0.00215764 0.00775284 0.434208 0.185783 0.0544131 0.0737709 
0.0137731 0.097365 0.00292458 0.0612555 0.000511324 0.000922724 0.585214 0.155508 0.0656885 0.0168375 
0.00480916 0.0042385 0.159851 0.00218208 0.00157095 0.0133559 0.585181 0.135765 0.0240195 0.0690276 
0.00812554 0.125456 0.000650527 0.0175437 3.81309e-06 0.00339717 0.469716 0.0181231 0.330461 0.0265223 
0.0235499 0.0246949 0.00417768 0.00994075 0.00223856 0.000466117 0.870172 0.0485595 0.00685747 0.00934267 
0.10733 0.147695 0.000227453 0.0292528 2.88376e-05 7.95491e-06 0.20801 0.207667 0.180561 0.119219 
0.00176549 0.101557 0.0365623 0.000460813 1.5318e-10 0.00104789 0.763118 0.0570789 0.0174881 0.020921 
0.0197201 0.0222453 0.0753772 0.00358156 0.00242589 0.0230525 0.736471 0.0714646 0.0150834 0.0305781 
0.0289835 0.0271364 0.00193105 0.0628643 0.103419 0.00199749 0.36244 0.141128 0.125961 0.144139 
0.0216426 0.0286594 0.000402457 0.0529489 0.000172008 5.30191e-05 0.591409 0.188581 0.105502 0.0106301 
0.00623815 0.0169634 0.00117298 0.00106582 0.000230191 5.96605e-05 0.633653 0.131554 0.207763 0.0012997 
0.0672314 0.0996978 0.00573861 0.0939577 0.0212136 0.000322981 0.355538 0.267193 0.057566 0.0315408 
0.105984 0.0239073 0.000359313 0.082091 0.022427 0.000805647 0.247765 0.211878 0.147217 0.157566 
0.0296692 0.0844817 0.0201285 0.00626528 1.028e-06 0.000394514 0.548441 0.146014 0.0983801 0.0662254 
0.0999198 0.036539 0.00304887 0.00578783 0.00120885 0.000398791 0.530262 0.275827 0.0431702 0.00383784 
0.024079 0.212765 0.000625064 0.0186586 4.81665e-05 9.87614e-05 0.356703 0.230021 0.123885 0.0331164 
0.00848281 0.0829897 0.0183928 0.000932109 0.00478593 0.000193706 0.678013 0.120933 0.0733042 0.0119729 
0.0543376 0.0186717 0.207313 0.00533264 0.0660211 0.0065826 0.40608 0.0967955 0.105047 0.0338189 
0.0192921 0.15277 0.012977 0.0519943 0.00123536 0.00037972 0.60962 0.091216 0.032204 0.0283123 
0.0649525 0.127667 0.00544746 0.0467888 0.0104617 0.000270417 0.518454 0.168998 0.0299306 0.027029 
0.00106359 0.0339574 0.0261926 0.00556269 3.34287e-08 0.00289192 0.760518 0.0911268 0.00771426 0.0709726 
0.018961 0.0957396 0.00574536 0.0404591 0.00231646 1.43371e-05 0.575136 0.199041 0.0588929 0.00369394 
0.0943764 0.0671069 0.00607589 0.0177772 0.00129865 5.81105e-05 0.56406 0.151883 0.0587452 0.0386189 
0.0309323 0.0237584 0.0551187 0.00544528 0.000285812 0.0181792 0.482436 0.147747 0.0369369 0.19916 
0.176226 0.0966398 0.0174026 0.00379198 0.00201576 0.00340837 0.444446 0.115527 0.0387727 0.10177 
0.00374841 0.103042 0.00477985 0.0197881 0.000503946 0.000128094 0.56573 0.194928 0.0781161 0.0292357 
1.85239e-05 0.168395 4.10637e-06 1.66689e-05 1.37565e-05 6.29229e-07 0.446668 0.144748 0.239677 0.000458363 
0.00117281 0.0975191 0.015792 0.0134083 0.000519869 0.000726041 0.681159 0.0959646 0.0620919 0.0316463 
0.0279636 0.0787893 0.00978005 0.0285552 0.0100423 0.00292847 0.478464 0.245149 0.103918 0.0144106 
0.00684768 0.132579 0.000358144 0.00593581 0.000474006 3.10437e-05 0.413903 0.362644 0.0749113 0.0023163 
0.0358456 0.033915 0.0242886 0.00108117 0.00161985 3.48017e-06 0.790218 0.0713189 0.03284 0.00886937 
0.0172597 0.0721662 0.000141685 0.0259165 0.000455937 8.79477e-05 0.36985 0.274643 0.224014 0.0154645 
0.0162644 0.0464434 0.0578594 0.0173975 6.81984e-05 0.000212272 0.713547 0.0940604 0.0315362 0.0226112 
0.000142219 0.125273 0.000113703 0.00827444 8.24674e-05 1.74499e-06 0.849749 0.0107633 0.00509976 0.000500461 
0.0162558 0.0185758 0.0241079 0.00272728 0.00209334 0.0105615 0.575584 0.258411 0.0539531 0.0377303 
0.0298954 0.155852 0.0278163 0.0663439 0.0113531 0.0013938 0.390243 0.149422 0.122992 0.0446886 
0.0108055 0.0455068 1.90837e-06 5.45131e-07 3.62919e-10 0.000774153 0.872892 0.0525616 0.00828886 0.00916907 
0.0232918 0.348743 0.00278847 0.0843189 0.00168363 0.0002236 0.423526 0.113171 0.00225389 8.51794e-08 
0.0458075 0.0457486 0.0363798 0.0552482 0.00034 5.12552e-05 0.460406 0.107577 0.207614 0.0408278 
0.108309 0.0852653 0.00151913 0.0311445 0.0100957 0.000444862 0.457042 0.165558 0.101194 0.039427 
0.0274041 0.0274201 0.00827356 0.00221824 7.46442e-05 4.90901e-06 0.757071 0.0542402 0.0952997 0.0279936 
0.0102831 0.0480217 0.0085078 0.0480732 0.0001284 0.000103844 0.682831 0.155778 0.0422964 0.00397661 
0.0416111 0.0739489 0.0472515 0.0284293 0.000227237 0.0147067 0.449401 0.0789222 0.00351552 0.261986 
0.0189478 0.0113119 0.0557054 0.016409 0.000884348 0.120852 0.411392 0.159433 0.0165038 0.188561 
0.00359505 0.00855018 0.000795178 0.00218979 6.78949e-05 3.96303e-05 0.426778 0.384328 0.163088 0.0105677 
0.132181 0.0473642 0.0422455 0.00282415 0.000122115 0.0031545 0.600694 0.0474937 0.0663065 0.0576142 
0.143451 0.208337 0.00605113 0.00982868 5.81248e-07 0.000261908 0.378134 0.127788 0.0849134 0.0412344 
0.00664822 0.0129919 0.000455324 0.00367824 8.66131e-06 1.17995e-05 0.839949 0.0767747 0.0227401 0.0367421 
0.033644 0.0418761 0.0596656 0.0287644 2.86661e-05 0.00630835 0.307366 0.286183 0.189971 0.046193 
0.0305581 0.102457 0.000603829 0.000586456 0.0319834 6.82343e-05 0.640143 0.0817593 0.0873793 0.0244619 
0.0236722 0.0356082 0.0200414 0.0149368 0.00705208 0.00197172 0.459762 0.250762 0.165599 0.020594 
0.036145 0.0474161 0.00128499 0.0148496 2.82738e-05 0.000253409 0.528839 0.331388 0.00369615 0.0360996 
0.036145 0.0474161 0.00128499 0.0148496 2.82738e-05 0.000253409 0.528839 0.331388 0.00369615 0.0360996 
0.0504754 0.0109945 0.00295656 0.0189966 0.001021 3.77763e-06 0.613811 0.224022 0.0756309 0.00208828 
0.0127977 0.114173 0.00125117 0.0412147 0.0603332 0.00188087 0.620615 0.093011 0.0363377 0.0183859 
0.0272457 0.0471833 0.00196105 0.0216947 0.000231451 2.08874e-05 0.814692 0.0760773 0.00717153 0.00372202 
0.0507837 0.0861452 0.0155434 0.0266727 0.00167003 0.000260859 0.450624 0.231512 0.0982326 0.0385559 
0.000740496 0.0523357 0.000546376 0.0931352 0.114038 0.000156075 0.54747 0.174946 0.0122071 0.00442541 
0.00961415 0.0306002 0.00383969 0.00120352 0.00322448 0.00183963 0.724405 0.159725 0.0181652 0.0473837 
0.0681772 0.189564 0.0165051 0.0438029 0.000699438 0.000896929 0.314934 0.171275 0.128358 0.0657871 
0.100604 0.0186002 0.000286377 0.0344819 0.0048909 0.000203425 0.436646 0.331819 0.0525693 0.0198983 
0.0102714 0.0463143 0.000892589 0.0138462 0.0178958 0.00276107 0.648898 0.18543 0.0531961 0.0204943 
0.355683 0.0179415 0.0714439 0.00802381 5.78368e-05 0.00363649 0.40172 0.0596232 0.0283287 0.0535417 
0.0316149 0.0910844 0.00290631 0.0156567 0.000100768 1.53031e-05 0.618939 0.13867 0.0293161 0.0716964 
0.0160669 0.185452 0.00942168 0.122077 5.72304e-05 0.000119829 0.254695 0.21527 0.192302 0.00453864 
0.0220855 0.0489112 0.0198349 0.014245 0.000956315 0.0178362 0.456524 0.159611 0.0362458 0.22375 
0.0529367 0.0616378 0.0047579 0.00421381 1.63998e-05 6.80157e-05 0.402849 0.116859 0.068585 0.288077 
0.0406836 0.0205302 0.00415629 0.0171229 0.00755975 0.00021068 0.434872 0.250424 0.200768 0.023673 
0.0056694 0.0234638 0.0338167 0.0102783 0.337432 0.0479067 0.391136 0.0949088 0.0256297 0.0297587 
0.00879058 0.0340931 0.0642466 0.0194825 7.76928e-05 0.272369 0.352337 0.14199 0.0597481 0.0468653 
0.00232445 0.0206166 0.000377806 0.00123159 0.188092 0.00376259 0.606067 0.163225 0.00564987 0.00865329 
0.049871 0.0698876 0.001284 0.0258873 1.05633e-06 0.000372454 0.485139 0.306466 0.047144 0.0139479 
0.00792012 0.100353 0.00295893 0.00264508 0.000119688 0.00309848 0.569716 0.105759 0.118442 0.0889876 
0.0140818 0.255443 0.0441944 0.0303851 7.86781e-05 0.00236529 0.265696 0.176126 0.0875635 0.124066 
3.80933e-05 0.271152 0.00204987 0.0831689 0.0056771 0.000297187 0.522693 0.0852674 0.0286809 0.000974921 
0.0377548 0.255394 0.0322602 0.0215723 0.000110232 0.0177396 0.468308 0.0667771 0.0604616 0.0396222 
0.00659885 0.0633388 0.0674998 0.0117742 0.0041131 0.00144569 0.61564 0.103106 0.0918262 0.0346573 
0.0577184 0.0937399 0.0123997 0.00297423 2.6131e-05 3.92963e-05 0.675838 0.0844407 0.0702246 0.00259865 
0.0222299 0.0510954 0.00200527 0.00881314 0.00472551 0.000529584 0.614365 0.209368 0.0672429 0.0196252 
0.0405935 0.218252 0.0617558 0.0864123 0.00198268 0.000104738 0.368852 0.120891 0.0557069 0.0454486 
0.0506285 0.083746 0.0105961 0.0316084 0.000702662 0.000986274 0.608561 0.13618 0.0255615 0.0514292 
0.000105262 0.137712 0.000538078 0.084049 0.0745583 0.000136005 0.596632 0.0915484 0.0108526 0.00386814 
0.0172268 0.266649 0.00606343 0.0359121 1.40805e-05 0.000331323 0.469174 0.152095 0.00934444 0.0431898 
0.00910048 0.0064111 0.0296386 0.00801271 0.00352227 0.0198449 0.707451 0.0563586 0.0269241 0.132736 
0.0497457 0.0914321 0.000359768 0.00638188 0.000220545 0.00779352 0.713891 0.0891463 0.00789625 0.0331328 
0.00832222 0.0495636 0.141807 0.0114162 0.000107004 0.0588904 0.433776 0.181987 0.0395425 0.0745875 
0.234294 0.173554 0.00444466 0.000217478 6.24854e-06 3.75247e-05 0.328566 0.099709 0.153163 0.00600857 
0.0221596 0.096388 0.00201555 0.0144814 0.00150302 7.77817e-05 0.510786 0.182968 0.160157 0.00946387 
0.0525252 0.0623637 0.00506587 0.00532276 0.000965234 0.00130359 0.582899 0.134087 0.056159 0.0993088 
0.0553853 0.0546215 0.00501271 0.00519004 0.00129931 0.00137998 0.592887 0.129646 0.0708884 0.083689 
0.0327863 0.0665334 0.000313077 0.0151177 0.0017625 5.13736e-05 0.724861 0.110962 0.0429953 0.0046169 
0.0605173 0.0718068 0.0630353 0.0214934 5.9858e-05 0.000476076 0.427263 0.227856 0.110461 0.0170315 
0.0777903 0.0846131 0.00238157 0.00595643 0.00109138 0.000105198 0.642784 0.130407 0.0469598 0.00791057 
0.00587377 0.0696055 0.000288867 0.00371987 0.000507019 0.000225365 0.691359 0.166421 0.0602974 0.00170264 
0.0173481 0.136385 0.000214779 0.00903901 0.00168791 1.22302e-05 0.50837 0.178803 0.14275 0.00539004 
0.0949651 0.0819787 0.0081304 0.0204071 0.000136733 8.68483e-05 0.495414 0.222408 0.0746629 0.0018104 
0.00945876 0.240794 0.0167892 0.0219159 0.000407856 0.000850683 0.326864 0.236341 0.114067 0.032512 
0.109494 0.273304 0.000445792 0.03341 0.000141707 8.50916e-05 0.443928 0.0531824 0.0806448 0.0053643 
0.0696905 0.0341485 0.0010994 0.00563344 0.00438962 0.000179975 0.386571 0.365645 0.0783502 0.0542921 
0.0185889 0.0342468 0.0184663 0.000287433 0.00029623 0.154473 0.235799 0.218119 0.127272 0.192451 
0.000193111 0.326072 7.0286e-05 0.00647661 0.0250479 0.000137528 0.440476 0.144688 0.0563423 0.000496513 
0.165441 0.103835 0.00230073 0.00725223 7.25778e-05 2.87508e-05 0.264873 0.221155 0.065918 0.169123 
0.0262797 0.0699358 0.00392101 0.00522877 0.000350908 3.33821e-05 0.727328 0.110636 0.0457594 0.0105273 
0.0797444 0.13644 0.0245419 0.00630423 0.0058621 0.00602967 0.210542 0.166612 0.158196 0.205728 
0.133584 0.0432821 0.0123261 0.00555141 0.00112668 0.00317516 0.462988 0.130449 0.102199 0.105319 
0.0057542 0.203732 0.00340354 0.0119417 0.00601371 0.00049122 0.454774 0.252313 0.0576986 0.0038772 
0.0217489 0.210012 0.0395603 0.0236641 5.4674e-05 0.00768124 0.31347 0.205666 0.089117 0.0890259 
0.0176776 0.0327506 0.012741 0.0208026 0.0339584 6.0038e-06 0.78525 0.0602623 0.0280146 0.00853684 
0.0361601 0.0977883 0.00462839 0.0232872 0.00178295 0.00176424 0.612406 0.130665 0.0407685 0.0507487 
0.0664386 0.0510722 0.00177215 0.00328934 0.000584264 4.36118e-05 0.472239 0.225266 0.149957 0.0293386 
0.0205846 0.0791731 0.0072695 0.00637602 0.000105069 0.00174075 0.569384 0.18155 0.125798 0.00801947 
0.0327021 0.134775 0.0806696 0.0388092 3.41346e-06 0.000231826 0.273325 0.239974 0.145242 0.0542679 
0.00409422 0.0117201 0.00361449 0.00394019 0.0136576 0.00824592 0.872588 0.0626934 0.0129733 0.00647249 
0.0411086 0.293761 0.0037839 0.0358648 0.000577245 0.000251763 0.316957 0.123757 0.16442 0.0195186 
0.033005 0.054904 0.00134483 0.0617824 0.00161151 0.000825237 0.471142 0.329172 0.0283006 0.0179119 
0.0757579 0.00710794 7.42511e-08 3.01391e-07 0.00374973 8.60221e-05 0.607475 0.286459 0.0189852 0.000378195 
0.019957 0.074041 0.0498305 0.0413896 0.0777753 0.020783 0.38419 0.238423 0.0758428 0.0177678 
0.0029298 0.0383938 3.48093e-05 4.91301e-06 0.00118437 0.00025283 0.927985 0.017406 0.00771951 0.00408859 
0.0271627 0.0200708 0.0211779 0.00627935 0.00421898 0.000540006 0.641151 0.119421 0.152801 0.00717809 
0.0307661 0.0937381 0.00257177 0.00995363 0.000618704 0.000544274 0.619629 0.144068 0.078861 0.0192496 
0.0251752 0.271171 0.00156256 0.00973773 0.00128872 5.5685e-05 0.610301 0.0353128 0.037369 0.00802584 
0.0436031 0.133361 0.00392941 0.0188535 2.02102e-08 8.51945e-07 0.628258 0.126916 0.00120717 0.0438709 
0.0127047 0.143733 0.0529967 0.08251 0.0287568 0.0177763 0.310221 0.14046 0.142565 0.0682754 
0.00423311 0.0245142 0.00098543 0.0209593 0.0147787 9.53716e-05 0.582452 0.254092 0.0966332 0.00125695 
0.00955698 0.0817294 0.0186901 0.00697526 0.287103 0.00041649 0.328446 0.130991 0.134127 0.00196439 
0.151332 0.105899 0.0358946 0.0180034 0.0157603 0.000191845 0.418781 0.132607 0.0862985 0.0352317 
0.0413901 0.0505005 0.0374124 0.014734 0.000222269 0.001219 0.43174 0.203358 0.215125 0.00429906 
0.0351912 0.0573424 0.032767 0.0531554 0.0100676 0.0104541 0.493153 0.174793 0.0365841 0.096492 
0.081509 0.0294666 0.0222851 0.00544839 0.00130581 0.0414223 0.543032 0.165148 0.0611333 0.0492496 
0.0155032 0.153349 0.00913978 0.00378799 0.000636822 5.17584e-05 0.42861 0.171017 0.0568346 0.16107 
0.0806949 0.0495455 3.06489e-05 0.0131577 0.000141549 0.000164373 0.568493 0.122402 0.165032 0.000337755 
0.00783418 0.0739161 0.140507 0.0357859 0.00110846 0.000752194 0.621168 0.0384979 0.0737368 0.00669319 
0.00260508 0.165282 0.000217188 0.124252 0.00183751 0.000561822 0.499671 0.180114 0.0183448 0.00711485 
0.0107745 0.027665 0.0010574 0.0190659 0.00871096 0.000337878 0.630499 0.183588 0.0570041 0.0612981 
0.00145199 0.106756 0.083334 0.00292564 2.4592e-06 3.54352e-05 0.710456 0.0896951 0.00223163 0.00311181 
0.156365 0.0735828 0.0017132 0.0015485 0.00235631 2.73678e-05 0.285717 0.209595 0.268566 0.000529183 
0.0191135 0.0852767 0.031908 0.0990537 0.00278698 0.000422791 0.406246 0.162187 0.169705 0.0233006 
0.0196128 0.158263 0.00149513 0.0372456 0.000958515 0.000135539 0.551383 0.139622 0.079454 0.0118293 
0.0208196 0.260792 0.0147594 0.0109705 8.35636e-05 4.61771e-05 0.340894 0.243584 0.105459 0.00259132 
0.024227 0.180843 0.00138376 0.0308988 0.0352644 0.000210159 0.48422 0.0977371 0.0663297 0.0788858 
0.0142233 0.199635 0.0149452 0.0335904 0.000458827 0.000149309 0.47315 0.141065 0.107146 0.0156364 
0.024858 0.105888 0.00112035 0.00530817 0.00191796 0.00022891 0.674251 0.11705 0.0602419 0.00913628 
0.027934 0.109308 0.00826701 0.0369965 0.00261234 0.00304332 0.602426 0.135958 0.0348094 0.0386461 
0.0395004 0.0713751 0.00451118 0.00486967 1.2516e-05 0.000412174 0.573485 0.236317 0.0212803 0.0482361 
0.0266821 0.0378586 0.00205358 0.0224776 0.000119982 4.38824e-05 0.800752 0.038959 0.0491097 0.0219438 
0.0650968 0.131923 0.000904319 0.0139689 0.0363886 0.000211604 0.543428 0.123453 0.0180108 0.0666152 
0.0341249 0.0807907 0.0840927 0.0226152 0.000406296 0.000250812 0.474902 0.13421 0.136835 0.0317727 
0.021151 0.0775237 0.101544 0.051671 0.0077299 0.00870563 0.337006 0.129341 0.0693039 0.196024 
0.0152546 0.0208803 0.238183 0.00377098 4.68364e-05 0.0104899 0.33309 0.112304 0.0389994 0.226981 
0.0043109 0.405722 0.000879145 0.00409334 0.000290014 3.73177e-05 0.491407 0.0533252 0.0278722 0.0120626 
0.00703141 0.306331 0.00867741 0.0638011 0.00466122 0.000163928 0.341779 0.205851 0.0489363 0.0127675 
0.0379957 0.150752 0.00851947 0.009368 0.0267261 0.000180552 0.625529 0.0609145 0.0450703 0.0349446 
0.0272902 0.0728426 0.0225137 0.00974475 8.43833e-07 0.000348308 0.571796 0.205571 0.0670576 0.0228356 
0.0114253 0.0370878 0.00157023 0.00554416 0.00111901 0.000200169 0.801155 0.116833 0.013137 0.0119289 
0.0207761 0.0470763 0.00388397 0.00261358 0.000713876 4.17213e-05 0.596253 0.298316 0.00994076 0.0203842 
0.0073391 0.143578 0.031897 0.0137267 0.00635703 0.00107141 0.587821 0.161181 0.0273142 0.0197142 
0.0127387 0.239157 0.0078974 0.0260249 0.00118736 0.000128192 0.477825 0.19377 0.022401 0.0188694 
0.04643 0.0432785 0.0102335 0.0195108 0.0190001 0.0029149 0.380215 0.288964 0.169249 0.0202042 
0.00592573 0.164676 0.0168139 0.0588256 9.01108e-05 0.000241742 0.509701 0.179211 0.0615052 0.00300972 
0.0816794 0.00260925 0.081134 0.059753 0.000121537 0.0109084 0.339069 0.0760325 0.220912 0.127781 
0.0152675 0.0379166 0.000693632 0.0031447 0.000488127 0.000454784 0.555535 0.299891 0.0401481 0.0464606 
0.0119737 0.0759946 0.0592977 0.00327044 0.000767537 0.00384549 0.605264 0.123948 0.0216302 0.0940084 
0.00590581 0.0205603 0.00176561 0.0241952 0.000322514 0.000179664 0.792708 0.143649 0.00799538 0.00271828 
0.00763867 0.0218571 0.000219332 0.0237081 0.00174947 0.00138472 0.826236 0.0852329 0.0276912 0.00428208 
0.0185543 0.0449386 0.0128079 6.16551e-05 0.000566417 6.29567e-05 0.86466 0.0380138 0.00649149 0.0138424 
0.0352832 0.0671312 0.00481898 0.0361608 0.0279136 0.000171237 0.573217 0.197998 0.0436421 0.0136635 
0.14017 0.0677271 0.00179999 0.000439913 1.44143e-05 5.06906e-05 0.462494 0.165175 0.0642404 0.0978882 
0.0339159 0.131521 0.0252396 0.0270931 0.00414184 0.000224811 0.644841 0.0889851 0.0316425 0.0123959 
0.036145 0.0474161 0.00128499 0.0148496 2.82738e-05 0.000253409 0.528839 0.331388 0.00369615 0.0360996 
0.0294286 0.0383322 0.0164375 0.0245085 0.00154703 3.1486e-05 0.748171 0.0956451 0.032024 0.0138748 
0.008716 0.0617345 0.16088 0.00398835 8.47094e-06 0.00422634 0.562149 0.101778 0.0523392 0.0441803 
0.00619323 0.0202182 0.0904395 0.0431364 0.000462267 0.0513762 0.736132 0.0139129 0.00797021 0.0301593 
0.0216768 0.0112562 0.030926 0.00147695 0.00195333 0.0246107 0.595373 0.192399 0.0714293 0.0488995 
0.000525375 0.181156 0.011107 0.0551645 0.000752078 0.000127389 0.611164 0.115111 0.00322472 0.0216679 
0.0129665 0.158359 0.00948511 0.0056243 1.51267e-05 3.31231e-05 0.479851 0.130548 0.187089 0.0160286 
0.125414 0.0336622 0.0299387 0.021732 0.000679714 0.00801691 0.595696 0.131573 0.0364421 0.0168452 
0.0968512 0.100167 0.0061911 0.00138321 0.0741901 0.00028636 0.472647 0.126826 0.048156 0.0733018 
0.00972173 0.0282241 0.0799154 0.0247962 0.0018297 0.0928565 0.653781 0.043526 0.0252662 0.0400832 
0.000216582 0.33902 0.00022783 0.156873 0.0024288 0.000142959 0.435176 0.0439199 0.0219942 1.95231e-09 
0.008716 0.0617345 0.16088 0.00398835 8.47094e-06 0.00422634 0.562149 0.101778 0.0523392 0.0441803 
0.0159406 0.153106 0.146439 0.0206792 0.00015726 0.00555142 0.405398 0.101146 0.0584503 0.0931329 
0.0288837 0.280847 0.00251733 0.000504283 7.73635e-05 2.58192e-05 0.497412 0.0690671 0.0193256 0.101339 
0.0419183 0.0438972 0.00837152 0.040316 0.0140354 0.000192167 0.425413 0.226631 0.187308 0.0119174 
0.043126 0.103693 0.00305666 3.18068e-06 0.00394004 0.000924629 0.431721 0.114476 0.286415 0.012644 
0.0770674 0.0279139 0.071397 0.00456499 0.00236815 0.0120343 0.526777 0.0945788 0.0510714 0.132227 
0.184297 0.0305877 0.0167397 0.00444432 0.120303 0.00276071 0.293112 0.192249 0.072027 0.0834794 
0.0470789 0.057652 0.117642 0.0270398 0.0143174 0.0618057 0.344861 0.199733 0.0468168 0.083053 
0.00792206 0.137028 0.00497152 0.119651 0.000952602 0.000583986 0.345862 0.314509 0.0257191 0.0428016 
0.017217 0.0201139 0.0337576 0.00422967 0.123845 0.000967446 0.750774 0.0369836 0.0106799 0.00143198 
0.0283008 0.0938738 0.0708014 0.0093939 0.000310023 0.0130251 0.394808 0.147931 0.0498416 0.191714 
0.108379 0.225434 0.00300065 0.0277403 0.00061767 9.758e-05 0.421859 0.104657 0.0682301 0.0399854 
0.237498 0.0772628 0.0706079 0.00127245 3.28202e-05 0.049129 0.299317 0.160676 0.0241336 0.080071 
0.102316 0.00819126 0.0058805 0.00164687 2.02793e-05 4.98862e-05 0.333419 0.129214 0.26221 0.157053 
0.0461423 0.129496 0.0010139 0.00164641 4.09113e-05 0.000300948 0.572813 0.167999 0.0701529 0.0103954 
0.0236881 0.121154 0.00325087 0.0149526 0.0067433 0.000284087 0.62662 0.143884 0.0369225 0.0225004 
0.0282249 0.0595514 0.00086192 0.00421253 0.000201058 0.000229617 0.592584 0.195317 0.112087 0.00673077 
0.0453574 0.084239 0.192181 0.100679 8.75829e-05 0.0797411 0.239195 0.107347 0.0634856 0.0876869 
0.0493166 0.0665107 0.0183167 0.0433315 0.00171021 0.00590879 0.323227 0.310194 0.0475787 0.133907 
0.0122359 0.0551142 0.0496584 0.029053 0.00372555 0.00540689 0.363257 0.346931 0.0947251 0.0398932 
0.105959 0.184272 0.00367905 0.00453691 1.56213e-06 0.00270431 0.458263 0.119139 0.0857805 0.035665 
0.0173923 0.0665417 0.00448248 0.015062 4.11218e-05 6.95862e-05 0.775473 0.0983976 0.0193215 0.00321843 
0.0102831 0.0480217 0.0085078 0.0480732 0.0001284 0.000103844 0.682831 0.155778 0.0422964 0.00397661 
0.0158011 0.0435691 0.0606079 0.0821144 0.00101555 0.0126407 0.569616 0.137573 0.0368035 0.0402594 
0.0535144 0.00831006 0.21394 0.0707774 6.01436e-05 0.127478 0.408288 0.0369824 0.0169286 0.0637205 
