0.0158215 0.0193094 0.0444964 0.00180805 0.0606641 0.0964595 0.00185889 0.64149 0.117647 0.000445167 
0.0386333 0.0842824 0.141437 0.0347977 0.0420334 0.0650622 0.00744651 0.476119 0.109982 0.000206654 
0.0193371 0.0734086 0.0435513 0.00806475 0.0207866 0.219626 0.000435416 0.432944 0.179895 0.0019515 
0.00376189 0.0180095 0.0184794 0.000282433 0.0775082 0.0645895 0.000130456 0.803395 0.013782 6.18417e-05 
0.0620152 0.231215 0.0812696 0.00572959 0.0491372 0.0670257 0.00116336 0.344532 0.149061 0.0088511 
0.0238986 0.0588451 0.0564605 0.00468417 0.0439696 0.144909 0.000538823 0.61065 0.054698 0.00134573 
0.0359953 0.101842 0.0954953 0.000112866 0.0160516 0.0228136 0.000409348 0.589718 0.137363 0.000199384 
0.124844 0.0552677 0.0405605 0.0054029 0.0234364 0.0701804 0.0024261 0.34094 0.326687 0.0102543 
0.0274794 0.0293718 0.0662427 0.00725281 0.0267098 0.244785 0.00144809 0.437246 0.150911 0.00855317 
0.07231 0.29054 0.0683789 0.000122527 0.0202363 0.0701256 0.000835786 0.385199 0.0922368 1.53587e-05 
0.010433 0.0512656 0.0457905 0.0108514 0.0415045 0.256478 0.00381642 0.477476 0.0964155 0.00596917 
0.00980351 0.0206641 0.0370363 0.00689737 0.0173603 0.171255 0.00138134 0.573955 0.157005 0.00464102 
0.119305 0.137422 0.0302684 0.0106167 0.0205853 0.103702 0.00110814 0.391394 0.180185 0.00541418 
0.00152612 0.157983 0.0435581 0.00537977 0.00554188 0.147814 3.7944e-09 0.407725 0.230473 4.56641e-09 
0.100058 0.126853 0.0300406 0.0134166 0.0809848 0.195094 0.00156681 0.316079 0.119484 0.0164231 
0.134662 0.0659265 0.0467382 0.00158729 0.02842 0.0695039 0.000948903 0.52443 0.124625 0.00315926 
0.152654 0.124926 0.0160199 0.00304637 0.0339047 0.121553 0.00603491 0.270768 0.24249 0.0286037 
0.0591129 0.118894 0.0497748 0.0129422 0.0406339 0.102791 0.00160037 0.460149 0.135893 0.0182085 
0.0481661 0.0334083 0.0261166 0.000831463 0.0450696 0.0661979 0.00158836 0.677997 0.100355 0.000270028 
0.0198985 0.348564 0.0310172 0.00234796 0.0411153 0.111218 0.0016315 0.370235 0.0681857 0.00578759 
0.0461078 0.0975753 0.185897 0.0117707 0.0695302 0.159964 0.00200953 0.335164 0.0736419 0.0183398 
0.0933711 0.0432656 0.0327852 0.0320183 0.0141578 0.187605 0.00104215 0.43804 0.156273 0.00144184 
0.101675 0.0831875 0.038942 0.0104747 0.0116849 0.303476 0.00126747 0.378437 0.0644108 0.0064447 
0.0859 0.131439 0.0508449 0.00217216 0.0309043 0.148994 0.0016039 0.398782 0.116235 0.0331247 
0.0268938 0.040496 0.0421948 0.001297 0.0461404 0.104233 0.000445036 0.551688 0.186478 0.000133708 
0.0435498 0.0797542 0.0803144 0.00128999 0.0464534 0.172264 0.00295576 0.473211 0.0947562 0.00545136 
0.0323892 0.0346275 0.0585912 0.00775168 0.037032 0.139967 0.00437386 0.383194 0.292933 0.00914026 
0.0238986 0.0588451 0.0564605 0.00468417 0.0439696 0.144909 0.000538823 0.61065 0.054698 0.00134573 
0.063451 0.0215502 0.11639 0.00304073 0.0215476 0.0417872 0.000501581 0.561504 0.164893 0.00533465 
0.0583804 0.147327 0.037018 0.0043093 0.0486921 0.171787 0.0100641 0.287368 0.211949 0.0231051 
0.0374248 0.0376271 0.114537 0.00414529 0.0684061 0.135773 0.00133916 0.435963 0.161089 0.00369556 
0.255887 0.173346 0.0705087 0.0014589 0.0223717 0.0743739 0.000526999 0.261337 0.139414 0.00077609 
0.106085 0.0527166 0.130298 0.00434328 0.0687129 0.142442 0.000638072 0.413421 0.0788838 0.00245984 
0.0160164 0.00821801 0.0433651 0.0172232 0.0368829 0.248785 0.00129621 0.42682 0.20115 0.000243578 
0.00787105 0.0314937 0.0777401 0.00109983 0.0179537 0.171061 0.000790364 0.617142 0.0734361 0.00141231 
0.0153985 0.0130546 0.127507 8.70086e-05 0.0715861 0.319316 0.000441695 0.398275 0.0540052 0.000329732 
0.254739 0.129453 0.02313 0.00273073 0.0095743 0.0661063 0.00215666 0.425598 0.0802975 0.00621451 
0.207879 0.0689915 0.0410144 0.00104091 0.0072303 0.121834 0.000911115 0.373152 0.175788 0.00215917 
0.0361688 0.0474603 0.0988146 0.0195397 0.0433613 0.112112 0.00146698 0.581823 0.0465561 0.0126977 
0.0691962 0.156687 0.0332029 0.00298115 0.0151286 0.277255 0.000150248 0.419823 0.0255416 3.45382e-05 
0.106109 0.0778592 0.0715196 0.00519833 0.0606008 0.116852 0.000891873 0.477362 0.0806925 0.00291447 
0.122741 0.0567138 0.0789316 9.66368e-05 0.0638421 0.0205524 0.000302559 0.531244 0.0608415 0.0647351 
0.0329705 0.0208507 0.153945 0.000375183 0.0250947 0.140298 0.000142127 0.526988 0.0993072 2.88384e-05 
0.0239517 0.0259757 0.0503044 0.0129336 0.0350012 0.140857 0.00183972 0.604357 0.102044 0.00273615 
0.0194449 0.0167763 0.0312228 0.000815931 0.0583448 0.287391 0.00322219 0.517449 0.064755 0.000577803 
0.0100542 0.022098 0.253522 0.000637215 0.248562 0.106065 0.0124891 0.329525 0.016989 5.78373e-05 
0.0415654 0.105196 0.0295845 1.59418e-07 0.00127445 0.0282551 7.71095e-05 0.697223 0.0967558 6.85511e-05 
0.0793167 0.0382848 0.0283136 0.0114299 0.0466709 0.154846 0.00169687 0.444339 0.190701 0.0044011 
0.0174946 0.098253 0.0596792 0.00031653 0.0117321 0.00922395 0.00075962 0.775977 0.0263881 0.000176172 
0.0163553 0.010178 0.0523321 0.0012714 0.0491316 0.19955 0.000477669 0.542939 0.109807 0.0179571 
0.00629416 0.00212608 0.037274 0.014922 0.0124403 0.285086 0.000569943 0.602369 0.0388816 3.70804e-05 
0.0945078 0.135232 0.0891781 0.00551463 0.0247583 0.0933924 0.00143832 0.27961 0.268144 0.00822454 
0.0283091 0.0335481 0.0763017 0.00439756 0.0332169 0.119853 0.000990485 0.476129 0.223653 0.00360134 
0.210781 0.128374 0.0313935 0.00131697 0.0140551 0.192315 0.000238029 0.367134 0.0519049 0.00248671 
0.0144367 0.10819 0.082006 0.00394031 0.0389431 0.272052 0.00109112 0.333717 0.1297 0.0159229 
0.0264502 0.0405617 0.137756 0.000317355 0.042569 0.0355305 0.000622616 0.667132 0.0490505 9.42165e-06 
0.0427064 0.0621213 0.0610355 0.00162302 0.0328919 0.0537271 0.000898525 0.677222 0.0656398 0.00213463 
0.034185 0.0407451 0.0517125 0.00455709 0.0412026 0.195797 0.0018687 0.388813 0.237095 0.00402452 
0.0946355 0.149513 0.0283546 0.00129823 0.0329494 0.066377 0.00154722 0.396971 0.218726 0.00962775 
0.0660503 0.0765884 0.0576836 0.0035176 0.0328593 0.241353 0.000478699 0.418267 0.10254 0.00066244 
0.199281 0.0925772 0.0283121 0.00320018 0.026994 0.0771247 0.0184666 0.361923 0.165161 0.0269605 
0.0579661 0.0275479 0.0944519 0.0018745 0.035876 0.0460015 0.000791298 0.693394 0.0418843 0.000212931 
0.035843 0.0542127 0.078672 0.00385784 0.0307454 0.139148 0.000806944 0.403087 0.248093 0.00553387 
0.00476065 0.021062 0.0395738 0.00208394 0.0355927 0.324842 0.000404046 0.487022 0.084622 3.70292e-05 
0.249119 0.0790259 0.0630018 0.00664812 0.0180443 0.0908878 0.00185413 0.368344 0.108884 0.014191 
0.0343019 0.0232498 0.0603964 0.0083707 0.043959 0.212411 0.12431 0.382652 0.104459 0.00589003 
0.111438 0.036682 0.0549508 0.00251626 0.057006 0.0808495 0.000580758 0.489221 0.164502 0.00225336 
0.0839519 0.0193048 0.0515057 0.000711487 0.0318715 0.0962752 0.00169557 0.692832 0.0214767 0.00037484 
0.0702417 0.058006 0.0315702 0.00115785 0.0371269 0.0257109 0.000604007 0.488662 0.283858 0.00306326 
0.0408463 0.115093 0.0454307 8.99015e-05 0.0528902 0.0217157 0.000585954 0.701532 0.0215416 0.000274409 
0.0708411 0.124113 0.143804 1.21729e-05 0.0194789 0.0225437 0.00019042 0.51044 0.108561 1.57936e-05 
0.0147727 0.0218376 0.174238 0.00801224 0.010946 0.236704 0.00191272 0.326801 0.117764 0.0870109 
0.119351 0.118664 0.0334438 0.00257211 0.0298743 0.103972 0.000859359 0.501425 0.0883825 0.00145593 
0.0577869 0.0553109 0.0994631 0.000608654 0.0269301 0.0715179 0.000656645 0.541461 0.145627 0.000637553 
0.0319602 0.00616547 0.0980507 0.000236648 0.048965 0.0199529 0.00591123 0.515483 0.272498 0.000777036 
0.0199946 0.0128651 0.100942 0.00172028 0.0130079 0.0443585 0.00090205 0.600051 0.206146 1.24702e-05 
0.0351291 0.117896 0.0653322 0.000942936 0.03482 0.141675 0.00054925 0.46168 0.141418 0.000557344 
0.0672394 0.091466 0.0497232 0.00995772 0.027798 0.0820207 0.00152053 0.54819 0.119716 0.00236758 
0.0318179 0.0361075 0.0630019 0.00872384 0.0283915 0.143061 0.00138084 0.337231 0.32969 0.0205941 
0.0842009 0.184573 0.0866716 5.43391e-05 0.0662837 0.079334 0.00301222 0.414886 0.079232 0.00175271 
0.0129799 0.0656845 0.0550136 0.000370419 0.0238078 0.13138 0.000674464 0.651628 0.0584363 2.43916e-05 
0.0220196 0.0744015 0.0560224 0.00540369 0.0318257 0.238434 0.00262051 0.436625 0.111341 0.0213071 
0.0399739 0.0450409 0.0615583 0.0047816 0.0510051 0.116961 0.000728561 0.584562 0.0868744 0.00851402 
0.0812059 0.0196781 0.0548618 0.00137717 0.0369628 0.193996 0.00475108 0.416225 0.187819 0.00312276 
0.0799894 0.0416925 0.0973559 0.00542826 0.0547347 0.0644305 0.00150718 0.582543 0.0719527 0.000365792 
0.0178039 0.257581 0.0836843 0.00253056 0.0250649 0.104865 0.000397267 0.464372 0.042972 0.000728102 
0.0214154 0.0605524 0.00695972 0.000516583 0.00807523 0.024498 0.000757974 0.712915 0.163874 0.000435967 
0.0265387 0.0399864 0.00454064 0.00760059 0.00926641 0.123025 0.00175647 0.61076 0.169432 0.00709374 
0.179357 0.060968 0.06535 3.57709e-05 0.0122707 0.196094 0.108627 0.198287 0.178998 1.215e-05 
0.00787488 0.0236554 0.0319178 0.00902387 0.0226238 0.245445 0.00187611 0.614995 0.0400767 0.00251096 
0.0727022 0.059576 0.0585082 0.00404794 0.0437353 0.177492 0.00136958 0.492021 0.0858147 0.00473303 
0.0697897 0.388295 0.0378933 0.000640285 0.0239545 0.0295195 0.00273584 0.416812 0.0300532 0.000306926 
0.0329208 0.147696 0.0453925 0.00712632 0.0388357 0.0920161 0.00205823 0.470359 0.143843 0.0197513 
0.0329705 0.0208507 0.153945 0.000375183 0.0250947 0.140298 0.000142127 0.526988 0.0993072 2.88384e-05 
0.0197114 0.00617212 0.0550937 0.0214326 0.00884958 0.344084 0.00124314 0.364129 0.178908 0.000376165 
0.00907276 0.0404238 0.108006 0.00133599 0.013678 0.13649 0.000579071 0.611471 0.0789255 1.73525e-05 
0.0157032 0.0299793 0.10249 0.00030811 0.0360159 0.0469618 0.000384244 0.711542 0.0566071 8.04201e-06 
0.010632 0.0256852 0.0728186 0.0106382 0.0172089 0.088975 0.0014408 0.577662 0.194408 0.000531313 
0.116632 0.158049 0.0271898 0.00043949 0.0160902 0.0807167 0.00111714 0.533941 0.0658014 2.34881e-05 
0.0483971 0.0449534 0.100043 0.0146949 0.0211134 0.182256 0.00139606 0.53594 0.0461611 0.0050455 
0.00669819 0.00847644 0.0423527 0.00447112 0.0119187 0.305112 0.000191156 0.428732 0.19153 0.000517553 
0.023094 0.014635 0.0649394 0.0034307 0.0607806 0.196648 0.000991078 0.518732 0.116424 0.000326043 
0.0567235 0.0861899 0.0549731 0.00830236 0.0416635 0.139856 0.0174703 0.40882 0.173182 0.0128186 
0.055442 0.0950386 0.0555654 0.00454831 0.0234901 0.180552 0.00194731 0.382247 0.196895 0.00427455 
0.0857582 0.125637 0.0572748 0.0042477 0.0384617 0.0915698 0.00370049 0.434139 0.140851 0.0183591 
0.169188 0.0334714 0.0544311 0.00667527 0.0533501 0.103876 0.00188354 0.50159 0.0729939 0.00254034 
0.0512327 0.107984 0.100561 0.00218083 0.0553615 0.197795 0.00196973 0.433446 0.0412703 0.00819927 
0.051999 0.0473452 0.0836813 0.00457005 0.029244 0.0561776 0.0170574 0.358866 0.32755 0.0235095 
0.0334371 0.016735 0.128235 0.0106071 0.0428538 0.154888 0.000396992 0.558269 0.0538717 0.000707102 
0.101367 0.204501 0.0166584 0.00303202 0.030153 0.0909131 0.00203331 0.274291 0.269013 0.0080386 
0.0389724 0.0567213 0.0187171 0.00388137 0.0230476 0.0616026 0.00154866 0.58606 0.194151 0.0152977 
0.0640804 0.061544 0.0646799 0.00787882 0.0384752 0.180818 0.00244429 0.287786 0.285854 0.00643941 
0.0583879 0.0474808 0.119206 0.0056144 0.0948093 0.139419 0.00333464 0.398172 0.123139 0.0104376 
0.084133 0.0544722 0.0512768 0.000432901 0.0251934 0.262301 0.00095329 0.425408 0.0936751 0.00215437 
0.0970655 0.0441675 0.0616296 0.00260823 0.0485553 0.063082 0.00115243 0.542423 0.137422 0.00189421 
0.312156 0.046228 0.0437582 0.00419356 0.0133568 0.0852927 0.000536384 0.399455 0.0892575 0.00576555 
0.140296 0.341679 0.018251 4.40801e-05 0.0425124 0.0310842 0.00533848 0.372026 0.0482849 0.000483802 
0.0777938 0.0746552 0.0136815 0.00206265 0.0569392 0.144832 0.0250795 0.341367 0.260695 0.0028936 
0.0209425 0.0361368 0.0342782 0.0043805 0.0407573 0.181574 0.000551646 0.560445 0.11989 0.00104419 
0.157043 0.13952 0.053752 0.00112835 0.0385674 0.209068 0.00132195 0.338057 0.0612197 0.000322785 
0.0174946 0.098253 0.0596792 0.00031653 0.0117321 0.00922395 0.00075962 0.775977 0.0263881 0.000176172 
0.0387366 0.0137941 0.104579 0.00215858 0.0283902 0.121832 0.000770019 0.599161 0.0903116 0.000267313 
0.0616914 0.0224053 0.0492793 0.00071539 0.0155347 0.0259248 0.00604413 0.593411 0.224614 0.000380312 
0.0190866 0.0536495 0.0679241 0.00221765 0.11371 0.215364 0.00103188 0.319399 0.204745 0.00287252 
0.0532806 0.150756 0.0383007 0.0209092 0.0197099 0.250132 0.000744824 0.293196 0.138193 0.0347769 
0.040419 0.0825276 0.0611584 0.0091699 0.0310299 0.0888889 0.00158131 0.584243 0.0967504 0.00423167 
0.030018 0.0243634 0.120316 0.00511912 0.0382049 0.12005 0.00104938 0.412763 0.241628 0.0064879 
0.027858 0.197978 0.0911779 0.00629149 0.100395 0.0537448 0.00111823 0.379895 0.132017 0.00952433 
0.0102494 0.0237346 0.0814083 0.00655794 0.105507 0.289716 0.000481744 0.332053 0.149892 0.00039943 
0.0686996 0.0809905 0.0720748 0.00244437 0.0468046 0.0760261 0.000952413 0.612368 0.036368 0.00327156 
0.00884938 0.0213181 0.0918563 0.0974292 0.112321 0.151306 0.000668388 0.386839 0.12617 0.00324259 
0.0106661 0.0497063 0.0328119 0.002204 0.0445174 0.1641 0.000455168 0.655429 0.0394939 0.000616022 
0.010792 0.0383364 0.0583986 0.00217223 0.199871 0.104856 0.000722046 0.492484 0.0880616 0.00430512 
0.191181 0.0972809 0.0233928 0.00593068 0.0314518 0.113797 0.00308115 0.30336 0.220343 0.0101815 
0.147593 0.152386 0.0388123 0.00257208 0.0718096 0.0521953 0.000986633 0.432977 0.0848483 0.0158209 
0.0411124 0.018107 0.0416605 0.00254455 0.0535384 0.213392 0.00131889 0.52915 0.0979795 0.00119685 
0.134637 0.267175 0.021335 0.000346534 0.0235247 0.096757 0.000716221 0.408051 0.04716 0.000297085 
0.020245 0.0446569 0.0134068 0.00278571 0.0297105 0.0918679 0.00106728 0.613189 0.176901 0.00616962 
0.348383 0.0170992 0.0105009 0.000821766 0.00390686 0.0609571 0.00514917 0.490013 0.0629117 0.000257311 
0.0693359 0.0516022 0.0496012 0.00896514 0.0216127 0.114948 0.000815782 0.572215 0.108177 0.00272728 
0.0989789 0.0336987 0.0574867 0.00738225 0.0391927 0.165578 0.00131261 0.299614 0.292725 0.00403084 
0.027299 0.208743 0.0906057 0.00466255 0.0915982 0.0520593 0.000530609 0.386776 0.13202 0.00570573 
0.0061811 0.0160068 0.0627273 0.0102721 0.0339556 0.316083 0.000433642 0.458016 0.0943776 0.00194647 
0.00622168 0.0121897 0.145508 0.000371507 0.0512814 0.0672093 0.000131227 0.656915 0.0574509 0.00272108 
0.049646 0.0842306 0.0503762 0.0216422 0.0245669 0.184467 0.0014116 0.468784 0.110356 0.00451987 
0.0497719 0.0736669 0.0210086 0.00424536 0.0233826 0.262224 0.00394441 0.375106 0.181612 0.00503794 
0.0317926 0.0344829 0.0856795 0.0501725 0.0277654 0.19791 0.00234193 0.497229 0.0691024 0.00352356 
0.176151 0.0579667 0.0351599 0.000305521 0.0376643 0.0213274 0.00185791 0.595672 0.073291 0.000604454 
0.102466 0.0822498 0.0971479 0.000732046 0.0342562 0.100168 0.00146071 0.460982 0.115729 0.00480948 
0.0390004 0.074145 0.179098 0.00106637 0.0401806 0.0909905 0.00197595 0.397949 0.169352 0.00624229 
0.149699 0.083764 0.0179132 0.000303309 0.0893929 0.109569 0.00108799 0.502312 0.045461 0.000497011 
0.0116875 0.0139392 0.0915219 0.000938417 0.0545241 0.315649 0.00210792 0.428548 0.0807098 0.00037376 
0.0174946 0.098253 0.0596792 0.00031653 0.0117321 0.00922395 0.00075962 0.775977 0.0263881 0.000176172 
0.0331288 0.0480848 0.0513829 0.00398793 0.0656417 0.206329 0.000721792 0.496999 0.0757335 0.0179901 
0.085554 0.0199261 0.0498832 0.000141404 0.0347425 0.198342 0.00112365 0.584331 0.0229704 0.00298566 
0.0298274 0.0307079 0.0424108 0.00191043 0.0164356 0.0229513 0.000307194 0.76259 0.0927947 6.45875e-05 
0.133977 0.0573774 0.0580132 0.00381203 0.0345234 0.125803 0.00114979 0.42395 0.151575 0.00981913 
0.0755395 0.0946891 0.0470055 0.00489668 0.0230527 0.121945 0.00125434 0.443091 0.182652 0.00587398 
0.0437172 0.0317419 0.0506528 0.00455922 0.0273523 0.292776 0.000828355 0.406779 0.141352 0.000240717 
0.0619025 0.128225 0.0554809 0.00423847 0.0266678 0.131413 0.00543391 0.422383 0.139343 0.0249118 
0.0700159 0.106867 0.111073 0.00147357 0.0185805 0.0650886 0.000421271 0.47231 0.143885 0.0102853 
0.0328252 0.0326952 0.0633251 0.00828895 0.037478 0.168123 0.00431813 0.333347 0.313626 0.00597393 
0.0418927 0.0561455 0.0281125 9.40873e-05 0.0365937 0.0149562 0.000624037 0.802833 0.0182893 0.000459148 
0.312133 0.0485536 0.0315019 0.000794088 0.0279628 0.0591363 0.00140961 0.39557 0.0600258 0.0629129 
0.0891918 0.127281 0.0538593 0.00193302 0.0572333 0.228882 0.00143397 0.398789 0.0413261 7.02787e-05 
0.0709366 0.0283769 0.0786927 0.0117516 0.0670491 0.141191 0.00043356 0.562937 0.0383382 0.000293409 
0.00611518 0.00739636 0.0181304 0.00303377 0.00916351 0.120496 0.00118716 0.596649 0.235099 0.00272933 
0.1617 0.0201361 0.094291 0.00140888 0.0678013 0.0337232 0.00153564 0.457704 0.135796 0.025905 
0.0465015 0.0269919 0.0247516 0.0319646 0.017667 0.177574 0.0010282 0.322234 0.3091 0.0421876 
0.0507023 0.0315734 0.0689084 0.00034465 0.0244855 0.0754327 0.00362163 0.662306 0.0821296 0.000495508 
0.0165494 0.00229595 0.158398 2.12077e-05 0.0513029 0.0775056 0.000488714 0.615965 0.0774313 4.21562e-05 
0.030018 0.0243634 0.120316 0.00511912 0.0382049 0.12005 0.00104938 0.412763 0.241628 0.0064879 
0.0532312 0.177732 0.117521 0.000263524 0.0371637 0.0221984 0.000107304 0.538827 0.04306 0.00989595 
0.0411051 0.0664305 0.0156545 0.00427705 0.0236011 0.145503 0.00124607 0.549193 0.143632 0.00935698 
0.132762 0.0231434 0.0373953 0.000480931 0.0446652 0.171864 0.00171883 0.307328 0.243829 0.0368135 
0.0962431 0.119412 0.0298764 0.0102365 0.0462183 0.0813612 0.00335927 0.4132 0.181977 0.0181163 
0.0493192 0.22878 0.0374327 0.000852398 0.0606942 0.095817 0.0705156 0.368018 0.0872646 0.00130597 
0.0508023 0.0448738 0.0464329 0.00129487 0.0114717 0.0892096 0.000875632 0.55186 0.200964 0.00221453 
0.0158766 0.113413 0.0229292 0.000351012 0.012907 0.0171677 0.000524258 0.780406 0.0355526 0.000872771 
0.0231431 0.0889844 0.0530492 0.00759533 0.0204981 0.20005 0.000786372 0.506733 0.0878866 0.0112738 
0.0524311 0.0469769 0.0505529 0.000833522 0.0410289 0.16029 0.000533113 0.561729 0.084205 0.00141937 
0.0422148 0.0788163 0.0134899 0.00384376 0.0313576 0.141135 0.000989353 0.540004 0.139629 0.00852014 
0.043466 0.0294383 0.0217152 0.00602604 0.0241657 0.0642268 0.255489 0.428743 0.114642 0.0120877 
0.129975 0.167889 0.0633769 0.00241338 0.0305812 0.0626141 0.00187768 0.405438 0.111521 0.0243136 
0.106576 0.166667 0.0339543 0.000253411 0.0111226 0.162775 0.130176 0.187232 0.142929 0.0583151 
0.0371822 0.101373 0.235757 0.00961735 0.00254516 0.158995 0.00611982 0.270027 0.160032 0.0183528 
0.120591 0.088038 0.0523917 0.00102582 0.0873973 0.0912862 0.00113725 0.362481 0.172218 0.0234344 
0.0265666 0.06634 0.0386917 0.000176553 0.0246521 0.0601259 0.000298113 0.756287 0.0264528 0.000409379 
0.0162316 0.0256214 0.139552 0.00347248 0.0729209 0.315582 0.00464909 0.339879 0.0749245 0.0071665 
0.0378305 0.0430443 0.121489 0.0165481 0.119568 0.178568 0.000962005 0.358674 0.120423 0.00289464 
0.0136553 0.012212 0.0767571 0.000961353 0.0679371 0.166926 0.000709504 0.562532 0.0980694 0.000240252 
0.175908 0.311959 0.00767786 9.03133e-06 0.011624 0.0614188 0.000284548 0.404031 0.0270546 3.35771e-05 
0.296723 0.0442941 0.0429265 0.00264313 0.0344556 0.0813804 0.00196389 0.351988 0.127883 0.0157417 
0.0615556 0.311812 0.0276558 0.00461708 0.0371303 0.0326492 0.000924712 0.49237 0.0293744 0.00191068 
0.0499817 0.0317566 0.0582102 0.0271881 0.0701802 0.296485 0.00827291 0.34766 0.105743 0.00452241 
0.0477336 0.0459238 0.0698671 0.00633838 0.0481412 0.198023 0.0018861 0.433723 0.138492 0.00987157 
0.0134139 0.0206449 0.06502 0.0864296 0.0153239 0.204285 0.00266309 0.53353 0.0537356 0.004954 
0.0741308 0.0981564 0.0761498 0.00439653 0.0404023 0.0943197 0.00408265 0.339266 0.25451 0.014586 
0.0143006 0.00984427 0.165901 2.85602e-06 0.0064939 0.327686 3.94146e-05 0.385484 0.090241 6.1642e-06 
0.0501529 0.149066 0.0509652 0.000186446 0.0664549 0.0303946 0.000666059 0.625336 0.0265047 0.000273223 
0.106192 0.0926441 0.0734709 0.00274996 0.0409214 0.125152 0.00272436 0.385195 0.159309 0.0116414 
0.0672126 0.0407641 0.038114 0.000111913 0.0227972 0.0867025 0.000572685 0.65974 0.0763928 0.00759222 
0.0315823 0.0128382 0.0698827 0.000749543 0.134334 0.0993915 0.0087236 0.526414 0.113434 0.0026493 
0.0209648 0.241078 0.0700111 0.0112457 0.0199888 0.140452 0.00112128 0.401665 0.0892593 0.00421376 
0.0238986 0.0588451 0.0564605 0.00468417 0.0439696 0.144909 0.000538823 0.61065 0.054698 0.00134573 
0.0893032 0.0490451 0.0707661 0.00275897 0.0390616 0.0761656 0.000721474 0.539359 0.130624 0.0021952 
0.0496921 0.10073 0.0308025 0.00372952 0.0239335 0.0966069 0.00140618 0.326864 0.317871 0.0483642 
0.077773 0.0323685 0.116145 3.74004e-05 0.0493247 0.026299 0.000580858 0.683402 0.0139916 7.82433e-05 
0.0160893 0.0382694 0.130303 0.00350063 0.076499 0.123389 0.00182004 0.516001 0.0741354 0.019993 
0.0328541 0.0655917 0.02748 0.000847721 0.112695 0.261605 0.000855911 0.322683 0.171095 0.00429254 
0.0206297 0.063351 0.0358672 0.0209255 0.0334716 0.227908 0.0105678 0.462204 0.0984491 0.0266258 
0.0504957 0.0233757 0.0455374 0.00663421 0.01896 0.164059 0.000900085 0.469037 0.212465 0.00853623 
0.010792 0.0383364 0.0583986 0.00217223 0.199871 0.104856 0.000722046 0.492484 0.0880616 0.00430512 
0.0551353 0.0532159 0.061299 0.00016498 0.0407671 0.0252856 0.000162835 0.719225 0.0447248 1.98499e-05 
0.0391118 0.099309 0.0688153 0.00738829 0.0574917 0.16936 0.000985609 0.416065 0.137858 0.00361534 
0.0515561 0.132533 0.119149 0.000578148 0.129405 0.0583037 8.29183e-05 0.438939 0.0660467 0.00340736 
0.191181 0.0972809 0.0233928 0.00593068 0.0314518 0.113797 0.00308115 0.30336 0.220343 0.0101815 
0.00918667 0.0106879 0.073144 0.000568805 0.0649277 0.159793 0.000325779 0.593406 0.0879272 3.35534e-05 
0.123116 0.0515889 0.0602109 0.00402019 0.0259401 0.0888395 0.0013378 0.435425 0.204749 0.00477326 
0.0159921 0.0511931 0.075502 0.00320792 0.0179713 0.341986 0.000959171 0.368027 0.112087 0.0130753 
0.0811935 0.0208972 0.0272968 0.00111124 0.0315625 0.0224255 0.00170226 0.714788 0.0982621 0.00076092 
0.161877 0.0494479 0.129566 0.0046168 0.056731 0.0563287 0.00113698 0.387448 0.142251 0.0105967 
0.0893065 0.0296568 0.109852 0.000939097 0.0882012 0.156882 0.00180649 0.465777 0.0567698 0.000808764 
0.106827 0.0683032 0.196985 0.00479446 0.0386876 0.113936 0.00105274 0.348162 0.0705401 0.0507121 
0.0268938 0.040496 0.0421948 0.001297 0.0461404 0.104233 0.000445036 0.551688 0.186478 0.000133708 
0.125569 0.0370025 0.0213784 0.000972885 0.00848197 0.0326283 0.00216902 0.639407 0.12877 0.00362097 
0.150121 0.0350699 0.133328 0.00145441 0.0543754 0.191258 0.000481873 0.365468 0.0603483 0.00809583 
0.00637361 0.00116959 0.0566639 0.00267306 0.027657 0.228345 0.000302542 0.478199 0.198252 0.000363853 
0.157701 0.120311 0.0909723 0.00452442 0.0725915 0.091293 0.00219371 0.271469 0.186306 0.00263901 
0.0165494 0.00229595 0.158398 2.12077e-05 0.0513029 0.0775056 0.000488714 0.615965 0.0774313 4.21562e-05 
0.0452524 0.0875554 0.175243 0.00118669 0.0305656 0.0619519 0.000201538 0.48709 0.110544 0.000409192 
0.0633453 0.062588 0.042162 0.010614 0.0259322 0.142539 0.00224755 0.395718 0.248049 0.00680554 
0.0819525 0.0657567 0.0361919 0.00882176 0.0127237 0.323036 0.0011518 0.392843 0.0708545 0.00666854 
0.0418927 0.0561455 0.0281125 9.40873e-05 0.0365937 0.0149562 0.000624037 0.802833 0.0182893 0.000459148 
0.0160503 0.0220562 0.206627 0.00192137 0.0663497 0.113584 0.00185445 0.427523 0.107475 0.0365587 
0.0408463 0.115093 0.0454307 8.99015e-05 0.0528902 0.0217157 0.000585954 0.701532 0.0215416 0.000274409 
0.0957018 0.0519125 0.047103 0.0102738 0.03085 0.1623 0.00125002 0.465818 0.128211 0.00657929 
0.217238 0.0266134 0.104792 3.25024e-05 0.0198015 0.0771642 0.00144161 0.380908 0.171995 1.30881e-05 
0.0573944 0.0597189 0.0650447 0.0468844 0.0358624 0.25714 0.00283572 0.296149 0.161445 0.0175259 
0.039505 0.0319768 0.213867 0.00095997 0.0314926 0.0769858 0.00046765 0.513124 0.0908229 0.00079822 
0.00998867 0.0156731 0.0416681 0.00963473 0.0173162 0.276727 0.000534635 0.577761 0.048835 0.00186087 
0.0107832 0.027585 0.0375912 0.0106529 0.0193013 0.245825 0.00215105 0.600852 0.0425474 0.00271016 
0.0885881 0.0778803 0.0859676 0.000780539 0.101784 0.0491442 0.000795951 0.552792 0.0419191 0.000347981 
0.0862569 0.012625 0.12437 0.0141913 0.0299738 0.0550608 0.00169071 0.644538 0.0290901 0.00220389 
0.0385462 0.109864 0.0587443 8.74156e-06 0.038274 0.0332987 0.000165825 0.695894 0.0251873 1.76208e-05 
0.0272366 0.0365157 0.0569482 0.00788401 0.0359372 0.33282 0.00166635 0.393581 0.0969977 0.0104129 
0.0126673 0.0282808 0.0458389 0.0146834 0.0468448 0.23396 0.00146277 0.406376 0.198784 0.0111023 
0.0266028 0.0263576 0.0396919 0.00545022 0.0383018 0.103095 0.000821523 0.671782 0.0871858 0.000711841 
0.0328173 0.0326323 0.0291044 1.56509e-05 0.0301966 0.0258238 0.00102553 0.704804 0.143578 2.6313e-06 
0.0467882 0.0561153 0.04316 0.000357774 0.0380387 0.0121245 0.00150741 0.626333 0.17509 0.00048486 
0.0148732 0.0462424 0.0341613 0.00608425 0.0335502 0.371844 0.000580334 0.405218 0.0871678 0.000278561 
0.027748 0.0240261 0.0727469 0.00263945 0.0248315 0.249114 0.00146827 0.43744 0.15949 0.00049639 
0.106576 0.166667 0.0339543 0.000253411 0.0111226 0.162775 0.130176 0.187232 0.142929 0.0583151 
0.0516652 0.0158352 0.0823049 0.0255205 0.0321899 0.145524 5.51946e-05 0.375573 0.271274 5.91376e-05 
0.049646 0.0842306 0.0503762 0.0216422 0.0245669 0.184467 0.0014116 0.468784 0.110356 0.00451987 
0.0320758 0.0232391 0.033602 0.00389708 0.0341615 0.100677 0.00727241 0.664052 0.100198 0.000824301 
0.0130283 0.0174529 0.1156 0.00608228 0.0279966 0.142838 0.00112285 0.472749 0.17264 0.0304914 
0.0546267 0.144533 0.0555854 0.00304426 0.0556734 0.171221 0.00396074 0.428368 0.0829164 7.14187e-05 
0.053108 0.00984688 0.214118 0.000538692 0.08375 0.101488 0.000268569 0.443914 0.0929493 1.90087e-05 
0.0238986 0.0588451 0.0564605 0.00468417 0.0439696 0.144909 0.000538823 0.61065 0.054698 0.00134573 
0.0381665 0.0456724 0.0328807 9.3592e-05 0.041699 0.176562 0.00119492 0.525217 0.138451 6.27168e-05 
0.0378959 0.0973319 0.0711749 0.000177856 0.0831217 0.0249455 0.000765401 0.673255 0.0109904 0.000341147 
0.0482915 0.0552205 0.0742454 0.00372861 0.0453034 0.166551 0.00123615 0.491345 0.11064 0.00343813 
0.0238986 0.0588451 0.0564605 0.00468417 0.0439696 0.144909 0.000538823 0.61065 0.054698 0.00134573 
0.0160879 0.0378264 0.0563692 0.0177654 0.101714 0.320976 0.000284491 0.338133 0.104118 0.00672588 
0.0681263 0.201994 0.0578715 0.00374027 0.0344864 0.145661 0.00454657 0.393971 0.0846711 0.0049312 
0.110464 0.180142 0.0546917 0.00387068 0.0258997 0.0519609 0.00113849 0.445721 0.107519 0.0185921 
0.106231 0.0409075 0.0623077 0.00362735 0.016229 0.310845 0.000756559 0.382104 0.0769435 4.7857e-05 
0.142017 0.0360062 0.130955 0.00149761 0.053982 0.194025 0.000477011 0.372407 0.0606342 0.00799943 
0.0233313 0.0286329 0.0481799 0.00378743 0.059436 0.145958 0.00188758 0.472713 0.212379 0.00369438 
0.0246586 0.0448544 0.0492482 0.00549598 0.0384066 0.141638 0.000524132 0.638734 0.0560182 0.000421931 
0.0141402 0.0285642 0.0369615 0.0038212 0.0703996 0.252062 0.00233328 0.401543 0.187318 0.0028582 
0.0184717 0.0569361 0.0283031 4.67912e-05 0.0394234 0.0625977 7.58644e-05 0.618145 0.17598 2.10279e-05 
0.0323801 0.0151857 0.122943 0.000763409 0.029842 0.340776 0.000847847 0.376051 0.0811741 3.66994e-05 
0.0525955 0.0109986 0.0439891 0.0213013 0.0585003 0.095562 0.000106407 0.704382 0.0122365 0.000328414 
0.0969567 0.0742224 0.0483261 0.00290765 0.0234374 0.138556 0.00160797 0.339263 0.268884 0.00583924 
0.0359857 0.261411 0.0860579 2.70069e-05 0.0223943 0.0168072 0.000502553 0.539307 0.033653 0.00385463 
0.0135966 0.00524397 0.0420004 0.00110927 0.0230435 0.310247 0.000379672 0.398497 0.204002 0.00188024 
0.0201294 0.0447289 0.0575941 0.028136 0.0401494 0.197598 0.00270316 0.453591 0.144913 0.0104571 
0.0361626 0.125171 0.0681739 0.00806647 0.033566 0.208569 0.00281953 0.347625 0.151342 0.0185042 
0.00724521 0.00319807 0.074657 0.0004641 0.0386901 0.088842 0.000474719 0.601963 0.184276 0.000189916 
0.0253653 0.0909857 0.0716218 0.0100833 0.0461961 0.0747731 0.00190051 0.534451 0.130071 0.0145518 
0.180889 0.0411316 0.0545054 0.0237415 0.0232328 0.166114 0.00335152 0.388227 0.109873 0.00893381 
0.0675902 0.052976 0.038358 0.0284786 0.0497492 0.178273 0.00397286 0.443968 0.130373 0.00626044 
0.18508 0.230385 0.020552 0.000515264 0.037551 0.0606391 0.000976567 0.39746 0.0660179 0.000823455 
0.0484758 0.1125 0.0243155 0.0171564 0.0145981 0.244831 0.000975814 0.455723 0.0780694 0.0033548 
0.00787105 0.0314937 0.0777401 0.00109983 0.0179537 0.171061 0.000790364 0.617142 0.0734361 0.00141231 
0.259859 0.0906716 0.0120624 0.000924865 0.0230817 0.0416498 0.0011481 0.287227 0.281318 0.00205726 
0.0559024 0.110575 0.0867731 0.0290987 0.0354938 0.245143 0.000997631 0.270988 0.156267 0.00876152 
0.0338463 0.0682495 0.026642 0.0220928 0.0252544 0.250347 0.00109564 0.436458 0.12721 0.00880363 
0.0418927 0.0561455 0.0281125 9.40873e-05 0.0365937 0.0149562 0.000624037 0.802833 0.0182893 0.000459148 
0.0885886 0.261909 0.0415678 0.00429123 0.0388853 0.0932769 0.00222259 0.28318 0.132259 0.0538184 
0.0112972 0.0531407 0.0517972 0.00658028 0.137463 0.100806 0.00141364 0.514014 0.106496 0.0169916 
0.0416501 0.391436 0.0263795 0.000635704 0.0219381 0.0457907 0.00162998 0.431743 0.0383416 0.000454948 
0.108247 0.135065 0.036634 0.000156077 0.034113 0.0306834 0.00048642 0.62618 0.0281258 0.000309375 
0.0437456 0.0371643 0.158045 0.0103826 0.0700999 0.279179 0.00417638 0.312079 0.0839546 0.00117364 
0.0550408 0.0921245 0.0888767 0.00217048 0.0296818 0.187982 0.0015113 0.459054 0.0820455 0.00151325 
0.0500805 0.0712726 0.0630149 0.00875883 0.0400651 0.153097 0.00315063 0.574832 0.0315158 0.00421186 
0.0986588 0.0355179 0.0916606 0.00285534 0.0314111 0.138218 0.0183533 0.400861 0.170121 0.0123434 
0.0615556 0.311812 0.0276558 0.00461708 0.0371303 0.0326492 0.000924712 0.49237 0.0293744 0.00191068 
0.0210635 0.105021 0.0161574 0.00126385 0.0119932 0.265383 0.0103586 0.425564 0.142996 0.000200124 
0.0607577 0.311138 0.0377806 2.37769e-06 0.00900029 0.0415011 0.0010516 0.410846 0.12785 7.27189e-05 
0.0227207 0.158872 0.193848 0.00274779 0.088261 0.198658 0.000390926 0.234052 0.099443 0.00100681 
0.0267593 0.0503087 0.194189 0.00253686 0.0826066 0.115718 0.00111334 0.308305 0.212748 0.0057153 
0.0430145 0.0367742 0.0586324 0.00327449 0.0410866 0.283701 0.000526521 0.38427 0.146918 0.00180175 
0.193668 0.0633001 0.0850692 0.000433174 0.126758 0.078109 0.00456748 0.400304 0.0447832 0.00300803 
0.0175183 0.00522326 0.0960247 0.00118048 0.0324297 0.305423 0.000348509 0.497976 0.043831 4.50934e-05 
0.0269864 0.0733222 0.087986 0.000155424 0.101342 0.0143049 0.000510596 0.683124 0.0120599 0.000208006 
0.0559581 0.282744 0.033507 9.67398e-05 0.0372657 0.0305957 0.00194297 0.514555 0.0430412 0.000293727 
0.0841602 0.0622019 0.0740223 0.00331475 0.104981 0.0761661 0.00410638 0.441758 0.143312 0.00597767 
0.0358877 0.0620762 0.0654202 0.00146075 0.021144 0.145227 0.000466723 0.486378 0.177929 0.0040103 
0.0166704 0.0864925 0.0371522 0.00454382 0.0283817 0.212903 0.00348873 0.470964 0.127247 0.0121561 
0.0306145 0.0258042 0.0798187 0.00347156 0.042992 0.139432 0.0010575 0.524537 0.152013 0.000259639 
0.0278759 0.0103547 0.0649531 0.00104388 0.0546498 0.186739 0.00378738 0.576753 0.0737061 0.000137458 
0.0088548 0.0095072 0.111995 0.000529702 0.0280906 0.0543301 8.18453e-05 0.411429 0.372495 0.00268698 
0.00990994 0.00809222 0.0450354 0.008143 0.0955067 0.24192 0.00118064 0.499507 0.0898461 0.000858827 
0.294238 0.0722868 0.0310729 0.00138014 0.0614402 0.104653 0.00169717 0.318615 0.1113 0.00331641 
0.0615497 0.0434583 0.0792778 0.00282943 0.0349954 0.254552 0.000885095 0.450509 0.0717198 0.000222776 
0.0177993 0.0855206 0.1067 0.00490769 0.0375787 0.212888 0.0026573 0.470913 0.0606373 0.000398069 
0.0795531 0.0428232 0.0521819 0.00163666 0.00860104 0.328387 0.00193668 0.335514 0.144659 0.00470678 
0.0444852 0.146472 0.0103557 0.00476106 0.0276487 0.0354123 0.0024607 0.484879 0.179758 0.0637674 
0.0525955 0.0109986 0.0439891 0.0213013 0.0585003 0.095562 0.000106407 0.704382 0.0122365 0.000328414 
0.0103341 0.0715765 0.0589482 0.000782171 0.0613079 0.186461 0.00156662 0.564934 0.0365637 0.00752585 
0.0408463 0.115093 0.0454307 8.99015e-05 0.0528902 0.0217157 0.000585954 0.701532 0.0215416 0.000274409 
0.168128 0.0497877 0.0765469 0.00432105 0.0268539 0.0778787 0.00057906 0.374466 0.214625 0.00681317 
0.029847 0.076924 0.108974 7.78743e-06 0.0408271 0.0148947 0.000171822 0.716546 0.0117955 1.19369e-05 
0.0408453 0.0753642 0.115368 0.000123874 0.0690173 0.0266394 0.0012991 0.641575 0.0293435 0.000424433 
0.126119 0.0371748 0.0961491 0.014805 0.0332609 0.150362 0.00134622 0.388167 0.149677 0.00293908 
0.0939188 0.202938 0.0154597 0.00243796 0.0187456 0.129855 0.00185028 0.33775 0.120731 0.0763126 
0.0107455 0.0132776 0.0442725 0.00289344 0.0552438 0.156829 0.000595455 0.633461 0.0822973 0.000384596 
0.0408306 0.0944992 0.0461725 0.00898661 0.0435696 0.0930073 0.00518984 0.548688 0.105204 0.0138518 
0.0197443 0.0117061 0.174719 0.0128998 0.169449 0.164197 0.00589422 0.327729 0.110627 0.00303455 
0.133812 0.122036 0.0459762 0.000276531 0.0248182 0.0587189 0.000240701 0.57234 0.0401034 0.00167863 
0.0572289 0.0280744 0.0771884 0.00336022 0.0771085 0.309071 0.00113318 0.366766 0.0786823 0.00138642 
0.127165 0.0835866 0.0176072 0.00325647 0.0149186 0.133952 0.0011734 0.527107 0.0864872 0.00474637 
0.0329236 0.0317291 0.0164115 0.002804 0.00977307 0.0245767 0.00167957 0.517921 0.355589 0.00659239 
0.0223642 0.0540593 0.0421138 0.0506097 0.0180732 0.137322 0.00232404 0.548246 0.102144 0.0227438 
0.0578728 0.126359 0.0305742 0.00346939 0.0108722 0.140253 0.0126146 0.54837 0.0673623 0.00225259 
0.0981056 0.0546333 0.0714378 0.00184002 0.0370808 0.0887503 0.184623 0.371319 0.0887839 0.00342633 
0.15997 0.0420231 0.0407108 0.000408714 0.0515646 0.0116634 0.000746911 0.617851 0.0745692 0.000492304 
0.042111 0.0317633 0.0842757 0.0029984 0.0189093 0.233073 0.000975218 0.446362 0.135873 0.00365956 
0.039771 0.0218898 0.119194 0.00189745 0.0186258 0.217297 0.000669147 0.409888 0.168841 0.00192655 
0.194337 0.0979081 0.0592617 0.00280105 0.044002 0.07005 0.00139562 0.446254 0.0809864 0.00300452 
0.0686996 0.0809905 0.0720748 0.00244437 0.0468046 0.0760261 0.000952413 0.612368 0.036368 0.00327156 
0.0330421 0.0255412 0.105067 0.0102242 0.0364022 0.0850003 0.00103038 0.468242 0.227954 0.00749671 
0.189925 0.0992287 0.0141602 0.00661135 0.00867676 0.127184 0.00182643 0.425223 0.114216 0.0129487 
0.0323317 0.242433 0.132508 0.0219253 0.0389329 0.0617538 0.0020712 0.3236 0.0986586 0.0457847 
0.112078 0.0570414 0.0849204 0.00266236 0.0194785 0.137236 0.0112059 0.359391 0.215367 0.000618742 
0.140109 0.0687626 0.10105 0.0027914 0.0369796 0.0914791 0.00207193 0.397307 0.152481 0.00696858 
0.0504358 0.0401216 0.144606 0.00365973 0.0954797 0.222457 0.0017294 0.35801 0.0794051 0.00409554 
0.0275304 0.0363216 0.0647015 0.000842745 0.0292412 0.340841 0.000265346 0.352941 0.145817 0.00149846 
0.125051 0.0955945 0.05516 0.00510228 0.041118 0.106076 0.0302636 0.338287 0.191455 0.0118924 
0.0134435 0.0215152 0.0325765 0.000813066 0.0394575 0.164494 0.00907602 0.461405 0.255628 0.00159086 
0.0515219 0.0751614 0.0351593 0.000194724 0.01179 0.158555 0.00114308 0.467447 0.196464 0.00256422 
0.0906585 0.0227558 0.0300765 0.00475419 0.0165103 0.227644 0.00107763 0.543665 0.0615522 0.0013057 
0.0550488 0.048365 0.0792316 0.00140802 0.0175651 0.20322 0.000932307 0.453915 0.135891 0.00442317 
0.0538266 0.132507 0.0765172 0.00349699 0.0489611 0.188806 0.00275833 0.334792 0.15059 0.00774527 
0.0376014 0.0639257 0.0455854 0.0138579 0.0299095 0.185516 0.00160134 0.324583 0.255189 0.04223 
0.070982 0.0722213 0.0992865 0.00765429 0.0511913 0.193992 0.000561271 0.407035 0.0920003 0.00507692 
0.0309224 0.0100312 0.221328 0.0125518 0.191747 0.190575 0.00573807 0.2911 0.0457054 0.000301562 
0.221096 0.0555459 0.0641543 0.00308794 0.0227389 0.0628667 0.00108066 0.328534 0.238456 0.00244015 
0.0216253 0.0302786 0.211488 0.00274559 0.0697826 0.184282 0.00031914 0.407065 0.0723636 5.08288e-05 
0.0518203 0.0477152 0.0878534 0.0104905 0.0293843 0.236424 0.00107687 0.450839 0.0839903 0.000406447 
0.118334 0.0832949 0.0650543 0.00141781 0.0250176 0.0602315 0.000940453 0.520727 0.119061 0.00592145 
0.0265858 0.289456 0.0920739 0.0109449 0.040327 0.0437407 0.00109786 0.316601 0.157999 0.0211742 
0.0255867 0.0155922 0.22243 0.00332172 0.0307462 0.265279 0.00521705 0.341902 0.089634 0.000290884 
0.217938 0.0831537 0.0741923 0.00412197 0.0133274 0.150342 0.00169826 0.288616 0.156726 0.00988496 
0.0521485 0.162766 0.0444683 0.0205641 0.032106 0.0439767 0.00208327 0.422932 0.169038 0.0499162 
0.0625805 0.0677926 0.0585455 0.00954713 0.0204057 0.246635 0.000576198 0.367672 0.16289 0.00335615 
0.0743654 0.12942 0.062562 0.00482998 0.0433221 0.0860641 0.00163661 0.457774 0.124963 0.0150628 
0.0101517 0.00366393 0.13277 0.000617757 0.0402941 0.118019 0.00145708 0.612952 0.0795006 0.000573798 
0.0644753 0.050807 0.119469 0.00280807 0.0383867 0.060516 0.00206115 0.579307 0.0777592 0.0044102 
0.0379724 0.124527 0.0777896 0.00137271 0.0947025 0.189395 0.00185675 0.408637 0.0557084 0.00803803 
0.0522567 0.112813 0.0386368 0.0312349 0.0231771 0.128213 0.00149962 0.402802 0.185442 0.0239245 
0.0620273 0.234895 0.0221137 0.00315839 0.0181107 0.205861 0.00284636 0.402497 0.0472482 0.00124336 
0.0565256 0.12987 0.0647659 9.36841e-06 0.0545908 0.026858 0.000298173 0.656404 0.0106411 3.6801e-05 
0.0559581 0.282744 0.033507 9.67398e-05 0.0372657 0.0305957 0.00194297 0.514555 0.0430412 0.000293727 
0.105084 0.118603 0.0486972 0.00161072 0.0580678 0.0828721 0.00098155 0.318703 0.261823 0.00355664 
0.0615556 0.311812 0.0276558 0.00461708 0.0371303 0.0326492 0.000924712 0.49237 0.0293744 0.00191068 
0.0513553 0.0223061 0.126802 0.0064168 0.130443 0.0888656 0.000588389 0.465823 0.107006 0.000393653 
0.0547866 0.1446 0.0793203 0.00152785 0.207568 0.200329 0.0019841 0.276472 0.0322811 0.00113168 
0.0336325 0.0154881 0.124505 0.0206027 0.0615105 0.0932876 0.000703791 0.626312 0.0217009 0.00225682 
0.0111949 0.016364 0.0420129 0.038566 0.0171964 0.321992 0.0010391 0.439197 0.106511 0.00592649 
0.0369081 0.0891343 0.137129 0.000302212 0.0787182 0.200594 0.0023398 0.414281 0.0399631 0.000630117 
0.032708 0.00421912 0.0800901 8.4022e-05 0.0501389 0.148793 0.000146487 0.64759 0.0361739 5.64851e-05 
0.0210986 0.0704725 0.198808 0.00179901 0.058227 0.125628 0.00192121 0.347202 0.174598 0.000245879 
0.172037 0.204679 0.0306911 0.000356062 0.0160587 0.180656 0.0586379 0.319289 0.0175734 2.15054e-05 
0.0183129 0.0186731 0.0285585 0.00135662 0.0250262 0.108211 0.00104513 0.424594 0.374002 0.000220407 
0.00940923 0.010074 0.297688 0.00163072 0.0274854 0.159284 0.00143325 0.336891 0.153884 0.0022204 
0.0615497 0.0434583 0.0792778 0.00282943 0.0349954 0.254552 0.000885095 0.450509 0.0717198 0.000222776 
0.0289013 0.100008 0.234339 0.00480772 0.10112 0.09365 0.00105501 0.370023 0.0644776 0.00161867 
0.0693946 0.190329 0.0405767 0.00324464 0.0365392 0.161106 0.000584924 0.372476 0.119245 0.00650277 
0.010792 0.0383364 0.0583986 0.00217223 0.199871 0.104856 0.000722046 0.492484 0.0880616 0.00430512 
0.0702246 0.100852 0.193719 0.000153899 0.0190757 0.0289055 0.000969225 0.514272 0.0716672 0.000161171 
0.134279 0.184953 0.0160866 0.00102076 0.0165531 0.0776835 0.000622175 0.485435 0.0829552 0.000411433 
0.0746077 0.0631202 0.0641947 0.0074283 0.0445793 0.134038 0.00154633 0.424498 0.175372 0.0106151 
