0.01233 0.224506 0.00760311 0.183239 1.38421e-07 1.62872e-05 0.0220974 0.358583 0.174347 0.0172784 
0.00430556 0.0765167 0.011946 0.00190734 2.08022e-06 0.000395393 0.0070601 0.777434 0.117498 0.00293516 
0.0752876 0.0338413 0.0331907 0.258616 0.00152626 0.0124456 0.035088 0.317042 0.0800338 0.152929 
0.0215456 0.0614075 0.0153345 0.0246124 0.000105565 0.00119762 0.00884747 0.562101 0.222527 0.0823218 
0.0407955 0.157895 0.0071971 0.00459156 6.77907e-05 0.00247236 0.0261682 0.456719 0.257412 0.0466812 
0.0454044 0.0225411 0.0437114 0.0154703 0.00133691 0.0187823 0.00579481 0.738109 0.061637 0.0472123 
0.122819 0.0566408 0.0155964 0.0172463 0.000328134 0.00418561 0.0376741 0.538895 0.0711679 0.135447 
0.0543776 0.174728 0.0426074 0.0352238 0.00019067 0.00216706 0.0145844 0.448783 0.203551 0.0237867 
0.0723177 0.212835 0.00398036 0.00980009 2.52991e-05 1.93616e-05 0.0380809 0.478997 0.137742 0.046203 
0.0464967 0.095625 0.0214322 0.0891561 0.00184974 0.00622422 0.135155 0.47571 0.100727 0.0276235 
0.100321 0.114001 0.022478 0.0250584 0.000209651 0.00413503 0.0209344 0.359301 0.328387 0.0251747 
0.151903 0.0311587 0.00354953 0.00599759 4.59086e-05 0.00011036 0.0717613 0.659301 0.0359167 0.0402556 
0.0412395 0.0617535 0.0278895 0.0104792 0.000522998 0.00696702 0.0302524 0.487439 0.148671 0.184786 
0.0296743 0.0544516 0.00259687 0.0273294 0.000550089 6.26049e-05 0.0305338 0.661535 0.141212 0.0520551 
0.0171783 0.212112 0.0012151 0.0245682 0.000139863 0.00866566 0.0395354 0.56367 0.107523 0.0253922 
0.138616 0.0155496 0.00057995 0.00718955 0.00262683 0.000259455 0.219469 0.478964 0.114486 0.022259 
0.0617694 0.269176 0.0145959 0.15451 2.21325e-05 0.000374261 0.0957424 0.271386 0.121862 0.0105615 
0.0392503 0.0774264 0.0107532 0.0368805 0.00145861 0.00549683 0.0718659 0.464548 0.262744 0.0295755 
0.0111721 0.0462229 0.00422464 0.0154792 0.000624489 0.00148357 0.0569736 0.620239 0.23427 0.0093105 
0.0588282 0.0713523 0.0389001 0.0208941 0.000743222 0.000587759 0.107669 0.366288 0.252621 0.0821157 
0.106546 0.0108805 0.012243 0.0122256 0.000365125 0.00143047 0.0353265 0.694924 0.0247799 0.10128 
0.0557886 0.0262447 0.0148709 0.00402991 3.12071e-05 0.000369263 0.012905 0.53278 0.327424 0.0255564 
0.0178193 0.148461 0.00223627 0.099038 0.000105772 0.000250405 0.0117624 0.540263 0.162507 0.017557 
0.0650005 0.00481264 0.190557 0.0155627 0.000890693 0.0422262 0.0714135 0.330311 0.0605548 0.218671 
0.00599966 0.0885089 0.000402192 0.0680583 0.00341402 9.78024e-05 0.017118 0.712285 0.0987306 0.00538533 
0.139802 0.0768258 0.00343691 0.0108238 0.000306082 0.02014 0.0191387 0.368443 0.297019 0.0640657 
0.0066873 0.135625 0.000425158 0.0705981 0.00106271 6.75324e-06 0.0119716 0.674085 0.0947583 0.00478037 
0.0364248 0.0321884 0.0491862 0.00493634 0.000357099 0.118186 0.00410418 0.388944 0.0197166 0.345957 
0.0852514 0.0406948 0.0393508 0.0123289 0.000201417 0.0027816 0.0366657 0.523964 0.162959 0.0958024 
0.143044 0.0504322 0.000980317 0.0272351 0.000178808 3.12075e-05 0.0120179 0.536305 0.213182 0.0165932 
0.0157186 0.193175 0.000358215 0.0621926 0.000906462 0.000113338 0.103526 0.506049 0.112827 0.00513384 
0.0373548 0.0220778 0.0579476 0.0257862 0.000268633 0.0529482 0.0262919 0.449012 0.0745524 0.253761 
0.041949 0.112101 0.0531584 0.0118743 0.000244613 0.0741829 0.00961198 0.350056 0.13065 0.216172 
0.0932726 0.0169015 0.0338406 0.0373574 0.000617537 0.00774341 0.0633619 0.387407 0.244579 0.114919 
0.00558806 0.0586593 9.25303e-05 0.0285361 0.00019565 3.79303e-06 0.0148199 0.6412 0.250663 0.000241799 
0.0919306 0.00980893 0.0025125 0.0633849 0.000440499 0.000388245 0.0390406 0.607798 0.14888 0.0358153 
0.00726144 0.0373243 0.00273301 0.0108394 0.00154294 0.000150369 0.0305084 0.747341 0.0901902 0.0721093 
0.0201659 0.114576 0.000290802 0.0142518 3.00884e-06 2.75514e-06 0.00767271 0.652862 0.154143 0.036031 
0.27494 0.0149557 0.0191771 0.00749771 0.000645498 0.00506051 0.0959947 0.365748 0.103951 0.112029 
0.0340307 0.0998872 0.049737 0.0371455 0.00018909 0.0229304 0.232238 0.301083 0.11546 0.107298 
0.0432154 0.206886 0.0056691 0.0166011 1.11516e-05 0.00594458 0.104015 0.459979 0.130603 0.0270764 
0.208781 0.0227629 0.0254423 0.00544146 5.30402e-05 0.00385352 0.0104784 0.375008 0.239991 0.108189 
0.050378 0.0492255 0.00206581 0.00735544 2.36188e-07 0.000421343 0.0662577 0.375888 0.3099 0.138508 
0.0488813 0.167111 0.0147969 0.0331685 0.00098459 0.000795923 0.23735 0.321258 0.161792 0.0138617 
0.0214044 0.0142333 0.00695347 0.229899 2.00407e-05 1.90372e-05 0.0325135 0.6032 0.0888 0.0029574 
0.135596 0.0553542 0.0223154 0.0310387 0.000787096 0.00881543 0.0223233 0.492584 0.152624 0.0785616 
0.0103102 0.0534048 0.00450398 0.0126113 0.000104424 0.000664978 0.0221999 0.655935 0.23533 0.00493605 
0.0164405 0.0201941 0.00745775 0.0107331 6.29768e-05 0.000259282 0.00356592 0.850613 0.0618414 0.028832 
0.11127 0.0729333 0.0358537 0.0175936 0.0011113 0.00183566 0.0870823 0.479382 0.162399 0.0305389 
0.0535018 0.0146178 0.0161441 0.00888696 4.62678e-05 0.0767614 0.0506932 0.384022 0.182904 0.212422 
0.0859573 0.0456796 0.01902 0.00791856 6.52027e-05 0.000628679 0.091923 0.383874 0.32124 0.0436944 
0.0681902 0.131883 0.06524 0.0128752 0.000660767 0.0230407 0.0825888 0.293499 0.0917455 0.230276 
0.015921 0.181074 0.0400083 0.219199 0.00215495 0.00769025 0.16125 0.293279 0.0713181 0.008105 
0.056472 0.0655522 0.103957 0.0453723 0.000620324 0.0184189 0.0276119 0.27152 0.220524 0.18995 
0.0160184 0.0438145 0.000277864 0.022787 2.604e-05 6.20116e-05 0.015119 0.567966 0.332253 0.00167634 
0.00741595 0.204471 0.000446421 0.0127469 3.80799e-05 1.01434e-05 0.0173533 0.471308 0.285103 0.00110783 
0.00553015 0.180829 0.000184652 0.0111241 0.00501389 0.000313295 0.0704534 0.426296 0.295735 0.00452031 
0.0735812 0.0979544 0.0184369 0.0450059 0.000562052 0.00814377 0.145019 0.369762 0.0878411 0.153693 
0.0197526 0.111675 0.0179721 0.00330553 8.30296e-05 0.000470258 0.0597388 0.548326 0.15979 0.0788854 
0.0710039 0.0386665 0.0180496 0.0332731 0.000700122 0.00828444 0.0208852 0.344739 0.288115 0.176284 
0.0204221 0.126957 0.00306473 0.023323 0.000120156 0.000228475 0.00503764 0.726845 0.0877518 0.00625006 
0.0421954 0.15546 0.0573732 0.12996 0.0131642 0.0338099 0.121126 0.194707 0.184875 0.0673299 
0.0359596 0.0247953 0.00922611 0.0176625 0.00130802 0.0113105 0.0395984 0.627785 0.0636271 0.168727 
0.0640121 0.0566674 0.0234457 0.0645126 0.000328855 0.00154941 0.0116113 0.490458 0.257616 0.0297984 
0.0535693 0.074475 0.0334613 0.0653283 0.000955631 0.00747248 0.0159156 0.365489 0.351423 0.0319112 
0.00618506 0.0714972 0.000996024 0.0051405 0.000608294 0.000611512 0.0493712 0.821045 0.0265409 0.0180042 
0.0217408 0.154861 0.00794512 0.0175011 9.62398e-05 0.0165699 0.178351 0.331025 0.164513 0.107396 
0.040406 0.0487947 0.014444 0.00375701 1.45974e-05 0.00122292 0.00425616 0.531813 0.0606024 0.29469 
0.0116948 0.00397077 0.00519423 0.00286261 2.44642e-05 0.000210558 0.130643 0.617559 0.154394 0.0734464 
0.00224847 0.194713 0.00122907 0.0361876 0.00102716 3.23148e-05 0.196673 0.43237 0.129786 0.00573296 
0.0637432 0.0400518 0.0388072 0.0310414 0.00134418 0.00445263 0.0212032 0.577342 0.119493 0.102521 
0.13518 0.0297726 0.0130071 0.0332443 0.000904183 0.00169393 0.0436697 0.56128 0.0999088 0.0813397 
0.0297801 0.0660337 0.00851157 0.058295 0.00031745 0.00268604 0.020353 0.596297 0.127422 0.0903042 
0.0668592 0.0683673 0.00218043 0.0123882 0.000293951 0.000353876 0.0340268 0.59606 0.209469 0.0100012 
0.0317518 0.0875551 0.0380533 0.0622737 0.107732 0.000776296 0.0741115 0.343126 0.10112 0.1535 
0.0675374 0.0924336 0.00183325 0.0327281 0.00265685 0.000240672 0.24156 0.430672 0.0714178 0.0589205 
0.102733 0.109366 0.0220355 0.0496526 0.00144368 0.00419525 0.130768 0.383532 0.127252 0.0690222 
0.110716 0.203565 0.00533776 0.0113658 5.95019e-05 1.25513e-05 0.107955 0.283311 0.258931 0.0187463 
0.108664 0.0773361 0.01811 0.0179916 0.000296841 0.0293118 0.0126172 0.385106 0.265062 0.0855055 
0.0531909 0.0752645 0.00511483 0.0417548 0.00184121 0.00245871 0.0243649 0.620795 0.136098 0.0391167 
0.0773964 0.0403202 7.09448e-05 0.0188461 2.7346e-07 1.45729e-05 0.00373727 0.648718 0.191725 0.0191718 
0.010918 0.076754 0.00965654 0.0339128 3.19833e-06 0.0016081 0.0131469 0.659823 0.133201 0.0609771 
0.0206566 0.147481 0.000106065 0.0233826 6.00189e-07 1.77838e-05 0.0415903 0.668953 0.0966552 0.00115668 
0.0371172 0.0757864 0.0302561 0.00479064 3.40516e-05 0.00156551 0.134317 0.460311 0.0545202 0.201301 
0.0457453 0.0947549 0.0328553 0.0341823 1.38168e-05 0.00284949 0.036395 0.416639 0.294927 0.0416379 
0.0357686 0.0649268 0.00597607 0.014113 0.00182631 0.00259389 0.15655 0.487294 0.125246 0.105705 
0.0476826 0.0445517 0.0102899 0.0188534 0.000199173 0.0029971 0.0215826 0.640551 0.109374 0.103919 
0.12039 0.0467426 0.0095474 0.0335054 0.000868072 0.0494965 0.054816 0.487654 0.187184 0.00979708 
0.00985229 0.0877227 0.0013696 0.0546186 0.000133872 2.13679e-05 0.0281446 0.574532 0.229679 0.013926 
0.0800714 0.000719476 0.000665777 1.90833e-06 1.57504e-06 7.20792e-08 0.00110959 0.869319 0.0382387 0.00987238 
0.0228228 0.21248 0.023746 0.0433225 0.000337454 0.00910586 0.021936 0.517635 0.0941907 0.0544236 
0.0617875 0.0668992 0.10624 0.0350841 0.00515017 0.0083996 0.0602164 0.400452 0.20888 0.0468903 
0.063001 0.0350921 0.0180378 0.021146 0.000429363 0.0139488 0.0485772 0.456978 0.112365 0.230425 
0.000108117 0.00997618 0.00182392 7.29235e-05 6.78105e-11 0.000107082 0.096724 0.871579 0.00784739 0.011761 
0.0352503 0.0872016 0.000166255 0.0533523 0.00154494 2.78971e-05 0.0356323 0.665719 0.109324 0.0117823 
0.191299 0.0362608 0.00247359 0.0408807 0.00027377 2.89535e-05 0.0166127 0.35651 0.346209 0.00945189 
0.095319 0.130148 0.0107128 0.0678622 9.27734e-05 0.000691993 0.101844 0.366122 0.115168 0.11204 
0.0060629 0.0892634 0.000570304 0.209546 0.00317237 4.78632e-05 0.0330202 0.56666 0.0889604 0.00269738 
0.0331374 0.224891 0.137788 0.00229774 1.81932e-05 0.00424643 0.010706 0.337685 0.101566 0.147664 
0.0415008 0.242051 0.00103391 0.0262316 0.000640418 1.0265e-05 0.112625 0.435695 0.127725 0.0124872 
0.0109764 0.0530647 0.0142056 0.0355774 0.00608811 0.00748962 0.0944491 0.621593 0.100497 0.0560595 
0.0380231 0.045935 0.0030512 0.0239557 0.000699132 0.000146465 0.0542261 0.599413 0.223963 0.0105871 
0.039801 0.1307 0.00156012 0.0278218 0.000753289 0.00040737 0.0865282 0.543443 0.159148 0.0098381 
0.0426769 0.322618 0.0646936 0.0448766 1.78146e-05 0.000248015 0.0151259 0.330793 0.151374 0.0275757 
0.050021 0.0869282 0.0103814 0.0383912 0.00152196 0.000624247 0.25884 0.406005 0.0925915 0.054696 
0.0890602 0.0519939 0.0118916 0.0172505 0.00135148 0.00645345 0.158968 0.443008 0.136461 0.083562 
0.143923 0.090835 0.0371495 0.0152826 0.000609403 0.00272776 0.0288022 0.447983 0.153411 0.0792761 
0.0940568 0.0824905 0.167939 0.017607 0.000641704 6.35258e-05 0.0780663 0.352923 0.185464 0.0207481 
0.0191818 0.281752 0.0089439 0.126023 0.00135096 0.0131375 0.0983648 0.324316 0.0921736 0.034756 
0.00124854 0.263093 0.00397296 0.105463 0.00926822 0.00042591 0.265313 0.296317 0.0521862 0.00271253 
0.0256528 0.0581161 0.00782475 0.0233782 0.000794885 0.0109167 0.0172544 0.701538 0.127141 0.0273825 
0.0277761 0.030784 0.11161 0.0176392 0.00209459 0.00648395 0.1782 0.27002 0.114268 0.241124 
0.0256076 0.0610394 0.0215288 0.0742237 0.000111224 0.00870964 0.0316969 0.662116 0.0757597 0.0392067 
0.0116061 0.0601237 0.00128247 0.0216285 0.00225248 0.000246206 0.192757 0.637148 0.0685811 0.0043747 
0.0132896 0.278738 0.000551094 0.020361 1.45569e-07 5.99611e-06 0.0241529 0.389164 0.269792 0.00394616 
0.032032 0.175419 0.0760991 0.00468073 0.00186412 0.000294671 0.218183 0.344138 0.0748727 0.0724152 
0.0628634 0.0279269 0.00511018 0.0065688 7.12851e-05 0.014605 0.00816039 0.63035 0.0822135 0.162131 
0.0875273 0.0463061 0.00213241 0.0065304 0.000370861 0.00120694 0.00311265 0.660953 0.174302 0.0175584 
0.173501 0.00366176 0.000512576 0.00146365 0.00108152 1.6641e-05 0.140671 0.488419 0.187525 0.00314783 
0.0125569 0.0669002 0.0102529 0.0137338 0.000754174 0.0013029 0.0483679 0.692496 0.150421 0.00321468 
0.086817 0.0945525 0.000692466 0.13297 0.000178528 3.04231e-05 0.015563 0.582807 0.0815631 0.00482587 
0.097394 0.13381 0.0141807 0.0562823 0.000164181 0.00280967 0.0345115 0.471905 0.153611 0.0353318 
0.0383596 0.125819 0.00872048 0.0205554 7.58538e-05 0.00309701 0.312042 0.319796 0.0604701 0.111064 
0.0712777 0.0505117 0.0855735 0.0168248 0.000225253 0.041088 0.0251184 0.430843 0.155036 0.123502 
0.0202839 0.033504 0.00101402 0.0365153 6.11311e-05 5.35478e-05 0.043994 0.750695 0.0801638 0.0337153 
0.00879376 0.213375 8.18467e-05 0.128219 0.000129892 0.000129352 0.157192 0.378321 0.112567 0.00119102 
0.0747035 0.050015 0.0132358 0.0068571 9.01486e-07 4.12122e-05 0.023008 0.592979 0.181144 0.0580154 
0.032259 0.0147993 0.00546356 0.00992209 0.000869125 0.000634385 0.00783531 0.625294 0.294659 0.00826349 
0.0320552 0.0246019 0.0243671 0.0240191 0.000253291 0.168073 0.242256 0.286472 0.0497521 0.148151 
0.0680566 0.0260022 0.00352923 0.00124955 0.106679 0.000302489 0.257699 0.386687 0.106468 0.0433277 
0.00732884 0.353788 0.000628525 0.0257691 0.000199905 0.000262241 0.136888 0.385045 0.0756614 0.014429 
0.107387 0.0434203 0.0155573 0.0568764 0.000731606 0.0078346 0.0940032 0.321104 0.120517 0.232568 
0.141759 0.017389 0.0403376 0.0320847 0.000254087 0.0171536 0.00946522 0.540102 0.154857 0.0465978 
0.0463819 0.0997413 0.0141067 0.0541039 0.00151638 0.0027398 0.0228647 0.419172 0.293377 0.0459958 
0.0305349 0.0915263 0.00530104 0.0588615 0.00100533 0.000875061 0.0738204 0.50771 0.166035 0.0643309 
0.0312698 0.156956 0.0105433 0.0493866 0.00103045 0.00778401 0.190921 0.281061 0.208335 0.0627124 
0.0356093 0.0696061 0.00434833 0.105394 0.000159315 0.00209314 0.0468812 0.514774 0.198566 0.0225682 
0.0469711 0.0141782 0.00330545 0.00238837 6.88346e-05 0.00029874 0.00343993 0.640554 0.108369 0.180427 
0.0219541 0.0386479 0.000498906 0.00252298 3.33227e-07 4.22885e-05 0.211331 0.697278 0.0134452 0.0142783 
0.133355 0.0319016 0.0231003 0.00821597 0.000487559 0.00512569 0.0118925 0.36752 0.0729417 0.34546 
0.0319871 0.0177383 0.012061 0.0213697 0.00185283 0.0211647 0.031252 0.67345 0.157575 0.031549 
0.0155457 0.118616 0.0163879 0.0804086 0.00221744 0.000277326 0.193703 0.499815 0.0643165 0.00871291 
0.0463396 0.0499017 0.0171081 0.0394241 0.00227225 0.00522906 0.0419064 0.45085 0.327179 0.0197898 
0.0485826 0.0148641 0.0545809 0.0166818 0.000410691 0.0295165 0.00698807 0.458736 0.110091 0.259549 
0.0757386 0.101983 0.0087875 0.0302452 0.000974032 0.00097424 0.0349052 0.532996 0.184047 0.0293489 
0.00984436 0.0326955 0.00194736 0.00640069 0.0199476 0.000309249 0.335384 0.494483 0.00376821 0.0952204 
0.0399677 0.0624484 0.0756053 0.0111009 0.000244284 0.004955 0.0554059 0.577909 0.0572376 0.115126 
0.0208851 0.109618 0.0428886 0.0752025 0.000212047 0.000376563 0.0325522 0.540385 0.144761 0.0331197 
0.0523465 0.0773807 0.00690588 0.0497815 0.000325814 5.28903e-05 0.0364883 0.391297 0.378238 0.00718342 
0.0976214 0.0776977 0.0154813 0.0164969 0.0353159 0.00888144 0.146815 0.367325 0.17982 0.0545452 
0.0551816 0.200073 0.00981746 0.0296551 0.00138039 0.00518417 0.120436 0.315423 0.222516 0.0403328 
0.0900683 0.0181596 0.0109881 0.00552786 0.000564936 0.00434357 0.00187543 0.669554 0.169986 0.0289323 
0.0208486 0.0469106 0.0121521 0.0339305 0.000449094 0.000571342 0.0152005 0.458034 0.386114 0.0257893 
0.027744 0.077504 0.0272684 0.00525127 1.07979e-06 0.000523657 0.265767 0.425747 0.130197 0.0399969 
0.00851621 0.0830468 0.00257824 0.0936093 0.000765961 0.118177 0.287244 0.292735 0.0992331 0.0140938 
0.0490779 0.10842 0.0264701 0.0429182 0.00735495 0.00972331 0.257424 0.312845 0.11503 0.0707362 
0.0683426 0.0753811 0.0152167 0.0481817 0.000647252 0.00492672 0.0278107 0.368923 0.367173 0.0233977 
0.0401006 0.0170772 0.174691 0.037578 0.00717314 0.0147792 0.261872 0.271501 0.0341629 0.141066 
0.0705964 0.159967 0.00106909 0.124337 4.09299e-05 0.000104256 0.0230091 0.425014 0.181654 0.014207 
0.0766879 0.0742768 0.00432525 0.00331471 1.19061e-05 0.0233017 0.00266667 0.448519 0.339897 0.0269986 
0.0929906 0.0352464 0.0573058 0.0267331 0.00188986 0.0274179 0.0569056 0.392457 0.112822 0.196232 
0.0681902 0.131883 0.06524 0.0128752 0.000660767 0.0230407 0.0825888 0.293499 0.0917455 0.230276 
0.176206 0.0547052 0.00373965 0.025949 0.00013156 0.00529244 0.0153803 0.460092 0.190134 0.0683693 
0.0843455 0.00691508 0.336211 0.00376897 3.86772e-05 0.000149035 0.0544287 0.485026 0.011033 0.0180838 
0.231786 0.0503467 0.0554274 0.0188589 0.000775212 0.0319611 0.0236431 0.256233 0.165407 0.165562 
0.0227451 0.0913936 0.00107928 0.0353169 0.00730606 0.000367024 0.149223 0.559305 0.12299 0.0102732 
0.0331291 0.0243135 0.0656508 0.0226399 0.000106322 0.145353 0.00249374 0.397677 0.0481672 0.260469 
0.22728 0.0384061 0.0165429 0.0167235 0.00251701 0.00681078 0.0181596 0.453899 0.0967097 0.122952 
0.0028309 0.0809299 0.00323315 0.00873404 0.00090654 0.00104903 0.130996 0.676702 0.0919152 0.00270414 
0.0655699 0.0586201 0.0528194 0.0196918 0.0011058 0.00452708 0.0387017 0.488642 0.22744 0.0428821 
0.0634932 0.158018 0.0437613 0.0111957 0.00383471 0.0104868 0.216571 0.277946 0.131498 0.0831961 
0.122218 0.196467 0.0191509 0.0606292 0.000646132 0.00430987 0.0295805 0.34774 0.196062 0.0231973 
0.248593 0.186983 0.00686152 0.0107567 6.00536e-05 0.00115091 0.0513765 0.272146 0.137945 0.0841276 
0.0145212 0.0931825 0.00390025 0.0301781 0.00289559 0.000317769 0.161349 0.605514 0.0660466 0.0220952 
0.00409362 0.183448 0.000386235 0.0107445 2.24252e-06 9.45351e-05 0.149932 0.557644 0.0345599 0.0590958 
0.0397307 0.0501831 0.00553727 0.00525417 0.000180388 0.000392263 0.038643 0.684743 0.117629 0.057707 
0.0967983 0.0512155 0.0916323 0.0142432 0.00069962 0.000105846 0.0282109 0.675994 0.033128 0.00797184 
0.0159336 0.0378298 0.00523635 0.0448045 0.0022687 0.00702293 0.0145347 0.701333 0.153929 0.0171079 
0.0566448 0.0675103 0.000580252 0.00560822 1.19776e-07 4.18878e-05 0.0701175 0.508507 0.285974 0.005016 
0.0385136 0.0649851 0.010779 0.0183927 9.05068e-05 0.000985262 0.0249854 0.759794 0.0568991 0.0245757 
0.00912618 0.109222 0.00145502 0.048742 0.000536362 3.94144e-05 0.0340561 0.454967 0.339773 0.00208296 
0.0619205 0.0187302 0.00477198 0.113017 0.000301849 0.000679035 0.0151069 0.580511 0.186669 0.0182921 
0.0476653 0.0160672 0.0684649 0.0161927 0.00133756 0.0822347 0.0767555 0.432176 0.0309938 0.228112 
0.0219902 0.0888668 0.00899608 0.0349691 0.000717365 0.0240557 0.0623257 0.57937 0.127206 0.0515033 
0.12055 0.209471 0.00198933 0.00829235 6.17369e-05 4.39433e-05 0.105874 0.291894 0.187584 0.0742397 
0.0237404 0.00404952 0.0238262 0.011518 0.000222517 0.00900693 0.00316859 0.627616 0.0250732 0.271779 
0.0782395 0.109568 0.00323262 0.0129043 0.000695153 6.51974e-05 0.267715 0.454265 0.0288957 0.0444195 
0.00599966 0.0885089 0.000402192 0.0680583 0.00341402 9.78024e-05 0.017118 0.712285 0.0987306 0.00538533 
0.0362277 0.111086 0.0150963 0.0382031 0.010968 4.6564e-05 0.0361978 0.480583 0.248279 0.0233126 
0.238033 0.0294705 0.0228528 0.0167637 0.000536455 0.00708199 0.0173993 0.501834 0.133243 0.0327849 
0.0209667 0.0270224 0.000319064 0.0168377 0.00573198 6.80463e-05 0.33336 0.432017 0.153134 0.0105443 
0.0305747 0.265561 3.84676e-07 0.0027071 0.00350593 2.2679e-05 0.0805472 0.356319 0.253695 0.00706674 
0.010307 0.040939 0.00397231 0.0163127 0.000120233 0.000590459 0.0173708 0.548132 0.357441 0.00481506 
0.0986009 0.0408121 0.00520014 0.0192157 0.0021842 0.00141679 0.20381 0.498419 0.115972 0.0143697 
0.0894449 0.256983 0.0121292 0.0357542 0.00113143 0.00029374 0.201509 0.275094 0.0949241 0.0327365 
0.0169799 0.0801771 0.000844695 0.0302308 8.11538e-05 5.20589e-05 0.119467 0.6187 0.118654 0.0148135 
0.102773 0.0850206 0.0116243 0.0353971 0.000717149 0.002218 0.0460651 0.511485 0.177057 0.0276429 
0.160042 0.000624851 0.0254762 0.00023633 1.18136e-05 0.0141434 0.00738749 0.548919 0.0903769 0.152782 
0.03511 0.0442261 0.00106119 0.00387408 0.00190971 3.83472e-05 0.171259 0.573285 0.163437 0.00580004 
0.0531479 0.0514439 0.152369 0.118276 0.00119778 0.0176355 0.0456476 0.338945 0.106379 0.114958 
0.00460027 0.214138 0.000685109 0.00715525 2.29325e-05 0.000272733 0.030644 0.629765 0.0325465 0.0801699 
0.0903272 0.00989908 0.00842184 0.00301386 0.000610741 0.00208176 0.0436417 0.641324 0.153081 0.0475991 
0.0723177 0.212835 0.00398036 0.00980009 2.52991e-05 1.93616e-05 0.0380809 0.478997 0.137742 0.046203 
0.0122635 0.0551767 0.00234162 0.0337361 0.00738652 8.29027e-05 0.0415445 0.451905 0.393654 0.00190972 
0.0760662 0.0177172 0.0380616 0.0187361 0.000338601 0.0259467 0.125484 0.412163 0.129597 0.15589 
0.0487495 0.0217012 0.00112588 0.00477869 0.000602685 0.000952842 0.00200854 0.72349 0.12453 0.0720601 
0.0118597 0.14683 0.00121479 0.0454801 0.00474953 9.7824e-05 0.0962148 0.589954 0.0964595 0.00713981 
0.0127065 0.050451 0.0470351 0.00809426 0.000570008 0.0175731 0.123924 0.500441 0.215199 0.0240062 
0.0213306 0.0689486 0.00479891 0.0035702 0.000645249 0.212063 0.180928 0.223262 0.0962345 0.188219 
0.25044 0.0118572 0.0109014 0.0167861 0.000223944 0.029239 0.0360271 0.456307 0.106899 0.081319 
0.0200114 0.0689646 0.000997683 0.00195668 0.059623 0.000257424 0.334478 0.387535 0.048739 0.0774368 
0.191586 0.109117 0.021567 0.0240729 0.000749312 0.000512149 0.0456178 0.332963 0.208788 0.0650267 
0.0187734 0.0757157 0.21172 0.0289955 0.000895807 0.00406204 0.0916975 0.242196 0.148886 0.177058 
0.0139629 0.0723513 0.00243619 0.101747 0.00087638 0.00079569 0.0224834 0.613523 0.146489 0.025335 
0.0449378 0.0246559 0.0294245 0.0258818 0.000249505 0.00363333 0.0185201 0.533926 0.0799665 0.238804 
0.0366478 0.0722977 0.0103502 0.0271855 0.00305152 0.00250587 0.314258 0.34265 0.0428188 0.148235 
0.125009 0.00865134 0.00378618 0.00811458 0.000277495 0.000634496 0.025784 0.623396 0.181523 0.0228239 
0.0170735 0.0462499 0.00609717 0.0174225 0.00153255 0.00921619 0.0476418 0.738627 0.0863976 0.0297422 
0.0264427 0.24614 0.00463427 0.00770451 9.09686e-05 0.000506707 0.202583 0.265439 0.175497 0.0709611 
0.10715 0.0619702 0.0138659 0.00254387 3.11353e-05 0.00253049 0.0397804 0.615004 0.0394052 0.117719 
0.0114053 0.226088 0.000846786 0.0831588 5.31906e-05 0.000208028 0.0685046 0.46646 0.139917 0.00335862 
0.037478 0.0271488 0.0138226 0.00487632 0.0247121 0.00778149 0.0863143 0.615558 0.141727 0.0405817 
0.00744632 0.0163506 0.000563807 0.00871146 0.0157203 0.000315208 0.281851 0.525958 0.0321097 0.110974 
0.0494576 0.0472058 0.0148197 0.038203 0.000581359 0.0101022 0.0230401 0.553524 0.183655 0.0794112 
0.0635893 0.0442237 0.0398617 0.0123287 3.85076e-06 0.00544824 0.0830158 0.428547 0.299579 0.0234024 
0.0612451 0.0398752 0.0200843 0.0594993 0.000202185 0.0058175 0.00705871 0.397785 0.0773367 0.331096 
0.0821235 0.147958 0.0116799 0.046852 0.00573566 0.00360405 0.0730814 0.441924 0.136447 0.0505943 
0.19458 0.0278385 0.00983019 0.034628 0.000210207 0.0140116 0.0350921 0.445837 0.13285 0.105123 
0.0626028 0.164892 0.0640367 0.0517559 0.0001223 0.00262239 0.153805 0.357959 0.100238 0.0419656 
0.029897 0.119718 0.0669985 0.0373001 0.0252326 0.00516234 0.0998934 0.303193 0.180017 0.132588 
0.171355 0.22145 0.00431588 0.00587194 7.77826e-05 0.00550232 0.0424832 0.296498 0.157967 0.0944788 
0.0854972 0.103808 0.0349677 0.0492155 0.000811537 0.00553275 0.0240865 0.379456 0.276997 0.0396282 
0.00584207 0.0948179 0.000493706 0.0977713 0.00528719 5.77245e-05 0.0313983 0.590767 0.171655 0.0019097 
0.166611 0.0797145 0.0579493 0.0118808 0.000177688 0.0539902 0.0380907 0.270003 0.169512 0.152072 
0.0056512 0.0417749 0.00344865 0.0250925 0.000965452 2.52669e-05 0.0167776 0.607218 0.292876 0.00617047 
0.0185792 0.0562587 0.00030137 0.0170114 6.29135e-05 3.26262e-06 0.00255522 0.571714 0.320331 0.0131823 
0.0103102 0.0534048 0.00450398 0.0126113 0.000104424 0.000664978 0.0221999 0.655935 0.23533 0.00493605 
0.0210794 0.0601124 0.0178727 0.00521126 5.53329e-05 0.070882 0.0698982 0.583148 0.0989989 0.0727417 
0.285463 0.0131586 0.0152366 0.0195582 0.000124612 0.0239603 0.0425809 0.350698 0.0758205 0.173399 
0.1578 0.00471995 0.00645751 0.00289231 0.000298243 0.00545999 0.0192387 0.726818 0.0719971 0.00431745 
0.0256936 0.0184024 0.0106968 0.0374245 0.021339 0.00160283 0.268519 0.421216 0.16361 0.031496 
0.0306459 0.046429 0.00157247 0.00408336 0.00364888 4.95374e-05 0.269408 0.537488 0.0980425 0.00863198 
0.00448634 0.146666 0.000663784 0.0333205 0.0059278 0.000100773 0.1794 0.476974 0.148487 0.00397371 
0.0156199 0.0596979 0.00751102 0.026377 0.000144291 0.00125141 0.0136634 0.664377 0.163931 0.0474274 
0.0346103 0.0269575 0.00262447 0.0103803 0.00215352 0.000498135 0.0532027 0.724312 0.104439 0.0408225 
0.0563196 0.149629 0.198915 0.0468794 0.000343681 0.00311031 0.122916 0.252463 0.107796 0.061628 
0.0423387 0.0606952 0.0292351 0.0366122 0.00159081 0.0506277 0.0239843 0.508778 0.136656 0.109483 
0.019911 0.0659497 0.00419279 0.0145042 0.000206672 0.000788661 0.0598059 0.674293 0.136265 0.0240832 
0.0718126 0.102808 0.0319469 0.0221798 8.30372e-05 0.00803226 0.275186 0.280051 0.117574 0.0903253 
0.0392652 0.0495814 0.0114817 0.0335545 0.0109 0.105781 0.0118997 0.359241 0.321419 0.0568765 
0.0829395 0.132282 0.00999903 0.0109132 0.00328763 0.00421529 0.0475668 0.32528 0.262404 0.121113 
0.267572 0.00585951 0.0109049 0.00763051 0.000273002 0.00564841 0.00313725 0.444441 0.129057 0.125477 
0.0651651 0.0931392 0.0123837 0.00707314 0.00125358 0.00439253 0.230982 0.413112 0.136378 0.0361218 
0.215019 0.0323295 0.000210289 0.00559785 0.000254865 6.70174e-05 0.129548 0.568737 0.013946 0.0342905 
0.0224888 0.0176367 0.0388982 0.00942051 0.000198069 0.0553569 0.0152087 0.466442 0.120749 0.253601 
0.0861151 0.0464014 0.16443 0.0441205 0.00103187 0.00756872 0.192265 0.285589 0.10728 0.0651984 
0.157009 0.0418613 0.00536052 0.0238731 8.30042e-05 0.00385828 0.0209819 0.354694 0.184594 0.207685 
0.00544211 0.147439 0.0216863 0.006495 1.90873e-05 9.948e-05 0.146522 0.292852 0.131146 0.248299 
0.0105495 0.100061 0.00490901 0.00676487 3.1396e-05 0.000231765 0.0396839 0.582576 0.240048 0.0151446 
0.0803108 0.0312831 0.00567322 0.00823879 0.000557452 4.17456e-05 0.0615878 0.440647 0.0708576 0.300802 
0.0367659 0.0698738 0.00431834 0.0403037 0.000456917 0.000644952 0.0318781 0.684932 0.115673 0.0151536 
0.0215372 0.0570421 0.0130569 0.0168484 9.22877e-05 0.000710466 0.0158492 0.569617 0.261484 0.0437624 
0.103826 0.0762967 0.00107288 0.0287651 0.00147064 7.04471e-05 0.037034 0.568843 0.160386 0.0222362 
0.00782329 0.122424 0.00268471 0.0351514 0.000536978 5.13842e-06 0.0450967 0.669011 0.109311 0.0079552 
0.0675167 0.0226678 0.0185236 0.0116523 0.000107319 0.0486953 0.0144511 0.453545 0.199514 0.163327 
0.000108117 0.00997618 0.00182392 7.29235e-05 6.78105e-11 0.000107082 0.096724 0.871579 0.00784739 0.011761 
0.0512154 0.0582963 0.00704809 0.0257912 0.000240062 0.00704459 0.0275443 0.617862 0.120685 0.084273 
0.0416363 0.287003 0.00229842 0.0186226 0.00328363 5.84598e-05 0.0716349 0.394224 0.174422 0.00681629 
0.164235 0.0795633 0.0150232 0.0160461 0.000227067 0.00159735 0.0110384 0.500595 0.167713 0.0439619 
0.104972 0.0407419 0.022366 0.0284462 0.00168248 0.00625311 0.0178884 0.517186 0.140222 0.120242 
0.0757599 0.00449033 0.0157008 0.0148933 0.00101647 0.00422286 0.0727363 0.681013 0.075393 0.0547741 
0.0045838 0.0780479 0.000155559 0.0247536 1.98154e-05 1.69117e-05 0.244644 0.429357 0.0301773 0.188244 
0.0227255 0.0272118 0.0171185 0.019858 0.000340057 0.000120949 0.027159 0.547778 0.0606571 0.277031 
0.0523428 0.0229362 0.00559847 0.0096633 0.000841871 0.00493619 0.124033 0.619913 0.0445363 0.115199 
0.0227086 0.134918 0.00234162 0.0252505 0.0119642 6.06772e-05 0.0632723 0.411626 0.32023 0.00762872 
0.0862008 0.0525465 0.00134114 0.00905348 0.000140148 0.0004167 0.0447332 0.6201 0.127354 0.0581139 
0.0441702 0.0196242 0.248072 0.00219379 3.3157e-05 0.00758353 0.0763319 0.38549 0.0698249 0.146676 
0.0187494 0.0590541 0.00152999 0.0223796 0.00149026 0.00473796 0.089323 0.400633 0.393807 0.00829553 
0.0149287 0.0209251 2.1004e-05 8.52504e-05 7.03637e-05 3.2207e-06 0.0927597 0.82078 0.0462831 0.00414347 
0.117419 0.0291894 0.0425906 0.0282934 0.000126687 0.00509516 0.0596449 0.509053 0.0890597 0.119529 
0.0103102 0.0534048 0.00450398 0.0126113 0.000104424 0.000664978 0.0221999 0.655935 0.23533 0.00493605 
0.0160184 0.0438145 0.000277864 0.022787 2.604e-05 6.20116e-05 0.015119 0.567966 0.332253 0.00167634 
0.0217395 0.16941 0.0517338 0.0161518 0.000339921 4.69576e-06 0.039251 0.539171 0.146943 0.0152559 
0.154996 0.0457972 0.0123761 0.016573 0.000778431 0.00116763 0.00701444 0.369759 0.363991 0.027547 
0.200434 0.0353598 0.025285 0.00831073 0.000263379 0.0322207 0.00523688 0.525008 0.080934 0.0869475 
0.232036 0.0320924 0.0161994 0.0141566 0.0289155 0.000376406 0.0787511 0.27639 0.236121 0.0849613 
0.00533367 0.111108 0.00422567 0.0282985 3.15619e-08 0.000239182 0.133961 0.487583 0.222062 0.00718867 
0.0202096 0.0599245 0.0358621 0.0415708 0.00106669 0.00109756 0.0380568 0.479593 0.249157 0.0734619 
0.319803 0.0583101 0.00230563 0.0196746 0.00012807 0.000292979 0.0132669 0.412124 0.147667 0.026428 
0.0391217 0.0232252 0.0276704 0.0163988 0.000774623 0.010499 0.044984 0.464905 0.0856234 0.286798 
0.0256076 0.0610394 0.0215288 0.0742237 0.000111224 0.00870964 0.0316969 0.662116 0.0757597 0.0392067 
0.057449 0.254991 0.0136091 0.0539444 0.000127439 0.00189364 0.0292952 0.341637 0.221274 0.02578 
0.0127607 0.0456126 0.00268453 0.0318049 0.00240253 3.60638e-05 0.0476635 0.745542 0.104513 0.00697975 
0.0237404 0.00404952 0.0238262 0.011518 0.000222517 0.00900693 0.00316859 0.627616 0.0250732 0.271779 
0.135237 0.0534026 0.017549 0.00361607 0.000112208 0.0707169 0.0717854 0.241346 0.20178 0.204455 
0.0232365 0.132676 0.0101117 0.0299189 0.00173473 0.00168604 0.0621851 0.497068 0.210339 0.031044 
0.0133221 0.0412373 0.106471 0.00957157 0.000524525 0.0414441 0.188972 0.311609 0.155353 0.131496 
0.0251323 0.0496333 0.0111892 0.0358094 0.000408796 0.000245347 0.0169358 0.701614 0.15515 0.00388209 
0.0379188 0.113615 0.0221968 0.00448482 0.000539938 0.000315652 0.120209 0.378438 0.247695 0.0745875 
0.00467916 0.0723277 0.0241561 0.0885179 0.013016 0.000319074 0.124674 0.577812 0.0866059 0.00789265 
0.0528586 0.266294 0.00333521 0.0218334 8.52371e-05 0.000107425 0.15784 0.294903 0.193463 0.0092804 
0.0201678 0.171591 0.064004 0.0383612 0.0540652 0.0204712 0.076821 0.215848 0.149296 0.189376 
0.0651393 0.0718309 0.0125039 0.050107 0.0213966 0.00172985 0.256511 0.33168 0.0816744 0.107427 
0.109071 0.108151 0.0159038 0.0208846 0.000133854 0.00512306 0.162501 0.323244 0.159166 0.0958209 
0.0729404 0.0571367 0.00554719 0.0125849 0.000472152 0.00253166 0.0134198 0.644498 0.163016 0.0278538 
0.0479444 0.144826 0.0185806 0.122164 0.000285527 0.00226647 0.00862983 0.422467 0.209538 0.0232986 
0.097163 0.0519335 0.00938127 0.0133357 0.000220894 0.00299779 0.0309803 0.52195 0.123329 0.148708 
0.201126 0.0426172 0.00645109 0.0176932 8.93225e-05 0.000450741 0.0197794 0.350196 0.24983 0.111768 
0.0380044 0.0358887 0.0275814 0.012705 0.000867993 0.00279839 0.0451445 0.553069 0.265905 0.0180353 
0.167049 0.0669249 0.00218459 0.000340354 3.27692e-06 2.00656e-05 0.246178 0.313098 0.176712 0.0274903 
0.0757343 0.070327 0.00618156 0.02395 0.0155689 0.00128709 0.207421 0.330322 0.263414 0.00579362 
0.035315 0.0533432 0.00168845 0.0219232 2.64969e-05 0.000267303 0.114662 0.674202 0.0789962 0.0195764 
0.0256713 0.0918594 0.00130882 0.00832364 1.60849e-05 2.27901e-05 0.0899611 0.384624 0.0240254 0.374188 
0.00744641 0.233969 0.0013369 0.175521 0.000174014 1.88458e-05 0.0518672 0.312728 0.215629 0.0013088 
0.0361728 0.0812021 0.00421847 0.0519194 0.000358022 0.000244239 0.0274821 0.562312 0.221121 0.0149697 
0.0922517 0.215007 0.00413937 0.21744 7.63951e-07 3.49598e-08 0.194207 0.275799 1.40081e-06 0.00115327 
0.114805 0.0736315 0.0160529 0.0200157 0.00056291 0.0200807 0.0255325 0.411719 0.247469 0.0701313 
0.321886 0.0126788 0.00768344 0.0467148 2.41017e-05 5.12017e-05 0.00834454 0.420691 0.172722 0.00920452 
0.0427657 0.0739189 0.0128747 0.0398028 0.00190286 0.0173459 0.0270044 0.513101 0.250682 0.0206012 
0.0344889 0.203513 0.127551 0.153408 4.00791e-05 0.000657567 0.0495857 0.270278 0.134373 0.026105 
0.00721934 0.150666 0.000593697 0.0654844 0.00357574 1.40038e-05 0.0183603 0.642041 0.107307 0.00473801 
0.00741595 0.204471 0.000446421 0.0127469 3.80799e-05 1.01434e-05 0.0173533 0.471308 0.285103 0.00110783 
0.0325712 0.059304 0.0151321 0.0468608 0.000254489 0.00804077 0.0398816 0.640495 0.0794336 0.0780266 
0.0142917 0.0888449 0.00166289 0.0745532 0.000981695 0.00860835 0.0204329 0.639354 0.143789 0.00748145 
0.101125 0.0275313 0.00151872 0.00584879 3.52021e-06 5.80009e-05 0.00824165 0.570986 0.24586 0.0388274 
0.0984235 0.0871871 0.0103134 0.0203005 0.000270454 0.0137581 0.125484 0.392727 0.128259 0.123277 
0.01196 0.0804872 0.0026919 0.0198442 0.00405794 0.000125744 0.0862081 0.637807 0.152378 0.00444025 
0.00900429 0.0481624 0.0864957 0.0288233 0.00353468 0.00712916 0.261862 0.421127 0.0762889 0.0575728 
0.013209 0.0254729 0.0112488 0.0712158 0.102792 0.00176313 0.201296 0.52213 0.0387313 0.0121414 
0.078687 0.0380026 0.013678 0.0100822 4.23444e-06 0.00280262 0.00435397 0.406596 0.14691 0.298884 
0.132505 0.178013 0.0159528 0.012356 0.00106491 0.000625289 0.0809132 0.340992 0.131205 0.106371 
0.177207 0.0309483 0.0108674 0.0187404 0.00330297 0.00984881 0.0238834 0.421708 0.100271 0.203223 
0.113143 0.0915725 0.00516601 0.0208121 0.001678 0.000606988 0.051942 0.451281 0.237892 0.0259058 
0.127406 0.0340208 0.0248723 0.00648027 3.13196e-05 0.00737109 0.0104689 0.453694 0.227405 0.108251 
0.203819 0.15935 0.00329823 0.000898812 3.85082e-12 9.24346e-09 0.116775 0.364583 0.0674545 0.0838209 
0.0443372 0.0374391 0.0114664 0.0187565 0.000687965 0.00868691 0.0257196 0.594286 0.0918086 0.166812 
0.113828 0.215693 0.00474315 0.0243961 0.000206651 0.00037635 0.0506105 0.305198 0.134184 0.150765 
0.0276033 0.0262878 0.00852168 0.0150508 0.00136154 0.325489 0.0343245 0.343958 0.195237 0.0221666 
0.318756 0.0606774 0.00536502 0.0107922 0.000114127 0.000327225 0.00222241 0.374556 0.17569 0.0515001 
0.0530299 0.164153 0.00125983 0.0275866 0.000241688 1.92902e-05 0.060438 0.425074 0.266406 0.00179088 
0.115084 0.0513092 0.0116156 0.0268519 0.000967976 0.0111612 0.023516 0.392056 0.345561 0.0218771 
0.0992306 0.096422 0.0110824 0.00203016 4.06838e-06 0.000928355 0.0333415 0.508075 0.212095 0.0367914 
0.0407922 0.0602415 0.0769355 0.0142015 7.6574e-05 0.0415468 0.130564 0.38193 0.0889914 0.164721 
0.039746 0.174366 0.0196819 0.0336056 0.00167367 0.00664473 0.258819 0.259482 0.153433 0.0525474 
0.121912 0.0875921 0.010832 0.0261256 0.000724607 0.00133235 0.0196947 0.393801 0.320294 0.0176904 
0.0553007 0.0372089 0.0238268 0.0193643 0.00116487 0.00262991 0.0387919 0.576447 0.0719956 0.17327 
0.120222 0.0882018 0.021526 0.00812624 0.000406573 0.00566114 0.133576 0.385745 0.0990875 0.137448 
0.0476653 0.0160672 0.0684649 0.0161927 0.00133756 0.0822347 0.0767555 0.432176 0.0309938 0.228112 
0.147954 0.138867 0.0107363 0.0141493 7.63157e-05 0.00895763 0.25474 0.261814 0.124521 0.0381845 
0.010307 0.040939 0.00397231 0.0163127 0.000120233 0.000590459 0.0173708 0.548132 0.357441 0.00481506 
0.140066 0.0474625 0.00743006 0.0415648 0.000486768 0.00406376 0.0535393 0.349955 0.279083 0.0763496 
0.0414329 0.0249482 0.00868176 0.00989082 0.000600466 0.00863783 0.0685782 0.391331 0.0580137 0.387885 
0.012125 0.0899651 0.0196617 0.0557077 0.000100336 0.0472476 0.105091 0.400269 0.236267 0.0335653 
0.0313607 0.026046 0.0520476 0.00715806 0.000513645 0.151745 0.00590046 0.443258 0.0257224 0.256248 
0.0320649 0.0240702 0.00064363 0.00138912 3.709e-05 1.68951e-05 0.0416443 0.830045 0.0635625 0.00652651 
0.0221379 0.0690471 0.00489561 0.0215309 0.000515223 0.000115225 0.0764688 0.452969 0.323892 0.0284281 
0.0713981 0.0948695 0.0562918 0.0316421 0.00109922 0.0190168 0.0641751 0.351816 0.234974 0.0747169 
0.261463 0.0599563 0.00100915 0.00161479 1.23128e-05 0.000310463 0.279144 0.340407 0.0535414 0.00254249 
0.0227255 0.0272118 0.0171185 0.019858 0.000340057 0.000120949 0.027159 0.547778 0.0606571 0.277031 
0.190499 0.101867 0.0254656 0.101971 0.000279798 0.0113377 0.155909 0.25812 0.070579 0.0839713 
0.0581252 0.0704919 0.0113889 0.0275996 0.00235271 0.00561144 0.0425062 0.566896 0.111546 0.103482 
0.0141226 0.0677901 0.0454587 0.0410658 0.00882834 0.0275236 0.191666 0.450758 0.121944 0.0308423 
0.019027 0.0603864 0.014711 0.0555752 0.0132671 0.00705985 0.0364206 0.679303 0.0882045 0.0260459 
0.0767742 0.0381868 0.00550282 0.0359872 0.00808898 0.000854311 0.18118 0.530616 0.0825123 0.040297 
0.0370456 0.0134523 0.0375426 0.0448155 0.000331172 0.0107706 0.0284759 0.357395 0.1694 0.300772 
0.0795445 0.0507405 0.0190945 0.0283931 0.00121402 0.00491124 0.0743342 0.420943 0.0676741 0.253151 
0.0715159 0.10509 0.00608664 0.0207424 4.90723e-05 0.0137498 0.0230495 0.497784 0.220683 0.0412493 
0.0675682 0.0269242 0.00358852 0.0118052 0.00257389 0.000115932 0.0340472 0.620746 0.170662 0.0619698 
0.0355205 0.0770704 0.00192477 0.0376928 0.00255009 6.85684e-05 0.02626 0.438589 0.370336 0.0099885 
0.145515 0.025862 0.00519523 0.00707417 0.000108844 0.000399522 0.0279 0.616623 0.142077 0.0292453 
0.0346606 0.0375031 0.0254063 0.00986254 0.000297571 0.0126727 0.0172892 0.743651 0.0600537 0.0586032 
0.00419103 0.0981948 8.92017e-05 0.119298 2.37336e-05 4.34013e-06 0.010922 0.459987 0.305451 0.00183873 
0.01182 0.164095 0.00630444 0.005232 5.67747e-07 0.000747221 0.206827 0.385649 0.048972 0.170353 
0.16109 0.062445 0.0263535 0.0243703 8.79443e-05 0.0015934 0.0357511 0.364351 0.194632 0.129326 
0.0164435 0.0248996 0.0105088 0.00698851 7.68611e-05 0.000659174 0.0166364 0.835742 0.0811973 0.00684796 
0.0663706 0.031153 0.00591825 0.0267709 0.000148666 0.000165103 0.0191262 0.509163 0.314786 0.0263982 
0.0670887 0.0119547 0.0331094 0.00671638 0.000875267 0.0225714 0.0264268 0.515152 0.0225685 0.293536 
0.0256076 0.0610394 0.0215288 0.0742237 0.000111224 0.00870964 0.0316969 0.662116 0.0757597 0.0392067 
0.095106 0.0361124 0.028211 0.0190958 0.000479878 0.0217437 0.0264609 0.5202 0.0482595 0.204331 
0.0143559 0.142481 0.00785076 0.0478986 0.00380119 6.63839e-05 0.181842 0.363796 0.235803 0.00210551 
0.0789265 0.103788 0.00794438 0.0341273 0.00314306 0.00450935 0.0371136 0.334802 0.332126 0.0635203 
0.0324059 0.0290968 0.022368 0.0121991 0.0016121 0.00826562 0.0823586 0.707965 0.053219 0.0505097 
0.0852932 0.0987292 0.0129259 0.0225952 0.000451593 0.000263025 0.0234994 0.471291 0.271391 0.0135609 
0.010579 0.0196469 0.0636827 0.045643 0.00820801 0.00191842 0.120138 0.578886 0.0585332 0.0927641 
0.0806899 0.0333865 0.000112898 0.00574108 6.80969e-08 3.00317e-05 0.0435692 0.630151 0.197018 0.00930118 
0.0542667 0.0595768 0.023305 0.00862389 9.96029e-05 0.0015744 0.0358578 0.648266 0.118237 0.0501921 
0.0922551 0.0743387 0.00405758 0.0112382 0.000196133 0.000234227 0.0987566 0.447845 0.218448 0.0526301 
0.0194371 0.16916 0.0495395 0.0186894 8.55468e-05 0.00489479 0.0312167 0.271786 0.224388 0.210803 
0.0241309 0.0361029 0.000964676 0.0020825 5.48033e-05 2.52251e-05 0.0624617 0.812799 0.051591 0.00978784 
0.102025 0.0250108 0.00282293 0.00138284 0.00201616 3.44817e-05 0.0732443 0.514415 0.229886 0.0491623 
0.169452 0.0261602 0.000191016 0.0156022 7.27557e-05 3.41966e-05 0.0666065 0.490535 0.0139592 0.217387 
0.166175 0.0918172 0.0203955 0.0234326 0.026631 0.00209696 0.0497454 0.438587 0.161813 0.0193071 
0.0187851 0.10148 0.000820287 0.00973018 0.000978516 3.01951e-05 0.0328539 0.547993 0.264717 0.0226126 
0.0825858 0.00940451 0.00104373 0.000635612 6.83897e-07 0.00247467 0.00307755 0.423389 0.232937 0.244451 
