0.0166361 0.0243939 6.66497e-05 0.00902377 8.01131e-05 1.06784e-06 0.00921901 0.121854 0.81842 0.000305948 
0.0467305 0.173067 0.00582692 0.0374276 0.000533335 0.00393538 0.0212509 0.257767 0.415626 0.0378355 
0.0368389 0.123983 0.0464386 0.0875246 0.000100743 0.0124934 0.00827232 0.0913551 0.578267 0.014726 
0.0102903 0.0828849 0.0056237 0.0580278 2.54391e-05 1.90946e-05 0.0465129 0.243851 0.550106 0.00265914 
0.017307 0.113225 0.00409775 0.0254269 0.000144202 0.00110201 0.0876606 0.345957 0.372011 0.0330683 
0.028395 0.00828559 0.0060217 0.0500732 0.000404516 0.000376757 0.0127303 0.111366 0.779807 0.00253989 
0.0180453 0.0819135 0.0655258 0.0148099 0.000499258 0.006097 0.166675 0.284014 0.316012 0.0464091 
0.00819933 0.0329126 0.00062581 0.000592153 7.58216e-05 2.39562e-05 0.153975 0.316574 0.458251 0.0287699 
0.0317466 0.0557112 0.0041344 0.0134436 0.00020174 3.18925e-05 0.00896615 0.347515 0.537185 0.0010642 
0.0159566 0.0496906 0.00360839 0.0463454 8.82767e-05 4.4788e-05 0.0111843 0.170432 0.69605 0.00659983 
0.11285 0.0152779 0.0065265 0.0226915 0.194315 0.00166266 0.164478 0.107924 0.368843 0.00543113 
0.0606706 0.0513375 0.0260764 0.0151343 0.000195463 0.00555755 0.00540716 0.171517 0.556256 0.107848 
0.0134363 0.0379843 0.00538528 0.0405456 2.97814e-05 2.6465e-05 0.00486439 0.0835 0.811337 0.00289076 
0.114772 0.0989495 0.0125902 0.0205551 0.00123323 0.000263557 0.0570015 0.241248 0.419812 0.0335752 
0.0270968 0.0074095 0.0123449 0.0186466 0.000122233 9.69173e-05 0.00823608 0.127239 0.795861 0.00294724 
0.040823 0.0280365 0.0283035 0.00675401 0.0845647 0.0928741 0.186953 0.118198 0.333359 0.0801332 
0.0112905 0.0349609 0.00166595 0.000531671 1.99825e-06 8.42451e-07 0.000429567 0.140744 0.810252 0.000122473 
0.0805103 0.0896672 0.00202034 0.018379 0.000324366 5.06017e-05 0.0350182 0.202493 0.557734 0.0138031 
0.00695752 0.0666258 0.000144086 0.0377129 6.52053e-06 7.87358e-06 0.0212631 0.245798 0.621349 0.000134853 
0.0393095 0.0998931 0.0118348 0.0293335 4.71623e-05 0.00340123 0.0041909 0.140621 0.651792 0.0195771 
0.00722303 0.24964 0.00324496 0.0435858 0.000384154 0.00511423 0.188428 0.0683147 0.431768 0.00229712 
0.0155301 0.0520257 0.0311085 0.0755772 0.000252361 0.0067382 0.0111159 0.161576 0.626091 0.0199851 
0.0748536 0.171696 0.00295953 0.0578502 0.000313564 0.000413923 0.101739 0.123692 0.405552 0.0609296 
0.0146138 0.0434448 0.0705173 0.00831896 2.9654e-05 0.102068 0.00141973 0.134975 0.58982 0.034793 
0.0134363 0.0379843 0.00538528 0.0405456 2.97814e-05 2.6465e-05 0.00486439 0.0835 0.811337 0.00289076 
0.220091 0.138905 0.00833103 0.0878792 0.000421788 0.000629713 0.0143311 0.232122 0.291271 0.00601814 
0.0140542 0.0636694 0.000427708 0.0416629 9.97015e-06 2.94996e-05 0.0192067 0.419453 0.437936 0.00355059 
0.0279081 0.124309 0.00115203 0.0479976 8.18601e-05 0.000283519 0.0075699 0.251022 0.52383 0.0158457 
0.0682203 0.0533274 0.00231267 0.0393191 0.00185577 0.000136504 0.0593191 0.204728 0.564051 0.00673027 
0.0159566 0.0496906 0.00360839 0.0463454 8.82767e-05 4.4788e-05 0.0111843 0.170432 0.69605 0.00659983 
0.0337332 0.133516 0.0060193 0.0270921 0.000445761 0.014331 0.0288289 0.0846756 0.649835 0.0215239 
0.186489 0.0587799 0.14714 0.0238842 0.000332264 0.0113659 0.0120061 0.196015 0.310383 0.0536045 
0.015959 0.0402786 0.133122 0.0292847 0.000926491 0.00550109 0.00795196 0.221573 0.520584 0.0248184 
0.00671121 0.0909954 0.00375826 0.0123344 0.000212893 0.000306776 0.0433865 0.226375 0.606537 0.00938247 
0.020976 0.0550023 0.0040651 0.0436299 0.000591075 5.91759e-05 0.0193712 0.408969 0.443441 0.00389454 
0.018428 0.254828 0.00586244 0.017285 0.00126282 0.000335365 0.133962 0.208519 0.342924 0.0165933 
0.0235627 0.0519382 0.00747278 0.03576 7.77422e-05 0.00239122 0.0159619 0.169608 0.685687 0.00754051 
0.0584879 0.158735 0.00219793 0.0285845 0.00978438 3.04337e-05 0.106126 0.131807 0.499583 0.00466347 
0.063021 0.0998933 0.00663587 0.0481966 0.00033486 0.0012722 0.0418346 0.342904 0.365101 0.0308066 
0.023752 0.106025 0.000213924 0.0982733 0.00597124 4.43644e-05 0.101347 0.111012 0.552177 0.00118386 
0.0170382 0.122486 0.000493064 0.0154589 5.84583e-07 7.41193e-06 0.174224 0.244173 0.421137 0.00498181 
0.0269889 0.0557042 0.0773304 0.0202587 0.00038131 0.0179251 0.0056239 0.23475 0.520756 0.0402813 
0.0821484 0.0903003 0.0088972 0.0257221 0.000673761 0.0092803 0.019217 0.267538 0.478232 0.0179907 
0.0280273 0.0534476 0.0591495 0.0161053 0.000360621 0.0138289 0.00990282 0.301694 0.484054 0.0334298 
0.0852008 0.0704153 0.0134841 0.0166561 0.00200031 0.00208319 0.0176226 0.267913 0.4957 0.0289253 
0.0828291 0.0166036 0.00988126 0.00119543 2.84571e-08 6.8158e-05 0.0217846 0.270506 0.58159 0.0155423 
0.0329843 0.234425 0.0328125 0.0382563 0.00122806 0.000214441 0.0041366 0.131363 0.470071 0.0545084 
0.130339 0.0265714 0.00263006 0.00130134 0.0131919 8.59603e-05 0.00876399 0.106636 0.678897 0.0315843 
5.26053e-05 0.000232963 0.000233233 0.0274778 3.86576e-05 0.000263427 0.00011689 0.000166374 0.971271 0.000147541 
0.0531191 0.156136 0.00115426 0.0206029 8.98165e-06 4.11422e-05 0.0979414 0.199293 0.412461 0.059242 
0.0138594 0.151539 0.000296883 0.0793146 2.65342e-05 6.57463e-05 0.0200971 0.269656 0.460245 0.00490044 
0.0367634 0.0318593 0.0235879 0.00562892 0.0980712 0.0990978 0.219721 0.0985001 0.319992 0.0667791 
0.1046 0.0727537 0.0642012 0.0335123 0.00039497 0.039341 0.0285171 0.255056 0.307143 0.0944804 
0.0232698 0.107786 0.000580378 0.0186744 0.000131204 9.47522e-06 0.105187 0.137571 0.604715 0.00207545 
0.0783407 0.0602434 0.0368464 0.0227899 0.00215403 0.00284733 0.0179212 0.333713 0.401728 0.0434169 
0.00902354 0.0645727 0.00253213 0.0600084 4.399e-05 2.52477e-05 0.00384203 0.0814906 0.778107 0.000354641 
0.106843 0.0931073 0.0121885 0.190084 0.000137195 4.39969e-05 0.0176748 0.157503 0.41482 0.00759891 
0.0199144 0.0624574 0.0465275 0.0655913 0.000133006 0.0352572 0.0124044 0.333403 0.402098 0.0222143 
0.0128438 0.151533 0.00449276 0.124337 3.87595e-05 5.60395e-05 0.267711 0.100206 0.336224 0.00255854 
0.0117525 0.191429 0.0183926 0.0365991 0.000112091 0.00588338 0.187527 0.0874441 0.444001 0.0168595 
0.0792289 0.0515194 0.00171278 0.0163063 0.000410656 6.18336e-05 0.0240166 0.228087 0.58192 0.0167362 
0.111029 0.0343624 0.100104 0.0245844 0.000433022 0.00155303 0.0212645 0.225135 0.466426 0.0151086 
0.175437 0.283331 0.00662325 0.00530118 1.46258e-06 6.69325e-08 0.0693018 2.48154e-06 0.340786 0.119216 
0.0878399 0.0601336 0.00484679 0.0320979 0.00120551 0.00356341 0.0194536 0.295007 0.465438 0.030414 
0.0742302 0.126632 0.0138014 0.0200825 0.00515052 0.00244727 0.132672 0.234703 0.322524 0.0677574 
0.0625459 0.0602421 0.0136628 0.0476719 0.000612834 0.0029403 0.0116279 0.346686 0.423315 0.0306955 
0.0325351 0.0692058 0.00163593 0.0212494 0.000179616 3.306e-05 0.00372915 0.18735 0.682803 0.00127837 
0.033765 0.0391848 0.00924218 0.0118686 0.000323767 1.44544e-05 0.0140062 0.308623 0.571524 0.0114483 
0.091937 0.0354644 0.00628834 0.0292524 0.000451986 0.000796046 0.0210249 0.22717 0.564073 0.0235426 
0.0959441 0.0706812 0.0060078 0.00115889 1.49501e-05 4.27219e-05 0.0233857 0.196823 0.597294 0.00864821 
0.0184759 0.0456006 0.0801593 0.0133438 0.00162597 0.00902021 0.0149435 0.367428 0.412417 0.0369859 
0.0287204 0.0150984 0.0486885 0.0034739 0.000235955 0.00997393 0.00321381 0.154744 0.660666 0.0751852 
0.0884024 0.0565029 0.00873676 0.0503095 5.08452e-05 4.16869e-05 0.0212123 0.253791 0.519827 0.00112616 
0.0507808 0.0452488 0.0989548 0.0186302 0.000490878 0.0100767 0.0277284 0.143583 0.569348 0.0351582 
0.0320642 0.0704082 0.0423873 0.0233478 0.000929307 3.1088e-05 0.0781898 0.187905 0.558177 0.00655999 
0.018589 0.104758 0.000227577 0.0650167 0.00332742 7.46797e-05 0.0720952 0.24259 0.468235 0.0250869 
0.0107039 0.0708064 0.00049479 0.0203908 0.000100195 1.67441e-05 0.0208158 0.347378 0.527172 0.00212109 
0.0506078 0.0594424 0.00164878 0.00773246 0.000196548 0.0018862 0.0167973 0.211969 0.582655 0.067064 
0.0244278 0.0136882 2.80458e-05 0.000875461 4.46224e-06 1.68979e-06 0.116591 0.173908 0.652917 0.0175579 
0.0225106 0.270471 0.0213529 0.0680259 0.000159029 0.000736367 0.201712 0.100001 0.283383 0.0316475 
0.340732 0.0127917 0.0214051 0.00346695 0.000242861 0.00402289 0.0105792 0.231077 0.36263 0.0130511 
0.0298613 0.00293347 0.0241151 4.8291e-05 8.62651e-05 5.8913e-05 0.0125387 0.19925 0.729777 0.00133038 
0.0172497 0.168878 0.00380825 0.0218459 0.00114083 0.000361688 0.022405 0.236104 0.525239 0.00296739 
0.05834 0.0432848 0.148192 0.00416752 8.23328e-05 0.000755123 0.0216336 0.13697 0.563057 0.0235184 
0.0162023 0.0880674 0.000402898 0.050297 0.00235191 3.0547e-05 0.0510994 0.241608 0.548106 0.00183442 
0.0467847 0.142728 0.00655143 0.0161672 0.000896805 4.86702e-05 0.0168602 0.307876 0.410887 0.0512013 
0.0380915 0.0622718 0.0380177 0.0201431 0.000419138 0.000284032 0.0168556 0.284694 0.519978 0.0192458 
0.0475956 0.0234528 0.0146786 0.0130939 0.000408011 0.00100107 0.0168881 0.178731 0.693345 0.0108055 
0.0501918 0.0301935 0.00323359 0.0122811 0.00010354 5.27033e-05 0.00380393 0.22304 0.675709 0.00139057 
0.0164889 0.0644242 0.0311664 0.046246 9.72294e-05 0.00464299 0.0776603 0.280235 0.453686 0.0253529 
0.0344669 0.0611802 0.00634419 0.0121115 0.000827007 0.000771479 0.0301528 0.392903 0.450444 0.0107991 
0.0147058 0.0705022 0.00464516 0.0156677 1.43895e-05 0.0016816 0.0111496 0.103695 0.775329 0.0026096 
0.05202 0.0783176 0.0168172 0.0216187 0.000300761 6.75255e-05 0.0253339 0.23092 0.561228 0.0133756 
0.0754374 0.107415 0.0138842 0.00315018 0.000220977 0.000589045 0.0901039 0.331568 0.339881 0.0377501 
0.00671121 0.0909954 0.00375826 0.0123344 0.000212893 0.000306776 0.0433865 0.226375 0.606537 0.00938247 
0.0503961 0.0460876 0.0147732 0.114742 0.000424514 0.146155 0.00388243 0.273031 0.337986 0.012522 
0.0599337 0.0769716 0.186373 0.00929451 0.000152204 0.00401382 0.0243568 0.161358 0.287554 0.189992 
0.0159566 0.0496906 0.00360839 0.0463454 8.82767e-05 4.4788e-05 0.0111843 0.170432 0.69605 0.00659983 
0.10688 0.0344316 0.0315521 0.0950452 0.00040186 0.0211358 0.052615 0.138214 0.429944 0.0897805 
0.0243205 0.105453 0.0173675 0.0227889 0.0028899 0.00238292 0.0251324 0.153717 0.637168 0.00877928 
0.0311692 0.0348094 0.00763822 0.0150981 0.00105539 3.40681e-05 0.0134142 0.18499 0.701008 0.0107835 
0.120739 0.0556348 0.0266193 0.020283 0.00390498 0.0101124 0.00880618 0.23576 0.434832 0.083308 
0.013234 0.026158 0.00139415 0.00839564 0.000316051 8.14393e-06 0.021192 0.093771 0.833219 0.00231197 
0.026589 0.00456044 0.00909674 0.0142265 0.000248839 5.17009e-05 0.00503076 0.11123 0.827647 0.00131872 
0.037782 0.108247 0.00632418 0.0418507 0.00449394 0.00127017 0.0875332 0.26336 0.43458 0.0145586 
0.101956 0.0408002 0.0112645 0.0292858 0.000766504 3.19624e-05 0.0151591 0.151229 0.638777 0.0107298 
0.0816615 0.216009 0.00105629 0.0476894 9.89214e-06 5.84143e-06 0.00537808 0.288464 0.35058 0.00914595 
0.0784469 0.0746082 0.00468372 0.0414328 0.000251664 0.00137552 0.0262604 0.357735 0.379852 0.0353534 
0.0480384 0.086622 8.12881e-05 0.00232289 0.000164257 7.04364e-07 0.0284935 0.333897 0.499819 0.000560615 
0.225905 0.0168087 0.0555676 0.0242197 0.000662337 0.0102158 0.0210725 0.175775 0.386228 0.0835445 
0.0608488 0.178916 0.000549511 0.0570129 0.0113087 7.08986e-05 0.00530671 0.139815 0.544813 0.0013588 
0.136649 0.0344495 0.000659847 0.022526 0.00925231 7.13468e-05 0.0116826 0.149078 0.617387 0.0182436 
0.0280193 0.0390636 0.0115756 0.0210468 0.00043384 0.00589806 0.021209 0.139319 0.724562 0.00887268 
0.127921 0.0267547 0.0119798 0.0140086 0.000470695 5.55994e-05 0.0102479 0.244414 0.55657 0.00757753 
0.00559507 0.130238 0.00604358 0.0201675 4.76606e-07 8.83543e-05 0.171106 0.196681 0.375738 0.0943426 
0.0134363 0.0379843 0.00538528 0.0405456 2.97814e-05 2.6465e-05 0.00486439 0.0835 0.811337 0.00289076 
0.0180453 0.0819135 0.0655258 0.0148099 0.000499258 0.006097 0.166675 0.284014 0.316012 0.0464091 
0.0173304 0.184713 4.19067e-05 0.196282 2.7674e-07 8.14554e-07 0.00658144 0.242073 0.351108 0.00186889 
0.00902354 0.0645727 0.00253213 0.0600084 4.399e-05 2.52477e-05 0.00384203 0.0814906 0.778107 0.000354641 
0.110801 0.167568 0.0203863 0.0270937 0.000197701 0.00017184 0.0154325 0.224389 0.424776 0.0091834 
0.235577 0.0367196 0.0216746 0.00991945 5.00175e-05 0.00370576 0.0225626 0.246402 0.418436 0.00495367 
0.216156 0.006813 0.0174251 0.0359935 0.000287705 0.0105222 0.027423 0.203243 0.451969 0.0301668 
0.0405176 0.381026 0.00942885 0.0231627 0.000275882 0.0125063 0.00641186 0.119738 0.396151 0.0107814 
0.027651 0.0632841 0.00103703 0.00328837 0.000252692 2.73582e-05 0.0167043 0.257578 0.446059 0.184119 
0.252263 0.00667182 0.0132046 0.0169328 0.000428288 0.00134824 0.00396296 0.119701 0.564241 0.0212469 
0.0703078 0.0774533 0.00683997 0.108745 1.87869e-05 0.000449171 0.012105 0.191207 0.524478 0.0083954 
0.155001 0.0189843 0.017345 0.00353875 0.000197206 0.0155174 0.037156 0.316783 0.40833 0.0271474 
0.0581908 0.0198235 0.0114612 0.018923 0.000521202 0.000847072 0.0129286 0.361769 0.476597 0.038938 
0.202521 0.0647428 2.08467e-06 3.41767e-07 7.10799e-07 0.0205853 0.217102 0.198529 0.276763 0.0197549 
0.0167868 0.068877 0.000578631 0.0366751 0.0017352 5.25471e-05 0.0692283 0.344795 0.434963 0.0263091 
0.0376202 0.0096899 0.194014 0.0119747 0.000343408 0.0421412 0.0127479 0.197617 0.262253 0.231599 
0.016441 0.0689716 0.0032316 0.00980275 0.000112369 1.49405e-05 0.0122549 0.440283 0.448357 0.000531552 
0.0159566 0.0496906 0.00360839 0.0463454 8.82767e-05 4.4788e-05 0.0111843 0.170432 0.69605 0.00659983 
0.0851674 0.111098 0.0573497 0.0301297 0.000280209 0.0138735 0.0472256 0.271534 0.32126 0.0620818 
0.156701 0.0366987 0.225465 0.0133142 0.000321905 0.00325764 0.0129809 0.160954 0.34792 0.0423871 
0.13119 0.0838294 0.0502976 0.00563375 0.000680547 0.113133 0.0174663 0.146366 0.423241 0.0281632 
0.255821 0.00447851 0.00805397 0.0114823 0.000391691 0.00129361 0.0289313 0.287489 0.393388 0.00867126 
0.0291187 0.0645262 0.0109556 0.0204787 1.55938e-05 0.00133482 0.0726819 0.347021 0.420742 0.0331252 
0.023752 0.106025 0.000213924 0.0982733 0.00597124 4.43644e-05 0.101347 0.111012 0.552177 0.00118386 
0.0687636 0.0309997 0.0645454 0.0156787 0.000278776 0.00473458 0.00491814 0.293203 0.471786 0.0450922 
0.171726 0.141272 0.0102162 0.006941 0.00146526 4.49637e-05 0.0247362 0.178918 0.43512 0.0295603 
0.0275396 0.0772712 0.195381 0.0543025 0.000486751 0.012675 0.0493185 0.19043 0.26859 0.124005 
0.0681699 0.0282571 0.0298124 0.0509962 0.000368313 0.00428772 0.00993645 0.271791 0.449426 0.0869549 
0.0134104 0.0923161 0.000194138 0.0510991 9.68004e-06 2.26708e-06 0.00690427 0.151654 0.683603 0.000806691 
0.0414952 0.164541 0.00237345 0.0204337 6.27895e-05 1.77803e-05 0.0283684 0.0518756 0.688511 0.00232118 
0.13956 0.0653115 0.0722334 0.0145841 0.000117142 0.0080372 0.0194442 0.250118 0.373391 0.057203 
0.0633087 0.126146 0.0282557 0.0185362 9.24259e-05 0.00203661 0.030716 0.222897 0.411095 0.0969158 
0.0613958 0.0238403 0.0184011 0.0402362 0.000187673 0.00404931 0.00807661 0.133646 0.66364 0.0465274 
0.017203 0.0955189 0.0197366 0.0133764 0.000377283 0.0245213 0.0331482 0.343676 0.387293 0.0651492 
0.0166931 0.00209959 0.00448702 0.00422409 0.000722282 0.00270516 0.0530183 0.270489 0.614985 0.0305769 
0.0931105 0.0585541 0.0118397 0.030257 0.00695156 0.00617609 0.0298672 0.299451 0.401833 0.0619605 
0.0135335 0.0474239 0.000392382 0.0293175 1.56909e-05 9.81971e-06 0.00532777 0.140245 0.762857 0.000877445 
0.255135 0.0498403 0.00589191 0.0441262 6.64453e-05 0.000338685 0.00871591 0.155049 0.470405 0.0104314 
0.126048 0.0289941 0.0189169 0.0255095 0.00183762 0.00553008 0.0197077 0.323399 0.376605 0.0734521 
0.00702524 0.0502383 0.00197447 0.0466945 3.69478e-05 2.01145e-05 0.00299408 0.0633946 0.826585 0.00103672 
0.0839541 0.0402701 0.00807166 0.0115793 3.71165e-05 0.00065871 0.00740378 0.18165 0.65655 0.00982547 
0.0727114 0.0543792 0.0262409 0.0136472 0.000348971 0.00387643 0.00668605 0.200584 0.605056 0.0164698 
0.0336455 0.0835205 0.00491721 0.0214961 0.000229595 0.0039905 0.0369734 0.347227 0.462423 0.00557789 
0.110164 0.0934998 0.0175022 0.0304443 0.000243558 0.000871388 0.0136363 0.161515 0.562803 0.00931998 
0.0716192 0.0245664 0.0247111 0.030998 0.000223296 0.0208592 0.0100645 0.337633 0.409164 0.0701605 
0.179457 0.0530355 0.00842408 0.00817139 0.00018593 0.00162129 0.0221362 0.324058 0.368122 0.0347886 
0.0595591 0.0134216 0.297943 0.00198349 0.000598448 0.0201417 0.00123169 0.087996 0.396755 0.12037 
0.0162023 0.0880674 0.000402898 0.050297 0.00235191 3.0547e-05 0.0510994 0.241608 0.548106 0.00183442 
0.0643527 0.0502008 0.0126745 0.0340269 0.000251935 0.00435125 0.0295989 0.389949 0.400906 0.0136882 
0.0621877 0.0562149 0.0195071 0.0279621 0.000215246 0.00755832 0.146656 0.215324 0.438086 0.0262882 
0.0159566 0.0496906 0.00360839 0.0463454 8.82767e-05 4.4788e-05 0.0111843 0.170432 0.69605 0.00659983 
0.0820916 0.0368642 0.0134726 0.0361619 0.000310992 0.00166589 0.0117723 0.185535 0.619653 0.0124725 
0.0366699 0.162562 0.0490261 0.0710474 0.000254861 0.00690618 0.0297071 0.302054 0.32375 0.0180221 
0.033161 0.151675 0.0103016 0.0480252 0.00213524 9.48055e-05 0.0996404 0.16524 0.483568 0.00615928 
0.0175827 0.0436737 0.100562 0.0148099 3.47633e-05 0.0242439 0.00215359 0.205125 0.545156 0.0466592 
0.00539769 0.0724367 0.073861 0.0121489 2.22577e-07 0.00027831 0.0275453 0.267211 0.27862 0.262501 
0.0619036 0.089136 0.00487414 0.0762799 0.00205935 0.00254133 0.0218384 0.267879 0.460626 0.0128615 
0.106002 0.0831712 0.00379345 0.0171595 0.0662755 0.0094583 0.0514874 0.164837 0.364052 0.133764 
0.0336717 0.0358401 0.00756291 0.0118033 0.000190261 0.00158779 0.00305556 0.146708 0.75443 0.00514952 
0.0120549 0.0383017 0.00930134 0.0023222 9.56196e-06 1.16751e-05 0.000674085 0.0986797 0.811277 0.0273674 
0.0166361 0.0243939 6.66497e-05 0.00902377 8.01131e-05 1.06784e-06 0.00921901 0.121854 0.81842 0.000305948 
0.0126494 0.0334204 0.00181513 0.0646992 0.000337885 0.000229217 0.0126569 0.33445 0.536287 0.00345468 
0.0670357 0.127098 0.224177 0.0474629 8.60911e-05 0.00847859 0.100117 0.153951 0.245398 0.026197 
0.0733872 0.0786414 0.00681411 0.0397124 3.14812e-05 1.80399e-05 0.025523 0.26354 0.510995 0.00133692 
0.00869599 0.109047 0.000338521 0.0303699 0.000133909 2.92082e-05 0.0412881 0.380258 0.427984 0.00185534 
0.0087979 0.10327 0.000471584 0.0318353 0.000174612 1.71696e-05 0.0404753 0.371156 0.441939 0.00186378 
0.0223648 0.0228342 0.00137221 0.0205494 3.52948e-05 3.20334e-05 0.00417052 0.12343 0.80419 0.00102226 
0.0235492 0.0603786 0.0785021 0.0198764 0.000286017 0.013444 0.0124137 0.296186 0.458449 0.0369148 
0.0388577 0.101647 0.000597591 0.0130003 5.04962e-05 0.000171401 0.0462431 0.195545 0.493535 0.110352 
0.058126 0.0646195 0.149691 0.0186987 3.3395e-05 0.0216519 0.0820297 0.0913459 0.364324 0.149481 
0.0813566 0.0282421 0.0316387 0.00970894 0.00019855 0.0094397 0.115935 0.275946 0.307495 0.14004 
0.0330245 0.0760415 0.000790687 0.0180376 0.000160578 2.47402e-05 0.0894108 0.270918 0.501592 0.00999892 
0.00839626 0.0343943 0.00199143 0.000971754 0.000179802 1.87864e-05 0.000852357 0.199043 0.752786 0.00136632 
0.0827716 0.0825242 0.00990614 0.0168704 0.000285685 0.00157135 0.0100899 0.23562 0.450667 0.109694 
0.0227585 0.0901573 0.00014174 0.0376906 1.62204e-07 7.44622e-06 0.0110704 0.265145 0.568692 0.00433737 
0.0394849 0.0188149 0.00814277 0.0326682 0.000385585 0.00326626 0.144507 0.205667 0.504273 0.0427913 
0.0223648 0.0228342 0.00137221 0.0205494 3.52948e-05 3.20334e-05 0.00417052 0.12343 0.80419 0.00102226 
0.110632 0.0630877 0.0238501 0.0142006 0.00836554 0.0480015 0.0234008 0.112009 0.495902 0.100551 
0.0247187 0.106689 0.000242803 0.0820284 0.00475818 3.25546e-05 0.0639218 0.16205 0.553252 0.00230607 
0.0134104 0.0923161 0.000194138 0.0510991 9.68004e-06 2.26708e-06 0.00690427 0.151654 0.683603 0.000806691 
0.0653536 0.0504428 0.00577424 0.00536437 0.000255608 0.0194197 0.00524132 0.133513 0.713289 0.00134669 
0.196231 0.0665187 0.0303915 0.0135272 2.45576e-05 0.00510658 0.0192703 0.292942 0.325011 0.0509769 
0.0407707 0.00526591 0.000184794 0.000887238 0.00199019 3.68409e-05 0.161428 0.359762 0.429674 2.19579e-08 
0.0454985 0.0555279 0.0210302 0.027056 0.00109047 0.0324227 0.047964 0.226482 0.435558 0.10737 
0.0654391 0.00758001 0.128895 0.00696409 0.0105086 0.0131026 0.0833969 0.166225 0.341429 0.17646 
0.135011 0.0204779 0.0010453 0.00303714 0.000274232 2.34506e-05 0.0106293 0.234941 0.586149 0.00841151 
0.113958 0.164096 0.00729261 0.00845826 6.63421e-05 0.138633 0.0619139 0.198108 0.288217 0.0192576 
0.0612901 0.00629199 0.00713889 0.00707604 0.0014266 0.00037515 0.0335722 0.276258 0.59267 0.0139013 
0.0759342 0.104204 0.00791709 0.0355107 0.000992153 0.00198253 0.0203632 0.35408 0.379967 0.0190496 
0.0159566 0.0496906 0.00360839 0.0463454 8.82767e-05 4.4788e-05 0.0111843 0.170432 0.69605 0.00659983 
0.0447763 0.169383 0.000137747 0.122317 1.08725e-06 5.99804e-05 0.0536253 0.115679 0.487368 0.00665166 
0.0207448 0.121336 0.00277118 0.0663517 2.24234e-06 1.22031e-05 0.139714 0.205412 0.433984 0.00967201 
0.20268 0.0898001 0.0245186 0.101831 0.000296973 0.00505567 0.027902 0.145334 0.386046 0.0165347 
0.0134363 0.0379843 0.00538528 0.0405456 2.97814e-05 2.6465e-05 0.00486439 0.0835 0.811337 0.00289076 
0.106667 0.116721 0.0419559 0.0227001 7.75079e-05 0.00285148 0.025556 0.185055 0.493521 0.00489408 
0.0319073 0.045301 0.00189813 0.11854 0.00028017 4.90961e-05 0.0109191 0.17612 0.611058 0.00392722 
0.00818037 0.213358 3.39787e-05 0.0363272 5.80556e-05 3.34597e-06 0.179052 0.152266 0.408866 0.0018556 
0.0778985 0.132526 0.0197231 0.0471989 0.000783556 0.010464 0.0432191 0.209158 0.424744 0.0342842 
0.0159566 0.0496906 0.00360839 0.0463454 8.82767e-05 4.4788e-05 0.0111843 0.170432 0.69605 0.00659983 
0.0602081 0.0481321 0.000651085 0.00430787 2.99387e-07 0.000248738 0.136416 0.262034 0.372579 0.115422 
0.0159566 0.0496906 0.00360839 0.0463454 8.82767e-05 4.4788e-05 0.0111843 0.170432 0.69605 0.00659983 
0.042297 0.0794284 0.0609196 0.00920213 1.86851e-05 0.0135244 0.021023 0.257808 0.437311 0.0784679 
0.0393095 0.0998931 0.0118348 0.0293335 4.71623e-05 0.00340123 0.0041909 0.140621 0.651792 0.0195771 
0.0539188 0.282952 0.00270303 0.0267494 0.000113119 0.000101623 0.0334815 0.279517 0.318565 0.00189833 
0.00941737 0.0458784 0.000103373 0.0374758 8.92597e-05 9.65512e-06 0.11491 0.293533 0.450246 0.0483367 
0.0667467 0.172759 0.0927377 0.0640062 4.43493e-07 0.0125194 0.0117903 0.168455 0.349519 0.061467 
0.130683 0.0609496 0.00513718 0.0273796 3.73698e-05 2.10412e-05 0.00685508 0.15963 0.608088 0.00121858 
0.19676 0.0241742 0.00155252 0.00940112 0.000168062 6.51517e-06 0.0187141 0.138412 0.594074 0.0167368 
0.0311692 0.0348094 0.00763822 0.0150981 0.00105539 3.40681e-05 0.0134142 0.18499 0.701008 0.0107835 
0.0983106 0.0719726 0.0553576 0.00620109 7.89428e-06 1.64107e-06 0.0890286 0.2402 0.33641 0.102509 
0.0223512 0.179461 0.0011139 0.0110013 4.50872e-05 2.9039e-05 0.013132 0.167258 0.603438 0.00216968 
0.0975124 0.169659 0.0011227 0.0566276 1.14223e-05 1.12654e-05 0.00189311 0.304228 0.318373 0.0505616 
0.00852547 0.0514858 0.0188463 0.0369309 2.88038e-05 3.06004e-05 0.0287202 0.229244 0.625166 0.0010217 
0.032426 0.074417 0.0238137 0.0339765 0.000372779 0.0207274 0.0298514 0.239493 0.520957 0.0239649 
0.031823 0.128359 0.0806161 0.0111909 3.6928e-05 0.0141788 0.0177676 0.151246 0.524706 0.0400751 
0.0146097 0.068757 0.000393744 0.0519963 0.00156145 2.79606e-05 0.0222641 0.297935 0.53251 0.00994442 
0.0621199 0.0453491 7.50081e-05 0.0675826 5.51136e-05 1.3176e-06 0.000807177 0.372577 0.450654 0.00077919 
0.047961 0.089977 0.0446513 0.0411133 2.71623e-05 0.00303529 0.0214779 0.171782 0.554852 0.0251228 
0.232303 0.0200427 0.00985933 0.0119484 0.00192127 0.000947922 0.00331533 0.301795 0.394734 0.0231328 
0.0223648 0.0228342 0.00137221 0.0205494 3.52948e-05 3.20334e-05 0.00417052 0.12343 0.80419 0.00102226 
0.0721055 0.00959401 0.0085295 0.0276073 0.000644994 9.15631e-05 0.0251296 0.258821 0.596324 0.0011527 
0.255135 0.0498403 0.00589191 0.0441262 6.64453e-05 0.000338685 0.00871591 0.155049 0.470405 0.0104314 
0.273136 0.0864201 0.00247079 0.0209988 0.000252714 0.000446252 0.0117295 0.131539 0.457012 0.0159953 
0.0151215 0.129721 0.000802848 0.0522171 0.0065192 8.64793e-05 0.0278487 0.167584 0.599537 0.000562419 
0.0159621 0.024582 0.000256938 0.0067682 6.01571e-05 9.52777e-06 0.104499 0.165704 0.68109 0.00106863 
0.0135335 0.0474239 0.000392382 0.0293175 1.56909e-05 9.81971e-06 0.00532777 0.140245 0.762857 0.000877445 
0.172389 0.0273669 0.0115104 0.0134364 0.000505113 0.000493082 0.0113418 0.336132 0.417636 0.00918941 
0.0159566 0.0496906 0.00360839 0.0463454 8.82767e-05 4.4788e-05 0.0111843 0.170432 0.69605 0.00659983 
0.0117399 0.0926091 0.021032 0.00115906 5.32963e-05 0.0678302 0.0121793 0.15581 0.543011 0.0945767 
0.0328594 0.102992 4.01681e-05 0.0535985 0.000141003 1.74926e-05 0.0181681 0.37806 0.410094 0.00402954 
0.0134104 0.0923161 0.000194138 0.0510991 9.68004e-06 2.26708e-06 0.00690427 0.151654 0.683603 0.000806691 
0.230988 0.108664 0.0431585 0.0206795 2.86555e-05 0.00600848 0.011912 0.181607 0.269255 0.127699 
0.0424971 0.0877259 0.0384117 0.0254477 0.000250833 0.00430475 0.0121606 0.244145 0.526012 0.0190445 
0.0118458 0.00925288 0.0113918 0.00189872 0.000230868 8.93005e-05 0.014047 0.155391 0.79206 0.00379346 
0.107952 0.130687 0.00270327 0.0382756 0.155697 3.47521e-05 0.0552077 0.151913 0.187814 0.169715 
0.0479872 0.0670513 0.0587845 0.0267635 0.000350794 4.3007e-05 0.0695034 0.0583995 0.668514 0.00260281 
0.0506705 0.0548887 0.0286209 0.0327004 0.000156013 0.0146294 0.0124205 0.164001 0.601437 0.0404759 
0.0258104 0.0591581 0.00509286 0.0095373 0.00094873 6.45557e-05 0.0417803 0.40931 0.435068 0.0132303 
0.157693 0.0898409 0.00731583 0.00505485 0.000183575 6.00613e-05 0.105271 0.167939 0.446443 0.0201995 
0.0133721 0.0267551 0.00219052 0.0318464 2.87263e-05 1.58348e-05 0.00260862 0.125885 0.796589 0.000709256 
0.0385238 0.018913 0.0110941 0.0238166 0.000708577 6.49125e-05 0.0157688 0.219041 0.667523 0.00454651 
0.0716709 0.269489 0.000988778 0.0296448 2.41692e-05 1.44851e-06 0.00631029 0.295621 0.32362 0.00262977 
0.0138068 0.0827467 0.000424163 0.0493053 0.00235908 3.67989e-05 0.0645878 0.233764 0.551832 0.00113683 
0.0760317 0.0994861 0.0125632 0.0287689 0.000464874 0.00437675 0.0169479 0.240165 0.505027 0.0161682 
0.0703078 0.0774533 0.00683997 0.108745 1.87869e-05 0.000449171 0.012105 0.191207 0.524478 0.0083954 
0.10659 0.0117076 0.020059 0.00217453 8.19973e-05 0.000775405 0.010085 0.226251 0.529722 0.0925538 
0.0490835 0.0553623 0.00505459 0.00242446 0.000180197 0.0355813 0.00528919 0.140157 0.699369 0.00749867 
0.0125174 0.0467179 0.0175882 0.00156769 0.00019038 0.000154048 0.0375678 0.177663 0.696281 0.00975182 
0.0182042 0.0143431 0.169074 0.00465224 0.00187504 0.00825104 0.00835363 0.150684 0.574005 0.0505572 
0.0306028 0.184955 0.00297758 0.0223552 0.000146993 0.000116837 0.0115296 0.181117 0.550856 0.0153424 
0.0187576 0.0284087 0.307788 0.0139328 0.000364584 0.0214739 0.0029111 0.111213 0.445819 0.0493319 
0.30292 0.129278 0.000823416 0.0335078 0.013188 5.7588e-05 0.047709 0.109461 0.333847 0.029208 
0.0783306 0.050862 0.00789702 0.0097605 0.000153568 0.00646514 0.211126 0.165379 0.465127 0.00489942 
0.0154546 0.117064 0.00284322 0.022728 2.82776e-07 0.00813981 0.0526904 0.0821767 0.596373 0.10253 
0.0652807 0.0181552 0.192409 0.00684716 0.000313884 0.00383481 0.0223869 0.28608 0.352664 0.0520291 
0.205012 0.0351866 0.00871312 0.00436986 0.0419379 0.00155464 0.0331114 0.299416 0.358516 0.0121821 
0.254177 0.0746676 0.00726281 0.0197125 5.13597e-07 0.00597257 0.147156 0.147592 0.259355 0.0841051 
0.0447763 0.169383 0.000137747 0.122317 1.08725e-06 5.99804e-05 0.0536253 0.115679 0.487368 0.00665166 
0.01669 0.0721658 0.00238629 0.00445488 0.000458979 1.00884e-05 0.053071 0.237114 0.576021 0.0376284 
0.0892209 0.0522902 0.00435413 0.00902269 0.000310992 6.65647e-05 0.00739853 0.186229 0.650755 0.000352552 
0.00214441 0.0237366 0.00524052 0.00355234 8.58718e-06 7.35293e-05 0.0163348 0.209762 0.736673 0.00247486 
0.0557019 0.0154477 0.00662959 0.0116164 0.000380121 0.000133649 0.0386375 0.178417 0.683731 0.00930525 
0.232732 0.142201 0.00893629 0.0307403 2.13001e-05 0.0186989 0.0920395 0.129506 0.328909 0.0162169 
0.0134363 0.0379843 0.00538528 0.0405456 2.97814e-05 2.6465e-05 0.00486439 0.0835 0.811337 0.00289076 
0.0534009 0.0281493 7.88117e-05 0.00995537 9.4115e-05 2.49017e-06 0.0565968 0.122763 0.6976 0.0313588 
0.00918732 0.069891 0.0824873 0.000905986 2.55876e-08 0.000153769 0.0005513 0.0368159 0.765502 0.0345049 
0.212256 0.0672401 0.00170236 0.00138057 6.43585e-06 2.80196e-05 0.000403144 0.0622658 0.618315 0.0364027 
0.17991 0.0348344 0.0309992 0.0180969 0.000972476 0.00587119 0.0197064 0.168092 0.447869 0.093648 
0.0166361 0.0243939 6.66497e-05 0.00902377 8.01131e-05 1.06784e-06 0.00921901 0.121854 0.81842 0.000305948 
0.023752 0.106025 0.000213924 0.0982733 0.00597124 4.43644e-05 0.101347 0.111012 0.552177 0.00118386 
0.0357786 0.132395 0.00235404 0.0331937 1.26896e-05 5.47134e-05 0.0254669 0.310575 0.451212 0.00895722 
0.0247708 0.174769 0.00370015 0.0351238 0.000152311 7.85245e-06 0.0303122 0.106594 0.622605 0.00196422 
0.0134363 0.0379843 0.00538528 0.0405456 2.97814e-05 2.6465e-05 0.00486439 0.0835 0.811337 0.00289076 
0.019719 0.0764672 0.0268564 0.0143315 1.6428e-05 0.000366202 0.123675 0.170985 0.558919 0.00866379 
0.111802 0.0289267 0.0309325 0.0155992 0.000375493 0.00249346 0.0129047 0.248534 0.517105 0.0313264 
0.00499907 0.0499482 0.000562627 0.00715598 2.56132e-05 1.97164e-05 0.0232884 0.397054 0.516223 0.000723212 
0.177627 0.0681712 0.0309816 0.0159639 0.000461714 0.00320671 0.0257686 0.288976 0.311094 0.0777486 
0.0746825 0.0913166 0.00798873 0.0199713 0.00202419 0.00101213 0.0909122 0.19364 0.491311 0.0271412 
0.0138068 0.0827467 0.000424163 0.0493053 0.00235908 3.67989e-05 0.0645878 0.233764 0.551832 0.00113683 
0.132451 0.0827525 0.0681897 0.00761276 0.000346273 0.00211313 0.00335654 0.260187 0.405074 0.0379169 
0.0653536 0.0504428 0.00577424 0.00536437 0.000255608 0.0194197 0.00524132 0.133513 0.713289 0.00134669 
0.0134363 0.0379843 0.00538528 0.0405456 2.97814e-05 2.6465e-05 0.00486439 0.0835 0.811337 0.00289076 
0.056112 0.0568621 0.0109624 0.026607 0.000195113 0.00227108 0.0184844 0.288287 0.518283 0.0219353 
0.0323669 0.288189 0.00128144 0.0259029 0.000422028 4.18689e-05 0.0511625 0.19144 0.394313 0.0148804 
0.0545931 0.0100129 0.00435457 0.000870494 0.00049427 0.000154549 0.0279195 0.199475 0.506962 0.195163 
0.0384468 0.0235546 0.00694917 0.00251968 0.000337471 7.1245e-05 0.0796278 0.222037 0.618334 0.00812219 
0.150311 0.0419513 0.00322644 0.000384454 0.000134256 0.000529052 0.0734701 0.179433 0.524402 0.0261587 
0.117149 0.0903476 0.00346729 0.0222493 0.000212656 0.0358783 0.0455991 0.109522 0.530469 0.0451067 
0.0268245 0.0318081 0.00151359 0.016131 0.000293252 0.000157795 0.00838908 0.166799 0.680637 0.0674464 
0.0595591 0.0134216 0.297943 0.00198349 0.000598448 0.0201417 0.00123169 0.087996 0.396755 0.12037 
0.0174348 0.291106 9.58838e-05 0.00754058 3.06281e-06 1.89815e-06 0.00481639 0.316209 0.350644 0.0121486 
0.0285618 0.0790663 0.00580746 0.0168565 0.0227193 0.000302293 0.12557 0.181097 0.5384 0.00161937 
0.0491085 0.0348003 0.00988207 0.0437747 0.000176695 0.00057901 0.00617515 0.203081 0.641304 0.0111188 
0.0230807 0.00824354 0.191194 0.0217175 0.000200146 0.00708914 0.0310137 0.119539 0.574952 0.0229709 
0.028395 0.00828559 0.0060217 0.0500732 0.000404516 0.000376757 0.0127303 0.111366 0.779807 0.00253989 
0.00740582 0.0441587 0.00544614 0.0218515 0.000162894 3.78012e-05 0.00374399 0.234747 0.680201 0.00224512 
0.00671121 0.0909954 0.00375826 0.0123344 0.000212893 0.000306776 0.0433865 0.226375 0.606537 0.00938247 
0.0439876 0.0311933 0.00698399 0.030918 2.93946e-05 2.58446e-05 0.00247803 0.0903218 0.790648 0.0034143 
0.0142982 0.0102877 0.00159277 0.00970384 2.15492e-05 1.04698e-05 0.00145624 0.171871 0.789821 0.000937121 
0.15777 0.0656196 0.00777667 0.00845797 0.00641272 0.0105956 0.178179 0.0272211 0.363966 0.174002 
0.00971206 0.0706065 0.00222968 0.0521188 3.42183e-05 1.9638e-05 0.00350213 0.110004 0.75135 0.0004232 
0.172187 0.0214248 0.017427 0.0224091 0.000121351 0.000860356 0.00455032 0.146165 0.586105 0.0287497 
0.0393095 0.0998931 0.0118348 0.0293335 4.71623e-05 0.00340123 0.0041909 0.140621 0.651792 0.0195771 
0.0476398 0.1502 0.0272471 0.00822274 2.0121e-05 1.35758e-05 0.00432831 0.16797 0.487034 0.107324 
0.0843916 0.0215661 0.0255721 0.0371792 0.000301672 0.000835102 0.0094884 0.0841903 0.724811 0.0116644 
0.122261 0.00888327 0.0470655 0.019056 0.000129028 0.00011211 0.0112283 0.108213 0.674551 0.00850078 
0.0405132 0.106785 0.000165326 0.00673131 0.000121234 0.0589032 0.152155 0.123906 0.498149 0.0125714 
0.0426394 0.258478 0.0227485 0.0401725 4.37318e-06 0.000124547 0.108487 0.163203 0.345121 0.0190217 
0.0690547 0.0107196 0.340013 0.0145866 0.00079601 0.00610918 0.00748408 0.0976117 0.403315 0.0503103 
0.0034287 0.174274 0.0187693 0.217148 1.89511e-05 7.18084e-05 0.0883045 0.223714 0.227492 0.0467778 
0.067414 0.00994848 0.258022 0.0433264 0.000205738 0.0181563 0.00503326 0.146167 0.358726 0.0930013 
0.0199367 0.0419239 0.000136422 0.0309482 0.000512521 7.74138e-06 0.015608 0.419532 0.469077 0.00231733 
0.240969 0.0464848 0.000963113 0.00195164 5.54186e-05 6.91024e-05 0.0150384 0.276096 0.383025 0.0353465 
0.088266 0.0883424 0.0373144 0.0187076 7.48373e-05 0.0708705 0.0568807 0.227113 0.271117 0.141313 
0.0319119 0.078668 0.0681745 0.0272201 0.00563232 0.00824598 0.179236 0.256941 0.304502 0.0394677 
0.00560287 0.0866375 0.00478574 0.00580695 8.46199e-05 0.00032903 0.0408106 0.263583 0.579519 0.0128404 
0.0155301 0.0520257 0.0311085 0.0755772 0.000252361 0.0067382 0.0111159 0.161576 0.626091 0.0199851 
0.0248572 0.106951 0.0018917 0.0485444 8.27278e-05 0.000129012 0.245864 0.179305 0.37871 0.0136653 
0.057529 0.116334 0.0216748 0.0300536 0.000854134 0.00878851 0.0208836 0.207655 0.514808 0.0214194 
0.0795554 0.0359311 0.0105226 0.084541 9.796e-05 0.000171029 0.0167007 0.184355 0.582622 0.00550221 
0.0222113 0.145212 0.000185749 0.013653 8.04272e-06 3.55244e-06 0.186322 0.116794 0.513801 0.00180903 
0.0385754 0.0942752 0.0604846 0.0815028 6.13094e-05 0.000287802 0.00369083 0.285246 0.400687 0.0351884 
0.0146138 0.0434448 0.0705173 0.00831896 2.9654e-05 0.102068 0.00141973 0.134975 0.58982 0.034793 
0.0159566 0.0496906 0.00360839 0.0463454 8.82767e-05 4.4788e-05 0.0111843 0.170432 0.69605 0.00659983 
0.0606281 0.112383 0.00439629 0.0316778 0.017785 7.36258e-05 0.0286628 0.246121 0.489187 0.00908538 
0.262609 0.0184952 8.89327e-05 0.00289975 9.78352e-07 4.86745e-06 0.000630536 0.17671 0.537005 0.00155517 
0.225434 0.0540343 0.0327098 0.00609199 0.00076075 0.00309771 0.0916376 0.151676 0.398703 0.0358543 
0.0134363 0.0379843 0.00538528 0.0405456 2.97814e-05 2.6465e-05 0.00486439 0.0835 0.811337 0.00289076 
0.00499907 0.0499482 0.000562627 0.00715598 2.56132e-05 1.97164e-05 0.0232884 0.397054 0.516223 0.000723212 
0.018335 0.0706363 0.00354258 0.01168 0.000176417 1.61616e-05 0.012631 0.437815 0.44447 0.000697766 
0.0185144 0.0263607 0.000639475 0.00703414 0.000379196 9.68095e-06 0.0243723 0.122599 0.784664 0.0154269 
0.0158273 0.0711544 0.0189903 0.0449947 0.000132376 0.00147767 0.0088993 0.223338 0.608614 0.00657167 
0.0805793 0.0246583 0.00301296 0.0226999 0.000243495 9.66574e-05 0.0187864 0.325953 0.521739 0.00223102 
0.289413 0.0317571 0.000405362 0.00458719 0.000776373 5.17206e-06 0.0192856 0.317993 0.326803 0.0089743 
0.0776961 0.0519933 0.00204844 0.049041 4.24484e-05 1.50757e-05 0.0154116 0.106892 0.687575 0.00928575 
0.00902354 0.0645727 0.00253213 0.0600084 4.399e-05 2.52477e-05 0.00384203 0.0814906 0.778107 0.000354641 
0.0917766 0.290947 0.00165437 0.0171356 2.66708e-05 2.06817e-05 0.0389863 0.230186 0.321965 0.0073025 
0.0423426 0.0128783 0.0065321 0.0532846 0.000521177 0.00053213 0.0247902 0.215356 0.639423 0.00434058 
0.0675404 0.289289 0.000599396 0.00233415 7.6329e-06 8.88901e-06 0.0421715 0.180685 0.400328 0.0170368 
0.0223 0.0204322 0.116055 0.00366784 8.2856e-05 0.00994947 0.00978638 0.20425 0.59571 0.017766 
0.0431959 0.0512271 0.000131726 0.00651748 4.23224e-05 4.14622e-06 0.0121022 0.37603 0.420733 0.0900154 
0.0488896 0.118537 0.000602043 0.0478572 9.29067e-06 0.000116856 0.141034 0.166439 0.438305 0.0382099 
0.0269889 0.0557042 0.0773304 0.0202587 0.00038131 0.0179251 0.0056239 0.23475 0.520756 0.0402813 
0.0438219 0.00683689 0.00401312 0.0573056 0.000504877 0.000252625 0.0095926 0.198321 0.672681 0.00667054 
0.080149 0.0275394 0.0150599 0.0334608 0.000287361 0.00146362 0.0127115 0.295513 0.504981 0.0288338 
0.0310761 0.0275384 0.00747899 0.0198212 0.000547027 0.000170668 0.00971206 0.0751362 0.779914 0.048605 
0.313352 0.00812066 0.0151683 0.0203715 0.000475953 0.000579034 0.00476777 0.151452 0.460936 0.0247769 
0.254177 0.0746676 0.00726281 0.0197125 5.13597e-07 0.00597257 0.147156 0.147592 0.259355 0.0841051 
0.0656838 0.0292888 0.0118549 0.0086597 5.38049e-05 0.0385888 0.00648403 0.279394 0.2804 0.279592 
0.0635026 0.0627529 0.0296688 0.0168458 0.000222897 0.0164252 0.0163157 0.32767 0.368178 0.0984176 
0.219449 0.0626111 0.005805 0.0166387 0.000130368 0.000591597 0.00594685 0.284772 0.386584 0.0174723 
0.035801 0.0170873 0.312021 0.0107639 3.46633e-05 0.02849 0.00723477 0.123324 0.387229 0.0780148 
0.0679784 0.118104 0.00588684 0.0298975 0.00189827 0.00101297 0.0299361 0.256828 0.461453 0.0270049 
0.0319073 0.045301 0.00189813 0.11854 0.00028017 4.90961e-05 0.0109191 0.17612 0.611058 0.00392722 
0.0134363 0.0379843 0.00538528 0.0405456 2.97814e-05 2.6465e-05 0.00486439 0.0835 0.811337 0.00289076 
0.0440117 0.0275643 0.010817 0.0117504 0.000266588 0.00281483 0.0113521 0.151415 0.721197 0.0188119 
0.0133545 0.134138 0.000297813 0.0299397 0.000133213 2.25374e-05 0.100765 0.273617 0.446584 0.00114837 
0.0140542 0.0636694 0.000427708 0.0416629 9.97015e-06 2.94996e-05 0.0192067 0.419453 0.437936 0.00355059 
0.0169795 0.103208 0.0149886 0.11269 4.36182e-05 0.00313004 0.120766 0.2251 0.384506 0.0185878 
0.0304709 0.14243 0.00272269 0.0324081 4.08664e-05 0.000185361 0.0127205 0.279042 0.495569 0.00441024 
0.0579981 0.119917 0.019816 0.0614219 2.03589e-05 2.03571e-05 0.105642 0.0759177 0.555569 0.00367718 
0.0251593 0.0298517 0.00573294 0.0061004 0.000701156 0.000183503 0.0128304 0.0900079 0.766787 0.0626456 
0.00932622 0.0452435 0.000271705 0.0236559 2.92568e-05 5.12373e-06 0.00175977 0.138645 0.779908 0.00115544 
0.0535059 0.117097 0.00117545 0.00350132 5.72915e-07 2.98091e-06 0.0121652 0.166615 0.625106 0.0208312 
0.062618 0.0445486 0.014334 0.0239739 0.000198303 0.000772408 0.0143613 0.383828 0.432583 0.0227828 
0.0171812 0.0749422 0.116122 0.0180802 7.97832e-05 0.0163782 0.0782039 0.236352 0.240443 0.202218 
0.0217632 0.10613 0.0438545 0.0209397 0.000547564 0.00108789 0.105517 0.256357 0.417091 0.0267124 
0.0718356 0.0944238 0.00264143 0.0375292 0.00099512 0.00427245 0.0276641 0.282768 0.45547 0.0224008 
0.107548 0.0125044 0.190762 0.00985398 0.000453483 0.00914206 0.00475891 0.233276 0.402162 0.029539 
0.0643082 0.138535 0.092907 0.02599 2.02278e-05 0.00232861 0.13237 0.0678986 0.457798 0.0178447 
0.0240451 0.0639419 0.188279 0.0436826 0.000126261 0.00885183 0.0469362 0.235072 0.348625 0.04044 
0.0629202 0.11198 0.0276453 0.0206051 0.0733564 0.00356064 0.15629 0.167833 0.322708 0.0531014 
0.0468217 0.0713803 0.0185225 0.00894773 0.000130398 0.000911753 0.0396578 0.124416 0.677 0.0122124 
0.00474255 0.173623 0.00105589 0.0383844 0.00427348 0.00012206 0.149272 0.223894 0.403046 0.00158682 
0.0204928 0.023986 0.000722081 0.00796564 4.66487e-05 3.08875e-05 0.00948795 0.386822 0.548872 0.00157401 
