0.164714 0.078785 0.0486299 0.00302483 0.00579774 0.226683 0.00126881 0.176758 0.281549 0.0127892 
0.0232159 0.0157636 0.0955932 0.00444471 0.0849454 0.107149 0.000432166 0.22212 0.443958 0.00237855 
0.0444688 0.105299 0.0359341 0.004789 0.035923 0.0633424 0.00815759 0.302549 0.395297 0.00423927 
0.126919 0.011877 0.0789242 0.0205687 0.0183473 0.0517192 0.000452401 0.0928425 0.588424 0.0099258 
0.0270379 0.224531 0.011668 0.00933482 0.0358825 0.171164 0.00163362 0.208193 0.230668 0.0798869 
0.0571806 0.177826 0.0362096 0.0120372 0.019147 0.0653848 0.00146047 0.127899 0.375702 0.127153 
0.0912247 0.0880322 0.0822734 0.00783312 0.0532176 0.140753 0.209654 0.0500413 0.260813 0.016157 
0.262108 0.058911 0.0537656 0.00603165 0.0136397 0.0928396 0.00369708 0.19337 0.279839 0.0357982 
0.0626078 0.172764 0.0181973 0.00077716 0.00628426 0.0815778 0.000245429 0.0499513 0.607064 0.000531197 
0.00602973 0.0145123 0.00869612 0.334428 0.0205996 0.167533 0.00106549 0.057173 0.373527 0.0164368 
0.0245373 0.101617 0.189288 0.00341705 0.0328735 0.181753 0.000788633 0.163008 0.293884 0.0088333 
0.0594719 0.0585741 0.0170535 0.00485412 0.00746826 0.0106541 0.00159677 0.243221 0.544817 0.0522893 
0.0952306 0.0825333 0.213995 0.00234211 0.0524027 0.120863 0.0206617 0.190141 0.221565 0.000265106 
0.0381587 0.187216 0.0557911 0.0106583 0.0178352 0.12467 0.00632645 0.162789 0.387275 0.00928073 
0.0460585 0.0461175 0.0281248 0.017916 0.0130343 0.105576 0.000991792 0.277199 0.451991 0.0129913 
0.0439396 0.0195207 0.105617 0.0016466 0.0212055 0.0654361 0.00250677 0.169293 0.551153 0.019683 
0.0585238 0.0184963 0.166004 0.000476384 0.0453382 0.235789 0.000441216 0.119981 0.353453 0.00149678 
0.0721279 0.0256882 0.0642817 0.0011793 0.0219464 0.0589535 0.00632994 0.227696 0.520011 0.00178585 
0.0649777 0.223056 0.0186485 0.00150035 0.0378764 0.0715896 0.00823681 0.24839 0.274285 0.0514396 
0.0602959 0.112547 0.0545502 0.000936878 0.0269956 0.110027 0.00108085 0.238332 0.372674 0.0225601 
0.0469553 0.0566432 0.0334678 0.00948603 0.0258243 0.190436 0.000917008 0.233422 0.38124 0.0216085 
0.0635551 0.133815 0.0249011 0.00333439 0.0132375 0.0752304 0.00168037 0.286578 0.340187 0.0574813 
0.0231368 0.00870486 0.0366371 0.0065079 0.00631309 0.214594 0.000579647 0.134588 0.56723 0.00170785 
0.0179225 0.0285405 0.160759 0.00188532 0.216238 0.163481 0.00654436 0.168421 0.235008 0.00120017 
0.0136763 0.0896757 0.00923195 0.0170822 0.00604221 0.0679437 0.0028014 0.180878 0.529895 0.0827731 
0.0627662 0.0720417 0.0337121 0.00123461 0.0214858 0.097721 0.00110378 0.244327 0.463054 0.00255451 
0.0114341 0.0443839 0.0681277 0.0425854 0.0469919 0.214812 0.00168043 0.228036 0.263287 0.0786617 
0.0145422 0.0534723 0.038131 0.00498786 0.112584 0.0615869 0.0422143 0.0685855 0.582566 0.0213302 
0.00332802 0.140184 0.0211574 0.0173993 0.013676 0.169114 9.84441e-05 0.277634 0.355242 0.00216713 
0.168901 0.0358865 0.0432532 0.00147736 0.02166 0.212546 0.000866388 0.15488 0.360235 0.000294389 
0.19328 0.144949 0.0383685 0.00446318 0.00675532 0.181207 0.000615437 0.15778 0.253843 0.018738 
0.0349646 0.00103918 0.0495956 0.0232896 0.0126348 0.276267 2.17531e-05 0.151804 0.450064 0.000319993 
0.0311241 0.0983281 0.132966 0.00189292 0.0154644 0.213293 0.00266306 0.118369 0.377947 0.00795222 
0.0394097 0.0549092 0.0427027 0.0250338 0.0137285 0.169503 0.000896392 0.209019 0.426316 0.0184826 
0.0381133 0.0374487 0.0453403 0.00648673 0.00857307 0.151626 0.0121167 0.13325 0.565119 0.00192568 
0.100269 0.10233 0.0610762 0.00595034 0.010185 0.0282375 0.000880073 0.168253 0.510613 0.0122044 
0.0147522 0.0557562 0.073534 0.00527752 0.0475644 0.0822492 0.00888578 0.200251 0.478674 0.0330564 
0.0590645 0.0669715 0.0269778 0.0146222 0.0131502 0.21429 0.00152859 0.223446 0.362607 0.0173427 
0.0673773 0.0273051 0.0146101 0.00551765 0.0110125 0.0726698 0.000643994 0.272635 0.527185 0.00104316 
0.0403535 0.214882 0.0388445 0.0129612 0.0246896 0.182619 0.00187054 0.174438 0.29273 0.016612 
0.0349943 0.303434 0.0160134 0.00456607 0.0582478 0.0882133 0.00262552 0.0984696 0.358725 0.0347106 
0.0653789 0.12877 0.0194453 0.00165846 0.0819812 0.160939 0.00296753 0.194626 0.335947 0.00828676 
0.022319 0.0656958 0.0189906 0.00705953 0.0197835 0.0672375 0.00184423 0.319732 0.468912 0.00842511 
0.0344474 0.000619392 0.139624 0.000703831 0.154809 0.140759 0.000134625 0.256868 0.272005 2.90488e-05 
0.0773163 0.128861 0.0358311 0.00225395 0.0141804 0.144435 0.00218388 0.210568 0.374498 0.00987183 
0.137903 0.0282935 0.0648286 0.00186947 0.0192718 0.0942594 0.00194443 0.286626 0.362415 0.00258906 
0.0150462 0.0248469 0.0569953 0.0242119 0.0169687 0.128624 0.000697891 0.075378 0.652153 0.00507823 
0.038428 0.0536659 0.0176991 0.00772586 0.0138895 0.186819 0.000642275 0.213791 0.457111 0.0102283 
0.0304526 0.0496441 0.0386548 0.0109766 0.0422379 0.318729 0.00331374 0.137398 0.361179 0.00741492 
0.0208418 0.0597772 0.0122146 0.0101435 0.0114944 0.0810595 0.000941836 0.10081 0.693272 0.00944514 
0.0378434 0.10169 0.0619096 0.00188734 0.0170462 0.0682563 0.0095214 0.287312 0.406114 0.00841925 
0.0262086 0.0494783 0.0211683 0.00303388 0.0136579 0.161076 0.00062339 0.285597 0.421376 0.0177803 
0.173755 0.0474739 0.0314634 0.0137381 0.0244773 0.0993482 0.000211991 0.0525644 0.554005 0.00296227 
0.0435161 0.203926 0.0592454 0.00748662 0.028982 0.218184 0.000908741 0.0903413 0.329775 0.0176346 
0.0162985 0.0821493 0.0375273 0.111541 0.0144363 0.273689 0.000588201 0.161683 0.284134 0.0179536 
0.00853323 0.197769 0.000234621 0.0334512 0.0016946 0.0464752 0.000941098 0.0626248 0.625802 0.0224739 
0.0162985 0.0821493 0.0375273 0.111541 0.0144363 0.273689 0.000588201 0.161683 0.284134 0.0179536 
0.0410483 0.0362966 0.0554592 0.00397881 0.0290753 0.231976 0.000355809 0.118279 0.474876 0.00865523 
0.239246 0.0290995 0.0798521 0.000917191 0.0164799 0.0685131 0.00161618 0.140278 0.421612 0.00238626 
0.0511428 0.262266 0.0739353 0.000939458 0.0465712 0.122413 0.0139503 0.153571 0.273437 0.00177341 
0.0537775 0.179886 0.0318726 0.0066257 0.00591368 0.18045 0.00764993 0.204836 0.312491 0.0164965 
0.0225655 0.0181483 0.145405 0.000528158 0.0346481 0.0642869 0.000654728 0.137554 0.576166 4.29339e-05 
0.014585 0.0550014 0.0485792 0.00636504 0.00642125 0.093237 0.00160214 0.0772003 0.6567 0.0403083 
0.0227283 0.0285177 0.0209198 0.000649045 0.0132932 0.0542974 0.000265169 0.070903 0.773637 0.0147895 
0.0126209 0.0868916 0.0462726 0.00469082 0.0277323 0.101067 0.00332996 0.250098 0.385441 0.0818554 
0.0799388 0.0619922 0.0200141 0.00555395 0.0308158 0.0796399 0.0018253 0.231683 0.471952 0.0165845 
0.0372519 0.0175624 0.124067 0.00367207 0.0730495 0.0550374 0.000338141 0.198177 0.490729 0.000115308 
0.0587273 0.0270128 0.042075 0.00401697 0.0568316 0.169194 0.00194547 0.178065 0.44879 0.013342 
0.0290068 0.0494556 0.0342928 0.00245714 0.059704 0.164946 0.0015785 0.253374 0.397484 0.00770086 
0.0193243 0.00792215 0.0136128 0.00121791 0.00460883 0.053899 0.000104951 0.142995 0.756249 6.56615e-05 
0.0533261 0.0314592 0.125279 0.0143834 0.0186766 0.102024 0.005173 0.158166 0.481077 0.0104347 
0.0382423 0.00833858 0.0648269 0.00840178 0.0207365 0.195997 0.0029405 0.324149 0.329922 0.00644456 
0.0162985 0.0821493 0.0375273 0.111541 0.0144363 0.273689 0.000588201 0.161683 0.284134 0.0179536 
0.128046 0.00932747 0.148504 0.00105085 0.0126612 0.11135 0.000327241 0.21686 0.371827 4.67645e-05 
0.0147758 0.0274136 0.0354121 0.101533 0.0137314 0.192792 0.00330939 0.173062 0.426318 0.0116524 
0.00363441 0.10519 0.00910852 0.00562339 0.00822757 0.227035 0.000226043 0.130805 0.494089 0.0160609 
0.0201024 0.0683268 0.0288562 0.00703723 0.0125866 0.244331 0.00153096 0.157979 0.435734 0.023516 
0.0834179 0.0911994 0.0130739 0.0136685 0.0299132 0.127667 0.00649041 0.2631 0.330743 0.0407274 
0.134125 0.00366051 0.157744 0.00126966 0.0376265 0.227947 0.00152887 0.0772998 0.356129 0.00266882 
0.238346 0.124428 0.0278018 0.00185912 0.0363792 0.0613265 0.00146265 0.196702 0.306429 0.00526608 
0.137667 0.0308531 0.120047 0.00272329 0.0182841 0.0307583 0.0243574 0.10475 0.524517 0.00604293 
0.00941976 0.0217536 0.0347311 0.0119184 0.0319248 0.222243 0.00196163 0.127709 0.531223 0.00711526 
0.152377 0.0312412 0.0334355 0.00532726 0.0446896 0.156812 0.0010292 0.120506 0.444664 0.00991831 
0.0411647 0.0887692 0.0469028 0.0057352 0.0516256 0.153549 0.00650871 0.294311 0.296913 0.0145213 
0.0177826 0.0347816 0.00461012 0.00617646 0.024173 0.287962 0.000995338 0.191465 0.422761 0.00929205 
0.0460602 0.136116 0.0581147 0.00128882 0.0284959 0.0472508 0.00409161 0.255456 0.417964 0.0051625 
0.018029 0.0203264 0.0625831 0.00536176 0.018527 0.298511 0.00103498 0.112373 0.44837 0.0148843 
0.0182456 0.0565041 0.0838452 0.144413 0.0210448 0.175415 0.000809484 0.213369 0.268798 0.0175557 
0.0164694 0.010029 0.0588263 1.73418e-05 0.00421185 0.143476 7.20163e-05 0.136219 0.624364 0.00631469 
0.0507453 0.134002 0.00168366 0.0637187 0.16441 0.139228 0.00296997 0.0761561 0.249024 0.118063 
0.0211064 0.0100924 0.00403101 8.61105e-05 0.00820015 0.00994744 0.00487151 0.0395247 0.901783 0.000356843 
0.0290472 0.0254797 0.055144 0.00270459 0.0338859 0.0730946 0.000286261 0.321078 0.455713 0.00356648 
0.0845574 0.0261743 0.0919401 0.000375876 0.0280918 0.048374 0.000680608 0.19123 0.528475 0.000100879 
0.0119512 0.0632696 0.00469236 0.0150312 0.00787476 0.206838 0.00223386 0.0693018 0.611668 0.00713884 
0.0218763 0.0180085 0.0841142 0.00868344 0.041461 0.145294 0.000132888 0.281684 0.39827 0.000475547 
0.0153913 0.124949 0.0637463 0.00833471 0.0268507 0.0504522 0.0202941 0.259138 0.398843 0.032001 
0.0160596 0.0766958 0.0318092 0.00624491 0.0141552 0.153544 0.0261396 0.152655 0.515821 0.00687482 
0.0342258 0.0560158 0.0409712 0.0214694 0.0411448 0.0925387 0.00512023 0.205216 0.485061 0.0182369 
0.0197219 0.0205116 0.0734059 0.00463011 0.0124663 0.134299 0.00539457 0.254332 0.46076 0.0144783 
0.0484223 0.182131 0.00718519 0.0293671 0.0103821 0.130037 0.0130202 0.178633 0.369483 0.0313394 
0.0846179 0.0510807 0.103701 0.00378596 0.0162252 0.0625346 0.0020342 0.12398 0.549698 0.00234193 
0.0838835 0.0506215 0.0850827 0.00780258 0.0236251 0.249888 0.00251515 0.208212 0.284303 0.00406641 
0.0419112 0.0909519 0.0819615 0.00864686 0.0166811 0.224691 0.0183412 0.163039 0.344987 0.00878831 
0.00296399 0.0586926 0.00585365 0.00437863 0.00217113 0.00839399 0.000607102 0.0692171 0.836733 0.0109888 
0.166318 0.129065 0.0182155 0.00564915 0.0198773 0.0826399 0.000536768 0.163645 0.380812 0.0332409 
0.0306544 0.198115 0.136408 0.0106102 0.00695804 0.114581 0.000617112 0.117051 0.36216 0.0228447 
0.00721943 0.0256442 0.0438404 0.00486044 0.0359536 0.219672 0.00067214 0.294246 0.367502 0.000388898 
0.121311 0.122727 0.0704301 0.00578533 0.0157315 0.0425858 0.000519358 0.124834 0.399052 0.0970229 
0.112263 0.0728198 0.049681 0.00284918 0.036664 0.196371 0.0117423 0.236827 0.273394 0.0073884 
0.100836 0.0726282 0.0454113 0.00514793 0.0494335 0.154422 0.00625437 0.21378 0.307001 0.0450853 
0.0470062 0.0601238 0.173545 0.00112375 0.0392559 0.117366 0.00082126 0.273835 0.286739 0.000183734 
0.0338259 0.15893 0.00819082 0.00438412 0.00198078 0.0262075 0.00322662 0.152131 0.519744 0.0913797 
0.011064 0.0198846 0.0459022 0.00506674 0.0150701 0.153958 0.00806625 0.100583 0.639753 0.000652749 
0.14244 0.012924 0.0217863 0.000777763 0.0380077 0.197634 0.00162338 0.123036 0.461377 0.000393424 
0.0291213 0.0167857 0.041639 0.00318356 0.021698 0.102289 0.00101895 0.308909 0.471348 0.00400774 
0.0144451 0.0839677 0.0662454 0.00889348 0.0263927 0.17807 0.00127141 0.274679 0.324743 0.0212922 
0.0942208 0.0803687 0.0313119 0.00510255 0.0321931 0.10776 0.00153959 0.162898 0.469503 0.0151031 
0.0306794 0.019797 0.0737353 0.00130366 0.0217857 0.0290903 0.000470713 0.379935 0.438789 0.00441319 
0.0575522 0.0574373 0.0307397 0.00549364 0.0247223 0.16311 0.00263386 0.265956 0.380777 0.0115781 
0.122036 0.0129833 0.145114 0.00257126 0.0203482 0.112885 0.00108167 0.221932 0.360572 0.000475627 
0.0787968 0.0509911 0.0132227 0.0874961 0.0050806 0.176501 0.0145573 0.138748 0.311723 0.122883 
0.084484 0.0333316 0.0234629 0.00241528 0.0106474 0.018282 0.00164104 0.375097 0.445849 0.00478943 
0.145386 0.124784 0.024033 0.01513 0.0159597 0.100775 0.00729992 0.256899 0.308634 0.00109979 
0.0119958 0.0560226 0.092464 0.0051308 0.0941157 0.124791 0.253189 0.0789671 0.28321 0.000114464 
0.0458859 0.0731943 0.068295 0.00619975 0.0558904 0.173034 0.00899901 0.27824 0.284413 0.00584864 
0.0147467 0.0496847 0.0704348 0.0080505 0.0180572 0.15481 0.00340883 0.0819881 0.58301 0.0158094 
0.0169981 0.0206016 0.0675173 0.00919068 0.0144679 0.237423 0.000283908 0.182915 0.440351 0.0102509 
0.0736676 0.0234044 0.0372812 0.0195324 0.0211005 0.163913 0.000706864 0.324641 0.333204 0.00254924 
0.020634 0.0312393 0.201034 0.00166403 0.0305171 0.190959 0.00135532 0.246702 0.275608 0.000288529 
0.0787327 0.0541532 0.0272272 0.00884122 0.0106255 0.275574 0.0187405 0.185458 0.337329 0.00331914 
0.0154981 0.0198994 0.106679 0.00172564 0.0274978 0.0482372 0.000769858 0.191932 0.573299 0.0144626 
0.0177868 0.0115563 0.0533048 0.00230063 0.0330146 0.031354 0.0015755 0.384727 0.45733 0.00705084 
0.210488 0.0164984 0.0614877 0.000291364 0.0390342 0.0969483 0.00142813 0.210707 0.361244 0.00187267 
0.0266455 0.0586244 0.0474756 0.0182561 0.0160784 0.10741 0.00830421 0.194535 0.47661 0.0460613 
0.0182981 0.173809 0.0170015 0.00792402 0.0348714 0.187175 0.170216 0.0627259 0.318891 0.00908872 
0.183756 0.0621049 0.114063 0.00330871 0.0537771 0.04483 0.000498591 0.130204 0.404651 0.00280633 
0.0102134 0.115886 0.229498 0.00518076 0.00608688 0.040909 0.000639395 0.217066 0.371866 0.00265507 
0.0083284 0.0709832 0.0114786 0.00680725 0.013734 0.207057 0.000458573 0.168145 0.506408 0.00659947 
0.0292613 0.0952163 0.122756 0.00729945 0.0303157 0.160626 0.000498729 0.263616 0.287208 0.00320158 
0.0549198 0.00378225 0.0469825 9.3447e-06 0.0324856 0.0150815 0.0002904 0.0781514 0.768295 1.87073e-06 
0.00928677 0.0901069 0.0541443 0.0031619 0.0367948 0.122744 0.000146538 0.2143 0.462252 0.00706249 
0.0169981 0.0206016 0.0675173 0.00919068 0.0144679 0.237423 0.000283908 0.182915 0.440351 0.0102509 
0.0418962 0.105341 0.130628 0.0189179 0.0123452 0.103851 0.00400407 0.11448 0.387804 0.080733 
0.026754 0.0727749 0.0403759 0.00306115 0.00570928 0.22288 0.00108272 0.203294 0.424036 3.23094e-05 
0.0209046 0.00597818 0.0693298 0.00098287 0.0305528 0.0956781 0.00109431 0.298882 0.476179 0.000418284 
0.10417 0.0324862 0.0576118 0.00551214 0.0381938 0.152703 0.000872478 0.259763 0.33948 0.0092065 
0.100732 0.0544081 0.0296101 0.00194979 0.0520451 0.114418 0.00120988 0.209464 0.371062 0.065102 
0.0432541 0.0623974 0.0409954 0.00732523 0.0210048 0.0759832 0.0020599 0.111626 0.602354 0.033 
0.105122 0.0108591 0.0168231 0.000276618 0.0100678 0.249905 0.0152387 0.12203 0.46693 0.00274674 
0.00834199 0.0340398 0.051116 0.035097 0.0291206 0.188024 0.00062229 0.183633 0.412427 0.0575785 
0.0144514 0.0893532 0.0322853 0.0247618 0.0724046 0.248167 0.00318807 0.104316 0.397046 0.0140264 
0.0463766 0.0188942 0.0887485 0.00125559 0.0140867 0.0543515 0.000658485 0.384459 0.386851 0.00431813 
0.0646096 0.0418539 0.00954707 0.0111318 0.0429345 0.206244 0.00137766 0.152852 0.460126 0.00932346 
0.0135359 0.0511693 0.16212 9.0262e-05 0.0698762 0.23774 0.000175525 0.207228 0.248641 0.00942324 
0.0384419 0.0493528 0.035345 0.00917237 0.0238466 0.102613 0.00412561 0.17179 0.55724 0.00807265 
0.00614468 0.0391812 0.0217685 0.0078603 0.0102935 0.321736 0.000438625 0.192089 0.395082 0.00540622 
0.0148912 0.0146451 0.0768947 0.0022581 0.00918389 0.271759 0.000502376 0.279801 0.329066 0.000998159 
0.0152337 0.00618317 0.0620925 0.0256234 0.00567269 0.154907 0.000160572 0.305997 0.4241 2.96957e-05 
0.0259581 0.115725 0.0314753 0.0279979 0.009418 0.160404 0.000804108 0.281236 0.339941 0.00704032 
0.112422 0.0995425 0.08801 0.000891846 0.055984 0.126907 0.00516856 0.232162 0.277572 0.00133915 
0.0961785 0.0297443 0.135719 0.00273261 0.0290303 0.209914 0.00142367 0.197881 0.290678 0.00669867 
0.0205819 0.0165607 0.12452 0.00321068 0.0460755 0.144811 0.000295435 0.265341 0.378583 2.0979e-05 
0.0220207 0.0660152 0.0228978 0.00483726 0.0079544 0.0969565 0.000745287 0.104966 0.666854 0.0067522 
0.0367757 0.122202 0.071601 0.0136913 0.0135808 0.0644188 0.000796021 0.0932183 0.561935 0.0217806 
0.115079 0.029584 0.0525753 0.00391718 0.0321862 0.0818486 0.0174409 0.143817 0.522662 0.000889669 
0.0223061 0.0629613 0.0388236 0.00778206 0.0216465 0.133651 0.0141781 0.320405 0.37161 0.00663627 
0.0221716 0.00939227 0.14274 0.00178144 0.0164675 0.114191 0.000143717 0.180083 0.508072 0.0049581 
0.0353153 0.0460169 0.0297542 0.0188279 0.0337688 0.219262 0.00151955 0.30097 0.309677 0.00488769 
0.0231528 9.5989e-05 0.00800931 0.000374127 0.00402853 0.01078 0.000172283 0.0173766 0.935998 1.26997e-05 
0.0646145 0.0277296 0.0904873 0.00162584 0.0464917 0.0837971 0.0012463 0.170779 0.507165 0.00606367 
0.014468 0.0394599 0.0133521 0.014885 0.00973685 0.25381 0.00228787 0.206982 0.435273 0.00974517 
0.0925337 0.0270484 0.0630831 0.00311109 0.0287483 0.129417 0.000756198 0.254201 0.396157 0.00494461 
0.0216608 0.149446 0.0182254 0.00170739 0.0376797 0.0549607 0.000346934 0.151644 0.56404 0.000288618 
0.0493757 0.0284541 0.0218143 0.00292866 0.0140006 0.128306 2.69193e-05 0.25875 0.495319 0.00102503 
0.0171911 0.059582 0.0266434 0.194394 0.0162955 0.28147 0.0012344 0.0441736 0.334487 0.0245289 
0.190958 0.0678557 0.0212971 0.0122362 0.00909831 0.111659 0.0145319 0.137695 0.430662 0.00400604 
0.00684644 0.0882335 0.00906459 0.0124861 0.00884737 0.188806 0.000522343 0.150644 0.525945 0.00860429 
0.0278211 0.155343 0.0289206 0.00819946 0.0156093 0.232318 0.00103296 0.234243 0.285691 0.0108217 
0.0368934 0.0168428 0.0656016 0.0136943 0.0614005 0.160713 0.001194 0.142411 0.497589 0.00365971 
0.0110353 0.0195961 0.195345 0.002854 0.0475052 0.231494 0.00080633 0.109988 0.381176 0.000199523 
0.00692811 0.0583192 0.00251871 0.0220776 0.00554731 0.0574658 0.00205003 0.121158 0.702228 0.0217071 
0.124437 0.204656 0.0284903 0.00431432 0.023905 0.117806 0.00161781 0.18242 0.30032 0.0120345 
0.0244392 0.111536 0.0546229 0.0022806 0.0306024 0.0969348 0.00482686 0.326613 0.347685 0.000459348 
0.0297792 0.0394321 0.0814071 0.00463153 0.0320332 0.131661 0.00142432 0.291365 0.36106 0.0272063 
0.0197199 0.0618476 0.0976119 0.000301079 0.0113251 0.0660692 0.109679 0.187253 0.397409 0.0487838 
0.0133284 0.000969623 0.0451715 8.42771e-05 0.00115252 0.0474107 5.02961e-05 0.038774 0.853057 2.11097e-06 
0.0699328 0.125194 0.0256449 0.00495596 0.00980788 0.146253 0.00853842 0.260055 0.32981 0.0198078 
0.0432813 0.0476824 0.13121 0.0601528 0.0235277 0.110452 0.00479619 0.0783609 0.490392 0.0101443 
0.0383502 0.0677203 0.027257 0.00858365 0.0323479 0.220903 0.00113031 0.29629 0.305107 0.00230995 
0.0119176 0.00128747 0.047895 0.000247757 0.0112529 0.0383781 0.00455999 0.28115 0.603245 6.56376e-05 
0.186879 0.043382 0.0858149 0.00568684 0.0438102 0.157379 0.00415762 0.162479 0.302443 0.00796844 
0.00957666 0.0450979 0.0489212 0.0401199 0.0171504 0.296697 0.000869817 0.0558073 0.480765 0.00499413 
0.0223989 0.127629 0.047696 0.021677 0.138092 0.194119 0.00317071 0.113989 0.327463 0.00376618 
0.0183042 0.093359 0.0215861 0.00506607 0.00738148 0.0970079 0.0040313 0.124054 0.579564 0.0496462 
0.232329 0.103529 0.0077277 1.19305e-05 0.00529149 0.125549 0.000242441 0.108153 0.416743 0.000423619 
0.0460839 0.0507006 0.014451 0.00436509 0.0117267 0.0709085 0.00147061 0.0949815 0.694778 0.0105339 
0.00678561 0.075972 0.00476962 0.0307724 0.00627449 0.179218 0.000671635 0.158312 0.531605 0.00561976 
0.0818432 0.114416 0.0256419 0.00273506 0.0252256 0.185202 0.00114065 0.171153 0.387588 0.00505456 
0.0913623 0.0919029 0.0363466 0.0030501 0.0283862 0.0934539 0.00606511 0.26744 0.364013 0.0179799 
0.0511637 0.0505183 0.0153624 0.00244458 0.00887543 0.182125 0.00154342 0.211615 0.311142 0.16521 
0.0148352 0.00889031 0.0313936 0.00213474 0.0300348 0.0511806 0.000762047 0.106693 0.752753 0.00132277 
0.010907 0.0113397 0.0369451 0.0048115 0.0178865 0.137446 0.000213968 0.13716 0.639868 0.00342252 
0.00602973 0.0145123 0.00869612 0.334428 0.0205996 0.167533 0.00106549 0.057173 0.373527 0.0164368 
0.0234778 0.0202093 0.0580256 0.0139778 0.00906683 0.12067 0.000889636 0.119384 0.61484 0.0194578 
0.252062 0.12379 0.0277415 0.0115618 0.0252005 0.116776 0.00870912 0.105643 0.31382 0.0146951 
0.162582 0.0628713 0.00774213 0.00390516 0.00364024 0.0347829 0.00139289 0.136086 0.531078 0.0559192 
0.018199 0.184772 0.0205883 0.00888024 0.0576604 0.186735 0.0111196 0.176755 0.280213 0.0550779 
0.0436914 0.228842 0.0678773 0.0142097 0.031468 0.100397 0.0578962 0.147318 0.246678 0.0616223 
0.0177826 0.0347816 0.00461012 0.00617646 0.024173 0.287962 0.000995338 0.191465 0.422761 0.00929205 
0.0431629 0.0730688 0.0529903 0.00601224 0.0139085 0.221504 0.00247838 0.225098 0.353357 0.00841974 
0.0628584 0.0391545 0.0383345 0.00168021 0.0090949 0.138875 0.00397788 0.14704 0.553434 0.00554993 
0.252438 0.113535 0.0334528 0.001985 0.00745585 0.103552 0.016289 0.15571 0.305069 0.0105135 
0.102175 0.0283096 0.0126042 0.000163126 0.004331 0.118295 0.000400615 0.146163 0.586235 0.00132441 
0.00243643 0.0534927 0.0279264 0.00439242 0.00596697 0.177 4.72104e-05 0.116548 0.608299 0.00389085 
0.0455862 0.00218905 0.0395284 0.000192421 0.143305 0.150299 0.202467 0.120593 0.29546 0.000380308 
0.0640624 0.0349029 0.0046392 0.00154477 0.000389343 0.0110381 0.00033652 0.066443 0.783152 0.0334918 
0.0432917 0.0916732 0.0370568 0.00509754 0.020854 0.0935831 0.00134769 0.12711 0.57052 0.00946594 
0.0478332 0.0442078 0.0209826 0.0013331 0.00300637 0.12923 0.0761722 0.0675921 0.604771 0.00487185 
0.059497 0.0414646 0.0941618 0.000717487 0.0540841 0.184782 0.00075652 0.207302 0.355225 0.00200967 
0.0146671 0.020254 0.0313485 0.0167682 0.0179379 0.191716 0.000786231 0.342695 0.358801 0.00502634 
0.0674339 0.0359957 0.0303034 0.0189926 0.0764642 0.208724 0.00298242 0.233305 0.32251 0.00328906 
0.0862363 0.0717517 0.0583686 0.000173906 0.0121969 0.251138 0.00048476 0.168928 0.350647 7.53873e-05 
0.0402088 0.0491085 0.166842 0.00105433 0.0257911 0.0285433 0.000547166 0.153697 0.530712 0.00349596 
0.0153584 0.0244281 0.00964356 0.0134754 0.00850322 0.330956 0.000399634 0.217608 0.378934 0.000693591 
0.0488699 0.0723261 0.0303502 0.00351125 0.0427851 0.11182 0.00577344 0.174145 0.31556 0.19486 
0.0147739 0.105264 0.0820239 0.0106699 0.0666342 0.174538 0.101533 0.131777 0.282339 0.0304481 
0.0306865 0.199321 0.0443205 0.00429198 0.00628393 0.165277 0.000636696 0.117854 0.402022 0.0293056 
0.130084 0.0601617 0.0145709 0.00584609 0.00403963 0.0338111 0.000822827 0.181482 0.547254 0.0219275 
0.00998672 0.0978155 0.0109801 0.00342191 0.026638 0.0526334 0.000318433 0.137242 0.604709 0.0562548 
0.0217441 0.118867 0.037357 0.00821879 0.060917 0.178754 0.0763652 0.206869 0.28522 0.00568839 
0.0482477 0.0557006 0.115563 0.00406389 0.0540765 0.0652971 0.00191211 0.137521 0.511621 0.0059966 
0.0236536 0.0167811 0.0219874 0.000261554 0.0167527 0.1008 0.0143788 0.327766 0.477586 3.2108e-05 
0.00862815 0.0587604 0.00174309 0.0147791 0.00202764 0.0756148 0.00134581 0.107081 0.680311 0.0497088 
0.0114341 0.0443839 0.0681277 0.0425854 0.0469919 0.214812 0.00168043 0.228036 0.263287 0.0786617 
0.0183073 0.0324564 0.0761737 0.00275408 0.0316188 0.0447833 0.00107875 0.32588 0.458628 0.00831931 
0.0605217 0.0117539 0.0674836 0.0103924 0.0190274 0.0872262 0.00282346 0.313941 0.416706 0.0101239 
0.0189563 0.0419011 0.223422 0.000885642 0.0927315 0.124888 0.000474298 0.131484 0.339937 0.02532 
0.04936 0.0832825 0.106942 0.00636223 0.0596101 0.0937802 0.0043738 0.18767 0.382327 0.0262925 
0.0176688 0.0379645 0.0233847 0.00708972 0.0264274 0.0428184 0.00161605 0.255994 0.570379 0.016658 
0.0314779 0.103927 0.00965953 0.022747 0.0168268 0.242817 0.00325047 0.205075 0.35329 0.0109285 
0.083866 0.155772 0.0257853 0.00250423 0.0132384 0.126119 0.0179242 0.20279 0.348485 0.023515 
0.0197219 0.0205116 0.0734059 0.00463011 0.0124663 0.134299 0.00539457 0.254332 0.46076 0.0144783 
0.0349943 0.303434 0.0160134 0.00456607 0.0582478 0.0882133 0.00262552 0.0984696 0.358725 0.0347106 
0.0255173 0.0364647 0.0811843 0.0101146 0.00638278 0.139184 0.00268789 0.141278 0.485238 0.071949 
0.0581513 0.15239 0.0434375 0.00705251 0.0252621 0.131808 0.000584471 0.260401 0.301384 0.0195297 
0.0484817 0.111916 0.0295534 0.0084621 0.00722564 0.083328 0.00404568 0.263966 0.428079 0.0149425 
0.0453911 0.0750114 0.112955 0.000889619 0.0351359 0.0864938 0.0814574 0.0651076 0.49592 0.00163805 
0.022319 0.0656958 0.0189906 0.00705953 0.0197835 0.0672375 0.00184423 0.319732 0.468912 0.00842511 
0.0234488 0.0324185 0.0431602 0.0117186 0.0832576 0.149801 0.00202786 0.113383 0.511011 0.0297733 
0.0367394 0.0720467 0.030961 0.00587532 0.0261953 0.250779 0.0023383 0.237367 0.325208 0.0124896 
0.0432541 0.0623974 0.0409954 0.00732523 0.0210048 0.0759832 0.0020599 0.111626 0.602354 0.033 
0.0157102 0.0235146 0.0819058 0.00305345 0.0186841 0.089672 0.00040237 0.323692 0.443053 0.000311849 
0.0221671 0.0647984 0.0154492 0.0206388 0.00848489 0.258832 0.00835275 0.138413 0.306707 0.156158 
0.0270024 0.0708015 0.0665629 0.00366056 0.12709 0.112413 0.00936431 0.190806 0.384396 0.00790366 
0.0319439 0.111648 0.0277565 0.00570292 0.011925 0.0200764 0.00138639 0.345451 0.423339 0.0207712 
0.0503357 0.0655613 0.0631437 0.00398861 0.0484876 0.0604089 0.00751341 0.323874 0.340141 0.0365465 
0.0184595 0.0946542 0.0150835 0.01122 0.00436867 0.206049 0.00569255 0.137307 0.469505 0.03766 
0.0517807 0.0452956 0.056695 0.0016996 0.0440089 0.0826912 0.00259883 0.260165 0.442499 0.0125653 
0.0265098 0.207682 0.0523696 0.00474604 0.0359276 0.130675 0.00110507 0.218018 0.31651 0.00645616 
0.0274227 0.00784202 0.0452747 0.00292454 0.0296726 0.142027 0.000262668 0.103417 0.640627 0.000530548 
0.0208142 0.20109 0.127903 0.00634028 0.0594169 0.106238 0.00170687 0.182131 0.277982 0.0163777 
0.0426462 0.279905 0.0790901 0.00634493 0.00937631 0.068008 6.11899e-05 0.165598 0.34686 0.00211003 
0.258715 0.0399976 0.0254845 0.00190346 0.0662545 0.139033 0.00133478 0.157673 0.305624 0.00398105 
0.0190312 0.0351875 0.0115616 0.00564589 0.0434025 0.205249 0.00095284 0.302015 0.329415 0.0475397 
0.0862363 0.0717517 0.0583686 0.000173906 0.0121969 0.251138 0.00048476 0.168928 0.350647 7.53873e-05 
0.0244837 0.0844021 0.0290364 0.0117033 0.0162194 0.353556 0.00597803 0.0835613 0.384089 0.00697155 
0.0275846 0.049565 0.040426 0.0112952 0.0168529 0.221775 0.00217843 0.120693 0.495396 0.0142335 
0.209004 0.0591236 0.0131721 0.00499865 0.0507645 0.174479 0.00148549 0.170286 0.255769 0.0609185 
0.0400013 0.0665842 0.032232 0.00523057 0.0122795 0.181243 0.00241019 0.0797179 0.518271 0.0620304 
0.0125039 0.0451375 0.186113 0.00493885 0.0265183 0.24178 0.00069177 0.189171 0.29259 0.000555887 
0.00301563 0.03585 0.027994 0.00732506 0.0217503 0.244304 0.000795465 0.303696 0.331221 0.0240495 
0.0238397 0.214513 0.0300296 0.00294449 0.00835708 0.154789 0.000957081 0.162093 0.392207 0.0102694 
0.0718435 0.0521333 0.0344103 0.0117609 0.00874376 0.0722084 0.000898158 0.109055 0.615312 0.023635 
0.158835 0.0605834 0.156831 0.00329003 0.0274468 0.0380297 0.00217361 0.258698 0.292683 0.00143033 
0.0245111 0.027369 0.064005 0.000848473 0.0167801 0.0926835 0.000406041 0.169844 0.600582 0.00297033 
0.00972343 0.0561731 0.117563 0.000216055 0.00574021 0.0476609 0.000286975 0.177875 0.572814 0.0119476 
0.0135137 0.0769889 0.220027 0.0080279 0.0275385 0.140341 0.00342319 0.25104 0.25675 0.00234924 
0.0283869 0.0268252 0.0902713 0.0121814 0.0355746 0.177363 0.00206126 0.207564 0.416287 0.00348532 
0.0454321 0.0426975 0.0428308 0.00426948 0.0234442 0.257696 0.000517005 0.261417 0.319756 0.0019405 
0.207262 0.156052 0.0612727 0.000872521 0.0166147 0.0557122 0.00291334 0.127058 0.35864 0.0136025 
0.0225855 0.101683 0.124533 0.0115554 0.0207824 0.225865 0.00135641 0.206674 0.274721 0.0102451 
0.114174 0.0831315 0.083515 0.0117945 0.0252945 0.120445 0.000905465 0.229415 0.307933 0.0233916 
0.0407107 0.101183 0.067681 0.000388802 0.0376298 0.106596 0.0125463 0.0733849 0.511096 0.0487823 
0.0125177 0.040286 0.00742006 0.0219373 0.00411943 0.014735 0.0192 0.0458776 0.792705 0.0412018 
0.0289174 0.0390644 0.0512538 0.00859764 0.0266965 0.240405 0.00301637 0.195123 0.396861 0.0100646 
0.0117732 0.0200383 0.0161281 0.00241343 0.00459193 0.110438 0.000147339 0.247867 0.583009 0.00359342 
0.0392506 0.0436351 0.0695149 0.00493838 0.0136235 0.0918423 0.000367245 0.107004 0.619013 0.0108105 
0.0240646 0.00522597 0.0446877 0.00044685 0.00830774 0.0839961 0.00041818 0.163304 0.669206 0.000343525 
0.0390212 0.122678 0.0255868 0.00381845 0.00741991 0.0281651 0.00119208 0.0361073 0.725154 0.0108566 
0.0133946 0.0408663 0.0430719 0.0174726 0.0165978 0.249704 0.000423021 0.22005 0.387989 0.0104311 
0.0471925 0.0321906 0.0505296 0.00572064 0.030877 0.100171 0.00118268 0.0609116 0.653121 0.0181037 
0.021318 0.0705297 0.0226431 0.0019697 0.0148647 0.20046 0.000292604 0.169217 0.485658 0.013047 
0.020558 0.0626782 0.0580899 0.00864127 0.0190727 0.221336 0.00106559 0.212996 0.384531 0.0110306 
0.0106887 0.0309894 0.04042 0.0408511 0.0448139 0.331216 0.00318141 0.152457 0.34503 0.000352092 
0.0642335 0.0518017 0.0413487 0.00476377 0.0138294 0.147715 0.00334915 0.266579 0.400069 0.00631077 
0.00602973 0.0145123 0.00869612 0.334428 0.0205996 0.167533 0.00106549 0.057173 0.373527 0.0164368 
0.0159678 0.067537 0.00876003 0.0132963 0.0107106 0.272497 0.00163477 0.219006 0.387355 0.00323635 
0.022319 0.0656958 0.0189906 0.00705953 0.0197835 0.0672375 0.00184423 0.319732 0.468912 0.00842511 
0.0268094 0.0179079 0.048151 0.000202893 0.00561978 0.129991 0.000370936 0.0351122 0.733634 0.00220142 
0.0278001 0.0605709 0.0448293 0.00904136 0.0356705 0.189812 0.0014857 0.218726 0.401618 0.010445 
0.00534744 0.0701023 0.0277797 0.000859587 0.0106557 0.0564417 0.0275404 0.0398539 0.761126 0.000293282 
0.0309026 0.265631 0.0138114 0.0247373 0.0205889 0.146924 0.0303906 0.133001 0.316012 0.0180008 
0.0124034 0.0674798 0.0455298 0.0102694 0.0154711 0.329561 0.0228776 0.0908089 0.403252 0.0023469 
0.0346543 0.0556581 0.0475113 0.0148506 0.0665398 0.208853 0.00116797 0.230296 0.317977 0.0224911 
0.112336 0.00608519 0.0209796 0.000523876 0.00442538 0.0537232 0.000193716 0.306293 0.489012 0.00642857 
0.217527 0.0227628 0.0149257 0.00591854 0.0182009 0.112975 0.113389 0.164781 0.324373 0.00514788 
0.0536005 0.0471789 0.0247819 0.0040921 0.0153443 0.0967587 0.000925562 0.177099 0.558429 0.0217901 
0.00856815 0.0568591 0.0333549 0.0131708 0.0103996 0.0674777 0.0227198 0.0523049 0.734721 0.00042406 
0.0184363 0.0325566 0.0676997 0.00244389 0.00377902 0.0994497 0.00505672 0.0708414 0.677518 0.0222187 
0.0162985 0.0821493 0.0375273 0.111541 0.0144363 0.273689 0.000588201 0.161683 0.284134 0.0179536 
0.0805021 0.13152 0.0177244 0.00313837 0.0160691 0.123781 0.0121731 0.174729 0.422315 0.0180471 
0.0518194 0.0148463 0.0559401 0.00259809 0.0199445 0.0462597 0.000414004 0.164584 0.639869 0.00372503 
0.0111337 0.0255768 0.000128424 0.00924767 0.00210926 0.0649885 0.00125297 0.0860298 0.738739 0.0607936 
0.0252661 0.0545254 0.0260737 0.023027 0.0179149 0.282829 0.00285514 0.211378 0.351843 0.00428851 
0.0213762 0.0447192 0.0389104 0.00233829 0.0595354 0.164033 0.00126016 0.251213 0.409107 0.0075072 
0.0183527 0.0117932 0.0632477 0.000312572 0.0189549 0.147414 0.00264152 0.285292 0.450294 0.00169769 
0.0167243 0.0703057 0.00137553 0.00852194 0.0171198 0.172694 0.00200822 0.0975265 0.602501 0.0112231 
0.0297001 0.0313248 0.0291149 0.000144437 0.0288173 0.215835 0.00206539 0.249399 0.412389 0.00120965 
0.0821684 0.0396569 0.0222486 0.00112219 0.0193197 0.125254 0.00106339 0.219433 0.486372 0.00336097 
0.0322871 0.0423852 0.0233422 0.00337282 0.0324188 0.17657 0.0264003 0.0846656 0.576423 0.00213576 
0.0178408 0.0399759 0.0245507 0.00752959 0.0264935 0.0428002 0.00171015 0.254377 0.566226 0.0184961 
0.118383 0.0576999 0.0109168 0.000417956 0.00575443 0.0505466 7.01057e-05 0.0756134 0.678281 0.0023167 
0.111637 0.0309042 0.034184 0.00233554 0.0444109 0.0793971 0.0036465 0.069784 0.585876 0.0378246 
0.0489239 0.182368 0.0710918 0.0199058 0.0191531 0.108546 0.00327931 0.160893 0.357982 0.0278576 
0.0690525 0.0707473 0.0387208 0.00489917 0.0326662 0.0845517 0.000998914 0.252658 0.393317 0.0523885 
0.0247595 0.0923156 0.0115634 0.00512548 0.0065208 0.0586571 0.00333964 0.0669975 0.70232 0.028401 
0.0606275 0.0547396 0.0866415 0.00517694 0.0309708 0.075209 0.00188207 0.298285 0.363486 0.022982 
0.164142 0.0469343 0.102033 0.00265336 0.0314805 0.0802939 0.00229052 0.129687 0.436406 0.00407862 
0.0759654 0.0490804 0.016625 0.0070491 0.0137668 0.292024 0.00180682 0.101678 0.404013 0.0379912 
0.0553646 0.101463 0.0421106 0.000993225 0.0530307 0.144107 0.000737035 0.273387 0.308153 0.0206548 
0.0215102 0.0529217 0.0402228 0.00867584 0.013146 0.0831323 0.00172121 0.111099 0.636773 0.030798 
0.0503381 0.0397946 0.034493 0.00088457 0.0119443 0.0777269 0.00124325 0.291506 0.479055 0.0130144 
0.0193006 0.0559754 0.0298401 0.0253229 0.0447008 0.222014 0.00555616 0.221706 0.345422 0.0301616 
0.0165609 0.00481795 0.10883 0.000211098 0.0108579 0.112762 0.000382246 0.278719 0.465321 0.001539 
0.0581474 0.00980699 0.0303946 6.81661e-06 0.00190817 0.113961 7.5105e-05 0.139169 0.639562 0.00696895 
0.0672529 0.0362136 0.136109 0.00290625 0.0298303 0.269027 0.000494546 0.143964 0.304508 0.00969543 
0.0359327 0.174498 0.0285003 0.0108993 0.0225832 0.252096 0.00386131 0.17335 0.254937 0.0433427 
0.08328 0.0538288 0.0377206 0.00370756 0.0238168 0.132063 0.00202897 0.28496 0.369517 0.00907636 
0.140836 0.0952939 0.0653296 0.00690538 0.0291643 0.230631 0.00321517 0.134792 0.267752 0.0260798 
0.024154 0.108295 0.0383698 0.0166073 0.041851 0.179507 0.00151369 0.0573204 0.525918 0.00646478 
0.0675837 0.0361968 0.118169 0.00134473 0.00721685 0.110092 0.0431539 0.102645 0.511601 0.00199573 
0.3531 0.0156933 0.0482824 0.000436136 0.0118623 0.0920938 0.000375676 0.100916 0.374311 0.00292921 
0.0219287 0.0257299 0.0228869 0.000494269 0.0421624 0.227031 0.0552093 0.0534595 0.548992 0.00210684 
0.0140274 0.142135 0.171059 0.00841473 0.011626 0.0735044 0.00186761 0.151239 0.417785 0.00834255 
0.0650842 0.0639431 0.0278365 0.0023002 0.0106171 0.10787 0.000507173 0.142903 0.569085 0.00985406 
0.022319 0.0656958 0.0189906 0.00705953 0.0197835 0.0672375 0.00184423 0.319732 0.468912 0.00842511 
0.14578 0.102554 0.017779 0.00459927 0.0178835 0.0708513 0.000897242 0.199558 0.383897 0.0562016 
0.0199358 0.0371152 0.00578774 0.0138846 0.0143443 0.173067 0.00146892 0.302762 0.423865 0.00777054 
0.0171029 0.0422251 0.0571245 0.00161655 0.0263061 0.0237684 0.000915312 0.30855 0.519716 0.00267452 
0.0162985 0.0821493 0.0375273 0.111541 0.0144363 0.273689 0.000588201 0.161683 0.284134 0.0179536 
0.0729693 0.0316082 0.0672897 0.00226429 0.0495065 0.0511696 0.00311766 0.324338 0.397004 0.000733022 
0.090586 0.0622303 0.077453 0.00250729 0.0157724 0.0273063 0.000644599 0.176899 0.543677 0.00292386 
0.0610367 0.0817142 0.0387302 0.0152717 0.0388454 0.235396 0.00140577 0.24275 0.27461 0.0102395 
0.0148158 0.0101335 0.0431014 0.00192288 0.0321248 0.107678 0.000506043 0.198736 0.590898 8.41005e-05 
0.0495926 0.195361 0.0270063 0.00682559 0.0210614 0.179328 0.00376962 0.231209 0.281098 0.00474937 
0.0114341 0.0443839 0.0681277 0.0425854 0.0469919 0.214812 0.00168043 0.228036 0.263287 0.0786617 
0.0266988 0.022275 0.111522 0.00115561 0.0465045 0.240509 0.00835702 0.182989 0.349511 0.0104777 
0.0186883 0.0744532 0.0415146 0.0127773 0.0204639 0.110615 0.000914527 0.296637 0.350659 0.0732767 
0.0109728 0.11662 0.0269099 0.0067531 0.00854357 0.148808 0.0015211 0.0925389 0.573038 0.0142951 
0.336131 0.0907618 0.0448471 0.00604035 0.00808236 0.0324125 0.000905368 0.076979 0.375263 0.0285773 
0.026804 0.0106799 0.0695904 0.0107773 0.0131489 0.0838831 6.27303e-05 0.299208 0.485832 1.36158e-05 
0.0561533 0.0306307 0.12501 0.012118 0.0202679 0.174133 0.00857457 0.114781 0.423466 0.0348658 
0.0381762 0.0631613 0.0173667 0.000709643 0.00916823 0.242333 0.0226136 0.238419 0.348213 0.0198396 
0.0625471 0.0626138 0.0237728 0.00896788 0.0145258 0.223098 0.000715527 0.173495 0.423259 0.00700481 
0.0135047 0.0528209 0.0448676 0.00499082 0.0031534 0.0905452 0.000937779 0.0670447 0.687662 0.0344734 
0.0514424 0.0907393 0.0218069 0.0015605 0.0782511 0.0602694 0.0108496 0.309856 0.369938 0.00528623 
0.038854 0.0648362 0.0228986 0.0138418 0.0103596 0.0852765 0.000322826 0.176121 0.550775 0.0367153 
0.0141788 0.0159277 0.0119876 0.0106841 0.00448379 0.145066 0.000955212 0.150025 0.646473 0.000217865 
0.0158079 0.127791 0.0149003 0.0171598 0.00775621 0.169475 0.000501087 0.197614 0.433182 0.0158119 
0.0107976 0.0561221 0.0285368 0.0288465 0.0166936 0.179225 0.000686778 0.255001 0.406026 0.0180645 
0.0569571 0.0703695 0.116997 0.00364705 0.00847056 0.052511 0.00104828 0.233363 0.443789 0.0128482 
0.0324721 0.0593987 0.0719206 0.0473283 0.023183 0.19521 0.002327 0.23983 0.321041 0.00728867 
0.0232001 0.0982832 0.0234409 0.00752659 0.0119125 0.124727 0.000321542 0.213207 0.471114 0.0262664 
0.156145 0.0489259 0.0241235 0.00326249 0.0423405 0.142811 0.00127227 0.147355 0.430184 0.00358071 
0.0672537 0.047614 0.011856 0.0285567 0.00678268 0.106304 0.0471468 0.0714089 0.60881 0.00426671 
0.0283868 0.0639973 0.030943 0.0061032 0.0258529 0.191308 0.00196047 0.198901 0.436252 0.0162952 
0.011673 0.0813063 0.000895359 0.0459462 0.00864731 0.112759 0.00869728 0.154125 0.456911 0.11904 
0.0385377 0.0452552 0.0273315 0.055373 0.0193099 0.206995 0.0055071 0.102046 0.45626 0.0433849 
0.0346325 0.0136514 0.125877 0.00992598 0.0863157 0.247303 0.00172052 0.0932333 0.385664 0.00167638 
0.0707018 0.0670384 0.142993 0.0122931 0.0496488 0.14048 0.0120097 0.222426 0.275995 0.00641346 
0.0420854 0.0844588 0.0812907 0.00491259 0.0291928 0.103632 0.00167126 0.317928 0.329677 0.00515178 
0.032834 0.0825474 0.0281292 0.00167181 0.0250525 0.182158 0.000582932 0.10863 0.515374 0.0230203 
0.0098898 0.163117 0.0104404 0.00674284 0.00754112 0.11419 0.0034655 0.149546 0.488753 0.0463141 
0.0402348 0.0426516 0.0368284 0.013713 0.0116509 0.0931479 0.00145926 0.12956 0.613577 0.0171771 
0.0576611 0.0221927 0.0744732 0.00288791 0.0344384 0.0689724 0.000498324 0.351806 0.384524 0.0025452 
0.118697 0.0071681 0.0238749 0.000469551 0.0332242 0.166004 0.00140252 0.293832 0.355017 0.000311365 
0.0557954 0.087945 0.0235507 0.0103959 0.0120862 0.0825345 0.00610342 0.0917882 0.584277 0.0455236 
0.0309026 0.265631 0.0138114 0.0247373 0.0205889 0.146924 0.0303906 0.133001 0.316012 0.0180008 
0.0429304 0.0382748 0.0470353 0.00540674 0.0267092 0.0908532 0.00616498 0.0369889 0.693671 0.0119656 
0.174054 0.00872408 0.130273 0.0516154 0.00743092 0.0496678 0.000227503 0.0768193 0.501039 0.000148932 
0.0146371 0.0293914 0.0108858 0.00636197 0.0260326 0.0963968 0.000633423 0.179014 0.611407 0.0252393 
0.0163153 0.0377848 0.00202601 0.00600481 0.00730789 0.0397404 0.0010091 0.135639 0.672705 0.0814682 
0.0232791 0.0718947 0.0556431 0.0169447 0.023768 0.187536 0.00624505 0.214384 0.366284 0.034021 
0.0125661 0.0839948 0.0362718 0.00873431 0.0186979 0.328126 0.00224979 0.118158 0.384185 0.00701536 
0.00592955 0.0533758 0.0031864 0.0175012 0.0012471 0.0459776 0.000536387 0.108627 0.752943 0.0106767 
0.0709884 0.043916 0.197298 0.00302876 0.029593 0.0553084 0.000589218 0.151661 0.447201 0.00041722 
0.0714351 0.0618447 0.0606168 0.00474714 0.0487751 0.149297 0.00496056 0.26469 0.327185 0.00644953 
0.224417 0.0577947 0.038454 0.0104804 0.0362057 0.0558204 0.00274839 0.214767 0.327797 0.0315149 
0.230327 0.0240992 0.143829 0.00050758 0.0537306 0.162336 0.000165438 0.126914 0.25806 3.20553e-05 
