0.0136111 0.133206 0.0178682 0.00456642 0.000116816 0.0995795 0.120729 0.14201 0.0809704 0.387342 
0.0688925 0.00677459 0.0368458 0.000695562 0.000105278 0.0710433 0.0379117 0.17875 0.077812 0.52117 
0.0736365 0.0219342 0.075275 0.00359814 4.48394e-05 0.272524 0.00730255 0.135661 0.137178 0.272845 
0.21842 0.0670446 0.0207507 0.0171818 0.000339601 0.00441336 0.0313774 0.162952 0.121973 0.355548 
0.0116637 0.0136718 0.223998 0.000112821 1.12319e-05 0.00253349 0.0106204 0.168432 0.076103 0.492854 
0.0830994 0.0642421 0.0125007 0.0150015 5.96901e-05 0.0586095 0.0203757 0.135878 0.0576568 0.552577 
0.0233692 0.00206604 0.0188179 0.00102536 0.00112437 0.00521925 0.0132553 0.334798 0.00795696 0.592368 
0.0179665 0.0404137 0.174222 0.00478533 4.25254e-05 0.0836235 0.0773502 0.168392 0.0512354 0.381969 
0.0467982 0.0596897 0.0300968 0.00680396 0.000216726 0.0100307 0.228125 0.186248 0.13393 0.298061 
0.00450575 0.0363023 0.00873802 0.0243022 2.34411e-10 4.10514e-05 0.0665751 0.250134 0.00427479 0.605127 
0.0445271 0.06123 0.0146355 0.150801 0.000533047 0.0203494 0.0907062 0.106487 0.0504097 0.460321 
0.0474119 0.016784 0.0494992 0.00968279 0.00246541 0.0497451 0.0139435 0.206241 0.0450546 0.559173 
0.014572 0.0740048 0.024445 0.0664717 3.57554e-05 0.00648338 0.00750779 0.169205 0.0773054 0.559969 
0.0018933 0.00527195 0.0332015 0.0122037 5.07324e-06 0.142409 0.0759715 0.0230955 0.00792009 0.698028 
0.0018933 0.00527195 0.0332015 0.0122037 5.07324e-06 0.142409 0.0759715 0.0230955 0.00792009 0.698028 
0.014572 0.0740048 0.024445 0.0664717 3.57554e-05 0.00648338 0.00750779 0.169205 0.0773054 0.559969 
0.0312815 0.0258496 0.00693448 0.028149 0.0232308 0.00106259 0.0274279 0.0394191 0.0426007 0.774044 
0.0265908 0.00272989 0.0223078 0.00437856 0.000469037 0.0700096 0.00464512 0.39229 0.0719293 0.40465 
0.0572517 0.037544 0.0633724 0.00345525 0.000118077 0.0122565 0.0235618 0.177673 0.0787004 0.546067 
0.0427311 0.0551205 0.00201958 0.0255139 0.00151296 0.000541753 0.170387 0.232198 0.226833 0.243142 
0.0587287 0.00843275 0.0296085 0.00141457 2.71737e-05 0.0114448 0.0800875 0.267754 0.0280504 0.514452 
0.0129646 0.016441 0.00876843 0.0128275 0.000103503 0.000249379 0.0194025 0.379358 0.0909828 0.458902 
0.157846 0.0243337 0.0295456 0.00105432 0.000134476 0.155905 0.0471711 0.200994 0.0761121 0.306903 
0.0134932 0.00495836 0.0602026 0.00822073 5.05239e-05 0.0690722 0.00850797 0.161479 0.0310788 0.642937 
0.014572 0.0740048 0.024445 0.0664717 3.57554e-05 0.00648338 0.00750779 0.169205 0.0773054 0.559969 
0.0427311 0.0551205 0.00201958 0.0255139 0.00151296 0.000541753 0.170387 0.232198 0.226833 0.243142 
0.00450575 0.0363023 0.00873802 0.0243022 2.34411e-10 4.10514e-05 0.0665751 0.250134 0.00427479 0.605127 
0.0107241 0.0173206 0.0607955 0.000907213 0.000116967 0.0400404 0.102431 0.0449617 0.00700199 0.715701 
0.014572 0.0740048 0.024445 0.0664717 3.57554e-05 0.00648338 0.00750779 0.169205 0.0773054 0.559969 
0.00718817 0.0670526 0.0991586 0.0277838 8.09185e-06 0.13749 0.2347 0.097086 0.0444703 0.285063 
0.00602761 0.0714561 0.281142 0.00367097 2.6217e-10 0.0356336 0.157311 0.0961862 0.050599 0.297973 
0.0594073 0.00412716 0.0418911 0.000234313 2.03216e-05 0.00403551 0.00141548 0.0227599 0.00815075 0.857958 
0.0018933 0.00527195 0.0332015 0.0122037 5.07324e-06 0.142409 0.0759715 0.0230955 0.00792009 0.698028 
0.0444363 0.0298394 0.0386512 0.0174534 0.000175243 0.0200819 0.0279977 0.353604 0.0661185 0.401642 
0.0139482 0.0685301 0.0107143 0.0161742 4.42981e-05 0.00924726 0.0228216 0.156579 0.265642 0.436299 
0.00725707 0.275457 0.0194732 0.00412645 0.000257998 0.0653789 0.00817318 0.051805 0.037121 0.53095 
0.206255 0.0176872 0.00506509 0.0331889 9.19146e-05 0.00256596 0.00688147 0.205494 0.248765 0.274005 
0.24183 0.00529755 0.00447526 0.000229802 6.21859e-05 0.0167756 0.00513966 0.0635155 0.0600639 0.602611 
0.0997716 0.0694413 0.000357123 0.00767444 3.01514e-05 2.76105e-05 0.141118 0.237253 0.0931426 0.351184 
0.0116806 0.0259363 0.0728097 0.00758726 3.45521e-06 0.0716533 0.0212393 0.154017 0.077743 0.55733 
0.0325861 0.0365715 0.00148261 0.00932718 0.00146703 3.11884e-06 0.0379292 0.263886 0.295461 0.321287 
0.103539 0.0952492 0.00942597 0.00731901 0.00115556 0.00431406 0.179714 0.176513 0.063813 0.358956 
0.0388749 0.0580548 0.0325696 0.0123107 8.74359e-05 0.00753224 0.0195286 0.300947 0.106029 0.424066 
0.250656 0.050249 0.0251773 0.0117883 0.0046977 0.0209944 0.0235625 0.159692 0.15624 0.296942 
0.234394 0.0172031 0.00283821 0.00993265 0.000760911 4.26582e-05 0.0188665 0.336105 0.0428289 0.337028 
0.0256732 0.0123855 0.164454 0.0275548 2.02159e-05 0.0295581 0.0179632 0.0986327 0.0212329 0.602525 
0.0256732 0.0123855 0.164454 0.0275548 2.02159e-05 0.0295581 0.0179632 0.0986327 0.0212329 0.602525 
0.018246 0.0992585 0.217764 0.0731794 3.68985e-05 0.0388784 0.0331443 0.155527 0.132948 0.231017 
0.0606827 0.00179912 0.0465945 0.00363169 8.41066e-05 0.0336679 0.00548664 0.293972 0.108503 0.445578 
0.0539507 0.0308632 0.0157636 0.0114312 0.000425613 0.0042967 0.0728439 0.372676 0.054177 0.383573 
0.112076 0.0700105 0.00707751 0.0387881 0.019325 0.00472088 0.0980349 0.2227 0.16634 0.260927 
0.0573907 0.00065507 0.00154513 0.0349263 0.000877331 0.000518052 0.0184357 0.427647 0.00198002 0.456025 
0.0279202 0.201251 0.017433 0.0027262 0.000412637 0.0140175 0.146028 0.147618 0.0868691 0.355725 
0.0557606 0.0577054 0.0783577 0.0103988 0.000193054 0.0128649 0.129098 0.115136 0.208499 0.331986 
0.0102066 0.0230562 0.000156482 2.61324e-05 2.71394e-10 4.94529e-06 0.0608356 0.0821835 0.000757002 0.822774 
0.0476053 0.000646648 0.0608253 0.00555681 7.86008e-05 0.0380808 0.008768 0.323952 0.0173191 0.497167 
0.049741 0.0523255 0.146484 0.0163433 0.000406452 0.0854513 0.0434627 0.188014 0.164138 0.253634 
0.21102 0.0192139 0.00284789 0.00132172 1.61156e-05 0.000334972 0.0316723 0.202712 0.196095 0.334767 
0.0247062 0.0091019 0.0181314 0.0101362 3.67411e-11 0.0202154 0.0102551 0.223347 0.00872807 0.675378 
0.159875 0.0432387 0.0487958 0.00257784 0.0005589 0.00581512 0.00484644 0.192481 0.233886 0.307925 
0.00669886 0.136194 0.0607672 0.0233873 0.000189478 0.165449 0.114101 0.0973241 0.0603927 0.335497 
0.0961087 0.00871269 0.0110114 0.0273881 0.000988514 0.0603546 0.0161721 0.29892 0.0383187 0.442025 
0.0164758 0.0747168 0.00123004 0.0153967 0.000764586 0.000104326 0.0212467 0.140491 0.0332324 0.696342 
0.0144439 0.024159 0.032197 0.0230466 0.000529675 0.0881937 0.0677953 0.158642 0.0382426 0.55275 
0.0449751 0.0906062 0.150819 0.00524725 0.000813869 0.0357925 0.0666588 0.22737 0.138465 0.239252 
0.0946528 0.0279697 0.104482 0.0166581 2.41832e-05 0.0136116 0.160101 0.0437891 0.118532 0.42018 
0.0535428 0.0138274 0.091463 0.00902764 0.000103878 0.0432473 0.00826353 0.192741 0.232237 0.355547 
0.117483 0.0168149 0.0335979 0.00132054 7.08717e-05 0.00698811 0.0318123 0.0644869 0.113709 0.613717 
0.0340724 0.0279766 0.00735369 0.000201929 2.45259e-05 0.000229287 0.0209189 0.136039 0.00801405 0.76517 
0.0291937 0.0198793 0.0506803 0.0193448 3.20477e-08 0.167712 0.0365527 0.172669 0.185215 0.318753 
0.0293913 0.00344563 0.0353788 0.00841252 0.000177163 0.0398927 0.0239271 0.106535 0.0333535 0.719486 
0.0395061 0.0691654 0.0371964 0.00300837 6.8157e-05 2.27018e-05 0.121825 0.117033 0.000869798 0.611304 
0.174488 0.00704377 0.041362 0.000540805 0.00162081 0.0141092 0.00170713 0.076393 0.0248255 0.65791 
0.0631709 0.0204967 0.0224704 0.00108771 0.00150594 0.021849 0.0943634 0.306147 0.0202675 0.448641 
0.0574246 0.00930384 0.0873134 0.00345365 2.18528e-05 0.0691588 0.0104548 0.219666 0.137343 0.40586 
0.0214197 0.0688553 0.0127957 0.0175864 8.29273e-05 0.00601797 0.185827 0.059745 0.0321949 0.595475 
0.0123719 0.0238645 0.00191518 0.00471901 0.0626032 0.0143471 0.020687 0.356373 0.027173 0.475946 
0.00559928 0.0772777 0.0133921 0.00586913 9.65791e-06 0.318321 0.0302529 0.136519 0.0468804 0.365879 
0.109086 0.0577876 0.0236786 0.00361658 0.000608637 0.12672 0.0217378 0.255676 0.139719 0.261371 
0.0827575 0.00525475 0.0705402 0.00207574 0.000478928 0.0391183 0.0154945 0.0736848 0.107316 0.60328 
0.062746 0.00348973 0.0215338 0.000510646 0.00417627 0.00590764 0.0175831 0.0568299 0.0522776 0.774945 
0.0161884 0.0258554 0.0750495 0.0500016 0.000656611 0.0309101 0.177036 0.240049 0.0291924 0.355061 
0.0313804 0.0100414 0.00261422 0.00889047 0.00034921 0.0619226 0.0292534 0.247013 0.0760424 0.532492 
0.014572 0.0740048 0.024445 0.0664717 3.57554e-05 0.00648338 0.00750779 0.169205 0.0773054 0.559969 
0.0269175 0.00997819 0.0152454 0.0013204 1.3014e-05 0.00857501 0.280271 0.0608404 0.00346046 0.593379 
0.014572 0.0740048 0.024445 0.0664717 3.57554e-05 0.00648338 0.00750779 0.169205 0.0773054 0.559969 
0.014572 0.0740048 0.024445 0.0664717 3.57554e-05 0.00648338 0.00750779 0.169205 0.0773054 0.559969 
0.0532786 0.043263 0.146626 0.0223262 0.00255875 0.029159 0.196268 0.132896 0.164176 0.209448 
0.0248418 0.0169857 0.102553 0.024235 0.00364132 0.0158469 0.0857771 0.346072 0.0272085 0.352839 
0.0314705 0.0190584 0.0364069 0.0139079 0.016692 0.0137502 0.0250377 0.341529 0.105076 0.397071 
0.0859395 0.0322799 0.0683457 0.0622096 0.00716326 0.0268233 0.202627 0.158875 0.0749689 0.280768 
0.0260732 0.0164735 0.0152639 0.0137151 0.000440332 0.0012271 0.048822 0.304784 0.0244942 0.548707 
0.0482216 0.0563444 0.0804547 0.00269747 9.61746e-06 0.158579 0.0322877 0.132714 0.0578604 0.430831 
0.015537 0.00430998 0.0813111 0.00470877 2.49133e-05 0.106241 0.127017 0.233518 0.0353492 0.391983 
0.00792095 0.01624 0.0203263 0.00701373 2.7166e-05 0.0101554 0.00387698 0.103931 0.00365118 0.826857 
0.184006 0.0787526 0.0172559 0.00185762 3.2052e-05 0.0471719 0.0218676 0.101519 0.114106 0.433431 
0.0308316 0.0593741 0.104016 0.0262904 0.000140262 0.0410031 0.0523358 0.116396 0.245689 0.323924 
0.0754076 0.0851139 0.0515173 0.00102337 1.20107e-10 0.00649291 0.020478 0.0597342 0.203199 0.497034 
0.019281 0.00821432 0.0207764 0.00383892 0.00125774 0.289254 0.0672514 0.240934 0.0559475 0.293245 
0.00615996 0.01393 0.0315311 0.00980054 0.000152034 0.0152874 0.0156659 0.0469421 0.00482459 0.855706 
0.0265422 0.0540736 0.0201888 0.0422121 8.02037e-06 0.280459 0.114755 0.05779 0.028072 0.375899 
0.0253521 0.00968952 0.0692528 0.0229187 0.00118139 0.076083 0.0616549 0.190784 0.0199594 0.523124 
0.0184343 0.0749871 0.0244006 0.00452488 9.18626e-05 0.0124017 0.0497336 0.333486 0.115587 0.366354 
0.00678977 0.0188946 0.0145481 0.0006272 7.6296e-07 0.000209211 0.0107364 0.0355155 0.0108182 0.90186 
0.0291937 0.0198793 0.0506803 0.0193448 3.20477e-08 0.167712 0.0365527 0.172669 0.185215 0.318753 
0.0360705 0.0106857 0.0129853 0.000400482 1.76707e-05 0.0494556 0.0375219 0.142016 0.0105155 0.700332 
0.0724073 0.0779016 0.0216283 0.00435885 0.000316975 0.0496394 0.0241242 0.129983 0.0709403 0.5487 
0.138919 0.0691179 0.00259299 0.00137413 0.00109742 0.00237201 0.0109012 0.0700071 0.0864938 0.617125 
0.0921647 0.00347317 0.00484403 0.0166767 3.5359e-05 0.0111232 0.0220976 0.185134 0.0105176 0.653934 
0.164557 0.185147 0.0195581 0.0218622 0.000200739 0.000719663 0.0220161 0.202505 0.157828 0.225606 
0.0613814 0.0607147 0.00682978 0.0232017 0.00134718 0.00753382 0.15368 0.260674 0.0899241 0.334713 
0.154233 0.0061944 0.0120264 0.00873562 1.54005e-05 0.0465897 0.0192531 0.235436 0.0386479 0.478868 
0.0179665 0.0404137 0.174222 0.00478533 4.25254e-05 0.0836235 0.0773502 0.168392 0.0512354 0.381969 
0.0645867 0.25834 0.00158088 0.000984121 0.0120519 7.80773e-05 0.0323226 0.160285 0.085409 0.384362 
0.0168392 0.067268 0.153954 0.0731013 0.00036326 0.0840448 0.0346778 0.223496 0.121199 0.225058 
0.0426112 0.067388 0.0425553 0.0304972 2.78713e-05 0.169108 0.169301 0.170818 0.115051 0.192642 
0.0335339 0.0273937 0.0665753 0.00375355 8.30393e-05 0.0357145 0.0127617 0.191202 0.0480905 0.580892 
0.0481546 0.0911517 0.0556398 0.00814355 0.000150029 0.0235238 0.0439714 0.143241 0.156068 0.429956 
0.0196156 0.0380188 0.0125768 0.000384094 2.19222e-05 0.00917952 0.0290737 0.0618537 0.0227028 0.806573 
0.0131397 0.053172 0.0362861 0.00312987 0.0131202 0.014975 0.266117 0.0824359 0.0655722 0.452052 
0.0990784 0.0201758 0.0939778 0.0016179 0.000460864 0.00716343 0.0968719 0.0170027 0.0384348 0.625216 
0.0018933 0.00527195 0.0332015 0.0122037 5.07324e-06 0.142409 0.0759715 0.0230955 0.00792009 0.698028 
0.0214357 0.0141918 0.0968665 0.00737738 0.00118334 0.00606996 0.0522377 0.0863843 0.0776062 0.636647 
0.0487464 0.0039076 0.0028096 0.00079052 1.42051e-05 2.45895e-05 0.190283 0.0615482 0.345576 0.3463 
0.0329849 0.0011771 0.113032 0.00107985 2.50455e-05 0.0228755 0.0453824 0.26691 0.164661 0.351873 
0.00450575 0.0363023 0.00873802 0.0243022 2.34411e-10 4.10514e-05 0.0665751 0.250134 0.00427479 0.605127 
0.16619 0.0424599 0.0903442 0.00232733 4.58455e-06 0.0281736 0.00695457 0.210181 0.157051 0.296313 
0.00933299 0.00423622 0.0808168 0.00131355 3.93939e-09 0.00679437 0.0455333 0.141108 0.0179873 0.692877 
0.014572 0.0740048 0.024445 0.0664717 3.57554e-05 0.00648338 0.00750779 0.169205 0.0773054 0.559969 
0.052234 0.0995236 0.0283613 0.00700412 0.00042574 0.0134894 0.181251 0.266759 0.0505549 0.300396 
0.186672 0.0237709 0.0286394 0.0016107 0.0269172 0.0391827 0.00991936 0.206234 0.0983939 0.37866 
0.0394023 0.0112658 0.0359972 0.00438341 2.74947e-05 0.0993814 0.00773528 0.290371 0.0702662 0.44117 
0.0164714 0.00264717 0.00124656 0.00240244 0.300688 9.75089e-05 0.105301 0.103079 0.0996443 0.368423 
0.0214357 0.0141918 0.0968665 0.00737738 0.00118334 0.00606996 0.0522377 0.0863843 0.0776062 0.636647 
0.00527725 0.0309684 0.258198 0.00885661 0.000434772 0.0575747 0.0778716 0.100308 0.0711087 0.389402 
0.0771613 0.0301648 0.0169195 0.018293 0.000669532 0.0167165 0.0603942 0.328169 0.106881 0.344631 
0.00450575 0.0363023 0.00873802 0.0243022 2.34411e-10 4.10514e-05 0.0665751 0.250134 0.00427479 0.605127 
0.0142007 0.0493913 0.0131816 0.00505986 0.000737715 0.00671393 0.238366 0.157934 0.0387026 0.475713 
0.0018933 0.00527195 0.0332015 0.0122037 5.07324e-06 0.142409 0.0759715 0.0230955 0.00792009 0.698028 
0.0172984 0.0328995 0.0525196 0.00206582 6.28115e-05 0.246663 0.0515097 0.154231 0.139532 0.303218 
0.114924 0.000656684 0.0418162 0.000576632 1.49437e-05 0.0816741 0.00311019 0.137429 0.166853 0.452945 
0.124489 0.0406999 0.0676065 0.00176458 0.00228827 0.00218832 0.0351358 0.211745 0.143932 0.370151 
0.0260937 0.135891 0.0198754 0.00688015 0.0430894 0.0133875 0.111553 0.194325 0.137945 0.31096 
0.014572 0.0740048 0.024445 0.0664717 3.57554e-05 0.00648338 0.00750779 0.169205 0.0773054 0.559969 
0.0731622 0.0184413 0.013033 0.000114974 2.89517e-07 0.00437209 0.00377239 0.179672 0.142841 0.564591 
0.110753 0.00258432 0.00242421 5.0118e-05 2.82466e-06 4.64869e-06 0.00394063 0.309571 0.0158376 0.554832 
0.016423 0.0895916 0.0299504 0.0278403 0.000366144 0.00128575 0.0488222 0.345864 0.0534642 0.386392 
0.0165916 0.00226874 0.0580449 0.0156788 0.000113625 0.0387155 0.016488 0.200012 0.0213681 0.630718 
0.0458526 0.0175701 0.0249881 0.00164448 3.68462e-05 0.0134267 0.0307389 0.235145 0.147092 0.483506 
0.11964 0.0389197 0.00242109 0.0272104 0.0617618 0.0189717 0.0686708 0.157763 0.0825116 0.42213 
0.096146 0.0157328 0.0130711 0.00133233 0.00679216 0.131127 0.102257 0.223003 0.0522882 0.358251 
0.126565 0.0362804 0.012027 0.014009 0.000410204 0.0255916 0.0495939 0.187638 0.213579 0.334305 
0.014572 0.0740048 0.024445 0.0664717 3.57554e-05 0.00648338 0.00750779 0.169205 0.0773054 0.559969 
0.0204748 0.0511499 0.100485 0.045752 0.00152376 0.0741874 0.13888 0.235817 0.0950624 0.236667 
0.0269175 0.00997819 0.0152454 0.0013204 1.3014e-05 0.00857501 0.280271 0.0608404 0.00346046 0.593379 
0.014572 0.0740048 0.024445 0.0664717 3.57554e-05 0.00648338 0.00750779 0.169205 0.0773054 0.559969 
0.0455188 0.108271 0.0292852 0.0109789 0.000470201 0.0136932 0.146527 0.215534 0.11734 0.312381 
0.0900765 0.0381826 0.0101586 0.104595 0.000230384 0.00284099 0.125144 0.0834359 0.217447 0.32789 
0.014572 0.0740048 0.024445 0.0664717 3.57554e-05 0.00648338 0.00750779 0.169205 0.0773054 0.559969 
0.00724312 0.0412929 0.119979 0.116227 5.49097e-05 0.0263207 0.21311 0.0867008 0.0256423 0.363429 
0.00668088 0.161282 0.0295778 0.0251003 1.77027e-10 0.0367612 0.0876395 0.246169 0.0398452 0.366944 
0.00289331 0.123301 0.0556055 0.0496087 0.133071 0.0358307 0.212614 0.090135 0.0329654 0.263974 
0.0950914 0.0262054 0.067329 0.0674475 0.00621627 0.024189 0.132905 0.181607 0.0203801 0.378629 
0.0366813 0.0722288 0.0488903 0.0520327 0.00015079 0.0808327 0.0457545 0.269792 0.0721774 0.32146 
0.0518284 0.0118525 0.196424 0.00369197 0.000615595 0.0740402 0.135594 0.109065 0.0688668 0.348022 
0.00823228 0.00341981 0.111543 0.00128701 0.000876047 0.00686434 0.0555709 0.102893 0.0442842 0.66503 
0.144465 0.0310105 0.0191583 0.0143963 0.000184363 0.0556293 0.0263941 0.226416 0.189972 0.292373 
0.014572 0.0740048 0.024445 0.0664717 3.57554e-05 0.00648338 0.00750779 0.169205 0.0773054 0.559969 
0.0248766 0.0228539 0.00237569 0.0273254 0.0774858 0.0266325 0.084202 0.172755 0.0458957 0.515597 
0.0482216 0.0563444 0.0804547 0.00269747 9.61746e-06 0.158579 0.0322877 0.132714 0.0578604 0.430831 
0.014572 0.0740048 0.024445 0.0664717 3.57554e-05 0.00648338 0.00750779 0.169205 0.0773054 0.559969 
0.0856362 0.0283952 0.184188 0.027901 2.15896e-05 0.00709044 0.231032 0.14938 0.0519416 0.234414 
0.0107798 0.00182569 0.0565157 0.00169599 2.18961e-05 0.281792 0.0239457 0.104091 0.0450198 0.474312 
0.03307 0.0368379 0.0290187 0.00239912 0.000791806 0.0397463 0.00768949 0.11235 0.0644973 0.673599 
0.030621 0.0468601 0.0317286 0.0652568 2.2371e-05 0.0250206 0.0236222 0.339433 0.0289038 0.408532 
0.0307288 0.0563157 0.0770827 0.00941547 0.00937954 0.158169 0.0621991 0.0809602 0.127079 0.38867 
0.0484743 0.00265428 0.0135934 0.00110936 2.93295e-05 0.0457909 0.0131847 0.177107 0.0965222 0.601535 
0.109086 0.0577876 0.0236786 0.00361658 0.000608637 0.12672 0.0217378 0.255676 0.139719 0.261371 
0.0190939 0.0244724 0.0414241 0.010444 8.1908e-05 0.0206961 0.00412601 0.19627 0.0102292 0.673162 
0.0315198 0.256063 0.00124434 0.0235961 2.04406e-05 0.00740703 0.0301083 0.286519 0.0521523 0.31137 
0.065263 0.0369722 0.0209557 0.00776491 0.000310481 0.016005 0.0463472 0.180422 0.0643398 0.561619 
0.0018933 0.00527195 0.0332015 0.0122037 5.07324e-06 0.142409 0.0759715 0.0230955 0.00792009 0.698028 
0.00981344 0.0628165 0.0848792 0.00948472 0.000131768 0.0107989 0.300477 0.079366 0.0266782 0.415554 
0.0710163 0.00860665 0.0289897 0.00976009 6.90788e-05 0.141808 0.0100155 0.310838 0.0709331 0.347963 
0.0362208 0.0579853 0.0666506 0.013866 0.00154567 0.0191957 0.0148202 0.150721 0.123778 0.515217 
0.0359125 0.00430304 0.0203032 0.00314357 5.90134e-05 0.0101216 0.00144504 0.176797 0.0407753 0.707139 
0.018685 0.108308 0.21604 0.0354321 0.0186187 0.0155251 0.129207 0.0926 0.0308569 0.334726 
0.0496021 0.127126 0.0135695 0.00416578 0.00402488 0.00149256 0.169126 0.201197 0.0275606 0.402136 
0.102449 0.0380393 0.00141725 0.0156198 0.0148561 0.0129646 0.0449956 0.23176 0.0541309 0.483767 
0.141738 0.0429745 0.014099 0.00658581 8.85869e-06 0.0128017 0.0302472 0.105004 0.117514 0.529027 
0.0422331 0.0318935 0.151449 0.0385209 0.000793778 0.0126501 0.0632872 0.152485 0.237356 0.269331 
0.0136505 0.0868833 0.0161883 0.0163189 6.20149e-06 0.00283836 0.0530759 0.181845 0.0553906 0.573803 
0.116482 0.0520688 0.0180396 0.00496856 0.00334496 0.0177666 0.0403544 0.150033 0.12908 0.467862 
0.0270627 0.0215421 0.016807 0.00981851 0.000777399 0.0712722 0.246793 0.280847 0.0420889 0.282991 
0.0113358 0.0121328 0.058102 0.00839004 5.899e-05 0.0843528 0.00248349 0.0407064 0.0155049 0.766933 
0.014572 0.0740048 0.024445 0.0664717 3.57554e-05 0.00648338 0.00750779 0.169205 0.0773054 0.559969 
0.038016 0.0237489 0.0301544 0.0113552 0.00109715 0.0598802 0.0511781 0.170795 0.132879 0.480896 
0.0103957 0.00583475 0.0627997 0.00937842 1.06966e-05 0.0985506 0.151571 0.0581289 0.0182246 0.585105 
0.0662566 0.039967 0.000503067 0.0110929 0.00290174 0.042515 0.0242151 0.390573 0.017189 0.404786 
0.126218 0.0409282 0.00638218 0.0230039 3.80849e-05 0.00306256 0.0218362 0.158671 0.179322 0.440538 
0.0354772 0.04453 0.0028644 0.0214129 0.000362636 2.62541e-05 0.173404 0.226432 0.0430758 0.452415 
0.0117272 0.00311931 0.0244635 0.00029621 2.47631e-05 0.0417419 0.0110324 0.0922606 0.110891 0.704443 
0.091243 0.00789374 0.0106076 0.00961094 0.000334081 0.0354373 0.00665862 0.0495616 0.181926 0.606727 
0.049145 0.0265273 0.0208547 0.00940738 0.000148887 0.0397232 0.0155423 0.231595 0.0884536 0.518603 
0.00694796 0.115209 0.118473 0.0228002 0.0235713 0.112469 0.0466488 0.0639373 0.241378 0.248565 
0.123298 0.0548438 0.0116963 0.00819889 0.000117131 0.00564769 0.0295042 0.204652 0.101089 0.460953 
0.0398156 0.0294947 0.0249083 0.00354376 0.000137392 0.0127018 0.0657056 0.086728 0.103304 0.633661 
0.00516375 0.238985 0.0676858 0.000901542 0.000382092 0.0437853 0.0127228 0.0254885 0.090471 0.514414 
0.0561082 0.0255469 0.01794 0.00688195 5.93856e-05 0.0123248 0.120765 0.139625 0.0701486 0.550601 
0.0018933 0.00527195 0.0332015 0.0122037 5.07324e-06 0.142409 0.0759715 0.0230955 0.00792009 0.698028 
0.0370323 0.143191 0.0556766 0.0176398 0.00407864 0.0343488 0.106412 0.201041 0.0736356 0.326945 
0.0228541 0.0133963 0.0102361 0.0535372 0.00600225 0.0107709 0.0763495 0.252632 0.0125123 0.541709 
0.0742289 0.0499067 0.157137 0.00160546 3.49987e-05 0.0945243 0.00968729 0.0631588 0.153616 0.3961 
0.0314633 0.0524834 0.0438924 0.0216543 0.000899538 0.190409 0.0329873 0.253768 0.0530665 0.319376 
0.121893 0.108845 0.0183479 0.0500269 0.000773227 0.0146136 0.190212 0.211838 0.0709648 0.212486 
0.0184492 0.00796092 0.0324745 0.00381158 0.0589862 0.0734043 0.0981586 0.204109 0.0274941 0.475152 
0.0101279 0.000494707 0.0698385 0.00048168 2.35038e-05 0.13522 0.00180257 0.109001 0.166934 0.506076 
0.0119754 0.0118848 0.0319102 0.00603189 0.000365802 0.0101538 0.0532812 0.198252 0.0274607 0.648684 
0.0236561 0.0415364 0.211532 0.000739768 4.04971e-05 0.00914948 0.0202971 0.124988 0.150997 0.417064 
0.00450575 0.0363023 0.00873802 0.0243022 2.34411e-10 4.10514e-05 0.0665751 0.250134 0.00427479 0.605127 
0.262847 0.0317712 0.0858402 0.125841 1.56352e-05 0.00449374 0.0178012 0.0405464 0.00901587 0.421828 
0.0274514 0.0836989 0.0401765 0.00820639 0.0175707 0.0885448 0.0530504 0.221992 0.113178 0.34613 
0.153359 0.0297294 0.00816341 0.00468192 0.0972054 0.0117766 0.06669 0.0950098 0.0170875 0.516297 
0.0147092 0.190063 0.0272983 0.0235343 0.0418383 0.00543835 0.050076 0.208485 0.0667595 0.371798 
0.0479041 0.00462965 7.88502e-05 6.86821e-05 4.19939e-07 1.16096e-07 0.0286353 0.0225243 0.00690078 0.889258 
0.00658408 0.0095852 0.021469 0.0233243 0.000100403 0.324026 0.0585826 0.0939385 0.0387631 0.423626 
0.015537 0.00430998 0.0813111 0.00470877 2.49133e-05 0.106241 0.127017 0.233518 0.0353492 0.391983 
0.0462327 0.0527153 0.00212065 0.021297 0.00142125 6.7248e-05 0.0527411 0.231204 0.0986966 0.493504 
0.0118369 0.0178931 0.00468045 0.0195405 4.83819e-05 0.11613 0.177715 0.292535 0.0372472 0.322373 
0.0106936 0.0247391 0.0090702 0.0035817 0.154149 0.0403322 0.135723 0.227344 0.00998591 0.384381 
0.014572 0.0740048 0.024445 0.0664717 3.57554e-05 0.00648338 0.00750779 0.169205 0.0773054 0.559969 
0.0782382 0.00869253 0.0495666 0.0131284 0.00011298 0.102386 0.0237287 0.246348 0.0512414 0.426557 
0.21102 0.0192139 0.00284789 0.00132172 1.61156e-05 0.000334972 0.0316723 0.202712 0.196095 0.334767 
0.0172984 0.0328995 0.0525196 0.00206582 6.28115e-05 0.246663 0.0515097 0.154231 0.139532 0.303218 
0.0186806 0.0240106 0.0336614 0.0107435 6.15706e-05 0.013361 0.00392125 0.194362 0.00872223 0.692476 
0.00433365 0.00515498 0.0203803 0.00599044 7.75457e-06 0.312851 0.085804 0.0320335 0.0104958 0.522948 
0.0018933 0.00527195 0.0332015 0.0122037 5.07324e-06 0.142409 0.0759715 0.0230955 0.00792009 0.698028 
0.0297005 0.0581561 0.136702 0.0359257 1.67129e-05 0.0163187 0.0363029 0.182311 0.0323478 0.472219 
0.0247353 0.126215 0.0170482 0.0248094 6.08722e-05 0.0146474 0.11855 0.104424 0.166739 0.402771 
0.014572 0.0740048 0.024445 0.0664717 3.57554e-05 0.00648338 0.00750779 0.169205 0.0773054 0.559969 
0.02114 0.00870415 0.0047852 0.00090544 3.3904e-05 0.00269642 0.0175153 0.190542 0.0557827 0.697894 
0.0315996 0.00920919 0.024337 0.0461519 0.000549754 0.218847 0.0419391 0.127172 0.0333202 0.466875 
0.0916713 0.0122861 9.6301e-06 5.70442e-05 3.30494e-08 4.61254e-05 0.0664829 0.0435841 0.00820296 0.77766 
0.00747414 5.34518e-05 0.00501292 0.0285835 2.48272e-06 0.000551659 0.00144939 0.0580877 0.0723796 0.826405 
0.0287383 0.0358759 0.000208339 0.000123723 1.8912e-07 0.000125946 0.0261418 0.233943 0.0164978 0.658345 
0.014572 0.0740048 0.024445 0.0664717 3.57554e-05 0.00648338 0.00750779 0.169205 0.0773054 0.559969 
0.0861885 0.181005 0.127902 0.0662581 0.000145194 0.0334024 0.0135572 0.182735 0.0634343 0.245373 
0.0018933 0.00527195 0.0332015 0.0122037 5.07324e-06 0.142409 0.0759715 0.0230955 0.00792009 0.698028 
0.0282169 0.0542159 0.144194 0.0528003 0.000482987 0.00580582 0.011477 0.205178 0.0899235 0.407706 
0.107898 0.0490996 0.00364588 0.000749927 0.000236383 8.57069e-05 0.0616353 0.14933 0.00901301 0.618306 
0.014572 0.0740048 0.024445 0.0664717 3.57554e-05 0.00648338 0.00750779 0.169205 0.0773054 0.559969 
0.21102 0.0192139 0.00284789 0.00132172 1.61156e-05 0.000334972 0.0316723 0.202712 0.196095 0.334767 
0.00450575 0.0363023 0.00873802 0.0243022 2.34411e-10 4.10514e-05 0.0665751 0.250134 0.00427479 0.605127 
0.01027 0.169019 0.00896219 0.0127589 0.000138805 0.00380917 0.0424504 0.324235 0.0366563 0.391701 
0.0134932 0.00495836 0.0602026 0.00822073 5.05239e-05 0.0690722 0.00850797 0.161479 0.0310788 0.642937 
0.00836383 0.0523153 0.0452215 0.00190157 1.67797e-05 0.0496977 0.198814 0.105932 0.0786878 0.459049 
0.0250131 0.125477 0.0195801 0.0118444 9.15329e-05 0.00579902 0.352954 0.0797343 0.0230069 0.3565 
0.168024 0.0652603 0.0445139 0.00947203 0.00010502 0.0207068 0.086028 0.181079 0.10447 0.320341 
0.099286 0.00782728 0.0159823 0.00377083 0.000100975 0.0101256 0.00482006 0.0875885 0.0137632 0.756735 
0.156929 0.0243617 0.0279713 0.000956637 6.80386e-05 0.0512932 0.0305086 0.0245185 0.056169 0.627225 
0.0457995 0.0417641 0.0833629 0.00747076 0.000812115 0.0371839 0.213762 0.168068 0.169389 0.232389 
0.21102 0.0192139 0.00284789 0.00132172 1.61156e-05 0.000334972 0.0316723 0.202712 0.196095 0.334767 
0.0248766 0.0228539 0.00237569 0.0273254 0.0774858 0.0266325 0.084202 0.172755 0.0458957 0.515597 
0.0674656 0.010436 0.0920196 0.0110392 6.61111e-05 0.0692123 0.0248583 0.308768 0.0380617 0.378073 
0.0314607 0.0674386 0.0438415 0.0142676 5.40698e-05 0.0163117 0.0302302 0.352962 0.0833893 0.360044 
0.217986 0.0394985 0.0424385 0.000990175 0.000422551 0.00166449 0.045675 0.06589 0.0428051 0.542629 
0.0273531 0.0271916 0.0835455 0.00665314 0.000288124 0.0624364 0.126814 0.177014 0.0478171 0.440887 
0.0186806 0.0240106 0.0336614 0.0107435 6.15706e-05 0.013361 0.00392125 0.194362 0.00872223 0.692476 
0.0352713 0.0742688 0.388089 0.004378 0.00045162 0.0305988 0.00750763 0.0200565 0.0441973 0.395181 
0.0469569 0.0185255 0.0150777 0.018161 9.06239e-05 0.002122 0.0341368 0.309389 0.0292981 0.526243 
0.0248766 0.0228539 0.00237569 0.0273254 0.0774858 0.0266325 0.084202 0.172755 0.0458957 0.515597 
0.014572 0.0740048 0.024445 0.0664717 3.57554e-05 0.00648338 0.00750779 0.169205 0.0773054 0.559969 
0.21102 0.0192139 0.00284789 0.00132172 1.61156e-05 0.000334972 0.0316723 0.202712 0.196095 0.334767 
0.0569129 0.0200501 0.0160376 0.00197058 5.83306e-05 0.0298201 0.0166693 0.309324 0.112332 0.436825 
0.0269175 0.00997819 0.0152454 0.0013204 1.3014e-05 0.00857501 0.280271 0.0608404 0.00346046 0.593379 
0.0160789 0.0701258 0.0445468 0.0134921 0.0256993 0.0298071 0.0708525 0.136242 0.254784 0.338372 
0.0214197 0.0688553 0.0127957 0.0175864 8.29273e-05 0.00601797 0.185827 0.059745 0.0321949 0.595475 
0.014572 0.0740048 0.024445 0.0664717 3.57554e-05 0.00648338 0.00750779 0.169205 0.0773054 0.559969 
0.00638678 0.00288191 0.0453296 0.000221109 3.61321e-05 0.0320826 0.00222873 0.118816 0.00721103 0.784806 
0.0489061 0.00140308 0.0502257 0.000992063 0.000798954 0.144507 0.000933354 0.0504074 0.173948 0.527878 
0.0515205 0.0571368 0.0291958 0.0254338 0.000217474 0.00817261 0.0773261 0.262708 0.0665923 0.421697 
0.283995 0.00749685 0.0165597 0.0401329 0.00038676 0.0629038 0.0142281 0.168221 0.0700507 0.336024 
0.034245 0.0129799 0.249575 0.00475878 0.00045408 0.041838 0.0100801 0.142546 0.229565 0.273958 
0.0665123 0.104881 0.144308 0.0379945 0.0210356 0.00395787 0.0811138 0.158931 0.161377 0.219889 
0.0113521 0.0122658 0.0583778 0.00840109 6.00691e-05 0.0850227 0.00247444 0.0408601 0.0155597 0.765626 
0.00516375 0.238985 0.0676858 0.000901542 0.000382092 0.0437853 0.0127228 0.0254885 0.090471 0.514414 
0.014572 0.0740048 0.024445 0.0664717 3.57554e-05 0.00648338 0.00750779 0.169205 0.0773054 0.559969 
0.200217 0.0322161 0.00959063 0.0100487 8.04615e-05 0.0242521 0.0226943 0.147354 0.0392411 0.514306 
0.014572 0.0740048 0.024445 0.0664717 3.57554e-05 0.00648338 0.00750779 0.169205 0.0773054 0.559969 
0.036075 0.0430979 0.13502 0.00470887 0.000184608 0.065408 0.12324 0.140558 0.023627 0.428081 
0.0177374 0.0802347 0.0314311 0.0969191 2.03544e-08 0.0296486 0.0282125 0.194393 0.0306665 0.490757 
0.0243717 0.0118377 0.070197 0.00358034 0.000161568 0.102622 0.00787719 0.128312 0.0295307 0.621511 
0.118972 0.00918099 0.0905016 0.00611998 0.00031823 0.0170966 0.0388198 0.295435 0.0478707 0.375686 
0.0186584 0.0237832 0.0159248 0.000971612 0.0611782 0.076728 0.0427396 0.096151 0.0799073 0.583958 
0.047641 0.0195115 0.0276564 0.00399105 2.52455e-05 0.0685072 0.113173 0.101294 0.0229732 0.595227 
0.118972 0.00918099 0.0905016 0.00611998 0.00031823 0.0170966 0.0388198 0.295435 0.0478707 0.375686 
0.156675 0.0166716 0.0392859 0.0211188 5.2521e-05 0.00919492 0.0143042 0.268405 0.0507105 0.423582 
0.0018933 0.00527195 0.0332015 0.0122037 5.07324e-06 0.142409 0.0759715 0.0230955 0.00792009 0.698028 
0.0136737 0.013275 0.000367061 0.00850813 1.14373e-05 0.00153716 0.0141718 0.126609 0.0306054 0.791241 
0.0259255 0.0332212 0.0433738 0.00259044 1.6369e-05 0.00362793 0.297523 0.114165 0.0293282 0.450229 
0.229101 0.0113519 0.00401859 0.000651932 2.96434e-05 0.0106939 0.00284132 0.23063 0.247391 0.263291 
0.143697 0.0877737 0.0872686 0.0130916 8.98363e-05 0.00313198 0.0372845 0.138084 0.115262 0.374317 
0.0586114 0.0549504 0.0444787 0.00426378 0.000300642 0.0150262 0.029808 0.241553 0.0673008 0.483707 
0.0936097 0.0816637 0.02227 0.0191676 7.90324e-05 0.014013 0.0278905 0.249721 0.102062 0.389523 
0.0237895 0.000841037 0.0208257 0.00118337 7.06228e-05 0.0725186 0.0221408 0.20327 0.0255495 0.629811 
0.026058 0.0340597 0.00172454 0.00440545 8.83963e-06 5.56619e-06 0.0114443 0.11629 0.004228 0.801776 
0.014572 0.0740048 0.024445 0.0664717 3.57554e-05 0.00648338 0.00750779 0.169205 0.0773054 0.559969 
0.0195283 0.0363207 0.076637 0.0240396 5.95398e-05 0.0134527 0.238933 0.172518 0.110193 0.308318 
0.0306026 0.0674813 0.056743 0.0280069 7.95403e-05 0.0147316 0.111053 0.0343446 0.116206 0.540752 
0.0269534 0.0410422 0.0118484 0.0211964 0.066201 0.0225281 0.229794 0.173227 0.0164528 0.390756 
0.0949855 0.0444302 0.0157449 0.014701 5.33113e-05 0.0146072 0.0105442 0.135601 0.134113 0.53522 
0.019281 0.00821432 0.0207764 0.00383892 0.00125774 0.289254 0.0672514 0.240934 0.0559475 0.293245 
0.0282852 0.0163662 0.0457921 0.0518745 0.000132793 0.147412 0.160605 0.135567 0.0266563 0.387309 
0.0543572 0.0225997 0.0139911 0.000169001 9.33444e-07 0.000139434 0.00611624 0.325097 0.0821894 0.49534 
0.0310668 0.0156511 0.00922494 0.0118148 0.000619209 0.0349767 0.0397285 0.415153 0.0225715 0.419193 
0.0583768 0.0300496 0.0055246 0.00915979 0.0814413 0.0511035 0.110735 0.179872 0.0630189 0.410719 
0.261222 0.0590493 0.0219949 0.0160793 0.000273783 0.0548844 0.0299289 0.197328 0.090458 0.268781 
0.0720058 0.0188625 0.0295703 0.0122206 0.00139439 0.00490981 0.0502489 0.259268 0.109515 0.442005 
0.0486258 0.00877391 0.0414642 0.00624566 9.03468e-06 0.0754471 0.0395843 0.0820302 0.0302334 0.667586 
0.0018933 0.00527195 0.0332015 0.0122037 5.07324e-06 0.142409 0.0759715 0.0230955 0.00792009 0.698028 
0.165744 0.0197089 0.0797869 0.0276899 0.000127032 0.02331 0.0925819 0.199801 0.0375263 0.353724 
0.0144754 0.050832 0.0144946 0.0115985 2.61546e-05 0.0950334 0.076562 0.219952 0.043583 0.473443 
0.193471 0.0173629 0.0167723 0.00266953 4.77999e-05 0.00947132 0.0255405 0.115067 0.133027 0.48657 
0.0102405 0.0358638 0.0912811 0.00607908 0.000159246 0.0347321 0.0702792 0.0638372 0.0146138 0.672914 
0.014572 0.0740048 0.024445 0.0664717 3.57554e-05 0.00648338 0.00750779 0.169205 0.0773054 0.559969 
0.014572 0.0740048 0.024445 0.0664717 3.57554e-05 0.00648338 0.00750779 0.169205 0.0773054 0.559969 
0.195669 0.0242893 0.0496831 0.00777841 0.000116054 0.0338485 0.0363586 0.262995 0.0393803 0.349881 
0.0100269 0.0113525 0.0497242 0.00837092 3.80098e-05 0.0684136 0.00237846 0.0348862 0.0136966 0.801113 
0.0572446 0.0710761 0.213435 0.0179063 0.00333494 0.012679 0.0430133 0.186703 0.140195 0.254412 
0.00899743 0.012547 0.0179552 0.00835509 0.000162589 0.0101554 0.00877968 0.0397691 0.0143291 0.878949 
0.0381952 0.0527811 0.032252 0.00849588 8.00698e-05 0.0450963 0.0099002 0.292774 0.155332 0.365093 
0.014572 0.0740048 0.024445 0.0664717 3.57554e-05 0.00648338 0.00750779 0.169205 0.0773054 0.559969 
0.0125145 9.32524e-05 0.0774837 0.000391249 2.80965e-05 0.0115787 0.00668822 0.0350902 0.0120114 0.844121 
0.0212705 0.0165797 0.0299982 0.00161612 0.000777425 0.250351 0.110953 0.206481 0.0585444 0.303428 
0.0427311 0.0551205 0.00201958 0.0255139 0.00151296 0.000541753 0.170387 0.232198 0.226833 0.243142 
0.0580458 0.0307113 0.0619777 0.0411916 1.66309e-05 0.0504993 0.0127831 0.126749 0.240068 0.377957 
0.0887107 0.00137194 0.021953 0.00288546 0.0164044 0.0762481 0.00667413 0.15836 0.0871491 0.540243 
0.0250131 0.125477 0.0195801 0.0118444 9.15329e-05 0.00579902 0.352954 0.0797343 0.0230069 0.3565 
0.0306383 0.145331 0.00248381 0.102824 7.30711e-05 0.0129013 0.0119451 0.21016 0.0308021 0.452842 
0.024248 0.0125806 0.0364281 0.0495991 7.64251e-05 0.0259821 0.0248966 0.239457 0.0130191 0.573713 
0.0678163 0.123159 0.0851846 0.0444098 5.42447e-05 0.000400622 0.135279 0.214725 0.0208732 0.308098 
0.0161884 0.0258554 0.0750495 0.0500016 0.000656611 0.0309101 0.177036 0.240049 0.0291924 0.355061 
0.0018933 0.00527195 0.0332015 0.0122037 5.07324e-06 0.142409 0.0759715 0.0230955 0.00792009 0.698028 
0.00606334 0.0365381 0.100643 0.000577753 0.000424146 0.0224232 0.00369683 0.0593634 0.217097 0.553173 
0.014572 0.0740048 0.024445 0.0664717 3.57554e-05 0.00648338 0.00750779 0.169205 0.0773054 0.559969 
0.191219 0.0267433 0.00320499 2.21104e-06 1.38414e-08 0.004203 0.00233765 0.0951407 0.0515198 0.625629 
0.0422749 0.0172481 0.0368235 0.0299699 0.000983536 0.00953416 0.124372 0.292687 0.0396242 0.406483 
0.0419082 0.0953162 0.00753208 2.81068e-07 2.80897e-07 2.81044e-07 0.0132946 0.0777781 2.81086e-07 0.76417 
0.014572 0.0740048 0.024445 0.0664717 3.57554e-05 0.00648338 0.00750779 0.169205 0.0773054 0.559969 
0.0134932 0.00495836 0.0602026 0.00822073 5.05239e-05 0.0690722 0.00850797 0.161479 0.0310788 0.642937 
0.0186584 0.0237832 0.0159248 0.000971612 0.0611782 0.076728 0.0427396 0.096151 0.0799073 0.583958 
0.00558195 0.100967 0.0271742 0.0178993 7.97253e-06 0.271236 0.0546555 0.101853 0.0457811 0.374844 
0.164094 0.0250874 0.00517702 0.0131493 6.88695e-06 0.000125594 0.221646 0.154097 0.00428048 0.412335 
0.0611783 0.0164173 0.00268428 0.00114685 4.97882e-10 1.73464e-06 0.000613351 0.345154 0.0180047 0.5548 
0.0518284 0.0118525 0.196424 0.00369197 0.000615595 0.0740402 0.135594 0.109065 0.0688668 0.348022 
0.00586395 0.025546 0.00139303 0.000562735 1.36209e-06 4.7356e-05 0.06851 0.209309 0.060272 0.628495 
0.016852 0.122328 0.0483352 0.0203524 0.000389094 0.0496554 0.120208 0.0578448 0.0796237 0.484411 
0.0048757 0.0846797 0.0319641 0.000574394 0.114868 0.000849532 0.0581385 0.0392949 0.0673237 0.597431 
0.0279822 0.0581216 0.0371723 0.0171904 0.0147386 0.032234 0.0814464 0.267585 0.0931164 0.370413 
0.0117272 0.00311931 0.0244635 0.00029621 2.47631e-05 0.0417419 0.0110324 0.0922606 0.110891 0.704443 
0.0018933 0.00527195 0.0332015 0.0122037 5.07324e-06 0.142409 0.0759715 0.0230955 0.00792009 0.698028 
0.132512 0.0292497 0.0269015 0.0226637 3.89258e-05 0.00916998 0.0298842 0.244493 0.186179 0.318908 
0.171343 0.00827355 0.0182479 0.00109184 1.16436e-05 0.0769494 0.00134843 0.302005 0.0283105 0.392418 
0.106436 0.0360391 0.0276334 0.0117653 0.0326623 0.0162156 0.0311742 0.196539 0.249691 0.291844 
0.0188245 0.192208 0.0101192 0.0615111 0.000690322 6.02981e-05 0.0169576 0.21068 0.215211 0.273738 
0.0463666 0.084815 0.0389294 0.0301948 0.000135838 0.0113455 0.0750548 0.170274 0.205524 0.33736 
0.0594555 0.00111721 0.0280872 0.000902191 0.000113355 0.0222997 0.0673717 0.0558846 0.00524727 0.759521 
0.0483559 0.0816132 0.0181538 0.0208619 0.00127342 0.0261159 0.0296675 0.272149 0.222966 0.278844 
0.0422847 0.000121417 1.61933e-05 8.0596e-05 7.2883e-10 3.86886e-06 0.354211 4.42246e-05 3.14842e-05 0.603207 
0.0790583 0.0534322 0.0408563 0.00418681 3.20993e-05 0.00848905 0.0174566 0.103725 0.155511 0.537253 
0.0018933 0.00527195 0.0332015 0.0122037 5.07324e-06 0.142409 0.0759715 0.0230955 0.00792009 0.698028 
0.0177391 0.107439 0.231037 0.0127368 2.12025e-05 0.0982342 0.0774751 0.10253 0.0927877 0.259999 
0.157959 0.0367447 0.0192275 0.0284644 0.00054801 0.00311769 0.00753229 0.2821 0.172252 0.292054 
0.0540959 0.0202829 0.165385 0.00500951 6.01208e-05 0.0134208 0.27434 0.136249 0.0141528 0.317003 
0.0177391 0.107439 0.231037 0.0127368 2.12025e-05 0.0982342 0.0774751 0.10253 0.0927877 0.259999 
0.0690761 0.0629575 0.0549884 0.038185 0.00108382 0.0158983 0.205808 0.25358 0.0395645 0.258858 
0.0518284 0.0118525 0.196424 0.00369197 0.000615595 0.0740402 0.135594 0.109065 0.0688668 0.348022 
0.014572 0.0740048 0.024445 0.0664717 3.57554e-05 0.00648338 0.00750779 0.169205 0.0773054 0.559969 
0.0556089 0.0941372 0.0504512 0.106459 0.000161789 0.0198887 0.109406 0.148178 0.0665333 0.349176 
0.0540959 0.0202829 0.165385 0.00500951 6.01208e-05 0.0134208 0.27434 0.136249 0.0141528 0.317003 
0.063968 0.0203644 0.0669714 0.00838789 0.000739656 0.0674009 0.14098 0.251349 0.077106 0.302734 
0.0217651 0.017907 0.0566147 0.0133233 0.000328553 0.0542965 0.0137348 0.331567 0.0888051 0.401658 
0.0502214 0.12877 0.00471816 0.000156108 0.157125 2.53768e-05 0.010406 0.0752319 0.102698 0.470649 
0.0173329 0.011998 0.093562 0.033606 0.0139536 0.0397394 0.249656 0.240936 0.0417093 0.257507 
0.0265422 0.0540736 0.0201888 0.0422121 8.02037e-06 0.280459 0.114755 0.05779 0.028072 0.375899 
0.014572 0.0740048 0.024445 0.0664717 3.57554e-05 0.00648338 0.00750779 0.169205 0.0773054 0.559969 
0.0119613 0.0266584 0.0249755 0.0141117 0.000151382 0.0152558 0.0211297 0.0661408 0.0168539 0.802761 
0.21102 0.0192139 0.00284789 0.00132172 1.61156e-05 0.000334972 0.0316723 0.202712 0.196095 0.334767 
0.0266395 0.020221 0.0349514 0.00222574 5.49908e-05 0.0160638 0.00310962 0.267093 0.0474993 0.582141 
0.00478974 0.0806978 0.0238244 0.0141154 0.0202904 0.0343448 0.219277 0.239647 0.0195661 0.343448 
0.0256732 0.0123855 0.164454 0.0275548 2.02159e-05 0.0295581 0.0179632 0.0986327 0.0212329 0.602525 
0.014572 0.0740048 0.024445 0.0664717 3.57554e-05 0.00648338 0.00750779 0.169205 0.0773054 0.559969 
0.0900904 0.012408 0.0315676 0.00199911 0.000109345 0.0169072 0.0587373 0.124522 0.0512436 0.612415 
0.0756747 0.0208622 0.000875845 0.0324464 0.00023061 8.72617e-05 0.0206257 0.340521 0.0631381 0.445538 
0.0682139 0.014085 0.0313208 0.00846975 0.000581406 0.0523392 0.0328773 0.11319 0.208826 0.470097 
0.0301919 0.0470759 0.0847401 0.0252642 0.00018537 0.0290956 0.281188 0.180859 0.0359295 0.285471 
