0.376979 0.0123186 3.06933e-05 0.193942 0.000272544 0.00968561 0.099022 0.146538 0.161211 
0.376359 0.0543826 0.0709057 0.0805848 0.0239738 0.0149201 0.241985 0.117489 0.0194004 
0.314585 0.12759 0.00516739 0.0808164 0.0426246 0.0646938 0.184166 0.145991 0.0343653 
0.643393 0.0534841 0.000286573 0.0226792 0.053 0.0408877 0.156017 0.0151921 0.0150605 
0.314114 0.0136881 0.00952979 0.115045 0.0791152 0.0219934 0.137099 0.144766 0.164649 
0.383156 0.00936059 0.0366065 0.0548775 0.0148398 0.0940802 0.176446 0.0980671 0.132566 
0.35295 0.0186823 0.0226071 0.0447502 0.0901933 0.0946629 0.186933 0.0570028 0.132219 
0.418706 0.05022 0.000536809 0.0744573 0.000974068 0.00918081 0.358351 0.00870138 0.0788726 
0.627354 0.050396 0.000386114 0.0579415 0.0300032 0.0219019 0.180485 0.0219523 0.00957997 
0.413548 0.0324785 0.0341251 0.0390569 0.155982 0.0552372 0.149436 0.0843446 0.0357913 
0.411411 0.075068 0.000807539 0.145294 0.000590244 0.011516 0.224566 0.0356214 0.0951258 
0.711354 0.0573038 0.00623755 0.0848683 0.0090106 0.0128258 0.09795 0.00954689 0.0109028 
0.455273 0.0376299 0.00253468 0.115538 0.00967271 0.0545848 0.222612 0.0644524 0.0377031 
0.291395 0.0613456 0.0135556 0.0945872 0.0359244 0.0627929 0.266637 0.0933086 0.0804536 
0.469532 0.0693432 0.00576053 0.196202 0.00935184 0.0311658 0.145657 0.0305338 0.042454 
0.277064 0.0472004 0.000526863 0.099022 0.143542 0.0267008 0.226171 0.0882423 0.0915313 
0.706263 0.0567083 0.0011734 0.0490583 0.0156035 0.00993677 0.128841 0.0192978 0.013118 
0.543974 0.0212974 0.00104197 0.0234666 0.0364857 0.0589339 0.203532 0.0532798 0.0579884 
0.445943 0.0717984 0.102544 0.042701 0.0546341 0.0232455 0.0964822 0.110302 0.0523501 
0.717805 0.0753127 4.01271e-05 0.0947848 0.00697391 0.00732575 0.0859156 0.00631816 0.00552363 
0.498869 0.0721556 0.000428408 0.0571052 0.0543095 0.0506108 0.20429 0.0352698 0.0269615 
0.31786 0.0165693 0.00325135 0.0596776 0.0348051 0.0677059 0.303572 0.138296 0.0582625 
0.365753 0.0245718 0.0019243 0.0736579 0.0173573 0.130379 0.264421 0.076199 0.0457365 
0.627354 0.050396 0.000386114 0.0579415 0.0300032 0.0219019 0.180485 0.0219523 0.00957997 
0.59064 0.0115781 0.00732743 0.0894264 0.0521462 0.0328055 0.101581 0.0195283 0.0949671 
0.254686 0.0127193 0.0552806 0.0278375 0.246734 0.0193521 0.158894 0.145985 0.0785114 
0.483667 0.0416887 0.0168213 0.0260048 0.0457065 0.0180345 0.1881 0.170679 0.00929804 
0.412599 0.0215674 0.000883261 0.0202935 0.0172799 0.296302 0.170831 0.0555416 0.00470194 
0.291068 0.0656074 0.00648428 0.118269 0.0335268 0.0606927 0.265465 0.0480986 0.110788 
0.405668 0.0116001 0.0784751 0.0076562 0.0407954 0.0650559 0.182984 0.189778 0.0179862 
0.299763 0.0415752 0.00486551 0.135658 0.0144518 0.0120393 0.17515 0.11736 0.199137 
0.374081 0.00928033 0.0564788 0.0473571 0.0680112 0.0407392 0.138761 0.122081 0.143209 
0.252341 0.108849 0.00082928 0.160872 0.0543452 0.116318 0.202077 0.0651997 0.0391675 
0.448471 0.0283183 0.0028324 0.0736319 0.0173754 0.0415681 0.339568 0.0421897 0.00604512 
0.299022 0.0909479 0.00106524 0.0164748 0.0110615 0.293167 0.155609 0.128059 0.00459407 
0.728016 0.0384526 0.000100863 0.0658803 0.0168042 0.0176351 0.0966234 0.0300368 0.00645122 
0.566395 0.0174177 0.0332169 0.041122 0.0654302 0.0601833 0.124873 0.0590405 0.0323208 
0.498869 0.0721556 0.000428408 0.0571052 0.0543095 0.0506108 0.20429 0.0352698 0.0269615 
0.321844 0.0307349 0.0220399 0.0243232 0.0174825 0.0850762 0.160963 0.31766 0.0198767 
0.439645 0.0362902 0.00918098 0.111108 0.018804 0.0212853 0.257781 0.0257562 0.0801497 
0.330197 0.0424849 0.00261748 0.0803298 0.0248436 0.141 0.298009 0.0550766 0.0254414 
0.38555 0.0223442 0.00546141 0.0949851 0.0512292 0.0399663 0.236928 0.105548 0.0579878 
0.691445 0.00898738 1.84759e-05 0.0646412 0.00546288 0.0177503 0.0895016 0.117676 0.0045166 
0.458372 0.0256716 0.000376333 0.0883464 0.0369852 0.0135441 0.185366 0.143645 0.0476931 
0.37407 0.0553284 0.00126764 0.0429415 0.0253801 0.0104328 0.213753 0.0990747 0.177752 
0.244676 0.0293799 0.0167307 0.120665 0.0684931 0.0634555 0.233566 0.159597 0.0634363 
0.476791 0.0218316 0.00394697 0.0717263 0.0421751 0.0830272 0.206275 0.0557894 0.0384378 
0.346082 0.0389035 0.00174924 0.220709 0.0125629 0.029398 0.237002 0.021651 0.0919432 
0.475466 0.0720537 0.0184576 0.0611415 0.0435455 0.0348127 0.197164 0.0614557 0.0359025 
0.717805 0.0753127 4.01271e-05 0.0947848 0.00697391 0.00732575 0.0859156 0.00631816 0.00552363 
0.468612 0.0255693 0.00247821 0.0609553 0.0118277 0.0196823 0.29094 0.0951903 0.0247448 
0.37366 0.0459758 0.00186921 0.0339543 0.0835183 0.0298631 0.345577 0.0704037 0.0151785 
0.585928 0.034613 0.00139289 0.0915502 0.0195977 0.0192764 0.185711 0.0367386 0.0251919 
0.686995 0.0724507 3.74878e-05 0.112724 0.00919964 0.0101572 0.0962625 0.00737538 0.00479818 
0.38936 0.0424653 0.0031703 0.0612828 0.0330816 0.0211957 0.311636 0.0912734 0.0465351 
0.469824 0.0215089 0.0039109 0.0101181 0.0145108 0.310649 0.11847 0.0448264 0.00618248 
0.399822 0.0705232 0.027381 0.0611539 0.0383879 0.0532821 0.212017 0.0828059 0.0546265 
0.743513 0.0213037 2.33406e-05 0.0548824 0.0035192 0.00943912 0.134454 0.0272031 0.00566237 
0.359045 0.0396021 0.0209346 0.0947778 0.0564826 0.0437976 0.247345 0.0925472 0.0454681 
0.59064 0.0115781 0.00732743 0.0894264 0.0521462 0.0328055 0.101581 0.0195283 0.0949671 
0.431589 0.0222858 0.00150107 0.0373217 0.0349448 0.0815145 0.235959 0.136788 0.0180961 
0.268624 0.0746706 0.00859478 0.243732 0.0888324 0.0437025 0.169008 0.0820098 0.0208262 
0.745976 0.0326101 0.000706598 0.0375723 0.00684165 0.0128286 0.130803 0.021 0.0116614 
0.600982 0.0379224 0.00225387 0.0278183 0.0306623 0.0164509 0.208642 0.0236808 0.0515877 
0.596818 0.0271825 0.000626887 0.0499298 0.0667093 0.0200587 0.176163 0.0450628 0.017449 
0.389317 0.0495656 0.000434929 0.113567 0.00107184 0.00873552 0.343341 0.0227154 0.0712509 
0.535815 0.0198667 0.000382847 0.0659913 0.0500032 0.0226512 0.217397 0.0573809 0.030512 
0.365141 0.0549577 0.000529309 0.115302 0.00916467 0.0204118 0.290139 0.0381663 0.106189 
0.434761 0.0694368 0.00117246 0.0207716 0.00850453 0.0101298 0.24809 0.20348 0.00365398 
0.338872 0.0813611 0.00315184 0.139155 0.0239109 0.0493743 0.225874 0.0784714 0.0598296 
0.530302 0.0137017 3.81931e-05 0.074289 0.000370427 0.020052 0.206715 0.135583 0.0189485 
0.522866 0.0193789 0.0011599 0.0634179 0.00261322 0.117977 0.201117 0.0397227 0.0317475 
0.627354 0.050396 0.000386114 0.0579415 0.0300032 0.0219019 0.180485 0.0219523 0.00957997 
0.443539 0.0612354 0.00267986 0.107705 0.00154742 0.0304707 0.235361 0.0336074 0.0838542 
0.287038 0.0216104 0.0087074 0.0467736 0.10551 0.129612 0.225431 0.0786553 0.0966628 
0.398954 0.0233381 0.000639372 0.0940417 0.0438324 0.00850519 0.254782 0.142634 0.033273 
0.445977 0.00229068 0.0145182 0.0881827 0.0161028 0.00270283 0.0661176 0.354288 0.00982053 
0.400238 0.0162751 0.0139487 0.0315808 0.0780413 0.0625468 0.255948 0.10026 0.0411609 
0.291308 0.0303488 0.00274344 0.0465619 0.0336444 0.0411322 0.253127 0.287744 0.0133904 
0.367933 0.026997 0.000336815 0.0780844 0.0328292 0.105497 0.287371 0.0697697 0.0311819 
0.334245 0.045585 0.00107408 0.0549554 0.134824 0.00771999 0.219901 0.0676208 0.134075 
0.484135 0.0309015 0.00070672 0.0486661 0.0162204 0.0102863 0.360245 0.0234828 0.0253562 
0.549902 0.0337117 0.0267402 0.0793254 0.0668279 0.0228026 0.132063 0.0570054 0.0316211 
0.422903 0.0775219 0.0210874 0.0366822 0.0450063 0.0527921 0.267401 0.0377553 0.0388501 
0.392283 0.0344809 0.000577566 0.0616858 0.0124145 0.0873547 0.272766 0.102337 0.0361002 
0.596818 0.0271825 0.000626887 0.0499298 0.0667093 0.0200587 0.176163 0.0450628 0.017449 
0.299411 0.0431558 0.0179463 0.0961407 0.0526337 0.0500171 0.286306 0.084912 0.0694782 
0.520896 0.0485167 0.000130397 0.131372 0.072481 0.0592752 0.130128 0.0229327 0.0142678 
0.369166 0.054572 0.00121553 0.0528881 0.0760444 0.0108358 0.330076 0.036013 0.0691882 
0.269545 0.0395893 0.0416591 0.0403028 0.19105 0.104994 0.120698 0.178306 0.0138559 
0.248312 0.00409357 0.00397472 0.0467686 0.0506751 0.0337862 0.216206 0.188888 0.207296 
0.33715 0.0110751 0.000207045 0.118801 0.0154071 0.0227451 0.113456 0.331171 0.0499868 
0.300618 0.0348181 0.000305543 0.184623 0.00356554 0.0200514 0.297753 0.137824 0.0204402 
0.316295 0.0332677 0.00314774 0.0809718 0.0530781 0.0189163 0.289199 0.15382 0.0513035 
0.438491 0.0681841 0.000510102 0.155383 0.0297391 0.0290178 0.168778 0.0447377 0.0651595 
0.560113 0.0296828 0.0025624 0.0496695 0.0165258 0.0219745 0.23479 0.0498195 0.0348616 
0.312318 0.0591415 0.0147681 0.0754164 0.0273417 0.0523394 0.294468 0.129289 0.0349183 
0.655804 0.0826905 0.000732658 0.0780542 0.0158506 0.014555 0.12381 0.0118408 0.0166629 
0.612147 0.0366543 0.0025678 0.031304 0.0367927 0.0168853 0.212358 0.0284159 0.0228751 
0.689737 0.0029534 8.57121e-05 0.0154907 0.0242062 0.037514 0.189224 0.0178294 0.0229596 
0.692779 0.040246 0.000672773 0.0535667 0.00926798 0.00678066 0.163436 0.0175372 0.0157138 
0.224231 0.0263427 0.00349146 0.221737 0.0930564 0.0199917 0.199135 0.126016 0.085998 
0.356136 0.0223013 0.00328772 0.108073 0.0156947 0.0222768 0.332396 0.112737 0.027098 
0.341958 0.0883791 0.00182917 0.133536 0.011363 0.0550374 0.237486 0.102965 0.0274468 
0.33452 0.0130594 0.0258265 0.141311 0.139594 0.0152743 0.178401 0.119958 0.0320553 
0.489673 0.00203197 7.59069e-05 0.121314 0.0166941 0.0104118 0.107307 0.207924 0.0445691 
0.490953 0.0662368 0.00316294 0.0388476 0.0590182 0.0224506 0.192561 0.0395298 0.0872393 
0.344774 0.07075 0.00193271 0.110397 0.00974792 0.0366163 0.254925 0.0879509 0.0829059 
0.28333 0.0191675 0.000371102 0.0871517 0.0286331 0.0184755 0.269097 0.258307 0.0354672 
0.457274 0.0022674 0.000218134 0.0633312 0.0359802 0.065031 0.239125 0.0648901 0.0718827 
0.249844 0.0476724 0.0371123 0.0400498 0.0877745 0.0360563 0.224932 0.192825 0.0837333 
0.357565 0.0652555 0.0041268 0.0847019 0.0243042 0.114715 0.231032 0.091186 0.0271147 
0.59064 0.0115781 0.00732743 0.0894264 0.0521462 0.0328055 0.101581 0.0195283 0.0949671 
0.510671 0.0442774 0.00739445 0.0408848 0.0275368 0.0338983 0.203318 0.0611447 0.0708747 
0.35434 0.0159275 0.00416007 0.0256944 0.18152 0.168899 0.113858 0.119273 0.0163289 
0.627354 0.050396 0.000386114 0.0579415 0.0300032 0.0219019 0.180485 0.0219523 0.00957997 
0.60766 0.0335378 0.000997521 0.0511733 0.037701 0.0503261 0.140629 0.0633452 0.0146296 
0.314204 0.0417197 0.00788559 0.0833892 0.0327797 0.0501102 0.268012 0.153117 0.0487838 
0.59064 0.0115781 0.00732743 0.0894264 0.0521462 0.0328055 0.101581 0.0195283 0.0949671 
0.39455 0.0168817 0.00318976 0.155267 0.015399 0.00798228 0.287387 0.0428725 0.076471 
0.429082 0.00469022 0.00581978 0.148955 0.0629864 0.0342718 0.162105 0.0984467 0.053643 
0.39274 0.0262156 0.000565902 0.0914886 0.00330827 0.0191317 0.28207 0.166177 0.0183029 
0.559456 0.0707584 0.00054348 0.0537055 0.0553373 0.0219639 0.200389 0.0299029 0.00794321 
0.273657 0.0260922 0.0122722 0.089133 0.0260204 0.150802 0.211934 0.159222 0.0508666 
0.612147 0.0366543 0.0025678 0.031304 0.0367927 0.0168853 0.212358 0.0284159 0.0228751 
0.649254 0.0178058 6.14961e-05 0.0412754 0.0609185 0.0188511 0.159753 0.0388733 0.013208 
0.498869 0.0721556 0.000428408 0.0571052 0.0543095 0.0506108 0.20429 0.0352698 0.0269615 
0.559456 0.0707584 0.00054348 0.0537055 0.0553373 0.0219639 0.200389 0.0299029 0.00794321 
0.420717 0.0226819 0.000348826 0.0726413 0.0131396 0.0715075 0.256607 0.113146 0.0292106 
0.60983 0.0167299 8.28633e-05 0.071816 0.0121072 0.0887935 0.150866 0.0326708 0.0171038 
0.445015 0.0417696 0.00767868 0.019227 0.0246938 0.178343 0.193102 0.0789886 0.0111823 
0.411292 0.0606367 0.0572467 0.105266 0.0406438 0.0215144 0.112005 0.153781 0.037615 
0.343267 0.123093 0.000373437 0.110479 0.00231201 0.0108669 0.303156 0.0112609 0.0951922 
0.382272 0.0601706 0.000573535 0.0597462 0.0346647 0.0610586 0.280783 0.0571154 0.0636158 
0.385942 0.0726735 0.00249974 0.0624287 0.0710895 0.0631588 0.262947 0.0620603 0.0172006 
0.741802 0.0318225 0.000404487 0.0266222 0.0116065 0.00411762 0.144243 0.0301202 0.00926177 
0.329301 0.00643159 0.0201462 0.0512622 0.0228497 0.232412 0.158343 0.169262 0.00999227 
0.604065 0.0215394 0.000686266 0.0574534 0.00027244 0.0157747 0.241528 0.0242748 0.0344063 
0.505369 0.0572716 0.00338723 0.075179 0.0183045 0.0266095 0.220507 0.0374237 0.0559489 
0.296439 0.076414 0.143607 0.0598196 0.0427916 0.0425814 0.104913 0.0876487 0.145786 
0.565155 0.0501908 0.000318082 0.0544514 0.00435123 0.0120795 0.233674 0.0244476 0.0553332 
0.59064 0.0115781 0.00732743 0.0894264 0.0521462 0.0328055 0.101581 0.0195283 0.0949671 
0.307172 0.0185183 0.00349169 0.0531697 0.0493556 0.0731056 0.261717 0.103115 0.130354 
0.269246 0.0232933 0.06821 0.208643 0.0240209 0.0164559 0.231809 0.113901 0.0444211 
0.531286 0.0216019 0.000731527 0.054578 0.000176501 0.0130466 0.259642 0.0777995 0.0411378 
0.2805 0.0147825 0.000259115 0.0843109 0.0548457 0.0316509 0.221268 0.0617725 0.250611 
0.655804 0.0826905 0.000732658 0.0780542 0.0158506 0.014555 0.12381 0.0118408 0.0166629 
0.627354 0.050396 0.000386114 0.0579415 0.0300032 0.0219019 0.180485 0.0219523 0.00957997 
0.627354 0.050396 0.000386114 0.0579415 0.0300032 0.0219019 0.180485 0.0219523 0.00957997 
0.594624 0.0359175 0.000685196 0.0533324 0.0223971 0.0174088 0.218034 0.0335131 0.0240878 
0.548557 0.0544928 0.00572406 0.0244236 0.0269722 0.0327027 0.232672 0.0363925 0.0380626 
0.344244 0.13846 0.00145267 0.148589 0.0185022 0.0488723 0.224155 0.0371482 0.0385766 
0.655804 0.0826905 0.000732658 0.0780542 0.0158506 0.014555 0.12381 0.0118408 0.0166629 
0.407557 0.06439 0.000458041 0.0433862 0.0164936 0.096236 0.241295 0.0669955 0.0631885 
0.373802 0.0976812 0.00951627 0.128853 0.122251 0.0304715 0.176153 0.0391947 0.0220776 
0.50905 0.0862865 0.000564065 0.110092 0.00721757 0.0413563 0.102949 0.130677 0.0118068 
0.593491 0.0238386 0.000580931 0.0573964 0.0152377 0.0526825 0.16385 0.0614307 0.0314915 
0.379488 0.0556162 0.0011607 0.0501271 0.0635176 0.0120255 0.333156 0.0348463 0.0700625 
0.59064 0.0115781 0.00732743 0.0894264 0.0521462 0.0328055 0.101581 0.0195283 0.0949671 
0.483884 0.0531762 0.0016428 0.0718848 0.0188076 0.0366719 0.243533 0.0457274 0.0446721 
0.334309 0.0239683 0.00376984 0.090581 0.0711438 0.0150766 0.271458 0.122329 0.0673655 
0.319222 0.145708 0.00059114 0.136868 0.00750395 0.0128142 0.186684 0.183561 0.0070467 
0.325064 0.0676374 0.00300691 0.100699 0.0203605 0.105177 0.305633 0.0507603 0.0216618 
0.593491 0.0238386 0.000580931 0.0573964 0.0152377 0.0526825 0.16385 0.0614307 0.0314915 
0.275337 0.0294702 0.00630913 0.0435154 0.0528684 0.0196347 0.269475 0.0956179 0.207772 
0.573206 0.0687292 0.00060829 0.0578696 0.0218225 0.018364 0.216813 0.0254165 0.0171714 
0.422694 0.0153857 0.000740527 0.0643551 0.00779718 0.0342148 0.144066 0.257782 0.0529654 
0.717805 0.0753127 4.01271e-05 0.0947848 0.00697391 0.00732575 0.0859156 0.00631816 0.00552363 
0.417409 0.0655415 0.000416476 0.204947 0.0140466 0.0283238 0.191773 0.0353532 0.0421889 
0.261332 0.207482 0.00080736 0.181906 0.0206524 0.15383 0.119715 0.0469676 0.00730682 
0.612147 0.0366543 0.0025678 0.031304 0.0367927 0.0168853 0.212358 0.0284159 0.0228751 
0.443997 0.0347738 0.0156448 0.139994 0.00157003 0.0112743 0.22538 0.0394611 0.087905 
0.39455 0.0168817 0.00318976 0.155267 0.015399 0.00798228 0.287387 0.0428725 0.076471 
0.406701 0.0292743 0.00286567 0.0764375 0.040912 0.0432218 0.216654 0.128412 0.0555216 
0.328767 0.0427495 0.00104229 0.0901694 0.0231018 0.0595505 0.327778 0.0893692 0.0374722 
0.484135 0.0309015 0.00070672 0.0486661 0.0162204 0.0102863 0.360245 0.0234828 0.0253562 
0.44965 0.0897221 0.000529305 0.0757254 0.00536867 0.00188208 0.333943 0.0251219 0.0180573 
0.338049 0.00998717 0.000519654 0.0762971 0.0155102 0.0376229 0.278859 0.23253 0.0106254 
0.745976 0.0326101 0.000706598 0.0375723 0.00684165 0.0128286 0.130803 0.021 0.0116614 
0.479026 0.0686174 0.0108673 0.1064 0.040528 0.0354458 0.199284 0.0484226 0.0114082 
0.493276 0.00902119 3.1254e-05 0.0583964 0.00799704 0.0255922 0.140831 0.256763 0.00809177 
0.630975 0.0217382 0.00048914 0.0509615 0.0478606 0.0312051 0.106879 0.0660064 0.0438855 
0.407289 0.0129688 0.000227258 0.064329 0.0102495 0.144461 0.251834 0.0683363 0.0403048 
0.413038 0.0544349 0.00455229 0.0630226 0.0268003 0.0769106 0.286555 0.0610052 0.0136808 
0.361957 0.0270714 0.00393382 0.0634355 0.097619 0.0333977 0.221797 0.0970397 0.093749 
0.352106 0.0395311 0.00238803 0.0881813 0.0142799 0.0512553 0.279247 0.132877 0.0401346 
0.359063 0.0363788 0.0105221 0.0859752 0.0264248 0.0144624 0.356605 0.0571985 0.0533705 
0.382918 0.0389143 0.000363816 0.126068 0.00506277 0.033265 0.262274 0.12435 0.0267837 
0.38555 0.0223442 0.00546141 0.0949851 0.0512292 0.0399663 0.236928 0.105548 0.0579878 
0.221135 0.0253922 0.0766799 0.042492 0.0560064 0.10235 0.195896 0.163432 0.116616 
0.299306 0.0202358 0.00795427 0.0545158 0.0728635 0.132889 0.21817 0.157066 0.036999 
0.593491 0.0238386 0.000580931 0.0573964 0.0152377 0.0526825 0.16385 0.0614307 0.0314915 
0.512659 0.0351009 4.60156e-05 0.0997988 0.0103979 0.055242 0.171789 0.102356 0.0126111 
0.431357 0.0133159 0.00219716 0.0216101 0.277661 0.0187463 0.145321 0.0759319 0.0138597 
0.310057 0.0268151 0.000502082 0.0344326 0.022786 0.262945 0.276313 0.044139 0.0220106 
0.411411 0.075068 0.000807539 0.145294 0.000590244 0.011516 0.224566 0.0356214 0.0951258 
0.559456 0.0707584 0.00054348 0.0537055 0.0553373 0.0219639 0.200389 0.0299029 0.00794321 
0.384333 0.0115045 0.0251884 0.0931111 0.00762618 0.0141499 0.276706 0.0951732 0.092208 
0.577544 0.0220072 0.000718429 0.0539181 0.00827708 0.0141254 0.15966 0.14535 0.0183999 
0.242634 0.0703693 0.002946 0.0304314 0.104652 0.185471 0.231977 0.119836 0.011684 
0.350628 0.019348 0.002761 0.24176 0.0797584 0.059218 0.130129 0.107899 0.00849805 
0.438491 0.0681841 0.000510102 0.155383 0.0297391 0.0290178 0.168778 0.0447377 0.0651595 
0.307624 0.0267872 0.00659214 0.0470025 0.0769189 0.0385211 0.231676 0.236134 0.0287437 
0.286804 0.0202672 0.0073451 0.0358963 0.160173 0.0215772 0.261974 0.179597 0.0263659 
0.363419 0.0123933 0.00315855 0.0475439 0.0161848 0.331629 0.114335 0.0896748 0.0216623 
0.359085 0.0120601 0.0500572 0.0570205 0.0657668 0.0454119 0.165938 0.121713 0.122948 
0.44128 0.0122302 7.15506e-05 0.22283 0.0206406 0.00983714 0.131268 0.150043 0.0118 
0.418706 0.05022 0.000536809 0.0744573 0.000974068 0.00918081 0.358351 0.00870138 0.0788726 
0.60983 0.0167299 8.28633e-05 0.071816 0.0121072 0.0887935 0.150866 0.0326708 0.0171038 
0.335915 0.059079 0.00137538 0.117992 0.0110493 0.0730489 0.234696 0.147361 0.019483 
0.275451 0.0177102 0.00204777 0.239089 0.00549743 0.0700864 0.248339 0.0901146 0.051665 
0.347272 0.0606998 0.00129938 0.0652006 0.0248223 0.0204731 0.224702 0.0844056 0.171125 
0.359085 0.0120601 0.0500572 0.0570205 0.0657668 0.0454119 0.165938 0.121713 0.122948 
0.4397 0.0530593 0.00418158 0.0620451 0.0162374 0.0436282 0.237331 0.0571542 0.0866638 
0.314778 0.0730523 0.0110044 0.0632921 0.0307405 0.0152991 0.252262 0.0540787 0.185492 
0.255362 0.0603812 0.00405425 0.0889338 0.0710394 0.0169735 0.234834 0.162316 0.106105 
0.356667 0.0475012 0.0152062 0.0881431 0.0386751 0.0524448 0.289014 0.0825243 0.0298246 
0.342082 0.0203025 0.0136715 0.140909 0.00705185 0.034676 0.263887 0.121104 0.0563162 
0.348692 0.132914 0.00376042 0.0889741 0.0129117 0.0377018 0.250919 0.0911495 0.0329767 
0.595569 0.012085 0.000120383 0.0166318 0.029669 0.0598099 0.185667 0.0464929 0.0539551 
0.422279 0.0393457 0.000948238 0.0860562 0.0152264 0.0338933 0.126406 0.213934 0.0619112 
0.297437 0.0557466 0.00907717 0.047953 0.0965086 0.0454032 0.169065 0.0548509 0.223959 
0.412957 0.121523 3.17993e-05 0.120686 0.0247569 0.0436908 0.14903 0.10681 0.0205156 
0.745976 0.0326101 0.000706598 0.0375723 0.00684165 0.0128286 0.130803 0.021 0.0116614 
0.558 0.018162 6.31525e-05 0.0526397 0.0425364 0.0256732 0.214715 0.0722127 0.0159984 
0.375949 0.0346869 0.0181677 0.0568225 0.0301408 0.047803 0.299186 0.101009 0.0362361 
0.389317 0.0495656 0.000434929 0.113567 0.00107184 0.00873552 0.343341 0.0227154 0.0712509 
0.558463 0.0248159 0.00035155 0.0435027 0.007199 0.00864256 0.292557 0.0146246 0.0498442 
0.57337 0.0234782 3.79685e-05 0.0452599 0.0307273 0.00884821 0.222336 0.0716852 0.024257 
0.627354 0.050396 0.000386114 0.0579415 0.0300032 0.0219019 0.180485 0.0219523 0.00957997 
0.587692 0.0192886 0.000285223 0.0290706 0.0211779 0.00802928 0.159889 0.124015 0.050552 
0.402283 0.0505634 0.00850441 0.087822 0.0444491 0.0955481 0.23686 0.0480941 0.0258751 
0.627354 0.050396 0.000386114 0.0579415 0.0300032 0.0219019 0.180485 0.0219523 0.00957997 
0.562546 0.0174432 0.0145638 0.0346013 0.0133656 0.02314 0.234245 0.0345967 0.0654983 
0.745976 0.0326101 0.000706598 0.0375723 0.00684165 0.0128286 0.130803 0.021 0.0116614 
0.368495 0.0740038 0.00199665 0.042004 0.037059 0.0329646 0.358454 0.0309055 0.0541174 
0.273218 0.0365637 0.000184778 0.17911 0.0161459 0.0244378 0.15344 0.269632 0.0472676 
0.610018 0.0472562 0.00236748 0.0247788 0.0374723 0.0315052 0.203562 0.0229377 0.0201027 
0.565787 0.0471472 0.00569661 0.0374087 0.0414206 0.017951 0.224553 0.033497 0.0265391 
0.55622 0.010568 0.000762877 0.0479326 0.0112664 0.0393226 0.160585 0.148881 0.0244615 
0.41961 0.0408987 0.00045915 0.162384 0.00444422 0.00634649 0.292682 0.0456557 0.02752 
0.745976 0.0326101 0.000706598 0.0375723 0.00684165 0.0128286 0.130803 0.021 0.0116614 
0.505542 0.0694635 0.00087909 0.0416882 0.0749668 0.0521853 0.21078 0.0323431 0.0121526 
0.389317 0.0495656 0.000434929 0.113567 0.00107184 0.00873552 0.343341 0.0227154 0.0712509 
0.406888 0.00872617 0.00226749 0.0508873 0.0179259 0.0237051 0.351374 0.0320072 0.106219 
0.640202 0.0465583 7.85594e-05 0.0629818 0.0106948 0.0927381 0.113804 0.0221863 0.0107552 
0.413144 0.0120368 0.00398444 0.0314143 0.204544 0.0279923 0.213341 0.054621 0.0389219 
0.42658 0.0420882 0.000723198 0.0362818 0.0426788 0.0168593 0.31409 0.0678039 0.0528955 
0.308599 0.064237 0.00152091 0.221032 0.00827909 0.0855029 0.0821151 0.190149 0.0385648 
0.514894 0.0315016 0.000560961 0.0586613 0.0400265 0.0101488 0.245152 0.0720473 0.0270079 
0.627354 0.050396 0.000386114 0.0579415 0.0300032 0.0219019 0.180485 0.0219523 0.00957997 
0.356667 0.0475012 0.0152062 0.0881431 0.0386751 0.0524448 0.289014 0.0825243 0.0298246 
0.400238 0.0162751 0.0139487 0.0315808 0.0780413 0.0625468 0.255948 0.10026 0.0411609 
0.37394 0.0501716 0.000477726 0.0912055 0.01335 0.0587161 0.249989 0.080085 0.0820654 
0.368164 0.0900108 0.0256391 0.0634862 0.0169234 0.078269 0.284547 0.0511221 0.0218382 
0.451572 0.0613031 0.00623974 0.124161 0.013798 0.0142072 0.16209 0.113618 0.0530115 
0.596818 0.0271825 0.000626887 0.0499298 0.0667093 0.0200587 0.176163 0.0450628 0.017449 
0.418706 0.05022 0.000536809 0.0744573 0.000974068 0.00918081 0.358351 0.00870138 0.0788726 
0.184098 0.0651011 0.0274249 0.0553378 0.171832 0.0482876 0.173457 0.0926424 0.181819 
0.330097 0.0427929 0.00167099 0.116419 0.0407327 0.0185735 0.259358 0.0424164 0.14794 
0.290067 0.0236207 0.0353018 0.012306 0.0633108 0.144809 0.269896 0.127104 0.0335861 
0.39454 0.01344 0.0061278 0.0127778 0.253075 0.111418 0.142121 0.0541473 0.0123528 
0.406246 0.0109795 0.00402912 0.130477 0.0121226 0.00743804 0.319277 0.0714896 0.0379413 
0.474391 0.0213617 0.000207525 0.15814 0.0203867 0.0205366 0.191843 0.0891091 0.0240239 
0.596818 0.0271825 0.000626887 0.0499298 0.0667093 0.0200587 0.176163 0.0450628 0.017449 
0.745976 0.0326101 0.000706598 0.0375723 0.00684165 0.0128286 0.130803 0.021 0.0116614 
0.314114 0.0136881 0.00952979 0.115045 0.0791152 0.0219934 0.137099 0.144766 0.164649 
0.393476 0.000127365 9.09094e-05 0.0454951 0.0013324 0.0330356 0.0644929 0.381336 0.0806143 
0.627354 0.050396 0.000386114 0.0579415 0.0300032 0.0219019 0.180485 0.0219523 0.00957997 
0.577544 0.0220072 0.000718429 0.0539181 0.00827708 0.0141254 0.15966 0.14535 0.0183999 
0.348028 0.0950754 0.000440996 0.0932187 0.00273208 0.012842 0.333428 0.0133078 0.100927 
0.726245 0.0206973 0.000475824 0.0299058 0.00965466 0.0126633 0.165746 0.021545 0.0130677 
0.354661 0.0369606 0.00890717 0.0721884 0.0364348 0.0328512 0.183979 0.0653501 0.208667 
0.301575 0.0844612 0.0129337 0.0662438 0.225841 0.0376743 0.169662 0.0547962 0.0468135 
0.412768 0.0144723 0.00154466 0.118211 0.0407365 0.0700175 0.199733 0.0879689 0.0545487 
0.429082 0.00469022 0.00581978 0.148955 0.0629864 0.0342718 0.162105 0.0984467 0.053643 
0.655622 0.0130288 0.0182693 0.0723807 0.00822664 0.0681614 0.113238 0.0373339 0.013739 
0.59064 0.0115781 0.00732743 0.0894264 0.0521462 0.0328055 0.101581 0.0195283 0.0949671 
0.627354 0.050396 0.000386114 0.0579415 0.0300032 0.0219019 0.180485 0.0219523 0.00957997 
0.283891 0.0567484 0.00420067 0.085798 0.168743 0.0304205 0.233554 0.11153 0.0251154 
0.569038 0.0351984 0.00117963 0.0578583 0.0591008 0.0262983 0.1778 0.0452181 0.0283084 
0.366157 0.0292588 0.0020588 0.0939823 0.0239715 0.0471376 0.322834 0.0697973 0.0448027 
0.627354 0.050396 0.000386114 0.0579415 0.0300032 0.0219019 0.180485 0.0219523 0.00957997 
0.309607 0.0613323 0.00357844 0.150437 0.0308249 0.0905684 0.229412 0.100519 0.0237212 
0.489787 0.0232 0.00317609 0.0676866 0.173611 0.0161327 0.11146 0.0825116 0.0324345 
0.363926 0.0267658 0.00600741 0.0549571 0.0327159 0.104344 0.272225 0.121352 0.0177066 
0.627354 0.050396 0.000386114 0.0579415 0.0300032 0.0219019 0.180485 0.0219523 0.00957997 
0.364417 0.0266123 0.00888875 0.0900981 0.0441171 0.135356 0.18202 0.124913 0.0235765 
0.469345 0.0296496 0.00118102 0.0599148 0.0333047 0.0414893 0.262408 0.0506065 0.0521008 
0.314899 0.0336265 0.0246738 0.120532 0.0296905 0.0314442 0.196419 0.189508 0.0592066 
0.667119 0.0568582 0.000652446 0.0521674 0.0100305 0.0130362 0.166259 0.0200686 0.0138091 
0.387055 0.0182775 0.0338444 0.102302 0.0107171 0.0174983 0.307937 0.0843199 0.0380479 
0.30821 0.0423301 0.0227691 0.30032 0.00541254 0.0128129 0.185005 0.103654 0.0194877 
0.623199 0.0506535 0.000135466 0.0201627 0.00721469 0.0509493 0.179437 0.0395116 0.0287369 
0.453467 0.0597521 0.000277648 0.0845037 0.00963289 0.020529 0.309334 0.0214638 0.0410402 
0.631787 0.0208315 0.000692916 0.0305975 0.0630433 0.0137853 0.181895 0.0278869 0.0294806 
0.370153 0.0696209 0.027545 0.0334146 0.0495785 0.0174507 0.195624 0.182799 0.0538141 
0.81755 0.00206817 2.74965e-05 0.0404425 0.00545442 0.00191041 0.097513 0.0334073 0.00162686 
0.406888 0.00872617 0.00226749 0.0508873 0.0179259 0.0237051 0.351374 0.0320072 0.106219 
0.481198 0.0573812 0.00112441 0.0499406 0.0382075 0.0290307 0.242193 0.0839484 0.0169762 
0.612147 0.0366543 0.0025678 0.031304 0.0367927 0.0168853 0.212358 0.0284159 0.0228751 
0.486214 0.0313327 0.000266431 0.0538045 0.0443018 0.0149688 0.21469 0.031216 0.123206 
0.323329 0.0257067 0.0101 0.0373506 0.273843 0.0195375 0.134738 0.147312 0.0280828 
0.316076 0.101504 0.00245484 0.0516416 0.154576 0.0393765 0.180864 0.0938606 0.0596465 
0.536531 0.017912 0.000554786 0.0364069 0.0386714 0.0440197 0.214071 0.0496222 0.0622114 
0.481198 0.0573812 0.00112441 0.0499406 0.0382075 0.0290307 0.242193 0.0839484 0.0169762 
0.361273 0.0251807 0.00720245 0.118263 0.048941 0.113642 0.222494 0.0739907 0.0290134 
0.52826 0.0100836 0.00226081 0.0498805 0.139224 0.0129036 0.169062 0.0613692 0.0269563 
0.477337 0.0945193 0.000462649 0.114304 0.0192157 0.049623 0.17289 0.0411465 0.0305016 
0.254684 0.142983 0.0512464 0.247371 0.00710679 0.013918 0.181476 0.0913618 0.00985323 
0.221036 0.0497787 0.0194644 0.125025 0.147198 0.0247017 0.160408 0.095942 0.156446 
0.634611 0.00259926 0.000553601 0.0275305 0.0455934 0.0312992 0.19682 0.0485608 0.0124328 
0.469459 0.0534225 0.000100419 0.0992141 0.0645767 0.0426992 0.165595 0.0397 0.0652329 
0.22163 0.0433565 0.00389628 0.207675 0.10035 0.0269049 0.166392 0.155048 0.0747466 
0.316304 0.0818468 0.0734242 0.150679 0.0371098 0.0206306 0.162798 0.109601 0.0476062 
0.385313 0.0496589 0.000745455 0.0938546 0.0101317 0.00848031 0.186832 0.245772 0.0192123 
0.538188 0.0582361 0.010714 0.0892185 0.0318732 0.0269641 0.184864 0.0489836 0.0109587 
0.384809 0.0204893 0.000261474 0.123369 0.0119924 0.014415 0.299579 0.115171 0.0299147 
0.423122 0.0227716 0.00517729 0.0475134 0.111483 0.0376121 0.175334 0.145436 0.0315507 
0.412768 0.0144723 0.00154466 0.118211 0.0407365 0.0700175 0.199733 0.0879689 0.0545487 
0.349963 0.0340515 7.44015e-05 0.228799 0.000739336 0.00543402 0.266338 0.0768654 0.0377352 
0.306373 0.0380301 0.0138591 0.101545 0.062618 0.0128392 0.273832 0.0811639 0.10974 
0.327739 0.0509005 0.00700964 0.093253 0.0496704 0.0608181 0.278876 0.0936638 0.0380694 
0.249444 0.0099532 0.102368 0.0903953 0.226631 0.0313414 0.116953 0.141642 0.031273 
0.586653 0.0178959 0.0159483 0.0645468 0.0327072 0.0451767 0.17407 0.0308904 0.0321121 
0.536531 0.017912 0.000554786 0.0364069 0.0386714 0.0440197 0.214071 0.0496222 0.0622114 
0.560136 0.0467886 0.000767928 0.0379923 0.0201606 0.0868377 0.213842 0.0207452 0.0127302 
0.67202 0.0288476 4.22548e-05 0.0761546 0.00415392 0.0131341 0.151465 0.0427666 0.011416 
0.591016 0.0256125 2.14542e-05 0.120807 0.00897493 0.0159732 0.129799 0.100346 0.00745014 
0.406888 0.00872617 0.00226749 0.0508873 0.0179259 0.0237051 0.351374 0.0320072 0.106219 
0.445943 0.0717984 0.102544 0.042701 0.0546341 0.0232455 0.0964822 0.110302 0.0523501 
0.390735 0.0349795 0.000573987 0.0532579 0.046809 0.0287218 0.319807 0.0747441 0.0503721 
0.59064 0.0115781 0.00732743 0.0894264 0.0521462 0.0328055 0.101581 0.0195283 0.0949671 
0.291003 0.0296062 0.00602838 0.0627831 0.0223621 0.13347 0.223366 0.202402 0.028979 
0.382695 0.0166556 0.0059789 0.0370855 0.0463668 0.0440632 0.298038 0.10166 0.067457 
0.41636 0.0124038 0.00328277 0.0804688 0.0649285 0.0391538 0.159547 0.194844 0.0290116 
0.368087 0.0902045 0.00915821 0.0405151 0.0848602 0.13207 0.193421 0.0635447 0.0181388 
0.473758 0.0192749 0.000489196 0.114313 0.00737846 0.0168386 0.146917 0.196135 0.024895 
0.551237 0.0626128 0.00203752 0.0537705 0.0055401 0.0118958 0.223953 0.0289847 0.059969 
0.418706 0.05022 0.000536809 0.0744573 0.000974068 0.00918081 0.358351 0.00870138 0.0788726 
0.297733 0.0169292 0.00432806 0.0919361 0.262085 0.0137863 0.162703 0.100268 0.0502301 
0.43108 0.0116577 0.000385923 0.126215 0.0343833 0.0154283 0.194685 0.145964 0.0402008 
0.604065 0.0215394 0.000686266 0.0574534 0.00027244 0.0157747 0.241528 0.0242748 0.0344063 
0.362865 0.0220825 0.00208396 0.0306456 0.0366982 0.177136 0.289088 0.0552347 0.0241659 
0.288372 0.0190303 0.0101953 0.0470209 0.133775 0.039454 0.212796 0.222633 0.0267235 
0.401698 0.086925 0.0010829 0.108389 0.098887 0.0317559 0.202192 0.0351293 0.0339406 
0.627354 0.050396 0.000386114 0.0579415 0.0300032 0.0219019 0.180485 0.0219523 0.00957997 
0.369166 0.054572 0.00121553 0.0528881 0.0760444 0.0108358 0.330076 0.036013 0.0691882 
0.445943 0.0717984 0.102544 0.042701 0.0546341 0.0232455 0.0964822 0.110302 0.0523501 
0.809593 0.0186032 1.65611e-05 0.0176903 0.00555985 0.0026297 0.118962 0.0219334 0.00501217 
0.536531 0.017912 0.000554786 0.0364069 0.0386714 0.0440197 0.214071 0.0496222 0.0622114 
0.366888 0.0251808 0.00379232 0.0353365 0.0729397 0.0465983 0.294941 0.113545 0.040779 
0.460456 0.0447787 0.00183629 0.066256 0.00752934 0.0643461 0.24659 0.0429246 0.0652829 
0.340538 0.0384122 0.00500892 0.0842595 0.048623 0.060959 0.280862 0.109911 0.0314266 
0.382582 0.101546 0.0330305 0.0422424 0.0663958 0.0315654 0.152511 0.120063 0.0700641 
0.627354 0.050396 0.000386114 0.0579415 0.0300032 0.0219019 0.180485 0.0219523 0.00957997 
0.345722 0.0169157 0.00682098 0.122089 0.0127571 0.0579023 0.11324 0.305901 0.0186518 
0.558463 0.0248159 0.00035155 0.0435027 0.007199 0.00864256 0.292557 0.0146246 0.0498442 
0.551485 0.0637696 0.000182318 0.0632175 0.0829373 0.0382475 0.155049 0.0322128 0.0128998 
0.577544 0.0220072 0.000718429 0.0539181 0.00827708 0.0141254 0.15966 0.14535 0.0183999 
0.596568 0.0259163 6.86596e-05 0.0508624 0.0169793 0.0291591 0.182586 0.0563361 0.0415244 
0.659923 0.0905143 0.000614436 0.1036 0.0119793 0.00920106 0.104202 0.0109303 0.00903588 
0.647924 0.0109798 2.22434e-05 0.0540089 0.0066723 0.0216822 0.109381 0.143812 0.00551745 
0.445015 0.0417696 0.00767868 0.019227 0.0246938 0.178343 0.193102 0.0789886 0.0111823 
0.370448 0.0758785 0.0646169 0.0907765 0.0332237 0.0198765 0.18046 0.0968084 0.0679113 
0.304307 0.0139659 0.000285175 0.0591112 0.0260995 0.144468 0.28968 0.0575371 0.104546 
0.298969 0.149817 0.00207854 0.0494948 0.0591205 0.006588 0.0941026 0.280132 0.0596984 
0.438491 0.0681841 0.000510102 0.155383 0.0297391 0.0290178 0.168778 0.0447377 0.0651595 
0.59064 0.0115781 0.00732743 0.0894264 0.0521462 0.0328055 0.101581 0.0195283 0.0949671 
0.33127 0.0246584 0.00759285 0.0745421 0.0756283 0.0254925 0.245096 0.12359 0.0921298 
0.446169 0.0638857 0.026377 0.0826932 0.110975 0.0172212 0.151191 0.0798977 0.0215912 
0.571354 0.0373785 0.000630782 0.0590444 0.072293 0.0194198 0.142577 0.0612591 0.0360433 
0.350767 0.030245 0.000117938 0.185914 0.0234261 0.0283283 0.183816 0.13824 0.0591446 
0.426382 0.0232587 0.00016326 0.124505 0.0444431 0.031165 0.209097 0.0912282 0.0497581 
0.310057 0.0268151 0.000502082 0.0344326 0.022786 0.262945 0.276313 0.044139 0.0220106 
0.433511 0.0478136 6.9526e-05 0.0776586 0.00511353 0.0340082 0.359331 0.0326481 0.00984683 
0.438491 0.0681841 0.000510102 0.155383 0.0297391 0.0290178 0.168778 0.0447377 0.0651595 
0.23871 0.0573136 0.0282148 0.0549231 0.207127 0.040588 0.197772 0.100433 0.0749189 
0.357014 0.0485928 0.00162022 0.0481545 0.0872955 0.0095454 0.335772 0.0412072 0.0707988 
0.505369 0.0572716 0.00338723 0.075179 0.0183045 0.0266095 0.220507 0.0374237 0.0559489 
0.244282 0.017216 0.00435395 0.0712252 0.0229675 0.149081 0.219397 0.215612 0.0558651 
0.473462 0.0719419 0.00744261 0.0631173 0.0614423 0.0503559 0.20416 0.0395711 0.0285075 
0.726245 0.0206973 0.000475824 0.0299058 0.00965466 0.0126633 0.165746 0.021545 0.0130677 
0.584242 0.00727558 0.000179482 0.0365677 0.0102759 0.00595074 0.17525 0.150661 0.029598 
0.249697 0.00977341 0.0114181 0.0541345 0.219833 0.0660319 0.117643 0.23948 0.0319886 
0.265563 0.0344095 0.0149774 0.187078 0.0321895 0.112 0.134115 0.14451 0.0751572 
0.582756 0.0205853 0.000457153 0.0407911 0.0898212 0.0156569 0.193732 0.0421018 0.014099 
0.374138 0.114649 0.027225 0.0574173 0.0549572 0.026846 0.175371 0.108228 0.0611689 
0.745976 0.0326101 0.000706598 0.0375723 0.00684165 0.0128286 0.130803 0.021 0.0116614 
0.457337 0.0255963 0.00276165 0.0624531 0.0339897 0.0339783 0.146012 0.194385 0.0434865 
0.620015 0.0383665 0.0029126 0.0475992 0.00549878 0.0305748 0.183577 0.050841 0.0206149 
0.380641 0.0206677 0.000919824 0.0480668 0.0617855 0.0227737 0.314343 0.0775456 0.0732574 
0.295253 0.0227017 0.0304533 0.0476832 0.169282 0.053882 0.192384 0.151271 0.0370904 
0.333326 0.0286862 0.00460938 0.0703957 0.033032 0.0474487 0.254049 0.197061 0.0313925 
0.35967 0.0300239 0.00342618 0.0694478 0.0260034 0.0260609 0.202197 0.267031 0.01614 
0.528866 0.0203406 0.00117582 0.0267158 0.0403601 0.0424361 0.249413 0.030202 0.0604913 
0.303863 0.0480843 0.0159224 0.0166985 0.0790923 0.150804 0.295991 0.0612739 0.0282704 
0.246014 0.0171151 0.00867132 0.0737119 0.222438 0.0756155 0.13945 0.159414 0.0575692 
0.574205 0.0343244 0.000770153 0.0659329 0.039919 0.0294643 0.17983 0.0379441 0.03761 
0.725329 0.051566 3.06867e-05 0.094154 0.00708852 0.0046407 0.0990703 0.0114414 0.00667986 
0.256842 0.0149563 0.03164 0.0748047 0.145264 0.0662071 0.222287 0.139941 0.0480584 
0.411731 0.081262 0.109327 0.0469154 0.0581361 0.0234124 0.105749 0.109697 0.0537699 
0.499166 0.0178531 0.000560394 0.0612281 0.0663484 0.0272817 0.252462 0.0280729 0.0470275 
0.390735 0.0349795 0.000573987 0.0532579 0.046809 0.0287218 0.319807 0.0747441 0.0503721 
0.659636 0.0134469 0.000491623 0.0385241 0.0202671 0.00123715 0.238466 0.00948531 0.0184453 
0.383915 0.00886101 0.00215572 0.0158566 0.293122 0.0318706 0.170199 0.0490103 0.0450098 
0.59064 0.0115781 0.00732743 0.0894264 0.0521462 0.0328055 0.101581 0.0195283 0.0949671 
0.234559 0.0457562 0.0175967 0.108693 0.0397381 0.120744 0.216261 0.191264 0.0253886 
0.388122 0.0749972 0.014763 0.0876565 0.0432935 0.0428464 0.217181 0.0905618 0.0405781 
0.375903 0.0315216 0.000443079 0.0433097 0.0457843 0.0111966 0.248334 0.217871 0.0256368 
0.381561 0.00858393 0.00198908 0.0591341 0.0585281 0.0205015 0.323219 0.124745 0.0217376 
0.533964 0.0226984 0.000909168 0.0659663 0.00899556 0.00896337 0.247951 0.0943876 0.0161639 
0.498754 0.0115278 0.00193872 0.0271256 0.0463198 0.0424642 0.287229 0.0199987 0.0646421 
0.38026 0.0602157 0.0044122 0.0941368 0.0338831 0.0258582 0.315834 0.0419919 0.0434079 
0.560622 0.0296247 0.000393838 0.0406748 0.0343482 0.0087918 0.233081 0.0625129 0.0299507 
0.627758 0.0832659 6.14858e-05 0.0721477 0.00855785 0.0247204 0.157671 0.0134816 0.0123356 
0.510939 0.0767002 0.00389587 0.0736247 0.015552 0.0274026 0.215822 0.0502985 0.0257645 
0.238987 0.0366745 0.025116 0.10439 0.232245 0.0568603 0.175691 0.0702491 0.0597866 
0.375056 0.012985 0.00913933 0.108061 0.00645272 0.0250897 0.264922 0.0984817 0.0998129 
0.627354 0.050396 0.000386114 0.0579415 0.0300032 0.0219019 0.180485 0.0219523 0.00957997 
0.355794 0.206851 0.00174683 0.154392 0.0160482 0.0156533 0.1698 0.056609 0.0231051 
0.627017 0.134128 0.00030761 0.0365335 0.0117652 0.0135732 0.133793 0.0164439 0.0264393 
0.575381 0.0212535 0.00111188 0.0352391 0.0486054 0.0122729 0.22856 0.021493 0.056083 
0.371138 0.0249002 0.00487676 0.13802 0.0346991 0.0351756 0.240069 0.0968189 0.0543018 
0.745976 0.0326101 0.000706598 0.0375723 0.00684165 0.0128286 0.130803 0.021 0.0116614 
0.285421 0.0225773 0.031812 0.097434 0.0258438 0.0998294 0.284107 0.103228 0.0497472 
0.684465 0.0659803 5.3869e-05 0.0875669 0.0125872 0.0158248 0.115153 0.00813182 0.0102366 
0.235604 0.199002 0.00337567 0.220693 0.00794858 0.0119483 0.208336 0.0724581 0.040633 
0.298296 0.10666 0.0015186 0.0746079 0.0442002 0.020139 0.270001 0.102511 0.0820662 
0.725329 0.051566 3.06867e-05 0.094154 0.00708852 0.0046407 0.0990703 0.0114414 0.00667986 
0.536531 0.017912 0.000554786 0.0364069 0.0386714 0.0440197 0.214071 0.0496222 0.0622114 
0.439457 0.0236506 0.000834603 0.062131 0.0620122 0.0246247 0.21194 0.154206 0.021144 
0.263814 0.0399836 0.00765142 0.138933 0.0228364 0.0776653 0.145554 0.240006 0.0635566 
0.43433 0.0236723 7.56272e-05 0.102629 0.0334332 0.0308472 0.248246 0.0758704 0.0508966 
0.484135 0.0309015 0.00070672 0.0486661 0.0162204 0.0102863 0.360245 0.0234828 0.0253562 
0.627354 0.050396 0.000386114 0.0579415 0.0300032 0.0219019 0.180485 0.0219523 0.00957997 
0.375143 0.0108422 0.000299554 0.0165788 0.0316424 0.0880917 0.326778 0.0972242 0.0534002 
0.418706 0.05022 0.000536809 0.0744573 0.000974068 0.00918081 0.358351 0.00870138 0.0788726 
0.354051 0.112056 0.0473257 0.0431217 0.0844064 0.0263437 0.139519 0.121984 0.0711929 
0.362796 0.0191906 0.013231 0.0371216 0.0929988 0.0502165 0.274598 0.0852603 0.0645879 
0.745976 0.0326101 0.000706598 0.0375723 0.00684165 0.0128286 0.130803 0.021 0.0116614 
0.385616 0.075652 0.00139112 0.14066 0.0220386 0.0594804 0.254629 0.0325575 0.0279756 
0.446 0.00220226 0.00017671 0.0920691 0.000835872 0.00421409 0.151456 0.265095 0.0379497 
0.627176 0.036939 4.73054e-05 0.0293318 0.0412339 0.0291295 0.156196 0.0433334 0.036613 
0.295819 0.0192855 0.000242952 0.100523 0.0195849 0.0935667 0.271628 0.16131 0.0380401 
0.55192 0.028847 0.00109103 0.0819215 0.0194634 0.082858 0.169838 0.0413241 0.022737 
0.528518 0.106067 5.75851e-05 0.0853555 0.0153506 0.0160651 0.178771 0.0464694 0.0233457 
0.229133 0.0561339 0.00474872 0.201086 0.0242095 0.0719885 0.216241 0.112929 0.083529 
0.30745 0.00217714 5.17696e-05 0.208606 0.0081572 0.153355 0.116779 0.0814695 0.121955 
0.271616 0.0672458 0.0218258 0.0753896 0.0221978 0.209312 0.121831 0.145365 0.0652174 
