0.0400772 0.598897 0.00104813 0.132582 0.00517762 0.0182686 0.129329 0.0188186 0.055801 
0.0499974 0.463846 0.00154562 0.228847 0.0150912 0.00488122 0.155983 0.0521469 0.0276619 
0.0721904 0.613935 0.000662265 0.194207 0.0132384 0.0231919 0.0624226 0.0139318 0.00622058 
0.0259381 0.449778 3.33825e-06 0.367934 0.00131995 0.00109023 0.124955 0.00626765 0.0227149 
0.0379673 0.705143 0.0007644 0.103763 0.00825404 0.00448442 0.110199 0.0174128 0.012012 
0.0464338 0.67405 0.00307948 0.118473 0.00525665 0.00552223 0.0995106 0.0170488 0.0306256 
0.0801053 0.262735 0.00980811 0.144141 0.0532399 0.0597539 0.229927 0.0980324 0.0622569 
0.0297219 0.759005 0.000283763 0.0895695 0.0152251 0.00274309 0.0795085 0.00911661 0.0148262 
0.0439042 0.300018 0.0169992 0.214259 0.188047 0.0140869 0.157955 0.0310809 0.0336494 
0.0425012 0.678942 0.00275686 0.112208 0.00468842 0.00540977 0.0986241 0.0261985 0.0286711 
0.0485472 0.269048 0.0030146 0.251695 0.024381 0.0123007 0.211719 0.0643916 0.114903 
0.0331396 0.658156 0.000985508 0.0821903 0.00317708 0.00503067 0.133734 0.0148325 0.0687542 
0.185914 0.499518 0.00218355 0.0882626 0.0107356 0.0200087 0.15601 0.0205568 0.016811 
0.036628 0.630564 0.00107761 0.0842855 0.00348389 0.00556021 0.147533 0.0163938 0.0744747 
0.0610527 0.270896 0.00104276 0.208833 0.0953014 0.0330901 0.232401 0.0236038 0.0737792 
0.068426 0.396659 0.00550166 0.248989 0.0422073 0.0139919 0.126063 0.0312485 0.0669138 
0.0735186 0.480059 0.0010809 0.216192 0.0326446 0.0195438 0.142107 0.0243333 0.0105206 
0.0347045 0.687643 0.0024998 0.0849732 0.0195912 0.017638 0.104179 0.0204484 0.0283229 
0.0535552 0.618286 0.000786111 0.135419 0.00826255 0.0047642 0.145755 0.019972 0.0131996 
0.0409829 0.55898 0.000762233 0.177976 0.00396932 0.00806221 0.135827 0.0233977 0.0500422 
0.0748257 0.230915 0.00139844 0.142523 0.0131926 0.0950816 0.19165 0.14478 0.105634 
0.03309 0.61665 0.000489711 0.120511 0.00444866 0.00708716 0.131535 0.0251054 0.0610832 
0.0219684 0.374783 0.000371782 0.187183 0.177192 0.00763901 0.153342 0.0254243 0.0520967 
0.0847577 0.417423 0.00304902 0.16971 0.0105863 0.0258944 0.157939 0.0607718 0.0698692 
0.0735186 0.480059 0.0010809 0.216192 0.0326446 0.0195438 0.142107 0.0243333 0.0105206 
0.0466115 0.352771 0.00111296 0.222029 0.0131689 0.018886 0.192161 0.0452068 0.108053 
0.139176 0.369735 0.00531441 0.084708 0.0275289 0.0283051 0.258204 0.043135 0.0438943 
0.0461023 0.311695 0.00176604 0.264105 0.00346447 0.00464788 0.157649 0.0491401 0.161431 
0.0172095 0.437455 0.00689161 0.25393 0.0147701 0.0197034 0.131298 0.0176061 0.101136 
0.0616172 0.363002 0.00339151 0.126447 0.078374 0.0184932 0.0887021 0.101414 0.15856 
0.0386408 0.684207 0.00214475 0.102144 0.00366738 0.00481922 0.0997799 0.0379521 0.0266444 
0.0777932 0.443367 0.000459262 0.112781 0.0463615 0.0645014 0.215535 0.0272392 0.0119622 
0.0826779 0.388301 0.000812439 0.266332 0.0223211 0.0138901 0.136102 0.0451852 0.0443777 
0.0300243 0.639636 0.00516691 0.0911379 0.00791348 0.0100119 0.110006 0.0215745 0.0845289 
0.0735186 0.480059 0.0010809 0.216192 0.0326446 0.0195438 0.142107 0.0243333 0.0105206 
0.123808 0.259104 0.000404034 0.175869 0.142136 0.0659482 0.172367 0.0541165 0.00624679 
0.0403769 0.606109 0.000580695 0.177918 0.00189868 0.00757186 0.104147 0.0164932 0.0449042 
0.121419 0.379378 0.00233185 0.187536 0.00601838 0.0190751 0.140558 0.0708998 0.0727831 
0.0425012 0.678942 0.00275686 0.112208 0.00468842 0.00540977 0.0986241 0.0261985 0.0286711 
0.0386408 0.684207 0.00214475 0.102144 0.00366738 0.00481922 0.0997799 0.0379521 0.0266444 
0.0759286 0.28896 0.00141311 0.280209 0.0333697 0.0209525 0.166471 0.0555323 0.0771627 
0.0331396 0.658156 0.000985508 0.0821903 0.00317708 0.00503067 0.133734 0.0148325 0.0687542 
0.187708 0.545412 0.00296347 0.103587 0.00749908 0.0122937 0.108507 0.0205307 0.011499 
0.15272 0.307869 6.17372e-05 0.282476 0.00333283 0.113608 0.115876 0.0194839 0.00457208 
0.0464338 0.67405 0.00307948 0.118473 0.00525665 0.00552223 0.0995106 0.0170488 0.0306256 
0.120302 0.391084 0.00261169 0.0990587 0.0150746 0.0534585 0.188893 0.0820168 0.0475009 
0.228066 0.416144 0.00291649 0.130107 0.0064316 0.0154996 0.160126 0.0262357 0.0144732 
0.0456242 0.497934 0.0124149 0.0820392 0.0936138 0.021229 0.156393 0.0531841 0.0375682 
0.034488 0.710143 0.000798784 0.126436 0.00284697 0.00397571 0.0792284 0.0159423 0.0261407 
0.0508654 0.414687 0.0223214 0.287082 0.0295625 0.0158644 0.108637 0.0508018 0.0201784 
0.0331396 0.658156 0.000985508 0.0821903 0.00317708 0.00503067 0.133734 0.0148325 0.0687542 
0.0568519 0.294204 0.000605307 0.280866 0.013606 0.0173791 0.145143 0.0409101 0.150435 
0.0386408 0.684207 0.00214475 0.102144 0.00366738 0.00481922 0.0997799 0.0379521 0.0266444 
0.0943401 0.265077 0.00162265 0.25908 0.0519214 0.0233567 0.206044 0.0464593 0.0520979 
0.0434226 0.350485 0.00701006 0.182444 0.0420279 0.00810408 0.129977 0.147255 0.0892741 
0.119109 0.398088 0.000573867 0.103542 0.00566249 0.0594266 0.232505 0.0228569 0.0582352 
0.0426724 0.584176 0.000445984 0.135967 0.0150982 0.0248616 0.158319 0.0177037 0.0207556 
0.0138967 0.650631 0.00102497 0.135904 0.0223689 0.00443018 0.158991 0.007621 0.0051328 
0.0201766 0.339192 0.000410142 0.282348 0.0402423 0.00578118 0.161319 0.0302676 0.120264 
0.0300243 0.639636 0.00516691 0.0911379 0.00791348 0.0100119 0.110006 0.0215745 0.0845289 
0.0572691 0.413931 0.00169424 0.177531 0.00439316 0.00849817 0.232995 0.0522075 0.0514806 
0.0919157 0.37321 0.00335584 0.299646 0.0209292 0.0793586 0.0818794 0.0331192 0.0165859 
0.0642124 0.257482 0.00214075 0.241364 0.0443325 0.0329662 0.210281 0.0636907 0.0835303 
0.0494634 0.432923 0.00143053 0.384701 0.0111912 0.025862 0.0624518 0.022125 0.00985179 
0.0393364 0.619284 0.0136727 0.066157 0.107176 0.019994 0.0795608 0.0349512 0.0198685 
0.0317066 0.547443 0.00962635 0.0453025 0.0387665 0.0230148 0.117099 0.162439 0.0246027 
0.0370615 0.648766 0.00490508 0.0811308 0.0401952 0.00911185 0.0835316 0.0245919 0.0707057 
0.0355534 0.649316 0.000726811 0.143685 0.0160102 0.0220264 0.094583 0.0122075 0.0258914 
0.0310461 0.609514 0.000840423 0.104148 0.00549926 0.0249501 0.137576 0.0174569 0.0689696 
0.0500452 0.606889 0.00557125 0.115823 0.0244557 0.0121355 0.113907 0.042486 0.0286872 
0.0514202 0.556346 0.00672846 0.0873643 0.042545 0.0228599 0.140195 0.0657523 0.0267887 
0.0579456 0.381834 0.0161667 0.119523 0.114587 0.0306906 0.167017 0.0760576 0.0361783 
0.0386779 0.321938 1.48582e-06 0.299121 0.0239463 0.00303685 0.184594 0.00489859 0.123786 
0.0361553 0.687002 0.0021989 0.101596 0.00351865 0.00499555 0.098521 0.0402239 0.0257885 
0.0289594 0.492908 0.000851924 0.135229 0.00995425 0.00386219 0.203529 0.0243218 0.100385 
0.0330912 0.636263 5.049e-05 0.172202 0.0129048 0.0359431 0.0885319 0.0130495 0.00796427 
0.0417266 0.683285 0.000277738 0.0895202 0.0104279 0.00464663 0.0607732 0.0621015 0.0472412 
0.0464338 0.67405 0.00307948 0.118473 0.00525665 0.00552223 0.0995106 0.0170488 0.0306256 
0.0354144 0.69823 0.0017988 0.126023 0.00456011 0.00829196 0.0664996 0.041247 0.0179357 
0.0545363 0.651535 0.00030146 0.0849133 0.00779151 0.0240967 0.105199 0.0582326 0.0133937 
0.080322 0.373102 0.0159384 0.329624 0.0643068 0.0122167 0.0887211 0.027566 0.00820224 
0.0333817 0.619955 0.000998424 0.133485 0.0419677 0.0013762 0.122024 0.007629 0.0391835 
0.0464338 0.67405 0.00307948 0.118473 0.00525665 0.00552223 0.0995106 0.0170488 0.0306256 
0.0735186 0.480059 0.0010809 0.216192 0.0326446 0.0195438 0.142107 0.0243333 0.0105206 
0.0374168 0.685638 2.90244e-05 0.124173 0.0122773 0.0220833 0.101332 0.0105879 0.00646274 
0.0652107 0.291792 0.0278393 0.088009 0.208621 0.0366065 0.160493 0.0788929 0.0425347 
0.0143294 0.698834 7.08209e-05 0.15697 0.0239467 0.00115787 0.066848 0.0175377 0.020305 
0.0722141 0.568846 0.000138695 0.115955 0.00407848 0.0104508 0.151434 0.0298996 0.0469822 
0.0890287 0.524411 0.000118901 0.117935 0.0034959 0.00969185 0.1771 0.0344963 0.0437225 
0.0324002 0.615618 0.00387752 0.131528 0.00597419 0.00773955 0.114253 0.0183227 0.0702875 
0.0386408 0.684207 0.00214475 0.102144 0.00366738 0.00481922 0.0997799 0.0379521 0.0266444 
0.0343394 0.582863 6.99825e-05 0.158077 0.00817418 0.00804397 0.138071 0.0381725 0.0321882 
0.0735186 0.480059 0.0010809 0.216192 0.0326446 0.0195438 0.142107 0.0243333 0.0105206 
0.0351744 0.692824 0.00167862 0.100782 0.00303389 0.00485092 0.0963387 0.0401819 0.0251354 
0.0346892 0.755508 0.000844629 0.114292 0.0104141 0.00316777 0.0670425 0.00715792 0.00688385 
0.207199 0.353709 0.000138722 0.15643 0.0364663 0.0224545 0.109377 0.0734735 0.0407521 
0.062484 0.63302 0.000908013 0.136528 0.00993761 0.0216017 0.0888765 0.0349945 0.0116493 
0.0348832 0.753733 0.000238202 0.0831838 0.00733708 0.00255238 0.0697034 0.0103051 0.0380639 
0.0331396 0.658156 0.000985508 0.0821903 0.00317708 0.00503067 0.133734 0.0148325 0.0687542 
0.0428858 0.261175 0.000745204 0.113836 0.0172087 0.0467864 0.253504 0.0742002 0.189658 
0.0553724 0.30514 0.00841229 0.214556 0.024966 0.0233892 0.210447 0.0749912 0.0827255 
0.0571308 0.65086 0.000925121 0.137094 0.00520753 0.00694837 0.101274 0.0148626 0.025698 
0.0260506 0.735257 0.00033587 0.0706698 0.0121926 0.0161939 0.0985604 0.0118641 0.0288761 
0.0475955 0.556785 0.000486275 0.173447 0.031556 0.0376032 0.116732 0.0215732 0.0142218 
0.0539308 0.59859 9.89771e-05 0.162506 0.00349962 0.0101751 0.112642 0.0224226 0.0361349 
0.0339737 0.305589 0.000165122 0.161745 0.0159467 0.0298009 0.300162 0.0220071 0.13061 
0.0611373 0.369059 0.00063061 0.281828 0.0587535 0.0241727 0.11801 0.0609148 0.0254942 
0.0368481 0.712548 0.0020775 0.119411 0.019809 0.00673154 0.0473908 0.0208338 0.0343501 
0.0422916 0.417277 0.00824399 0.086699 0.0190665 0.0114195 0.205423 0.0505156 0.159064 
0.0501631 0.420989 0.00141547 0.313476 0.0118542 0.0178 0.112318 0.0189738 0.0530107 
0.0375007 0.452599 0.00299715 0.427467 0.0028908 0.00364917 0.0320824 0.0108237 0.0299902 
0.0516154 0.456761 0.0167058 0.162965 0.0328609 0.0367876 0.161918 0.0400766 0.0403102 
0.247246 0.270195 0.000302953 0.180209 0.0356388 0.0325076 0.114969 0.0788695 0.0400627 
0.0362619 0.496945 0.0021417 0.118777 0.0362408 0.00727906 0.171916 0.0413503 0.089088 
0.0503906 0.366315 0.00539134 0.247676 0.0228374 0.0185609 0.162195 0.0276905 0.0989438 
0.0331396 0.658156 0.000985508 0.0821903 0.00317708 0.00503067 0.133734 0.0148325 0.0687542 
0.074903 0.464946 0.00274269 0.210911 0.036496 0.0200327 0.150061 0.0275139 0.0123937 
0.0304384 0.412964 0.00135453 0.309239 0.0098803 0.013967 0.129858 0.0245176 0.0677812 
0.0512101 0.549699 0.00284393 0.116822 0.0240216 0.0139848 0.143724 0.0405305 0.057164 
0.023796 0.667665 5.52682e-05 0.15714 0.0155339 0.0421712 0.0722442 0.0129092 0.00848557 
0.0710002 0.487995 0.000237031 0.282464 0.0271137 0.0240011 0.0540435 0.0209799 0.032165 
0.223959 0.352099 0.00205411 0.101055 0.00807152 0.00984022 0.189282 0.0486044 0.0650343 
0.114786 0.558099 0.00809612 0.0562367 0.0379613 0.0430991 0.115789 0.0343345 0.0315991 
0.0464338 0.67405 0.00307948 0.118473 0.00525665 0.00552223 0.0995106 0.0170488 0.0306256 
0.0294302 0.409532 0.00156731 0.21762 0.0790534 0.0175065 0.1294 0.0462072 0.0696823 
0.0746764 0.380953 0.0051534 0.153675 0.0400999 0.0221573 0.198891 0.0449936 0.0794003 
0.0213578 0.732583 0.00025452 0.121166 0.00103102 0.00218838 0.0734073 0.0260546 0.0219565 
0.0964132 0.44412 0.00318863 0.244337 0.00550344 0.0184317 0.083486 0.0576027 0.0469169 
0.107089 0.628834 0.00692568 0.0540286 0.0343088 0.0126752 0.0958987 0.0351038 0.0251362 
0.035804 0.638612 0.00124076 0.0851903 0.00419683 0.00562618 0.141802 0.0172121 0.0703156 
0.0346892 0.755508 0.000844629 0.114292 0.0104141 0.00316777 0.0670425 0.00715792 0.00688385 
0.0464338 0.67405 0.00307948 0.118473 0.00525665 0.00552223 0.0995106 0.0170488 0.0306256 
0.0326693 0.556125 0.00164988 0.292993 0.00111029 0.0371285 0.0603198 0.0149127 0.00309127 
0.0545363 0.651535 0.00030146 0.0849133 0.00779151 0.0240967 0.105199 0.0582326 0.0133937 
0.126176 0.456568 0.000211332 0.145704 0.0166288 0.0261591 0.133585 0.0327795 0.0621888 
0.109924 0.329618 0.000814027 0.273064 0.0175726 0.0290585 0.151728 0.0598092 0.0284104 
0.0543789 0.422863 0.000303148 0.146547 0.0237381 0.0585086 0.146248 0.0422679 0.105146 
0.063929 0.320146 0.0212682 0.117411 0.0725497 0.0385737 0.182373 0.0691647 0.114585 
0.0688609 0.412604 0.0225229 0.182399 0.0611589 0.0173031 0.140252 0.0464702 0.0484287 
0.0213578 0.732583 0.00025452 0.121166 0.00103102 0.00218838 0.0734073 0.0260546 0.0219565 
0.0355843 0.55596 0.000819691 0.124128 0.0134354 0.0211235 0.130309 0.0921688 0.0264716 
0.0705116 0.347889 0.00384693 0.33253 0.0133046 0.0151329 0.144308 0.0382231 0.0342539 
0.056309 0.447935 0.00267595 0.255883 0.0256963 0.0151727 0.122349 0.0336914 0.0402874 
0.0910556 0.426737 0.00541246 0.169253 0.027482 0.0279917 0.143918 0.0331382 0.075012 
0.107089 0.628834 0.00692568 0.0540286 0.0343088 0.0126752 0.0958987 0.0351038 0.0251362 
0.0633132 0.618723 7.04148e-05 0.167355 0.00311925 0.00738825 0.102853 0.0147609 0.0224176 
0.0322928 0.284194 0.00386702 0.210703 0.00974942 0.0123815 0.272147 0.0479877 0.126678 
0.0194812 0.4666 0.000569125 0.236739 0.02044 0.0101059 0.080625 0.0318634 0.133577 
0.0266919 0.667847 0.00200811 0.0878285 0.00538568 0.00903723 0.0996915 0.0176116 0.0838987 
0.0348832 0.753733 0.000238202 0.0831838 0.00733708 0.00255238 0.0697034 0.0103051 0.0380639 
0.0307399 0.531704 0.000220941 0.173437 0.018478 0.00463524 0.135075 0.0380024 0.0677072 
0.0503976 0.676221 0.00130211 0.137101 0.0343165 0.0083245 0.0568356 0.0183915 0.0171103 
0.0513831 0.517674 0.00671957 0.17429 0.0217117 0.0159175 0.131815 0.039619 0.0408693 
0.0331396 0.658156 0.000985508 0.0821903 0.00317708 0.00503067 0.133734 0.0148325 0.0687542 
0.0430707 0.427543 0.0194827 0.296684 0.0333453 0.0131711 0.0973086 0.050826 0.0185692 
0.0473393 0.3453 0.0218222 0.0931271 0.0719033 0.0292826 0.188436 0.15723 0.0455596 
0.193547 0.305816 0.00281445 0.104774 0.0159399 0.00823258 0.258579 0.0408149 0.0694825 
0.0369722 0.660694 0.000982801 0.083321 0.00305301 0.0051432 0.12954 0.0147991 0.0654939 
0.0539308 0.59859 9.89771e-05 0.162506 0.00349962 0.0101751 0.112642 0.0224226 0.0361349 
0.0331396 0.658156 0.000985508 0.0821903 0.00317708 0.00503067 0.133734 0.0148325 0.0687542 
0.0645282 0.563466 9.11196e-05 0.178608 0.00476864 0.012268 0.120686 0.0228895 0.0326951 
0.0347309 0.628399 0.000950612 0.103552 0.00546685 0.0058051 0.124749 0.0177771 0.0785703 
0.0266919 0.667847 0.00200811 0.0878285 0.00538568 0.00903723 0.0996915 0.0176116 0.0838987 
0.0392191 0.605834 0.00490591 0.0956323 0.00686275 0.0126139 0.127065 0.0242737 0.0835934 
0.0386408 0.684207 0.00214475 0.102144 0.00366738 0.00481922 0.0997799 0.0379521 0.0266444 
0.0456419 0.639241 0.003041 0.0996429 0.0229694 0.0086678 0.114012 0.0266447 0.0401388 
0.0464338 0.67405 0.00307948 0.118473 0.00525665 0.00552223 0.0995106 0.0170488 0.0306256 
0.150573 0.480944 0.00028232 0.228773 0.0222138 0.0154693 0.062519 0.0155257 0.0236996 
0.0377514 0.348818 0.00407263 0.177257 0.00785119 0.00679914 0.126131 0.155888 0.135432 
0.117066 0.289688 0.00207138 0.259032 0.0250679 0.0233715 0.181848 0.0355697 0.0662854 
0.0535552 0.618286 0.000786111 0.135419 0.00826255 0.0047642 0.145755 0.019972 0.0131996 
0.0503345 0.505314 0.00022633 0.298659 0.00255361 0.0581458 0.059936 0.00509582 0.0197347 
0.0190431 0.377342 0.00208414 0.314621 0.00531853 0.00427503 0.130372 0.0424333 0.104511 
0.0379673 0.705143 0.0007644 0.103763 0.00825404 0.00448442 0.110199 0.0174128 0.012012 
0.0423389 0.40414 0.00112923 0.352688 0.000763099 0.0253471 0.123912 0.0368409 0.012841 
0.228066 0.416144 0.00291649 0.130107 0.0064316 0.0154996 0.160126 0.0262357 0.0144732 
0.0571308 0.65086 0.000925121 0.137094 0.00520753 0.00694837 0.101274 0.0148626 0.025698 
0.0331396 0.658156 0.000985508 0.0821903 0.00317708 0.00503067 0.133734 0.0148325 0.0687542 
0.0211571 0.483405 0.010981 0.026122 0.0330205 0.0195317 0.123829 0.250355 0.0315993 
0.0386408 0.684207 0.00214475 0.102144 0.00366738 0.00481922 0.0997799 0.0379521 0.0266444 
0.0331396 0.658156 0.000985508 0.0821903 0.00317708 0.00503067 0.133734 0.0148325 0.0687542 
0.0598514 0.650893 0.0045604 0.0885342 0.0128273 0.0186575 0.129372 0.0261409 0.00916368 
0.078463 0.424025 0.0070407 0.157195 0.0688856 0.0145221 0.117503 0.0449674 0.0873986 
0.0486334 0.579228 0.00345351 0.101717 0.0391679 0.0165152 0.137026 0.0341096 0.0401496 
0.0539198 0.379329 0.0014827 0.320722 0.0442039 0.0221449 0.107798 0.0344448 0.0359545 
0.0383951 0.507804 0.00185307 0.146665 0.126372 0.0145332 0.0946215 0.0257427 0.0440137 
0.0259381 0.449778 3.33825e-06 0.367934 0.00131995 0.00109023 0.124955 0.00626765 0.0227149 
0.0830155 0.428011 0.00175516 0.142557 0.022061 0.0199206 0.145417 0.0429113 0.114352 
0.0620165 0.578496 0.00144123 0.129962 0.00154992 0.00673371 0.151674 0.0163491 0.0517775 
0.055653 0.243931 0.00411096 0.192566 0.0211781 0.0772574 0.199155 0.0495348 0.156614 
0.0381997 0.460763 0.00177714 0.23622 0.0215644 0.031004 0.158411 0.0244813 0.0275801 
0.0258408 0.658357 0.00200517 0.18745 0.00127916 0.0142202 0.0766953 0.0217567 0.0123957 
0.0135624 0.342608 0.0235428 0.194784 0.0430992 0.0065276 0.0771359 0.0324291 0.266311 
0.0545363 0.651535 0.00030146 0.0849133 0.00779151 0.0240967 0.105199 0.0582326 0.0133937 
0.0300243 0.639636 0.00516691 0.0911379 0.00791348 0.0100119 0.110006 0.0215745 0.0845289 
0.0464338 0.67405 0.00307948 0.118473 0.00525665 0.00552223 0.0995106 0.0170488 0.0306256 
0.0464338 0.67405 0.00307948 0.118473 0.00525665 0.00552223 0.0995106 0.0170488 0.0306256 
0.0634659 0.484643 0.0057703 0.246382 0.0255753 0.02122 0.122745 0.0216145 0.00858346 
0.0545363 0.651535 0.00030146 0.0849133 0.00779151 0.0240967 0.105199 0.0582326 0.0133937 
0.0456242 0.497934 0.0124149 0.0820392 0.0936138 0.021229 0.156393 0.0531841 0.0375682 
0.0731577 0.597213 0.00240734 0.156375 0.0201378 0.0275487 0.0833207 0.0238958 0.0159443 
0.0733913 0.434029 0.000630934 0.227086 0.0096065 0.00901668 0.18888 0.0160448 0.0413142 
0.0331396 0.658156 0.000985508 0.0821903 0.00317708 0.00503067 0.133734 0.0148325 0.0687542 
0.0271206 0.764266 0.00876219 0.0788745 0.0139878 0.00619286 0.056413 0.0210714 0.0233112 
0.0509703 0.427514 0.003294 0.0400891 0.0463653 0.0131685 0.229895 0.173944 0.0147593 
0.0331396 0.658156 0.000985508 0.0821903 0.00317708 0.00503067 0.133734 0.0148325 0.0687542 
0.0370072 0.284789 0.000490507 0.177053 0.00824409 0.0167686 0.270514 0.0477327 0.157402 
0.0331396 0.658156 0.000985508 0.0821903 0.00317708 0.00503067 0.133734 0.0148325 0.0687542 
0.0143294 0.698834 7.08209e-05 0.15697 0.0239467 0.00115787 0.066848 0.0175377 0.020305 
0.0667265 0.430912 0.0115184 0.110288 0.181598 0.0104002 0.102829 0.0442781 0.0414494 
0.0729721 0.283043 0.0647918 0.123688 0.188936 0.0307026 0.127391 0.0640358 0.0444397 
0.0310036 0.276506 0.0027992 0.184985 0.0601401 0.120103 0.115143 0.0487816 0.160538 
0.0453679 0.407222 0.0029965 0.25413 0.0325219 0.0153738 0.133234 0.0382439 0.0709103 
0.0464338 0.67405 0.00307948 0.118473 0.00525665 0.00552223 0.0995106 0.0170488 0.0306256 
0.0300243 0.639636 0.00516691 0.0911379 0.00791348 0.0100119 0.110006 0.0215745 0.0845289 
0.0425444 0.435761 0.000414582 0.134546 0.0374623 0.0348652 0.13014 0.146662 0.0376039 
0.0816209 0.245153 4.03847e-05 0.243934 0.0252717 0.0166209 0.175644 0.0853423 0.126373 
0.280155 0.309412 2.636e-05 0.22434 0.0140653 0.0107436 0.112045 0.0335889 0.0156238 
0.074903 0.464946 0.00274269 0.210911 0.036496 0.0200327 0.150061 0.0275139 0.0123937 
0.0331396 0.658156 0.000985508 0.0821903 0.00317708 0.00503067 0.133734 0.0148325 0.0687542 
0.0364588 0.278012 0.000338651 0.190682 0.0153552 0.0158573 0.270829 0.0469805 0.145486 
0.0280567 0.669711 3.25927e-05 0.120038 0.022299 0.0292231 0.0802685 0.0226045 0.0277672 
0.140439 0.593412 0.00709062 0.050347 0.0378194 0.0175961 0.0943499 0.0361806 0.0227659 
0.0123406 0.696097 0.00165854 0.0727826 0.0090159 0.00271331 0.0618067 0.0080674 0.135518 
0.0343394 0.582863 6.99825e-05 0.158077 0.00817418 0.00804397 0.138071 0.0381725 0.0321882 
0.0211571 0.483405 0.010981 0.026122 0.0330205 0.0195317 0.123829 0.250355 0.0315993 
0.0331396 0.658156 0.000985508 0.0821903 0.00317708 0.00503067 0.133734 0.0148325 0.0687542 
0.0858358 0.373934 0.0157341 0.33145 0.0643139 0.0135302 0.0912841 0.0159098 0.00800796 
0.0719276 0.478834 0.000607002 0.111233 0.0203576 0.0159889 0.163665 0.036855 0.100533 
0.0348832 0.753733 0.000238202 0.0831838 0.00733708 0.00255238 0.0697034 0.0103051 0.0380639 
0.0571308 0.65086 0.000925121 0.137094 0.00520753 0.00694837 0.101274 0.0148626 0.025698 
0.0535552 0.618286 0.000786111 0.135419 0.00826255 0.0047642 0.145755 0.019972 0.0131996 
0.0235658 0.724847 3.56051e-05 0.134045 0.00954399 0.0253446 0.0651987 0.0102651 0.00715429 
0.0261864 0.568978 0.000232957 0.155443 0.0126533 0.0211372 0.118493 0.0833972 0.0134784 
0.0331396 0.658156 0.000985508 0.0821903 0.00317708 0.00503067 0.133734 0.0148325 0.0687542 
0.0464338 0.67405 0.00307948 0.118473 0.00525665 0.00552223 0.0995106 0.0170488 0.0306256 
0.0310651 0.701556 0.00180989 0.0912471 0.00719149 0.00598004 0.103867 0.0358517 0.0214322 
0.0516823 0.547364 0.00250257 0.173558 0.00694088 0.00487859 0.102279 0.0743092 0.0364862 
0.0303918 0.578559 0.00145391 0.149089 0.00938857 0.00912387 0.0972232 0.0625402 0.0622303 
0.0379673 0.705143 0.0007644 0.103763 0.00825404 0.00448442 0.110199 0.0174128 0.012012 
0.0439063 0.398347 6.16584e-06 0.38318 0.0027899 0.00340733 0.14185 0.00796616 0.0185469 
0.0451638 0.499554 5.35623e-05 0.240637 0.0757472 0.0123474 0.106217 0.0143529 0.00592684 
0.0373942 0.471362 0.00362541 0.161245 0.0409831 0.0168679 0.126162 0.050136 0.0922247 
0.0251332 0.745086 2.97139e-05 0.098426 0.00890044 0.0163509 0.0894853 0.00942702 0.00716141 
0.0373848 0.617671 0.00447396 0.102498 0.00689322 0.00893016 0.125316 0.0211415 0.0756917 
0.108596 0.379892 0.00821357 0.179652 0.0191339 0.012831 0.171713 0.0356418 0.0843263 
0.0409547 0.617828 0.00122126 0.125694 0.0260898 0.00493627 0.113863 0.021127 0.0482855 
0.0477448 0.622692 0.000959316 0.10006 0.00478246 0.00727568 0.146736 0.0140479 0.0557019 
0.0379673 0.705143 0.0007644 0.103763 0.00825404 0.00448442 0.110199 0.0174128 0.012012 
0.0331396 0.658156 0.000985508 0.0821903 0.00317708 0.00503067 0.133734 0.0148325 0.0687542 
0.0914851 0.449658 0.000531585 0.247391 0.0157481 0.0245492 0.117012 0.0247336 0.0288917 
0.033188 0.537887 0.000973601 0.178545 0.00303572 0.00515354 0.141836 0.0165525 0.0828288 
0.0583975 0.31438 0.00283281 0.292173 0.0378685 0.0322916 0.161533 0.0438284 0.0566942 
0.0488049 0.476643 0.000948134 0.22812 0.0818687 0.0137181 0.11981 0.0205497 0.0095367 
0.0160085 0.345066 0.000126984 0.259577 0.00749782 0.01337 0.104721 0.0224994 0.231133 
0.0282796 0.71157 0.00057302 0.104679 0.0612083 0.00306942 0.0652724 0.012849 0.0124991 
0.0407929 0.587635 0.00378695 0.131613 0.00533266 0.00995776 0.129412 0.0208245 0.0706456 
0.0407999 0.680962 0.00271297 0.110762 0.00449475 0.00542995 0.0981242 0.0287099 0.0280042 
0.0331396 0.658156 0.000985508 0.0821903 0.00317708 0.00503067 0.133734 0.0148325 0.0687542 
0.0977091 0.636025 0.00626609 0.0701035 0.0318782 0.0117214 0.0899329 0.0317607 0.0246035 
0.0509703 0.427514 0.003294 0.0400891 0.0463653 0.0131685 0.229895 0.173944 0.0147593 
0.0640113 0.348741 0.00135054 0.254534 0.0246557 0.0240719 0.161805 0.0345223 0.0863086 
0.0481687 0.354403 0.00105675 0.35301 0.0126537 0.0148528 0.125159 0.0635589 0.0271367 
0.0669985 0.42986 0.000741528 0.229094 0.0289622 0.00980044 0.141954 0.0384449 0.0541446 
0.117241 0.273107 0.000276576 0.118219 0.0256086 0.0241274 0.146154 0.0952794 0.199988 
0.0387575 0.617427 0.0111656 0.12096 0.00368911 0.00469001 0.121114 0.0156915 0.0665052 
0.0464338 0.67405 0.00307948 0.118473 0.00525665 0.00552223 0.0995106 0.0170488 0.0306256 
0.0735186 0.480059 0.0010809 0.216192 0.0326446 0.0195438 0.142107 0.0243333 0.0105206 
0.04957 0.743233 8.99269e-05 0.0652902 0.000778499 0.00297549 0.101063 0.00706846 0.0299314 
0.0464338 0.67405 0.00307948 0.118473 0.00525665 0.00552223 0.0995106 0.0170488 0.0306256 
0.047986 0.519618 0.00145749 0.202397 0.0120248 0.0170515 0.143408 0.0391652 0.0168921 
0.0841779 0.329823 0.00137596 0.295399 0.0176118 0.0246403 0.141268 0.0373202 0.0683843 
0.0735186 0.480059 0.0010809 0.216192 0.0326446 0.0195438 0.142107 0.0243333 0.0105206 
0.0170311 0.484169 0.00265881 0.0647743 0.0189833 0.00476719 0.249232 0.0655874 0.0927972 
0.0282796 0.71157 0.00057302 0.104679 0.0612083 0.00306942 0.0652724 0.012849 0.0124991 
0.0424593 0.26187 0.000433072 0.236812 0.0204795 0.0786219 0.15891 0.0573989 0.143015 
0.112087 0.479953 0.000469926 0.232934 0.0156425 0.04149 0.0786158 0.0210042 0.0178044 
0.0331396 0.658156 0.000985508 0.0821903 0.00317708 0.00503067 0.133734 0.0148325 0.0687542 
0.0150324 0.797066 0.000518565 0.104387 0.0108345 0.000846523 0.0409303 0.0023277 0.0280569 
0.219732 0.29489 0.00213828 0.171531 0.0235332 0.113039 0.111904 0.0406275 0.0226052 
0.0578376 0.548559 0.00829746 0.0915411 0.0498283 0.0197301 0.159325 0.0413599 0.0235214 
0.0331396 0.658156 0.000985508 0.0821903 0.00317708 0.00503067 0.133734 0.0148325 0.0687542 
0.0221125 0.276424 0.12862 0.182961 0.0015384 0.19076 0.129095 0.0137449 0.0547431 
0.0792486 0.613896 0.00261922 0.140058 0.0141806 0.0149508 0.0782736 0.0437232 0.0130497 
0.0576311 0.519833 0.000733993 0.10977 0.00350705 0.00492963 0.188875 0.0247983 0.0899222 
0.0415472 0.625202 0.0235085 0.146853 0.0201181 0.0339437 0.0598138 0.0315739 0.0174398 
0.191223 0.535652 0.00383677 0.10431 0.00802623 0.0129931 0.110939 0.021234 0.0117858 
0.0401603 0.433925 0.000152567 0.410065 0.00960639 0.01093 0.0639689 0.0163695 0.0148224 
0.0660914 0.341838 8.94636e-05 0.0906169 0.18583 0.0297362 0.14642 0.0521049 0.0872733 
0.0389462 0.634224 0.000922233 0.0960123 0.00403557 0.00574581 0.14132 0.0153991 0.0633946 
0.140439 0.593412 0.00709062 0.050347 0.0378194 0.0175961 0.0943499 0.0361806 0.0227659 
0.0379673 0.705143 0.0007644 0.103763 0.00825404 0.00448442 0.110199 0.0174128 0.012012 
0.0331396 0.658156 0.000985508 0.0821903 0.00317708 0.00503067 0.133734 0.0148325 0.0687542 
0.0458351 0.674558 0.00318109 0.119516 0.0054065 0.00575008 0.098342 0.0170274 0.0303833 
0.0649352 0.467789 0.00124646 0.227207 0.0140701 0.0203166 0.153127 0.037181 0.0141276 
0.0195273 0.545966 0.00648698 0.0914325 0.0258437 0.00650977 0.157115 0.0436358 0.103483 
0.0594128 0.692219 0.000103808 0.0782814 0.000914872 0.00353139 0.121208 0.00845521 0.0358743 
0.0327119 0.669623 0.00430514 0.0729922 0.0365669 0.0150285 0.0922312 0.0488429 0.0276979 
0.0331396 0.658156 0.000985508 0.0821903 0.00317708 0.00503067 0.133734 0.0148325 0.0687542 
0.088946 0.367997 0.00128478 0.111361 0.125588 0.0294525 0.19692 0.015824 0.0626274 
0.0314005 0.376574 0.000505383 0.316754 0.00330458 0.00580165 0.150675 0.0138285 0.101156 
0.0667652 0.509303 0.00495596 0.212589 0.0291137 0.0189611 0.127052 0.0218303 0.00943038 
0.0857599 0.464413 0.0154295 0.120481 0.0234799 0.0826316 0.0975318 0.0326733 0.0776003 
0.0464338 0.67405 0.00307948 0.118473 0.00525665 0.00552223 0.0995106 0.0170488 0.0306256 
0.0346892 0.755508 0.000844629 0.114292 0.0104141 0.00316777 0.0670425 0.00715792 0.00688385 
0.0338412 0.614161 0.00478024 0.121218 0.0442397 0.00775194 0.103141 0.040917 0.0299501 
0.107089 0.628834 0.00692568 0.0540286 0.0343088 0.0126752 0.0958987 0.0351038 0.0251362 
0.0402591 0.415737 0.000508162 0.241917 0.0138382 0.0261654 0.170007 0.0314574 0.0601102 
0.0435746 0.556303 0.00236147 0.0686958 0.0601619 0.00869074 0.156614 0.0882895 0.015309 
0.0703431 0.330232 0.00949934 0.240881 0.0223853 0.0448423 0.156698 0.0485597 0.076559 
0.172842 0.312075 0.0072732 0.137602 0.0860302 0.0490043 0.108699 0.10477 0.0217042 
0.0777932 0.443367 0.000459262 0.112781 0.0463615 0.0645014 0.215535 0.0272392 0.0119622 
0.101928 0.506023 0.00126373 0.122038 0.019014 0.0307502 0.154644 0.047823 0.0165161 
0.0503574 0.448498 0.00188641 0.154219 0.0210559 0.0159035 0.154377 0.0393039 0.114399 
0.014518 0.484792 0.00683954 0.0807751 0.00595 0.00515827 0.227596 0.0629834 0.111388 
0.029738 0.795311 0.000121841 0.108027 0.00458912 0.00205729 0.0521346 0.00383639 0.0041844 
0.0427164 0.495547 0.0110985 0.131685 0.0426679 0.00910313 0.15476 0.034685 0.077737 
0.0509703 0.427514 0.003294 0.0400891 0.0463653 0.0131685 0.229895 0.173944 0.0147593 
0.21225 0.341302 0.000275953 0.152223 0.0364309 0.029056 0.108193 0.0787457 0.0415227 
0.0477294 0.454039 0.000639024 0.276171 0.0357083 0.00927556 0.11251 0.0331125 0.0308161 
0.0376896 0.438554 0.00350372 0.215109 0.0369126 0.0151236 0.147881 0.05534 0.049887 
0.0331396 0.658156 0.000985508 0.0821903 0.00317708 0.00503067 0.133734 0.0148325 0.0687542 
0.107662 0.367519 0.0019275 0.281491 0.033986 0.0592744 0.0935128 0.0257991 0.028829 
0.0330688 0.716316 0.000157431 0.0711269 0.000347289 0.00502822 0.116026 0.011968 0.0459614 
0.0620165 0.578496 0.00144123 0.129962 0.00154992 0.00673371 0.151674 0.0163491 0.0517775 
0.0386408 0.684207 0.00214475 0.102144 0.00366738 0.00481922 0.0997799 0.0379521 0.0266444 
0.0328914 0.499614 0.0112575 0.0776725 0.0578508 0.0103665 0.166977 0.0482472 0.0951228 
0.0488814 0.621864 0.00120145 0.140844 0.0103624 0.00620137 0.130352 0.0312701 0.00902418 
0.0386408 0.684207 0.00214475 0.102144 0.00366738 0.00481922 0.0997799 0.0379521 0.0266444 
0.0464338 0.67405 0.00307948 0.118473 0.00525665 0.00552223 0.0995106 0.0170488 0.0306256 
0.049034 0.6864 0.000711376 0.172769 0.00969033 0.0125917 0.0534445 0.00885246 0.00650612 
0.0497399 0.452874 0.00588766 0.15307 0.0368086 0.0365571 0.143826 0.0553577 0.0658799 
0.0546781 0.598855 0.00294007 0.109408 0.0336736 0.0122719 0.0990862 0.0484422 0.0406449 
0.0003277 0.996824 0.000672851 0.000385874 0.000491288 0.00026211 0.000392219 0.000349205 0.000295084 
0.276905 0.317073 0.0195643 0.0476136 0.0564857 0.0889914 0.107827 0.0648297 0.0207106 
0.0260506 0.735257 0.00033587 0.0706698 0.0121926 0.0161939 0.0985604 0.0118641 0.0288761 
0.112731 0.262815 0.00414644 0.254453 0.0443966 0.0274941 0.205009 0.0530307 0.0359236 
0.0297219 0.759005 0.000283763 0.0895695 0.0152251 0.00274309 0.0795085 0.00911661 0.0148262 
0.0464338 0.67405 0.00307948 0.118473 0.00525665 0.00552223 0.0995106 0.0170488 0.0306256 
0.0213578 0.732583 0.00025452 0.121166 0.00103102 0.00218838 0.0734073 0.0260546 0.0219565 
0.0909332 0.664378 0.00185097 0.116358 0.00878196 0.00900981 0.0771966 0.0140214 0.0174708 
0.0383134 0.224468 0.00340586 0.153054 0.0257923 0.187893 0.100336 0.149709 0.117027 
0.251523 0.429259 0.000519208 0.139156 0.0070274 0.0162785 0.127248 0.0201131 0.00887582 
0.0331396 0.658156 0.000985508 0.0821903 0.00317708 0.00503067 0.133734 0.0148325 0.0687542 
0.146447 0.499746 0.00026614 0.244667 0.0221158 0.0171872 0.0302658 0.0115729 0.0277317 
0.0950908 0.479505 0.00329063 0.236153 0.0464518 0.0102804 0.0795729 0.0192921 0.030363 
0.191761 0.250433 0.000377641 0.180079 0.0304823 0.0137964 0.161266 0.0582272 0.113577 
0.0764157 0.440164 0.000662648 0.0865526 0.00500478 0.0505842 0.199771 0.0462769 0.0945673 
0.0495266 0.293491 0.00856117 0.0839971 0.0153373 0.0189864 0.260262 0.0410252 0.228813 
0.201094 0.274773 0.000377763 0.195113 0.0284828 0.0199174 0.140085 0.0519511 0.0882052 
0.0767642 0.302097 0.00590915 0.103445 0.02494 0.0316382 0.19165 0.179271 0.0842853 
0.00998517 0.473969 0.0002765 0.128809 0.0166186 0.00364989 0.187885 0.0346489 0.144157 
0.0830242 0.330672 0.000452684 0.291253 0.02091 0.0136402 0.156497 0.0500062 0.053544 
0.0687148 0.492702 0.00603492 0.208243 0.0329314 0.0194598 0.135753 0.0249396 0.0112211 
0.0464338 0.67405 0.00307948 0.118473 0.00525665 0.00552223 0.0995106 0.0170488 0.0306256 
0.035804 0.638612 0.00124076 0.0851903 0.00419683 0.00562618 0.141802 0.0172121 0.0703156 
0.0386781 0.373156 0.000662237 0.226505 0.163773 0.00407782 0.105796 0.0171565 0.0701945 
0.0458711 0.541358 0.00111337 0.150457 0.00464645 0.0159659 0.170542 0.0195916 0.0504543 
0.107089 0.628834 0.00692568 0.0540286 0.0343088 0.0126752 0.0958987 0.0351038 0.0251362 
0.0455154 0.585315 0.000141882 0.0820414 0.00256498 0.019447 0.181379 0.0345486 0.0490467 
0.0308395 0.695155 0.00143836 0.148261 0.00076077 0.035622 0.0753996 0.00922927 0.00329446 
0.0379673 0.705143 0.0007644 0.103763 0.00825404 0.00448442 0.110199 0.0174128 0.012012 
0.0310617 0.68707 0.000900765 0.0750449 0.00290136 0.00459378 0.122107 0.0135435 0.0627775 
0.06402 0.393619 0.00332146 0.328498 0.026328 0.0304648 0.0909406 0.0360352 0.026773 
0.0331396 0.658156 0.000985508 0.0821903 0.00317708 0.00503067 0.133734 0.0148325 0.0687542 
0.0425012 0.678942 0.00275686 0.112208 0.00468842 0.00540977 0.0986241 0.0261985 0.0286711 
0.101928 0.506023 0.00126373 0.122038 0.019014 0.0307502 0.154644 0.047823 0.0165161 
0.134857 0.598906 0.00320166 0.123475 0.00765708 0.0108657 0.0893502 0.0208316 0.0108555 
0.0307002 0.514814 0.00106489 0.226728 0.0210846 0.0107365 0.115101 0.0183549 0.0614154 
0.0464338 0.67405 0.00307948 0.118473 0.00525665 0.00552223 0.0995106 0.0170488 0.0306256 
0.0331396 0.658156 0.000985508 0.0821903 0.00317708 0.00503067 0.133734 0.0148325 0.0687542 
0.0368481 0.712548 0.0020775 0.119411 0.019809 0.00673154 0.0473908 0.0208338 0.0343501 
0.0670282 0.370482 0.00541676 0.104036 0.0288478 0.0337868 0.276346 0.0375902 0.0764654 
0.187708 0.545412 0.00296347 0.103587 0.00749908 0.0122937 0.108507 0.0205307 0.011499 
0.035804 0.638612 0.00124076 0.0851903 0.00419683 0.00562618 0.141802 0.0172121 0.0703156 
0.0464338 0.67405 0.00307948 0.118473 0.00525665 0.00552223 0.0995106 0.0170488 0.0306256 
0.0331396 0.658156 0.000985508 0.0821903 0.00317708 0.00503067 0.133734 0.0148325 0.0687542 
0.276905 0.317073 0.0195643 0.0476136 0.0564857 0.0889914 0.107827 0.0648297 0.0207106 
0.155694 0.452395 0.00208296 0.209324 0.0134418 0.050814 0.0604701 0.0320941 0.0236845 
0.0297304 0.543367 0.0113994 0.102165 0.139839 0.0142024 0.0872373 0.0423449 0.0297138 
0.0355102 0.605021 0.000732721 0.132624 0.0175376 0.00581701 0.124335 0.0229739 0.055449 
0.088919 0.334362 0.00126288 0.272583 0.0219125 0.0370369 0.133466 0.0669208 0.0435373 
0.0398786 0.323887 0.00401266 0.227146 0.0600668 0.0187203 0.146366 0.049285 0.130638 
0.0350085 0.607658 0.000909063 0.127504 0.00704482 0.0050576 0.13183 0.0166725 0.0683162 
0.0458351 0.674558 0.00318109 0.119516 0.0054065 0.00575008 0.098342 0.0170274 0.0303833 
0.0282796 0.71157 0.00057302 0.104679 0.0612083 0.00306942 0.0652724 0.012849 0.0124991 
0.0534361 0.520986 4.94335e-06 0.165121 0.0111993 0.0456109 0.15 0.0338818 0.0197592 
0.0598514 0.650893 0.0045604 0.0885342 0.0128273 0.0186575 0.129372 0.0261409 0.00916368 
0.0374264 0.583098 4.78204e-05 0.226237 0.00548652 0.00448072 0.0948995 0.0236196 0.0247046 
0.0330912 0.636263 5.049e-05 0.172202 0.0129048 0.0359431 0.0885319 0.0130495 0.00796427 
0.025058 0.7081 0.0029994 0.0923875 0.0149297 0.00485834 0.0844079 0.0267429 0.0405161 
0.011266 0.485542 0.0187134 0.223833 0.0181212 0.00427887 0.0522868 0.0143323 0.171626 
0.025912 0.371773 0.00191326 0.331581 0.028656 0.0242169 0.126202 0.00840041 0.0813448 
0.0331396 0.658156 0.000985508 0.0821903 0.00317708 0.00503067 0.133734 0.0148325 0.0687542 
0.0331396 0.658156 0.000985508 0.0821903 0.00317708 0.00503067 0.133734 0.0148325 0.0687542 
0.0512985 0.345875 0.000584665 0.240633 0.162893 0.00613303 0.114532 0.0176355 0.0604161 
0.0735186 0.480059 0.0010809 0.216192 0.0326446 0.0195438 0.142107 0.0243333 0.0105206 
0.0735186 0.480059 0.0010809 0.216192 0.0326446 0.0195438 0.142107 0.0243333 0.0105206 
0.036628 0.630564 0.00107761 0.0842855 0.00348389 0.00556021 0.147533 0.0163938 0.0744747 
0.208644 0.511867 0.00064565 0.112339 0.00661486 0.0220709 0.108749 0.0204518 0.00861788 
0.0721904 0.613935 0.000662265 0.194207 0.0132384 0.0231919 0.0624226 0.0139318 0.00622058 
0.073869 0.269587 0.00167908 0.224977 0.00686465 0.030047 0.1697 0.0458925 0.177384 
0.0598514 0.650893 0.0045604 0.0885342 0.0128273 0.0186575 0.129372 0.0261409 0.00916368 
0.0276142 0.539269 0.00605006 0.255391 0.0482787 0.00398691 0.0685676 0.019772 0.0310701 
0.034488 0.710143 0.000798784 0.126436 0.00284697 0.00397571 0.0792284 0.0159423 0.0261407 
0.0434106 0.481016 0.00458907 0.259732 0.0359151 0.0498085 0.0841794 0.0266106 0.0147391 
0.0301448 0.636943 0.00547914 0.0752917 0.0611417 0.0206801 0.108586 0.02659 0.0351434 
0.0828654 0.30281 0.000357524 0.292894 0.0117668 0.0280853 0.186141 0.0471046 0.0479752 
0.0496283 0.438527 0.00332358 0.0995415 0.0324215 0.0187252 0.241117 0.0577367 0.0589798 
0.029738 0.795311 0.000121841 0.108027 0.00458912 0.00205729 0.0521346 0.00383639 0.0041844 
0.0735186 0.480059 0.0010809 0.216192 0.0326446 0.0195438 0.142107 0.0243333 0.0105206 
0.0650171 0.411614 0.000240737 0.282103 0.0142615 0.00398214 0.111245 0.0133471 0.0981902 
0.0348832 0.753733 0.000238202 0.0831838 0.00733708 0.00255238 0.0697034 0.0103051 0.0380639 
0.0219645 0.730182 0.000783559 0.119072 0.00130448 0.0023393 0.0738989 0.0267836 0.0236722 
0.0389462 0.634224 0.000922233 0.0960123 0.00403557 0.00574581 0.14132 0.0153991 0.0633946 
0.0332189 0.635242 0.000899816 0.0899428 0.0029835 0.00488627 0.151001 0.0181976 0.0636281 
0.0721904 0.613935 0.000662265 0.194207 0.0132384 0.0231919 0.0624226 0.0139318 0.00622058 
0.0300243 0.639636 0.00516691 0.0911379 0.00791348 0.0100119 0.110006 0.0215745 0.0845289 
0.0271206 0.764266 0.00876219 0.0788745 0.0139878 0.00619286 0.056413 0.0210714 0.0233112 
0.0251332 0.745086 2.97139e-05 0.098426 0.00890044 0.0163509 0.0894853 0.00942702 0.00716141 
0.0488149 0.696465 0.00218567 0.0880317 0.00702209 0.0202464 0.120166 0.0110842 0.00598374 
0.0514867 0.587823 0.000735962 0.204082 0.0164148 0.017291 0.0675766 0.0311639 0.0234264 
0.00325193 0.411462 0.00218363 0.103965 0.00545772 0.000780228 0.167541 0.0337314 0.271627 
0.0277009 0.381768 0.000624729 0.145834 0.0138045 0.00844375 0.192119 0.026888 0.202817 
0.0735186 0.480059 0.0010809 0.216192 0.0326446 0.0195438 0.142107 0.0243333 0.0105206 
0.0505163 0.4009 0.00223065 0.202134 0.0162361 0.0160665 0.167086 0.0340222 0.110808 
0.0660354 0.396109 9.57141e-05 0.288494 0.0172777 0.0263107 0.170614 0.0208349 0.0142282 
0.0387094 0.614978 0.00133572 0.0919376 0.00401066 0.00616441 0.149863 0.0184883 0.0745134 
0.098511 0.391583 0.000334887 0.296497 0.00864035 0.0488617 0.114168 0.0301413 0.0112635 
0.0224907 0.485932 0.000629876 0.231426 0.011976 0.00451789 0.139674 0.0204382 0.082915 
0.0359272 0.375393 0.000490087 0.15318 0.00599793 0.0299739 0.244705 0.0708322 0.0835002 
0.187708 0.545412 0.00296347 0.103587 0.00749908 0.0122937 0.108507 0.0205307 0.011499 
0.0453059 0.696448 0.000227676 0.176675 0.00714479 0.0185804 0.0175977 0.0314814 0.00653847 
0.0455154 0.585315 0.000141882 0.0820414 0.00256498 0.019447 0.181379 0.0345486 0.0490467 
0.0548262 0.295903 0.00130048 0.181975 0.0433329 0.0230052 0.271055 0.0382941 0.0903079 
0.0154707 0.531054 0.00424998 0.254903 0.0373085 0.00484545 0.108096 0.023343 0.0207284 
0.069336 0.434785 0.00118824 0.245975 0.00801743 0.0316206 0.166173 0.0230797 0.0198255 
0.0464338 0.67405 0.00307948 0.118473 0.00525665 0.00552223 0.0995106 0.0170488 0.0306256 
0.0290103 0.568572 0.000913353 0.152338 0.00960354 0.00466945 0.142433 0.0178057 0.0746543 
0.103201 0.421299 0.000885401 0.176164 0.00889188 0.0205959 0.151677 0.0379311 0.0793543 
0.0331396 0.658156 0.000985508 0.0821903 0.00317708 0.00503067 0.133734 0.0148325 0.0687542 
0.0262894 0.250311 0.0676769 0.243937 0.00420217 0.165274 0.135249 0.0183193 0.0887415 
0.0828654 0.30281 0.000357524 0.292894 0.0117668 0.0280853 0.186141 0.0471046 0.0479752 
0.0522231 0.572186 0.00148815 0.153505 0.0216582 0.01507 0.12731 0.0212346 0.0353256 
0.0390182 0.65696 0.000688419 0.129827 0.00713652 0.0188029 0.0913262 0.0115863 0.0446543 
