0.00416526 0.0745031 0.000117257 0.32143 0.0310541 0.0228418 0.0459729 0.199807 0.300108 
0.0642353 0.0462717 0.0011909 0.499 0.0458754 0.00589795 0.139399 0.0846608 0.113468 
0.0102866 0.0598266 0.00331784 0.446226 0.0308747 0.0139006 0.0722934 0.212947 0.150327 
0.116356 0.0974676 0.0114264 0.268819 0.0123752 0.0329016 0.262637 0.0483465 0.149671 
0.096647 0.175815 0.00293975 0.402871 0.0199094 0.0289664 0.153891 0.0484625 0.0704976 
0.0259458 0.185991 0.00171279 0.382442 0.0158047 0.0120237 0.0514057 0.0909842 0.23369 
0.0240384 0.161782 2.61663e-05 0.585289 0.00790048 0.00266905 0.0436207 0.14133 0.0333441 
0.145554 0.296944 0.000215269 0.405499 0.0159369 0.00742041 0.0762959 0.0369672 0.0151674 
0.102292 0.0950186 0.000937222 0.408368 0.0272728 0.0152533 0.180175 0.115307 0.0553762 
0.0389509 0.0448646 0.00147314 0.563347 0.00618477 0.0478584 0.100042 0.135786 0.0614932 
0.0957146 0.179139 0.000426452 0.52063 0.00453516 0.0223876 0.133295 0.0168852 0.0269859 
0.0492301 0.0488336 5.29864e-05 0.527306 0.00390139 0.00908828 0.128122 0.0651706 0.168295 
0.127021 0.0918216 0.000921622 0.39097 0.0333863 0.0264493 0.19029 0.0438294 0.0953106 
0.157764 0.273977 3.43673e-05 0.336484 0.0148347 0.0146631 0.130035 0.012854 0.0593546 
0.0820779 0.0901256 0.00337503 0.474887 0.0101513 0.0162801 0.186299 0.0852072 0.0515968 
0.117657 0.294617 5.94021e-05 0.375764 0.00999625 0.0211126 0.146107 0.021246 0.0134411 
0.0673215 0.0294061 0.00186349 0.495218 0.00816347 0.0174973 0.239915 0.0972536 0.0433615 
0.0968845 0.0418537 0.000375819 0.585808 0.00981578 0.0109636 0.0881175 0.125775 0.0404058 
0.0645933 0.0557501 0.000277979 0.583413 0.0245247 0.0200679 0.129864 0.040182 0.081326 
0.0187575 0.0537153 0.000243628 0.275927 0.0240388 0.0198898 0.27535 0.14601 0.186068 
0.0378204 0.0792348 0.00157823 0.342513 0.02838 0.0183405 0.189041 0.102849 0.200243 
0.171223 0.0133178 0.00768834 0.251885 0.0244389 0.046455 0.239206 0.102008 0.143778 
0.0649726 0.0892499 0.00781182 0.399947 0.148937 0.0549841 0.143051 0.0508683 0.0401787 
0.243574 0.142701 9.32118e-06 0.276662 0.0148582 0.0284786 0.185075 0.0978567 0.010785 
0.0309074 0.0113654 0.00142432 0.541906 0.0168684 0.0138457 0.245748 0.0896528 0.0482821 
0.223807 0.0131473 0.000530589 0.392657 0.0128166 0.0114555 0.16157 0.161675 0.0223412 
0.0253349 0.0204016 0.00221199 0.580523 0.00455668 0.00302139 0.184227 0.0587128 0.12101 
0.0203573 0.0598998 3.24435e-05 0.339924 0.00507567 0.0563705 0.154541 0.317785 0.0460142 
0.0931982 0.363058 2.62898e-05 0.407195 0.0656736 0.000967144 0.0544705 0.0105145 0.00489601 
0.0407057 0.0545216 0.00302005 0.713364 0.0212961 0.00514865 0.0835679 0.0338099 0.0445659 
0.0784183 0.167651 0.00429236 0.321619 0.0306876 0.0276057 0.195257 0.0656235 0.108845 
0.0226619 0.244101 0.00288809 0.616241 0.00266159 0.00263428 0.0429883 0.0528731 0.0129509 
0.12671 0.0392575 0.000773998 0.264979 0.00614737 0.149849 0.234676 0.0704712 0.107136 
0.0759201 0.0471322 0.000203473 0.306092 0.0278471 0.00935348 0.301931 0.0553292 0.176191 
0.106058 0.0224884 0.000197146 0.632665 0.0232516 0.00787218 0.123123 0.0540953 0.0302491 
0.0351284 0.165401 0.00164161 0.457878 0.0146917 0.00838865 0.169942 0.0390685 0.107861 
0.068116 0.0579133 0.000224049 0.58892 0.00860625 0.007207 0.1241 0.0595599 0.0853537 
0.0801903 0.140615 0.0016963 0.51991 0.0113532 0.0412618 0.149717 0.0306564 0.0245994 
0.144307 0.0309093 0.0279874 0.274855 0.194288 0.0247367 0.167311 0.0896008 0.0460057 
0.0962617 0.170641 0.00270869 0.275197 0.0393673 0.0284617 0.186676 0.0556063 0.14508 
0.0612579 0.0126208 6.96111e-05 0.442576 0.0160086 0.020902 0.183006 0.139653 0.123906 
0.161395 0.0619812 0.000324594 0.431023 0.0155986 0.0168783 0.229738 0.0185051 0.0645557 
0.132048 0.0130036 0.0119061 0.280375 0.00671315 0.149771 0.166952 0.177914 0.0613172 
0.115867 0.11873 0.000312179 0.432301 0.00583213 0.00552831 0.243763 0.0133183 0.0643485 
0.0939045 0.115374 0.0072498 0.256833 0.0602405 0.0222215 0.200992 0.056739 0.186446 
0.067867 0.0401657 0.0798686 0.496456 0.00914977 0.0156161 0.12261 0.134736 0.0335309 
0.111401 0.201001 0.0300322 0.427164 0.00262552 0.0254339 0.108937 0.0403492 0.0530563 
0.0333403 0.0111875 0.00123066 0.269865 0.134518 0.0502619 0.0846826 0.258565 0.15635 
0.101779 0.143021 0.013843 0.370837 0.0124335 0.0311309 0.199458 0.0500908 0.0774068 
0.172293 0.040407 0.00675507 0.19492 0.00655378 0.16343 0.184513 0.131973 0.0991545 
0.154255 0.0694844 0.00224534 0.39536 0.0269136 0.0703674 0.161182 0.0783005 0.0418915 
0.100061 0.0140848 0.000641524 0.256999 0.0626528 0.0268997 0.254728 0.0624495 0.221484 
0.0559977 0.0397069 0.00101749 0.721963 0.00611332 0.0059374 0.0869592 0.0404446 0.0418605 
0.0390457 0.069 0.00345788 0.359674 0.105978 0.0265197 0.216811 0.077511 0.102003 
0.138384 0.218352 3.38858e-05 0.308181 0.022545 0.171976 0.0770297 0.0355921 0.0279068 
0.110436 0.305791 8.82329e-05 0.315093 0.0166936 0.0145556 0.0979143 0.0335292 0.105898 
0.015876 0.0353992 0.00181078 0.808095 0.00367312 0.0068564 0.0495314 0.0719842 0.00677381 
0.093471 0.0538416 0.00099653 0.381172 0.0122825 0.0183952 0.25035 0.0648363 0.124655 
0.0776574 0.0884218 0.00210433 0.385663 0.0235038 0.0370375 0.200475 0.0733829 0.111754 
0.184125 0.0807583 5.35817e-05 0.586829 0.00324703 0.00731808 0.104392 0.0149916 0.0182859 
0.0194533 0.22942 0.000907377 0.487044 0.0294973 0.00103556 0.0923177 0.0473167 0.0930081 
0.0195351 0.0245514 0.000587112 0.332721 0.0178589 0.0086176 0.330878 0.0496187 0.215632 
0.0777278 0.0526208 0.00103195 0.323707 0.0361731 0.0227902 0.132462 0.0781854 0.275302 
0.0943561 0.140101 0.000982818 0.527482 0.0257346 0.0287352 0.106489 0.0548478 0.0212712 
0.0453046 0.0402624 0.00229056 0.427283 0.0197087 0.0133483 0.197858 0.128559 0.125385 
0.0312413 0.42686 0.000349212 0.427321 0.00477907 0.00686397 0.0677345 0.0176875 0.0171636 
0.190122 0.0764137 0.000998379 0.441116 0.0284631 0.0310651 0.184775 0.0285198 0.0185264 
0.0756986 0.033218 0.00170954 0.453792 0.0286747 0.0233957 0.203377 0.0808822 0.0992527 
0.0827464 0.133024 0.00178009 0.409602 0.0345639 0.0213108 0.193595 0.064375 0.0590026 
0.00181235 0.173601 0.000223887 0.631778 0.0370034 0.00172983 0.0725758 0.021776 0.0594994 
0.0443037 0.00684823 0.0004064 0.686374 0.0226903 0.0266054 0.0775706 0.0722376 0.0629636 
0.0424663 0.0124335 0.00133214 0.531724 0.0166445 0.0139107 0.246226 0.0893349 0.0459275 
0.0469757 0.165772 0.00182048 0.466342 0.0327273 0.0148013 0.145494 0.0398664 0.0862001 
0.0342365 0.0966254 0.00106746 0.43457 0.018909 0.0151245 0.208941 0.0650814 0.125444 
0.03979 0.0266491 0.000496325 0.505257 0.0115253 0.00827915 0.164426 0.0847032 0.158874 
0.0497462 0.0671246 0.018134 0.653334 0.0139871 0.0978942 0.0467827 0.0328257 0.020171 
0.063672 0.0145818 0.000717207 0.534791 0.025484 0.0101296 0.175074 0.0439414 0.13161 
0.0347991 0.143792 4.18927e-05 0.505308 0.0130587 0.00163254 0.173162 0.0368837 0.0913221 
0.100061 0.0140848 0.000641524 0.256999 0.0626528 0.0268997 0.254728 0.0624495 0.221484 
0.0883205 0.216569 0.003058 0.552329 0.00465542 0.0117801 0.0927091 0.0192397 0.0113396 
0.127638 0.0232881 0.00475456 0.273332 0.035746 0.0273931 0.221288 0.232038 0.0545222 
0.0691246 0.122666 0.00237729 0.471563 0.00508661 0.0127312 0.193292 0.0572896 0.0658696 
0.00281913 0.0166164 1.16453e-05 0.803666 0.00346849 0.0005951 0.0513035 0.0153278 0.106192 
0.0751132 0.0326089 0.00204331 0.40362 0.0190016 0.029605 0.204497 0.0949432 0.138567 
0.176792 0.0208433 5.6032e-05 0.392775 0.055076 0.0182644 0.266781 0.0439537 0.0254591 
0.0437068 0.118649 0.00021519 0.416519 0.00495798 0.0072826 0.309376 0.0268409 0.0724527 
0.106058 0.0224884 0.000197146 0.632665 0.0232516 0.00787218 0.123123 0.0540953 0.0302491 
0.0775645 0.0317081 6.0814e-06 0.267883 0.00583445 0.0485697 0.216558 0.0942097 0.257667 
0.0215921 0.0382413 0.00141215 0.581069 0.0473191 0.0128529 0.101835 0.114751 0.0809272 
0.0492103 0.0896939 0.00309965 0.308463 0.0275694 0.075715 0.238462 0.0591656 0.148621 
0.10854 0.141792 0.00140182 0.415508 0.0154717 0.0440363 0.216779 0.0363767 0.0200939 
0.00682689 0.043702 9.42982e-06 0.658512 0.0618813 0.00458563 0.13414 0.0337282 0.0566148 
0.0672691 0.131892 0.00263466 0.404006 0.0298995 0.0282638 0.203017 0.0580964 0.0749211 
0.0143713 0.152239 0.000249876 0.681356 0.00546827 0.00851892 0.10343 0.014355 0.0200116 
0.0219028 0.208227 0.00504766 0.438587 0.0170198 0.00494773 0.149566 0.0738029 0.0808988 
0.0363247 0.0770244 0.00035862 0.564391 0.0189911 0.0182064 0.107509 0.0847659 0.0924288 
0.0172556 0.0491853 0.00121898 0.514112 0.0415741 0.0222194 0.183408 0.0498687 0.121158 
0.106592 0.0942746 0.0102281 0.419741 0.00740557 0.0184793 0.175802 0.0793991 0.0880791 
0.13238 0.132244 0.000234349 0.661959 0.00158441 0.00465314 0.0363117 0.027936 0.00269756 
0.0566421 0.0658989 0.00130874 0.473392 0.0185106 0.0208216 0.203619 0.0813278 0.0784792 
0.0607208 0.0191728 0.00166659 0.428558 0.0197822 0.0152562 0.250591 0.0566723 0.14758 
0.00684215 0.0301599 3.46406e-05 0.31275 0.0138956 0.00285539 0.259566 0.0787557 0.295141 
0.117086 0.145423 0.00199521 0.420504 0.0138123 0.0164771 0.161292 0.0695133 0.0538968 
0.0693991 0.060283 0.0105515 0.271718 0.0270424 0.0282949 0.182996 0.0805044 0.26921 
0.115858 0.0386061 0.0162937 0.341884 0.00704451 0.0331731 0.313266 0.0887232 0.0451511 
0.0946195 0.0940571 0.000366804 0.476985 0.00993328 0.0102252 0.186955 0.0514879 0.0753698 
0.054809 0.108799 0.00138029 0.449958 0.0469688 0.0482861 0.146452 0.0478629 0.0954837 
0.00619479 0.0807241 0.0010068 0.778206 0.00628056 0.000705539 0.093719 0.00830067 0.0248621 
0.0586223 0.0918634 0.00399294 0.511568 0.0252716 0.0155957 0.171698 0.0657961 0.0555922 
0.181366 0.127828 0.00541067 0.245053 0.043712 0.0252272 0.208759 0.0926029 0.0700405 
0.089677 0.115105 0.0016108 0.402092 0.0144686 0.0495927 0.14559 0.0723022 0.109562 
0.0453234 0.0508522 0.000738112 0.336943 0.0081365 0.00673845 0.199668 0.0634604 0.28814 
0.0589864 0.15157 9.55912e-05 0.672383 0.0273445 0.00995452 0.0579901 0.0164821 0.00519372 
0.0200567 0.181292 0.00188865 0.224285 0.0707235 0.0921909 0.161822 0.0754441 0.172297 
0.10134 0.105393 0.000621081 0.370097 0.0886402 0.0110333 0.183075 0.0514095 0.0883902 
0.13238 0.132244 0.000234349 0.661959 0.00158441 0.00465314 0.0363117 0.027936 0.00269756 
0.0294553 0.0728397 0.00111368 0.683613 0.0068899 0.00481988 0.0911105 0.0338497 0.0763081 
0.0799283 0.238928 0.000551623 0.394856 0.052114 0.0597929 0.082123 0.0778937 0.0138125 
0.0435849 0.0342419 0.000274297 0.469301 0.0381737 0.0162271 0.159774 0.0454255 0.192997 
0.0595446 0.112721 0.00375681 0.503578 0.0527119 0.019595 0.128806 0.0496548 0.069631 
0.0900939 0.0533009 8.89393e-05 0.447241 0.0112391 0.0226954 0.212607 0.122849 0.0398849 
0.0845526 0.220052 4.56645e-05 0.487188 0.0038324 0.0268101 0.115615 0.033489 0.0284146 
0.0780151 0.0447841 0.000596975 0.553805 0.00232093 0.0818524 0.183937 0.0329305 0.0217586 
0.198181 0.0848216 0.0101661 0.489638 0.0586066 0.0168244 0.104921 0.0220201 0.0148214 
0.0982095 0.242521 0.00147082 0.322245 0.0157807 0.0395719 0.181891 0.0444377 0.0538731 
0.13238 0.132244 0.000234349 0.661959 0.00158441 0.00465314 0.0363117 0.027936 0.00269756 
0.0877665 0.171754 0.000833748 0.499788 0.0430215 0.00978735 0.111113 0.0454138 0.0305221 
0.0226619 0.244101 0.00288809 0.616241 0.00266159 0.00263428 0.0429883 0.0528731 0.0129509 
0.0665504 0.20609 0.00240617 0.412034 0.0160159 0.0481354 0.173383 0.0410282 0.0343566 
0.0331626 0.188347 0.000663989 0.468456 0.00599611 0.00960488 0.183729 0.0350406 0.0749996 
0.0391962 0.275045 0.00157939 0.410742 0.00384028 0.0238772 0.117948 0.102784 0.0249881 
0.0878805 0.00733424 3.01456e-05 0.394861 0.00319455 0.0431714 0.181061 0.0789301 0.203537 
0.0464661 0.0131957 0.000299594 0.77889 0.00961541 0.0166745 0.0346728 0.0739588 0.0262266 
0.200297 0.0892688 0.000918595 0.464054 0.0165447 0.0755475 0.110209 0.0301926 0.0129679 
0.110585 0.0724498 0.00532065 0.573767 0.0708894 0.0267675 0.0984361 0.0247769 0.0170082 
0.0178266 0.0233159 0.00415051 0.490162 0.0164307 0.0291933 0.181219 0.0777695 0.159933 
0.047196 0.14685 0.000841741 0.39049 0.0117838 0.0205003 0.254705 0.0340568 0.0935768 
0.0442409 0.17077 0.000205094 0.616641 0.0292434 0.0120133 0.0670279 0.0489209 0.0109377 
0.0612856 0.100136 0.000313332 0.622303 0.0407176 0.00955461 0.0816562 0.072047 0.0119862 
0.165844 0.144522 0.00113012 0.418336 0.0141191 0.0743147 0.115775 0.0451138 0.0208449 
0.0944649 0.134934 0.000582233 0.261729 0.0221771 0.0072545 0.254765 0.0635152 0.160578 
0.0105402 0.0439734 0.000424428 0.750647 0.0174112 0.00907654 0.110267 0.0191771 0.0384837 
0.0148648 0.0311566 0.00012784 0.81648 0.0021413 0.00659332 0.0460552 0.0770912 0.0054897 
0.165844 0.144522 0.00113012 0.418336 0.0141191 0.0743147 0.115775 0.0451138 0.0208449 
0.0890754 0.0279062 0.000387316 0.539175 0.0658552 0.0122282 0.145996 0.0804915 0.038885 
0.000833653 0.0401315 6.88812e-06 0.675895 0.0620899 0.00162693 0.113372 0.0327068 0.0733379 
0.0141459 0.0588662 0.000851574 0.438344 0.0109229 0.00293118 0.12779 0.035577 0.310572 
0.0944053 0.119432 0.00906802 0.199641 0.0947329 0.0216607 0.135807 0.143749 0.181504 
0.0416399 0.161125 3.64355e-05 0.303292 0.00391031 0.0162787 0.177639 0.0853847 0.210694 
0.0938717 0.0221328 0.000185488 0.446293 0.0358059 0.0176682 0.18208 0.0578757 0.144087 
0.195634 0.0295313 2.70417e-07 0.404062 0.0237705 0.0439709 0.195341 0.0564408 0.0512483 
0.0336203 0.183793 0.00108004 0.236844 0.0240182 0.0207176 0.203508 0.0815301 0.214889 
0.0204841 0.219838 0.000106771 0.536762 0.00666079 0.00284954 0.0813608 0.0627181 0.0692199 
0.159134 0.0705902 0.000190937 0.40959 0.0173852 0.114708 0.100979 0.0888858 0.0385376 
0.25311 0.0399402 6.10603e-05 0.33592 0.00540947 0.044147 0.196411 0.108303 0.0166983 
0.0668976 0.285745 0.00043822 0.318083 0.0116485 0.0802379 0.139603 0.023146 0.074201 
0.0287636 0.186787 4.95684e-05 0.42709 0.0133957 0.000915007 0.203975 0.00833272 0.130691 
0.0776228 0.125953 0.00160842 0.557288 0.0204789 0.0181704 0.120672 0.0389853 0.0392213 
0.0270428 0.00809071 0.00320839 0.525466 0.024456 0.0182354 0.187563 0.0531359 0.152801 
0.06036 0.272162 6.87592e-05 0.31845 0.00831135 0.00926742 0.190291 0.0336739 0.107417 
0.0123663 0.104549 0.000404069 0.547184 0.0246082 0.00708068 0.0888205 0.034097 0.18089 
0.239587 0.0625521 0.00257892 0.26244 0.016176 0.0217494 0.242718 0.0410047 0.111194 
0.0729623 0.0387875 0.000381915 0.466273 0.0179071 0.0200665 0.15869 0.17934 0.0455924 
0.114698 0.0507243 0.0197695 0.368679 0.00261519 0.00353196 0.259386 0.11766 0.062936 
0.0324945 0.389605 0.000342473 0.446496 0.0138907 0.00393305 0.0799795 0.017534 0.0157246 
0.00504862 0.0409653 0.000126193 0.763911 0.00340831 0.00393281 0.0825093 0.0229419 0.0771563 
0.0541808 0.0935394 0.000678306 0.525442 0.0395305 0.0188877 0.172938 0.0398317 0.0549718 
0.0262412 0.16244 0.000877733 0.607502 0.0260815 0.00178622 0.0430744 0.117148 0.0148498 
0.0506067 0.290208 0.0100761 0.312247 0.0238749 0.0241041 0.160233 0.0636516 0.0649991 
0.0937904 0.257813 0.000765782 0.428107 0.0131541 0.0335839 0.122153 0.0326176 0.0180152 
0.136169 0.0952912 0.00300557 0.370587 0.00593442 0.00334572 0.274708 0.0382203 0.0727391 
0.0137871 0.0570258 8.19866e-05 0.526841 0.0124629 0.00778846 0.215605 0.110225 0.0561833 
0.125966 0.00556358 0.00378733 0.285593 0.0219255 0.0638266 0.0943486 0.282553 0.116436 
0.061334 0.19851 0.0060359 0.533201 0.0226883 0.0249919 0.0871721 0.0448651 0.0212014 
0.0950042 0.139032 0.00195643 0.363961 0.012626 0.0218829 0.225948 0.0579713 0.0816172 
0.14188 0.133541 0.000213057 0.397921 0.0072922 0.156826 0.104975 0.0493274 0.00802464 
0.0375986 0.0253407 1.83683e-05 0.686846 7.60905e-06 0.0056043 0.0646697 0.00470567 0.175209 
0.0539387 0.104704 0.0024138 0.398339 0.0477442 0.0291461 0.172624 0.0619389 0.129151 
0.0306586 0.0784502 1.64631e-05 0.460934 0.0163553 0.0214525 0.167215 0.158059 0.0668582 
0.0415712 0.0778747 0.000702935 0.481182 0.0277941 0.0430439 0.18631 0.0602075 0.081314 
0.0863052 0.174762 3.11887e-06 0.53045 0.00720809 0.0340622 0.125404 0.0245094 0.0172968 
0.262595 0.0642167 0.000831943 0.308694 0.00953333 0.0366923 0.153381 0.111371 0.0526848 
0.0385447 0.0438632 0.0107069 0.658242 0.0441327 0.00563761 0.0942412 0.066451 0.0381806 
0.0529636 0.0421184 0.00112576 0.525094 0.0221385 0.016585 0.15294 0.0423735 0.144661 
0.0460541 0.0364987 0.000316405 0.541806 0.0158137 0.0108652 0.147526 0.0334242 0.167695 
0.255557 0.158503 0.00304991 0.360371 0.0207277 0.00989483 0.12899 0.0513643 0.0115418 
0.0931985 0.0808952 0.0056392 0.63815 0.0748464 0.0167804 0.0580672 0.0178303 0.0145926 
0.047225 0.140341 0.00188716 0.417104 0.0717898 0.0220894 0.216668 0.0530215 0.0298744 
0.043652 0.0698241 0.000341306 0.563553 0.00520313 0.00767952 0.213235 0.0248306 0.0716817 
0.000833653 0.0401315 6.88812e-06 0.675895 0.0620899 0.00162693 0.113372 0.0327068 0.0733379 
0.196338 0.0363647 0.00835104 0.230198 0.0258341 0.0725257 0.155529 0.208995 0.0658644 
0.131892 0.0815886 4.53256e-05 0.399519 0.0375196 0.0569657 0.183907 0.0509781 0.057585 
0.0869059 0.0672258 0.000111794 0.606826 0.0141141 0.0106115 0.119371 0.0647456 0.0300882 
0.0645324 0.0287616 0.00405755 0.295107 0.0160584 0.0148528 0.242872 0.167474 0.166284 
0.0299141 0.0364339 0.00270564 0.543628 0.0140977 0.019268 0.1591 0.069076 0.125776 
0.118063 0.0399608 0.00241133 0.357678 0.0384197 0.0146711 0.219949 0.0998169 0.10903 
0.0591811 0.100419 0.00144844 0.488546 0.013296 0.012812 0.171508 0.0609081 0.0918814 
0.175013 0.175122 0.00168176 0.435738 0.0103421 0.0149938 0.138819 0.0260664 0.0222242 
0.0694331 0.247674 0.00286806 0.366102 0.0396923 0.0125245 0.154829 0.0481679 0.0587096 
0.0407057 0.0545216 0.00302005 0.713364 0.0212961 0.00514865 0.0835679 0.0338099 0.0445659 
0.059523 0.096308 0.00721195 0.464272 0.0132255 0.0202514 0.191022 0.0738393 0.0743469 
0.228593 0.0929043 0.0491004 0.2413 0.00510655 0.112225 0.215694 0.0369159 0.0181609 
0.0425479 0.056852 6.62919e-06 0.354362 0.0163621 0.0129683 0.14786 0.0590332 0.310008 
0.0261266 0.221113 0.007801 0.396421 0.0295704 0.02076 0.137788 0.0574949 0.102924 
0.0241812 0.0413997 0.00163924 0.685915 0.0133072 0.011659 0.119988 0.0527889 0.0491209 
0.047225 0.140341 0.00188716 0.417104 0.0717898 0.0220894 0.216668 0.0530215 0.0298744 
0.14007 0.0329855 0.0162559 0.546123 0.00671023 0.00969017 0.142533 0.0877773 0.0178549 
0.0733641 0.14755 9.69774e-05 0.535772 0.0369711 0.0109653 0.129446 0.0440322 0.0218014 
0.0263413 0.0875798 0.00275146 0.633269 0.0133805 0.00888581 0.111173 0.0268954 0.0897237 
0.0585479 0.237641 0.00279434 0.275237 0.0150913 0.0820931 0.189955 0.0582876 0.0803527 
0.222962 0.0247836 0.00319208 0.223264 0.0138616 0.0590375 0.20198 0.17393 0.0769897 
0.0190481 0.247458 0.000189821 0.344181 0.0372766 0.00551436 0.223943 0.0367848 0.0856043 
0.0696997 0.154981 0.00479484 0.356329 0.0188319 0.0494655 0.188802 0.0481128 0.108983 
0.0700113 0.100926 5.99364e-05 0.656871 0.0112542 0.00751018 0.0713093 0.0600047 0.0220531 
0.0649995 0.0798386 3.04709e-05 0.426184 0.023554 0.0482392 0.186917 0.0776583 0.0925798 
0.0209446 0.153044 0.0010905 0.595632 0.0394744 0.00885065 0.0623177 0.0429144 0.0757311 
0.0401384 0.0747103 0.00386185 0.43935 0.0180635 0.0266834 0.112066 0.0753876 0.209739 
0.0269448 0.0401142 0.0644146 0.347857 0.00101704 0.0374486 0.117651 0.0904684 0.274085 
0.0542968 0.113878 0.00206861 0.429901 0.0163804 0.0166485 0.183078 0.0530124 0.130736 
0.0724189 0.246645 0.00259842 0.388075 0.0175967 0.0317493 0.149986 0.0408944 0.0500362 
0.0835716 0.00760977 0.00273988 0.461272 0.0329261 0.00765746 0.120967 0.0648256 0.218431 
0.0585528 0.11639 0.00279681 0.420691 0.103199 0.0210067 0.181222 0.0357651 0.0603765 
0.0809845 0.0779394 0.00107354 0.548961 0.0231875 0.0175442 0.106274 0.0689602 0.0750759 
0.0674838 0.190652 0.0006544 0.318875 0.0106089 0.00264894 0.239878 0.0954426 0.0737562 
0.178551 0.0044997 0.000539777 0.197828 0.0347461 0.0245249 0.186075 0.189414 0.183821 
0.253102 0.208879 0.000488815 0.290493 0.00817343 0.00443278 0.14633 0.0511842 0.0369166 
0.0448268 0.204596 0.00186081 0.411605 0.0100009 0.0877538 0.123746 0.0488411 0.0667688 
0.00337538 0.285089 8.15865e-07 0.654116 0.00158233 0.00317142 0.0363029 0.0122929 0.00406942 
0.0603212 0.0218594 0.00277684 0.357096 0.0370367 0.033086 0.314117 0.0619823 0.111725 
0.0647646 0.0585471 0.00136163 0.614259 0.0156114 0.00371446 0.133935 0.0457061 0.0621007 
0.0575465 0.0456945 0.000243495 0.421479 0.0308584 0.0114726 0.170854 0.131215 0.130636 
0.0600127 0.051898 7.34568e-05 0.767226 0.00181042 0.0277685 0.0106594 0.06903 0.0115214 
0.0163174 0.0105031 0.000193362 0.754565 0.0783841 0.0219836 0.0581312 0.0493961 0.0105264 
0.112422 0.0333412 2.4607e-05 0.409764 0.00629775 0.0329173 0.102303 0.180703 0.122227 
0.0419367 0.0130078 0.00223959 0.661823 0.0245504 0.00749877 0.113015 0.0803341 0.0555944 
0.0373539 0.0490486 0.00014591 0.683287 0.0189945 0.0143905 0.0778028 0.0162923 0.102684 
0.126568 0.0669107 8.48003e-05 0.333543 0.00728048 0.0476129 0.274901 0.100119 0.0429801 
0.0381659 0.0428836 0.00917163 0.670434 0.0411345 0.00556004 0.0909675 0.0653395 0.0363439 
0.0541114 0.125382 0.000345526 0.42651 0.00381968 0.0129886 0.111878 0.0583497 0.206614 
0.115098 0.204994 0.021691 0.445879 0.0391246 0.0118197 0.07707 0.060546 0.023778 
0.0740472 0.103912 0.0104249 0.320014 0.0182998 0.0143736 0.18553 0.123079 0.15032 
0.107058 0.0455495 0.000470094 0.367174 0.0169256 0.0119483 0.360954 0.0431184 0.0468021 
0.0511332 0.117681 0.000984966 0.43011 0.0722388 0.0142961 0.188426 0.0559052 0.0692239 
0.0323413 0.300862 5.66318e-05 0.410985 0.0282614 0.00883912 0.145888 0.0423659 0.0304005 
0.0544416 0.296786 0.00339454 0.350684 0.0152499 0.0158033 0.152894 0.0440536 0.0666935 
0.124181 0.0997671 0.00233687 0.535478 0.0165603 0.0195935 0.0517796 0.0337459 0.116558 
0.0402807 0.0797799 0.0333284 0.449101 0.0331653 0.0255947 0.117788 0.0967304 0.124232 
0.0416704 0.0818578 0.000372936 0.492513 0.0164105 0.0103115 0.20732 0.0546837 0.0948598 
0.0931985 0.0808952 0.0056392 0.63815 0.0748464 0.0167804 0.0580672 0.0178303 0.0145926 
0.0103072 0.042309 0.000376158 0.793738 0.00567908 0.00601031 0.0913225 0.022589 0.0276687 
0.104418 0.0332363 0.0023263 0.342474 0.00484465 0.00971904 0.236697 0.233739 0.0325457 
0.102236 0.066343 0.00027487 0.684994 0.00514652 0.0152421 0.0695863 0.0249398 0.0312374 
0.071141 0.00934934 0.00412499 0.555924 0.00158224 0.00625842 0.143812 0.189231 0.0185775 
0.188504 0.0461294 0.00222885 0.448346 0.041282 0.0121019 0.19054 0.0314598 0.0394081 
0.0705264 0.0460583 0.000810233 0.236642 0.0324293 0.0108898 0.187008 0.216397 0.199238 
0.0380447 0.0475806 1.40266e-08 0.3781 0.0306639 0.010454 0.138611 0.0207487 0.335797 
0.139682 0.0702211 0.00329041 0.347635 0.0132128 0.0612966 0.180353 0.13519 0.0491193 
0.0447233 0.0648688 0.00174223 0.54519 0.0239292 0.0107016 0.148609 0.062072 0.0981641 
0.0513559 0.0788279 5.33182e-05 0.315778 0.0707208 0.0253804 0.210422 0.0198622 0.227599 
0.0362767 0.0338843 0.00364235 0.416413 0.0149794 0.0322186 0.227156 0.0983104 0.13712 
0.0901354 0.240731 0.00355152 0.371884 0.0370274 0.0149772 0.146904 0.0470775 0.0477126 
0.0311801 0.25178 2.30236e-06 0.476538 0.0103355 0.0526955 0.14967 0.0235079 0.00429042 
0.0733641 0.14755 9.69774e-05 0.535772 0.0369711 0.0109653 0.129446 0.0440322 0.0218014 
0.090039 0.342738 0.000516028 0.376487 0.0770583 0.00219557 0.0932697 0.0135372 0.00415905 
0.0702215 0.164794 0.00203837 0.401867 0.0300366 0.0176573 0.168583 0.0533707 0.0914321 
0.000833653 0.0401315 6.88812e-06 0.675895 0.0620899 0.00162693 0.113372 0.0327068 0.0733379 
0.0887715 0.110144 0.0015671 0.491603 0.0190066 0.0120761 0.149914 0.0598271 0.0670902 
0.155197 0.0591791 0.000842567 0.399202 0.00816383 0.10425 0.139065 0.087407 0.0466932 
0.11388 0.121135 1.3965e-05 0.384654 0.00116459 0.0165842 0.296876 0.0418739 0.0238175 
0.0776655 0.0150461 9.20227e-05 0.267105 0.131933 0.00413971 0.133134 0.222487 0.148399 
0.0366685 0.14283 0.000508787 0.465263 0.026262 0.00804449 0.145762 0.0445533 0.130108 
0.0306609 0.235928 0.00157778 0.278406 0.01911 0.0150149 0.202507 0.0333326 0.183463 
0.0408587 0.0545291 8.79478e-05 0.461821 0.0122574 0.0697202 0.247745 0.0611868 0.0517933 
0.0124333 0.0319408 0.000656397 0.529666 0.0214355 0.00445784 0.272794 0.0255315 0.101084 
0.195634 0.0295313 2.70417e-07 0.404062 0.0237705 0.0439709 0.195341 0.0564408 0.0512483 
0.0418182 0.181725 6.29019e-05 0.270351 0.156488 0.00957746 0.139932 0.0864477 0.113599 
0.0531429 0.239165 0.00429268 0.267464 0.0204566 0.0220664 0.213435 0.068989 0.110989 
0.0655968 0.0472858 0.00703378 0.301524 0.014406 0.0413263 0.174321 0.110361 0.238145 
0.24841 0.0194251 0.000544975 0.28162 0.00781788 0.0117545 0.280398 0.0813198 0.0687097 
0.0460706 0.0466813 0.00668084 0.58435 0.0051458 0.00500354 0.0705773 0.0641285 0.171362 
0.00682689 0.043702 9.42982e-06 0.658512 0.0618813 0.00458563 0.13414 0.0337282 0.0566148 
0.0103072 0.042309 0.000376158 0.793738 0.00567908 0.00601031 0.0913225 0.022589 0.0276687 
0.0283246 0.358425 0.000759617 0.376349 0.0125709 0.0315014 0.0790896 0.0460524 0.0669271 
0.00682689 0.043702 9.42982e-06 0.658512 0.0618813 0.00458563 0.13414 0.0337282 0.0566148 
0.0403774 0.243361 0.00556932 0.56118 0.027974 0.00690621 0.0662868 0.036011 0.0123345 
0.0728456 0.107666 0.00194565 0.545605 0.0230143 0.0239211 0.135865 0.0455109 0.0436269 
0.0773114 0.133189 3.56682e-05 0.418271 0.0252167 0.0234721 0.21997 0.035058 0.0674769 
0.090872 0.0430909 0.000828377 0.653775 0.0318754 0.0271229 0.101653 0.0326316 0.0181504 
0.0434235 0.0841213 0.000338589 0.248699 0.0924523 0.00579123 0.247755 0.0462759 0.231143 
0.0857415 0.214332 2.7046e-05 0.403201 0.0316543 0.0695516 0.128418 0.0272182 0.0398561 
0.0330912 0.09615 0.000401136 0.661996 0.00460058 0.0225615 0.132014 0.0227652 0.0264203 
0.0424663 0.0124335 0.00133214 0.531724 0.0166445 0.0139107 0.246226 0.0893349 0.0459275 
0.0539739 0.0907524 0.000323355 0.380657 0.0331454 0.0119671 0.233363 0.0728097 0.123008 
0.0488416 0.0288496 0.00778405 0.348307 0.0072366 0.0145415 0.182579 0.31661 0.0452514 
0.0780257 0.106803 5.61096e-05 0.629865 0.0116582 0.00739934 0.074905 0.0665752 0.0247127 
0.0473827 0.0119174 0.0168178 0.303994 0.0124128 0.0210946 0.254626 0.106817 0.224937 
0.0773179 0.110945 0.0034751 0.374337 0.0226969 0.0267756 0.210118 0.0723113 0.102023 
0.0547891 0.0652781 0.000136299 0.307209 0.0140585 0.111075 0.301668 0.0666641 0.0791212 
0.0495244 0.0955445 0.000295018 0.373181 0.0206178 0.0372449 0.193319 0.134702 0.0955717 
0.0540262 0.221766 8.72773e-07 0.418559 0.0333946 0.00419456 0.226064 0.00678508 0.0352099 
0.105327 0.0911647 0.00953149 0.284451 0.0197134 0.0378299 0.230566 0.0937632 0.127653 
0.0163174 0.0105031 0.000193362 0.754565 0.0783841 0.0219836 0.0581312 0.0493961 0.0105264 
0.0617199 0.0413738 0.000477714 0.525285 0.0299954 0.0098623 0.1881 0.0350645 0.108121 
0.0453169 0.00883854 9.85892e-06 0.534818 0.00357648 0.00692359 0.208374 0.140878 0.0512646 
0.208639 0.0803449 0.000166586 0.484032 0.0132071 0.0797515 0.0980436 0.0257348 0.0100801 
0.227984 0.0302972 0.000414593 0.294412 0.0244656 0.0109416 0.159488 0.0842907 0.167707 
0.0166711 0.133294 4.38172e-06 0.493968 0.00283334 0.00876949 0.100809 0.00660353 0.237047 
0.0341038 0.0517521 0.00512861 0.492307 0.0228857 0.0181902 0.202484 0.077466 0.0956825 
0.0681568 0.034098 0.00178814 0.587119 0.00732511 0.00765307 0.147737 0.106055 0.040068 
0.174505 0.0160409 1.89319e-05 0.2779 0.00541549 0.0291376 0.260671 0.0707067 0.165605 
0.0895231 0.0833782 0.000238655 0.575751 0.00354121 0.00675023 0.182112 0.0346754 0.0240311 
0.0383956 0.0417583 0.00399149 0.25364 0.0400471 0.0410579 0.234007 0.139956 0.207146 
0.15173 0.0864289 4.70318e-05 0.358614 0.0520768 0.0849386 0.205926 0.0438821 0.0163562 
0.225085 0.0624094 4.36419e-05 0.482767 0.0103706 0.0259018 0.14455 0.0137302 0.035143 
0.0673567 0.0767394 0.0061944 0.518537 0.0359296 0.00998814 0.118754 0.0461858 0.120314 
0.0572854 0.0420007 0.0921883 0.451413 0.0272404 0.0256989 0.116758 0.137156 0.0502589 
0.109065 0.256698 0.00437164 0.277094 0.109234 0.019026 0.113441 0.08805 0.0230202 
0.0704903 0.0240912 7.70466e-05 0.464325 0.000384152 0.0323088 0.302069 0.0302099 0.0760452 
0.00515332 0.032385 5.75996e-05 0.368153 0.0331306 0.00226517 0.279978 0.0575439 0.221333 
0.0425228 0.0074228 0.000552152 0.496858 0.0106475 0.00999728 0.20692 0.0472704 0.177809 
0.0852279 0.0707267 0.000271632 0.470612 0.0103977 0.0122681 0.167868 0.0789571 0.10367 
8.75114e-07 0.167144 8.7505e-07 0.591582 0.0470796 8.75066e-07 0.0421824 8.75118e-07 0.152008 
0.0148648 0.0311566 0.00012784 0.81648 0.0021413 0.00659332 0.0460552 0.0770912 0.0054897 
0.0123663 0.104549 0.000404069 0.547184 0.0246082 0.00708068 0.0888205 0.034097 0.18089 
0.124717 0.0460026 6.91206e-05 0.557243 0.009773 0.020639 0.141204 0.0560391 0.0443126 
0.126699 0.0247039 4.17956e-05 0.358266 0.0127475 0.0384531 0.0998562 0.182638 0.156594 
0.0654085 0.137943 0.000497756 0.309982 0.0065321 0.0159482 0.288186 0.146738 0.0287641 
0.164944 0.0694831 0.0085212 0.553812 0.0505423 0.01266 0.0731464 0.0182546 0.0486366 
0.066961 0.0467387 0.000435516 0.487634 0.0249277 0.00519201 0.124153 0.0865633 0.157395 
0.00526595 0.157436 0.000615676 0.76217 0.000879878 0.00812438 0.0549444 0.00736184 0.00320209 
0.187386 0.0498787 0.0116016 0.344949 0.0701227 0.0126082 0.156035 0.105848 0.0615717 
0.0256579 0.112911 0.000102383 0.611813 0.0199396 0.0213773 0.137312 0.0494433 0.0214442 
0.0378318 0.195963 6.33048e-05 0.653196 0.0240938 0.00528134 0.0571261 0.0108962 0.0155481 
0.0703762 0.0961918 1.99887e-05 0.634965 0.039303 0.0112914 0.0786239 0.0608044 0.00842396 
0.223984 0.0154163 1.05723e-05 0.42294 0.000121583 0.0059126 0.251414 0.0759268 0.0042742 
0.0560136 0.115467 0.00177869 0.360793 0.0540162 0.0376979 0.165486 0.0875291 0.121219 
0.0601534 0.0812265 5.28836e-05 0.268473 0.118468 0.00682677 0.188351 0.0472459 0.229203 
0.0702405 0.0923869 0.00028952 0.62961 0.0346464 0.0158305 0.0644885 0.0749759 0.0175315 
0.0463995 0.0294687 0.05349 0.648503 0.00485723 0.00800341 0.11656 0.0715385 0.0211796 
0.0287017 0.0799361 1.51026e-05 0.47322 0.0155454 0.0201144 0.163617 0.1527 0.0661502 
0.061334 0.19851 0.0060359 0.533201 0.0226883 0.0249919 0.0871721 0.0448651 0.0212014 
0.074802 0.238766 0.00399776 0.368005 0.0108186 0.0169755 0.18837 0.0476446 0.050621 
0.100061 0.0140848 0.000641524 0.256999 0.0626528 0.0268997 0.254728 0.0624495 0.221484 
0.0899293 0.0351335 3.01809e-05 0.360021 0.0293499 0.0142942 0.187106 0.0392288 0.244908 
0.051604 0.0574995 0.000383999 0.510354 0.114687 0.00924392 0.0720931 0.0563845 0.127751 
0.0187293 0.228128 0.000514396 0.612585 0.007087 0.0172559 0.0733148 0.0333631 0.00902284 
0.0981374 0.0317213 0.00303202 0.345712 0.0153167 0.0168503 0.153758 0.157854 0.177619 
0.087938 0.0509525 0.00175224 0.443807 0.0162527 0.0340561 0.244148 0.0662866 0.0548068 
0.0344139 0.0280799 0.00049977 0.561824 0.0139594 0.0106132 0.248774 0.053057 0.0487789 
0.000777829 0.269345 5.16783e-09 0.682559 0.00506845 2.93274e-05 0.0252324 0.00319826 0.0137892 
0.0473842 0.0546804 0.00310968 0.43061 0.0225818 0.0497073 0.161789 0.13385 0.0962888 
0.0726812 0.128281 0.00249672 0.319238 0.031266 0.0544662 0.221658 0.084849 0.0850649 
0.100894 0.0693306 0.00185411 0.347235 0.0148494 0.0505569 0.234558 0.0717028 0.109019 
0.0727379 0.13801 0.00160185 0.595273 0.0174366 0.0352341 0.0837352 0.0341973 0.0217731 
0.106571 0.0711477 0.00382258 0.322608 0.0122008 0.0199558 0.212832 0.0305003 0.220362 
0.15385 0.139117 0.00500716 0.373426 0.053813 0.0273426 0.196958 0.0265038 0.0239834 
0.0208326 0.020698 2.60602e-05 0.644672 0.00239511 0.00529415 0.171286 0.0109111 0.123885 
0.125576 0.0353157 0.000764088 0.483798 0.0102986 0.00932954 0.220091 0.0423417 0.0724849 
0.212081 0.176227 2.70419e-05 0.263435 0.00206908 0.00827161 0.257617 0.044727 0.0355454 
0.0437114 0.0882281 0.00274183 0.441364 0.121466 0.0206487 0.198257 0.0576737 0.0259091 
0.10907 0.026229 0.00366482 0.499526 0.000103702 0.006809 0.21892 0.118874 0.0168038 
0.0177406 0.0134532 0.00320371 0.696609 0.0143043 0.0111186 0.0889125 0.0533987 0.10126 
0.0345817 0.0790337 0.00480964 0.550141 0.0209868 0.0412514 0.118952 0.0613616 0.0888823 
0.0412742 0.155274 5.43976e-05 0.640125 0.0367919 0.00931282 0.0745483 0.025496 0.0171231 
0.0150798 0.042512 0.000373276 0.780636 0.00663663 0.00742891 0.0985219 0.0231381 0.0256739 
0.0460541 0.0364987 0.000316405 0.541806 0.0158137 0.0108652 0.147526 0.0334242 0.167695 
0.162719 0.100868 0.0158245 0.341941 0.0402367 0.0968668 0.106702 0.0711102 0.0637315 
0.104348 0.203527 3.40523e-05 0.412333 0.015292 0.0103915 0.191718 0.0217187 0.0406381 
0.0845526 0.220052 4.56645e-05 0.487188 0.0038324 0.0268101 0.115615 0.033489 0.0284146 
0.0382426 0.174753 0.0123721 0.298452 0.0133534 0.0130873 0.233302 0.0841697 0.132267 
0.000833653 0.0401315 6.88812e-06 0.675895 0.0620899 0.00162693 0.113372 0.0327068 0.0733379 
0.0568836 0.253731 0.00482149 0.456071 0.021335 0.0324849 0.112551 0.0343249 0.0277969 
0.0886033 0.0323145 0.00822852 0.36247 0.0241493 0.060442 0.197669 0.107405 0.118719 
0.0637497 0.0348009 0.000305156 0.340432 0.0145803 0.0176064 0.183134 0.318384 0.0270063 
0.0335838 0.0217889 0.00037262 0.560223 0.0157545 0.0237287 0.132867 0.0925249 0.119156 
0.0159556 0.310555 0.000937532 0.481722 0.0168436 0.0200873 0.101986 0.0280832 0.0238294 
0.133487 0.11369 2.90866e-05 0.246539 0.0100159 0.0432595 0.203316 0.0714 0.178264 
0.0955186 0.0357424 0.000736988 0.505405 0.0069509 0.0144159 0.180962 0.129886 0.030382 
0.085426 0.0813704 0.00255474 0.354016 0.00854825 0.0112162 0.224712 0.0674063 0.16475 
0.0125308 0.145891 0.000498224 0.388051 0.0249825 0.0175418 0.0738896 0.0408141 0.295801 
0.0772484 0.0778734 0.00142005 0.411774 0.0255273 0.0196785 0.232562 0.0641371 0.08978 
0.20334 0.0206814 0.000713577 0.403062 0.0190227 0.0213653 0.231789 0.0673144 0.032711 
0.124674 0.092404 0.000903528 0.571533 0.0466469 0.0176998 0.0701487 0.0248027 0.0511876 
0.0565825 0.126554 0.00326381 0.36696 0.0397275 0.0181719 0.190933 0.0553791 0.142429 
0.0287133 0.0370525 9.73913e-05 0.358016 0.0372991 0.0137526 0.196824 0.146754 0.181492 
0.000833653 0.0401315 6.88812e-06 0.675895 0.0620899 0.00162693 0.113372 0.0327068 0.0733379 
0.024679 0.203979 0.000275673 0.260899 0.0403485 0.0158501 0.22989 0.0599818 0.164096 
0.0846619 0.0332103 0.000568836 0.25425 0.15221 0.0130854 0.134111 0.169172 0.158731 
0.0458661 0.136668 0.00516772 0.492463 0.0264911 0.0171729 0.147358 0.039642 0.0891709 
0.167475 0.0794133 0.000508052 0.516414 0.00277055 0.0217704 0.122795 0.049974 0.0388791 
0.0791886 0.0451469 0.000332915 0.437794 0.00826268 0.0899621 0.202101 0.105522 0.0316899 
0.0494575 0.0397794 0.00156615 0.328917 0.0143208 0.00820646 0.255081 0.132407 0.170265 
0.0350419 0.104969 0.00240969 0.416253 0.0149823 0.0171299 0.235134 0.0511011 0.122979 
0.0268306 0.00803839 1.9714e-06 0.895996 0.00172682 0.00957492 0.0248488 0.0250273 0.00795557 
0.0540262 0.221766 8.72773e-07 0.418559 0.0333946 0.00419456 0.226064 0.00678508 0.0352099 
0.0423598 0.0153047 2.09836e-05 0.58668 0.0151015 0.0109815 0.184365 0.0808962 0.0642904 
0.0259719 0.402525 1.15648e-06 0.450432 0.0203329 0.00380758 0.0417975 0.0466088 0.00852311 
0.164847 0.0443585 0.000184502 0.332729 0.0310562 0.0117517 0.180159 0.0513475 0.183567 
0.0287017 0.0799361 1.51026e-05 0.47322 0.0155454 0.0201144 0.163617 0.1527 0.0661502 
0.164635 0.00308541 0.000544967 0.371785 0.00734773 0.00884978 0.130339 0.237283 0.0761302 
0.0931985 0.0808952 0.0056392 0.63815 0.0748464 0.0167804 0.0580672 0.0178303 0.0145926 
0.0699042 0.124527 0.000186916 0.25463 0.021666 0.00572684 0.237893 0.0546617 0.230804 
0.0633702 0.123015 0.00375737 0.457061 0.0335073 0.0136408 0.16332 0.049735 0.0925935 
0.0234614 0.0270378 0.000323095 0.691058 0.0139288 0.0114239 0.122671 0.0264146 0.0836816 
0.0385447 0.0438632 0.0107069 0.658242 0.0441327 0.00563761 0.0942412 0.066451 0.0381806 
0.0190599 0.0859591 0.000254444 0.590152 0.0122321 0.00710483 0.179578 0.0560452 0.0496151 
0.133639 0.0117172 3.90197e-05 0.733742 2.5942e-05 0.0376166 0.0349233 0.0468391 0.00145805 
0.0723362 0.13226 1.64475e-05 0.559671 0.0418802 0.0102572 0.12296 0.0431378 0.0174809 
0.114631 0.0379947 0.0329542 0.25315 0.192656 0.0586203 0.0570239 0.247339 0.00563085 
0.139631 0.0475188 0.000391956 0.27944 0.0188109 0.0408978 0.25799 0.158564 0.0567561 
0.0486355 0.246974 0.00385251 0.304253 0.0231356 0.0225689 0.18326 0.0591011 0.10822 
0.0412336 0.0651368 0.000389949 0.669597 0.00332191 0.00547711 0.101597 0.018059 0.0951882 
0.147258 0.13381 5.37036e-05 0.318749 0.0442678 0.0101543 0.187741 0.0218658 0.136101 
0.0529719 0.0432527 7.366e-05 0.378147 0.0101481 0.0141952 0.251075 0.0469263 0.20321 
0.0323957 0.0408591 1.45849e-05 0.807809 0.0095704 0.00866594 0.0730766 0.0187066 0.00890177 
0.0201721 0.0580117 0.00934406 0.508933 0.00369074 0.00193814 0.0698184 0.057186 0.270906 
0.0408587 0.0545291 8.79478e-05 0.461821 0.0122574 0.0697202 0.247745 0.0611868 0.0517933 
0.0630796 0.362541 0.00433929 0.410685 0.00137852 0.00227508 0.122856 0.0116002 0.021246 
0.139903 0.166841 0.000388147 0.384713 0.00468463 0.0742088 0.161172 0.0376301 0.0304596 
0.00166171 0.298775 9.03956e-06 0.318274 0.0271711 0.00277055 0.126442 0.11115 0.113747 
0.0712686 0.22816 0.000613839 0.479601 0.0126441 0.0254934 0.0893804 0.0347956 0.0580425 
0.049678 0.132571 2.65071e-05 0.33413 0.0116272 0.00504592 0.264618 0.0803009 0.122003 
0.0495798 0.0284836 0.000910012 0.696836 0.00170316 0.00827241 0.127185 0.0668419 0.0201886 
0.0125722 0.0514943 0.00184219 0.763682 0.00773273 0.00695051 0.100459 0.0258186 0.0294481 
0.0438497 0.0404732 0.000986942 0.338851 0.0504154 0.0344485 0.268752 0.155523 0.0667009 
0.0544961 0.0888424 0.000426834 0.278119 0.0100771 0.0293982 0.273515 0.0475339 0.217592 
0.0650199 0.217978 0.000949693 0.576406 0.0196135 0.00719254 0.0628455 0.0359356 0.0140599 
0.0733641 0.14755 9.69774e-05 0.535772 0.0369711 0.0109653 0.129446 0.0440322 0.0218014 
0.092074 0.28124 0.00119213 0.500582 0.00480103 0.0232248 0.060807 0.0305562 0.00552298 
0.143118 0.088682 0.00455112 0.378186 0.0220438 0.0460234 0.24236 0.0429053 0.0321313 
0.0835316 0.0826152 0.0199166 0.591196 0.0367035 0.0103268 0.122468 0.025852 0.0273904 
0.136381 0.0355179 0.00474395 0.328103 0.056619 0.0178243 0.209266 0.18476 0.0267841 
0.0762338 0.125733 0.00224118 0.479363 0.0183577 0.0185479 0.171603 0.0632955 0.044626 
0.0639169 0.0485425 0.000413616 0.367253 0.0278091 0.0241477 0.347038 0.0778456 0.0430336 
0.0855393 0.0427552 0.00641173 0.349438 0.0312595 0.0370022 0.205735 0.0671604 0.174699 
0.0610561 0.243299 0.000879305 0.366309 0.0255538 0.0122108 0.148532 0.05339 0.088769 
0.0879921 0.217874 0.00295338 0.457591 0.0332665 0.0110943 0.0823124 0.0762595 0.030657 
0.0621258 0.136038 0.0022562 0.570787 0.0566 0.01289 0.0974292 0.0431772 0.0186965 
0.124568 0.06846 0.00170484 0.308622 0.0129527 0.16754 0.174937 0.101341 0.039874 
0.0778968 0.0154598 0.00153278 0.489398 0.0197304 0.0168855 0.164142 0.154608 0.0603475 
0.160847 0.0153398 0.00133761 0.450823 0.0258337 0.00629468 0.221673 0.0585277 0.059323 
0.0469054 0.19962 0.00495842 0.375715 0.0190608 0.0177399 0.156126 0.0566752 0.123199 
0.0822429 0.0357446 0.00225784 0.357833 0.0486622 0.0200016 0.121108 0.2392 0.0929499 
0.192469 0.241162 0.000148788 0.413079 0.00845078 0.00580849 0.100722 0.0216655 0.0164939 
0.129254 0.0125312 3.50002e-05 0.317416 0.0255429 0.0077511 0.283651 0.197852 0.0259678 
0.0373765 0.0208778 0.000797458 0.447272 0.0268328 0.0174311 0.269567 0.0543344 0.125511 
0.0825891 0.0493939 0.000881655 0.322105 0.0340052 0.0158695 0.136654 0.103524 0.254978 
0.0548078 0.0875086 0.00227834 0.275076 0.0322871 0.0118943 0.251583 0.0549232 0.229642 
