0.237782 0.0317764 0.00243316 0.112885 0.020338 0.165079 0.257607 0.158013 0.0140864 
0.0541242 0.0396947 0.00326573 0.0513683 0.0317804 0.0303983 0.576127 0.102683 0.110559 
0.0533761 0.018938 0.00360985 0.0629546 0.0938005 0.0160855 0.512989 0.137633 0.100613 
0.318337 0.0590403 0.0165418 0.103875 0.0289084 0.0735977 0.323511 0.054268 0.021921 
0.190972 0.0299622 0.0334608 0.0368235 0.0681523 0.0270673 0.332162 0.19629 0.0851102 
0.369869 0.0410099 2.89271e-05 0.071104 0.0144491 0.0307677 0.382601 0.0365067 0.0536638 
0.116126 0.013007 0.000400686 0.0808422 0.0222973 0.0305551 0.33283 0.0861754 0.317766 
0.183611 0.0474446 0.086994 0.135772 0.0354321 0.0263675 0.301887 0.0710779 0.111413 
0.0657586 0.0351337 0.00528004 0.0592695 0.030771 0.0179361 0.385244 0.237483 0.163125 
0.0708544 0.058481 0.00551773 0.0731756 0.0213796 0.036859 0.446552 0.195692 0.0914882 
0.053873 0.0207155 0.0244373 0.0488631 0.10181 0.0356951 0.422118 0.233836 0.0586511 
0.0844464 0.032643 0.00307546 0.037406 0.0579179 0.00819632 0.415293 0.0305437 0.330478 
0.110791 0.0264023 0.00430908 0.0828097 0.0118779 0.0222218 0.563884 0.132198 0.0455062 
0.268805 0.0239266 0.00292023 0.109961 0.0475066 0.0277521 0.289086 0.194265 0.0357783 
0.0315965 0.0100704 0.0103569 0.0499439 0.0250218 0.0378881 0.39883 0.297957 0.138335 
0.220823 0.0264096 0.000295022 0.0703295 0.0151565 0.00842812 0.49458 0.129371 0.0346084 
0.195408 0.234827 0.00241743 0.0550093 0.028092 0.0364804 0.274624 0.140031 0.0331108 
0.0386256 0.0448705 0.00362909 0.0494957 0.00787994 0.0121547 0.468263 0.270886 0.104195 
0.128276 0.0339716 5.39278e-05 0.0791602 0.000532951 0.00628985 0.615646 0.104559 0.0315102 
0.0437134 0.0153041 6.28931e-05 0.176801 0.00671202 0.0162375 0.457113 0.0666397 0.217416 
0.025086 0.00932556 0.0119792 0.02734 0.0749232 0.153532 0.367889 0.210872 0.119053 
0.330451 0.0309487 0.000148324 0.0613589 0.00753873 0.0173912 0.487811 0.0461888 0.0181633 
0.124361 0.0461854 0.00318433 0.119945 0.0142372 0.0177581 0.357262 0.235188 0.081879 
0.0809611 0.0348201 0.0056838 0.0523446 0.0240606 0.0446658 0.411976 0.158561 0.186927 
0.176157 0.0156408 0.00393279 0.154914 0.0686062 0.0247587 0.357465 0.106376 0.09215 
0.106331 0.0302932 0.00734209 0.106469 0.0200052 0.0540539 0.334511 0.241776 0.0992182 
0.0283614 0.0283869 0.003884 0.0192072 0.0291963 0.0256902 0.495403 0.302812 0.0670592 
0.298765 0.0302994 0.00163705 0.117164 0.0171989 0.0525048 0.309253 0.067647 0.105531 
0.075659 0.0250723 0.00670532 0.0779329 0.0175511 0.0121838 0.644837 0.0346927 0.105366 
0.159598 0.0523875 0.00473632 0.146447 0.0397939 0.0582681 0.308943 0.0635279 0.166298 
0.0964279 0.0290309 0.00117538 0.0788055 0.00277637 0.0068784 0.619367 0.0469085 0.11863 
0.0355645 0.0328292 0.018247 0.0406366 0.048197 0.0433513 0.448521 0.245931 0.0867222 
0.0697985 0.0225383 0.00550223 0.0750642 0.0476052 0.0293198 0.315311 0.307384 0.127478 
0.00263962 0.0196718 0.177308 0.0281413 0.00150516 7.80461e-05 0.576085 0.0436857 0.150885 
0.155634 0.0335446 0.0014055 0.19334 0.0190345 0.0175894 0.276988 0.0643818 0.238083 
0.135619 0.017816 0.0065945 0.0224061 0.0472396 0.229974 0.462485 0.0496906 0.0281752 
0.160246 0.18556 0.000845967 0.107101 0.0803628 0.0112026 0.202021 0.106862 0.145799 
0.0752275 0.0338573 0.00319991 0.172181 0.0094141 0.0114691 0.600039 0.0535513 0.0410607 
0.238579 0.0260847 0.00634698 0.0722152 0.106821 0.0207626 0.366069 0.0754703 0.0876523 
0.0599428 0.0458619 0.0506945 0.122057 0.0670216 0.0579763 0.447769 0.0847154 0.0639609 
0.191353 0.0533275 0.0014153 0.154156 0.0140981 0.0184839 0.365237 0.083659 0.11827 
0.135294 0.0599068 0.000613056 0.185277 0.017321 0.0131475 0.333132 0.0828403 0.172469 
0.0711902 0.0387833 0.00311955 0.0472046 0.0243334 0.0231814 0.611968 0.0880917 0.0921274 
0.0826173 0.0477035 0.00151164 0.068016 0.0124346 0.0190609 0.653291 0.0686006 0.0467649 
0.176216 0.0318995 0.00220842 0.124849 0.00332402 0.00793004 0.474245 0.0260015 0.153327 
0.0668716 0.0302033 0.000299 0.148053 0.00756166 0.0102117 0.517417 0.162724 0.0566594 
0.25488 0.0714898 0.00547804 0.101774 0.0445474 0.0493853 0.321745 0.0890122 0.0616878 
0.0633366 0.0432092 0.00233445 0.195749 0.0272389 0.0968073 0.251613 0.167851 0.151862 
0.060393 0.0210661 0.00189574 0.0534911 0.0668282 0.0504797 0.475449 0.048307 0.22209 
0.150808 0.0250354 0.00587778 0.0678699 0.0530899 0.0696635 0.394055 0.0936733 0.139927 
0.0734945 0.0624163 0.00733259 0.140289 0.0197246 0.046351 0.335097 0.076111 0.239184 
0.137363 0.00933794 0.00629405 0.00496948 0.00542835 0.30965 0.389522 0.103979 0.0334567 
0.227562 0.0280529 0.00805166 0.05502 0.184095 0.0645634 0.263487 0.0762546 0.092913 
0.0280236 0.0424382 0.00473535 0.126659 0.0391958 0.0159327 0.466085 0.0941279 0.182803 
0.00612878 0.00992664 0.0005559 0.0847435 0.0565169 0.0151385 0.416083 0.0819865 0.328921 
0.0658656 0.0341993 0.0014911 0.172183 0.0287314 0.0125629 0.442151 0.158819 0.0839968 
0.08956 0.0629236 0.0269108 0.0791857 0.0446053 0.0208575 0.464064 0.148002 0.0638913 
0.0258732 0.014638 0.000657296 0.0262078 0.0156094 0.0927987 0.482746 0.226385 0.115084 
0.0411602 0.0251526 0.00535098 0.195855 0.0125629 0.0216607 0.266322 0.172944 0.258992 
0.312177 0.0261089 9.64291e-05 0.032159 0.005997 0.00970095 0.464549 0.0430522 0.10616 
0.0774222 0.0267445 0.00785478 0.0764321 0.0995579 0.0578626 0.335035 0.140125 0.178967 
0.0625979 0.013219 0.00968201 0.0783425 0.0290141 0.0269816 0.351376 0.0851597 0.343628 
0.0544524 0.035917 0.00461504 0.0425494 0.189658 0.0345388 0.404784 0.0864189 0.147066 
0.0876799 0.0281344 0.000881392 0.0990828 0.0188101 0.0963832 0.362845 0.10532 0.200863 
0.228069 0.0380846 0.00815437 0.0768682 0.0568946 0.0102706 0.320312 0.216263 0.0450838 
0.0789067 0.0419183 0.022652 0.0838497 0.0429977 0.0298493 0.498897 0.117677 0.0832524 
0.056956 0.0329751 0.00311154 0.0944718 0.0117103 0.0350551 0.636656 0.0905977 0.0384669 
0.0802166 0.0265354 0.00376928 0.106662 0.0160912 0.0242747 0.506684 0.18359 0.0521765 
0.0660908 0.0730662 0.037384 0.107721 0.00680518 0.0217556 0.431641 0.149266 0.10627 
0.0455428 0.0203946 0.00898998 0.0390904 0.0328989 0.0384838 0.442271 0.220866 0.151462 
0.152576 0.0455117 0.00222484 0.108906 0.0133916 0.0154593 0.490217 0.0795723 0.0921415 
0.0783661 0.0310903 9.30526e-05 0.0760606 0.00855769 0.0109346 0.676119 0.0781627 0.0406164 
0.156624 0.0283393 0.0129539 0.0608293 0.0468177 0.0367108 0.421375 0.172916 0.0634338 
0.0750343 0.0167244 0.00846952 0.0419416 0.0402503 0.0164057 0.517849 0.180772 0.102553 
0.0518286 0.0412681 0.00100398 0.0940527 0.0164193 0.0342458 0.4709 0.0691904 0.221091 
0.0686493 0.0252023 0.0160335 0.0459534 0.0667878 0.0788749 0.369245 0.237508 0.0917456 
0.192159 0.00761949 0.00147756 0.0492291 0.0675624 0.0388335 0.553025 0.0379571 0.0521374 
0.0565716 0.0355376 0.0424254 0.0226159 0.041872 0.0300274 0.534847 0.210575 0.0255273 
0.283263 0.0258003 0.000578006 0.0854289 0.0110369 0.0304217 0.462137 0.0676826 0.0336521 
0.0622959 0.0870888 0.00677064 0.274639 0.00378915 0.0182121 0.365867 0.0673714 0.113966 
0.0697783 0.0161866 0.00071718 0.145822 0.0106568 0.0132147 0.517211 0.0464287 0.179984 
0.0343151 0.0285899 0.0133422 0.10382 0.0504783 0.0345629 0.418712 0.184982 0.131197 
0.0404795 0.0296961 0.000240635 0.136303 0.0150701 0.0226242 0.484762 0.160572 0.110252 
0.0619107 0.0512783 0.00330883 0.14763 0.0234403 0.0151929 0.430973 0.109179 0.157088 
0.14346 0.0375356 0.00235031 0.328101 0.0105553 0.00987922 0.347277 0.0248443 0.0959966 
0.163573 0.0488357 0.00032706 0.0804993 0.035462 0.0545381 0.427733 0.113671 0.0753604 
0.155074 0.045552 0.000486859 0.142566 0.0239615 0.0263894 0.31325 0.132199 0.160522 
0.0527982 0.013139 0.0353283 0.0573224 0.0262299 0.0342136 0.634822 0.0785134 0.0676328 
0.141345 0.03707 0.00893505 0.066559 0.0655432 0.0706678 0.332028 0.222479 0.0553729 
0.184374 0.0385512 0.0141912 0.0590741 0.0785788 0.105823 0.395 0.0809836 0.0434243 
0.21045 0.0250426 0.00998555 0.0638869 0.0374375 0.109955 0.282857 0.2155 0.0448845 
0.238345 0.0370268 0.00748654 0.0552251 0.110945 0.0246384 0.35559 0.070244 0.100499 
0.325963 0.0292445 0.00086415 0.118295 0.0383301 0.025246 0.394114 0.0492388 0.0187048 
0.0647697 0.0556389 0.00417409 0.156217 0.0899777 0.0487358 0.249413 0.133358 0.197715 
0.115123 0.0813049 0.00190293 0.074717 0.0559813 0.0241862 0.530937 0.0589935 0.056855 
0.0245891 0.0681396 0.0040789 0.0264273 0.0156706 0.0311639 0.429657 0.0544675 0.345806 
0.0844464 0.032643 0.00307546 0.037406 0.0579179 0.00819632 0.415293 0.0305437 0.330478 
0.0237943 0.019035 0.00136008 0.157837 0.0153738 0.00357184 0.627902 0.0375691 0.113558 
0.0156139 0.159048 0.000617567 0.291083 0.00549394 0.026212 0.321342 0.0484528 0.132138 
0.0624176 0.0463112 0.000371254 0.110973 0.00460043 0.0205587 0.514538 0.167032 0.0731975 
0.0845698 0.00822773 8.14183e-05 0.0922476 0.00941912 0.0159587 0.591293 0.0836975 0.114506 
0.32998 0.0456635 0.00158146 0.0744179 0.0185826 0.0159649 0.406197 0.0403325 0.0672793 
0.0705287 0.269959 0.00160777 0.0542092 0.00696238 0.00559604 0.463813 0.11248 0.0148438 
0.168508 0.0226829 0.00326615 0.0528848 0.0193705 0.204632 0.397041 0.0757088 0.0559058 
0.0347227 0.0381722 0.00533634 0.0349973 0.128005 0.0263502 0.38381 0.192495 0.156111 
0.0311546 0.0153549 0.00236133 0.0616533 0.0184503 0.0208407 0.545536 0.18016 0.124489 
0.0786482 0.0442151 0.00124176 0.0893856 0.0131799 0.0322805 0.522674 0.117361 0.101014 
0.0859631 0.0610974 0.0252787 0.093493 0.0634169 0.0588645 0.423587 0.117907 0.0703921 
0.13541 0.13363 0.0077973 0.174353 0.101669 0.118144 0.22974 0.0376338 0.0616235 
0.14337 0.00851749 6.12481e-05 0.0724321 0.0136495 0.0165844 0.463428 0.153833 0.128125 
0.259789 0.044195 0.00939082 0.0901448 0.0442182 0.0871835 0.271031 0.144637 0.0494112 
0.35045 0.0273511 0.000945284 0.0772157 0.0285673 0.0355991 0.39763 0.0514572 0.0307843 
0.0534184 0.0278029 4.90882e-05 0.0732688 0.00134396 0.000830101 0.733395 0.00888925 0.101003 
0.0566715 0.0209481 0.00785381 0.0757034 0.00733123 0.0123644 0.500338 0.0483812 0.270408 
0.121447 0.0324429 1.16651e-05 0.0128912 0.00436586 0.161781 0.53181 0.0370576 0.0981929 
0.0981571 0.0372086 0.000483065 0.308547 0.0094915 0.034162 0.310043 0.085249 0.116659 
0.0881218 0.086258 0.00186812 0.135813 0.0206872 0.0195163 0.418527 0.058433 0.170776 
0.088986 0.0266081 0.0003216 0.162863 0.0158684 0.0215776 0.55883 0.0570791 0.0678663 
0.157656 0.0502203 5.15754e-05 0.157748 0.00586752 0.0148367 0.463329 0.0910722 0.0592191 
0.0330077 0.0103767 0.000647071 0.0338314 0.0113121 0.0631397 0.617738 0.133498 0.0964495 
0.0717684 0.0356316 0.00025104 0.105324 0.0265041 0.0455961 0.554553 0.0515495 0.108822 
0.083704 0.0286249 0.0108865 0.0448205 0.0398113 0.0301182 0.408532 0.261519 0.0919833 
0.123966 0.00418415 7.17982e-05 0.01826 0.00844613 0.0954226 0.480362 0.0498617 0.219425 
0.0451052 0.00843501 0.000411894 0.0463029 0.0199963 0.0118604 0.582608 0.0915931 0.193687 
0.117685 0.0335903 0.0146542 0.0951935 0.0287846 0.0858015 0.35502 0.210517 0.0587529 
0.0758057 0.019371 0.00332257 0.114268 0.0691119 0.0316103 0.429457 0.0976543 0.159399 
0.123744 0.0183432 0.00671013 0.0439959 0.0783949 0.0869203 0.482623 0.088456 0.0708133 
0.0102662 0.0462706 0.000573783 0.0469206 0.0195377 0.0117068 0.5708 0.208689 0.0852358 
0.0679201 0.0410485 0.00104716 0.199264 0.0103935 0.0199358 0.330964 0.130036 0.19939 
0.12655 0.0324758 5.37857e-05 0.0115686 0.000498843 0.018543 0.521293 0.0326145 0.256402 
0.0765722 0.0786526 0.00571914 0.0603241 0.0218749 0.0131355 0.635875 0.0434793 0.0643673 
0.156897 0.0329277 0.00854329 0.0534076 0.0403341 0.060935 0.36544 0.215717 0.0657986 
0.0825472 0.0114853 0.000106439 0.103553 0.0140627 0.0306369 0.590857 0.0879582 0.078794 
0.0120302 0.0390209 0.00027295 0.20702 0.0383588 0.00915402 0.390967 0.0671397 0.236036 
0.16143 0.0196473 0.00739483 0.0381197 0.0394277 0.255582 0.258085 0.172472 0.0478416 
0.0429963 0.0308025 0.043562 0.050253 0.202857 0.0556376 0.243176 0.196111 0.134604 
0.0770992 0.0561301 0.0070254 0.100058 0.0541407 0.0448582 0.463011 0.0515609 0.146116 
0.293155 0.0228057 1.05772e-05 0.101389 0.011063 0.00572625 0.4801 0.0424561 0.0432946 
0.0376753 0.0249351 0.000365757 0.245723 0.0116615 0.0250638 0.317672 0.180511 0.156392 
0.22838 0.0383265 0.00326296 0.109363 0.0398821 0.017704 0.309746 0.0888954 0.16444 
0.106788 0.0283402 0.0051581 0.0540684 0.0508364 0.168491 0.313285 0.153567 0.119466 
0.0678008 0.0305242 0.0031555 0.0420802 0.0194125 0.0105914 0.697144 0.0240125 0.105279 
0.0970171 0.0298278 0.000578749 0.0748294 0.0141231 0.0840398 0.513372 0.0671053 0.119107 
0.062724 0.0171048 0.0320349 0.0311413 0.324855 0.0102861 0.330301 0.0865298 0.105023 
0.0824227 0.0572067 0.00646597 0.196614 0.0342948 0.0697712 0.349673 0.125536 0.0780156 
0.142598 0.0166303 0.00121166 0.0900861 0.0303725 0.0214529 0.320551 0.0865388 0.290559 
0.0195086 0.0251782 0.00319394 0.0730679 0.00263579 0.0150657 0.447185 0.0546197 0.359545 
0.0875493 0.0272755 0.00394187 0.0640909 0.0117354 0.00859329 0.634259 0.0315849 0.13097 
0.335501 0.000722264 2.66619e-12 0.0290293 1.69792e-05 0.00487583 0.395742 0.234113 2.53934e-08 
0.0900807 0.0313951 0.00204852 0.188492 0.0289275 0.0128161 0.380847 0.166954 0.0984389 
0.0733017 0.112692 0.0036323 0.121067 0.00444085 0.0150703 0.457694 0.0947165 0.117386 
0.0673861 0.0425939 0.015211 0.0715219 0.0340562 0.0500572 0.459886 0.189773 0.0695144 
0.187939 0.0217015 0.00315133 0.0707822 0.0193772 0.0429929 0.499416 0.0923744 0.0622656 
0.0932613 0.0320482 0.00882389 0.0694201 0.0196073 0.0737812 0.407989 0.190121 0.104947 
0.0874848 0.0164457 0.00497254 0.107269 0.0337853 0.0572758 0.32141 0.0670845 0.304273 
0.0312559 0.0662701 0.0469917 0.0267569 0.0691785 0.0609074 0.341059 0.263231 0.0943493 
0.375632 0.0531204 0.000624148 0.0509761 0.0181522 0.00787408 0.457465 0.0104939 0.025662 
0.106945 0.039931 0.000371306 0.0693028 0.047926 0.00532357 0.61304 0.030857 0.0863033 
0.113617 0.0489471 0.00324554 0.178049 0.00555377 0.0592718 0.401702 0.0386004 0.151014 
0.160246 0.18556 0.000845967 0.107101 0.0803628 0.0112026 0.202021 0.106862 0.145799 
0.107212 0.0405637 0.00643743 0.126074 0.00801037 0.0128265 0.517942 0.0641814 0.116752 
0.204418 0.052982 0.000265011 0.121287 0.0149709 0.0241066 0.319582 0.0437387 0.21865 
0.129815 0.0325771 0.0103928 0.104811 0.0531295 0.0191021 0.427597 0.128691 0.0938852 
0.00824946 0.0181888 0.0279321 0.0516416 0.0473835 0.0181011 0.404975 0.307273 0.116256 
0.088986 0.0266081 0.0003216 0.162863 0.0158684 0.0215776 0.55883 0.0570791 0.0678663 
0.0515058 0.0314622 0.00285369 0.0869048 0.016305 0.0126834 0.687094 0.0525355 0.0586556 
0.19663 0.022807 0.00655655 0.0645065 0.0402723 0.0534794 0.393229 0.160137 0.0623816 
0.0998557 0.0514918 0.00355576 0.0680363 0.0453842 0.049465 0.559317 0.0903883 0.0325055 
0.160829 0.0401125 0.0134399 0.145916 0.0328978 0.057558 0.347914 0.108574 0.0927597 
0.119481 0.0149446 0.00389646 0.0417584 0.00985564 0.182701 0.315446 0.212484 0.0994335 
0.168322 0.0314267 0.00894671 0.0844516 0.0307725 0.0633302 0.34271 0.205645 0.0643948 
0.126716 0.0474093 0.00190841 0.23614 0.0119895 0.141208 0.301744 0.0788908 0.0539938 
0.103901 0.038998 0.0146299 0.138437 0.0999664 0.0511196 0.223525 0.135398 0.194026 
0.0132121 0.0386438 0.000253155 0.0833947 0.00642183 0.00788827 0.614413 0.169726 0.0660466 
0.0887309 0.0343452 0.0169895 0.104852 0.0511059 0.0428684 0.358019 0.118488 0.184602 
0.0158656 0.0283279 8.67027e-06 0.227404 0.0483496 0.00657265 0.462379 0.0302113 0.180881 
0.0376487 0.0474834 0.000586192 0.111585 0.00887598 0.00915409 0.573892 0.0880025 0.122772 
0.0566715 0.0209481 0.00785381 0.0757034 0.00733123 0.0123644 0.500338 0.0483812 0.270408 
0.0405616 0.00742462 0.00155203 0.0522244 0.034859 0.0300967 0.657621 0.0545173 0.121143 
0.0511627 0.0340005 0.000408162 0.0894451 0.0525551 0.0168455 0.416612 0.06869 0.270281 
0.0700914 0.0325978 0.00228141 0.0845973 0.0259873 0.0190583 0.617382 0.07821 0.0697944 
0.082841 0.249046 0.000600927 0.24344 0.0180158 0.0390938 0.266747 0.0651875 0.0350281 
0.0994134 0.0433649 0.0012622 0.274934 0.00525544 0.0265469 0.429312 0.103756 0.0161556 
0.0611228 0.0140676 0.00782765 0.0402034 0.0252689 0.243607 0.471453 0.0278051 0.108644 
0.215846 0.0213618 0.00391235 0.0624447 0.117398 0.0601013 0.344016 0.118866 0.0560547 
0.0522522 0.0079085 0.0144208 0.0287452 0.0316764 0.0166298 0.498647 0.25973 0.0899898 
0.0671854 0.0392211 0.00715099 0.102218 0.0507458 0.0147186 0.390721 0.0366614 0.291378 
0.119947 0.0383202 0.000111588 0.133621 0.0863367 0.0444999 0.375401 0.100683 0.10108 
0.184016 0.0198498 0.00515494 0.0334008 0.0557526 0.0731462 0.475481 0.111497 0.0417013 
0.0520283 0.0661818 0.00111672 0.248251 0.040518 0.0303701 0.378399 0.0518414 0.131294 
0.0777606 0.0294016 0.0041471 0.083597 0.0214993 0.0348991 0.378439 0.247017 0.123239 
0.135259 0.0283415 0.0611435 0.043665 0.0627943 0.0666018 0.380081 0.187888 0.0342257 
0.115692 0.0597288 0.0314514 0.0455457 0.0301637 0.121449 0.342814 0.0362533 0.216903 
0.0469701 0.0136104 0.0113675 0.0525205 0.129112 0.0279157 0.36443 0.236652 0.117422 
0.327537 0.0140014 9.55277e-05 0.113434 0.01629 0.0127581 0.329759 0.0329215 0.153204 
0.0662275 0.0377292 0.00637781 0.0318012 0.0187685 0.29164 0.302755 0.190186 0.0545151 
0.083756 0.0277355 0.0941146 0.063361 0.074205 0.048818 0.387499 0.124034 0.0964772 
0.180507 0.0273482 0.00634594 0.0785531 0.0208216 0.0555031 0.339291 0.165616 0.126014 
0.123627 0.0292321 0.00394079 0.101985 0.0133338 0.0135503 0.567513 0.0318991 0.114919 
0.0952583 0.127047 0.0738541 0.129954 0.0670517 0.0350341 0.263122 0.115402 0.0932766 
0.220125 0.0278487 0.0165125 0.0548443 0.117427 0.177269 0.256622 0.0994006 0.0299518 
0.0511851 0.0233297 0.0379313 0.0875637 0.0186239 0.0360953 0.30319 0.160329 0.281752 
0.214927 0.0334465 0.0324395 0.0813075 0.211862 0.0341298 0.246963 0.0753168 0.069609 
0.125869 0.0397711 0.00592248 0.0895398 0.0220232 0.0643822 0.527751 0.0678779 0.0568636 
0.158564 0.0219212 0.00945056 0.0478558 0.0908606 0.0402025 0.284386 0.193144 0.153615 
0.158343 0.0306509 0.000742577 0.17265 0.0138506 0.0156139 0.503454 0.0607375 0.0439584 
0.00873415 0.00695815 0.148034 0.0816429 0.00949797 0.0201966 0.348072 0.3043 0.0725634 
0.0404822 0.0433761 0.00963453 0.0533067 0.0796903 0.011373 0.28902 0.2449 0.228217 
0.157802 0.0466615 0.00130442 0.107902 0.017391 0.0342712 0.396006 0.127938 0.110724 
0.0818959 0.0245922 0.00494529 0.0547762 0.0157368 0.0294988 0.564867 0.0929948 0.130694 
0.0836825 0.019026 0.000140528 0.164922 0.0216505 0.0673643 0.415756 0.0698276 0.15763 
0.32998 0.0456635 0.00158146 0.0744179 0.0185826 0.0159649 0.406197 0.0403325 0.0672793 
0.102908 0.00510024 0.000549555 0.0785416 0.0128161 0.0824371 0.3215 0.166688 0.22946 
0.0662698 0.0348791 0.00082116 0.111022 0.0602796 0.00917398 0.325093 0.11002 0.282442 
0.110455 0.0418659 0.00885867 0.143572 0.0439643 0.0405233 0.339212 0.14519 0.126358 
0.198239 0.0276899 0.00390441 0.207517 0.030742 0.0377176 0.258372 0.168877 0.0669414 
0.135638 0.0185806 0.007897 0.0624718 0.0138171 0.0297736 0.479006 0.160005 0.0928116 
0.234735 0.0463268 0.000445646 0.0514012 0.0223809 0.00575739 0.524412 0.0288748 0.0856666 
0.134992 0.0151218 0.00523072 0.0721526 0.0215405 0.0425744 0.490003 0.122361 0.0960243 
0.11265 0.0204635 0.0341063 0.0460617 0.0326135 0.12427 0.435295 0.0731965 0.121344 
0.224247 0.0330093 0.00799255 0.0774059 0.0293552 0.0572777 0.335264 0.183122 0.0523269 
0.0432355 0.0614818 0.00143784 0.18982 0.0104023 0.0237691 0.433307 0.0487728 0.187774 
0.270403 0.0537221 0.00171175 0.104939 0.0485885 0.0151923 0.378211 0.0535989 0.0736333 
0.339923 0.0369997 0.000160265 0.119843 0.0138489 0.0181551 0.404406 0.0392187 0.0274461 
0.0401221 0.229331 1.50039e-05 0.204583 0.00348579 0.0416071 0.32099 0.051609 0.108257 
0.11531 0.0297866 0.00290103 0.0748266 0.0122776 0.0203148 0.611292 0.0614871 0.0718042 
0.131688 0.039169 0.0195012 0.058082 0.0340537 0.0676032 0.431641 0.160641 0.0576207 
0.0439871 0.0132653 0.00479759 0.046794 0.0170689 0.00639404 0.466514 0.0401243 0.361055 
0.18436 0.0548956 0.00101844 0.0836095 0.0353273 0.0296061 0.469206 0.0560476 0.0859298 
0.0322227 0.0249465 0.0230296 0.113807 0.0124752 0.00763112 0.552505 0.0674504 0.165932 
0.0371407 0.0218426 0.0171362 0.116839 0.0212792 0.0133535 0.496696 0.217963 0.0577504 
0.142856 0.0203551 0.00436132 0.0907845 0.0497452 0.0309661 0.514944 0.056562 0.0894264 
0.0521852 0.015954 0.0178279 0.133036 0.0334215 0.0262498 0.474997 0.0227144 0.223615 
0.0365909 0.0500706 0.0169329 0.137085 0.0601424 0.014916 0.287931 0.246591 0.14974 
0.0567409 0.0375827 0.000788857 0.0887633 0.00741913 0.00309017 0.495416 0.102638 0.20756 
0.16143 0.0196473 0.00739483 0.0381197 0.0394277 0.255582 0.258085 0.172472 0.0478416 
0.260601 0.0493406 0.00260757 0.0773035 0.0202018 0.16616 0.324361 0.053681 0.0457433 
0.0518056 0.0459812 0.0054418 0.216526 0.00706187 0.00907591 0.381959 0.0548495 0.227299 
0.0586557 0.188821 0.000911275 0.162117 0.105664 0.0257134 0.293908 0.0245878 0.139623 
0.185102 0.0190782 0.000975541 0.074366 0.00238086 0.0121067 0.53687 0.0691851 0.099936 
0.213276 0.0536134 0.00329391 0.103456 0.193106 0.0172299 0.285966 0.0862917 0.0437674 
0.083123 0.029965 0.0139164 0.0478971 0.0457524 0.0475858 0.514543 0.143703 0.0735143 
0.0685677 0.0130986 0.0259021 0.0332389 0.013497 0.107843 0.491989 0.153776 0.0920873 
0.23181 0.00843893 0.00329809 0.021252 0.000699193 0.0282013 0.569558 0.113987 0.0227559 
0.260938 0.0368163 0.00278783 0.101027 0.0198488 0.065473 0.338283 0.0907865 0.084039 
0.32998 0.0456635 0.00158146 0.0744179 0.0185826 0.0159649 0.406197 0.0403325 0.0672793 
0.225141 0.0548916 0.00214854 0.109161 0.0178315 0.0693687 0.28466 0.18494 0.051857 
0.345353 0.0213776 3.41561e-05 0.109737 0.00742243 0.012525 0.382492 0.0268077 0.0942516 
0.126051 0.0449313 0.00111912 0.197965 0.0318121 0.0427397 0.328364 0.0932631 0.133755 
0.0542895 0.00359376 0.125283 0.013663 0.0893919 0.0426706 0.374201 0.207529 0.0893791 
0.0678008 0.0305242 0.0031555 0.0420802 0.0194125 0.0105914 0.697144 0.0240125 0.105279 
0.204971 0.0164058 0.0108535 0.143616 0.00471944 0.05588 0.387337 0.142077 0.0341394 
0.0253457 0.0408447 0.00040218 0.0710314 0.0135967 0.0167574 0.573807 0.172119 0.0860956 
0.073532 0.0294112 0.00385689 0.166684 0.0171751 0.175181 0.324087 0.0562228 0.153851 
0.196441 0.0213476 0.0044565 0.0540659 0.12677 0.0887617 0.383925 0.0724028 0.05183 
0.12566 0.0473074 0.000375768 0.23116 0.0193598 0.0677206 0.34233 0.117055 0.0490309 
0.0139758 0.0164752 0.00094023 0.0450179 0.0233129 0.00787223 0.480027 0.0548116 0.357567 
0.0932986 0.108995 0.0473991 0.0291178 0.208958 0.0132122 0.317885 0.121888 0.0592456 
0.0324719 0.0376913 3.18426e-05 0.188518 0.00810053 0.0117205 0.322787 0.083127 0.315552 
0.0504497 0.0219236 0.00904925 0.0547485 0.0452864 0.0261412 0.365287 0.21055 0.216564 
0.0784349 0.166897 0.00138153 0.253517 0.10492 0.0256071 0.276313 0.0304436 0.0624858 
0.0424413 0.0717144 0.00306074 0.0996851 0.0198179 0.00734043 0.375363 0.0679399 0.312637 
0.138557 0.0271636 0.000985391 0.0536635 0.0243216 0.0413168 0.606791 0.0799695 0.0272316 
0.117594 0.0199404 0.002728 0.0541756 0.0212242 0.0293611 0.5078 0.176246 0.070931 
0.027476 0.0140606 0.00451395 0.046087 0.0493384 0.0275359 0.370267 0.274766 0.185955 
0.0540576 0.018212 0.00550122 0.0599549 0.0557565 0.0353589 0.284222 0.218265 0.268672 
0.0777221 0.0359028 0.0175822 0.0868268 0.0349759 0.0491928 0.354157 0.12986 0.21378 
0.210365 0.0222035 0.00302214 0.0697081 0.0191221 0.0180103 0.511815 0.0877495 0.058005 
0.117491 0.0483787 0.0810854 0.076719 0.0327418 0.0356669 0.277824 0.235489 0.0946039 
0.241874 0.00810593 0.000735047 0.048251 0.0191727 0.0111511 0.348934 0.249375 0.0724009 
0.0821062 0.0093129 0.000232411 0.0326552 0.0257325 0.0210727 0.548812 0.018181 0.261895 
0.0544814 0.0269419 0.000264915 0.0876561 0.0080698 0.00559025 0.635039 0.0608502 0.121107 
0.0546964 0.0122635 0.00028869 0.117565 0.00233303 0.00375375 0.379177 0.0704993 0.359424 
0.0229349 0.00933324 0.000777032 0.062868 0.025325 0.0109475 0.369415 0.252097 0.246302 
0.0921199 0.011698 0.0364418 0.0188499 0.138949 0.224966 0.231461 0.173712 0.0718034 
0.128762 0.021004 0.000941943 0.105741 0.0117532 0.011101 0.58226 0.118639 0.0197971 
0.068142 0.0307424 0.000304482 0.30301 0.00583248 0.013945 0.322291 0.168771 0.086962 
0.0751151 0.0447143 0.00698638 0.087182 0.0173408 0.0272768 0.543986 0.0720246 0.125374 
0.0425593 0.0303363 0.0127088 0.0740513 0.0661471 0.0458138 0.286814 0.157218 0.284352 
0.07497 0.0481802 0.0323569 0.0601225 0.0335956 0.0174652 0.284867 0.257281 0.191162 
0.130385 0.0542565 0.00731836 0.0573686 0.0372712 0.0269621 0.552619 0.0606059 0.0732125 
0.0301679 0.0162424 0.00319574 0.0412405 0.0303582 0.0120826 0.499057 0.175848 0.191808 
0.038382 0.0512647 0.000419108 0.0581394 0.0217273 0.00566017 0.652488 0.0515946 0.120324 
0.219661 0.0319506 0.0057299 0.0615844 0.0259604 0.0253313 0.486041 0.110456 0.0332851 
0.0630019 0.0479732 0.00656982 0.035188 0.0139775 0.0446291 0.530001 0.0880586 0.170601 
0.019311 0.0168179 0.017952 0.0266835 0.0768551 0.0371457 0.443821 0.310905 0.0505087 
0.0601078 0.0242257 0.00638816 0.047313 0.0285678 0.0935121 0.405058 0.067624 0.267203 
0.0224233 0.0174997 0.00688022 0.0160242 0.0167835 0.0194854 0.422785 0.349447 0.128671 
0.0609154 0.0140612 0.0234952 0.0592004 0.0892757 0.0172328 0.317102 0.241976 0.176742 
0.181456 0.0191749 0.00756104 0.0599756 0.0267684 0.0835487 0.439325 0.112974 0.0692167 
0.00523016 0.0483948 7.77197e-05 0.100831 0.00109989 0.00678837 0.63043 0.0984434 0.108705 
0.121099 0.0268552 0.00786261 0.0463862 0.0150928 0.00995485 0.479255 0.264322 0.0291717 
0.0486734 0.114598 0.000348121 0.190951 0.00498227 0.00762031 0.43887 0.0636564 0.130301 
0.405873 0.0406509 2.99165e-05 0.0590822 0.0150796 0.00688011 0.426281 0.0225894 0.0235339 
0.0821349 0.0189701 0.00151587 0.0972882 0.0195015 0.0572726 0.439113 0.0364053 0.247798 
0.0758275 0.102043 0.00220759 0.1032 0.0211585 0.020711 0.462109 0.0733148 0.139429 
0.342366 0.0411319 0.00544302 0.0435364 0.0489786 0.0158915 0.40499 0.0701088 0.0275538 
0.00933038 0.024501 0.00127552 0.141826 0.0141619 0.00749054 0.399054 0.0511723 0.351188 
0.147163 0.0226393 0.026781 0.0975289 0.0162471 0.00904805 0.579957 0.0774436 0.0231927 
0.0878546 0.0250288 0.00425 0.159362 0.00304154 0.00459398 0.438266 0.200607 0.0769968 
0.0680935 0.0315919 0.00561101 0.0744356 0.0195471 0.0196744 0.377063 0.330612 0.0733709 
0.0669566 0.0767873 0.00474654 0.0981108 0.0431587 0.0942761 0.413523 0.0917169 0.110724 
0.0984794 0.0165435 0.0291073 0.0642909 0.0166788 0.143379 0.302725 0.230368 0.0984283 
0.0325864 0.0323065 0.000602214 0.057025 0.00689722 0.0143778 0.645252 0.136556 0.0743975 
0.109086 0.0310026 0.00381998 0.0482006 0.0300999 0.0509959 0.367444 0.28009 0.0792606 
0.0201106 0.0204806 0.00924373 0.0124628 0.0248959 0.0172384 0.436009 0.295293 0.164266 
0.0451204 0.0215123 0.00450771 0.0700139 0.0168437 0.00831521 0.532143 0.0469994 0.254544 
0.0480966 0.0347879 0.00298944 0.0781961 0.00808179 0.0293166 0.532056 0.174284 0.0921915 
0.0850737 0.0413779 0.00536398 0.0636168 0.0619002 0.0752853 0.310327 0.0552945 0.301761 
0.244082 0.0260395 0.000188927 0.128605 0.0167887 0.0165796 0.438466 0.0317746 0.0974758 
0.0559614 0.0099269 0.00441543 0.0626916 0.00647698 0.0106097 0.470538 0.100407 0.278973 
0.0459878 0.0323547 0.0016304 0.108143 0.0140924 0.0231044 0.48197 0.0352636 0.257454 
0.119592 0.0508138 0.00112379 0.0987575 0.0196045 0.0141564 0.512446 0.0731613 0.110345 
0.0470055 0.0238455 0.0441135 0.123132 0.0141613 0.0972499 0.395138 0.0849022 0.170453 
0.055686 0.0382169 0.00195917 0.132285 0.0170227 0.0385517 0.39707 0.0796666 0.239543 
0.224057 0.0254304 0.00224678 0.0500909 0.0444972 0.0165873 0.458271 0.0955964 0.0832228 
0.0807234 0.0240815 0.000706117 0.0353546 0.0181811 0.031171 0.584381 0.131426 0.0939756 
0.105973 0.044869 0.00241755 0.20894 0.020004 0.0399167 0.361169 0.0655693 0.151142 
0.0764382 0.107869 0.145854 0.134213 0.0179596 0.013331 0.258426 0.15153 0.0943788 
0.0975769 0.0311207 0.0054479 0.0776221 0.0313971 0.0262413 0.480343 0.182444 0.0678071 
0.240975 0.0298843 0.00361676 0.046513 0.14718 0.0126127 0.34338 0.0688487 0.106989 
0.0119626 0.0346203 0.000831773 0.0216115 0.00325069 0.0014737 0.611582 0.263798 0.0508694 
0.048904 0.0348118 0.000490092 0.150483 0.00778881 0.250757 0.348709 0.0459438 0.112112 
0.155862 0.0234717 0.00704218 0.0589323 0.02712 0.145485 0.426739 0.0930582 0.0622896 
0.0233784 0.0885993 0.0146619 0.0500023 0.0442082 0.112322 0.403888 0.217135 0.0458051 
0.238378 0.056801 0.000543149 0.119015 0.0452194 0.0119259 0.36636 0.0496019 0.112156 
0.141421 0.0332528 0.00585539 0.0570077 0.0321067 0.0351058 0.51219 0.0952422 0.0878191 
0.0322019 0.0769772 0.0073058 0.159021 0.00598137 0.00486185 0.44134 0.0677518 0.204558 
0.0985637 0.0209816 0.0214412 0.069729 0.0371263 0.147982 0.356028 0.170671 0.0774777 
0.0581363 0.063401 0.0270464 0.0554442 0.0586461 0.0351278 0.290198 0.247677 0.164324 
0.0901964 0.0353054 0.00539938 0.050776 0.024669 0.0554003 0.452961 0.0401691 0.245123 
0.23552 0.0181753 0.0630535 0.0272103 0.0852035 0.0629695 0.307431 0.132362 0.068075 
0.303797 0.0223848 0.00385361 0.0845029 0.0438065 0.0274172 0.353384 0.0742898 0.086564 
0.0902865 0.0351257 0.00275489 0.188966 0.0114193 0.0141791 0.570825 0.0510075 0.0354364 
0.0318173 0.0689805 0.00112975 0.118574 0.0038434 0.0388018 0.539967 0.0499108 0.146975 
0.0115176 0.0147766 0.000474665 0.0463278 0.0146095 0.00297535 0.558258 0.0693095 0.281751 
0.0891683 0.0229895 0.00675295 0.0514354 0.0284224 0.0684765 0.510341 0.146229 0.076185 
0.106 0.0172153 0.00903363 0.068658 0.0394071 0.133066 0.372541 0.165071 0.0890076 
0.0669701 0.0443237 0.027926 0.0432537 0.0256393 0.0224819 0.591519 0.154877 0.0230086 
0.207768 0.021251 0.000458171 0.0554427 0.0356662 0.0413773 0.524905 0.0431134 0.0700178 
0.132201 0.0200945 0.00632397 0.252016 0.0130889 0.0613492 0.258124 0.103797 0.153005 
0.22267 0.0365161 0.000993951 0.0345014 0.0443501 0.125249 0.357829 0.0637942 0.114097 
0.117732 0.0277936 0.00858018 0.115372 0.063451 0.0279798 0.325301 0.0846806 0.22911 
0.197542 0.0500576 0.00091466 0.138206 0.0227936 0.0982022 0.42411 0.042115 0.0260589 
0.196556 0.0540634 0.00201169 0.134796 0.0237341 0.187529 0.24502 0.115798 0.0404919 
0.0314406 0.0055531 0.00882717 0.0350103 0.0593702 0.0278941 0.438669 0.143093 0.250143 
0.209953 0.0688652 0.0287651 0.0583559 0.238047 0.0259444 0.255182 0.0622996 0.0525878 
0.0928723 0.0321167 0.00460657 0.0895579 0.0212134 0.0375747 0.393101 0.239642 0.0893149 
0.0650086 0.0380873 0.0525774 0.12835 0.0512317 0.0176983 0.291925 0.211657 0.143465 
0.0693569 0.120178 3.08423e-05 0.294566 0.0217821 0.00547482 0.435276 0.00655165 0.0467833 
0.141094 0.0724319 0.00980552 0.10303 0.0624138 0.120427 0.413414 0.0451889 0.0321943 
0.217663 0.0532401 0.00187728 0.0899513 0.0548424 0.0358711 0.33957 0.116397 0.0905885 
0.0602827 0.0240862 0.0155472 0.0683476 0.0465293 0.0321969 0.440865 0.146634 0.165511 
0.17241 0.0102791 0.000299214 0.0806744 0.034706 0.040735 0.331758 0.0822806 0.246858 
0.126569 0.0482816 3.70632e-05 0.27527 0.00440281 0.0324859 0.283102 0.210726 0.0191259 
0.177074 0.00708527 0.000611432 0.05908 0.0440949 0.0332018 0.460558 0.151623 0.066672 
0.0457898 0.0354847 0.0105424 0.0576156 0.0650605 0.0448708 0.407576 0.210897 0.122163 
0.158301 0.0278206 0.00256285 0.203137 0.01661 0.0437452 0.374254 0.0719836 0.101586 
0.224532 0.026801 0.000635911 0.132992 0.0776822 0.0182744 0.267538 0.192175 0.0593682 
0.185906 0.00874429 0.000498651 0.043052 0.00868986 0.00867148 0.522083 0.0704008 0.151955 
0.097174 0.00777274 0.10085 0.0480313 0.0743928 0.028826 0.341546 0.116247 0.18516 
0.105044 0.00215141 0.00616196 0.0710556 0.0605139 0.0767624 0.532309 0.0498237 0.0961772 
0.107429 0.00962836 0.0378592 0.0257383 0.0510651 0.0545691 0.430406 0.259681 0.0236245 
0.0653864 0.0569603 0.0755748 0.151129 0.00539102 0.0121193 0.405815 0.144224 0.0834014 
0.0604664 0.0523692 0.00974637 0.0901975 0.026841 0.0408713 0.37681 0.153713 0.188986 
0.14817 0.0252475 7.09614e-05 0.166572 0.00199051 0.0284779 0.500063 0.0166074 0.112801 
0.0369768 0.0491345 0.000199343 0.110288 0.0164358 0.023272 0.578499 0.121895 0.063299 
0.221247 0.0317823 0.00744504 0.127244 0.0359912 0.0566109 0.302647 0.101889 0.115143 
0.0584867 0.0558673 0.000205933 0.0514207 0.00986142 0.0207761 0.487595 0.196151 0.119635 
0.0415854 0.0162318 0.0151642 0.0403365 0.0354372 0.0262827 0.463329 0.291385 0.0702482 
0.0429963 0.0308025 0.043562 0.050253 0.202857 0.0556376 0.243176 0.196111 0.134604 
0.0629456 0.01409 0.00901888 0.060999 0.0121103 0.0378285 0.602913 0.0421704 0.157925 
0.0289545 0.0138924 0.0063667 0.0743176 0.0203437 0.00682312 0.424531 0.0958818 0.328889 
0.0774222 0.0267445 0.00785478 0.0764321 0.0995579 0.0578626 0.335035 0.140125 0.178967 
0.0763765 0.0165798 0.0112938 0.0251784 0.0422046 0.0173593 0.368824 0.318839 0.123344 
0.0980886 0.0361551 0.00536669 0.131661 0.034117 0.0508688 0.39407 0.082078 0.167595 
0.145352 0.0388366 0.0061977 0.0839434 0.0862147 0.0449655 0.242937 0.233591 0.117962 
0.0625105 0.045462 0.018296 0.0629967 0.0521172 0.0420902 0.259957 0.250482 0.206089 
0.119755 0.0364092 0.0052621 0.0545732 0.0530444 0.0907972 0.308307 0.281717 0.0501352 
0.190909 0.0331523 0.00525742 0.0881355 0.133295 0.0238202 0.235637 0.100112 0.189682 
0.0815774 0.119787 0.000772179 0.105388 0.0697323 0.0164554 0.390502 0.070105 0.145682 
0.049222 0.0260114 0.00861978 0.116402 0.087514 0.054977 0.335949 0.27749 0.0438149 
0.246888 0.133569 0.000465242 0.166329 0.00558152 0.0770922 0.295797 0.0242273 0.0500511 
0.0466171 0.0597861 4.26673e-05 0.109319 0.00708367 0.0139776 0.667445 0.0516591 0.0440705 
0.251406 0.0561052 0.000355099 0.204065 0.0113378 0.0483124 0.308119 0.0376993 0.0826015 
0.11252 0.0482365 0.00194572 0.134392 0.00420407 0.00156225 0.661082 0.0220905 0.0139667 
0.0393536 0.0261112 0.000438801 0.141562 0.0190266 0.0095448 0.365703 0.063846 0.334414 
0.175591 0.0282185 0.00152167 0.0951393 0.0350961 0.0145838 0.425871 0.111035 0.112943 
0.101364 0.0286346 0.00554266 0.0648413 0.0366147 0.0462346 0.492464 0.16889 0.0554136 
0.0810422 0.0883737 0.0254259 0.0739409 0.0122134 0.0116367 0.547602 0.0677415 0.092024 
0.158359 0.0450518 0.0300126 0.058297 0.252744 0.0174395 0.264535 0.104171 0.0693911 
0.0443695 0.0175006 0.0132903 0.0756298 0.0231067 0.0152339 0.392971 0.359148 0.0587502 
0.0270931 0.0142886 0.00318663 0.0435816 0.0459177 0.0416586 0.410955 0.0289598 0.384359 
0.191495 0.0367759 0.0061484 0.115884 0.0997294 0.0243842 0.311315 0.123128 0.09114 
0.0324021 0.0165628 0.00290543 0.0486023 0.00891818 0.00212456 0.652712 0.0443462 0.191426 
0.0365627 0.00848445 0.0672018 0.0962069 0.0974142 0.0112549 0.267818 0.184347 0.23071 
0.195688 0.0180834 0.0160367 0.0896924 0.023777 0.0147719 0.328528 0.19019 0.123233 
0.0775231 0.0371601 0.00389279 0.16414 0.0376781 0.0323418 0.354863 0.0523903 0.24001 
0.107974 0.0426311 0.0336193 0.0352528 0.21068 0.0289108 0.394979 0.0887411 0.0572118 
0.199399 0.0138236 6.07068e-05 0.0186683 0.0120316 0.314209 0.375124 0.0535839 0.0130996 
0.0596957 0.00731359 0.19923 0.0490592 0.064266 0.00836857 0.271401 0.22137 0.119295 
0.0406428 0.0273503 0.0105679 0.0563919 0.0378343 0.0315309 0.548863 0.185215 0.0616038 
0.258931 0.0334964 0.0330995 0.102637 0.0557519 0.0176623 0.286654 0.165349 0.0464194 
0.0366697 0.0442918 0.0203418 0.100955 0.0145587 0.0444181 0.411037 0.148125 0.179603 
0.192926 0.0378649 0.00836919 0.0613224 0.0945941 0.0310666 0.387291 0.0764958 0.110071 
0.106041 0.0365564 0.000838493 0.166596 0.00321033 0.0703191 0.272921 0.156271 0.187245 
0.0287527 0.0512944 0.00376149 0.0514315 0.0148901 0.0133185 0.535516 0.141796 0.159239 
0.0652953 0.0275046 0.0016932 0.104985 0.00922013 0.00726698 0.550416 0.079554 0.154065 
0.0395814 0.0385093 0.00333756 0.0310172 0.0104466 0.00994835 0.730721 0.100781 0.0356574 
0.139787 0.0292422 0.00324327 0.0950412 0.0283805 0.0483872 0.38789 0.211653 0.0563764 
0.0817901 0.0798879 0.000801712 0.0966177 0.0181404 0.022958 0.565779 0.046174 0.0878511 
0.047515 0.0292595 0.000417386 0.0574262 0.00524971 0.00716945 0.733153 0.0152456 0.104565 
0.354985 0.0224302 0.015015 0.132778 0.0157428 0.00445128 0.365082 0.0667414 0.0227741 
0.0162967 0.0448301 0.00102921 0.0599497 0.0351448 0.00592797 0.428548 0.290013 0.11826 
0.120935 0.00834943 0.00114013 0.0392643 0.00909346 0.0671506 0.509637 0.0911788 0.153252 
0.13644 0.0726771 0.0114869 0.145859 0.0327669 0.0376579 0.279704 0.125446 0.157962 
0.0982012 0.0119406 0.00144543 0.26741 0.0476743 0.0906694 0.289634 0.13658 0.0564444 
0.0539587 0.0269461 0.000524262 0.0584289 0.00596003 0.0106312 0.626809 0.0452241 0.171518 
0.0374142 0.0522313 0.000654874 0.0826375 0.0098648 0.00928966 0.476626 0.0289773 0.302305 
0.16143 0.0196473 0.00739483 0.0381197 0.0394277 0.255582 0.258085 0.172472 0.0478416 
0.27769 0.06424 6.57373e-05 0.0628139 0.00709344 0.0269767 0.47471 0.00543346 0.0809772 
0.0588579 0.0760814 0.000428195 0.214214 0.055647 0.0287319 0.343275 0.065125 0.15764 
0.157769 0.0440995 0.00409877 0.109841 0.0209852 0.0248667 0.497385 0.0856942 0.05526 
0.0583375 0.0160815 0.00622333 0.0571989 0.0425166 0.0309948 0.289254 0.271278 0.228116 
0.139558 0.0549226 0.00352677 0.158392 0.0616094 0.0173238 0.31343 0.108282 0.142956 
0.0313151 0.0335381 0.00204709 0.0708298 0.0253707 0.0256674 0.581514 0.109731 0.119987 
0.319802 0.0298914 0.000188412 0.0596833 0.0055885 0.0194315 0.497435 0.0446326 0.023348 
0.063704 0.0306115 0.000110564 0.217462 0.0804599 0.0214794 0.274697 0.0906777 0.220797 
0.0236228 0.0622568 0.076894 0.0665516 0.0405604 0.0128755 0.357949 0.209278 0.150011 
0.172903 0.0447592 0.0183787 0.102043 0.0579085 0.035124 0.369337 0.0812486 0.118297 
0.0694864 0.0167964 0.00306231 0.0338172 0.104483 0.0131009 0.378493 0.0367871 0.343974 
0.0756836 0.046104 0.00621469 0.0669778 0.0326445 0.10877 0.362271 0.222411 0.0789241 
0.0783224 0.0392683 0.00360002 0.0910693 0.0209643 0.0281689 0.450983 0.199296 0.0883281 
0.15789 0.0321528 0.00539188 0.0549891 0.0412434 0.0575626 0.491438 0.0684024 0.0909294 
0.0563199 0.0208175 0.00534726 0.161795 0.0171302 0.073868 0.317088 0.0549277 0.292706 
0.0887175 0.0249632 0.000334808 0.101086 0.0174988 0.0192815 0.496154 0.210183 0.0417814 
0.106502 0.0276209 0.00551038 0.100144 0.019664 0.0546963 0.446624 0.0468286 0.192411 
0.0400711 0.0313757 5.68352e-05 0.112198 0.0174019 0.0135104 0.592873 0.0884932 0.104019 
0.171045 0.0477833 0.00575571 0.176039 0.0353003 0.14851 0.203681 0.129491 0.0823934 
0.0814393 0.0358144 0.012574 0.0690568 0.0147706 0.0449711 0.515352 0.049341 0.176681 
0.257205 0.0243856 0.000287697 0.0689917 0.0189754 0.0852088 0.466495 0.0548867 0.0235647 
0.0228183 0.0478956 0.00407608 0.204186 0.00818705 0.0136445 0.413426 0.0795453 0.206221 
0.0705891 0.0445849 9.06801e-05 0.176217 0.0502385 0.0115582 0.329236 0.0467606 0.270726 
0.0720231 0.0267852 0.00726189 0.100004 0.0407566 0.0226518 0.449069 0.111267 0.170181 
0.0678008 0.0305242 0.0031555 0.0420802 0.0194125 0.0105914 0.697144 0.0240125 0.105279 
0.140994 0.0274465 6.77308e-05 0.0945358 0.016858 0.0145919 0.499358 0.0409863 0.165162 
0.0542549 0.0366493 0.0760063 0.0754142 0.00853983 0.252481 0.315258 0.0908955 0.0905011 
0.0605699 0.0237677 0.000265876 0.0959493 0.000768623 0.0260508 0.411643 0.0683302 0.312654 
0.260601 0.0493406 0.00260757 0.0773035 0.0202018 0.16616 0.324361 0.053681 0.0457433 
0.0576946 0.0443049 0.000498509 0.090915 0.0468199 0.0514115 0.438406 0.0878355 0.182115 
0.0974482 0.040746 0.0256549 0.062956 0.0259555 0.224568 0.422516 0.069718 0.0304378 
0.045103 0.062812 3.70388e-05 0.105393 0.00579569 0.0102012 0.68658 0.0449591 0.0391183 
