0.144419 0.0159586 0.0298733 0.0449078 0.0744054 0.0785635 0.028227 0.550188 0.0334581 
0.0307098 0.0074042 0.149591 0.0246118 0.0751601 0.0233731 0.238969 0.263794 0.186387 
0.0802656 0.0754315 0.0156542 0.0637263 0.225853 0.025492 0.178359 0.232933 0.102286 
0.0993322 0.0467728 0.00323504 0.102895 0.0258362 0.258546 0.142823 0.295319 0.0252409 
0.218899 0.0285083 0.00681861 0.170898 0.0377896 0.0493825 0.060726 0.417209 0.00976958 
0.00794018 0.00092362 0.259564 1.54495e-05 0.0599545 0.0159822 0.221497 0.424609 0.00951321 
0.0477559 0.022471 0.00255589 0.184567 0.0164564 0.015459 0.132695 0.44376 0.13428 
0.0387988 0.0100426 0.011025 0.039162 0.0333896 0.0458874 0.125301 0.661682 0.0347121 
0.0883751 0.126682 0.0103541 0.107141 0.186857 0.0195786 0.113571 0.271163 0.0762775 
0.0732253 0.00418386 0.000578391 0.028459 0.0808686 0.00995677 0.0639503 0.680272 0.0585062 
0.114743 0.0215456 0.0048803 0.210492 0.0130986 0.0187268 0.23307 0.362854 0.0205899 
0.101693 0.00868653 0.00230661 0.0287239 0.00718685 0.00918178 0.233594 0.603331 0.00529606 
0.11067 0.00885702 0.0210352 0.0198275 0.1137 0.050885 0.257678 0.345574 0.0717748 
0.0583913 0.0327321 0.00035303 0.0856536 0.00379117 0.00526027 0.355603 0.410768 0.047448 
0.0734196 0.00669642 0.0691571 0.0161867 0.0381558 0.0742321 0.165298 0.537514 0.0193404 
0.116458 0.0380769 0.0246623 0.12612 0.0303199 0.0259748 0.154682 0.281258 0.202448 
0.0735665 0.0346443 0.050367 0.147651 0.047327 0.0176318 0.165593 0.323423 0.139797 
0.107186 0.0171883 0.0294215 0.125217 0.0282414 0.0649307 0.145946 0.378505 0.103364 
0.062222 0.0152877 0.0100046 0.0805634 0.128022 0.0496567 0.213539 0.370667 0.0700377 
0.00265658 0.00146681 2.09619e-05 0.0128887 0.00410531 0.0130151 0.277255 0.572324 0.116267 
0.0626136 0.00383394 0.000176052 0.0868389 0.00516753 0.0233405 0.051952 0.583843 0.182235 
0.133163 0.041589 0.00987614 0.19024 0.0305263 0.0538711 0.16386 0.306114 0.0707606 
0.0646645 0.00541193 0.00265253 0.0383774 0.222008 0.0794391 0.148374 0.300627 0.138446 
0.0955083 0.0382274 0.000361102 0.0521782 0.00925382 0.0176106 0.167084 0.60069 0.0190863 
0.119991 0.0312184 0.011584 0.10416 0.0234866 0.0536894 0.226694 0.340363 0.0888132 
0.0898902 0.00734184 0.003272 0.0908164 0.0142548 0.117504 0.0602019 0.540242 0.0764767 
0.170869 0.0270921 0.00301446 0.0637804 0.0121335 0.109962 0.205736 0.373458 0.0339549 
0.283643 0.0176097 0.0119552 0.0397251 0.0448544 0.0858094 0.124109 0.351415 0.0408796 
0.140151 0.0291218 0.00571524 0.0995773 0.0422824 0.0636664 0.211356 0.332697 0.0754319 
0.0523288 0.0267682 0.00892135 0.0738135 0.0113725 0.0261654 0.208806 0.428475 0.16335 
0.128222 0.0142213 0.0098229 0.0669103 0.0877265 0.0322248 0.281623 0.351956 0.0272936 
0.0791048 0.00900791 0.00289327 0.050676 0.01266 0.117937 0.268472 0.438838 0.0204107 
0.0870387 0.0202644 0.0141626 0.245359 0.0135544 0.0100713 0.124269 0.426861 0.0584194 
0.0246162 0.0137096 0.00536167 0.0283811 0.0430097 0.0260505 0.309708 0.432575 0.116588 
0.0412039 0.00806497 0.0106006 0.0509135 0.110168 0.027605 0.239294 0.365573 0.146578 
0.0621711 0.00983555 0.0293764 0.085181 0.224429 0.0605844 0.137009 0.243718 0.147696 
0.0273656 0.0194414 0.00708279 0.0324741 0.0999966 0.0189722 0.34468 0.397142 0.0528453 
0.0943198 0.0104839 0.035051 0.0675533 0.0631296 0.0142101 0.213771 0.420656 0.0808249 
0.0267041 0.0245277 1.43875e-05 0.187209 0.00178682 0.00144187 0.10185 0.625953 0.0305133 
0.144046 0.0144443 0.000367778 0.158523 0.00572517 0.0144562 0.239969 0.360083 0.0623845 
0.0817668 0.026653 0.000690006 0.249369 0.0549795 0.128156 0.118092 0.270551 0.0697432 
0.0837564 0.0304923 0.0579764 0.0847278 0.0236574 0.0268874 0.105785 0.559565 0.0271521 
0.135 0.0378009 0.00133518 0.184019 0.0310462 0.0988915 0.205029 0.26869 0.0381881 
0.0739079 0.0224857 0.0481414 0.0697417 0.0200762 0.0123415 0.272889 0.363271 0.117145 
0.0264338 0.00668927 0.0245912 0.0346014 0.0693194 0.0394177 0.136649 0.530876 0.131423 
0.108642 0.0628281 0.00315239 0.0947083 0.035734 0.0810228 0.254045 0.26041 0.0994572 
0.0317124 0.00326094 0.0588001 0.00891282 0.0411266 0.0307791 0.0408879 0.766519 0.0180015 
0.0876148 0.0031052 0.0141521 0.0150875 0.196728 0.0478863 0.0322455 0.547718 0.0554619 
0.108785 0.00944923 2.35929e-05 0.119096 0.00816473 0.026392 0.243946 0.326429 0.157714 
0.0458042 0.00571245 0.0279111 0.0557259 0.0301448 0.0139585 0.0826958 0.662769 0.0752785 
0.0353218 0.00361248 0.0628304 0.025578 0.0413359 0.0377953 0.114323 0.639164 0.0400395 
0.0889019 0.0118133 0.000260041 0.0294422 0.0181587 0.00994783 0.0878863 0.724048 0.0295419 
0.0798273 0.0243787 0.00806509 0.0646499 0.0538911 0.0346832 0.312522 0.348307 0.0736758 
0.11693 0.039824 0.006903 0.0402654 0.0570468 0.219983 0.173897 0.276812 0.06834 
0.243529 0.0288753 0.000620473 0.0602545 0.0113981 0.0138832 0.30916 0.320285 0.011994 
0.0261007 0.01072 0.0565432 0.0215524 0.00862348 0.00622567 0.204712 0.570497 0.0950252 
0.0286068 0.0309155 0.0204237 0.0570585 0.0430758 0.23324 0.142527 0.348127 0.0960265 
0.0509073 0.00237686 0.037883 0.0313302 0.0601785 0.0192625 0.125642 0.3702 0.30222 
0.116712 0.0247238 0.00786866 0.0484939 0.0352697 0.163211 0.282135 0.28324 0.0383453 
0.0510622 0.0231325 0.0124139 0.0530879 0.0353301 0.015324 0.208822 0.436002 0.164825 
0.101706 0.0908402 0.0293185 0.0669209 0.0488877 0.0129215 0.159022 0.343732 0.146652 
0.363633 0.0528455 0.0137691 0.023262 0.0245814 0.0527299 0.0521167 0.394654 0.0224086 
0.0607734 0.00183755 0.00414856 0.0751377 0.0285597 0.308645 0.0541424 0.45219 0.0145657 
0.114787 0.0312809 0.0358399 0.0478151 0.0731483 0.0285242 0.221326 0.306135 0.141144 
0.139908 0.0180756 0.00215159 0.0681642 0.0177517 0.0114925 0.293893 0.396274 0.0522884 
0.0723096 0.0199094 0.0025442 0.0847179 0.00989661 0.15838 0.135898 0.480543 0.0358013 
0.0523288 0.0267682 0.00892135 0.0738135 0.0113725 0.0261654 0.208806 0.428475 0.16335 
0.0901959 0.0128242 0.0120249 0.103873 0.0720654 0.0597406 0.195789 0.400678 0.0528093 
0.0426619 0.0144019 0.00124774 0.163333 0.0228008 0.00537761 0.0741239 0.411691 0.264362 
0.0426414 0.0350071 0.047631 0.080658 0.156513 0.0252382 0.080518 0.478751 0.0530427 
0.158182 0.0280108 0.00349722 0.110742 0.0134244 0.0221409 0.165974 0.446891 0.0511374 
0.0389819 0.02445 0.0435568 0.0870193 0.147422 0.0253971 0.0728003 0.509345 0.0510274 
0.171505 0.033572 0.000456158 0.119318 0.0222619 0.0327179 0.123504 0.412857 0.0838084 
0.0671402 0.0484159 0.0171293 0.149549 0.111788 0.0572952 0.139196 0.295294 0.114193 
0.0176163 0.0112418 0.0200994 0.0590451 0.0619156 0.0130256 0.191727 0.511795 0.113535 
0.14331 0.0067362 0.00945297 0.034707 0.0391277 0.0733484 0.0854554 0.592213 0.01565 
0.110481 0.00896552 0.020223 0.0816111 0.0609042 0.0250209 0.227996 0.375284 0.089515 
0.0334239 0.00428735 0.00962887 0.0584496 0.0641583 0.00700923 0.318222 0.402542 0.102279 
0.0213967 0.00293948 0.103784 0.0340017 0.123527 0.018461 0.147374 0.275569 0.272946 
0.127501 0.00841824 0.0079332 0.0612218 0.0921892 0.0253362 0.158252 0.467612 0.0515363 
0.0924498 0.00808803 9.70986e-06 0.20416 0.00789285 0.100182 0.166796 0.349236 0.0711851 
0.0445835 0.00930623 0.00272368 0.0303304 0.00245473 0.0185267 0.0709508 0.797007 0.0241167 
0.0528011 0.0320734 0.00218053 0.0442065 0.0223747 0.0174537 0.261538 0.439702 0.12767 
0.0212566 0.0113593 0.0154819 0.0434107 0.0143063 0.00939804 0.317945 0.33302 0.233822 
0.1114 0.0367488 0.05469 0.0572726 0.14724 0.0540162 0.193464 0.310327 0.0348424 
0.107327 0.00295783 0.0245283 0.01875 0.109797 0.0366783 0.0737743 0.597218 0.0289689 
0.0471765 0.00585398 0.0524037 0.027357 0.0434941 0.0283508 0.100047 0.652026 0.043291 
0.0851814 0.0521804 0.00566078 0.0902783 0.0830836 0.0256585 0.28816 0.326956 0.0428405 
0.0601974 0.156954 0.171587 0.171441 0.0634136 0.0122631 0.0954098 0.196129 0.0726059 
0.103799 0.00927798 0.00316768 0.148264 0.00747361 0.0742844 0.041137 0.596684 0.0159129 
0.251 0.0210111 0.00358255 0.0645291 0.0630874 0.0412579 0.232799 0.274919 0.0478131 
0.0168326 0.00763522 0.00256949 0.0624619 0.0031429 0.0109491 0.114093 0.641781 0.140535 
0.0391393 0.0451808 0.0117952 0.0719296 0.0532869 0.0311846 0.266361 0.378051 0.103071 
0.186649 0.0202757 0.00316566 0.0923154 0.0217502 0.0653034 0.222657 0.352123 0.0357607 
0.0629314 0.000372508 0.0287618 0.0051227 0.0147389 0.0386539 0.0565756 0.782037 0.0108058 
0.0594783 0.0288404 0.0154113 0.076847 0.00834288 0.0137817 0.215835 0.5503 0.0311638 
0.0307098 0.0074042 0.149591 0.0246118 0.0751601 0.0233731 0.238969 0.263794 0.186387 
0.0732253 0.00418386 0.000578391 0.028459 0.0808686 0.00995677 0.0639503 0.680272 0.0585062 
0.145893 0.0399529 0.000820283 0.105264 0.0177216 0.0114626 0.19569 0.417924 0.0652714 
0.038437 0.00960861 0.0594925 0.0112199 0.0477892 0.0298906 0.361709 0.380194 0.0616589 
0.0442891 0.0357384 0.00562061 0.0620684 0.0490933 0.0220074 0.355477 0.37383 0.0518763 
0.105697 0.0510888 0.000531817 0.103547 0.00714486 0.0108604 0.183962 0.38807 0.149098 
0.0346809 0.0051874 0.0933844 0.00834187 0.059893 0.0221114 0.0650483 0.683466 0.0278868 
0.0506048 0.00868215 0.0109903 0.229953 0.0230792 0.0309425 0.0612026 0.564896 0.0196498 
0.00429707 0.00600057 0.00293297 0.0465907 0.0351148 0.009616 0.0805242 0.785936 0.028988 
0.201022 0.0123375 0.00937723 0.055303 0.00439535 0.0345798 0.226571 0.407001 0.0494138 
0.0152893 0.00305216 0.00898798 0.0107788 0.0521744 0.0316485 0.026147 0.841368 0.0105542 
0.0277714 0.0395498 0.00228683 0.222692 0.0127097 0.0111858 0.194079 0.336135 0.153591 
0.0382238 0.0376379 0.0170116 0.0605094 0.0248126 0.0437525 0.2287 0.49039 0.0589622 
0.0242633 0.00912986 0.00913561 0.0273117 0.0568315 0.0613651 0.315802 0.443729 0.052432 
0.076859 0.0213625 0.00804578 0.010373 0.0719803 0.0317136 0.256179 0.514584 0.0089038 
0.128758 0.0400843 0.00214637 0.129073 0.0136263 0.0425661 0.199655 0.362382 0.0817089 
0.0883858 0.00647121 0.0141706 0.224409 0.0556627 0.0123758 0.120649 0.438946 0.0389306 
0.0183084 0.00425216 0.0540314 0.0421289 0.0028136 0.0735582 0.294715 0.31127 0.198922 
0.118441 0.0131871 0.0928428 0.0825159 0.0609414 0.0815156 0.110624 0.411725 0.0282079 
0.0728124 0.00592451 0.0479239 0.0188854 0.0761907 0.00785862 0.157486 0.52945 0.0834688 
0.105723 0.06223 2.18997e-05 0.0556703 0.0221321 0.0754922 0.219023 0.397139 0.0625679 
0.0205342 0.0168866 0.0308486 0.0332878 0.0320083 0.0523001 0.3603 0.397118 0.056716 
0.0263416 0.0177118 0.000636141 0.172995 0.00434683 0.00847939 0.235268 0.296828 0.237393 
0.0918951 0.0170209 0.0504366 0.0909829 0.121596 0.0459009 0.228995 0.282021 0.0711526 
0.0209838 0.0217214 0.0188121 0.045185 0.0411807 0.00973233 0.314718 0.505447 0.0222198 
0.135768 0.0114495 0.00309733 0.0540089 0.0160946 0.0366759 0.139492 0.569832 0.0335818 
0.0294061 0.0231544 0.00462456 0.0921453 0.0396144 0.0540082 0.123566 0.508161 0.12532 
0.197475 0.0220356 0.00765027 0.123666 0.0155074 0.0460583 0.253087 0.288226 0.046295 
0.160746 0.0182709 0.00422371 0.0565539 0.00404944 0.0391749 0.0382224 0.636337 0.0424215 
0.0358805 0.0144676 0.0136715 0.0327808 0.0260155 0.0279252 0.350553 0.466962 0.0317438 
0.104232 0.0318288 0.000353563 0.096766 0.0191578 0.0179045 0.268414 0.396428 0.0649152 
0.0671957 0.00332813 0.00270981 0.0533026 0.0144081 0.0310301 0.26943 0.347162 0.211433 
0.0320059 0.0361177 0.0142156 0.0481747 0.0478451 0.012163 0.12922 0.564716 0.115541 
0.0424696 0.0113896 0.00208829 0.0361879 0.0896525 0.0393955 0.336423 0.350279 0.0921141 
0.335017 0.00984442 6.67896e-05 0.0762242 0.00224173 0.103957 0.0881561 0.359006 0.0254872 
0.0472774 0.0135045 0.0232679 0.0476104 0.0631923 0.100891 0.270285 0.326031 0.10794 
0.0827009 0.00815118 1.76689e-05 0.143592 0.00190849 0.0028981 0.204778 0.295756 0.260198 
0.0601599 0.00437061 0.000165604 0.0721164 0.00204594 0.0133383 0.0299462 0.752233 0.0656246 
0.0371714 0.0244207 0.00847098 0.0809245 0.039519 0.0609601 0.201954 0.379461 0.167118 
0.159399 0.0269544 0.00797731 0.0664714 0.00532362 0.0115095 0.211062 0.492816 0.0184871 
0.152076 0.0317708 0.00451916 0.235393 0.005319 0.0121153 0.0864207 0.288496 0.18389 
0.0674799 0.0109494 0.0574394 0.0310684 0.0424782 0.0378679 0.203322 0.514806 0.0345888 
0.0495834 0.0525427 6.98788e-05 0.12612 0.0574238 0.033126 0.3097 0.340651 0.0307824 
0.0473388 0.0128377 0.00584114 0.0586941 0.0468973 0.0178642 0.252177 0.353041 0.205309 
0.136325 0.0387584 0.0188524 0.11387 0.0452516 0.0500432 0.175018 0.28897 0.13291 
0.0663989 0.0175521 0.109519 0.214207 0.0185659 0.0330758 0.0694531 0.435069 0.0361585 
0.0259092 0.028371 1.05082e-05 0.0905556 0.00148854 0.0260144 0.0163472 0.767453 0.0438507 
0.0782393 0.0186825 0.00332759 0.159382 0.0144547 0.0997419 0.228414 0.273681 0.124077 
0.0647916 0.0138412 0.0207552 0.0723219 0.0665336 0.0322538 0.0852334 0.588807 0.0554619 
0.0456689 0.00224488 0.000232597 0.0908266 0.0179688 0.0069223 0.035129 0.710405 0.0906018 
0.00127704 0.00110216 8.92518e-07 0.0114418 0.0206304 0.00930927 0.0564106 0.899696 0.000131277 
0.280469 0.0120397 0.00337808 0.0858061 0.00695253 0.0226713 0.159675 0.394583 0.0344247 
0.0512951 0.0147872 0.0134642 0.202379 0.105965 0.0254856 0.114213 0.441508 0.030904 
0.119691 0.0623713 0.0282927 0.0262167 0.0310296 0.0330742 0.247349 0.424059 0.027917 
0.0711467 0.01775 0.0301149 0.0132451 0.153712 0.0167677 0.0589259 0.616943 0.0213943 
0.0523352 0.0328027 0.00489938 0.0494037 0.0907786 0.00845723 0.035356 0.591238 0.134729 
0.0491649 0.00959819 0.0242908 0.0455899 0.0264243 0.0299151 0.142752 0.613249 0.0590161 
0.0773953 0.00549211 0.00544639 0.0711323 0.225226 0.0135482 0.132373 0.400148 0.0692393 
0.0523352 0.0328027 0.00489938 0.0494037 0.0907786 0.00845723 0.035356 0.591238 0.134729 
0.0614125 0.0173833 0.0263181 0.0230083 0.148556 0.0208329 0.181937 0.477276 0.0432759 
0.0744914 0.0137519 0.00352894 0.248634 0.0102248 0.0088198 0.269043 0.277467 0.0940383 
0.382124 0.00176467 1.0492e-05 0.0267893 0.00488177 0.0175706 0.0677717 0.491454 0.00763298 
0.0850371 0.032759 0.013525 0.0470382 0.0240109 0.0669804 0.118068 0.314603 0.297979 
0.151553 0.0158526 0.00226703 0.0745285 0.033072 0.0563217 0.221005 0.283187 0.162213 
0.0483628 0.00484636 3.01576e-05 0.077599 0.0030338 0.00815665 0.333279 0.401301 0.123391 
0.0810704 0.0224606 7.84146e-05 0.163054 0.0108523 0.0134497 0.305184 0.3317 0.0721505 
0.179728 0.0301841 0.000852109 0.0999766 0.0187215 0.00299304 0.0979755 0.547298 0.0222712 
0.0760488 0.00708307 0.01135 0.0251499 0.0323024 0.0193689 0.0906959 0.677611 0.0603903 
0.079953 0.0136811 0.00122942 0.239569 0.218969 0.017089 0.127549 0.268265 0.0336948 
0.0168608 0.00639254 0.000487433 0.0516199 0.0320364 0.0176297 0.0515409 0.755607 0.0678256 
0.0464587 0.00943715 0.00809183 0.0443252 0.0272299 0.100674 0.0978965 0.529532 0.136355 
0.0923988 0.0278762 0.000344752 0.100408 0.00837677 0.0204826 0.351743 0.352726 0.0456444 
0.2489 0.0468619 0.00639752 0.130293 0.00667514 0.0121018 0.206947 0.249366 0.0924568 
0.0363422 0.00581529 0.0596925 0.0165356 0.0140347 0.0150796 0.169544 0.57137 0.111585 
0.0346885 0.000338057 3.20008e-06 0.0270987 0.00711348 0.0245959 0.142512 0.661368 0.102282 
0.0523352 0.0328027 0.00489938 0.0494037 0.0907786 0.00845723 0.035356 0.591238 0.134729 
0.011921 0.00682803 5.72844e-05 0.0993843 0.00962715 0.0037104 0.0590218 0.778164 0.0312859 
0.136473 0.0242772 0.00314441 0.20095 0.0316132 0.0418597 0.106957 0.415373 0.0393519 
0.382124 0.00176467 1.0492e-05 0.0267893 0.00488177 0.0175706 0.0677717 0.491454 0.00763298 
0.0673293 0.0214613 0.00389375 0.189088 0.0105826 0.0570353 0.110556 0.49625 0.043804 
0.0512496 0.00941513 0.00049133 0.0518685 0.00615253 0.129715 0.278664 0.312329 0.160115 
0.0555969 0.0113783 0.00104873 0.0270998 0.0255235 0.0623966 0.261896 0.513817 0.041243 
0.0418413 0.0090055 0.0151259 0.0818309 0.149373 0.0233104 0.0944704 0.477917 0.107126 
0.103874 0.0174091 0.00676651 0.044558 0.0478588 0.037396 0.0600753 0.663111 0.0189506 
0.0641594 0.0159818 0.0149386 0.0762188 0.0639711 0.0331616 0.190834 0.462365 0.0783693 
0.00650979 0.00312275 0.000256832 0.0212614 0.0131453 0.0141502 0.435284 0.443467 0.0628028 
0.0728124 0.00592451 0.0479239 0.0188854 0.0761907 0.00785862 0.157486 0.52945 0.0834688 
0.0406513 0.0115027 0.0181708 0.122533 0.0235306 0.0181515 0.224848 0.449404 0.0912089 
0.03448 0.030107 0.0183124 0.0362129 0.05073 0.0137682 0.140265 0.552553 0.123572 
0.139393 0.0108873 0.0391347 0.0776883 0.0288663 0.205125 0.195126 0.272532 0.031247 
0.0178038 0.0136871 0.00500439 0.0766994 0.0198051 0.0127698 0.112742 0.620521 0.120967 
0.0840437 0.0148673 0.0192185 0.0594911 0.0418288 0.0345642 0.148972 0.523343 0.0736719 
0.0858767 0.0249005 0.0588787 0.0667264 0.0407158 0.0137163 0.0517637 0.589868 0.0675539 
0.135533 0.01975 0.00991838 0.149741 0.150833 0.0243745 0.132546 0.312044 0.0652599 
0.153108 0.0170865 0.013059 0.113182 0.0179983 0.0207775 0.305673 0.332912 0.026204 
0.130174 0.0471698 0.000107202 0.0627357 0.00621053 0.0109767 0.124568 0.601464 0.0165942 
0.0532935 0.0141212 0.000395902 0.14112 0.257099 0.0313141 0.0622367 0.377806 0.0626137 
0.0588968 0.0498248 0.0330787 0.156941 0.0616026 0.0725942 0.135338 0.257017 0.174707 
0.0552622 0.0599204 0.00784515 0.0875856 0.0233482 0.0232752 0.230612 0.266457 0.245694 
0.130997 0.0134441 4.88712e-05 0.0832483 0.00987031 0.0584048 0.0941552 0.583447 0.0263849 
0.0344069 0.0182449 0.00113866 0.107455 0.0146973 0.101862 0.0759505 0.53647 0.109775 
0.0861389 0.0377134 0.0144331 0.0884613 0.0358791 0.00805347 0.214385 0.488426 0.02651 
0.0971237 0.0138234 0.0217531 0.0751725 0.038032 0.0394727 0.0996479 0.571368 0.043607 
0.124383 0.00786938 3.23431e-05 0.17726 0.00486931 0.243795 0.0495608 0.36383 0.0283997 
0.0509073 0.00237686 0.037883 0.0313302 0.0601785 0.0192625 0.125642 0.3702 0.30222 
0.0990905 0.0172574 0.109854 0.103746 0.0442776 0.0312014 0.0882705 0.443516 0.0627871 
0.0119549 0.0127182 0.0210634 0.0332306 0.0115604 0.0193661 0.298798 0.318252 0.273057 
0.11319 0.0146037 0.00511017 0.126337 0.0441982 0.0231685 0.160029 0.368287 0.145076 
0.0381178 0.105793 0.00595668 0.0795108 0.149854 0.0227995 0.137825 0.301037 0.159106 
0.276543 0.0226323 0.093045 0.0736979 0.0262145 0.0106309 0.0810599 0.409361 0.00681562 
0.0656184 0.00309296 0.0168093 0.0406495 0.0775991 0.0419862 0.127732 0.538249 0.0882631 
0.192208 0.0118041 0.0328172 0.0265014 0.055705 0.0490275 0.0982403 0.498803 0.0348942 
0.00145427 0.0314181 0.000277778 0.00585235 0.0098437 0.0250187 0.399278 0.406854 0.120003 
0.0834256 0.062449 0.00431703 0.0892435 0.0518729 0.00767327 0.141798 0.479545 0.0796762 
0.0141968 0.020701 0.00109842 0.0595803 0.00858399 0.010474 0.15319 0.704626 0.0275487 
0.0469076 0.0225421 0.000284859 0.205043 0.0161261 0.064004 0.263001 0.303887 0.0782044 
0.138288 0.0921323 0.0172443 0.0808737 0.0201524 0.0346079 0.269733 0.310042 0.0369257 
0.0994447 0.00893494 0.0247434 0.00383167 0.131282 0.210402 0.0478916 0.452815 0.0206547 
0.0167258 0.0116042 0.00171468 0.0117801 0.000886372 0.000815319 0.058205 0.702485 0.195784 
0.0196595 0.000780763 1.35572e-05 0.150755 0.0114388 0.00990603 0.21219 0.313428 0.281829 
0.0227417 0.00791256 0.00814785 0.0236702 0.0634236 0.0548099 0.330315 0.443185 0.0457936 
0.0969051 0.00277925 0.00808499 0.0697697 0.107357 0.046941 0.0674889 0.521009 0.0796652 
0.0228595 0.161584 0.000244368 0.0518322 0.0594894 0.0258749 0.204741 0.370686 0.102688 
0.0170101 0.00904549 0.0149691 0.0201104 0.218266 0.0211692 0.187885 0.482824 0.0287196 
0.0928553 0.0206163 0.000754544 0.0448983 0.00383837 0.00470408 0.189142 0.54653 0.0966618 
0.0629589 0.013045 0.0111796 0.060621 0.0058506 0.0707995 0.172757 0.543126 0.0596624 
0.0356097 0.00134602 0.0315154 0.0609848 0.0224596 0.0501689 0.0619668 0.65513 0.0808188 
0.032401 0.0788045 1.29553e-05 0.224171 0.0541651 0.111894 0.0843036 0.356062 0.058185 
0.0417548 0.0174108 0.000500449 0.105077 0.0128872 0.0262555 0.0549324 0.683893 0.0572891 
0.14759 0.0143284 0.0354871 0.0522887 0.261838 0.0242972 0.143049 0.267291 0.0538302 
0.103683 0.0155095 0.00540932 0.188167 0.00642563 0.0356085 0.289021 0.328354 0.0278211 
0.0973457 0.0231328 0.0163206 0.0892028 0.0139155 0.0187961 0.167838 0.50161 0.0718381 
0.0771708 0.0374899 0.163518 0.0465047 0.0772239 0.0295211 0.204099 0.295613 0.0688594 
0.107688 0.00250781 0.022013 0.0210345 0.0333021 0.0929686 0.163853 0.536664 0.0199698 
0.053068 0.0221002 0.0715451 0.0184175 0.189075 0.0654954 0.210636 0.318553 0.0511093 
0.0899361 0.00292982 7.26649e-06 0.133566 0.00153008 0.00819402 0.0993298 0.384452 0.280054 
0.113242 0.0291512 0.000235 0.073474 0.00905427 0.0486686 0.110689 0.58837 0.027116 
0.13293 0.158698 0.0069591 0.218781 0.008528 0.0340546 0.0751661 0.266658 0.0982264 
0.192858 0.00836235 0.00556585 0.164103 0.0110976 0.0206338 0.192299 0.370293 0.034788 
0.0399276 0.0121202 0.142396 0.0867431 0.101087 0.0190851 0.164505 0.276758 0.157378 
0.105578 0.0308253 0.00902674 0.0922575 0.016831 0.0148847 0.273542 0.436961 0.0200937 
0.11452 0.0115174 0.0873483 0.0572213 0.07715 0.0456185 0.222136 0.280178 0.10431 
0.0815314 0.0123429 0.0196272 0.0715752 0.0625175 0.0406048 0.235485 0.422663 0.0536529 
0.0412935 0.0136735 0.0771114 0.0581523 0.049654 0.0217562 0.227295 0.310764 0.200301 
0.121817 0.0262951 0.0194735 0.0816367 0.0330432 0.0525219 0.137491 0.497696 0.0300252 
0.109905 0.0551479 0.00778288 0.295601 0.0370519 0.00964008 0.123774 0.300997 0.0600999 
0.0160701 0.0429909 0.240029 0.00177063 0.0421095 0.0448515 0.0970514 0.40802 0.107107 
0.0802656 0.0754315 0.0156542 0.0637263 0.225853 0.025492 0.178359 0.232933 0.102286 
0.103226 0.0239695 0.00322836 0.217294 0.0292527 0.0232465 0.17397 0.38156 0.0442536 
0.00816893 0.0452405 0.0119765 0.0620145 0.0303436 0.0286995 0.103074 0.614135 0.0963474 
0.170919 0.0179421 0.00742738 0.037802 0.0172159 0.0189405 0.213599 0.487399 0.0287555 
0.0764531 0.00714257 0.0122912 0.0829781 0.0477801 0.0999521 0.132735 0.486429 0.0542393 
0.0712456 0.010003 0.00276616 0.113786 0.0655928 0.0177201 0.0708012 0.446607 0.201479 
0.0470239 0.0344514 0.000821881 0.088031 0.0215928 0.0140377 0.298486 0.332571 0.162985 
0.0784447 0.0371344 0.00568475 0.0504151 0.0193401 0.0106583 0.289885 0.438885 0.0695525 
0.0465876 0.0314448 4.66866e-05 0.0581149 0.0610328 0.0311473 0.181108 0.419853 0.170665 
0.00684422 0.0663485 0.000157368 0.040342 0.0200345 0.019902 0.195966 0.627954 0.0224513 
0.0683323 0.00604742 0.0301667 0.0875148 0.00842519 0.0316497 0.166396 0.456228 0.14524 
0.0215041 0.00240854 0.030737 0.104802 0.104057 0.00389074 0.0613904 0.446233 0.224977 
0.12652 0.0139411 0.029843 0.0160006 0.234253 0.0339616 0.179159 0.247102 0.11922 
0.0524542 0.0088221 2.93728e-05 0.0362008 0.00204236 0.0575122 0.234577 0.494345 0.114017 
0.0601346 0.00843976 0.00536076 0.0573099 0.029136 0.0345648 0.222536 0.524827 0.0576915 
0.0635521 0.00586048 0.0104613 0.124025 0.0536966 0.027134 0.239543 0.36237 0.113358 
0.0627655 0.130221 0.15012 0.168558 0.0631578 0.0155651 0.120753 0.206187 0.0826722 
0.208564 0.032375 0.0179818 0.0726832 0.090542 0.0536585 0.144288 0.347047 0.032861 
0.0466233 0.0193248 0.0324178 0.054059 0.0390287 0.0290515 0.132254 0.596902 0.0503383 
0.103472 0.0192143 0.00225338 0.0957509 0.0181684 0.0124312 0.25086 0.423086 0.0747631 
0.10113 0.0155655 0.0130314 0.0425204 0.00848456 0.310948 0.0848383 0.399572 0.0239097 
0.0603832 0.00661523 0.00699045 0.0923183 0.02133 0.333185 0.090271 0.35174 0.0371666 
0.0958963 0.00215905 0.000168018 0.156567 0.00312596 0.119671 0.178044 0.33123 0.113138 
0.0407716 0.00897736 0.0473814 0.0206339 0.108685 0.0491721 0.295747 0.346526 0.0821049 
0.0415416 0.00165214 2.18577e-06 0.0466686 0.0298121 0.109953 0.134185 0.605698 0.0304873 
0.130445 0.000374338 0.00021416 0.00524486 0.0072221 0.0381954 0.154203 0.659965 0.0041366 
0.0365733 0.0298158 0.0181186 0.0985831 0.0283346 0.0407488 0.271957 0.422748 0.0531206 
0.106607 0.0381921 0.022173 0.149796 0.0312437 0.0427263 0.223181 0.302538 0.0835424 
0.036931 0.0220491 0.00916637 0.0504239 0.0470535 0.023593 0.343264 0.365873 0.101647 
0.127134 0.00494369 0.00921407 0.0539106 0.117246 0.0102217 0.170121 0.396149 0.111061 
0.117152 0.0412021 0.00194572 0.0644475 0.00735668 0.132152 0.145672 0.272633 0.21744 
0.00546685 0.0139064 0.00027603 0.00554114 0.0119374 0.0214581 0.216687 0.710771 0.013956 
0.100188 0.0162148 0.17116 0.0321617 0.137238 0.0950192 0.131104 0.251215 0.0656987 
0.0700175 0.00774014 0.0180745 0.0405488 0.0181533 0.0342635 0.253326 0.515347 0.0425298 
0.082125 0.00530923 0.0396101 0.0815327 0.0741828 0.0588504 0.0987565 0.435281 0.124352 
0.185487 0.00673811 0.000344668 0.248799 0.00418526 0.0156744 0.190527 0.297254 0.0509896 
0.128942 0.0156204 0.00246672 0.0690257 0.0325565 0.0803295 0.16604 0.468666 0.0363535 
0.142617 0.0225832 0.0247543 0.0840628 0.109239 0.0269121 0.188039 0.282862 0.118931 
0.0949658 0.203099 0.0255775 0.137797 0.0194954 0.0181494 0.125633 0.280521 0.0947614 
0.0886336 0.00300948 0.0205703 0.0313427 0.0391004 0.0381303 0.281675 0.448249 0.0492886 
0.287135 0.011138 0.00104106 0.20576 0.00149197 0.00381119 0.123469 0.318956 0.0471972 
0.0426414 0.0350071 0.047631 0.080658 0.156513 0.0252382 0.080518 0.478751 0.0530427 
0.0821554 0.0241862 0.00712722 0.0443223 0.0514359 0.020581 0.139815 0.569896 0.0604811 
0.206867 0.0244246 0.00334479 0.101604 0.0287752 0.0853082 0.229048 0.292941 0.0276876 
0.0655131 0.0209 0.0390641 0.0313529 0.0344436 0.0905778 0.162931 0.508303 0.0469142 
0.0178038 0.0136871 0.00500439 0.0766994 0.0198051 0.0127698 0.112742 0.620521 0.120967 
0.095641 0.0397024 0.000271638 0.0572028 0.0220387 0.0417708 0.131239 0.539694 0.0724401 
0.070142 0.051076 0.0114932 0.10766 0.0887789 0.024312 0.158803 0.315338 0.172396 
0.0663957 0.00366789 0.0229304 0.0426428 0.0415311 0.0560192 0.208294 0.454489 0.10403 
0.0589685 0.00287666 0.081993 0.0533536 0.0688021 0.0235815 0.17823 0.294507 0.237688 
0.213125 0.00898744 0.0131164 0.0614657 0.124594 0.0419152 0.095105 0.398569 0.0431215 
0.0816544 0.0111343 0.0223459 0.133386 0.0893944 0.0270023 0.158897 0.415376 0.0608094 
0.149131 0.0223721 0.00712056 0.0669193 0.0723815 0.0438448 0.259643 0.29696 0.0816284 
0.0802656 0.0754315 0.0156542 0.0637263 0.225853 0.025492 0.178359 0.232933 0.102286 
0.0067896 0.0141947 3.83065e-05 0.24821 0.0335093 0.0139537 0.242828 0.267139 0.173338 
0.0637406 0.0143731 0.00640244 0.151244 0.0711589 0.0310458 0.201749 0.255255 0.205031 
0.0823607 0.0287989 0.00675666 0.109786 0.0546253 0.0465386 0.245404 0.332029 0.0937009 
0.0784357 0.0565475 0.00372082 0.11661 0.107226 0.0959365 0.109842 0.273804 0.157879 
0.221692 0.0553744 0.0237145 0.139287 0.0178605 0.0489409 0.186048 0.24906 0.0580234 
0.0778324 0.0243692 0.000218921 0.103119 0.00454755 0.0197382 0.244489 0.470405 0.0552804 
0.0124613 0.012392 0.0117409 0.0485264 0.0272646 0.03094 0.298162 0.391316 0.167196 
0.0883517 0.00474759 0.0283249 0.0861754 0.0373658 0.0328504 0.233381 0.247933 0.240869 
0.0453641 0.0164063 0.00124798 0.0950819 0.0326539 0.0275478 0.322514 0.352581 0.106603 
0.0154563 0.00247754 0.018324 0.000303017 0.221951 0.00516918 0.0373317 0.681938 0.0170495 
0.041639 0.0203892 0.00527272 0.0114564 0.0525413 0.137942 0.0914312 0.534135 0.105193 
0.0754496 0.0084437 0.0506181 0.0160848 0.0778358 0.174301 0.250465 0.291253 0.0555485 
0.0369614 3.26757e-07 0.00214995 0.00651419 0.0168282 0.00401932 0.0917943 0.747511 0.094221 
0.165042 0.0406006 0.000301892 0.0518428 0.009091 0.0613995 0.280821 0.336857 0.0540434 
0.244044 0.0142482 0.00131672 0.0548025 0.00923612 0.01524 0.173339 0.374461 0.113313 
0.0316605 0.0150863 0.00187728 0.0687774 0.00650943 0.0123032 0.244383 0.54614 0.0732629 
0.100371 0.0274566 0.0190106 0.0894077 0.0584344 0.0326564 0.210035 0.37367 0.0889591 
0.0281766 0.000968363 0.0597768 0.00411232 0.0241813 0.0090919 0.0840752 0.736322 0.0532955 
0.019575 0.0155965 0.013409 0.139861 0.0777262 0.0340396 0.238488 0.256994 0.204311 
0.175943 0.0229955 0.000603612 0.0681867 0.0202748 0.0351083 0.269066 0.351349 0.0564731 
0.0425093 0.00310273 0.0566956 0.00923153 0.017263 0.0178412 0.0695957 0.522759 0.261002 
0.0524062 0.00638805 5.73091e-06 0.075192 0.00465323 0.0255448 0.138304 0.663945 0.0335608 
0.0214384 0.0738013 0.00861361 0.0408582 0.0150185 0.0492898 0.249125 0.461677 0.0801787 
0.119247 0.00139311 0.0390214 0.00124364 0.0448858 0.120553 0.0429802 0.616619 0.0140571 
0.051648 0.0143682 0.00550881 0.121782 0.0045219 0.0149944 0.26338 0.449256 0.0745404 
0.210214 0.0171698 0.000563867 0.0816142 0.0133687 0.0808761 0.21546 0.241377 0.139356 
0.0534973 0.0167778 0.000204851 0.0584024 0.00597878 0.00858482 0.31598 0.464965 0.0756087 
0.059552 0.019575 0.0180785 0.105796 0.0963758 0.0346258 0.217733 0.258343 0.189922 
0.292958 0.0163705 0.00381196 0.0633132 0.00776993 0.0167591 0.253066 0.338381 0.0075705 
0.0920994 0.0103768 0.00647795 0.0464412 0.0450886 0.0460416 0.173004 0.47541 0.105061 
0.0574295 0.0249396 0.0203127 0.0354056 0.0229781 0.0206215 0.24532 0.548073 0.0249199 
0.0724934 0.00375918 0.00176556 0.0217599 0.0122065 0.078384 0.058543 0.718915 0.0321735 
0.0254759 0.0207509 0.00125962 0.0927073 0.0169682 0.106643 0.206639 0.433246 0.0963092 
0.0751408 0.012995 0.0326553 0.042216 0.108512 0.0832047 0.193762 0.378105 0.0734092 
0.12154 0.0288889 0.0240319 0.130771 0.0265985 0.0478 0.256734 0.321821 0.0418145 
0.0620083 0.0140767 0.00430341 0.145494 0.0165079 0.0119152 0.22897 0.377292 0.139433 
0.0661974 0.0488975 0.00208165 0.104202 0.0345724 0.174077 0.111473 0.381645 0.0768547 
0.0351088 0.00706057 0.00842755 0.0171206 0.0456376 0.022912 0.289808 0.503045 0.07088 
0.0483926 0.0301053 0.000450706 0.0498073 0.010634 0.0121845 0.164127 0.599899 0.0843993 
0.0989952 0.0368887 0.00489638 0.0349482 0.222307 0.0483644 0.170536 0.334064 0.0490002 
0.0716438 0.0117161 0.00299394 0.0581202 0.0542747 0.0397977 0.13286 0.558706 0.0698873 
0.0953613 0.0738395 0.0394149 0.0355561 0.0423348 0.0608661 0.193489 0.430896 0.0282417 
0.0336282 0.0167144 0.0451222 0.0418323 0.0636077 0.021513 0.175572 0.545925 0.0560851 
0.0335571 0.00319797 0.0621194 0.0201138 0.0255493 0.019938 0.0767493 0.723983 0.0347924 
0.162141 0.00241686 0.0010041 0.0368923 0.00505351 0.0101882 0.246961 0.522657 0.0126861 
0.0587796 0.0117098 0.0460443 0.0810436 0.0316724 0.0794648 0.105662 0.501024 0.0845991 
0.0484934 0.00145316 0.00343377 0.0460091 0.00881938 0.0300041 0.152329 0.64434 0.0651175 
0.0673791 0.0100863 0.0101238 0.0591535 0.0275376 0.0137683 0.280935 0.308526 0.22249 
0.0194918 0.0515122 0.0187526 0.0106026 0.0643302 0.0287347 0.0824564 0.585254 0.138865 
0.0314915 0.0129446 0.0205406 0.0443978 0.0763417 0.0162802 0.193668 0.552285 0.0520515 
0.030635 0.0108653 0.0121702 0.0811347 0.0886969 0.0171337 0.0969306 0.356326 0.306107 
0.172097 0.0496773 0.0498071 0.0282665 0.0569979 0.206609 0.0268124 0.402868 0.00686556 
0.037438 0.00140373 0.0124965 0.012273 0.0555092 0.0143922 0.273903 0.540014 0.0525708 
0.074254 0.0151898 0.00567506 0.247511 0.0125442 0.00910237 0.26638 0.274713 0.0946296 
0.208564 0.032375 0.0179818 0.0726832 0.090542 0.0536585 0.144288 0.347047 0.032861 
0.0601081 0.00855719 0.00788061 0.0420746 0.0332771 0.0454938 0.189074 0.551037 0.0624976 
0.0599063 0.036683 2.82386e-06 0.220343 0.023829 0.0239766 0.260504 0.278896 0.0958584 
0.125638 0.0242259 0.00666316 0.115451 0.0343522 0.0489901 0.270074 0.290227 0.0843779 
0.033193 0.023237 0.000114108 0.077445 0.0110879 0.00826348 0.249486 0.543868 0.0533054 
0.106944 0.0641576 0.00332617 0.102359 0.0369006 0.0224609 0.245084 0.355495 0.0632733 
0.117733 0.0129511 0.00549777 0.13393 0.108586 0.0385681 0.138314 0.383346 0.0610727 
0.0678415 0.0298067 0.00167917 0.0645507 0.00922312 0.0140726 0.252992 0.472255 0.0875791 
0.120459 0.010336 0.0113561 0.03498 0.0809454 0.0503286 0.165855 0.429095 0.0966451 
0.0724671 0.0146217 6.50324e-05 0.203943 0.0344425 0.0132757 0.219311 0.362243 0.0796302 
0.0740382 0.0246623 0.0235704 0.0543206 0.0355204 0.0129204 0.244234 0.405535 0.125199 
0.0510474 0.0228488 0.002248 0.0438041 0.0498534 0.01218 0.0983019 0.670836 0.0488803 
0.0363974 0.017217 0.00368613 0.050421 0.0124063 0.029539 0.220725 0.587499 0.0421093 
0.0941909 0.0180119 0.00236152 0.0809009 0.0133726 0.0337862 0.148557 0.577304 0.031515 
0.104688 0.00787862 0.221401 0.129423 0.0703041 0.0312799 0.0454032 0.342553 0.0470681 
0.142497 0.0143538 0.0130892 0.0423443 0.0230543 0.0158607 0.206413 0.522249 0.0201388 
0.0197262 0.034974 0.00421064 0.0225636 0.110727 0.0179422 0.314644 0.318184 0.157028 
0.0709137 0.00380623 0.0406162 0.102996 0.035606 0.0813073 0.13399 0.498373 0.0323924 
0.0807487 0.0356465 0.00672325 0.0671586 0.00689492 0.00675469 0.181157 0.379312 0.235604 
0.0622113 0.0100247 0.00599058 0.0965607 0.0229301 0.0617231 0.200451 0.468859 0.0712497 
0.0212863 0.00799018 0.120082 0.00336244 0.0973299 0.0175203 0.244998 0.392276 0.0951547 
0.0347828 0.0610189 0.00113335 0.175611 0.0250674 0.0246953 0.0882542 0.424743 0.164694 
0.0647916 0.0138412 0.0207552 0.0723219 0.0665336 0.0322538 0.0852334 0.588807 0.0554619 
0.0876713 0.0130294 0.0246785 0.0183526 0.136781 0.040788 0.186823 0.39018 0.101697 
0.0367131 0.0495559 0.0115812 0.0605676 0.26213 0.00933099 0.113786 0.340206 0.11613 
0.0563808 0.0258252 0.000197127 0.209092 0.0159049 0.0242915 0.23979 0.313325 0.115193 
0.0199526 0.0167778 0.00734747 0.0637755 0.0149136 0.00986917 0.212754 0.508731 0.145878 
0.0337114 0.0148799 0.0362086 0.0493412 0.208423 0.241592 0.0917936 0.297694 0.0263566 
0.151711 0.0563984 0.0201954 0.0831687 0.0935447 0.0565789 0.206805 0.296908 0.0346901 
0.109946 0.0497159 0.0110701 0.189724 0.0665927 0.0495505 0.186027 0.254269 0.0831038 
0.173382 0.00979084 0.0180593 0.0241551 0.157763 0.270697 0.0574564 0.278096 0.0106003 
0.132367 0.0181137 0.00374274 0.161523 0.0207641 0.0859878 0.184048 0.285074 0.108379 
0.0352341 0.013184 0.00166842 0.0765894 0.0464113 0.0469664 0.305905 0.405296 0.0687453 
0.0599906 0.00872202 0.0150645 0.0779591 0.0273227 0.270144 0.0767074 0.323254 0.140836 
0.097242 0.0012657 0.0299927 0.0224315 0.0189043 0.00953898 0.343947 0.469798 0.00687979 
0.15459 0.00325378 0.0648101 0.075207 0.0187682 0.0197327 0.0501714 0.574111 0.0393552 
0.0822601 0.0109339 0.000851254 0.0389598 0.111486 0.00437287 0.316788 0.32673 0.107618 
0.0589661 0.00992469 0.103504 0.0733633 0.174879 0.0122964 0.108572 0.385225 0.0732689 
0.219896 0.0323982 0.00235517 0.123818 0.0363027 0.0497565 0.133532 0.348566 0.0533757 
0.0114471 0.00476792 0.104109 0.00406033 0.027194 0.0215524 0.306089 0.505412 0.015368 
0.0331705 0.0124495 0.0234033 0.0336813 0.0800673 0.0640888 0.15353 0.464654 0.134955 
0.168538 0.0279514 0.0319306 0.0440489 0.0678757 0.12042 0.169473 0.343934 0.025829 
0.046992 0.0529517 0.0276647 0.0262834 0.281339 0.0294402 0.12604 0.350243 0.0590456 
0.0122872 0.02382 0.0159996 0.0155248 0.147105 0.0302467 0.0967464 0.391893 0.266377 
0.0716228 0.00597304 0.0423518 0.0134254 0.101782 0.0998875 0.209079 0.393848 0.0620307 
0.162789 0.0376273 0.000636978 0.0703005 0.0421663 0.0524941 0.213689 0.32351 0.0967874 
0.0331705 0.0124495 0.0234033 0.0336813 0.0800673 0.0640888 0.15353 0.464654 0.134955 
0.119329 0.0163881 0.00247351 0.0764181 0.0439786 0.0149547 0.23419 0.378062 0.114207 
0.0283363 0.00385123 0.00705145 0.0536365 0.0642672 0.181739 0.231951 0.265135 0.164032 
0.192342 0.022064 0.000470282 0.0964881 0.0230823 0.186669 0.10652 0.219036 0.15333 
0.173846 0.0194482 0.00254708 0.102722 0.0687955 0.0870021 0.178844 0.249784 0.117011 
0.272984 0.0027641 3.22784e-05 0.0645272 0.0125418 0.0285187 0.176583 0.426182 0.015867 
0.116269 0.0122836 0.0354674 0.0290611 0.135019 0.0375606 0.0939552 0.490697 0.0496876 
0.02843 0.00963356 0.00461103 0.163385 0.249499 0.0513333 0.167894 0.269986 0.0552281 
0.158391 0.0183835 0.000333399 0.108181 0.00796967 0.0298195 0.25455 0.304554 0.117818 
0.196922 0.0190763 0.00398314 0.0398948 0.0115421 0.0395524 0.243193 0.422891 0.0229461 
0.0595219 0.00833944 0.0535848 0.0164442 0.0191839 0.028819 0.114925 0.669013 0.0301692 
0.127941 0.0310536 0.00380371 0.181806 0.128169 0.0575964 0.150903 0.201376 0.117352 
0.170018 0.0557115 0.00499826 0.0662553 0.0677645 0.0473237 0.256327 0.298002 0.0336003 
0.246854 0.0119402 0.0119736 0.0532853 0.0197643 0.0766779 0.22864 0.318087 0.032777 
0.101693 0.00868653 0.00230661 0.0287239 0.00718685 0.00918178 0.233594 0.603331 0.00529606 
0.106676 0.0229192 0.0147411 0.057665 0.00660626 0.0259921 0.325886 0.409752 0.0297622 
0.0478383 0.0217593 0.00119733 0.0410506 0.0855328 0.00655628 0.0208392 0.638828 0.136398 
0.0151175 0.0221612 0.00335831 0.0681234 0.0423175 0.00910965 0.143138 0.363439 0.333235 
0.102917 0.00557878 0.0199634 0.0318759 0.0189292 0.0429903 0.142676 0.591755 0.0433152 
0.0492224 0.0121155 0.0014222 0.0743349 0.0226404 0.133245 0.0731393 0.427577 0.206303 
0.0556532 0.00653218 0.00146205 0.0135549 0.0290324 0.0168929 0.191825 0.410932 0.274116 
0.0650195 0.0219862 0.00909274 0.103637 0.0157405 0.0828838 0.250786 0.395761 0.0550934 
0.045622 0.025445 0.0225846 0.0766424 0.0305103 0.0465371 0.254975 0.420615 0.0770689 
0.0652793 0.0224112 0.0224417 0.0728337 0.0552454 0.021138 0.226405 0.263662 0.250584 
0.163566 0.0631571 0.000624513 0.0115111 0.0389095 0.263033 0.0443213 0.410748 0.00413006 
0.222132 0.00802996 0.100016 0.0222307 0.150955 0.054448 0.140765 0.256165 0.0452589 
0.0834658 0.00117386 0.00590512 0.0196496 0.0326907 0.0705723 0.194553 0.587 0.00498905 
0.128942 0.0156204 0.00246672 0.0690257 0.0325565 0.0803295 0.16604 0.468666 0.0363535 
0.00720162 0.00586574 0.00765227 0.0227873 0.139746 0.0268173 0.287741 0.448401 0.0537878 
0.113558 0.0329551 0.00248737 0.0993397 0.0817823 0.039966 0.174756 0.35637 0.0987856 
0.0807985 0.0229174 8.9952e-05 0.0939515 0.00960588 0.021793 0.281017 0.42441 0.0654168 
0.0977073 0.0656219 3.74136e-05 0.0431649 0.0499006 0.155495 0.176231 0.239963 0.171878 
0.104403 0.0149671 0.0127447 0.120725 0.0329016 0.026889 0.20271 0.260235 0.224425 
0.0247004 0.0633576 0.0313277 0.0177494 0.1434 0.0254759 0.219991 0.292152 0.181846 
0.0468676 0.0275579 0.0131388 0.0695823 0.0499977 0.0473502 0.295535 0.353356 0.0966139 
0.0339851 0.0184912 0.00336479 0.0122961 0.0576469 0.0558198 0.111133 0.36068 0.346583 
0.0501696 0.0239738 0.0376751 0.0345667 0.13512 0.0229318 0.222429 0.253492 0.219642 
0.0723499 0.0169433 0.000223851 0.320612 0.0758252 0.0317903 0.0491899 0.393958 0.0391083 
0.128982 0.0170101 6.5024e-05 0.107429 0.00607695 0.217559 0.11209 0.386905 0.0238826 
0.176988 0.00581532 0.0397619 0.0364915 0.0856579 0.0134276 0.181184 0.336994 0.12368 
0.213717 0.0300298 0.00961919 0.0555845 0.0155595 0.0143319 0.196689 0.439071 0.0253979 
0.0615395 0.00578657 0.00813393 0.103683 0.0113125 0.0346117 0.141869 0.589651 0.0434122 
0.158753 0.0282577 0.00872494 0.126684 0.0315655 0.0244671 0.137057 0.413531 0.07096 
0.0474719 0.030282 0.142161 0.0332582 0.0463305 0.0262522 0.220869 0.350653 0.102721 
0.11483 0.0212712 0.0179644 0.0663726 0.0562604 0.0392244 0.141727 0.497804 0.0445452 
0.022259 0.00800017 0.00564594 0.0349874 0.0415936 0.0451328 0.361096 0.379098 0.102187 
0.194283 0.0119284 0.00029124 0.181589 0.0783257 0.0124288 0.145811 0.333419 0.0419236 
0.0688196 0.125179 0.00532897 0.147783 0.0147708 0.0631288 0.102564 0.386495 0.085931 
0.0808842 0.0136404 0.00555898 0.0357416 0.00747866 0.0445668 0.158235 0.633509 0.0203848 
0.113429 0.0441783 0.0073434 0.0692263 0.0598914 0.0445269 0.296621 0.322521 0.0422627 
0.0330862 0.00167417 0.0943685 0.027165 0.0142069 0.0193187 0.191527 0.555989 0.0626645 
0.0601947 0.0168136 0.0114722 0.0543459 0.0429684 0.0191539 0.169621 0.56106 0.0643702 
0.213784 0.0233344 0.00142165 0.080954 0.0374249 0.00982722 0.285984 0.308062 0.0392086 
0.0420188 0.0383163 1.79213e-05 0.144781 0.0515709 0.0245954 0.237598 0.327383 0.133718 
0.191918 0.0127494 0.00318251 0.0909874 0.024202 0.012543 0.228389 0.278064 0.157965 
