0.0181575 0.0112902 0.0137978 0.143724 0.0543131 0.0291413 0.260615 0.0638143 0.405147 
0.0477019 0.0275813 0.031104 0.0204503 0.00642552 0.01058 0.211705 0.114239 0.530213 
0.0189954 0.018061 0.162051 0.0502676 0.0492356 0.00411571 0.202467 0.238445 0.256362 
0.0490699 0.0212498 0.00302049 0.0825937 0.0273256 0.00837639 0.35735 0.0407274 0.410287 
0.00973915 0.0337181 0.00276088 0.0446615 0.0175441 0.00477187 0.0756001 0.0525531 0.758651 
0.0128811 0.0371704 0.000367878 0.055566 0.00368839 0.0461907 0.192097 0.134489 0.51755 
0.012551 0.0269811 0.002151 0.111712 0.0985772 0.0165015 0.111366 0.141297 0.478864 
0.0374424 0.0477519 0.00266869 0.200037 0.0547131 0.0302154 0.175794 0.0454325 0.405945 
0.0694265 0.00764084 0.0383942 0.0805323 0.0990935 0.0175818 0.152777 0.199264 0.33529 
0.0579714 0.0143133 0.0106059 0.0518237 0.0691938 0.0231245 0.159132 0.10862 0.505215 
0.0235939 0.00627785 0.0075361 0.112126 0.0282869 0.0116802 0.0688401 0.326123 0.415537 
0.0583185 0.00621392 0.0073301 0.128638 0.140127 0.132031 0.0640999 0.026967 0.436274 
0.067463 0.03028 0.00546905 0.0725457 0.00320497 0.0135224 0.216126 0.0397841 0.551605 
0.0906172 0.043688 0.00268702 0.0764089 0.0682048 0.00866775 0.27513 0.0617519 0.372845 
0.0303946 0.0286433 0.00142729 0.101372 0.0101386 0.0441759 0.321393 0.0545141 0.407941 
0.0202401 0.0171006 0.0035243 0.0561925 0.00827164 0.00402741 0.145076 0.0350105 0.710557 
0.0386815 0.0317429 0.00989623 0.0351719 0.011805 0.00816577 0.209916 0.138636 0.515985 
0.0141956 0.049935 0.010419 0.0454688 0.0746313 0.0123735 0.342901 0.0647882 0.385287 
0.0324964 0.0319083 0.000410537 0.15321 0.00552688 0.00266548 0.346905 0.0449349 0.381943 
0.0130902 0.0151888 1.07702e-05 0.0393589 0.0649032 0.00107076 0.236309 0.122242 0.507827 
0.0370091 0.0279758 1.22948e-05 0.11246 0.30945 0.00769251 0.086444 0.0704328 0.348523 
0.0448025 0.012849 0.000810912 0.126977 0.109922 0.0135366 0.118965 0.0672465 0.50489 
0.0279476 0.00646169 9.10665e-05 0.275463 0.00765741 0.0194608 0.236901 0.0382031 0.387814 
0.0608344 0.020507 0.00439743 0.13516 0.0304043 0.0454626 0.0951104 0.0189605 0.589164 
0.00682878 0.00569469 9.08993e-05 0.0298018 0.0197047 0.00647925 0.194325 0.0184127 0.718662 
0.0115176 0.0263248 0.00925075 0.0210512 0.0148504 0.00665643 0.118335 0.0510036 0.74101 
0.0132355 0.018367 0.350438 0.0199183 0.0181157 0.00632837 0.0970201 0.0497487 0.426829 
0.02342 0.00390649 0.000150047 0.0769325 0.00990097 0.0162552 0.16147 0.0939895 0.613975 
0.0400683 0.0246176 0.055047 0.0978624 0.066661 0.127058 0.147935 0.0421474 0.398604 
0.0371851 0.0155189 0.00379424 0.0263426 0.00766901 0.0798723 0.29479 0.0307171 0.504111 
0.0520317 0.0416279 0.000639728 0.182389 0.0145537 0.0197611 0.193118 0.069074 0.426805 
0.0284494 0.0135705 0.00389517 0.0757095 0.0145693 0.00961543 0.237245 0.0792122 0.537733 
0.0774009 0.043214 0.0155956 0.0792629 0.0650863 0.0186178 0.103402 0.15675 0.440671 
0.0403101 0.0205058 0.00138423 0.056789 0.0347347 0.0235661 0.136248 0.0222815 0.66418 
0.0325628 0.030935 0.00730293 0.177981 0.0167204 0.0465873 0.0782296 0.165273 0.444408 
0.0248136 0.018539 0.000737432 0.284903 0.0154668 0.000112388 0.0558641 0.0037323 0.595832 
0.0115176 0.0263248 0.00925075 0.0210512 0.0148504 0.00665643 0.118335 0.0510036 0.74101 
0.0983793 0.0250215 0.0334454 0.0678873 0.228138 0.019374 0.173943 0.0974065 0.256405 
0.127133 0.137839 0.00605808 0.0974268 0.0560722 0.0212913 0.151995 0.0794181 0.322766 
0.0219709 0.0282156 0.0670677 0.0637205 0.0491202 0.0851478 0.120277 0.0977341 0.466746 
0.0187031 0.0281428 0.00153688 0.0323049 0.014395 0.0108229 0.244041 0.0289241 0.621129 
0.00973915 0.0337181 0.00276088 0.0446615 0.0175441 0.00477187 0.0756001 0.0525531 0.758651 
0.0626006 0.0171124 0.000891716 0.110686 0.00949198 0.14167 0.117893 0.183275 0.35638 
0.0610497 0.0291452 0.00987545 0.0366296 0.024651 0.0124983 0.221776 0.010631 0.593743 
0.00802296 0.22964 0.00472193 0.048692 0.257817 0.0108687 0.0687684 0.0864201 0.285049 
0.0496646 0.0558776 0.000780916 0.248126 0.0932677 0.012 0.103504 0.110762 0.326017 
0.0115176 0.0263248 0.00925075 0.0210512 0.0148504 0.00665643 0.118335 0.0510036 0.74101 
0.00706646 0.0635765 0.00189321 0.167186 0.00278168 0.003948 0.0690966 0.00758054 0.676871 
0.0910861 0.0162214 3.9314e-05 0.0817036 0.00130399 0.0693762 0.169782 0.100932 0.469555 
0.0203579 0.0113772 7.49871e-05 0.147551 0.0274625 0.00460786 0.187256 0.123258 0.478054 
0.0115176 0.0263248 0.00925075 0.0210512 0.0148504 0.00665643 0.118335 0.0510036 0.74101 
0.0359865 0.0169524 0.0103444 0.123233 0.0354695 0.0290524 0.256694 0.15774 0.334527 
0.0296356 0.0189349 0.011339 0.073035 0.136316 0.0535865 0.109515 0.10759 0.460048 
0.0348851 0.00317497 0.0112278 0.0542469 0.0328477 0.0510783 0.299642 0.142986 0.369911 
0.0724557 0.00421767 0.0007818 0.134118 0.035326 0.00725185 0.217394 0.0378409 0.490614 
0.127445 0.0237597 0.00039391 0.212556 0.00850364 0.0713853 0.185056 0.149847 0.221054 
0.0340201 0.0185741 0.000307043 0.186801 0.00828854 0.0278743 0.215705 0.062705 0.445725 
0.000136635 0.00516737 2.40394e-05 0.0180648 1.9532e-05 0.00677969 0.178299 0.0610039 0.730505 
0.0176869 0.0199225 0.0201443 0.0406463 0.026588 0.0142323 0.202858 0.0473668 0.610555 
0.0366767 0.206106 0.00020693 0.173774 0.0295197 0.00240859 0.150925 0.0121974 0.388185 
0.0244529 0.0205207 0.00331067 0.0882543 0.0349293 0.0173757 0.165261 0.0870913 0.558804 
0.057886 0.0526436 0.00396172 0.155915 0.0569903 0.0161364 0.273528 0.0900936 0.292845 
0.0115176 0.0263248 0.00925075 0.0210512 0.0148504 0.00665643 0.118335 0.0510036 0.74101 
0.0174903 0.0799383 0.0109383 0.0563512 0.235528 0.0216311 0.112942 0.156464 0.308717 
0.0563659 0.0120018 0.0188513 0.0520562 0.0471521 0.0192444 0.179978 0.277199 0.337151 
0.108575 0.00548264 1.76678e-05 0.255494 0.0942266 0.021581 0.223974 0.0239099 0.266739 
0.067826 0.00466569 0.0169492 0.0371796 0.076786 0.0446839 0.12815 0.290743 0.333017 
0.015404 0.00449112 0.0389166 0.0228633 0.0826684 0.0182124 0.309926 0.175069 0.332449 
0.0285199 0.0163598 0.00972061 0.065866 0.164091 0.0245555 0.177115 0.241962 0.271809 
0.0613156 0.00637385 0.00121885 0.0714701 0.00280551 0.162782 0.105471 0.176958 0.411605 
0.0379373 0.036591 0.01056 0.166187 0.0330785 0.00987445 0.187481 0.0736264 0.444664 
0.0584392 0.0561528 0.00526814 0.0872002 0.0752016 0.0200976 0.151751 0.0778928 0.467997 
0.0115176 0.0263248 0.00925075 0.0210512 0.0148504 0.00665643 0.118335 0.0510036 0.74101 
0.0382027 0.00951294 0.000573633 0.0738141 0.0172228 0.065119 0.330511 0.0431102 0.421934 
0.0083924 0.00888753 0.000120686 0.0246207 0.0168803 0.0101933 0.243851 0.160305 0.526749 
0.0448924 0.0245216 0.00304075 0.0938249 0.0378022 0.0625949 0.216409 0.0861996 0.430714 
0.0784088 0.00320395 7.6874e-06 0.0643839 0.00331732 0.0237016 0.0501022 0.355559 0.421316 
0.0117926 0.0545071 0.034668 0.0306911 0.0770994 0.0165081 0.118151 0.137785 0.518797 
0.0592513 0.0747719 0.0125545 0.117913 0.0538153 0.0436263 0.173433 0.135785 0.32885 
0.0115176 0.0263248 0.00925075 0.0210512 0.0148504 0.00665643 0.118335 0.0510036 0.74101 
0.0296907 0.0470536 0.00318779 0.050953 0.0158833 0.0147813 0.213009 0.0557012 0.56974 
0.0329203 0.0265974 0.00479859 0.0461684 0.0815044 0.0239448 0.227958 0.104806 0.451302 
0.0375192 0.00729626 0.00135092 0.0952905 0.0348142 0.0149945 0.214083 0.163771 0.43088 
0.021236 0.0142913 0.00804983 0.158051 0.0104431 0.0691008 0.13427 0.0844413 0.500116 
0.0251122 0.0304328 0.0823169 0.102525 0.0347357 0.0103066 0.194337 0.082105 0.438129 
0.0115176 0.0263248 0.00925075 0.0210512 0.0148504 0.00665643 0.118335 0.0510036 0.74101 
0.00867373 0.0170612 0.00843669 0.0780619 0.0945378 0.013469 0.154016 0.0806825 0.545061 
0.0251489 0.0298302 0.131991 0.0875346 0.0750626 0.0225973 0.150283 0.107501 0.370051 
0.13706 0.00843848 0.00212325 0.161241 0.0705456 0.0259025 0.110486 0.126139 0.358064 
0.0588956 0.0223515 0.0258472 0.129057 0.0285209 0.0111189 0.171967 0.247802 0.30444 
0.0548712 0.0104977 0.000575068 0.144524 0.0110823 0.0300379 0.288498 0.110733 0.349181 
0.0185799 0.00946382 0.0012719 0.0497444 0.0202687 0.0153436 0.238594 0.0608653 0.585868 
0.0349453 0.0133323 0.000259188 0.124696 0.0154693 0.0123953 0.305002 0.167298 0.326603 
0.0163429 0.00432081 0.00979814 0.0597508 0.0508609 0.0229626 0.0715022 0.11684 0.647621 
0.0611636 0.0220931 0.0093909 0.0908851 0.0992381 0.0280687 0.159707 0.205506 0.323948 
0.0821305 0.0167293 3.32629e-05 0.0325508 0.000499863 0.00718858 0.110356 0.164946 0.585565 
0.00889767 0.0193766 0.00523095 0.0697097 0.0272457 0.00464271 0.168039 0.0627441 0.634114 
0.069078 0.0305932 0.0114498 0.0396575 0.0359748 0.0468649 0.274855 0.0803357 0.411191 
0.0210958 0.0616883 0.00168543 0.0280117 0.0334596 0.0120912 0.238623 0.0555803 0.547764 
0.0609719 0.0124266 0.000214138 0.0760336 0.000227595 0.143979 0.100731 0.0402268 0.565189 
0.0411451 0.0261591 4.82634e-05 0.0928153 0.022637 0.0185851 0.299289 0.0785275 0.420794 
0.0605433 0.0100267 8.77987e-05 0.0422159 0.0257183 0.00316066 0.241663 0.0312207 0.585364 
0.0912451 0.0450567 0.000978421 0.17899 0.00938212 0.0313897 0.167249 0.134397 0.341312 
0.0201802 0.0113955 0.000211414 0.0444477 0.00999998 0.0102793 0.169951 0.0971451 0.63639 
0.0734394 0.0161289 0.00240877 0.0536407 0.0389965 0.0246322 0.322074 0.0642663 0.404414 
0.0641739 0.010487 0.000236784 0.062414 0.0260419 0.0445685 0.332551 0.0654316 0.394095 
0.0520637 0.00630567 0.000100281 0.121771 0.0186354 0.114196 0.228545 0.0345459 0.423837 
0.0972955 0.0409152 5.42623e-05 0.117972 0.00411829 0.0166782 0.224292 0.0438354 0.454839 
0.0201103 0.00918901 0.000934688 0.0986461 0.00133069 0.00383533 0.134743 0.066254 0.664957 
0.0342001 0.0361415 0.00099038 0.0775584 0.0170584 0.0138672 0.208794 0.0398001 0.57159 
0.048269 0.0029639 0.000360518 0.287441 0.00225123 0.00827937 0.253569 0.01975 0.377116 
0.0115176 0.0263248 0.00925075 0.0210512 0.0148504 0.00665643 0.118335 0.0510036 0.74101 
0.0559627 0.072258 7.86922e-05 0.129236 0.0192168 0.0148828 0.276567 0.0946016 0.337197 
0.0451689 0.024207 0.0174889 0.0911154 0.0852499 0.022154 0.230509 0.0894782 0.394629 
0.0137555 0.0257798 0.00052046 0.0164357 0.00267703 0.0031811 0.08027 0.00906769 0.848313 
0.0111694 0.104303 0.00166536 0.05085 0.00594239 0.014904 0.194154 0.0197776 0.597235 
0.0176869 0.0199225 0.0201443 0.0406463 0.026588 0.0142323 0.202858 0.0473668 0.610555 
0.0822268 0.0244664 0.00623669 0.099356 0.035514 0.028104 0.266676 0.0476987 0.409721 
0.0224571 0.00891368 7.84361e-05 0.0841493 0.0121717 0.0360706 0.0830149 0.022306 0.730838 
0.00367129 0.0184464 0.000612171 0.142653 0.0258032 0.00189524 0.189704 0.0233519 0.593863 
6.56757e-06 0.000417424 1.89531e-07 0.213077 0.0476405 4.71691e-06 0.0889882 0.0469139 0.602951 
9.93532e-06 3.13872e-06 5.23238e-07 2.19058e-05 0.00865974 5.11137e-06 0.0278497 5.31951e-06 0.963445 
0.0607413 0.0234074 0.000723947 0.152176 0.014819 0.0173344 0.293855 0.0685589 0.368385 
0.0697432 0.0186807 0.00393871 0.07169 0.0695876 0.00919603 0.329174 0.0635619 0.364428 
0.0302437 0.045138 0.000978907 0.161794 0.0109941 0.0113537 0.242369 0.0389133 0.458215 
0.0257345 0.00862915 0.000569385 0.18162 0.0253309 0.00467095 0.179338 0.0639199 0.510187 
0.0831963 0.0124597 0.000425043 0.113139 0.0572964 0.035036 0.18127 0.0829604 0.434217 
0.0190504 0.00937375 0.00012928 0.073296 0.0146515 0.0119862 0.238603 0.0696098 0.5633 
0.0457896 0.172687 0.00090376 0.117221 0.018813 0.0070646 0.21653 0.0988548 0.322136 
0.196944 0.00247481 9.40212e-06 0.014894 1.08264e-05 0.159849 0.259175 0.0902276 0.276416 
0.0459312 0.131559 0.000236869 0.210989 0.0407859 0.0196811 0.151966 0.0674612 0.33139 
0.0115176 0.0263248 0.00925075 0.0210512 0.0148504 0.00665643 0.118335 0.0510036 0.74101 
0.0532629 0.000848545 0.000134922 0.0171716 0.00158326 0.018266 0.106058 0.267161 0.535514 
0.0199394 0.0544099 1.26704e-05 0.116749 0.0133377 0.00375083 0.256275 0.0852944 0.450231 
0.0580698 0.0342821 0.00149615 0.0932507 0.0291331 0.036018 0.248173 0.075111 0.424466 
0.0425289 0.0118218 0.00856723 0.0733756 0.00453836 0.0697822 0.274237 0.147684 0.367465 
0.0491429 0.0704775 0.00289965 0.159483 0.0307165 0.0264125 0.239199 0.131928 0.289741 
0.164741 0.0127185 0.00846261 0.0668815 0.155333 0.0269713 0.122391 0.0775244 0.364976 
0.00441164 0.0230575 0.00275417 0.0233398 0.106086 0.00901494 0.229902 0.127597 0.473838 
0.0606977 0.0161087 0.00029013 0.0937423 0.0083326 0.0534772 0.33971 0.0527012 0.37494 
0.0398305 0.0178057 0.00460712 0.113207 0.0898484 0.0187281 0.163624 0.100152 0.452197 
0.0136025 0.0167029 5.40576e-05 0.134658 0.0424351 0.0138594 0.17608 0.0581645 0.544444 
0.0368835 0.00306806 0.118693 0.0170514 0.066482 0.0327735 0.202053 0.240831 0.282165 
0.0357019 0.0366791 0.00849942 0.111396 0.0222099 0.0170736 0.177265 0.0864567 0.504718 
0.0115176 0.0263248 0.00925075 0.0210512 0.0148504 0.00665643 0.118335 0.0510036 0.74101 
0.10726 0.0312223 0.00669136 0.153261 0.0147263 0.00965081 0.24042 0.0426567 0.394111 
0.0401776 0.0341215 1.87261e-05 0.120272 0.0653654 0.0106075 0.194357 0.0449193 0.49016 
0.110067 0.0229164 0.000163345 0.157789 0.0121494 0.0179921 0.275683 0.0886454 0.314594 
0.0297739 0.0206037 0.00332317 0.119265 0.0246793 0.0179209 0.172941 0.0484097 0.563084 
0.0115176 0.0263248 0.00925075 0.0210512 0.0148504 0.00665643 0.118335 0.0510036 0.74101 
0.0115176 0.0263248 0.00925075 0.0210512 0.0148504 0.00665643 0.118335 0.0510036 0.74101 
0.0452069 0.00139261 6.43085e-05 0.0846027 0.00227936 0.00889607 0.165988 0.09772 0.593851 
0.0672849 0.0126186 0.00156422 0.0982486 0.0396269 0.0221339 0.283549 0.106589 0.368385 
0.0212134 0.0122724 0.0392535 0.0409495 0.124855 0.0190407 0.0836919 0.243085 0.415638 
0.0638194 0.0413046 0.00164516 0.255689 0.0283349 0.0100644 0.224731 0.0495927 0.324819 
0.0239439 0.032581 0.000837865 0.055959 0.00786238 0.00659977 0.269318 0.0251805 0.577718 
0.0628154 0.0242035 0.0225407 0.0579697 0.145423 0.0484686 0.194854 0.212897 0.230828 
0.0196131 0.0238533 0.00287742 0.0240837 0.048747 0.0163797 0.245487 0.0562002 0.562759 
0.000467812 0.00304154 1.39275e-05 0.0977625 0.00177019 0.00125655 0.289749 0.0252358 0.580703 
0.00701929 0.0308206 0.00642226 0.0686477 0.062263 0.0163095 0.155425 0.0921752 0.560918 
0.0115176 0.0263248 0.00925075 0.0210512 0.0148504 0.00665643 0.118335 0.0510036 0.74101 
0.0176869 0.0199225 0.0201443 0.0406463 0.026588 0.0142323 0.202858 0.0473668 0.610555 
0.0438232 0.0461787 0.000589881 0.108351 0.00338134 0.0067355 0.295478 0.0150696 0.480393 
0.132775 0.00293932 0.011261 0.000609373 0.0169327 0.18699 0.284065 0.0175119 0.346915 
0.0713299 0.0299843 0.0023126 0.0737262 0.0222282 0.0366539 0.254683 0.112799 0.396283 
0.0668848 0.069631 0.00378971 0.0757309 0.105287 0.0104724 0.256431 0.113679 0.298095 
0.0246802 0.0314941 0.00654644 0.143644 0.0154416 0.0225184 0.199033 0.0334989 0.523143 
0.0908794 0.00718143 0.0183987 0.0322213 0.0486063 0.0482695 0.186409 0.0935738 0.474461 
0.0517102 0.0639552 4.68734e-05 0.0521945 0.0171845 0.0245571 0.150919 0.0227033 0.616729 
0.0147537 0.0111403 7.96741e-05 0.0221995 0.000925963 0.00146632 0.237724 0.0647626 0.646948 
0.0329896 0.0169066 0.00858 0.158592 0.000350104 0.00742828 0.14024 0.0105771 0.624336 
0.0359048 0.0246066 0.00784279 0.0916049 0.0429689 0.0205607 0.231518 0.166731 0.378263 
0.0339432 0.0108187 0.214812 0.104349 0.0937778 0.0121492 0.155066 0.148288 0.226796 
0.0315157 0.056216 0.0106625 0.124873 0.157993 0.0576018 0.110266 0.153536 0.297336 
0.0115955 0.147186 0.00209797 0.0817862 0.00380463 0.0072505 0.205297 0.0378277 0.503154 
0.0311225 0.0150049 0.0328734 0.0151137 0.0245775 0.0152406 0.141496 0.0696755 0.654896 
0.101506 0.0145485 0.00296535 0.0350148 0.0162926 0.0360333 0.256541 0.0824126 0.454686 
0.0197726 0.00715688 0.00222795 0.021422 0.0033095 0.00244666 0.212268 0.0186039 0.712793 
0.00759465 0.0150108 2.31612e-07 0.00950162 0.000874989 0.00328059 0.00215237 0.022127 0.939458 
0.107521 0.0260673 0.00187318 0.0328686 0.00473658 0.0366025 0.187675 0.145893 0.456762 
0.0112279 0.037004 0.0132369 0.0273423 0.155917 0.0159212 0.108023 0.0500206 0.581307 
0.0217858 0.0302441 4.50008e-05 0.121053 0.015538 0.00532833 0.297556 0.0375012 0.470948 
0.0296989 0.0343431 0.00947316 0.0719318 0.0529785 0.0106607 0.175534 0.132485 0.482895 
0.0289598 0.011124 0.000791749 0.0881124 0.00546475 0.0135805 0.337295 0.149087 0.365584 
0.0329724 0.00270154 0.101196 0.0199652 0.0346952 0.0272796 0.178301 0.298056 0.304833 
0.0140858 0.048198 0.00221463 0.0808626 0.0774779 0.00456531 0.184885 0.122277 0.465434 
0.0184219 0.00716136 0.00739597 0.0246564 0.0623331 0.0644449 0.170754 0.0822487 0.562584 
0.00336466 0.0215609 0.000278158 0.0468387 0.00171557 0.0327286 0.193122 0.101868 0.598523 
0.0170462 0.071839 2.48695e-05 0.200407 0.00190212 0.0110539 0.261598 0.0353086 0.40082 
0.0181351 0.0169332 0.00736279 0.183913 0.0104557 0.0393463 0.30048 0.069764 0.35361 
0.0524877 0.0268582 0.00823072 0.0678777 0.0303647 0.0117964 0.203629 0.122706 0.476049 
0.0976569 0.0116489 0.0130407 0.14015 0.0973135 0.047746 0.269756 0.052262 0.270426 
0.0115176 0.0263248 0.00925075 0.0210512 0.0148504 0.00665643 0.118335 0.0510036 0.74101 
0.0141179 0.0315335 0.000547563 0.0319679 0.0341733 0.127856 0.134795 0.0472302 0.577778 
0.04313 0.0764436 0.00148723 0.236378 0.0295312 0.0224835 0.239051 0.0593411 0.292154 
0.0866684 0.0141573 0.00442884 0.0970832 0.048794 0.0265874 0.121078 0.0900689 0.511134 
0.0208403 0.0171736 0.172008 0.0461823 0.0322171 0.0219519 0.219764 0.151746 0.318116 
0.00695524 0.00209669 3.49156e-05 0.103201 0.0658751 0.00363388 0.268674 0.0277605 0.521769 
0.0948063 0.0306908 5.43975e-05 0.078709 0.0194629 0.0642893 0.184866 0.254082 0.273039 
0.0695333 0.0237074 0.00174546 0.18855 0.0235843 0.00840762 0.171827 0.143211 0.369434 
0.0197472 0.0407893 0.00290295 0.0987138 0.0132625 0.0271384 0.117766 0.0685537 0.611126 
0.0318729 0.0133145 0.00529365 0.0933005 0.154348 0.0192225 0.19316 0.167261 0.322227 
0.0130293 0.0179152 0.0068892 0.047898 0.0866901 0.012487 0.1724 0.0786486 0.564042 
0.0363659 0.042361 0.00520386 0.135469 0.175108 0.0249783 0.172367 0.115468 0.292678 
0.0485466 0.0401022 8.10336e-05 0.102261 0.0302923 0.00961795 0.124721 0.0385264 0.605852 
0.054727 0.0339428 7.09304e-05 0.0550319 0.0416793 0.0213963 0.133999 0.0903792 0.568773 
0.0115176 0.0263248 0.00925075 0.0210512 0.0148504 0.00665643 0.118335 0.0510036 0.74101 
0.0115176 0.0263248 0.00925075 0.0210512 0.0148504 0.00665643 0.118335 0.0510036 0.74101 
0.0466477 0.0835161 0.00125046 0.0592102 0.179585 0.00602393 0.0654026 0.0612084 0.497156 
0.0703888 0.0165602 0.00368235 0.0936572 0.0122919 0.0193943 0.187939 0.106589 0.489498 
0.0225763 0.00862849 0.00971766 0.0475596 0.0739544 0.0271289 0.140635 0.144734 0.525066 
0.0676932 0.0661695 0.0671135 0.086823 0.131398 0.0440183 0.138446 0.12888 0.269458 
0.0283732 0.0483571 0.00331311 0.0758865 0.0877354 0.00675338 0.14653 0.0413394 0.561712 
0.0115176 0.0263248 0.00925075 0.0210512 0.0148504 0.00665643 0.118335 0.0510036 0.74101 
0.00764439 0.021006 7.62125e-05 0.0505125 0.00443364 0.00641772 0.212803 0.048848 0.648258 
0.00985656 0.014156 0.0746473 0.027229 0.0249128 0.00998941 0.0839559 0.24981 0.505444 
0.00530977 0.0172996 0.00873232 0.120179 0.230864 0.0672572 0.116604 0.147379 0.286375 
0.0183842 0.0228257 0.0049973 0.0824092 0.0148752 0.0173421 0.281087 0.116277 0.441803 
0.0420472 0.0115826 0.125437 0.0461966 0.0931466 0.0218122 0.18726 0.109918 0.362601 
0.0356984 0.00524287 0.0262766 0.0378301 0.068246 0.0150411 0.28145 0.120027 0.410188 
0.025226 0.0188123 0.00663346 0.045014 0.10076 0.0322061 0.109336 0.0994113 0.562601 
0.0423618 0.122923 0.000148559 0.185775 0.0384699 0.0150693 0.183978 0.0709292 0.340345 
0.0802233 0.0331513 0.000832595 0.110651 0.0458896 0.0124511 0.28365 0.0257255 0.407426 
0.0370448 0.0169928 0.00783791 0.0436664 0.111221 0.0185396 0.190983 0.108768 0.464946 
0.136839 0.0931359 0.000171404 0.0890655 0.0144889 0.0192214 0.140139 0.0358681 0.47107 
0.00856923 0.0411382 0.152605 0.0543306 0.102456 0.0039906 0.157319 0.0828823 0.39671 
0.00734435 0.0234494 0.000775226 0.121108 0.0215002 0.00216386 0.184807 0.0288585 0.609993 
0.0305952 0.042794 0.0221339 0.0590009 0.100015 0.055201 0.180919 0.160134 0.349206 
0.0270087 0.0238374 4.28337e-05 0.0958898 0.00951893 0.00604989 0.232663 0.0152667 0.589722 
0.0726017 0.03045 0.0257743 0.0416744 0.110888 0.145699 0.221194 0.0323615 0.319358 
0.0427318 0.0200653 0.00414414 0.0990772 0.0296892 0.017988 0.153108 0.172164 0.461032 
0.0171046 0.0710851 5.53093e-05 0.153482 0.0119623 0.0221904 0.138492 0.0551381 0.53049 
0.0315037 0.0130659 0.00976999 0.0770443 0.0627896 0.199775 0.107425 0.0799899 0.418636 
0.0115176 0.0263248 0.00925075 0.0210512 0.0148504 0.00665643 0.118335 0.0510036 0.74101 
0.0115176 0.0263248 0.00925075 0.0210512 0.0148504 0.00665643 0.118335 0.0510036 0.74101 
0.0808642 0.042237 0.00124069 0.208645 0.0132228 0.0193579 0.263874 0.056936 0.313622 
0.0241497 0.033568 0.00571811 0.0642213 0.0863213 0.00647781 0.133448 0.0891745 0.556921 
0.0526568 0.0214479 0.00235964 0.120257 0.0269138 0.0312892 0.281168 0.0461407 0.417768 
0.0173295 0.0111801 0.241832 0.0447695 0.16972 0.00491336 0.0666471 0.0661775 0.377431 
0.0115176 0.0263248 0.00925075 0.0210512 0.0148504 0.00665643 0.118335 0.0510036 0.74101 
0.0403189 0.0141562 0.0033911 0.0389536 0.0140513 0.00758439 0.291729 0.0511337 0.538681 
0.0800318 0.0203085 0.0533528 0.0636667 0.0573799 0.0196807 0.288579 0.103545 0.313456 
0.0355901 0.0425168 0.0112116 0.031889 0.127143 0.0152915 0.166156 0.13087 0.439331 
0.0587026 0.0332113 0.0582169 0.0430679 0.101993 0.0204487 0.149856 0.138489 0.396015 
0.0305546 0.0107911 0.220881 0.100742 0.0645179 0.0100123 0.135596 0.185674 0.241231 
0.0234163 0.0167783 0.00216996 0.190368 0.024259 0.0296632 0.222891 0.127923 0.362531 
0.0840695 0.0448415 0.0069378 0.0526971 0.108819 0.0208598 0.193899 0.184163 0.303713 
0.0475352 0.013147 0.000446261 0.192623 0.0498046 0.0289241 0.101175 0.07855 0.487795 
0.0506277 0.0352544 0.0115173 0.114636 0.0358441 0.059394 0.231729 0.145441 0.315557 
0.015194 0.0667528 0.00970798 0.0598689 0.118755 0.012616 0.0795882 0.174129 0.463388 
0.0176233 0.0106095 0.0116506 0.0393616 0.0660125 0.0249165 0.172082 0.251367 0.406377 
0.0275575 0.00655194 0.0187813 0.0217124 0.0438413 0.0145269 0.202905 0.170932 0.493191 
0.0163381 0.0743753 0.00206388 0.207801 0.0845283 0.0117063 0.169914 0.162908 0.270366 
0.0309 0.0374441 0.00848065 0.0803484 0.0484516 0.100419 0.0788848 0.142871 0.472201 
0.0722021 0.0603537 0.000100106 0.198406 0.0380372 0.0419987 0.175326 0.0488359 0.36474 
0.0123597 0.0171438 0.00535371 0.0666277 0.179454 0.0205992 0.23123 0.173162 0.294069 
0.0644792 0.0330561 0.0053617 0.143923 0.0257861 0.0105086 0.251648 0.116605 0.348632 
0.0115176 0.0263248 0.00925075 0.0210512 0.0148504 0.00665643 0.118335 0.0510036 0.74101 
0.0221691 0.0142025 0.000853472 0.0683353 0.00540214 0.0313342 0.39187 0.0583921 0.407441 
0.0309414 0.021526 0.0125623 0.0667538 0.0278305 0.0254345 0.238614 0.109601 0.466737 
0.0256377 0.0376088 6.47899e-05 0.0702711 0.0175026 0.00925709 0.1478 0.0359047 0.655953 
0.0155757 0.0500575 1.86059e-05 0.0567979 0.0188203 0.0222694 0.0517511 0.103742 0.680967 
0.0115176 0.0263248 0.00925075 0.0210512 0.0148504 0.00665643 0.118335 0.0510036 0.74101 
0.0244922 0.0161271 0.000135897 0.0316308 0.00719116 0.0392973 0.402317 0.0179818 0.460827 
0.0153511 0.0176532 0.287798 0.0148288 0.00823565 0.0208264 0.0840964 0.0328121 0.518398 
0.0516562 0.00205116 0.00248347 0.0801518 0.0109278 0.0694162 0.314415 0.0406663 0.428232 
0.0115176 0.0263248 0.00925075 0.0210512 0.0148504 0.00665643 0.118335 0.0510036 0.74101 
0.0255379 0.0252336 0.00626423 0.0606578 0.132358 0.0431065 0.208446 0.127116 0.37128 
0.0115176 0.0263248 0.00925075 0.0210512 0.0148504 0.00665643 0.118335 0.0510036 0.74101 
0.194562 0.01742 0.0032808 0.0655987 0.0341379 0.0186094 0.294894 0.0589155 0.312582 
0.00898394 0.00996223 0.000159763 0.0592 0.00072295 0.00563388 0.0773964 0.00666637 0.831274 
0.0261536 0.0654713 0.00780654 0.0848459 0.0124453 0.00587444 0.213604 0.0619897 0.521809 
0.0490174 0.0128405 0.00460055 0.0623611 0.0834849 0.0446521 0.156121 0.0624115 0.524511 
0.0420472 0.0115826 0.125437 0.0461966 0.0931466 0.0218122 0.18726 0.109918 0.362601 
0.0196551 0.0115723 0.0032038 0.0558856 0.0841793 0.00649963 0.267295 0.0851986 0.466511 
1.65775e-09 8.77327e-06 1.37326e-05 0.199353 0.0111429 1.58485e-05 0.162487 0.0641249 0.562853 
0.07639 0.054775 0.00133852 0.161615 0.0866127 0.0732608 0.121085 0.0392494 0.385674 
0.0165859 0.0075594 5.81682e-05 0.0432821 0.0271816 0.0426771 0.260712 0.0714455 0.530498 
0.0335539 0.0240168 0.000107044 0.147998 0.0183483 0.0539843 0.171102 0.103467 0.447424 
0.0360282 0.0291478 0.000326401 0.0351096 0.137338 0.00831289 0.117945 0.0167827 0.619009 
0.0115176 0.0263248 0.00925075 0.0210512 0.0148504 0.00665643 0.118335 0.0510036 0.74101 
0.146613 0.0278153 0.0020095 0.0954218 0.00888891 0.13329 0.141651 0.125347 0.318964 
0.0115176 0.0263248 0.00925075 0.0210512 0.0148504 0.00665643 0.118335 0.0510036 0.74101 
0.0472208 0.0204455 0.000248488 0.117713 0.0163007 0.00852339 0.322828 0.0428841 0.423836 
0.0459792 0.00414543 0.003572 0.065743 0.0238154 0.11911 0.127516 0.129021 0.481098 
0.0144683 0.0159826 0.0331557 0.0939846 0.0275187 0.0120935 0.0376061 0.0401886 0.725002 
0.0682027 0.0312462 0.00216393 0.0507663 0.0379838 0.0210319 0.220692 0.0332696 0.534644 
0.0322164 0.052878 0.000567765 0.213629 0.0513497 0.00817043 0.163654 0.18947 0.288064 
0.0672211 0.0208634 0.0105944 0.0827129 0.116673 0.0173482 0.133166 0.0641501 0.487271 
0.00101481 0.000998696 4.00712e-05 0.0386175 0.0489747 0.00849848 0.115896 0.0778153 0.708145 
0.0265529 0.00961949 0.000182998 0.0524828 0.0252745 0.0483288 0.17534 0.0658677 0.596351 
0.00932953 0.00635214 0.0101181 0.0425167 0.0367376 0.0182689 0.169826 0.0479991 0.658852 
0.0417309 0.0289653 8.91655e-05 0.0896975 0.0140032 0.0119171 0.150499 0.123399 0.539699 
0.00666518 0.0593782 0.000325678 0.170351 0.00583663 0.00101051 0.165534 0.0268402 0.564059 
0.0311225 0.0150049 0.0328734 0.0151137 0.0245775 0.0152406 0.141496 0.0696755 0.654896 
0.034674 0.0166068 5.09318e-05 0.0681619 0.00324417 0.0100104 0.157199 0.0229645 0.687088 
0.0394238 0.00579274 0.0235661 0.0373748 0.0783473 0.0303696 0.320384 0.0489049 0.415837 
0.0539111 0.0216155 0.0215115 0.0511646 0.0324866 0.0165223 0.212484 0.134165 0.456139 
0.0115176 0.0263248 0.00925075 0.0210512 0.0148504 0.00665643 0.118335 0.0510036 0.74101 
0.0252101 0.00647746 0.00295244 0.0217813 0.129117 0.0100253 0.0869626 0.0904695 0.627004 
0.00853603 0.0179944 0.000656951 0.173784 0.0408096 0.00300501 0.109076 0.0557126 0.590425 
0.0115176 0.0263248 0.00925075 0.0210512 0.0148504 0.00665643 0.118335 0.0510036 0.74101 
0.065971 0.0162127 0.000342081 0.189297 0.0200715 0.0136398 0.13663 0.10406 0.453776 
0.0237585 0.0197805 0.00582595 0.0886054 0.0410799 0.0306669 0.326086 0.0888644 0.375333 
0.01675 0.0628904 5.86344e-05 0.0915878 0.0478457 0.00649786 0.0638427 0.0790536 0.631473 
0.00997932 0.0237006 0.000883145 0.0384901 0.00673959 0.00307125 0.302211 0.0256782 0.589247 
0.0379653 0.00809408 0.000610547 0.095732 0.0466264 0.0521646 0.0870564 0.0901556 0.581595 
0.0192334 0.00843383 0.00023418 0.0973118 0.0147499 0.00514027 0.0755031 0.0888964 0.690497 
0.0260323 0.0233448 0.00822139 0.136012 0.229273 0.0114903 0.142838 0.191143 0.231645 
0.0567076 0.0169037 0.00451136 0.0785819 0.017115 0.0229858 0.280453 0.181947 0.340795 
0.049081 0.0825126 0.00327699 0.199722 0.140557 0.0179443 0.0815134 0.0411533 0.38424 
0.0396693 0.0726571 0.000472712 0.097102 0.0450473 0.0214338 0.267839 0.0829631 0.372816 
0.112204 0.0295796 0.0536514 0.0452952 0.0644043 0.0318945 0.14739 0.157254 0.358327 
0.0436015 0.00319951 0.00628607 0.0410988 0.203986 0.013478 0.14631 0.102081 0.439959 
0.0294864 0.0528378 0.000108534 0.0420804 0.0149711 0.00577928 0.231432 0.0378185 0.585486 
0.0656601 0.0689086 4.36275e-05 0.202787 0.0105627 0.0266347 0.214397 0.0612647 0.349742 
0.0436636 0.0352551 0.00930631 0.128242 0.0104718 0.0390193 0.154265 0.0676684 0.512109 
0.0997918 0.028941 0.0112248 0.107325 0.111786 0.039107 0.161427 0.199358 0.241039 
0.070729 0.0252371 0.104509 0.15926 0.0559733 0.0123653 0.196293 0.164455 0.211179 
0.187043 0.00512414 0.00615985 0.0112176 0.0203481 0.00312731 0.130621 0.011958 0.6244 
0.0398305 0.0178057 0.00460712 0.113207 0.0898484 0.0187281 0.163624 0.100152 0.452197 
0.0283093 0.00293959 7.41091e-05 0.0662234 0.00192589 0.00903758 0.11737 0.0713676 0.702753 
0.00993721 0.0727788 1.62647e-05 0.111957 0.0771859 0.0203308 0.132872 0.138996 0.435927 
0.0828524 0.0526017 0.000605578 0.170255 0.0366491 0.0281502 0.0921891 0.0830738 0.453623 
0.0137597 0.0181524 0.0581766 0.0321315 0.0936524 0.00632851 0.19516 0.0592921 0.523347 
0.0353915 0.0401043 0.00818429 0.0695468 0.0300404 0.015594 0.215654 0.0388421 0.546643 
0.094224 0.0357932 0.00368053 0.0491633 0.0441981 0.0484249 0.287102 0.0505168 0.386897 
0.0115176 0.0263248 0.00925075 0.0210512 0.0148504 0.00665643 0.118335 0.0510036 0.74101 
0.0349032 0.00758419 0.0281424 0.0276908 0.139242 0.0224072 0.124837 0.0722833 0.54291 
0.0287478 0.0137461 0.00918477 0.046475 0.0209708 0.0884168 0.239029 0.0349978 0.518432 
0.0367186 0.00784255 0.000892973 0.0812182 0.0211661 0.01113 0.131584 0.0925911 0.616856 
0.0558821 0.0307177 0.00105057 0.153566 0.00884851 0.0372107 0.135545 0.1119 0.46528 
0.0384994 0.00439741 0.00487425 0.00707495 0.0865792 0.010026 0.268553 0.0409287 0.539067 
0.0421978 0.0113948 0.00505437 0.108051 0.0242178 0.234974 0.084513 0.205254 0.284342 
0.0294776 0.0137332 0.00771501 0.0226924 0.0310334 0.0166535 0.244146 0.028609 0.60594 
0.22688 0.022074 0.0186397 0.0385614 0.0800997 0.0497082 0.179037 0.0926989 0.292302 
0.0115176 0.0263248 0.00925075 0.0210512 0.0148504 0.00665643 0.118335 0.0510036 0.74101 
0.0363672 0.040545 0.0152094 0.0544246 0.1008 0.048674 0.194886 0.10913 0.399964 
0.0218106 0.00159204 0.0153669 0.0298733 0.0960605 0.0114716 0.0796318 0.149488 0.594705 
0.0580935 0.0154843 0.0169176 0.0784378 0.0771602 0.0324052 0.21675 0.175357 0.329394 
0.0115176 0.0263248 0.00925075 0.0210512 0.0148504 0.00665643 0.118335 0.0510036 0.74101 
0.034416 0.0590452 0.0327812 0.0764539 0.0322622 0.0227821 0.262581 0.0649178 0.414761 
0.0367272 0.0397838 3.87931e-05 0.128473 0.0229671 0.00135114 0.264977 0.00996592 0.495715 
0.0569483 0.0139034 0.000205985 0.173434 0.00759543 0.0080612 0.321236 0.0596292 0.358986 
0.0357186 0.0240726 0.00274071 0.0337459 0.0855728 0.110516 0.0473201 0.0163715 0.643942 
0.00306558 0.248828 1.91302e-05 0.114876 0.00309895 0.00207646 0.121127 0.0197973 0.487111 
0.0174269 0.0350532 0.0042247 0.0396979 0.0175235 0.0546941 0.227204 0.236154 0.368022 
0.0150129 0.0393459 0.000780705 0.0555357 0.00534213 0.0137187 0.252455 0.0628279 0.554981 
0.0227035 0.0338167 0.0567605 0.040723 0.129608 0.0179519 0.138547 0.168853 0.391037 
0.110552 0.00964689 0.0521716 0.0338069 0.0661645 0.0147827 0.197638 0.0465127 0.468725 
0.0712435 0.0179286 0.008321 0.0524274 0.0380049 0.0433554 0.335264 0.0823232 0.351132 
0.0198325 0.0243694 9.41566e-05 0.0590488 0.143616 0.0136132 0.171791 0.103476 0.464159 
0.0511611 0.046666 0.000104849 0.199003 0.0261723 0.0199862 0.221855 0.0560094 0.379042 
0.0349041 0.0748627 0.000175608 0.066075 0.0235999 0.0174881 0.115892 0.0294885 0.637514 
0.0115176 0.0263248 0.00925075 0.0210512 0.0148504 0.00665643 0.118335 0.0510036 0.74101 
0.0141966 0.0251002 0.0130485 0.0322358 0.0189405 0.0107213 0.168321 0.050533 0.666903 
0.0412865 0.0293843 0.000579145 0.130087 0.00735958 0.0486052 0.186136 0.0499353 0.506627 
0.0129213 0.0113485 0.000727669 0.0480837 0.0168525 0.0100223 0.155727 0.0474021 0.696915 
0.0133271 0.0190042 0.000266327 0.298221 0.00453579 0.0032337 0.271913 0.021004 0.368494 
0.0645367 0.0252052 0.00397686 0.0570739 0.0288388 0.0140004 0.170423 0.106155 0.529791 
0.0614763 0.0200646 0.00027297 0.0889013 0.0115432 0.0143022 0.209366 0.0637095 0.530364 
0.059833 0.0360277 0.0033492 0.104398 0.0202458 0.0391561 0.268323 0.0779948 0.390673 
0.0889149 0.0317457 0.0325571 0.0362632 0.253839 0.0486817 0.123096 0.129744 0.255158 
0.0115176 0.0263248 0.00925075 0.0210512 0.0148504 0.00665643 0.118335 0.0510036 0.74101 
0.0406494 0.013199 0.046576 0.0851307 0.189312 0.0433738 0.136701 0.115031 0.330028 
0.00165743 0.215223 1.28992e-06 0.103074 6.61286e-07 0.000390983 0.087501 0.00358113 0.588571 
0.0684033 0.0116573 5.35916e-05 0.27706 0.00675854 0.0441452 0.139811 0.0500159 0.402095 
0.0115977 0.0136541 0.000476613 0.0626157 0.0115152 0.0224215 0.178088 0.0203434 0.679288 
0.0206205 0.0134296 0.00790374 0.0666593 0.00990086 0.0606589 0.214226 0.0923144 0.514287 
0.0394169 0.0136748 0.00172064 0.136749 0.0159682 0.0456397 0.114403 0.228592 0.403836 
0.0115176 0.0263248 0.00925075 0.0210512 0.0148504 0.00665643 0.118335 0.0510036 0.74101 
0.0116158 0.0102129 0.000407244 0.0369226 0.0109983 0.00565204 0.286845 0.0624742 0.574872 
0.096551 0.066707 0.00534417 0.160566 0.0254972 0.0120373 0.206836 0.0606763 0.365785 
0.0176869 0.0199225 0.0201443 0.0406463 0.026588 0.0142323 0.202858 0.0473668 0.610555 
0.0136863 0.0321411 0.00137206 0.164748 0.00420821 0.0106072 0.125266 0.030792 0.61718 
0.0436636 0.0352551 0.00930631 0.128242 0.0104718 0.0390193 0.154265 0.0676684 0.512109 
0.0115176 0.0263248 0.00925075 0.0210512 0.0148504 0.00665643 0.118335 0.0510036 0.74101 
0.0600365 0.012992 0.000141571 0.041987 0.00184575 0.0151234 0.185909 0.0574132 0.624551 
0.0115176 0.0263248 0.00925075 0.0210512 0.0148504 0.00665643 0.118335 0.0510036 0.74101 
0.0231112 0.0448373 0.00215293 0.14571 0.045662 0.0195033 0.190636 0.084513 0.443874 
0.1079 0.029803 0.00146401 0.274217 0.0150298 0.0097898 0.161597 0.114154 0.286046 
0.0466336 0.0174715 0.00015109 0.0661409 0.0362371 0.0103449 0.360779 0.0705907 0.391652 
0.0179907 0.00504374 0.220678 0.00683838 0.129105 0.00697046 0.176911 0.0608354 0.375627 
0.113124 0.0742845 0.000950832 0.247569 0.0102978 0.0187902 0.244493 0.021985 0.268506 
0.0635739 0.0118244 0.186692 0.0422557 0.0122342 0.0535779 0.250507 0.0795521 0.299782 
0.0233935 0.00871209 0.00600614 0.0209679 0.021186 0.015123 0.205316 0.0911562 0.608139 
0.0751341 0.016378 0.000265087 0.0690448 0.0141822 0.0159457 0.325526 0.0504345 0.43309 
0.0391143 0.0378366 0.00330678 0.0518089 0.0203749 0.0328209 0.238127 0.0716823 0.504929 
0.0329268 0.00651421 0.0110174 0.0493608 0.155247 0.0145086 0.176208 0.0751714 0.479045 
0.0176869 0.0199225 0.0201443 0.0406463 0.026588 0.0142323 0.202858 0.0473668 0.610555 
0.0513501 0.0386129 0.00118307 0.299221 0.00315419 0.0475153 0.0605755 0.10566 0.392728 
0.0232905 0.00482311 0.0214687 0.0497311 0.0350384 0.0109238 0.200708 0.0806673 0.573349 
0.0109155 0.00158396 0.000175452 0.16059 0.0226868 0.00286523 0.245342 0.137814 0.418027 
0.0243902 0.0130589 0.000671226 0.0450973 0.00851397 0.00904048 0.150894 0.0300549 0.71828 
0.0302815 0.0155578 0.00213823 0.172422 0.00868569 0.00745044 0.0553153 0.0222201 0.685929 
0.0286064 0.092426 0.123818 0.0900753 0.0322173 0.00918623 0.134584 0.0588363 0.430251 
0.0403592 0.0148901 0.0181005 0.0360598 0.0228228 0.0131224 0.161511 0.0326392 0.660495 
0.0501378 0.00617531 0.0112753 0.0559753 0.0697674 0.0271749 0.18852 0.0211969 0.569777 
0.0264267 0.103657 0.000404021 0.288682 0.0319546 0.0226299 0.111835 0.0538545 0.360556 
0.102964 0.0282581 0.0160169 0.050961 0.0566461 0.038038 0.192985 0.085235 0.428896 
0.0255135 0.0201782 0.000373205 0.102015 0.0280181 0.0216088 0.321164 0.107369 0.373761 
0.0605609 0.00983299 0.00175628 0.05883 0.00592863 0.0145327 0.0741153 0.0257852 0.748658 
0.0592045 0.00269994 0.0079595 0.0650554 0.0522669 0.0392145 0.247327 0.135229 0.391043 
0.0446544 0.0498425 0.00497967 0.0589798 0.0504643 0.0131894 0.279609 0.037284 0.460997 
0.288439 0.0153275 0.00105951 0.0407799 0.0174498 0.0328833 0.189646 0.0324488 0.381966 
0.0428064 0.015279 0.00305414 0.0247529 0.024201 0.00818757 0.231068 0.0611133 0.589538 
0.0696136 0.0342118 0.00100714 0.156495 0.0289647 0.0713772 0.202273 0.108598 0.32746 
2.13688e-08 0.00231747 5.65873e-08 0.0285874 3.97511e-05 8.49923e-06 0.261 0.272902 0.435146 
0.0256219 0.037739 3.20196e-05 0.059257 0.00711297 0.0888314 0.107553 0.0226481 0.651205 
0.0380989 0.0145787 0.0242451 0.0247789 0.0241699 0.0135386 0.171613 0.0761389 0.612838 
0.0646548 0.012909 0.0072277 0.0519259 0.133069 0.0256505 0.322395 0.0581982 0.32397 
0.0446741 0.026072 0.00391906 0.0440244 0.064417 0.0657368 0.180211 0.105967 0.464978 
0.014816 0.00385726 4.35918e-05 0.0817113 0.00318277 0.00357736 0.222716 0.137645 0.532451 
0.00583365 0.0354835 0.000309324 0.0509911 0.0166001 0.0105808 0.152089 0.0320243 0.696088 
0.00447081 0.00894271 0.007143 0.0116733 0.0697051 0.00771425 0.162373 0.0499236 0.678054 
0.0459558 0.0269259 0.0656901 0.054904 0.084383 0.0537268 0.255051 0.1075 0.305864 
0.108558 0.0263162 0.00800314 0.130046 0.0499903 0.0189163 0.131844 0.242261 0.284065 
0.164858 0.0188345 0.00839205 0.0729126 0.0608141 0.0435011 0.248644 0.106585 0.275459 
0.00702068 0.0880105 0.00219559 0.116854 0.0026601 0.00259062 0.0513892 0.0024839 0.726796 
0.0263113 0.0406286 0.00103774 0.151212 0.0169698 0.0128122 0.201834 0.0541559 0.495039 
0.0620474 0.0113026 0.0090439 0.0562936 0.0899283 0.0787411 0.2209 0.0547387 0.417004 
0.123868 0.027901 0.0211204 0.0582512 0.0849774 0.026377 0.199927 0.12571 0.331868 
0.0582039 0.057671 0.000888905 0.266849 0.0651633 0.0597045 0.145846 0.0314106 0.314263 
0.033444 0.0169689 0.000133437 0.204461 0.02755 0.0178114 0.191155 0.040049 0.468427 
0.0778556 0.0372359 6.09154e-05 0.05335 0.0285003 0.130285 0.22052 0.0735278 0.378665 
0.0226562 0.21599 0.000421295 0.111039 0.0125002 0.00431399 0.255321 0.0260678 0.35169 
0.0260354 0.00833514 0.0286582 0.0745961 0.0309688 0.154976 0.164531 0.079917 0.431983 
0.0491303 0.0414743 0.000371489 0.0981515 0.0465182 0.00294372 0.260295 0.0877494 0.413366 
0.0504357 0.0223691 0.000445477 0.0755906 0.0290171 0.122472 0.307284 0.0523678 0.340019 
0.0715665 0.0267832 0.0259802 0.115277 0.0900632 0.0374334 0.208914 0.159866 0.264116 
0.0270104 0.00947493 0.000625925 0.131664 0.0154601 0.0112486 0.288425 0.0222939 0.493797 
0.0221691 0.0142025 0.000853472 0.0683353 0.00540214 0.0313342 0.39187 0.0583921 0.407441 
0.0176869 0.0199225 0.0201443 0.0406463 0.026588 0.0142323 0.202858 0.0473668 0.610555 
0.0115176 0.0263248 0.00925075 0.0210512 0.0148504 0.00665643 0.118335 0.0510036 0.74101 
0.187043 0.00512414 0.00615985 0.0112176 0.0203481 0.00312731 0.130621 0.011958 0.6244 
0.0115176 0.0263248 0.00925075 0.0210512 0.0148504 0.00665643 0.118335 0.0510036 0.74101 
0.0399769 0.023194 0.00222525 0.0909316 0.0351464 0.0139299 0.192893 0.0607921 0.54091 
0.00960557 0.0402961 7.38107e-05 0.08755 0.0258034 0.06203 0.145133 0.0654162 0.564092 
0.0193223 0.0313891 0.00512175 0.0755601 0.0481032 0.0181953 0.197795 0.0992067 0.505306 
0.0115176 0.0263248 0.00925075 0.0210512 0.0148504 0.00665643 0.118335 0.0510036 0.74101 
0.0450778 0.0260259 0.00734156 0.035123 0.0758235 0.0353552 0.262349 0.0540221 0.458882 
0.0324159 0.0181041 0.0027385 0.0627421 0.0200613 0.089686 0.221669 0.0612016 0.491381 
0.0498318 0.0293637 0.000437744 0.0756503 0.0627373 0.0022971 0.208518 0.118862 0.452302 
0.0863453 0.0372703 0.00462563 0.136727 0.0314488 0.0191522 0.23374 0.129246 0.321445 
0.0955884 0.0169899 0.00137088 0.0899936 0.0104225 0.0367163 0.213413 0.0370505 0.498455 
0.0115176 0.0263248 0.00925075 0.0210512 0.0148504 0.00665643 0.118335 0.0510036 0.74101 
0.0732726 0.0315809 0.00673709 0.0751111 0.155845 0.020553 0.118554 0.0816421 0.436704 
0.000607999 0.0185444 0.000182061 0.0213297 0.000311886 0.00394835 0.105293 0.0196727 0.83011 
