0.0592414 0.390612 0.00208292 0.158542 0.00747667 1.32007e-06 0.0717347 0.0019717 0.0157062 0.0613924 0.00227739 0.00215796 0.000915646 0.225888 
0.0553698 0.417077 0.0158501 0.138195 0.0916437 3.64705e-05 0.0048169 0.00242352 0.00240003 0.20936 0.00706994 0.0222879 0.000544988 0.032925 
0.0497551 0.299675 0.0184321 0.196714 0.0665598 0.000305733 0.0129856 0.0234956 0.0135632 0.193026 0.00464179 0.0487836 0.00496912 0.0670936 
0.0482431 0.360346 0.00660965 0.153224 0.0144425 4.06842e-05 0.0119347 0.161831 0.0149971 0.0298551 0.0024449 0.0174459 0.00420496 0.17438 
0.0280193 0.326123 0.00767605 0.0876938 0.135277 7.4495e-05 0.000108124 0.000433296 0.00184984 0.29016 0.00756563 0.0993498 0.00349822 0.0121711 
0.0561779 0.49974 0.010519 0.116328 0.0756759 0.0224781 0.0346823 0.0108157 0.00466117 0.0727608 0.00207275 0.0275197 0.00873683 0.0578313 
0.0463863 0.346626 0.0105279 0.164133 0.0541983 0.000118479 0.0332478 0.0252294 0.0078924 0.062601 0.00407526 0.0607954 0.00326525 0.180904 
0.151461 0.287766 0.0242514 0.129677 0.0360244 0.000125705 0.0388936 0.00229798 0.00961866 0.236042 0.000538099 0.0227143 0.00868022 0.051909 
0.0432104 0.29634 0.0102652 0.106479 0.167134 0.000195266 0.024179 0.00072789 0.0174556 0.215003 0.00700057 0.0429667 0.0329681 0.0360759 
0.0382764 0.62661 0.00385443 0.0966155 0.0242734 0.000127885 0.0818141 0.00338245 0.0367591 0.0253832 0.00612571 0.0157514 0.00143334 0.0395927 
0.0265367 0.395662 0.0210553 0.0368276 0.150187 0.00200872 0.00915832 0.00558287 0.0043604 0.314961 0.00477084 0.0111527 0.00050145 0.0172357 
0.041985 0.444203 0.0193316 0.112686 0.10031 0.00458996 0.00632601 0.0157938 0.0154594 0.115381 0.00376747 0.0586475 0.0130834 0.0484369 
0.249074 0.250295 0.0213779 0.0783639 0.0908083 0.000434871 0.00366756 0.00402883 0.00880653 0.200565 0.00463386 0.0327165 0.00633073 0.0488972 
0.0437459 0.289854 0.0228243 0.0818805 0.181592 0.000657574 0.00312728 0.0016049 0.00413693 0.229113 0.0168614 0.042342 0.014707 0.0675531 
0.0798335 0.320855 0.0284151 0.168222 0.0557504 9.72032e-05 0.00856274 0.0034098 0.00630611 0.114871 0.00389814 0.0280988 0.00388787 0.177793 
0.04224 0.309267 0.0415897 0.0434117 0.158288 1.74044e-05 0.00918795 0.07039 0.0563651 0.0836518 0.00214685 0.088576 0.0347169 0.0601511 
0.0953595 0.483338 0.00517488 0.0208532 0.0464016 3.71259e-05 0.0431933 8.61737e-05 0.0120003 0.180392 0.0044169 0.0386564 0.00258264 0.0675077 
0.0350405 0.328657 0.0394015 0.0690028 0.0315327 0.000214825 0.0652005 0.214662 0.00668857 0.0490878 0.00252613 0.0578538 0.0275394 0.0725927 
0.0610734 0.37077 0.00535723 0.0901013 0.157456 0.000119968 0.110518 0.000139998 0.0121878 0.146286 0.00453975 0.0125778 0.00315056 0.0257214 
0.0470947 0.240262 0.0446597 0.0321357 0.221571 0.000229872 0.0198235 0.00132689 0.0161036 0.240158 0.00439546 0.0984263 0.0100983 0.0237139 
0.0295883 0.320059 0.0081529 0.0375725 0.13182 0.000219329 0.0121418 0.000948982 0.04503 0.209041 0.00570817 0.02357 0.0022701 0.173877 
0.112149 0.288251 0.0298576 0.135039 0.093633 0.000365712 0.0127401 0.00276142 0.0117168 0.114539 0.0268963 0.0545349 0.00963307 0.107884 
0.0154966 0.463363 0.0129607 0.0938558 0.100586 0.000100854 0.00282616 0.0240392 0.0145659 0.117265 0.00183486 0.0665755 0.0264471 0.0600833 
0.0546094 0.447648 0.0174313 0.0789588 0.00580625 4.38854e-06 0.021589 0.01565 0.0101873 0.0221811 0.0036061 0.00623616 0.00465588 0.311436 
0.191982 0.300663 0.0127495 0.145759 0.0678329 0.000160027 0.0124691 0.0077642 0.0120374 0.119326 0.00310403 0.0365304 0.00615991 0.0834626 
0.0101314 0.372332 0.0150416 0.0377249 0.224568 0.11731 0.0258364 0.0107326 0.0072982 0.0975213 0.00856277 0.0262516 0.00300029 0.0436892 
0.0231748 0.388658 0.0445206 0.0375108 0.146943 5.23387e-05 0.0393903 0.00204101 0.0091128 0.259615 0.00973484 0.0269618 0.00170653 0.0105788 
0.0235483 0.391102 0.00925185 0.031719 0.168398 3.58897e-05 0.141755 5.05638e-05 0.00507127 0.168984 0.0106067 0.00999138 0.000630279 0.0388565 
0.0902212 0.27546 0.0103427 0.0594303 0.18127 4.28669e-05 0.0370529 0.000615938 0.0367558 0.160507 0.00299403 0.0287843 0.0128429 0.103681 
0.040353 0.391974 0.027814 0.0601855 0.279789 3.23575e-06 0.0100643 0.000305471 0.0736217 0.049267 0.00813094 0.0255694 0.00287416 0.0300488 
0.0259225 0.411139 0.000509179 0.0306342 0.00434794 1.65906e-06 0.036267 0.33329 0.0929976 0.0106382 0.00198234 0.00345208 0.000564113 0.048254 
0.0160473 0.2643 0.0100958 0.117126 0.202893 1.83192e-05 0.00249893 0.000489915 0.0102666 0.230869 0.0200706 0.0698114 0.00809915 0.0474142 
0.0533499 0.394341 0.00560592 0.0709451 0.142693 5.4758e-06 0.0029462 0.00484631 0.111678 0.0747971 0.00173224 0.0267192 0.000752669 0.109587 
0.0332464 0.351522 0.00822304 0.179798 0.166651 7.17529e-06 0.00409656 0.0295944 0.0269749 0.123207 0.011507 0.0318971 0.00143202 0.0318434 
0.127685 0.458278 0.0134953 0.0298735 0.051341 1.3066e-05 0.0605749 0.000969154 0.0168045 0.146919 0.0105422 0.0234574 0.00294473 0.0571029 
0.169032 0.319192 0.0478911 0.0486735 0.0550112 2.76428e-05 0.0574498 0.00374134 0.0434993 0.183339 0.000404495 0.0439301 0.00168319 0.0261254 
0.038629 0.321016 0.0182617 0.0699152 0.0474842 0.000272705 0.0444282 0.000506188 0.0105895 0.289955 0.00290439 0.0329376 0.0156764 0.107424 
0.0338523 0.272217 0.0183292 0.13874 0.0927159 4.87619e-05 0.0191823 0.00237127 0.159606 0.0727104 0.0026453 0.102618 0.00257475 0.0823885 
0.0211636 0.182631 0.0112354 0.0890462 0.144532 0.00012536 0.000212998 0.00237867 0.146094 0.111184 0.00621671 0.159728 0.00363036 0.121822 
0.0453914 0.441793 0.0111765 0.0314667 0.165221 0.000697632 0.0804509 0.000620422 0.00984681 0.110834 0.0555882 0.0205804 0.00508559 0.0212468 
0.0755701 0.548519 0.027032 0.0355619 0.0847912 0.00184251 0.0476302 0.00231518 0.0206162 0.0987805 0.00286298 0.0311129 0.00224193 0.0211235 
0.139498 0.264663 0.0294057 0.047856 0.135891 7.84371e-05 0.0464678 0.00344893 0.0308751 0.150966 0.0146909 0.0432968 0.00634527 0.0865179 
0.0125948 0.342418 0.0101835 0.178189 0.0927083 0.000282009 0.00444263 0.0869697 0.00105043 0.171208 0.000365967 0.0406646 0.0144095 0.0445133 
0.0381409 0.452355 0.0632747 0.0405102 0.070804 5.85379e-06 0.027088 0.000734238 0.0792221 0.137402 0.00247268 0.0467271 0.00149482 0.0397683 
0.0406312 0.458597 0.00811816 0.0419181 0.054077 7.96398e-05 0.0170742 0.00129799 0.0675105 0.222833 0.00909996 0.0262178 0.0129014 0.0396448 
0.0719694 0.253277 0.00677279 0.0759133 0.164549 0.00488773 0.0214172 0.0130728 0.158193 0.0793031 0.0042253 0.063764 0.0105853 0.0720696 
0.0220114 0.685666 0.0157707 0.0411559 0.0706531 0.000499521 0.0514287 0.000327757 0.0293067 0.0264796 0.00944611 0.0200122 0.000291676 0.0269509 
0.0427691 0.540118 0.0529121 0.017158 0.0138572 1.33945e-05 0.00911572 5.90177e-05 0.024777 0.11494 0.00379502 0.0568103 0.0838911 0.0397844 
0.000788833 0.277296 0.00729546 0.155386 0.216561 4.52517e-05 2.61433e-05 0.022636 0.00143192 0.179022 0.0417021 0.063478 0.00118337 0.0331479 
0.015061 0.385113 0.0171321 0.103903 0.13366 4.04238e-05 0.0235672 0.00239343 0.036277 0.193229 0.00215403 0.0259739 0.00805764 0.0534392 
0.087304 0.22705 0.0342462 0.146351 0.158897 0.000192299 0.00837325 0.0298052 0.0636261 0.0580645 0.0224844 0.0974865 0.010596 0.0555227 
0.0768844 0.306443 0.00906465 0.0732585 0.179645 5.29828e-05 0.0130251 0.000934498 0.00659641 0.202929 0.00508651 0.0602064 0.00385432 0.0620185 
0.0874244 0.363104 0.0149915 0.135459 0.0364468 0.000111193 0.00262521 0.00287388 0.0162926 0.137787 0.0214341 0.0532746 0.00344099 0.124735 
0.0677742 0.238943 0.0343274 0.107218 0.0852891 0.000276864 0.00226673 0.00413179 0.00506927 0.16907 0.0164057 0.0896515 0.038359 0.141217 
0.0470947 0.240262 0.0446597 0.0321357 0.221571 0.000229872 0.0198235 0.00132689 0.0161036 0.240158 0.00439546 0.0984263 0.0100983 0.0237139 
0.201563 0.417545 0.0458526 0.056836 0.0592318 0.000234075 0.0301082 0.00230317 0.0184201 0.0725368 0.00378568 0.0238989 0.00764854 0.0600362 
0.0371973 0.35124 0.00300359 0.0788175 0.0919848 2.73089e-05 0.0331158 0.235524 0.0143566 0.0625867 0.00979745 0.0395891 0.00803196 0.0347286 
0.0178321 0.352996 0.0400218 0.121888 0.122775 0.000417087 0.00359816 0.00147839 0.0053373 0.250348 0.00986698 0.047884 0.00606424 0.0194939 
0.0383568 0.371541 0.0354805 0.0774581 0.0538601 7.58264e-05 0.0269398 0.000626827 0.0103053 0.225376 0.00357332 0.0247913 0.00857278 0.123042 
0.137803 0.367665 0.0223523 0.0637147 0.083102 0.000188542 0.062421 0.0276256 0.0324396 0.0761175 0.0100939 0.0705421 0.0240606 0.0218742 
0.0416096 0.348915 0.00827964 0.0882427 0.107557 0.000360819 0.0177901 0.000823177 0.00957703 0.239114 0.0169734 0.0343802 0.00395164 0.0824263 
0.026437 0.555984 0.0432251 0.0265836 0.111299 0.000430275 0.0109438 0.00294135 0.0181688 0.0936372 0.0162596 0.0490127 0.0126695 0.0324078 
0.0160427 0.376889 0.0078341 0.124528 0.0387183 0.000487332 0.000827011 0.00107454 0.00244112 0.303381 0.0040969 0.0196363 0.00417892 0.0998646 
0.201563 0.417545 0.0458526 0.056836 0.0592318 0.000234075 0.0301082 0.00230317 0.0184201 0.0725368 0.00378568 0.0238989 0.00764854 0.0600362 
0.116924 0.439522 0.00789543 0.0391517 0.100297 0.0103453 0.00605294 0.0120736 0.0102796 0.0785677 0.00252326 0.0298053 0.00357503 0.142988 
0.121801 0.330912 0.0147099 0.0429482 0.0690416 0.000155219 0.00246069 0.00206473 0.131939 0.172096 7.08728e-05 0.0122315 0.0197101 0.0798588 
0.0292897 0.376299 0.00543118 0.0711621 0.174803 0.000151768 0.00720135 0.00327497 0.0133276 0.236391 0.0155553 0.02956 0.00476011 0.0327936 
0.0602976 0.384918 0.0173035 0.183972 0.0535322 1.41997e-05 0.0182793 0.0299808 0.0167469 0.0809138 0.00218779 0.0562491 0.00477373 0.0908312 
0.0314791 0.59601 0.00574793 0.081218 0.0691349 3.21893e-05 0.0438975 0.000318249 0.0186836 0.0902679 0.00289723 0.0144974 0.0202093 0.0256071 
0.0109005 0.440874 0.00297665 0.0864981 0.0714014 0.00418076 0.0288982 0.00747877 0.0298582 0.0848251 0.165084 0.0217341 0.000963465 0.0443268 
0.0456139 0.397347 0.016128 0.0606059 0.0816728 0.000431529 0.038093 0.0100977 0.0128868 0.175473 0.00470376 0.0239571 0.00761616 0.125374 
0.0150859 0.553734 0.0110077 0.0815326 0.0925214 0.000199214 0.00504752 0.0356898 0.0106503 0.0588528 0.0365687 0.0684507 0.00441181 0.0262478 
0.00514258 0.335135 0.0316966 0.0524919 0.251619 0.000848397 0.0463391 0.000760145 0.0198904 0.0459442 0.147143 0.0175834 0.00975528 0.0356509 
0.105704 0.258568 0.010809 0.0851381 0.0946279 0.000430015 0.0433732 0.00477551 0.00722826 0.0609234 0.208785 0.076237 0.00987401 0.0335268 
0.0253858 0.478957 0.0273936 0.0323019 0.128323 0.00143594 0.0096322 0.00484874 0.00620108 0.227006 0.00596478 0.0249406 0.00722201 0.0203877 
0.038841 0.289625 0.0172948 0.151205 0.0578929 0.000161738 0.00492754 0.00545567 0.0101681 0.244269 0.00413423 0.0389619 0.0103149 0.126749 
0.055036 0.455089 0.0377584 0.115429 0.0498108 4.37735e-05 0.0165899 0.00281372 0.00553601 0.179617 0.00129921 0.0241816 0.00235856 0.0544361 
0.032836 0.350077 0.0135268 0.0845243 0.178455 0.000215359 0.00405913 0.000148701 0.0135957 0.220996 0.0186898 0.0409017 0.00142903 0.0405443 
0.00951259 0.53626 0.00120082 0.0530065 0.0324225 2.30994e-05 0.095478 0.0115812 0.0860712 0.0611097 0.00557257 0.0523823 0.000122795 0.0552572 
0.0237548 0.483831 0.0186822 0.0242116 0.138288 8.47014e-05 0.000770657 0.00011201 0.00334839 0.204939 3.61759e-05 0.0500507 0.0367174 0.015174 
0.044408 0.267011 0.0227826 0.0455528 0.151487 2.40686e-05 0.150477 0.000485321 0.110045 0.0638067 0.00579985 0.108313 0.00867747 0.0211306 
0.102329 0.316901 0.0241804 0.0775177 0.0896014 7.5861e-05 0.0695489 0.000169321 0.061376 0.10828 0.0233754 0.0379883 0.00637023 0.0822853 
0.0142239 0.562024 0.00714939 0.0931508 0.0550072 1.23546e-05 0.0309189 0.13977 0.00135945 0.0295551 0.00309612 0.0448522 0.00334061 0.0155395 
0.0335857 0.273475 0.0184816 0.158151 0.048987 0.000455661 0.0143199 0.00100758 0.00734586 0.270406 0.00221142 0.0318189 0.00886732 0.130887 
0.0522602 0.357154 0.0179976 0.041157 0.0371939 0.000108203 0.0806143 0.011881 0.0163426 0.292516 0.00309911 0.0556473 0.00850651 0.0255219 
0.0287128 0.327087 0.00771042 0.123751 0.0831599 0.000159877 0.0070795 0.00166119 0.0163466 0.235488 0.00471905 0.0389547 0.0081513 0.117019 
0.0287128 0.327087 0.00771042 0.123751 0.0831599 0.000159877 0.0070795 0.00166119 0.0163466 0.235488 0.00471905 0.0389547 0.0081513 0.117019 
0.196493 0.22631 0.0194405 0.114441 0.0698178 0.000118819 0.0341136 0.0488263 0.0568558 0.124676 0.00565082 0.0351049 0.0230071 0.0451443 
0.03046 0.620161 0.030493 0.0726196 0.0359861 1.74788e-05 0.0113578 0.00104668 0.0462808 0.0879377 0.00373684 0.00877092 0.000336599 0.0507954 
0.152309 0.311958 0.0111389 0.0646931 0.08341 0.000487193 0.00184588 0.0089435 0.0335318 0.172979 0.00352732 0.0686481 0.0066686 0.07986 
0.13285 0.240431 0.0330076 0.131517 0.0792334 0.000171008 0.00434341 0.00038432 0.00496223 0.213355 0.00272689 0.0298397 0.0128805 0.114298 
0.0211512 0.374671 0.0305908 0.276513 0.018649 0.00440992 0.000442438 0.0119085 0.0174018 0.145745 0.000519322 0.0310201 0.00484382 0.0621341 
0.0314421 0.41005 0.00747451 0.132184 0.112546 3.93691e-05 0.0240197 0.0023109 0.00893859 0.117947 0.0104221 0.0248197 0.00584857 0.111958 
0.177129 0.389565 0.00910119 0.0937128 0.0904097 1.13079e-05 0.0872318 0.00484725 0.0105249 0.0378769 0.00172294 0.0597481 0.00373751 0.0343817 
0.0482099 0.464305 0.00162316 0.11408 0.0187966 4.8311e-07 0.00526638 0.226054 0.0155371 0.00673374 0.00117687 0.0132192 0.00177554 0.0832228 
0.0632239 0.211798 0.107013 0.130325 0.0769494 4.05294e-05 0.0194848 0.0132454 0.0122249 0.146747 0.00503533 0.0347224 0.00482021 0.174371 
0.107118 0.249758 0.00438637 0.23968 0.013444 0.000502025 0.00225687 0.000837276 0.019428 0.224309 0.00419136 0.0152026 0.00235326 0.116533 
0.086035 0.252483 0.14231 0.0711933 0.0570693 6.41695e-06 0.00185473 0.00893187 0.0159698 0.132904 0.000810847 0.111922 0.0129004 0.10561 
0.0198928 0.627396 0.0257422 0.0764406 0.0515925 3.25039e-06 0.00770316 0.0124959 0.0114456 0.0449682 0.0061312 0.0740732 0.00363323 0.0384821 
0.0401409 0.348816 0.0418841 0.133523 0.0967637 0.000344536 0.0107965 0.00819179 0.0149193 0.158537 0.0267225 0.0607855 0.0065323 0.0520431 
0.00982968 0.254002 0.0129851 0.124822 0.19613 0.000893297 0.00449451 0.0053964 0.0439246 0.187843 0.00365229 0.0519141 0.0247421 0.0793693 
0.0620603 0.230803 0.0248297 0.0561096 0.1475 1.50657e-05 0.024462 0.008492 0.1074 0.148396 0.00254436 0.0653222 0.00836218 0.113704 
0.0244721 0.37195 0.00814656 0.0863055 0.236082 0.000128886 0.011402 0.0418171 0.0210744 0.137026 0.00287698 0.0206214 0.00341821 0.0346793 
0.0389359 0.432335 0.0135555 0.104991 0.0768075 7.17078e-05 0.00236886 0.00062086 0.00301476 0.117206 0.00311224 0.135829 0.00203623 0.0691152 
0.021645 0.534101 0.0100102 0.0610111 0.0253953 8.87658e-05 0.0221245 0.000470997 0.161337 0.0985011 0.00574519 0.0207423 0.00729293 0.0315345 
0.0205245 0.308181 0.0237371 0.131645 0.107362 0.000107945 0.0201033 0.0105536 0.00490895 0.26256 0.00826206 0.0537737 0.00479564 0.0434855 
0.012474 0.300893 0.00460784 0.222721 0.0344244 0.000156849 0.00362033 0.20904 0.0120076 0.0558849 0.00351798 0.0296002 0.00426574 0.106786 
0.04195 0.323419 0.00643833 0.0378963 0.106251 0.000254111 0.0290658 0.00175465 0.018134 0.314709 0.0186032 0.019276 0.00424064 0.0780079 
0.0218602 0.592875 0.0253189 0.00969952 0.0800568 0.000481455 0.0123401 0.00110031 0.0190612 0.150732 0.0182615 0.0325625 0.011196 0.0244545 
0.0769862 0.674148 0.0157231 0.00676747 0.0105311 1.3163e-05 0.0375807 5.9017e-05 0.0147565 0.0728444 0.00375872 0.021689 0.0168981 0.0482442 
0.00923822 0.409399 0.0124412 0.0557913 0.187637 6.81213e-05 0.00380775 0.0231991 0.00691929 0.16876 0.00600527 0.0853298 0.00330553 0.0280987 
0.0573983 0.362921 0.00894336 0.0271674 0.165015 0.000158216 0.0109409 0.000311347 0.041786 0.26705 0.00895342 0.00754688 0.0134352 0.0283738 
0.0772502 0.34674 0.0153682 0.109395 0.0948624 9.71055e-05 0.0285495 0.00188973 0.00481225 0.238502 0.00639721 0.028639 0.00474642 0.042751 
0.0318075 0.305877 0.0149963 0.0547635 0.1961 6.68257e-05 0.0133244 0.000800228 0.0154708 0.259151 0.0198842 0.0296284 0.00707481 0.0510544 
0.0272325 0.375254 0.0112523 0.0583971 0.0706938 0.00484049 0.00895117 0.000743476 0.0119675 0.325368 0.00884384 0.0321558 0.00319977 0.0610997 
0.0522602 0.357154 0.0179976 0.041157 0.0371939 0.000108203 0.0806143 0.011881 0.0163426 0.292516 0.00309911 0.0556473 0.00850651 0.0255219 
0.00514258 0.335135 0.0316966 0.0524919 0.251619 0.000848397 0.0463391 0.000760145 0.0198904 0.0459442 0.147143 0.0175834 0.00975528 0.0356509 
0.0489188 0.488412 0.0086009 0.0684024 0.0633058 0.000267288 0.0491249 0.000491828 0.00269995 0.200607 0.00379152 0.00820522 0.00215489 0.0550172 
0.0167249 0.307867 0.0224799 0.200054 0.0568043 0.000259497 0.00546365 0.00444563 0.038353 0.225618 0.0150066 0.047801 0.0149734 0.0441486 
0.0420245 0.426696 0.0534681 0.0942178 0.114767 9.36211e-05 0.00738232 0.0101226 0.05429 0.110822 0.00372911 0.0325659 0.00158842 0.0482331 
0.0337764 0.518618 0.00429866 0.0839715 0.0175 5.5508e-06 0.0920118 0.131633 0.0330525 0.0379278 0.00896823 0.00609898 0.0020267 0.0301106 
0.048942 0.398229 0.0374549 0.0554963 0.0750578 0.000370923 0.0050333 0.00646451 0.00225984 0.285496 0.00340759 0.0382306 0.0163416 0.0272152 
0.139498 0.264663 0.0294057 0.047856 0.135891 7.84371e-05 0.0464678 0.00344893 0.0308751 0.150966 0.0146909 0.0432968 0.00634527 0.0865179 
0.016716 0.553679 0.00352837 0.0432832 0.108505 0.000101172 0.0518565 0.000553718 0.00704748 0.0582449 0.099966 0.0402956 0.000847821 0.0153759 
0.100036 0.22769 0.0195806 0.19859 0.0672039 0.000427269 0.00917292 0.00450388 0.0133827 0.183739 0.00387377 0.0532478 0.0175609 0.100992 
0.0141861 0.362445 0.0219392 0.093674 0.0577199 0.000129204 0.0165833 0.0959193 0.00921022 0.169404 0.00700733 0.0535134 0.0171876 0.0810821 
0.0271384 0.400547 0.010967 0.063597 0.0834478 8.565e-05 0.00418871 0.00238154 0.00573092 0.338827 0.00712895 0.0215954 0.00374663 0.030618 
0.0624444 0.272911 0.00827911 0.167901 0.0304357 4.14031e-05 0.0978664 0.00249036 0.00798381 0.0445332 0.005601 0.0624168 0.0127778 0.224317 
0.0521231 0.258535 0.0345256 0.0820508 0.156569 0.000320771 0.0135131 0.0069039 0.123315 0.184513 0.00545787 0.0404133 0.0115081 0.030252 
0.0213898 0.473255 0.0079461 0.1197 0.0525852 2.16129e-05 0.0159928 0.0961114 0.0229064 0.0759625 0.00548852 0.0497594 0.0262775 0.0326033 
0.00948736 0.468559 0.0130824 0.150497 0.151447 7.77467e-06 0.000476594 0.0159224 0.0331428 0.0882194 0.00747835 0.0379677 0.00792576 0.0157868 
0.0274048 0.391305 0.0321548 0.136538 0.138333 0.000499869 0.0187784 0.0321819 0.00359284 0.124281 0.00171789 0.0528054 0.0057151 0.0346912 
0.104106 0.440837 0.00368975 0.174281 0.0458069 1.2992e-05 0.0441564 0.00184041 0.0210626 0.0674701 0.00222246 0.0511282 0.00317391 0.0402123 
0.0289048 0.343621 0.00696594 0.102365 0.1055 0.000227372 0.00803352 0.000229378 0.111807 0.129206 0.00460327 0.0686944 0.00770142 0.0821411 
0.130958 0.226676 0.00549929 0.186016 0.187042 0.000133931 4.76253e-06 0.000629816 0.000709879 0.111782 0.000177094 0.0205888 0.0277654 0.102015 
0.0283924 0.535078 0.0173944 0.12966 0.0342986 2.46827e-05 0.0178916 0.000307304 0.00601999 0.168884 0.000604712 0.0412056 0.00357167 0.0166676 
0.0237548 0.483831 0.0186822 0.0242116 0.138288 8.47014e-05 0.000770657 0.00011201 0.00334839 0.204939 3.61759e-05 0.0500507 0.0367174 0.015174 
0.0478889 0.301098 0.0203855 0.107385 0.0551837 0.000272605 0.00823454 0.0053491 0.0361249 0.217769 0.00306881 0.10837 0.00691834 0.0819512 
0.0402458 0.289647 0.0312586 0.129032 0.047938 0.000413116 0.0311922 0.0518493 0.034068 0.130944 0.00679494 0.070945 0.107019 0.0286537 
0.0490258 0.631154 0.000984504 0.045905 0.027495 5.49337e-05 0.0215398 0.000613238 0.0154805 0.120428 0.00527565 0.00867131 0.000350827 0.0730214 
0.0247896 0.480825 0.0061149 0.0760114 0.130966 0.000742894 0.00998657 0.00117476 0.0107112 0.180261 0.0175917 0.0282999 0.00559139 0.0269343 
0.0339204 0.593821 0.0215323 0.0141969 0.0191169 4.43865e-05 0.011806 0.000958962 0.0250147 0.138045 0.00423854 0.0434338 0.00640461 0.0874661 
0.0277135 0.33914 0.00154365 0.103448 0.154659 5.74589e-05 0.00960666 0.000276903 0.0488803 0.231677 0.0241093 0.00435661 0.00786232 0.0466689 
0.0237548 0.483831 0.0186822 0.0242116 0.138288 8.47014e-05 0.000770657 0.00011201 0.00334839 0.204939 3.61759e-05 0.0500507 0.0367174 0.015174 
0.166755 0.198834 0.0165095 0.116619 0.0645848 0.000408707 0.0139679 0.00117199 0.160163 0.125898 0.00227696 0.0280869 0.013383 0.0913407 
0.0330825 0.558915 0.00304373 0.168184 0.0173592 5.8052e-06 0.000451319 0.0182804 0.0473071 0.0108293 0.000877919 0.0539796 0.0156748 0.0720101 
0.0237548 0.483831 0.0186822 0.0242116 0.138288 8.47014e-05 0.000770657 0.00011201 0.00334839 0.204939 3.61759e-05 0.0500507 0.0367174 0.015174 
0.0403158 0.252922 0.0350809 0.0943716 0.124778 0.000235615 0.0212576 0.00229887 0.017568 0.216508 0.00961515 0.0740422 0.020069 0.0909372 
0.0178995 0.401175 0.0224512 0.309321 0.0233749 0.000326148 0.0172038 0.000787708 0.00769059 0.129308 0.0057916 0.0263008 0.00177903 0.0365916 
0.0314791 0.59601 0.00574793 0.081218 0.0691349 3.21893e-05 0.0438975 0.000318249 0.0186836 0.0902679 0.00289723 0.0144974 0.0202093 0.0256071 
0.0769862 0.674148 0.0157231 0.00676747 0.0105311 1.3163e-05 0.0375807 5.9017e-05 0.0147565 0.0728444 0.00375872 0.021689 0.0168981 0.0482442 
0.0570305 0.56541 0.00731983 0.0846127 0.016065 1.08436e-05 0.0115535 0.0100277 0.0249165 0.0403772 0.0020377 0.014007 0.00163305 0.164998 
0.0316433 0.255003 0.0106988 0.0926494 0.0634723 0.00111115 0.220491 0.003275 0.0138294 0.122743 0.0342782 0.0875539 0.00798559 0.0552657 
0.0330753 0.347444 0.0129939 0.0420563 0.256376 0.000339995 0.0338601 0.00723906 0.0121537 0.114428 0.0510015 0.0400442 0.00540059 0.0435869 
0.0212379 0.399679 0.0174426 0.0654356 0.0526014 0.000211124 0.0217507 0.000587969 0.00586582 0.328631 0.0180615 0.0176643 0.0180383 0.0327924 
0.0165099 0.294411 0.0307242 0.0319117 0.18717 0.000201386 0.00870091 0.00154363 0.0172821 0.20339 0.117451 0.0559179 0.0064364 0.0283498 
0.0450043 0.276718 0.02668 0.221276 0.050339 0.00038728 0.012591 0.00794183 0.00943997 0.178423 0.00356386 0.0532663 0.0130465 0.101323 
0.0214521 0.294655 0.011573 0.0500461 0.113813 9.10519e-05 0.0735886 0.00158983 0.0135096 0.250891 0.0287855 0.063342 0.0530947 0.0235678 
0.0260988 0.211928 0.0153905 0.171187 0.126803 0.000944874 0.0216024 0.00438821 0.0185014 0.106861 0.151167 0.109393 0.0149597 0.0207752 
0.0186651 0.323822 0.0149583 0.0509344 0.277303 5.62903e-05 0.0113606 0.00413177 0.0274515 0.187036 0.0142563 0.0395041 0.00149411 0.0290272 
0.0338294 0.506408 0.00366854 0.155686 0.0162339 6.42286e-05 0.11652 0.0199812 0.00184653 0.0167175 0.00110134 0.0673104 0.00311532 0.0575187 
0.0201395 0.272299 0.00893718 0.0797295 0.15648 0.000516492 0.00649054 0.00131135 0.00799388 0.255462 0.00273963 0.0900717 0.0132772 0.0845516 
0.0314928 0.274339 0.00206928 0.0464598 0.258608 8.00465e-05 0.199385 0.00380711 0.00659833 0.0841696 0.000953815 0.0626215 0.00110342 0.0283131 
0.0385508 0.29338 0.0112672 0.174449 0.0259838 0.000533482 0.03282 0.00902176 0.00719866 0.0539803 0.0316328 0.0438484 0.0447394 0.232595 
0.139498 0.264663 0.0294057 0.047856 0.135891 7.84371e-05 0.0464678 0.00344893 0.0308751 0.150966 0.0146909 0.0432968 0.00634527 0.0865179 
0.0318869 0.530755 0.0281954 0.0299411 0.0748079 0.000259291 0.012446 0.00166101 0.010255 0.15303 0.0184133 0.0543104 0.0170268 0.037012 
0.0012755 0.50852 0.00218167 0.211234 0.0101609 0.000310037 7.56379e-05 0.000194401 0.000198912 0.0618097 1.36789e-05 0.00145377 0.00218687 0.200386 
0.0301557 0.501117 0.0125419 0.0852971 0.0206773 0.000158878 0.0321221 0.0136197 0.0173495 0.0679043 0.00202325 0.0221376 0.0289264 0.16597 
0.0621373 0.448265 0.00173131 0.110938 0.0534854 0.000101763 0.0371411 0.00123481 0.0286179 0.150057 0.00741973 0.0194389 0.00155082 0.077881 
0.0186651 0.323822 0.0149583 0.0509344 0.277303 5.62903e-05 0.0113606 0.00413177 0.0274515 0.187036 0.0142563 0.0395041 0.00149411 0.0290272 
0.0232776 0.219095 0.00977897 0.131691 0.108077 8.75177e-05 0.0927825 0.00107233 0.00861507 0.182839 0.0178977 0.0824382 0.0724639 0.0498843 
0.0412075 0.403878 0.0125191 0.119799 0.0418578 7.03362e-05 0.00253262 0.000926487 0.00806737 0.2212 0.000878274 0.0524358 0.00359533 0.0910315 
0.0222958 0.227761 0.0227731 0.144145 0.106048 0.000173327 0.00756112 0.00973546 0.00839838 0.160558 0.00385904 0.086719 0.00965465 0.190318 
0.0357953 0.455864 0.00993778 0.104469 0.137514 0.000189735 0.0115104 0.00891865 0.0180157 0.118225 0.00518581 0.0451159 0.0110769 0.038182 
0.00181652 0.613893 0.00710991 0.140518 0.0357282 5.23591e-06 0.000490024 0.0548251 0.0157081 0.0292787 0.00148579 0.0817071 0.0012223 0.0162117 
0.0318395 0.485781 0.0217253 0.0148316 0.144486 5.25786e-05 0.00877198 0.000659779 0.016498 0.200618 0.0337105 0.0152771 0.00214842 0.0236004 
0.0138907 0.695409 0.0140765 0.0254719 0.114633 0.00438444 0.0318404 0.00169641 0.00649469 0.0432017 0.00564133 0.0215743 0.00269996 0.0189862 
0.0447057 0.367228 0.00877329 0.110572 0.0484539 0.00136181 0.011013 0.261874 0.00965062 0.0825977 0.00425522 0.0199491 0.00266886 0.0268964 
0.173218 0.216293 0.0318022 0.181983 0.0485723 7.90523e-05 0.00939284 0.00334225 0.00708826 0.131594 0.00344491 0.0446179 0.0120324 0.13654 
0.0287543 0.309199 0.010162 0.0450395 0.248305 6.47142e-05 0.019229 0.00915621 0.0329935 0.188118 0.0139119 0.0451274 0.0079372 0.0420024 
0.0276965 0.530334 0.00356548 0.112939 0.0353571 3.77342e-05 0.035901 0.0013663 0.0240502 0.138446 0.0144745 0.0124187 0.00145897 0.0619548 
0.0462787 0.348945 0.00713876 0.110976 0.196153 6.64962e-05 0.0017253 0.00590946 0.00627365 0.0817813 6.31137e-05 0.114702 0.00854747 0.0714394 
0.0147696 0.272952 0.0153024 0.112084 0.0794205 7.09376e-05 0.00539173 0.00802838 0.00438416 0.228587 0.00476947 0.164071 0.0194565 0.0707128 
0.0519033 0.46921 0.0134585 0.0632361 0.0424678 0.000192113 0.0348105 0.00679184 0.0355475 0.216286 0.00379945 0.0244254 0.00237195 0.0354994 
0.0144657 0.423877 0.00963573 0.0716932 0.0583778 5.86e-06 0.00102658 0.000292302 0.00220441 0.302105 0.00366951 0.0323029 0.00217816 0.0781655 
0.139922 0.152704 0.0177372 0.0642204 0.140475 0.000311011 0.0802351 0.00165709 0.080492 0.137903 0.0136601 0.0238687 0.0103526 0.136462 
0.0545894 0.422683 0.0147626 0.131911 0.0871083 0.000299093 0.0139479 0.0126445 0.0210973 0.110005 0.00435838 0.0604285 0.00679592 0.0593692 
0.00707702 0.585714 0.00211233 0.0371105 0.0601197 0.000413951 0.000180861 0.000719971 0.00442562 0.244148 0.0112795 0.0215722 0.000914539 0.0242126 
0.016159 0.385376 0.00239002 0.0615655 0.140639 0.0510315 0.0272714 0.00393452 0.0154398 0.122089 0.111461 0.0183274 0.000655276 0.0436607 
0.121219 0.194158 0.020134 0.14844 0.0615724 6.6827e-05 0.0219594 0.0366131 0.0182641 0.167173 0.00495542 0.0633238 0.0182447 0.123876 
0.108039 0.312886 0.0154459 0.0343204 0.0602164 2.95435e-06 0.0675963 0.00436165 0.0252522 0.293341 0.00666793 0.0234539 0.000891339 0.0475253 
0.0291733 0.30938 0.0135014 0.0775233 0.14576 0.000117418 0.0091556 0.000408857 0.00400968 0.282143 0.0143974 0.0457912 0.0133194 0.0553187 
0.0466562 0.406434 0.0158796 0.0306839 0.0230526 0.000285204 0.00779412 0.000484629 0.00734377 0.378031 0.00526832 0.021206 0.0106755 0.0462052 
0.0154072 0.391388 0.00995292 0.154057 0.0831465 4.20437e-05 0.0177639 0.00434728 0.00703629 0.236786 0.0051907 0.0314677 0.00761677 0.035798 
0.0358696 0.343001 0.0452996 0.064066 0.0902696 0.00053736 0.00673687 0.00293868 0.00328699 0.310428 0.00133657 0.0497575 0.0131976 0.0332741 
0.0394325 0.331867 0.0159089 0.187267 0.0404777 0.000695349 0.0339217 0.0485447 0.00290255 0.117717 0.000475588 0.0797468 0.00193998 0.0991038 
0.0260643 0.288752 0.0186675 0.0229703 0.264964 0.000791004 0.00831553 0.000819107 0.00781225 0.286324 0.023392 0.0196882 0.00515282 0.0262874 
0.0361888 0.418989 0.014685 0.187019 0.092153 0.000559609 0.0204126 0.000922883 0.0110072 0.0940674 0.0013019 0.0523083 0.00185474 0.0685305 
0.0565982 0.376205 0.0219236 0.0921736 0.0597725 0.000161034 0.00651064 0.118837 0.0454977 0.0591758 0.00294859 0.102881 0.00977129 0.0475436 
0.0287677 0.272758 0.0192914 0.132882 0.0964175 9.19915e-06 0.00524412 0.272134 0.00619112 0.0787538 0.0304104 0.0432772 0.00298616 0.0108772 
0.0179825 0.431142 0.0204622 0.049668 0.0437144 0.000304756 0.000429436 0.000333207 0.00180103 0.300483 0.000846811 0.0209244 0.00452557 0.107383 
0.0237335 0.2808 0.0564144 0.0917606 0.253437 0.000158738 0.00819483 0.00150112 0.0030686 0.130861 0.00209627 0.0778737 0.0103164 0.0597837 
0.0178995 0.401175 0.0224512 0.309321 0.0233749 0.000326148 0.0172038 0.000787708 0.00769059 0.129308 0.0057916 0.0263008 0.00177903 0.0365916 
0.0995628 0.202086 0.00845331 0.0703459 0.157563 0.000437906 0.0123163 0.00121177 0.0153944 0.158788 0.00672158 0.0743157 0.0110847 0.181718 
0.00963772 0.282589 0.0119606 0.259078 0.047954 8.27818e-06 6.84833e-05 0.134786 0.0104173 0.0737791 0.000799118 0.0669192 0.0244811 0.0775218 
0.00929819 0.274871 0.00576923 0.157373 0.137824 0.000109155 0.170055 0.000859196 0.000431908 0.15007 0.000470981 0.0594438 4.37733e-05 0.0333799 
0.0776472 0.611357 0.0251964 0.0113981 0.0128507 0.000164829 0.0525716 0.000271716 0.0178621 0.0873716 0.0061391 0.0287371 0.0179131 0.0505193 
0.0215595 0.314168 0.00283428 0.249647 0.0578791 3.39629e-05 0.00244443 0.037699 0.0142002 0.111126 0.00591663 0.113998 0.00236247 0.0661315 
0.0325972 0.43611 0.0224256 0.0882711 0.155908 0.000942376 0.0228647 0.0327797 0.00375093 0.129354 0.000710115 0.0425837 0.00868652 0.0230159 
0.0592763 0.384554 0.00371546 0.19513 0.0301385 0.00504172 0.121536 0.00166829 0.0670922 0.0587354 0.00249178 0.00556388 0.0032415 0.0618153 
0.0191643 0.342793 0.0201951 0.0806913 0.206354 0.000687608 0.0380779 0.00379954 0.00623134 0.174363 0.0322325 0.00975313 0.00873253 0.0569245 
0.0297751 0.367038 0.00833333 0.0396294 0.1932 0.000259968 0.00194737 0.000263501 0.00374076 0.27948 0.00503327 0.0365852 0.00202292 0.032691 
0.0114632 0.694864 0.0014602 0.0110463 0.09509 0.000441447 0.00604966 0.000122769 0.0098979 0.127949 0.0334882 0.00221134 0.000228273 0.00568772 
0.0365424 0.271264 0.0392525 0.0334724 0.209888 2.07388e-05 0.107844 0.000329778 0.11263 0.0591671 0.00529818 0.100586 0.0077495 0.0159558 
0.0466562 0.406434 0.0158796 0.0306839 0.0230526 0.000285204 0.00779412 0.000484629 0.00734377 0.378031 0.00526832 0.021206 0.0106755 0.0462052 
0.0387021 0.358123 0.00688105 0.110107 0.151429 0.000535342 0.0195935 0.00152741 0.00988175 0.0850015 0.14186 0.0344855 0.00364306 0.0382298 
0.0827917 0.265863 0.0158478 0.093569 0.264901 0.00572255 0.0119248 0.000649192 0.0116586 0.103968 0.01146 0.0436671 0.00716358 0.0808142 
0.0390364 0.512998 0.0042466 0.0295143 0.0672214 2.82533e-05 0.00607664 0.000286259 0.0170016 0.268131 0.0290028 0.0112093 0.000555698 0.0146923 
0.0388865 0.412784 0.00950723 0.0435211 0.10574 0.000803846 0.0114242 0.000151027 0.0395368 0.242329 0.0214657 0.0192709 0.00287079 0.0517083 
0.038296 0.434672 0.0123321 0.142088 0.0569313 0.000258264 0.0275467 0.00585172 0.0223391 0.144983 0.0121332 0.0421387 0.00706567 0.0533642 
0.0557057 0.235412 0.0123922 0.15666 0.161999 2.49725e-05 0.0290517 0.00346 0.0434367 0.0530437 0.0941277 0.0914374 0.00129731 0.0619514 
0.03912 0.336101 0.0460125 0.0681744 0.0867803 0.00073004 0.00689681 0.00192261 0.00306079 0.308791 0.00144297 0.0466978 0.0104903 0.0437787 
0.0258042 0.478752 0.0049464 0.14795 0.0201832 2.08201e-05 0.0153943 0.00978048 0.0126856 0.0405515 0.00250538 0.0446733 0.00294623 0.193807 
0.048942 0.398229 0.0374549 0.0554963 0.0750578 0.000370923 0.0050333 0.00646451 0.00225984 0.285496 0.00340759 0.0382306 0.0163416 0.0272152 
0.0391804 0.252391 0.0406202 0.0329314 0.213981 0.000458643 0.0154428 0.00013024 0.0130687 0.140747 0.00419143 0.0900413 0.0186325 0.138182 
0.0426771 0.475893 0.0126226 0.0311465 0.0459178 0.000117052 0.0247024 9.80872e-05 0.00570148 0.282198 0.00680785 0.011799 0.00530273 0.0550167 
0.025972 0.561482 0.00716599 0.0484083 0.0452993 0.00346041 0.00895684 0.000715639 0.0209015 0.166137 0.007676 0.0274511 0.00415812 0.0722158 
0.0775513 0.307602 0.00675235 0.0629102 0.0805719 0.00030127 0.11723 0.00108432 0.0101474 0.21941 0.0124664 0.0154173 0.00523472 0.0833208 
0.0277972 0.480149 0.0142501 0.0978172 0.0611724 5.70031e-05 0.016062 0.00199449 0.0155847 0.226819 0.00311341 0.0267986 0.00334193 0.0250426 
0.0208886 0.211637 0.0495329 0.184151 0.0446596 5.74476e-05 0.000499151 0.117307 0.00989245 0.180823 0.00103003 0.0682988 0.000205203 0.111018 
0.00761521 0.406485 0.0182344 0.0384211 0.139012 0.000320841 0.00913317 0.00628256 0.00727833 0.153933 0.172434 0.0209843 0.000531737 0.019334 
0.108609 0.431125 0.0061253 0.103425 0.05079 0.00118999 0.00858269 0.0103135 0.0053348 0.124474 0.0021267 0.0318986 0.00134849 0.114657 
0.0925545 0.259285 0.0143184 0.0713969 0.0378056 0.000170319 0.0232788 0.000868361 0.0100135 0.25615 0.00344657 0.0391995 0.0364379 0.155075 
0.0314791 0.59601 0.00574793 0.081218 0.0691349 3.21893e-05 0.0438975 0.000318249 0.0186836 0.0902679 0.00289723 0.0144974 0.0202093 0.0256071 
0.053793 0.315376 0.0101331 0.112765 0.202433 0.000537816 0.0139724 0.00238757 0.00554953 0.110021 0.102203 0.0427169 0.00510958 0.0230027 
0.0631941 0.296127 0.0101232 0.107275 0.156634 0.000147322 0.00711488 0.0205903 0.00476094 0.208991 0.00680742 0.0532171 0.00700851 0.0580091 
0.186315 0.249496 0.0514124 0.112025 0.0542163 1.84492e-05 0.035121 0.000187333 0.0113562 0.160708 0.0139931 0.0186343 0.0143097 0.0922072 
0.0370526 0.567225 0.0160238 0.161053 0.0405371 0.000168473 0.0278386 0.00196947 0.0136632 0.0513768 0.00516949 0.0200248 0.00328973 0.0546083 
0.0237548 0.483831 0.0186822 0.0242116 0.138288 8.47014e-05 0.000770657 0.00011201 0.00334839 0.204939 3.61759e-05 0.0500507 0.0367174 0.015174 
0.019955 0.271695 0.0361211 0.0572922 0.263727 0.0163519 0.0126204 0.0328579 0.0178783 0.113597 0.00669144 0.0361469 0.00174554 0.11332 
0.0069747 0.662051 0.00061051 0.0979196 0.00685618 2.87921e-06 0.0235895 0.0491434 0.00446306 0.0180528 0.000597065 0.00341833 0.0007997 0.125521 
0.0210882 0.339836 0.00866359 0.105081 0.064311 0.00110211 0.000163517 0.182926 0.00291927 0.199504 0.000925363 0.0378665 0.00195959 0.0336536 
0.0289191 0.399636 0.126858 0.0877001 0.036629 0.00117904 0.00732924 0.0523113 0.0496455 0.0247281 0.00526271 0.0535725 0.0128657 0.113364 
0.100393 0.539824 0.00330571 0.0775235 0.0255651 0.000515353 0.00512595 0.00749681 0.00534665 0.129238 0.00135504 0.0107709 0.000400287 0.0931398 
0.147482 0.384865 0.0176979 0.0448115 0.0787014 0.000541003 0.0539357 0.00912386 0.0243492 0.139084 0.00268479 0.0636108 0.00291587 0.0301964 
0.0237606 0.570157 0.0246364 0.0207376 0.136253 0.000401251 0.0102836 0.00203972 0.0143125 0.0862976 0.0152181 0.0490094 0.0243529 0.0225403 
0.116924 0.439522 0.00789543 0.0391517 0.100297 0.0103453 0.00605294 0.0120736 0.0102796 0.0785677 0.00252326 0.0298053 0.00357503 0.142988 
0.0214345 0.402964 0.0075963 0.0280063 0.150064 0.000247361 0.00483354 0.000935861 0.00339271 0.323553 0.00852677 0.0283297 0.0070483 0.0130681 
0.0722683 0.398277 0.0352381 0.11022 0.0235366 0.000118725 0.0143084 0.0103914 0.012545 0.213741 0.00318204 0.044417 0.0197243 0.0420319 
0.0679406 0.271766 0.0112045 0.0891018 0.206607 4.41088e-05 0.0884311 0.0323045 0.0112482 0.13191 0.0480817 0.0185068 0.00111078 0.0217434 
0.0556788 0.249035 0.0112328 0.0973469 0.11297 8.67168e-05 0.00874065 0.00469796 0.0149514 0.247091 0.0109539 0.075884 0.00874594 0.102584 
0.0198031 0.409195 0.00190905 0.0962676 0.0344433 0.0401495 0.0130678 0.00261508 0.0841059 0.0172122 0.00227549 0.0774752 0.00688583 0.194595 
0.0461952 0.276666 0.0323031 0.113377 0.0691393 9.92174e-05 0.166985 0.00934084 0.0259496 0.131644 0.00163301 0.038299 0.00845385 0.0799157 
0.139498 0.264663 0.0294057 0.047856 0.135891 7.84371e-05 0.0464678 0.00344893 0.0308751 0.150966 0.0146909 0.0432968 0.00634527 0.0865179 
0.00923822 0.409399 0.0124412 0.0557913 0.187637 6.81213e-05 0.00380775 0.0231991 0.00691929 0.16876 0.00600527 0.0853298 0.00330553 0.0280987 
0.17334 0.333271 0.0063049 0.103346 0.0319164 4.51837e-05 0.00938535 0.0018864 0.0191712 0.136692 0.00371968 0.0293629 0.00354494 0.148014 
0.0454505 0.411348 0.00482538 0.0360555 0.144266 1.78345e-06 0.0285682 0.0333811 0.0360147 0.177967 0.0018134 0.0376952 0.0123195 0.0302937 
0.0365424 0.271264 0.0392525 0.0334724 0.209888 2.07388e-05 0.107844 0.000329778 0.11263 0.0591671 0.00529818 0.100586 0.0077495 0.0159558 
0.0359093 0.541884 0.0330564 0.0187533 0.0218425 0.000259697 0.0187641 0.00141017 0.0266075 0.149366 0.00637379 0.052717 0.00767837 0.0853776 
0.0515185 0.257299 0.0126303 0.125816 0.0488367 0.000525185 0.0667638 0.000737517 0.0124851 0.217264 0.00309189 0.029957 0.0178282 0.155246 
0.0378994 0.57439 0.0162652 0.0781998 0.10915 0.000167027 0.00157057 0.0364667 0.00872521 0.0477842 0.000650889 0.0421882 0.0294579 0.0170851 
0.0384759 0.465911 0.0125037 0.0862 0.145364 5.81906e-05 0.0203829 0.00292039 0.0419671 0.088372 0.0276411 0.0314452 0.00727467 0.0314833 
0.0637799 0.403658 0.00814014 0.118035 0.0144027 1.86086e-05 0.0571969 0.000247501 0.0270537 0.182698 0.00820093 0.027802 0.00570812 0.083059 
0.106348 0.332279 0.00675523 0.105453 0.0816003 0.00808686 0.0179565 0.0159958 0.0158594 0.151861 0.00244049 0.0400746 0.00716989 0.108119 
0.0096387 0.337509 0.00843485 0.171758 0.0798884 1.72408e-05 0.0143069 0.0119846 0.00755085 0.242097 0.00375384 0.064415 0.0130203 0.0356251 
0.219469 0.222296 0.0582125 0.0930035 0.0673908 3.48132e-06 0.0207419 0.000772191 0.039992 0.143628 0.000972341 0.0677877 0.00417958 0.0615513 
0.147482 0.384865 0.0176979 0.0448115 0.0787014 0.000541003 0.0539357 0.00912386 0.0243492 0.139084 0.00268479 0.0636108 0.00291587 0.0301964 
0.0237548 0.483831 0.0186822 0.0242116 0.138288 8.47014e-05 0.000770657 0.00011201 0.00334839 0.204939 3.61759e-05 0.0500507 0.0367174 0.015174 
0.0527937 0.307798 0.011402 0.144556 0.177259 0.000126253 0.0204186 0.0026903 0.013888 0.158222 0.00329734 0.0508947 0.00407537 0.0525786 
0.02247 0.319971 0.0250215 0.0518543 0.102667 4.39927e-05 0.0218559 0.00167326 0.0201364 0.234423 0.0210993 0.127325 0.0103756 0.041084 
0.0747716 0.441352 0.010197 0.0604748 0.169015 0.000439879 0.00625868 0.0278345 0.047181 0.0918233 0.00545011 0.0378699 0.00563701 0.0216949 
0.0633764 0.253828 0.0181991 0.109834 0.097764 0.00127907 0.122747 0.0196491 0.0108697 0.0963322 0.00464325 0.0397175 0.0747498 0.0870109 
0.00256348 0.271207 0.0146727 0.159434 0.230697 0.000235139 0.0046849 0.186513 0.00306977 0.0268102 5.96959e-05 0.0386376 0.00215451 0.0592614 
0.012519 0.294553 0.0137939 0.0393835 0.225303 0.00115798 0.00182247 0.0650709 0.00208797 0.221544 0.0387157 0.0639555 0.0077402 0.0123531 
0.00615784 0.536923 0.00101283 0.0244921 0.0713026 0.00107867 0.00200331 7.38991e-08 0.00137486 0.209083 7.3902e-08 0.0114439 0.000946217 0.134181 
0.0237233 0.29539 0.0502214 0.132058 0.139724 0.000137664 0.0188754 0.0343355 0.0176758 0.128463 0.00953875 0.0605995 0.0222312 0.0670274 
0.0221569 0.319006 0.291955 0.00811313 0.138754 2.75345e-06 0.0141774 4.27537e-05 0.0456827 0.0338337 0.0463896 0.055858 0.00728517 0.0167421 
0.00514258 0.335135 0.0316966 0.0524919 0.251619 0.000848397 0.0463391 0.000760145 0.0198904 0.0459442 0.147143 0.0175834 0.00975528 0.0356509 
0.0856295 0.583429 0.00255822 0.0198714 0.0742496 5.82376e-05 0.00674999 8.88395e-05 0.0127288 0.143141 0.00714541 0.00582445 0.000781958 0.0577436 
0.0574776 0.373566 0.00515624 0.0665808 0.0821385 0.000331526 0.0759301 0.00107476 0.00310143 0.227955 0.00416614 0.0176889 0.00559379 0.0792382 
0.0204712 0.297883 0.0586151 0.053436 0.0892168 0.000313895 0.000232585 0.00218002 0.00137303 0.154308 0.00318089 0.0327849 0.00864796 0.277356 
