0.0387258 0.0258485 0.0252963 0.127783 0.113915 3.69748e-06 0.000776392 0.00239181 0.000939763 0.0799413 0.000359836 0.47243 0.0593202 0.0522695 
0.0187651 0.0576423 0.173044 0.127752 0.0678722 3.14648e-07 0.00420539 0.00543157 0.00312146 0.0410337 0.00373381 0.464377 0.00584411 0.0271765 
0.0638003 0.0357617 0.125698 0.148694 0.130282 7.93639e-05 0.00433099 0.00143945 0.00121602 0.138199 0.00224855 0.28971 0.00958925 0.0489505 
0.0575387 0.0146821 0.266689 0.0685403 0.0207864 3.47403e-05 0.000164914 0.00389932 0.00589878 0.0751905 0.000240366 0.416439 0.0348796 0.0350165 
0.0199064 0.0363985 0.130997 0.0508051 0.0343189 0.000238927 0.000197645 0.0820953 0.0182278 0.059481 0.000729802 0.487777 0.0188553 0.0599711 
0.137192 0.0256571 0.108349 0.0559613 0.033855 0.000293203 0.00478846 0.0026729 0.00920922 0.161482 0.0013461 0.382653 0.02451 0.052031 
0.0113608 0.037908 0.0990348 0.0711146 0.225083 0.00265083 0.000412255 0.000206833 0.00178466 0.163912 0.00486411 0.261998 0.0858047 0.0338656 
0.0144175 0.0281353 0.0193678 0.133464 0.108196 0.000180096 0.000158773 0.000697935 0.00631524 0.18323 0.0233567 0.438008 0.0176659 0.0268066 
0.0149621 0.0398031 0.0383378 0.163921 0.0725001 8.59e-05 0.00328829 0.00294191 0.00537687 0.134502 0.00493489 0.381724 0.105604 0.0320174 
0.00784714 0.0273294 0.053629 0.0160587 0.249739 5.80388e-06 0.000761671 3.35999e-05 0.00104328 0.0944143 0.00374671 0.269345 0.265795 0.0102508 
0.0225213 0.0421743 0.151814 0.0787918 0.0910153 0.00123988 0.00477913 0.00169426 0.0134 0.109106 0.00475823 0.328597 0.11955 0.0305594 
0.0134573 0.0669091 0.0206453 0.176588 0.0698494 0.000400998 0.00169431 0.006156 0.00295702 0.151912 0.000786101 0.434382 0.0271282 0.0271343 
0.0116796 0.0137349 0.103678 0.113019 0.031361 3.6916e-07 1.80878e-05 0.00551338 0.00394535 0.0279496 7.51197e-06 0.668814 0.00614219 0.0141367 
0.0766023 0.0105239 0.0290069 0.0675493 0.165056 0.000619341 0.00177667 0.000154865 0.00335801 0.132633 0.000475082 0.294907 0.150404 0.066933 
0.031459 0.0544654 0.0201714 0.056544 0.235574 0.000174486 0.0119476 0.000502964 0.00335657 0.147881 0.020454 0.388575 0.0119041 0.0169897 
0.0290174 0.0265995 0.15331 0.0332736 0.0603794 0.000470072 0.000664342 0.000434393 0.0166667 0.106595 0.00826911 0.499883 0.0201279 0.0443095 
0.0218216 0.049147 0.0654252 0.0620908 0.163874 0.000400066 0.00134876 0.00150922 0.0183051 0.110192 0.0039093 0.405012 0.0665412 0.0304232 
0.033506 0.0481173 0.0415412 0.168361 0.0660927 0.000110968 0.000366943 0.0025722 0.00636961 0.107147 0.00131777 0.23413 0.129784 0.160583 
0.0148783 0.0416256 0.0466427 0.0836734 0.0486989 0.000135003 0.00273713 0.00103056 0.00168141 0.0611071 0.00257905 0.676456 0.00859592 0.0101591 
0.0035519 0.0488746 0.260547 0.0665344 0.107374 0.000206043 0.0060418 0.00597482 0.00383016 0.0546532 0.0102772 0.305695 0.100478 0.0259624 
0.0318805 0.0454071 0.0187238 0.0954922 0.0838346 7.15454e-06 5.64771e-05 0.00246147 0.00172962 0.0767658 0.000168085 0.593044 0.0028867 0.047543 
0.00690456 0.15247 0.0546496 0.11855 0.19346 1.62153e-05 0.0411171 0.000414436 0.00436213 0.17714 0.00581682 0.230075 0.00179436 0.0132294 
0.0298552 0.0343884 0.0635603 0.0410941 0.125522 2.51132e-05 6.65508e-05 0.00100944 0.00257859 0.125452 0.000530904 0.476113 0.0565407 0.0432632 
0.019652 0.00764714 0.163239 0.036263 0.0601969 2.67016e-07 9.68224e-07 1.12754e-05 0.0170321 0.208998 3.9125e-05 0.415615 0.0585462 0.0127599 
0.0169778 0.0531844 0.157773 0.121084 0.0329847 9.5487e-05 0.00389825 0.00628427 0.0185239 0.0996235 0.00637745 0.430829 0.022118 0.0302464 
0.0142217 0.00828354 0.0725243 0.0125291 0.113303 2.77704e-05 6.78519e-06 5.81703e-05 0.00735535 0.0482886 0.00249485 0.651116 0.047348 0.0224424 
0.0249037 0.0276995 0.308664 0.043821 0.0516468 0.000147746 0.000912795 0.000166923 0.00283642 0.0881964 0.00110295 0.367971 0.0572749 0.0246553 
0.0248651 0.0431105 0.093619 0.0901205 0.120716 0.00043522 0.00117915 0.00307318 0.00544252 0.149214 0.00294755 0.400492 0.0234882 0.0412971 
0.002808 0.0139284 0.197024 0.0459702 0.0223699 3.88077e-05 0.00202971 0.00093094 0.000608232 0.0938277 0.00459116 0.572811 0.0175814 0.0254805 
0.015356 0.00930986 0.0192519 0.0790161 0.153777 7.40742e-05 1.3235e-05 0.000115365 0.00660676 0.0917103 0.00120425 0.541121 0.0657379 0.0167056 
0.0184211 0.051305 0.141652 0.0634993 0.140606 0.000730073 0.0136257 0.0516377 0.0339002 0.138298 0.012375 0.265189 0.034799 0.0339624 
0.0137148 0.0382438 0.0247783 0.079676 0.107552 0.000108198 1.73558e-05 0.0159138 0.00172801 0.111616 0.0025661 0.312071 0.276593 0.0154212 
0.00529718 0.0741643 0.0467622 0.0720373 0.053146 0.000194019 0.00225123 0.00327743 0.00878135 0.0762733 0.00124379 0.63001 0.0063711 0.0201907 
0.0625854 0.0402198 0.021922 0.0136489 0.156548 5.29438e-06 9.86045e-06 0.000101043 0.000254498 0.0414273 0.000326899 0.656619 0.0035392 0.00279248 
0.0140476 0.0627992 0.242998 0.0211497 0.119818 0.000669221 0.000190631 5.26595e-06 0.0169954 0.200033 0.00105029 0.289701 0.0114138 0.0191291 
0.0159677 0.0878629 0.179827 0.18384 0.114212 1.71147e-05 0.00111901 0.0133412 0.0413279 0.118265 0.0025836 0.209835 0.00745951 0.0243425 
0.0242182 0.0391461 0.0805399 0.117334 0.0665299 0.0133337 0.00645663 0.00062492 0.00242604 0.147025 0.0167485 0.336752 0.103725 0.0451399 
0.0122684 0.136246 0.0837665 0.146763 0.0144851 0.00118702 5.14037e-06 0.00043477 0.00126867 0.241684 0.000139758 0.31689 0.0294787 0.0153828 
0.00152035 0.0045311 0.372761 0.0943593 0.0235236 1.05124e-05 9.4185e-06 0.0026117 0.00385732 0.0265255 2.93008e-05 0.436674 0.0101167 0.0234702 
0.0248203 0.0908075 0.1122 0.0891842 0.196736 0.000104681 0.00103757 0.00554172 0.0100949 0.10282 0.0207298 0.303964 0.0185063 0.0234521 
0.145672 0.00913587 0.132587 0.0744065 0.0542144 1.5238e-06 0.000103345 0.00340549 0.00465752 0.0563277 0.000177913 0.411521 0.094355 0.0134345 
0.0079813 0.026182 0.0919647 0.227173 0.0324799 0.003088 0.00078788 0.00172132 0.0108795 0.0741515 0.00100128 0.340945 0.0779695 0.103675 
0.00479839 0.0462896 0.0295579 0.044444 0.00837917 3.03764e-05 0.00180461 0.0039837 0.000971296 0.0298246 0.00143582 0.805838 0.00415055 0.018492 
0.0313 0.0256869 0.00810195 0.112143 0.13579 0.000185584 0.000759944 0.0014405 0.00602813 0.131813 0.0220204 0.489351 0.0103078 0.0250725 
0.0840468 0.040219 0.139384 0.0739615 0.029159 5.98531e-05 0.00162255 0.00185138 0.00281753 0.0673939 0.00151274 0.429682 0.0860666 0.0422229 
0.0378485 0.0425621 0.152008 0.0773289 0.124203 0.000255028 0.00318825 0.00500578 0.014002 0.116541 0.00613864 0.346528 0.0335469 0.0408441 
0.0242198 0.0465197 0.030393 0.162636 0.119824 4.92774e-05 0.000415475 0.0367874 0.00303948 0.0377538 0.00657951 0.49154 0.00604418 0.0341978 
0.0163906 0.0773282 0.0308058 0.156218 0.222001 3.86391e-05 0.00244891 0.00068825 0.00996841 0.103481 0.00407387 0.3281 0.0193894 0.0290677 
0.0310972 0.0518451 0.105629 0.0693877 0.216435 0.00235388 0.00308916 0.00211133 0.0163695 0.146628 0.00965031 0.287807 0.0281597 0.0294367 
0.00303798 0.0215651 0.305231 0.0357469 0.0860921 0.0583456 0.0014914 0.00248296 0.00679047 0.038732 0.000302083 0.417051 0.00444035 0.0186918 
0.0120079 0.0165921 0.042971 0.0651483 0.33212 0.0188123 0.00507705 0.0193875 0.00487759 0.0625443 0.0016732 0.342755 0.00725489 0.0687792 
0.0147969 0.016002 0.0586087 0.231238 0.107173 4.03304e-05 0.000361255 0.00189237 0.00283246 0.122688 0.000704122 0.297589 0.10051 0.0455629 
0.00533171 0.0406555 0.0227982 0.0477587 0.00609114 4.23625e-07 0.000142885 0.00332097 0.000695335 0.043048 0.000600809 0.806239 0.00402973 0.0192872 
0.0414482 0.0373963 0.0324135 0.121769 0.253258 0.000143494 0.00508843 0.00332978 0.0261062 0.135129 0.00259423 0.254931 0.0492135 0.0371802 
0.0333508 0.021006 0.0506271 0.0184738 0.0301815 0.000129595 0.0190324 0.000995963 0.00476938 0.0268729 0.000513871 0.643643 0.0104921 0.139912 
0.000102617 0.206635 0.00244733 0.128616 0.231294 0.000925113 0.000147207 3.61844e-05 0.00363092 0.00160443 0.00716988 0.244745 0.172594 5.28127e-05 
0.0257402 0.0583745 0.0296078 0.19589 0.0948542 0.00014463 0.000510597 0.000360867 0.00175697 0.186028 0.000653409 0.217419 0.0341097 0.154549 
0.0102996 0.0262929 0.00624147 0.021936 0.170985 0.000391732 0.000866382 0.00606916 0.000954649 0.0215825 8.08464e-05 0.701972 0.015476 0.0168514 
0.0113568 0.0788661 0.0514104 0.142627 0.162181 0.000587283 0.00046387 0.00251686 0.00161758 0.223087 0.00476879 0.278449 0.016293 0.0257751 
0.00632409 0.0283684 0.0151554 0.143043 0.0462268 0.000344471 0.00011643 0.0080399 0.00573637 0.083996 0.000104357 0.615521 0.0242813 0.0227419 
0.00533171 0.0406555 0.0227982 0.0477587 0.00609114 4.23625e-07 0.000142885 0.00332097 0.000695335 0.043048 0.000600809 0.806239 0.00402973 0.0192872 
0.00640656 0.0277567 0.2165 0.0781858 0.190649 0.000133605 0.000506141 0.00299357 0.0188561 0.0990678 0.000854581 0.24545 0.0831029 0.0295371 
0.0625854 0.0402198 0.021922 0.0136489 0.156548 5.29438e-06 9.86045e-06 0.000101043 0.000254498 0.0414273 0.000326899 0.656619 0.0035392 0.00279248 
0.032314 0.0199502 0.1232 0.209632 0.0246789 1.00567e-05 2.13871e-05 0.000493847 0.00580886 0.156148 9.67879e-05 0.307991 0.037103 0.0825512 
0.0238707 0.041868 0.091596 0.0723255 0.0903629 0.000468395 0.00305771 0.00171769 0.00563024 0.100344 0.00346349 0.502616 0.0244139 0.0382648 
0.00910297 0.0436511 0.0721564 0.0763794 0.123124 0.000622313 0.00254454 0.00496171 0.0225106 0.195794 0.0330235 0.285228 0.0327511 0.0981508 
0.0354684 0.0465712 0.0124849 0.0976497 0.0310021 9.03885e-05 0.000703169 0.00678148 0.00456597 0.0572182 0.00134875 0.666731 0.00806283 0.0313224 
0.0139452 0.0599403 0.0467903 0.10481 0.0472111 0.000112165 0.00116181 0.000746632 0.00148027 0.133803 0.001525 0.441934 0.0814521 0.065088 
0.00880828 0.0233913 0.0209089 0.0312074 0.0366863 1.29165e-05 0.000399227 0.000181212 0.0024448 0.0688322 0.00108062 0.76937 0.0246169 0.0120596 
0.0852113 0.0473199 0.117038 0.0765134 0.171142 0.00112352 0.00545075 0.00771402 0.0102189 0.173825 0.00326187 0.234018 0.0344879 0.0326759 
0.0172972 0.0099858 0.0200291 0.125658 0.0855218 2.68421e-05 1.92535e-05 0.000906682 0.00365122 0.102405 0.00128954 0.538468 0.0741706 0.0205712 
0.00843525 0.110149 0.0591811 0.168474 0.149226 0.000204815 0.00763973 0.000915477 0.00345851 0.132008 0.0138448 0.218917 0.0945254 0.0330215 
0.0984136 0.0402366 0.126215 0.148342 0.0297115 0.00193435 0.000207375 0.000391488 0.00228595 0.0656158 0.000545995 0.232367 0.0380875 0.215646 
0.0177693 0.0467456 0.111749 0.0843769 0.0635632 0.000366485 0.000960511 0.00336181 0.0215541 0.158661 0.00241991 0.454491 0.0116253 0.0223561 
0.0160419 0.0548991 0.0687164 0.0616882 0.168791 0.00114766 0.00112225 0.00184964 0.0123407 0.142803 0.00502629 0.414284 0.0286098 0.0226799 
0.00576815 0.0188914 0.100248 0.0211121 0.0305159 7.91366e-06 0.000247335 0.000102326 0.00165101 0.0732962 0.00105434 0.704218 0.0292 0.0136874 
0.00791646 0.0515269 0.0274312 0.108143 0.127043 0.000321205 0.00327628 0.000439559 0.0136547 0.132202 0.00230895 0.446891 0.0648026 0.0140436 
0.0207693 0.0203545 0.126898 0.113698 0.0482792 9.28883e-06 0.000595342 8.0946e-05 0.00252281 0.0536934 0.00441024 0.552958 0.02095 0.0347815 
0.0792586 0.0469888 0.07792 0.0739423 0.157391 6.4519e-05 0.000983557 0.00261725 0.00321855 0.102444 0.00092057 0.373581 0.0556176 0.0250527 
0.00724905 0.0467862 0.0681083 0.0975241 0.123034 0.000285954 0.000331235 0.00385452 0.0168184 0.0683535 0.00528237 0.516201 0.0113471 0.0348238 
0.0187504 0.0420191 0.0549914 0.16759 0.0499737 0.00102235 0.00866305 0.000948224 0.00227344 0.132602 0.0305541 0.380749 0.0639067 0.0459563 
0.0193215 0.078964 0.13477 0.0667764 0.163512 5.19401e-06 0.000717409 0.000249075 0.00593928 0.169566 0.00653864 0.293383 0.0129716 0.0472864 
0.171608 0.0351383 0.0401377 0.20316 0.107463 0.000212183 0.000418109 0.00487348 0.00621871 0.115566 0.00184738 0.203557 0.0232101 0.0865898 
0.0386711 0.00812494 0.039132 0.141197 0.0836042 4.87922e-05 9.70091e-06 9.15505e-05 0.00415309 0.177235 0.00327441 0.371968 0.0982303 0.03426 
0.0077449 0.00107039 0.0372956 0.00545256 0.0328343 0.00021249 2.0976e-05 0.000326147 0.00124897 0.0383466 0.00232885 0.867285 0.0024295 0.00340381 
0.0326252 0.0355019 0.00918774 0.0875034 0.236206 0.04088 0.000219105 0.0118945 0.0115569 0.106638 0.00121662 0.392917 0.00923039 0.0244229 
0.0128143 0.00782333 0.320801 0.0418156 0.0143395 2.08418e-05 0.00187749 0.00224274 0.000300976 0.0125202 0.000221812 0.508942 0.049857 0.0264237 
0.0526523 0.0136753 0.0551569 0.0669232 0.028592 0.000706631 0.000204671 0.00290284 0.00235965 0.0432357 5.32284e-05 0.606064 0.0108477 0.116625 
0.00593776 0.0363366 0.0313381 0.110253 0.142283 4.63916e-05 0.000727031 0.00775814 0.00741621 0.0382742 0.00337794 0.587172 0.0173943 0.0116847 
0.0346175 0.0866025 0.0251521 0.175017 0.144615 4.67709e-05 0.000156591 0.00591872 0.00339897 0.152466 0.00688391 0.316487 0.0139785 0.0346594 
0.0168609 0.0579258 0.0460049 0.111146 0.0910993 0.00018068 0.000553011 0.00386258 0.0104856 0.120215 0.00252276 0.505101 0.0169932 0.0170504 
0.0202304 0.0226806 0.112144 0.166249 0.0198796 0.000193883 0.0048823 0.000284946 0.00156501 0.236433 0.00258153 0.364003 0.0182193 0.0306529 
0.0345827 0.0340981 0.0984035 0.110008 0.286886 0.000267535 0.000494941 0.000726067 0.00123849 0.0571878 0.00363193 0.295254 0.0120943 0.0651265 
0.0648627 0.0867909 0.0234346 0.18116 0.0832376 0.000229011 0.000341404 0.0359082 0.0100909 0.178633 0.00252814 0.239099 0.014944 0.078741 
0.0625854 0.0402198 0.021922 0.0136489 0.156548 5.29438e-06 9.86045e-06 0.000101043 0.000254498 0.0414273 0.000326899 0.656619 0.0035392 0.00279248 
0.0599902 0.0450253 0.0191974 0.0998076 0.121846 0.000381848 1.29501e-05 0.00182009 0.0111267 0.217117 0.00581033 0.342869 0.0145127 0.0604839 
0.0383306 0.0565276 0.0874209 0.0854817 0.104919 0.000195413 0.000546009 0.016923 0.00791401 0.117748 0.00116127 0.395312 0.0238338 0.0636875 
0.0283489 0.0299107 0.110752 0.110083 0.0260652 0.000274649 5.09673e-05 0.000951668 0.00259477 0.0855912 5.69457e-05 0.509571 0.0686341 0.0271149 
0.0191371 0.034198 0.121129 0.0873817 0.0977525 5.95363e-05 1.55374e-05 0.000724487 0.00403312 0.20555 0.00359136 0.281999 0.0205461 0.123882 
0.0458322 0.0609999 0.02875 0.222982 0.0384053 5.05316e-05 0.00520396 0.00119127 0.0100643 0.185428 0.00167368 0.235581 0.0399229 0.123914 
0.0297905 0.0533445 0.0388819 0.172725 0.149746 8.12838e-05 0.00264777 0.042607 0.00889977 0.148298 0.00541816 0.253221 0.0299634 0.0643749 
0.0129727 0.0335596 0.104912 0.0306084 0.0131781 0.000107147 2.41655e-05 0.00026309 0.00016625 0.131505 2.20592e-05 0.374675 0.00756329 0.290442 
0.0224052 0.0485946 0.0281399 0.170871 0.0742324 9.09151e-05 0.00680687 0.00361589 0.00145438 0.0974793 0.00139466 0.479978 0.0413702 0.023566 
0.0377974 0.0237333 0.156999 0.0654795 0.0495029 0.00227607 0.000265956 0.000316687 0.0165026 0.122143 0.000707837 0.458674 0.0107643 0.054838 
0.0807504 0.0905328 0.136465 0.0323807 0.222385 0.000383463 0.00186521 0.00261299 0.0159124 0.0875437 0.00287989 0.222979 0.0148998 0.0884097 
0.014741 0.0573006 0.0794659 0.190449 0.113573 0.000284078 0.00118832 0.00182745 0.00263788 0.205451 0.00282679 0.274503 0.0221666 0.0335851 
0.0232884 0.0362861 0.153503 0.0480158 0.122539 2.5978e-05 0.00204896 0.000879482 0.0099219 0.082733 0.00373975 0.43394 0.0645192 0.0185593 
0.00929492 0.00725461 0.0950757 0.0359665 0.0762505 0.000167717 1.48283e-05 9.94848e-05 0.00500357 0.0446992 0.000529009 0.58476 0.103523 0.0373613 
0.02792 0.0638209 0.0219402 0.213902 0.112561 0.000532996 0.00156348 0.00780237 0.00740812 0.169067 0.00643339 0.315524 0.0205072 0.0310174 
0.00785652 0.0194299 0.0523848 0.0566679 0.0809001 6.00266e-05 0.00106111 0.000907912 0.00366344 0.0755146 0.00529407 0.666665 0.0212394 0.00835483 
0.0134377 0.0236308 0.257746 0.0814289 0.0265125 0.000180602 0.000259916 0.000182736 0.00698238 0.082645 0.0017514 0.461161 0.011769 0.0323117 
0.00542298 0.0530575 0.0455484 0.1046 0.0868787 0.00034688 0.0022123 0.00330159 0.00541202 0.304741 0.00578144 0.36253 0.00454383 0.0156236 
0.0109375 0.0285276 0.0199886 0.0715746 0.271658 0.000632231 0.00024103 0.00708116 0.0362919 0.103463 0.00135334 0.380374 0.039216 0.0286614 
0.0175575 0.00661149 0.230134 0.076443 0.0399778 4.18885e-05 0.000325189 0.00120603 0.00346235 0.148589 0.00169277 0.348726 0.0844999 0.0407333 
0.0123995 0.0241122 0.0287018 0.0872464 0.096001 0.000242857 0.00253803 0.00410054 0.00318438 0.156707 0.00780339 0.386919 0.176361 0.0136824 
0.0189479 0.0148127 0.155427 0.0980258 0.0491273 0.0001036 1.50603e-05 0.00229703 0.000444746 0.0783326 0.000204861 0.48786 0.0476066 0.0467948 
0.0788894 0.0219717 0.144836 0.0559479 0.10284 4.11999e-05 0.00024354 0.00030793 0.0580926 0.20392 0.00154723 0.268777 0.0328813 0.029704 
0.00977756 0.0440017 0.0995486 0.0771145 0.120407 0.000231297 0.000253106 0.0197605 0.0074702 0.0510378 0.000779029 0.513866 0.00444287 0.0513098 
0.0447913 0.00582822 0.03029 0.094093 0.0151449 0.000163405 3.59278e-05 0.00108282 0.0621471 0.0557574 0.000589357 0.606371 0.033064 0.0506417 
0.0374938 0.0189208 0.0116337 0.0591117 0.0808374 3.06456e-05 0.0239671 0.000117875 0.000336202 0.0271445 0.000330293 0.726444 0.0092046 0.0044276 
0.0314519 0.120812 0.0223605 0.0813274 0.170299 0.000109791 0.00417691 0.00205422 0.00499849 0.110921 0.00457505 0.309217 0.0418377 0.0958592 
0.0266002 0.104494 0.0428512 0.135535 0.0937255 0.000682564 0.00129814 0.00202033 0.00478932 0.116361 0.00236331 0.32496 0.0262479 0.118072 
0.00675883 0.00824992 0.105431 0.118595 0.00381099 0.000230455 8.46954e-05 0.00389479 0.000917167 0.0292076 6.85487e-05 0.674565 0.0242638 0.0239219 
0.0131464 0.03292 0.142159 0.0957067 0.0513918 0.000236137 0.00281733 0.000423248 0.0140984 0.111934 0.0017768 0.307021 0.0122853 0.214084 
0.0249944 0.0276179 0.249395 0.0616721 0.0801985 0.000388594 0.000951994 0.000379949 0.010608 0.0982873 0.00234643 0.371415 0.0366286 0.0351161 
0.0159546 0.0523442 0.0851512 0.0503595 0.165553 0.000435953 0.00449025 0.000705576 0.00913802 0.200766 0.0439491 0.326403 0.0150553 0.0296941 
0.0293608 0.0402494 0.080198 0.0821949 0.0953483 0.000559154 0.00169948 0.00356248 0.0215642 0.0947582 0.00250559 0.397365 0.109983 0.0406518 
0.0420403 0.0150997 0.0836079 0.155146 0.0428201 0.00061151 0.000259649 0.0559262 0.00283729 0.136632 0.00117487 0.220231 0.0774083 0.166206 
0.0174298 0.0353507 0.226077 0.0928218 0.105009 6.99583e-05 5.43809e-05 0.000853844 0.00330046 0.154728 0.0205157 0.293702 0.0300907 0.0199975 
0.0117598 0.0952664 0.107889 0.055911 0.127719 9.96767e-05 0.000248112 0.000573469 0.00515486 0.225769 0.00197892 0.355877 0.00455325 0.00719978 
0.0113608 0.037908 0.0990348 0.0711146 0.225083 0.00265083 0.000412255 0.000206833 0.00178466 0.163912 0.00486411 0.261998 0.0858047 0.0338656 
0.0339352 0.0586532 0.0629203 0.098829 0.149477 3.59131e-05 0.00792476 0.00704699 0.00249106 0.122265 0.00730486 0.391474 0.0290257 0.028617 
0.0187195 0.0295042 0.132734 0.112507 0.0368478 0.00214072 0.000431312 0.00440374 0.00939352 0.077888 0.00297497 0.316446 0.220327 0.0356828 
0.00944418 0.0207069 0.015371 0.195306 0.115443 9.29336e-05 1.16242e-05 0.00182475 0.00182202 0.137082 0.000695132 0.490196 0.00504742 0.00695754 
0.011852 0.0775815 0.0358513 0.307089 0.0455045 0.000323495 0.00242667 0.00161464 0.00188158 0.119481 0.00185602 0.354924 0.0087397 0.0308747 
0.0305526 0.031937 0.162386 0.0691984 0.0964096 0.000437433 0.00555973 0.00341108 0.0191178 0.0925639 0.00246548 0.404717 0.0467792 0.0344644 
0.066545 0.0518461 0.0414507 0.0212855 0.144848 0.000118105 0.000541112 0.000357363 0.00156415 0.0594286 0.00163263 0.59891 0.0055358 0.00593795 
0.0471356 0.0178491 0.0216886 0.204697 0.108501 2.70255e-07 2.70417e-07 0.00062205 0.0130331 0.136439 2.7035e-07 0.310466 0.0454285 0.0941383 
0.0132397 0.0919783 0.0724883 0.0667158 0.248645 1.4804e-05 0.00116447 0.000521094 0.0144295 0.117028 0.00817753 0.255169 0.0756688 0.0347606 
0.0167324 0.0247835 0.252088 0.0773423 0.0512082 0.000296084 0.00266255 0.000203686 0.00228534 0.144145 0.0136211 0.262173 0.137228 0.0152301 
0.0180305 0.137673 0.0911405 0.0362306 0.0831048 0.000926103 0.0103714 0.00191713 0.00551605 0.207914 0.00411154 0.254133 0.0071209 0.141811 
0.0184607 0.0492171 0.00633253 0.0910435 0.219502 0.000166105 0.00347241 0.000251037 0.0104968 0.102275 0.00624184 0.453093 0.0119696 0.0274786 
0.0289484 0.0637851 0.0157489 0.0764994 0.0754734 5.62804e-05 1.80038e-05 0.000253649 0.00826136 0.17214 0.000837619 0.479041 0.0268095 0.0521274 
0.0167525 0.0243257 0.264062 0.082357 0.0631826 0.0383087 0.000964216 0.000772308 0.00418957 0.088729 0.00125355 0.317631 0.0731706 0.024301 
0.0241022 0.0411338 0.0354721 0.25533 0.0884473 4.34663e-05 2.67616e-05 0.00310301 0.0111472 0.100142 0.0014146 0.325935 0.0559072 0.0577961 
0.0182036 0.061367 0.034354 0.0896968 0.29503 0.000214171 0.00200339 0.000303604 0.0034314 0.10523 0.0014402 0.332846 0.030649 0.025231 
0.00347839 0.0178785 0.0296056 0.0245814 0.112894 1.321e-06 0.00018251 0.00174223 0.00220957 0.0515872 0.00108748 0.745554 0.00477299 0.00442545 
0.0251759 0.032569 0.0155905 0.121085 0.173425 0.000359488 0.000568686 0.00115599 0.00504143 0.214897 0.0031731 0.366215 0.014003 0.0267418 
0.0453147 0.0185336 0.0399641 0.126201 0.0394466 0.000338706 0.000513899 0.0012881 0.00964392 0.0903351 0.000663322 0.5591 0.0293346 0.0393218 
0.0351634 0.019245 0.0390791 0.0452692 0.0592968 3.49374e-05 4.20201e-05 0.00462458 0.00154126 0.107673 0.00124464 0.492743 0.0130409 0.181001 
0.0625854 0.0402198 0.021922 0.0136489 0.156548 5.29438e-06 9.86045e-06 0.000101043 0.000254498 0.0414273 0.000326899 0.656619 0.0035392 0.00279248 
0.0056283 0.0697379 0.24165 0.0418604 0.14019 3.65395e-06 3.62741e-05 5.92715e-06 0.026681 0.098925 0.009157 0.333815 0.020937 0.0113722 
0.00533171 0.0406555 0.0227982 0.0477587 0.00609114 4.23625e-07 0.000142885 0.00332097 0.000695335 0.043048 0.000600809 0.806239 0.00402973 0.0192872 
0.0331799 0.0447395 0.127774 0.0712874 0.156318 0.000571987 0.00077824 0.00195875 0.00358334 0.084306 0.0136626 0.294423 0.145538 0.0218792 
0.0535853 0.0977741 0.0157429 0.0214237 0.178986 1.57408e-05 0.0052848 0.000720087 0.113039 0.0664637 0.00454679 0.395297 0.0133848 0.0337366 
0.00628366 0.0187998 0.160349 0.124741 0.127614 7.07103e-06 3.43594e-05 0.000701614 0.00495841 0.166375 0.000101987 0.336202 0.0497904 0.0040417 
0.0105057 0.10161 0.0416263 0.0796308 0.129175 7.24768e-05 0.00011485 8.68315e-05 0.0044305 0.078749 8.03517e-05 0.539985 0.00325205 0.0106809 
0.0275961 0.028369 0.283375 0.0763132 0.0845026 0.000296463 0.000716519 0.00324741 0.0038848 0.0864935 0.00545207 0.324132 0.0218939 0.0537272 
0.0423019 0.0403406 0.0445782 0.192249 0.0861856 5.01421e-05 0.003992 0.00156775 0.0041256 0.14651 0.00245902 0.246443 0.0354788 0.153718 
0.0187685 0.046814 0.0267263 0.0920568 0.199215 0.000167826 0.0156578 0.000416703 0.00378732 0.222698 0.00876322 0.305376 0.0415636 0.0179885 
0.00566234 0.065765 0.00493945 0.0745286 0.139625 0.000116788 0.000202646 0.00727388 0.0010439 0.0725031 0.00271329 0.576586 0.0163367 0.0327034 
0.0141014 0.0752501 0.0331377 0.0688227 0.288202 0.000242747 0.00306617 0.0295078 0.00441007 0.131228 0.00344227 0.318502 0.0134197 0.0166674 
0.00163558 0.0306037 0.0354162 0.0479345 0.0731058 0.000491312 0.00117402 0.0217013 0.00441477 0.0528076 0.00113627 0.702625 0.0103085 0.0166451 
0.0266677 0.0540721 0.123401 0.0709701 0.150991 0.00061591 0.00222908 0.00426867 0.00836362 0.119607 0.00907557 0.363634 0.0170107 0.0490928 
0.0182241 0.0744179 0.0899356 0.0916677 0.157646 0.000124045 5.19361e-05 0.00236255 0.0192007 0.101788 0.00475047 0.3964 0.025787 0.0176439 
0.10102 0.0305222 0.0202867 0.0660366 0.125437 0.000121637 0.000124098 0.000537522 0.00721676 0.0572577 0.000194765 0.545554 0.0193025 0.0263888 
0.0231329 0.0365478 0.0560769 0.114304 0.12088 0.000283335 0.00207607 0.00151584 0.0100626 0.134778 0.00493123 0.355906 0.0861561 0.0533503 
0.00637781 0.0275326 0.0519235 0.0797177 0.160882 0.000610294 0.000817654 0.00190416 0.00143354 0.13499 0.00687707 0.458734 0.0514679 0.0167323 
0.0388693 0.0532874 0.0687997 0.0745013 0.245666 0.000336825 0.00128146 0.00376871 0.0149236 0.128181 0.00811375 0.303283 0.0241311 0.0348567 
0.0233976 0.0162606 0.17958 0.0444088 0.0597593 2.32696e-05 0.000105463 0.000101458 0.0217223 0.210394 0.000365389 0.371789 0.054294 0.0177982 
0.0255541 0.0346889 0.240397 0.1307 0.0314886 6.21258e-05 0.0076184 0.000498806 0.00274118 0.0914441 0.000427261 0.276161 0.0860781 0.0721398 
0.0152611 0.0281275 0.0934428 0.093346 0.0521417 0.000209687 0.000179588 0.00289752 0.00998475 0.0507505 0.000244999 0.556773 0.0624291 0.0342121 
0.0327424 0.024114 0.0435838 0.0305548 0.0842556 6.13825e-05 3.67256e-05 0.000690101 0.00450612 0.0869605 0.000400452 0.618669 0.0398385 0.0335867 
0.0424782 0.0323647 0.103934 0.079708 0.0842965 0.000127347 0.00269197 0.00187522 0.00660479 0.108354 0.00279425 0.271614 0.224279 0.0388787 
0.0245651 0.0512995 0.0843817 0.118303 0.107519 0.000903147 0.00374406 0.00206566 0.00975788 0.122812 0.00982869 0.296237 0.131157 0.0374267 
0.00352575 0.0553377 0.0279457 0.0486601 0.297685 0.000139659 0.000148879 0.000839735 0.00693227 0.0588368 5.82944e-05 0.491173 0.00328599 0.00543169 
0.0129951 0.0321146 0.031789 0.0833884 0.167368 0.00121084 0.000222343 0.000391637 0.00152148 0.294813 0.000555931 0.327728 0.0254806 0.0204207 
0.0277708 0.0387107 0.222299 0.0895267 0.0762287 5.89392e-05 0.00304259 0.00133028 0.0181125 0.11747 0.00292194 0.331093 0.0501393 0.0212956 
0.0129994 0.0426308 0.0502744 0.112689 0.11205 0.000311213 0.00766329 0.00719855 0.00821385 0.132668 0.00198996 0.423919 0.049419 0.0379741 
0.00576108 0.0446675 0.0258584 0.0585542 0.00712899 4.91156e-07 0.000168282 0.00301416 0.000966487 0.0334831 0.000737598 0.789345 0.00643697 0.0238778 
0.00880828 0.0233913 0.0209089 0.0312074 0.0366863 1.29165e-05 0.000399227 0.000181212 0.0024448 0.0688322 0.00108062 0.76937 0.0246169 0.0120596 
0.00252529 0.0563007 0.0299761 0.105016 0.101361 4.8894e-06 0.000469712 0.0355888 0.00386698 0.033838 0.000671879 0.598857 0.0239774 0.00754719 
0.0344156 0.0455953 0.109731 0.0767169 0.0483389 2.32415e-05 0.00186682 0.000805618 0.0351383 0.166057 0.0012908 0.410672 0.0256954 0.0436539 
0.019652 0.00764714 0.163239 0.036263 0.0601969 2.67016e-07 9.68224e-07 1.12754e-05 0.0170321 0.208998 3.9125e-05 0.415615 0.0585462 0.0127599 
0.00466808 0.020365 0.0483726 0.073307 0.0434269 0.000473547 0.00362006 0.00116922 0.00191909 0.152342 0.00151143 0.495196 0.0170633 0.136566 
0.0335542 0.0327864 0.0191083 0.116191 0.0707566 6.88171e-05 0.000464171 0.00219993 0.103788 0.093835 0.000561167 0.399095 0.0868667 0.0407248 
0.0178411 0.0348733 0.136896 0.0702889 0.134945 0.000576316 0.00466961 0.00279614 0.00853151 0.151688 0.0011132 0.332114 0.0289416 0.0747245 
0.00987116 0.032924 0.0397039 0.18762 0.0514477 0.00102816 0.00674997 0.000505293 0.00840319 0.0675335 0.00196535 0.54127 0.0211987 0.0297798 
0.0247308 0.0372346 0.134136 0.0233036 0.110751 0.000167196 0.00119286 0.00217738 0.0160779 0.0408284 0.000761311 0.577294 0.0154692 0.0158761 
0.0307197 0.0640215 0.12385 0.0900468 0.130763 0.00164392 0.00640987 0.00697046 0.0127209 0.131492 0.00261669 0.314033 0.0311187 0.053593 
0.0207271 0.0412127 0.0102658 0.134687 0.0869314 0.0010458 0.00218638 0.00586017 0.00306224 0.0741653 0.00100435 0.595066 0.00693131 0.0168545 
0.00898578 0.0535701 0.187353 0.0548893 0.175808 0.000682586 0.00168262 0.00280284 0.0361765 0.101098 0.0013275 0.327631 0.0227881 0.025206 
0.0386299 0.0915635 0.035908 0.103948 0.165722 3.31303e-05 0.0230219 0.00132296 0.0068798 0.156113 0.00725191 0.277404 0.0419476 0.0502541 
0.0770397 0.053812 0.265127 0.114611 0.0381755 2.07183e-06 0.000868617 0.00191436 0.000298121 0.0758706 0.000203595 0.353293 0.00948033 0.00930522 
0.0128464 0.0538383 0.10796 0.118269 0.0680804 0.000306409 0.0571666 0.000280541 0.00340091 0.141148 0.0515758 0.2887 0.0463427 0.0500847 
0.0508004 0.0278174 0.135033 0.0844583 0.0597621 0.000361771 9.00174e-05 0.00102723 0.0240827 0.0815324 0.00200835 0.436989 0.0306493 0.0653879 
0.000516722 0.0196983 0.0126859 0.187932 0.0674054 1.32256e-06 4.07457e-06 7.15228e-05 0.0113944 0.091879 3.45354e-05 0.589779 0.0116811 0.00691712 
0.0178709 0.0205795 0.0121331 0.258436 0.0446959 0.000339873 5.76727e-05 0.00340604 0.000512969 0.0638362 0.000859833 0.519564 0.00492487 0.0527835 
0.00916346 0.068708 0.0502414 0.0932207 0.247906 5.86615e-05 0.00327065 0.00244485 0.00386008 0.10255 0.000189179 0.378202 0.0291461 0.0110382 
0.00282627 0.0566692 0.135937 0.176818 0.0521924 0.000329036 0.000205031 0.00559548 0.00116933 0.218101 0.00336714 0.305815 0.0169819 0.023994 
0.0265401 0.0317487 0.131667 0.0813139 0.0605018 0.00341253 0.00179259 0.00150878 0.00498729 0.106876 0.00478714 0.36313 0.138966 0.0427687 
0.020708 0.0385354 0.137939 0.0680981 0.1205 0.000561835 0.00369715 0.00787985 0.0094758 0.168908 0.00181025 0.374725 0.018536 0.0286263 
0.0165196 0.0368 0.0647147 0.0912701 0.212908 8.32821e-05 0.000765292 0.00201216 0.00839704 0.144328 0.00330197 0.352407 0.0422755 0.024217 
0.0297989 0.00834782 0.182495 0.0397628 0.0557575 0.00153337 7.46503e-05 0.00150129 0.0105227 0.0633639 0.00035227 0.569778 0.0205464 0.0161656 
0.0308443 0.0570645 0.0763406 0.109628 0.144392 0.000959433 0.00340661 0.00545194 0.00841301 0.159077 0.00366638 0.268502 0.0626639 0.0695903 
0.0261664 0.0406776 0.136706 0.0939537 0.124209 0.000944287 0.00282725 0.00353868 0.00978843 0.13837 0.00404832 0.352537 0.0280964 0.0381379 
0.0107836 0.0282136 0.0617711 0.0591952 0.326584 3.75462e-05 0.000578482 0.000848753 0.0109427 0.0891421 0.00439796 0.378871 0.00813343 0.0205012 
0.025735 0.0775396 0.0659313 0.099965 0.201703 0.000782981 0.0027859 0.00715513 0.0211438 0.112637 0.00746998 0.308739 0.0166611 0.0517515 
0.0194805 0.022852 0.0938192 0.0785996 0.0268983 0.000438146 0.000426067 0.000365155 0.00440562 0.0820096 0.0022369 0.487164 0.153537 0.0277678 
0.0504443 0.0137097 0.202246 0.0749753 0.016177 0.000226197 0.000722849 0.000247081 0.00353518 0.0619626 0.00160982 0.474198 0.0699565 0.0299897 
0.0669398 0.0376526 0.0253343 0.0293152 0.121374 3.97107e-06 1.44626e-05 7.57834e-05 0.00124661 0.058937 0.000293431 0.642512 0.00812257 0.00817836 
0.0138674 0.0104728 0.00911781 0.0504738 0.0927623 0.000232777 9.92466e-05 0.0106416 0.00238257 0.0338948 8.11759e-05 0.727391 0.00636248 0.0422203 
0.00899445 0.00640916 0.0826664 0.0334562 0.00539642 2.36768e-08 1.77081e-06 0.00124231 0.000425979 0.0085351 5.70979e-05 0.800014 0.0272113 0.0255895 
0.013323 0.0335617 0.0654102 0.059061 0.0824657 8.78554e-05 0.00108065 0.00506877 0.00292331 0.0871879 0.00502837 0.472667 0.121126 0.0510081 
0.06653 0.0736102 0.0100644 0.151394 0.225614 7.63121e-05 0.00150674 0.00210459 0.00862384 0.139342 0.0197961 0.233956 0.0345353 0.0328467 
0.0248812 0.0658389 0.034603 0.105078 0.185935 0.000217462 0.00335952 0.000512986 0.0129269 0.150031 0.000978591 0.292941 0.086526 0.0361704 
0.0269429 0.0617527 0.0107491 0.172836 0.11599 5.29436e-05 0.00171702 0.00124088 0.00315963 0.200363 0.0035747 0.32315 0.0308027 0.0476678 
0.0278737 0.0473729 0.0960394 0.0300459 0.0804206 4.6897e-05 0.0171033 0.0104662 0.00609615 0.120663 0.00576129 0.521116 0.0305625 0.00643194 
0.0083877 0.0225663 0.0208015 0.0144454 0.0295969 0.00207356 0.000556376 0.000321863 0.00583868 0.0523061 0.000289917 0.808968 0.0142106 0.0196368 
0.0182133 0.0142245 0.102477 0.174253 0.163544 4.85351e-08 5.05965e-07 0.000409324 0.00825577 0.0866103 0.000331751 0.350593 0.00171489 0.0793725 
0.0134717 0.00901144 0.0394246 0.0632463 0.157026 3.76602e-06 0.000281167 0.000353759 0.013917 0.047781 0.00135215 0.607713 0.0268057 0.0196121 
0.00766945 0.00815942 0.0827927 0.0308473 0.0316116 0.00442781 0.000184259 5.7541e-05 0.000490197 0.040664 0.000168831 0.676405 0.0519866 0.064535 
0.00336489 0.0344579 0.214311 0.0445711 0.116637 9.85422e-05 0.00205255 0.00136104 0.00329828 0.0909134 0.0119998 0.310485 0.157386 0.0090645 
0.0233542 0.0219009 0.101452 0.0765954 0.102957 0.000389388 0.00261806 0.00113619 0.0143251 0.125574 0.0124826 0.263335 0.222419 0.0314612 
0.0414448 0.0473688 0.0334756 0.0994759 0.0660887 8.01962e-05 0.0105236 0.00530849 0.00951672 0.067368 0.00154708 0.56485 0.0130075 0.0399443 
0.00869018 0.0244674 0.169877 0.0884623 0.0927669 0.000223421 0.000654697 0.00116493 0.00762575 0.104334 0.00143808 0.432924 0.0399823 0.0273895 
0.02931 0.0810787 0.0645839 0.0964594 0.163195 5.09781e-05 0.00139771 0.00905574 0.0383419 0.116943 0.00450094 0.333814 0.0175401 0.0437294 
0.0020092 0.0179832 0.0879068 0.152282 0.224052 7.2698e-06 0.000298598 0.000891509 0.00118631 0.0764078 0.0182166 0.326616 0.0572262 0.0349166 
0.0604401 0.0229789 0.0142126 0.183896 0.025191 9.28157e-06 0.000592603 0.0112514 0.00776557 0.192432 0.000251048 0.252864 0.0115009 0.216615 
0.0180872 0.0251882 0.0897868 0.0804093 0.0732725 0.000615787 0.000464317 0.000947462 0.00306542 0.148291 0.000731846 0.448649 0.0812862 0.0292052 
0.00387991 0.04276 0.188034 0.0783213 0.279035 0.000128492 0.000358252 0.00721922 0.0266412 0.0313146 0.000522074 0.308368 0.00497437 0.0284434 
0.0640876 0.033933 0.1801 0.0793264 0.0352553 0.000451126 0.00446203 0.00228146 0.00197949 0.0877834 0.00233859 0.396624 0.0754417 0.035936 
0.00618966 0.0347139 0.0205203 0.092394 0.149298 7.90842e-05 0.00193234 0.000200635 0.00823113 0.103879 0.00134157 0.499638 0.0633469 0.0182355 
0.0104588 0.0342681 0.270836 0.0352036 0.0453634 3.35319e-05 9.46999e-05 0.00265714 0.017689 0.116851 0.00511619 0.421684 0.024734 0.0150113 
0.019652 0.00764714 0.163239 0.036263 0.0601969 2.67016e-07 9.68224e-07 1.12754e-05 0.0170321 0.208998 3.9125e-05 0.415615 0.0585462 0.0127599 
0.0258152 0.0556691 0.0547123 0.0702929 0.148454 0.00246904 0.00838826 0.00102861 0.00578043 0.126648 0.00503942 0.440629 0.0239009 0.0311726 
0.0115012 0.0501383 0.0110101 0.288778 0.110113 0.000134667 0.00213825 0.000618413 0.00204718 0.131521 0.00121248 0.36359 0.0126694 0.0145282 
0.00715367 0.0124964 0.0259395 0.259034 0.0878868 0.000151923 9.4647e-05 0.00651125 0.000676027 0.11427 0.000209364 0.259121 0.213574 0.012882 
0.00591359 0.0338247 0.00779671 0.027069 0.191924 0.000108665 0.000218622 0.00737525 0.00308708 0.0655997 0.000593061 0.649096 0.00288482 0.00450914 
0.00729777 0.0422238 0.0168037 0.0417081 0.0877304 0.00110638 0.000423253 0.000144867 0.00503787 0.113089 0.000288369 0.641629 0.00646609 0.0360511 
0.038114 0.0211169 0.0557252 0.143443 0.269293 5.83027e-05 4.51125e-05 0.00386132 0.0600903 0.0784473 0.00369563 0.289582 0.0248491 0.0116792 
0.00273321 0.0141089 0.0250838 0.148894 0.086032 0.000144811 7.46955e-05 0.131954 0.000901951 0.0541045 0.000313419 0.479948 0.00416115 0.0515453 
0.0144684 0.0413774 0.0601528 0.148153 0.0718201 0.00133488 0.000398078 0.00100477 0.00220839 0.185357 0.0702769 0.26624 0.0926307 0.0445776 
0.0146757 0.0257692 0.0153178 0.173986 0.11421 0.000398788 3.52353e-05 0.000368639 0.0011903 0.168901 5.83284e-05 0.42645 0.033182 0.0254575 
0.040944 0.0558789 0.120852 0.0778973 0.193591 0.00480276 0.00358572 0.00257457 0.0120209 0.147798 0.0142423 0.226413 0.0286608 0.070739 
0.0180326 0.0366969 0.132839 0.0889103 0.127575 0.000427453 0.00232134 0.00297018 0.00965509 0.115103 0.000855161 0.309132 0.0995116 0.0559701 
0.0251118 0.00890732 0.137186 0.0542598 0.0453788 1.90784e-07 2.12458e-06 8.05417e-06 0.0191893 0.20478 3.94393e-05 0.41485 0.0670031 0.0232835 
0.00642577 0.0791867 0.00743877 0.275288 0.029426 0.000296105 0.00369885 0.0230964 0.00183723 0.0995704 0.00216786 0.457315 0.00284279 0.0114102 
0.0659823 0.0373015 0.204593 0.0917325 0.0431739 0.000156969 0.00119147 0.0211069 0.00514382 0.143984 0.0012103 0.320464 0.008698 0.0552618 
0.0130279 0.0612955 0.0251518 0.13873 0.209133 0.00219404 0.00361126 0.00262506 0.00608608 0.132053 0.0027667 0.35358 0.0117322 0.0380148 
0.0875672 0.00582482 0.33083 0.0797015 0.00726701 1.55851e-05 0.000642241 0.000196243 0.0225395 0.0840002 7.31282e-05 0.358759 0.014004 0.00858041 
0.00714622 0.00814808 0.0619535 0.0818109 0.0331376 1.20179e-05 1.08261e-05 0.000275763 0.00482703 0.122479 2.32748e-05 0.641847 0.0270036 0.0113259 
0.0224908 0.0344394 0.0794392 0.109518 0.0709921 0.00146222 0.000483107 0.0150529 0.00299467 0.141234 0.0011185 0.394552 0.035798 0.0904257 
0.0401798 0.0291683 0.0804955 0.0931555 0.164519 9.25453e-05 0.000382285 0.000759613 0.0225625 0.0928118 0.0106198 0.429504 0.0207185 0.0150309 
0.0117894 0.0722643 0.0315443 0.0585192 0.0725731 0.000172742 0.000103319 0.00189324 0.00209713 0.1587 0.00511371 0.440134 0.0484045 0.0966916 
0.00941553 0.0285356 0.0690019 0.1622 0.0930181 0.000275163 0.00264637 0.000210634 0.00257444 0.234411 0.00130551 0.301888 0.0847208 0.00979744 
0.0195426 0.0369322 0.0830458 0.0690379 0.127529 0.00017071 0.00199991 0.00479911 0.00651893 0.150314 0.000878667 0.370126 0.0883288 0.0407767 
0.0113608 0.037908 0.0990348 0.0711146 0.225083 0.00265083 0.000412255 0.000206833 0.00178466 0.163912 0.00486411 0.261998 0.0858047 0.0338656 
0.027558 0.079666 0.0705038 0.0742572 0.11543 0.000113295 0.00268302 0.00278506 0.0107641 0.114397 0.00531141 0.331477 0.118957 0.046097 
0.0270063 0.0381786 0.0473627 0.117809 0.203707 0.000189935 4.23232e-06 0.00084675 0.000420304 0.0975699 0.00017968 0.302552 0.137053 0.0271214 
0.0251787 0.0358585 0.0430184 0.127365 0.244552 0.000253791 0.000557359 0.00471532 0.00942636 0.119472 0.0381155 0.29687 0.0157367 0.038881 
0.0940838 0.0510741 0.0758351 0.111171 0.0412409 0.00181908 0.00245832 0.0055626 0.00313562 0.162378 0.00132635 0.36585 0.0241918 0.0598726 
0.0205478 0.0372016 0.0190334 0.0297691 0.191202 1.72221e-05 0.000699787 0.000255329 0.00318868 0.160338 0.00203458 0.517917 0.00955962 0.00823556 
0.0328241 0.0979086 0.161503 0.0479116 0.152567 0.000357495 0.000117347 0.000896428 0.0940108 0.108639 0.000560035 0.261775 0.0154994 0.0254311 
0.00523296 0.0626335 0.0721097 0.136869 0.0416943 0.000256967 0.00267242 0.000678732 0.00174744 0.0533495 0.00168678 0.464878 0.131223 0.0249677 
0.0541339 0.0519869 0.0767065 0.129344 0.0932638 4.70346e-05 0.00820136 0.0075662 0.0150015 0.1168 0.0133802 0.306743 0.0624641 0.0643614 
0.0808719 0.0950753 0.100295 0.0695297 0.0494574 0.000964277 0.00650818 0.0279893 0.191419 0.0572906 0.00323003 0.265104 0.0200149 0.0322503 
0.0514042 0.0692574 0.0508446 0.0900834 0.0899138 0.000258932 0.000232649 0.00297637 0.00479408 0.144128 0.00351732 0.436774 0.0249966 0.0308185 
0.00287178 0.0110029 0.0484239 0.04904 0.0648851 0.000793384 0.000111507 0.000355348 0.000421654 0.113236 0.000632726 0.680745 0.0193211 0.00815961 
0.0057201 0.038901 0.0282761 0.120696 0.100044 0.000145675 0.00256437 0.000258805 0.0104022 0.0984387 0.00130066 0.501132 0.0713621 0.0207578 
0.0184483 0.0361314 0.0696471 0.1476 0.0424163 0.00120279 0.000774442 0.024371 0.0119533 0.129724 0.000725194 0.363423 0.00930372 0.144279 
0.0625854 0.0402198 0.021922 0.0136489 0.156548 5.29438e-06 9.86045e-06 0.000101043 0.000254498 0.0414273 0.000326899 0.656619 0.0035392 0.00279248 
0.0301709 0.0507654 0.101588 0.153153 0.0125232 0.000228172 0.00228494 0.000317833 0.00958916 0.103418 0.00103923 0.330164 0.178691 0.0260676 
0.0556841 0.0489095 0.231216 0.069047 0.0547414 0.000156513 0.00288778 0.00144566 0.0141376 0.0776102 0.00754892 0.351609 0.0627937 0.0222127 
0.0183176 0.0618329 0.0502703 0.0570295 0.212555 0.000397779 0.00025089 0.00226232 0.00451791 0.145652 0.00531853 0.405766 0.0127842 0.0230449 
0.0281563 0.0467437 0.156264 0.0894656 0.107085 0.00100435 0.00352765 0.00468673 0.0111413 0.129926 0.00429373 0.343699 0.0313348 0.0426712 
0.0502873 0.0325729 0.281865 0.0584528 0.0604269 0.000140696 0.00245972 0.0167912 0.0168483 0.114027 0.000851705 0.350473 0.00701662 0.00778728 
0.0277087 0.210925 0.0286316 0.0642426 0.105695 0.00216236 0.000819885 0.00144309 0.00472752 0.151928 0.00301397 0.265142 0.0295275 0.104032 
