0.0494239 0.174109 0.003507 0.0854261 0.174493 0.00014092 0.0128304 0.00123504 0.00761295 0.199478 0.00319563 0.0484281 0.00403302 0.236087 
0.048173 0.105184 0.0161254 0.239172 0.0463884 0.000335825 0.000878885 0.0014019 0.0272759 0.100387 0.00162382 0.0661072 0.0213586 0.325588 
0.0282938 0.26784 0.00501881 0.0468902 0.0132727 0.000133666 0.0182385 0.00589532 0.220087 0.0548624 0.00455742 0.01235 0.000710875 0.32185 
0.0148459 0.0560864 0.00615612 0.285227 0.0977377 0.00134086 0.000556002 0.0208514 0.00360094 0.0579668 5.24716e-05 0.0555865 0.0106255 0.389366 
0.0156137 0.0102867 0.253561 0.135355 0.00799183 1.72525e-06 9.41328e-06 0.00098412 0.000196906 0.0577426 1.3214e-06 0.101722 0.0550869 0.361447 
0.0387465 0.0386445 0.0330913 0.0706133 0.0436986 0.00174055 0.00449819 0.000626485 0.0291212 0.141838 0.000702845 0.0422543 0.022161 0.532263 
0.0616876 0.0315625 0.0172759 0.183406 0.00576721 2.70183e-05 0.000340753 0.00123543 0.00436226 0.120344 9.09279e-05 0.0142054 0.0249004 0.534794 
0.0473987 0.089388 0.00974653 0.128432 0.0477855 0.00645064 0.00511364 0.000990194 0.00346015 0.181734 0.00156054 0.0331761 0.00612599 0.438638 
0.0270902 0.240608 0.00857618 0.123716 0.0568292 0.00117281 0.0353674 0.00296079 0.0145953 0.122659 0.00599836 0.044707 0.0126229 0.303097 
0.0325747 0.191022 0.0540257 0.072702 0.113245 0.000240578 0.00410298 0.0121471 0.00825376 0.145622 0.00164445 0.0373601 0.0052235 0.321837 
0.0261429 0.138012 0.0409002 0.0562633 0.0786289 0.0252306 0.00215533 0.00897191 0.0210201 0.151952 0.00421337 0.0578047 0.0177446 0.37096 
0.0503178 0.297053 0.0338137 0.0891302 0.017466 1.61815e-05 0.00623597 0.00379424 0.00727441 0.0810845 0.00236258 0.0113046 0.00239856 0.397748 
0.0849169 0.100698 0.0716176 0.152464 0.148429 9.56926e-05 0.0169386 0.000236112 0.0140098 0.172889 0.011916 0.032909 0.0153621 0.177519 
0.0299987 0.0518104 0.0249269 0.16691 0.10783 9.97763e-05 3.19646e-05 0.0429524 0.0113031 0.12765 6.69526e-05 0.0917539 0.0076199 0.337046 
0.0387465 0.0386445 0.0330913 0.0706133 0.0436986 0.00174055 0.00449819 0.000626485 0.0291212 0.141838 0.000702845 0.0422543 0.022161 0.532263 
0.0282938 0.26784 0.00501881 0.0468902 0.0132727 0.000133666 0.0182385 0.00589532 0.220087 0.0548624 0.00455742 0.01235 0.000710875 0.32185 
0.0556896 0.115401 0.0142535 0.100002 0.0541123 0.000130732 0.00809236 0.004023 0.00841322 0.154917 0.00292153 0.0333024 0.00726273 0.441479 
0.0387465 0.0386445 0.0330913 0.0706133 0.0436986 0.00174055 0.00449819 0.000626485 0.0291212 0.141838 0.000702845 0.0422543 0.022161 0.532263 
0.107138 0.0620037 0.0251525 0.183272 0.0907195 0.000783405 0.00442619 0.00184893 0.00969835 0.196966 0.00433888 0.0648043 0.0414239 0.207425 
0.0550351 0.144751 0.0254791 0.110191 0.0505071 0.000175998 0.0158228 0.00155537 0.0124184 0.247216 0.00889367 0.0333574 0.00795524 0.286641 
0.11455 0.163445 0.0137867 0.165088 0.0724567 0.0593282 0.00969049 0.00655295 0.00722383 0.10208 0.00360806 0.0305333 0.00932614 0.242331 
0.0094768 0.0867255 0.0142964 0.200775 0.0638131 0.000148327 0.000461118 0.0012716 0.00578163 0.188438 0.000266556 0.0385354 0.00564959 0.384361 
0.0142694 0.178703 0.0193065 0.174073 0.0669858 0.00224283 0.015344 0.015347 0.00698706 0.0944435 0.000769651 0.0776512 0.00688585 0.326992 
0.0408016 0.171419 0.0231529 0.0572645 0.120359 0.000233838 0.0120208 0.00310276 0.183215 0.121806 0.0044642 0.0647722 0.00556601 0.191822 
0.136073 0.128894 0.0128609 0.172917 0.0405009 6.96785e-06 0.0476362 0.00105532 0.0689481 0.0714158 0.00879527 0.0477725 0.00680689 0.256318 
0.0302699 0.110411 0.0215632 0.105639 0.111455 0.000189145 0.00881712 0.00357007 0.0134671 0.201127 0.00483699 0.0418762 0.0214285 0.325351 
0.0211794 0.0928095 0.0303526 0.196034 0.0315068 0.000137134 0.00140584 0.000469305 0.00404378 0.135663 0.00169318 0.0978611 0.0323373 0.354507 
0.031123 0.216236 0.00851474 0.136586 0.0197499 0.00137042 0.00310759 0.064232 0.00786051 0.0963417 0.00118164 0.0436084 0.00470188 0.365387 
0.0130056 0.0665896 0.00619735 0.0542016 0.113881 0.0108958 0.000842612 0.00754612 0.136297 0.101237 0.00147691 0.0284052 0.00459395 0.454831 
0.0174319 0.0564599 0.0906142 0.100996 0.0390594 0.000774029 0.0194073 0.00262704 0.0104261 0.166628 0.00465684 0.0488549 0.0153991 0.426665 
0.00891099 0.0227554 0.0403225 0.172534 0.0202898 0.000114263 0.00040328 0.00131164 0.0039876 0.279307 0.000298562 0.0229202 0.0353882 0.391457 
0.128195 0.156126 0.0494958 0.0499739 0.11538 7.72683e-05 0.021377 0.000245969 0.189644 0.0440128 0.00473139 0.0391176 0.00375249 0.197871 
0.0656572 0.0440593 0.0203049 0.0695426 0.0937673 0.000982327 0.000884702 0.0023314 0.00332758 0.258191 0.00125242 0.0372158 0.0223303 0.380154 
0.0409457 0.17917 0.00738782 0.10162 0.116068 0.000383063 0.00191246 0.151869 0.000384203 0.0370424 7.8158e-06 0.076196 0.000620695 0.286392 
0.0596792 0.0927972 0.00439371 0.162465 0.0996252 0.000942322 0.00230203 0.00526808 0.00417358 0.233288 0.00113321 0.0471191 0.0115211 0.275293 
0.100279 0.0291074 0.0337681 0.150754 0.018766 9.81359e-06 0.00233395 0.000570873 0.0288878 0.100341 0.00175092 0.046431 0.0107301 0.476269 
0.144312 0.106423 0.00837234 0.235274 0.0140681 3.59832e-05 0.0765536 7.12677e-05 0.00672115 0.121989 0.0013434 0.00478069 0.00873537 0.271319 
0.00476427 0.0398732 0.00879687 0.0689999 0.0206995 7.67799e-05 0.000270235 0.00197457 0.00895558 0.046117 0.00172579 0.00750879 0.0113813 0.778856 
0.0387465 0.0386445 0.0330913 0.0706133 0.0436986 0.00174055 0.00449819 0.000626485 0.0291212 0.141838 0.000702845 0.0422543 0.022161 0.532263 
0.0193133 0.292847 0.00385351 0.0679522 0.0402392 0.000128058 0.0118595 0.00018422 0.00924966 0.177431 0.0048525 0.0245342 0.00391938 0.343636 
0.029612 0.0896243 0.0289994 0.0544857 0.00877309 4.28889e-05 0.00186525 0.000491579 0.00260566 0.092151 0.00103662 0.0272317 0.00808322 0.654998 
0.0642081 0.145043 0.0635634 0.131294 0.0734615 0.00358397 0.00476226 0.00104964 0.0383985 0.130228 0.0138196 0.0570059 0.0152972 0.258284 
0.0465072 0.0449823 0.072088 0.110875 0.0042338 0.000541901 0.000419931 0.00132937 0.00129171 0.133384 0.000768291 0.0142017 0.0131087 0.556269 
0.0199121 0.0157719 0.00962761 0.22746 0.0201198 0.000588651 9.54825e-06 0.000606446 0.00469711 0.139782 6.9663e-05 0.0426956 0.0124984 0.506161 
0.0673638 0.0748196 0.0251405 0.0868536 0.109093 0.000241305 0.00564276 0.00689017 0.00585093 0.198686 0.00571367 0.0646028 0.0181967 0.330905 
0.0497073 0.135852 0.0436839 0.12487 0.0920402 9.90806e-05 0.00232494 0.00317802 0.00746685 0.106775 0.00455891 0.106215 0.0382975 0.284932 
0.0387465 0.0386445 0.0330913 0.0706133 0.0436986 0.00174055 0.00449819 0.000626485 0.0291212 0.141838 0.000702845 0.0422543 0.022161 0.532263 
0.0510003 0.0444931 0.0223306 0.0609121 0.0250081 0.000619211 0.000712244 0.000859589 0.00737044 0.219882 0.00214048 0.0302816 0.0898815 0.444509 
0.158219 0.115102 0.0231086 0.184336 0.0181309 0.000164996 0.00931593 0.00251948 0.0147462 0.0778491 0.00373223 0.0366592 0.0101424 0.345974 
0.0295041 0.10703 0.0380049 0.183196 0.030975 0.000187278 0.0112354 0.000512357 0.0024498 0.191065 0.00487855 0.129205 0.0159524 0.255804 
0.0359324 0.17051 0.0125259 0.178919 0.130533 0.000219638 0.000454982 0.00067476 0.00200637 0.154042 0.00452784 0.0795227 0.0153488 0.214782 
0.0109039 0.0283434 0.00416245 0.0963359 0.0724553 0.00872025 0.000983279 0.00355999 0.00368469 0.0529362 0.000524453 0.00731994 0.0017688 0.708302 
0.0341064 0.0560304 0.00823138 0.130294 0.164786 8.90829e-05 0.00356315 0.00651183 0.0170506 0.184367 0.00574197 0.0946388 0.0233652 0.271224 
0.0387465 0.0386445 0.0330913 0.0706133 0.0436986 0.00174055 0.00449819 0.000626485 0.0291212 0.141838 0.000702845 0.0422543 0.022161 0.532263 
0.104772 0.109126 0.0227357 0.201126 0.0354303 0.00186693 0.00723727 0.00164391 0.0466581 0.160926 0.00489452 0.0298285 0.0389227 0.234832 
0.0219839 0.0428049 0.000935029 0.0507671 0.0113227 8.1014e-05 0.000380579 3.75069e-05 0.00468383 0.0811593 0.00143319 0.00579328 0.00209013 0.776528 
0.0387465 0.0386445 0.0330913 0.0706133 0.0436986 0.00174055 0.00449819 0.000626485 0.0291212 0.141838 0.000702845 0.0422543 0.022161 0.532263 
0.00573814 0.0918431 0.0442297 0.0862368 0.101645 0.000270784 0.00440074 0.000998128 0.00209435 0.0671756 0.000797317 0.240646 0.00542397 0.348501 
0.0387465 0.0386445 0.0330913 0.0706133 0.0436986 0.00174055 0.00449819 0.000626485 0.0291212 0.141838 0.000702845 0.0422543 0.022161 0.532263 
0.119875 0.0890041 0.0263 0.144003 0.0379871 2.29416e-06 0.00217102 0.0152847 0.0154554 0.191218 0.0001178 0.0614792 0.00424144 0.29286 
0.0560272 0.0660973 0.0471074 0.10507 0.0328963 0.000170064 0.000952875 0.00232552 0.0131632 0.127977 0.000147018 0.0615404 0.0048242 0.481701 
0.0387465 0.0386445 0.0330913 0.0706133 0.0436986 0.00174055 0.00449819 0.000626485 0.0291212 0.141838 0.000702845 0.0422543 0.022161 0.532263 
0.0985945 0.0368542 0.00890418 0.0766908 0.135345 0.000106815 0.00254581 0.000209452 0.00290147 0.280583 0.00168431 0.0395856 0.011078 0.304917 
0.00214324 0.00363997 0.000312945 0.057208 0.00171877 5.01434e-06 1.57365e-06 0.00772551 0.000262773 0.00844404 3.7642e-05 0.0345251 0.000553333 0.883422 
0.0847648 0.146078 0.023125 0.127721 0.0518521 0.000298874 0.00225901 0.0670205 0.00295767 0.0684429 0.00482509 0.0318048 0.00265608 0.386194 
0.0570452 0.0634814 0.0208301 0.0767703 0.0706399 0.000288169 0.00188876 0.000503827 0.0066462 0.26825 0.000530516 0.0399211 0.0600372 0.333167 
0.0387465 0.0386445 0.0330913 0.0706133 0.0436986 0.00174055 0.00449819 0.000626485 0.0291212 0.141838 0.000702845 0.0422543 0.022161 0.532263 
0.0387465 0.0386445 0.0330913 0.0706133 0.0436986 0.00174055 0.00449819 0.000626485 0.0291212 0.141838 0.000702845 0.0422543 0.022161 0.532263 
0.0321697 0.089725 0.0564672 0.0917126 0.0349972 0.000285477 0.00644917 0.00151347 0.00827158 0.12792 0.00268129 0.0305019 0.0120515 0.505254 
0.0556896 0.115401 0.0142535 0.100002 0.0541123 0.000130732 0.00809236 0.004023 0.00841322 0.154917 0.00292153 0.0333024 0.00726273 0.441479 
0.0387465 0.0386445 0.0330913 0.0706133 0.0436986 0.00174055 0.00449819 0.000626485 0.0291212 0.141838 0.000702845 0.0422543 0.022161 0.532263 
0.013696 0.0348704 0.0106064 0.092049 0.0997284 0.000628404 0.000214057 0.000708354 0.00569711 0.230722 0.00251593 0.0624672 0.00470591 0.441391 
0.0111115 0.0242541 0.0770372 0.0422174 0.0353247 1.3598e-05 1.76711e-05 0.00254735 0.0335855 0.0753835 6.58436e-05 0.0202708 0.00928897 0.668882 
0.0387465 0.0386445 0.0330913 0.0706133 0.0436986 0.00174055 0.00449819 0.000626485 0.0291212 0.141838 0.000702845 0.0422543 0.022161 0.532263 
0.0653752 0.0698991 0.0123616 0.138054 0.0627865 0.000307813 0.0145721 0.00081679 0.00929647 0.220264 0.00533521 0.0544855 0.0241425 0.322303 
0.0387465 0.0386445 0.0330913 0.0706133 0.0436986 0.00174055 0.00449819 0.000626485 0.0291212 0.141838 0.000702845 0.0422543 0.022161 0.532263 
0.0570452 0.0634814 0.0208301 0.0767703 0.0706399 0.000288169 0.00188876 0.000503827 0.0066462 0.26825 0.000530516 0.0399211 0.0600372 0.333167 
0.0387465 0.0386445 0.0330913 0.0706133 0.0436986 0.00174055 0.00449819 0.000626485 0.0291212 0.141838 0.000702845 0.0422543 0.022161 0.532263 
0.0189267 0.0638966 0.0324877 0.0854401 0.0959329 0.000257345 0.00306023 0.000462336 0.00441945 0.258099 0.00768854 0.0776995 0.0769034 0.274726 
0.0360412 0.168091 0.00379928 0.185139 0.0550102 0.000131335 0.00508662 0.0450386 0.00459017 0.0847583 0.000759191 0.042377 0.0108018 0.358375 
0.232091 0.0557758 0.0149468 0.0946176 0.113837 0.00671177 0.00243239 0.00222513 0.00331356 0.166594 0.00449516 0.0376138 0.0183949 0.246951 
0.019125 0.0575237 0.00665807 0.0405767 0.0949992 0.000317706 0.00121902 0.000993028 0.00845316 0.0860683 0.00163204 0.0322662 0.00532571 0.644842 
0.030544 0.0853165 0.00345125 0.0347531 0.0341323 0.000577966 5.30668e-06 0.000461532 0.000595174 0.121723 5.20002e-05 0.00961951 0.00735221 0.671416 
0.210491 0.0328722 0.0299682 0.188626 0.0634826 4.346e-05 0.000570222 0.00357445 0.00302018 0.0867542 0.00197915 0.0622884 0.0210731 0.295257 
0.0213376 0.240396 0.00940532 0.0967765 0.0465302 0.000861788 0.0023129 0.0260824 0.00420256 0.201271 0.00445115 0.024363 0.0094681 0.312541 
0.0353638 0.0431069 0.0505954 0.0990889 0.101966 0.000135322 6.35998e-05 0.000261301 0.00143795 0.183266 0.00189919 0.215621 0.0237688 0.243426 
0.1145 0.110021 0.0413784 0.123168 0.0517502 9.64858e-05 0.0111583 0.0209845 0.016381 0.194845 0.0017853 0.0449477 0.00234058 0.266644 
0.053336 0.00440819 0.00738414 0.0623397 0.0827029 0.000636003 0.00060887 0.04678 0.00033791 0.0923386 0.000220917 0.00655239 0.00312525 0.639229 
0.0374028 0.0619453 0.0219033 0.1416 0.0824717 0.00011449 0.000966019 0.0046167 0.00414901 0.179864 0.00298428 0.0462263 0.0119612 0.403795 
0.0387465 0.0386445 0.0330913 0.0706133 0.0436986 0.00174055 0.00449819 0.000626485 0.0291212 0.141838 0.000702845 0.0422543 0.022161 0.532263 
0.0797233 0.0339716 0.0881182 0.0740177 0.0702287 0.000300714 0.00726844 0.000318525 0.0392226 0.154163 0.0103208 0.165369 0.0685849 0.208393 
0.0444016 0.109842 0.0134772 0.0531316 0.156099 0.000184578 0.00030796 0.000844964 0.00674735 0.161576 0.00707852 0.0680959 0.00349119 0.374722 
0.041745 0.046146 0.0140446 0.0593887 0.0178204 0.000369065 0.00555794 0.00508115 0.00466506 0.0347907 0.00102804 0.0159757 0.00460873 0.748779 
0.0821439 0.114186 0.00939257 0.0731355 0.048504 0.000346644 0.00204197 0.00708713 0.00899699 0.178616 0.00385319 0.0395486 0.00437228 0.427775 
0.0271688 0.0820798 0.0532348 0.113227 0.0337919 0.000212229 0.00439527 0.00136096 0.00628155 0.121221 0.00190889 0.043332 0.0116187 0.500167 
0.0387465 0.0386445 0.0330913 0.0706133 0.0436986 0.00174055 0.00449819 0.000626485 0.0291212 0.141838 0.000702845 0.0422543 0.022161 0.532263 
0.109783 0.139246 0.033106 0.0715235 0.169269 7.45235e-05 0.0733479 0.0106194 0.022249 0.102104 0.0121654 0.0345059 0.00521284 0.216794 
0.0387465 0.0386445 0.0330913 0.0706133 0.0436986 0.00174055 0.00449819 0.000626485 0.0291212 0.141838 0.000702845 0.0422543 0.022161 0.532263 
0.00646906 0.318007 0.0183332 0.0545234 0.0764605 1.30573e-05 0.00385946 0.00245715 0.00562431 0.123352 0.00117153 0.0279574 0.00154815 0.360224 
0.0387465 0.0386445 0.0330913 0.0706133 0.0436986 0.00174055 0.00449819 0.000626485 0.0291212 0.141838 0.000702845 0.0422543 0.022161 0.532263 
0.0027443 0.0388198 0.0383626 0.041049 0.00929412 0.000259135 0.000252089 0.00163474 0.00216609 0.0260745 0.00180064 0.0516873 0.0060822 0.779774 
0.0725293 0.136737 0.0299451 0.169525 0.0819915 0.00183402 0.0113958 0.00513389 0.0133692 0.145763 0.0206215 0.0876019 0.0431883 0.180364 
0.0659988 0.0902152 0.00958919 0.11445 0.0152586 0.0477585 0.0604546 0.00103546 0.0240754 0.111501 0.000654288 0.00674359 0.00527552 0.44699 
0.00943266 0.0599222 0.029979 0.0608922 0.211765 0.00789371 0.0284942 0.0207786 0.0026085 0.148719 0.00274489 0.0802804 0.0122426 0.324246 
0.0387465 0.0386445 0.0330913 0.0706133 0.0436986 0.00174055 0.00449819 0.000626485 0.0291212 0.141838 0.000702845 0.0422543 0.022161 0.532263 
0.0482999 0.0286293 0.0129552 0.131457 0.00543729 9.68236e-05 0.00139982 0.00133065 0.0023487 0.0856231 0.00022637 0.00398819 0.0144573 0.663751 
0.164421 0.0329705 0.0288832 0.205319 0.0283615 0.00241527 0.00181375 0.000579502 0.00574814 0.1928 0.000391138 0.0712792 0.0533454 0.211673 
0.0986321 0.144368 0.0207514 0.157424 0.0384185 0.00275496 0.0081903 0.000513411 0.0470912 0.118309 0.00469132 0.0409715 0.0360522 0.281832 
0.154353 0.102998 0.0113614 0.113803 0.0442218 0.000998362 0.0013254 0.00908788 0.00292692 0.250031 0.0002099 0.0108469 0.00793871 0.289899 
0.0973153 0.0252594 0.014706 0.146744 0.00461774 2.54036e-05 0.00027732 0.000993755 0.00349773 0.0962885 7.60486e-05 0.0113722 0.019936 0.578891 
0.0387465 0.0386445 0.0330913 0.0706133 0.0436986 0.00174055 0.00449819 0.000626485 0.0291212 0.141838 0.000702845 0.0422543 0.022161 0.532263 
0.00485583 0.18731 0.00450808 0.220573 0.0185534 7.34408e-05 0.000343983 0.00295989 0.00248962 0.0520161 0.000114568 0.0837053 0.00231037 0.420186 
0.0148446 0.125619 0.0286647 0.0681238 0.0538806 9.96559e-05 0.000305691 0.000139195 0.00557852 0.151465 0.000434539 0.0485458 0.0037017 0.498596 
0.101419 0.0845816 0.0176783 0.138384 0.0102143 1.97942e-05 0.0263596 0.00548606 0.0137182 0.0654101 0.00362493 0.00713743 0.00177772 0.524189 
0.0268025 0.0653316 0.0113042 0.0855785 0.224002 0.0293014 0.00248963 0.0180743 0.00804012 0.0837271 0.00178659 0.0734451 0.00732231 0.362795 
0.0442325 0.0462735 0.00737925 0.14811 0.0533851 0.000557845 0.00495027 0.00247938 0.00471819 0.271391 0.00410117 0.0448589 0.0200218 0.34754 
0.101636 0.131545 0.00749459 0.153527 0.0383552 0.000437791 0.01188 0.00339168 0.00357527 0.162556 0.0413639 0.108924 0.0188903 0.216423 
0.0387465 0.0386445 0.0330913 0.0706133 0.0436986 0.00174055 0.00449819 0.000626485 0.0291212 0.141838 0.000702845 0.0422543 0.022161 0.532263 
0.0590896 0.192528 0.00942541 0.0912388 0.015004 0.000128835 0.0746071 0.00235557 0.0299732 0.140694 0.00539641 0.0966942 0.0485313 0.234334 
0.0518055 0.115176 0.0682086 0.242348 0.0330295 0.000194446 0.00297075 0.0013317 0.018359 0.166728 0.000921613 0.0170416 0.0252339 0.256651 
0.0420885 0.209432 0.00278121 0.0620587 0.0134938 3.19665e-05 0.0040895 0.0109317 0.0141653 0.0194148 0.00147776 0.00441355 0.000808626 0.614813 
0.0754321 0.128827 0.00744138 0.159116 0.0229646 1.79375e-05 0.00255541 0.000139975 0.00218859 0.178869 0.000147099 0.00629417 0.0183503 0.397657 
0.0556896 0.115401 0.0142535 0.100002 0.0541123 0.000130732 0.00809236 0.004023 0.00841322 0.154917 0.00292153 0.0333024 0.00726273 0.441479 
0.0355183 0.0460562 0.0178187 0.234517 0.0386416 0.000492276 0.00312043 0.00369446 0.0100784 0.103568 0.00102346 0.0557488 0.0131571 0.436566 
0.0387465 0.0386445 0.0330913 0.0706133 0.0436986 0.00174055 0.00449819 0.000626485 0.0291212 0.141838 0.000702845 0.0422543 0.022161 0.532263 
0.0327185 0.109849 0.00650161 0.0370095 0.0537565 5.94535e-05 0.0022388 0.00527827 0.0404908 0.0502097 0.00063617 0.0268421 0.00491859 0.629491 
0.0387465 0.0386445 0.0330913 0.0706133 0.0436986 0.00174055 0.00449819 0.000626485 0.0291212 0.141838 0.000702845 0.0422543 0.022161 0.532263 
0.0210399 0.0335481 0.0270319 0.182327 0.0453731 7.90041e-05 0.000544198 0.0703366 0.00751888 0.101159 0.00102391 0.175401 0.00803324 0.326584 
0.0162515 0.11678 0.0378084 0.155195 0.0235169 0.000640235 0.00508206 0.00212027 0.00800501 0.262714 0.00141792 0.017761 0.00399889 0.348709 
0.0387465 0.0386445 0.0330913 0.0706133 0.0436986 0.00174055 0.00449819 0.000626485 0.0291212 0.141838 0.000702845 0.0422543 0.022161 0.532263 
0.238857 0.177833 0.017497 0.0651935 0.071195 0.000692345 0.00602512 0.0110375 0.0294705 0.0792464 0.0022937 0.0369398 0.00534445 0.258375 
0.046409 0.0850382 0.038748 0.20856 0.0527115 0.00083194 0.0119953 0.00236919 0.010183 0.223584 0.00231519 0.0487669 0.0353482 0.23314 
0.0387465 0.0386445 0.0330913 0.0706133 0.0436986 0.00174055 0.00449819 0.000626485 0.0291212 0.141838 0.000702845 0.0422543 0.022161 0.532263 
0.0310885 0.0257778 0.0113026 0.0252201 0.237507 0.000167729 1.14727e-05 0.000729055 0.00390922 0.209169 1.26191e-06 0.0627984 0.005746 0.386572 
0.0387465 0.0386445 0.0330913 0.0706133 0.0436986 0.00174055 0.00449819 0.000626485 0.0291212 0.141838 0.000702845 0.0422543 0.022161 0.532263 
0.148933 0.0804061 0.0576645 0.196949 0.0140785 0.00429185 0.00254919 0.000713385 0.0374546 0.150366 0.000938975 0.0229205 0.0224845 0.26025 
0.0954071 0.117654 0.021438 0.0842767 0.0209328 4.85588e-05 0.0383096 0.00076018 0.0551372 0.0586318 0.00457027 0.0128139 0.0139626 0.476058 
0.144887 0.0189617 0.0117814 0.238093 0.0422632 6.98723e-05 8.97272e-05 0.000302273 0.00695054 0.187941 0.000137406 0.0873906 0.0121236 0.249008 
0.0321697 0.089725 0.0564672 0.0917126 0.0349972 0.000285477 0.00644917 0.00151347 0.00827158 0.12792 0.00268129 0.0305019 0.0120515 0.505254 
0.0278609 0.0483132 0.0444365 0.0753391 0.0116074 0.000129459 0.00634356 0.00127463 0.00965835 0.0779704 0.00148038 0.00952653 0.00578353 0.680276 
0.0515223 0.0431391 0.0220024 0.0607727 0.0244282 0.000564704 0.000254037 0.000804449 0.00696901 0.221847 0.00194217 0.0296967 0.0893324 0.446725 
0.0272509 0.0665445 0.0118862 0.139862 0.0509554 0.000194988 0.00236757 0.0169212 0.00246705 0.0665759 0.00195361 0.0317847 0.00697842 0.574257 
0.114418 0.099906 0.0254636 0.0891719 0.0490844 0.00189845 0.00854717 0.00193404 0.0325058 0.201465 0.00139178 0.0442139 0.015687 0.314313 
0.0595108 0.0337503 0.0156834 0.171165 0.00657445 3.47364e-05 0.00032393 0.00158841 0.0022301 0.10939 5.69969e-05 0.00487492 0.0185536 0.576264 
0.0186551 0.00799827 0.0104982 0.0210021 0.0750366 0.00033354 0.000138451 0.00153 0.00122441 0.0160626 1.04765e-05 0.00638214 0.000888524 0.84024 
0.0620454 0.105758 0.0260898 0.138031 0.0289263 0.000311275 0.0160126 0.00185251 0.0103186 0.275343 0.00250329 0.0329193 0.0188317 0.281058 
0.0387465 0.0386445 0.0330913 0.0706133 0.0436986 0.00174055 0.00449819 0.000626485 0.0291212 0.141838 0.000702845 0.0422543 0.022161 0.532263 
0.0515223 0.0431391 0.0220024 0.0607727 0.0244282 0.000564704 0.000254037 0.000804449 0.00696901 0.221847 0.00194217 0.0296967 0.0893324 0.446725 
0.0343942 0.0850783 0.0539461 0.0375864 0.116689 3.30873e-05 0.0106254 0.000440271 0.0224899 0.217364 0.00414788 0.0717582 0.0232105 0.322237 
0.015778 0.0337073 0.0245693 0.0953139 0.0244 0.00013383 0.00116305 0.00106712 0.00627038 0.115559 0.000934715 0.0135922 0.0287222 0.638789 
0.00648012 0.0128209 0.15596 0.0326562 0.110669 0.00107799 0.000204024 0.000629888 0.00124489 0.096405 0.00193043 0.265239 0.00303095 0.311652 
0.0434625 0.207101 0.0137624 0.171872 0.0142201 4.57863e-05 0.00605136 0.0661528 0.00851054 0.0950272 0.00261482 0.13113 0.0114715 0.228578 
0.0574933 0.147297 0.0025708 0.066349 0.189209 0.0138099 0.063286 0.0113068 0.00778909 0.181138 0.00062853 0.0337261 0.00806278 0.217335 
0.0424222 0.146854 0.0112998 0.0551776 0.0229763 5.55843e-05 0.022385 0.000626431 0.179643 0.110415 0.0023605 0.0167689 0.00703384 0.381981 
0.0115498 0.0371627 0.108731 0.213838 0.0394514 0.000109519 0.000317286 0.00422588 0.0031744 0.0417323 0.00298401 0.208388 0.0214226 0.306914 
0.0387465 0.0386445 0.0330913 0.0706133 0.0436986 0.00174055 0.00449819 0.000626485 0.0291212 0.141838 0.000702845 0.0422543 0.022161 0.532263 
0.0130898 0.0707156 0.0193117 0.035969 0.11815 0.00767093 0.00201069 0.000578545 0.0253278 0.123319 0.00188717 0.0571574 0.00613858 0.518674 
0.00786908 0.079085 0.00175938 0.117575 0.0214988 0.000306124 2.87282e-06 0.216827 0.00143428 0.120186 8.2871e-06 0.00700875 0.00226719 0.424172 
0.0069387 0.0610902 0.0267156 0.0868496 0.184871 4.2534e-05 0.0768626 0.00422253 0.00227766 0.159793 0.00155944 0.0559699 0.00806982 0.324737 
0.137471 0.107839 0.0114195 0.076875 0.0958564 9.77771e-05 0.0164184 0.0144426 0.0138243 0.0381905 0.00137737 0.0475273 0.0229315 0.41573 
0.0611376 0.350958 0.00335178 0.123406 0.0150946 1.22007e-05 0.00785843 0.00373636 0.0100016 0.0485781 0.00380118 0.00855904 0.00136104 0.362144 
0.036165 0.0522588 0.036595 0.0873284 0.0611617 0.00033183 0.0024434 0.000498424 0.005135 0.211519 0.00479841 0.0636236 0.190958 0.247183 
0.0581337 0.171985 0.0154198 0.0673883 0.116679 0.000136533 0.0126138 0.000287768 0.0270577 0.210135 0.00735902 0.0254749 0.00259726 0.284732 
3.78616e-06 2.00377e-06 0.00403753 1.59263e-06 0.18367 2.96349e-05 5.30201e-06 0.0331028 9.27048e-06 0.05155 1.53731e-05 0.207616 6.8677e-06 0.51995 
0.0180862 0.17203 0.0320502 0.094256 0.0512905 0.00404774 0.0063671 0.00303334 0.00704026 0.195244 0.0163829 0.0277533 0.00528711 0.367131 
0.0387465 0.0386445 0.0330913 0.0706133 0.0436986 0.00174055 0.00449819 0.000626485 0.0291212 0.141838 0.000702845 0.0422543 0.022161 0.532263 
0.0494422 0.0877866 0.00913478 0.138039 0.0929515 0.000842175 0.00197056 0.0383018 0.0106876 0.0408443 0.0030865 0.0403367 0.00660141 0.479975 
0.048173 0.105184 0.0161254 0.239172 0.0463884 0.000335825 0.000878885 0.0014019 0.0272759 0.100387 0.00162382 0.0661072 0.0213586 0.325588 
0.183261 0.0928402 0.0238558 0.0964308 0.0265646 7.80715e-05 0.0171747 0.0006075 0.0197868 0.168049 0.0108542 0.0526155 0.0158677 0.292014 
0.0181626 0.0231723 0.0126465 0.0907601 0.0703405 0.00688927 0.000344893 0.000397739 0.00104307 0.213472 0.00102504 0.0136665 0.00103578 0.547044 
0.010409 0.0671161 0.0706109 0.11902 0.102318 4.3044e-05 0.000169777 0.154157 0.00147235 0.0510233 0.000142358 0.0352654 0.00280512 0.385448 
0.078109 0.0313742 0.0281516 0.272035 0.0506814 0.000301059 0.00460408 0.0039178 0.00439662 0.113284 0.00408842 0.0844727 0.040821 0.283763 
0.042999 0.0379345 0.0167743 0.0834383 0.147749 0.143141 0.000880376 0.00114044 0.00739747 0.0898 0.00349855 0.0427702 0.00509426 0.377382 
0.0389408 0.0671995 0.0427394 0.131053 0.0135225 3.01913e-05 0.00772103 0.000648536 0.00517881 0.200918 0.0019898 0.0310921 0.0156085 0.443358 
0.0358795 0.0968443 0.0190377 0.0941243 0.0197348 0.000566445 0.00637621 0.0231654 0.00822229 0.104401 0.00425137 0.0412925 0.0399667 0.506138 
0.0924284 0.1065 0.00851959 0.0972733 0.108692 0.000196781 0.0208945 0.00210981 0.0209837 0.0792421 0.00664953 0.0590934 0.00946265 0.387954 
0.0556896 0.115401 0.0142535 0.100002 0.0541123 0.000130732 0.00809236 0.004023 0.00841322 0.154917 0.00292153 0.0333024 0.00726273 0.441479 
0.0556896 0.115401 0.0142535 0.100002 0.0541123 0.000130732 0.00809236 0.004023 0.00841322 0.154917 0.00292153 0.0333024 0.00726273 0.441479 
0.0151314 0.0203137 0.066735 0.0755823 0.0177462 1.27592e-07 2.78105e-05 0.000423695 0.0140591 0.0300998 4.94537e-05 0.0851409 0.202715 0.471975 
0.0170807 0.0277973 0.010599 0.049216 0.0733095 9.17396e-05 0.00367473 0.127671 0.00493767 0.0294229 0.000514777 0.0113297 0.00470256 0.639652 
0.0201298 0.137731 0.00510452 0.164827 0.102466 0.0017729 0.00410895 0.138 0.0267106 0.0343134 0.00114056 0.0315771 0.0029099 0.329208 
0.0387465 0.0386445 0.0330913 0.0706133 0.0436986 0.00174055 0.00449819 0.000626485 0.0291212 0.141838 0.000702845 0.0422543 0.022161 0.532263 
0.0154493 0.0399383 0.00503942 0.0485022 0.167614 0.000449415 1.42259e-05 0.0874584 0.000530553 0.0825601 1.81326e-05 0.025503 0.00225049 0.524673 
0.0387465 0.0386445 0.0330913 0.0706133 0.0436986 0.00174055 0.00449819 0.000626485 0.0291212 0.141838 0.000702845 0.0422543 0.022161 0.532263 
0.176158 0.0915789 0.0228561 0.092923 0.0259929 0.000749161 0.0176521 0.000631833 0.0285444 0.166611 0.0108987 0.0496081 0.00844829 0.307347 
0.0256727 0.132819 0.0041225 0.145238 0.0245203 4.80557e-05 0.00382853 0.0118968 0.0341309 0.0598211 0.000761529 0.0300902 0.000643322 0.526407 
0.010204 0.0314858 0.00954376 0.0348004 0.171181 0.000361982 0.00286523 0.0120384 0.0232378 0.124745 0.000709141 0.0243479 0.0128105 0.541668 
0.042999 0.0379345 0.0167743 0.0834383 0.147749 0.143141 0.000880376 0.00114044 0.00739747 0.0898 0.00349855 0.0427702 0.00509426 0.377382 
0.0387465 0.0386445 0.0330913 0.0706133 0.0436986 0.00174055 0.00449819 0.000626485 0.0291212 0.141838 0.000702845 0.0422543 0.022161 0.532263 
0.0387465 0.0386445 0.0330913 0.0706133 0.0436986 0.00174055 0.00449819 0.000626485 0.0291212 0.141838 0.000702845 0.0422543 0.022161 0.532263 
0.0710446 0.0244775 0.0138663 0.178808 0.0822779 0.00308755 6.364e-05 0.00326441 0.00202837 0.236074 0.000311128 0.0468568 0.0236086 0.314231 
0.0321006 0.0579344 0.0105838 0.0531941 0.0987157 0.000320803 0.000331733 0.0434733 0.0125544 0.148118 0.000391984 0.0903315 0.00877189 0.443178 
0.0954071 0.117654 0.021438 0.0842767 0.0209328 4.85588e-05 0.0383096 0.00076018 0.0551372 0.0586318 0.00457027 0.0128139 0.0139626 0.476058 
0.148933 0.0804061 0.0576645 0.196949 0.0140785 0.00429185 0.00254919 0.000713385 0.0374546 0.150366 0.000938975 0.0229205 0.0224845 0.26025 
0.0153797 0.0471072 0.0155662 0.214457 0.0296035 0.00470157 0.000281581 0.000339763 0.00497577 0.165912 0.000576502 0.0606747 0.0108271 0.429598 
0.0449202 0.297084 0.0146906 0.0428686 0.0617759 0.000131691 0.0154711 0.000318134 0.0586502 0.0988137 0.00798076 0.0399841 0.00622575 0.311086 
0.0631446 0.0186687 0.0343507 0.208629 0.0331881 0.000208778 0.00259458 0.00290136 0.00611646 0.250844 0.00171764 0.0574667 0.0208977 0.299272 
0.213025 0.172114 0.0239249 0.117418 0.0216958 0.000216761 0.0126056 0.00155446 0.00997659 0.108686 0.00208912 0.020036 0.0548454 0.241811 
0.00730043 0.0877837 0.0196973 0.146211 0.0849059 3.96594e-05 0.000217674 0.0151717 0.0564223 0.0367787 0.0034764 0.0202952 0.00471517 0.516985 
0.00795416 0.0248484 0.0133791 0.0266658 0.0289142 0.000105887 0.00237926 0.00997496 0.0151258 0.0225627 0.000533142 0.0125426 0.00343324 0.831581 
0.0387465 0.0386445 0.0330913 0.0706133 0.0436986 0.00174055 0.00449819 0.000626485 0.0291212 0.141838 0.000702845 0.0422543 0.022161 0.532263 
0.0464604 0.0258104 0.0122768 0.216334 0.0108629 6.41547e-05 0.000315198 0.000656154 0.00156423 0.126385 8.7034e-05 0.00761974 0.0140032 0.53756 
0.0387465 0.0386445 0.0330913 0.0706133 0.0436986 0.00174055 0.00449819 0.000626485 0.0291212 0.141838 0.000702845 0.0422543 0.022161 0.532263 
0.0387465 0.0386445 0.0330913 0.0706133 0.0436986 0.00174055 0.00449819 0.000626485 0.0291212 0.141838 0.000702845 0.0422543 0.022161 0.532263 
0.0640647 0.184069 0.00909604 0.128304 0.0425583 0.000314089 0.0133007 0.00127112 0.011072 0.137257 0.0102555 0.058575 0.00739714 0.332466 
0.00849636 0.0909355 0.00269804 0.0895702 0.0687726 0.000408107 0.000290699 0.00121063 0.00980982 0.0271575 0.00153808 0.0755779 0.00464067 0.618894 
0.0336577 0.10141 0.0100039 0.129653 0.0263495 0.00131351 0.0126194 0.0775615 0.0156683 0.0498811 0.00204921 0.0713169 0.00614353 0.462373 
0.0418325 0.230201 0.00732031 0.107111 0.0289899 0.00202084 0.00661682 0.000568329 0.0126867 0.0822919 0.00312037 0.027027 0.00900865 0.441205 
0.0246503 0.0507025 0.029527 0.0483249 0.147921 0.00167008 0.00940178 0.00372102 0.0135237 0.029784 0.000101128 0.272407 0.026355 0.341911 
0.0556896 0.115401 0.0142535 0.100002 0.0541123 0.000130732 0.00809236 0.004023 0.00841322 0.154917 0.00292153 0.0333024 0.00726273 0.441479 
0.0237604 0.0356671 0.00188088 0.0167517 0.090755 4.12684e-05 0.0025448 0.000590416 0.00622729 0.0120742 0.000791589 0.152647 0.00693143 0.649337 
0.146454 0.162545 0.0352176 0.0980841 0.0939223 2.35135e-05 0.0240677 0.00716946 0.0109113 0.146245 0.0070937 0.0786895 0.0162272 0.173349 
0.0239206 0.0260682 0.0875449 0.261031 0.0193579 0.000160305 0.00034413 0.003316 0.00374032 0.160603 0.000109737 0.0681907 0.046851 0.298763 
0.0162306 0.0189924 0.0228408 0.170429 0.0459972 0.00385034 5.29632e-05 0.00015679 0.00194168 0.281292 0.000106743 0.0779128 0.0323358 0.32786 
0.0387465 0.0386445 0.0330913 0.0706133 0.0436986 0.00174055 0.00449819 0.000626485 0.0291212 0.141838 0.000702845 0.0422543 0.022161 0.532263 
0.0847853 0.159003 0.0627822 0.109108 0.0833601 8.43882e-05 0.00558425 0.00230263 0.00768035 0.195098 0.00280552 0.0711841 0.0135969 0.202626 
0.0387465 0.0386445 0.0330913 0.0706133 0.0436986 0.00174055 0.00449819 0.000626485 0.0291212 0.141838 0.000702845 0.0422543 0.022161 0.532263 
0.0387465 0.0386445 0.0330913 0.0706133 0.0436986 0.00174055 0.00449819 0.000626485 0.0291212 0.141838 0.000702845 0.0422543 0.022161 0.532263 
0.0556896 0.115401 0.0142535 0.100002 0.0541123 0.000130732 0.00809236 0.004023 0.00841322 0.154917 0.00292153 0.0333024 0.00726273 0.441479 
0.103493 0.0935402 0.0098722 0.141221 0.0521787 0.0628272 0.00730177 0.026495 0.00564281 0.138287 0.00370529 0.0660601 0.00583217 0.283544 
0.0987169 0.0721238 0.0382173 0.154137 0.0594514 0.000269907 0.00684021 0.00349314 0.0155341 0.140182 0.0118676 0.064298 0.0228001 0.312068 
0.019362 0.0589565 0.0305116 0.0364111 0.0106562 0.000222494 0.0028941 0.000544987 0.00553461 0.0587003 0.00290105 0.0369314 0.0318838 0.70449 
0.0423107 0.154823 0.00904224 0.151332 0.116272 0.000358251 0.00851491 0.0134583 0.0169681 0.145134 0.0221115 0.0720175 0.0100721 0.237585 
0.0100599 0.0214662 0.00680718 0.0272727 0.0118251 9.76517e-05 0.000141575 0.00125351 0.00427522 0.0384032 0.000385489 0.0747345 0.00515193 0.798126 
0.105796 0.0713018 0.0155397 0.0667756 0.0347204 0.000716862 0.0291809 0.000557449 0.0167081 0.244246 0.00562366 0.0362496 0.00816976 0.364414 
0.0556896 0.115401 0.0142535 0.100002 0.0541123 0.000130732 0.00809236 0.004023 0.00841322 0.154917 0.00292153 0.0333024 0.00726273 0.441479 
0.13355 0.0864967 0.0102734 0.202241 0.041703 0.000159358 0.0176947 0.00170442 0.0472973 0.103487 0.00121879 0.102073 0.00794839 0.244153 
0.158332 0.0262165 0.00434656 0.127603 0.15641 9.55874e-05 6.80881e-06 0.00973598 0.000374903 0.0899018 0.000382553 0.207017 0.00302828 0.21655 
0.061778 0.039222 0.0291921 0.179882 0.00853169 0.00038742 0.00403426 0.0017934 0.00655259 0.134918 0.000925951 0.0222088 0.0255268 0.485047 
0.0387465 0.0386445 0.0330913 0.0706133 0.0436986 0.00174055 0.00449819 0.000626485 0.0291212 0.141838 0.000702845 0.0422543 0.022161 0.532263 
0.0464894 0.21293 0.0582886 0.0632306 0.0580292 0.00110652 0.00110487 0.00237971 0.0030751 0.230281 0.00333744 0.0416913 0.00963004 0.268426 
0.0973153 0.0252594 0.014706 0.146744 0.00461774 2.54036e-05 0.00027732 0.000993755 0.00349773 0.0962885 7.60486e-05 0.0113722 0.019936 0.578891 
0.0387465 0.0386445 0.0330913 0.0706133 0.0436986 0.00174055 0.00449819 0.000626485 0.0291212 0.141838 0.000702845 0.0422543 0.022161 0.532263 
0.0387465 0.0386445 0.0330913 0.0706133 0.0436986 0.00174055 0.00449819 0.000626485 0.0291212 0.141838 0.000702845 0.0422543 0.022161 0.532263 
0.0084286 0.0234838 0.0012798 0.139171 0.0677813 0.000117153 8.42698e-06 0.00420253 0.00121206 0.257227 0.0014335 0.203993 0.00203788 0.289624 
0.189641 0.0571224 0.0179103 0.0767701 0.135199 2.17711e-06 0.0203705 0.000286025 0.016816 0.166212 0.0139682 0.0433295 0.0215054 0.240867 
0.0765171 0.0643772 0.0189786 0.0374968 0.0224365 0.000892879 0.0143108 0.000445279 0.0902996 0.113888 0.00217424 0.0268388 0.00411343 0.527231 
0.0796792 0.108079 0.0133514 0.0620766 0.119845 0.000533625 0.0484608 0.00117106 0.0189587 0.186852 0.00315122 0.0248291 0.00680846 0.326204 
0.0218472 0.120077 0.00576718 0.0729444 0.0234069 0.000505038 0.00444268 0.00467252 0.00847776 0.0586256 0.00717035 0.0229733 0.00448534 0.644604 
0.0172317 0.0793096 0.0158617 0.101943 0.0710556 0.00294527 0.00301367 0.00308764 0.0111616 0.0887075 0.000879029 0.0408086 0.00479526 0.5592 
0.00651195 0.103193 0.00730021 0.0516603 0.0173369 5.58814e-07 0.00032112 0.00036196 0.010717 0.0113072 0.000286296 0.0465298 0.116326 0.628148 
0.172924 0.0445454 0.0345025 0.101299 0.0530719 7.23757e-05 0.00404688 0.000217071 0.012549 0.083264 0.00278158 0.0448668 0.0127763 0.433083 
0.0559469 0.121897 0.0301801 0.0698095 0.0376877 0.000197709 0.000258693 0.00153345 0.00161769 0.170977 0.00015953 0.0425206 0.00627183 0.460942 
0.00871369 0.0444068 0.0307032 0.168081 0.167967 0.000277563 0.00110818 0.0025664 0.00840856 0.22035 0.000749048 0.0524444 0.00415091 0.290074 
0.010204 0.0314858 0.00954376 0.0348004 0.171181 0.000361982 0.00286523 0.0120384 0.0232378 0.124745 0.000709141 0.0243479 0.0128105 0.541668 
0.0387465 0.0386445 0.0330913 0.0706133 0.0436986 0.00174055 0.00449819 0.000626485 0.0291212 0.141838 0.000702845 0.0422543 0.022161 0.532263 
0.0387465 0.0386445 0.0330913 0.0706133 0.0436986 0.00174055 0.00449819 0.000626485 0.0291212 0.141838 0.000702845 0.0422543 0.022161 0.532263 
0.0596117 0.0877089 0.00955749 0.14959 0.0319526 0.000340902 0.0256503 0.00592316 0.00290348 0.134749 5.15193e-05 0.105625 0.00157251 0.384764 
0.103424 0.143747 0.00737051 0.0545749 0.0457174 0.0190079 0.00318185 0.00576839 0.00361636 0.143464 0.000965749 0.03928 0.00345949 0.426423 
0.0963802 0.156911 0.0214192 0.170733 0.0443175 2.17056e-05 0.0117591 0.017414 0.00225313 0.147295 0.000182115 0.0309308 0.0103415 0.290041 
0.036165 0.0522588 0.036595 0.0873284 0.0611617 0.00033183 0.0024434 0.000498424 0.005135 0.211519 0.00479841 0.0636236 0.190958 0.247183 
0.0390783 0.0244559 0.107025 0.178833 0.0818354 0.000208595 0.000303861 0.00167399 0.0036601 0.0577103 3.76375e-05 0.0535205 0.0265159 0.425142 
0.0355594 0.107129 0.0292892 0.129884 0.140944 0.000323693 0.00663929 0.00645544 0.00747208 0.145847 0.00506069 0.158776 0.0308513 0.195769 
0.0505321 0.0822008 0.0515392 0.0719697 0.181334 0.000290935 0.00526209 0.00419724 0.0326601 0.175819 0.00216689 0.0488856 0.0283626 0.264779 
0.0683932 0.129605 0.0288478 0.17298 0.0685586 0.00703489 0.0140156 0.00721211 0.0491329 0.132331 0.00278333 0.0685741 0.0144916 0.236039 
0.0387465 0.0386445 0.0330913 0.0706133 0.0436986 0.00174055 0.00449819 0.000626485 0.0291212 0.141838 0.000702845 0.0422543 0.022161 0.532263 
0.0387465 0.0386445 0.0330913 0.0706133 0.0436986 0.00174055 0.00449819 0.000626485 0.0291212 0.141838 0.000702845 0.0422543 0.022161 0.532263 
0.0246183 0.143822 0.032386 0.175994 0.190408 0.000269538 0.00289479 0.00620146 0.0132298 0.111216 0.013861 0.0862464 0.00380681 0.195045 
0.172924 0.0445454 0.0345025 0.101299 0.0530719 7.23757e-05 0.00404688 0.000217071 0.012549 0.083264 0.00278158 0.0448668 0.0127763 0.433083 
0.0119053 0.146581 0.00886213 0.137137 0.0459576 0.00343008 0.00475523 0.0627353 0.00785001 0.0813482 0.0012231 0.0593628 0.00462432 0.424227 
0.017536 0.10946 0.0258441 0.116761 0.0568154 0.000438366 0.0342545 0.0996133 0.0100774 0.0337549 0.00315804 0.111858 0.00828273 0.372146 
0.098382 0.105933 0.0187418 0.142036 0.0306029 0.000158199 0.0355819 0.000478288 0.0136637 0.180897 0.00475043 0.0104003 0.017374 0.341 
0.0463662 0.0791197 0.0150301 0.151648 0.0470533 0.000226996 0.0360478 0.00148686 0.00468772 0.249243 0.00292563 0.0639185 0.0189512 0.283295 
0.0556896 0.115401 0.0142535 0.100002 0.0541123 0.000130732 0.00809236 0.004023 0.00841322 0.154917 0.00292153 0.0333024 0.00726273 0.441479 
0.0387465 0.0386445 0.0330913 0.0706133 0.0436986 0.00174055 0.00449819 0.000626485 0.0291212 0.141838 0.000702845 0.0422543 0.022161 0.532263 
0.0586895 0.0568957 0.00575258 0.067672 0.146859 9.17061e-05 2.67861e-05 0.00121862 0.00149682 0.0378841 0.000536783 0.0233505 0.0025752 0.59695 
0.059908 0.0391562 0.0406846 0.293832 0.00707813 5.64709e-06 0.00853723 0.000128905 0.0148913 0.110001 0.00384955 0.0912809 0.0210703 0.309576 
0.0218766 0.111436 0.00376667 0.0737846 0.0154023 0.000749863 0.00286728 0.00273515 0.00851873 0.0497996 0.00159726 0.0290687 0.00289431 0.675503 
0.0270489 0.0736285 0.0568147 0.0907361 0.0370231 2.55031e-06 8.2062e-06 0.000470542 0.00271361 0.0421006 3.47439e-06 0.0163074 0.00851949 0.644623 
0.0546347 0.0527425 0.0174369 0.218477 0.0288395 0.0013834 0.00885094 0.00301673 0.0203226 0.178347 0.00285979 0.0643671 0.0176156 0.331107 
0.0983455 0.11462 0.0122489 0.0795593 0.0215552 2.40611e-06 0.0352071 0.00046343 0.059624 0.0526451 0.00286331 0.007734 0.0123324 0.5028 
0.0189367 0.147316 0.0172761 0.00671279 0.229633 0.00123654 0.000304063 0.0184084 0.0240103 0.110011 6.85387e-05 0.0289981 0.00130592 0.395783 
0.0407756 0.240174 0.00760794 0.0941157 0.0277402 0.00145322 0.00652093 0.000589546 0.0179556 0.0758487 0.00325492 0.0275095 0.00516384 0.45129 
0.0236526 0.0485158 0.00506349 0.0847919 0.0153754 6.31205e-05 0.00303333 0.00419526 0.00650253 0.0664509 0.00117375 0.0340701 0.00978496 0.697327 
0.0372916 0.0598598 0.00803812 0.201376 0.0317578 6.65872e-05 0.00111759 0.156332 0.00588131 0.087137 0.000365789 0.15728 0.00950678 0.243989 
0.0140565 0.185223 0.00219101 0.0392269 0.222375 0.000138698 0.000269291 0.000312367 0.00368884 0.159433 0.00475875 0.0350955 0.00408769 0.329143 
0.0285942 0.128782 0.00604027 0.0242048 0.172062 0.0727213 0.00153652 0.000397945 0.000739102 0.241723 0.00891528 0.0353262 0.0082038 0.270753 
0.00478173 0.152849 0.00127585 0.0557722 0.0904737 0.147332 4.80933e-05 0.0268378 0.000883102 0.099753 8.60205e-05 0.0696647 0.0150106 0.335232 
