0.00525781 0.0100789 0.739768 0.0157646 0.0156721 8.10355e-05 0.000329592 0.00113719 0.00933652 0.0873936 0.000754784 0.0933406 0.0138285 0.00725635 
0.0113936 0.0456189 0.200046 0.0839695 0.156737 7.75648e-07 0.000634954 9.55721e-05 0.00663853 0.190489 0.0049022 0.189809 0.099774 0.00989194 
0.00161077 0.00887887 0.726967 0.061383 0.0341146 0.00027548 4.99041e-05 0.00108558 0.000447003 0.0536045 0.000389113 0.100099 0.00476759 0.00632792 
0.0518138 0.19854 0.240749 0.0774687 0.0466559 0.000557838 0.0149624 0.00442107 0.0137395 0.185591 0.0119902 0.0333217 0.00819371 0.111995 
0.0194402 0.0275486 0.447634 0.110307 0.0491476 7.55059e-06 0.00181409 0.000399634 0.00278296 0.113248 0.000620151 0.207372 0.00805442 0.0116232 
0.0316027 0.00557241 0.580636 0.0519264 0.0102195 0.000253651 0.000526108 0.000329854 0.00123383 0.047137 0.000154905 0.196732 0.0222338 0.0514423 
0.0196824 0.0188584 0.294063 0.0875204 0.0659966 0.002357 0.00178205 0.0227803 0.0105781 0.124659 0.000742472 0.169737 0.159908 0.0213352 
0.00998774 0.0153013 0.839804 0.0221288 0.0136408 0.000183012 0.000289508 0.00147523 0.000617577 0.00781903 0.00132254 0.0780131 0.000850628 0.00856687 
0.00998774 0.0153013 0.839804 0.0221288 0.0136408 0.000183012 0.000289508 0.00147523 0.000617577 0.00781903 0.00132254 0.0780131 0.000850628 0.00856687 
0.0154464 0.0114927 0.686784 0.0507555 0.0194604 0.000329845 0.000558672 0.000205278 0.00108919 0.0846523 0.000498952 0.102155 0.0153867 0.0111847 
0.00161077 0.00887887 0.726967 0.061383 0.0341146 0.00027548 4.99041e-05 0.00108558 0.000447003 0.0536045 0.000389113 0.100099 0.00476759 0.00632792 
0.0187415 0.0495789 0.420291 0.0905267 0.0133189 6.51436e-05 0.00104673 8.7558e-05 0.000812677 0.103887 0.000404202 0.219868 0.0462962 0.0350755 
0.0156178 0.0181562 0.541211 0.0709584 0.0212632 0.00436942 0.000738945 0.000232492 0.00729308 0.124572 0.00048193 0.145313 0.0214849 0.0283071 
0.0190351 0.0474795 0.242387 0.0865095 0.141382 0.00106595 0.00247604 0.00502219 0.00870858 0.152516 0.00760464 0.217506 0.0393671 0.0289412 
0.00690497 0.061334 0.203003 0.131921 0.185481 2.9533e-05 0.000156731 0.000407259 0.00261957 0.162583 0.0022322 0.199967 0.0187921 0.0245676 
0.0390118 0.0117639 0.448217 0.0970173 0.0188837 0.00035681 0.00179068 0.000567496 0.00336718 0.136749 0.00188897 0.0785275 0.100525 0.061334 
0.072904 0.00849958 0.239801 0.0720753 0.137545 0.000122027 0.00118035 0.00194804 0.0141346 0.197288 2.93645e-05 0.177499 0.0253485 0.0516249 
0.0110193 0.0141649 0.765515 0.0270981 0.0244056 0.000136155 0.000209265 0.00410392 0.00101995 0.0137378 0.00446095 0.105564 0.0194535 0.00911176 
0.046657 0.0158988 0.313168 0.0672465 0.0229666 0.000265016 0.000839456 0.000306853 0.00397273 0.0873393 0.00275826 0.295499 0.116507 0.0265758 
0.0191921 0.0112595 0.456832 0.0641307 0.100384 9.34189e-05 2.58684e-06 0.00461129 0.00788911 0.115637 0.000816691 0.0854791 0.0884325 0.0452408 
0.00784505 0.0596225 0.361445 0.0441574 0.021235 0.000541344 0.00378343 0.000310028 0.00117586 0.0523104 0.000676378 0.273529 0.0884637 0.0849055 
0.00242208 0.0123465 0.453219 0.0369294 0.00950697 0.000336974 0.00546087 0.000186935 0.000837851 0.067495 5.85497e-05 0.170001 0.182059 0.0591407 
0.0187415 0.0495789 0.420291 0.0905267 0.0133189 6.51436e-05 0.00104673 8.7558e-05 0.000812677 0.103887 0.000404202 0.219868 0.0462962 0.0350755 
0.0830836 0.0207472 0.273658 0.120063 0.0730322 0.000915594 0.0015226 0.00290335 0.00235864 0.121199 0.00209677 0.123232 0.059669 0.115519 
0.0830498 0.023092 0.373071 0.0323953 0.0967866 0.000297989 0.000338605 0.000383092 0.0774292 0.10791 0.000184249 0.181855 0.00503127 0.018177 
0.012319 0.0267281 0.632923 0.0882583 0.0158718 0.000289788 0.00015864 0.000912536 0.000922033 0.0690136 0.00383756 0.0759198 0.0179486 0.0548968 
0.00721834 0.0373145 0.51376 0.0475588 0.0944495 0.000163525 0.00240443 0.00287022 0.0199564 0.114605 0.00620362 0.130155 0.0122654 0.0110753 
0.0187415 0.0495789 0.420291 0.0905267 0.0133189 6.51436e-05 0.00104673 8.7558e-05 0.000812677 0.103887 0.000404202 0.219868 0.0462962 0.0350755 
0.0278239 0.0555609 0.234748 0.0545073 0.197977 0.000362123 0.00464794 0.00207327 0.0242778 0.188267 0.0147228 0.144166 0.0234297 0.0274364 
0.0170897 0.0139852 0.670972 0.0486281 0.0263213 0.00017274 0.00288787 0.00146834 0.0117856 0.0791198 0.000594008 0.0774162 0.0259919 0.0235668 
0.0280785 0.0288155 0.451693 0.0766292 0.109452 0.000301644 0.00478862 0.00500578 0.0222657 0.107935 0.00226758 0.0985164 0.0333482 0.0309032 
0.0454674 0.0350665 0.343036 0.0873674 0.0626234 0.000285248 0.00504468 0.000783117 0.0131841 0.202522 0.00326613 0.0748866 0.0415297 0.0849374 
0.111703 0.115313 0.313426 0.0464533 0.0421768 7.87058e-06 0.028865 0.00182664 0.0937405 0.112251 0.00493593 0.0686737 0.0115567 0.0490713 
0.0418269 0.0302211 0.294379 0.0901013 0.0853074 0.000254366 0.00200651 0.00148403 0.0093111 0.143525 0.0018806 0.199247 0.0528373 0.047618 
0.00407923 0.0202978 0.391502 0.0209987 0.10073 0.00116957 0.00767943 0.00640345 0.0130759 0.123377 0.00627467 0.2673 0.0251761 0.011936 
0.0535537 0.0728616 0.351947 0.0539988 0.160538 7.24526e-06 0.00336894 0.00251475 0.0362428 0.0647469 0.0152419 0.0965992 0.0295365 0.0588427 
0.00998774 0.0153013 0.839804 0.0221288 0.0136408 0.000183012 0.000289508 0.00147523 0.000617577 0.00781903 0.00132254 0.0780131 0.000850628 0.00856687 
0.00683489 0.00665957 0.69391 0.0358433 0.0153611 0.000174354 0.000264968 0.000500134 0.00557447 0.0881285 6.48832e-05 0.104057 0.0118533 0.0307741 
0.20008 0.0269479 0.379258 0.0446767 0.0187763 0.000383765 0.000322036 0.000263181 0.00206827 0.17153 0.00120101 0.120737 0.00806336 0.0256921 
0.00998774 0.0153013 0.839804 0.0221288 0.0136408 0.000183012 0.000289508 0.00147523 0.000617577 0.00781903 0.00132254 0.0780131 0.000850628 0.00856687 
0.00998774 0.0153013 0.839804 0.0221288 0.0136408 0.000183012 0.000289508 0.00147523 0.000617577 0.00781903 0.00132254 0.0780131 0.000850628 0.00856687 
0.00520526 0.00403246 0.718489 0.0359692 0.0162784 2.01633e-05 3.82182e-05 0.00031826 0.0038073 0.0986896 2.9748e-05 0.0791343 0.0111394 0.0268484 
0.0241336 0.0321426 0.352848 0.0788114 0.0607316 0.000259088 0.000705619 0.00965377 0.00652167 0.110466 0.0015518 0.246492 0.0455487 0.0301338 
0.0367437 0.0164448 0.460817 0.0491955 0.0264415 6.57186e-06 0.000133727 0.000653491 0.00225971 0.0426818 0.000447857 0.278655 0.0681724 0.0173473 
0.0147845 0.0503922 0.54206 0.0698051 0.0385195 0.00135654 0.000605644 0.0113666 0.00334156 0.109237 0.00115481 0.121808 0.00626455 0.029304 
0.0646681 0.0583635 0.491749 0.0440168 0.0392334 0.000255725 0.0130687 0.00105941 0.0223626 0.128646 0.00409025 0.0809036 0.0160128 0.03557 
0.0187415 0.0495789 0.420291 0.0905267 0.0133189 6.51436e-05 0.00104673 8.7558e-05 0.000812677 0.103887 0.000404202 0.219868 0.0462962 0.0350755 
0.0941246 0.100279 0.268304 0.0740816 0.044314 1.39072e-05 0.0728056 0.0013198 0.0757776 0.0902311 0.00332602 0.111226 0.024893 0.0393047 
0.00769014 0.0175756 0.73023 0.0395301 0.0404453 0.000879612 1.6385e-05 0.000973384 0.00231767 0.0256586 0.000678092 0.127453 0.00231786 0.00423404 
0.010941 0.00571358 0.64846 0.045723 0.0107012 2.27005e-05 5.31668e-05 0.000230525 0.00194067 0.0613372 1.5392e-06 0.165794 0.0432489 0.00583205 
0.0138337 0.0348867 0.533507 0.0560694 0.0415605 0.000274641 0.00252785 0.00121055 0.00969945 0.0989556 0.00121296 0.177406 0.0104089 0.0184467 
0.00696033 0.0163731 0.266382 0.212186 0.019414 0.000412053 0.000353811 0.00101309 0.00862133 0.189102 0.000104285 0.221833 0.0443327 0.0129132 
0.0414589 0.0422862 0.268519 0.0813478 0.104805 0.000311827 0.00137774 0.00258776 0.00811237 0.117593 0.00345488 0.261692 0.0238288 0.0426245 
0.0161587 0.0221293 0.312339 0.0429689 0.125437 0.00019301 0.00245055 0.000672897 0.00430968 0.132672 0.00126374 0.290192 0.0358615 0.0133514 
0.0318308 0.0527855 0.373282 0.0550335 0.15892 0.000169002 0.0031963 0.00083228 0.0495774 0.121882 0.0079892 0.0833808 0.0114543 0.0496667 
0.000508731 0.0562056 0.510081 0.0974263 0.00384839 1.24421e-05 3.7864e-06 0.000129428 0.0372752 0.0146564 4.44212e-05 0.133159 0.00167461 0.144974 
0.0206583 0.00410997 0.65328 0.0353887 0.0104685 0.000291386 0.000546371 0.000302691 0.00111426 0.0417544 9.9758e-05 0.17969 0.0232654 0.0290309 
0.0152985 0.0182909 0.640553 0.0660028 0.020884 0.000368973 0.0013273 0.000633666 0.0010691 0.0802589 0.0015561 0.0924111 0.0331645 0.0281814 
0.0489355 0.0319652 0.505901 0.0791761 0.0295749 0.000330405 0.00785709 0.00105216 0.0120049 0.114792 0.00252682 0.0980517 0.0256935 0.0421387 
0.0112218 0.043218 0.228498 0.091046 0.213253 9.09526e-05 0.00828447 0.00444443 0.0112375 0.080038 0.00547311 0.213068 0.0492309 0.0408963 
0.0282449 0.0707628 0.484258 0.100065 0.0431063 0.000503175 0.000230163 0.001528 0.0191024 0.0705281 0.00210804 0.133505 0.00477851 0.0412794 
0.0124542 0.0355062 0.639489 0.0241695 0.0400143 4.82432e-06 3.62453e-05 0.000125604 0.000687122 0.0763165 0.00011033 0.0884841 0.062559 0.0200427 
0.0564465 0.126328 0.286647 0.116636 0.0256523 0.000163285 0.057033 0.000747525 0.00397341 0.118999 0.00634492 0.101177 0.0310343 0.0688179 
0.0120463 0.0403383 0.256288 0.110564 0.0802783 0.000446133 0.000616987 0.00592712 0.0653771 0.211835 0.0065197 0.183999 0.0112367 0.0145277 
0.0646681 0.0583635 0.491749 0.0440168 0.0392334 0.000255725 0.0130687 0.00105941 0.0223626 0.128646 0.00409025 0.0809036 0.0160128 0.03557 
0.0242072 0.0265926 0.372981 0.129701 0.0483075 0.000295242 0.0171897 0.000251693 0.00261831 0.102926 0.000845676 0.125442 0.0607688 0.0878733 
0.00453299 0.0288806 0.545888 0.0366427 0.111035 0.000253293 0.000818402 0.000813158 0.0121182 0.0996664 0.00071912 0.113754 0.0366897 0.00818859 
0.0437272 0.0646599 0.346842 0.0514684 0.088675 0.000196969 0.000214808 0.000235224 0.00696972 0.13269 0.000278269 0.200579 0.0341425 0.0293209 
0.0209974 0.0254665 0.427528 0.0535961 0.103588 0.000183481 0.00107046 0.00069026 0.0202834 0.120103 0.00323683 0.123756 0.057971 0.041529 
0.0105652 0.0228264 0.440793 0.0687525 0.0328899 7.35842e-05 0.00127387 0.00706937 0.00370336 0.0452551 0.000860592 0.335964 0.0107763 0.0191965 
0.0212881 0.101428 0.432883 0.122309 0.0441799 0.000484275 0.000293723 0.00137299 0.0155104 0.0691458 0.00698205 0.118365 0.00903895 0.0567185 
0.00772315 0.0350899 0.556189 0.0799767 0.0219496 0.000131022 0.000183134 0.0100323 0.0060103 0.0908547 0.0001909 0.146909 0.00946703 0.0352935 
0.00921598 0.0135053 0.519635 0.0648184 0.0336522 3.75514e-10 1.2346e-05 0.00445396 0.00353371 0.17019 4.92149e-05 0.169864 0.00764627 0.00342404 
0.0975284 0.0158045 0.299882 0.0628324 0.0604212 0.000235069 6.61015e-06 0.000206682 0.00866296 0.101882 0.000385344 0.227011 0.0973603 0.0277819 
0.012319 0.0267281 0.632923 0.0882583 0.0158718 0.000289788 0.00015864 0.000912536 0.000922033 0.0690136 0.00383756 0.0759198 0.0179486 0.0548968 
0.0154464 0.0114927 0.686784 0.0507555 0.0194604 0.000329845 0.000558672 0.000205278 0.00108919 0.0846523 0.000498952 0.102155 0.0153867 0.0111847 
0.0307257 0.0418928 0.516782 0.043733 0.0279844 0.00030745 0.0104326 0.000584779 0.113053 0.0638927 0.004217 0.109654 0.0186973 0.0180431 
0.0128473 0.00338028 0.624786 0.0180098 0.00791278 3.85727e-06 0.00141049 0.00281027 0.00548648 0.162887 0.000349228 0.144111 0.0135398 0.00246573 
0.0247387 0.10983 0.281091 0.0742632 0.125676 0.00055462 0.00290281 0.000217324 0.00331124 0.170434 0.0043188 0.151245 0.026021 0.025397 
0.0394474 0.0277385 0.640165 0.0490168 0.0188479 0.000396886 0.00732171 0.000376242 0.0117657 0.076483 0.00235049 0.0878797 0.0168431 0.0213678 
0.00835724 0.0141686 0.52657 0.0415878 0.0887379 0.000235828 0.00155908 0.000935829 0.00344776 0.0556074 0.00692652 0.229583 0.00982466 0.0124587 
0.00411759 0.0167426 0.681037 0.0500002 0.050565 0.000207011 0.00284448 0.000937586 0.0183354 0.0659356 0.00015595 0.0841853 0.0163101 0.0086258 
0.0423219 0.0340173 0.444019 0.166503 0.0323524 2.08368e-05 7.5776e-05 0.000321162 0.00637359 0.0669254 0.00152824 0.175466 0.00410046 0.0259742 
0.0195306 0.0499781 0.473536 0.0865096 0.0132551 7.51592e-05 0.00620989 4.45879e-05 0.00109831 0.0554976 0.000465252 0.209757 0.0537666 0.0302755 
0.0332468 0.0239751 0.326532 0.0383933 0.0244693 0.000675209 0.00271275 0.000588451 0.00472475 0.0527182 0.000327124 0.297751 0.0214554 0.172431 
0.0125409 0.0230917 0.277868 0.0183102 0.188082 2.00171e-05 0.029635 0.00357613 0.0624733 0.0832131 0.0256794 0.258975 0.00260289 0.0139322 
0.0313599 0.116083 0.550165 0.0968038 0.0191758 0.000293562 0.00887604 0.00253897 0.00728242 0.0668973 0.010554 0.0421924 0.00591914 0.0418583 
0.0233441 0.0215428 0.622727 0.0384881 0.0576705 0.000190071 0.00522977 0.00044846 0.0174692 0.0678575 0.017948 0.0816422 0.0278656 0.0175763 
0.00878908 0.00832897 0.697798 0.0460352 0.0416728 0.00017827 0.00184423 0.00107497 0.0175116 0.0389213 0.000750782 0.10908 0.0133244 0.0146902 
0.0406772 0.0272093 0.465537 0.0545617 0.0670855 0.000920947 0.00294957 0.00133575 0.00777468 0.131844 0.00296109 0.132028 0.0331757 0.0319398 
0.0149809 0.0680889 0.327934 0.092061 0.0999357 5.86456e-05 0.000845028 0.000791657 0.00442185 0.100097 0.00227904 0.21243 0.0425122 0.0335635 
0.0414683 0.0826735 0.529845 0.0797557 0.0326654 0.000199837 0.00505236 0.000735332 0.00836255 0.103238 0.00124876 0.0666119 0.0191799 0.0289629 
0.0102212 0.0109391 0.507344 0.0342749 0.0394788 3.81076e-05 0.000274713 0.000119139 0.00385472 0.115291 0.000604459 0.210401 0.0123848 0.054774 
0.0252288 0.0566523 0.325081 0.119737 0.0159119 8.76782e-05 0.00140902 0.000117849 0.00101412 0.137622 0.000544085 0.232017 0.0420177 0.04256 
0.0347046 0.0492645 0.545425 0.0696784 0.029858 0.000359548 0.00658682 0.00136701 0.00935423 0.104623 0.00430685 0.08111 0.0173293 0.0460325 
0.0121634 0.0142922 0.595497 0.0624223 0.0267012 0.000188737 0.000188993 0.000556566 0.00421618 0.0413429 0.000103941 0.170026 0.0299772 0.0423242 
0.00440439 0.0134098 0.605453 0.0465976 0.0220483 0.00018693 0.000153003 0.00411749 0.015394 0.141039 7.13776e-05 0.117691 0.0242035 0.00523074 
0.00143246 2.6978e-08 0.9665 0.0058581 0.000815732 3.98993e-07 7.13842e-08 0.00023076 0.000786454 0.00112906 2.06977e-07 0.0190648 0.00223773 0.00194419 
0.0504444 0.0311406 0.663396 0.0437002 0.0171796 0.000154004 0.00209287 0.00164754 0.00240554 0.0267627 0.00236557 0.123039 0.00563302 0.0300395 
0.0601819 0.0166952 0.451655 0.0397571 0.0173981 7.94056e-05 0.000633533 7.41331e-05 0.00201969 0.071212 0.00111499 0.194586 0.125003 0.0195896 
0.00411759 0.0167426 0.681037 0.0500002 0.050565 0.000207011 0.00284448 0.000937586 0.0183354 0.0659356 0.00015595 0.0841853 0.0163101 0.0086258 
0.0154464 0.0114927 0.686784 0.0507555 0.0194604 0.000329845 0.000558672 0.000205278 0.00108919 0.0846523 0.000498952 0.102155 0.0153867 0.0111847 
0.0187415 0.0495789 0.420291 0.0905267 0.0133189 6.51436e-05 0.00104673 8.7558e-05 0.000812677 0.103887 0.000404202 0.219868 0.0462962 0.0350755 
0.00320133 0.031954 0.280591 0.0262051 0.160786 0.000188514 0.00293238 0.000449131 0.00415609 0.122355 0.0430643 0.120734 0.195165 0.00821855 
0.0187415 0.0495789 0.420291 0.0905267 0.0133189 6.51436e-05 0.00104673 8.7558e-05 0.000812677 0.103887 0.000404202 0.219868 0.0462962 0.0350755 
0.012319 0.0267281 0.632923 0.0882583 0.0158718 0.000289788 0.00015864 0.000912536 0.000922033 0.0690136 0.00383756 0.0759198 0.0179486 0.0548968 
0.0281493 0.0348143 0.306536 0.0632926 0.0669009 0.000141557 0.00142408 0.000938627 0.00917666 0.109938 0.000931711 0.157767 0.183268 0.0367209 
0.0433231 0.0137543 0.441717 0.0821319 0.0270548 0.000373159 0.000275451 0.00038445 0.00302456 0.188679 0.00389179 0.0673657 0.0554254 0.0725994 
0.0577826 0.0125532 0.467498 0.0358165 0.0154339 5.81741e-06 6.23003e-05 1.59044e-05 0.000969316 0.061782 0.000362402 0.198774 0.132546 0.0163972 
0.00878908 0.00832897 0.697798 0.0460352 0.0416728 0.00017827 0.00184423 0.00107497 0.0175116 0.0389213 0.000750782 0.10908 0.0133244 0.0146902 
0.010498 0.0150818 0.274792 0.0916171 0.0438411 0.0002375 0.0151724 0.00138554 0.00166943 0.0667463 0.00120471 0.175103 0.266511 0.0361406 
0.0075282 0.0106156 0.389616 0.16236 0.0599402 7.65705e-06 0.000538966 0.00169132 0.000606867 0.0353596 0.00372154 0.214004 0.0705951 0.0434155 
0.0307257 0.0418928 0.516782 0.043733 0.0279844 0.00030745 0.0104326 0.000584779 0.113053 0.0638927 0.004217 0.109654 0.0186973 0.0180431 
0.0564522 0.0141497 0.403619 0.0526188 0.071524 0.000208572 0.000595484 0.00102045 0.0121446 0.165632 0.000314215 0.147701 0.0412169 0.0328033 
0.00799266 0.00477466 0.658482 0.0426192 0.0122761 3.70941e-06 2.03745e-05 0.000272809 0.00594383 0.0900247 5.8379e-06 0.125494 0.0160564 0.0360336 
0.00252118 0.0162272 0.662736 0.021594 0.0259161 4.28449e-06 9.78371e-05 8.98957e-05 0.0273046 0.0540711 0.000195459 0.165181 0.0215719 0.00248878 
0.010941 0.00571358 0.64846 0.045723 0.0107012 2.27005e-05 5.31668e-05 0.000230525 0.00194067 0.0613372 1.5392e-06 0.165794 0.0432489 0.00583205 
0.0144557 0.0107691 0.735044 0.046444 0.0325373 0.000219224 0.0088685 0.000253825 0.00287138 0.0385792 0.00098126 0.0766979 0.0186017 0.0136764 
0.0166896 0.0273047 0.558005 0.0701064 0.0499101 6.83468e-05 3.50992e-05 0.00108783 0.00131994 0.0987171 0.000370601 0.153139 0.0127741 0.0104727 
0.0672058 0.0637617 0.231314 0.0760569 0.0697988 0.000333628 0.0121148 0.000483241 0.0400567 0.167319 0.0117909 0.0658656 0.16958 0.0243187 
0.0187415 0.0495789 0.420291 0.0905267 0.0133189 6.51436e-05 0.00104673 8.7558e-05 0.000812677 0.103887 0.000404202 0.219868 0.0462962 0.0350755 
0.003072 0.0120395 0.406403 0.0523322 0.0268013 0.0022449 0.000339869 0.00130563 0.0159379 0.0473183 0.000272891 0.387099 0.0119473 0.0328864 
0.0079924 0.033574 0.534421 0.0497127 0.113489 0.00336728 0.00202041 0.000472221 0.0134404 0.0745411 0.00189459 0.116116 0.0393373 0.00962164 
0.0292383 0.00892366 0.699907 0.0201952 0.0156348 2.39004e-05 0.000811254 0.000963995 0.0190546 0.0689624 0.000508401 0.111786 0.0150978 0.00889277 
0.0181832 0.0164705 0.605439 0.0693969 0.0149136 0.000378527 0.000685745 0.000770784 0.00122634 0.0629101 0.00221826 0.13404 0.0240203 0.0493458 
0.00680056 0.00867969 0.600598 0.0295075 0.0437458 0.000197813 0.000108231 0.000162289 0.00355546 0.053575 0.00282077 0.0591625 0.186563 0.00452342 
0.0172308 0.0183582 0.39057 0.0491993 0.108262 0.000304518 0.0011222 0.00147544 0.0474471 0.181348 0.00320491 0.148198 0.0197079 0.0135712 
0.027575 0.0176571 0.48154 0.0829594 0.0156821 0.000345488 0.0051739 0.000395024 0.0016805 0.0975972 0.000585141 0.0963138 0.121513 0.0509824 
0.0147845 0.0503922 0.54206 0.0698051 0.0385195 0.00135654 0.000605644 0.0113666 0.00334156 0.109237 0.00115481 0.121808 0.00626455 0.029304 
0.0554168 0.0217249 0.218751 0.0506274 0.0350874 0.00011121 0.006257 0.197791 0.0372839 0.165198 0.0147162 0.110104 0.0278829 0.0590483 
0.00998774 0.0153013 0.839804 0.0221288 0.0136408 0.000183012 0.000289508 0.00147523 0.000617577 0.00781903 0.00132254 0.0780131 0.000850628 0.00856687 
0.0254947 0.0587155 0.217652 0.0648562 0.130974 0.00120687 0.00257639 0.00164906 0.0104845 0.134635 0.0178296 0.174459 0.125285 0.0341824 
0.0258351 0.0315539 0.386644 0.108565 0.0349436 0.000288293 0.00177893 0.00559034 0.00423228 0.0524744 0.00105451 0.290513 0.0221532 0.0343735 
0.0274306 0.00969214 0.462395 0.103086 0.0133637 0.000243613 0.00248531 0.000514147 0.0029577 0.0952201 0.000738564 0.0930061 0.142675 0.0461916 
0.00772369 0.00181826 0.736598 0.0304188 0.00796273 9.82113e-07 2.82207e-05 8.01649e-06 0.00191707 0.0548496 1.88038e-06 0.11205 0.0437598 0.00286223 
0.016494 0.0735608 0.199544 0.112382 0.0410771 0.000169449 0.011339 0.000893881 0.00956622 0.177737 0.00516975 0.148918 0.142317 0.0608311 
0.0541902 0.0154675 0.46993 0.0537217 0.0231652 0.000222894 0.000511191 0.000621719 0.0173519 0.0934558 0.000661996 0.184204 0.0613784 0.0251166 
0.0407798 0.0426194 0.305455 0.0833873 0.125345 0.000423814 0.00166089 0.000820078 0.00919766 0.163781 0.00647554 0.134351 0.0496103 0.0360929 
0.0285236 0.0361631 0.250179 0.0478028 0.173087 0.00258103 0.000694517 0.000362153 0.0164893 0.1941 0.004539 0.20502 0.0201961 0.0202619 
0.0350996 0.0185772 0.225808 0.220365 0.00965099 3.46981e-05 0.00941583 0.00671376 0.00216454 0.0877042 9.11459e-05 0.15144 0.156856 0.0760784 
0.0232037 0.0401255 0.377088 0.0908232 0.0115393 8.37196e-05 9.62602e-05 8.58393e-05 0.000538088 0.113571 5.64745e-05 0.264697 0.0404447 0.0376472 
0.0274306 0.00969214 0.462395 0.103086 0.0133637 0.000243613 0.00248531 0.000514147 0.0029577 0.0952201 0.000738564 0.0930061 0.142675 0.0461916 
0.0434234 0.0218434 0.414704 0.118453 0.0211757 7.04877e-05 0.000926661 0.000560418 0.00715019 0.117612 0.000609553 0.148376 0.0473277 0.0577671 
0.0106344 0.0244858 0.275442 0.0558282 0.176219 0.000163758 0.000142187 0.00115622 0.0067053 0.239999 0.00452504 0.145091 0.0195676 0.0400407 
0.0524641 0.0161887 0.347096 0.0467798 0.0263984 7.23828e-05 0.00020226 8.4756e-05 0.00159498 0.0717389 0.000851315 0.324985 0.0977227 0.0138208 
0.044829 0.0418591 0.364068 0.0701641 0.0404391 0.000290009 0.000592373 0.00433038 0.00902361 0.08933 0.000670702 0.272107 0.0292611 0.0330362 
0.0253323 0.0440031 0.249242 0.093845 0.126117 0.00104958 0.00362243 0.000661518 0.00240229 0.237956 0.00140479 0.142939 0.0172938 0.0541316 
0.0103474 0.00422864 0.702394 0.0357407 0.0102236 0.000277247 0.000756503 0.000152842 0.0037117 0.0670356 5.95486e-05 0.117674 0.0423862 0.00501238 
0.000977514 0.00802551 0.468519 0.0309061 0.00711531 2.3999e-07 0.000681495 1.0106e-05 0.0001465 0.0538472 1.08917e-06 0.168865 0.203497 0.0574075 
0.0112245 0.013511 0.388299 0.046757 0.0679147 0.000339838 0.0013137 0.000485681 0.00503073 0.094433 0.00252277 0.301444 0.0362501 0.0304735 
0.0535887 0.0138956 0.607669 0.036152 0.0309971 0.000322632 0.00103252 0.000250198 0.00333565 0.0767617 0.00186541 0.105458 0.0534225 0.0152494 
0.06651 0.169206 0.437515 0.079045 0.0184919 0.000206425 0.00274537 0.000871744 0.00177989 0.14749 0.00147694 0.0383651 0.00441781 0.0318793 
0.0292383 0.00892366 0.699907 0.0201952 0.0156348 2.39004e-05 0.000811254 0.000963995 0.0190546 0.0689624 0.000508401 0.111786 0.0150978 0.00889277 
0.0379174 0.0593087 0.307462 0.0245959 0.224076 2.20416e-05 0.00102553 0.0164102 0.00338113 0.0390881 0.0489777 0.218611 0.00667219 0.0124519 
0.0146274 0.00980396 0.429408 0.0459065 0.0476435 0.000377943 0.000272274 0.0705752 0.00162789 0.108346 0.00137178 0.224919 0.0091086 0.0360108 
0.0264126 0.0372305 0.3742 0.0635624 0.0752519 0.00100684 0.00538717 0.0013038 0.00981028 0.128011 0.00837984 0.144776 0.0870945 0.0375724 
0.0154985 0.131511 0.327708 0.0597964 0.0617997 0.000385987 0.000908076 0.000514654 0.00324806 0.271618 0.00424912 0.086469 0.0226562 0.0136379 
0.0624924 0.0709382 0.187006 0.123289 0.0960726 7.73101e-05 0.0119377 0.000690046 0.00787216 0.180773 0.00302359 0.100074 0.073 0.0827534 
0.0231947 0.0397786 0.612449 0.0809046 0.0199592 0.000322077 0.00534796 0.00194495 0.00486562 0.052606 0.00341078 0.0951231 0.0159447 0.0441484 
0.0602001 0.0139839 0.519015 0.0583413 0.0374692 0.000490958 0.000427482 0.0023932 0.00810555 0.0927479 0.000623675 0.134378 0.017878 0.0539455 
0.0372392 0.0422347 0.527452 0.0510267 0.0120675 0.000249932 0.0041368 0.000145086 0.000689173 0.0867357 0.000383586 0.0707961 0.129198 0.0376447 
0.00622584 0.00620117 0.72101 0.0335321 0.038532 0.000197224 0.000294135 0.000433436 0.00561193 0.0846452 0.00023746 0.0668204 0.0102728 0.0259863 
0.0432416 0.0317083 0.247048 0.0438081 0.0782715 3.69867e-05 0.0001608 0.00630973 0.224608 0.156495 0.000692305 0.0901648 0.0409912 0.0364646 
0.00878908 0.00832897 0.697798 0.0460352 0.0416728 0.00017827 0.00184423 0.00107497 0.0175116 0.0389213 0.000750782 0.10908 0.0133244 0.0146902 
0.0168549 0.00829942 0.626773 0.036677 0.0158598 5.62385e-06 2.3096e-05 0.0027994 0.00497761 0.138827 1.53858e-06 0.0947335 0.0470551 0.00711269 
0.0712467 0.0254239 0.437613 0.0676949 0.0416832 0.000295155 0.00404365 0.000908948 0.00911893 0.129951 0.000594987 0.116032 0.035001 0.0603922 
0.0273512 0.0332318 0.535955 0.0499528 0.0660643 0.00018517 0.00274043 0.00143265 0.00949222 0.11386 0.00487278 0.114829 0.0142892 0.0257428 
0.0293286 0.010749 0.546814 0.0738804 0.0206375 0.000249263 0.00102872 0.000545922 0.00159423 0.0755815 0.000624609 0.120697 0.0942174 0.0240524 
0.0153466 0.00931193 0.656502 0.057697 0.0214729 7.21282e-05 5.19999e-05 7.14039e-05 0.000473053 0.0913246 7.39114e-05 0.119342 0.0181003 0.0101594 
0.0445145 0.0337541 0.344983 0.0913831 0.0476336 0.00102589 0.00224078 0.0011794 0.0143282 0.128895 0.00266715 0.193607 0.0500662 0.0437227 
0.0235747 0.0571625 0.449305 0.0660914 0.0192588 0.00144647 0.00340459 0.000199638 0.00608238 0.109428 0.000234476 0.12143 0.0508031 0.0915798 
0.010941 0.00571358 0.64846 0.045723 0.0107012 2.27005e-05 5.31668e-05 0.000230525 0.00194067 0.0613372 1.5392e-06 0.165794 0.0432489 0.00583205 
0.043017 0.0246449 0.339865 0.165604 0.0438319 0.000179405 0.00863646 0.000353453 0.00394984 0.0825847 0.00094152 0.143096 0.0636998 0.0795961 
0.049264 0.031495 0.402401 0.0664699 0.096394 0.00117037 0.00129718 0.000576687 0.0207487 0.0895285 0.00263169 0.195985 0.0143156 0.0277226 
0.0653381 0.0825527 0.485659 0.0806707 0.026183 0.00019671 0.00685841 0.000845542 0.0119057 0.112636 0.00115729 0.043988 0.0303493 0.0516603 
0.00411759 0.0167426 0.681037 0.0500002 0.050565 0.000207011 0.00284448 0.000937586 0.0183354 0.0659356 0.00015595 0.0841853 0.0163101 0.0086258 
0.0235485 0.0384693 0.22961 0.0680768 0.160581 0.000261002 0.00251666 0.0329279 0.0202617 0.145835 0.00467327 0.21672 0.0275094 0.0290098 
0.0168752 0.0600006 0.572395 0.0697926 0.0515212 0.000163973 0.00517077 0.00129989 0.0121902 0.0843318 0.00264773 0.084886 0.0183687 0.0203562 
0.00772369 0.00181826 0.736598 0.0304188 0.00796273 9.82113e-07 2.82207e-05 8.01649e-06 0.00191707 0.0548496 1.88038e-06 0.11205 0.0437598 0.00286223 
0.0103474 0.00422864 0.702394 0.0357407 0.0102236 0.000277247 0.000756503 0.000152842 0.0037117 0.0670356 5.95486e-05 0.117674 0.0423862 0.00501238 
0.0167268 0.0109388 0.584014 0.0556672 0.0572621 0.000153207 0.000362512 0.000483105 0.00809081 0.107638 2.59105e-05 0.0907478 0.0241477 0.0437424 
0.00186053 0.00956669 0.374816 0.0376815 0.00685667 2.20237e-07 0.000762526 0.000527983 0.000350006 0.0430779 8.73495e-07 0.208774 0.265308 0.0504179 
0.012319 0.0267281 0.632923 0.0882583 0.0158718 0.000289788 0.00015864 0.000912536 0.000922033 0.0690136 0.00383756 0.0759198 0.0179486 0.0548968 
0.0468098 0.0308047 0.388266 0.0512314 0.0928852 0.000536352 0.00215169 0.00101027 0.00620439 0.231581 0.00138651 0.117466 0.015273 0.0143936 
0.0227075 0.0205981 0.432287 0.104555 0.041574 0.000145764 0.0107409 0.000153497 0.0014563 0.0745521 0.00084397 0.136782 0.0517079 0.101896 
0.0256941 0.0303164 0.475078 0.0424832 0.0969309 0.000279702 0.00451436 0.00243062 0.0171411 0.0927769 0.00840168 0.104468 0.07975 0.0197342 
0.00379325 0.00744407 0.482537 0.0631943 0.0182668 0.000421442 6.98626e-05 0.000603097 0.00571538 0.0304808 7.51009e-05 0.372254 0.0109915 0.00415406 
0.0195225 0.0169371 0.591114 0.0467204 0.0375456 0.000121789 0.00158321 0.00222651 0.0155341 0.0887594 0.000499922 0.131784 0.0221185 0.0255328 
0.0285152 0.0212091 0.450339 0.082679 0.0183516 0.000156183 0.00178182 0.00107655 0.00343251 0.147207 0.000889113 0.203086 0.0277267 0.01355 
0.0292861 0.0219344 0.606107 0.0515246 0.0299334 0.000289759 0.0046865 0.000652019 0.0116649 0.0976622 0.00110435 0.0828108 0.0327003 0.0296434 
0.06651 0.169206 0.437515 0.079045 0.0184919 0.000206425 0.00274537 0.000871744 0.00177989 0.14749 0.00147694 0.0383651 0.00441781 0.0318793 
0.0999899 0.0718632 0.297771 0.0624483 0.130739 0.00113327 0.0218769 0.00210867 0.00429013 0.124401 0.00380283 0.107849 0.0229629 0.0487641 
0.0758034 0.0439279 0.43122 0.0560139 0.0457861 0.000547928 0.000739766 0.00322087 0.0307197 0.0964477 0.000405258 0.169592 0.0126145 0.0329607 
0.0147845 0.0503922 0.54206 0.0698051 0.0385195 0.00135654 0.000605644 0.0113666 0.00334156 0.109237 0.00115481 0.121808 0.00626455 0.029304 
0.0587006 0.0277346 0.390195 0.0562616 0.0799048 0.000451482 0.00518733 0.00119211 0.00546293 0.117852 0.00803873 0.15704 0.0503241 0.0416539 
0.0112977 0.0460437 0.294016 0.0760873 0.101126 8.82869e-05 0.00143136 0.00216401 0.0291906 0.104885 0.0360151 0.257217 0.0125654 0.0278725 
0.00507928 0.0200793 0.433493 0.0547104 0.173377 2.07433e-05 0.00088218 0.00249089 0.0188978 0.0479952 0.000427308 0.21285 0.0127061 0.016991 
0.0499004 0.0445402 0.241509 0.172131 0.131475 0.00144572 0.00589672 0.00149666 0.00752049 0.158508 0.0171554 0.0949695 0.0254192 0.0480327 
0.00680056 0.00867969 0.600598 0.0295075 0.0437458 0.000197813 0.000108231 0.000162289 0.00355546 0.053575 0.00282077 0.0591625 0.186563 0.00452342 
0.0243725 0.0229333 0.546285 0.0555413 0.015965 0.000271408 0.00393713 0.000228824 0.00105283 0.0904165 0.000382124 0.0931206 0.104486 0.041007 
0.0504017 0.0811323 0.20514 0.171508 0.0763563 1.19618e-05 0.00524011 0.000432213 0.00446226 0.0796575 0.000369406 0.200943 0.0344195 0.0899253 
0.06651 0.169206 0.437515 0.079045 0.0184919 0.000206425 0.00274537 0.000871744 0.00177989 0.14749 0.00147694 0.0383651 0.00441781 0.0318793 
0.0190657 0.0221573 0.514716 0.0776261 0.0610247 0.000279206 0.000503115 0.000713964 0.00307869 0.105622 0.00045179 0.143183 0.0199525 0.0316256 
0.0119234 0.0702115 0.323981 0.0507145 0.223959 8.50785e-06 1.00122e-05 0.0113468 0.0127116 0.139208 0.000516776 0.0731037 0.0122089 0.0700968 
0.00707027 0.0905215 0.253962 0.053953 0.110444 6.979e-05 0.000221442 0.000949964 0.00678035 0.145452 0.000157783 0.229109 0.0695549 0.031753 
0.0577826 0.0125532 0.467498 0.0358165 0.0154339 5.81741e-06 6.23003e-05 1.59044e-05 0.000969316 0.061782 0.000362402 0.198774 0.132546 0.0163972 
0.0635637 0.0452136 0.399136 0.0518661 0.0906065 0.000330208 0.00974123 0.000753353 0.0101676 0.117412 0.00815966 0.129112 0.0252453 0.0486931 
0.00498881 0.0475985 0.602026 0.12224 0.0766972 0.00106711 0.000204071 0.00902469 0.0118708 0.0359347 0.0029406 0.0694486 0.00354593 0.012413 
0.0125218 0.0272808 0.624013 0.0888566 0.0159503 0.000365074 0.00052744 0.00103982 0.00107709 0.0689418 0.00455089 0.0776187 0.0180243 0.0592328 
0.0733978 0.0411586 0.247011 0.0476413 0.139558 8.00753e-05 0.000576122 0.00465711 0.0565619 0.130389 0.00263497 0.210825 0.0230905 0.0224191 
0.00814495 0.0503973 0.527008 0.106447 0.0176221 9.67316e-05 0.000862117 0.000415877 0.000756958 0.0408218 0.000992411 0.146202 0.0706373 0.029596 
0.0210543 0.019615 0.61119 0.047412 0.0473411 0.000281466 0.00286771 0.000978545 0.00987947 0.0933496 0.0025786 0.0943376 0.0299001 0.0192143 
0.00351815 0.00535185 0.39471 0.0291451 0.0189647 8.66023e-06 6.12165e-05 3.58919e-05 0.000298246 0.145071 3.86573e-06 0.28443 0.0594996 0.0589014 
0.00998774 0.0153013 0.839804 0.0221288 0.0136408 0.000183012 0.000289508 0.00147523 0.000617577 0.00781903 0.00132254 0.0780131 0.000850628 0.00856687 
0.0202841 0.0211206 0.406636 0.0536882 0.0394935 6.48656e-05 0.00328228 0.000446177 0.0298192 0.0663792 0.00074363 0.290018 0.0554423 0.0125819 
0.0216237 0.0108792 0.303017 0.1312 0.0829164 1.73683e-05 0.0023529 0.00091222 0.0205616 0.0569495 2.80274e-05 0.144937 0.203126 0.0214792 
0.0258824 0.0482295 0.253534 0.0774318 0.106625 0.00352039 0.00351373 0.00767907 0.00932666 0.137149 0.00528163 0.239689 0.0412032 0.0409342 
0.00330365 0.0699334 0.26156 0.0659424 0.175393 3.47064e-05 0.00873197 0.0815788 0.0100789 0.0421122 0.00538582 0.220859 0.0427243 0.0123627 
0.00998774 0.0153013 0.839804 0.0221288 0.0136408 0.000183012 0.000289508 0.00147523 0.000617577 0.00781903 0.00132254 0.0780131 0.000850628 0.00856687 
0.0330315 0.0473878 0.274835 0.0864194 0.125815 0.0139865 0.00519868 0.000842476 0.0112131 0.161671 0.00579614 0.175551 0.0285303 0.0297219 
0.0426986 0.0362714 0.36091 0.0401852 0.08976 3.77291e-05 0.000274515 0.000187693 0.00979616 0.115567 0.000817583 0.250296 0.0303507 0.0228475 
0.000501965 9.53033e-07 0.502663 0.00852479 0.148449 1.95546e-09 1.13114e-06 1.62854e-09 5.1803e-10 0.0852996 0.0200542 0.228835 0.00557066 0.000100259 
0.0232703 0.016744 0.284102 0.0433476 0.0352808 0.000382791 0.00134508 0.002385 0.00935537 0.0896444 0.0012178 0.247538 0.212338 0.0330493 
0.0213178 0.058658 0.428441 0.0497929 0.107701 0.000183274 0.00231915 0.00139836 0.020333 0.12291 0.0232675 0.0632492 0.00805188 0.0923781 
0.0102532 0.0231738 0.363961 0.0512568 0.141282 0.000401979 0.00197874 0.0388442 0.00745337 0.0563694 0.00830983 0.270263 0.0124224 0.0140295 
0.0228501 0.0143841 0.690117 0.0574758 0.0151764 0.00025444 0.000908487 0.00125322 0.00132104 0.0366007 0.00165863 0.092427 0.0401873 0.0253863 
0.0130031 0.0112485 0.665154 0.0372078 0.0506506 0.000160949 0.00128564 0.000681255 0.00721894 0.0779254 0.00060588 0.103235 0.0117662 0.0198566 
0.00983085 0.027429 0.67901 0.0509818 0.018811 0.000243749 0.000445881 0.00402974 0.0122362 0.0735426 0.00307519 0.106922 0.00249148 0.0109508 
0.066518 0.0230578 0.534656 0.0352542 0.0616897 3.41756e-05 0.00244819 0.000708978 0.0191957 0.0724929 0.00151842 0.137736 0.0157179 0.028972 
0.0084843 0.0208499 0.352669 0.0268471 0.236484 1.55647e-05 0.032694 0.01425 0.0469294 0.060894 0.01246 0.174436 0.00447002 0.00851646 
0.00999591 0.013788 0.611638 0.0503397 0.0594267 0.000254429 0.00187252 0.000587473 0.00817255 0.0809506 0.00356344 0.0843475 0.0558962 0.0191667 
0.0141476 0.0257225 0.644419 0.0447666 0.032228 0.000203265 0.00186901 0.000811487 0.00680676 0.0731002 0.002258 0.0882027 0.0480401 0.0174249 
0.0447435 0.0172009 0.258517 0.0454699 0.0606021 0.246116 9.64859e-05 0.000109994 0.000890006 0.108885 5.57148e-05 0.201079 0.00324805 0.0129865 
0.0156132 0.029923 0.385252 0.0802131 0.0512402 0.000523594 0.000751149 0.000485746 0.0080824 0.155689 0.000589933 0.21793 0.0139318 0.039775 
0.0401652 0.0362371 0.40719 0.0602502 0.130582 0.000330557 0.00158168 0.00282972 0.0079311 0.114655 0.00839346 0.125618 0.0265092 0.037727 
0.0147845 0.0503922 0.54206 0.0698051 0.0385195 0.00135654 0.000605644 0.0113666 0.00334156 0.109237 0.00115481 0.121808 0.00626455 0.029304 
0.0243725 0.0229333 0.546285 0.0555413 0.015965 0.000271408 0.00393713 0.000228824 0.00105283 0.0904165 0.000382124 0.0931206 0.104486 0.041007 
0.0592269 0.0489991 0.468706 0.0319375 0.105059 9.91463e-05 0.00925381 0.00142702 0.027758 0.0932431 0.0196363 0.075435 0.0179767 0.0412423 
0.0276583 0.0207863 0.589305 0.0621141 0.0407175 0.000477598 0.00121362 0.00332436 0.0272291 0.106905 0.000121512 0.0811432 0.0250247 0.0139803 
0.0260281 0.016367 0.638882 0.035439 0.0169308 0.000202704 0.00286596 0.000740408 0.00967518 0.0832014 0.000579695 0.095405 0.0490288 0.0246542 
0.00673036 0.0271527 0.407827 0.026149 0.0903169 0.000105515 0.000366561 0.0270574 0.0154466 0.0372568 3.83515e-05 0.330589 0.00341998 0.0275433 
0.0153892 0.05407 0.307773 0.0692742 0.0694465 0.000377394 0.0130148 0.00318724 0.00498308 0.121157 0.00183409 0.279229 0.0239597 0.0363057 
0.0288132 0.02326 0.627375 0.0407917 0.0283862 0.000177726 0.00581896 0.00134105 0.0180997 0.0956528 0.00136107 0.0792459 0.0241405 0.0255364 
0.0084843 0.0208499 0.352669 0.0268471 0.236484 1.55647e-05 0.032694 0.01425 0.0469294 0.060894 0.01246 0.174436 0.00447002 0.00851646 
0.0195122 0.0129382 0.349731 0.0992813 0.151401 0.00169936 0.0120254 0.000380739 0.0343237 0.0447989 2.74365e-05 0.0962097 0.162524 0.0151474 
0.0205789 0.0590519 0.289292 0.0736902 0.073593 0.000160561 0.0128277 0.00462029 0.014321 0.0711686 0.00194737 0.116597 0.142188 0.119964 
0.0206597 0.0266235 0.30858 0.107445 0.036535 0.00285281 0.000895586 0.00163578 0.00841343 0.207685 0.00236634 0.153977 0.0556834 0.0666473 
0.0856043 0.0270744 0.239972 0.136403 0.0500459 0.000537956 0.00106778 0.00807892 0.00798745 0.0993083 0.000951009 0.150689 0.157248 0.0350318 
0.0241183 0.0346692 0.304555 0.0926111 0.0907243 9.97829e-05 0.00192241 0.000957705 0.00787241 0.129015 0.00147943 0.27113 0.00838984 0.0324554 
0.0252288 0.0566523 0.325081 0.119737 0.0159119 8.76782e-05 0.00140902 0.000117849 0.00101412 0.137622 0.000544085 0.232017 0.0420177 0.04256 
0.0646681 0.0583635 0.491749 0.0440168 0.0392334 0.000255725 0.0130687 0.00105941 0.0223626 0.128646 0.00409025 0.0809036 0.0160128 0.03557 
0.0646681 0.0583635 0.491749 0.0440168 0.0392334 0.000255725 0.0130687 0.00105941 0.0223626 0.128646 0.00409025 0.0809036 0.0160128 0.03557 
0.0187415 0.0495789 0.420291 0.0905267 0.0133189 6.51436e-05 0.00104673 8.7558e-05 0.000812677 0.103887 0.000404202 0.219868 0.0462962 0.0350755 
0.00772369 0.00181826 0.736598 0.0304188 0.00796273 9.82113e-07 2.82207e-05 8.01649e-06 0.00191707 0.0548496 1.88038e-06 0.11205 0.0437598 0.00286223 
0.0194438 0.0467948 0.304801 0.106053 0.0510357 0.000101914 0.000104684 9.49576e-05 0.000912023 0.145038 0.000231764 0.244722 0.0292747 0.0513918 
0.0271417 0.0309903 0.486575 0.0400024 0.130793 0.000565311 0.00072176 0.000325918 0.0248995 0.0756972 0.0292386 0.124279 0.0117727 0.0169981 
0.00252118 0.0162272 0.662736 0.021594 0.0259161 4.28449e-06 9.78371e-05 8.98957e-05 0.0273046 0.0540711 0.000195459 0.165181 0.0215719 0.00248878 
0.0540088 0.023412 0.407542 0.0159743 0.0315455 7.09656e-07 0.00408125 0.000536821 0.00458627 0.205305 0.000915287 0.224045 0.0155788 0.0124683 
0.0075282 0.0106156 0.389616 0.16236 0.0599402 7.65705e-06 0.000538966 0.00169132 0.000606867 0.0353596 0.00372154 0.214004 0.0705951 0.0434155 
0.012319 0.0267281 0.632923 0.0882583 0.0158718 0.000289788 0.00015864 0.000912536 0.000922033 0.0690136 0.00383756 0.0759198 0.0179486 0.0548968 
0.0154613 0.0691444 0.631069 0.0713904 0.0236691 0.000385399 0.00287756 0.00091015 0.00213302 0.0727699 0.00468048 0.0664335 0.00972678 0.0293492 
0.0212881 0.101428 0.432883 0.122309 0.0441799 0.000484275 0.000293723 0.00137299 0.0155104 0.0691458 0.00698205 0.118365 0.00903895 0.0567185 
0.00467808 0.0161963 0.493315 0.0247545 0.0465112 0.000119765 0.000181508 0.00364301 0.00445462 0.0939354 0.000260395 0.261328 0.0295407 0.0210821 
0.0292383 0.00892366 0.699907 0.0201952 0.0156348 2.39004e-05 0.000811254 0.000963995 0.0190546 0.0689624 0.000508401 0.111786 0.0150978 0.00889277 
0.0283752 0.0294975 0.354815 0.0584131 0.092378 0.00037597 0.000622021 0.00663843 0.00376113 0.0554678 0.00441244 0.33706 0.0154004 0.0127827 
0.041632 0.0143537 0.298896 0.142379 0.0286174 0.000453093 0.00187018 0.00346959 0.0039527 0.1549 0.000598995 0.103965 0.13954 0.0653725 
0.012319 0.0267281 0.632923 0.0882583 0.0158718 0.000289788 0.00015864 0.000912536 0.000922033 0.0690136 0.00383756 0.0759198 0.0179486 0.0548968 
0.034462 0.0393964 0.362644 0.0753818 0.0250016 0.000617461 0.00422387 0.00262923 0.00861658 0.0797732 0.00203621 0.262754 0.017298 0.0851648 
0.0646681 0.0583635 0.491749 0.0440168 0.0392334 0.000255725 0.0130687 0.00105941 0.0223626 0.128646 0.00409025 0.0809036 0.0160128 0.03557 
0.003934 0.0263656 0.487343 0.112997 0.0897095 0.000247827 1.53443e-05 0.00269188 0.000785574 0.189941 0.031426 0.0340537 0.0103029 0.0101872 
0.00680056 0.00867969 0.600598 0.0295075 0.0437458 0.000197813 0.000108231 0.000162289 0.00355546 0.053575 0.00282077 0.0591625 0.186563 0.00452342 
0.00320971 0.00824743 0.438007 0.0523992 0.0288327 7.96366e-05 0.000225382 0.00138343 0.00543159 0.0395653 0.000291293 0.391426 0.0128374 0.018063 
0.0187415 0.0495789 0.420291 0.0905267 0.0133189 6.51436e-05 0.00104673 8.7558e-05 0.000812677 0.103887 0.000404202 0.219868 0.0462962 0.0350755 
0.0152322 0.00812937 0.707267 0.0277259 0.0210904 0.000217895 0.000730279 0.000786585 0.00902527 0.0729974 0.0004884 0.0991153 0.0159637 0.0212305 
0.07118 0.00998518 0.31773 0.0382585 0.0926249 0.000124119 0.000548859 0.00102178 0.0879414 0.101808 0.00141364 0.233505 0.034619 0.00923925 
0.0201388 0.0235868 0.428932 0.0772325 0.12642 0.000114143 0.000287168 0.00101948 0.00971848 0.128512 0.00315144 0.0964571 0.0550865 0.0293432 
