0.152588 0.0137418 0.0204121 0.270903 0.0190693 0.000599285 0.000502207 0.00064813 0.00139618 0.267864 0.00451701 0.0659336 0.0684721 0.113354 
0.0464942 0.0831741 0.0141941 0.241269 0.198826 7.10039e-07 0.144575 0.00461846 0.00272152 0.187884 0.0112009 0.0202357 0.0227184 0.0220878 
0.290865 0.0347153 0.00875743 0.302607 0.0592883 7.44766e-05 2.33995e-05 0.00195189 0.0035555 0.0931683 0.000169539 0.0772397 0.0338226 0.0937624 
0.0220472 0.0422374 0.011504 0.447986 0.0372979 0.000450451 5.88713e-05 0.0025517 0.00259812 0.32573 0.00134552 0.0413457 0.00700197 0.0578451 
0.100083 0.062876 0.0133271 0.224788 0.169611 2.5952e-06 0.0170963 0.000619156 0.0115335 0.102585 0.00924444 0.0548147 0.18544 0.0479791 
0.043928 0.0452936 0.0101879 0.368305 0.0698182 4.47297e-05 0.00713768 0.093986 0.00634538 0.203359 0.00207311 0.0743738 0.021284 0.053863 
0.0216872 0.00980786 0.0239945 0.619397 0.161365 0.000130161 0.000177842 0.00237558 9.83048e-05 0.0492343 1.70303e-05 0.0239644 0.0685311 0.0192196 
0.078731 0.0120128 0.0118984 0.293576 0.0438091 0.000266449 0.00117635 0.000374518 0.00360932 0.125635 0.000873418 0.23353 0.127279 0.067229 
0.0224526 0.0390984 0.0780162 0.295977 0.0679539 0.00020636 0.00116605 0.000774851 0.0113054 0.182361 0.00185785 0.214403 0.0301659 0.0542614 
0.105709 0.0076352 0.00797464 0.463918 0.0082625 0.000298743 0.000186199 0.000625668 0.00266724 0.131741 0.000332375 0.0147365 0.228449 0.0274641 
0.0518669 0.0680817 0.0294088 0.432779 0.0171695 0.000101233 0.0527231 0.00378365 0.00328989 0.203292 0.000760014 0.0740386 0.0303312 0.0323742 
0.0899524 0.0268933 0.00517119 0.461105 0.0215905 0.000135734 8.29495e-06 0.000486535 0.0137915 0.15972 0.00175991 0.0248128 0.166105 0.0284675 
0.0257486 0.0161215 0.0267499 0.23882 0.0743685 0.000315706 0.00877141 0.00088083 0.00241963 0.187879 0.000778995 0.084509 0.205453 0.127183 
0.0108582 0.350909 0.0137702 0.379812 0.0350223 0.000361019 0.0153657 0.00517094 0.000969118 0.104413 0.00342344 0.0231775 0.018422 0.0383264 
0.105709 0.0076352 0.00797464 0.463918 0.0082625 0.000298743 0.000186199 0.000625668 0.00266724 0.131741 0.000332375 0.0147365 0.228449 0.0274641 
0.0203983 0.0406278 0.0659101 0.473239 0.0354264 0.000161366 0.000163327 0.00259852 0.00488855 0.23214 0.00473295 0.0632138 0.0199856 0.0365144 
0.0426225 0.0530049 0.17449 0.180496 0.035462 0.000115234 0.000928263 0.0130169 0.0198448 0.110729 0.000111791 0.13158 0.0834365 0.154162 
0.102657 0.00506699 0.0260109 0.448159 0.0133418 0.000248427 0.000360825 0.000426182 0.00240929 0.123356 0.000110586 0.0226533 0.195328 0.0598718 
0.0508704 0.190342 0.0153974 0.236184 0.105761 0.000227009 0.0326537 0.0129349 0.00217272 0.21533 0.00579492 0.0673826 0.00881733 0.0561316 
0.0184491 0.0716583 0.0748559 0.192627 0.174409 0.00996318 0.000884536 0.000429588 0.00243192 0.186691 0.0116611 0.0766925 0.0885711 0.0906762 
0.0251086 0.0944478 0.00536496 0.719455 0.0218327 0.000403273 0.00268709 0.00152345 0.00120224 0.076426 0.00258998 0.0251226 0.00226776 0.0215684 
0.0214778 0.0260346 0.0315293 0.377343 0.116717 0.000115631 0.000357145 0.00210914 0.00272612 0.125233 0.00168462 0.2283 0.0391449 0.0272268 
0.0371208 0.0413859 0.0147259 0.564537 0.0373566 0.000390484 0.0552275 0.00115015 0.00277693 0.164449 0.000513121 0.0305276 0.0267183 0.0231206 
0.0215382 0.220465 0.0329492 0.530896 0.0295509 8.02918e-06 0.000174123 0.0088942 0.00616712 0.0723898 0.000923201 0.0362757 0.00576431 0.0340048 
0.0161694 0.0624877 0.0153483 0.487454 0.02667 6.0233e-05 0.00546773 0.00257315 0.00353523 0.196556 0.00247256 0.087769 0.0162188 0.0772182 
0.0138974 0.192195 0.00945653 0.377368 0.0522801 0.000255629 0.00227858 0.0170677 0.00705718 0.223428 0.00148256 0.038213 0.00517246 0.0598485 
0.102657 0.00506699 0.0260109 0.448159 0.0133418 0.000248427 0.000360825 0.000426182 0.00240929 0.123356 0.000110586 0.0226533 0.195328 0.0598718 
0.0383646 0.0720554 0.0156826 0.311822 0.136322 0.00018669 0.00565056 0.00665841 0.00625569 0.270289 0.00257775 0.0565607 0.0302874 0.0472874 
0.0223473 0.0341126 0.0339384 0.25903 0.176534 0.000308334 0.00727594 0.00263518 0.00748837 0.21787 0.00183032 0.12289 0.0235708 0.0901681 
0.0505502 0.0510583 0.0199379 0.373806 0.0352631 0.000349217 0.00117163 0.00238182 0.00319333 0.157691 0.000448562 0.0498079 0.158364 0.095977 
0.0344761 0.0372132 0.0242874 0.379914 0.00936487 0.000349027 0.00147388 0.00151014 0.00366394 0.168875 0.000408025 0.0427775 0.018928 0.276759 
0.032004 0.0676571 0.0229858 0.298347 0.152454 0.000226467 0.00125843 0.00760235 0.00565542 0.183407 0.00313205 0.109504 0.0762316 0.0395351 
0.0883788 0.0600911 0.0724955 0.500464 0.00946971 0.00136341 0.00689617 0.000632021 0.00534017 0.152562 0.00117379 0.0399665 0.00874088 0.0524257 
0.060116 0.0299791 0.0540403 0.202598 0.134757 0.000317488 0.00632508 0.000696073 0.00993115 0.179648 0.00365551 0.0870347 0.0482851 0.182616 
0.123105 0.141428 0.0257194 0.275737 0.0289589 0.00042051 0.025808 0.00155977 0.0187175 0.215721 0.00823403 0.0311354 0.010228 0.0932272 
0.0202901 0.0769478 0.0229218 0.366098 0.0614762 5.61281e-05 0.00165117 0.19553 0.00645925 0.0819092 0.0046328 0.0846908 0.027389 0.049948 
0.0731439 0.0170147 0.0266156 0.305379 0.0910755 0.00108301 0.000885467 0.000921847 0.0059503 0.280886 0.0047761 0.0276574 0.125819 0.0387932 
0.00729566 0.0268413 0.0372182 0.516056 0.0305128 0.000575115 0.0170932 0.000517793 0.00157339 0.245413 0.00456507 0.0872374 0.00625086 0.0188508 
0.0812629 0.00811034 0.00854365 0.445873 0.0184823 0.000148209 0.00676196 0.00263557 0.00435334 0.112289 0.00103879 0.0586699 0.217321 0.034511 
0.212634 0.0235571 0.0114819 0.491882 0.00814578 7.82244e-06 0.00116901 0.00277744 0.000595889 0.0849685 4.76416e-06 0.0265417 0.0805033 0.0557304 
0.0180364 0.11536 0.00681818 0.527946 0.0890144 0.000571062 0.000128006 0.0107844 0.00734184 0.0623385 3.18001e-05 0.0932886 0.00881255 0.0595282 
0.108467 0.125119 0.0139702 0.339558 0.0488629 0.000776132 0.0032231 0.00775278 0.00704808 0.181651 0.00113838 0.0569121 0.0189007 0.0866205 
0.148545 0.0199611 0.0412758 0.322473 0.0181578 0.000300871 0.00331169 0.000564979 0.0020206 0.146098 0.00102244 0.0598786 0.0987757 0.137613 
0.0628521 0.0645857 0.0129367 0.485936 0.0528417 0.000111974 0.00674069 0.00513424 0.00497532 0.123933 0.00184258 0.0624344 0.0319232 0.0837523 
0.105709 0.0076352 0.00797464 0.463918 0.0082625 0.000298743 0.000186199 0.000625668 0.00266724 0.131741 0.000332375 0.0147365 0.228449 0.0274641 
0.111629 0.0387115 0.023433 0.456591 0.0705293 0.00037587 0.000389217 0.00745932 0.0121302 0.164661 0.00199581 0.0438407 0.021365 0.0468877 
0.0975068 0.185705 0.0198786 0.229548 0.0578136 0.000459519 0.00793642 0.00933523 0.00917174 0.145747 0.00581963 0.0661089 0.0381916 0.126777 
0.0107109 0.110994 0.0333832 0.305567 0.112774 0.000724059 0.000912715 0.0221524 0.00523975 0.230658 0.0451019 0.0800036 0.0169628 0.0248171 
0.0615684 0.0219433 0.0129943 0.436847 0.0131656 6.50192e-06 0.000996421 0.00146477 0.000528298 0.076207 0.000599413 0.0189942 0.0068015 0.347884 
0.000361232 0.158087 0.000524399 0.30564 0.0796284 4.41273e-06 1.28508e-06 0.233553 0.000655619 0.00413441 1.71651e-06 0.133583 0.0238888 0.059936 
0.0518122 0.0147353 0.00717373 0.728931 0.00687069 4.14504e-06 5.12412e-06 0.00148283 0.000208328 0.0439901 1.75606e-06 0.0213317 0.0416546 0.0817983 
0.118844 0.00599805 0.0170578 0.415372 0.0153817 0.000244107 0.000198305 0.00040643 0.0031113 0.174358 8.87012e-05 0.017743 0.168689 0.0625071 
0.00300434 0.0126267 0.0267912 0.572667 0.0354259 0.000544658 0.000479826 0.00286126 0.0017973 0.223156 0.000765388 0.0585342 0.010603 0.0507432 
0.0138496 0.109177 0.00367122 0.397059 0.0267947 0.000192416 2.38131e-05 0.0113953 0.00316348 0.264618 8.84522e-05 0.0866443 0.00412033 0.0792013 
0.00509741 0.0329645 0.00921988 0.440942 0.0320646 4.1507e-05 0.00195024 0.0879642 0.000750877 0.194073 0.000597631 0.0542239 0.00936104 0.13075 
0.0523266 0.102795 0.00329187 0.278336 0.0176645 0.000334051 0.0750585 0.000402104 0.0101218 0.0578914 0.00232118 0.0664804 0.277131 0.0558455 
0.00853351 0.0407998 0.0113877 0.351625 0.161671 7.89981e-05 0.0175468 0.0293914 0.220692 0.0561505 0.000253916 0.0671494 0.00467019 0.0300494 
0.0175782 0.0424035 0.00932809 0.312544 0.123018 0.000915874 0.000286295 6.1502e-05 0.00012256 0.256303 0.00299579 0.193351 0.013132 0.0279611 
0.0688379 0.110718 0.0869943 0.264095 0.0887989 0.000259355 0.000473853 0.0201934 0.0191609 0.128314 0.0032186 0.116363 0.0258931 0.0666804 
0.0795577 0.122721 0.0189308 0.27374 0.0797083 0.000175646 0.00651237 0.0165251 0.0166495 0.207488 0.00325661 0.0595853 0.0196746 0.0954753 
0.00065164 0.0648802 0.000527512 0.341833 0.00912434 0.000126151 0.0015107 0.293519 0.000465761 0.0048671 0.000588075 0.0378931 0.000480094 0.243533 
0.0373053 0.0936604 0.0253539 0.561264 0.0172207 2.79761e-05 0.00025704 0.0041779 0.00118386 0.184001 0.000297393 0.03206 0.0109832 0.0322072 
0.0862523 0.0609965 0.0349344 0.294009 0.0478074 0.000259648 0.00430105 0.00153957 0.00522608 0.2595 0.00320365 0.0483356 0.040346 0.113289 
0.0623712 0.0421588 0.0140282 0.272191 0.241737 0.000385679 1.89686e-05 0.00167877 0.00455844 0.258649 0.000241677 0.0300963 0.025185 0.0467001 
0.0520277 0.111654 0.0394439 0.292378 0.101262 0.000537376 0.0272845 0.00392157 0.0112126 0.128611 0.0095267 0.109651 0.012108 0.100381 
0.0122097 0.0754641 0.016098 0.419625 0.052074 0.000307882 0.00377728 0.00791943 0.0448236 0.226496 0.00141343 0.0543394 0.00323245 0.0822205 
0.044304 0.0410332 0.0264068 0.348798 0.0445349 0.000422399 0.00123817 0.000283627 0.00263579 0.191468 0.000708336 0.030512 0.110199 0.157456 
0.166809 0.0810074 0.0215368 0.304677 0.0856463 0.000371191 0.0146412 0.00607187 0.00631596 0.181525 0.00496257 0.0695082 0.0115218 0.0454066 
0.0598949 0.198298 0.00593496 0.317079 0.0993253 4.84349e-05 0.0119512 0.00160653 0.0139893 0.12886 0.0146407 0.101194 0.00383842 0.0433391 
0.0151723 0.130087 0.0332162 0.281852 0.176402 0.000703934 1.23404e-05 0.000434054 0.000603008 0.214327 0.0515539 0.0752148 0.00712996 0.0132916 
0.0124375 0.0328841 0.0153541 0.428958 0.0400532 0.00036988 0.0272008 0.0721142 0.00158544 0.0832262 0.00130411 0.235734 0.00675693 0.0420216 
0.0416351 0.0696519 0.0602655 0.382146 0.0272774 0.00610571 0.00223333 0.00272502 0.0258237 0.10264 0.00452335 0.0539245 0.0194266 0.201621 
0.173775 0.0411484 0.0283997 0.250611 0.0686077 0.000408064 0.000356508 0.0041602 0.00640815 0.154142 0.00635577 0.0731028 0.0283246 0.1642 
2.2122e-06 1.09748e-07 3.80118e-07 0.781897 0.0404222 1.18742e-06 0.000104932 7.37952e-07 9.48904e-07 1.56032e-06 8.02312e-07 0.0424713 0.113416 0.0216805 
0.0481664 0.0186915 0.0120247 0.363793 0.0564849 4.72724e-05 0.000757879 0.00104892 0.000621573 0.1254 2.95708e-06 0.0719503 0.164014 0.136997 
0.0329741 0.100018 0.0157198 0.518121 0.0867888 7.54113e-05 0.0108808 0.0153711 0.00725242 0.0986444 0.00170719 0.061011 0.0153791 0.0360567 
0.049147 0.171034 0.0181753 0.240174 0.105409 0.000217569 0.00651102 0.00886032 0.00619868 0.172134 0.00149093 0.0863133 0.0175852 0.11675 
0.00737587 0.0873087 0.0288674 0.295672 0.140459 6.34577e-05 0.00438568 0.0936525 0.00537091 0.132681 0.0103663 0.102601 0.0122413 0.0789547 
0.023459 0.166156 0.123206 0.295447 0.0670483 0.000371946 0.00150213 0.00190904 0.00328283 0.194008 0.00132136 0.0820217 0.00895755 0.0313093 
0.0720803 0.126438 0.0198452 0.239568 0.0569237 0.000316107 0.00978908 0.00424192 0.00878578 0.199829 0.00321149 0.0484343 0.0149799 0.195558 
0.127252 0.0170548 0.0399981 0.331801 0.032903 3.82377e-05 0.000434832 0.000518125 0.0110346 0.0881839 0.00113322 0.0614775 0.0264659 0.261704 
0.0968438 0.0414914 0.0542165 0.374398 0.0184639 0.000108382 2.08194e-05 0.00120426 0.0091726 0.106679 0.00165547 0.100964 0.0745396 0.120242 
0.0443887 0.0176336 0.0185825 0.385011 0.0637447 2.63631e-05 0.000251774 0.000710137 0.0136597 0.203545 0.00415192 0.0453026 0.0989657 0.104027 
0.00712108 0.177009 0.0133219 0.280069 0.144404 0.000684815 0.00652402 0.0100931 0.00772626 0.216674 0.010787 0.06765 0.00691654 0.0510204 
0.13432 0.0895755 0.0145264 0.344077 0.0350093 0.00135777 0.000422186 0.0118962 0.00160719 0.281103 0.000595647 0.0275585 0.0128731 0.0450777 
0.0429238 0.051417 0.0180113 0.243264 0.0972124 6.5878e-05 0.00285281 0.0112979 0.0180204 0.0971939 0.0104975 0.21558 0.0228713 0.168792 
0.0638615 0.0369048 0.0290783 0.224204 0.045969 0.00165449 0.0677884 0.0257877 0.0121241 0.158164 0.000480653 0.116526 0.0297897 0.187668 
0.0190644 0.0472864 0.00780269 0.301568 0.106123 5.64635e-05 0.000158689 0.00103259 0.00203669 0.246019 0.000275588 0.216557 0.0305479 0.0214712 
0.0573921 0.134404 0.0136529 0.351652 0.0390691 0.000178162 0.0240656 0.000806647 0.00764472 0.189374 0.00148977 0.0605557 0.00609539 0.11362 
0.00792588 0.0142469 0.021876 0.470055 0.0228388 0.000186504 1.56713e-05 0.00118801 0.00128482 0.165729 0.00175562 0.213024 0.0405606 0.0393133 
0.247647 0.00268012 0.00890231 0.387968 0.0221232 1.62232e-05 0.000514144 0.000721466 0.00224089 0.246973 0.000314351 0.0255401 0.0442822 0.0100771 
0.0451907 0.049558 0.0390234 0.32721 0.08803 0.000553066 0.00215038 0.00095366 0.00323603 0.189295 0.00595844 0.136783 0.0656536 0.0464047 
0.0195421 0.052797 0.0178476 0.448851 0.0898542 2.61813e-05 0.000126238 0.00415007 0.00312468 0.12141 0.00155566 0.205658 0.00824624 0.0268115 
0.0381586 0.106105 0.0444195 0.472561 0.0585784 0.000108893 0.000226671 0.011443 0.00204452 0.124506 0.0015844 0.0557443 0.0366592 0.0478599 
0.108305 0.19002 0.0716027 0.230469 0.0450363 0.000254548 0.00815202 0.00121145 0.00952891 0.125902 0.0214435 0.092093 0.0131274 0.082854 
0.0240958 0.0306326 0.0189461 0.471655 0.0201716 0.000268238 0.000178204 0.0142029 0.00292164 0.155528 0.00132429 0.0357359 0.0221508 0.202189 
0.201748 0.0858923 0.0853578 0.229911 0.0337259 0.000292261 0.0112752 0.00677805 0.0296521 0.148353 0.00965111 0.0413936 0.0393038 0.0766662 
0.0634958 0.022066 0.0609265 0.424768 0.0190807 0.000230179 0.000143037 0.000469808 0.00222051 0.248682 0.00111721 0.0772016 0.016013 0.0635857 
0.0358861 0.00868032 0.0262905 0.33927 0.0204029 0.000151437 7.86105e-06 0.000265536 0.00281512 0.328091 0.000318437 0.121565 0.0737408 0.0425152 
0.180367 0.0878458 0.0133591 0.288294 0.0445801 0.000216931 0.00368054 0.00826956 0.00925455 0.103133 0.0016678 0.0664525 0.0449485 0.14793 
0.0986147 0.123744 0.0239791 0.313871 0.0794218 0.000234887 0.00340818 0.00994536 0.00981796 0.0694221 0.00816332 0.0781129 0.01057 0.170694 
0.0906616 0.114726 0.0555131 0.23169 0.0580801 0.000677005 0.0132671 0.010823 0.0603629 0.139652 0.00197203 0.0694664 0.0135787 0.139531 
0.0554115 0.0155546 0.024105 0.357246 0.0537455 0.000220669 0.000211861 0.000276584 0.00174567 0.325383 0.000206222 0.0373832 0.0749786 0.0535318 
0.215815 0.00963853 0.0106545 0.450087 0.0169306 0.000177917 6.46542e-05 0.000287751 0.00115076 0.0517278 9.22747e-05 0.0132194 0.183495 0.0466585 
0.169709 0.0363252 0.0851072 0.192269 0.0690385 0.000167996 0.00509393 0.00279392 0.0065051 0.10859 0.00105547 0.107657 0.148109 0.0675794 
0.111275 0.0535331 0.0261508 0.319027 0.0653314 0.000249898 0.00330241 0.0251074 0.00789898 0.238065 0.00161575 0.0515817 0.0465827 0.0502784 
0.0443466 0.131108 0.0241453 0.27077 0.0748846 5.1882e-05 0.0149395 0.00296887 0.00516493 0.242423 0.00986341 0.0840391 0.0611935 0.0341014 
0.0438165 0.221602 0.0162887 0.355678 0.0271418 6.51566e-05 0.0331535 0.00425212 0.111332 0.0839084 0.00662717 0.0585224 0.0107778 0.0268341 
0.0269414 0.0833267 0.00773642 0.338633 0.0977635 0.000217982 0.00544613 0.0034951 0.0364677 0.273448 0.00493268 0.0994268 0.00820473 0.0139594 
0.00819807 0.243152 0.0701057 0.35328 0.0346009 0.000260167 0.000858794 0.0365965 0.0015328 0.0818318 0.00443987 0.0578319 0.00702369 0.100288 
0.105709 0.0076352 0.00797464 0.463918 0.0082625 0.000298743 0.000186199 0.000625668 0.00266724 0.131741 0.000332375 0.0147365 0.228449 0.0274641 
0.119988 0.0671775 0.0694022 0.374287 0.0262768 0.000114352 0.00282207 0.00394691 0.0102132 0.174158 0.00162907 0.0372104 0.00943409 0.10334 
0.028272 0.123616 0.0172676 0.287674 0.114269 7.60915e-05 0.0243366 0.00399709 0.00996059 0.0717716 0.00244375 0.275746 0.00558489 0.0349851 
0.0466721 0.0709745 0.0326503 0.30459 0.0547238 0.000858804 0.00180118 0.00213636 0.00758796 0.207703 0.00084969 0.0761072 0.055946 0.137399 
0.0441035 0.145872 0.0393832 0.280374 0.143935 0.000290019 0.00817363 0.0527355 0.00444855 0.124682 0.00417692 0.0857743 0.0115316 0.0545197 
0.0452753 0.126205 0.14 0.46424 0.0605335 0.000722446 0.00145583 0.000365136 0.0375454 0.0365469 0.00287516 0.0286551 0.0240503 0.0315293 
0.00611915 0.0669868 0.00699003 0.568106 0.174165 0.000221751 0.00228788 0.00515716 0.00202478 0.122648 0.00251547 0.0182769 0.012087 0.0124138 
0.0222522 0.159965 0.070021 0.234046 0.0844452 0.000120931 0.000201802 0.0946185 0.00364841 0.226828 0.000701321 0.0721662 0.00523377 0.0257507 
0.00829899 0.11785 0.0411068 0.478724 0.0700099 5.85078e-05 5.72563e-05 0.0127185 0.00443368 0.159268 0.00182897 0.0671862 0.00646938 0.0319908 
0.114089 0.0428714 0.0471656 0.481617 0.0131652 8.18056e-05 0.00284812 0.000576415 0.00343852 0.208337 0.00167646 0.0328458 0.00574848 0.0455386 
0.074946 0.0225865 0.00717136 0.471799 0.0706544 1.2614e-05 0.000849697 0.00212061 0.00531088 0.194725 0.000563879 0.0922211 0.0304107 0.0266283 
0.0331081 0.123144 0.0492107 0.283755 0.0805687 8.82831e-05 0.0021266 0.000835422 0.0053322 0.209374 0.00193979 0.142466 0.0150105 0.0530395 
0.0754374 0.0767415 0.0204051 0.283832 0.187624 0.000163331 0.00468599 0.0023631 0.00721884 0.183769 0.00785238 0.064225 0.0492136 0.0364691 
0.0761924 0.13262 0.0189267 0.210474 0.143566 7.82303e-05 0.00808151 0.00125846 0.0103586 0.175404 0.0048508 0.0617383 0.0163984 0.140053 
0.060131 0.0763082 0.0153854 0.265458 0.182557 0.000122431 0.000147897 0.0079644 0.0106777 0.221565 0.00187303 0.0819648 0.034345 0.0414991 
0.0445689 0.239938 0.00378904 0.334453 0.0091936 7.2064e-07 0.0274931 0.000730508 0.0194175 0.0565423 0.00509364 0.183077 0.00302516 0.0726771 
0.147193 0.0976304 0.0163618 0.276826 0.03159 0.000402996 0.0028521 0.00147083 0.0874512 0.112828 0.00135232 0.037795 0.0226715 0.163575 
0.0721833 0.0566919 0.0154032 0.300744 0.0432606 8.86322e-05 0.000884309 0.00171687 0.00438097 0.221253 0.000974126 0.0762163 0.0618726 0.14433 
0.0074511 0.0156227 0.0286186 0.434805 0.0296511 0.000236282 1.31113e-05 0.00151505 0.00349782 0.129548 0.000218222 0.219873 0.0118655 0.117084 
0.0327539 0.211103 0.0181538 0.492828 0.0216412 0.000174256 0.0053854 0.00966098 0.010642 0.109704 0.00166664 0.0282598 0.00639903 0.0516282 
0.119514 0.065924 0.0195628 0.282966 0.142745 0.00220508 0.000312909 0.014394 0.00264964 0.113585 0.00193403 0.0896796 0.0128107 0.131718 
0.0476147 0.0697589 0.0108654 0.341397 0.036252 0.000247455 0.00234857 0.00177404 0.0307387 0.147454 0.0226441 0.0844953 0.0940317 0.110379 
0.0323859 0.0513147 0.0345513 0.251103 0.0618846 0.000267855 0.0022896 0.00325941 0.010429 0.247625 0.00238695 0.0813742 0.132536 0.0885926 
0.0397311 0.102491 0.0530452 0.264761 0.0488572 0.000199976 0.0212378 0.011526 0.00653998 0.201873 0.00537495 0.139685 0.0584031 0.046275 
0.077416 0.106102 0.0218181 0.223406 0.166627 0.00012461 0.0118983 0.00469251 0.00668281 0.211027 0.00445955 0.0486193 0.0510687 0.0660587 
0.0154328 0.0948539 0.0449666 0.40695 0.0608801 0.000384527 0.0174258 0.00644341 0.00871164 0.186276 0.0121196 0.0870323 0.0233762 0.0351474 
0.012704 0.113136 0.0188773 0.6229 0.0365665 0.000313103 0.0143202 0.00123465 0.00280882 0.0704822 0.00147327 0.0705645 0.0115259 0.0230935 
0.102556 0.0781028 0.0367496 0.389434 0.0216929 0.000188443 0.00615025 0.0172816 0.000899077 0.156713 0.0005449 0.0542182 0.0502667 0.0852028 
0.0216791 0.0244258 0.0346441 0.326608 0.0511044 0.000122319 0.000211889 0.0107434 0.00442794 0.149111 0.000357668 0.307552 0.0380549 0.0309573 
0.0272803 0.180594 0.0023417 0.373878 0.137366 0.000396791 0.000554805 0.0217175 0.00436813 0.122623 0.0036004 0.0408084 0.0136074 0.0708642 
0.0695651 0.0497087 0.0160982 0.465329 0.0523135 0.000317566 0.000911882 0.00395217 0.0124543 0.153459 0.000662114 0.0800077 0.0191916 0.0760292 
0.0224042 0.00618868 0.0480221 0.51501 0.0341147 7.00258e-06 0.00178354 6.19388e-05 0.000192905 0.252167 9.15103e-05 0.0981613 0.0139199 0.00787505 
0.0197252 0.0144957 0.0420816 0.477052 0.0497655 8.3557e-05 0.00281421 0.000849913 0.000999371 0.253284 0.000450125 0.106354 0.0211647 0.0108807 
0.0163912 0.115262 0.00185157 0.326623 0.2274 3.0445e-05 0.0259516 0.00215968 0.00779006 0.130476 0.00290825 0.101805 0.0125525 0.0287988 
0.000500385 0.10114 0.239873 0.24123 0.0587814 3.33361e-06 1.05115e-06 8.25648e-07 0.000189866 0.102202 1.42725e-05 0.205587 0.0138528 0.0366234 
0.123205 0.05789 0.0868668 0.253369 0.121146 4.15198e-05 0.00119639 0.0045662 0.00381475 0.198344 0.000112963 0.0501234 0.036409 0.0629146 
0.0603194 0.010314 0.0183255 0.319215 0.0639521 0.000103425 0.00013283 0.000199479 0.00252963 0.22811 0.000157778 0.112433 0.0983422 0.0858656 
0.00409917 0.0186809 0.0306923 0.379636 0.0639593 9.9503e-05 1.30694e-05 0.00151507 0.000237259 0.21069 1.98768e-05 0.139606 0.123701 0.0270502 
0.119917 0.02781 0.016873 0.275683 0.0581543 0.00107007 0.00282418 0.000312282 0.00679792 0.128104 0.000652036 0.048814 0.0527736 0.260214 
0.0101199 0.0514112 0.0549278 0.371962 0.176841 0.00110059 0.0366361 0.0199942 0.00283495 0.104171 0.0129227 0.0967894 0.0203729 0.0399165 
0.00607598 0.281499 0.0112574 0.35499 0.0198368 1.59013e-05 0.0208306 0.00522085 0.0140333 0.0280416 0.01648 0.0777207 0.00335763 0.160641 
0.024062 0.0413533 0.0431762 0.344854 0.0599881 0.000153906 0.000890457 0.0115445 0.00575423 0.0999262 0.00779526 0.244784 0.037837 0.0778806 
0.0834769 0.180149 0.0611701 0.330765 0.032599 0.0004708 0.0158709 0.0224496 0.0352004 0.125534 0.00270005 0.0432282 0.0263814 0.0400046 
0.0905735 0.013441 0.0841926 0.355646 0.0335332 0.000241265 0.000372464 0.00216358 0.00656444 0.110579 0.000320749 0.0439512 0.224665 0.0337557 
0.0189545 0.178982 0.013619 0.321317 0.0351169 0.000252676 0.000360563 0.00213592 0.00106451 0.248779 0.0019876 0.0792233 0.00780191 0.0904054 
0.0361418 0.0778457 0.047693 0.290855 0.0612987 0.00018161 0.00280711 0.00288599 0.00768017 0.252854 0.00168118 0.108089 0.0445159 0.0654707 
0.0384812 0.146613 0.00214198 0.661397 0.011887 0.00052645 4.94563e-05 0.00167188 6.62193e-06 0.0179896 0.000334868 0.0275148 0.00025273 0.0911331 
0.131754 0.0346693 0.0192416 0.314693 0.0325958 0.000174444 0.00278584 0.00147097 0.00271755 0.134001 2.15554e-06 0.0503472 0.193507 0.0820394 
0.0545206 0.0140522 0.0465767 0.462951 0.0322858 0.000345781 6.58445e-05 0.000296622 0.00495865 0.17077 7.39248e-05 0.0116879 0.0686431 0.132772 
0.130479 0.0845025 0.0257704 0.295128 0.119663 0.000202504 0.000500139 0.0023348 0.00351353 0.166642 0.00117812 0.0609939 0.0435089 0.065583 
0.0326537 0.0130221 0.0427416 0.360828 0.0257218 8.99393e-05 0.000196713 0.00682726 0.00187706 0.179968 6.25301e-05 0.0780135 0.224229 0.033769 
0.0276835 0.175112 0.0500183 0.536995 0.0213396 6.82923e-05 0.00084941 0.0100252 0.00442938 0.0794973 0.00149032 0.0326026 0.00857277 0.0513168 
0.0864134 0.0682553 0.0897317 0.216521 0.0390608 0.000190716 0.0212412 0.0353336 0.0303164 0.208767 0.000896669 0.114799 0.0377961 0.0506779 
0.0291139 0.0195197 0.0189103 0.372048 0.0509223 0.000128935 0.0610488 0.0296205 0.00964729 0.179296 0.00017937 0.114997 0.0534825 0.0610857 
0.0383571 0.22542 0.0215846 0.302951 0.0369178 5.99331e-05 0.000420017 0.00200248 0.0166261 0.283477 4.52108e-05 0.0258012 0.00404005 0.0422965 
0.0570211 0.0102877 0.0138223 0.508152 0.0147515 0.000198634 0.000258218 0.00214896 0.00184229 0.113674 0.000473342 0.0228612 0.204457 0.0500514 
0.00611915 0.0669868 0.00699003 0.568106 0.174165 0.000221751 0.00228788 0.00515716 0.00202478 0.122648 0.00251547 0.0182769 0.012087 0.0124138 
0.0925367 0.192045 0.0569085 0.228826 0.117079 0.000210841 0.000870109 0.00392849 0.0246221 0.0900236 0.00186006 0.0878269 0.00994779 0.093315 
0.0171939 0.0477749 0.0370015 0.27205 0.0211556 0.00016111 0.023678 0.00721603 0.00877225 0.222047 0.00113384 0.127361 0.00284561 0.211609 
0.0401282 0.0492082 0.027806 0.275936 0.0731948 0.000239612 0.0254091 0.0244724 0.00567206 0.213109 0.00100733 0.110151 0.0832728 0.0703941 
0.0380165 0.0503457 0.00897991 0.312344 0.0616935 0.000399161 0.00235799 0.0622211 0.0148551 0.158637 0.000816022 0.0267841 0.0023167 0.260234 
0.000951972 0.134406 0.0257071 0.38302 0.103908 5.5484e-05 2.36268e-06 0.00137686 8.62125e-05 0.307688 2.02555e-08 0.0328566 0.00433698 0.00560443 
0.0520835 0.00196073 0.00160105 0.546633 0.0680118 0.000612076 0.000617802 0.000268333 0.000122778 0.299013 0.00141998 0.0112734 0.00182983 0.0145521 
0.0398041 0.0604424 0.0587651 0.282308 0.0918227 0.000437812 0.00563617 0.000548307 0.00391797 0.211185 0.00925549 0.113345 0.0475367 0.0749951 
0.033813 0.0366655 0.0411346 0.425414 0.0193395 8.10244e-05 0.000418305 0.000550826 0.0086213 0.106415 0.00109958 0.0620506 0.0181269 0.24627 
0.0452753 0.126205 0.14 0.46424 0.0605335 0.000722446 0.00145583 0.000365136 0.0375454 0.0365469 0.00287516 0.0286551 0.0240503 0.0315293 
0.0401135 0.11792 0.0318631 0.406188 0.0320275 0.00017832 0.00751636 0.00948124 0.00978477 0.152237 0.0048514 0.0683701 0.0121241 0.107345 
0.030864 0.0692115 0.0317657 0.303852 0.124246 0.000185933 0.0166109 0.000991619 0.00281114 0.202971 0.000589675 0.0910523 0.0756846 0.0491644 
0.0775193 0.134964 0.00277605 0.231153 0.199784 0.00014331 3.05765e-05 0.0161106 0.00098148 0.0992747 0.000191335 0.137359 0.00373586 0.0959768 
0.00823473 0.311334 0.0216998 0.312084 0.167562 1.5003e-06 2.72766e-06 0.000270237 0.0292208 0.0124527 0.00189245 0.115026 0.008145 0.0120742 
0.0744794 0.0719868 0.026292 0.273472 0.13683 0.000588088 0.00507724 0.00224329 0.00912567 0.253549 0.00384837 0.0678351 0.0223466 0.052327 
0.0524007 0.171043 0.0271231 0.241316 0.0593222 0.000666735 0.0110081 0.00181296 0.0109453 0.237533 0.00368344 0.0882228 0.0127658 0.0821571 
0.113753 0.144967 0.00847214 0.283122 0.0761893 0.00031941 0.0161879 0.00164232 0.0122367 0.128045 0.0037184 0.0529804 0.0239684 0.134398 
0.173667 0.191736 0.00824956 0.257096 0.0338191 0.000337538 0.0360612 0.00423457 0.00875327 0.112028 0.00458952 0.0574261 0.00918195 0.10282 
0.0182055 0.0726317 0.0167196 0.368833 0.0475987 0.000136527 0.00143903 0.00324898 0.00116 0.166251 0.0033395 0.25103 0.00787487 0.0415313 
0.0390656 0.0313612 0.00578589 0.74442 0.0121562 2.88244e-06 8.5353e-06 0.032574 0.00314071 0.0412697 0.000534934 0.0345756 0.0134555 0.0416493 
0.174009 0.0316945 0.0239325 0.30901 0.0444974 0.000355624 0.00865056 0.000393308 0.0301097 0.133678 0.000410419 0.0287606 0.125187 0.0893117 
0.00408804 0.0195367 0.01298 0.316902 0.124974 1.44039e-11 3.11845e-08 0.00150823 4.07336e-07 0.013195 7.47201e-12 0.290853 3.33802e-12 0.215962 
0.0848641 0.0523064 0.0317025 0.255117 0.0507695 0.000150313 0.000868922 0.00182761 0.00369827 0.248718 0.00201547 0.0698414 0.0673882 0.130732 
0.0340749 0.022007 0.17024 0.279188 0.0395288 0.000749177 0.000300124 0.000324494 0.00115358 0.093972 5.06296e-05 0.0622911 0.0555895 0.240531 
0.0101285 0.0897233 0.0745521 0.335234 0.0335077 0.000358428 0.000179612 0.209345 0.00210465 0.106866 0.00169497 0.0999542 0.00457023 0.0317808 
0.00802073 0.0671894 0.0249428 0.350094 0.207327 0.000741715 0.000206229 0.00528366 0.000428091 0.207858 0.0038457 0.0692102 0.0130597 0.0417927 
0.0141753 0.102674 0.0238364 0.393939 0.11913 9.41846e-05 0.000125704 0.0271788 0.00128176 0.140334 0.000742737 0.0858968 0.0172663 0.0733254 
0.102657 0.00506699 0.0260109 0.448159 0.0133418 0.000248427 0.000360825 0.000426182 0.00240929 0.123356 0.000110586 0.0226533 0.195328 0.0598718 
0.260184 0.0388631 0.0104692 0.330555 0.0353854 1.44985e-05 0.00132878 0.0184539 0.00244124 0.0764275 1.80655e-06 0.0441249 0.0215856 0.160166 
0.120208 0.0924861 0.0266655 0.282677 0.0548687 0.000453923 0.0110528 0.00533127 0.0122771 0.170076 0.00210164 0.0882746 0.0352946 0.0982335 
0.0153687 0.10547 0.0436551 0.216577 0.180445 0.000145479 0.0022086 0.00719537 0.0978511 0.103109 0.0121077 0.170026 0.0239792 0.021862 
0.0267173 0.0486081 0.0854795 0.320694 0.0224281 0.000216404 0.00220128 0.000711322 0.00360475 0.165818 0.000713901 0.218852 0.0350323 0.0689238 
0.0465809 0.0859168 0.025071 0.404664 0.0597315 0.000535092 0.00120039 0.00656227 0.00777271 0.199393 0.0103432 0.0753225 0.0181512 0.0587553 
0.086304 0.0410013 0.0304541 0.372526 0.0707024 0.00128538 0.0125308 0.00121861 0.00305667 0.160943 0.00129525 0.0522959 0.0473781 0.119008 
0.201966 0.0382359 0.0110965 0.302994 0.0147416 6.21622e-05 0.0019649 0.00417301 0.0131349 0.0792109 0.00100686 0.141477 0.0752853 0.11465 
0.164445 0.0794429 0.053897 0.216075 0.0862211 0.000371312 0.0169296 0.0029465 0.00492743 0.16665 0.00439191 0.121055 0.0328697 0.0497775 
0.0253726 0.1316 0.016374 0.542681 0.0135848 0.000433364 0.00520259 0.00957529 0.000891321 0.11379 0.00207531 0.0579768 0.00802491 0.0724191 
0.00588772 0.14182 0.0284821 0.435696 0.0682926 2.53188e-05 4.06259e-06 0.000362031 5.14738e-05 0.0808116 0.00160926 0.116646 0.0376361 0.0826755 
0.00181182 0.063092 0.0618165 0.499033 0.0543828 3.21603e-05 2.24653e-06 0.212386 0.000260781 0.0537181 0.000211899 0.0356412 0.00518816 0.0124228 
0.102556 0.0781028 0.0367496 0.389434 0.0216929 0.000188443 0.00615025 0.0172816 0.000899077 0.156713 0.0005449 0.0542182 0.0502667 0.0852028 
0.0185541 0.141578 0.00922746 0.455924 0.0280688 0.000197149 0.00577977 0.00392198 0.00313119 0.211801 0.00129742 0.0485802 0.0148037 0.0571355 
0.0509498 0.0898532 0.0220018 0.512634 0.0461586 0.000175624 0.00128617 0.0162952 0.0094106 0.14247 0.00612368 0.0625398 0.0123005 0.0278009 
0.016218 0.0576652 0.0300828 0.378822 0.150222 0.000170246 2.17404e-05 0.0120949 0.00223972 0.2437 0.00612564 0.0837796 0.012651 0.00620638 
0.0840018 0.0470743 0.03094 0.326594 0.0661979 0.00019286 0.000295139 0.000470714 0.00227841 0.291547 0.000591042 0.040007 0.0581019 0.0517075 
0.0396627 0.0245603 0.017844 0.579174 0.035487 4.68071e-05 2.23313e-05 0.00294909 0.00232277 0.100809 4.17153e-05 0.0490981 0.0199484 0.128034 
0.0161511 0.147949 0.0593196 0.410387 0.100055 0.000184022 0.00463251 0.0219405 0.048968 0.0862599 0.00867775 0.0603742 0.00486023 0.0302403 
0.0542096 0.0264383 0.0300575 0.49143 0.0341438 0.000162222 0.000701136 0.0013103 0.00590841 0.174196 0.000500255 0.0899905 0.0481244 0.0428275 
0.0194833 0.0974485 0.0340438 0.387541 0.0462367 0.0854749 0.00314262 0.0134567 0.00234535 0.138318 0.00061464 0.0755798 0.00978797 0.0865261 
0.0311482 0.0371839 0.00878558 0.306684 0.0699667 0.00046841 0.000125599 0.0215481 0.00360115 0.258844 0.000271886 0.154337 0.0911416 0.0158945 
0.052876 0.136513 0.0265032 0.321263 0.156854 6.819e-05 0.000289388 0.00223126 0.00980732 0.14323 0.00391759 0.0827773 0.014724 0.0489457 
0.0326298 0.206088 0.0216724 0.275592 0.0619022 0.000235744 0.00605949 0.00285454 0.00556015 0.244098 0.00316074 0.0559495 0.0147207 0.0694765 
0.00731587 0.0169596 0.00625055 0.41123 0.0410472 0.000122693 0.000941911 0.290907 0.00469053 0.121025 0.0001561 0.0313858 0.00475703 0.0632106 
0.0676753 0.0555574 0.082636 0.325561 0.0121548 0.000746089 0.0088023 0.00567583 0.00344006 0.232667 0.00144472 0.0378537 0.014358 0.151428 
0.0289844 0.100546 0.0211205 0.32933 0.0585179 0.000872285 0.000777402 0.0111067 0.00334771 0.316698 0.00262871 0.0478879 0.0149191 0.0632639 
0.0535165 0.151256 0.0272419 0.188695 0.0903519 0.00151386 0.0160271 0.0529911 0.0155781 0.183802 0.0141628 0.0604474 0.0177245 0.126692 
0.0312932 0.0318885 0.0361986 0.270181 0.25664 0.000244238 0.000410956 0.00677153 0.0170436 0.0858349 0.00111699 0.180832 0.0260915 0.0554528 
0.0177116 0.246781 0.0391311 0.274029 0.0771354 0.00107927 0.00565532 0.0207487 0.00526746 0.194871 0.00762583 0.0644479 0.00482603 0.0406909 
0.175752 0.0570644 0.0129981 0.321973 0.0162244 6.79993e-05 0.00135025 0.00216105 0.0198518 0.210846 0.000952921 0.0448406 0.0886784 0.0472388 
0.000601108 0.0271448 0.0995003 0.372974 0.0802753 6.28963e-05 9.27976e-07 0.0592962 0.000275145 0.138242 1.11814e-06 0.198351 0.00373505 0.019541 
0.0698769 0.0508515 0.0329475 0.166778 0.153924 0.0274066 0.00580408 0.0027426 0.00752761 0.150372 0.00458241 0.133112 0.0607921 0.133283 
0.0221803 0.186321 0.0462956 0.272238 0.0950231 0.000573912 0.00571972 0.00854286 0.00877486 0.194791 0.00667713 0.0471699 0.0210605 0.0846325 
0.0611491 0.20135 0.0219164 0.274443 0.0719728 0.000447108 0.00522833 0.00393219 0.00808108 0.198098 0.00323082 0.0734257 0.0119039 0.0648215 
0.00608357 0.0503691 0.0146387 0.309692 0.0291556 0.000366634 0.0048732 0.115268 0.00588643 0.284182 0.00165561 0.104021 0.00685264 0.0669563 
0.0288462 0.220282 0.0188372 0.257672 0.0641141 0.000282303 0.00142106 0.00162149 0.111364 0.133129 0.00105514 0.113068 0.00382508 0.0444835 
0.0903568 0.0263108 0.0316469 0.398406 0.049755 0.000166986 0.000820753 0.00201915 0.00172882 0.214689 0.00192032 0.0513833 0.0523143 0.0784822 
0.0288332 0.0359265 0.0694201 0.290258 0.0646818 0.000818845 0.00350514 0.000447772 0.00673351 0.138143 0.000865671 0.0703491 0.189421 0.100596 
0.0284304 0.0544709 0.0106537 0.397299 0.0493888 0.000134312 0.000492252 0.000139562 0.0017331 0.26581 0.000778662 0.117622 0.0167024 0.0563453 
0.0123635 0.0437436 0.036363 0.461326 0.083977 0.000177692 2.85705e-05 0.00250164 0.000856899 0.226156 0.00137645 0.0951315 0.015947 0.0200507 
0.221019 0.0142896 0.0158688 0.525047 0.0203156 4.73753e-06 2.4374e-05 0.000263335 0.00474372 0.0631833 1.86769e-06 0.0229027 0.0198223 0.0925134 
0.00428989 0.0599211 0.0324686 0.281082 0.143406 3.01881e-06 0.0198209 0.00219583 0.00117039 0.0933958 0.000931079 0.129677 0.0550364 0.176602 
0.0899524 0.0268933 0.00517119 0.461105 0.0215905 0.000135734 8.29495e-06 0.000486535 0.0137915 0.15972 0.00175991 0.0248128 0.166105 0.0284675 
0.108516 0.0131906 0.00885788 0.371387 0.0152129 0.000612797 0.000135886 0.000314609 0.00195431 0.19103 0.000762272 0.0298942 0.113924 0.144207 
0.123205 0.05789 0.0868668 0.253369 0.121146 4.15198e-05 0.00119639 0.0045662 0.00381475 0.198344 0.000112963 0.0501234 0.036409 0.0629146 
0.0248285 0.17478 0.0303292 0.195269 0.0676861 0.00010962 0.0105548 0.0886995 0.0182288 0.123606 0.00262397 0.0648455 0.00985246 0.188586 
0.018498 0.0579568 0.0135741 0.401085 0.0415091 0.0734496 4.8966e-05 0.00204945 0.0013895 0.251329 6.36088e-05 0.0858803 0.00567778 0.0474891 
0.112911 0.0577338 0.0103948 0.416452 0.055269 0.000200081 5.95208e-05 0.000346397 0.00280873 0.207712 0.000149677 0.0501742 0.0298764 0.0559126 
0.0068557 0.202139 0.0155455 0.395239 0.0614685 3.4587e-05 0.0102147 0.00975005 0.00184041 0.140191 0.0113743 0.0561295 0.00783214 0.0813847 
0.092994 0.116048 0.0143668 0.516336 0.0353738 5.25031e-05 0.000390567 0.00132572 0.000814753 0.103233 0.000507008 0.0583792 0.0149152 0.0452637 
0.00409917 0.0186809 0.0306923 0.379636 0.0639593 9.9503e-05 1.30694e-05 0.00151507 0.000237259 0.21069 1.98768e-05 0.139606 0.123701 0.0270502 
0.138917 0.151743 0.0167711 0.22137 0.0705923 0.000468348 0.0145282 0.0269197 0.0184819 0.14726 0.00518839 0.0654298 0.0215957 0.100735 
0.0706971 0.0822101 0.0554075 0.316843 0.0387593 0.000278404 0.000706587 0.0103767 0.00839556 0.309491 0.000592699 0.0529766 0.00898513 0.04428 
0.0239387 0.0558813 0.00989918 0.275019 0.0604865 0.000178581 6.95132e-06 0.00955068 0.00430608 0.190042 3.26956e-05 0.0795269 0.0479619 0.243169 
0.105035 0.0609105 0.0546625 0.297827 0.0959404 0.000147755 5.17513e-05 0.000733555 0.00206974 0.225585 0.000338268 0.0419671 0.0284754 0.0862561 
0.178464 0.0524262 0.0173509 0.263948 0.0700681 0.000551275 0.00454867 0.00631027 0.0105117 0.190571 0.00127548 0.0818814 0.0157021 0.106391 
0.109376 0.0808951 0.0392204 0.273915 0.0197861 0.000644378 0.0136577 0.00048114 0.0125756 0.174077 0.00266296 0.054735 0.0364333 0.18154 
0.028597 0.169839 0.0233843 0.354804 0.0570952 0.000257397 0.00277916 0.0037044 0.0244985 0.102063 0.00161208 0.196865 0.00411317 0.0303869 
0.110208 0.095349 0.0197593 0.217613 0.0542819 0.000569038 0.0084156 0.00322514 0.00809654 0.200619 0.00352683 0.159463 0.040689 0.0781851 
0.135639 0.0017761 0.0251919 0.406651 0.00938461 3.93138e-06 5.15973e-06 0.000287536 0.00115968 0.136918 8.57092e-06 0.019403 0.212923 0.0506482 
0.040474 0.0839783 0.00713164 0.6174 0.0375569 7.35561e-05 0.00135429 0.000792067 0.00754971 0.0919747 0.000532091 0.0486105 0.01344 0.0491325 
0.0396331 0.0162199 0.00682309 0.661671 0.00716173 0.000245959 6.00023e-05 0.000145563 0.00101036 0.190948 0.00114608 0.0236914 0.0209116 0.0303328 
0.00471151 0.096167 0.00192774 0.829674 0.000542818 8.24419e-06 1.12508e-07 0.0153126 0.000119533 0.0111813 1.28893e-10 0.0352199 4.60921e-06 0.00513095 
0.0618484 0.0364035 0.00977901 0.617363 0.0195267 0.000623341 1.95898e-06 0.00718581 0.000400867 0.155646 1.74137e-05 0.0478477 0.00561169 0.0377447 
0.00901219 0.0439404 0.0328202 0.573788 0.122019 0.000724765 0.000526891 0.00119095 0.0293596 0.0309911 6.37407e-05 0.142246 0.00261032 0.0107064 
0.00965742 0.0560579 0.0144226 0.19288 0.164392 0.000217454 0.0966816 0.16096 0.00729521 0.0781449 0.00297612 0.0511691 0.109758 0.0553875 
0.161021 0.0489128 0.0322348 0.341767 0.0324473 0.000118541 0.000639899 0.00124328 0.00310698 0.236743 0.00705958 0.0408436 0.0398872 0.0539749 
0.0285846 0.0500813 0.00843105 0.360651 0.138706 5.02444e-05 0.000406994 0.00184799 0.0161458 0.287924 0.00707033 0.0497148 0.00488057 0.0455049 
0.0213308 0.121368 0.0149696 0.43125 0.0636479 0.00275282 0.000102893 0.00934514 0.00201368 0.149553 0.0222414 0.0993895 0.00759041 0.0544449 
0.0650414 0.0679628 0.0272967 0.284995 0.0569801 0.000210971 0.00529932 0.00155664 0.00929738 0.220635 0.00387538 0.0655718 0.0530366 0.13824 
0.0132896 0.0603632 0.017235 0.258659 0.0867571 4.49898e-05 2.06757e-05 0.067761 0.00258329 0.236763 0.0333822 0.127784 0.0242472 0.0711094 
0.13986 0.173922 0.0151392 0.215888 0.06479 0.000245647 0.0090952 0.0402172 0.00668616 0.193564 0.0027028 0.0544418 0.0199787 0.0634688 
0.0782733 0.244584 0.00764609 0.389706 0.00793138 0.000234289 0.0216998 0.00269205 0.0107112 0.131654 0.00416427 0.0269168 0.00884266 0.0649442 
0.0133546 0.0268884 0.0120631 0.29866 0.229153 0.000125696 6.21757e-06 0.0013437 0.00187112 0.13979 0.00155282 0.155105 0.0666351 0.0534511 
0.0767541 0.157262 0.0221498 0.218816 0.116792 0.0672688 0.0117222 0.00808164 0.00884671 0.127458 0.00273019 0.0835933 0.0201877 0.0783377 
0.0296689 0.108988 0.00377195 0.458193 0.0809875 3.79053e-05 0.000466111 0.00198268 0.00617128 0.212261 0.0079726 0.0290672 0.0215442 0.0388868 
0.0282056 0.0860304 0.0254181 0.335912 0.0638609 0.000411141 0.000498886 0.00102432 0.00642662 0.230112 0.00260647 0.0499549 0.0122771 0.157261 
0.00409917 0.0186809 0.0306923 0.379636 0.0639593 9.9503e-05 1.30694e-05 0.00151507 0.000237259 0.21069 1.98768e-05 0.139606 0.123701 0.0270502 
0.105057 0.10586 0.0484643 0.386171 0.0913636 0.00017576 0.0232707 0.0035825 0.0163059 0.0624369 0.00612123 0.107316 0.0124391 0.0314359 
0.00637816 0.0418515 0.0151682 0.634494 0.0247355 0.000152381 2.72712e-05 0.0534167 0.000342732 0.0915516 1.92087e-05 0.0620893 0.0275506 0.042223 
0.0598299 0.272347 0.000391287 0.279496 0.166235 9.72548e-07 0.000817168 0.000138523 0.00200792 0.109276 0.0120089 0.0557387 0.000208921 0.0415035 
0.087587 0.0306207 0.0330819 0.442047 0.026707 0.000341929 0.000320816 0.00197808 0.0068783 0.21717 0.0006183 0.0775601 0.0260832 0.0490054 
0.0266788 0.0587573 0.0313174 0.243502 0.16176 0.000199802 0.00181496 0.0101814 0.00687687 0.236886 0.00144309 0.120278 0.0124347 0.0878689 
0.0463115 0.139531 0.0259622 0.298947 0.0492257 0.000646782 0.00519114 0.0178849 0.00571565 0.236664 0.00423955 0.0551185 0.0222587 0.0923041 
