0.0171161 0.0680739 0.00677503 0.12646 0.45217 0.000731535 0.00246401 0.0173528 0.00265866 0.123755 0.0852088 0.0547759 0.00590052 0.0365573 
0.0078959 0.0532547 0.0299486 0.176062 0.31297 0.000254211 0.00386034 0.0033619 0.00365736 0.0916376 0.00343456 0.283016 0.0105798 0.0200668 
0.0466365 0.146358 0.0173719 0.0654917 0.325528 3.56386e-05 0.0159246 0.00517608 0.172292 0.0850838 0.0321864 0.0336519 0.00904613 0.045217 
0.0102241 0.256237 0.0103045 0.0406133 0.309981 9.0559e-05 0.0204154 0.00152885 0.05317 0.218598 0.00556208 0.0475986 0.00496555 0.0207112 
0.00912294 0.0272435 0.0162905 0.0394098 0.604351 6.89558e-05 0.00121481 0.00130353 0.0220414 0.039671 0.0169222 0.0859555 0.102224 0.0341807 
0.00623083 0.0373299 0.0086442 0.0216777 0.520898 0.0321687 0.00192629 0.000759616 0.00109364 0.154767 0.0241052 0.0529757 0.0165504 0.120872 
0.0180387 0.0578135 0.0143889 0.0358205 0.597994 0.000926052 0.00112411 0.000188462 0.0147134 0.0858584 0.00300201 0.0976707 0.00289216 0.0695687 
0.0138968 0.0178963 0.0357954 0.0626007 0.50484 8.40933e-05 0.000143866 0.00516293 0.00380141 0.129249 0.0218664 0.164749 0.0209864 0.0189277 
0.029163 0.0406885 0.0388971 0.158508 0.258765 0.000138025 0.000628183 0.00546267 0.0149161 0.125785 0.0049547 0.246155 0.0435074 0.0324305 
0.0476674 0.0310487 0.0388147 0.115474 0.222552 0.103682 0.000879957 0.00111984 0.00350879 0.149715 0.00417241 0.0367102 0.033174 0.211481 
0.00654107 0.0609327 0.0124452 0.0468726 0.611839 0.00104625 0.00194511 0.000546199 0.00370974 0.178798 0.00645871 0.0295327 0.00658407 0.0327495 
0.0111927 0.0579345 0.0181824 0.0630711 0.528966 0.000151911 3.16685e-05 0.00480255 0.0265133 0.170603 0.0200935 0.0514104 0.0135475 0.0334992 
0.00751142 0.0510459 0.00481508 0.0363509 0.514602 0.00954261 0.000689092 0.0108117 0.0148664 0.11184 0.00109908 0.0752436 0.0177026 0.14388 
0.115111 0.069893 0.01208 0.0269042 0.411648 0.000789042 0.00263538 0.000731724 0.00800736 0.269656 0.00183321 0.0246687 0.0177819 0.0382602 
0.0245112 0.111294 0.0122078 0.103733 0.410565 0.000237094 1.41485e-05 0.0223557 0.00976843 0.092948 0.00329388 0.159059 0.0134135 0.0365988 
0.0233672 0.0176677 0.00795192 0.032487 0.746996 0.000176634 0.000916384 0.0022246 0.0137099 0.0689068 0.000349155 0.0301363 0.013568 0.0415423 
0.0170361 0.0763861 0.00835941 0.0846695 0.453638 0.000299302 0.00223339 5.61616e-05 0.00246732 0.251798 0.0223303 0.0393299 0.0142008 0.0271964 
0.00763287 0.0440659 0.00565929 0.0364705 0.638171 0.00110167 0.000893297 0.0286493 0.00202824 0.116214 0.0763774 0.0237857 0.00794407 0.0110067 
0.0141381 0.0842622 0.0130914 0.0274887 0.459441 0.00020752 0.0357157 0.0197228 0.0172059 0.104922 0.192751 0.0102408 0.00340699 0.0174051 
0.000855392 0.00728365 0.0038935 0.0142431 0.865123 0.00145657 3.62873e-05 0.000472944 0.00128715 0.0852269 0.0100727 0.00671813 0.00287712 0.000453946 
0.053068 0.0869254 0.0260779 0.0367915 0.549429 0.000109793 0.0100508 0.00715225 0.022481 0.0988636 0.02514 0.0523646 0.0148989 0.0166477 
0.0353946 0.0255783 0.0282719 0.0551285 0.588855 0.000119191 0.000309451 0.00162384 0.0208218 0.134536 0.00667605 0.0566259 0.0201354 0.0259242 
0.0338902 0.0362312 0.0143989 0.120845 0.378638 0.000166322 0.00174398 0.00438471 0.00141078 0.185613 0.02485 0.042689 0.124323 0.030816 
0.0200307 0.0614065 0.0107712 0.0548749 0.38392 0.0171207 9.35524e-05 0.00668153 0.00895656 0.185563 0.00131245 0.167864 0.0103003 0.0711048 
0.0186634 0.044706 0.0393432 0.0874505 0.291801 0.000533646 0.00126309 0.00459631 0.0086466 0.162869 0.00552868 0.259842 0.0341783 0.0405797 
0.0833364 0.0343971 0.011192 0.0917257 0.298123 0.000237881 4.272e-05 0.00218522 0.0064494 0.221058 0.000553547 0.199927 0.0265473 0.0242239 
0.0593832 0.0690388 0.0214623 0.177136 0.289943 1.89186e-05 0.000654281 0.00875901 0.0161628 0.177335 0.00129222 0.122231 0.0126641 0.0439198 
0.0174161 0.0572393 0.0409845 0.140778 0.346624 9.38578e-05 9.75683e-05 0.000978188 0.0148772 0.190281 0.0125192 0.124167 0.0245189 0.0294255 
0.0197662 0.0526567 0.0259001 0.063041 0.543534 8.50625e-05 0.000282438 0.00381905 0.0183121 0.0871746 8.75826e-05 0.0698897 0.0831077 0.0323439 
0.0039705 0.0419441 0.0047984 0.0299831 0.573223 2.84662e-06 5.74091e-05 0.000193923 0.00540297 0.172139 0.000566795 0.0435019 0.00704299 0.117173 
0.0313226 0.0443828 0.0187418 0.0448311 0.321794 0.000676821 0.000979328 0.00117243 0.00536468 0.222578 0.0395604 0.100048 0.0317935 0.136754 
0.00320823 0.0229993 0.0291886 0.0688986 0.569585 0.00326703 0.0016772 0.00314352 0.0117053 0.141962 0.0348474 0.048404 0.0524277 0.00868636 
0.0321739 0.0896725 0.0287955 0.0253382 0.499089 0.000139558 0.0734214 0.00439109 0.11939 0.0759458 0.00437315 0.0140652 0.00136934 0.0318352 
0.0168608 0.19339 0.00953338 0.0857523 0.268187 0.000739131 0.00479849 0.00159685 0.0050437 0.162492 0.00587616 0.0780205 0.0128816 0.154828 
0.022517 0.184594 0.0343358 0.178436 0.2412 0.00237901 0.00426549 0.00299253 0.0245363 0.161966 0.00610303 0.0970794 0.00887003 0.0307252 
0.199363 0.0386178 0.0448857 0.182312 0.242573 0.000370888 0.000435843 0.0229857 0.00906418 0.147175 0.00147411 0.0755466 0.00611311 0.0290831 
0.044927 0.218751 0.0468402 0.0278207 0.244393 0.000128416 0.112473 0.00230619 0.0711509 0.0785991 0.0347399 0.0355575 0.0290254 0.0532884 
0.00498011 0.0392472 0.0097022 0.0220245 0.722049 0.000730121 0.0001792 0.00143856 0.00385158 0.156339 0.00767264 0.0189685 0.00743875 0.00537847 
0.0453917 0.109609 0.0134711 0.110688 0.355217 0.000138152 0.00233829 0.00474384 0.117107 0.143422 0.00962269 0.0441743 0.00669235 0.0373836 
0.00174633 0.00351358 0.0355822 0.0880302 0.49987 0.00264673 0.000370445 0.00114382 0.00104958 0.0526201 0.210962 0.0921005 0.00218083 0.00818323 
0.12406 0.0242619 0.0128164 0.0618937 0.412163 0.00105144 0.000522329 0.00103073 0.00316757 0.141773 0.00400684 0.0300803 0.00938866 0.173784 
0.014447 0.0350149 0.0107086 0.0270526 0.595384 0.000508046 0.00072696 0.00377412 0.00138428 0.233375 0.0128158 0.0241202 0.0129978 0.0276906 
0.15374 0.0224054 0.00343736 0.0237026 0.307662 0.04902 0.00215667 0.00190221 0.0013031 0.125002 0.261187 0.0103836 0.0228137 0.0152846 
0.0157735 0.0205481 0.0016489 0.00752464 0.868074 0.000241434 0.000454755 0.00012379 0.000193853 0.0514453 4.57068e-05 0.00868692 0.00266524 0.0225739 
0.0146478 0.0772958 0.129488 0.0912027 0.268177 0.000537389 0.000253029 0.0157803 0.0266598 0.17046 0.0154492 0.164969 0.0127455 0.0123341 
0.0402256 0.170287 0.00744593 0.0337265 0.453855 6.00828e-05 0.0178365 0.000104031 0.0271283 0.157454 0.0248374 0.0415645 0.00694499 0.0185299 
0.0265262 0.13628 0.0265505 0.161221 0.303373 0.0012862 0.00342992 0.000934899 0.00377699 0.119036 0.0826898 0.0837258 0.00394463 0.0472258 
0.00400078 0.0757269 0.0121529 0.0761857 0.505911 0.000931514 0.000426731 0.000932773 0.000971849 0.209583 0.0284455 0.0500226 0.02088 0.0138287 
0.0859909 0.0711399 0.00873852 0.0354839 0.394959 0.000512746 0.00231358 0.000281104 0.00361023 0.285704 0.00463668 0.0289895 0.0513167 0.0263224 
0.014155 0.110146 0.0378033 0.0546234 0.371842 0.000300002 0.000360946 0.00418414 0.00356639 0.245757 0.0121702 0.1051 0.0179075 0.0220853 
0.0127408 0.0097804 0.0190239 0.0470202 0.483874 0.00117395 0.00209847 0.000567346 0.0304937 0.110414 0.024683 0.0418662 0.0203291 0.195936 
0.0188731 0.0282392 0.0149748 0.126967 0.623458 0.000182149 7.0253e-05 0.00553156 0.00293565 0.0840615 0.0384821 0.0373655 0.00415671 0.0147026 
0.0807611 0.0542633 0.00892169 0.0286102 0.568765 0.000883372 0.00308486 0.002598 0.0108328 0.190294 0.00967083 0.0111314 0.00126075 0.0289226 
0.0317031 0.107903 0.00305245 0.0350052 0.433428 0.000500205 0.000215832 0.000399988 0.00308176 0.268673 0.00205457 0.0371644 0.00606628 0.0707521 
0.0304837 0.0795055 0.0443704 0.0496593 0.30527 0.000120147 0.00465077 0.00573282 0.0108511 0.245828 0.0149985 0.12168 0.0223583 0.0644914 
0.00696934 0.0284551 0.00740075 0.0496707 0.598134 0.000290917 0.000102635 0.000949397 0.150926 0.0951545 0.00503545 0.0437442 0.00455857 0.00860771 
0.0145247 0.0826342 0.00843559 0.136094 0.42955 3.46698e-05 0.0127798 0.0156213 0.0099132 0.130196 0.00314023 0.0834223 0.0264161 0.0472372 
0.0307154 0.0437898 0.01748 0.043467 0.566237 0.0118857 0.000443298 0.00248021 0.00944118 0.185894 0.017899 0.0411658 0.0190047 0.0100964 
0.0326131 0.155866 0.00939705 0.0462211 0.354285 0.000138662 0.0149748 0.0124806 0.219567 0.077394 0.00499385 0.0190968 0.0061087 0.0468634 
0.0441952 0.0945358 0.00807757 0.0785245 0.453768 0.000280213 0.00938791 0.00339619 0.00714052 0.195862 0.00181414 0.0562417 0.0197715 0.0270049 
0.0314734 0.133964 0.0119223 0.173269 0.285404 7.76657e-06 0.027733 0.0539461 0.0236745 0.0967459 0.00546431 0.114644 0.00579719 0.0359544 
0.0878663 0.227027 0.0124697 0.0197506 0.326885 2.34421e-05 0.0139122 0.000569194 0.0347368 0.0197614 0.00453396 0.041423 0.0041336 0.206907 
0.0109656 0.19281 0.00247429 0.0198632 0.562091 0.000545061 0.00348593 0.00486152 0.026134 0.141129 0.000703401 0.0168133 0.00303084 0.0150928 
0.032537 0.0691947 0.0360975 0.0851043 0.311533 0.000269745 0.00939229 0.00349737 0.00320785 0.198439 0.00480795 0.11781 0.0330279 0.0950813 
0.0309148 0.051322 0.0421155 0.0640938 0.39166 0.000601017 0.00464514 0.00046815 0.0194019 0.236587 0.0155088 0.0957923 0.0223434 0.0245464 
0.0321523 0.112363 0.0170713 0.135663 0.363389 3.96697e-05 0.00467107 0.00392431 0.0474498 0.151929 0.00389481 0.0825069 0.0158391 0.0291071 
0.00669853 0.0343339 0.00460339 0.0477867 0.574299 0.00295083 0.00101394 0.00264746 0.00156516 0.227831 0.0128556 0.021694 0.0131967 0.0485241 
0.0260257 0.0692485 0.0303623 0.0977629 0.348221 0.000345335 0.00311198 0.00887207 0.00562991 0.220019 0.00312958 0.0547733 0.0353203 0.0971785 
0.0171334 0.0637635 0.0127209 0.0289352 0.632564 0.00105132 0.0197904 0.000454789 0.0076675 0.128348 0.0198269 0.0301498 0.0121373 0.0254566 
0.052467 0.115067 0.0121564 0.0443907 0.21536 0.000382956 0.20748 0.00306006 0.0296025 0.176642 0.0124018 0.0397792 0.0115453 0.0796647 
0.0556628 0.128912 0.0237721 0.0437088 0.40291 8.44845e-05 0.135263 0.000850949 0.0197007 0.0813739 0.00908958 0.0622231 0.0157233 0.0207256 
0.00926984 0.0280824 0.0264556 0.0460277 0.639216 5.4667e-05 0.000419672 0.00129793 0.018171 0.105748 0.0307005 0.071465 0.0121482 0.0109433 
0.0553028 0.0790227 0.0109807 0.0302293 0.511735 0.000513255 0.00710344 0.000407856 0.157841 0.0921147 0.0033336 0.0322765 0.00223479 0.0169045 
0.035518 0.0932166 0.0380256 0.0669812 0.240546 0.00743296 0.0044131 0.00508209 0.0272605 0.176321 0.00604445 0.117711 0.0145912 0.166857 
0.0143997 0.050232 0.0574469 0.123486 0.31189 0.0217366 0.00369921 0.00333478 0.0144453 0.212996 0.00481928 0.122365 0.0176438 0.0415048 
0.0121705 0.0337546 0.0959007 0.0534073 0.395495 0.000250377 6.73223e-05 0.000672756 0.0266417 0.195767 0.00775064 0.15088 0.0147852 0.0124568 
0.0213222 0.110912 0.0051352 0.0602586 0.39877 7.22372e-05 0.00169603 0.000261158 0.0602424 0.0945744 0.0634448 0.0847343 0.00539827 0.0931781 
0.0256794 0.0470408 0.0476693 0.0443863 0.598829 1.72046e-05 0.000946613 0.00108686 0.0162625 0.0939658 0.0377708 0.0699935 0.00329761 0.0130545 
0.0439928 0.271049 0.00262628 0.0237158 0.326894 7.87005e-05 0.03706 0.00256614 0.0291266 0.207499 0.0066289 0.0170801 0.00327628 0.0284073 
0.0243268 0.0108978 0.0738139 0.0703139 0.649273 0.0042655 0.000365164 0.00135098 0.00197677 0.0899969 0.00703299 0.0431896 0.00778858 0.015408 
0.0488074 0.0710935 0.0204344 0.0909941 0.308219 0.000194426 0.00527906 0.00180206 0.0236973 0.223162 0.00311628 0.111998 0.0213219 0.0698804 
0.0102776 0.0981582 0.0112238 0.0791621 0.468709 0.0273551 0.00140772 0.00796428 0.0118956 0.141765 0.00486546 0.0914553 0.00445756 0.0413037 
0.110595 0.165515 0.00292091 0.0360338 0.474302 8.47647e-05 0.00665424 0.00154454 0.0810991 0.0617408 0.00482414 0.0291113 0.00179277 0.0237821 
0.0472402 0.0637344 0.0118893 0.0341935 0.554045 1.55886e-06 0.114007 0.0401568 0.0285361 0.0602575 0.00812338 0.0296428 0.00185807 0.00631425 
0.00598819 0.102967 0.0163472 0.0458154 0.652171 0.00599285 0.00335366 0.0015679 0.0109024 0.0816371 0.00345265 0.0489601 0.00241756 0.0184265 
0.0673827 0.13743 0.0086647 0.0590338 0.340034 9.26107e-05 0.129397 0.00191232 0.0191248 0.109758 0.0452216 0.0359346 0.00548727 0.0405262 
0.0141381 0.0842622 0.0130914 0.0274887 0.459441 0.00020752 0.0357157 0.0197228 0.0172059 0.104922 0.192751 0.0102408 0.00340699 0.0174051 
0.0233315 0.0405037 0.0245783 0.0405798 0.47537 0.0150505 0.000216739 0.000814323 0.0140872 0.254723 0.0234102 0.0459648 0.0118811 0.0294893 
0.0160053 0.0501571 0.0130316 0.0644147 0.613308 0.00034841 0.0002526 0.0106239 0.0592532 0.0882471 0.00425528 0.0506484 0.00384123 0.0256129 
0.0184228 0.0376927 0.0327092 0.191616 0.323262 0.000348816 0.000101577 0.0168856 0.00986162 0.219684 0.00282623 0.0780596 0.0342949 0.0342352 
0.00585443 0.0543453 0.122001 0.125063 0.243631 0.000114675 0.00244163 0.00055925 0.00429662 0.190418 0.0137877 0.158461 0.0704547 0.00857189 
0.0556628 0.128912 0.0237721 0.0437088 0.40291 8.44845e-05 0.135263 0.000850949 0.0197007 0.0813739 0.00908958 0.0622231 0.0157233 0.0207256 
0.0506285 0.0677748 0.00723547 0.184733 0.427612 0.000228875 0.00213842 0.00439747 0.0385314 0.065595 0.0160257 0.0654608 0.00797169 0.0616661 
0.00665869 0.0403308 0.0162905 0.0422902 0.672921 0.0637263 0.00074449 0.029181 0.00146408 0.0483128 0.00155597 0.0197128 0.0059918 0.0508191 
0.0219231 0.0759926 0.00660048 0.0793286 0.382512 0.000175028 0.00220097 0.00150782 0.00660274 0.271526 0.00122155 0.0663913 0.00606404 0.0779542 
0.128648 0.109008 0.0132714 0.052737 0.349267 0.00164635 0.00932783 0.00558302 0.0167795 0.162745 0.0117981 0.0556725 0.00724446 0.0762714 
0.00428773 0.0539839 0.0177881 0.0181574 0.560055 0.00256691 0.0022351 8.60846e-05 0.00608953 0.214992 0.0516277 0.0310672 0.00341891 0.0336447 
0.057551 0.0388922 0.0177514 0.0944844 0.569931 0.000260291 7.2089e-05 0.0172143 0.00626232 0.0575621 0.0244253 0.0647079 0.00704014 0.0438452 
0.00444513 0.0616198 0.0101472 0.0657479 0.717897 0.000150841 0.00286406 0.000536418 0.0261768 0.0617971 0.0011936 0.0325481 0.0021581 0.0127178 
0.0157918 0.0488871 0.0116244 0.0463032 0.577094 0.00115009 0.00100871 0.000944894 0.0035298 0.110899 0.0500692 0.104913 0.00800589 0.0197784 
0.0226881 0.0596681 0.00604835 0.0402542 0.549059 0.00053342 4.19297e-05 0.00048859 0.0018096 0.235348 0.0120822 0.0442036 0.0109937 0.0167807 
0.0156857 0.0562353 0.0117223 0.0523293 0.620478 8.64856e-05 2.64404e-05 0.00445924 0.00427261 0.128558 0.000734959 0.0758004 0.0100405 0.0195705 
0.0483832 0.0471164 0.0183749 0.049399 0.607054 0.000383412 4.58138e-05 0.000975441 0.0277198 0.114426 0.000482609 0.0504449 0.00554999 0.0296447 
0.0305534 0.0998506 0.021442 0.052189 0.485855 5.55235e-05 0.00309479 0.0185833 0.01256 0.137553 0.00870622 0.102661 0.00716813 0.0197277 
0.0859909 0.0711399 0.00873852 0.0354839 0.394959 0.000512746 0.00231358 0.000281104 0.00361023 0.285704 0.00463668 0.0289895 0.0513167 0.0263224 
0.0200563 0.107581 0.033791 0.0497252 0.439677 8.32737e-06 0.00475824 0.0108302 0.0307953 0.153711 0.00603024 0.0687112 0.00955938 0.0647661 
0.114049 0.106295 0.0301702 0.0910812 0.257357 0.00191241 0.0526828 0.00153739 0.013542 0.121186 0.0217531 0.0735624 0.0680988 0.0467726 
0.00184189 0.0657595 0.0149465 0.0135819 0.432358 0.0001381 2.07662e-05 3.57638e-12 0.00302291 0.257489 0.192728 0.0159624 0.00188457 0.000266804 
0.00769956 0.0700484 0.0350674 0.0710932 0.51615 2.0683e-06 0.0143651 0.00779997 0.00407669 0.0609463 0.00153001 0.178795 0.00665439 0.0257723 
0.0675651 0.128312 0.0247877 0.0720226 0.395337 0.00121162 0.0750349 0.0131121 0.0472113 0.0830723 0.0193441 0.0558918 0.0016191 0.0154779 
0.0783534 0.166547 0.0318378 0.0352166 0.387098 0.00060388 0.0524268 0.00150971 0.0258441 0.141058 0.010049 0.035924 0.00743615 0.026096 
0.0266701 0.0607363 0.00753787 0.0490514 0.460272 0.000280011 0.000449153 0.00111452 0.0151566 0.21591 0.021866 0.0615017 0.00973996 0.0697149 
0.0718782 0.120424 0.0256562 0.0226845 0.298438 0.146419 0.000296707 0.00479367 0.00240371 0.150087 8.38478e-05 0.0331714 0.0158174 0.107846 
0.200139 0.0802838 0.0140791 0.0421358 0.433389 0.000743553 0.0296227 0.000327737 0.0131111 0.102855 0.0123179 0.025942 0.0118991 0.0331539 
0.0673995 0.159932 0.0277728 0.117266 0.273395 2.0379e-06 0.070994 0.0017462 0.0737216 0.082835 0.00595922 0.0721394 0.00859309 0.0382443 
0.0326131 0.155866 0.00939705 0.0462211 0.354285 0.000138662 0.0149748 0.0124806 0.219567 0.077394 0.00499385 0.0190968 0.0061087 0.0468634 
0.0152686 0.0214124 0.0257533 0.0439017 0.627165 0.000449605 2.96172e-05 0.00102743 0.0061344 0.173736 0.000730325 0.0316582 0.0269769 0.0257568 
0.0114389 0.0814915 7.7745e-05 0.0995685 0.620454 0.000373286 1.54213e-05 0.0300856 0.0143652 0.0975693 0.0407552 0.00259311 0.000343349 0.000868745 
0.148936 0.0863706 0.0255413 0.021657 0.193773 0.0808639 0.00983151 0.007327 0.00340126 0.172183 0.00459173 0.122769 0.0308145 0.0919403 
0.127394 0.0547902 0.0188334 0.0549586 0.368941 0.0026439 0.000363071 0.00514797 0.00324677 0.271573 0.00701096 0.0426293 0.0112878 0.03118 
0.0173247 0.0454397 0.012415 0.138302 0.43975 0.00963966 0.000608538 0.00344663 0.0343568 0.121638 0.00216665 0.13509 0.00990417 0.0299175 
0.0774606 0.0441464 0.0220324 0.0522173 0.476824 0.000578118 0.00147361 0.00402604 0.0162377 0.176148 0.010216 0.0403495 0.0108579 0.0674326 
0.00537519 0.0190804 0.0219535 0.126604 0.553793 0.00750357 0.000613973 0.00169166 0.00115205 0.182232 0.0191931 0.0410719 0.0134545 0.00628124 
0.0277391 0.149228 0.0139549 0.102756 0.38609 0.000139509 0.0399878 0.0024125 0.00117194 0.179922 0.000133144 0.0342964 0.0131191 0.0490507 
0.0154717 0.152018 0.0201952 0.0809777 0.325514 7.65311e-05 0.00164354 0.00160486 0.00387966 0.235204 0.0131777 0.0414096 0.00982436 0.0990035 
0.0444823 0.0748325 0.00594805 0.0467426 0.428123 0.0634192 0.000445202 0.00275607 0.00492005 0.20564 0.0089855 0.0506793 0.0103475 0.0526787 
0.0477357 0.026427 0.0313189 0.0449483 0.708142 0.000170625 0.00114877 0.0257376 0.018649 0.0458102 0.000376318 0.0306966 0.00214718 0.0166914 
0.01286 0.043801 0.0112299 0.0161481 0.419073 7.14267e-05 0.00450949 0.00231329 0.406226 0.0357466 0.00551421 0.0201785 0.00837877 0.0139494 
0.0500289 0.0307543 0.0430226 0.0682935 0.34213 0.000131935 0.000212088 0.00106735 0.00582137 0.195731 0.00804095 0.226734 0.00761263 0.0204197 
0.0111927 0.0579345 0.0181824 0.0630711 0.528966 0.000151911 3.16685e-05 0.00480255 0.0265133 0.170603 0.0200935 0.0514104 0.0135475 0.0334992 
0.031754 0.0868178 0.00595917 0.0112909 0.655808 0.000312841 0.00998717 0.000937679 0.0331025 0.0864107 0.00884168 0.0431001 0.00854391 0.0171336 
0.0318355 0.0324278 0.0146604 0.0648647 0.354251 9.81295e-05 3.43875e-05 0.000120697 0.00146124 0.238552 0.00348991 0.194887 0.0104016 0.0529148 
0.00822941 0.0477445 0.0196127 0.0681153 0.436047 0.00090465 0.00243371 0.0016186 0.0256209 0.151151 0.00392464 0.177825 0.0271679 0.0296049 
0.0201309 0.0687493 0.00830382 0.0455802 0.472862 0.000245332 0.00439392 0.000714855 0.043716 0.189083 0.000884219 0.113075 0.0205826 0.011678 
0.00981417 0.161206 0.0222147 0.0341272 0.432996 4.90661e-05 0.00277534 0.00322742 0.127327 0.140549 0.0323058 0.0223099 0.000484321 0.0106129 
0.0956751 0.0714114 0.0175916 0.104641 0.332562 0.000216429 0.000699171 0.000642454 0.00351515 0.140251 0.00221089 0.166206 0.0125082 0.0518701 
0.0513862 0.0530441 0.005465 0.0352802 0.610163 0.000183668 0.0118882 0.00221499 0.0101992 0.121541 0.0121494 0.0387853 0.00905085 0.038649 
0.00594424 0.0634367 0.0113079 0.101162 0.555752 0.00590937 0.00260399 0.0178769 0.0106972 0.0890856 0.00880165 0.0974216 0.00492712 0.0250737 
0.15663 0.0758255 0.075464 0.0179967 0.211308 0.000816766 0.166687 0.00149646 0.082963 0.102791 0.0174787 0.0255265 0.00373854 0.0612788 
0.016105 0.102492 0.0159855 0.0593483 0.418959 0.000197596 0.00191992 0.00097334 0.01478 0.201026 0.00611495 0.131648 0.00674726 0.0237034 
0.0106356 0.033695 0.00640891 0.064789 0.546379 0.00747103 5.96846e-05 0.000854963 0.00488573 0.19591 0.000158976 0.102225 0.00641182 0.020116 
0.00877454 0.0629961 0.00673977 0.08065 0.492484 0.000241512 1.58906e-05 0.000528122 0.00177915 0.230899 0.00135098 0.0923087 0.00247155 0.0187601 
0.0300063 0.143143 0.0289987 0.0532931 0.434104 0.000138033 0.0183481 0.00143406 0.0073659 0.198772 0.00631595 0.0502789 0.00860712 0.0191953 
0.0241724 0.035879 0.00620101 0.133495 0.640619 3.08238e-05 0.000214771 0.0378821 6.72439e-05 0.0303617 0.000292222 0.0297308 0.00201194 0.0590425 
0.00104755 0.0191887 0.0221475 0.05439 0.755722 0.00014826 1.24112e-05 0.000443526 0.00540666 0.0310021 0.000123371 0.0105526 0.00124761 0.0985675 
0.0219158 0.170737 0.00313783 0.0128319 0.457338 0.000299828 0.0242227 0.000284464 0.0125002 0.200231 0.00563936 0.0659607 0.012745 0.0121561 
0.00554584 0.00206499 0.0376937 0.0654702 0.472197 8.13867e-05 8.97769e-06 1.71734e-05 7.21394e-05 0.130813 0.00570989 0.0770393 0.197762 0.00552426 
0.0558269 0.112317 0.00303739 0.0768912 0.502442 1.92149e-05 0.000485399 0.000307476 0.0205093 0.114911 0.00208205 0.0564453 0.00385326 0.0508726 
0.00589331 0.00906737 0.00745096 0.0673532 0.775509 0.000337177 4.02709e-05 0.000312572 0.00309155 0.0726975 0.0273391 0.0219021 0.00135063 0.00765549 
0.0126122 0.0190963 0.00144993 0.220633 0.500077 0.000121846 1.30315e-06 0.000159559 0.0015211 0.2113 0.0138116 0.00943758 0.00576948 0.00400898 
0.0299956 0.211149 0.0149578 0.109089 0.263414 2.0258e-05 0.037712 0.00122323 0.0291327 0.221769 0.0212819 0.0310368 0.000582152 0.0286367 
0.0116363 0.0663929 0.0229583 0.0762893 0.293445 0.000202817 0.00153114 0.0047963 0.0198294 0.118968 0.00750562 0.275103 0.0644833 0.036859 
0.024948 0.0362661 0.035829 0.0335415 0.570775 0.000621285 0.00377299 0.00230085 0.00912692 0.150799 0.0023583 0.0521669 0.0446967 0.0327981 
0.0104934 0.0600135 0.02169 0.160697 0.266087 4.32661e-05 0.0149069 0.000791293 0.00902478 0.211193 0.00337942 0.184514 0.0341062 0.0230602 
0.00830072 0.140805 0.00582554 0.0543376 0.501944 8.35356e-05 0.00141924 0.00310325 0.0847004 0.130218 0.00951953 0.0266928 0.00206268 0.0309877 
0.0314145 0.0867691 0.0675251 0.051131 0.458891 6.75722e-05 0.00155956 0.0110376 0.01193 0.131679 0.000581503 0.096082 0.00652243 0.0448094 
0.00262221 0.00581025 0.0205636 0.0687431 0.676186 0.000146347 0.00784672 0.000181941 8.61014e-05 0.05872 0.000617424 0.141365 0.00319379 0.0139172 
0.046989 0.0891356 0.0371138 0.0783662 0.335867 0.000152675 0.000446672 0.00132591 0.0131068 0.287323 0.00543517 0.065986 0.0131338 0.0256178 
0.0194436 0.0712281 0.0136721 0.106381 0.424399 0.000471238 0.00192425 0.00485602 0.0014422 0.18537 0.00322933 0.0819563 0.00597041 0.079656 
0.0329493 0.0520488 0.0202646 0.157389 0.364417 0.00036143 0.000824494 0.000838951 0.00640416 0.207963 0.00872757 0.0868193 0.0209954 0.0399972 
0.0145433 0.0694279 0.0231392 0.166674 0.32878 0.000106153 0.00196562 0.00586965 0.00581046 0.252892 0.00263479 0.0748089 0.0267669 0.0265818 
0.0188046 0.104685 0.0181788 0.0390284 0.476773 0.000144425 0.00011003 0.00182501 0.0635452 0.189079 0.00212869 0.045392 0.0262424 0.0140633 
0.00895169 0.081082 0.0148681 0.0840417 0.459414 0.00023842 0.00113774 0.00188188 0.00864372 0.253923 0.0047304 0.0565916 0.0102859 0.0142098 
0.017687 0.0496111 0.054853 0.153333 0.285312 0.0506804 0.0020511 0.000409326 0.00463898 0.226271 0.00040548 0.0871262 0.0297944 0.0378271 
0.000549829 0.0735762 0.00265603 0.0340223 0.394466 3.21016e-06 2.38646e-06 0.000467863 0.000156284 0.134452 4.17577e-05 0.210478 0.00274628 0.146382 
0.0230766 0.111396 0.0452932 0.0618543 0.497315 0.000685996 0.00675807 0.0115367 0.00568541 0.138489 0.0097149 0.0509134 0.0205458 0.0167362 
0.118886 0.106064 0.0208375 0.0448944 0.463813 0.000433721 0.00320472 0.000847177 0.0908022 0.0880854 0.0053229 0.0364739 0.00240369 0.0179317 
0.0015669 0.0986191 0.0276987 0.0733781 0.396058 0.000349336 0.000125031 0.0079837 0.000805777 0.286452 7.35144e-06 0.0613695 0.00827432 0.0373124 
0.212383 0.124613 0.0311779 0.0510634 0.235821 5.23036e-05 0.101622 0.00342938 0.0188069 0.110737 0.0230709 0.0429321 0.0116669 0.0326238 
0.0425787 0.108055 0.032544 0.138994 0.258658 0.00024449 0.00685732 0.00583781 0.0143974 0.223507 0.00393176 0.0861944 0.0145884 0.0636124 
0.0329657 0.0647094 0.0132426 0.11048 0.381541 0.000412319 0.00181827 0.002511 0.0117829 0.241779 0.0230608 0.0831175 0.00831765 0.0242618 
0.0652329 0.169767 0.0480384 0.121393 0.232998 1.09633e-05 0.00232798 0.00434248 0.0555575 0.106951 0.00751847 0.126709 0.00553253 0.0536206 
0.0321739 0.0896725 0.0287955 0.0253382 0.499089 0.000139558 0.0734214 0.00439109 0.11939 0.0759458 0.00437315 0.0140652 0.00136934 0.0318352 
0.0569277 0.0463174 0.0286002 0.192506 0.247095 0.000397905 0.0161658 0.0018938 0.0144617 0.160978 0.00628573 0.0446954 0.0868822 0.096794 
0.0125819 0.031513 0.00893816 0.0584607 0.676377 0.000604391 0.000525858 0.0107641 0.0139414 0.0697948 0.00107727 0.101389 0.00371608 0.0103169 
0.0151478 0.136065 0.0647874 0.0882286 0.4426 3.68066e-06 0.0254146 0.000126618 0.0809965 0.0441531 0.00762485 0.0749345 0.00342267 0.0164947 
0.0313035 0.0843767 0.00784682 0.0515066 0.341609 0.000444294 0.00681877 0.000286044 0.00455702 0.262958 0.0509012 0.0305313 0.0427664 0.0840949 
0.0141381 0.0842622 0.0130914 0.0274887 0.459441 0.00020752 0.0357157 0.0197228 0.0172059 0.104922 0.192751 0.0102408 0.00340699 0.0174051 
0.0220092 0.123227 0.0276715 0.0714069 0.42165 2.51469e-05 0.00977884 0.0086449 0.0612448 0.111436 0.0684507 0.0527616 0.00848762 0.0132057 
0.0117696 0.0437865 0.0268661 0.0606203 0.535105 0.000108158 0.000165212 0.000669179 0.0419796 0.152865 0.0139385 0.0801705 0.011942 0.0200144 
0.00816927 0.0276415 0.00693633 0.0378926 0.5827 0.000362974 0.00768877 0.000684055 0.00480192 0.193788 0.000388423 0.0713867 0.0385738 0.0189859 
0.0600431 0.09995 0.0324944 0.0850477 0.254016 0.000394442 0.0153806 0.00256068 0.0450527 0.240859 0.00514092 0.0379672 0.0133036 0.10779 
0.0380748 0.0419607 0.0342108 0.0421733 0.441474 0.00172401 0.00494777 0.00169884 0.207344 0.0881248 0.00245507 0.0692722 0.0090802 0.0174603 
0.0218359 0.014044 0.00421435 0.0395154 0.774383 0.000112873 4.92506e-05 0.00173674 0.00459788 0.0495576 0.00359208 0.0506871 0.0278735 0.00780034 
0.0198306 0.107959 0.0203166 0.0929318 0.513773 0.000947517 0.00823661 0.0129799 0.0103469 0.128036 0.00971893 0.0476901 0.00989937 0.0173338 
0.00292785 0.0291217 0.00230026 0.0464166 0.778841 0.000261683 0.00015898 0.00196604 0.0129651 0.0207109 0.0126021 0.0495475 0.000690646 0.0414893 
0.0196027 0.0430312 0.00896631 0.227397 0.360888 0.00016803 1.2589e-05 0.000562166 0.00799358 0.0662616 0.00165536 0.242064 0.00362702 0.0177692 
0.00265073 0.0233767 0.0445259 0.0116116 0.704109 9.00139e-06 0.00138195 2.20792e-05 0.00257377 0.101402 0.0183594 0.0716539 0.0115375 0.00678557 
0.0404074 0.0468843 0.00493335 0.0209609 0.649054 0.00028367 0.00617946 0.00103555 0.0502904 0.130014 0.0108007 0.0133183 0.00625192 0.0195861 
0.0194359 0.1197 0.0323695 0.0725157 0.323795 0.000163907 0.0452846 0.00147992 0.0506757 0.21645 0.0135695 0.0729511 0.0129148 0.0186948 
0.0200157 0.0741126 0.026271 0.0670061 0.391846 0.0073013 0.00145046 0.00071197 0.00988492 0.168329 0.012779 0.164805 0.0411129 0.0143738 
0.00598634 0.0284514 0.0238951 0.0843826 0.504 0.000383927 1.86718e-05 0.00305167 0.0200479 0.055994 0.00744911 0.205783 0.0132236 0.0473329 
0.0148843 0.114536 0.0103187 0.0656366 0.3158 0.000176195 0.000101092 0.00399591 0.00520964 0.270517 0.0582871 0.112347 0.0117569 0.0164336 
9.11242e-07 0.00647423 0.0782547 0.0240196 0.596975 9.3911e-06 2.08585e-06 0.230905 0.000745297 0.00459946 0.000277625 0.0424008 0.00774442 0.00759184 
0.0111927 0.0579345 0.0181824 0.0630711 0.528966 0.000151911 3.16685e-05 0.00480255 0.0265133 0.170603 0.0200935 0.0514104 0.0135475 0.0334992 
0.0217212 0.127642 0.0247766 0.100071 0.322837 2.19386e-05 0.00105405 0.00183492 0.0108009 0.246014 0.000134361 0.0685972 0.0164357 0.0580592 
0.017824 0.0613114 0.0359317 0.0748379 0.507345 0.000125232 0.0137289 0.00378512 0.0164157 0.140569 0.00167203 0.0943237 0.0108421 0.0212879 
0.00507145 0.0130693 0.0671555 0.0509058 0.641676 0.000553519 7.31744e-05 0.000385661 0.0524694 0.109983 0.000406807 0.0417424 0.0144872 0.00202091 
0.00696934 0.0284551 0.00740075 0.0496707 0.598134 0.000290917 0.000102635 0.000949397 0.150926 0.0951545 0.00503545 0.0437442 0.00455857 0.00860771 
0.0460281 0.234521 0.00992605 0.02199 0.426829 0.000454655 0.00359041 0.00249253 0.0136203 0.115981 0.0496405 0.0306705 0.00410915 0.0401472 
0.064643 0.174928 0.0230662 0.0680687 0.324796 0.000175676 0.0352302 0.00128572 0.023726 0.1711 0.0037081 0.0487267 0.00603095 0.0545151 
0.0492164 0.121167 0.0261239 0.0258887 0.451495 0.00011006 0.0203729 0.00477093 0.0349931 0.0965431 0.03457 0.0675039 0.00420771 0.0630373 
0.0152719 0.0587533 0.0158622 0.0929755 0.391288 0.000536825 0.000523008 0.000317873 0.00442504 0.260807 0.0126427 0.0641427 0.00966398 0.0727903 
0.0552632 0.0974049 0.0187217 0.0692288 0.404915 0.000556097 0.0206666 0.000844808 0.0285945 0.161062 0.0147842 0.050986 0.0326506 0.0443216 
0.0384751 0.181175 0.0156889 0.0325099 0.429651 0.000211432 0.00753806 0.000446449 0.0660429 0.132587 0.0224095 0.0389141 0.00325635 0.0310945 
0.0204596 0.120722 0.00459074 0.044645 0.585744 3.28433e-05 0.00803637 0.00820772 0.0406385 0.0624273 0.0339872 0.0405313 0.0051282 0.0248496 
2.5287e-05 6.33388e-06 5.92835e-06 0.0284504 0.971438 1.15848e-06 2.48784e-06 2.46072e-11 1.39118e-05 1.60788e-05 1.72329e-06 9.65684e-06 6.42035e-06 2.21868e-05 
0.0141381 0.0842622 0.0130914 0.0274887 0.459441 0.00020752 0.0357157 0.0197228 0.0172059 0.104922 0.192751 0.0102408 0.00340699 0.0174051 
0.00696934 0.0284551 0.00740075 0.0496707 0.598134 0.000290917 0.000102635 0.000949397 0.150926 0.0951545 0.00503545 0.0437442 0.00455857 0.00860771 
0.1314 0.0557142 0.0428171 0.0527154 0.412818 3.39558e-05 0.00141599 0.00840713 0.0175676 0.00704797 0.0753397 0.184157 0.00363933 0.00692652 
0.00505768 0.0405026 0.0386114 0.0639813 0.505917 0.000128879 3.40696e-05 0.00687658 0.0109887 0.0788171 0.0728325 0.10341 0.0544997 0.0183425 
0.0149614 0.0381625 0.0183651 0.0760244 0.479048 0.00025578 0.0047065 0.00434675 0.0168516 0.254322 0.00545015 0.0555016 0.0118665 0.0201379 
0.0365704 0.130006 0.0490261 0.0840736 0.40932 1.67168e-05 0.010957 0.00185877 0.0157778 0.150409 0.0104688 0.0510842 0.0106049 0.0398258 
0.00680178 0.049476 0.030188 0.06896 0.58347 0.000139226 0.00625605 0.0176663 0.0939309 0.0767024 0.00496989 0.0383622 0.00779155 0.0152853 
0.0956751 0.0714114 0.0175916 0.104641 0.332562 0.000216429 0.000699171 0.000642454 0.00351515 0.140251 0.00221089 0.166206 0.0125082 0.0518701 
0.00652269 0.025089 0.0218852 0.0536703 0.779261 4.44736e-05 0.000187741 0.000756504 0.0100185 0.0647478 0.00196103 0.0216178 0.00129063 0.0129472 
0.0718782 0.120424 0.0256562 0.0226845 0.298438 0.146419 0.000296707 0.00479367 0.00240371 0.150087 8.38478e-05 0.0331714 0.0158174 0.107846 
0.0635919 0.0820044 0.0344345 0.0505855 0.394627 0.00431804 0.00106995 0.00156028 0.00315394 0.237461 0.0229017 0.0399447 0.0197854 0.0445612 
0.05446 0.100821 0.0240723 0.0910125 0.325605 6.65389e-05 0.0117998 0.0417491 0.0867588 0.114237 0.0219302 0.0322232 0.0142461 0.0810181 
0.052943 0.0449384 0.0338105 0.00723474 0.389671 0.000522489 0.00965262 0.000638131 0.323572 0.058577 0.000752043 0.0397536 0.00318404 0.0347505 
0.0275424 0.0887773 0.0136822 0.194536 0.268736 0.0125017 0.0132692 0.004105 0.0058652 0.0860618 0.00216996 0.204839 0.00902587 0.0688885 
0.00376931 0.0207255 0.0289751 0.0497624 0.630725 0.000200301 6.43234e-05 0.0025684 0.0198377 0.116958 0.0509971 0.046631 0.0136031 0.0151827 
0.0215129 0.191586 0.0089947 0.0889613 0.222439 0.000208757 0.00931435 0.00350177 0.00573785 0.135895 0.0282458 0.0571515 0.00501524 0.221436 
0.0146583 0.0154516 0.0353084 0.0384689 0.733772 0.00025777 6.30519e-05 0.00279001 0.0341015 0.0782303 0.00294257 0.0211157 0.00704398 0.0157963 
0.0100575 0.0394226 0.027179 0.0739742 0.539423 0.000106326 0.000467777 0.00016663 0.0258638 0.166415 0.0140096 0.0664556 0.00559181 0.0308678 
0.00788803 0.0102298 0.00686246 0.0310845 0.799809 0.000331826 3.95999e-05 0.0012948 0.00399686 0.0689687 0.000134783 0.0286307 0.0280058 0.0127227 
0.0147565 0.0508637 0.0390439 0.0784824 0.343036 0.000329387 0.00140876 0.00852922 0.00475745 0.27009 0.0173426 0.111368 0.00492147 0.055071 
0.086548 0.0388714 0.0601002 0.0636056 0.393414 3.36179e-05 0.000764775 0.00108855 0.0135699 0.142445 0.00336966 0.141395 0.0273423 0.0274525 
0.00631829 0.0459011 0.0472658 0.128297 0.44257 0.00126153 8.44192e-05 0.0177578 0.0129677 0.0904706 0.000137583 0.0477059 0.0321237 0.127139 
0.0316152 0.184599 0.010027 0.102479 0.215395 7.65362e-05 0.0282988 0.000614899 0.133063 0.152463 0.00457934 0.110634 0.00205616 0.0240996 
0.0328506 0.0522611 0.00581454 0.0460052 0.608731 0.000178982 0.00433375 0.00278891 0.0101743 0.127814 0.00029364 0.0452234 0.0101223 0.0534085 
0.0733744 0.155313 0.0107929 0.0331913 0.480475 0.000221442 0.0117918 0.00500544 0.0898143 0.0659999 0.0181095 0.0282984 0.00199264 0.02562 
0.0366111 0.060852 0.0160203 0.0254112 0.306411 0.0256912 0.0140045 0.000526496 0.00423073 0.166122 0.0122411 0.0445491 0.0131423 0.274187 
0.0859909 0.0711399 0.00873852 0.0354839 0.394959 0.000512746 0.00231358 0.000281104 0.00361023 0.285704 0.00463668 0.0289895 0.0513167 0.0263224 
0.01974 0.189292 0.00891437 0.0651876 0.465062 0.000240566 0.00736962 0.0152388 0.0178285 0.104705 0.0128762 0.0315153 0.0035662 0.058464 
0.321328 0.0659198 0.0116763 0.0331632 0.334857 6.12874e-05 0.0111195 0.000473955 0.0107745 0.105728 0.00234888 0.0224188 0.00301422 0.0771158 
0.0257732 0.0610192 0.0173189 0.0653755 0.421974 0.000230241 0.000316317 0.00343611 0.0123695 0.190246 0.000944108 0.127628 0.0178175 0.0555516 
0.00783775 0.1117 0.0106733 0.159317 0.168493 0.00140469 0.0421206 0.0652693 0.00253918 0.124364 0.0448659 0.0699558 0.0675978 0.123862 
0.0102364 0.0269696 0.0983199 0.0725766 0.410827 0.000201531 0.000571025 0.00351636 0.0483747 0.1176 0.00394014 0.124961 0.0261533 0.0557525 
0.0111455 0.0388032 0.00382163 0.0468115 0.528732 0.000183718 0.000333965 0.00146527 0.0331566 0.234377 0.000510635 0.0740072 0.0099148 0.016737 
0.0019936 0.0183976 0.0176453 0.0167568 0.670992 0.00156024 7.69293e-05 0.000992299 0.000192295 0.0991333 0.00425876 0.0316954 0.0325103 0.103795 
0.0115986 0.0604089 0.0306013 0.088377 0.261765 0.0181365 0.00391887 0.00129517 0.010405 0.204426 0.0324434 0.0392463 0.189487 0.0478912 
0.0245515 0.0969606 0.0151115 0.0715866 0.474068 0.000160404 0.000975128 0.030915 0.0056529 0.122809 0.00342917 0.108689 0.0169074 0.0281832 
0.000863385 0.00302872 0.0200608 0.0471013 0.763313 0.000802176 5.25239e-05 0.00242858 0.0016647 0.115781 0.0126407 0.0243708 0.00513079 0.00276109 
0.0267386 0.0325452 0.00185683 0.0453417 0.367612 0.00416769 8.15752e-06 0.024392 0.0013984 0.295783 0.000374652 0.0404768 0.148868 0.0104368 
0.0519142 0.232386 0.00216629 0.0824365 0.341821 1.14513e-05 0.0163729 0.00321669 0.0606735 0.089986 0.00280386 0.0146659 0.000260837 0.101285 
0.0859909 0.0711399 0.00873852 0.0354839 0.394959 0.000512746 0.00231358 0.000281104 0.00361023 0.285704 0.00463668 0.0289895 0.0513167 0.0263224 
0.0210829 0.0637652 0.0289695 0.125142 0.275757 0.000410508 0.0025999 0.00199784 0.0131073 0.234435 0.00450284 0.152218 0.0160545 0.0599569 
0.143467 0.0175464 0.0138444 0.0670189 0.495585 6.42656e-05 0.0095575 0.00167189 0.0215577 0.0216865 0.000269234 0.142838 0.0106522 0.0542407 
0.00147679 0.0870782 0.018637 0.0258599 0.671814 5.85577e-05 3.17321e-05 0.000945985 0.00804188 0.111558 0.0154905 0.0438122 0.00365455 0.0115402 
0.114982 0.109445 0.0411221 0.0307565 0.36987 0.00062663 0.0570127 0.00414983 0.0877044 0.100035 0.00990431 0.037492 0.00299709 0.0339032 
0.0193334 0.133425 0.0385248 0.025762 0.355897 4.64595e-05 0.166754 0.000493351 0.0633259 0.109533 0.0272791 0.0515741 0.00176913 0.0062826 
0.0461934 0.217043 0.0329177 0.0373283 0.35736 0.000641026 0.0112805 0.00397233 0.0180332 0.165181 0.0294838 0.041299 0.00439772 0.0348697 
0.0505773 0.0605917 0.0572057 0.0303292 0.465769 0.00552474 0.000158203 0.000565564 0.00409237 0.211938 0.00378553 0.0762906 0.0116346 0.0215374 
0.0505678 0.0626457 0.0129582 0.0317894 0.613371 0.000169935 0.00625264 0.00115058 0.0668764 0.103983 0.00261397 0.016989 0.00377338 0.0268585 
0.0594626 0.124777 0.0318861 0.0782903 0.330336 0.00012459 0.000157578 0.000669825 0.00453518 0.224188 0.0197364 0.0862132 0.0194866 0.0201367 
0.00657656 0.00548455 0.0133091 0.0320473 0.712848 0.000202246 2.42452e-06 7.11602e-05 0.000323467 0.172431 0.0124063 0.0227864 0.00609203 0.0154189 
0.0314405 0.0261542 0.00641962 0.0279134 0.520319 8.91666e-05 0.00111796 0.189602 0.0491091 0.0421481 0.000113682 0.0707656 0.000849747 0.0339574 
0.0463509 0.0608633 0.00673705 0.0344489 0.60285 6.22297e-05 0.000193176 0.00861551 0.0223885 0.142592 0.0143192 0.0414538 0.0020735 0.0170521 
0.0199518 0.0908658 0.0600121 0.10203 0.390066 0.000330819 0.00393436 0.00113048 0.00676806 0.210241 0.0532976 0.0476698 0.00336899 0.0103323 
0.00451304 0.00946273 0.148728 0.00337131 0.728786 4.9843e-05 2.78886e-05 2.19647e-05 0.00021465 0.0220273 3.84922e-05 0.0800767 0.000736949 0.00194482 
0.00903054 0.0423315 0.0246554 0.0829771 0.593784 0.00032628 3.73929e-05 0.0730207 0.00941296 0.0969773 0.000282536 0.0542805 0.00189854 0.010985 
0.0147622 0.0182539 0.00356787 0.113675 0.444936 0.000142358 2.53961e-05 0.00456719 0.00612387 0.222311 0.000215464 0.0553123 0.0300799 0.0860273 
0.0195486 0.130103 6.70915e-06 2.49342e-05 0.6257 4.38557e-06 3.72945e-07 5.81057e-06 2.57775e-05 3.81996e-05 3.35487e-05 0.224483 9.98917e-06 1.57764e-05 
0.0178398 0.00797119 0.00461224 0.0637296 0.566321 0.00192547 1.64503e-05 0.000499272 0.00416538 0.212307 0.0184473 0.0438129 0.0120449 0.046307 
0.0224512 0.0823166 0.00663574 0.0341352 0.568646 0.000104551 0.00512983 0.015597 0.155876 0.054362 0.0155963 0.0154213 0.00458191 0.0191467 
0.0101504 0.0332731 0.00331453 0.0277718 0.600902 0.0170081 2.95273e-05 0.000686184 0.0557399 0.148636 0.000772955 0.0467849 0.0204708 0.0344597 
0.053182 0.0609345 0.0440536 0.14704 0.213538 0.000162536 0.000726839 0.00749002 0.0302731 0.161779 0.00471536 0.139725 0.0311905 0.10519 
0.00110673 0.0358034 0.0134432 0.0140235 0.584226 0.00257682 0.000386488 0.000393832 0.0020958 0.227098 0.0664976 0.0167569 0.00443512 0.031157 
0.0159621 0.0616892 0.00295332 0.0215522 0.442327 0.000408524 1.88217e-05 7.05399e-05 0.00143315 0.394921 0.00131157 0.0257042 0.0111653 0.0204833 
0.0123882 0.0823596 0.0294901 0.0422036 0.256233 0.00271771 0.000717052 0.000750609 0.00612711 0.236283 0.0236067 0.217283 0.0501679 0.0396722 
0.0673827 0.13743 0.0086647 0.0590338 0.340034 9.26107e-05 0.129397 0.00191232 0.0191248 0.109758 0.0452216 0.0359346 0.00548727 0.0405262 
0.00614386 0.0250335 0.00287853 0.084224 0.544134 7.01118e-07 2.50802e-05 0.00141547 0.0148125 0.281611 3.37811e-06 0.0314399 0.00473855 0.00353919 
0.0327984 0.0779363 0.0109511 0.0388351 0.505718 0.00027291 0.000631847 0.00136429 0.0211908 0.157343 0.00159516 0.107762 0.0102647 0.0333367 
0.0272487 0.108377 0.0277614 0.142499 0.260042 0.000159396 0.0296624 0.0136683 0.00795453 0.165561 0.00892068 0.152539 0.0155593 0.0400464 
0.00442487 0.047266 0.00596397 0.0187688 0.631221 0.000243078 3.79918e-05 0.00171941 0.00660582 0.140114 0.00983822 0.105509 0.00748293 0.0208045 
0.00666852 0.0428273 0.0353369 0.106568 0.487719 0.000266774 0.000359719 0.0012427 0.00209719 0.130199 0.00966095 0.109088 0.0067723 0.0611936 
0.0612072 0.137727 0.0138836 0.0547118 0.353788 0.00266515 0.00630449 0.00630373 0.0111068 0.227552 0.0174082 0.0593587 0.0241072 0.0238759 
