0.000799157 0.0277066 0.00030111 0.0554035 0.0623823 2.22756e-06 2.98266e-06 0.799101 0.00124816 0.00568785 0.000283513 0.0300109 0.000165522 0.0169052 
0.0139511 0.0374016 0.0518536 0.223902 0.0402404 9.80572e-05 0.00172147 0.428656 0.0115792 0.0468362 0.00194361 0.0721772 0.0220484 0.0475912 
0.0674686 0.0282661 0.00566529 0.0150705 0.034138 7.70757e-06 0.00506154 0.414192 0.0657697 0.206005 0.0211716 0.0767702 0.0101845 0.050229 
0.0102662 0.0471837 0.0131626 0.0871867 0.0868971 1.58216e-05 0.00031705 0.522886 0.00359494 0.0278805 0.000121197 0.139474 0.00737811 0.0536358 
0.022872 0.0741301 0.0162658 0.136451 0.127829 0.000525109 0.00267379 0.305632 0.123409 0.0719799 0.00767317 0.0664967 0.00504467 0.039018 
0.0112895 0.225129 0.00167602 0.012164 0.0318705 3.6289e-05 0.00386557 0.658388 0.00621466 0.0357776 0.00159178 0.0012898 0.00119735 0.0095094 
0.00572815 0.0825893 0.0372592 0.0782599 0.229425 0.000968411 0.00128476 0.321055 0.058806 0.0930517 0.0111713 0.0521742 0.00385365 0.024373 
0.0114301 0.0301401 0.00080239 0.099839 0.0942597 2.40978e-05 2.7969e-05 0.662087 0.00385146 0.0167929 0.00282005 0.0445736 0.00672716 0.026625 
0.0223746 0.106733 0.00383177 0.184849 0.114767 2.84898e-05 0.00188137 0.238688 0.102559 0.0552822 0.00199977 0.098774 0.00231402 0.0659185 
7.40067e-05 6.52931e-07 1.12155e-06 0.000908662 0.00121034 9.65656e-06 1.72767e-06 0.99713 0.000161408 5.44476e-05 5.00933e-06 0.00015371 2.23785e-06 0.000287309 
0.0145878 0.142302 0.0273113 0.14231 0.111633 0.00426732 0.00883236 0.156668 0.149078 0.0988954 0.000878049 0.0751524 0.0132711 0.0548136 
0.0170184 0.0326092 0.00207792 0.0407305 0.129936 0.00718437 1.16126e-05 0.632991 0.0285854 0.0349964 0.0182155 0.0195034 0.00145739 0.0346827 
0.00517868 0.269714 0.00215072 0.109786 0.0146457 0.0018407 0.000138897 0.332701 0.0819729 0.073671 0.00163982 0.0449246 0.00105762 0.0605785 
0.0107553 0.0479086 0.0442039 0.0408696 0.341009 0.000674247 0.00492448 0.362225 0.0189834 0.0416124 0.00204816 0.0520813 0.00403491 0.0286695 
0.00795513 0.040377 0.0824014 0.214209 0.0782335 0.000369311 0.000134617 0.390078 0.000493063 0.059856 0.00366767 0.0926798 0.00781863 0.0217268 
0.010627 0.00933818 0.00059445 0.0892613 0.0768072 2.77633e-06 5.39372e-06 0.743165 0.00681458 0.0183379 0.00144919 0.0205894 0.00367112 0.0193363 
0.0362436 0.0303718 0.10075 0.0485592 0.069542 0.000179217 0.00463412 0.194483 0.0378917 0.184102 0.0120877 0.177741 0.0510706 0.052344 
0.00299106 0.154164 0.0447873 0.080756 0.189652 0.000377739 0.0382817 0.200906 0.000159228 0.186975 0.00143661 0.0793285 0.00506527 0.0151198 
0.0278622 0.0833013 0.0170429 0.196441 0.0375452 8.20923e-05 0.0019231 0.38265 0.0121005 0.0898104 0.00188131 0.0663336 0.00340949 0.0796169 
0.0188969 0.0602121 0.0129232 0.244126 0.0453179 4.06759e-05 0.0191191 0.264232 0.00813322 0.143842 0.0022276 0.120803 0.0184357 0.0416909 
0.0114843 0.101423 0.00312708 0.0819455 0.177116 3.70001e-05 0.000144636 0.465492 0.0013354 0.045441 0.000408173 0.0566491 0.0114201 0.0439768 
0.0660791 0.0312975 0.00875595 0.0172917 0.0353582 4.72858e-05 0.00799375 0.391963 0.0660885 0.209415 0.023243 0.0792878 0.011461 0.0517182 
0.0660791 0.0312975 0.00875595 0.0172917 0.0353582 4.72858e-05 0.00799375 0.391963 0.0660885 0.209415 0.023243 0.0792878 0.011461 0.0517182 
0.0123531 0.185509 0.0275358 0.190366 0.153336 0.0119419 3.75391e-05 0.217742 0.0111965 0.0407094 0.00749863 0.0303604 0.00436589 0.107048 
0.0142485 0.0369071 0.00111135 0.08174 0.262288 5.97652e-06 2.38125e-05 0.49576 0.0121714 0.0261701 0.00698449 0.0222976 0.00494717 0.0353454 
0.0131349 0.075909 0.0294938 0.106424 0.0351461 0.000100544 0.0796865 0.365447 0.104319 0.0411586 0.000167542 0.0394354 0.00935865 0.100219 
0.0241762 0.042507 0.00906381 0.0494018 0.0667563 0.00284486 0.0123946 0.371145 0.0195073 0.026517 0.00262972 0.0181071 0.0045647 0.350384 
0.0211921 0.213268 0.00192355 0.0385652 0.00620529 7.95995e-05 0.00901004 0.514101 0.107972 0.0138101 0.00182287 0.00920454 0.00158926 0.0612555 
0.00851518 0.103136 0.00352516 0.18304 0.196934 0.000252631 0.00221421 0.218062 0.00440884 0.167462 0.0158509 0.0367675 0.00406138 0.0557699 
0.0660791 0.0312975 0.00875595 0.0172917 0.0353582 4.72858e-05 0.00799375 0.391963 0.0660885 0.209415 0.023243 0.0792878 0.011461 0.0517182 
0.0660791 0.0312975 0.00875595 0.0172917 0.0353582 4.72858e-05 0.00799375 0.391963 0.0660885 0.209415 0.023243 0.0792878 0.011461 0.0517182 
0.0660791 0.0312975 0.00875595 0.0172917 0.0353582 4.72858e-05 0.00799375 0.391963 0.0660885 0.209415 0.023243 0.0792878 0.011461 0.0517182 
0.0660791 0.0312975 0.00875595 0.0172917 0.0353582 4.72858e-05 0.00799375 0.391963 0.0660885 0.209415 0.023243 0.0792878 0.011461 0.0517182 
0.0605258 0.10016 0.0031505 0.170363 0.182199 1.02579e-05 0.000253603 0.284183 0.0395976 0.0317393 4.32653e-05 0.067709 0.00518655 0.0548784 
0.00731184 0.0346396 0.00252345 0.0842192 0.288732 1.71793e-05 0.00115717 0.446872 0.0104092 0.0392391 0.000637229 0.0288651 0.045401 0.00997649 
0.0660791 0.0312975 0.00875595 0.0172917 0.0353582 4.72858e-05 0.00799375 0.391963 0.0660885 0.209415 0.023243 0.0792878 0.011461 0.0517182 
0.0283927 0.0878267 0.0131579 0.0870325 0.103912 0.000166935 0.00220883 0.433996 0.00920091 0.137768 0.00197093 0.0501511 0.0111043 0.033111 
0.0660791 0.0312975 0.00875595 0.0172917 0.0353582 4.72858e-05 0.00799375 0.391963 0.0660885 0.209415 0.023243 0.0792878 0.011461 0.0517182 
0.0195559 0.00453753 0.0134746 0.169464 0.183885 0.000402983 0.000147321 0.33969 0.000423816 0.0418493 0.00106497 0.111995 0.00542036 0.108089 
0.0177752 0.0271916 0.00342146 0.201225 0.0485133 0.000427903 0.000815609 0.562535 0.0430629 0.0212244 0.000634525 0.0448484 0.010332 0.0179919 
0.00706926 0.0560196 0.0026441 0.197769 0.206392 5.5862e-05 0.000167128 0.350303 0.00588876 0.031678 0.00120797 0.0798815 0.00648198 0.054442 
0.00843356 0.048432 0.0232695 0.0567015 0.35457 0.000140446 0.00292247 0.368084 0.0108375 0.0546274 0.00911916 0.0391357 0.00656579 0.0171608 
0.0660791 0.0312975 0.00875595 0.0172917 0.0353582 4.72858e-05 0.00799375 0.391963 0.0660885 0.209415 0.023243 0.0792878 0.011461 0.0517182 
0.00528363 0.106947 0.000894995 0.0570893 0.233015 3.42398e-05 0.000145119 0.288541 0.00536648 0.0657014 0.00071817 0.107564 0.00126639 0.127434 
0.0156727 0.0629662 0.0189079 0.106749 0.0661168 0.00141487 0.00494685 0.316325 0.127133 0.0725142 0.00886548 0.0603246 0.0140564 0.124006 
0.0257722 0.0132685 0.00745062 0.0827485 0.150825 0.000565831 0.000466645 0.274949 0.114049 0.011269 9.57829e-06 0.274289 0.000840484 0.0434971 
0.0485691 0.0822942 0.00147075 0.182473 0.0614037 1.21334e-05 0.0168113 0.355401 0.00155427 0.0108496 1.34021e-05 0.193635 0.00854166 0.0369718 
0.0275134 0.0387646 0.00243905 0.0912199 0.0872589 1.0746e-05 0.000242946 0.613473 0.00686955 0.0243528 0.000670511 0.0570678 0.0291767 0.0209405 
0.0660791 0.0312975 0.00875595 0.0172917 0.0353582 4.72858e-05 0.00799375 0.391963 0.0660885 0.209415 0.023243 0.0792878 0.011461 0.0517182 
0.0337678 0.119447 0.00690671 0.101952 0.190764 0.00324901 0.00138888 0.227692 0.00402122 0.0959042 0.000333841 0.0342256 0.00406793 0.17628 
0.00764424 0.102851 0.0151951 0.121866 0.0366709 0.000281583 0.00211497 0.537996 0.0311556 0.0345827 0.00580294 0.0287917 0.0136038 0.0614429 
0.0660791 0.0312975 0.00875595 0.0172917 0.0353582 4.72858e-05 0.00799375 0.391963 0.0660885 0.209415 0.023243 0.0792878 0.011461 0.0517182 
0.0473263 0.0553049 0.0721696 0.189259 0.078975 8.84204e-05 0.0165002 0.226143 0.00205844 0.0600388 0.00121294 0.0465902 0.054143 0.150191 
0.0283927 0.0878267 0.0131579 0.0870325 0.103912 0.000166935 0.00220883 0.433996 0.00920091 0.137768 0.00197093 0.0501511 0.0111043 0.033111 
0.0169361 0.125014 0.0308385 0.0988568 0.0640252 0.000178627 0.0712261 0.218788 0.182214 0.0628346 0.000477419 0.0581382 0.0088466 0.0616254 
0.0183974 0.134484 0.0215276 0.0954848 0.0588988 6.65083e-05 0.0674479 0.238961 0.182646 0.0551395 0.000850229 0.0653949 0.00707977 0.0536217 
1.07916e-07 0.0701381 0.000146687 0.332784 0.0735119 3.18743e-09 5.70267e-10 0.415349 0.000823737 2.78267e-08 1.65348e-09 0.067049 0.0138237 0.0263733 
0.00629459 0.0288396 0.00321058 0.171867 0.318366 1.74753e-05 1.09412e-05 0.345194 0.00289925 0.0336277 0.0139753 0.0201587 0.00386333 0.0516748 
0.0145535 0.175587 0.00582371 0.11324 0.0528623 0.000129936 0.00029433 0.462346 0.00837513 0.0659851 0.00163278 0.0427364 0.00127718 0.0551567 
0.0886512 0.03897 0.00831347 0.109388 0.139804 0.000120222 0.00243199 0.242462 0.00787504 0.0865303 0.0011436 0.197043 0.00889644 0.0683709 
0.00367236 0.229545 0.0106806 0.261609 0.0277942 0.00160848 0.00142269 0.328487 0.00127919 0.0486838 0.00359256 0.0201043 0.00201975 0.0595017 
0.00756315 0.0445433 0.00578177 0.150132 0.0328073 0.000115778 0.00321088 0.4183 0.00955926 0.0323563 8.73421e-05 0.10499 0.00765448 0.182899 
0.0256934 0.187895 0.0128964 0.0924673 0.201836 0.00178698 0.000751715 0.228798 0.00197949 0.0936106 0.00331277 0.130808 0.0042424 0.0139221 
0.00337947 0.0992589 0.0588374 0.091631 0.23137 0.000431072 0.00277342 0.311292 0.022743 0.0784355 0.0151015 0.0606864 0.00326204 0.0207983 
0.00747398 0.16129 0.00543864 0.0788742 0.144626 0.000446727 0.00167556 0.408205 0.00129903 0.106112 0.0208524 0.0423797 0.0032586 0.0180685 
0.0660791 0.0312975 0.00875595 0.0172917 0.0353582 4.72858e-05 0.00799375 0.391963 0.0660885 0.209415 0.023243 0.0792878 0.011461 0.0517182 
0.0660791 0.0312975 0.00875595 0.0172917 0.0353582 4.72858e-05 0.00799375 0.391963 0.0660885 0.209415 0.023243 0.0792878 0.011461 0.0517182 
0.00577296 0.17261 0.00505861 0.180802 0.0202967 0.000573009 0.0167585 0.377121 0.0123786 0.032715 0.000260849 0.0579066 0.00928992 0.108457 
0.0071858 0.13919 0.00272145 0.278226 0.154564 2.13671e-06 9.00331e-05 0.332337 0.00364839 0.0318654 9.27475e-05 0.0240015 0.0100398 0.0160366 
0.0181573 0.0149882 0.0317808 0.167413 0.0139111 1.62778e-05 1.00274e-05 0.683528 0.000944507 0.020568 6.08355e-05 0.0168304 0.00144889 0.030343 
0.000530543 0.211349 0.0498483 0.172551 0.166294 4.46219e-05 7.20683e-06 0.266313 0.000278918 0.0277078 0.013029 0.0395684 0.00983142 0.0426475 
0.0088182 0.181133 0.0178939 0.239766 0.10105 0.000157054 9.61683e-05 0.338063 0.000328784 0.0443236 0.000130089 0.0269118 0.00350164 0.0378272 
0.0211921 0.213268 0.00192355 0.0385652 0.00620529 7.95995e-05 0.00901004 0.514101 0.107972 0.0138101 0.00182287 0.00920454 0.00158926 0.0612555 
0.00261841 0.0855273 0.0687551 0.0937438 0.215437 0.000554401 0.000261747 0.295988 0.0515693 0.0518907 0.000288203 0.069415 0.0023409 0.0616101 
0.0299352 0.0645907 0.00573657 0.0460585 0.250252 0.0030167 0.00478941 0.280076 0.0326663 0.120109 0.0157862 0.0620863 0.00444834 0.0804485 
0.00277768 0.026782 0.00466731 0.0157283 0.0212715 2.29651e-05 0.0042774 0.641081 0.0030863 0.0127488 0.000505073 0.00828033 0.000307415 0.258464 
0.0218971 0.124826 0.0090027 0.0700288 0.117372 3.35913e-05 0.00416655 0.391697 0.141367 0.0253786 0.00508809 0.0640269 0.00614843 0.0189681 
0.0283927 0.0878267 0.0131579 0.0870325 0.103912 0.000166935 0.00220883 0.433996 0.00920091 0.137768 0.00197093 0.0501511 0.0111043 0.033111 
0.00249237 0.197899 0.0326296 0.105525 0.059961 3.56454e-05 0.000436464 0.275078 0.000509079 0.155785 0.000321604 0.157737 0.000707457 0.0108812 
0.00579161 0.0586247 0.0161495 0.189559 0.0669171 0.000302344 0.00408727 0.39052 0.00961823 0.0248939 0.00695076 0.0427063 0.00143217 0.182447 
0.0660791 0.0312975 0.00875595 0.0172917 0.0353582 4.72858e-05 0.00799375 0.391963 0.0660885 0.209415 0.023243 0.0792878 0.011461 0.0517182 
2.01287e-05 0.261166 0.000487223 0.215979 0.0648292 9.30483e-06 2.12323e-05 0.44648 0.000590224 0.00379148 0.000675655 0.00306961 2.18559e-05 0.00285841 
0.00383226 0.150245 0.0208932 0.121587 0.155579 8.59386e-05 0.00210559 0.363353 0.0108101 0.0603271 0.00144719 0.0759404 0.0060737 0.02772 
0.0660791 0.0312975 0.00875595 0.0172917 0.0353582 4.72858e-05 0.00799375 0.391963 0.0660885 0.209415 0.023243 0.0792878 0.011461 0.0517182 
0.0137238 0.0111897 0.00839118 0.138547 0.105899 2.05324e-06 1.51629e-05 0.621505 0.00440717 0.0536352 9.70798e-06 0.0268501 0.00842094 0.0074038 
4.84653e-06 0.000566024 9.83776e-08 0.00712798 0.00400502 4.06201e-07 5.36243e-07 0.98558 4.9188e-05 0.00120294 1.27444e-07 0.00101118 1.25281e-10 0.000451296 
0.020837 0.121802 0.00881972 0.0945692 0.134119 3.33563e-06 0.00269624 0.344756 0.185437 0.0301156 0.0131988 0.0118219 0.00244263 0.0293811 
0.0660791 0.0312975 0.00875595 0.0172917 0.0353582 4.72858e-05 0.00799375 0.391963 0.0660885 0.209415 0.023243 0.0792878 0.011461 0.0517182 
0.0657475 0.0841075 0.0303794 0.117537 0.110904 0.000187413 0.000510685 0.265606 0.00196812 0.0385612 0.0308577 0.179909 0.0133126 0.0604118 
0.138819 0.105829 0.01247 0.0315223 0.0346094 6.72323e-05 0.0898167 0.199123 0.0500107 0.178336 0.0181252 0.0764367 0.00977008 0.0550636 
0.0201549 0.00496989 0.0110961 0.00811321 0.212483 2.16533e-06 0.000715312 0.666887 0.000245691 0.0462115 3.04905e-06 0.02541 7.20568e-06 0.0037011 
0.0660791 0.0312975 0.00875595 0.0172917 0.0353582 4.72858e-05 0.00799375 0.391963 0.0660885 0.209415 0.023243 0.0792878 0.011461 0.0517182 
0.0660791 0.0312975 0.00875595 0.0172917 0.0353582 4.72858e-05 0.00799375 0.391963 0.0660885 0.209415 0.023243 0.0792878 0.011461 0.0517182 
0.0041407 0.0302987 0.00173778 0.0943842 0.110201 4.0496e-05 0.000498219 0.588008 0.00188754 0.0182153 0.0019219 0.0471383 0.0633005 0.0382272 
0.00184148 0.0834581 0.00783073 0.142898 0.0859155 0.000123041 1.11459e-05 0.487983 0.00167603 0.112946 0.00520131 0.040485 0.00200136 0.0276296 
0.00314217 0.0721808 0.00764497 0.0271886 0.0275167 0.000178049 3.32011e-05 0.47849 0.0612641 0.0140318 7.08557e-05 0.235472 0.0582076 0.0145795 
0.015685 0.0369355 0.00279954 0.114254 0.181315 4.39434e-06 0.00105975 0.499667 0.00563605 0.0405214 0.00236644 0.0446062 0.00913437 0.0460151 
0.00978771 0.0472227 0.00564643 0.0965287 0.209563 0.000307437 0.000521309 0.511783 0.0123116 0.0333178 0.00757819 0.0214196 0.00578334 0.0382285 
0.0660791 0.0312975 0.00875595 0.0172917 0.0353582 4.72858e-05 0.00799375 0.391963 0.0660885 0.209415 0.023243 0.0792878 0.011461 0.0517182 
0.0660791 0.0312975 0.00875595 0.0172917 0.0353582 4.72858e-05 0.00799375 0.391963 0.0660885 0.209415 0.023243 0.0792878 0.011461 0.0517182 
0.0660791 0.0312975 0.00875595 0.0172917 0.0353582 4.72858e-05 0.00799375 0.391963 0.0660885 0.209415 0.023243 0.0792878 0.011461 0.0517182 
0.0660791 0.0312975 0.00875595 0.0172917 0.0353582 4.72858e-05 0.00799375 0.391963 0.0660885 0.209415 0.023243 0.0792878 0.011461 0.0517182 
0.0180023 0.0383107 0.0122942 0.222829 0.0564899 0.000280089 0.109672 0.23094 0.0111916 0.0623834 0.00157327 0.135993 0.0294544 0.0705863 
0.00997735 0.040103 0.0254109 0.0811994 0.0529148 3.08314e-05 5.68299e-06 0.654387 0.00073034 0.0116275 0.000152719 0.0781934 0.00448054 0.0407867 
0.00861099 0.0769256 0.015059 0.230398 0.0124559 0.00072914 1.76088e-06 0.516867 0.000700835 0.0470333 8.29664e-07 0.0500259 0.00203235 0.0391586 
0.0173339 0.0389514 4.9756e-10 0.294457 0.00540509 4.28401e-09 7.66457e-10 0.328022 1.74247e-06 0.063261 2.22233e-09 0.252568 9.92793e-10 3.74096e-10 
0.0223638 0.0202317 0.00386147 0.17244 0.195435 0.000108663 4.13044e-05 0.321581 0.0184008 0.0401479 4.81e-08 0.177626 0.000921703 0.0268409 
0.0660791 0.0312975 0.00875595 0.0172917 0.0353582 4.72858e-05 0.00799375 0.391963 0.0660885 0.209415 0.023243 0.0792878 0.011461 0.0517182 
0.0660791 0.0312975 0.00875595 0.0172917 0.0353582 4.72858e-05 0.00799375 0.391963 0.0660885 0.209415 0.023243 0.0792878 0.011461 0.0517182 
0.00410655 0.179093 0.0216584 0.220957 0.0568738 0.00849952 0.0377991 0.332711 0.018298 0.0190058 0.0014944 0.0302562 0.000583002 0.0686637 
0.0164721 0.126353 0.0257369 0.0993963 0.0649579 6.33187e-05 0.0668102 0.226516 0.186803 0.0616821 0.000296782 0.0563803 0.00814375 0.0603885 
0.0660791 0.0312975 0.00875595 0.0172917 0.0353582 4.72858e-05 0.00799375 0.391963 0.0660885 0.209415 0.023243 0.0792878 0.011461 0.0517182 
0.00586443 0.0787862 0.00187312 0.183903 0.137067 2.46288e-05 0.0005227 0.478838 0.0121641 0.0254533 0.00212268 0.0296424 0.0088392 0.034899 
0.000267985 0.122654 0.000361017 0.0420328 0.0704911 2.85293e-05 0.00145523 0.722142 0.00541668 0.0026379 0.000121385 0.0214938 0.00566755 0.00523006 
0.0660791 0.0312975 0.00875595 0.0172917 0.0353582 4.72858e-05 0.00799375 0.391963 0.0660885 0.209415 0.023243 0.0792878 0.011461 0.0517182 
0.0660791 0.0312975 0.00875595 0.0172917 0.0353582 4.72858e-05 0.00799375 0.391963 0.0660885 0.209415 0.023243 0.0792878 0.011461 0.0517182 
0.00752713 0.0277667 0.000581497 0.0778321 0.103247 2.1202e-05 2.43937e-05 0.736947 0.00270392 0.0116849 0.00245605 0.0146242 0.00467472 0.009909 
0.0206561 0.0326938 0.00211896 0.114353 0.201368 8.16183e-06 0.00182613 0.363738 0.175308 0.0127046 0.00145767 0.0182798 0.00311178 0.0523765 
0.0140621 0.106068 0.00689274 0.072077 0.144812 0.000103965 0.000371729 0.382329 0.00592284 0.154341 0.00756429 0.0486892 0.00534408 0.0514221 
0.0660791 0.0312975 0.00875595 0.0172917 0.0353582 4.72858e-05 0.00799375 0.391963 0.0660885 0.209415 0.023243 0.0792878 0.011461 0.0517182 
0.0660791 0.0312975 0.00875595 0.0172917 0.0353582 4.72858e-05 0.00799375 0.391963 0.0660885 0.209415 0.023243 0.0792878 0.011461 0.0517182 
0.0660791 0.0312975 0.00875595 0.0172917 0.0353582 4.72858e-05 0.00799375 0.391963 0.0660885 0.209415 0.023243 0.0792878 0.011461 0.0517182 
0.0231594 0.130022 2.9752e-10 0.0752981 0.0489969 9.97452e-07 2.57173e-06 0.667669 8.01346e-10 1.47875e-09 1.32886e-09 0.00321307 5.93648e-10 0.0516381 
0.0660791 0.0312975 0.00875595 0.0172917 0.0353582 4.72858e-05 0.00799375 0.391963 0.0660885 0.209415 0.023243 0.0792878 0.011461 0.0517182 
0.00834492 0.00794644 0.19435 0.0417447 0.173898 0.000101813 8.43682e-05 0.31054 0.00876959 0.131058 0.000476989 0.0796138 0.00449549 0.0385754 
0.0111924 0.126563 0.0025453 0.158953 0.118025 0.000198148 0.001875 0.22293 0.00340772 0.0896595 0.00232088 0.0619904 0.00347011 0.196868 
0.0660791 0.0312975 0.00875595 0.0172917 0.0353582 4.72858e-05 0.00799375 0.391963 0.0660885 0.209415 0.023243 0.0792878 0.011461 0.0517182 
0.00876863 0.0237363 0.00566077 0.13115 0.0907909 0.000674262 0.000322178 0.622674 0.0382002 0.0306756 0.00118495 0.025269 0.00196694 0.0189262 
0.0117454 0.0454385 0.0327802 0.0846787 0.0557641 0.000155065 8.68544e-05 0.621899 0.00139961 0.016775 0.000262583 0.079858 0.00518759 0.0439696 
0.143388 0.0355677 0.0175434 0.147248 0.0797173 0.000628059 0.0220749 0.284719 0.00261059 0.0448764 0.00178279 0.205276 0.00818329 0.00638477 
0.0144155 0.212558 0.00909959 0.115045 0.14058 0.0416194 0.00101037 0.223464 0.0218153 0.0733731 0.00633471 0.0271631 0.00278714 0.110735 
0.00141453 0.00488493 0.0151254 0.260541 0.0416821 0.000320319 0.0139472 0.415895 0.00141084 0.0517997 0.000142104 0.0540429 0.117055 0.0217386 
0.0223746 0.106733 0.00383177 0.184849 0.114767 2.84898e-05 0.00188137 0.238688 0.102559 0.0552822 0.00199977 0.098774 0.00231402 0.0659185 
0.0155969 0.0556789 0.000269377 0.0757868 0.136936 4.87371e-06 5.65414e-06 0.552878 0.00030689 0.124682 0.000209144 0.0186992 0.000308665 0.0186377 
0.1332 0.0169228 0.00735736 0.247829 0.0129367 9.78181e-06 0.000878375 0.264749 3.6375e-05 0.0615766 1.06553e-05 0.116895 0.00739632 0.130202 
1.0966e-05 0.0252769 0.000260276 0.0908341 0.189449 7.12692e-06 1.63682e-06 0.577486 0.00138792 0.00621659 3.18741e-06 0.0575693 0.00142389 0.0500735 
0.0660791 0.0312975 0.00875595 0.0172917 0.0353582 4.72858e-05 0.00799375 0.391963 0.0660885 0.209415 0.023243 0.0792878 0.011461 0.0517182 
0.000103159 0.0264119 0.00303255 0.0663127 0.0123897 0.00021874 6.42921e-06 0.865923 3.12656e-05 0.00178535 0.00243422 0.00566259 0.00195566 0.0137327 
0.0126496 0.0364976 0.0119105 0.326323 0.0175522 0.000260264 0.00699553 0.355358 0.00864823 0.0270431 0.000152683 0.0840925 0.0152293 0.0972874 
0.000342282 0.00836265 0.000148969 6.89605e-05 0.0299438 1.30624e-07 4.29663e-07 0.946855 2.71831e-05 0.00142417 1.68031e-05 0.00848624 2.06565e-05 0.00430229 
0.0089737 0.0248628 0.0536055 0.155018 0.17231 0.000212726 2.83785e-05 0.313092 0.0626752 0.109425 0.00171426 0.0489861 0.0128862 0.0362108 
0.00748706 0.0990363 0.00584715 0.160276 0.121647 7.06621e-06 0.00149446 0.332852 0.0104506 0.0245185 0.000841016 0.126561 0.00760814 0.101374 
0.00316684 0.0203324 0.00237211 0.0775622 0.140285 0.000294578 0.00118051 0.62425 0.0135052 0.0201691 0.000672143 0.0487416 0.00550318 0.0419646 
0.00621066 0.146655 0.00656154 0.112418 0.202982 0.000330394 0.000930839 0.259384 0.0137193 0.0569018 0.000724133 0.0861745 0.0102829 0.0967254 
0.00011814 0.00316575 0.000887505 0.00032943 0.0241585 2.48945e-06 4.16938e-05 0.951038 0.00050343 4.13073e-07 1.2914e-06 0.0157491 5.76915e-07 0.00400355 
0.0660791 0.0312975 0.00875595 0.0172917 0.0353582 4.72858e-05 0.00799375 0.391963 0.0660885 0.209415 0.023243 0.0792878 0.011461 0.0517182 
0.0501175 0.000458412 0.00191483 0.0748287 0.0295747 1.38868e-06 0.172155 0.229383 0.00155838 0.0166099 1.89797e-05 0.0809806 0.156938 0.18546 
2.81221e-05 5.74587e-08 1.89065e-05 6.88945e-05 0.293294 8.49788e-07 1.52037e-07 0.669491 3.2635e-05 3.09086e-08 4.40827e-07 5.78452e-05 7.32385e-05 0.0369332 
0.0660791 0.0312975 0.00875595 0.0172917 0.0353582 4.72858e-05 0.00799375 0.391963 0.0660885 0.209415 0.023243 0.0792878 0.011461 0.0517182 
0.0214025 0.0532013 0.0414516 0.240953 0.0277249 0.000255534 8.92847e-05 0.38266 0.00115542 0.156968 2.53016e-05 0.0397705 0.00879295 0.025549 
0.0660791 0.0312975 0.00875595 0.0172917 0.0353582 4.72858e-05 0.00799375 0.391963 0.0660885 0.209415 0.023243 0.0792878 0.011461 0.0517182 
0.0144386 0.11963 0.0120381 0.123756 0.136765 0.000376395 0.00600401 0.288031 0.044928 0.0790349 0.000921976 0.0731901 0.0471354 0.0537503 
0.0555663 0.154001 0.0271244 0.113735 0.13862 0.000461404 0.000202584 0.212662 0.00440586 0.118337 0.00369256 0.111005 0.00684606 0.0533392 
0.0179986 0.037356 0.0118361 0.198261 0.0334636 0.00010695 2.52015e-05 0.466709 0.00660303 0.0765362 1.20639e-05 0.0499686 0.0114104 0.089713 
0.0117964 0.117272 0.0269375 0.0901812 0.174791 0.000438519 2.54881e-05 0.323855 0.0173716 0.093844 0.000914862 0.112084 0.00599165 0.0244971 
0.00170643 0.0765034 1.31446e-05 0.0360523 0.000248311 7.14396e-06 1.42034e-07 0.881461 0.000543567 0.000295245 4.11824e-07 0.000347665 0.00020817 0.00261277 
0.0221908 0.120804 0.0162801 0.125377 0.0745986 0.000131463 0.00338104 0.28133 0.00810465 0.136229 0.000330916 0.0913371 0.00623922 0.113666 
0.0267398 0.171077 0.00906231 0.226769 0.0674552 1.80015e-05 0.000167642 0.331006 0.00240159 0.0728001 0.0196444 0.0561756 0.0031463 0.0135375 
0.0660791 0.0312975 0.00875595 0.0172917 0.0353582 4.72858e-05 0.00799375 0.391963 0.0660885 0.209415 0.023243 0.0792878 0.011461 0.0517182 
0.0660791 0.0312975 0.00875595 0.0172917 0.0353582 4.72858e-05 0.00799375 0.391963 0.0660885 0.209415 0.023243 0.0792878 0.011461 0.0517182 
0.011989 0.0338539 0.038129 0.0821348 0.204168 0.00389698 0.000212542 0.49757 0.00492304 0.0584614 0.00364551 0.0244694 0.0103275 0.0262193 
0.00710564 0.0948617 0.0209603 0.0850148 0.207369 0.000310289 0.000690448 0.34812 0.0586596 0.100812 0.00294539 0.0511795 0.00276736 0.0192047 
0.0181991 0.0352867 0.00138104 0.23638 0.0740885 9.37512e-06 1.08631e-05 0.339195 0.00421168 0.0339515 0.00103254 0.0299578 0.00859147 0.217705 
0.000660456 0.0128361 0.0136121 0.0255378 0.0767981 0.000448275 4.53447e-06 0.370243 0.298412 0.0903278 0.000610224 0.0138378 0.000426963 0.0962445 
0.0198087 0.166832 0.0188284 0.263231 0.037029 0.00725225 0.000429656 0.286674 0.00920521 0.0485403 0.000552454 0.0813008 0.00181287 0.0585037 
0.00722211 0.292712 0.0206059 0.101804 0.0322082 1.64885e-05 0.0010791 0.317891 0.00545412 0.149372 0.00313594 0.0479943 0.00339075 0.0171139 
0.00514781 0.137137 0.000470387 0.198742 0.117997 0.000305776 0.0228461 0.219986 0.000159002 0.0497891 0.0120202 0.096638 0.0897798 0.0489824 
0.00658609 0.290864 0.00643012 0.149355 0.00710574 2.62649e-05 0.00191138 0.376192 0.00226451 0.0227328 0.00300426 0.0169602 0.00364689 0.11292 
0.0210033 0.09633 0.0213958 0.165918 0.102543 2.65082e-05 4.46328e-05 0.200456 0.00325625 0.121785 1.72558e-05 0.188145 0.000717641 0.0783608 
0.00116318 0.0152372 0.00380781 0.0902146 0.045808 0.000188523 6.82283e-05 0.727742 0.000147942 0.0377186 0.000202551 0.0433791 0.00143436 0.0328875 
0.0147396 0.0257255 0.00878281 0.115915 0.151243 1.32713e-05 0.000458621 0.3114 0.014168 0.0726866 5.07553e-05 0.0513807 0.0116424 0.221794 
0.00219183 0.037022 0.00227617 0.0950484 0.127805 4.57305e-06 0.0001339 0.652476 0.00166407 0.0178347 0.000447633 0.0427981 0.00590863 0.0143886 
0.00726103 0.0150919 0.029095 0.30709 0.0176197 0.000289221 0.000143507 0.434743 0.00105329 0.034086 0.00380186 0.0538994 0.00863631 0.0871903 
1.36628e-05 1.36633e-05 1.36629e-05 1.36635e-05 0.0382715 1.36542e-05 1.36623e-05 0.961565 1.3661e-05 1.36637e-05 1.36589e-05 1.36635e-05 1.36618e-05 1.36632e-05 
0.00240264 0.037374 0.000355581 0.0439194 0.0607144 0.000192137 4.23357e-05 0.750832 0.000477722 0.00243017 6.10982e-05 0.011708 0.000996037 0.0884944 
0.0135673 0.153417 0.0108974 0.26822 0.0377954 0.0125387 0.000115801 0.280228 0.00454 0.145738 0.00406298 0.0414171 0.00219996 0.0252627 
0.0171874 0.031387 0.0140579 0.13461 0.161154 6.19492e-05 0.00211476 0.320444 0.0167688 0.064933 0.000181448 0.0580577 0.0119775 0.167065 
0.0207521 0.115888 0.117236 0.0837571 0.129344 0.14993 0.00092751 0.15578 0.000778848 0.113472 9.11151e-05 0.0566177 0.0133599 0.0420659 
0.0660791 0.0312975 0.00875595 0.0172917 0.0353582 4.72858e-05 0.00799375 0.391963 0.0660885 0.209415 0.023243 0.0792878 0.011461 0.0517182 
0.00514413 0.0793461 0.00515036 0.0666228 0.226225 3.22831e-06 2.72135e-05 0.497603 0.00517029 0.0546715 0.00731446 0.0373446 0.0114799 0.00389754 
0.0907241 0.0494956 0.0399547 0.18199 0.166852 0.000212297 0.00185471 0.214767 0.00768236 0.0928745 0.00228471 0.0643996 0.0282922 0.0586168 
0.0222319 0.233571 0.0427665 0.147034 0.0391981 0.000122805 0.00538566 0.348921 0.0441925 0.0519531 0.00116256 0.0409566 0.000791058 0.0217132 
0.0126496 0.0364976 0.0119105 0.326323 0.0175522 0.000260264 0.00699553 0.355358 0.00864823 0.0270431 0.000152683 0.0840925 0.0152293 0.0972874 
0.00395878 0.0934436 0.0230856 0.136005 0.126604 0.000174989 0.000503775 0.391927 0.0439783 0.0451386 0.00174561 0.0597253 0.000968959 0.0727411 
0.0283927 0.0878267 0.0131579 0.0870325 0.103912 0.000166935 0.00220883 0.433996 0.00920091 0.137768 0.00197093 0.0501511 0.0111043 0.033111 
0.00205847 0.0330535 0.00318609 0.116498 0.276744 2.03519e-06 0.000362202 0.357042 0.0012061 0.00116882 8.08396e-06 0.0566531 5.14206e-05 0.151965 
0.0102255 0.193202 0.00241654 0.152294 0.0037499 2.01255e-06 8.11265e-06 0.525634 0.00140142 0.0358294 0.000124787 0.0306277 0.00732419 0.0371607 
0.0660791 0.0312975 0.00875595 0.0172917 0.0353582 4.72858e-05 0.00799375 0.391963 0.0660885 0.209415 0.023243 0.0792878 0.011461 0.0517182 
0.0660791 0.0312975 0.00875595 0.0172917 0.0353582 4.72858e-05 0.00799375 0.391963 0.0660885 0.209415 0.023243 0.0792878 0.011461 0.0517182 
0.107941 0.0895021 0.0963287 0.0726278 0.0710888 5.84954e-05 0.0352877 0.307458 0.013489 0.0951339 0.00108728 0.0675557 0.00391727 0.0385244 
0.0354221 0.0284001 0.022994 0.259579 0.0470011 0.00177091 0.000131956 0.272369 0.00149311 0.0306572 0.00160525 0.218378 0.00302704 0.0771715 
0.000353318 0.0575265 0.0176325 0.0389709 0.189514 0.00012712 5.95291e-06 0.637183 0.000507713 0.0196952 0.00629114 0.0236084 0.00362942 0.00495493 
0.004509 0.0315159 0.00574569 0.10873 0.183304 2.62013e-05 7.14631e-06 0.536125 0.0127476 0.0237453 0.000869996 0.0458471 0.00766648 0.0391599 
0.0660791 0.0312975 0.00875595 0.0172917 0.0353582 4.72858e-05 0.00799375 0.391963 0.0660885 0.209415 0.023243 0.0792878 0.011461 0.0517182 
0.0206761 0.0273364 0.0593359 0.039408 0.199604 0.00035306 0.0116266 0.447224 0.0441384 0.0541146 0.000197714 0.0615028 0.0034845 0.0309982 
0.00356825 0.0690733 0.00224562 0.101101 0.12632 4.33719e-05 0.00233302 0.408196 0.00899563 0.0158959 8.51387e-05 0.124624 0.117664 0.0198559 
0.00500322 0.0519109 0.00713111 0.168351 0.0806978 8.68265e-05 5.43071e-05 0.290546 0.0229641 0.0266249 9.80165e-05 0.254466 0.0833773 0.00868803 
0.0660791 0.0312975 0.00875595 0.0172917 0.0353582 4.72858e-05 0.00799375 0.391963 0.0660885 0.209415 0.023243 0.0792878 0.011461 0.0517182 
0.0269934 0.20485 0.00476916 0.112502 0.0769392 0.000101956 0.00152025 0.378649 0.00488051 0.0733733 0.00354075 0.0641831 0.00212932 0.0455691 
0.0660791 0.0312975 0.00875595 0.0172917 0.0353582 4.72858e-05 0.00799375 0.391963 0.0660885 0.209415 0.023243 0.0792878 0.011461 0.0517182 
0.0171874 0.031387 0.0140579 0.13461 0.161154 6.19492e-05 0.00211476 0.320444 0.0167688 0.064933 0.000181448 0.0580577 0.0119775 0.167065 
0.0502134 0.129796 0.0340013 0.0906736 0.133317 0.000126545 0.00161837 0.29984 0.0120262 0.0786891 0.0204543 0.0924642 0.00593486 0.0508456 
0.000547785 0.0650926 0.000411541 0.0899028 0.352381 1.427e-05 0.000761415 0.355644 0.00293192 0.00407745 2.96125e-05 0.0374257 0.000828145 0.0899509 
0.00978499 0.0879646 0.0360942 0.219362 0.125696 0.000601464 1.63495e-05 0.23036 0.00337847 0.147405 0.00358965 0.0810137 0.0017428 0.0529903 
0.00210411 0.120795 0.00762569 0.0830535 0.161963 0.000263667 1.45588e-05 0.231806 0.000737876 0.173617 7.45991e-05 0.0207211 0.000557089 0.196668 
0.0038502 0.0653417 0.000915558 0.0647606 0.10794 9.67112e-07 1.19417e-05 0.617131 0.00338302 0.0360572 5.01728e-06 0.083005 0.00444478 0.0131527 
0.0467339 0.124134 0.0208607 0.10568 0.144558 0.000279055 7.21988e-05 0.249202 0.00714774 0.141536 0.0252311 0.0843399 0.00472727 0.0454992 
0.00255246 0.0546261 0.0378622 0.116682 0.0984034 6.28693e-05 8.07026e-05 0.290209 0.000467638 0.017459 0.00232447 0.113249 0.0589975 0.207024 
0.0660791 0.0312975 0.00875595 0.0172917 0.0353582 4.72858e-05 0.00799375 0.391963 0.0660885 0.209415 0.023243 0.0792878 0.011461 0.0517182 
0.0964673 0.184407 0.025147 0.0834121 0.0381471 8.37791e-05 0.00234933 0.297307 0.00634138 0.0437466 0.0334129 0.0919537 0.00232906 0.0948957 
0.000763704 0.114137 4.72865e-05 0.148064 0.189651 0.000319335 9.69754e-07 0.243003 0.00194418 0.0192401 0.000168068 0.0399839 0.0637582 0.178919 
0.0660791 0.0312975 0.00875595 0.0172917 0.0353582 4.72858e-05 0.00799375 0.391963 0.0660885 0.209415 0.023243 0.0792878 0.011461 0.0517182 
0.00851518 0.103136 0.00352516 0.18304 0.196934 0.000252631 0.00221421 0.218062 0.00440884 0.167462 0.0158509 0.0367675 0.00406138 0.0557699 
0.0107641 0.0361017 0.00172012 0.15908 0.0852835 2.81956e-06 7.66688e-05 0.600095 0.00343049 0.0266959 0.0030387 0.028598 0.00423171 0.0408812 
0.0336291 0.0279555 0.0337678 0.0216225 0.227109 3.62444e-05 6.57119e-06 0.540606 0.000712559 0.0120416 1.34223e-06 0.0964493 0.000590945 0.00547176 
0.0241762 0.042507 0.00906381 0.0494018 0.0667563 0.00284486 0.0123946 0.371145 0.0195073 0.026517 0.00262972 0.0181071 0.0045647 0.350384 
0.0660791 0.0312975 0.00875595 0.0172917 0.0353582 4.72858e-05 0.00799375 0.391963 0.0660885 0.209415 0.023243 0.0792878 0.011461 0.0517182 
0.0122493 0.17193 0.000219562 0.019502 0.211648 4.69797e-05 2.16065e-05 0.563268 0.00490284 0.00379521 0.000866211 0.0091264 0.000106432 0.00231755 
0.134251 0.0266851 0.000503339 0.150211 0.0855982 9.48864e-05 0.000189854 0.473828 0.000376178 0.0168477 4.27494e-05 0.0627018 0.012639 0.0360316 
0.0660791 0.0312975 0.00875595 0.0172917 0.0353582 4.72858e-05 0.00799375 0.391963 0.0660885 0.209415 0.023243 0.0792878 0.011461 0.0517182 
0.0175038 0.0303352 0.0525468 0.0197519 0.0373327 5.36027e-05 0.00194501 0.457674 0.278375 0.0578439 0.00327884 0.0300495 0.000212504 0.0130966 
0.0311131 0.0588764 0.0104659 0.0898772 0.171843 0.00785432 0.00344461 0.225466 0.00816779 0.105289 0.00692685 0.101089 0.00304671 0.176539 
0.0169361 0.125014 0.0308385 0.0988568 0.0640252 0.000178627 0.0712261 0.218788 0.182214 0.0628346 0.000477419 0.0581382 0.0088466 0.0616254 
0.00633217 0.0499977 0.0033018 0.0470426 0.110967 0.000143444 0.000459401 0.468715 0.0127044 0.0327117 0.000239798 0.0516821 0.00532749 0.210375 
0.0325713 0.203232 0.003984 0.107491 0.204786 0.000807861 0.000259248 0.221446 0.0279841 0.0939482 0.000286958 0.0419564 0.0205151 0.0407327 
0.0169361 0.125014 0.0308385 0.0988568 0.0640252 0.000178627 0.0712261 0.218788 0.182214 0.0628346 0.000477419 0.0581382 0.0088466 0.0616254 
0.0283927 0.0878267 0.0131579 0.0870325 0.103912 0.000166935 0.00220883 0.433996 0.00920091 0.137768 0.00197093 0.0501511 0.0111043 0.033111 
0.0185015 0.00903035 0.210675 0.0496037 0.160417 0.000186705 0.000204902 0.232395 0.0101308 0.176016 3.51287e-05 0.082179 0.00332443 0.0473004 
0.0660791 0.0312975 0.00875595 0.0172917 0.0353582 4.72858e-05 0.00799375 0.391963 0.0660885 0.209415 0.023243 0.0792878 0.011461 0.0517182 
0.0237041 0.0494653 0.00177835 0.0699569 0.148201 5.80458e-06 0.00186548 0.563366 0.00842763 0.0294552 0.00919376 0.0411136 0.00898013 0.0444867 
0.0175038 0.0303352 0.0525468 0.0197519 0.0373327 5.36027e-05 0.00194501 0.457674 0.278375 0.0578439 0.00327884 0.0300495 0.000212504 0.0130966 
0.058203 0.117229 0.0348764 0.109222 0.0546133 4.85272e-05 0.0086324 0.232647 0.00874452 0.185985 0.00312239 0.0969151 0.00338108 0.0863803 
0.0660791 0.0312975 0.00875595 0.0172917 0.0353582 4.72858e-05 0.00799375 0.391963 0.0660885 0.209415 0.023243 0.0792878 0.011461 0.0517182 
0.052733 0.0548906 0.00720217 0.0534477 0.0396813 0.0655518 0.000544262 0.395565 0.00338997 0.0979679 0.00148113 0.138125 0.00659055 0.0828295 
0.0048851 0.0732507 0.00695555 0.240494 0.06501 0.000236037 0.00707506 0.363164 0.00461617 0.0526421 0.000932576 0.0377238 0.0771522 0.0658626 
0.00780926 0.0669958 0.00671647 0.233824 0.0768285 0.000417692 0.000322104 0.274538 0.00206823 0.0587856 0.00558033 0.210077 0.00873954 0.047298 
0.0164183 0.146984 0.00683781 0.0931472 0.0900584 1.9916e-06 0.0475944 0.284963 0.0360742 0.0173079 0.00440278 0.0288357 0.00104404 0.226331 
0.00062408 0.00494028 0.00183526 0.00753622 0.0020868 0.00101086 2.9982e-06 0.697753 3.88131e-06 0.00324114 5.15818e-06 0.00362197 0.000164173 0.277174 
0.0069705 0.0724641 0.00679322 0.234982 0.12208 0.00212903 0.00255889 0.236653 0.00216352 0.0482781 0.000319226 0.126882 0.00650091 0.131224 
0.0152924 0.0591481 0.0528206 0.034345 0.257821 0.000705145 0.000212727 0.336415 0.0076208 0.115441 0.000454518 0.0465921 0.00616361 0.0669687 
0.00239384 0.0417721 0.00213856 0.0485109 0.108738 9.69085e-06 0.000104311 0.657199 0.0307229 0.0356591 0.00105778 0.0258319 0.00541435 0.0404475 
0.00814854 0.0548872 0.0118531 0.139875 0.0306835 0.000202514 5.11588e-05 0.538861 0.0022393 0.161615 0.000107921 0.0274938 0.011755 0.0122266 
0.00201086 0.00361526 0.0021238 0.0301814 0.0626023 3.72e-05 7.02018e-06 0.846248 7.74171e-05 0.00729432 8.3472e-06 0.0237237 0.000345037 0.0217256 
0.0161391 0.159045 0.026085 0.131574 0.157597 3.98019e-05 0.000491009 0.271416 0.00398693 0.132997 0.00178719 0.0678675 0.0175563 0.0134187 
5.47253e-06 2.89626e-06 4.97493e-06 2.30199e-06 2.21701e-06 4.28343e-05 7.66354e-06 0.999878 1.33996e-05 1.55798e-06 2.22203e-05 2.71485e-06 9.92659e-06 3.74046e-06 
0.028073 0.0237406 0.0382829 0.128337 0.243121 0.000579612 0.000267121 0.294546 0.0243884 0.0788779 0.00119698 0.0881128 0.00431384 0.046163 
0.0660791 0.0312975 0.00875595 0.0172917 0.0353582 4.72858e-05 0.00799375 0.391963 0.0660885 0.209415 0.023243 0.0792878 0.011461 0.0517182 
0.0245942 0.136281 0.0195417 0.170502 0.189676 0.000527609 0.0121353 0.199639 0.00431469 0.0957076 0.00461575 0.0988011 0.00948754 0.034176 
0.000514218 0.0116233 0.0016968 0.0857256 0.0405395 6.3994e-05 1.66015e-06 0.762247 9.90846e-05 0.0298343 1.60926e-05 0.0369556 0.000836683 0.0298459 
0.00493274 0.0573928 0.00220669 0.142971 0.0844659 1.02474e-05 0.00345929 0.58921 0.0142639 0.0359672 0.0012852 0.0143327 0.00740799 0.0420944 
0.00921556 0.0873956 0.0175993 0.199356 0.0910029 0.000126592 0.00196845 0.346947 0.0161428 0.0737874 0.000961299 0.0801307 0.0165264 0.0588406 
3.73592e-08 0.0289577 3.39622e-08 0.263668 0.000245199 2.92416e-07 5.23165e-08 0.707046 9.14745e-08 1.06358e-08 1.5169e-07 4.63518e-05 6.77656e-08 3.57743e-05 
0.09267 0.0954224 0.00995568 0.129743 0.180528 0.000290294 0.012005 0.195513 0.0988225 0.0693548 0.00603233 0.0338496 0.00978989 0.0660235 
0.0223746 0.106733 0.00383177 0.184849 0.114767 2.84898e-05 0.00188137 0.238688 0.102559 0.0552822 0.00199977 0.098774 0.00231402 0.0659185 
0.0125751 0.307382 0.00191786 0.104289 0.0423004 0.000105027 0.0676947 0.385498 0.0116817 0.037186 0.00824059 0.00482966 0.000110157 0.01619 
0.0660791 0.0312975 0.00875595 0.0172917 0.0353582 4.72858e-05 0.00799375 0.391963 0.0660885 0.209415 0.023243 0.0792878 0.011461 0.0517182 
0.00882919 0.291787 0.0012827 0.139837 0.0528881 1.5439e-05 0.0016273 0.375383 0.00661126 0.0160288 0.000300414 0.0338079 0.000690769 0.0709113 
0.0660791 0.0312975 0.00875595 0.0172917 0.0353582 4.72858e-05 0.00799375 0.391963 0.0660885 0.209415 0.023243 0.0792878 0.011461 0.0517182 
0.0555663 0.154001 0.0271244 0.113735 0.13862 0.000461404 0.000202584 0.212662 0.00440586 0.118337 0.00369256 0.111005 0.00684606 0.0533392 
0.0269312 0.0750453 0.0194869 0.147706 0.21412 0.000162954 0.000106044 0.320842 0.00696375 0.078402 0.00415096 0.0282451 0.0122859 0.0655526 
0.0287623 0.0413028 0.00555698 0.16904 0.139979 3.55664e-05 8.85377e-05 0.380114 0.00498273 0.0305281 0.00153067 0.123222 0.015282 0.0595759 
0.0100098 0.190212 0.00427722 0.067269 0.0394177 5.49987e-05 0.00264022 0.418682 0.00381462 0.142027 0.000542112 0.0670075 0.00151674 0.0525294 
0.0034062 0.109953 0.0233116 0.138695 0.309345 6.39754e-05 0.000335004 0.316811 0.00959377 0.0433322 0.000673822 0.0199752 0.0077798 0.0167237 
0.0660791 0.0312975 0.00875595 0.0172917 0.0353582 4.72858e-05 0.00799375 0.391963 0.0660885 0.209415 0.023243 0.0792878 0.011461 0.0517182 
0.0354292 0.241559 0.00453853 0.106863 0.0726654 8.57341e-06 0.0441309 0.360792 0.0228318 0.0362843 0.0130246 0.0142806 0.0105897 0.0370028 
0.0660791 0.0312975 0.00875595 0.0172917 0.0353582 4.72858e-05 0.00799375 0.391963 0.0660885 0.209415 0.023243 0.0792878 0.011461 0.0517182 
0.0660791 0.0312975 0.00875595 0.0172917 0.0353582 4.72858e-05 0.00799375 0.391963 0.0660885 0.209415 0.023243 0.0792878 0.011461 0.0517182 
0.00494629 0.144444 0.00338086 0.235134 0.169824 1.38351e-05 2.62895e-05 0.270618 0.000111106 0.0751459 3.53212e-05 0.0440741 8.23207e-07 0.0522456 
0.0660791 0.0312975 0.00875595 0.0172917 0.0353582 4.72858e-05 0.00799375 0.391963 0.0660885 0.209415 0.023243 0.0792878 0.011461 0.0517182 
0.00614958 0.0020284 0.00149355 0.00188014 0.00224548 1.42916e-05 8.00881e-05 0.982054 0.000246878 0.00136753 9.35523e-05 0.00097359 0.000149728 0.00122327 
0.0164877 0.0796821 0.035658 0.188973 0.0235743 2.71494e-05 0.0365688 0.356261 0.0017629 0.102955 0.00168288 0.0542976 0.00511691 0.0969522 
0.0660791 0.0312975 0.00875595 0.0172917 0.0353582 4.72858e-05 0.00799375 0.391963 0.0660885 0.209415 0.023243 0.0792878 0.011461 0.0517182 
0.0272287 0.102836 0.00886728 0.0659103 0.0940149 0.000434649 0.00655941 0.366597 0.150448 0.0441822 0.0050235 0.0489094 0.0489579 0.030031 
0.00625161 0.107584 0.0116148 0.226537 0.0610011 0.00223185 0.000121183 0.443638 0.0313615 0.0535547 0.00213674 0.0263757 0.0018834 0.0257093 
0.0145226 0.193242 0.0323654 0.0578841 0.121092 0.000370035 0.00646877 0.283527 0.0398449 0.155904 0.00672865 0.0607623 0.00668339 0.0206051 
0.00470005 0.148341 0.0321151 0.120334 0.126276 0.000369803 6.2154e-05 0.23412 0.00288081 0.207305 0.00362985 0.0523061 0.0135173 0.0540431 
0.0660791 0.0312975 0.00875595 0.0172917 0.0353582 4.72858e-05 0.00799375 0.391963 0.0660885 0.209415 0.023243 0.0792878 0.011461 0.0517182 
