0.0633405 0.174913 0.0304947 0.150915 0.0728601 0.000995842 0.00228203 0.00269687 0.0457936 0.340191 0.000831644 0.0506304 0.0110488 0.0530068 
0.0117949 0.0508475 0.0149194 0.161259 0.214657 8.54633e-05 0.00713936 0.0015321 0.000546491 0.387316 0.00025581 0.0741631 0.0489231 0.0265609 
0.0667214 0.0423463 0.0528604 0.153592 0.0926442 0.000143274 0.0164175 0.000346031 0.0043233 0.301048 0.00230346 0.181293 0.0425729 0.0433877 
0.0225647 0.0608735 0.00844763 0.0810213 0.0274342 0.000357863 0.000638949 0.000778084 0.00892539 0.68009 0.00128095 0.0479587 0.01837 0.0412585 
0.0295461 0.0932124 0.0125789 0.120255 0.115238 0.000305032 0.000431132 0.00231689 0.00249757 0.386204 0.00191121 0.0491783 0.00972781 0.176598 
0.0169115 0.0959577 0.0184042 0.117243 0.147274 0.000367511 0.00799435 0.000986283 0.0112026 0.443911 0.00713426 0.0679543 0.0193492 0.0453114 
0.0723527 0.0350148 0.0868142 0.145021 0.0438506 0.00643096 0.000766772 0.00158995 0.0175001 0.228861 3.42598e-05 0.169798 0.0430241 0.148941 
0.0230257 0.127469 0.0110273 0.151526 0.0160308 0.0061348 0.0159158 0.000509209 0.010132 0.502239 0.00311181 0.00963363 0.00298699 0.120257 
0.0867143 0.0671755 0.0308059 0.14288 0.104597 0.000167548 0.000340644 0.00102139 0.00591507 0.312203 0.00973806 0.156915 0.0255221 0.0560041 
0.138597 0.0404761 0.00607773 0.061536 0.0556819 0.000421326 0.00139962 0.0105793 0.0206298 0.52043 0.00390569 0.0426423 0.00963649 0.0879862 
0.0491549 0.117584 0.0338029 0.155391 0.087017 0.00111288 0.00946569 0.00299211 0.00949144 0.3761 0.0071534 0.0518165 0.0232337 0.0756852 
0.0312519 0.0919331 0.0386747 0.0793977 0.12983 0.0007229 0.00335107 0.00208576 0.0110229 0.4437 0.0107965 0.0542168 0.0233712 0.0796459 
0.044871 0.0427299 0.0291642 0.110288 0.0857295 0.000343897 0.0013721 0.000404959 0.00450742 0.308662 0.00548074 0.0549653 0.266558 0.0449231 
0.0423466 0.149366 0.0275789 0.12247 0.112197 0.000824742 0.00169963 0.00434809 0.00733408 0.318952 0.00229169 0.0854015 0.0213506 0.103839 
0.0368135 0.0618799 0.0248918 0.207177 0.156593 6.01197e-05 0.00226341 0.000570628 0.00316464 0.358236 0.00278543 0.0622047 0.0405536 0.0428065 
0.0269142 0.0856085 0.0231756 0.0725301 0.104022 0.000368655 0.000163254 0.00541284 0.00352028 0.535901 0.000390055 0.0411861 0.028511 0.0722963 
0.0130559 0.0862482 0.0216372 0.17276 0.167243 0.000293855 0.0169317 0.00278399 0.00176088 0.334058 0.0100026 0.126836 0.0200382 0.0263513 
0.0619799 0.0723832 0.0209697 0.191659 0.037915 0.000503249 0.00289694 0.00198512 0.00582152 0.362078 0.0015558 0.0476109 0.0151081 0.177534 
0.0984199 0.0785902 0.0575678 0.253538 0.124006 0.00120584 0.00042846 0.00135784 0.0050685 0.258188 0.00350564 0.0641631 0.0155457 0.0384144 
0.0767996 0.186002 0.0250471 0.126833 0.0903533 6.82816e-05 0.0394936 0.000300339 0.0185867 0.270514 0.0148568 0.0402825 0.0464673 0.0643957 
0.033899 0.0796135 0.0269284 0.191237 0.0420023 8.48536e-05 7.95094e-05 0.000138449 0.001017 0.226919 0.000171471 0.0560514 0.197665 0.144193 
0.0929409 0.0952886 0.0245431 0.0774941 0.0638411 0.000601546 0.00802798 0.00177526 0.00236206 0.527726 0.00406052 0.0261943 0.00438468 0.0707598 
0.0301136 0.0817678 0.0367239 0.140476 0.132097 0.000417881 0.00896321 0.00266463 0.00969989 0.386067 0.00448917 0.0809909 0.0231994 0.0623296 
0.0190473 0.0360339 0.0242582 0.154645 0.116993 0.00041256 0.00516467 0.00196201 0.00190978 0.454823 0.000720914 0.0941319 0.0550883 0.0348097 
0.0583479 0.0638994 0.0312291 0.113545 0.0951877 0.000541202 0.00516208 0.00077032 0.0201757 0.416678 0.0012257 0.0962375 0.0339848 0.0630155 
0.0596967 0.0888539 0.0269989 0.140512 0.164157 0.00105164 0.00552544 0.00222415 0.0175836 0.309652 0.00577793 0.0703083 0.0420221 0.0656375 
0.0207856 0.0402965 0.0220495 0.0999348 0.148333 0.000540826 0.0859382 0.0162363 0.00930624 0.343596 0.00926461 0.0391581 0.138104 0.0264562 
0.0114957 0.0134916 0.0132833 0.169436 0.12267 0.00021583 1.06832e-05 0.00138369 0.00444642 0.558378 0.000572931 0.0723173 0.0222675 0.0100315 
0.00856607 0.106331 0.00589698 0.0371224 0.284858 0.00037604 2.48151e-05 0.00020714 0.00122368 0.286009 0.0356216 0.0331074 0.0142952 0.186361 
0.201909 0.0874361 0.0166699 0.184633 0.0402524 0.00125315 0.0197205 0.00366797 0.00515528 0.300271 0.018614 0.0493002 0.00386232 0.0672551 
0.076067 0.0867525 0.0252934 0.165571 0.0403226 1.54586e-05 0.0152553 7.17124e-05 0.0100693 0.299536 0.00130285 0.0943435 0.164212 0.0211869 
0.0793862 0.0785371 0.0224868 0.115437 0.153421 0.000151052 0.00244439 0.000789167 0.0161653 0.232395 0.00420481 0.0428696 0.0394901 0.212222 
0.0540058 0.219297 0.0297352 0.171528 0.087225 0.00239002 0.000386879 0.00885949 0.00225468 0.32053 0.00716675 0.0625776 0.00569501 0.0283494 
0.0384561 0.0849227 0.0275254 0.261651 0.0541102 0.00179081 0.00735485 0.000567965 0.00642249 0.277572 0.00985907 0.0573953 0.0899364 0.0824352 
0.00913145 0.0264847 0.00455645 0.288733 0.0232193 0.0206305 1.10735e-05 0.000675385 3.49078e-05 0.519336 0.000195553 0.0317881 0.00459024 0.0706136 
0.00753442 0.0884402 0.0284864 0.130003 0.168341 0.000814387 0.00523543 0.000350831 0.0152405 0.376985 0.0034402 0.139917 0.0161909 0.0190201 
0.0099987 0.0832761 0.0311263 0.100574 0.212082 0.000337374 0.00544717 0.00115239 0.0147055 0.398658 0.00983399 0.0708543 0.0248048 0.0371493 
0.105388 0.0936199 0.0312406 0.0578587 0.0716766 0.000320527 0.00274225 0.00131679 0.0160215 0.292793 0.0348645 0.0407898 0.0250703 0.226298 
0.0469727 0.101891 0.0416012 0.208766 0.0730756 0.000750608 0.00955773 0.0323312 0.0143958 0.244843 0.00493678 0.0591926 0.0379425 0.123744 
0.103027 0.0883938 0.050186 0.0711744 0.115336 0.000489021 0.0126696 0.000212815 0.00673689 0.275505 0.00281264 0.103138 0.0130112 0.157307 
0.0463277 0.0608864 0.0530886 0.160601 0.160984 0.00087957 0.00308014 0.00396678 0.00652206 0.235204 0.00372026 0.131948 0.0529657 0.0798255 
0.00329141 0.0981909 0.0323455 0.0832129 0.217435 0.00057097 0.00157351 0.000223394 0.00236955 0.450617 0.00323616 0.0558573 0.0142553 0.0368214 
0.0530673 0.0577265 0.0368264 0.122654 0.12949 0.00032733 0.00552563 0.000798785 0.00412131 0.424512 0.0325646 0.0819166 0.0201415 0.0303282 
0.0188731 0.0419257 0.0143297 0.0708561 0.123947 0.000512558 0.00265316 0.000613984 0.0073134 0.60748 0.00911118 0.0299303 0.0521975 0.0202558 
0.0386985 0.181408 0.0385894 0.0850641 0.140802 0.000319032 0.00427274 0.00323051 0.0144468 0.365747 0.00971628 0.0685084 0.00631254 0.0428852 
0.0574774 0.045667 0.0180221 0.236154 0.0387413 0.000341479 0.00168477 0.00111916 0.00304978 0.375459 3.71216e-05 0.119398 0.026078 0.0767707 
0.0188731 0.0419257 0.0143297 0.0708561 0.123947 0.000512558 0.00265316 0.000613984 0.0073134 0.60748 0.00911118 0.0299303 0.0521975 0.0202558 
0.0436861 0.142082 0.0378953 0.111296 0.0643028 0.000385802 0.00219079 0.00157382 0.0127324 0.300128 0.00713201 0.0785641 0.00915155 0.18888 
0.0173507 0.0366067 0.0447614 0.174231 0.119177 0.000584872 0.00738832 0.000589285 0.00355816 0.350466 0.00646005 0.157155 0.0433647 0.0383059 
0.0318837 0.157402 0.0405106 0.127376 0.111051 0.000372068 0.00715355 0.00650875 0.0125784 0.325005 0.0117449 0.0730024 0.0254526 0.0699599 
0.0204341 0.111463 0.0633058 0.139741 0.192779 0.00013233 0.00914388 0.00371302 0.00819537 0.374495 0.00399272 0.0354025 0.00846818 0.0287343 
0.0233077 0.0759248 0.0203789 0.103631 0.0966655 0.00968184 0.0105448 0.00447395 0.0126747 0.379546 0.00164917 0.0773009 0.0249227 0.159298 
0.0179199 0.131393 0.0357355 0.0725104 0.196231 0.000423923 1.09146e-05 0.00463092 0.00633549 0.468962 0.00404043 0.0406889 0.00207579 0.0190418 
0.0434535 0.178898 0.0251572 0.225798 0.105219 0.000168008 0.00550335 0.0132631 0.0115914 0.250654 0.00677147 0.0515034 0.0123332 0.0696858 
0.0229385 0.0232747 0.0525818 0.122192 0.00890867 0.000253183 0.00255051 0.00194208 0.00526274 0.397563 0.0013751 0.097624 0.0066843 0.256849 
0.0055011 0.0179434 0.0236926 0.0757152 0.127892 0.00089365 0.000372214 0.000919074 0.00240232 0.619022 0.00631306 0.0598569 0.0535855 0.00589108 
0.0417775 0.19102 0.039313 0.127165 0.131032 0.000685327 0.0158113 0.00253187 0.0201927 0.238461 0.0072292 0.0633803 0.0345056 0.0868944 
0.0476419 0.14317 0.0291269 0.0999512 0.117893 0.00244407 0.0210068 0.0017786 0.00267715 0.414304 0.00309766 0.0461233 0.0100128 0.0607728 
0.0222148 0.149263 0.0136446 0.173548 0.108332 0.000207688 0.00790067 0.0016178 0.00444172 0.360227 0.00790033 0.0445448 0.0269859 0.0791723 
0.0365628 0.0616485 0.0300938 0.155733 0.0737955 0.000148155 0.000982552 0.00272801 0.00527847 0.442313 0.00565637 0.0846006 0.0175202 0.0829386 
0.131907 0.112984 0.0329053 0.151034 0.10007 0.00032998 0.00027146 0.000749537 0.00309798 0.237714 0.00144048 0.17483 0.012949 0.0397175 
0.0124944 0.086602 0.0250205 0.0668255 0.181694 0.000433017 0.000677478 0.00488903 0.00337251 0.440138 0.0136156 0.134923 0.00465752 0.0246578 
0.0939491 0.0427981 0.0221382 0.246825 0.0536412 0.000830034 0.00439571 0.0004761 0.00536594 0.299645 0.00133962 0.0754399 0.0323318 0.120825 
0.0248785 0.108763 0.0297913 0.195761 0.0921081 0.000326717 0.00353643 0.00532694 0.0103093 0.402043 0.010302 0.061067 0.012793 0.0429943 
0.0587433 0.0862198 0.0232222 0.168692 0.08858 0.000864528 0.00613155 0.00189218 0.00630332 0.31829 0.00280957 0.0879915 0.0208687 0.129392 
0.0221293 0.0774944 0.0355764 0.0692469 0.27288 0.000752642 0.000845244 0.00103358 0.00876424 0.360687 0.00590367 0.0812753 0.00658934 0.0568221 
0.0261527 0.20544 0.0102566 0.0977593 0.0761081 0.000317546 0.00705435 0.00223318 0.00988295 0.438425 0.0104081 0.0474236 0.0133662 0.055173 
0.00946493 0.157204 0.0201258 0.0654067 0.13776 0.00220919 0.00343938 0.000794045 0.00501856 0.411064 0.0082172 0.0740939 0.0705047 0.0346976 
0.019725 0.159567 0.0743645 0.132481 0.192346 0.000779427 6.85022e-06 0.000681732 0.000375072 0.358552 0.000769684 0.041721 0.00541873 0.0132114 
0.193106 0.0616213 0.0349978 0.122229 0.0805835 0.000181972 0.00774399 0.0031815 0.00849922 0.241179 0.00238222 0.0758615 0.0289012 0.139532 
0.0425165 0.0527991 0.119265 0.174331 0.130822 0.00157727 0.0328338 0.0440278 0.0327492 0.222754 0.00174393 0.0538836 0.0107557 0.079941 
0.0499659 0.030202 0.019899 0.0686811 0.23643 0.000396878 0.0078082 0.00100848 0.0676589 0.287114 0.00836101 0.103658 0.0679404 0.0508773 
0.0147146 0.0194407 0.0198768 0.197766 0.0288124 1.15088e-05 4.71173e-06 6.38879e-05 0.00124897 0.350828 0.000298648 0.147677 0.0145809 0.204676 
0.00302147 0.0110837 0.0125558 0.0694921 0.135179 0.000246162 1.48321e-05 0.000493515 0.000686439 0.656216 0.00143184 0.049461 0.0573591 0.00275901 
0.0582955 0.0558236 0.0142326 0.161929 0.0631091 0.00138931 0.0028572 0.00433967 0.00588346 0.46067 0.00980891 0.0581917 0.0180194 0.0854503 
0.0171425 0.110463 0.0165034 0.199607 0.121984 0.00047303 0.000972961 0.144271 0.00365017 0.2009 0.00412002 0.125721 0.00951871 0.0446737 
0.0172707 0.29366 0.00856308 0.042376 0.0736253 3.01115e-05 0.0473955 0.00298788 0.0112034 0.413202 0.0047296 0.0568025 0.000892199 0.0272615 
0.0361713 0.162508 0.0228619 0.158048 0.119054 0.000240429 0.00770917 0.0118385 0.0082474 0.306842 0.00775851 0.0811708 0.0190661 0.0584842 
0.0283258 0.0983559 0.0305458 0.114117 0.0732541 0.000635163 0.00300985 0.0021287 0.00794166 0.494028 0.00459117 0.0561441 0.0178705 0.0690529 
0.0301989 0.0369644 0.017897 0.189341 0.070529 0.000273782 0.00493072 5.07045e-05 0.00338866 0.292975 0.00817172 0.0661254 0.209199 0.0699546 
0.0203524 0.204252 0.035161 0.0809096 0.0581087 0.000280843 0.0121821 0.000632995 0.00763213 0.480934 0.0107225 0.0356346 0.0240456 0.0291512 
0.0130647 0.041759 0.0429811 0.116155 0.273834 7.2961e-05 0.00251644 0.00561648 0.0260786 0.327895 0.00839136 0.0755462 0.0343867 0.031703 
0.0737138 0.031191 0.022961 0.17878 0.120158 0.000451638 4.2509e-05 0.000206685 0.00139366 0.401889 0.00010304 0.08448 0.0351782 0.0494513 
0.068702 0.136734 0.0368701 0.126177 0.137797 0.000365982 0.00606328 0.000458136 0.00447166 0.243684 0.0110129 0.0799617 0.0622177 0.0854846 
0.124595 0.199146 0.0501999 0.0600739 0.0636817 0.000276684 0.0132041 0.000309992 0.011515 0.334973 0.017282 0.0679302 0.0166969 0.0401151 
0.0220689 0.0842917 0.0321129 0.14957 0.119075 0.000909156 0.00329817 0.00426767 0.00666027 0.433492 0.00973422 0.0752382 0.0164143 0.0428675 
0.0298756 0.114242 0.0557925 0.220946 0.162052 0.000222451 0.00314198 0.0047808 0.00937711 0.308974 0.00461766 0.0482043 0.0125559 0.0252177 
0.0219282 0.20434 0.0170532 0.119347 0.10622 0.000238838 0.00565881 0.0018958 0.00969831 0.384435 0.00958152 0.0452765 0.0178425 0.0564845 
0.0610297 0.0837384 0.0373077 0.191856 0.111265 0.000350485 0.00980067 0.000333279 0.00668823 0.207947 0.00585242 0.0992713 0.113168 0.0713917 
0.0163661 0.0872329 0.0610414 0.133112 0.0669445 0.00147367 0.00782142 0.000968307 0.00392928 0.216559 0.0110262 0.195165 0.0186203 0.179739 
0.143616 0.0529173 0.0473659 0.108961 0.221748 0.000112111 0.00172918 0.000979055 0.0456062 0.229891 0.000576465 0.066224 0.0560178 0.0242571 
0.0269597 0.0705216 0.0805852 0.185753 0.0424661 7.38176e-05 0.00204846 0.00466573 0.0040302 0.240168 0.00222495 0.202541 0.0121882 0.125773 
0.00561249 0.0468331 0.00250767 0.125826 0.107146 0.000146064 0.000278807 0.00017977 0.000582637 0.540958 0.0258224 0.0436117 0.0748998 0.0255954 
0.0608891 0.114459 0.0103559 0.190748 0.096834 0.000140033 0.0133591 0.000679605 0.00386443 0.415375 0.00648267 0.0428067 0.0143597 0.029647 
0.0723924 0.0470753 0.00458252 0.0956988 0.250159 0.000249888 0.00662641 0.000637271 0.00837194 0.260223 0.00893624 0.0632314 0.00582618 0.175989 
0.0238622 0.0633251 0.0535818 0.126624 0.0618424 0.000311682 0.00352007 0.00199317 0.00611724 0.482467 0.00271393 0.0585092 0.0702676 0.0448648 
0.00729567 0.0894082 0.00696166 0.202364 0.0344579 1.57911e-05 5.3411e-06 0.00244047 0.000244675 0.573458 0.0133205 0.0501565 0.00463577 0.0152358 
0.0497707 0.0320771 0.00775057 0.232681 0.0761659 0.000358944 1.54941e-05 0.00110487 0.00063101 0.464287 0.00038426 0.108414 0.0131843 0.013174 
0.040742 0.0439587 0.020386 0.315125 0.063393 0.000376697 0.00215204 0.00362372 0.00880097 0.324307 0.00333492 0.074658 0.0377066 0.0614352 
0.197945 0.0222927 0.0110834 0.243726 0.0629032 0.000773302 1.9031e-05 0.00552851 0.00628845 0.269431 0.000465153 0.0284979 0.00686446 0.144182 
0.0406602 0.0659441 0.0268184 0.324077 0.0283803 0.000343756 0.025157 0.00073493 0.00465095 0.370446 0.00294943 0.044362 0.0201899 0.0452854 
0.0400906 0.0798844 0.0210852 0.0941108 0.267403 0.00277044 0.00842857 0.00307656 0.00829967 0.318818 0.00588997 0.0446471 0.0152236 0.0902719 
0.074438 0.113397 0.030697 0.183847 0.0878871 0.0118804 0.0125137 0.00509653 0.0150877 0.296741 0.00809973 0.0604602 0.018502 0.081353 
0.0947611 0.109978 0.0373401 0.200524 0.049086 0.000121543 0.0034498 0.00841826 0.0131405 0.311104 0.00102903 0.0729634 0.0201835 0.0779012 
0.0235909 0.0623049 0.0390149 0.070228 0.1083 0.000100592 0.00103775 0.000647678 0.00600707 0.490808 0.00735168 0.0973311 0.029645 0.0636325 
0.0109634 0.0101125 0.0246619 0.290113 0.0523563 9.82628e-05 0.000372378 6.26744e-05 0.000839552 0.294113 0.000529438 0.068557 0.163134 0.0840865 
0.0445418 0.0384701 0.048072 0.143792 0.268137 0.000711726 0.000732031 0.00160646 0.0648033 0.309043 0.000143215 0.0378592 0.00602955 0.0360592 
0.192221 0.0205409 0.0251405 0.166403 0.0768114 0.000911772 0.000491714 0.00488359 0.0662318 0.279419 0.00102611 0.0349663 0.0267493 0.104203 
0.0354971 0.0452962 0.00999934 0.281069 0.0645297 0.000235147 7.2797e-06 0.00148147 0.000708605 0.464026 0.000348946 0.035721 0.0377082 0.0233725 
0.117161 0.120687 0.0107837 0.0369778 0.0995727 0.0007994 0.00656532 0.00129941 0.00289042 0.349646 0.0015962 0.0383715 0.0343974 0.179253 
0.0673898 0.0983021 0.0174347 0.145006 0.118638 0.000246806 0.00472794 0.000430901 0.00998503 0.309904 0.0183878 0.0460274 0.0821089 0.0814109 
0.0123481 0.00552006 0.0503235 0.210571 0.0710128 0.00150322 0.00032925 6.13487e-05 0.000204014 0.30618 0.000410326 0.0474638 0.172601 0.121472 
0.0112887 0.044465 0.0376566 0.169184 0.104104 0.0004287 0.00103872 0.000557998 0.00412793 0.459381 0.00194912 0.0934342 0.0561118 0.0162716 
0.016102 0.09555 0.014516 0.135188 0.0741762 0.00328359 0.00600495 0.00253869 0.0081914 0.351397 0.0029533 0.0253639 0.00747416 0.25726 
0.0454123 0.0902316 0.0289803 0.157632 0.105412 0.00109469 0.00834284 0.00257269 0.00676271 0.393348 0.0150544 0.0529085 0.0238343 0.0684131 
0.00380231 0.00531165 0.0594203 0.121571 0.0886307 0.000127173 0.000467612 0.0134076 0.0001332 0.266433 0.0417643 0.0770391 0.245764 0.0761284 
0.0606494 0.0352173 0.0403427 0.08731 0.165471 0.000736788 0.000221258 0.000406135 0.00171489 0.46049 0.0096343 0.0753385 0.0339068 0.028561 
0.0397942 0.236805 0.0204425 0.143776 0.0915812 0.000285027 0.00859743 0.0151927 0.0417254 0.265094 0.00351821 0.0476813 0.0115028 0.0740039 
0.016276 0.0430537 0.05434 0.129393 0.169432 0.000202266 0.0112337 0.000334913 0.00602575 0.209806 0.00885882 0.158289 0.17152 0.0212344 
0.0949428 0.171357 0.0108575 0.204526 0.100551 0.000173468 0.0031034 0.00114826 0.00657515 0.264823 0.00295682 0.060987 0.00912995 0.0688689 
0.031346 0.115142 0.0188187 0.228623 0.0803553 0.00512776 0.000196472 0.110382 0.00756968 0.255223 0.00593306 0.0742995 0.0255833 0.0413999 
0.0236514 0.112091 0.0322009 0.0706698 0.206729 0.000427613 0.00656026 0.000777386 0.0100065 0.410956 0.0165795 0.0618163 0.0227028 0.0248317 
0.0342155 0.299818 0.0226923 0.0361755 0.0898516 0.000411066 0.00232427 0.000301899 0.0128383 0.376593 0.00855142 0.0397786 0.0120646 0.0643839 
0.0220079 0.0224241 0.0143581 0.289632 0.0595167 0.000394128 7.56223e-05 0.00555945 0.0018715 0.526315 0.000998751 0.0367168 0.00337894 0.0167515 
0.00116111 0.0638729 0.0163316 0.0354748 0.208367 0.0012145 1.55531e-05 3.0563e-05 0.00368389 0.5044 0.0199104 0.00796576 0.00507978 0.132492 
0.0342242 0.0906421 0.0269248 0.0481818 0.131283 0.00043639 0.00443532 0.00296941 0.00641794 0.555026 0.00426495 0.0494737 0.00774128 0.0379791 
0.0243117 0.0259529 0.0105431 0.227391 0.129532 7.02102e-05 0.000283977 0.00134462 0.00466602 0.453986 0.00752349 0.0610039 0.0358123 0.0175787 
0.0416026 0.0410496 0.00701995 0.0976749 0.103112 7.30354e-05 0.00545778 0.000210521 0.00421336 0.591623 0.0148211 0.0361438 0.0299011 0.0270968 
0.0434927 0.0984989 0.0347247 0.226061 0.076197 0.000280328 0.00391858 0.00218159 0.00688786 0.404127 0.00276259 0.053921 0.0153762 0.0315703 
0.101159 0.0452881 0.00836937 0.19372 0.0855058 0.000274124 0.00416553 0.00052817 0.00491315 0.23572 0.000779681 0.0541572 0.0605453 0.204875 
0.195047 0.0481076 0.028262 0.167486 0.0654737 0.000915212 0.00287245 0.00853834 0.00637626 0.337127 0.000235442 0.0485434 0.0301946 0.0608207 
0.0249171 0.105563 0.0255353 0.0778412 0.0962958 0.000722441 0.00821155 0.00301571 0.00759182 0.517428 0.015588 0.0343921 0.0132072 0.0696903 
0.0301672 0.0450688 0.0191821 0.226164 0.12032 5.44739e-05 0.00105038 0.0010905 0.00356279 0.394748 0.00146383 0.0540261 0.0405903 0.062512 
0.00684383 0.217411 0.00492572 0.174919 0.18252 5.55444e-06 0.00103014 0.0100247 0.00163953 0.245592 0.0326313 0.114512 0.00239403 0.00555209 
0.0502779 0.0793899 0.0190623 0.132092 0.0698039 0.000459239 0.00224568 0.00328709 0.00973711 0.450416 0.00691746 0.0691388 0.0158842 0.0912888 
0.0501051 0.105422 0.0373846 0.194296 0.0825287 0.000741795 0.00306642 0.0119303 0.00721695 0.235786 0.00335832 0.0478923 0.00767417 0.212597 
0.051202 0.0861661 0.0227383 0.167963 0.16059 0.000202455 0.00478633 0.00397189 0.0386893 0.292844 0.0233 0.0408767 0.0582615 0.0484087 
0.0113862 0.0386953 0.0121089 0.226994 0.174166 0.000159192 0.0045628 0.000516165 0.00434033 0.413038 0.0153348 0.0564263 0.0163924 0.0258794 
0.0326347 0.0945077 0.0235065 0.15022 0.193356 0.000291337 0.010635 0.000907635 0.00551563 0.304632 0.00404702 0.125023 0.0282426 0.0264805 
0.0362025 0.0659827 0.0364084 0.15303 0.151466 0.000301902 0.00651265 0.00657633 0.0281589 0.280216 0.0122369 0.115567 0.0358191 0.0715226 
0.109685 0.183479 0.0131873 0.0825353 0.155757 0.0247484 0.012233 0.00407152 0.015139 0.193224 0.00711224 0.0632532 0.0577981 0.0777771 
0.068991 0.0335079 0.0282784 0.281636 0.0980155 0.000730117 0.000690179 0.00190444 0.00561078 0.347463 0.00191634 0.0438747 0.0620856 0.0252969 
0.014851 0.0474023 0.0157377 0.169782 0.184829 7.23158e-05 0.00616339 0.00129639 0.00135349 0.37931 0.000238192 0.090856 0.05394 0.0341682 
0.0367196 0.0923535 0.0215007 0.127784 0.0846827 0.00064104 0.0101912 0.00265199 0.00310166 0.520189 0.00590686 0.0487998 0.00877169 0.0367061 
0.0104716 0.0331034 0.01626 0.147202 0.214105 8.37828e-05 7.82004e-06 0.000597406 0.00140546 0.429568 0.00331511 0.0832173 0.0298059 0.0308576 
0.0154825 0.303145 0.0278172 0.0553828 0.104059 0.000290801 0.000406481 0.000809553 0.00676135 0.39862 0.0076691 0.0427629 0.0208869 0.0159063 
0.0246062 0.22212 0.0317392 0.113272 0.114413 0.000154845 0.012333 0.005132 0.0148203 0.27867 0.0127584 0.0757642 0.0186384 0.0755772 
0.0278853 0.0570991 0.0542224 0.204014 0.175861 0.00381168 0.00258617 0.00429542 0.00612781 0.284615 0.000223699 0.129491 0.0111633 0.038604 
0.0407106 0.203148 0.0171472 0.123326 0.104452 0.000312078 0.00787718 0.00187673 0.00845699 0.326171 0.0118277 0.0468209 0.0378189 0.0700548 
0.0046292 0.056619 0.00876279 0.0616686 0.306592 0.000640693 2.72435e-05 0.000136602 0.000511134 0.37956 0.0788878 0.0639792 0.0237067 0.0142783 
0.164211 0.0736228 0.0435892 0.0980451 0.0672584 0.000467838 0.018377 0.00229034 0.0770322 0.257874 0.00544638 0.0632385 0.0642704 0.0642768 
0.100084 0.0807793 0.024166 0.112537 0.12834 0.000306281 0.015124 0.000959155 0.00689581 0.388794 0.00377464 0.0986312 0.0152518 0.024357 
0.182573 0.0658177 0.0243643 0.079285 0.133186 0.000213369 0.00249531 0.00220523 0.151893 0.26269 0.00458182 0.0450371 0.0119157 0.0337426 
0.0327271 0.243 0.0173802 0.112388 0.0688635 0.000135732 0.00203792 0.00935603 0.00240121 0.409741 0.00307192 0.0522108 0.0148472 0.0318389 
0.077904 0.170591 0.0254467 0.128486 0.118311 9.40615e-05 0.00603258 0.0035003 0.0166576 0.217901 0.00507646 0.0295902 0.0115806 0.188829 
0.0709227 0.0567779 0.0213266 0.221107 0.0196039 0.000151884 0.0022719 0.00422951 0.0387543 0.319409 0.00203873 0.0242091 0.154736 0.0644615 
0.0658233 0.0402153 0.0389261 0.246201 0.0350601 0.000286777 0.0027441 0.00182405 0.0151967 0.360589 0.0020354 0.0610415 0.0330582 0.0969984 
0.0691424 0.148661 0.0175311 0.0729711 0.115041 0.0103096 0.000577566 0.0453667 0.0272711 0.295549 3.28317e-05 0.0438188 0.00224079 0.151488 
0.0553186 0.0108338 0.0292906 0.24203 0.0114911 0.00038413 0.000306881 0.00213328 0.00367285 0.440722 0.000670371 0.0885245 0.01529 0.099332 
0.0181681 0.0754221 0.0270968 0.184771 0.0516891 0.000413744 0.0110283 0.00425928 0.00300395 0.483521 0.0035077 0.0563786 0.0432676 0.0374723 
0.0172865 0.0595458 0.0165728 0.189602 0.166776 0.000308367 0.00277822 0.00249877 0.00103472 0.33495 0.034438 0.151022 0.00903606 0.0141519 
0.0512368 0.11954 0.0172084 0.0525439 0.179519 0.00183184 0.0103746 0.0012136 0.147314 0.280925 0.0293662 0.0428756 0.0208086 0.0452422 
0.0929409 0.0952886 0.0245431 0.0774941 0.0638411 0.000601546 0.00802798 0.00177526 0.00236206 0.527726 0.00406052 0.0261943 0.00438468 0.0707598 
0.144779 0.0237471 0.0167452 0.0277558 0.088178 0.000253751 0.000246645 0.0128798 0.00258236 0.486389 0.00148021 0.0564343 0.00336245 0.135167 
0.113236 0.0638582 0.0146366 0.064597 0.226937 0.00100226 0.000896512 0.0499685 0.00493825 0.271193 0.00145732 0.110435 0.00996334 0.066881 
0.0206954 0.0886544 0.0168011 0.0781028 0.154782 0.00174425 0.000700205 0.00183412 0.00705805 0.419867 0.00561859 0.0472208 0.0145685 0.142353 
0.0359025 0.0824316 0.0423541 0.0740743 0.050723 0.000558552 0.0151046 0.00747053 0.0376006 0.553701 0.0033118 0.0530799 0.00637019 0.0373174 
0.0811743 0.0415979 0.0937951 0.116536 0.138397 6.324e-05 3.99977e-05 0.00117195 0.0671126 0.220134 0.000339111 0.141457 0.048037 0.050145 
0.034157 0.140502 0.0315789 0.193182 0.141691 0.000522269 0.00464473 0.00472513 0.0114422 0.313158 0.00436742 0.0581864 0.0224104 0.0394325 
0.00708953 0.0653303 0.0314552 0.0868847 0.1636 8.93931e-05 8.8099e-05 0.00239036 0.00183711 0.541363 0.00333871 0.0681168 0.0045786 0.0238382 
0.061283 0.0631382 0.01719 0.0754519 0.0355795 0.000368699 0.0266807 0.00138912 0.0556855 0.5448 0.000468435 0.0420372 0.00868652 0.0672412 
0.0134285 0.0947596 0.0256705 0.102131 0.0450452 0.000249492 0.00288336 0.00219248 0.00309793 0.643753 0.00432936 0.0252785 0.0137249 0.0234565 
0.0444391 0.0360916 0.0167313 0.283052 0.0493224 0.00178975 0.000305034 0.00220003 0.00334566 0.408243 0.000361341 0.056847 0.0310948 0.0661769 
0.032142 0.0227936 0.0365634 0.2476 0.0291535 0.00171786 0.000993147 0.00366647 0.00246943 0.489715 0.00116291 0.0492344 0.033971 0.0488173 
0.0293753 0.0374808 0.00563307 0.113052 0.147826 0.00131608 0.0174889 0.0285134 0.00632004 0.24401 0.00436148 0.221971 0.0249147 0.117737 
0.0438513 0.0502998 0.0275761 0.236805 0.0771605 0.000384636 0.010096 0.00138279 0.00436818 0.311162 0.00196635 0.0954112 0.0433134 0.0962229 
0.106931 0.0451313 0.0300753 0.115842 0.0815287 0.00016115 0.000116482 0.00173882 0.0303353 0.308921 0.000867745 0.118618 0.0106122 0.149121 
0.0346409 0.09687 0.033721 0.187575 0.176499 0.000470234 0.00667407 0.00466272 0.00773572 0.219229 0.00763171 0.135763 0.0327053 0.0558219 
0.0246532 0.0374029 0.03461 0.100483 0.218114 0.000181464 0.000955773 0.000246365 0.00400597 0.408644 0.000629765 0.111963 0.0354171 0.0226934 
0.0546149 0.104496 0.0490411 0.110648 0.08166 0.000432287 0.0163749 0.00128968 0.00481178 0.368993 0.00299199 0.105351 0.0624656 0.03683 
0.0287123 0.0800065 0.0366431 0.273162 0.057364 0.00023505 0.00337363 0.00364074 0.00610554 0.369167 0.00794927 0.0561922 0.0352731 0.0421764 
0.0295461 0.0932124 0.0125789 0.120255 0.115238 0.000305032 0.000431132 0.00231689 0.00249757 0.386204 0.00191121 0.0491783 0.00972781 0.176598 
0.0194117 0.0591638 0.0221016 0.372333 0.0235597 4.31789e-05 5.97482e-06 0.00280757 0.000339323 0.376058 0.00230123 0.0521494 0.017311 0.0524147 
0.109381 0.0332005 0.00918407 0.181455 0.140009 0.000105832 0.001732 0.00032913 0.00580925 0.264334 0.00265021 0.0867369 0.11633 0.0487432 
0.0288398 0.23021 0.0048375 0.0393928 0.287704 0.000401557 0.00950822 0.0021691 0.00651757 0.295019 0.026578 0.0179639 0.00123094 0.0496268 
0.140577 0.0274419 0.0281082 0.220074 0.0667048 0.00062976 0.000141754 0.00618011 0.0139549 0.249675 0.000504428 0.05307 0.105559 0.0873789 
0.0382159 0.184764 0.0250874 0.157727 0.0997654 0.000539713 0.00748696 0.00909961 0.0120862 0.326546 0.00700319 0.0518598 0.0151999 0.0646191 
0.0184185 0.246316 0.0135153 0.169886 0.103136 0.000817852 0.00753391 0.000600176 0.00690896 0.300887 0.00297976 0.0336711 0.00306834 0.0922606 
0.0407783 0.0607522 0.0468941 0.102145 0.0421497 0.000523557 0.00537206 0.000655764 0.00542852 0.518665 0.00706111 0.0571325 0.0164171 0.0960248 
0.0175292 0.0860158 0.0633867 0.0733321 0.194289 0.00428386 0.0045689 0.00178223 0.0144881 0.342046 0.0246934 0.0453193 0.0486164 0.0796492 
0.0435407 0.125303 0.0365743 0.117567 0.0499008 8.64099e-05 9.64674e-06 0.00371419 0.00294237 0.528611 0.000559976 0.0400623 0.0241387 0.0269897 
0.0710312 0.100235 0.0266347 0.119509 0.175008 0.000581274 0.00189086 0.0264518 0.159361 0.18156 0.0053754 0.0646869 0.00703052 0.0606445 
0.0820701 0.0603126 0.0219315 0.249775 0.112126 0.000191104 0.00111967 0.00378295 0.00431228 0.329914 0.0119738 0.0546233 0.0179426 0.0499252 
0.0766711 0.0562985 0.00667197 0.108475 0.0995559 0.000363893 0.00348357 0.000927345 0.0022381 0.495929 0.000129266 0.0371323 0.00689225 0.105232 
0.107203 0.0439055 0.0679723 0.176313 0.0646666 0.00056146 0.00166996 0.00443783 0.0150378 0.305388 0.00129443 0.0814648 0.0631141 0.0669712 
0.0187817 0.0363061 0.0161316 0.240571 0.066619 0.000630526 0.00259495 0.000338164 0.00262349 0.42422 0.00330408 0.139912 0.0283909 0.0195767 
0.0750967 0.14939 0.0331311 0.207614 0.116737 0.000102831 0.00102179 0.00525539 0.00994138 0.260507 0.00110542 0.0502007 0.0222544 0.0676428 
0.0141701 0.141209 0.0222014 0.103339 0.0776621 0.00108159 0.00416078 0.00224698 0.00392875 0.5504 0.00581056 0.0324153 0.0156435 0.0257318 
0.0419364 0.0719439 0.0208876 0.165597 0.0493885 0.000398288 0.000280722 0.000584843 0.00168637 0.465064 0.00109231 0.0666151 0.0130991 0.101426 
0.0161352 0.0381697 0.0238497 0.158799 0.211545 0.000242619 0.00135288 0.000429811 0.00426755 0.337176 0.0138199 0.0437623 0.0927554 0.0576949 
0.034331 0.108409 0.0337619 0.0767404 0.142665 0.000124869 0.00779937 0.00181922 0.00529293 0.333604 0.00528031 0.0714134 0.0174229 0.161336 
0.141921 0.128482 0.0230607 0.0861828 0.138051 0.000575492 0.0116584 0.00230661 0.0520675 0.229906 0.0095894 0.054007 0.0238399 0.098352 
0.044871 0.0427299 0.0291642 0.110288 0.0857295 0.000343897 0.0013721 0.000404959 0.00450742 0.308662 0.00548074 0.0549653 0.266558 0.0449231 
0.0455639 0.256884 0.0291741 0.0900611 0.112952 0.000375052 0.00664313 0.010771 0.02503 0.274323 0.00381207 0.0421985 0.00827799 0.0939341 
0.0881418 0.0812314 0.0118592 0.0284758 0.0308353 0.000593366 0.010112 0.00106906 0.0147818 0.351494 0.00259477 0.0272181 0.0256554 0.325938 
0.0498394 0.0106456 0.0235217 0.200784 0.104305 0.000845948 0.000501111 0.00084913 0.00197581 0.417147 0.00657195 0.127186 0.0313582 0.0244684 
0.0535399 0.106776 0.0267536 0.238365 0.06393 0.000699387 0.00680955 0.0148841 0.00806779 0.275804 0.0040625 0.0567806 0.0227357 0.120792 
0.195047 0.0481076 0.028262 0.167486 0.0654737 0.000915212 0.00287245 0.00853834 0.00637626 0.337127 0.000235442 0.0485434 0.0301946 0.0608207 
0.00939595 0.0389707 0.00877641 0.201189 0.133406 0.000215418 0.000311784 0.000119705 0.000574718 0.466021 0.00523715 0.0637676 0.0465974 0.0254167 
0.0796502 0.171605 0.0991441 0.0883911 0.10138 0.000546942 0.0207925 0.00203273 0.0743412 0.225952 0.00943436 0.0444593 0.0166897 0.0655809 
0.0554855 0.108747 0.0316219 0.244851 0.0821789 0.000516791 0.00619928 0.024359 0.00932509 0.258145 0.00533048 0.0688037 0.0178003 0.0866356 
0.000780647 0.106791 0.202567 0.0057379 0.315516 1.512e-05 6.18545e-05 1.29371e-05 2.48065e-05 0.334727 0.00221094 0.0223319 0.00546224 0.00376083 
0.0107948 0.0553123 0.0246014 0.0560282 0.354438 0.000755362 0.000913045 0.000481517 0.00933176 0.392308 0.000436538 0.0620866 0.020454 0.0120589 
0.0856853 0.0107423 0.0332287 0.19902 0.0276897 0.000139797 1.10048e-05 0.00502827 0.00232959 0.526677 0.000830473 0.0399471 0.0434878 0.0251826 
0.0197386 0.176971 0.0369603 0.0715561 0.127792 0.000308215 0.0112115 0.000264279 0.00756676 0.376589 0.0246416 0.0479779 0.0155833 0.0828398 
0.0105929 0.0468883 0.0216801 0.0332246 0.156617 0.000385015 1.99616e-05 0.000102394 0.000619738 0.561641 0.00392542 0.0497225 0.0240726 0.0905088 
0.0941433 0.0684095 0.0280716 0.216583 0.0907508 0.000559668 0.00291737 0.00178568 0.0120367 0.303836 0.0105441 0.0584888 0.0125259 0.0993483 
0.0631892 0.0376223 0.0237626 0.133858 0.0788364 0.00125213 0.000307738 0.000461548 0.002612 0.545353 0.0111931 0.0639816 0.0180606 0.0195096 
0.0667211 0.0831279 0.0315568 0.24386 0.0455506 0.00034651 0.00804387 0.00349817 0.0120167 0.264622 0.0018194 0.0481798 0.100111 0.0905467 
0.106595 0.172847 0.0205169 0.193569 0.0646408 0.000282772 0.00475905 0.00739133 0.00757415 0.251794 0.00209785 0.0852832 0.0101751 0.0724732 
0.111183 0.050702 0.0260311 0.0841915 0.0832534 0.000117022 0.000525471 0.00021788 0.00554307 0.506339 0.0165903 0.048935 0.0249783 0.0413924 
0.0303133 0.193827 0.026072 0.100212 0.06515 0.00120791 0.00961827 0.0106108 0.00788673 0.452086 0.00746894 0.0347948 0.0285944 0.0321582 
0.0304479 0.0439048 0.0107868 0.162093 0.0595447 0.000195006 0.00195561 0.000306939 0.0026173 0.282713 0.00133445 0.0704911 0.125608 0.208001 
0.00931544 0.0330647 0.0175766 0.120474 0.19144 0.000630716 1.72933e-05 0.000231298 0.00074944 0.477493 0.00903379 0.092842 0.0259778 0.0211537 
0.00435947 0.142656 0.0109753 0.13587 0.165372 9.47174e-05 0.00837598 0.000346067 0.00252553 0.391843 0.00084272 0.0792371 0.0347191 0.0227833 
0.120511 0.0576735 0.0286802 0.135309 0.141702 0.000238497 0.00217824 0.00955532 0.0135092 0.166325 0.00437904 0.158926 0.120608 0.0404057 
0.0772435 0.0778514 0.0434765 0.176283 0.0852113 0.00139437 0.0200749 0.00241868 0.0156186 0.281742 0.00448334 0.0655209 0.0425931 0.106089 
0.240593 0.0637507 0.0163253 0.157355 0.0923039 0.000431777 0.00556727 0.000662531 0.00919718 0.284707 0.0129549 0.0561035 0.0253954 0.0346522 
0.0269142 0.0856085 0.0231756 0.0725301 0.104022 0.000368655 0.000163254 0.00541284 0.00352028 0.535901 0.000390055 0.0411861 0.028511 0.0722963 
0.00701483 0.0568056 0.0724772 0.0923599 0.157525 0.000517936 0.00118489 0.0015536 0.00390546 0.417636 0.00309553 0.112648 0.00897516 0.0643014 
0.190009 0.0448902 0.0167607 0.16496 0.0459772 0.00042869 0.00219022 0.00202578 0.00569693 0.244247 0.00288815 0.0470266 0.0120298 0.22087 
0.0580331 0.132522 0.0368877 0.0624855 0.0676886 0.000371637 0.00395817 0.00827233 0.0129384 0.484634 0.00155657 0.0770401 0.0126194 0.0409924 
0.207666 0.0515081 0.0257175 0.212963 0.039949 0.00076661 0.0125267 0.000943515 0.00304504 0.219594 0.00176365 0.0603009 0.0882461 0.0750096 
0.00787266 0.0168876 0.0104073 0.237823 0.101158 0.000306694 9.09498e-06 0.00108431 0.00219856 0.296469 0.000768675 0.0206919 0.263395 0.0409282 
0.0587107 0.12468 0.0234597 0.155068 0.0854964 0.000651352 0.0126149 0.00971755 0.0102742 0.223845 0.00726151 0.0469145 0.0192957 0.22201 
0.138473 0.105694 0.0254969 0.167705 0.0916219 0.000386251 0.0067247 0.0108306 0.0227107 0.257992 0.00586483 0.057489 0.0526707 0.0563403 
0.01753 0.042193 0.0308726 0.123607 0.0719665 0.000576615 0.000316447 0.00258139 0.00191437 0.616553 0.00535589 0.0474509 0.0193842 0.0196978 
0.0134285 0.0947596 0.0256705 0.102131 0.0450452 0.000249492 0.00288336 0.00219248 0.00309793 0.643753 0.00432936 0.0252785 0.0137249 0.0234565 
0.0203379 0.0891712 0.0221726 0.0880897 0.161879 0.000674483 0.0016701 0.00361355 0.00858135 0.48295 0.0080646 0.0426228 0.0145486 0.055624 
0.019976 0.175674 0.0351594 0.079459 0.254406 0.00733998 0.00208091 0.000288163 0.0205492 0.277014 0.0412554 0.0581771 0.0140286 0.0145922 
0.0258607 0.147088 0.0171991 0.087764 0.206299 0.0031379 0.0164571 0.00262994 0.0110292 0.305608 0.0110193 0.0523584 0.0345916 0.078958 
0.0186771 0.0894354 0.0368238 0.104224 0.272584 0.000636621 3.522e-05 0.00202179 0.00304003 0.325779 0.0162945 0.0817502 0.0240121 0.0246869 
0.0690139 0.248178 0.00970653 0.0802356 0.0918407 0.0130961 0.00251912 0.000267478 0.0117558 0.330965 0.00435381 0.0390387 0.0106028 0.0884266 
0.0326047 0.0315627 0.0345402 0.104582 0.120762 0.00026405 0.000131998 0.00140231 0.002408 0.486968 2.55814e-05 0.122468 0.0224698 0.0398116 
0.227309 0.042785 0.0307663 0.12173 0.0629238 0.000208113 0.0113153 0.00157935 0.00988123 0.3608 0.0143044 0.0388245 0.0293529 0.04822 
0.0173507 0.0366067 0.0447614 0.174231 0.119177 0.000584872 0.00738832 0.000589285 0.00355816 0.350466 0.00646005 0.157155 0.0433647 0.0383059 
0.00377069 0.0653663 0.0225259 0.162593 0.140513 0.000294534 0.00262968 0.00043375 0.00274093 0.464316 0.00938883 0.0828866 0.0348803 0.00766012 
0.0300744 0.0832026 0.0355741 0.119935 0.13792 0.000143518 0.00343812 0.00276382 0.00578675 0.402541 0.00545002 0.0833913 0.0156932 0.0740856 
0.086748 0.0579126 0.13425 0.11314 0.172142 6.84356e-05 0.0102666 0.0106693 0.0254098 0.239883 0.0366672 0.052788 0.0175178 0.0425378 
0.236102 0.00980853 0.017244 0.265481 0.0684571 0.00148553 0.0106759 0.00785889 0.00189034 0.27743 0.00185618 0.0236814 0.0124683 0.0655598 
0.0280768 0.0687658 0.0268085 0.0611828 0.174002 0.0462915 0.00160857 0.00414455 0.0102695 0.367875 0.00288978 0.0454354 0.017748 0.144902 
0.0301136 0.0817678 0.0367239 0.140476 0.132097 0.000417881 0.00896321 0.00266463 0.00969989 0.386067 0.00448917 0.0809909 0.0231994 0.0623296 
0.022862 0.0498054 0.026993 0.0958139 0.170553 0.000316673 0.00185125 0.00139766 0.00193269 0.478624 0.000402183 0.0590895 0.0455794 0.0447792 
0.038742 0.200575 0.0144984 0.192359 0.0778524 0.000449482 0.0127618 0.060679 0.011208 0.21601 0.00501591 0.0618357 0.014285 0.093728 
0.00314588 0.011542 0.000317019 0.168331 0.175766 4.21086e-05 2.79033e-05 0.000750318 0.00220265 0.606223 0.000344918 0.0176956 0.00190446 0.0117069 
0.0646259 0.110861 0.0463074 0.055691 0.214999 6.82967e-05 0.0312077 0.000346511 0.0342713 0.283374 0.00689648 0.0316562 0.0528942 0.0668004 
0.0256353 0.0933668 0.0107322 0.0239357 0.0808451 0.000801134 0.000271872 0.00022721 0.00374636 0.647377 0.0083319 0.0257779 0.00900437 0.0699468 
0.101572 0.134045 0.0574115 0.154767 0.0764275 1.19129e-06 0.00610941 0.0026734 0.0227303 0.265137 0.00154478 0.0990078 0.0395572 0.0390148 
0.00493127 0.143943 0.0210652 0.167334 0.266082 6.0482e-05 0.0165161 0.0106275 0.00543837 0.266483 0.0108089 0.0657404 0.00358784 0.017382 
0.00081233 0.0571182 0.00866227 0.0251463 0.166978 6.80844e-06 0.000350417 2.76578e-05 0.0129989 0.692685 0.000774458 0.0139469 0.0132925 0.00719969 
0.0581948 0.175409 0.0148054 0.109951 0.0748679 0.000281385 0.00248159 0.00231037 0.00881289 0.424192 0.00385233 0.0453543 0.0114363 0.0680515 
0.125015 0.0159943 0.0184423 0.251803 0.0388771 5.66039e-05 0.000413905 0.000298016 0.00267578 0.343309 0.000106248 0.0333851 0.121354 0.0482701 
0.0668576 0.0316228 0.0717181 0.178107 0.0288372 0.000311966 0.0207436 0.00166515 0.0027042 0.255777 0.00102204 0.050328 0.0810315 0.209274 
0.0262223 0.0383381 0.0300718 0.0651155 0.0486313 0.000270248 0.000777535 0.00335234 0.00568597 0.396195 0.00288433 0.0118499 0.0124243 0.358182 
0.0311821 0.0812821 0.0217869 0.157501 0.146118 0.000492864 0.00412389 0.00219093 0.00797979 0.382442 0.00626216 0.0503648 0.0251091 0.0831653 
0.15592 0.0571611 0.0910597 0.146682 0.0742225 8.07781e-05 0.00242982 0.00301612 0.00212514 0.271699 0.00128184 0.102696 0.0131309 0.0784947 
0.0299738 0.0167528 0.0253519 0.26274 0.026706 0.000824221 8.96177e-05 0.00311398 0.00117688 0.510271 0.000345586 0.0416268 0.0341556 0.0468728 
0.0929409 0.0952886 0.0245431 0.0774941 0.0638411 0.000601546 0.00802798 0.00177526 0.00236206 0.527726 0.00406052 0.0261943 0.00438468 0.0707598 
0.0854729 0.0166838 0.0333806 0.120072 0.0920738 0.000677677 0.000331655 0.00399719 0.00193015 0.571588 0.0030524 0.0418037 0.0154303 0.0135062 
0.0180122 0.0623135 0.0189389 0.126308 0.280939 0.000118524 0.000406909 0.00198182 0.00498575 0.286643 0.000883737 0.0728585 0.0242909 0.101319 
0.0962656 0.0361767 0.00627595 0.108725 0.0427564 0.000780213 0.000258476 0.000990868 0.00517486 0.503614 0.00391813 0.0535339 0.0153795 0.12615 
0.209149 0.0254316 0.0154178 0.250313 0.0529259 0.000398884 0.000188652 0.00249419 0.00393525 0.254479 0.000196426 0.0459365 0.0284724 0.110661 
0.0265261 0.231718 0.0306231 0.0553849 0.152418 0.000468355 0.00986143 0.000414999 0.0116834 0.381475 0.00738562 0.0382974 0.00785027 0.0458931 
0.00597448 0.062186 0.0286625 0.16514 0.206154 0.000184859 0.00113036 0.00220391 0.0027304 0.287057 0.00658186 0.159623 0.0571698 0.0152016 
0.0658109 0.106924 0.0318736 0.179313 0.0841867 0.0011522 0.0102582 0.00663595 0.00992365 0.228644 0.00461479 0.0734374 0.0224824 0.174743 
0.037522 0.0913129 0.0245479 0.0951021 0.0743984 0.00146819 0.0688321 0.00189606 0.0140526 0.299888 0.00251692 0.0583257 0.0154588 0.214678 
0.0541542 0.207197 0.024581 0.182258 0.0943322 0.000185879 0.00544556 0.0186337 0.0104827 0.270387 0.00658326 0.0574459 0.0196732 0.0486406 
0.0313936 0.0640416 0.0136697 0.113396 0.170712 0.000291553 0.00358173 0.00145297 0.0037726 0.409209 0.0100826 0.0517813 0.0101484 0.116467 
0.0805328 0.0682372 0.0164833 0.124173 0.0642054 0.000210924 0.00981009 0.00119618 0.229161 0.317878 0.00922048 0.012503 0.01723 0.0491589 
0.0194187 0.230846 0.0239978 0.179524 0.105954 7.21149e-05 0.00220124 0.0231989 0.0114693 0.267668 0.00959239 0.0722593 0.0182417 0.0355577 
