0.745292 0.166464 0.0756899 0.0125537 
0.791701 0.150261 0.0460866 0.0119518 
0.542078 0.368022 0.0871828 0.00271786 
0.455468 0.264773 0.277615 0.00214412 
0.610681 0.138939 0.24255 0.00783019 
0.750831 0.214463 0.0308311 0.00387482 
0.703629 0.191369 0.0890427 0.0159588 
0.53529 0.369735 0.0751809 0.0197938 
0.555817 0.273733 0.0305868 0.139864 
0.364637 0.301542 0.328609 0.00521173 
0.733192 0.115828 0.142625 0.00835557 
0.609346 0.248083 0.1411 0.00146997 
0.582674 0.169255 0.247785 0.000286247 
0.706628 0.197899 0.0899143 0.00555856 
0.660364 0.172792 0.164033 0.00281141 
0.672699 0.209213 0.0828836 0.0352043 
0.860637 0.0616821 0.0775764 0.000104595 
0.438056 0.426549 0.110462 0.0249336 
0.459839 0.367977 0.171406 0.000778223 
0.461665 0.441084 0.0943195 0.00293124 
0.740337 0.110621 0.149031 1.13817e-05 
0.860072 0.0609356 0.0753328 0.00365972 
0.714891 0.160767 0.117237 0.00710593 
0.611916 0.333536 0.0545056 4.17336e-05 
0.714478 0.216356 0.0679387 0.00122759 
0.667816 0.255623 0.0622862 0.0142747 
0.515189 0.380546 0.103984 0.000281589 
0.575854 0.266341 0.15054 0.00726432 
0.704151 0.0934082 0.194747 0.007694 
0.420443 0.196579 0.0201043 0.362874 
0.697113 0.156605 0.133518 0.0127639 
0.529485 0.103005 0.0415056 0.326005 
0.789213 0.112571 0.0924326 0.00578319 
0.469239 0.175578 0.35253 0.00265247 
0.876619 0.0592018 0.0292825 0.0348969 
0.85643 0.0994301 0.0337829 0.0103574 
0.584642 0.285154 0.117677 0.0125267 
0.806168 0.155016 0.0256536 0.0131623 
0.856359 0.0834611 0.0380917 0.0220887 
0.756283 0.118788 0.118376 0.00655327 
0.573282 0.254723 0.171976 2.00401e-05 
0.685132 0.243852 0.0707088 0.0003069 
0.7698 0.167555 0.0621283 0.000516657 
0.537518 0.23694 0.192679 0.0328637 
0.623022 0.162391 0.214505 8.16857e-05 
0.625039 0.210421 0.164509 3.07596e-05 
0.711538 0.213857 0.0742871 0.000318402 
0.849423 0.0785891 0.0599485 0.0120396 
0.769651 0.172315 0.0421141 0.0159193 
0.843056 0.0389202 0.11742 0.000603365 
0.74873 0.0897273 0.161256 0.000286759 
0.6604 0.0645059 0.00623566 0.268858 
0.770275 0.138836 0.0723511 0.0185374 
0.542251 0.253096 0.202491 0.00216181 
0.875076 0.0625574 0.060307 0.00205972 
0.445705 0.147804 0.399967 0.00652371 
0.605582 0.228407 0.165067 0.000944179 
0.557232 0.310671 0.131698 0.000398747 
0.482819 0.408537 0.0819756 0.0266686 
0.513155 0.411704 0.0743391 0.000801886 
0.677142 0.243631 0.071243 0.00798411 
0.824079 0.0837648 0.0785413 0.0136152 
0.469013 0.380528 0.0287669 0.121692 
0.843056 0.0389202 0.11742 0.000603365 
0.528024 0.359337 0.108694 0.0039457 
0.575769 0.327309 0.0885493 0.00837281 
0.569265 0.270455 0.0784436 0.0818369 
0.665171 0.243527 0.0806608 0.0106414 
0.622785 0.166918 0.209162 0.00113488 
0.658577 0.240195 0.0857794 0.0154484 
0.769663 0.131928 0.0920211 0.00638805 
0.789213 0.112571 0.0924326 0.00578319 
0.50752 0.272518 0.147152 0.0728104 
0.542786 0.396082 0.0586885 0.00244322 
0.389464 0.283714 0.324552 0.00227063 
0.836891 0.0905827 0.069225 0.0033012 
0.843056 0.0389202 0.11742 0.000603365 
0.499671 0.385231 0.115073 2.54794e-05 
0.449736 0.21759 0.327854 0.00481991 
0.780601 0.154584 0.0458927 0.0189225 
0.665244 0.214836 0.11813 0.0017906 
0.711865 0.19007 0.090165 0.00790008 
0.422272 0.179913 0.395464 0.00235092 
0.521765 0.338031 0.138912 0.00129175 
0.703748 0.19001 0.105445 0.000796591 
0.664843 0.258564 0.0669005 0.0096925 
0.613927 0.202626 0.180395 0.00305143 
0.778872 0.119332 0.100902 0.000895042 
0.485992 0.36705 0.120174 0.0267844 
0.631846 0.211927 0.15185 0.00437783 
0.671798 0.0593883 0.268805 8.59267e-06 
0.529727 0.320186 0.144547 0.00553944 
0.850625 0.0430906 0.106248 3.662e-05 
0.881781 0.0661205 0.0515132 0.000585429 
0.537011 0.073823 0.388736 0.000429906 
0.482788 0.436732 0.0752183 0.0052622 
0.789213 0.112571 0.0924326 0.00578319 
0.793045 0.142312 0.0609432 0.00370032 
0.53978 0.23497 0.0483819 0.176868 
0.658275 0.246945 0.0854282 0.00935106 
0.786368 0.174278 0.0387564 0.000597553 
0.758053 0.0550825 0.185946 0.000918211 
0.654348 0.303191 0.0424065 5.49582e-05 
0.86001 0.0522244 0.042204 0.0455616 
0.799193 0.0319072 0.168502 0.000397375 
0.814807 0.0960342 0.0891387 2.04917e-05 
0.583049 0.204328 0.201472 0.0111513 
0.707123 0.26507 0.0221229 0.00568437 
0.503218 0.312043 0.184712 2.76236e-05 
0.775389 0.143825 0.0779153 0.00287102 
0.665656 0.187468 0.128327 0.0185484 
0.895869 0.0708157 0.0067335 0.0265816 
0.865917 0.0634845 0.0671329 0.00346583 
0.453062 0.412118 0.0830531 0.0517671 
0.701047 0.165974 0.102098 0.0308807 
0.704629 0.193781 0.0985897 0.00299957 
0.789213 0.112571 0.0924326 0.00578319 
0.631253 0.271968 0.0967627 1.63483e-05 
0.862659 0.0690828 0.0340661 0.0341916 
0.824928 0.120289 0.0439358 0.0108468 
0.585855 0.339674 0.0705817 0.00388904 
0.748016 0.202102 0.0328827 0.016999 
0.744876 0.158857 0.0944594 0.00180767 
0.38403 0.32219 0.292547 0.00123284 
0.713364 0.221172 0.0542729 0.0111914 
0.70845 0.127019 0.141386 0.0231453 
0.685866 0.217712 0.0957219 0.000699229 
0.80283 0.131882 0.0519149 0.0133739 
0.578681 0.173785 0.226875 0.0206596 
0.820021 0.0923151 0.0691222 0.0185417 
0.775104 0.0586632 0.16153 0.00470247 
0.70913 0.149939 0.133203 0.00772821 
0.819381 0.134076 0.045014 0.00152903 
0.512869 0.457167 0.0223157 0.00764868 
0.709752 0.147912 0.134606 0.0077295 
0.86001 0.0522244 0.042204 0.0455616 
0.575854 0.266341 0.15054 0.00726432 
0.87649 0.055553 0.0241703 0.0437868 
0.823912 0.0798212 0.0877188 0.00854787 
0.46235 0.312871 0.224768 1.1563e-05 
0.899407 0.0393696 0.0523864 0.00883729 
0.666663 0.257701 0.0615654 0.0140704 
0.783451 0.139094 0.0604506 0.017004 
0.879734 0.0478781 0.0722512 0.000136991 
0.703974 0.213915 0.0819943 0.000116496 
0.620435 0.342937 0.0363557 0.000272447 
0.422753 0.174599 0.39095 0.0116981 
0.751172 0.194645 0.0498716 0.0043111 
0.441656 0.431924 0.12169 0.00472981 
0.65378 0.108427 0.20879 0.0290032 
0.500818 0.42408 0.068801 0.00630102 
0.674458 0.292344 0.0331553 4.26789e-05 
0.698532 0.180367 0.102904 0.0181973 
0.876619 0.0592018 0.0292825 0.0348969 
0.547756 0.288812 0.153837 0.00959462 
0.586797 0.304572 0.108395 0.00023587 
0.526211 0.397495 0.0747308 0.00156332 
0.647201 0.25753 0.0612992 0.0339695 
0.647221 0.322953 0.0170149 0.0128112 
0.670928 0.136906 0.163629 0.0285377 
0.789213 0.112571 0.0924326 0.00578319 
0.720988 0.150578 0.126835 0.0015993 
0.621917 0.265526 0.0954207 0.0171367 
0.73736 0.138383 0.0961011 0.0281553 
0.84151 0.0424912 0.114303 0.00169558 
0.702284 0.205636 0.0861995 0.0058809 
0.677314 0.185803 0.124802 0.0120813 
0.669219 0.219483 0.111289 9.37477e-06 
0.739265 0.209459 0.0465352 0.00474139 
0.881781 0.0661205 0.0515132 0.000585429 
0.531342 0.3651 0.0749087 0.0286487 
0.529034 0.364047 0.100957 0.00596263 
0.392997 0.239675 0.362904 0.00442392 
0.862552 0.0771619 0.0506502 0.00963595 
0.743018 0.166863 0.0815123 0.0086071 
0.619311 0.273002 0.0876931 0.0199939 
0.706483 0.212302 0.059266 0.021949 
0.550888 0.309993 0.13762 0.0014995 
0.86001 0.0522244 0.042204 0.0455616 
0.466147 0.419545 0.110462 0.00384512 
0.423629 0.118663 0.0362727 0.421436 
0.644371 0.205147 0.137153 0.0133298 
0.713542 0.178477 0.104816 0.00316469 
0.75647 0.162186 0.0731257 0.00821803 
0.575854 0.266341 0.15054 0.00726432 
0.789213 0.112571 0.0924326 0.00578319 
0.681292 0.17655 0.0913793 0.0507788 
0.48629 0.290295 0.109214 0.114201 
0.796804 0.127311 0.0756811 0.000204008 
0.651533 0.136478 0.0976383 0.114351 
0.685766 0.230949 0.0759446 0.00734007 
0.651322 0.187367 0.1589 0.00241023 
0.67849 0.241934 0.0607592 0.0188171 
0.669616 0.230268 0.0971197 0.00299565 
0.491871 0.29157 0.211194 0.00536465 
0.621338 0.309867 0.0630721 0.00572357 
0.556125 0.333051 0.108903 0.00192093 
0.809756 0.163807 0.0259835 0.000453382 
0.56006 0.238133 0.136403 0.0654041 
0.759587 0.0937264 0.144452 0.00223522 
0.616729 0.273926 0.108531 0.000814727 
0.643818 0.224974 0.122894 0.00831488 
0.789213 0.112571 0.0924326 0.00578319 
0.704257 0.0621406 0.21647 0.0171331 
0.562782 0.305288 0.0802462 0.0516838 
0.707826 0.23457 0.0507994 0.00680483 
0.75536 0.104509 0.0143057 0.125826 
0.394028 0.204025 0.388586 0.0133611 
0.834491 0.121224 0.0414521 0.00283349 
0.677981 0.20686 0.101897 0.0132622 
0.476399 0.447664 0.0285969 0.0473397 
0.515955 0.422103 0.06166 0.000281819 
0.669271 0.178063 0.152155 0.00051139 
0.60302 0.278688 0.0816399 0.0366519 
0.349311 0.298552 0.117785 0.234351 
0.823311 0.122572 0.0238167 0.0302999 
0.848355 0.068672 0.0826961 0.000277159 
0.87935 0.0345364 0.0860657 4.81453e-05 
0.498717 0.38523 0.0984001 0.0176527 
0.679376 0.194958 0.109447 0.0162188 
0.811889 0.126186 0.0619172 7.09809e-06 
0.635584 0.307467 0.0468957 0.0100532 
0.740712 0.203468 0.0433129 0.012507 
0.830733 0.0786963 0.0779777 0.012593 
0.785318 0.141083 0.0720897 0.00150879 
0.653973 0.177347 0.165863 0.00281587 
0.568593 0.361745 0.0509562 0.0187061 
0.498484 0.408851 0.0912743 0.00139048 
0.649872 0.323915 0.0174466 0.00876679 
0.779653 0.110956 0.109377 1.38109e-05 
0.694068 0.182737 0.0211029 0.102092 
0.660355 0.227047 0.102183 0.0104148 
0.693376 0.215431 0.0758516 0.0153412 
0.598183 0.352498 0.0490428 0.00027621 
0.789213 0.112571 0.0924326 0.00578319 
0.87649 0.055553 0.0241703 0.0437868 
0.370697 0.349488 0.2412 0.0386152 
0.588312 0.33156 0.0800473 8.03334e-05 
0.762845 0.131952 0.0364274 0.0687751 
0.385466 0.240411 0.257637 0.116485 
0.725387 0.113743 0.154628 0.00624151 
0.601597 0.369384 0.0284372 0.000581539 
0.840962 0.0992683 0.0322997 0.0274702 
0.422753 0.174599 0.39095 0.0116981 
0.740359 0.163724 0.0761344 0.0197824 
0.584016 0.296109 0.114815 0.00506009 
0.565543 0.229018 0.100022 0.105417 
0.774428 0.134206 0.0793218 0.0120444 
0.573554 0.329867 0.0963111 0.000267773 
0.897456 0.0695711 0.0216514 0.0113213 
0.814174 0.0371699 0.148213 0.000442997 
0.596926 0.244266 0.15304 0.00576836 
0.825486 0.068937 0.103833 0.0017439 
0.728516 0.170715 0.0629335 0.0378353 
0.687841 0.230051 0.0806656 0.00144198 
0.438647 0.139055 0.419363 0.00293428 
0.586096 0.290494 0.123367 4.25103e-05 
0.759684 0.145162 0.0928047 0.00234999 
0.557383 0.321785 0.119018 0.00181301 
0.888521 0.059174 0.0516393 0.000665788 
0.55394 0.338697 0.0996289 0.00773328 
0.465105 0.314376 0.219724 0.000794677 
0.785263 0.164538 0.04339 0.00680957 
0.599493 0.324117 0.0300508 0.0463395 
0.489992 0.449289 0.0338632 0.026856 
0.738881 0.169511 0.0805768 0.0110314 
0.727379 0.195794 0.0694361 0.00739026 
0.705967 0.160136 0.12902 0.00487701 
0.70294 0.213352 0.0590033 0.0247055 
0.86858 0.061641 0.0691632 0.000615669 
0.532867 0.379973 0.0844751 0.0026854 
0.363257 0.308136 0.129358 0.199248 
0.691046 0.251439 0.046657 0.0108582 
0.573763 0.246587 0.166769 0.0128806 
0.561647 0.263573 0.173796 0.000984 
0.363257 0.308136 0.129358 0.199248 
0.417989 0.315323 0.265959 0.000729711 
0.668979 0.106689 0.163574 0.0607577 
0.906063 0.0316288 0.0619305 0.000377276 
0.845989 0.073493 0.0727838 0.00773397 
0.642238 0.149116 0.208545 9.98155e-05 
0.820092 0.0868634 0.0870809 0.00596397 
0.593485 0.203591 0.179243 0.0236809 
0.713387 0.226524 0.0541297 0.005959 
0.475764 0.404477 0.108024 0.0117344 
0.663079 0.160037 0.131441 0.045443 
0.9229 0.0395357 0.0233119 0.0142521 
0.684052 0.236803 0.0757155 0.00342923 
0.8629 0.0287848 0.108155 0.000161108 
0.461275 0.456221 0.081081 0.00142228 
0.86517 0.0748077 0.0432487 0.0167732 
0.431825 0.423142 0.144804 0.000228997 
0.80182 0.0152222 0.18292 3.78176e-05 
0.441622 0.178422 0.372239 0.00771728 
0.530804 0.106258 0.362919 1.85811e-05 
0.527203 0.382998 0.0854294 0.00436938 
0.688087 0.230573 0.0576512 0.0236892 
0.793219 0.0929727 0.0953109 0.0184972 
0.665015 0.210497 0.119831 0.00465702 
0.411343 0.357171 0.224333 0.00715293 
0.856359 0.0834611 0.0380917 0.0220887 
0.410402 0.229134 0.355184 0.0052799 
0.681022 0.236538 0.0755391 0.00690082 
0.542666 0.257635 0.183464 0.0162347 
0.63791 0.257387 0.0636391 0.0410633 
0.614462 0.280401 0.10157 0.00356696 
0.483114 0.421006 0.0934168 0.00246234 
0.499638 0.389305 0.0918841 0.0191727 
0.780452 0.142349 0.0569562 0.0202429 
0.593251 0.183213 0.222671 0.000865567 
0.457753 0.387024 0.149147 0.00607597 
0.926334 0.0267896 0.0468553 2.10324e-05 
0.47829 0.395207 0.0668344 0.0596685 
0.790735 0.152766 0.0561283 0.000370787 
0.570982 0.326797 0.0994964 0.00272442 
0.865592 0.0561629 0.0666239 0.0116214 
0.565134 0.37308 0.0615157 0.000270448 
0.508059 0.215379 0.274232 0.00232996 
0.789213 0.112571 0.0924326 0.00578319 
0.422753 0.174599 0.39095 0.0116981 
0.557955 0.348181 0.0884113 0.00545241 
0.803939 0.0792269 0.11612 0.000714385 
0.494986 0.138463 0.349783 0.0167689 
0.571629 0.265576 0.162725 6.96456e-05 
0.603726 0.324455 0.0709418 0.000877184 
0.770378 0.0922126 0.132885 0.00452481 
0.739617 0.168883 0.0166037 0.0748966 
0.742398 0.187089 0.0699843 0.000528394 
0.907522 0.0247339 0.0673289 0.000414907 
0.876619 0.0592018 0.0292825 0.0348969 
0.487213 0.292591 0.0856679 0.134527 
0.711453 0.139417 0.147132 0.00199777 
0.66035 0.0827994 0.113059 0.143792 
0.859509 0.0636765 0.0726015 0.00421321 
0.77544 0.0373102 0.186739 0.000510033 
0.390374 0.367812 0.0939679 0.147846 
0.907522 0.0247339 0.0673289 0.000414907 
0.770466 0.0758778 0.153575 8.07885e-05 
0.837303 0.0735215 0.0823258 0.00684969 
0.651322 0.187367 0.1589 0.00241023 
0.746215 0.22618 0.0266094 0.000996052 
0.552397 0.378078 0.0323949 0.0371307 
0.512157 0.0801775 0.40187 0.00579597 
0.702037 0.184562 0.113162 0.000238185 
0.409749 0.37284 0.0293761 0.188035 
0.679484 0.19019 0.123275 0.00705111 
0.737347 0.160507 0.0546338 0.0475131 
0.643381 0.227095 0.119263 0.0102607 
0.767225 0.146252 0.0727059 0.0138175 
0.815973 0.0920817 0.0311628 0.0607824 
0.917001 0.0314871 0.0183021 0.0332098 
0.732884 0.173426 0.0755253 0.0181648 
0.743687 0.157834 0.0966185 0.00186038 
0.795913 0.0674108 0.130142 0.00653462 
0.47641 0.462046 0.0582636 0.0032806 
0.80668 0.0418842 0.131754 0.0196817 
0.509126 0.31766 0.171266 0.00194727 
0.440575 0.18639 0.372885 0.00015032 
0.579291 0.345103 0.0711187 0.00448807 
0.58678 0.307548 0.0990844 0.0065874 
0.862019 0.092394 0.0423181 0.00326914 
0.788675 0.107044 0.094596 0.00968541 
0.471222 0.409966 0.117407 0.00140505 
0.803942 0.084028 0.0818787 0.0301509 
0.572312 0.386896 0.0328232 0.0079687 
0.390048 0.309961 0.298279 0.00171213 
0.713821 0.258755 0.0123935 0.0150302 
0.75763 0.145335 0.0950206 0.00201391 
0.662014 0.203044 0.0517662 0.0831758 
0.876619 0.0592018 0.0292825 0.0348969 
0.520524 0.221787 0.220778 0.036911 
0.699586 0.172658 0.0819398 0.0458164 
0.623728 0.130249 0.245356 0.000665899 
0.883462 0.0310769 0.0847801 0.000680582 
0.576361 0.29311 0.106973 0.0235558 
0.515885 0.363177 0.11822 0.00271706 
0.555858 0.267061 0.176975 0.000105563 
0.789213 0.112571 0.0924326 0.00578319 
0.758185 0.17381 0.0203388 0.0476664 
0.831187 0.0572388 0.108789 0.00278522 
0.603748 0.310669 0.067545 0.0180375 
0.68492 0.0749479 0.100467 0.139665 
0.650197 0.20028 0.14384 0.0056832 
0.833654 0.0431366 0.123167 4.21053e-05 
0.809874 0.1118 0.0277792 0.0505465 
0.899855 0.0522008 0.047361 0.000583376 
0.481777 0.306986 0.198272 0.0129646 
0.891651 0.0807683 0.0249372 0.00264356 
0.816793 0.136768 0.0436014 0.00283765 
0.808059 0.0771404 0.106338 0.00846261 
0.65603 0.242715 0.0499831 0.0512718 
0.50257 0.355746 0.140742 0.000941458 
0.835445 0.104644 0.0363694 0.0235419 
0.78544 0.141437 0.0720851 0.00103719 
0.722972 0.125058 0.0659172 0.0860532 
0.651954 0.195206 0.142101 0.0107387 
0.702582 0.180848 0.103133 0.0134366 
0.665914 0.193439 0.057426 0.0832213 
0.824649 0.0510493 0.119462 0.00483943 
0.890775 0.055619 0.0535951 1.05333e-05 
0.606115 0.261017 0.131 0.0018686 
0.511709 0.422889 0.064601 0.000801199 
0.440512 0.124496 0.329277 0.105715 
0.535727 0.384526 0.0786537 0.00109363 
0.636604 0.258906 0.0888058 0.0156841 
0.77549 0.0694817 0.15502 8.42752e-06 
0.491302 0.371367 0.135017 0.00231412 
0.811502 0.0262343 0.162177 8.71231e-05 
0.622083 0.236284 0.0793848 0.0622484 
0.634124 0.251409 0.0674568 0.0470104 
0.682916 0.242399 0.0672031 0.00748155 
0.70103 0.205258 0.0894122 0.00429951 
0.702871 0.244933 0.052141 5.56073e-05 
0.745201 0.172664 0.0728694 0.00926551 
0.83981 0.0828712 0.0387264 0.0385928 
0.468219 0.344718 0.177574 0.00948943 
0.670188 0.101878 0.0882328 0.139701 
0.507214 0.113709 0.375215 0.00386201 
0.789213 0.112571 0.0924326 0.00578319 
0.82616 0.0359795 0.0808041 0.0570559 
0.680032 0.250325 0.0671561 0.00248641 
0.615887 0.143136 0.236975 0.00400294 
0.789202 0.0843146 0.125629 0.000854286 
0.366964 0.364534 0.262879 0.00562357 
0.644046 0.270323 0.0763767 0.00925392 
0.576423 0.0584276 0.354724 0.0104252 
0.754826 0.160314 0.0815957 0.00326452 
0.825917 0.0739409 0.0970026 0.00313921 
0.802783 0.145641 0.0407441 0.0108319 
0.659614 0.225212 0.0960307 0.0191434 
0.77544 0.0373102 0.186739 0.000510033 
0.789213 0.112571 0.0924326 0.00578319 
0.759572 0.186358 0.0237087 0.0303615 
0.55101 0.24659 0.161176 0.041223 
0.732035 0.138754 0.123336 0.00587453 
0.767332 0.142546 0.055085 0.0350369 
0.628198 0.228466 0.140882 0.0024541 
0.814672 0.121318 0.0638728 0.000136973 
0.815973 0.0920817 0.0311628 0.0607824 
0.759046 0.122387 0.0711899 0.0473768 
0.722393 0.180141 0.0840042 0.0134613 
0.854173 0.12416 0.0208946 0.000772795 
0.716516 0.167576 0.015224 0.100684 
0.62612 0.245183 0.127507 0.00118985 
0.680922 0.216206 0.0891281 0.0137437 
0.558128 0.336018 0.0984312 0.00742316 
0.549604 0.156071 0.282861 0.0114639 
0.685774 0.20366 0.101222 0.00934419 
0.340628 0.331296 0.323462 0.00461434 
0.859166 0.107208 0.0252039 0.00842222 
0.845744 0.0784547 0.0714158 0.00438578 
0.582545 0.314074 0.0463866 0.0569945 
0.75902 0.0153426 0.225617 2.03556e-05 
0.664781 0.259787 0.0519774 0.0234544 
0.843056 0.0389202 0.11742 0.000603365 
0.72176 0.052913 0.223199 0.00212875 
0.791228 0.140572 0.0674688 0.000730689 
0.603506 0.232306 0.0221042 0.142084 
0.557678 0.287191 0.142893 0.0122374 
0.482586 0.337615 0.179749 4.93159e-05 
0.471651 0.0902878 0.431328 0.0067337 
0.529485 0.103005 0.0415056 0.326005 
0.663865 0.125251 0.179717 0.031168 
0.667925 0.241744 0.0893321 0.00099938 
0.620147 0.223825 0.153817 0.00221043 
0.618554 0.149292 0.222267 0.00988675 
0.718517 0.168903 0.109044 0.00353594 
0.719694 0.16451 0.0955579 0.0202378 
0.78359 0.152684 0.0622337 0.00149185 
0.598351 0.171295 0.0513043 0.179049 
0.651654 0.256343 0.0842819 0.00772101 
0.724985 0.165439 0.104253 0.00532283 
0.652016 0.173794 0.168413 0.00577705 
0.817394 0.128258 0.0470316 0.00731633 
0.761942 0.0543636 0.180586 0.00310864 
0.682654 0.21495 0.0940944 0.00830224 
0.574614 0.0562854 0.341227 0.0278736 
0.441797 0.407845 0.14732 0.00303785 
0.64983 0.23844 0.102404 0.00932622 
0.4793 0.304919 0.192556 0.0232254 
0.738074 0.103108 0.155735 0.00308361 
0.906399 0.0487168 0.044685 0.000199405 
0.654012 0.223983 0.116368 0.0056363 
0.634138 0.251278 0.108855 0.00572877 
0.841447 0.0882964 0.0702073 4.91996e-05 
0.584293 0.328766 0.0859207 0.00102032 
0.71409 0.131204 0.144886 0.0098208 
0.545909 0.336819 0.0526789 0.0645933 
0.463009 0.382568 0.151261 0.00316245 
0.574148 0.307542 0.0393449 0.0789656 
0.761619 0.165379 0.0662888 0.0067134 
0.789213 0.112571 0.0924326 0.00578319 
0.793672 0.151239 0.045419 0.00966912 
0.484674 0.439029 0.0760487 0.000248187 
0.541182 0.189367 0.260766 0.00868441 
0.250008 0.250005 0.250003 0.249983 
0.64972 0.204197 0.137542 0.00854136 
0.638838 0.274503 0.0693773 0.0172821 
0.832905 0.106006 0.0555378 0.00555134 
0.739265 0.209459 0.0465352 0.00474139 
0.592264 0.123883 0.164093 0.11976 
0.796942 0.070112 0.132927 1.895e-05 
0.737347 0.160507 0.0546338 0.0475131 
0.638045 0.24239 0.118723 0.000841305 
0.661164 0.25005 0.0833295 0.00545619 
0.878365 0.0848121 0.0325849 0.00423836 
0.683605 0.260623 0.0536736 0.00209813 
0.780384 0.167446 0.0408788 0.0112917 
0.663305 0.212523 0.122151 0.00202088 
0.501628 0.412255 0.0250672 0.0610496 
0.581723 0.113615 0.302115 0.00254645 
0.796942 0.070112 0.132927 1.895e-05 
0.584151 0.30362 0.111797 0.000432375 
0.581986 0.32094 0.0510151 0.0460591 
0.755883 0.137472 0.10146 0.00518453 
0.524638 0.251146 0.157733 0.0664831 
0.471062 0.427043 0.0942556 0.00763892 
0.837653 0.0862387 0.0720699 0.00403882 
0.45452 0.378899 0.142885 0.0236963 
0.720167 0.191662 0.0404427 0.0477279 
0.601494 0.288571 0.088287 0.0216471 
0.47214 0.428135 0.0262442 0.0734804 
0.374095 0.286691 0.311743 0.0274709 
0.7052 0.18896 0.100344 0.00549606 
0.417739 0.37086 0.211197 0.000203242 
0.563933 0.0857479 0.344545 0.00577362 
0.811346 0.120913 0.0534434 0.0142977 
0.840852 0.0313552 0.126362 0.0014305 
0.825409 0.0518002 0.0641991 0.058592 
0.617614 0.278471 0.103343 0.000571648 
0.684612 0.197659 0.0833059 0.0344233 
0.54197 0.355093 0.0859154 0.0170219 
0.710578 0.154909 0.132381 0.00213326 
0.739568 0.158695 0.0396693 0.0620674 
0.822344 0.174405 0.00213691 0.00111401 
0.715796 0.197036 0.0735871 0.013581 
0.686326 0.223482 0.0796655 0.0105266 
0.526257 0.207469 0.263918 0.00235605 
0.543654 0.0611525 0.395165 2.87679e-05 
0.867931 0.0493576 0.0521712 0.0305404 
0.363257 0.308136 0.129358 0.199248 
0.826404 0.109048 0.056222 0.00832663 
0.845989 0.073493 0.0727838 0.00773397 
0.428433 0.185382 0.376505 0.00968081 
0.431187 0.374069 0.0241065 0.170638 
0.553971 0.240422 0.170072 0.0355357 
0.789213 0.112571 0.0924326 0.00578319 
0.550431 0.317692 0.091732 0.0401446 
0.762636 0.204686 0.0324462 0.000231407 
0.574423 0.180724 0.244359 0.000493792 
0.845401 0.0392123 0.107574 0.00781242 
0.911181 0.0213392 0.0673565 0.000123747 
0.800375 0.133428 0.0301723 0.0360249 
0.623477 0.220341 0.129583 0.0265994 
0.584642 0.285154 0.117677 0.0125267 
0.840451 0.0846318 0.0203378 0.0545798 
0.668328 0.0277679 0.302338 0.00156564 
0.635322 0.130467 0.0859794 0.148231 
0.612217 0.302619 0.0848812 0.000282963 
0.644783 0.312995 0.0421615 6.04864e-05 
0.789213 0.112571 0.0924326 0.00578319 
0.71512 0.106338 0.17831 0.000231432 
0.698674 0.151463 0.148552 0.00131084 
0.793258 0.14485 0.0567474 0.00514492 
0.507214 0.113709 0.375215 0.00386201 
0.67081 0.239463 0.0876703 0.00205696 
0.419037 0.315748 0.205472 0.0597435 
0.670111 0.213011 0.0923873 0.0244911 
0.937303 0.0369137 0.0257803 2.84695e-06 
0.397699 0.230764 0.371177 0.000360307 
0.485574 0.442938 0.0708673 0.000620493 
0.821525 0.0990084 0.0763432 0.00312371 
0.609097 0.178349 0.211285 0.00126787 
0.483194 0.0407717 0.0251516 0.450882 
0.770369 0.101386 0.07332 0.0549248 
0.769521 0.116412 0.0812919 0.0327752 
0.763592 0.151814 0.082968 0.00162545 
0.438378 0.426512 0.125688 0.00942166 
0.867719 0.0496833 0.00151086 0.0810868 
0.845641 0.106424 0.0476403 0.000295026 
0.681755 0.234726 0.0314547 0.0520642 
0.812877 0.142769 0.0329637 0.0113905 
0.817584 0.137189 0.036307 0.00891995 
0.456077 0.21332 0.330594 9.3983e-06 
0.529193 0.325011 0.0611237 0.0846725 
0.892247 0.0423298 0.0574777 0.00794554 
0.667806 0.257363 0.0675042 0.007326 
0.53172 0.385089 0.0829227 0.000268857 
0.82788 0.0970783 0.0205646 0.054477 
0.789213 0.112571 0.0924326 0.00578319 
0.50233 0.333143 0.0842713 0.0802551 
0.891561 0.0341042 0.0506341 0.0237007 
0.700552 0.21452 0.0768645 0.00806338 
0.741939 0.176578 0.0328085 0.0486749 
0.876619 0.0592018 0.0292825 0.0348969 
0.863732 0.0725969 0.0590079 0.00466325 
0.719933 0.198106 0.0500534 0.0319077 
0.865917 0.0634845 0.0671329 0.00346583 
0.769213 0.138193 0.0278721 0.0647218 
0.651133 0.289078 0.0457484 0.0140407 
0.512674 0.374116 0.109461 0.00374885 
0.51062 0.46869 0.0189262 0.00176311 
0.583801 0.324252 0.0730989 0.0188485 
0.591718 0.128195 0.277677 0.00241045 
0.739922 0.138662 0.113408 0.00800714 
0.522556 0.20304 0.274036 0.000367835 
0.594602 0.301312 0.0973077 0.00677861 
0.701591 0.256418 0.033513 0.00847858 
0.524196 0.396928 0.047659 0.0312168 
0.694006 0.205405 0.0795076 0.0210813 
0.562421 0.353829 0.0816023 0.0021485 
0.6645 0.200407 0.12888 0.00621332 
0.76633 0.156323 0.0683778 0.00896935 
0.442558 0.167469 0.378792 0.0111804 
0.7663 0.0746665 0.159027 6.93977e-06 
0.763565 0.0479661 0.188445 2.36461e-05 
0.525415 0.429227 0.0431811 0.00217672 
0.751287 0.117851 0.120649 0.0102134 
0.77544 0.0373102 0.186739 0.000510033 
0.843056 0.0389202 0.11742 0.000603365 
0.614271 0.278475 0.0847598 0.0224938 
0.699722 0.160506 0.138608 0.00116394 
0.815973 0.0920817 0.0311628 0.0607824 
0.597202 0.330764 0.0709533 0.00108153 
0.56168 0.367173 0.0680281 0.00311917 
0.53652 0.332384 0.131018 7.76065e-05 
0.856359 0.0834611 0.0380917 0.0220887 
0.881872 0.0609265 0.0571251 7.60108e-05 
0.753497 0.181328 0.0616297 0.00354603 
0.50886 0.403401 0.0876236 0.000114875 
0.774029 0.165177 0.0295587 0.0312361 
0.549382 0.371888 0.0785507 0.000179031 
0.907522 0.0247339 0.0673289 0.000414907 
0.47395 0.400517 0.125266 0.000267442 
0.656245 0.266683 0.0720931 0.00497855 
0.708462 0.182299 0.071657 0.0375827 
0.755391 0.185913 0.0305215 0.0281742 
0.750268 0.0721155 0.176772 0.000844028 
0.478045 0.459864 0.0391016 0.0229891 
0.600794 0.243208 0.135922 0.0200762 
0.651393 0.232898 0.108148 0.00756105 
0.706318 0.24545 0.0409115 0.00732002 
0.635776 0.223586 0.123031 0.0176074 
0.980814 0.00449295 0.0146788 1.41852e-05 
0.509074 0.409287 0.0809583 0.000681586 
0.722761 0.161431 0.113388 0.00242049 
0.632356 0.255439 0.109639 0.00256606 
0.757601 0.0863137 0.127004 0.0290815 
0.655889 0.263111 0.0723974 0.00860217 
0.477635 0.408957 0.109679 0.00372839 
0.51515 0.468128 0.0166349 8.61635e-05 
0.513418 0.361321 0.073966 0.0512948 
0.757669 0.150956 0.0676671 0.0237086 
0.666821 0.221873 0.10703 0.00427694 
0.603334 0.308437 0.0832985 0.00493014 
0.790775 0.10685 0.0986223 0.00375256 
0.856359 0.0834611 0.0380917 0.0220887 
0.619006 0.221641 0.152904 0.00644929 
0.647208 0.235538 0.0969689 0.0202848 
0.679535 0.225511 0.0885433 0.00641133 
0.681924 0.261457 0.0561215 0.000496692 
0.841655 0.0769553 0.0811808 0.000208521 
0.669325 0.252685 0.0439027 0.0340871 
0.606669 0.199665 0.19322 0.000446833 
0.56627 0.366463 0.0616029 0.00566394 
0.842242 0.0866867 0.0704186 0.000652475 
0.641832 0.248406 0.10192 0.00784335 
0.827458 0.114324 0.0546745 0.00354373 
0.811617 0.116798 0.0069668 0.0646186 
0.650364 0.245579 0.100101 0.00395574 
0.635492 0.264888 0.0554337 0.0441862 
0.54858 0.378524 0.0693952 0.00350089 
0.656538 0.244614 0.0899309 0.00891712 
0.681924 0.261457 0.0561215 0.000496692 
0.675339 0.233339 0.0902994 0.00102259 
0.340381 0.313885 0.339749 0.00598532 
0.671464 0.127518 0.200277 0.000741643 
0.732806 0.174337 0.0342196 0.0586366 
0.455099 0.375087 0.169729 8.54258e-05 
0.727472 0.148451 0.123613 0.000463794 
0.78544 0.141437 0.0720851 0.00103719 
0.506763 0.271405 0.216132 0.00570033 
0.746682 0.187397 0.0592093 0.00671221 
0.855536 0.0379026 0.106535 2.67389e-05 
0.783159 0.212617 0.00410299 0.000121242 
0.829569 0.115777 0.0546039 5.03334e-05 
0.719326 0.158454 0.117202 0.00501736 
0.586335 0.329145 0.0793024 0.00521763 
0.682986 0.176718 0.136295 0.0040007 
0.460547 0.37819 0.160965 0.000297047 
0.783451 0.139094 0.0604506 0.017004 
0.789213 0.112571 0.0924326 0.00578319 
0.75639 0.137978 0.0408895 0.0647426 
0.765174 0.0571636 0.177636 2.70299e-05 
0.604559 0.246432 0.123163 0.0258455 
0.872014 0.0420509 0.0858464 8.86119e-05 
0.557573 0.329406 0.0977135 0.0153072 
0.685132 0.243852 0.0707088 0.0003069 
0.779436 0.161086 0.0540233 0.00545471 
0.611717 0.322176 0.0333091 0.032797 
0.497341 0.293776 0.137819 0.0710648 
0.577022 0.253885 0.165626 0.00346681 
0.594122 0.370905 0.0347876 0.000186069 
0.686921 0.202657 0.108655 0.00176725 
0.51994 0.426456 0.031643 0.021961 
0.592502 0.263818 0.139157 0.00452365 
0.45843 0.410422 0.129904 0.00124397 
0.688963 0.213327 0.0743284 0.0233811 
0.652272 0.203224 0.130259 0.0142457 
0.848355 0.068672 0.0826961 0.000277159 
0.589251 0.330271 0.0747067 0.00577109 
0.766292 0.123723 0.0500448 0.0599406 
0.497087 0.45247 0.0501799 0.000262772 
0.832317 0.078502 0.0832478 0.00593346 
0.57197 0.209226 0.218279 0.000524884 
0.40601 0.325027 0.268684 0.000278475 
0.380606 0.33471 0.284583 0.000101705 
0.820632 0.0886159 0.0653427 0.0254093 
0.695966 0.175189 0.12102 0.00782574 
0.667508 0.212716 0.116141 0.0036356 
0.789213 0.112571 0.0924326 0.00578319 
0.602336 0.23272 0.161832 0.00311156 
0.700462 0.250434 0.0487105 0.000392833 
0.455102 0.36727 0.173431 0.00419654 
0.62963 0.306996 0.0605122 0.00286244 
0.64989 0.296119 0.0415103 0.0124813 
0.745625 0.100423 0.147941 0.006011 
0.80078 0.149099 0.0481896 0.00193043 
0.726685 0.189732 0.0472413 0.0363421 
0.839949 0.0741215 0.0800341 0.00589519 
0.650388 0.244804 0.0922312 0.0125769 
0.572737 0.122759 0.303664 0.000840117 
0.858452 0.0505119 0.0910193 1.70032e-05 
0.608411 0.270021 0.120434 0.00113429 
0.559171 0.30771 0.132932 0.000187673 
0.564356 0.199073 0.0381546 0.198417 
0.753497 0.181328 0.0616297 0.00354603 
0.838173 0.0557781 0.0709803 0.0350683 
0.619275 0.262692 0.0993341 0.0186989 
0.668979 0.106689 0.163574 0.0607577 
0.334126 0.330467 0.322684 0.0127232 
0.770874 0.195642 0.0318747 0.00160927 
0.68429 0.105634 0.210061 1.52306e-05 
0.873504 0.0688722 0.0542728 0.00335106 
0.686011 0.2509 0.0628843 0.000204477 
0.753465 0.0127632 0.233724 4.72394e-05 
0.54505 0.302319 0.151639 0.000992519 
0.849143 0.064193 0.0854778 0.00118647 
0.687936 0.195515 0.115788 0.000760521 
0.781442 0.151501 0.0357542 0.0313036 
0.680111 0.221906 0.0924111 0.00557183 
0.836656 0.116607 0.0315582 0.0151788 
0.749587 0.18839 0.0618251 0.000198358 
0.754275 0.185984 0.0570761 0.00266479 
0.541449 0.34611 0.0778179 0.0346236 
0.73948 0.11934 0.138343 0.00283638 
0.643222 0.262391 0.0919119 0.0024746 
0.763587 0.195606 0.0406175 0.000189889 
0.594562 0.311189 0.0794389 0.0148103 
0.541635 0.411695 0.0351189 0.0115515 
0.430511 0.373288 0.185098 0.0111027 
0.492351 0.140055 0.340887 0.0267075 
0.829246 0.0768663 0.0256365 0.0682508 
0.686921 0.202657 0.108655 0.00176725 
0.363257 0.308136 0.129358 0.199248 
0.898466 0.0547936 0.0216238 0.0251165 
0.636518 0.269069 0.0779265 0.0164872 
0.754139 0.0780666 0.0901135 0.077681 
0.871734 0.0536799 0.0401913 0.0343949 
0.767427 0.150406 0.0758981 0.00626848 
0.526259 0.414492 0.0539917 0.00525687 
0.559197 0.364715 0.074052 0.00203595 
0.593687 0.119036 0.285932 0.00134416 
0.859117 0.032267 0.108602 1.35304e-05 
0.652869 0.245947 0.1005 0.000684038 
0.546687 0.353012 0.0887146 0.0115857 
0.53088 0.382047 0.0435977 0.0434749 
0.789213 0.112571 0.0924326 0.00578319 
0.43195 0.31626 0.134798 0.116992 
0.845697 0.110275 0.0411972 0.00283071 
0.661483 0.240356 0.088584 0.00957678 
0.894395 0.0451726 0.059762 0.000670417 
0.770957 0.125404 0.0950161 0.0086236 
0.781442 0.151501 0.0357542 0.0313036 
0.827005 0.0873038 0.0536618 0.0320297 
0.693998 0.204009 0.101797 0.000195824 
0.35897 0.341989 0.0920422 0.206999 
0.449195 0.380077 0.163667 0.00706095 
0.761419 0.107586 0.126502 0.00449362 
0.603993 0.310622 0.0613291 0.0240556 
0.863162 0.0381847 0.0983837 0.000269233 
0.756724 0.122865 0.0861761 0.034235 
0.485992 0.36705 0.120174 0.0267844 
0.914316 0.0656308 0.00893705 0.0111158 
0.60967 0.27342 0.099534 0.017376 
0.571631 0.285599 0.120724 0.0220459 
0.62088 0.299302 0.0107476 0.0690703 
0.512157 0.0801775 0.40187 0.00579597 
0.651145 0.189625 0.158265 0.000965711 
0.918289 0.0385136 0.0379342 0.00526266 
