0.246327 0.468487 0.284611 0.000574637 
0.290453 0.377274 0.329767 0.00250573 
0.324692 0.601795 0.0704509 0.00306162 
0.232105 0.707518 0.059205 0.0011727 
0.310779 0.594594 0.0934385 0.00118804 
0.0329451 0.898639 0.0683814 3.478e-05 
0.365303 0.369743 0.156518 0.108436 
0.337281 0.583035 0.078974 0.000710207 
0.386098 0.506969 0.0955794 0.011354 
0.407786 0.542225 0.0488521 0.00113735 
0.266471 0.591562 0.135063 0.00690448 
0.379812 0.557451 0.0587148 0.00402129 
0.191724 0.757114 0.0510542 0.000107133 
0.443914 0.497294 0.0585401 0.000252338 
0.373667 0.377749 0.244423 0.00416122 
0.293624 0.622782 0.0639332 0.0196608 
0.118086 0.531357 0.0371708 0.313386 
0.366528 0.559156 0.0721601 0.00215623 
0.389874 0.463625 0.143332 0.00316881 
0.172728 0.728361 0.0988502 6.09268e-05 
0.176707 0.711882 0.0629104 0.0485003 
0.150759 0.523391 0.0537115 0.272138 
0.428954 0.456974 0.112705 0.00136694 
0.340725 0.609704 0.0494665 0.000104916 
0.114396 0.853568 0.0317755 0.00026022 
0.106944 0.846409 0.0359329 0.0107149 
0.155422 0.79369 0.0499265 0.000961755 
0.375342 0.5299 0.0783572 0.0164015 
0.386098 0.506969 0.0955794 0.011354 
0.126871 0.775378 0.0811991 0.0165516 
0.294446 0.635008 0.0640984 0.00644804 
0.205362 0.763518 0.0310566 6.36902e-05 
0.314399 0.562655 0.0760308 0.0469159 
0.331558 0.593609 0.0746913 0.000142314 
0.235456 0.609769 0.150954 0.0038214 
0.370559 0.53491 0.0154505 0.079081 
0.180021 0.776812 0.0329823 0.0101843 
0.284448 0.630487 0.0796663 0.00539817 
0.379347 0.500974 0.0426485 0.0770296 
0.363469 0.523381 0.109276 0.00387473 
0.321319 0.650692 0.0266614 0.00132797 
0.386313 0.53065 0.0811439 0.00189311 
0.0415387 0.922998 0.0352196 0.000244185 
0.1703 0.566885 0.129548 0.133267 
0.109817 0.687192 0.202986 5.01826e-06 
0.269457 0.56807 0.159939 0.00253467 
0.247312 0.695296 0.0563083 0.00108276 
0.252992 0.654281 0.0865925 0.00613395 
0.193861 0.732378 0.0530268 0.0207336 
0.0954119 0.676906 0.22732 0.000362186 
0.117574 0.808104 0.0742561 6.61587e-05 
0.210188 0.713645 0.071329 0.00483819 
0.256222 0.696066 0.0246021 0.0231105 
0.403411 0.522406 0.041663 0.0325207 
0.273692 0.570265 0.155771 0.000272027 
0.172994 0.760258 0.0443364 0.0224121 
0.106944 0.846409 0.0359329 0.0107149 
0.385894 0.500409 0.0779026 0.0357938 
0.106944 0.846409 0.0359329 0.0107149 
0.294889 0.562939 0.136312 0.00586035 
0.319854 0.640722 0.0383587 0.0010647 
0.418698 0.535999 0.0402143 0.00508949 
0.303491 0.650723 0.0397 0.00608599 
0.106944 0.846409 0.0359329 0.0107149 
0.106944 0.846409 0.0359329 0.0107149 
0.106944 0.846409 0.0359329 0.0107149 
0.106944 0.846409 0.0359329 0.0107149 
0.212331 0.699552 0.0845928 0.00352437 
0.41605 0.441552 0.141826 0.000571042 
0.268328 0.63351 0.0853547 0.0128072 
0.232883 0.621013 0.122335 0.0237687 
0.15968 0.778237 0.0563838 0.0056985 
0.391686 0.471462 0.133345 0.00350718 
0.426119 0.482906 0.0871514 0.00382326 
0.248388 0.621692 0.121687 0.00823211 
0.314904 0.463801 0.218041 0.00325368 
0.419619 0.495415 0.0835187 0.0014476 
0.260895 0.655968 0.0339552 0.0491816 
0.106944 0.846409 0.0359329 0.0107149 
0.150219 0.811154 0.0278906 0.0107365 
0.374046 0.573919 0.0516772 0.000357399 
0.266616 0.644572 0.068599 0.0202136 
0.402468 0.432074 0.0876252 0.0778332 
0.106944 0.846409 0.0359329 0.0107149 
0.291918 0.495221 0.208618 0.0042428 
0.144493 0.774887 0.0453148 0.0353052 
0.199959 0.549913 0.247845 0.00228279 
0.251448 0.654718 0.087553 0.00628113 
0.352948 0.534713 0.103859 0.00848031 
0.402187 0.516499 0.0713341 0.00997972 
0.179603 0.779559 0.0177173 0.0231207 
0.106944 0.846409 0.0359329 0.0107149 
0.27805 0.678027 0.0438751 4.82553e-05 
0.419134 0.497971 0.0764479 0.00644756 
0.231742 0.643058 0.123763 0.00143757 
0.166094 0.595097 0.23699 0.00181949 
0.196415 0.763809 0.0364241 0.00335195 
0.308914 0.53218 0.156632 0.00227379 
0.304029 0.505361 0.038617 0.151993 
0.341503 0.52624 0.132039 0.000217422 
0.262936 0.662038 0.0676232 0.00740366 
0.277596 0.551985 0.14827 0.0221486 
0.428073 0.43182 0.139519 0.000587669 
0.386098 0.506969 0.0955794 0.011354 
0.22833 0.666379 0.0745456 0.0307455 
0.186637 0.7452 0.0481127 0.02005 
0.229564 0.738797 0.0315763 6.29184e-05 
0.114396 0.856009 0.0295729 2.14189e-05 
0.125584 0.838483 0.0357367 0.000195966 
0.304029 0.505361 0.038617 0.151993 
0.11896 0.858437 0.0225706 3.28291e-05 
0.110185 0.862565 0.0271969 5.33029e-05 
0.334045 0.541881 0.121759 0.00231407 
0.212286 0.689005 0.0646431 0.0340667 
0.413201 0.475758 0.0715068 0.039535 
0.367775 0.562086 0.0701084 3.01432e-05 
0.258861 0.659615 0.0467152 0.0348085 
0.42704 0.482399 0.0665375 0.0240236 
0.313379 0.620603 0.0493698 0.0166486 
0.411351 0.510234 0.0348701 0.0435454 
0.204825 0.751103 0.0262398 0.0178318 
0.225025 0.736705 0.0244676 0.0138027 
0.433602 0.527724 0.0175535 0.0211203 
0.387711 0.539601 0.059822 0.0128662 
0.21663 0.494161 0.278011 0.0111976 
0.379812 0.557451 0.0587148 0.00402129 
0.30642 0.649124 0.0438435 0.000612868 
0.328037 0.61443 0.0570047 0.000528109 
0.133136 0.775388 0.0760367 0.0154396 
0.280925 0.397268 0.320648 0.00115873 
0.141812 0.787513 0.0705376 0.000137694 
0.311672 0.579296 0.101829 0.00720254 
0.214766 0.665038 0.109914 0.0102814 
0.334095 0.548376 0.0866015 0.0309273 
0.165855 0.790348 0.0262917 0.0175053 
0.287096 0.65029 0.0607413 0.00187319 
0.239328 0.649519 0.109663 0.00149094 
0.187498 0.735414 0.0415125 0.0355756 
0.212847 0.734055 0.0419328 0.0111656 
0.128128 0.836731 0.00805116 0.0270896 
0.305202 0.619034 0.0739558 0.00180803 
0.243253 0.628256 0.0799625 0.0485286 
0.227835 0.652475 0.0317962 0.0878929 
0.275657 0.514175 0.204147 0.00602091 
0.374286 0.566562 0.0556094 0.00354273 
0.327035 0.603713 0.0425245 0.0267267 
0.394478 0.568105 0.0373109 0.000106579 
0.174146 0.795489 0.0164896 0.0138759 
0.140956 0.813624 0.0236274 0.0217926 
0.269368 0.508483 0.22018 0.00196852 
0.388164 0.581263 0.0251645 0.00540895 
0.248759 0.630011 0.0673565 0.0538734 
0.181853 0.691725 0.12614 0.000282309 
0.106944 0.846409 0.0359329 0.0107149 
0.214766 0.665038 0.109914 0.0102814 
0.0656687 0.828724 0.105247 0.000360747 
0.296122 0.577828 0.11237 0.0136806 
0.193861 0.732378 0.0530268 0.0207336 
0.241344 0.715705 0.0426937 0.000257294 
0.332847 0.465931 0.201066 0.000155093 
0.125584 0.838483 0.0357367 0.000195966 
0.117735 0.79882 0.083203 0.000242195 
0.29129 0.479476 0.0797218 0.149512 
0.334095 0.548376 0.0866015 0.0309273 
0.452481 0.501587 0.0456302 0.000301402 
0.128332 0.803076 0.0629365 0.00565512 
0.331833 0.60507 0.0629372 0.000159537 
0.259089 0.690357 0.049999 0.000555465 
0.443548 0.491501 0.0626865 0.00226375 
0.329552 0.421513 0.0672287 0.181707 
0.249595 0.61536 0.0848661 0.0501798 
0.208235 0.459371 0.0989399 0.233453 
0.120075 0.85556 0.0242507 0.000114815 
0.277596 0.551985 0.14827 0.0221486 
0.128332 0.803076 0.0629365 0.00565512 
0.172994 0.760258 0.0443364 0.0224121 
0.267029 0.676581 0.0558353 0.000555011 
0.234028 0.727013 0.038389 0.000569673 
0.204854 0.728368 0.0666604 0.00011751 
0.205073 0.660469 0.0372841 0.0971742 
0.411656 0.439919 0.14661 0.00181517 
0.213608 0.62528 0.152862 0.00825019 
0.180837 0.707554 0.105194 0.00641521 
0.0237215 0.976192 8.6528e-05 1.43832e-07 
0.40907 0.517837 0.061797 0.0112961 
0.277071 0.551366 0.162047 0.00951585 
0.357003 0.425298 0.217659 3.96268e-05 
0.221098 0.70761 0.0591478 0.012144 
0.272273 0.485966 0.239081 0.00268018 
0.328286 0.60827 0.0431749 0.0202682 
0.299116 0.555531 0.142702 0.00265061 
0.277596 0.551985 0.14827 0.0221486 
0.344685 0.605479 0.0235335 0.0263021 
0.370559 0.53491 0.0154505 0.079081 
0.175496 0.78409 0.0403621 5.20845e-05 
0.159335 0.77937 0.0610666 0.000228701 
0.178224 0.788538 0.0329538 0.000284202 
0.363828 0.462044 0.173737 0.000391203 
0.21151 0.595704 0.192759 2.66103e-05 
0.262085 0.665792 0.0719275 0.000195193 
0.393898 0.528681 0.0739442 0.00347776 
0.376879 0.506019 0.112528 0.00457423 
0.176056 0.791897 0.0320404 7.21229e-06 
0.186637 0.7452 0.0481127 0.02005 
0.0834005 0.84624 0.0637136 0.00664625 
0.302798 0.631532 0.0653381 0.000332229 
0.318242 0.366379 0.11978 0.195599 
0.349626 0.479337 0.0987493 0.0722873 
0.36024 0.557034 0.0774132 0.00531218 
0.380945 0.506133 0.110756 0.00216567 
0.186637 0.7452 0.0481127 0.02005 
0.21103 0.736469 0.0511161 0.00138479 
0.122656 0.665486 0.211458 0.00039998 
0.260895 0.655968 0.0339552 0.0491816 
0.247724 0.471301 0.272877 0.00809768 
0.263844 0.608583 0.127465 0.000107882 
0.279983 0.687381 0.0321743 0.000462361 
0.233424 0.705084 0.0473959 0.0140964 
0.186923 0.700988 0.102443 0.00964673 
0.359509 0.580121 0.0520084 0.00836171 
0.107861 0.449353 0.0478258 0.394961 
0.223835 0.71785 0.0532412 0.00507356 
0.386098 0.506969 0.0955794 0.011354 
0.200707 0.601317 0.197766 0.000209252 
0.128343 0.429876 0.0310007 0.41078 
0.21341 0.701139 0.0616946 0.0237569 
0.256403 0.602742 0.140789 6.65688e-05 
0.42704 0.482399 0.0665375 0.0240236 
0.209113 0.681886 0.107724 0.0012761 
0.347024 0.589968 0.061881 0.00112681 
0.235335 0.668797 0.067495 0.0283729 
0.215425 0.292358 0.226103 0.266114 
0.17794 0.816833 0.00516889 5.7967e-05 
0.167728 0.755666 0.0763915 0.000214087 
0.165429 0.678894 0.124573 0.0311034 
0.400769 0.46576 0.127334 0.00613683 
0.424585 0.466225 0.103678 0.005512 
0.0949106 0.806978 0.0977248 0.000386431 
0.174378 0.722878 0.0738735 0.0288704 
0.387623 0.505182 0.106439 0.000755758 
0.360082 0.547369 0.0766802 0.015869 
0.366538 0.58527 0.0281862 0.0200054 
0.120524 0.809113 0.0159642 0.0543997 
0.339245 0.578446 0.080343 0.00196663 
0.417932 0.492395 0.0896492 2.32959e-05 
0.375199 0.534387 0.0835331 0.00688068 
0.323911 0.571438 0.0838298 0.0208208 
0.357411 0.525985 0.110562 0.00604203 
0.318007 0.609051 0.0686357 0.00430677 
0.261501 0.691109 0.0440434 0.00334651 
0.289418 0.636106 0.0698588 0.0046175 
0.181757 0.60904 0.2086 0.000603774 
0.426731 0.45973 0.0635213 0.0500177 
0.310997 0.595416 0.0929846 0.000602857 
0.318242 0.366379 0.11978 0.195599 
0.144493 0.774887 0.0453148 0.0353052 
0.106944 0.846409 0.0359329 0.0107149 
0.40316 0.47477 0.118824 0.00324584 
0.186017 0.748314 0.0547575 0.0109112 
0.291142 0.645051 0.052987 0.0108199 
0.211837 0.703307 0.0511158 0.0337404 
0.234129 0.522919 0.232665 0.0102864 
0.035887 0.953836 0.0102505 2.66213e-05 
0.24471 0.54588 0.208641 0.000768798 
0.173348 0.75769 0.0684663 0.000495988 
0.264503 0.649346 0.0858551 0.000296215 
0.157457 0.77962 0.0618954 0.00102723 
0.291541 0.529575 0.115863 0.0630212 
0.21341 0.701139 0.0616946 0.0237569 
0.136549 0.822586 0.0269478 0.0139178 
0.162553 0.701096 0.135632 0.000718847 
0.401125 0.476081 0.112393 0.010402 
0.13726 0.759577 0.101831 0.00133076 
0.334746 0.45093 0.21324 0.0010837 
0.386548 0.506182 0.107107 0.000163151 
0.24567 0.662942 0.0559706 0.035417 
0.406808 0.561621 0.0315671 4.04787e-06 
0.242954 0.692509 0.0644561 8.11932e-05 
0.179913 0.762137 0.0578449 0.000105712 
0.279972 0.681593 0.0384118 2.30954e-05 
0.161951 0.793149 0.0448348 6.53384e-05 
0.317993 0.571787 0.110195 2.50923e-05 
0.106944 0.846409 0.0359329 0.0107149 
0.276255 0.68773 0.0359753 3.97966e-05 
0.167514 0.778124 0.0529529 0.00140995 
0.178702 0.701547 0.119621 0.000129177 
0.27267 0.659523 0.0669876 0.000819334 
0.427888 0.433031 0.124327 0.0147538 
0.305633 0.641019 0.0388846 0.0144639 
0.358048 0.550212 0.0612836 0.0304569 
0.292118 0.646811 0.0600908 0.000980686 
0.21652 0.730486 0.0394492 0.0135445 
0.417477 0.518092 0.0643978 3.24161e-05 
0.306272 0.440212 0.0453624 0.208153 
0.240194 0.660345 0.0879175 0.0115439 
0.313652 0.620955 0.0347465 0.0306459 
0.369126 0.50639 0.0743667 0.0501172 
0.150759 0.523391 0.0537115 0.272138 
0.225177 0.533757 0.106608 0.134459 
0.188976 0.719509 0.0747882 0.0167268 
0.128332 0.803076 0.0629365 0.00565512 
0.216243 0.742989 0.0395856 0.00118162 
0.292308 0.576209 0.122597 0.00888592 
0.432226 0.456785 0.0819461 0.0290425 
0.4314 0.522934 0.0440972 0.00156913 
0.183486 0.767593 0.0333359 0.0155858 
0.396023 0.467882 0.135206 0.000889767 
0.202356 0.72648 0.0705966 0.000566964 
0.223297 0.583511 0.192977 0.000214395 
0.327681 0.516901 0.0770437 0.0783747 
0.351291 0.53973 0.0750611 0.0339182 
0.175672 0.759523 0.063467 0.00133789 
0.393678 0.453707 0.152455 0.000160573 
0.282161 0.600419 0.0893326 0.0280873 
0.22172 0.612327 0.165846 0.000106997 
0.342271 0.445878 0.126054 0.0857973 
0.208566 0.747733 0.0224675 0.0212333 
0.247482 0.62192 0.129837 0.000761096 
0.193861 0.732378 0.0530268 0.0207336 
0.150759 0.523391 0.0537115 0.272138 
0.374238 0.466212 0.156958 0.00259191 
0.254126 0.610641 0.134143 0.00109034 
0.355009 0.524009 0.110949 0.010033 
0.280935 0.673296 0.0447953 0.000973259 
0.163604 0.800421 0.0341558 0.00181901 
0.386098 0.506969 0.0955794 0.011354 
0.416688 0.466782 0.116478 5.0895e-05 
0.332041 0.604462 0.0421174 0.0213799 
0.32941 0.512656 0.156349 0.00158434 
0.094534 0.855985 0.0494401 4.13958e-05 
0.283022 0.698204 0.0177585 0.00101551 
0.219684 0.719836 0.0595182 0.000962083 
0.299731 0.492351 0.0413004 0.166618 
0.294866 0.602578 0.0985277 0.00402807 
0.27496 0.548679 0.172845 0.00351614 
0.282961 0.611597 0.0821375 0.0233045 
0.164573 0.782119 0.0453791 0.00792879 
0.230726 0.679919 0.0885702 0.000784121 
0.0773705 0.879111 0.0130764 0.0304418 
0.213676 0.711964 0.0743195 4.04733e-05 
0.284823 0.565466 0.119394 0.0303171 
0.180223 0.758401 0.0580732 0.00330238 
0.464798 0.490478 0.0439982 0.000725878 
0.314456 0.441427 0.0161495 0.227967 
0.334095 0.548376 0.0866015 0.0309273 
0.233984 0.72919 0.0347429 0.00208254 
0.234129 0.522919 0.232665 0.0102864 
0.379812 0.557451 0.0587148 0.00402129 
0.214766 0.665038 0.109914 0.0102814 
0.276476 0.584636 0.0794238 0.0594642 
0.103955 0.83333 0.0626994 1.47284e-05 
0.106944 0.846409 0.0359329 0.0107149 
0.0984229 0.875846 0.02045 0.00528134 
0.204296 0.617723 0.176797 0.00118373 
0.288238 0.677487 0.0250309 0.00924436 
0.295289 0.583225 0.120075 0.00140992 
0.35479 0.370402 0.0648725 0.209935 
0.368883 0.537851 0.0382798 0.0549869 
0.224757 0.685009 0.0896949 0.000538868 
0.448702 0.449353 0.0847437 0.017202 
0.397458 0.547462 0.054441 0.000638191 
0.372118 0.529911 0.0977926 0.000178558 
0.401125 0.476081 0.112393 0.010402 
0.396983 0.544213 0.0497244 0.00907901 
0.270449 0.622505 0.0916312 0.0154141 
0.403877 0.460946 0.130931 0.004246 
0.164306 0.768935 0.0636539 0.00310523 
0.195124 0.768525 0.0349012 0.00145028 
0.362008 0.546747 0.0897385 0.00150616 
0.144493 0.774887 0.0453148 0.0353052 
0.271761 0.457677 0.261547 0.00901578 
0.242151 0.721696 0.0213877 0.0147658 
0.207695 0.481283 0.308951 0.00207183 
0.284634 0.48919 0.224175 0.00200083 
0.403892 0.488204 0.10504 0.00286283 
0.10281 0.812198 0.0849026 8.97065e-05 
0.303926 0.620735 0.0738596 0.0014801 
0.341783 0.561344 0.0775511 0.0193217 
0.144493 0.774887 0.0453148 0.0353052 
0.277297 0.629472 0.0853063 0.00792523 
0.319044 0.585115 0.0226391 0.0732022 
0.106944 0.846409 0.0359329 0.0107149 
0.258083 0.668066 0.0658001 0.00805035 
0.356751 0.544013 0.0969378 0.00229774 
0.0984229 0.875846 0.02045 0.00528134 
0.254825 0.669047 0.074128 0.00200001 
0.143239 0.79561 0.0221491 0.039002 
0.186637 0.7452 0.0481127 0.02005 
0.381671 0.567525 0.0478676 0.00293671 
0.349523 0.5804 0.0254013 0.0446765 
0.124668 0.827367 0.0385504 0.00941433 
0.396691 0.475712 0.0302986 0.0972984 
0.358475 0.535079 0.103001 0.00344496 
0.104443 0.505533 0.0291558 0.360868 
0.128332 0.803076 0.0629365 0.00565512 
0.323414 0.626904 0.0487125 0.000969444 
0.255183 0.668584 0.0543988 0.0218337 
0.177098 0.734018 0.0731581 0.0157253 
0.336241 0.609744 0.049078 0.0049373 
0.16635 0.711333 0.117304 0.0050134 
0.305388 0.578443 0.115575 0.000593207 
0.291033 0.448451 0.148091 0.112425 
0.429631 0.466015 0.0866315 0.0177219 
0.104149 0.754531 0.14116 0.000159437 
0.33651 0.513716 0.149142 0.000631578 
0.307194 0.580975 0.111392 0.00043918 
0.453139 0.45897 0.072554 0.0153368 
0.333423 0.62323 0.0375902 0.0057571 
0.287001 0.609328 0.0733899 0.0302813 
0.157961 0.792755 0.049158 0.000125865 
0.279849 0.658745 0.0611829 0.000223222 
0.154108 0.782595 0.0623676 0.000929079 
0.156979 0.735741 0.0710813 0.0361982 
0.290796 0.588639 0.118687 0.00187821 
0.106944 0.846409 0.0359329 0.0107149 
0.354336 0.457534 0.183227 0.00490379 
0.106944 0.846409 0.0359329 0.0107149 
0.297745 0.610713 0.0645379 0.0270036 
0.303926 0.620735 0.0738596 0.0014801 
0.203762 0.718848 0.0773378 5.28535e-05 
0.360135 0.575584 0.0572741 0.00700692 
0.247348 0.580111 0.162854 0.00968672 
0.362562 0.579477 0.0361668 0.0217951 
0.324685 0.550034 0.112209 0.0130719 
0.164039 0.733654 0.101024 0.0012827 
0.281179 0.662304 0.0550513 0.00146566 
0.18275 0.727727 0.0255181 0.0640052 
0.33126 0.603779 0.0644638 0.000496795 
0.125584 0.838483 0.0357367 0.000195966 
0.150759 0.523391 0.0537115 0.272138 
0.2894 0.483235 0.224441 0.00292412 
0.376286 0.540088 0.0832786 0.000347391 
0.313212 0.557302 0.0187962 0.110689 
0.268328 0.63351 0.0853547 0.0128072 
0.156557 0.693561 0.148962 0.000919954 
0.106944 0.846409 0.0359329 0.0107149 
0.13907 0.627861 0.231383 0.00168655 
0.384298 0.546697 0.0582768 0.0107284 
0.204962 0.671797 0.11459 0.00865199 
0.42704 0.482399 0.0665375 0.0240236 
0.0511761 0.921458 0.0273342 3.1891e-05 
0.42975 0.49093 0.0577038 0.0216158 
0.278984 0.600848 0.117338 0.00282969 
0.236785 0.653135 0.0393964 0.0706836 
0.154208 0.790055 0.0191291 0.0366077 
0.333195 0.582337 0.0821133 0.00235397 
0.186637 0.7452 0.0481127 0.02005 
0.172994 0.760258 0.0443364 0.0224121 
0.260116 0.667621 0.0582198 0.0140431 
0.386098 0.506969 0.0955794 0.011354 
0.444089 0.470472 0.0853973 4.19501e-05 
0.334251 0.590061 0.068058 0.00762995 
0.106944 0.846409 0.0359329 0.0107149 
0.172944 0.754425 0.0720733 0.000557724 
0.381137 0.573815 0.0311591 0.0138891 
0.333936 0.458309 0.206648 0.00110688 
0.188207 0.554341 0.257044 0.000407921 
0.380929 0.407406 0.0213432 0.190321 
0.279095 0.455467 0.265088 0.00034997 
0.267405 0.397919 0.323988 0.0106884 
0.372486 0.528209 0.0965439 0.00276081 
0.182272 0.751582 0.0658385 0.000306954 
0.284837 0.608901 0.101505 0.00475664 
0.374773 0.498952 0.123874 0.00240067 
0.272348 0.607837 0.117452 0.00236369 
0.211673 0.534916 0.0767027 0.176708 
0.309052 0.58668 0.100336 0.00393185 
0.380134 0.555546 0.0621782 0.00214183 
0.106944 0.846409 0.0359329 0.0107149 
0.291033 0.448451 0.148091 0.112425 
0.0913748 0.82647 0.0820255 0.000129902 
0.430313 0.508073 0.0570894 0.00452487 
0.232675 0.710595 0.0566972 3.2833e-05 
0.318242 0.366379 0.11978 0.195599 
0.267129 0.61151 0.121184 0.000177321 
0.289434 0.634099 0.0385073 0.0379599 
0.169994 0.796958 0.0329855 6.24227e-05 
0.386098 0.506969 0.0955794 0.011354 
0.400783 0.438756 0.156647 0.00381417 
0.318995 0.579684 0.0357434 0.0655779 
0.245985 0.717549 0.0357557 0.000710391 
0.34089 0.554781 0.0956756 0.0086527 
0.333209 0.576568 0.0847788 0.00544447 
0.34843 0.535751 0.100329 0.0154898 
0.434066 0.457742 0.095565 0.012627 
0.280935 0.673296 0.0447953 0.000973259 
0.127745 0.784756 0.0798947 0.00760463 
0.251031 0.657141 0.0840902 0.00773785 
0.450065 0.459403 0.0898928 0.000639459 
0.3686 0.574705 0.0564331 0.000262063 
0.106944 0.846409 0.0359329 0.0107149 
0.39741 0.540788 0.0614252 0.000376534 
0.233797 0.646714 0.115714 0.00377541 
0.252801 0.641024 0.0968446 0.00933026 
0.234963 0.694833 0.0603149 0.00988935 
0.170567 0.721345 0.107194 0.000893679 
0.177098 0.734018 0.0731581 0.0157253 
0.403283 0.503009 0.0607651 0.0329433 
0.390808 0.534893 0.0663557 0.0079432 
0.172994 0.760258 0.0443364 0.0224121 
0.277033 0.629696 0.0899296 0.00334196 
0.271705 0.628864 0.0722279 0.0272033 
0.357108 0.526763 0.112099 0.00403017 
0.386098 0.506969 0.0955794 0.011354 
0.193861 0.732378 0.0530268 0.0207336 
0.177098 0.734018 0.0731581 0.0157253 
0.327681 0.516901 0.0770437 0.0783747 
0.330562 0.595862 0.0386789 0.0348971 
0.211673 0.534916 0.0767027 0.176708 
0.249254 0.562164 0.188512 7.09364e-05 
0.408739 0.498354 0.092362 0.000544597 
0.210843 0.747809 0.0413262 2.1689e-05 
0.281179 0.662304 0.0550513 0.00146566 
0.308262 0.377616 0.00758016 0.306541 
0.33836 0.557272 0.10357 0.000797889 
0.405037 0.542959 0.0497398 0.00226435 
0.375725 0.510894 0.113266 0.000114329 
0.319853 0.649719 0.0212641 0.00916374 
0.368673 0.511837 0.119297 0.000193021 
0.212311 0.555735 0.225704 0.00625019 
0.396229 0.496695 0.08843 0.0186462 
0.249802 0.715354 0.0305182 0.00432552 
0.370038 0.454105 0.13746 0.0383965 
0.177098 0.734018 0.0731581 0.0157253 
0.0967203 0.728423 0.0652513 0.109605 
0.128332 0.803076 0.0629365 0.00565512 
0.269963 0.659886 0.0661603 0.00399087 
0.374487 0.593412 0.0276781 0.00442265 
0.359694 0.442203 0.133599 0.0645037 
0.23692 0.384654 0.369699 0.00872708 
0.162476 0.675773 0.0116194 0.150131 
0.227835 0.652475 0.0317962 0.0878929 
0.461911 0.47515 0.0232445 0.0396946 
0.203076 0.654692 0.135898 0.00633343 
0.224431 0.718188 0.0572633 0.000118566 
0.150759 0.523391 0.0537115 0.272138 
0.291033 0.448451 0.148091 0.112425 
0.0574991 0.911539 0.0134917 0.0174705 
0.187295 0.754993 0.0480494 0.00966215 
0.283194 0.635443 0.0743688 0.00699449 
0.317408 0.632722 0.044361 0.00550941 
0.095657 0.855117 0.0490912 0.000134746 
0.362202 0.514686 0.121878 0.00123411 
0.346904 0.611095 0.0395312 0.00247001 
0.307475 0.614855 0.0748181 0.00285199 
0.297252 0.567856 0.116784 0.0181077 
0.370974 0.430347 0.142562 0.0561176 
0.333617 0.605283 0.06058 0.000519597 
0.269477 0.66248 0.0673974 0.000646422 
0.164713 0.762265 0.0729724 4.98009e-05 
0.176707 0.711882 0.0629104 0.0485003 
0.178794 0.769926 0.0453792 0.00590101 
0.418674 0.44324 0.138071 1.5609e-05 
0.106944 0.846409 0.0359329 0.0107149 
0.196826 0.556853 0.244153 0.00216884 
0.425006 0.461015 0.0631273 0.0508514 
0.231119 0.484455 0.281113 0.00331236 
0.174802 0.786868 0.0382951 3.54154e-05 
0.208928 0.644421 0.129456 0.0171949 
0.203076 0.654692 0.135898 0.00633343 
0.309736 0.573406 0.0756655 0.0411929 
0.421697 0.479873 0.0850519 0.0133781 
0.233888 0.66413 0.063698 0.0382836 
0.343466 0.539617 0.0276694 0.0892473 
0.335488 0.389403 0.269522 0.00558681 
0.227526 0.722893 0.0488246 0.000756681 
0.141201 0.831478 0.0253321 0.00198839 
0.293362 0.644463 0.0491126 0.0130624 
0.137007 0.797312 0.0474369 0.0182442 
0.304013 0.617483 0.0777705 0.000733639 
0.125584 0.838483 0.0357367 0.000195966 
0.106944 0.846409 0.0359329 0.0107149 
0.236785 0.653135 0.0393964 0.0706836 
0.397495 0.555671 0.0356391 0.0111947 
0.106944 0.846409 0.0359329 0.0107149 
0.313441 0.561149 0.0543833 0.0710271 
0.137008 0.835507 0.0269353 0.000550025 
0.160345 0.789229 0.0499877 0.000438896 
0.42911 0.458985 0.109159 0.00274528 
0.392198 0.534427 0.0719974 0.00137759 
0.230998 0.684261 0.0774683 0.00727237 
0.070216 0.918974 0.0107421 6.78246e-05 
0.403411 0.522406 0.041663 0.0325207 
0.137367 0.749944 0.0898553 0.0228344 
0.401125 0.476081 0.112393 0.010402 
0.26433 0.642713 0.0879182 0.00503854 
0.260217 0.436904 0.295758 0.00712093 
0.389451 0.526331 0.0764372 0.00778171 
0.3113 0.636754 0.0264408 0.025505 
0.417398 0.500619 0.0814346 0.000547621 
0.242294 0.649907 0.107228 0.00057123 
0.172994 0.760258 0.0443364 0.0224121 
0.426731 0.45973 0.0635213 0.0500177 
0.309679 0.577096 0.111037 0.00218804 
0.226765 0.678966 0.0801112 0.0141576 
0.106944 0.846409 0.0359329 0.0107149 
0.431844 0.462972 0.104588 0.000596301 
0.188889 0.794205 0.0159031 0.00100288 
0.227462 0.727554 0.0448109 0.000172399 
0.327298 0.393185 0.275212 0.00430468 
0.224705 0.63897 0.134179 0.00214654 
0.230014 0.673926 0.0832151 0.0128453 
0.313269 0.609013 0.0741416 0.00357712 
0.362562 0.579477 0.0361668 0.0217951 
0.397194 0.498248 0.0849389 0.0196191 
0.382602 0.539784 0.062765 0.0148487 
0.154393 0.794012 0.0499031 0.00169109 
0.296807 0.634261 0.0646254 0.00430602 
0.293372 0.601072 0.102658 0.00289876 
0.309917 0.641565 0.0473556 0.00116295 
0.332041 0.604462 0.0421174 0.0213799 
0.423338 0.501803 0.0747331 0.000126076 
0.315816 0.577354 0.0853238 0.0215065 
0.227643 0.649666 0.115302 0.00738895 
0.191653 0.695459 0.0546879 0.0582002 
0.110434 0.762778 0.125797 0.000991149 
0.361794 0.592327 0.045785 9.40308e-05 
0.275206 0.604221 0.120544 2.85955e-05 
0.171698 0.792414 0.034477 0.0014117 
0.372153 0.491915 0.111168 0.0247636 
0.100186 0.870168 0.0294262 0.000220416 
0.305606 0.517558 0.172885 0.0039504 
0.230608 0.676534 0.0738633 0.0189947 
0.319335 0.459584 0.217368 0.00371305 
0.417384 0.483248 0.0820868 0.0172816 
0.343498 0.618426 0.0376535 0.000423079 
0.302486 0.623303 0.0732415 0.00096958 
0.284225 0.642002 0.0534574 0.0203148 
0.302684 0.576187 0.120558 0.000571484 
0.176437 0.76728 0.04036 0.0159234 
0.273652 0.581419 0.143821 0.00110699 
0.201691 0.474392 0.323866 5.09565e-05 
0.176707 0.711882 0.0629104 0.0485003 
0.204756 0.748019 0.0470867 0.000138126 
0.285894 0.411918 0.300086 0.00210187 
0.259641 0.653001 0.0863055 0.00105175 
0.270011 0.394928 0.134929 0.200133 
0.0984229 0.875846 0.02045 0.00528134 
0.150759 0.523391 0.0537115 0.272138 
0.382402 0.501725 0.115574 0.000299879 
0.332643 0.614937 0.0372359 0.0151846 
0.33152 0.530146 0.138303 3.09328e-05 
0.275805 0.57755 0.146561 8.48025e-05 
0.121997 0.783783 0.0941894 3.10496e-05 
0.208935 0.679537 0.0642902 0.0472373 
0.291033 0.448451 0.148091 0.112425 
0.423799 0.515557 0.0606073 3.65142e-05 
0.237258 0.73238 0.0279206 0.00244121 
0.405681 0.517875 0.0752948 0.0011496 
0.150347 0.787923 0.0506864 0.0110437 
0.364451 0.538626 0.0954118 0.00151148 
0.324832 0.483368 0.188065 0.00373486 
0.316174 0.640751 0.0430081 6.6728e-05 
0.432974 0.459542 0.0615471 0.0459367 
0.186637 0.7452 0.0481127 0.02005 
0.204962 0.671797 0.11459 0.00865199 
0.386098 0.506969 0.0955794 0.011354 
0.149593 0.810224 0.0371028 0.00308025 
0.172422 0.751415 0.0719892 0.00417468 
0.212086 0.739328 0.0307313 0.0178544 
0.247116 0.706624 0.0453355 0.000924278 
0.250923 0.639452 0.104832 0.00479324 
0.305992 0.636155 0.0565102 0.00134276 
0.126286 0.805437 0.0660825 0.00219498 
0.291033 0.448451 0.148091 0.112425 
0.260502 0.611093 0.127188 0.00121737 
0.145277 0.827616 0.0183383 0.00876817 
0.392657 0.492265 0.106449 0.0086294 
0.219078 0.682453 0.0932608 0.00520814 
0.350419 0.609283 0.0254889 0.014809 
0.219966 0.506921 0.271042 0.00207188 
0.31585 0.466531 0.21717 0.000449075 
0.322515 0.560225 0.105121 0.0121391 
0.302963 0.575811 0.120488 0.000737094 
0.0459144 0.517589 0.436419 7.73089e-05 
0.0574991 0.911539 0.0134917 0.0174705 
0.177341 0.751123 0.0513826 0.0201537 
0.386098 0.506969 0.0955794 0.011354 
0.196826 0.556853 0.244153 0.00216884 
0.244833 0.560087 0.194703 0.000377194 
0.336596 0.596423 0.0501608 0.0168199 
0.450604 0.4711 0.0386477 0.0396486 
0.426731 0.45973 0.0635213 0.0500177 
0.156517 0.75475 0.0885983 0.000134346 
0.131573 0.747725 0.116944 0.00375821 
0.273485 0.522441 0.203569 0.000504152 
0.308427 0.5205 0.0243509 0.146722 
0.384132 0.568038 0.0477818 4.80192e-05 
0.287207 0.448278 0.261193 0.00332166 
0.285856 0.590627 0.0928486 0.0306676 
0.106944 0.846409 0.0359329 0.0107149 
0.201114 0.738493 0.0510416 0.00935078 
0.203014 0.762334 0.0345069 0.000144796 
0.326315 0.513569 0.157935 0.00218016 
0.204246 0.748097 0.0458118 0.00184548 
0.283679 0.51222 0.197837 0.00626328 
0.228097 0.658707 0.112243 0.000953198 
0.405592 0.503639 0.0720069 0.0187624 
0.386694 0.497044 0.0468821 0.0693792 
0.305598 0.575011 0.118508 0.000883001 
0.292945 0.653264 0.0367964 0.0169944 
0.291593 0.541781 0.163672 0.00295381 
0.283672 0.653737 0.0561291 0.00646157 
0.340484 0.506615 0.148709 0.00419117 
0.363225 0.544147 0.0855934 0.00703436 
0.34996 0.541095 0.10884 0.000105911 
0.29414 0.390128 0.298829 0.0169039 
0.260307 0.522859 0.216815 1.92769e-05 
0.306307 0.632663 0.0513369 0.00969364 
0.164051 0.766272 0.0563077 0.0133694 
0.177098 0.734018 0.0731581 0.0157253 
0.110908 0.683978 0.205073 4.10294e-05 
0.318242 0.366379 0.11978 0.195599 
0.364298 0.497585 0.0147414 0.123376 
0.204962 0.671797 0.11459 0.00865199 
0.291376 0.501045 0.189365 0.0182136 
0.316122 0.613984 0.0683805 0.0015142 
0.310869 0.471555 0.142479 0.0750971 
0.106944 0.846409 0.0359329 0.0107149 
0.323941 0.534713 0.137122 0.00422483 
0.325943 0.584137 0.0852252 0.00469537 
0.268224 0.690517 0.0412132 4.58091e-05 
0.158473 0.742911 0.0978996 0.00071714 
0.372671 0.41851 0.20788 0.000938355 
0.197319 0.683292 0.0581122 0.0612777 
0.227414 0.7266 0.0390349 0.00695075 
0.313652 0.620955 0.0347465 0.0306459 
0.193861 0.732378 0.0530268 0.0207336 
0.354297 0.533249 0.10747 0.00498316 
0.186637 0.7452 0.0481127 0.02005 
0.150759 0.523391 0.0537115 0.272138 
0.190973 0.713953 0.0915891 0.00348465 
0.155286 0.780295 0.0628133 0.00160513 
0.371029 0.557724 0.0712352 1.17699e-05 
0.238312 0.569934 0.120919 0.0708353 
0.156898 0.428779 0.411159 0.00316412 
0.35737 0.52076 0.112387 0.00948245 
0.348405 0.505656 0.0830707 0.0628679 
0.0773705 0.879111 0.0130764 0.0304418 
0.106944 0.846409 0.0359329 0.0107149 
0.397458 0.547462 0.054441 0.000638191 
0.325594 0.589654 0.0818238 0.00292807 
0.295217 0.546178 0.158361 0.00024311 
0.122661 0.841892 0.0227178 0.0127295 
0.260895 0.655968 0.0339552 0.0491816 
0.458256 0.494448 0.0365893 0.0107073 
0.170021 0.693197 0.047404 0.0893775 
0.44434 0.493926 0.0462269 0.0155071 
0.145202 0.768812 0.0701453 0.0158408 
0.336029 0.464688 0.196824 0.00245876 
0.0979887 0.660025 0.241871 0.000116034 
0.254961 0.611503 0.0647064 0.0688302 
0.214766 0.665038 0.109914 0.0102814 
0.166903 0.748584 0.084465 4.78492e-05 
0.186637 0.7452 0.0481127 0.02005 
0.1703 0.566885 0.129548 0.133267 
0.304013 0.617483 0.0777705 0.000733639 
0.106944 0.846409 0.0359329 0.0107149 
0.186637 0.7452 0.0481127 0.02005 
0.26447 0.72153 0.0139617 3.80294e-05 
0.333447 0.59497 0.041112 0.0304715 
0.263343 0.647605 0.088676 0.000376293 
0.400309 0.543457 0.0551398 0.00109456 
0.243783 0.725458 0.0303822 0.000376549 
0.255337 0.678985 0.0633522 0.00232586 
0.434426 0.444217 0.111685 0.00967117 
0.258861 0.659615 0.0467152 0.0348085 
0.349626 0.479337 0.0987493 0.0722873 
0.424942 0.516194 0.0575451 0.0013188 
0.324801 0.548276 0.124857 0.00206702 
0.0712094 0.898279 0.00945317 0.0210583 
0.175316 0.796831 0.0273381 0.000514588 
0.364842 0.542664 0.0771336 0.0153604 
0.293847 0.507576 0.198101 0.000475571 
0.212719 0.750327 0.0217369 0.0152169 
0.202146 0.762776 0.0349022 0.000175633 
0.277596 0.551985 0.14827 0.0221486 
0.106944 0.846409 0.0359329 0.0107149 
0.120375 0.828321 0.0509961 0.000307592 
0.275512 0.620397 0.101494 0.00259596 
0.24699 0.653019 0.0645707 0.0354208 
0.129325 0.766634 0.0813949 0.0226462 
0.447965 0.504442 0.0430453 0.00454851 
0.320885 0.538631 0.097571 0.0429122 
0.345425 0.447776 0.205992 0.000806796 
0.370868 0.524004 0.0804982 0.02463 
0.426731 0.45973 0.0635213 0.0500177 
0.413086 0.530228 0.0517532 0.0049328 
0.386098 0.506969 0.0955794 0.011354 
0.30065 0.523517 0.132717 0.0431153 
0.286369 0.608376 0.0975172 0.00773767 
0.349626 0.479337 0.0987493 0.0722873 
0.352638 0.584197 0.0510873 0.0120771 
0.35088 0.512271 0.134657 0.00219206 
0.342451 0.506963 0.143018 0.00756715 
0.299613 0.442517 0.040668 0.217202 
0.0581224 0.91206 0.0059185 0.0238988 
0.386098 0.506969 0.0955794 0.011354 
0.452481 0.501587 0.0456302 0.000301402 
0.328349 0.600898 0.0424447 0.0283084 
