0.233857 0.193088 0.571201 0.00185415 
0.27282 0.0926435 0.631798 0.00273781 
0.104367 0.0509439 0.844577 0.000112409 
0.196245 0.129994 0.668079 0.00568222 
0.226433 0.0952341 0.67396 0.00437284 
0.0180354 0.0118751 0.964404 0.00568498 
0.279525 0.228093 0.484916 0.0074658 
0.270483 0.128254 0.598639 0.00262397 
0.287969 0.325782 0.385021 0.00122832 
0.277804 0.277271 0.444809 0.000115705 
0.0218852 0.015309 0.957731 0.00507463 
0.272847 0.241952 0.481643 0.0035578 
0.373191 0.222181 0.403526 0.00110279 
0.0218852 0.015309 0.957731 0.00507463 
0.342008 0.252755 0.405009 0.000227884 
0.0026639 0.0731104 0.924217 8.69276e-06 
0.274682 0.134147 0.582685 0.00848634 
0.314061 0.251741 0.421193 0.0130044 
0.0180354 0.0118751 0.964404 0.00568498 
0.327358 0.307665 0.36359 0.00138677 
0.34316 0.242379 0.408917 0.00554434 
0.251095 0.361354 0.378364 0.00918755 
0.204399 0.0600579 0.724958 0.0105851 
0.283992 0.110963 0.60418 0.000865389 
0.193923 0.0986023 0.705567 0.0019074 
0.295085 0.176938 0.526179 0.00179783 
0.421745 0.109175 0.450427 0.0186528 
0.357321 0.256038 0.359638 0.0270035 
0.219679 0.260267 0.519555 0.000499305 
0.0794118 0.0914796 0.828747 0.000361384 
0.137517 0.126444 0.734496 0.00154337 
0.0218852 0.015309 0.957731 0.00507463 
0.30605 0.181651 0.511982 0.000316576 
0.287969 0.325782 0.385021 0.00122832 
0.399914 0.138809 0.453382 0.00789581 
0.370503 0.175185 0.452458 0.00185347 
0.269957 0.0470442 0.682984 1.47274e-05 
0.308026 0.0322718 0.657015 0.00268678 
0.107493 0.323043 0.568863 0.000600999 
0.2896 0.0786147 0.631284 0.000501414 
0.315207 0.153701 0.531053 3.90626e-05 
0.0180354 0.0118751 0.964404 0.00568498 
0.0218852 0.015309 0.957731 0.00507463 
0.333658 0.0710255 0.594848 0.000469063 
0.0218852 0.015309 0.957731 0.00507463 
0.0218852 0.015309 0.957731 0.00507463 
0.0180354 0.0118751 0.964404 0.00568498 
0.28763 0.14428 0.564482 0.00360767 
0.348441 0.144617 0.506933 8.00992e-06 
0.401526 0.0735281 0.523914 0.00103216 
0.150531 0.0422353 0.805938 0.00129549 
0.229972 0.180787 0.574344 0.0148969 
0.250947 0.206346 0.536351 0.00635574 
0.137517 0.126444 0.734496 0.00154337 
0.354416 0.169148 0.474412 0.00202495 
0.0180354 0.0118751 0.964404 0.00568498 
0.106671 0.358046 0.502724 0.0325589 
0.302994 0.243885 0.452742 0.000378795 
0.0180354 0.0118751 0.964404 0.00568498 
0.314558 0.178616 0.500958 0.00586781 
0.153845 0.0682797 0.774113 0.00376283 
0.381227 0.219215 0.39189 0.00766778 
0.338608 0.114515 0.542613 0.00426329 
0.382444 0.172185 0.43698 0.00839126 
0.176193 0.0749605 0.662182 0.0866644 
0.197883 0.145362 0.647929 0.00882608 
0.332964 0.325631 0.341348 5.69026e-05 
0.373766 0.145405 0.47967 0.00115944 
0.0218852 0.015309 0.957731 0.00507463 
0.15688 0.12124 0.720442 0.00143919 
0.166975 0.0538131 0.779207 4.72932e-06 
0.0180354 0.0118751 0.964404 0.00568498 
0.152159 0.0352057 0.80784 0.0047951 
0.0910555 0.111371 0.796086 0.00148756 
0.16126 0.129964 0.707079 0.00169658 
0.346614 0.189258 0.461717 0.00241112 
0.303896 0.261863 0.431091 0.0031507 
0.107381 0.0746293 0.815928 0.0020619 
0.213115 0.218974 0.563567 0.00434468 
0.371012 0.250281 0.376268 0.00243807 
0.24331 0.127183 0.604382 0.0251248 
0.137821 0.104449 0.75759 0.000139224 
0.365201 0.0749672 0.543857 0.0159746 
0.180339 0.114008 0.703533 0.00211977 
0.190132 0.0824758 0.727209 0.000183855 
0.0180354 0.0118751 0.964404 0.00568498 
0.373686 0.169861 0.456387 6.4845e-05 
0.0885936 0.430721 0.480612 7.29648e-05 
0.0992954 0.278734 0.621842 0.000129082 
0.190132 0.0824758 0.727209 0.000183855 
0.165395 0.0632954 0.76919 0.0021191 
0.152514 0.0761285 0.771244 0.000113665 
0.115385 0.141685 0.742742 0.000187845 
0.300287 0.227502 0.471157 0.00105435 
0.0180354 0.0118751 0.964404 0.00568498 
0.134425 0.190578 0.67287 0.00212717 
0.308173 0.279045 0.411563 0.00121873 
0.284694 0.211004 0.504181 0.000121538 
0.281812 0.287675 0.417933 0.0125796 
0.151993 0.138274 0.708042 0.00169137 
0.334685 0.20822 0.455184 0.00191061 
0.0180354 0.0118751 0.964404 0.00568498 
0.2695 0.250901 0.478024 0.00157507 
0.181624 0.108624 0.694629 0.0151242 
0.297046 0.272149 0.429159 0.00164518 
0.244534 0.1225 0.631206 0.00176025 
0.154776 0.015837 0.828116 0.00127156 
0.30862 0.171709 0.512041 0.00763 
0.159292 0.062945 0.773036 0.00472676 
0.0218852 0.015309 0.957731 0.00507463 
0.299629 0.180502 0.518991 0.00087724 
0.160975 0.330272 0.508479 0.000274163 
0.292433 0.0683551 0.631078 0.00813348 
0.309753 0.207037 0.471405 0.0118062 
0.258917 0.284415 0.443949 0.0127189 
0.259079 0.134664 0.603566 0.00269057 
0.195399 0.124477 0.661682 0.0184418 
0.115385 0.141685 0.742742 0.000187845 
0.0180354 0.0118751 0.964404 0.00568498 
0.271709 0.07159 0.651136 0.00556428 
0.210611 0.0607457 0.728605 3.85211e-05 
0.191124 0.300402 0.499655 0.00881926 
0.0218852 0.015309 0.957731 0.00507463 
0.107381 0.0746293 0.815928 0.0020619 
0.163627 0.0788889 0.756597 0.000886968 
0.10155 0.107078 0.789818 0.00155446 
0.313702 0.311633 0.373159 0.00150736 
0.163171 0.217073 0.619754 2.22695e-06 
0.104367 0.0509439 0.844577 0.000112409 
0.188724 0.163006 0.636402 0.0118679 
0.0885936 0.430721 0.480612 7.29648e-05 
0.192571 0.146858 0.652997 0.00757367 
0.289836 0.270406 0.43684 0.00291725 
0.284362 0.132583 0.582807 0.000248689 
0.0218852 0.015309 0.957731 0.00507463 
0.149223 0.131639 0.717281 0.00185694 
0.39291 0.11116 0.493793 0.00213736 
0.236634 0.0932708 0.669272 0.000823896 
0.282107 0.0715585 0.644962 0.00137299 
0.152159 0.0352057 0.80784 0.0047951 
0.236127 0.161553 0.601577 0.000743462 
0.305143 0.321553 0.372225 0.001079 
0.0180354 0.0118751 0.964404 0.00568498 
0.313932 0.122452 0.555149 0.00846662 
0.243159 0.061656 0.694056 0.00112972 
0.0180354 0.0118751 0.964404 0.00568498 
0.132089 0.266756 0.600419 0.00073535 
0.17087 0.174824 0.652094 0.00221107 
0.272062 0.0811093 0.634463 0.0123657 
0.0180354 0.0118751 0.964404 0.00568498 
0.362067 0.203611 0.430212 0.00411007 
0.148799 0.0176972 0.819799 0.0137047 
0.172187 0.17189 0.653944 0.0019794 
0.355635 0.17362 0.470473 0.000271696 
0.122332 0.218913 0.657852 0.000902692 
0.216575 0.267307 0.514482 0.00163575 
0.214587 0.223645 0.558836 0.00293192 
0.377781 0.217464 0.399638 0.00511789 
0.19328 0.01238 0.79427 6.99092e-05 
0.349023 0.0858695 0.564399 0.000708821 
0.137517 0.126444 0.734496 0.00154337 
0.1281 0.0642436 0.804441 0.00321453 
0.111638 0.0710475 0.813863 0.0034512 
0.0885936 0.430721 0.480612 7.29648e-05 
0.0180354 0.0118751 0.964404 0.00568498 
0.265204 0.220765 0.507974 0.00605737 
0.264214 0.235084 0.496185 0.00451705 
0.203699 0.211135 0.574162 0.011005 
0.187796 0.37963 0.432194 0.000380468 
0.252715 0.31913 0.424164 0.00399021 
0.165745 0.154563 0.679538 0.000153763 
0.169209 0.0655231 0.762611 0.00265619 
0.137023 0.134095 0.728707 0.00017569 
0.159723 0.295787 0.54239 0.00210017 
0.0910471 0.0832691 0.825075 0.000608447 
0.0233534 0.0159795 0.955444 0.00522302 
0.189647 0.145596 0.663723 0.00103368 
0.184475 0.0286729 0.78635 0.00050116 
0.252361 0.131588 0.613517 0.00253428 
0.246005 0.274707 0.476987 0.00230028 
0.137517 0.126444 0.734496 0.00154337 
0.188726 0.211781 0.59835 0.0011433 
0.0853488 0.095446 0.81892 0.000284726 
0.183573 0.0620796 0.753526 0.000821458 
0.0180354 0.0118751 0.964404 0.00568498 
0.183551 0.153169 0.662881 0.000398862 
0.0731359 0.0195503 0.907057 0.000256279 
0.318371 0.115887 0.565247 0.00049481 
0.206561 0.0569744 0.72988 0.0065844 
0.305211 0.251277 0.439307 0.00420628 
0.212502 0.121443 0.659146 0.00690885 
0.0983221 0.177503 0.723659 0.000515916 
0.256875 0.151929 0.591195 1.46756e-06 
0.111827 0.0759079 0.812265 3.6651e-07 
0.137517 0.126444 0.734496 0.00154337 
0.250971 0.294503 0.452463 0.00206256 
0.0218852 0.015309 0.957731 0.00507463 
0.172423 0.0566176 0.768865 0.00209365 
0.350101 0.0670447 0.582837 1.75333e-05 
0.263943 0.3606 0.375293 0.000164303 
0.299576 0.0715568 0.628356 0.00051101 
0.273645 0.0369893 0.689042 0.000323476 
0.153845 0.0682797 0.774113 0.00376283 
0.19575 0.100122 0.701783 0.00234494 
0.221981 0.0449003 0.729712 0.00340633 
0.09823 0.0574199 0.83481 0.00954049 
0.0794118 0.0914796 0.828747 0.000361384 
0.158462 0.230145 0.60175 0.0096425 
0.359196 0.0315417 0.607463 0.00179952 
0.223834 0.142005 0.614075 0.0200848 
0.244567 0.0787167 0.675977 0.000740202 
0.313272 0.165785 0.385563 0.13538 
0.113055 0.293034 0.593547 0.000363767 
0.0218852 0.015309 0.957731 0.00507463 
0.191627 0.0948779 0.712112 0.00138274 
0.23612 0.181129 0.581247 0.0015037 
0.137517 0.126444 0.734496 0.00154337 
0.142018 0.258243 0.599675 6.39707e-05 
0.266809 0.0814231 0.651399 0.000368603 
0.232801 0.138015 0.623806 0.00537845 
0.165416 0.0554233 0.77229 0.00687112 
0.228656 0.270852 0.495835 0.00465726 
0.244883 0.12 0.635111 5.71614e-06 
0.140432 0.216027 0.643221 0.000320418 
0.375128 0.10548 0.515433 0.00395828 
0.238847 0.0775197 0.677324 0.00630951 
0.321997 0.144889 0.530806 0.00230766 
0.149223 0.131639 0.717281 0.00185694 
0.0218852 0.015309 0.957731 0.00507463 
0.259588 0.122741 0.551396 0.0662743 
0.29654 0.346655 0.356605 0.000199871 
0.0180354 0.0118751 0.964404 0.00568498 
0.093618 0.428974 0.47732 8.80111e-05 
0.00541454 0.00210929 0.992437 3.93115e-05 
0.114357 0.0552346 0.829942 0.000466962 
0.279987 0.198825 0.516439 0.0047485 
0.175651 0.0610635 0.747968 0.0153171 
0.0180354 0.0118751 0.964404 0.00568498 
0.116959 0.121917 0.760903 0.000220489 
0.0885936 0.430721 0.480612 7.29648e-05 
0.17259 0.112667 0.712351 0.00239285 
0.204582 0.132529 0.657815 0.00507324 
0.204492 0.0721394 0.721059 0.0023098 
0.354173 0.278995 0.362162 0.00466997 
0.253069 0.0944536 0.652434 4.3524e-05 
0.266809 0.0814231 0.651399 0.000368603 
0.322307 0.200077 0.474552 0.00306399 
0.275256 0.0779083 0.635732 0.0111033 
0.276839 0.10346 0.614165 0.00553539 
0.281465 0.0785145 0.639976 4.51563e-05 
0.34665 0.123107 0.434799 0.0954427 
0.37286 0.204187 0.417711 0.00524188 
0.137517 0.126444 0.734496 0.00154337 
0.245316 0.0758314 0.677728 0.00112449 
0.197792 0.0203615 0.780212 0.00163464 
0.0920412 0.15458 0.752819 0.000560317 
0.291319 0.134528 0.572353 0.00179965 
0.372276 0.0774583 0.548598 0.00166822 
0.188035 0.129203 0.681505 0.00125645 
0.188439 0.0382458 0.773074 0.000241126 
0.187571 0.295287 0.514065 0.00307638 
0.154092 0.116965 0.727534 0.00140924 
0.298971 0.137876 0.55432 0.00883278 
0.0857763 0.269911 0.644311 1.33477e-06 
0.30262 0.276159 0.409383 0.0118376 
0.137517 0.126444 0.734496 0.00154337 
0.127152 0.0634913 0.809258 9.87296e-05 
0.272012 0.156768 0.566637 0.00458256 
0.131198 0.0592207 0.805018 0.00456279 
0.153845 0.0682797 0.774113 0.00376283 
0.166377 0.37578 0.457658 0.000184902 
0.229972 0.180787 0.574344 0.0148969 
0.331285 0.237427 0.425626 0.00566305 
0.311888 0.243749 0.44196 0.00240274 
0.246134 0.0424182 0.710876 0.000572322 
0.368453 0.159639 0.471876 3.16681e-05 
0.438673 0.0928988 0.468149 0.000279393 
0.169209 0.0655231 0.762611 0.00265619 
0.167476 0.197114 0.63243 0.00298012 
0.271625 0.0813102 0.616951 0.0301137 
0.0885936 0.430721 0.480612 7.29648e-05 
0.129668 0.0625733 0.798185 0.00957366 
0.464192 0.0291529 0.48976 0.0168944 
0.194203 0.172766 0.623663 0.00936784 
0.131207 0.0491259 0.8194 0.000266618 
0.0180354 0.0118751 0.964404 0.00568498 
0.355099 0.225116 0.408514 0.0112703 
0.282648 0.311866 0.404989 0.000497482 
0.311925 0.161543 0.521151 0.00538171 
0.220056 0.141731 0.635446 0.00276692 
0.287068 0.101832 0.567893 0.0432072 
0.351886 0.1859 0.462146 6.82781e-05 
0.241725 0.129792 0.620348 0.0081353 
0.263612 0.309114 0.426476 0.00079764 
0.162283 0.387953 0.449628 0.00013609 
0.137517 0.126444 0.734496 0.00154337 
0.353377 0.0600413 0.586547 3.50184e-05 
0.273645 0.0369893 0.689042 0.000323476 
0.215746 0.081509 0.70194 0.000804968 
0.366081 0.143219 0.475968 0.0147322 
0.0952281 0.0285238 0.872875 0.00337285 
0.228808 0.111644 0.656404 0.00314447 
0.385994 0.137675 0.473137 0.00319369 
0.115385 0.141685 0.742742 0.000187845 
0.178451 0.229664 0.5917 0.000185153 
0.283432 0.157591 0.558088 0.000890079 
0.369414 0.0565498 0.564938 0.00909779 
0.226919 0.224338 0.541958 0.00678587 
0.253245 0.131826 0.611078 0.00385095 
0.327552 0.0655676 0.605572 0.00130759 
0.14185 0.0806727 0.750253 0.027224 
0.286039 0.16252 0.549887 0.00155409 
0.0180354 0.0118751 0.964404 0.00568498 
0.125551 0.0938134 0.780463 0.000172913 
0.19158 0.104808 0.701969 0.00164263 
0.146475 0.172061 0.681139 0.000325163 
0.245121 0.363712 0.380757 0.0104092 
0.420173 0.124743 0.453808 0.00127525 
0.194786 0.224216 0.561504 0.0194948 
0.0180354 0.0118751 0.964404 0.00568498 
0.0218852 0.015309 0.957731 0.00507463 
0.235523 0.105112 0.614961 0.0444036 
0.0684236 0.0776285 0.85387 7.80289e-05 
0.253114 0.218181 0.527467 0.00123769 
0.299735 0.276513 0.418639 0.00511278 
0.279477 0.0748852 0.62857 0.0170677 
0.196095 0.0786335 0.72477 0.000501693 
0.0218852 0.015309 0.957731 0.00507463 
0.25709 0.306883 0.435688 0.000339444 
0.21235 0.167527 0.612098 0.00802522 
0.237671 0.186441 0.572671 0.00321632 
0.212624 0.0566617 0.729315 0.00139901 
0.046948 0.195244 0.757788 2.00699e-05 
0.180555 0.0204686 0.79897 6.92903e-06 
0.248342 0.0561036 0.69453 0.00102505 
0.266035 0.0692579 0.660317 0.00439002 
0.177844 0.115851 0.705443 0.000861099 
0.172495 0.0804027 0.746918 0.000184122 
0.359864 0.149726 0.46612 0.0242903 
0.160975 0.330272 0.508479 0.000274163 
0.421138 0.149518 0.428809 0.000535034 
0.131584 0.0224993 0.844917 0.00100005 
0.34699 0.150615 0.502331 6.36511e-05 
0.0180354 0.0118751 0.964404 0.00568498 
0.358328 0.0753496 0.564922 0.00140086 
0.150531 0.0422353 0.805938 0.00129549 
0.257555 0.187451 0.55362 0.00137416 
0.299999 0.0376186 0.650854 0.0115285 
0.289279 0.210201 0.497647 0.00287262 
0.299823 0.189689 0.508202 0.00228644 
0.176193 0.0749605 0.662182 0.0866644 
0.372207 0.184827 0.431487 0.0114786 
0.149223 0.131639 0.717281 0.00185694 
0.320321 0.155809 0.417113 0.106757 
0.243899 0.0350566 0.717876 0.00316831 
0.248112 0.0701243 0.665361 0.0164026 
0.0750177 0.310833 0.613055 0.00109386 
0.0218852 0.015309 0.957731 0.00507463 
0.258035 0.0871189 0.651559 0.0032876 
0.292588 0.197574 0.504009 0.00582875 
0.29815 0.056535 0.644878 0.000436477 
0.122204 0.421458 0.44765 0.00868772 
0.0218852 0.015309 0.957731 0.00507463 
0.0218852 0.015309 0.957731 0.00507463 
0.399229 0.0910433 0.509471 0.00025656 
0.158485 0.131076 0.709419 0.00101996 
0.101728 0.0930304 0.804579 0.000662833 
0.153845 0.0682797 0.774113 0.00376283 
0.0180354 0.0118751 0.964404 0.00568498 
0.0233534 0.0159795 0.955444 0.00522302 
0.137517 0.126444 0.734496 0.00154337 
0.0822504 0.386206 0.531315 0.000229179 
0.22247 0.288174 0.480724 0.00863171 
0.271164 0.116921 0.611871 4.3439e-05 
0.26008 0.13523 0.591693 0.0129967 
0.325467 0.08583 0.569671 0.0190321 
0.303948 0.201582 0.487249 0.00722065 
0.334051 0.287972 0.365946 0.0120303 
0.12558 0.115484 0.757506 0.00142999 
0.349453 0.230578 0.419201 0.00076871 
0.224288 0.118693 0.651937 0.00508216 
0.148799 0.0176972 0.819799 0.0137047 
0.107381 0.0746293 0.815928 0.0020619 
0.287969 0.325782 0.385021 0.00122832 
0.325534 0.116391 0.533754 0.0243212 
0.170626 0.233502 0.590196 0.00567604 
0.134228 0.225567 0.639328 0.000876378 
0.271638 0.0898739 0.629547 0.00894072 
0.265002 0.152498 0.580562 0.00193776 
0.212266 0.07133 0.708841 0.00756319 
0.172759 0.15297 0.674117 0.00015469 
0.11182 0.0354294 0.85068 0.002071 
0.222559 0.0670423 0.69678 0.0136189 
0.0731359 0.0195503 0.907057 0.000256279 
0.275009 0.214441 0.5087 0.00184945 
0.332028 0.118696 0.548935 0.000341399 
0.260841 0.0656 0.670285 0.00327444 
0.0218852 0.015309 0.957731 0.00507463 
0.316461 0.235737 0.44599 0.00181277 
0.218289 0.223158 0.55808 0.000472917 
0.0960379 0.0767045 0.826987 0.000270207 
0.152009 0.121197 0.725355 0.00143858 
0.372098 0.156131 0.47085 0.000919894 
0.124452 0.176266 0.699032 0.000250236 
0.361181 0.186815 0.446157 0.00584735 
0.0233534 0.0159795 0.955444 0.00522302 
0.169209 0.0655231 0.762611 0.00265619 
0.342606 0.217898 0.421486 0.018009 
0.101654 0.114855 0.780882 0.00260811 
0.195119 0.133409 0.671118 0.000354452 
0.336778 0.149976 0.507005 0.0062419 
0.19328 0.01238 0.79427 6.99092e-05 
0.0180354 0.0118751 0.964404 0.00568498 
0.160975 0.330272 0.508479 0.000274163 
0.411534 0.17349 0.412257 0.00271911 
0.2342 0.170947 0.591861 0.00299102 
0.284648 0.239159 0.474231 0.0019619 
0.0218852 0.015309 0.957731 0.00507463 
0.312813 0.218751 0.464107 0.00432898 
0.377382 0.156217 0.465285 0.00111532 
0.334474 0.168496 0.493088 0.00394289 
0.189143 0.117251 0.693163 0.000443224 
0.324577 0.162481 0.512482 0.000459896 
0.137517 0.126444 0.734496 0.00154337 
0.0218852 0.015309 0.957731 0.00507463 
0.335174 0.234591 0.430154 8.066e-05 
0.43694 0.10035 0.44397 0.0187397 
0.0218852 0.015309 0.957731 0.00507463 
0.213716 0.259491 0.526268 0.000524683 
0.0218852 0.015309 0.957731 0.00507463 
0.0667037 0.243043 0.688783 0.00147026 
0.211689 0.0685069 0.719325 0.000479222 
0.179779 0.0723536 0.747721 0.000146397 
0.304723 0.22964 0.464034 0.00160248 
0.224077 0.0696352 0.70484 0.00144781 
0.177107 0.0568468 0.750266 0.01578 
0.17443 0.041656 0.783802 0.000112355 
0.137517 0.126444 0.734496 0.00154337 
0.450805 0.081171 0.467553 0.000470599 
0.115251 0.105385 0.778635 0.000729489 
0.214647 0.149359 0.623067 0.012928 
0.332028 0.118696 0.548935 0.000341399 
0.380866 0.23572 0.383351 6.30451e-05 
0.19206 0.108115 0.699228 0.000597275 
0.35646 0.266302 0.37717 6.72111e-05 
0.137517 0.126444 0.734496 0.00154337 
0.0885936 0.430721 0.480612 7.29648e-05 
0.245439 0.06235 0.692028 0.000182872 
0.0885936 0.430721 0.480612 7.29648e-05 
0.320275 0.220335 0.458611 0.000778375 
0.27616 0.11974 0.601743 0.00235781 
0.359196 0.246429 0.392996 0.00137934 
0.367373 0.0715071 0.561101 1.8934e-05 
0.0218852 0.015309 0.957731 0.00507463 
0.137517 0.126444 0.734496 0.00154337 
0.210239 0.120646 0.667742 0.00137248 
0.13104 0.121922 0.745498 0.0015402 
0.111638 0.0710475 0.813863 0.0034512 
0.300334 0.301327 0.393607 0.00473232 
0.13935 0.0566854 0.79909 0.00487437 
0.188436 0.0422587 0.769065 0.000240117 
0.404017 0.0675346 0.52822 0.000228219 
0.3369 0.233781 0.42371 0.00560898 
0.131609 0.184822 0.682578 0.000991011 
0.200973 0.127917 0.670475 0.000634956 
0.293234 0.238013 0.462035 0.00671844 
0.0987479 0.0914078 0.809139 0.00070544 
0.214076 0.303804 0.480346 0.00177451 
0.311628 0.300163 0.387925 0.000283627 
0.115251 0.105385 0.778635 0.000729489 
0.332578 0.237646 0.418969 0.010808 
0.332906 0.167745 0.496059 0.00329022 
0.333329 0.0638291 0.601518 0.00132379 
0.401377 0.119452 0.479146 2.48217e-05 
0.102748 0.0570981 0.839429 0.000724089 
0.190132 0.0824758 0.727209 0.000183855 
0.136147 0.141425 0.716093 0.00633487 
0.278393 0.063139 0.658435 3.27174e-05 
0.0180354 0.0118751 0.964404 0.00568498 
0.0218852 0.015309 0.957731 0.00507463 
0.213427 0.18148 0.602932 0.00215999 
0.0218852 0.015309 0.957731 0.00507463 
0.321774 0.113679 0.558644 0.00590344 
0.10796 0.180043 0.711543 0.000454049 
0.115385 0.141685 0.742742 0.000187845 
0.328125 0.12986 0.541904 0.000111375 
0.169209 0.0655231 0.762611 0.00265619 
0.263902 0.318273 0.404991 0.0128343 
0.217138 0.195837 0.587011 1.3708e-05 
0.137517 0.126444 0.734496 0.00154337 
0.262305 0.124764 0.611081 0.00185079 
0.266323 0.109219 0.623843 0.000614696 
0.0180354 0.0118751 0.964404 0.00568498 
0.252699 0.0913164 0.644085 0.0118989 
0.0180354 0.0118751 0.964404 0.00568498 
0.365201 0.0749672 0.543857 0.0159746 
0.164282 0.114675 0.719829 0.00121375 
0.0218852 0.015309 0.957731 0.00507463 
0.148799 0.0176972 0.819799 0.0137047 
0.344087 0.297373 0.355678 0.00286224 
0.281467 0.289783 0.426074 0.00267672 
0.340708 0.177667 0.479239 0.00238679 
0.375128 0.10548 0.515433 0.00395828 
0.142368 0.252849 0.598247 0.00653545 
0.189449 0.324506 0.47521 0.0108345 
0.31264 0.156894 0.526899 0.00356649 
0.331894 0.305611 0.361503 0.000991986 
0.14557 0.204389 0.649921 0.000120097 
0.147118 0.358463 0.494349 7.04302e-05 
0.340832 0.275886 0.383276 6.07112e-06 
0.0885936 0.430721 0.480612 7.29648e-05 
0.0180354 0.0118751 0.964404 0.00568498 
0.253384 0.162198 0.579559 0.00485964 
0.104367 0.0509439 0.844577 0.000112409 
0.0180354 0.0118751 0.964404 0.00568498 
0.0180354 0.0118751 0.964404 0.00568498 
0.222478 0.142403 0.627772 0.00734743 
0.259588 0.122741 0.551396 0.0662743 
0.343203 0.151537 0.505176 8.38081e-05 
0.0218852 0.015309 0.957731 0.00507463 
0.117155 0.0779282 0.800436 0.00448088 
0.388799 0.17183 0.435373 0.00399774 
0.0180354 0.0118751 0.964404 0.00568498 
0.0218852 0.015309 0.957731 0.00507463 
0.343523 0.0488307 0.605416 0.00223056 
0.197108 0.287651 0.512523 0.00271895 
0.259759 0.105872 0.634276 9.36065e-05 
0.30509 0.074406 0.614725 0.00577929 
0.204338 0.114433 0.680941 0.000288293 
0.0180354 0.0118751 0.964404 0.00568498 
0.251969 0.178596 0.567925 0.00150991 
0.0218852 0.015309 0.957731 0.00507463 
0.244743 0.242725 0.504303 0.00822915 
0.479913 0.0353877 0.483986 0.000713675 
0.202246 0.328799 0.461352 0.0076034 
0.303404 0.0546418 0.622704 0.0192511 
0.043759 0.20257 0.751879 0.00179251 
0.0218852 0.015309 0.957731 0.00507463 
0.0218852 0.015309 0.957731 0.00507463 
0.137517 0.126444 0.734496 0.00154337 
0.266479 0.0449315 0.673642 0.0149479 
0.126941 0.109126 0.761624 0.00230886 
0.137517 0.126444 0.734496 0.00154337 
0.366588 0.245846 0.37574 0.0118255 
0.206416 0.0619415 0.729477 0.00216546 
0.0180354 0.0118751 0.964404 0.00568498 
0.214663 0.0368854 0.747528 0.00092363 
0.0218852 0.015309 0.957731 0.00507463 
0.0218852 0.015309 0.957731 0.00507463 
0.0218852 0.015309 0.957731 0.00507463 
0.303516 0.164646 0.524344 0.00749464 
0.287408 0.128276 0.577682 0.00663387 
0.231235 0.164116 0.604608 4.05361e-05 
0.169209 0.0655231 0.762611 0.00265619 
0.0180354 0.0118751 0.964404 0.00568498 
0.0218852 0.015309 0.957731 0.00507463 
0.199649 0.157936 0.640848 0.00156712 
0.289867 0.0948235 0.613358 0.00195166 
0.060134 0.105754 0.833582 0.000530016 
0.256875 0.151929 0.591195 1.46756e-06 
0.19328 0.01238 0.79427 6.99092e-05 
0.256875 0.151929 0.591195 1.46756e-06 
0.0218852 0.015309 0.957731 0.00507463 
0.290345 0.210479 0.499123 5.18747e-05 
0.0897277 0.0831689 0.826118 0.000985799 
0.28995 0.0560204 0.638206 0.0158239 
0.399444 0.145983 0.454321 0.000251414 
0.205383 0.246131 0.541433 0.00705282 
0.265311 0.310265 0.421312 0.00311199 
0.076239 0.318989 0.604726 4.62953e-05 
0.0218852 0.015309 0.957731 0.00507463 
0.259588 0.122741 0.551396 0.0662743 
0.0731359 0.0195503 0.907057 0.000256279 
0.256875 0.151929 0.591195 1.46756e-06 
0.277531 0.0805769 0.604913 0.0369789 
0.124161 0.390669 0.485085 8.46531e-05 
0.0180354 0.0118751 0.964404 0.00568498 
0.0180354 0.0118751 0.964404 0.00568498 
0.184399 0.271789 0.531219 0.0125932 
0.332779 0.0822307 0.580729 0.00426131 
0.281512 0.203396 0.514637 0.000454447 
0.21453 0.25969 0.519876 0.00590341 
0.341709 0.254745 0.403478 6.75818e-05 
0.243339 0.132609 0.623864 0.00018824 
0.233579 0.117922 0.645658 0.00284089 
0.411355 0.112253 0.476311 8.06325e-05 
0.4136 0.076711 0.506571 0.00311812 
0.313879 0.167101 0.380204 0.138817 
0.323025 0.273934 0.402153 0.000888511 
0.0180354 0.0118751 0.964404 0.00568498 
0.289 0.31118 0.397635 0.00218573 
0.0218852 0.015309 0.957731 0.00507463 
0.281287 0.173438 0.543041 0.00223309 
0.153845 0.0682797 0.774113 0.00376283 
0.0218852 0.015309 0.957731 0.00507463 
0.148799 0.0176972 0.819799 0.0137047 
0.303338 0.0552684 0.640835 0.000558592 
0.274996 0.268853 0.45334 0.00281168 
0.253069 0.0944536 0.652434 4.3524e-05 
0.0700539 0.0296903 0.900123 0.000132771 
0.207902 0.36183 0.430267 1.71401e-06 
0.124704 0.159199 0.715225 0.000872311 
0.392324 0.140916 0.463664 0.00309599 
0.163521 0.0211739 0.815305 6.27228e-08 
0.137517 0.126444 0.734496 0.00154337 
0.128161 0.407718 0.463823 0.000298497 
0.359864 0.149726 0.46612 0.0242903 
0.27177 0.258212 0.467854 0.0021651 
0.137517 0.126444 0.734496 0.00154337 
0.157942 0.122299 0.717 0.00275853 
0.171917 0.21045 0.591651 0.0259813 
0.286776 0.098959 0.603349 0.0109159 
0.139942 0.123436 0.731894 0.0047275 
0.206124 0.0701278 0.714331 0.00941716 
0.447054 0.0582152 0.492394 0.00233664 
0.169649 0.0275897 0.797829 0.00493246 
0.256993 0.0836399 0.602841 0.0565263 
0.239874 0.188128 0.568823 0.00317486 
0.0180354 0.0118751 0.964404 0.00568498 
0.162627 0.0459084 0.790967 0.000497756 
0.188241 0.225665 0.547013 0.0390817 
0.295977 0.229297 0.474109 0.000617647 
0.150531 0.0422353 0.805938 0.00129549 
0.239541 0.0477125 0.712477 0.000269348 
0.143722 0.187748 0.629296 0.0392338 
0.164684 0.0943827 0.740678 0.000255451 
0.322964 0.154069 0.516502 0.0064647 
0.111638 0.0710475 0.813863 0.0034512 
0.230247 0.0380898 0.728729 0.00293408 
0.0750177 0.310833 0.613055 0.00109386 
0.100014 0.111938 0.787927 0.000121922 
0.330886 0.281587 0.383897 0.00362944 
0.192014 0.169742 0.61711 0.0211343 
0.156123 0.0879117 0.755206 0.000759585 
0.142809 0.388143 0.468954 9.44552e-05 
0.163521 0.260217 0.576019 0.000242246 
0.358821 0.142629 0.497941 0.000608696 
0.275216 0.130513 0.571515 0.0227562 
0.310746 0.211306 0.458225 0.0197235 
0.122694 0.0577417 0.802441 0.017123 
0.190132 0.0824758 0.727209 0.000183855 
0.153845 0.0682797 0.774113 0.00376283 
0.30604 0.175652 0.516081 0.00222658 
0.273645 0.0369893 0.689042 0.000323476 
0.307486 0.25633 0.430375 0.00580862 
0.287974 0.0934246 0.618584 1.75337e-05 
0.282689 0.200119 0.516772 0.000419865 
0.294053 0.0429748 0.662747 0.000224845 
0.342203 0.233652 0.42192 0.00222447 
0.153845 0.0682797 0.774113 0.00376283 
0.169209 0.0655231 0.762611 0.00265619 
0.38255 0.201348 0.403428 0.0126746 
0.0218852 0.015309 0.957731 0.00507463 
0.19328 0.01238 0.79427 6.99092e-05 
0.101997 0.0231022 0.874586 0.000315644 
0.273645 0.0369893 0.689042 0.000323476 
0.243419 0.0476419 0.708898 4.08436e-05 
0.150531 0.0422353 0.805938 0.00129549 
0.390801 0.0785175 0.529631 0.00105065 
0.0180354 0.0118751 0.964404 0.00568498 
0.109708 0.0813526 0.808939 6.61715e-07 
0.174135 0.0128023 0.812999 6.39294e-05 
0.160032 0.115316 0.721365 0.00328716 
0.115251 0.105385 0.778635 0.000729489 
0.0218852 0.015309 0.957731 0.00507463 
0.164609 0.153357 0.676593 0.00544091 
0.395396 0.10527 0.492194 0.00714095 
0.326909 0.193245 0.479707 0.000139239 
0.222551 0.078216 0.678253 0.0209804 
0.313957 0.0675376 0.617316 0.00118957 
0.133972 0.250227 0.608453 0.00734792 
0.0180354 0.0118751 0.964404 0.00568498 
0.253069 0.0944536 0.652434 4.3524e-05 
0.104367 0.0509439 0.844577 0.000112409 
0.198998 0.0234384 0.77357 0.00399314 
0.177924 0.20268 0.61358 0.00581624 
0.0180354 0.0118751 0.964404 0.00568498 
0.147118 0.358463 0.494349 7.04302e-05 
0.15418 0.160989 0.684528 0.000302397 
0.19328 0.01238 0.79427 6.99092e-05 
0.137023 0.134095 0.728707 0.00017569 
0.0218852 0.015309 0.957731 0.00507463 
0.244583 0.179799 0.57171 0.00390781 
0.320321 0.155809 0.417113 0.106757 
0.244567 0.0787167 0.675977 0.000740202 
0.254927 0.153039 0.578322 0.0137124 
0.339603 0.0932472 0.567025 0.000124745 
0.344444 0.233804 0.417896 0.00385544 
0.292433 0.0683551 0.631078 0.00813348 
0.0180354 0.0118751 0.964404 0.00568498 
0.153845 0.0682797 0.774113 0.00376283 
0.29973 0.266414 0.428746 0.00510931 
0.235933 0.0938953 0.666504 0.00366774 
0.275336 0.253617 0.469063 0.00198361 
0.0218852 0.015309 0.957731 0.00507463 
0.361104 0.152491 0.486166 0.000238479 
0.312424 0.0782788 0.608986 0.000310978 
0.351132 0.26105 0.384079 0.003739 
0.0180354 0.0118751 0.964404 0.00568498 
0.291397 0.0811845 0.620745 0.00667396 
0.304492 0.123686 0.571109 0.000711948 
0.137517 0.126444 0.734496 0.00154337 
0.324645 0.0978161 0.577157 0.000382174 
0.180555 0.0204686 0.79897 6.92903e-06 
0.151933 0.181082 0.666589 0.000396009 
0.149223 0.131639 0.717281 0.00185694 
0.0218852 0.015309 0.957731 0.00507463 
0.151993 0.138274 0.708042 0.00169137 
0.0218852 0.015309 0.957731 0.00507463 
0.298552 0.305365 0.396021 6.19792e-05 
0.321533 0.132209 0.54055 0.00570749 
0.188173 0.138127 0.67367 2.93029e-05 
0.309028 0.114043 0.576837 9.23416e-05 
0.254588 0.115738 0.628565 0.00110946 
0.321847 0.178957 0.498377 0.000819024 
0.0180354 0.0118751 0.964404 0.00568498 
0.260841 0.0656 0.670285 0.00327444 
0.297315 0.144342 0.533793 0.0245499 
0.158403 0.0410261 0.799929 0.00064275 
0.23579 0.357808 0.404071 0.00233108 
0.102748 0.0570981 0.839429 0.000724089 
0.380771 0.0971253 0.521658 0.000445724 
0.0180354 0.0118751 0.964404 0.00568498 
0.183584 0.258818 0.546434 0.0111645 
0.310057 0.205155 0.484374 0.000413892 
0.179396 0.185964 0.632455 0.00218503 
0.0731359 0.0195503 0.907057 0.000256279 
0.195635 0.350713 0.453651 1.32202e-07 
0.0218852 0.015309 0.957731 0.00507463 
0.363901 0.166268 0.466997 0.00283373 
0.0750177 0.310833 0.613055 0.00109386 
0.312739 0.1685 0.479643 0.0391181 
0.235933 0.0938953 0.666504 0.00366774 
0.241736 0.0733719 0.672686 0.0122059 
0.205987 0.230415 0.536051 0.0275468 
0.257628 0.150121 0.591569 0.000682477 
0.17288 0.358162 0.467902 0.00105518 
0.0218852 0.015309 0.957731 0.00507463 
0.246517 0.0885833 0.654389 0.01051 
0.26578 0.179236 0.551671 0.00331269 
0.0885936 0.430721 0.480612 7.29648e-05 
0.197109 0.26942 0.532936 0.000534735 
0.0180354 0.0118751 0.964404 0.00568498 
0.0623449 0.0743341 0.863201 0.000119601 
0.206912 0.2957 0.494809 0.00257992 
0.153845 0.0682797 0.774113 0.00376283 
0.269509 0.277192 0.451731 0.00156789 
0.123083 0.233847 0.641755 0.00131586 
0.250262 0.0341416 0.706883 0.00871337 
0.142368 0.252849 0.598247 0.00653545 
0.172291 0.0169133 0.810776 2.05377e-05 
0.235005 0.0403208 0.724625 4.96763e-05 
0.0180354 0.0118751 0.964404 0.00568498 
0.0750177 0.310833 0.613055 0.00109386 
0.194633 0.118266 0.675346 0.0117557 
0.327188 0.151626 0.512594 0.00859202 
0.364805 0.207628 0.423279 0.00428737 
0.120555 0.012838 0.866604 3.4726e-06 
0.105606 0.369031 0.521444 0.00391863 
0.20715 0.180871 0.609181 0.00279775 
0.280316 0.250065 0.467997 0.00162191 
0.137517 0.126444 0.734496 0.00154337 
0.107381 0.0746293 0.815928 0.0020619 
0.123888 0.141925 0.731061 0.00312565 
0.33339 0.0810321 0.583881 0.00169646 
0.139987 0.297022 0.562748 0.000243043 
0.32209 0.303363 0.373311 0.00123557 
0.252539 0.0783846 0.667822 0.00125403 
0.24591 0.280355 0.470894 0.00284091 
0.163043 0.310758 0.523367 0.0028315 
0.256875 0.151929 0.591195 1.46756e-06 
0.359335 0.186305 0.453828 0.000531643 
0.13294 0.220053 0.646846 0.000160937 
0.0180354 0.0118751 0.964404 0.00568498 
0.106378 0.179811 0.713218 0.000592594 
0.0218852 0.015309 0.957731 0.00507463 
0.165132 0.0602994 0.773137 0.00143222 
0.411534 0.17349 0.412257 0.00271911 
0.198378 0.305295 0.485133 0.0111939 
0.0180354 0.0118751 0.964404 0.00568498 
0.0750177 0.310833 0.613055 0.00109386 
0.0578617 0.0219504 0.919269 0.00091882 
0.0180354 0.0118751 0.964404 0.00568498 
0.104367 0.0509439 0.844577 0.000112409 
0.399698 0.190943 0.409085 0.000273266 
0.314639 0.0282027 0.654615 0.00254322 
0.0885936 0.430721 0.480612 7.29648e-05 
0.234404 0.168806 0.595025 0.00176417 
0.169209 0.0655231 0.762611 0.00265619 
0.27616 0.11974 0.601743 0.00235781 
0.440013 0.0759437 0.484031 1.2259e-05 
0.0750177 0.310833 0.613055 0.00109386 
0.104367 0.0509439 0.844577 0.000112409 
0.23133 0.0992101 0.662099 0.0073606 
0.39034 0.203472 0.406141 4.72818e-05 
0.0180354 0.0118751 0.964404 0.00568498 
0.265383 0.357911 0.372523 0.00418301 
0.137517 0.126444 0.734496 0.00154337 
0.18423 0.146985 0.668503 0.000281753 
0.165813 0.278146 0.551526 0.0045145 
