0.457443 0.0247577 0.00483467 0.0857996 0.00694723 0.167664 0.198484 0.0540699 
0.496843 0.111372 0.0806733 0.0447221 0.00358558 0.051237 0.0495471 0.162019 
0.344663 0.00941247 0.041922 0.118627 0.000218738 0.17271 0.210773 0.101673 
0.244976 0.184404 0.0136522 0.0398756 0.121853 0.179876 0.164212 0.051151 
0.359292 0.0129953 0.00585294 0.0621678 0.000622143 0.352179 0.12833 0.0785612 
0.720948 0.023722 0.0150341 0.11393 0.0028301 0.0427338 0.0625102 0.0182925 
0.259354 0.203423 0.00714941 0.0751832 0.00714256 0.197503 0.178224 0.0720214 
0.423711 0.118575 0.120194 0.085489 0.0084434 0.0852153 0.101437 0.0569354 
0.518785 0.00634552 0.0179327 0.210449 1.13034e-05 0.0759945 0.0662182 0.104263 
0.510454 0.0119503 0.0155451 0.0621629 0.00301204 0.139408 0.217712 0.0397551 
0.412769 0.0559501 0.00659243 0.0052827 0.0497168 0.280452 0.16831 0.0209273 
0.352638 0.115481 0.0114352 0.100129 0.00824559 0.09566 0.208316 0.108095 
0.444049 0.0590085 0.00577081 0.0960107 0.00591894 0.0972368 0.230555 0.0614502 
0.382829 0.0112386 0.00832603 0.00432892 0.00214702 0.254359 0.306148 0.0306237 
0.539962 0.218193 0.0555783 0.0944209 0.00992652 0.0309129 0.037215 0.013791 
0.274885 0.0453 0.00807667 0.0981358 0.0212746 0.246228 0.201757 0.104343 
0.813356 0.00317444 0.000718671 0.0698266 4.03682e-06 0.0563792 0.0297914 0.02675 
0.41931 0.0250193 0.0198431 0.053811 0.00278056 0.0921632 0.310346 0.0767263 
0.661276 0.104024 0.0306337 0.0595905 0.0123711 0.0601742 0.0476522 0.0242779 
0.295017 0.0333533 0.0225535 0.0448423 0.0226963 0.288373 0.195871 0.0972935 
0.320886 0.238272 0.00958816 0.0539823 0.00584579 0.21127 0.0929863 0.0671698 
0.508705 0.00224416 0.0117165 0.0242397 0.000247349 0.0671658 0.331182 0.0544995 
0.456652 0.0758645 0.0331788 0.162816 0.00534616 0.102703 0.115031 0.0484088 
0.539962 0.218193 0.0555783 0.0944209 0.00992652 0.0309129 0.037215 0.013791 
0.661276 0.104024 0.0306337 0.0595905 0.0123711 0.0601742 0.0476522 0.0242779 
0.273009 0.0857388 0.0129294 0.0940013 0.000230936 0.115196 0.249722 0.169173 
0.56897 0.004794 0.0711495 0.0545433 0.000395703 0.129828 0.0615132 0.108806 
0.442183 0.11993 0.00177682 0.0881998 0.00254728 0.160831 0.145674 0.0388586 
0.539962 0.218193 0.0555783 0.0944209 0.00992652 0.0309129 0.037215 0.013791 
0.30415 0.200008 0.0145588 0.0253236 0.0118213 0.115192 0.109929 0.219016 
0.37304 0.0423892 0.00144486 0.187868 0.00118344 0.0482021 0.201097 0.144776 
0.341242 0.0251418 0.0238227 0.060109 0.00429596 0.128807 0.27066 0.145921 
0.325363 0.0206129 0.0433899 0.121426 0.00604496 0.103203 0.184384 0.195577 
0.661276 0.104024 0.0306337 0.0595905 0.0123711 0.0601742 0.0476522 0.0242779 
0.486755 0.0787655 0.0117748 0.0358922 0.0176041 0.176849 0.154373 0.0379867 
0.471652 0.0605831 0.0251708 0.0618348 0.010754 0.129254 0.157111 0.083641 
0.74914 0.0197713 0.00763089 0.0351129 0.000470203 0.0596706 0.0436502 0.0845536 
0.613539 0.0482944 0.003613 0.0746175 0.0290448 0.067994 0.102133 0.0607644 
0.564397 0.0777427 0.00339346 0.0324537 0.0618011 0.0909924 0.142807 0.0264127 
0.783401 0.103911 0.00999135 0.0419434 0.00637312 0.021378 0.0231345 0.00986795 
0.671185 0.0229262 0.0129035 0.0862783 0.00019426 0.0558882 0.124543 0.0260812 
0.527329 0.0298431 0.0218977 0.0380742 0.0120904 0.110876 0.144583 0.115306 
0.289672 0.00826224 0.0242617 0.225745 7.6068e-05 0.0921045 0.175262 0.184616 
0.326448 0.0632983 0.0169549 0.106078 0.016446 0.117409 0.297024 0.0563415 
0.4278 0.0759932 0.101831 0.0737653 0.0251515 0.0848582 0.0669309 0.143669 
0.276929 0.104696 0.00963957 0.0805338 0.00520549 0.235118 0.237455 0.0504234 
0.345849 0.0698093 0.00320074 0.277517 0.0468319 0.0595364 0.176257 0.0209982 
0.501698 0.106375 0.0626095 0.207688 0.00766813 0.0167726 0.0831833 0.0140047 
0.72416 0.00371294 0.00332585 0.0484156 0.000129077 0.0778861 0.0463265 0.0960436 
0.608766 0.0200393 2.47399e-06 0.216779 1.04927e-05 0.069984 0.0704931 0.0139248 
0.757933 0.0503976 0.0416082 0.0520972 0.000415315 0.0402192 0.0161391 0.0411899 
0.720948 0.023722 0.0150341 0.11393 0.0028301 0.0427338 0.0625102 0.0182925 
0.412537 0.124431 0.0127904 0.255128 0.00388712 0.0383365 0.13451 0.0183796 
0.426156 0.000672047 0.0160435 0.0222565 0.00050761 0.106632 0.38865 0.039083 
0.646552 0.0558387 0.0312051 0.0172434 0.000456699 0.0549568 0.119479 0.0742689 
0.606899 0.056308 0.0058353 0.0281089 0.0193691 0.0900463 0.160987 0.0324464 
0.770342 0.0968433 0.00478194 0.0194918 0.0611791 0.0288115 0.00458085 0.0139699 
0.49074 0.0337215 0.013689 0.0329299 0.00248417 0.215566 0.131171 0.0796989 
0.661276 0.104024 0.0306337 0.0595905 0.0123711 0.0601742 0.0476522 0.0242779 
0.395551 0.039491 0.00527047 0.0165662 0.00481939 0.367796 0.117459 0.0530474 
0.520903 0.116304 0.00137838 0.0342946 0.104037 0.0364794 0.13557 0.0510342 
0.303068 0.100306 0.0223649 0.222043 0.00876212 0.0635872 0.223968 0.0559014 
0.523494 0.026088 0.012591 0.106862 0.00503431 0.0443069 0.20837 0.0732531 
0.597571 0.108519 0.0436562 0.0741582 0.00925262 0.0613637 0.0677978 0.0376812 
0.390499 0.023898 0.0132178 0.217315 0.00125021 0.074858 0.115792 0.163171 
0.787413 0.119189 0.00550369 0.0363679 0.0131688 0.0307657 0.00672188 0.000869447 
0.293104 0.145688 0.0089938 0.134015 0.0174337 0.201021 0.0798932 0.119851 
0.382547 0.0624111 0.0147909 0.317782 0.0053204 0.030855 0.135569 0.050724 
0.519137 0.0582091 0.0241845 0.213046 0.00369913 0.0269809 0.0931403 0.0616026 
0.296525 0.128607 0.0303835 0.0664491 0.0695149 0.207459 0.142352 0.05871 
0.785666 2.93784e-06 0.00026411 0.0222404 5.55529e-10 0.0730418 0.00426046 0.114524 
0.532041 0.109366 0.0111137 0.0136042 0.0536038 0.149277 0.0426285 0.088365 
0.426592 0.131461 0.0038358 0.0106539 0.00806444 0.291036 0.093821 0.0345352 
0.539962 0.218193 0.0555783 0.0944209 0.00992652 0.0309129 0.037215 0.013791 
0.329198 0.02877 0.0268402 0.0811538 0.00298725 0.147522 0.31781 0.0657186 
0.241801 0.0246859 0.0150375 0.0562452 0.213625 0.0932589 0.134022 0.221325 
0.872933 0.0895975 0.00328909 0.00788884 0.00754825 0.00660964 0.0119972 0.000136756 
0.798103 0.0654576 0.00173052 0.0195237 0.00406804 0.0821197 0.0127603 0.0162373 
0.378634 0.0968758 0.0213066 0.0822392 0.00893237 0.0850069 0.257852 0.069153 
0.539962 0.218193 0.0555783 0.0944209 0.00992652 0.0309129 0.037215 0.013791 
0.274977 0.124281 0.0247779 0.161725 0.0384157 0.133143 0.22942 0.0132604 
0.456652 0.0758645 0.0331788 0.162816 0.00534616 0.102703 0.115031 0.0484088 
0.499004 0.0831646 0.0151689 0.00587364 0.00340365 0.212694 0.0586236 0.122069 
0.510051 0.0658238 0.0203059 0.12613 0.00986595 0.0842226 0.138335 0.0452653 
0.630123 0.0301504 0.0127523 0.00595916 0.0061019 0.0767439 0.219934 0.0182353 
0.423711 0.118575 0.120194 0.085489 0.0084434 0.0852153 0.101437 0.0569354 
0.661276 0.104024 0.0306337 0.0595905 0.0123711 0.0601742 0.0476522 0.0242779 
0.40698 0.114239 0.0333117 0.0389686 0.0406997 0.208765 0.115769 0.0412655 
0.476301 0.00310141 0.00338605 0.0829138 0.000607789 0.217565 0.156257 0.0598672 
0.568952 0.00623428 0.00310397 0.145515 0.000122377 0.124311 0.0932052 0.0585553 
0.492467 0.0784303 0.0118266 0.0510785 0.014445 0.107855 0.190564 0.0533337 
0.851196 0.0219388 0.000142922 0.00390726 0.00161243 0.053676 0.0493526 0.0181742 
0.502745 0.0631461 0.024408 0.15662 0.00199556 0.0543296 0.145341 0.051415 
0.720948 0.023722 0.0150341 0.11393 0.0028301 0.0427338 0.0625102 0.0182925 
0.340204 0.203108 0.00709894 0.0732369 0.0276436 0.0699174 0.257615 0.0211764 
0.439944 0.0734446 0.0229999 0.0311868 0.0210428 0.165316 0.159973 0.0860939 
0.394183 0.024266 0.0181176 0.0639131 0.00552811 0.195104 0.168101 0.130787 
0.778697 0.0510447 0.00703818 0.0909596 0.0118306 0.0117793 0.0434972 0.00515356 
0.677651 0.112248 0.00478454 0.0761876 0.00602492 0.0128075 0.0724101 0.0378866 
0.429076 0.0843563 0.0157749 0.0458792 0.0470839 0.0726819 0.190005 0.115143 
0.661276 0.104024 0.0306337 0.0595905 0.0123711 0.0601742 0.0476522 0.0242779 
0.661276 0.104024 0.0306337 0.0595905 0.0123711 0.0601742 0.0476522 0.0242779 
0.277876 0.0144969 0.0291293 0.0691982 0.00246481 0.227923 0.22872 0.150191 
0.310668 0.113554 0.0248088 0.204548 0.0027465 0.147332 0.132815 0.0635279 
0.661276 0.104024 0.0306337 0.0595905 0.0123711 0.0601742 0.0476522 0.0242779 
0.410195 0.0635728 0.0142597 0.0327655 0.00671647 0.219175 0.173236 0.0800797 
0.291671 0.0754421 0.00598101 0.00949435 0.02422 0.22449 0.158821 0.209881 
0.539962 0.218193 0.0555783 0.0944209 0.00992652 0.0309129 0.037215 0.013791 
0.432883 0.0375002 0.0109818 0.236553 0.000223966 0.0491441 0.145522 0.087191 
0.508348 0.00719049 0.0305347 0.0274016 0.000296565 0.169028 0.172365 0.084836 
0.720948 0.023722 0.0150341 0.11393 0.0028301 0.0427338 0.0625102 0.0182925 
0.345487 0.0505469 0.0521004 0.292438 0.00561223 0.0421856 0.168656 0.0429743 
0.56057 0.124019 0.163671 0.0147432 0.0035673 0.0331422 0.041918 0.0583689 
0.61355 0.00364064 0.0109529 0.116423 2.03494e-05 0.122274 0.0725617 0.0605779 
0.237449 0.130397 0.145776 0.126491 0.0144368 0.0929056 0.157728 0.0948173 
0.720948 0.023722 0.0150341 0.11393 0.0028301 0.0427338 0.0625102 0.0182925 
0.631452 0.0727241 0.00351062 0.0110519 0.00343968 0.221906 0.0511026 0.00481375 
0.74226 0.0563425 0.0126001 0.0922654 0.0169906 0.0165994 0.0537773 0.00916427 
0.251554 0.074576 0.036873 0.0706568 0.00484755 0.20357 0.233557 0.124366 
0.551092 0.0461346 0.0139974 0.0386061 0.0168317 0.128061 0.137352 0.0679251 
0.303423 0.10169 0.00949747 0.034027 0.0173622 0.128918 0.143755 0.261328 
0.462467 0.0648799 0.00691428 0.0330909 0.0217017 0.215788 0.158154 0.0370051 
0.347541 0.0709849 0.013688 0.0139298 0.0316185 0.241839 0.226683 0.0537159 
0.667714 0.162124 0.00540884 0.0959026 0.00709465 0.0261599 0.0293895 0.00620607 
0.310791 0.0583239 0.0398049 0.0919816 0.0115999 0.109378 0.259867 0.118254 
0.480919 0.0413575 0.0143444 0.0533009 0.031979 0.144776 0.159757 0.0735662 
0.506133 0.0503714 0.0117183 0.029993 0.00580515 0.256673 0.097746 0.0415601 
0.365758 0.0442555 0.0429446 0.0222714 0.00178302 0.298021 0.109224 0.115743 
0.453779 0.104831 0.0164722 0.0180622 0.00954366 0.272695 0.0633484 0.0612688 
0.523494 0.026088 0.012591 0.106862 0.00503431 0.0443069 0.20837 0.0732531 
0.661276 0.104024 0.0306337 0.0595905 0.0123711 0.0601742 0.0476522 0.0242779 
0.661276 0.104024 0.0306337 0.0595905 0.0123711 0.0601742 0.0476522 0.0242779 
0.672575 0.021191 0.00286436 0.0339888 0.00215635 0.0379544 0.171924 0.0573465 
0.433918 0.0163376 0.00616678 0.0868969 0.0046791 0.197216 0.15153 0.103255 
0.585401 0.0412877 0.0474767 0.119684 0.0145888 0.0388646 0.147297 0.00540077 
0.348618 0.0369119 0.0149377 0.0817056 0.00721786 0.295964 0.135036 0.0796095 
0.572336 0.0530209 0.00404296 0.0186681 0.123513 0.0921694 0.0602289 0.0760212 
0.296935 0.0782573 0.0334813 0.00648409 1.31269e-05 0.150034 0.233757 0.201039 
0.661276 0.104024 0.0306337 0.0595905 0.0123711 0.0601742 0.0476522 0.0242779 
0.423711 0.118575 0.120194 0.085489 0.0084434 0.0852153 0.101437 0.0569354 
0.661276 0.104024 0.0306337 0.0595905 0.0123711 0.0601742 0.0476522 0.0242779 
0.285181 0.0170397 0.0106712 0.279325 0.00738778 0.175563 0.119589 0.105243 
0.423711 0.118575 0.120194 0.085489 0.0084434 0.0852153 0.101437 0.0569354 
0.316198 0.0691665 0.0110717 0.0299041 0.0484168 0.264504 0.207904 0.0528348 
0.856874 0.00340966 0.00065143 0.059987 2.996e-06 0.0283351 0.0266555 0.0240845 
0.661276 0.104024 0.0306337 0.0595905 0.0123711 0.0601742 0.0476522 0.0242779 
0.292777 0.244366 0.0214511 0.0314318 0.01469 0.074384 0.230251 0.0906497 
0.300051 0.0545022 0.0101802 0.26096 0.034817 0.0729907 0.210499 0.0559995 
0.382382 0.0181046 0.0599697 0.0265287 0.000236703 0.191489 0.186805 0.134485 
0.502437 0.0436205 0.0180235 0.0640356 0.0072462 0.162748 0.141808 0.0600812 
0.897832 0.0453367 0.0110613 0.0190525 0.00347062 0.00721888 0.0114137 0.0046147 
0.609728 0.0109758 0.00842805 0.0798408 0.000426417 0.0787234 0.155902 0.0559758 
0.720948 0.023722 0.0150341 0.11393 0.0028301 0.0427338 0.0625102 0.0182925 
0.457375 0.0610413 0.0169611 0.0401339 1.74497e-05 0.175123 0.172792 0.076557 
0.448862 0.11747 0.0621729 0.144259 0.0103089 0.0583838 0.12593 0.0326125 
0.693162 0.063469 0.0255477 0.0751409 0.00848197 0.0560844 0.0565189 0.0215951 
0.489613 0.0568688 0.0402647 0.0734714 0.0081442 0.160019 0.126967 0.044652 
0.526305 0.00478552 0.00354899 0.056165 0.0020003 0.143615 0.183989 0.0795917 
0.491616 0.000436036 0.0143515 0.0199134 0.0129845 0.0827734 0.0606733 0.317252 
0.402319 0.0901408 0.0207059 0.262621 0.0210217 0.0291389 0.140959 0.0330938 
0.436203 0.0295563 0.0090933 0.157286 0.0121627 0.0679252 0.178984 0.108789 
0.246921 0.230151 0.0303409 0.0831423 0.0188339 0.14246 0.19713 0.0510202 
0.646387 0.158304 0.00264185 0.00825543 0.00926719 0.0876084 0.0674457 0.0200909 
0.376973 0.0420019 0.0150761 0.02569 0.00503616 0.265898 0.140277 0.129048 
0.720948 0.023722 0.0150341 0.11393 0.0028301 0.0427338 0.0625102 0.0182925 
0.287482 0.240058 0.0140504 0.0415643 0.00226661 0.090552 0.278253 0.0457741 
0.344807 0.12123 0.0321758 0.0675291 0.0107009 0.194535 0.145226 0.0837969 
0.514322 0.112609 0.0517503 0.138724 0.00752974 0.0312655 0.111579 0.0322195 
0.546061 0.0197617 0.00619808 0.0510732 0.000724302 0.00959844 0.358342 0.00824174 
0.339976 0.112139 0.0150187 0.0685724 0.014459 0.119262 0.255098 0.0754743 
0.504998 0.0909741 0.0153222 0.0155001 0.0270358 0.12662 0.198094 0.0214561 
0.798103 0.0654576 0.00173052 0.0195237 0.00406804 0.0821197 0.0127603 0.0162373 
0.61574 0.0227207 0.011001 0.12093 0.0017197 0.0906808 0.0832593 0.0539493 
0.560833 0.0343234 0.037643 0.0161758 0.00619193 0.127592 0.143587 0.0736536 
0.514322 0.112609 0.0517503 0.138724 0.00752974 0.0312655 0.111579 0.0322195 
0.368886 0.215199 0.00454481 0.0488509 0.0194015 0.10712 0.174359 0.0616384 
0.423711 0.118575 0.120194 0.085489 0.0084434 0.0852153 0.101437 0.0569354 
0.388401 0.172525 0.0269098 0.092587 0.0124894 0.148399 0.125179 0.0335094 
0.567524 0.0398222 0.0185954 0.0630683 0.00459173 0.0251009 0.223492 0.0578059 
0.423711 0.118575 0.120194 0.085489 0.0084434 0.0852153 0.101437 0.0569354 
0.383757 0.0250103 0.0314733 0.0963188 0.000288936 0.131863 0.209155 0.122133 
0.619022 0.0328113 0.00868987 0.0196378 0.00281734 0.203892 0.0780439 0.0350853 
0.319293 0.0105835 0.0771444 0.0558961 0.0216773 0.175755 0.248405 0.0912458 
0.470726 0.0354356 0.0482823 0.0969807 0.010346 0.092893 0.187129 0.0582068 
0.410701 0.0867535 0.0200936 0.047704 0.00641739 0.190856 0.152268 0.0852068 
0.503588 0.0538564 0.015769 0.0343676 0.0202231 0.179152 0.136812 0.0562317 
0.33264 0.062841 0.0117887 0.13473 0.00811026 0.189531 0.207115 0.053244 
0.378514 0.201161 0.0587609 0.0217442 0.0129962 0.0948435 0.131633 0.100348 
0.512695 0.132145 0.0267426 0.159035 0.00758787 0.0338628 0.115155 0.0127759 
0.350907 0.157152 0.0182569 0.0647984 0.0231355 0.155421 0.147373 0.0829574 
0.30914 0.0177123 0.0353451 0.307865 0.000319336 0.0491873 0.232454 0.0479772 
0.26818 0.0194681 0.0210535 0.173274 0.00258387 0.1935 0.230903 0.091037 
0.273292 0.131306 0.00455049 0.0333804 0.00555958 0.232861 0.157245 0.161805 
0.264616 0.113839 0.0124819 0.066892 0.0103313 0.252548 0.233523 0.045768 
0.352811 0.0616683 0.0197394 0.106136 0.0136506 0.0869595 0.258261 0.100774 
0.720948 0.023722 0.0150341 0.11393 0.0028301 0.0427338 0.0625102 0.0182925 
0.378032 0.00202533 0.0228226 0.0318145 0.00202561 0.0975402 0.329095 0.136645 
0.317985 0.141891 0.019092 0.0589075 0.0134041 0.194595 0.210687 0.0434387 
0.260611 0.169547 0.0242494 0.0611445 0.00883013 0.136192 0.235452 0.103973 
0.295407 0.0747573 0.0393117 0.0439357 0.00735216 0.241282 0.251186 0.046768 
0.499243 0.0368986 0.00226977 0.0758734 0.0039426 0.122746 0.181238 0.0777884 
0.298177 0.0187742 0.0141323 0.101615 0.00377724 0.125908 0.243503 0.194113 
0.424873 0.0120663 0.00904514 0.0241895 0.052626 0.31211 0.0773957 0.0876941 
0.498223 0.0103819 0.0113232 0.0321555 0.000187802 0.0984557 0.311154 0.0381185 
0.74226 0.0563425 0.0126001 0.0922654 0.0169906 0.0165994 0.0537773 0.00916427 
0.661705 0.18699 0.0197438 0.00713619 0.0100454 0.0510471 0.0282532 0.0350793 
0.720948 0.023722 0.0150341 0.11393 0.0028301 0.0427338 0.0625102 0.0182925 
0.751318 0.0492569 0.00740033 0.110928 0.0090843 0.0157917 0.0479096 0.00831112 
0.667714 0.162124 0.00540884 0.0959026 0.00709465 0.0261599 0.0293895 0.00620607 
0.478279 0.093057 0.0420541 0.133493 0.0011065 0.0363755 0.15352 0.0621155 
0.463132 0.0644616 0.00229402 0.0149826 0.0201836 0.214589 0.200594 0.0197642 
0.683686 0.13324 0.0127999 0.0822668 0.012171 0.0288594 0.0356491 0.0113278 
0.640136 0.0010859 0.00553794 0.158521 3.22041e-05 0.0962302 0.0835657 0.0148909 
0.461318 0.0604584 0.0154817 0.159413 0.00675145 0.132131 0.118211 0.0462357 
0.317144 0.0156833 0.00998818 0.0447729 0.00403022 0.234571 0.1938 0.180009 
0.299758 0.234101 0.0882213 0.115458 0.000203212 0.0429023 0.166849 0.0525071 
0.539962 0.218193 0.0555783 0.0944209 0.00992652 0.0309129 0.037215 0.013791 
0.682999 0.071677 0.00330592 0.0279614 0.000682917 0.0840005 0.0659683 0.0634054 
0.572336 0.0530209 0.00404296 0.0186681 0.123513 0.0921694 0.0602289 0.0760212 
0.661276 0.104024 0.0306337 0.0595905 0.0123711 0.0601742 0.0476522 0.0242779 
0.369096 0.0210372 0.0765381 0.0219268 8.80075e-05 0.0746826 0.351688 0.0849428 
0.303092 0.2015 0.00400211 0.22449 0.035891 0.0497929 0.13999 0.0412413 
0.324355 0.00723157 0.0261318 0.0874806 0.000562492 0.14208 0.281255 0.130903 
0.597761 0.0507616 0.0172366 0.0697179 0.00173818 0.0539933 0.127396 0.0813952 
0.272472 0.0805184 0.0398983 0.0709642 0.0153431 0.209257 0.178913 0.132634 
0.382778 0.178386 0.0600704 0.0111582 0.01621 0.307861 0.0335457 0.00999031 
0.771785 0.0048432 0.00533783 0.0561954 0.00228469 0.0554157 0.0708216 0.0333171 
0.467009 0.0162501 0.0538396 0.0378547 0.0059238 0.0830462 0.197483 0.138593 
0.423228 0.0209116 0.0177851 0.0658979 0.00161782 0.0616998 0.324031 0.0848282 
0.501667 0.0951757 0.0237264 0.0651624 0.00504135 0.0837232 0.215211 0.010293 
0.309644 0.0374288 0.0220031 0.0389438 0.00305686 0.176226 0.203615 0.209083 
0.513081 0.0853353 0.0231961 0.179493 0.005634 0.0581839 0.100497 0.0345792 
0.443023 0.083463 0.00527579 0.0508323 0.0120515 0.187548 0.133478 0.0843281 
0.513232 0.0615209 0.0202101 0.0397728 0.00513403 0.163558 0.157815 0.0387567 
0.539962 0.218193 0.0555783 0.0944209 0.00992652 0.0309129 0.037215 0.013791 
0.514322 0.112609 0.0517503 0.138724 0.00752974 0.0312655 0.111579 0.0322195 
0.306961 0.0142107 0.0169419 0.0809345 0.000556925 0.210551 0.251811 0.118032 
0.395406 0.137477 0.00736508 0.0831098 0.0348134 0.0775803 0.220171 0.0440783 
0.340608 0.107721 0.011101 0.0116348 0.0605884 0.164119 0.291556 0.0126723 
0.503669 0.0124442 0.0185611 0.0340634 0.00532066 0.155542 0.154132 0.116267 
0.552072 0.0859875 0.0277694 0.0504229 0.00581268 0.18758 0.0503491 0.0400061 
0.474943 0.104536 0.00182783 0.00969347 0.00587613 0.0331639 0.357823 0.012137 
0.581537 0.0196041 0.00198183 0.0211061 0.00335143 0.205638 0.150578 0.0162035 
0.720948 0.023722 0.0150341 0.11393 0.0028301 0.0427338 0.0625102 0.0182925 
0.378156 0.00868812 0.0104346 0.0103992 0.00301383 0.212016 0.336223 0.0410698 
0.556233 0.0789502 0.0616847 0.0771774 0.00936934 0.05713 0.10394 0.0555146 
0.612221 0.0773418 0.016525 0.145091 0.0134035 0.0432493 0.0744246 0.0177437 
0.615881 0.161545 0.0154026 0.100548 0.0148756 0.0352725 0.0435711 0.0129048 
0.783401 0.103911 0.00999135 0.0419434 0.00637312 0.021378 0.0231345 0.00986795 
0.720948 0.023722 0.0150341 0.11393 0.0028301 0.0427338 0.0625102 0.0182925 
0.423711 0.118575 0.120194 0.085489 0.0084434 0.0852153 0.101437 0.0569354 
0.661276 0.104024 0.0306337 0.0595905 0.0123711 0.0601742 0.0476522 0.0242779 
0.356423 0.0203329 0.0109504 0.0300225 1.37387e-05 0.203152 0.27254 0.106566 
0.320814 0.0383482 0.00963021 0.0195147 0.0144171 0.300096 0.277461 0.0197189 
0.442431 0.0320539 0.00516004 0.0310559 0.00556554 0.330465 0.085824 0.0674444 
0.508283 0.114103 0.0295492 0.0598775 0.0327302 0.0481562 0.183515 0.0237859 
0.412113 0.0182049 0.00676982 0.0199567 0.0425983 0.282442 0.162797 0.0551181 
0.60516 0.0900259 0.00307951 0.0546013 0.0253597 0.0933201 0.103482 0.0249714 
0.436882 0.00955223 0.00456109 0.138024 0.00200348 0.0900875 0.266363 0.0525262 
0.23983 0.119136 0.034427 0.0549873 0.0135962 0.203798 0.236674 0.0975514 
0.778697 0.0510447 0.00703818 0.0909596 0.0118306 0.0117793 0.0434972 0.00515356 
0.608494 0.0739583 0.0155653 0.156092 0.00700336 0.0489148 0.0537803 0.0361921 
0.634187 0.105573 0.0155978 0.0721859 0.00745091 0.0945374 0.0530028 0.0174652 
0.684738 0.0304328 0.000438723 0.240982 1.34017e-06 0.00862715 0.0251031 0.00967729 
0.511496 0.0956219 0.00869295 0.0943353 0.0141383 0.0774555 0.127673 0.0705875 
0.397097 0.0262789 0.0299739 0.0564255 0.0127364 0.208687 0.179975 0.0888263 
0.622676 0.15692 0.0231413 0.0230868 0.0138566 0.0633015 0.0438418 0.053176 
0.455769 0.0381346 0.0140941 0.0485679 0.00483733 0.075544 0.288824 0.0742294 
0.34621 0.0720777 0.0431681 0.0297266 0.00984528 0.203797 0.255155 0.0400195 
0.243377 0.16521 0.00313146 0.228186 0.0686808 0.0942855 0.170299 0.0268305 
0.530172 0.0665163 0.035548 0.0483097 0.0591602 0.0833588 0.0976668 0.0792684 
0.787292 0.0838417 0.00806527 0.0144226 0.00819444 0.0469834 0.0451687 0.00603233 
0.523494 0.026088 0.012591 0.106862 0.00503431 0.0443069 0.20837 0.0732531 
0.463046 0.0223366 0.00965888 0.0557847 0.000364115 0.15269 0.177815 0.118305 
0.360234 0.0627359 0.00256088 0.0926303 0.0222185 0.16137 0.255763 0.0424877 
0.519345 0.0591999 0.0371975 0.221977 0.00185892 0.044692 0.0636982 0.0520317 
0.735319 0.143467 0.0212412 0.0381503 0.0217779 0.0144912 0.0188278 0.0067253 
0.505952 0.20888 0.0596208 0.0811272 0.00848538 0.0562932 0.0490852 0.0305563 
0.824506 0.0853271 0.00809771 0.0258724 3.66009e-06 0.00849273 0.0257835 0.0219172 
0.731898 0.147222 0.00719772 0.0699699 0.0100054 0.0253752 0.00526731 0.00306413 
0.735319 0.143467 0.0212412 0.0381503 0.0217779 0.0144912 0.0188278 0.0067253 
0.863279 6.90912e-07 6.59847e-07 0.123627 1.05553e-06 0.00105478 1.59466e-07 0.0120366 
0.291799 0.278726 0.0772147 0.0550633 0.00739353 0.0936969 0.131836 0.0642699 
0.673221 0.166759 0.00426174 0.0546971 0.00496036 0.022907 0.059169 0.0140249 
0.380457 0.0341339 0.0221178 0.0470999 0.0159694 0.178733 0.271769 0.0497196 
0.339185 0.225584 0.0189336 0.0357924 0.0115134 0.155912 0.185477 0.0276027 
0.661276 0.104024 0.0306337 0.0595905 0.0123711 0.0601742 0.0476522 0.0242779 
0.327697 0.106735 0.00901446 0.055305 0.0241784 0.153311 0.260983 0.0627763 
0.300439 0.127826 0.0119243 0.0298289 0.00795608 0.175056 0.261555 0.0854143 
0.718728 0.0302496 0.00876906 0.0525607 0.000485458 0.0621069 0.102839 0.0242615 
0.611754 0.0588057 0.0025292 0.0314414 0.0185357 0.0453093 0.157187 0.0744377 
0.329331 0.0376769 0.00468748 0.321582 0.0228479 0.0772732 0.150625 0.0559768 
0.285151 0.0688488 0.0561927 0.136887 0.0148269 0.0956221 0.225363 0.117108 
0.411168 0.186571 0.0431501 0.00702136 0.00716572 0.320931 0.0201331 0.00385884 
0.294817 0.0542852 0.0468727 0.0427875 0.000929465 0.154637 0.244172 0.161499 
0.259331 0.0969496 0.0243131 0.0783131 0.0177187 0.172664 0.256652 0.0940581 
0.423711 0.118575 0.120194 0.085489 0.0084434 0.0852153 0.101437 0.0569354 
0.508283 0.114103 0.0295492 0.0598775 0.0327302 0.0481562 0.183515 0.0237859 
0.709562 0.0834028 0.017461 0.0665844 0.0138668 0.0132391 0.0467232 0.0491602 
0.535594 0.0729774 0.0088354 0.0159129 0.00326812 0.260795 0.0621016 0.0405163 
0.285181 0.0170397 0.0106712 0.279325 0.00738778 0.175563 0.119589 0.105243 
0.407533 0.110832 0.0203905 0.0503486 0.0167516 0.161824 0.167723 0.0645978 
0.393259 0.0565099 0.0358559 0.151966 0.00600324 0.0131459 0.295962 0.0472986 
0.316089 0.183534 0.00312868 0.0452926 0.0293959 0.215165 0.151537 0.0558583 
0.381906 0.029825 0.073446 0.0583788 0.00833926 0.0662321 0.33886 0.0430125 
0.586257 0.108899 0.00108573 0.0346608 0.0330734 0.176621 0.0583191 0.00108389 
0.539962 0.218193 0.0555783 0.0944209 0.00992652 0.0309129 0.037215 0.013791 
0.398558 0.137273 0.0140477 0.0404465 0.00860274 0.23436 0.109599 0.0571133 
0.495305 0.151148 0.0174622 0.141356 0.00908955 0.123507 0.0381889 0.0239429 
0.81512 0.110324 0.00587967 0.04053 0.00511649 0.00394648 0.0147091 0.00437498 
0.514322 0.112609 0.0517503 0.138724 0.00752974 0.0312655 0.111579 0.0322195 
0.540121 0.102117 0.00552885 0.0865805 0.0057616 0.0925226 0.132602 0.034766 
0.85291 0.00143803 0.00140994 0.0604144 5.05903e-05 0.0330863 0.0156959 0.0349946 
0.583889 0.0284907 0.0163694 0.0375141 0.00488802 0.066787 0.175735 0.0863275 
0.434176 0.0090075 0.0359881 0.10884 0.000512629 0.0873481 0.231651 0.0924765 
0.274481 0.0485062 0.0409389 0.0836521 0.00810494 0.103491 0.223158 0.217668 
0.539962 0.218193 0.0555783 0.0944209 0.00992652 0.0309129 0.037215 0.013791 
0.397807 0.0721972 0.00959286 0.0949553 0.00617803 0.170603 0.202925 0.045741 
0.390157 0.238413 0.0779267 0.102745 0.00421325 0.0412089 0.111513 0.0338229 
0.333498 0.110872 0.0147409 0.0653804 0.0339924 0.193999 0.209888 0.0376288 
0.805799 0.138431 0.00652278 0.0274789 0.0101788 0.00537895 0.00526717 0.000942894 
0.330826 0.156566 0.0230005 0.088143 0.00776842 0.169535 0.153897 0.0702641 
0.51379 0.0375141 0.00427643 0.048736 0.0121209 0.0895119 0.244916 0.0491354 
0.539962 0.218193 0.0555783 0.0944209 0.00992652 0.0309129 0.037215 0.013791 
0.271913 0.0531763 0.00990118 0.180345 0.126361 0.0991028 0.153228 0.105973 
0.384151 0.0503539 0.0303059 0.0219192 0.00427206 0.338882 0.118578 0.0515372 
0.667714 0.162124 0.00540884 0.0959026 0.00709465 0.0261599 0.0293895 0.00620607 
0.622676 0.15692 0.0231413 0.0230868 0.0138566 0.0633015 0.0438418 0.053176 
0.349202 0.0528524 0.0270044 0.102868 0.0807067 0.0790569 0.254137 0.054173 
0.360799 0.300984 0.00774099 0.0462854 0.0114176 0.103512 0.119331 0.0499303 
0.371524 0.0650547 0.00941855 0.250405 0.0519537 0.0753429 0.164628 0.0116727 
0.303423 0.10169 0.00949747 0.034027 0.0173622 0.128918 0.143755 0.261328 
0.667714 0.162124 0.00540884 0.0959026 0.00709465 0.0261599 0.0293895 0.00620607 
0.449247 0.118803 0.0229568 0.134882 0.00588819 0.0448289 0.149141 0.0742528 
0.427335 0.0168341 0.0326839 0.0389089 0.00311776 0.193921 0.154372 0.132828 
0.523494 0.026088 0.012591 0.106862 0.00503431 0.0443069 0.20837 0.0732531 
0.274977 0.124281 0.0247779 0.161725 0.0384157 0.133143 0.22942 0.0132604 
0.283125 0.0328636 0.0245257 0.0436421 0.00575298 0.26798 0.257729 0.0843808 
0.282662 0.083564 0.00857664 0.171925 0.0180765 0.103524 0.24538 0.0862924 
0.539962 0.218193 0.0555783 0.0944209 0.00992652 0.0309129 0.037215 0.013791 
0.636858 0.0524888 0.00587747 0.0460128 0.0865836 0.0465766 0.0839679 0.0416345 
0.456944 0.0512292 0.0314049 0.0308151 0.000358132 0.222898 0.0862738 0.120077 
0.403944 0.0372154 0.00446726 0.0885536 0.0608478 0.12983 0.173562 0.101581 
0.514322 0.112609 0.0517503 0.138724 0.00752974 0.0312655 0.111579 0.0322195 
0.405582 0.0226738 0.0223696 0.0914188 0.00168746 0.156011 0.136399 0.163859 
0.501937 0.0160685 0.029369 0.156969 0.000665832 0.0791746 0.113865 0.101951 
0.331869 0.153573 0.0356018 0.0531775 0.00696517 0.0751557 0.289384 0.054273 
0.350612 0.021839 0.0241046 0.114404 0.0077494 0.101579 0.286936 0.0927761 
0.645691 0.0361898 0.0236238 0.0177532 0.000345175 0.061374 0.128846 0.0861771 
0.514322 0.112609 0.0517503 0.138724 0.00752974 0.0312655 0.111579 0.0322195 
0.457605 0.208929 0.0598587 0.0609001 0.00772286 0.0746323 0.0848768 0.0454755 
0.460387 0.0184307 0.0124832 0.274148 0.000405799 0.0315598 0.114203 0.0883827 
0.541496 0.0123552 0.00036022 0.0624148 0.00538336 0.256176 0.0787859 0.0430289 
0.459401 0.035856 0.0150649 0.0570907 0.00356747 0.308162 0.107575 0.0132819 
0.312284 0.112253 0.0719252 0.0509375 0.0284443 0.14985 0.19792 0.0763864 
0.499554 0.0303418 0.0248973 0.094258 0.0279005 0.123985 0.146359 0.0527051 
0.312168 0.0271953 0.00689091 0.171234 6.11844e-05 0.133827 0.224359 0.124265 
0.344282 0.183942 0.0083285 0.0816681 0.0380929 0.141855 0.18074 0.0210912 
0.489948 0.191865 0.0170499 0.0399587 0.0488058 0.0312951 0.160127 0.02095 
0.28297 0.229591 0.0412772 0.131352 0.0106867 0.0798823 0.153827 0.070413 
0.503007 0.0160466 0.0359292 0.0731195 0.00815328 0.0449573 0.246893 0.0718939 
0.424132 0.0573158 0.00747743 0.210423 0.0161517 0.0528623 0.197545 0.0340923 
0.338255 0.0153953 0.0321349 0.0747345 0.0002413 0.143578 0.233461 0.1622 
0.636935 2.96197e-09 2.82879e-09 0.0417631 5.88712e-06 1.32657e-05 0.321257 2.5805e-05 
0.591588 0.00458398 0.0143823 0.135244 0.000434575 0.0121528 0.193195 0.0484185 
0.751318 0.0492569 0.00740033 0.110928 0.0090843 0.0157917 0.0479096 0.00831112 
0.402991 0.00484512 0.0314357 0.0960447 0.000166489 0.0964637 0.289036 0.0790171 
0.300671 0.117577 0.00136142 0.088158 0.0193227 0.0916411 0.18387 0.1974 
0.74226 0.0563425 0.0126001 0.0922654 0.0169906 0.0165994 0.0537773 0.00916427 
0.51989 0.0237364 0.0116779 0.0717766 0.000532556 0.0921054 0.222575 0.0577062 
0.390115 0.302756 0.0518656 0.0706971 0.00688399 0.0796273 0.0603335 0.037722 
0.525551 0.0142207 0.0158493 0.0439128 0.000387598 0.161037 0.142532 0.0965089 
0.545814 0.0748296 0.0486042 0.0800524 0.00465944 0.0310709 0.154085 0.0608848 
0.287406 0.05676 0.0574716 0.0414507 0.00310665 0.158258 0.249492 0.146055 
0.514322 0.112609 0.0517503 0.138724 0.00752974 0.0312655 0.111579 0.0322195 
0.508283 0.114103 0.0295492 0.0598775 0.0327302 0.0481562 0.183515 0.0237859 
0.704684 0.000504942 0.000536495 0.158675 1.54003e-05 0.0163036 0.102704 0.0165771 
0.539962 0.218193 0.0555783 0.0944209 0.00992652 0.0309129 0.037215 0.013791 
0.416645 0.0478627 0.0165682 0.0608195 0.00286946 0.0813329 0.30051 0.073393 
0.602822 0.0803649 0.0519398 0.0847743 0.00928965 0.0374779 0.0859855 0.0473458 
0.539962 0.218193 0.0555783 0.0944209 0.00992652 0.0309129 0.037215 0.013791 
0.459791 0.0194658 0.0129199 0.00825951 0.00178046 0.24896 0.147085 0.101739 
0.550358 0.0980218 0.00529726 0.0186544 0.0251578 0.106841 0.164742 0.0309277 
0.615881 0.161545 0.0154026 0.100548 0.0148756 0.0352725 0.0435711 0.0129048 
0.514322 0.112609 0.0517503 0.138724 0.00752974 0.0312655 0.111579 0.0322195 
0.720948 0.023722 0.0150341 0.11393 0.0028301 0.0427338 0.0625102 0.0182925 
0.478279 0.093057 0.0420541 0.133493 0.0011065 0.0363755 0.15352 0.0621155 
0.495305 0.151148 0.0174622 0.141356 0.00908955 0.123507 0.0381889 0.0239429 
0.290371 0.266771 0.00119338 0.201971 0.0802156 0.0105376 0.140781 0.00815901 
0.298743 0.0778775 0.0241866 0.259126 0.00746988 0.0418637 0.222484 0.0682495 
0.255036 0.0471012 0.0254903 0.247032 0.00336778 0.11092 0.204032 0.10702 
0.688064 0.163891 0.0176228 0.0280865 0.0171387 0.0312333 0.0301312 0.0238327 
0.351581 0.103968 0.00388695 0.112133 0.0212805 0.0654411 0.283735 0.0579744 
0.369163 0.240103 0.013464 0.0822453 0.0306223 0.108757 0.125898 0.0297474 
0.72395 0.0298499 0.0183693 0.0221334 0.000377656 0.0321093 0.114857 0.0583534 
0.521819 0.104985 0.00468716 0.0685463 0.0158499 0.110986 0.138859 0.0342675 
0.416056 0.170369 0.00346629 0.0176387 0.00813218 0.242392 0.13553 0.00641563 
0.35692 0.107537 0.0658228 0.206606 0.00662425 0.0850826 0.118199 0.0532095 
0.629005 0.104421 0.0061934 0.0211021 0.000320136 0.151068 0.06248 0.0254114 
0.419982 0.0949986 0.0731997 0.188512 0.0098571 0.0254366 0.126753 0.0612601 
0.401513 0.0610072 0.0184922 0.0861524 0.0412886 0.0371524 0.25552 0.0988745 
0.622194 0.112301 0.0324533 0.0165089 0.00416723 0.0854033 0.0446333 0.0823393 
0.272143 0.0168149 0.0385464 0.0330014 0.00220374 0.151542 0.263645 0.222104 
0.486227 0.0487906 0.0241858 0.148884 0.00301002 0.10117 0.138251 0.0494817 
0.336205 0.0687026 0.0180188 0.252768 9.23376e-05 0.0883951 0.191365 0.0444541 
0.583253 0.136702 0.0451844 0.0969426 0.0116417 0.0329754 0.0550006 0.0383006 
0.509405 0.0256474 0.00292925 0.00821686 0.00451186 0.10451 0.0983531 0.246427 
0.556943 0.0103402 0.0359624 0.143347 2.79919e-05 0.0622676 0.112639 0.0784722 
0.34125 0.0184236 0.02444 0.0786291 0.000734383 0.176588 0.245848 0.114088 
0.320226 0.0720606 0.016983 0.231286 0.00777319 0.0305196 0.152975 0.168177 
0.456754 0.0139717 0.014112 0.17794 0.00592858 0.145094 0.117933 0.0682668 
0.366563 0.0841684 0.00436592 0.0342672 0.0073033 0.314281 0.0932159 0.0958351 
0.651163 0.0983263 0.009294 0.102905 0.00355294 0.0435079 0.0552665 0.0359838 
0.554195 0.00430189 0.0480204 0.0958511 0.000138907 0.0383675 0.138358 0.120767 
0.370611 0.0473369 0.00931132 0.182171 0.00990993 0.200588 0.138114 0.0419575 
0.186493 0.115335 0.184793 0.147483 0.0158583 0.0597993 0.125789 0.164451 
0.490612 0.00830054 0.014197 0.0293509 9.69337e-05 0.297609 0.102612 0.0572221 
0.363722 0.00709181 0.00175171 0.0517716 0.0223524 0.259018 0.24523 0.0490621 
0.508283 0.114103 0.0295492 0.0598775 0.0327302 0.0481562 0.183515 0.0237859 
0.539962 0.218193 0.0555783 0.0944209 0.00992652 0.0309129 0.037215 0.013791 
0.299354 0.0955686 0.00833443 0.0381713 0.0164508 0.225265 0.256083 0.0607722 
0.871785 0.0875354 0.000408067 0.00500358 0.00952687 0.00629729 0.0118338 0.00761001 
0.581073 0.0581112 0.00270268 0.0470363 0.0177813 0.112777 0.149287 0.0312321 
0.461215 0.0143715 0.00965615 0.0208782 0.000291352 0.243038 0.145652 0.104898 
0.675138 0.00451726 0.0141147 0.0726388 1.05263e-06 0.0730751 0.0670577 0.0934572 
0.398558 0.137273 0.0140477 0.0404465 0.00860274 0.23436 0.109599 0.0571133 
0.514322 0.112609 0.0517503 0.138724 0.00752974 0.0312655 0.111579 0.0322195 
0.297734 0.0247221 0.0147351 0.0147713 5.87261e-05 0.288515 0.204839 0.154625 
0.720948 0.023722 0.0150341 0.11393 0.0028301 0.0427338 0.0625102 0.0182925 
0.783401 0.103911 0.00999135 0.0419434 0.00637312 0.021378 0.0231345 0.00986795 
0.348346 0.03381 0.0192015 0.0566189 0.00317168 0.226874 0.228932 0.083046 
0.279763 0.168712 0.0112419 0.0467993 0.0189075 0.158915 0.193009 0.122652 
0.474148 0.0843972 0.0549436 0.134736 0.00549577 0.0490471 0.133914 0.0633185 
0.661276 0.104024 0.0306337 0.0595905 0.0123711 0.0601742 0.0476522 0.0242779 
0.4239 0.00862652 0.0823032 0.043989 0.00690766 0.0709502 0.239452 0.123871 
0.720948 0.023722 0.0150341 0.11393 0.0028301 0.0427338 0.0625102 0.0182925 
0.512183 0.0753844 0.0115103 0.0258259 0.0181477 0.141119 0.192556 0.0232743 
0.593446 0.0724029 0.00649671 0.0168268 0.0240855 0.14328 0.0908008 0.0526606 
0.461621 0.0127731 0.0363228 0.278231 0.000805856 0.0251978 0.0647913 0.120257 
0.619445 0.0325029 0.0275419 0.0366278 0.00479408 0.0764517 0.159196 0.0434415 
0.301875 0.254853 0.0290739 0.107246 0.00819104 0.135903 0.108454 0.054404 
0.428389 0.0454889 0.00769134 0.191246 8.10778e-05 0.074507 0.208757 0.0438393 
0.523494 0.026088 0.012591 0.106862 0.00503431 0.0443069 0.20837 0.0732531 
0.583225 0.0506061 0.102997 0.0766775 0.000443463 0.0666451 0.063697 0.0557089 
0.407533 0.110832 0.0203905 0.0503486 0.0167516 0.161824 0.167723 0.0645978 
0.32185 0.0495139 0.0210786 0.0340672 0.00385475 0.247304 0.244823 0.0775086 
0.377912 0.0437497 0.008519 0.035683 0.00368494 0.109787 0.313431 0.107234 
0.508283 0.114103 0.0295492 0.0598775 0.0327302 0.0481562 0.183515 0.0237859 
0.617446 0.0403543 0.00140243 0.0692218 0.0437031 0.0663411 0.130857 0.0306746 
0.599401 0.00473139 0.0236445 0.00708118 0.00137411 0.236202 0.0749763 0.0525899 
0.422664 0.0860255 0.00502366 0.128588 0.0584405 0.1007 0.149061 0.0494975 
0.720948 0.023722 0.0150341 0.11393 0.0028301 0.0427338 0.0625102 0.0182925 
0.311151 0.177877 0.0146498 0.0405977 0.0315808 0.136977 0.242729 0.0444367 
0.473867 0.161607 0.00500782 0.00697253 0.00215402 0.204354 0.087578 0.058459 
0.391887 0.218225 0.152367 0.0490499 0.0122633 0.0582971 0.0966325 0.021279 
0.30688 0.0123207 0.0744798 0.0498341 0.0102148 0.153672 0.24332 0.14928 
0.487115 0.06642 0.0161878 0.0725941 0.00758807 0.130811 0.140404 0.0788802 
0.539962 0.218193 0.0555783 0.0944209 0.00992652 0.0309129 0.037215 0.013791 
0.634064 0.0025112 0.000690435 0.0105209 0.000272372 0.286683 0.0301698 0.0350878 
0.480703 0.011287 0.0295099 0.0528793 0.000325208 0.203875 0.128518 0.0929024 
0.770717 0.135965 0.00385318 0.0535017 0.00666454 0.0137406 0.0150027 0.000554988 
0.608494 0.0739583 0.0155653 0.156092 0.00700336 0.0489148 0.0537803 0.0361921 
0.531619 0.0104448 0.0472228 0.0306314 0.00192475 0.241862 0.105857 0.0304382 
0.612029 0.0266467 0.0083645 0.0445444 0.00789152 0.124025 0.139622 0.0368759 
0.720948 0.023722 0.0150341 0.11393 0.0028301 0.0427338 0.0625102 0.0182925 
0.416262 0.057637 0.00422543 0.186808 0.0528331 0.020238 0.220999 0.0409968 
0.382389 0.0715536 0.00801362 0.0228717 0.0208132 0.259096 0.212801 0.022462 
0.394741 0.213754 0.0659362 0.100488 0.0185559 0.0280735 0.0789852 0.0994657 
0.767004 0.0238366 0.0155967 0.0117168 0.000278382 0.0403629 0.0845552 0.056649 
0.48858 0.0679693 0.0137453 0.072646 0.00254922 0.109294 0.191836 0.0533801 
0.293199 0.191462 0.00165086 0.233658 0.0421001 0.135339 0.0839212 0.0186705 
0.60732 0.113732 0.00309977 0.0127747 0.003256 0.137536 0.0936238 0.0286573 
0.340183 0.0220048 0.0590747 0.210029 0.000801474 0.0591913 0.141021 0.167695 
0.289616 0.0028413 0.022554 0.0210312 0.000662889 0.236645 0.169105 0.257545 
0.298142 0.145895 0.0127193 0.137898 0.0256944 0.185168 0.141082 0.0534007 
0.281377 0.0962964 0.0760627 0.216712 0.00141836 0.0767082 0.148873 0.102552 
0.436525 0.0737872 0.000491153 0.167294 0.0137957 0.142487 0.155052 0.0105684 
0.416286 0.0440893 0.00547932 0.126892 0.0075656 0.120538 0.220149 0.0590008 
0.540516 0.0213696 0.0197091 0.015482 0.0238566 0.174867 0.152465 0.0517341 
0.46508 0.0354011 0.00538223 0.147563 0.00127997 0.134379 0.105183 0.105731 
0.839412 0.111578 0.00356076 0.0117259 0.00522451 0.0142501 0.00983969 0.00440876 
0.274977 0.124281 0.0247779 0.161725 0.0384157 0.133143 0.22942 0.0132604 
0.514322 0.112609 0.0517503 0.138724 0.00752974 0.0312655 0.111579 0.0322195 
0.5499 0.0230602 0.0316666 0.0457732 2.72133e-05 0.0165482 0.167018 0.166006 
0.583209 0.16414 0.0043245 0.0532275 0.000196628 0.0861699 0.0817775 0.0269547 
0.388836 0.021784 0.0183883 0.0707246 0.00641878 0.2092 0.211304 0.0733454 
0.478279 0.093057 0.0420541 0.133493 0.0011065 0.0363755 0.15352 0.0621155 
0.624214 0.18931 0.0350107 0.0434584 0.0168185 0.0312495 0.0368616 0.0230772 
0.371293 0.0157804 0.0472327 0.0372702 0.000298469 0.246495 0.210536 0.0710946 
0.359189 0.0782803 0.0426169 0.081612 0.0359482 0.146383 0.188877 0.0670927 
0.661276 0.104024 0.0306337 0.0595905 0.0123711 0.0601742 0.0476522 0.0242779 
0.448752 0.108045 0.0138664 0.0582909 0.058762 0.066685 0.213582 0.0320173 
0.37297 0.0855138 0.0112801 0.14972 0.00667637 0.0681492 0.23182 0.0738698 
0.337838 0.161476 0.0160833 0.0626401 0.0153393 0.150494 0.19602 0.0601094 
0.378304 0.0863325 0.0112417 0.0712933 0.00243394 0.108053 0.30276 0.0395812 
0.430716 0.0335826 0.0397009 0.0112287 0.00150739 0.232423 0.206033 0.0448089 
0.514322 0.112609 0.0517503 0.138724 0.00752974 0.0312655 0.111579 0.0322195 
0.523494 0.026088 0.012591 0.106862 0.00503431 0.0443069 0.20837 0.0732531 
0.720948 0.023722 0.0150341 0.11393 0.0028301 0.0427338 0.0625102 0.0182925 
0.339629 0.14852 0.0222705 0.01311 0.0543653 0.0702563 0.330724 0.0211246 
0.303103 0.0525226 0.0788319 0.0285769 0.013804 0.143361 0.0823538 0.297447 
0.365391 0.07764 0.0720209 0.0714725 0.00287805 0.164218 0.178004 0.0683753 
0.539962 0.218193 0.0555783 0.0944209 0.00992652 0.0309129 0.037215 0.013791 
0.50469 0.0562674 0.00778369 0.0394756 0.0165062 0.0901645 0.13095 0.154162 
0.361115 0.0425643 0.00701016 0.343605 0.00721776 0.0418661 0.139327 0.0572952 
0.539962 0.218193 0.0555783 0.0944209 0.00992652 0.0309129 0.037215 0.013791 
0.661276 0.104024 0.0306337 0.0595905 0.0123711 0.0601742 0.0476522 0.0242779 
0.671185 0.0229262 0.0129035 0.0862783 0.00019426 0.0558882 0.124543 0.0260812 
0.408378 0.0675316 0.00345674 0.229573 0.0630676 0.0707739 0.148083 0.00913651 
