0.0231286 0.0139373 0.0101247 0.564094 0.00185324 0.109601 0.171526 0.105735 
0.0293122 0.0278025 0.00488466 0.66289 4.76826e-05 0.0596361 0.170185 0.0452418 
0.0518607 0.0651196 0.0145481 0.606751 0.0294706 0.0323548 0.180639 0.0192563 
0.0723966 0.0724809 0.00646192 0.298309 0.0137409 0.139539 0.223796 0.173276 
0.0192228 0.0207895 0.0349969 0.529785 3.06631e-05 0.050594 0.22553 0.119051 
0.0526341 0.0488183 0.0114153 0.448041 0.000639886 0.0383414 0.220532 0.179579 
0.0270414 0.0317378 0.0378656 0.497538 0.00308982 0.0798113 0.266824 0.0560919 
0.113805 0.00466772 0.00971501 0.629565 0.000887572 0.0398865 0.11744 0.0840338 
0.0501067 0.0782108 0.0289033 0.30396 0.000814872 0.0429038 0.281789 0.213312 
0.0960024 0.0549012 0.0110369 0.460059 0.000672141 0.196804 0.1359 0.0446247 
0.0198908 0.011736 0.00913335 0.699989 0.000107074 0.0538675 0.133525 0.0717513 
0.162314 0.212035 0.00213969 0.276127 0.0343641 0.094534 0.18626 0.0322264 
0.0262926 0.0116077 0.0134453 0.516113 0.000599745 0.040788 0.283638 0.107515 
0.0461285 0.0157332 0.00371337 0.587953 0.000688167 0.0566394 0.234413 0.0547311 
0.0248212 0.0370475 0.00344942 0.514963 0.00256758 0.0672828 0.279728 0.0701405 
0.208141 0.0329442 0.0177202 0.487644 0.00416723 0.0255884 0.184759 0.0390359 
0.0142021 0.00636076 0.0330206 0.689155 0.000640534 0.0347839 0.165298 0.0565393 
0.0237458 0.0313924 0.0336269 0.496446 0.000334377 0.103026 0.221851 0.0895782 
0.0835278 0.0326851 0.0178328 0.3472 0.00250198 0.091704 0.296003 0.128546 
0.246188 0.0656975 0.0116317 0.301388 0.00402022 0.044397 0.0830441 0.243633 
0.194808 0.00597173 0.00642938 0.525704 0.00814687 0.0692183 0.142541 0.0471814 
0.0251226 0.0127204 0.0213861 0.306255 0.0026375 0.263239 0.293212 0.0754271 
0.069788 0.0062172 0.00649631 0.420912 0.000159186 0.0770686 0.315128 0.104231 
0.0984941 0.146897 0.00595968 0.334023 0.00936471 0.0856439 0.257846 0.0617724 
0.0279927 0.0281885 0.0152691 0.712151 0.00856815 0.0257194 0.145232 0.0368787 
0.109465 0.0241176 0.0445829 0.526398 0.000899277 0.044813 0.194182 0.0555432 
0.0642043 0.0100484 0.0245711 0.280305 0.00155678 0.167041 0.218279 0.233993 
0.0576624 0.0155084 0.0239208 0.492054 0.000118875 0.164729 0.20554 0.0404666 
0.00567375 0.0284688 0.00344795 0.669305 7.25278e-05 0.0195879 0.236566 0.0368789 
0.0279927 0.0281885 0.0152691 0.712151 0.00856815 0.0257194 0.145232 0.0368787 
0.0774246 0.0236919 0.0257474 0.467625 0.00480459 0.0568962 0.305648 0.0381625 
0.0197301 0.0276995 0.0212819 0.649483 0.00140558 0.0827858 0.142409 0.0552048 
0.0837927 0.0461233 0.00488987 0.434941 0.0136348 0.049298 0.332516 0.0348045 
0.0350207 0.024778 0.0233942 0.441026 0.000449763 0.0697391 0.320083 0.0855095 
0.0364575 0.0336722 0.0150664 0.394701 0.000933697 0.205657 0.282525 0.0309875 
0.212632 0.015286 0.0276215 0.388708 0.00712954 0.0769713 0.110888 0.160763 
0.0485496 0.0327087 0.0456571 0.560288 0.0199489 0.0512354 0.145628 0.0959841 
0.194355 0.0925303 0.129094 0.280337 0.00283045 0.0411701 0.1615 0.0981838 
0.0538344 0.0034092 0.00834313 0.529447 8.58834e-05 0.10378 0.254093 0.0470062 
0.0220041 0.134153 0.0257643 0.299665 0.0295328 0.194578 0.240292 0.0540112 
0.0830487 0.0953865 0.0284407 0.458597 0.0595272 0.0612565 0.148816 0.064927 
0.0456549 0.0120563 0.0147999 0.522739 0.000251041 0.0440543 0.20075 0.159696 
0.0299374 0.0226043 0.0162134 0.571085 0.0214685 0.0464146 0.24339 0.048886 
0.0279927 0.0281885 0.0152691 0.712151 0.00856815 0.0257194 0.145232 0.0368787 
0.0383627 0.0406774 0.023174 0.649802 0.00807462 0.0447192 0.146294 0.0488963 
0.0279927 0.0281885 0.0152691 0.712151 0.00856815 0.0257194 0.145232 0.0368787 
0.0654411 0.0120844 0.0195639 0.409901 0.00497284 0.0728064 0.269523 0.145707 
0.000417284 0.000177846 5.64511e-05 0.798216 7.84292e-06 0.00321423 0.00759153 0.190319 
0.0794955 0.0260858 0.049491 0.614755 0.000813458 0.0692675 0.11529 0.0448019 
0.164294 0.0934915 0.0117316 0.377128 0.062278 0.0614347 0.202237 0.0274044 
0.184633 0.0421989 0.0183617 0.42014 0.000899249 0.0688887 0.145906 0.118973 
0.0347879 0.161163 0.0585382 0.587801 0.00383193 0.0359117 0.0709213 0.0470449 
0.0771887 0.00633503 0.0121421 0.364658 0.00785554 0.0873301 0.260357 0.184134 
0.0533732 0.155879 0.0320946 0.314871 0.119044 0.0485723 0.187816 0.0883502 
0.0279927 0.0281885 0.0152691 0.712151 0.00856815 0.0257194 0.145232 0.0368787 
0.0367551 0.00757992 0.00837552 0.729455 5.3138e-05 0.0508798 0.14256 0.0243414 
0.0629264 0.0412865 0.0205783 0.305923 0.0209469 0.219924 0.273982 0.0544336 
0.0279927 0.0281885 0.0152691 0.712151 0.00856815 0.0257194 0.145232 0.0368787 
0.0194516 0.00772831 0.0269065 0.533727 4.59507e-05 0.040345 0.287453 0.0843429 
0.0353772 0.0034508 0.00342687 0.704832 0.001232 0.128147 0.0589139 0.0646201 
0.0280465 0.0316202 0.0115341 0.403816 0.351641 0.0279455 0.114477 0.03092 
0.0299374 0.0226043 0.0162134 0.571085 0.0214685 0.0464146 0.24339 0.048886 
0.0279927 0.0281885 0.0152691 0.712151 0.00856815 0.0257194 0.145232 0.0368787 
0.0723169 0.0257084 0.0408018 0.42358 0.000232479 0.0840342 0.234181 0.119145 
0.0118499 0.00589077 0.0172018 0.527941 6.57036e-05 0.0327796 0.258314 0.145957 
0.05023 0.0139591 0.00446693 0.471979 0.000680479 0.0984899 0.233203 0.126992 
0.0772465 0.0316523 0.0255048 0.434292 0.000364205 0.0333825 0.213186 0.184371 
0.0973259 0.0436822 0.0354 0.339765 0.0074095 0.0773407 0.270951 0.128125 
0.0361699 0.0262788 0.0171883 0.402442 0.00105371 0.0851738 0.309711 0.121983 
0.143935 0.04857 0.0357512 0.393988 0.00600021 0.0378951 0.277493 0.0563679 
0.0565313 0.00964954 0.00916419 0.385921 0.000332831 0.0801949 0.245829 0.212377 
0.0341452 0.0900627 0.0141105 0.539216 0.0493204 0.0587153 0.159016 0.0554141 
0.0289523 0.007848 0.0690628 0.410006 5.30697e-05 0.0812181 0.182589 0.220271 
0.133489 0.178041 0.0621104 0.354568 0.00536156 0.0742305 0.149376 0.0428238 
0.0491464 0.0375722 0.0419849 0.458575 0.000315894 0.0537058 0.315426 0.0432737 
0.0107194 0.0112894 0.0197868 0.785605 0.000684093 0.0479878 0.0834946 0.0404325 
0.113536 0.172189 0.010382 0.287194 0.0136138 0.0822686 0.265588 0.0552291 
0.0325854 0.024558 0.01078 0.43279 0.00487837 0.0441805 0.370255 0.0799725 
0.0532237 0.0666647 0.0131696 0.361995 0.0041398 0.104602 0.319101 0.0771038 
0.0547109 0.0496041 0.0188465 0.508664 0.0049771 0.0371259 0.253942 0.0721294 
0.0862512 0.0169841 0.0508473 0.371132 8.499e-05 0.127744 0.192338 0.154619 
0.0591154 0.0199261 0.0451742 0.334594 0.0110202 0.112924 0.290638 0.126608 
0.0279927 0.0281885 0.0152691 0.712151 0.00856815 0.0257194 0.145232 0.0368787 
0.0248212 0.0245576 0.0894527 0.537133 0.000277732 0.0761485 0.142522 0.105088 
0.0593209 0.1423 0.00927188 0.336276 0.118255 0.0803274 0.202122 0.0521275 
0.0324397 0.106152 0.0130373 0.576669 0.0953378 0.0386101 0.0943549 0.0433993 
0.0347349 0.175427 0.036935 0.340753 0.0450703 0.096892 0.188233 0.0819557 
0.0939537 0.0338209 0.0150785 0.383158 0.00852951 0.169456 0.225396 0.0706074 
0.0279927 0.0281885 0.0152691 0.712151 0.00856815 0.0257194 0.145232 0.0368787 
0.0213707 0.0221568 0.0288365 0.402967 0.00441081 0.0907555 0.365625 0.0638783 
0.127408 0.0211413 0.0152407 0.55562 0.000356385 0.0628302 0.152438 0.0649654 
0.0339873 0.0442731 0.0193472 0.525615 0.00251903 0.0315163 0.264468 0.0782738 
0.0555009 0.00717259 0.00345948 0.429778 0.00550466 0.0457692 0.399412 0.0534028 
0.0279927 0.0281885 0.0152691 0.712151 0.00856815 0.0257194 0.145232 0.0368787 
0.104471 0.0140106 0.0604626 0.434848 0.0172262 0.111345 0.192278 0.0653594 
0.0279927 0.0281885 0.0152691 0.712151 0.00856815 0.0257194 0.145232 0.0368787 
0.0280465 0.0316202 0.0115341 0.403816 0.351641 0.0279455 0.114477 0.03092 
0.0140198 0.014929 0.0209271 0.523179 0.000129634 0.0479277 0.301166 0.077721 
0.0739844 0.0873222 0.0150016 0.379306 0.00345916 0.126541 0.274978 0.039408 
0.128415 0.11663 0.00075106 0.540651 0.00893667 0.0675199 0.0530147 0.0840818 
0.129826 7.30245e-05 0.00409447 0.715275 1.69733e-05 0.000126949 0.0634019 0.0871854 
0.0902187 0.010632 0.0397017 0.385159 0.000141964 0.0501989 0.221336 0.202612 
0.0115597 0.0151257 0.0260434 0.75417 8.59588e-05 0.067322 0.0979374 0.0277561 
0.01402 0.0165521 0.00530989 0.43996 0.000189184 0.0715191 0.376904 0.075546 
0.0593209 0.1423 0.00927188 0.336276 0.118255 0.0803274 0.202122 0.0521275 
0.0593495 0.0918374 0.0370964 0.430136 0.00201082 0.03092 0.254455 0.0941953 
0.00859113 0.00527949 0.0359827 0.493176 2.61405e-05 0.0139747 0.163534 0.279436 
1.85929e-05 3.69626e-06 1.81021e-10 0.482124 2.8957e-10 2.1665e-06 0.078618 0.439234 
0.0279927 0.0281885 0.0152691 0.712151 0.00856815 0.0257194 0.145232 0.0368787 
0.0279927 0.0281885 0.0152691 0.712151 0.00856815 0.0257194 0.145232 0.0368787 
0.0563797 0.00900919 0.058819 0.513284 0.0020782 0.0473673 0.27817 0.034893 
0.0704882 0.0600642 0.019154 0.488085 0.0014451 0.122509 0.190246 0.048009 
0.104431 0.0127743 0.00719505 0.297121 0.001433 0.182765 0.268619 0.125661 
0.110396 0.0273716 0.0278938 0.465515 0.0027613 0.0759669 0.191765 0.0983296 
0.0859906 0.00941948 0.037795 0.454594 0.00956165 0.0561095 0.225489 0.121041 
0.0120724 0.00256332 0.0962089 0.542759 0.000275027 0.0347271 0.173477 0.137918 
0.10617 0.035637 0.0468386 0.444468 0.00581624 0.0485974 0.222715 0.0897576 
0.0725804 0.0076453 0.0102704 0.43881 4.09276e-05 0.145577 0.135416 0.189659 
0.0299374 0.0226043 0.0162134 0.571085 0.0214685 0.0464146 0.24339 0.048886 
0.0593209 0.1423 0.00927188 0.336276 0.118255 0.0803274 0.202122 0.0521275 
0.0479261 0.0113964 0.00285117 0.565406 0.00214136 0.0463457 0.269453 0.0544799 
0.169929 0.1419 0.0164221 0.282657 0.0161921 0.0962181 0.24487 0.0318123 
0.012603 0.00725204 0.0111493 0.614127 0.000338572 0.0223518 0.295488 0.0366899 
0.00899942 0.00340979 0.00890613 0.566734 0.000111891 0.0209423 0.344764 0.0461324 
0.0607749 0.0504499 0.0141143 0.487038 0.000781261 0.0362591 0.198533 0.152049 
0.00942723 0.00378061 0.00633756 0.803109 0.0033083 0.0222826 0.134611 0.0171441 
0.0544834 0.0490504 0.00794252 0.613061 2.18634e-05 0.0681049 0.0929479 0.114388 
0.0257007 0.0264374 0.033406 0.649771 7.17627e-05 0.0244665 0.155657 0.0844898 
0.0279927 0.0281885 0.0152691 0.712151 0.00856815 0.0257194 0.145232 0.0368787 
0.0491456 0.0159621 0.00987583 0.561953 0.000554812 0.0470263 0.279146 0.0363366 
0.0323798 0.0465291 0.0285358 0.537983 0.000505471 0.0334598 0.284402 0.0362058 
0.0586942 0.0517906 0.159984 0.374674 0.0155822 0.0217857 0.173561 0.143929 
0.0271396 0.0122883 0.0619852 0.519272 0.00535863 0.127839 0.217408 0.0287086 
0.0894017 0.188321 0.0294303 0.413906 0.0184494 0.0535589 0.166171 0.0407611 
0.0319401 0.00718493 0.0319271 0.375148 0.00078032 0.0497255 0.280747 0.222547 
0.0511214 0.00873058 0.0256737 0.445283 0.0094911 0.0613017 0.275824 0.122575 
0.0151565 0.118129 0.0261682 0.350878 0.0271215 0.19868 0.215988 0.0478788 
0.0642436 0.0766229 0.0159084 0.715649 0.00334565 0.0261591 0.0664673 0.0316044 
0.0703219 0.0444085 0.0202233 0.344346 0.00498037 0.0879799 0.280399 0.147341 
0.0575213 0.0225517 0.0308175 0.405478 0.00494476 0.0680046 0.249621 0.161061 
0.0399831 0.0265798 0.0257108 0.338342 0.00181585 0.11928 0.282308 0.16598 
0.170986 0.121138 0.0429441 0.290485 0.00682121 0.179453 0.143482 0.0446912 
0.0373649 0.0759762 0.0457699 0.454066 0.000377586 0.0655225 0.160326 0.160597 
0.162314 0.212035 0.00213969 0.276127 0.0343641 0.094534 0.18626 0.0322264 
0.0473645 0.0133287 0.0308631 0.453442 0.000594449 0.0561354 0.300299 0.0979731 
0.0153221 0.0285632 0.0228864 0.359526 0.00245757 0.26834 0.265047 0.0378579 
0.0279927 0.0281885 0.0152691 0.712151 0.00856815 0.0257194 0.145232 0.0368787 
0.00939974 0.000790563 0.00321523 0.741141 7.17608e-05 0.0199925 0.161905 0.0634846 
0.114561 0.0237802 0.0061178 0.338681 0.00634206 0.139082 0.208622 0.162815 
0.0640418 0.0105613 0.00341516 0.46366 0.00022189 0.209908 0.124283 0.12391 
0.0236632 0.0381092 0.0151907 0.393992 0.00836513 0.137203 0.302415 0.0810618 
0.0166774 0.0297087 0.00364035 0.426606 0.000145281 0.11087 0.263343 0.149009 
0.0642436 0.0766229 0.0159084 0.715649 0.00334565 0.0261591 0.0664673 0.0316044 
0.144209 0.0023338 0.0028785 0.358343 2.74793e-05 0.0109786 0.336537 0.144693 
0.0215512 0.0382696 0.0202264 0.303994 0.00144238 0.286095 0.167797 0.160625 
0.0701442 0.0263186 0.00803679 0.434308 0.00205817 0.0748973 0.246365 0.137872 
0.0937566 0.0395998 0.0665672 0.41214 0.0321851 0.100139 0.12368 0.131933 
0.0279927 0.0281885 0.0152691 0.712151 0.00856815 0.0257194 0.145232 0.0368787 
0.145376 0.0923069 0.0018666 0.363482 0.032979 0.0833941 0.230188 0.0504069 
0.0247327 0.00635308 0.0119999 0.472106 6.28883e-05 0.0604623 0.374804 0.0494794 
0.012603 0.00725204 0.0111493 0.614127 0.000338572 0.0223518 0.295488 0.0366899 
0.0547964 0.0128337 0.0180751 0.436968 0.000630826 0.0745963 0.303095 0.0990041 
0.0987951 0.09889 0.0320581 0.476271 0.0722217 0.046994 0.151809 0.022961 
0.0496394 0.00629427 0.0211759 0.638584 0.000111731 0.0662416 0.164058 0.0538955 
0.098928 0.0559479 0.0109168 0.36934 0.0114476 0.124661 0.26969 0.0590686 
0.00922987 0.0272755 0.021163 0.574455 0.000138862 0.0612783 0.235738 0.0707219 
0.0541201 0.0420813 0.015741 0.381908 0.00344402 0.0890691 0.293882 0.119755 
0.148923 0.00142978 0.0195167 0.447799 9.03458e-05 0.0682711 0.160876 0.153094 
0.0279927 0.0281885 0.0152691 0.712151 0.00856815 0.0257194 0.145232 0.0368787 
0.0601549 0.0508953 0.00843576 0.335368 0.0015191 0.125301 0.306838 0.111487 
0.00739878 0.00393646 0.00461497 0.40734 3.34015e-05 0.20614 0.325103 0.0454339 
0.0279927 0.0281885 0.0152691 0.712151 0.00856815 0.0257194 0.145232 0.0368787 
0.0279927 0.0281885 0.0152691 0.712151 0.00856815 0.0257194 0.145232 0.0368787 
0.155104 0.00806933 0.0202834 0.35905 0.000944018 0.0714791 0.282792 0.102277 
0.0712459 0.234756 0.0207299 0.414156 0.00456522 0.0530609 0.14241 0.059077 
0.265886 0.0242083 0.031912 0.286269 0.00578019 0.0527349 0.212322 0.120888 
0.0279927 0.0281885 0.0152691 0.712151 0.00856815 0.0257194 0.145232 0.0368787 
0.0108948 0.00598736 0.00854929 0.577232 0.0117456 0.0799576 0.249534 0.0560993 
0.027363 0.0147971 0.0264223 0.347554 0.00287974 0.0568117 0.343013 0.181159 
0.0716347 0.0133637 0.00802376 0.371277 0.000270093 0.168282 0.188038 0.179111 
0.0203376 0.00880407 0.0368906 0.582396 0.000351171 0.040118 0.172685 0.138418 
0.0690722 0.0061936 0.278403 0.347142 0.000118859 0.081947 0.106504 0.110619 
0.0205326 0.00113093 0.0194277 0.582994 0.000123843 0.0354514 0.291933 0.0484066 
0.174062 0.158944 0.0644307 0.256167 0.00905115 0.077952 0.128242 0.131151 
0.041776 0.0077892 0.0190622 0.425229 0.000696732 0.0666839 0.318232 0.120531 
0.00778378 0.0193726 0.0196857 0.529605 5.91593e-05 0.102728 0.253221 0.0675443 
0.0279927 0.0281885 0.0152691 0.712151 0.00856815 0.0257194 0.145232 0.0368787 
0.0150626 0.0088928 0.100239 0.467694 5.59645e-05 0.0472397 0.209091 0.151725 
0.00647214 0.00133667 0.012808 0.792958 5.5031e-05 0.0496898 0.100439 0.0362418 
0.012603 0.00725204 0.0111493 0.614127 0.000338572 0.0223518 0.295488 0.0366899 
0.0279927 0.0281885 0.0152691 0.712151 0.00856815 0.0257194 0.145232 0.0368787 
0.0237028 0.0101288 0.0213172 0.389835 8.8703e-05 0.189904 0.22157 0.143454 
0.021653 0.00276424 0.000963489 0.762265 0.00674356 0.0110883 0.18322 0.0113028 
0.0295449 0.0183503 0.00255883 0.423238 0.00316495 0.0801859 0.373284 0.0696734 
0.0987951 0.09889 0.0320581 0.476271 0.0722217 0.046994 0.151809 0.022961 
0.0683312 0.227374 0.0293816 0.354177 0.0110941 0.0715115 0.152218 0.0859123 
0.0153221 0.0285632 0.0228864 0.359526 0.00245757 0.26834 0.265047 0.0378579 
0.0708059 0.225031 0.0159127 0.4079 0.00230401 0.0544096 0.163169 0.0604671 
0.080093 0.0257959 0.0241014 0.438351 0.000921952 0.132412 0.238132 0.0601929 
0.00746592 0.00548298 0.00359292 0.694236 0.000216724 0.0788636 0.184844 0.025298 
0.0994472 0.0236578 0.0145036 0.431005 9.15717e-05 0.0948463 0.261051 0.075397 
0.160919 0.105232 0.0783126 0.173709 0.00162849 0.161028 0.172574 0.146596 
0.0303196 0.00306435 0.0228284 0.573654 4.90295e-05 0.0442185 0.246081 0.0797855 
0.00448616 0.0105466 0.0308618 0.527277 0.00033358 0.0361102 0.328777 0.0616075 
0.086861 0.0553196 0.0317474 0.462518 0.00963915 0.0586695 0.170037 0.125208 
0.0449627 0.0442824 0.00280457 0.4667 0.00523071 0.0467384 0.345999 0.0432824 
0.0107433 0.0187209 0.00538209 0.63129 9.90923e-05 0.0311538 0.120987 0.181624 
0.0745671 0.0474533 0.00722091 0.605857 0.00101788 0.0690549 0.12391 0.0709186 
0.0508721 0.0404702 0.0121328 0.493574 0.00808857 0.0685394 0.238065 0.0882572 
0.0279927 0.0281885 0.0152691 0.712151 0.00856815 0.0257194 0.145232 0.0368787 
0.040401 0.00339933 0.00175104 0.580581 4.14623e-05 0.0176643 0.29034 0.0658224 
0.0513918 0.0195513 0.214329 0.294303 0.00307603 0.0550242 0.129883 0.232442 
0.0295855 0.0126114 0.0187309 0.336843 0.00503972 0.269765 0.27478 0.0526445 
0.0598384 0.0680323 0.0154526 0.607538 0.00587019 0.0768011 0.135534 0.0309333 
0.0323798 0.0465291 0.0285358 0.537983 0.000505471 0.0334598 0.284402 0.0362058 
0.0692634 0.0339312 0.0295753 0.485434 0.00178764 0.0296055 0.298136 0.0522668 
0.00954457 0.0165595 0.0172764 0.399082 0.000581619 0.102888 0.39294 0.0611284 
0.062091 0.016985 0.0443046 0.526351 5.97739e-05 0.0474888 0.22761 0.0751097 
0.0245099 0.00376556 0.0106922 0.405822 0.000148911 0.0546578 0.218431 0.281973 
0.0986331 0.0517022 0.0207504 0.370407 0.00792694 0.0597256 0.290631 0.100224 
0.0710907 0.010341 0.0247513 0.393037 0.00044436 0.178804 0.235486 0.0860464 
0.0279927 0.0281885 0.0152691 0.712151 0.00856815 0.0257194 0.145232 0.0368787 
0.162314 0.212035 0.00213969 0.276127 0.0343641 0.094534 0.18626 0.0322264 
0.12011 0.0375335 0.0128605 0.425695 0.00122082 0.0715494 0.240416 0.090614 
0.0239954 0.00548076 0.00744633 0.495363 0.000195552 0.0526691 0.354659 0.060191 
0.0108772 0.00571072 0.00991941 0.544974 9.16371e-05 0.0612865 0.24593 0.121211 
0.0299374 0.0226043 0.0162134 0.571085 0.0214685 0.0464146 0.24339 0.048886 
0.0109476 0.0880158 0.0454714 0.325436 0.000216547 0.157261 0.301586 0.0710664 
0.0279927 0.0281885 0.0152691 0.712151 0.00856815 0.0257194 0.145232 0.0368787 
0.134226 0.0579691 0.0537007 0.5398 0.0061699 0.0274736 0.163576 0.0170851 
0.0784893 0.011171 0.0379423 0.458089 0.00328849 0.0586116 0.278758 0.0736494 
0.0185679 0.0139832 0.0517765 0.402703 0.000974638 0.0560074 0.299213 0.156775 
0.0276799 0.0482492 0.0250304 0.413177 0.0038587 0.119213 0.214114 0.148677 
0.0687739 0.019535 0.0133005 0.402848 0.00079526 0.0283529 0.209688 0.256706 
0.0107714 0.0106298 0.00339447 0.699776 0.000160511 0.0195299 0.196856 0.0588817 
0.047895 0.016593 0.0175525 0.541644 0.000442449 0.0656295 0.204256 0.105987 
0.0297603 0.0090889 0.00351983 0.704045 0.00296268 0.0505091 0.119212 0.0809018 
0.03225 0.00366074 0.0130342 0.481338 0.00063825 0.0465513 0.34683 0.0756969 
0.067671 0.0286475 0.00341865 0.528223 0.022851 0.08526 0.167216 0.0967134 
0.0175329 0.0273797 0.00368337 0.522515 0.00407352 0.14039 0.243356 0.0410699 
0.115923 0.00499554 0.00183275 0.360321 0.0012445 0.329029 0.170166 0.0164882 
0.0257691 0.0399756 0.230195 0.322764 0.00910398 0.0695331 0.184684 0.117976 
0.113536 0.172189 0.010382 0.287194 0.0136138 0.0822686 0.265588 0.0552291 
0.043105 0.0378348 0.00641404 0.282342 0.00724319 0.274418 0.270104 0.0785398 
0.240758 7.10164e-06 7.10163e-06 0.583781 7.10131e-06 7.10201e-06 0.0440398 0.131393 
0.0430014 0.0241227 0.0176105 0.388475 0.00798696 0.113059 0.34143 0.0643144 
0.0279927 0.0281885 0.0152691 0.712151 0.00856815 0.0257194 0.145232 0.0368787 
0.0361889 0.0206837 0.021656 0.529289 0.000149233 0.071978 0.183231 0.136825 
0.0279927 0.0281885 0.0152691 0.712151 0.00856815 0.0257194 0.145232 0.0368787 
0.0896646 0.120096 0.019467 0.416505 0.00638239 0.0640871 0.239845 0.0439529 
0.0585259 0.0446905 0.0052861 0.371645 0.00817154 0.157353 0.260372 0.0939554 
0.0507879 0.0345399 0.0127627 0.315014 0.000180669 0.0750484 0.27545 0.236216 
0.087782 0.103267 0.0246724 0.435665 0.00676976 0.0819741 0.177774 0.0820959 
0.040278 0.0125689 0.00680628 0.339199 0.000227763 0.15052 0.26896 0.18144 
0.0712633 0.0163243 0.0118838 0.439351 0.00308253 0.0443808 0.345892 0.0678221 
0.0281488 0.0244486 0.0242675 0.662228 0.00365389 0.0443777 0.135694 0.0771818 
0.0673108 0.226665 0.098769 0.341878 0.00641772 0.0483902 0.0785624 0.132007 
0.112084 0.220648 0.00629204 0.333686 0.00934088 0.0543647 0.133479 0.130105 
0.0362078 0.012117 0.0129112 0.760265 5.07403e-05 0.00298892 0.144099 0.0313604 
0.0279927 0.0281885 0.0152691 0.712151 0.00856815 0.0257194 0.145232 0.0368787 
0.0561812 0.0313364 0.0152068 0.56186 7.44396e-05 0.0655407 0.134914 0.134886 
0.0518607 0.0651196 0.0145481 0.606751 0.0294706 0.0323548 0.180639 0.0192563 
0.0563554 0.0492479 0.0226187 0.39264 0.00057756 0.0600801 0.304968 0.113512 
1.53984e-07 3.15311e-07 2.02091e-11 0.90666 3.23274e-11 0.00239018 3.39439e-07 0.0909492 
0.0279927 0.0281885 0.0152691 0.712151 0.00856815 0.0257194 0.145232 0.0368787 
0.0109476 0.0880158 0.0454714 0.325436 0.000216547 0.157261 0.301586 0.0710664 
0.162314 0.212035 0.00213969 0.276127 0.0343641 0.094534 0.18626 0.0322264 
0.065695 0.0110422 0.0298619 0.314803 5.61842e-06 0.0799277 0.25255 0.246114 
0.144397 0.139446 0.00564342 0.471102 0.0141788 0.0718914 0.1522 0.00114097 
0.0477684 0.0150777 0.0209594 0.39512 0.000244836 0.26811 0.190905 0.0618156 
0.390531 0.000211478 0.022075 0.496945 4.03549e-05 0.0176923 0.0349418 0.0375627 
0.0279927 0.0281885 0.0152691 0.712151 0.00856815 0.0257194 0.145232 0.0368787 
0.0297581 0.0164792 0.0347805 0.595461 6.99944e-05 0.0445776 0.201036 0.0778378 
0.0334007 0.00777483 0.0383351 0.461635 0.000680085 0.0841173 0.278936 0.0951208 
0.0778282 0.0376188 0.0498352 0.299633 0.000465839 0.126686 0.271204 0.136728 
0.0239138 0.00305688 0.0634653 0.327062 3.92616e-06 0.0604464 0.25873 0.263321 
0.114918 0.0129869 0.0445409 0.27899 0.00131666 0.0798415 0.249308 0.218097 
0.0533732 0.155879 0.0320946 0.314871 0.119044 0.0485723 0.187816 0.0883502 
0.131843 0.0780402 0.0304159 0.489804 0.00809562 0.0541863 0.134652 0.0729631 
0.0593888 0.0426534 0.0258854 0.503774 0.0156066 0.111267 0.21849 0.0229351 
0.0192718 0.035573 0.0595123 0.4744 0.00387807 0.0806004 0.239276 0.0874889 
0.065695 0.0110422 0.0298619 0.314803 5.61842e-06 0.0799277 0.25255 0.246114 
0.0485336 0.0190267 0.0091625 0.554425 0.00171962 0.0775133 0.249318 0.0403012 
0.0105535 0.0529213 0.00762066 0.562362 0.00839901 0.0790354 0.241235 0.0378729 
0.11743 0.171152 0.0131763 0.448754 0.00789437 0.0528127 0.156811 0.0319701 
0.126213 0.0911561 0.0361443 0.421284 0.0041603 0.0428286 0.207976 0.0702376 
0.0662415 0.024058 0.0207381 0.426364 4.85936e-05 0.0634307 0.317864 0.081255 
0.036833 0.0377615 0.127715 0.383458 0.128254 0.0560576 0.149358 0.0805631 
0.0269598 0.0154755 0.0490494 0.428526 0.00476751 0.122945 0.265387 0.0868899 
0.0976603 0.0508369 0.00822128 0.385718 0.010337 0.0636713 0.303611 0.079944 
0.0348622 0.037128 0.047128 0.289686 0.000760876 0.133447 0.272038 0.184949 
0.0746536 0.129526 0.00936188 0.381163 0.0155873 0.156374 0.162324 0.0710097 
0.043506 0.00598828 0.0232457 0.40028 2.41789e-05 0.052141 0.375551 0.0992637 
0.0307641 0.0180517 0.0279286 0.52951 0.000308908 0.0452013 0.247542 0.100693 
0.187202 0.0639637 0.0327776 0.43216 0.056725 0.0428924 0.160592 0.0236869 
0.0323705 0.00313316 0.00313955 0.647345 0.000447022 0.0113438 0.236506 0.0657153 
0.0671501 0.041984 0.0463952 0.364909 0.000223548 0.0553748 0.283008 0.140956 
0.0169977 0.0181099 0.0244969 0.634917 0.00110148 0.0420006 0.161466 0.10091 
0.0118351 0.00345408 0.0119581 0.511116 0.000326609 0.0732926 0.352815 0.0352027 
0.0249049 0.233251 0.0157285 0.437376 0.0051381 0.0507715 0.154652 0.0781786 
0.0479821 0.0423933 0.00933655 0.704479 0.00122633 0.0691382 0.0823667 0.043078 
0.00883422 0.00494565 0.00708817 0.7719 6.21767e-05 0.00893949 0.162523 0.0357076 
0.0299374 0.0226043 0.0162134 0.571085 0.0214685 0.0464146 0.24339 0.048886 
0.0168423 0.00437441 0.0568663 0.546177 4.65106e-05 0.0202689 0.268651 0.0867737 
0.00750032 0.00949981 0.0352864 0.773096 6.57498e-06 0.0117995 0.0819887 0.0808227 
0.0846573 0.0392625 0.0194612 0.28111 0.00150241 0.269064 0.186055 0.118887 
0.0215319 0.018734 0.0217899 0.371675 0.000339645 0.0797849 0.366173 0.119971 
0.197402 0.0793001 0.00414568 0.358797 0.000609804 0.0740997 0.204759 0.0808864 
0.0920891 0.0641731 0.019599 0.448211 0.00430263 0.062012 0.204881 0.104731 
0.095913 0.0962009 0.0118999 0.531614 0.00118793 0.0909204 0.145382 0.0268818 
0.0414762 0.0582532 0.0124769 0.346584 1.75181e-05 0.0614535 0.183157 0.296581 
0.155003 0.0426587 0.030224 0.421521 3.15513e-05 0.0995754 0.18632 0.0646666 
0.0941506 0.0103884 0.0312946 0.520226 0.000123226 0.0439652 0.219566 0.080286 
0.0522979 0.00681243 0.0319377 0.606748 0.00516362 0.0489925 0.180398 0.06765 
0.112849 0.00073345 0.0103152 0.416906 0.00021372 0.112976 0.295023 0.0509833 
0.240253 0.0124433 0.110574 0.27553 0.000479498 0.0356531 0.0647368 0.26033 
0.0663481 0.0187435 0.0780153 0.517766 0.0022493 0.0648409 0.118045 0.133992 
0.0303802 0.00486915 0.00446417 0.647444 0.00742087 0.104237 0.187119 0.0140661 
0.0509562 0.0146994 0.00917862 0.471911 0.010977 0.114198 0.262556 0.0655238 
0.00662517 0.0186172 0.0172415 0.632224 0.0019232 0.0287457 0.220563 0.0740601 
0.164404 0.0626312 0.00444466 0.504795 0.00700221 0.0312779 0.208896 0.0165492 
0.0347879 0.161163 0.0585382 0.587801 0.00383193 0.0359117 0.0709213 0.0470449 
0.00598854 0.0283912 0.0195964 0.460362 0.00017045 0.0766842 0.34334 0.0654678 
0.0323798 0.0465291 0.0285358 0.537983 0.000505471 0.0334598 0.284402 0.0362058 
0.00378723 0.0504052 0.0232379 0.530971 0.00907832 0.0532498 0.241893 0.0873779 
0.0659658 0.0354299 0.00433059 0.51916 0.00041424 0.0137556 0.307302 0.0536422 
0.0533732 0.155879 0.0320946 0.314871 0.119044 0.0485723 0.187816 0.0883502 
0.0138859 0.00630576 0.0284809 0.696448 0.00108976 0.0665521 0.140001 0.0472369 
0.0230094 0.00181487 0.0204696 0.714789 0.00162472 0.0330703 0.132359 0.072863 
0.0674217 0.0533983 0.0199292 0.324972 0.0020836 0.187982 0.287227 0.0569865 
0.039267 0.00415894 0.0321544 0.530482 0.00424755 0.0331539 0.306623 0.0499129 
0.0815873 0.00282707 0.00130013 0.306887 1.14781e-08 0.180384 0.258256 0.168758 
0.012603 0.00725204 0.0111493 0.614127 0.000338572 0.0223518 0.295488 0.0366899 
0.105649 0.0203632 0.0325873 0.391094 0.0012605 0.0910838 0.187475 0.170487 
0.0182793 0.00599895 0.0205844 0.579543 0.0243657 0.0762959 0.21202 0.062913 
0.0610692 0.0159165 0.00686613 0.475101 1.63334e-05 0.0526532 0.263985 0.124392 
0.0695102 0.0203835 0.0378359 0.376888 0.0015122 0.105257 0.288081 0.100532 
0.0299374 0.0226043 0.0162134 0.571085 0.0214685 0.0464146 0.24339 0.048886 
0.0135102 0.010776 0.0122869 0.550894 9.46758e-05 0.023192 0.306954 0.0822916 
0.0518607 0.0651196 0.0145481 0.606751 0.0294706 0.0323548 0.180639 0.0192563 
0.0689463 0.0177885 0.0240313 0.524011 0.000520428 0.0959957 0.194664 0.074043 
0.0596344 0.0542064 0.0156297 0.541689 0.0211634 0.0698756 0.17582 0.0619816 
0.012603 0.00725204 0.0111493 0.614127 0.000338572 0.0223518 0.295488 0.0366899 
0.0108051 0.0354385 0.0116371 0.488041 0.000251672 0.0805835 0.337684 0.0355581 
0.0124669 0.0290973 0.00876098 0.498029 0.0030586 0.0278989 0.322595 0.0980931 
0.105273 0.0337855 0.0061875 0.494338 0.000768495 0.0211411 0.215252 0.123254 
0.0902144 0.0134988 0.00683962 0.503963 0.00161792 0.0624387 0.19221 0.129218 
0.0614096 0.158989 0.108393 0.479519 0.0146867 0.0553709 0.0807826 0.0408484 
0.111711 0.0290332 0.0258459 0.407733 0.000367339 0.0356145 0.285608 0.104087 
0.0162081 0.0434575 0.0162049 0.310982 0.000728881 0.146069 0.21098 0.255369 
0.0279927 0.0281885 0.0152691 0.712151 0.00856815 0.0257194 0.145232 0.0368787 
0.0583305 0.00899193 0.0103233 0.384574 0.000773436 0.0884648 0.373631 0.0749111 
0.036833 0.0377615 0.127715 0.383458 0.128254 0.0560576 0.149358 0.0805631 
0.187202 0.0639637 0.0327776 0.43216 0.056725 0.0428924 0.160592 0.0236869 
0.022238 0.00706849 0.0144375 0.656753 0.00271292 0.0403606 0.129788 0.126642 
0.090573 0.0756295 0.0296157 0.332411 0.000641253 0.101669 0.291879 0.0775825 
0.00743052 0.013604 0.214584 0.377475 0.000402889 0.214348 0.121007 0.0511475 
0.0279927 0.0281885 0.0152691 0.712151 0.00856815 0.0257194 0.145232 0.0368787 
0.17578 0.0167088 0.014078 0.372234 0.000196052 0.0263674 0.207325 0.187311 
0.00665379 0.0207878 0.0479486 0.37105 0.000102581 0.0477633 0.279171 0.226524 
0.0329288 0.0145988 0.059923 0.511924 0.0046093 0.0917566 0.104681 0.179579 
0.0531445 0.0185265 0.027536 0.435017 0.00271088 0.147727 0.247788 0.0675511 
0.00196748 0.00236897 0.00235752 0.844698 0.00700085 0.0182634 0.0868861 0.0364574 
0.0101983 0.0111475 0.0892367 0.408133 0.00185161 0.0307911 0.118102 0.33054 
0.12475 0.173788 0.00373546 0.297345 0.0130102 0.0648556 0.197554 0.124961 
0.128477 0.029746 0.0208952 0.520998 0.00153963 0.0506429 0.127157 0.120544 
0.0216878 0.0276563 0.0159043 0.438091 0.000743616 0.077847 0.219666 0.198404 
0.0151565 0.118129 0.0261682 0.350878 0.0271215 0.19868 0.215988 0.0478788 
0.0347879 0.161163 0.0585382 0.587801 0.00383193 0.0359117 0.0709213 0.0470449 
0.0694875 0.0083853 0.01101 0.493698 0.00975968 0.0570459 0.265924 0.0846893 
0.0252459 0.015586 0.0238622 0.346436 0.000522046 0.0527918 0.318244 0.217312 
0.0290817 0.0404701 0.00673046 0.558595 0.00455784 0.0526513 0.276308 0.0316057 
0.0397832 0.0341903 0.015951 0.575019 0.00416498 0.0169814 0.235793 0.0781171 
0.113177 0.0186748 0.0257867 0.447042 0.00219548 0.069347 0.196528 0.127249 
0.0342923 0.00594899 0.0289438 0.46358 0.00053558 0.0515379 0.163772 0.25139 
0.169621 0.111502 0.114923 0.219363 0.00832603 0.0456958 0.217238 0.113332 
0.0279927 0.0281885 0.0152691 0.712151 0.00856815 0.0257194 0.145232 0.0368787 
0.0170277 0.0315254 0.0449543 0.424092 0.00120289 0.0900281 0.325056 0.0661138 
0.0248527 0.00724685 0.00996669 0.651108 0.00275169 0.0271718 0.231321 0.045581 
0.0532226 0.0269489 0.0515802 0.422058 0.000764047 0.0592085 0.309052 0.0771658 
0.0279927 0.0281885 0.0152691 0.712151 0.00856815 0.0257194 0.145232 0.0368787 
0.0683832 0.0927971 0.0370682 0.409405 0.00393205 0.0719215 0.271831 0.0446622 
0.0431001 0.0192437 0.0159905 0.567943 0.0061176 0.059079 0.21902 0.0695061 
0.0331896 0.0403678 0.00928511 0.34934 0.00113252 0.209324 0.321533 0.0358277 
0.00445534 4.20507e-07 2.55499e-06 0.922553 0.00184481 3.7269e-06 0.0411564 0.0299834 
0.0106845 0.0133722 0.00613954 0.470151 0.00529133 0.0615595 0.315005 0.117797 
2.09652e-06 3.05418e-06 2.91686e-06 0.999632 4.66596e-06 1.02072e-06 0.000353164 1.36447e-06 
0.105751 0.00597377 0.0143626 0.45148 0.00906172 0.0972644 0.0957804 0.220326 
0.0209057 0.041921 0.0301356 0.361519 0.00234268 0.0356004 0.328675 0.1789 
0.0905668 0.0300513 0.0129809 0.535305 0.000583053 0.0883147 0.1653 0.0768982 
0.0151565 0.118129 0.0261682 0.350878 0.0271215 0.19868 0.215988 0.0478788 
0.0311524 0.0315977 0.00840849 0.412246 0.0929837 0.154392 0.216795 0.0524239 
0.0376542 0.0160184 0.00828967 0.443166 0.0118699 0.0402958 0.371553 0.071153 
0.105488 0.0121998 0.00535701 0.578235 0.00021445 0.0882633 0.101885 0.108357 
0.0642918 0.0253803 0.00888024 0.518174 0.00021167 0.108706 0.214562 0.0597949 
0.0305568 0.027938 0.00859624 0.547343 0.00120754 0.0557503 0.277881 0.050727 
0.0279927 0.0281885 0.0152691 0.712151 0.00856815 0.0257194 0.145232 0.0368787 
0.0530804 0.236316 0.0163548 0.29217 0.0590243 0.065785 0.193966 0.0833038 
0.0246011 0.0318913 0.00557056 0.471063 0.000153302 0.107843 0.315451 0.043426 
0.0187266 0.00636527 0.0302139 0.407736 0.000154553 0.0283929 0.400796 0.107615 
0.105807 0.262418 0.00341742 0.274393 0.0391432 0.0778037 0.210033 0.0269851 
0.044847 0.0260116 0.050374 0.256263 0.000186201 0.117338 0.251893 0.253088 
0.11177 0.0166115 0.0459785 0.534842 0.00080792 0.0503626 0.151672 0.0879552 
0.0358518 0.0305656 0.00398092 0.410239 0.00143674 0.098807 0.360303 0.0588152 
0.162314 0.212035 0.00213969 0.276127 0.0343641 0.094534 0.18626 0.0322264 
0.0340552 0.00363692 0.0363945 0.421274 0.0646521 0.0950776 0.264311 0.0805982 
0.0383381 0.0073283 0.0202472 0.508903 0.00304817 0.0515115 0.279753 0.0908703 
0.25363 0.0936642 0.012048 0.37737 0.0133123 0.0635196 0.155901 0.0305555 
0.0279927 0.0281885 0.0152691 0.712151 0.00856815 0.0257194 0.145232 0.0368787 
7.57106e-05 7.5709e-05 7.57089e-05 0.99947 7.57055e-05 7.57129e-05 7.57132e-05 7.57122e-05 
0.033555 0.0124019 0.0418891 0.401185 0.000470158 0.116744 0.330322 0.063433 
0.0669082 0.0125512 0.0225355 0.406482 2.1181e-05 0.046143 0.305241 0.140118 
0.0279927 0.0281885 0.0152691 0.712151 0.00856815 0.0257194 0.145232 0.0368787 
0.178035 0.0440573 0.0104431 0.295789 0.000900688 0.128807 0.227149 0.114818 
0.0185679 0.0139832 0.0517765 0.402703 0.000974638 0.0560074 0.299213 0.156775 
0.0194343 0.0242081 0.00447652 0.455046 0.0205662 0.00246337 0.19869 0.275116 
0.0736052 0.262198 0.0180593 0.344807 0.0449874 0.0650538 0.133013 0.0582773 
0.0609439 0.018448 0.10148 0.322704 0.00703661 0.0927703 0.312111 0.0845058 
0.0279927 0.0281885 0.0152691 0.712151 0.00856815 0.0257194 0.145232 0.0368787 
0.00906604 0.00128215 0.0122125 0.543208 2.65609e-05 0.00346184 0.349726 0.0810169 
0.0169432 0.0211798 0.0296801 0.42904 0.000307086 0.0523035 0.270508 0.180039 
0.012603 0.00725204 0.0111493 0.614127 0.000338572 0.0223518 0.295488 0.0366899 
0.103617 0.0210579 0.0213034 0.395679 0.00598451 0.1137 0.224327 0.114332 
0.0562123 0.190305 0.0153906 0.265678 0.0978746 0.0870298 0.220988 0.0665213 
0.0340767 0.0324413 0.0455072 0.409554 0.000945064 0.0802599 0.249152 0.148064 
0.00819475 0.00685527 0.00261118 0.890996 0.00327329 0.0127239 0.0544344 0.0209116 
0.0292379 0.0748864 0.035599 0.439932 0.0068143 0.0532317 0.270534 0.0897653 
0.0553591 0.0203583 0.0109854 0.528818 0.000411307 0.0869055 0.234076 0.0630872 
0.0467315 0.0537169 0.0173233 0.513145 0.00549079 0.0327588 0.245363 0.0854703 
0.0299374 0.0226043 0.0162134 0.571085 0.0214685 0.0464146 0.24339 0.048886 
0.00807776 0.0218606 0.0962661 0.462534 0.000530825 0.0507417 0.180174 0.179815 
0.0279927 0.0281885 0.0152691 0.712151 0.00856815 0.0257194 0.145232 0.0368787 
0.0207907 0.00805019 0.00963508 0.35877 0.00249202 0.0645354 0.296654 0.239073 
0.0318603 0.00942554 0.0382052 0.557364 0.000464208 0.0311199 0.199483 0.132078 
0.0376668 0.0394047 0.0447574 0.431783 0.00326282 0.0722766 0.231825 0.139024 
0.16594 0.0040771 0.0306138 0.329103 6.3864e-05 0.255445 0.152154 0.0626041 
0.158027 0.126061 0.00683366 0.434794 0.00864555 0.12117 0.126748 0.0177216 
0.0173512 0.0518733 0.0274906 0.422372 0.000713801 0.0488735 0.261488 0.169838 
0.00974056 0.00591217 0.0268522 0.785089 5.29892e-06 0.000332969 0.0168488 0.155219 
0.0279927 0.0281885 0.0152691 0.712151 0.00856815 0.0257194 0.145232 0.0368787 
0.00957525 0.0210121 0.00920552 0.453619 0.000655125 0.0461013 0.316659 0.143173 
0.000388007 0.000794431 0.000205166 0.901483 0.000101346 0.0213989 0.0753561 0.000272807 
0.0361467 0.0395102 0.0141747 0.440354 0.00161037 0.0560021 0.341197 0.0710049 
0.0308409 0.00811231 0.0226531 0.454755 0.0165512 0.0630237 0.325954 0.07811 
0.00591966 0.0184782 0.0356089 0.593165 0.000157985 0.0468038 0.186259 0.113607 
0.0184304 0.0168042 0.0230261 0.492516 0.000425535 0.0857312 0.292603 0.0704634 
0.0728021 0.104124 0.0514157 0.352661 0.0150379 0.07996 0.235789 0.0882107 
0.0270663 0.0210551 0.00797392 0.380502 0.0353844 0.107766 0.319996 0.100256 
0.0279927 0.0281885 0.0152691 0.712151 0.00856815 0.0257194 0.145232 0.0368787 
0.00860065 0.0152792 0.0100355 0.51713 6.58584e-05 0.0501859 0.335254 0.0634491 
0.0279927 0.0281885 0.0152691 0.712151 0.00856815 0.0257194 0.145232 0.0368787 
0.00785077 0.0127388 0.0432534 0.5215 0.00147986 0.0572768 0.267074 0.0888266 
0.0398867 0.00843491 0.0044742 0.491241 0.000169237 0.0742918 0.310539 0.0709638 
0.0103157 0.00680818 0.0235133 0.510548 0.000942385 0.0229965 0.377712 0.0471641 
0.0242578 0.0179991 0.00290993 0.493229 0.000870334 0.140395 0.250733 0.069606 
0.00823017 0.00265808 0.0363468 0.532046 0.000523719 0.0282313 0.258525 0.13344 
0.0105895 0.00786675 0.0636507 0.484238 0.0290272 0.0449169 0.2825 0.077211 
0.037859 0.0175316 0.0277096 0.561041 6.03519e-05 0.107228 0.21872 0.0298498 
0.0481292 0.254112 0.0117688 0.361951 0.00983472 0.149902 0.11724 0.0470621 
0.207341 0.0344784 0.03943 0.354055 0.0017471 0.0978337 0.195041 0.0700748 
0.00697265 0.00446582 0.0488149 0.54361 6.41946e-05 0.0041902 0.254449 0.137433 
0.0446089 0.00565641 0.0229664 0.423724 0.00275867 0.066148 0.353331 0.0808076 
0.101384 0.125078 0.0187445 0.343812 0.00318743 0.173933 0.204875 0.0289854 
0.119988 0.0824984 0.0431936 0.374511 0.0165508 0.0597728 0.143481 0.160004 
0.0421159 0.0768343 0.0324683 0.359452 0.00590719 0.182605 0.238281 0.0623368 
0.0279927 0.0281885 0.0152691 0.712151 0.00856815 0.0257194 0.145232 0.0368787 
0.0279927 0.0281885 0.0152691 0.712151 0.00856815 0.0257194 0.145232 0.0368787 
0.0430188 0.0405653 0.0135825 0.419437 0.00172157 0.120625 0.31321 0.0478398 
0.324157 0.033951 0.0151765 0.381724 0.00235223 0.0251996 0.18139 0.0360492 
0.0175928 0.0133113 0.0101711 0.42584 0.000782476 0.0573797 0.424876 0.0500468 
0.0449193 0.0927313 0.0133619 0.412556 0.00152706 0.0910033 0.244043 0.0998587 
0.0113428 0.0117073 0.259282 0.371979 0.000108927 0.00400242 0.0620938 0.279484 
0.0326323 0.0260698 0.0199356 0.464815 0.00460463 0.0581351 0.336476 0.0573309 
0.174824 0.122131 0.00432638 0.509001 0.0129648 0.0431223 0.115677 0.0179526 
0.00663843 0.000619132 0.00117135 0.639128 0.00115451 0.0819615 0.207528 0.0617991 
0.0299374 0.0226043 0.0162134 0.571085 0.0214685 0.0464146 0.24339 0.048886 
0.0373354 0.0561852 0.021782 0.460694 0.000780686 0.173754 0.147627 0.101841 
0.0279927 0.0281885 0.0152691 0.712151 0.00856815 0.0257194 0.145232 0.0368787 
0.0161354 0.0246597 0.00239747 0.720052 6.76731e-05 0.010344 0.15962 0.0667243 
0.0804221 0.0412898 0.0774297 0.324754 0.0228125 0.0850849 0.267228 0.100979 
0.202187 0.0512429 0.0538054 0.415977 0.0134091 0.0570895 0.105055 0.101234 
0.251115 0.208806 0.00364429 0.259348 0.00801659 0.121202 0.102871 0.0449979 
2.15654e-06 3.14162e-06 0.0149525 0.985034 4.79954e-06 1.04995e-06 7.251e-07 1.40353e-06 
0.0984398 0.206 0.024032 0.261718 0.0268938 0.0748448 0.247745 0.0603274 
0.011541 0.00875273 0.0263788 0.740711 2.32711e-05 0.00791619 0.0835851 0.121092 
0.0679086 0.0210767 0.0481878 0.470657 0.00105055 0.0473701 0.280653 0.0630965 
0.0325052 0.0723473 0.02922 0.563979 0.00682272 0.0344129 0.204214 0.0564992 
0.0289468 0.0292924 0.0157454 0.409737 0.00290341 0.0683115 0.277725 0.167339 
0.0470397 0.0796743 0.00735039 0.605747 0.00479786 0.0436072 0.15076 0.0610236 
0.0197931 0.0236787 0.0128642 0.494999 0.000242772 0.0438871 0.322338 0.0821976 
0.0475596 0.0377184 0.00803422 0.419411 0.00196648 0.0794826 0.349234 0.0565938 
0.0505862 0.0117648 0.0212218 0.358287 0.0041943 0.144868 0.280876 0.128202 
0.088162 0.0233627 0.0141589 0.393737 0.00213333 0.152529 0.212178 0.11374 
0.0662415 0.024058 0.0207381 0.426364 4.85936e-05 0.0634307 0.317864 0.081255 
0.0522865 0.0085489 0.00590017 0.606724 0.00169234 0.051108 0.198359 0.0753808 
0.0363109 0.0838515 0.164211 0.224335 0.0154203 0.0875021 0.206651 0.181718 
0.0322426 0.0149054 0.00542733 0.434813 0.0515786 0.0798662 0.330974 0.0501927 
0.0754915 0.00794435 0.01767 0.495806 0.000719395 0.0315184 0.232076 0.138774 
0.0927938 0.00190625 0.00899564 0.708898 4.61156e-06 0.03637 0.0953763 0.0556553 
0.0525034 0.225923 0.0129115 0.331822 0.00710554 0.165666 0.13501 0.0690593 
0.036875 0.0172598 0.042916 0.506253 0.0117765 0.0461994 0.180885 0.157835 
0.0330483 0.00838713 0.00862042 0.687192 7.7627e-05 0.0277496 0.192083 0.042842 
0.315067 0.095044 0.0359453 0.396492 0.00397601 0.0119991 0.101478 0.0399976 
0.0356303 0.0024556 0.0363914 0.751716 0.000224985 0.0539269 0.0838935 0.0357616 
