0.030003 0.0629171 0.0233919 0.0315432 0.00182275 0.42155 0.381684 0.0470885 
0.00951884 0.00445761 0.0249352 0.0430822 0.000367906 0.60395 0.264763 0.0489254 
0.180824 0.177291 0.0241511 0.044581 0.000136573 0.328512 0.119989 0.124515 
0.142488 0.0948155 0.0218493 0.036343 0.00876974 0.284509 0.259421 0.151805 
0.0292487 0.0472108 0.0184621 0.0514793 0.000489664 0.640895 0.177782 0.0344323 
0.0355903 0.0342699 0.0392142 0.0410894 0.000435218 0.572861 0.181922 0.0946177 
0.0239819 0.0553466 0.0362989 0.0202184 0.00440735 0.526674 0.288446 0.0446269 
0.0463879 0.00554089 0.0173512 0.0118905 0.00285752 0.627569 0.179017 0.109386 
0.0188944 0.0209393 0.0415892 0.0479541 0.00323053 0.598816 0.167148 0.101428 
0.0932834 0.124276 0.0776341 0.0262085 0.00646384 0.387239 0.214787 0.0701083 
0.0400682 0.00771909 0.284444 0.00229101 3.22516e-06 0.50391 0.0413056 0.120258 
0.294581 0.0200597 0.0142144 0.0428481 0.00616824 0.308802 0.190364 0.122963 
0.0253002 0.0270226 0.0385614 0.0111895 0.00051936 0.459304 0.341964 0.096139 
0.231887 0.160933 0.0315022 0.072124 0.0173222 0.286103 0.138724 0.0614054 
0.0549819 0.0388582 0.0407478 0.0302514 0.00565093 0.606214 0.172434 0.0508616 
0.0454865 0.0509708 0.059966 0.0715906 0.00670444 0.341417 0.31023 0.113634 
0.0324698 0.100838 0.0160101 0.0413897 0.000341043 0.43073 0.235118 0.143104 
0.0111989 0.0268021 0.104384 0.0214919 4.1344e-05 0.572047 0.152099 0.111937 
0.0217842 0.0587259 0.0735011 0.0240638 0.000361311 0.613787 0.146855 0.060922 
0.12225 0.0154686 0.0746546 0.0204232 0.00212832 0.403839 0.21535 0.145886 
0.183672 0.0391592 0.0307216 0.0108476 0.00322427 0.334633 0.32857 0.0691726 
0.0548432 0.0208461 0.0357013 0.0164448 0.00719652 0.392759 0.306966 0.165243 
0.0908833 0.11394 0.0381939 0.037341 0.0115481 0.323624 0.244555 0.139915 
0.085217 0.142282 0.0484658 0.0118229 0.000781785 0.511469 0.169357 0.0306042 
0.101714 0.0486791 0.0265726 0.0287983 0.00784149 0.473527 0.222911 0.0899568 
0.101639 0.0422939 0.0258769 0.0773569 0.00796156 0.371209 0.311258 0.0624039 
0.0126382 0.0154722 0.0437921 0.018532 0.0185655 0.645555 0.159234 0.0862107 
0.0231326 0.020892 0.0287534 0.0586875 0.00119656 0.443305 0.32119 0.102843 
0.0318281 0.0184066 0.036992 0.0377435 0.00130616 0.392829 0.368648 0.112247 
0.0288965 0.0209568 0.0427505 0.112337 0.00848853 0.371786 0.248983 0.165801 
0.0300651 0.0647412 0.0139052 0.0396061 0.000261253 0.65945 0.15682 0.0351508 
0.0632326 0.0983239 0.0940151 0.0513514 0.0366292 0.451993 0.130651 0.0738044 
0.0148722 0.0234969 0.041771 0.0858654 0.000612983 0.413907 0.258834 0.160641 
0.153614 0.0437245 0.0352899 0.0176777 0.00857328 0.438828 0.164576 0.137717 
0.190097 0.120531 0.0115668 0.0322157 0.008381 0.46684 0.105946 0.0644241 
0.00611451 0.00684966 0.0293943 0.00440094 2.23096e-05 0.801163 0.0667788 0.0852768 
0.0335033 0.0427153 0.063013 0.0687027 0.000734064 0.413705 0.313056 0.0645704 
0.0549819 0.0388582 0.0407478 0.0302514 0.00565093 0.606214 0.172434 0.0508616 
0.0389393 0.0865762 0.0628947 0.0448035 0.0054569 0.353501 0.296433 0.111395 
0.0104345 0.00777227 0.0331269 0.00973198 0.000518953 0.803989 0.094665 0.0397614 
0.0809034 0.188803 0.0482963 0.102825 0.010306 0.217398 0.156504 0.194964 
0.0217842 0.0587259 0.0735011 0.0240638 0.000361311 0.613787 0.146855 0.060922 
0.0145552 0.0115705 0.0302545 0.0533155 0.000439543 0.567177 0.24645 0.0762371 
0.145303 0.047462 0.0264981 0.260509 0.00658703 0.261122 0.180144 0.0723758 
0.0927393 0.0374436 0.036076 0.0287345 0.000372107 0.558736 0.159164 0.0867354 
0.0733027 0.024946 0.00915004 0.0334661 0.00620038 0.502174 0.345978 0.00478282 
0.0205489 0.194444 0.00932585 0.0854161 0.00037289 0.399951 0.193618 0.0963233 
0.0647881 0.0136901 0.0163157 0.0437652 0.00307463 0.586888 0.158944 0.112534 
0.0181654 0.00853057 0.125272 0.0209804 2.68923e-05 0.359846 0.276326 0.190852 
0.118494 0.0348631 0.0208989 0.0796422 0.0135249 0.336187 0.330574 0.0658163 
0.0204399 0.00935339 0.0303495 0.0149256 0.000187741 0.429333 0.42501 0.0704011 
0.016603 0.0324447 0.0424603 0.0392175 0.0100543 0.466553 0.267999 0.124668 
0.119981 0.104119 0.165348 0.0451956 0.00133608 0.378103 0.142093 0.0438237 
0.0769397 0.0543279 0.0507627 0.0435277 0.00749593 0.422562 0.235254 0.109129 
0.00732527 0.0179524 0.0764344 0.0140878 0.000548558 0.703119 0.0799958 0.100537 
0.0444261 0.0196002 0.0126796 0.0108793 0.0284338 0.713383 0.128795 0.0418025 
0.0791774 0.0511611 0.0248467 0.0229429 0.00400352 0.418563 0.349317 0.0499877 
0.0232364 0.0447661 0.0785017 0.00253491 3.42168e-05 0.731654 0.0613533 0.0579199 
0.0928286 0.142947 0.113958 0.0196432 0.00213636 0.459194 0.113226 0.0560681 
0.0549819 0.0388582 0.0407478 0.0302514 0.00565093 0.606214 0.172434 0.0508616 
0.087753 0.0215501 0.0750257 0.0122384 0.00204111 0.535783 0.178028 0.08758 
0.0851404 0.0442335 0.0147898 0.113227 0.00134079 0.328467 0.282158 0.130644 
0.0144035 0.0045388 0.0546829 0.0790798 0.000743863 0.432635 0.209738 0.204178 
0.0173528 0.0428036 0.0335757 0.0176751 0.00208051 0.685929 0.165338 0.0352454 
0.0539819 0.0650584 0.0203997 0.0278018 0.00315301 0.610943 0.176367 0.0422958 
0.07387 0.0549991 0.0584282 0.0788927 0.00623518 0.36799 0.306174 0.0534101 
0.119503 0.14549 0.0262656 0.0684217 0.0198819 0.393422 0.167348 0.059668 
0.0298681 0.0659627 0.0784574 0.0625094 0.0128362 0.48942 0.155937 0.105009 
0.0549819 0.0388582 0.0407478 0.0302514 0.00565093 0.606214 0.172434 0.0508616 
0.0520555 0.134121 0.0212373 0.0408527 0.00918814 0.369921 0.30707 0.0655542 
0.0690745 0.10967 0.0311249 0.0552391 0.0932624 0.369145 0.233586 0.0388979 
0.0644581 0.0213258 0.00712203 0.0209705 0.000962369 0.549269 0.276604 0.0592882 
0.0988755 0.185268 0.0198285 0.0389692 0.00397578 0.422734 0.170923 0.0594256 
0.00275467 0.000336102 0.0127516 0.233793 0.000811249 0.319922 0.319117 0.110516 
0.0173528 0.0428036 0.0335757 0.0176751 0.00208051 0.685929 0.165338 0.0352454 
0.0443788 0.00191677 0.0368287 0.270519 1.18012e-05 0.393614 0.194966 0.057764 
0.17441 0.0370422 0.00467496 0.013587 0.000843812 0.43275 0.273821 0.0628713 
0.184703 0.0643141 0.0259024 0.0510645 0.0157585 0.365632 0.240026 0.0525992 
0.0440125 0.0463968 0.0255192 0.057985 0.000906058 0.479625 0.278673 0.0668824 
0.125084 0.0321527 0.0143354 0.126485 0.000666806 0.566263 0.0670772 0.067935 
0.0161243 0.0150219 0.0276694 0.00718993 0.000484793 0.541077 0.327492 0.0649405 
0.23363 0.0237149 0.0427004 0.0306881 0.000455423 0.296674 0.241478 0.130659 
0.0517381 0.0307503 0.0593435 0.0818566 0.00341334 0.364268 0.342246 0.0663841 
0.0232536 0.0215646 0.0813739 0.0271128 0.000417429 0.491118 0.243807 0.111353 
0.0438813 0.039428 0.0328497 0.0377118 0.00269365 0.378898 0.351863 0.112675 
0.0536241 0.0818843 0.0626854 0.0434905 0.102252 0.515511 0.0854665 0.0550865 
0.0214323 0.0544027 0.0164432 0.0202831 2.77094e-05 0.502627 0.30177 0.0830138 
0.0404975 0.055481 0.0265466 0.0267202 0.00165957 0.470301 0.303758 0.0750362 
0.0299246 0.0650025 0.0311521 0.0160949 0.000460532 0.67345 0.136324 0.0475911 
0.100192 0.125696 0.0149427 0.0199737 7.04175e-05 0.551484 0.142876 0.044765 
0.168708 0.0877576 0.0149428 0.025901 0.0140735 0.442229 0.203454 0.0429348 
0.0857584 0.238144 0.0126069 0.0902407 0.0262469 0.244904 0.234122 0.0679775 
0.0536241 0.0818843 0.0626854 0.0434905 0.102252 0.515511 0.0854665 0.0550865 
0.107413 0.0635736 0.0166979 0.0456244 0.00688075 0.503413 0.220293 0.0361038 
0.0544759 0.0432207 0.0208837 0.0481541 0.00139678 0.384123 0.346875 0.10087 
0.0896827 0.0943625 0.00820149 0.0223539 0.00862849 0.538966 0.193012 0.044793 
0.0740429 0.0589323 0.0679821 0.0446815 8.37903e-05 0.350413 0.193594 0.210271 
0.215233 0.02275 0.0370359 0.033539 0.0063885 0.361237 0.179234 0.144582 
0.176617 0.0837497 0.00984226 0.0317482 7.7579e-05 0.39995 0.192084 0.10593 
0.107413 0.0635736 0.0166979 0.0456244 0.00688075 0.503413 0.220293 0.0361038 
0.0632326 0.0983239 0.0940151 0.0513514 0.0366292 0.451993 0.130651 0.0738044 
0.0104345 0.00777227 0.0331269 0.00973198 0.000518953 0.803989 0.094665 0.0397614 
0.0549819 0.0388582 0.0407478 0.0302514 0.00565093 0.606214 0.172434 0.0508616 
0.0671506 0.0325583 0.0128452 0.0461509 0.00902114 0.424277 0.217948 0.190049 
0.070095 0.00537387 0.0253205 0.0150983 0.000293384 0.408185 0.282159 0.193475 
0.033978 0.00913332 0.0891538 0.0606383 0.00535642 0.487516 0.128397 0.185828 
0.0497153 0.0387183 0.0241971 0.0430036 0.00641965 0.571245 0.17241 0.0942904 
0.0425969 0.0783737 0.0318046 0.0273307 0.000330366 0.610625 0.131014 0.0779246 
0.0602052 0.092935 0.0450306 0.00910932 0.00752599 0.603924 0.0974317 0.0838383 
0.0583768 0.146944 0.0259995 0.0422615 0.00298025 0.388114 0.259038 0.0762862 
0.0400985 0.0217463 0.0156269 0.00412752 0.000857743 0.798166 0.111418 0.00795873 
0.0128507 0.00233137 0.0264476 0.0299976 0.000865663 0.547877 0.276738 0.102892 
0.00732527 0.0179524 0.0764344 0.0140878 0.000548558 0.703119 0.0799958 0.100537 
0.0131536 0.0390173 0.0372526 0.0493262 0.000831559 0.431819 0.359932 0.0686676 
0.0120205 0.0176997 0.0476226 0.0214565 0.00113518 0.662148 0.188429 0.0494886 
0.0357077 0.0276191 0.0521879 0.0375801 0.000689332 0.383912 0.286601 0.175703 
0.024262 0.0360862 0.0422742 0.125718 0.00800432 0.409609 0.191054 0.162992 
0.0477777 0.0365965 0.0404504 0.0153293 9.3128e-05 0.5507 0.220756 0.0882976 
0.119981 0.104119 0.165348 0.0451956 0.00133608 0.378103 0.142093 0.0438237 
0.0114886 0.171305 0.0702363 0.0188383 0.00801307 0.431873 0.115709 0.172537 
0.0910899 0.0464317 0.0175605 0.0314148 0.00607857 0.578203 0.130975 0.0982459 
0.30328 0.0271913 0.023539 0.0591075 0.00213951 0.315659 0.167693 0.10139 
0.0784644 0.134003 0.0341224 0.123994 0.0370642 0.258434 0.251216 0.0827029 
0.0840928 0.0166334 0.0156244 0.0251027 0.00177186 0.495003 0.200805 0.160967 
0.236424 0.0323478 0.0154817 0.0274284 0.0198317 0.366966 0.16698 0.13454 
0.0411262 0.0259415 0.0848265 0.0106164 0.00166724 0.548631 0.163135 0.124057 
0.0796289 0.0251646 0.0120465 0.144965 0.0025304 0.543948 0.160766 0.0309505 
0.0549819 0.0388582 0.0407478 0.0302514 0.00565093 0.606214 0.172434 0.0508616 
0.0776628 0.0162212 0.0369528 0.0269637 0.00232476 0.482102 0.264162 0.0936106 
0.00181057 0.00613708 0.0360462 0.0649805 0.000390433 0.469739 0.305176 0.11572 
0.0181825 0.0252994 0.0326754 0.00507615 8.35541e-05 0.76574 0.0721518 0.0807908 
0.0796289 0.0251646 0.0120465 0.144965 0.0025304 0.543948 0.160766 0.0309505 
0.0585605 0.0485485 0.00882632 0.26076 0.000973633 0.354962 0.222539 0.0448301 
0.0173528 0.0428036 0.0335757 0.0176751 0.00208051 0.685929 0.165338 0.0352454 
0.0806886 0.106282 0.0129481 0.0148008 0.00915012 0.509963 0.20407 0.0620978 
0.00521788 0.00521848 0.023086 0.00305932 1.7551e-05 0.486312 0.376513 0.100576 
0.0443809 0.0351687 0.0316201 0.0236506 0.000641971 0.627404 0.200733 0.0364011 
0.0104345 0.00777227 0.0331269 0.00973198 0.000518953 0.803989 0.094665 0.0397614 
0.0112183 0.00988828 0.0405822 0.0169747 0.0132414 0.542235 0.273271 0.0925891 
0.00370625 0.00333391 0.043553 0.0863319 0.000532234 0.413432 0.29058 0.158531 
0.0549819 0.0388582 0.0407478 0.0302514 0.00565093 0.606214 0.172434 0.0508616 
0.0469733 0.0791993 0.0595895 0.0259905 0.0148429 0.513327 0.199481 0.0605958 
0.0164458 0.111687 0.0386233 0.0133932 0.00037882 0.507867 0.250302 0.0613019 
0.00648843 0.00754113 0.0416487 0.0124265 0.000125478 0.675431 0.127958 0.128381 
0.0503821 0.0483655 0.0629437 0.0335903 0.000889355 0.401275 0.310268 0.0922862 
0.0549819 0.0388582 0.0407478 0.0302514 0.00565093 0.606214 0.172434 0.0508616 
0.198028 0.0902005 0.0536451 0.0187872 0.00788064 0.302391 0.239174 0.0898938 
0.115322 0.0188529 0.00827634 0.0857678 0.000562729 0.59121 0.149455 0.0305521 
0.0663321 0.0803376 0.0424454 0.0239853 0.0237641 0.481933 0.240215 0.0409869 
0.0665862 0.0152848 0.0467832 0.0654638 0.000370769 0.329024 0.318598 0.15789 
0.152028 0.0525759 0.0304175 0.0573965 0.00660026 0.387683 0.206542 0.106757 
0.0123353 0.0262592 0.0119765 0.0178506 0.00119524 0.511384 0.377259 0.0417397 
0.0472167 0.00587475 0.00533298 0.00775153 0.000556092 0.693364 0.117254 0.122651 
0.102239 0.142516 0.012596 0.0459424 0.017032 0.331445 0.291538 0.056691 
0.043833 0.0053813 0.0121265 0.0931853 0.0025638 0.440222 0.23191 0.170778 
0.127093 0.0988331 0.0159939 0.0286429 0.0054825 0.408589 0.250313 0.0650523 
0.0218584 0.167711 0.0393249 0.0151713 0.0163874 0.401421 0.113653 0.224473 
0.0805235 0.0454906 0.0146295 0.0418635 0.0878295 0.399366 0.287606 0.0426914 
0.0405269 0.260425 0.0177616 0.101656 0.0053336 0.272499 0.233398 0.0684002 
0.0395014 0.0314699 0.0240196 0.0146389 0.00396347 0.663817 0.131624 0.0909657 
0.0178462 0.0269792 0.0566453 0.0632368 0.00128246 0.554356 0.119003 0.160651 
0.101813 0.0371513 0.0312299 0.0256992 0.00291107 0.535906 0.188422 0.0768668 
0.0151069 0.0245893 0.00277345 0.263919 0.00902878 0.413902 0.269627 0.00105262 
0.0309902 0.0271037 0.0354129 0.055492 0.00715475 0.377942 0.359892 0.106012 
0.0266639 0.00762688 0.0558859 0.0519988 5.29412e-05 0.62892 0.0713622 0.157489 
0.0549819 0.0388582 0.0407478 0.0302514 0.00565093 0.606214 0.172434 0.0508616 
0.0383978 0.00858367 0.0288714 0.0144275 0.00191437 0.557621 0.263171 0.087014 
0.0549819 0.0388582 0.0407478 0.0302514 0.00565093 0.606214 0.172434 0.0508616 
0.0591732 0.0350767 0.0367251 0.0167089 0.00193714 0.43189 0.307011 0.111478 
0.0590563 0.0854073 0.0406337 0.0532704 0.000126341 0.335464 0.296732 0.12931 
0.0139204 0.0570025 0.0618576 0.0650618 0.00729078 0.563461 0.177376 0.0540304 
0.0298207 0.0280639 0.0690184 0.0104248 0.00174157 0.526529 0.184429 0.149973 
0.176074 0.0964479 0.00539121 0.10187 0.000287274 0.46117 0.131276 0.0274846 
0.0173533 0.0514474 0.0304559 0.0127669 5.83514e-05 0.538353 0.277758 0.071808 
0.0638887 0.0952033 0.0214981 0.0306194 0.0168829 0.530704 0.178151 0.0630526 
0.0684727 0.0122335 0.00921762 0.00244475 4.84943e-06 0.735439 0.00837864 0.163809 
0.0969358 0.149488 0.0330531 0.0306563 0.00664351 0.411693 0.198534 0.0729955 
0.0104345 0.00777227 0.0331269 0.00973198 0.000518953 0.803989 0.094665 0.0397614 
0.125326 0.0497093 0.0331059 0.118598 0.00825158 0.339838 0.217295 0.107876 
0.11199 0.063482 0.0311813 0.0641123 0.175517 0.28079 0.213604 0.0593229 
0.00353177 0.00703268 0.00562922 0.00423652 2.41177e-05 0.482451 0.25613 0.240965 
0.0859801 0.0195626 0.0194611 0.0157691 0.00392997 0.477063 0.31863 0.0596044 
0.0254241 0.0100955 0.189249 0.016504 0.000670773 0.545997 0.130441 0.0816185 
0.0707609 0.0579542 0.0644724 0.0365837 0.00445938 0.423867 0.247001 0.0949012 
0.0715619 0.0823963 0.0340799 0.0262219 0.0142643 0.387166 0.329672 0.0546381 
0.0530273 0.0420483 0.0430618 0.01287 0.00823447 0.596248 0.207331 0.0371793 
0.0261893 0.00095407 0.000534267 0.037415 1.32316e-05 0.756309 0.0704172 0.108168 
0.0394837 0.0449073 0.0841224 0.0423531 0.00172212 0.420308 0.262853 0.104251 
0.0359562 0.053235 0.0493121 0.0529634 0.000278429 0.505123 0.25338 0.0497525 
0.0585498 0.252373 0.0241567 0.0396865 0.00594461 0.367713 0.148692 0.102885 
0.0431857 0.0223517 0.0122144 0.0361813 0.000518543 0.533715 0.237468 0.114365 
0.0145756 0.0503032 0.033528 0.308595 0.00220184 0.365599 0.163446 0.0617511 
0.0322025 0.0322669 0.0420279 0.0119823 0.004433 0.574844 0.232091 0.0701516 
0.0112501 0.00536922 0.0162228 0.0166217 2.22448e-05 0.586797 0.245056 0.11866 
0.00893112 0.0406254 0.0512682 0.00744696 0.000315068 0.698523 0.126313 0.0665776 
0.264607 0.0449945 0.0226387 0.00406376 0.105605 0.381152 0.105862 0.0710768 
0.00918161 0.0239672 0.0238228 0.0150074 4.38381e-05 0.751961 0.115357 0.0606591 
0.0549819 0.0388582 0.0407478 0.0302514 0.00565093 0.606214 0.172434 0.0508616 
0.0723104 0.0298861 0.0119929 0.0232867 0.0022499 0.517741 0.265024 0.0775091 
0.053265 0.0945631 0.0201106 0.0190855 0.0710629 0.571107 0.124853 0.0459533 
0.0122504 0.0735196 0.068101 0.00653152 0.000412267 0.634422 0.143344 0.061419 
0.0360199 0.0330156 0.0297687 0.0767771 0.000624867 0.326184 0.282135 0.215475 
0.0906106 0.0410686 0.067654 0.0240347 0.002967 0.518906 0.191942 0.0628172 
0.0428947 0.0747319 0.025109 0.0648264 0.00258477 0.397058 0.340976 0.0518195 
0.0536241 0.0818843 0.0626854 0.0434905 0.102252 0.515511 0.0854665 0.0550865 
0.0273833 0.0360209 0.0190197 0.0543929 0.000934891 0.639985 0.194645 0.0276186 
0.0549819 0.0388582 0.0407478 0.0302514 0.00565093 0.606214 0.172434 0.0508616 
0.185625 0.0197103 0.0834904 0.0129773 0.00261719 0.265466 0.19665 0.233464 
0.0979507 0.14619 0.0355125 0.070927 0.0213356 0.326309 0.201647 0.100129 
0.0632745 0.106077 0.0265257 0.0145484 0.0702814 0.369081 0.333223 0.0169898 
0.0914199 0.0839912 0.0316917 0.03767 0.00162301 0.458999 0.202736 0.0918695 
0.0217041 0.220222 0.0145001 0.181833 0.00500176 0.381036 0.147922 0.0277814 
0.0576563 0.0101205 0.0301209 0.00873686 0.00104073 0.568722 0.283325 0.0402769 
0.0891844 0.0471507 0.00969927 0.0156551 0.000374822 0.53982 0.178367 0.119749 
0.0559814 0.257606 0.0123996 0.0253578 0.00116901 0.436792 0.147299 0.0633952 
0.0761902 0.231425 0.0196058 0.0560428 0.029005 0.36948 0.160505 0.0577465 
0.0391515 0.304473 0.01235 0.0666578 0.0141272 0.380506 0.177482 0.00525259 
0.136965 0.0362669 0.0597077 0.0169995 0.0107494 0.48709 0.149636 0.102586 
0.0250676 0.201155 0.041156 0.0221034 2.68378e-06 0.465268 0.101297 0.14395 
0.00778893 0.00381107 0.0372217 0.0584517 0.000381312 0.435827 0.304189 0.152329 
0.0734812 0.0331473 0.053747 0.058683 0.00389513 0.380182 0.279653 0.117211 
0.0549819 0.0388582 0.0407478 0.0302514 0.00565093 0.606214 0.172434 0.0508616 
0.0455319 0.0319296 0.0179013 0.042745 0.0002382 0.673232 0.152554 0.0358678 
0.0549819 0.0388582 0.0407478 0.0302514 0.00565093 0.606214 0.172434 0.0508616 
0.12661 0.0402083 0.0295521 0.0207907 0.0231338 0.433498 0.207583 0.118624 
0.135553 0.00849438 0.012584 0.0197301 0.000769672 0.509109 0.268453 0.0453068 
0.179437 0.00983659 0.00785381 0.0365244 0.000786425 0.546108 0.140426 0.0790275 
0.0573234 0.25372 0.0274261 0.033353 0.0125523 0.38356 0.208275 0.0237901 
0.0207763 0.0693155 0.0237707 0.0615314 0.0076199 0.548235 0.207024 0.0617268 
0.02416 0.0511871 0.0535631 0.0346522 0.00280931 0.53442 0.227185 0.072024 
0.129588 0.194843 0.00655304 0.044696 0.0269741 0.251053 0.216181 0.130111 
0.125057 0.0155078 0.0125505 0.0339211 3.42803e-05 0.470605 0.238664 0.10366 
0.162147 0.0554501 0.0269407 0.0172634 0.0106181 0.320418 0.30535 0.101813 
0.0671695 0.224225 0.0376525 0.023014 0.0363039 0.352633 0.229138 0.0298643 
0.0692546 0.0776785 0.0119132 0.0644211 0.00368619 0.461102 0.240938 0.0710062 
0.147181 0.0653439 0.010739 0.0193984 0.0116641 0.458942 0.247819 0.038913 
0.00893112 0.0406254 0.0512682 0.00744696 0.000315068 0.698523 0.126313 0.0665776 
0.0761902 0.231425 0.0196058 0.0560428 0.029005 0.36948 0.160505 0.0577465 
0.0863035 0.0179432 0.0484133 0.0350348 3.27086e-05 0.480627 0.151195 0.18045 
0.0284296 0.107281 0.0296233 0.0212614 0.0135347 0.432823 0.249577 0.11747 
0.0738412 0.0188949 0.00627296 0.0181796 7.30517e-06 0.723935 0.141019 0.01785 
0.0894713 0.0408606 0.0575834 0.147145 0.00498265 0.355621 0.231226 0.0731103 
0.0402325 0.173437 0.0456453 0.0403174 0.00282767 0.32617 0.211819 0.159551 
0.0377596 0.0699686 0.0360453 0.0563137 0.00444803 0.442372 0.286933 0.0661598 
0.062418 0.107605 0.0278605 0.0145236 0.0721378 0.367855 0.329978 0.0176219 
0.00367552 0.00943874 0.0721863 0.00428281 2.42347e-05 0.736526 0.0512352 0.122631 
0.0365919 0.026359 0.0333721 0.0410153 0.00147722 0.495121 0.350031 0.0160323 
0.141716 0.0387422 0.00831668 0.301039 0.00064384 0.310099 0.141909 0.0575344 
0.0549819 0.0388582 0.0407478 0.0302514 0.00565093 0.606214 0.172434 0.0508616 
0.000797971 0.129092 0.0533098 0.00225389 8.89677e-05 0.757367 0.0460629 0.0110277 
0.0483084 0.0729761 0.0540175 0.0554781 0.00668984 0.337882 0.294581 0.130067 
0.0968724 0.0116095 0.0222582 0.014709 0.00232592 0.564408 0.222873 0.0649437 
0.046398 0.137944 0.0274303 0.0602127 0.00707246 0.329666 0.302126 0.0891512 
0.019642 0.0150851 0.0722068 0.0247305 0.000496675 0.50036 0.039335 0.328144 
0.0549819 0.0388582 0.0407478 0.0302514 0.00565093 0.606214 0.172434 0.0508616 
0.00893112 0.0406254 0.0512682 0.00744696 0.000315068 0.698523 0.126313 0.0665776 
0.0461692 0.0680139 0.0138475 0.0041867 0.035158 0.53916 0.258945 0.0345198 
0.122499 0.0238454 0.0314135 0.0501605 0.00440421 0.400807 0.258512 0.108358 
0.0709578 0.153349 0.0213716 0.0255303 0.00531819 0.501966 0.168804 0.0527036 
0.0144055 0.011671 0.0312895 0.0406496 8.32368e-06 0.567914 0.153175 0.180888 
0.014615 0.0255163 0.0639022 0.0142804 0.000476833 0.650094 0.159153 0.0719629 
0.063889 0.179833 0.0143979 0.0390338 0.00307528 0.365742 0.267072 0.0669568 
0.0421179 0.0210512 0.0300926 0.0218076 0.000234906 0.469565 0.348825 0.0663063 
0.249595 0.13779 0.0204983 0.0230385 0.00381839 0.415124 0.0902204 0.059915 
0.0761902 0.231425 0.0196058 0.0560428 0.029005 0.36948 0.160505 0.0577465 
0.0860488 0.133216 0.0557333 0.0329699 0.0050875 0.42856 0.204579 0.053805 
0.0679499 0.0353862 0.0288866 0.0354327 0.00188838 0.430046 0.307201 0.0932091 
0.00901977 0.0362364 0.0218406 0.0378957 0.0102389 0.461654 0.321654 0.101461 
0.0623375 0.167286 0.115358 0.137902 0.00413589 0.271267 0.191291 0.0504219 
0.204499 0.0471647 0.0371283 0.0434196 0.0151871 0.315922 0.281675 0.0550033 
0.131625 0.2274 0.00875006 0.0533184 0.0581017 0.408086 0.0895338 0.0231853 
0.0160783 0.0622534 0.0315395 0.00794295 0.01067 0.601149 0.137268 0.133099 
0.0110635 0.00590968 0.0205077 0.0761258 1.54334e-05 0.384394 0.323035 0.178949 
0.0303557 0.0376962 0.0142956 0.0436612 0.000117895 0.68719 0.171238 0.0154458 
0.0849322 0.0765528 0.027077 0.0300949 0.000488106 0.488975 0.200837 0.0910424 
0.0130302 0.0342998 0.0479521 0.0288092 0.00161225 0.655806 0.1512 0.0672912 
0.100194 0.29397 0.0200096 0.039732 0.00509122 0.34175 0.157425 0.0418289 
0.0404257 0.0661464 0.0476842 0.0216324 0.00989432 0.529648 0.191896 0.0926732 
0.0476781 0.0139938 0.0416722 0.0579005 5.30891e-05 0.404529 0.295259 0.138914 
0.0430477 0.0822681 0.027418 0.0339871 0.00714841 0.473004 0.265305 0.0678219 
0.101044 0.195843 0.0214894 0.0424523 0.0236763 0.324942 0.235752 0.0548008 
0.0448611 0.349443 0.00827764 0.0334019 0.0143683 0.401378 0.111065 0.0372054 
0.0284941 0.0303714 0.0348195 0.0362578 0.000159208 0.535887 0.26544 0.0685715 
0.0200314 0.085833 0.026777 0.0302169 0.00371146 0.623159 0.169429 0.0408422 
0.0253642 0.0170296 0.106928 0.0285933 0.00320254 0.470753 0.195381 0.152748 
0.0122504 0.0735196 0.068101 0.00653152 0.000412267 0.634422 0.143344 0.061419 
0.0197766 0.317722 0.0224393 0.048223 0.00495565 0.468622 0.0932972 0.024964 
0.109289 0.0169021 0.0627502 0.0410512 0.000557057 0.372173 0.173188 0.224089 
0.0393113 0.0306455 0.00467785 0.0320323 0.00223496 0.635635 0.227238 0.028225 
0.00853579 0.0242903 0.0307396 0.0198438 0.000530097 0.568711 0.294755 0.052595 
0.0115599 0.0263094 0.00854011 0.10551 0.00221999 0.498498 0.295286 0.0520768 
0.0610722 0.141117 0.0460676 0.0239939 0.00704354 0.360514 0.302508 0.0576838 
0.0877622 0.0331565 0.0222336 0.0260037 0.00822913 0.539436 0.174659 0.108519 
0.0541936 0.0532961 0.0173362 0.234482 0.000175336 0.376694 0.188565 0.0752575 
0.012644 0.0659097 0.0458513 0.0205458 0.0371348 0.57659 0.155991 0.0853335 
0.0663388 0.104855 0.100781 0.0620613 0.0445603 0.440077 0.126129 0.0551978 
0.00893112 0.0406254 0.0512682 0.00744696 0.000315068 0.698523 0.126313 0.0665776 
0.00862157 0.00685248 0.0369221 0.0361299 0.000340626 0.635159 0.229168 0.0468064 
0.0796289 0.0251646 0.0120465 0.144965 0.0025304 0.543948 0.160766 0.0309505 
0.0412774 0.0593102 0.0456374 0.0859141 0.000948279 0.327821 0.240174 0.198918 
0.0552691 0.140418 0.00908656 0.0798619 0.00767109 0.381019 0.291971 0.0347036 
0.00893112 0.0406254 0.0512682 0.00744696 0.000315068 0.698523 0.126313 0.0665776 
0.0915964 0.0789958 0.0172568 0.0787471 0.0991834 0.416507 0.0930463 0.124667 
0.0104865 0.053754 0.0497885 0.0627714 0.0028315 0.606808 0.165845 0.0477152 
0.102089 0.0412843 0.0123962 0.0125233 0.00460637 0.514684 0.205111 0.107305 
0.0337534 0.0135435 0.0591647 0.0327989 0.00776358 0.607979 0.0543689 0.190628 
0.174467 0.010534 0.0105488 0.0846656 2.57846e-06 0.292061 0.202641 0.22508 
0.0670936 0.0467533 0.0252865 0.0440872 0.00891085 0.381149 0.335001 0.0917183 
0.0412774 0.0593102 0.0456374 0.0859141 0.000948279 0.327821 0.240174 0.198918 
0.0105195 0.00896616 0.0146399 0.00320503 1.31622e-05 0.584826 0.322979 0.0548511 
0.0321906 0.0283706 0.0394643 0.0477868 0.000723109 0.487561 0.17182 0.192083 
0.262235 0.0152108 0.0272675 0.105744 0.0016607 0.303033 0.203942 0.0809077 
0.132569 0.044041 0.0164335 0.102006 0.000484853 0.394182 0.230125 0.0801586 
0.0342165 0.0701053 0.04304 0.0493771 0.000380184 0.281399 0.26439 0.257092 
0.017209 0.0934062 0.00849301 0.0496074 0.0050703 0.371209 0.360664 0.0943411 
0.0549819 0.0388582 0.0407478 0.0302514 0.00565093 0.606214 0.172434 0.0508616 
0.0174513 0.08606 0.0787433 0.010285 0.00066209 0.634031 0.136413 0.0363535 
0.218075 0.018147 0.0204548 0.00992089 0.0163637 0.432527 0.236949 0.0475623 
0.0206667 0.0782669 0.0504693 0.0128273 0.0201515 0.530541 0.152051 0.135026 
0.0549819 0.0388582 0.0407478 0.0302514 0.00565093 0.606214 0.172434 0.0508616 
0.107413 0.0635736 0.0166979 0.0456244 0.00688075 0.503413 0.220293 0.0361038 
0.267293 0.0155679 0.0334512 0.0243932 0.00578046 0.316632 0.235223 0.10166 
0.0495324 0.042743 0.0308219 0.0355099 0.00311856 0.445376 0.312382 0.0805166 
0.0298062 0.0524102 0.0355797 0.0271484 0.0032111 0.488238 0.283542 0.0800636 
0.0663388 0.104855 0.100781 0.0620613 0.0445603 0.440077 0.126129 0.0551978 
0.278157 0.0648656 0.0088956 0.0495385 0.0237149 0.395152 0.138215 0.0414619 
0.00407055 0.054185 0.00997021 0.0239262 0.000483752 0.776661 0.116889 0.0138147 
0.0295279 0.0115142 0.0341 0.0290894 0.00386087 0.730521 0.0961197 0.0652667 
0.0151424 0.0288692 0.0405028 0.0503416 0.00154702 0.405905 0.368295 0.0893971 
0.00401629 0.00174695 0.0260857 0.0195593 1.77727e-05 0.650817 0.172964 0.124793 
0.00581341 0.000434813 0.00965305 0.0334681 1.88411e-05 0.441444 0.426823 0.0823446 
0.260469 0.139806 0.0454563 0.0199911 0.00297301 0.332358 0.0988257 0.10012 
0.0232536 0.0215646 0.0813739 0.0271128 0.000417429 0.491118 0.243807 0.111353 
0.0549819 0.0388582 0.0407478 0.0302514 0.00565093 0.606214 0.172434 0.0508616 
0.0324237 0.00310464 0.00419671 0.217006 7.47637e-05 0.546388 0.153026 0.0437794 
0.0964301 0.0117747 0.0137483 0.1047 0.0116205 0.370922 0.267235 0.123569 
0.0392021 0.0325509 0.233122 0.0997237 8.44687e-05 0.254847 0.138848 0.201622 
0.00880504 0.0179766 0.0607012 0.00832385 0.000365473 0.691315 0.0839582 0.128554 
0.0787503 0.0217178 0.0205751 0.0155179 0.000669278 0.638645 0.168215 0.0559096 
0.370246 0.128405 0.00440782 0.00951679 0.0180913 0.377193 0.0918496 0.000290341 
0.102239 0.142516 0.012596 0.0459424 0.017032 0.331445 0.291538 0.056691 
0.0572214 0.0457855 0.0347957 0.0538377 0.00719019 0.365502 0.333229 0.102438 
0.233469 0.0300772 0.000644361 0.00507284 0.000521191 0.578014 0.142954 0.00924729 
0.0299246 0.0650025 0.0311521 0.0160949 0.000460532 0.67345 0.136324 0.0475911 
0.0309236 0.0435331 0.0139071 0.085313 0.000972695 0.509664 0.258388 0.0572985 
0.0566606 0.0229726 0.0229862 0.0511929 0.00259909 0.676819 0.116221 0.0505478 
0.04225 0.0406597 0.027411 0.0602506 0.00575848 0.410418 0.316966 0.0962864 
0.0944981 0.125297 0.0275524 0.053526 0.00778279 0.316172 0.287923 0.0872481 
0.0201022 0.0763798 0.0282362 0.0243351 0.00132219 0.534592 0.260724 0.0543085 
0.0194445 0.0398344 0.0270599 0.018846 0.000445096 0.648476 0.211073 0.0348213 
0.0221272 0.0341055 0.0334717 0.0276293 0.000480347 0.401002 0.370621 0.110564 
0.0104345 0.00777227 0.0331269 0.00973198 0.000518953 0.803989 0.094665 0.0397614 
0.0495764 0.0285489 0.0660946 0.0718614 0.00109481 0.364376 0.206314 0.212135 
0.0549819 0.0388582 0.0407478 0.0302514 0.00565093 0.606214 0.172434 0.0508616 
0.0344671 0.0730678 0.0257354 0.0352269 0.000803516 0.471497 0.293816 0.065386 
0.016919 0.00951411 0.0196277 0.0150909 1.88594e-05 0.603635 0.127844 0.20735 
0.0776594 0.0962492 0.026697 0.0521488 0.0415558 0.420444 0.147213 0.138033 
0.0632745 0.106077 0.0265257 0.0145484 0.0702814 0.369081 0.333223 0.0169898 
0.0197443 0.0435744 0.121888 0.00982682 0.170776 0.390723 0.188481 0.0549867 
0.0260924 0.0448134 0.026958 0.0946702 0.000383428 0.409788 0.345754 0.0515402 
0.00732527 0.0179524 0.0764344 0.0140878 0.000548558 0.703119 0.0799958 0.100537 
0.00721257 0.0676069 0.0185426 0.0487382 0.000772149 0.648294 0.169641 0.039192 
0.101664 0.0738234 0.029955 0.0509011 0.00465863 0.347145 0.300015 0.091838 
0.0192447 0.192859 0.0206141 0.0146238 0.00128322 0.56894 0.138976 0.0434589 
0.068842 0.0181153 0.0860266 0.16987 0.00123904 0.391907 0.207868 0.0561322 
0.0104345 0.00777227 0.0331269 0.00973198 0.000518953 0.803989 0.094665 0.0397614 
0.200007 0.0166177 0.01026 0.00898759 9.09247e-05 0.470688 0.156746 0.136602 
0.0736639 0.0235814 0.0257059 0.0379058 0.00969028 0.347753 0.310885 0.170815 
0.00313935 0.00722241 0.0718478 0.115527 0.000966046 0.46449 0.166237 0.17057 
0.0126382 0.0154722 0.0437921 0.018532 0.0185655 0.645555 0.159234 0.0862107 
0.103246 0.0676553 0.00677275 0.0584543 0.00695271 0.504889 0.19503 0.0569992 
0.0470074 0.0811102 0.00581126 0.0466315 0.0106844 0.482142 0.303004 0.0236088 
0.146984 0.0682273 0.0173763 0.101142 0.0192839 0.31591 0.292721 0.0383548 
0.0179151 0.0572523 0.0327281 0.0327933 0.00056077 0.666509 0.130883 0.0613585 
0.00508709 0.0113436 0.0461097 0.00487176 1.36414e-05 0.743047 0.0677446 0.121783 
0.0525284 0.0331205 0.0137002 0.026757 0.00399708 0.459615 0.330504 0.0797781 
0.0227532 0.0268511 0.0686948 0.0303693 0.000793614 0.465072 0.278505 0.106961 
0.0143425 0.0156805 0.0372704 0.0307206 0.00233545 0.698345 0.130311 0.0709954 
0.254656 0.126338 0.0274097 0.0207134 0.0296153 0.317639 0.179428 0.0441992 
0.0403241 0.0802119 0.02425 0.0393432 0.00208361 0.457518 0.270593 0.0856767 
0.0160341 0.0114248 0.0242883 0.0670254 3.05177e-05 0.504748 0.163787 0.212662 
0.0179384 0.0604521 0.0265413 0.0109599 0.000433066 0.502991 0.317241 0.0634436 
0.00893112 0.0406254 0.0512682 0.00744696 0.000315068 0.698523 0.126313 0.0665776 
0.0389111 0.0121901 0.0125694 0.0383924 0.000550648 0.498984 0.323613 0.0747894 
0.0151424 0.0288692 0.0405028 0.0503416 0.00154702 0.405905 0.368295 0.0893971 
0.126383 0.333565 0.0402028 0.0131051 0.0169471 0.370161 0.0654496 0.0341859 
0.0324808 0.0239962 0.0703092 0.0323596 0.00335871 0.401682 0.221905 0.213909 
0.0331561 0.116286 0.0290916 0.126954 0.0126109 0.316478 0.292214 0.0732095 
0.0681623 0.224186 0.0199097 0.0277999 0.000868733 0.397773 0.173455 0.0878446 
0.0233295 0.0399019 0.0161235 0.218221 0.0004096 0.330861 0.320228 0.0509254 
0.0549819 0.0388582 0.0407478 0.0302514 0.00565093 0.606214 0.172434 0.0508616 
0.0217842 0.0587259 0.0735011 0.0240638 0.000361311 0.613787 0.146855 0.060922 
0.0210366 0.119509 0.0404716 0.0137597 4.4944e-05 0.566712 0.201387 0.0370789 
0.0123024 0.0220134 0.108373 0.0398384 0.000729786 0.620955 0.120754 0.0750341 
0.0549819 0.0388582 0.0407478 0.0302514 0.00565093 0.606214 0.172434 0.0508616 
0.0288965 0.0209568 0.0427505 0.112337 0.00848853 0.371786 0.248983 0.165801 
0.00313935 0.00722241 0.0718478 0.115527 0.000966046 0.46449 0.166237 0.17057 
0.0158017 0.0237101 0.0108604 0.00800839 9.56649e-05 0.847617 0.0640063 0.0299004 
0.0067203 0.00644094 0.019053 0.0921407 0.000740645 0.441279 0.336644 0.096981 
0.0865607 0.236415 0.0246903 0.113484 0.00686734 0.31898 0.140197 0.0728057 
0.0823781 0.0472304 0.0226746 0.0141579 0.0127821 0.548119 0.217989 0.0546694 
0.0430885 0.00544833 0.0710172 0.00194199 9.74098e-06 0.432292 0.024628 0.421574 
0.0765749 0.187683 0.0317966 0.0297216 0.0264879 0.371736 0.223621 0.0523788 
0.0384962 0.00977347 0.0256055 0.235523 0.0012721 0.404194 0.23532 0.0498157 
0.101899 0.0768712 0.0701919 0.0990075 0.0303825 0.411896 0.143578 0.0661743 
0.0522828 0.0446385 0.0380078 0.0403681 0.00550952 0.541071 0.194423 0.083699 
0.0572566 0.0502298 0.0304995 0.0365698 0.0057037 0.389888 0.351259 0.0785937 
0.0217842 0.0587259 0.0735011 0.0240638 0.000361311 0.613787 0.146855 0.060922 
0.0685861 0.209043 0.0318635 0.063888 3.63731e-05 0.394609 0.101056 0.130918 
0.141716 0.0387422 0.00831668 0.301039 0.00064384 0.310099 0.141909 0.0575344 
0.107413 0.0635736 0.0166979 0.0456244 0.00688075 0.503413 0.220293 0.0361038 
0.0173528 0.0428036 0.0335757 0.0176751 0.00208051 0.685929 0.165338 0.0352454 
0.219194 0.00906484 0.0236917 0.0466974 0.00352555 0.565284 0.101685 0.0308578 
0.0166712 0.0409803 0.0245018 0.0261171 0.000854991 0.489683 0.318994 0.0821978 
0.0268514 0.0260135 0.217996 0.017948 0.000986479 0.380602 0.0902784 0.239325 
0.064115 0.108641 0.0118382 0.0559305 0.0206498 0.336857 0.316717 0.0852516 
0.0984055 0.0379767 0.0390842 0.121719 0.00217334 0.326991 0.243875 0.129776 
0.0333066 0.0225487 0.0422983 0.0222585 0.0121437 0.499205 0.307045 0.061194 
0.00462525 0.0060017 0.0301568 0.00578637 1.54784e-05 0.829554 0.0877566 0.0361035 
0.120506 0.0212373 0.0233635 0.0166079 0.00656378 0.380025 0.356839 0.0748577 
0.0549819 0.0388582 0.0407478 0.0302514 0.00565093 0.606214 0.172434 0.0508616 
0.0167087 0.0320252 0.0151198 0.0377401 0.00192103 0.536018 0.259071 0.101395 
0.0539005 0.0328055 0.0105573 0.0497269 0.000308472 0.551204 0.285019 0.016479 
0.0549819 0.0388582 0.0407478 0.0302514 0.00565093 0.606214 0.172434 0.0508616 
0.189295 0.151114 0.00663825 0.101851 0.0341464 0.250103 0.230486 0.0363672 
0.140168 0.0125247 0.00078565 0.0344478 0.000264555 0.493392 0.221643 0.096774 
0.0246765 0.0399868 0.0347146 0.0208437 0.0117836 0.571379 0.251204 0.0454113 
0.0238254 0.164025 0.042892 0.0227602 0.00115944 0.433651 0.249056 0.0626304 
0.234324 0.0259654 0.000781552 0.0344074 0.000261827 0.400031 0.197071 0.107158 
0.0199099 0.0333323 0.0141575 0.0331725 0.0014581 0.486905 0.375011 0.0360535 
0.256117 0.00341354 0.0021288 0.00257792 0.00171614 0.57731 0.139894 0.0168422 
0.0308186 0.0482303 0.0270744 0.0649693 0.00341248 0.381063 0.199161 0.245271 
0.0237399 0.0573603 0.0398518 0.0210988 0.000613835 0.716057 0.113665 0.0276133 
0.00853579 0.0242903 0.0307396 0.0198438 0.000530097 0.568711 0.294755 0.052595 
0.144078 0.0220867 0.0271363 0.0328601 0.00221261 0.619464 0.123108 0.0290544 
0.137869 0.0816554 0.0283473 0.0557146 0.0102196 0.333646 0.277497 0.0750509 
0.0291217 0.0292516 0.0153234 0.0262438 6.09872e-05 0.503313 0.203067 0.193618 
0.0354626 0.0398165 0.0123506 0.0309555 0.0372513 0.512236 0.138373 0.193555 
0.0549819 0.0388582 0.0407478 0.0302514 0.00565093 0.606214 0.172434 0.0508616 
0.0144035 0.0045388 0.0546829 0.0790798 0.000743863 0.432635 0.209738 0.204178 
0.0125788 0.00405194 0.0186126 0.0501131 0.00349711 0.556112 0.28193 0.0731039 
0.0397864 0.0182244 0.0460706 0.0382892 0.000528201 0.537524 0.23261 0.0869669 
0.00951884 0.00445761 0.0249352 0.0430822 0.000367906 0.60395 0.264763 0.0489254 
0.0753027 0.033305 0.0762327 0.0907446 0.00446266 0.33313 0.172959 0.213863 
0.0877536 0.310921 0.0317297 0.0634774 0.00875692 0.313648 0.117868 0.0658458 
0.00893112 0.0406254 0.0512682 0.00744696 0.000315068 0.698523 0.126313 0.0665776 
0.0565009 0.0240536 0.0140632 0.0904678 0.0203015 0.494928 0.22026 0.0794251 
0.190511 0.0320871 0.0575101 0.0167972 0.0414252 0.337169 0.282736 0.0417643 
0.00508709 0.0113436 0.0461097 0.00487176 1.36414e-05 0.743047 0.0677446 0.121783 
0.0738154 0.0522449 0.0244207 0.0699476 0.00258946 0.406255 0.303197 0.0675299 
0.0115599 0.0263094 0.00854011 0.10551 0.00221999 0.498498 0.295286 0.0520768 
0.0204399 0.00935339 0.0303495 0.0149256 0.000187741 0.429333 0.42501 0.0704011 
0.0104937 0.02645 0.0235322 0.0201512 5.13065e-05 0.527658 0.306944 0.0847199 
0.0268345 0.14338 0.0121886 0.0291076 0.0197938 0.511315 0.191969 0.0654126 
0.155277 0.0473353 0.00930329 0.163064 0.079158 0.363211 0.145113 0.0375392 
0.0124467 0.050573 0.0220396 0.0155212 0.00133141 0.696368 0.152019 0.0497005 
0.100508 0.0313828 0.0495625 0.0509532 0.00137975 0.327659 0.281634 0.156921 
0.0605478 0.056266 0.0353432 0.0602176 0.0174846 0.373271 0.315865 0.0810049 
0.18543 0.0683168 0.0370851 0.0793898 0.0163444 0.386629 0.146625 0.0801793 
0.104087 0.015668 0.0120614 0.00812662 0.000782376 0.58163 0.198378 0.0792666 
0.0347456 0.0222201 0.077894 0.0128652 0.000119441 0.574656 0.179023 0.0984766 
0.0315176 0.0176219 0.0150191 0.0146376 0.00276802 0.507169 0.303752 0.107514 
0.183445 0.0459507 0.0128011 0.0174949 0.00855703 0.393616 0.298444 0.039691 
0.0549819 0.0388582 0.0407478 0.0302514 0.00565093 0.606214 0.172434 0.0508616 
0.0248512 0.052651 0.047847 0.0522701 0.000189415 0.540629 0.21728 0.0642819 
0.0597939 0.133387 0.0241998 0.0253207 0.00622867 0.372536 0.284485 0.0940481 
0.0441649 0.0294618 0.0629203 0.0452382 0.00591984 0.403436 0.264314 0.144545 
0.0317981 0.186221 0.01056 0.0782094 0.000831782 0.341428 0.256166 0.0947863 
0.0787503 0.0217178 0.0205751 0.0155179 0.000669278 0.638645 0.168215 0.0559096 
0.0190153 0.0200144 0.0576653 0.0158848 0.00106852 0.368948 0.34487 0.172534 
0.0839821 0.0517755 0.0355987 0.0274749 0.00855209 0.513189 0.220075 0.0593535 
0.0308132 0.138937 0.129606 0.0145384 0.00356895 0.568077 0.0688764 0.0455828 
0.146674 0.0134872 0.0384675 0.0303755 0.0489784 0.358976 0.251906 0.111136 
0.0650102 0.0333965 0.0452606 0.104263 0.0015913 0.395375 0.23725 0.117854 
0.00515021 0.0134825 0.0584936 0.00818033 3.33351e-05 0.733903 0.0704048 0.110352 
0.0160783 0.0622534 0.0315395 0.00794295 0.01067 0.601149 0.137268 0.133099 
0.0841396 0.0319719 0.0128352 0.0327914 0.000913528 0.524832 0.207235 0.105281 
0.0159057 0.0209289 0.0108533 0.0671756 0.00316964 0.444723 0.273047 0.164197 
0.157186 0.0435545 0.0276186 0.0119129 0.000951496 0.605586 0.127739 0.0254514 
0.0354016 0.0282441 0.0380106 0.108789 0.00337089 0.507551 0.160381 0.118252 
0.11652 0.118434 0.0240838 0.0778045 0.00447015 0.3172 0.207253 0.134234 
0.0333971 0.0140081 0.0116884 0.0241414 0.000106529 0.638711 0.149758 0.128189 
0.15997 0.179337 0.024202 0.104012 0.0117259 0.232444 0.227558 0.0607497 
0.144855 0.0427759 0.0164986 0.0209883 0.00237981 0.470275 0.26324 0.0389869 
0.0549819 0.0388582 0.0407478 0.0302514 0.00565093 0.606214 0.172434 0.0508616 
0.0207422 0.242021 0.0184418 0.0204581 0.0013508 0.471877 0.184266 0.0408436 
0.0131463 0.0127816 0.0320173 0.0581813 0.0159553 0.532754 0.205251 0.129913 
0.0685772 0.0348163 0.0713521 0.0128703 2.78345e-05 0.562155 0.121746 0.128456 
0.0326206 0.31839 0.0274637 0.013543 0.00496093 0.450348 0.108649 0.0440243 
0.073659 0.167182 0.0288844 0.0722529 0.0111443 0.296559 0.290222 0.0600962 
0.00757675 0.00875385 0.0184799 0.00423771 1.36076e-05 0.846489 0.0940304 0.0204193 
0.0618369 0.241727 0.016982 0.0502239 0.0375042 0.346963 0.207917 0.0368457 
0.0422994 0.0285017 0.0316792 0.0386371 0.00436307 0.452404 0.334921 0.0671948 
0.108011 0.117963 0.00911703 0.0210151 0.0749242 0.386771 0.17241 0.109788 
0.0524995 0.0364173 0.0191098 0.0239982 0.00283989 0.632765 0.211173 0.0211977 
0.0766639 0.145323 0.0237126 0.0450679 0.0097036 0.433182 0.184344 0.0820023 
0.071381 0.126266 0.0602344 0.0362981 0.00513422 0.409799 0.201858 0.0890298 
0.00732527 0.0179524 0.0764344 0.0140878 0.000548558 0.703119 0.0799958 0.100537 
0.075314 0.0257036 0.0418694 0.174133 9.21386e-05 0.321864 0.182125 0.178898 
0.178078 0.0221095 0.0214428 0.102393 0.0186842 0.414646 0.141734 0.100911 
0.158436 0.171648 0.0749216 0.103536 0.000231844 0.285494 0.147945 0.0577878 
0.110964 0.0465704 0.0134241 0.294267 0.00302995 0.329892 0.149568 0.0522849 
0.0126498 0.110885 0.046449 0.055444 0.00100046 0.414098 0.288611 0.070862 
0.048173 0.0131355 0.0235913 0.0416952 0.00243868 0.583888 0.222767 0.0643106 
0.0681623 0.224186 0.0199097 0.0277999 0.000868733 0.397773 0.173455 0.0878446 
