0.0598701 0.0792006 0.00904352 0.261693 0.0013722 0.0915024 0.36178 0.135538 
0.0867465 0.0528387 0.045222 0.117343 0.00515716 0.225792 0.404606 0.0622953 
0.0174431 0.0248305 0.00820967 0.0562341 4.59275e-05 0.330826 0.416176 0.146235 
0.0368534 0.149342 0.0247687 0.104839 0.00761704 0.188347 0.394803 0.0934299 
0.047205 0.0873607 0.0150284 0.138774 0.0038797 0.187053 0.409941 0.110758 
0.0523919 0.0231538 0.038603 0.0802726 0.0014553 0.254692 0.452628 0.0968034 
0.146604 0.0539371 0.0219499 0.0328582 0.0108626 0.190836 0.481585 0.0613683 
0.106711 0.0434549 0.0238913 0.0513784 0.00628354 0.171823 0.511486 0.0849718 
0.0940473 0.190843 0.00650155 0.169147 0.0154695 0.0823042 0.388272 0.0534153 
0.023373 0.00806235 0.0205317 0.0633198 4.15458e-05 0.315911 0.498737 0.0700235 
0.0433895 0.0782173 0.0329344 0.0698937 0.000485759 0.178216 0.397693 0.199171 
0.0760103 0.12566 0.0124085 0.0604846 0.0854571 0.21701 0.351778 0.0711924 
0.0247816 0.0442083 0.0331195 0.0926571 0.00104079 0.232739 0.485514 0.0859397 
0.0643117 0.0123347 0.0108507 0.138024 0.000739849 0.247077 0.471745 0.054917 
0.0223958 0.0105169 0.0261434 0.109998 0.000787593 0.112187 0.562129 0.155842 
0.0348825 0.00105775 0.0528384 0.0277304 0.000963544 0.175037 0.608393 0.0990976 
0.0479639 0.00239665 0.00614692 0.09896 0.000447998 0.343482 0.451801 0.048801 
0.0561048 0.222611 0.0489519 0.0457118 0.00894422 0.241704 0.296706 0.0792656 
0.0324474 0.100587 0.0408514 0.161078 0.00827259 0.208546 0.37275 0.0754669 
0.0232012 0.0247891 0.010686 0.0426156 0.00192208 0.230742 0.619133 0.046911 
0.0171422 0.0207289 0.0872092 0.0411857 0.000707572 0.218436 0.481202 0.133389 
0.0789515 0.0383333 0.0446873 0.0824947 0.0059587 0.215364 0.403577 0.130634 
0.22688 0.15439 0.021988 0.0826034 0.0126643 0.106147 0.323602 0.0717255 
0.0261818 0.0285161 0.0224739 0.0627004 0.00607498 0.099322 0.684587 0.0701439 
0.0588142 0.00600221 0.0293907 0.28593 0.0420225 0.151811 0.302661 0.123369 
0.0202235 0.0307091 0.0265305 0.0746983 0.00127501 0.31989 0.455869 0.070804 
0.0139983 0.0241494 0.020191 0.0453107 0.000730053 0.191489 0.593918 0.110213 
0.169158 0.0432398 0.00850187 0.0720072 0.0147008 0.181675 0.465651 0.0450664 
0.0660561 0.021314 0.0215453 0.0283067 3.20821e-05 0.233846 0.456063 0.172836 
0.0487805 0.0562347 0.00491232 0.146799 0.0226571 0.136993 0.489648 0.0939751 
0.0305855 0.0123007 0.0174173 0.331886 0.00159295 0.0594401 0.390282 0.156496 
0.0664139 0.0646233 0.0438292 0.0881317 0.0053429 0.196312 0.376426 0.158921 
0.00761537 0.0102379 0.00692435 0.390023 0.000554249 0.0489241 0.506831 0.0288905 
0.0736771 0.0807076 0.030727 0.131178 0.00376782 0.191491 0.330755 0.157697 
0.213578 0.0657582 0.0217452 0.112623 0.00509911 0.122893 0.384252 0.0740507 
0.028106 0.0143372 0.0403811 0.0653175 0.000154025 0.136272 0.382902 0.33253 
0.0581305 0.00286931 0.0486584 0.0189688 0.00378485 0.290961 0.387213 0.189413 
0.203146 0.213089 0.0674789 0.0792772 0.00688945 0.101796 0.248096 0.0802281 
0.0897511 0.119989 0.0247945 0.244374 0.00173179 0.21571 0.255511 0.0481387 
0.101885 0.0201667 0.00668584 0.0413613 0.00295727 0.104871 0.69444 0.0276329 
0.05356 0.0674643 0.0212538 0.330688 0.00566701 0.114398 0.343246 0.0637233 
0.0277069 0.00530651 0.0490187 0.276521 0.000946449 0.0590741 0.331303 0.250123 
0.0646408 0.05871 0.0234749 0.299229 0.00336839 0.102089 0.352269 0.0962184 
0.142801 0.192094 0.0330423 0.172138 0.011997 0.112803 0.230405 0.104721 
0.0373682 0.0170047 0.019791 0.223481 0.00835736 0.173729 0.435988 0.0842815 
0.0508996 0.0952793 0.0345478 0.0186045 0.00653847 0.349863 0.381654 0.0626131 
0.0783302 0.126876 0.0442327 0.0585187 0.025226 0.26544 0.341122 0.0602546 
0.0492269 0.0476702 0.0239123 0.0814104 0.0175907 0.311606 0.420417 0.0481672 
0.127139 0.286417 0.00379213 0.0336699 1.89562e-05 0.0755318 0.4478 0.0256317 
0.095326 0.0327666 0.0406234 0.0680163 0.0041488 0.218981 0.493566 0.0465722 
0.0057965 0.00647139 0.0584739 0.0283461 0.000126373 0.30651 0.511972 0.0823039 
0.112855 0.107116 0.0243165 0.0635005 0.00017515 0.262333 0.306144 0.12356 
0.0543445 0.233718 0.0531539 0.0822451 0.00516963 0.243614 0.257599 0.0701563 
0.269228 0.0926371 0.0359414 0.117755 0.009059 0.0284007 0.409875 0.0371037 
0.0106541 0.0781077 0.0265155 0.277394 0.00281574 0.113344 0.435745 0.0554244 
0.037342 0.0283862 0.0485598 0.146564 0.00312642 0.211257 0.445391 0.0793732 
0.0331956 0.0291411 0.0191105 0.0509068 0.00670288 0.223035 0.56803 0.0698791 
0.0946568 0.0570095 0.021596 0.096689 0.00864287 0.038784 0.671419 0.0112025 
0.0989028 0.0469838 0.0112229 0.058829 0.00529506 0.131303 0.583896 0.0635671 
0.0764424 0.0999265 0.109807 0.166181 0.0109206 0.0503891 0.404981 0.0813517 
0.0524377 0.0680048 0.0159358 0.082685 0.00834858 0.181513 0.539561 0.0515138 
0.344313 0.105041 0.00503155 0.0566827 0.0472555 0.0510979 0.350096 0.0404826 
0.038331 0.023973 0.0156517 0.140522 4.22976e-05 0.355709 0.364491 0.0612801 
0.0218149 0.100198 0.0089076 0.241134 0.00742749 0.0454095 0.413072 0.162036 
0.0164859 0.0580705 0.0164883 0.315976 0.000170127 0.0819102 0.47734 0.0335588 
0.0124731 0.0284181 0.0433531 0.287369 0.0068498 0.0795139 0.501928 0.0400946 
0.0641472 0.0320674 0.064223 0.080352 0.00299366 0.0705779 0.619671 0.0659677 
0.0867465 0.0528387 0.045222 0.117343 0.00515716 0.225792 0.404606 0.0622953 
0.0444969 0.086522 0.0219106 0.0613478 0.00278163 0.331792 0.385921 0.0652282 
0.0811106 0.100995 0.0259454 0.106991 0.00797308 0.126475 0.308188 0.242322 
0.0500035 0.196732 0.0164408 0.144004 0.0140815 0.0331729 0.522569 0.0229965 
0.0501793 0.0825205 0.0401817 0.0658773 0.00900019 0.142147 0.503216 0.106878 
0.135763 0.0459549 0.0367225 0.119604 0.0101809 0.243542 0.305468 0.102765 
0.0474391 0.0177972 0.00901097 0.282826 0.000756969 0.147291 0.408558 0.0863215 
0.0940562 0.0315529 0.036973 0.179404 0.0142995 0.122087 0.328313 0.193314 
0.0630336 0.013051 0.0270629 0.25801 0.000391789 0.0966357 0.459368 0.0824476 
0.0313003 0.0132518 0.0265495 0.134815 0.00572205 0.0822979 0.56309 0.142973 
0.00529564 0.00946981 0.0130863 0.168657 0.000215731 0.189188 0.309326 0.304762 
0.0903529 0.235157 0.00678271 0.139887 0.000310289 0.0512086 0.274538 0.201763 
0.0336071 0.0137654 0.0351237 0.288393 0.00159399 0.106391 0.381847 0.13928 
0.0332807 0.015859 0.0215974 0.111557 0.00632877 0.0861273 0.648891 0.0763592 
0.141823 0.0887075 0.0340223 0.0469625 0.00813718 0.255798 0.356537 0.0680119 
0.0589274 0.110438 0.0326381 0.25409 0.0136939 0.0913272 0.349274 0.0896118 
0.11896 0.0196179 0.0168193 0.0598536 0.00172658 0.0738835 0.661829 0.0473107 
0.0804064 0.0478839 0.0219776 0.065052 0.0108245 0.089257 0.355244 0.329355 
0.035217 0.0511723 0.0173584 0.352798 0.00268198 0.080436 0.35688 0.103456 
0.0406008 0.0451327 0.0273397 0.0814867 0.00103078 0.209378 0.559973 0.0350585 
0.0183831 0.0103782 0.0152162 0.26829 0.000349882 0.0647636 0.397644 0.224975 
0.124884 0.197821 0.00174993 0.0235204 0.0217041 0.267882 0.33259 0.029849 
0.0423504 0.0213195 0.0236882 0.0368633 3.7332e-05 0.239878 0.557293 0.0785701 
0.00586821 0.00523448 0.0304757 0.0753244 0.000788762 0.0844994 0.684792 0.113017 
0.0255593 0.018721 0.017503 0.142954 0.000779027 0.0826505 0.626884 0.0849489 
0.178174 0.16122 0.122962 0.0720652 0.000597583 0.116485 0.191538 0.156958 
0.0264144 0.0313736 0.0181325 0.128867 0.00220783 0.123316 0.586518 0.0831706 
0.0478798 0.0142613 0.0260071 0.106856 0.00107072 0.179458 0.325964 0.298504 
0.0235549 0.103789 0.0144844 0.078017 0.00244355 0.279816 0.431131 0.0667634 
0.096733 0.0526445 0.0319383 0.0298514 0.00227974 0.344899 0.366708 0.0749455 
0.0213718 0.0459196 0.01967 0.0605307 0.00220635 0.125385 0.584885 0.140032 
0.119413 0.045701 0.0258472 0.0695037 0.00785255 0.156704 0.460291 0.114688 
0.0499648 0.01915 0.021181 0.116438 0.00798129 0.160522 0.517876 0.106887 
0.058394 0.153853 0.0148547 0.211019 0.0131795 0.088401 0.39482 0.0654785 
0.0699706 0.0426921 0.0432402 0.0794033 0.00774588 0.325846 0.331725 0.0993769 
0.0448356 0.0350266 0.0158407 0.0112514 0.0453838 0.285228 0.443094 0.11934 
0.090877 0.0601111 0.0302713 0.0881499 0.0157561 0.227007 0.359336 0.128492 
0.064304 0.0194068 0.0194218 0.261203 0.00476544 0.102346 0.299924 0.228628 
0.0730704 0.0983472 0.0131936 0.152794 0.00503851 0.0348043 0.594517 0.0282343 
0.0267922 0.0193733 0.0214368 0.195032 0.00287659 0.0660421 0.608065 0.0603827 
0.0364873 0.0419935 0.0232069 0.0566935 0.00106525 0.0398671 0.726316 0.0743706 
0.0378631 0.027189 0.0255254 0.149981 0.000836455 0.143003 0.540977 0.0746248 
0.114707 0.0480463 0.0266625 0.0666503 0.00947429 0.124354 0.501924 0.108182 
0.0189135 0.0177317 0.0178737 0.215246 0.00541985 0.0815837 0.578964 0.0642671 
0.0139647 0.00531951 0.0253424 0.127608 0.000513514 0.0785479 0.673897 0.0748074 
0.12193 0.0414217 0.0545458 0.0932341 0.00389103 0.264834 0.298451 0.121692 
0.0195953 0.0272881 0.0618641 0.0639929 0.00111091 0.144661 0.569372 0.112115 
0.0102919 0.00440455 0.0291262 0.10542 0.000416114 0.0254502 0.805197 0.0196949 
0.264868 0.030042 0.0847527 0.0531161 0.000109895 0.102224 0.358339 0.106548 
0.160266 0.0156072 0.0627186 0.098037 0.000185275 0.261354 0.307865 0.0939669 
0.108862 0.0197285 0.00265324 0.0425267 4.33954e-05 0.260005 0.515755 0.0504254 
0.0254908 0.00706501 0.0352477 0.0895755 8.38809e-05 0.159819 0.512959 0.169759 
0.108597 0.0481638 0.0439702 0.0834405 0.00768493 0.154224 0.480371 0.0735482 
0.0674974 0.0255281 0.0166691 0.238726 0.00458372 0.1686 0.419681 0.0587141 
0.0372433 0.0166903 0.0196232 0.0757606 0.00210822 0.110652 0.687617 0.0503047 
0.109978 0.0349863 0.0281367 0.186252 0.00810701 0.0945766 0.401977 0.135986 
0.247097 0.0665116 0.0239287 0.0261402 0.00968152 0.12468 0.4345 0.0674612 
0.00783205 0.0129569 0.00764315 0.172803 0.00152271 0.0999574 0.582366 0.114919 
0.103709 0.277895 0.00844987 0.0519428 0.00614072 0.0549144 0.465574 0.0313742 
0.0596614 0.0554414 0.0193752 0.0423044 0.00389299 0.224281 0.517463 0.0775806 
0.119595 0.026247 0.0161324 0.0141664 0.000418329 0.331304 0.34884 0.143297 
0.0726762 0.13149 0.0995624 0.0357515 0.0081508 0.215578 0.311231 0.12556 
0.190163 0.103969 0.0115144 0.031757 0.0117916 0.201175 0.423869 0.0257611 
0.0189656 0.0236998 0.0179044 0.131361 0.00278197 0.0843117 0.662088 0.0588873 
0.0400884 0.0182214 0.0141675 0.0660938 0.00501443 0.0982884 0.705986 0.0521397 
0.232896 0.0199792 0.0518781 0.0392409 0.00168079 0.239234 0.25125 0.163841 
0.127179 0.0405707 0.0396272 0.0490455 0.00462066 0.237757 0.429883 0.0713173 
0.0446489 0.0436218 0.0503181 0.14113 0.00362144 0.233861 0.301414 0.181385 
0.0390495 0.0215869 0.0381112 0.0741995 0.00529026 0.196155 0.503103 0.122504 
0.0518232 0.0233753 0.0320481 0.0436726 0.00404291 0.0939468 0.707995 0.043096 
0.203146 0.213089 0.0674789 0.0792772 0.00688945 0.101796 0.248096 0.0802281 
0.149217 0.147601 0.00679246 0.0266906 0.0633642 0.171166 0.40412 0.0310491 
0.175569 0.109233 0.0619756 0.0212227 2.69524e-05 0.142382 0.375288 0.114303 
0.00670786 0.00669497 0.0168588 0.425265 0.000786452 0.0511906 0.433619 0.0588767 
0.0769433 0.0578052 0.0127722 0.0427076 0.00499209 0.269774 0.440468 0.094537 
0.0406027 0.010481 0.023085 0.0258836 0.000590265 0.394695 0.414667 0.0899958 
0.0148188 0.0514973 0.035534 0.0725559 0.000354521 0.150263 0.587335 0.0876422 
0.0259529 0.0685019 0.0202678 0.319255 0.00191391 0.0796942 0.325768 0.158646 
0.0661395 0.016369 0.0129561 0.286049 0.00294829 0.103969 0.389323 0.122246 
0.00834053 0.0291075 0.00254551 0.176705 0.000329976 0.175016 0.583495 0.0244617 
0.0974997 0.0866753 0.0349595 0.0838278 0.0375456 0.121293 0.489985 0.0482141 
0.123164 0.103312 0.0167196 0.198686 0.00688854 0.0408262 0.462279 0.048125 
0.0398265 0.145989 0.0284479 0.0778102 0.00248149 0.16973 0.435912 0.0998033 
0.0400972 0.0371841 0.013522 0.1606 0.000384521 0.163158 0.525155 0.0599001 
0.127572 0.217333 0.0111139 0.20378 0.0721539 0.0800917 0.261435 0.02652 
0.0182014 0.0201416 0.0301753 0.152851 0.101887 0.154919 0.417841 0.103983 
0.0207141 0.0331866 0.0268118 0.0419822 3.82983e-05 0.221251 0.578737 0.0772789 
0.0885232 0.0205599 0.0142055 0.0585769 0.00401501 0.203757 0.315707 0.294655 
0.0113439 0.00416731 0.0433041 0.123213 0.0163274 0.0931321 0.531275 0.177236 
0.0971264 0.065093 0.0236754 0.0356057 0.00185585 0.126445 0.580846 0.069352 
0.0665948 0.133604 0.0342339 0.103167 0.052506 0.185205 0.353273 0.0714172 
0.123869 0.04218 0.0347505 0.0469773 0.0025433 0.177366 0.484492 0.0878216 
0.00063956 0.028724 0.00682945 0.446087 3.76906e-05 0.00715247 0.456574 0.0539561 
0.0508371 0.0406135 0.0348007 0.24854 0.00852408 0.0901836 0.461396 0.0651048 
0.0134757 0.0762446 0.0276461 0.151069 0.00162238 0.119334 0.493248 0.11736 
0.0515954 0.0256494 0.0861795 0.11126 0.00114153 0.158404 0.283919 0.281852 
0.120764 0.0264226 0.0275208 0.0862624 0.00666044 0.174103 0.455815 0.102452 
0.104876 0.0336278 0.00991953 0.149042 0.00455811 0.17229 0.426415 0.0992717 
0.0200872 0.0124362 0.0156619 0.263439 0.138592 0.0940969 0.40536 0.0503264 
0.08455 0.000638302 0.0316628 0.0514428 0.000788955 0.228295 0.5031 0.0995221 
0.0578566 0.0386462 0.0208627 0.027896 0.0137561 0.35854 0.379911 0.102531 
0.0288524 0.00757663 0.0740135 0.24022 0.000421086 0.197386 0.364744 0.0867867 
0.256464 0.144742 0.0183036 0.0906808 0.0146781 0.0549266 0.394673 0.0255317 
0.0749426 0.280522 0.0071209 0.0618768 0.0254862 0.150025 0.355762 0.0442637 
0.112231 0.0638654 0.00525257 0.0697821 8.74518e-05 0.294251 0.307971 0.146559 
0.021975 0.0255369 0.045963 0.0236643 0.00215946 0.265034 0.530591 0.0850763 
0.124011 0.0123556 0.0500039 0.0682343 0.00151498 0.143086 0.486891 0.113904 
0.0619145 0.0438121 0.0298016 0.102444 0.00930276 0.124657 0.547987 0.0800809 
0.0462042 0.0771946 0.0953832 0.0660181 0.0149144 0.298679 0.324671 0.0769356 
0.0429979 0.0660112 0.0296111 0.0821 0.0107557 0.0923236 0.572534 0.103667 
0.0324611 0.0355205 0.0380263 0.0501429 0.00367679 0.0810761 0.690253 0.0688436 
0.00150155 0.00169573 0.080559 0.279194 2.55333e-05 0.0158072 0.353469 0.267748 
0.0506473 0.0221011 0.0723099 0.129645 0.00180238 0.100529 0.373604 0.249361 
0.0232765 0.0154306 0.0265146 0.149581 0.00250867 0.0316334 0.675321 0.0757344 
0.22177 0.0265011 0.0160369 0.0452774 0.000532499 0.233491 0.294147 0.162244 
0.0427136 0.160892 0.10301 0.0525122 0.0134159 0.251462 0.284294 0.0917008 
0.108376 0.133837 0.0183914 0.0882832 0.010862 0.269206 0.347992 0.023053 
0.0358879 0.0120527 0.0164687 0.377052 0.000120513 0.0234964 0.512753 0.0221682 
0.134983 0.068894 0.0258877 0.122229 0.0276461 0.0152215 0.573144 0.0319945 
0.045676 0.0317861 0.0254777 0.102779 0.00429625 0.179752 0.536058 0.0741754 
0.0848356 0.0511033 0.0551136 0.152744 0.00279277 0.144389 0.419545 0.0894762 
0.115464 0.0579587 0.0585618 0.126636 0.0107455 0.129819 0.419172 0.0816428 
0.0884985 0.166667 0.00538936 0.170236 0.0357928 0.134514 0.339886 0.0590163 
0.0529803 0.0403346 0.013046 0.162697 0.00263811 0.0903328 0.608269 0.0297022 
0.168271 0.0232256 0.0141125 0.0868664 0.00595268 0.0818787 0.571096 0.0485977 
0.180351 0.0233289 0.00854749 0.128244 0.0092043 0.161453 0.406797 0.0820749 
0.0404273 0.0116287 0.0145882 0.227403 0.0171719 0.047195 0.461757 0.179829 
0.0154723 0.0351002 0.0328817 0.142213 0.00623514 0.0516669 0.662337 0.0540933 
0.0390252 0.0243823 0.0174481 0.142477 0.00358511 0.0896599 0.617195 0.0662272 
0.0862654 0.100343 0.013131 0.0490916 0.00621894 0.317982 0.379622 0.047346 
0.201658 0.0465005 0.0373533 0.0626158 0.00951139 0.189073 0.362238 0.0910501 
0.0707822 0.0195262 0.0260726 0.0395383 0.00491234 0.264707 0.481037 0.0934247 
0.106493 0.0419753 0.0200685 0.0510668 0.00155716 0.326493 0.375307 0.0770396 
0.120912 0.0690805 0.0426848 0.0720103 0.00106866 0.242823 0.382332 0.069088 
0.0647291 0.0711341 0.0182455 0.0868042 0.00989158 0.170541 0.527465 0.0511889 
0.00972645 0.00657226 0.0278848 0.0817036 0.00170869 0.36972 0.391453 0.11123 
0.0112238 0.0302386 0.0418808 0.06746 0.00040445 0.258656 0.522721 0.0674155 
0.00316025 3.31795e-08 0.0295278 0.237492 3.77651e-05 0.183519 0.405272 0.140991 
0.0282123 0.0275338 0.0321498 0.0951872 0.000387141 0.302836 0.409851 0.103843 
0.024357 0.00570246 0.0213187 0.168594 0.000789824 0.185129 0.46672 0.127388 
0.177057 0.0449137 0.0347093 0.197127 0.00393986 0.0950863 0.346941 0.100227 
0.067944 0.105396 0.0192664 0.0756438 0.0456314 0.183453 0.458908 0.0437575 
0.0159966 0.0153023 0.0200753 0.323455 0.000806765 0.0435457 0.419341 0.161477 
0.077845 0.0746317 0.0269568 0.166475 0.00623478 0.104979 0.441951 0.100927 
0.0854802 0.032614 0.0238526 0.115461 0.0049001 0.144342 0.516374 0.0769765 
0.106333 0.195176 0.0283154 0.0687928 0.0206624 0.221151 0.245451 0.114117 
0.0530006 0.0365115 0.0448432 0.0633889 0.000135022 0.12644 0.535581 0.1401 
0.0367765 0.0213251 0.0420755 0.22701 0.00355333 0.0960327 0.436683 0.136544 
0.116245 0.026288 0.0648917 0.0973901 0.00119747 0.225465 0.242511 0.226011 
0.0603238 0.0416893 0.02823 0.20287 0.00316977 0.168074 0.346956 0.148687 
0.0617705 0.0481661 0.0286578 0.226788 0.0100124 0.233666 0.304585 0.0863537 
0.112478 0.0351635 0.0198232 0.0400753 0.0199999 0.0790163 0.564208 0.129236 
0.103857 0.00412286 0.0229905 0.0423472 0.000650153 0.193852 0.356481 0.2757 
0.0396932 0.110614 0.0137795 0.0574753 0.00748692 0.274314 0.436076 0.0605618 
0.0106541 0.0781077 0.0265155 0.277394 0.00281574 0.113344 0.435745 0.0554244 
0.018481 0.0308896 0.0894795 0.105538 0.00168949 0.0610761 0.381332 0.311515 
0.0329104 0.0118901 0.0195791 0.127082 0.00127155 0.0842874 0.499308 0.223672 
0.0174095 0.0035837 0.0286234 0.0465295 8.27524e-05 0.254204 0.534894 0.114673 
0.0442583 0.0486878 0.271608 0.0441772 0.00135044 0.0634306 0.402252 0.124236 
0.0316546 0.0290202 0.0305425 0.179533 0.000317017 0.13626 0.430131 0.162541 
0.0797189 0.0238017 0.0417622 0.116289 3.03628e-05 0.2127 0.368575 0.157123 
0.0281693 0.0229714 0.0827707 0.130681 0.00143954 0.113424 0.392926 0.227617 
0.208096 0.173794 0.0344623 0.065451 0.0178644 0.119832 0.348156 0.0323452 
0.00971937 0.0175325 0.071482 0.197997 0.00052058 0.154379 0.363182 0.185187 
0.0658312 0.0999933 0.0280768 0.04784 0.000289374 0.250941 0.464625 0.0424036 
0.041203 0.0725485 0.0276789 0.0681626 0.00291966 0.200025 0.465055 0.122407 
0.215372 0.113432 0.033837 0.0510194 0.00765951 0.203865 0.267892 0.106924 
0.229885 0.0294446 0.0535265 0.0561049 0.00568584 0.185173 0.36867 0.0715104 
0.0862633 0.0610138 0.0431086 0.16147 0.00982506 0.149198 0.40131 0.0878106 
0.125401 0.223341 0.0339964 0.0874782 0.0702929 0.0816207 0.343454 0.0344148 
0.130756 0.0368535 0.0112898 0.0367916 0.00602827 0.0856221 0.636176 0.0564834 
0.142544 0.081909 0.0323285 0.04842 0.0239874 0.181526 0.429082 0.0602028 
0.0588001 0.0194051 0.0481395 0.23174 0.00158672 0.0582759 0.474726 0.107327 
0.0113439 0.00416731 0.0433041 0.123213 0.0163274 0.0931321 0.531275 0.177236 
0.00671933 0.0244334 0.0588773 0.0509983 0.000950798 0.264846 0.409698 0.183477 
0.0765856 0.0175303 0.0143148 0.183549 0.0253931 0.165254 0.397657 0.119715 
0.00191868 0.0166663 0.0165829 0.122907 6.35943e-05 0.0607513 0.3997 0.381411 
0.0281512 0.0497257 0.0198982 0.0586177 0.00623978 0.257842 0.512406 0.0671188 
0.161448 0.0282806 0.023474 0.0570912 0.0174886 0.184609 0.444575 0.0830336 
0.0910181 0.0370905 0.0332546 0.023204 0.0234368 0.176066 0.548846 0.0670842 
0.0597581 0.00362326 0.0211659 0.146261 2.55466e-05 0.128731 0.586041 0.0543946 
0.111126 0.0391484 0.0265227 0.0786456 0.00541601 0.215421 0.471995 0.0517252 
0.0574901 0.0314508 0.0138118 0.216846 0.000122106 0.0855473 0.527248 0.067484 
0.0611715 0.0936683 0.0624348 0.0487784 0.0195709 0.150669 0.479214 0.0844937 
0.083717 0.241104 0.00575226 0.0885063 0.0102583 0.153779 0.352129 0.0647534 
0.025264 0.0180958 0.027825 0.104909 0.00158337 0.266257 0.442131 0.113934 
0.0925709 0.215386 0.131701 0.0487777 0.0432224 0.126706 0.312084 0.0295512 
0.0364873 0.0419935 0.0232069 0.0566935 0.00106525 0.0398671 0.726316 0.0743706 
0.0267159 0.00525871 0.0603891 0.269668 0.00100906 0.104958 0.415466 0.116536 
0.102529 0.0808805 0.0232653 0.02737 0.0086867 0.233235 0.307434 0.216599 
0.107377 0.128012 0.0137334 0.0716718 0.00482353 0.280773 0.350387 0.0432227 
0.0142626 0.0562788 0.0112639 0.0418622 0.001786 0.317418 0.524475 0.0326532 
0.284529 0.0431718 0.0249806 0.0803151 0.0145207 0.145694 0.343499 0.0632896 
0.0953427 0.0902056 0.0297621 0.0323538 0.0196428 0.314031 0.34359 0.0750714 
0.0102919 0.00440455 0.0291262 0.10542 0.000416114 0.0254502 0.805197 0.0196949 
0.0371953 0.0577852 0.0278957 0.0513432 0.00363024 0.107402 0.668526 0.0462224 
0.0849733 0.110069 0.0066988 0.0597489 0.0139111 0.16004 0.517121 0.0474378 
0.0246634 0.12789 0.0325768 0.194698 0.0516397 0.168578 0.236224 0.16373 
0.0531889 0.0504074 0.029925 0.337565 0.0252828 0.0621234 0.362234 0.0792736 
0.222087 0.130723 0.0222713 0.0646199 0.00922814 0.157251 0.319045 0.0747751 
0.0719127 0.0841333 0.0481578 0.134851 0.00346626 0.193498 0.397045 0.0669359 
0.0953087 0.0160228 0.00581168 0.0434047 8.70382e-05 0.0808482 0.716037 0.0424795 
0.229848 0.0654217 0.0405719 0.128335 0.00314979 0.0438117 0.435266 0.0535953 
0.0132083 0.0247421 0.0426681 0.0708367 0.00276264 0.202714 0.595154 0.0479142 
0.0262364 0.0413528 0.0205029 0.0949381 0.00856512 0.178215 0.574446 0.0557443 
0.0364873 0.0419935 0.0232069 0.0566935 0.00106525 0.0398671 0.726316 0.0743706 
0.0208137 0.216671 0.0151014 0.0767107 0.000435638 0.091591 0.370173 0.208503 
0.090431 0.0439256 0.0215267 0.251718 0.0116114 0.0903092 0.283597 0.206881 
0.00576822 0.00534051 0.0284688 0.0602595 0.000631018 0.105512 0.669631 0.124389 
0.0985275 0.0337226 0.0259204 0.146879 0.0090416 0.207919 0.251457 0.226533 
0.0459018 0.079385 0.0494519 0.199941 0.00223051 0.0676964 0.445958 0.109435 
0.040701 0.00966257 0.0743617 0.178848 0.00780434 0.162373 0.307575 0.218675 
0.0403725 0.00285475 0.033879 0.0626491 0.000446138 0.0855998 0.61608 0.158119 
0.0551953 0.166537 0.0237925 0.0339952 0.0940054 0.223964 0.382843 0.0196668 
0.206712 0.0199685 0.0156453 0.11335 0.00336029 0.15856 0.350314 0.132089 
0.0460413 0.0184942 0.02718 0.056518 0.000264167 0.186734 0.604876 0.0598923 
0.0224684 0.0138452 0.107613 0.0562168 0.00380364 0.0527248 0.670689 0.0726388 
0.0421551 0.0197249 0.00752922 0.12057 0.000848944 0.114208 0.576112 0.118852 
0.0107734 0.0269882 0.0248436 0.0828484 0.00283415 0.121219 0.671403 0.0590903 
0.116863 0.144538 0.0891515 0.156663 0.0148523 0.135509 0.203794 0.138629 
0.0358112 0.0155808 0.0201625 0.164812 0.000534885 0.253531 0.427845 0.081723 
0.0210765 0.00870003 0.00188142 0.12693 1.19285e-05 0.185052 0.56657 0.0897783 
0.0469384 0.0132423 0.0465123 0.0329841 2.60792e-05 0.10834 0.618019 0.133938 
0.107316 0.0534883 0.017427 0.0601058 0.0191455 0.0328304 0.659147 0.0505405 
0.0405138 0.0392695 0.0176226 0.245176 0.00620183 0.222075 0.373837 0.0553046 
0.0643117 0.0123347 0.0108507 0.138024 0.000739849 0.247077 0.471745 0.054917 
0.0464215 0.0884583 0.06056 0.0538933 0.00521241 0.111373 0.560288 0.0737933 
0.082518 0.193869 0.0235012 0.120275 0.0131402 0.225173 0.280297 0.0612265 
0.034188 0.159067 0.00958089 0.113177 0.0178186 0.212391 0.413339 0.0404387 
0.0107785 0.0629301 0.198667 0.0390737 0.000363566 0.115754 0.349941 0.222492 
0.0562397 0.0168703 0.0462508 0.179206 0.000571501 0.139739 0.403342 0.157781 
0.244437 0.0105421 0.00629006 0.036013 0.000329048 0.240529 0.248057 0.213803 
0.0619154 0.0407869 0.0568956 0.285693 0.000345684 0.101922 0.301136 0.151305 
0.0913929 0.0622918 0.0207225 0.0742409 0.0361434 0.300186 0.359316 0.0557068 
0.265499 0.0301266 0.0271589 0.102551 0.00216111 0.0896298 0.362431 0.120442 
0.0258976 0.0156576 0.00733539 0.179725 0.00913657 0.0885782 0.63774 0.0359292 
0.056308 0.256383 0.0484295 0.125785 0.00455351 0.0474801 0.30701 0.154051 
0.0309716 0.01184 0.0457403 0.109459 0.000458074 0.104256 0.53528 0.161995 
0.166569 0.160215 0.00220635 0.181048 0.0230846 0.0895869 0.315365 0.0619247 
0.217711 0.0284449 0.0292816 0.0561298 0.00528456 0.134979 0.449541 0.0786284 
0.0595901 0.0131881 0.0283731 0.051828 0.000644202 0.0738798 0.707541 0.0649562 
0.0401267 0.104848 0.0157056 0.206674 0.00578839 0.135647 0.343797 0.147414 
0.0663306 0.0502953 0.0259829 0.0423856 0.0141275 0.327159 0.41289 0.0608288 
0.0194438 0.0290449 0.0503672 0.277157 0.106021 0.166441 0.280467 0.0710578 
0.0676505 0.0205295 0.0426537 0.0597247 0.00172437 0.244773 0.3524 0.210543 
0.150929 0.048056 0.00929206 0.0507273 0.00364907 0.0662948 0.618582 0.0524705 
0.0279502 0.022078 0.0195917 0.29091 0.0627574 0.131843 0.389539 0.0553307 
0.053573 0.0247097 0.0227848 0.168212 0.00497939 0.108517 0.529588 0.0876368 
0.250246 0.0830443 0.00476062 0.0246267 0.0198693 0.0492401 0.534369 0.0338443 
0.162305 0.0707359 0.0142586 0.0826385 0.00372068 0.153328 0.388912 0.124101 
0.028342 0.109313 0.0150759 0.0529586 3.19985e-05 0.181323 0.352662 0.260294 
0.0473511 0.194316 0.0353495 0.127859 0.00391518 0.0842483 0.381122 0.12584 
0.0398824 0.043651 0.00999033 0.213887 0.00957745 0.105097 0.489327 0.0885889 
0.0915595 0.0542958 0.0212239 0.207911 0.0105531 0.111983 0.449501 0.0529723 
0.053489 0.0207536 0.0454304 0.11562 0.000715339 0.170297 0.32695 0.266745 
0.0542223 0.042258 0.0151788 0.0414735 0.00381184 0.244725 0.494906 0.103424 
0.0304466 0.0200253 0.00238287 0.126273 0.00150786 0.334805 0.476666 0.00789346 
0.0280143 0.0178525 0.0233522 0.109117 0.000820936 0.084642 0.669165 0.0670358 
0.031524 0.00674705 0.0132324 0.305561 0.000245289 0.0914214 0.376463 0.174806 
0.0673175 0.0363941 0.0246107 0.0400218 0.0125569 0.260715 0.4651 0.0932836 
0.0271354 0.011995 0.0121953 0.332426 0.00174998 0.0496337 0.508739 0.0561257 
0.128615 0.0311204 0.0128456 0.27027 0.0178084 0.1398 0.307848 0.0916935 
0.0505231 0.0278541 0.0165295 0.0803484 0.000393364 0.250445 0.488741 0.0851657 
0.145817 0.0947748 0.0146586 0.135526 0.00380598 0.0763097 0.484856 0.0442524 
0.0452664 0.0119202 0.0239776 0.092992 7.91378e-05 0.154168 0.59612 0.0754767 
0.0631995 0.0298065 0.0421973 0.0160807 0.000531031 0.243428 0.564452 0.0403052 
0.0851127 0.0161973 0.0043254 0.295348 0.000154251 0.137675 0.358168 0.10302 
0.194335 0.0039953 0.0531017 0.199574 0.00129173 0.0968482 0.227318 0.223537 
0.0485209 0.0920609 0.0296918 0.0765748 0.0129609 0.278646 0.37044 0.091105 
0.161628 0.142293 0.029499 0.0694178 0.0127918 0.124171 0.387992 0.0722073 
0.0167038 0.0339926 0.0333133 0.196928 0.000727911 0.0498638 0.619352 0.0491193 
0.0717337 0.0144875 0.010368 0.0812839 0.000677926 0.128618 0.659928 0.0329026 
0.0961493 0.131535 0.120461 0.108439 0.00709368 0.104717 0.278572 0.153033 
0.0257858 0.0542265 0.0195267 0.0385335 0.0108872 0.200133 0.617241 0.0336663 
0.186121 0.102292 0.0142349 0.0700467 0.00231357 0.149597 0.429666 0.0457295 
0.0706549 0.0216903 0.0262848 0.216949 0.00110479 0.118684 0.391594 0.153039 
0.0162072 0.0318603 0.0277152 0.172408 0.000773993 0.0858742 0.408995 0.256166 
0.0358002 0.0105588 0.0099078 0.144541 0.000423015 0.0895115 0.645651 0.0636068 
0.213936 0.155326 0.00937278 0.105828 0.00956116 0.0580059 0.281749 0.166221 
0.0714234 0.0405657 0.0230536 0.060423 0.0056645 0.188582 0.515507 0.09478 
0.0434768 0.0417639 0.0296478 0.0636751 2.83013e-05 0.167458 0.565178 0.0887726 
0.0728916 0.061049 0.026207 0.0494623 0.012179 0.31046 0.37016 0.0975919 
0.0769539 0.0895745 0.0148349 0.0808731 0.00719259 0.163502 0.529574 0.0374955 
0.0524377 0.0680048 0.0159358 0.082685 0.00834858 0.181513 0.539561 0.0515138 
0.282539 0.0704552 0.0157266 0.0509662 0.0159143 0.0662421 0.451915 0.0462416 
0.182603 0.204873 0.0231213 0.0838894 0.00701096 0.153908 0.283952 0.0606425 
0.0507802 0.0900844 0.0205353 0.198023 0.00696324 0.191574 0.302689 0.139352 
0.0179475 0.040359 0.037834 0.19418 0.000373993 0.0794709 0.528518 0.101317 
0.109212 0.091376 0.0215538 0.0951612 0.00924312 0.163492 0.439424 0.0705376 
0.0446967 0.0278 0.0187886 0.0999621 0.00355063 0.201961 0.501376 0.101865 
0.151901 0.0278707 0.0121195 0.197642 0.0292959 0.0277082 0.489999 0.0634635 
0.0364873 0.0419935 0.0232069 0.0566935 0.00106525 0.0398671 0.726316 0.0743706 
0.05881 0.0125612 0.0522281 0.207968 0.0187366 0.0568312 0.424572 0.168292 
0.0401296 0.123186 0.0740286 0.0609471 0.0128118 0.292375 0.309576 0.0869456 
0.0708919 0.00524792 0.00549056 0.0254596 0.00143937 0.0966982 0.645413 0.14936 
0.0559449 0.00987889 0.0215651 0.0220437 0.000353723 0.0588019 0.786146 0.0452657 
0.290616 0.0539451 0.00993001 0.0831091 0.00646406 0.16772 0.311095 0.0771206 
0.0377805 0.0881423 0.0625075 0.0661949 0.0175424 0.0810179 0.452578 0.194237 
0.0431835 0.0171224 0.00692504 0.0991305 0.0021861 0.123927 0.497312 0.210213 
0.0973781 0.0944947 0.0204389 0.287662 0.00605476 0.144639 0.293102 0.0562317 
0.05024 0.0557802 0.00349225 0.21903 0.0540633 0.268499 0.320194 0.0287003 
0.0357733 0.0752335 0.0103574 0.27144 0.0136914 0.149662 0.382615 0.0612275 
0.203146 0.213089 0.0674789 0.0792772 0.00688945 0.101796 0.248096 0.0802281 
0.203146 0.213089 0.0674789 0.0792772 0.00688945 0.101796 0.248096 0.0802281 
0.126742 0.0830361 0.00992949 0.0884289 0.0453506 0.0755379 0.535999 0.0349768 
0.230675 0.0545901 0.0160826 0.0621995 0.0655081 0.094223 0.397562 0.0791604 
0.0721537 0.0525662 0.0179339 0.0415688 0.00393865 0.373674 0.389454 0.04871 
0.214415 0.177525 0.062589 0.146563 0.0117464 0.0495174 0.280547 0.0570974 
0.0667701 0.134258 0.00776812 0.0525789 6.08826e-06 0.00351459 0.659224 0.0758798 
0.0320634 0.0899306 0.0296781 0.165604 0.00659079 0.252424 0.363881 0.0598287 
0.0227333 0.12163 0.0113727 0.107888 0.00270838 0.10582 0.542606 0.0852416 
0.0232765 0.0154306 0.0265146 0.149581 0.00250867 0.0316334 0.675321 0.0757344 
0.163202 0.17974 0.0184399 0.0484153 0.0278302 0.149455 0.353247 0.0596699 
0.151901 0.0278707 0.0121195 0.197642 0.0292959 0.0277082 0.489999 0.0634635 
0.034873 0.0126423 0.0873016 0.249645 0.00167847 0.0645539 0.294916 0.254389 
0.158395 0.022059 0.0386603 0.124262 0.0175526 0.0939763 0.461044 0.0840519 
0.0107789 0.222012 0.0107518 0.0783071 7.58702e-05 0.188204 0.308517 0.181353 
0.132133 0.0546388 0.0345707 0.162132 0.00983293 0.231464 0.28619 0.0890384 
0.175531 0.0582906 0.00912645 0.0793235 0.000229375 0.1271 0.517648 0.032751 
0.0931837 0.120663 0.0286406 0.0543583 0.0301686 0.225591 0.378082 0.0693125 
0.0214874 0.00715517 0.149383 0.120098 0.000636831 0.00170927 0.641654 0.057876 
0.0646681 0.0172958 0.0624279 0.110685 0.00220904 0.134465 0.423598 0.184652 
0.0540956 0.0925099 0.0328086 0.0569645 0.0107952 0.151364 0.545236 0.0562261 
0.192404 0.118736 0.0398782 0.0313401 0.0215407 0.162055 0.337822 0.0962245 
0.187615 0.117885 0.0224038 0.0324938 0.0131294 0.172078 0.4066 0.0477956 
0.183883 0.110825 0.0333542 0.0689822 0.00610225 0.0965164 0.426574 0.0737626 
0.0343257 0.0265159 0.0232514 0.0792913 0.000463836 0.125169 0.462479 0.248504 
0.117436 0.0793247 0.0177319 0.089038 0.015127 0.286212 0.307686 0.0874438 
0.0263234 0.037517 0.0198996 0.0789979 0.000443835 0.152687 0.618584 0.0655473 
0.0265855 0.0278086 0.00689103 0.212033 8.91829e-05 0.146478 0.467371 0.112745 
0.0501036 0.0569209 0.010876 0.323148 0.00544108 0.126861 0.325242 0.101407 
0.081457 0.0296719 0.0304811 0.224605 0.00354659 0.134186 0.413712 0.0823409 
0.0552716 0.0602772 0.0347981 0.050334 0.00177243 0.249882 0.476573 0.0710923 
0.025198 0.0107971 0.0400607 0.288487 0.00200443 0.125602 0.367441 0.14041 
0.0731711 0.056876 0.135079 0.197744 0.00331548 0.11624 0.304493 0.113082 
0.0574881 0.0108108 0.00739855 0.104519 0.019016 0.360654 0.410469 0.0296445 
0.147472 0.126474 0.0160386 0.0504346 0.00498498 0.0888716 0.425252 0.140473 
0.212912 0.0880279 0.0184195 0.0917232 0.0306673 0.0776418 0.398362 0.0822465 
0.0880852 0.0326365 0.0406152 0.135424 0.00100392 0.0897856 0.441492 0.170958 
0.109437 0.0786965 0.0076237 0.0824588 0.0105855 0.0496191 0.614111 0.0474682 
0.0701529 0.0192672 0.0271474 0.0795659 0.00340708 0.0862701 0.672739 0.0414504 
0.0880115 0.0727436 0.0184938 0.0648146 0.00384921 0.136317 0.57577 0.0400008 
0.0295264 0.0394692 0.0622683 0.194204 0.00208345 0.141835 0.489543 0.0410715 
0.0256841 0.0358378 0.057974 0.142505 0.00207787 0.220637 0.315449 0.199835 
0.0203628 0.0172125 0.0849062 0.115987 4.10492e-05 0.0797118 0.548136 0.133643 
0.0412737 0.0392226 0.0116847 0.194857 0.00438655 0.0985283 0.461241 0.148806 
0.126432 0.0363759 0.0279077 0.0465755 0.00506694 0.251009 0.410316 0.0963167 
0.0296453 0.030564 0.0187512 0.101157 0.000489025 0.206484 0.562277 0.0506315 
0.0733117 0.167811 0.0397499 0.263384 0.00970239 0.101797 0.270474 0.0737695 
0.023511 0.00318461 0.0304586 0.0220354 0.000145972 0.13152 0.719012 0.0701328 
0.0551291 0.053477 0.0352163 0.0647976 0.00696087 0.210651 0.505 0.0687674 
0.0579251 0.0186929 0.00908736 0.0462498 0.00185656 0.379982 0.443469 0.0427376 
0.154736 0.0822808 0.0674997 0.0718821 0.00983987 0.197984 0.322589 0.093188 
0.00837387 0.0121724 0.018235 0.0982873 5.77375e-05 0.0973158 0.663726 0.101832 
0.158738 0.144929 0.00710409 0.0216454 0.0289182 0.14597 0.48395 0.0087454 
0.0466881 0.0394423 0.0287183 0.0949851 0.0102209 0.261935 0.472851 0.0451593 
0.0203692 0.0505986 0.0380568 0.321912 0.000830511 0.0923355 0.404091 0.0718058 
0.178765 0.106791 0.0170306 0.0301205 0.00864919 0.0581257 0.570043 0.0304752 
0.189171 0.0575053 0.0153097 0.187861 0.00604021 0.0984147 0.388301 0.0573961 
0.112536 0.0440041 0.0433262 0.0743034 0.0257259 0.167303 0.452441 0.0803594 
0.0270759 0.0373316 0.0327639 0.0486213 0.00764731 0.146515 0.645283 0.0547617 
0.0620444 0.0285291 0.0277347 0.0533377 0.000721114 0.0916799 0.65902 0.0769329 
0.00666295 0.010782 0.0837949 0.220071 0.00011617 0.0375063 0.354085 0.286981 
0.0249188 0.0277492 0.192902 0.0300058 0.00494031 0.184855 0.422063 0.112566 
0.0838263 0.049379 0.0152054 0.0537658 0.00428626 0.182038 0.56085 0.0506496 
0.190301 0.0256143 0.0528987 0.0954763 0.00417111 0.223867 0.353279 0.0543925 
0.065116 0.013787 0.04858 0.0995299 0.00198565 0.162424 0.517104 0.0914743 
0.0360538 0.0526356 0.0298855 0.0782954 0.00529695 0.309831 0.429665 0.0583372 
0.186635 0.0616056 0.0453726 0.179355 0.00296152 0.126442 0.299061 0.098567 
0.220754 0.0101715 0.0239625 0.0295053 0.000924905 0.283552 0.351464 0.0796657 
0.0981489 0.0639849 0.0104443 0.0389479 0.0474784 0.0521854 0.631947 0.0568636 
0.0272467 0.0407283 0.0327347 0.0727204 0.00203333 0.329544 0.347827 0.147166 
0.055519 0.0305412 0.0212938 0.0681752 0.0027039 0.299989 0.457593 0.0641844 
0.0458358 0.0375633 0.0599339 0.0781597 0.00501192 0.220013 0.41884 0.134642 
0.0822582 0.112758 0.0212194 0.0607979 0.0233589 0.174161 0.453276 0.0721706 
0.0185792 0.0204711 0.0636762 0.0275616 0.000678585 0.150127 0.650083 0.0688234 
0.0587339 0.0371678 0.0135243 0.0486817 0.00518165 0.072379 0.555379 0.208953 
0.198541 0.0339438 0.0211786 0.0169145 0.000429339 0.324264 0.328674 0.0760549 
0.239636 0.0964057 0.002869 0.0846806 0.000253732 0.204622 0.335511 0.0360209 
0.10062 0.0823899 0.0214453 0.0483332 0.00388107 0.32219 0.353192 0.0679488 
0.0650078 0.0246014 0.053975 0.203154 0.00250991 0.156372 0.269804 0.224577 
0.0675097 0.0300577 0.0520072 0.101197 0.00250757 0.286793 0.34698 0.112948 
0.0454833 0.0213733 0.0263124 0.337328 0.0108858 0.0560039 0.424358 0.0782556 
0.0987316 0.0244742 0.00969114 0.0453741 0.104078 0.148316 0.447091 0.122244 
0.106468 0.0347707 0.0168121 0.194667 0.0208992 0.216036 0.352061 0.0582861 
0.257924 0.0663313 0.0236548 0.069379 0.0131035 0.126152 0.36928 0.0741753 
0.0748839 0.0371276 0.108297 0.0505334 0.00579883 0.155941 0.441939 0.125478 
0.0995542 0.175905 0.00316797 0.0649869 0.116981 0.135785 0.386616 0.0170044 
0.140631 0.0581036 0.0153408 0.0653464 0.0463948 0.0841073 0.560663 0.0294123 
0.0119106 0.00382314 0.0605208 0.260232 8.52505e-05 0.0333417 0.480862 0.149225 
0.142206 0.0546255 0.0325612 0.109802 0.0189428 0.0628336 0.361655 0.217374 
0.114675 0.139995 0.0398861 0.0506629 0.0438249 0.262792 0.267605 0.0805587 
0.0107734 0.0269882 0.0248436 0.0828484 0.00283415 0.121219 0.671403 0.0590903 
0.288918 0.123496 0.0110674 0.0265718 0.0375487 0.157954 0.331454 0.0229899 
0.0441628 0.0223023 0.0161496 0.310995 0.00188443 0.116472 0.389064 0.0989699 
0.0230901 0.0132994 0.00824686 0.323858 6.33871e-05 0.0613513 0.513279 0.0568126 
0.0713234 0.0319113 0.0489254 0.0836027 0.00695314 0.289545 0.372294 0.0954451 
0.0943222 0.0471234 0.0315125 0.0658654 0.00299662 0.261219 0.422372 0.0745892 
0.0176128 0.058979 0.0243011 0.341577 0.00311776 0.0541091 0.435115 0.0651885 
0.0288761 0.032644 0.0769528 0.0537508 0.00372934 0.19209 0.486833 0.125124 
0.0741001 0.0651873 0.00737775 0.277077 0.00501434 0.0799721 0.449082 0.0421888 
0.0776755 0.0278966 0.0326043 0.0887872 0.00588978 0.223227 0.425742 0.118177 
0.0248189 0.0566608 0.0261034 0.0710237 0.00172033 0.336033 0.390813 0.0928264 
0.0643117 0.0123347 0.0108507 0.138024 0.000739849 0.247077 0.471745 0.054917 
0.0319334 0.256902 0.0107842 0.0297091 0.00634192 0.221221 0.385171 0.0579386 
0.188498 0.179293 0.0198952 0.124908 0.00971981 0.150348 0.278057 0.0492812 
0.138291 0.0266546 0.0405335 0.084978 0.00385883 0.173008 0.371516 0.161161 
0.0377596 0.198849 0.0354693 0.0742222 0.00220782 0.193582 0.309122 0.148788 
0.0364906 0.0454981 0.0266962 0.335576 0.00206357 0.079943 0.357592 0.116141 
0.0183409 0.0104276 0.0388297 0.0695491 0.000396793 0.132302 0.624149 0.106005 
0.0341139 0.0327863 0.00627127 0.303697 0.0116747 0.140164 0.317567 0.153726 
0.0543539 0.0186276 0.0468644 0.131935 0.00018064 0.172682 0.312554 0.262803 
0.0274946 0.051124 0.0234044 0.128504 0.00459365 0.0751896 0.400352 0.289338 
0.127572 0.217333 0.0111139 0.20378 0.0721539 0.0800917 0.261435 0.02652 
0.0270704 0.0488877 0.0137752 0.232844 2.76003e-05 0.219965 0.355431 0.101999 
0.0294978 0.0277067 0.0183692 0.0620536 0.0027728 0.131226 0.483281 0.245093 
0.13153 0.0242671 0.0244856 0.04287 0.00747647 0.101803 0.582981 0.0845872 
0.0458175 0.0465704 0.0331757 0.0580125 0.00921014 0.199351 0.51409 0.0937721 
0.0953026 0.0365716 0.0223685 0.222062 0.00297547 0.0819428 0.489909 0.0488679 
0.115332 0.0115349 0.0177708 0.0714951 0.000633398 0.153539 0.499352 0.130343 
0.0596081 0.104619 0.0341056 0.104573 0.00268277 0.13788 0.456948 0.0995835 
0.0364924 0.0176056 0.0130376 0.130136 0.00872816 0.183953 0.528498 0.0815488 
0.0121668 0.0182061 0.0253872 0.228633 0.0085008 0.190941 0.329255 0.18691 
0.135513 0.0838243 0.0296386 0.0785848 0.00234202 0.129164 0.497639 0.0432952 
0.0209257 0.0448322 0.0102135 0.277707 0.00442392 0.0745664 0.467172 0.100159 
0.0195593 0.0921727 0.0708729 0.0930911 0.000321699 0.18956 0.326232 0.20819 
0.0264469 0.0249036 0.0445439 0.0361342 0.00173962 0.168745 0.614059 0.0834275 
0.0995542 0.175905 0.00316797 0.0649869 0.116981 0.135785 0.386616 0.0170044 
0.176789 0.0978985 0.0286917 0.157346 0.00885991 0.16254 0.27581 0.0920656 
0.0154244 0.00818072 0.0362402 0.190001 0.000364352 0.20889 0.475292 0.0656071 
0.1959 0.0842349 0.0145488 0.056023 0.017089 0.0619745 0.539906 0.0303235 
0.0973824 0.00617206 0.00628315 0.239482 6.29324e-05 0.0533877 0.395322 0.201908 
0.290599 0.032006 0.0215917 0.0522371 0.00452877 0.186982 0.336264 0.0757918 
0.137546 0.0278348 0.0130904 0.0858577 0.00529643 0.131575 0.527531 0.0712687 
0.0765617 0.243192 0.0125401 0.155352 0.0132729 0.143546 0.297251 0.0582842 
0.0775352 0.055858 0.0324871 0.299712 0.0035952 0.0555408 0.414398 0.0608731 
0.0574519 0.0370775 0.0292475 0.24207 0.00495266 0.180509 0.293042 0.15565 
0.118016 0.0323574 0.022062 0.0843125 0.00389715 0.15989 0.510685 0.0687804 
0.0324466 0.0123503 0.011807 0.140827 0.000310702 0.175018 0.508452 0.118789 
0.146356 0.262867 0.0623229 0.128705 0.0269706 0.0523258 0.297597 0.0228552 
0.0345361 0.0361324 0.0275133 0.0264539 0.00441495 0.318226 0.474611 0.0781128 
0.0350085 0.0141504 0.0108697 0.158071 0.0103105 0.223537 0.509434 0.038619 
0.13302 0.0416175 0.0823161 0.0579632 0.002319 0.267002 0.321234 0.0945278 
