0.215594 0.0407557 0.0527331 0.122946 0.00319881 0.0244137 0.09299 0.447368 
0.0999352 0.00594154 0.11024 0.0270389 4.0641e-06 0.0534469 0.0307744 0.672619 
0.0168449 0.0204915 0.196858 0.044348 0.000319832 0.0490375 0.143817 0.528284 
0.0247479 0.00660663 0.0390983 0.0744437 0.000135529 0.124629 0.1848 0.545539 
0.0168255 0.0123397 0.234739 0.00898008 0.000671899 0.158981 0.0534835 0.513979 
0.0774742 0.0286807 0.0288436 0.0961087 0.0023317 0.205786 0.230876 0.329898 
0.0687598 0.0216364 0.0651062 0.0100663 0.00991083 0.122125 0.0521559 0.650239 
0.00554853 0.00412643 0.0456219 0.0310754 0.0012973 0.0882202 0.121926 0.702185 
0.0230872 0.0154571 0.094451 0.0507873 5.20387e-05 0.104771 0.155472 0.555922 
0.0304428 0.0388953 0.101461 0.0775234 0.00109611 0.104316 0.149952 0.496314 
0.0077042 0.026427 0.150376 0.0448557 3.52649e-05 0.172639 0.099672 0.498291 
0.0335272 0.0098897 0.24574 0.0405838 0.00414562 0.132763 0.179557 0.353793 
0.0201298 0.0120318 0.214977 0.273676 0.000137833 0.0522745 0.149375 0.277398 
0.0168487 0.0121603 0.0603689 0.0179871 7.38957e-05 0.0267999 0.0196851 0.846076 
0.0128994 0.0112852 0.0788087 0.0101615 1.25236e-05 0.39993 0.0687232 0.418179 
0.0555513 0.0159623 0.00911459 0.0280789 0.00125227 0.0451701 0.108347 0.736523 
0.0401848 0.00968452 0.0240882 0.0358182 0.000520229 0.0705847 0.249526 0.569593 
0.0214772 0.0994995 0.0762232 0.0250242 0.000167466 0.0988442 0.130355 0.548409 
0.0354532 0.0364228 0.169086 0.0682936 0.00103077 0.0383153 0.0696291 0.581769 
0.0536267 0.0243716 0.0656242 0.0782665 0.000440018 0.0985476 0.183702 0.495421 
0.0937036 0.0472114 0.0265106 0.0594668 0.258229 0.125831 0.100091 0.288957 
0.0132245 0.0198686 0.0340229 0.0233925 0.00136381 0.0278054 0.0932728 0.787049 
0.0104203 0.00852013 0.019352 0.0171867 0.000307524 0.0211503 0.0773727 0.84569 
0.00673287 0.00820988 0.0754151 0.0880947 0.000288614 0.113537 0.195711 0.51201 
0.0597229 0.0329952 0.0435479 0.0326534 0.00934646 0.277487 0.109797 0.43445 
0.0379673 0.0167179 0.112779 0.0710238 0.0013592 0.117982 0.211328 0.430843 
0.106856 0.00400585 0.155474 0.024032 4.3869e-05 0.0513868 0.0578388 0.600363 
0.235764 0.0500124 0.0185814 0.0744472 0.000575281 0.175604 0.193931 0.251085 
0.0420691 0.000419919 0.00184393 0.0686705 4.62573e-05 0.0300821 0.0267011 0.830167 
0.0131677 0.016016 0.0357617 0.127431 0.000805786 0.0890781 0.3501 0.36764 
0.0876128 0.0732338 0.0161619 0.0868229 0.143378 0.196109 0.18035 0.216332 
0.0334855 0.137219 0.0753577 0.0979718 0.00053077 0.20269 0.200356 0.252389 
0.00564673 0.00611901 0.0514072 0.0453408 0.00120287 0.051845 0.115584 0.722854 
0.0243342 0.0432963 0.139152 0.00873496 0.00237474 0.235814 0.116051 0.430243 
0.0941938 0.0258739 0.11963 0.178511 0.00106166 0.0716387 0.171193 0.337899 
0.0478681 0.0261925 0.142517 0.0835031 0.0057533 0.128293 0.195426 0.370446 
0.00792566 0.00914415 0.103872 0.212697 0.00165357 0.055591 0.229561 0.379556 
0.0481782 0.0262515 0.00543578 0.0379578 6.16795e-05 0.282321 0.228234 0.37156 
0.0329171 0.0416556 0.176776 0.0380128 0.00114287 0.148524 0.268648 0.292324 
0.029098 0.0444257 0.0516825 0.177454 0.0016421 0.0649205 0.258518 0.372259 
0.0946798 0.0540542 0.0536 0.063173 0.000353967 0.127463 0.18341 0.423266 
0.0981177 0.008741 0.0860275 0.121105 0.00695626 0.133714 0.1474 0.397939 
4.44036e-05 0.00183857 0.00390156 2.25527e-05 0.000309227 0.00114476 0.000390758 0.992348 
0.0150401 0.010196 0.042115 0.0327477 0.00351097 0.327067 0.240561 0.328762 
0.142551 0.0307335 0.0445467 0.0902319 0.000912216 0.154651 0.221688 0.314686 
0.0311758 0.0128104 0.0395965 0.0404565 0.000204594 0.10596 0.173926 0.59587 
0.00564673 0.00611901 0.0514072 0.0453408 0.00120287 0.051845 0.115584 0.722854 
0.00880542 0.00823029 0.0725512 0.0546339 0.00422846 0.0592631 0.0994619 0.692826 
0.0158428 0.0258979 0.0831396 0.0884964 0.00665506 0.228719 0.200735 0.350514 
0.0104203 0.00852013 0.019352 0.0171867 0.000307524 0.0211503 0.0773727 0.84569 
0.106856 0.00400585 0.155474 0.024032 4.3869e-05 0.0513868 0.0578388 0.600363 
0.0242196 0.0879583 0.0361365 0.053844 0.0070902 0.219103 0.267873 0.303776 
0.0380515 0.00600374 0.0156474 0.00574996 2.81828e-05 0.0923421 0.0813123 0.760865 
0.0512678 0.0401724 0.044315 0.166326 0.00459673 0.188289 0.191529 0.313504 
0.110219 0.000995669 3.24639e-05 0.019307 9.32519e-06 0.115386 0.0549541 0.699097 
0.00564673 0.00611901 0.0514072 0.0453408 0.00120287 0.051845 0.115584 0.722854 
0.196917 0.0076187 0.0171457 0.0158455 0.0503517 0.18288 0.118037 0.411205 
0.182776 0.00635286 0.00824391 0.0465327 0.000750423 0.199354 0.226143 0.329848 
0.0143046 0.0343853 0.334601 0.0496786 1.95883e-05 0.0985108 0.0806979 0.387802 
0.0267374 0.044918 0.131065 0.0654649 0.000580006 0.171607 0.248061 0.311566 
0.0357174 0.0227905 0.0622787 0.120423 0.000821675 0.0376669 0.239915 0.480387 
0.0498717 0.0045677 0.0235704 0.00274118 9.80101e-05 0.0434823 0.0736904 0.801978 
0.112118 0.0555841 0.0495013 0.100126 0.00386838 0.252445 0.156851 0.269506 
0.0230371 0.00192847 0.0852447 0.00817049 5.85547e-06 0.0245068 0.00706637 0.85004 
0.00564673 0.00611901 0.0514072 0.0453408 0.00120287 0.051845 0.115584 0.722854 
0.0882648 0.00584406 0.0194808 0.0601887 0.000532986 0.0901138 0.161593 0.573981 
0.0144829 0.0791921 0.0286439 0.0573475 4.28637e-06 0.00652992 0.127345 0.686455 
0.012228 0.00238048 0.044819 0.115824 0.00131551 0.0191695 0.0644767 0.739787 
0.0771638 0.0880999 0.129408 0.0131631 0.00338905 0.141097 0.0586523 0.489027 
0.231988 0.0292393 0.0538833 0.182791 0.00110208 0.0706982 0.135582 0.294716 
0.0140688 0.00955915 0.16215 0.00542114 0.000151486 0.0889765 0.0599617 0.659711 
0.065134 0.0134477 0.250714 0.129404 0.0006744 0.103592 0.129109 0.307924 
0.0282223 0.0697713 0.0903048 0.103222 0.00204387 0.116868 0.143158 0.446409 
0.0949551 0.00937172 0.0754617 0.0967922 0.000367243 0.064721 0.121771 0.536561 
0.0180291 0.00132961 0.141496 0.00346706 0.000254651 0.146255 0.0293122 0.659857 
0.0639792 0.0167194 0.0524817 0.0593714 0.00133621 0.106974 0.212445 0.486692 
0.00496639 0.00875121 0.368877 0.0156039 0.00186245 0.0831738 0.0183571 0.498408 
0.0289048 0.0322807 0.0267544 0.126487 0.000410622 0.089616 0.343887 0.35166 
0.053705 0.0403783 0.0908264 0.254599 0.0125333 0.0748131 0.179939 0.293206 
0.0071344 0.000274474 0.00638715 0.00370881 7.00658e-05 0.0582421 0.0682676 0.855915 
0.0955129 0.0445786 0.0550295 0.128 0.00467528 0.124309 0.217808 0.330087 
0.0175041 0.02744 0.122856 0.0118993 0.000290945 0.141817 0.127914 0.550279 
0.055927 0.0116275 0.234303 0.0293481 0.000839672 0.166184 0.170585 0.331186 
0.0659582 0.117422 0.213481 0.0280931 0.01428 0.108018 0.15673 0.296018 
0.0334855 0.137219 0.0753577 0.0979718 0.00053077 0.20269 0.200356 0.252389 
0.0711571 0.0274883 0.0169321 0.0980844 0.00100999 0.0897991 0.241704 0.453825 
0.0273961 0.015867 0.0669324 0.0854001 0.000324707 0.105281 0.181022 0.517776 
0.127299 0.0375638 0.0405395 0.122999 0.00886748 0.119643 0.0813337 0.461755 
0.190683 0.00410473 0.0119858 0.0259712 0.00248587 0.13827 0.12659 0.499909 
0.0914524 0.136133 0.0456641 0.0787259 0.000546567 0.0810374 0.226675 0.339766 
0.0534753 0.00365922 0.0816325 0.103004 2.21659e-05 0.137471 0.169938 0.450799 
0.0186475 0.0014188 0.106522 0.00395335 1.7546e-06 0.0819272 0.00676074 0.780769 
0.020281 0.0237832 0.134452 0.043598 1.09594e-05 0.0660627 0.139978 0.571834 
0.0758887 0.0695904 0.0630452 0.0103079 0.000695852 0.151253 0.0701595 0.559059 
0.0141648 0.00710476 0.0622688 0.0788343 0.00621016 0.0756115 0.131396 0.62441 
0.0726622 0.00890852 0.154841 0.121364 0.000241898 0.0805483 0.0688455 0.492588 
0.0144837 0.0312228 0.0694801 0.0146578 0.000919331 0.282597 0.138177 0.448462 
0.0598139 0.0234081 0.0748272 0.0114553 0.0100214 0.229337 0.0826897 0.508447 
0.184612 0.0598946 0.0523693 0.212486 0.00303556 0.0692025 0.194661 0.22374 
0.0561302 0.0167806 0.0226782 0.186095 0.00130113 0.0715822 0.147102 0.498331 
0.0387815 0.0441984 0.10681 0.0605447 0.00227562 0.113461 0.183458 0.45047 
0.00564673 0.00611901 0.0514072 0.0453408 0.00120287 0.051845 0.115584 0.722854 
0.104472 0.0118493 0.0319534 0.0237744 0.00490683 0.312361 0.106384 0.4043 
0.0354532 0.0364228 0.169086 0.0682936 0.00103077 0.0383153 0.0696291 0.581769 
0.0480908 0.0320586 0.106754 0.0616026 0.00178955 0.122559 0.133154 0.493991 
0.00613761 0.00676312 0.0562649 0.0284034 0.00131826 0.0499821 0.120119 0.731011 
0.013139 0.0413411 0.169786 0.0601528 0.00248283 0.190449 0.167381 0.355269 
0.0876104 0.0205055 0.0211914 0.0751873 0.0019106 0.126587 0.145002 0.522005 
0.0209854 0.0224656 0.104001 0.116158 0.00345371 0.117965 0.255686 0.359285 
0.340088 0.0874426 0.00138184 0.0396075 4.52734e-05 0.0678527 0.0756532 0.387929 
0.0290233 0.0282901 0.0406082 0.167883 0.000302285 0.0281011 0.278006 0.427786 
0.0204555 0.00646728 0.164286 0.0252999 6.66859e-05 0.152946 0.0928314 0.537647 
0.0564542 0.0284541 0.0577509 0.183021 0.000898686 0.109106 0.254058 0.310256 
0.0238485 0.0122316 0.0468637 0.243712 0.000906922 0.0283772 0.132648 0.511412 
0.120072 0.00641044 0.0334753 0.0378479 0.000697742 0.232786 0.0595963 0.509114 
0.0389279 0.0249332 0.176884 0.0655075 0.00375458 0.156371 0.139868 0.393754 
0.0334527 0.0394283 0.0206879 0.0573325 2.70414e-07 0.29167 0.162698 0.39473 
0.0285815 0.02528 0.0111127 0.116747 0.000604593 0.106302 0.177312 0.53406 
0.0454587 0.0173671 0.0672996 0.143932 0.00416665 0.0872425 0.273629 0.360904 
0.24175 0.129156 0.00227988 0.0967189 0.000357855 0.0836328 0.202061 0.244044 
0.0459278 0.0295173 0.0842396 0.110456 0.00338273 0.14175 0.206516 0.378211 
0.0280881 0.0207743 0.101716 0.0322416 0.00144346 0.104819 0.119496 0.591422 
0.0356437 0.0249622 0.0304471 0.161393 0.0019081 0.0735212 0.263469 0.408656 
0.00564673 0.00611901 0.0514072 0.0453408 0.00120287 0.051845 0.115584 0.722854 
0.0222897 0.0101093 0.0744746 0.119449 0.000229636 0.0627235 0.12618 0.584544 
0.0214677 0.012922 0.224144 0.0149851 0.0007457 0.179784 0.0985053 0.447446 
0.00851784 0.0205518 0.0192802 0.0305961 4.45052e-05 0.0261839 0.0906096 0.804216 
0.0126071 0.0144585 0.133463 0.013413 0.00447273 0.327534 0.105413 0.388639 
0.07155 0.0277671 0.142443 0.0266405 0.00360814 0.211591 0.154035 0.362365 
0.0370086 0.016445 0.0970867 0.069187 0.00196386 0.154165 0.204588 0.419555 
0.0479206 0.0490971 0.118823 0.117326 0.000481911 0.116026 0.199708 0.350617 
0.0334855 0.137219 0.0753577 0.0979718 0.00053077 0.20269 0.200356 0.252389 
0.033426 0.00454169 0.0412386 0.0862558 0.00116145 0.0495284 0.0880592 0.695789 
0.0504781 0.0366731 0.0862177 0.187837 0.00339252 0.101527 0.219133 0.314742 
0.00102782 8.38251e-05 0.0207657 0.18599 2.08993e-05 0.276035 0.0557483 0.460329 
0.00564673 0.00611901 0.0514072 0.0453408 0.00120287 0.051845 0.115584 0.722854 
0.0328069 0.0439562 0.0534488 0.0980561 0.000192211 0.198963 0.197477 0.3751 
0.0179854 0.0125104 0.0364465 0.0647052 2.21212e-05 0.11016 0.294877 0.463294 
0.0550553 0.0565518 0.0586193 0.0519398 0.00369164 0.160187 0.226037 0.387919 
0.143018 0.00215676 0.00402902 0.118402 2.72338e-06 0.143648 0.0645282 0.524215 
0.0237653 0.019861 0.0507009 0.081684 0.00119811 0.0761301 0.145461 0.6012 
0.0359988 0.021393 0.0263301 0.189213 5.35117e-05 0.0628989 0.228603 0.43551 
0.0788889 0.0248718 0.0231491 0.0307071 0.0107894 0.0558093 0.0982514 0.677533 
0.0780597 0.0527283 0.0506831 0.0748972 0.00167275 0.110349 0.167082 0.464528 
0.0170538 0.0116264 0.0357809 0.0322455 0.000267467 0.139612 0.140252 0.623161 
0.054024 0.0166254 0.0397349 0.0272227 0.000597636 0.238519 0.105698 0.517579 
0.0774508 0.0217212 0.00817311 0.15482 0.000720834 0.103561 0.148391 0.485162 
0.0243342 0.0432963 0.139152 0.00873496 0.00237474 0.235814 0.116051 0.430243 
0.0507757 0.0168982 0.120732 0.0200225 0.000472541 0.129583 0.107498 0.554018 
0.00613956 0.0168712 0.39383 0.00177309 3.21686e-05 0.0890993 0.0459892 0.446266 
0.00331439 0.0882838 0.199325 0.0510349 2.79679e-05 0.0513509 0.0747329 0.531931 
0.0108863 0.00411557 0.0253818 0.255807 1.84576e-05 0.0112803 0.19221 0.500301 
0.0148247 0.260213 0.0872179 0.0323773 1.26444e-05 0.139029 0.130818 0.335508 
0.105245 0.0263641 0.0289405 0.112555 0.000611824 0.23423 0.233907 0.258146 
0.033921 0.135387 0.0771798 0.095546 0.000563046 0.202642 0.201994 0.252767 
0.00342094 0.027158 0.201671 0.0310401 3.76573e-07 0.105682 0.171146 0.459882 
0.0362354 0.0267824 0.206949 0.0833396 0.00537193 0.114104 0.187539 0.339679 
0.0576464 0.0162127 0.018281 0.0246809 0.000649971 0.125773 0.199055 0.557701 
0.031767 0.0880212 0.0556229 0.0204066 0.00108099 0.12146 0.162327 0.519315 
0.0215934 0.00610389 0.102035 0.0687822 0.00410951 0.0651345 0.10579 0.626452 
0.0176318 0.024344 0.130757 0.0154768 0.000115741 0.093147 0.256367 0.462161 
0.0471212 0.0378703 0.072444 0.149526 0.00460584 0.106225 0.230248 0.351959 
0.0208635 0.0210202 0.259077 0.0830277 0.00355593 0.0676601 0.269048 0.275747 
0.0414717 0.0436131 0.0439829 0.0441266 0.00300697 0.0827026 0.306882 0.434214 
0.00773933 0.0044155 0.127225 0.0145871 7.97376e-05 0.0935345 0.0750993 0.677319 
0.0729212 0.0157161 0.0118705 0.0707875 0.00173895 0.133544 0.0874027 0.60602 
0.00094572 0.00172671 0.00705549 0.0822973 1.36902e-06 0.0323467 0.0657464 0.80988 
0.0180291 0.00132961 0.141496 0.00346706 0.000254651 0.146255 0.0293122 0.659857 
0.0880972 0.0752871 0.154798 0.105432 0.00137093 0.0847512 0.227989 0.262274 
0.0125349 0.005235 0.122124 0.022212 9.83365e-05 0.0894246 0.0862729 0.662098 
0.00564673 0.00611901 0.0514072 0.0453408 0.00120287 0.051845 0.115584 0.722854 
0.0859161 0.0257963 0.0359674 0.229461 0.0026055 0.114962 0.204005 0.301287 
0.0609039 0.0894082 0.0215758 0.191902 0.00204943 0.132295 0.0946007 0.407265 
0.0285815 0.02528 0.0111127 0.116747 0.000604593 0.106302 0.177312 0.53406 
0.0785221 0.00272229 0.125729 0.0286556 0.000538036 0.0980319 0.275824 0.389978 
0.0709259 0.0118344 0.042144 0.126099 0.000180214 0.00883155 0.0544089 0.685577 
0.00554853 0.00412643 0.0456219 0.0310754 0.0012973 0.0882202 0.121926 0.702185 
0.0490738 0.0116284 0.0208702 0.264292 0.00258561 0.0415373 0.281381 0.328632 
0.00705276 0.00899562 0.0477976 0.0478348 0.00116996 0.0521929 0.108159 0.726798 
0.00564673 0.00611901 0.0514072 0.0453408 0.00120287 0.051845 0.115584 0.722854 
0.0828754 0.0136555 0.0155264 0.187963 0.00303733 0.187029 0.189617 0.320297 
0.0191753 0.0248087 0.050553 0.0643627 0.00155349 0.0526217 0.160125 0.6268 
0.115621 0.104864 0.065393 0.0788359 0.00848229 0.0853346 0.187281 0.354187 
0.0155964 0.0198196 0.136945 0.0136181 0.000589992 0.101776 0.106365 0.60529 
0.0112734 0.0175355 0.0467614 0.209704 0.00194804 0.132839 0.14504 0.434898 
0.0132072 0.0209279 0.0524609 0.0783015 0.00171678 0.0975002 0.234325 0.501561 
0.0089946 0.0209959 0.0199269 0.0275966 4.21383e-05 0.0376041 0.0945027 0.790337 
0.0729835 0.014855 0.0106911 0.266855 2.71123e-05 0.118205 0.13605 0.380333 
0.114746 0.00355249 0.113676 0.0661422 0.00255474 0.119878 0.240401 0.33905 
0.0295459 0.0174701 0.0128135 0.0638809 0.000270021 0.0652851 0.0503044 0.76043 
0.062891 0.031565 0.109432 0.0507739 0.000442119 0.0589572 0.111481 0.574458 
0.0193949 0.00705034 0.0055766 0.174405 0.000216808 0.0698262 0.226266 0.497264 
0.0354532 0.0364228 0.169086 0.0682936 0.00103077 0.0383153 0.0696291 0.581769 
0.0334855 0.137219 0.0753577 0.0979718 0.00053077 0.20269 0.200356 0.252389 
0.0265778 0.00741284 0.0232538 0.067271 0.00199229 0.0602192 0.207176 0.606097 
0.00613761 0.00676312 0.0562649 0.0284034 0.00131826 0.0499821 0.120119 0.731011 
0.0904104 0.0141277 0.141452 0.00762846 1.1551e-05 0.0827024 0.120753 0.542914 
0.0885719 0.0366053 0.0487982 0.267545 0.000149062 0.0815287 0.176061 0.30074 
0.0741032 0.0210816 0.0651414 0.0107477 0.00608132 0.113073 0.0462587 0.663513 
0.0490633 0.0284538 0.00685251 0.0990907 0.000576054 0.0788657 0.323753 0.413345 
0.0118548 0.00443313 0.132678 0.00143904 9.21838e-05 0.152711 0.072211 0.624581 
0.0308107 0.0258144 0.0860017 0.220469 0.0078945 0.037578 0.134124 0.457309 
0.0440396 0.0103164 0.0150268 0.0470014 0.000352035 0.184353 0.336042 0.362869 
0.0120672 0.0108136 0.13621 0.021629 0.000170103 0.188071 0.12353 0.507508 
0.0426536 0.0254275 0.0625387 0.0842178 0.00176343 0.0765933 0.155976 0.550829 
0.0334855 0.137219 0.0753577 0.0979718 0.00053077 0.20269 0.200356 0.252389 
0.0266626 0.00258842 0.0958951 0.0290422 0.00129091 0.0635024 0.361413 0.419605 
0.0597175 0.0318291 0.020782 0.0334268 0.044753 0.238618 0.160197 0.410677 
0.0355122 0.00713263 0.115981 0.012602 0.00183307 0.244214 0.0901463 0.492579 
0.0362636 0.0576198 0.120315 0.0619604 0.00776825 0.0818004 0.147994 0.486278 
0.00342094 0.027158 0.201671 0.0310401 3.76573e-07 0.105682 0.171146 0.459882 
0.00564673 0.00611901 0.0514072 0.0453408 0.00120287 0.051845 0.115584 0.722854 
0.0144829 0.0791921 0.0286439 0.0573475 4.28637e-06 0.00652992 0.127345 0.686455 
0.00331935 0.0133364 0.188948 0.0535418 0.000380911 0.176326 0.0415821 0.522565 
0.00589547 0.000513859 0.398892 0.0121272 1.40443e-05 0.0265636 0.120231 0.435763 
0.0159487 0.00796277 0.177994 0.0911238 0.00285338 0.0507963 0.169991 0.48333 
0.0105739 0.0239095 0.0197601 0.0214332 3.33843e-05 0.0493799 0.0861009 0.788809 
0.0456998 0.0357821 0.0218426 0.0407758 3.01999e-05 0.0985927 0.147272 0.610005 
0.0171054 0.0959896 0.0571013 0.0210991 2.58527e-06 0.0928465 0.118984 0.596871 
0.0435137 0.00284283 0.0618805 0.0525265 0.00394533 0.122557 0.248919 0.463814 
0.0651292 0.0534898 0.0858786 0.0733157 0.00719865 0.206546 0.14306 0.365383 
0.0249827 0.0338949 0.192763 0.0310272 0.0110158 0.120331 0.155091 0.430895 
0.0220641 0.0543255 0.338796 0.0267946 0.00518446 0.0610942 0.109523 0.382218 
0.0431579 0.00767215 0.0316657 0.0326116 0.00265726 0.0797934 0.185866 0.616576 
0.116704 0.0181385 0.0789159 0.0331975 0.000953032 0.246877 0.150639 0.354575 
0.0668269 0.0401829 0.0743925 0.0498882 0.105872 0.17182 0.0287253 0.462293 
0.068475 0.010555 0.0336906 0.142183 0.000329382 0.0865589 0.21709 0.441119 
0.0729599 0.0468502 0.0367008 0.0304537 7.94685e-06 0.274922 0.075377 0.462728 
0.0526677 0.0477193 0.0370223 0.213213 0.00108487 0.0501516 0.27167 0.326471 
0.0307046 0.0495714 0.0618462 0.0870278 0.00320357 0.101473 0.230714 0.43546 
0.0359603 0.023616 0.355219 0.0646568 0.000732527 0.0519698 0.0897172 0.378128 
0.0120857 0.0602893 0.171137 0.218847 0.00243873 0.0714689 0.2097 0.254033 
0.0168538 0.0104231 0.121284 0.0206405 0.000476093 0.09683 0.185401 0.548091 
0.02715 0.0850471 0.106049 0.0125076 2.35554e-05 0.296296 0.0948434 0.378084 
0.0655873 0.0211966 0.0217014 0.0632033 0.00027811 0.0565608 0.175655 0.595818 
0.0494452 0.035264 0.0899421 0.160488 0.0209084 0.134427 0.219412 0.290113 
0.0788889 0.0248718 0.0231491 0.0307071 0.0107894 0.0558093 0.0982514 0.677533 
0.0453279 0.013722 0.0303046 0.0945027 0.00244308 0.0994673 0.221285 0.492947 
0.000533683 0.0108865 0.0888475 0.00171744 8.60006e-07 0.0162938 0.0546474 0.827073 
0.0118084 0.00965481 0.0219307 0.0194769 0.000347776 0.0239692 0.0876872 0.825125 
0.0202402 0.0934113 0.163486 0.0608414 0.00124174 0.138118 0.241381 0.281281 
0.0153062 0.0120647 0.265312 0.00225897 3.26832e-05 0.0669873 0.0155488 0.62249 
0.0211313 0.0490476 0.0906128 0.00998227 0.00647913 0.0885705 0.0648478 0.669329 
0.0260935 0.0153185 0.0714837 0.0107863 0.0189734 0.192938 0.0836813 0.580725 
0.0879264 0.0836273 0.0300161 0.0342779 0.0884891 0.0822411 0.121549 0.471873 
0.0864492 0.0128473 0.0319262 0.173063 0.00620173 0.229399 0.209295 0.250818 
0.0397505 0.00430383 0.0363785 0.0374023 0.000209706 0.0941622 0.17232 0.615473 
0.0518634 0.0128529 0.13937 0.272661 0.000986182 0.0340388 0.0845009 0.403727 
0.0081583 0.00154328 0.0526779 0.00499776 3.79655e-05 0.0805055 0.0599868 0.792092 
0.0530518 0.0164362 0.0278327 0.165404 0.0176853 0.06268 0.225491 0.431418 
0.12051 0.0132543 0.0137059 0.0302288 0.0407911 0.30372 0.143908 0.333882 
0.0456998 0.0357821 0.0218426 0.0407758 3.01999e-05 0.0985927 0.147272 0.610005 
0.037752 0.0342949 0.156724 0.110641 0.0013243 0.08915 0.180037 0.390077 
0.0334855 0.137219 0.0753577 0.0979718 0.00053077 0.20269 0.200356 0.252389 
0.0263635 0.0207727 0.125439 0.0437906 0.00273456 0.114378 0.173697 0.492824 
0.0249609 0.0244398 0.0743509 0.0141834 0.00376518 0.0863781 0.0805295 0.691392 
0.0852331 0.0627801 0.11188 0.158754 0.00631304 0.128425 0.217031 0.229583 
0.0276092 0.0218489 0.118656 0.0790834 0.00721162 0.166375 0.181591 0.397626 
0.0248858 0.0152215 0.0740284 0.0137216 5.45127e-05 0.30893 0.164897 0.398261 
0.0517255 0.0348803 0.278413 0.0273719 0.00508642 0.125748 0.0990329 0.377743 
0.0126054 0.0105374 0.022949 0.0173961 0.000321136 0.0359084 0.0935132 0.806769 
0.0204555 0.00646728 0.164286 0.0252999 6.66859e-05 0.152946 0.0928314 0.537647 
0.0111411 0.0164337 0.0758941 0.063557 2.41933e-05 0.162806 0.322297 0.347847 
0.00951782 0.00725595 0.0636668 0.0352879 0.0010168 0.0970301 0.124965 0.66126 
0.0301479 0.054541 0.224354 0.149029 0.000321231 0.131995 0.107071 0.302541 
0.025978 0.00903029 0.28052 0.0613428 0.00476911 0.0492006 0.0870923 0.482067 
0.00781241 0.0112323 0.248699 0.00523501 4.15243e-05 0.108231 0.130433 0.488316 
0.00650386 0.00575574 0.0605728 0.0542049 0.0011331 0.0525881 0.126595 0.692646 
0.192947 0.0170325 0.0593209 0.0505354 0.000783209 0.176359 0.107587 0.395435 
0.0174875 0.0151979 0.117218 0.0800228 0.00411723 0.0743743 0.119718 0.571864 
0.0436077 0.0235895 0.0184575 0.278536 4.92066e-05 0.0677978 0.195197 0.372765 
0.00572777 0.00558699 0.0469372 0.0413983 0.00109834 0.0625477 0.112126 0.724578 
0.0298989 0.279514 0.0102176 0.144388 8.1743e-05 0.0523384 0.0847321 0.398829 
0.0214772 0.0994995 0.0762232 0.0250242 0.000167466 0.0988442 0.130355 0.548409 
0.0318385 0.0230728 0.108657 0.0949128 0.003201 0.106667 0.136884 0.494767 
0.00621788 0.00674436 0.0564512 0.0500391 0.00131345 0.0573024 0.127751 0.694181 
0.0384602 0.0357079 0.0307997 0.153855 0.00201588 0.120955 0.263923 0.354283 
0.126407 0.06494 0.0227797 0.0665479 0.00024351 0.260611 0.0972674 0.361204 
0.0369031 0.0338444 0.0994418 0.135538 0.00350796 0.149548 0.230723 0.310494 
0.0488173 0.0162906 0.0559411 0.182605 0.00028562 0.132886 0.262746 0.300428 
0.0364683 0.0166439 0.0186674 0.0516636 0.000333235 0.095353 0.189769 0.591101 
0.0050284 0.0192027 0.209155 0.0137011 5.038e-05 0.0569249 0.0459403 0.649997 
0.0144829 0.0791921 0.0286439 0.0573475 4.28637e-06 0.00652992 0.127345 0.686455 
0.0310246 0.0169193 0.161604 0.0470105 0.000567743 0.0884695 0.134469 0.519935 
0.0367413 0.0261673 0.0072978 0.180298 0.00215318 0.118959 0.268075 0.36031 
0.0562133 0.0308861 0.134618 0.0914872 0.00440855 0.129873 0.193526 0.358989 
0.0476607 0.0330585 0.022112 0.0211444 0.00111235 0.11539 0.130549 0.628973 
0.0170797 0.0547019 0.222488 0.0414277 0.000466526 0.155196 0.240494 0.268146 
0.0640415 0.0545448 0.126459 0.122249 0.00890733 0.113528 0.244224 0.266046 
0.0342141 0.0549282 0.229311 0.0712781 0.00192828 0.106555 0.190772 0.311013 
0.077489 0.00346703 0.0825962 0.193251 0.000275447 0.140703 0.174517 0.327701 
0.0184219 0.0460517 0.24639 0.00568312 0.00054254 0.110391 0.090945 0.481575 
0.0261111 0.0588734 0.20718 0.195407 0.00373118 0.0638355 0.204151 0.240711 
0.117137 0.0250779 0.0457216 0.136897 3.33275e-05 0.141138 0.216796 0.317199 
0.0588897 0.0168539 0.0466795 0.0646496 0.001801 0.15345 0.221128 0.436548 
0.0350079 0.0153069 0.0458411 0.0162304 0.00042614 0.263405 0.0943915 0.529391 
0.00247414 0.00248979 0.0575187 0.022005 0.000132251 0.0785557 0.093474 0.743351 
0.0156932 0.00923281 0.111242 0.0092784 4.51438e-06 0.289929 0.198522 0.366099 
0.0382457 0.0163816 0.0169898 0.123802 5.26795e-05 0.0256508 0.226317 0.55256 
0.055379 0.00305585 0.130657 0.00514993 0.0422078 0.0888913 0.0572255 0.617434 
0.0487231 0.0447875 0.113008 0.110075 0.00483586 0.159458 0.228394 0.290718 
0.00564673 0.00611901 0.0514072 0.0453408 0.00120287 0.051845 0.115584 0.722854 
0.0774317 0.00387278 0.0305993 0.222548 0.0240173 0.0807335 0.105192 0.455606 
0.0115949 0.0223311 0.0203397 0.172882 0.000118243 0.0284153 0.240107 0.504213 
0.0290567 0.0334637 0.0203482 0.0253118 2.44971e-05 0.169103 0.112161 0.610531 
0.124779 0.106435 0.0314816 0.200864 0.0118653 0.10258 0.210504 0.211491 
0.0290261 0.00718181 0.0284641 0.0299274 0.00959006 0.30042 0.120194 0.475196 
0.0409422 0.049905 0.0340013 0.110614 0.0041342 0.206453 0.247667 0.306284 
0.0201202 0.0206727 0.0909956 0.0384971 0.000550643 0.0840188 0.142955 0.60219 
0.0144829 0.0791921 0.0286439 0.0573475 4.28637e-06 0.00652992 0.127345 0.686455 
0.0291317 0.0373358 0.0511728 0.0568468 0.00841842 0.113515 0.251542 0.452038 
0.127279 0.0116365 0.0222615 0.0390879 0.000109529 0.116992 0.151677 0.530956 
0.0295498 0.0363786 0.279681 0.0115517 0.0063795 0.127028 0.0978564 0.411576 
0.0515259 0.0181539 0.0128967 0.118247 0.00415604 0.0543807 0.129433 0.611207 
0.0280135 0.0547896 0.058159 0.213249 0.00022252 0.0707308 0.275358 0.299478 
0.0928808 0.0624595 0.120183 0.0167972 0.0022017 0.0804755 0.201606 0.423396 
0.0937036 0.0472114 0.0265106 0.0594668 0.258229 0.125831 0.100091 0.288957 
0.023972 0.00967745 0.0277607 0.0549266 0.00295074 0.233005 0.31193 0.335777 
0.0254465 0.0433745 0.110028 0.0557725 0.011036 0.0654865 0.149147 0.539708 
0.0125824 0.0102865 0.0226105 0.0180446 0.000342262 0.0325956 0.0924361 0.811102 
0.143811 0.0543341 0.0194137 0.0599894 0.216338 0.108776 0.0705781 0.32676 
0.0467019 0.0588016 0.0725071 0.0451517 0.00905805 0.106379 0.17301 0.48839 
0.0233299 0.0151036 0.0351406 0.154449 0.000258578 0.0800753 0.151658 0.539985 
0.04389 0.0115247 0.0313298 0.0441314 0.00356599 0.0571267 0.257423 0.551008 
0.0211374 0.0338598 0.115929 0.0857753 4.79776e-05 0.088124 0.153732 0.501394 
0.025427 0.0351399 0.109097 0.0549944 0.00417295 0.127478 0.136041 0.50765 
0.0500142 0.00298136 0.0668958 0.0156462 0.000555118 0.144576 0.0603924 0.658939 
0.0486554 0.000148959 0.00110705 0.0974023 0.000245698 0.0671418 0.05302 0.732279 
0.0563965 0.0303508 0.0259734 0.0293878 0.00071202 0.276829 0.046387 0.533964 
0.0213475 0.0175716 0.11129 0.0808707 0.000544739 0.241592 0.223262 0.303522 
0.0144829 0.0791921 0.0286439 0.0573475 4.28637e-06 0.00652992 0.127345 0.686455 
0.0292699 0.0145972 0.315127 0.013711 0.000201602 0.177868 0.0600371 0.389188 
0.0259426 0.0157428 0.111056 0.0532032 0.00202067 0.132571 0.14123 0.518234 
0.0334527 0.0394283 0.0206879 0.0573325 2.70414e-07 0.29167 0.162698 0.39473 
0.0195286 0.0213899 0.0698104 0.237815 0.00422992 0.0357522 0.240726 0.370748 
0.0487356 0.0148302 0.0988968 0.0349335 0.00113873 0.0908579 0.221744 0.488863 
0.0430556 0.0278306 0.0592974 0.265631 0.000980383 0.0397747 0.14209 0.42134 
0.0407467 0.0229766 0.17944 0.024605 0.000553925 0.0980391 0.10296 0.530679 
0.00312703 0.0342523 0.236076 0.0148883 5.49979e-05 0.0478255 0.154113 0.509662 
0.00735076 0.0169253 0.0451082 0.0494192 0.000734911 0.0389023 0.120865 0.720694 
0.00735076 0.0169253 0.0451082 0.0494192 0.000734911 0.0389023 0.120865 0.720694 
0.0214354 0.0393994 0.0603456 0.046807 0.000836947 0.167194 0.0566968 0.607285 
0.00851784 0.0205518 0.0192802 0.0305961 4.45052e-05 0.0261839 0.0906096 0.804216 
0.0459101 0.0181088 0.0872313 0.0778738 0.00295843 0.0980248 0.18284 0.487052 
0.141281 0.0166596 0.0105648 0.0117428 2.07086e-05 0.10665 0.155415 0.557667 
0.0399745 0.0102057 0.183719 0.0130829 0.000314446 0.0869591 0.0801171 0.585628 
0.0557147 0.00904826 0.0239382 0.119535 0.00114463 0.0301263 0.0943477 0.666146 
0.0243362 0.0367049 0.125461 0.0766871 0.00499863 0.0822062 0.1425 0.507107 
0.0248735 0.0122255 0.0370914 0.0616511 0.000771565 0.143413 0.184243 0.535731 
0.150365 0.00553069 0.0203663 0.00434535 0.000375598 0.117717 0.123793 0.577506 
0.0252557 0.0114979 0.0834216 0.277196 0.000110694 0.0374436 0.245577 0.319497 
0.0454383 0.00979014 0.0232582 0.0865466 0.00344425 0.117474 0.174123 0.539926 
0.0843846 0.0352146 0.0853543 0.139925 0.000465228 0.0626582 0.153687 0.43831 
0.053792 0.118486 0.0996663 0.0843106 0.000182475 0.171066 0.217616 0.25488 
0.0109642 0.0127635 0.115436 0.0799114 0.00447609 0.0586748 0.142992 0.574782 
0.0410904 0.0200396 0.165432 0.0866015 0.00473096 0.127322 0.212223 0.34256 
0.0473311 0.0290304 0.194072 0.0663818 0.0027404 0.136386 0.176588 0.347471 
0.00774016 0.00252393 0.0311662 0.215588 2.0744e-05 0.00852698 0.0527306 0.681704 
0.0447813 0.0264406 0.0179657 0.0200122 0.00194178 0.0616755 0.148832 0.678351 
0.0411385 0.00927903 0.0251956 0.016391 0.00277759 0.0660418 0.0817914 0.757385 
0.0741032 0.0210816 0.0651414 0.0107477 0.00608132 0.113073 0.0462587 0.663513 
0.0671992 0.029774 0.0433867 0.161135 0.00509661 0.0506934 0.117791 0.524924 
0.0537729 0.0250664 0.151679 0.0164152 0.00288797 0.272198 0.122817 0.355164 
0.0369719 0.0237387 0.072433 0.0591353 0.00621744 0.0868508 0.136597 0.578056 
0.0926662 0.0822231 0.0342646 0.0341556 0.0941321 0.091065 0.122936 0.448557 
0.0417492 0.0236148 0.0986628 0.173216 0.00305714 0.0875651 0.234793 0.337342 
0.049787 0.0235224 0.0121717 0.182864 0.000635925 0.099486 0.290005 0.341528 
0.00342094 0.027158 0.201671 0.0310401 3.76573e-07 0.105682 0.171146 0.459882 
0.0498717 0.0045677 0.0235704 0.00274118 9.80101e-05 0.0434823 0.0736904 0.801978 
0.0926662 0.0822231 0.0342646 0.0341556 0.0941321 0.091065 0.122936 0.448557 
0.078728 0.0342833 0.017768 0.101466 0.000305196 0.10468 0.296622 0.366148 
0.0155473 0.0021532 0.0638117 0.0740128 0.000435226 0.042808 0.132395 0.668837 
0.0879973 0.022472 0.0454828 0.0265114 0.00643381 0.102756 0.120502 0.587845 
0.043168 0.0303827 0.209868 0.0704056 0.00453303 0.110897 0.179813 0.350933 
0.0116727 0.0138787 0.0157232 0.00729808 0.000101765 0.0170003 0.0140209 0.920304 
0.0174181 0.0174793 0.0753824 0.102976 0.000335735 0.218913 0.220316 0.347179 
0.019977 0.0148878 0.122922 0.0460435 2.16688e-05 0.0738365 0.139256 0.583055 
0.024735 0.0112565 0.00879332 0.0605012 3.27806e-05 0.0963686 0.188515 0.609798 
0.0403799 0.0236332 0.0338439 0.0806316 0.000234892 0.240423 0.133418 0.447436 
0.067399 0.00284632 0.0584769 0.13039 0.000866972 0.0591412 0.107888 0.572991 
0.0699815 0.00114872 0.0953117 0.206001 0.000100763 0.108639 0.130157 0.38866 
0.10864 0.00339136 0.0513148 0.0835528 0.000194746 0.0844303 0.137605 0.530871 
0.0421025 0.0162543 0.0482232 0.0347595 0.00220905 0.234853 0.230528 0.391071 
0.279309 0.00468679 0.00750521 0.0198676 0.00047542 0.273706 0.115798 0.298652 
0.0139559 0.00982218 0.0612743 0.00787864 3.25968e-05 0.373525 0.112598 0.420914 
0.0194641 0.0140404 0.0285696 0.0222076 0.00114945 0.0828052 0.137769 0.693995 
0.0403393 0.0337831 0.0645781 0.0402168 0.000243711 0.186272 0.228051 0.406516 
0.00621788 0.00674436 0.0564512 0.0500391 0.00131345 0.0573024 0.127751 0.694181 
0.0527483 0.0343898 0.108639 0.0696404 0.00695714 0.158535 0.183975 0.385115 
0.00564673 0.00611901 0.0514072 0.0453408 0.00120287 0.051845 0.115584 0.722854 
0.0125349 0.005235 0.122124 0.022212 9.83365e-05 0.0894246 0.0862729 0.662098 
0.0184004 0.0105575 0.0549122 0.0165455 5.49292e-05 0.350619 0.146352 0.402558 
0.0962871 0.103066 0.0230042 0.127189 0.0113312 0.198991 0.129805 0.310327 
0.0474874 0.0589936 0.0743485 0.0466321 0.0103494 0.105961 0.172606 0.483622 
0.0416749 0.010404 0.126142 0.0194872 0.00196765 0.28068 0.106003 0.413641 
0.0247403 0.00944607 0.107193 0.105398 0.00126749 0.101572 0.324258 0.326125 
0.0788889 0.0248718 0.0231491 0.0307071 0.0107894 0.0558093 0.0982514 0.677533 
0.0525376 0.0466776 0.195375 0.0999009 0.00699815 0.139538 0.173912 0.285061 
0.0621164 0.00269138 0.0247654 0.00377947 0.000120273 0.0380076 0.0566602 0.811859 
0.0438503 0.0018098 0.0122322 0.014262 0.000391516 0.0853315 0.127188 0.714935 
0.000723206 0.0041254 0.0823567 0.0713716 8.81082e-05 0.0665968 0.119155 0.655583 
0.0354958 0.0575826 0.0156787 0.0310934 0.0122095 0.0774669 0.217033 0.55344 
0.0126054 0.0105374 0.022949 0.0173961 0.000321136 0.0359084 0.0935132 0.806769 
0.0214772 0.0994995 0.0762232 0.0250242 0.000167466 0.0988442 0.130355 0.548409 
0.0383544 0.0388668 0.175987 0.0471944 0.00248573 0.140615 0.174557 0.38194 
0.0165076 0.0479037 0.229692 0.0234775 0.00206779 0.262783 0.138114 0.279455 
0.00308854 0.008369 0.0976931 0.0527274 0.000921673 0.112705 0.234802 0.489693 
0.0271334 0.0391184 0.102745 0.043957 0.00451214 0.131321 0.134419 0.516793 
0.0832179 0.0114678 0.103088 0.0762279 0.00046957 0.229125 0.242219 0.254185 
0.0646796 0.0231152 0.0110611 0.045356 0.00997229 0.150708 0.154033 0.541075 
0.0579186 0.0188926 0.0130164 0.0358249 0.00129499 0.0877497 0.275887 0.509416 
0.0759092 0.0103446 0.0482472 0.0160422 0.000500506 0.104345 0.251526 0.493085 
0.0659567 0.0276659 0.0309954 0.131449 0.00205832 0.0984266 0.209719 0.433729 
0.0241301 0.0683516 0.144245 0.0740439 0.00190199 0.0886754 0.0898245 0.508827 
0.0322224 0.0151748 0.00930363 0.108871 7.98798e-05 0.0132303 0.11216 0.708958 
0.00578278 0.000247052 0.153464 0.00255634 4.55162e-07 0.0055454 0.0189727 0.813432 
0.155316 0.146768 0.00726802 0.0373669 0.00620063 0.105818 0.19021 0.351053 
0.0122225 0.0106885 0.0786074 0.0189978 4.44474e-06 0.208898 0.206603 0.463979 
0.0848467 0.0216885 0.0131731 0.0297048 0.00047964 0.138962 0.170079 0.541066 
0.0221477 0.017557 0.151255 0.0908807 0.00243384 0.0865927 0.15601 0.473123 
0.103595 0.0340925 0.0115582 0.032974 0.008396 0.25453 0.237112 0.317743 
0.00308854 0.008369 0.0976931 0.0527274 0.000921673 0.112705 0.234802 0.489693 
0.0396649 0.00914338 0.0583842 0.010965 7.12936e-05 0.0606925 0.0952901 0.725789 
0.0670199 0.0101742 0.0316213 0.0312852 0.000265484 0.0813799 0.25018 0.528074 
0.0126824 0.0538772 0.0595579 0.0548409 4.41324e-06 0.0281738 0.304284 0.486579 
0.0352857 0.0378653 0.028628 0.086451 0.000530848 0.200175 0.257106 0.353958 
0.304184 0.0254889 0.0554797 0.0699394 0.000560112 0.0621085 0.153999 0.328241 
0.0042487 0.0419289 0.0623636 0.0652878 1.91008e-05 0.0586084 0.122387 0.645157 
0.0684471 0.00386619 0.0558808 0.130977 0.00073232 0.0604507 0.123232 0.556414 
0.0215849 0.0254683 0.198774 0.0160222 0.00356836 0.0872751 0.113279 0.534028 
0.0186085 0.00927009 0.0395007 0.0204348 0.000135633 0.218027 0.0922793 0.601744 
0.0450413 0.0957533 0.0448067 0.112859 0.000465718 0.216475 0.229328 0.255271 
0.0555768 0.026188 0.0367181 0.0654712 0.00351303 0.161103 0.0810093 0.57042 
0.00515683 0.0147665 0.134969 0.0210948 0.00044929 0.138504 0.250268 0.434791 
0.0617837 0.0061414 0.0918177 0.0802736 0.00931555 0.0815454 0.192164 0.476958 
0.0438146 0.01176 0.0392646 0.256289 0.001146 0.0495099 0.267688 0.330528 
0.00564673 0.00611901 0.0514072 0.0453408 0.00120287 0.051845 0.115584 0.722854 
0.0218782 0.026487 0.228896 0.041461 0.000349646 0.0622379 0.178051 0.440639 
0.00968685 0.0251107 0.103724 0.127192 0.000253033 0.134766 0.252442 0.346826 
0.0570191 0.0230763 0.148605 0.152116 0.000107664 0.097003 0.176157 0.345915 
0.0210444 0.0342006 0.345373 0.0310079 0.00218151 0.101395 0.104424 0.360373 
0.0141147 0.0262488 0.0502784 0.0325334 0.000135846 0.0709789 0.0831642 0.722546 
0.0219398 0.0190511 0.082769 0.0247784 0.000240869 0.277643 0.138749 0.434829 
0.0213507 0.0238604 0.114126 0.0500507 0.000850152 0.0785299 0.143642 0.56759 
0.00436125 0.0230217 0.189501 0.0311105 0.000800768 0.0616157 0.0764485 0.61314 
0.0272495 0.054715 0.153685 0.0167852 0.00361283 0.155346 0.0884361 0.50017 
0.0301951 0.00474389 0.368895 0.00443447 0.000429588 0.0907656 0.043619 0.456917 
0.00564673 0.00611901 0.0514072 0.0453408 0.00120287 0.051845 0.115584 0.722854 
0.0138386 0.0166335 0.220485 0.0912917 0.000376507 0.228712 0.173149 0.255514 
0.0293775 0.0322082 0.140136 0.00739171 0.000193199 0.0799923 0.0752161 0.635485 
0.0454979 0.0191696 0.223543 0.0680215 0.00213842 0.0581726 0.154887 0.42857 
0.0144829 0.0791921 0.0286439 0.0573475 4.28637e-06 0.00652992 0.127345 0.686455 
0.0159039 0.00720035 0.0513054 0.0952584 0.000472567 0.0974534 0.203077 0.529329 
0.0655151 0.046992 0.0208953 0.0373103 0.00327272 0.27177 0.131169 0.423076 
0.0461869 0.00633126 0.0775147 0.0521134 0.000221935 0.0345113 0.0854378 0.697683 
0.0155451 0.0111108 0.0846694 0.127405 0.045303 0.137144 0.287823 0.290999 
0.0150572 0.020452 0.0766878 0.0715787 0.000627275 0.0627166 0.114942 0.637938 
0.00751502 0.0450924 0.382182 0.0106489 0.00016248 0.0503101 0.101304 0.402785 
0.0125242 0.00917293 0.0683926 0.0446252 0.00401157 0.0692437 0.105253 0.686776 
0.0115629 0.0150539 0.0449574 0.0278956 0.000479851 0.0844282 0.139347 0.676275 
0.0585252 0.0273498 0.0782416 0.176496 0.00311314 0.0937229 0.18332 0.379232 
0.0537724 0.0280906 0.121196 0.113196 0.00207265 0.0962429 0.186083 0.399346 
0.204533 0.0336555 0.223051 0.0712165 0.000193565 0.0703568 0.0232712 0.373722 
0.0258492 0.0325608 0.0692965 0.0688551 0.000939642 0.263895 0.257393 0.28121 
0.0604003 0.00939686 0.00847791 0.319262 0.001058 0.101642 0.177212 0.322552 
0.00834743 0.00399736 0.0340586 0.00509133 0.000105535 0.0162522 0.0324893 0.899658 
0.0835363 0.0217953 0.042104 0.0466172 0.000950924 0.320923 0.111855 0.372218 
0.016091 0.125047 0.026219 0.0812663 0.00325527 0.261339 0.192404 0.294378 
0.0256085 0.0602403 0.0983467 0.130746 0.0119113 0.0530234 0.120571 0.499554 
0.0383196 0.0242094 0.102746 0.104407 0.00127991 0.071855 0.10642 0.550763 
0.0218578 0.02295 0.0318024 0.0336542 0.000649384 0.115572 0.231307 0.542208 
0.0154416 0.00712395 0.0342076 0.0198843 0.00013575 0.170496 0.0904143 0.662296 
0.0143152 0.0156304 0.0129249 0.213648 2.51369e-05 0.0560664 0.241999 0.44539 
0.160148 0.00716817 0.0196987 0.048969 0.00143743 0.294016 0.0672553 0.401308 
0.0118084 0.00965481 0.0219307 0.0194769 0.000347776 0.0239692 0.0876872 0.825125 
0.0581494 0.00957795 0.114294 0.0174548 0.00011559 0.117882 0.114842 0.567684 
0.0783163 0.0213165 0.0231281 0.275584 0.000746547 0.0706782 0.251426 0.278804 
0.0333269 0.0639005 0.156289 0.0605209 0.00128888 0.146585 0.145656 0.392433 
0.0505622 0.0261319 0.0239054 0.0327173 0.00462626 0.0856316 0.14029 0.636135 
0.103395 0.0333081 0.0163763 0.150611 0.000629914 0.121092 0.193848 0.38074 
0.0518642 0.0191991 0.179538 0.0343598 0.0138268 0.161093 0.204793 0.335326 
0.0280768 0.0317173 0.319481 0.0416934 0.00119925 0.0803012 0.152569 0.344962 
0.0318933 0.0224046 0.122858 0.24093 4.1626e-05 0.0745552 0.0469211 0.460397 
0.0472104 0.0264821 0.0425907 0.147552 0.00641535 0.125364 0.25953 0.344854 
0.0633161 0.0798536 0.0309707 0.165209 0.0455163 0.09455 0.228958 0.291626 
0.0225508 0.0200927 0.11597 0.0809584 0.000589905 0.126178 0.144694 0.488965 
0.0110715 0.0264773 0.0823716 0.0749275 1.61687e-05 0.0443531 0.163242 0.597541 
0.0563981 0.0162528 0.054323 0.0519489 0.00374908 0.135216 0.0997271 0.582385 
0.106969 0.0031118 0.329447 0.115248 0.000309378 0.0486644 0.0629152 0.333335 
0.0371183 0.0223122 0.0382073 0.218905 0.000429069 0.0906345 0.197506 0.394888 
0.0477349 0.0996018 0.160271 0.0763639 0.00263128 0.10683 0.178711 0.327856 
0.0222644 0.00610344 0.110592 0.0171788 0.00169633 0.236165 0.115671 0.490329 
0.039513 0.0184298 0.186931 0.0739172 0.00277187 0.0797145 0.18066 0.418063 
0.00868134 0.00992623 0.118998 0.00987906 0.000798911 0.345261 0.0919326 0.414523 
0.0250411 0.05858 0.283767 0.0301938 0.00196535 0.158306 0.0875892 0.354558 
0.0144829 0.0791921 0.0286439 0.0573475 4.28637e-06 0.00652992 0.127345 0.686455 
0.0562199 0.0345985 0.098596 0.058026 0.00383669 0.0896445 0.226171 0.432907 
0.0210976 0.0357134 0.0278522 0.108383 0.00231285 0.0729718 0.248347 0.483322 
0.0193911 0.012988 0.0570293 0.112229 0.00166845 0.0614034 0.143402 0.591888 
0.0227572 0.0190802 0.32731 0.0172818 0.00332938 0.117409 0.108688 0.384145 
0.0096772 0.00780528 0.0724987 0.0551268 0.004121 0.072675 0.113634 0.664462 
0.0352634 0.00943016 0.0140011 0.0169652 0.0048841 0.0668112 0.177667 0.674978 
0.0691265 0.0124333 0.103584 0.0922211 0.000283867 0.0669477 0.151436 0.503967 
0.0409168 0.0358639 0.33583 0.0186256 0.00198881 0.107116 0.0967253 0.362934 
