7.90155e-07 0.505288 0.108953 0.00268849 0.212058 0.0731377 0.0234038 7.90495e-07 7.89775e-07 0.010436 0.0132037 0.013995 0.0128049 0.0169942 7.89176e-07 7.89916e-07 0.00703419 
0.00719664 0.851782 0.00398198 0.00196812 0.00736786 0.00655666 0.00962279 3.03744e-07 0.100711 0.00013238 3.20719e-05 2.36158e-10 0.000788919 2.25718e-05 7.88025e-08 1.91579e-09 0.00983663 
0.0045481 0.329429 0.0741889 0.000303497 0.124692 0.180439 0.0543044 0.0019264 3.35472e-05 0.0120946 0.0548002 0.0813628 0.0375971 0.00179932 5.19921e-05 0.000327062 0.0421016 
0.000118962 0.461699 0.0768885 3.81978e-05 0.0310656 0.137584 0.211074 0.00426715 2.28328e-07 0.0238857 0.0474485 0.00459899 0.00016704 8.44657e-05 2.21004e-07 3.00666e-10 0.00108026 
0.0280248 0.426816 0.0399374 0.000260148 0.0463524 0.0747475 0.116635 0.00239651 0.000950513 0.0168872 0.00436918 0.11496 0.0737498 0.0436219 0.00024667 0.00120341 0.00884297 
0.000122424 0.454392 0.0187085 0.000127439 0.243073 0.188488 0.0292815 0.00087033 0.000216562 0.000371506 0.0331798 0.00711135 0.0106369 0.00962815 0.000106906 1.2527e-06 0.00368509 
0.00234963 0.674366 0.0363652 0.000567147 0.0312764 0.120652 0.0663682 0.00274139 0.0267716 0.00370914 0.00117161 0.00168275 0.030973 0.000765303 1.80543e-05 6.67537e-06 0.000215409 
0.0108655 0.27017 0.0543913 0.00473115 0.0275227 0.0766791 0.155342 0.0546673 2.44129e-05 0.189582 0.00556881 0.0934496 0.0360283 0.0110853 0.000537581 0.00405905 0.00529624 
0.0224157 0.346341 0.0306516 0.000612756 0.0240923 0.0508616 0.235994 0.0133374 5.74719e-05 0.00679995 0.000646446 0.0568664 0.00324975 0.000104586 4.24371e-05 0.0154034 0.192523 
0.000499406 0.667577 0.0799627 4.07791e-05 0.0368828 0.0893737 0.0267871 0.00959323 4.26152e-06 0.00230277 0.0210222 0.0175597 0.0325683 0.0121029 2.21834e-05 2.48364e-07 0.00370124 
0.0126757 0.644666 0.111214 1.27688e-05 0.123531 0.0117117 0.00343537 0.00102837 5.08528e-08 0.00207445 0.00126587 0.0300744 0.0024205 0.0536095 8.45388e-06 0.00220853 6.32061e-05 
0.172293 0.47213 0.0887555 0.00124121 0.0140643 0.136014 0.021029 0.000139894 0.000798437 0.00120168 0.0218297 0.0215423 0.0323785 0.00492679 2.46279e-05 1.88473e-06 0.0116294 
0.00255194 0.860296 4.18689e-07 0.0042025 0.0356277 0.000171673 0.0045088 0.000200255 0.00275172 2.33185e-07 0.00232554 0.00144139 0.00141373 0.000506574 1.28289e-08 6.7364e-09 0.0840014 
2.55707e-05 0.574873 0.100909 1.5261e-05 0.132674 0.0819314 0.0394566 0.00057882 0.000310709 0.000975895 0.00235277 0.0234007 0.0202974 0.0207923 0.00081309 1.51125e-05 0.000578648 
0.00126561 0.305637 0.079517 0.00994442 0.0259155 0.262021 0.240009 0.0232295 7.0467e-07 0.00542122 0.0154546 0.00898528 0.000927296 0.0109013 0.00447429 9.67473e-05 0.00620001 
2.81205e-10 0.846951 0.00595768 0.000606937 0.116236 0.000176639 0.0101162 0.00064557 1.117e-05 0.000341609 0.00375606 6.38487e-08 1.71357e-10 0.00486274 4.53028e-07 3.97896e-10 0.0103386 
0.000621839 0.336206 0.0303481 7.74809e-05 0.189567 0.222735 0.0700995 0.0105235 0.000167382 0.0677383 0.00612156 0.0355097 0.0283017 0.000424977 8.87452e-05 6.84706e-05 0.00140079 
0.118747 0.49457 0.0201424 0.000496708 0.0380582 0.232747 0.0323513 0.00955323 0.000124386 0.00148141 0.0219127 0.0137863 0.00851052 0.00414059 0.000717211 0.00043898 0.00222191 
4.76927e-05 0.407476 0.00237986 3.67002e-08 0.0977486 0.20817 0.0950393 0.000373999 1.79018e-07 0.00271746 0.000571691 0.0896604 0.0928282 0.00224522 2.66264e-05 1.86174e-06 0.000712232 
8.9859e-05 0.640003 0.133767 0.00476863 0.0362263 0.0429081 0.0788846 0.0069046 0.000376181 0.0226776 0.00259431 0.0088896 0.00789774 0.00953774 5.6092e-06 0.000395694 0.0040744 
0.014747 0.365357 0.0573378 0.000270424 0.176225 0.178509 0.0774801 0.0245874 1.43879e-05 0.00438349 0.0148718 0.0385402 0.0125007 0.00516704 0.0119388 1.03583e-06 0.018068 
0.00699026 0.658121 0.00528661 7.85148e-05 0.0154721 0.168863 0.0543507 0.000447446 0.000383717 0.00238949 0.00104351 0.00636306 0.0017811 0.000282508 7.88872e-06 6.22326e-06 0.0781327 
0.000389036 0.770714 0.00303342 0.000277367 0.0213769 0.0492841 0.0813409 2.76477e-05 0.0250829 0.000654731 0.0132903 0.00512654 0.0122471 0.00227097 3.66845e-05 9.62848e-08 0.0148477 
0.00172845 0.272154 0.0239444 0.153858 0.0275551 0.0260005 0.229793 0.0206791 0.0021393 0.000780828 0.0150022 0.0883809 0.00689087 0.00260335 1.45183e-05 0.00012822 0.128347 
0.00507954 0.470635 0.0923344 7.52656e-05 0.0677986 0.14793 0.03705 0.0365178 1.07039e-07 0.000678599 0.0180192 0.0462903 0.00676247 0.00105803 5.97541e-05 1.04408e-06 0.0697096 
0.051423 0.749341 0.0132724 0.000259936 0.0482376 0.0398074 0.0432897 0.000317458 0.000268843 0.00677032 0.0122233 0.015728 0.0135174 0.000532825 0.000183792 8.26802e-07 0.00482581 
1.48931e-07 0.508098 0.00366571 3.61818e-07 0.327375 0.00161113 0.00459315 0.000952244 6.59639e-05 9.7322e-05 0.00971994 0.03438 0.0095069 0.0999013 7.62653e-06 1.42883e-05 1.11216e-05 
7.91943e-05 0.998267 0.000411062 1.60694e-05 0.000143896 0.000192854 0.000172131 3.09706e-05 7.33591e-09 0.000217928 1.39139e-05 0.000171462 9.16617e-05 2.7156e-05 1.19213e-08 6.25985e-09 0.000164332 
0.0054916 0.690491 0.0455099 0.000904812 0.119013 0.0497463 0.0370497 0.0142202 2.45523e-05 0.00531983 0.0041027 0.00879449 0.00434291 0.00893036 0.00110251 0.00384543 0.00111104 
0.000845341 0.382571 0.103211 0.000109838 0.0184555 0.12009 0.218932 0.000407054 2.06067e-05 0.00818399 0.0142004 0.0982437 0.0263089 0.00755217 7.3532e-06 6.2097e-06 0.00085509 
0.00354103 0.610395 0.0311717 0.000790217 0.0688393 0.0805921 0.0359693 0.0235894 4.16036e-06 0.00809802 0.0252887 0.0202646 0.0424561 0.0452629 0.00210895 0.000173874 0.00145412 
0.0149256 0.476253 0.0375345 1.88671e-05 0.349942 0.0270091 0.0102504 0.00561135 0.0159245 0.0106691 0.0395543 0.00817332 0.00213803 0.000602373 0.000177128 5.75857e-09 0.00121629 
0.00533582 0.422231 0.0198053 0.000272783 0.140946 0.206653 0.0382303 0.00382871 5.20507e-05 0.0130875 0.0664102 0.0398941 0.0201836 0.00677262 0.000521937 0.000143466 0.0156316 
2.37209e-07 0.580398 1.00448e-06 0.000402463 0.105474 0.112365 0.169127 0.0260463 6.99634e-08 2.79537e-07 1.08443e-08 0.00199403 1.99149e-07 0.00232403 1.4274e-08 3.72897e-11 0.00186812 
0.00772839 0.283605 0.0585803 0.000965847 0.0258346 0.180216 0.17079 0.00682801 3.60277e-05 0.00433599 0.00459549 0.0791619 0.0155968 0.000607006 0.000124257 0.000244124 0.16075 
4.30394e-05 0.902911 0.0118338 2.92021e-07 0.0499758 0.00556595 0.0121703 0.00864769 1.22711e-09 3.67877e-05 0.000183869 0.00331204 0.00104337 0.00374676 1.99414e-09 1.04712e-09 0.000528876 
0.00492656 0.32997 0.0514596 0.0151593 0.0739642 0.0533998 0.0966896 0.302761 9.72665e-05 0.00170452 0.0111236 0.0291461 0.0175819 0.00384155 2.53338e-05 0.000185188 0.00796393 
0.00106233 0.358483 0.0169214 0.000120615 0.129843 0.129389 0.0541866 2.66322e-05 2.15352e-05 0.00122672 0.0364899 0.103614 0.0656565 0.0383719 0.00024601 0.0521048 0.0122372 
0.00066334 0.404045 0.0515294 0.000271925 0.126125 0.0574126 0.0250292 0.00997274 4.15769e-05 0.0122145 0.000449316 0.19784 0.113091 0.000420321 4.45236e-06 0.00088031 8.69111e-06 
0.00909545 0.455321 0.0322331 1.33134e-05 0.166435 0.0912568 0.0567471 0.0577544 8.27713e-07 0.00712994 0.0173685 0.0363255 0.0325829 0.000671057 0.000226626 3.88669e-05 0.0367996 
0.0115846 0.41727 0.0246632 0.00015862 0.147205 0.206664 0.0711324 0.0075074 1.7336e-06 0.0155018 0.00291571 0.0759296 0.00970499 0.00218626 2.20923e-05 4.98761e-07 0.00755263 
3.47633e-08 0.605814 0.0199993 0.000307449 0.0608937 0.00433202 1.823e-05 4.80974e-06 5.76445e-08 0.0369253 0.00019999 0.0436157 0.226023 0.00186268 9.3676e-08 3.17299e-06 3.16395e-07 
0.141592 0.292638 0.0927595 0.00806626 0.0694427 0.17026 0.0819071 0.011583 0.00046727 0.0148092 0.0265186 0.0402328 0.0115582 0.00368562 0.00254079 1.58917e-08 0.0319388 
3.15348e-05 0.879982 0.00797597 1.57094e-05 0.0225039 0.0347006 0.0165222 0.00055878 1.63277e-05 0.00165589 0.000273083 0.0170986 0.0122385 0.0031444 4.30205e-05 0.000155451 0.0030844 
1.29234e-05 0.245809 0.0289065 0.000943036 0.221158 0.0763471 0.0844601 0.2445 8.38038e-09 0.0243069 0.000745685 0.0556152 1.75562e-08 0.00167335 0.0028796 0.000395491 0.0122466 
1.75741e-05 0.741044 7.33887e-07 3.03726e-06 0.0645733 6.6991e-07 0.0372412 0.00377687 1.29908e-06 0.000170207 0.000925246 0.00073935 1.62299e-05 0.149372 0.00205987 1.76331e-05 4.11025e-05 
0.142931 0.411253 0.0705859 0.00179031 0.114765 0.00188666 0.0737276 0.00427925 0.00240214 0.00390252 0.00717671 0.013891 8.39688e-05 0.00215528 0.0023588 4.8256e-08 0.146811 
0.000286245 0.589637 0.0135067 2.15986e-09 0.0398852 0.029024 0.204388 0.00395557 3.42896e-07 0.0445153 0.000142537 0.0736742 0.000976065 2.56051e-06 1.6571e-09 6.42884e-06 2.68015e-07 
2.12991e-05 0.524133 0.000274844 1.24505e-12 0.0277316 0.0417564 0.340045 0.00484505 1.10474e-05 0.00511192 0.000461409 0.000692224 0.00026215 0.0503876 0.00413413 0.000132578 2.45399e-12 
0.00599147 0.360396 0.0766269 0.00136427 0.141551 0.0818024 0.101784 0.0538067 0.000302382 0.0399501 0.0210153 0.0771742 0.017995 0.0063808 0.0010355 0.000392449 0.0124322 
5.88461e-05 0.956035 6.2068e-09 1.83738e-08 0.0148668 6.32764e-06 0.0167446 1.87484e-08 7.54996e-08 5.8382e-05 1.36643e-06 1.02641e-05 0.00994322 1.18614e-05 1.22692e-07 6.4425e-08 0.00226305 
0.00173438 0.66018 0.133186 7.61427e-08 0.0490603 0.0222118 0.0108408 0.00228242 3.02053e-10 0.00256638 0.00865632 0.103343 0.0015253 0.000193282 1.10507e-07 3.46514e-05 0.00418533 
0.000874269 0.733594 0.0504977 9.14713e-05 0.0405125 0.0297338 0.0107602 0.00145915 1.3354e-05 0.00174228 0.000104073 0.00771564 0.122204 0.000572721 4.32194e-07 8.10539e-09 0.000124312 
0.0647559 0.338457 0.0237317 0.00068324 0.0195163 0.2839 0.106426 0.0828844 0.00474354 0.0249096 0.00783925 0.0232644 0.0018682 0.00353627 3.45033e-09 1.81176e-09 0.013484 
0.00485801 0.348506 0.0452921 7.47204e-05 0.151964 0.101759 0.13096 0.0225773 0.00010676 0.0338907 0.0327227 0.00724145 0.00290721 0.0856597 0.00213195 3.13943e-07 0.0293491 
0.00134695 0.558084 0.0120228 1.54768e-06 0.315813 0.00174573 0.00785385 0.00200884 0.00133286 0.0100604 0.00155311 0.0163679 0.000124536 0.0630379 0.00850788 3.21753e-07 0.000138653 
3.77236e-06 0.994895 0.000141024 1.40924e-05 0.00109632 0.00199988 0.00107281 0.000116783 0.000195067 1.22738e-06 9.12572e-07 3.94348e-05 0.000114087 0.000222286 3.5301e-05 4.93335e-05 3.00048e-06 
4.13523e-05 0.695562 0.00217504 0.000177012 0.053315 0.0135815 0.188465 0.00377571 2.03372e-05 0.000560631 0.0118287 0.000263201 0.000396148 0.000282793 1.1623e-07 0.000212639 0.029343 
0.00179571 0.839634 2.71813e-05 0.000740402 0.0106158 0.00550109 0.000264337 0.10064 0.000233766 0.000259835 1.56071e-06 0.0139121 0.00300045 0.0233707 9.88367e-09 5.18989e-09 2.6244e-06 
1.55402e-05 0.633116 0.115808 0.000261884 0.0313642 0.0521283 0.120998 0.000712084 0.00650101 0.0196963 0.000631188 0.0121456 0.00175154 0.000862648 3.34163e-06 0.000113472 0.00389063 
0.000145481 0.421913 0.114973 0.000167639 0.106603 0.0674831 0.106168 0.0342458 0.000159441 0.0690902 0.00024012 0.0165998 0.0577475 0.00244827 0.000169817 1.76138e-08 0.001845 
0.00236375 0.810982 0.00721362 4.35376e-06 0.00866847 0.0493761 0.0223559 0.0269313 0.00642758 0.0454333 0.00323936 0.0143995 0.00222532 0.000195293 8.68176e-05 3.80402e-07 9.67313e-05 
0.000226391 0.872177 0.0295278 4.12942e-06 0.0820567 5.24364e-05 0.00567861 1.36443e-06 6.73495e-06 7.05879e-07 0.00518219 0.00418577 0.000885541 1.01941e-05 2.76331e-06 1.89981e-08 2.14559e-06 
0.0013493 0.976302 0.0133156 0.00052252 0.00474619 0.000312531 5.0927e-05 8.10486e-06 0.000159525 4.18546e-06 0.000261617 0.00158907 0.00100218 6.07204e-05 1.62896e-05 1.83856e-08 0.000298708 
0.00231308 0.419666 0.00935584 0.000146192 0.0366956 0.0350754 0.0191141 0.0336274 0.000348887 0.00378038 0.00372534 0.0161429 0.000939607 0.00980485 5.66842e-05 1.95488e-07 0.409207 
0.000654107 0.464347 0.00396696 0.000386199 0.0140696 0.113415 0.244777 7.94359e-05 2.04443e-06 0.00207342 0.00441234 0.0142906 0.136871 0.000487768 2.39486e-08 7.90408e-07 0.000166835 
0.0141283 0.308454 0.0333866 0.000174769 0.301441 0.230454 0.0441714 0.0119624 2.31698e-05 0.00573192 0.000934823 0.0305628 0.00566635 0.00957248 0.000323566 3.40285e-05 0.00297811 
0.00423903 0.278383 0.0797465 0.010191 0.153383 0.0592775 0.0582742 0.0315206 0.0124398 0.194344 0.0270184 0.0551851 0.011572 0.00930201 0.000352762 0.00515754 0.00961333 
0.000303518 0.619483 0.0725703 1.1831e-05 0.169718 0.0192214 0.0259194 0.00403537 1.20366e-05 0.0257339 0.00260493 0.0508946 0.00492835 0.000824623 0.00263039 1.97203e-06 0.00110627 
0.0471696 0.777017 0.0174833 0.000227724 0.035773 0.0829862 0.00770905 0.000276396 0.000137042 0.000465405 0.00308414 0.0208624 0.00453882 0.00211214 3.94939e-05 1.50396e-06 0.000117144 
0.0104462 0.17991 0.0817765 0.0336269 0.111126 0.102299 0.0895916 0.0865903 9.24833e-05 0.0164644 0.0947226 0.0710733 0.00613957 0.0544778 0.00651456 0.00395265 0.051196 
0.000635256 0.607114 0.0300083 0.000516224 0.113309 0.0498354 0.0660558 0.0109514 0.00666276 0.00669844 0.00191397 0.0173217 0.0668043 0.013843 6.86607e-05 0.00270981 0.00555254 
0.00214397 0.282793 0.0307893 8.03711e-05 0.0730484 0.277217 0.194229 6.22823e-07 3.61447e-08 0.0132036 0.0311405 0.0264446 0.0664244 0.00248245 1.12934e-11 2.50847e-06 1.87678e-07 
0.0106757 0.410026 0.0868785 0.000928431 0.0459591 0.239329 0.128494 0.0126949 0.00412133 0.0232226 0.0109861 0.0155745 0.00310353 0.0024913 0.00147672 0.000208612 0.00382828 
0.00186513 0.560543 0.0753849 4.56401e-05 0.0375654 0.105604 0.0586471 0.00333297 0.000138071 0.00993924 0.000490144 0.016857 0.0103338 0.0521808 0.00017493 4.21108e-06 0.0668934 
0.00641147 0.425508 0.0243167 2.71675e-05 0.0751393 0.122329 0.0844098 0.0414055 1.65719e-05 0.053785 0.0201452 0.101345 0.0290702 0.00672779 0.00717578 5.10057e-06 0.00218233 
0.000291551 0.389667 0.0492332 3.95825e-05 0.136503 0.196365 0.0628311 0.000260172 0.000271369 0.000192262 0.00493321 0.156036 0.00108004 0.0016929 4.95394e-05 1.47243e-05 0.000539836 
0.0574702 0.27175 0.0756907 0.0135741 0.0833527 0.0982821 0.263577 0.0166525 0.00249739 0.00412208 0.00231306 0.0111808 0.000566788 0.00566255 8.87467e-06 0.000125808 0.0931732 
1.10536e-05 0.405824 0.0933674 2.50953e-05 0.241937 0.223535 0.00893754 0.000252332 1.89095e-05 7.60932e-05 0.00976015 0.0152111 2.84457e-08 0.000668877 2.30883e-05 3.2205e-06 0.000348842 
0.000507751 0.368108 0.105651 0.00572892 0.101078 0.0585981 0.0975577 0.0168474 1.37883e-07 0.0509418 0.118214 0.0432737 0.0114003 0.0183516 0.00101847 0.00064768 0.00207538 
0.00100205 0.88422 0.0258598 0.000193346 0.0149471 0.0118852 0.0262911 0.00147527 0.00011477 0.00287005 0.00146145 0.0218494 0.00326508 0.00301526 1.90123e-07 4.53926e-07 0.00154949 
0.000117142 0.857096 0.0456478 9.66191e-06 0.0631443 0.0038447 0.0118644 0.00140739 3.7991e-07 0.00175072 9.04431e-05 0.00411252 0.00139743 0.000228958 1.4124e-06 8.40762e-07 0.00928547 
0.000702233 0.634745 0.00798091 0.143451 0.0284674 0.0414471 0.0455401 0.00273551 0.000116702 0.000473327 0.0438719 0.00932007 0.0154788 0.00350041 5.33905e-05 3.07421e-06 0.0221126 
0.00434569 0.388707 0.0287281 1.26379e-05 0.165325 0.0102096 0.0155246 0.00448676 0.0626022 0.1055 0.000423146 0.106363 0.106146 0.00117652 4.86421e-06 4.65149e-08 0.000444573 
0.0585472 0.457849 0.0411858 0.00165621 0.0228126 0.0777736 0.170516 0.00306238 0.0612181 0.00825503 0.000128556 0.025821 0.0369738 0.00595706 7.25158e-05 0.0270746 0.00109677 
0.00147594 0.480428 0.0271833 0.000143038 0.141781 0.213116 0.0126816 2.72263e-07 6.08752e-08 5.81263e-06 0.00654219 0.00713066 0.000151575 0.108818 4.60172e-08 8.28253e-08 0.000542964 
0.00266836 0.285262 0.107942 0.000315273 0.15099 0.160985 0.0399173 0.0877286 0.000195429 0.0115627 0.0162411 0.104815 0.0111676 0.00764879 0.00120287 0.00927006 0.00208849 
0.000198007 0.395389 0.195805 0.000134273 0.18387 0.0602049 0.0199342 0.0094431 0.00975898 0.00552622 0.0532755 0.0298772 0.00817552 0.0194963 0.000102026 1.116e-05 0.00879924 
0.0545899 0.286115 0.0680122 0.0993872 0.0877632 0.0526874 0.160535 0.0422984 0.00041016 0.0486411 0.00649317 0.0413243 0.0170779 0.00655087 5.55667e-06 0.000575799 0.0275323 
0.0289561 0.420982 0.0336719 0.000858768 0.16853 0.144618 0.0689121 0.036174 0.000113871 0.00231554 0.0146086 0.0251407 0.00816228 0.0023865 4.46852e-06 1.42731e-06 0.0445633 
0.0108256 0.431797 0.0448675 0.000305006 0.118405 0.212766 0.0469419 0.000629444 5.67249e-06 0.00232973 0.0683572 0.0298137 0.0290324 0.00253741 0.000746657 5.17884e-06 0.000635177 
0.0014408 0.394237 0.141229 2.48335e-05 0.136294 0.0980072 0.103796 0.00432562 7.98797e-05 0.0143943 0.0135074 0.0755813 0.00161419 0.0111443 4.51761e-05 1.86698e-08 0.00427953 
0.00712303 0.745285 0.0289918 0.000125707 0.0435177 0.0606333 0.0616404 0.00731949 0.00101348 0.0136061 0.00121712 0.01849 0.00900538 0.000829895 0.000428294 7.44128e-09 0.000773428 
0.0487982 0.774253 0.00603678 0.000609171 0.0704197 0.069063 3.41003e-07 5.42374e-08 2.6792e-07 2.79997e-08 0.0240016 0.00139786 8.13344e-08 0.00418782 0.000217819 6.21233e-12 0.0010141 
0.00042379 0.826544 0.000669945 3.73278e-05 0.0730815 0.014944 0.0695966 0.000953846 0.000103554 0.00446891 0.000130886 0.00438069 0.00415131 0.000393813 3.86948e-05 1.29353e-06 7.92564e-05 
0.206968 0.331741 0.0456134 0.000162514 0.0622053 0.185087 0.0883031 0.00183321 0.000389105 0.00156995 0.0457602 0.0142158 0.0149599 0.00046487 0.000360029 4.11005e-12 0.000367325 
0.00262222 0.676628 0.0636895 0.000132403 0.0991925 0.0270821 0.0114397 0.00322618 2.12395e-07 0.00891509 0.0378839 0.0410744 0.0114019 0.0113424 0.00337404 5.01698e-05 0.00194504 
0.000345608 0.484861 0.169928 4.97459e-06 0.00853608 0.130675 0.130818 1.42014e-05 0.000164388 0.00829966 0.00141979 0.015509 0.0444159 0.000763249 2.66166e-05 0.00198276 0.00223509 
1.14653e-07 0.664443 0.000413395 0.000582747 0.234404 0.00533007 0.0045102 0.00317154 4.27637e-08 0.00043148 0.000735469 0.0824643 0.00244444 0.000635804 2.37978e-06 1.1127e-06 0.000429697 
0.0043442 0.418155 0.038475 0.000244429 0.200573 0.0470044 0.0243469 0.0100025 0.000210118 0.0102707 0.0398567 0.0630169 0.061025 0.0162494 5.71688e-05 0.000324275 0.0658435 
0.00950195 0.846714 0.00480024 0.000135953 0.0246688 0.00677551 0.0764412 0.0196291 1.7794e-05 0.00262262 0.000811406 0.00112293 0.00028497 0.00578906 1.87162e-06 2.29552e-05 0.000659603 
5.7298e-06 0.726485 0.0124108 9.32243e-06 0.210371 0.0107257 0.0223878 0.000221163 2.24221e-06 0.000536028 0.000117773 0.0147558 5.10541e-05 0.00104716 5.71935e-07 0.000871647 1.70807e-06 
0.0002122 0.707954 0.0257828 0.000100384 0.0293164 0.053335 0.113456 0.000814835 0.000462805 0.0334862 0.0234188 0.00807298 0.00357727 8.48821e-06 1.71567e-07 7.44356e-10 1.47883e-06 
0.0134765 0.488852 0.0711203 0.000311391 0.162885 0.103239 0.0651877 0.0317054 1.38178e-05 0.00790662 0.0160923 0.017623 0.0113537 0.00244132 0.000294215 0.00112378 0.00637348 
0.000471955 0.868006 0.00413766 0.000354519 0.00937936 0.0597415 0.0331055 0.00142159 1.22334e-05 0.000782167 0.00736451 0.0093878 0.00363323 0.00131754 8.46651e-05 2.96149e-06 0.000796575 
9.7368e-06 0.359225 0.025257 0.173605 0.090792 0.00662007 0.0107041 0.0819911 0.000421052 0.104429 0.000413756 0.00357394 2.18953e-05 0.0670045 0.000143884 5.73124e-06 0.0757819 
0.000431632 0.577603 0.0326307 0.000704478 0.055707 0.0604051 0.0864786 0.00331154 0.00307263 0.0140408 0.00825672 0.146275 0.00295521 0.00249217 9.88064e-09 0.00244692 0.00318762 
0.10003 0.633801 0.025311 0.000494929 0.0984836 0.0112254 0.029797 0.059369 1.18312e-07 0.0133021 0.00189951 0.0148253 0.00694779 0.00114983 0.000338527 1.34591e-11 0.00302558 
0.000101804 0.855759 0.0204754 0.000101848 0.000101869 0.00010187 0.112155 0.0102866 0.000101755 0.000101854 0.00010186 0.000101865 0.000101833 0.000101834 0.000101678 0.000101773 0.000101819 
1.32414e-05 0.577321 0.0397122 0.000705005 0.0812372 0.0545957 0.0778888 0.00166067 0.00417383 0.0558826 0.0719331 0.0170069 0.000640557 0.0103811 1.00204e-06 5.05243e-05 0.00679696 
0.0020475 0.294191 0.0667173 5.9302e-05 0.286089 0.237036 0.0398563 0.00431691 3.62788e-05 0.0166863 0.00230735 0.0137931 0.00267895 0.0291442 1.9147e-06 0.000649268 0.00439014 
0.00066727 0.27138 0.113108 0.00389842 0.24891 0.113404 0.0711105 0.00738449 1.08546e-05 0.0598668 0.0269722 0.046258 0.0105302 0.0221572 0.00018869 0.00038122 0.00377171 
2.99115e-06 0.945785 0.0130286 4.35887e-05 0.0256516 0.00299178 0.0095754 1.75349e-06 0.00274347 2.16755e-06 1.10139e-05 1.25778e-06 2.09041e-06 5.08093e-06 3.19851e-07 5.93824e-10 0.000154066 
0.00328689 0.398305 0.0442249 4.01671e-05 0.029542 0.150506 0.259682 0.00189948 3.97667e-08 0.0254511 0.01376 0.0398524 0.0267796 0.000793067 3.41223e-05 7.21752e-06 0.00583684 
0.000128906 0.898644 0.00219706 5.58269e-06 0.00122669 0.000440774 0.019978 1.40587e-06 1.26229e-05 0.000641426 0.0599438 0.000558814 0.0152748 1.60003e-05 9.20014e-06 0.000200785 0.000719957 
0.00871296 0.594496 0.0126092 5.99038e-05 0.00795512 0.0872878 0.238416 0.00233313 6.23783e-05 0.00235254 0.00467736 0.00686052 0.00298236 0.000653668 7.41614e-06 3.40858e-08 0.0305337 
5.85238e-06 0.999451 3.60564e-05 3.54107e-06 8.97178e-05 2.45615e-05 0.000301019 3.00855e-09 9.70445e-06 3.68491e-05 1.76748e-09 1.27439e-09 8.94906e-07 2.88944e-05 1.96883e-08 1.13825e-05 5.81137e-09 
4.66222e-05 0.896331 0.00367455 1.38835e-05 0.0401999 0.0311824 0.0186876 0.00610881 1.73683e-07 2.41821e-05 4.0844e-05 0.00206285 1.71272e-07 0.00122976 8.47197e-11 1.00483e-08 0.000397283 
0.00247915 0.464674 0.163979 0.000373756 0.0374258 0.0772792 0.141536 0.0288521 0.00801583 0.0316922 0.00333561 0.0273043 0.00450805 0.00277373 0.00145505 0.00157645 0.00273999 
0.0138404 0.335441 0.252352 3.89601e-05 0.166059 0.0387078 0.00460073 0.00659428 1.70942e-07 0.000505871 0.0304522 0.012408 0.00147414 0.0787691 5.20598e-05 3.43474e-06 0.0587014 
0.0238705 0.727883 0.000629006 0.000327395 0.0464525 0.0402486 0.0380666 4.63773e-05 3.94853e-05 0.00109974 0.0405565 0.00798543 0.0508811 0.000689389 0.0022451 2.91306e-06 0.0189764 
0.0592409 0.439785 0.00573128 0.000262045 0.271896 0.0707439 0.0319067 0.0129961 2.48413e-05 0.00354479 0.013556 0.0237983 0.0223349 0.0351712 5.27646e-06 1.04197e-06 0.00900233 
0.000125873 0.952681 0.00108824 3.35061e-05 0.0190369 0.00926745 0.00742451 3.9877e-05 2.75066e-06 0.00637251 0.000234269 0.00318593 0.000195166 0.000142241 2.92077e-06 0.000112733 5.41577e-05 
0.0365344 0.42615 0.00472349 0.000129156 0.0376268 0.0543589 0.089001 0.0031677 7.77252e-05 0.0312982 0.00710455 0.102632 0.200221 0.00188498 0.00148704 0.00102903 0.00257463 
0.00123551 0.70413 0.0603435 7.54596e-05 0.0228232 0.0712398 0.0949675 0.00582472 0.00253671 0.00746928 0.000427502 0.0160616 0.00660371 0.00304959 2.57517e-06 3.89327e-05 0.00317022 
0.000737902 0.449777 0.012019 0.270959 0.0428074 0.0243627 0.0463348 0.00105079 0.000244881 0.000275866 0.078065 0.00905604 0.0267266 0.00441194 8.93654e-06 2.97804e-06 0.0331589 
1.41066e-09 0.933242 0.00142619 5.69262e-10 0.0014896 0.000653262 0.000622434 1.19452e-05 2.33915e-09 0.000577877 3.41252e-10 0.0575083 0.00444225 9.9767e-06 3.80127e-09 1.99603e-09 1.58813e-05 
0.00461625 0.280256 0.146919 0.000124932 0.0868586 0.0850233 0.214411 0.0225075 0.000369653 0.0258427 0.0258083 0.0635932 0.0256643 0.0114543 0.00306168 0.00014308 0.00334619 
9.91677e-05 0.330304 0.0276384 0.000893047 0.0763918 0.0381972 0.0290227 0.065365 8.35973e-07 0.0156865 0.000485748 0.159547 0.251503 0.00432371 3.5519e-07 8.94471e-05 0.000451378 
0.0288167 0.655041 0.0205246 0.000113329 0.0264651 0.0910506 0.0896611 0.0434413 2.04946e-05 0.00827514 0.00392176 0.0222435 0.00131841 0.000387653 7.37025e-07 0.000410965 0.00830706 
2.87757e-05 0.487497 0.252177 5.59194e-07 0.00125191 0.0413124 0.114957 1.18884e-09 0.000160756 0.0807807 4.41026e-05 0.00716116 0.0134672 0.001146 5.75363e-06 4.5739e-06 5.51421e-06 
0.0251017 0.5988 0.00936605 0.000325933 0.189001 0.0565552 0.0196303 0.0295049 7.91908e-05 0.00355154 0.00693975 0.0390112 0.00738601 0.00607502 0.000212715 2.10095e-05 0.00843822 
2.61866e-06 0.719659 0.166147 5.56065e-10 0.0627561 3.65643e-07 3.58303e-06 0.0198617 2.28492e-09 0.00591976 0.00327604 0.0223426 8.39681e-10 8.13221e-10 3.10358e-05 1.94976e-09 1.096e-09 
9.37179e-05 0.514418 0.108904 8.66767e-06 0.0888031 0.132614 0.0295188 0.000474282 6.51941e-06 0.000277814 0.0283939 0.0438764 0.0123001 0.0353862 1.89552e-05 0.000273829 0.0046312 
0.00810254 0.692995 0.00811037 0.000361349 0.0243196 0.0584314 0.0667128 0.00072449 8.01394e-06 0.00307798 0.00586137 0.0942751 0.0103555 0.00023884 0.000175405 4.99749e-07 0.0262498 
0.0375645 0.596374 0.0100996 0.000117504 0.0561788 0.0157378 0.0128442 0.00987879 0.00836577 0.0103037 0.000339465 0.132268 0.0997609 0.00690128 0.000158501 3.37414e-06 0.00310376 
0.00852691 0.326783 0.0736799 2.91211e-05 0.148289 0.257824 0.0347504 0.00345032 2.09237e-05 0.000377532 0.0400823 0.00723347 0.00533641 0.0927575 7.42568e-05 0.000135297 0.000649659 
0.00936178 0.479171 0.0287038 2.54623e-05 0.0230182 0.106737 0.166903 0.00285999 5.20964e-05 0.0273307 0.00104111 0.0513563 0.101065 0.000669329 5.60838e-05 0.000511291 0.00113731 
0.0730775 0.350198 0.0524726 0.000181008 0.0667647 0.147107 0.115486 0.0187365 9.54246e-09 0.0277054 0.0156521 0.0671383 0.0204978 0.00418596 0.00058772 0.0168705 0.0233399 
0.0158604 0.620597 0.158277 0.000180219 0.0205733 0.0982933 0.0405531 0.00491474 6.84405e-05 0.00332746 0.0067302 0.0129243 0.0024204 0.0149506 6.8247e-05 1.24684e-05 0.000249146 
0.00257873 0.496704 0.0652692 0.00017202 0.142498 0.0835969 0.136178 5.47795e-05 8.35938e-05 0.000981574 0.0147696 0.0243148 0.0139607 0.00348138 0.00044003 1.03474e-08 0.014917 
0.0222216 0.50415 0.131915 0.000571922 0.0526703 0.172435 0.0510081 0.0190424 3.2949e-05 0.00226844 0.0119649 0.00692438 0.000171461 0.0242864 3.44083e-07 4.20928e-05 0.00029483 
0.00243386 0.440098 0.118099 2.27615e-05 0.0297675 0.159791 0.0821818 0.00132465 1.05977e-05 0.0732396 0.0141832 0.0629833 0.014005 0.000469787 6.92669e-06 1.18061e-05 0.00137149 
0.000268971 0.329673 0.0382405 4.5431e-05 0.12593 0.232623 0.0741308 1.68465e-06 0.000110322 0.000784854 0.00120694 0.014464 0.181817 0.000604198 3.74855e-07 6.785e-06 9.14324e-05 
8.18093e-05 0.411194 0.0573453 8.11002e-05 0.0677119 0.0700547 0.0459558 8.59247e-05 4.17147e-08 0.00905522 0.0470621 0.116659 0.102315 8.10768e-05 7.3022e-11 0.0716775 0.000639868 
0.000243622 0.954372 0.00201188 1.06992e-05 0.0272917 0.000379895 0.00269234 3.72936e-05 8.28519e-06 3.12711e-05 1.65904e-05 0.0127264 7.313e-09 1.41413e-07 1.01085e-09 5.30794e-10 0.000177545 
0.0151973 0.702359 0.00833328 0.000269182 0.0407153 0.107455 0.0300115 9.18448e-05 9.78352e-05 0.00234406 0.00868084 0.0364539 0.0454537 0.0018381 0.000476251 5.30968e-08 0.000223135 
0.00332189 0.896655 0.00296826 0.000219038 0.00286039 0.0485606 0.00250581 0.000281818 0.000148348 0.000137437 0.000608683 0.00282878 0.031392 0.00113957 2.13426e-10 0.0060962 0.000275869 
0.00311556 0.242561 0.0841359 0.000157602 0.148119 0.0443956 0.225883 0.0642318 6.21349e-06 0.021592 0.0126318 0.13545 0.00760406 0.0100681 1.03794e-05 2.56998e-06 3.54033e-05 
9.04994e-05 0.48181 0.0731553 2.101e-05 0.0255344 0.124307 0.0912442 0.00673671 5.63609e-05 0.182326 0.00479228 0.00819067 0.000376254 0.000692284 0.000540128 1.103e-08 0.000127484 
0.000732636 0.296675 0.126613 0.051247 0.095965 0.110447 0.0916967 0.0912213 3.85691e-06 0.0312716 0.0701945 0.0154345 0.00299846 0.00197905 2.98032e-05 2.68648e-05 0.0134645 
0.00638108 0.776426 1.25697e-06 1.41737e-07 0.178012 0.0312512 3.75188e-06 1.88293e-06 5.94236e-11 1.58584e-07 6.43856e-06 6.60507e-06 0.00297745 0.00492914 7.05036e-07 4.46273e-07 1.51358e-06 
0.000389466 0.765066 0.0311507 5.65713e-05 0.00461627 0.0463912 0.0987957 0.000148126 9.11656e-05 0.00249592 0.000894926 0.00187367 0.043721 0.00332213 7.55524e-06 6.83583e-08 0.000979894 
0.00181215 0.813734 0.0448744 8.99814e-07 0.124154 0.00383034 0.0037374 0.000163752 2.41742e-07 3.68161e-07 0.000552824 0.00373843 0.000338053 0.000150984 1.81801e-05 6.30319e-08 0.00289442 
0.0106237 0.3048 0.0490238 0.000243378 0.035624 0.279695 0.142882 0.0559512 8.78317e-06 0.00724866 0.00756935 0.0237275 0.0758231 0.00166869 0.00166942 3.2569e-08 0.00344178 
1.71434e-05 0.982716 0.0171036 8.63687e-09 3.6615e-05 4.49683e-05 3.14357e-09 8.81296e-09 3.54897e-08 6.47681e-05 5.17748e-09 1.64293e-05 1.3042e-08 1.2631e-08 5.76729e-08 3.02839e-08 1.70233e-08 
0.000471955 0.868006 0.00413766 0.000354519 0.00937936 0.0597415 0.0331055 0.00142159 1.22334e-05 0.000782167 0.00736451 0.0093878 0.00363323 0.00131754 8.46651e-05 2.96149e-06 0.000796575 
5.88044e-08 0.545579 0.0614901 0.000442019 0.0143458 0.0263539 0.118845 0.0130212 0.0879997 0.0376649 9.54748e-06 0.0646197 0.000542635 0.00173173 2.47319e-08 0.0212309 0.00612402 
0.082346 0.524937 0.0995534 0.000666876 0.00734536 0.167224 0.105379 2.81865e-08 0.000835091 0.000620866 0.00494489 0.00151192 0.00320327 0.00125493 5.70589e-09 1.3411e-12 0.000177699 
0.00262089 0.394985 0.0741965 0.00108152 0.203697 0.0490004 0.0173066 0.190951 4.52051e-05 0.00187423 0.00600396 0.0342932 0.0169718 0.00475084 0.000480386 4.9642e-08 0.00174256 
0.00118523 0.533978 0.0507474 0.000274129 0.0396316 0.101356 0.061066 0.014226 1.28439e-05 0.00700178 0.0160982 0.0900838 0.0559265 0.0243857 1.1374e-05 1.76919e-05 0.00399715 
1.29234e-05 0.245809 0.0289065 0.000943036 0.221158 0.0763471 0.0844601 0.2445 8.38038e-09 0.0243069 0.000745685 0.0556152 1.75562e-08 0.00167335 0.0028796 0.000395491 0.0122466 
0.00108231 0.770575 0.039528 0.000192585 0.0462536 0.0088883 0.0484212 2.08397e-05 5.92811e-08 0.00417816 0.00281923 0.00146872 0.0590434 0.0103391 9.32248e-06 0.00581547 0.00136434 
0.0118102 0.57658 0.0625787 0.000283668 0.0989424 0.074519 0.118467 0.0142758 0.000114557 0.00140205 0.00237461 0.0243356 0.0120397 0.00190613 0.000106614 6.86765e-07 0.000262553 
0.00492093 0.608834 0.0184284 0.000104181 0.225132 0.0814928 0.00890301 2.47705e-07 1.22208e-06 0.000426661 0.00422542 0.0394876 7.86623e-05 0.00117477 0.00315839 5.75001e-09 0.00363136 
0.00604178 0.509179 0.0034065 5.39214e-05 0.0566832 0.059497 0.0210764 0.00644218 5.86812e-05 0.0185647 0.0193801 0.274536 0.0231063 0.000691342 5.76221e-05 1.28877e-08 0.00122572 
4.74861e-05 0.418354 0.0510117 1.29678e-05 0.15395 0.0261118 0.0221918 0.00160013 0.0177129 0.0542634 0.0281816 0.0691654 0.00323206 0.014589 1.16159e-08 0.0210208 0.118555 
0.000102852 0.860539 0.0503197 3.37895e-05 0.0316563 9.08458e-06 0.00549634 1.36609e-05 0.00397291 1.28179e-05 0.0473086 2.33059e-05 7.2146e-05 5.18411e-07 6.76679e-09 3.55323e-09 0.000439416 
0.00133326 0.339964 0.0127606 0.000605804 0.162674 0.143533 0.0330645 4.5363e-05 5.55259e-09 0.000934118 0.000232318 0.0207893 0.248343 0.00218534 4.14384e-06 0.0211829 0.0123482 
0.138355 0.566876 0.00322758 0.000429947 0.0776683 0.0803372 0.0481421 0.00674503 0.000234586 0.00139981 0.0419448 0.0175128 0.0108232 0.00144759 0.00232991 0.000132235 0.00239444 
0.00798222 0.750333 0.0144523 0.00108401 0.0305655 0.0766764 0.0480974 0.0038066 0.00307404 0.00134857 0.00178323 0.00311583 0.0449752 0.00289797 2.18777e-05 0.000137861 0.00964784 
0.00444977 0.496433 0.103372 0.000158023 0.0606679 0.143649 0.0914 0.0324999 0.000235452 0.0131847 0.00279392 0.018376 0.0240349 0.0018035 0.000991592 3.76882e-07 0.00595084 
0.0281309 0.381579 0.00412599 0.00256723 0.0119145 0.026145 0.10378 0.120768 1.75022e-05 0.00961724 0.000545898 0.0133649 0.171086 0.000996003 0.0674014 0.0464208 0.0115386 
0.0425488 0.546269 0.0157047 0.00036625 0.0200507 0.216328 0.066809 6.13425e-05 0.000265901 9.07851e-05 0.0127091 0.0137591 0.0631644 0.00141705 1.43391e-05 8.31762e-06 0.000432674 
0.00172118 0.210329 0.0778699 0.000452639 0.102079 0.151946 0.0853189 0.176991 9.77062e-06 0.0175244 0.0213775 0.123316 0.0227008 0.0033865 0.000836625 1.10241e-05 0.0041297 
2.14263e-07 0.537027 0.0110517 8.19452e-05 0.0547358 0.127432 0.251639 3.65533e-08 1.26885e-11 0.00875949 0.00206276 0.0044583 9.76408e-07 0.000340363 2.06196e-11 5.52305e-08 0.00241043 
0.00195431 0.749234 8.69294e-05 3.29045e-05 0.164575 0.000207317 0.0316106 3.17489e-05 6.93829e-06 0.00932996 1.00167e-05 0.0311837 0.00734162 0.000355867 0.00256096 2.04452e-05 0.00145769 
0.011716 0.496412 0.0423523 0.000427474 0.156687 0.126934 0.108922 0.00146833 6.64736e-05 0.00303862 0.014726 0.00579245 0.0273986 0.00231279 0.0011521 9.15858e-07 0.00059319 
0.00426934 0.820406 0.00652747 0.000162804 0.0245601 0.0789207 0.0220107 0.00228314 4.68339e-05 0.00408038 0.0198613 0.0019292 0.0124398 0.000389035 1.94158e-05 5.19212e-07 0.00209339 
3.77182e-05 0.81463 0.00193533 8.63984e-05 0.0084079 0.0592614 0.0542774 4.55083e-09 1.21288e-06 0.000662277 0.0594404 0.00123196 2.06368e-06 4.28231e-06 2.97811e-08 2.07869e-05 5.81779e-07 
0.0196269 0.229925 0.0247417 1.721e-05 0.104583 0.139588 0.0291445 0.00255623 4.25255e-07 0.00405994 0.200595 0.0150141 0.211315 0.0124174 0.00126299 1.73192e-05 0.00513559 
0.05076 0.504264 0.0426713 0.000203321 0.0361859 0.210676 0.0498191 0.00270537 0.000983626 0.0052495 0.0446398 0.00206554 0.042259 0.00520909 4.03688e-05 6.40629e-06 0.00226195 
0.0279637 0.40674 0.0560818 0.00026102 0.135839 0.16032 0.0484095 0.00723899 3.63448e-05 0.0192824 0.0338452 0.0335054 0.0400269 0.0226662 0.000907447 1.78309e-05 0.00685761 
0.000954799 0.606803 0.0149457 4.87391e-05 0.0638539 0.137972 0.0905614 0.00443955 3.16395e-06 0.0121728 0.000757051 0.0307457 0.00924821 0.00037545 1.00699e-06 0.000497385 0.0266198 
4.16119e-05 0.969979 0.000641064 1.0468e-07 0.000330889 0.0229821 0.00173367 0.000340663 4.30142e-07 0.0029005 9.4382e-05 0.000764603 1.58072e-07 0.00018956 6.99007e-07 3.67047e-07 2.06325e-07 
1.55879e-05 0.430995 0.0265565 0.000214995 0.00132382 0.0366473 0.0905354 0.000608277 0.0236244 0.383488 0.000287789 0.00413282 4.99756e-05 0.00149224 4.11735e-06 1.29288e-05 1.13896e-05 
0.000500901 0.37029 0.167405 6.98231e-06 0.245066 0.0198565 0.00939208 0.00284726 0.000114927 0.0258154 0.00249694 0.15089 0.000587043 0.00436396 1.83862e-05 0.000167628 0.000180559 
0.000677972 0.726923 0.0447719 0.000311037 0.0713414 0.00440295 0.0912828 0.00197992 0.00116951 0.0437307 0.000252226 0.00557526 0.000482515 0.0043747 9.31361e-08 0.000410576 0.00231398 
0.0153361 0.180058 0.1602 6.76856e-05 0.0705125 0.174401 0.0797493 0.0599451 5.33081e-05 0.0895742 0.0237389 0.0713903 0.0622576 0.00217839 0.00579896 0.00233224 0.00240597 
1.02661e-08 0.947476 0.00968421 2.23014e-05 0.000597987 0.0283881 0.00603987 0.000376892 0.0013313 0.000967715 0.000117321 0.00370928 3.08749e-10 0.00126558 6.59057e-11 3.46069e-11 2.37238e-05 
0.00343833 0.428097 0.0965034 0.00438106 0.0984709 0.0877476 0.0723377 0.0936098 1.03225e-05 0.0102382 0.00301835 0.0325439 0.00800867 0.00323391 0.000677129 8.99231e-05 0.0575937 
0.00062493 0.735702 0.0673869 0.000152847 0.0949808 0.0152903 0.0037113 0.0374451 0.000100948 0.01886 0.00106232 0.0126157 0.00757619 0.0016518 0.000201954 6.18932e-06 0.00263107 
0.0118728 0.526337 0.00366866 0.000135448 0.0736484 0.212838 0.0504959 0.00677565 9.00235e-06 0.00674623 0.0252212 0.00985107 0.0230971 0.0176524 2.20445e-05 1.6147e-08 0.031629 
0.000481002 0.998673 2.2955e-06 0.000788863 3.70126e-06 1.04129e-05 7.44469e-06 1.40292e-06 1.27731e-05 1.73426e-06 8.81262e-06 1.00636e-06 1.67245e-06 4.0653e-06 2.55113e-07 4.78255e-11 1.30389e-06 
2.61613e-07 0.871203 0.0196114 6.61916e-06 0.0189151 0.0499255 1.12039e-05 0.0349739 2.20185e-05 8.51188e-08 0.00011081 0.00344285 1.59418e-07 0.00162269 7.04962e-07 3.70174e-07 0.000153526 
0.000658035 0.418482 0.0511641 0.000202019 0.120017 0.0604765 0.0721316 0.0221556 8.70601e-07 0.0352328 0.00603271 0.168185 0.0274198 0.0122921 0.00426642 1.44481e-05 0.00126903 
0.015201 0.935224 0.00312529 0.00121055 0.00994261 0.015646 0.000612965 0.000278602 0.000431259 1.89535e-08 0.00346239 0.000139888 0.000162141 0.000826426 0.000601175 5.50255e-11 0.0131355 
0.00226577 0.445709 0.0550837 0.00546068 0.0591339 0.160053 0.0222126 0.0166625 0.152829 0.00318694 0.0413958 0.00941604 1.16613e-05 0.00240001 5.21211e-09 8.92462e-11 0.0241793 
3.18724e-06 0.788729 0.0224671 1.66899e-07 0.049861 0.00816339 0.0868337 0.013116 6.79203e-08 0.00383397 0.000474464 0.0233639 0.00279585 5.15413e-08 6.48005e-08 6.03265e-11 0.000358104 
6.41512e-06 0.95106 0.000735254 6.58046e-06 0.02183 0.00487182 0.00278268 5.56799e-06 1.04194e-07 0.00121982 0.000888221 6.62979e-06 0.0165811 3.70836e-08 1.69323e-07 8.89108e-08 5.38324e-06 
0.0126181 0.26227 0.0126155 0.00313395 0.0885783 0.0751541 0.189712 0.113572 0.00156246 0.0141909 0.0657696 0.0166796 0.0328907 0.0130975 0.000575741 2.27282e-05 0.0975572 
0.0308333 0.71146 0.0233277 0.000232544 0.0263939 0.108807 0.0411472 0.0299542 0.00035352 0.000870894 0.0103048 0.013465 0.000342161 0.00177566 7.25949e-06 1.05479e-08 0.000724177 
0.000503247 0.378115 0.0414983 0.234459 0.0193209 0.0377707 0.119667 0.0343442 2.71242e-09 0.0116895 0.000371571 0.0370905 0.0249121 0.0014251 0.0266543 0.00921044 0.0229678 
8.2641e-05 0.686836 0.149132 0.0123619 0.00279884 0.0732355 0.0063145 0.02011 0.000595077 0.00107064 0.000222506 0.033274 0.00275466 0.0110263 5.97687e-07 1.54562e-05 0.000168653 
0.00746672 0.677356 0.00517023 0.000896032 0.0730336 0.108819 0.044462 1.21345e-05 0.000177072 0.000670221 0.0154775 0.0353639 0.016383 0.0136647 0.000969597 3.02633e-05 4.85482e-05 
0.000440055 0.560183 0.0619748 5.76468e-05 0.028213 0.0914997 0.121506 0.0243151 9.68986e-05 0.0249864 0.0357805 0.016274 0.0241875 0.00875027 0.000334968 0.000913366 0.000486578 
2.90873e-05 0.399035 0.0153362 6.80133e-05 0.185717 0.000528824 0.0422632 0.000216883 9.54751e-11 0.026926 0.0136898 0.00182598 3.50859e-11 0.31436 6.02048e-07 8.14704e-11 2.61985e-06 
0.000516828 0.437187 0.151418 0.000107799 0.11227 0.0231406 0.0391666 0.000363314 2.61078e-05 0.000392849 0.0103378 0.0532087 0.00250201 0.0926432 0.000331918 0.0010534 0.075334 
0.000169414 0.378457 0.00749191 4.70836e-05 0.119844 0.0881841 0.0201026 0.00169872 0.000303859 0.00433698 7.03707e-05 0.313325 0.0472992 0.0180696 1.20736e-06 7.52162e-10 0.000599513 
7.62952e-08 0.967288 0.000269274 9.58317e-05 0.000906205 0.000253785 0.0149244 0.00338534 0.00836567 0.000634148 2.21425e-05 1.33076e-08 0.000979859 0.00212663 2.05591e-07 1.07955e-07 0.000748373 
0.000968831 0.360924 0.0435219 0.000181303 0.193614 0.0458232 0.2021 0.00496628 0.000665559 0.0701006 0.0266307 0.0448682 0.00276416 0.00246588 1.02481e-05 7.13951e-06 0.000387409 
2.67961e-06 0.712149 1.83647e-06 2.91619e-07 0.203265 0.00303202 0.00244125 0.00276081 0.0017837 4.17719e-06 0.000390001 0.00152395 0.0160288 0.0566155 8.5404e-09 4.48454e-09 1.42533e-06 
0.000123801 0.327533 0.0320365 2.58436e-06 0.0291741 0.140166 0.311099 0.0260806 4.0365e-06 0.0142897 0.0253904 0.0753849 0.0157254 0.00209582 1.05635e-06 9.01849e-07 0.000892455 
0.00250822 0.390243 0.0717887 0.000500825 0.199977 0.0447142 0.0835119 0.0051073 1.31308e-06 0.00927158 0.0330665 0.0926382 0.0177549 0.00452268 0.00774037 0.00010068 0.0365518 
0.000933876 0.590031 0.00343402 6.42681e-05 0.0170062 0.0705893 0.00276765 0.000270531 7.05392e-09 3.98832e-05 0.00010016 0.0540668 0.25992 0.000335613 0.000125497 6.08717e-07 0.000314955 
0.00970885 0.430233 0.0270343 0.0576559 0.045973 0.0699694 0.20305 0.00163201 0.00503649 0.0239065 0.00126397 0.0740924 0.0188986 0.000714311 9.78535e-06 0.000746163 0.0300762 
7.13538e-05 0.537854 0.073361 1.33068e-05 0.0302851 0.125859 0.0805073 0.0015086 1.02057e-06 0.0077231 0.000424765 0.0770437 0.0645172 7.62884e-05 0.000220813 3.33846e-08 0.000533873 
0.00354551 0.381818 0.167535 0.000179547 0.221599 0.0845308 0.014532 0.0104929 7.04649e-08 0.00146146 0.00184415 0.0142249 0.0474775 0.0409159 1.46641e-05 1.52554e-05 0.00981217 
