0.00697827 0.0416157 0.0266278 8.81957e-05 0.190295 0.0111567 0.0249309 0.00935333 2.01451e-05 0.00402493 0.467997 0.00987712 0.000558761 0.206182 0.000182748 1.06283e-06 0.000109956 
6.89693e-05 0.013038 0.0183534 1.23589e-06 0.320809 0.00948503 0.00111274 0.000429669 2.02443e-07 0.0107481 0.368936 0.0500072 0.00680987 0.200185 1.26113e-05 3.48492e-07 1.23819e-06 
0.00200221 0.0483322 0.0527863 0.000100126 0.0252787 0.17077 0.253819 0.0183871 0.000304406 0.0441781 0.279666 0.080942 0.00146782 0.00226976 3.79701e-05 0.00211756 0.0175406 
0.00151784 0.00859901 0.0108346 9.61024e-05 0.184833 0.0668599 0.00209771 9.65599e-05 1.04291e-05 1.87448e-05 0.627161 0.00129019 5.88721e-05 0.0934932 0.000260583 1.23935e-08 0.00277205 
4.20243e-05 0.031813 0.0453581 6.16028e-05 0.246448 0.128533 0.0342244 0.000645103 8.49273e-08 0.00197022 0.468527 0.0269493 0.000847738 0.00731699 0.00067002 0.000139251 0.00645393 
0.000143121 0.000888248 0.0409945 4.29019e-05 0.183149 0.00205202 0.000584549 0.0202996 7.56463e-08 0.0104747 0.725544 0.00174778 4.59176e-05 0.0140063 2.62777e-07 1.6935e-12 2.71037e-05 
0.0253218 0.0734269 0.0535343 0.00420475 0.108223 0.0413217 0.0775752 0.047076 1.4723e-05 0.017692 0.406159 0.0528631 0.0110574 0.0734556 0.000648936 0.000731224 0.00669494 
0.000753448 0.0079886 0.00590245 2.52645e-05 0.0704797 0.0634954 0.00782843 0.000448571 9.52462e-07 0.000280363 0.833525 0.00139779 0.000516921 0.00435524 0.000391617 9.24836e-08 0.00261045 
0.000161689 0.00258643 0.00350522 6.47196e-07 0.11902 0.00295125 0.000486087 4.50058e-06 1.3942e-08 0.00139431 0.664726 0.00161128 9.46421e-05 0.203428 2.72606e-05 2.3434e-11 2.45455e-06 
5.17435e-05 0.00349869 0.00653028 4.09831e-05 0.00276843 0.0295355 0.207474 0.00151936 1.19388e-06 0.00728224 0.692875 0.047611 0.000369533 0.000261453 2.00486e-06 1.36503e-05 0.000164896 
3.67559e-05 0.0817045 0.0866959 0.000203013 0.141657 0.0312424 0.00491224 0.00422802 1.85679e-07 2.21244e-05 0.414323 0.0111811 0.0195661 0.201472 0.00129184 1.99747e-07 0.00146399 
0.000339003 0.0176626 0.0754234 0.000400889 0.270667 0.050541 0.0312789 0.0197787 1.85512e-05 0.0194152 0.404359 0.0290458 0.00163219 0.0460029 0.0195129 0.002382 0.0115398 
0.000612212 0.00822951 0.119363 1.73269e-05 0.0336632 0.0498153 0.0129008 0.0148321 3.87333e-06 0.00137343 0.718258 0.00154031 0.000309089 0.0386386 0.000350459 1.69177e-12 9.33338e-05 
0.00520618 0.0400633 0.00790485 8.38838e-05 0.0973424 0.0574431 0.0188699 0.000945885 1.91065e-05 0.0032035 0.695498 0.00852648 0.00247216 0.0454367 0.00212469 1.0453e-06 0.0148584 
7.48275e-06 0.00177617 0.00696934 2.51056e-05 0.192254 0.0305447 0.00112545 9.09994e-05 2.99681e-07 1.59298e-05 0.644219 0.00113795 3.84608e-05 0.114514 0.000354032 4.01257e-06 0.00692275 
0.00620459 0.0716108 0.0243316 3.05651e-05 0.133359 0.0849621 0.0128256 0.00303217 9.89076e-07 0.0158314 0.516224 0.00606863 0.00557056 0.11896 0.000763089 1.2818e-10 0.000225049 
5.49614e-06 0.001653 0.00512904 1.92989e-05 0.194078 0.0290658 0.00100234 8.15853e-05 1.36812e-07 1.28701e-05 0.653248 0.00105452 3.53705e-05 0.111493 0.000278914 1.56086e-08 0.00284279 
4.32102e-06 0.000897561 0.00252816 7.28511e-06 0.00847638 0.00300876 0.00130347 0.000188133 1.04826e-06 2.09046e-09 0.750914 0.00107925 4.16145e-05 0.231472 4.25451e-06 1.25571e-12 7.41956e-05 
0.000841279 0.0889987 0.0514739 1.70089e-05 0.21968 0.052174 0.0958511 0.01266 5.18251e-07 0.00680782 0.328001 0.0980379 0.010861 0.0151988 4.58375e-05 5.41071e-06 0.0193451 
0.00721145 0.0743808 0.0301474 0.000290535 0.137642 0.0298505 0.0770465 0.0142182 0.0217327 0.0010713 0.301253 0.0922445 0.0737863 0.0892548 0.00449378 2.05994e-06 0.0453738 
0.00255014 0.0052184 0.0146178 1.56809e-05 0.0471225 0.0439156 0.00802167 0.0050651 1.06032e-06 0.00108612 0.861574 0.00429818 0.00156538 0.00353988 0.000232884 1.50109e-08 0.0011752 
0.00159196 0.00962315 0.0402788 1.66266e-05 0.189965 0.0364601 0.0318246 0.00652066 1.70648e-06 0.00175024 0.337233 0.019319 0.00107016 0.321387 0.000226929 4.85667e-05 0.0026824 
0.00533447 0.0950828 0.0476099 0.000161045 0.100162 0.0577145 0.0153964 0.0075222 1.24614e-05 0.00397754 0.608626 0.0167062 0.00840683 0.0216299 0.000243794 0.000184483 0.0112289 
0.00870537 0.231892 0.0185439 0.000234742 0.15036 0.0553076 0.0239547 0.000908075 1.45632e-05 0.0113402 0.395673 0.0273026 0.0155149 0.00467283 0.000377628 8.0248e-06 0.0551904 
0.0110691 0.215478 0.0319172 0.00297271 0.0548777 0.259753 0.0705598 0.0125724 3.06022e-05 0.0106158 0.284442 0.0327786 0.0027371 0.00350046 0.000213741 0.000258265 0.00622381 
0.000227094 0.00166722 0.00846912 9.19436e-07 0.111966 0.0940299 0.00629466 0.000229789 7.02148e-08 0.00961328 0.757073 0.00286816 6.73158e-05 0.0067088 3.97328e-05 4.28351e-10 0.000745135 
3.14043e-05 0.00892843 0.0132134 8.00468e-07 0.13946 0.0456283 0.0121204 0.000931068 4.73855e-08 9.50407e-05 0.729164 0.00642206 0.00023303 0.043252 0.00032268 2.09216e-05 0.000176627 
0.095438 0.0886025 0.000415951 9.43151e-05 0.0258163 0.0346927 0.050497 0.00322918 0.000236868 0.000224933 0.437959 0.0161476 0.242227 0.00147559 0.000249011 8.24223e-08 0.00269392 
1.49554e-05 0.00108746 0.000290969 7.54155e-11 0.017628 0.00021092 6.64796e-06 5.79089e-05 1.12514e-09 3.11163e-05 0.979814 0.000519791 1.1097e-08 0.000335655 1.76651e-08 5.95599e-12 2.50005e-06 
6.89693e-05 0.013038 0.0183534 1.23589e-06 0.320809 0.00948503 0.00111274 0.000429669 2.02443e-07 0.0107481 0.368936 0.0500072 0.00680987 0.200185 1.26113e-05 3.48492e-07 1.23819e-06 
0.000192868 0.024165 0.00198626 4.17847e-05 0.0509149 0.0243656 0.0246684 0.00129366 6.23957e-05 0.00558088 0.786576 0.0277725 0.0448325 0.00226601 6.78328e-06 6.72374e-05 0.00520699 
0.000327568 0.0301319 0.0587559 0.039836 0.311851 0.0406865 0.0227696 0.00460496 1.40516e-09 0.00142437 0.334786 0.0196954 0.00298321 0.1085 4.77048e-05 0.000578383 0.0230216 
0.00908969 0.0517115 0.0750583 0.000259017 0.235026 0.0478135 0.0628807 2.92248e-05 2.75788e-07 0.00149156 0.432095 0.037178 0.000238877 0.00799766 4.41111e-05 3.55525e-08 0.0390863 
0.000227094 0.00166722 0.00846912 9.19436e-07 0.111966 0.0940299 0.00629466 0.000229789 7.02148e-08 0.00961328 0.757073 0.00286816 6.73158e-05 0.0067088 3.97328e-05 4.28351e-10 0.000745135 
1.62682e-05 0.0430385 0.0549902 0.000190248 0.199607 0.13589 0.0406837 0.00434916 0.000209099 0.0183631 0.239713 0.0274026 0.00265987 0.216678 3.91005e-05 1.2912e-05 0.0161579 
0.00320871 0.0685822 0.0259471 5.28949e-05 0.183114 0.122422 0.0142839 0.00876271 1.93845e-06 0.00239895 0.514498 0.0243858 0.00582605 0.0172705 0.00805129 9.50791e-05 0.00109808 
5.49614e-06 0.001653 0.00512904 1.92989e-05 0.194078 0.0290658 0.00100234 8.15853e-05 1.36812e-07 1.28701e-05 0.653248 0.00105452 3.53705e-05 0.111493 0.000278914 1.56086e-08 0.00284279 
0.000223108 0.00865488 0.00987085 2.41695e-05 0.260504 0.0554133 0.0307527 0.000221432 3.30136e-07 0.00772331 0.606627 0.00664774 0.0069683 0.00256125 0.000121395 1.12933e-06 0.0036857 
0.00272654 0.0342375 0.0277464 3.99102e-05 0.205789 0.0432553 0.0222755 0.00279895 2.23297e-05 0.00678438 0.551555 0.0270929 0.00510784 0.0674613 0.000566479 0.000158011 0.00238247 
0.00336072 0.043916 0.0299779 5.39536e-06 0.0571204 0.0444005 0.0398252 0.00202083 2.71191e-05 0.0168216 0.715187 0.00694743 0.000325117 0.0137503 0.0261325 3.15119e-06 0.000178757 
0.00132792 0.0151496 0.0121311 4.56442e-05 0.0928499 0.0382143 0.0137358 0.0326315 0.00889982 0.0163457 0.726449 0.00939766 0.0179492 0.00490957 0.00396427 0.00185678 0.00414186 
0.00200736 0.00643336 0.00482379 6.79551e-05 0.10565 0.066344 0.00510566 0.00030924 1.79509e-07 0.000568222 0.760804 0.00167068 0.00187751 0.00761497 0.000552311 2.7158e-07 0.0361705 
3.92625e-05 0.00420724 0.0217499 0.000101422 0.0308261 0.0166451 0.00431452 0.00783438 4.00991e-10 0.000813068 0.898998 0.00275897 1.47513e-05 0.00543483 1.05469e-06 7.41713e-09 0.00626099 
1.49554e-05 0.00108746 0.000290969 7.54155e-11 0.017628 0.00021092 6.64796e-06 5.79089e-05 1.12514e-09 3.11163e-05 0.979814 0.000519791 1.1097e-08 0.000335655 1.76651e-08 5.95599e-12 2.50005e-06 
0.095438 0.0886025 0.000415951 9.43151e-05 0.0258163 0.0346927 0.050497 0.00322918 0.000236868 0.000224933 0.437959 0.0161476 0.242227 0.00147559 0.000249011 8.24223e-08 0.00269392 
5.49614e-06 0.001653 0.00512904 1.92989e-05 0.194078 0.0290658 0.00100234 8.15853e-05 1.36812e-07 1.28701e-05 0.653248 0.00105452 3.53705e-05 0.111493 0.000278914 1.56086e-08 0.00284279 
5.06954e-05 0.0166233 0.00208255 0.000304687 0.0629745 0.0461473 0.00975562 0.00405514 5.6548e-12 0.000101556 0.810914 0.00303731 2.44091e-05 0.018751 2.85905e-08 1.29377e-08 0.0251779 
0.00255676 0.0438246 0.0170342 3.099e-05 0.0860705 0.0484744 0.0299365 0.00122553 1.8121e-05 0.00296454 0.717241 0.0118923 0.00137153 0.0342659 0.0014418 3.05417e-05 0.0016208 
0.0666031 0.0928828 0.0297668 0.000693012 0.0181365 0.0957838 0.128888 0.154329 0.00170704 0.0097194 0.232106 0.0149998 0.146167 0.00495698 0.000623834 3.72572e-08 0.00263646 
0.00105252 0.0158483 0.0131552 0.0216218 0.291462 0.114862 0.0365686 0.00489045 2.00731e-06 0.0104012 0.399017 0.0313852 0.00510854 0.0418563 0.0113299 6.4425e-07 0.00143862 
0.0024887 0.00777508 0.00602973 8.4943e-05 0.107598 0.0822562 0.00638207 0.000385106 1.40255e-07 0.000710275 0.727144 0.00208835 0.00219834 0.00895538 0.000690381 1.13983e-08 0.0452132 
0.000225745 0.000476393 0.0149968 5.29437e-10 0.00317955 0.00220777 0.021808 0.00307009 6.09377e-07 0.00785415 0.936971 0.00887533 0.00012958 0.000149821 2.11013e-06 1.50425e-05 3.81803e-05 
6.05236e-05 0.00118327 0.000476951 8.46805e-08 0.196894 0.267478 0.00251287 4.6504e-05 1.27863e-11 3.13376e-08 0.49462 0.00137676 0.000417625 0.00568399 0.0106569 1.09108e-11 0.0185923 
0.00512987 0.024045 0.0443346 0.000243912 0.108444 0.0625715 0.0121272 0.0236376 2.53063e-06 0.00473577 0.657415 0.00701929 0.00307846 0.0421097 0.000265873 0.000187338 0.00465172 
0.00294322 0.0153363 0.0383732 0.000454619 0.11071 0.206829 0.0885074 0.071025 2.35531e-05 0.0106281 0.39713 0.0176651 0.0144286 0.00190136 0.0132795 1.98624e-07 0.0107652 
4.32102e-06 0.000897561 0.00252816 7.28511e-06 0.00847638 0.00300876 0.00130347 0.000188133 1.04826e-06 2.09046e-09 0.750914 0.00107925 4.16145e-05 0.231472 4.25451e-06 1.25571e-12 7.41956e-05 
0.00088714 0.0343549 0.0414581 8.90777e-06 0.19131 0.0777064 0.0362782 0.00207952 6.619e-07 0.0138881 0.358345 0.00507274 2.32996e-05 0.221742 7.07108e-05 5.28789e-05 0.0167217 
6.05236e-05 0.00118327 0.000476951 8.46805e-08 0.196894 0.267478 0.00251287 4.6504e-05 1.27863e-11 3.13376e-08 0.49462 0.00137676 0.000417625 0.00568399 0.0106569 1.09108e-11 0.0185923 
0.000549341 0.104037 0.0603596 1.17715e-05 0.252316 0.0436898 0.037507 0.000319444 5.77815e-05 0.000806364 0.424236 0.0204852 0.00456024 0.00428792 1.14492e-07 0.044345 0.00243179 
0.000386113 0.0415322 0.126538 3.38077e-06 0.215927 0.0271471 0.0311778 0.000459279 4.78542e-07 0.0130307 0.529465 0.0035677 0.000133864 0.00838655 0.00171659 6.06525e-10 0.000528362 
4.32102e-06 0.000897561 0.00252816 7.28511e-06 0.00847638 0.00300876 0.00130347 0.000188133 1.04826e-06 2.09046e-09 0.750914 0.00107925 4.16145e-05 0.231472 4.25451e-06 1.25571e-12 7.41956e-05 
0.00100318 0.0152277 0.00342014 2.74979e-05 0.0696371 0.0300141 0.00305062 0.000423891 1.29305e-07 3.04855e-05 0.861279 0.00504846 0.00695463 0.00339898 0.00032602 4.23128e-06 0.000153936 
0.0023191 0.0380348 0.0900727 0.000232124 0.0608582 0.0374706 0.0335045 0.0124704 0.000108727 0.00410276 0.587531 0.0347942 0.0561817 0.0371177 0.000262338 0.000404217 0.00453529 
0.0113031 0.0404264 0.0321247 0.000345311 0.250695 0.0913138 0.0189315 0.0200389 0.00447997 0.00371149 0.309988 0.0130946 0.000964794 0.19523 0.0020846 3.39001e-05 0.005235 
1.35698e-08 7.55684e-05 4.29931e-10 1.45806e-08 0.00712607 7.33795e-09 1.25534e-05 4.90122e-05 2.22364e-12 4.3631e-13 0.990468 1.24697e-05 3.01326e-09 0.00206324 2.66462e-08 1.89747e-12 0.000193257 
4.5871e-05 0.0713866 0.158208 0.00269236 0.139909 0.175005 0.0521506 0.066946 7.16428e-07 0.000583065 0.249258 0.0301091 0.0316465 0.0184893 4.01365e-05 8.40525e-06 0.00352156 
0.000299199 0.00567375 0.210032 2.33642e-05 0.281416 0.0132554 0.00789172 0.033145 9.10395e-09 0.0235828 0.383057 0.00499217 0.00349965 0.0266729 0.00644108 5.57205e-11 1.84175e-05 
0.00279818 0.00338323 0.0272133 2.63069e-06 0.085408 0.00728903 0.00104861 0.00158485 3.96656e-07 0.00517858 0.713749 0.00080036 0.000226142 0.14752 0.00244335 7.60512e-12 0.00135411 
0.0265279 0.0873691 0.00166108 1.35331e-05 0.389422 0.0238186 0.0333356 0.00176375 1.63208e-05 0.00024993 0.419453 0.00713603 0.00219041 0.00473495 0.000402233 3.28865e-06 0.00190292 
1.09773e-05 0.00119411 0.00343903 1.66005e-06 0.0239356 0.00393817 0.00223833 0.00052682 2.39493e-07 0.000203817 0.901382 0.00292594 0.000488524 0.0595953 9.51087e-06 1.87251e-12 0.000109487 
0.00134673 0.0091438 0.0194986 2.5334e-05 0.0313172 0.0473691 0.0848092 0.00348296 1.28667e-06 0.00321863 0.771988 0.0235304 0.00137915 0.00196922 4.25912e-05 7.53116e-05 0.000802288 
0.000567653 0.00793244 0.012775 0.000240487 0.072751 0.0273271 0.0138108 0.00932573 7.89285e-06 0.00181474 0.732972 0.0104916 0.00221867 0.102498 8.85475e-05 0.000122346 0.00505637 
0.000188566 0.00603991 0.0120783 6.27888e-05 0.0234097 0.020064 0.0217566 0.00479998 1.6945e-07 0.00320384 0.88868 0.00912831 9.9224e-05 0.00467905 4.56803e-06 1.23416e-05 0.00579231 
4.53491e-05 0.00471551 0.00643752 1.45325e-08 0.120327 0.0136452 0.0023893 0.00270852 2.03044e-09 2.09772e-06 0.808952 0.0185363 9.12476e-05 0.0219984 6.46545e-05 1.09497e-05 7.63692e-05 
0.00526767 0.307138 0.0255511 0.000613822 0.0711554 0.127105 0.0302959 0.0438505 4.2817e-06 0.0193258 0.315584 0.00752011 0.00824798 0.0116246 0.000644303 2.43805e-06 0.0260697 
0.000489748 0.0180482 0.0158952 0.00019837 0.119722 0.138675 0.23044 0.00346579 2.02443e-05 0.00592213 0.295949 0.0996226 0.0331519 0.0196097 0.000104866 7.34847e-05 0.0186119 
0.000743682 0.00534364 0.0856755 1.44247e-11 0.331886 0.00591928 0.0226472 3.79613e-06 4.15371e-08 0.00449088 0.388737 0.0183275 0.00267982 0.130149 9.63213e-11 0.003397 8.84533e-08 
0.00100318 0.0152277 0.00342014 2.74979e-05 0.0696371 0.0300141 0.00305062 0.000423891 1.29305e-07 3.04855e-05 0.861279 0.00504846 0.00695463 0.00339898 0.00032602 4.23128e-06 0.000153936 
0.00706234 0.000573785 0.0030395 8.11319e-06 0.0088343 0.00315129 0.00558581 0.00206514 2.76539e-07 0.00182727 0.95605 0.00947745 0.000164292 0.000350615 2.59767e-06 2.40689e-06 0.00180507 
4.32102e-06 0.000897561 0.00252816 7.28511e-06 0.00847638 0.00300876 0.00130347 0.000188133 1.04826e-06 2.09046e-09 0.750914 0.00107925 4.16145e-05 0.231472 4.25451e-06 1.25571e-12 7.41956e-05 
0.0253611 0.0306269 0.00547612 0.000282338 0.0857576 0.024187 0.011116 0.00146351 1.6809e-05 0.000441347 0.41475 0.00504062 0.00403457 0.390948 7.88817e-05 7.9704e-07 0.000417883 
0.00487967 0.0989072 0.0565532 9.5325e-05 0.234749 0.067385 0.034941 0.0110999 0.000178048 0.0142105 0.373042 0.0402338 0.0487147 0.0126727 0.000462315 2.5055e-05 0.00185073 
0.00165936 0.0172867 0.0971386 2.7961e-05 0.0254537 0.0794286 0.0204879 0.0167714 8.39299e-06 0.00132537 0.734751 0.0022002 0.0010885 0.00227335 6.64579e-06 2.38807e-12 9.18582e-05 
2.59669e-05 0.0170633 0.0669814 0.0161971 0.193425 0.0714808 0.010406 0.0128044 3.14432e-06 0.0207014 0.288999 0.0253474 0.000288204 0.272183 0.000219517 1.94684e-07 0.00387495 
0.117269 0.000263899 1.52107e-05 1.69505e-08 0.0268598 1.86479e-13 0.000315052 0.000102239 8.88984e-10 5.63136e-13 0.855054 1.49827e-06 1.78868e-05 5.80934e-05 4.66394e-12 2.44903e-12 4.40384e-05 
6.82136e-05 0.0259686 0.134041 3.88991e-05 0.0371751 0.0894164 0.190599 0.00245156 9.46621e-07 0.00790198 0.431421 0.0772181 0.00268494 0.000584972 0.000131252 8.66788e-06 0.000288956 
0.000227094 0.00166722 0.00846912 9.19436e-07 0.111966 0.0940299 0.00629466 0.000229789 7.02148e-08 0.00961328 0.757073 0.00286816 6.73158e-05 0.0067088 3.97328e-05 4.28351e-10 0.000745135 
6.12399e-06 0.000225298 0.00318143 1.85611e-10 0.0015682 0.0202941 0.0203802 0.000239275 1.14495e-07 0.00142429 0.884585 0.0675597 0.000424593 8.52333e-05 2.80393e-06 1.31965e-05 1.02257e-05 
0.00100318 0.0152277 0.00342014 2.74979e-05 0.0696371 0.0300141 0.00305062 0.000423891 1.29305e-07 3.04855e-05 0.861279 0.00504846 0.00695463 0.00339898 0.00032602 4.23128e-06 0.000153936 
0.0013963 0.0661835 0.0264248 7.81082e-05 0.126944 0.0347546 0.0257826 0.000698505 0.0043242 0.00230095 0.684937 0.0101429 0.000888838 0.00748905 0.000190208 0.000222144 0.00724217 
0.00077549 0.00163356 6.39571e-05 1.81668e-11 0.401876 0.000188882 3.85565e-07 0.000834434 1.35042e-08 1.47444e-05 0.577989 0.0020623 2.74326e-11 0.0144115 1.60573e-06 5.88671e-09 0.000148424 
0.000200347 0.00048642 0.0207822 4.79525e-06 0.0396206 0.00105898 0.00578869 0.00401004 2.06159e-07 0.00547603 0.916058 0.00339846 3.88195e-05 0.00305096 6.93151e-07 3.42211e-06 2.09371e-05 
0.00237857 0.10575 0.0591492 5.0423e-05 0.231921 0.0525152 0.0277012 0.00891096 9.43604e-06 0.0465346 0.43279 0.00416378 0.0165415 0.00756964 0.00329714 3.69635e-05 0.000681709 
2.2942e-05 0.00138514 0.0671538 7.3026e-06 0.0323335 0.0109383 0.00473486 0.00877929 7.3602e-08 0.00166332 0.52145 0.00144961 5.985e-05 0.345408 0.000163462 1.13756e-09 0.0044504 
0.00221838 0.150654 0.141118 4.54488e-05 0.167189 0.0343559 0.180413 0.00890567 9.30532e-05 0.0438846 0.224085 0.0160511 0.00843568 0.0188141 0.000436542 5.00916e-05 0.00325011 
0.00389362 0.0454303 0.0431488 0.00588502 0.215422 0.083953 0.0383727 0.00947813 8.55482e-06 0.00735216 0.426186 0.0465401 0.0053445 0.0651794 0.00251024 0.000132556 0.0011625 
5.49614e-06 0.001653 0.00512904 1.92989e-05 0.194078 0.0290658 0.00100234 8.15853e-05 1.36812e-07 1.28701e-05 0.653248 0.00105452 3.53705e-05 0.111493 0.000278914 1.56086e-08 0.00284279 
0.000227022 0.00167077 0.00846901 9.15738e-07 0.0379616 0.088893 0.00516652 0.000229764 2.07103e-10 0.00667436 0.844759 0.00276376 6.72994e-05 0.00233182 3.97037e-05 1.65277e-10 0.000745032 
0.000882745 0.0224394 0.0688577 5.3653e-06 0.144274 0.0844969 0.0163169 0.0202211 1.04992e-05 0.00413505 0.600147 0.00811775 0.00174909 0.0278556 0.000208639 1.49592e-10 0.000281505 
0.0054656 0.0235547 0.0232884 0.000170647 0.079513 0.0531812 0.0388498 0.00526113 9.92986e-06 0.00454174 0.737824 0.0141773 0.00357822 0.00719464 0.000375522 0.000208647 0.00280553 
6.86092e-07 0.314665 0.00830459 6.92251e-06 0.0387931 2.66853e-12 0.0198409 1.01987e-11 4.14808e-09 7.22051e-07 0.603483 0.00599073 0.00884569 3.6252e-07 6.67414e-11 3.50457e-11 6.82491e-05 
2.40602e-06 0.172376 2.40754e-06 0.00963072 0.243168 0.0941394 0.0370782 0.0115563 0.0507451 0.00168745 0.284311 0.0476704 2.40671e-06 0.0166089 0.0153819 0.0156368 2.40637e-06 
0.00562561 0.0051307 0.0141619 8.99895e-06 0.0271668 0.0660642 0.00818439 0.00500213 1.33721e-06 0.000929588 0.856415 0.00526125 0.00177174 0.00346721 8.13493e-05 2.97443e-12 0.000727584 
7.47283e-06 0.00125721 0.133013 3.30601e-06 0.0404886 0.0164584 0.00269578 0.00863762 1.73629e-08 0.00104146 0.695352 0.00077307 3.40346e-06 0.0995905 0.000606347 9.59775e-13 7.2471e-05 
0.000199616 0.0039844 0.162877 1.30237e-05 0.0320568 0.054382 0.0106661 0.00546797 6.68701e-07 0.0012245 0.423911 0.00736061 0.000110863 0.277367 8.82194e-05 1.58173e-11 0.0202901 
3.03623e-05 0.0988401 0.0906337 4.56956e-05 0.210419 0.093614 0.0121862 0.00376332 8.51021e-05 0.00357336 0.268678 0.0263976 0.0062923 0.182251 0.00271822 0.000183364 0.00028913 
0.000113681 0.0956423 0.12055 7.53059e-05 0.142723 0.147939 0.0245397 0.0056635 0.0002054 0.00482629 0.34599 0.0245389 0.00113135 0.0816937 0.000151114 1.09888e-07 0.00421662 
5.49614e-06 0.001653 0.00512904 1.92989e-05 0.194078 0.0290658 0.00100234 8.15853e-05 1.36812e-07 1.28701e-05 0.653248 0.00105452 3.53705e-05 0.111493 0.000278914 1.56086e-08 0.00284279 
0.00221642 0.0351716 0.0331394 1.26211e-05 0.370244 0.0384395 0.00698191 0.00231079 3.65427e-06 0.00369318 0.438198 0.00195312 0.00123748 0.0651319 0.000767997 3.79116e-08 0.000497993 
0.00041094 0.0157287 0.163326 0.00015283 0.0670914 0.281562 0.0182924 0.049596 6.86571e-06 0.000616735 0.370667 0.0292092 0.000928094 0.00223393 5.33748e-06 8.30029e-09 0.000172518 
5.49614e-06 0.001653 0.00512904 1.92989e-05 0.194078 0.0290658 0.00100234 8.15853e-05 1.36812e-07 1.28701e-05 0.653248 0.00105452 3.53705e-05 0.111493 0.000278914 1.56086e-08 0.00284279 
5.06954e-05 0.0166233 0.00208255 0.000304687 0.0629745 0.0461473 0.00975562 0.00405514 5.6548e-12 0.000101556 0.810914 0.00303731 2.44091e-05 0.018751 2.85905e-08 1.29377e-08 0.0251779 
0.00310452 0.0309507 0.0528268 0.00047827 0.126163 0.050959 0.0232421 0.0144207 0.000598624 0.00724524 0.477394 0.0076157 0.00252214 0.192959 0.000402955 0.000809838 0.0083074 
0.0024887 0.00777508 0.00602973 8.4943e-05 0.107598 0.0822562 0.00638207 0.000385106 1.40255e-07 0.000710275 0.727144 0.00208835 0.00219834 0.00895538 0.000690381 1.13983e-08 0.0452132 
9.60204e-06 0.00139028 0.036418 1.92724e-05 0.0202255 0.0100134 0.00242445 0.00969134 6.82824e-07 0.000193123 0.700543 0.00139326 3.1603e-05 0.216656 0.000138778 1.26059e-12 0.000851865 
0.000227022 0.00167077 0.00846901 9.15738e-07 0.0379616 0.088893 0.00516652 0.000229764 2.07103e-10 0.00667436 0.844759 0.00276376 6.72994e-05 0.00233182 3.97037e-05 1.65277e-10 0.000745032 
1.17911e-05 0.0480151 0.0354553 1.69498e-05 0.297661 0.0621526 0.0373182 0.000616747 4.37424e-08 0.0102712 0.376527 0.00164091 0.000534936 0.128832 9.50639e-06 0.000723806 0.000214074 
0.00352785 0.108765 0.0386489 0.00682257 0.317073 0.0359457 0.0330534 0.00783369 8.43399e-05 0.00648538 0.370945 0.0154525 0.0184681 0.0330194 0.000125614 7.24103e-06 0.00374171 
0.000227094 0.00166722 0.00846912 9.19436e-07 0.111966 0.0940299 0.00629466 0.000229789 7.02148e-08 0.00961328 0.757073 0.00286816 6.73158e-05 0.0067088 3.97328e-05 4.28351e-10 0.000745135 
8.9022e-05 0.00144433 0.00602269 0.000101068 0.23917 0.0270737 0.00228564 0.000514601 4.80806e-07 0.000191764 0.706095 0.00180188 0.000591028 0.00347771 9.74508e-05 2.12347e-07 0.0110431 
3.14043e-05 0.00892843 0.0132134 8.00468e-07 0.13946 0.0456283 0.0121204 0.000931068 4.73855e-08 9.50407e-05 0.729164 0.00642206 0.00023303 0.043252 0.00032268 2.09216e-05 0.000176627 
0.00154261 0.0120156 0.000242409 4.32448e-07 0.0450816 0.00214012 0.000815807 0.000416079 7.71446e-09 0.000814448 0.932984 0.000823574 0.00118468 0.00114175 0.000622166 4.87815e-12 0.000175057 
0.000115417 0.00128715 1.55617e-05 6.76409e-07 0.0139004 0.00482789 0.00241506 0.000925703 9.23413e-09 0.00249019 0.90969 0.0593613 0.0043943 8.52682e-05 2.81828e-06 0.00048593 1.88346e-06 
4.67297e-05 0.00687961 0.00950917 1.44805e-05 0.197946 0.183184 0.0154032 6.11965e-05 3.61057e-06 0.000615914 0.493458 0.00733062 0.000564751 0.0594988 0.00735877 3.02687e-05 0.0180952 
0.0013722 0.0245917 0.0638769 0.000654369 0.0623473 0.0876008 0.0241221 0.0846988 1.84568e-06 0.0107078 0.611648 0.0128034 0.000666782 0.0122972 9.90437e-05 0.000946391 0.0015656 
2.57477e-05 0.00149714 0.0366502 5.45977e-06 0.0507228 0.00992541 0.00288739 0.00679538 4.1965e-08 0.00125308 0.728202 0.00236041 0.00019904 0.159114 0.000149234 4.57985e-07 0.000212268 
8.44747e-05 0.0145063 0.151327 3.23107e-06 0.0492941 0.0532335 0.0197858 0.00649897 6.73034e-08 0.00434901 0.595412 0.0200255 0.000568603 0.0840013 0.000466621 7.50305e-05 0.000368165 
5.49614e-06 0.001653 0.00512904 1.92989e-05 0.194078 0.0290658 0.00100234 8.15853e-05 1.36812e-07 1.28701e-05 0.653248 0.00105452 3.53705e-05 0.111493 0.000278914 1.56086e-08 0.00284279 
0.000177112 0.00337044 0.0988924 0.00116967 0.0242474 0.0675391 0.0283523 0.0358531 2.13281e-07 0.034089 0.687852 0.00958742 5.07788e-05 0.0022072 3.59057e-05 4.25976e-05 0.00653298 
6.24389e-05 0.0180427 0.00217273 0.000204813 0.306453 0.000971336 0.000362324 0.000151574 0.0792561 3.03357e-11 0.553748 0.00105174 0.000266619 0.0228248 2.51243e-10 4.31316e-06 0.014427 
0.000753448 0.0079886 0.00590245 2.52645e-05 0.0704797 0.0634954 0.00782843 0.000448571 9.52462e-07 0.000280363 0.833525 0.00139779 0.000516921 0.00435524 0.000391617 9.24836e-08 0.00261045 
0.000227022 0.00167077 0.00846901 9.15738e-07 0.0379616 0.088893 0.00516652 0.000229764 2.07103e-10 0.00667436 0.844759 0.00276376 6.72994e-05 0.00233182 3.97037e-05 1.65277e-10 0.000745032 
0.0186227 0.0697718 0.0723183 0.0085151 0.181858 0.0479704 0.108978 0.0233554 2.29984e-05 0.00971025 0.234662 0.0398128 0.0128025 0.0918308 0.00124211 0.000456871 0.0780696 
6.10698e-05 0.0437394 0.0747876 0.000105862 0.292101 0.0496555 0.0194514 0.102262 2.89413e-07 0.00480592 0.315194 0.0168586 0.00169071 0.0703543 0.00735977 3.92484e-06 0.00156894 
0.000284327 0.00158354 0.00453068 2.14699e-05 0.000608713 0.0108992 0.172298 0.000848135 1.3882e-06 0.00400751 0.760705 0.0439721 7.80461e-05 4.18229e-05 2.882e-07 8.03033e-06 0.000111655 
0.095438 0.0886025 0.000415951 9.43151e-05 0.0258163 0.0346927 0.050497 0.00322918 0.000236868 0.000224933 0.437959 0.0161476 0.242227 0.00147559 0.000249011 8.24223e-08 0.00269392 
5.49614e-06 0.001653 0.00512904 1.92989e-05 0.194078 0.0290658 0.00100234 8.15853e-05 1.36812e-07 1.28701e-05 0.653248 0.00105452 3.53705e-05 0.111493 0.000278914 1.56086e-08 0.00284279 
0.00562561 0.0051307 0.0141619 8.99895e-06 0.0271668 0.0660642 0.00818439 0.00500213 1.33721e-06 0.000929588 0.856415 0.00526125 0.00177174 0.00346721 8.13493e-05 2.97443e-12 0.000727584 
0.00784319 0.0433922 0.0597215 0.0127803 0.244735 0.0646917 0.0147644 0.0133243 3.08787e-05 0.0090447 0.446181 0.0167522 0.00363882 0.0584153 0.000679153 1.16982e-05 0.00399418 
5.49614e-06 0.001653 0.00512904 1.92989e-05 0.194078 0.0290658 0.00100234 8.15853e-05 1.36812e-07 1.28701e-05 0.653248 0.00105452 3.53705e-05 0.111493 0.000278914 1.56086e-08 0.00284279 
0.00022772 0.014393 0.042608 9.67893e-05 0.0927543 0.173295 0.00944298 0.00514385 1.66136e-09 0.00708734 0.599077 0.0254499 6.76485e-05 0.00854669 4.03718e-05 3.48744e-06 0.0217654 
0.000227094 0.00166722 0.00846912 9.19436e-07 0.111966 0.0940299 0.00629466 0.000229789 7.02148e-08 0.00961328 0.757073 0.00286816 6.73158e-05 0.0067088 3.97328e-05 4.28351e-10 0.000745135 
0.000225745 0.000476393 0.0149968 5.29437e-10 0.00317955 0.00220777 0.021808 0.00307009 6.09377e-07 0.00785415 0.936971 0.00887533 0.00012958 0.000149821 2.11013e-06 1.50425e-05 3.81803e-05 
0.00200736 0.00643336 0.00482379 6.79551e-05 0.10565 0.066344 0.00510566 0.00030924 1.79509e-07 0.000568222 0.760804 0.00167068 0.00187751 0.00761497 0.000552311 2.7158e-07 0.0361705 
0.00077549 0.00163356 6.39571e-05 1.81668e-11 0.401876 0.000188882 3.85565e-07 0.000834434 1.35042e-08 1.47444e-05 0.577989 0.0020623 2.74326e-11 0.0144115 1.60573e-06 5.88671e-09 0.000148424 
0.00030911 0.00259238 0.0172959 6.14179e-06 0.225014 0.116559 0.0235904 0.00973353 1.36848e-07 0.00088717 0.517859 0.00724884 0.00162774 0.0683054 0.00786101 2.8525e-08 0.00110998 
0.000842094 0.00541924 0.0105547 6.19872e-05 0.0327636 0.0391814 0.00816313 0.0069454 5.81178e-07 0.00214792 0.738141 0.00363661 0.000406922 0.142764 3.19256e-05 2.93393e-07 0.0089392 
0.00587754 0.00374405 0.0439272 1.63257e-05 0.019213 0.0533458 0.00817919 0.0204306 1.54789e-06 0.00234348 0.830592 0.00732495 0.00177668 0.00261597 7.9568e-05 1.78565e-12 0.000532256 
0.00106207 0.00227973 0.0412981 6.0468e-06 0.0429858 0.0187144 0.00310208 0.00616002 1.64063e-07 0.00118671 0.861761 0.00225556 0.000419758 0.0178877 0.000200716 8.72214e-09 0.000679853 
0.00130929 0.0238664 0.0712772 4.6128e-05 0.0243944 0.0922122 0.0370504 0.013387 1.17257e-05 0.00167604 0.726338 0.00317298 0.00114144 0.00266035 0.00131651 9.09925e-09 0.00013966 
5.17435e-05 0.00349869 0.00653028 4.09831e-05 0.00276843 0.0295355 0.207474 0.00151936 1.19388e-06 0.00728224 0.692875 0.047611 0.000369533 0.000261453 2.00486e-06 1.36503e-05 0.000164896 
9.94917e-05 0.0017198 0.0156847 4.55799e-06 0.337364 0.00718578 0.00317353 0.00549703 3.52418e-07 0.0111748 0.525182 0.0161121 0.001037 0.0739054 6.68302e-06 2.04698e-08 0.00185351 
0.00310206 0.0138581 0.0251428 4.85939e-05 0.251076 0.0228646 0.0114595 0.00556037 3.02623e-05 0.00244876 0.543913 0.00868262 0.00296732 0.0970544 0.00737282 0.00223947 0.00217906 
0.00562561 0.0051307 0.0141619 8.99895e-06 0.0271668 0.0660642 0.00818439 0.00500213 1.33721e-06 0.000929588 0.856415 0.00526125 0.00177174 0.00346721 8.13493e-05 2.97443e-12 0.000727584 
0.00180527 0.018866 0.0974966 8.67565e-05 0.175491 0.038331 0.0669446 0.0753096 3.56984e-06 0.00682149 0.450888 0.0558791 0.00217853 0.00587705 0.000757108 0.0016745 0.00158983 
0.000690444 0.0280209 0.00212176 0.000155181 0.197129 0.0235837 0.00104238 0.000229914 1.04081e-05 4.1537e-05 0.658654 0.00119163 0.000141041 0.0854517 3.65494e-05 8.86566e-07 0.00149848 
0.00301732 0.171194 0.108141 2.68491e-05 0.161448 0.132375 0.0388275 0.0156119 0.000284395 0.0113521 0.226161 0.067056 0.00209206 0.058978 0.00121444 7.80351e-05 0.00214119 
0.00266217 0.00775835 0.0139448 2.89337e-05 0.111863 0.0217681 0.0022364 0.00141272 4.31972e-07 0.00190253 0.818747 0.00257344 0.00133 0.00508534 0.000423417 4.82687e-08 0.00826363 
0.000284327 0.00158354 0.00453068 2.14699e-05 0.000608713 0.0108992 0.172298 0.000848135 1.3882e-06 0.00400751 0.760705 0.0439721 7.80461e-05 4.18229e-05 2.882e-07 8.03033e-06 0.000111655 
5.17435e-05 0.00349869 0.00653028 4.09831e-05 0.00276843 0.0295355 0.207474 0.00151936 1.19388e-06 0.00728224 0.692875 0.047611 0.000369533 0.000261453 2.00486e-06 1.36503e-05 0.000164896 
0.00105252 0.0158483 0.0131552 0.0216218 0.291462 0.114862 0.0365686 0.00489045 2.00731e-06 0.0104012 0.399017 0.0313852 0.00510854 0.0418563 0.0113299 6.4425e-07 0.00143862 
0.000170892 0.00125075 0.00635272 7.17688e-07 0.237374 0.0764518 0.00472157 0.000474845 5.63294e-08 0.00721463 0.647592 0.0021517 5.06194e-05 0.0156035 3.00356e-05 2.35996e-09 0.000559649 
0.000661861 0.151622 0.012322 8.69863e-05 0.244449 0.0339019 0.0275754 0.000336904 1.73597e-05 4.31765e-08 0.276802 0.0075019 0.0297799 0.211809 0.000134854 0.00025144 0.00274789 
1.04606e-05 0.00175471 0.186218 4.62785e-06 0.049574 0.0230418 0.0037704 0.0120926 2.4227e-08 0.00145804 0.582941 0.00108229 4.76409e-06 0.137097 0.000848867 1.04266e-12 0.000101455 
0.000123606 0.141467 0.0177939 7.40017e-05 0.179743 0.0634973 0.0766423 9.85428e-05 1.14675e-06 0.0635149 0.305913 0.041902 0.0068509 0.00354289 0.098558 1.01486e-06 0.000276609 
0.000646527 0.0470502 0.00532511 0.000313559 0.217144 0.0892744 0.00968283 0.0109093 6.32199e-11 0.0013688 0.502503 0.00759251 0.00291903 0.056667 7.02537e-05 1.70836e-07 0.0485331 
0.000118464 0.0444518 0.0865475 0.000269323 0.246269 0.0595643 0.0731988 0.00154974 3.47554e-06 0.00337729 0.305905 0.0251312 0.0023338 0.141128 0.00113325 6.98697e-05 0.00894929 
0.000225745 0.000476393 0.0149968 5.29437e-10 0.00317955 0.00220777 0.021808 0.00307009 6.09377e-07 0.00785415 0.936971 0.00887533 0.00012958 0.000149821 2.11013e-06 1.50425e-05 3.81803e-05 
0.00028273 0.000484601 0.0205813 3.55942e-08 0.00321683 0.00226803 0.0241186 0.00343398 1.17715e-06 0.009641 0.925727 0.00989595 0.00014455 0.000145611 2.21413e-06 1.60143e-05 3.99124e-05 
0.000319405 0.0103666 0.0955454 1.59436e-06 0.121281 0.19827 0.00243738 0.00326347 1.27821e-07 4.26878e-05 0.346708 0.00272193 0.000180617 0.218251 0.000402682 1.17677e-10 0.000207607 
2.24595e-05 0.0430369 0.0927372 5.41001e-05 0.193942 0.0514085 0.00326943 0.00245755 1.52232e-05 0.00413505 0.332968 0.0210422 0.00518102 0.245846 0.00357536 9.38224e-05 0.00021478 
0.00300022 0.0846821 0.00759485 9.57416e-05 0.256095 0.0256217 0.000357739 0.0291679 1.05664e-06 0.00140717 0.31758 0.00412509 0.00114405 0.268984 7.32416e-08 2.98966e-09 0.000143475 
7.23435e-05 0.0242499 0.00185524 1.32579e-07 0.129331 0.0237957 0.0106789 0.00124442 1.04079e-06 0.00386527 0.760934 0.0203264 0.00177121 0.0209838 0.000241995 0.000623844 2.43213e-05 
0.000288663 0.043751 0.0377768 0.0179147 0.281766 0.204631 0.0485731 0.00204039 0.000121035 0.00921306 0.286412 0.0115453 0.00522963 0.04992 0.000803227 7.51331e-10 1.40796e-05 
0.00483481 0.047852 0.0334762 0.00101481 0.242013 0.0555274 0.0230537 0.0074187 7.5391e-05 0.0157035 0.453905 0.0176667 0.00674156 0.0878188 0.000246423 0.00025775 0.00239486 
0.00130224 0.0530124 0.0237968 1.1752e-05 0.12284 0.114019 0.0750109 0.00774123 1.03262e-06 0.00461449 0.539346 0.023126 0.0138988 0.0196404 8.44498e-05 0.000300395 0.00125406 
0.00154261 0.0120156 0.000242409 4.32448e-07 0.0450816 0.00214012 0.000815807 0.000416079 7.71446e-09 0.000814448 0.932984 0.000823574 0.00118468 0.00114175 0.000622166 4.87815e-12 0.000175057 
3.67559e-05 0.0817045 0.0866959 0.000203013 0.141657 0.0312424 0.00491224 0.00422802 1.85679e-07 2.21244e-05 0.414323 0.0111811 0.0195661 0.201472 0.00129184 1.99747e-07 0.00146399 
0.000245921 0.126879 0.054059 2.57382e-06 0.108769 0.0200862 0.185013 0.00821541 5.42816e-06 0.0415661 0.411999 0.042264 0.000209807 5.12176e-05 0.000178767 0.000118115 0.000338361 
4.32102e-06 0.000897561 0.00252816 7.28511e-06 0.00847638 0.00300876 0.00130347 0.000188133 1.04826e-06 2.09046e-09 0.750914 0.00107925 4.16145e-05 0.231472 4.25451e-06 1.25571e-12 7.41956e-05 
0.0129954 0.0509932 0.00235181 9.50565e-05 0.0607181 0.0412323 0.0132122 1.70947e-05 4.16539e-06 0.000154996 0.797167 0.00552806 0.0106682 0.00446297 0.000100588 2.08701e-06 0.000297192 
1.04606e-05 0.00175471 0.186218 4.62785e-06 0.049574 0.0230418 0.0037704 0.0120926 2.4227e-08 0.00145804 0.582941 0.00108229 4.76409e-06 0.137097 0.000848867 1.04266e-12 0.000101455 
0.0484667 0.070567 0.0096927 0.00122038 0.0480206 0.0375481 0.0734624 0.005307 9.01305e-05 0.00474669 0.665333 0.0182058 0.00738128 0.00163953 0.00630758 0.000131713 0.00187943 
0.000236863 0.0493211 4.16132e-07 5.0591e-05 0.158837 0.0110922 0.00167909 0.00319411 1.71173e-09 6.18822e-06 0.721609 3.56506e-08 0.00176438 0.0323399 0.0186385 4.86719e-13 0.00123035 
0.00041094 0.0157287 0.163326 0.00015283 0.0670914 0.281562 0.0182924 0.049596 6.86571e-06 0.000616735 0.370667 0.0292092 0.000928094 0.00223393 5.33748e-06 8.30029e-09 0.000172518 
0.000227094 0.00166722 0.00846912 9.19436e-07 0.111966 0.0940299 0.00629466 0.000229789 7.02148e-08 0.00961328 0.757073 0.00286816 6.73158e-05 0.0067088 3.97328e-05 4.28351e-10 0.000745135 
0.000329609 0.0233406 0.109477 3.67398e-06 0.171888 0.01282 0.00177745 0.0561364 4.39749e-08 0.000944309 0.463237 0.00996683 0.000928219 0.149147 7.06221e-10 3.70835e-10 3.43632e-06 
0.085215 0.124809 0.153083 0.00029584 0.112659 0.0543352 0.0448561 0.0610748 2.6634e-05 0.00688064 0.273381 0.0338758 0.0035714 0.0322243 0.000347048 2.49688e-08 0.0133654 
8.46788e-05 0.061143 0.0284294 4.41085e-05 0.0804684 0.0281311 0.0114777 0.00125444 2.0197e-05 0.000650673 0.745705 0.0123614 0.00521433 0.0222191 0.000501075 2.8401e-05 0.00226724 
1.44431e-08 0.00102088 0.00177417 6.31076e-13 0.0373868 0.00160379 0.00119274 2.52702e-05 2.59315e-12 0.000675821 0.951768 0.00317008 0.00104856 0.000331186 2.21136e-08 2.21278e-12 2.82716e-06 
0.00570531 0.134129 0.00568117 4.19349e-11 0.238507 0.0190994 0.00521617 0.000757309 1.14653e-08 8.07529e-05 0.301592 0.000635615 0.00212992 0.286281 1.31818e-05 1.02133e-07 0.000171778 
3.04452e-05 0.0131135 0.014248 1.21993e-06 0.0627136 0.00722276 0.00548549 0.000258517 6.24245e-06 0.000392684 0.876555 0.00961457 0.00960073 0.000616923 0.00011425 1.28672e-05 1.32741e-05 
0.00041094 0.0157287 0.163326 0.00015283 0.0670914 0.281562 0.0182924 0.049596 6.86571e-06 0.000616735 0.370667 0.0292092 0.000928094 0.00223393 5.33748e-06 8.30029e-09 0.000172518 
0.0129042 0.0508664 0.0677916 0.00565325 0.192041 0.0592469 0.0237149 0.00863889 5.02713e-05 0.00388906 0.495633 0.0154826 0.00580813 0.0266348 0.00489979 0.000237971 0.0265068 
0.00272138 0.150177 0.00790665 0.00045208 0.266146 0.0500316 0.0197215 0.00295666 3.64566e-06 0.000344016 0.375492 0.00365153 0.0931985 0.00800329 0.000194483 0.000116679 0.0188823 
0.000581323 0.00391806 0.0210964 2.41773e-05 0.0595347 0.0300187 0.0148983 0.00141138 5.25537e-07 0.00345749 0.835694 0.00502461 0.000681752 0.0197653 0.000178801 8.75736e-07 0.00371377 
1.00764e-05 0.0196294 0.0013406 0.000102729 0.209673 0.0192365 0.0177656 0.000932636 0.253872 7.64833e-05 0.425835 0.0018082 0.00232544 0.0034628 0.00325998 0.0402658 0.000404116 
0.000227094 0.00166722 0.00846912 9.19436e-07 0.111966 0.0940299 0.00629466 0.000229789 7.02148e-08 0.00961328 0.757073 0.00286816 6.73158e-05 0.0067088 3.97328e-05 4.28351e-10 0.000745135 
0.00881563 0.0565622 0.0253835 0.000115312 0.120292 0.0546523 0.0265429 0.026535 0.000553425 0.0192514 0.622143 0.0193345 0.00408037 0.0122032 0.000354151 0.000284845 0.00289607 
0.000192868 0.024165 0.00198626 4.17847e-05 0.0509149 0.0243656 0.0246684 0.00129366 6.23957e-05 0.00558088 0.786576 0.0277725 0.0448325 0.00226601 6.78328e-06 6.72374e-05 0.00520699 
0.000288663 0.043751 0.0377768 0.0179147 0.281766 0.204631 0.0485731 0.00204039 0.000121035 0.00921306 0.286412 0.0115453 0.00522963 0.04992 0.000803227 7.51331e-10 1.40796e-05 
0.0305794 0.136544 0.00586664 0.000106082 0.157206 0.010808 0.00592337 0.00470055 1.87214e-07 0.0108847 0.599192 0.000660264 0.00749767 0.0300294 1.88506e-06 1.88774e-10 8.98009e-08 
0.100164 0.0646704 0.00234962 4.16745e-05 0.0178781 0.037775 0.0341907 3.83138e-05 8.49054e-05 0.00138629 0.73318 0.00557366 0.000829009 0.000575781 8.6018e-05 2.57714e-07 0.00117666 
0.000171252 0.0341194 0.0232203 0.00908008 0.251755 0.0428733 0.0412856 0.00229025 2.00653e-05 0.0135174 0.409386 0.0225498 0.0131285 0.13216 0.000319264 8.75129e-05 0.00403655 
0.000285226 0.00124576 0.0111235 2.19374e-08 0.152776 0.00153232 0.00138524 4.79403e-05 3.31917e-11 0.00444578 0.524245 0.00943105 0.0017152 0.290896 2.49238e-06 7.23974e-08 0.000867429 
3.87825e-06 0.011111 0.0302848 7.3772e-06 0.136059 0.139465 0.0116476 0.000117374 3.12903e-09 0.0839051 0.546126 0.0117212 7.63332e-12 0.0295511 5.4718e-07 1.77248e-11 1.14405e-08 
0.00299861 0.00964382 0.00813984 5.99886e-05 0.0647427 0.0750501 0.0099838 0.00267085 8.35652e-07 0.000635572 0.802264 0.00353379 0.00162203 0.00727755 0.000348682 2.25131e-07 0.011028 
0.00919912 0.161591 0.167072 0.0161999 0.135885 0.0511036 0.0198231 0.00338831 0.000286177 0.00147748 0.317651 0.00958825 0.00293267 0.0555359 0.000337693 5.63935e-05 0.0478738 
0.0686256 0.198307 0.0398275 0.000899588 0.139355 0.121006 0.0909082 0.00810415 0.000526084 0.00156717 0.239445 0.00476515 0.00141421 0.056346 0.00102684 2.79819e-09 0.0278761 
0.000999915 0.0626842 0.0393269 0.00774552 0.126977 0.0328033 0.0351404 0.026173 2.72339e-05 0.0632786 0.400018 0.0396181 0.00700592 0.14497 0.000695348 0.000616846 0.0119193 
0.000654293 0.0373736 0.0842097 0.000414359 0.233889 0.0626057 0.0230773 0.0444613 0.000594699 0.0069811 0.453235 0.0130341 0.00113909 0.0192015 0.000285496 0.00342667 0.0154173 
5.06954e-05 0.0166233 0.00208255 0.000304687 0.0629745 0.0461473 0.00975562 0.00405514 5.6548e-12 0.000101556 0.810914 0.00303731 2.44091e-05 0.018751 2.85905e-08 1.29377e-08 0.0251779 
0.00170781 0.0105093 0.0204353 2.89611e-05 0.376786 0.0588764 0.0207833 0.00180443 9.09303e-07 0.00159258 0.461747 0.00351619 0.000669622 0.0401689 0.000199832 3.37101e-07 0.00117378 
0.0018119 0.000270667 4.9213e-12 1.57792e-08 0.0916262 0.0385054 0.00122403 6.7083e-06 3.46924e-09 0.0151139 0.693465 0.131028 0.023641 0.00329619 3.69272e-06 6.29684e-06 1.26145e-06 
1.49554e-05 0.00108746 0.000290969 7.54155e-11 0.017628 0.00021092 6.64796e-06 5.79089e-05 1.12514e-09 3.11163e-05 0.979814 0.000519791 1.1097e-08 0.000335655 1.76651e-08 5.95599e-12 2.50005e-06 
5.17435e-05 0.00349869 0.00653028 4.09831e-05 0.00276843 0.0295355 0.207474 0.00151936 1.19388e-06 0.00728224 0.692875 0.047611 0.000369533 0.000261453 2.00486e-06 1.36503e-05 0.000164896 
0.0299616 0.0495543 0.00441381 9.98617e-05 0.127567 0.0425306 0.0145182 0.000192805 2.37515e-05 0.000789483 0.690063 0.00690284 0.00518566 0.00507566 0.00062214 7.38052e-08 0.0224993 
