2.6472e-05 0.000786404 0.120521 0.00374334 0.00669161 0.0750848 0.137855 0.0716537 1.41926e-08 0.120478 0.000872746 0.444574 0.0170237 3.39875e-05 2.8727e-08 8.53619e-05 0.000569977 
0.000171536 0.0110388 0.0904471 5.77078e-05 0.0771534 0.0793639 0.298466 0.0485626 7.39493e-06 0.0472347 0.00114438 0.336889 5.39936e-05 0.000599052 0.00193899 5.71805e-05 0.00681427 
1.31589e-08 0.00858135 0.00501198 5.31019e-09 0.00680629 4.77138e-07 0.00553299 5.41846e-09 2.18201e-08 0.0943064 3.18326e-09 0.864798 0.0114268 4.3788e-06 4.05883e-05 0.00054129 0.00294967 
0.00117965 0.0890278 0.0292277 3.97281e-05 0.0294671 0.267808 0.158735 0.00361895 1.21337e-06 0.00476312 0.0158672 0.278045 0.114446 0.0047772 0.0024913 9.92122e-05 0.000406217 
0.000790044 0.0329195 0.163726 0.00517078 0.116594 0.114446 0.147411 0.026204 1.48208e-05 0.0568103 0.0357548 0.287718 0.00332514 0.00475711 0.000121099 6.55693e-05 0.00417135 
0.00145781 0.00857367 0.150026 0.000920037 0.024715 0.140269 0.109609 0.0218665 2.25569e-05 0.134483 0.00641526 0.385625 0.00865649 0.00286084 2.28949e-05 0.00202989 0.00244651 
0.000475558 0.0439667 0.131098 5.01217e-05 0.0674824 0.0359829 0.214611 0.00394382 8.07789e-07 0.0119725 0.00237598 0.310166 0.085323 0.000557686 0.014329 0.000330975 0.0773335 
1.592e-08 0.0308303 0.25247 0.000177002 0.0907244 0.179297 0.060671 0.00300768 1.29683e-05 0.0174156 0.000583917 0.333685 2.82451e-05 0.00204959 5.27329e-07 9.06512e-10 0.0290466 
1.05076e-06 0.0269235 0.000507034 0.000112687 0.0138297 0.00577519 0.156829 0.00583223 3.65658e-08 0.0484975 0.00243324 0.733752 0.00369078 0.00177672 9.76476e-07 1.81984e-05 2.08397e-05 
1.2021e-05 0.0155304 0.0115741 6.24e-06 0.00784838 0.0298788 0.0207251 0.00144837 8.95281e-07 0.214219 0.000879764 0.679639 0.0181548 1.49505e-07 6.2954e-07 1.02497e-06 8.18757e-05 
0.000176237 0.0568353 0.0829641 1.24242e-05 0.104022 0.277489 0.0400549 0.00698326 0.000478501 0.0139914 0.00867777 0.336301 0.00743996 0.0628637 0.00060902 4.74127e-07 0.00110085 
0.000217291 0.0555799 0.00554268 7.76472e-08 0.0412158 0.0148969 7.60797e-05 6.48144e-07 6.13209e-08 0.00439334 0.00482617 0.869649 6.34918e-06 0.00359468 6.50347e-07 4.18881e-07 1.04965e-07 
0.000197144 0.000464936 0.0154676 1.1923e-06 0.0218345 0.0199278 0.0196298 0.000999951 6.80944e-05 0.0106918 3.79887e-05 0.896844 0.00828514 0.000450361 0.00464456 0.000452058 3.03902e-06 
5.29939e-05 0.000821633 0.0514644 0.00279793 0.00273915 0.0646116 0.259871 0.0144683 3.64115e-05 0.164418 0.000308521 0.435445 0.00245337 2.97896e-06 2.15253e-10 4.67921e-08 0.000508265 
5.18616e-05 0.0194993 0.158069 7.61073e-05 0.11251 0.262159 0.0245776 0.0326845 3.64965e-06 0.00668099 0.00798849 0.32997 0.01289 0.0302612 0.00150734 0.000367664 0.000703457 
9.58682e-06 0.0016847 0.160252 1.14814e-05 0.124474 0.108314 0.0357555 0.100734 1.37292e-06 0.0147861 0.00083775 0.418147 0.00180545 0.0320812 5.07693e-06 8.88152e-08 0.00110079 
0.00588117 0.000869626 0.0438782 2.17533e-07 0.0097187 0.139632 0.00355887 0.217904 6.57408e-06 0.0182774 0.000818692 0.442343 0.117016 9.42386e-05 1.10452e-08 5.79981e-09 2.21487e-06 
0.000515002 0.105341 0.00376266 2.79276e-06 0.0289339 0.0123801 0.0911505 0.00244188 0.0953873 0.00455555 0.00134926 0.581246 0.0728748 4.8106e-06 4.04716e-08 7.6236e-08 5.42002e-05 
0.000160647 0.00118527 0.0167726 0.00276163 0.0482719 0.00869889 0.00506524 0.0226078 5.8089e-07 0.0229121 0.0022417 0.863557 0.00195003 0.00350764 1.357e-10 1.17332e-07 0.000307319 
1.50799e-06 0.00278689 0.000780139 0.00331531 0.00164226 0.000845732 0.0195383 0.350281 1.23325e-06 0.00348595 8.38416e-07 0.615314 0.0011393 2.61982e-06 0.000347993 0.000146713 0.000369618 
0.0252751 0.0599081 0.0779898 0.00157993 0.0298624 0.0473618 0.0846787 0.00552425 8.14695e-06 0.137097 0.000461451 0.431578 0.0699215 0.0267892 3.19939e-06 0.000152188 0.00181 
0.000388136 0.0342695 0.0261735 1.93025e-05 0.090408 0.02357 0.0437621 0.0284523 4.55406e-05 0.00300986 0.0069059 0.704035 0.0128214 0.0245603 0.000190656 1.73265e-09 0.00138828 
0.000870583 0.00153782 0.00414886 7.70396e-09 0.00274659 0.000853766 0.00965575 0.00111505 1.25967e-07 0.00360529 4.61824e-09 0.717042 0.0231146 0.000142007 5.14435e-08 0.234781 0.000386681 
0.000305079 0.0632091 0.0215176 8.70639e-07 0.174447 0.00284789 0.0287754 0.00358354 6.33436e-06 0.139443 0.0579642 0.488461 0.00882967 0.0103748 0.000233381 6.50241e-09 9.0309e-07 
0.000115748 0.0362725 0.04092 0.00134515 0.0770285 0.0268671 0.114591 0.0070672 5.37622e-05 0.134659 0.00251732 0.522343 0.0263861 7.185e-05 0.00371562 2.28123e-06 0.00604384 
0.00132005 0.0387686 0.0803692 0.000314067 0.0655598 0.137627 0.0760092 0.12392 0.000149578 0.0256369 0.00763 0.340413 0.0872023 0.00267099 0.00640354 0.00325719 0.0027491 
0.00123114 0.0574025 0.122446 0.0234902 0.0548884 0.12872 0.0743178 0.000595653 8.48501e-07 0.0280291 0.0118925 0.480427 0.00633393 0.00141766 1.35027e-05 3.7583e-05 0.00875579 
2.57009e-05 0.0924403 0.250166 3.29559e-09 0.0403242 0.0184671 0.0131085 0.260495 1.35419e-08 0.00156276 6.56093e-06 0.300736 9.15072e-06 0.0226536 5.13554e-06 1.15555e-08 6.4956e-09 
0.00950606 0.0540512 0.138594 5.16661e-06 0.134354 0.0594636 0.0753403 0.0111348 2.01337e-06 0.0423055 0.000197165 0.363816 0.066679 0.0348871 0.00518754 0.00431487 0.000161399 
0.000266746 0.00104661 0.0493742 5.2073e-06 0.136982 0.135827 0.0517695 0.00395295 1.44495e-05 0.0288341 0.00992724 0.422644 0.138434 0.00191346 0.00329705 0.0142873 0.0014242 
0.00660194 0.032576 0.164333 7.5123e-05 0.013975 0.0877492 0.136035 0.0495525 6.96376e-09 0.0324732 5.63542e-05 0.472684 0.00379192 8.50643e-05 2.46243e-07 6.55634e-08 1.20187e-05 
2.84431e-06 1.22443e-07 0.248087 1.14077e-07 0.000465174 0.0827957 0.0364126 0.0829803 5.4246e-06 0.139144 0.0813657 0.326817 1.62655e-07 6.48895e-07 5.63774e-08 0.00191766 4.48883e-06 
1.36827e-07 0.0308045 0.0858725 0.00132794 0.245504 0.0722236 0.0346799 0.081954 0.000355717 0.097825 0.0226576 0.251298 0.00678872 0.0654232 1.36658e-07 1.36786e-07 0.00328449 
9.57097e-06 0.00455592 0.0292431 3.12257e-06 0.000732806 0.0260204 0.00463353 8.15802e-05 2.66384e-05 0.000410215 1.31339e-05 0.857508 0.076688 3.31585e-05 4.53229e-06 2.37989e-06 3.355e-05 
0.000624486 0.029537 0.158293 0.00699049 0.178822 0.107357 0.172846 0.00887022 1.70161e-08 0.0291031 0.000780179 0.217011 0.00546661 0.0213279 7.17876e-06 0.0153111 0.0476525 
7.78435e-05 0.0200827 0.0196774 1.94465e-06 0.099808 0.0475424 0.0257011 0.0104345 7.59243e-07 0.00551553 0.0206484 0.713514 0.0306088 0.00111223 5.27325e-05 0.00511133 0.000109995 
0.0045801 0.00718161 0.0348229 2.63985e-05 0.0115741 0.125594 0.0208552 0.00176824 1.39179e-05 0.194698 5.16515e-06 0.553428 0.0320777 5.5971e-05 0.002156 0.00483719 0.00632564 
4.55496e-05 0.00626933 0.173972 0.0123237 0.0308788 0.217768 0.128895 0.0212838 8.34536e-06 0.0897779 0.00136047 0.314299 0.00283143 0.000251129 3.49788e-06 6.05032e-11 3.29143e-05 
4.67805e-07 4.08178e-08 0.0623945 4.14813e-11 0.00267194 0.22707 1.09175e-07 0.000998462 3.93257e-07 1.86237e-05 2.13396e-08 0.706843 6.26384e-11 1.55033e-06 2.76993e-10 2.90875e-08 8.17596e-11 
0.000513628 0.0568691 0.000364721 6.6624e-05 0.00749927 0.0767441 0.0197848 0.000106694 0.000379516 0.00174167 0.000979693 0.831587 0.000498933 0.000204143 0.00228459 3.96205e-05 0.000335714 
0.00383353 0.0189163 0.0337676 3.45429e-05 0.0863736 0.0453155 0.0257668 0.0192969 1.28676e-06 0.082682 0.0015004 0.661735 0.0187807 0.00187708 5.95328e-09 7.18184e-06 0.00011171 
8.44267e-05 0.00265388 0.271236 3.81728e-05 0.0271432 0.205076 0.0591301 0.026945 2.71183e-06 0.0162764 0.0369202 0.3504 0.00390087 3.3362e-05 2.66308e-06 5.32652e-09 0.000157693 
0.000127135 0.00937236 0.0668971 3.57163e-07 0.0455183 0.162509 0.0488711 0.0106213 4.85417e-06 0.0949581 0.0035167 0.527026 0.00127263 0.00014874 1.17467e-05 0.0288868 0.000258019 
0.00958883 0.13387 0.0913115 0.000144407 0.0531638 0.223481 0.109146 0.0092471 0.000106867 0.0485038 0.0109346 0.258078 0.0235509 0.0238845 1.01834e-05 0.00339345 0.00158559 
1.9332e-06 0.0238133 0.00955561 3.28489e-06 0.0173628 0.00357227 0.000526537 0.00226823 6.06271e-05 0.00417025 4.12601e-05 0.881532 0.0550733 3.41088e-05 0.000511545 0.00143847 3.4553e-05 
0.00358504 0.0418947 0.0873621 0.0035703 0.0380171 0.23105 0.201181 0.0315392 2.94995e-05 0.0231565 0.0199155 0.268719 0.0379461 0.00530682 0.00121665 0.00146927 0.00404206 
0.000270125 0.0906463 0.227407 7.15057e-05 0.00646334 0.0419683 0.117025 7.90752e-05 2.45117e-05 0.0716905 0.000670541 0.441286 0.00205251 1.86655e-05 0.000285959 9.38331e-06 3.14424e-05 
0.000229105 0.107281 0.039436 5.89817e-06 0.126318 0.104139 0.0281694 0.000349469 8.07263e-08 0.0158279 0.0122288 0.537671 0.0272566 0.000629718 9.02086e-05 1.27395e-05 0.000355621 
0.00018751 0.0146702 0.0535075 0.00217103 0.0492356 0.0321653 0.0530627 0.0284605 5.88138e-07 0.0115655 0.0168222 0.710121 0.00533397 0.00146807 0.000573558 0.0190986 0.00155666 
0.0109762 0.143066 0.00891247 0.00093746 0.0201674 0.219455 0.0882102 0.0364572 5.88039e-05 0.0548636 0.0137067 0.299611 0.0993071 0.00232739 5.97416e-05 1.90341e-05 0.00186401 
4.95721e-06 0.0397516 0.167642 0.00758306 0.0323978 0.114673 0.0764582 0.186015 3.0885e-05 0.120858 0.00948926 0.210235 4.88169e-05 0.00195996 9.98637e-06 0.000425211 0.0324179 
0.000354498 0.0707975 0.0962444 0.0133772 0.0176804 0.129551 0.0667324 0.00453147 2.9135e-05 0.0116975 0.00248594 0.562643 0.0155826 0.00267836 0.00376447 1.88315e-06 0.00184854 
0.000514589 0.00434873 0.0313663 0.0907692 0.00466083 0.0397644 0.0916521 0.0105866 1.28985e-07 0.01224 0.000625073 0.701783 0.00704018 0.000131696 1.37225e-05 0.000602402 0.00390099 
0.00378512 0.138353 0.116812 0.000216304 0.0800376 0.0436646 0.0571665 0.0738591 1.70829e-05 0.00902002 0.00196507 0.394971 0.0312896 0.0053291 0.000200395 0.00110302 0.0422103 
0.0159305 0.0695243 0.112392 1.8996e-05 0.160554 0.0301078 0.0413509 0.00254574 4.45232e-06 0.0072994 0.00800483 0.386231 0.0635014 0.00210791 4.676e-07 0.100374 5.3017e-05 
3.95495e-05 0.000906123 0.0302015 2.47641e-06 0.0140007 0.125107 0.0293566 0.00726213 5.01507e-09 0.00437803 0.000307225 0.775101 0.00799398 0.000213653 2.40343e-05 7.3862e-09 0.00510606 
0.000530936 0.0949923 0.167337 0.0167743 0.0649428 0.115271 0.115862 0.0150532 1.85404e-05 0.0253076 0.0123505 0.345618 0.00812193 0.00473844 6.05616e-05 0.0110441 0.0019766 
0.00236129 0.00897339 0.0608285 3.89777e-05 0.0186267 0.00217154 0.0246863 0.00276286 0.000427729 0.204445 0.00125806 0.599049 0.0650435 0.0079083 5.96602e-06 2.13016e-06 0.00141024 
6.4913e-05 0.00565179 0.329808 2.38493e-08 0.175134 0.0674054 4.02812e-05 2.43356e-08 9.79991e-08 0.00150555 0.00824664 0.408716 0.00051058 0.00284535 1.59255e-07 8.36242e-08 7.11542e-05 
5.82363e-05 0.203116 0.0841023 0.00967961 0.0636406 0.0795153 0.164467 0.00522108 1.57928e-05 0.140628 0.00231641 0.226251 0.0173026 0.000439271 7.6061e-10 0.00110811 0.00213976 
0.00336123 0.0152889 0.0896244 0.00440046 0.0224019 0.0774038 0.0717635 0.192036 6.8713e-06 0.0200343 0.00117712 0.423563 0.00789598 0.0604065 8.13558e-06 0.00405496 0.00657225 
0.00277999 0.0447241 0.0719058 0.00630709 0.0507871 0.0965131 0.190694 0.0276096 0.00355106 0.0277092 0.0100689 0.400443 0.0358462 0.0050927 0.00139593 0.00469262 0.0198799 
0.000870583 0.00153782 0.00414886 7.70396e-09 0.00274659 0.000853766 0.00965575 0.00111505 1.25967e-07 0.00360529 4.61824e-09 0.717042 0.0231146 0.000142007 5.14435e-08 0.234781 0.000386681 
2.90431e-06 0.0109518 0.0423665 0.000755806 0.0475959 0.37583 0.0414905 0.0489506 4.02196e-07 0.0542624 0.000364284 0.377287 3.92701e-06 1.03756e-05 1.56393e-06 2.67496e-07 0.000126197 
0.000293463 0.0443502 0.161952 0.00528927 0.0595769 0.136819 0.0953152 0.0128988 2.24808e-06 0.0205054 0.0049276 0.360423 0.0143667 0.00217731 0.00162687 0.0763151 0.00316097 
1.99605e-09 0.0340312 0.10166 3.11272e-08 0.0152055 6.70887e-07 0.00596052 1.11902e-06 2.24174e-06 0.00542254 0.00170301 0.58769 0.193198 0.0548438 5.37871e-09 8.69548e-07 0.000280417 
0.00137758 0.0323286 0.0179306 6.35126e-06 0.122593 0.0234031 0.175584 0.0121026 1.70564e-07 0.00305081 0.00308667 0.58981 0.0147117 0.00362382 0.000113296 1.15858e-06 0.000276118 
7.65235e-07 0.0386613 0.0310097 3.08806e-07 0.273198 0.00614396 0.00109629 0.000473924 1.61122e-05 0.00541693 1.85118e-07 0.618083 0.00313505 0.000110539 2.06206e-06 2.69856e-06 0.022649 
0.000142063 0.0218793 0.109309 0.0046477 0.0247319 0.24197 0.124937 0.0211092 5.87985e-07 0.0808409 0.0134074 0.351544 0.0031752 0.00115129 6.67427e-05 1.80317e-05 0.00107044 
0.00781493 0.00282863 0.0152046 9.65072e-05 0.0160388 0.0322962 0.0484591 0.00128025 4.59274e-08 0.00705487 0.0031995 0.79409 0.0710556 0.000557588 1.18238e-06 7.79374e-09 2.23522e-05 
0.0121698 0.0515019 0.0673641 3.78617e-05 0.0608444 0.251791 0.177351 0.0250367 0.000199813 0.066016 0.000998307 0.252219 0.033612 0.000715995 1.1842e-07 4.33876e-05 9.82879e-05 
6.68596e-07 0.00365697 0.21884 4.72395e-06 0.0158567 0.121634 0.0381953 0.0513445 7.27698e-08 0.00372841 0.000108677 0.475876 0.0662428 0.00230308 1.68782e-07 0.000427996 0.00177993 
0.00128815 0.0971757 0.147773 3.99845e-06 0.0617239 0.0370482 0.114466 0.00410713 1.22751e-07 0.16663 0.000413146 0.28574 0.068062 0.0148239 0.000466658 1.6294e-06 0.000277361 
0.015059 0.0606781 0.0151061 0.00982453 0.0158705 0.203735 0.200234 0.014495 2.3329e-05 0.0084401 0.000226258 0.417799 0.0015056 0.021874 5.70536e-06 0.000209286 0.0149141 
0.000181661 0.0266238 0.0542875 0.00160804 0.0364557 0.059196 0.138889 0.0247408 2.41088e-05 0.0489338 0.00367115 0.54821 0.00696345 0.00167827 0.00499761 0.0221524 0.0213866 
1.27899e-05 0.000172724 0.127392 6.25654e-06 0.043468 0.15465 0.0492688 0.235308 1.04945e-05 0.0259205 5.87938e-05 0.35874 2.4659e-12 0.0017904 0.000960567 2.86367e-06 0.00223739 
0.000380035 0.00921996 0.00773396 0.00203245 0.00753225 0.0272485 0.0296194 0.00960218 2.60257e-08 0.0234221 0.000358897 0.879579 0.00161763 0.00111079 7.05412e-11 1.60947e-07 0.000542582 
0.00320968 0.0134815 0.0161606 5.64649e-06 0.0416326 0.086472 0.231805 0.0137147 3.41048e-07 0.0566896 0.00184897 0.508084 0.0230438 0.00263975 1.04672e-07 1.69233e-10 0.00121224 
0.00254207 0.0174859 0.0974531 0.0028578 0.0451687 0.233151 0.076086 0.0198899 2.92896e-05 0.126691 0.0229482 0.331401 0.0174458 0.00480241 0.000222682 0.000257609 0.00156829 
0.000761011 0.0601071 0.12462 0.00510503 0.0728204 0.019539 0.0217008 0.0618152 6.44135e-08 0.00290607 0.0130953 0.479334 0.063698 0.0628409 3.16065e-06 2.45142e-06 0.0116518 
0.0134271 0.0410443 0.0676206 0.00462798 0.0622128 0.0967015 0.157471 0.0278724 0.000136959 0.0405579 0.0121296 0.408321 0.0084371 0.0181612 0.00600338 0.00119272 0.0340826 
0.0005369 0.00252449 0.0687653 2.07359e-05 0.0819146 0.0162495 0.0158099 0.137889 1.62709e-06 0.000437815 0.0105013 0.552644 0.0483373 0.0150072 1.16408e-07 0.0425077 0.00685207 
0.00262075 0.0271227 0.124894 0.00559478 0.080351 0.207387 0.191557 0.0184619 5.01875e-05 0.0413617 0.0176914 0.245688 0.0124925 0.00418907 0.00171672 0.00183595 0.0169859 
0.00060754 0.0269133 0.0960134 5.74828e-06 0.130884 0.10303 0.19101 0.00656031 3.4159e-05 0.114206 0.00261765 0.295667 0.0216911 0.000120223 9.10817e-07 4.27058e-08 0.010638 
0.0039416 0.0299347 0.157557 7.21745e-06 0.0635376 0.137549 0.134018 0.014961 8.96253e-06 0.103871 0.0177814 0.295375 0.0363735 0.0043554 9.42477e-05 0.000242595 0.000392265 
0.000468429 0.0258158 0.146889 0.000108071 0.162216 0.142564 0.127925 0.00933026 4.44797e-06 0.00711773 0.00566263 0.324514 0.0369004 0.00322911 0.000283337 0.00156852 0.0054029 
0.000311756 0.00329892 0.0238338 0.0060901 0.0148427 0.00776258 0.119683 0.0120878 2.6041e-06 0.034865 3.5917e-05 0.773678 0.00326379 9.07046e-05 2.5006e-06 2.23701e-05 0.000129003 
0.0108373 0.0156049 0.082044 0.233119 0.0916387 0.0207667 0.0200852 0.147044 1.1481e-05 0.0250998 0.003168 0.282475 0.00561086 0.00650013 0.000233077 6.63353e-05 0.0556953 
0.000122469 0.0324526 0.0652917 8.4831e-05 0.113543 0.031647 0.195332 0.00188646 5.74769e-05 0.14861 0.000727342 0.257994 0.145267 0.00284671 0.000373006 4.76004e-08 0.00376467 
0.00249418 0.0338847 0.102483 0.000118609 0.0625317 0.17158 0.0877385 0.131831 4.21423e-05 0.0569876 0.0417515 0.2725 0.0269652 0.00632118 0.000927665 9.33845e-05 0.00174946 
3.39309e-07 0.00297018 0.00301984 4.43134e-07 2.57291e-07 0.0567769 0.12369 0.036146 5.15934e-10 6.64855e-07 3.24657e-07 0.775665 1.2807e-07 2.52137e-07 8.38425e-10 1.25673e-06 0.00172807 
0.00233864 0.0159465 0.179149 0.000481268 0.0892411 0.221969 0.0691852 0.0145163 4.75862e-05 0.0148259 0.0182605 0.339091 0.002905 0.00454296 0.000324451 0.00180783 0.0253681 
3.37214e-08 0.009915 4.69948e-06 1.14386e-07 0.0620447 1.30916e-05 0.38513 7.95541e-07 3.30522e-08 0.00612626 2.95578e-06 0.534593 7.46983e-08 0.00216787 4.12852e-11 2.16787e-11 6.88528e-07 
0.0871768 1.33744e-06 0.0859994 3.43107e-07 0.0726431 0.00457392 0.16728 0.167234 1.7289e-09 3.39235e-10 2.52224e-10 0.396504 0.0185835 1.86494e-06 1.83345e-06 1.4753e-09 8.29298e-10 
0.012483 0.100672 0.0299077 0.00922476 0.0661251 0.209827 0.145696 0.00622261 0.000605222 0.0277182 0.0292122 0.295682 0.0519103 0.0006054 1.28691e-06 0.000370573 0.0137367 
6.2445e-05 0.00666544 0.0265054 8.55299e-06 0.0435655 0.0892589 0.0591185 0.00505709 3.5193e-06 0.0534909 0.0580493 0.638335 0.015804 0.00386273 0.000129266 1.30342e-06 8.24737e-05 
0.00845193 0.00886504 0.0387638 0.000170918 0.0234628 0.0414326 0.0913488 0.0017177 2.11671e-06 0.00496252 0.0158427 0.686612 0.0771822 0.00112509 4.94822e-05 1.02063e-06 8.86963e-06 
7.34794e-08 0.0119615 0.189242 5.82223e-06 0.272929 0.1277 0.0297815 0.0118455 1.39106e-07 0.0181356 0.00164649 0.273539 0.000637183 0.0625703 2.59809e-07 2.97647e-08 5.51286e-06 
0.00540099 0.0795284 0.0110716 0.00011315 0.00299017 0.00758436 0.000151512 0.00245303 1.27254e-09 0.0125427 5.8304e-07 0.869823 0.00822429 0.000111681 3.02499e-06 9.75147e-07 5.0677e-07 
0.000108718 0.0363446 0.178434 0.0726785 0.214869 0.15234 0.0860104 0.0114938 9.77524e-06 0.0128418 0.00897499 0.218691 0.00486348 0.000383667 6.24627e-05 3.83569e-06 0.00189027 
0.00119848 0.0581409 0.213067 0.000865933 0.0579529 0.0953325 0.149641 0.0195939 4.41198e-06 0.125626 0.0299201 0.232255 0.00487774 0.00233126 0.000455147 5.62538e-05 0.00868123 
0.00066469 0.0329142 0.0364585 0.00314747 0.0444135 0.0825356 0.33987 0.00313345 3.29707e-05 0.0231553 0.00740136 0.366303 0.0437857 0.00058275 0.000208265 4.98996e-05 0.0153434 
0.0009568 0.0587635 0.183254 0.000236089 0.060663 0.0994259 0.140544 0.0442518 2.80468e-05 0.0111377 0.00115847 0.239732 0.122268 0.00199951 0.0323722 0.0011727 0.00203566 
1.36556e-06 0.000364471 0.0517596 1.03166e-05 0.013208 0.162805 0.0423709 0.00215621 6.34574e-07 8.71874e-05 0.000150636 0.645604 0.0783737 9.17387e-05 2.54397e-05 4.30661e-11 0.00299067 
0.00262355 0.0414727 0.11455 0.000101041 0.0669569 0.0718004 0.0427373 0.0132514 0.000129713 0.085869 0.00106169 0.534211 0.015576 0.00296543 0.000902557 4.12238e-05 0.00575002 
0.00150136 0.0145349 0.0392155 7.53358e-07 0.0342695 0.205867 0.0555729 0.0143905 1.42858e-06 0.0112425 0.0156347 0.572695 0.0322464 0.00210378 4.15434e-05 2.11094e-07 0.000681889 
0.0010022 0.0595924 0.130666 0.00124348 0.0320433 0.209686 0.232872 0.00985442 5.70641e-06 0.0373554 0.0071329 0.250378 0.0142018 0.00506037 0.000294027 0.000204646 0.00840752 
0.000324244 0.00569275 0.0775912 7.03098e-06 0.0160607 0.169227 0.0682132 0.00250474 1.94062e-05 0.00839881 0.000233135 0.439374 0.21202 7.27991e-05 1.77588e-07 3.61434e-05 0.000224347 
0.000421322 0.106177 0.216067 0.000107891 0.0798341 0.1071 0.0627025 0.0389528 0.000138896 0.00913371 0.00150816 0.323362 0.00520275 0.000750147 4.85267e-06 0.0184291 0.0301084 
0.0013241 0.0409442 0.100874 0.0020266 0.0408636 0.131751 0.118784 0.134979 2.61502e-05 0.1479 0.00731718 0.248789 0.00851507 0.00349167 6.48219e-05 0.000298303 0.012052 
1.06897e-06 0.000985504 0.097392 4.31378e-07 0.000435341 0.106065 3.92983e-07 0.000540907 1.77257e-06 0.00499671 6.08835e-06 0.768327 0.0210239 0.00018647 2.88054e-06 1.51257e-06 3.27968e-05 
4.49789e-06 0.000327525 0.194355 3.70852e-05 0.0458688 0.159498 0.052384 0.0126531 1.31095e-09 0.00737693 0.0020912 0.509935 0.0149701 0.000111181 0.000126701 2.19282e-09 0.000261592 
0.000564518 0.00023902 0.0290494 0.00693846 0.0318464 5.33762e-07 0.00664608 0.000658802 9.80566e-10 0.00587771 5.25992e-05 0.89855 0.00235423 0.0165056 1.59348e-09 2.74022e-07 0.000716712 
0.000484391 0.0104124 0.0481369 0.000158396 0.0094694 0.0756347 0.0204591 0.0101372 5.34836e-07 0.0682033 0.00106385 0.414969 0.32455 0.0049757 6.64023e-06 0.00309521 0.00824271 
0.00717484 0.0571956 0.088951 0.000588173 0.0429933 0.278937 0.061611 0.0211039 7.86003e-05 0.0514791 0.0252199 0.299848 0.00597358 0.0186641 0.034364 0.00327649 0.00254119 
0.00106019 0.0644781 0.00104526 9.60485e-06 0.0650611 0.019744 0.0146736 0.000324581 2.17638e-06 0.05625 0.0131049 0.663978 0.0989358 2.07716e-05 0.00126872 7.42465e-07 4.20828e-05 
0.0381423 0.047417 0.0115189 8.06062e-10 0.0249886 2.1521e-10 0.0447161 0.021451 2.8601e-05 0.00221799 7.6611e-07 0.687655 0.12159 0.000270581 2.77404e-06 6.05672e-07 1.58875e-09 
0.00509011 0.00570983 0.0874721 0.000187446 0.0290409 2.08793e-07 2.84636e-07 0.00228644 3.21343e-06 0.00233338 5.64178e-05 0.79766 0.00044412 0.0697056 5.22202e-06 2.74207e-06 1.54138e-06 
0.000487982 0.0162516 0.284048 0.0132559 0.0384909 0.0993123 0.0730083 0.0428853 7.58383e-06 0.0272383 0.0124103 0.369166 0.003752 0.00461592 0.00181903 0.000188925 0.0130614 
0.000222606 0.000709892 0.102242 1.34274e-05 0.0292956 0.252802 0.071882 0.0156759 7.49553e-05 0.0019889 4.88272e-08 0.524145 0.000450065 2.28629e-06 5.43896e-07 8.74031e-06 0.000486145 
0.000985102 0.0768564 0.0614176 3.74225e-06 0.0831097 0.0633367 0.0473838 0.00319826 4.41802e-06 0.0414566 0.208729 0.372753 0.0361507 0.00180035 0.00011102 4.70929e-06 0.00269846 
2.17548e-07 0.0248002 0.0696855 4.16094e-09 0.0265714 0.368481 0.0506783 0.00168288 2.16399e-12 0.00186849 0.00111123 0.435397 0.0185261 0.00117666 2.154e-05 8.27282e-08 3.77842e-08 
1.01565e-06 0.00395383 0.0614164 1.28611e-08 0.00409149 0.072979 0.290303 0.00130944 8.66414e-07 0.00328364 0.00870387 0.553218 0.000721763 4.36062e-08 1.08287e-06 2.87376e-06 1.36032e-05 
0.000162835 0.0915907 0.160448 0.000207981 0.146502 0.0913451 0.0437214 0.00236631 2.00132e-06 0.00430532 0.0089737 0.405947 0.0173327 0.0013579 0.000109881 0.000153494 0.0254734 
7.5591e-06 0.00375275 0.0502763 0.00406351 0.00919016 0.225432 0.105325 0.0126863 1.48078e-05 0.000896482 0.00762873 0.573814 0.000775373 0.00205766 0.000174149 0.000197675 0.00370669 
0.0329145 0.166295 0.0371771 0.00155689 0.0155851 0.0820168 0.126143 0.0677111 1.49463e-05 0.0511014 0.000233784 0.28195 0.000609964 0.000810894 2.37035e-10 1.58034e-05 0.135864 
9.3169e-05 0.0013619 0.0431332 0.0144038 0.0258998 0.0886294 0.162458 0.00147295 8.49998e-11 0.128559 6.95421e-05 0.459019 0.0619103 2.01505e-05 0.0128957 1.99548e-05 5.364e-05 
0.00116762 0.0231112 0.0256122 1.44174e-06 0.0140254 6.68897e-07 0.00301542 0.0536351 7.8992e-10 0.411847 8.07017e-05 0.467495 6.90672e-06 9.94702e-07 1.28367e-09 1.50662e-07 8.632e-08 
8.01997e-05 8.29244e-09 0.359711 1.68363e-05 0.00625091 0.132389 0.0103439 0.00371515 1.03192e-07 3.18911e-07 1.29306e-05 0.487028 0.000451183 3.75204e-12 4.92031e-08 8.99582e-12 5.05675e-12 
4.49733e-05 0.0139291 0.27999 2.89113e-05 0.0210778 0.0568805 0.102831 0.143549 3.91986e-05 0.024909 0.00015103 0.32071 0.00213958 0.00185935 1.76705e-07 0.000430842 0.0314287 
0.000186643 0.0163553 0.0564343 7.23574e-05 0.125625 0.119518 0.0265765 0.000845392 2.18898e-06 0.0195285 0.0193087 0.532503 0.0825801 0.000265139 1.90829e-05 2.12384e-05 0.000158888 
0.000343599 0.100018 0.141693 0.000861486 0.145665 0.0480413 0.175305 0.0214718 3.40872e-05 0.0373666 0.0386644 0.225637 0.0045356 0.0081525 4.68666e-06 0.0366826 0.0155237 
0.00373102 0.0972245 0.00809059 8.31558e-05 0.133606 0.0421475 0.0838895 0.0545378 6.56836e-06 0.00429476 0.0809473 0.376796 0.113216 9.74366e-05 4.77211e-07 4.0445e-08 0.00133161 
0.00168985 0.0314226 0.00565975 0.0037531 0.030209 0.00687834 0.000577094 0.00803119 1.30924e-10 0.000460888 2.05434e-05 0.896385 0.0102368 0.000299006 1.44583e-08 3.04148e-09 0.00437699 
0.00177856 0.0600987 0.107565 0.00108475 0.0620038 0.219944 0.0717912 0.029906 0.000430051 0.0238931 0.0146153 0.367254 0.0283692 0.00537289 0.00138277 0.00158864 0.00292158 
1.01565e-06 0.00395383 0.0614164 1.28611e-08 0.00409149 0.072979 0.290303 0.00130944 8.66414e-07 0.00328364 0.00870387 0.553218 0.000721763 4.36062e-08 1.08287e-06 2.87376e-06 1.36032e-05 
0.000265454 0.069089 0.12152 2.39438e-05 0.12904 0.0794296 0.0824945 0.0285835 1.01182e-05 0.035142 0.000813336 0.354818 0.0449506 0.00296247 0.0487237 0.00164165 0.000492171 
0.000628206 0.0171295 0.116781 1.81776e-05 0.0927623 0.0194225 0.113431 0.0144114 1.41344e-07 0.00454587 0.00126252 0.593219 0.0192173 0.00281405 9.03847e-05 0.00272311 0.00154325 
0.00644463 0.036556 0.00888968 0.0146311 0.0152605 0.00124798 0.0154738 0.00217807 0.00312479 0.0630443 0.0220962 0.792319 0.00926879 2.94166e-05 2.25387e-05 0.00509022 0.00432253 
2.78413e-08 0.0012878 0.0379031 5.93083e-05 0.0134677 0.0759079 0.0245594 0.00435018 8.06951e-07 0.0511081 0.000312404 0.788082 0.000434245 0.00248085 5.16527e-07 6.55771e-09 4.57911e-05 
0.00138435 0.0623482 0.092958 1.90279e-05 0.0407416 0.341582 0.0435604 0.00662484 1.00206e-05 0.0147237 0.012528 0.350902 0.0282556 0.00178118 0.000343248 2.27222e-05 0.00221559 
0.000180452 0.0227442 0.0783782 0.000934442 0.114151 0.0618757 0.22319 0.0130989 0.0011967 0.0606092 0.00169107 0.394427 0.0157582 0.00856633 3.21793e-05 0.000367415 0.00279952 
3.0741e-07 0.0016858 0.000484721 0.123145 0.0240603 0.00147929 0.0419085 0.0107905 9.18561e-10 0.0207496 0.000312906 0.648447 0.0136134 0.112127 1.49272e-09 3.10263e-07 0.00119521 
0.00262966 0.267128 0.0683968 8.26391e-05 0.0972744 0.0235871 0.0789222 6.76213e-07 0.00210428 0.0412151 0.00110725 0.321097 0.0805466 0.00125475 4.61235e-05 6.1506e-05 0.0145463 
0.0340013 0.03145 0.11073 0.00241826 0.0375661 0.0920966 0.102445 0.0196135 0.00283844 0.0434806 0.000346361 0.471566 0.0295813 0.000616782 0.000491825 0.00179616 0.0189616 
0.0016203 0.106171 0.234364 2.4642e-05 0.0566275 0.158308 0.040441 0.0471411 5.73503e-06 0.0240093 2.04558e-06 0.31263 0.0116415 0.000432103 4.53681e-06 9.79283e-05 0.00647989 
0.00461372 0.00908148 0.226224 0.0205221 0.0415886 0.136821 0.0675053 0.0351221 1.89075e-05 0.00742454 0.0192894 0.272011 0.0118367 0.00576131 2.75291e-05 0.00621713 0.135936 
0.00441121 0.301013 0.0105808 7.27439e-06 0.0401857 0.0485713 0.153117 0.00856354 8.99461e-06 0.0201914 0.00168578 0.352689 0.0583384 4.14306e-05 4.34244e-08 0.000108255 0.000486066 
0.0305663 0.0030973 0.0018023 8.63003e-07 0.0016532 0.0003953 0.0212734 3.84075e-06 3.54616e-06 0.00362291 0.00106624 0.935958 0.000284145 1.86068e-05 5.76273e-06 3.02599e-06 0.000245187 
9.48801e-07 0.00389917 0.00316105 0.000826499 2.83905e-05 0.00280709 0.000266712 0.0158237 1.89853e-10 0.000146438 2.83641e-06 0.939834 0.0299441 0.000490077 1.00516e-05 1.10163e-07 0.00275849 
2.197e-06 0.0283939 0.0388727 1.03926e-08 0.0667142 0.073162 0.0238586 0.00076817 4.27043e-08 0.15401 4.95854e-06 0.605934 0.00174469 0.0039393 0.00252642 3.64403e-08 6.79711e-05 
0.00188363 0.00914643 0.0216321 0.00733983 0.0111432 0.0183987 0.0448492 0.0651569 2.06879e-06 0.00702626 0.00432626 0.774634 0.0156438 0.000307243 0.000752145 2.83448e-06 0.0177551 
5.48281e-06 0.00655213 0.172699 0.0026064 0.0267288 0.15768 0.228097 0.0389255 1.94039e-06 0.0170905 0.000500082 0.240003 0.000169155 0.000623836 4.82456e-05 1.43707e-07 0.108269 
0.0329145 0.166295 0.0371771 0.00155689 0.0155851 0.0820168 0.126143 0.0677111 1.49463e-05 0.0511014 0.000233784 0.28195 0.000609964 0.000810894 2.37035e-10 1.58034e-05 0.135864 
0.00174931 0.045299 0.137396 0.0155248 0.0909154 0.120131 0.0741659 0.19001 4.19702e-06 0.0371474 0.00507916 0.215785 0.00905723 0.052017 0.00256932 2.10954e-06 0.00314606 
0.000938547 0.089909 0.0613895 4.87239e-06 0.0277869 0.0827991 0.0431867 0.00842472 0.000808718 0.0660343 0.0125308 0.589391 0.0111567 0.00256997 0.000203526 0.00169613 0.00116974 
0.000183101 0.00774218 0.0453454 2.88617e-05 0.0559502 0.0164612 0.056832 0.0118958 2.9044e-07 0.0159626 0.0101991 0.769531 0.00244968 0.00625352 4.74799e-08 1.95301e-10 0.00116521 
0.000132801 0.0190177 0.172696 0.00301396 0.317556 0.00753797 0.00380457 0.00770737 1.89198e-05 0.00628431 1.00722e-05 0.451286 0.000311613 0.000558607 0.00330092 2.42629e-05 0.00673815 
6.88329e-05 0.0125241 0.000243076 2.27828e-08 0.0752401 6.08276e-09 0.0282522 0.00158176 9.36166e-08 0.014897 0.160066 0.704696 0.00199678 0.000393274 1.52133e-07 4.03398e-05 4.49049e-08 
0.000301315 0.00360566 0.0891532 1.63651e-06 0.059093 0.22676 0.0574471 0.0247363 3.78959e-07 0.0143561 0.00838214 0.511527 0.00108965 0.00272835 6.24599e-05 4.33196e-05 0.000712326 
0.000224357 0.0470656 0.0376089 0.000177811 0.0477834 0.0016125 0.00110005 0.00968822 1.67914e-06 0.0377685 8.51354e-05 0.771204 0.0435564 0.00207347 7.79131e-08 2.40327e-05 2.54628e-05 
0.000612856 0.0343358 0.1278 0.00165947 0.0380896 0.185259 0.0514269 0.0204339 3.62787e-05 0.240945 0.003537 0.272334 0.0108364 0.00540165 0.00169104 0.000994261 0.00460553 
0.000168291 0.0617568 0.083018 4.1493e-06 0.026545 0.12267 0.273286 0.049198 2.18759e-07 0.0325796 0.00067452 0.326641 0.00111429 0.00433002 5.75583e-05 0.000596843 0.0173598 
1.51943e-05 0.0645984 0.0353271 1.71571e-05 0.0107768 0.000742554 0.00836518 0.000476113 0.000324635 0.0266139 5.87886e-05 0.849618 1.09472e-05 0.00276411 2.29938e-06 0.00015385 0.000135302 
0.00236697 0.09779 0.0301729 0.00295953 0.150137 0.0449798 0.0323548 0.0038568 1.61254e-05 0.00331003 0.000863488 0.312478 0.217823 0.000553405 0.000100666 0.00124775 0.09899 
0.000944462 0.210925 0.0270646 0.0370243 0.0514452 0.137826 0.0661437 0.0543634 0.000144541 0.0135483 0.00270357 0.337091 0.0581326 0.000597457 5.27444e-05 2.52992e-08 0.00199209 
0.000404756 0.0198166 0.0485232 0.00333828 0.0221943 0.180258 0.0895715 0.0481292 1.47491e-05 0.0109063 0.00275598 0.550048 0.0141936 0.00963604 1.4667e-05 9.38997e-07 0.000194507 
2.29984e-05 0.00687288 0.00511561 2.51903e-05 2.38429e-05 0.00233146 0.237313 0.0025289 6.16163e-10 0.0220685 4.56831e-05 0.717369 0.00060289 3.13923e-06 1.0013e-09 0.00382572 0.00185115 
0.000134431 0.1654 0.0259464 6.48866e-05 0.0756932 0.0407487 0.0331882 0.0295397 0.000415342 0.203298 1.55257e-05 0.418781 0.0041193 0.00229864 7.66733e-06 4.00311e-09 0.00034819 
0.000176237 0.0568353 0.0829641 1.24242e-05 0.104022 0.277489 0.0400549 0.00698326 0.000478501 0.0139914 0.00867777 0.336301 0.00743996 0.0628637 0.00060902 4.74127e-07 0.00110085 
0.000413186 0.040478 0.150639 0.000513031 0.0601048 0.117297 0.240871 0.0203179 1.37782e-05 0.0170122 0.000952611 0.331535 0.000749711 0.00225632 0.000553304 0.000843282 0.0154501 
0.000285674 0.0347636 0.101408 1.79851e-05 0.0308682 0.111626 0.0833528 0.00376159 1.66091e-05 0.0112297 0.0105142 0.597444 0.0105839 0.00222385 1.63253e-05 0.00140905 0.000477997 
0.00165821 0.0164887 0.120004 0.0254816 0.0393879 0.0981984 0.167439 0.0301688 8.57317e-07 0.0557474 0.00783314 0.352528 0.0450982 0.00345088 0.000271247 0.000358095 0.0358862 
0.0679217 0.0556806 0.135158 1.43546e-05 0.107369 0.189276 0.0340035 0.041641 1.8939e-08 0.0363004 0.000203675 0.331569 0.00012813 0.000123662 1.58769e-07 2.36261e-10 0.000611325 
0.0573163 0.0485731 0.0470007 0.000291358 0.0170696 0.257123 0.233732 0.0139107 9.45709e-05 0.0060439 0.000504692 0.291355 0.024301 0.00085047 4.38276e-05 1.81679e-07 0.00178942 
3.0621e-05 0.000633167 2.50257e-05 2.18237e-06 0.000136932 0.000219997 7.94322e-07 2.73794e-05 8.96757e-06 0.00118569 8.9139e-06 0.995761 0.00192969 3.19162e-06 1.45729e-05 7.65217e-06 4.30145e-06 
0.000338506 0.0381795 0.00224828 1.17933e-05 0.0945322 0.0176961 0.0924304 0.0110393 2.43515e-06 0.0123543 0.00246657 0.718546 0.00761152 0.000768791 5.87651e-05 7.76956e-05 0.00163835 
0.0113047 0.0168553 0.0316377 0.00147455 0.0839386 0.0102606 0.015309 0.0382517 2.99684e-05 0.0272161 0.0017682 0.725262 0.0196173 0.0118834 6.76552e-05 0.00280893 0.00231385 
0.00107569 0.0438128 0.0803548 0.000177064 0.0585787 0.144023 0.0673756 0.00625284 0.00065642 0.069454 0.0735012 0.406738 0.0424249 0.00160604 0.000156195 4.14472e-05 0.00377088 
0.00588117 0.000869626 0.0438782 2.17533e-07 0.0097187 0.139632 0.00355887 0.217904 6.57408e-06 0.0182774 0.000818692 0.442343 0.117016 9.42386e-05 1.10452e-08 5.79981e-09 2.21487e-06 
0.00102386 0.0176501 0.225266 0.00416742 0.0924963 0.189841 0.121859 0.0216098 9.70952e-06 0.00997221 0.0144704 0.270192 0.00448462 0.00506242 0.000202697 0.0113225 0.0103697 
0.00380771 0.0336619 0.0751556 2.5259e-05 0.0482786 0.0267107 0.0448617 0.0112414 0.000432166 0.0554801 0.000556068 0.687222 0.00954899 0.000472257 0.000236187 0.00035839 0.00195092 
0.00255236 0.0264828 0.155579 6.03869e-05 0.149942 0.0641092 0.0566176 0.0177623 4.33658e-05 0.0304255 0.0115927 0.424486 0.00744344 0.0150378 9.5679e-05 3.04305e-05 0.0377399 
7.85216e-05 0.00411237 0.0386575 5.93507e-07 0.00695665 0.234478 0.105873 0.00398212 1.89937e-05 0.0758278 0.00556141 0.389505 0.132682 3.72449e-06 6.13295e-06 8.62085e-07 0.0022557 
0.0381423 0.047417 0.0115189 8.06062e-10 0.0249886 2.1521e-10 0.0447161 0.021451 2.8601e-05 0.00221799 7.6611e-07 0.687655 0.12159 0.000270581 2.77404e-06 6.05672e-07 1.58875e-09 
0.00066009 0.0863052 0.00195779 0.00582467 0.178817 0.0301726 0.306492 0.00161209 8.9969e-11 7.83694e-07 0.00186995 0.351143 0.0148498 0.000716782 8.90003e-08 0.0158963 0.00368293 
4.21079e-05 0.0167772 0.0399852 8.57603e-06 0.0422118 0.00327933 0.0961638 0.0509555 9.37336e-07 0.000683628 3.81596e-05 0.741059 0.00842696 8.02142e-05 1.09081e-07 3.08705e-07 0.000286809 
0.000861589 0.0266306 0.136249 4.02973e-06 0.0345245 0.287911 0.0567699 0.0117365 0.000147228 0.0209516 0.00812335 0.398006 0.0169239 0.000848632 0.000231574 6.29421e-10 8.09526e-05 
0.00242587 0.0351047 0.100514 0.00146815 0.0439623 0.108366 0.0883635 0.0619492 0.000411111 0.214766 0.0132882 0.247599 0.0697222 0.00303628 0.00102811 0.00137809 0.00661674 
0.0027598 0.0873176 0.146726 0.0169649 0.100715 0.0375297 0.0511338 0.0709571 4.86387e-06 0.165092 0.000347316 0.276201 0.0260885 0.00563255 1.41053e-05 0.00251518 0.0100002 
0.000322102 0.0300213 0.145837 0.00795278 0.0357186 0.0832683 0.109737 0.0573099 4.39618e-07 0.0182303 0.0012212 0.502993 0.00521291 0.00050882 0.000339249 4.80124e-05 0.00127918 
0.000270993 0.0796198 0.0666376 9.02304e-05 0.0253898 0.0587233 0.0371323 0.0741195 8.82534e-05 0.0121174 0.000750426 0.591687 0.00425112 0.00526751 0.0193413 0.000442247 0.0240715 
0.00103063 0.0373273 0.0338288 0.000171159 0.279365 0.0597796 0.0166539 0.00345451 1.78887e-05 0.00265198 0.00100017 0.500319 0.0116975 0.00157564 2.79266e-05 6.61173e-05 0.0510327 
0.00615697 0.136025 0.0100916 0.0305334 0.0216665 0.0371775 0.0243091 0.000559337 3.97254e-05 0.0311888 0.000914255 0.643207 0.0558311 9.70349e-05 2.63979e-05 2.06004e-05 0.00215561 
0.00234599 0.0389276 0.179845 0.00812403 0.0668323 0.189249 0.124138 0.0353597 0.00132747 0.0287518 0.0153142 0.25574 0.0162882 0.00351505 0.000779277 0.00230347 0.0311589 
0.00035915 0.0533804 0.0399905 0.000197017 0.0531341 0.115273 0.0869992 0.0159786 0.00035197 0.0274681 0.00663102 0.492604 0.078199 0.0084746 0.000786371 0.000449926 0.0197234 
0.00126943 0.0180974 0.15395 0.0073655 0.0430353 0.160748 0.0492653 0.112468 1.6304e-05 0.0998386 0.0123942 0.337854 0.00192584 0.000851023 1.75305e-05 1.39072e-05 0.000889391 
5.80383e-05 0.00198389 0.158073 0.000128208 0.010246 0.159945 0.0383926 0.0371594 2.09386e-07 0.0389651 0.00826706 0.537967 0.00511565 0.000404573 7.76427e-06 0.000138734 0.00314736 
0.000459358 0.00682362 0.107415 1.69717e-05 0.0505238 0.0460592 0.0602198 0.00497795 2.08098e-07 0.0758778 0.00244238 0.617323 0.00417827 0.00495802 0.0157432 0.00101664 0.00196507 
0.000649409 0.00564458 0.138692 0.000155196 0.0273649 0.316872 0.0439776 0.0883276 2.02451e-07 0.0166543 0.00108825 0.351742 0.00507406 0.00288208 5.29776e-06 2.04683e-06 0.000869269 
0.00143789 0.0144317 0.104203 6.66681e-06 0.101256 0.240146 0.0330154 0.0190823 4.01587e-06 0.0298118 0.0112531 0.434767 0.00726699 0.00256931 0.000132376 3.52103e-05 0.000582492 
0.00967437 0.130627 0.0123725 6.60136e-06 0.0330202 0.0578617 0.189198 0.00674343 2.47326e-06 0.00871666 0.00888157 0.456449 0.0200965 2.34618e-05 0.000578763 0.0654693 0.000277966 
6.28694e-05 0.0110341 0.0198214 0.00223934 0.194082 0.0470697 0.0461403 0.000501136 0.000151645 0.00184985 7.79615e-05 0.665014 0.00881163 0.00157692 0.000144172 6.36447e-08 0.00142265 
0.000201259 0.0587415 0.156732 0.0199925 0.0095246 0.0780996 0.227698 0.0209783 1.2868e-05 0.00110523 0.031477 0.23813 0.0633514 5.15912e-05 0.000100128 0.000246397 0.0935577 
0.0334438 0.0422471 0.100077 3.69804e-05 0.0166408 0.253489 0.128682 0.00596506 1.98375e-05 0.00290629 0.00492857 0.335892 0.0531223 0.0218674 3.61128e-08 1.95344e-06 0.000679833 
0.000255597 0.00730515 0.0593145 9.42334e-07 0.0487921 0.162717 0.0336674 0.0187263 9.21964e-08 0.00330194 0.017597 0.602399 0.0353234 0.000784987 0.00014865 0.00449933 0.00516683 
0.0020121 0.0896465 0.313923 0.000168809 0.0355752 0.0677251 0.0337397 0.0038912 1.4883e-08 0.00547937 0.000217767 0.333353 0.108487 0.00234537 1.31809e-05 0.00029643 0.00312676 
0.00247679 0.0528813 0.20607 0.00101801 0.110205 0.210432 0.0663303 0.0124151 7.87004e-05 0.0325452 0.0130052 0.255201 0.020601 0.00734192 0.00170019 0.00157828 0.00611911 
9.29518e-05 0.0327896 0.121462 7.85049e-05 0.161804 0.119346 0.0675417 0.0281652 0.000106327 0.0712797 0.00516844 0.29071 0.04834 0.00210239 0.0455373 7.74721e-07 0.0054757 
0.000689536 0.0247571 0.0543122 0.000302963 0.0639636 0.0578221 0.127545 0.0123407 5.16912e-06 0.03449 0.00575998 0.563494 0.0374282 0.000957509 2.76741e-06 0.000188841 0.0159408 
0.00282839 0.255166 0.0330966 0.000648483 0.117754 0.025754 0.0317622 0.0601859 3.54512e-05 0.0907393 0.00366876 0.306719 0.0660139 0.0020623 1.23098e-05 8.28702e-06 0.00354505 
3.76609e-07 0.0174012 0.122637 4.50081e-06 0.191874 0.0328671 0.0154415 0.0586265 1.16942e-06 0.0131815 0.000217929 0.539201 0.00185216 0.000402869 1.90854e-07 3.63793e-09 0.00629055 
0.00050811 0.0550734 0.144327 0.0831885 0.0255938 0.134424 0.122358 0.0946474 1.95401e-06 0.125967 0.00430325 0.160831 0.006534 0.00454853 6.92542e-05 4.98318e-05 0.037575 
0.00134038 0.145147 0.0903204 0.00350465 0.128782 0.0871101 0.149443 0.0405154 0.001933 0.021044 0.0203466 0.235287 0.00780298 0.00607994 0.00502246 0.00703682 0.0492845 
0.00235778 0.0244797 0.176131 6.3324e-05 0.0432623 0.235725 0.0403647 0.0159835 8.97117e-06 0.0939555 0.0223183 0.328027 0.0079808 0.00680807 0.000600877 0.000762185 0.00117102 
0.00038007 0.00904707 0.0995018 2.08164e-05 0.0515652 0.321327 0.0459152 0.0177846 3.57573e-07 0.0128573 0.00859159 0.428695 0.000590178 0.00277416 3.30316e-05 0.000595443 0.000321485 
4.57894e-11 4.07417e-08 0.00383431 1.9256e-05 6.59959e-08 2.42237e-07 1.39937e-05 0.0684474 7.59279e-11 0.0511934 1.10769e-11 0.876391 6.22254e-07 2.70233e-11 1.23388e-10 9.994e-05 3.64202e-11 
0.000516083 0.0707831 0.00903484 1.76465e-05 0.0144484 0.00508954 0.0482624 0.000744831 1.56594e-05 0.00419773 0.00165129 0.736048 0.0204563 0.0468849 1.03903e-05 0.0397537 0.00208516 
0.00223974 0.136374 0.0526636 4.19564e-05 0.0362468 0.033433 0.16713 0.00120245 2.15847e-05 0.0162994 2.61515e-05 0.455881 0.0283504 0.000373345 2.4379e-05 0.0696441 4.82682e-05 
2.54511e-07 2.76017e-05 0.204085 4.10689e-10 0.0277781 0.183162 0.00348362 0.000397597 1.68756e-09 0.0135099 0.0617822 0.504866 7.06935e-09 0.000565735 2.74239e-09 6.73838e-07 0.000341048 
