0.00463022 0.205643 0.000307291 0.00309591 0.032487 0.000860503 0.00188326 0.00533475 0.0120605 0.000361812 0.0320255 1.23298e-06 0.682704 0.0023309 0.00335983 8.89592e-11 0.0129143 
0.056038 0.0959103 0.0108661 0.000120942 0.0939352 0.124155 0.0776222 0.000863059 0.000104659 0.00442751 0.0185529 0.011997 0.479209 0.00649822 1.93158e-09 1.01427e-09 0.0197 
0.00313171 0.0797697 0.0484874 7.05191e-06 0.160586 0.0240971 0.0137346 0.00525162 9.70845e-05 0.093712 0.0017504 0.137444 0.245912 0.000918261 0.169837 0.0121292 0.0031338 
0.00995944 0.182626 0.00420258 7.4579e-05 0.0359345 0.0782329 0.0273944 0.00265641 9.12315e-06 0.0224916 0.0306714 0.0309238 0.572148 0.00221371 0.000189558 7.90161e-09 0.000272576 
0.00995944 0.182626 0.00420258 7.4579e-05 0.0359345 0.0782329 0.0273944 0.00265641 9.12315e-06 0.0224916 0.0306714 0.0309238 0.572148 0.00221371 0.000189558 7.90161e-09 0.000272576 
0.000385165 0.021607 0.010786 0.0151053 0.0156904 0.00719262 0.0881758 0.000498092 0.00176846 0.00489427 0.0295829 0.0264054 0.777006 0.000319941 7.00445e-07 5.67611e-07 0.000581075 
0.00415017 0.0834659 0.0515612 0.00173012 0.0347999 0.248808 0.0833356 0.0261424 0.000741027 0.000660171 0.00715867 0.0548518 0.251194 0.000334176 0.000330262 0.00564825 0.145089 
0.00487579 0.0368824 0.0132719 1.28098e-05 0.0405027 0.0939575 0.238423 0.000223103 1.38028e-10 0.000424872 0.00724918 0.00414267 0.545114 0.000363764 2.24305e-10 9.46577e-08 0.0145561 
0.000100659 0.00441935 0.00198051 1.28453e-05 0.0185852 0.0628441 0.195372 0.0010085 8.25482e-07 0.0302555 0.000377361 0.145405 0.537136 3.77234e-05 0.000411183 1.54808e-07 0.00205257 
0.124792 0.0611362 0.0116929 0.000935438 0.0568469 0.0536595 0.0708142 0.0443731 1.54834e-05 0.0303081 0.00582739 0.0422286 0.485368 0.00226713 0.00653226 4.9601e-06 0.00319752 
0.000666852 0.183097 0.0759835 0.0107416 0.0524877 0.028483 0.129789 0.00547608 0.000672403 0.042815 0.0901665 0.0368158 0.335183 0.00618404 0.000286215 0.000162694 0.000989334 
0.00538593 0.362648 0.0791914 0.000211018 0.00186126 0.00791836 0.0893923 2.74924e-06 2.22567e-06 0.00127466 8.35485e-07 0.0486326 0.4033 6.61722e-05 7.89612e-09 7.07291e-08 0.000112996 
0.000465792 0.00610494 0.0142199 0.0016786 0.0076501 0.0320138 0.207657 0.00562579 1.49013e-06 0.00261235 0.00952271 0.0291064 0.681943 0.000795107 1.02019e-06 3.57951e-06 0.000598169 
0.010103 0.00346033 0.0333721 0.000976474 0.0307628 0.0345721 0.0464539 0.0294283 3.68956e-09 0.00676849 7.99715e-06 0.254287 0.452061 2.0195e-05 5.99577e-09 3.14837e-09 0.0977271 
0.000892618 0.0246594 0.036806 2.78165e-05 0.0433689 0.0825457 0.340235 0.0286973 9.59843e-06 0.014408 0.0177128 0.0664722 0.342411 0.00088802 0.000168203 0.000104098 0.000593309 
0.000876332 0.393046 0.00169969 3.13422e-06 1.97373e-05 0.00120921 0.00691933 0.00038809 0.116966 0.00288693 4.45584e-05 3.88618e-05 0.447597 0.000301344 3.56254e-08 1.54324e-06 0.028003 
0.271301 0.222267 0.00609131 7.34147e-05 0.0439974 0.0314669 0.0596439 0.00581775 5.07043e-06 0.00458827 0.015987 0.0572275 0.275023 0.00187049 0.00172378 6.04466e-08 0.00291644 
0.000304477 0.0358635 0.0107436 0.000115132 0.00787973 0.0848971 0.209256 0.160002 3.48543e-06 1.54866e-06 9.27793e-07 0.0500757 0.434536 0.000369132 1.64974e-07 0.00522616 0.000724852 
0.0033334 0.385642 0.0170802 0.000136593 0.0396565 0.0396365 0.0311212 0.00527616 0.000591816 0.00717466 0.00838409 0.0341808 0.416257 0.00342333 0.000892137 0.000366318 0.00684773 
9.68987e-07 0.140107 1.32093e-07 3.91029e-07 0.000603346 0.000196484 0.00123272 0.000102245 1.60678e-06 0.000394705 2.34408e-07 0.000641312 0.85596 5.71863e-07 2.61111e-06 1.37109e-06 0.000754393 
0.00487579 0.0368824 0.0132719 1.28098e-05 0.0405027 0.0939575 0.238423 0.000223103 1.38028e-10 0.000424872 0.00724918 0.00414267 0.545114 0.000363764 2.24305e-10 9.46577e-08 0.0145561 
0.135244 0.300177 0.0292341 0.000966267 0.0583152 0.0558866 0.0519729 7.50245e-07 0.00018092 0.00201356 0.00792751 0.020247 0.332709 0.00346948 0.0012119 8.84953e-07 0.000443064 
0.00180495 0.198677 0.0279484 0.000251632 0.218228 0.0153995 0.0101064 0.0220712 4.12554e-05 0.0153916 0.0061346 0.0106429 0.457931 0.0149887 1.09503e-05 9.3528e-05 0.000278301 
0.000490892 0.043305 0.123216 4.07043e-05 0.0629536 0.0206077 0.0217476 0.00480913 0.000183172 0.038499 0.000473015 0.185191 0.494984 0.00314684 1.01339e-05 1.07093e-07 0.000342342 
0.0566152 0.18398 0.0180614 0.000968806 0.0145049 0.0674412 0.0728901 0.00313222 0.000140553 0.0506713 0.0048106 0.0253858 0.479166 0.000253327 8.05121e-05 6.81927e-05 0.0218297 
0.00121255 0.0426153 0.0864395 3.3274e-05 0.0413719 0.0865182 0.201547 0.0412518 1.12522e-05 0.0042392 0.000278492 0.0442967 0.442723 0.000302113 1.15327e-05 0.000147245 0.0070002 
0.0101097 0.0479561 0.0246311 7.04677e-06 0.118728 0.0509411 0.0472226 0.00114448 2.75098e-06 0.000385589 0.00218692 0.0512191 0.552106 0.000376842 0.00110866 0.00646409 0.0854103 
0.0050606 0.19985 0.000837203 0.000519531 0.102932 0.229674 0.0284077 0.00130127 0.00633754 0.00200555 0.025257 0.00461628 0.351265 0.00585005 0.000932904 0.000496735 0.0346565 
1.62353e-05 0.00226892 0.00508209 0.010087 0.00658745 0.0251058 0.366747 0.00268638 0.00227135 0.0785642 0.00113509 0.0625462 0.404459 0.00192682 0.000311167 0.0274703 0.00273492 
0.0845891 0.20571 0.0532974 0.000233701 0.0381533 0.0432021 0.0375479 0.0407047 2.91825e-05 0.0248932 0.000219702 0.0355608 0.431062 0.0036158 1.75612e-05 1.99486e-07 0.00116291 
9.28612e-05 0.0142208 0.0280324 2.15599e-05 0.00964994 0.00415726 0.001179 8.83433e-06 3.77129e-06 0.000144264 1.27439e-07 0.0250527 0.911252 4.832e-05 0.000117739 0.00577448 0.000244254 
0.00170595 0.127142 0.0302899 0.000146998 0.0174071 0.0710631 0.0318487 0.00545718 3.7997e-05 0.0282209 0.00131868 0.0474896 0.586593 0.0128788 0.000161602 0.00117309 0.0370647 
0.0014118 0.0443669 0.0162782 6.48039e-05 0.115176 0.0498817 0.0232431 0.00249868 3.96774e-05 0.000202034 0.041093 0.187081 0.515583 0.0025952 8.3525e-05 1.2395e-05 0.000388366 
0.00656482 0.0729255 0.00601927 4.8193e-06 0.0300314 0.0210496 0.00749299 0.00697348 0.000208206 0.00167647 0.0115875 0.00793362 0.773669 0.000339593 0.000206674 0.000349985 0.0529672 
0.000248957 0.158564 0.0855167 0.000220542 0.015918 0.0598941 0.168184 0.0206255 7.74025e-05 0.00743825 0.00742122 0.013839 0.432695 0.0277951 0.000776446 5.40733e-05 0.000731879 
0.00136824 0.0794503 0.25919 0.000311824 0.0513878 0.0131262 0.0833072 0.00065753 0.0113948 0.00367408 0.00394642 0.210308 0.275105 0.00114819 7.36764e-06 0.00391215 0.00170394 
0.00239518 0.0685487 0.00640797 7.10786e-06 0.00734584 0.0295412 0.0055729 0.00102574 2.21092e-06 0.0015452 0.00117214 0.00901568 0.830133 0.00023572 7.70734e-07 0.000322214 0.0367279 
7.89293e-05 0.137932 0.00417784 1.75131e-05 0.0833083 0.0232031 0.00341483 0.00703327 3.19513e-05 0.0469207 1.29109e-06 0.0328732 0.657404 7.52593e-05 1.74078e-06 1.47313e-06 0.00352404 
0.000449586 0.0118454 0.0577219 0.00135072 0.0437501 0.136147 0.0515745 0.024826 4.48444e-06 0.00198306 0.0249641 0.164651 0.460013 0.0191867 0.00069148 9.32569e-05 0.000747097 
0.00995944 0.182626 0.00420258 7.4579e-05 0.0359345 0.0782329 0.0273944 0.00265641 9.12315e-06 0.0224916 0.0306714 0.0309238 0.572148 0.00221371 0.000189558 7.90161e-09 0.000272576 
0.00995944 0.182626 0.00420258 7.4579e-05 0.0359345 0.0782329 0.0273944 0.00265641 9.12315e-06 0.0224916 0.0306714 0.0309238 0.572148 0.00221371 0.000189558 7.90161e-09 0.000272576 
0.000743093 0.0477052 0.0262571 9.89362e-06 0.0861978 0.00394913 0.0272173 0.0131044 3.66979e-09 0.0052998 0.000467378 0.118796 0.665899 6.61655e-06 0.00307206 3.13149e-09 0.00127499 
0.000412821 0.00256173 0.0114145 6.34147e-05 0.0107047 0.0543009 0.135526 0.00363727 1.92879e-06 0.0214128 0.000908058 0.213307 0.544556 7.59311e-05 1.10902e-09 4.70857e-07 0.00111744 
0.000497787 0.0400083 0.229927 1.404e-06 0.0666079 0.115156 0.00330254 0.00105816 7.89176e-07 0.000878876 0.000808755 0.0147733 0.526971 4.36427e-06 8.0417e-07 4.0703e-08 2.86785e-06 
0.00405724 0.109472 0.000682297 7.73917e-05 0.187194 0.0477123 0.0160732 4.09949e-08 0.0604063 0.00836765 2.40839e-08 0.170037 0.328861 4.03451e-05 0.066975 4.37841e-05 7.91864e-08 
9.23526e-06 0.0199258 0.0160242 1.0014e-05 0.00570684 0.0225482 0.0286473 1.37851e-05 6.38263e-08 0.000895262 9.31143e-09 0.0957217 0.666556 1.06625e-05 0.000129858 5.44641e-08 0.143801 
0.00463022 0.205643 0.000307291 0.00309591 0.032487 0.000860503 0.00188326 0.00533475 0.0120605 0.000361812 0.0320255 1.23298e-06 0.682704 0.0023309 0.00335983 8.89592e-11 0.0129143 
0.00794736 0.00169144 0.00123914 2.13435e-06 0.0724139 0.0151338 0.00453414 0.000768804 1.33628e-05 0.0114877 0.00765648 0.0223028 0.852891 0.00147449 0.000442992 6.84059e-09 3.84525e-09 
0.012521 0.306473 0.00992334 9.13957e-05 0.0356898 0.0244255 0.0155841 0.0022437 0.000297184 0.00234456 0.0166345 0.0220833 0.533615 0.000553275 0.000135942 0.000656532 0.0167271 
2.39784e-05 0.0119831 0.00102991 4.04746e-08 0.013611 0.00556903 0.13744 2.26917e-07 1.72197e-07 0.000273025 8.4386e-06 0.0212229 0.808703 1.18592e-08 1.54912e-10 3.26544e-07 0.000135225 
0.00487579 0.0368824 0.0132719 1.28098e-05 0.0405027 0.0939575 0.238423 0.000223103 1.38028e-10 0.000424872 0.00724918 0.00414267 0.545114 0.000363764 2.24305e-10 9.46577e-08 0.0145561 
0.00142732 0.141438 0.05808 0.000744303 0.0627162 0.0297495 0.0410464 0.000318348 2.20085e-07 0.00238818 1.26278e-05 0.167688 0.475835 2.71915e-05 0.0182525 3.09249e-06 0.000273402 
0.000298758 0.0792634 0.0170091 3.44067e-05 0.0253283 0.0391509 0.0326919 0.0473375 0.00013262 0.0776165 0.00311925 0.0941576 0.575882 0.00369636 0.000165285 0.00101032 0.00310552 
0.00995944 0.182626 0.00420258 7.4579e-05 0.0359345 0.0782329 0.0273944 0.00265641 9.12315e-06 0.0224916 0.0306714 0.0309238 0.572148 0.00221371 0.000189558 7.90161e-09 0.000272576 
2.39784e-05 0.0119831 0.00102991 4.04746e-08 0.013611 0.00556903 0.13744 2.26917e-07 1.72197e-07 0.000273025 8.4386e-06 0.0212229 0.808703 1.18592e-08 1.54912e-10 3.26544e-07 0.000135225 
0.00468813 0.232063 0.0666417 0.0029719 0.0578115 0.0845495 0.0789904 0.0360756 0.00159843 0.0424724 0.0276225 0.0420792 0.310153 0.00878382 0.000362592 0.000545094 0.00259133 
0.003426 0.00657833 0.00486049 0.019661 0.042123 0.0425581 0.305745 0.000515881 1.3382e-05 0.00159075 0.00350199 0.0694123 0.471927 0.000228127 2.77142e-05 6.87267e-07 0.0278297 
0.0337738 0.0909849 0.000393728 4.41877e-05 0.0860971 0.0656349 0.0363224 0.0016307 5.90918e-05 0.0085522 0.00163733 0.00740524 0.662603 0.000196627 0.00370887 4.52917e-07 0.000955541 
0.00686995 0.00087686 0.0219615 7.55757e-07 0.0395179 0.014134 0.0752803 0.00317316 2.75651e-06 0.0118177 0.000264588 0.265257 0.559484 0.000291497 0.000645092 0.000119529 0.000303862 
0.00167776 0.00107521 0.000987948 2.1799e-06 0.000103484 0.000180766 0.00581075 2.22435e-06 8.95741e-06 9.28553e-05 1.30677e-06 0.0533127 0.935394 0.000842781 0.000483557 7.64351e-06 1.63344e-05 
0.00671854 0.0920155 0.00365479 1.2119e-05 0.00810433 0.043782 0.280912 0.00266954 6.73291e-05 0.000481732 0.00754109 0.0345313 0.518276 0.000496049 2.49332e-05 4.26677e-06 0.000709093 
0.009641 0.250286 0.0119245 0.000179255 0.0342575 0.125154 0.132 0.0138912 0.000259537 0.00979123 0.0322959 0.0847822 0.290715 0.00128415 0.0021367 0.000333623 0.00106688 
0.0319208 0.00786494 4.3844e-08 6.65554e-12 0.111319 2.39712e-06 2.29598e-06 6.79124e-12 1.31709e-05 0.016793 0.0823302 1.56781e-06 0.732643 0.011275 0.0058338 2.33367e-11 1.31181e-11 
6.09361e-07 0.000629208 0.0246715 3.7268e-05 0.00198197 0.0715249 0.0306766 0.0333572 0.000721287 0.01556 1.00111e-05 0.095047 0.724621 0.00096972 1.64203e-06 8.62227e-07 0.000189127 
0.000384569 0.0451609 0.0679499 7.90499e-05 0.0438167 0.151635 0.0613477 0.0188379 3.03993e-05 0.003712 0.000197318 0.197697 0.405259 0.000183542 0.000122164 2.09479e-05 0.00356548 
2.11817e-06 0.00214353 0.0204429 2.1323e-06 0.0722314 0.00417803 0.0856501 0.000674234 6.52829e-08 0.000115568 0.000288647 0.0372618 0.775533 0.000210687 2.60484e-05 0.000758511 0.000481589 
8.25175e-07 4.14787e-07 2.43138e-06 1.34811e-11 2.61822e-06 1.32886e-06 0.0503786 7.56712e-08 5.53949e-11 6.61949e-07 5.33452e-08 0.431961 0.495298 0.00412715 9.00202e-11 4.77421e-09 0.0182271 
0.00487579 0.0368824 0.0132719 1.28098e-05 0.0405027 0.0939575 0.238423 0.000223103 1.38028e-10 0.000424872 0.00724918 0.00414267 0.545114 0.000363764 2.24305e-10 9.46577e-08 0.0145561 
0.056038 0.0959103 0.0108661 0.000120942 0.0939352 0.124155 0.0776222 0.000863059 0.000104659 0.00442751 0.0185529 0.011997 0.479209 0.00649822 1.93158e-09 1.01427e-09 0.0197 
0.0375588 0.140836 0.020933 0.000141418 0.118578 0.13415 0.116986 0.0328256 3.92666e-06 0.0214366 0.00345583 0.122125 0.22037 0.0072139 0.00919431 2.28434e-05 0.0141677 
0.00879661 0.232456 0.0173503 0.000505998 0.0740998 0.0216975 0.0214298 0.00806722 6.92081e-06 0.00308434 0.00632824 0.029258 0.56097 0.00414945 1.24286e-05 4.88926e-07 0.0117868 
0.000598471 0.028672 0.0778159 1.24761e-05 0.0165194 0.277033 0.0360574 0.00374223 2.35733e-05 0.00822333 0.000953856 0.0396242 0.508175 0.00119627 0.000670306 1.54864e-06 0.000680875 
0.000106007 0.0554035 0.0772152 1.3192e-05 0.0280196 0.0639244 0.0294969 0.000572848 5.59117e-07 0.00672215 0.000190179 0.28137 0.436474 1.57466e-05 1.841e-09 0.00670297 0.0137728 
0.000388282 0.0481264 0.104784 1.19897e-05 0.0565453 0.0106331 0.00312186 0.00065629 2.10247e-07 0.00580649 0.000367397 0.314818 0.438761 0.0129762 4.7857e-08 3.96383e-05 0.00296272 
1.6238e-05 6.2102e-07 0.0134157 1.61293e-09 5.61738e-05 2.54318e-06 0.00391511 1.64582e-09 2.91379e-08 3.22625e-07 9.20967e-08 6.89103e-06 0.982566 2.35885e-09 1.07704e-08 2.05142e-05 2.43423e-07 
1.35397e-05 0.000242444 7.7662e-05 9.22801e-06 5.61636e-05 0.000402068 0.00079284 0.000130164 5.9186e-05 6.66203e-05 2.28783e-05 0.000407273 0.997546 5.75346e-05 3.64851e-05 1.91583e-05 6.03846e-05 
0.0319208 0.00786494 4.3844e-08 6.65554e-12 0.111319 2.39712e-06 2.29598e-06 6.79124e-12 1.31709e-05 0.016793 0.0823302 1.56781e-06 0.732643 0.011275 0.0058338 2.33367e-11 1.31181e-11 
0.00179837 0.00338019 0.00556771 0.00166112 0.0370807 0.0386853 0.0774009 0.00816352 2.71168e-07 0.00760534 0.0141153 0.0259492 0.391271 0.00023394 0.00166994 0.00930632 0.376111 
0.0091319 0.348781 0.0166017 0.000587256 0.0507556 0.0408507 0.0284061 0.0064117 0.000839037 0.00846129 0.00831957 0.0360903 0.42975 0.0038836 0.000734755 0.000780977 0.0096153 
1.77789e-10 0.00831653 1.18335e-06 7.17459e-11 0.00436549 1.2518e-07 0.0113968 7.32087e-11 2.94811e-10 0.000567279 1.30317e-06 6.45517e-07 0.975351 1.04925e-10 4.79086e-10 2.51567e-10 1.41411e-10 
0.00117086 0.275272 0.0426545 5.22236e-06 0.116788 0.0353084 0.00861158 1.0264e-05 2.65491e-06 0.00118076 0.000311139 0.00955059 0.508462 0.000276707 1.39215e-06 4.00893e-05 0.000354635 
0.00487579 0.0368824 0.0132719 1.28098e-05 0.0405027 0.0939575 0.238423 0.000223103 1.38028e-10 0.000424872 0.00724918 0.00414267 0.545114 0.000363764 2.24305e-10 9.46577e-08 0.0145561 
0.00216246 0.0100717 0.0291312 4.17715e-05 0.0401602 0.309244 0.0770265 0.0141122 4.31921e-05 0.00464925 0.0236787 0.139736 0.341893 0.00706413 0.000444654 3.32497e-05 0.000507475 
0.0125854 0.00854868 0.0242629 2.35674e-05 0.00954978 0.00897235 0.0277843 0.000582303 4.9835e-07 0.00221945 0.000601398 0.0118967 0.886706 0.000492807 2.18542e-05 0.00213349 0.00361844 
0.000231144 0.0350746 0.00875751 0.00853905 0.0155664 0.00593406 0.393494 0.000221992 7.41196e-08 0.00266278 1.42358e-05 0.105769 0.418709 0.000211271 4.83383e-06 2.69913e-06 0.00480625 
0.000677982 0.0124149 0.00161221 5.71743e-08 0.00645159 0.00575115 0.27749 0.00114354 4.70486e-08 0.00142692 2.3287e-08 0.206117 0.48685 4.74943e-08 2.30268e-10 6.53039e-05 1.71224e-07 
4.69626e-05 0.211458 0.0432368 8.80237e-06 0.081701 0.046768 0.0948486 0.0427739 3.58536e-06 0.0902618 0.00538273 0.149745 0.224336 0.00141824 0.00748709 1.21215e-07 0.000523032 
0.00995944 0.182626 0.00420258 7.4579e-05 0.0359345 0.0782329 0.0273944 0.00265641 9.12315e-06 0.0224916 0.0306714 0.0309238 0.572148 0.00221371 0.000189558 7.90161e-09 0.000272576 
0.00237549 0.0577514 0.00284754 0.0115393 0.00767481 0.0831655 0.150206 0.000770437 1.7708e-06 0.0146565 0.000896759 0.148778 0.510535 0.00823825 5.60995e-05 6.39535e-05 0.000442641 
0.000858998 0.0108399 0.0384098 0.0159213 0.0242146 0.0721917 0.238439 0.00537229 1.32423e-05 0.0494263 0.0231631 0.114717 0.392168 0.000500837 0.00465628 7.8882e-06 0.00909966 
0.000463893 0.0025194 0.102327 0.00254619 0.202725 0.040495 0.188172 0.0120999 5.99263e-07 0.00527133 0.00173002 0.155845 0.269883 0.00152715 8.04634e-05 0.00141314 0.0129011 
0.00281596 0.0281038 0.0378202 6.28583e-05 0.0887996 0.062575 0.0957472 0.00596052 8.22688e-06 0.0476424 0.000132455 0.105544 0.449041 0.0426119 0.0327646 1.6728e-07 0.000369983 
0.000834567 0.0776387 0.102795 2.92493e-05 0.0860628 0.0842457 0.0561563 0.00017964 7.55882e-08 0.0280287 0.0312313 0.182473 0.349546 0.000276923 2.87333e-06 0.000341179 0.00015764 
0.00229364 0.0346135 0.106627 0.000180476 0.0621986 0.174989 0.142382 0.0115753 0.000123902 0.00338356 0.0579128 0.123064 0.264559 0.00483394 0.00200297 0.000302937 0.00895665 
0.00363805 0.0459284 0.11675 2.77582e-05 0.0623092 0.129291 0.107838 0.0150579 5.19365e-05 0.00529905 0.0405804 0.115026 0.354752 0.0011861 0.00158551 1.48017e-05 0.000663004 
0.00150063 0.0608208 7.22078e-05 8.23374e-05 0.0480319 0.00587598 0.00188102 0.0127447 8.37544e-05 0.00512381 0.000868801 0.0734916 0.743804 0.00183668 0.0404152 0.00020106 0.00316576 
0.000262594 0.0894901 4.0033e-05 3.30475e-07 0.0138841 0.0574573 0.156874 0.000100479 1.35795e-06 2.66449e-07 1.98108e-07 0.0655724 0.616249 4.83305e-07 6.5642e-05 1.15876e-06 6.51366e-07 
1.12524e-06 0.0808408 0.0784791 1.12573e-06 0.0261235 0.0407612 0.128245 1.12572e-06 1.12469e-06 0.0210534 0.0034913 0.0764507 0.544546 1.12557e-06 1.12384e-06 1.1249e-06 1.1254e-06 
0.000385165 0.021607 0.010786 0.0151053 0.0156904 0.00719262 0.0881758 0.000498092 0.00176846 0.00489427 0.0295829 0.0264054 0.777006 0.000319941 7.00445e-07 5.67611e-07 0.000581075 
0.00465525 0.0363173 0.0136619 8.11269e-05 0.0114287 0.0424639 0.0848028 5.02373e-06 1.9812e-05 0.000752521 4.05723e-05 0.0930835 0.710691 8.29433e-05 2.30367e-07 1.60829e-05 0.00189767 
0.00183179 0.310269 0.00252908 0.000364399 0.0307621 0.0512165 0.0306886 0.0007915 0.000433576 0.00171808 0.0116318 0.0338667 0.516531 0.000832457 1.542e-07 1.39587e-05 0.00651952 
0.00143226 0.0681108 0.0320773 9.31247e-07 0.0714769 0.0256327 0.00376816 0.0138658 9.38208e-07 0.0182819 0.00172704 0.0192941 0.743521 0.000794985 1.01496e-05 3.61622e-06 1.98434e-06 
0.0294145 0.118846 0.0358093 0.000911124 0.085776 0.114437 0.0867578 0.158319 0.000136772 0.0251968 0.0822323 0.0549577 0.187768 0.00168123 0.00303793 1.2837e-05 0.0147058 
0.0319208 0.00786494 4.3844e-08 6.65554e-12 0.111319 2.39712e-06 2.29598e-06 6.79124e-12 1.31709e-05 0.016793 0.0823302 1.56781e-06 0.732643 0.011275 0.0058338 2.33367e-11 1.31181e-11 
0.000264361 0.0114066 0.0800611 8.04072e-06 0.0413533 0.22184 0.211519 0.0354224 3.9871e-08 0.0109895 0.0218728 0.115287 0.244563 0.00213116 9.43281e-05 1.5692e-08 0.00318773 
0.00159226 0.134963 0.0152976 7.9335e-05 0.0605303 0.0454775 0.01959 0.00828635 0.000354814 0.00354658 0.0437114 0.0255915 0.605697 0.00161762 0.00118397 0.000707358 0.0317737 
0.000834567 0.0776387 0.102795 2.92493e-05 0.0860628 0.0842457 0.0561563 0.00017964 7.55882e-08 0.0280287 0.0312313 0.182473 0.349546 0.000276923 2.87333e-06 0.000341179 0.00015764 
0.000449533 0.305751 0.0289135 0.000177561 0.00475968 0.104527 0.084107 0.00314073 0.000238069 0.00236331 0.000599444 0.0049515 0.455626 0.000903473 3.16728e-06 0.00345191 3.66898e-05 
0.00487579 0.0368824 0.0132719 1.28098e-05 0.0405027 0.0939575 0.238423 0.000223103 1.38028e-10 0.000424872 0.00724918 0.00414267 0.545114 0.000363764 2.24305e-10 9.46577e-08 0.0145561 
0.00407585 0.0295912 0.00153317 1.10849e-06 0.0559447 0.301181 0.0265661 0.00532559 1.48595e-05 0.00108665 0.0510179 0.0196431 0.497865 0.00513163 0.000294598 0.000480357 0.00024723 
3.52084e-05 0.067384 0.0691074 2.74563e-06 0.00724273 0.0591029 5.12832e-05 0.0016024 3.42652e-05 0.000185043 0.000627303 0.0316564 0.757064 0.000136475 1.42408e-06 0.00404843 0.00171799 
0.00105931 0.0260992 0.0644052 4.79239e-05 0.0990399 0.206748 0.0603273 0.00287784 2.75615e-07 0.0199649 0.0329172 0.143856 0.286995 0.0346027 0.00300427 9.35794e-06 0.0180453 
0.00487579 0.0368824 0.0132719 1.28098e-05 0.0405027 0.0939575 0.238423 0.000223103 1.38028e-10 0.000424872 0.00724918 0.00414267 0.545114 0.000363764 2.24305e-10 9.46577e-08 0.0145561 
0.0248186 0.0314835 0.0116338 0.0183726 0.167697 0.00881248 0.0130019 0.0019669 3.67662e-06 0.0368403 0.0251107 0.0237926 0.619386 0.00396137 0.000418836 1.43064e-06 0.0126974 
0.00487579 0.0368824 0.0132719 1.28098e-05 0.0405027 0.0939575 0.238423 0.000223103 1.38028e-10 0.000424872 0.00724918 0.00414267 0.545114 0.000363764 2.24305e-10 9.46577e-08 0.0145561 
0.00487579 0.0368824 0.0132719 1.28098e-05 0.0405027 0.0939575 0.238423 0.000223103 1.38028e-10 0.000424872 0.00724918 0.00414267 0.545114 0.000363764 2.24305e-10 9.46577e-08 0.0145561 
4.41438e-06 0.121528 2.76434e-05 0.000149153 0.0511488 0.0552818 0.0154492 7.47884e-06 1.09023e-07 8.26534e-05 0.00114969 0.0046405 0.714268 6.23313e-05 0.00105227 9.30311e-08 0.0351477 
0.00995944 0.182626 0.00420258 7.4579e-05 0.0359345 0.0782329 0.0273944 0.00265641 9.12315e-06 0.0224916 0.0306714 0.0309238 0.572148 0.00221371 0.000189558 7.90161e-09 0.000272576 
0.000986506 0.00903412 0.0035736 2.34039e-07 0.00292204 0.00520516 0.00486406 2.38811e-07 9.61688e-07 0.00668005 0.000547301 0.00593807 0.96021 3.45694e-05 1.5628e-06 8.20624e-07 4.6129e-07 
0.000297636 0.0130399 0.0219727 1.63563e-05 0.0178182 0.0570456 0.0281443 0.000332308 6.67959e-07 0.0115373 0.00155018 0.0707498 0.775948 4.82935e-05 0.00133208 0.000140824 2.62293e-05 
1.14698e-05 0.00386559 0.00570697 2.00286e-05 0.0198278 0.0497255 0.0814054 0.000347619 3.72226e-06 0.00670543 0.000322855 0.0958007 0.733152 0.000106806 0.00142335 5.92199e-10 0.00157499 
0.000337343 0.0403086 0.0119976 4.27778e-05 0.0574273 0.035699 0.132333 0.00622643 2.61942e-07 0.0307067 0.000282373 0.335395 0.34518 0.00126758 6.32186e-09 9.16801e-06 0.00278623 
0.00691404 0.0668645 0.0415564 9.20659e-05 0.0941634 0.21329 0.0281917 0.0375449 1.81579e-05 0.00747031 0.0469854 0.0536116 0.387146 0.00626276 0.000114927 0.00944085 0.000332894 
0.0019644 0.06936 0.0335002 0.000446063 0.120936 0.102435 0.18045 0.0148991 0.000109283 0.00295161 0.00206313 0.0450179 0.418356 0.00444185 1.81656e-05 5.1902e-07 0.00305181 
0.00463022 0.205643 0.000307291 0.00309591 0.032487 0.000860503 0.00188326 0.00533475 0.0120605 0.000361812 0.0320255 1.23298e-06 0.682704 0.0023309 0.00335983 8.89592e-11 0.0129143 
0.00487579 0.0368824 0.0132719 1.28098e-05 0.0405027 0.0939575 0.238423 0.000223103 1.38028e-10 0.000424872 0.00724918 0.00414267 0.545114 0.000363764 2.24305e-10 9.46577e-08 0.0145561 
0.00505561 0.00985474 0.100868 3.24379e-06 0.0946888 0.12923 0.119211 0.0498556 0.000485221 0.00135523 0.0147092 0.170786 0.231767 0.0111107 1.80174e-05 0.059565 0.00143616 
0.000116517 0.00167179 0.0103324 2.66881e-05 0.0434607 0.0384225 0.0197665 0.00312317 1.29186e-05 0.00696915 0.010626 0.137581 0.724046 0.000195772 0.00359535 8.3736e-09 5.29681e-05 
7.56195e-06 0.00986961 0.038084 0.000460992 0.0200074 0.0119605 0.174695 0.0219816 1.30191e-06 0.000857649 0.000106286 0.0802376 0.639953 0.00129379 1.10967e-05 6.7861e-05 0.000404266 
0.0319208 0.00786494 4.3844e-08 6.65554e-12 0.111319 2.39712e-06 2.29598e-06 6.79124e-12 1.31709e-05 0.016793 0.0823302 1.56781e-06 0.732643 0.011275 0.0058338 2.33367e-11 1.31181e-11 
0.00487579 0.0368824 0.0132719 1.28098e-05 0.0405027 0.0939575 0.238423 0.000223103 1.38028e-10 0.000424872 0.00724918 0.00414267 0.545114 0.000363764 2.24305e-10 9.46577e-08 0.0145561 
0.00875433 0.106128 0.0227099 1.21823e-05 0.004922 0.260775 0.14839 0.00925485 4.92398e-06 0.000545019 0.00656311 0.127682 0.301983 4.86905e-05 7.70806e-07 6.85852e-05 0.00215755 
0.000797866 0.0175443 0.0417461 1.60629e-06 0.00389248 0.00280454 0.00820696 7.16592e-06 1.2053e-05 0.0018404 4.8299e-08 0.0472082 0.875419 1.17831e-07 5.38011e-07 0.000507347 1.12193e-05 
0.000370084 0.384785 0.00155174 0.000206434 0.0311244 0.0395611 0.0682692 0.00102147 1.90655e-06 0.00250561 0.000572291 0.0137412 0.447911 0.000375744 1.91205e-08 1.74332e-11 0.00800331 
0.000983259 0.0755567 8.87087e-05 0.000306881 0.0692339 0.0231694 0.212194 0.0124744 0.000377355 3.05412e-08 1.2249e-06 0.0212414 0.572932 0.000196161 2.52945e-07 0.00146421 0.00978002 
2.8814e-05 0.00231231 8.39015e-06 2.00681e-07 0.0061107 9.45272e-05 0.000234061 2.04773e-07 8.24617e-07 0.0010351 1.20301e-07 0.0346441 0.9555 1.57786e-05 1.34005e-06 1.3008e-05 3.95542e-07 
0.18191 0.00713522 0.0995237 4.42292e-05 0.0281173 0.0589013 0.0202947 0.0696262 0.000136513 0.00720751 0.0211648 0.0150922 0.265122 0.203444 3.74192e-06 0.00946079 0.0128159 
0.0013201 0.0451551 0.12902 0.000339108 0.0562662 0.216983 0.131417 0.0118447 0.020412 0.00434046 0.00389707 0.0875236 0.282136 0.00187513 4.63402e-05 0.00235428 0.00507038 
0.00219804 0.0931353 0.111635 0.000105571 0.0759137 0.0728737 0.0223825 0.0112762 0.000228762 0.00924351 0.00183927 0.0766891 0.430142 0.00169002 0.000507764 0.000107789 0.0900315 
0.00136072 0.0920557 0.0186874 0.00317718 0.149091 0.0134115 0.123887 0.00673079 1.08169e-05 0.0275321 0.0193172 0.0283229 0.425775 0.0441715 0.0123695 0.0188706 0.0152286 
0.00487579 0.0368824 0.0132719 1.28098e-05 0.0405027 0.0939575 0.238423 0.000223103 1.38028e-10 0.000424872 0.00724918 0.00414267 0.545114 0.000363764 2.24305e-10 9.46577e-08 0.0145561 
0.000465792 0.00610494 0.0142199 0.0016786 0.0076501 0.0320138 0.207657 0.00562579 1.49013e-06 0.00261235 0.00952271 0.0291064 0.681943 0.000795107 1.02019e-06 3.57951e-06 0.000598169 
0.0119669 0.14827 0.0173163 0.0202161 0.0709145 0.018346 0.217482 0.0052999 6.7187e-05 0.00643452 0.03391 0.165507 0.242866 0.0095845 0.00053196 0.000152981 0.0311339 
0.028995 0.061653 0.0250121 0.000165695 0.116006 0.032649 0.126038 0.0103492 3.99307e-07 0.0197538 0.0130938 0.215139 0.296234 0.0184923 0.000236286 6.81716e-07 0.0361822 
1.84043e-06 0.0883053 0.182656 6.20422e-05 0.0872083 0.0153658 0.00207128 0.0185194 2.98184e-07 0.197307 0.00175542 0.143995 0.259553 0.00185948 7.33686e-06 1.34851e-06 0.00133064 
0.0348036 0.056666 0.0121747 4.996e-05 0.0124569 0.0195309 0.0379819 0.0160158 6.12742e-06 0.0276165 0.00301551 0.0263645 0.745205 0.00343581 2.47894e-07 0.00267578 0.00200114 
0.0982762 0.135003 0.0493339 0.0227427 0.056753 0.00870127 0.0917124 0.0464049 0.000116297 0.0170938 0.0140361 0.0598165 0.387416 0.00973996 0.00105773 0.000197255 0.00159845 
7.4147e-06 0.00213872 0.0266111 0.000229342 0.00382725 2.55561e-06 0.0381263 2.23105e-06 1.1559e-06 0.0732986 8.08792e-10 0.238113 0.551717 1.09014e-05 3.43622e-06 4.73075e-09 0.0659114 
0.000907555 0.188049 0.0166184 0.000370677 0.0380875 0.113568 0.183819 0.0127163 4.84261e-08 0.00440262 0.000111416 0.141294 0.298299 0.000950961 5.85155e-06 2.65713e-05 0.000772982 
0.00143226 0.0681108 0.0320773 9.31247e-07 0.0714769 0.0256327 0.00376816 0.0138658 9.38208e-07 0.0182819 0.00172704 0.0192941 0.743521 0.000794985 1.01496e-05 3.61622e-06 1.98434e-06 
0.00328472 0.0208242 0.000173438 6.17904e-07 3.78303e-05 1.80837e-05 0.000104961 0.00441395 2.53902e-06 0.000984918 2.18866e-05 0.0598102 0.909975 9.03658e-07 6.34223e-05 2.16659e-06 0.000281638 
0.000632625 0.141259 0.0307464 0.00617101 0.0625614 0.0294921 0.00929152 0.0600726 0.000658777 0.00970444 0.000300998 0.0690433 0.558407 0.000532124 0.0179112 0.00036322 0.0028527 
3.72613e-06 0.0143662 0.00500973 3.50662e-06 0.0700545 0.00667617 0.00306026 0.000609144 1.10958e-06 0.0192036 0.00980207 0.0731956 0.79415 0.00384814 1.28449e-05 1.12607e-07 3.33423e-06 
0.000921209 0.0262417 0.0389174 6.71354e-05 0.00865066 0.117068 0.0804249 0.00480493 7.12511e-06 0.00412228 0.00137402 0.138296 0.574938 0.000266006 0.000541286 0.0010222 0.00233621 
0.00487579 0.0368824 0.0132719 1.28098e-05 0.0405027 0.0939575 0.238423 0.000223103 1.38028e-10 0.000424872 0.00724918 0.00414267 0.545114 0.000363764 2.24305e-10 9.46577e-08 0.0145561 
0.00010904 0.0888562 0.0206406 4.73994e-06 0.0482851 0.00947228 0.000266147 6.91152e-06 8.1991e-07 0.0250079 4.7148e-05 0.0460494 0.760092 0.00109789 2.6345e-06 3.47257e-05 2.6796e-05 
7.61103e-07 0.248346 0.00192076 3.07139e-07 0.00646579 0.00253675 1.1179e-07 0.000390477 1.26206e-06 2.47634e-07 1.84118e-07 0.00255822 0.72134 0.011391 0.00460903 0.000438267 6.0537e-07 
0.00218084 0.111815 7.15506e-05 1.48454e-05 0.0635474 0.0146479 0.00704192 1.72346e-07 2.41952e-06 0.00349441 0.000113882 0.000279747 0.786862 0.00964198 1.12785e-06 5.92232e-07 0.000284221 
0.00487579 0.0368824 0.0132719 1.28098e-05 0.0405027 0.0939575 0.238423 0.000223103 1.38028e-10 0.000424872 0.00724918 0.00414267 0.545114 0.000363764 2.24305e-10 9.46577e-08 0.0145561 
0.00129396 0.0192104 0.114856 0.00253157 0.0651823 0.0599776 0.116477 0.00567532 0.000164702 0.0320458 0.0527396 0.131121 0.384383 0.0118594 0.000273938 0.000360139 0.00184934 
0.00016341 0.149099 0.0692255 0.0807369 0.0385558 0.0010176 0.0194639 0.0584407 2.04261e-06 0.000128242 0.00259461 0.0337491 0.536585 0.00564207 2.71917e-05 0.000506596 0.00406237 
0.00463022 0.205643 0.000307291 0.00309591 0.032487 0.000860503 0.00188326 0.00533475 0.0120605 0.000361812 0.0320255 1.23298e-06 0.682704 0.0023309 0.00335983 8.89592e-11 0.0129143 
0.000482466 0.0281377 0.0041447 2.77434e-05 0.005864 0.00142889 0.000427117 2.22885e-05 0.000619196 0.00732047 4.62948e-07 0.0122782 0.93909 1.30994e-06 2.24465e-07 3.10539e-06 0.00015241 
0.00430544 0.251736 0.00869961 0.0146818 0.0230905 0.00574724 0.159181 0.00203516 0.00202888 0.00695248 0.0239076 0.0185965 0.477225 0.00135342 9.64814e-06 1.31673e-05 0.000436343 
0.00463022 0.205643 0.000307291 0.00309591 0.032487 0.000860503 0.00188326 0.00533475 0.0120605 0.000361812 0.0320255 1.23298e-06 0.682704 0.0023309 0.00335983 8.89592e-11 0.0129143 
0.000465792 0.00610494 0.0142199 0.0016786 0.0076501 0.0320138 0.207657 0.00562579 1.49013e-06 0.00261235 0.00952271 0.0291064 0.681943 0.000795107 1.02019e-06 3.57951e-06 0.000598169 
3.48861e-05 0.00776066 0.00144746 0.00120257 0.00873663 0.0344392 0.36891 3.90376e-05 1.07313e-07 0.000861039 1.12605e-05 0.0389677 0.536935 4.49528e-06 2.83715e-10 4.64951e-06 0.000645123 
9.39229e-06 0.00166103 0.00336061 3.79021e-06 0.000187858 8.21078e-05 0.000346048 0.000259108 1.55743e-05 3.0559e-06 2.27209e-06 3.25289e-05 0.993457 5.54301e-06 2.53092e-05 1.32898e-05 0.000535715 
0.00415208 0.261375 0.0118742 0.000239139 0.0823789 0.0609793 0.0713908 0.000965036 4.353e-07 0.0122821 0.00391474 0.120003 0.352149 0.0134272 0.000864686 0.00030273 0.00370214 
0.00352022 0.0298909 0.00112452 7.27624e-06 0.0779617 0.131506 0.0638249 0.0072065 1.98446e-06 0.0124612 0.0207419 0.149647 0.492715 0.00025927 0.00891505 3.26751e-06 0.000213861 
0.000697326 0.00446534 0.0962779 0.000246799 0.0186637 0.101195 0.0308674 0.0213134 4.59928e-05 0.0189086 0.136908 0.13793 0.429251 0.00193756 0.0001581 3.18397e-05 0.00110322 
6.76516e-07 0.0596559 8.10125e-06 4.71334e-05 0.349328 7.0238e-07 6.89578e-07 8.26026e-07 1.49972e-11 8.64264e-07 0.015272 1.41504e-06 0.57568 2.39552e-06 3.21726e-07 1.25927e-06 1.65527e-08 
2.53845e-09 0.0457206 3.46043e-10 1.02438e-09 0.00438046 0.000170403 3.72845e-10 1.01641e-06 4.20926e-09 0.00315988 1.51022e-06 0.00296446 0.943586 1.49811e-09 2.51221e-06 3.59183e-09 1.31846e-05 
3.45439e-06 0.0819367 0.207993 2.98143e-06 0.00278941 0.0467058 0.0450203 0.214683 8.23217e-05 0.102525 0.00118903 0.0157884 0.280694 0.000369655 3.70135e-06 1.03485e-05 0.000202812 
0.0076939 0.25479 0.0274688 6.31086e-05 0.0217369 0.163591 0.130447 0.00186625 1.15728e-06 0.00135952 0.0494221 0.00125299 0.30508 0.000217323 1.37219e-05 8.86721e-08 0.0349963 
0.00626164 0.178102 0.0441937 9.19832e-07 2.25789e-06 0.242779 1.42951e-05 1.44035e-06 5.5567e-06 0.00487562 0.0091438 0.0149568 0.499059 1.55823e-06 1.03324e-09 5.42551e-10 0.000602461 
1.4205e-07 0.117156 1.69333e-05 5.73233e-08 1.91202e-06 1.53047e-08 1.5551e-05 7.24267e-05 2.35547e-07 0.0243358 3.43632e-08 0.000104699 0.856871 8.38328e-08 0.00137284 2.00996e-07 5.15794e-05 
3.30941e-10 0.000912785 0.000456665 4.74941e-11 0.00175875 0.00318998 0.0192079 8.56211e-05 1.95157e-10 0.0001056 8.27143e-06 0.135671 0.838486 1.73112e-08 3.17143e-10 0.000117106 2.52378e-07 
0.000876332 0.393046 0.00169969 3.13422e-06 1.97373e-05 0.00120921 0.00691933 0.00038809 0.116966 0.00288693 4.45584e-05 3.88618e-05 0.447597 0.000301344 3.56254e-08 1.54324e-06 0.028003 
0.00124836 0.00213965 0.106165 0.00011549 0.0107456 0.202111 0.0221259 0.099831 1.93544e-05 0.00149349 0.0135499 0.128077 0.366373 0.00644436 7.29916e-05 0.000290485 0.0391966 
0.0049328 0.218768 0.0763125 2.96141e-05 0.0880186 0.144305 0.0999002 0.0415392 0.0010312 0.00750798 0.029002 0.0474812 0.232542 0.000541372 0.0020538 1.92879e-07 0.00603406 
7.9228e-05 0.0520481 0.1057 4.15822e-06 0.201119 0.0491567 0.15479 0.000220846 7.38009e-06 0.101592 0.00130488 0.0517916 0.237613 0.0438417 1.9392e-07 0.00040302 0.000327738 
0.00487579 0.0368824 0.0132719 1.28098e-05 0.0405027 0.0939575 0.238423 0.000223103 1.38028e-10 0.000424872 0.00724918 0.00414267 0.545114 0.000363764 2.24305e-10 9.46577e-08 0.0145561 
7.55277e-05 2.25598e-05 0.000243479 7.98231e-06 9.96917e-06 3.49071e-05 2.25023e-05 0.00038415 2.4335e-06 4.77487e-07 3.55016e-07 0.029914 0.96892 8.66102e-07 0.000194294 2.07655e-06 0.000164586 
2.70381e-05 0.108551 0.156921 0.00212702 0.128214 0.0103917 0.0148231 0.00403234 8.84981e-08 0.000250147 0.0155165 0.0440483 0.505319 0.00924943 4.68323e-06 2.49557e-05 0.000500245 
0.00111901 0.0353932 0.0698859 0.00153573 0.107857 0.0537514 0.0842235 0.0114053 2.44831e-05 0.194288 0.00991661 0.0530329 0.249267 0.00308132 0.0104585 0.102463 0.0122981 
3.5574e-06 0.00343394 2.79164e-07 3.18034e-08 0.103873 0.0545913 0.00869048 1.14151e-07 1.79236e-06 0.016607 0.0787582 0.0014557 0.732565 1.90159e-05 4.1126e-07 6.8178e-11 1.56654e-07 
0.000761033 0.0411838 0.0351277 1.98472e-08 0.0409629 0.0334289 0.0739819 0.00644826 1.82813e-06 0.00123067 0.0523981 0.0884128 0.626003 2.19164e-05 1.32531e-07 2.5903e-05 1.08232e-05 
0.000120153 0.273533 0.00116793 0.000672247 0.0689681 0.0255748 0.0944146 0.00421223 1.03897e-07 0.00317881 0.000149064 0.123823 0.385998 0.0092445 0.000192535 0.000326475 0.00842442 
0.000307011 0.0283719 0.187856 0.00626874 0.0118527 0.0359386 0.214062 0.020923 0.000138797 0.0164396 0.00156941 0.0630168 0.407324 0.000211122 9.70624e-05 0.00342026 0.00220336 
0.000367497 0.0352784 0.00479724 4.94793e-06 0.000864235 0.0308535 0.000156296 0.00114122 0.000260274 0.00109256 0.0116129 0.0256296 0.885687 1.59022e-07 0.00215899 8.52214e-05 1.042e-05 
0.00109717 0.133873 0.0128688 4.36755e-06 0.218362 0.0514107 0.0214041 0.00319113 4.02319e-09 0.000120918 0.245723 0.0528189 0.250223 0.00784893 0.000330599 3.19967e-08 0.000723037 
0.0211989 0.269789 0.00785325 0.000151106 0.0250367 0.0740407 0.110962 0.0124709 0.000125405 0.011415 0.0504821 0.0987759 0.315762 0.000676536 0.000351028 7.2313e-07 0.000908718 
0.00164234 0.104149 0.0176921 0.0133554 0.0273455 0.0382074 0.113927 0.00266053 7.98668e-05 0.0101761 0.00326149 0.172856 0.488703 0.000873534 0.000221979 2.47799e-05 0.00482374 
3.3464e-08 0.19829 3.23781e-11 9.58477e-11 0.00943434 2.55903e-11 3.48858e-11 9.78019e-11 3.93847e-10 2.33645e-07 0.0100973 1.58811e-08 0.782176 2.82582e-07 6.40026e-10 3.36076e-10 1.52282e-06 
0.00913234 0.138052 0.0518347 0.0158414 0.10436 0.0956323 0.142396 0.115471 1.843e-05 0.00297423 0.0105068 0.137816 0.147899 0.0230913 6.5655e-05 0.000594201 0.00431505 
0.000327396 0.0100076 0.180462 6.83901e-05 0.0224481 0.0416804 0.00642018 0.00623811 9.99521e-06 0.088072 9.90904e-05 0.102922 0.538114 0.00187151 3.34199e-05 7.01799e-05 0.00115464 
0.00487579 0.0368824 0.0132719 1.28098e-05 0.0405027 0.0939575 0.238423 0.000223103 1.38028e-10 0.000424872 0.00724918 0.00414267 0.545114 0.000363764 2.24305e-10 9.46577e-08 0.0145561 
0.000385165 0.021607 0.010786 0.0151053 0.0156904 0.00719262 0.0881758 0.000498092 0.00176846 0.00489427 0.0295829 0.0264054 0.777006 0.000319941 7.00445e-07 5.67611e-07 0.000581075 
0.00549669 0.0277947 0.0392228 0.000297967 0.0927047 0.0688011 0.174888 0.0030764 3.70252e-07 0.00587761 0.010756 0.0939263 0.466026 0.00856444 0.000221939 0.000314607 0.00203063 
0.00772686 0.0421889 0.229492 0.001322 0.0796117 0.0977735 0.0634405 0.0775812 0.00882101 0.0123833 0.018402 0.0394462 0.267717 0.0372311 0.000309494 9.24767e-05 0.0164614 
0.00490453 0.0769197 0.134623 0.0288786 0.120545 0.0307893 0.119066 0.00113005 0.000185714 0.0252232 0.000103173 0.0619615 0.332137 0.0631282 0.000113335 1.07571e-05 0.000281619 
0.000808512 0.00464102 0.0407998 4.8166e-05 0.0364608 0.059288 0.209603 0.000118231 2.58307e-06 0.003465 0.00114848 0.102366 0.541078 3.80337e-06 1.30934e-05 3.2801e-05 0.000122651 
4.56939e-05 0.000386587 0.00355682 0.000307757 0.0782389 0.008044 0.0204213 0.000229806 5.19086e-05 0.00125709 0.00229299 0.0431618 0.769217 0.0726373 8.35348e-05 6.75774e-07 6.63227e-05 
0.000465792 0.00610494 0.0142199 0.0016786 0.0076501 0.0320138 0.207657 0.00562579 1.49013e-06 0.00261235 0.00952271 0.0291064 0.681943 0.000795107 1.02019e-06 3.57951e-06 0.000598169 
0.00284622 0.0589364 0.0113086 5.94852e-06 0.0507579 0.0596655 0.0115218 0.0110127 9.46507e-06 0.0151243 0.00215237 0.0644956 0.697074 0.0149298 1.60958e-05 1.09665e-05 0.000132678 
0.000171869 0.000726693 0.000105132 2.05036e-06 0.00245852 0.0129245 0.295362 0.00063119 1.05487e-10 0.000555347 1.05282e-05 0.144418 0.542501 5.38354e-05 1.71423e-10 7.17156e-09 7.96904e-05 
0.00995944 0.182626 0.00420258 7.4579e-05 0.0359345 0.0782329 0.0273944 0.00265641 9.12315e-06 0.0224916 0.0306714 0.0309238 0.572148 0.00221371 0.000189558 7.90161e-09 0.000272576 
0.000382239 0.0581803 0.0136992 9.87106e-06 0.133543 0.148329 0.128858 0.0048151 5.01832e-09 0.00181909 0.0235873 0.0723754 0.391297 0.0219845 0.000969407 3.00126e-06 0.000147666 
0.00487579 0.0368824 0.0132719 1.28098e-05 0.0405027 0.0939575 0.238423 0.000223103 1.38028e-10 0.000424872 0.00724918 0.00414267 0.545114 0.000363764 2.24305e-10 9.46577e-08 0.0145561 
0.00739072 0.234157 0.0349539 4.10659e-05 0.103094 0.054529 0.167639 0.00129255 6.86162e-05 0.00412631 0.000744564 0.0424525 0.262963 0.00418106 1.05532e-06 7.53736e-06 0.0823582 
0.00278055 0.058885 0.0273167 3.63598e-06 0.0506748 0.0595358 0.0113932 0.0109726 3.04976e-06 0.0229541 0.0021243 0.0644304 0.673972 0.0148287 9.84149e-06 5.47595e-06 0.000110144 
0.00350199 0.169376 0.0567909 2.26511e-05 0.0291783 0.0149667 0.0136439 0.00127842 9.06046e-06 0.00382444 8.34228e-05 0.101698 0.588589 0.0165009 1.01197e-06 0.000443958 9.11348e-05 
2.52315e-05 0.0269053 0.00189225 9.98021e-06 0.00204084 0.00391271 0.00439023 7.24214e-05 6.45381e-06 0.000238059 6.99527e-07 0.111927 0.827156 4.0647e-05 5.01857e-07 0.0209055 0.00047565 
0.00995944 0.182626 0.00420258 7.4579e-05 0.0359345 0.0782329 0.0273944 0.00265641 9.12315e-06 0.0224916 0.0306714 0.0309238 0.572148 0.00221371 0.000189558 7.90161e-09 0.000272576 
0.0662582 0.229075 0.0313863 0.00038725 0.0473587 0.241088 0.103146 0.00163099 0.000271438 6.10481e-05 0.00783224 0.0113436 0.257654 0.000906357 1.44402e-07 1.51118e-11 0.00159992 
0.00490423 0.240683 0.0249297 0.000456299 0.064957 0.0553936 0.0460884 0.00621138 0.00018522 0.00897003 0.00644472 0.0582171 0.469137 0.00328683 0.00257842 0.000879042 0.00667885 
0.00106261 0.0297032 0.162617 6.45495e-05 0.0686562 0.119319 0.0262125 0.00885802 3.68465e-05 0.0473847 0.0112075 0.0250639 0.43978 0.000950036 5.20119e-05 0.0442596 0.0147718 
