0.000197548 0.037612 0.7002 3.27634e-05 0.0537454 0.142946 0.0069131 0.019842 7.58338e-06 0.00240223 0.0229755 0.00654122 0.000278213 0.00597358 4.36848e-05 5.13323e-12 0.00028909 
0.00129753 0.0686283 0.250318 0.000248734 0.0071657 0.105165 0.0776573 0.216963 1.75261e-05 0.220882 0.0201334 0.0173036 0.00397039 0.00254793 0.000225513 4.26885e-10 0.00747618 
0.00103454 0.0355159 0.420941 0.00258016 0.150228 0.183897 0.0977111 0.028144 4.1524e-05 0.0197968 0.0186689 0.0259875 0.000996794 0.011033 3.24563e-05 0.000184962 0.00320546 
0.000286769 0.0202808 0.709514 7.30696e-05 0.0147479 0.104936 0.0295001 0.0497822 1.53777e-05 0.0209917 0.035041 0.0131273 0.000172643 0.00120809 2.09055e-06 6.51463e-10 0.000320996 
0.00160724 0.107682 0.336795 9.46827e-06 0.210631 0.140323 0.0193577 0.00993864 1.86172e-05 0.0366706 0.00238129 0.0560432 4.54469e-07 0.0730989 0.000165567 0.00164386 0.00363355 
0.000482391 0.013269 0.769003 2.42761e-05 0.0188079 0.102363 0.0291154 0.0160897 7.91814e-07 0.00444956 0.0210424 0.00891068 0.000720205 0.00357599 0.000914596 3.27765e-09 0.0112309 
0.00133047 0.0277337 0.503398 0.000278041 0.0682973 0.122956 0.0639179 0.0643862 0.000677827 0.0275005 0.022079 0.0648276 0.0161308 0.00986551 0.00125571 8.06885e-05 0.00528393 
6.15203e-05 0.000485647 0.598507 1.64916e-08 0.00205552 0.084294 0.00505224 0.111163 4.7722e-13 0.00239954 5.0545e-09 0.180728 1.09785e-08 5.50983e-05 5.8171e-09 4.0722e-13 0.0151985 
0.000497301 0.00364568 0.837577 7.56105e-06 0.0136991 0.0638612 0.00738142 0.0246364 5.4416e-07 0.00318569 0.0175361 0.00462446 0.00022798 0.00473229 9.05432e-05 4.60268e-12 0.0182967 
0.000568996 0.0239525 0.330673 2.84285e-05 0.0434341 0.134454 0.0950383 0.0806305 2.42142e-05 0.0264625 0.0218134 0.236697 0.00488265 0.00124816 2.2883e-06 1.97276e-05 7.03341e-05 
9.49084e-06 0.00169554 0.774462 5.73405e-05 0.0165082 0.102387 0.00828237 0.0778857 2.18717e-06 0.00455397 0.00565218 0.00759584 0.00010696 0.000757897 4.85091e-06 1.46395e-11 3.88345e-05 
0.00787122 0.0331905 0.528256 4.52036e-05 0.0785813 0.140776 0.0178825 0.013542 4.69572e-05 0.0855054 0.00779673 0.0837946 0.000508046 0.0020211 3.31304e-05 1.14107e-05 0.000138031 
3.41897e-07 0.0452464 0.585803 1.11007e-07 0.0333662 0.248565 0.0514131 0.00105303 2.34012e-08 0.00283084 0.00455277 0.0235984 0.0029399 0.000397295 3.90123e-06 1.78676e-08 0.000229843 
9.66482e-05 0.00127487 0.568504 1.02794e-05 0.00309677 0.310237 0.00510549 0.0756937 5.16477e-09 0.000246961 0.000139704 0.0112741 5.51017e-05 0.0236648 3.62661e-05 1.3656e-08 0.000564302 
4.40142e-05 0.00627965 0.652412 0.00172351 0.0317728 0.0360753 0.0858151 0.099873 3.14389e-06 0.0154206 0.00463551 0.0139239 9.84457e-05 0.037995 3.34586e-05 0.000385824 0.013509 
0.000378608 0.0268603 0.53461 0.00176471 0.0139219 0.0394054 0.0972138 0.131891 1.59522e-05 0.00774842 0.00335404 0.138733 0.00110504 0.00168878 6.65876e-06 3.48134e-05 0.00126736 
0.000594506 0.0679933 0.332203 0.000179403 0.0648899 0.167405 0.120401 0.0976326 5.89203e-05 0.00120997 0.0133895 0.0795032 0.0441658 0.00677828 0.00099875 1.17567e-10 0.00259756 
1.18246e-05 0.0928643 0.396433 2.51087e-05 0.0186918 0.145022 0.205685 0.0332623 0.000542158 0.0714993 0.00477181 0.0176942 0.00119184 0.0118528 2.53335e-07 1.85834e-05 0.000433323 
7.51447e-05 0.00422026 0.577099 0.00341178 0.0120977 0.0407296 0.0535372 0.229602 1.82677e-06 0.013222 0.00285397 0.0185495 1.23739e-05 0.0225835 2.3479e-05 0.000224736 0.0217564 
0.000327431 0.0588849 0.516128 0.000273888 0.0429973 0.208129 0.0188306 0.0761264 1.10902e-06 0.00141662 0.0163347 0.0254855 0.00109336 0.0325794 7.85673e-05 5.12966e-12 0.00131329 
3.53668e-05 0.00715736 0.653983 8.69267e-09 0.000244918 0.17351 0.115753 0.00668051 2.51178e-09 0.00183424 2.24622e-07 0.0296686 1.36296e-05 5.1467e-08 3.13744e-12 1.64746e-12 0.011119 
3.00303e-10 0.23702 0.347821 6.8483e-08 0.341195 0.0477589 0.00296628 0.000162911 4.97962e-10 0.0131415 5.62013e-05 0.00718106 9.91594e-07 1.61279e-05 1.1058e-05 2.47095e-06 0.00266646 
0.00159534 0.0425806 0.268278 0.0142053 0.0314184 0.0838912 0.237251 0.0430325 0.00599263 0.046793 0.0186153 0.174777 0.000847078 0.00390089 0.000226071 0.00519609 0.0213999 
0.000405767 0.037653 0.687028 0.000646102 0.0118252 0.0733782 0.00946645 0.00147015 1.58517e-10 0.0333025 1.66982e-05 0.0369713 0.000800167 5.79574e-07 7.80828e-08 0.106981 5.47373e-05 
5.26612e-05 0.0111515 0.75509 4.71988e-05 0.00240339 0.0659874 0.11661 0.0168938 2.01243e-06 0.0125606 0.00115425 0.0167987 0.000285869 0.000654861 4.50433e-06 2.2941e-10 0.000303177 
3.33109e-05 0.00387958 0.565334 8.43218e-06 0.0087128 0.215881 0.00565118 0.115026 5.41803e-08 0.000684847 0.0661433 0.00795585 0.000493472 0.00948976 0.000111808 2.92722e-05 0.000565269 
5.68113e-05 0.0850355 0.342321 3.83257e-06 0.0729094 0.0233773 0.052484 0.00341671 0.0576141 0.0038278 0.163599 0.0428771 0.00767812 0.140075 0.00318106 0.000629001 0.000913667 
0.0005947 0.040655 0.828102 0.0010033 0.0399906 0.0269957 0.0387535 0.00777174 9.94337e-05 0.00343993 0.000227853 0.00528401 0.00554609 0.00141555 9.07775e-06 7.94282e-05 3.18882e-05 
0.000482391 0.013269 0.769003 2.42761e-05 0.0188079 0.102363 0.0291154 0.0160897 7.91814e-07 0.00444956 0.0210424 0.00891068 0.000720205 0.00357599 0.000914596 3.27765e-09 0.0112309 
9.01956e-07 0.05406 0.480144 9.02351e-07 0.0334851 0.149643 0.0338452 0.0302294 9.01523e-07 9.02401e-07 9.02457e-07 0.21272 0.0058653 9.02227e-07 9.00839e-07 9.01684e-07 9.02088e-07 
0.0225553 0.239891 0.250353 0.000354413 0.0623937 0.133103 0.0845409 0.126952 0.00016979 0.0105087 0.00293797 0.0417915 0.000873507 0.0232075 2.75593e-07 1.00574e-08 0.00036791 
9.68616e-05 0.00146491 0.742676 1.60646e-05 0.0447222 0.0712805 0.00380253 0.0397792 1.67429e-06 0.000227941 0.0140489 0.0753691 2.39075e-05 0.00626177 7.93773e-05 1.19863e-07 0.000149045 
1.5171e-05 0.0060368 0.520409 0.000123364 0.00651675 0.197078 0.0132851 0.217586 1.90597e-06 0.0108194 0.0158215 0.0107985 6.37981e-05 0.000738558 2.40434e-07 6.6002e-09 0.000705078 
0.00203714 0.108322 0.288522 0.00364047 0.100534 0.223838 0.079103 0.0340731 0.000459728 0.00752784 0.0205017 0.0437199 0.014003 0.0186701 0.000311654 0.000443235 0.054292 
0.00465551 0.0406014 0.418177 0.00119115 0.0250628 0.31238 0.0688606 0.014649 2.97515e-05 0.010515 0.0149091 0.0592431 0.0028366 0.0263859 8.06827e-05 5.93328e-05 0.000363779 
1.27031e-05 0.00400297 0.717329 8.52001e-06 0.0111854 0.191822 0.00551656 0.0441256 1.49169e-06 0.0013756 0.00564151 0.00970734 2.54647e-05 0.00851199 9.36496e-05 4.09248e-12 0.000640209 
5.04563e-05 0.0217131 0.729417 0.00262186 0.0105681 0.0693302 0.0561467 0.0612203 2.82661e-06 0.00409582 0.0170893 0.0145963 0.00020646 0.0109055 1.66526e-05 3.25781e-07 0.00201873 
0.000311714 0.123991 0.400802 2.94223e-05 0.0722296 0.248709 0.0640854 0.00706241 5.8187e-07 0.00187328 0.00017675 0.0780422 0.000789487 0.00149302 6.71627e-10 2.45755e-08 0.000405453 
0.000733306 0.0155067 0.561035 7.18601e-05 0.00604618 0.190157 0.0871617 0.0448111 5.02206e-05 0.00326689 0.000543164 0.0824433 0.00255126 0.000238608 7.0399e-09 2.31811e-11 0.00538308 
0.00112481 0.0257305 0.284959 5.07012e-05 0.137889 0.136447 0.0530342 0.033767 0.00387501 0.0486474 0.11701 0.0517548 0.0115631 0.0121948 4.46648e-06 0.00189115 0.0800568 
0.0004596 0.0375703 0.334563 0.00532062 0.153655 0.08351 0.0234699 0.0227532 6.55697e-06 0.00775728 0.00138533 0.158036 0.164248 0.00607844 6.79388e-05 2.23773e-05 0.00109616 
0.00902068 0.0170183 0.570861 0.000212145 0.114588 0.0999046 0.00586624 0.0261066 1.10712e-05 0.0080135 0.00944511 0.0970195 0.00524397 0.0337557 1.63409e-05 1.38648e-09 0.00291691 
0.000101588 0.136511 0.355051 2.59444e-05 0.0776728 0.0689709 0.0787097 0.0108961 3.52371e-05 0.0527199 0.00121991 0.113639 0.086861 0.00230569 1.77534e-05 0.0100281 0.00523443 
1.37035e-07 0.00303982 0.702914 8.63639e-08 0.100797 0.153703 0.00674123 0.000158575 6.80878e-11 5.69271e-07 3.80493e-05 0.0254998 0.00139454 0.00481873 2.22742e-08 5.81005e-11 0.000894265 
2.49104e-05 0.00201926 0.733402 0.00316564 0.0116222 0.0469481 0.043704 0.093964 1.54748e-08 0.00141792 0.00999829 0.033439 0.00115617 0.0121428 0.000523297 0.000182947 0.00628954 
7.24818e-05 0.00115817 0.895128 1.84075e-05 0.0159591 0.0500109 0.000394626 0.00521304 6.94793e-06 4.97933e-05 0.00908038 0.000566023 8.43369e-06 0.0213174 0.000749332 5.38013e-09 0.000266864 
0.000937508 0.0514555 0.435015 0.000856857 0.0369547 0.151338 0.140776 0.047295 6.17673e-05 0.0201053 0.0140536 0.0650362 0.0232839 0.0106985 0.000127766 0.000151952 0.00185216 
0.00103727 0.0658728 0.478666 0.00654621 0.0746052 0.119081 0.0755242 0.112228 0.00126182 0.0171362 0.00801292 0.0207457 0.00424017 0.0103907 0.000202233 5.71502e-08 0.00444892 
0.000159324 0.191449 0.456848 3.96934e-05 0.0529074 0.25323 0.0154869 0.000598979 1.63073e-05 0.000507057 0.00744974 0.00926787 0.000876664 0.0108661 7.13062e-05 6.34527e-12 0.000225659 
0.000190739 0.0936507 0.179055 0.000674484 0.11972 0.0678101 0.134428 0.0529613 6.22672e-06 0.0209555 0.00941097 0.103014 0.00407715 0.05912 0.0017807 1.18109e-11 0.153145 
0.000109571 0.0667066 0.37364 1.15819e-08 0.012523 0.230188 0.0468352 3.9941e-09 5.388e-06 0.000463004 0.00423946 0.252804 0.00708965 1.88738e-05 3.40792e-11 0.00468557 0.000691592 
9.10305e-06 0.00743928 0.651641 4.66346e-06 0.0176144 0.14796 0.000741314 0.0202161 1.49591e-07 0.00021485 0.0728877 0.0319077 3.55116e-09 0.0489709 6.70073e-05 3.14984e-11 0.000325147 
5.97869e-05 0.0210674 0.706551 2.40109e-05 0.0335694 0.0975516 0.0800692 0.00878562 4.19416e-07 0.000589739 0.00143502 0.0366719 0.00124379 0.00498086 1.24335e-07 0.00105631 0.00634413 
0.000407621 0.0511939 0.44191 4.01134e-06 0.179152 0.15287 0.00530349 0.0165116 2.71365e-07 0.0278839 0.0601429 0.0337201 0.00337416 0.0251137 1.55255e-05 5.59914e-07 0.00239669 
0.0016767 0.174584 0.300381 0.000117494 0.0539246 0.16264 0.0890956 0.0252619 0.0013207 0.0821786 0.0340017 0.0368865 0.00964209 0.0220962 0.000451011 0.000368032 0.00537492 
0.000519681 0.0152635 0.607924 6.73405e-05 0.0374034 0.186128 0.0500156 0.0152832 0.000162942 0.0161213 0.00601822 0.0361611 0.0247533 0.00212657 8.56847e-05 4.90728e-05 0.00191708 
0.00033161 0.0323916 0.427069 1.03232e-05 0.0557182 0.178926 0.102716 0.00843213 6.84716e-07 0.00723009 0.00684723 0.154867 0.00121503 0.00688892 1.57953e-05 0.000295359 0.0170451 
0.000414182 0.0195284 0.435768 0.0371443 0.0338217 0.0247666 0.049183 0.116582 2.17592e-07 0.00635263 0.000186185 0.2476 0.000774956 0.0169152 0.0012282 0.0014168 0.00831741 
4.2363e-05 0.0396372 0.668331 6.61553e-05 0.177163 0.0582554 0.0261671 0.00323053 2.67693e-05 0.00249449 0.00926109 0.0114597 0.000852209 0.00265937 0.000112628 2.31069e-07 0.00024122 
0.0256946 0.185412 0.217286 7.63176e-06 0.0525119 0.217093 0.141152 7.34093e-07 0.000147119 0.00409104 0.0121461 0.00666761 0.136278 0.000242223 0.000196152 2.13226e-08 0.00107337 
2.06129e-05 0.137147 0.241164 9.80421e-06 0.0513427 0.137634 0.103541 0.0284744 4.31878e-08 0.000150597 0.0135186 0.198518 4.88756e-05 0.000753571 4.55371e-10 0.0105955 0.077081 
6.31226e-05 0.00472903 0.439582 0.00201495 0.0396429 0.102452 0.0467367 0.162309 2.04202e-06 0.0460861 0.0278861 0.0902092 0.000807373 0.0213167 0.000138511 0.0126652 0.00335946 
0.000179371 0.0418554 0.772323 5.35823e-05 0.0203156 0.0798721 0.018524 0.0130965 5.59684e-06 0.0078534 0.0315368 0.00894581 6.1236e-05 0.00506062 6.11175e-05 9.20901e-12 0.000255593 
1.67026e-05 0.0902858 0.443178 0.000135221 0.0246955 0.100672 0.159037 0.0386334 6.6083e-05 0.129371 0.00497258 0.00657394 0.000291226 0.00154793 2.85487e-06 2.47178e-05 0.000496987 
4.3492e-05 0.00544701 0.638368 3.94169e-06 0.067742 0.206284 0.0316343 0.0190487 1.70108e-06 0.00777381 0.00387095 0.016191 1.86098e-08 0.00271686 1.73448e-08 4.21858e-08 0.00087327 
0.000591596 0.0353071 0.618834 0.0456358 0.00280379 0.069454 0.00489355 0.0820739 4.19017e-10 0.000697678 8.43625e-05 0.0791792 0.0228655 0.0367668 4.44637e-06 0.000125883 0.000682174 
0.000194688 0.00345168 0.76646 3.11424e-05 0.0234112 0.0822768 0.00108638 0.0698862 1.14451e-06 0.000511338 0.0334702 0.00399448 1.23875e-05 0.0147812 0.000103666 9.76235e-13 0.000327885 
0.0572958 0.0225155 0.358161 0.000957038 0.0167363 0.00537061 0.0614145 0.0551978 0.338134 0.0585018 0.0164609 0.0079981 5.02585e-06 0.000606298 6.70504e-08 1.70314e-08 0.000645114 
4.92423e-05 0.00290336 0.632515 2.58379e-05 0.0283696 0.028933 0.0261353 0.1043 1.63536e-06 0.0385949 0.0619726 0.07278 0.000716095 0.00129558 0.00018412 8.24848e-07 0.00122215 
1.45273e-06 0.104137 0.323161 1.10125e-07 0.13027 0.0437664 0.187264 0.0252586 2.11036e-06 0.0850905 0.000125693 0.0893273 6.86965e-08 0.0111923 3.80738e-06 0.000277555 0.00012173 
1.31817e-05 0.00953264 0.514526 4.21774e-05 0.0928516 0.0685764 0.0575796 0.165227 1.01777e-06 0.021169 0.000325979 0.0646301 0.00137285 3.44182e-05 6.91698e-06 1.19706e-07 0.00411155 
5.51275e-05 0.00654656 0.555813 3.34318e-05 0.0194195 0.12245 0.134746 0.0478018 3.01665e-06 0.0448153 0.0119021 0.045256 0.00215045 0.00572534 0.000336688 5.14649e-05 0.00289497 
0.00234454 0.0522079 0.580528 0.000125554 0.0717424 1.871e-06 0.036005 2.20037e-06 3.99496e-11 0.0135855 3.27546e-07 0.225037 0.0184094 6.38121e-06 8.57016e-07 3.35446e-06 4.40931e-08 
0.00768397 0.0547649 0.205984 0.00604453 0.0659336 0.19491 0.141111 0.057168 0.000166748 0.0895517 0.0152159 0.123376 0.0138005 0.0138268 0.000640342 0.00213 0.00769196 
0.000228431 0.00803171 0.741145 1.60425e-06 0.041507 0.113845 0.000142452 0.000283924 8.39404e-07 0.00185201 0.004427 0.0867639 6.15557e-05 0.00163491 6.57519e-07 3.45262e-07 7.43162e-05 
1.14634e-08 0.0669815 0.543799 4.71681e-05 0.0483396 0.24947 0.0153026 0.00708652 6.79198e-09 0.0172001 0.000765282 0.0506129 1.3934e-07 0.000321629 1.2508e-08 4.26361e-12 7.37275e-05 
1.42454e-05 0.00488102 0.753299 3.8609e-05 0.0046202 0.0932872 0.00970922 0.113945 1.27292e-06 0.00414573 0.00317087 0.0124461 2.39494e-05 0.000354781 1.02699e-06 2.75524e-09 6.07586e-05 
0.00118459 0.059481 0.336804 9.23283e-05 0.0233079 0.222878 0.161857 0.0955669 4.89622e-05 0.00935477 0.00457457 0.0752017 0.000524653 0.00614175 0.00218073 7.1726e-05 0.000729579 
0.00020553 0.00106627 0.543954 3.18287e-05 0.0509849 0.246092 0.0316813 0.0304524 1.68226e-07 0.00673783 0.0175878 0.0670165 0.00162814 0.00160698 0.000220343 8.13225e-10 0.000733894 
0.000144073 0.00654488 0.527888 6.11505e-12 0.0093668 0.0584923 0.0638482 0.064833 2.87527e-06 0.253167 0.000134695 0.0150161 1.16532e-05 0.000487089 1.84046e-05 3.08144e-05 1.40403e-05 
0.000366468 0.169161 0.243603 4.53249e-05 0.218786 0.113404 0.078047 0.00517568 2.95732e-07 0.0237881 0.023511 0.101571 0.0148185 0.00122625 2.59502e-06 1.06779e-05 0.00648292 
2.98589e-05 0.00198097 0.707592 1.23754e-05 0.00319346 0.0921499 0.00653978 0.178827 2.03898e-07 0.000720101 0.00520815 0.0029379 7.80398e-06 0.000744874 2.16569e-08 1.81674e-12 5.61924e-05 
0.00467612 0.0353369 0.650223 5.15103e-05 0.0578649 0.131502 0.0177238 0.000450891 0.000359874 0.0222583 0.00366453 0.0315183 9.79583e-06 0.0439642 3.96446e-05 5.68384e-11 0.000356341 
0.00146978 0.00517819 0.399603 6.09213e-06 0.0151754 0.173304 0.0397853 0.0399974 3.15776e-05 0.0745729 0.0134442 0.0330873 0.141155 0.061864 0.000233264 3.32684e-05 0.00105927 
0.000237385 0.0104334 0.35762 1.38813e-05 0.184297 0.127553 0.0390202 0.0246214 7.28442e-06 0.18678 0.00329352 0.048762 0.00104447 0.0158207 6.24933e-06 2.61729e-10 0.000490771 
1.42483e-05 0.00336623 0.932681 6.52368e-06 0.00713672 0.0188342 0.00479869 7.95906e-07 2.77862e-07 0.0154467 0.00108523 0.0161435 2.49584e-05 0.000444978 4.71566e-09 2.48533e-11 1.5649e-05 
4.2277e-10 0.0128459 0.595661 3.6807e-08 0.0220674 0.0381032 0.0145041 6.81312e-08 2.1419e-06 0.0213191 5.85798e-05 0.154247 7.53609e-08 0.000518192 0.0704419 5.98206e-10 0.0702313 
0.000572533 0.0119384 0.326812 0.00188667 0.105957 0.21315 0.102078 0.0184954 4.92119e-05 0.0579068 0.0101213 0.0975186 0.00424365 0.0169872 0.00488101 0.022141 0.00526148 
0.00468045 0.0635155 0.463701 0.00411236 0.0622969 0.0847764 0.0500048 0.024668 1.76649e-05 0.0628069 0.0692829 0.0642355 0.033468 0.00139448 0.000181524 0.00152431 0.00933299 
0.00112819 0.0137806 0.43957 1.09544e-05 0.0144563 0.328812 0.0573656 0.0878704 1.00602e-06 0.00747001 0.00199163 0.0451638 2.06435e-08 0.000790412 0.000108145 0.00114158 0.000338795 
0.000787342 0.0083768 0.404665 0.00178647 0.0656533 0.31052 0.112474 0.0396942 2.10874e-06 0.0042508 0.00873262 0.0248195 1.80706e-05 0.00137285 5.42244e-07 0.00351194 0.0133347 
0.0058865 0.0646781 0.408387 0.000156797 0.0203305 0.165008 0.195487 0.016261 0.0027252 0.051992 0.0180517 0.0458352 0.000509167 0.00263695 4.51751e-05 2.22803e-07 0.00200962 
3.32221e-08 0.00711423 0.716585 1.32393e-05 0.0188711 0.225114 0.00150012 0.00346571 9.24943e-08 0.000121974 0.0108704 0.00692651 2.13484e-08 0.00870241 1.2369e-06 7.18717e-11 0.000714422 
0.000176022 0.042015 0.405708 4.7101e-05 0.0627477 0.0817824 0.0166952 0.102423 5.05159e-08 0.0162197 0.000400302 0.225434 0.0358965 6.24938e-05 2.78103e-06 1.45443e-09 0.0103899 
0.0138558 0.115024 0.278865 2.92515e-05 0.0711347 0.162002 0.12089 0.0233714 6.66191e-05 0.0344572 0.0356294 0.126941 0.00696836 0.00508572 8.46853e-06 0.00466967 0.00100098 
0.000427854 0.108803 0.357786 0.000612317 0.0164605 0.10851 0.115275 0.0287936 0.00164153 0.0144687 0.000738652 0.154846 0.00245172 0.000261142 2.38537e-08 4.16288e-06 0.08892 
5.82767e-07 0.191073 0.342095 1.11463e-08 0.0550414 0.0827878 0.0182431 0.0250935 5.79689e-12 0.00693714 0.000852537 0.273948 0.00147083 0.00245729 1.69659e-08 5.14495e-08 1.01216e-07 
1.51419e-10 0.020704 0.424528 6.11042e-11 0.0520938 0.250304 0.000731941 1.26693e-07 1.3056e-07 0.00223419 0.000328663 0.238537 0.00711225 0.00342608 1.35563e-07 2.14253e-10 1.36507e-07 
0.00500656 0.0640361 0.359856 0.00351274 0.0239115 0.229646 0.0900737 0.0336326 1.20289e-07 0.00167734 0.0312964 0.0435223 0.0748575 0.0151593 3.00004e-05 1.28193e-05 0.0237693 
0.00213763 0.203796 0.314637 0.0155096 0.153451 0.0952418 0.0524788 0.0396622 5.09745e-05 0.0055402 0.0077203 0.0962645 0.0027469 0.00922178 0.000191072 0.000176253 0.00117466 
0.000482391 0.013269 0.769003 2.42761e-05 0.0188079 0.102363 0.0291154 0.0160897 7.91814e-07 0.00444956 0.0210424 0.00891068 0.000720205 0.00357599 0.000914596 3.27765e-09 0.0112309 
0.000547545 0.0284338 0.261715 0.000242758 0.035464 0.208865 0.111751 0.240394 1.25282e-06 0.0367676 0.0107266 0.0452232 0.0142097 0.00302925 2.27837e-05 5.60056e-07 0.00260583 
0.0160957 0.123129 0.545809 2.35667e-05 0.0568181 0.100174 0.0200394 2.42205e-05 4.56803e-05 0.0120856 0.000333927 0.0656715 0.0554471 0.000935186 3.34152e-05 6.85679e-08 0.00333433 
0.000482391 0.013269 0.769003 2.42761e-05 0.0188079 0.102363 0.0291154 0.0160897 7.91814e-07 0.00444956 0.0210424 0.00891068 0.000720205 0.00357599 0.000914596 3.27765e-09 0.0112309 
0.0017483 0.0100322 0.30872 1.15471e-06 0.0497636 0.238172 0.0616344 0.0131367 2.64652e-09 0.004324 0.000295901 0.130311 0.0194914 0.00530995 6.44472e-05 6.19106e-05 0.156933 
0.00414246 0.0295146 0.289231 0.000358738 0.0418546 0.258453 0.113611 0.0887864 4.5302e-06 0.0726274 0.00322497 0.0828552 0.00313955 0.00158672 1.78362e-05 2.03363e-07 0.0105915 
8.50947e-05 0.0627233 0.203706 0.000222095 0.188033 0.190099 0.188878 0.0723472 4.37792e-05 0.0660903 0.00413614 0.0174087 6.91824e-06 0.00427888 0.000120672 1.13159e-05 0.00180956 
0.00180527 0.0998492 0.356829 0.00102515 0.0869541 0.150329 0.0490263 0.064312 1.29111e-05 0.00345925 0.00902422 0.132057 0.019134 0.0049851 4.33314e-05 0.00418614 0.0169689 
0.000482391 0.013269 0.769003 2.42761e-05 0.0188079 0.102363 0.0291154 0.0160897 7.91814e-07 0.00444956 0.0210424 0.00891068 0.000720205 0.00357599 0.000914596 3.27765e-09 0.0112309 
1.02077e-05 0.403297 0.438934 2.82732e-07 0.101513 0.0037882 0.00242435 0.00464487 0.00750328 0.00238963 0.00566764 0.0170942 2.03487e-06 0.000310231 0.0124206 4.51482e-07 5.41664e-09 
6.91973e-06 0.00308557 0.794693 1.01471e-06 0.0251847 0.136807 0.00512806 0.00795122 7.7665e-08 0.00173598 0.00702308 0.00477247 0.0002442 0.0120303 0.000141731 6.72576e-11 0.00119471 
0.0042643 0.0335545 0.590176 0.000148109 0.0462845 0.10461 0.0651484 0.0275162 0.00018334 0.0122607 0.0394356 0.0363818 0.00093354 0.0379271 8.33962e-05 0.000107076 0.000985388 
1.88648e-11 1.96095e-06 0.659745 4.64457e-08 2.17191e-06 0.339566 7.00194e-07 2.60152e-06 7.19791e-08 6.1379e-12 1.77296e-06 6.65004e-07 1.14956e-11 0.00067794 5.08346e-11 2.66931e-11 4.51661e-07 
0.00373698 0.0883663 0.397321 2.20366e-05 0.181542 0.120146 0.0748203 0.0784959 8.99524e-05 0.0379316 0.00559152 0.00450612 0.000515604 0.00132693 8.05158e-06 1.38367e-07 0.00557961 
0.000213462 0.205836 0.26199 1.60961e-06 0.0853384 0.1326 0.019834 0.000485641 2.96975e-07 0.0441078 0.000504955 0.240924 0.00701245 0.000209311 4.67076e-06 0.000206865 0.000729824 
0.000656973 0.0293228 0.504921 5.41962e-05 0.0564739 0.163305 0.0577925 0.050936 2.37107e-05 0.0307232 0.00342767 0.076414 0.00372808 0.0112377 8.4884e-05 0.00454305 0.00635533 
0.000497301 0.00364568 0.837577 7.56105e-06 0.0136991 0.0638612 0.00738142 0.0246364 5.4416e-07 0.00318569 0.0175361 0.00462446 0.00022798 0.00473229 9.05432e-05 4.60268e-12 0.0182967 
0.000152572 0.00765019 0.315053 5.90272e-05 0.0208987 0.296975 0.0423115 0.224064 1.90842e-05 0.0121119 0.0213576 0.049845 0.00183035 0.00679826 4.52631e-05 1.20236e-08 0.000828944 
0.000131382 0.00591297 0.523556 7.55442e-06 0.0109525 0.227429 0.0172158 0.191155 8.88559e-06 0.00542309 0.00739118 0.00352074 6.82682e-06 0.00688165 9.86655e-05 6.62585e-13 0.000308641 
0.000194688 0.00345168 0.76646 3.11424e-05 0.0234112 0.0822768 0.00108638 0.0698862 1.14451e-06 0.000511338 0.0334702 0.00399448 1.23875e-05 0.0147812 0.000103666 9.76235e-13 0.000327885 
1.27031e-05 0.00400297 0.717329 8.52001e-06 0.0111854 0.191822 0.00551656 0.0441256 1.49169e-06 0.0013756 0.00564151 0.00970734 2.54647e-05 0.00851199 9.36496e-05 4.09248e-12 0.000640209 
9.2633e-05 0.0257635 0.413072 3.25482e-05 0.0214049 0.0456404 0.234229 0.010291 2.15113e-05 0.145931 0.00399118 0.0940614 0.00465222 2.97933e-05 3.64495e-05 5.02958e-05 0.000700436 
0.000170724 0.00484506 0.735718 3.31295e-05 0.0253578 0.105227 0.00719881 0.0580675 4.23168e-06 0.015984 0.0266282 0.00604918 4.93452e-05 0.014099 0.00011148 1.12672e-12 0.000456692 
0.000747941 0.0879167 0.430976 0.000114726 0.0409351 0.147176 0.0867583 0.0644563 0.000138081 0.0502026 0.00302602 0.0275802 0.000483826 0.0538061 0.000209155 5.52239e-08 0.00547334 
9.28081e-06 0.00140068 0.640214 4.29896e-07 0.0466957 0.0215924 0.0258296 0.0075456 1.08478e-07 0.0136376 0.000711153 0.237271 0.000850139 0.000544613 3.81479e-06 0.000696432 0.00299651 
3.17225e-05 0.0317617 0.5275 0.00456144 0.154815 0.0482582 0.0342959 0.0280151 3.05951e-06 0.00549904 0.000283152 0.152627 0.00132404 0.00245592 0.000766738 0.00246722 0.00533474 
0.000641099 0.0527532 0.680332 2.96609e-05 0.0411453 0.0925625 0.0034398 0.00420759 1.91784e-06 9.28433e-05 0.0044903 0.00421671 0.082778 0.0331992 4.61636e-05 2.33824e-09 6.34252e-05 
0.0016046 0.290463 0.404006 0.00018632 0.0809758 0.00327194 2.83238e-05 4.64422e-06 5.92179e-10 7.48566e-06 0.0212462 0.0118547 0.171067 0.0152619 9.62329e-10 4.29179e-06 1.7134e-05 
3.34376e-05 0.0264123 0.663574 7.48534e-10 0.00950642 0.0889262 0.0224549 0.00409053 2.66905e-06 0.141745 0.000289747 0.0260097 6.4637e-11 0.000250546 2.85831e-10 0.00321894 0.0134859 
4.61746e-05 0.00327488 0.310992 4.05765e-07 0.00306019 0.240497 0.241954 0.0558217 9.00275e-09 0.0542189 0.00336943 0.0812033 0.00035653 0.000303906 0.000306401 2.69765e-05 0.00456697 
5.94319e-05 0.00753614 0.624357 1.58001e-06 0.0119928 0.114388 0.0497948 0.0624911 7.62077e-06 0.0736939 0.00174235 0.049416 1.7108e-05 0.00406349 0.000283732 1.6299e-10 0.000154541 
3.82359e-05 0.000910401 0.684051 4.03029e-05 0.0356501 0.141888 0.0100062 0.0633348 4.51902e-06 0.037852 0.000909542 0.0231699 0.00095129 7.67684e-05 0.000128749 3.13503e-06 0.00098496 
0.00187037 0.216568 0.569821 0.00084128 0.0684885 0.0284619 0.0133376 0.0108032 1.87538e-06 0.0181578 0.0169862 0.0359458 0.00342683 0.0104645 3.15569e-06 1.0498e-11 0.00482135 
6.91973e-06 0.00308557 0.794693 1.01471e-06 0.0251847 0.136807 0.00512806 0.00795122 7.7665e-08 0.00173598 0.00702308 0.00477247 0.0002442 0.0120303 0.000141731 6.72576e-11 0.00119471 
0.000118966 0.00420418 0.669969 0.0119129 0.0466664 0.059057 0.0104709 0.0381902 1.18011e-07 0.000148433 0.000447716 0.104252 0.000906009 0.050637 0.000133373 0.00121888 0.00166739 
0.000497301 0.00364568 0.837577 7.56105e-06 0.0136991 0.0638612 0.00738142 0.0246364 5.4416e-07 0.00318569 0.0175361 0.00462446 0.00022798 0.00473229 9.05432e-05 4.60268e-12 0.0182967 
0.000197718 0.00209892 0.324949 3.80186e-05 0.0140154 0.298329 0.0729343 0.0655153 2.47048e-06 0.120195 0.0212616 0.0787659 0.000134355 0.00147063 6.42916e-06 9.34759e-13 8.63276e-05 
0.000497301 0.00364568 0.837577 7.56105e-06 0.0136991 0.0638612 0.00738142 0.0246364 5.4416e-07 0.00318569 0.0175361 0.00462446 0.00022798 0.00473229 9.05432e-05 4.60268e-12 0.0182967 
6.54426e-06 0.00960056 0.710206 0.00175326 0.0201758 0.0491919 0.0293319 0.0514577 1.17023e-06 0.038749 0.0034723 0.0826158 0.000381404 0.000398615 1.38038e-06 2.02055e-05 0.00263597 
0.00542508 0.059677 0.578213 0.000159413 0.0313675 0.0506668 0.128409 0.00354484 0.000182792 0.0188073 0.036647 0.0549807 0.0299114 0.000403825 4.15201e-05 2.16609e-05 0.00154067 
3.87078e-07 0.102025 0.275976 0.00198262 0.187973 0.0797405 5.48389e-06 2.94899e-06 2.30305e-07 0.0234559 0.0609645 0.0246073 0.0135143 0.00106006 6.52132e-08 9.00271e-08 0.228692 
1.8759e-08 0.00929346 0.929823 1.56607e-06 0.00116028 0.05171 0.0026783 7.50702e-08 8.04948e-07 0.00164014 5.11608e-08 0.0036255 7.99012e-06 2.23651e-05 1.62034e-11 8.50838e-12 3.64538e-05 
3.33109e-05 0.00387958 0.565334 8.43218e-06 0.0087128 0.215881 0.00565118 0.115026 5.41803e-08 0.000684847 0.0661433 0.00795585 0.000493472 0.00948976 0.000111808 2.92722e-05 0.000565269 
0.000341841 0.00217285 0.806518 1.65862e-05 0.0698894 0.0239997 0.00599589 0.0184777 3.74391e-08 0.029546 0.00193052 0.0232095 0.0165463 0.0013559 7.56414e-08 4.72143e-10 1.2368e-07 
0.00267003 0.0708004 0.642734 0.000612378 0.0448938 0.0419696 0.0723104 0.00574244 0.0773703 0.00900476 0.000320765 0.0155987 0.00345491 0.0106204 3.45727e-05 0.000865121 0.000997322 
0.000407835 0.00189287 0.440125 1.43356e-05 0.00172697 0.0400089 0.0908291 0.066907 3.00599e-06 0.152851 0.00233521 0.201148 0.00140012 6.80126e-05 0.000100979 1.40399e-10 0.000182196 
0.00270836 0.000926305 0.247519 0.0119624 0.0124473 0.1479 0.0835125 0.207946 2.18351e-06 0.221076 0.029246 0.0315828 0.000832315 0.00142201 0.000249276 4.7097e-07 0.000666541 
0.000156429 0.00655389 0.396042 6.44262e-05 0.284174 0.0551859 0.0223401 0.0423914 1.50272e-06 0.0539318 0.0192196 0.0802432 0.016555 0.0193975 5.07259e-06 2.2325e-06 0.00373522 
0.00446635 0.0762896 0.170052 0.00215017 0.161672 0.113648 0.11043 0.0161825 0.0016171 0.150637 0.01914 0.10713 0.0396447 0.0121106 0.00389299 0.00284493 0.00809323 
1.59448e-05 0.00348841 0.790039 6.35227e-06 0.00438939 0.0936403 0.00413181 0.0901853 2.2681e-07 0.000899906 0.00476137 0.00749524 4.2822e-06 0.000795343 1.04574e-07 3.80271e-07 0.000146177 
1.27031e-05 0.00400297 0.717329 8.52001e-06 0.0111854 0.191822 0.00551656 0.0441256 1.49169e-06 0.0013756 0.00564151 0.00970734 2.54647e-05 0.00851199 9.36496e-05 4.09248e-12 0.000640209 
2.40095e-05 0.00261082 0.667534 2.96036e-06 0.00829597 0.101986 0.046201 0.0863961 2.23677e-06 0.0294926 0.0284624 0.0053769 0.000198521 0.023146 1.23532e-06 9.65439e-08 0.000269835 
0.000395305 0.0200252 0.579649 3.49164e-05 0.0181694 0.292503 0.00681998 0.0285336 6.28043e-07 0.000464792 0.00649438 0.0375314 0.000658721 0.00697018 0.000105074 1.10176e-08 0.00164412 
0.000456714 0.0561208 0.660442 3.16275e-05 0.0321608 0.12539 0.0221975 0.0406742 1.52106e-05 0.0089706 0.0224834 0.0261741 0.0005798 0.00368082 0.000173702 8.25713e-09 0.00044867 
4.5029e-05 0.00420082 0.617634 0.00077612 0.132352 0.104815 0.0405652 0.0200732 0.000204611 0.0066916 0.0035058 0.0336838 0.000497909 0.00532812 0.000207022 0.0264143 0.00300508 
0.00323351 0.0296994 0.214456 0.0190762 0.0370139 0.13419 0.129475 0.101356 3.22196e-05 0.126763 0.00671759 0.179556 0.00262416 0.00223844 0.000121123 0.000165397 0.0132827 
0.0224063 0.0394011 0.311303 0.0593281 0.0568459 0.176193 0.0981596 0.0500581 8.41547e-05 0.00669392 0.0126988 0.0640742 0.00628348 0.0217456 0.000987571 0.00628826 0.0674492 
0.000138082 0.00843245 0.278911 1.13663e-05 0.0809021 0.254562 0.129845 0.0243955 0.000180078 0.13063 0.00257199 0.0830419 0.00248366 0.000192624 0.000221853 7.94592e-07 0.00347854 
0.00290614 0.069306 0.506482 4.06512e-05 0.0317655 0.281 0.0302124 0.0249146 2.51133e-05 0.00521621 0.0264962 0.0011971 0.00184052 0.0177714 6.92708e-05 2.24519e-07 0.000756285 
0.000228788 0.0332231 0.407306 0.000102951 0.00147105 0.106977 0.19013 0.0793459 4.59878e-05 0.170821 0.00214583 0.00757158 0.000170401 8.12318e-05 8.65754e-06 1.34679e-07 0.000370348 
0.000321846 0.0201302 0.663656 2.62327e-05 0.0315652 0.0655518 0.06664 0.0146646 4.06297e-06 0.0360722 0.0110964 0.0889575 5.19884e-05 0.000891889 2.42076e-06 8.05817e-06 0.000359791 
0.000425098 0.044026 0.463989 0.000312788 0.0483079 0.0447103 0.0549107 0.00497086 1.66205e-08 0.00305155 0.000402082 0.242681 0.0863049 0.000896211 1.3923e-07 7.85038e-05 0.00493355 
0.0372554 0.165844 0.477165 0.00289623 0.0744239 0.0309441 0.0333712 0.0608091 3.37653e-07 0.0105144 0.0139268 0.0680063 0.00812059 0.012498 3.33122e-05 1.45853e-05 0.00417721 
1.71479e-08 0.0413716 0.342649 6.28246e-09 0.179358 0.328359 0.0179299 0.000893704 2.91811e-09 0.002182 0.0207537 0.0260868 1.10199e-08 0.0389835 0.001382 6.37388e-12 5.10877e-05 
0.000194688 0.00345168 0.76646 3.11424e-05 0.0234112 0.0822768 0.00108638 0.0698862 1.14451e-06 0.000511338 0.0334702 0.00399448 1.23875e-05 0.0147812 0.000103666 9.76235e-13 0.000327885 
0.000183469 0.0183225 0.290274 0.00276258 0.0201342 0.253618 0.239766 0.0632732 1.89247e-05 0.0546058 0.0255534 0.0223087 0.00160992 0.00332627 0.00106872 0.000722908 0.00245101 
2.22515e-05 0.00174617 0.768811 5.84726e-06 0.00512093 0.0336011 0.0162384 0.148479 2.15158e-06 0.000156244 0.000559346 0.0183868 0.000510077 0.00446587 3.17484e-05 8.19141e-09 0.0018625 
0.00229271 0.000746921 0.851445 3.95693e-07 0.000328668 0.00643269 0.0901718 0.00837986 4.50104e-06 0.0378368 0.000116897 0.0010333 9.27952e-06 9.11175e-05 4.9384e-07 3.01124e-06 0.00110617 
1.68006e-07 0.239984 0.353238 1.18837e-05 0.219169 0.109343 0.00186915 7.96023e-07 1.17283e-05 0.000290331 0.00646079 0.00869081 6.29081e-11 0.0605262 2.62863e-07 1.46074e-10 0.000403507 
5.45336e-06 0.0124798 0.713792 4.24752e-05 0.00207331 0.114853 0.0153819 0.00723872 0.000515147 0.0714161 0.000440539 0.0110579 9.14812e-06 0.0503216 6.76355e-05 0.000121751 0.000183176 
5.95223e-05 0.0561628 0.212183 0.00273745 0.111979 0.090697 0.185068 0.0165667 3.60189e-07 0.0022671 0.00254104 0.0325492 0.0009288 0.115668 2.44319e-05 0.00114917 0.169418 
0.000168201 0.0330535 0.761239 0.00013502 0.0541077 0.0439634 0.0135059 0.0250501 1.20329e-05 0.0116734 0.0134769 0.0174465 0.000140215 0.0249904 0.00038756 1.07373e-07 0.000650289 
0.000497301 0.00364568 0.837577 7.56105e-06 0.0136991 0.0638612 0.00738142 0.0246364 5.4416e-07 0.00318569 0.0175361 0.00462446 0.00022798 0.00473229 9.05432e-05 4.60268e-12 0.0182967 
0.000497301 0.00364568 0.837577 7.56105e-06 0.0136991 0.0638612 0.00738142 0.0246364 5.4416e-07 0.00318569 0.0175361 0.00462446 0.00022798 0.00473229 9.05432e-05 4.60268e-12 0.0182967 
0.00014538 0.0218369 0.411534 0.00137312 0.0381135 0.280185 0.0346637 0.0405994 1.89288e-06 0.0814155 0.0476412 0.0199317 0.00635118 0.0129624 0.000396512 0.000268458 0.00258032 
6.91667e-05 0.000910784 0.675024 7.37513e-06 0.00221237 0.221601 0.00364722 0.0540693 2.41539e-08 0.000176506 9.98565e-05 0.00805348 3.94379e-05 0.0322639 2.60342e-05 0.000113311 0.00168662 
6.91973e-06 0.00308557 0.794693 1.01471e-06 0.0251847 0.136807 0.00512806 0.00795122 7.7665e-08 0.00173598 0.00702308 0.00477247 0.0002442 0.0120303 0.000141731 6.72576e-11 0.00119471 
0.000272332 0.0410175 0.382273 4.21042e-05 0.0319954 0.250527 0.117376 0.0364214 2.14454e-05 0.085799 0.00805807 0.0195786 0.00212555 0.0242658 1.2842e-05 5.06371e-05 0.000163094 
2.72933e-08 0.0942457 0.510186 4.34294e-06 0.253779 0.0775844 0.0432905 0.00302071 2.82865e-05 0.0012997 0.000912971 0.0118581 0.000171423 0.00361436 1.44749e-09 7.17246e-11 4.29624e-06 
0.00401387 0.101426 0.215524 0.00040446 0.174967 0.166804 0.0750056 0.0629267 1.42915e-08 0.0155971 0.000424036 0.166748 0.00120508 0.00581295 0.00695352 2.53945e-05 0.00216264 
0.00153317 0.109556 0.438268 0.000319421 0.0537153 0.125758 0.0083155 0.0708253 2.42269e-06 0.0165516 0.00723113 0.117062 0.00702324 0.0398614 0.000925645 3.45479e-05 0.00301743 
0.000389536 0.00086133 0.68226 3.76631e-06 0.00401737 0.0243637 0.0628096 0.0405328 6.34838e-07 0.149328 0.0124289 0.0174186 0.00464052 0.000900306 3.37418e-05 3.61764e-09 1.13866e-05 
0.000455478 0.0625609 0.484874 0.00195679 0.0455356 0.291149 0.0423101 0.0346369 1.37136e-06 0.00222617 0.00404278 0.0226111 1.38348e-05 0.00339549 9.67475e-06 8.82939e-05 0.00413283 
0.0572958 0.0225155 0.358161 0.000957038 0.0167363 0.00537061 0.0614145 0.0551978 0.338134 0.0585018 0.0164609 0.0079981 5.02585e-06 0.000606298 6.70504e-08 1.70314e-08 0.000645114 
0.000483103 0.030275 0.440863 0.00388181 0.11894 0.247664 0.0325663 0.0817139 1.22893e-06 0.00332754 0.0147848 0.0173185 0.002926 0.00490813 1.88727e-05 1.66632e-05 0.000311512 
0.000648987 0.0108571 0.384923 5.54745e-06 0.109039 0.333875 0.00300092 0.051284 1.56339e-06 2.98466e-05 0.0762868 0.0168841 0.000180145 0.0128809 2.815e-09 2.92871e-12 0.000103374 
2.8961e-05 0.00546327 0.722047 0.0331264 0.00166533 0.0490555 0.00252106 0.0800176 1.18152e-11 0.000338856 0.000100303 0.0321956 7.0345e-05 0.07248 2.53396e-06 0.000261118 0.000626186 
0.000482391 0.013269 0.769003 2.42761e-05 0.0188079 0.102363 0.0291154 0.0160897 7.91814e-07 0.00444956 0.0210424 0.00891068 0.000720205 0.00357599 0.000914596 3.27765e-09 0.0112309 
9.2633e-05 0.0257635 0.413072 3.25482e-05 0.0214049 0.0456404 0.234229 0.010291 2.15113e-05 0.145931 0.00399118 0.0940614 0.00465222 2.97933e-05 3.64495e-05 5.02958e-05 0.000700436 
0.00210749 0.0790849 0.484275 9.89719e-05 0.0573203 0.177368 0.0742996 0.0188416 0.00474891 0.0342674 0.0242823 0.0166618 0.0109943 0.0141292 7.81731e-05 2.27967e-05 0.00141986 
0.000269011 0.0031933 0.46213 9.54151e-06 0.0100903 0.408008 0.0208607 0.0790117 1.03304e-05 0.000859739 0.00296987 0.00649083 4.31736e-05 0.00485443 3.63811e-05 2.5441e-07 0.00116183 
0.000131382 0.00591297 0.523556 7.55442e-06 0.0109525 0.227429 0.0172158 0.191155 8.88559e-06 0.00542309 0.00739118 0.00352074 6.82682e-06 0.00688165 9.86655e-05 6.62585e-13 0.000308641 
0.000482391 0.013269 0.769003 2.42761e-05 0.0188079 0.102363 0.0291154 0.0160897 7.91814e-07 0.00444956 0.0210424 0.00891068 0.000720205 0.00357599 0.000914596 3.27765e-09 0.0112309 
0.000109571 0.0667066 0.37364 1.15819e-08 0.012523 0.230188 0.0468352 3.9941e-09 5.388e-06 0.000463004 0.00423946 0.252804 0.00708965 1.88738e-05 3.40792e-11 0.00468557 0.000691592 
0.000393154 0.0208118 0.361651 0.000879262 0.0255455 0.164328 0.103781 0.0184558 9.34631e-05 0.0537042 0.00938432 0.219456 0.005691 0.0110389 7.65319e-06 0.00016321 0.00461586 
0.0126143 0.130334 0.18881 0.0960551 0.067133 0.128952 0.100287 0.0694407 0.000373083 0.0133415 0.0165708 0.0535356 0.00423391 0.0177564 0.000319548 0.00104312 0.0991996 
2.32251e-08 0.0083063 0.754361 1.57748e-08 0.0444309 0.0334955 0.0110607 0.00209308 2.54153e-09 0.00328132 0.0290218 0.113688 0.000168073 9.28336e-05 5.38891e-07 4.17051e-08 2.04462e-08 
0.000257538 0.0363273 0.373299 0.00229804 0.0626326 0.138213 0.0873703 0.044863 0.00322717 0.10847 0.0154431 0.10659 0.00421769 0.0084229 0.00406351 0.000532984 0.00377271 
0.000497301 0.00364568 0.837577 7.56105e-06 0.0136991 0.0638612 0.00738142 0.0246364 5.4416e-07 0.00318569 0.0175361 0.00462446 0.00022798 0.00473229 9.05432e-05 4.60268e-12 0.0182967 
0.00290614 0.069306 0.506482 4.06512e-05 0.0317655 0.281 0.0302124 0.0249146 2.51133e-05 0.00521621 0.0264962 0.0011971 0.00184052 0.0177714 6.92708e-05 2.24519e-07 0.000756285 
1.98518e-05 0.00418603 0.42994 4.27925e-05 0.03608 0.0917612 0.160269 0.0413731 1.46107e-05 0.0521973 0.00501642 0.171934 0.00167494 0.000377222 5.00333e-07 1.85155e-05 0.00509405 
0.000482391 0.013269 0.769003 2.42761e-05 0.0188079 0.102363 0.0291154 0.0160897 7.91814e-07 0.00444956 0.0210424 0.00891068 0.000720205 0.00357599 0.000914596 3.27765e-09 0.0112309 
6.52057e-09 0.000677797 0.992098 1.60538e-05 0.000750716 0.00351397 0.00024202 0.000899208 2.48794e-05 2.12155e-09 0.000612819 0.000229857 3.97343e-09 0.000778499 1.75709e-08 9.22642e-09 0.000156115 
1.31817e-05 0.00953264 0.514526 4.21774e-05 0.0928516 0.0685764 0.0575796 0.165227 1.01777e-06 0.021169 0.000325979 0.0646301 0.00137285 3.44182e-05 6.91698e-06 1.19706e-07 0.00411155 
5.1982e-05 0.0685002 0.403418 8.43443e-06 0.0370978 0.130067 0.323614 0.00538228 5.57952e-06 0.00515047 1.24304e-05 0.0255775 5.98327e-07 1.94422e-05 1.33734e-07 2.32633e-11 0.00109442 
9.2633e-05 0.0257635 0.413072 3.25482e-05 0.0214049 0.0456404 0.234229 0.010291 2.15113e-05 0.145931 0.00399118 0.0940614 0.00465222 2.97933e-05 3.64495e-05 5.02958e-05 0.000700436 
3.91415e-05 0.0120951 0.399984 0.00562931 0.0238204 0.037985 0.0444827 0.345119 1.83697e-06 0.0116595 0.0170764 0.0238011 1.35672e-05 0.0515248 1.48423e-05 0.000413738 0.0263395 
8.62066e-06 0.313974 0.352079 6.81237e-06 0.00345669 0.11159 0.109878 1.31698e-09 5.30345e-09 0.0134282 1.73198e-05 0.0674551 0.0280617 4.05022e-05 8.61844e-09 4.52552e-09 3.64386e-06 
0.000200163 0.00515588 0.332479 0.251657 0.0171746 0.103997 0.0116562 0.00997942 2.97673e-06 0.20687 0.000405349 0.0590217 0.000277072 0.0002179 1.44557e-05 1.07597e-09 0.00089106 
0.00435292 0.0368998 0.491804 0.000412958 0.00125074 0.400932 0.00343611 0.00784364 1.12293e-10 0.0395325 8.70643e-08 0.0111313 0.00172479 0.000277907 1.82483e-10 9.58212e-11 0.000400884 
0.000106112 0.0464464 0.516922 0.000195902 0.0121783 0.0746994 0.0951994 0.0966974 0.00386084 0.0921105 0.00989434 0.0401799 0.0086781 0.00020345 0.00166179 8.91265e-12 0.000966237 
0.000154882 0.0712924 0.217608 0.0459526 0.0134061 0.0993728 0.089422 0.171352 5.33499e-07 0.0014218 0.000689186 0.14019 0.028374 0.022504 0.0002741 0.000570284 0.0974141 
3.41897e-07 0.0452464 0.585803 1.11007e-07 0.0333662 0.248565 0.0514131 0.00105303 2.34012e-08 0.00283084 0.00455277 0.0235984 0.0029399 0.000397295 3.90123e-06 1.78676e-08 0.000229843 
7.60003e-06 0.00879851 0.399009 0.000315007 0.00105775 0.0835708 0.124361 0.0628498 3.33249e-08 0.250235 0.00100076 0.0679665 0.000150057 2.37694e-06 8.74715e-05 1.21837e-10 0.000588468 
0.000397508 0.00632823 0.812034 1.00014e-05 0.0204349 0.0274595 0.0361309 0.010523 0.000194857 0.0511908 0.00262014 0.0312376 8.43943e-08 0.00131408 1.02606e-08 1.40594e-08 0.000124826 
0.00396917 0.149297 0.333177 0.00194223 0.101283 0.0858568 0.0934253 0.0517828 3.53934e-06 0.0693252 0.00973782 0.074789 0.00303608 0.0153556 0.000149411 0.000233333 0.00663619 
0.000476938 0.0436111 0.465695 7.1167e-05 0.0750548 0.125052 0.0330588 0.19093 0.000128973 0.00785059 0.00417211 0.0052985 2.37768e-05 0.0434721 0.00302083 2.11038e-05 0.00206281 
0.000269011 0.0031933 0.46213 9.54151e-06 0.0100903 0.408008 0.0208607 0.0790117 1.03304e-05 0.000859739 0.00296987 0.00649083 4.31736e-05 0.00485443 3.63811e-05 2.5441e-07 0.00116183 
0.0015966 0.170743 0.377212 1.26822e-05 0.0359666 0.0129943 0.0776171 0.0136283 0.00056895 0.177354 0.00144788 0.108568 0.0133131 1.19041e-05 5.6284e-05 1.7192e-06 0.00890804 
