5.48215e-06 0.0226786 0.0336471 3.90408e-07 0.881955 0.0187119 0.0163922 8.47058e-06 2.11327e-08 0.000700041 0.00298987 0.0180484 0.00350891 3.44304e-07 3.4342e-08 3.55753e-07 0.00135287 
0.00463235 0.216096 0.0977598 0.000165 0.248958 0.175204 0.0921183 0.00113376 2.3754e-05 0.00266272 0.0807281 0.0280224 0.00971225 0.0325173 0.00423115 8.90072e-08 0.00603493 
8.84186e-06 0.00884773 0.117602 8.35433e-07 0.676476 0.175915 0.000470309 6.98129e-07 1.94072e-08 1.96899e-11 0.00329389 0.00647386 3.68771e-11 0.0108834 1.63074e-10 1.14536e-08 2.7678e-05 
6.22892e-05 0.0652294 0.00733483 5.48829e-05 0.339488 0.167658 0.0473012 0.0099371 5.48828e-05 0.000518898 0.160732 0.00924114 0.00188056 0.186729 6.44356e-05 2.35809e-11 0.00371262 
1.04403e-05 0.000257773 0.280709 3.02415e-05 0.575299 0.00356678 0.000761867 8.07465e-05 1.7728e-08 0.080503 0.000788304 0.0554199 0.000596376 0.0019478 1.07724e-07 2.8253e-05 1.91299e-07 
0.0247808 0.224206 0.0587946 0.000209314 0.419495 0.03281 0.0211894 0.00863688 0.000138247 0.0346978 0.0218739 0.140955 0.00764286 0.000879614 0.00151959 2.93796e-05 0.00214144 
0.000117566 0.0460575 0.0403646 5.13195e-07 0.886915 0.00984976 0.000240703 9.97466e-08 1.43797e-08 0.00115267 6.78875e-05 0.00940049 0.00461504 0.00101522 1.99171e-05 5.08209e-11 0.000182644 
0.0473944 0.0881232 0.00758108 4.68196e-05 0.539072 0.029746 0.0411969 0.0246476 7.7218e-06 0.00837184 0.155087 0.0235918 0.00439829 0.0181109 0.000689333 1.94627e-05 0.0119149 
0.00288896 0.0873976 0.0307697 1.20338e-05 0.371796 0.0174278 0.0346358 0.00389425 1.99717e-06 0.0170973 0.00514744 0.157697 0.22249 0.00100298 0.018199 0.000928121 0.0286141 
6.25682e-05 0.249182 0.0649718 4.95121e-07 0.436003 0.018703 0.0257578 0.00234221 8.6921e-06 0.00380692 0.0250331 0.0328467 0.0680588 0.07296 0.000179894 1.73607e-06 8.0499e-05 
0.00110424 0.0789525 0.0845935 0.00040677 0.443234 0.0701636 0.0136994 0.0110513 1.35502e-05 0.0159716 0.066352 0.0280007 0.0123551 0.164824 0.00184777 0.00293949 0.00449117 
0.00027371 0.30972 0.0390065 7.34307e-05 0.408671 0.0387072 0.00249015 0.116136 8.63573e-05 0.0029987 0.0199694 0.00518696 0.0495981 0.00492055 1.45162e-05 5.87709e-07 0.00214668 
0.00363795 0.151413 0.0980456 0.00105778 0.398763 0.0891692 0.0644489 0.0171153 0.000158924 0.0283981 0.0384914 0.0635129 0.013538 0.0182014 0.00250726 0.00129187 0.0102495 
0.00770931 0.0595403 0.0368137 0.000574811 0.575497 0.0884865 0.041118 0.00517132 2.00949e-05 0.0135428 0.0672422 0.0490238 0.0126446 0.0217281 0.00703421 0.000890747 0.0129619 
0.0025958 0.0526931 0.0384673 0.000573838 0.631785 0.0657413 0.0190278 0.00745267 2.33988e-05 0.00967528 0.092423 0.0221804 0.00651152 0.0232865 0.0231017 0.000581403 0.00387957 
0.00158146 0.0516271 0.0370751 6.07954e-05 0.524606 0.120979 0.0301785 0.0212254 1.52294e-05 0.00430359 0.0524388 0.0707347 0.0447691 0.0340129 0.00382279 2.63095e-06 0.00256723 
0.00156897 0.0999529 0.0358609 0.000140477 0.382171 0.0147019 0.0108654 0.000816484 1.99076e-06 0.000644252 0.0848391 0.0132105 9.58469e-08 0.354869 1.88621e-10 1.5309e-05 0.000341736 
5.83717e-05 0.00933639 0.130915 2.29631e-05 0.534981 0.00228137 0.00272988 0.036039 9.77474e-08 0.124598 0.0592821 0.0374664 0.028637 0.033625 1.86992e-06 1.45651e-05 1.11855e-05 
0.00656495 0.0312581 0.0049246 0.000146 0.611511 0.0730724 0.0217456 0.00268335 0.000217822 0.00316928 0.0880011 0.0636145 0.0012297 0.0122889 0.010986 4.90305e-06 0.0685812 
0.000700436 0.0421895 0.110145 6.20294e-07 0.704054 0.0411127 0.0184609 0.0046274 1.26192e-08 0.01587 0.00669414 0.0138582 0.00755324 0.0109658 0.00948538 0.00850245 0.00577995 
0.00855574 0.0537159 0.0502317 0.00139722 0.356332 0.07309 0.0199376 0.00805005 0.00131178 0.00978753 0.12311 0.0194834 0.00330891 0.25948 0.00184271 0.000703572 0.0096623 
4.12777e-06 0.0714569 4.13037e-06 4.12958e-06 0.471288 0.215201 0.0132212 0.00991504 4.12579e-06 0.025609 0.0479128 0.118956 4.12896e-06 4.12901e-06 0.0136089 4.12653e-06 0.0128022 
0.00381985 0.0795904 0.031555 0.00012715 0.480184 0.0604738 0.0239025 0.0178726 3.11432e-05 0.0070324 0.0382433 0.018584 0.0120569 0.212307 0.00354521 0.00370112 0.00697327 
0.00157971 0.0274888 0.0319733 4.85594e-05 0.704798 0.0733901 0.04156 0.000471056 4.55826e-06 0.00235131 0.0494875 0.0247816 0.00817496 0.0305227 0.000469602 4.308e-07 0.00289785 
1.03304e-05 0.000282426 0.186046 1.04142e-05 0.740537 0.0725406 0.000270126 3.66483e-05 1.92685e-05 5.49739e-05 7.33204e-05 2.24951e-09 7.85895e-09 0.000117983 3.4753e-08 1.82487e-08 1.0258e-08 
2.43888e-05 0.0116572 0.0671469 2.40927e-05 0.695333 0.0132146 0.0258684 0.011792 1.51654e-06 0.0278139 0.0576033 0.0627244 0.000233739 0.0264231 3.91163e-05 1.03556e-05 8.99066e-05 
0.000174074 0.102982 0.137339 2.99915e-05 0.628065 0.0429478 0.00849797 0.00639514 1.84211e-05 0.0244734 0.00181096 0.0199475 0.0168337 0.00796068 0.00249431 2.04676e-05 8.95736e-06 
0.000112142 0.0825769 0.0366475 2.77417e-05 0.45664 0.158011 0.0189282 0.0102405 3.3839e-06 0.00531199 0.00783708 0.0131936 9.01861e-05 0.207247 0.00036327 4.49618e-11 0.00276906 
0.0002565 0.0877787 0.0035238 3.10937e-06 0.748336 0.00868999 0.0264873 0.000124025 2.89918e-05 0.0029509 0.0316546 0.0229709 0.00137801 0.0588213 0.00586173 6.93319e-05 0.00106438 
0.000114589 0.00579989 0.278079 1.03344e-05 0.440694 0.081757 0.0109059 0.0880859 1.03534e-05 0.0168027 0.0309242 0.0108129 1.25261e-05 0.0355263 0.000402991 9.87843e-07 6.00496e-05 
0.000272025 0.110196 0.143541 0.00359042 0.618749 0.0011745 0.00456275 0.000352864 0.000492831 0.0296371 0.00020282 0.00551783 0.0799065 0.00151655 1.99335e-05 7.35738e-05 0.000194643 
0.000770198 0.00434123 0.0181144 2.09097e-05 0.867582 0.048616 0.00144151 3.01763e-05 9.28401e-09 1.14582e-07 0.000136272 0.011006 0.0128811 0.0167909 4.27868e-05 3.68991e-09 0.0182262 
9.38129e-08 0.0313334 0.131097 5.06643e-05 0.560963 0.0365203 0.00407311 0.0091339 1.42683e-08 0.000399419 0.134733 0.0364929 4.08073e-06 0.0441519 0.00197695 7.5946e-08 0.00907018 
9.74039e-08 0.0169765 0.000280199 3.87747e-12 0.708042 0.00687219 0.00288458 9.2252e-05 1.5304e-08 0.00217937 0.0015721 0.0021591 1.58674e-07 0.215325 2.58919e-11 1.35958e-11 0.0436161 
0.000135982 0.0307409 0.0432008 4.25934e-05 0.476856 0.0381157 0.01741 0.0107335 5.55418e-06 0.00315861 0.0930087 0.0429325 0.0093235 0.228215 7.24206e-05 2.79391e-05 0.00602022 
3.04298e-05 0.0137261 0.147224 0.000216662 0.528639 0.066607 0.0235575 0.03463 0.0643717 0.0332974 0.055245 0.0185383 0.000715759 0.0103152 0.00233318 7.30203e-06 0.000544815 
6.18596e-05 0.22415 0.116252 0.000103703 0.262521 0.210246 0.0725436 0.000317269 6.37538e-07 0.00433464 0.0318684 0.0361557 2.62624e-07 0.000432069 0.0406721 1.66403e-08 0.000340852 
0.00202105 0.0320809 0.0299518 4.86629e-05 0.576002 0.0406339 0.0153324 0.00381606 9.49653e-06 0.00138912 0.027006 0.0106228 0.00124023 0.257804 0.00134076 0.00020362 0.00049778 
0.000490266 0.0397125 1.31432e-06 1.16625e-08 0.549587 0.0147581 1.19441e-07 0.00311634 5.40636e-09 1.08523e-08 0.155691 1.126e-07 0.00013504 0.236061 1.18684e-06 1.53727e-12 0.00044588 
5.8074e-05 0.00409328 0.00315874 1.18109e-06 0.423221 0.0120367 0.0019712 0.000432131 2.79801e-08 3.12915e-06 0.245132 0.000211201 2.65695e-06 0.309375 0.000188008 7.04569e-10 0.000116562 
3.79681e-05 0.0113751 0.0040928 1.70533e-05 0.891169 0.00595107 0.0081155 0.00115377 1.76889e-06 0.000951056 0.00077451 0.00332175 0.00113671 0.0637095 1.02441e-11 5.37916e-12 0.00819263 
0.00738429 0.100015 0.0200475 3.23969e-05 0.565825 0.052155 0.0221984 0.00135834 2.13171e-06 0.00327254 0.04257 0.0601207 0.0174765 0.106801 1.11153e-05 0.000111818 0.000618463 
0.000833336 0.0600557 0.0166237 3.54555e-06 0.357967 0.12313 0.0410393 0.000493498 2.58222e-05 0.00212638 0.274889 0.00385904 0.0110827 0.0204534 0.00876196 7.06432e-06 0.0786489 
0.0281349 0.030625 0.0296514 8.78091e-05 0.343407 0.105353 0.0251189 0.035549 1.20846e-05 0.00168507 0.298772 0.0445756 0.00500773 0.0339217 0.00752627 0.0104081 0.00016352 
0.000619755 0.0319542 0.00455111 1.12038e-05 0.683055 0.068656 0.0182675 0.00962607 2.50046e-06 0.00914547 0.0287176 0.0957775 0.0260359 0.0233335 7.19232e-05 3.0099e-05 0.000144548 
0.000895316 0.0451877 0.00893298 1.28985e-08 0.792654 0.0681673 0.0175475 6.41062e-07 2.9873e-07 0.000152392 0.00147008 0.0118667 0.0107424 0.0422372 0.000112568 4.7906e-06 2.8072e-05 
0.000184891 0.0339056 0.0327494 1.5275e-05 0.693215 0.113853 0.013198 0.00137254 6.79276e-06 0.00153213 0.027204 0.00391373 0.0248525 0.0488661 0.00480719 1.53427e-07 0.000323744 
0.000333742 0.103813 0.0601434 0.05804 0.406903 0.0381163 0.0250819 0.205477 3.73334e-06 0.000125372 0.00110595 0.00163952 0.00289762 0.000229884 0.000221185 0.000372591 0.0954959 
0.00108499 0.217347 0.102323 4.75724e-05 0.223413 0.173679 0.055252 0.0142944 3.52757e-06 0.0124901 0.0118251 0.049389 0.0129144 0.119756 0.00217475 2.19295e-08 0.00400647 
0.000139932 0.0953009 0.0919725 5.56286e-05 0.601928 0.0475002 0.0809095 0.0075138 1.11889e-07 0.0029958 0.0261595 0.0194616 0.00253779 0.0195406 0.000110134 0.000479138 0.00339459 
3.40248e-05 0.038651 0.20198 6.6494e-06 0.585727 0.0345054 0.00795657 0.0109621 4.09559e-07 0.00409885 0.00146155 0.0693473 0.0166182 0.0282233 2.04762e-06 1.55942e-06 0.000424268 
0.000934741 0.00412903 0.148831 5.33109e-06 0.485353 0.0479599 0.00703504 0.0200121 5.92142e-08 0.0175204 0.156872 0.00927587 0.000199503 0.101775 7.00925e-05 2.60242e-09 2.68526e-05 
0.0015922 0.0603938 0.0443347 0.000213506 0.358766 0.0398994 0.0156939 0.00105674 3.26488e-07 0.00952907 0.00248283 0.152921 0.28191 0.0302022 0.000232909 1.0928e-05 0.000760753 
0.000205835 0.104255 0.0367894 3.21022e-05 0.486843 0.180577 0.0406804 0.00900681 2.8133e-05 0.00869763 0.0495291 0.0265962 0.000641046 0.0384662 0.00335855 0.000721299 0.0135716 
1.83371e-05 0.0229925 0.141676 0.00467791 0.222841 0.203395 0.154322 0.0101219 3.76662e-05 0.00335721 0.0888515 0.0565609 0.018677 0.0702727 0.000194629 8.00879e-06 0.00199583 
1.61631e-11 0.253505 0.00604536 6.52252e-12 0.660768 0.020247 1.08207e-07 0.00383252 7.29586e-07 0.00200305 0.00333666 0.00635123 9.46924e-08 0.0436548 2.70668e-05 1.54804e-05 0.000213029 
0.000207429 0.0125214 0.445205 7.45081e-06 0.445516 0.0157805 0.0106462 0.00427114 2.9591e-06 0.00636741 0.00946138 0.017747 5.77053e-09 0.00244732 0.0296964 3.44264e-09 0.00012194 
0.00782725 0.0335673 0.122554 0.000154499 0.412096 0.0452897 0.0182803 0.0110248 4.70535e-05 0.00802403 0.197482 0.0122443 0.00269264 0.122305 0.000355861 9.70683e-07 0.0060543 
0.000323489 0.0458416 0.0121198 1.59751e-07 0.794519 0.0271234 0.00115275 5.85421e-06 9.68013e-11 0.000241634 0.0504408 0.0120385 0.00321757 0.0528621 5.9869e-05 8.26022e-11 5.34115e-05 
0.00126854 0.00195693 0.074116 3.39138e-05 0.346231 0.187888 0.0139847 0.0585826 5.30456e-07 0.0173032 0.0287199 0.0450408 0.00130307 0.203191 3.93449e-07 0.0203218 5.75306e-05 
5.21398e-05 0.00470743 0.00821661 1.85144e-05 0.95234 0.00905829 0.0049175 0.00106262 5.44939e-07 0.000284192 0.000874441 0.00286386 0.000306598 0.0152429 8.21569e-09 9.65654e-10 5.43381e-05 
0.00190868 0.254407 0.0382332 0.000320798 0.299855 0.0831757 0.0442294 0.0203321 0.000359478 0.00513048 0.00586181 0.0259656 0.00224195 0.217585 0.000125075 6.59072e-08 0.00026785 
0.000380854 0.0186939 0.00340754 2.5847e-06 0.745668 0.0912607 0.0184636 0.00764045 3.27318e-08 0.00178048 0.00436231 0.0858614 0.00261404 0.0198172 1.10502e-06 8.08163e-10 4.61563e-05 
0.00325512 0.0904458 0.083649 0.0021851 0.593629 0.0369677 0.0264686 0.0130841 3.41803e-05 0.017754 0.0131071 0.0688702 0.0224058 0.011886 0.0140719 0.000382606 0.00180397 
6.16557e-07 0.049218 8.40492e-08 0.000104973 0.904531 6.6429e-08 0.000505136 0.000624411 1.02237e-06 5.00914e-06 0.0412237 0.000393087 5.44109e-05 3.63871e-07 1.66142e-06 8.72409e-07 0.00333592 
9.74039e-08 0.0169765 0.000280199 3.87747e-12 0.708042 0.00687219 0.00288458 9.2252e-05 1.5304e-08 0.00217937 0.0015721 0.0021591 1.58674e-07 0.215325 2.58919e-11 1.35958e-11 0.0436161 
0.00531179 0.0891708 0.00671252 3.52657e-06 0.302116 0.191039 0.0393587 0.00247628 0.000180296 0.00145633 0.227038 0.0120092 0.0258176 0.0176992 0.010709 0.00280449 0.0660973 
2.78919e-05 0.000417429 0.0572236 5.1559e-07 0.904574 0.00378489 0.00786883 0.000296786 3.07065e-09 2.47142e-05 3.98909e-07 0.0168204 0.00895749 5.02186e-07 1.07692e-07 1.77753e-06 1.06347e-06 
0.0029207 0.0490652 0.0180168 5.90659e-08 0.799811 0.00713966 0.00331925 0.00457375 9.78093e-08 0.000773641 0.00401219 0.0675786 0.0125768 0.0073538 2.58091e-06 0.0223557 0.000500508 
0.000123696 0.00906276 0.0145723 9.55763e-06 0.852254 0.0479273 0.0041103 0.000227671 3.02938e-06 0.00116801 0.000696348 0.00927682 0.000634017 0.0594735 4.21277e-05 8.86492e-08 0.000418741 
0.00293207 0.184665 0.111163 0.000569344 0.296779 0.155382 0.0333919 0.00030285 7.37772e-05 0.0180263 0.0521202 0.01345 0.00903431 0.0181292 7.74387e-05 1.06629e-10 0.103904 
0.00769888 0.0496208 0.0718095 0.000232163 0.473545 0.0943378 0.0115045 0.00305467 1.34227e-06 0.000534081 0.148038 0.036511 0.00117667 0.0990319 2.16814e-05 0.000306535 0.00257534 
0.00208274 0.092945 0.0207569 0.000209119 0.421343 0.0465022 0.0066595 0.0060578 0.00021946 0.00139432 0.331422 0.00923127 0.0450264 0.00941788 0.00347831 0.00150566 0.00174797 
0.000396976 0.0399362 0.136764 0.00545481 0.235079 0.185443 0.0456335 0.0194386 0.000390873 0.0409493 0.0485387 0.194972 0.0293643 0.0016176 0.000140993 0.00134259 0.0145378 
0.00235008 0.364404 0.00122175 2.54802e-08 0.564274 0.00351483 0.00495016 0.000273061 2.70182e-10 0.00718748 0.00857016 0.00348263 3.19097e-08 0.0396967 5.4887e-05 1.85531e-05 6.65342e-07 
0.00025976 0.00191572 0.157338 0.000643565 0.284905 0.0237278 0.005266 0.205028 2.69195e-10 0.0155701 1.76518e-05 0.0496458 0.00789081 0.242107 0.0041429 0.0011482 0.000393447 
2.39388e-05 0.00131284 0.0322848 1.45151e-06 0.658532 0.0159794 0.000588475 0.0080323 2.88158e-10 0.00277044 0.054197 0.00171006 5.82469e-07 0.224266 0.000290695 1.02688e-07 9.90314e-06 
0.00541441 0.187686 0.000461479 0.000209864 0.223562 0.0599944 0.142118 0.00157168 0.0800914 0.00413915 0.024622 0.0240128 0.0811293 0.0878343 3.75879e-06 4.67824e-10 0.0771484 
0.00300055 0.0882557 0.0981229 4.75945e-06 0.503294 0.101772 0.0217528 0.00429061 1.74092e-07 0.00378508 0.000550521 0.116344 0.000251747 0.0579047 8.56826e-08 1.70476e-10 0.00067006 
0.000353344 0.0160599 0.0730585 7.19546e-05 0.766502 0.00695537 0.00339158 0.0119928 6.35547e-07 0.00710858 0.00719617 0.0390196 0.0101147 0.0567936 2.67165e-08 1.91835e-10 0.00138092 
9.74039e-08 0.0169765 0.000280199 3.87747e-12 0.708042 0.00687219 0.00288458 9.2252e-05 1.5304e-08 0.00217937 0.0015721 0.0021591 1.58674e-07 0.215325 2.58919e-11 1.35958e-11 0.0436161 
0.0294749 0.135561 0.183251 0.0368572 0.233014 0.0680607 0.063872 0.0112446 1.24698e-08 0.00732121 0.0468082 0.12584 0.0195133 0.0296608 0.000405634 4.70331e-06 0.00911124 
0.00455479 0.0629576 0.0127647 5.37944e-06 0.736907 0.0371217 0.0136801 0.00214972 9.41251e-07 0.000967167 0.0146041 0.0766716 0.025277 0.000508447 0.000319265 3.67333e-05 0.0114741 
5.21398e-05 0.00470743 0.00821661 1.85144e-05 0.95234 0.00905829 0.0049175 0.00106262 5.44939e-07 0.000284192 0.000874441 0.00286386 0.000306598 0.0152429 8.21569e-09 9.65654e-10 5.43381e-05 
0.0153756 0.0148471 0.0497215 0.000109649 0.632458 0.000470014 0.00400586 0.0699605 1.13249e-10 0.0513866 0.00434367 0.115943 0.000191195 0.0403179 7.73293e-05 2.91726e-06 0.000789784 
0.000173001 0.0767591 0.176312 4.83218e-05 0.393562 0.177312 0.0277396 0.00884883 1.0186e-05 0.0419264 0.0328889 0.0400165 0.00207749 0.0183924 0.00235771 1.28842e-05 0.00156285 
0.010773 0.0686481 0.0850738 0.00034617 0.317818 0.110492 0.0580878 0.01328 0.00014251 0.0122656 0.198841 0.0178796 0.00992794 0.0568101 0.00422661 1.18016e-05 0.035376 
3.84497e-07 0.275309 0.0265984 4.95284e-07 0.309882 0.161698 2.31166e-06 1.53065e-06 1.95162e-08 0.00766852 0.00328648 0.196224 0.0173241 0.00199828 4.52426e-11 1.85327e-07 6.88947e-06 
3.58346e-05 0.0174597 0.0868672 1.84002e-08 0.522513 0.0966129 0.0170157 3.67675e-06 8.95106e-09 0.000234547 0.00945345 0.172722 0.0766667 0.000396955 1.00579e-09 1.94485e-08 1.77291e-05 
0.0501616 0.0847119 0.0818879 0.00324135 0.285281 0.0853077 0.182085 0.0309357 9.62205e-05 0.053703 0.0324687 0.0461638 0.0203699 0.00296263 0.00219072 0.00118761 0.037245 
0.0659772 0.148242 0.0597738 7.38803e-05 0.155341 0.0345546 0.07282 0.14814 2.05854e-05 0.0106743 0.0092913 0.147192 0.131818 0.0143586 1.71188e-05 0.0013224 0.000384407 
0.00030753 0.0245189 0.00340092 0.00017596 0.853724 0.00172362 0.00409635 0.0169351 0.000128128 0.00766742 0.000402416 0.0488029 0.00265151 0.0127352 5.93534e-06 0.00091735 0.0218065 
3.22419e-05 0.00546722 0.00166314 2.83237e-06 0.62465 0.0110956 0.00669983 0.000429997 3.97085e-07 0.00260956 0.0683058 0.0160042 0.000253569 0.262728 5.38047e-06 1.27667e-06 5.09959e-05 
0.000388361 0.0600629 0.0708591 0.00200535 0.404026 0.0608409 0.0407048 0.0226864 9.07644e-05 0.0198205 0.0751381 0.033005 0.00788413 0.134924 0.0655281 0.000305012 0.00173128 
9.3958e-08 0.000256016 0.00613615 9.97049e-06 0.535634 3.96628e-08 0.00137937 0.00207864 9.2102e-11 0.0150761 0.0335984 0.0539731 2.1608e-08 0.351724 2.2803e-05 0.000111455 4.41784e-11 
0.00485921 0.0146974 0.0269303 3.04958e-07 0.73229 0.0364815 0.016706 0.000823732 2.89448e-08 0.00618425 0.0115198 0.0320127 0.0366586 0.0804627 0.000331631 2.24607e-06 3.96791e-05 
0.00651699 0.191403 0.0719292 0.0129325 0.341157 0.115766 0.0697856 0.0228771 7.00109e-06 0.0028056 0.0689051 0.0365004 0.00959959 0.00542151 0.0207587 1.43331e-05 0.023621 
0.00115166 0.185568 0.0702069 5.17385e-05 0.344601 0.218666 0.0369886 0.00122106 0.00142284 0.0154773 0.0265783 0.0548422 0.0308771 0.0117577 0.000397483 6.98087e-05 0.000123014 
0.000361291 0.0467314 0.0146201 1.58301e-05 0.38492 0.0556642 0.0186983 0.00351378 3.90358e-09 0.0056615 0.276944 0.0382547 0.12532 0.0268167 0.00172046 2.3374e-05 0.000733909 
0.000249464 0.0206891 0.108167 1.92158e-07 0.686404 0.0182725 0.00110526 1.48556e-05 3.07677e-08 0.000685706 0.117397 0.0236712 2.73889e-07 0.0225218 1.30391e-05 8.48328e-08 0.000808047 
0.00495511 0.0530867 0.0290999 1.44499e-05 0.620018 0.09162 0.023125 0.0148517 4.4148e-06 0.0204371 0.0332113 0.0255584 0.0414257 0.0217444 0.0206426 1.51046e-06 0.000203405 
0.000536385 0.0484979 0.063794 0.0027998 0.584789 0.0212563 0.0344635 0.0275662 3.56228e-06 0.0014816 0.07132 0.00838093 0.00558727 0.0477608 9.69838e-05 0.00104427 0.0806218 
0.000799718 0.012102 0.00653839 6.47872e-05 0.83172 0.0194069 0.0321398 0.000434445 2.22959e-06 0.00121104 0.0275975 0.0483646 0.00286313 0.00839958 0.0031372 0.000301766 0.00491706 
0.000128726 0.25739 0.061933 1.42137e-08 0.274869 0.0286032 0.0348456 0.000135311 8.87498e-08 0.0192572 0.107682 0.038838 0.00032752 0.174082 0.000160176 1.06606e-07 0.00174907 
0.000217691 0.00359652 0.0592744 2.76606e-08 0.822957 0.00250599 0.00600902 0.00493708 1.12326e-07 0.000567317 0.00385223 0.0124184 0.000412476 0.0832498 1.03744e-10 5.44756e-11 2.2585e-06 
0.000312308 0.18295 0.0320384 0.000209897 0.40641 0.0707206 0.0545533 0.0189385 6.63761e-07 0.0665943 0.106574 0.0250528 0.00364763 0.0277858 0.00240462 2.2811e-05 0.00178395 
0.00275103 0.0900871 0.0681729 0.000173704 0.353772 0.0848634 0.0318987 0.00960381 3.77094e-05 0.0113874 0.110037 0.0222637 0.00782103 0.200641 0.00050452 0.00202201 0.00396285 
0.0012196 0.0412693 0.0214564 6.43725e-06 0.583784 0.0301644 0.00760316 0.000665173 1.76468e-05 0.0036438 0.0504836 0.00417543 0.026717 0.228053 0.00019573 1.52713e-09 0.000545215 
1.32252e-05 0.00533874 0.2693 1.79536e-05 0.544826 0.0218268 0.00362997 0.00661184 7.27394e-08 0.000524685 0.0854425 0.000509306 8.55564e-09 0.0592371 0.0021446 1.91199e-11 0.000576537 
0.00118569 0.115456 0.0270237 2.02618e-05 0.624981 0.0769086 0.0323084 0.00194242 1.04123e-06 0.00170597 0.00155948 0.0809872 0.0156451 0.00219446 1.48979e-06 0.00346413 0.014615 
0.000355962 0.127139 0.178595 1.9946e-05 0.261502 0.172918 0.0451896 0.0180274 0.00128605 0.105392 0.000229783 0.0818481 0.00592299 0.00141603 1.04853e-05 1.40835e-06 0.000145674 
0.00216421 0.0478509 0.0674096 9.17331e-06 0.636335 0.0420162 0.0677354 0.0187936 8.29413e-06 0.0156558 0.0163009 0.0630123 0.00887202 0.0123896 2.69459e-05 2.66036e-09 0.00141954 
0.0324809 0.232621 0.0723897 5.99971e-05 0.430871 0.134406 0.0247604 0.00554225 1.39664e-05 0.0254728 0.0204982 0.00563076 0.00899139 0.00512828 2.54842e-05 3.562e-05 0.00107121 
2.12937e-08 0.00377102 0.310597 1.23491e-08 0.615963 0.00949081 0.00699441 0.00110128 3.53579e-07 0.00331082 0.00750009 0.0149113 5.05257e-05 0.0262888 1.07368e-09 1.65337e-06 1.90307e-05 
0.0198215 0.276787 0.0517374 0.0126357 0.373199 0.116269 0.0232471 0.00154044 6.43397e-05 0.00342628 0.0355234 0.044119 0.0185324 0.0169446 0.000433927 0.000289011 0.00542965 
0.00124568 0.0488955 0.0571876 0.000226242 0.487322 0.023925 0.0107575 0.0142879 1.14214e-05 0.0163409 0.166479 0.0134896 0.00115291 0.145432 0.00413185 0.0016381 0.00747703 
0.00272733 0.248368 0.0256136 1.6774e-05 0.389166 0.0253856 0.0053055 0.00637361 1.05322e-05 0.0180165 0.0194891 0.00734775 0.0190921 0.23052 5.85764e-05 3.1017e-05 0.00247842 
0.00037247 0.0288603 0.108415 7.52744e-07 0.522507 0.0717841 0.00504566 0.00437926 0.000102546 0.0768448 0.150452 0.00920059 0.000138849 1.9029e-05 4.25065e-05 2.71986e-08 0.0218348 
0.00235427 0.112588 0.00752744 2.25303e-06 0.836878 0.0131586 0.00362836 6.59471e-10 2.33312e-06 0.00665044 2.51192e-06 0.0117237 0.000175028 0.00514787 5.65718e-07 0.000160818 1.27384e-09 
0.0628549 0.199189 0.0612076 0.000184702 0.28464 0.0721278 0.00992441 0.0169708 7.23183e-05 0.0116512 0.182754 0.0120623 0.0085976 0.0762278 3.12963e-05 5.35593e-05 0.00145145 
0.000490266 0.0397125 1.31432e-06 1.16625e-08 0.549587 0.0147581 1.19441e-07 0.00311634 5.40636e-09 1.08523e-08 0.155691 1.126e-07 0.00013504 0.236061 1.18684e-06 1.53727e-12 0.00044588 
0.00113992 0.075952 0.0261028 7.51271e-05 0.710856 0.118508 0.00558341 0.0105909 5.67274e-08 1.97981e-05 0.0405123 0.00132873 2.51575e-07 0.00809765 0.000918406 2.69399e-11 0.000315031 
0.0103114 0.209307 0.113125 1.2283e-07 0.25846 0.102805 0.0867284 0.00275445 3.57362e-06 0.0020725 0.00896258 0.17959 0.00174987 0.00648636 4.44726e-08 0.00763225 0.0100102 
3.04347e-10 8.32887e-05 0.00234789 9.42519e-09 0.928691 1.82848e-06 0.00103935 4.95873e-05 5.04669e-10 0.000348818 0.0585271 0.00200455 0.0042365 0.00099752 0.00167061 1.54331e-06 2.42073e-10 
0.0068931 0.181717 0.068353 5.68287e-05 0.226849 0.183926 0.0606132 0.00635208 3.24465e-05 0.0415024 0.0890857 0.113223 0.00677721 0.00652982 0.000283343 9.7032e-07 0.00780453 
1.96933e-07 0.056825 3.39724e-07 3.47023e-12 0.445617 0.10265 0.328441 7.83977e-07 9.99591e-09 1.06125e-06 0.00185703 0.0558079 0.00555922 0.0032403 2.31725e-11 9.49215e-08 4.99376e-08 
0.0106171 0.0597176 0.055028 4.59117e-05 0.53581 0.11451 0.0199717 0.00608041 1.88747e-05 0.00910281 0.0863043 0.0234547 0.0084259 0.043664 0.0241867 0.000103991 0.00295711 
0.00106687 0.126024 0.133324 0.000875415 0.334917 0.0782036 0.0331197 0.0102959 0.000231191 0.00268257 0.00455145 0.22742 0.000180481 0.0438279 1.41606e-05 0.000136364 0.00312961 
0.0143758 0.18103 0.0961414 5.1106e-05 0.26699 0.0842178 0.0440378 0.00945365 6.8338e-07 0.00145188 0.0427047 0.0772691 0.174854 0.0067691 1.9872e-05 1.2229e-06 0.000632095 
0.000280266 0.0161509 0.0031828 5.59085e-05 0.913808 0.000180524 0.00188754 0.0018381 3.6302e-08 0.000731035 4.26422e-05 0.0373168 0.0116472 0.0110359 4.23261e-10 7.98571e-07 0.00184197 
0.00490236 0.0226174 0.252698 0.0114659 0.486947 0.0356981 0.0253496 0.0376758 1.45424e-06 0.0022182 0.00430186 0.0896082 0.0079713 0.0168498 6.29776e-05 0.000770694 0.000862077 
1.18513e-09 7.22055e-06 0.368526 4.78251e-10 0.542192 0.0079662 0.00268667 0.0473756 1.96518e-09 1.19485e-06 1.49732e-06 0.0258474 0.00538763 6.70408e-06 3.19354e-09 1.67692e-09 1.46094e-06 
0.000113318 0.00372308 0.0446268 1.59415e-05 0.714335 0.0445877 0.00612619 0.0446998 1.778e-06 0.00336886 0.0802757 0.0260248 0.00278658 0.02861 0.0003282 0.000234359 0.000142359 
3.65567e-10 0.0804907 0.0430159 1.47523e-10 0.719421 1.68186e-06 5.36941e-11 1.50531e-10 6.06184e-10 0.0611172 1.16742e-06 0.0687577 5.30203e-06 0.0271896 9.85087e-10 5.17267e-10 2.90767e-10 
0.00793114 0.0961211 0.0499451 3.25105e-05 0.478851 0.0617509 0.0334921 0.010557 4.21725e-08 0.0229011 0.00867828 0.0120266 0.132802 0.080922 1.14888e-06 6.17497e-08 0.00398771 
0.00796977 0.0473961 0.0973728 9.47098e-05 0.374565 0.236517 0.0107295 0.0521334 3.72581e-05 0.00299908 0.0381377 0.0326093 0.0772608 0.00460451 1.33387e-08 4.22725e-08 0.0175729 
3.65663e-07 0.00711701 0.100496 3.87079e-11 0.776868 0.0926255 1.64574e-06 0.000338737 1.59054e-10 5.62033e-07 0.00274115 0.00961065 2.8706e-07 0.0100414 0.000158356 1.35724e-10 7.08366e-08 
0.00015575 0.0371702 0.0488751 0.000226176 0.522225 0.00208231 0.00474903 0.013245 1.23738e-05 0.00339031 0.0103162 0.038662 0.000662078 0.317862 0.000218542 2.86908e-05 0.000119068 
2.92632e-07 0.00978204 0.0443074 1.26519e-05 0.699491 0.132542 0.0137812 0.00198631 6.07871e-08 0.00252142 0.00143888 0.0602006 0.00629887 0.0189723 0.000192203 1.7833e-10 0.00847262 
0.00295265 0.0668695 0.0872827 0.0045752 0.399636 0.0504906 0.0646906 0.00795864 3.06868e-05 0.00151348 0.0159121 0.0383385 0.00835357 0.25091 3.66133e-05 0.000303526 0.000145874 
0.00267322 0.0375443 0.141282 1.0506e-05 0.723513 0.0200339 0.00528692 0.000328645 2.06176e-06 0.00563832 0.00107167 0.0131784 0.000184022 0.0230214 1.24621e-06 0.0259951 0.000235759 
0.0027422 0.0572631 0.248086 0.000788648 0.278746 0.0814223 0.0449957 0.0857494 7.86184e-05 0.0478706 0.00484915 0.110901 0.0207417 0.00997264 0.000124071 4.57926e-05 0.00562288 
0.000177515 0.112127 0.00935846 9.29262e-05 0.654049 0.0895625 0.00539867 0.0650883 0.000745311 7.08889e-05 0.00142358 0.00983468 2.9721e-07 0.0453671 5.30356e-08 0.00602371 0.000680729 
0.00145036 0.0438785 0.244314 0.000192723 0.258039 0.059873 0.044278 0.0191251 6.05611e-06 0.106192 0.0205148 0.172558 0.00643821 0.0217951 7.70109e-05 0.000312384 0.000955653 
0.000241198 0.0316936 0.0452695 4.31383e-05 0.310348 0.0364084 0.0202754 0.00534671 3.48484e-06 0.000292183 0.300486 0.0212142 0.00330645 0.223958 0.000447432 4.8626e-05 0.000618329 
0.000563723 0.0310227 0.0300462 1.91118e-05 0.653047 0.0300935 0.0137408 0.00316912 1.0652e-05 0.0025286 0.124015 0.0321783 0.005093 0.062814 0.000144051 1.84635e-07 0.0115145 
9.74039e-08 0.0169765 0.000280199 3.87747e-12 0.708042 0.00687219 0.00288458 9.2252e-05 1.5304e-08 0.00217937 0.0015721 0.0021591 1.58674e-07 0.215325 2.58919e-11 1.35958e-11 0.0436161 
0.00016355 0.0604684 0.0825616 3.74455e-08 0.478579 0.0241328 0.0824787 0.0064541 0.000180291 0.0297195 0.0455227 0.0128957 0.000836097 0.155676 6.55178e-05 0.000168794 0.0200975 
0.00520922 0.123339 0.03179 2.19303e-05 0.351534 0.183575 0.190404 0.00777863 6.51589e-05 0.00028367 0.0863345 0.00721707 0.000489924 0.00753549 0.000199481 1.59198e-08 0.00422236 
0.00412671 0.250631 0.0639235 0.000304302 0.378962 0.0691307 0.0358291 0.0289481 0.000173846 0.0161403 0.0161599 0.045409 0.00901628 0.0733603 0.000414971 0.0031672 0.00430317 
0.000248458 0.0121495 0.0548957 7.59146e-06 0.769616 0.034358 0.0104626 0.00381477 7.24137e-06 0.00689883 0.0163231 0.00370319 0.000430275 0.0798901 0.00695979 1.03357e-06 0.000234028 
9.78386e-08 0.00611199 0.104791 1.57636e-06 0.74952 0.0401289 0.00139008 0.0137038 2.79362e-07 0.0282508 0.00460168 0.0200785 0.00385715 0.0275521 2.25529e-06 3.21737e-10 1.00432e-05 
5.21398e-05 0.00470743 0.00821661 1.85144e-05 0.95234 0.00905829 0.0049175 0.00106262 5.44939e-07 0.000284192 0.000874441 0.00286386 0.000306598 0.0152429 8.21569e-09 9.65654e-10 5.43381e-05 
0.000115187 0.0209101 1.39001e-07 4.05547e-08 0.95459 5.67766e-07 0.0027398 1.39045e-07 2.51086e-10 4.75378e-08 0.011033 0.00366673 0.000227498 0.0036332 0.00307068 2.14256e-10 1.26597e-05 
1.3679e-10 0.302611 0.0202757 0.000475187 0.52274 0.0313651 0.0312563 0.00403323 0.00846811 0.029134 0.000613442 0.047121 8.14224e-06 1.47817e-06 3.68604e-10 1.93553e-10 0.00189719 
0.000376406 0.0913814 0.0847982 0.0155801 0.40553 0.191897 0.0545673 0.00591484 2.68878e-08 0.000510614 0.00943782 0.099375 0.0376333 0.00287988 1.03105e-05 3.53123e-08 0.000108138 
1.34789e-05 0.0143417 0.074238 0.000176824 0.386899 0.223452 0.0257782 0.0832264 6.70604e-05 0.0575729 0.00345453 0.0355753 0.0106065 0.00160951 0.0824321 5.72336e-11 0.000555945 
4.39857e-07 0.318954 0.0328915 5.76622e-08 0.421933 0.0586862 0.0184924 6.10551e-05 2.19582e-06 0.00877339 0.014493 0.0124528 0.0115481 0.0996372 0.00108905 1.99624e-06 0.000983756 
5.7118e-05 0.00161326 0.00269901 1.64765e-09 0.97531 0.00603193 0.0021179 0.000135194 9.85364e-10 0.000177458 0.000753138 0.00111438 4.74342e-06 0.0099795 1.37758e-08 1.70311e-09 6.69731e-06 
1.4403e-06 0.00857861 0.00554159 5.02038e-07 0.771669 5.13578e-06 0.027902 3.21922e-06 2.76795e-06 1.40249e-05 0.0311174 0.121759 0.0276178 0.00574576 1.94226e-06 3.53581e-05 3.61692e-06 
0.000378304 0.0123342 0.0579321 9.57191e-05 0.578701 0.0580828 0.039874 0.0385328 0.00228679 0.00924371 0.00652269 0.159757 0.0150541 0.0178955 0.000844459 8.09414e-07 0.00246495 
0.000770276 0.0526055 0.226234 0.00377779 0.324855 0.0565024 0.0557144 0.0252257 2.17701e-06 0.033538 0.0250416 0.0685021 0.101834 0.0190265 0.000415185 0.000298902 0.00565657 
5.57476e-05 0.125626 0.185099 7.22495e-05 0.368258 0.193346 0.00816749 0.00063224 4.73503e-06 0.000271863 0.0377583 0.00292751 0.000557659 0.0771008 4.52745e-05 1.33697e-08 7.57585e-05 
0.000162817 0.380204 0.0199389 5.83577e-06 0.380394 0.00507055 0.0152571 2.20271e-07 2.49771e-06 0.0248857 0.00126384 0.00643599 0.00349241 0.154327 0.00468434 0.00369846 0.000175918 
0.0148861 0.103181 0.042405 6.75739e-05 0.661559 0.0553461 0.0579778 0.00565763 2.90515e-07 0.000108517 0.00302855 0.00123128 2.77948e-07 0.0221902 0.0316112 1.74349e-08 0.000750238 
9.74039e-08 0.0169765 0.000280199 3.87747e-12 0.708042 0.00687219 0.00288458 9.2252e-05 1.5304e-08 0.00217937 0.0015721 0.0021591 1.58674e-07 0.215325 2.58919e-11 1.35958e-11 0.0436161 
0.000575846 0.174535 0.0725216 6.95282e-05 0.31575 0.0940485 0.0387554 0.0171944 0.00105877 0.0101513 0.0680104 0.050951 0.000129757 0.148619 0.000679786 6.16059e-05 0.0068888 
0.0148811 0.106048 0.0242576 6.74731e-05 0.556452 0.162699 0.104839 0.0027334 2.73649e-07 0.00036686 0.0108544 0.0113233 0.000119723 0.0048972 0.00018435 1.11989e-05 0.000265381 
0.00189184 0.250346 0.040706 0.000356105 0.345608 0.0375723 0.0422413 0.0269636 0.000631537 0.00695976 0.00196454 0.15003 0.0447392 0.00303717 0.0185742 4.64522e-07 0.0283789 
0.000736718 0.222232 0.148264 1.178e-05 0.402078 0.113017 0.0621986 0.00501752 0.000427197 0.00614997 0.00027314 0.0294009 0.00537323 0.0033597 9.89293e-06 1.06398e-07 0.00145074 
0.00437062 0.122617 0.0154998 0.000211005 0.281593 0.0354166 0.137946 0.0114298 0.000240918 0.0110759 0.152636 0.056873 0.069121 0.0488151 0.032904 0.0175878 0.00166199 
0.0012626 0.245288 0.026384 5.99431e-06 0.354274 0.0656797 0.01176 0.00184191 3.75151e-06 0.00502989 0.0660564 0.0401077 0.0107482 0.171034 6.95774e-05 0.000335276 0.000119581 
0.000683737 0.0318383 0.0193872 5.22819e-10 0.567706 0.122108 0.0917541 1.1616e-06 1.97511e-07 0.121585 0.000255018 0.0208186 0.0205872 0.00263588 3.49828e-07 1.45549e-06 0.000637624 
0.000163286 0.160381 0.108497 5.87712e-05 0.190678 0.160865 0.167647 0.00459341 0.00100384 0.00262878 0.167473 0.0151716 0.00166464 0.0127817 1.93059e-05 0.00173696 0.00463676 
0.00463235 0.216096 0.0977598 0.000165 0.248958 0.175204 0.0921183 0.00113376 2.3754e-05 0.00266272 0.0807281 0.0280224 0.00971225 0.0325173 0.00423115 8.90072e-08 0.00603493 
0.00382171 0.0970525 0.000871569 0.000555586 0.407994 0.0630233 0.00694723 0.00312936 0.000821508 0.00113947 0.379583 0.00658061 0.000683343 0.0236042 0.000122605 1.24761e-08 0.00406953 
0.000278562 0.00739875 0.139737 0.00275187 0.344427 0.0354881 0.0291456 0.0559366 2.25166e-05 0.0107059 0.112485 0.0476637 0.00155044 0.188385 0.0021475 0.0152471 0.0066295 
0.00174317 0.0360997 0.0187824 7.58204e-05 0.687942 0.0714679 0.0220125 0.0332945 8.08055e-05 0.00465737 0.014437 0.0481957 0.0157047 0.0363486 0.000817799 3.62636e-05 0.00830357 
0.000378968 0.107385 0.0691968 4.66243e-05 0.718278 0.0322686 0.0141711 0.00767117 1.03015e-06 0.00494617 0.00705279 0.0161295 0.0071136 0.0143869 4.43854e-05 9.83868e-06 0.000918768 
0.00300728 0.109695 0.153785 8.68556e-06 0.305311 0.0199362 0.0102842 0.00144919 9.7279e-07 0.00376815 0.000236517 0.118927 0.244212 0.00906988 2.28803e-06 0.0060536 0.0142525 
0.0103782 0.170986 0.0556376 0.000135406 0.415111 0.0738527 0.0278178 0.00430596 0.000264388 0.0130048 0.0917162 0.0275055 0.0082048 0.076994 0.000617196 1.27822e-05 0.0234557 
0.0105699 0.0320329 0.0903888 2.94204e-05 0.298572 0.181893 0.0134288 0.00528641 2.36233e-05 0.00175569 0.00423818 0.0111399 0.0348329 0.0923842 0.22228 1.19842e-05 0.00113136 
5.23199e-05 0.207152 0.0942631 6.20496e-05 0.461613 0.0670498 0.0340754 0.0206728 0.000292601 0.00126041 0.000228908 0.0314304 0.0490366 0.0316524 0.000296495 8.11349e-06 0.000852756 
1.0592e-05 0.0379348 0.120016 3.19488e-07 0.610876 0.0795153 0.00820617 0.00954613 1.01622e-07 0.0100181 0.0679151 0.0230661 0.0179642 0.0132631 0.000796415 2.25779e-10 0.0008712 
0.00207794 0.0440517 0.104037 0.000397024 0.425491 0.0595578 0.0434248 0.0263971 0.000142613 0.113148 0.0863312 0.0544869 0.0104751 0.0217174 0.00177496 0.00314941 0.00333922 
5.21417e-05 0.00393391 0.00842119 1.85152e-05 0.961331 0.00619918 0.002627 0.000724706 5.45213e-07 0.000191671 0.000728045 0.00262178 0.000208275 0.0128873 8.92049e-09 1.04228e-09 5.43404e-05 
0.00108269 0.0388735 0.0659708 7.63029e-07 0.391686 0.0321547 0.0206487 0.00392575 6.61391e-10 0.0191153 0.0509556 0.00301535 0.000909593 0.368274 0.00297474 1.40934e-09 0.000412226 
2.56262e-05 0.030403 0.0399511 1.33417e-05 0.837325 0.0248898 0.00843268 0.00960335 4.21302e-07 0.000577784 0.0103947 0.00505814 0.000255166 0.0319381 0.000897126 2.9781e-05 0.000204499 
0.00277124 0.114063 0.153054 6.02053e-05 0.314319 0.100511 0.168627 0.00221279 0.000276452 0.0268837 0.0210595 0.0874185 0.000884191 0.00773741 3.91192e-06 3.34107e-06 0.000114464 
0.000154681 0.0717074 0.0757754 6.95968e-05 0.352597 0.161373 0.0603609 0.00254331 7.58821e-07 0.0177551 0.00101092 0.221786 0.0115245 0.00113079 0.000105348 1.78687e-09 0.0221057 
0.00462544 0.109034 0.0728611 0.00024619 0.418021 0.100722 0.0140463 0.000755392 1.6152e-06 0.00380172 0.089332 0.00798952 0.00358768 0.173183 0.00107098 4.28155e-09 0.000721757 
0.000683737 0.0318383 0.0193872 5.22819e-10 0.567706 0.122108 0.0917541 1.1616e-06 1.97511e-07 0.121585 0.000255018 0.0208186 0.0205872 0.00263588 3.49828e-07 1.45549e-06 0.000637624 
0.00219156 0.0672412 0.00333425 4.07956e-08 0.904228 0.000983358 0.00538969 0.000714912 1.67633e-07 6.71941e-05 0.00712254 0.000792351 8.39187e-05 0.00633088 4.17462e-05 0.00147235 6.10524e-06 
0.00480062 0.0433349 0.0320906 0.000279523 0.671723 0.0548093 0.0295395 0.00909382 9.86334e-05 0.0086026 0.0735676 0.0226661 0.00903527 0.0321809 0.00191559 0.00237189 0.00389006 
0.00411162 0.0696255 0.041122 3.71122e-05 0.626861 0.028949 0.0291822 0.000592137 4.68274e-05 0.00448693 0.0275155 0.0918147 0.00789576 0.061714 5.95224e-05 0.00574777 0.000238638 
0.000299902 0.0717485 0.170069 6.44895e-08 0.376966 0.123926 0.0251589 0.00248519 7.05995e-10 0.0225259 0.000987013 0.15624 0.00159311 0.0473598 8.17784e-05 0.000554834 3.14456e-06 
0.00414485 0.151217 0.0391108 0.000126336 0.454689 0.0134944 0.00236423 0.0088069 1.29105e-06 0.00088051 0.15968 0.00247459 0.00536494 0.10109 0.0137464 3.74122e-07 0.042809 
0.000152846 0.322191 0.00988622 0.000343176 0.501032 0.0218347 0.028017 0.000131122 4.06331e-07 0.0075691 0.0218528 0.0310109 0.00722524 0.03497 8.91321e-06 0.0116897 0.00208566 
0.00502302 0.0208912 0.023565 4.61892e-05 0.622091 0.0640201 0.0202321 0.0144411 5.90762e-05 0.00270013 0.00722592 0.00759876 0.00261281 0.194845 0.00121586 0.000166927 0.013266 
0.032538 0.0719062 0.0260958 3.51792e-05 0.333588 0.0905952 0.02742 0.00198913 6.79911e-06 0.00627964 0.162651 0.0186738 0.00790472 0.0133438 0.206107 2.42286e-06 0.000863489 
0.000577494 0.279998 0.0534759 3.30463e-05 0.353495 0.0621559 0.0129648 0.00177212 1.50169e-05 0.00115988 0.0251328 0.00301353 0.000864199 0.194803 2.00792e-06 0.010233 0.000304112 
0.000421191 0.0824716 0.0670664 0.00051004 0.467233 0.129786 0.0300194 0.00217319 1.40172e-05 0.0259503 0.0983121 0.0255118 0.00411073 0.0320596 0.0309996 0.000896388 0.00246515 
0.00042161 0.0303757 0.137277 1.56035e-05 0.591355 0.158037 0.0428164 0.00392571 1.05372e-06 0.000512632 0.00564549 0.0184777 0.000640876 0.0064658 1.21875e-05 1.70818e-07 0.0040196 
0.0363073 0.07223 0.141025 0.000481173 0.196769 0.112948 0.0883419 0.00125892 0.000745087 0.00477648 0.0152521 0.110337 0.0708241 0.0672557 0.000249001 7.18251e-08 0.0811992 
0.00169736 0.0560364 0.0869384 0.00180515 0.522382 0.0779624 0.0372157 0.00992372 1.67039e-06 0.00247255 0.00341356 0.0853803 0.101292 0.0106774 0.00104367 0.000782553 0.000975071 
0.000224205 0.0252295 0.122478 2.22838e-05 0.441184 0.057045 0.0158109 0.00640982 1.00052e-06 0.00823652 0.000529612 0.085821 0.215565 0.0137511 0.000286448 0.00694569 0.000459828 
0.00146656 0.013352 0.100816 0.00343775 0.670691 0.0315863 0.00618603 0.00335489 8.84965e-07 0.0177243 0.000239048 0.13062 0.0120068 0.00800543 5.53214e-05 0.00042845 2.90158e-05 
0.000269994 0.121205 0.00701759 9.18906e-05 0.640699 0.0901339 0.00581548 0.053845 8.40295e-05 0.000101761 0.00126174 0.0132011 4.67773e-05 0.0563995 1.58525e-08 0.00451571 0.00531075 
1.34134e-05 0.00302135 0.0141472 2.77087e-07 0.404211 0.284047 0.0550291 0.00208365 5.35992e-07 0.000318458 0.220532 0.010559 0.00110112 0.000548398 3.89958e-09 0.000603966 0.00378283 
0.00331267 0.0836909 0.0724377 0.00229366 0.579247 0.0911266 0.0159236 0.00471409 6.13214e-05 0.00761855 0.0599057 0.0394057 0.0033172 0.0189294 0.0115354 1.10271e-05 0.00646994 
0.000140143 0.0551075 0.1711 9.32696e-05 0.314144 0.250733 0.0993564 0.0100733 5.82904e-08 0.00395097 0.0356671 0.0143264 0.0337248 0.000387006 0.00444403 9.6161e-07 0.00675187 
1.28079e-05 0.355956 0.020013 5.96909e-05 0.450628 0.0231415 0.00766012 1.94016e-06 4.02965e-06 0.0048741 0.000820026 0.00738507 0.000464432 0.126699 0.000164837 0.00188407 0.000232327 
0.0148861 0.103181 0.042405 6.75739e-05 0.661559 0.0553461 0.0579778 0.00565763 2.90515e-07 0.000108517 0.00302855 0.00123128 2.77948e-07 0.0221902 0.0316112 1.74349e-08 0.000750238 
3.14364e-05 0.457105 0.0189701 3.27924e-05 0.461529 0.0218255 0.00608615 0.000662237 1.9321e-07 0.000948771 0.00136466 0.0143229 0.0144633 0.000481192 0.000508343 8.0419e-10 0.00166827 
0.00464629 0.0671073 0.0515073 0.00101112 0.519417 0.0755941 0.0316429 0.00614218 3.12482e-05 0.00927598 0.040205 0.0407067 0.00572171 0.134242 0.000229988 0.00101538 0.0115043 
0.0947709 0.0676471 0.00107153 1.78959e-05 0.395684 0.00543726 0.012546 0.0243824 4.51004e-08 9.26454e-05 0.0371855 0.00396679 0.000529969 0.356649 1.47783e-05 1.55771e-07 4.0067e-06 
9.8273e-05 0.0673916 0.0616882 2.28447e-05 0.387245 0.0844317 0.0183644 0.00999013 5.32682e-06 0.00732594 0.0713166 0.0233449 0.00125339 0.262062 0.000198625 4.55405e-06 0.00525693 
5.27588e-05 0.174372 0.183537 1.76491e-06 0.295076 3.13198e-05 0.241436 2.76379e-06 1.06624e-05 0.0281683 5.20848e-06 0.00904753 0.0682537 2.98989e-06 1.86721e-07 3.37977e-11 1.76877e-06 
0.00115987 0.218349 0.0576211 5.46823e-05 0.427692 0.0811181 0.0154212 6.01205e-05 2.08502e-08 0.00244754 0.000881926 0.0482799 0.00295684 0.0355033 6.79436e-08 0.068475 0.0399797 
0.000131517 0.0691886 0.176052 3.9978e-05 0.427903 0.00988515 0.161317 0.0082407 4.87154e-06 0.0305182 0.0191603 0.0511586 0.000680032 0.0370853 0.00454566 0.00400999 7.93348e-05 
