5.70871e-05 0.0115244 0.00760745 1.3695e-06 0.039791 0.830461 0.0517176 3.34342e-05 8.99544e-06 0.000520535 0.000341764 0.0542808 5.76016e-05 0.00323054 0.000139029 1.40045e-05 0.000213268 
0.00164546 0.0949235 0.0484873 0.000166012 0.11556 0.503535 0.0568805 0.000545787 1.7075e-05 0.00214822 0.110574 0.0379222 0.00357735 0.0235742 4.53252e-05 1.5452e-06 0.000396249 
0.000185575 0.173556 0.108868 0.00704111 0.0297396 0.272013 0.105566 0.165249 3.42868e-06 0.0057157 0.043722 0.0127044 0.0167251 0.00453254 0.000935526 1.41551e-05 0.0534297 
0.0214077 0.20867 0.0749434 0.000493133 0.0926594 0.377426 0.0285494 0.0331338 0.000148 0.0077969 0.00407677 0.125935 0.0131204 0.00963471 8.33224e-06 0.0014184 0.000578161 
0.000913297 0.0741891 0.131859 0.000107052 0.0461847 0.52251 0.0444664 0.0426483 3.92687e-05 0.055457 0.0305185 0.0189188 0.0154612 0.00265538 0.00813959 3.89251e-05 0.00589325 
0.00168262 0.143907 0.144847 0.00501871 0.0964647 0.32634 0.0880398 0.0241088 3.35987e-05 0.0336007 0.0134848 0.0469529 0.00229077 0.0005457 0.00114105 4.20316e-07 0.0715421 
6.32548e-06 0.0811193 0.139969 8.34667e-05 0.17162 0.291682 0.0848507 0.0191498 1.26777e-10 0.000202447 0.00258576 0.150618 6.62277e-08 0.0574461 0.000134134 2.24056e-06 0.000529516 
4.76433e-05 0.00946538 0.123885 0.000784368 0.0230474 0.599392 0.106605 0.0833698 4.6045e-06 0.00462654 0.0209764 0.00736553 0.00281937 0.012964 0.00217647 0.0002696 0.00220066 
0.00530512 0.029821 0.099165 3.37468e-05 0.0489762 0.340288 0.323182 0.0865032 1.584e-05 0.00183996 0.0103583 0.0366527 0.00940142 0.00558726 3.86663e-05 1.00635e-06 0.00283052 
5.2255e-05 0.0440961 0.0679591 0.000526971 0.0313152 0.454296 0.247198 0.0300283 5.94347e-06 0.0713642 0.0102379 0.0322676 0.000957942 0.0041027 0.00198443 0.000556799 0.00305111 
0.000315291 0.0918296 0.0185828 0.000112621 0.0771853 0.303377 0.0841918 0.00523508 7.13116e-07 0.0704591 0.0264139 0.110599 0.199639 0.00290552 0.000264301 5.37852e-06 0.00888356 
0.00175551 0.0327192 0.296825 4.13172e-05 0.0698655 0.453262 0.0420894 0.0215338 8.85988e-06 0.0124332 0.00712715 0.0463693 0.00998818 0.00420114 2.75653e-05 0.000240096 0.00151259 
0.00248377 0.0216992 0.00247858 5.55234e-05 0.00298815 0.779839 0.167826 9.29335e-05 6.19427e-05 8.40476e-05 0.0204109 0.00136386 0.000240516 0.000289015 2.13454e-09 1.12084e-09 8.62728e-05 
5.69936e-05 0.0141188 0.0241595 5.33529e-06 0.0161865 0.830998 0.0886326 0.00395855 7.71383e-07 0.00108748 0.0061578 0.00600368 0.000666197 0.00373768 0.00401603 6.74374e-08 0.000214345 
0.00331173 0.00751811 0.0579802 0.000940681 0.0662488 0.403078 0.033419 0.0155618 6.23757e-05 0.0109363 0.0248246 0.318058 0.0413519 0.0144526 7.20757e-05 0.000921626 0.00126265 
0.00202554 0.0631974 0.201546 0.000131008 0.0326743 0.280249 0.0885699 0.0831419 0.000511822 0.0419293 0.00591592 0.103687 0.0108006 0.0854097 3.23974e-05 6.15025e-08 0.000178259 
0.00016014 0.0695277 0.121337 0.000215494 0.0586059 0.575455 0.0948105 6.73816e-05 0.0420186 0.000993654 0.0047766 0.0198769 0.00286659 0.00292724 0.00127178 1.05985e-05 0.00507923 
1.58441e-05 0.0266122 0.118737 9.29212e-05 0.0449082 0.396975 0.163399 0.049257 9.51505e-06 0.0129954 0.0357152 0.0992599 0.000124263 0.0376281 5.0249e-09 3.3085e-05 0.014238 
1.72673e-05 0.117783 0.17572 5.54995e-05 0.132667 0.331895 0.098597 0.0174635 0.000596088 0.00670769 0.0179143 0.0468326 0.00101389 0.050593 3.86931e-06 2.68929e-05 0.00211216 
0.00018128 0.206264 0.0446935 7.34625e-06 0.207825 0.390834 0.0827148 0.00131327 1.71152e-05 0.0022505 0.0199994 0.00719907 0.00543674 0.0194101 0.00270784 1.13927e-05 0.0091337 
0.000145433 0.255648 0.0848308 3.48411e-05 0.115157 0.375138 0.0163662 0.0434208 2.48544e-07 1.1526e-07 0.000272332 0.0549099 4.10233e-07 0.0537177 2.01992e-05 6.39323e-05 0.000275069 
0.00123987 0.0397824 0.196223 0.00298462 0.0197961 0.395962 0.1004 0.0531979 4.18223e-05 0.00440609 0.0533805 0.103858 0.00357825 0.0120339 2.32665e-06 0.000128081 0.012985 
0.00149086 0.0502784 0.0945788 2.96326e-05 0.0644363 0.377691 0.104033 2.91505e-08 2.27665e-09 0.00447682 0.0900445 0.126348 0.0836958 0.00280239 5.93804e-08 1.88833e-05 7.46799e-05 
0.00410982 0.0940019 0.0985185 0.00701465 0.135848 0.334356 0.0705897 0.0249424 0.000102747 0.0141535 0.0860071 0.0576589 0.0188885 0.0136149 0.00133317 0.000878536 0.0379819 
0.00110816 0.00814199 0.237959 0.00488675 0.0257919 0.278056 0.230609 0.0182749 2.60252e-07 0.0389664 0.000719426 0.145744 0.000761407 0.00167928 1.57853e-06 0.00173668 0.00556342 
0.000171332 0.277351 0.0299311 0.000128355 0.273382 0.361996 0.0175057 0.000212833 2.14082e-06 0.00151703 0.0222744 0.0054293 9.53614e-05 0.00442648 0.00315625 0.000111089 0.00230987 
0.00447614 0.0571597 0.118118 0.000398293 0.106186 0.388473 0.118558 0.0167281 3.75928e-05 0.0107891 0.00860136 0.144484 0.0173051 0.00698507 2.90368e-05 7.68188e-05 0.00159513 
8.07402e-05 0.0252241 0.0479765 8.16116e-05 0.0148984 0.745064 0.0505925 0.00303589 2.01712e-05 0.00746083 0.000304557 0.103951 0.000811536 1.16365e-07 5.57489e-05 0.000222346 0.000220005 
0.0022976 0.0245007 0.0385 3.29482e-05 0.0231291 0.721644 0.0567989 0.000888412 1.75765e-05 0.0464943 0.0379909 0.0135899 0.000443718 0.0057478 0.014739 1.36138e-05 0.013172 
0.000192494 0.31302 0.138088 1.75792e-05 0.0361484 0.379367 0.0899444 0.00501303 0.000637401 0.0150837 0.00560147 0.00769185 0.00671787 0.00124347 7.70573e-06 0.000548075 0.000676981 
0.00704952 0.013901 0.195319 0.00737358 0.0847949 0.28597 0.131361 0.0135599 0.00030404 0.0116652 0.0589993 0.0865712 0.0431381 0.0022214 0.000239851 0.0153378 0.0421942 
0.00578087 0.237081 0.0605929 0.00152551 0.0372768 0.290994 0.191631 0.0106241 0.00404653 0.0535724 0.0128377 0.0504479 0.0148345 0.00762964 0.00121103 0.00022259 0.0196912 
0.00016625 0.230802 0.0557411 4.74121e-05 0.0754028 0.509753 0.0741984 0.00680773 7.49192e-06 0.00133095 0.0222247 0.00631727 0.00231811 0.0130098 2.07135e-05 0.00151211 0.000340715 
0.000249375 0.0095602 0.250714 6.14606e-06 0.0271049 0.480729 0.105571 0.0025307 5.7581e-07 0.0116414 0.00240839 0.0963904 0.0107841 0.00125406 0.000151493 0.000190664 0.000713516 
5.25964e-05 0.0956012 0.074702 4.40415e-06 0.111043 0.538912 0.111115 0.00295761 6.46378e-06 0.000530807 0.00999067 0.0286889 0.00414842 0.0215099 8.34077e-06 0.000438978 0.00028979 
4.21392e-05 0.0666089 0.125622 1.0891e-05 0.00498476 0.753354 0.0306663 0.00313596 3.07917e-09 4.82263e-05 0.000151098 0.00693012 3.92111e-05 0.00765653 2.59709e-09 3.49887e-09 0.000750293 
0.00475056 0.0330946 0.217367 0.000788399 0.0772588 0.348017 0.0754677 0.13477 0.000627575 0.0145641 0.0176074 0.0549356 0.0141924 0.001214 0.00031468 0.00140827 0.003621 
0.000315055 0.022255 0.0822073 3.16269e-05 0.0517918 0.59869 0.133712 0.000985607 1.04328e-06 0.00118509 0.0675836 0.0138503 0.000730296 0.0202043 0.00421573 0.00202837 0.000212166 
0.000573209 0.0245221 0.186735 0.00285485 0.046289 0.444164 0.0623425 0.0204227 3.25897e-05 0.0481519 0.0256224 0.118916 0.00469267 0.00461514 0.000647129 0.0077329 0.00168629 
1.37957e-05 0.0186599 0.0529424 0.000123757 0.0996522 0.31621 0.11916 0.18278 1.59202e-08 0.0551454 0.00455363 0.0694846 0.000575725 0.0804355 3.41982e-08 3.69786e-06 0.000259215 
5.97252e-05 0.0113366 0.0777203 8.64691e-08 0.0683556 0.542136 0.0508164 0.0364525 1.48508e-07 0.00056526 0.00145388 0.198612 0.000113278 0.0123418 2.09821e-07 3.48067e-05 7.57e-07 
0.00413351 0.08266 0.203511 0.00347017 0.0652642 0.215086 0.177591 0.0605888 0.000555256 0.0249821 0.0279991 0.0771778 0.0204239 0.0251833 0.00063702 0.00153077 0.00920625 
0.000646879 0.00548798 0.0486663 0.0593932 0.042664 0.355994 0.119096 0.231232 0.000132418 0.0266354 0.0123953 0.0566676 0.00866629 0.000677938 0.0259253 6.06466e-12 0.00571931 
0.0010495 0.0456583 0.0541856 0.000131057 0.156185 0.416832 0.065309 0.0242792 0.00599033 0.00130142 0.0156255 0.0277684 0.0133796 0.00151404 0.000620579 2.36664e-05 0.170146 
0.000152014 0.155805 0.172979 5.24912e-05 0.0618648 0.241757 0.181809 0.00677354 3.13868e-06 0.0422873 0.0150114 0.0440352 4.83058e-05 0.0265196 1.46026e-05 1.19531e-06 0.050887 
6.75744e-05 0.017479 0.13098 0.000248674 0.0116572 0.507183 0.250764 0.00176151 5.54211e-07 0.00671463 0.00107577 0.0590175 0.00358805 0.00028342 1.08084e-05 0.0083131 0.00085476 
2.6317e-05 0.0235003 0.151426 0.000175599 0.0976423 0.272677 0.0157044 0.0828162 1.94863e-07 0.0122817 0.00741192 0.260817 0.0626643 0.0122216 1.72821e-05 0.000524385 9.40151e-05 
0.00477471 0.157346 0.119019 8.47437e-05 0.178954 0.318819 0.0490813 0.0173465 0.000163055 0.00151759 0.041605 0.0624957 0.0121225 0.0331415 0.000934372 7.29085e-05 0.00252162 
0.00691247 0.161781 0.107705 0.000116411 0.0576851 0.535819 0.0346991 0.00486301 0.000182058 0.0554186 0.000396161 0.0318709 0.00140914 0.000505758 1.25644e-05 0.000481603 0.000141559 
1.17828e-05 0.0515846 0.0171187 0.0473725 0.124108 0.59717 0.102481 0.000105348 4.86846e-06 0.000591991 0.00832671 0.0351245 0.00466103 0.00983341 2.31734e-08 0.000949242 0.000555483 
0.000121292 0.000792167 0.14599 1.1818e-06 0.00234928 0.533778 0.0889292 0.00455082 5.4023e-07 0.197916 2.43003e-05 0.0255042 6.74534e-08 3.14132e-06 2.86256e-05 1.39776e-06 1.00994e-05 
0.0005217 0.0154044 0.163408 2.83998e-06 0.0304529 0.706244 0.0409387 0.00292268 4.31006e-06 0.00416554 0.0161288 0.00776106 0.00785731 7.04729e-05 6.01291e-06 1.4109e-07 0.00411135 
0.00108764 0.00390791 0.0827154 0.000626736 0.00515825 0.349742 0.106356 0.276576 3.24518e-06 0.0227312 0.00112572 0.139872 0.0013126 9.87283e-05 1.83955e-07 4.41529e-06 0.00868185 
0.00820891 0.0379054 0.139322 0.000965136 0.0561676 0.238547 0.128027 0.0303911 8.4578e-06 0.00254783 0.0362786 0.206857 0.0982029 0.00521716 0.00389232 0.00257274 0.00488845 
0.00110816 0.00814199 0.237959 0.00488675 0.0257919 0.278056 0.230609 0.0182749 2.60252e-07 0.0389664 0.000719426 0.145744 0.000761407 0.00167928 1.57853e-06 0.00173668 0.00556342 
0.00811402 0.149436 0.0589275 5.3444e-05 0.165678 0.410609 0.111711 0.00343517 0.000177079 0.00655545 0.0184077 0.0444475 0.0151057 0.00600226 0.000320405 1.00286e-05 0.00100987 
0.00298884 0.029276 0.103807 4.28661e-05 0.0209621 0.369846 0.319959 0.00365957 0.000148894 0.0217699 0.0635842 0.0522961 0.00208047 0.00837142 0.000148068 0.000297237 0.000762667 
0.00561645 0.0543002 0.0792806 0.00890208 0.0168696 0.515971 0.259044 0.00596372 0.000118834 0.0101713 0.00126086 0.039171 0.00208685 0.000529441 0.00012187 1.61008e-07 0.000591638 
0.00325017 0.021793 0.284662 2.13733e-05 0.0679409 0.350804 0.0378506 0.00788469 5.78561e-06 0.00703256 0.016344 0.164168 0.00979683 0.0207985 4.16756e-05 0.00070494 0.0069013 
0.000152014 0.155805 0.172979 5.24912e-05 0.0618648 0.241757 0.181809 0.00677354 3.13868e-06 0.0422873 0.0150114 0.0440352 4.83058e-05 0.0265196 1.46026e-05 1.19531e-06 0.050887 
2.44199e-05 0.0123855 0.138852 2.59947e-05 0.0116361 0.779672 0.016681 0.00690241 0.000202466 0.00717143 0.0022507 0.0185266 0.00301156 0.000264629 1.80652e-06 1.97102e-08 0.00239143 
4.21392e-05 0.0666089 0.125622 1.0891e-05 0.00498476 0.753354 0.0306663 0.00313596 3.07917e-09 4.82263e-05 0.000151098 0.00693012 3.92111e-05 0.00765653 2.59709e-09 3.49887e-09 0.000750293 
0.0454489 0.0166467 0.211965 0.000154733 0.0719901 0.510866 0.0640265 0.00687089 4.86834e-05 0.0107766 0.0199388 0.0356445 0.000344836 0.00315426 0.00199055 2.09981e-11 0.000133455 
9.72993e-05 0.039177 0.212899 4.30224e-06 0.119676 0.561626 0.01637 0.000218164 7.78708e-07 0.000933158 0.00101673 0.0351838 2.03561e-08 0.0127066 1.81462e-08 2.82809e-09 9.1893e-05 
0.000560516 0.00229582 0.0518606 8.53332e-05 0.00192973 0.480695 0.315836 0.00563915 3.39901e-05 0.0501868 0.00741601 0.0830122 4.82693e-07 1.67297e-05 9.11492e-11 2.6656e-07 0.000431861 
0.000106838 0.0421282 0.379296 5.30315e-06 0.0103195 0.438036 0.0429699 0.0705306 1.08847e-05 0.00230656 0.000298836 0.0122119 0.000321913 0.000943656 7.93615e-09 3.35335e-12 0.000514256 
0.00037387 0.05879 0.0815764 5.96397e-05 0.0509475 0.602299 0.131606 0.00741457 0.000175532 0.0129199 0.0244079 0.0241069 0.00080182 0.00353651 0.00030116 5.12503e-05 0.000631567 
0.00486747 0.172482 0.17442 0.00125274 0.0299112 0.352637 0.119732 0.00690058 2.61993e-05 0.0103919 0.0110831 0.100612 0.00479486 0.0064463 0.000166034 0.00161431 0.00266256 
0.000127825 0.0241847 0.0931004 1.49078e-05 0.0261858 0.417065 0.0368944 0.386191 1.48098e-05 0.000962811 0.000106926 0.0126019 0.000677275 0.00128607 4.56147e-06 6.20636e-07 0.000580605 
0.000309255 0.0033178 0.0759273 1.21641e-06 0.0295203 0.675375 0.0680308 0.0199529 1.31866e-05 0.000209718 0.00277392 0.0036273 1.57268e-05 0.120337 3.0112e-06 6.68342e-07 0.000584281 
0.000794626 0.00621904 0.0955789 6.45933e-05 0.0278486 0.43134 0.109271 0.0475899 9.66749e-06 0.0298044 0.00724623 0.230207 0.0124069 0.000614527 4.42793e-05 0.000128669 0.000831308 
0.000583842 0.0721753 0.394566 1.97767e-05 0.0140796 0.459779 0.0178529 0.00408906 3.18436e-07 0.000131357 0.00335231 0.0220179 0.00251732 0.0080318 6.88538e-05 3.2435e-08 0.000734906 
8.77396e-05 0.0107328 0.0875382 0.000245117 0.0662785 0.281963 0.104889 0.0563107 0.0716585 0.0352363 0.0152116 0.171431 0.0844048 0.0134823 6.37518e-07 2.64417e-06 0.000527821 
3.3435e-05 0.0127555 0.145646 4.76844e-05 0.0116663 0.767619 0.0168426 0.00684573 0.00052911 0.0072303 0.00246128 0.0185455 0.00385171 0.000300813 2.8646e-06 1.41445e-05 0.00560758 
6.3909e-05 0.0418934 0.0921769 6.31549e-06 0.207236 0.253542 0.216981 0.00863509 0.000255906 0.0082674 0.00242655 0.16099 0.000506323 0.00479876 0.000339217 7.07065e-08 0.00188112 
0.000107865 0.00342807 0.0164019 1.9828e-05 0.00771438 0.919644 0.0168903 0.000559131 2.06755e-05 0.000299751 0.029117 0.00334117 0.000714516 0.00042444 2.80632e-05 0.0011738 0.000114781 
0.00353221 0.0875777 0.251032 0.000921563 0.062904 0.256449 0.0478156 0.0414907 1.45529e-05 0.0226713 0.0119533 0.174826 0.026208 0.00352865 0.000591949 0.000122138 0.00836138 
0.12791 0.253625 0.019239 0.000317969 0.03665 0.28489 0.150627 0.0109425 0.0623586 0.000257174 0.00940258 0.00758423 0.00892882 0.00479617 0.000150396 2.22782e-06 0.0223177 
0.00558302 0.100051 0.019654 5.96232e-05 0.00929552 0.748333 0.094576 0.00126225 3.67516e-08 5.03234e-05 0.00234286 0.00475377 0.00112428 0.0126431 7.54529e-10 1.16496e-13 0.000270701 
0.00553471 0.0858874 0.0277601 8.34423e-05 0.0154202 0.764884 0.0715304 0.00106088 1.34895e-05 0.000196346 0.00129595 0.0167505 0.000678578 0.00777769 9.56624e-07 3.97427e-07 0.00112546 
5.25964e-05 0.0956012 0.074702 4.40415e-06 0.111043 0.538912 0.111115 0.00295761 6.46378e-06 0.000530807 0.00999067 0.0286889 0.00414842 0.0215099 8.34077e-06 0.000438978 0.00028979 
0.000107267 0.0342501 0.190724 2.98373e-05 0.0300512 0.257186 0.180635 0.104969 6.31187e-06 0.0947342 0.0483074 0.0201201 0.0194182 0.0103816 0.00745884 3.65295e-08 0.00162015 
0.000195405 0.0100292 0.0456849 5.12549e-06 0.0525657 0.580045 0.269812 0.000398798 2.08036e-06 0.000533886 0.000922209 0.0336245 0.00214815 0.00388908 1.54126e-06 1.71645e-06 0.000140765 
0.000398786 0.0484705 0.0029009 4.29389e-05 0.0514558 0.683727 0.116432 0.000714719 0.00013259 0.000832245 0.00161267 0.0354233 0.000365266 0.0021578 1.97302e-08 3.7764e-08 0.0553331 
3.95213e-05 0.00107683 0.31583 1.29251e-06 0.00916128 0.585985 0.0184479 0.0138353 4.6883e-07 0.00098877 0.000880575 0.0533721 5.93033e-06 0.000301185 4.39348e-09 2.59e-12 7.39078e-05 
0.00125585 0.0821447 0.0748991 3.35736e-05 0.0548682 0.615161 0.0879185 0.00522319 0.000234957 0.0086786 0.0221226 0.0380388 0.000387377 0.00612885 8.5141e-05 0.000641878 0.00217725 
0.00317604 0.0221199 0.195351 0.0176496 0.0987192 0.288714 0.154635 0.0036815 4.32097e-07 0.00239955 0.0169292 0.0423174 0.00524827 0.0328269 0.000477374 0.115662 9.18998e-05 
0.00764861 0.198695 0.0799515 0.000133668 0.0309889 0.274959 0.232473 0.013325 8.59739e-06 0.0340136 0.0112125 0.0528353 0.0591816 0.00162699 0.000196608 1.5127e-08 0.00274997 
0.0026943 0.0340558 0.151889 7.73572e-05 0.0339242 0.57677 0.0742275 0.0356723 0.00251745 0.0175131 0.0129858 0.0435482 0.00505923 0.00671568 0.000604936 0.000132616 0.00161204 
0.0246097 0.216206 0.0791539 0.000106555 0.0137468 0.339362 0.133002 0.000885558 1.18533e-06 0.0357317 0.0148946 0.000879017 1.11555e-06 0.0231316 0.117591 1.96678e-10 0.000696979 
0.000363511 0.0217744 0.121747 0.000110681 0.0429902 0.248602 0.125106 0.0360656 7.14033e-05 0.151802 0.0184961 0.184121 0.0315386 0.00509978 0.0057387 0.00125826 0.0051154 
0.00248353 0.049368 0.0710255 0.00913174 0.167781 0.390012 0.126943 0.00511205 3.06314e-05 0.00301803 0.0816622 0.0555739 0.00249732 0.0343279 0.000123272 0.000308535 0.000601185 
0.00313892 0.181305 0.146831 4.22426e-05 0.189767 0.357744 0.0305094 0.00951776 1.02405e-05 0.000738101 0.0313707 0.026313 0.0135184 0.00887582 0.000171976 3.0329e-08 0.000146145 
6.26434e-10 0.100242 0.0291681 2.87215e-07 0.0101716 0.587409 0.258751 8.1206e-06 5.51779e-06 1.81976e-05 5.87408e-06 0.0142111 1.78354e-07 4.71792e-06 1.68804e-09 2.60621e-06 2.29826e-06 
0.0023031 0.0216311 0.276586 4.06564e-05 0.083844 0.456983 0.0324692 0.0152687 6.16847e-06 0.0174523 0.00474535 0.0681181 0.0136761 0.00507666 4.90356e-05 1.89279e-05 0.00173157 
0.000160833 0.0108277 0.0970197 1.34234e-05 0.0467168 0.693436 0.0183239 0.0235541 5.71954e-07 8.80717e-05 0.0225433 0.0786015 5.2746e-06 0.00859851 2.13138e-05 1.90742e-09 8.88991e-05 
0.00173407 0.0573146 0.140713 0.00773365 0.0487884 0.470511 0.121705 0.0844608 1.78039e-05 0.0016881 0.00595734 0.0424397 0.00207357 0.00742072 1.35281e-05 0.00170488 0.00572333 
0.000179087 0.0863266 0.179477 1.32122e-05 0.119638 0.425257 0.0521422 0.000903968 4.53048e-07 0.00839002 0.000567037 0.124113 0.00179337 0.000687742 1.39112e-08 3.52402e-09 0.000512096 
0.000234924 0.0242978 0.158875 3.98779e-05 0.0162396 0.695371 0.0379366 0.00453499 1.03479e-11 0.00438336 0.00058171 0.0251548 2.65549e-05 0.0318137 4.31076e-06 9.57297e-07 0.000505311 
4.38316e-06 0.202468 0.0622864 7.79607e-05 0.0467802 0.400467 0.0233562 0.0786905 5.07189e-06 0.164206 0.00124338 0.0192123 0.000359298 0.000182614 0.000158 8.54019e-10 0.000502629 
0.0022329 0.0632832 0.0663597 7.27427e-05 0.023975 0.800604 0.028378 0.00244231 0.00022385 0.00222201 0.00181569 0.000914782 0.000676562 0.00650896 4.59367e-07 7.74775e-10 0.000289439 
0.000751394 0.0683096 0.145637 0.0163423 0.0203273 0.49629 0.0503421 0.00333391 5.10366e-06 0.00284174 0.00132154 0.176905 0.00516925 0.000306493 1.10302e-05 1.19163e-05 0.0120945 
0.00136655 0.0129205 0.219877 0.000277957 0.0302658 0.380044 0.0329122 0.153726 1.76698e-06 0.00430613 0.0077105 0.139259 0.00672057 0.00361006 0.00150008 1.12969e-05 0.00549148 
0.0113964 0.0451937 0.237916 0.00416425 0.0343335 0.284194 0.231672 0.00741598 7.02894e-05 0.0191029 0.0530047 0.0281633 0.00091245 0.00304467 0.000118922 0.0318641 0.00743337 
0.000115427 0.0204047 0.0778376 6.9504e-07 0.0305406 0.75876 0.0319758 0.00351718 9.97693e-09 0.00145002 0.00704002 0.0648364 0.000132402 0.00147731 1.54275e-06 0.00188228 2.83717e-05 
0.0708851 0.0359864 0.235574 0.000209957 0.0271542 0.258011 0.0486898 0.242604 0.00122306 0.0295161 0.0211945 0.0157282 0.00989415 0.00119587 0.000227141 0.000150903 0.00175634 
0.000517745 0.011787 0.112181 0.00170881 0.0117641 0.480793 0.0889282 0.084367 6.57415e-05 0.0449667 0.00737388 0.142078 0.00871164 0.00116447 2.15162e-05 0.000222532 0.00334893 
0.00286215 0.0286822 0.185975 0.0114012 0.0282091 0.359048 0.19649 0.107494 6.10607e-06 0.00237749 0.0139529 0.0490987 0.0054693 0.00436203 0.000695851 0.000794956 0.00308069 
0.000235913 0.19717 0.0324979 0.000313137 0.0415862 0.520619 0.0198799 0.0044978 1.95477e-06 0.00890736 0.00421611 0.122627 0.000617484 0.0354032 1.27195e-05 0.00991662 0.00149763 
1.76372e-07 0.0516738 0.00690654 5.90005e-09 0.0608841 0.753911 0.111287 0.000488768 3.56441e-08 0.000208712 0.00473952 0.00577118 3.35496e-08 0.00385913 1.6355e-09 1.30047e-08 0.000270229 
0.000913297 0.0741891 0.131859 0.000107052 0.0461847 0.52251 0.0444664 0.0426483 3.92687e-05 0.055457 0.0305185 0.0189188 0.0154612 0.00265538 0.00813959 3.89251e-05 0.00589325 
0.00188746 0.0766092 0.0750234 0.000205857 0.107431 0.421191 0.177175 0.000536988 4.83184e-08 0.000509582 0.0108554 0.0754219 0.0100185 0.00170909 1.86351e-08 4.9216e-07 0.0414245 
0.00584919 0.0310364 0.146148 6.80197e-05 0.0640663 0.631117 0.0270773 0.0204534 0.000217838 0.00359067 0.0202205 0.0264171 0.0157955 0.00208568 1.03978e-05 0.000286503 0.00555999 
4.21392e-05 0.0666089 0.125622 1.0891e-05 0.00498476 0.753354 0.0306663 0.00313596 3.07917e-09 4.82263e-05 0.000151098 0.00693012 3.92111e-05 0.00765653 2.59709e-09 3.49887e-09 0.000750293 
0.00203028 0.0709781 0.150291 9.3806e-06 0.090956 0.608996 0.032414 0.00138941 3.05131e-09 3.11735e-05 0.00161316 0.0373425 0.000370238 0.00356683 3.69147e-08 1.84214e-11 1.21726e-05 
0.00145351 0.0411147 0.130174 8.79e-05 0.040855 0.472277 0.0572037 0.0399243 2.60531e-06 0.00197383 0.16209 0.0470185 0.000817485 0.00377662 1.26443e-05 0.00100942 0.000208497 
0.000331805 0.114835 0.0145745 2.03795e-05 0.0821341 0.498263 0.0845985 0.0113255 1.42996e-05 7.77025e-05 0.0026678 0.0131166 9.79488e-08 0.172025 2.92069e-05 0.000268009 0.00571813 
0.0202373 0.0899019 0.29262 9.3296e-05 0.038208 0.429682 0.034495 0.0115037 3.82668e-05 0.00724753 0.0309984 0.0227946 0.00167259 0.0186957 2.26285e-05 8.6719e-09 0.00178838 
0.00102168 0.109115 0.0757972 1.37018e-05 0.328441 0.363232 0.0192249 0.0172221 6.79619e-05 0.00244627 0.0026097 0.0770265 0.000933516 0.00276722 4.32049e-05 2.35666e-08 3.83175e-05 
0.000139595 0.149604 0.0601091 8.92264e-06 0.00301252 0.696763 0.0700058 0.00477413 1.20163e-06 0.000272245 1.60612e-05 0.0137186 9.35909e-07 0.000323384 1.66071e-06 3.22032e-07 0.00124834 
0.00887563 0.0666336 0.27835 0.00226742 0.062039 0.351342 0.067888 0.0320884 7.91848e-05 0.0290489 0.0174475 0.0423963 0.00988789 0.0256823 0.00110065 0.00160795 0.00326553 
9.97594e-05 0.312908 0.176073 9.03001e-08 0.00664388 0.388763 0.0313922 3.8799e-05 4.8128e-05 0.0395856 0.0015843 0.00109779 0.0326673 0.00896426 8.71504e-08 7.48303e-11 0.000134313 
0.0013867 0.0232768 0.040433 2.26325e-05 0.0218747 0.766564 0.0843807 0.000812103 5.92976e-06 0.0240866 0.0072367 0.0284562 6.66374e-05 0.000750899 5.88868e-05 4.5363e-07 0.000586678 
0.00288341 0.0747536 0.24904 0.00300924 0.0335312 0.500345 0.0653378 0.0213309 2.71735e-05 0.00609129 0.00242026 0.0312883 0.00104247 0.00772089 1.44412e-06 3.8199e-05 0.00113809 
0.00604704 0.01812 0.051994 3.42162e-05 0.0189729 0.740954 0.0807683 0.00809961 0.000113601 0.00412287 0.0290245 0.0307978 0.00568602 0.0040299 0.00019487 4.52669e-05 0.000995058 
0.000183904 0.0201221 0.0392247 3.33553e-05 0.00403755 0.64225 0.172752 0.000861826 6.90506e-07 0.000767912 0.00298093 0.110109 0.0026129 0.003129 1.54606e-09 1.01998e-09 0.000934677 
0.00122095 0.108158 0.0501747 0.0136857 0.25063 0.253335 0.11414 0.0549325 7.34846e-05 0.00879718 0.0690796 0.0385742 0.0186788 0.0121343 0.00102061 0.000316284 0.00504886 
8.28269e-05 0.214102 0.197831 5.96052e-06 0.0563454 0.475609 0.0235018 0.00048033 1.81821e-05 0.000795646 0.00533812 0.0113107 0.000535088 0.0017639 3.08792e-05 2.9871e-07 0.0122484 
0.00319062 0.0490162 0.0863107 0.000105466 0.0526626 0.537658 0.191844 0.00741765 0.000220472 0.00189721 0.0247689 0.0267753 0.00402421 0.00545931 0.000415217 0.00076872 0.00746543 
0.000248804 0.00310258 0.361886 1.65538e-05 0.0679354 0.412157 0.0273765 0.0372829 1.3343e-06 0.0182531 0.0024466 0.0645088 0.00125729 0.00330006 4.57255e-06 1.74724e-07 0.000222483 
0.000646879 0.00548798 0.0486663 0.0593932 0.042664 0.355994 0.119096 0.231232 0.000132418 0.0266354 0.0123953 0.0566676 0.00866629 0.000677938 0.0259253 6.06466e-12 0.00571931 
0.000128391 0.0116249 0.138031 4.05835e-06 0.0127469 0.624693 0.0237805 0.165455 6.28781e-06 0.00248128 0.000393799 0.00607981 0.00084407 0.0136249 1.82578e-06 3.77553e-08 0.0001038 
0.000672781 0.00905021 0.0865056 6.77333e-06 0.0348313 0.571545 0.0384577 0.00787632 2.05308e-05 0.00423954 0.0831791 0.0341184 0.00384438 0.125084 2.10039e-05 7.37426e-07 0.00054672 
0.000695311 0.0922742 0.122609 1.33673e-05 0.085625 0.560561 0.0435634 0.00211903 0.000886995 0.0669055 0.0052709 0.013325 0.00456788 9.91262e-05 0.000161273 1.65688e-05 0.00130603 
0.000534022 0.0902957 0.312521 1.64435e-06 0.0468167 0.502332 0.0276525 0.00624017 1.10506e-06 1.80526e-05 0.000630788 0.0100318 0.00133902 0.00130042 6.18174e-06 1.00617e-10 0.000279533 
0.038031 0.348763 0.0380414 0.00272603 0.026146 0.436357 0.0607914 0.00278487 0.00160958 0.00116758 0.0225744 0.00447704 0.000502948 0.00191832 3.22426e-05 9.4194e-12 0.0140776 
0.000151306 0.0129878 0.210634 6.17678e-06 0.0183641 0.532128 0.159248 0.00755225 1.60742e-05 0.00914557 0.0204379 0.0212973 0.00213035 0.00324907 3.62303e-05 0.00244801 0.000168254 
0.0024159 0.0101029 0.409918 4.5294e-07 0.0110139 0.45974 0.0515354 0.00316418 1.59661e-06 0.023251 0.000700538 0.0102653 0.000632522 0.00805733 2.60821e-06 0.00387456 0.00532375 
0.00039997 0.121363 0.0132238 0.000117104 0.198859 0.469421 0.0525723 0.000253194 1.15447e-06 0.00437827 0.0990395 0.0252949 0.00681559 0.00354381 2.44013e-05 0.00260274 0.0020904 
0.000148689 0.00927795 0.284438 6.03549e-06 0.0237725 0.34601 0.0617093 0.00792972 3.32269e-05 0.103068 0.00191418 0.14285 0.00352249 0.00108916 1.54386e-05 1.45181e-06 0.0142136 
0.00210598 0.0304146 0.273677 0.000139078 0.0432171 0.480382 0.0322379 0.0787596 0.000133272 0.00605394 0.00375204 0.0453435 0.000539852 0.000760424 4.63618e-06 1.83481e-05 0.00246095 
0.00233266 0.0868798 0.221785 5.83739e-06 0.015568 0.425173 0.167568 0.00855006 7.18501e-05 0.00701617 0.000793716 0.0511927 0.00278694 0.0023336 5.72304e-05 4.62699e-07 0.00788586 
0.00283484 0.0665635 0.0965348 8.21469e-05 0.0438047 0.675725 0.0582613 0.0041656 0.00028857 0.00064303 0.0327791 0.00344935 0.00413595 0.0102479 0.000132785 1.44316e-13 0.000351276 
0.00633451 0.185406 0.0375722 0.000106486 0.145318 0.34261 0.141721 0.0021663 0.000258039 0.0021768 0.026889 0.0508923 0.0318501 0.0156928 0.00923709 7.78977e-05 0.00169207 
0.00101217 0.046039 0.0539721 1.02659e-05 0.023372 0.73602 0.0941375 0.00563415 5.66225e-05 0.00296975 0.00809122 0.0131528 0.0103843 0.00285777 0.00195082 3.52821e-07 0.000338746 
0.0114828 0.0179102 0.247237 4.23798e-05 0.0768337 0.39331 0.0672895 0.0365439 1.16795e-05 0.0115482 0.0135961 0.0736537 0.00132267 0.00154792 4.84515e-06 0.0353565 0.0123092 
0.00386051 0.0374273 0.295445 4.23778e-05 0.10844 0.368416 0.049193 0.0360997 1.1677e-05 0.0147636 0.0173187 0.0606729 0.00134914 0.00383623 4.84377e-06 0.000790966 0.00232869 
0.00448303 0.0260038 0.0854449 5.38879e-05 0.0910177 0.437033 0.158224 0.0220241 4.64301e-05 0.0309619 0.0614567 0.0279554 0.00931705 0.00884727 0.00220529 0.000444857 0.0344805 
0.00994069 0.0401983 0.041829 2.43252e-06 0.0458511 0.740152 0.0460407 0.00117341 1.25593e-06 3.33313e-05 0.000452383 0.0646409 0.00174215 0.00730047 1.36281e-06 8.83956e-07 0.000639189 
0.00231228 0.151425 0.328368 5.86549e-05 0.0418666 0.347169 0.0221641 0.0548581 4.51687e-06 0.002509 0.0154458 0.00998664 0.000462424 0.0229308 0.000105367 3.86327e-06 0.000329034 
0.00359256 0.158941 0.2042 0.000232442 0.0674503 0.40706 0.0289028 0.0322084 5.22747e-05 0.00307786 0.057128 0.0120574 0.00843992 0.00662112 0.00108948 6.68628e-08 0.00894705 
5.7805e-05 0.00934597 0.0432218 2.15114e-05 0.0241505 0.686106 0.179977 0.00186745 7.23349e-06 0.0041296 0.0143367 0.030526 0.000151821 0.00588774 9.10367e-05 3.11915e-06 0.000119281 
0.00584449 0.115597 0.2142 0.0167547 0.103028 0.218687 0.101862 0.0219505 4.07415e-05 0.0466641 0.0176641 0.0924785 0.00864671 0.0099299 0.000279839 0.00144888 0.0249221 
0.00233266 0.0868798 0.221785 5.83739e-06 0.015568 0.425173 0.167568 0.00855006 7.18501e-05 0.00701617 0.000793716 0.0511927 0.00278694 0.0023336 5.72304e-05 4.62699e-07 0.00788586 
0.00128537 0.0599897 0.0707353 0.00342697 0.0474442 0.361789 0.22498 0.0129913 0.00111833 0.034773 0.0171596 0.142867 0.00809578 0.00669736 0.000230189 0.000465012 0.00595056 
0.000101534 0.12818 0.106206 5.06224e-05 0.0779825 0.289639 0.196914 0.00344886 0.000837944 0.0190016 0.00908406 0.157523 0.000225395 0.00613665 0.000158755 4.57534e-07 0.00450889 
0.0180431 0.0456176 0.206139 0.0198185 0.0140089 0.385882 0.179959 0.0761898 1.38907e-05 0.00432062 0.0196191 0.023127 0.00134639 0.00399345 7.19474e-05 1.05034e-07 0.00184923 
0.000162007 0.073125 0.00653809 0.0128058 0.0554483 0.526697 0.255342 0.000173399 1.47351e-05 0.000191521 0.00737185 0.0473249 0.000454339 0.0133213 9.43429e-07 1.39468e-06 0.00102734 
0.00380693 0.019847 0.0829456 1.86498e-05 0.16021 0.411789 0.0789905 0.113486 0.000106202 0.00654752 0.0618883 0.0120574 0.00392404 0.00253602 0.000184339 1.05704e-05 0.0416528 
4.32972e-05 0.0113964 0.185925 0.000891379 0.00991774 0.502005 0.204679 0.0248695 0.000130383 0.00358438 0.00625376 0.0239264 0.000126524 0.00212746 0.0227112 0.000235459 0.00117822 
0.00174823 0.083025 0.158055 0.00213958 0.0438625 0.225302 0.217437 0.00997506 4.69044e-05 0.0259883 0.00580922 0.161876 0.0557103 0.00448287 4.58828e-05 7.91655e-05 0.004417 
2.75292e-05 0.00508612 0.126884 1.37432e-09 0.100879 0.428156 0.110952 0.000487761 1.8358e-09 0.000889909 0.00445378 0.209847 0.00323725 0.00419982 1.91585e-05 0.00408589 0.000794789 
0.00622801 0.0361973 0.212581 0.0390341 0.0331812 0.370012 0.0310373 0.148734 0.000191478 0.00543886 0.0174431 0.0701149 0.0111634 0.00317523 0.000345198 0.00097223 0.0141511 
0.00163588 0.123278 0.204185 2.67635e-05 0.0257383 0.462596 0.0473331 0.0275594 2.34729e-06 0.0413607 0.0153281 0.036516 0.00415482 0.00163836 0.000280881 0.00469628 0.0036704 
0.00188604 0.0250462 0.186936 4.30613e-05 0.0263026 0.3675 0.0947355 0.00906372 1.44626e-05 0.0163439 0.0183373 0.226891 0.0145785 0.00762261 0.0002879 6.36182e-06 0.00440579 
0.0159907 0.0826364 0.0207961 0.000224683 0.00336527 0.625785 0.0441265 0.0027405 0.00012548 0.00124125 0.00610114 0.183149 0.00697293 0.000384518 5.18289e-06 1.00508e-07 0.00635626 
0.00312897 0.0352172 0.0654809 3.5299e-05 0.106849 0.574098 0.0461896 0.00484513 3.08018e-05 0.0540779 0.0327018 0.0469556 0.00295871 0.0110912 0.00837616 7.44208e-06 0.00795632 
0.0120225 0.0490213 0.213739 0.000115952 0.033289 0.480999 0.0576867 0.095252 3.0346e-05 0.000554596 0.00281481 0.0490669 0.000176871 0.00463635 7.575e-05 5.31267e-05 0.000465992 
0.000507312 0.0193247 0.182514 3.67303e-05 0.00937032 0.496513 0.0380079 0.0383903 2.45375e-06 0.00672587 0.0026507 0.102045 0.047922 0.0182098 3.0003e-06 0.0298055 0.0079714 
0.014 0.107497 0.192507 0.000268854 0.110313 0.224375 0.16372 0.00566383 4.29523e-05 0.0332726 0.00897353 0.0830223 0.0157627 0.0122297 1.16476e-05 0.000210355 0.0281288 
2.19122e-05 0.00516524 0.358494 1.29821e-05 0.0382944 0.529935 0.0285447 0.00846416 1.51025e-06 0.00628032 0.00380172 0.0164905 0.00259687 1.72111e-05 0.00187185 6.49405e-07 7.17525e-06 
0.000840823 0.0361443 0.162934 7.02818e-05 0.0514162 0.303954 0.141917 0.0433829 2.17939e-05 0.0306076 0.0246368 0.165034 0.0282677 0.00605893 0.000465536 0.000756983 0.0034907 
0.0198355 0.0348084 2.42656e-06 0.00108335 0.0120831 0.506173 0.0547715 0.00470979 5.45721e-06 0.0204569 0.00283174 0.222196 3.54065e-07 1.13905e-06 7.46543e-08 0.116679 0.00436148 
0.0022329 0.0632832 0.0663597 7.27427e-05 0.023975 0.800604 0.028378 0.00244231 0.00022385 0.00222201 0.00181569 0.000914782 0.000676562 0.00650896 4.59367e-07 7.74775e-10 0.000289439 
0.00333948 0.0555618 0.0992693 8.3174e-05 0.055397 0.236089 0.223145 0.0264623 6.77508e-05 0.0111377 0.0161357 0.202707 0.0281663 0.01321 0.000568022 3.1212e-05 0.028629 
0.00136905 0.0584191 0.217512 0.00324477 0.0692623 0.318901 0.0754613 0.0543216 7.5429e-05 0.0185724 0.0119906 0.143858 0.0126641 0.0030989 0.000999738 0.00124161 0.00900843 
4.92263e-05 0.0653108 0.236862 0.0011568 0.0246289 0.267244 0.182383 0.0849175 0.0813884 0.0105804 0.00726847 0.0317957 8.84189e-06 0.00339477 0.000651119 6.46908e-06 0.00235337 
9.55444e-06 0.0239207 0.0239003 2.45805e-07 0.191135 0.584879 0.0116342 0.000818682 6.84058e-08 9.53231e-05 0.0141671 0.104181 0.0441389 0.00111914 3.75772e-10 1.97317e-10 1.54273e-07 
0.0105049 0.0154626 0.164679 9.59203e-05 0.0255431 0.577269 0.134594 0.00393779 7.71593e-05 0.000869175 9.76327e-05 0.00110153 0.0631365 0.00229412 1.28204e-06 7.91482e-05 0.000257697 
1.03545e-05 1.03606e-05 1.0361e-05 1.0359e-05 0.0932614 0.355401 0.161641 0.0663077 1.03495e-05 0.00933399 1.03602e-05 0.313941 1.03575e-05 1.03576e-05 1.03417e-05 1.03514e-05 1.0356e-05 
0.00345639 0.0328844 0.0729484 0.00322953 0.0418096 0.348294 0.271954 0.019715 7.36902e-05 0.0225757 0.0154004 0.134819 0.0197623 0.00609773 0.000726314 0.00136196 0.00489243 
3.39913e-05 0.0123916 0.0310286 3.43628e-06 0.0427412 0.740231 0.104084 0.00218946 9.53238e-07 0.00185144 0.0329799 0.0177709 0.00238947 0.00428869 0.00761231 0.00023485 0.000168601 
0.00161779 0.110897 0.0770249 0.00257285 0.122064 0.29107 0.11283 0.0211171 9.28284e-05 0.0101886 0.0247161 0.170675 0.0157159 0.00602195 0.000324784 0.00244548 0.0306264 
0.00218619 0.0472577 0.0189609 4.36712e-05 0.028019 0.548881 0.206573 0.088388 1.00291e-05 0.00268386 0.0171247 0.0098547 0.0194527 0.00525341 0.0041381 0.000388838 0.000784297 
0.000321012 0.0304516 0.0342691 5.83069e-05 0.0775728 0.670982 0.0424417 0.00492381 4.0668e-05 0.00672799 0.000217556 0.124812 0.000579751 0.000926718 3.98474e-05 0.000158901 0.00547656 
0.000771805 0.0334046 0.0532687 3.08229e-05 0.0299636 0.844506 0.0276837 0.000537897 4.95316e-06 0.00160915 0.00026099 0.00226809 0.000251749 0.00524883 1.00788e-06 1.95831e-06 0.000186498 
0.00277475 0.00726423 0.0786663 1.22213e-05 0.0699177 0.58065 0.125585 0.00266418 3.70858e-05 0.00815669 0.0526073 0.0602622 0.00437942 0.00331747 0.00265198 8.15316e-07 0.00105345 
0.000498505 0.132435 0.249817 8.80467e-06 0.0637854 0.495713 0.016272 0.00409923 8.06493e-07 1.59808e-08 0.000413643 0.0166915 4.54276e-08 0.00978854 4.52133e-08 1.38786e-05 0.0104627 
0.010233 0.158866 0.0532911 5.35087e-05 0.0718293 0.477743 0.086921 0.000987586 3.91286e-05 0.0502926 0.0029665 0.0589451 0.00900589 0.0080946 3.16765e-06 4.9274e-05 0.0106788 
0.00253679 0.0375229 0.151272 0.0012718 0.0960427 0.288196 0.138366 0.0890993 0.000268127 0.00729114 0.031303 0.109934 0.00645602 0.0129889 8.50455e-05 3.53129e-05 0.0273312 
7.84782e-07 0.0763261 0.141546 3.1157e-06 0.0854025 0.471776 0.0935643 4.1887e-05 8.5105e-08 0.04496 0.00160698 0.0529741 3.39359e-07 0.000426773 0.000208913 0.0311533 8.87507e-06 
0.000143528 0.029274 0.382187 0.000122145 0.0155352 0.412808 0.0477194 0.039548 5.57651e-06 0.0130222 0.00425978 0.0548698 7.91879e-05 6.19841e-05 2.2945e-06 9.76542e-08 0.000362348 
4.21392e-05 0.0666089 0.125622 1.0891e-05 0.00498476 0.753354 0.0306663 0.00313596 3.07917e-09 4.82263e-05 0.000151098 0.00693012 3.92111e-05 0.00765653 2.59709e-09 3.49887e-09 0.000750293 
0.0264275 0.248026 0.00996692 0.000211046 0.0250187 0.487571 0.128097 0.000417101 6.26987e-05 0.000703203 0.0366407 0.00209738 0.0167786 0.0146734 0.00246081 3.15222e-07 0.00084797 
0.000732681 0.0719762 0.222841 3.01377e-05 0.0300895 0.24285 0.0524438 0.0268948 7.89065e-05 0.124926 0.0104155 0.204754 0.00182367 0.00821117 0.00100218 0.000255454 0.00067614 
1.85001e-05 0.00895383 0.0450586 3.01142e-06 0.0441572 0.549356 0.151485 0.000962406 4.18785e-08 0.0100115 0.0480054 0.0926933 0.00318205 0.041877 0.00420796 8.40076e-08 2.78994e-05 
0.0491538 0.0281827 0.0506665 0.0749899 0.0267556 0.270792 0.104841 0.0635767 0.00018168 0.00735905 0.0521386 0.0137134 0.0115962 0.0101356 0.000151631 0.00715094 0.228614 
8.16547e-05 0.0709496 0.0393077 1.21378e-08 0.00664099 0.373622 0.259838 0.00663336 7.07882e-05 0.00387472 0.0102065 0.224814 0.0038652 7.78231e-05 5.48635e-08 9.46716e-07 1.69257e-05 
0.000565698 0.103352 0.1743 5.92051e-05 0.0702317 0.279418 0.109456 0.040923 2.26893e-06 0.034345 0.0334184 0.14145 0.00628453 0.00205668 8.50702e-05 7.64032e-06 0.0040446 
0.000763538 0.00737822 0.157526 1.31864e-05 0.0798826 0.29024 0.217012 0.103218 5.00768e-06 0.0517272 0.00484664 0.0648135 0.0185742 0.000258083 0.000199025 9.79728e-08 0.00354272 
0.000183904 0.0201221 0.0392247 3.33553e-05 0.00403755 0.64225 0.172752 0.000861826 6.90506e-07 0.000767912 0.00298093 0.110109 0.0026129 0.003129 1.54606e-09 1.01998e-09 0.000934677 
0.000212866 0.00268804 0.0813162 9.28486e-10 0.0235549 0.649274 0.177634 0.00559064 3.14163e-06 0.0172725 0.00124062 0.03378 0.00274538 0.00223036 0.00240445 2.76209e-05 2.48699e-05 
0.000112385 0.019849 0.114965 0.000945091 0.0195129 0.405224 0.245617 0.00644162 6.63984e-05 0.00936925 0.0407438 0.130034 0.000408656 0.00382567 5.09977e-08 5.10456e-08 0.00288543 
0.00017355 0.0088873 0.0964354 3.91347e-06 0.0150789 0.783987 0.0360863 0.016534 2.59068e-06 0.00753093 0.00809504 0.0221441 0.00387114 1.10955e-05 1.49957e-06 1.02326e-07 0.00115725 
0.00133097 0.0140723 0.23665 0.00010461 0.0204248 0.362139 0.0604612 0.218287 0.000222779 0.0218936 0.0413378 0.00675065 0.00705914 0.00468225 0.000927563 8.26768e-05 0.00357366 
8.28486e-05 0.024551 0.330154 0.00184752 0.00666358 0.41888 0.142734 3.38611e-06 1.58626e-07 0.000244189 2.8985e-06 0.0372994 0.000195597 0.000495226 3.80282e-07 7.15802e-05 0.036774 
0.00202974 0.022798 0.0790268 0.00215246 0.031733 0.363191 0.226715 0.0229188 6.44504e-05 0.0187486 0.00946602 0.182442 0.0294532 0.00430334 0.000752657 0.000795306 0.00340956 
0.00605114 0.0439185 0.0675894 2.72789e-05 0.0734312 0.447197 0.0630715 0.00149936 1.32134e-05 0.0251053 0.145188 0.083031 0.0385852 0.00229768 0.00187839 1.29844e-05 0.00110332 
0.000111692 0.225748 0.142788 0.000151067 0.0450923 0.269788 0.101768 0.0440293 0.00939467 0.0428442 0.000528122 0.0439996 0.0135609 0.00150225 2.50551e-05 3.91428e-08 0.0586689 
5.45102e-05 0.0163735 0.194072 0.00605563 0.0274929 0.293311 0.201018 0.0101653 1.0414e-05 0.00636325 0.0133325 0.184871 0.0373798 0.00324026 0.000164928 2.42455e-06 0.00609132 
0.0118765 0.0555382 0.22536 0.00473781 0.0212487 0.385896 0.123984 0.110495 0.000258387 0.0149942 0.00824428 0.0233731 0.00297792 0.00501896 0.00191753 0.000537287 0.00354233 
0.000423881 0.0231066 0.137584 0.000708333 0.0311438 0.430893 0.107619 0.152695 0.000427635 0.00698741 0.0358749 0.0206658 0.0155371 0.0127441 0.000856334 3.69778e-07 0.022732 
0.029774 0.226596 0.0316899 9.75395e-06 0.042823 0.534141 0.056774 0.0444872 4.85553e-06 0.00143935 0.00370648 0.0272798 0.000411643 0.000340846 0.000476882 7.43741e-07 4.48602e-05 
0.000299056 0.017955 0.233894 0.000637142 0.0274715 0.417997 0.0762358 0.125068 0.000291743 0.00501787 0.0346735 0.0183182 0.0101714 0.0150513 0.000749384 2.61028e-07 0.0161677 
0.000306251 0.0483451 0.0458759 2.63602e-05 0.0934611 0.591131 0.131832 9.69951e-09 1.26246e-09 1.76351e-08 0.0417509 0.0142857 1.54036e-08 0.0328102 2.105e-07 2.69991e-06 0.000172287 
0.000859972 0.0176757 0.106571 0.0108685 0.0303057 0.326125 0.225934 0.0324579 8.27587e-05 0.0730325 0.011865 0.150046 0.00261918 0.00432156 0.00029326 0.000414147 0.00652794 
0.00117433 0.0506874 0.062154 1.75746e-05 0.0458005 0.377327 0.200236 0.00129973 6.16564e-05 0.00230234 0.140031 0.0654917 0.00923478 0.0277991 0.00374276 0.000285385 0.0123547 
9.61392e-05 0.00480235 0.0512479 7.19736e-06 0.0181582 0.83289 0.0453187 0.0019355 4.39236e-05 0.00359802 0.0106832 0.0247413 0.00187696 0.00396347 2.05958e-06 0.000477906 0.000157193 
0.00117105 0.0329417 0.153229 6.86522e-05 0.0216638 0.337108 0.325083 0.0160194 0.000123252 0.0130436 0.0100562 0.0804654 0.0060601 0.00194273 3.051e-06 8.3686e-06 0.00101205 
0.000120338 0.0238891 0.102207 0.000225068 0.0362816 0.374014 0.32848 0.0128956 5.71375e-06 0.012616 0.0107171 0.0775742 0.00810317 0.00122002 0.000305109 3.41916e-07 0.0113464 
0.00409792 0.10801 0.133781 0.000724389 0.039619 0.284401 0.255567 0.0162465 0.000110663 0.0395385 0.0150377 0.0641833 0.0112421 0.00341721 0.0220541 5.18509e-05 0.00191767 
