0.000716548 0.105333 0.0351606 6.3927e-05 0.0339153 0.0966887 0.244695 0.00755271 4.04496e-05 0.0220581 0.222239 0.169205 0.0565541 0.000973077 0.000192022 0.000488455 0.00412499 
0.000331362 0.00340074 0.0199449 1.30699e-05 0.0124267 0.0528556 0.83786 0.000306906 3.76274e-07 0.000212457 0.0169691 0.0346976 0.0196181 0.00047233 0.000170836 3.87895e-05 0.000681481 
0.00142019 0.0103814 0.230747 2.57161e-05 0.00537537 0.105854 0.498977 0.0169029 5.86261e-07 0.0203377 0.0120445 0.0543874 0.0428246 0.000439505 3.06017e-07 3.1817e-09 0.000282007 
0.00299869 0.0880177 0.0245027 9.84067e-05 0.0480613 0.189803 0.574956 0.00300453 8.19372e-05 0.0241551 0.00248949 0.0217944 0.0160451 0.00279485 0.00011144 5.49949e-08 0.001085 
0.00666711 0.0937042 0.00244288 0.00874422 0.00578805 0.0494159 0.762495 0.00045192 0.000374602 0.00266542 0.0057223 0.00625095 0.0464575 0.000413195 7.13794e-07 6.63541e-07 0.00840505 
0.00230955 0.165159 0.0223314 3.9991e-06 0.020798 0.0838502 0.663162 0.000528202 2.11062e-05 0.00317495 0.00238339 0.01667 0.0103466 0.00201248 7.50894e-05 2.33348e-05 0.0071506 
5.3066e-05 0.240488 0.0915207 5.56205e-05 0.00975745 0.231541 0.347864 0.000943309 4.22132e-06 0.038466 0.00246922 0.0317465 2.95731e-09 0.000309759 1.31527e-11 2.57795e-08 0.00478099 
0.000231386 0.0777518 0.118376 7.3254e-05 0.0209046 0.0521981 0.400412 0.000393115 1.05121e-06 0.294338 0.00879675 0.0182409 0.000331044 0.000742471 0.000439775 0.000453193 0.00631546 
0.00144977 0.0412191 0.0307773 0.0979956 0.00553634 0.0783886 0.548435 0.0419378 0.00091036 0.00629847 0.00271024 0.0820288 0.00648899 5.23112e-05 0.000133984 0.00845589 0.047182 
0.000869427 0.0174061 0.181501 0.00120902 0.01643 0.277809 0.377372 0.00807955 1.01074e-05 0.00933061 0.0076042 0.0889868 0.00726595 0.00122569 1.34895e-05 0.00120329 0.00368307 
0.00805095 0.00979177 0.00107005 0.000230147 0.0282599 0.0868186 0.653751 0.00053158 3.69553e-06 0.00582145 0.0395353 0.0731886 0.0897977 0.000469083 1.71974e-05 0.00054992 0.00211273 
0.000252298 0.0778127 0.0452362 8.28538e-05 0.0144313 0.029003 0.67336 0.00448558 3.70686e-05 0.104111 0.00824585 0.0382891 0.000297138 0.000749742 7.00996e-09 7.38669e-05 0.0035324 
0.00268535 0.132667 0.0508073 0.0297262 0.106771 0.165161 0.167372 0.0445395 2.60778e-05 0.00346899 0.136411 0.0301141 0.0103615 0.105248 0.000437421 0.00243858 0.0117642 
0.00111521 0.0587814 0.205761 0.00343763 0.0165832 0.125884 0.329689 0.0323497 0.000207654 0.149021 0.0151768 0.0501852 0.00428267 0.00372091 0.000299625 0.000428867 0.00307692 
0.000199846 0.000130954 0.0132517 1.66237e-06 0.00623949 0.0553922 0.850852 0.000256305 9.4591e-08 0.000102661 0.000318589 0.0485318 0.0240422 0.000324505 3.6066e-06 1.86274e-05 0.000334239 
0.0013815 0.0751594 0.0344426 0.185935 0.00377359 0.0442704 0.450575 0.00712026 0.00167586 0.0360866 0.0141683 0.0638033 0.00638121 0.00010117 1.03754e-07 0.0058806 0.0692442 
0.0205869 0.00549782 0.00909274 0.0837429 0.0116471 0.169615 0.628882 0.0199483 4.69659e-07 0.00174062 0.0161946 0.00682792 0.00405594 0.000269804 0.00161239 3.36318e-05 0.0202522 
0.00223189 0.0547924 0.0266451 0.000378814 0.227214 0.0806921 0.347191 0.0355804 3.41425e-05 0.0108187 0.0760902 0.0130145 0.0230017 0.012535 0.00759599 1.28462e-08 0.0821845 
0.0950281 0.0449278 0.0614905 0.0241017 0.0186151 0.0227727 0.383277 0.0102271 9.02489e-05 0.00728614 0.00477296 0.0727965 0.0020508 0.00172966 4.41272e-06 0.00588451 0.244945 
0.000218609 0.0251159 0.0251957 3.25844e-06 0.0726005 0.288183 0.322258 0.00245047 3.37591e-06 0.00764254 0.00231917 0.160364 0.0805763 0.0121819 1.94253e-05 3.38457e-06 0.000864124 
5.96379e-06 0.00793685 1.06692e-10 3.15836e-10 0.00526329 2.35873e-06 0.433167 2.66876e-06 1.2978e-09 3.05665e-06 3.28702e-06 0.421389 0.131214 0.00101046 2.10901e-09 1.10743e-09 2.03639e-06 
8.0603e-05 0.0197451 0.0361899 1.05216e-07 0.0536395 0.156276 0.553258 8.25306e-05 4.50071e-07 0.0243621 0.00145105 0.15409 0.000407409 0.000413638 1.1087e-08 5.82174e-09 2.58865e-06 
0.000262008 0.0042238 0.0100871 1.05744e-05 0.000869361 0.101038 0.820893 0.00204862 2.16532e-06 0.00392007 0.00246672 0.0370927 0.00515485 5.57016e-05 4.20254e-07 7.06599e-06 0.0118674 
3.32829e-09 3.96242e-05 5.9441e-06 1.34311e-09 7.25384e-06 0.372873 0.440129 1.3705e-09 5.51897e-09 0.029859 8.05146e-10 0.154312 0.00277249 1.76978e-06 8.96867e-09 4.70942e-09 2.67375e-07 
0.00425311 0.0626971 0.0224382 0.019657 0.0409793 0.0273089 0.400325 0.0212754 3.83615e-05 0.00318918 0.0144612 0.295047 0.0278693 0.00138311 0.000162153 0.0303054 0.0286099 
0.0156292 0.0437842 0.0616233 0.0118674 0.0280764 0.107369 0.558109 0.00300564 0.000103368 0.0347118 0.0158121 0.0595304 0.0502151 0.00390849 1.17204e-05 0.000250838 0.00599198 
0.0038106 0.0211208 0.0977464 0.00501303 0.0287496 0.256596 0.314225 0.0641502 8.98711e-05 0.0265785 0.0185056 0.135755 0.00572523 0.00119233 0.000536279 0.00518736 0.015018 
0.00029143 0.180732 0.00790526 0.00381685 0.0203253 0.0573651 0.601844 0.0393061 2.4228e-07 0.0276743 0.0051736 0.0252917 0.00333774 0.00149103 0.0174882 0.000483905 0.00747339 
0.000274408 0.203447 0.26351 9.88321e-09 0.00137123 0.0358048 0.438814 1.779e-07 0.000347727 0.0536946 5.79686e-05 0.00188803 5.0307e-08 0.000570904 9.53141e-09 0.000207263 1.22447e-05 
0.00248079 0.0669945 0.106714 0.0068531 0.045899 0.279423 0.368567 0.0228316 4.91287e-05 0.0171169 0.00691953 0.0571273 0.00772508 0.00459254 0.000207154 0.00068598 0.00581315 
0.000145375 0.113428 0.0173878 0.0115417 0.00301807 0.0888224 0.466635 0.210528 0.000280864 0.0241793 0.00992436 0.0312377 0.00139194 0.000109742 4.35594e-06 0.00074224 0.0206219 
0.0011426 0.0896825 0.014079 0.123111 0.00416227 0.122969 0.44109 0.103209 1.46071e-05 0.00512579 0.00138129 0.0633795 0.00933621 0.000290808 2.13643e-08 6.91516e-05 0.0209577 
0.0420243 0.159031 0.090629 0.0198631 0.0843309 0.101398 0.36378 0.00107641 1.69689e-09 0.00167213 1.18684e-07 0.066423 0.0416612 8.75721e-06 1.26026e-06 1.19157e-06 0.0280998 
0.000522031 0.0113994 0.0560421 3.96138e-06 0.0152555 0.265476 0.60791 0.00141706 8.11343e-08 0.000652791 0.0165438 0.02118 0.000879791 0.00231676 6.25612e-07 1.28987e-11 0.000400162 
0.0202603 0.0721609 0.0726783 2.56213e-05 0.0724823 0.140433 0.389132 0.0150102 0.000397671 0.0202822 0.000590878 0.138161 0.0254034 0.00302761 2.42626e-05 0.0275732 0.00235685 
0.00035076 0.0137668 0.0877707 0.00879744 0.00437788 0.171776 0.510219 0.0125446 7.75538e-06 0.00812643 0.00228433 0.0394974 0.00508746 0.00157106 0.00123754 0.000184644 0.1324 
0.012398 0.021043 0.0913264 0.040826 0.00555754 0.120099 0.459604 0.0164022 6.54322e-06 0.00508392 0.000573427 0.191787 0.0143679 0.00061301 3.92388e-05 0.000813312 0.0194601 
0.0308786 0.232573 0.0490275 0.00591735 0.111729 0.0549316 0.349023 0.0250354 0.000667051 0.0198693 0.00864635 0.0852464 0.00473439 0.00433832 0.00137079 0.00151945 0.0144921 
0.000748499 0.0277418 0.119616 0.00270818 0.0269928 0.17789 0.219947 0.213676 9.16407e-05 0.0757558 0.00570966 0.105754 0.000243485 0.0132068 2.66188e-05 0.000111774 0.00978111 
0.000843846 0.0269392 0.0432047 0.0103976 0.0268422 0.109914 0.536589 0.0699036 1.85689e-05 0.00527552 0.0239433 0.121125 0.00510872 0.00177294 0.000364943 0.00279282 0.0149646 
9.25981e-05 0.0364689 0.0683132 0.00079277 0.030481 0.116921 0.6141 0.00481133 1.45136e-06 0.0291646 0.00245566 0.0826349 0.0103392 0.00162592 0.000199076 0.000123005 0.00147545 
0.000164887 0.0120275 0.064227 1.24048e-06 0.0150488 0.120142 0.543927 0.00888683 4.31174e-06 0.0266595 0.00119917 0.202636 0.00438194 0.000522162 1.7274e-08 3.41856e-06 0.000168669 
0.00727034 0.0808027 0.143774 0.00198275 0.0325808 0.144118 0.340991 0.032402 0.0248062 0.104949 0.0208942 0.0494505 0.00265535 0.00418473 0.000137578 0.00343446 0.00556791 
0.000773257 0.013991 0.0320485 5.55939e-06 0.00594326 0.0895022 0.786397 0.0106151 0.000105668 0.00519519 0.00466379 0.0411604 0.00529408 0.00333059 1.44969e-05 2.84131e-06 0.000956566 
0.0070227 0.0409812 0.0948306 0.00131534 0.0193779 0.140378 0.332419 0.190324 0.00203722 0.040735 0.0373627 0.061017 0.0279461 0.000309557 0.000246711 0.000353359 0.00334313 
0.00441113 0.0582452 0.092383 0.00482835 0.110187 0.0677284 0.287624 0.00304408 0.00119813 0.0328948 0.0104456 0.260375 0.0121389 0.0244707 1.79571e-06 0.02715 0.00287353 
8.75792e-05 0.00815044 0.0844027 0.0205185 0.0253168 0.11162 0.427534 0.00171906 8.99193e-07 0.0177488 0.00260856 0.254124 0.00905069 0.000180099 2.67554e-05 0.00050074 0.0364097 
0.00193439 0.0475945 0.0551636 0.043827 0.00864558 0.0414424 0.474141 0.0179712 9.34007e-06 0.00368171 0.000602919 0.108064 0.144467 0.000162844 5.26368e-07 0.00389099 0.0484011 
1.1493e-05 0.0382785 0.227192 0.000483339 0.0017597 0.111756 0.324862 0.272529 0.00154591 0.00273718 0.00204009 0.00958776 2.06371e-05 0.0047981 1.03203e-08 1.04737e-11 0.0023983 
0.00102982 0.123603 0.00430081 0.138841 0.0662706 0.093604 0.381654 0.0220301 1.49164e-07 0.00265337 0.0165385 0.0239754 0.00796431 0.0161051 0.00182152 4.6411e-06 0.099604 
0.000868981 0.0169698 0.0765233 2.6862e-05 0.0370077 0.0548382 0.70358 0.00471802 1.86381e-06 0.00361249 0.033209 0.0281173 0.0383494 0.00110958 0.000122259 0.000386202 0.000558594 
8.5625e-06 0.00025829 0.0108562 0.0022038 3.00085e-05 0.122297 0.792275 0.00345812 1.44108e-11 0.000748118 1.03438e-05 0.0627568 0.00232004 1.90027e-05 2.34185e-11 5.09967e-08 0.00275923 
0.000711811 0.0220007 0.0453091 0.00703171 0.00664795 0.0455559 0.607805 0.00108463 1.98344e-05 0.0449458 0.000851944 0.0625164 0.151839 0.00269525 0.000421496 0.000285467 0.000277785 
0.0968894 0.127807 0.0252914 0.00300958 0.0227041 0.00373427 0.445312 0.00279751 0.0293252 0.00977999 0.00172453 0.0214778 0.0207447 0.00114409 1.09237e-08 0.000199892 0.188059 
0.00229586 0.0502208 0.0238712 0.000131323 0.0295664 0.195117 0.372443 0.00165273 8.41118e-07 0.0231997 0.00583134 0.287781 0.00168093 0.00504847 8.49593e-09 2.67037e-05 0.00113266 
0.000972378 0.0695431 0.0306633 0.00605997 0.0151526 0.236442 0.490092 0.00104444 4.62987e-05 0.00662292 0.00231567 0.106928 0.0317887 0.000706221 0.000111329 4.64756e-05 0.00146476 
0.0019403 0.0816503 0.116047 5.33977e-05 0.0294661 0.246481 0.344982 0.0328809 0.00047857 0.00406916 0.0198978 0.0639402 0.0359798 0.00277771 0.00171287 0.00348362 0.0141586 
0.000771972 0.0135381 0.0413607 2.92298e-05 0.00752057 0.172855 0.310776 0.000763195 1.26758e-06 0.0504213 0.0062538 0.248009 0.14454 0.000526949 0.000622478 3.05669e-05 0.00197983 
0.0730245 0.109324 0.0622174 0.0714629 0.0383726 0.107972 0.243347 0.0630429 0.00279744 0.0152376 0.0159111 0.0748281 0.0330932 0.00315827 0.000725509 0.00074819 0.0847368 
0.000408382 0.101527 0.106833 0.0715897 0.0239154 0.12912 0.384554 0.0145129 4.77768e-07 0.0285765 0.00252155 0.12392 0.0041069 4.39481e-05 3.23289e-08 0.000216702 0.00815424 
0.000209213 0.302999 0.0512055 1.36138e-05 0.00555887 0.0830069 0.386612 0.0181896 0.00364285 0.145198 0.000541765 0.00152036 0.000240965 8.85087e-05 5.06331e-07 1.93286e-09 0.000972862 
0.00155192 0.00566618 0.0178051 0.304157 0.00212511 0.00558245 0.306317 0.00883586 0.000459131 0.0181781 7.09504e-05 0.0608103 0.00101663 7.74276e-05 4.72376e-09 0.0277342 0.239612 
0.000526853 0.147307 0.240945 0.000518888 0.0646803 0.085621 0.243766 0.0203927 2.15898e-05 0.0546998 0.0331842 0.0440542 0.0605657 0.00212453 0.00128874 2.25507e-05 0.00028055 
0.00141157 0.134087 0.146086 6.07642e-05 0.0771529 0.163634 0.226454 0.095528 2.4111e-05 0.0595999 0.0106642 0.0630052 0.0163955 0.00140065 0.00311247 4.08285e-05 0.00134217 
0.00619711 0.212629 0.0271084 8.95366e-05 0.181179 0.0952501 0.371173 0.000857439 0.00045102 0.0275808 0.00017581 0.0608661 0.0155178 0.000705929 3.84789e-08 1.21815e-10 0.000218759 
0.000489054 0.0910932 0.223766 0.000707164 0.00620644 0.0816993 0.345382 0.001219 0.122758 0.081499 0.0176819 0.0117311 0.00325941 0.00312271 0.000322451 4.60501e-06 0.00905926 
0.0700958 0.112211 0.0633603 0.0162575 0.00936273 0.120718 0.470521 0.00300692 0.0459959 0.00829506 0.00639898 0.043202 0.0211719 0.000598104 7.1257e-07 0.000453731 0.0083511 
0.0170946 0.273482 0.0655122 1.67257e-10 0.00536543 3.91721e-05 0.467997 3.77859e-05 4.8178e-07 0.163731 5.23389e-06 0.000121705 1.71746e-05 0.00659154 1.11686e-09 4.575e-06 3.29663e-10 
0.00419913 0.153366 0.0327278 0.139862 0.0261629 0.043301 0.289531 0.024055 2.32851e-09 0.0112148 0.0409092 0.0090953 0.00582074 0.0335447 4.78996e-05 6.49676e-06 0.186156 
0.0155942 0.0592936 0.245976 1.22444e-06 0.0147584 0.220257 0.279426 0.00429282 3.17946e-06 0.024184 0.000709569 0.134876 0.000101097 0.000247526 1.17277e-06 4.57616e-06 0.00027383 
0.00252298 0.00728539 3.76504e-05 9.10642e-05 0.0367021 0.151368 0.691354 0.0103528 1.31656e-05 0.00330757 0.00237116 0.0618587 0.0315709 0.000258135 8.40144e-05 9.61344e-06 0.000812702 
0.000858975 0.121296 0.157469 0.0056022 0.0690918 0.0630949 0.363212 0.00789481 0.0156549 0.127198 0.0292917 0.0194055 0.00104399 0.00451503 0.0017397 5.13746e-05 0.0125807 
0.00574155 0.189483 0.0520905 0.00179721 0.0967795 0.100933 0.216033 0.0339464 2.54705e-05 0.00261915 0.0173771 0.0957159 0.0219722 0.00839405 4.81517e-05 0.00521073 0.151833 
0.000793125 0.00760559 0.123234 0.00359964 0.00783011 0.226994 0.366598 0.00745757 1.90876e-05 0.0807403 0.00622048 0.163292 0.00293625 0.000399251 1.32037e-05 6.78857e-05 0.00219884 
9.68099e-05 0.0320016 0.0347464 0.119256 0.010567 0.261782 0.407605 0.013725 0.000227049 0.000698628 0.00603149 0.083521 2.96862e-05 0.00031325 1.19997e-05 0.00380488 0.0255823 
0.000252298 0.0778127 0.0452362 8.28538e-05 0.0144313 0.029003 0.67336 0.00448558 3.70686e-05 0.104111 0.00824585 0.0382891 0.000297138 0.000749742 7.00996e-09 7.38669e-05 0.0035324 
0.00177245 0.0414565 0.0763939 0.00280897 0.0367875 0.322141 0.33771 0.0118787 0.00188435 0.0331113 0.0166552 0.0862699 0.0227779 0.00514852 0.000561278 0.000121961 0.00252066 
0.007628 0.0394381 0.100122 0.00486915 0.249661 0.0332697 0.308536 0.185443 3.92448e-06 0.00400791 0.0037552 0.0173977 0.0277241 0.00196389 7.35779e-06 0.00169012 0.0144829 
0.0333158 0.132263 0.0413763 0.000570428 0.0222161 0.122855 0.409168 0.00277181 0.0105858 0.0487179 0.0708299 0.0375741 1.83332e-07 0.0676328 2.53039e-05 2.52023e-10 9.72436e-05 
0.000143709 0.0303141 0.0154796 5.22794e-06 0.0499995 0.0879797 0.610611 0.00122181 1.18731e-06 0.00157159 0.00815469 0.0926062 0.054788 0.00154436 0.0445467 0.000599929 0.000432879 
0.000124601 0.0277539 0.106353 0.000291338 0.0120662 0.164246 0.396858 0.13685 0.000126597 0.0078706 0.00343709 0.0449225 0.0849907 0.00923516 0.000189787 2.09567e-07 0.00468507 
2.5842e-05 0.0025756 0.0178951 5.15897e-07 0.00212596 0.115712 0.755533 0.00151004 4.98308e-07 0.00381747 0.00700817 0.0350282 0.0497816 0.00713254 6.50912e-12 7.33212e-07 0.00185259 
0.000168466 0.00392008 0.14782 4.06264e-06 0.048246 0.0603193 0.629419 0.0133874 5.95456e-06 0.0127216 0.00328634 0.0695437 0.00910832 0.00120499 5.89159e-05 0.000525897 0.000260606 
0.000101077 0.0957729 0.138794 0.000238117 0.0186328 0.165692 0.258982 0.0019457 4.69099e-05 0.00581419 0.0145594 0.11108 0.186311 0.00166631 1.99095e-06 0.000209391 0.000151846 
0.000280085 0.0391891 0.0290781 0.000113779 0.00404029 0.0329597 0.458205 0.00488572 9.97819e-05 0.366753 0.000811166 0.0415652 0.000250717 5.14101e-05 3.56412e-06 0.00444558 0.0172678 
0.00113687 0.0312989 0.122921 0.00159495 0.050904 0.227148 0.315473 0.00634195 5.02218e-05 0.082805 0.018477 0.0795489 0.0471874 0.00848767 3.92835e-05 0.000744563 0.00584074 
5.19704e-11 2.35465e-05 0.122101 1.67989e-08 1.28491e-07 0.164912 0.58523 2.14e-11 8.61774e-11 0.0199598 1.25722e-11 0.107705 6.85098e-05 3.06712e-11 2.38214e-07 7.35366e-11 4.13365e-11 
0.0005464 0.00970805 0.0605618 4.0012e-05 0.00435051 0.0972937 0.784347 0.00493849 1.02539e-06 0.00104692 0.000950416 0.0253886 0.0103663 0.000327418 9.21294e-05 1.34987e-07 4.07616e-05 
0.0130593 0.124165 0.00233844 0.000749583 0.0136436 0.206824 0.56257 0.00344623 0.00238451 0.00444186 0.00313345 0.0305168 0.0267953 0.0001146 2.10153e-05 1.01268e-06 0.00579512 
2.68391e-06 0.274092 0.0288763 1.66951e-05 0.0051895 0.0121407 0.422655 1.0035e-06 1.56935e-07 0.0609291 2.35351e-07 0.196094 2.9644e-10 2.29839e-07 1.31089e-09 6.88343e-10 1.3899e-06 
0.0098404 0.0145952 0.00977145 0.0713359 0.0400953 0.319365 0.388193 0.0224986 5.3359e-06 0.00349231 0.0584866 0.0234515 0.00254642 0.00114316 0.000255543 0.000354713 0.0345695 
0.00113612 0.0294614 0.0184406 0.00180623 0.0109836 0.432422 0.440366 0.0149567 2.08363e-05 0.00188623 0.00828991 0.017123 0.00925699 0.00285529 1.84279e-05 0.00312127 0.00785565 
0.00419719 0.24005 0.0172027 8.77827e-05 0.0407269 0.109227 0.553257 0.000401425 0.000638043 0.00733707 0.00245535 0.00965712 0.00986276 0.00323057 4.71765e-05 3.07488e-08 0.0016222 
0.00250377 0.0446595 0.0471132 0.00465504 0.0989027 0.0781337 0.582083 0.00845596 8.6584e-07 0.00313776 0.0458103 0.0472731 0.00397118 0.00178658 0.000219587 0.0102184 0.0210749 
0.00347774 0.0533439 0.0665313 0.00402487 0.0406432 0.156166 0.331887 0.0237724 0.000459867 0.0793988 0.0112263 0.17672 0.0398785 0.00397347 0.000952827 0.00101453 0.00652904 
0.0140649 0.0490605 0.0399381 8.38537e-05 0.0614226 0.223927 0.459516 0.022192 0.000104248 0.00215787 0.0227971 0.0229337 0.0122492 0.00423716 0.000403517 0.00345927 0.0614529 
0.00822168 0.0349423 0.0755972 1.17463e-05 0.0239726 0.0715483 0.624405 0.00643389 4.6857e-05 0.0191625 0.00376948 0.124754 0.000346684 0.000339266 1.35914e-05 5.51557e-05 0.00637971 
3.29998e-05 0.0144255 0.0118876 1.26053e-05 0.00105018 0.0212233 0.891822 0.00472177 7.91458e-07 0.00207961 0.000295286 0.00500406 0.000725691 5.72446e-05 3.30316e-08 0.00385357 0.0428078 
0.00209864 0.0955343 0.0160361 0.000119901 0.00726442 0.139392 0.643969 0.000754702 1.761e-05 0.0140374 0.00165212 0.0615965 0.0146316 0.000217998 2.23706e-08 1.43441e-08 0.0026786 
0.000115209 0.147467 0.0478471 4.83944e-06 0.123481 0.107169 0.326829 0.0182209 3.64098e-05 0.0809574 0.00981069 0.073666 0.0223449 0.041716 4.80434e-05 5.34775e-07 0.000286088 
0.00125464 0.0929831 0.00567269 0.000837757 0.0611554 0.00624346 0.440424 0.0044638 3.65329e-06 0.000687449 0.201459 0.0378528 0.088381 0.000335704 0.000120184 5.92875e-05 0.0580663 
8.40628e-05 0.153128 0.0110005 0.00131115 0.00947398 0.0263575 0.73453 0.0265175 7.06503e-07 0.00380634 0.00520104 0.0116113 0.000562636 0.000566526 2.67028e-05 0.0138431 0.00197884 
0.000259749 0.0616653 0.0474026 0.00795737 0.0337054 0.355495 0.383886 0.0191663 4.62613e-05 0.0224496 0.00537614 0.039308 0.0213547 0.000314806 5.383e-06 4.32293e-07 0.00160625 
0.00681683 0.111053 0.00877148 7.25117e-05 0.0172457 0.0851108 0.630452 0.000211896 0.000484529 0.00513183 0.0104264 0.111223 0.0045679 0.00831678 8.06709e-07 5.53286e-10 0.000113882 
0.0013845 0.0548978 0.0833811 0.000217572 0.022402 0.216411 0.542325 0.00886587 0.00179834 0.00670218 0.00908402 0.032391 0.01263 0.00183011 7.34391e-05 0.00411996 0.0014855 
5.44667e-06 0.0366342 0.221151 0.00191288 0.0594797 0.0431813 0.350837 0.0303529 8.27981e-09 0.0414346 0.00887396 0.12949 0.0250229 0.000745468 3.77261e-05 1.93077e-06 0.0508396 
0.00142526 0.0656741 0.216951 0.00069869 0.0369997 0.232394 0.323826 0.0271392 5.10738e-05 0.0236617 0.017502 0.0319015 0.00412052 0.00784858 0.00127839 0.00188628 0.00664146 
0.00130623 0.0515281 0.066762 0.00161158 0.038866 0.105279 0.607533 0.0358319 0.000177499 0.0352301 0.0064785 0.0434731 0.000910256 0.00310503 7.13533e-07 0.000538713 0.00136868 
0.00143787 0.273744 0.0522051 0.000659363 0.0225204 0.186863 0.325141 0.00963577 0.0516978 0.0448927 0.000687544 0.00526788 0.00603496 0.000516798 3.76912e-05 4.18292e-11 0.0186577 
0.000736762 0.0517322 0.0244643 6.13856e-05 0.00622088 0.129769 0.715725 0.00348734 1.13592e-05 0.00315497 0.00580047 0.0350058 0.0226546 0.000777084 1.10561e-07 5.29634e-06 0.000393783 
0.00209756 0.209402 0.0064082 0.000262512 0.0260055 0.0665137 0.660502 0.000620168 0.00271611 0.000368781 0.00842315 0.00262189 0.00383423 0.00813724 0.000420051 0.000697408 0.00097017 
0.00219682 0.0956511 0.0926589 3.36746e-05 0.0306291 0.110372 0.534322 0.000571293 0.000302348 0.00642046 0.00033871 0.0818083 0.0439494 0.000121224 2.40613e-06 1.84956e-08 0.000621968 
6.36491e-05 0.0197043 0.0299987 1.40051e-05 0.00184462 0.228416 0.67708 0.000171452 6.28635e-05 0.00144288 0.0264816 0.014077 0.000372654 7.33243e-05 3.83548e-05 4.94938e-05 0.000110028 
0.000189079 0.0157953 0.219276 1.87831e-05 0.0569752 0.126512 0.284229 0.0473984 2.63229e-05 0.0186354 0.00410035 0.212495 0.0123272 0.000961824 3.68536e-05 0.000870763 0.000153273 
7.27801e-05 0.0189669 0.107471 9.81664e-05 0.0151873 0.075815 0.516701 0.171262 2.72145e-05 0.0298921 0.0107838 0.048739 0.000337751 0.000904437 0.000324005 0.00211627 0.00130118 
4.61331e-06 0.0505242 0.0401265 0.00384257 0.0249103 0.197993 0.347138 0.0668017 2.64532e-06 0.00339452 0.000292878 0.236436 0.000151569 0.0038673 7.45214e-08 2.77245e-06 0.0245119 
4.31722e-05 0.108979 0.251685 4.2288e-06 0.0110984 0.0763535 0.293695 0.0601309 0.00036728 0.0163562 0.000278942 0.126406 0.0489264 0.00101639 1.43493e-07 8.83032e-10 0.00465889 
0.000623806 0.010218 0.0153413 0.000113189 0.0061475 0.0778477 0.818265 0.00101922 5.03212e-06 0.0229459 0.00586388 0.0345106 3.22308e-08 2.87418e-08 4.40448e-07 2.57354e-05 0.00707301 
6.93717e-05 0.0149792 0.299405 0.0250523 0.00927982 0.0192325 0.321669 0.020327 0.00122888 0.130875 0.00327331 0.103868 0.0437684 0.000524485 0.000836503 0.0013862 0.00422482 
4.10832e-05 0.0790682 0.0191287 0.126856 0.0730039 0.0103327 0.313281 0.12049 2.02432e-07 0.00504187 0.00081411 0.197944 0.0107345 0.0046527 8.14752e-06 0.000630851 0.0379724 
0.00116146 0.208 0.00633196 0.0185201 0.0434707 0.129941 0.411499 0.00433415 0.000395186 0.00619186 0.0538607 0.0417195 0.0267014 0.000387422 4.73572e-05 0.00147087 0.0459671 
8.71742e-06 0.00170978 0.0130051 7.12178e-10 0.00148426 0.370308 0.527516 0.00132215 2.05893e-10 0.00165272 0.000832699 0.0796068 0.00193352 0.000179359 4.43564e-13 7.53734e-09 0.00044028 
0.000158391 0.000944349 0.00651353 0.00190523 0.000790008 0.0746158 0.864484 0.00164926 8.69379e-08 0.000641676 0.000179493 0.0389763 0.00701672 1.49263e-05 0.000190133 6.55303e-07 0.0019194 
0.0010445 0.00804619 0.136526 3.1405e-05 0.00797583 0.116458 0.526999 0.15943 0.000374911 0.00161923 0.00732068 0.030175 0.00101711 0.000423524 9.97534e-06 0.000567367 0.00198223 
0.000771945 0.00390331 0.0546981 0.0382332 0.0483661 0.185537 0.494415 0.061887 9.82093e-07 0.0151274 0.0121007 0.0588311 0.0232452 0.000983037 2.6712e-05 3.32673e-05 0.00183946 
0.000138494 0.0055524 0.0159806 1.39876e-08 0.0217128 0.324283 0.330658 2.40048e-05 1.04581e-08 0.00174444 0.000882973 0.294178 0.00386969 0.000168589 0.000412738 1.78227e-10 0.000393819 
0.0171305 0.0469191 0.0269084 0.000175842 0.0221912 0.0485216 0.432686 0.0049968 3.41923e-05 0.00397691 0.114799 0.182383 0.081733 9.264e-05 2.04676e-05 2.30521e-06 0.0174291 
0.0102515 0.163407 0.000645256 4.91501e-05 0.0134509 0.0533896 0.588087 0.00639605 0.000179388 0.000156226 0.0011807 0.0866271 0.0758408 0.000193998 5.35593e-09 2.81238e-09 0.000144609 
0.0129729 0.113949 0.110171 1.24718e-10 0.141384 0.0230678 0.370019 0.00519116 2.85785e-07 0.000165081 1.03072e-06 0.218768 0.004302 7.09771e-07 5.47954e-07 1.30349e-06 5.44957e-06 
0.00239533 0.00395621 0.0960361 0.0003899 0.00253011 0.0013525 0.7917 0.0227827 0.000124752 0.00229284 0.000410701 0.0665247 0.00138227 0.000355416 6.11877e-05 0.0014319 0.00627299 
0.00113504 0.105053 0.022187 0.011181 0.0292161 0.163115 0.513764 0.0238924 3.7762e-07 0.0154956 0.0106626 0.0219044 0.0398262 0.001371 0.0248907 0.00077773 0.0155273 
0.0015083 0.286216 0.0216461 0.000164339 0.0574997 0.217634 0.304711 0.00419629 0.0013016 0.00596593 0.00792044 0.0544547 0.0255387 0.0109602 9.47077e-11 4.97307e-11 0.000282451 
1.72464e-05 5.11373e-05 0.00358974 2.60353e-06 0.000234787 0.158408 0.801052 3.29602e-05 3.7605e-10 0.000116221 0.000128682 0.0331598 0.00307041 9.4865e-05 1.36044e-12 7.14362e-13 4.14662e-05 
0.000493584 0.00910958 0.0465979 0.052901 0.0327165 0.0677755 0.569881 0.000641196 0.000258113 0.0018997 0.00124041 0.0817718 0.00875473 0.00144925 7.01689e-06 0.00030644 0.124197 
4.26996e-07 0.000388705 0.0321752 4.13634e-07 0.000203393 0.0674131 0.502236 0.000209405 7.94386e-06 0.299108 0.00920484 0.0884703 8.47667e-05 0.000260866 3.58675e-09 3.75238e-06 0.000232821 
0.00655905 0.131509 0.0365349 4.59828e-06 0.0205039 0.0611348 0.433181 0.00184041 0.000267885 0.000725652 2.4682e-05 0.0894395 0.215777 0.000109611 8.08863e-05 7.91641e-09 0.00230758 
2.66175e-05 0.00487166 0.00987763 0.000459466 0.000729391 0.0902457 0.42924 0.00809134 1.29984e-08 0.274727 2.48374e-05 0.178869 0.00061589 8.49499e-07 3.03731e-08 0.000294898 0.0019254 
0.000200556 0.0521709 0.019516 0.000169518 0.0198888 0.260083 0.517033 0.0140927 1.513e-08 0.00598 0.000269649 0.0941609 0.0018696 0.000795275 7.49987e-11 3.93817e-11 0.0137698 
0.000905695 0.0594828 0.0287293 2.28554e-05 0.0356608 0.168904 0.500782 0.00116492 3.27267e-06 0.0049457 0.00145498 0.170161 0.0190548 0.00371821 8.20368e-06 0.000588484 0.00441297 
0.00162207 0.0332204 0.130215 0.0125143 0.0392144 0.10108 0.306811 0.0297223 0.00867519 0.155005 0.0139727 0.146188 0.010747 0.00582996 0.00150796 0.000403396 0.00327164 
0.00147608 0.0690198 0.0277186 0.0266929 0.00371977 0.054152 0.55653 0.000375901 0.000121349 0.00220928 0.000110312 0.0522456 0.135957 0.000194365 6.47951e-08 0.00023481 0.069243 
0.00100241 0.234893 0.098126 0.000504079 0.0160745 0.201311 0.277512 0.00929618 0.0786631 0.0435417 0.000295521 0.0353323 1.14924e-10 0.000307989 5.38117e-07 8.13268e-05 0.00305783 
0.0031248 0.114359 0.0815281 6.43225e-05 0.0182724 0.172339 0.410663 0.0166731 0.000106371 0.0814781 0.0339277 0.0361551 0.0238175 0.0025283 0.000403183 3.15271e-08 0.00456066 
0.000374079 0.0175278 0.0940682 1.68602e-05 0.0103973 0.0834008 0.608115 0.000681453 3.29664e-06 0.021642 0.00444112 0.105962 0.0506822 0.000344163 0.00224995 1.43105e-06 9.22094e-05 
0.00839266 0.142859 0.0214091 0.0254874 0.018401 0.250443 0.40613 0.0142601 0.000198252 0.00764431 0.0547554 0.021047 0.0197252 0.00101631 0.000429065 9.21781e-06 0.00779363 
0.000328343 0.0123826 0.047238 2.46247e-05 0.0257465 0.384755 0.456686 0.000858609 8.42069e-07 0.00237059 0.0308353 0.0218317 0.00460665 0.0059925 0.00300326 1.04708e-05 0.00332926 
0.00439498 0.12371 0.0594974 0.000107075 0.0675416 0.0649119 0.566818 0.00199025 0.00151778 0.0157306 0.000156395 0.0735265 0.00114738 0.00517453 0.0123253 0.00095109 0.000499095 
8.57661e-05 0.089417 0.0485006 6.44593e-07 0.0378632 0.0180817 0.451656 8.62042e-05 0.000832098 0.0092403 9.45058e-05 0.301655 0.0367755 0.00209133 2.25069e-05 2.59197e-06 0.00359534 
8.63401e-05 0.0498842 0.298239 4.69403e-05 0.00605544 0.148542 0.432346 0.0192443 0.000711857 0.0333129 0.000882872 0.00934078 0.000111589 0.000789241 5.85107e-07 7.33604e-10 0.000405598 
0.00175105 0.03469 0.0574007 0.00168357 0.014337 0.0873557 0.666182 0.00425018 0.000375563 0.00380824 0.00227893 0.0572396 0.0130658 0.000388534 1.54952e-06 0.00304751 0.0521444 
0.00491496 0.0667042 0.205911 0.000897927 0.0337348 0.16424 0.25817 0.0657441 1.37155e-05 0.0827762 0.0211343 0.0730901 0.00341126 0.00290319 5.06211e-06 0.00452976 0.0118198 
0.00436056 0.217112 0.0270386 0.000329655 0.0767112 0.135815 0.221292 0.00320069 1.87866e-05 0.0473025 0.0329912 0.118419 0.0116176 0.00264672 3.32467e-06 1.07923e-07 0.101142 
0.00317708 0.227859 0.0583372 0.000291211 0.00680757 0.119848 0.42555 0.035844 4.04047e-05 0.00703819 0.00253505 0.0500983 0.000182604 0.000800792 5.93715e-05 2.76613e-05 0.0615037 
0.00839328 0.215205 0.00725882 0.000576728 0.0178076 0.24449 0.450915 0.00274501 0.00104674 0.0029006 0.00574616 0.0171939 0.00977252 0.0133297 4.04813e-05 2.3931e-06 0.00257624 
0.000155221 0.00906892 0.0746034 3.20665e-05 0.0186645 0.0800133 0.677118 0.00277675 3.46318e-06 0.0108434 0.0831044 0.038467 0.00107829 0.00073037 0.000862571 0.000803693 0.00167431 
0.00114837 0.120501 0.0449056 0.0268856 0.101878 0.111657 0.284969 0.0542094 6.5765e-05 0.0073366 0.0375382 0.0512583 0.00925386 0.00448377 0.000850885 0.000660321 0.142398 
8.36439e-05 0.0508204 0.204834 2.08306e-05 0.0269734 0.124511 0.362544 0.00998133 0.000416391 0.209358 0.00104516 0.00174266 0.000532283 0.00439178 0.00263226 3.53402e-08 0.00011394 
0.000159949 0.0452876 0.0676836 0.00818098 0.125269 0.101847 0.308916 0.0992442 1.14255e-06 0.0227508 0.000418042 0.188416 0.00177251 0.000679994 5.98013e-06 0.0170607 0.0123064 
0.00117208 0.048917 0.0313429 0.000147825 0.0712494 0.165556 0.494611 0.0861348 1.38404e-05 0.00439675 0.0570613 0.0132635 0.00509266 0.00949122 0.000148346 1.81646e-05 0.0113826 
0.00047067 0.0485184 0.0450964 0.0519936 0.0554773 0.259832 0.310948 0.0325811 0.0010428 0.0346492 0.0212968 0.0639027 0.00606913 0.0242978 0.000820777 0.0111728 0.0318306 
5.03987e-05 0.00365162 0.032956 0.00321751 0.0188969 0.168197 0.653955 0.00810789 2.79265e-09 0.0095774 0.00997921 0.0858079 0.000618759 0.000524487 9.69372e-09 9.46333e-05 0.00436537 
0.00371012 0.220528 0.0119061 0.000411243 0.0254914 0.0278818 0.351371 0.0030367 0.01753 0.0456473 0.0475786 0.0735324 0.0011246 0.0127413 2.46876e-08 7.44936e-08 0.157509 
0.00419913 0.153366 0.0327278 0.139862 0.0261629 0.043301 0.289531 0.024055 2.32851e-09 0.0112148 0.0409092 0.0090953 0.00582074 0.0335447 4.78996e-05 6.49676e-06 0.186156 
0.000875889 0.0992793 0.0579145 0.0535983 0.150583 0.074562 0.246156 0.0741341 5.22757e-05 0.0104647 0.00350834 0.175261 0.00802657 0.00509454 4.71685e-05 0.00054136 0.039901 
0.00903682 0.0475561 0.0740468 0.00188758 0.0457895 0.29772 0.325966 0.0084257 8.23769e-06 0.0133494 0.0190563 0.111398 0.0255733 0.00191905 0.000260323 0.00333801 0.014669 
0.00330711 0.044498 0.0898137 0.0172899 0.0293082 0.335334 0.363119 0.0127555 8.91738e-05 0.0137765 0.0470611 0.0313253 0.00133742 0.00914378 0.000794661 3.99013e-05 0.0010065 
0.0104993 0.025667 0.00347395 0.000136263 0.00736724 0.0671203 0.825814 0.000915457 9.64324e-05 0.00253228 0.0207064 0.0176993 0.0142847 0.00022 1.55992e-06 5.09555e-08 0.00346614 
0.000163648 0.0339672 0.0194176 7.3416e-05 0.0391419 0.0405499 0.665581 0.0314103 1.15116e-06 0.00871161 0.00560438 0.117349 0.021976 0.00273884 0.0065843 0.00180369 0.00492664 
8.40628e-05 0.153128 0.0110005 0.00131115 0.00947398 0.0263575 0.73453 0.0265175 7.06503e-07 0.00380634 0.00520104 0.0116113 0.000562636 0.000566526 2.67028e-05 0.0138431 0.00197884 
0.00052228 0.0592505 0.0993731 0.105667 0.0596025 0.0558275 0.223945 0.0198133 9.88494e-06 0.0233584 0.102519 0.0377642 0.00434948 0.0596667 0.000138983 0.00122384 0.146969 
0.000463672 0.0075035 0.10323 0.0138975 0.00251174 0.0337723 0.541824 0.00126327 1.25042e-06 0.00930453 0.000138951 0.161782 0.0612998 6.18117e-05 4.21872e-06 0.00185217 0.0610887 
0.00377081 0.125713 0.178308 0.00321973 0.0549082 0.105121 0.362094 0.0133589 2.44589e-05 0.0592598 0.0147773 0.00822635 0.000319056 0.0316077 4.17913e-06 0.00479294 0.0344957 
0.00308198 0.329938 0.00722629 0.00028413 0.0409386 0.0477705 0.367068 0.00339073 5.55793e-05 0.00663894 0.00760215 0.0393761 0.134394 0.0121225 1.03206e-06 4.80493e-09 0.000111677 
0.00122551 0.0476873 0.0250324 0.016073 0.0284982 0.22483 0.359156 0.00838148 0.000130415 0.0112266 0.00175806 0.128427 0.113722 0.000821522 0.00022652 0.000286009 0.0325168 
0.000313964 0.153511 0.0470984 0.0986906 0.0205554 0.0796423 0.24953 0.204673 5.62711e-06 0.050955 0.00494199 0.0273687 0.0105232 0.00143483 5.87079e-06 0.00184271 0.0489074 
0.00129593 0.0461254 0.250898 0.0105833 0.00814808 0.11028 0.486162 0.0037993 9.5973e-07 0.00536581 0.0167814 0.0379108 0.0208691 0.000190142 1.85777e-05 8.00872e-06 0.00156353 
0.0322331 0.045614 0.0465294 0.000200482 0.0105131 0.0409375 0.41148 0.0204025 7.67447e-06 0.00268332 0.00161262 0.0564958 0.001486 0.000100446 6.49689e-08 4.79783e-05 0.329656 
0.000342798 0.0185956 0.0999013 0.0765039 0.0120656 0.067039 0.414299 0.00341783 3.49494e-06 0.0126315 0.00518814 0.283455 0.00315141 0.00134831 5.14799e-07 3.44596e-05 0.00202212 
0.00030796 0.0445676 0.0874104 0.00427839 0.0406264 0.190721 0.515802 0.0316285 4.03176e-06 0.0116055 0.022822 0.0213234 0.00719842 0.00146057 0.0077024 0.00966476 0.00287654 
1.98195e-05 0.00186718 0.0131043 0.000354296 0.00145522 0.00144981 0.784193 0.149335 9.20971e-07 0.000792974 0.0184196 0.0212043 1.82096e-06 3.94401e-08 5.01473e-10 0.00201579 0.00578547 
0.0950281 0.0449278 0.0614905 0.0241017 0.0186151 0.0227727 0.383277 0.0102271 9.02489e-05 0.00728614 0.00477296 0.0727965 0.0020508 0.00172966 4.41272e-06 0.00588451 0.244945 
0.00262826 0.0449266 0.00966624 0.248819 0.00434207 0.0373424 0.420616 0.00257652 9.56005e-08 0.000541533 0.000168403 0.0357938 0.019212 0.00135346 5.85868e-09 3.84051e-06 0.17201 
3.29998e-05 0.0144255 0.0118876 1.26053e-05 0.00105018 0.0212233 0.891822 0.00472177 7.91458e-07 0.00207961 0.000295286 0.00500406 0.000725691 5.72446e-05 3.30316e-08 0.00385357 0.0428078 
0.00862406 0.0985329 0.0379994 0.000142822 0.0633616 0.102453 0.514792 0.00580287 0.000571561 0.0153029 0.0239121 0.0757423 0.0411353 0.00418082 0.0042772 3.83324e-05 0.00313029 
7.40501e-05 0.0194488 0.0395421 7.85494e-05 0.0100628 0.0278376 0.727859 0.00146381 1.3348e-05 0.149476 0.00735026 0.013053 0.000201594 0.00014033 1.8362e-05 0.000267 0.00311336 
0.00396832 0.0447415 0.0886292 0.020573 0.0226664 0.310148 0.393981 0.0114719 0.00010533 0.0137086 0.0554315 0.0217618 0.00132107 0.00965771 0.000952303 1.14213e-05 0.000871081 
0.000169799 0.00354196 0.0967249 0.00286519 0.000902037 0.125225 0.630176 0.0173872 9.10113e-06 0.0402384 0.000326197 0.0792197 6.67811e-05 5.83504e-05 1.12935e-05 2.36464e-05 0.00305439 
0.00141683 0.0177879 0.0960864 0.00603392 0.0222685 0.296294 0.416011 0.0597699 2.92294e-05 0.00815092 0.0132599 0.0556617 0.00149486 0.00229731 0.000307557 0.000186381 0.00294388 
0.00332444 0.0405618 0.268583 0.0201056 0.0155085 0.149037 0.275002 0.00630725 3.65309e-05 0.00552555 0.00183769 0.132146 0.0100474 0.00030058 1.51707e-08 4.50705e-05 0.0716311 
0.000255912 7.45574e-09 0.00100246 3.50573e-06 0.000365174 0.0187486 0.926251 4.25056e-09 8.3807e-08 4.2223e-05 5.58752e-06 0.0235311 0.0297945 1.71886e-09 1.96724e-09 3.6847e-10 2.29962e-09 
0.000737727 0.0200755 0.0360099 0.00239373 0.00803259 0.234665 0.617683 0.0199195 5.48138e-05 0.00797345 0.00300386 0.041403 0.000776559 0.00154315 8.25045e-05 0.000718725 0.00492766 
0.000299931 0.0286362 0.0809963 0.000445142 0.0497668 0.0345412 0.448234 0.0598796 5.40233e-06 0.032704 0.00174114 0.100695 0.151617 0.000473625 2.21438e-05 0.000217244 0.00972536 
0.00474042 0.0991181 0.00646773 0.000326102 0.0585854 0.124263 0.629316 0.000267561 9.50357e-05 0.00754488 0.0484301 0.0176783 0.000665026 0.00211461 8.11272e-05 1.95884e-05 0.000286696 
0.000630657 0.252276 0.0486448 0.000463744 0.0385221 0.113487 0.343204 1.59598e-11 4.15071e-08 0.0991835 0.00803779 0.0735924 0.0215821 0.000374493 1.04443e-10 5.48426e-11 7.28922e-07 
0.000168388 0.0115181 0.0252509 2.33823e-05 0.0101057 0.0760995 0.834948 0.00277851 1.52065e-05 0.00414232 0.0142751 0.0132179 0.00670115 0.000370513 6.46205e-05 7.18752e-05 0.000248601 
0.000126302 0.00095029 0.117531 0.0548933 0.00045876 0.170549 0.449356 0.0475435 2.80253e-09 0.00326581 0.000186821 0.0687915 0.000509919 0.00835045 1.32123e-07 6.88762e-05 0.0774188 
0.0521418 0.0738069 0.0604673 0.00868478 0.045145 0.195551 0.215098 0.101925 2.01223e-05 0.0212019 0.114569 0.0438322 0.00298024 0.0259461 0.000714175 5.22256e-05 0.0378642 
0.196083 0.0484778 0.00890695 0.0343694 0.003462 0.00627972 0.59503 0.000205857 0.00110985 0.00668278 0.00644314 0.019774 0.00845988 0.000260469 2.46144e-09 2.05244e-06 0.0644538 
0.000782516 0.0214128 0.0138366 8.87985e-05 0.00812117 0.122816 0.772491 2.45348e-05 6.01863e-07 0.00030835 0.0155948 0.0144161 0.0271351 0.00266107 4.2043e-07 4.01298e-05 0.000269672 
0.00273981 0.228415 0.023097 0.0717056 0.0373584 0.0585794 0.281502 0.0129538 0.00030204 0.00456562 0.00755948 0.019684 0.0151496 0.00292546 0.000183792 3.75731e-06 0.233276 
0.00279296 0.0311774 0.0445853 0.000904415 0.0197944 0.198576 0.412364 0.0093357 1.76134e-05 0.0247994 0.0265971 0.195062 0.0153832 0.00565877 0.00184816 0.000218616 0.0108838 
0.000222374 0.0275808 0.161185 6.31628e-05 0.0241948 0.117948 0.41058 0.00303084 1.56242e-06 0.145116 0.0670293 0.0339454 2.7147e-08 0.00120861 0.00632706 1.70249e-09 0.00156805 
0.0130593 0.124165 0.00233844 0.000749583 0.0136436 0.206824 0.56257 0.00344623 0.00238451 0.00444186 0.00313345 0.0305168 0.0267953 0.0001146 2.10153e-05 1.01268e-06 0.00579512 
0.00497774 0.215661 0.0084297 0.00291757 0.0149745 0.00131048 0.422998 0.008694 8.69735e-06 0.00549225 0.000136575 0.309669 0.00353071 0.00101984 3.60519e-08 2.68399e-05 0.000153721 
5.90597e-05 0.00243269 0.0170553 0.00645897 0.00130996 0.138566 0.756576 0.00689609 2.25129e-09 0.00215259 0.000380762 0.0582548 0.000783726 1.48692e-05 0.000797398 2.2101e-06 0.00825921 
0.126823 0.088874 0.0653151 0.00238667 0.103715 0.0714597 0.275751 0.108764 7.77398e-06 0.00991702 0.0236805 0.031652 0.0457145 0.00821045 0.00158894 7.33538e-05 0.0360659 
0.0014192 0.00850389 0.0214977 7.97536e-05 0.00659539 0.11125 0.799621 0.000556865 1.54342e-07 0.00143638 0.00510538 0.0370763 0.00296552 0.000157025 1.12368e-09 5.90041e-10 0.00373545 
0.000555553 0.0682347 0.0142609 2.75451e-05 0.041651 0.0279801 0.418767 0.000128777 4.16322e-06 0.00266401 0.000390448 0.0386818 0.385953 7.8042e-05 0.000131501 8.28887e-07 0.000490314 
0.000181282 0.0104279 0.0768403 0.000396565 0.0419065 0.188454 0.391135 0.00803162 2.50147e-06 0.00776236 0.0344627 0.178523 0.00250678 0.00902343 0.000134912 0.0138038 0.0364075 
0.000248613 0.178285 0.011215 0.0783045 0.00496688 0.0895665 0.327159 0.00499206 1.14005e-06 0.00149566 0.0045914 0.154345 0.0053184 0.00122225 1.99843e-07 0.108864 0.0294251 
0.000972209 0.0694902 0.0980043 0.00101123 0.0996253 0.10762 0.406511 0.0300557 1.52752e-05 0.0440821 0.00637884 0.0662692 0.045537 0.00251625 4.21121e-05 0.00191587 0.0199533 
0.034751 0.0829194 0.0335631 0.0498977 0.0498739 0.0421469 0.44702 0.0122903 0.00225826 0.0287183 0.00369552 0.0715869 0.00459741 0.00203101 0.000101978 0.0150151 0.119533 
0.00242867 0.00313452 0.04928 1.91538e-05 0.0209837 0.244135 0.537195 0.0123669 1.41453e-06 0.00541908 0.0223684 0.0694084 0.0305185 0.000950667 0.000760519 1.7669e-09 0.00102998 
0.00111485 0.137886 0.00115721 7.63823e-05 0.149395 0.0862079 0.393022 0.00541153 6.51969e-07 0.0105202 0.003586 0.171029 0.022698 0.00329173 1.08247e-05 0.00897562 0.00561627 
0.00126131 0.0746556 0.0865119 0.0464609 0.115515 0.192404 0.268487 0.0158899 7.96419e-05 0.00537562 0.0148068 0.0697152 0.0350367 0.00320305 4.05788e-05 0.001511 0.0690457 
0.00105733 0.0315336 0.134223 0.00595494 0.0459973 0.177217 0.298869 0.0782647 5.72681e-05 0.0253397 0.00648132 0.0775725 0.00817462 0.00430492 1.68166e-05 0.00185327 0.103082 
0.000358992 0.334256 0.0157688 0.0125182 0.0282318 0.0562268 0.445624 0.00174831 9.43448e-06 2.42751e-06 1.91887e-05 0.0685682 0.000577562 2.44976e-05 2.30737e-09 3.29321e-07 0.0360648 
0.000149209 0.115481 0.0549957 0.00106471 0.0795695 0.20423 0.376361 0.00437965 5.69438e-06 0.0204203 0.00481585 0.109166 0.0161687 0.0049087 3.37063e-06 0.00207276 0.00620843 
0.00180959 0.0611106 0.241363 0.000104666 0.0382534 0.208892 0.334276 0.00634857 0.000277514 0.0117226 0.0156847 0.0717237 0.00209481 0.00454674 0.000207932 0.00134307 0.000241144 
0.000664234 0.0494188 0.0235575 7.4504e-05 0.0170551 0.384919 0.432611 0.00229164 4.29846e-06 0.00250638 0.0675969 0.0119499 0.00602919 0.000477502 1.37804e-07 0.000266923 0.000577221 
0.00039998 0.00198412 0.0497543 1.72529e-05 0.0281542 0.206145 0.344702 0.00333448 1.16216e-06 0.0035222 0.00132652 0.273207 0.0864728 0.000452014 1.96783e-06 6.51014e-10 0.000524974 
