0.0104392 0.0362542 0.0790444 0.00823426 0.0581361 0.209663 0.0769075 0.426791 1.3994e-05 0.00107652 0.0136531 0.0224524 0.00136811 0.00291088 0.0012202 0.0416544 0.0101808 
0.000108161 0.00175329 0.00475701 0.000185169 0.00821682 0.00463401 0.0232199 0.938427 1.17209e-05 0.000329745 0.00147733 0.0132355 1.14389e-08 0.000458302 0.00191213 4.32095e-12 0.00127431 
5.30214e-05 7.17831e-05 0.0185099 0.000386738 0.003273 0.0131193 0.011362 0.94342 1.4551e-07 8.29256e-05 0.000119004 0.00723304 6.20458e-07 9.80263e-05 6.46348e-05 9.83654e-10 0.00220558 
0.00105566 0.0202965 0.161017 0.00857613 0.0154967 0.19761 0.235078 0.261381 5.24755e-05 0.017049 0.0275482 0.0474539 0.000876608 0.00210459 1.24388e-05 0.000793062 0.00359952 
2.40985e-05 6.31765e-05 0.403059 4.45115e-05 0.00960564 0.0301213 0.00522149 0.514694 3.55422e-08 0.000657446 0.000648361 0.0270181 0.00197316 0.000387262 7.6535e-06 2.309e-12 0.00647496 
0.000148832 0.101452 0.0274202 0.000971949 0.043833 0.0643159 0.224737 0.411205 1.56662e-05 0.00285799 0.010183 0.0378249 0.0143658 1.17209e-05 6.48797e-07 2.81327e-08 0.0606567 
0.000148355 0.00544732 0.0398718 0.00912159 0.00801952 0.0182349 0.0550876 0.777199 9.18565e-07 0.00107791 0.0411459 0.0337865 0.000267075 0.000374935 0.000311311 0.000323485 0.00958185 
0.00584161 0.0105424 0.302185 0.0345208 0.0344572 0.0834194 0.0186024 0.46257 6.38427e-07 0.000933527 0.0190336 0.00969585 0.000410346 0.0127443 0.000242498 0.00052758 0.00427252 
0.0305037 0.115326 0.0996922 0.000285383 0.0831326 0.156583 0.095803 0.230544 0.000418414 0.0280998 0.00792444 0.0711236 0.00947004 0.0624951 0.000524549 5.60177e-06 0.00806911 
0.000156574 0.0353025 0.0632972 8.3413e-05 0.0230817 0.0102127 0.0850425 0.627139 1.0125e-06 0.0287939 0.000354262 0.122865 1.15354e-05 0.00358075 5.75003e-07 5.78845e-05 2.01777e-05 
0.005486 0.0862801 0.207321 0.0120616 0.0467232 0.167861 0.132667 0.22699 1.10423e-05 0.0120569 0.0238058 0.0469258 0.000146008 0.00565672 3.42181e-06 1.69168e-07 0.0260035 
0.0148969 0.0452521 0.0464078 3.49701e-05 0.121851 0.112713 0.0051458 0.219917 1.06403e-05 0.00864473 0.218562 0.0974957 0.0110718 0.0892547 7.24041e-05 2.03397e-08 0.00866802 
0.00266521 0.0136752 0.178438 7.77601e-05 0.00277093 0.13027 0.121016 0.473247 0.00212021 0.0502136 0.0024333 0.0104492 0.0113376 5.21464e-05 0.000257182 2.29673e-12 0.000976451 
0.00125483 0.0151816 0.21423 6.6651e-05 0.0119011 0.131646 0.0717848 0.504353 0.000598218 0.0249196 0.00520955 0.0108197 0.00667115 0.000206884 0.000583649 1.9924e-12 0.000573298 
5.34868e-05 0.0215849 0.148802 0.0159577 0.00710453 0.0212992 0.104148 0.415662 0.000562249 0.0118557 0.00239128 0.111768 4.46446e-05 0.00098189 0.00011717 0.000640674 0.137026 
0.0017674 0.0249349 0.163095 0.000725862 0.0338805 0.201508 0.0711361 0.432638 2.17956e-05 0.00401541 0.0261697 0.034764 0.00114664 0.00109867 0.000785241 1.08104e-07 0.00231238 
6.61555e-05 0.00768221 0.144738 0.00737327 0.0133902 0.0591521 0.0537952 0.659376 8.20656e-06 0.00437335 0.0159803 0.00831365 0.00030919 0.00898226 1.17554e-05 0.00732459 0.00912325 
0.000148355 0.00544732 0.0398718 0.00912159 0.00801952 0.0182349 0.0550876 0.777199 9.18565e-07 0.00107791 0.0411459 0.0337865 0.000267075 0.000374935 0.000311311 0.000323485 0.00958185 
0.00770156 0.148483 0.0540188 0.00589573 0.0976384 0.172595 0.109542 0.344437 1.73913e-06 0.00203658 0.00191738 0.0188836 0.00380222 0.0114771 2.5715e-06 0.000954449 0.0206126 
0.00289749 0.0137301 0.257486 1.29389e-05 0.0154405 0.220433 0.028115 0.349537 9.58075e-06 0.0179571 0.0099728 0.067452 0.0151722 0.00072838 0.000396795 3.71246e-09 0.000658968 
4.98197e-05 0.010416 0.111529 0.00420485 0.0539518 0.0397104 0.0798719 0.488555 1.29666e-07 0.0908231 0.000970134 0.114538 2.22996e-05 0.00205997 0.000838744 8.70336e-05 0.00237148 
0.00110372 0.00766943 0.334255 3.66525e-05 0.0092601 0.0667536 0.0678507 0.426563 5.04228e-05 0.0586023 0.0143828 0.0117402 0.000458035 0.000777633 5.45481e-05 5.72243e-13 0.000441551 
0.00356907 0.0382918 0.16186 0.00717249 0.0134618 0.0811587 0.0717289 0.281679 9.98609e-07 0.0765218 0.0100393 0.240962 0.00338441 0.00843285 2.4186e-05 0.000314082 0.00139794 
0.000353001 0.00270583 0.0951018 0.000608082 0.0117223 0.0215869 0.00856477 0.839356 4.85398e-07 0.00102611 0.00335648 0.0122945 4.14603e-05 0.000808751 0.000302813 2.20327e-10 0.00217042 
0.00238096 0.0352348 0.00433819 0.0002494 0.00530962 0.01804 0.0201678 0.908753 2.18452e-06 0.000394268 0.000293673 0.00271595 0.000444618 0.000368446 4.71122e-06 4.13681e-12 0.00130251 
0.000438902 0.0104801 0.128278 0.000905418 0.0470576 0.111525 0.0910985 0.37947 0.000167519 0.0866359 0.0137088 0.117768 0.0024234 0.00416659 0.000163118 3.63218e-05 0.00567691 
7.68349e-06 0.000236093 0.163878 3.76815e-06 0.0514968 0.178674 0.0894224 0.280033 9.5317e-06 0.0102365 0.00107424 0.217917 5.8755e-12 0.000800743 2.00692e-06 1.36431e-11 0.00620871 
1.1121e-05 0.0267952 0.328745 0.000371006 0.0388682 0.0803581 0.0441088 0.431122 8.44119e-06 0.0143254 0.000129768 0.0286227 0.000154611 0.000133433 2.24794e-05 1.29393e-10 0.00622359 
2.08695e-05 0.0227195 0.210357 6.07073e-05 0.011342 0.114096 0.0625097 0.462264 7.88098e-05 0.0266899 0.0643423 0.00247355 2.97506e-05 0.0183206 2.1538e-05 4.36942e-08 0.00467346 
2.86994e-08 0.00111812 0.000165551 1.09969e-07 0.00184729 0.000490437 0.00332933 0.898998 1.15192e-07 0.000938459 9.99786e-07 0.0926765 0.000348167 1.55986e-07 2.65651e-07 5.16607e-05 3.43634e-05 
0.000220367 0.0127407 0.0723421 0.0137979 0.0533181 0.0203237 0.0244763 0.596702 0.0001475 0.090499 0.0253299 0.0695582 0.00334689 0.00193904 0.000123971 0.000154019 0.0149803 
0.00119245 0.00802964 0.123198 0.0216914 0.00853438 0.0305661 0.229195 0.515581 4.41988e-06 0.010076 0.00251752 0.0178042 0.00138051 0.00230534 0.00102151 0.000586579 0.026316 
0.0029776 0.149281 0.115724 0.0158695 0.0373058 0.106191 0.0702876 0.369158 0.000118859 0.0074397 0.0155203 0.0216793 0.00137791 0.00329059 0.000166229 0.000179166 0.0834335 
0.00691461 0.0875452 0.140525 0.102498 0.0327016 0.0329056 0.17045 0.191089 0.163939 0.0067919 0.00134856 0.0229682 0.0154975 0.00436938 0.000754224 0.00825701 0.0114448 
3.13356e-07 0.00540274 0.00209927 0.00458272 4.73827e-06 1.56464e-06 0.0177287 0.880792 1.11368e-07 5.05829e-07 1.0258e-06 3.63777e-06 1.04912e-11 0.00142968 4.07979e-05 2.43608e-11 0.0879124 
0.000441361 0.00514606 0.0500123 0.00850169 0.00858398 0.00988931 0.099523 0.681119 8.24113e-06 0.00709927 0.068138 0.0107647 0.000339717 0.000317017 5.57525e-06 0.000519934 0.0495905 
0.00449097 0.123831 0.0615651 9.43715e-05 0.0628445 0.261717 0.109321 0.27475 0.000545432 0.00808139 0.00768716 0.0661464 0.0169351 0.0010014 0.000250227 1.44467e-05 0.000723783 
0.000675434 0.0270952 0.254979 0.000769243 0.111339 0.0490629 0.0458043 0.259045 0.000138453 0.0389643 0.123851 0.0660891 0.00492271 0.0140379 0.000218395 6.80599e-07 0.003008 
8.68999e-05 0.100244 0.0995051 0.00970623 0.0231233 0.0247803 0.132431 0.471175 5.09607e-06 0.00515371 0.00841248 0.0154549 3.62647e-05 0.00218053 8.75914e-06 0.023432 0.0842644 
0.00014621 0.0128588 0.21688 0.000114752 0.168348 0.116786 0.0352828 0.255578 5.21384e-06 0.0159294 0.0176407 0.0619447 2.9959e-05 0.0741334 0.013997 0.00795384 0.00237089 
0.000371942 0.166004 0.0921643 0.000430044 0.0158594 0.179857 0.0898615 0.35242 3.96169e-05 0.0156474 0.00832348 0.0214508 0.0476254 0.00591709 8.02928e-05 4.48963e-08 0.00394746 
0.000743478 0.0300844 0.0643467 0.0002717 0.0176566 0.0574248 0.151895 0.399844 2.49303e-05 0.0906161 0.0143337 0.163295 0.00194631 0.000805515 0.00176826 4.81455e-08 0.00494332 
5.30214e-05 7.17831e-05 0.0185099 0.000386738 0.003273 0.0131193 0.011362 0.94342 1.4551e-07 8.29256e-05 0.000119004 0.00723304 6.20458e-07 9.80263e-05 6.46348e-05 9.83654e-10 0.00220558 
0.0137767 0.0223181 0.0542172 0.000120823 0.0280027 0.0896849 0.101744 0.330396 3.42468e-06 0.017622 0.00128778 0.295063 0.0366039 0.000293057 0.00823103 1.85767e-07 0.000635936 
0.0017931 0.0494691 0.153632 0.0196709 0.06679 0.163457 0.0824917 0.230348 4.172e-05 0.0137565 0.0339515 0.166574 0.00228898 0.00791743 0.000799879 0.000233014 0.00678603 
0.000353001 0.00270583 0.0951018 0.000608082 0.0117223 0.0215869 0.00856477 0.839356 4.85398e-07 0.00102611 0.00335648 0.0122945 4.14603e-05 0.000808751 0.000302813 2.20327e-10 0.00217042 
7.67334e-05 0.00946695 0.160167 9.34637e-05 0.255426 0.0476281 0.0152268 0.314283 1.95288e-05 0.0400848 0.0136325 0.0979623 0.00144026 0.044417 3.83018e-06 7.55734e-08 7.23122e-05 
0.00108892 0.00831358 0.28617 7.16041e-06 0.0262283 0.24161 0.0575128 0.329566 0.000110423 0.00587264 0.0167645 0.0154547 0.00990299 0.000266363 0.00056781 1.42854e-05 0.00054974 
0.00281222 0.0574459 0.160862 0.000227273 0.027414 0.23951 0.08402 0.307795 4.91027e-09 0.00491288 0.0450884 0.044011 0.00550263 0.00330712 0.000840106 5.45289e-06 0.0162461 
0.00076067 0.303416 0.114237 0.00639182 0.0292466 0.124011 0.0450193 0.308178 8.10521e-05 0.0059835 0.0175499 0.0276268 0.00361579 0.00657747 0.00189393 0.000122767 0.00528824 
5.26251e-05 0.000351077 0.06496 0.000805525 0.014838 0.0171855 0.00451635 0.877753 1.30662e-07 0.000105452 0.000172065 0.00832667 0.00900222 8.79847e-05 0.000271232 3.9056e-08 0.00157226 
0.000119742 0.0272064 0.0733886 0.260627 0.0117306 0.0357226 0.109471 0.397278 1.80803e-06 0.00251811 0.00280476 0.0558682 0.000469954 0.000781724 0.00131553 6.13417e-05 0.0206339 
2.05918e-05 0.00019321 0.0565025 0.000123975 4.02447e-07 0.00230197 0.0100203 0.910566 6.82933e-09 0.00113702 0.00102927 0.0179778 5.38478e-07 4.01192e-05 1.30604e-06 1.00607e-10 8.51239e-05 
2.00363e-05 0.00132407 0.00172743 6.21821e-05 0.000276016 0.00135722 0.000436114 0.99273 0.000141365 0.000639934 0.000805932 3.49478e-06 1.22095e-05 1.18247e-05 0.00038268 2.83507e-05 4.09118e-05 
5.16066e-05 0.00231921 0.187601 2.16979e-05 0.0148354 0.0952731 0.00709307 0.649436 1.3885e-05 0.011014 0.00127209 0.0288907 0.000367659 0.00128114 2.81116e-05 5.05331e-08 0.000501762 
0.0198472 0.00207129 0.0451365 0.00038671 0.100363 0.0224394 0.011531 0.588296 3.0192e-05 0.00633172 0.00285577 0.0181143 0.000885931 0.178075 3.54449e-05 5.24054e-12 0.00360082 
0.00212153 0.0943666 0.0492284 0.000276753 0.031459 0.0691197 0.1246 0.483773 7.02407e-06 0.0172894 0.0121377 0.030332 0.0013698 0.0792616 0.00120489 1.28725e-05 0.00343941 
0.000874438 0.0182967 0.108948 0.00110552 0.0324339 0.188626 0.0358364 0.494517 8.24952e-05 0.00787183 0.0376892 0.0358 0.00529722 0.00139471 0.00332393 1.20853e-08 0.0279032 
0.000393464 0.0178414 0.235843 2.32155e-05 0.00285075 0.161345 0.058239 0.506683 6.74657e-05 0.0109333 5.22232e-05 0.00351161 0.000120033 0.000335281 2.488e-08 1.63743e-07 0.00176124 
1.1121e-05 0.0267952 0.328745 0.000371006 0.0388682 0.0803581 0.0441088 0.431122 8.44119e-06 0.0143254 0.000129768 0.0286227 0.000154611 0.000133433 2.24794e-05 1.29393e-10 0.00622359 
1.96014e-05 5.03988e-05 0.351651 4.02242e-05 0.00587682 0.0335157 0.00592437 0.559768 1.04888e-09 0.000111159 9.8507e-06 0.0307173 0.00270924 0.000244939 8.7837e-06 3.24884e-12 0.00935241 
0.000123975 0.00422263 0.108768 0.00471467 0.015669 0.0115198 0.157918 0.581769 2.70174e-05 0.0092508 0.00193297 0.0728795 0.00596276 0.00762892 0.012266 0.00236562 0.00298134 
4.59024e-05 0.00137641 0.091815 0.0572072 0.00585121 0.271612 0.182482 0.355789 1.18354e-06 0.00941082 0.000205004 0.0211659 0.00084577 0.000124116 2.94109e-08 2.01303e-07 0.00206774 
0.000583765 0.0714231 0.144001 0.000865009 0.0208005 0.0628831 0.153112 0.389069 0.000112556 0.0121175 0.0078465 0.0527166 0.00664194 0.00386581 0.000982958 0.000311992 0.0726664 
3.50799e-05 0.0447059 0.00743794 0.00635822 0.00275595 0.0498994 0.155959 0.629944 4.84194e-07 0.0257234 0.00176704 0.0421685 0.000460703 9.96323e-05 5.88935e-06 0.00122984 0.0314497 
0.0011742 0.0197199 0.120438 0.00216298 0.0421047 0.0605698 0.0520073 0.647343 0.000212973 0.0174268 0.00835753 0.0144351 0.00351492 0.00411445 0.000527486 1.2075e-05 0.00587949 
5.7413e-07 0.111159 0.00490235 4.05266e-05 0.0181699 0.036623 0.096614 0.665968 8.83524e-05 0.000614067 0.000161855 0.0381574 2.11806e-06 0.00011934 8.45423e-07 0.000233662 0.0271443 
0.0198472 0.00207129 0.0451365 0.00038671 0.100363 0.0224394 0.011531 0.588296 3.0192e-05 0.00633172 0.00285577 0.0181143 0.000885931 0.178075 3.54449e-05 5.24054e-12 0.00360082 
0.00021091 0.104602 0.256911 0.000259605 0.0404711 0.0642882 0.0510986 0.426363 3.50181e-05 0.00596418 0.00143627 0.0410795 0.000781218 0.00433308 9.03105e-05 4.77484e-11 0.00207595 
0.00190384 0.00976816 0.158024 5.55562e-05 0.00211854 0.128247 0.105255 0.520295 0.00151476 0.0498616 0.00194402 0.0118743 0.00809861 3.72639e-05 0.000183801 5.9659e-12 0.000819018 
3.50799e-05 0.0447059 0.00743794 0.00635822 0.00275595 0.0498994 0.155959 0.629944 4.84194e-07 0.0257234 0.00176704 0.0421685 0.000460703 9.96323e-05 5.88935e-06 0.00122984 0.0314497 
5.78707e-06 0.0686367 0.054106 0.000474597 0.0684843 0.0266678 0.0636696 0.677524 3.65501e-06 0.00531464 0.00230419 0.0231761 0.00392451 0.00523074 4.42087e-05 5.0474e-10 0.00043262 
0.00125483 0.0151816 0.21423 6.6651e-05 0.0119011 0.131646 0.0717848 0.504353 0.000598218 0.0249196 0.00520955 0.0108197 0.00667115 0.000206884 0.000583649 1.9924e-12 0.000573298 
5.12061e-05 0.0140846 0.0649514 0.000356452 0.0330319 0.0710347 0.0603645 0.667859 3.71499e-06 0.00417113 0.0110819 0.0554769 0.000597116 0.00133033 0.0145718 1.02708e-11 0.00103331 
0.000353001 0.00270583 0.0951018 0.000608082 0.0117223 0.0215869 0.00856477 0.839356 4.85398e-07 0.00102611 0.00335648 0.0122945 4.14603e-05 0.000808751 0.000302813 2.20327e-10 0.00217042 
1.33834e-05 0.00613788 0.113626 0.000143015 0.0022022 0.0980746 0.0322305 0.722488 1.2112e-05 0.00385558 0.00954709 0.00211849 3.08286e-05 0.00678467 6.20994e-06 2.48997e-12 0.00272968 
0.0717942 0.0208423 0.303578 0.00032505 0.0504487 0.123904 0.0375006 0.313837 2.90803e-06 0.0209309 0.00885326 0.0431834 0.00200184 0.00105911 0.0010355 7.35186e-09 0.000703027 
0.00114192 0.0734291 0.265031 0.00384919 0.0167856 0.112973 0.111544 0.332382 1.25843e-07 2.64604e-07 0.00149118 0.0176959 2.82929e-07 2.68516e-05 8.17684e-11 4.29364e-11 0.063649 
5.85886e-05 0.0014701 0.038754 0.00269536 0.0119905 0.00656962 0.0698756 0.515598 1.26062e-06 5.053e-05 0.00400415 0.00860178 0.000238208 0.000500439 3.23394e-06 0.00272735 0.336861 
0.000418624 0.00380586 0.0270057 0.0075699 0.0708723 0.008544 0.0352653 0.720793 3.26363e-05 0.000867837 0.000532784 0.0973611 0.0167267 0.000146675 0.000174417 3.09709e-05 0.00985243 
0.000353001 0.00270583 0.0951018 0.000608082 0.0117223 0.0215869 0.00856477 0.839356 4.85398e-07 0.00102611 0.00335648 0.0122945 4.14603e-05 0.000808751 0.000302813 2.20327e-10 0.00217042 
0.000184706 0.0639739 0.146347 0.00915967 0.0258183 0.134484 0.108192 0.241146 0.0019626 0.128833 0.0131868 0.107192 0.000453269 0.00211182 2.57122e-05 0.00781579 0.00911342 
1.33834e-05 0.00613788 0.113626 0.000143015 0.0022022 0.0980746 0.0322305 0.722488 1.2112e-05 0.00385558 0.00954709 0.00211849 3.08286e-05 0.00678467 6.20994e-06 2.48997e-12 0.00272968 
0.000747938 0.00397378 0.304069 0.000112148 0.0146828 0.099893 0.0371723 0.505163 0.000446766 0.0134472 0.00197369 0.0124156 0.0051562 5.58218e-05 0.000167703 8.51015e-08 0.000523042 
0.000547922 0.0128087 0.183148 0.00256086 0.133504 0.104687 0.103465 0.252548 3.69803e-06 0.00387385 0.0222734 0.148238 0.00407143 0.00438827 0.000306879 0.00112909 0.0224467 
0.00206356 0.0159569 0.100433 3.17089e-05 0.00758896 0.0736599 0.0298852 0.719701 5.51916e-05 0.02427 0.00404545 0.00983384 0.0087504 0.000198277 0.000474459 3.55658e-06 0.00304883 
0.000391587 0.00377311 0.126989 0.0004785 0.0146607 0.0260884 0.00937791 0.792812 6.79147e-07 0.0011999 0.00442322 0.0158505 5.80421e-05 0.000822356 0.000423894 1.87016e-13 0.0026493 
0.000156302 0.0141799 0.00645944 0.00554457 0.00897549 0.0103335 0.128343 0.771912 1.80245e-05 0.000624946 0.0022237 0.0135588 1.21774e-05 0.000379007 0.00062747 0.000111296 0.0365394 
0.000110613 0.0024425 0.0489903 0.0103497 0.00608455 0.00840647 0.016356 0.887914 5.18317e-07 0.00162588 0.00380095 0.00798457 0.000104196 0.000449288 0.000639096 9.86002e-06 0.00473139 
0.000448941 0.0405611 0.0985187 0.000113954 0.0626175 0.151093 0.153319 0.196631 1.55421e-05 0.019118 0.0492003 0.0629035 0.0069358 0.0720085 2.16031e-05 0.0309454 0.0555483 
0.0108456 0.154201 0.00560248 0.000283388 0.0268966 0.0353805 0.110152 0.549017 1.0975e-05 0.0342269 0.00551374 0.0434237 0.0030734 0.000303066 0.002679 4.88971e-05 0.0183418 
0.000391649 0.0453431 0.0713334 0.00103539 0.038351 0.221073 0.132683 0.252241 6.54269e-06 0.023555 0.0013244 0.194713 0.00346424 0.00108258 0.00279221 0.00356349 0.00704785 
0.00169026 0.00880775 0.131011 1.34235e-05 0.0257801 0.255395 0.0391303 0.486686 0.000150084 0.0228227 0.00533997 0.014239 0.00556959 0.000950557 0.000949153 1.84096e-05 0.00144668 
1.1121e-05 0.0267952 0.328745 0.000371006 0.0388682 0.0803581 0.0441088 0.431122 8.44119e-06 0.0143254 0.000129768 0.0286227 0.000154611 0.000133433 2.24794e-05 1.29393e-10 0.00622359 
0.00236633 0.00280594 0.100751 7.19542e-06 0.0292177 0.215116 0.017648 0.595925 2.28119e-05 0.00715493 0.00563459 0.0128913 0.00760605 0.000325742 0.00132877 2.90291e-09 0.00119765 
0.000155551 0.00458388 0.015087 0.0258588 0.00187877 0.00436696 0.0278293 0.825986 1.76693e-06 0.000274184 0.00122158 0.00474593 0.000146188 0.000186954 1.38339e-05 0.000546997 0.0871166 
0.000511299 0.0140207 0.116317 1.11383e-05 0.0506267 0.179374 0.0352061 0.505548 1.42697e-05 0.0565943 0.00789108 0.0256245 0.00630048 0.00049605 0.000559608 3.97144e-09 0.000904576 
0.00428795 0.140063 0.0082147 0.00323666 0.0338942 0.0391784 0.092884 0.58937 9.02633e-05 0.0182772 0.0050977 0.043383 0.00229372 0.00215457 0.00135683 0.000147601 0.01607 
0.00125483 0.0151816 0.21423 6.6651e-05 0.0119011 0.131646 0.0717848 0.504353 0.000598218 0.0249196 0.00520955 0.0108197 0.00667115 0.000206884 0.000583649 1.9924e-12 0.000573298 
0.0121109 0.00767965 0.0619899 0.0420298 0.0194298 0.23679 0.134942 0.376766 2.29454e-06 0.015926 0.0155704 0.0419432 0.0192402 0.000185666 0.000552376 2.89443e-05 0.0148129 
0.000110613 0.0024425 0.0489903 0.0103497 0.00608455 0.00840647 0.016356 0.887914 5.18317e-07 0.00162588 0.00380095 0.00798457 0.000104196 0.000449288 0.000639096 9.86002e-06 0.00473139 
0.00157308 0.0421812 0.14143 0.018439 0.0708014 0.0215458 0.190657 0.397873 0.000180083 0.0150487 0.0179005 0.0639195 0.0101442 0.00413682 0.00027611 3.31128e-05 0.00385992 
0.00095689 0.0464834 0.117884 0.000204946 0.0252705 0.341875 0.0368652 0.356406 1.85096e-06 0.000630557 0.00136305 0.00883963 0.0041254 0.0573859 0.000115932 2.90252e-09 0.0015908 
0.0756253 0.148311 0.178297 0.00523214 0.045809 0.137447 0.0396989 0.206535 4.69076e-06 0.00475799 0.0378627 0.0352809 0.00454729 0.00174102 0.000100503 3.81677e-05 0.0787107 
2.08086e-05 0.00495316 0.106856 1.46941e-05 0.00227102 0.121972 0.0241347 0.735662 3.96564e-06 0.000728544 0.000150896 0.00199734 0.000290616 0.000118082 1.27865e-09 1.53311e-12 0.000826333 
0.000281189 0.00693657 0.0324449 0.00901486 0.0262463 0.0100546 0.0247441 0.445942 1.24908e-05 0.00462489 0.00934918 0.0151983 3.62232e-05 0.00353712 0.000226842 0.000151617 0.411199 
4.59024e-05 0.00137641 0.091815 0.0572072 0.00585121 0.271612 0.182482 0.355789 1.18354e-06 0.00941082 0.000205004 0.0211659 0.00084577 0.000124116 2.94109e-08 2.01303e-07 0.00206774 
3.50799e-05 0.0447059 0.00743794 0.00635822 0.00275595 0.0498994 0.155959 0.629944 4.84194e-07 0.0257234 0.00176704 0.0421685 0.000460703 9.96323e-05 5.88935e-06 0.00122984 0.0314497 
3.38739e-05 0.0118241 0.191678 7.61285e-05 0.00387217 0.0939394 0.0321832 0.47089 1.12486e-05 0.12175 0.0300742 0.0403118 0.000209222 0.00235665 2.06651e-05 1.2514e-08 0.000769889 
0.21153 0.0121557 0.0232978 0.00110812 0.0195584 0.0513143 0.0481215 0.553823 3.7609e-06 0.00121452 0.0149679 0.0141972 0.0011881 0.000647954 0.00119814 5.28397e-07 0.0456729 
9.97777e-07 0.0998704 0.0894905 5.33233e-06 0.0675171 0.00123101 0.00776028 0.664388 1.58631e-09 0.036618 0.00693772 0.0222674 5.82949e-10 0.00381639 1.18215e-05 1.35362e-09 8.50926e-05 
0.000148379 0.0143853 0.230945 0.000181164 0.19256 0.0513371 0.0624077 0.417599 2.35374e-06 0.00130358 0.00218237 0.0103143 0.00112648 0.00381607 1.53847e-06 2.15795e-07 0.0116895 
2.86994e-08 0.00111812 0.000165551 1.09969e-07 0.00184729 0.000490437 0.00332933 0.898998 1.15192e-07 0.000938459 9.99786e-07 0.0926765 0.000348167 1.55986e-07 2.65651e-07 5.16607e-05 3.43634e-05 
2.51777e-05 0.00142773 0.0979015 9.76023e-06 0.00850186 0.0356327 0.013204 0.768786 1.64886e-07 0.0293459 0.00677432 0.0366744 0.000242149 0.00117775 0.000103875 1.2971e-06 0.000191352 
0.000100275 5.45316e-08 0.0129762 5.67493e-05 0.00917535 0.0077465 0.0196846 0.940235 1.01314e-06 4.17332e-05 0.000351969 0.00728545 2.11653e-07 0.000113537 0.0015218 2.72414e-12 0.000709548 
0.00541409 0.000669848 0.0502045 5.04929e-09 0.00592763 0.210377 0.018838 0.670048 1.89175e-05 0.0281613 0.00070975 0.00647497 0.00263444 0.000237116 4.97442e-05 2.54221e-08 0.000234717 
4.2384e-05 0.000542766 0.11309 6.01829e-06 0.00878083 0.0111285 0.00939757 0.797709 1.51669e-07 0.0279568 0.00659879 0.0229108 9.6234e-05 0.00161106 1.6171e-05 7.07851e-09 0.000113162 
0.000135689 0.00415777 0.174883 0.00371864 0.027515 0.131435 0.0591095 0.550719 2.57476e-06 0.0178458 0.000830793 0.025717 0.000439204 0.000901713 5.553e-05 1.94586e-07 0.00253356 
5.78707e-06 0.0686367 0.054106 0.000474597 0.0684843 0.0266678 0.0636696 0.677524 3.65501e-06 0.00531464 0.00230419 0.0231761 0.00392451 0.00523074 4.42087e-05 5.0474e-10 0.00043262 
0.000391587 0.00377311 0.126989 0.0004785 0.0146607 0.0260884 0.00937791 0.792812 6.79147e-07 0.0011999 0.00442322 0.0158505 5.80421e-05 0.000822356 0.000423894 1.87016e-13 0.0026493 
1.3687e-05 0.0016615 0.132016 0.000606937 0.0103741 0.0165711 0.0320999 0.700541 1.44787e-07 0.00130712 0.000329543 0.0999943 6.01934e-06 0.00119978 0.00236833 2.14796e-12 0.000910406 
0.000110613 0.0024425 0.0489903 0.0103497 0.00608455 0.00840647 0.016356 0.887914 5.18317e-07 0.00162588 0.00380095 0.00798457 0.000104196 0.000449288 0.000639096 9.86002e-06 0.00473139 
0.000150875 0.0107833 0.250884 0.000125095 0.0826126 0.0613975 0.0830489 0.379567 4.12612e-05 0.0484291 0.0148907 0.0551524 3.7784e-06 0.00110841 0.000529745 0.00984009 0.00143469 
0.00285819 0.0725327 0.00500832 0.000279103 0.0558164 0.0206552 0.110476 0.649613 1.37876e-05 0.00130413 0.0296452 0.0391301 0.000135943 0.00162967 0.00199186 9.93566e-07 0.00890937 
3.51523e-05 0.0280266 0.0891626 0.0156392 0.0791692 0.0825448 0.0454124 0.499133 2.39132e-06 0.00527422 0.112653 0.0161808 0.00265079 0.00838024 8.81273e-06 0.00074079 0.0149859 
0.00238096 0.0352348 0.00433819 0.0002494 0.00530962 0.01804 0.0201678 0.908753 2.18452e-06 0.000394268 0.000293673 0.00271595 0.000444618 0.000368446 4.71122e-06 4.13681e-12 0.00130251 
0.000353001 0.00270583 0.0951018 0.000608082 0.0117223 0.0215869 0.00856477 0.839356 4.85398e-07 0.00102611 0.00335648 0.0122945 4.14603e-05 0.000808751 0.000302813 2.20327e-10 0.00217042 
0.000391587 0.00377311 0.126989 0.0004785 0.0146607 0.0260884 0.00937791 0.792812 6.79147e-07 0.0011999 0.00442322 0.0158505 5.80421e-05 0.000822356 0.000423894 1.87016e-13 0.0026493 
0.00541409 0.000669848 0.0502045 5.04929e-09 0.00592763 0.210377 0.018838 0.670048 1.89175e-05 0.0281613 0.00070975 0.00647497 0.00263444 0.000237116 4.97442e-05 2.54221e-08 0.000234717 
3.95582e-05 0.00480237 0.178529 0.000165575 0.00207538 0.0849289 0.0389494 0.643003 3.03957e-05 0.00996262 0.0275495 0.00172203 3.5383e-05 0.00623217 4.21592e-07 1.08916e-12 0.00197445 
3.56235e-06 0.0391039 0.0234863 0.0103058 0.0414362 0.00365605 0.0544221 0.648702 2.36431e-05 0.000175482 0.0290604 0.0179465 5.21076e-06 0.0770605 1.89674e-08 0.00403081 0.0505819 
0.00586738 0.0522789 0.185096 0.000203296 0.134975 0.0966931 0.0202459 0.260608 1.26187e-06 0.00130684 0.00011038 0.216898 0.000611617 0.00475412 0.00176139 3.02102e-08 0.0185896 
0.000374194 0.00438249 0.0317665 0.0022945 0.00731629 0.032232 0.00577345 0.867586 2.58784e-06 0.000122814 0.000133849 0.0207618 0.000126019 0.0271275 3.63138e-08 4.96673e-11 9.4718e-08 
0.000733417 0.051173 0.0184977 0.0116833 0.0423802 0.105267 0.250843 0.467082 6.86392e-06 0.00224856 0.0152617 0.00714925 0.00148451 0.00545232 0.000835045 0.00718158 0.0127204 
7.0799e-06 0.0249111 0.0209288 0.00177104 0.00187762 0.00180469 0.0441556 0.559965 7.20536e-07 0.281096 7.28256e-07 0.0162068 0.0421712 0.00417372 2.14974e-08 4.6399e-08 0.00093073 
0.000441361 0.00514606 0.0500123 0.00850169 0.00858398 0.00988931 0.099523 0.681119 8.24113e-06 0.00709927 0.068138 0.0107647 0.000339717 0.000317017 5.57525e-06 0.000519934 0.0495905 
0.00137159 0.0182362 0.172836 5.22431e-05 0.019106 0.189456 0.251292 0.277116 0.000392657 0.0253293 0.0158759 0.0196308 0.00628048 0.000507733 0.000581695 3.68234e-05 0.00189775 
2.16314e-05 0.0112244 0.292626 0.00157589 0.021574 0.143173 0.0850443 0.315674 5.89109e-07 0.00405897 0.0493 0.01572 0.000432387 0.0168966 1.52517e-05 0.0285215 0.0141404 
1.3687e-05 0.0016615 0.132016 0.000606937 0.0103741 0.0165711 0.0320999 0.700541 1.44787e-07 0.00130712 0.000329543 0.0999943 6.01934e-06 0.00119978 0.00236833 2.14796e-12 0.000910406 
0.000108161 0.00175329 0.00475701 0.000185169 0.00821682 0.00463401 0.0232199 0.938427 1.17209e-05 0.000329745 0.00147733 0.0132355 1.14389e-08 0.000458302 0.00191213 4.32095e-12 0.00127431 
3.50799e-05 0.0447059 0.00743794 0.00635822 0.00275595 0.0498994 0.155959 0.629944 4.84194e-07 0.0257234 0.00176704 0.0421685 0.000460703 9.96323e-05 5.88935e-06 0.00122984 0.0314497 
5.30214e-05 7.17831e-05 0.0185099 0.000386738 0.003273 0.0131193 0.011362 0.94342 1.4551e-07 8.29256e-05 0.000119004 0.00723304 6.20458e-07 9.80263e-05 6.46348e-05 9.83654e-10 0.00220558 
4.59024e-05 0.00137641 0.091815 0.0572072 0.00585121 0.271612 0.182482 0.355789 1.18354e-06 0.00941082 0.000205004 0.0211659 0.00084577 0.000124116 2.94109e-08 2.01303e-07 0.00206774 
0.000669445 0.0243119 0.108893 3.33461e-05 0.0215579 0.280367 0.047861 0.478999 3.48033e-06 0.00980441 0.00126049 0.0145291 0.00882557 0.00125216 0.000999072 1.33867e-08 0.000632385 
0.000262344 0.013326 0.184478 1.548e-05 0.00217278 0.234881 0.138408 0.401928 4.49917e-05 0.0077222 5.69667e-05 0.00858612 8.00375e-05 0.000223536 1.80213e-08 1.15033e-07 0.00781395 
0.000108161 0.00175329 0.00475701 0.000185169 0.00821682 0.00463401 0.0232199 0.938427 1.17209e-05 0.000329745 0.00147733 0.0132355 1.14389e-08 0.000458302 0.00191213 4.32095e-12 0.00127431 
0.000173891 0.0238614 0.0787762 0.00290101 0.027778 0.146948 0.0575285 0.474333 2.23659e-06 0.0166721 0.105162 0.0247898 0.00348333 0.0244559 0.0101506 0.000643885 0.00234059 
0.000110613 0.0024425 0.0489903 0.0103497 0.00608455 0.00840647 0.016356 0.887914 5.18317e-07 0.00162588 0.00380095 0.00798457 0.000104196 0.000449288 0.000639096 9.86002e-06 0.00473139 
1.1121e-05 0.0267952 0.328745 0.000371006 0.0388682 0.0803581 0.0441088 0.431122 8.44119e-06 0.0143254 0.000129768 0.0286227 0.000154611 0.000133433 2.24794e-05 1.29393e-10 0.00622359 
0.00193299 0.0542339 0.0241492 0.000666258 0.0163823 0.224497 0.230145 0.418775 1.0712e-05 0.00322779 0.00486836 1.20569e-07 0.0116741 0.00075128 2.48796e-08 4.64347e-07 0.00868543 
0.000576688 0.00512989 0.170028 0.000140297 0.0549762 0.0224447 0.0373556 0.572898 7.05526e-06 0.0161985 0.0843443 0.0202552 0.00117836 0.000837622 3.62064e-06 1.72017e-06 0.0136242 
2.34711e-05 0.00159482 0.0960083 1.03233e-05 0.00850304 0.040952 0.0137999 0.761594 1.78603e-07 0.0297156 0.0071883 0.0388695 0.000282184 0.00112696 0.000123199 1.61167e-06 0.000207024 
3.13356e-07 0.00540274 0.00209927 0.00458272 4.73827e-06 1.56464e-06 0.0177287 0.880792 1.11368e-07 5.05829e-07 1.0258e-06 3.63777e-06 1.04912e-11 0.00142968 4.07979e-05 2.43608e-11 0.0879124 
0.000333598 0.0635468 0.0198141 9.64276e-05 0.0174935 0.249972 0.156957 0.350927 0.000853715 0.00250494 0.0759613 0.0211038 0.0214904 0.00488855 0.000189048 3.11839e-09 0.0138687 
0.000195826 0.0630784 0.136007 3.70715e-05 0.0274144 0.124861 0.173766 0.329542 3.4342e-05 0.0827886 0.0129163 0.0357788 0.0110428 0.000892483 0.000225387 8.26378e-05 0.00133712 
3.13356e-07 0.00540274 0.00209927 0.00458272 4.73827e-06 1.56464e-06 0.0177287 0.880792 1.11368e-07 5.05829e-07 1.0258e-06 3.63777e-06 1.04912e-11 0.00142968 4.07979e-05 2.43608e-11 0.0879124 
0.000124261 0.0333861 0.0684022 0.0315781 0.00818522 0.0172254 0.113387 0.670134 7.41727e-06 0.00829944 0.00318285 0.0303273 0.000637027 0.000386931 0.000970458 0.000439028 0.0133275 
0.000288098 0.0660508 0.0240348 0.0134537 0.048485 0.0652552 0.184155 0.473467 1.39532e-05 0.00154078 0.0116941 0.0185879 0.000279091 0.0443314 6.01772e-06 0.00100515 0.0473523 
0.00238096 0.0352348 0.00433819 0.0002494 0.00530962 0.01804 0.0201678 0.908753 2.18452e-06 0.000394268 0.000293673 0.00271595 0.000444618 0.000368446 4.71122e-06 4.13681e-12 0.00130251 
0.00192448 0.0469717 0.158258 0.0391854 0.120262 0.144256 0.0428898 0.250812 1.69259e-06 0.00319019 0.0188492 0.0792873 0.0103975 0.0588917 0.000171069 3.61601e-06 0.0246479 
0.133923 0.0591438 0.120532 0.000363051 0.0249104 0.0696686 0.0402571 0.466468 1.10453e-05 0.00699518 0.0223005 0.0189245 0.00146743 0.03321 0.00048461 5.10389e-06 0.00133602 
0.0889709 0.0513708 0.108654 0.00309998 0.146684 0.0701996 0.0463747 0.303252 5.45568e-06 0.0143344 0.0459614 0.069645 0.0351588 0.0039817 0.000292421 0.00469399 0.00732083 
0.000353001 0.00270583 0.0951018 0.000608082 0.0117223 0.0215869 0.00856477 0.839356 4.85398e-07 0.00102611 0.00335648 0.0122945 4.14603e-05 0.000808751 0.000302813 2.20327e-10 0.00217042 
0.0328651 0.0326233 0.0905863 0.00383513 0.136422 0.106983 0.132622 0.254913 0.000154613 0.0327273 0.0291614 0.0419828 0.0066686 0.0912412 0.000145214 0.000534602 0.00653437 
0.000143314 0.00880262 0.14962 0.0218695 0.0065301 0.0396394 0.167423 0.480755 9.04882e-05 0.00965583 0.00566716 0.0884982 0.000139699 0.000769282 8.67e-05 0.000856473 0.0194534 
6.3185e-05 0.0253072 0.0956721 0.0256732 0.0163342 0.00941113 0.0359616 0.706716 2.98106e-06 0.00298893 0.0100407 0.0121079 0.000828033 0.000991087 3.73851e-06 0.000799806 0.057098 
2.08086e-05 0.00495316 0.106856 1.46941e-05 0.00227102 0.121972 0.0241347 0.735662 3.96564e-06 0.000728544 0.000150896 0.00199734 0.000290616 0.000118082 1.27865e-09 1.53311e-12 0.000826333 
0.000110613 0.0024425 0.0489903 0.0103497 0.00608455 0.00840647 0.016356 0.887914 5.18317e-07 0.00162588 0.00380095 0.00798457 0.000104196 0.000449288 0.000639096 9.86002e-06 0.00473139 
0.0019876 0.157376 0.0134391 0.00228043 0.0245661 0.0481405 0.178674 0.310928 0.0016511 0.0268541 0.10442 0.0231456 0.000728425 0.0381596 9.49327e-05 0.000251235 0.0673035 
0.00108893 0.0271168 0.117709 0.111741 0.0484998 0.0554211 0.114302 0.198248 4.25666e-06 0.0284578 0.0021385 0.190328 0.0172834 0.059506 5.35902e-05 0.0012254 0.0268772 
0.000464117 0.0378827 0.108503 0.00471712 0.0156522 0.153165 0.177264 0.440832 2.23686e-05 0.0182684 0.0157514 0.0246598 0.000412172 0.000175108 3.01852e-07 2.57192e-06 0.00222728 
6.30306e-05 0.0051906 0.117341 0.00718804 0.00222971 0.216383 0.208173 0.392177 2.45833e-06 0.00485411 0.000849575 0.0392281 0.00205543 0.000203686 7.67633e-10 8.49031e-09 0.0040605 
0.0021231 0.0550387 0.0506994 0.0838862 0.0331725 0.111853 0.096997 0.384579 7.49188e-05 0.0265046 0.0152854 0.0543426 0.0353184 0.00167832 0.00159448 0.0390983 0.00775437 
0.000131263 0.00285908 0.211021 5.75829e-05 0.00316045 0.143684 0.0768485 0.499225 1.21367e-05 0.0220246 0.0285756 0.00563618 0.000660999 0.00160272 5.75175e-05 1.2263e-10 0.00444311 
0.00202147 0.0687587 0.00848331 0.000513552 0.0109827 0.0788415 0.0988574 0.686741 3.11665e-06 0.000773025 0.00243674 0.0170058 0.00239784 0.000419942 2.55268e-06 7.47848e-07 0.0217602 
0.046691 0.0773239 0.0649711 0.00128957 0.0538126 0.0575291 0.0909074 0.501885 6.14205e-05 0.00707015 0.00482358 0.0348406 0.0147286 0.0401573 0.000322644 1.13036e-06 0.0035849 
1.33834e-05 0.00613788 0.113626 0.000143015 0.0022022 0.0980746 0.0322305 0.722488 1.2112e-05 0.00385558 0.00954709 0.00211849 3.08286e-05 0.00678467 6.20994e-06 2.48997e-12 0.00272968 
8.62663e-05 0.00554117 0.0258795 0.013939 0.00798768 0.00854739 0.0322604 0.883109 7.23063e-07 0.000517177 0.000524677 0.00627731 2.23638e-05 0.00215423 6.67037e-06 0.000716194 0.0124301 
1.3687e-05 0.0016615 0.132016 0.000606937 0.0103741 0.0165711 0.0320999 0.700541 1.44787e-07 0.00130712 0.000329543 0.0999943 6.01934e-06 0.00119978 0.00236833 2.14796e-12 0.000910406 
0.345377 0.00959799 0.0522033 0.000259847 0.00243058 0.0210452 0.0141734 0.524485 3.05021e-05 0.0104004 0.0171205 0.0016994 0.00039425 0.000314651 4.31557e-06 4.70514e-12 0.000463242 
0.000156574 0.0353025 0.0632972 8.3413e-05 0.0230817 0.0102127 0.0850425 0.627139 1.0125e-06 0.0287939 0.000354262 0.122865 1.15354e-05 0.00358075 5.75003e-07 5.78845e-05 2.01777e-05 
0.000100275 5.45316e-08 0.0129762 5.67493e-05 0.00917535 0.0077465 0.0196846 0.940235 1.01314e-06 4.17332e-05 0.000351969 0.00728545 2.11653e-07 0.000113537 0.0015218 2.72414e-12 0.000709548 
0.000230327 0.0804987 0.0916842 0.00140985 0.0184265 0.141646 0.0992402 0.341167 0.00017227 0.00289785 0.00129577 0.210974 1.78534e-05 0.00442503 0.00018152 2.14035e-06 0.00573045 
0.000467399 0.0306978 0.247634 6.74487e-05 0.0137596 0.0395986 0.0522183 0.364145 0.000256939 0.0285366 0.00727241 0.0294184 0.0186461 0.0852955 0.00106917 0.0500768 0.0308391 
0.00850513 0.0758335 0.0114714 4.68557e-05 0.17642 0.0701244 0.0204115 0.515014 1.07719e-05 0.0299277 0.0147545 0.0579852 0.00244262 0.0146504 0.00240082 4.99934e-10 1.28882e-06 
0.00577388 0.0025389 0.0479675 0.00611129 0.0311762 0.0130677 0.0162055 0.808848 6.92725e-06 0.00410695 0.00438813 0.0154771 0.000368631 0.0382685 0.000418207 4.09455e-06 0.00527268 
4.2384e-05 0.000542766 0.11309 6.01829e-06 0.00878083 0.0111285 0.00939757 0.797709 1.51669e-07 0.0279568 0.00659879 0.0229108 9.6234e-05 0.00161106 1.6171e-05 7.07851e-09 0.000113162 
0.000506695 0.0751533 0.159044 0.00114411 0.011604 0.109914 0.181593 0.409595 2.6766e-05 0.00728373 0.0125061 0.0125374 0.0112408 0.00274968 2.85153e-05 2.28526e-09 0.0050723 
0.00100879 0.0028324 0.163248 0.00430348 0.0358495 0.132207 0.048278 0.53221 1.44318e-05 0.0556677 0.00630101 0.0113166 0.00368522 0.000409146 0.00181252 2.88853e-05 0.000827302 
6.3185e-05 0.0253072 0.0956721 0.0256732 0.0163342 0.00941113 0.0359616 0.706716 2.98106e-06 0.00298893 0.0100407 0.0121079 0.000828033 0.000991087 3.73851e-06 0.000799806 0.057098 
0.000135689 0.00415777 0.174883 0.00371864 0.027515 0.131435 0.0591095 0.550719 2.57476e-06 0.0178458 0.000830793 0.025717 0.000439204 0.000901713 5.553e-05 1.94586e-07 0.00253356 
0.000131263 0.00285908 0.211021 5.75829e-05 0.00316045 0.143684 0.0768485 0.499225 1.21367e-05 0.0220246 0.0285756 0.00563618 0.000660999 0.00160272 5.75175e-05 1.2263e-10 0.00444311 
6.02682e-06 0.100935 0.0046446 2.00694e-05 0.0317435 0.00836872 0.0127931 0.71356 5.67222e-10 0.090768 0.00129403 0.0125955 0.0177449 0.000575924 4.23726e-05 0.000297463 0.0046103 
0.00219294 0.230793 0.0772864 2.16059e-05 0.0607036 0.0811628 0.117504 0.339173 3.67266e-05 0.0125868 0.0562806 0.00680047 0.00457356 0.00351172 4.80605e-05 0.00312336 0.00420122 
1.33834e-05 0.00613788 0.113626 0.000143015 0.0022022 0.0980746 0.0322305 0.722488 1.2112e-05 0.00385558 0.00954709 0.00211849 3.08286e-05 0.00678467 6.20994e-06 2.48997e-12 0.00272968 
0.00236633 0.00280594 0.100751 7.19542e-06 0.0292177 0.215116 0.017648 0.595925 2.28119e-05 0.00715493 0.00563459 0.0128913 0.00760605 0.000325742 0.00132877 2.90291e-09 0.00119765 
0.000892364 0.00237638 0.0572808 6.22474e-06 0.0102026 0.247821 0.0566635 0.529052 2.84754e-05 0.0720651 0.0093004 0.00992282 0.00297173 7.47011e-05 0.000203433 2.27258e-09 0.00113806 
0.000227915 0.00808706 0.286253 2.54547e-05 0.0117176 0.130484 0.0456969 0.478837 3.43159e-05 0.0235712 0.00346991 0.00971544 0.000390297 0.000680493 1.33245e-06 6.56894e-08 0.000808226 
0.00031334 0.0081656 0.00144237 0.0479643 0.00665295 0.00464406 0.0150049 0.417613 3.40971e-06 0.000116382 0.267527 0.00295734 1.54682e-05 0.00116949 2.35811e-07 8.77215e-06 0.226401 
8.62663e-05 0.00554117 0.0258795 0.013939 0.00798768 0.00854739 0.0322604 0.883109 7.23063e-07 0.000517177 0.000524677 0.00627731 2.23638e-05 0.00215423 6.67037e-06 0.000716194 0.0124301 
0.000353001 0.00270583 0.0951018 0.000608082 0.0117223 0.0215869 0.00856477 0.839356 4.85398e-07 0.00102611 0.00335648 0.0122945 4.14603e-05 0.000808751 0.000302813 2.20327e-10 0.00217042 
0.00110372 0.00766943 0.334255 3.66525e-05 0.0092601 0.0667536 0.0678507 0.426563 5.04228e-05 0.0586023 0.0143828 0.0117402 0.000458035 0.000777633 5.45481e-05 5.72243e-13 0.000441551 
0.000294918 0.0518358 0.168778 0.00336851 0.114089 0.0857437 0.159894 0.180528 1.10586e-05 0.00554662 0.0126516 0.0811155 0.00291691 0.0965481 2.74961e-05 0.000109312 0.0365417 
5.30214e-05 7.17831e-05 0.0185099 0.000386738 0.003273 0.0131193 0.011362 0.94342 1.4551e-07 8.29256e-05 0.000119004 0.00723304 6.20458e-07 9.80263e-05 6.46348e-05 9.83654e-10 0.00220558 
2.96165e-05 0.00128748 0.106508 1.0031e-05 0.00912643 0.0307794 0.0127552 0.76606 2.29908e-07 0.0290055 0.00890108 0.0336733 0.000339352 0.00126048 8.45282e-05 1.89599e-06 0.000177633 
0.00021091 0.104602 0.256911 0.000259605 0.0404711 0.0642882 0.0510986 0.426363 3.50181e-05 0.00596418 0.00143627 0.0410795 0.000781218 0.00433308 9.03105e-05 4.77484e-11 0.00207595 
1.1121e-05 0.0267952 0.328745 0.000371006 0.0388682 0.0803581 0.0441088 0.431122 8.44119e-06 0.0143254 0.000129768 0.0286227 0.000154611 0.000133433 2.24794e-05 1.29393e-10 0.00622359 
0.000256829 0.104735 0.0269714 0.00825032 0.0518266 0.00755675 0.208608 0.408449 4.68513e-07 0.00970729 0.00232476 0.0513118 0.00042649 0.00345253 6.09169e-06 0.104857 0.011259 
2.85065e-05 0.0332025 0.0728032 0.0188611 0.111237 0.0228236 0.0943978 0.420015 9.10779e-07 0.0247 0.00317476 0.045086 3.16304e-05 0.0121567 2.25791e-07 8.39665e-06 0.141472 
0.000353001 0.00270583 0.0951018 0.000608082 0.0117223 0.0215869 0.00856477 0.839356 4.85398e-07 0.00102611 0.00335648 0.0122945 4.14603e-05 0.000808751 0.000302813 2.20327e-10 0.00217042 
0.0198472 0.00207129 0.0451365 0.00038671 0.100363 0.0224394 0.011531 0.588296 3.0192e-05 0.00633172 0.00285577 0.0181143 0.000885931 0.178075 3.54449e-05 5.24054e-12 0.00360082 
3.53076e-05 0.00332221 0.0197637 0.000213513 0.000174811 0.0281662 0.164074 0.62574 1.12569e-08 0.0178423 7.45266e-06 0.139746 1.12087e-05 1.70033e-05 1.81116e-06 6.65215e-11 0.00088431 
1.47949e-05 0.0210011 0.0708924 3.26629e-06 0.00485056 0.016383 0.0108969 0.734603 2.33595e-07 0.0319226 0.00264833 0.106136 4.93848e-05 0.000519155 1.40818e-05 3.49086e-08 6.49875e-05 
0.0294409 0.171132 0.082073 0.000939065 0.0408995 0.129803 0.0709023 0.327672 0.0015782 0.0288215 0.0431808 0.0171429 0.00137751 0.00670126 0.000713941 6.10588e-05 0.0475615 
0.146793 0.0440765 0.0468948 0.0268154 0.0272527 0.0484405 0.192625 0.353544 1.47633e-05 0.00570401 0.00995308 0.0514544 0.00760889 0.0106224 0.00079782 0.000172681 0.02723 
0.000353001 0.00270583 0.0951018 0.000608082 0.0117223 0.0215869 0.00856477 0.839356 4.85398e-07 0.00102611 0.00335648 0.0122945 4.14603e-05 0.000808751 0.000302813 2.20327e-10 0.00217042 
0.00420432 0.0183884 0.119247 8.34483e-05 0.0217424 0.217125 0.150249 0.43482 6.58117e-05 0.00514837 0.00120958 0.0229063 0.00253212 0.00109411 1.18086e-05 2.14485e-12 0.00117263 
0.000277356 0.0318496 0.0665365 0.00154948 0.0152164 0.00328253 0.319628 0.40292 1.95527e-05 0.0072276 0.0209873 0.0110188 0.00350806 0.0014688 1.80017e-06 0.000171239 0.114337 
0.00337547 0.0986536 0.12208 0.00201263 0.065089 0.121904 0.151997 0.239976 0.000388414 0.0200836 0.0290635 0.0741263 0.0107908 0.0220903 0.000216177 0.00478717 0.0333658 
