0.000996829 3.85439e-05 4.97161e-05 0.0399636 0.023942 0.0051898 0.88599 2.63977e-06 0.00212496 0.00156366 0.0153907 0.0195791 0.00366242 0.000838642 0.000666885 
0.0104174 0.000108241 0.00686089 0.253991 0.00833884 5.17161e-05 0.332546 4.40503e-05 0.000963946 0.00354551 0.0832311 0.254003 0.0420495 0.00357703 0.000271588 
0.0064269 4.04102e-06 9.93069e-06 0.138206 0.0713689 3.41202e-05 0.398403 0.000116581 0.00740606 0.00861483 0.123768 0.166663 0.0300084 0.00104139 0.0479288 
0.00674969 5.8358e-05 0.000195898 0.246816 0.0127356 5.67413e-05 0.402808 0.000107158 0.00433321 0.195095 0.0446897 0.0508828 0.00725307 0.0281349 8.45092e-05 
0.0182174 1.31317e-07 3.53875e-06 0.0537766 0.0136375 1.57067e-06 0.514876 1.81854e-06 0.0116022 0.00338882 0.0759345 0.0957591 0.210944 0.000967689 0.000889522 
0.0133482 0.000812353 0.00126416 0.15026 0.0108666 0.000274533 0.668764 0.000258881 0.001477 0.00153096 0.07158 0.0112446 0.0653371 0.00175991 0.00122089 
0.0408727 0.000121237 0.0213125 0.103346 0.0484814 0.000241698 0.659537 4.29588e-05 0.00290921 0.013165 0.0456449 0.0379545 0.00321928 0.0188283 0.0043229 
0.000654966 4.15887e-05 0.000123775 0.171406 0.0365639 0.000798526 0.544681 4.80669e-05 0.0418499 0.00752564 0.0232033 0.0894358 0.0299665 0.0357088 0.0179922 
0.000654966 4.15887e-05 0.000123775 0.171406 0.0365639 0.000798526 0.544681 4.80669e-05 0.0418499 0.00752564 0.0232033 0.0894358 0.0299665 0.0357088 0.0179922 
0.00149016 1.98567e-05 0.000657123 0.0817258 0.128059 1.24813e-05 0.660947 0.00448099 1.56856e-05 0.00139181 0.0603192 0.0109614 0.00971745 0.0396263 0.000576283 
0.00102803 0.000104509 0.00369123 0.162792 0.0839186 0.000916843 0.326374 0.00048683 0.00550939 0.00890483 0.122595 0.153156 0.0901953 0.0152133 0.0251131 
0.0263403 4.1364e-05 0.00100613 0.185561 0.0669798 0.00122427 0.289832 0.000283984 0.0076439 0.0443295 0.109613 0.059912 0.200025 0.00428862 0.00291804 
0.00617831 0.000651755 0.00570437 0.291904 0.0100283 1.46298e-05 0.613601 0.000611534 1.67313e-06 0.00289115 0.0191086 0.029345 0.00449208 0.0143134 0.00115517 
0.0293586 0.000161061 1.08356e-05 0.225656 0.257789 0.0129946 0.284109 2.3339e-06 0.0108558 0.00211539 0.0451401 0.0335207 0.00509638 0.040392 0.0527991 
0.00567893 2.309e-05 2.29492e-05 0.0844709 0.0544835 0.000286403 0.719141 4.64456e-05 0.00120012 0.00317141 0.0626801 0.0180694 0.0272176 0.00854148 0.0149673 
0.00616148 0.000186615 0.000989259 0.123257 0.0285983 0.000559497 0.367799 0.000380555 0.00031268 0.0568605 0.00887113 0.137215 0.151146 0.000654591 0.117009 
0.0545977 0.00879942 0.000619383 0.199171 0.0270058 0.0185964 0.294281 0.00397557 0.00118222 0.00243278 0.144042 0.0780997 0.109649 0.0165352 0.0410112 
0.0191125 5.87916e-05 0.000136931 0.020672 0.0412237 0.000293588 0.770997 0.0188246 0.026325 0.0014371 0.0433972 0.026643 0.0123094 0.0162919 0.00227775 
0.0254513 0.000209481 0.000270761 0.0488352 0.120322 0.000809655 0.709756 5.30224e-05 0.0122655 0.00229651 0.0191396 0.00947001 0.0474851 0.00245376 0.0011814 
0.0495877 0.000244725 0.0921675 0.187461 0.0383653 0.000112985 0.480756 4.24708e-05 0.0198746 0.00327901 0.0448686 0.0326501 0.0320783 0.0166599 0.00185258 
0.000914233 6.03044e-05 0.00162595 0.17164 0.0416313 0.000721549 0.751414 0.000835526 0.000911179 0.015518 0.002308 0.00826235 0.00152954 0.00250908 0.000118813 
0.00760104 0.000408656 0.000840093 0.337878 0.0630148 0.000504645 0.432893 0.000150211 0.00683004 0.00422078 0.0406555 0.0747195 0.0238071 0.00527128 0.00120547 
1.81016e-05 9.17064e-06 0.00024527 0.00029571 0.0544569 0.000109138 0.848181 0.000126129 0.00254164 0.00294158 0.000347398 0.0319946 0.0584898 0.000225142 1.79991e-05 
0.0376045 0.000883653 5.45024e-05 0.116553 0.0434881 0.00189782 0.272173 0.00124816 0.0601754 0.0106917 0.0619096 0.152548 0.0101685 0.0202953 0.210309 
0.0144111 0.000126377 0.000874903 0.171058 0.146297 0.000424259 0.177808 0.000139877 0.000838747 0.015023 0.167871 0.127491 0.134042 0.0309436 0.0126514 
0.0360515 0.000938034 5.71966e-05 0.206814 0.0132413 7.47387e-08 0.425637 7.51925e-06 0.0150227 0.00228259 0.0110484 0.10461 0.00678059 0.00157241 0.175938 
0.0580418 0.00737207 1.20836e-05 0.260768 0.0401124 8.98671e-05 0.473586 0.00248289 0.0311971 0.00242071 0.0131783 0.0634255 0.0201765 0.013826 0.0133107 
0.00132253 2.26576e-05 0.00103956 0.139972 0.0584467 2.85214e-05 0.513045 0.00133073 0.00344874 0.00269672 0.0966183 0.157182 0.0183977 0.00617949 0.000268679 
0.0690196 2.63105e-05 0.000657725 0.164873 0.0177737 0.000132709 0.485352 0.000376562 0.00042538 0.00488828 0.0559233 0.13139 0.0396456 0.0280401 0.00147649 
0.0316219 0.000146761 8.40201e-05 0.245401 0.0237813 3.44946e-05 0.442158 0.00034894 0.000699905 0.00893653 0.0729949 0.0794442 0.00713998 0.00441122 0.0827962 
0.0408604 0.000232549 6.30274e-05 0.0486859 0.228776 7.06423e-05 0.582595 7.80244e-07 0.0117154 0.0220914 0.0246894 0.0207847 0.0189083 0.000274953 0.000251702 
0.00992566 3.66169e-05 5.62853e-06 0.254566 0.097487 0.00387274 0.554894 8.91495e-05 5.73664e-08 0.000268074 0.0100938 0.0250831 0.0241226 0.0187388 0.000816274 
0.00324974 6.91059e-05 0.000155843 0.0134454 0.00031386 5.19601e-05 0.57943 0.000120076 8.58509e-06 0.000165245 0.326351 0.0281846 0.0479926 0.000117257 0.000344223 
0.0104794 4.96218e-07 0.000139566 0.152623 0.0184434 8.69159e-08 0.606207 7.35967e-05 0.0458895 0.00668411 0.0109444 0.146935 0.000171395 2.53819e-06 0.00140759 
0.00255224 0.000132845 3.5947e-05 0.121485 0.256718 0.00372235 0.373429 3.31936e-05 0.0308692 0.00664325 0.080957 0.0814946 0.0107784 0.0298147 0.00133331 
0.000371552 0.000539384 7.31609e-06 0.277845 0.0257377 3.24662e-06 0.607292 3.42973e-05 4.09995e-06 0.00564729 0.0139683 0.0570935 0.00928127 0.00207471 9.98693e-05 
0.0327923 2.44671e-05 0.00111651 0.110017 0.162293 5.34795e-05 0.564909 0.00053351 0.00773911 0.0025971 0.0255974 0.0502491 0.0178632 0.000712779 0.0235018 
0.125867 5.03676e-05 0.0013776 0.358816 0.0139763 1.19452e-06 0.379799 0.00124889 0.0152273 0.00479034 0.0171097 0.00697124 0.0661375 0.0081482 0.000478763 
0.0161729 0.000581827 1.64459e-08 0.273105 0.00263302 1.83316e-06 0.284948 1.43451e-06 0.0131637 0.00226248 0.23057 0.0505535 0.029188 3.45147e-07 0.0968178 
0.0161422 0.00545117 0.00230243 0.0419123 0.00940116 1.95201e-05 0.844743 3.50857e-05 4.57927e-06 0.00255269 0.0138287 0.0498412 0.0048974 0.00306885 0.00580005 
0.00196773 0.000190329 0.00162653 0.155793 0.017021 0.000721824 0.760002 0.00176734 0.000911487 0.00182906 0.0171245 0.00145551 0.0375807 0.00149598 0.000512592 
0.0161422 0.00545117 0.00230243 0.0419123 0.00940116 1.95201e-05 0.844743 3.50857e-05 4.57927e-06 0.00255269 0.0138287 0.0498412 0.0048974 0.00306885 0.00580005 
0.0010418 1.92656e-05 0.000507351 0.0113912 0.000328882 0.000328093 0.914996 0.000261274 0.000283048 0.000567547 0.0239104 0.0235705 0.00819362 0.0145636 3.7538e-05 
0.0178743 0.000481717 0.0361907 0.0877989 0.0762713 0.000179178 0.61988 0.0100471 0.0195601 0.0258277 0.0217031 0.057381 0.0139634 0.00375465 0.00908701 
0.0187657 6.93416e-05 0.000749956 0.084967 0.19637 0.000299367 0.397253 6.78665e-05 0.0195897 0.230076 0.0245971 0.0136566 0.00801658 0.00338003 0.00214122 
0.0682401 0.000123504 5.04562e-05 0.2576 0.219006 0.00767767 0.373048 0.000203716 1.93107e-05 0.00162766 0.00219795 0.000942502 5.34534e-05 0.0692042 5.25547e-06 
0.00700662 0.000250813 7.64032e-07 0.096031 0.073061 0.000824367 0.481937 3.41189e-06 0.0190716 0.0245098 0.0118897 0.26533 0.0187933 7.41845e-07 0.00128941 
0.0211335 8.13296e-05 0.00438012 0.10278 0.0167713 4.22929e-05 0.516405 0.0078355 0.0174107 0.00335575 0.0963231 0.178381 0.028824 0.00510968 0.001167 
0.125654 2.29015e-05 8.99471e-05 0.0669297 0.0115663 0.000169597 0.650294 0.000140604 0.000189368 0.000850666 0.00735927 0.0791698 0.0202962 0.0346593 0.00260802 
0.000171222 0.000203079 0.00209483 0.053439 0.0300724 0.000204194 0.821097 8.87415e-05 0.00583842 0.00492787 0.0124799 0.0328085 0.0141023 0.0194102 0.00306282 
0.0029971 0.000980519 0.000326874 0.17979 0.0346496 0.000143721 0.321412 0.00458697 0.000796532 0.0039231 0.264561 0.164585 0.0135019 0.00688839 0.000857565 
0.0850783 0.000308237 0.00284712 0.124825 0.134797 0.000703158 0.252555 2.3322e-06 0.0129728 0.00473197 0.126491 0.034279 0.195306 0.0246974 0.000406497 
0.012165 0.000510811 0.000427458 0.248414 0.142371 0.000704652 0.3431 0.000169162 0.00505842 0.0354499 0.0654847 0.0845963 0.0407306 0.0146612 0.00615648 
0.00229436 6.43941e-05 0.0022738 0.0804188 0.0430004 0.00037455 0.39336 0.000148113 0.00685154 0.00121962 0.231808 0.16088 0.0687703 0.00165768 0.00687878 
0.00474797 1.02416e-06 6.63453e-05 0.104498 0.0208225 8.94157e-08 0.28743 3.42721e-05 0.0293314 0.182846 0.0867883 0.0513722 0.19603 0.000250748 0.0357819 
0.0281503 9.65251e-05 0.00407158 0.173515 0.0888727 0.00117786 0.422857 0.000477438 0.00385016 0.00620422 0.137992 0.0717174 0.0238993 0.0299562 0.00716333 
0.0480836 7.99956e-05 0.000244858 0.339723 0.121108 6.18102e-05 0.353892 8.09471e-05 0.00127314 0.00135487 0.0510978 0.0489272 0.0208911 0.00780985 0.00537251 
0.00753566 0.000100018 0.000754044 0.0726061 0.0415985 0.000471059 0.696994 0.00683164 0.044301 0.00316645 0.0265388 0.0443043 0.00890072 0.0223656 0.0235323 
0.0119474 0.000107488 0.00196961 0.212729 0.015346 2.84263e-05 0.431538 0.000999062 0.0037574 0.0189814 0.025637 0.199726 0.00143888 0.00508058 0.0707139 
0.146334 0.00332637 0.000327196 0.243959 0.0931673 0.0143682 0.286681 0.000497459 0.00113073 0.023374 0.0475745 0.0598242 0.0278668 0.0273875 0.0241814 
0.000339846 7.98676e-06 9.13336e-06 0.126291 0.0394049 4.05518e-06 0.740589 0.000109863 0.00225141 0.000942012 0.0184915 0.0547487 0.0127065 1.94397e-05 0.00408492 
0.00399444 0.000288007 8.12307e-05 0.057203 0.0399034 2.5457e-06 0.759597 0.000227104 0.0314916 0.00645911 0.0547157 0.0358811 0.00374874 0.00580312 0.000604253 
0.0444388 0.000181876 0.000937561 0.218268 0.112667 0.000345611 0.431268 0.00010129 0.000628254 0.00477803 0.0638235 0.0781611 0.00415712 0.0316325 0.00861086 
1.83732e-07 9.36725e-06 0.00120833 0.205728 0.00306785 9.07442e-07 0.689205 0.00010569 0.00229053 2.07181e-07 0.0167127 0.0609547 0.0202447 4.81879e-06 0.000466778 
0.0269012 2.05494e-05 2.87139e-05 0.0293856 3.24595e-07 2.35345e-07 0.319855 0.000162792 0.178383 0.000519352 0.0254288 0.304358 0.114938 1.42734e-05 4.94971e-06 
0.0703258 3.00548e-05 0.000611717 0.176674 0.153302 0.0031463 0.286679 0.000288668 0.000332325 0.00853864 0.100469 0.0403932 0.0993694 0.0527117 0.00712799 
0.136952 0.00978734 0.000492171 0.167777 0.0321103 0.00066068 0.286916 0.00379829 0.0261166 0.00401763 0.0999676 0.159757 0.0318071 0.0085583 0.0312825 
0.00094554 1.48779e-05 0.000230144 0.164841 0.0275245 2.69193e-05 0.548918 0.000123516 0.0019521 0.0225092 0.1275 0.0704114 0.0246552 0.0101816 0.000166513 
4.06946e-05 4.73516e-07 1.2735e-05 0.0437366 0.00350897 5.65616e-06 0.396809 0.000628307 7.13328e-06 0.0129393 0.0132829 0.159366 0.368987 0.00067015 4.53241e-06 
0.0411781 0.000153436 0.000650595 0.173887 0.041661 0.000479487 0.606719 0.00138663 0.00889187 0.0108356 0.0581638 0.0426384 0.00515802 0.00717907 0.00101804 
0.000605575 0.000280557 0.000125904 0.190398 0.207997 0.00032397 0.364948 6.33437e-05 0.0013896 0.00759834 0.114324 0.0861069 0.0244447 0.00130977 8.46157e-05 
0.0350486 0.000344177 9.65859e-05 0.310715 0.201974 0.000498077 0.338898 0.00062484 4.3703e-06 0.00600392 0.0296284 0.0167438 0.00111603 0.0575861 0.000718088 
0.00815286 0.000171821 1.42402e-05 0.134141 0.281157 0.000878785 0.496333 0.000697406 0.00145385 0.00490797 0.014302 0.0297677 0.00386444 0.0227743 0.00138286 
0.00304451 6.06498e-05 0.000208007 0.10063 0.0334883 0.00907179 0.662301 0.00236257 0.017836 0.00433993 0.100049 0.024606 0.0158183 0.00862552 0.0175585 
0.0861743 5.38798e-05 0.000342574 0.135303 0.0156073 1.00874e-06 0.400375 0.0038021 0.221274 0.00233981 0.0209571 0.0894035 0.00907118 0.00838334 0.00691225 
5.55098e-05 1.0076e-05 1.33145e-05 0.0657655 1.38895e-05 2.6108e-08 0.934114 1.81544e-08 7.08805e-06 5.9608e-09 9.52337e-10 7.45422e-06 2.63071e-09 1.12287e-05 2.26924e-06 
0.164293 0.000211163 0.000461419 0.186429 0.192745 5.96206e-05 0.329536 0.000488501 5.1961e-05 0.0257944 0.0111754 0.0430899 0.0235979 0.0206716 0.00139524 
0.00386966 0.000461644 0.0179681 0.218061 0.0738343 0.0131924 0.239083 8.42658e-05 0.00518097 0.00154539 0.161231 0.149323 0.100279 0.00940703 0.00647898 
0.0899345 0.00261218 0.000230031 0.200344 0.0205827 0.000119314 0.535681 0.00108723 0.00174135 0.00255863 0.0510937 0.0658227 0.0196213 0.00350767 0.00506359 
0.0449698 9.36276e-05 0.000461139 0.134771 0.0369706 3.60355e-05 0.428866 0.000361575 0.000961757 0.0217924 0.0727391 0.145319 0.00052601 0.106236 0.00589574 
0.0249836 0.00112921 0.0199584 0.0451758 0.0461384 0.000253648 0.703589 4.70992e-06 0.0105282 0.0250288 0.0468724 0.0538441 0.00872711 0.00479675 0.00896992 
0.00124924 1.02567e-05 0.000165954 0.226652 0.0427889 0.000131552 0.332485 0.00294606 0.00909074 0.000745438 0.0470883 0.0194621 0.303255 0.0138766 5.39289e-05 
0.000931694 0.000103131 2.67427e-06 0.252176 0.319436 0.000574719 0.334557 2.28543e-06 9.1306e-05 0.00520666 0.00531576 0.000450916 0.0003684 0.0807818 5.86552e-07 
0.0276642 0.000219667 0.000800676 0.113792 0.0242506 7.32344e-05 0.404431 0.119567 0.0156731 0.00583037 0.13641 0.0480846 0.0806765 0.0222213 0.000305723 
0.00406264 5.96668e-05 0.000109592 0.104355 0.0243611 0.00102873 0.557055 0.000104404 0.0140037 0.0050759 0.119724 0.100521 0.00535163 0.013732 0.0504566 
0.00700625 0.0005424 1.97008e-06 0.193122 0.229449 0.00492643 0.37753 0.000228722 0.00499647 0.00717316 0.0472374 0.035341 0.0013341 0.0427195 0.048391 
0.00629651 1.53177e-05 0.000727862 0.197875 0.011356 0.000162448 0.515686 0.000529945 0.00348991 0.0159478 0.138767 0.0654709 0.0178587 0.0111709 0.0146445 
0.00215357 5.40136e-05 0.000260019 0.215766 0.0134732 1.56364e-06 0.473481 1.80748e-06 0.0234522 0.00472991 0.159157 0.073014 0.0304553 3.22738e-06 0.00399651 
0.00508123 9.74279e-05 0.000445717 0.134663 0.0488282 0.00430639 0.344472 0.000411825 0.0107476 0.00413516 0.241073 0.16744 0.0127396 0.0178717 0.00768752 
0.00975854 0.000647534 0.015156 0.238476 0.0351257 0.000116384 0.591241 3.8782e-06 0.00397812 0.002513 0.00954569 0.082389 0.00183538 0.00551855 0.00369479 
0.287345 0.00953017 0.000244741 0.172117 0.0646297 4.06562e-05 0.288434 0.00217014 0.0177759 0.00186034 0.0128432 0.0980988 0.0275627 0.00521757 0.01213 
0.00246167 0.000123595 0.00261946 0.245314 0.0644981 1.2767e-05 0.436827 0.000318236 0.00378707 9.90494e-05 0.0388299 0.00424889 0.198206 0.000259143 0.00239649 
0.00134622 2.64843e-06 2.60337e-06 0.148606 0.0758024 4.05015e-06 0.700219 6.26126e-07 0.00626788 0.000595562 0.00342423 0.0609118 0.00182026 0.000115281 0.000881094 
0.0342877 0.000112456 0.000561139 0.248426 0.070963 0.00956949 0.33722 2.6008e-05 0.001548 0.0220027 0.157758 0.0689742 0.010394 0.0085996 0.0295579 
0.0253828 8.49079e-05 3.95342e-05 0.126787 0.0778782 0.000131365 0.469155 0.00147087 0.00857373 0.045161 0.0595112 0.136358 0.0219559 0.0203669 0.00714428 
0.0144185 0.00402245 0.000126929 0.120913 0.0179318 0.00075505 0.379435 0.00339795 0.0548157 0.0118189 0.0652557 0.0699959 0.127847 0.070062 0.0592049 
0.000647219 2.70738e-05 0.000507148 0.104308 0.207277 0.000185532 0.575061 0.00707582 7.91954e-05 0.00136883 0.0467358 0.0414657 0.014824 0.000192937 0.000245095 
0.0161422 0.00545117 0.00230243 0.0419123 0.00940116 1.95201e-05 0.844743 3.50857e-05 4.57927e-06 0.00255269 0.0138287 0.0498412 0.0048974 0.00306885 0.00580005 
0.0100553 0.000556186 0.0618238 0.152892 0.0149342 1.06695e-05 0.383765 0.000475836 1.82738e-07 0.00203514 0.0875021 0.194699 0.0437781 0.046092 0.00138041 
0.00203762 2.67316e-05 0.000417806 0.271773 0.0305865 0.00072271 0.272788 0.000657903 0.0112887 0.00165125 0.205731 0.0978763 0.0992155 0.00456764 0.000659566 
0.00229564 0.000645808 0.0730896 0.197253 0.0895079 0.00777173 0.373714 0.000335224 0.000507575 0.00287142 0.111166 0.0533951 0.0794137 0.00707292 0.000960238 
0.0142319 5.26525e-05 0.000518739 0.413366 0.0170543 2.26864e-05 0.433277 0.0001296 0.00272329 0.00161655 0.0310864 0.0606807 0.0108024 0.0142519 0.000185559 
0.0755112 0.000369478 0.00681497 0.162943 0.0632089 0.000257948 0.477826 0.0134022 0.00267072 0.0799943 0.0360669 0.0464747 0.00682827 0.0136041 0.0140264 
0.0078798 0.000178603 0.000637195 0.220096 0.0111951 3.22013e-06 0.62109 0.000111508 0.0019048 0.00448115 0.0213902 0.089903 0.00746425 0.010231 0.00343427 
0.00599421 0.00177307 5.57356e-05 0.210736 0.0154432 0.000211217 0.627776 0.00147834 0.0004392 0.00164348 0.0661504 0.0124863 0.0529341 0.00287339 5.00016e-06 
0.0424257 0.000848845 0.0106167 0.0661525 0.00661979 1.37583e-05 0.846328 0.00365926 4.37881e-05 0.00401511 0.00246406 0.015415 0.00104833 0.000297677 5.116e-05 
0.00245575 3.70875e-08 0.00410113 0.279593 0.262551 4.43774e-07 0.343686 0.000822722 5.60419e-07 1.12458e-06 1.41954e-06 0.079022 0.0119484 0.0146257 0.00119116 
0.00542051 9.19962e-05 0.000597949 0.0699366 0.0162398 0.000176436 0.540492 0.000112952 0.0248118 0.00718406 0.0375296 0.151027 0.141116 0.000567274 0.0046958 
0.0322936 0.000634098 0.00111907 0.260399 0.0747922 0.000624187 0.406415 0.00127289 0.0159734 0.0462805 0.037822 0.059697 0.032308 0.0136343 0.0167347 
0.0338801 0.000135892 0.000842574 0.0415926 0.00982712 0.000319653 0.386022 0.0010758 0.000270209 0.00181106 0.0377173 0.115876 0.365698 0.000663652 0.0042671 
0.00167103 9.47331e-06 0.000522838 0.176077 0.0270366 0.00305885 0.337272 0.000224776 0.0552291 0.00215027 0.140517 0.197944 0.0531404 0.00339666 0.00175028 
0.0151133 0.000557413 0.00185849 0.20663 0.0252309 0.00236406 0.525589 0.000120493 3.10139e-06 0.00384573 0.0731432 0.0615321 0.0689509 0.00572753 0.00933307 
0.0162687 5.90839e-05 0.00481916 0.148492 0.0869369 0.000364604 0.599957 6.08302e-05 0.00490784 0.0062468 0.0229629 0.0291041 0.0566169 0.0123475 0.0108558 
0.000849177 9.77344e-05 6.67863e-06 0.215116 0.157484 0.000687463 0.345384 8.30386e-05 0.00273053 0.00814375 0.117727 0.0247681 0.0673082 0.059564 4.99415e-05 
0.0356665 1.80985e-05 3.35532e-05 0.131138 0.051246 0.000312368 0.424971 5.18376e-05 0.021568 0.003698 0.0321021 0.0586012 0.194753 0.0244537 0.0213858 
2.63737e-05 2.63746e-05 2.63479e-05 0.242704 2.6378e-05 2.63485e-05 0.622449 2.63582e-05 0.0132136 2.6373e-05 2.6379e-05 2.63787e-05 2.63769e-05 2.63768e-05 0.121343 
0.0148479 3.1518e-05 0.000553521 0.0779408 0.00746631 0.00163997 0.454626 0.000115957 0.00143738 0.00218015 0.0442755 0.0157113 0.375401 0.00187802 0.00189536 
0.000802524 7.67657e-05 2.90277e-05 0.227756 0.182084 0.000268873 0.364942 0.000111038 0.00203792 0.0207945 0.127969 0.043902 0.00378439 0.0194267 0.00601458 
0.00226066 4.17282e-05 0.000101028 0.285286 0.0246184 6.00424e-05 0.637168 2.58941e-05 0.000902415 0.00202862 0.0101651 0.0178101 0.0182068 0.00110467 0.000220133 
0.0630716 0.0110199 8.81269e-05 0.102196 0.000555946 1.16366e-05 0.273575 0.00290373 0.206061 0.00205667 0.0233506 0.131089 0.00606909 0.00122307 0.176729 
0.0078798 0.000178603 0.000637195 0.220096 0.0111951 3.22013e-06 0.62109 0.000111508 0.0019048 0.00448115 0.0213902 0.089903 0.00746425 0.010231 0.00343427 
0.0666229 1.17886e-05 0.0018507 0.320697 0.0605772 4.61513e-05 0.336925 0.000983243 0.0141284 0.00920779 0.0329336 0.0946377 0.0203715 0.0133723 0.0276341 
0.0780765 0.0123169 4.28212e-05 0.195452 0.0355896 5.61509e-05 0.29323 0.0171768 0.0142453 0.00345281 0.037182 0.233247 0.0177619 0.00683215 0.0553382 
0.000177567 4.17142e-07 8.41058e-05 0.129768 0.102026 0.000101912 0.512507 0.00011117 0.0362549 0.00524772 0.0251764 0.0675019 0.119729 0.00131329 8.15012e-07 
0.0370674 9.81757e-05 2.18614e-05 0.169163 0.0843567 0.00760007 0.3988 1.02383e-05 0.00148475 0.0373464 0.0468312 0.155064 0.0119682 0.0259281 0.0242603 
0.0158148 0.000255776 0.000138487 0.323233 0.0457451 5.32239e-05 0.481701 2.30783e-05 0.000343082 0.00858773 0.0999391 0.0105089 0.00321646 0.00619508 0.00424451 
0.00415128 6.84121e-05 0.000926005 0.232049 0.00540247 0.000596619 0.374137 0.000202474 0.00493058 0.00302011 0.175399 0.0509333 0.138605 0.0015599 0.00801903 
0.122294 0.0119882 0.000345713 0.163399 0.0452987 4.49503e-05 0.202328 0.00340093 0.0201418 0.0042953 0.168627 0.0969053 0.104347 0.00635599 0.0502293 
0.0210592 0.00069359 0.10904 0.099178 0.0150822 8.63115e-05 0.546185 0.000691396 0.0198839 0.00248394 0.0394544 0.0955397 0.0473744 0.00227543 0.000972166 
0.0078798 0.000178603 0.000637195 0.220096 0.0111951 3.22013e-06 0.62109 0.000111508 0.0019048 0.00448115 0.0213902 0.089903 0.00746425 0.010231 0.00343427 
0.0261896 7.72552e-05 0.000214127 0.209477 0.0290306 0.000672435 0.35413 7.5152e-05 0.0415881 0.0238949 0.0498137 0.131675 0.0847508 0.041981 0.00643063 
2.902e-05 1.36186e-06 1.78684e-05 0.185583 0.0397912 7.93504e-06 0.396272 0.0178041 0.101119 0.00464362 0.0555892 0.0640207 0.134754 0.000365047 1.30715e-06 
0.0119231 1.60338e-05 0.000687825 0.295394 0.109941 0.000208688 0.435994 8.55649e-05 0.021579 0.00956392 0.0113759 0.0638037 0.0211091 0.00569365 0.0126247 
0.0289529 0.000184513 0.000160723 0.110359 0.0812199 6.06547e-05 0.562618 0.000122044 0.0287653 0.00320024 0.0798044 0.0548899 0.047082 0.00198457 0.000595561 
0.112557 0.0654151 6.62716e-06 0.210706 0.0722569 0.00022508 0.225333 0.00265184 0.0260626 0.00202055 0.0188686 0.174206 0.022434 0.00484777 0.0624082 
0.0360515 0.000938034 5.71966e-05 0.206814 0.0132413 7.47387e-08 0.425637 7.51925e-06 0.0150227 0.00228259 0.0110484 0.10461 0.00678059 0.00157241 0.175938 
0.0321216 0.000463346 0.00584946 0.178288 0.0325409 0.00455936 0.602732 0.000747986 0.0220899 0.00448138 0.0505999 0.0425972 0.0118682 0.00489119 0.00616941 
0.024372 0.000288737 0.000457956 0.336945 0.0634438 1.32395e-05 0.369343 1.64592e-05 0.00466511 0.00266246 0.0659936 0.0243408 0.013484 0.000533 0.0934414 
0.00122179 7.11922e-05 2.10357e-05 0.114089 0.193488 0.00572378 0.381777 0.00983755 0.0201693 0.00711772 0.020695 0.00576762 0.114544 0.00176371 0.123713 
0.144486 0.00506837 0.000671867 0.0297537 0.0453035 0.0027917 0.243301 0.00275456 0.151171 0.0236389 0.0691777 0.0775083 0.173741 0.00289158 0.0277411 
0.00465203 8.18401e-05 0.00145415 0.238693 0.0539057 0.000231397 0.545769 0.000279253 0.00642363 0.0114113 0.0555234 0.0494464 0.0237719 0.00625632 0.00210084 
0.0151218 8.26556e-05 0.00012918 0.231314 0.0541058 3.72392e-05 0.510547 0.000231388 0.0278482 0.00173612 0.0691601 0.0749353 0.0135469 0.000104877 0.00110011 
0.0024475 1.20053e-05 4.051e-05 0.0932721 0.106765 0.000684496 0.394377 7.01034e-06 0.249343 0.0207607 0.0304966 0.0305558 0.00915971 0.00238061 0.0596979 
0.0161422 0.00545117 0.00230243 0.0419123 0.00940116 1.95201e-05 0.844743 3.50857e-05 4.57927e-06 0.00255269 0.0138287 0.0498412 0.0048974 0.00306885 0.00580005 
0.0299708 0.00838933 0.000848656 0.053497 0.0226034 0.0400029 0.350666 0.00246064 0.0253053 0.0324939 0.168735 0.0833821 0.0363301 0.135878 0.00943655 
0.00520424 1.30876e-05 0.000306122 0.160931 0.0507948 0.000460117 0.383586 0.000531052 0.0317901 0.0161718 0.176712 0.135441 0.0294302 0.00555196 0.00307676 
0.0173557 0.000216102 0.000864957 0.1316 0.0497649 0.000294541 0.564356 0.0109525 0.047201 0.00101381 0.0307189 0.0523929 0.0614169 0.00491541 0.0269361 
0.0373662 0.00418005 7.86228e-05 0.256556 0.0675844 0.00189074 0.441423 0.000551648 0.00404068 0.00469934 0.0412735 0.0406041 0.05076 0.0382135 0.0107776 
0.00336133 0.000252704 4.57079e-05 0.0294432 0.190582 5.77808e-05 0.481513 0.0569652 0.0069565 0.0132845 0.0781073 0.0815584 0.0294845 0.0261281 0.00226001 
0.0311992 0.228993 0.00223092 0.114524 0.0177572 0.000494141 0.311155 0.00502293 0.00175512 0.00294859 0.07605 0.15356 0.0287613 0.00286607 0.0226823 
0.0189935 0.000911729 0.00112974 0.14357 0.0602363 0.00743579 0.309945 9.51174e-05 0.0622558 0.000822006 0.153968 0.20014 0.0295288 0.00911971 0.00184933 
0.0135179 0.000585222 0.00092249 0.119891 0.0382115 0.000251669 0.26842 0.0582781 4.48167e-05 0.00690004 0.116477 0.236656 0.0605403 0.012583 0.0667215 
0.0111997 1.15209e-05 0.000230856 0.0377493 0.00693431 8.37702e-05 0.808988 0.000821109 5.89111e-05 0.000445685 0.0351883 0.0606233 0.00604996 0.0305966 0.00101817 
0.0449698 9.36276e-05 0.000461139 0.134771 0.0369706 3.60355e-05 0.428866 0.000361575 0.000961757 0.0217924 0.0727391 0.145319 0.00052601 0.106236 0.00589574 
0.00467038 0.000344991 0.0006651 0.235257 0.0605235 0.000186661 0.396433 0.0003938 0.00777448 0.00219474 0.0387994 0.187853 0.0548582 0.001615 0.00843033 
0.376392 0.000359771 2.96227e-06 0.106438 5.742e-06 0.000577593 0.479735 5.24824e-07 0.00471712 0.000827806 3.37109e-05 0.00863436 0.0210783 1.34974e-06 0.00119539 
0.0523204 0.000186058 0.000206866 0.224838 0.042195 0.000115867 0.438861 0.000115083 0.0202077 0.00939624 0.0865031 0.0876802 0.0120577 0.0207169 0.00460009 
0.0313137 0.000171295 0.000454012 0.0805664 0.127405 0.00108057 0.588012 0.00179823 0.0069868 0.00799048 0.0292203 0.058174 0.0658315 0.000583096 0.000412554 
0.0112718 3.51414e-05 4.6376e-06 0.352005 0.0967084 0.000290256 0.370008 0.00307542 0.0160799 0.0178575 0.0133101 0.0936147 0.00569436 0.0187621 0.00128215 
0.00115599 1.68578e-05 3.86184e-06 0.191363 0.0971447 0.000127505 0.268894 0.0203282 0.0453032 0.00702285 0.138457 0.135187 0.0881375 0.000415428 0.00644257 
0.000234704 0.000389143 6.98163e-05 0.326228 0.0255118 3.10688e-05 0.469842 0.000261332 0.0794418 0.0229705 0.0375175 0.0346132 0.00207555 0.000807841 5.12412e-06 
0.0250521 0.000180277 0.00656233 0.260218 0.0173671 0.00467682 0.323502 0.000508501 0.00114744 0.00122219 0.207431 0.0746951 0.0564988 0.0116195 0.00931901 
0.0175227 0.000136624 4.32232e-05 0.144612 0.183933 1.95373e-05 0.361356 0.00244206 0.0648787 0.00662805 0.0277045 0.0729292 0.100831 0.0010722 0.0158909 
0.0161422 0.00545117 0.00230243 0.0419123 0.00940116 1.95201e-05 0.844743 3.50857e-05 4.57927e-06 0.00255269 0.0138287 0.0498412 0.0048974 0.00306885 0.00580005 
0.125654 2.29015e-05 8.99471e-05 0.0669297 0.0115663 0.000169597 0.650294 0.000140604 0.000189368 0.000850666 0.00735927 0.0791698 0.0202962 0.0346593 0.00260802 
0.0422597 0.000194842 0.000108693 0.155513 0.0964904 8.87276e-05 0.564178 2.01903e-05 0.0353594 0.0105287 0.0203833 0.0631705 0.0103322 5.2934e-06 0.00136664 
0.00103209 0.000313101 0.000273932 0.185152 0.0363167 0.000105835 0.360016 7.17025e-05 0.101221 0.00649433 0.0947113 0.13184 0.0761324 0.000460609 0.00586039 
0.0200973 0.000324068 0.00126307 0.234253 0.0672967 5.19429e-05 0.466246 0.000299971 0.00542715 0.00395876 0.0325649 0.125375 0.0195046 0.0107626 0.0125745 
0.237885 0.2126 1.6423e-05 0.107315 0.00524216 6.16929e-07 0.28938 0.00536677 0.00234413 0.000953589 0.0406116 0.0576327 0.0333942 0.00125329 0.00600429 
0.00084729 1.55061e-05 2.70657e-05 0.0103442 0.00920553 2.981e-05 0.787356 1.23136e-07 0.0439694 0.00020827 0.0656579 0.0269313 0.0175437 1.59625e-05 0.0378475 
0.000190378 9.83538e-05 7.10672e-05 0.0182483 0.0713566 0.000443527 0.601476 0.000351399 0.023747 0.0183433 0.111346 0.116518 0.0288683 0.00616098 0.00278048 
0.0923208 0.00040293 0.000571809 0.22672 0.0785824 0.00301906 0.482619 8.21241e-05 0.000535792 0.0102002 0.05532 0.0302622 0.00456854 0.0135246 0.00127038 
0.00158932 7.70321e-05 2.85566e-05 0.0826501 0.086025 0.00245192 0.71787 0.000565448 0.0161399 0.00609268 0.0349521 0.0153117 0.0046603 0.0044256 0.0271607 
0.00502586 1.66293e-05 1.92849e-06 0.271242 0.131975 0.000108012 0.420523 0.000268138 0.000300908 0.0208682 0.014809 0.0463442 0.00402462 0.0840729 0.000419778 
0.0240517 0.000338828 0.000241845 0.20187 0.225979 0.000863668 0.456274 3.96234e-07 2.63597e-08 0.000620174 0.00371838 0.00407304 0.000426635 0.0811379 0.000404214 
0.00655798 0.00084837 0.00118037 0.315428 0.0685545 7.72414e-06 0.456106 4.2021e-05 0.0188449 0.00290118 0.00857648 0.0818084 0.00453765 0.0242151 0.0103914 
0.00998476 3.80751e-05 9.27666e-06 0.391108 0.0319547 4.12045e-06 0.511482 4.76817e-06 0.00017844 0.0535704 1.31584e-05 0.00136487 8.72074e-06 0.000209486 6.91951e-05 
0.0861542 0.000199778 0.000576468 0.0798503 0.109922 0.000105178 0.436995 0.000192989 0.00925178 0.00105973 0.0404368 0.0687513 0.0157622 0.00591784 0.144825 
0.000548817 0.000101773 0.000402489 0.042278 0.0280204 0.0514002 0.646702 0.000288777 0.00473664 0.0324029 0.123312 0.0166121 0.0352006 0.00196168 0.0160311 
0.0718418 0.00325766 1.16202e-05 0.0306669 0.0584037 0.00281817 0.290373 0.00678266 0.0490446 0.00159589 0.176761 0.200363 0.0204027 0.0260165 0.0616603 
0.0176774 3.68285e-05 0.000236191 0.137552 0.043143 3.29457e-05 0.671624 6.02983e-05 0.019131 0.00529693 0.00840805 0.0311373 0.0489477 0.00402328 0.0126936 
0.0414042 4.34393e-05 0.000415823 0.208841 0.281349 0.00280652 0.332633 0.000328591 0.00047047 0.0222853 0.0556945 0.0258525 0.00568179 0.0217963 0.000398727 
0.000208744 3.56666e-05 0.000207169 0.0921034 0.0457684 3.41512e-07 0.593598 3.95458e-07 0.0128388 0.00444086 0.0304868 0.0866078 0.00361671 0.129969 0.000117905 
0.0515243 3.18266e-05 9.39597e-05 0.0667505 0.0245631 0.00132025 0.693019 0.00317959 0.0155814 0.00527938 0.0455681 0.0547488 0.0129116 0.0245729 0.000855296 
0.00352723 6.42731e-05 0.0256058 0.0951192 0.0120439 0.000141727 0.698625 0.000284517 0.000160214 0.00385406 0.0275383 0.0967734 0.00762888 0.0279256 0.000707753 
0.00112359 5.8487e-05 0.000342579 0.0528411 0.0210905 0.000702668 0.454489 0.000263894 0.0396351 0.00141902 0.0198578 0.279267 0.0227207 0.0781928 0.0279961 
0.0262834 0.000140603 0.00248069 0.149902 0.0446147 0.000151731 0.657537 0.000352689 0.00249673 0.00635337 0.0600884 0.0277721 0.00699553 0.0146315 0.000199302 
0.023521 0.000125673 0.00165445 0.256078 0.0689239 0.000283151 0.589892 0.000179106 0.00787561 0.00448519 0.0158541 0.0139366 0.00264146 0.0124578 0.00209259 
0.0626613 0.000104134 0.00164493 0.324 0.0880082 0.000886474 0.372829 0.000248621 0.0164696 0.0139932 0.0486729 0.0389966 0.0139112 0.0137629 0.00381133 
0.182022 0.0253345 3.97216e-05 0.180561 0.0428261 1.75536e-05 0.365803 0.00549554 0.000339085 0.0133923 0.0326186 0.0839302 0.00628709 0.0142248 0.0471086 
0.0115953 6.50124e-05 4.95137e-06 0.0360896 0.0672203 2.82e-05 0.439327 6.74218e-06 9.35997e-05 0.00231645 0.0617058 0.031401 0.165107 0.179578 0.00546155 
0.0563131 0.000149321 0.000639324 0.0996222 0.0131503 1.6135e-05 0.662361 3.76949e-05 9.8157e-06 0.00255224 0.0419922 0.0895051 0.0290679 0.0013774 0.00320673 
0.000757263 5.50174e-05 7.10349e-05 0.326876 0.129741 4.69375e-06 0.337212 3.42047e-05 0.0165892 0.0574208 0.0148576 0.0285898 0.0696624 0.0141581 0.00397079 
0.000314505 3.52247e-05 0.000122529 0.351852 0.069292 5.44097e-05 0.543233 0.000902591 6.86401e-05 0.00359071 0.0104953 0.00777572 0.00508742 0.000980075 0.00619543 
0.0157861 4.7618e-05 0.00021522 0.178957 0.033824 0.00763233 0.348363 0.000445525 0.000213515 0.201544 0.158152 0.0288672 0.00907061 0.0154093 0.00147215 
0.0127804 0.0016575 3.76788e-06 0.194506 0.128145 8.2625e-06 0.25164 0.000813768 0.0288023 0.00181294 0.118431 0.16531 0.00938469 0.00160036 0.0851048 
0.0283127 0.0211256 0.0022053 0.046629 0.0328431 1.16324e-05 0.608803 0.104766 0.0121901 0.00323365 0.017463 0.0712346 0.0141898 0.00229315 0.0346999 
0.00357958 0.000253151 0.0396716 0.153013 0.0515794 6.89273e-07 0.645936 0.00124239 8.70341e-07 0.00821878 0.0658144 0.0128029 0.0170208 0.000866913 1.13502e-07 
0.0616798 9.3162e-05 0.000812538 0.139736 0.0800834 9.58208e-05 0.288833 0.000596022 0.00551297 0.0027127 0.22219 0.061403 0.0125166 0.0126674 0.111068 
0.0299964 0.017976 0.000611937 0.281357 0.00283986 9.1795e-06 0.325658 0.00257456 0.0363315 6.03591e-05 0.0188371 0.201601 0.0326847 0.000685225 0.0487772 
0.0082082 0.000145262 0.000539206 0.228596 0.142467 0.000222877 0.271228 0.000184498 0.0420852 0.0262348 0.128285 0.118973 0.0262933 0.0042269 0.00231047 
0.0312915 0.000227157 0.000711157 0.163138 0.0315455 0.000492956 0.613061 0.000107099 0.0365064 0.00858185 0.0279007 0.0683895 0.00105993 0.0118542 0.00513278 
0.0517082 0.00442868 7.7882e-06 0.200951 0.059015 6.2717e-05 0.407362 0.0270724 0.00353999 0.00175334 0.0290296 0.140425 0.0107846 0.00132929 0.0625312 
0.0095989 0.000172176 2.35267e-05 0.0391034 0.023927 5.63901e-05 0.739427 0.000435305 0.112972 0.0155352 0.0270049 0.015414 0.0132385 0.000760042 0.00233238 
0.00274753 4.46882e-05 0.0002486 0.314103 0.0168075 4.81024e-06 0.529515 7.31466e-05 0.00387671 0.00374992 0.0225898 0.042288 0.0604276 0.000621602 0.00290274 
0.0161422 0.00545117 0.00230243 0.0419123 0.00940116 1.95201e-05 0.844743 3.50857e-05 4.57927e-06 0.00255269 0.0138287 0.0498412 0.0048974 0.00306885 0.00580005 
0.0836002 8.9122e-05 0.000205926 0.239892 0.133711 9.62045e-05 0.418439 0.000238016 0.00625103 0.00425883 0.0358629 0.0579802 0.0094542 0.00819223 0.00172985 
0.00391402 2.82276e-05 8.28594e-05 0.139513 0.0894022 5.27106e-05 0.312201 0.000786606 0.000546699 0.00542224 0.284755 0.0879142 0.0686263 0.00641224 0.000342993 
0.00906162 4.7762e-05 0.00198777 0.176211 0.0219492 0.000136496 0.575919 0.0134055 0.00447596 0.00674331 0.100608 0.0742583 0.00380697 0.00833378 0.00305513 
0.00256831 3.50453e-05 0.000215051 0.0958384 0.0400137 3.27536e-05 0.455432 9.01903e-05 0.00412556 0.00665747 0.0727027 0.113783 0.155767 0.00222677 0.0505118 
9.95495e-05 0.000139876 0.000263363 0.0455767 0.00201857 0.000229156 0.701421 1.99687e-05 0.00448938 0.000119785 0.174096 0.0494514 0.0213713 0.000651471 5.24623e-05 
0.0161422 0.00545117 0.00230243 0.0419123 0.00940116 1.95201e-05 0.844743 3.50857e-05 4.57927e-06 0.00255269 0.0138287 0.0498412 0.0048974 0.00306885 0.00580005 
0.000528644 0.00339849 0.000244714 0.259321 0.00504259 0.000140782 0.302213 0.00194673 0.00252829 0.00119094 0.0488695 0.0684595 0.235228 0.00184908 0.0690386 
0.000243315 0.000122736 0.00330945 0.00399856 0.00215815 0.00146861 0.967364 0.00170061 0.00185463 0.00372165 0.00469775 0.00296159 0.00311326 0.00304394 0.000241824 
0.0388223 0.00704167 5.69769e-06 0.211788 0.0245399 3.48855e-05 0.396012 0.00410438 0.0228193 0.01042 0.127575 0.0784015 0.0675221 0.00161425 0.00929909 
0.0206349 0.000627589 0.00536407 0.0937404 0.063575 8.16221e-06 0.632449 0.00303729 0.040469 0.00496252 0.037363 0.0371358 0.0317098 0.00208481 0.0268389 
0.000287542 5.42662e-06 1.67489e-06 0.0624393 0.0449792 1.14792e-05 0.68346 3.29302e-05 0.081287 0.00719867 0.0621767 0.0153353 0.0285147 0.00564258 0.00862708 
0.0237612 0.0318306 0.000578345 0.0729275 0.0329734 0.000149198 0.582469 0.00600797 0.000543665 0.00508144 0.127833 0.0992014 0.0109583 0.000945352 0.00473966 
0.0324836 0.0584934 0.000626449 0.12498 0.0260901 6.90286e-06 0.352295 0.0014292 0.0570649 0.00232018 0.120297 0.133721 0.0296399 0.00632006 0.0542326 
0.0269322 0.00513126 0.000173786 0.0977528 0.0339437 0.00105163 0.472198 0.00551153 0.10876 0.0215947 0.0496343 0.141803 0.0287565 0.00129955 0.00545726 
0.0112413 0.000171252 0.000739209 0.233177 0.113422 6.5157e-05 0.299448 5.07502e-05 0.00971115 0.0534439 0.12999 0.0664427 0.0779178 0.00167876 0.00250074 
0.00129885 6.76432e-06 4.22307e-08 0.126985 0.00634633 3.24895e-05 0.817917 4.92236e-06 0.0261955 0.000816125 0.00248151 0.0145476 0.00168203 3.12785e-05 0.00165413 
0.192859 0.0326273 6.35682e-06 0.0127904 0.139711 0.000284649 0.199413 0.00576418 0.000899486 1.53063e-05 0.00505735 0.116289 0.01117 0.117614 0.165501 
0.0209551 0.000504269 0.00242114 0.193096 0.0593582 0.00239477 0.523394 0.000493564 0.00356091 0.0110768 0.0675494 0.0726135 0.0188969 0.0197603 0.00392503 
0.0414131 0.0121585 1.53398e-07 0.0430626 0.0298586 0.00018997 0.370347 0.00102011 0.169208 0.00988202 0.0404283 0.102605 0.0279601 0.0538583 0.0980082 
0.0205993 0.000157568 0.00022211 0.200957 0.0303123 0.000930186 0.546454 8.69773e-05 0.0257618 0.00340565 0.0245257 0.0345958 0.00794893 0.0131074 0.0909352 
0.00550589 0.000129845 0.000252253 0.107352 0.157634 0.000597644 0.516909 2.25233e-05 0.00084529 0.0109708 0.103466 0.0481358 0.0338882 0.00994067 0.00435098 
0.00122703 4.87198e-05 1.74016e-05 0.0181934 0.0268461 0.00778933 0.4002 8.10449e-06 0.00453886 0.0402754 0.182322 0.0826705 0.235406 2.15694e-05 0.000436044 
0.000996829 3.85439e-05 4.97161e-05 0.0399636 0.023942 0.0051898 0.88599 2.63977e-06 0.00212496 0.00156366 0.0153907 0.0195791 0.00366242 0.000838642 0.000666885 
0.0360195 0.0002108 0.00351139 0.233732 0.271316 3.74382e-05 0.359577 8.40201e-05 2.41222e-05 0.0140521 0.0245161 0.0154728 0.00294289 0.0384547 4.89249e-05 
0.00132457 4.93115e-06 0.000107485 0.0683325 0.0135945 2.75556e-05 0.744017 3.17897e-05 0.0290418 0.00331584 0.0787116 0.0346819 0.023303 0.00111793 0.0023875 
0.00753916 0.000155971 1.42378e-06 0.162919 0.0523341 7.6086e-05 0.258677 0.179413 0.0517855 0.207077 0.0191458 0.0353389 0.0186169 0.00449057 0.00242933 
0.0782874 0.00299969 5.02734e-06 0.169438 0.0607152 2.09509e-05 0.302067 0.0062223 0.0372196 0.000696386 0.00676252 0.134304 0.0174574 0.0189141 0.16489 
0.0002857 1.15219e-07 3.10341e-06 3.27727e-05 0.0153264 0.000140613 0.822039 1.59489e-06 0.125841 0.00242204 0.00413019 0.0220013 2.91865e-06 0.00766597 0.000107097 
0.0160889 0.000347533 0.000663603 0.107244 0.0114612 4.5396e-05 0.710747 4.21319e-05 0.00092946 0.00735839 0.0181146 0.105544 0.0151099 0.00614226 0.000161418 
0.0360515 0.000938034 5.71966e-05 0.206814 0.0132413 7.47387e-08 0.425637 7.51925e-06 0.0150227 0.00228259 0.0110484 0.10461 0.00678059 0.00157241 0.175938 
5.30718e-07 4.61629e-05 0.0143556 0.116429 0.00638182 3.20294e-06 0.603627 3.70814e-06 4.04296e-06 0.00719132 0.0733456 0.0954797 0.0821837 0.000948249 5.27494e-07 
0.0138851 4.33721e-05 0.000853611 0.289193 0.116022 0.0302663 0.473482 3.28607e-05 0.00313718 0.00337013 0.017027 0.0364776 0.00799709 0.00739815 0.000814898 
0.0205926 5.56769e-05 0.0013829 0.200798 0.0713597 0.00165559 0.279451 0.000303887 0.0378626 0.00946794 0.0960245 0.218681 0.0234359 0.0365898 0.00233878 
0.00289156 0.000846823 0.0916424 0.251153 0.00659416 0.00154499 0.38026 2.42162e-05 0.000415468 0.00191531 0.14055 0.0853562 0.0279125 0.00728222 0.00161151 
0.0234952 2.52939e-05 0.000563699 0.239462 0.0310502 0.0068652 0.339237 0.000302093 0.0226987 0.00308481 0.124907 0.180503 0.0239908 0.00344645 0.000367591 
0.0239687 6.15296e-06 0.000339278 0.187353 0.0713703 0.000222147 0.546767 0.000477657 0.00367401 0.00306892 0.0143535 0.0353712 0.0548548 0.0386362 0.0195364 
0.0449698 9.36276e-05 0.000461139 0.134771 0.0369706 3.60355e-05 0.428866 0.000361575 0.000961757 0.0217924 0.0727391 0.145319 0.00052601 0.106236 0.00589574 
0.0150713 0.000456973 0.000480138 0.152094 0.0156016 0.0225768 0.75549 6.80346e-05 7.41872e-05 0.000148868 0.00904182 0.0190459 0.00860678 0.000121758 0.00112129 
0.00101399 0.000361476 1.15098e-08 0.0190843 0.0107059 0.0144545 0.827838 7.86247e-09 0.0428432 0.00381309 0.0586362 0.0121141 0.00407393 1.18582e-09 0.0050617 
0.0212804 0.000218271 0.000299533 0.150696 0.218154 6.38281e-07 0.389481 0.000613577 0.00220744 1.61722e-06 0.0157705 0.166858 0.0234013 1.32271e-06 0.0110169 
0.19499 0.0219126 0.00593647 0.206232 0.0304247 5.59022e-05 0.286573 3.24718e-05 0.00652976 0.00259911 0.139536 0.0783584 0.0224196 0.00436728 3.2705e-05 
0.000654966 4.15887e-05 0.000123775 0.171406 0.0365639 0.000798526 0.544681 4.80669e-05 0.0418499 0.00752564 0.0232033 0.0894358 0.0299665 0.0357088 0.0179922 
6.38283e-05 2.11577e-05 0.0002185 0.148899 0.0174731 1.29303e-06 0.616994 0.00152741 0.0566538 0.0037642 0.0337876 0.0817192 0.00642047 2.67798e-06 0.0324545 
0.00182858 4.22577e-05 0.00480079 0.0476639 0.00296165 0.000137274 0.828875 0.000169902 0.00921484 0.00502593 0.0408415 0.0525094 0.00103096 0.004775 0.000122695 
0.0195197 0.000358828 0.00236891 0.328122 0.0188805 0.000203535 0.398165 1.58194e-05 0.000466942 0.000823513 0.122612 0.0579785 0.0336678 0.00166729 0.0151505 
0.0596074 0.000459985 0.0281831 0.106791 0.087359 0.0469428 0.451191 4.06788e-05 0.00516873 0.00190981 0.0780398 0.0407442 0.080159 0.0109556 0.00244856 
