0.00739507 0.53874 3.91463e-05 0.00152538 0.0343276 0.0195615 0.150877 0.0060464 4.62903e-08 0.00319121 0.00338957 0.000909541 0.00206628 0.0243529 0.0125989 7.33118e-05 0.0960342 1.95976e-11 0.0211397 1.91905e-05 0.0200313 0.0576823 
0.00411019 0.669953 0.000231737 0.00926393 0.0164859 0.0322886 0.0640135 1.61755e-05 8.48832e-07 0.000761313 0.00234655 8.43807e-06 1.05377e-05 0.00820516 0.00151538 0.000121303 0.0300975 1.09715e-11 0.0170496 0.00264934 0.115167 0.0257044 
0.0171637 0.613758 9.7053e-05 8.88447e-09 0.0386777 0.0101538 0.0975761 5.71604e-05 1.36727e-07 1.2814e-05 0.00507692 0.000145807 9.82319e-05 0.000164003 0.00125499 0.000294319 0.105826 1.54008e-11 5.58322e-05 0.000245446 0.100272 0.00907046 
0.010808 0.476036 6.75734e-06 0.000697254 0.0488681 0.0282046 0.0801989 0.00385853 4.96465e-09 0.00279239 8.9149e-05 1.89094e-07 1.09657e-06 0.014259 0.00690264 9.2688e-05 0.031434 8.69082e-12 0.207454 9.61963e-06 0.0431122 0.0451742 
0.00366399 0.702921 0.000145141 0.00168092 0.00575085 0.0190821 0.0742952 0.000157938 6.61055e-06 0.000954204 0.00179753 4.85442e-05 2.55371e-08 0.00442648 0.000292663 2.39392e-05 0.132267 1.7695e-08 0.014312 2.20962e-05 0.0328874 0.00526466 
0.00967105 0.903876 0.00112514 0.000908954 0.0141018 0.00945623 0.0267861 0.000635149 9.68082e-07 4.1244e-05 0.00151007 4.16951e-05 9.8713e-05 0.00438261 0.00136562 0.00144608 0.000222276 5.33008e-13 0.0019563 0.000202689 0.0101295 0.0120417 
0.00190981 0.470561 0.0232922 0.0431813 0.00831057 0.03265 0.0932804 0.000214044 1.5633e-06 0.00506478 0.00303195 8.21751e-05 0.000169751 0.00248765 0.00436598 0.000534982 0.00551806 2.25257e-11 0.000739249 6.15791e-05 0.267896 0.0366469 
0.0267579 0.511717 8.44313e-06 0.00101181 0.0172645 0.0648118 0.12586 0.00013253 7.80763e-06 5.99058e-05 0.0410629 3.43405e-05 0.000240669 0.00501108 0.105827 1.483e-05 0.0368152 0.000248692 0.00230453 0.00140265 0.0509876 0.00841827 
0.00647249 0.453509 5.53684e-05 0.00683964 0.0117847 0.022123 0.0557479 6.78864e-05 1.79765e-06 0.000780659 0.0267518 2.84555e-05 3.45062e-07 0.000322622 0.00243252 0.000132593 0.000582701 1.9363e-06 0.00844687 0.00799924 0.356657 0.0392608 
0.00411019 0.669953 0.000231737 0.00926393 0.0164859 0.0322886 0.0640135 1.61755e-05 8.48832e-07 0.000761313 0.00234655 8.43807e-06 1.05377e-05 0.00820516 0.00151538 0.000121303 0.0300975 1.09715e-11 0.0170496 0.00264934 0.115167 0.0257044 
0.0480927 0.458548 0.0079872 0.00398589 0.0741599 0.0226338 0.153122 0.0268427 1.10787e-05 7.62475e-05 0.00472928 0.00139741 0.00716693 0.00862709 0.00710216 7.48732e-05 0.0808135 2.78387e-06 0.00420059 0.000456561 0.06316 0.02681 
0.00179308 0.425757 0.00777929 0.00663183 0.00830848 0.0845774 0.209105 0.000460219 7.74794e-06 0.00178483 0.00526886 6.22661e-06 9.587e-06 0.0026533 0.00314159 2.45852e-05 0.00374772 1.93683e-12 0.000555377 0.00663469 0.215381 0.0163719 
0.00253552 0.355778 0.284011 0.0746065 0.0248834 0.0365264 0.0150225 0.00869045 1.89522e-06 0.000522365 0.0269864 0.000807508 0.00104887 0.058529 0.0223641 0.00484611 0.00202324 1.41693e-09 0.0217886 0.00364918 0.0292982 0.0260816 
0.028198 0.282564 0.00152081 0.0699282 0.0703185 0.133473 0.127612 0.0117031 2.69576e-05 0.000553614 0.00345856 0.00234194 0.00423537 0.0413922 0.011253 0.000230235 0.0132164 4.21618e-12 0.0174536 0.00012959 0.124245 0.0561456 
0.0477209 0.254818 0.0245822 0.0774479 0.0468361 0.0637754 0.0570686 6.44082e-05 7.56507e-06 0.000171785 0.0567311 0.00691612 2.762e-05 0.0270427 0.0135972 0.000448552 0.0029506 4.64323e-07 0.040366 0.00748107 0.204287 0.0676586 
0.0912094 0.307376 0.00116765 0.0127298 0.0796131 0.00366488 0.168427 0.000149524 2.30955e-05 0.0085522 0.000718576 4.39691e-07 0.0017142 0.00385761 0.00138606 5.76981e-06 0.0839549 5.72522e-08 0.029621 7.17689e-05 0.0812066 0.124551 
0.0104532 0.363693 0.000287301 0.0101672 0.04649 0.0892522 0.0145014 0.020925 0.00667916 5.24591e-05 0.000488431 0.0317053 0.000611122 0.00988033 0.0263846 6.98621e-05 0.353988 1.07965e-09 0.00345559 8.68889e-06 0.00428697 0.00661992 
0.0569256 0.401944 0.0361938 0.000333966 0.0181869 0.00136012 0.363979 0.0645893 1.85541e-06 0.000189738 0.0026113 4.81976e-10 0.00147128 0.000449168 0.00654428 1.71676e-05 0.00117848 1.8668e-11 0.000260156 0.000722219 0.0345823 0.00845884 
0.0034273 0.774203 0.000122894 0.00279941 0.01136 0.00486219 0.0356652 4.61492e-06 3.41257e-07 0.00149519 0.000806023 3.01882e-06 5.23931e-06 0.0118603 0.00132518 0.000130577 0.0250096 6.5135e-12 0.0134771 0.000585343 0.0892652 0.0235928 
0.0135863 0.598736 0.00275662 0.00552844 0.0096134 0.0155049 0.0080014 1.25043e-05 2.07462e-05 3.63516e-05 0.0171922 0.00103223 4.25862e-05 0.00161894 0.00380698 0.00196235 0.0327951 2.10728e-12 0.00482209 0.000563044 0.255869 0.0264989 
0.0686482 0.295433 0.0114619 0.0382045 0.242462 0.0902456 0.083486 0.0067948 3.96258e-06 0.00100977 0.0485322 0.00142098 0.00213852 0.00353106 0.04064 0.000185982 0.00588755 1.95338e-05 0.00977125 0.00125316 0.0363137 0.0125567 
0.0599831 0.27608 8.74047e-05 0.00274862 0.203617 0.0230708 0.106211 0.0672855 5.60495e-06 1.59673e-05 0.0313001 8.36171e-05 0.00020722 0.00498629 0.0132993 4.2789e-05 0.131555 1.54717e-10 2.05452e-05 0.00119961 0.0674976 0.0107037 
0.00222421 0.367516 3.47247e-07 0.0137658 0.0280867 0.185543 0.176018 7.06393e-08 4.03282e-08 7.69019e-12 0.0102601 1.44878e-07 2.38456e-05 3.77888e-07 0.000989745 1.7448e-05 0.0157604 1.81538e-11 0.00288388 0.00890949 0.171128 0.0168713 
0.00967105 0.903876 0.00112514 0.000908954 0.0141018 0.00945623 0.0267861 0.000635149 9.68082e-07 4.1244e-05 0.00151007 4.16951e-05 9.8713e-05 0.00438261 0.00136562 0.00144608 0.000222276 5.33008e-13 0.0019563 0.000202689 0.0101295 0.0120417 
0.0271454 0.349828 0.00149596 0.00887554 0.212984 0.0759476 0.0277979 0.0010108 1.13167e-05 0.00162696 0.0337707 0.00157861 0.000281107 0.0117217 0.0103491 0.000390351 0.0561883 3.98161e-07 0.0102695 0.000530835 0.111479 0.0567174 
0.00391846 0.543586 0.0713963 0.000164464 0.0212686 3.4673e-05 0.310572 0.000448382 2.12722e-09 5.0608e-05 0.00133196 7.72132e-10 3.00857e-08 0.00149696 0.00380645 1.72194e-08 0.000262431 9.6291e-12 0.000470486 5.29628e-08 0.04022 0.000971451 
0.000832079 0.517131 2.15026e-05 0.00404633 0.0342821 0.0485904 0.07373 0.00469377 8.32147e-06 4.45863e-05 0.0162312 0.00200874 0.00461258 0.167567 0.0680656 0.000305645 0.0206249 8.08132e-11 0.00757784 3.67257e-05 0.0161538 0.0134357 
0.00683331 0.403406 0.00129309 0.00864097 0.0136412 0.0405769 0.0180358 1.51067e-05 9.92378e-08 6.35102e-05 0.0100299 0.000284903 0.00010961 0.00273275 0.00387662 2.43149e-07 0.335989 1.22401e-11 6.54923e-05 1.36277e-05 0.152952 0.00144019 
0.00510376 0.52854 1.18172e-05 0.0065994 0.0156409 0.0337334 0.0302233 0.00414779 1.02386e-07 0.0014091 0.0013811 0.000131176 0.000372144 0.0229712 0.00903825 0.00745628 0.033848 2.33637e-10 0.0298302 6.08221e-05 0.0419494 0.227552 
9.39564e-12 0.786362 1.78774e-06 1.81213e-08 2.66377e-06 3.94393e-06 0.00359325 0.00568679 1.16382e-07 6.94116e-08 1.50572e-06 1.06192e-06 7.22246e-07 0.192447 0.00606578 0.00582435 8.3243e-12 5.8499e-11 7.97479e-07 6.2015e-07 1.47736e-06 5.6003e-06 
0.00413165 0.420373 0.000694276 0.0219288 0.0098061 0.087514 0.0373665 0.109626 0.000434687 9.63288e-05 0.0154973 0.000168648 0.000713326 0.194412 0.053185 0.00150691 0.00843426 1.02258e-07 0.00318713 0.000635551 0.0143549 0.0159327 
0.0151059 0.604917 0.00376505 0.0112874 0.0188562 0.0637036 0.0928554 0.00905839 6.39518e-05 0.000634722 0.00348031 0.000109134 0.00340699 0.0454031 0.00524416 8.82926e-05 0.0089495 4.69416e-12 0.00528386 0.00173338 0.0812248 0.0248283 
0.00135314 0.286741 0.000142451 0.06654 0.0685454 0.106556 0.0211047 0.0882927 0.000494118 3.29701e-05 0.0328024 8.78252e-05 0.000189814 0.214031 0.0166066 0.00996571 0.00250505 7.0988e-09 0.0078012 0.0151273 0.00708705 0.0539939 
0.161916 0.307228 9.77625e-06 0.0075697 0.0225268 0.00844117 0.278527 3.62794e-05 9.19926e-06 0.00108768 0.00166859 5.45811e-05 1.55104e-05 0.00143174 0.000837932 0.000193674 0.0552916 1.32942e-08 0.0120165 0.000283106 0.120889 0.0199661 
0.00485975 0.403087 0.0398414 0.00470451 0.0408681 0.00651518 0.254972 0.000393339 1.89196e-06 0.000338668 0.00548982 3.15364e-06 1.76011e-08 0.00212853 0.00306768 1.74486e-05 0.00156933 2.56455e-08 0.000663808 0.000330756 0.225539 0.00560909 
3.92284e-05 0.718372 0.000114721 0.00427798 0.00400191 0.0542771 0.00176698 0.0350577 4.79009e-07 0.000110552 0.000911105 0.000333475 0.00529113 0.0115909 0.0181929 0.000490072 0.00148243 6.50326e-07 0.00106504 2.32902e-07 0.108935 0.0336891 
0.0780692 0.160166 0.00140606 0.0296541 0.0687056 0.0628476 0.129048 0.000580737 1.13679e-05 0.00185334 0.0655185 0.00702497 0.0037476 0.00484243 0.0174291 0.00407987 0.0578314 6.34795e-05 0.0100907 0.0632028 0.146969 0.0868587 
0.00179308 0.425757 0.00777929 0.00663183 0.00830848 0.0845774 0.209105 0.000460219 7.74794e-06 0.00178483 0.00526886 6.22661e-06 9.587e-06 0.0026533 0.00314159 2.45852e-05 0.00374772 1.93683e-12 0.000555377 0.00663469 0.215381 0.0163719 
0.00719354 0.406284 6.73766e-06 0.00782287 0.0716841 0.0131956 0.258216 0.000104851 9.12459e-06 7.47387e-05 0.0271048 0.000614375 6.73157e-05 0.00222359 0.0355291 0.000125616 0.0584045 1.58038e-10 1.08166e-06 0.000677596 0.097417 0.0132428 
0.023095 0.611411 4.47013e-05 0.0235247 0.045442 0.135349 0.026029 9.84046e-06 2.35736e-05 1.47254e-05 0.000155001 0.000782672 3.96792e-05 0.000155238 0.0302201 5.18808e-05 0.0926837 7.27016e-06 0.000595236 5.13586e-05 0.00645622 0.00385899 
0.00613407 0.457166 0.00103324 0.00415303 0.0311454 0.0148254 0.0610428 4.32156e-05 2.30286e-06 3.78811e-06 0.0392989 0.00182349 2.76602e-06 0.00024013 0.00497065 0.000388887 0.252703 3.09699e-08 0.00171844 0.00245753 0.102193 0.0186528 
0.04626 0.490816 0.00108262 0.021273 0.0958283 0.0218143 0.119766 2.58632e-05 9.10872e-06 7.64606e-05 0.00612155 0.000160824 9.01833e-06 0.000610047 0.00923196 9.53684e-06 0.0637185 6.50373e-12 0.01408 1.58898e-05 0.105892 0.00319946 
0.0135863 0.598736 0.00275662 0.00552844 0.0096134 0.0155049 0.0080014 1.25043e-05 2.07462e-05 3.63516e-05 0.0171922 0.00103223 4.25862e-05 0.00161894 0.00380698 0.00196235 0.0327951 2.10728e-12 0.00482209 0.000563044 0.255869 0.0264989 
0.0161472 0.389104 0.00297979 0.023206 0.0292297 0.0114606 0.0219251 5.58851e-05 4.9305e-07 3.83085e-05 0.0661311 0.000273211 1.41722e-06 0.00282843 0.0110532 0.00278011 0.00776715 2.36636e-07 0.00928019 0.000449153 0.345414 0.0598747 
0.00357188 0.856032 0.000219907 0.00204282 0.0178556 0.0268242 0.0083729 0.0266984 3.31242e-06 1.35874e-05 0.00351749 0.000304446 0.00628675 0.0233983 0.00758007 0.000949828 0.00242042 4.22792e-12 0.00104551 0.000141859 0.00601834 0.00670204 
0.00138643 0.288632 0.00124626 0.249623 0.0044987 0.24486 0.0443469 0.000746563 0.00039169 1.25716e-05 0.0153413 0.000298362 5.47326e-05 0.019453 0.00333471 1.31091e-05 0.0888155 5.92182e-11 0.0058176 0.000179599 0.0214639 0.00948491 
0.00357188 0.856032 0.000219907 0.00204282 0.0178556 0.0268242 0.0083729 0.0266984 3.31242e-06 1.35874e-05 0.00351749 0.000304446 0.00628675 0.0233983 0.00758007 0.000949828 0.00242042 4.22792e-12 0.00104551 0.000141859 0.00601834 0.00670204 
0.0034273 0.774203 0.000122894 0.00279941 0.01136 0.00486219 0.0356652 4.61492e-06 3.41257e-07 0.00149519 0.000806023 3.01882e-06 5.23931e-06 0.0118603 0.00132518 0.000130577 0.0250096 6.5135e-12 0.0134771 0.000585343 0.0892652 0.0235928 
0.0251632 0.73478 0.000146995 0.000798668 0.0196545 0.0113942 0.0957483 5.01852e-05 5.33088e-06 0.000469384 0.000638278 2.72035e-05 0.00145041 0.00236981 0.00123533 0.000614292 0.0239425 1.21316e-08 0.0177942 0.000475457 0.0451085 0.0181335 
0.0263154 0.769385 0.000416604 0.00133852 0.0218294 0.087231 0.0321005 0.000273044 1.09785e-06 2.72567e-05 0.00429462 0.000152391 5.97981e-05 0.00405529 0.00550245 0.00109871 0.00447487 6.23284e-08 0.00175043 0.000464379 0.0280522 0.0111773 
0.00791827 0.472447 0.000256116 0.000830162 0.0227941 0.027494 0.0178509 0.398734 8.05316e-06 4.87073e-05 0.00668392 6.79238e-05 0.000718863 0.0162874 0.00669788 0.00307065 0.00178822 5.17793e-12 0.000935174 0.000140827 0.00761994 0.00760754 
0.00499972 0.45488 8.44042e-05 0.000186306 0.0748099 0.00435273 0.161265 1.46338e-05 7.0921e-07 0.00668654 0.000631847 0.000340423 3.97265e-06 0.000122818 0.00205814 0.000395763 0.0125154 7.72658e-11 0.00285933 1.86269e-05 0.219503 0.0542709 
0.0280736 0.401709 0.000300757 0.0182367 0.00510846 0.0475267 0.190338 0.00490691 0.000156847 0.00975114 0.00221953 5.31241e-06 0.000283721 0.00609177 0.00118361 0.00019102 0.0103088 2.00926e-08 0.0219074 0.00359721 0.204577 0.0435271 
0.0286742 0.652301 1.80617e-05 0.00156958 0.00818408 0.00164228 0.153184 1.32442e-05 3.16912e-06 0.00378114 5.10713e-05 1.0342e-05 8.91548e-06 0.000321847 0.000213055 0.000241316 0.000619154 1.64453e-12 0.0302881 0.000150048 0.0803664 0.03836 
0.0846614 0.452232 2.43645e-05 0.000922421 0.0191254 0.0113381 0.290998 6.58714e-06 3.90617e-07 6.83062e-05 0.00631927 8.41267e-09 7.86681e-06 0.000538232 0.0056429 1.42626e-06 0.0130306 3.11291e-11 0.0023649 6.86605e-05 0.0982283 0.0144207 
0.0569256 0.401944 0.0361938 0.000333966 0.0181869 0.00136012 0.363979 0.0645893 1.85541e-06 0.000189738 0.0026113 4.81976e-10 0.00147128 0.000449168 0.00654428 1.71676e-05 0.00117848 1.8668e-11 0.000260156 0.000722219 0.0345823 0.00845884 
0.0286038 0.440206 0.00189606 0.0161417 0.0156919 0.0337893 0.0148719 0.000101675 2.54838e-06 1.0612e-05 0.0136275 0.00239483 0.000104633 0.000783416 0.00298101 0.000933176 0.281241 4.21359e-12 0.00427564 0.000137053 0.128591 0.0136147 
0.0394736 0.528824 0.106529 0.00118711 0.0252694 0.0172836 0.011637 0.000434841 5.18874e-05 0.0299467 0.00799122 0.000291811 1.1816e-05 0.00481247 0.00138645 0.000166108 0.00270453 1.12662e-11 0.00230758 0.00268692 0.0121405 0.204864 
0.0649789 0.305412 2.00428e-05 0.0121343 0.181181 0.0546417 0.0861876 2.63618e-05 2.14861e-05 0.000399973 0.0171973 0.0078613 9.43405e-06 0.000792027 0.0476834 0.000221989 0.0401753 1.14236e-11 0.0013247 0.00293229 0.105273 0.0715256 
0.0290853 0.388006 0.000117846 0.0094173 0.0707516 0.0546343 0.0931265 9.85895e-05 5.87843e-06 0.000180711 0.0119158 0.000369294 3.78709e-06 0.00306654 0.00990924 8.96949e-05 0.260116 2.69226e-05 0.0130627 0.00128483 0.0352377 0.0194932 
0.00974448 0.318978 0.00869413 0.0270606 0.0605472 0.0924568 0.10748 5.937e-05 2.52241e-06 0.00125907 0.1065 0.000276913 0.0019256 0.00150889 0.0217339 0.000178871 0.013518 2.16739e-07 0.000781871 0.00307588 0.140582 0.083635 
0.0670889 0.3304 0.00159489 0.0201942 0.034443 0.0436181 0.160708 7.86211e-05 7.60726e-06 0.000339505 0.00202807 0.00180466 6.6058e-09 0.0014513 0.00158559 0.000308328 0.0513801 5.72154e-12 0.0298256 0.00117031 0.225811 0.0261627 
0.0135863 0.598736 0.00275662 0.00552844 0.0096134 0.0155049 0.0080014 1.25043e-05 2.07462e-05 3.63516e-05 0.0171922 0.00103223 4.25862e-05 0.00161894 0.00380698 0.00196235 0.0327951 2.10728e-12 0.00482209 0.000563044 0.255869 0.0264989 
0.0125941 0.649134 0.00219389 0.00394889 0.00854677 0.0169628 0.00911887 1.57123e-05 1.74189e-05 3.04447e-05 0.013816 0.000737313 3.04204e-05 0.00163832 0.00314882 0.00144953 0.0290687 1.82873e-12 0.0036464 0.000534148 0.218239 0.0251288 
0.0135504 0.339673 0.00087803 0.0323622 0.0168099 0.0502358 0.22777 6.12671e-05 1.52458e-06 0.0020222 0.00433342 4.15299e-05 7.89112e-07 0.000517725 0.00162993 8.75265e-05 0.0143479 1.39179e-11 0.00283225 0.000637253 0.259591 0.0326164 
0.00302313 0.463239 0.000101362 0.000438783 0.00348559 0.0329292 0.0052139 0.00259679 1.43333e-06 3.8536e-05 0.00101921 1.63701e-05 0.0181496 0.42565 0.0151365 2.00741e-05 0.0108287 2.20606e-09 0.0024282 0.000384219 0.00491095 0.0103883 
0.000289873 0.888667 0.000946014 0.00294883 0.00773316 0.0265402 0.00452794 0.0149297 7.71558e-07 3.74138e-05 0.00117746 9.5574e-05 0.00436148 0.0225125 0.0077728 0.00010504 0.000735233 1.94746e-12 0.000265691 2.43493e-05 0.00222416 0.0141047 
0.00391846 0.543586 0.0713963 0.000164464 0.0212686 3.4673e-05 0.310572 0.000448382 2.12722e-09 5.0608e-05 0.00133196 7.72132e-10 3.00857e-08 0.00149696 0.00380645 1.72194e-08 0.000262431 9.6291e-12 0.000470486 5.29628e-08 0.04022 0.000971451 
0.0294297 0.466363 0.000960642 0.02045 0.0448373 0.0615123 0.030379 0.000718248 4.00013e-06 0.00402334 0.00895521 0.0567337 0.000457818 0.0252482 0.0170825 0.00242613 0.0565442 3.48735e-11 0.0209338 0.000811933 0.0963887 0.0557406 
0.0066505 0.67888 0.00214222 0.00688366 0.0342938 0.0889253 0.0721233 0.000403208 5.02233e-06 0.000251593 0.0153153 5.89868e-05 2.37332e-05 0.00214947 0.0047138 0.0113666 0.0145991 1.86193e-08 0.00681923 0.000208221 0.0170631 0.0371233 
0.0188695 0.341547 0.00165316 0.016301 0.0464558 0.142042 0.123881 9.89622e-05 4.94888e-05 0.00139544 0.0634985 0.000734727 4.23983e-05 0.000916263 0.0059827 0.000194641 0.0624225 1.5059e-08 0.01387 0.00353852 0.132818 0.0236884 
0.176248 0.2024 6.00273e-05 0.0295058 0.0227907 0.0172555 0.0530649 0.0724292 5.30305e-05 0.0308128 0.12347 6.14401e-05 5.12987e-05 0.00808169 0.0178568 0.00103344 0.0060717 6.48247e-08 0.000841155 0.156766 0.00867818 0.0724689 
0.0034273 0.774203 0.000122894 0.00279941 0.01136 0.00486219 0.0356652 4.61492e-06 3.41257e-07 0.00149519 0.000806023 3.01882e-06 5.23931e-06 0.0118603 0.00132518 0.000130577 0.0250096 6.5135e-12 0.0134771 0.000585343 0.0892652 0.0235928 
0.0255898 0.369274 0.185916 0.00291926 0.0417098 0.00590035 0.0455364 0.192916 1.76391e-05 0.000113469 0.00126588 1.30675e-07 0.00390426 0.0133002 0.00676293 4.8006e-06 0.0383383 1.08306e-11 0.0141843 0.000118943 0.0408689 0.0113584 
0.00693541 0.428955 6.91962e-10 0.000740447 0.0100639 0.00701412 0.228634 1.01692e-06 1.78025e-06 0.00231298 8.42192e-05 4.74207e-09 6.33023e-09 0.000131953 0.000146589 1.09177e-05 0.00105827 7.51669e-09 0.00848119 5.85957e-05 0.287754 0.0176154 
0.000703158 0.985238 0.000702819 0.000703271 0.000703272 0.000703308 0.000703295 0.000703179 0.000702328 0.000702778 0.000703211 0.00070273 0.000702271 0.000702993 0.00070314 0.000702313 0.000703185 0.000701949 0.000703253 0.000702874 0.000703314 0.000703326 
0.00750459 0.359615 0.00086184 0.0071454 0.0830404 0.246357 0.0236596 0.0527986 6.2689e-06 5.23369e-07 0.0148718 0.000177929 6.87761e-05 0.0167174 0.0607835 0.000864591 0.0152592 3.86712e-12 0.00118673 0.000216366 0.100581 0.00828433 
0.0111496 0.501679 0.00235066 0.0488441 0.0541422 0.0465627 0.0472148 0.00103317 7.63436e-06 0.00457866 0.150964 0.000586305 0.000956461 0.0046575 0.0129653 0.00075747 0.0033257 5.09615e-09 0.00678423 0.000602049 0.0704198 0.0304185 
0.0034273 0.774203 0.000122894 0.00279941 0.01136 0.00486219 0.0356652 4.61492e-06 3.41257e-07 0.00149519 0.000806023 3.01882e-06 5.23931e-06 0.0118603 0.00132518 0.000130577 0.0250096 6.5135e-12 0.0134771 0.000585343 0.0892652 0.0235928 
0.00287879 0.292929 0.0188032 0.133529 0.0142689 0.16994 0.0908306 0.00528342 0.00014415 0.000445415 0.00496787 0.000626815 0.0012947 0.0212501 0.00966969 7.72233e-05 0.113455 6.522e-11 0.00795558 7.48566e-05 0.0659238 0.0456525 
0.00298474 0.194516 0.000961354 0.0360089 0.0469087 0.0850968 0.0404393 0.000156519 4.10706e-06 5.46559e-05 0.0270467 0.000191027 0.0247557 0.0779953 0.0485948 0.000232784 0.134188 0.000689649 0.0633899 9.73941e-05 0.105131 0.110555 
0.0273675 0.291746 0.000378506 0.0482167 0.0467092 0.0275821 0.105055 0.000221069 4.55041e-05 0.00563256 0.0131597 0.00191054 3.84918e-05 0.00583851 0.0193115 0.0704677 0.0439119 0.000453122 0.00975743 0.0226923 0.0795048 0.18 
0.00401652 0.913371 0.000825017 0.00121304 0.0127295 0.0129023 0.0124682 0.00687649 9.45792e-07 4.24535e-05 0.00131897 8.69691e-05 0.00141283 0.00863507 0.00258737 0.00402892 0.00110005 2.08405e-12 0.00280559 8.23228e-05 0.00471412 0.00878238 
0.0172486 0.541959 0.000725447 0.00741682 0.0385656 0.184475 0.0374209 0.00965874 8.89712e-06 0.00114007 0.0163938 0.00104858 0.00193218 0.0167378 0.0126543 0.00311285 0.0212617 1.14615e-09 0.00786609 0.000313062 0.0391187 0.0409419 
0.0569256 0.401944 0.0361938 0.000333966 0.0181869 0.00136012 0.363979 0.0645893 1.85541e-06 0.000189738 0.0026113 4.81976e-10 0.00147128 0.000449168 0.00654428 1.71676e-05 0.00117848 1.8668e-11 0.000260156 0.000722219 0.0345823 0.00845884 
0.000304754 0.300017 0.112452 0.0115129 0.0475884 0.232602 0.00613144 0.00768526 4.60312e-06 1.12732e-05 0.0116893 0.00278133 0.000490167 0.0540737 0.0163107 0.000134369 0.0171651 5.37816e-08 0.01305 0.00766176 0.110906 0.0474272 
0.0267579 0.511717 8.44313e-06 0.00101181 0.0172645 0.0648118 0.12586 0.00013253 7.80763e-06 5.99058e-05 0.0410629 3.43405e-05 0.000240669 0.00501108 0.105827 1.483e-05 0.0368152 0.000248692 0.00230453 0.00140265 0.0509876 0.00841827 
0.0397893 0.396754 0.00194586 0.0132069 0.0188748 0.0770607 0.090298 0.000239176 4.62478e-05 0.000506341 0.0178791 0.000469508 0.000371778 0.0014599 0.012119 0.00214492 0.0172617 1.10335e-05 0.00973005 0.0204982 0.227273 0.0520605 
0.0039625 0.347116 0.000808926 0.049702 0.0884876 0.13265 0.0561896 0.0271984 0.000278031 0.000122295 0.00948268 0.00941928 9.84693e-05 0.0141382 0.0330026 0.000608848 0.0427617 0.00063305 0.00596811 0.0046394 0.0699086 0.102824 
0.00747855 0.596304 6.0513e-07 0.0119299 0.0593636 2.46572e-06 0.00167325 8.52895e-08 5.77597e-06 0.0022148 0.00429345 5.5979e-09 2.6063e-05 0.0109705 2.1242e-09 9.20573e-06 0.0301722 1.22429e-08 0.00171847 9.49819e-07 0.00300234 0.270833 
0.000481848 0.731882 0.00294853 0.00495455 0.0266748 0.0926481 0.0349613 0.000516746 3.87007e-08 5.85402e-07 0.00583463 1.19288e-05 7.62378e-05 0.00725464 0.0385603 4.76347e-06 0.00404876 1.78312e-07 1.45126e-05 0.000175759 0.00729322 0.0416566 
0.00423966 0.654773 0.000503203 0.135896 0.0252073 0.0235183 0.0350413 0.000531236 1.48418e-06 4.32014e-05 0.00519858 0.000867419 3.85763e-08 0.00329924 0.00305075 0.000874572 0.0120845 1.0992e-09 0.00139367 8.82363e-06 0.0132783 0.0801895 
0.0569256 0.401944 0.0361938 0.000333966 0.0181869 0.00136012 0.363979 0.0645893 1.85541e-06 0.000189738 0.0026113 4.81976e-10 0.00147128 0.000449168 0.00654428 1.71676e-05 0.00117848 1.8668e-11 0.000260156 0.000722219 0.0345823 0.00845884 
0.000281842 0.961468 0.000572625 1.21599e-09 0.00430465 0.0137168 0.00313359 0.000434254 1.84232e-07 6.09626e-07 0.00153178 2.27576e-07 3.12195e-05 0.00395791 0.00175935 0.000265768 0.000469752 6.78291e-12 5.78029e-05 7.71082e-05 0.00373087 0.00420598 
0.00739507 0.53874 3.91463e-05 0.00152538 0.0343276 0.0195615 0.150877 0.0060464 4.62903e-08 0.00319121 0.00338957 0.000909541 0.00206628 0.0243529 0.0125989 7.33118e-05 0.0960342 1.95976e-11 0.0211397 1.91905e-05 0.0200313 0.0576823 
0.0034273 0.774203 0.000122894 0.00279941 0.01136 0.00486219 0.0356652 4.61492e-06 3.41257e-07 0.00149519 0.000806023 3.01882e-06 5.23931e-06 0.0118603 0.00132518 0.000130577 0.0250096 6.5135e-12 0.0134771 0.000585343 0.0892652 0.0235928 
0.00734527 0.434213 2.94882e-05 0.000800111 0.044925 0.122667 0.00869257 0.0540057 2.79012e-07 1.06887e-07 0.00349339 0.000194808 3.07635e-05 0.00376503 0.021818 1.53919e-07 0.0165276 7.14192e-10 0.000319525 5.15048e-05 0.274315 0.00680574 
0.0335455 0.383313 1.8869e-05 0.00245721 0.0594197 0.0811274 0.181674 0.00251771 6.49079e-06 0.000151957 0.00160358 0.00543394 0.000479242 0.00191525 0.0265348 0.000166664 0.0791805 2.15289e-11 0.0168728 0.000607771 0.0715876 0.0513862 
0.0139896 0.605769 0.00178826 0.0124366 0.0390535 0.0818411 0.0147172 0.0014074 5.19807e-06 1.70194e-05 0.0123655 0.00501523 0.000482056 0.00664222 0.00827154 0.00164464 0.0819186 2.32894e-07 0.00601882 0.000735059 0.0942327 0.0116479 
0.0555517 0.537892 0.000329854 0.0107544 0.00794628 0.0406807 0.0443403 7.71393e-05 2.03229e-06 0.0001585 0.00435402 1.69499e-06 0.000170091 0.0224695 0.00283534 0.000140255 0.0381285 1.26471e-11 0.00176592 0.0183393 0.0498007 0.164262 
0.0275493 0.355842 0.000241139 0.00607894 0.0119712 0.0368826 0.253602 2.33026e-05 1.55746e-05 0.00144897 0.00718114 1.09469e-05 3.37398e-06 0.001358 0.00235165 7.45955e-05 0.00831955 1.42344e-09 0.00711206 0.0283038 0.210189 0.0414405 
0.0230652 0.595057 2.01162e-05 0.000197992 0.0770424 0.00492328 0.172307 7.89273e-05 2.73483e-06 1.06212e-05 0.0162041 0.00135734 1.99327e-05 0.000887814 0.0191839 3.3099e-05 0.0162565 8.73479e-08 0.00118398 0.00426312 0.0474647 0.0204407 
0.00366399 0.702921 0.000145141 0.00168092 0.00575085 0.0190821 0.0742952 0.000157938 6.61055e-06 0.000954204 0.00179753 4.85442e-05 2.55371e-08 0.00442648 0.000292663 2.39392e-05 0.132267 1.7695e-08 0.014312 2.20962e-05 0.0328874 0.00526466 
9.36494e-05 0.631114 0.000700073 0.0304213 0.0106134 0.121239 0.0266527 0.00887336 4.01657e-05 0.00115203 0.00410479 0.00021178 0.00492507 0.0579858 0.011928 0.0001368 0.0093162 1.31052e-08 0.00770939 0.000223431 0.00982119 0.0627377 
0.00357188 0.856032 0.000219907 0.00204282 0.0178556 0.0268242 0.0083729 0.0266984 3.31242e-06 1.35874e-05 0.00351749 0.000304446 0.00628675 0.0233983 0.00758007 0.000949828 0.00242042 4.22792e-12 0.00104551 0.000141859 0.00601834 0.00670204 
0.0124243 0.618157 0.000603236 0.0125432 0.0498221 0.0508859 0.047302 0.00830173 8.19508e-06 0.000115001 0.0508957 0.000904037 0.00287235 0.0495921 0.00760826 0.00107628 0.00597246 1.33755e-10 0.00328521 0.000279049 0.014998 0.0623541 
0.0064882 0.729548 6.19292e-05 0.00997771 0.00307109 0.00960706 0.0639878 0.0618934 1.62206e-06 0.0419355 0.0300688 5.59465e-05 1.47266e-05 0.00856074 0.00166997 7.1252e-05 0.000900359 7.97074e-08 0.00421141 0.000155469 0.0154418 0.0122771 
0.0322075 0.688397 0.0202215 0.0262903 0.0267214 0.0367178 0.0233202 0.000434359 1.72083e-05 0.00223064 0.00285607 0.000103317 2.76695e-05 0.00488978 0.00202602 0.000311006 0.0169415 1.56253e-10 0.00446114 0.000858846 0.0920888 0.0188781 
0.00936235 0.385509 0.0163307 0.0714393 0.0482511 0.07385 0.0601242 0.000175655 8.10232e-06 0.000370503 0.00541971 0.0112872 0.000514103 0.0124864 0.0108913 0.00120665 0.130092 3.49854e-06 0.0183531 0.000694336 0.106472 0.0371591 
0.00248011 0.37404 0.000652477 0.00168876 0.0105835 0.0402265 0.0185309 6.43999e-05 3.20669e-07 3.29271e-05 0.00298707 6.79807e-06 0.00113005 0.00683465 0.00100956 1.30735e-05 0.346571 2.89069e-10 0.0329653 0.000256631 0.155025 0.00490067 
0.0187006 0.345834 2.92764e-05 0.0160714 0.0711263 0.0425638 0.193448 0.000394754 3.81009e-09 2.82061e-05 0.0171807 0.00384002 6.38589e-05 0.00276931 0.0158869 0.000155433 0.021512 3.62101e-11 0.0605478 3.92743e-05 0.128136 0.0616721 
0.0135937 0.32249 0.00213893 0.0473537 0.0455825 0.240503 0.0018034 5.31376e-05 7.87146e-06 1.38896e-05 0.0320234 0.0250817 0.0020721 0.00161785 0.0520122 0.000804886 0.0579706 3.53929e-11 0.0185497 0.000297741 0.123218 0.0128127 
0.000522162 0.620816 0.00270734 0.0170398 0.026355 0.147614 0.0116722 0.00050253 4.61226e-05 0.0190853 0.00530839 0.00026833 0.00284178 0.024182 0.0186345 0.00658746 0.00146226 2.49923e-11 0.0253533 4.50401e-05 0.00914063 0.0598164 
0.0970485 0.357062 0.000789441 0.00306945 0.0725943 0.0154692 0.134075 0.000169705 4.58715e-06 0.000141368 0.00868992 0.000368365 3.36106e-06 0.000661821 0.000986655 0.00138447 0.0183873 2.66848e-12 0.00059311 0.00144252 0.224769 0.0622894 
0.00215402 0.67099 0.00709797 0.0460834 0.0121642 0.171355 0.0126331 0.00331205 0.000250106 0.00138606 0.00109515 0.000358459 0.00189529 0.0285282 0.00621119 0.000962841 0.00372488 9.57241e-11 0.000549799 1.42731e-05 0.0151412 0.0140934 
0.00464148 0.909148 0.000605185 0.00135184 0.0136889 0.0137811 0.0104525 0.011302 1.06024e-06 3.42966e-05 0.00116287 8.96321e-05 0.00252867 0.0100752 0.0028753 0.00206577 0.00173975 3.14858e-12 0.00309323 5.12825e-05 0.00344749 0.00786428 
0.010348 0.798064 9.77688e-05 7.55629e-05 0.0657717 0.0269401 0.0473454 0.000664013 1.59582e-07 8.93664e-05 0.0144034 5.14267e-05 7.09223e-06 0.00205346 0.00741411 0.00819501 0.00153153 4.4453e-12 0.0001974 4.99347e-05 0.00591459 0.0107859 
0.0267579 0.511717 8.44313e-06 0.00101181 0.0172645 0.0648118 0.12586 0.00013253 7.80763e-06 5.99058e-05 0.0410629 3.43405e-05 0.000240669 0.00501108 0.105827 1.483e-05 0.0368152 0.000248692 0.00230453 0.00140265 0.0509876 0.00841827 
0.000988569 0.610967 0.00152058 0.0335648 0.0027377 0.110406 0.0429316 0.000660454 0.00372723 0.0176713 0.00105855 0.00018459 7.60668e-05 0.00181467 0.00164049 0.000295703 0.0823007 2.58259e-08 0.00152603 0.00136566 0.0833279 0.00123466 
0.000107155 0.80065 0.000366679 0.00593857 0.00874803 0.0907377 0.000824324 0.000109526 1.38477e-05 2.8554e-08 0.00067291 3.63327e-05 8.00019e-05 0.0790314 0.00170262 0.00199542 1.79021e-06 5.08121e-09 0.000405225 0.000245439 0.00192114 0.00641192 
0.0577292 0.368375 0.00106506 0.00697748 0.0763445 0.0551052 0.177981 1.92195e-05 3.64254e-06 5.6153e-05 0.00796673 0.000654581 0.00530212 0.0115538 0.00654853 0.000283742 0.0305824 5.22313e-12 0.0424654 0.00223522 0.129179 0.0195718 
0.00967105 0.903876 0.00112514 0.000908954 0.0141018 0.00945623 0.0267861 0.000635149 9.68082e-07 4.1244e-05 0.00151007 4.16951e-05 9.8713e-05 0.00438261 0.00136562 0.00144608 0.000222276 5.33008e-13 0.0019563 0.000202689 0.0101295 0.0120417 
0.0161653 0.691021 0.000253707 0.00104354 0.0160087 0.00628016 0.0147394 2.04139e-05 1.02504e-05 2.60398e-05 0.000220601 3.29558e-06 2.09591e-06 0.000406224 0.000441778 6.52398e-06 0.193496 1.2379e-12 0.0186173 1.31732e-05 0.0393875 0.0018371 
0.0290573 0.250743 0.000311673 0.0793491 0.0338671 0.0288237 0.165574 0.0034781 1.99659e-05 0.00172234 0.0143569 0.00301465 6.26222e-05 0.0192115 0.023875 0.00452678 0.00526973 0.0020384 0.014049 0.00093159 0.23483 0.0848872 
0.000221911 0.918186 0.000758354 0.000327337 0.0183556 0.0315921 0.00172706 0.000227772 2.55802e-05 1.206e-09 0.00140811 7.32261e-05 0.000162944 0.00427006 0.0026301 0.00414151 7.21145e-08 1.07013e-11 0.000844903 2.61363e-05 0.0015661 0.0134552 
0.012058 0.415561 0.000256671 0.0151691 0.00508774 0.0146235 0.161389 2.30405e-05 1.21618e-06 0.000167619 0.00290232 2.38613e-05 2.31701e-05 0.000656351 0.000366197 0.00101109 0.0060674 2.43903e-11 0.00143727 0.00012567 0.34029 0.0227596 
0.00411019 0.669953 0.000231737 0.00926393 0.0164859 0.0322886 0.0640135 1.61755e-05 8.48832e-07 0.000761313 0.00234655 8.43807e-06 1.05377e-05 0.00820516 0.00151538 0.000121303 0.0300975 1.09715e-11 0.0170496 0.00264934 0.115167 0.0257044 
0.0286742 0.652301 1.80617e-05 0.00156958 0.00818408 0.00164228 0.153184 1.32442e-05 3.16912e-06 0.00378114 5.10713e-05 1.0342e-05 8.91548e-06 0.000321847 0.000213055 0.000241316 0.000619154 1.64453e-12 0.0302881 0.000150048 0.0803664 0.03836 
0.0484646 0.336882 0.00193271 0.0171787 0.0471832 0.0883874 0.144796 0.00697334 8.03327e-05 0.00162482 0.060429 0.000703117 0.000199513 0.000301563 0.00302106 0.000270287 0.0677348 7.48328e-09 0.0138819 0.0064615 0.119137 0.034357 
0.026509 0.761151 0.000607692 0.00220864 0.02257 0.019374 0.0351516 0.00570584 8.42476e-06 3.76655e-05 0.00145765 9.77502e-05 0.00235017 0.0291646 0.00304169 0.000436659 0.0331867 3.03495e-12 0.0113465 0.00014658 0.0293623 0.0160856 
0.000733794 0.682242 0.00741826 0.0188137 0.013616 0.0609815 0.00105685 5.40711e-05 1.31895e-05 4.26303e-06 0.00288834 0.00013175 6.74935e-05 0.00175632 0.00162547 0.00013635 0.0327572 5.03777e-08 0.0161336 0.000108171 0.155212 0.00424983 
0.0263154 0.769385 0.000416604 0.00133852 0.0218294 0.087231 0.0321005 0.000273044 1.09785e-06 2.72567e-05 0.00429462 0.000152391 5.97981e-05 0.00405529 0.00550245 0.00109871 0.00447487 6.23284e-08 0.00175043 0.000464379 0.0280522 0.0111773 
0.00647249 0.453509 5.53684e-05 0.00683964 0.0117847 0.022123 0.0557479 6.78864e-05 1.79765e-06 0.000780659 0.0267518 2.84555e-05 3.45062e-07 0.000322622 0.00243252 0.000132593 0.000582701 1.9363e-06 0.00844687 0.00799924 0.356657 0.0392608 
0.0659135 0.298633 0.0134534 0.00720535 0.0723835 0.0617351 0.141869 0.0173848 7.8137e-05 0.00123521 0.00985835 1.98372e-05 0.109388 0.00105074 0.0143201 0.000253174 0.00895904 9.40129e-11 0.0167899 0.0016052 0.0322063 0.125659 
0.0394736 0.528824 0.106529 0.00118711 0.0252694 0.0172836 0.011637 0.000434841 5.18874e-05 0.0299467 0.00799122 0.000291811 1.1816e-05 0.00481247 0.00138645 0.000166108 0.00270453 1.12662e-11 0.00230758 0.00268692 0.0121405 0.204864 
9.39564e-12 0.786362 1.78774e-06 1.81213e-08 2.66377e-06 3.94393e-06 0.00359325 0.00568679 1.16382e-07 6.94116e-08 1.50572e-06 1.06192e-06 7.22246e-07 0.192447 0.00606578 0.00582435 8.3243e-12 5.8499e-11 7.97479e-07 6.2015e-07 1.47736e-06 5.6003e-06 
0.00500576 0.519792 7.53785e-05 0.00590797 0.0182307 0.0646094 0.173479 0.000821711 3.14985e-06 0.00507297 0.00248177 0.00109065 0.000737088 0.00907641 0.00685509 0.000155601 0.0645551 1.06953e-09 0.00685469 0.000209285 0.0660954 0.0488909 
0.00464148 0.909148 0.000605185 0.00135184 0.0136889 0.0137811 0.0104525 0.011302 1.06024e-06 3.42966e-05 0.00116287 8.96321e-05 0.00252867 0.0100752 0.0028753 0.00206577 0.00173975 3.14858e-12 0.00309323 5.12825e-05 0.00344749 0.00786428 
0.00222421 0.367516 3.47247e-07 0.0137658 0.0280867 0.185543 0.176018 7.06393e-08 4.03282e-08 7.69019e-12 0.0102601 1.44878e-07 2.38456e-05 3.77888e-07 0.000989745 1.7448e-05 0.0157604 1.81538e-11 0.00288388 0.00890949 0.171128 0.0168713 
0.0134536 0.877992 0.000965039 0.00118324 0.0160311 0.00994773 0.0375005 0.000463451 1.3546e-06 5.77368e-05 0.00185526 5.83696e-05 7.66599e-05 0.00498792 0.00167901 0.00202444 0.00031118 3.58952e-13 0.0026309 0.000283757 0.0141813 0.0143151 
9.16671e-05 0.848573 0.000573191 0.00841229 0.0083723 0.0479307 0.00239643 0.0169302 3.88452e-07 1.72287e-05 0.00163104 0.000139694 0.0112451 0.0326037 0.00529927 2.55503e-05 0.00417907 1.0545e-11 0.00276255 4.88167e-06 0.00195717 0.00685477 
0.0345425 0.326544 0.00250009 0.13462 0.06654 0.0281934 0.0476722 0.000412059 1.96503e-06 0.000150752 0.00810176 0.000428101 0.00170229 0.0632284 0.0241567 0.00567978 0.0182326 4.61653e-07 0.0116242 0.00490301 0.06345 0.157316 
0.0150979 0.566936 0.00261805 0.0236871 0.0134784 0.0511256 0.140308 0.00112627 2.37215e-06 0.0544712 0.0191258 0.000364827 8.76147e-05 0.00348878 0.00583261 0.000146114 0.00634593 8.96303e-11 0.00119762 0.00270148 0.0245514 0.0673074 
0.0034273 0.774203 0.000122894 0.00279941 0.01136 0.00486219 0.0356652 4.61492e-06 3.41257e-07 0.00149519 0.000806023 3.01882e-06 5.23931e-06 0.0118603 0.00132518 0.000130577 0.0250096 6.5135e-12 0.0134771 0.000585343 0.0892652 0.0235928 
0.0173016 0.398592 0.00156422 0.00204975 0.0689445 0.0333053 0.052801 0.00143505 7.08322e-07 0.00405916 0.00852263 0.000688311 0.00385836 0.00565942 0.00457956 0.000180411 0.0922762 4.19971e-11 0.0492815 0.000306074 0.207468 0.0471259 
0.0141992 0.444116 0.0100136 0.000211227 0.010341 0.00581868 0.128387 1.00805e-05 2.38822e-07 0.000489293 0.0011864 1.0126e-07 1.8472e-05 0.000250537 0.000452425 2.45295e-05 0.000918997 8.28975e-12 9.91547e-05 0.000256528 0.375714 0.007493 
0.0116043 0.496253 2.36936e-06 0.00270269 0.00604498 0.00577692 0.129604 8.41113e-06 3.86956e-07 0.00252601 0.00131104 5.12262e-06 0.000210441 0.000215569 0.00103862 7.49783e-05 0.0110294 8.07798e-12 0.0588381 8.50246e-05 0.253301 0.0193667 
0.073948 0.607546 0.00122355 0.00245693 0.0642325 0.0345361 0.0415778 0.000145858 8.69372e-06 4.18993e-05 0.00411479 0.000151993 0.000150359 0.0268662 0.00137245 9.46784e-05 0.00389393 6.69524e-10 0.0672153 0.000894356 0.0104167 0.0591121 
0.000221911 0.918186 0.000758354 0.000327337 0.0183556 0.0315921 0.00172706 0.000227772 2.55802e-05 1.206e-09 0.00140811 7.32261e-05 0.000162944 0.00427006 0.0026301 0.00414151 7.21145e-08 1.07013e-11 0.000844903 2.61363e-05 0.0015661 0.0134552 
0.00357188 0.856032 0.000219907 0.00204282 0.0178556 0.0268242 0.0083729 0.0266984 3.31242e-06 1.35874e-05 0.00351749 0.000304446 0.00628675 0.0233983 0.00758007 0.000949828 0.00242042 4.22792e-12 0.00104551 0.000141859 0.00601834 0.00670204 
0.0791698 0.297683 9.4802e-05 0.00671576 0.0574977 0.0737263 0.0752834 0.0003213 7.84263e-07 0.00513549 0.00480872 0.000206594 0.00180588 0.00286715 0.0194015 0.00178646 0.082701 3.13642e-09 0.0592847 0.000647478 0.106221 0.124642 
0.00302485 0.594219 4.90366e-08 0.00249555 0.029115 0.00707648 0.108963 9.88858e-07 5.16595e-07 0.00212951 0.000103175 2.61764e-07 5.7888e-07 0.000265714 0.000656554 0.000173331 0.00957356 1.08157e-08 0.00303867 3.95709e-05 0.214845 0.0242786 
0.00464148 0.909148 0.000605185 0.00135184 0.0136889 0.0137811 0.0104525 0.011302 1.06024e-06 3.42966e-05 0.00116287 8.96321e-05 0.00252867 0.0100752 0.0028753 0.00206577 0.00173975 3.14858e-12 0.00309323 5.12825e-05 0.00344749 0.00786428 
0.0034273 0.774203 0.000122894 0.00279941 0.01136 0.00486219 0.0356652 4.61492e-06 3.41257e-07 0.00149519 0.000806023 3.01882e-06 5.23931e-06 0.0118603 0.00132518 0.000130577 0.0250096 6.5135e-12 0.0134771 0.000585343 0.0892652 0.0235928 
0.004813 0.810256 2.05473e-05 0.000901287 0.0128361 0.0155858 0.0394685 0.00945183 3.09039e-07 0.00898276 0.000745773 8.11097e-05 0.00302713 0.00680042 0.00364127 8.43131e-05 0.00708873 2.63119e-07 0.00483784 4.10143e-05 0.0577134 0.0136229 
0.0540898 0.512179 0.000907326 0.00889783 0.0328051 0.0201938 0.000374407 2.13747e-06 8.50765e-06 2.37617e-06 0.0251694 0.000378473 5.14828e-05 0.00131969 0.00214504 0.00489696 0.0734389 2.82697e-11 0.0107719 0.000537 0.21513 0.0367014 
0.010348 0.798064 9.77688e-05 7.55629e-05 0.0657717 0.0269401 0.0473454 0.000664013 1.59582e-07 8.93664e-05 0.0144034 5.14267e-05 7.09223e-06 0.00205346 0.00741411 0.00819501 0.00153153 4.4453e-12 0.0001974 4.99347e-05 0.00591459 0.0107859 
0.00967105 0.903876 0.00112514 0.000908954 0.0141018 0.00945623 0.0267861 0.000635149 9.68082e-07 4.1244e-05 0.00151007 4.16951e-05 9.8713e-05 0.00438261 0.00136562 0.00144608 0.000222276 5.33008e-13 0.0019563 0.000202689 0.0101295 0.0120417 
0.0143425 0.461289 0.00605535 0.0643806 0.0336695 0.0575288 0.0671395 0.000190491 8.18286e-06 0.00119528 0.00188466 0.0926125 0.000134997 0.0273514 0.0315083 0.00476789 0.00622379 3.50838e-08 0.0224101 0.00142823 0.0662134 0.0396658 
0.00247318 0.57509 1.58746e-06 0.000186078 0.021272 0.00461357 0.131175 4.21002e-06 4.2634e-07 0.00326175 0.000721579 1.84635e-07 5.46397e-06 0.000126046 0.00088091 0.000280836 0.000898041 2.35679e-08 0.00300396 0.00022591 0.219477 0.0363026 
0.0109277 0.461023 0.00116272 0.00880892 0.0966422 0.0642859 0.0981933 0.00017526 1.75312e-06 8.94648e-05 0.0847413 0.000949819 7.14584e-05 0.0466427 0.00384519 0.00116213 0.00799723 1.02573e-07 0.00193395 0.00040089 0.0586411 0.0523038 
0.000281842 0.961468 0.000572625 1.21599e-09 0.00430465 0.0137168 0.00313359 0.000434254 1.84232e-07 6.09626e-07 0.00153178 2.27576e-07 3.12195e-05 0.00395791 0.00175935 0.000265768 0.000469752 6.78291e-12 5.78029e-05 7.71082e-05 0.00373087 0.00420598 
0.00464148 0.909148 0.000605185 0.00135184 0.0136889 0.0137811 0.0104525 0.011302 1.06024e-06 3.42966e-05 0.00116287 8.96321e-05 0.00252867 0.0100752 0.0028753 0.00206577 0.00173975 3.14858e-12 0.00309323 5.12825e-05 0.00344749 0.00786428 
0.0206746 0.56314 8.28885e-08 0.003483 0.0386656 0.0075143 0.142144 9.27407e-09 2.57271e-07 0.00312612 0.0015221 4.0349e-08 5.38843e-08 0.000815074 2.02663e-06 0.000229363 0.00121621 1.34816e-07 0.00601239 9.7729e-06 0.166797 0.0446473 
0.0886859 0.358005 3.51294e-05 0.0103507 0.0824396 0.000991405 0.192951 8.95477e-06 1.86676e-06 0.0043472 0.00142139 6.76815e-06 9.36011e-05 0.000182771 0.0118428 0.000146212 0.000362908 0.00821301 0.0205733 0.000100415 0.0540281 0.165212 
0.0635688 0.542002 1.15962e-05 0.00179598 0.0261705 0.0101377 0.249029 6.25494e-05 2.47343e-06 6.82975e-05 0.00148078 1.45814e-05 1.80417e-05 6.54761e-05 0.000932792 7.47134e-05 0.0117937 1.67037e-11 0.00279407 8.41527e-06 0.0845102 0.00545847 
0.00697018 0.857153 2.07092e-05 0.000465364 0.0220655 0.0103425 0.0668814 7.26987e-06 2.20275e-05 3.51953e-06 0.0118331 5.95931e-05 1.07532e-05 0.0100385 0.00729279 6.82162e-05 0.00171827 4.14826e-05 0.000191785 0.000478548 0.00179989 0.00253524 
