0.0022087 0.0114038 8.53994e-05 0.0047297 0.104638 0.00275132 0.0348994 3.38353e-05 2.11774e-08 0.0002162 0.693465 7.31467e-06 0.00023528 0.00284825 0.0139557 7.69478e-05 0.00108685 2.36763e-10 0.0419071 0.000403459 0.046018 0.0390296 
0.102165 0.00777125 0.00440726 0.102647 0.0257624 0.00686054 0.00716369 2.0014e-06 2.64223e-05 0.000125723 0.548869 0.0059981 6.44828e-06 0.00316712 0.0483922 0.00999567 0.00493985 0.00271979 0.00120418 0.00514648 0.0629347 0.0496958 
0.0870032 0.00835415 0.0111026 0.0108895 0.10078 0.0407562 0.139891 3.93864e-07 6.57477e-08 0.000695018 0.260651 3.25444e-05 0.00320482 0.00551133 0.0255763 0.000449763 0.00284436 2.70583e-09 0.0423133 0.0249327 0.0356492 0.199362 
0.00375821 0.000624442 0.00133074 0.281394 0.0147531 0.0272711 0.0310069 1.09464e-06 1.89678e-05 0.0012881 0.441065 7.25885e-05 3.28885e-05 0.00273967 0.00741227 0.0323878 0.00416673 5.20648e-06 0.00985357 0.0332257 0.0550693 0.0525229 
0.0526473 0.0547943 0.0170842 0.11863 0.0169113 0.0750292 0.0442046 0.00481499 8.95908e-06 0.000431416 0.404422 0.00191659 0.00140582 0.00828972 0.0169658 0.00105327 0.0384073 2.54641e-07 0.00376715 0.00551 0.0926986 0.0410067 
0.0166915 0.00685876 0.00437057 0.0801603 0.017912 0.175169 0.1336 4.14135e-05 1.63551e-05 0.0023838 0.38133 0.000677442 1.72493e-05 0.00195624 0.0463768 0.00740327 0.00117184 9.78931e-07 0.00458565 0.023995 0.0485099 0.0467714 
0.00972026 0.0259441 0.202902 0.144059 0.0312955 0.0421263 0.00202072 0.00116713 1.18933e-07 0.00497339 0.382442 0.00241346 7.13969e-05 0.00211952 0.0198146 0.000253086 0.0158733 2.96094e-06 0.00681161 0.000804779 0.0575572 0.0476276 
0.00116198 0.0737587 0.0019073 0.0128643 0.0677681 0.0146754 0.0533673 0.000650249 1.32472e-07 0.000892248 0.529949 0.00010053 0.00214929 0.00784729 0.0134278 8.76314e-05 0.00793463 1.85638e-08 0.000226409 0.000122398 0.158025 0.0530841 
0.0175073 0.11034 0.00194676 0.0393045 0.0150662 0.107041 0.0351167 0.00595933 1.26847e-05 0.000148327 0.410964 0.00049138 0.00967138 0.00847697 0.135517 0.000105982 0.0132798 2.82953e-08 0.00375881 0.00402864 0.0260494 0.0552143 
0.037709 0.0458566 1.78027e-05 0.016678 0.03203 0.0524532 0.0045852 0.000560591 4.5204e-09 0.000152117 0.547645 2.61858e-05 4.76515e-09 0.0979088 0.0574426 0.0260163 8.733e-10 2.22059e-06 2.98134e-08 0.0521146 0.0235044 0.00529706 
0.0220105 0.00131798 0.000157398 0.0720303 0.0113927 0.0755611 0.112429 1.20429e-06 2.71184e-06 2.69718e-05 0.576145 0.0001082 2.1468e-05 0.00282558 0.0905161 8.40773e-06 0.000303915 1.57845e-05 4.20227e-05 0.00512838 0.0160525 0.0139029 
0.0325686 0.0093739 0.0084606 0.0362705 0.14377 0.0948133 0.158317 8.6837e-05 1.75497e-07 4.7213e-06 0.344395 0.00505418 0.000436464 0.00248748 0.08542 6.4259e-05 0.00292394 1.40915e-07 0.00014445 0.00325494 0.0321559 0.0399975 
0.000423074 9.50078e-07 8.26515e-07 0.0482244 0.144514 0.194202 0.113131 0.000188895 1.3741e-09 2.55536e-06 0.301849 8.52994e-10 1.44849e-09 5.13747e-10 0.113812 1.30255e-06 3.26285e-06 1.86554e-09 1.08878e-05 8.35794e-06 0.0102828 0.0733444 
0.00965391 0.104525 0.0205242 0.0434601 0.0501039 0.0360804 0.1437 0.00288751 1.90104e-07 0.00473031 0.324416 0.000239443 9.30146e-06 0.0152156 0.0493336 0.000101585 0.00319276 1.7139e-06 0.0150606 0.00103525 0.0898945 0.0858341 
0.0149291 0.00225552 0.00830249 0.211211 0.0309823 0.0359626 0.0372075 0.00013273 1.68893e-06 1.68793e-05 0.377228 4.56935e-06 2.42949e-05 0.00021101 0.00940059 0.012426 0.0177067 1.58548e-06 0.0166517 0.00135982 0.0629245 0.16106 
0.0174888 0.0107319 0.0162547 0.279713 0.0138275 0.0196659 0.00254908 0.00030887 0.00989931 0.0108663 0.330533 0.00272886 8.33386e-07 0.00210617 0.0147709 0.000633344 0.0205344 0.183965 0.000322781 0.00286301 0.045629 0.0146084 
0.123296 0.0208236 0.000607964 0.100699 0.064755 0.0531072 0.0995268 0.000184635 7.18244e-08 5.64564e-05 0.217375 0.00305254 0.000121782 0.0181778 0.0999468 9.79471e-05 0.0039768 0.00206887 0.000401135 0.0560123 0.125108 0.010604 
0.00835649 0.000186967 0.000122331 0.00193443 0.0194995 0.282122 0.0840073 8.52536e-07 1.01479e-07 3.13135e-05 0.356206 5.44366e-05 3.55399e-06 3.75888e-05 0.00129877 0.00127417 0.0579802 1.37773e-07 0.00032038 0.0080143 0.0264717 0.152077 
0.000478997 0.0149138 0.00104923 0.0896496 0.0126256 0.0591664 0.0553589 6.37936e-05 2.8746e-07 0.00167135 0.635782 2.02392e-05 3.03024e-07 0.00115801 0.00826954 0.000193651 0.0106727 3.9027e-07 0.000458234 0.00072161 0.06844 0.0393051 
1.57708e-05 0.000207368 6.87313e-07 0.15001 0.00414715 0.00424526 0.0335685 1.60695e-06 1.27227e-06 0.000148637 0.695193 3.35429e-05 1.34115e-06 0.000863347 0.000797008 0.000946165 0.00244362 3.29728e-05 0.0242439 0.000262808 0.031074 0.0517616 
0.0194869 0.00406014 0.000618356 0.0803636 0.0296304 0.0524986 0.0905005 4.9201e-06 0.00430229 0.000152487 0.490815 0.000527935 3.28281e-06 0.0149757 0.0177724 0.00206046 0.00432698 1.93969e-05 0.0138093 0.0189494 0.0384541 0.116668 
0.0643593 5.14892e-06 5.14584e-06 0.0200869 0.0458326 5.14942e-06 0.062827 5.14848e-06 5.14225e-06 5.14554e-06 0.600345 5.14519e-06 5.14183e-06 0.0257407 0.0494278 5.14214e-06 5.14852e-06 5.13948e-06 5.14902e-06 0.0144146 0.0592241 0.0576803 
0.120913 0.0139876 0.000254421 0.126375 0.036862 0.0254541 0.0542522 2.86277e-05 5.66392e-06 9.06728e-05 0.534974 0.000635922 4.20582e-05 0.000169083 0.0293747 0.000549329 0.000505034 1.35884e-05 0.0145029 0.0034818 0.0312592 0.0062693 
0.00124893 4.9172e-05 0.000255117 0.000752901 0.00943615 0.0507997 0.000422582 7.55791e-07 3.82144e-06 3.36475e-05 0.900004 2.37223e-06 4.02835e-06 0.000455007 0.00162439 2.65146e-05 3.10828e-05 4.84509e-05 4.84097e-07 0.0116012 0.003541 0.0196586 
0.0208451 0.0054938 0.000540521 0.00463429 0.0218412 0.0152095 0.00454154 3.52086e-06 1.80777e-06 5.33929e-05 0.809311 0.00243357 1.05972e-05 0.000334153 0.00136697 0.000297196 0.0205582 2.3185e-05 0.00158833 0.00141362 0.0539823 0.0355164 
0.00597384 0.00267788 0.00170899 0.0524422 0.0995795 0.109483 0.0563831 0.00256564 9.68194e-06 0.000612462 0.457772 0.0593195 5.22908e-06 0.00215379 0.0294633 0.000149201 0.00442048 5.6706e-06 0.004356 0.000282959 0.0819798 0.0286553 
0.0286233 0.00925808 4.75632e-05 0.000416075 0.129605 0.00326826 0.0137455 0.00148511 5.008e-06 0.000425848 0.737808 0.000421634 6.80369e-06 0.00325941 0.00337304 1.72311e-06 0.00215245 5.65662e-08 0.00107236 1.88376e-06 0.0164204 0.0486027 
0.0296968 0.0250082 0.0010927 0.0132864 0.0930622 0.0895329 0.0801785 0.026014 2.66992e-06 0.000128654 0.285802 0.00587562 0.0186926 0.00140036 0.0231504 0.000323614 0.131082 1.13417e-05 0.00156436 0.00381812 0.133615 0.036662 
0.000898261 6.97617e-06 2.66815e-05 0.000423625 5.44841e-06 0.00705156 0.00187262 9.45005e-05 0.000324805 2.84048e-05 0.96806 3.06594e-05 5.20636e-05 1.84658e-05 0.00135962 0.00225503 0.00206987 6.70536e-05 0.000512155 0.00410832 0.00539424 0.00533978 
0.00834319 0.0317559 0.00768319 0.0114612 0.0147466 0.00721873 0.0272735 0.0233066 3.95505e-06 0.000485807 0.77428 0.000621676 2.2976e-05 0.000371553 0.00368921 0.0109582 0.000300666 2.59196e-08 5.34137e-05 0.00109797 0.0319965 0.0443295 
0.0539089 0.0913832 0.000515972 0.0336063 0.0534764 0.0920673 0.135974 4.69939e-05 8.00591e-05 0.00010018 0.22403 0.00106661 0.000122374 0.00203515 0.0187115 0.0178817 0.0266523 0.000793153 0.0308796 0.00589452 0.125945 0.0848293 
0.010578 0.0133722 0.00627581 0.00475867 0.19074 0.0128226 0.0195443 0.000158865 4.12683e-07 0.000704181 0.614226 0.00291532 7.16211e-07 0.0019182 0.00806903 0.00011286 0.0128481 6.78526e-07 0.00112237 0.000514978 0.0864953 0.0128215 
0.00492139 0.00846468 3.67599e-05 0.000496682 0.124998 0.0551134 0.126942 8.246e-12 4.16936e-11 0.000923599 0.623443 8.35076e-05 1.00637e-07 0.00157176 0.00840953 1.32902e-05 3.94181e-05 5.66052e-11 0.00519815 0.000862929 0.0169762 0.0215052 
0.00221096 0.00273139 0.000151625 0.0480203 0.035512 0.0287424 0.23695 3.41513e-05 1.91574e-06 0.0021696 0.24877 0.000151323 2.82259e-05 0.00262733 0.0230399 0.000292408 0.0280107 2.0315e-06 0.0147409 0.00159 0.142228 0.181994 
0.017312 0.012901 0.000378528 0.0155956 0.244311 0.0424286 0.0552673 8.15663e-05 1.60677e-06 6.97083e-05 0.387934 0.00207056 0.000470515 0.00278944 0.0310372 0.000540104 0.0316359 3.09262e-06 0.00203984 0.00207694 0.114793 0.0362632 
0.0509088 0.00969721 0.000152343 0.0977778 0.0853169 0.00808674 0.076709 4.91718e-05 0.000110843 7.25787e-05 0.513139 0.00170173 1.39011e-05 1.56327e-05 0.0642646 0.000241398 0.0132323 3.16783e-07 0.000550134 0.00354892 0.0219744 0.0524363 
0.00822943 0.0122274 0.000396967 0.00182008 0.115036 0.0353814 0.031254 2.87124e-09 2.94569e-06 8.12672e-05 0.400767 0.000685856 5.65876e-06 0.00222112 0.0695572 0.00521702 0.00224319 6.88793e-05 0.00790146 0.0272261 0.188425 0.0912526 
0.043644 0.0184192 8.21238e-05 0.0169482 0.106599 0.0371998 0.0475665 0.00143598 1.53314e-08 0.00348878 0.518608 0.00317767 1.8118e-05 0.0178963 0.115154 4.8516e-06 0.00189833 2.08146e-08 3.66234e-07 0.00637502 0.018365 0.043119 
0.000555634 0.00259778 6.37656e-07 0.00159993 0.0492792 4.95098e-05 0.00589406 1.45584e-05 1.56848e-08 7.1728e-06 0.932408 1.44029e-07 2.32195e-08 0.000441437 0.00374928 2.51189e-08 4.09017e-05 3.02899e-10 1.32632e-08 1.68939e-08 0.00278018 0.00058194 
0.0185571 0.00688658 0.000520443 0.0485495 0.0128969 0.126668 0.104008 8.54225e-05 1.15699e-05 0.00250734 0.365524 0.000718068 8.51888e-05 0.000835121 0.0250742 0.000235681 0.013408 0.00013748 0.02084 0.0146085 0.172323 0.0655198 
0.103514 0.0631379 0.000519276 0.0365294 0.019606 0.0221122 0.2036 0.00518359 1.68233e-05 4.9816e-05 0.311465 0.00184853 0.000112568 0.000171119 0.0152856 0.000203689 0.00409816 4.72149e-08 0.000785628 0.0364571 0.0633847 0.111918 
0.00431437 0.00226546 0.000180659 0.045145 0.0723671 0.241922 0.0940425 8.72954e-05 3.49141e-06 3.18784e-05 0.284565 0.000668783 3.8265e-06 0.000386707 0.157733 1.40853e-05 0.00280036 2.19681e-09 2.53086e-05 0.0126216 0.0580336 0.0227882 
0.021981 0.00689556 3.44685e-06 0.000808591 0.124152 0.185944 0.00350558 0.0208463 0.00715482 0.000524713 0.566395 0.000712224 0.0046746 0.00185548 0.0300009 8.47169e-06 0.00100133 0.000643268 0.00111063 0.00244312 0.0154791 0.00385999 
0.00404295 0.000502492 5.57381e-05 0.0241769 0.0224439 0.00691883 0.0908671 4.16289e-07 1.14208e-05 1.21053e-06 0.833966 1.30662e-06 7.64524e-05 0.000130317 0.0138176 1.26808e-05 2.61521e-05 2.85764e-06 2.53613e-06 9.77607e-05 0.00269603 0.000149147 
0.0184737 0.0219762 0.024662 0.253472 0.0332426 0.0231582 0.00308867 0.00405364 5.53473e-07 0.000213283 0.492913 0.0176339 1.03089e-05 2.06949e-05 0.048898 0.00329965 0.00433587 7.9669e-05 0.000113554 0.00340224 0.0131165 0.0338357 
0.039864 0.0961153 0.0224317 0.0391714 0.109367 0.114945 0.0893886 0.00757904 5.1602e-05 0.00159755 0.249017 0.00150999 0.000491324 0.00520389 0.0144762 0.000628613 0.0212741 2.61077e-07 0.0254705 0.00416914 0.10953 0.0477182 
0.000333529 0.00352221 5.24324e-06 0.00826725 0.252586 0.0151127 0.0600995 3.74736e-05 1.26064e-05 0.0434525 0.550577 0.0030128 2.23434e-07 0.002053 0.030104 6.61807e-06 0.00157599 3.38676e-06 4.4873e-06 1.26296e-06 0.021703 0.00752935 
0.0861842 0.0348786 0.000493646 0.0222362 0.0644191 0.132674 0.189715 5.34548e-05 3.59857e-05 0.00204436 0.230397 6.65771e-05 0.00680791 0.00275781 0.0249831 0.00155003 0.0112119 4.44239e-06 0.0130023 0.0246345 0.115968 0.0358815 
0.0159741 0.137074 6.47011e-05 0.000678288 0.0649376 0.00504997 0.0891694 8.64556e-05 5.80575e-06 0.120009 0.481378 5.27453e-05 1.14352e-05 0.000543715 0.0444673 5.34296e-06 0.00723497 1.289e-08 6.85844e-05 0.00010946 0.0283111 0.00476885 
0.116713 0.0121022 1.2897e-09 0.00346948 8.17777e-05 0.00241596 0.0928819 4.72158e-10 2.38733e-09 1.373e-09 0.743061 0.00575028 2.51659e-09 8.92576e-10 5.62356e-10 2.42269e-09 0.00740663 3.24116e-09 3.25532e-06 1.16076e-09 0.016051 6.33272e-05 
0.0151197 0.00681105 0.0163792 0.0313628 0.0691428 0.257822 0.0322667 7.10895e-05 5.42391e-06 0.000419147 0.375657 0.00267792 0.0266011 0.0203867 0.0305022 0.000338317 0.00804539 1.24629e-05 0.0146748 0.0087171 0.0626494 0.020338 
0.00820045 0.0168876 0.000845334 0.0371873 0.0485472 0.133168 0.00464555 6.24064e-06 1.07452e-06 7.70599e-07 0.614935 0.00237113 2.33898e-05 0.000830486 0.0719767 0.00370138 0.0214166 1.34708e-08 0.000354575 0.00135257 0.0268329 0.00671559 
0.00582864 0.0197328 0.00106217 0.0203726 0.10189 0.123776 0.148753 0.000284914 4.03096e-05 0.000350577 0.371724 0.000177808 0.000120113 0.0116325 0.00650146 0.000948266 0.00494913 1.02374e-06 0.00625769 0.0020246 0.115584 0.057989 
0.0149056 0.101365 0.00167494 0.0142462 0.131539 0.11273 0.0298639 0.00110162 3.25541e-07 0.00127611 0.390928 0.000977331 0.00134463 0.00482724 0.0394816 0.000271213 0.0222187 2.6042e-05 0.00718862 0.00120944 0.0851292 0.0376947 
0.0683298 0.046036 0.00547952 0.0107892 0.182237 0.0330461 0.0353302 4.03024e-05 1.6608e-05 0.000164612 0.374265 0.0106703 0.000298803 0.000709284 0.0362247 0.000133066 0.00768484 1.41478e-07 0.00233044 0.00358749 0.137208 0.0454183 
0.0678163 0.00501926 0.0127001 0.310731 0.00483042 0.0210089 0.0242597 3.50386e-07 8.86901e-09 1.02045e-05 0.416373 0.00031915 7.35418e-07 0.00369536 0.0211384 0.00653283 0.0148707 2.06827e-05 0.000203007 0.00347038 0.00139015 0.0856093 
0.0285324 0.162439 2.58892e-05 0.00307329 0.103977 0.0986035 0.102033 0.000524451 1.01556e-08 5.3023e-05 0.328991 9.08799e-06 9.61529e-07 0.00231745 0.0340936 0.00296887 0.0128764 1.88118e-08 0.00107564 0.000189124 0.097718 0.0204995 
3.00644e-06 0.00170971 0.000949926 0.0451885 0.1048 0.00346086 0.183233 2.40989e-06 0.00136704 5.41554e-06 0.52533 2.41329e-05 1.08643e-07 2.6377e-05 0.00106413 1.05188e-06 0.000667459 1.39923e-07 9.90725e-05 4.85285e-06 0.06763 0.0644327 
0.000539853 0.000254827 0.000131121 0.2692 0.100291 0.0348344 0.0166988 2.876e-05 7.76774e-06 7.33799e-05 0.288891 0.0188843 3.43221e-09 7.30474e-05 0.0714339 0.000204974 0.0171547 4.4204e-09 0.003478 0.00383149 0.0819263 0.092062 
0.018 0.0148132 0.00323244 0.0868124 0.0321859 0.0112945 0.011889 0.000122596 9.92855e-07 2.43221e-05 0.405017 0.00269564 1.98576e-06 0.00330969 0.187607 0.00519821 0.023574 0.00310183 0.000603611 0.00328076 0.115049 0.0721853 
0.0822069 0.0200119 0.000393398 0.0289403 0.0142828 0.0327097 0.0289013 0.000181513 3.79187e-05 6.09623e-07 0.522524 0.000338384 2.3699e-06 7.88523e-06 0.175412 0.000210456 0.00101464 0.000253865 0.000141409 0.00574858 0.0310726 0.0556073 
0.0124932 0.000639581 0.000281506 0.092238 0.0943231 0.0369543 0.245912 5.59308e-06 2.25573e-08 8.32318e-05 0.29615 0.00208248 9.79084e-05 0.000557977 0.0239153 0.0093221 0.00170694 1.19325e-07 0.0155782 0.00380961 0.0566768 0.107172 
0.0120746 0.000387312 0.000588559 0.248086 0.0227733 0.0219633 0.0282867 1.43694e-05 1.22699e-05 1.29503e-05 0.45503 0.000193404 7.49341e-06 0.000520851 0.0104829 0.000881736 0.0299656 4.71616e-05 0.0186459 0.0353588 0.0157352 0.0989312 
0.0832492 0.0103203 0.00106432 0.0612723 0.0466446 0.273777 0.00480402 5.92248e-07 0.000309666 6.69087e-08 0.409677 0.00173361 0.000453304 0.000315626 0.0198463 0.000447307 0.00485045 7.51996e-06 0.000258956 0.0111009 0.0550638 0.0148026 
0.0311382 0.0741251 0.000746518 0.0243134 0.00711781 0.00674432 0.0399769 0.215696 1.39631e-07 0.0081296 0.255827 2.86101e-05 4.93798e-06 0.188411 0.00851878 0.00104726 0.00527633 1.4568e-06 0.000147161 0.000673243 0.00049668 0.131579 
0.043184 0.0111735 0.000349218 0.0211529 0.059136 0.0601981 0.171813 0.0292315 0.000194264 7.66282e-05 0.181994 0.000525193 2.29879e-05 0.000290206 0.0187675 0.000368963 0.0147251 1.80766e-06 0.0633692 0.0239104 0.173266 0.126249 
0.00201072 0.0137217 0.00349635 0.134232 0.0175327 0.0291686 0.0405689 0.00188218 8.34099e-06 0.000127612 0.442412 0.000952289 0.00256819 0.119307 0.0163563 0.00846043 0.0073087 1.19218e-05 0.000523456 0.00619586 0.0470016 0.106153 
0.0230089 0.00680952 0.00689683 0.201415 0.0830683 0.11757 0.0945049 0.000991883 0.000155715 0.00105686 0.219593 0.0177359 1.2937e-05 0.00535142 0.0733594 0.00314657 0.00669573 2.42394e-05 0.0102792 8.68436e-05 0.102295 0.0259424 
0.000618905 0.000234443 2.12533e-05 0.0625525 0.000559561 0.183951 0.00174394 5.3588e-07 1.23203e-07 1.12788e-10 0.725096 9.05616e-05 2.21343e-05 0.000174159 0.0011958 9.79323e-06 1.0348e-07 2.66252e-10 4.3332e-06 0.0185968 0.000620963 0.00450756 
0.0289051 0.0115932 1.78937e-05 0.00164877 0.0298149 0.0343445 0.134559 2.82462e-07 1.24841e-08 4.14103e-10 0.616715 3.2745e-06 1.67011e-06 2.33749e-05 0.00873841 2.58164e-05 0.00300549 1.04001e-06 0.0201881 0.00934076 0.0493739 0.0516995 
0.0117536 0.00556818 0.0006169 0.205369 0.0448712 0.0231224 0.0517099 2.62361e-05 3.68173e-07 4.23427e-07 0.453022 1.03823e-06 6.44373e-07 0.00746915 0.00832715 0.000802663 0.00352042 2.62125e-07 2.09606e-07 0.00325972 0.146307 0.034251 
0.00137197 0.0216312 0.0808426 0.067336 0.0299033 0.00332867 0.0541646 5.04357e-06 3.80219e-07 0.000915355 0.32825 5.43418e-06 1.51126e-05 0.00446115 0.111918 0.000109167 0.0154057 5.16204e-07 0.000415209 0.0426601 0.00112982 0.236132 
0.00961416 0.0556773 0.000805235 0.0273916 0.0523169 0.0357875 0.162425 0.00717384 6.66246e-06 0.000459105 0.571053 9.8395e-05 9.55117e-06 0.000296875 0.00483542 0.00511561 0.00382184 2.06086e-06 0.000292038 0.000643558 0.0328901 0.0292843 
0.00637379 0.00235305 0.0140912 0.239145 0.0065072 0.0773614 0.00361951 1.8621e-05 0.000280743 0.00021218 0.492556 4.0576e-05 1.44619e-06 0.00259061 0.0167481 9.45681e-05 0.0359659 1.25931e-06 1.2944e-05 0.0154131 0.0286966 0.0579166 
0.000618905 0.000234443 2.12533e-05 0.0625525 0.000559561 0.183951 0.00174394 5.3588e-07 1.23203e-07 1.12788e-10 0.725096 9.05616e-05 2.21343e-05 0.000174159 0.0011958 9.79323e-06 1.0348e-07 2.66252e-10 4.3332e-06 0.0185968 0.000620963 0.00450756 
0.0036803 0.000840529 0.00011971 0.0125823 0.0355121 0.0439126 0.162945 7.25832e-05 1.7543e-05 0.00158673 0.59096 6.84209e-05 0.000187411 0.0219763 0.0385797 0.000240518 0.00573596 5.55821e-09 0.000147486 0.000397323 0.0736498 0.00678779 
0.000259615 0.000715189 2.31971e-06 0.00436655 0.00481922 0.129069 0.00102502 0.00865463 3.59273e-07 3.22796e-10 0.773481 0.000152002 5.91659e-10 0.000262955 0.0487768 0.00146635 0.000191433 7.62007e-10 7.51e-06 0.000234401 0.00451483 0.0220008 
0.00273797 0.0119149 8.63088e-06 0.218277 0.0116573 0.0777428 0.0362998 5.14817e-05 5.64649e-07 0.000611066 0.390815 4.65655e-05 3.20639e-06 0.0408542 0.0279801 9.59024e-07 0.00878299 4.67001e-08 0.000688126 0.0226288 0.0155744 0.133325 
0.0443168 0.0127143 0.0046011 0.0364876 0.00801563 0.033871 0.0346035 4.29865e-05 9.57172e-07 0.000147647 0.301737 2.15971e-05 0.000568855 0.00406162 0.131346 0.000195201 0.00178129 8.59668e-10 0.0055512 0.0761635 0.24994 0.0538315 
0.00251547 0.0048038 0.00248255 0.0100147 0.00428336 0.0323996 0.0847917 4.59118e-06 1.12158e-07 6.13605e-06 0.30839 9.5075e-05 3.55723e-05 0.000191493 0.0301396 0.027991 0.00392831 1.54008e-07 0.000176925 0.234724 0.0978013 0.155225 
0.0505665 0.096438 0.000728849 0.0449503 0.0556157 0.0585784 0.0566401 7.05802e-05 6.73892e-07 0.000691861 0.455207 0.00204316 9.89981e-05 0.00127429 0.0180872 0.000361258 0.00848848 4.96954e-05 0.00637793 0.00519112 0.0805451 0.0579952 
0.0369041 0.000764816 1.061e-06 0.0256966 0.0261235 2.76109e-10 0.0264952 7.19982e-10 3.64039e-09 0.00612515 0.638327 2.25983e-09 1.95135e-06 0.000117044 0.123006 3.6943e-09 0.0484939 5.69902e-07 0.000721907 1.77002e-09 0.00013737 0.0670835 
0.0108934 0.00809181 0.00490115 0.035786 0.0510667 0.0267787 0.00118226 5.40617e-05 1.06007e-05 3.18297e-05 0.6846 0.0185585 0.00132107 0.00127052 0.0344981 0.00147713 0.00293112 1.80898e-08 0.00156352 0.00276043 0.0845151 0.0277074 
0.0122214 0.00376801 0.00993617 0.00181881 0.0538977 0.02481 0.0288432 6.51292e-07 8.80781e-08 2.87399e-05 0.764874 0.000735291 0.000363683 0.00138476 0.0467895 0.000188006 0.00171536 1.19579e-07 0.000176658 0.0155108 0.0153967 0.0175409 
0.0240539 0.0796919 0.000518964 0.0162895 0.0311648 0.126111 0.0356708 0.00125549 6.77113e-08 0.0111884 0.218807 0.00124498 0.00055096 0.0635846 0.143247 5.38178e-05 0.0020122 0.000148005 0.000962831 0.00966578 0.218303 0.0154756 
0.00392348 0.00273587 0.00921631 0.0218933 0.0700966 0.0665812 0.0339055 3.93246e-07 4.66708e-08 7.779e-06 0.644357 3.56968e-05 2.78288e-06 0.000294236 0.111157 0.00099818 0.00478576 1.41059e-09 0.00235728 0.000812122 0.00723891 0.0196011 
0.067912 0.0143478 0.00473157 0.00350618 0.0603259 0.057802 0.0202364 0.0336295 4.81654e-09 0.0011629 0.515771 0.00035068 0.00480193 0.0648604 0.0675323 0.0011058 0.0145204 2.25171e-05 0.000345151 0.0118258 0.00715336 0.048056 
0.00335932 0.00292284 0.000182004 0.00553438 0.00951824 0.26864 0.048486 8.42603e-06 3.83699e-06 0.000866652 0.478212 0.0103799 0.00286018 0.00109091 0.0113152 0.05082 0.0127993 9.53685e-08 0.00536325 0.00387718 0.0436683 0.0400919 
0.0148714 0.128807 0.000652061 0.0436209 0.0120447 0.0373936 0.0149377 0.000323386 0.0332909 4.21874e-05 0.522993 0.00403569 0.00296681 0.000321041 0.0535536 0.000206959 0.00776535 1.03563e-07 0.00198311 0.00370036 0.0735004 0.0429889 
0.0104133 0.0464571 0.0108622 0.15362 0.044753 0.166065 0.045775 0.00905971 0.000406518 0.00116989 0.238846 0.00299983 0.000369059 0.0196464 0.0751179 0.00166439 0.00711454 3.39135e-05 0.00897146 0.0061098 0.0839922 0.0665537 
0.00512238 0.00287421 0.000761924 0.0251886 0.0806238 0.135277 0.0553871 4.54219e-05 2.81681e-06 0.00217062 0.427649 0.00565958 2.00949e-06 0.0425012 0.060466 0.000290775 0.012122 0.000392296 0.00187272 0.00202176 0.12512 0.0144486 
0.00188143 0.0146492 0.00290787 0.272636 0.0074868 0.11726 0.0529866 0.000226468 0.000549486 0.000361651 0.278435 0.00373194 3.03656e-06 0.00243936 0.00336191 0.000421567 0.0861922 0.000937029 0.0263554 0.000327516 0.0861457 0.0407039 
0.00752172 9.26644e-05 0.00165475 0.144474 0.0470966 0.240289 0.0856634 0.000494495 6.33906e-06 0.000767787 0.309761 1.14687e-05 0.000337119 0.00745536 0.0204328 1.42265e-07 0.0167839 2.05592e-10 9.62388e-05 0.0292553 0.0439369 0.0438698 
0.0158562 0.00723952 6.96522e-05 0.00344946 0.0977012 0.0287472 0.0132006 0.000989813 1.9106e-07 0.00412965 0.747699 0.000201302 2.96842e-06 0.00323435 0.0115425 1.16219e-09 0.0148908 1.08862e-06 0.00019202 1.40792e-05 0.0423298 0.00850859 
0.0839563 0.0202471 0.000378856 0.0522155 0.0277197 0.0799907 0.0734317 5.02292e-05 1.62347e-06 1.88162e-06 0.523509 0.00176939 1.41126e-05 0.00262205 0.00789338 0.000225339 0.000223682 3.06079e-05 0.000168601 0.000770315 0.105583 0.0191974 
0.0539676 0.00458469 0.00088819 0.197684 0.00257137 0.127184 0.102299 1.22494e-05 5.29041e-06 0.00100745 0.315169 1.41105e-06 8.51193e-06 0.00787662 0.0241343 6.61794e-05 0.00786691 1.75235e-05 0.00582233 0.000108017 0.143761 0.00496345 
0.0426483 0.0128218 0.00164765 0.00178079 0.0226457 0.26621 0.0111392 3.35745e-06 1.23534e-11 7.10467e-12 0.603478 0.00019092 7.63223e-08 5.35081e-09 0.00310043 1.25364e-11 3.13764e-07 1.67716e-11 0.00411313 0.0125161 0.00654052 0.0111642 
0.000618905 0.000234443 2.12533e-05 0.0625525 0.000559561 0.183951 0.00174394 5.3588e-07 1.23203e-07 1.12788e-10 0.725096 9.05616e-05 2.21343e-05 0.000174159 0.0011958 9.79323e-06 1.0348e-07 2.66252e-10 4.3332e-06 0.0185968 0.000620963 0.00450756 
0.0294965 0.0392275 9.18699e-06 0.00183577 0.165958 0.105966 0.0956664 5.70291e-06 7.71112e-05 0.000187438 0.270264 0.00178603 0.000632986 0.0242465 0.0498319 0.000149336 0.0127233 6.2168e-06 0.013449 0.00208353 0.0830174 0.10338 
0.0476801 0.0467274 0.00658126 0.0166496 0.0515302 0.0281428 0.0507052 0.000434613 0.000721419 0.0018311 0.39223 0.00433348 0.000927677 0.00313638 0.03116 0.00661038 0.0137305 1.33942e-05 0.0244216 0.00392595 0.204866 0.0636414 
0.000618905 0.000234443 2.12533e-05 0.0625525 0.000559561 0.183951 0.00174394 5.3588e-07 1.23203e-07 1.12788e-10 0.725096 9.05616e-05 2.21343e-05 0.000174159 0.0011958 9.79323e-06 1.0348e-07 2.66252e-10 4.3332e-06 0.0185968 0.000620963 0.00450756 
0.00576183 0.00442942 0.000859588 0.0342354 0.0717969 0.0734531 0.0433757 9.27224e-05 2.15528e-07 3.53302e-06 0.697592 1.49951e-07 1.17172e-06 0.00145814 0.0194828 0.000294336 0.00856724 6.67767e-06 0.000517236 0.00211791 0.033684 0.00227017 
0.00386165 0.0683358 1.61321e-06 0.0179004 0.117635 0.0768761 0.0283418 0.0283869 6.98789e-05 5.08607e-06 0.431365 0.0818819 1.16398e-05 0.0030734 0.0711151 0.000564618 0.00627891 0.000200623 0.00418474 0.0140314 0.0138789 0.0319993 
9.65879e-05 0.00739102 0.000630176 0.00949376 0.0934699 0.0415454 0.0578037 2.99186e-07 4.85715e-05 0.00158292 0.536865 0.00141702 0.14034 5.19342e-05 0.0389383 5.21058e-07 0.000788039 9.86448e-06 6.50439e-08 8.06044e-06 0.0582418 0.0112769 
0.0371156 0.0203256 0.000393433 0.0787868 0.144545 0.0371039 0.132202 0.00627143 1.4258e-05 0.00076693 0.257867 0.00131862 8.61613e-05 0.000563358 0.0105749 0.000133661 0.00232162 1.17247e-05 0.0315322 0.00167077 0.0978471 0.138549 
0.00795373 4.0608e-05 0.00778855 0.174921 0.112027 0.0163101 0.0122786 8.15819e-06 1.82155e-05 9.82694e-06 0.418195 6.1099e-05 3.69019e-09 0.000114969 0.0019742 8.68411e-05 0.00133656 4.75266e-09 0.0925424 0.000325499 0.0152133 0.138795 
0.00664559 0.0114769 0.000659319 0.0346262 0.0672274 0.108837 0.0341109 0.0181658 1.29318e-05 1.53597e-05 0.558404 0.00259671 0.00091828 0.00358812 0.0158711 0.00583602 0.0189726 9.76852e-07 0.0237954 0.00246165 0.0601479 0.025629 
0.00563014 0.00178587 0.0134934 0.0970911 0.0480649 0.0627517 0.0332356 3.3756e-05 6.82564e-06 1.47549e-05 0.331523 0.00255204 2.66968e-06 0.00538123 0.161997 0.00110834 0.000898989 0.0226499 0.0283877 0.00185101 0.111797 0.0697437 
0.0875548 0.0436887 0.000476524 0.0098724 0.21402 0.0228716 0.054321 7.35718e-05 2.08965e-06 0.00016438 0.379844 0.000520113 0.00329034 0.00190992 0.0597828 0.000151626 0.0322733 0.000182045 0.0051758 0.0170984 0.0248558 0.0418717 
0.0514782 0.000894606 0.000602863 0.0419343 0.189105 0.0270954 0.0779891 5.31583e-05 0.000474447 0.00024551 0.29765 0.00111367 1.1164e-06 0.000805226 0.179153 5.77887e-06 0.0309176 1.20805e-07 2.79027e-06 0.0123726 0.0234549 0.0646496 
0.0149874 0.0118888 4.22026e-07 0.157677 0.082296 0.0190767 0.00707595 8.02245e-05 0.000419896 7.69171e-09 0.443688 6.21508e-05 3.57714e-07 0.00165248 0.00011975 5.81294e-10 8.76884e-07 7.77675e-10 0.00655283 0.00302996 0.179161 0.0722303 
0.00939957 0.0220397 0.00165469 0.0132177 0.02827 0.0917468 0.0299281 3.03557e-05 1.35939e-05 0.000870465 0.460282 0.000609894 7.2031e-05 0.00156981 0.0023226 0.00202287 0.00104854 6.6862e-05 0.0196229 0.00454327 0.272583 0.038085 
0.0293246 0.010923 0.00242979 0.000180485 0.11564 0.000202456 0.0107277 0.0031126 4.42334e-06 0.00102225 0.736675 0.000233512 5.05531e-06 0.00243889 0.000793642 1.59112e-06 0.0026551 2.80611e-10 5.12638e-05 3.66822e-07 0.000587269 0.0829905 
0.019706 0.0126987 0.0118154 0.0353758 0.0253045 0.0898814 0.0367592 7.5942e-05 4.49052e-07 2.31672e-05 0.559659 3.54156e-05 1.09229e-05 0.000123562 0.114667 0.000516524 0.0256843 2.42766e-07 0.0163564 0.000953069 0.0323292 0.0180234 
0.00268023 0.00116983 0.000209708 0.0434492 0.0259933 0.417179 0.018727 0.00927458 9.75269e-08 2.98437e-06 0.436443 0.000307659 2.35435e-05 0.00307893 0.0281182 9.33588e-06 7.66147e-05 1.32407e-07 4.23947e-06 0.0015118 0.00118516 0.0105562 
7.77138e-05 1.28583e-07 8.34483e-06 0.040008 0.0695882 0.00576573 0.0482009 2.05418e-06 9.10333e-07 5.23548e-07 0.401542 7.34201e-05 0.000260318 2.62428e-05 0.246037 7.23843e-05 0.000681089 1.23591e-06 0.00133941 5.9195e-06 0.00547736 0.180831 
0.0148276 0.0128862 0.00396873 0.0696124 0.0365568 0.182841 0.108393 0.00268553 3.18127e-05 0.00220214 0.246712 0.00170692 0.00182607 0.00928556 0.0360571 0.00253798 0.0316203 0.000771846 0.0118144 0.0101495 0.134782 0.0787305 
0.00092196 0.0140118 2.98223e-06 0.000144098 0.0243645 0.0460486 0.121603 7.99706e-07 9.48976e-07 1.23998e-08 0.655566 5.13712e-09 3.07561e-08 0.00348002 0.00935832 1.75674e-05 0.00142005 6.10123e-11 1.81967e-07 0.000920197 0.116195 0.00594346 
0.0642282 0.0473225 0.000563538 0.00316541 0.0184513 0.160761 0.0546649 0.00222039 6.53036e-07 6.70512e-05 0.340476 0.00111942 0.00414121 0.0167423 0.0556592 0.000412501 0.00327264 1.13694e-08 0.00140297 0.0650768 0.0398706 0.120382 
0.202545 0.0239899 0.000512347 0.0306925 0.118382 0.0382976 0.0470819 7.6642e-05 6.56695e-05 0.000504048 0.302693 0.00676578 0.000280512 0.00638456 0.0702521 0.000722001 0.0117224 2.35352e-06 0.000605585 0.00182831 0.0940629 0.0425328 
8.6949e-06 1.34258e-06 0.000566374 0.0625039 4.97999e-05 0.0480879 0.00309615 6.73749e-05 7.82888e-06 0.176164 0.288068 9.51762e-06 3.22697e-08 3.19953e-06 0.00394116 3.1374e-06 0.114247 4.15606e-08 8.53346e-05 0.0277534 0.0359696 0.239366 
0.0161997 0.00748343 0.000246561 0.0212145 0.087044 0.0823958 0.318523 7.51748e-07 1.1474e-06 4.0434e-06 0.360882 0.000261194 0.000649038 0.000400507 0.00816442 0.0030436 0.00046211 2.07633e-07 0.0148319 0.00075624 0.0543369 0.0230986 
0.0353109 0.0376746 0.0110376 0.0706355 0.0191757 0.0790945 0.0448237 4.62617e-05 0.000429022 0.000623553 0.47889 0.00256804 0.0002229 0.00174846 0.00813891 0.00217817 0.00202083 3.23308e-08 0.0371824 0.00315673 0.116952 0.0480907 
0.00634576 0.00432361 0.00651117 0.179486 0.00690052 0.000888325 0.00323884 0.0011878 4.89961e-05 0.00122896 0.679067 0.000377752 4.80989e-06 0.00893705 0.032423 0.0076513 0.00120567 0.00124498 0.000498736 0.00114642 0.00516268 0.0521209 
0.095609 0.155605 0.00117227 0.0101229 0.0167261 0.0697445 0.0149216 1.49766e-05 1.06731e-10 2.39884e-07 0.353576 0.000773255 1.89488e-06 0.00054003 0.00818289 0.0106541 1.76834e-06 1.44903e-10 0.00114332 0.000474545 0.114521 0.146215 
0.00919929 0.00259259 0.0055422 0.0190379 0.0169868 0.0313908 0.115569 2.94209e-08 6.69337e-07 5.44312e-06 0.282091 1.54336e-09 8.51211e-06 0.00412927 0.215453 7.82416e-05 0.00676439 3.37541e-09 0.00313085 4.69453e-06 0.0380135 0.250002 
0.00425646 0.00565802 0.000592192 0.00867292 0.0578893 0.272282 0.0261757 0.00614682 1.1561e-07 1.34417e-08 0.388967 0.000442236 0.000199747 0.00662137 0.197584 1.49879e-06 0.000153689 3.57915e-05 0.00108192 0.000423852 0.0205526 0.00226292 
0.00880765 0.0227462 0.00295889 0.0377029 0.132579 0.154226 0.0493311 0.0486778 1.41685e-05 0.000191892 0.259301 0.0174825 0.00115623 0.0548472 0.0244386 0.00343245 0.0409368 0.00104263 0.0241787 0.00232468 0.0687711 0.0448531 
0.00843145 0.00566993 0.308163 0.0753587 0.00287243 0.0878428 0.001045 5.62268e-06 3.5221e-08 0.000101378 0.405374 0.0036651 8.09111e-05 0.000694908 0.00394702 0.000641793 0.000652582 7.82653e-09 0.000413427 0.000716922 0.0762098 0.0181128 
0.00568302 0.0022587 0.000115099 0.00858499 0.0754671 0.0334396 0.0396949 2.28063e-07 3.3439e-05 4.67665e-06 0.559315 7.09404e-05 2.59969e-06 0.000230494 0.0298244 0.000147819 0.00309346 9.41552e-06 7.91143e-05 0.00204326 0.229286 0.0106155 
0.0818864 0.00113261 0.000998902 0.0291873 0.00806435 0.0227575 0.000635185 0.00075303 0.0919473 1.24329e-05 0.47718 0.000135198 6.42998e-07 0.000592834 0.0737495 0.00117575 0.00682096 1.29426e-05 0.00265163 0.0977889 0.0742357 0.0282811 
0.000127912 0.000573432 3.37253e-07 0.00128115 0.0119452 4.73493e-08 0.00836969 1.23468e-07 6.2428e-07 1.4929e-05 0.433141 0.0124812 6.58081e-07 2.33406e-07 1.05255e-05 6.33526e-07 0.0129577 5.68395e-05 7.90833e-08 0.241717 0.277219 0.00010093 
0.0995259 0.0179922 0.000501668 0.00041772 0.131776 0.251331 0.0364778 6.35492e-07 1.24123e-10 7.13852e-11 0.37986 8.48433e-05 4.7165e-07 1.40391e-05 0.00146998 1.27569e-07 3.31693e-06 1.68515e-10 4.00693e-05 0.000491762 0.0796287 0.000384133 
0.0658624 0.0187213 0.000675497 0.0148745 0.0344031 0.194858 0.064189 5.21055e-06 3.58682e-07 0.00179841 0.367072 0.00172704 2.88466e-06 0.00715716 0.0163584 0.00194746 0.0038018 7.29797e-06 0.0201888 0.00184511 0.155598 0.0289064 
0.00448267 0.0179722 0.00248795 0.024598 0.019995 0.0619741 0.0978779 1.48139e-05 0.00254004 0.0067185 0.454733 0.00115127 9.03278e-05 0.000650733 0.00962716 0.000134752 0.0180109 8.44023e-07 0.00108176 0.00317944 0.199816 0.0728622 
0.00473662 0.0211441 0.000216608 0.0649682 0.0204503 0.0229104 0.253736 0.000121564 5.09572e-06 5.96332e-05 0.377349 0.000728549 2.01766e-05 0.000255455 0.00294558 0.000803454 0.00324233 5.87036e-08 0.00495835 0.0069844 0.101782 0.112583 
0.238695 4.52579e-05 0.00153262 0.0647038 0.00306972 0.0144774 7.89286e-08 3.68017e-05 5.01749e-06 1.69138e-05 0.298618 2.76405e-05 9.4104e-07 0.199548 0.0635441 9.05928e-07 1.72463e-07 1.21198e-06 1.54936e-06 8.78655e-06 0.00294914 0.112717 
0.10721 0.0141869 0.00356489 0.112861 0.135137 0.0861397 0.0708192 0.00063753 1.56955e-06 0.000521997 0.161612 0.0155806 0.00284748 0.0174426 0.0288578 0.000459699 0.00766539 2.66405e-10 4.08136e-05 0.00484705 0.0784137 0.151153 
0.00620151 0.00033127 1.52562e-08 0.0127772 0.01033 0.0615613 0.119866 6.56798e-06 1.09525e-06 0.000692865 0.554443 0.00108781 0.0904846 0.000977876 0.11133 0.00691176 1.39689e-06 5.19474e-05 1.88363e-08 0.00170504 0.00976189 0.0114773 
0.000734506 0.00203721 4.12557e-05 0.00229364 0.0549072 0.0390994 0.309825 0.00913215 1.83001e-05 0.000143638 0.449057 3.61303e-05 1.079e-05 3.33336e-05 0.00417812 0.000418438 4.58481e-05 1.21036e-07 0.0215169 0.00284617 0.0690287 0.0345961 
0.0190673 0.0225007 6.63725e-05 0.0128266 0.0623995 0.172528 0.154214 5.20902e-06 5.89738e-06 0.000135954 0.294861 0.000131915 0.000115848 0.00247036 0.0081101 0.000256469 0.00353599 7.48052e-07 0.00102236 0.00315502 0.205666 0.0369246 
0.0951151 0.0756332 0.000716296 0.0739942 0.00524587 0.07562 0.00453448 0.000172962 7.93846e-07 1.54612e-06 0.58199 4.22179e-05 0.000658271 0.00176544 0.0620473 3.47704e-05 0.00160604 3.41154e-07 0.000175647 0.000441873 0.0149069 0.00529684 
0.0191263 0.0638067 0.000125567 0.0013502 0.201881 0.0190767 0.0782796 0.000409699 1.01719e-06 0.00113073 0.509905 0.000555569 2.9409e-05 0.0034974 0.0066156 4.75702e-06 0.0193366 6.7255e-06 1.22032e-05 6.56595e-05 0.0579323 0.0168509 
0.00926169 0.00183218 0.00161612 0.00741154 0.0109756 0.0191351 0.00264732 3.15946e-06 1.92976e-07 1.41601e-05 0.852196 0.00665392 4.90377e-06 0.000108829 0.00531287 0.00134096 0.000779407 4.31559e-09 0.00848413 0.00397247 0.0380478 0.0302014 
0.000618905 0.000234443 2.12533e-05 0.0625525 0.000559561 0.183951 0.00174394 5.3588e-07 1.23203e-07 1.12788e-10 0.725096 9.05616e-05 2.21343e-05 0.000174159 0.0011958 9.79323e-06 1.0348e-07 2.66252e-10 4.3332e-06 0.0185968 0.000620963 0.00450756 
0.00171123 0.00885533 0.00121096 0.042384 0.0255142 0.00100096 0.0208911 0.00201101 1.4087e-10 0.000143099 0.846351 3.53566e-06 1.43492e-06 0.0133343 0.00505987 4.61827e-06 0.000893315 1.32356e-08 1.72837e-06 0.00102603 0.00567199 0.0239309 
0.0101348 0.011749 0.00715792 0.0020575 0.0427201 0.00563997 0.171588 1.26939e-05 1.41325e-07 0.00039687 0.496766 0.000208218 0.000126497 0.000208394 0.01065 0.00160806 0.000943746 1.5592e-06 0.0032272 0.000977255 0.141605 0.092221 
0.13138 0.0043281 0.000213594 0.152431 0.0445389 0.0292507 0.0304091 0.000250844 0.000668061 0.0100818 0.462362 0.00249286 3.04876e-06 0.0050394 0.0351511 0.00134154 0.00558481 0.000270376 0.000252618 0.00180404 0.0453781 0.0367672 
0.0587136 0.00061155 0.0150784 0.120404 0.011761 0.230649 0.00105094 5.83551e-05 0.000350054 6.14619e-05 0.386005 0.00095174 0.00113301 0.00025158 0.0479473 3.77733e-05 0.00994006 7.31052e-06 0.0915727 6.98371e-05 0.0231195 0.000225576 
0.302024 4.11026e-07 0.00038914 0.0782549 0.000176763 0.000944482 2.57284e-07 5.75522e-07 2.90996e-06 1.67357e-06 0.537962 0.000166297 3.06752e-06 0.0461633 0.0216124 2.95306e-06 5.62179e-07 3.95071e-06 3.68632e-07 1.41487e-06 0.000114117 0.0121739 
0.036619 0.0252489 0.00240834 0.099507 0.0515245 0.107077 0.0233856 1.95881e-05 2.48306e-06 0.00053183 0.454496 0.014886 0.000867513 0.00238284 0.0110639 0.000493616 0.0175423 1.92586e-06 0.0113271 0.0040094 0.067421 0.0691832 
0.0060163 0.0993497 0.00350975 0.00104692 0.124595 0.0438017 0.0534263 3.94769e-07 1.01033e-06 1.59989e-06 0.312727 0.000166726 1.88935e-05 0.00426014 0.0248115 0.000857103 0.0168648 2.42951e-06 0.000170092 0.00109933 0.265005 0.0422678 
0.00964343 0.0523432 5.86383e-05 0.00436616 0.00567931 0.0122917 0.0655208 0.000107997 7.49044e-08 1.42511e-06 0.648452 2.40801e-06 0.000340784 0.0132024 0.0285001 7.56749e-06 0.00490958 1.43503e-07 0.0118373 9.02403e-07 0.051629 0.0911055 
0.00393156 0.000491219 4.97065e-05 0.0109689 0.0354378 0.00204548 0.0671871 1.4831e-05 0.000160097 0.000355449 0.745839 0.00245087 0.000254211 0.000130771 0.0862462 1.24661e-06 0.00295592 1.66776e-06 6.51525e-05 0.00532645 0.0259033 0.0101829 
0.014387 0.0610752 0.0135875 0.0306713 0.0351072 0.228441 0.0088705 1.47173e-05 9.0566e-07 4.03491e-05 0.319798 0.00374466 2.36633e-05 0.00068703 0.0383137 0.00122432 0.129686 1.87305e-07 0.0215883 0.00356443 0.0666688 0.0225053 
0.0132408 0.0152738 0.00164058 0.0213041 0.0055722 0.0431259 3.79829e-06 1.6551e-05 4.92632e-07 4.36844e-07 0.843639 0.00522852 7.43134e-05 6.34072e-05 0.0088503 0.000568331 0.00041504 1.28072e-09 7.89366e-07 0.00128801 0.0342276 0.00546639 
0.00519513 0.0491894 0.00381202 0.070547 0.209825 0.149543 0.023942 1.86467e-05 2.12924e-05 6.00845e-06 0.238918 0.000137008 1.82347e-05 0.000941516 0.0321656 0.0008108 0.00539644 2.38101e-08 0.0518698 5.24081e-05 0.0464973 0.111094 
0.00528606 0.00373291 0.0173779 0.0168245 0.00226139 8.9116e-07 0.00488162 9.9403e-07 5.02603e-06 2.89056e-06 0.936578 0.00109356 3.71923e-05 0.000364303 0.0111613 0.000107396 0.000158651 6.82358e-06 6.48297e-06 5.08648e-05 2.53743e-05 3.57674e-05 
0.00731972 0.0096585 0.00142513 0.0284643 0.0154307 0.0665956 0.0279782 3.50722e-05 6.86762e-06 1.9824e-05 0.642458 0.00272751 0.00556172 0.00206168 0.090811 5.29699e-05 0.00223217 5.59305e-06 0.00105964 0.00271347 0.0866997 0.00668303 
0.0125558 1.45997e-06 1.4591e-06 0.0351884 0.0855601 0.156234 0.246027 1.45985e-06 0.000147266 0.0033572 0.252859 1.45892e-06 1.45796e-06 1.45946e-06 0.0432106 1.45805e-06 1.45986e-06 1.4573e-06 0.00292147 0.00875673 0.153169 1.46015e-06 
0.0467491 0.00350031 0.00207456 0.0277013 0.0101196 0.0635181 0.0899026 2.1503e-05 4.66657e-05 0.000309062 0.493232 0.000165692 0.00161822 0.00839884 0.0823328 1.13284e-05 0.00426395 8.50533e-08 0.000259132 0.0671484 0.0455038 0.0531232 
0.0597697 0.0406801 0.0989863 0.0493279 0.0291428 0.0641417 0.0327207 0.000361568 7.31379e-06 4.83694e-05 0.494951 0.00294691 2.47788e-06 0.00053574 0.0376858 7.99418e-05 0.0118551 9.72178e-07 0.000614966 0.00336476 0.0349904 0.0377859 
0.0198699 0.045031 0.000898003 0.0263562 0.105555 0.0977607 0.125159 8.24853e-05 2.79623e-05 0.00168097 0.24823 0.00086627 0.000150598 0.00324001 0.0234558 0.000364744 0.0140586 1.75195e-05 0.0133903 0.011409 0.221058 0.041337 
0.0405822 0.000202834 0.0041416 0.0243516 0.00583366 0.0595548 0.0295653 1.71615e-07 1.12116e-08 9.25113e-07 0.488359 0.00149166 9.84579e-07 0.000306457 0.268458 3.99171e-05 5.04209e-05 1.78947e-05 5.52998e-08 0.000343349 0.00666715 0.070032 
1.23189e-06 7.97977e-07 1.71098e-05 0.000664902 0.0105089 4.28491e-07 3.38603e-05 1.11733e-06 9.83762e-06 3.24911e-06 0.987957 3.50701e-06 5.95535e-06 2.11223e-06 0.000128425 5.73315e-06 1.09143e-06 7.67e-06 7.1567e-07 2.74687e-06 0.000503071 0.00014091 
0.0350031 0.0308034 0.0107787 0.0166827 0.113341 0.0118726 0.0203404 0.000898472 4.17716e-05 0.000658115 0.596269 0.0010319 1.86825e-05 0.00673585 0.0319183 0.000430794 0.00558172 0.00497944 0.00127184 0.00118869 0.0142426 0.0959106 
0.00434984 0.0193186 0.00386941 0.0313988 0.0852588 0.0818857 0.0674451 0.00403106 9.80932e-05 0.000822121 0.34308 0.00226689 0.00726943 0.0046862 0.0187544 0.0013559 0.0238684 0.00135711 0.0078119 0.0071526 0.229545 0.0543747 
0.0132408 0.0152738 0.00164058 0.0213041 0.0055722 0.0431259 3.79829e-06 1.6551e-05 4.92632e-07 4.36844e-07 0.843639 0.00522852 7.43134e-05 6.34072e-05 0.0088503 0.000568331 0.00041504 1.28072e-09 7.89366e-07 0.00128801 0.0342276 0.00546639 
