0.000956972 0.00366772 6.9471e-06 0.0578977 0.00438915 0.0105923 0.0159494 7.20948e-08 1.32523e-07 0.00172361 0.0193827 9.07597e-05 0.493906 0.00343917 0.000723929 0.0710457 0.00100797 3.56325e-06 0.0213037 0.0222448 0.00786098 0.263806 
0.0455119 0.00011664 1.33054e-05 0.00599953 0.0246004 0.000836902 0.00246879 5.49329e-08 1.68168e-07 6.80883e-06 0.0662515 0.000388859 0.787512 6.28748e-08 0.0111056 1.70659e-07 0.00144241 2.28313e-07 3.41226e-07 0.0142798 0.00616098 0.0333033 
0.0109749 0.0220559 2.55763e-05 0.0103159 0.0123625 0.157148 0.204648 2.62959e-08 4.32944e-11 0.00152885 0.0343817 1.18412e-06 0.25245 0.00365401 0.0208196 0.000219211 0.00803553 1.54497e-07 1.54029e-07 0.0152079 0.149826 0.0963449 
0.00957459 0.100096 0.00045782 0.111472 0.01512 0.0313681 0.0210206 0.00745255 0.00224598 0.000918115 0.00462325 0.0124748 0.329374 0.0198668 0.00495578 0.000223033 0.0616345 3.25789e-08 0.0899296 0.000117139 0.156671 0.0204043 
0.00173569 0.00150759 4.23977e-06 0.00110758 0.000250107 0.000198998 0.000272729 7.07123e-05 1.46603e-05 4.5136e-06 1.31345e-06 4.87187e-06 0.988087 8.44356e-05 1.84869e-06 0.000270659 0.00360308 1.0655e-05 0.000704589 3.8159e-06 0.00177459 0.000286695 
0.00904233 0.0539391 0.00269401 0.0468162 0.0727798 0.069503 0.0237384 0.00025344 3.73302e-06 0.000307698 0.0467881 0.00322821 0.221138 0.0158581 0.187715 0.0354358 0.00910588 1.18918e-05 0.0133408 0.00102155 0.0618435 0.125436 
2.41866e-05 0.000101453 1.11293e-05 0.00712083 8.51028e-05 0.000329815 0.000360011 4.17933e-07 1.76988e-06 2.34346e-06 0.000312212 3.1097e-06 0.991233 4.72613e-05 5.46834e-05 1.79609e-06 6.27108e-06 1.06591e-05 2.24207e-07 6.84888e-06 0.000176367 0.000110691 
0.0541928 0.230227 0.000406869 0.0178159 0.0328386 0.0533149 0.0771515 9.07101e-05 1.42646e-06 0.000270735 0.0101721 0.00100157 0.273927 0.0013646 0.00209389 7.52348e-05 0.156493 4.53755e-07 0.00230878 0.00153269 0.0415408 0.0431798 
0.0916304 0.0213817 0.000109882 0.0254448 0.100569 0.0532274 0.0846649 3.26111e-05 5.99135e-06 0.00061306 0.0317787 0.00759495 0.342935 0.000338125 0.0179698 0.00057468 0.0842538 1.19835e-06 0.0168244 6.0032e-05 0.0180368 0.101953 
0.0502075 0.0756835 0.000171504 0.0249648 0.00559903 0.00711757 0.0849379 3.72412e-05 1.86483e-07 0.000220443 0.243792 4.82478e-05 0.305424 0.00558181 0.0961402 9.67794e-05 0.0146708 7.7604e-08 0.00968724 0.00150857 0.0097387 0.0643715 
2.67932e-05 0.00490961 5.56221e-06 0.00148286 3.55142e-05 0.000196086 0.0272155 1.508e-08 4.24266e-08 0.000229564 0.000156606 5.46214e-07 0.964583 4.4074e-06 1.71381e-05 3.96461e-05 0.000218177 8.35667e-07 8.89484e-08 3.93928e-06 7.6345e-05 0.000797628 
0.000353224 0.0330317 0.123617 0.0330392 0.00117954 0.00580019 6.37795e-07 0.0138165 2.89246e-07 0.000834338 0.00196149 1.72399e-06 0.621277 0.00591681 0.0136837 0.000121768 0.00325444 2.92153e-05 0.0129367 0.00452324 0.0120601 0.112561 
2.54137e-05 9.23144e-06 2.60149e-06 0.000278745 0.00225451 0.0117484 0.0159831 1.81965e-07 3.47026e-09 1.99581e-09 0.0279844 2.36346e-06 0.938301 8.23761e-07 0.00331496 3.52166e-09 6.70424e-10 5.36968e-06 6.50671e-07 3.67838e-06 5.89661e-06 7.88014e-05 
6.86996e-05 0.000290853 2.69662e-05 3.59945e-05 0.125298 0.00103576 0.140881 1.80213e-07 1.28277e-09 3.51437e-06 0.157595 2.24032e-06 0.331598 5.1895e-05 0.000133056 1.30177e-09 6.60312e-06 9.19612e-06 2.11399e-07 1.18566e-05 0.000548483 0.242402 
0.00166695 0.0019452 0.0012515 0.0872384 0.00370041 0.00426921 0.00546278 5.36348e-07 2.71189e-06 0.000922868 0.148014 3.51093e-06 0.663924 4.33603e-05 0.00180747 0.00303733 0.0444308 1.11845e-05 3.4354e-07 0.0024076 0.00543146 0.0244292 
0.00161359 0.00040956 0.00889616 0.0146386 0.00716607 0.0335024 0.0284031 1.28547e-05 3.5096e-07 6.49775e-05 0.0083857 2.85919e-05 0.86764 0.0034587 0.0106375 1.24854e-05 0.000328403 0.000155571 0.00123139 0.00298158 0.00439606 0.00603672 
0.0010056 0.000124565 0.00483938 0.0265061 0.00745064 0.0449071 0.0486318 1.36453e-05 1.57777e-08 8.01828e-05 0.0231085 5.38749e-05 0.804461 0.00601876 0.00927647 2.10746e-05 0.000352961 0.000218622 0.00196217 0.0024367 0.00902402 0.00950676 
1.92035e-05 3.70907e-06 8.14172e-07 0.00616859 0.0274059 0.0562078 0.0414462 9.67979e-08 1.6949e-10 9.74765e-11 0.11079 0.000579447 0.324351 0.00599226 0.00335893 7.40807e-06 0.000556623 1.5273e-06 0.138032 9.08731e-05 0.0283619 0.256626 
0.0718428 0.0175326 0.000466941 0.0101733 0.0160704 0.026932 0.173672 2.80449e-06 2.94899e-07 4.18876e-05 0.030255 9.69915e-06 0.339256 0.0720867 0.00173292 0.0342852 0.000235752 1.16934e-06 0.130557 0.000685952 0.00727033 0.066889 
0.0436253 4.78073e-05 5.07642e-06 0.00476044 4.022e-05 0.000156349 0.000170741 2.17654e-07 9.46463e-07 1.13917e-06 0.000147844 1.50117e-06 0.942848 0.00115014 2.55544e-05 0.00151453 2.87657e-06 5.03592e-06 1.19897e-07 3.20744e-06 8.35372e-05 0.00540982 
0.00282948 4.91496e-05 3.2267e-06 0.109783 0.00513348 0.224829 0.0001514 0.00524835 0.00792241 0.000557543 1.05963e-07 0.00120052 0.624191 0.00900732 0.00128248 8.80833e-10 2.89303e-06 1.17841e-09 0.00537212 6.59255e-05 5.8652e-11 0.0023708 
0.187816 0.0514204 5.40864e-05 0.00992581 0.125658 0.0332923 0.0656068 0.0583939 4.56598e-06 0.000190156 0.00243687 0.000752522 0.312711 0.00802774 0.00886286 0.000165014 0.0395692 9.95772e-07 0.000552407 0.000323833 0.0754986 0.018737 
0.00240718 0.174522 0.000886097 0.000478555 0.0209048 0.146725 0.0849533 3.52892e-05 8.69619e-10 0.00045804 0.0129729 5.81181e-06 0.301023 1.72654e-05 0.0173584 8.82499e-10 0.127941 1.18064e-09 0.00161682 1.37851e-07 0.10193 0.00576325 
0.132806 0.011807 0.000416914 0.0241217 0.00579041 1.34392e-07 0.328064 0.0161221 0.000100453 1.19409e-07 0.000990908 2.66828e-07 0.329277 4.6583e-08 0.0163293 0.034121 4.5362e-05 3.47664e-10 0.000250022 9.52885e-05 0.0135172 0.0861454 
5.80815e-05 0.000155485 1.32942e-05 0.00675198 7.63759e-05 0.000416489 0.00103344 2.51483e-08 1.11694e-08 6.39109e-06 0.00116711 1.91441e-05 0.866734 0.00070901 3.92859e-05 4.80288e-05 1.28517e-05 2.85785e-06 0.017559 9.24723e-06 0.00212671 0.103061 
7.75343e-05 9.40477e-06 0.000296761 0.0310651 0.136578 0.0246057 0.0284631 1.48748e-06 4.88642e-07 0.000107012 0.0300521 0.000406358 0.668279 5.25746e-06 0.000189511 0.0157593 0.000181364 1.68169e-08 0.0129569 0.000180573 0.00592001 0.0448648 
0.0573271 0.00726449 0.000639508 0.0353924 0.00284507 0.0126626 0.065797 0.0715175 0.000594446 0.00193128 0.0115233 9.00832e-05 0.351161 0.00320214 0.0194184 2.80115e-06 0.00573726 0.290853 0.000125887 0.0162308 0.00550716 0.0401766 
0.00282948 4.91496e-05 3.2267e-06 0.109783 0.00513348 0.224829 0.0001514 0.00524835 0.00792241 0.000557543 1.05963e-07 0.00120052 0.624191 0.00900732 0.00128248 8.80833e-10 2.89303e-06 1.17841e-09 0.00537212 6.59255e-05 5.8652e-11 0.0023708 
6.86092e-05 7.47332e-08 0.00166341 0.0136753 0.0196215 0.000219421 0.0018709 3.25914e-06 5.29092e-07 3.0429e-07 0.0575189 0.000246537 0.740562 1.97817e-07 0.000786985 0.0224128 0.00128848 7.18321e-07 0.000894072 1.8766e-05 0.000748273 0.138399 
0.00282948 4.91496e-05 3.2267e-06 0.109783 0.00513348 0.224829 0.0001514 0.00524835 0.00792241 0.000557543 1.05963e-07 0.00120052 0.624191 0.00900732 0.00128248 8.80833e-10 2.89303e-06 1.17841e-09 0.00537212 6.59255e-05 5.8652e-11 0.0023708 
0.00991575 0.00265967 0.0820681 0.195852 0.0212464 0.0359409 0.000659594 1.32163e-07 6.75066e-07 0.0014253 0.0195867 0.000680207 0.341192 1.30302e-09 0.000523392 0.00140479 0.0364558 1.06039e-07 7.93429e-07 0.00215819 0.0225579 0.225672 
1.92035e-05 3.70907e-06 8.14172e-07 0.00616859 0.0274059 0.0562078 0.0414462 9.67979e-08 1.6949e-10 9.74765e-11 0.11079 0.000579447 0.324351 0.00599226 0.00335893 7.40807e-06 0.000556623 1.5273e-06 0.138032 9.08731e-05 0.0283619 0.256626 
0.0331485 0.107343 0.00910598 0.00100157 0.0511126 0.170505 0.0200607 0.00516165 2.03936e-07 0.000131154 0.00224993 0.00237284 0.409179 0.0041294 0.109295 0.00223964 0.000854041 2.11282e-09 0.00723925 4.06073e-05 0.00958474 0.0552451 
0.0798501 0.0406463 0.000801921 0.00173525 0.234192 0.0525029 0.0783263 0.0279563 3.39012e-05 0.000353375 0.0396107 0.00028682 0.276986 0.00569407 0.0372707 2.10756e-05 0.0037795 0.000853045 0.00069116 0.00618154 0.0700468 0.0421804 
0.00215699 0.00216735 9.10152e-06 0.0143154 0.00577274 0.000380025 0.0478701 9.17324e-09 1.88105e-08 4.36722e-06 0.0254409 5.73922e-07 0.729642 0.000119061 0.112186 1.90891e-08 0.00229977 8.30934e-06 1.80939e-07 0.0168957 0.00171751 0.0390139 
0.00282948 4.91496e-05 3.2267e-06 0.109783 0.00513348 0.224829 0.0001514 0.00524835 0.00792241 0.000557543 1.05963e-07 0.00120052 0.624191 0.00900732 0.00128248 8.80833e-10 2.89303e-06 1.17841e-09 0.00537212 6.59255e-05 5.8652e-11 0.0023708 
0.0692105 0.00132801 0.0115225 0.00326415 0.134662 0.000339991 2.40646e-07 2.53614e-05 2.56939e-11 1.4777e-11 0.00328158 0.00144654 0.683471 9.60643e-12 0.00284968 4.88071e-05 0.00148193 3.48832e-11 1.05411e-07 8.64495e-08 0.0302255 0.0568425 
0.0295317 0.0348859 0.00156547 0.016362 0.0174725 0.0506772 0.000841902 0.000199307 3.94334e-06 2.47104e-06 0.0129249 0.00039677 0.352773 0.00435945 0.161461 0.0342114 0.0873143 7.08708e-06 0.000184203 0.0269307 0.0454427 0.122453 
0.00364142 0.0224363 0.000628416 0.0500593 0.00212672 0.0316732 0.0982655 0.000630828 0.000133711 0.0227633 0.0114789 0.0414597 0.527364 0.053086 8.02866e-05 4.80582e-05 0.0186721 3.50092e-08 0.0261596 0.00243827 0.0184972 0.0683569 
0.0023504 0.00159079 2.18436e-05 0.00386846 0.0016823 0.154536 0.120563 4.11773e-09 2.13675e-09 0.124256 0.00918857 2.12485e-07 0.488069 0.000262711 6.55574e-06 1.00924e-06 0.00515511 4.21759e-06 0.00114803 0.00414881 0.0481829 0.0349638 
0.00128335 2.25564e-05 0.000223324 0.000692301 0.00643706 0.020774 0.0371187 6.44973e-08 2.762e-09 1.58848e-09 0.0219243 8.34729e-07 0.889811 2.91179e-07 0.0170603 4.80944e-05 0.000225756 0.000313669 2.29737e-07 3.26239e-06 0.0020121 0.00204889 
0.0116514 0.169516 4.97614e-05 0.0124783 0.0145125 0.0148811 0.0449261 0.0159421 6.22746e-06 3.39239e-05 0.00672191 0.000262164 0.510113 0.00429234 0.103275 0.00249426 0.0333532 0.000231949 0.000768983 9.50326e-05 0.0128617 0.0415329 
0.00227312 7.81282e-08 1.75662e-05 0.00153335 0.0146159 0.00677137 0.0636918 3.2869e-10 1.66193e-09 9.55803e-10 0.0130697 1.03167e-09 0.83844 6.21361e-10 0.0431898 0.000231836 0.00111965 3.28349e-06 2.10531e-10 6.7841e-08 0.0071752 0.00786726 
0.00289904 0.000677006 1.9895e-06 0.0156335 0.0252702 0.00193859 0.0173373 1.12289e-06 2.2971e-06 1.38015e-05 0.0235006 3.46661e-07 0.902038 2.65296e-09 0.00892277 3.99106e-06 0.000100111 6.68583e-06 0.000281222 1.53614e-05 2.78585e-06 0.00135326 
0.0398973 0.0414372 0.000245259 0.0288471 0.00122099 0.0445925 0.00201055 4.17759e-05 2.45739e-06 2.08437e-06 0.128974 4.69329e-05 0.609178 4.38779e-05 0.0134931 3.51302e-05 0.000463439 2.61069e-07 0.000161943 0.0395575 0.00146636 0.0482826 
0.00282948 4.91496e-05 3.2267e-06 0.109783 0.00513348 0.224829 0.0001514 0.00524835 0.00792241 0.000557543 1.05963e-07 0.00120052 0.624191 0.00900732 0.00128248 8.80833e-10 2.89303e-06 1.17841e-09 0.00537212 6.59255e-05 5.8652e-11 0.0023708 
0.00441004 6.04102e-07 0.00706436 0.00519612 6.0413e-07 6.04161e-07 6.0415e-07 6.0405e-07 6.03319e-07 0.00320025 6.04077e-07 6.03664e-07 0.908525 6.0389e-07 0.00302069 6.03306e-07 6.04055e-07 6.02994e-07 0.00350447 6.03788e-07 6.04166e-07 0.0650707 
0.0230379 0.000713011 7.83398e-05 0.00061239 0.0267049 1.28536e-05 0.00185532 2.18375e-07 9.28449e-07 7.94048e-06 0.00243626 0.00033522 0.844875 3.47129e-07 0.0338001 9.422e-07 0.00916619 1.26051e-06 6.0575e-07 3.68649e-06 1.78007e-06 0.0563549 
0.0205183 0.0813925 0.0149245 0.144749 0.00699234 0.0213748 0.000712145 1.93055e-05 9.75992e-05 2.52622e-05 0.00359397 0.00058628 0.491004 7.96279e-05 0.00267006 0.00466465 0.142964 1.04986e-06 9.89848e-05 0.00250111 4.56868e-05 0.0609851 
0.00605588 0.000320166 1.99153e-05 0.0303884 0.016626 0.0270224 0.0167924 4.1672e-09 7.20985e-05 7.47436e-05 0.0137349 0.000187642 0.700358 0.00416302 0.00213638 0.170467 0.00463437 4.04191e-06 4.81218e-11 0.000101583 0.00166376 0.00517646 
0.000519808 0.000187514 1.67409e-05 0.00418693 0.000247123 0.00108383 0.000684655 3.58744e-09 2.55408e-09 7.80718e-06 0.000587064 3.54762e-06 0.921045 0.000368015 8.20621e-05 8.24264e-07 0.00238446 1.8745e-06 0.0386529 2.30574e-05 0.00121347 0.0287037 
0.00282948 4.91496e-05 3.2267e-06 0.109783 0.00513348 0.224829 0.0001514 0.00524835 0.00792241 0.000557543 1.05963e-07 0.00120052 0.624191 0.00900732 0.00128248 8.80833e-10 2.89303e-06 1.17841e-09 0.00537212 6.59255e-05 5.8652e-11 0.0023708 
0.0466146 0.013631 0.0198422 0.011408 0.0338768 0.0187886 0.0538172 3.26376e-08 8.75571e-08 0.00996254 0.174951 0.00423784 0.342045 0.000807244 0.223414 3.75709e-05 0.0058652 0.000413877 4.03651e-05 0.000922792 0.00327662 0.0360477 
0.0866948 0.0857084 0.00100778 0.0388862 0.0945184 0.0372046 0.125485 2.97535e-07 1.12432e-07 0.000418505 0.0278822 3.47205e-05 0.200225 0.00195444 0.0790705 4.8301e-07 0.138651 9.2199e-09 6.99918e-05 0.0188007 0.0583113 0.00507656 
0.00328444 0.000974996 0.0649634 0.0789493 0.0347854 0.0158659 4.76534e-05 7.24242e-06 4.04392e-07 4.65811e-07 0.0459355 0.00388886 0.580292 0.00013878 0.00990379 1.51803e-05 0.0285113 4.30964e-05 0.0404497 4.04295e-07 0.00614449 0.0857976 
5.74914e-05 2.1966e-05 3.47495e-05 3.33976e-06 9.02119e-06 3.29936e-05 7.24035e-05 4.45801e-07 1.74594e-06 1.99246e-05 3.29598e-05 2.31765e-06 0.999616 6.52771e-07 3.15568e-06 1.77179e-06 2.9052e-06 2.37037e-06 1.4565e-06 9.22647e-06 5.08443e-06 6.76349e-05 
7.78942e-05 0.000317021 2.29873e-05 0.000367622 0.000121629 0.000961815 0.000925404 2.40302e-08 5.16081e-08 1.09593e-05 0.000620066 1.53377e-06 0.995391 0.000303035 0.000134657 5.23724e-08 2.28481e-05 4.18298e-06 4.48875e-07 1.10933e-05 0.00039124 0.000314356 
0.0369105 0.0178713 1.15432e-05 0.0251614 0.0345508 0.0110868 0.0253799 1.31538e-08 8.78887e-07 5.42115e-06 0.0358055 9.99977e-07 0.600124 6.55609e-06 0.133568 7.88309e-06 0.00130746 1.16267e-06 0.00109371 0.000985502 0.000214939 0.0759065 
0.018536 0.093379 0.00499693 0.0370779 0.00617103 0.0197477 0.121025 8.94374e-06 3.50174e-07 0.00182707 0.0246687 6.50955e-05 0.617795 0.00216082 0.0017635 1.285e-05 0.000962341 9.32226e-07 0.000280804 0.0018671 0.0249697 0.0226837 
0.0111183 0.0321878 1.85473e-05 2.73301e-05 0.00293214 0.0148613 0.0866738 5.53353e-08 1.0253e-08 1.65724e-05 0.198511 1.23254e-06 0.558066 0.00246038 0.0344612 4.27979e-06 0.000281552 9.35781e-07 7.11408e-06 0.00348075 0.0451121 0.00977723 
0.00282948 4.91496e-05 3.2267e-06 0.109783 0.00513348 0.224829 0.0001514 0.00524835 0.00792241 0.000557543 1.05963e-07 0.00120052 0.624191 0.00900732 0.00128248 8.80833e-10 2.89303e-06 1.17841e-09 0.00537212 6.59255e-05 5.8652e-11 0.0023708 
0.00444901 0.00047011 6.83702e-06 0.151715 2.35943e-05 0.00189069 0.00933515 1.48563e-05 5.44706e-07 4.12505e-06 0.037937 1.22425e-06 0.785487 0.00300806 1.44079e-05 0.000129753 4.90147e-06 2.69113e-06 2.07821e-05 0.000156623 0.00407794 0.00124912 
0.00543174 0.0551606 2.20687e-07 0.0855052 0.0246227 0.138909 0.106024 2.208e-07 2.20533e-07 2.20674e-07 0.064234 0.00125798 0.268764 0.0484087 0.0345976 2.20528e-07 0.0119235 0.00235865 2.20823e-07 0.0026266 0.0951172 0.0550574 
6.27692e-05 0.000164028 1.77895e-05 9.86436e-05 8.07667e-05 0.00042759 0.000524689 1.62109e-07 5.90751e-07 9.69476e-06 0.000346897 2.81369e-06 0.997759 3.20293e-05 4.71291e-05 5.99501e-07 1.55405e-05 6.43766e-06 6.31316e-07 1.20036e-05 0.000169919 0.000220765 
0.000353224 0.0330317 0.123617 0.0330392 0.00117954 0.00580019 6.37795e-07 0.0138165 2.89246e-07 0.000834338 0.00196149 1.72399e-06 0.621277 0.00591681 0.0136837 0.000121768 0.00325444 2.92153e-05 0.0129367 0.00452324 0.0120601 0.112561 
5.11911e-06 3.31598e-06 1.26825e-05 2.59752e-06 2.58979e-06 1.78059e-06 2.07565e-06 4.64305e-06 2.34763e-05 1.35016e-05 3.92896e-06 1.45733e-05 0.999818 8.77732e-06 5.53003e-06 2.3824e-05 4.53541e-06 3.18725e-05 2.97396e-06 1.14146e-05 1.58637e-06 1.32416e-06 
0.0868174 0.0198109 2.32409e-07 0.0163322 0.0189248 0.0111428 0.0869051 1.18321e-05 3.3894e-09 1.77283e-05 0.04539 1.38434e-05 0.272149 0.00151173 0.268253 2.84704e-05 0.0336137 5.54455e-08 0.00157348 0.0018833 0.0121132 0.123507 
3.93296e-05 0.000103592 9.65811e-06 0.0923272 0.0379128 0.000277475 0.000342416 4.92511e-08 1.53067e-07 9.14045e-05 0.000222839 1.10529e-06 0.855782 9.85993e-06 0.0102197 1.55334e-07 8.59461e-06 1.9446e-06 2.61276e-07 6.42824e-06 0.00249899 0.000144163 
0.000974066 0.00730781 1.48609e-05 0.00116271 0.123598 0.000420205 0.0129916 3.26237e-08 8.3365e-09 7.65043e-06 0.000338457 1.83983e-06 0.839642 2.12113e-05 4.18293e-05 8.45996e-09 0.0130804 3.76887e-06 4.0249e-07 1.01742e-05 0.00016541 0.000217614 
0.00100466 4.95894e-05 0.00262401 0.0304268 0.00132318 0.0803202 0.0467213 2.4355e-06 2.47625e-09 1.79891e-05 0.0327701 1.49228e-05 0.78121 0.00101914 0.00686233 1.38996e-05 5.84372e-06 2.9509e-06 0.010316 3.34818e-06 0.00276083 0.00253031 
0.00787161 0.0115535 3.6648e-05 0.0183906 0.0161051 0.0210805 0.102176 1.20883e-05 2.85695e-07 0.0129165 0.0291807 0.000141179 0.656452 0.00131607 0.0349038 0.000285848 0.00803013 3.18149e-05 0.00168667 0.00272215 0.0468191 0.0282884 
0.00107673 0.000118917 0.00445986 0.0246964 0.00642004 0.0508963 0.0477514 1.25887e-05 1.06883e-08 7.80225e-05 0.0148567 5.0179e-05 0.811729 0.00575495 0.00861365 2.23962e-05 0.000330549 0.000204315 0.00323782 0.00220301 0.00854777 0.00893921 
0.0507772 0.191253 0.000717793 0.0123295 0.0375837 0.045507 0.0556073 7.62113e-05 1.37025e-06 0.000973901 0.0115814 0.00166603 0.246653 0.000805062 0.00261105 5.94498e-05 0.0849914 7.54611e-08 0.00705775 0.00161412 0.0939511 0.154183 
4.23219e-05 0.0032451 1.23971e-05 0.00142413 6.61632e-05 0.000524128 0.0176543 1.27886e-08 3.04599e-08 0.00136474 0.000337664 7.97158e-07 0.97409 0.000164547 7.30926e-05 1.93322e-05 0.000146553 2.15264e-06 2.36429e-07 5.95504e-06 0.000213101 0.000613529 
0.132806 0.011807 0.000416914 0.0241217 0.00579041 1.34392e-07 0.328064 0.0161221 0.000100453 1.19409e-07 0.000990908 2.66828e-07 0.329277 4.6583e-08 0.0163293 0.034121 4.5362e-05 3.47664e-10 0.000250022 9.52885e-05 0.0135172 0.0861454 
0.00282948 4.91496e-05 3.2267e-06 0.109783 0.00513348 0.224829 0.0001514 0.00524835 0.00792241 0.000557543 1.05963e-07 0.00120052 0.624191 0.00900732 0.00128248 8.80833e-10 2.89303e-06 1.17841e-09 0.00537212 6.59255e-05 5.8652e-11 0.0023708 
0.175845 0.00638563 0.0286454 0.00976478 0.0038076 0.00415004 0.00392658 2.44418e-08 7.26948e-06 0.00220598 0.0056275 2.44747e-05 0.419358 0.00131236 0.000844821 0.00650946 0.0109092 6.22099e-10 0.00141109 0.00883974 0.000592276 0.309833 
0.00277858 0.0135047 0.17044 0.052997 0.00295297 0.0662935 0.010531 2.16542e-05 0.00025783 1.25167e-05 0.00103735 1.76661e-05 0.456406 0.0358103 0.00162755 8.73244e-06 0.0432534 3.99457e-07 0.00401511 0.0848888 0.0025301 0.0506156 
0.00227312 7.81282e-08 1.75662e-05 0.00153335 0.0146159 0.00677137 0.0636918 3.2869e-10 1.66193e-09 9.55803e-10 0.0130697 1.03167e-09 0.83844 6.21361e-10 0.0431898 0.000231836 0.00111965 3.28349e-06 2.10531e-10 6.7841e-08 0.0071752 0.00786726 
0.000911904 0.000757306 0.0108426 0.0111106 0.0089286 0.0826241 0.00821785 1.96804e-05 1.79059e-08 1.99294e-05 0.00739574 4.87257e-05 0.801916 0.0100298 0.0160331 8.23134e-06 0.000861786 2.34027e-09 1.20682e-05 0.0110917 0.012442 0.0167279 
0.0375611 0.0859085 1.47917e-05 0.0276389 0.0445878 0.0713317 0.0585664 1.51204e-06 2.9761e-06 0.00183363 0.196413 9.17266e-05 0.238095 0.0020108 0.0596949 1.83333e-06 0.00657915 0.0422066 0.000384546 0.0192756 0.0161085 0.0916912 
0.000759694 0.000171203 0.0077485 0.020729 0.0193873 0.022345 0.0174745 4.52912e-05 1.8131e-07 5.79334e-05 0.00925693 6.7223e-05 0.83788 0.0106653 0.00705282 2.1982e-05 0.000890957 2.16932e-08 1.44797e-05 0.0120367 0.0179446 0.0154508 
0.0121597 0.00691217 0.00138782 0.0558419 0.00350028 0.0194852 0.198995 0.000349321 3.83897e-05 0.00277395 0.00714631 0.000821222 0.456362 0.00268783 0.0102477 5.73589e-05 0.00163281 0.0938214 0.00112236 0.019795 0.0380735 0.0667883 
0.132806 0.011807 0.000416914 0.0241217 0.00579041 1.34392e-07 0.328064 0.0161221 0.000100453 1.19409e-07 0.000990908 2.66828e-07 0.329277 4.6583e-08 0.0163293 0.034121 4.5362e-05 3.47664e-10 0.000250022 9.52885e-05 0.0135172 0.0861454 
0.00282948 4.91496e-05 3.2267e-06 0.109783 0.00513348 0.224829 0.0001514 0.00524835 0.00792241 0.000557543 1.05963e-07 0.00120052 0.624191 0.00900732 0.00128248 8.80833e-10 2.89303e-06 1.17841e-09 0.00537212 6.59255e-05 5.8652e-11 0.0023708 
4.55726e-07 2.95203e-07 5.18186e-05 0.00178212 2.30555e-07 1.51105e-05 1.84784e-07 4.13345e-07 2.08996e-06 1.20198e-06 3.49774e-07 1.29738e-06 0.988026 7.81396e-07 4.92308e-07 2.12092e-06 3.66581e-05 2.83743e-06 0.0100471 2.84019e-05 1.41225e-07 1.17882e-07 
0.02237 0.000158298 1.47197e-05 0.00514244 0.00102156 0.000420161 0.0099217 8.40301e-08 1.15704e-09 0.00103271 0.000338395 1.8119e-06 0.768832 2.12492e-05 0.00036164 1.17418e-09 1.37083e-05 0.127737 5.4797e-05 1.00771e-05 0.0030602 0.0594875 
0.00913453 0.00183571 1.2997e-05 0.0388823 0.0360397 0.0253459 0.0246685 4.4458e-06 5.51015e-06 0.000102151 0.0989624 4.28639e-06 0.743452 1.00452e-06 0.0181399 1.10819e-05 0.000179395 6.32282e-06 0.000485566 4.52261e-05 0.000193777 0.00248736 
0.00329549 0.00961406 0.000307661 0.00188077 0.00543098 0.0139913 0.00869644 0.0053206 2.98879e-05 0.000474655 0.00229344 0.000914876 0.908862 0.00421735 0.00581805 0.000266715 0.00234964 1.86677e-06 0.00736572 0.000432685 0.00380273 0.0146329 
0.0541928 0.230227 0.000406869 0.0178159 0.0328386 0.0533149 0.0771515 9.07101e-05 1.42646e-06 0.000270735 0.0101721 0.00100157 0.273927 0.0013646 0.00209389 7.52348e-05 0.156493 4.53755e-07 0.00230878 0.00153269 0.0415408 0.0431798 
0.0507772 0.191253 0.000717793 0.0123295 0.0375837 0.045507 0.0556073 7.62113e-05 1.37025e-06 0.000973901 0.0115814 0.00166603 0.246653 0.000805062 0.00261105 5.94498e-05 0.0849914 7.54611e-08 0.00705775 0.00161412 0.0939511 0.154183 
0.0398973 0.0414372 0.000245259 0.0288471 0.00122099 0.0445925 0.00201055 4.17759e-05 2.45739e-06 2.08437e-06 0.128974 4.69329e-05 0.609178 4.38779e-05 0.0134931 3.51302e-05 0.000463439 2.61069e-07 0.000161943 0.0395575 0.00146636 0.0482826 
0.000117258 5.64846e-05 4.13579e-05 0.00381828 0.000107347 0.00021779 0.000276756 2.24329e-08 2.65468e-08 8.86732e-07 0.000248331 8.89152e-08 0.97745 1.68841e-06 2.13792e-05 0.00027524 0.000135425 3.33426e-07 2.26496e-05 1.77208e-06 0.000844271 0.0163623 
6.05771e-05 0.000152377 0.0104168 0.0543847 0.048543 0.288812 0.0818154 2.92247e-08 1.67957e-08 1.0573e-05 0.0722756 7.12313e-05 0.399868 5.50904e-06 3.47084e-05 2.56946e-06 1.24258e-05 0.000466414 7.22804e-07 0.0104994 0.0228774 0.00969044 
0.00478535 0.00256095 0.000386787 0.177973 0.00156807 0.0513397 0.0357777 2.66048e-05 5.18007e-08 0.000129283 0.106007 4.43461e-05 0.452615 0.00398968 0.00634293 6.29273e-06 0.000415656 3.05929e-06 0.0231518 0.000565775 0.0241154 0.108197 
0.132806 0.011807 0.000416914 0.0241217 0.00579041 1.34392e-07 0.328064 0.0161221 0.000100453 1.19409e-07 0.000990908 2.66828e-07 0.329277 4.6583e-08 0.0163293 0.034121 4.5362e-05 3.47664e-10 0.000250022 9.52885e-05 0.0135172 0.0861454 
0.0341983 0.0219785 0.000341184 0.0339091 0.0574908 0.0453566 0.128956 5.4082e-05 2.68201e-09 0.000153158 0.12321 5.17305e-07 0.268494 0.0810279 0.109676 0.000112581 9.9228e-05 4.10064e-06 0.00125002 0.00517178 0.0382799 0.0502366 
0.00282948 4.91496e-05 3.2267e-06 0.109783 0.00513348 0.224829 0.0001514 0.00524835 0.00792241 0.000557543 1.05963e-07 0.00120052 0.624191 0.00900732 0.00128248 8.80833e-10 2.89303e-06 1.17841e-09 0.00537212 6.59255e-05 5.8652e-11 0.0023708 
0.00282948 4.91496e-05 3.2267e-06 0.109783 0.00513348 0.224829 0.0001514 0.00524835 0.00792241 0.000557543 1.05963e-07 0.00120052 0.624191 0.00900732 0.00128248 8.80833e-10 2.89303e-06 1.17841e-09 0.00537212 6.59255e-05 5.8652e-11 0.0023708 
7.69295e-05 0.00292209 0.000497288 0.000365535 0.00504287 0.000959235 0.016292 1.39633e-08 2.46771e-08 1.03687e-05 0.0238181 1.30255e-06 0.943598 0.000299265 0.000132828 5.82196e-06 2.22558e-05 3.48028e-06 3.93151e-07 1.0547e-05 0.00562789 0.000313276 
0.0367393 0.0477164 0.0005132 0.0251865 0.0470291 0.133986 0.127385 0.0039259 0.000101387 0.00376432 0.0228705 0.00525492 0.297304 0.00675997 0.0212847 0.00124306 0.0526563 3.98466e-05 0.00721566 0.00463089 0.0780708 0.0763215 
0.025521 0.0483618 0.000587785 0.022217 0.0298683 0.0477494 0.100896 0.000648985 3.72763e-06 0.00050274 0.0407483 0.000196269 0.249719 0.00544278 0.117652 0.000706152 0.179688 2.11721e-08 0.00807539 0.000532833 0.0607419 0.0601406 
0.0362888 0.00639802 0.000541111 0.070802 0.0031438 0.00189118 0.0155484 0.0243294 2.80114e-05 0.000106439 0.182499 1.95039e-07 0.568014 3.10217e-06 0.00151213 9.65854e-05 0.000867193 6.80261e-07 2.90308e-06 0.0458125 0.0056999 0.0364141 
0.00530282 0.0129609 0.000356088 0.00655515 0.177441 0.0246513 0.0216664 3.99807e-05 1.21536e-10 0.000190846 0.001234 0.0310248 0.683574 0.00295128 0.00720871 6.26118e-08 0.021722 1.48817e-07 0.000132965 0.000175417 0.000104604 0.00270718 
0.0986634 0.0064879 0.0297065 0.102427 0.0305341 0.026267 0.00701893 5.53551e-05 0.000138883 0.00162825 0.0338103 0.00821417 0.308792 0.000146934 0.00173296 0.0195599 0.188596 2.10418e-07 4.46877e-05 0.000613943 0.0101827 0.125379 
0.00282948 4.91496e-05 3.2267e-06 0.109783 0.00513348 0.224829 0.0001514 0.00524835 0.00792241 0.000557543 1.05963e-07 0.00120052 0.624191 0.00900732 0.00128248 8.80833e-10 2.89303e-06 1.17841e-09 0.00537212 6.59255e-05 5.8652e-11 0.0023708 
0.00277858 0.0135047 0.17044 0.052997 0.00295297 0.0662935 0.010531 2.16542e-05 0.00025783 1.25167e-05 0.00103735 1.76661e-05 0.456406 0.0358103 0.00162755 8.73244e-06 0.0432534 3.99457e-07 0.00401511 0.0848888 0.0025301 0.0506156 
0.0211265 0.0109103 0.000915805 0.00430487 0.00547711 0.03029 0.136397 0.0171144 2.19358e-06 0.00357413 0.00591729 3.26716e-06 0.413575 0.000949137 0.00818635 0.0522053 0.00104099 2.21914e-06 4.70972e-06 0.0010017 0.026438 0.260564 
0.000296708 9.99616e-05 7.23148e-06 0.0179009 0.000193291 0.00027281 0.000337541 8.90676e-09 1.1991e-08 3.11746e-06 0.000217332 5.91593e-07 0.952654 3.63008e-06 2.27693e-05 9.82684e-05 0.000479641 6.58642e-07 2.65989e-05 5.14118e-06 0.00554549 0.0218345 
0.00282948 4.91496e-05 3.2267e-06 0.109783 0.00513348 0.224829 0.0001514 0.00524835 0.00792241 0.000557543 1.05963e-07 0.00120052 0.624191 0.00900732 0.00128248 8.80833e-10 2.89303e-06 1.17841e-09 0.00537212 6.59255e-05 5.8652e-11 0.0023708 
0.000710403 0.0787383 0.000469714 0.000958723 0.00219582 0.0130663 0.271552 2.09236e-05 6.97698e-08 0.017821 0.00737784 2.22904e-05 0.514753 0.0236627 0.000386876 0.000206009 0.00522165 1.50178e-06 0.00010227 2.3565e-06 0.00629257 0.0564376 
0.000714431 0.0315998 0.000474275 0.010988 0.00220119 0.01308 0.0857764 2.58208e-05 2.48486e-07 0.0179267 0.010418 0.000859944 0.608027 0.0237404 0.000391727 4.24033e-06 0.00233628 2.99945e-06 0.000189651 3.15372e-06 0.00630133 0.184938 
0.00240718 0.174522 0.000886097 0.000478555 0.0209048 0.146725 0.0849533 3.52892e-05 8.69619e-10 0.00045804 0.0129729 5.81181e-06 0.301023 1.72654e-05 0.0173584 8.82499e-10 0.127941 1.18064e-09 0.00161682 1.37851e-07 0.10193 0.00576325 
0.00930571 0.0081464 0.000200542 0.28458 0.0124025 0.216906 0.00560137 0.00526428 0.00391911 0.000822227 0.00207913 0.00132186 0.37949 0.00961773 0.00599358 6.81147e-05 0.000980059 1.86782e-07 0.0349846 0.000139959 0.00334482 0.0148318 
0.00830857 0.120459 0.0011209 0.019596 0.167331 0.139248 0.176552 0.00122632 2.02634e-05 0.000986059 0.0264823 0.0189271 0.207905 0.00583665 0.0085573 0.000688752 0.0276148 3.01298e-06 0.00427379 0.00392519 0.0353743 0.0255642 
0.007024 0.00298419 0.000570366 0.0152434 0.171047 0.0244509 0.0449903 8.23198e-07 5.4174e-09 0.00354135 0.0255732 0.00128089 0.602137 0.00152424 0.00237021 0.00125476 0.00590779 5.13744e-08 0.000306846 0.00712599 0.011581 0.0710858 
0.223325 0.031001 0.00761067 0.0757626 9.48772e-05 0.000345286 0.000376731 2.49746e-07 5.00508e-07 3.23133e-06 0.0412033 0.00127955 0.299617 6.43493e-05 6.45538e-05 5.07921e-07 8.26045e-06 0.00360103 6.34039e-08 0.25146 0.00870509 0.055476 
0.0157917 0.0149351 0.000726076 0.00207108 0.00183899 0.0322907 0.00368092 1.62752e-07 6.7068e-09 0.000240291 0.00483558 1.68711e-05 0.879648 7.69913e-05 0.000318172 5.21896e-05 0.00620266 9.10548e-09 0.000403809 0.000549045 0.000712902 0.0356086 
0.00282948 4.91496e-05 3.2267e-06 0.109783 0.00513348 0.224829 0.0001514 0.00524835 0.00792241 0.000557543 1.05963e-07 0.00120052 0.624191 0.00900732 0.00128248 8.80833e-10 2.89303e-06 1.17841e-09 0.00537212 6.59255e-05 5.8652e-11 0.0023708 
6.34406e-06 5.3509e-07 0.00510997 0.0256535 0.0108181 0.0235999 0.0300043 5.36993e-06 6.00947e-09 7.95926e-06 0.0363586 0.00171061 0.833277 0.00941996 0.00759009 2.7945e-06 4.65969e-06 0.00553402 2.10808e-07 0.0038703 0.00152485 0.00550033 
0.00282948 4.91496e-05 3.2267e-06 0.109783 0.00513348 0.224829 0.0001514 0.00524835 0.00792241 0.000557543 1.05963e-07 0.00120052 0.624191 0.00900732 0.00128248 8.80833e-10 2.89303e-06 1.17841e-09 0.00537212 6.59255e-05 5.8652e-11 0.0023708 
0.0144931 0.000850638 0.000216527 0.00173229 0.111715 0.0227323 0.0258441 8.4735e-07 3.20126e-07 7.03209e-05 0.0082581 0.000423996 0.775261 0.000641536 0.00832042 0.000133168 0.00168284 2.60815e-06 0.000432538 0.00600402 0.0072159 0.0139684 
0.000710403 0.0787383 0.000469714 0.000958723 0.00219582 0.0130663 0.271552 2.09236e-05 6.97698e-08 0.017821 0.00737784 2.22904e-05 0.514753 0.0236627 0.000386876 0.000206009 0.00522165 1.50178e-06 0.00010227 2.3565e-06 0.00629257 0.0564376 
0.000131277 0.000131292 0.000131214 0.000131298 0.0789103 0.000131305 0.000131303 0.000131281 0.000131122 0.000131206 0.000131287 0.000131197 0.5508 0.000131246 0.000131274 0.000131119 0.000131282 0.000131051 0.000131295 0.000131224 0.000131306 0.367796 
0.115571 0.0420923 0.00132499 0.120124 0.0196934 0.100913 0.0363956 3.0652e-06 3.69131e-06 0.00409774 0.0453387 0.000191686 0.173562 0.00477855 0.0732197 0.00152797 0.128684 4.46076e-10 0.00270643 0.00215229 0.0727182 0.054901 
0.0343279 1.0988e-05 0.01095 0.0118845 0.099041 0.306925 0.106091 6.26121e-06 9.02992e-06 0.000466674 0.0170192 6.11415e-07 0.367193 9.72114e-05 0.00210479 2.26996e-07 0.0326187 3.03683e-07 0.000610575 0.000338009 0.00581768 0.00448667 
0.00891074 0.0108109 0.00398613 0.00892278 0.00188816 0.0223207 0.000508124 3.99908e-09 9.98123e-11 5.45587e-05 0.00874833 1.66758e-05 0.713286 0.0657627 5.9276e-05 2.5884e-06 0.0126302 1.06321e-06 2.38448e-05 0.0233622 0.000194755 0.11851 
0.00240718 0.174522 0.000886097 0.000478555 0.0209048 0.146725 0.0849533 3.52892e-05 8.69619e-10 0.00045804 0.0129729 5.81181e-06 0.301023 1.72654e-05 0.0173584 8.82499e-10 0.127941 1.18064e-09 0.00161682 1.37851e-07 0.10193 0.00576325 
0.000398799 5.52743e-05 0.00474796 0.00906828 0.00423586 0.00719085 0.0312744 2.14497e-05 6.89183e-08 2.60582e-05 0.00128245 3.68401e-05 0.901972 0.00646897 0.00909314 1.00576e-05 0.00054659 6.85411e-06 8.35241e-06 0.00698468 0.00535296 0.0112182 
5.18825e-05 1.92577e-05 2.7814e-05 0.00665415 5.94879e-06 3.00624e-05 6.78453e-05 1.80786e-07 0.000173037 1.47071e-05 2.78873e-05 1.16979e-06 0.988406 2.15117e-07 1.96501e-06 0.00064231 0.00331899 7.81142e-07 8.86497e-07 6.57997e-06 3.34962e-06 0.000545382 
0.00227312 7.81282e-08 1.75662e-05 0.00153335 0.0146159 0.00677137 0.0636918 3.2869e-10 1.66193e-09 9.55803e-10 0.0130697 1.03167e-09 0.83844 6.21361e-10 0.0431898 0.000231836 0.00111965 3.28349e-06 2.10531e-10 6.7841e-08 0.0071752 0.00786726 
0.0164642 0.033626 0.000928121 0.0310495 0.00716722 0.0600385 0.00516818 2.06871e-09 2.46824e-09 3.72868e-05 0.0436427 3.39433e-06 0.772559 0.00040483 0.00289204 6.4023e-06 0.00287439 2.05504e-08 0.00015348 0.000744117 0.00818113 0.0140596 
0.00282948 4.91496e-05 3.2267e-06 0.109783 0.00513348 0.224829 0.0001514 0.00524835 0.00792241 0.000557543 1.05963e-07 0.00120052 0.624191 0.00900732 0.00128248 8.80833e-10 2.89303e-06 1.17841e-09 0.00537212 6.59255e-05 5.8652e-11 0.0023708 
0.00048535 6.78671e-05 0.00582902 0.0139677 0.0365547 0.0342429 0.0390751 1.67283e-05 3.53746e-08 1.76136e-05 0.0331665 0.00141574 0.755507 0.00783711 0.0113398 7.19714e-06 0.000672374 0.00430404 9.61706e-06 0.00864238 0.0328538 0.0139876 
0.00240718 0.174522 0.000886097 0.000478555 0.0209048 0.146725 0.0849533 3.52892e-05 8.69619e-10 0.00045804 0.0129729 5.81181e-06 0.301023 1.72654e-05 0.0173584 8.82499e-10 0.127941 1.18064e-09 0.00161682 1.37851e-07 0.10193 0.00576325 
0.0272706 0.00352222 1.41656e-05 0.0371025 0.00630349 0.0131197 0.101522 1.11236e-06 4.04803e-09 0.00886139 0.0418313 1.71449e-05 0.472766 8.1257e-06 0.00616501 1.28608e-06 0.0174355 1.44489e-06 0.00169296 0.00095055 0.0292925 0.232121 
0.0230023 0.0102497 0.0364116 0.232483 0.0220089 0.102659 0.00312273 2.32828e-06 1.18592e-05 0.000897592 0.0266282 0.00193042 0.301315 5.00522e-05 0.00597709 0.00106538 0.0644542 7.35521e-06 0.000363497 0.0018725 0.0267192 0.138768 
0.0467068 0.0194977 0.000142887 0.0611006 0.112518 0.0778577 0.142609 3.96555e-05 0.000180659 0.000938264 0.0112168 0.00161643 0.261968 0.00435587 0.0812507 0.00434281 0.090078 1.11657e-07 0.00108341 7.92886e-05 0.0385922 0.0438243 
0.00508471 0.0005037 0.000243772 7.89871e-08 7.318e-05 0.000121264 0.00354943 8.92448e-05 0.000203461 2.36266e-07 6.87531e-08 0.000152907 0.948639 1.53595e-07 3.47594e-06 3.02502e-05 7.93653e-08 5.57739e-07 2.18335e-05 9.36535e-07 0.00111637 0.0401654 
0.00282948 4.91496e-05 3.2267e-06 0.109783 0.00513348 0.224829 0.0001514 0.00524835 0.00792241 0.000557543 1.05963e-07 0.00120052 0.624191 0.00900732 0.00128248 8.80833e-10 2.89303e-06 1.17841e-09 0.00537212 6.59255e-05 5.8652e-11 0.0023708 
0.0466146 0.013631 0.0198422 0.011408 0.0338768 0.0187886 0.0538172 3.26376e-08 8.75571e-08 0.00996254 0.174951 0.00423784 0.342045 0.000807244 0.223414 3.75709e-05 0.0058652 0.000413877 4.03651e-05 0.000922792 0.00327662 0.0360477 
0.0505065 0.0418124 0.0041483 0.00186358 0.046121 1.12463e-07 0.00100306 2.93257e-07 1.48277e-06 1.51908e-05 0.0991432 9.20458e-07 0.70739 5.5438e-07 0.0455672 0.000582159 2.86458e-07 2.01308e-06 1.87836e-07 0.00132198 0.000301599 0.000218041 
0.0034668 2.31353e-06 0.00923108 0.010912 0.0410642 0.00304852 0.0625579 3.50412e-07 3.14141e-09 1.80668e-09 0.0295738 1.95008e-09 0.718649 4.8993e-06 0.0776821 0.0012337 0.00301151 4.19863e-06 3.97951e-10 1.52741e-09 0.0180741 0.021484 
0.00167895 0.00205515 6.03399e-06 4.26868e-06 0.000293079 0.00572594 0.00900103 3.52018e-07 4.38518e-07 0.000252176 0.00143355 2.3539e-06 0.967325 0.00483046 0.00320483 3.73552e-05 7.85837e-05 5.95353e-07 6.15479e-05 0.000294274 0.00164149 0.00207293 
0.00583694 0.00484926 0.000260271 0.000751145 0.00394958 0.0253279 0.028427 6.51249e-07 9.25454e-08 4.03653e-05 0.00556936 4.14778e-06 0.845305 0.00340954 0.00749871 2.25719e-05 0.00401428 3.80883e-06 0.000696839 0.00463651 0.0416632 0.0177324 
0.0241992 0.00998754 9.91638e-07 0.00740777 0.000962641 0.19442 0.0177045 5.31738e-06 4.15363e-07 0.000189487 0.0165929 0.00165904 0.41644 0.101376 0.0066805 0.000283906 0.133169 1.29369e-06 0.00277743 0.014182 0.0191894 0.0327706 
0.00369924 0.000447119 0.00171366 0.024111 0.0248135 0.00833745 0.0371307 1.67123e-05 1.04647e-05 8.8847e-05 0.0152329 9.54397e-05 0.854903 0.00315348 0.00995056 0.000671558 0.00177615 0.000227076 0.000188736 0.00258091 0.00297982 0.00787162 
0.0049935 0.00482909 0.000121921 0.0118219 0.0187111 0.0329561 0.000743791 3.87886e-06 7.9389e-06 4.76631e-05 0.0218365 1.15e-06 0.893462 1.16043e-08 0.00858503 1.37886e-05 0.000140403 4.21379e-08 0.000377623 2.56837e-05 0.000289846 0.00103124 
1.99795e-05 0.00137118 0.000783258 0.00357805 0.128474 0.058399 0.105355 8.82468e-06 3.6116e-07 9.64814e-07 0.14533 0.000146597 0.508359 0.0028626 0.0108946 0.000693795 0.000566819 4.7672e-06 4.57514e-08 0.00320404 0.0160829 0.0138651 
0.000487769 6.7935e-05 0.00584848 0.0112789 0.00527573 0.00897303 0.0390748 1.87722e-05 3.34496e-08 2.06419e-05 0.00158707 4.03546e-05 0.878073 0.0078869 0.0113423 8.25723e-06 0.000674154 3.5309e-06 9.69818e-06 0.00865815 0.00667638 0.0139939 
3.93296e-05 0.000103592 9.65811e-06 0.0923272 0.0379128 0.000277475 0.000342416 4.92511e-08 1.53067e-07 9.14045e-05 0.000222839 1.10529e-06 0.855782 9.85993e-06 0.0102197 1.55334e-07 8.59461e-06 1.9446e-06 2.61276e-07 6.42824e-06 0.00249899 0.000144163 
0.0180337 6.13509e-05 5.13472e-06 0.0134299 0.0090626 0.0032636 0.000231978 1.20142e-07 4.42262e-07 8.9228e-07 0.280985 0.000908902 0.633226 0.00643826 3.00346e-05 4.48812e-07 2.36974e-06 3.78128e-06 5.60253e-08 0.0034261 0.0110469 0.0198427 
0.00346152 9.96531e-07 0.00921634 0.0108866 0.0107697 0.00304492 0.0625479 1.50949e-07 1.42433e-09 8.1916e-10 0.0892118 8.8418e-10 0.7046 2.11033e-06 0.0776515 0.00122315 0.00300598 2.3391e-06 1.11548e-07 6.92535e-10 0.00289902 0.0214761 
1.92035e-05 3.70907e-06 8.14172e-07 0.00616859 0.0274059 0.0562078 0.0414462 9.67979e-08 1.6949e-10 9.74765e-11 0.11079 0.000579447 0.324351 0.00599226 0.00335893 7.40807e-06 0.000556623 1.5273e-06 0.138032 9.08731e-05 0.0283619 0.256626 
4.36013e-05 0.00944876 0.000174892 0.149143 0.0274249 0.250428 0.010188 0.00367036 6.48834e-05 0.000741269 0.0611218 6.09978e-05 0.274507 0.00297435 0.0139329 1.36243e-05 0.0181018 3.07302e-07 0.00623318 2.10222e-05 0.110741 0.0609645 
0.0253728 0.0315485 5.04403e-05 0.0306863 0.016069 0.104382 0.155012 1.23682e-05 6.00454e-07 0.00645778 0.0245381 9.76558e-07 0.324847 0.00643015 0.0329934 0.000471693 0.0220901 1.04387e-07 0.000635174 0.0287623 0.0570259 0.132613 
0.0147961 0.00202678 0.000459726 0.175287 0.0246619 0.041728 0.0262685 0.000106335 0.000329873 0.000117568 0.167609 0.0327364 0.290395 0.000491445 0.0775751 0.000943184 0.00548009 4.46758e-05 0.00605688 0.0025919 0.0172264 0.113068 
0.100003 0.0149701 0.0013794 0.016873 0.0806351 0.136859 0.0779435 2.56015e-08 1.6365e-10 0.00607077 0.0401706 9.30172e-07 0.283359 0.00276644 0.139911 7.46801e-08 0.00261091 2.22179e-10 0.00158655 0.00237169 0.00930141 0.0831874 
0.00160427 0.0107029 3.5456e-05 0.0107758 0.00128176 0.0176943 0.00640455 0.000180747 1.70066e-07 0.000546962 0.0157939 6.05679e-05 0.874284 0.00868267 0.00844169 2.13497e-05 0.00185757 1.7177e-06 0.000477478 0.000299545 0.00264754 0.0382048 
0.00282948 4.91496e-05 3.2267e-06 0.109783 0.00513348 0.224829 0.0001514 0.00524835 0.00792241 0.000557543 1.05963e-07 0.00120052 0.624191 0.00900732 0.00128248 8.80833e-10 2.89303e-06 1.17841e-09 0.00537212 6.59255e-05 5.8652e-11 0.0023708 
0.000354353 0.000585408 0.00315235 0.0842319 0.0015141 0.00131633 0.00188325 8.86437e-05 0.000348091 0.00542387 0.00580621 4.10958e-07 0.615785 0.00281413 0.00115198 0.00562715 0.00218207 8.98784e-07 8.38635e-08 3.21883e-07 0.000491751 0.267241 
0.0272866 0.0386048 0.00456757 0.0345376 0.00631862 0.0129581 0.0240617 4.582e-09 1.72288e-06 0.000684974 0.0048355 1.66707e-06 0.48601 0.0425096 0.00182676 0.000610916 0.0966465 1.87232e-06 0.0690906 0.00460629 0.0706637 0.0741749 
2.54137e-05 9.23144e-06 2.60149e-06 0.000278745 0.00225451 0.0117484 0.0159831 1.81965e-07 3.47026e-09 1.99581e-09 0.0279844 2.36346e-06 0.938301 8.23761e-07 0.00331496 3.52166e-09 6.70424e-10 5.36968e-06 6.50671e-07 3.67838e-06 5.89661e-06 7.88014e-05 
0.000188193 0.0206711 0.010065 0.0533319 0.00751561 0.0104762 0.0328581 2.71223e-08 0.000947598 1.92949e-05 0.313631 4.68133e-07 0.413961 0.000142288 0.00298918 5.75407e-08 5.09194e-06 4.74903e-05 0.0013328 0.0970612 0.010119 0.0246368 
0.132806 0.011807 0.000416914 0.0241217 0.00579041 1.34392e-07 0.328064 0.0161221 0.000100453 1.19409e-07 0.000990908 2.66828e-07 0.329277 4.6583e-08 0.0163293 0.034121 4.5362e-05 3.47664e-10 0.000250022 9.52885e-05 0.0135172 0.0861454 
