0.102542 0.0136185 0.00152591 0.00815112 0.127841 0.0760186 0.141607 3.71865e-06 5.33094e-11 0.000181117 0.0103821 0.0024752 1.89388e-06 0.000870693 0.224898 0.00343784 0.173236 7.23754e-11 0.0195863 0.00118554 0.0280817 0.0643558 
0.0171978 0.00265202 0.00433026 0.0846118 0.0335516 0.0354503 0.115722 0.000170809 9.81431e-05 0.000124622 0.0420601 0.000154102 0.000844071 0.0560948 0.283217 0.00066421 0.0154971 7.90932e-06 0.0596384 0.00337301 0.118567 0.125973 
0.0564715 0.0257123 0.00345811 0.0206664 0.0255501 0.0731553 0.0661912 0.00962641 1.20314e-05 0.00667907 0.0234535 6.94767e-05 0.00187381 0.017632 0.258483 0.000919582 0.0383199 1.14582e-05 0.0041494 0.177468 0.145546 0.0445512 
0.00103392 0.0422026 0.000141201 0.00483454 0.0426755 0.0678103 0.0137509 0.0292174 0.0301799 1.94956e-05 0.0216105 0.000182698 0.000429902 0.010541 0.632264 1.96539e-05 0.0837415 0.000168274 0.00431135 0.00108036 0.0101044 0.00368094 
1.90635e-06 0.0387052 1.90542e-06 0.0856106 0.0592986 0.0928605 0.231859 1.9064e-06 1.90409e-06 1.90532e-06 0.005912 1.90518e-06 0.027609 0.0213479 0.278511 1.90405e-06 0.00114576 1.90307e-06 1.9066e-06 1.90558e-06 0.12909 0.028032 
0.00182546 0.000775164 1.6461e-05 0.0132865 0.109805 0.0619906 0.0218445 0.0149726 9.21792e-06 0.0002287 0.0663234 5.83662e-07 5.78998e-05 0.014091 0.54233 6.71875e-05 0.00512586 9.16541e-09 0.00512141 0.00110834 0.0511602 0.0898602 
0.119594 0.049317 0.000536511 0.046136 0.0215756 0.0176769 0.123954 0.000184193 2.43345e-08 0.000127819 0.0863373 5.9977e-08 6.01091e-05 0.00100595 0.384646 0.000130963 0.0224892 6.13861e-07 0.00014454 0.00167815 0.089945 0.0344603 
0.0387453 0.00066115 1.65401e-07 5.35844e-11 0.0020429 4.52172e-07 0.0198523 9.5782e-11 4.84295e-10 1.53231e-06 0.0155692 1.96059e-06 0.000296465 1.81068e-10 0.52202 4.91467e-10 0.0059545 3.62816e-08 0.00188584 9.50717e-07 0.00220561 0.390761 
0.000993651 0.000826868 0.000224967 0.0174446 0.00390208 0.0248098 0.000494395 0.00710391 0.00141975 6.12778e-06 0.00792639 0.000595224 3.40889e-06 0.000278235 0.893487 0.000474451 0.00170889 1.30686e-09 0.00736309 1.33035e-05 0.0152563 0.0156674 
0.00957382 0.334255 1.72078e-06 0.000355211 0.0535929 0.0178449 0.093888 0.000782519 1.89706e-07 2.18552e-05 0.00724717 0.00141093 0.00556966 0.00762235 0.39726 2.15495e-05 0.031421 0.000159016 0.000395749 0.00240152 0.0270309 0.00914405 
0.0141264 0.0169314 0.00339035 0.0575849 0.0301857 0.13638 0.0329294 0.00210374 0.00377655 0.0021911 0.0539869 0.00317637 0.0013037 0.019916 0.479054 0.000710336 0.0135106 0.000741264 0.00617553 0.00395742 0.0724722 0.0453962 
0.0134735 0.0174099 1.09044e-05 0.0225517 0.121146 0.0381524 0.0387889 0.0278435 8.17371e-09 0.00122006 0.0140222 0.00324458 0.00786673 0.23085 0.391466 0.000152802 0.00618103 1.1097e-08 0.000336917 0.000391402 0.0450186 0.0198731 
0.0021619 0.0248384 1.52058e-06 0.0323921 0.0515314 0.0151464 0.024449 5.56682e-07 2.8147e-06 0.000217532 0.000273047 1.74728e-06 9.68672e-05 0.000259543 0.706799 0.000474312 0.00343617 3.82138e-06 0.000144036 0.000111135 0.0803735 0.0572847 
0.0102843 0.0138201 0.000766782 0.29772 0.0117647 0.0219632 0.0103008 0.010014 6.94554e-05 0.00055008 0.0137967 0.000149306 0.000149361 0.0234284 0.554242 0.00288422 0.00126506 1.16923e-06 0.000134685 7.27167e-05 0.00965867 0.0169642 
0.00750306 0.07821 0.00147264 0.0263129 0.0255192 0.0598612 0.0425458 1.08949e-05 1.42225e-06 0.000381241 0.0594579 0.00614651 0.000975927 0.0352249 0.362733 0.00024009 0.087144 2.73484e-06 0.030215 0.000566028 0.140997 0.0344785 
0.021759 0.0258232 0.00114242 0.0263055 0.0832787 0.183513 0.152479 0.00742281 4.44419e-06 0.000923961 0.141963 0.00372375 0.000364744 0.00418093 0.194021 0.00211934 0.0302602 0.00193889 0.00377621 0.00308783 0.0597519 0.0521603 
0.109873 0.0135644 0.000834292 0.0355679 0.0209397 0.0379345 0.107347 3.90568e-05 2.01842e-06 0.00866996 0.0324988 1.44288e-05 0.0018879 0.0110513 0.24354 0.000714143 0.0331177 3.45143e-10 0.0591025 0.00500125 0.187244 0.0910568 
0.00473595 0.0497704 0.000552607 0.0184722 0.0732038 0.158314 0.0776517 3.10343e-05 4.24644e-06 1.98823e-05 0.0991031 0.00100573 0.000150346 0.0497777 0.229428 0.00925277 0.00183735 0.00302305 0.0371163 0.00197328 0.136813 0.0477625 
0.0471789 0.0268417 9.0671e-05 0.00882805 0.0555437 0.0472357 0.0523181 0.00171612 4.20292e-07 6.46812e-05 0.0448956 0.000243832 0.000437296 0.00157772 0.605977 0.000760231 0.00782655 0.00560675 0.0133737 0.0017389 0.0337949 0.0439494 
0.0258757 0.0889751 0.000362759 0.0232867 0.104943 0.162941 0.091405 0.0141856 0.00632723 0.00598961 0.00285314 0.00170566 0.000347837 0.0247421 0.209724 0.000404031 0.0914347 0.000398266 0.0114821 0.000345855 0.0956646 0.0366063 
0.000306837 3.14014e-05 2.88118e-05 0.000871836 0.000554386 0.00159091 0.00414417 2.22589e-06 7.7462e-05 3.42753e-05 4.3507e-06 0.000198881 1.21053e-09 1.49305e-08 0.975171 9.23228e-06 0.00299629 2.72089e-11 8.90042e-05 4.78132e-06 0.0128991 0.000984659 
0.0111643 0.00776622 1.76267e-06 0.129455 0.0606531 0.0354283 0.0230915 2.09768e-05 0.0352451 0.00124572 0.0705264 0.0167803 0.000316344 6.46192e-05 0.572891 0.000701233 0.000811235 2.74852e-08 0.000889124 6.03774e-05 0.00863686 0.0242502 
0.00264859 0.010881 7.58997e-05 0.0195658 0.00549811 0.00414151 0.14452 3.52054e-06 5.1716e-07 0.000272561 0.0250735 0.00555691 0.0200154 0.0193621 0.449554 4.40174e-06 0.0023018 7.02121e-07 0.0118045 0.102528 0.0258599 0.150331 
0.0069956 0.0169505 1.27104e-05 0.0223032 0.243418 0.0375445 0.0109506 0.000407125 1.50531e-07 5.9013e-07 0.00629914 0.000302229 5.00324e-06 0.000187531 0.618881 1.558e-05 0.00247964 0.000974318 0.00106423 0.000210355 0.0256208 0.00537791 
0.000118598 0.000374413 5.7022e-05 0.00613764 0.0178416 0.0117268 0.00557194 3.36112e-09 1.69946e-08 9.77387e-09 0.036912 1.40994e-05 6.01283e-05 2.66294e-05 0.672103 1.72463e-08 6.49697e-06 0.246419 2.15286e-09 4.81486e-05 5.5238e-07 0.00258198 
0.0098276 0.00146727 0.00024191 0.0595018 0.0108061 1.48816e-09 0.0132245 5.8894e-07 2.60054e-09 2.1957e-07 0.0165242 1.10253e-07 2.74135e-09 0.00012002 0.876667 2.63906e-09 0.00275063 1.66841e-06 1.55676e-07 4.5775e-06 0.00337943 0.00548169 
0.00180667 0.0145109 1.32299e-05 0.0978994 0.017 0.252764 0.0359972 0.0205674 2.55007e-06 1.52393e-06 0.00685754 0.00030109 7.57044e-05 0.00414448 0.517234 0.000126768 0.000385955 4.1799e-06 0.00283851 0.00132335 0.0218313 0.00431396 
0.0141826 0.02951 2.40793e-05 0.0396509 0.101033 0.0932124 0.0552476 0.0115448 5.51173e-10 8.52603e-05 0.0383729 0.00136378 7.16889e-06 0.0172369 0.547403 0.000143726 0.00013123 0.000537587 0.000387893 0.0013146 0.005327 0.0432834 
0.00404365 0.0534094 5.07586e-05 0.0651549 0.0243889 0.0124441 0.00283738 0.00064755 0.0116672 0.0013834 0.001488 0.103804 0.00024992 0.0104934 0.667054 5.08739e-05 0.0195172 3.28039e-06 0.00108545 0.0001612 0.00752775 0.012538 
0.0034709 0.016464 0.0083033 0.0846698 0.0816575 0.0539921 0.0523406 0.00393146 0.00197137 0.00072438 0.00496401 0.013267 0.00271807 0.0209461 0.564246 0.000166729 0.00388374 3.82783e-07 0.000304421 0.0025705 0.0305714 0.0488362 
0.00980012 0.000607568 0.000798547 0.0204061 0.00114339 0.00292422 0.0261349 7.12037e-06 1.2002e-08 0.000962039 0.000109545 2.9959e-07 0.000550087 1.65791e-06 0.826578 4.2144e-06 0.00495987 0.00229812 0.0014345 0.0020733 0.0409091 0.0582978 
0.00314488 0.136781 0.00146766 0.0232287 0.0314038 0.270365 0.0223778 0.0102723 2.53493e-05 0.000192435 0.0112412 0.000720712 0.00397055 0.0190773 0.28228 0.000334359 0.0311146 2.22298e-05 0.0237212 0.00305971 0.0941175 0.0310816 
0.00637722 0.029823 9.00553e-05 0.111269 0.0601758 0.0987841 0.0692302 0.000379728 0.000506926 0.00515725 0.0172339 0.00202339 0.000362711 0.195051 0.197464 0.000121179 0.0318422 2.24552e-08 0.0035175 0.0060258 0.0374493 0.127115 
0.0264565 0.00985193 0.000132524 0.0845046 0.171413 0.227499 0.0180161 0.00657508 0.00145232 0.000266643 0.0312808 0.0142311 0.00172198 0.000870005 0.229945 0.000551618 0.0702994 8.60941e-07 0.00341963 0.00040065 0.0294878 0.0716245 
0.00980012 0.000607568 0.000798547 0.0204061 0.00114339 0.00292422 0.0261349 7.12037e-06 1.2002e-08 0.000962039 0.000109545 2.9959e-07 0.000550087 1.65791e-06 0.826578 4.2144e-06 0.00495987 0.00229812 0.0014345 0.0020733 0.0409091 0.0582978 
0.0092911 0.0641517 0.000699603 0.0308114 0.0360846 0.10498 0.121004 0.00209088 3.12433e-08 0.00153355 0.0414858 0.000208807 0.000148233 0.208851 0.290436 5.38377e-06 0.00467831 3.13276e-10 0.000323839 0.00152229 0.0523551 0.029338 
0.0382483 0.145639 0.00112315 0.0167624 0.12026 0.0823976 0.099093 0.00445181 3.55032e-05 0.00866763 0.0733906 0.00365827 0.00318821 0.00991415 0.182246 0.00175908 0.020588 0.00107854 0.00567505 0.00285691 0.121852 0.0571159 
0.00294211 0.0197242 0.009857 0.0269984 0.0628733 0.00416325 0.0287035 2.63576e-05 9.45618e-09 0.00133209 0.220487 0.000377098 5.85725e-07 0.0835409 0.455081 3.58252e-07 0.0161939 0.000539212 0.012929 5.48126e-06 0.0121894 0.0420363 
0.00404365 0.0534094 5.07586e-05 0.0651549 0.0243889 0.0124441 0.00283738 0.00064755 0.0116672 0.0013834 0.001488 0.103804 0.00024992 0.0104934 0.667054 5.08739e-05 0.0195172 3.28039e-06 0.00108545 0.0001612 0.00752775 0.012538 
0.0364622 0.000986309 0.000698923 0.00825552 0.211196 0.0151703 0.00123007 8.94299e-07 5.09334e-06 2.15471e-05 0.0461983 0.000758825 0.000185099 0.00163674 0.537927 0.000591565 0.00408086 0.000370701 3.56164e-06 0.000995701 0.12171 0.0115146 
0.0230858 0.0207658 0.000415559 0.0744407 0.058487 0.0165065 0.129888 0.0105512 0.000230093 0.000230872 0.0145889 0.0125165 0.00709152 0.025993 0.299068 0.00766962 0.019179 3.04616e-07 0.0222954 0.00193388 0.14435 0.110713 
0.0037558 0.000580418 0.000154265 0.0721647 0.00668939 0.0156472 0.0402963 0.000252003 0.0393988 0.000219917 9.63505e-05 0.0103183 8.28972e-07 0.000123063 0.595032 1.90849e-05 0.162426 6.37058e-07 0.000498885 9.1185e-05 0.0473842 0.00485098 
0.0130389 0.00561707 2.22946e-06 0.000664118 0.0695563 0.181679 0.200749 9.9609e-05 3.54383e-11 3.17696e-06 0.138065 0.000527711 0.000123722 0.00132677 0.318974 1.18869e-07 0.00852794 1.37099e-07 2.48487e-06 0.000161215 0.0602451 0.000636304 
0.00613436 0.06033 5.74789e-07 0.0076161 0.0409646 0.0235246 0.0363044 0.00565755 7.37722e-08 1.54855e-05 0.0352316 0.000325945 0.000151776 0.00100166 0.726923 4.01784e-05 0.00608023 1.00157e-07 0.000144591 4.74844e-07 0.00546379 0.0440887 
0.00228551 0.000720955 0.000217098 0.013054 0.00520562 0.0153771 0.111261 1.21118e-05 0.000163211 3.7623e-05 0.00195236 0.00033326 1.86532e-06 8.6204e-05 0.760903 7.76025e-05 0.00969593 4.9901e-05 0.00183372 6.80133e-05 0.0711202 0.00554401 
0.0100093 0.0117152 0.000258691 0.0364739 0.00827058 0.00755055 0.0230794 0.00760406 3.15343e-06 0.00312101 0.0417931 3.70246e-05 9.19261e-05 0.000549121 0.821967 0.0012473 0.0115125 0.000479928 6.05976e-05 0.000449258 0.00416951 0.00955719 
0.00229982 0.00524004 1.57087e-05 0.00331786 0.115185 0.0331713 0.00227482 0.129708 2.51076e-05 7.78753e-06 0.151838 0.00386053 0.00520871 0.00384915 0.45592 0.00255427 0.000659052 9.67777e-05 0.000172546 0.00516368 0.0285581 0.0508728 
0.015884 0.0487817 0.00222244 0.0845969 0.00612647 0.141237 0.00546067 0.0395355 3.92801e-05 5.91127e-05 0.129725 0.000430152 0.00823221 0.0719609 0.235089 0.00103443 0.00409827 1.16451e-06 0.0121635 0.00534081 0.0326143 0.155367 
0.00651387 0.000369547 0.0218639 0.0514364 0.00109114 0.00454402 0.0349152 2.12231e-05 2.63039e-05 0.00127787 0.000264317 4.31887e-07 0.000288758 2.45673e-05 0.665811 0.000117937 0.00505275 0.00378028 0.00267613 0.010916 0.0335199 0.155488 
0.00266627 0.0458538 6.17875e-05 0.00632874 0.0235188 0.300971 0.0846625 0.00362452 5.46165e-05 0.000158613 0.0137534 0.00103761 0.00185571 0.0172167 0.415374 6.85848e-05 0.0103844 8.47075e-05 0.00366983 0.00034404 0.0648917 0.00341796 
0.020896 0.139656 0.00645117 0.0477625 0.125863 0.082442 0.116372 0.00494484 0.000195986 0.000378254 0.0167598 0.000779115 0.000721555 0.00415803 0.236606 0.000439845 0.0435132 0.000285709 0.00840406 0.00128334 0.108479 0.033608 
0.0124861 0.00236837 0.000304032 0.0202331 0.0422616 0.052223 0.0291999 0.00557551 0.001322 6.65831e-05 0.0413009 0.00133475 7.15883e-05 0.00103868 0.766954 9.96124e-07 0.00910252 1.46877e-09 3.52603e-05 0.000175146 0.00590451 0.00804146 
0.000200854 0.0319678 1.29994e-05 0.178752 0.0476354 0.0505603 0.0344363 0.00286586 0.000220416 0.00017941 0.107103 0.000108703 5.62581e-05 0.0833273 0.344648 1.28447e-06 0.0254275 4.67656e-08 7.33531e-05 0.00796723 0.00595015 0.0785052 
0.0305551 0.0050258 0.000158853 0.146406 0.0619953 0.0873316 0.0399885 0.00546416 0.00721981 0.00221032 0.0148683 0.00371118 4.90491e-05 0.00839411 0.392318 0.000183704 0.108379 0.00267105 0.00397697 0.000361901 0.0385158 0.0402155 
0.029782 0.00532369 0.171773 0.212377 0.0103157 0.065401 0.0153218 2.85152e-05 6.14698e-06 8.4456e-05 0.0356485 0.000332145 8.29665e-09 0.0199748 0.292901 0.000231863 0.000494607 1.06854e-08 0.00186004 0.0257466 0.0451568 0.0672411 
0.000118598 0.000374413 5.7022e-05 0.00613764 0.0178416 0.0117268 0.00557194 3.36112e-09 1.69946e-08 9.77387e-09 0.036912 1.40994e-05 6.01283e-05 2.66294e-05 0.672103 1.72463e-08 6.49697e-06 0.246419 2.15286e-09 4.81486e-05 5.5238e-07 0.00258198 
0.00404365 0.0534094 5.07586e-05 0.0651549 0.0243889 0.0124441 0.00283738 0.00064755 0.0116672 0.0013834 0.001488 0.103804 0.00024992 0.0104934 0.667054 5.08739e-05 0.0195172 3.28039e-06 0.00108545 0.0001612 0.00752775 0.012538 
0.00294847 6.22942e-05 2.24244e-05 0.00822058 0.0264234 0.00315291 0.000274188 5.48893e-06 7.91765e-08 3.79611e-05 0.0221967 0.000220763 9.42987e-08 0.000162036 0.930721 3.36578e-07 0.000329824 3.71767e-10 5.0583e-06 1.30588e-06 0.000912537 0.00430298 
0.0209774 0.0706948 0.000293091 0.135706 0.0893489 0.115732 0.0534594 0.00437974 2.60483e-07 2.51024e-06 0.00805558 0.000591674 1.63712e-05 0.00115412 0.371771 5.12632e-05 0.0149298 4.03214e-10 0.0022282 0.00224461 0.0661375 0.0422252 
0.000306837 3.14014e-05 2.88118e-05 0.000871836 0.000554386 0.00159091 0.00414417 2.22589e-06 7.7462e-05 3.42753e-05 4.3507e-06 0.000198881 1.21053e-09 1.49305e-08 0.975171 9.23228e-06 0.00299629 2.72089e-11 8.90042e-05 4.78132e-06 0.0128991 0.000984659 
0.00582863 0.00559655 0.000927744 0.0519928 0.0140422 0.268801 0.037974 0.0408298 4.79728e-05 0.000303399 0.0639186 0.000517092 5.29961e-06 0.00518202 0.392833 1.02058e-05 0.0139282 1.74246e-06 0.00446613 0.000764989 0.0838887 0.00814005 
0.0828499 0.03015 0.00021948 0.0193029 0.0936332 0.187953 0.024321 0.0121979 4.18496e-08 8.9416e-06 0.126758 0.000763253 0.000882932 0.00440026 0.27483 0.00196018 0.059468 8.80908e-05 0.000203315 0.000724182 0.020414 0.0588719 
0.0053129 0.0514813 0.000311875 0.205389 0.0213239 0.0970295 0.0407193 0.0161443 5.51288e-05 0.0151014 0.0401783 0.00174551 0.00018443 0.115903 0.339904 0.00956381 0.00252064 3.29163e-08 0.000157191 0.00156059 0.0125637 0.0228495 
0.00554224 0.0166583 1.81584e-05 0.00141381 0.0272785 0.0581727 5.8966e-07 1.07765e-05 9.95026e-11 1.45304e-07 0.00187113 1.59351e-06 0.0018123 0.0149939 0.850384 2.05472e-07 0.0206155 1.35089e-10 5.63489e-07 4.83799e-11 0.000990178 0.000235582 
0.0165592 0.0154668 0.000260488 0.0993831 0.0625692 0.0266867 0.0269131 2.15325e-05 0.000120244 0.00049424 0.0486177 0.0053558 0.0435514 0.00429591 0.552762 1.38862e-05 0.0226334 0.00132469 0.00460748 0.000301813 0.0396647 0.0283967 
0.013162 0.00332957 1.32116e-08 0.00123593 0.0300981 0.00731057 0.0312257 8.11338e-09 1.79448e-06 2.91079e-05 0.0351101 5.00437e-08 1.22433e-07 2.84287e-07 0.832701 2.75551e-05 0.00967875 6.85493e-08 0.0015058 0.00155642 0.0295154 0.00351155 
0.0434061 0.0304495 0.0153747 0.11249 0.0271694 0.0236678 0.0740236 0.00246101 1.57054e-06 0.000139711 0.0667095 0.000278723 0.000239973 0.00589708 0.348277 0.00059113 0.00183008 2.12159e-07 0.000938308 0.049137 0.0741224 0.122795 
0.014859 0.0293686 0.0419205 0.0736628 0.0239517 0.0945336 0.106629 0.0150729 3.55176e-06 0.000228611 0.152653 1.413e-05 0.000175146 0.0310622 0.31471 0.0263775 0.000885632 1.14613e-08 0.000185782 0.0116655 0.0292258 0.032815 
0.0173287 0.0237595 0.0400613 0.180334 0.0297839 0.00848951 0.030668 0.000154667 2.05674e-07 0.00286749 0.0236311 1.27676e-07 0.00184892 0.0219672 0.528472 2.0872e-07 0.0309234 2.79233e-07 0.00529745 0.000226359 0.0213682 0.0328165 
0.0448305 0.00649709 0.0267293 0.0362151 0.00962156 0.0566037 0.0101286 0.0360417 1.7698e-07 8.04365e-05 0.191011 0.00419238 0.00287949 0.00121514 0.482371 0.000251929 0.00183311 3.96363e-09 0.0143796 0.0048782 0.0193488 0.0508918 
0.0271697 0.0557878 0.000182054 0.0226732 0.0639922 0.0570908 0.0628169 0.00147308 1.78674e-06 0.00547177 0.0257093 0.000473176 0.0124479 0.00214993 0.324893 0.0115425 0.0305565 0.0255587 0.00303456 9.40448e-05 0.218603 0.0482785 
0.0438554 0.00519824 0.000706858 0.0698893 0.0710643 0.124409 0.0293006 6.03021e-06 9.50308e-07 0.00303472 0.140125 8.19587e-07 1.30824e-05 0.00199018 0.398155 0.00173129 0.00227018 1.33967e-06 0.00144401 0.00353159 0.0157808 0.0874905 
0.00520126 0.0133385 0.000121514 0.0147986 0.0633636 0.158105 0.00830736 0.0109086 0.00922326 0.000557757 0.018063 0.00212948 4.80288e-05 0.148898 0.416035 1.29364e-05 0.041032 5.65315e-06 0.000241416 0.00167917 0.0863825 0.00154703 
0.0217142 4.8673e-07 0.000462798 0.000643914 0.0965647 0.0174192 0.00749728 1.37697e-10 0.000666964 2.20665e-07 0.0020853 6.83498e-06 0.000179574 1.14797e-06 0.845615 7.0654e-10 4.71669e-07 9.45233e-10 8.81976e-11 3.38518e-10 0.00103703 0.00610465 
0.0129789 4.43606e-05 0.00021149 0.0123134 0.0328069 0.00778445 0.00500572 0.0102714 6.97136e-08 1.4767e-05 0.204324 2.24492e-05 2.95543e-06 0.000362832 0.702158 7.07461e-08 0.000409431 9.46465e-08 1.77259e-07 0.000571899 0.0105673 0.000148807 
0.00327861 0.0263608 0.00192795 0.223832 0.00935262 0.046218 0.0173282 0.000106147 6.07918e-09 6.7747e-05 0.032944 0.000979619 6.40832e-09 0.0313016 0.411804 1.25252e-07 0.0104522 5.24487e-05 0.000228094 0.000251795 0.146508 0.0370052 
0.0253684 0.0339387 6.36565e-05 0.0182661 0.137674 0.108401 0.0518104 0.00157322 8.29579e-06 0.000255917 0.0446643 0.00965361 0.000438626 0.0217162 0.433094 0.00210099 0.00289819 0.0169589 0.00295112 0.00197414 0.051267 0.0349227 
0.0325562 0.0832429 0.00305897 0.0127888 0.0766469 0.108555 0.00846089 0.00100762 1.30556e-07 7.93645e-06 0.00942137 0.000184333 0.000970689 0.00674591 0.62919 0.00026445 0.00911948 2.73182e-10 0.000442538 1.66224e-06 0.00761853 0.0097153 
0.00151273 0.099478 9.79295e-05 0.0408759 0.0532583 0.20556 0.0392835 0.102458 6.06195e-08 0.000255799 0.0550855 0.000457345 0.00225514 0.0998909 0.220914 0.00047577 0.00267491 4.02099e-10 0.000320504 0.000771827 0.00722842 0.0671455 
0.00324035 0.0197854 1.45778e-10 0.0113515 0.0415315 0.0642875 0.0224963 8.17154e-05 0.000320966 3.34642e-05 0.00105311 0.00940232 0.000274538 0.358174 0.416845 7.94251e-06 0.0347565 0.00387024 2.08625e-05 2.13319e-05 0.0087265 0.00371938 
0.0175513 0.0394419 0.0015394 0.146158 0.0241728 0.117574 0.0257414 0.0182062 9.56595e-05 0.141564 0.0277499 0.000819232 0.00865937 0.0756107 0.210804 0.000771669 0.024195 7.49616e-10 6.59776e-05 0.0558941 0.0335281 0.0298564 
0.0473079 0.0733973 0.00108047 0.0699873 0.0495347 0.0215669 0.145466 5.5716e-05 2.73403e-08 2.56366e-08 0.0347441 0.00390729 4.3961e-06 0.000128204 0.280735 0.000150494 0.029448 6.76052e-11 0.000465883 9.15146e-05 0.205122 0.0368068 
0.000306837 3.14014e-05 2.88118e-05 0.000871836 0.000554386 0.00159091 0.00414417 2.22589e-06 7.7462e-05 3.42753e-05 4.3507e-06 0.000198881 1.21053e-09 1.49305e-08 0.975171 9.23228e-06 0.00299629 2.72089e-11 8.90042e-05 4.78132e-06 0.0128991 0.000984659 
0.00404365 0.0534094 5.07586e-05 0.0651549 0.0243889 0.0124441 0.00283738 0.00064755 0.0116672 0.0013834 0.001488 0.103804 0.00024992 0.0104934 0.667054 5.08739e-05 0.0195172 3.28039e-06 0.00108545 0.0001612 0.00752775 0.012538 
0.00888298 0.0370695 5.04823e-06 0.0435622 0.0194403 0.0781896 0.0229325 0.012825 1.39306e-05 5.2685e-07 0.0899246 4.76758e-06 9.32528e-06 0.0644122 0.396044 0.00128612 0.0502064 0.000120163 0.0326789 0.000435039 0.134134 0.00782214 
0.0107796 0.02373 1.01639e-06 0.00541533 0.193742 0.138869 0.0248261 0.00852911 0.000146145 0.0169595 0.0203005 0.000141086 0.000156684 0.0697597 0.340362 0.000413838 0.00458503 0.020584 0.00373059 7.98608e-05 0.0775377 0.0393516 
0.0471789 0.0268417 9.0671e-05 0.00882805 0.0555437 0.0472357 0.0523181 0.00171612 4.20292e-07 6.46812e-05 0.0448956 0.000243832 0.000437296 0.00157772 0.605977 0.000760231 0.00782655 0.00560675 0.0133737 0.0017389 0.0337949 0.0439494 
0.00817676 0.115775 4.81035e-07 0.00538832 0.038296 0.0555142 0.0139609 0.0821638 1.1332e-05 1.79028e-06 0.0268386 0.000657271 9.28736e-05 0.0562133 0.526307 2.34462e-05 0.0112259 1.10394e-08 8.77407e-05 7.38656e-07 0.0506334 0.00863172 
0.00261406 0.0562917 0.000178161 0.0814272 0.041434 0.164961 0.0157258 0.0233996 0.000162136 0.123715 0.0475677 0.00140144 0.0148302 0.110568 0.180967 0.00132093 0.02654 1.50038e-10 0.000112485 0.01527 0.0574668 0.0340464 
0.00590468 0.00118357 4.58091e-08 0.00795698 0.0408796 0.0617037 0.0447275 2.0547e-05 6.63983e-06 1.2546e-06 0.224096 1.42359e-06 1.95853e-05 0.0267667 0.542344 8.6052e-08 0.00288517 1.15123e-07 0.000184283 0.00282111 0.0115801 0.0269163 
0.102451 0.00801407 3.76743e-05 0.0208941 0.127488 0.0328372 0.0466432 0.00211013 4.54009e-08 0.000711887 0.063774 0.00514029 7.58687e-05 0.000186893 0.474992 2.93688e-05 0.00059588 6.16385e-08 0.000129383 0.0243082 0.0367545 0.0528251 
0.00404365 0.0534094 5.07586e-05 0.0651549 0.0243889 0.0124441 0.00283738 0.00064755 0.0116672 0.0013834 0.001488 0.103804 0.00024992 0.0104934 0.667054 5.08739e-05 0.0195172 3.28039e-06 0.00108545 0.0001612 0.00752775 0.012538 
7.18153e-05 0.0188333 7.80095e-08 7.64041e-06 0.00405239 0.118677 0.0132225 1.31945e-06 3.49582e-10 2.01051e-10 0.00634673 2.17009e-10 0.000157571 0.000202321 0.793288 3.5476e-10 2.76662e-06 4.74609e-10 1.38369e-05 1.69973e-10 0.0451229 8.85644e-08 
0.0106954 0.118109 0.000382848 0.0295273 0.0167412 0.0117264 0.0676176 0.000179989 3.82586e-06 0.00202579 0.182755 8.75813e-05 0.000174629 0.000741522 0.428723 0.000176923 0.00180519 1.27539e-05 0.0196327 0.00121464 0.0781438 0.0295224 
0.00875499 0.00267409 0.000336425 0.0215088 0.0116501 0.0196788 0.0184771 0.00422733 1.82818e-06 0.000179398 0.0862217 1.76999e-05 2.30252e-05 0.000648929 0.800898 0.000883659 0.00403963 9.19746e-07 3.33064e-05 0.000758671 0.0120048 0.00698052 
0.0181529 0.00650631 0.0341469 0.192869 0.116675 0.0471024 0.0442395 0.000281355 6.1331e-06 0.0659289 0.0108495 0.0289883 0.0102567 0.0933776 0.250654 0.00163875 0.00460412 2.91927e-09 0.00501368 9.82718e-06 0.0609213 0.00777669 
0.00307469 0.00619512 0.00111362 0.0152195 0.00877249 0.0387917 0.0333577 0.00107258 8.56808e-05 0.00111141 0.000869854 0.00108441 0.000190762 0.000991139 0.78557 0.000257384 0.00983738 7.40969e-11 0.00268411 3.59642e-05 0.0774589 0.0122256 
0.0195 6.05269e-06 8.64812e-07 0.111897 1.20344e-05 0.0147888 0.00790755 5.41561e-06 0.00120407 2.32423e-05 0.0104813 0.00119927 1.68751e-06 8.76482e-05 0.816898 0.000930142 0.00226969 2.17337e-06 5.83207e-05 1.21567e-05 0.0072961 0.00541895 
0.00520126 0.0133385 0.000121514 0.0147986 0.0633636 0.158105 0.00830736 0.0109086 0.00922326 0.000557757 0.018063 0.00212948 4.80288e-05 0.148898 0.416035 1.29364e-05 0.041032 5.65315e-06 0.000241416 0.00167917 0.0863825 0.00154703 
0.0525347 0.0105641 0.000147332 0.0243994 0.103214 0.0405225 0.00898626 0.00168359 2.1393e-07 1.59388e-05 0.0205732 0.000639019 0.00102255 0.000941865 0.683945 6.88509e-05 0.00790898 2.90442e-07 2.34138e-05 0.0263562 0.00366758 0.0127845 
0.00127145 0.0130339 4.60656e-07 0.0156453 0.128381 0.138534 0.0535883 9.73882e-05 0.00171126 3.66747e-05 0.0128454 0.000596022 2.61377e-05 0.0342946 0.366293 2.92929e-06 0.0301562 4.18442e-06 8.05663e-05 2.5318e-05 0.167912 0.0354636 
0.0287225 0.0945626 0.000943749 0.0233766 0.119665 0.153961 0.108447 0.00681591 0.000188033 0.00201574 0.032052 0.004272 0.00251891 0.0248961 0.159085 0.00102949 0.052347 0.000693622 0.0127653 0.00400247 0.123266 0.0443736 
0.076708 0.0249555 0.00283935 0.0988037 0.0722188 0.176801 0.0406617 1.30406e-05 1.54776e-05 6.98822e-05 0.0886142 0.00520011 1.70744e-05 0.000628275 0.255371 0.0005948 0.0198533 3.90528e-05 0.000449442 0.00473615 0.105012 0.0263978 
0.000306837 3.14014e-05 2.88118e-05 0.000871836 0.000554386 0.00159091 0.00414417 2.22589e-06 7.7462e-05 3.42753e-05 4.3507e-06 0.000198881 1.21053e-09 1.49305e-08 0.975171 9.23228e-06 0.00299629 2.72089e-11 8.90042e-05 4.78132e-06 0.0128991 0.000984659 
0.128643 0.0986762 0.0374844 0.0601013 0.0747737 0.112424 0.0801774 0.00223407 8.10502e-06 0.00195812 0.0325707 0.0188505 0.00713003 0.00864564 0.173101 0.00232642 0.0241905 0.00327806 0.00255345 0.00436134 0.0741484 0.0523634 
0.021448 0.0228796 0.000295945 0.129839 0.0705267 0.233915 0.0460573 0.0151938 6.77029e-07 0.000550331 0.0187891 0.0016301 0.00439308 0.00452613 0.332132 4.20954e-05 0.0148663 5.70789e-10 0.00122589 0.0046282 0.0274181 0.0496433 
0.113694 0.0113272 0.0188702 0.0804841 0.0430364 0.125194 0.03089 0.000178672 1.16558e-06 0.00246482 0.0770242 0.0129031 7.65712e-05 0.143441 0.191108 0.00191375 0.00507967 2.75408e-06 0.0224813 4.7434e-05 0.0473759 0.0724057 
0.0330808 0.00593335 0.00339195 0.0839796 0.03934 0.264711 0.0345421 7.20261e-05 2.97827e-05 0.00023658 0.132384 0.00666039 0.000322156 0.0011965 0.300762 0.000657807 0.00885489 7.06842e-06 0.0234151 0.00180917 0.0454956 0.0131176 
0.187979 0.00597004 0.000497249 0.0211838 0.101685 0.0780825 0.0199915 0.00145608 1.81755e-06 0.000316401 0.0214313 0.00327889 0.00337718 0.00330173 0.432439 0.00176339 0.0393757 4.73671e-08 0.000979683 0.0123385 0.0385281 0.0260231 
0.004448 0.01343 1.88634e-06 0.0869103 0.0510451 0.0697937 0.196013 0.0036527 9.95218e-07 0.000218167 0.0269411 0.00695665 0.00449799 0.0923971 0.205049 0.000272755 0.0363755 2.92195e-08 0.00324488 0.00325891 0.017087 0.178405 
0.0371636 0.00707521 4.94438e-05 0.00458728 0.0694679 0.120447 0.0104599 0.0240211 4.01922e-06 6.00519e-06 0.0539564 0.000180864 0.000647042 0.0307673 0.618934 1.42406e-05 0.00245751 1.00418e-07 2.82003e-05 0.000825158 0.0108433 0.00806409 
0.0132372 0.00243676 1.76596e-05 0.00696855 0.0497766 0.105457 0.0183708 0.0558071 3.63197e-07 3.72664e-06 0.240591 0.000325486 8.40717e-05 0.0157578 0.45518 6.15708e-07 0.000160773 0.000114136 1.56433e-05 0.00457074 0.0242838 0.00684099 
0.00120657 0.00120081 0.000110933 0.0117407 0.0234488 0.0427833 0.0140637 0.000104632 4.68238e-06 5.71221e-05 0.00987486 5.69912e-05 0.000828112 0.149853 0.60774 0.00339387 0.000788872 3.16789e-06 1.56745e-05 0.111648 0.0050605 0.0160149 
0.13206 0.0440353 0.000687537 0.0328489 0.0398226 0.0498833 0.149746 3.364e-05 3.04384e-05 0.00125655 0.0223631 1.41783e-05 0.00018335 0.00207031 0.278026 3.57719e-05 0.0749249 1.78879e-10 0.00218143 0.00244807 0.0919985 0.0753501 
0.00180667 0.0145109 1.32299e-05 0.0978994 0.017 0.252764 0.0359972 0.0205674 2.55007e-06 1.52393e-06 0.00685754 0.00030109 7.57044e-05 0.00414448 0.517234 0.000126768 0.000385955 4.1799e-06 0.00283851 0.00132335 0.0218313 0.00431396 
0.00371864 0.000621685 1.29231e-05 0.0523675 0.134726 0.163565 0.060909 0.00671844 0.0155026 0.00183723 0.0169373 0.00525394 3.85208e-05 0.0227249 0.38108 0.000586195 0.0506242 0.00232841 0.0102896 0.00013161 0.0360643 0.0339616 
0.00200047 0.00907871 0.00512526 0.0106875 0.00829757 0.0365868 0.00415765 0.014672 8.7826e-07 1.03869e-05 0.0561091 0.000284074 0.00131318 0.182577 0.56567 2.75915e-06 0.0135207 0.0325633 0.000633833 0.000144979 0.0421596 0.0144043 
0.0586558 0.024386 9.95147e-05 0.0261599 0.0516619 0.0282209 0.0498752 1.92669e-05 1.12468e-07 0.000431276 0.0215136 0.00389097 0.00272135 0.0061615 0.551392 0.000307883 0.00343478 1.52691e-07 0.000165698 0.031192 0.0309825 0.108728 
0.000306837 3.14014e-05 2.88118e-05 0.000871836 0.000554386 0.00159091 0.00414417 2.22589e-06 7.7462e-05 3.42753e-05 4.3507e-06 0.000198881 1.21053e-09 1.49305e-08 0.975171 9.23228e-06 0.00299629 2.72089e-11 8.90042e-05 4.78132e-06 0.0128991 0.000984659 
0.00299488 0.00426199 0.00165968 0.215913 0.089654 0.0329929 0.0408213 0.000405626 0.072346 0.000630927 0.00376726 0.0405336 0.00047159 0.00844967 0.222263 0.00164123 0.0917916 4.03552e-10 0.0161869 0.000277583 0.057023 0.0959141 
0.000306837 3.14014e-05 2.88118e-05 0.000871836 0.000554386 0.00159091 0.00414417 2.22589e-06 7.7462e-05 3.42753e-05 4.3507e-06 0.000198881 1.21053e-09 1.49305e-08 0.975171 9.23228e-06 0.00299629 2.72089e-11 8.90042e-05 4.78132e-06 0.0128991 0.000984659 
0.00980012 0.000607568 0.000798547 0.0204061 0.00114339 0.00292422 0.0261349 7.12037e-06 1.2002e-08 0.000962039 0.000109545 2.9959e-07 0.000550087 1.65791e-06 0.826578 4.2144e-06 0.00495987 0.00229812 0.0014345 0.0020733 0.0409091 0.0582978 
0.0698063 0.00714267 0.000284912 0.0258184 0.00536166 0.0188478 0.0118818 1.03328e-06 7.0385e-07 0.000154067 0.0452703 6.08771e-09 2.76422e-06 0.0121966 0.689377 1.0207e-05 1.89458e-09 1.33141e-08 1.34578e-06 0.0170629 0.0121648 0.0846141 
0.00575345 0.00308632 2.81045e-07 0.00158733 0.0094512 0.0266804 0.00256255 0.00633077 1.19667e-09 8.30642e-07 0.0289151 1.76244e-05 1.63464e-06 0.137832 0.769296 2.16774e-06 0.000225746 1.33372e-07 5.445e-07 5.96127e-05 0.00695993 0.00123669 
0.00178023 0.000504267 0.000124261 0.000771649 0.00338282 0.00266001 0.0234813 2.65163e-07 6.13987e-10 5.24508e-07 0.210128 2.94717e-07 1.89202e-07 2.87415e-05 0.742308 6.2308e-10 0.000342997 8.33578e-10 1.25242e-07 0.000180174 0.0140014 0.000305065 
0.00980012 0.000607568 0.000798547 0.0204061 0.00114339 0.00292422 0.0261349 7.12037e-06 1.2002e-08 0.000962039 0.000109545 2.9959e-07 0.000550087 1.65791e-06 0.826578 4.2144e-06 0.00495987 0.00229812 0.0014345 0.0020733 0.0409091 0.0582978 
0.0297175 0.0491471 0.00489982 0.0201496 0.0530656 0.0659429 0.0975047 0.000234097 4.9119e-05 0.00483473 0.00642356 0.0026786 0.000257321 0.00711233 0.362883 0.000101865 0.014926 8.06986e-08 0.0263999 0.00019266 0.236049 0.0174306 
0.0235595 0.0222531 0.000337626 0.0741017 0.0242633 0.122457 0.0699969 1.30399e-05 8.84472e-07 0.00116602 0.178453 0.00152852 0.00173575 0.123345 0.229959 0.000245436 0.00531838 3.55007e-07 0.0137724 0.0378743 0.0153056 0.0543134 
0.0727538 0.0249794 0.000195659 0.00797772 0.062852 0.0377767 0.0459734 0.0013341 1.61154e-06 6.02699e-05 0.063657 0.000491196 0.000343994 0.00120513 0.500212 0.000805614 0.00575447 0.00435642 0.00859522 0.0052645 0.11192 0.0434897 
0.000993651 0.000826868 0.000224967 0.0174446 0.00390208 0.0248098 0.000494395 0.00710391 0.00141975 6.12778e-06 0.00792639 0.000595224 3.40889e-06 0.000278235 0.893487 0.000474451 0.00170889 1.30686e-09 0.00736309 1.33035e-05 0.0152563 0.0156674 
0.00258444 0.0219691 3.42252e-05 0.00148317 0.227558 0.0658514 0.0191344 0.00158427 9.23258e-07 2.5947e-05 0.00959205 0.0010401 2.54405e-05 0.015554 0.604351 0.000336234 0.00162428 0.00451797 6.20005e-05 3.64141e-05 0.0170367 0.00559818 
0.013036 0.0836322 0.000624261 0.0212976 0.0529414 0.10338 0.0696725 0.0137058 1.42553e-06 0.000772143 0.216511 6.44999e-05 0.00553771 0.0134456 0.348884 8.40125e-05 0.0107473 8.94763e-09 0.00384453 0.00155715 0.0291995 0.0110603 
0.0297478 0.00320345 0.000371799 0.0293447 0.0213637 0.0454987 0.0116293 0.00417863 6.32686e-06 0.000122414 0.0793394 0.00169334 0.000389539 0.00256354 0.708169 0.003769 0.0180524 1.5927e-08 9.96418e-05 0.00716556 0.0278942 0.00539714 
0.000750666 0.0168873 1.94491e-05 0.00157081 0.0104855 0.0532385 0.0221313 0.00308344 2.39056e-07 0.000421093 0.00467257 1.44952e-06 0.00220677 0.00116411 0.519901 0.000163497 0.0147826 8.17783e-07 0.00682612 5.17335e-05 0.329691 0.0119497 
0.000657854 0.00950721 0.00136138 0.0805796 0.00333873 0.0774759 0.000138597 0.000293847 9.83808e-07 0.000197255 0.00384523 0.0743314 3.14779e-05 0.148276 0.550587 4.53308e-05 0.00235077 1.33567e-06 1.24628e-07 0.0320709 0.00121625 0.0136926 
0.00776092 0.00879012 2.48967e-06 0.0985327 0.046554 0.180413 0.100259 0.000462953 0.000271562 0.000586378 0.00394199 0.00750282 5.74836e-05 0.13726 0.317349 4.63426e-05 0.0170219 8.36436e-06 3.21748e-05 0.0188131 0.0379781 0.0163555 
0.000165771 0.00159705 7.97763e-06 0.0549501 0.00753398 0.0658344 0.0137359 3.69161e-05 3.8027e-05 1.0962e-05 0.15165 0.000528589 7.43188e-05 9.96025e-05 0.693002 3.45259e-08 2.44736e-05 4.61899e-08 5.1361e-05 0.000173995 0.00399943 0.00648502 
0.00551172 0.0163849 0.000550922 0.0031996 0.039257 0.106865 0.0113861 0.0501542 5.53768e-08 1.29628e-05 0.0303047 0.00013736 0.000860528 0.00598507 0.66485 6.32699e-05 0.0146529 4.18138e-06 0.00048913 0.000214428 0.0450156 0.00410066 
0.0578892 0.0482789 0.000124986 0.00174247 0.0714298 0.0132786 0.0624575 2.56888e-05 1.44697e-09 1.20468e-05 0.0212218 1.89234e-08 0.0118669 9.80909e-05 0.302953 0.0345963 0.0226816 0.0345173 0.000188765 0.000104423 0.258168 0.0583639 
0.00793233 0.00308732 0.00452452 0.123375 0.025738 0.0240366 0.00882968 2.7905e-05 2.00924e-06 0.000444165 0.0560376 0.00143889 0.000634583 0.0134421 0.654498 0.000503491 0.00219845 8.33888e-06 0.00151865 0.00558637 0.0196192 0.0465171 
0.0870552 0.0741998 6.87816e-06 0.0101282 0.0763694 0.103008 0.0430626 0.000117261 1.0864e-06 0.00210153 0.031203 0.000219026 0.000109046 0.0361863 0.369269 7.81056e-05 0.0250466 2.8477e-05 0.028848 0.00016272 0.0643597 0.0484408 
0.0596302 0.135511 0.000205285 0.0237857 0.0561086 0.067131 0.146541 0.00488274 2.77667e-05 0.00652898 0.0106727 0.000588257 0.00380572 0.0052466 0.27043 0.000147746 0.0251075 1.84461e-05 0.0101338 0.00153806 0.127028 0.0449301 
0.0106992 0.0926129 0.00183064 0.0774114 0.0176026 0.133658 0.0573834 0.0031666 8.28737e-09 0.000409264 0.00788265 0.000674431 0.00165647 0.143693 0.239683 0.00053833 0.00401213 2.2802e-05 0.0173917 0.00068427 0.0793346 0.109652 
0.00561019 0.0247322 0.00155105 0.10706 0.0113189 0.0158295 0.000617989 8.15336e-05 4.54577e-06 6.04069e-08 0.0572189 5.68101e-05 2.53676e-06 0.00122629 0.542388 1.21748e-06 0.00760829 1.29283e-10 0.0476393 3.75072e-05 0.0811391 0.0958764 
0.0170493 0.000858135 5.37031e-05 0.0234153 0.0865032 0.0373158 0.0135103 0.0104463 2.51747e-06 2.8372e-05 0.11206 7.33614e-05 6.89497e-05 0.00573613 0.537576 2.18707e-05 0.000968216 2.62313e-07 0.00456859 0.000189439 0.0897085 0.0598465 
0.107347 0.0433478 9.24779e-08 0.000637686 0.121938 0.049869 0.102061 5.40655e-06 6.70636e-06 2.31423e-05 0.106347 0.00106795 2.99349e-05 0.00676809 0.342505 6.03094e-07 0.00646459 1.90633e-07 0.00163487 0.0270988 0.0569496 0.0258968 
0.00428964 0.0276863 0.00400696 0.0168793 0.0549775 0.0881549 0.00742284 0.00241638 2.12059e-07 3.06144e-05 0.0184549 0.00186549 0.000283501 0.115765 0.420144 0.000688174 0.0297657 2.29182e-07 0.0162631 0.000447386 0.173199 0.0172594 
0.00980012 0.000607568 0.000798547 0.0204061 0.00114339 0.00292422 0.0261349 7.12037e-06 1.2002e-08 0.000962039 0.000109545 2.9959e-07 0.000550087 1.65791e-06 0.826578 4.2144e-06 0.00495987 0.00229812 0.0014345 0.0020733 0.0409091 0.0582978 
0.162848 0.0193847 0.000198054 0.0329351 0.044922 0.0376077 0.0793253 3.75754e-06 1.03801e-07 0.00113774 0.0341905 3.55598e-06 0.00803995 0.00195541 0.484288 0.000938111 0.00451997 2.22995e-10 0.000980191 0.00820627 0.0137097 0.0648056 
0.00980012 0.000607568 0.000798547 0.0204061 0.00114339 0.00292422 0.0261349 7.12037e-06 1.2002e-08 0.000962039 0.000109545 2.9959e-07 0.000550087 1.65791e-06 0.826578 4.2144e-06 0.00495987 0.00229812 0.0014345 0.0020733 0.0409091 0.0582978 
0.0375603 0.00712254 0.0274527 0.0398753 0.0105732 0.0651754 0.0111041 0.0386885 8.61782e-08 9.71601e-05 0.197759 0.00256913 0.000590761 0.00147054 0.479326 0.000292995 0.00217311 1.45941e-09 0.0140421 0.00126557 0.0226789 0.040182 
0.0469454 0.0181769 5.64723e-05 0.0512446 0.0484585 0.0733 0.198482 0.000195959 3.02183e-07 0.000118231 0.0377367 8.94932e-05 0.000121805 0.104695 0.201928 0.0076301 0.00706744 1.39835e-07 0.015455 0.0140761 0.0786987 0.0955233 
0.0133206 0.0244377 3.31013e-07 0.0708808 0.0323794 0.0851677 0.0340702 9.84807e-08 1.0719e-06 4.40419e-07 0.126341 0.00263659 3.55969e-05 0.00374077 0.362768 0.00411876 0.0258908 6.89695e-10 0.0324888 0.0500273 0.0903414 0.0413525 
0.00180667 0.0145109 1.32299e-05 0.0978994 0.017 0.252764 0.0359972 0.0205674 2.55007e-06 1.52393e-06 0.00685754 0.00030109 7.57044e-05 0.00414448 0.517234 0.000126768 0.000385955 4.1799e-06 0.00283851 0.00132335 0.0218313 0.00431396 
0.0182518 0.0202043 0.00521499 0.0883755 0.0305361 0.0810578 0.15434 0.000365297 0.000252566 0.00766777 0.0018396 0.00126568 0.000218633 0.00563035 0.236709 0.00066521 0.115566 2.0762e-05 0.0157503 0.00150968 0.131643 0.0829149 
0.00010121 0.0190439 6.08969e-06 3.27506e-05 0.0514834 0.133808 0.0367053 0.0003427 7.91796e-05 0.000202602 0.048003 2.98754e-07 0.00571344 0.0031793 0.419302 2.3515e-10 0.18801 3.14592e-10 0.000869865 1.66158e-09 0.0897155 0.00340203 
0.011383 0.00167768 2.79404e-08 0.0136934 0.285889 0.00454708 0.0196538 1.0229e-08 5.17199e-08 3.21156e-07 0.0222974 0.00068859 5.45202e-08 1.99884e-06 0.480265 0.00095368 0.0164907 7.02174e-08 2.92234e-06 0.00143853 0.085628 0.0553892 
0.0223216 0.0877323 6.85755e-06 0.00880256 0.209256 0.0639288 0.0695543 0.00759819 0.00139746 7.23033e-05 0.097524 0.00616119 0.000478864 0.0322153 0.272453 7.52673e-05 0.0493479 0.00335186 0.000328701 0.00386935 0.055822 0.00770274 
0.025195 0.0152104 0.00852444 0.0984719 0.059617 0.0387432 0.0860726 8.37379e-06 2.53276e-06 0.00180329 0.0686015 0.00437787 0.0046834 0.00291142 0.220463 0.00208323 0.0166404 1.25654e-06 0.0580933 0.0018341 0.146887 0.139775 
0.00795464 0.0361199 0.000161319 0.00453297 0.098098 0.0199659 0.00201684 0.00506025 1.31112e-06 2.61589e-07 0.0287194 0.00105224 0.0246011 0.0465097 0.619162 2.45875e-09 0.0168634 4.4327e-07 0.000138569 0.00466388 0.0783755 0.0060026 
0.0382557 0.0375733 1.7959e-05 0.00973569 0.0433365 0.000414646 0.0712263 0.000289189 2.96077e-05 3.51725e-07 0.00518502 0.000411775 9.17268e-06 0.000435208 0.51328 0.0154065 0.00309595 2.55461e-09 1.26375e-07 0.0367309 0.0413135 0.183253 
0.00261992 0.0197565 0.000419902 0.00457696 0.0176591 0.035848 0.0297017 0.0015276 5.2384e-05 0.000131898 0.00204141 0.00105578 0.000210557 0.00192659 0.776522 0.00151911 0.0132733 0.000128302 0.000249211 0.00058194 0.0639277 0.02627 
0.00151273 0.099478 9.79295e-05 0.0408759 0.0532583 0.20556 0.0392835 0.102458 6.06195e-08 0.000255799 0.0550855 0.000457345 0.00225514 0.0998909 0.220914 0.00047577 0.00267491 4.02099e-10 0.000320504 0.000771827 0.00722842 0.0671455 
0.00980012 0.000607568 0.000798547 0.0204061 0.00114339 0.00292422 0.0261349 7.12037e-06 1.2002e-08 0.000962039 0.000109545 2.9959e-07 0.000550087 1.65791e-06 0.826578 4.2144e-06 0.00495987 0.00229812 0.0014345 0.0020733 0.0409091 0.0582978 
0.000139938 0.0134782 7.56895e-09 0.00243805 0.0138964 0.0637639 0.023057 5.28046e-06 1.40107e-08 7.74356e-05 0.150427 0.000483112 1.47693e-08 0.017537 0.70953 5.57556e-05 0.00146866 6.43059e-05 2.08741e-07 0.00250371 8.59788e-05 0.000988659 
5.02118e-05 0.00562917 0.0012757 0.0106659 0.0113455 0.33107 0.00113893 0.00310086 5.59407e-09 9.47094e-06 0.0120132 1.09579e-05 0.000305701 0.0626586 0.480429 0.00263505 0.0211865 7.05089e-07 0.000386059 1.50972e-06 0.0384532 0.0176336 
0.00980012 0.000607568 0.000798547 0.0204061 0.00114339 0.00292422 0.0261349 7.12037e-06 1.2002e-08 0.000962039 0.000109545 2.9959e-07 0.000550087 1.65791e-06 0.826578 4.2144e-06 0.00495987 0.00229812 0.0014345 0.0020733 0.0409091 0.0582978 
0.000993651 0.000826868 0.000224967 0.0174446 0.00390208 0.0248098 0.000494395 0.00710391 0.00141975 6.12778e-06 0.00792639 0.000595224 3.40889e-06 0.000278235 0.893487 0.000474451 0.00170889 1.30686e-09 0.00736309 1.33035e-05 0.0152563 0.0156674 
0.00176659 0.00099095 9.88434e-05 0.143282 0.0821537 0.166044 0.0256102 0.000325871 0.00779159 0.00375015 0.0113357 0.0135213 4.16322e-06 0.1341 0.228387 9.23008e-07 0.0281729 1.20762e-07 0.0518135 0.000177645 0.0316304 0.069042 
