0.187259 0.00812793 0.000425413 0.0281995 0.0889808 0.107118 0.0326878 2.93214e-05 4.67702e-05 0.000989736 0.039334 0.00167836 0.000101059 0.000301707 0.00602759 3.56408e-05 0.451121 8.30694e-06 0.00611011 0.014121 0.020501 0.00679599 
0.00792152 0.0113494 0.000224449 0.0327386 0.071619 0.135204 0.0921706 8.06692e-07 1.35957e-05 0.0011611 0.00382009 0.0173199 9.90473e-08 0.000762692 0.028546 0.00330404 0.286926 2.05589e-10 0.000565672 0.0334094 0.153028 0.119915 
0.00160937 0.00115329 0.000108954 0.14198 0.00165006 0.250311 0.128004 0.000252727 0.0044696 0.00856573 0.00444749 0.0160641 9.10927e-06 0.00134486 0.000877762 0.000149189 0.366773 6.96869e-07 0.00108261 0.000179107 0.0625582 0.00840808 
0.0193518 0.00266179 0.0011715 0.114315 0.101725 0.169749 0.201222 5.64565e-05 8.60667e-06 0.000171905 0.00831721 0.00353727 6.53099e-06 0.00272355 0.00708446 9.18041e-05 0.231609 8.57852e-06 0.00155211 0.000508458 0.104073 0.0300564 
0.0189078 0.00242834 7.04105e-05 0.209317 1.5419e-06 0.0180856 4.77306e-05 0.000141799 1.50782e-06 2.87854e-06 0.000130273 0.000153223 5.95177e-06 5.30521e-06 1.77177e-05 3.33787e-06 0.717782 7.24089e-08 3.40068e-07 7.64912e-07 0.0328902 6.0796e-06 
0.0248989 0.181044 0.00309481 0.0272468 0.0421565 0.0323474 0.0208617 0.0189811 0.0546477 0.00101544 0.0149925 0.0312978 0.000272622 0.00643838 0.0236721 0.000997903 0.385312 1.78683e-06 0.00709908 0.00537075 0.0824835 0.0357666 
0.00556534 0.00398613 2.2726e-06 0.0118266 0.0147251 0.00347102 0.00219693 9.60214e-06 1.54881e-06 1.98143e-06 0.00138693 0.00253002 6.13288e-07 0.000107728 0.000990224 9.44774e-05 0.920826 6.81626e-09 0.00421816 2.06217e-05 0.0213931 0.00664576 
0.00631577 0.0142207 0.000178565 0.264713 0.0671373 0.0979177 0.0734249 1.86418e-05 1.0914e-05 7.88646e-05 0.00169623 0.000810755 1.98047e-05 0.00604158 0.00351485 2.8905e-05 0.455704 0.00111446 0.00568049 0.000467083 0.000817772 8.82227e-05 
0.00380912 0.00753903 0.00303618 0.0381744 0.17016 0.0886458 0.0221267 3.99107e-05 5.55312e-06 0.000271654 0.226363 0.0143099 4.35113e-06 0.0012001 0.00290267 0.000811948 0.285747 9.3733e-08 0.0541993 0.000982413 0.0538943 0.025777 
0.0953081 0.0424302 9.23632e-06 1.02581e-05 0.11598 0.0493919 0.0484192 3.31497e-05 4.3105e-06 1.51406e-05 0.00484828 8.5729e-05 5.83051e-06 0.00187055 0.0223444 0.000239999 0.59725 1.19656e-06 0.0152749 0.000218755 0.0021825 0.00407569 
0.00445578 0.00576838 0.00879302 0.180107 0.106079 0.0341987 0.0502284 0.00016868 1.02755e-05 2.45272e-05 0.118035 0.0186929 0.00112937 0.00516579 0.0110182 0.000824083 0.236526 2.5482e-05 0.000817198 0.0282622 0.013161 0.176509 
0.0283608 0.0366809 2.33441e-05 0.0142889 0.184933 0.0730572 0.124974 3.58281e-05 4.51803e-06 1.01031e-05 0.0256505 0.0013502 5.88358e-07 0.00117407 0.0316093 0.000200234 0.439415 0.000126803 0.00413744 0.00141469 0.0160177 0.0165353 
0.00523508 0.277526 0.00386408 0.015722 0.010295 0.0351786 0.00226122 8.49435e-05 5.38874e-06 1.82485e-06 0.0192013 0.00113497 5.90405e-06 0.000968592 0.00365498 0.000235227 0.514037 4.05458e-12 0.00182211 0.000102658 0.105269 0.00339447 
0.0323996 0.0158935 7.3487e-05 0.0136583 0.192301 0.043264 0.102167 9.76121e-06 9.43314e-06 1.24287e-05 0.0191646 0.00161391 0.000147747 0.00556751 0.00299548 0.000231359 0.437595 8.40252e-08 0.0104495 0.00372453 0.0230563 0.0956655 
0.0216991 0.02675 4.51441e-05 0.102461 0.0839415 0.0585524 0.0898239 7.33216e-05 2.44008e-05 6.42874e-05 0.0194514 0.00221299 0.00012396 0.000820167 0.0287425 0.000269077 0.404871 4.88198e-07 0.00366827 0.00544069 0.137736 0.0132284 
0.0247903 0.0556706 4.45657e-05 0.18322 0.0296189 0.0269581 0.0958141 0.000116392 2.66341e-06 3.10428e-06 0.00414265 0.0020432 3.12754e-06 0.000470398 0.000940089 0.000859728 0.331647 3.33254e-08 0.000403453 0.000822764 0.200831 0.041598 
0.0320936 0.0275642 0.000443052 0.0565723 0.0145812 0.0333251 0.0449926 0.000680501 0.000212715 0.047649 0.0276883 0.113519 0.000112903 0.00153473 0.00119178 1.97059e-05 0.417189 5.78387e-09 0.00116978 0.0150752 0.0231885 0.141197 
0.0046578 0.0111335 3.53646e-08 0.0456409 0.109972 0.0184655 0.018037 4.23758e-08 2.1467e-07 0.000148232 0.0391933 9.19174e-05 0.000133355 0.000108505 0.015539 0.000389631 0.408533 0.029067 0.000205716 0.00494515 0.0710384 0.222699 
0.133714 0.0638777 0.000203698 0.0323101 0.0540514 0.0929969 0.134729 0.000561601 2.38632e-06 0.00133573 0.0104531 0.000326757 0.00201176 0.0122971 0.0109293 0.0010831 0.182212 5.53928e-09 0.0334245 0.000609336 0.145487 0.0873839 
1.24649e-06 1.24663e-06 1.24589e-06 0.0142135 1.24669e-06 1.24675e-06 0.00648426 0.00149708 1.24502e-06 1.24581e-06 0.00635881 1.24573e-06 1.24492e-06 1.2462e-06 0.000250538 1.24499e-06 0.965567 1.24435e-06 1.24666e-06 0.00261781 1.24677e-06 0.00299354 
0.00492451 0.0495743 0.229411 0.162114 0.00509041 0.0710958 0.0384434 0.00164751 0.000304629 0.00124262 0.00305689 0.000156924 0.000127878 0.0236244 0.00121656 0.000316625 0.342475 9.46539e-10 0.0118492 7.34945e-05 0.0478552 0.00539938 
0.000193652 0.00293388 5.45063e-05 0.258425 0.00197792 0.211442 0.0976559 0.000146895 0.00110483 0.00211363 9.93273e-05 0.000579435 5.2242e-07 0.000879873 0.000510574 4.87706e-05 0.311367 7.19556e-08 0.00209949 0.000110978 0.0937798 0.0144761 
0.000249699 0.0154406 0.000470112 0.0778598 0.00358536 0.280656 0.0272977 2.47642e-05 8.48534e-05 0.00162245 0.00541189 0.00208767 1.87971e-05 0.00159382 0.000107434 0.000396113 0.398438 2.22928e-09 0.00606603 9.56963e-06 0.157962 0.0206179 
0.12896 0.108163 0.124107 0.0285504 0.157949 0.0748997 0.0654392 0.000444926 1.3733e-05 0.000241838 0.0178972 0.000919022 1.07595e-05 0.00336161 0.0294266 0.000279081 0.210173 0.00011131 0.0158266 0.000751982 0.0107618 0.0217122 
0.019531 0.0252809 1.58022e-05 0.0122286 0.155884 0.190241 0.0386684 0.0164283 0.000751802 0.0790473 0.00150294 0.0156284 0.00175402 0.0120987 0.0235771 6.8836e-05 0.362995 4.00285e-08 0.00224671 0.000430466 0.0281383 0.0134821 
0.00233616 0.00615742 0.000235876 0.259673 0.020475 0.170143 0.0167152 0.000371677 6.88311e-05 1.44759e-05 0.0407035 1.6054e-05 0.000271311 0.00153608 0.00430157 0.00017955 0.323872 0.00125326 0.00458509 0.000885068 0.135781 0.0104243 
0.0129175 0.182158 0.000225025 0.0300005 0.0710912 0.0409143 0.199877 0.000104354 9.15981e-05 0.0146769 0.00770928 0.00121529 4.59134e-05 0.0091237 0.00681598 0.00140372 0.279178 3.08195e-11 0.0023914 0.00043501 0.0621125 0.0775125 
0.0457078 0.0972748 0.00598847 0.097312 0.0147051 0.191676 0.0476546 0.000106553 1.39246e-05 0.000206937 0.0390387 0.00155792 0.000204554 0.0017836 0.0185483 5.97052e-05 0.312429 4.60416e-08 0.00240188 0.00175894 0.106608 0.0149634 
0.00236556 0.216589 0.00557355 0.00145107 0.0302597 0.0321472 0.00625896 6.86742e-05 8.59504e-07 9.28086e-05 0.00557652 0.00159337 0.00136733 0.00235022 0.000233376 5.52388e-05 0.35961 7.32292e-11 0.0499207 0.000333671 0.255048 0.0291041 
0.00152554 0.0130168 3.19194e-05 1.7995e-07 0.109452 0.0599109 0.00246308 9.64732e-05 3.22112e-06 4.21815e-06 0.00203203 0.000743737 1.75396e-05 0.000482874 0.000500407 6.34057e-06 0.612083 1.24361e-11 2.022e-05 3.12348e-05 0.196795 0.000782137 
0.0392738 0.0159227 0.000924044 0.0618599 0.0495879 0.0763378 0.0640451 1.63649e-05 2.4373e-06 0.00234956 0.0990243 0.000506596 0.00877983 0.000188325 0.0299095 0.020613 0.346642 9.03454e-06 0.000153041 0.0122768 0.0359065 0.135672 
0.00471909 0.0443031 0.000105431 0.113461 0.00373565 0.0287224 0.0483762 0.000724778 3.7141e-06 1.9453e-06 0.0081747 0.000348821 0.0295581 0.000930648 0.00562554 9.90034e-05 0.504764 8.36169e-07 0.00156403 1.82628e-05 0.186192 0.0185711 
0.0152816 0.08542 0.00651295 0.0832297 0.120418 0.163434 0.0792003 0.00121294 9.73659e-06 0.00425142 0.0472027 0.000507925 0.000276547 0.00400695 0.0199693 0.00138595 0.293063 2.02607e-05 0.00317736 0.00521782 0.0287662 0.0374357 
0.0265804 0.172981 0.00867728 0.0363981 0.0480388 0.0625082 0.0236644 0.00582716 0.000328663 0.0818913 1.66929e-08 7.13738e-06 0.00073675 0.00117136 0.00349455 1.21227e-05 0.386585 2.87474e-10 0.00255219 1.02953e-10 0.124593 0.0139525 
0.00103169 0.0246397 0.000479653 0.18278 0.0166939 0.280107 0.0173556 9.1462e-05 7.55557e-06 2.36428e-08 0.00626045 0.000127819 2.78465e-05 0.00332898 0.000512405 0.000102657 0.306352 2.51667e-09 0.0022545 0.00214609 0.133885 0.0218148 
0.00590926 0.0288688 4.80375e-05 0.00625676 0.0151305 0.225462 0.049595 2.63226e-06 2.76102e-06 7.22563e-05 0.00292061 0.0012338 1.37308e-05 0.000788405 0.00588432 4.42737e-05 0.4773 2.72724e-08 0.000587553 5.20856e-05 0.178244 0.00158388 
0.0308776 0.0613753 3.39961e-05 0.100925 0.0570459 0.0759909 0.154986 0.000271267 0.0330006 0.000161422 0.000484375 0.0228561 0.000190166 0.000860086 0.00418638 9.42342e-06 0.404922 2.62668e-09 0.000322339 1.94634e-05 0.0469186 0.00456252 
0.0111519 0.0198014 4.04508e-06 0.0166479 0.0100821 0.0118317 0.33456 0.000154149 8.01388e-05 0.00586416 0.00328745 0.000208656 1.70112e-05 0.00709352 0.0105214 0.000311473 0.352242 9.58331e-10 0.00599696 0.00268397 0.119785 0.0876739 
0.0122697 0.0283401 0.0166572 0.0346667 0.0375893 0.131249 0.105587 0.000171396 0.000174066 0.0901556 0.00229105 0.00692236 9.22434e-05 0.00856704 0.0340624 0.000803663 0.256875 3.19993e-08 0.0103268 0.000593409 0.150849 0.0717586 
0.0138799 0.00683709 0.000237265 0.0488887 0.0688424 0.0437302 0.0508924 4.26359e-05 0.000111544 0.00243398 0.00234957 0.00820766 1.8552e-05 0.00465219 0.0464663 0.000561294 0.395836 0.0168904 0.0391141 0.151984 0.0266242 0.0713999 
0.0219261 0.322589 0.00242094 0.0104923 0.0125148 0.045371 0.0375602 5.47003e-06 5.82081e-05 9.60655e-05 0.00508365 0.00517359 5.13246e-05 0.00299513 0.0189045 0.000399807 0.389663 1.38438e-08 0.00522663 0.000360391 0.114983 0.00412569 
0.0307806 0.029103 0.000382556 0.0126061 0.249873 0.0591061 0.0400628 2.63395e-05 8.67914e-06 5.31001e-05 0.0154798 0.040192 6.80003e-05 0.000623814 0.00453982 7.94427e-05 0.448315 1.3464e-09 0.0032064 0.000366625 0.0562325 0.00889447 
0.0810822 0.0198192 1.53666e-05 0.00735553 0.0638975 0.0621239 0.15221 5.51079e-07 5.83235e-07 0.000153371 0.0162401 1.03754e-06 0.000924857 0.00190216 0.0694142 2.40216e-05 0.345075 5.45752e-09 3.27753e-05 0.0336982 0.0900437 0.0559864 
8.58364e-07 0.00115007 0.000533674 0.300245 0.091617 0.0685287 0.0246595 2.05898e-07 1.89074e-05 4.56148e-07 0.00876407 3.94843e-05 3.37261e-06 0.0031253 0.000911998 3.64857e-05 0.46804 9.53525e-09 0.000419621 0.00153532 0.0184485 0.0119213 
0.000539111 0.0033123 2.16662e-07 0.0294495 0.00598892 0.0406258 0.000542478 1.82879e-05 5.56254e-05 0.00469984 2.2806e-08 0.000368484 1.05009e-07 4.2982e-06 2.03287e-05 0.00163659 0.632987 4.10411e-11 0.00426258 1.46981e-11 0.0606481 0.214841 
0.0283608 0.0366809 2.33441e-05 0.0142889 0.184933 0.0730572 0.124974 3.58281e-05 4.51803e-06 1.01031e-05 0.0256505 0.0013502 5.88358e-07 0.00117407 0.0316093 0.000200234 0.439415 0.000126803 0.00413744 0.00141469 0.0160177 0.0165353 
0.00380912 0.00753903 0.00303618 0.0381744 0.17016 0.0886458 0.0221267 3.99107e-05 5.55312e-06 0.000271654 0.226363 0.0143099 4.35113e-06 0.0012001 0.00290267 0.000811948 0.285747 9.3733e-08 0.0541993 0.000982413 0.0538943 0.025777 
0.0825624 0.00144995 0.00028972 0.127113 0.0465547 0.0755681 0.0856396 1.44021e-06 2.1506e-08 1.63465e-06 0.0199343 0.00556108 4.19435e-06 0.000935795 0.0056987 0.14422 0.1655 0.0102452 0.000908128 0.00124821 0.111614 0.11495 
0.00909727 0.0389919 0.00116084 0.0319992 0.0479483 0.150854 0.048462 0.00186965 0.0120777 0.00784079 0.0162104 0.00840894 0.00335045 0.00805479 0.0446005 0.000689846 0.399435 4.63623e-06 0.0189026 0.00188032 0.112535 0.0356258 
0.0097307 0.000414733 3.9968e-06 0.231697 0.0687837 0.0105052 0.0438133 1.79146e-06 4.70996e-05 8.37002e-07 0.00560063 4.32287e-05 3.49409e-06 0.0114289 0.0128324 3.48648e-07 0.548399 1.89076e-06 0.00318407 0.00210475 0.0479571 0.00344566 
0.141444 0.0390597 0.000123656 0.00470892 0.114761 0.109358 0.128769 6.31214e-05 7.26153e-08 0.0790206 0.0207763 0.000131308 0.00510523 0.00486986 0.0132778 0.00288583 0.187967 8.27269e-12 0.0540817 0.00355485 0.0366082 0.0534332 
0.0416415 0.00271187 7.94992e-05 0.0564922 0.0440751 0.0505411 0.125997 2.2919e-05 0.0142005 1.52694e-05 0.000629963 0.00664827 1.8702e-06 0.00106415 0.0597892 0.000267936 0.52356 5.49949e-09 0.000329156 0.0156879 0.0278902 0.0283543 
0.0146739 0.0126753 3.8153e-05 0.149541 0.0144004 0.175908 0.148007 7.42794e-05 0.000330165 0.000177918 0.00534129 0.00118297 5.09667e-05 0.0131986 0.00546575 0.000212896 0.381422 6.30203e-06 5.5914e-05 0.00153992 0.0425914 0.0331068 
0.00426677 0.322678 0.000640036 0.079506 0.017133 0.0464774 0.0109491 0.000107526 5.97501e-05 2.27996e-05 0.0057134 0.00741057 0.000693622 0.00428266 0.000619551 2.9689e-05 0.377258 2.35158e-08 0.0204893 0.000203134 0.0980178 0.0034419 
0.0374218 0.0334627 0.0185883 0.101149 0.15134 0.090563 0.0420931 0.0001995 0.00123753 0.000428391 0.0352098 0.0539804 0.00327668 0.0155685 0.0272582 0.00121633 0.16995 3.30609e-05 0.0152469 0.00158597 0.137559 0.0626316 
0.0168504 0.187734 0.00137526 0.0135652 0.00901846 0.03073 0.042781 3.69421e-05 9.65309e-06 0.000533336 0.0174661 0.001728 0.00051999 0.00226834 0.0139299 0.000100595 0.377077 3.48523e-11 0.00167843 2.4412e-05 0.240133 0.0424389 
0.0283608 0.0366809 2.33441e-05 0.0142889 0.184933 0.0730572 0.124974 3.58281e-05 4.51803e-06 1.01031e-05 0.0256505 0.0013502 5.88358e-07 0.00117407 0.0316093 0.000200234 0.439415 0.000126803 0.00413744 0.00141469 0.0160177 0.0165353 
0.00199088 0.034545 0.00255273 0.00143323 0.145665 0.0793678 0.0460839 8.56447e-05 4.81025e-09 1.11755e-08 0.173099 0.00273773 9.47439e-09 0.000341361 3.87554e-05 4.95853e-06 0.444723 8.26346e-12 0.00342075 0.00250834 0.0562844 0.0051171 
0.00181068 0.0198606 0.000680135 0.0701589 0.00570906 0.296551 0.0333261 0.00105704 0.000127317 0.00352969 0.00129503 0.0188683 0.00110603 0.00150179 0.00841336 3.53643e-05 0.372824 6.26083e-09 0.0121221 0.00185485 0.134284 0.014885 
0.00514834 0.0325904 1.57221e-05 0.0894558 0.0532986 0.136483 0.134084 0.0545953 0.0013706 0.026165 0.00461504 0.00102887 1.94955e-05 0.107635 0.0633677 3.39763e-05 0.157458 1.07292e-07 0.000286123 0.00100874 0.121111 0.0102274 
0.103039 0.148084 2.73214e-05 0.00755139 0.0517336 0.0494431 0.164306 7.3996e-05 8.66248e-06 0.00241421 0.00447886 0.00537406 0.000350465 0.0136884 0.0174398 0.000712614 0.237474 3.06526e-10 0.00411021 0.000395159 0.111802 0.0774932 
0.0122406 0.188823 0.0554149 0.240795 0.00156006 0.053279 0.0988941 0.000695289 0.000201107 0.00960776 0.00208498 8.11454e-05 0.00587378 0.0063399 0.00599623 1.1234e-05 0.285548 5.17859e-10 0.00337038 0.000120152 0.0261085 0.00295544 
0.0500222 0.00811749 0.000430989 0.0448631 0.198024 0.0362043 0.0998577 2.8126e-05 1.29317e-06 0.00042499 0.0321083 0.000361313 8.70816e-06 0.000258934 0.0431276 0.00106003 0.341437 8.48757e-07 0.0179951 0.0178773 0.0237809 0.0840094 
0.232328 0.0888305 3.84567e-08 0.0473742 0.0342219 0.0126937 0.103467 8.63297e-08 1.51623e-07 5.01618e-07 0.0167201 4.16569e-06 8.48026e-10 4.96514e-07 0.132407 5.24595e-07 0.258828 1.09219e-09 3.61834e-07 0.00144423 0.0696074 0.00207195 
0.0302554 0.0153701 0.00057165 0.167299 0.040048 0.0497565 0.157513 0.000203465 0.000355741 0.0313014 0.0120083 0.00691037 7.08472e-05 0.00335635 0.00206412 4.46355e-05 0.464266 2.60881e-09 0.000467405 0.000291927 0.00501555 0.0128301 
0.0167278 0.0996356 0.00115235 0.0190043 0.17539 0.0961228 0.0597586 0.000666798 2.06672e-05 0.00296812 0.00620814 0.0107122 0.000199296 0.0116135 0.0181755 0.000610828 0.306556 0.000235495 0.00898118 0.000257206 0.143247 0.0217576 
0.0437773 0.0206549 0.000962088 0.0288465 0.066998 0.0816469 0.0576861 0.000612745 4.12196e-05 0.000303348 0.00346548 0.00217259 0.00199523 0.00717209 0.0162128 0.000183263 0.456209 9.46126e-05 0.0289282 0.00144586 0.117802 0.0627901 
0.00570006 0.203562 9.22909e-05 0.00178112 0.0459228 0.0132685 0.0376919 6.65688e-06 1.11659e-07 4.57643e-06 0.000391316 3.43279e-05 4.48457e-06 0.00270219 0.0027316 4.6646e-06 0.661949 1.66721e-12 1.42648e-05 3.3796e-05 0.024 0.000103918 
0.00844077 0.00318205 3.37231e-05 0.386832 0.000101211 0.0209682 0.0252472 1.02987e-05 6.24453e-06 0.000375375 6.99119e-06 0.000280222 3.71818e-05 0.000119563 0.000607957 0.000673406 0.429279 1.36835e-08 0.00144127 1.74683e-05 0.0922933 0.0300472 
0.00874845 0.157849 9.97784e-05 0.0024306 0.0197478 0.0811096 0.0628637 1.42811e-05 2.25992e-05 0.000204053 0.00637452 0.00313772 6.65e-06 0.000838556 0.0131632 7.01209e-05 0.372245 2.54011e-11 0.000108186 0.00676854 0.242056 0.0221414 
0.0104312 0.00661411 0.000283054 0.0417547 0.0244168 0.074196 0.279403 2.89083e-05 2.50134e-05 0.000256976 0.0231173 0.000238281 0.00929428 0.0109442 0.0111425 0.00013241 0.292839 9.82535e-08 0.00905015 0.000828021 0.165259 0.0397446 
0.00113891 0.00370153 0.000114238 0.364042 0.0200215 0.0814136 0.00262043 0.000847766 0.00139999 5.95137e-05 5.29141e-06 0.00184646 5.02277e-05 0.00469291 0.00317755 1.65246e-07 0.48846 2.21071e-07 0.000812053 0.000606251 0.01838 0.00660944 
0.0863144 1.02276e-05 1.90109e-05 0.0727042 0.0185624 2.23153e-09 2.60132e-09 5.81893e-09 0.091799 1.05875e-05 0.00757467 1.82641e-08 2.86721e-05 1.10002e-08 1.37075e-05 2.98575e-08 0.534354 5.3042e-06 0.000353624 2.20094e-05 9.99182e-06 0.188218 
0.04623 0.223949 0.00143834 0.034475 0.0851548 0.115952 0.014035 0.00905323 0.00341659 4.37895e-05 0.0170738 0.0682813 0.0102801 0.00658037 0.0382832 0.000211908 0.23887 7.30918e-10 0.00745161 0.000106374 0.0413372 0.0377758 
0.0106646 0.166864 4.46161e-05 0.0236529 0.00386504 0.0224457 0.0820931 7.23295e-08 6.01055e-07 6.976e-05 0.0112184 0.000190005 0.060217 0.000928676 0.000318787 2.24906e-05 0.522619 4.72933e-07 0.00196439 0.000220505 0.0801672 0.0124332 
0.0574425 0.00478923 0.000207763 0.00679078 0.0283767 0.0558473 0.233353 7.27529e-06 7.09361e-05 0.000200478 0.000417938 0.00672494 0.00419666 0.00249742 0.0240336 0.000152361 0.384461 1.03025e-08 0.000524364 0.000850255 0.172552 0.0165039 
0.00523508 0.277526 0.00386408 0.015722 0.010295 0.0351786 0.00226122 8.49435e-05 5.38874e-06 1.82485e-06 0.0192013 0.00113497 5.90405e-06 0.000968592 0.00365498 0.000235227 0.514037 4.05458e-12 0.00182211 0.000102658 0.105269 0.00339447 
0.0136898 0.136244 0.00130299 0.0176992 0.00502063 0.0291975 0.036566 3.69536e-05 9.65842e-06 0.000944564 0.0273898 0.00172804 0.000267473 0.00195528 0.0112251 9.57148e-05 0.470863 4.72584e-11 0.00305666 0.000116688 0.180473 0.0621175 
0.0424446 0.00643097 2.47868e-09 0.313042 0.00389111 0.00136773 0.0313379 3.76762e-07 5.63574e-06 4.02878e-05 5.8102e-06 2.84822e-09 1.77093e-05 0.000180244 7.44908e-05 0.00112234 0.314233 6.22919e-09 0.00639663 0.0188875 0.102476 0.158046 
0.0022898 0.0394668 2.30339e-05 0.0572418 0.00845397 0.0418671 0.00332742 0.000441341 9.52183e-06 0.000235935 0.00427394 0.000109651 0.000325914 0.000296578 0.00211824 0.000254929 0.628378 0.0022052 0.00482253 3.12448e-05 0.193669 0.0101576 
0.000639797 0.0195762 0.000287488 0.0169417 0.0122671 0.312792 0.0852805 2.047e-05 5.95926e-06 8.57374e-06 0.00332266 0.000231176 2.7094e-06 0.000826126 0.00109193 2.3433e-05 0.378351 2.74024e-12 0.000570131 1.02655e-05 0.164151 0.00359938 
0.000633173 0.000731388 0.000316737 0.0848183 0.0171226 0.116613 0.0133231 0.000259683 0.000106619 5.04246e-05 0.013891 0.0558408 1.01296e-08 0.01756 0.00275629 0.000632643 0.444849 0.000777183 0.00383391 0.00615597 0.170069 0.0496598 
0.0101964 0.218215 0.000801351 0.00014328 0.0298812 0.0215493 0.0118764 6.46322e-07 3.30655e-07 4.24716e-06 3.9423e-08 4.75807e-05 2.03799e-06 0.00153599 0.00146125 4.20783e-06 0.695117 2.92546e-07 0.000101724 1.18198e-05 0.00743166 0.00161811 
0.027128 0.0943049 0.000598019 0.0676414 0.0506434 0.124245 0.186047 0.000419548 2.46304e-06 6.29834e-05 0.0289123 0.00181382 1.35064e-05 0.0106943 0.0186554 8.38938e-05 0.211204 1.2654e-07 0.00051924 0.00690268 0.0748339 0.0952741 
0.00387065 0.000536091 0.00016365 0.0876646 0.179982 0.0652084 0.00363547 2.9771e-05 1.01394e-05 0.000517897 0.000631474 2.47713e-06 1.33001e-06 0.0713241 0.00629378 2.36651e-06 0.545877 6.5088e-05 0.00362766 0.0029772 0.00480237 0.022777 
0.0104732 0.0380571 0.00947876 0.187378 0.0809311 0.133757 0.079595 0.0107392 0.00052372 0.00134787 0.00250814 0.00224778 0.0025164 0.0214491 0.0207994 0.000256303 0.217613 0.000234365 0.0230516 0.00126019 0.0968224 0.0589607 
0.00743327 0.0310051 0.000192422 0.00244281 0.0840835 0.0512741 0.100673 3.19658e-05 1.66928e-05 1.26598e-05 0.00250886 2.76969e-06 3.22327e-05 0.00392507 0.00151783 0.000216674 0.599303 1.9572e-08 0.00104171 0.000214469 0.102558 0.0115139 
0.0836144 0.0426048 0.000850579 0.024532 0.0616689 0.0862922 0.0749676 0.00124671 0.000653068 0.000924789 0.0187827 0.00623158 0.000210252 0.00604646 0.00535637 0.000100639 0.436151 1.31e-05 0.00397556 0.000321396 0.121624 0.0238319 
0.0349056 0.0417156 0.000156546 0.135101 0.13674 0.0572408 0.0977364 0.00502878 5.6729e-05 1.51919e-05 0.00124762 0.000711593 1.59009e-06 0.0254683 0.0901659 0.00106128 0.289187 3.44425e-07 0.00663517 0.000284669 0.0396622 0.0368777 
0.00773342 0.0488284 0.00421805 0.023235 0.10588 0.0609931 0.0299447 0.000467888 0.000348701 0.000108093 0.253278 0.00400416 0.00548167 0.00574128 0.0129178 0.00295219 0.300306 9.49703e-06 0.0169817 0.00035871 0.081201 0.0350102 
0.0142347 0.00235068 1.01142e-06 0.0912984 0.0787416 0.0754861 0.047145 8.53954e-06 8.46593e-05 0.000473997 0.0167718 0.000242949 0.0025874 0.00118109 0.00251908 0.0127443 0.441199 1.08876e-10 0.0109007 0.0233398 0.159897 0.0187922 
0.0435222 0.129029 8.40836e-05 0.000687766 0.094486 0.0405715 0.0792182 5.95911e-07 9.33827e-09 0.000449366 0.00649904 1.05054e-05 0.00123684 0.000568852 0.00287958 0.000113853 0.291268 1.96687e-08 0.124518 2.41828e-05 0.176291 0.00854237 
0.0363067 0.0748645 0.000364639 0.0356948 0.0872824 0.0937647 0.212425 0.000179985 0.000191575 0.00753421 0.0100441 0.00612152 1.42005e-05 0.00341791 0.0164114 0.000189938 0.223683 1.9508e-08 0.0195947 0.000346559 0.145124 0.0264442 
0.0249247 0.128091 0.000462965 0.00971932 0.17312 0.0587029 0.038953 0.000938292 0.00481792 0.0023821 0.0223643 0.00428929 9.24894e-05 0.000918589 0.0699999 6.14336e-05 0.372384 0.00233412 0.00869731 0.000539365 0.0347018 0.041506 
0.000836848 0.0298814 0.000132908 0.00222576 0.0082411 0.373269 0.00299114 4.23267e-06 1.07181e-05 2.03554e-05 0.0496814 0.00439005 4.08869e-05 0.00161442 0.000213221 0.000657861 0.448012 2.24782e-08 5.32304e-05 0.0333956 0.0381527 0.00617511 
0.000857582 0.0922851 0.0226036 0.0257923 0.0151607 0.0860969 0.0113986 0.045188 1.70782e-07 0.000423504 0.06551 0.00036258 0.0141973 0.0232898 0.0065132 0.00149188 0.408266 5.59077e-06 0.0109012 2.97712e-05 0.149982 0.0196449 
0.0102378 0.140035 0.000112983 0.041223 0.113894 0.0296064 0.0978948 0.00222002 7.0582e-08 0.00310909 0.0200221 0.000335978 0.00644092 0.054934 0.00101278 0.000446172 0.437773 1.3389e-09 0.00242617 0.00144895 0.0228288 0.0139989 
0.0133577 0.0943746 0.000419791 0.190355 0.00488282 0.0224107 3.11397e-06 4.09037e-05 1.67783e-06 1.4684e-07 0.00297576 0.000335111 2.65166e-06 0.00196628 0.00173206 5.90142e-05 0.599266 1.68362e-10 0.000550282 0.00116823 0.0651065 0.000991979 
0.0625943 0.0299875 0.00113688 0.011726 0.117339 0.0305641 0.0716459 0.0154634 1.29574e-05 5.89022e-06 0.11859 0.00932515 1.99196e-05 0.00115711 0.000182201 8.20211e-05 0.446474 1.91589e-10 0.00399156 0.0176295 0.0324375 0.0296357 
0.0122697 0.0283401 0.0166572 0.0346667 0.0375893 0.131249 0.105587 0.000171396 0.000174066 0.0901556 0.00229105 0.00692236 9.22434e-05 0.00856704 0.0340624 0.000803663 0.256875 3.19993e-08 0.0103268 0.000593409 0.150849 0.0717586 
0.0283608 0.0366809 2.33441e-05 0.0142889 0.184933 0.0730572 0.124974 3.58281e-05 4.51803e-06 1.01031e-05 0.0256505 0.0013502 5.88358e-07 0.00117407 0.0316093 0.000200234 0.439415 0.000126803 0.00413744 0.00141469 0.0160177 0.0165353 
0.00133918 0.0014568 0.00108755 0.158095 0.0077498 0.117711 0.0804744 3.82159e-05 6.45568e-05 1.57303e-05 0.0116162 0.00233732 1.47404e-05 0.000503764 0.00155234 1.2558e-05 0.52737 6.03162e-06 0.00230404 0.00606333 0.0393638 0.0408235 
0.0765096 0.00135371 0.00247411 0.135821 0.00303059 0.114569 0.0335558 0.000110683 1.59709e-06 0.0568024 2.53778e-07 5.82804e-08 2.18957e-08 0.000358066 6.7242e-05 0.0815435 0.322158 4.06701e-10 0.0111849 0.0024242 0.147291 0.0107443 
0.0968204 0.00741764 4.87605e-05 0.0435833 0.0917046 0.0426371 0.181536 0.000105384 0.0017041 0.000489884 0.0249648 0.00673885 4.04123e-06 0.0208209 0.104687 0.000116816 0.299549 3.44653e-05 0.000871076 0.000309276 0.041494 0.0343632 
0.043897 0.151231 6.91591e-05 0.0141915 0.0774307 0.0444774 0.182739 3.09828e-05 0.000231833 3.83927e-05 0.00228548 0.000125363 5.25459e-06 0.00307763 0.00173263 8.58709e-06 0.414174 4.2471e-07 0.00820618 0.00260453 0.0222792 0.0311638 
0.0191268 0.187025 0.00110875 0.0335953 0.00756746 0.00181758 0.000625709 0.000196986 9.29579e-05 0.000349914 0.00659805 1.29379e-06 0.00092554 9.68606e-05 0.00108793 0.000273552 0.595491 1.01944e-06 0.000359509 0.0200526 0.0321358 0.0914699 
0.00257202 0.0253653 0.00297818 0.163743 0.0566714 0.162915 0.0633068 0.00172713 3.04572e-05 0.012254 0.0646094 0.00704258 0.00401054 0.00847368 0.0234202 0.000996039 0.235576 2.55874e-05 0.00549213 0.00420873 0.0861561 0.068426 
0.0247903 0.0556706 4.45657e-05 0.18322 0.0296189 0.0269581 0.0958141 0.000116392 2.66341e-06 3.10428e-06 0.00414265 0.0020432 3.12754e-06 0.000470398 0.000940089 0.000859728 0.331647 3.33254e-08 0.000403453 0.000822764 0.200831 0.041598 
0.116333 0.0242984 0.0191688 0.0923152 0.0838611 0.0687322 0.129108 0.000906911 0.000201179 0.0338161 0.0152853 0.000387897 4.47042e-07 0.00200087 0.0084498 0.000506592 0.304016 2.2497e-05 0.00102882 0.000624611 0.046834 0.0521018 
0.0842729 0.0369805 5.95805e-05 0.203128 0.0623227 0.103751 0.0188042 0.000137729 0.00241079 0.0153196 0.00485165 0.00121577 2.20887e-05 0.0043741 0.0118019 3.8165e-05 0.293393 2.54753e-06 0.0401841 3.28282e-05 0.0314653 0.0854322 
0.00948191 0.0315912 1.96747e-05 0.0110236 0.0753607 0.173737 0.0284614 0.00298904 6.31089e-07 3.3975e-05 0.0277072 0.000138142 0.00172074 0.00927424 0.0170935 2.8455e-05 0.55647 9.23827e-08 0.000223455 4.81548e-05 0.0540312 0.000565642 
0.00704797 0.036427 4.75974e-05 0.018241 0.215183 0.139835 0.0108446 0.00016395 6.54248e-05 1.87144e-05 0.00972751 0.0770287 0.00016615 0.00865217 0.128332 8.89127e-05 0.315123 9.62787e-06 0.00055057 0.000159869 0.0120989 0.0201876 
0.00481658 0.00284211 1.29923e-05 0.208216 0.0295789 0.0907208 0.125768 0.15641 0.00191176 0.000629387 0.00455785 0.00112835 1.27078e-06 0.000127261 0.00221765 3.09131e-05 0.305113 1.1297e-08 0.00052199 0.00191297 0.0511931 0.0122894 
0.0128658 0.0859291 4.19442e-05 0.0560081 0.0604021 0.0507747 0.158563 0.00161303 4.14207e-10 0.00250228 0.0406036 0.00026925 0.00438506 0.0609652 0.0863221 0.00091859 0.166145 5.62347e-10 0.0233602 0.0369761 0.0647059 0.086649 
0.0503105 0.0167645 0.000103419 0.00392098 0.00702384 0.00151256 0.0293179 2.53036e-05 1.28523e-06 1.07066e-08 0.00402499 4.84804e-06 8.33632e-05 9.87285e-08 0.0226592 0.000124938 0.762199 3.75839e-11 0.0100594 0.0143464 0.0578053 0.0197125 
0.00873281 0.103735 8.79081e-05 0.0286159 0.0409961 0.17495 0.00973092 0.00102459 0.000213685 7.20216e-05 0.00303471 0.00525491 0.0010914 0.0817134 0.0645361 7.66602e-05 0.26024 2.65628e-06 0.0074878 0.000150704 0.190058 0.0181953 
0.085829 0.0201028 0.000463137 0.0192763 0.163211 0.0552198 0.0849566 0.000522741 0.00903335 0.000231574 0.045611 0.00428433 9.36863e-06 0.00561132 0.0268586 8.98575e-05 0.306441 0.000177038 0.0736656 0.00505408 0.0288623 0.0644902 
0.00592764 0.00507237 0.000428862 0.264941 0.0857193 0.025856 0.0092926 9.9642e-05 5.23337e-09 0.00010455 1.99933e-06 0.218286 0.000859281 0.00365432 0.00379584 2.41041e-06 0.370238 7.10507e-09 6.88939e-05 1.80076e-06 0.00104362 0.00460536 
0.0213148 0.00895988 3.14424e-06 0.00856877 0.0165383 0.190847 0.0782783 7.15595e-06 0.000164485 2.55295e-05 0.0048999 0.000274322 6.0723e-05 0.000315102 0.0484654 0.000792113 0.421118 4.83732e-07 0.00185837 0.000242044 0.183992 0.0132736 
0.017424 0.10452 7.07016e-05 0.015278 0.150934 0.0350017 0.0621097 0.000172018 1.65108e-06 0.000248272 0.000641795 0.000339771 0.0551064 0.000317492 0.00086488 2.21978e-05 0.359411 1.53941e-07 0.0174552 0.0377302 0.125486 0.0168647 
0.0366559 0.184325 0.000104637 0.0166246 0.0785667 0.0755582 0.192075 0.00399435 6.31534e-06 5.32782e-05 0.00488532 0.00445929 0.00022883 0.0182322 0.0126302 0.000326947 0.280956 7.8094e-11 0.000283966 0.00231014 0.0709079 0.016815 
0.0370816 0.144794 6.0037e-05 0.00508304 0.0247813 0.127786 0.0704052 2.44047e-06 5.18435e-06 9.59289e-06 0.000531999 0.000476964 3.90633e-05 0.00835545 0.016723 3.51552e-05 0.487164 3.47542e-06 0.000646892 0.000263972 0.0732978 0.00245421 
0.00210441 0.000703847 6.22508e-05 0.186638 0.0118403 0.0379881 0.000936754 0.000418379 0.000351842 2.74912e-05 0.00031064 0.00195517 0.000418463 0.000192061 0.000335252 2.05812e-07 0.754748 1.08228e-05 1.67078e-05 9.86088e-08 4.17407e-05 0.000899453 
0.0617264 0.105755 0.00101674 0.0230552 0.0716246 0.0549439 0.092767 0.0085293 8.199e-06 0.000122575 0.0607242 0.000661198 0.00920949 0.00392505 0.0600489 0.0012313 0.315154 1.16416e-06 0.0160354 0.00147884 0.0924907 0.0194905 
0.035828 0.00827925 3.84108e-09 0.100527 0.0770527 0.122409 0.220058 2.82452e-07 1.31704e-05 0.00156134 0.000222697 6.1164e-06 5.25172e-05 0.00497384 0.00765529 1.25407e-06 0.223901 9.65306e-09 0.000759276 0.000298875 0.140839 0.0555611 
0.00071657 0.0260079 0.000140777 0.445423 0.0440053 0.00797572 0.00359225 3.58771e-05 8.19385e-07 1.6438e-05 0.00117063 5.88704e-05 4.39377e-07 0.000508929 0.00138519 4.78588e-07 0.455977 2.6549e-08 0.000187055 0.0013383 0.00611139 0.00534731 
0.00879959 0.0434296 0.000325133 0.101684 0.00593963 0.0985968 0.0416595 0.000340178 0.140749 0.00110782 0.00368421 0.013455 7.51962e-06 0.00164723 0.0150656 0.00140887 0.426814 3.6157e-08 0.00721486 0.000759518 0.05568 0.0316312 
0.019586 0.00666424 9.0791e-06 0.197803 0.0561778 0.167568 0.0867695 0.000435539 0.0513712 0.00148838 0.00118552 0.00071805 7.94053e-06 0.0035697 0.011987 0.000226194 0.268296 5.92573e-07 0.0104901 0.000668698 0.0740533 0.0409247 
0.0594715 0.106933 0.00140677 0.100931 0.177615 0.0675405 0.0673939 0.000385862 0.00622946 0.00412856 0.0174212 0.049154 0.00101365 0.00165104 0.00719539 0.00383348 0.245039 8.82634e-06 0.00712882 0.00096257 0.00857147 0.0659843 
0.0689553 0.0493963 7.4677e-05 0.00427277 0.108274 0.0424632 0.118634 6.52662e-05 3.81631e-06 2.9876e-05 0.00195261 0.000170255 6.43023e-06 0.00091037 0.00101877 5.92019e-05 0.569935 2.7734e-10 0.00608998 0.000279793 0.0262494 0.00115935 
0.00590926 0.0288688 4.80375e-05 0.00625676 0.0151305 0.225462 0.049595 2.63226e-06 2.76102e-06 7.22563e-05 0.00292061 0.0012338 1.37308e-05 0.000788405 0.00588432 4.42737e-05 0.4773 2.72724e-08 0.000587553 5.20856e-05 0.178244 0.00158388 
0.0283608 0.0366809 2.33441e-05 0.0142889 0.184933 0.0730572 0.124974 3.58281e-05 4.51803e-06 1.01031e-05 0.0256505 0.0013502 5.88358e-07 0.00117407 0.0316093 0.000200234 0.439415 0.000126803 0.00413744 0.00141469 0.0160177 0.0165353 
0.158609 0.0066943 7.10307e-05 0.152518 0.0198076 0.00384721 0.0248358 1.27166e-05 5.2245e-06 1.29285e-05 0.11791 0.00022332 4.21891e-06 0.0212459 0.133589 9.06804e-05 0.162249 6.02779e-05 1.82782e-05 0.0423102 0.00303777 0.152848 
0.0283608 0.0366809 2.33441e-05 0.0142889 0.184933 0.0730572 0.124974 3.58281e-05 4.51803e-06 1.01031e-05 0.0256505 0.0013502 5.88358e-07 0.00117407 0.0316093 0.000200234 0.439415 0.000126803 0.00413744 0.00141469 0.0160177 0.0165353 
0.179342 0.137248 0.00148596 0.013394 0.0766791 0.0397049 0.0578688 0.00476061 0.0196838 0.00348851 0.000759477 0.00116984 0.000754554 0.00384928 0.0285992 0.000722666 0.284957 4.87328e-05 0.0142401 0.000151722 0.045537 0.0855549 
4.29469e-06 2.00355e-05 2.78087e-06 0.0558524 5.04476e-06 0.006996 0.000219145 6.51553e-07 1.71044e-07 3.77795e-07 1.35285e-06 5.32731e-07 3.26636e-07 0.00138837 1.58042e-06 2.65144e-07 0.935206 1.54851e-08 1.28937e-07 6.66991e-07 1.02721e-05 0.000289145 
0.000446032 0.32713 0.000127058 0.00731078 0.00326421 0.0885022 0.0793889 0.000788891 0.000409246 2.22155e-07 0.00214654 4.13586e-08 1.46218e-07 0.015881 0.0065491 2.14245e-05 0.423541 1.37267e-11 0.00290344 4.91595e-12 0.0351299 0.00645911 
0.0789718 0.0229998 0.000218053 0.0301075 0.0202901 0.0401996 0.0686428 2.88244e-05 0.0770016 0.00298837 0.00157032 0.249613 0.000424163 0.000349548 0.00165163 0.00021931 0.258391 9.82695e-11 0.0140661 0.000228972 0.0368082 0.0952293 
0.0101964 0.218215 0.000801351 0.00014328 0.0298812 0.0215493 0.0118764 6.46322e-07 3.30655e-07 4.24716e-06 3.9423e-08 4.75807e-05 2.03799e-06 0.00153599 0.00146125 4.20783e-06 0.695117 2.92546e-07 0.000101724 1.18198e-05 0.00743166 0.00161811 
0.00153876 0.0188832 0.000653663 0.289984 0.00129609 0.0777488 0.0610551 0.00352018 3.26203e-06 0.000866862 3.29273e-06 0.000159431 0.000226329 0.0348918 4.34695e-05 4.08692e-05 0.493455 7.30869e-07 9.01396e-05 3.87109e-06 0.0152592 0.000275669 
0.0115023 0.131038 0.00637915 0.127757 0.0435519 0.0378862 0.157102 0.000272166 1.57565e-05 0.00156483 0.0217118 0.000178096 1.1058e-05 0.0391125 0.0177042 0.000623158 0.279742 9.16938e-10 0.00115259 0.000354608 0.105934 0.0164054 
0.0228072 0.00759837 0.00121114 0.122063 0.0132891 0.0415805 0.145284 8.91159e-06 6.97754e-06 0.00364828 0.0148913 0.0024569 0.0584928 0.00180979 0.00346846 0.000489756 0.215425 5.49377e-06 0.00459704 0.000379068 0.155088 0.185399 
0.0789718 0.0229998 0.000218053 0.0301075 0.0202901 0.0401996 0.0686428 2.88244e-05 0.0770016 0.00298837 0.00157032 0.249613 0.000424163 0.000349548 0.00165163 0.00021931 0.258391 9.82695e-11 0.0140661 0.000228972 0.0368082 0.0952293 
0.00413411 7.93421e-05 3.33384e-06 0.148506 0.00220214 0.0104439 0.0200467 0.000163186 5.62347e-05 3.9818e-08 0.0394713 0.00051904 7.2983e-08 0.0156844 0.000102096 0.000178933 0.714462 9.3996e-08 5.52635e-06 0.000157933 0.0222952 0.0214883 
0.0101964 0.218215 0.000801351 0.00014328 0.0298812 0.0215493 0.0118764 6.46322e-07 3.30655e-07 4.24716e-06 3.9423e-08 4.75807e-05 2.03799e-06 0.00153599 0.00146125 4.20783e-06 0.695117 2.92546e-07 0.000101724 1.18198e-05 0.00743166 0.00161811 
0.00879851 0.0396438 0.00318091 0.0166499 0.0830608 0.133382 0.0132494 0.000148685 2.49349e-06 1.74726e-05 0.00174089 8.81527e-05 2.79048e-10 0.0315451 0.000751731 0.000521753 0.383723 6.35852e-09 0.00692583 0.000666835 0.217184 0.0587186 
4.29469e-06 2.00355e-05 2.78087e-06 0.0558524 5.04476e-06 0.006996 0.000219145 6.51553e-07 1.71044e-07 3.77795e-07 1.35285e-06 5.32731e-07 3.26636e-07 0.00138837 1.58042e-06 2.65144e-07 0.935206 1.54851e-08 1.28937e-07 6.66991e-07 1.02721e-05 0.000289145 
0.00106473 0.00675408 0.00017085 0.138908 0.0155257 0.150555 0.0285819 0.000683444 0.077337 0.000449413 0.000600926 0.0138471 0.000771248 0.00504868 0.0112928 8.21005e-06 0.45019 0.00999848 0.0313879 0.000127096 0.03837 0.0183279 
0.0051266 0.00131764 1.41757e-08 0.0374185 0.0226712 0.0915162 0.127238 4.24108e-06 7.03514e-05 2.70378e-05 0.00195548 0.000293977 2.09954e-05 8.35943e-05 0.000305618 2.32669e-05 0.706157 1.75276e-09 0.000136683 0.000116874 0.0055163 7.59566e-09 
0.10487 0.0588207 0.000856804 0.0129804 0.0701128 0.0531051 0.0698079 0.000120255 2.07502e-05 7.36538e-05 0.0166856 0.00274567 0.00233419 0.00100563 0.021819 0.000378027 0.290012 8.57707e-10 0.00595008 0.000981375 0.251103 0.0362169 
0.0154276 0.164459 0.000859328 0.0655285 0.018398 0.146869 0.130931 0.00383162 0.000412838 0.00921039 0.00588888 0.000789612 0.000428607 0.00387326 0.00869815 0.000118285 0.232164 0.000346772 0.0134133 0.00456676 0.135584 0.0382018 
0.0123192 0.0385731 6.59224e-05 0.00904013 0.0929078 0.0473628 0.0629272 2.6835e-05 1.30229e-05 2.5549e-05 0.000164998 0.0011563 4.52164e-06 0.00059152 0.00137244 3.38597e-05 0.717894 0.000255373 0.000345209 0.000205264 0.0123303 0.00238471 
0.000945539 0.039267 0.000763675 0.161991 0.0549883 0.0283356 0.11297 6.09038e-05 3.82227e-05 0.00215363 0.00505988 0.0311346 0.000220291 0.0462336 0.0423337 0.000314034 0.367957 2.59529e-06 0.00119351 0.0188699 0.0528332 0.0323334 
0.00479701 0.00867645 2.54001e-05 0.000845062 0.0133342 0.15179 0.0729649 1.50377e-05 4.5044e-05 4.27202e-06 0.00794213 2.88678e-06 4.24803e-05 0.00030122 0.0017446 1.45667e-05 0.48494 2.28319e-08 0.000320492 1.93265e-05 0.251167 0.00100764 
0.0758725 0.0270163 0.000251942 0.0403671 0.087616 0.0599369 0.12748 5.4982e-05 0.0208938 0.000255048 0.0148216 1.12576e-05 5.67233e-05 0.00274545 0.0585626 0.000412603 0.371938 0.00638441 0.000511478 0.000103927 0.0900815 0.0146261 
0.0122697 0.0283401 0.0166572 0.0346667 0.0375893 0.131249 0.105587 0.000171396 0.000174066 0.0901556 0.00229105 0.00692236 9.22434e-05 0.00856704 0.0340624 0.000803663 0.256875 3.19993e-08 0.0103268 0.000593409 0.150849 0.0717586 
0.00039176 0.0221896 0.000597207 0.0881175 0.00353419 0.0497028 0.0180925 3.22927e-05 0.000124946 6.53182e-06 0.000154126 0.000398895 1.01611e-06 0.00143395 0.00332324 5.35727e-05 0.771943 1.68017e-09 0.00041451 7.3381e-05 0.0370888 0.00232579 
0.00486527 0.128774 0.000765467 0.0237704 0.0172947 0.0795737 0.0159857 2.25596e-05 4.53335e-05 1.08191e-05 0.00392609 7.71885e-05 9.3278e-07 0.0533348 0.00201989 7.64689e-05 0.51272 2.44489e-06 8.21386e-05 8.93233e-05 0.148678 0.00788578 
0.0104698 0.00689758 0.0110926 0.141677 0.0200445 0.0446294 0.0450852 0.00446075 2.42741e-05 4.22955e-06 0.227093 0.000794212 0.00132718 0.00148352 0.0239667 0.01702 0.295498 6.22514e-07 2.16755e-06 0.000739617 0.114145 0.033545 
0.0283608 0.0366809 2.33441e-05 0.0142889 0.184933 0.0730572 0.124974 3.58281e-05 4.51803e-06 1.01031e-05 0.0256505 0.0013502 5.88358e-07 0.00117407 0.0316093 0.000200234 0.439415 0.000126803 0.00413744 0.00141469 0.0160177 0.0165353 
0.00588034 0.0425621 0.00108645 0.159829 0.00475149 0.0266052 0.00672084 0.000493093 2.54798e-05 8.95465e-05 0.000114619 0.000345954 1.91856e-05 0.00154924 0.000578107 6.77418e-05 0.616597 8.72797e-07 0.000356718 0.000432528 0.0989382 0.0329564 
4.29469e-06 2.00355e-05 2.78087e-06 0.0558524 5.04476e-06 0.006996 0.000219145 6.51553e-07 1.71044e-07 3.77795e-07 1.35285e-06 5.32731e-07 3.26636e-07 0.00138837 1.58042e-06 2.65144e-07 0.935206 1.54851e-08 1.28937e-07 6.66991e-07 1.02721e-05 0.000289145 
0.00556534 0.00398613 2.2726e-06 0.0118266 0.0147251 0.00347102 0.00219693 9.60214e-06 1.54881e-06 1.98143e-06 0.00138693 0.00253002 6.13288e-07 0.000107728 0.000990224 9.44774e-05 0.920826 6.81626e-09 0.00421816 2.06217e-05 0.0213931 0.00664576 
0.00380912 0.00753903 0.00303618 0.0381744 0.17016 0.0886458 0.0221267 3.99107e-05 5.55312e-06 0.000271654 0.226363 0.0143099 4.35113e-06 0.0012001 0.00290267 0.000811948 0.285747 9.3733e-08 0.0541993 0.000982413 0.0538943 0.025777 
0.0101964 0.218215 0.000801351 0.00014328 0.0298812 0.0215493 0.0118764 6.46322e-07 3.30655e-07 4.24716e-06 3.9423e-08 4.75807e-05 2.03799e-06 0.00153599 0.00146125 4.20783e-06 0.695117 2.92546e-07 0.000101724 1.18198e-05 0.00743166 0.00161811 
0.0022898 0.0394668 2.30339e-05 0.0572418 0.00845397 0.0418671 0.00332742 0.000441341 9.52183e-06 0.000235935 0.00427394 0.000109651 0.000325914 0.000296578 0.00211824 0.000254929 0.628378 0.0022052 0.00482253 3.12448e-05 0.193669 0.0101576 
4.29469e-06 2.00355e-05 2.78087e-06 0.0558524 5.04476e-06 0.006996 0.000219145 6.51553e-07 1.71044e-07 3.77795e-07 1.35285e-06 5.32731e-07 3.26636e-07 0.00138837 1.58042e-06 2.65144e-07 0.935206 1.54851e-08 1.28937e-07 6.66991e-07 1.02721e-05 0.000289145 
0.00270998 0.0174025 0.000729283 0.153613 0.0184112 0.264944 0.0401866 7.54729e-05 0.000406451 0.00142525 0.00911236 0.000759633 0.00123395 0.000458608 0.00354463 0.000292264 0.286232 2.92025e-09 0.0300186 0.000810272 0.132076 0.0355581 
