0.000109616 0.00260457 0.00128772 0.00721541 0.000627679 0.0079063 0.00251781 2.11713e-05 2.60494e-07 0.00162409 0.000168679 3.41577e-05 3.65511e-06 0.00430106 0.002609 0.000560951 0.000621485 7.62945e-10 0.786171 0.000449183 0.0856328 0.0955335 
0.00370857 0.00110309 7.81712e-05 0.00832757 0.0199775 0.000955353 0.039272 3.45116e-06 6.1411e-08 0.00212898 0.0365388 0.00117909 9.29953e-06 3.69881e-05 0.0004286 0.00116999 0.00106902 5.01011e-09 0.541216 0.00485972 0.00469805 0.33324 
0.000265598 0.00137401 0.0025065 0.0067409 0.00128683 0.00475198 0.000110723 2.53945e-05 5.54871e-08 0.00297102 0.00140412 1.596e-05 1.85192e-06 0.0519639 0.000785214 0.000206498 0.000229563 6.06705e-08 0.672941 0.000134838 0.09007 0.162214 
0.0110806 0.0167535 0.000197334 0.040267 0.0786155 0.170934 0.0362277 7.03005e-05 6.56842e-05 0.00430772 0.00938604 0.0014008 0.000172136 0.019143 0.0541085 0.00052449 0.0720009 0.00193995 0.280029 0.00037072 0.161982 0.0404227 
0.0487025 0.0212504 0.00560588 0.01368 0.0221509 0.0365234 0.0230763 0.0509042 8.87053e-06 0.00983377 0.00829878 0.000229973 0.00079619 0.0851155 0.00608123 0.00140864 0.00758115 5.24253e-08 0.355874 0.00270904 0.0792304 0.220939 
0.00520416 0.00301532 9.57948e-05 0.018645 0.00550927 0.0328224 0.0828955 7.64918e-06 5.63277e-08 0.000326016 0.0110146 0.000334309 0.00068461 0.00911887 0.0045994 0.00277155 0.00985597 1.38089e-08 0.411522 0.000285755 0.104674 0.296618 
0.0263347 0.0742532 0.0120376 0.00576694 0.00138655 0.00583294 0.0134886 1.1003e-05 1.52035e-06 0.0344601 0.00472883 3.51299e-09 0.000249604 0.0158582 0.00186137 0.0015563 0.00258302 2.56959e-11 0.459343 0.000798081 0.0833797 0.256069 
4.77847e-05 0.000976501 1.42259e-05 0.00031791 7.87986e-05 0.00111705 0.00896614 5.01551e-06 2.8555e-08 0.00101835 0.000566263 1.64355e-05 4.95722e-05 0.000541002 4.43857e-06 2.61707e-05 0.000591703 2.23252e-12 0.941587 2.90908e-05 0.00087544 0.0431714 
7.16763e-05 0.00137833 2.13382e-05 0.000476864 0.000118197 0.00160075 0.0133249 7.52264e-06 4.2762e-08 0.00152752 0.000849392 2.46526e-05 7.00517e-05 0.000718085 6.6576e-06 3.67193e-05 0.00088755 3.02042e-12 0.916055 4.36351e-05 0.00131316 0.0614676 
0.156246 0.152711 0.000551103 0.0122439 0.0439785 0.0583327 0.127089 0.000813137 1.14138e-06 0.0034238 0.0465041 0.000607147 0.00086423 0.00948118 0.0330181 0.000321919 0.0605549 8.04376e-10 0.162816 0.00285791 0.0840254 0.0435596 
0.00666072 0.00243653 1.94518e-05 0.113327 0.00472618 0.0896688 0.176239 1.54479e-07 4.2173e-10 0.000572299 0.00370847 0.000764492 0.000405718 0.00249444 0.00782522 0.0020119 0.00476024 5.72561e-10 0.284569 0.01077 0.0345105 0.25453 
0.0157352 0.0555896 6.52184e-06 0.00469378 0.00633528 0.0112608 0.0445231 2.58893e-05 1.69045e-05 0.0264962 0.000123023 1.64318e-05 7.37426e-06 0.000172856 0.000487895 0.000762848 0.00873301 3.23698e-12 0.723893 3.52565e-05 0.0395211 0.0615643 
0.000335844 0.00201615 1.64419e-06 0.00146472 0.000125587 0.00183185 0.00242987 5.58807e-06 2.4937e-07 0.00551043 0.000458288 4.75209e-07 6.68626e-05 0.0107935 0.000300201 0.00148905 0.000141359 1.05335e-11 0.485454 4.14025e-06 0.0410744 0.446496 
0.000639953 0.00461552 0.000460592 0.104158 0.0135577 0.00595012 0.00748531 1.78529e-05 1.70595e-06 0.0279153 0.00529279 0.00250866 0.000108569 0.000962303 0.00123534 4.00419e-05 0.0130636 2.66315e-10 0.432627 0.000126116 0.114681 0.264553 
0.000301208 0.00121989 5.09552e-07 0.00136757 0.000120147 0.00168679 0.00150914 4.86268e-06 2.14289e-07 0.00479283 0.000315035 3.45575e-07 4.06368e-05 0.00585827 0.000281222 0.00141356 9.66414e-05 9.54856e-12 0.490677 3.26105e-06 0.0396346 0.450676 
0.0288888 0.189601 0.00308034 0.0179855 0.0157113 0.00541751 0.0372178 8.81354e-05 1.59845e-06 0.00110232 0.0113168 0.00187008 3.00234e-06 0.000560206 0.00252753 0.000535216 0.0711887 2.21816e-08 0.399853 0.000161558 0.0169338 0.195956 
0.00394994 0.00483815 1.88493e-05 5.63631e-05 0.0291456 0.0209371 0.0111651 8.20775e-08 8.04364e-07 5.20364e-05 0.00134551 6.45583e-05 6.76746e-05 4.3818e-05 0.000151066 7.74948e-05 1.66833e-07 7.17364e-10 0.923371 6.48549e-05 0.000186032 0.00446353 
0.00174122 0.00350714 0.00598285 0.0324962 0.00406814 0.0304578 0.0229967 8.75409e-05 1.1779e-06 0.0030593 0.0112825 0.000123934 3.91165e-05 0.00476353 0.00225439 0.000902161 0.00132431 8.39223e-07 0.632087 0.00455962 0.0572684 0.180996 
0.00641201 0.0111328 0.000212878 0.00560945 0.0255462 0.0177025 0.0666711 0.000177958 1.14567e-05 0.161023 0.00110622 0.000243063 9.64134e-05 0.00709822 0.00605049 0.000749699 0.00965861 1.45493e-11 0.382705 0.00240344 0.0055004 0.289889 
0.0222145 0.0138301 0.000954515 0.0568004 0.0112901 0.0222473 0.151843 4.52011e-05 1.55672e-05 0.000127535 0.0324434 0.000210594 4.7994e-06 0.00212778 0.0018286 0.00127458 0.00543049 9.3965e-07 0.253445 0.00954433 0.246685 0.167636 
0.00062766 0.0124371 1.59319e-05 0.00132995 0.00457247 0.00488303 0.0395763 8.30966e-06 1.3685e-05 0.00879763 0.00203039 0.0261802 0.000159195 0.00736189 0.00075823 0.000183233 0.00552036 8.83522e-12 0.472633 0.00489438 0.00275281 0.405264 
0.0018454 0.0109237 0.00254543 0.00582367 0.00219451 0.00753794 0.00565406 1.50962e-05 6.09462e-07 0.000956181 0.00197171 4.75589e-05 1.2091e-05 0.00186669 0.00256031 0.000317344 0.00211362 3.91955e-10 0.834476 0.000885805 0.0547572 0.0634948 
0.00324529 0.00076608 0.0360711 0.0561222 0.00493466 0.0283835 0.0423949 6.2099e-06 6.32255e-06 0.00467318 0.08351 0.000188321 0.000110137 0.00178782 0.000803501 0.00100512 0.000578892 0.0150236 0.512275 0.00100673 0.00513723 0.20197 
0.000109616 0.00260457 0.00128772 0.00721541 0.000627679 0.0079063 0.00251781 2.11713e-05 2.60494e-07 0.00162409 0.000168679 3.41577e-05 3.65511e-06 0.00430106 0.002609 0.000560951 0.000621485 7.62945e-10 0.786171 0.000449183 0.0856328 0.0955335 
0.0145334 0.0185412 0.00364489 0.0760542 0.00837555 0.0146359 0.0373559 8.95391e-05 1.1361e-05 0.00446638 0.00814322 0.00014193 2.81778e-05 0.0193788 0.00561712 0.00100279 0.00388452 0.000217181 0.610298 0.00995695 0.0599222 0.103701 
0.00118554 0.00152553 2.93027e-05 0.000603033 0.0302866 0.182952 0.0173794 2.7723e-05 2.259e-06 0.000735334 0.01154 0.000398005 0.000234465 0.000286958 0.00329541 1.51981e-05 0.000149718 7.98003e-09 0.747572 5.14043e-05 0.00102667 0.000703673 
0.00201773 4.29518e-05 2.31645e-08 0.00136553 0.000293772 0.00169147 0.00252734 2.76116e-06 4.73479e-06 6.91529e-05 0.000327436 2.9685e-09 0.12176 1.0079e-05 4.64442e-05 5.29475e-05 0.00168618 1.93064e-11 0.800562 0.000193744 0.00387921 0.0634666 
1.05463e-05 4.24189e-09 4.73467e-06 0.00056414 5.99472e-05 2.19932e-10 0.000961491 4.49351e-08 1.45623e-09 2.41972e-05 0.000238908 3.95172e-05 9.18817e-12 0.000112857 0.000151312 0.000334295 3.01632e-05 1.18336e-11 0.9686 8.59141e-06 0.000361693 0.0284976 
0.00271313 0.0142855 0.00160007 0.00143971 0.00910499 0.00196161 0.0292311 0.000118743 1.41899e-08 0.0388002 0.00987095 0.000914936 0.00652772 0.00111443 0.000832929 0.00451691 0.0026844 5.61216e-11 0.475587 0.000968184 0.000772045 0.396955 
0.0021724 0.00598482 8.44049e-05 0.000462332 0.00310857 0.00479217 0.0176403 1.42311e-05 9.3167e-11 0.0640302 0.0007143 5.12998e-05 4.34423e-05 0.00294271 7.40982e-05 8.41557e-06 0.00420178 3.26959e-12 0.749506 0.00452416 0.000625321 0.13902 
0.00508591 0.0175143 0.0137247 0.0578881 0.0038989 0.0140704 0.0068193 4.32287e-05 1.49857e-06 0.00159735 0.0106367 0.0183535 0.000201698 0.00139446 0.011306 0.00694837 0.00208862 1.64101e-05 0.439956 0.000239492 0.145922 0.242293 
0.00370037 0.00587636 0.000134554 0.00337768 0.00768574 0.0336973 0.0101107 2.63796e-05 5.26802e-07 8.92807e-05 0.00223094 0.000227442 2.17786e-05 0.000128332 0.000191789 0.00017689 0.00121433 2.23688e-07 0.838765 2.92398e-05 0.0118948 0.0804208 
0.0049738 0.00070082 0.000351294 0.00760996 0.00213683 0.0372668 0.0075242 2.34957e-05 8.76225e-07 0.000291698 0.0130534 5.74306e-05 2.3338e-06 0.00566945 0.00200928 0.000287488 0.0198481 2.94878e-07 0.580979 0.00555165 0.0456356 0.266026 
0.0128467 0.00439149 0.000875368 0.031848 0.0100726 0.0244145 0.0288781 3.89479e-05 1.87177e-05 0.0166846 0.00848281 0.000242397 0.000280036 0.00366264 0.0123591 0.0014275 0.00676782 5.36941e-05 0.533905 0.00410525 0.033461 0.265184 
0.0202016 0.0494398 6.74532e-07 0.000231472 0.0058164 0.00228629 0.0349709 1.94592e-06 3.19715e-07 0.0218335 1.10758e-05 2.00448e-06 9.17233e-06 0.000105275 0.000272981 0.00184939 0.00851385 1.9063e-12 0.736642 5.06055e-06 0.0201195 0.0976873 
0.00762823 0.00398567 0.000119436 0.0274388 0.0125442 0.0921942 0.0532657 4.88882e-06 2.99578e-05 0.0071755 0.000889323 0.00214079 4.63508e-05 0.00178607 0.000339227 0.000226796 0.00548584 3.57821e-08 0.664671 0.000211462 0.0201235 0.0996931 
0.0123544 0.00320074 1.84049e-05 5.02814e-05 0.00291289 2.07197e-05 0.000204087 1.9508e-05 1.89668e-09 0.00020703 2.79509e-05 4.04762e-05 9.33537e-07 3.11106e-05 1.11387e-08 9.86018e-05 3.70218e-05 3.2106e-12 0.81862 4.49873e-09 0.000135414 0.16202 
0.000265598 0.00137401 0.0025065 0.0067409 0.00128683 0.00475198 0.000110723 2.53945e-05 5.54871e-08 0.00297102 0.00140412 1.596e-05 1.85192e-06 0.0519639 0.000785214 0.000206498 0.000229563 6.06705e-08 0.672941 0.000134838 0.09007 0.162214 
0.0308137 9.54064e-07 9.53494e-07 0.155998 9.54108e-07 0.00143219 9.54141e-07 0.0028629 9.52828e-07 9.53439e-07 0.0113539 9.53374e-07 9.52752e-07 9.53731e-07 0.00505678 9.52808e-07 0.00419851 9.52314e-07 0.730161 9.53569e-07 9.54166e-07 0.0581108 
4.77847e-05 0.000976501 1.42259e-05 0.00031791 7.87986e-05 0.00111705 0.00896614 5.01551e-06 2.8555e-08 0.00101835 0.000566263 1.64355e-05 4.95722e-05 0.000541002 4.43857e-06 2.61707e-05 0.000591703 2.23252e-12 0.941587 2.90908e-05 0.00087544 0.0431714 
0.00822081 0.0389922 7.07421e-05 0.0450338 0.0105833 0.115616 0.100134 1.5375e-05 0.000198745 0.00783101 0.0118933 0.000559693 0.000272276 0.00237114 0.0128025 0.00507491 0.0107233 3.20211e-08 0.267018 0.00895253 0.108492 0.245144 
1.05463e-05 4.24189e-09 4.73467e-06 0.00056414 5.99472e-05 2.19932e-10 0.000961491 4.49351e-08 1.45623e-09 2.41972e-05 0.000238908 3.95172e-05 9.18817e-12 0.000112857 0.000151312 0.000334295 3.01632e-05 1.18336e-11 0.9686 8.59141e-06 0.000361693 0.0284976 
0.00279494 0.0231814 2.64584e-07 0.00180952 0.0509094 0.0168275 0.0230825 1.23372e-05 1.28511e-06 0.00151762 0.0245208 0.0137315 0.000218112 0.00343371 0.00723433 0.000206208 0.000201353 4.97408e-08 0.71257 0.000227165 0.00179726 0.115723 
0.00349251 0.0113928 4.09109e-05 0.000194484 0.00232442 0.00782679 0.0127522 1.13832e-05 2.34069e-06 0.0261409 0.000161256 0.000185319 6.88686e-05 0.000755607 0.000147512 5.64524e-05 0.00884134 4.88753e-07 0.849699 4.84365e-05 0.00141887 0.0744384 
0.000301208 0.00121989 5.09552e-07 0.00136757 0.000120147 0.00168679 0.00150914 4.86268e-06 2.14289e-07 0.00479283 0.000315035 3.45575e-07 4.06368e-05 0.00585827 0.000281222 0.00141356 9.66414e-05 9.54856e-12 0.490677 3.26105e-06 0.0396346 0.450676 
0.0689855 0.0125534 0.00385624 0.00337167 0.0344488 0.0430747 0.0384475 1.85615e-05 8.62681e-10 0.00292314 0.00313113 1.79957e-05 7.4282e-06 0.00407865 0.000299139 2.89417e-08 0.0114357 6.68658e-11 0.541078 0.00372797 0.00107273 0.227472 
0.00474953 0.0117175 0.0320001 0.0323926 0.011176 0.0206101 0.0200239 3.93984e-05 1.2619e-05 0.00698538 0.00332769 0.000335449 0.000385582 0.000327195 0.000622062 0.0018365 0.00598606 1.32509e-10 0.668967 0.000357524 0.0328932 0.145255 
0.000833219 0.00308233 0.00237742 0.00626455 0.0022792 0.0026819 0.00613426 2.09848e-05 1.83437e-08 0.0184405 0.00100813 0.000288606 1.00376e-05 0.00294058 0.000299987 0.000449606 0.00190366 6.54928e-12 0.845713 0.00232911 0.00204878 0.100894 
0.00240001 0.000606822 0.000501261 0.00376349 0.0548881 0.0276973 0.00490337 7.76094e-08 9.6399e-10 5.31527e-05 0.0683834 0.000559744 4.14408e-09 0.0010065 0.00100549 8.18019e-05 0.000476975 2.58563e-09 0.451788 0.0003298 0.119834 0.261721 
0.0204112 0.0576135 0.00935406 0.004396 0.00111921 0.00452248 0.0105189 1.05327e-05 8.8789e-06 0.0268979 0.00364727 7.23047e-07 0.000238828 0.0120955 0.0014524 0.00136933 0.00223199 3.50814e-08 0.587877 0.000646377 0.0630098 0.192578 
0.0107247 0.00967377 0.000756154 0.0633739 0.0122382 0.0202692 0.0327649 8.82223e-06 1.14739e-05 0.00219822 0.00689891 2.04223e-05 5.77113e-05 8.29083e-05 0.00398056 0.254424 0.00499685 3.42978e-07 0.271556 0.00200832 0.0543359 0.249618 
0.00886447 0.0263334 0.00132178 0.0230542 0.0102218 0.0119409 0.0222053 0.000191183 1.00671e-05 0.00896089 0.00400909 0.000187616 0.00460821 0.00726271 0.00344014 0.00201825 0.0072868 7.6592e-06 0.616814 0.00110147 0.0650202 0.17514 
1.27905e-08 0.000115283 0.0683701 0.000715852 4.44845e-13 8.61243e-06 1.49901e-05 2.45689e-08 4.03249e-12 0.00108287 7.43293e-05 2.50324e-12 1.25487e-09 0.000188394 9.49886e-13 5.13815e-06 1.48453e-08 5.4747e-12 0.890793 6.44482e-08 9.39234e-05 0.0385377 
0.00451527 0.0204603 0.000987785 0.0102707 0.0195898 0.0790889 0.0205967 0.000102279 1.7664e-06 0.000952169 0.0172966 0.00103285 0.000230136 0.00072058 0.00479419 0.00465402 0.00137814 7.19343e-09 0.724992 0.000195857 0.0311043 0.0570359 
0.013161 0.000978668 0.000314008 0.0938756 0.00219867 0.0355338 0.112061 1.5848e-05 0.000109988 7.39939e-05 0.00333924 2.6113e-05 0.0812431 0.00622131 0.000586858 0.00155272 0.011296 2.74324e-10 0.338601 0.000209635 0.0176015 0.281 
4.77847e-05 0.000976501 1.42259e-05 0.00031791 7.87986e-05 0.00111705 0.00896614 5.01551e-06 2.8555e-08 0.00101835 0.000566263 1.64355e-05 4.95722e-05 0.000541002 4.43857e-06 2.61707e-05 0.000591703 2.23252e-12 0.941587 2.90908e-05 0.00087544 0.0431714 
0.000340542 0.00141729 0.000551719 0.0242694 0.00033923 0.00504399 0.00222526 2.26946e-05 2.77681e-07 0.000549759 0.00491459 3.12943e-09 9.48866e-05 0.000286658 0.0011155 0.00423608 0.000352813 9.82913e-12 0.813581 1.7979e-05 0.0338899 0.10675 
9.90847e-07 0.0150209 5.89943e-05 0.00118682 0.0208242 0.0362373 0.338615 3.78744e-06 4.05646e-08 2.81659e-05 0.0146363 2.99362e-07 0.000948967 0.00462614 0.000247658 0.0630199 0.00276402 1.23451e-10 0.476961 2.5603e-06 2.04852e-07 0.0248173 
0.00062766 0.0124371 1.59319e-05 0.00132995 0.00457247 0.00488303 0.0395763 8.30966e-06 1.3685e-05 0.00879763 0.00203039 0.0261802 0.000159195 0.00736189 0.00075823 0.000183233 0.00552036 8.83522e-12 0.472633 0.00489438 0.00275281 0.405264 
0.0689855 0.0125534 0.00385624 0.00337167 0.0344488 0.0430747 0.0384475 1.85615e-05 8.62681e-10 0.00292314 0.00313113 1.79957e-05 7.4282e-06 0.00407865 0.000299139 2.89417e-08 0.0114357 6.68658e-11 0.541078 0.00372797 0.00107273 0.227472 
0.0136013 0.0954424 0.000478603 0.0125885 0.0164009 0.0265986 0.121327 0.000155499 5.17722e-06 7.97468e-05 0.00416651 6.17571e-05 8.4554e-05 0.000110612 0.00200601 0.000292176 0.00156127 2.14151e-12 0.349408 0.000572991 0.27739 0.0776694 
0.000433238 0.000226601 9.81077e-06 3.22082e-05 0.0217453 0.0328216 0.0226416 1.66193e-07 1.449e-07 4.14178e-13 0.0313638 2.15324e-05 0.000125749 9.72977e-06 0.000649763 0.000215112 0.000122299 8.16079e-09 0.879441 3.72379e-05 0.00794081 0.00216185 
0.000149751 0.000792923 2.18348e-05 0.000693186 0.000182798 0.00153619 0.00833678 1.14295e-06 8.84563e-08 0.000231469 0.001491 5.75769e-06 1.1937e-05 0.00032649 0.000275987 1.61331e-05 0.0022201 3.29158e-12 0.938237 0.000512292 0.00115356 0.0438036 
0.00956413 0.0322024 0.0338927 0.0234814 0.00403631 0.0669157 0.0569532 5.00686e-05 4.63535e-10 0.00012612 0.0765117 7.59181e-07 4.88632e-10 0.00223978 0.00769036 0.0114738 0.0125994 6.29318e-10 0.241158 0.0725929 0.117518 0.230993 
4.77847e-05 0.000976501 1.42259e-05 0.00031791 7.87986e-05 0.00111705 0.00896614 5.01551e-06 2.8555e-08 0.00101835 0.000566263 1.64355e-05 4.95722e-05 0.000541002 4.43857e-06 2.61707e-05 0.000591703 2.23252e-12 0.941587 2.90908e-05 0.00087544 0.0431714 
0.0384948 0.00168832 4.62655e-05 0.00111089 0.00685269 0.00278026 0.00561102 9.33623e-12 4.7206e-11 0.00293724 0.00360185 7.64418e-06 2.74785e-05 0.000217332 4.62804e-07 0.00115368 1.65448e-07 9.31224e-08 0.718478 8.80215e-08 0.00400855 0.212983 
0.000660969 0.00258683 0.0190194 0.00980906 0.00272912 0.0316824 0.00972201 1.45175e-05 1.78477e-07 0.00235087 0.0128673 1.0124e-05 0.000518268 0.00133507 0.00276813 0.00208443 0.000309685 7.05166e-10 0.5084 0.000228874 0.184997 0.207906 
0.00128937 0.000183744 0.00039583 0.000561047 0.00614235 0.00285141 0.00022305 1.78151e-06 3.50124e-10 7.80392e-05 0.000266976 5.0413e-05 4.23831e-08 0.00850458 9.41957e-05 4.78345e-05 0.000312166 5.93405e-10 0.888797 3.28037e-06 0.0397001 0.0504967 
0.000417183 0.00434881 0.00177649 0.00023217 0.000980473 0.00122484 0.0128531 8.77921e-06 1.24507e-10 0.0634296 0.000286343 0.000101509 0.0209181 0.000515254 3.70946e-05 3.78201e-05 0.00317894 3.8855e-12 0.59595 0.000260251 0.00183362 0.29161 
0.000340542 0.00141729 0.000551719 0.0242694 0.00033923 0.00504399 0.00222526 2.26946e-05 2.77681e-07 0.000549759 0.00491459 3.12943e-09 9.48866e-05 0.000286658 0.0011155 0.00423608 0.000352813 9.82913e-12 0.813581 1.7979e-05 0.0338899 0.10675 
0.000663698 0.00178116 0.00458508 0.000299222 0.00627596 0.00451364 0.00564187 5.56345e-06 1.5433e-07 8.70204e-05 0.00440176 0.000117184 1.598e-05 0.00284731 0.000316002 0.000177077 0.000652777 5.92152e-09 0.952071 2.14946e-05 0.00204446 0.0134815 
0.000417183 0.00434881 0.00177649 0.00023217 0.000980473 0.00122484 0.0128531 8.77921e-06 1.24507e-10 0.0634296 0.000286343 0.000101509 0.0209181 0.000515254 3.70946e-05 3.78201e-05 0.00317894 3.8855e-12 0.59595 0.000260251 0.00183362 0.29161 
4.77847e-05 0.000976501 1.42259e-05 0.00031791 7.87986e-05 0.00111705 0.00896614 5.01551e-06 2.8555e-08 0.00101835 0.000566263 1.64355e-05 4.95722e-05 0.000541002 4.43857e-06 2.61707e-05 0.000591703 2.23252e-12 0.941587 2.90908e-05 0.00087544 0.0431714 
0.0017574 0.000178473 0.000295064 0.131108 0.000201684 0.0161933 0.0228887 5.3151e-11 7.7736e-07 2.46642e-07 0.286436 9.99367e-08 2.83294e-10 7.83139e-05 0.00664667 2.72723e-10 0.0339902 3.64858e-10 0.425206 0.0140183 0.00982122 0.0511795 
0.00380281 0.000215676 0.0108094 0.033925 0.00147934 0.0145455 0.0160839 0.000248288 2.26004e-05 0.231153 0.00501703 1.57997e-05 3.45621e-05 0.000852704 0.000712902 0.00148868 0.00291005 3.2207e-11 0.433787 0.000653086 0.0137995 0.228443 
0.00736879 0.00529758 2.30092e-06 0.0623973 0.0260194 0.0373031 0.132165 2.3021e-06 2.29931e-06 0.00483395 0.0170386 0.00414343 2.29912e-06 2.30149e-06 0.00759879 2.29926e-06 2.30211e-06 2.29807e-06 0.291709 2.3011e-06 0.217362 0.186742 
0.0236367 0.0120515 0.00485616 0.126071 0.0284547 0.0258147 0.0348333 8.23125e-05 5.01155e-06 0.00145206 0.0317546 0.000154883 0.000880214 0.00324848 0.0231017 0.0193162 0.00747159 3.90564e-08 0.345863 0.00451135 0.0709436 0.235496 
0.000607769 0.00177199 0.000958173 0.0120814 0.000952647 0.00817183 0.00570657 5.26064e-05 6.18957e-06 0.00436931 0.000321642 2.78179e-06 2.36547e-08 0.0222545 0.000269949 0.00121867 0.000195732 3.73796e-08 0.378413 3.37023e-05 0.286633 0.275979 
0.00411213 0.0701308 8.38305e-05 0.00577982 0.0515114 0.263532 0.104054 3.26361e-05 1.97233e-06 3.25752e-05 0.0232382 0.000723588 0.000348581 0.000418031 0.00381622 0.000184293 0.00298744 5.83152e-11 0.402404 0.00723361 0.0480066 0.0113688 
0.000178226 0.0012505 6.3655e-05 0.0197823 0.00235627 0.0091691 0.0116704 4.22141e-05 7.88595e-09 0.00169732 0.00504262 7.90786e-05 0.000208752 0.0504004 0.001552 1.01265e-05 0.00268234 4.97416e-11 0.536991 4.81684e-06 0.035259 0.32156 
0.0155749 0.0209888 0.00733949 0.116857 0.0480621 0.0241397 0.0736379 0.000793386 7.09452e-05 0.00461038 0.0144736 0.0185144 0.00122341 0.0166197 0.0143829 0.000531663 0.0317745 1.64701e-05 0.275219 0.00508211 0.0584226 0.251666 
0.000465818 0.000734849 1.57511e-06 0.00454192 7.35849e-05 0.00181781 0.00241402 3.85444e-06 9.70766e-07 0.00287452 0.000192346 8.86502e-07 4.27695e-05 0.0034961 0.000172742 0.00335395 6.21479e-05 8.86617e-08 0.509646 3.31214e-06 0.0281484 0.441952 
1.05463e-05 4.24189e-09 4.73467e-06 0.00056414 5.99472e-05 2.19932e-10 0.000961491 4.49351e-08 1.45623e-09 2.41972e-05 0.000238908 3.95172e-05 9.18817e-12 0.000112857 0.000151312 0.000334295 3.01632e-05 1.18336e-11 0.9686 8.59141e-06 0.000361693 0.0284976 
1.05463e-05 4.24189e-09 4.73467e-06 0.00056414 5.99472e-05 2.19932e-10 0.000961491 4.49351e-08 1.45623e-09 2.41972e-05 0.000238908 3.95172e-05 9.18817e-12 0.000112857 0.000151312 0.000334295 3.01632e-05 1.18336e-11 0.9686 8.59141e-06 0.000361693 0.0284976 
0.00680937 0.0484231 0.00130433 0.0249621 0.0511561 0.0724271 0.0643447 2.7958e-05 1.49499e-06 0.0146708 0.00788232 0.00186965 0.00100013 0.00336827 0.020028 0.000934004 0.00303944 1.33735e-06 0.328004 0.0112381 0.0271692 0.311339 
0.000340542 0.00141729 0.000551719 0.0242694 0.00033923 0.00504399 0.00222526 2.26946e-05 2.77681e-07 0.000549759 0.00491459 3.12943e-09 9.48866e-05 0.000286658 0.0011155 0.00423608 0.000352813 9.82913e-12 0.813581 1.7979e-05 0.0338899 0.10675 
0.000766821 0.00206706 0.00162182 0.00470838 0.000482281 0.000410874 0.00143587 3.73925e-06 4.8652e-08 0.000695278 0.000463496 0.000166012 1.25876e-06 0.00623977 0.000388017 0.000439255 0.000497229 6.04505e-12 0.905798 0.00239672 0.0070294 0.0643885 
0.00614873 0.0036401 0.00147351 0.0409434 0.00419755 0.0205723 0.024436 4.16657e-05 0.00446458 0.00266121 0.00192329 0.00103735 0.000743557 0.0192833 0.0124744 0.00119935 0.00293308 7.65974e-07 0.658247 0.00349926 0.0353225 0.154757 
0.000265598 0.00137401 0.0025065 0.0067409 0.00128683 0.00475198 0.000110723 2.53945e-05 5.54871e-08 0.00297102 0.00140412 1.596e-05 1.85192e-06 0.0519639 0.000785214 0.000206498 0.000229563 6.06705e-08 0.672941 0.000134838 0.09007 0.162214 
0.034661 0.00848002 0.00404826 0.0535972 0.00746908 0.0289541 0.0245799 6.89464e-05 0.000184838 0.000513406 0.0427753 0.00125843 0.00150012 0.000370979 0.0318332 0.00167737 0.0119616 8.44923e-09 0.487449 0.000897259 0.0798049 0.177915 
0.00176609 0.0350818 0.00405032 0.0357677 0.00492351 0.0181548 0.191648 0.000116372 6.79276e-08 0.0138047 0.00573502 0.00773902 0.000109701 0.00540855 0.00110928 0.000349578 0.00385538 1.97435e-09 0.418318 0.000211227 0.10233 0.14952 
0.000576566 0.000656758 8.27114e-05 0.02412 0.000914204 0.0110738 0.0259249 1.96473e-05 2.6547e-08 0.00323981 0.0185614 1.1787e-05 0.000165588 0.000392149 0.0033729 0.00132176 0.00374029 3.43546e-11 0.723091 0.00119666 0.00354754 0.17799 
0.000301208 0.00121989 5.09552e-07 0.00136757 0.000120147 0.00168679 0.00150914 4.86268e-06 2.14289e-07 0.00479283 0.000315035 3.45575e-07 4.06368e-05 0.00585827 0.000281222 0.00141356 9.66414e-05 9.54856e-12 0.490677 3.26105e-06 0.0396346 0.450676 
0.0222373 0.0849084 0.000848451 0.0230808 0.00761071 0.0162343 0.0238349 1.90309e-05 1.58507e-05 0.00225012 0.022959 0.0102381 0.00297705 0.000611538 0.0136196 0.00125327 0.000479251 1.12467e-06 0.512221 0.000209132 0.0302909 0.2241 
0.0235423 0.0123665 0.000216224 0.00945912 0.056613 0.0189268 0.0500528 6.04047e-06 7.28901e-06 0.00109334 0.00875879 0.000421857 0.000268829 0.000183496 0.00432051 0.0527961 0.00908043 1.39549e-06 0.609804 0.000487484 0.0321544 0.109439 
0.00320765 0.00526506 0.00040578 0.00203865 0.0004996 0.000306581 0.00448665 8.71444e-07 6.7606e-10 0.00148845 0.000285818 1.01152e-05 5.45781e-06 0.00096845 0.000412414 0.000206721 0.00107636 4.85817e-12 0.873666 0.00902443 0.0132711 0.0833739 
0.0117854 0.0265192 2.52297e-05 0.000437879 0.00579591 0.00393721 0.0285752 9.68413e-06 8.2433e-08 0.048661 0.000242129 1.99563e-05 2.57966e-05 0.00126445 0.000169198 0.000533727 0.0075389 2.55865e-12 0.73587 0.0013487 0.00769574 0.119545 
0.00612435 0.0174123 0.239805 0.0280027 0.00278286 0.00405403 0.0308344 6.66198e-05 5.00504e-07 0.0124207 0.0174929 0.000367424 0.00031584 0.02329 0.00336915 0.000480363 0.00194803 4.17036e-08 0.363056 0.00713012 0.0386628 0.202384 
0.00617254 0.000554237 0.000368626 0.0165593 0.00915671 0.0259032 0.00341564 1.31376e-05 1.893e-06 0.000134593 0.0658283 0.00261587 0.000122381 0.0105885 0.00547961 0.00121524 0.00384591 5.6832e-05 0.771801 0.00180109 0.0112144 0.063151 
0.00869481 0.0410415 0.00416902 0.00530199 0.00613739 0.00788659 0.008614 1.70954e-05 1.37743e-06 0.000256547 0.00378728 8.36505e-05 3.09707e-05 0.000759696 0.00171068 0.000242609 0.00360554 3.52447e-12 0.812385 8.75628e-05 0.0653694 0.0298178 
0.0313026 0.029982 0.000512369 0.0234293 0.0254257 0.0110796 0.0187832 0.00359172 1.91261e-05 0.004203 0.0105855 0.000266155 0.00176783 0.00185246 0.00886539 0.00398735 0.00493591 0.000227675 0.385046 0.0647298 0.0376039 0.331803 
0.0202016 0.0494398 6.74532e-07 0.000231472 0.0058164 0.00228629 0.0349709 1.94592e-06 3.19715e-07 0.0218335 1.10758e-05 2.00448e-06 9.17233e-06 0.000105275 0.000272981 0.00184939 0.00851385 1.9063e-12 0.736642 5.06055e-06 0.0201195 0.0976873 
0.000301208 0.00121989 5.09552e-07 0.00136757 0.000120147 0.00168679 0.00150914 4.86268e-06 2.14289e-07 0.00479283 0.000315035 3.45575e-07 4.06368e-05 0.00585827 0.000281222 0.00141356 9.66414e-05 9.54856e-12 0.490677 3.26105e-06 0.0396346 0.450676 
0.00337679 0.000338455 0.000858913 0.00121789 0.0158975 0.0072369 0.000318192 1.23198e-07 3.36335e-10 9.10236e-05 0.0005712 0.000131983 5.00957e-09 0.00173377 0.000158126 7.43546e-05 0.00081753 6.54435e-10 0.804612 8.58024e-06 0.0985594 0.0639971 
0.0124853 0.0414223 0.00318898 0.0193536 0.0147003 0.0115028 0.0256616 4.52826e-06 1.52234e-05 0.00400393 0.00189293 4.73544e-05 1.01261e-05 0.000746045 0.00579272 0.00372296 0.00610049 2.04104e-08 0.566354 0.0020487 0.0949577 0.185988 
0.00579938 0.012197 0.000646312 0.0274665 0.0130245 0.040419 0.0152098 0.000159139 4.43519e-06 0.00517384 0.00594124 0.000345258 0.000218692 0.00436214 0.00447781 0.00093753 0.0043088 0.000287771 0.712955 0.000618775 0.0469082 0.0985389 
9.51709e-08 7.42661e-12 6.81986e-08 0.345278 1.85612e-07 2.92315e-07 4.64872e-12 1.1449e-08 5.2631e-08 4.5059e-07 0.010625 1.81802e-06 5.54253e-11 1.62967e-06 0.00549369 5.33572e-11 0.0397153 7.13831e-11 0.527467 2.55646e-11 0.00475926 0.0666576 
0.000265598 0.00137401 0.0025065 0.0067409 0.00128683 0.00475198 0.000110723 2.53945e-05 5.54871e-08 0.00297102 0.00140412 1.596e-05 1.85192e-06 0.0519639 0.000785214 0.000206498 0.000229563 6.06705e-08 0.672941 0.000134838 0.09007 0.162214 
2.40718e-06 2.40745e-06 2.40602e-06 0.154327 0.0264857 0.0423777 0.0729541 0.0101128 0.0526574 0.0110695 2.40736e-06 2.40571e-06 0.0329392 2.40661e-06 2.40712e-06 0.0262091 2.40727e-06 2.40304e-06 0.261698 0.0240644 0.051046 0.234037 
0.0974125 0.0766554 1.12148e-05 0.000417583 0.0370725 0.014503 0.113361 0.0039826 6.3808e-06 0.0160747 0.0062507 1.13022e-05 0.00191987 0.000961151 0.00930848 0.00217101 0.0265105 6.73947e-06 0.318435 0.0017894 0.0402112 0.232928 
0.00172975 0.00610425 0.00999846 0.00381898 0.00333151 0.0057387 0.00607021 2.56018e-05 1.57437e-07 0.00180391 0.00121097 4.47052e-05 4.50473e-05 0.0139197 0.000518978 0.000134835 0.00239135 7.83856e-09 0.81734 0.00145876 0.0308234 0.0934909 
0.00140407 0.0135893 0.00406598 0.00732032 0.00210142 0.00840923 0.0024053 8.73432e-06 8.21964e-07 0.000207796 0.00368765 7.04319e-05 1.69091e-05 0.00114446 0.00150124 0.000321444 0.00225698 5.89699e-12 0.823482 7.03682e-05 0.0845136 0.0434222 
0.000726235 0.00717456 3.89989e-05 0.00865449 0.000753696 0.0106688 0.0424605 2.59669e-05 1.87829e-05 0.109977 0.00222032 6.46542e-06 1.93079e-05 0.000625395 0.00139164 0.000407763 0.00329281 3.60075e-10 0.438466 0.0123306 0.0231542 0.337586 
0.003529 2.25473e-05 1.04069e-05 0.0171856 0.00551973 0.000853577 0.00847001 1.53646e-06 8.16026e-05 1.35862e-05 0.217578 2.80972e-06 3.86459e-09 1.37068e-09 0.00616467 3.72039e-09 0.0003519 4.97726e-09 0.735552 0.00387429 0.000695253 9.35383e-05 
0.00773442 0.0264437 0.000895346 0.015437 0.00827229 0.0299598 0.0310582 0.000215949 1.81373e-05 0.00502137 0.00411738 0.00057496 0.00251231 0.00615514 0.00147301 0.000622171 0.0047947 9.96558e-07 0.686295 0.000993155 0.0384205 0.128984 
0.00469806 0.00762232 0.00188101 0.0457681 0.0121823 0.0480641 0.0219808 0.000141149 5.4529e-06 0.0114999 0.0213341 0.000594211 6.12427e-05 0.0184847 0.00648651 0.00354924 0.00504714 1.29531e-06 0.537087 0.00307142 0.0318324 0.218608 
0.0871073 0.00194979 0.000219762 0.0734438 0.0925566 0.0481125 0.0635649 7.77275e-06 1.64431e-06 0.00130523 0.257233 0.000110882 9.22327e-05 0.000611001 0.00371294 0.000727098 0.00224272 4.89046e-07 0.265339 0.000366434 0.0332762 0.0680182 
0.000301208 0.00121989 5.09552e-07 0.00136757 0.000120147 0.00168679 0.00150914 4.86268e-06 2.14289e-07 0.00479283 0.000315035 3.45575e-07 4.06368e-05 0.00585827 0.000281222 0.00141356 9.66414e-05 9.54856e-12 0.490677 3.26105e-06 0.0396346 0.450676 
3.66453e-05 0.000149926 0.00488017 0.0118866 0.000542406 0.000531206 0.000134486 3.00935e-06 9.50559e-09 9.53337e-05 0.00105916 0.000633011 7.59253e-12 0.00049381 0.000481789 0.00159085 0.000265223 9.77854e-12 0.910571 7.92215e-05 0.003126 0.06344 
0.001308 0.00412643 0.000389075 0.0143753 0.00374636 0.0088406 0.0116813 0.000114786 0.042563 0.000272222 0.00460308 8.48857e-05 0.0168814 0.00643688 0.00164801 0.0152098 0.00782247 1.05974e-09 0.712457 0.00113757 0.0214051 0.124897 
0.00101718 0.00356023 0.00588899 0.025908 0.00134712 0.0145515 0.00424204 3.5817e-05 5.40549e-07 0.000553442 0.00606661 2.99776e-06 0.000172718 0.00189887 0.00285668 0.00518746 0.00176366 6.28998e-12 0.724843 3.57689e-05 0.0863073 0.11376 
0.000301208 0.00121989 5.09552e-07 0.00136757 0.000120147 0.00168679 0.00150914 4.86268e-06 2.14289e-07 0.00479283 0.000315035 3.45575e-07 4.06368e-05 0.00585827 0.000281222 0.00141356 9.66414e-05 9.54856e-12 0.490677 3.26105e-06 0.0396346 0.450676 
0.0112339 0.0216584 0.00374684 0.0252144 0.019761 0.0261657 0.0355328 0.00159432 9.68837e-05 0.00902799 0.00751741 0.0015296 0.00123683 0.00880155 0.00377921 0.00267555 0.00853423 0.000134337 0.370449 0.00828375 0.0656616 0.367365 
1.34048e-08 0.00146774 6.35681e-05 0.00775626 0.000595658 0.00946527 0.0116694 4.21637e-05 3.80159e-09 0.000388941 0.00123187 6.60265e-09 0.000208323 0.0521751 0.000508493 1.00577e-05 0.0026818 9.94789e-12 0.753024 4.78638e-06 0.0352571 0.123449 
0.000331994 0.0017175 0.00313311 0.00780634 0.00160853 0.00593998 0.000125177 3.17426e-05 6.92971e-08 0.00371376 0.00172319 1.87721e-05 2.11532e-08 0.0647769 0.000981514 0.000242223 0.000286952 7.57305e-08 0.632122 0.000168546 0.111837 0.163435 
0.0335651 0.0733526 0.00409958 0.0188988 0.0305113 0.0573536 0.113481 6.14202e-05 1.03741e-06 0.0215245 0.00425417 0.00128771 0.000274573 0.00540975 0.00306045 0.00101688 0.0285724 0.000141336 0.253632 0.00291476 0.100618 0.24597 
0.00337679 0.000338455 0.000858913 0.00121789 0.0158975 0.0072369 0.000318192 1.23198e-07 3.36335e-10 9.10236e-05 0.0005712 0.000131983 5.00957e-09 0.00173377 0.000158126 7.43546e-05 0.00081753 6.54435e-10 0.804612 8.58024e-06 0.0985594 0.0639971 
0.00943524 0.0260018 0.00111156 0.040168 0.022193 0.0358255 0.0246755 0.00277834 4.17527e-06 0.00266655 0.00619468 0.000177642 0.00183867 0.00745323 0.00334907 0.00101222 0.0172634 1.1958e-11 0.708293 0.000523163 0.0369366 0.0520984 
0.00382617 0.0210574 1.14458e-05 0.000541106 0.00142411 0.00205754 0.0230716 1.55221e-05 2.10987e-07 0.00875499 0.000340768 1.27374e-05 4.3189e-05 0.00154077 6.95811e-05 0.000398304 0.00440178 2.33876e-12 0.852162 3.64624e-05 0.00692306 0.0733116 
0.000546922 0.00104612 0.000231763 0.00103663 0.000468676 0.00178233 0.00340576 2.77361e-05 3.92813e-07 5.62921e-05 0.00200916 4.19126e-06 4.47395e-06 0.0172354 0.000303606 0.000419447 0.000601142 1.01861e-08 0.620065 0.000108633 0.0345643 0.316082 
3.66453e-05 0.000149926 0.00488017 0.0118866 0.000542406 0.000531206 0.000134486 3.00935e-06 9.50559e-09 9.53337e-05 0.00105916 0.000633011 7.59253e-12 0.00049381 0.000481789 0.00159085 0.000265223 9.77854e-12 0.910571 7.92215e-05 0.003126 0.06344 
0.0745974 0.0145749 0.00440949 0.00423142 0.0388178 0.0447077 0.0374537 3.3117e-05 1.17519e-09 0.00298656 0.00328634 1.97042e-05 1.4704e-05 0.00558398 0.000316995 4.9583e-07 0.0121123 7.38044e-11 0.526186 0.0115061 0.00125458 0.217906 
0.00515392 0.0146708 0.000225827 0.000506043 0.00271429 0.00218331 0.0206483 4.06874e-06 1.143e-07 0.0232416 0.000626337 1.68818e-05 0.00317994 0.000396515 0.000393823 0.000403279 0.00648287 3.25945e-12 0.785066 0.000389237 0.00741365 0.126283 
7.16763e-05 0.00137833 2.13382e-05 0.000476864 0.000118197 0.00160075 0.0133249 7.52264e-06 4.2762e-08 0.00152752 0.000849392 2.46526e-05 7.00517e-05 0.000718085 6.6576e-06 3.67193e-05 0.00088755 3.02042e-12 0.916055 4.36351e-05 0.00131316 0.0614676 
0.000417183 0.00434881 0.00177649 0.00023217 0.000980473 0.00122484 0.0128531 8.77921e-06 1.24507e-10 0.0634296 0.000286343 0.000101509 0.0209181 0.000515254 3.70946e-05 3.78201e-05 0.00317894 3.8855e-12 0.59595 0.000260251 0.00183362 0.29161 
0.0131741 0.041251 0.00875433 0.0135588 0.0122303 0.0224889 0.0418116 0.000110315 8.82218e-06 0.00339986 0.00803101 0.00051429 0.000427629 0.00856063 0.0109599 0.00369511 0.0126028 1.56133e-06 0.409069 0.0409862 0.0840706 0.264293 
0.000580898 0.0463139 0.000278026 0.0282526 0.022385 0.203382 0.0853362 0.0095127 3.89062e-05 0.00211689 0.00653483 0.00029976 0.00300606 0.0625907 0.00689125 0.000104587 0.0684707 1.6122e-08 0.264506 8.82142e-05 0.125312 0.0639987 
0.003326 0.0123151 5.37891e-05 0.00206813 0.00754625 0.0826861 0.0487157 8.0533e-05 9.0554e-09 0.00614788 0.0014189 0.000844003 9.80598e-05 0.00755379 0.00618681 5.08452e-05 0.00297499 3.55813e-11 0.633165 0.00766971 0.0176217 0.159476 
0.000109616 0.00260457 0.00128772 0.00721541 0.000627679 0.0079063 0.00251781 2.11713e-05 2.60494e-07 0.00162409 0.000168679 3.41577e-05 3.65511e-06 0.00430106 0.002609 0.000560951 0.000621485 7.62945e-10 0.786171 0.000449183 0.0856328 0.0955335 
0.0216507 0.0298398 0.00112361 0.0102034 0.050088 0.0278584 0.102148 4.09634e-05 2.09724e-08 0.00504047 0.0143689 6.48295e-05 5.65892e-05 0.00499668 0.000337843 2.83408e-05 0.00630133 1.95277e-11 0.42747 0.0250593 0.0114088 0.261914 
0.00619327 0.0216893 0.00173125 0.00453071 0.0185804 0.0782492 0.0159607 4.17989e-05 2.57773e-06 0.000618409 0.0089441 0.00054765 0.000161029 0.000971349 0.00335229 0.000279002 0.00268312 2.79313e-12 0.771301 9.39136e-05 0.0479431 0.0161254 
0.0117669 0.00426449 0.0128946 0.0237686 0.0145323 0.00953491 0.0151245 1.65838e-05 1.56331e-05 0.00110147 0.0105668 0.00159873 0.000129964 0.00117335 0.00122626 0.00221149 0.00161616 2.85412e-08 0.722316 0.000126347 0.0251276 0.140887 
0.00747098 2.32872e-05 0.0224799 0.0988067 0.00196589 0.0371847 0.00697218 9.07537e-07 3.721e-06 8.42538e-05 0.0183049 1.30618e-05 5.53661e-05 0.000245276 0.00114117 0.265718 0.00115984 1.08415e-05 0.508397 0.00051447 0.00314415 0.0263033 
0.000923068 2.54236e-05 0.00159923 0.0795252 0.000992693 0.0214198 0.0127331 5.1091e-05 8.6362e-06 0.00609992 0.00580997 6.66668e-06 8.63779e-05 0.000758863 0.000375297 0.00215626 0.000686259 7.45666e-12 0.764666 0.000517932 0.02459 0.0769678 
0.00037503 0.000221072 1.95982e-10 0.0107705 0.0226267 0.000515774 0.169535 1.03886e-06 2.55826e-05 1.04251e-06 0.000590375 0.00019251 0.078126 5.52718e-05 0.000188743 0.000368019 0.00114279 4.92524e-10 0.420257 4.45889e-06 0.000669527 0.294333 
0.000232757 9.30486e-05 9.70314e-06 0.000778414 0.000211914 0.00105348 0.00553702 6.43602e-13 5.30128e-08 1.87154e-12 0.00176771 2.37281e-09 6.04e-10 2.014e-05 0.000948881 1.10807e-06 0.00194218 4.41805e-12 0.943775 0.00132789 0.000759292 0.0415413 
0.00383166 0.00767665 0.00146933 0.0111458 0.00597134 0.0546375 0.0237405 1.44258e-05 5.4641e-07 0.000539968 0.00787974 0.000696621 0.000951172 0.0012734 0.00395043 0.000935342 0.00308034 9.20202e-08 0.78134 0.000410315 0.0315867 0.0588684 
0.00140407 0.0135893 0.00406598 0.00732032 0.00210142 0.00840923 0.0024053 8.73432e-06 8.21964e-07 0.000207796 0.00368765 7.04319e-05 1.69091e-05 0.00114446 0.00150124 0.000321444 0.00225698 5.89699e-12 0.823482 7.03682e-05 0.0845136 0.0434222 
0.000301208 0.00121989 5.09552e-07 0.00136757 0.000120147 0.00168679 0.00150914 4.86268e-06 2.14289e-07 0.00479283 0.000315035 3.45575e-07 4.06368e-05 0.00585827 0.000281222 0.00141356 9.66414e-05 9.54856e-12 0.490677 3.26105e-06 0.0396346 0.450676 
0.00337696 0.000338485 0.000859014 0.00121794 0.0213074 0.0080551 0.000318275 1.25794e-07 8.05829e-10 9.10505e-05 0.000571234 0.000132056 5.74482e-09 0.00172504 0.000158151 3.83169e-05 0.000817584 1.66728e-09 0.682568 8.59157e-06 0.104151 0.174266 
0.00744042 0.0865388 0.000105779 0.123498 0.00726194 0.071978 0.0680441 0.000346777 1.59189e-05 0.0242878 0.0166738 0.000134272 3.75145e-05 0.00272681 0.00551741 0.000550842 0.00463568 3.85888e-07 0.431675 0.00107429 0.0706366 0.0768198 
0.0152525 0.0161599 0.000230206 0.000784897 0.0264165 0.012033 0.0319649 2.75787e-06 1.22499e-07 0.00684016 0.00112389 5.13283e-05 6.17877e-05 0.00103027 0.000513614 0.000858938 0.00451907 6.49132e-10 0.613432 4.56149e-05 0.0915292 0.177149 
0.00151651 0.00917206 0.00462836 0.0153859 0.000817171 0.00860476 0.00823293 9.33382e-05 5.96222e-06 0.0851943 0.0016397 2.474e-05 1.49788e-05 0.0121394 0.00321793 0.00163648 0.00285761 2.48163e-07 0.664413 0.000421956 0.0321673 0.147815 
0.000265598 0.00137401 0.0025065 0.0067409 0.00128683 0.00475198 0.000110723 2.53945e-05 5.54871e-08 0.00297102 0.00140412 1.596e-05 1.85192e-06 0.0519639 0.000785214 0.000206498 0.000229563 6.06705e-08 0.672941 0.000134838 0.09007 0.162214 
0.00383506 0.00554345 0.000491806 0.00863996 0.0243666 0.0316414 0.000175335 3.22266e-06 1.81601e-06 0.00037742 0.00208031 2.77594e-05 3.30229e-06 0.00355678 0.159574 0.0155438 0.0381026 2.55196e-06 0.382968 0.000212803 0.153822 0.16903 
0.039555 0.0220717 0.00142144 0.0158848 0.0409676 0.0162896 0.0373687 1.13415e-05 3.73268e-09 0.00164193 0.00333892 0.0428709 0.000376985 0.00183731 0.00697434 0.000478308 0.0172883 5.49656e-10 0.578813 0.00700445 0.0149587 0.150846 
0.00449736 0.0481351 5.5167e-05 0.0193966 0.00488492 0.0514663 0.0439462 4.91206e-05 2.92018e-05 0.0168511 0.000687104 8.53664e-05 9.96394e-06 0.000303646 0.000543402 9.4744e-05 0.00846185 4.29481e-11 0.706712 0.000137273 0.0583465 0.0353075 
0.00140451 0.00319851 5.27203e-05 0.00149777 0.0343274 0.226052 0.0229833 3.67563e-05 2.32612e-06 6.95832e-05 0.0127775 0.00133861 0.000440665 0.000494407 0.00372745 0.000181305 0.000467616 1.45769e-12 0.675184 9.26396e-05 0.0121309 0.00353997 
0.0120323 0.0401863 0.000813492 0.0430484 0.0154101 0.0584431 0.0589938 0.00572624 0.000110653 0.00507242 0.0137062 0.0066798 0.0108062 0.153584 0.00785408 0.00048371 0.0067304 2.00199e-07 0.383334 0.00386142 0.0316062 0.141517 
0.0136013 0.0954424 0.000478603 0.0125885 0.0164009 0.0265986 0.121327 0.000155499 5.17722e-06 7.97468e-05 0.00416651 6.17571e-05 8.4554e-05 0.000110612 0.00200601 0.000292176 0.00156127 2.14151e-12 0.349408 0.000572991 0.27739 0.0776694 
0.000232757 9.30486e-05 9.70314e-06 0.000778414 0.000211914 0.00105348 0.00553702 6.43602e-13 5.30128e-08 1.87154e-12 0.00176771 2.37281e-09 6.04e-10 2.014e-05 0.000948881 1.10807e-06 0.00194218 4.41805e-12 0.943775 0.00132789 0.000759292 0.0415413 
0.00314149 2.47832e-06 4.03413e-05 0.0267172 0.0635513 0.0061238 0.000933836 4.32955e-05 1.66922e-05 7.15607e-07 5.10884e-06 0.00449132 2.17538e-09 1.6917e-05 0.00365507 8.77379e-05 0.0855949 5.50845e-07 0.563325 0.00238531 0.0215972 0.218269 
0.0116285 0.00760851 0.00439887 0.0880256 0.00551329 0.00510668 0.0323446 1.33701e-05 0.000212414 0.00972369 0.00276618 4.57481e-05 1.74401e-05 0.016154 0.00145392 0.00278032 0.00237497 1.10147e-08 0.557654 0.00564752 0.0156105 0.23092 
0.0178336 0.00516333 0.000261262 0.00102273 0.00885874 0.00315778 0.00761887 7.38095e-06 2.52727e-06 0.000556984 0.00854623 4.75259e-05 5.60564e-08 0.000471555 0.00129551 8.25984e-05 0.004268 2.44533e-07 0.48966 0.00695556 0.00712818 0.437061 
0.0213322 0.114328 0.000488182 0.0198888 0.0303312 0.0689768 0.0616436 7.82836e-05 4.48666e-06 0.000823304 0.0175812 0.000303568 0.00125756 0.00269016 0.00390338 0.00344037 0.00786012 0.000364187 0.428091 0.0108516 0.0281502 0.177612 
