0.00525009 0.0501754 2.19596e-09 0.0105398 0.0224961 0.0260426 0.278206 1.53707e-06 5.75504e-09 1.28639e-06 5.17203e-08 1.50436e-08 8.40405e-06 3.0419e-08 0.00831823 0.00152522 0.00866597 1.16408e-11 0.0125494 0.000268739 0.317429 0.258522 
0.0756435 0.0127225 0.0251896 0.0699839 0.067491 0.0361919 0.205768 0.000430889 0.000138722 0.00119312 0.0210968 0.0033993 4.76809e-05 0.0223752 0.0383565 7.28603e-05 0.017414 1.3944e-10 0.00831863 0.00683747 0.34449 0.0428387 
0.0314606 0.0323694 0.000671865 0.0119664 0.0260548 0.0209529 0.115799 8.21391e-06 2.19589e-05 6.39838e-05 0.0198516 3.82093e-05 0.000118412 0.000220683 0.00425469 0.000784206 0.0808139 1.70625e-10 0.00319336 0.0018155 0.624308 0.0252327 
0.0620301 0.0603324 0.00334694 0.0166877 0.154081 0.136998 0.0947157 8.77881e-08 2.65941e-08 4.11731e-05 0.0386158 0.00639632 2.6952e-05 0.00433457 0.0129707 0.000175473 0.00498996 1.68142e-10 0.000487084 3.43742e-07 0.388611 0.0151581 
0.0557487 0.039315 0.00236754 0.0313009 0.0577272 0.0861891 0.211058 0.000123727 0.000364599 0.00409523 0.0137299 0.00137653 0.000302637 0.00407487 0.00977716 0.000992212 0.0887663 0.000143311 0.0238984 0.00151052 0.295061 0.0720775 
0.00493702 0.0914114 0.00319541 0.0126637 0.0379993 0.133423 0.00310032 0.0107763 2.57939e-07 1.44051e-05 0.00906873 0.000573746 8.4621e-08 0.00989427 0.00539773 0.000206935 0.0648025 7.05097e-09 0.0211582 0.000913957 0.560155 0.0303076 
0.0463221 0.0882349 0.00356885 0.0549941 0.0395025 0.0566652 0.0766191 3.562e-05 2.88437e-05 0.00698572 0.00647175 0.0012263 0.000169962 0.00432301 0.0106575 0.000429766 0.0515159 4.82033e-06 0.0189374 0.00257878 0.477875 0.0528527 
7.01861e-06 0.00666856 1.34759e-09 3.11429e-06 0.477179 0.021383 2.2055e-10 4.93351e-10 2.9699e-05 1.43463e-09 2.86851e-06 4.41195e-07 5.6256e-07 9.3264e-10 7.35223e-06 6.0824e-06 2.28843e-06 3.38664e-09 3.16e-10 1.21286e-09 0.493419 0.00129143 
0.00119611 0.0313455 6.5981e-05 0.0438254 0.0687016 0.210608 0.24149 2.81536e-06 1.41718e-07 0.00364962 0.00412054 0.000236039 0.000103992 0.00966928 0.0235705 0.000301542 0.0213456 6.06656e-08 0.02857 0.00172416 0.25949 0.0499835 
0.249947 0.0832619 0.000121918 0.0481339 0.00798144 0.0356008 0.143529 2.43891e-05 3.61549e-05 0.0244701 1.44707e-05 0.000283367 2.81603e-05 0.00128945 0.00496578 0.0014593 0.0360689 1.33559e-08 0.022076 0.000295104 0.28895 0.0514639 
0.184208 0.0953287 0.000557185 0.0549794 0.0650722 0.0515199 0.0666645 3.8733e-05 1.70405e-06 0.000924228 0.0353885 0.000225455 0.0982215 0.000324853 0.0136205 0.000243391 0.0166776 1.03159e-09 0.00306547 0.00633848 0.24279 0.0638094 
0.0467789 0.0884061 0.00339061 0.0360764 0.0302274 0.0875348 0.13076 2.09114e-05 3.45895e-06 0.00271523 0.00832062 0.00716898 0.00125894 0.0106451 0.0347297 0.000186179 0.180631 8.16141e-06 0.00861194 0.00906207 0.222953 0.0905106 
0.00773435 0.015549 0.000266952 0.0179594 0.00851425 0.0867669 0.143848 1.59701e-05 6.05031e-07 2.07935e-05 0.00771681 0.000121366 5.63762e-07 3.63554e-05 0.0441491 5.50645e-06 0.00055125 2.47977e-06 0.0255786 0.0027354 0.616186 0.0222397 
0.04921 0.342055 0.000829156 0.00255658 0.0328982 0.0301144 0.0366462 1.18099e-05 7.75355e-06 4.19198e-05 0.00236358 4.96693e-05 3.57787e-05 0.00232797 0.00166496 2.3404e-05 0.0661384 1.91806e-11 0.0066268 0.00120556 0.407728 0.0174652 
0.0313467 0.136245 1.30668e-05 0.000492606 0.140719 0.179339 0.0685581 3.54393e-07 5.62158e-09 2.87842e-05 0.00556341 0.000563948 0.000186846 0.00912 0.0304296 3.21409e-05 0.159519 1.5591e-09 0.00300114 2.10721e-05 0.229039 0.00578177 
0.00559874 0.061074 0.00395749 0.0621736 0.0564345 0.029895 0.0188577 5.37643e-05 1.01272e-06 0.000860873 0.0104974 0.0144642 0.00409014 0.00785436 0.0105654 0.0012894 0.0295494 7.12919e-08 0.0189719 0.000117958 0.609184 0.0545094 
0.00822499 0.0649802 0.00318622 0.0375957 0.0531697 0.206367 0.0631067 5.99214e-05 1.72048e-05 0.00122585 0.0568993 0.00274221 0.000442754 0.00237886 0.0072552 0.000612066 0.18842 2.89909e-05 0.0205157 0.00297564 0.224242 0.0555533 
0.0300289 0.0398773 0.00390102 0.0718698 0.227786 0.0786982 0.0418678 0.00528063 0.000108322 0.000189889 0.0075635 0.00720954 3.18606e-05 0.0228656 0.108759 0.000197008 0.0451602 3.49413e-06 0.0112084 0.00238604 0.264365 0.0306425 
0.0089848 0.129532 0.002592 0.0409779 0.0677159 0.0876134 0.149971 0.00579309 2.3693e-05 0.000477139 0.0220975 0.0013645 2.80354e-05 0.00168109 0.00358784 0.00292914 0.068671 6.60868e-08 0.0088681 0.00144144 0.300264 0.0953856 
0.0135563 0.0121562 0.00775678 0.174258 0.0427963 0.0783915 0.187133 0.000107004 5.01528e-05 0.00109652 0.0122747 0.00457535 0.000243177 0.00618941 0.0165704 0.00024439 0.0213059 3.85829e-07 0.0133867 0.000702911 0.340657 0.0665474 
0.0389442 0.0170772 2.38743e-07 0.0010621 0.00257945 6.58596e-07 0.433598 3.2612e-12 1.17091e-07 1.31828e-07 0.0118181 8.39458e-08 1.73821e-11 1.06045e-07 1.04489e-07 5.45532e-07 0.00301365 2.23867e-11 2.48595e-08 4.61008e-07 0.484015 0.00789069 
0.0107238 0.0989934 0.00869176 0.0167474 0.051134 0.183801 0.0401992 4.043e-05 9.30493e-05 1.69852e-05 0.0134594 9.38704e-05 7.27554e-05 0.0320942 0.0166114 0.00326373 0.0441431 7.3913e-05 0.00263903 0.00011387 0.453965 0.0230288 
0.0631339 0.0960395 0.00261469 0.0194481 0.15373 0.0975446 0.101304 0.0015949 0.000218645 0.000549251 0.0393028 0.00144251 0.00170846 0.0060673 0.0204087 0.000282322 0.0688262 0.000201988 0.00876325 0.00312464 0.274459 0.0392355 
0.262693 0.0877923 9.75479e-05 0.0432852 0.0090488 0.031922 0.170068 1.95168e-05 2.89367e-05 0.0195764 0.000160528 0.000226725 2.2536e-05 0.0010316 0.0093717 0.00116753 0.0329367 1.51879e-08 0.0176609 0.000352955 0.269976 0.0425622 
0.0831024 0.0642245 0.000343171 0.00461229 0.00641545 0.311897 0.0780112 3.42638e-05 7.02343e-05 0.0104867 0.00129777 0.000485544 2.69405e-06 8.03575e-05 0.000206089 0.000234427 0.0138635 8.53638e-09 0.017302 0.000478531 0.366432 0.0404192 
0.00779193 0.234285 0.00212813 0.00861533 0.0401507 0.0949111 0.0811708 0.0295539 0.00011427 0.0201758 0.0529055 0.00285561 8.80499e-05 0.00921546 0.0208266 0.00068833 0.0643118 2.46708e-08 0.0294534 0.00175122 0.2556 0.0434074 
0.108572 0.0729403 0.000457519 0.00913741 0.0487013 0.0355546 0.0543141 2.54194e-05 1.65761e-05 1.78052e-05 0.00754058 0.000243817 0.0145418 0.000449119 0.00537511 4.96959e-05 0.127681 1.94857e-12 0.0039607 0.00184567 0.467624 0.0409521 
0.00188687 0.014858 0.00377767 0.193244 0.00954051 0.203258 0.120648 0.000151841 0.00045732 0.0159046 0.00687279 0.00142287 1.46587e-06 0.00296318 0.00504684 0.000519357 0.00992078 2.0521e-07 0.0583919 0.00402466 0.24779 0.0993189 
0.0281396 0.102596 0.000343119 0.00777495 0.0157882 0.101038 0.141921 1.38253e-05 1.92781e-05 0.00123325 0.00421269 0.00349178 0.00337202 0.00278946 0.00569116 0.000350819 0.0215091 0.00853465 0.0157741 0.00145 0.464039 0.0699172 
0.0158066 0.0562718 0.00116042 0.0502437 0.024985 0.070285 0.115068 8.90796e-05 1.12394e-05 0.000540651 0.0869469 0.00195015 0.000588551 0.016508 0.0227473 0.00101389 0.0100949 0.00410695 0.0118439 0.0267622 0.411093 0.0718829 
0.0244103 0.178495 0.00203421 0.012534 0.082702 0.100059 0.0960676 1.4965e-05 1.44357e-05 0.00121388 0.0130137 0.0020042 0.00210656 0.0045173 0.0118282 3.92123e-05 0.102635 3.13662e-05 0.0206891 0.000939369 0.299389 0.0452616 
0.00498731 0.171126 0.00058178 0.0106405 0.00925269 0.0896161 0.0657351 5.17333e-06 1.16472e-05 0.00216034 0.00820394 0.000177854 0.00409988 0.000660328 0.0132074 0.000275194 0.037845 1.37683e-07 0.0100734 0.00114229 0.538513 0.0316851 
0.00254773 0.0166602 0.0201816 0.194978 0.00279945 0.116446 0.0878792 0.000533955 0.00105123 0.00354813 0.0103214 5.31283e-05 0.000188359 0.00314605 0.012235 0.000131682 0.0234202 8.67042e-08 0.0036627 0.00038482 0.472522 0.0273093 
0.00952684 0.00112097 0.00694249 0.0144051 0.0478038 0.0449966 0.00157147 1.49038e-05 7.39644e-08 0.00099861 0.000947927 0.000783602 1.33672e-05 0.0163392 0.00685596 0.00882003 0.0596885 2.67661e-06 0.0250209 0.000113393 0.727898 0.0261359 
0.000996897 0.0198561 0.000217694 0.124738 0.0650768 0.108372 0.184813 2.24043e-05 6.71151e-08 8.5376e-05 0.04737 1.83808e-05 0.00433264 0.0235747 0.0357114 0.000188631 0.0147518 1.73412e-05 0.0242705 0.000504831 0.287359 0.0577216 
0.027103 0.0408696 0.00284206 0.0374529 0.0941092 0.0849955 0.218665 0.00495863 2.00689e-05 0.00205525 0.0834652 0.00132642 0.000715455 0.00683222 0.0207552 0.000659958 0.02125 0.000199579 0.0156128 0.00195086 0.284715 0.0494468 
0.0665346 0.0248201 0.00448377 0.00337929 0.0846811 0.243921 0.0218078 0.0132194 2.11626e-07 1.22553e-06 0.0352463 0.00324752 1.20463e-05 0.0162548 0.024031 0.00014161 0.00918708 5.95292e-05 0.0145411 0.000895919 0.412694 0.020841 
0.014811 0.072442 0.00379207 0.192568 0.0224287 0.17618 0.0393739 0.00307341 0.000188472 0.00524924 0.0141893 0.00157442 0.0577204 0.016382 0.0321208 0.000670619 0.0340741 0.000234608 0.0251058 0.000456665 0.269863 0.0175019 
0.0540915 0.0671181 8.09417e-05 0.0130446 0.102968 0.0268098 0.188301 3.13472e-05 2.09657e-05 0.00539312 0.00533394 0.000165118 9.7949e-06 4.07548e-05 0.000401101 0.000337985 0.000390082 5.13125e-11 0.0132275 0.00131394 0.466482 0.0544385 
0.0242177 0.00585741 4.36574e-05 0.0776948 0.136222 0.0874254 0.107629 4.56714e-06 3.64665e-05 0.00011903 0.0569842 0.0108962 0.00238714 0.007281 0.048363 0.000215926 0.0104596 2.73837e-05 0.000364758 0.000693443 0.384225 0.0388523 
0.0143753 0.0310254 0.00504856 0.0233015 0.19639 0.181481 0.0909183 0.00126268 3.70019e-05 0.00916006 0.0896909 0.0031924 0.000310912 0.0069175 0.0370965 0.00195022 0.0262157 1.1534e-05 0.0169869 0.00195105 0.20522 0.0574555 
0.128693 0.159572 0.00121592 0.0307966 0.026519 0.0195387 0.0916323 0.0131659 9.554e-05 0.00246069 0.0535622 0.000444141 2.67873e-05 0.00401095 0.00935191 0.0136934 0.0202255 4.88371e-07 0.0102367 0.018838 0.225848 0.170073 
0.0765226 0.083345 0.000993411 0.0408214 0.0747214 0.127309 0.0974998 3.15166e-05 4.13597e-05 0.00445157 0.0252229 0.000486945 0.000604201 0.00624955 0.0081896 0.000507103 0.00306421 1.86345e-11 0.0122613 0.00224489 0.398728 0.036705 
0.00717999 0.0148857 1.17738e-10 2.4114e-11 0.0134087 7.60377e-05 0.120212 4.31037e-11 7.13984e-07 1.1646e-06 0.412066 1.35291e-10 2.29742e-10 8.14842e-11 5.07517e-07 2.2117e-10 0.000775527 1.11304e-07 2.76087e-11 1.05967e-10 0.425899 0.00549447 
0.011271 0.223477 0.00259231 0.00180525 0.00815956 0.0604637 0.276976 2.03593e-05 1.1211e-06 0.00016551 0.00358582 0.00186739 3.11914e-07 0.000942513 0.0024755 0.000168234 0.0112079 1.54136e-11 0.000248031 0.000311739 0.359602 0.0346588 
0.00789816 0.0376575 2.23291e-05 0.00963126 0.0331373 0.0200336 0.0674726 1.11453e-05 9.93897e-06 5.87404e-05 0.00305285 0.000503046 3.11768e-09 0.00305474 0.00113212 6.34267e-05 0.00336086 1.83888e-05 0.00164375 0.000124291 0.79915 0.0119645 
0.0462642 0.117855 0.000968227 0.0119746 0.0564931 0.0523662 0.0730575 0.000129619 0.000116055 0.0131395 0.0212009 0.000898644 0.000108463 0.0357189 0.0179086 0.000634653 0.0525669 0.000803006 0.0244556 0.000462252 0.421138 0.0517402 
0.050602 0.197954 0.00182323 0.0183356 0.0624179 0.0246529 0.0748481 2.42997e-05 7.35868e-05 0.000132152 0.0827918 0.000477518 0.000126789 0.00149878 0.00289219 0.000903408 0.00704805 7.82263e-10 0.156426 0.000789077 0.211848 0.104334 
0.0277375 0.18487 0.0104092 0.00570272 0.0501797 0.113951 0.00493148 0.0601564 1.7802e-06 1.44077e-05 0.0216468 0.00892993 1.87345e-05 0.00716059 0.0169334 0.0174596 0.0327764 1.21129e-11 0.00759566 0.00104317 0.384482 0.0439998 
0.00867887 0.0423701 0.000287569 0.0466906 0.00671269 0.0708771 0.059934 7.25692e-05 3.64662e-05 0.00468458 0.0138311 0.00802385 0.000199998 0.179853 0.00576475 0.000424303 0.00664771 4.7726e-05 0.0126896 0.0541055 0.405704 0.072364 
0.00909343 0.00335838 0.00323441 0.0149337 0.0289267 0.276323 0.014862 2.83889e-05 4.4165e-06 0.00179752 0.031784 0.000316533 1.93835e-05 0.00702294 0.00827872 0.00853262 0.0348007 7.55941e-07 0.0104816 0.000339099 0.524027 0.0218342 
0.00580492 0.19058 0.00124722 0.02396 0.0225816 0.0415713 0.0337146 2.93196e-05 1.44538e-07 0.000961594 0.00383315 3.57668e-06 0.000385911 0.0331929 0.00148579 0.000177145 0.0706287 1.20151e-10 0.0838652 1.92094e-05 0.456947 0.0290104 
0.0280534 0.00181034 0.000143913 6.82292e-05 0.148987 0.0354721 0.00978813 2.52234e-09 3.86479e-08 8.81938e-08 0.00994443 6.60422e-05 0.00226724 8.3396e-05 0.00119395 4.45597e-06 0.117423 2.62344e-09 0.000166867 0.000279109 0.638338 0.00591042 
0.0209761 0.0126768 0.000302048 0.00475199 0.0581459 0.0818561 0.10411 0.0182368 2.24033e-06 6.65251e-06 0.0058783 0.000204634 0.0016248 0.00270845 0.0140217 0.000807866 0.0244025 5.21064e-08 0.00152155 0.000769068 0.630652 0.0163437 
0.0857239 0.188294 0.000361009 0.0199421 0.0279259 0.0429593 0.1619 2.78266e-05 1.77213e-05 0.00260301 0.0127707 0.000725588 0.00189435 0.0063115 0.0172652 0.000650295 0.0190437 0.000109337 0.0203793 0.00140434 0.342058 0.0476327 
0.017355 0.0806383 0.00517563 0.00160194 0.0889197 0.0400645 0.0209739 4.7234e-06 1.17773e-07 0.00035586 0.00495885 7.26794e-05 0.00114343 0.000125483 0.00159997 0.000156678 0.140083 3.94323e-09 0.000134951 0.000240548 0.588017 0.00837782 
0.00677545 0.0650183 0.000138321 0.0121896 0.143533 0.166086 0.0811 1.8884e-05 6.07233e-06 1.16589e-05 0.0147881 0.000372829 2.20349e-05 0.00244359 0.0045668 0.00140955 0.00439221 0.00250741 0.0149464 0.000647853 0.458467 0.0205587 
0.0440041 0.0949605 0.00120283 0.0027073 0.201863 0.0365363 0.108984 8.02847e-06 1.05032e-05 8.13242e-06 0.0578331 0.000197806 0.00137707 0.00041748 0.00504343 5.29135e-05 0.112675 1.52515e-08 0.00693019 0.000654312 0.309811 0.0147234 
0.00479252 0.0138347 0.0012993 0.0236474 0.0184932 0.298995 0.0946862 0.00128525 1.74462e-06 0.000300985 0.0265294 0.000361711 0.00622978 0.0194184 0.00864027 0.00118172 0.0109605 2.96883e-09 0.057779 0.000821903 0.341584 0.0691576 
0.0200236 0.0853681 0.00077924 0.0237041 0.0809165 0.240496 0.103069 0.00456842 0.000204325 0.0010092 0.054612 0.00100061 0.00100393 0.00610288 0.0224289 0.000861239 0.0352572 7.60066e-05 0.0100565 0.00178015 0.270217 0.036466 
0.0880994 0.0418032 0.000273406 0.000969632 0.303342 0.00656359 0.0426494 2.31348e-06 1.66468e-06 1.05258e-05 0.00551463 1.87148e-06 0.000346764 0.000961546 0.00141588 0.000619702 0.0299491 3.96123e-07 0.0466013 0.00105072 0.358217 0.0716059 
0.013475 0.0369293 0.000291664 0.0207155 0.0856956 0.111952 0.0321361 7.23125e-05 5.10363e-06 8.13286e-05 0.209405 0.000116854 4.03912e-06 0.00419555 0.0389016 3.59627e-05 0.205543 3.27699e-05 0.000366241 0.000374655 0.227188 0.0124824 
0.013933 0.0574662 0.0094922 0.00914178 0.0279611 0.0741776 0.00938666 2.5387e-05 1.6235e-06 4.69908e-05 0.00796933 0.000197755 0.000177659 0.0731449 0.00423034 0.000897306 0.0574975 3.97236e-05 0.0534209 0.000454797 0.480187 0.12015 
0.057457 0.201632 0.00452675 0.00826305 0.00976337 0.0452426 0.064937 5.19541e-06 2.49579e-06 0.000447378 0.000628198 1.87306e-08 6.79132e-09 0.000110296 0.00511119 9.32624e-06 0.00496852 4.40102e-12 0.000445687 0.00100606 0.579767 0.0156766 
0.0253366 0.00102509 0.00336904 0.0159691 0.00357869 0.0475022 0.0295357 1.40886e-05 1.1351e-09 9.62045e-05 0.0112268 0.000169211 7.86088e-05 0.0254281 0.00660867 0.00828708 0.00137065 8.99933e-09 0.273321 0.000260732 0.284923 0.2619 
0.00745759 0.0246592 0.00577323 0.0237572 0.0174396 0.293843 0.0560402 0.00827613 1.8431e-05 0.000253941 0.0169071 0.000337715 0.000906 0.0214397 0.0441524 0.00126013 0.0232255 0.000182495 0.013435 0.0021997 0.381547 0.0568881 
0.106535 0.0879641 0.0017848 0.00804864 0.0307894 0.0536214 0.0226303 1.60882e-05 1.32906e-05 6.84862e-06 0.0106645 0.000224437 0.0146608 0.000324138 0.00424342 0.00022188 0.145656 1.56627e-09 0.00410671 0.00360833 0.485599 0.0192819 
0.00529517 0.0249429 8.02835e-05 0.0073637 0.00356248 0.26614 0.0660046 6.30684e-09 1.29268e-06 1.85169e-05 0.00104275 1.82279e-05 3.43602e-06 0.0001482 0.000114832 4.34499e-05 0.0104678 9.41914e-13 0.0522467 0.000787227 0.534251 0.0274674 
0.0206968 0.0332483 0.0207509 0.0161433 0.0660733 0.0867132 0.174487 0.0001369 5.32678e-05 0.00652682 0.00473775 5.11626e-05 4.8408e-07 0.000384624 0.00231656 0.000345048 0.0165321 1.54613e-08 0.018358 0.00192161 0.452042 0.0784817 
3.41514e-05 4.23145e-06 0.000439098 0.437322 5.96118e-05 0.055393 0.000242243 4.66491e-10 2.35868e-09 1.35652e-09 0.0284049 1.02508e-05 2.48639e-09 8.81864e-10 0.00720579 3.06407e-05 4.55676e-10 3.20226e-09 8.99374e-08 1.14683e-09 0.470844 9.07344e-06 
0.000361641 0.000168992 2.11739e-06 0.00232508 0.0106498 0.184193 0.175835 1.26204e-06 2.61673e-10 0.00177601 0.0108632 2.69999e-05 2.13153e-06 0.000114084 0.00261208 0.000520138 0.00450545 8.81403e-07 0.00632453 0.00152489 0.561244 0.0369489 
0.0202587 0.0939487 0.00263659 0.0540473 0.0264121 0.0430401 0.247236 1.33643e-05 4.531e-05 0.000877652 0.00485308 0.000143103 1.14659e-05 0.0141045 0.00371764 0.0056324 0.0485708 1.57417e-08 0.00789196 0.000329116 0.344012 0.0822188 
0.198944 0.079029 0.000358554 0.0293089 0.0394548 0.0757048 0.0801561 0.00643858 1.4818e-05 0.0068176 0.0109928 0.000324823 0.000156816 0.00126219 0.0295498 0.000613738 0.0125348 0.00046382 0.0286756 0.00255334 0.345552 0.0510929 
0.00128428 0.12301 0.0949061 0.00117214 0.189679 0.261045 0.00430995 0.000373861 8.08294e-07 4.14478e-07 0.00781226 0.000366834 2.02431e-07 0.00597567 0.0239744 0.000687332 0.00290901 0.00103908 0.000802793 7.21603e-05 0.26724 0.0133383 
0.0145639 0.0251851 0.00033526 0.00955221 0.100751 0.0822754 0.0971851 6.87918e-06 1.12985e-06 3.15794e-05 0.17173 0.00187453 0.000119608 2.62576e-07 0.00156926 0.000515022 0.0362594 1.58778e-10 0.000808288 0.00567103 0.405226 0.046339 
0.0189256 0.191073 0.00242253 0.0135423 0.0476769 0.0887105 0.0585478 1.88966e-05 4.97191e-05 0.00109608 0.0153807 0.0008723 0.00048014 0.02711 0.0107475 0.000160687 0.0937767 4.82418e-07 0.0136807 0.000954719 0.364641 0.0501318 
0.0882085 0.0527939 0.000943867 0.0155939 0.0921614 0.0655441 0.156425 0.00730271 8.63574e-05 0.00730456 0.0480704 0.00229363 0.00163368 0.00354086 0.0204743 0.000254457 0.0867136 2.45544e-05 0.0347099 0.00570786 0.1882 0.122012 
0.000288294 0.0146846 0.000129273 0.0136515 0.00432298 0.21972 0.0177328 0.110938 3.53628e-06 5.89426e-05 0.00079816 0.000421749 0.00150836 0.0488413 0.186774 8.86351e-05 0.0526504 0.000110613 0.00424696 3.12797e-05 0.309339 0.0136592 
0.0171437 0.008807 0.000150407 0.0977928 0.0398733 0.1898 0.127035 2.85777e-05 1.82305e-05 0.000652786 0.0237 4.7228e-05 0.000394711 0.000504487 0.00910984 4.67002e-06 0.146405 1.07811e-06 0.000290289 1.85737e-05 0.247055 0.0911686 
0.00409455 0.0320213 0.0188007 0.000215195 0.00233077 0.222689 0.263916 2.96778e-06 2.01274e-05 0.0389078 0.000424747 3.94871e-06 0.0033142 0.000659836 0.00370196 2.05986e-05 0.00664309 6.23425e-11 0.00247964 0.000530442 0.314669 0.0845529 
0.0332225 0.0145501 0.0240653 0.0706532 0.148847 0.0283869 0.00334644 0.000109481 4.71767e-05 0.000909991 0.225709 0.000756911 3.96514e-05 0.0414269 0.0116793 0.00182522 0.0119144 2.46191e-05 0.0610936 0.000945487 0.283124 0.0373239 
0.0654711 0.101002 5.03037e-05 0.00613724 0.00551808 0.0341485 0.0396264 1.70445e-06 1.24022e-05 0.00020136 0.00108242 1.11597e-05 0.0002072 0.0030118 0.00239449 0.00040703 0.00842652 0.000327035 0.0236326 0.00073838 0.651941 0.0556515 
6.49087e-05 0.000195988 0.000471524 0.0188561 0.0100738 0.159522 0.198405 3.36517e-07 6.86603e-08 0.000344306 0.0210026 1.97182e-05 3.30659e-05 0.0239039 0.0032077 6.94903e-05 0.00117771 9.26385e-07 0.100204 7.75837e-05 0.396612 0.0657579 
0.0556189 0.0372055 1.87739e-07 0.00903608 0.0233343 0.00864333 0.00112582 2.11753e-08 2.54583e-06 1.68818e-06 0.00180165 3.40973e-06 2.90191e-09 0.00120843 0.00747288 9.57589e-05 0.0386952 2.93467e-11 0.00312783 0.00283279 0.800177 0.00961666 
0.00347136 0.00958305 3.03777e-05 0.0176318 0.00294571 0.23827 0.116186 3.92723e-05 1.30286e-05 0.0121951 0.0202631 2.29571e-05 4.9509e-05 0.000741117 0.00365004 4.36342e-05 0.00547815 3.95851e-07 0.0541196 0.000333215 0.492904 0.0220292 
0.00681545 0.114819 1.0465e-05 0.0272529 0.00941511 0.0275097 0.158705 1.61107e-05 3.08779e-05 0.010414 0.0134475 0.000281256 9.18156e-05 0.000985189 0.0248685 0.00743697 0.0149498 0.000380351 0.0220006 0.00166158 0.427268 0.13164 
0.00234483 0.114459 0.0180445 0.0291675 0.0488579 0.168025 0.0972497 0.000151801 8.54058e-05 0.00111165 0.0164719 0.00142965 0.000642334 0.0466031 0.015752 0.000945523 0.0780252 2.04593e-06 0.0426168 0.000975426 0.227441 0.0895973 
0.00160149 0.0302414 0.000808317 0.250341 0.0104962 0.0652491 0.159311 3.46484e-05 0.00105869 0.00125938 0.0284407 4.88618e-05 7.40216e-06 0.000758095 0.0151454 7.24344e-05 0.00908051 0.000330874 0.00441875 0.000428082 0.380155 0.0407128 
0.0077162 0.0153464 0.000350492 0.228863 0.0287409 0.124353 0.136801 7.82779e-05 3.52155e-05 0.0337746 0.00239429 1.59583e-10 9.28226e-08 0.00218282 0.00552736 0.0034068 0.00895408 4.7959e-08 0.0099095 0.000341495 0.288989 0.102235 
0.0162175 0.0275499 4.45265e-08 0.00354883 0.0366809 0.0484694 0.373747 9.95846e-09 1.70082e-06 0.000222836 0.0129698 7.29711e-08 0.000156306 8.1366e-05 0.00367941 0.00448588 0.00298334 1.17411e-10 2.85768e-05 0.000665008 0.385604 0.082908 
0.0166671 0.0423424 0.00791354 0.0390537 0.0552312 0.0684547 0.0880623 7.90492e-05 4.83682e-05 0.00198167 0.138383 0.00696424 0.000704965 0.00152001 0.0166673 0.000613227 0.012031 2.01476e-05 0.0565061 0.00599497 0.379389 0.0613718 
0.0458119 0.040377 6.55329e-05 0.0574786 0.0102528 0.23533 0.182178 0.000408494 3.54655e-05 0.000165262 0.106059 2.08911e-06 0.00012056 0.0297019 0.00508909 0.000250179 0.0153813 3.80911e-10 0.00541577 0.000248712 0.24388 0.0217492 
0.0544594 0.0414746 1.93699e-07 2.17211e-05 0.115133 0.0227864 0.0512284 0.216612 1.13696e-06 1.45097e-08 9.4592e-08 2.01105e-06 3.20743e-06 0.00182784 0.0135492 0.000442546 0.0872277 7.20674e-11 0.0691567 0.000503432 0.287572 0.0379987 
0.00960237 0.0333312 0.000366152 0.240265 0.0095845 0.0725206 0.159323 1.29761e-05 8.52094e-06 0.00494832 0.00471954 0.00129507 0.000416459 0.00390975 0.0216907 0.000794499 0.0187302 6.56104e-07 0.00621467 0.000323617 0.301367 0.110576 
0.0442656 0.0512607 0.000438433 0.012256 0.188688 0.131445 0.160022 0.0154082 4.97017e-05 4.57116e-05 0.0220641 0.00382098 0.000759389 0.0038355 0.0269537 0.000155108 0.00958943 3.24016e-10 0.0056301 0.00117874 0.255077 0.0670572 
0.0178354 0.00921518 0.00169467 0.0288784 0.0420329 0.229622 0.015909 0.00052235 3.57366e-06 0.000600854 0.181885 0.00396618 0.00139978 0.0874519 0.00596821 0.00825992 0.00300261 2.24097e-05 0.00816792 0.00475833 0.272719 0.076085 
0.00297965 0.0106907 7.75547e-05 0.0386804 0.00264009 0.173008 0.20276 9.0201e-06 6.4717e-06 0.000376187 0.00846668 9.85567e-05 3.732e-11 0.00169749 0.00321122 0.000366544 0.0207404 4.8065e-11 0.000530395 0.0231781 0.388359 0.122123 
0.00513604 0.250561 0.000304094 0.0210446 0.021935 0.0710026 0.0309542 0.000636054 6.94209e-06 0.00588083 0.0278028 0.00111146 0.000113189 0.00732124 0.00564285 0.00126797 0.0905158 2.80049e-09 0.0306868 0.000152458 0.385794 0.0421301 
0.0301242 0.0503434 0.0023213 0.0119978 0.0536235 0.084452 0.200454 1.98291e-05 5.9684e-06 0.000490433 0.0260448 0.000561269 8.18374e-05 0.00130267 0.0160646 0.000495953 0.0243843 3.7948e-08 0.00509658 0.001862 0.4358 0.0544732 
0.00557079 0.0439222 0.000398888 0.0124258 0.0137952 0.114322 0.0957995 0.0132805 3.90739e-06 1.5958e-05 0.00583964 0.000353446 1.7266e-05 0.00450512 0.0038344 0.000813905 0.0721904 1.36248e-07 0.0119117 0.00010367 0.585319 0.015576 
0.044898 0.0596714 0.00389665 0.0480055 0.132558 0.0567244 0.0528611 1.92627e-05 3.58412e-05 0.00107211 0.00992115 0.00132751 0.0108519 0.00549081 0.0234546 0.01291 0.0898597 0.00727423 0.03911 0.00159842 0.32861 0.069849 
0.0675367 0.00175789 0.0013116 0.117927 0.120485 0.0459323 0.156403 1.19624e-05 1.23e-05 0.000156035 0.0127082 0.00134043 0.00110889 0.0215343 0.0200067 0.000153401 0.0208393 9.72612e-10 0.00475346 0.0390807 0.259211 0.10773 
0.0092429 0.00319312 0.000706734 0.0794026 0.0155651 0.0881678 0.00261045 0.000313217 2.07063e-09 0.000369927 0.158973 0.00275666 6.66537e-09 0.0421229 0.0198815 0.000263633 0.00338069 4.96638e-08 0.0222211 0.00132488 0.531185 0.0183189 
0.041781 0.0221137 0.00146419 0.00213411 0.232522 0.0760209 0.0192534 7.77232e-12 0.000115427 0.00114723 0.0454837 6.89588e-06 2.14047e-07 5.82908e-08 0.00853062 6.33109e-08 7.59212e-12 7.9606e-09 6.85915e-05 0.00164379 0.523306 0.0244082 
0.0113268 0.0539661 0.000416593 0.0177584 0.103822 0.155952 0.120428 5.84521e-05 2.12386e-06 0.000412123 0.0769101 7.90687e-08 5.44487e-05 0.0148433 0.0356288 0.000871746 0.0114602 2.37053e-10 0.043876 0.00280518 0.299036 0.0503714 
0.0762262 0.0688305 0.00683648 0.0319454 0.125632 0.107863 0.190615 0.000600822 2.19941e-05 0.00184131 0.0876836 0.000574554 0.0002451 0.00529405 0.0193268 0.000340467 0.0315244 0.000391263 0.00871489 0.00044284 0.213714 0.0213352 
0.0076064 0.140309 0.00146608 0.00160592 0.0354648 0.12282 0.0786214 0.0427866 2.00545e-07 2.98647e-06 0.0246593 4.71464e-05 5.60357e-05 0.00511498 0.0119505 0.000155844 0.0178708 6.0217e-12 0.00708848 6.63715e-05 0.49706 0.00524758 
0.0118439 0.0833425 0.000616854 0.0873713 0.101076 0.05531 0.158573 3.67671e-05 0.000460605 0.000444482 0.016539 0.000705751 0.00205316 0.00223159 0.019369 2.81721e-05 0.121749 9.03164e-05 0.0067061 0.000241146 0.296567 0.0346443 
0.00801858 0.198304 0.000290975 0.00443614 0.040331 0.095203 0.0664171 0.0768398 5.76192e-05 0.0341699 0.0423559 0.00293481 7.93421e-05 0.0180403 0.0493303 0.00119236 0.0652828 8.60314e-09 0.0274691 0.000475222 0.212881 0.0558903 
0.031945 0.0396995 0.00249395 0.0138069 0.0366141 0.0383388 0.318646 1.98806e-05 5.60158e-06 0.00101934 0.0368738 0.000606116 0.00031839 0.00207789 0.00944203 0.00119595 0.0210465 2.48627e-08 0.00343333 0.00380095 0.364437 0.0741792 
0.0127084 0.0476297 0.000741356 0.0950772 0.0120606 0.0757373 0.0417397 6.62574e-05 2.6532e-05 0.00373384 0.0412299 0.00795932 0.000352678 0.000253442 0.00315184 0.0011878 0.00251441 9.68489e-08 0.00565106 0.00243466 0.596568 0.0491763 
0.101141 0.00958653 1.41886e-06 8.35778e-05 0.0328084 0.00808263 0.0262631 2.07405e-11 1.54916e-08 2.42496e-05 0.0435258 0.000108604 1.06714e-07 1.39755e-08 0.00071815 2.60859e-06 0.00345981 1.42375e-10 4.76821e-06 0.00995251 0.737028 0.0272081 
0.0181415 0.0267169 0.000139385 0.00611526 0.0448224 0.0549036 0.102838 0.000169065 6.32789e-06 4.47816e-05 0.0323227 0.000296471 0.000651993 0.00495496 0.0116703 0.000366949 0.0126127 0.000134519 0.00232423 0.00434859 0.631593 0.0448263 
0.00319323 0.0796695 1.55355e-05 0.0244928 0.0336237 0.0743559 0.0263652 0.000915006 2.27814e-06 0.000216796 0.000465795 0.000165214 0.00104464 0.0116703 0.0141001 0.00257555 0.0141078 2.46404e-09 0.0162242 0.000190938 0.606328 0.0902777 
0.0397823 0.00465471 0.000761517 0.0347565 0.0760594 0.092481 0.0101527 4.01072e-05 2.96711e-05 0.00025163 0.00053797 0.00114148 6.97892e-05 0.00851649 0.0108911 0.0130504 0.129267 2.13796e-06 0.0126938 9.00941e-05 0.540281 0.0244887 
0.0754358 0.204297 0.00369915 0.0197994 0.0416037 0.0332275 0.0374415 6.03865e-05 1.65392e-05 0.000622061 0.0260225 0.00142961 0.000127222 0.00217565 0.00648124 0.000166031 0.0986899 7.15751e-09 0.00559073 0.0044162 0.421117 0.0175809 
0.0354098 0.0407118 6.49248e-05 0.0340242 0.0314111 0.216404 0.139345 0.00355094 6.26191e-05 0.0245887 0.00251756 0.000888601 0.0408051 0.00997436 0.0334278 0.000149093 0.0476763 0.00015463 0.0467583 0.000287274 0.258536 0.0332506 
0.00215072 0.00304469 0.000434859 0.0343677 0.0190155 0.358948 0.0546479 1.57077e-05 7.38124e-07 0.000850122 0.00407662 0.000219873 0.00897711 0.00672273 0.0227031 3.96538e-05 0.0644932 5.72678e-08 0.0267173 0.00497599 0.375511 0.0120876 
0.0222388 0.0560162 6.45234e-05 0.00742463 0.0521352 0.076128 0.19104 8.26739e-05 0.000110609 0.012539 0.0374146 0.000697598 5.65773e-05 0.00232839 0.048822 0.001896 0.0494383 7.97772e-06 0.0158706 0.000812671 0.364746 0.0601302 
0.257328 0.0059474 4.54312e-05 0.072956 0.0330147 0.023713 0.162173 7.7446e-05 2.46831e-05 0.00123209 0.0232059 0.00510304 4.25686e-05 0.00933394 0.0444692 4.26023e-05 0.00971014 2.24346e-07 0.0329482 0.00563827 0.297896 0.0150984 
0.0188212 0.0630618 0.00384261 0.0234684 0.094571 0.121055 0.203096 0.0148392 4.07078e-05 0.00162061 0.0915262 0.00190039 0.00926846 0.00568503 0.0364007 0.000230556 0.00805408 1.45103e-06 0.00807293 0.000742892 0.252969 0.0407315 
0.249947 0.0832619 0.000121918 0.0481339 0.00798144 0.0356008 0.143529 2.43891e-05 3.61549e-05 0.0244701 1.44707e-05 0.000283367 2.81603e-05 0.00128945 0.00496578 0.0014593 0.0360689 1.33559e-08 0.022076 0.000295104 0.28895 0.0514639 
0.0842483 0.0820468 0.00177041 0.0186795 0.0481753 0.0676899 0.19231 0.00323805 2.36757e-05 0.00818872 0.00567038 0.00157534 0.000462878 0.00436294 0.00538203 0.000927257 0.186002 1.71667e-07 0.0148253 0.00263553 0.241622 0.0301641 
0.000654339 0.00191334 0.000406175 0.00686075 0.00163516 0.0543318 0.166831 0.000119903 0.00110657 0.00415839 0.00195356 3.30811e-05 1.23354e-05 0.000222188 0.000246181 0.000213779 0.000740089 7.74952e-08 0.00118775 0.000293799 0.743136 0.013944 
0.0225027 0.202053 0.00329136 0.0132969 0.0838045 0.0741663 0.217263 0.00557648 3.62724e-05 0.00169847 0.0168697 0.000432056 0.000590475 0.0161039 0.0102956 0.000873966 0.0150256 0.000122835 0.0104652 0.00251481 0.266083 0.0369345 
0.0477289 0.151073 0.00425522 0.025394 0.165695 0.0827458 0.0717061 0.000268655 3.31263e-06 0.000287283 0.0179316 0.000616531 0.00240002 0.0222589 0.00397485 9.45331e-05 0.122168 1.43952e-09 0.00246231 0.00613065 0.235766 0.0370386 
0.0135863 0.117914 0.000698738 0.00847419 0.0453918 0.054803 0.0851148 0.0104787 2.16189e-06 2.84106e-05 0.0250921 0.000477281 6.54569e-05 0.00568617 0.01088 0.000280674 0.00678184 0.000862109 0.00535425 0.000358264 0.595581 0.0120894 
0.00952684 0.00112097 0.00694249 0.0144051 0.0478038 0.0449966 0.00157147 1.49038e-05 7.39644e-08 0.00099861 0.000947927 0.000783602 1.33672e-05 0.0163392 0.00685596 0.00882003 0.0596885 2.67661e-06 0.0250209 0.000113393 0.727898 0.0261359 
0.0120125 0.141894 0.00137441 0.0174299 0.0134192 0.0537811 0.0724768 1.5159e-05 8.21561e-06 0.000260906 0.00322765 0.000168847 1.03562e-06 0.00498692 0.000876922 4.63212e-05 0.00146825 8.35739e-05 0.0113624 0.00295734 0.636751 0.0253977 
0.0411105 0.0635487 0.0024522 0.00865589 0.0466605 0.0234078 0.162378 0.00014246 0.000111022 0.021591 0.0070275 0.00196829 4.0577e-05 0.0169128 0.0022092 0.000164137 0.0721092 5.73368e-09 0.0762897 0.00292901 0.367542 0.0827496 
0.0122458 0.0304616 0.00678651 0.0448861 0.163976 0.0775264 0.106222 0.000402416 1.16402e-05 0.00621922 0.178119 0.00262984 0.000516542 0.00553738 0.00707318 0.0022414 0.0188358 0.025244 0.0215053 0.00044504 0.240542 0.0485721 
0.0469513 0.0659281 0.0044788 0.033833 0.0903128 0.115792 0.0883308 0.00347684 0.000283005 0.000703695 0.158492 0.0030051 0.00174614 0.0095376 0.0323254 0.00150544 0.0308987 0.00122133 0.0178571 0.0105465 0.231207 0.0515679 
0.0071937 0.0182164 0.000347291 0.0248751 0.0207729 0.112939 0.0461888 2.11401e-05 5.31955e-05 0.00852526 0.00922457 0.000172935 2.44226e-05 0.00163127 0.00315787 0.000283735 0.00290972 6.72266e-05 0.0238528 0.000399042 0.698935 0.020208 
0.0122552 0.0271127 0.0027282 0.0311548 0.0644522 0.0665465 0.167688 0.000225857 0.000394598 0.0079858 0.0239103 0.00132512 2.59722e-05 0.0159614 0.0284922 0.000248313 0.080003 5.35411e-08 0.00692071 0.000640104 0.44009 0.0218394 
0.0113032 0.00112005 6.15814e-05 0.0180559 0.0257377 0.140455 0.0543686 1.62933e-05 7.11504e-06 0.00231767 0.00853953 0.000276901 4.76065e-06 0.00158079 0.00376314 0.000637296 0.0309079 5.32318e-11 0.00584258 0.000277444 0.672955 0.0217712 
0.00841074 0.0146843 0.00693099 0.0591842 0.0275032 0.182654 0.179427 5.29222e-05 1.4159e-05 0.000889436 0.0395758 0.00367542 8.55822e-06 0.00455218 0.00506069 0.00193534 0.0153254 0.00246461 0.0301878 0.00300914 0.352851 0.061603 
0.090273 0.140703 0.0015259 0.0132813 0.013711 0.035675 0.145372 0.022376 3.30346e-05 0.000470045 0.00474725 9.89615e-05 0.000148219 0.00317173 0.0020569 0.000127818 0.0135507 2.29248e-05 0.0178231 0.00770476 0.432033 0.0550946 
0.0277375 0.18487 0.0104092 0.00570272 0.0501797 0.113951 0.00493148 0.0601564 1.7802e-06 1.44077e-05 0.0216468 0.00892993 1.87345e-05 0.00716059 0.0169334 0.0174596 0.0327764 1.21129e-11 0.00759566 0.00104317 0.384482 0.0439998 
0.0967869 0.0946742 0.00139524 0.0507174 0.0240087 0.146899 0.0632996 0.0244874 8.2942e-05 0.000756568 0.00761611 0.000190793 0.000518163 0.0157501 0.0104851 0.000423992 0.0300811 5.66797e-06 0.00507326 0.000321368 0.387339 0.0390874 
0.00700086 0.0744215 0.0335289 0.0346018 0.0166039 0.148239 0.0290272 0.000178341 6.51182e-06 9.63468e-05 0.0103629 0.000759951 1.30547e-08 0.0198069 0.00328479 0.000673869 0.0722244 3.22224e-08 0.00558764 0.000217048 0.509769 0.0336096 
0.00956689 0.01726 5.45833e-05 0.000773878 0.109645 0.261317 0.116117 1.33892e-05 1.85457e-06 3.62226e-05 0.00246321 0.000140238 0.00395887 0.000536463 0.0022247 1.42029e-05 0.0969148 4.1039e-12 9.07702e-05 0.00037082 0.372018 0.00648098 
0.0313467 0.136245 1.30668e-05 0.000492606 0.140719 0.179339 0.0685581 3.54393e-07 5.62158e-09 2.87842e-05 0.00556341 0.000563948 0.000186846 0.00912 0.0304296 3.21409e-05 0.159519 1.5591e-09 0.00300114 2.10721e-05 0.229039 0.00578177 
0.00576092 0.00651053 1.47375e-05 0.19589 0.024551 0.194776 0.171756 0.000169753 3.33118e-05 0.0217606 0.00234 0.00342273 1.48411e-06 0.00546958 0.0105757 0.00103004 0.023933 1.81389e-07 0.0386223 0.00289176 0.215466 0.0750236 
0.262693 0.0877923 9.75479e-05 0.0432852 0.0090488 0.031922 0.170068 1.95168e-05 2.89367e-05 0.0195764 0.000160528 0.000226725 2.2536e-05 0.0010316 0.0093717 0.00116753 0.0329367 1.51879e-08 0.0176609 0.000352955 0.269976 0.0425622 
0.0184006 0.00832982 0.000846803 0.166817 0.0127647 0.11658 0.0942877 0.00176516 0.00036177 0.0153079 0.0109556 0.00517322 0.00231072 0.0291855 0.00722601 0.00498553 0.110121 0.00178625 0.0128865 0.0357314 0.287376 0.0568009 
0.000233485 0.00368241 0.000301393 0.173473 0.00221258 0.180575 0.17932 0.000293726 2.68929e-05 0.00181732 0.00059992 6.14863e-06 0.00419099 0.000323059 0.00206032 0.000492394 0.0341689 6.48501e-11 0.0323219 0.00132653 0.323091 0.0594832 
0.00127468 0.000435745 5.8566e-08 0.00764447 0.0147791 0.228117 0.178081 1.02516e-07 1.45657e-06 0.00124796 0.0444427 2.52738e-06 1.20719e-07 0.000464204 0.00667062 0.000760207 0.00609673 2.74419e-06 0.0016647 0.000941356 0.466547 0.0408252 
0.00374776 0.0110976 0.00131568 0.0344349 0.00390866 0.163794 0.0791317 9.8415e-06 5.22129e-05 0.00513424 0.00855072 0.00630447 6.65086e-05 0.000346558 0.00373344 0.000103544 0.0177612 5.66763e-07 0.0066851 0.000539706 0.6263 0.0269823 
0.00559874 0.061074 0.00395749 0.0621736 0.0564345 0.029895 0.0188577 5.37643e-05 1.01272e-06 0.000860873 0.0104974 0.0144642 0.00409014 0.00785436 0.0105654 0.0012894 0.0295494 7.12919e-08 0.0189719 0.000117958 0.609184 0.0545094 
0.0993971 0.0496693 0.00322548 0.116788 0.0259755 0.0322144 0.0523883 0.000105747 2.18576e-05 0.000603947 0.0102765 0.00112208 0.000578787 0.0240396 0.00765409 0.000965325 0.0509343 2.68623e-05 0.0562079 0.0024453 0.340984 0.124376 
0.0250208 0.136823 2.20581e-05 0.0108623 0.0451569 0.0596642 0.175421 2.52753e-05 1.1612e-05 0.002025 0.00666286 0.00022894 1.17391e-05 0.00120076 0.00728626 0.00019626 0.0147398 1.40479e-07 0.00863227 0.00207905 0.461157 0.0427725 
0.0503432 0.0644394 0.00352774 0.062623 0.0320778 0.0372439 0.0895325 4.31602e-05 2.02344e-05 0.00375575 0.00736634 0.00164918 0.000453369 0.00394239 0.0102247 0.000382407 0.0272071 6.18119e-05 0.021687 0.00240733 0.535813 0.0451984 
0.0123788 0.0134042 0.00195198 0.000664334 0.0410602 0.170519 0.00872561 3.13736e-07 6.08297e-07 1.09306e-05 0.0109874 0.0018001 0.000199403 0.000178314 0.00241119 0.000105196 0.017705 1.03924e-11 0.000542693 0.000290685 0.690668 0.0263958 
0.013173 0.0310038 0.000100896 0.0280052 0.050552 0.160742 0.0645264 0.000231895 5.31712e-06 3.98422e-05 0.169605 0.00549334 0.00438446 0.0146794 0.0250946 0.000228902 0.168789 0.000546361 0.00267923 0.00350337 0.231538 0.0250785 
0.249947 0.0832619 0.000121918 0.0481339 0.00798144 0.0356008 0.143529 2.43891e-05 3.61549e-05 0.0244701 1.44707e-05 0.000283367 2.81603e-05 0.00128945 0.00496578 0.0014593 0.0360689 1.33559e-08 0.022076 0.000295104 0.28895 0.0514639 
0.00498731 0.171126 0.00058178 0.0106405 0.00925269 0.0896161 0.0657351 5.17333e-06 1.16472e-05 0.00216034 0.00820394 0.000177854 0.00409988 0.000660328 0.0132074 0.000275194 0.037845 1.37683e-07 0.0100734 0.00114229 0.538513 0.0316851 
0.158913 0.136432 7.46282e-05 0.00551098 0.107275 0.113418 0.134828 1.12019e-05 1.74655e-05 0.00101694 0.0189854 0.00126546 0.00011539 0.000518731 0.0264792 0.00010402 0.0539516 1.3583e-05 0.0108628 0.00070206 0.207855 0.0216491 
0.16822 0.0409403 6.56812e-05 0.00965696 0.13202 0.108497 0.0299842 0.000200057 0.0788131 0.000120014 0.048399 0.000533236 0.000190157 0.000873292 0.0166532 7.87184e-05 0.00457234 2.33851e-09 0.0146172 0.00174583 0.262526 0.0812934 
0.00181034 0.0204263 9.86758e-05 0.0218865 0.0359865 0.0635255 0.157196 1.90164e-06 8.64568e-08 0.00193779 0.0360863 2.78262e-06 5.12346e-05 0.000438207 0.00204438 8.95607e-05 0.00145201 1.9255e-11 0.050854 2.20408e-05 0.573535 0.0325549 
0.0319959 0.057992 0.0116252 0.0419101 0.109064 0.0579893 0.0627949 3.10845e-05 0.000121326 0.000966936 0.0129179 0.00105044 2.05484e-05 0.00381988 0.0209161 0.00147286 0.00940441 7.03397e-09 0.017361 0.00109552 0.507168 0.0502832 
0.0774613 0.129547 0.00147812 0.0278943 0.13077 0.0199788 0.0228272 2.27285e-06 2.08578e-07 9.78691e-06 0.000368608 0.000697355 0.000221946 0.00353284 0.00498534 2.88177e-05 0.010454 8.16735e-10 0.0859707 7.42169e-05 0.467085 0.0166127 
0.00249177 0.0142704 1.92915e-06 0.0123734 0.0012908 0.0314903 0.0465766 1.59318e-07 3.54281e-06 0.00276234 0.00138797 6.95252e-06 6.74455e-06 0.00017276 0.00199869 6.0152e-06 0.000606996 2.19035e-05 0.00576656 3.08103e-05 0.861846 0.0168871 
0.0556189 0.0372055 1.87739e-07 0.00903608 0.0233343 0.00864333 0.00112582 2.11753e-08 2.54583e-06 1.68818e-06 0.00180165 3.40973e-06 2.90191e-09 0.00120843 0.00747288 9.57589e-05 0.0386952 2.93467e-11 0.00312783 0.00283279 0.800177 0.00961666 
0.0116894 0.0489159 0.000910772 0.0579126 0.0387762 0.0917584 0.2126 3.57853e-05 0.000170486 0.00480996 0.0288538 0.000280004 5.25983e-06 0.00344034 0.0271513 9.64917e-05 0.11375 9.928e-07 0.0395066 0.00359609 0.288251 0.0274883 
0.034485 0.147216 0.00226844 0.0358698 0.0862637 0.0226363 0.0694872 0.0982607 2.30271e-06 0.00129865 0.119293 2.18181e-05 4.65997e-05 0.0411498 0.0122293 0.000227187 0.0066421 1.5887e-05 0.00349939 0.00122903 0.194813 0.123044 
0.00401037 0.0132899 2.97782e-05 0.00150138 0.0273131 0.0328742 0.122493 1.21542e-06 1.40707e-05 0.000247467 0.00100965 4.87965e-06 0.000144906 0.000166814 0.00688102 0.000266445 0.0218673 1.59274e-07 0.00909801 0.000256703 0.727368 0.0311612 
0.0162632 0.00366527 5.78692e-05 0.0228328 0.0372759 0.184204 0.219383 1.00383e-05 4.87113e-06 0.000364338 0.00220608 0.00122313 0.00518549 0.0122481 0.0144532 1.30819e-08 0.0289248 2.26832e-11 0.000582142 0.000556677 0.423663 0.0268961 
0.00355419 0.00216257 0.00115536 0.0146342 0.0102421 0.29891 0.207802 2.27564e-05 3.25155e-07 0.000341022 0.0609289 8.33259e-05 0.000201037 0.00183998 0.0122963 3.60127e-07 0.00606462 6.682e-09 0.00252679 0.000495886 0.371935 0.00480244 
0.110895 0.0102043 0.00582425 0.037611 0.0196217 0.0183875 0.0354199 4.73536e-06 7.36616e-06 1.29574e-05 0.0309744 0.00111452 4.02143e-06 0.00635707 0.00523148 0.000214926 0.00155848 0.00231659 0.00268182 0.000576105 0.681198 0.0297838 
0.00405007 0.0130198 2.45585e-05 0.0766978 0.00547298 0.180909 0.227249 1.96268e-06 9.06785e-06 0.00349143 0.0115981 8.25289e-05 1.06784e-06 0.000152595 0.00305861 0.000212703 0.00935665 2.40276e-07 0.00825094 0.00313532 0.325331 0.127896 
