0.0466322 0.0651738 0.00150908 0.0375285 0.0457057 0.0177584 0.099737 2.92663e-05 1.51198e-06 0.0221771 0.0291617 0.00214903 0.000583151 0.000555811 0.00279031 0.0014167 0.0169186 5.68827e-06 0.00255944 0.001799 0.0634386 0.542369 
2.09433e-06 4.59987e-06 1.64083e-07 9.85293e-08 0.150919 4.95018e-07 0.0505848 6.56606e-07 5.14712e-11 0.0111824 0.161019 6.32676e-07 3.80349e-08 6.96654e-07 0.0178758 0.142311 7.23916e-07 6.98798e-11 0.000344595 3.72915e-07 2.26109e-08 0.465754 
0.0055104 0.00810912 0.0030635 0.0387751 0.00709803 0.0214875 0.0282484 5.11428e-05 1.14685e-05 0.00432872 0.0214008 0.000610661 0.00287342 0.0203936 0.00692755 0.0167888 0.0117694 1.55059e-05 0.0197078 0.0212628 0.0247115 0.736855 
0.0165267 0.0965443 0.000316133 0.322485 0.00762213 0.002567 0.00616598 0.000124871 0.0247089 0.0014306 0.00933733 0.000238768 4.16206e-06 0.000736727 0.00271256 0.000200409 0.000180172 1.48653e-06 0.0171699 0.00488676 0.0351778 0.450863 
0.0278709 0.0056232 5.01283e-08 9.29639e-05 0.00474537 0.000798046 0.00893428 1.80857e-06 4.43101e-07 0.000889595 0.00842166 5.29901e-06 3.33734e-08 1.92456e-08 0.00758092 0.00382925 0.00133412 9.76356e-07 0.0470428 0.0305509 0.0080268 0.844251 
0.000434849 0.036814 2.5901e-05 0.00514933 0.00484072 0.00551924 0.0164217 1.67355e-05 8.08149e-07 0.00537729 0.00144999 3.9907e-05 3.61207e-07 4.27542e-05 0.00962911 0.00303398 0.0120408 7.17757e-07 0.248928 0.000606309 0.0562888 0.593339 
0.00574379 0.00271324 0.00177093 0.0359957 0.00155407 0.0233427 0.074228 4.65863e-06 1.48846e-09 9.13821e-07 0.000625041 1.699e-05 2.86554e-06 6.92346e-07 0.0120272 4.51882e-07 3.66322e-07 2.02081e-09 0.00109549 0.000385349 0.0816096 0.758882 
3.86291e-12 2.50225e-12 4.64609e-08 0.0092139 0.00296238 0.00261448 0.00722903 3.50367e-12 1.82122e-08 0.0292522 0.000567616 0.000140508 1.86745e-11 0.0695702 4.17299e-12 0.00464381 0.00196522 2.40512e-11 3.03941e-08 5.41929e-08 3.227e-05 0.871808 
0.0194964 0.0670475 0.00093368 0.099455 0.0568589 0.172256 0.105194 0.00140444 0.000180782 0.000252314 0.00705476 0.00387465 0.0489421 0.0168864 0.0102444 0.000297564 0.105752 0.000194997 0.00120415 0.00164278 0.0745227 0.206304 
0.00145372 0.0117338 9.72436e-05 0.00161626 0.00977611 0.0139692 0.0637405 7.46216e-06 1.7841e-05 0.00654141 0.00231605 0.0367818 0.00414492 0.00517997 0.00275338 0.000262274 0.01849 1.00597e-11 0.355819 0.00159468 0.0322659 0.431439 
0.00244884 0.00418194 5.02975e-07 0.00573273 0.000540379 0.0016872 0.0204356 8.19934e-07 2.58006e-09 0.00954821 3.59434e-08 6.73368e-09 3.93677e-06 5.57114e-05 0.00202136 0.00375125 0.00150903 1.24025e-11 0.293871 0.000367264 0.0267394 0.627105 
0.00125281 0.0194037 0.00217587 0.00597551 0.0226274 0.0289157 0.0180918 3.54391e-05 7.35108e-06 0.00144989 0.020602 0.000369229 0.0345436 0.00391245 0.00606985 0.012244 0.00727239 0.0209441 0.0284265 0.0014752 0.0420226 0.722183 
0.0112277 0.00199782 0.000138498 0.00629184 0.226748 0.0131063 0.00743121 2.0501e-06 3.31063e-07 7.82673e-05 0.00118506 2.44074e-05 4.1034e-06 0.00142116 0.000109272 0.000144247 0.0469162 5.63468e-08 0.0413034 2.13201e-06 0.106291 0.535577 
0.00198876 0.0079848 0.000676999 0.0170789 0.0227368 0.0252487 0.0224108 3.94838e-07 1.0896e-07 0.00961521 0.0869211 2.52035e-08 1.06333e-09 0.000216593 0.00420211 0.000290514 0.00125916 1.36948e-09 0.00111002 0.00570225 0.0517122 0.740845 
0.01524 0.0173193 0.000860667 0.0419922 0.0364973 0.0580788 0.0560841 7.66003e-05 1.82911e-05 0.00534433 0.0135917 0.0137415 0.000151069 0.0159867 0.0123836 0.01095 0.040863 0.000247468 0.0488395 0.0299819 0.0535792 0.528173 
0.000265464 0.0140261 0.00356407 0.042588 0.0105678 0.0282757 0.160758 2.93956e-05 5.86221e-06 0.00756475 0.00217715 0.000184986 5.78133e-11 0.00304936 0.000724823 0.00502934 0.0150574 9.96859e-08 0.00479941 0.000698998 0.0653155 0.635317 
0.000806176 0.00468317 0.00047716 0.0731211 0.00911021 0.0151857 0.0237872 0.000362462 2.33623e-05 0.00788956 0.000230829 4.07841e-05 1.20664e-08 0.252256 0.00214417 0.0103342 0.0728067 3.81977e-11 0.106546 0.000163248 0.139961 0.280071 
0.0363808 0.000224631 0.000220186 0.048257 0.0036804 0.031453 0.0304293 7.07185e-06 4.22013e-07 0.00552011 0.00123385 1.64757e-05 0.000710836 0.00192746 0.00728739 0.0129132 0.00150381 1.7675e-05 0.0238203 0.00178399 0.00119428 0.791418 
0.00223389 0.00760609 0.0471451 0.225018 0.00123891 0.0234744 0.024873 2.87507e-05 1.71127e-06 0.00243558 0.156129 0.000148991 7.44249e-07 0.00255693 0.153803 0.00927052 0.033412 2.09925e-07 0.000586707 0.0512094 0.00240591 0.256422 
0.00100148 0.00255616 4.19033e-05 0.0142241 0.0140139 0.0157649 0.267095 1.4031e-05 1.1751e-06 0.0732369 0.00435373 0.000143606 9.83036e-09 0.00079512 0.00108629 7.62962e-05 0.00295568 5.20598e-11 0.000962544 1.13074e-05 0.00829931 0.593366 
3.86291e-12 2.50225e-12 4.64609e-08 0.0092139 0.00296238 0.00261448 0.00722903 3.50367e-12 1.82122e-08 0.0292522 0.000567616 0.000140508 1.86745e-11 0.0695702 4.17299e-12 0.00464381 0.00196522 2.40512e-11 3.03941e-08 5.41929e-08 3.227e-05 0.871808 
0.119108 0.0727603 0.00453524 0.0354454 0.12548 0.047909 0.0397914 4.46869e-05 2.73334e-06 0.00909413 0.0382603 0.00616917 0.00411062 0.0144389 0.027817 0.000593864 0.0375349 2.28424e-06 0.114273 0.0103732 0.0694257 0.22283 
0.08321 0.0213652 2.39444e-06 0.000431096 0.0821039 0.00173903 0.0397139 0.000466548 7.97777e-08 0.000263081 0.0790638 0.00291949 0.000741244 0.00214494 0.0444984 0.000531626 0.00879862 1.6691e-09 0.000128558 0.00124079 0.00779398 0.622843 
0.00147551 0.0523597 0.000590086 0.00853121 0.0319206 0.0521482 0.00555414 0.00219945 5.94607e-09 0.020679 5.86133e-05 0.000941994 0.000179865 0.0152453 0.00241292 0.000173023 0.0382307 8.07267e-09 0.00648719 1.0858e-05 0.00546442 0.755337 
0.255097 0.00555093 0.136364 0.0086877 0.00890255 0.0080301 0.0265617 8.02821e-07 0.000299154 0.000474511 0.00583687 2.33213e-05 6.15695e-10 0.000466479 0.00155512 0.000666153 0.0112897 6.56461e-09 0.0377177 0.111275 0.00727881 0.373922 
0.00256294 0.00855937 0.000122689 0.00490726 0.049375 0.0123492 0.0796313 0.0508339 2.65598e-05 0.00145296 0.0446376 1.26595e-07 0.00223264 0.000365471 0.00291597 0.00106897 0.0278822 4.05025e-05 0.000708065 0.00497403 0.00907693 0.696276 
0.015804 0.0161167 0.00567663 0.0912165 0.0290051 0.0617287 0.0872658 0.000812008 5.50969e-05 0.00417839 0.110921 0.00272279 0.000649653 0.00518397 0.0207391 0.00176066 0.0128702 0.00116167 0.0495033 0.013359 0.045235 0.424035 
0.0498261 0.022445 0.000321665 0.0486061 0.0356429 0.0224631 0.107042 0.000241213 0.0111144 0.0312846 0.00696902 0.00276368 0.00087571 0.013666 0.0296441 0.00339562 0.0171487 0.00440023 0.0334471 0.00244891 0.0459443 0.510309 
0.00145372 0.0117338 9.72436e-05 0.00161626 0.00977611 0.0139692 0.0637405 7.46216e-06 1.7841e-05 0.00654141 0.00231605 0.0367818 0.00414492 0.00517997 0.00275338 0.000262274 0.01849 1.00597e-11 0.355819 0.00159468 0.0322659 0.431439 
0.0112359 0.00385799 0.00051465 0.0298026 0.0210066 0.0125038 0.0568589 3.01482e-05 1.27629e-07 0.0271433 0.00945787 4.01613e-05 0.0132787 0.00617643 0.0102311 0.00104767 0.00165982 0.00251862 0.199061 0.00511903 0.0378031 0.550653 
0.0926957 0.0184445 0.00870881 0.0904624 0.0255751 0.0489827 0.0394391 5.6023e-05 6.89094e-06 0.0101829 0.00465433 0.000965134 0.00044257 0.00236694 0.0114885 0.00172445 0.030374 2.90664e-08 0.0859422 0.0142821 0.108706 0.4045 
0.00490467 0.0140969 0.00143176 0.0300084 0.00394693 0.0113094 0.0557954 8.32833e-05 5.80928e-05 0.0117022 0.00173662 0.000195384 0.000870198 0.0437142 0.00367708 0.310682 0.00744194 7.30195e-08 0.0384221 0.00120064 0.0516279 0.407095 
0.000350314 0.00789344 5.71306e-06 0.00661288 0.0216903 0.0152086 0.00260829 5.4748e-06 4.27206e-06 0.00599405 0.00300486 0.000145971 5.94046e-11 0.000502302 0.00729273 0.00177424 0.00147157 0.208024 1.22784e-06 0.00306674 0.0255719 0.688772 
0.0133262 0.0020221 0.08737 0.0591418 0.0150821 0.0427602 0.06656 2.03909e-05 2.12395e-06 0.00171051 0.0692444 0.000350289 8.91121e-06 0.0014779 0.0025052 0.107709 0.00134034 7.00371e-05 0.0348634 0.0649927 0.0254616 0.403981 
0.0581786 0.0151968 0.0204153 0.0505317 0.0434492 0.131291 0.0170101 0.0393521 4.18381e-06 0.00609226 0.00366765 0.000584437 5.6456e-05 0.00525754 0.0252111 0.203781 0.00169757 5.66815e-09 0.0070299 0.00850937 0.0518997 0.310784 
0.00881681 0.0201489 0.00375644 0.216059 0.0342295 0.0106291 0.0234545 2.98115e-05 1.4256e-07 0.00629653 0.00590962 0.000189906 5.41757e-06 0.00516768 0.00259336 0.0131989 0.010712 1.52934e-09 0.119639 0.000316477 0.0404556 0.478391 
0.0175086 0.00613723 0.000285444 0.211525 0.00687691 0.0299065 0.0739168 5.35162e-05 1.63193e-05 0.000285172 0.00405354 0.0407253 2.49346e-05 0.00710955 0.00833897 0.00141031 0.00947828 0.000771432 0.0214435 0.00304983 0.134036 0.423046 
0.0147873 0.00667324 0.000344435 0.015743 0.038279 0.0255701 0.0903357 0.000170291 0.000128944 0.294682 0.000551175 0.000227988 9.6719e-08 0.00336765 0.0209166 0.00148944 0.00657595 3.71224e-11 0.0232843 1.88119e-05 0.0102203 0.446634 
0.00479915 0.0395597 1.57144e-05 0.160209 0.00770599 0.168745 0.0451278 2.92417e-07 2.52461e-08 0.00322984 0.141522 0.116659 0.00152151 0.000597121 0.00980433 9.61715e-05 0.0571983 3.42753e-08 1.33226e-05 0.00834922 0.00227548 0.232571 
0.00184908 0.00826898 0.00124414 0.0399218 0.0443341 0.0218979 0.0141484 2.20295e-05 4.11196e-06 0.00357878 0.0900052 4.5749e-05 1.5639e-07 0.000178268 0.00630532 0.00192084 0.00135591 0.00458048 0.0146108 0.00594929 0.0442797 0.695499 
0.0188472 0.000606163 0.0189514 0.0281431 0.00297867 0.0100976 0.0117328 1.53554e-05 3.46834e-06 0.000137335 0.057956 4.06981e-05 5.08469e-06 0.000125791 0.000590141 0.000659335 0.00569522 2.22435e-06 0.0129 2.31699e-05 0.113761 0.716728 
0.00780388 0.000311653 0.00923 0.297443 0.00490915 0.0833152 0.111215 1.57741e-05 3.30652e-06 0.00582608 0.0115861 5.68807e-11 0.000274044 0.00948204 0.00519124 0.00241224 0.000383934 6.36961e-05 0.0427026 0.00146237 0.0191488 0.38722 
0.015853 0.0215001 0.00173707 0.0480302 0.0252218 0.0357255 0.0569567 0.00246687 0.00143447 0.00857198 0.0162207 0.00205159 0.00386648 0.00603538 0.0141175 0.00619044 0.0114636 1.09585e-06 0.0834636 0.00829953 0.0647007 0.566092 
0.012289 0.00255973 0.00554983 0.169765 0.0431767 0.178577 0.131905 4.626e-05 8.33934e-07 6.67564e-05 0.140947 0.00105464 0.000163061 0.000661082 0.0576209 0.00296836 0.0167114 1.3848e-07 0.00140622 0.00651869 0.0331136 0.194899 
0.00668328 0.0205055 3.15303e-05 0.022384 0.0140814 0.116494 0.0539479 0.0163054 4.72573e-05 0.00828872 0.0273662 1.31132e-06 0.00196702 0.00324913 0.114957 0.000325433 0.046363 3.15924e-09 0.0761128 0.00113422 0.198835 0.27092 
0.0063012 0.0273073 0.00123779 0.26736 0.00511795 0.0259969 0.0662247 0.000269317 3.16907e-05 0.00869643 0.00341004 0.000353012 0.000355073 0.027481 0.0376877 0.021134 0.0029627 0.000157855 0.0148848 0.0334997 0.0206812 0.42885 
0.0365761 0.0886709 0.000818798 0.0190446 0.19 0.0344991 0.0361771 0.000304196 0.000126491 0.00303257 0.0506961 0.0419627 0.000425788 0.00268454 0.0253096 0.0029282 0.109608 0.00124688 0.0147234 0.00467346 0.0493886 0.287104 
0.00580573 0.0195352 0.00111546 0.00152843 0.0100205 0.00900831 0.013937 0.000353765 5.10714e-07 0.0125851 0.00309906 0.00048194 0.00256312 0.00277287 0.00233892 0.130252 0.015787 7.22387e-09 0.0120593 0.000350233 0.0156533 0.740752 
3.99537e-11 0.00041461 8.14736e-07 0.0142984 2.72621e-05 0.000403551 0.00189463 4.12629e-05 0.0894044 0.00248948 0.000314826 3.57542e-09 0.000317649 0.0260816 0.000111406 0.00100357 0.00170453 2.48759e-10 0.358403 1.54627e-07 0.000511589 0.502577 
0.0106278 0.00911259 0.00234017 0.0398008 0.0196299 0.0303064 0.0419104 0.00015035 3.36881e-05 0.00498362 0.0136793 0.000464455 0.000320393 0.0138912 0.00922779 0.0402433 0.00360311 0.000400181 0.121606 0.0328107 0.0562388 0.548619 
0.0143561 0.0149038 0.000308087 0.0350889 0.0253628 0.0183821 0.00241905 0.000307844 0.224333 0.0256698 0.00180612 0.051435 2.11455e-05 0.00235221 0.0140804 0.000419886 0.118207 7.70249e-06 0.00475604 9.3208e-05 0.0247417 0.420948 
0.0198934 0.00848126 0.0306845 0.0145876 0.00688833 0.0102325 0.016904 0.00156486 7.47961e-05 0.293259 0.0409436 0.00172347 2.63044e-06 0.00276998 0.002731 0.00121426 0.00113018 8.64242e-09 0.0208317 0.076851 0.102724 0.346508 
0.034313 0.0358611 0.00146891 0.00837486 0.0173615 0.018243 0.12598 6.06562e-05 3.82751e-06 0.00608988 0.00910467 0.00172683 0.000357134 0.00178112 0.00509605 0.21342 0.0191617 2.22312e-05 0.0143736 0.0085323 0.0258746 0.452793 
0.0514068 0.00788592 0.000802788 0.183014 0.0556982 0.0480042 0.0989682 0.000131774 2.06692e-05 0.00421609 0.0399866 0.0109105 9.58456e-05 0.00493343 0.0184791 0.00215783 0.0579799 5.25965e-08 0.046107 0.00314634 0.0954415 0.270614 
0.00786163 0.0136499 0.000132222 0.0996352 0.0137164 0.0120368 0.151841 2.48603e-06 0.000104149 8.2454e-05 0.000429292 5.02121e-06 2.40366e-07 7.94823e-05 0.134898 0.00250292 0.00474026 1.19887e-09 0.00448313 6.71462e-05 0.12764 0.426093 
0.0136527 0.0180488 0.00856218 0.105492 0.00627975 0.0277976 0.0919208 1.47704e-08 3.38913e-05 0.0173155 0.00896536 0.0283953 8.09473e-05 0.000258956 4.68621e-05 0.00160708 0.000432201 2.17123e-09 0.0654307 5.2597e-05 0.0312995 0.574328 
0.108773 0.00590227 0.00173677 0.209333 0.00317584 0.0297833 0.11216 3.83864e-06 5.54683e-09 0.0201966 0.0257716 1.20717e-06 1.76716e-05 0.00399012 0.00864978 0.0135845 0.00060856 1.30359e-05 0.0502112 0.0135139 0.0203311 0.372242 
0.0302945 0.00602136 0.0152065 0.251269 0.0327901 0.0761178 0.185359 9.16754e-06 1.16044e-07 0.00323604 0.0136889 0.000223603 0.000120149 0.0008728 0.00438524 0.00253047 0.00233792 4.10385e-09 0.000812 0.000568549 0.0120141 0.362143 
0.0574702 0.0265258 0.00145874 0.0290818 0.005083 0.0125505 0.0174541 1.34283e-05 2.80042e-07 0.0565344 0.00118824 0.00361909 0.00790598 0.00323941 0.00236514 0.000331321 0.00226164 4.1476e-08 0.246712 0.000144268 0.0160471 0.510013 
0.0121395 0.0272977 1.4377e-05 0.16827 0.00212648 0.0240735 0.0630097 6.5494e-05 7.01111e-06 0.000108206 0.0252003 4.8876e-05 0.000707085 0.00205455 0.0804973 0.00580941 0.00712338 0.0152607 0.0135668 0.00914667 0.0733323 0.470141 
6.9149e-05 9.66771e-06 1.60271e-08 0.021164 9.14854e-05 0.00314207 0.336001 9.71483e-12 1.40002e-05 0.0134316 2.40594e-08 3.04923e-11 8.0886e-08 0.00377281 0.000138804 0.00329468 2.14714e-07 6.66881e-11 0.0261318 0.00180725 0.0610223 0.529909 
0.0561345 0.0135506 0.00253947 0.0245929 0.0100904 0.0148971 0.0590301 1.35958e-05 9.61232e-05 0.00462424 0.0110463 0.000373144 0.000369223 0.00947349 0.0137324 0.0168803 0.0102336 9.56609e-06 0.0677707 0.0448199 0.0964813 0.543241 
0.0157643 0.0375518 0.000145182 0.0241926 0.00302933 0.0133829 0.0857339 0.00158174 4.40956e-06 0.00206605 0.0015272 0.000493136 0.000191921 0.019264 0.00268211 0.144312 0.00152104 6.60559e-08 0.0554693 0.00245943 0.12715 0.461477 
0.101698 0.0329208 0.000138138 0.00640414 0.000694517 0.0023928 0.0134056 2.87859e-06 2.97727e-08 0.0618384 0.000338486 0.000285989 0.000528957 0.00108512 0.00423272 0.000264777 0.000724138 9.08721e-08 0.0862885 7.91931e-06 0.0179069 0.668841 
0.0304198 0.0230098 0.00089871 0.158978 0.0353918 0.0969885 0.105071 0.000107363 0.000279646 0.0253783 0.0248363 0.00144031 0.000679283 0.00770655 0.0154612 0.00104733 0.027125 1.15419e-05 0.0109731 0.00108363 0.0947579 0.338355 
0.0241477 0.0603591 0.00358287 0.0046579 0.00790739 0.0378282 0.0622209 8.40078e-06 3.43366e-05 0.0173778 0.005578 4.20521e-06 0.0190156 0.000109344 0.00189235 0.0153458 0.000511912 4.55529e-08 0.0269227 8.69967e-05 0.0595878 0.652821 
0.100955 3.65375e-07 3.83904e-07 0.159451 0.0131201 3.49396e-06 0.102784 3.38223e-07 3.32058e-11 1.31791e-07 0.102135 6.49332e-07 4.41081e-07 0.125632 2.84483e-06 0.00299713 0.00218869 4.50817e-11 0.000252841 2.13133e-07 0.0763975 0.314077 
0.00291464 0.000884758 0.0074668 0.0671722 0.00515151 0.0149486 0.0284643 6.92501e-05 3.69371e-07 0.00608406 0.0168305 0.00101792 0.000248896 0.0838418 0.00190726 0.0392398 0.00457404 7.4802e-08 0.0338396 0.000351653 0.152246 0.532746 
0.00917114 0.0111217 1.14972e-06 0.0900128 0.00194588 0.00536044 0.294555 0.000151585 3.21266e-06 0.00687897 0.0105795 9.55895e-08 5.61174e-05 0.001413 0.00443959 0.000223439 0.00352716 3.39999e-09 0.0449893 0.0151208 0.0255793 0.47487 
0.0327013 0.0236165 0.00146387 0.0671389 0.0247741 0.036677 0.0706161 0.000274912 8.23203e-05 0.00442284 0.0116489 0.00190189 0.000236683 0.00700411 0.0112294 0.0284532 0.0154449 6.38652e-07 0.045047 0.00378715 0.0540773 0.559401 
0.193295 0.00980744 1.38411e-06 0.0435596 0.000271286 0.00910372 0.00143493 9.32259e-11 4.7137e-10 0.00137459 0.000799508 6.57963e-06 4.96892e-10 0.00237179 7.46314e-05 0.00303006 9.43776e-07 6.39955e-10 0.119555 2.29188e-10 0.024217 0.591096 
0.0239161 0.0116842 0.000279935 0.10883 0.0384432 0.035546 0.0539483 0.00023957 0.140451 0.0159315 0.00430896 0.0954311 0.00126767 0.0148163 0.0305446 0.00048461 0.150629 0.00205986 0.0402166 0.0015852 0.0202248 0.209161 
0.0106303 0.00167964 0.00383399 0.00462666 0.000508723 0.000693185 0.0234267 5.97206e-06 3.59499e-10 0.00682923 0.00102519 1.22621e-07 2.42232e-07 0.00044928 0.000145528 0.000210834 0.00615038 4.88073e-10 6.23821e-07 0.00144213 0.0109369 0.927404 
0.00260687 0.00944637 0.000476576 0.0550884 0.000832566 0.0124054 0.0344771 0.000107109 1.12475e-06 0.00813236 0.0102776 0.000924839 3.50024e-05 0.0140618 0.00268185 0.242477 0.00293956 6.54319e-07 0.0684839 0.00490986 0.0209627 0.508671 
0.108802 2.18938e-06 0.00656641 0.132685 2.18948e-06 0.111891 0.000440101 0.0024103 2.18655e-06 2.18795e-06 0.0293388 0.00897217 2.18637e-06 2.18862e-06 2.18908e-06 2.1865e-06 0.025616 2.18537e-06 0.0225533 2.18825e-06 2.18962e-06 0.550702 
0.00392333 3.34425e-06 0.00718648 0.00137392 3.3199e-07 4.95477e-05 0.00093339 6.76184e-08 2.41534e-10 0.00778899 2.88224e-07 1.55991e-07 2.54612e-10 1.82126e-05 4.48982e-08 0.000440652 0.00144951 3.27919e-10 7.94245e-07 3.11134e-06 0.000607725 0.97622 
0.00107809 0.000118973 1.89112e-06 0.00046395 0.00101536 0.000320805 0.0254636 2.55805e-07 1.59023e-11 0.026847 8.47136e-08 1.216e-05 0.100557 5.85881e-06 2.04711e-08 2.5986e-05 0.00109068 2.15898e-11 0.277144 3.96946e-05 0.00105902 0.564756 
0.0077379 0.0172003 0.00164131 0.00112285 0.00645013 0.00704127 0.00681141 0.000290027 9.0119e-07 0.0170396 0.00197908 0.0016596 0.00480638 0.0035307 0.00185876 0.00129008 0.0129628 2.85545e-07 0.149235 0.00164737 0.0119498 0.743744 
0.0159789 0.0105322 0.00018138 0.205224 0.00711903 0.0755838 0.193803 5.48759e-05 0.00164834 0.00512439 0.0105301 0.00624152 1.32511e-05 0.000133085 0.00905693 0.00117318 0.00423009 0.000143013 0.0187991 0.00136737 0.128815 0.304247 
0.0202297 0.0451787 7.36047e-06 0.000182902 0.000106141 0.00208697 0.074897 2.50716e-09 1.4621e-10 0.00054175 0.0125476 1.95371e-08 5.1552e-06 1.61778e-06 0.00384335 0.000885851 0.000384811 1.98502e-10 0.0451064 0.0771637 0.0261828 0.690648 
0.0657113 0.0302579 0.00305103 4.55517e-05 0.0377687 0.00879592 0.0872589 3.40033e-05 3.88886e-06 0.00217215 0.00590778 6.80869e-06 0.00264604 0.000805158 0.000999898 0.00647994 0.00724941 3.30074e-10 0.0148546 0.00644386 0.0162328 0.703274 
0.00516021 0.0416848 0.000199219 0.0318019 0.00660144 0.0260252 0.038225 0.00156416 2.48756e-06 0.0137535 0.00471024 0.000197215 0.00278149 0.0799675 0.0106878 0.00168709 0.0116096 2.80522e-05 0.0458072 0.000659906 0.0133397 0.663506 
0.00247663 0.00875702 0.00011398 0.00153099 0.0116398 0.0172234 0.0902105 1.59819e-05 2.60845e-05 0.00596521 0.00340402 0.0528246 0.00888118 0.00195808 0.00309833 0.000317315 0.0235466 8.5149e-12 0.293796 0.00222234 0.0553026 0.416689 
0.0103025 0.00174406 0.0022201 0.350463 0.00587715 0.0112894 0.027378 3.04534e-05 6.54489e-05 0.000324405 0.0160402 0.000215167 4.60724e-07 0.00107223 0.0105858 0.00373268 0.0148992 4.52678e-05 0.0161259 0.00178997 0.0253018 0.500497 
0.0649173 0.184526 0.0132395 0.00374124 0.111901 0.0286966 0.0331497 0.00088591 9.03382e-05 0.0264082 0.00392247 0.00141329 4.17641e-06 0.00325622 0.00433981 0.0137127 0.118233 2.82782e-10 0.0394406 0.00339999 0.0373269 0.307395 
3.86291e-12 2.50225e-12 4.64609e-08 0.0092139 0.00296238 0.00261448 0.00722903 3.50367e-12 1.82122e-08 0.0292522 0.000567616 0.000140508 1.86745e-11 0.0695702 4.17299e-12 0.00464381 0.00196522 2.40512e-11 3.03941e-08 5.41929e-08 3.227e-05 0.871808 
0.00877428 0.0274674 0.365695 0.00837129 0.00827871 0.0175653 0.0517226 0.0020795 8.71462e-07 0.0432974 0.00248765 0.000563918 0.00905708 0.0105543 0.0117863 0.000797415 0.00852846 3.71958e-07 0.0248781 0.000601707 0.0266655 0.370827 
0.0266102 0.147243 0.000798948 0.0816847 0.0212545 0.17604 0.183375 0.000283701 3.82235e-08 0.00225386 0.0165808 0.000606313 4.08406e-05 0.00596419 0.00698864 3.06655e-05 0.00967723 1.402e-10 1.71275e-07 0.00347157 0.0475513 0.269545 
0.00984559 0.044202 0.0399682 0.139697 0.031951 0.0340355 0.0722583 9.22263e-05 3.97272e-06 0.0085453 0.0562138 4.77752e-05 7.49824e-05 0.00973852 0.0134813 0.00165652 0.00370849 5.25297e-08 0.0913625 0.0308771 0.152178 0.260062 
0.0365048 0.0204773 0.0018382 0.0353808 0.0336059 0.044087 0.0262541 0.00193303 9.1816e-06 0.000928606 0.0369658 0.0118249 0.00455281 0.00567665 0.0332237 0.00422213 0.0165341 0.0103245 0.0614321 0.0103066 0.0357701 0.568148 
2.11612e-08 7.8048e-08 0.000232734 0.267242 0.00547859 0.0109499 0.0746044 0.00073831 7.7486e-07 0.0136207 0.00228868 2.43292e-06 2.41485e-05 0.0133135 5.76902e-05 0.0621271 0.00111507 1.00993e-09 0.126413 0.000189791 0.0217966 0.399805 
0.00443478 0.00373683 0.00660747 0.0232515 0.00216026 0.0218135 0.0343372 0.000161259 1.08919e-05 0.279264 0.00361288 1.99459e-05 0.000637092 0.0171928 0.00326022 0.0594922 0.00274245 2.55982e-07 0.0779792 0.00322404 0.0287867 0.427275 
0.0378064 0.144245 0.000173709 0.0640227 0.144826 0.021425 0.0866025 9.84875e-05 3.83705e-06 0.000816432 0.00632954 0.000662156 8.91083e-06 0.00564159 0.0495812 0.000641675 0.115013 8.12029e-09 0.00238798 0.000252109 0.0451914 0.27427 
0.00458628 0.00738461 0.00519974 0.0472341 0.0159736 0.0220091 0.0597849 5.63383e-05 0.000158027 0.0626411 0.00454217 0.00654983 1.90867e-05 0.0449228 0.000617944 0.00197411 0.0150036 5.966e-10 0.144441 0.0042655 0.0409 0.511736 
0.0109813 0.00977269 0.000358088 0.0295126 0.0103517 0.0181158 0.0551906 0.000172297 5.54384e-06 0.0429903 0.020386 0.000202419 4.78604e-05 0.00711548 0.00578137 0.002527 0.00339488 4.75084e-05 0.0556226 0.0125469 0.00870492 0.706172 
0.0212314 0.0301756 2.01824e-05 0.0738448 0.149302 0.0276403 0.0111361 0.000527083 1.60711e-06 0.000845391 0.0138377 0.16835 0.000296172 0.0178454 0.0357439 0.00212352 0.0207365 7.45404e-07 0.0735646 0.00295457 0.0360104 0.313812 
2.09433e-06 4.59987e-06 1.64083e-07 9.85293e-08 0.150919 4.95018e-07 0.0505848 6.56606e-07 5.14712e-11 0.0111824 0.161019 6.32676e-07 3.80349e-08 6.96654e-07 0.0178758 0.142311 7.23916e-07 6.98798e-11 0.000344595 3.72915e-07 2.26109e-08 0.465754 
0.0141909 0.000668325 1.30584e-09 0.0124079 0.0035088 0.0325587 0.0707364 9.12236e-07 1.37387e-05 6.7184e-05 0.0130954 2.97298e-07 0.000196842 0.000848979 0.0284814 0.0106242 0.0191076 3.28173e-09 0.00714955 0.0366769 0.300817 0.448849 
0.000122019 0.000294513 0.00839561 0.0123632 0.000861994 0.000240815 0.00242739 1.98812e-09 6.95802e-08 0.00399658 5.29252e-12 5.6226e-08 9.28978e-08 1.68258e-08 5.28649e-05 0.00283242 0.00108767 4.2934e-11 0.0207891 2.28196e-07 0.000537427 0.945998 
0.0114757 0.0243396 0.0164452 0.107167 0.0955297 0.147949 0.0425259 0.000405346 6.13716e-05 0.00152962 0.00911857 0.00310165 7.4737e-06 0.00513362 0.00370458 0.00174549 0.120182 9.48133e-08 0.0573635 0.0017528 0.102939 0.247524 
0.00145372 0.0117338 9.72436e-05 0.00161626 0.00977611 0.0139692 0.0637405 7.46216e-06 1.7841e-05 0.00654141 0.00231605 0.0367818 0.00414492 0.00517997 0.00275338 0.000262274 0.01849 1.00597e-11 0.355819 0.00159468 0.0322659 0.431439 
0.0178495 0.0123806 0.00444759 0.0742979 0.0308486 0.0330358 0.0666387 0.00060835 0.000143837 0.00859891 0.0171467 0.00390226 0.00101193 0.0106059 0.00938749 0.0120653 0.0146903 0.000458286 0.0580476 0.0407324 0.0610428 0.522059 
0.0278709 0.0056232 5.01283e-08 9.29639e-05 0.00474537 0.000798046 0.00893428 1.80857e-06 4.43101e-07 0.000889595 0.00842166 5.29901e-06 3.33734e-08 1.92456e-08 0.00758092 0.00382925 0.00133412 9.76356e-07 0.0470428 0.0305509 0.0080268 0.844251 
0.193295 0.00980744 1.38411e-06 0.0435596 0.000271286 0.00910372 0.00143493 9.32259e-11 4.7137e-10 0.00137459 0.000799508 6.57963e-06 4.96892e-10 0.00237179 7.46314e-05 0.00303006 9.43776e-07 6.39955e-10 0.119555 2.29188e-10 0.024217 0.591096 
0.12029 0.0962351 0.000982363 0.0528249 0.106414 0.0648467 0.0512732 0.00105046 3.15035e-06 0.000782659 0.0125741 0.00667981 0.00238579 0.00484059 0.00504091 0.00194588 0.078454 4.39216e-05 0.0266736 0.0010337 0.0713439 0.294281 
0.0124618 4.51959e-05 0.0329996 0.00113701 0.0235581 0.000725102 0.0150488 1.1101e-05 3.63279e-06 0.00162305 8.20002e-08 0.000149685 5.16495e-07 6.86978e-06 2.12632e-06 0.00152933 5.0005e-05 1.37634e-06 0.0213198 9.41454e-07 0.002516 0.88681 
0.0542172 0.0873672 0.0720989 0.00267885 0.00784077 0.000816734 0.00537317 3.98045e-05 2.24152e-06 0.000144976 0.00143252 4.19654e-07 0.000186104 5.52127e-05 2.81121e-05 0.0162046 0.00150456 2.53133e-09 0.00430759 0.033718 0.00656586 0.705417 
0.00528365 0.00510129 0.0104108 0.00187089 0.0245739 0.00881202 0.0394247 9.61957e-06 5.34653e-08 0.0410295 0.0208428 0.000132969 1.80288e-06 0.000368214 0.000412794 0.000933139 0.000388352 3.91273e-08 0.0171547 0.00226341 0.0104484 0.810537 
0.0359505 0.00223613 0.00134247 0.157723 0.0121508 0.01143 0.0579166 2.96462e-05 1.43516e-05 0.00578898 0.0593354 0.00742374 1.66838e-05 0.000531161 0.00132292 0.000626621 0.00326241 6.89528e-07 0.00265084 0.01601 0.0249109 0.599326 
3.86291e-12 2.50225e-12 4.64609e-08 0.0092139 0.00296238 0.00261448 0.00722903 3.50367e-12 1.82122e-08 0.0292522 0.000567616 0.000140508 1.86745e-11 0.0695702 4.17299e-12 0.00464381 0.00196522 2.40512e-11 3.03941e-08 5.41929e-08 3.227e-05 0.871808 
0.0108902 0.0123772 0.00795718 0.275692 0.0243684 0.0748534 0.0793945 0.000570112 0.00018072 0.00368546 0.0183638 0.00326916 0.00324693 0.0165098 0.0117795 0.010357 0.0215611 6.88826e-05 0.046945 0.00442036 0.0819671 0.291542 
0.0113571 0.00375469 6.00543e-07 0.0178224 0.037212 0.00267491 0.0400121 6.63208e-06 1.11557e-08 3.92677e-10 0.0251937 0.00012233 1.07555e-05 0.000540856 0.00935315 0.00454965 0.0127548 6.62448e-07 6.98246e-05 0.0249378 9.14209e-06 0.809617 
1.06367e-06 2.84554e-05 2.9606e-10 0.0759919 2.12322e-05 7.77288e-06 0.243233 6.82948e-07 2.74564e-07 3.15182e-10 5.64989e-06 2.1436e-06 5.83479e-08 2.04898e-10 3.75673e-06 3.1706e-06 0.172046 7.44032e-10 7.89359e-06 1.81729e-05 1.29279e-05 0.508616 
3.33253e-05 9.35733e-07 0.00134813 0.000129905 0.000891213 2.59021e-08 0.00328101 2.04291e-11 3.7666e-08 0.000102541 6.07135e-07 6.41215e-11 2.43602e-08 0.000559818 3.44833e-05 0.00310884 1.87494e-05 1.40237e-10 0.486626 3.63864e-07 0.000120503 0.503744 
0.0104163 0.000374217 0.124444 0.075852 0.01194 0.0137035 0.161371 1.35836e-06 7.19026e-12 0.00406396 1.78501e-05 0.000875055 1.37871e-08 0.065239 0.00032774 0.00119332 0.00255013 9.76184e-12 0.0198685 0.000129716 0.0240615 0.48357 
0.0180186 0.0151574 0.000184759 0.000507109 0.0259165 0.00195785 0.0537316 0.000266559 4.33279e-05 0.0045413 0.0272847 0.0413542 2.22542e-05 0.000659459 0.00337536 0.00251355 0.00214472 6.9676e-08 0.00405638 0.000376578 0.000445631 0.797442 
0.061793 0.00493733 1.70605e-10 1.40341e-07 0.0242267 0.0130391 0.0114389 6.96458e-06 2.23811e-06 0.00153847 0.0179229 1.9604e-10 2.50206e-07 3.3152e-05 0.0631711 3.2048e-10 0.00165382 4.28749e-10 0.0274298 2.94833e-07 0.00954104 0.763265 
0.000179631 0.00277971 0.000824566 0.0056351 0.00456876 0.0240516 0.00631033 5.95139e-06 7.95435e-09 0.016745 0.0436263 5.0011e-05 0.000344758 0.00416506 0.00839813 0.000466441 0.00502988 2.87074e-09 0.195251 0.000775846 0.0213399 0.659452 
0.000485548 0.00089918 0.00120902 0.18381 0.00275046 0.0646638 0.113367 3.34673e-06 9.85949e-06 0.0223474 0.00427521 0.000315787 1.20601e-06 0.0388199 0.00105301 0.00148775 0.00165476 6.94701e-07 0.0085925 0.0172591 0.0354911 0.501503 
0.0325085 0.00487854 1.46046e-07 0.0145336 0.0126977 0.00267713 0.0327244 4.78213e-08 5.75777e-08 0.00163589 0.0204006 5.51956e-05 4.18967e-05 0.00133291 0.000755806 0.00122977 0.00115922 5.10642e-11 0.0764423 0.000290721 1.10982e-06 0.796634 
0.0402376 0.0320828 0.00395432 0.152797 0.0283695 0.0387153 0.0746269 0.000777688 5.16405e-05 0.0245882 0.0336011 0.00259612 0.000160258 0.0100015 0.00963999 0.0114361 0.00818968 0.00165739 0.0292751 0.00676854 0.095164 0.395309 
0.00545554 0.0132273 0.00145208 0.0216597 0.0308462 0.0218663 0.0933797 0.000127665 1.43794e-05 0.0368057 0.00563385 0.000109393 1.01611e-05 0.00251045 0.0208296 0.00537856 0.006742 5.22265e-08 0.060564 0.000297011 0.0280019 0.645089 
0.0290146 2.20763e-06 0.00087079 0.130501 0.00948128 7.32973e-05 0.120509 4.84217e-09 2.44831e-08 3.52143e-07 0.00407875 1.51983e-08 0.000672086 9.15374e-09 0.0137867 0.00286336 1.91002e-06 3.32394e-08 2.51313e-07 0.0985313 0.00416764 0.585445 
0.0341746 0.0244205 0.00228227 0.0899616 0.0380659 0.0645363 0.108448 0.00117113 0.00015635 0.00339052 0.0123478 0.00192755 0.0057325 0.00574131 0.0108804 0.00706156 0.0292015 0.000770022 0.0412084 0.0481212 0.0888489 0.381552 
0.0281222 0.000474447 6.76851e-06 0.00947578 0.00317524 0.00436993 0.0399375 2.85665e-07 6.59988e-05 1.44388e-06 0.068318 0.0509443 2.05095e-05 1.20592e-06 0.0266737 0.00624089 0.00446547 3.52675e-08 1.82725e-05 0.00714625 0.000268658 0.750273 
0.000743292 0.00241083 0.00118124 0.104117 0.000643464 0.0272034 0.0542988 8.6218e-05 0.00023391 0.0162953 0.00669914 0.000145017 2.52926e-06 0.0389503 0.00310729 0.0059919 0.00269369 2.25767e-10 0.256579 0.000443227 0.0558678 0.422307 
0.0256098 0.0224831 0.000716515 0.0170632 0.00921407 0.0195236 0.057744 0.000111031 1.29956e-05 0.172997 0.00453881 0.00487228 0.000147576 0.00157924 0.00532017 0.000661541 0.00829205 4.12312e-10 0.0766244 0.00222936 0.0556453 0.514614 
0.00244884 0.00418194 5.02975e-07 0.00573273 0.000540379 0.0016872 0.0204356 8.19934e-07 2.58006e-09 0.00954821 3.59434e-08 6.73368e-09 3.93677e-06 5.57114e-05 0.00202136 0.00375125 0.00150903 1.24025e-11 0.293871 0.000367264 0.0267394 0.627105 
0.03962 0.0116106 0.00125191 0.0711578 0.00138885 0.193442 0.125084 2.81956e-05 3.08563e-06 0.000200177 0.0353813 0.000148103 2.63044e-08 0.00768107 0.0100594 0.000318596 0.0325079 8.75121e-08 0.00165497 0.0246056 0.204373 0.239483 
0.00790838 0.0164021 0.00249122 0.0746754 0.0580047 0.0385635 0.139489 0.000106345 2.8386e-06 0.010003 0.000456635 0.00039312 1.66191e-06 0.0151108 0.00309642 0.00224216 0.0173338 0.000130303 0.0379063 0.0235399 0.0373921 0.51475 
3.86291e-12 2.50225e-12 4.64609e-08 0.0092139 0.00296238 0.00261448 0.00722903 3.50367e-12 1.82122e-08 0.0292522 0.000567616 0.000140508 1.86745e-11 0.0695702 4.17299e-12 0.00464381 0.00196522 2.40512e-11 3.03941e-08 5.41929e-08 3.227e-05 0.871808 
0.00382383 0.000890644 0.00040989 0.000216341 0.00737007 0.000135073 0.00555988 6.45398e-06 2.14674e-08 0.0955018 0.00333287 6.35007e-07 0.000104859 0.000175517 0.000330668 9.29917e-05 0.000741899 8.87771e-11 0.240642 0.0612545 0.000916962 0.578493 
0.00196932 0.00747787 0.000865229 0.0331603 0.00857253 0.0115123 0.0426861 0.000575867 0.00514556 0.270674 0.00141193 0.0028431 0.00120454 0.0249509 0.00202004 0.00147002 0.0152354 4.75839e-09 0.114616 0.00639676 0.0315195 0.415693 
0.0177547 0.0740575 0.000156483 0.102785 0.00728036 0.0572474 0.186792 6.29204e-05 1.89908e-06 0.00171219 0.00159419 8.87742e-05 0.00024432 0.00101451 0.00106348 0.00802432 0.0101459 2.66814e-07 0.0482682 0.000126859 0.127156 0.354423 
0.000439431 0.000369391 0.0161944 0.00226673 0.000771628 0.00305983 0.0185778 1.38814e-05 4.63639e-07 0.00871729 0.000413245 1.96788e-05 6.55303e-06 6.95174e-05 0.000216674 5.03369e-05 0.000956484 2.40171e-07 0.00342856 0.0118706 0.0016748 0.930882 
0.0454671 0.0454723 0.0454451 0.0454744 0.0454744 0.0454768 0.045476 0.0454685 0.0454134 0.0454425 0.0454705 0.0454394 0.0454098 0.0454564 0.0454659 0.0454124 0.0454688 0.0453889 0.0454733 0.0454487 0.0454772 0.045478 
0.0114132 0.0809949 0.0217675 0.0344285 0.00379197 0.0305601 0.0204132 2.34099e-05 2.588e-06 0.00264045 0.0267568 0.000195973 1.02744e-07 0.138257 0.00542641 0.00432004 0.01088 2.61506e-06 0.000574413 0.0073265 0.112323 0.487902 
0.00344417 0.00401131 0.00490315 0.0210235 0.00294811 0.0161668 0.0200063 0.000275813 0.000145775 0.154006 0.00183683 0.000436865 4.42297e-05 0.0073301 0.00231837 0.00325775 0.00925255 2.15279e-10 0.0718766 0.000452146 0.0731217 0.603142 
0.0247425 0.0142181 0.00322769 0.037323 0.023407 0.0239085 0.0283741 0.00771396 0.00039609 0.00951394 0.0134831 0.00284068 0.000478199 0.00529487 0.00497727 0.00265468 0.00309986 6.93408e-07 0.240718 0.00853242 0.0434637 0.501631 
0.0171296 0.0118486 0.00086041 0.136423 0.00529558 0.042372 0.108082 0.0150489 0.000761539 0.0158256 0.00327121 0.00380403 0.000208029 0.00712707 0.00622514 0.000742319 0.00729269 1.22305e-08 0.00905902 0.0239714 0.0504238 0.534228 
0.0119744 0.00541289 0.000221355 0.285265 0.00684534 0.0167944 0.0709416 1.00622e-05 1.28929e-05 0.00702403 0.00161743 0.000423711 0.000118354 0.000808955 0.0536796 0.026552 0.00534967 0.0102337 0.00960122 0.0472256 0.0356881 0.4042 
0.00432114 0.0443255 4.03659e-05 0.124801 0.00834375 0.158584 0.100245 5.95687e-05 0.00114608 0.000581136 0.00143753 0.00483198 0.00146895 0.00433307 0.0144198 0.00039513 0.0372498 7.72215e-07 0.140214 7.87032e-05 0.0879646 0.26516 
0.000311104 0.000461682 5.76023e-06 0.012949 0.00663568 0.0239138 0.0214361 3.36697e-06 2.13228e-05 1.7343e-09 0.112185 9.66566e-05 1.124e-05 0.000382882 0.02755 0.00227514 5.82577e-10 0.010047 0.0333429 0.195904 0.00768761 0.54478 
0.00496413 0.0231603 7.34437e-05 0.059028 0.30047 0.0326831 0.0611764 3.13273e-05 8.51902e-06 9.24358e-05 0.00639453 0.00419271 1.08025e-05 0.0247833 0.000717381 0.000135195 0.000919209 2.60018e-07 1.18006e-05 0.0016182 0.145513 0.334016 
0.000197085 6.8318e-06 2.61293e-05 0.00475913 0.000122302 3.66848e-06 0.00284111 9.56592e-06 4.83674e-05 0.000241505 5.66276e-05 3.00249e-05 0.000302988 0.0540783 1.3528e-05 0.000315783 0.000114389 6.56659e-05 0.0032289 2.35171e-05 3.26833e-06 0.933511 
0.0023207 0.0172783 0.000446666 0.0342907 0.0714621 0.0970587 0.0447775 0.00422044 2.13058e-07 0.00495421 0.0253243 1.30512e-05 7.56753e-05 5.23167e-05 0.00909208 0.000274009 0.00389228 5.81218e-09 0.00536473 0.270435 0.0880754 0.320592 
0.0051699 0.031145 0.000117886 0.127971 0.0542206 0.0756102 0.120374 0.000792159 0.0371158 0.10937 0.000721181 0.000518132 0.000188567 0.00430798 0.014223 0.00375403 0.0216908 6.22947e-10 0.00442107 0.000133411 0.0318605 0.356295 
0.00259725 0.0122417 0.000357886 0.245014 0.00633484 0.207267 0.114678 0.00460022 2.94816e-10 5.07627e-05 0.000614179 0.0456173 0.00161813 0.0441141 0.00183027 5.11838e-05 0.0214731 1.28908e-07 0.00028045 7.82414e-05 0.0140791 0.277102 
0.00152872 0.00178473 0.000531561 0.0073659 0.0323871 0.186197 9.75779e-05 0.000677446 0.00344662 0.00126518 0.000187106 0.00688088 0.00106751 0.00276435 0.1254 6.81552e-05 0.0029955 3.57552e-06 0.00813047 0.000201445 1.77961e-07 0.617019 
3.86291e-12 2.50225e-12 4.64609e-08 0.0092139 0.00296238 0.00261448 0.00722903 3.50367e-12 1.82122e-08 0.0292522 0.000567616 0.000140508 1.86745e-11 0.0695702 4.17299e-12 0.00464381 0.00196522 2.40512e-11 3.03941e-08 5.41929e-08 3.227e-05 0.871808 
0.0240099 0.00973688 0.0145675 0.0272582 0.0137632 0.00873626 0.0150262 0.000123553 2.6403e-05 0.0169459 0.0145327 0.00622445 1.26494e-05 0.000529437 0.00678431 0.0152839 0.000734349 8.9257e-06 0.0301265 0.00401631 0.00357274 0.78798 
0.0404785 0.0158318 0.0353209 0.0111061 0.0112188 0.0148724 0.0460756 1.45287e-06 1.35117e-09 0.0732577 0.000691543 0.0106814 2.46827e-05 0.000571011 0.00403657 0.0041659 0.00384514 8.68377e-12 0.0569003 0.000119238 0.0155121 0.655289 
0.0678427 0.0241674 0.000124425 0.0069733 0.0234448 0.00537757 0.0424834 1.48581e-06 1.21849e-05 0.00153364 0.0078247 0.000105028 2.58826e-06 8.35702e-05 0.0020001 0.00538647 0.0360391 2.19904e-08 0.0210088 0.00508265 0.140592 0.609914 
0.0318114 0.00592484 0.00309772 0.0825992 0.0880746 0.143277 0.0596796 6.53035e-05 8.24911e-05 3.97835e-05 0.00709263 0.000444922 1.82608e-06 0.000423622 0.0534962 0.000785608 0.125024 2.30091e-06 0.0150462 0.00018084 0.0722684 0.310582 
0.0245173 0.0120414 0.00344963 0.0389809 0.0207163 0.0237526 0.0667199 0.000135414 9.08678e-06 0.179548 0.0129527 0.000418265 0.0136432 0.00342719 0.00732359 0.00885992 0.0033712 1.83432e-06 0.0488681 0.0172483 0.0269249 0.487091 
0.00222121 0.00150731 5.30391e-05 0.002285 0.000818916 0.00532048 0.015698 9.50944e-06 1.30808e-07 2.41719e-05 0.00138818 6.61103e-06 7.66964e-08 0.000246016 0.000555629 0.000317299 0.000746171 1.50519e-09 0.000136358 0.000148579 0.00259545 0.965922 
0.0619538 0.0323194 0.000189532 0.0313811 0.0330695 0.141614 0.091749 3.86799e-05 4.22131e-05 0.000717998 0.0167424 0.00110426 4.15848e-05 5.38759e-05 0.00130813 0.00016347 0.0233329 1.51479e-08 0.16935 0.000398113 0.0164359 0.377994 
0.00138614 0.0033745 2.17737e-09 1.66089e-05 0.00661211 0.00058398 0.0148825 1.53036e-07 4.03048e-09 0.0055163 0.00117983 4.90996e-05 1.67722e-05 8.18162e-07 0.000125845 0.000750527 0.000117528 5.47198e-09 0.0627783 0.00129239 0.0021581 0.899159 
0.044459 0.00497637 5.78979e-08 0.00443278 0.0691283 0.0225392 0.0504639 7.56283e-06 1.3465e-08 0.000625093 0.0580712 0.00025689 3.63707e-05 5.83093e-05 0.0113483 0.00104791 0.00853338 5.94425e-08 0.0742406 0.000700747 0.0230601 0.626014 
0.255384 0.000143912 0.000782826 0.120788 0.0443022 0.024931 0.196707 4.14034e-05 9.61812e-06 2.12888e-05 0.0128072 0.000120347 0.00197782 4.55333e-05 0.00769907 0.00894294 4.56698e-06 8.22122e-06 0.00299732 0.00290162 0.0600295 0.259355 
0.00173881 0.00323686 0.00408867 0.0735536 0.0022773 0.042237 0.0509502 7.82565e-05 3.26618e-05 0.0125268 0.00282444 0.00166689 7.33908e-07 0.0064185 0.0028651 0.00113968 0.00182812 8.1e-08 0.0292606 0.00940738 0.0212019 0.732666 
1.31847e-07 0.0105857 0.000127539 0.0480952 0.00457369 0.0616313 0.0835089 3.93029e-05 0.00016134 0.00233889 0.0162442 0.00642634 0.000257156 2.93616e-08 0.00575777 0.00514604 0.00131666 2.30163e-11 0.0804837 0.00775567 0.0390707 0.62648 
0.00390332 0.00464967 3.75794e-08 0.0252528 0.0439142 0.0382019 0.0243888 3.89343e-05 6.77314e-06 5.37256e-06 0.00263731 0.000327036 6.11715e-09 0.000982011 0.00421404 0.000166473 0.0110716 4.71926e-11 0.00430202 0.00184067 0.0107153 0.823382 
0.00400635 0.00816693 0.000597264 0.0542758 0.0122412 0.0360583 0.0431235 0.00245349 0.000271903 0.00997068 0.00693047 0.000116064 3.75166e-05 0.00177429 0.00437759 0.0027973 0.00301127 1.94782e-09 0.280085 0.000561077 0.0575937 0.47155 
0.0202584 0.0177327 0.00465885 0.0771001 0.0106174 0.0358939 0.0451593 0.000124776 0.00104771 0.0483968 0.0103406 0.000823421 0.00577348 0.0109685 0.00897513 0.00558479 0.0100593 0.000125367 0.0848157 0.00936127 0.0447691 0.547413 
0.0144842 0.0126895 0.00140307 0.0505937 0.0248414 0.0234692 0.0506786 0.000413322 8.26948e-06 0.00809404 0.0103533 0.00140072 0.000200212 0.00428545 0.0116559 0.036485 0.029055 1.65366e-05 0.063521 0.00309985 0.1494 0.503852 
0.00145372 0.0117338 9.72436e-05 0.00161626 0.00977611 0.0139692 0.0637405 7.46216e-06 1.7841e-05 0.00654141 0.00231605 0.0367818 0.00414492 0.00517997 0.00275338 0.000262274 0.01849 1.00597e-11 0.355819 0.00159468 0.0322659 0.431439 
0.17234 0.0254359 7.61624e-05 0.0358777 0.089782 0.08798 0.130164 5.80632e-06 2.75248e-06 0.000870449 0.00480208 0.013519 0.00125284 0.000462855 0.00596572 0.000178581 0.0280713 4.04743e-08 0.0186963 0.00252278 0.0382616 0.343732 
