0.00855458 0.0032767 0.000908024 0.590759 0.00201788 0.0264158 0.123923 0.000101907 2.29048e-05 0.00581291 1.66127e-07 0.00411588 2.45946e-08 0.000917098 0.0029796 0.000876709 0.00121399 4.8738e-11 0.0295048 5.48073e-05 0.0436554 0.154889 
0.00325972 0.00610328 6.96967e-05 0.819756 0.00501973 0.00279935 0.00879073 0.000807349 5.67721e-05 2.60458e-05 0.000290378 0.00421435 7.02867e-07 0.00952508 0.00314429 6.96559e-05 0.118712 6.77219e-08 7.40375e-06 5.03131e-05 0.0146123 0.00268394 
0.0266251 0.00308558 0.00196722 0.327824 0.0303887 0.140316 0.0519421 0.00266461 0.00250815 0.121491 0.00184979 0.00013211 7.68383e-05 0.0661175 0.0512398 0.000145372 0.0521265 2.66768e-07 0.00604382 0.00335864 0.038638 0.0714587 
0.0105884 0.0105084 8.30335e-05 0.666232 0.191263 0.0027952 0.00967125 0.00036568 0.00895135 0.0173513 0.000118959 4.56213e-05 3.21578e-05 0.000107158 0.00202769 0.000532868 6.05041e-05 1.84453e-07 0.00183711 0.000362435 0.0595029 0.0175636 
0.000203867 1.87397e-05 0.000239297 0.948378 0.00427764 2.87018e-07 8.05258e-05 7.35718e-06 0.000262973 2.03185e-05 0.00120741 0.000821293 3.98911e-06 0.0308076 0.00967752 0.000422147 8.92642e-05 0.000207417 0.000661123 0.000344607 0.00224608 2.29776e-05 
0.00113244 0.00027117 0.0099681 0.667531 0.0127729 0.0371345 0.0297415 5.50578e-05 3.98266e-06 0.000354752 0.107213 0.0076703 2.71065e-10 0.000772513 0.00902502 0.000820081 0.0144777 3.49109e-10 0.0269213 0.00138728 0.0407868 0.0319604 
0.0040062 0.0518016 0.0244638 0.248742 0.0106482 0.099589 0.00568137 0.000296686 3.15551e-05 0.000442632 0.0229209 0.000439273 9.77633e-05 0.128337 0.185674 0.000528621 0.0433397 1.79648e-09 0.0141939 0.00129797 0.100862 0.0566059 
0.00332247 1.70994e-11 6.53995e-11 0.541605 1.69618e-07 3.3064e-08 0.0186995 0.00407037 1.2106e-10 1.40647e-06 1.01101e-06 7.51498e-11 1.27614e-10 0.2738 8.58348e-09 0.00204528 1.9414e-07 1.64356e-10 0.000187567 2.88478e-07 0.0150112 0.141256 
4.46652e-06 9.51166e-07 2.9856e-09 0.895856 0.0383201 2.07238e-06 3.38882e-06 1.09303e-09 3.78214e-07 3.19684e-06 0.0172446 4.17717e-05 5.8258e-09 0.0130911 0.000565073 5.60843e-09 4.72425e-06 7.50315e-09 1.75225e-06 2.68712e-09 1.13616e-06 0.0348597 
2.38076e-07 5.39921e-08 0.00476108 0.92723 4.7598e-07 3.38379e-07 0.000371083 3.47355e-11 1.7563e-10 1.01008e-10 0.0274026 9.99593e-08 1.85139e-10 7.99227e-05 0.000318799 5.49927e-06 9.87417e-08 2.38444e-10 0.00268541 0.000731333 0.000497238 0.035916 
0.0734071 0.00480653 0.00385003 0.386282 0.073554 0.0597411 0.0437085 0.000185075 0.0145909 0.00836305 0.0134877 0.00031979 0.000254393 0.00487624 0.0822803 0.000225941 0.0825249 0.000738866 0.00380033 0.00424024 0.0868778 0.0518851 
0.0046337 0.00283122 0.00124129 0.715787 0.0186078 0.0538852 0.053359 0.000256457 2.83285e-05 0.00055031 0.00607664 0.00591049 2.87201e-05 0.000275293 0.00549473 0.00113205 0.00328366 6.05972e-08 0.0235417 0.00321906 0.0448166 0.0550405 
3.85916e-07 0.0443085 0.0459407 0.423843 0.0115411 0.0834917 0.0231985 0.0182934 0.0018506 0.0136159 3.85944e-07 0.0113008 3.85429e-07 0.00987747 0.00675373 0.00161928 0.0144728 3.85252e-07 0.0238919 3.8576e-07 0.0243185 0.24168 
0.052069 0.203703 0.00278814 0.254163 0.036717 0.196139 0.031179 7.20125e-05 2.04855e-05 1.23674e-05 0.00020013 0.00442007 3.04603e-08 0.0126376 0.00369441 0.000219403 0.0653128 6.20087e-09 0.0101991 3.2289e-06 0.0250864 0.101364 
5.66883e-05 0.00154702 0.000280773 0.248467 0.189951 0.0140035 0.136155 0.000257777 0.00023515 0.127091 0.0191804 0.000164573 6.11804e-08 0.0839837 0.084829 0.0521098 0.000265689 2.41868e-09 0.000311376 7.19219e-05 0.0164314 0.0246076 
0.000948607 0.00253028 0.00444562 0.623459 0.0199624 0.0456292 0.0322466 0.000132381 0.0901353 0.00745168 0.00369532 2.34023e-05 0.00137372 0.00955852 0.00757625 9.57861e-05 0.0113838 4.16974e-07 0.00432763 0.0488025 0.031686 0.0545352 
0.00100086 0.000770553 0.000131461 0.762982 0.00765546 0.0338415 0.0958856 5.62894e-05 0.000358079 0.000783519 0.0234738 0.0010904 1.214e-06 0.0103408 0.00213432 0.000386147 0.00680383 4.31225e-08 0.0029554 0.00210888 0.0256827 0.0215567 
0.0146276 0.00593224 5.08441e-06 0.429354 0.104885 0.0150184 0.0762098 4.98969e-05 7.49806e-06 7.75853e-06 0.00413647 0.00104538 3.24457e-05 4.37605e-06 0.0615215 8.55543e-07 0.0879262 1.0526e-08 9.82155e-10 1.69382e-06 0.166143 0.0330904 
0.00301579 0.0272917 0.00132376 0.429011 0.0036926 0.148746 0.0545312 6.56959e-05 0.000134839 1.91233e-05 0.0445055 0.000616308 0.000221292 0.000686642 0.0152071 0.000692031 0.0119177 1.68986e-07 0.00161838 0.017497 0.206807 0.0323996 
0.000103722 0.00117249 0.000142424 0.922269 0.000392985 0.00924635 0.0194552 7.78973e-05 0.000216716 0.00365624 0.00263306 2.5343e-08 7.14679e-06 1.69841e-07 0.0224681 9.74153e-06 0.00176886 1.92963e-10 0.000450349 0.000255367 0.0125569 0.00311679 
0.00013295 0.00081747 0.00165085 0.753026 0.000495639 0.00277007 2.0472e-07 0.00311086 0.00311933 1.33166e-06 1.31558e-05 5.59222e-09 4.77105e-06 0.206448 9.12682e-07 2.68106e-05 7.31364e-05 1.22305e-08 0.000349345 0.000487472 8.40812e-05 0.0273871 
0.0373784 0.00995025 0.000155171 0.450993 0.017483 0.0930951 0.0965121 3.38484e-05 0.00106257 0.000106365 0.0581888 0.00113181 0.000243127 0.0010583 0.0162405 0.00114443 0.0230733 0.0014108 0.00571018 0.0179265 0.0373816 0.129721 
4.57723e-05 0.00321767 0.000135356 0.731658 0.0065431 0.0345727 0.0157169 0.00608981 2.52903e-06 0.000100161 0.028829 0.0392538 0.000253915 0.0122747 0.0176355 0.000330188 0.0205196 1.21654e-05 0.00064573 0.000642374 0.00870927 0.0728119 
0.00289017 0.0550272 0.00438357 0.352671 0.0116155 0.0191047 0.327659 2.7036e-05 8.67164e-06 0.0170266 0.00115574 2.33733e-05 5.66853e-07 0.00848032 0.00984245 0.00305883 0.00865013 1.82441e-06 0.0264242 0.000240963 0.0634849 0.0882242 
0.000100208 0.000444687 0.00215833 0.651243 0.00241229 0.0607334 0.0361205 0.000363041 2.15459e-05 0.000633375 0.0334473 0.000318437 5.82986e-07 0.0438928 0.014086 0.00047729 0.0051137 5.56367e-05 0.0242716 0.00116594 0.0507493 0.072191 
0.00212531 0.00156214 0.0043403 0.437472 0.000161061 0.202995 4.22449e-07 0.000296558 6.3855e-08 0.00502728 0.101403 0.000519946 2.13285e-07 0.080299 0.0515891 6.74364e-07 0.0308696 3.72477e-11 2.09878e-06 2.54329e-08 0.0343899 0.0469461 
0.0108516 0.018442 0.000100838 0.365432 0.112168 0.0618719 0.0981974 0.000118295 1.22295e-06 8.01005e-05 0.00604076 0.000520433 1.15246e-05 0.00877057 0.00521285 0.00779837 0.0447897 5.87405e-09 0.000880606 0.0121113 0.0592588 0.187342 
0.000364111 0.00215123 0.0407913 0.506324 0.00202097 0.092701 0.0252092 1.14568e-06 8.45734e-07 0.000645736 0.000898795 4.24418e-06 4.48044e-05 0.000654599 0.0149408 0.00225379 0.0167081 0.000269337 0.000101714 0.00607412 0.284368 0.00347178 
0.000947623 0.0139585 0.00645612 0.630139 0.00582247 0.0684087 0.0243227 0.00593116 8.36134e-05 0.000257669 0.046028 0.00174636 0.0161867 0.0241451 0.0264091 1.34036e-05 0.0131471 3.38136e-05 0.000297707 0.0108203 0.0572119 0.0476327 
0.000779575 3.26636e-05 0.000112635 0.788929 0.000471579 0.0529122 0.0331082 0.000268416 0.0052285 0.000416116 0.0104557 0.0004535 0.00199462 0.0321534 0.000465434 0.000260745 0.00560551 5.49893e-09 0.0109548 0.00032384 0.0296999 0.025374 
0.000104471 0.00114048 5.00388e-06 0.810404 0.0180186 0.00584193 0.0412971 2.37521e-05 7.31531e-07 9.31534e-06 0.00226272 0.00014257 0.00086199 0.00997048 0.00352802 1.7221e-05 0.028492 1.70943e-06 0.000144741 0.00118562 0.00108368 0.0754635 
0.00885317 0.000710383 0.000621084 0.372234 0.0370863 0.0114685 0.27508 1.50078e-06 0.000652471 0.00228069 0.101799 0.00559146 2.11303e-05 0.00259727 0.0209279 0.00517328 0.00537405 1.21245e-08 6.23348e-05 0.00359667 0.041843 0.104026 
0.0229103 0.0010884 3.96352e-05 0.636765 0.00576813 0.172816 0.063475 0.00011678 0.000631987 0.00273911 0.00446026 0.000472252 1.88989e-07 0.00498703 0.000834634 0.000180486 0.0370276 1.15884e-09 0.00142956 0.000176294 0.0329344 0.0111469 
0.00120376 0.0314993 0.000158124 0.409468 0.06279 0.246535 0.00923386 0.013926 3.13409e-05 0.00114466 0.00264197 0.0264872 0.000183679 0.0144099 0.116575 1.09937e-05 0.0254688 1.99596e-07 0.00828175 0.000537705 0.0109879 0.0184244 
1.10171e-06 1.10183e-06 1.10118e-06 0.588959 1.10189e-06 0.0336104 0.0836369 1.10174e-06 1.10041e-06 0.00363478 1.10179e-06 0.00330422 1.10032e-06 0.0155315 1.10168e-06 1.10038e-06 1.10175e-06 1.09981e-06 1.10186e-06 1.10126e-06 0.0171916 0.254116 
1.64917e-06 1.11219e-06 6.806e-10 0.978821 2.8822e-05 9.55541e-11 9.61265e-05 6.77185e-07 1.20277e-05 0.000184911 2.10846e-10 7.82069e-10 1.32805e-09 2.53283e-07 1.8753e-06 0.0135294 2.4339e-10 1.71042e-09 3.07336e-05 6.12557e-10 0.000846366 0.00644519 
0.0218883 0.00761817 5.08968e-05 0.877481 0.0275343 0.00148461 0.000126788 6.46237e-05 0.000271413 2.63542e-06 0.0045402 1.14414e-05 0.000252666 0.00333802 0.00612263 9.51438e-05 0.00256499 5.6175e-05 0.00383357 9.66783e-08 0.0420115 0.0006505 
0.00326536 0.00254258 0.000310229 0.316023 0.0320315 0.099487 0.0290867 1.2472e-05 8.40529e-06 0.000611449 0.000637262 0.260689 2.78762e-05 0.169812 0.00240408 0.000365393 0.0210766 2.02185e-09 0.00920516 0.00128986 0.0411651 0.00994872 
0.000712755 0.0115252 0.000116182 0.229568 0.000553341 0.161066 0.164164 0.0148428 0.00240811 0.000280574 0.00100611 0.00497064 8.31963e-07 0.000198097 0.000159293 0.00288513 0.154822 2.59219e-08 3.54641e-05 0.000221164 0.0239663 0.226498 
0.00131697 0.000479621 0.0368865 0.29034 0.0154692 0.167899 0.050655 0.000124079 6.96757e-05 0.0101108 0.0297778 0.00594169 0.000354709 0.00660824 0.0354978 0.00308136 0.00801212 5.89815e-07 0.0709405 0.0102198 0.0886614 0.167553 
0.00836115 0.00713909 0.000667741 0.73648 0.00468792 0.0684725 0.000603737 4.78869e-05 0.000341089 0.00144408 0.0119655 0.0003723 1.16733e-05 0.112434 0.0144574 5.82285e-05 0.013474 1.32811e-06 0.00518297 0.000512541 0.00808224 0.00520257 
0.00176705 2.20461e-06 6.13408e-07 0.667821 1.12175e-06 0.00051381 0.0569721 0.00294868 2.78472e-06 0.0570869 1.09676e-10 4.0681e-10 6.90815e-10 0.000255473 6.55581e-06 0.0117002 1.27435e-08 8.89712e-10 0.00410802 0.000163511 0.0156828 0.180967 
0.0807758 0.00532291 0.000370282 0.337737 0.0436931 0.00191962 0.0367621 0.000126325 1.53545e-07 7.81272e-05 0.124648 6.57651e-06 4.28897e-06 0.0479367 0.00724049 0.00445855 0.00849677 3.30064e-06 0.000761077 0.0895144 0.0251266 0.185018 
0.00221469 0.0573601 4.85128e-07 0.340822 0.274016 0.201272 0.0142672 0.00124746 6.46838e-06 3.21882e-05 0.00139279 0.000557934 4.25901e-06 0.00122627 0.00873338 0.00240896 0.0486939 1.21918e-06 5.57759e-05 4.36628e-07 0.0223443 0.0233428 
0.00205254 0.0075217 7.35038e-05 0.401536 0.00778542 0.121456 0.178311 0.000171926 0.00060257 0.00203376 0.000521721 0.000349508 4.9325e-06 0.000771686 0.00046015 0.000393651 0.117213 1.3933e-10 0.00794998 0.000398624 0.128744 0.0216491 
0.000690733 0.00670893 0.000799985 0.545307 0.00489211 0.0826629 0.139787 7.43008e-05 1.21088e-06 0.000126965 0.0534379 0.000724632 1.25452e-05 0.00786232 0.0080261 3.72369e-05 0.00844016 2.8366e-08 2.82491e-05 0.00810763 0.0199309 0.112341 
0.00344233 0.00171491 4.64346e-07 0.525781 0.00333135 0.0152311 0.0885171 0.000311695 2.18227e-05 0.00011915 0.00530422 2.55373e-05 4.07203e-06 0.323497 0.00620011 0.000146021 0.0127867 9.98593e-09 2.33721e-06 0.00115777 0.000677177 0.0117283 
0.00997197 0.000929525 0.000331202 0.843065 0.00682089 0.0299517 0.0343713 0.000120103 7.00619e-06 0.000499058 0.0051316 6.35842e-05 8.78753e-06 0.00233151 0.00347392 0.000283815 0.0165845 1.6803e-06 0.00770944 0.00160819 0.0228895 0.0138456 
0.0468557 0.00391756 0.0058049 0.610535 0.0470678 0.0459732 0.0060082 5.60786e-05 3.57225e-08 8.1568e-05 0.0182285 0.000303168 0.0013802 0.0267208 0.0462878 0.000775113 0.0209408 7.99566e-08 0.00673541 0.000927071 0.0915677 0.0198339 
9.78849e-08 6.34063e-08 2.42508e-07 0.98625 0.000425928 0.00038477 0.00134948 0.000213165 4.48901e-07 2.58171e-07 7.51275e-08 0.00526702 4.73206e-07 0.00198061 1.05742e-07 4.55549e-07 0.00196004 6.09449e-07 5.68664e-08 0.000589529 0.000670403 0.000906477 
0.00125842 6.77959e-06 0.00340982 0.860668 0.00291723 0.0169524 0.00243373 4.00257e-05 6.8312e-05 0.000102572 0.0770102 0.000435714 3.75409e-08 0.0174648 0.00491069 0.000607336 0.00768608 8.76462e-06 0.000111789 1.89403e-06 0.00191536 0.0019904 
0.0052627 0.00768264 0.000298226 0.524459 0.00035543 0.0591866 0.101538 0.000272235 0.000305682 0.0050664 2.07103e-06 0.000230655 0.000471081 0.000866992 0.000638702 0.000162317 0.146186 2.42764e-09 0.0313323 0.000209084 0.0838294 0.0316438 
0.0010372 0.0298477 1.13912e-09 0.583678 0.00493761 0.0186035 0.0873804 2.02745e-05 1.83617e-05 0.000336103 0.0326727 8.20537e-05 1.14889e-05 0.00111288 0.0239277 8.6577e-05 0.0389837 2.86273e-09 0.0241142 0.0128589 0.0314572 0.108834 
0.106545 0.0437779 0.000121754 0.265152 0.017348 0.130154 0.264944 0.0015875 0.000143107 3.4262e-05 0.0154045 0.000464204 0.000676583 0.0341217 0.0103984 0.0130034 0.0437021 1.94946e-05 0.000187426 0.00123402 0.0350796 0.0159012 
0.00606704 0.00499212 0.0042998 0.458587 0.0221208 0.101613 0.0767634 0.000434799 0.00148485 0.000252368 0.0126793 0.00140634 0.000266642 0.014339 0.00370311 0.00963831 0.17445 9.99408e-05 0.00622548 0.000684076 0.063572 0.0363204 
0.0031253 0.0103407 1.8347e-07 0.390189 0.00259841 0.125363 0.0756746 0.00052042 0.0034768 0.00260701 0.00171252 0.000221189 0.00125775 0.104383 0.0896118 1.16686e-06 0.0470183 7.23863e-10 0.005162 0.000511345 0.0297865 0.10644 
6.48805e-05 0.00313952 0.00160148 0.923385 0.00155616 0.0346464 0.00307189 0.0104751 0.00139205 0.00413967 0.000219329 0.000147188 1.90022e-09 0.0013703 0.000208404 1.13837e-05 0.00506516 3.3106e-11 0.000632828 4.8431e-05 0.00409714 0.00472801 
0.00113244 0.00027117 0.0099681 0.667531 0.0127729 0.0371345 0.0297415 5.50578e-05 3.98266e-06 0.000354752 0.107213 0.0076703 2.71065e-10 0.000772513 0.00902502 0.000820081 0.0144777 3.49109e-10 0.0269213 0.00138728 0.0407868 0.0319604 
3.37869e-05 0.00890086 0.0279035 0.778762 0.0218977 0.0253585 0.0154958 0.000535866 3.23201e-05 0.00100705 0.00106519 0.00804535 1.98909e-11 0.0429664 0.0033282 0.000480075 0.00178023 9.72902e-09 0.00613645 8.43339e-05 0.0138233 0.0423626 
0.00127363 0.00052068 0.00198452 0.517347 0.0005057 0.0687538 0.043772 0.000292658 0.000397123 0.23457 0.00292212 3.51632e-06 6.62601e-07 0.0110759 0.000288141 0.000771649 0.000473515 8.93442e-08 0.0198517 0.00285624 0.0256722 0.0666669 
1.18739e-05 2.08683e-06 6.59568e-10 0.599731 3.70398e-06 0.220123 3.82779e-05 2.41467e-10 2.80932e-06 7.02168e-10 3.10603e-06 9.86033e-07 8.62427e-06 0.179151 2.30364e-07 1.23899e-09 5.96771e-06 0.000891109 6.03346e-07 1.30657e-06 8.25008e-11 2.49428e-05 
0.0065529 0.000780374 4.34305e-06 0.253982 0.070984 0.0308593 0.0440935 6.90464e-08 3.02136e-08 6.27074e-07 0.106302 0.000120207 1.70404e-07 0.00132389 0.246808 0.000169175 8.75133e-08 6.43586e-11 2.40231e-06 0.000519777 0.0300687 0.207429 
0.00642623 0.031361 0.0261743 0.323084 0.0218847 0.1236 0.134841 0.000286547 0.000293665 0.000154169 0.0487754 2.13252e-05 0.000359948 0.0482356 0.0424202 0.00132495 0.00657659 1.64615e-05 0.005435 0.03177 0.0780045 0.0689547 
0.0187137 0.00386105 0.00507962 0.455858 0.0315979 0.0281227 0.158209 6.35747e-06 8.82592e-06 0.00690392 0.0203263 0.00490809 0.000568343 0.00489475 0.0218933 0.000350537 0.0158522 1.92621e-08 0.00238803 0.00235908 0.0355246 0.182573 
0.0138068 0.000141583 0.000191032 0.472823 0.00390812 0.0312592 0.198128 1.3229e-05 0.000202054 6.22924e-05 0.219161 0.00105221 1.4022e-05 0.000135939 0.0051101 0.000796489 0.0152442 0.000516037 0.000180691 0.0039271 0.00753765 0.0257891 
0.00211851 0.0122759 0.00380925 0.419868 0.0182226 0.00655553 0.0264204 0.000150929 0.000259202 0.000679755 0.0177185 0.0126002 1.1823e-05 0.0193443 0.0133171 0.000186059 0.240877 2.43857e-05 0.0195123 0.0265442 0.0602165 0.0992877 
0.0252925 0.00369814 5.21093e-05 0.726445 0.0048624 0.00825015 0.00636248 0.000661691 0.129898 5.46472e-05 0.000716332 1.90242e-05 1.54037e-07 0.0364086 0.00481601 0.000945634 0.0045228 0.000197853 3.31369e-05 9.86526e-06 0.0129233 0.0338302 
0.0104225 0.00446218 8.88518e-05 0.440608 0.000646729 0.0142836 0.127434 0.000185696 6.7797e-05 0.0223037 0.0377852 9.24574e-07 7.47969e-05 0.0120412 0.000257697 0.00311993 0.167073 2.35397e-08 0.0261346 0.00523477 0.0134259 0.114349 
0.0312948 0.00270523 0.000241637 0.493828 0.00460894 0.0305133 0.020424 0.000477577 0.000259643 0.00363271 0.00589572 0.000168536 2.62825e-05 0.00143031 0.0363632 0.0134297 0.0176466 2.52623e-08 0.0489158 5.30096e-05 0.0587397 0.229345 
0.0103261 0.013199 0.000169479 0.812364 0.00188434 0.0183225 0.0479708 5.99092e-05 0.00035868 5.45924e-05 0.00549583 7.14919e-05 7.58656e-05 0.000539663 0.0267639 2.74475e-05 0.0116908 1.13146e-07 0.000564668 0.00525026 0.0222687 0.022542 
0.0123556 0.0107665 0.00339497 0.72063 0.0239885 0.0545456 0.0198287 0.000233533 6.49697e-05 0.00166442 0.0766721 0.00200805 6.04499e-06 2.16882e-05 0.00692575 0.00139271 8.8015e-05 5.7866e-07 0.000717897 0.000139082 0.023065 0.0414906 
0.000227847 0.00568182 0.0234826 0.678091 0.0301456 0.0798286 0.00444769 0.000246159 5.21766e-05 0.000285694 0.0114332 0.000246363 1.08554e-05 0.00828679 0.0176137 0.000178791 0.00176115 6.1539e-06 0.0269406 0.000591854 0.0496942 0.0607469 
0.024229 0.0118312 0.00289953 0.280223 0.0743119 0.0981568 0.0926331 0.0129477 0.012038 0.00150822 0.0300624 0.00257656 5.88416e-06 0.00586983 0.0158659 0.000925647 0.0197361 0.000166375 0.0187042 0.000664728 0.170469 0.124174 
1.11431e-05 0.000748238 0.000504827 0.846447 0.000710813 0.04554 0.0599628 0.000310903 7.39334e-08 4.47816e-05 0.0112793 1.75925e-05 2.25786e-05 0.00261568 0.00045028 2.41903e-05 0.000251396 1.67409e-05 0.000144758 0.000315577 0.0238053 0.00677572 
0.00507902 2.88732e-09 1.1019e-06 0.677358 0.000192196 6.36027e-05 1.80734e-09 4.04285e-09 2.04415e-08 7.11343e-06 3.42107e-09 1.26894e-08 2.15483e-08 6.7229e-06 0.00843579 2.07443e-08 0.304925 2.77524e-08 2.58951e-09 0.00096549 0.00296213 3.68471e-06 
0.0275077 2.91605e-06 0.00399312 0.487147 0.0415885 0.012114 0.0118709 9.13992e-06 2.92948e-08 3.21227e-05 0.00853914 0.000874387 4.85462e-05 0.0148192 0.00466286 0.000770075 0.00307289 0.00347412 0.000157228 0.167046 0.0453318 0.166938 
0.0817864 0.0144396 0.00882353 0.235137 0.0139121 0.117893 0.2026 4.29097e-05 0.000716553 0.0518438 0.000933355 8.06372e-05 2.06454e-07 0.00213167 0.000389941 0.00180783 0.0444818 1.05333e-09 0.0128004 0.000240292 0.0481471 0.161792 
0.00345922 0.0115673 0.00026931 0.703557 0.0314623 0.0568541 0.0340912 0.000674607 0.0749475 0.00354442 0.00063572 0.00608909 2.69374e-05 0.00333452 0.00264759 0.00104533 0.0407527 5.1312e-07 0.00135307 0.000128531 0.0141457 0.00941336 
6.30549e-07 3.33105e-07 4.77802e-07 0.385448 2.41561e-06 0.0947391 6.91275e-07 5.55499e-08 8.44447e-05 1.20292e-06 0.0157022 9.25382e-06 1.47966e-10 0.0195823 0.00405974 1.26791e-06 0.325368 1.90568e-10 6.59711e-07 1.28996e-06 0.0988612 0.0561371 
0.0548039 0.0388439 0.12117 0.28803 0.0268153 0.100855 0.0863396 0.0205936 3.20791e-05 0.0207339 0.0402428 0.00122656 0.000307424 0.0349541 0.00948737 0.000833693 0.0173952 5.47342e-07 0.0213008 0.00980293 0.0532668 0.0529645 
0.00358909 3.80283e-07 3.65479e-08 0.425755 0.0199905 0.00623708 0.120966 2.35585e-08 1.4704e-11 0.00218462 1.2895e-07 0.00442397 4.66551e-09 0.323123 0.00385005 0.000605439 0.00827982 1.99628e-11 0.000288764 7.07853e-08 0.0509719 0.0297344 
0.00156047 0.000247059 0.00408782 0.773973 0.00470201 0.035692 0.00503402 0.000426009 1.33508e-05 0.000297614 0.0189132 0.000252881 3.80581e-07 0.000225485 0.00620493 0.0323856 0.0364333 1.48033e-08 0.00585689 3.3376e-05 0.00650609 0.0671548 
0.0825515 0.0113548 0.0282949 0.507931 0.0641231 0.0638327 0.0137472 0.0013502 8.5501e-06 0.000442677 0.0285312 0.0199715 7.53247e-05 0.00516927 0.0367024 0.00039455 0.0394231 2.48934e-09 0.00196659 0.0291176 0.00303707 0.061975 
0.00486445 0.000168875 0.0157545 0.461191 0.000105231 0.0347523 0.0531069 1.30172e-06 0.000105121 0.00311278 0.0691798 6.51881e-07 6.23196e-07 0.0190871 0.00264203 3.83344e-05 3.20241e-05 3.09601e-05 0.000269143 0.217089 0.0387569 0.0797103 
6.48805e-05 0.00313952 0.00160148 0.923385 0.00155616 0.0346464 0.00307189 0.0104751 0.00139205 0.00413967 0.000219329 0.000147188 1.90022e-09 0.0013703 0.000208404 1.13837e-05 0.00506516 3.3106e-11 0.000632828 4.8431e-05 0.00409714 0.00472801 
9.29131e-06 0.00679587 0.000169371 0.255293 0.00228578 0.138405 0.114385 0.00110819 0.00092235 0.100374 0.00400178 0.00114167 2.53106e-06 0.010209 0.00190119 0.011739 0.0395511 1.00004e-07 0.0740767 0.000782161 0.0231704 0.213676 
0.0104018 0.042242 0.000319122 0.467656 0.0241755 0.164482 0.0544682 0.047746 1.05677e-05 0.0024753 0.00799104 0.00159505 0.000967001 0.0229149 0.0307087 0.000123881 0.0142862 2.42736e-10 0.00853093 0.00154918 0.0268318 0.0705242 
0.0236421 0.000283874 0.000116768 0.462454 0.0180267 0.0430287 0.0483957 5.51454e-08 2.36913e-05 0.000709274 0.00804828 0.146549 0.00130747 0.109309 0.00233072 0.000986364 0.000972342 2.8472e-09 0.0176836 0.0280431 0.00371262 0.0843766 
4.73471e-07 0.0078782 0.00813102 0.95396 0.00060729 0.0139483 1.99932e-06 4.74243e-08 2.69394e-11 0.00115206 4.70918e-06 1.67231e-11 6.81836e-08 0.00429425 1.91961e-06 7.38411e-08 0.000601759 3.65742e-11 0.000153111 4.97869e-08 1.71753e-06 0.00926337 
0.00422186 0.00703001 0.032162 0.586278 0.00794707 0.159597 0.00800563 0.000310237 2.52781e-05 0.000690404 0.0641263 0.00573784 2.43558e-05 0.0564448 0.00991529 0.000564329 0.0178593 5.2412e-06 0.00102495 0.000278823 0.0288192 0.0089316 
0.0109158 0.0104875 0.00622636 0.707367 0.0188211 0.0392538 0.0273249 0.000245051 6.16086e-05 0.000568612 0.0391496 0.00864082 0.00193978 0.0100019 0.0345314 0.00192699 0.00776513 0.000740184 0.00725661 0.00115928 0.0226282 0.0429882 
0.0547164 0.00456292 0.00919195 0.599467 0.0407585 0.0180007 0.128543 0.000122842 2.69703e-06 0.000281098 0.00317148 0.00240082 4.63019e-07 0.0341746 0.00251492 0.000403043 0.0262222 3.34928e-05 0.0016359 0.000226687 0.0420715 0.0314985 
0.0226037 0.0121142 0.0533527 0.353392 0.00293736 0.0218662 0.0769471 0.000212376 2.45683e-08 7.10504e-05 0.21276 2.48734e-05 2.58985e-08 0.00523959 0.124218 2.72237e-06 4.74637e-09 3.33551e-08 0.00126926 4.9153e-06 0.0658582 0.0471258 
0.000604268 0.0236844 3.48424e-05 0.446288 0.00228634 0.0180242 0.0396977 0.000500613 0.18374 0.00501504 0.000645436 0.0267028 4.49268e-07 0.00512345 0.0575609 2.40017e-06 0.156041 2.773e-08 0.000278592 1.5458e-06 0.0219154 0.0118528 
8.92909e-05 0.00304196 0.0431481 0.547984 0.0019263 0.0164301 0.0521728 5.37873e-05 2.04997e-10 0.000655954 0.0287305 1.27255e-10 3.81823e-05 0.00422827 0.00146882 0.00243674 0.000426561 2.78313e-10 0.00389417 0.00449699 0.00810738 0.28067 
0.0851107 0.00828725 0.00278625 0.285587 0.0562832 0.179638 0.108849 3.26925e-07 9.27806e-11 0.00274484 0.0288951 0.00378674 1.8063e-05 0.000787468 0.0095522 3.06603e-07 0.053253 1.25963e-10 0.0180632 0.000524764 0.00786729 0.147966 
0.0164756 0.0953205 0.0129959 0.166233 0.0326264 0.166013 0.0369039 0.0979756 0.000651536 0.00536072 0.0101123 0.00555346 0.000238034 0.0593604 0.0392234 0.00927458 0.0546425 3.27648e-06 0.0112923 0.00639661 0.0750736 0.0982731 
0.016985 0.0655197 0.00439615 0.577162 0.00283171 0.0756886 0.043734 0.00652153 5.04894e-07 0.00449696 0.0186039 5.05183e-07 5.04854e-07 0.0536707 0.0060157 5.04884e-07 0.0121833 5.04622e-07 0.00586501 0.0119253 0.0327635 0.0616347 
0.0221519 0.0175724 0.0204614 0.326835 0.0729061 0.167728 0.0770806 0.000116342 1.41553e-07 0.000903956 0.0344896 0.000557734 1.45942e-05 0.00137848 0.00430609 0.000449383 0.0156875 0.00289194 0.0327976 0.000222448 0.0430059 0.158443 
0.00187219 0.00241357 0.0100939 0.347388 0.0247625 0.0602681 0.225943 5.68566e-05 1.39453e-07 0.00112539 0.00193608 0.000842871 4.24134e-06 0.00536362 0.00421834 0.000626403 0.0766581 1.41587e-08 0.000515876 0.00183461 0.0166298 0.217446 
0.016279 0.0135384 2.65379e-05 0.562983 0.0180533 0.0209664 0.0274509 0.000101009 7.26791e-05 0.00593598 0.0301321 0.00427531 9.36317e-05 0.0337536 0.00343282 0.000866075 0.0213616 1.1484e-07 0.00964012 0.0248467 0.0279606 0.17823 
0.00199928 0.00132281 0.00327146 0.643111 0.0095812 0.0273661 0.104247 5.01999e-06 2.26938e-05 0.000412577 0.00633833 4.85058e-05 9.78603e-05 7.43933e-05 0.00152602 0.000352779 0.00164018 1.71861e-07 0.0402871 0.0846006 0.0442923 0.0294029 
0.0127906 0.00269827 0.0577157 0.529826 0.217102 0.028217 0.00670633 0.000506091 7.27251e-06 3.53784e-05 0.0086801 0.000749753 0.000120747 0.0447357 0.00814905 0.000350034 0.00252157 0.0134643 0.00117032 8.72324e-05 0.05371 0.0106568 
0.00333528 0.126922 0.00972985 0.214868 0.0469388 0.0567266 0.0489812 0.00046561 0.00363992 0.00135196 0.0119243 0.000818694 0.0338948 0.0312098 0.069785 0.0105694 0.0600805 0.00460441 0.00259412 0.00536798 0.180046 0.0761472 
1.52674e-05 0.00406115 1.59056e-07 0.552904 0.00472312 0.0613656 0.0375584 0.000148328 3.5836e-07 4.50445e-06 1.0069e-06 1.62345e-06 8.81752e-05 0.000330461 0.000103242 0.0370475 0.0018196 3.12928e-07 4.05802e-07 0.0133202 0.0401941 0.246313 
0.0213959 0.00765174 0.153985 0.304056 0.0029895 0.0392396 0.0240389 1.12146e-05 4.32168e-06 0.00133549 0.0303201 0.00179596 9.40788e-06 0.0482219 0.030833 0.00371304 0.00162911 2.66265e-07 0.0506038 0.0211772 0.0289323 0.228057 
0.00354683 0.00681325 0.0178187 0.390723 0.0175255 0.0544204 0.0399769 0.0153535 0.000217147 0.0074693 0.00477604 0.00618679 0.000184829 0.0155302 0.0239318 0.000400345 0.132167 1.11408e-09 0.0171486 0.0246377 0.110264 0.110907 
0.00244414 0.0023327 0.000533438 0.722609 0.000966424 0.0720313 0.0860677 0.00104879 0.00247544 0.03737 0.0020821 3.37731e-07 3.57061e-08 0.000480504 0.00510221 0.00131721 0.00220839 3.40191e-10 0.00296842 0.00399908 0.0416204 0.0123423 
0.00176091 0.000231187 0.000439615 0.58805 0.000177669 0.106132 0.16448 6.31953e-05 0.000180198 0.00469194 0.00404563 8.30518e-06 6.94591e-06 0.00237714 0.00988904 0.000574897 0.0120197 1.59644e-06 0.0127154 0.000676696 0.0289068 0.0625708 
0.00624905 2.49428e-06 1.38682e-07 0.896905 0.0426134 5.4605e-06 0.015785 9.94415e-05 1.21471e-09 6.75323e-06 6.34762e-06 2.80276e-06 5.10014e-07 4.54157e-10 0.00350647 0.00140095 1.57426e-06 6.95396e-07 0.00572864 3.07865e-06 0.0251284 0.00255346 
0.006539 0.030868 0.000189449 0.369119 0.0224871 0.125317 0.0525397 0.100919 7.8015e-05 0.00106341 0.00317195 0.000788509 0.000448991 0.0610325 0.00491565 0.000131402 0.171559 4.03918e-07 0.00178523 0.0041132 0.0191785 0.0237542 
0.00320029 0.0250319 0.00348127 0.36246 0.0235342 0.113461 0.0121443 5.2044e-05 4.18074e-07 1.14576e-05 0.0634474 0.00595987 0.000221847 0.206939 0.0546433 0.000622729 0.00167251 1.2592e-05 0.00171957 0.00290744 0.0302678 0.0882093 
0.000103722 0.00117249 0.000142424 0.922269 0.000392985 0.00924635 0.0194552 7.78973e-05 0.000216716 0.00365624 0.00263306 2.5343e-08 7.14679e-06 1.69841e-07 0.0224681 9.74153e-06 0.00176886 1.92963e-10 0.000450349 0.000255367 0.0125569 0.00311679 
0.00292573 0.0137896 0.00987834 0.395581 0.049824 0.140933 0.0430143 0.000248731 0.00128825 0.00210853 0.0136011 0.0136318 0.000334142 0.0325269 0.00649242 0.00113661 0.040493 5.3366e-08 0.0370835 0.00435252 0.0543167 0.13644 
0.000845616 0.00940695 0.000995126 0.590262 0.00529138 0.0372226 0.0893427 4.8662e-05 2.69879e-06 0.000194092 0.00984672 0.000110195 2.96068e-05 0.128025 0.00604917 0.000751054 0.000795476 0.000135162 0.00489814 0.00393343 0.0621103 0.049704 
9.97963e-10 6.46445e-10 2.31827e-06 0.778381 0.016259 5.8957e-06 0.0269409 2.65565e-07 4.57667e-09 0.000261346 0.0327986 9.76003e-06 4.82446e-09 0.0458556 0.0150744 0.000414873 2.59055e-06 6.2135e-09 1.29353e-06 2.22525e-09 3.0926e-10 0.0839924 
0.00772863 0.0984689 0.00211066 0.516484 0.0208862 0.0376039 0.0578177 0.00153145 0.00056028 0.00221352 0.0143786 0.0071287 0.000179714 0.0312664 0.00258531 0.000345688 0.116951 4.50963e-07 0.0097342 0.000980485 0.0405484 0.0304952 
0.00146264 0.0105874 5.61985e-05 0.635845 0.0704077 0.0078125 0.0365138 4.85998e-05 4.34207e-05 0.000126347 0.0706396 6.70449e-05 0.000167919 0.000143256 0.00169955 7.84297e-05 0.00308554 0.000629115 0.00050062 0.000325318 0.157623 0.0021373 
0.00424929 0.000432399 0.000185866 0.903543 0.00114654 0.05323 0.00343764 2.04248e-05 1.63302e-07 9.56536e-05 0.000932537 0.00049862 3.65514e-05 0.000499751 0.0094173 0.00156612 0.00411785 1.62386e-05 0.000964297 0.00126587 0.0101828 0.00416144 
0.0206376 0.00763335 5.48442e-06 0.354823 0.200456 0.0149709 0.0933986 7.73303e-06 7.58803e-07 4.83687e-06 0.0253806 0.00988277 5.89571e-07 0.101355 0.0161264 0.0031721 0.00750055 9.81629e-06 0.000248065 4.57606e-06 0.0438253 0.100556 
0.00535139 0.000348635 0.0287243 0.540659 0.00267567 0.0211102 0.00601595 0.000535888 0.000117606 0.0329064 0.00395725 1.13386e-07 0.000782707 7.57274e-07 0.0035442 0.017546 0.00945347 1.79419e-09 0.00404767 5.04421e-05 0.0192209 0.302951 
5.52115e-07 5.71199e-07 1.11693e-05 0.999545 5.69991e-06 1.92043e-07 2.23867e-07 0.000271282 0.000119029 1.72143e-05 4.23753e-07 1.57179e-06 3.46599e-06 4.90363e-06 5.96435e-07 2.56951e-06 9.66794e-06 3.43757e-06 3.20752e-07 1.2311e-06 1.09059e-06 2.70734e-07 
0.0517103 0.0118348 0.000113583 0.570025 0.0094889 0.0516844 0.0829552 5.46378e-05 0.000114744 9.2409e-05 0.000881538 0.000112593 0.00505994 0.0274721 0.0014496 0.00524144 0.111653 2.9722e-06 0.00011668 0.00431777 0.0284911 0.0371275 
0.0183074 0.0950025 0.0104082 0.444967 0.00808476 0.0197956 0.146842 5.89161e-06 1.49751e-06 0.000382893 0.016276 0.000706497 0.000244331 0.000167891 0.00133144 0.00328748 0.0234773 3.10038e-09 0.00070874 0.00964074 0.133003 0.0673595 
2.97547e-05 0.00190814 4.24651e-05 0.549666 0.00722782 0.117471 0.0203834 1.70964e-05 3.77324e-07 2.23381e-05 0.000367598 1.33912e-05 8.91332e-08 0.0305145 0.00140486 1.48218e-05 0.000411202 6.37819e-07 0.055073 0.0275057 0.0528875 0.135039 
0.0006486 0.0661667 1.50966e-05 0.686256 0.0174734 0.0604168 0.0507277 2.26958e-06 0.000130525 5.30303e-06 0.0979421 0.000416372 6.19479e-06 3.24951e-05 0.00560397 2.04873e-07 0.0113617 2.74086e-07 7.74796e-05 0.000364247 9.27014e-05 0.00225961 
0.00190546 0.00743358 0.00016023 0.349065 0.00331025 0.0903886 0.132922 0.00214361 0.00206927 0.0494312 0.00025628 0.000406597 3.1117e-07 0.0267229 0.000907662 0.000312577 0.0147241 1.96702e-11 0.0212632 0.000499911 0.270289 0.0257887 
0.0215681 0.0266764 0.00149263 0.379235 0.0067196 0.102963 0.0665447 0.000197565 2.06575e-05 0.000851244 0.160524 0.000998792 3.67841e-06 0.00420113 0.00739972 0.00010448 0.0256675 2.64175e-06 0.000765727 0.016319 0.0568952 0.120849 
0.0189055 0.00573552 0.000420918 0.395823 0.0224644 0.284321 0.0227452 1.74682e-05 3.88888e-05 0.0053152 0.0622912 0.00119079 6.85451e-06 0.000669719 0.0195751 1.8045e-05 0.0582226 0.000507184 0.000103526 0.00242576 0.0757548 0.0234477 
0.00270095 0.00825981 0.0484221 0.514243 0.0118369 0.19767 0.0147822 0.00050228 1.9664e-08 4.63949e-06 0.0670737 0.00568414 3.63928e-10 0.0482558 0.024514 0.00057591 0.00193715 4.68708e-10 0.000891487 0.00665253 0.0172595 0.0287337 
0.00544936 0.0525411 0.000403018 0.387368 0.0121602 0.108676 0.115752 0.000194137 0.0354018 0.00420229 0.00567869 0.0146417 0.000268195 0.00826031 0.0158738 0.00102222 0.0632721 9.57759e-05 0.0152725 0.00026771 0.112722 0.0404779 
2.48382e-05 6.40651e-10 0.004905 0.976868 0.000731255 5.24939e-07 0.00175369 1.30403e-06 2.60705e-07 1.11595e-05 0.0070525 9.13292e-06 4.78122e-09 8.5836e-07 0.00226799 4.60283e-09 2.75818e-07 6.15782e-09 0.000715361 0.000935006 4.7115e-08 0.00472318 
8.0467e-07 3.12138e-07 0.000104256 0.938116 1.58818e-07 0.00524337 0.00473281 0.00122532 0.00236562 0.0402537 1.79271e-12 6.64954e-12 1.12918e-11 1.12142e-07 0.000176523 6.89197e-07 4.26322e-08 5.83167e-09 2.07018e-06 0.000500164 2.6503e-06 0.0072755 
0.00559381 0.00851946 0.00665756 0.151089 0.0418692 0.115787 0.0939051 0.016049 9.57715e-05 0.00629818 0.0490141 0.00360331 0.0150514 0.10235 0.0374397 0.000215548 0.00145677 3.09068e-08 0.0466233 0.0025122 0.146096 0.149775 
0.00382959 0.00532617 5.96148e-05 0.261155 0.0621987 0.206397 0.233638 0.00102885 0.000319419 0.0683925 0.00561908 9.18748e-05 0.000821975 0.000937891 0.0843112 0.00051463 0.000339482 7.7513e-07 0.00217622 7.95302e-05 0.042887 0.0198757 
0.0201016 0.00255229 6.51971e-06 0.559394 0.0671092 0.0416085 0.0337106 0.00243875 0.149397 2.70794e-05 0.00538954 0.000965103 0.000113615 0.056946 0.000268167 1.47318e-07 0.0322778 0.00121058 0.00100387 3.71252e-06 0.00388517 0.02159 
0.00430711 0.00547497 6.79248e-05 0.199483 0.116192 0.132757 0.172795 1.0122e-05 4.20704e-05 0.000184308 0.1648 0.0261776 0.000249449 0.019807 0.0611584 6.33213e-05 0.00278882 9.0588e-06 0.000910478 0.00100206 0.0812488 0.0104719 
0.000683486 0.01466 0.0294198 0.521757 0.00230799 0.168636 0.0966851 0.00037003 0.000158673 0.00899065 0.0015503 7.23326e-05 5.39274e-05 0.00502438 0.00138999 0.00133457 0.00987537 5.96514e-11 0.0296785 0.00280356 0.0442019 0.0603469 
0.000988658 0.00310106 9.88989e-05 0.717662 0.000952831 0.0349371 0.0157738 0.000304077 2.0177e-05 0.0290742 9.63566e-06 9.31505e-06 2.22879e-06 0.000881848 6.31282e-05 0.000310983 0.00129447 4.6316e-09 0.0281909 0.000348976 0.0307434 0.135233 
0.0152309 0.00292978 1.82091e-06 0.603782 0.0211297 0.0274456 0.00124923 0.00118371 0.106574 0.00467686 0.00363305 0.0449451 9.263e-06 0.000377904 0.00355288 1.55677e-05 0.0995446 3.06885e-06 2.73518e-05 0.000499759 0.0370499 0.0261376 
0.00102585 0.000670397 0.000864965 0.774 0.00629505 0.0253797 0.0363984 0.000120257 7.45238e-05 0.0127148 0.0274173 0.000427924 8.53677e-08 0.00040501 0.00967924 0.000398761 0.000834286 2.47453e-10 0.00623688 0.00141898 0.0600146 0.0356228 
0.00330847 0.053815 0.000656868 0.358646 0.00763097 0.017318 0.019194 0.000106863 5.36634e-05 0.000209218 0.000398607 1.27497e-05 6.49449e-07 0.0598337 0.0117777 0.00070848 0.0650638 3.3348e-09 0.117363 8.76854e-05 0.140297 0.143517 
0.00708067 0.00699005 9.23255e-05 0.705518 0.000485397 0.0794666 0.0729604 1.16876e-05 0.00026641 0.00354772 0.00030795 0.000911006 1.14503e-05 6.30963e-05 0.000871488 7.58332e-05 0.0300187 5.63157e-09 0.0176567 0.000746506 0.0374769 0.035441 
8.89893e-10 0.0204706 2.20469e-09 0.792797 1.33265e-05 3.09532e-10 1.62375e-05 2.09936e-06 4.08105e-09 2.34709e-09 1.36607e-05 8.36271e-06 4.30202e-09 0.119165 0.0555063 4.1415e-09 2.83911e-06 5.54064e-09 5.16984e-10 1.98428e-09 2.75769e-10 0.0120054 
0.00120871 0.000785896 5.47833e-05 0.40076 0.0311459 0.104811 0.0266575 0.000439557 0.066239 0.000484977 0.00250694 8.04311e-05 8.85053e-05 0.00685045 0.0370799 0.000484235 0.0724326 0.00292295 0.00713882 8.18363e-05 0.011571 0.226175 
0.019085 0.00125736 0.000131192 0.790105 0.00198961 0.0171603 0.105088 4.31972e-05 6.21179e-07 6.67761e-06 0.0218471 0.00092476 0.00108038 0.000498682 0.00196732 0.00205389 0.00870329 8.43343e-07 2.90186e-05 0.00194129 0.000566527 0.0255203 
0.000354409 4.81037e-07 0.00167572 0.678874 0.00263867 0.041111 0.11137 1.22747e-05 3.68972e-09 2.00658e-06 0.0805256 0.000159706 2.80257e-06 0.000198669 0.00476027 2.44926e-06 0.000347909 5.00934e-09 0.00388834 0.00182459 0.00411162 0.06814 
0.00686751 0.00462934 0.0258925 0.551127 0.0313056 0.0388957 0.00384899 0.00432729 3.36124e-05 0.000109367 0.0227243 0.0205929 0.00104772 0.00319588 0.119121 0.0011536 0.0120348 2.07186e-06 0.0127667 0.002514 0.0280733 0.109736 
0.183075 0.00112901 0.00481297 0.447479 0.0260031 0.0133208 3.95104e-07 3.78455e-05 6.91482e-08 0.00038718 0.000121373 0.000772349 1.63872e-08 0.0117529 2.40928e-05 9.89225e-06 0.00132993 2.10792e-07 0.176697 1.60598e-06 0.0756106 0.0574349 
0.000937173 0.0120278 0.000732481 0.199854 0.0149601 0.190424 0.0896168 0.15308 0.000241121 0.0600441 0.00723216 4.96196e-06 8.61779e-05 0.111583 0.0127312 0.000480225 0.00771598 1.78365e-09 0.00259017 0.000400927 0.106374 0.0288834 
8.11242e-05 0.00246809 0.0479724 0.618531 0.00737443 0.0651027 0.0375126 0.000172557 6.28268e-06 5.30457e-05 0.0339008 0.000587594 8.22922e-09 0.000139144 0.0137319 5.57085e-05 0.026006 1.05985e-08 0.032303 0.00014447 0.0115642 0.102293 
0.00184521 0.00744289 2.16809e-11 0.399059 0.0514378 0.0569395 0.0591259 0.000474495 0.175109 0.000300507 0.0027023 3.56897e-07 0.000111033 0.021131 0.0821215 0.000197483 0.0908275 0.0026036 4.22046e-09 6.06146e-08 0.0236549 0.0249165 
0.00135855 0.0148298 0.012673 0.674206 0.026613 0.0590127 0.0152226 0.000203745 0.000482544 0.00172709 0.047717 0.00248394 0.000190675 0.00748185 0.012946 0.000506833 0.0563586 1.13879e-05 0.00268184 0.0137936 0.0239889 0.0255104 
0.00480651 0.00978063 0.000591537 0.477121 0.00446438 0.172839 0.0551135 5.21374e-05 3.88607e-06 0.00157449 0.00720085 1.92629e-05 2.49934e-05 0.0248314 0.0553765 0.000307232 0.0130383 3.46568e-10 0.00317583 0.00764598 0.0216532 0.140379 
4.52851e-11 0.00152588 0.00104805 0.345842 0.00494609 0.0532997 0.117166 1.55741e-05 1.16922e-07 0.000437219 0.00349183 2.85809e-06 5.83733e-05 0.248689 0.00446409 0.00158097 0.00116373 0.000346474 0.00286927 0.0105746 0.105067 0.0974117 
0.00206096 0.00258903 0.0203042 0.275032 0.242035 0.063711 0.0183713 0.000487636 6.45186e-08 0.000158745 0.0100246 0.0119617 7.20237e-07 0.156647 0.0721614 0.0024892 0.0130635 1.4382e-09 0.0296923 0.000235647 0.00433552 0.0746386 
3.34512e-05 0.00356337 6.59818e-05 0.708971 0.000656646 0.0551319 0.0187981 0.000977998 0.0735783 0.00239305 0.00361602 1.46503e-05 5.46807e-08 0.0395647 0.00242717 0.000263271 0.00716605 9.08601e-06 0.00240617 0.000789924 0.00546617 0.0741073 
0.00111655 0.00296991 0.000102964 0.519276 0.0262116 0.026074 0.0136993 2.18411e-05 0.00136143 9.6689e-07 0.00957736 0.0128323 1.39178e-07 0.000104818 9.43443e-05 7.93768e-05 0.353258 1.26569e-08 0.0014113 5.89337e-05 0.0174319 0.0143175 
0.0133585 0.0690817 0.000172784 0.250974 0.0265909 0.0231849 0.0821161 0.000208048 4.42502e-05 2.06497e-05 0.00630597 0.000544482 0.00597955 0.0102421 0.0230689 0.000139504 0.156913 2.69357e-05 0.00167188 0.00904624 0.232043 0.0882663 
0.00224356 0.0573911 0.00106331 0.587028 0.00398237 0.021205 0.0403434 0.000464621 0.000815146 0.00609765 0.00122425 0.00432411 9.37749e-05 0.00657772 0.124405 0.0171648 0.0249167 7.83519e-08 0.000430304 0.00119271 0.0275746 0.0714619 
0.00425075 0.00345127 0.00207551 0.428861 0.00604827 0.160407 0.156803 0.000106479 7.28302e-08 2.05817e-05 0.019234 0.00782256 6.20058e-05 0.00246135 0.00345703 0.00112205 0.0205072 1.61627e-10 0.00140001 0.000299662 0.0434111 0.138199 
0.00967288 0.00909964 0.00181843 0.698344 0.00874642 0.0287433 0.0174272 0.000419389 0.000583973 0.00184117 0.0169524 0.000859698 9.45907e-05 0.00464207 0.0233047 0.00152802 0.026653 5.98612e-07 0.0437023 0.0027994 0.0213982 0.0813683 
0.000106035 0.025493 0.0366901 0.315059 0.0020224 0.195209 0.0962687 0.000380995 0.000180879 0.062985 0.00356626 0.051122 2.01627e-05 0.0408199 0.0107824 0.000420909 0.00789441 4.00332e-08 0.00622353 0.000696745 0.110054 0.0340036 
0.00223869 0.155313 0.0195248 0.191479 0.0614219 0.121442 0.0137496 0.000246934 1.0796e-05 3.6091e-05 0.00780774 0.145964 8.68742e-05 0.0491654 0.131158 0.0101881 0.0106239 3.0926e-07 0.00279599 0.00211336 0.0386737 0.0359595 
0.002765 0.00292454 0.000110262 0.851495 0.000626669 0.00920281 0.0366051 2.54215e-05 2.08794e-06 0.00663547 0.00280231 0.000416483 6.71034e-06 0.00258751 0.00102631 0.00276281 0.00873244 3.24589e-07 0.00791413 0.000111737 0.0238335 0.0394131 
6.92478e-07 0.000324901 6.12869e-07 0.476249 0.01549 0.000677525 0.235613 3.29205e-09 1.66453e-08 1.47701e-06 0.0203208 1.86578e-06 2.92276e-05 0.0382309 0.0448597 0.0997991 0.000255409 2.25985e-08 0.000131646 0.0105764 0.0305823 0.0268557 
0.0286421 0.00149945 3.34851e-05 0.2913 0.0648202 0.014702 0.0461911 0.000121928 0.00288555 0.00246509 0.00145707 0.0010341 3.05906e-05 0.0221018 0.161984 0.000112905 0.0322777 0.0304254 0.0108737 0.0566851 0.024826 0.205531 
