0.0468022 0.0589403 0.000177967 0.00494986 0.43234 0.0635283 0.0388557 0.0036003 1.14418e-05 0.0521298 0.0826236 0.00156719 0.00258046 0.0054625 0.027555 0.00100379 0.039906 8.0592e-09 0.0302893 0.000889576 0.0598686 0.0469183 
0.114547 0.0386511 2.37509e-08 0.000420918 0.247699 0.0953926 0.223227 2.88228e-06 1.10717e-08 7.5714e-09 0.000726836 0.00244821 1.49809e-08 0.000499672 0.00358153 2.73189e-08 0.191858 3.05524e-09 0.00509238 2.49385e-08 0.0440391 0.0318142 
0.0373207 0.158687 0.000800821 0.0166151 0.377906 0.0687804 0.0644381 0.00191743 4.5042e-05 0.000996032 0.0588351 0.00153911 6.13103e-05 0.00511149 0.0825655 0.00034487 0.00759545 3.61551e-08 0.0133241 0.000222065 0.0855589 0.0173356 
0.0271543 0.0457743 0.000268419 0.00172703 0.32536 0.0819233 0.0644659 1.96084e-06 9.05701e-09 0.000514627 0.129829 9.56887e-05 0.00045347 0.00116703 0.00256816 0.000936049 0.00556597 9.69856e-11 0.00672759 0.00968652 0.247866 0.0479153 
0.0126425 0.190619 1.68351e-05 0.00464683 0.19536 0.0473317 0.0419035 3.13466e-05 6.5249e-07 5.53079e-07 0.0491893 0.000236517 6.77468e-05 0.000396329 0.0342816 0.0248613 0.02865 3.18946e-07 0.0134123 0.000222868 0.1759 0.180229 
0.0258176 0.031743 0.00150547 0.00899331 0.59569 0.0454777 0.0759991 0.00222997 6.68268e-05 0.0010098 0.0395993 0.00541772 0.000981452 0.00342114 0.0139332 0.000364007 0.018861 0.00127632 0.00870477 0.0027932 0.0895184 0.026597 
0.0381722 0.0100428 0.00239874 0.144985 0.260505 0.102563 0.111172 4.11876e-05 1.24081e-06 0.000200136 0.0261746 0.00157273 2.07661e-05 0.0225271 0.0241185 0.000966493 0.108449 2.67049e-06 0.00561283 0.00203991 0.100649 0.037785 
0.0282749 0.0455496 0.00084471 0.0138633 0.29529 0.109301 0.0881256 0.00683024 7.3642e-06 0.00305485 0.0621132 0.000938932 0.00041047 0.00733737 0.0130045 0.000480004 0.0623293 4.50859e-06 0.0309075 0.0328563 0.120503 0.0779738 
0.0476855 0.00303284 0.000251366 0.0331266 0.34348 0.26242 0.00879332 0.000158848 4.30605e-08 1.46906e-05 0.00172881 0.0507506 2.31904e-05 0.000830499 0.0792727 0.00382905 0.0720528 4.92479e-06 0.00992971 0.00098011 0.0510881 0.0305463 
0.0369235 0.0218528 0.000437748 0.0335379 0.704346 0.00402386 0.060258 2.8961e-06 3.38268e-05 1.43013e-06 0.0458399 0.000349408 0.000236166 4.26027e-05 0.0396524 4.02607e-06 0.00123225 1.41018e-06 2.37856e-05 0.000180484 0.0289618 0.0220574 
0.0316595 0.0404307 0.00131857 0.0113046 0.34662 0.119219 0.128622 0.000861945 3.10733e-05 0.000165629 0.107031 0.00227982 0.000132752 0.00252905 0.0278112 0.00017511 0.0285442 0.00258067 0.00661811 0.00109737 0.114363 0.0266038 
0.00871165 0.00149833 0.000639191 0.107897 0.536879 0.0559879 0.0563201 0.00020168 2.03974e-05 9.09188e-05 0.0100415 0.0017335 0.00484733 0.00200882 0.0776937 8.95509e-05 0.00542011 0.000105611 0.00305979 0.0180496 0.0304504 0.0782541 
0.227902 0.0247695 2.13357e-06 0.00645556 0.344427 0.00127674 0.168411 5.14571e-05 1.10379e-05 1.15675e-06 0.0233742 5.64476e-05 9.89036e-07 1.55472e-05 0.00267484 2.4239e-06 0.00587606 1.95214e-06 0.00738768 1.07015e-05 0.0786983 0.108593 
0.0646081 0.0903876 0.00034242 0.0222888 0.179003 0.0763146 0.142965 0.00164868 1.30379e-05 0.000413033 0.0331227 0.00168641 0.00125684 0.00313634 0.00883686 0.000146421 0.141368 2.98031e-06 0.0145775 0.0114114 0.174596 0.0318738 
0.000554188 1.29775e-05 8.95993e-07 0.047994 0.482024 0.0943039 0.0164614 8.41386e-07 1.64967e-07 8.66966e-08 0.0527946 5.7281e-11 2.12971e-05 0.00114485 0.0487572 3.50757e-08 0.000683071 1.25276e-10 1.40206e-05 8.43004e-06 0.252655 0.00256877 
0.033018 0.00857372 4.97731e-06 0.0165334 0.267992 0.199991 0.235842 0.0169777 6.48249e-06 0.00804178 0.0433085 4.4294e-06 9.34984e-06 0.00134153 0.0417381 0.000155179 0.000396325 1.92843e-10 0.00956952 0.00532447 0.101429 0.00974232 
0.0546913 0.0201703 0.000184908 0.0189064 0.402747 0.0386962 0.0162632 4.09116e-06 2.51641e-06 0.000353375 0.00374258 0.131523 5.2138e-05 0.00855302 0.0445633 4.40867e-05 0.172521 3.46817e-05 0.00126579 8.91446e-05 0.0767455 0.00884643 
0.00615742 0.0683961 2.21635e-05 0.0290705 0.415895 0.0769112 0.0928739 5.46985e-05 6.90938e-06 9.53589e-05 0.0258398 0.00184182 5.1365e-05 0.00426552 0.181906 0.000111059 0.0207286 4.48168e-06 0.0174429 0.000133696 0.0380128 0.0201792 
0.041021 0.0596507 0.00784994 0.0487091 0.476162 0.0270601 0.0199937 0.00293795 6.11175e-06 0.000366081 0.0629982 0.0179886 0.00361246 0.0152033 0.0182659 0.00707898 0.0481865 3.67782e-07 0.012712 0.000673569 0.0826486 0.0468753 
0.000642735 0.01096 4.06292e-07 0.0510135 0.426987 0.0270831 0.0705772 3.85061e-05 3.08493e-05 7.06205e-05 0.00368913 0.358619 5.43637e-09 0.00275948 0.00397117 1.92278e-06 0.0120354 7.00159e-09 1.16954e-05 3.13433e-05 0.0119954 0.0194812 
0.0278052 0.0376321 0.00167542 0.0683404 0.202335 0.0433405 0.0932551 0.00175029 9.36304e-05 0.00224602 0.121758 0.0721163 0.00427014 0.0186142 0.0250995 0.00147294 0.0746695 5.76889e-05 0.0112724 0.0051734 0.124776 0.0622463 
0.0280973 0.140736 3.05922e-05 0.0284738 0.43238 0.0803948 0.071057 9.82396e-05 4.49946e-06 0.00282984 0.0557098 0.000345508 1.36798e-05 0.00233026 0.0102482 2.56715e-05 0.00578326 2.25363e-05 0.00819282 0.00237781 0.0362308 0.0946173 
0.0500628 0.173505 0.000526786 0.00263666 0.316664 0.0449271 0.0414384 3.68303e-06 6.0823e-06 0.0115397 0.00663647 0.000385713 6.16116e-05 0.00485789 0.00395116 0.000763106 0.178254 4.14549e-11 5.37175e-05 0.00601502 0.0470444 0.110667 
0.0966712 0.0805841 1.57705e-07 0.00670911 0.214238 0.0138199 0.191283 5.16397e-08 1.14521e-05 0.000119859 0.0783556 2.00351e-07 3.11225e-05 8.26755e-08 0.145476 1.78951e-07 0.0271869 1.00719e-10 0.00050518 7.92205e-07 0.101453 0.0435541 
0.0191845 0.025104 0.00498191 0.13663 0.17559 0.0838051 0.0945947 0.00139256 0.000388698 0.00325016 0.101148 0.0146292 0.0011678 0.0101517 0.035735 0.00203747 0.0829858 0.000845574 0.0110805 0.00528484 0.104748 0.0852652 
0.105077 0.221984 0.000528326 0.000908975 0.22219 0.0336629 0.116625 7.62942e-05 2.02399e-07 1.3068e-05 0.00463402 0.00021025 1.67384e-05 0.00127921 0.00253088 5.44691e-05 0.202359 2.94969e-05 0.0177825 4.95133e-05 0.0589129 0.0110759 
0.10936 0.0947459 2.38674e-05 0.0111267 0.505893 0.0454851 1.79609e-06 1.13567e-07 1.3675e-07 0.0279899 0.0110549 0.00827013 6.31454e-05 1.81818e-07 0.000409227 7.08021e-06 0.0239119 1.4423e-10 0.00109807 0.00181633 0.0988841 0.0598584 
0.0513345 0.0100453 5.66458e-05 0.00454117 0.772736 0.0114057 0.00325879 1.26122e-05 2.28172e-07 1.28125e-05 0.000494907 0.0415326 0.000256122 0.000221572 0.00131591 0.000260525 0.081641 4.17343e-09 0.000272074 0.000340005 0.0176239 0.00263761 
0.172959 0.0161357 6.17716e-06 0.0231569 0.308738 0.117854 0.0212073 0.00224904 6.66707e-05 0.000321738 0.0610159 0.00429834 0.000151219 0.00142826 0.10273 0.0189915 0.0224955 3.91111e-05 0.00452234 0.00105339 0.0509199 0.0696593 
4.3907e-06 0.00043468 9.35515e-07 0.0304215 0.786424 0.07348 0.00524602 1.27501e-05 0.00207623 0.00030797 3.41073e-06 1.01538e-05 0.000487426 0.00170985 0.0470419 4.48506e-08 0.0428763 0.000934776 0.000351248 2.14889e-08 0.007739 0.000437853 
0.0106568 0.0138399 1.34566e-07 8.69919e-05 0.738919 0.0147864 0.00392794 2.71414e-08 4.44086e-05 3.69238e-08 2.28428e-07 0.000675935 0.00164456 1.0108e-07 0.0100701 9.32969e-08 0.202845 5.6329e-10 5.61663e-06 7.55298e-05 0.00221915 0.000201469 
0.0104716 0.11175 0.000287232 0.0126277 0.588409 0.0403287 0.0864121 1.05847e-05 4.93444e-05 1.80471e-05 0.032412 0.00621313 0.000143437 0.003044 0.00548368 0.0194735 0.0403185 1.58015e-06 2.06902e-05 0.000936162 0.0387398 0.00284832 
0.0331484 0.0351857 0.00193823 0.0407474 0.275962 0.163973 0.0528256 0.00230864 6.50541e-05 0.00291897 0.053369 0.0356644 0.0010203 0.00276726 0.0223023 0.00057678 0.0384047 0.000779192 0.0388271 0.00504094 0.0624903 0.129684 
0.025204 0.0667862 2.76102e-06 0.000355021 0.204714 0.0457167 0.169255 0.0090505 1.97127e-09 0.00101032 0.0346401 6.07344e-07 3.52179e-06 0.006493 0.0579274 0.0011487 0.114859 1.61008e-10 0.0218211 2.09721e-06 0.103016 0.137995 
0.0991022 0.11816 0.00821583 0.040265 0.349066 0.0403542 0.159421 2.32788e-05 0.000266796 0.000831205 0.0326036 0.00165491 0.000739413 0.00427398 0.00827113 0.00277186 0.0100142 3.00161e-05 0.0108656 0.0088537 0.038574 0.0656418 
0.0339683 0.0208922 0.00325417 0.086595 0.365176 0.105893 0.024012 1.28297e-05 9.99621e-06 0.00520365 0.00403306 0.000388718 8.41453e-05 0.0018458 0.0083934 0.0252875 0.0231027 6.90952e-09 0.0462564 0.000736755 0.030101 0.214753 
0.0409363 0.00728689 0.00618419 0.0773188 0.424749 0.0647888 0.0806536 0.000660786 7.51599e-06 5.47995e-05 0.0843634 0.020655 2.48791e-07 0.00812903 0.0485084 0.000515024 0.0106435 0.000254766 0.0125977 0.0588827 0.0199978 0.0328118 
0.0378161 0.0356923 0.0720473 0.00241358 0.550404 0.0404645 0.0564428 0.000190889 4.05785e-10 0.000194714 0.00478739 0.000633738 4.27756e-10 0.00143402 0.0365225 0.000296096 0.0198458 7.08856e-06 0.015241 1.56636e-05 0.0643036 0.0612469 
0.0035567 0.139117 0.0271795 0.0100763 0.229798 0.208472 0.0920331 0.0172434 2.26796e-09 1.21956e-08 0.00964616 0.00189798 7.75575e-07 0.0305511 0.0091991 0.000137241 0.129958 1.21435e-11 0.00329775 0.000174662 0.0737002 0.0139609 
0.0905709 0.191929 0.000631577 0.000570917 0.262864 0.0191463 0.107029 8.44591e-05 1.55124e-07 5.58593e-06 0.0052912 0.000280329 2.23163e-05 0.00162663 0.00297983 6.1821e-05 0.226226 3.93249e-05 0.0232336 4.9415e-05 0.0551451 0.0122131 
0.0228669 0.0055647 0.0115737 0.0680857 0.524676 0.0776035 0.00456684 2.32491e-05 6.48205e-06 0.00245465 0.0179186 0.0180405 0.000648108 0.000904467 0.0163844 0.000424825 0.0900651 2.66987e-08 0.00120425 0.00041628 0.0948136 0.0417578 
0.0839524 0.0505389 0.00199553 0.00207843 0.359207 0.0123795 0.25942 1.55232e-05 1.63215e-06 0.00331942 0.0181602 7.87311e-05 0.000852226 0.000165675 0.00386615 7.51735e-05 0.0177942 1.10249e-10 0.0168615 0.000336477 0.142496 0.0264053 
0.045603 0.00622308 0.0029981 0.00136648 0.51129 0.0798485 0.0231964 1.48548e-06 1.18393e-06 1.51583e-05 0.00271996 0.00117437 9.95674e-06 5.66426e-05 0.031256 0.000128914 0.22422 1.37853e-09 0.00439293 7.43183e-06 0.0609683 0.0045218 
0.0153344 0.0287881 0.00145322 0.0435152 0.459071 0.082321 0.025551 8.06738e-07 0.000604554 1.11512e-06 0.0790737 0.00347113 0.000776634 0.000489284 0.0417069 4.15102e-05 0.014988 1.15674e-06 0.000774503 0.00318574 0.185056 0.0137956 
0.0227786 0.0330068 0.0511056 0.13111 0.329165 0.0507529 0.0172356 0.00156989 0.00653882 0.000191073 0.0861366 0.0320312 0.00994829 0.0680715 0.028627 0.00109401 0.0224828 0.000112003 0.015975 0.00347801 0.0590131 0.0295762 
0.122799 0.0495233 0.00688457 0.00198242 0.645388 0.003252 0.00922057 1.41781e-05 3.43399e-06 0.000189339 0.000948309 0.00018329 0.00279743 0.000179485 0.000670513 2.04131e-05 0.0462122 6.67846e-11 0.0143089 0.00020263 0.0727105 0.0225091 
0.0635768 0.0481398 0.00125321 0.0296896 0.194551 0.0919826 0.0812664 0.000738743 0.0036121 0.00852973 0.0989782 0.00214989 0.00203151 0.00927895 0.169171 0.00831426 0.0379846 0.00077866 0.0101469 0.0032461 0.0757345 0.0588446 
0.0364671 0.0243937 6.17886e-06 0.000149117 0.675568 0.0289234 0.00717381 2.29933e-06 5.72129e-07 6.93594e-05 0.00370647 0.0137133 0.00014423 3.60193e-05 0.000849416 0.00012556 0.160147 6.49693e-10 0.0185125 0.000370157 0.0148607 0.0147808 
0.0263306 0.153872 0.000597112 0.00369323 0.16979 0.132734 0.0838282 0.00129745 3.12302e-06 2.69074e-06 0.161837 0.000441533 0.000192218 0.0181386 0.0654341 0.00117277 0.041636 0.000789277 0.00852936 0.00096904 0.10322 0.0254914 
0.0256205 0.0349804 9.27519e-05 0.0336662 0.448628 0.148716 0.0875725 0.00123363 2.11261e-05 0.00212945 0.00549543 0.00044713 0.000212231 0.0118973 0.0221756 0.000451758 0.0582536 1.69454e-08 0.00183159 0.000479038 0.0814735 0.0346221 
0.0271092 0.013685 1.3675e-05 0.00100412 0.444137 0.0773804 0.0302016 0.000105252 1.59552e-06 8.8787e-05 0.277372 0.00200829 3.44421e-05 0.000544386 0.00807886 5.928e-05 0.0337589 1.96495e-10 0.000126115 0.000546576 0.0743668 0.00937752 
0.0402421 0.0560332 0.0016695 0.0292764 0.258729 0.0368971 0.158384 0.000127168 1.26066e-05 0.00310533 0.0322061 0.0143525 4.91707e-05 0.00128952 0.0137561 0.000416406 0.120975 1.75532e-05 0.00310767 0.000832052 0.190195 0.0383265 
0.0643906 0.04391 0.00143696 0.00706286 0.357366 0.00458466 0.0356932 1.1114e-05 1.08021e-05 0.00028068 0.065379 0.136243 0.00243661 0.000106632 0.0394191 2.14116e-05 0.0403956 5.32866e-06 0.037716 8.27609e-05 0.0256488 0.137799 
0.111306 0.0208944 0.000101878 0.0139364 0.528854 0.0285677 0.0476 0.00307806 5.66631e-05 0.00106789 0.0222633 0.0672308 0.000114241 0.00105043 0.0265781 0.000158357 0.0112531 7.64973e-09 0.000660188 0.000595222 0.0949837 0.0196496 
0.0125239 0.0186038 0.000479888 0.0147537 0.237663 0.104193 0.100674 0.00215062 5.96643e-05 8.61725e-05 0.167318 0.00139919 6.26198e-05 0.00061687 0.0596542 0.0258402 0.0424461 0.000120775 0.00581593 0.00142278 0.12389 0.080225 
0.0558153 0.0598021 8.84395e-06 0.000220119 0.679869 0.0056601 0.116115 3.37105e-06 7.59366e-08 1.55514e-05 0.000344579 7.28583e-05 3.75165e-06 1.07157e-05 0.00185725 1.27097e-05 0.0695532 3.87469e-10 0.000962075 0.00103955 0.00766881 0.000965526 
0.00111611 0.00440393 0.010152 0.245326 0.470238 0.00474692 0.0209443 6.98e-05 5.30967e-06 0.00146539 0.0159659 0.000637443 0.00123657 0.000593291 0.00498665 5.76537e-05 0.0220212 1.30097e-05 5.79348e-05 0.000689491 0.00937684 0.185896 
0.0125625 0.136862 0.0010881 0.0687298 0.546666 0.0251168 0.0358069 0.000397045 1.46911e-07 7.84224e-06 0.0301323 0.0032097 9.32069e-07 0.000842508 0.000858843 0.00015903 0.0137673 0.000293936 0.00197859 0.00126986 0.0930104 0.02724 
0.0191373 0.00620076 5.63303e-06 0.00192838 0.324957 0.107947 0.0165992 7.98388e-06 0.000238685 8.88452e-05 0.0683847 0.00186324 2.07994e-06 0.000235458 0.00298755 8.74358e-05 0.168663 2.24279e-08 0.000698043 4.72701e-05 0.231332 0.0485884 
0.0658342 0.0312439 0.00892469 0.0447355 0.318234 0.233426 0.104299 0.0086058 1.04965e-05 9.82817e-05 0.0179274 0.00211909 0.00142512 0.00700945 0.0367382 7.33826e-05 0.0109566 4.00322e-09 0.0258238 0.000370754 0.0543548 0.0277891 
0.0278642 0.0232381 0.00121489 0.0109205 0.187859 0.138809 0.165239 0.00396627 8.61547e-05 0.00424921 0.0594201 0.0236925 0.00200413 0.00883419 0.0227221 0.000566003 0.0553834 6.7238e-08 0.0130868 0.00677812 0.179424 0.0646432 
0.010103 0.02804 0.000126569 0.157695 0.304849 0.0385506 0.0657034 0.00119596 2.13971e-05 3.3382e-05 0.148632 0.00277226 0.00230966 0.00802071 0.0337082 0.000633901 0.0654543 0.000340844 0.000763255 0.00135576 0.024793 0.104897 
0.0500492 1.22377e-06 0.00013238 0.000117762 0.695867 0.00742807 0.00460383 0.000107251 1.65369e-09 4.66828e-07 0.121646 0.00600067 2.04219e-05 0.000300185 0.00115183 0.00209293 0.0059704 2.24513e-09 0.0253567 0.0552516 0.00933599 0.0145661 
0.0103616 0.00303659 8.69778e-06 0.000795955 0.60144 0.0215351 0.0362007 0.00175899 4.18494e-06 7.27634e-07 0.0915285 0.00030274 4.65552e-05 0.000106444 0.0565308 1.76039e-05 0.000260915 7.73852e-07 1.00377e-05 9.9129e-06 0.0614155 0.114627 
0.0512718 0.0380255 0.0612394 0.130357 0.195424 0.0288832 0.00306621 2.78172e-06 3.47254e-06 0.0023889 0.0430636 7.91769e-05 0.00062497 0.00545459 0.0384702 3.46438e-05 0.187126 0.00120339 0.000389288 0.0121796 0.00596202 0.194749 
0.00671616 0.00988609 0.00153739 0.0367988 0.245621 0.126401 0.0655801 0.0150841 1.54498e-05 0.000352447 0.0965199 0.000539354 6.22041e-06 0.00418356 0.123654 0.000209382 0.01927 0.00113608 0.0637393 0.0324209 0.125625 0.0247039 
0.060876 0.00276104 0.00090135 0.0312464 0.46025 0.00767791 0.0534088 3.39982e-05 0.00940006 9.68764e-05 0.00916804 0.243248 3.19104e-06 0.00170827 0.0191274 1.56718e-07 0.0486639 0.000384991 4.97666e-05 0.00012815 0.0496212 0.00124464 
0.195013 0.0988943 0.0304235 0.00468147 0.216583 0.0986118 0.0297319 0.000110508 1.23155e-05 0.000132256 0.00722627 0.00171678 0.000972672 0.00713151 0.0063063 8.95436e-05 0.0507054 3.93072e-12 0.0460435 0.00132387 0.175097 0.0291932 
0.0280544 0.212642 4.06584e-06 0.00256476 0.323134 0.0104996 0.286935 0.00206506 9.34847e-06 2.37426e-05 0.00693261 0.000226187 0.000321111 0.00306435 0.0104617 5.79917e-05 0.0252939 5.44605e-08 0.00240117 3.76182e-05 0.0602447 0.0250269 
0.0536664 0.0954203 0.00112847 0.145759 0.194384 0.0991487 0.0417308 0.000295128 5.84252e-05 0.00127662 0.11413 0.0710854 0.000412642 0.0014982 0.0220312 0.0255614 0.0243527 2.65773e-07 0.00409285 0.00234323 0.0400357 0.061588 
0.0116247 0.042733 0.000251637 0.0140239 0.305373 0.0669965 0.169541 0.0104137 6.79353e-06 7.28635e-05 0.115072 0.000235644 0.000369526 0.00236026 0.0214152 0.000109113 0.141852 2.17045e-07 0.0048586 0.00194175 0.0595395 0.0312098 
0.0655775 0.238195 0.000327331 0.00196896 0.323979 0.124606 0.0785202 0.000350815 1.83973e-08 4.39585e-06 0.000374672 0.00483315 0.000300839 0.00645917 0.023691 0.000108079 0.0845571 5.15048e-09 0.00460489 4.13186e-08 0.0263879 0.0151542 
0.0358493 0.013532 8.70172e-06 0.00979609 0.361158 0.0481004 0.0173749 1.53193e-08 2.42914e-06 2.90147e-07 0.0456127 0.00104053 2.64257e-05 0.0002133 0.13806 0.000117118 0.00370361 0.0368683 0.00316426 0.000204024 0.245168 0.0399998 
0.00210912 0.00201796 0.000202116 0.00533516 0.352509 0.0793155 0.0555043 8.21588e-06 2.45969e-07 2.78124e-06 0.13253 9.18605e-06 2.26455e-05 0.0341514 0.0588441 0.000548187 0.00937533 0.047679 0.0010346 0.000175517 0.206629 0.0119968 
0.00661865 0.0112011 3.63877e-05 0.0065021 0.522947 0.114345 0.135558 6.77851e-07 0.000403947 3.98682e-06 0.0205481 0.0312183 2.10012e-05 0.00222254 0.0116405 4.04186e-05 0.0340568 5.06535e-06 0.0115356 0.0012063 0.0756359 0.0142535 
1.93193e-07 0.000973753 0.0101722 0.00806398 0.327937 0.30486 0.0831633 1.78238e-05 1.21359e-08 0.000238576 0.0491703 2.34592e-07 3.07736e-05 0.133337 0.0176544 5.52267e-06 0.00232702 1.1178e-05 1.33792e-05 0.000268679 0.0509801 0.0107751 
0.00499976 0.00242993 0.000521638 0.00206356 0.378287 0.214834 0.06892 4.41792e-07 2.80116e-09 2.58987e-07 0.0746186 0.0176014 3.31325e-05 6.0354e-05 0.038197 4.29789e-06 0.111584 0.00211995 0.000248369 1.44876e-05 0.0828289 0.00063235 
0.0973891 0.286353 5.93539e-05 0.0032859 0.362815 0.0320671 0.114255 1.33234e-05 1.68301e-06 4.17473e-06 0.00629117 2.25519e-05 0.000105454 0.000226441 0.00775884 3.37208e-05 0.0037843 6.38248e-11 0.00102461 0.00139703 0.073368 0.00974477 
2.12347e-10 1.37551e-10 1.31574e-06 0.0957041 0.456077 0.0358419 5.51132e-07 1.926e-10 9.73826e-10 5.60064e-10 1.64608e-08 6.04519e-10 1.02655e-09 5.46504e-07 0.412373 9.88249e-10 1.88134e-10 1.32211e-09 1.23363e-10 8.52755e-07 6.58044e-11 8.78901e-07 
0.000568251 0.00387959 5.1522e-07 0.057513 0.454802 0.0823955 0.00395322 4.00639e-05 3.32275e-06 1.48034e-06 0.0984188 0.0574657 0.000197201 0.000383898 0.130136 0.000727397 0.0512333 7.07035e-08 1.64149e-05 0.0272531 0.00802171 0.0229891 
0.0350469 0.0665575 0.000335144 0.0206855 0.25238 0.155753 0.0889292 0.0406684 7.15193e-06 2.14155e-05 0.120512 0.00769263 0.00529791 0.0113558 0.0995578 0.000104626 0.0453445 0.00177921 0.00291817 0.000109322 0.0129811 0.0319626 
0.0411152 0.00573334 9.86181e-09 0.00583897 0.218532 0.0142508 0.208972 2.42423e-05 1.15264e-06 0.000215004 0.124573 0.0014683 7.39175e-08 0.000507222 0.022449 5.2419e-05 0.194193 0.000810907 0.000730001 7.92932e-06 0.0355866 0.124939 
0.0163501 0.0840716 1.17089e-06 0.0221738 0.240159 0.0586846 0.125485 0.000490071 0.000129347 0.00149533 0.000945059 0.00882266 0.00196339 0.00890716 0.022867 0.000134956 0.185632 4.95765e-10 0.087301 3.74779e-05 0.0796366 0.0547135 
0.0541436 0.0163355 0.00412196 0.179006 0.340744 0.0622401 0.0210588 1.54071e-05 1.41169e-07 0.000153122 0.0635646 0.00935821 8.99415e-05 0.00624322 0.0133672 0.00153137 0.0122445 1.88207e-06 0.0141819 0.00139004 0.088647 0.111562 
0.0119876 0.0195241 4.02718e-05 0.0258673 0.507831 0.12191 0.0318522 0.000158165 6.02974e-08 0.000667084 0.0400543 0.0152827 0.00014836 0.000723997 0.016359 0.000285868 0.00732683 9.84118e-09 0.000356398 0.00374724 0.149679 0.0461983 
0.00162834 0.157624 0.0563222 0.00886057 0.183325 0.156265 0.0849961 0.000248569 1.57147e-08 0.000720578 0.0102945 0.00235234 0.00171483 0.00233969 0.00347135 0.000584021 0.0156987 4.93476e-11 0.00222855 0.00246456 0.152721 0.156141 
0.000310917 0.00010106 0.0020592 0.0140695 0.803889 0.0556957 0.0084831 3.18328e-05 2.51763e-06 0.00026893 0.000356945 1.56286e-06 2.65394e-06 0.000503635 0.0374627 3.70371e-05 0.015941 3.41805e-06 3.1893e-07 0.000258004 0.0332697 0.0272508 
0.00965613 0.0107005 3.67771e-06 0.0298939 0.5154 0.059666 0.0916561 3.08176e-10 1.55821e-09 8.96151e-10 0.000254782 1.46922e-05 2.97984e-05 2.36229e-05 0.00153129 4.2056e-07 0.0180236 2.11549e-09 0.000253887 8.34643e-06 0.234178 0.0287054 
0.00175111 0.000107506 1.68862e-08 0.0208254 0.487325 0.0116663 0.0681418 6.09954e-08 5.36884e-06 4.77044e-06 0.0163247 6.6207e-06 1.99734e-05 0.000154738 0.000447983 0.000101278 0.386805 4.24368e-08 1.59412e-05 5.67971e-06 0.00300117 0.00328952 
0.119068 0.00830198 0.000193376 0.000249658 0.656372 0.0130561 0.0213621 6.49983e-06 8.54466e-08 3.04817e-06 0.00130751 0.000349444 1.66013e-06 0.000124199 0.000415475 1.20879e-05 0.169895 2.4171e-08 0.00571797 0.000135359 0.00285245 0.000575462 
0.0449707 0.0143252 3.10749e-07 2.55193e-07 0.617725 0.0222501 0.21353 1.91582e-07 1.69531e-10 9.75004e-11 0.00241232 3.55342e-07 1.7871e-10 5.4322e-07 2.71315e-08 3.31885e-07 0.00506065 2.30164e-10 5.15453e-06 8.2429e-11 0.0704289 0.00928939 
0.0159694 0.0145963 0.000257299 0.0668045 0.282756 0.121988 0.0233167 5.53982e-05 1.51973e-05 0.000776161 0.162088 0.00547235 6.28925e-05 0.00346162 0.236812 2.74296e-05 0.00501981 1.48418e-09 8.53011e-06 0.00172161 0.0332367 0.0255532 
0.114547 0.0386511 2.37509e-08 0.000420918 0.247699 0.0953926 0.223227 2.88228e-06 1.10717e-08 7.5714e-09 0.000726836 0.00244821 1.49809e-08 0.000499672 0.00358153 2.73189e-08 0.191858 3.05524e-09 0.00509238 2.49385e-08 0.0440391 0.0318142 
0.00977449 0.0445773 6.14336e-06 0.000206182 0.299929 0.0468671 0.222358 1.79265e-07 2.95294e-09 0.000299065 0.00691318 0.000111918 0.000153833 0.000959583 0.00274082 0.00102851 0.183017 8.26857e-11 0.0128265 0.000357219 0.147663 0.0202099 
0.112451 0.0151623 6.44441e-08 0.00139291 0.319228 0.0202356 0.0488034 7.63305e-09 0.00172581 0.000950625 0.00117536 0.000727836 0.151761 1.15418e-05 0.00180633 0.000412672 0.0267187 8.35429e-09 0.0326209 1.69588e-05 0.0187853 0.246013 
0.0462474 0.148024 0.0011757 0.023236 0.299772 0.0677881 0.0558615 3.84008e-05 7.07354e-06 0.00062318 0.024042 0.00129883 8.66874e-05 0.00574846 0.0256972 0.00535834 0.0837623 3.74112e-08 0.00498397 0.00481789 0.1456 0.0558303 
0.00663055 0.0835667 0.000870988 0.0568455 0.567715 0.0740124 0.0187809 0.000588157 3.95945e-06 0.00398782 0.00172203 0.00279857 0.00123918 0.0162533 0.012381 0.00224889 0.0636617 8.68339e-08 0.0141645 6.10721e-05 0.0389408 0.0335272 
0.0103257 0.0146829 0.00177713 0.0248617 0.214887 0.136923 0.0552622 0.000272522 2.65065e-05 1.35614e-07 0.191718 0.00189194 0.000255531 0.00705232 0.147343 0.000815836 0.0218384 0.000671863 0.012705 0.000317903 0.120194 0.0361779 
0.108716 0.13759 0.00403649 0.0880459 0.188986 0.0660503 0.0473772 0.0344631 0.00979856 0.000136807 0.0295884 0.0131058 0.00447178 0.00378756 0.0201033 0.00182648 0.0611028 0.0505709 0.0161745 0.00166051 0.0725221 0.0398848 
0.000977667 8.41894e-05 0.0304216 0.0716944 0.453607 0.0463839 0.0278343 3.21134e-05 5.23711e-07 0.000756894 0.0103423 0.00335906 4.07385e-06 0.282838 0.0592714 6.07964e-05 0.000876848 0.00111521 0.000115412 1.98551e-05 0.00349013 0.0067149 
0.0566003 0.0201276 0.00038194 0.0244461 0.298561 0.200263 0.0163866 0.0209546 1.87295e-05 5.85883e-05 0.045084 0.00203391 0.000206738 0.00182681 0.259847 1.0838e-05 0.00161667 2.53708e-07 0.00300364 0.000275266 0.0453222 0.00297437 
0.0232443 0.00593225 0.000620289 0.0380744 0.749031 0.00328711 0.00569986 3.86595e-07 3.42803e-06 2.03317e-05 0.0546066 0.0142117 1.31261e-05 7.05099e-05 0.0592493 7.84767e-05 0.0167529 6.62677e-08 0.000181847 0.00343685 0.0170228 0.00846263 
0.0229345 0.174152 0.000124422 0.00882864 0.17517 0.0725605 0.121988 0.00013011 6.94175e-06 0.00101652 0.138134 0.00265224 5.43716e-05 0.015282 0.101029 0.00206375 0.0134446 0.00171164 0.0077135 0.00153178 0.100208 0.0392629 
0.052484 0.032049 8.84983e-05 0.0168465 0.657607 0.027945 0.0469189 1.69519e-05 2.35564e-05 3.17009e-05 0.0644431 0.00155148 0.00268544 0.00711433 0.00983013 5.66385e-05 0.00319348 5.0445e-07 0.0132354 3.94753e-05 0.0550348 0.00880437 
2.18491e-06 0.000463321 5.41307e-06 0.336713 0.559479 1.02996e-05 8.39712e-05 1.98172e-06 1.002e-05 5.76269e-06 0.000788027 6.2201e-06 1.05625e-05 0.0157101 0.0239091 0.055321 0.00145987 1.36037e-05 1.26933e-06 4.8719e-06 0.00054037 0.00545999 
0.0296135 0.0395629 0.00153169 0.0296726 0.323688 0.0770136 0.0737184 0.000426643 4.00633e-05 0.0116527 0.0455152 0.0116345 7.68708e-06 0.00202713 0.0250696 0.0018733 0.0221488 1.30467e-06 0.0289174 0.0035028 0.190592 0.0817902 
0.0470844 0.00551604 0.00521501 0.0445432 0.277495 0.0624174 0.206769 1.71457e-05 5.33584e-06 0.00352473 0.0584805 0.00156203 8.64455e-05 0.0046094 0.038126 0.000174817 0.0104573 3.95431e-10 0.000547362 0.000179769 0.193698 0.0394918 
0.0709161 0.0598922 0.00117213 0.0555714 0.551085 0.0684951 0.00830878 0.00049595 3.25092e-05 1.03027e-05 0.0134464 0.00336803 0.00117617 0.000475076 0.0286493 0.000518923 0.0227094 3.51648e-06 0.0206663 0.000547415 0.00885463 0.0836056 
0.0109947 0.188251 7.6347e-05 0.107888 0.190729 0.0542219 0.0761028 0.000364353 0.000245164 0.00299893 0.0109459 0.0048472 0.0099152 0.0163785 0.0287819 0.00295434 0.0184557 4.71913e-06 0.0240857 0.00167249 0.159198 0.0908887 
0.0240918 0.0645354 0.000512201 0.0184773 0.238978 0.100296 0.0397467 0.00010575 6.43277e-06 0.00026132 0.0776584 0.00158025 0.000405068 0.00379397 0.0275861 0.00177216 0.101279 0.00062078 0.0166835 0.00117466 0.22918 0.0512544 
0.0140677 0.000188883 0.00119645 0.184591 0.562233 0.0410643 0.119629 1.51127e-06 7.64132e-06 0.000369379 0.048367 0.000212733 2.55318e-05 7.56525e-05 0.000458719 7.75449e-06 0.000647302 0.000498299 0.000591236 0.000250182 0.00881755 0.0166996 
0.0092102 0.0153341 0.0010728 0.0484418 0.298504 0.182933 0.062317 0.000115992 0.01244 0.000114686 0.0199358 0.0051565 0.000614746 0.00369308 0.024105 0.000679661 0.0664304 5.52493e-05 0.0165455 0.00166637 0.184256 0.0463772 
0.0363828 0.0947994 0.00231658 0.0607508 0.36572 0.0259341 0.111753 0.000127787 0.000119019 0.00107964 0.0557185 0.000329594 2.92296e-05 0.00771884 0.0394396 0.00480757 0.0254871 1.23213e-06 0.0110205 0.00554151 0.0552811 0.0956415 
0.0385073 0.0512553 0.000621539 0.0324531 0.359007 0.0938692 0.0703157 0.00761912 2.34275e-05 0.00125814 0.0562447 0.00486258 0.00320047 0.00426977 0.0246422 0.00286947 0.0340521 2.18526e-05 0.00404045 0.00265983 0.105566 0.102641 
0.0658036 0.00578947 2.48667e-05 0.00148231 0.298581 0.188178 0.010678 3.89285e-05 1.42539e-09 3.0188e-08 0.187346 0.172915 2.61328e-07 2.80413e-05 0.028213 2.27045e-06 0.00178822 1.93518e-09 0.000154703 0.00173566 0.0365695 0.000671681 
0.0569158 0.024546 4.83109e-05 0.0309493 0.367234 0.0733852 0.0520046 0.000234621 2.25045e-06 0.00184305 0.0107418 0.0923495 0.000266131 0.000286066 0.0196665 0.00576113 0.177598 2.46159e-08 0.00393918 0.00137723 0.0154376 0.0654142 
0.0191231 0.00112054 0.00130362 0.0041182 0.430836 0.0949939 0.0767858 3.2889e-06 1.63765e-06 3.39878e-05 0.0291497 0.00126572 0.00416085 7.5696e-05 0.00307647 0.000100597 0.00762326 1.77164e-07 0.016088 0.000457006 0.29257 0.0171128 
0.0396497 0.0707046 0.00190714 0.0119434 0.310602 0.147912 0.065712 0.000293184 1.25501e-05 0.00123288 0.0240011 0.00205198 0.0042709 0.00400771 0.0172545 0.000355112 0.0602941 4.05386e-07 0.0280442 0.00493646 0.164575 0.0402393 
0.0322306 0.035251 0.000856434 0.0342239 0.379574 0.0980324 0.124869 0.00118349 6.60028e-07 0.00266505 0.0223599 0.00261857 3.8739e-05 0.0110481 0.0480555 0.000686611 0.080795 9.05353e-07 0.0255942 0.00176718 0.044774 0.053375 
0.00145931 0.00105353 3.47116e-05 0.0915391 0.412616 0.0225616 0.00628505 1.30796e-06 0.000787242 2.78326e-06 0.0113153 0.00701685 2.94048e-05 0.000674265 0.137757 0.000432165 0.224343 1.4074e-07 0.00103098 0.00249586 0.0457511 0.0328135 
0.0797535 0.0390445 0.00108763 0.0260785 0.333205 0.0361625 0.195182 4.88981e-05 2.17817e-05 0.00181902 0.0107542 0.00568233 2.98146e-06 0.000157945 0.00254258 0.000356107 0.0223936 9.04153e-11 0.0576688 0.00102361 0.0614412 0.125574 
0.0388047 0.00180079 0.00205414 0.0103077 0.622928 0.123298 0.0249099 6.45965e-05 1.67915e-07 2.80045e-08 0.0189859 0.00531341 0.000318838 0.00866945 0.00270539 0.000456161 0.0431001 1.24806e-06 0.00359118 2.35282e-05 0.0654509 0.0272151 
0.0325226 0.104008 0.000530133 0.00649618 0.357869 0.0343881 0.080779 7.244e-05 2.18818e-05 0.000685045 0.0832237 0.00103457 1.04062e-06 0.00116157 0.0368845 0.0037968 0.0155833 0.0404368 0.0024956 0.00107039 0.120725 0.0762132 
0.0883812 0.0467096 0.0045878 0.00558739 0.350047 0.0296222 0.0323715 1.64492e-05 5.11411e-07 7.52948e-05 0.00416066 0.0081014 0.00169825 0.00550123 0.00613958 7.02202e-05 0.0735544 1.43283e-06 0.0109986 0.000299076 0.265461 0.0666155 
0.0203405 0.0366472 0.00088841 0.039425 0.316797 0.214334 0.0617333 6.41271e-08 5.35058e-06 8.60749e-06 0.0562316 0.000463699 0.00018034 0.00177409 0.109713 6.76203e-05 0.0117357 4.94464e-09 0.0822188 0.00475742 0.0165517 0.0261274 
0.122778 0.000118593 0.0164148 0.0869334 0.465299 0.000681599 0.0111168 3.30835e-06 1.03391e-08 0.000543453 0.0124017 0.000237425 0.00179649 0.00151986 0.0739179 0.000256491 0.0363166 1.40368e-08 0.000221275 0.00143152 0.0807493 0.0872622 
0.0132088 0.0410121 0.000118377 0.0505227 0.179706 0.107594 0.00439803 0.0166998 0.0316517 0.00540283 0.00476018 0.149927 4.80325e-05 0.0158229 0.0685579 0.00140325 0.139342 0.106422 0.0229897 0.00021235 0.0012547 0.0389452 
0.0193281 0.0480828 2.6652e-06 0.0593746 0.330185 0.135264 0.254826 2.90493e-05 6.77423e-07 0.000467949 0.0194777 0.0029478 0.00239812 0.00030535 0.00478221 9.8102e-05 0.0616264 2.51572e-09 0.00489879 0.000565681 0.0242114 0.0311277 
0.0791882 0.00124518 3.29606e-09 0.000325517 0.603578 0.00425588 0.0108099 9.87508e-06 6.10126e-09 1.99843e-05 0.00122972 1.30635e-05 0.0048796 2.78742e-06 8.68656e-05 4.13747e-05 1.09161e-05 0.253913 0.000492609 4.25876e-06 0.025817 0.0140761 
0.0547236 0.00156381 0.015647 0.0831345 0.426211 0.0160897 0.00505156 3.02748e-05 1.7081e-05 0.000407119 0.0159885 0.0160611 0.00172674 0.000675326 0.0308737 0.0290574 0.0906068 0.00027264 0.000413408 0.00904696 0.0843626 0.118039 
0.039061 0.117102 0.0970708 0.00508081 0.305835 0.0361266 0.110584 0.00133062 0.000212144 0.00112753 0.0127333 0.00136706 0.0963124 0.00315707 0.0235461 0.000187281 0.0286533 8.27832e-05 0.00562965 0.00137434 0.0889246 0.0245006 
0.101113 0.0892389 4.032e-05 0.0471974 0.292005 0.149871 0.0435307 4.91882e-05 1.3316e-06 6.64781e-05 0.0720055 0.0002181 5.06546e-06 0.0288792 0.0102269 1.66083e-05 0.0312174 2.33882e-06 0.0309678 0.000174817 0.0621258 0.0410468 
0.0301757 0.179995 3.17395e-08 0.000289748 0.473331 0.00581389 0.0552339 7.97249e-06 1.97908e-06 6.42279e-05 0.0119161 0.00453304 3.38294e-06 6.52396e-05 0.00504053 1.91562e-06 0.0357883 2.39515e-11 0.000228934 0.000723067 0.157799 0.0389874 
0.0437729 0.194576 0.00927457 0.038382 0.288287 0.0304488 0.0785847 0.00173718 6.92217e-07 0.00105053 0.00763478 0.00307218 0.00226735 0.00523695 0.105083 0.00038114 0.056635 1.08693e-09 0.00291232 0.00136516 0.0745347 0.0547627 
0.0153146 0.0164962 0.000662342 0.0136282 0.356695 0.0695524 0.0460852 2.02278e-05 1.45443e-06 8.5374e-05 0.0329147 0.00127384 0.000340565 0.000163163 0.031668 0.00452181 0.0341386 4.7499e-08 0.00211781 0.000941735 0.327623 0.0457559 
0.00508528 3.98908e-06 1.37313e-06 0.00332791 0.311421 0.115681 0.0820922 1.03357e-07 6.30096e-10 0.00182726 0.107262 1.69723e-06 6.23289e-07 5.39474e-07 1.65031e-06 6.55789e-07 0.191108 8.55448e-10 0.0075409 0.0058645 3.2475e-07 0.168779 
0.131499 0.0302553 0.00546518 0.0052454 0.54146 0.0109485 0.00907544 4.32139e-05 7.00508e-05 2.21394e-05 0.0359533 0.000354129 0.000499476 0.00734794 0.0184049 2.98885e-05 0.0142386 4.69258e-09 0.0114892 0.0003038 0.123294 0.054 
0.0163501 0.0840716 1.17089e-06 0.0221738 0.240159 0.0586846 0.125485 0.000490071 0.000129347 0.00149533 0.000945059 0.00882266 0.00196339 0.00890716 0.022867 0.000134956 0.185632 4.95765e-10 0.087301 3.74779e-05 0.0796366 0.0547135 
0.00504596 0.0116012 0.15094 0.132046 0.218835 0.115655 0.0658007 0.000807082 0.000711654 0.00430356 0.0559497 0.000603674 0.000547392 0.0142249 0.0989504 0.00010822 0.00358636 2.77738e-08 0.0266178 3.37293e-05 0.0608582 0.0327734 
0.305302 0.0398923 0.000604478 0.00471082 0.349179 0.0613935 0.0624809 2.16533e-05 9.5387e-07 3.54837e-05 0.0106466 0.00202372 1.35879e-06 0.000306485 0.00122968 8.75273e-05 0.0926376 1.06008e-06 0.0327221 0.0008683 0.027719 0.00813553 
0.0041863 0.217887 0.00243481 0.0665774 0.456091 0.0437581 1.28357e-05 0.00016642 0.00366522 2.68956e-05 0.100549 0.0309063 0.00663926 0.00308557 0.0064549 2.33186e-06 0.022848 2.63595e-08 2.45955e-09 0.00312751 9.22393e-06 0.031572 
0.0472943 0.0127585 0.000126819 0.00392099 0.332988 0.102065 0.0739681 0.00180341 1.25002e-07 0.000794557 0.0314084 0.0582781 0.000644186 0.0324288 0.172327 1.03649e-05 0.00351009 7.77315e-07 0.000562977 0.00378101 0.0918812 0.0294474 
0.061 0.000932541 1.95049e-08 0.00595653 0.895475 0.00906926 2.64201e-06 7.40306e-05 6.56458e-07 2.07647e-08 0.00216195 0.00184408 0.00384322 0.00929689 0.00728363 3.66399e-08 0.000923141 4.9018e-08 2.00701e-06 1.00622e-06 0.00184078 0.000292002 
0.00701236 0.0161993 0.0102059 0.156546 0.347968 0.0332563 0.00567199 6.45062e-07 6.75351e-06 5.76099e-06 0.0363786 0.000447965 3.08133e-05 0.0553427 0.0100167 7.6969e-05 0.00956317 0.000874793 0.00397659 0.00126113 0.294293 0.0108647 
0.0032775 0.0752045 4.03939e-05 0.00299724 0.367985 0.0557084 0.0118604 0.0282319 2.34669e-07 8.66313e-05 0.0977781 0.00302525 0.000599473 0.00411053 0.288076 0.000593514 0.0195471 2.11613e-07 0.00325702 0.000227843 0.0090713 0.0283214 
0.0208169 0.0253117 0.00215421 0.0399117 0.215325 0.0777776 0.097353 0.00140739 0.000551079 0.00150677 0.0687763 0.00775014 0.00106953 0.00917715 0.151364 0.00090842 0.0475778 0.00320493 0.00699112 0.00725626 0.163741 0.0500684 
0.0242721 0.0438405 0.0284649 0.00376065 0.421751 0.0669002 0.00382201 4.14484e-06 0.000869853 6.99561e-06 0.000212373 0.0707891 0.00117824 0.00704704 0.00692204 0.000128175 0.124326 2.70009e-08 0.00479265 0.000131929 0.173586 0.0171932 
0.0326255 0.0415892 9.15322e-06 0.0281906 0.486486 0.0677552 0.0501918 2.25196e-05 2.19864e-06 0.000291767 0.0552971 0.0080492 3.90651e-05 0.000700964 0.0401421 2.7849e-05 0.0422195 4.24626e-06 0.0116587 0.00146454 0.0802291 0.0530036 
0.0790222 0.00117973 0.000307787 0.00168502 0.43639 0.199653 0.0327494 5.0688e-10 7.12993e-10 0.000114176 0.00933314 0.00471663 5.3742e-06 0.000324827 0.00483249 4.97321e-06 0.032125 3.87855e-08 0.0350706 0.000126808 0.158068 0.00429073 
0.0259591 0.0135482 0.000243339 0.0165603 0.619676 0.00847202 0.00914422 3.93486e-05 0.0347555 0.000113165 0.048341 0.000912996 7.06313e-06 0.00227238 0.0514763 2.55078e-05 0.0845718 0.0415662 0.00321252 0.00047109 0.0187077 0.0199243 
0.0209548 0.00248896 0.000442157 0.00210881 0.474044 0.0983108 0.0118514 0.0105633 9.03787e-11 3.7942e-07 0.200662 0.00154208 0.000164124 0.0021177 0.0320375 0.000203815 0.00168415 1.22703e-10 0.000138006 7.56823e-05 0.119262 0.0213476 
0.0510862 0.0132883 0.00342568 0.0245134 0.388431 0.047579 0.0129595 0.000654827 0.000138485 0.00206764 0.0852876 0.221141 0.00151011 0.00144378 0.0124871 0.00635989 0.058419 0.000308768 0.00738378 0.00192636 0.0353265 0.0242619 
0.0530341 0.080955 0.0240321 0.0259311 0.214701 0.157625 0.0860942 0.00400865 1.26218e-05 0.000433213 0.0256843 0.00819374 0.00194176 0.0200648 0.0464858 0.00189282 0.0234507 5.31356e-07 0.0120362 0.00417705 0.155613 0.0536325 
0.0104865 0.175534 1.38663e-05 0.00700596 0.580625 0.0687849 0.0456494 1.05378e-05 7.89018e-06 0.00149811 0.00382591 0.00143611 8.4308e-06 0.000928346 0.000291723 1.64306e-05 0.0259961 1.339e-10 0.0230436 0.0103496 0.0261823 0.0183046 
0.160127 0.0332923 5.75696e-08 0.00826246 0.412796 0.0362075 0.044903 0.0864704 5.67116e-05 0.000449376 0.0815382 0.000630549 7.28707e-07 0.000549929 0.00214393 1.01772e-06 0.0095569 2.23352e-10 0.00467309 4.66818e-06 0.0131161 0.10522 
0.0772357 0.0210776 3.79714e-06 0.00579587 0.536923 0.0334779 0.00767734 0.00161246 0.000170312 2.91546e-05 0.0222817 0.151132 9.3245e-05 0.000293826 0.0873378 0.0042022 0.00534474 1.66921e-05 0.00921455 0.000329693 0.0121005 0.0236493 
0.0293479 0.00452498 1.61256e-06 0.00966787 0.333649 0.0114468 0.270282 2.54355e-06 3.72531e-08 0.000131036 0.0368609 0.00843068 7.60154e-05 0.00044384 0.00525129 1.65385e-05 0.023142 5.13323e-06 0.00109108 0.00277749 0.177953 0.0848982 
0.0581247 0.0993984 0.000210387 0.0017161 0.570696 0.0253398 0.0431219 3.05024e-05 4.08713e-07 0.000714884 0.00924325 0.0259886 0.000229191 0.000481385 0.00820741 3.35951e-05 0.0724571 8.9683e-06 0.0343583 0.000526513 0.0293155 0.0197976 
0.0723725 0.116008 3.13394e-05 0.0258499 0.277841 0.0464073 0.0759047 3.03549e-07 2.46919e-07 0.000722251 0.0608656 0.0314168 1.94175e-05 0.00173071 0.0408675 0.000439294 0.0986442 0.000405627 0.0083136 0.00169957 0.0248738 0.115586 
0.0302855 0.0490733 0.00383501 0.0257954 0.304081 0.245597 0.0620289 0.0135242 0.0100432 0.000952713 0.0519808 0.00329099 0.000736922 0.00461356 0.0202608 0.00117851 0.0369016 0.000132576 0.0125527 0.00460063 0.0787402 0.039794 
0.0270218 0.0115005 1.87849e-08 4.07372e-06 0.347638 0.0809548 0.247392 3.0059e-05 7.82816e-11 4.50211e-11 0.0616805 0.00435323 6.91639e-08 7.45471e-08 0.049367 0.00101926 0.003954 0.00761076 3.16881e-06 4.18009e-07 0.101782 0.0556888 
0.0438491 0.122542 0.00956252 0.00169361 0.394398 0.0632917 0.103066 3.99169e-06 2.61034e-08 2.37813e-08 0.0135238 0.106762 0.000573515 0.00108806 0.0338289 2.17556e-06 0.01232 1.15428e-10 0.0165529 8.13419e-05 0.0730498 0.0038106 
0.13065 0.00341418 1.69627e-05 0.115257 0.234623 0.0181946 0.160024 4.13696e-06 2.6895e-06 0.000298074 0.187257 0.00239826 9.46026e-07 0.0180195 0.00794897 1.02779e-07 0.00904411 8.82234e-06 0.00104923 4.97827e-06 0.0837394 0.0280443 
0.00182824 0.0292918 0.0022817 0.101505 0.284282 0.210099 0.170635 0.00031083 1.07203e-05 0.000203079 0.0257915 0.000530748 3.8024e-06 0.00525587 0.00581887 6.6226e-05 0.00115731 0.00760688 0.0155954 0.000261345 0.120947 0.0165167 
0.114134 0.0080919 0.000362297 0.0012928 0.66709 0.0506048 0.00628378 9.56986e-06 5.6169e-09 0.000115814 0.00150125 0.000661298 5.04084e-05 0.000106147 0.00376285 9.53305e-06 0.069409 2.01863e-11 0.0597648 5.99802e-05 0.0112197 0.00547068 
0.0479372 0.175438 0.00168598 0.0105392 0.20587 0.117051 0.0751935 0.00147074 8.48712e-06 3.25261e-05 0.0771834 0.00334248 0.000839421 0.00556046 0.0360547 0.00810231 0.0255624 2.34512e-07 0.000770143 0.00209441 0.188263 0.0170004 
0.000816853 0.0380825 3.46648e-07 0.00124065 0.725561 0.0297958 0.0214685 1.64165e-05 1.94911e-05 8.37946e-05 0.0561833 0.0144105 0.000124096 0.00392042 0.0801259 8.13625e-06 4.96803e-05 0.000118811 3.09154e-05 4.80618e-05 0.00972651 0.0181686 
0.0438937 0.0168095 0.00164854 0.00478781 0.283904 0.083118 0.110464 0.00161793 3.77308e-06 8.08861e-05 0.0238401 0.00060327 0.000815849 0.000193479 0.012978 0.000176897 0.0802066 1.36045e-09 0.0189025 0.000913521 0.276007 0.039034 
0.00479854 0.0061301 0.00708475 0.0869013 0.349321 0.226165 0.169952 2.27467e-05 3.32485e-06 0.00620023 0.012529 0.000938399 2.9179e-05 0.0202717 0.0168144 6.67771e-06 0.00826324 2.54403e-09 0.00113487 0.000529891 0.0559215 0.0269819 
