0.00400218 0.000970498 0.000317454 0.00884343 0.0782913 0.438862 0.0797087 0.000613107 6.44176e-08 5.72702e-05 0.0270816 0.000302489 0.00529629 0.0548611 0.0889635 0.000114504 0.00650769 2.83984e-09 0.00752207 0.00191286 0.178989 0.0167825 
0.0128162 0.0815358 0.00097331 0.0388011 0.0665009 0.288797 0.106264 0.00159036 9.14335e-05 0.00313011 0.0195409 0.00116763 0.00051344 0.0148926 0.0293432 0.00139048 0.0469489 6.86238e-08 0.0315972 0.0115312 0.18065 0.0619247 
0.0495556 0.0386099 0.00621418 0.029658 0.132255 0.183399 0.129761 0.00322494 2.2879e-05 0.00152318 0.0518565 0.00220928 0.000576341 0.00724986 0.054013 0.000398332 0.115069 1.0246e-05 0.00877083 0.00575059 0.133807 0.046065 
0.00248549 0.0348981 0.000434118 0.0579862 0.0527754 0.347343 0.0309535 0.00148887 4.65805e-07 0.0528947 0.110714 0.000722277 0.00143506 0.00673241 0.0549963 0.000305791 0.0149512 5.62487e-10 0.0167455 0.000696386 0.139192 0.0722501 
0.00354361 0.00148805 0.000745907 0.0782576 0.00234105 0.672805 0.133798 6.86403e-06 1.44374e-05 0.0062278 0.0127878 0.00392565 0.000116914 0.0112372 0.0140846 0.000203471 0.0116107 4.7503e-08 0.00177532 0.000329108 0.0263193 0.0183815 
0.0106417 0.0234405 9.34757e-05 0.00990815 0.174321 0.338249 0.0692084 0.000666145 2.022e-05 0.00158925 0.0867904 0.00255792 0.000122329 0.00790358 0.0258957 0.000193174 0.0661749 0.00014981 0.0118169 0.00124916 0.13114 0.0378678 
0.0279671 0.00914428 4.20641e-05 0.107473 0.123437 0.277632 0.0948128 2.27178e-08 1.32357e-05 0.000358526 0.00112168 0.00258483 0.000128755 0.048928 0.0277786 0.000198773 0.0276718 3.42223e-11 0.00030778 1.19715e-05 0.233463 0.016926 
0.0103594 0.00369549 0.000868473 0.0367383 0.161347 0.654216 0.011219 0.00320523 0.000114746 0.00358047 0.0130129 0.00103168 5.0577e-05 0.00370645 0.0317508 4.31848e-05 0.00876218 9.82473e-05 0.0216567 0.000156678 0.0265073 0.00787947 
0.00744882 0.0307957 0.00226132 0.00601265 0.00154851 0.694167 0.0283201 1.6773e-06 3.22552e-07 0.0337993 0.00483698 0.0013114 1.99669e-06 8.30718e-05 0.0245731 0.00070231 0.000986902 3.85781e-09 0.0167854 0.00256948 0.0194412 0.124353 
0.0325604 0.0709862 0.00553525 0.0623617 0.110822 0.244957 0.0545548 0.000234971 1.65326e-05 0.00109771 0.0388741 0.000976437 0.000958746 0.0237877 0.0297001 0.00153753 0.0440107 1.30107e-08 0.00254193 9.53208e-05 0.110059 0.164331 
0.0879748 0.0524586 0.000247389 0.0179949 0.0804052 0.320604 0.152554 5.39566e-05 0.000852853 0.000939953 0.00509311 0.00074489 4.66943e-06 0.00197336 0.00357847 0.000115408 0.0619073 2.27084e-08 0.0149845 0.000502384 0.18239 0.0146198 
0.00277313 0.00221556 0.000394984 0.212496 0.0131064 0.597146 0.0455096 0.000113737 0.000651517 0.00378451 0.00670442 0.000786811 1.35296e-05 0.00235662 0.00115895 0.000315308 0.0296652 7.32545e-10 0.00119191 0.000397101 0.0301635 0.0490558 
0.0533172 0.0449505 0.000217424 0.0099685 0.0145229 0.62433 0.0614742 0.000867621 2.17655e-07 3.51115e-05 0.0687666 0.000199997 0.0137624 0.00926232 0.0196386 0.000157815 0.0153194 1.6975e-08 0.000724584 0.00127792 0.0505371 0.01067 
0.000829142 0.112757 0.0035806 0.0475174 0.0512904 0.209015 0.0549933 0.0757729 2.86518e-07 0.00153772 0.0256361 0.000956591 0.00459719 0.159063 0.0657823 0.00085465 0.0632051 0.000125909 0.020005 0.000612663 0.047138 0.0547303 
0.0211173 0.0930759 0.00405999 0.213734 0.106822 0.287838 0.0581037 0.000372493 5.87336e-06 0.000300101 0.0032327 0.000336825 1.33748e-05 0.00549163 0.018727 2.19936e-05 0.101344 2.09452e-09 0.00139132 0.00272388 0.0624557 0.0188317 
0.000721116 0.0166694 0.000326743 0.0773953 0.00730626 0.602926 0.0362276 6.0285e-05 9.17759e-06 2.95849e-09 0.00171174 0.000515464 1.1069e-05 0.00118246 0.00250473 2.95397e-05 0.00567573 1.3198e-07 0.0581205 0.000703201 0.171966 0.015937 
0.0170688 0.123356 0.00533667 0.0161695 0.197855 0.220228 0.0972774 0.022465 1.12422e-05 0.00101637 0.0342489 0.00248329 0.00179374 0.013383 0.0353676 0.000196312 0.020447 1.34683e-05 0.00902279 0.000584437 0.158491 0.0231846 
0.00239619 0.0228938 1.10353e-05 0.000188076 0.0148973 0.855143 0.00256452 0.0219899 4.63928e-10 1.95797e-08 0.00867237 1.17381e-06 1.7096e-06 0.00751904 0.00996179 4.70799e-10 0.00132145 6.2985e-10 1.27018e-06 5.81267e-06 0.0522186 0.000213316 
0.0159584 0.0679806 0.00327572 0.0352001 0.0435018 0.257385 0.0428121 0.0332027 0.00278091 0.00910436 0.028294 0.000967045 0.0031429 0.078781 0.180237 0.00025788 0.0559328 4.93261e-05 0.0193167 0.00130927 0.0888804 0.0316299 
0.0114031 0.0367973 0.0032702 0.0300744 0.00389156 0.7128 0.0378903 1.35049e-05 3.97845e-05 0.000102096 0.0118924 0.000361044 0.00283859 0.00929694 0.00418352 0.000346946 0.00976516 6.93089e-06 0.0115955 0.00277414 0.0858768 0.0247795 
0.0600503 0.00775028 0.0296887 0.0611323 0.0407214 0.481851 0.0289995 0.0114151 5.12969e-06 0.000116834 0.00742266 0.000172467 0.00713684 0.00992871 0.212098 2.45222e-05 0.0110251 0.000188595 0.000181601 0.00111563 0.0162555 0.0127198 
0.000163916 0.0158311 0.000102158 0.247384 0.00396273 0.50749 0.122556 0.00016751 0.000313584 1.02672e-06 0.000486399 7.32022e-05 3.05292e-09 0.00145522 0.00337231 1.65272e-08 0.0138786 2.84981e-11 1.47671e-05 0.00117963 0.0779881 0.00357978 
0.00744882 0.0307957 0.00226132 0.00601265 0.00154851 0.694167 0.0283201 1.6773e-06 3.22552e-07 0.0337993 0.00483698 0.0013114 1.99669e-06 8.30718e-05 0.0245731 0.00070231 0.000986902 3.85781e-09 0.0167854 0.00256948 0.0194412 0.124353 
0.000577743 0.00196618 8.23015e-06 0.0099715 0.0255161 0.397409 0.153035 4.30632e-05 0.000105366 1.30861e-08 0.0058609 0.00120428 2.73898e-06 0.000415787 0.0105403 2.47616e-09 0.138997 1.16263e-11 2.83941e-05 9.335e-11 0.252556 0.00176289 
0.00364411 0.0390236 0.000335929 0.0281215 0.0513486 0.309721 0.193527 0.00976307 0.000100683 0.00133824 0.0102709 0.000495975 0.00586087 0.0132188 0.010006 0.0018296 0.0584108 1.15477e-07 0.0116989 0.0110677 0.224487 0.0157295 
0.00604198 0.00885456 3.03468e-05 0.0140884 0.209844 0.55666 0.0165032 7.96597e-05 1.19173e-05 8.8309e-05 0.00074067 0.0240807 0.00948548 0.00729646 0.0214613 0.000200388 0.0978339 3.29581e-07 0.0076312 0.000219323 0.00686217 0.0119855 
0.0351964 0.0151203 0.000448637 0.210859 0.0652986 0.253689 0.0791821 1.9951e-05 2.02532e-05 0.000182089 0.0107086 0.000997733 0.000902644 0.00629133 0.0404654 0.00097337 0.0942293 1.46377e-10 0.00346912 0.00330882 0.103267 0.0753706 
0.00931786 0.0217586 0.00232278 0.0995617 0.0668321 0.227449 0.103863 0.0758494 3.99382e-05 0.00265706 0.00232313 0.00183997 0.000512228 0.172089 0.0476116 0.00119895 0.00336865 6.26033e-08 0.0344779 0.0141354 0.0285465 0.084245 
0.00589606 0.055178 6.49088e-05 0.0125483 0.178143 0.43571 0.00495568 0.0333273 8.92062e-09 2.56612e-05 0.0404483 0.00111711 3.70641e-08 0.0113663 0.0280239 1.04589e-08 0.00341764 6.35006e-09 0.000110228 0.000383793 0.188788 0.000495712 
0.00744882 0.0307957 0.00226132 0.00601265 0.00154851 0.694167 0.0283201 1.6773e-06 3.22552e-07 0.0337993 0.00483698 0.0013114 1.99669e-06 8.30718e-05 0.0245731 0.00070231 0.000986902 3.85781e-09 0.0167854 0.00256948 0.0194412 0.124353 
0.00348395 0.000586892 1.47423e-07 0.0152054 0.07208 0.435828 0.118248 6.61016e-07 2.72891e-07 0.00127553 0.0607812 0.000121952 4.60292e-06 0.000849804 0.0688757 0.000465037 0.00378261 3.7049e-07 0.000453901 0.0100711 0.185798 0.0220871 
0.00090275 0.00552552 0.000305265 0.000183716 0.0074594 0.869279 0.00175471 2.81378e-06 2.96901e-09 3.62031e-08 0.00806894 7.34661e-08 4.14884e-08 0.00253977 0.00653492 5.61524e-08 0.00762601 1.43953e-11 0.00072197 5.70422e-06 0.0871857 0.00190372 
0.000228909 0.000970891 1.17362e-05 0.00194177 0.0856165 0.464987 0.143442 0.00593969 3.08936e-07 7.30828e-09 0.064696 1.23849e-07 2.88743e-08 4.38716e-05 0.0323462 3.52783e-11 0.0102176 4.71965e-11 6.24782e-05 0.000166358 0.177771 0.0115584 
0.00757137 0.0832971 0.00100257 0.0214767 0.0167522 0.246163 0.0334384 0.0239589 2.88054e-05 0.000213382 0.0991353 0.00978925 0.0018827 0.140896 0.0573138 0.00197157 0.00533802 8.29476e-07 0.00181125 0.000784245 0.221717 0.0254567 
0.0102398 0.086471 0.0115623 0.0106772 0.10927 0.378384 0.0226046 0.0252225 4.82115e-05 5.22839e-05 0.0482055 0.00284919 0.000290537 0.0323965 0.0509204 0.000137687 0.00855173 8.66758e-07 0.0121464 0.000855521 0.154414 0.0346997 
0.00745917 0.0329525 0.000443438 0.032296 0.0365297 0.411928 0.0728683 0.00346444 5.96053e-05 0.0043154 0.018438 0.00108556 0.000517686 0.00596115 0.0169846 0.000526361 0.0433879 1.19449e-05 0.0139376 0.000438977 0.26887 0.0275236 
0.0165491 0.0198766 0.00148274 0.0432073 0.082139 0.306736 0.00500635 9.73452e-05 1.63777e-06 0.000306921 0.0189593 0.000828001 3.16479e-05 0.15072 0.00834985 0.000173957 0.0127165 7.64406e-10 0.0272523 0.000219082 0.146614 0.158732 
0.038952 0.0109891 0.00256813 0.0305703 0.0728799 0.302559 0.0878224 0.000878113 0.00366639 0.00174658 0.0840981 0.000513309 0.0012973 0.00978613 0.0462561 0.00290439 0.0198584 0.030026 0.0106293 0.00909539 0.189526 0.0433775 
0.00706024 0.0233274 0.000496396 0.0134437 0.0164658 0.426633 0.0505385 0.000827437 5.76656e-06 0.00085553 0.0286421 5.13253e-05 0.0014966 0.00563816 0.013196 0.000367779 0.0077354 1.27688e-08 0.0112093 0.000505604 0.366983 0.0245206 
0.0015474 0.00319684 9.61434e-05 0.00518542 0.0170577 0.64134 0.0339683 6.789e-06 2.34587e-07 4.16262e-06 0.0149264 0.000120043 1.05349e-05 0.00369381 0.00696609 0.000233501 0.0879115 9.21633e-09 0.00561613 0.000193963 0.16595 0.0119752 
0.111521 0.0484901 9.87489e-12 0.0100221 1.88218e-06 0.530824 4.59731e-06 4.10232e-05 2.74371e-08 0.000499096 0.0300345 1.13471e-11 0.00182826 0.139219 0.030005 1.02043e-07 0.0499299 2.48167e-11 0.00995902 2.32865e-07 7.35292e-06 0.0376136 
0.00521766 0.0147793 0.000831438 0.0120957 0.0316739 0.369082 0.0800462 0.000822333 4.41213e-06 0.00130201 0.0436401 0.00268876 0.000285475 0.00120835 0.0232881 0.000304406 0.0236685 0.000519067 0.0164056 0.00780949 0.311397 0.05293 
0.00431783 0.00580466 4.02604e-09 0.0817048 0.0313448 0.423686 0.0470928 1.11188e-05 6.22291e-06 4.35545e-05 0.00520243 0.00342865 3.05582e-05 0.0424057 0.00991463 0.0004475 0.0117707 3.21339e-12 0.0286054 0.00918433 0.125502 0.169496 
0.0161667 0.0430676 0.000129039 0.0067573 0.0757092 0.528304 0.0329233 0.00498252 3.82736e-06 0.00408072 0.0352447 9.63301e-05 0.00036395 0.00137025 0.0377215 1.62505e-05 0.0025274 9.7116e-11 0.00128215 8.19717e-05 0.152304 0.0568672 
0.0147174 0.0676382 0.00253662 0.00950684 0.162387 0.397798 0.00978504 0.0127435 8.20889e-06 1.08308e-05 0.0290488 0.00240273 0.00196528 0.00294766 0.0288037 0.000643476 0.0625129 7.17275e-05 0.00146954 0.0096732 0.153096 0.0302337 
0.0108667 0.00175803 0.000137543 0.00968801 0.0248189 0.692833 0.0259595 9.87841e-06 1.31436e-05 3.40691e-05 0.0528585 0.00947448 7.39778e-05 0.000320064 0.00246915 0.000310155 0.130862 1.15673e-09 0.00472023 0.00169912 0.0195387 0.0115557 
0.0466712 0.0425372 0.000177777 0.017573 0.168198 0.306764 0.0485913 0.00297316 4.98134e-05 0.0507123 0.0105206 0.00667992 0.0180678 0.0168481 0.0873261 0.000213182 0.0409268 0.00077004 0.0396481 0.00135647 0.0279313 0.065464 
0.0290872 0.00572752 0.000399838 0.0326717 0.0389693 0.417261 0.121251 4.11056e-06 4.66588e-06 0.00210226 0.166233 0.000160756 1.78469e-07 0.00153179 0.00724383 7.72705e-05 0.00609027 3.24506e-05 0.00155293 0.00696402 0.100167 0.0624668 
0.000112352 0.0167232 0.00892458 0.0785595 0.0126773 0.280821 0.00211432 0.116865 3.16294e-09 0.0138635 0.00714669 0.00194539 0.000128043 0.158037 0.114446 0.00862968 0.00131776 2.73944e-11 0.0106078 5.05679e-05 0.0884424 0.0785877 
1.91865e-07 1.24283e-07 0.000279059 0.247464 0.00108309 0.44744 0.0345887 1.74022e-07 8.79894e-07 1.10764e-05 0.100935 5.46209e-07 9.27534e-07 0.000102767 0.00270604 8.92925e-07 0.00490864 1.19459e-06 6.84203e-06 0.00020304 0.0958013 0.064465 
0.0110572 0.0235172 3.97019e-05 0.00935075 0.0285655 0.668506 0.0866836 0.00106055 2.94474e-07 7.16415e-05 0.0183861 0.00149937 0.0213326 0.0535205 0.0154264 0.000555878 0.0158285 4.78896e-07 0.00132231 0.00736915 0.0157342 0.0201722 
0.0302462 0.00458268 0.000718825 0.0678066 0.0632737 0.46685 0.0320453 0.000169529 7.33184e-06 0.000516775 0.0334205 2.26003e-05 2.8542e-05 0.00248526 0.00588319 1.82586e-05 0.238936 9.9508e-07 0.00888144 0.00253424 0.0271281 0.0144441 
0.00277313 0.00221556 0.000394984 0.212496 0.0131064 0.597146 0.0455096 0.000113737 0.000651517 0.00378451 0.00670442 0.000786811 1.35296e-05 0.00235662 0.00115895 0.000315308 0.0296652 7.32545e-10 0.00119191 0.000397101 0.0301635 0.0490558 
0.00163773 0.0128323 1.62933e-06 0.00994416 0.0063396 0.818035 0.000931552 4.08311e-06 1.1037e-06 3.46514e-06 0.00296779 0.00055162 0.0510196 0.0799765 0.00486417 3.57664e-06 0.00264032 1.2244e-07 5.79662e-05 8.19311e-05 0.00673567 0.0013702 
0.0108269 0.0096988 0.00773357 0.0706603 0.0226849 0.463531 0.0335087 0.00611915 3.28459e-05 0.00149792 0.0367138 0.00167262 0.000511498 0.0299953 0.119461 0.000565034 0.00828931 2.80474e-11 0.0245399 0.000570094 0.109292 0.0420954 
0.030243 0.0213374 3.81328e-05 0.111796 0.135117 0.179178 0.167993 4.35335e-06 5.75171e-06 0.0210297 0.00136958 0.00140654 6.21911e-05 0.0674977 0.00641139 0.000489499 0.0540031 1.12468e-08 0.0140572 0.00762399 0.109361 0.0709757 
0.0129618 0.0417871 0.000112118 0.014858 0.0406068 0.532998 0.0782808 0.00521595 5.05564e-06 0.000555272 0.0197335 0.000674297 0.00729326 0.00940871 0.0240263 0.000217888 0.0316508 5.29002e-07 0.00140029 0.000852872 0.152312 0.0250484 
0.00580309 0.0105866 0.00030534 0.00425663 0.0200276 0.36889 0.261111 2.81189e-06 5.83704e-06 0.000889497 0.0122812 3.41858e-05 4.45155e-07 0.000186649 0.0072668 7.69876e-05 0.00508739 1.14405e-07 0.00303146 0.0194802 0.230836 0.0498395 
0.00777628 0.0024344 0.000466165 0.106761 0.0051545 0.40143 0.0883173 3.36397e-06 1.63758e-05 0.00522098 0.0336349 6.82916e-05 0.000231593 0.004954 0.0244128 0.00102491 0.0242384 1.70671e-05 0.0405157 0.00039044 0.135387 0.117545 
0.0150083 0.00273022 7.17251e-05 0.00458581 0.0229371 0.793986 0.01706 0.00048662 5.56025e-05 3.10739e-05 0.0278474 0.000147881 0.000398452 0.00102128 0.0254808 6.33851e-05 0.00903152 1.114e-05 0.00212875 0.000596948 0.0721268 0.00419331 
0.0100459 0.0142158 0.001815 0.00515207 0.0643012 0.610611 0.0105676 2.98819e-05 3.90774e-07 1.39588e-07 0.019595 0.0365951 0.000377713 0.00442412 0.0639028 0.000456662 0.00590503 1.56169e-11 0.0340373 0.00221139 0.0903866 0.0253695 
0.0197549 0.0727978 0.00178598 0.0612634 0.0164055 0.32245 0.0974784 4.07068e-05 0.000862444 0.00265668 0.0608612 4.0617e-05 0.000125014 0.0179965 0.00883938 0.00166776 0.0772899 0.00423527 0.0179884 0.000523045 0.183376 0.0315606 
0.0310054 0.143892 0.000940148 0.0122415 0.0191609 0.312825 0.12821 0.0132952 2.1491e-05 2.17373e-05 0.166881 3.82399e-05 0.000137666 0.000171479 0.0201833 6.02813e-05 0.0239202 1.11729e-05 0.00467773 0.00409748 0.0941167 0.02409 
0.00744882 0.0307957 0.00226132 0.00601265 0.00154851 0.694167 0.0283201 1.6773e-06 3.22552e-07 0.0337993 0.00483698 0.0013114 1.99669e-06 8.30718e-05 0.0245731 0.00070231 0.000986902 3.85781e-09 0.0167854 0.00256948 0.0194412 0.124353 
0.0125001 0.020595 7.32544e-05 0.0174249 0.0182634 0.357143 0.0242226 3.65736e-06 0.000137623 3.42438e-07 0.157144 3.55351e-05 2.81016e-05 4.85007e-05 0.0528957 9.22606e-06 0.000339969 1.19345e-09 0.000442924 9.63028e-05 0.293139 0.0454569 
0.0352077 0.0184706 9.37119e-05 0.0149718 0.0700614 0.430105 0.093563 3.04205e-05 1.37693e-05 7.80531e-05 0.00359708 0.000787336 0.000627226 0.000683546 0.00822148 0.000275907 0.014057 6.25077e-05 0.017974 0.000431204 0.0870125 0.203675 
0.0362829 0.0812108 0.0004145 0.152489 0.0744775 0.159982 0.11469 0.000543112 4.08264e-05 0.00024387 0.077369 0.00328745 1.022e-05 0.00130228 0.00473049 0.000134997 0.143109 0.000559331 0.0281516 0.000152332 0.0397274 0.0810909 
0.00161027 0.00149809 0.000903842 0.00293559 0.0328222 0.868195 0.0017113 4.07011e-06 3.33592e-09 2.9465e-07 0.019369 0.000193711 0.0025903 0.0226728 0.0245421 1.68393e-08 0.00461292 2.92008e-11 0.000657034 9.8323e-06 0.0148241 0.000847069 
0.00493364 0.0201967 0.000534741 0.0253571 0.0615527 0.340031 0.0920346 4.24011e-05 0.000113187 0.00515625 0.0113422 0.00111315 1.21873e-05 0.0015308 0.010844 0.000187853 0.0685481 0.000549814 0.0765959 0.00015407 0.24893 0.0302399 
0.00351435 0.00957422 0.0019252 0.115009 0.0133712 0.44728 0.0183027 0.00141286 6.24374e-05 0.00362174 0.00828229 0.218492 0.00131144 0.0241335 0.0207207 0.000260086 0.0110889 7.79581e-07 0.0114092 0.00176265 0.048159 0.0403058 
0.0261926 0.102011 2.40395e-05 0.0541819 0.039324 0.216515 0.167909 0.000642321 1.28012e-06 0.000446327 0.00776408 0.000923018 2.61089e-05 0.065158 0.0258978 9.0941e-05 0.021693 1.08845e-07 0.0298983 0.00109444 0.136856 0.103351 
0.00744882 0.0307957 0.00226132 0.00601265 0.00154851 0.694167 0.0283201 1.6773e-06 3.22552e-07 0.0337993 0.00483698 0.0013114 1.99669e-06 8.30718e-05 0.0245731 0.00070231 0.000986902 3.85781e-09 0.0167854 0.00256948 0.0194412 0.124353 
0.000659959 0.00271408 0.000492405 0.0149717 0.0249335 0.440267 0.0337536 0.00645969 1.39515e-12 0.00156394 0.0128196 0.00157341 0.000200967 0.136625 0.281269 9.59209e-08 0.00305942 1.89412e-12 0.0047676 7.32092e-06 0.0231828 0.0106789 
0.00154628 0.00789871 0.000522532 0.0782904 0.0199316 0.639275 0.0594407 0.0122449 0.000167407 0.000887401 0.0132764 0.000803175 0.000435462 0.00790249 0.00767195 0.000238752 0.0151899 1.50004e-09 0.0564726 0.00131502 0.0483641 0.0281247 
0.00691883 0.00993862 0.00157959 0.0149188 0.00836671 0.626615 0.0556182 1.09473e-05 4.03287e-05 0.00114512 0.0400024 5.40969e-05 0.00015459 0.000645969 0.00539696 7.90251e-05 0.016007 1.15528e-07 0.00111307 0.000766615 0.200641 0.00998739 
0.0165491 0.0198766 0.00148274 0.0432073 0.082139 0.306736 0.00500635 9.73452e-05 1.63777e-06 0.000306921 0.0189593 0.000828001 3.16479e-05 0.15072 0.00834985 0.000173957 0.0127165 7.64406e-10 0.0272523 0.000219082 0.146614 0.158732 
0.000664164 0.0140251 0.000442865 0.190268 0.0678541 0.464753 0.0741758 0.000436715 8.53321e-05 0.00246522 0.00681074 0.000590392 0.000120069 0.033235 0.0388925 0.00668755 0.0209356 6.20035e-08 0.0119257 0.00199235 0.0293887 0.0342507 
0.0521444 0.00923753 0.000895361 0.0155498 0.0869919 0.566979 0.0315185 0.00815151 1.12603e-05 1.01905e-05 0.0608883 0.00163178 1.5246e-05 0.00088381 0.0505078 4.68994e-05 0.00997749 1.63184e-09 0.000551636 0.00109299 0.0634285 0.0394859 
0.00744882 0.0307957 0.00226132 0.00601265 0.00154851 0.694167 0.0283201 1.6773e-06 3.22552e-07 0.0337993 0.00483698 0.0013114 1.99669e-06 8.30718e-05 0.0245731 0.00070231 0.000986902 3.85781e-09 0.0167854 0.00256948 0.0194412 0.124353 
0.0229781 0.00732941 0.000106645 0.000124291 0.183102 0.538728 0.0122459 1.30133e-05 4.77558e-08 2.5869e-08 0.206342 2.98017e-05 0.000595794 1.44541e-05 0.00209262 6.41454e-07 0.000141371 5.34553e-07 2.51504e-06 8.6184e-05 0.0244101 0.00165641 
0.00744882 0.0307957 0.00226132 0.00601265 0.00154851 0.694167 0.0283201 1.6773e-06 3.22552e-07 0.0337993 0.00483698 0.0013114 1.99669e-06 8.30718e-05 0.0245731 0.00070231 0.000986902 3.85781e-09 0.0167854 0.00256948 0.0194412 0.124353 
0.00152209 0.0125242 0.000446312 0.0933743 0.101243 0.332254 0.0368758 0.0109802 2.98762e-05 0.0135079 0.167471 0.000836299 0.00309658 0.0172204 0.00687885 6.11595e-06 0.00543847 1.47114e-07 0.000608558 8.13453e-05 0.161067 0.0345384 
0.0119692 0.0658971 0.00211301 0.164189 0.0391377 0.216568 0.0804891 0.000108364 5.8064e-06 0.000248088 0.145947 0.00091529 0.000108028 0.0163171 0.0668806 0.00227455 0.00613528 0.0225009 0.0109411 0.00657283 0.0544159 0.0862658 
0.0154192 0.251356 0.00631805 0.0458112 0.04733 0.334592 0.0307937 0.00127719 1.19946e-05 0.000147993 0.0177469 0.073158 0.0014398 0.0071241 0.0336583 0.00110587 0.0222932 3.46021e-05 0.00169348 0.0125326 0.047644 0.048512 
0.00114942 0.078112 0.000274358 0.044691 0.0189873 0.576917 0.0315759 0.00958843 3.05978e-06 4.00895e-05 0.00179563 0.00255275 0.00159117 0.0178357 0.0211794 7.22659e-05 0.0239604 7.36004e-08 0.0370504 0.000234404 0.11212 0.020269 
0.0439903 0.0764281 2.37975e-09 0.00151989 0.0311431 0.368877 0.212269 8.52832e-06 6.20505e-07 6.97829e-05 0.0046863 2.84819e-13 7.40046e-09 0.000202843 0.00288473 1.28092e-05 0.0417541 6.22912e-13 0.00114009 6.25475e-05 0.211619 0.00333209 
0.0125016 0.0153363 0.000108248 0.0274513 0.0655359 0.40462 0.151027 0.00974799 2.95557e-06 9.90415e-06 0.0166121 0.000114748 0.00102108 0.00220433 0.0714894 0.000346834 0.0265688 0.00014853 0.000280844 0.00199586 0.185238 0.00763766 
0.0022366 0.0224323 0.00140556 0.0976531 0.0522745 0.432266 0.0334801 0.00323332 0.000134451 0.00149377 0.0107204 0.0554692 0.00170636 0.0166574 0.0216959 0.00292915 0.0284304 1.08633e-05 0.0155722 0.00128277 0.120273 0.0786434 
0.0073624 0.0406456 2.04439e-05 0.0521943 0.0193602 0.51518 0.0218676 0.0069488 4.8529e-06 4.47169e-08 0.0470167 0.000203667 0.000104584 0.113249 0.117924 3.20768e-05 0.00125435 6.11e-06 5.34207e-05 0.000534441 0.0502669 0.00577079 
0.0271147 0.0383752 0.00547106 0.00985238 0.0725447 0.609389 0.0199136 0.0125725 1.85314e-05 0.000743246 0.0140899 0.00177911 0.000339209 0.00573328 0.0139683 0.00022521 0.070486 4.05991e-05 0.0161305 0.00018841 0.0694283 0.0115965 
0.0100422 0.0243532 8.72895e-05 0.0623948 0.0951207 0.297935 0.121548 5.08008e-05 3.5489e-05 1.10869e-05 0.0316169 0.00223909 5.36276e-06 0.00398319 0.00552628 0.00112985 0.0667044 1.32554e-09 0.00984501 0.000378801 0.232427 0.0345664 
0.000661074 0.0210502 0.00192069 0.0230958 0.00725152 0.518678 0.0405609 0.00177465 2.87002e-06 0.000465238 0.0114428 0.000494989 0.007712 0.0141267 0.0204528 9.0099e-05 0.00736483 1.16504e-11 0.00734788 0.000309294 0.30234 0.0128574 
0.00731959 0.028436 0.000243744 0.0302339 0.0661624 0.441652 0.0605114 0.0301297 0.000354226 0.00016721 0.100143 0.00506461 0.000253943 0.0178794 0.0161801 0.000877637 0.00767636 0.000872401 0.025848 0.00367034 0.119466 0.0368585 
0.0031353 0.00333554 0.000573441 0.031967 0.00664365 0.843636 0.00701382 8.18398e-05 0.00016271 0.000484353 0.0493503 0.000380605 4.39996e-05 0.000933133 0.0149972 0.000507575 0.00012938 1.76828e-07 0.00961046 0.000540593 0.0201141 0.00635897 
0.00123672 0.0118697 0.00012726 0.0049642 0.0056553 0.826565 0.0434907 3.70473e-07 2.58589e-07 1.48165e-05 0.00450924 8.7617e-06 0.000109807 0.00107784 0.019328 4.48542e-06 0.0029427 4.9046e-08 0.00031783 5.21542e-05 0.0763912 0.00133367 
0.00404839 0.0890165 3.74184e-05 0.129137 0.0347628 0.457844 0.0525849 0.000301484 5.94191e-06 0.0124532 0.0179403 0.00137043 0.0140491 0.0221692 0.0718307 1.1885e-05 0.00432218 4.17501e-08 0.0197293 0.000710117 0.0364517 0.0312234 
0.00189129 8.67825e-06 8.67244e-07 0.00298429 0.00260874 0.494668 0.0260674 2.58003e-07 2.80862e-06 1.15394e-06 3.21983e-06 0.00243496 0.000472717 0.000452746 0.017213 9.8022e-10 0.0801289 1.31137e-09 1.1488e-06 1.24719e-06 0.349425 0.0216338 
0.00603479 0.00385604 0.000324045 0.0570198 0.0149043 0.623469 0.0753643 7.23639e-05 1.02029e-06 0.000133011 0.0508224 0.00552912 2.82555e-06 0.0025693 0.0032458 0.000389498 0.0912416 1.23793e-11 0.00191768 0.00283607 0.0389221 0.0213451 
0.00563875 0.0491255 0.00253342 0.0016286 0.0310459 0.449424 0.00146602 0.0764122 1.29512e-11 4.7631e-05 0.0748414 3.92122e-05 0.0008382 0.00637305 0.0622231 1.10095e-05 0.00768045 1.75831e-11 0.0208248 2.85374e-06 0.156964 0.0528796 
0.000423364 0.0186477 0.000128917 0.0451263 0.00572568 0.346056 0.0110325 0.225868 2.33719e-05 0.000980337 0.0100665 1.34233e-05 1.02678e-05 0.201309 0.116272 2.90527e-05 0.00232664 1.46791e-08 6.21523e-05 0.000832956 0.0130278 0.00203857 
0.00501295 0.0581241 3.56015e-05 0.0258534 0.033535 0.647489 0.0539144 0.0662063 1.89475e-05 0.000772911 0.00329023 0.00212829 0.00187104 0.0130692 0.0683884 7.36538e-06 0.00474653 2.17686e-08 0.00560283 0.000417955 0.00663439 0.00288084 
0.00498999 0.0359589 0.00173482 0.162193 0.0164591 0.39176 0.0376429 0.00013636 0.000274771 0.00379744 0.0216479 0.00320726 8.74712e-05 0.0169594 0.0232264 0.000188632 0.0258935 2.44103e-06 0.0355448 0.00159445 0.152736 0.0639651 
0.0184463 0.0175475 0.00195901 0.088113 0.0709268 0.327732 0.158516 0.00511041 5.40904e-05 0.0143982 0.0252945 0.00122979 0.000100883 0.00208215 0.0295242 9.30798e-06 0.0160111 8.37804e-09 0.00628117 0.000751159 0.149125 0.0667884 
0.000721116 0.0166694 0.000326743 0.0773953 0.00730626 0.602926 0.0362276 6.0285e-05 9.17759e-06 2.95849e-09 0.00171174 0.000515464 1.1069e-05 0.00118246 0.00250473 2.95397e-05 0.00567573 1.3198e-07 0.0581205 0.000703201 0.171966 0.015937 
0.0082943 0.0194016 2.44406e-05 0.0337445 0.0223626 0.361623 0.0944859 8.68101e-06 2.84446e-06 0.000128167 0.00294281 0.00105576 0.00107701 0.014042 0.00780205 0.000259387 0.0241637 1.88037e-11 0.0201752 0.00812698 0.269794 0.110484 
0.0152273 0.0242718 7.47714e-05 0.0538979 0.035468 0.509796 0.0902089 0.00835847 0.000109918 0.000540062 0.0275828 0.000688708 1.6186e-05 0.00264607 0.00977776 0.000107113 0.0532038 5.70093e-08 0.00404703 0.00580531 0.131232 0.0269392 
0.0147032 0.0300602 0.000454968 0.0129359 0.0313254 0.375925 0.0950751 0.000499708 1.52121e-05 0.000510631 0.00234686 0.00441485 1.34062e-05 0.00337633 0.0106183 0.000224782 0.15454 1.06115e-05 0.00733779 0.000543558 0.226261 0.0288068 
0.0048 0.0110348 0.000401644 0.0177924 0.0174043 0.745699 0.0755845 6.89488e-05 1.44579e-05 0.000287197 0.0446663 7.41552e-05 7.21571e-05 0.00127242 0.0103878 3.41725e-05 0.00772102 7.75592e-09 0.00467715 0.000234488 0.0510723 0.00670124 
0.0227984 0.20407 0.000128773 0.00935179 0.0750011 0.472694 0.0361136 0.000108273 1.89355e-05 0.000307527 0.00548932 0.00795242 0.000128777 0.00265666 0.0225222 0.00168264 0.0652854 0.00251779 0.00935447 0.00018818 0.043147 0.0184828 
0.0168453 0.0191881 0.00309393 0.0307879 0.107104 0.526662 0.0380023 0.00556581 4.07144e-05 0.000219409 0.0236069 0.0022742 0.000759009 0.0173677 0.0309144 0.000188454 0.0286396 9.83734e-06 0.012327 0.00126044 0.108958 0.026185 
0.015855 0.0408555 0.00172479 0.0177978 0.049108 0.54149 0.0765512 7.85437e-06 7.07056e-05 0.00342277 0.0145845 0.000800371 0.000128579 0.000985873 0.00262863 0.000251989 0.071278 7.97783e-06 0.0129538 0.00132178 0.124393 0.0237821 
0.00882808 0.0045573 0.000154543 0.276693 0.0287175 0.317971 0.0358136 0.00141898 0.00208108 0.0848713 0.0117355 0.00230848 6.5905e-05 0.0236721 0.0618045 0.00124163 0.0104915 5.06679e-06 0.00486936 0.00011723 0.0842063 0.038376 
0.00630135 0.0124564 0.000703821 0.0024785 0.0701166 0.441245 0.130934 0.0142642 3.69852e-09 0.000409014 0.098932 0.000568004 0.00703356 0.0302632 0.0744467 0.000230184 0.00620656 9.88697e-07 0.00774647 0.000597279 0.0574716 0.0375948 
0.0237154 0.00962146 0.000658578 0.0779033 0.0254072 0.443982 0.0853974 0.00111747 9.47648e-05 0.00072664 0.0122295 0.00120002 0.000543245 0.0505489 0.105495 1.44181e-05 0.0123196 0.000666217 0.0212473 0.00778432 0.101288 0.0180394 
0.0495213 0.0691751 0.00286971 0.0226508 0.0789679 0.384877 0.0430283 0.000577309 4.34799e-05 0.000993318 0.0441443 0.00114577 5.64433e-05 0.00297307 0.0714579 0.000416904 0.0255028 7.48277e-08 0.00536781 0.000742137 0.146726 0.0487623 
0.00744882 0.0307957 0.00226132 0.00601265 0.00154851 0.694167 0.0283201 1.6773e-06 3.22552e-07 0.0337993 0.00483698 0.0013114 1.99669e-06 8.30718e-05 0.0245731 0.00070231 0.000986902 3.85781e-09 0.0167854 0.00256948 0.0194412 0.124353 
0.00178916 7.89229e-08 0.00172331 0.107039 0.00413203 0.757946 0.0691936 2.82395e-08 2.13941e-07 9.79462e-07 0.0186226 0.00121355 2.89215e-09 0.00124549 0.00158299 0.000474005 0.0116447 1.06394e-12 0.000967222 0.00312078 3.74353e-07 0.0193041 
0.0253423 0.047519 0.00136589 0.0345969 0.0230576 0.473634 0.00947287 0.00320787 3.29567e-06 3.74494e-05 0.00991096 0.0177505 0.00389166 0.0177635 0.0090513 2.16944e-05 0.0712435 1.63396e-07 0.0181578 7.03406e-05 0.182431 0.0514701 
0.0327364 0.0279468 0.00015431 0.117382 0.0091464 0.307671 0.243687 0.000973255 0.000123461 0.000660616 0.0132165 0.00017047 0.000691064 0.0024297 0.0124193 7.64431e-05 0.00118581 5.19219e-08 2.372e-05 0.00382537 0.118854 0.106627 
0.000143942 0.00326558 0.000691213 0.150141 0.00236785 0.592305 0.103828 0.000190616 6.09104e-05 0.00142827 0.0019027 0.000136949 2.75647e-05 0.00236057 0.000361501 0.000237158 0.0250168 1.17964e-12 0.044516 0.000635584 0.0460247 0.0243574 
0.000192264 0.066264 0.000694073 0.0154699 0.0341282 0.508463 0.0728465 6.0116e-08 4.95554e-08 0.000218937 0.063389 0.00090956 1.6936e-06 0.00287947 0.0817784 0.000158915 0.0214833 2.01669e-10 0.0179223 0.000841902 0.0946349 0.017723 
0.000953571 0.0510586 0.000143117 0.0213522 0.042992 0.411569 0.150166 0.0206319 8.82019e-05 0.00121879 0.0030358 0.000743254 0.00537419 0.0120474 0.0068775 4.34557e-05 0.120294 3.41058e-09 0.00891092 0.000144027 0.13608 0.00627591 
0.00218744 0.0391766 0.000214395 0.253376 0.0252698 0.304455 0.0871755 0.130651 6.93281e-05 0.000392548 0.0045804 0.000723493 8.79111e-05 0.0730013 0.00785821 0.000259679 0.00413774 2.97163e-05 0.0135961 0.000204761 0.0248066 0.0277464 
0.00744882 0.0307957 0.00226132 0.00601265 0.00154851 0.694167 0.0283201 1.6773e-06 3.22552e-07 0.0337993 0.00483698 0.0013114 1.99669e-06 8.30718e-05 0.0245731 0.00070231 0.000986902 3.85781e-09 0.0167854 0.00256948 0.0194412 0.124353 
0.000584029 0.0111805 0.000751118 0.266877 0.0123228 0.618959 0.0132144 4.59177e-05 0.00019899 0.00099299 0.0289478 2.91561e-05 0.000181534 0.000175445 0.0289852 4.90398e-05 0.000519642 4.57873e-09 0.000934416 8.06436e-05 0.00854944 0.00642046 
0.00181903 0.0137235 0.000231787 0.0992527 0.0183291 0.670178 0.0141015 0.00179633 4.5278e-05 0.00115631 0.00229512 0.00232958 0.00116965 0.123548 0.0244894 7.76356e-05 0.00265884 9.13181e-08 0.000525315 6.78631e-05 0.00854836 0.0136568 
0.00763921 0.023111 0.00033752 0.0320397 0.0632988 0.538389 0.012325 0.0155769 0.000211934 0.0028971 0.0217395 0.0719521 0.0062219 0.0132741 0.037191 0.00047905 0.0416992 8.43668e-05 0.00855072 0.00548175 0.0559193 0.0415812 
0.000953571 0.0510586 0.000143117 0.0213522 0.042992 0.411569 0.150166 0.0206319 8.82019e-05 0.00121879 0.0030358 0.000743254 0.00537419 0.0120474 0.0068775 4.34557e-05 0.120294 3.41058e-09 0.00891092 0.000144027 0.13608 0.00627591 
0.00840739 0.0431087 4.74246e-06 0.00708258 0.0606793 0.526736 0.0171179 0.000196574 2.90972e-08 0.00012934 0.00584318 0.00228355 0.00834718 0.00949814 0.0474052 5.98314e-05 0.139506 1.95589e-08 0.00233159 6.69643e-05 0.118252 0.00294339 
0.00319777 0.13818 1.35021e-05 0.00287313 0.0134657 0.275503 0.0554517 0.0035281 3.41674e-09 0.0050207 0.00476595 2.17414e-07 1.26081e-06 0.0154759 0.0185944 0.00146183 0.0616484 2.68665e-12 0.0245394 0.000327133 0.132935 0.243017 
0.000658656 0.14006 0.000809171 0.0289629 0.023415 0.520818 0.0106417 0.0326539 5.56048e-05 0.0391864 0.00441598 0.00128087 0.0015895 0.0229865 0.042703 0.00493227 0.0211077 5.26477e-09 0.0407933 0.000108165 0.0307521 0.0320695 
0.0161426 0.0679685 0.00677578 0.0719125 0.0352729 0.112812 0.0970667 0.00320101 0.0524202 0.0287345 0.00436224 0.111927 0.0125502 0.0138063 0.0787558 0.000146897 0.0737539 0.00886932 0.00565019 0.0201844 0.0660352 0.111652 
0.0529887 0.0590043 0.00269819 0.0939965 0.059668 0.304729 0.0576121 0.00577168 2.83669e-05 0.0100836 0.000628829 0.00418386 0.00612401 0.0148972 0.0904402 0.00010687 0.0546983 2.5931e-07 0.00095451 0.000256467 0.0512592 0.12987 
0.00293083 0.00575311 0.000292327 0.139129 0.00831629 0.494516 0.148198 5.24758e-05 3.72612e-05 0.00205098 0.0098976 0.00350618 8.68741e-07 0.00240872 0.00128361 0.000384228 0.0752251 3.33109e-08 0.00296508 0.00681583 0.03107 0.0651655 
0.00253252 0.0208531 0.0037297 0.162275 0.010079 0.268493 0.131043 0.00532838 0.00797409 0.0635178 0.00758055 0.000467642 0.000102252 0.0052217 0.0091852 0.000578355 0.0336723 2.91933e-08 0.0241468 0.0053085 0.206778 0.0311343 
0.0203001 0.0329095 0.000107014 0.0532172 0.199261 0.26178 0.180422 1.40546e-05 4.26562e-06 0.000685075 0.0277082 0.00125449 1.04596e-05 0.0288068 0.0485073 0.000523926 0.0287894 8.72375e-06 0.00242111 0.00034543 0.0983185 0.0146051 
0.000993828 0.00989827 4.90287e-05 0.184453 0.011142 0.357024 0.00878705 0.0283233 7.01719e-05 0.000929581 0.0350953 4.06406e-05 0.000500389 0.0626275 0.225734 6.83389e-07 0.0168958 1.65248e-09 0.000109813 0.00101995 0.0546384 0.00166823 
0.00629437 0.0143416 8.50365e-05 0.0141475 0.0592335 0.60802 0.0292187 0.00133034 2.82375e-05 9.6523e-06 0.018099 0.000293205 0.00801452 0.00866136 0.0477516 4.0576e-05 0.0903753 2.06418e-06 0.0032314 0.000215962 0.0806565 0.00994961 
0.00253252 0.0208531 0.0037297 0.162275 0.010079 0.268493 0.131043 0.00532838 0.00797409 0.0635178 0.00758055 0.000467642 0.000102252 0.0052217 0.0091852 0.000578355 0.0336723 2.91933e-08 0.0241468 0.0053085 0.206778 0.0311343 
0.00168898 0.00938326 0.000105655 0.00274563 0.0317591 0.793001 0.00309773 0.00889417 1.97359e-05 0.00902399 0.00829995 0.00012345 0.000305006 0.00310773 0.0256155 3.80874e-05 0.0021792 2.98529e-08 0.000837702 2.34228e-05 0.0945989 0.00515138 
0.0117674 0.0185139 0.000243012 0.02579 0.0381897 0.745496 0.00581741 0.000132203 8.92104e-06 2.98284e-05 0.0101129 0.00486325 0.0011149 0.00544315 0.00665571 7.63775e-05 0.0295848 2.52719e-05 0.0129816 0.000148934 0.073734 0.00927096 
0.00543019 0.0246885 0.00116202 0.0332375 0.0308465 0.36949 0.0957303 0.00107389 2.03018e-06 0.000860272 0.0507592 0.000299645 0.00466354 0.0140004 0.0696858 5.4738e-05 0.0160059 3.09826e-07 0.00444199 0.000305493 0.234919 0.0423435 
0.00504056 0.0726682 0.00679061 0.0299157 0.0566737 0.364151 0.0474849 0.0011179 1.43194e-05 0.00276417 0.215439 0.00276599 0.00103043 0.00575836 0.0158748 0.000779961 0.00752408 0.000701827 0.0086988 0.00193161 0.10294 0.0499345 
0.00715582 0.0022218 0.0199555 0.0929121 0.105496 0.240754 0.0729444 0.0219964 7.44348e-06 8.65379e-05 0.0653464 0.000106812 0.000171145 0.00916731 0.044149 0.000631961 0.000770923 0.0022836 0.0147436 0.000839939 0.213501 0.084759 
0.00019653 0.000546548 0.000113007 0.0504107 0.00382852 0.448124 0.179985 0.0109196 3.02485e-05 0.00255375 0.0274469 2.81177e-05 1.35959e-05 0.00170727 0.000804816 5.05226e-05 0.00459244 6.93211e-08 0.0044951 0.00253599 0.20037 0.0612469 
0.00744882 0.0307957 0.00226132 0.00601265 0.00154851 0.694167 0.0283201 1.6773e-06 3.22552e-07 0.0337993 0.00483698 0.0013114 1.99669e-06 8.30718e-05 0.0245731 0.00070231 0.000986902 3.85781e-09 0.0167854 0.00256948 0.0194412 0.124353 
0.00113035 0.0730897 0.000214145 0.0275251 0.0421644 0.366045 0.120133 0.0171102 8.03972e-05 0.000975046 0.00716679 0.000666185 0.00436776 0.0136731 0.00974857 0.000130216 0.124986 2.887e-09 0.0217767 0.000155107 0.159815 0.00904763 
0.00709795 0.0237456 0.00788966 0.0740611 0.018718 0.48961 0.04749 0.0116325 5.03277e-05 0.0159483 0.0093954 0.000813715 0.00120427 0.011496 0.0121983 0.00022648 0.0216942 1.95997e-07 0.0718199 0.000547951 0.126622 0.0477378 
0.006541 0.0132747 3.37376e-05 0.000449606 0.0205863 0.715642 0.0525769 7.51966e-06 3.21992e-09 1.35235e-08 0.139669 6.51441e-09 7.56481e-05 0.000265683 0.0341658 1.63155e-08 0.0036551 7.52984e-12 9.12088e-06 1.01407e-08 0.0118956 0.00115215 
0.00064583 0.000165388 4.04684e-07 0.0128543 0.00141917 0.356782 0.254764 1.83324e-08 1.18477e-05 0.0012752 0.0123399 1.34006e-05 9.70888e-09 9.80662e-09 0.00583943 0.000133614 0.000422387 1.26044e-10 0.000206388 0.0620656 0.239555 0.0515063 
0.00298577 0.00227168 3.39226e-05 0.0465247 0.0291901 0.747687 0.0415078 3.80968e-05 7.49572e-05 0.000644635 0.00376737 0.000151687 2.37747e-05 0.000928768 0.00146074 5.09155e-05 0.0719837 1.21127e-05 0.00079741 0.000137313 0.0395797 0.0101475 
0.00744882 0.0307957 0.00226132 0.00601265 0.00154851 0.694167 0.0283201 1.6773e-06 3.22552e-07 0.0337993 0.00483698 0.0013114 1.99669e-06 8.30718e-05 0.0245731 0.00070231 0.000986902 3.85781e-09 0.0167854 0.00256948 0.0194412 0.124353 
0.00436866 0.00202238 0.00163542 0.0561544 0.023155 0.508427 0.0942862 0.0265377 4.47232e-05 0.00107544 0.0289474 0.000959169 0.000230456 0.0100615 0.0187978 0.000185611 0.0116542 8.52502e-10 0.00700809 0.000757834 0.171092 0.0325989 
0.00284094 0.00752922 0.0780691 0.0690387 0.0109871 0.654557 0.0286377 0.00450554 1.89524e-05 0.00663738 0.00792364 0.0011615 5.55627e-05 0.00840934 0.0151018 0.0002109 0.00263582 2.32476e-08 0.00633716 0.00877131 0.0288691 0.0577018 
0.026491 0.0807876 0.000389983 0.0642177 0.055031 0.180678 0.0550486 0.0452351 3.88377e-05 0.000688537 0.0468866 0.00170247 0.00344945 0.0783267 0.135119 0.00171485 0.0095409 3.24379e-10 0.00177872 0.00581202 0.0641555 0.142907 
0.00390031 0.0269255 0.000715304 0.101238 0.0422951 0.526493 0.0147738 0.00966014 2.96657e-06 0.000357955 0.0761216 0.00385864 0.0119927 0.0237839 0.0527955 0.000161211 0.0108646 2.87632e-05 0.0246264 0.000842467 0.0417605 0.026802 
0.00447693 0.00512937 0.0329593 0.00398676 0.0952448 0.754157 0.00311682 0.000104867 5.55679e-12 1.28029e-05 0.0190313 0.000522734 4.87148e-07 0.00415336 0.0520987 0.000113057 0.000954935 9.58683e-08 7.48255e-05 0.00177672 0.0166294 0.0054559 
0.00181812 0.00173642 3.74001e-07 0.274656 0.0198267 0.430895 0.0879206 0.00800348 0.0104519 9.99688e-07 0.0142317 1.18848e-05 6.25107e-08 0.00050879 0.0118347 4.47316e-10 0.0073024 5.98434e-10 0.000377536 0.000106763 0.119808 0.0105089 
0.00444939 0.00534711 0.000148382 0.00453396 0.021454 0.723087 0.0142247 5.61905e-06 7.74095e-07 2.35627e-06 0.0283 0.000570494 3.18636e-05 0.00073477 0.00704369 6.57203e-05 0.0597059 7.84418e-09 0.00271888 0.000205668 0.124434 0.0029351 
0.00704255 0.0520357 0.00810459 0.0364128 0.0788614 0.300202 0.0609311 0.00532188 0.000160738 0.00393036 0.1152 0.00584314 0.00273047 0.0315397 0.0226612 0.00121646 0.0290942 1.1024e-05 0.0114085 0.000822053 0.162994 0.0634761 
0.0168837 0.244689 0.000357132 0.00813405 0.0214267 0.393003 0.0244906 0.0295261 1.14124e-06 3.25272e-05 0.0250188 3.85666e-05 0.00161243 0.0149308 0.0592142 0.000184345 0.0276174 5.3862e-09 0.0010453 0.00579021 0.085642 0.040362 
0.0014749 0.00191049 0.0002254 0.0425539 0.00140423 0.887471 0.00326221 5.38332e-05 0.000260154 0.00205358 0.0220373 2.74765e-05 2.47624e-06 7.19106e-05 0.00188459 6.13631e-05 0.00592419 3.49994e-12 0.000604234 3.997e-05 0.0241087 0.00456839 
0.00175606 0.00366675 0.00369986 0.0365748 0.00981228 0.83585 0.000992935 0.000137633 0.000109219 0.00123929 0.0105896 0.000702245 1.95419e-05 0.00735144 0.0237258 8.09121e-05 0.0010733 2.23525e-09 0.0183841 0.000138915 0.036098 0.00799739 
0.000143942 0.00326558 0.000691213 0.150141 0.00236785 0.592305 0.103828 0.000190616 6.09104e-05 0.00142827 0.0019027 0.000136949 2.75647e-05 0.00236057 0.000361501 0.000237158 0.0250168 1.17964e-12 0.044516 0.000635584 0.0460247 0.0243574 
0.00468923 0.00800222 0.000411485 0.0237604 0.0332904 0.424877 0.0903797 2.72754e-05 1.5041e-05 0.000445953 0.0148938 0.000674461 4.58008e-06 0.00171534 0.00556163 5.00012e-05 0.191339 8.32584e-06 0.000427989 0.000346198 0.191049 0.00803104 
0.000490809 0.0359298 0.000113309 0.014637 0.0171422 0.560745 0.00604871 0.00322857 5.27604e-05 0.00169435 0.00479521 0.00159497 0.00101225 0.0125086 0.0138747 8.26134e-05 0.141129 1.09381e-05 0.00363495 0.000319942 0.175954 0.00500136 
0.0116855 0.0104154 0.00160274 0.157416 0.0766365 0.273472 0.0749456 5.3984e-05 2.30813e-05 0.00100527 0.0833874 0.00447468 0.000137511 0.00478363 0.0105789 0.000408248 0.0413077 1.29259e-06 0.0173943 0.00429677 0.140313 0.0856605 
0.00134232 0.159691 1.13392e-05 0.00187142 0.035519 0.640776 0.000503116 0.000352244 1.49823e-06 0.000104508 0.0001137 0.000510241 0.0130534 0.00257289 0.121656 3.94959e-10 1.09445e-05 5.2839e-10 0.0207074 2.60617e-06 6.0183e-07 0.00119985 
0.00466367 0.00376648 0.0216801 0.0874097 0.0140062 0.422365 0.0416288 0.000219977 4.99059e-05 0.000784794 0.007568 0.17625 7.37378e-05 0.00638433 0.00548043 0.000269605 0.0350457 3.64852e-05 0.0047591 0.0021662 0.126417 0.0389749 
