0.054358 0.052997 0.00126624 0.00654336 0.0491161 0.0078864 0.390295 6.41657e-08 7.06693e-10 0.000188171 0.014234 9.6617e-06 6.74295e-06 0.00038931 0.0122189 0.012313 0.00400229 4.70083e-08 0.00675091 0.0020415 0.0235589 0.361825 
0.103933 0.0324084 0.000331018 0.0167311 0.00465406 0.0143409 0.697519 2.15708e-05 6.63707e-05 0.000425793 0.0010069 0.000628756 2.6757e-06 0.000682744 0.00151031 1.00002e-05 0.052284 1.1477e-11 0.00187461 3.97531e-05 0.0617488 0.00977997 
0.000171406 0.000536497 1.35701e-08 0.044531 0.00242992 0.310873 0.459574 8.16265e-07 2.51194e-08 0.00666032 0.00176854 3.06919e-06 0.0987488 0.0014296 6.9931e-05 1.13912e-06 2.84158e-05 3.41033e-08 0.000363653 0.000266243 0.0654321 0.00711164 
0.0384668 0.0621127 0.000434075 0.041513 0.0499777 0.131155 0.32917 6.60019e-05 0.000177968 0.000437039 0.0132909 0.000772631 8.32075e-06 0.000792314 0.00275945 0.000262634 0.0550012 3.93073e-05 0.0348908 0.0013453 0.16692 0.070406 
0.00104071 0.0106684 0.000775929 0.0188949 0.00162898 0.0758787 0.649298 3.99433e-06 4.25369e-09 7.74177e-05 0.000186862 7.01148e-11 1.56885e-05 0.00123811 0.000303326 2.04351e-06 0.00517919 2.43889e-12 8.70341e-05 3.07934e-05 0.227204 0.00748508 
0.000265136 0.000722422 0.000511351 0.112516 0.00406655 0.22198 0.235939 2.61214e-07 6.91966e-07 0.00128914 0.0424898 0.000617932 4.17323e-07 0.0131988 0.0386779 9.12484e-05 0.0108564 1.94357e-11 0.00467668 0.0260061 0.169623 0.116471 
0.000588093 0.00223071 0.00199864 0.0928268 0.00340467 0.238464 0.376089 2.79152e-05 5.1835e-05 0.00478666 0.00153732 0.000310374 5.39632e-06 0.00113562 0.001341 7.66719e-05 0.00777902 1.06015e-07 0.0176704 0.00128737 0.212788 0.0356 
0.00394352 0.0923491 0.00697602 0.0863386 0.0181189 0.118425 0.39676 6.64383e-05 3.81223e-05 0.00179579 0.0127006 0.000389706 0.000105211 0.0135142 0.0111191 0.000310739 0.0291606 2.42925e-05 0.00382532 0.000711701 0.173911 0.0294147 
0.0150302 0.133595 0.0238224 0.020576 0.012313 0.00855721 0.710395 0.000126996 3.75435e-08 0.00189251 0.00409558 3.72033e-06 0.000111851 0.00365374 0.00499393 3.80352e-05 0.0163703 1.06246e-09 0.000560589 0.000361951 0.0134877 0.030015 
0.00703085 0.00135246 0.000562747 0.0348886 0.0661706 0.0834225 0.490043 5.5427e-06 1.58566e-06 0.0107765 0.0918017 0.000226116 5.25556e-05 0.000245247 0.000657687 7.0892e-05 0.00307895 6.7612e-08 0.0207091 0.00062726 0.156826 0.0314498 
0.0533353 0.155799 8.33012e-05 0.00886291 0.032406 0.072731 0.296457 3.84148e-06 2.732e-08 6.25024e-05 0.0542608 0.000369843 0.000517057 0.0118765 0.0434499 0.00057114 0.0276819 7.58485e-11 0.000395384 0.0499601 0.109809 0.0813672 
0.0272439 0.0308271 0.00265677 0.139656 0.0184766 0.0747148 0.241595 0.000473644 0.023457 0.00988508 0.0372775 0.00771319 0.000682327 0.0283117 0.0312867 0.000796043 0.0571459 4.20266e-06 0.020034 0.0440962 0.120012 0.0836536 
0.00178073 0.0067481 1.36228e-09 0.0653933 0.022227 0.0458169 0.593786 9.18163e-07 1.13007e-06 0.00758417 0.0469181 4.77718e-09 6.79205e-08 0.000317616 0.00724065 0.000752757 0.000632646 3.42356e-09 0.00126278 0.0146675 0.109011 0.0758587 
0.0366492 0.0214538 0.000210479 0.0263164 0.0670305 0.012609 0.604082 4.41745e-05 2.93598e-06 1.61592e-05 0.00492157 0.00012441 1.2697e-05 0.000518539 0.00554346 0.000737766 0.00065146 1.4634e-10 0.0533291 4.20197e-05 0.0388272 0.126878 
0.0181593 0.0888613 0.000289829 0.00662688 0.109567 0.0682694 0.263094 2.30201e-05 2.19057e-06 3.61372e-06 0.244853 0.00165823 5.15769e-05 0.000672659 0.0143155 0.00852819 0.00177225 0.00961568 0.00743762 0.00010097 0.102008 0.0540894 
0.0578375 0.0848196 0.00539458 0.0157736 0.0664758 0.0544244 0.219337 0.000101744 9.97918e-06 0.0103619 0.0381285 0.000672962 3.40619e-05 0.00142309 0.00612906 0.050268 0.112225 4.19666e-09 0.0349468 0.0178383 0.0968266 0.126971 
0.0332814 0.00435891 0.000312373 0.302003 0.00351886 0.0716761 0.357869 1.87009e-05 0.000880987 0.00271909 0.0115759 0.000346341 0.000214843 0.0014024 0.0056152 0.00657888 0.0040124 3.80267e-05 0.0363514 0.00979713 0.0523305 0.0950979 
0.0195372 0.0740447 0.000278511 0.0750362 0.0254568 0.0452952 0.471182 0.000241797 8.15233e-07 0.000609546 0.0233737 0.000843561 6.57446e-07 0.00224501 0.00568503 0.00282786 0.0114622 6.35484e-09 0.0283185 0.000717466 0.0807472 0.132097 
1.73642e-07 0.00844014 0.00524162 0.0516149 0.0408995 0.253207 0.314579 1.73647e-07 0.000433766 1.73548e-07 0.104749 0.00105875 1.73423e-07 0.0219607 0.022573 1.73433e-07 0.0057132 1.73343e-07 0.0052275 0.00300296 0.131338 0.0299606 
0.0856872 0.035387 3.20774e-08 0.0010069 0.0429129 0.0449915 0.64507 1.01224e-06 1.16552e-08 2.8424e-05 0.0477261 4.63732e-05 6.65343e-05 6.63454e-06 0.0109311 0.000114867 0.00253844 2.15718e-11 3.71515e-06 0.000103853 0.0592969 0.0240807 
0.017984 0.0491745 0.00377761 0.0488071 0.0620875 0.0495878 0.246588 0.000134418 1.18616e-05 0.000129344 0.0414482 0.00123538 0.00015345 0.0113503 0.0194973 0.00807969 0.0178988 4.7179e-06 0.0147262 0.0436978 0.246564 0.117062 
2.86033e-07 1.85282e-07 7.0864e-07 0.0775761 1.44706e-07 0.00303457 0.889086 2.59433e-07 1.31175e-06 0.00249031 2.19532e-07 0.00244369 1.38277e-06 0.00691562 3.08993e-07 1.33118e-06 2.53418e-07 1.78089e-06 1.66171e-07 6.37794e-07 0.00138286 0.0170617 
0.000252104 0.00446941 0.000177314 0.0160918 0.0165104 0.0149176 0.244096 1.30393e-05 1.81277e-05 0.0380537 0.0114294 2.07664e-05 2.2755e-06 0.105729 0.233077 0.000161519 0.00437167 4.83412e-05 0.00706509 0.000736297 0.14243 0.16033 
9.0923e-06 0.00612588 9.0819e-05 0.000713093 0.0521524 0.0223051 0.361719 1.74119e-07 1.42877e-08 3.64565e-07 0.264401 0.000694865 4.19668e-05 4.37533e-05 0.0225364 5.32364e-06 0.00315545 2.85593e-07 0.0275621 3.43468e-06 0.230499 0.00794038 
0.0250601 0.00274645 7.63602e-05 0.0623956 0.0111293 0.0701289 0.605773 8.5897e-07 2.05092e-06 0.000631471 0.0303811 0.000248812 4.37978e-05 0.000395276 0.0361228 0.00013453 0.00459955 0.000171735 0.00508292 0.00286764 0.0578497 0.0841581 
0.00660304 0.0488856 0.00083608 0.0813201 0.0417093 0.119113 0.526927 2.72313e-05 4.5997e-07 0.00292673 0.00226554 0.00132771 0.000303411 0.0012198 0.00192825 3.34451e-05 0.0114566 8.54501e-11 0.0316613 0.00243205 0.0506668 0.0683566 
0.0629977 0.101466 0.000375622 0.0194386 0.0682701 0.219193 0.252573 0.00446268 0.000163959 0.000374617 0.0252165 0.00147201 0.000322609 0.00280557 0.00828023 0.000404763 0.0235919 4.56527e-08 0.01102 0.000396734 0.15816 0.0390148 
0.0103053 0.00812874 0.00333989 0.0559457 0.00182401 0.0365713 0.748758 2.70248e-06 1.89101e-06 0.000406742 0.00641187 9.87522e-05 0.000138724 0.000819384 0.00306315 4.46866e-05 0.00407878 1.57067e-08 0.00112018 2.50662e-05 0.0686441 0.0502716 
0.00645979 0.0529321 4.70745e-05 0.00972567 0.0490342 0.17129 0.310597 1.95254e-05 1.50827e-06 0.000500556 0.0155784 0.00185474 0.000220499 0.0191318 0.0296984 0.000170442 0.0387829 6.21232e-08 0.0364663 6.96205e-05 0.174752 0.0826683 
0.00277332 0.000429981 4.51363e-06 0.0236079 0.0861189 2.14559e-05 0.27373 2.98191e-08 5.1814e-09 1.69674e-05 0.201206 1.60553e-06 1.18229e-05 0.000662572 0.204962 4.91982e-06 2.80597e-06 1.50132e-06 4.43296e-07 0.00145464 0.174844 0.0301462 
0.0808916 0.00627781 3.47409e-10 0.049817 0.000440001 0.00501226 0.499055 1.27186e-10 6.4308e-10 2.23565e-07 0.00253006 0.0019574 0.00022891 0.00350792 5.43001e-07 1.63516e-05 0.0102457 8.73076e-10 0.00425299 0.0573863 0.0183558 0.260024 
0.010277 0.052783 0.000129334 0.101237 0.0430111 0.141983 0.299505 0.000217599 3.26542e-07 0.000398232 0.0963373 4.23859e-05 0.000231262 0.0269701 0.0615126 0.000225753 0.0105201 3.03643e-09 0.000681017 0.000361699 0.05311 0.100467 
0.0426122 0.0992475 5.57988e-06 0.0269993 0.0730697 0.125125 0.164289 0.000395819 1.42938e-05 0.00076209 0.00873419 0.000555667 2.07486e-05 0.0743316 0.115718 0.0011293 0.12662 1.1313e-11 0.00707092 0.000172942 0.104154 0.0289726 
0.0260145 0.00546857 0.00100484 0.0505665 0.117453 0.07501 0.451954 0.0318735 3.27793e-06 5.88872e-05 0.0426265 0.00106357 9.17213e-05 0.0144837 0.0481138 0.000222681 0.00252578 1.20894e-05 0.0107812 0.000425271 0.0672871 0.0529594 
5.7954e-05 0.00274354 3.25167e-05 0.00309173 0.0222384 0.0446379 0.456248 7.95047e-08 6.45267e-07 0.00466206 0.11149 0.000284194 2.04717e-05 0.000391162 0.0128049 0.000222133 0.00621106 1.30612e-07 0.0188827 0.00434363 0.2529 0.0587361 
0.00406841 0.257346 2.72331e-05 0.00855562 0.0440604 0.0460556 0.41177 8.13938e-05 3.13452e-05 0.00123699 0.010941 6.52308e-05 1.67877e-05 0.00219415 0.0401831 2.30805e-05 0.0352715 5.05085e-11 0.000435227 0.000232993 0.131833 0.00557038 
0.0567186 0.149057 3.1901e-06 0.017954 0.0274558 0.126332 0.220987 4.73736e-05 4.27823e-05 0.000180625 0.11989 2.24653e-06 9.97773e-08 0.00691513 0.0616532 0.00027117 0.00895178 4.44889e-07 5.44424e-05 0.00315266 0.151654 0.0486758 
0.122864 0.0654088 0.000332892 0.00646739 0.0562041 0.00344561 0.364193 0.000200151 1.66489e-05 0.027461 0.0560467 0.000865515 4.65978e-06 0.00859921 0.0208258 0.0008813 0.0206014 3.30597e-09 0.0132234 0.0100136 0.134471 0.0878731 
0.0565479 0.124696 0.0050091 0.0733527 0.0380416 0.154643 0.279843 0.0042578 1.8855e-05 0.00955034 0.0158069 0.000353511 0.000128059 0.00101359 0.0083594 0.000251968 0.0268895 0.000173058 0.0155994 0.00161607 0.154318 0.0295306 
0.000304615 0.00289567 0.00320276 0.255843 0.0170497 0.286818 0.308509 4.05339e-05 4.73908e-06 0.00372527 0.00640354 4.83491e-05 9.57381e-06 0.00998939 0.000594445 0.000167736 0.00286982 2.86556e-07 0.0042698 0.00304548 0.0404098 0.0537982 
0.00716023 0.0113953 0.000392479 0.015019 0.0503353 0.0599471 0.526884 6.75561e-09 1.85937e-08 0.00513544 0.00570256 2.0239e-07 2.4117e-06 0.0168756 0.0236014 2.90548e-05 0.0172976 1.11798e-11 0.000795061 0.0121328 0.166348 0.0809468 
0.000433634 0.0110003 1.93335e-07 0.00228023 0.00184317 0.0972906 0.464742 1.07618e-05 1.93751e-06 0.00290794 0.00412008 1.08063e-05 4.87171e-05 0.0219101 0.00279783 0.000417556 0.030896 2.20836e-10 0.033044 0.00508931 0.190849 0.130306 
0.216492 0.0988016 6.5087e-05 0.0170224 0.0175732 0.0187435 0.397643 7.00609e-05 5.31038e-06 0.00379063 0.00231144 0.000140827 0.000433095 0.00395518 0.0055615 0.000340882 0.0555117 1.84594e-11 0.0341448 0.00184254 0.0748803 0.0506709 
0.0103305 0.0302429 5.1036e-08 0.00793834 0.018306 0.14896 0.377327 3.6055e-07 3.52875e-08 6.16491e-05 0.030102 5.04085e-05 1.42136e-06 0.00491764 0.00271059 0.00718084 0.016938 2.8334e-10 0.000780948 0.00198384 0.328126 0.0140412 
0.0178006 0.0572514 0.000242666 0.00122252 0.0252035 0.0122744 0.476068 2.90173e-06 2.32987e-07 0.000435267 0.1425 5.82885e-05 0.00128669 0.000256897 0.133194 0.000159898 0.00610146 1.49214e-07 0.00197613 0.0146679 0.0591665 0.0501309 
0.20961 0.129192 7.63503e-05 0.0135036 0.162382 0.0400213 0.254926 5.34969e-05 5.21404e-06 0.00115303 0.0655368 0.000537974 2.86578e-05 0.00319557 0.0103825 0.000300506 0.00784519 1.25647e-07 0.00383692 0.0024295 0.0493584 0.0456248 
0.0308018 0.0258614 0.000151357 0.0089285 0.0440155 0.0320985 0.450965 7.26121e-07 3.11434e-06 3.61738e-08 0.12655 5.36684e-06 2.69411e-06 0.000113491 0.0152681 0.00262763 0.0176718 3.4304e-11 0.0548374 0.0035735 0.0960596 0.0904648 
0.071008 0.177115 0.00017204 0.0035522 0.123549 0.0237247 0.266662 0.000825906 7.28982e-07 0.00114425 0.0826455 0.000449561 0.00125106 0.00274559 0.0285295 0.00115972 0.0397745 4.03846e-08 0.00114885 0.00174472 0.125461 0.0473352 
0.281515 0.0149641 4.12213e-06 0.000143762 0.0548487 0.00203821 0.568802 7.60629e-06 4.40099e-08 0.000173025 0.00127372 0.00010412 1.41164e-06 7.40664e-05 0.00149924 4.63123e-05 0.0459009 6.36442e-11 8.12332e-07 1.79056e-08 0.0188556 0.00974698 
0.0287189 0.062437 2.9392e-05 0.0102691 0.0100741 0.0774415 0.631284 1.88496e-05 6.42193e-07 0.000137884 0.00539759 7.08481e-07 0.00493113 0.00771505 0.0436343 0.000237465 0.0285538 9.48103e-10 0.00123848 0.00158343 0.0461434 0.0401537 
0.015028 0.000560929 8.43e-13 0.059323 0.00559391 0.0263244 0.754242 6.50305e-05 4.30718e-05 7.88888e-05 2.61156e-13 9.20344e-09 3.55801e-06 0.00123648 1.11012e-08 0.00108496 0.0370394 2.11855e-12 0.000126042 7.05687e-09 0.0992504 1.00761e-07 
0.0125162 0.00995232 0.00107283 0.236505 0.0126675 0.116878 0.284406 0.000177572 0.000268053 0.0104085 0.0148867 0.000122695 2.98626e-05 0.00548268 0.01312 0.000625942 0.0434937 1.75013e-07 0.0216773 0.0252929 0.107616 0.0827989 
0.0750284 0.0125051 0.000140596 0.0514879 0.0079027 0.0166083 0.699346 4.75668e-06 1.21876e-06 3.54397e-05 0.000791887 0.000192579 1.16668e-06 0.00264681 0.00131852 1.49037e-05 0.0622721 2.12207e-07 0.00196645 6.44729e-05 0.0157639 0.0519065 
0.00179778 0.00943255 0.00206141 0.0778904 0.00747907 0.123925 0.456907 4.25233e-05 0.000158374 0.00302836 0.00261867 0.00094087 0.000564145 0.0011114 0.00295633 4.71556e-05 0.0289694 1.50701e-08 0.000994836 0.00288175 0.260901 0.015291 
0.0435807 0.10086 0.000118307 0.00193934 0.0700418 0.0663906 0.299213 6.21447e-05 3.39647e-06 8.02077e-07 0.189308 1.32548e-05 6.81113e-07 0.000410443 0.00806189 3.17536e-05 0.0318735 4.89796e-08 0.0357151 0.00498274 0.131089 0.0163035 
0.209616 0.0384323 1.76345e-05 0.00500081 0.0292686 0.035487 0.473144 1.50181e-05 1.31113e-08 0.00323783 0.0750388 5.27795e-05 8.18301e-06 0.000169359 0.00795515 0.00012304 0.00502812 2.98044e-11 7.96011e-05 0.00249824 0.0377215 0.0771062 
0.0358725 0.00454328 0.000394734 0.0826816 0.019514 0.157911 0.251015 5.94194e-06 1.22552e-05 1.09128e-05 0.0564531 0.00394098 6.71438e-07 0.00130717 0.0423078 0.000575279 0.0156712 6.23968e-08 0.00365432 0.0295668 0.076392 0.218169 
0.00648621 0.117466 6.79276e-05 0.00915671 0.0302904 0.106726 0.332348 2.30883e-06 5.40138e-06 0.00116384 0.0333587 0.00125494 1.59653e-06 0.000885075 0.0226457 0.000435099 0.0103512 0.000267923 0.0334858 0.0126951 0.245762 0.035144 
0.235807 0.00718518 6.178e-06 0.0156255 0.00595424 0.0159951 0.4179 4.24604e-05 1.66938e-05 0.0005451 0.00142995 0.000114843 0.000640931 0.00112782 0.0014419 0.00281913 0.0677815 1.46621e-10 0.00864445 0.00304686 0.0658015 0.148074 
0.00133363 0.032106 6.85455e-05 0.00355662 0.0059248 0.0135093 0.799426 1.04467e-05 1.77625e-07 0.000162201 0.00576914 0.000132957 1.43346e-06 0.00213398 5.13103e-05 1.99705e-05 0.00290866 7.42133e-10 0.00702831 6.7966e-05 0.0347968 0.0909919 
0.0209439 0.00237729 1.72152e-07 0.0485266 0.0657013 0.07971 0.285122 0.00158478 0.00053347 0.000499385 1.72248e-07 1.7213e-07 0.000309804 0.00421893 0.00520153 0.00595233 0.0092323 1.71939e-07 0.00682159 1.72165e-07 0.266041 0.197223 
0.00249305 0.253318 2.37408e-05 0.000928624 0.0234954 0.0291642 0.470267 3.18066e-06 3.66166e-07 9.44308e-05 0.00147744 4.20784e-05 0.000171112 0.000244178 0.00145793 1.50686e-05 0.0435435 2.10806e-10 0.00296361 0.000227975 0.105578 0.0644914 
0.15672 0.00769119 0.0106442 0.0956971 0.0617158 0.066293 0.292845 1.42077e-05 4.00826e-06 2.78682e-07 0.0678074 2.90577e-06 4.73446e-08 0.0061701 0.0374704 2.99032e-05 0.0107974 2.67489e-09 0.00030641 0.000133561 0.127482 0.0581761 
0.00686773 0.0422934 0.000135896 0.00443005 0.004567 0.0637434 0.445915 6.25179e-06 7.78999e-07 0.0021995 0.0141136 1.0921e-05 0.000550598 0.000368859 0.000970223 0.000121506 0.00174493 8.27374e-11 0.0260374 0.000192272 0.306179 0.0795522 
0.0565283 0.072238 1.31094e-07 0.0263224 0.063395 0.0484978 0.424094 1.55099e-08 0.000146125 7.90496e-05 0.000463737 6.96805e-07 8.26672e-08 0.000300782 0.00316601 0.000133573 0.0208082 1.68256e-08 0.013517 0.018643 0.051227 0.200439 
0.162399 0.0796085 7.00588e-05 0.0206956 0.076888 0.0239868 0.398636 0.0017009 4.05124e-06 0.000343308 0.00874924 0.00652315 0.00462451 0.00734588 0.0366629 7.87096e-05 0.0819499 8.97244e-11 0.00581137 0.000438556 0.0393118 0.044172 
0.0453231 0.038011 0.00143655 0.0161261 0.0253531 0.05278 0.326411 1.61245e-05 5.41614e-06 0.00147755 0.0710249 4.53637e-05 0.00308988 0.0101717 0.0268332 0.000397627 0.0123073 4.89866e-06 0.0163992 0.0663656 0.236062 0.0503588 
0.027497 0.0216957 0.00525572 0.0947718 0.0920477 0.100775 0.189023 0.00804238 1.01044e-05 0.000133894 0.0502687 0.00189942 0.0166665 0.0221439 0.0894201 0.0128498 0.00421223 0.000317371 0.0248025 0.00135217 0.114662 0.122153 
0.0192912 0.0649304 1.81163e-09 0.0406374 0.170389 0.132994 0.285075 6.63234e-10 6.4957e-07 0.000146883 0.0099225 5.19476e-06 0.00815215 0.000111357 0.0385795 1.11426e-05 0.229549 4.55281e-09 4.88102e-05 1.63051e-09 1.40609e-05 0.00014245 
0.234315 0.00697171 0.00103781 0.0184581 0.0402351 0.0380862 0.429381 6.22245e-06 7.4017e-08 0.000269428 0.0793352 6.34651e-08 3.65844e-07 2.22129e-08 0.0321363 8.74222e-08 0.00563647 1.48883e-07 0.000322884 0.00350483 0.069742 0.0405614 
0.014608 0.022826 0.00154795 0.0463637 0.0566871 0.140185 0.413749 1.94839e-06 3.24118e-09 0.0049903 0.0780458 0.000305299 0.0233218 0.00189304 0.0244538 0.000216341 0.00125787 4.40038e-09 0.00063796 0.0544081 0.0540964 0.0604052 
0.0187408 0.0863342 6.54076e-05 0.0598677 0.0909261 0.0336559 0.334591 2.4341e-06 7.74414e-06 0.000142684 0.0153114 0.00131125 2.85568e-06 0.000581964 0.0288642 9.62336e-05 0.0246189 3.54437e-09 0.000173737 0.00243903 0.238643 0.0636243 
0.0600254 0.0667164 0.00109198 0.0271282 0.104975 0.11934 0.226963 0.000924641 6.77013e-05 0.000825457 0.0346163 0.00109118 0.00251258 0.00669015 0.0274568 0.00157683 0.0695604 0.00106033 0.0175761 0.0041119 0.148195 0.0774947 
0.0190456 0.00950904 0.0395683 0.07586 0.0116099 0.00018158 0.828033 3.02562e-09 1.52982e-08 0.00011734 2.56029e-09 9.49662e-09 1.61265e-08 2.27961e-05 0.00421141 1.55248e-08 2.95547e-09 4.05995e-06 1.42979e-06 6.71385e-06 0.0118277 1.30587e-06 
0.0171693 0.14276 0.0121078 0.147636 0.00806496 0.0553009 0.264011 0.000404502 0.000105441 0.021817 0.0146173 0.000206835 0.000114066 0.00559276 0.00699415 0.00104534 0.0257446 5.74016e-09 0.0215043 0.024796 0.147998 0.082009 
0.00023784 0.00407216 0.00193276 0.0267362 0.000945283 0.0714334 0.707545 5.70525e-05 0.000186005 0.0020669 0.000324399 0.000387853 7.49588e-07 0.000589456 0.000114222 2.54117e-05 0.0633132 3.99076e-10 0.00183669 0.00336677 0.0969534 0.0178748 
0.0421785 0.00178506 1.57481e-07 0.163501 0.151388 0.0914982 0.267414 1.61864e-06 9.30322e-07 0.000105941 0.0135172 0.0122661 3.82028e-06 0.000993392 0.00315145 1.90968e-06 0.00171204 3.02197e-07 0.00440884 9.22945e-05 0.0989171 0.147061 
0.0347839 0.00616205 0.000405166 0.0837186 0.101754 0.0847627 0.383773 3.00457e-05 6.17444e-08 0.000238954 0.012625 0.000472498 2.18044e-05 0.0216713 0.0118109 0.00196112 0.00239756 4.76368e-06 0.0126336 0.000226083 0.0374962 0.203051 
0.26779 0.0395061 0.00498295 0.00776925 0.00840203 0.0022016 0.509738 0.0150165 1.30332e-05 0.000171811 0.00251947 0.000281855 8.87073e-06 1.31567e-07 0.00134141 0.000285353 0.096334 9.24384e-11 4.5181e-05 0.00617265 0.0188871 0.0185324 
0.0190684 0.091472 5.336e-05 0.00056323 0.0150819 0.00122565 0.739537 0.00461858 6.15096e-06 6.57707e-05 0.00143302 0.000924738 0.0039658 0.00273958 0.00806761 0.000454348 0.00100353 8.35083e-06 0.000242209 0.00136613 0.0207155 0.0873873 
0.0389039 0.0090146 0.000103253 0.0981967 0.00768964 0.0542479 0.505539 0.00026902 0.000516226 0.0481457 0.00727564 0.000778843 1.25306e-05 0.00199403 0.0434233 0.00035894 0.00865581 6.92038e-09 0.00175169 0.00246088 0.153078 0.017585 
0.0304209 0.0833364 1.4994e-05 0.000479643 0.101247 0.183915 0.266523 2.75422e-05 1.47808e-06 0.000115562 0.0665848 1.37458e-05 0.000295115 0.00031332 0.00743019 0.000183306 0.00297953 5.18937e-12 0.0249484 0.00300209 0.0990688 0.1291 
0.0131974 0.0189576 0.00021367 0.0349625 0.00453886 0.105403 0.37964 2.22785e-05 0.000915386 0.002908 0.0272099 0.000111288 0.0001843 0.00167388 0.00481152 0.000504462 0.0165985 2.21105e-10 0.00777372 0.0242865 0.134447 0.22164 
0.132866 0.0539396 0.000106206 0.011822 0.0598941 0.0279607 0.380567 1.38173e-05 7.41912e-07 0.00644266 0.0117245 3.39912e-05 0.00234804 0.00036658 0.00383281 0.000267954 0.0262873 2.18296e-09 0.030094 0.00114081 0.161414 0.0888762 
0.099469 0.0656129 0.00012648 0.0297009 0.0574716 0.0894457 0.169348 7.32125e-06 1.78123e-05 0.00134356 0.0113428 0.00176058 0.00050804 0.00350556 0.0105225 0.000406057 0.0410013 6.61614e-10 0.103612 0.00825766 0.167054 0.139487 
0.00181696 0.000732363 5.63112e-05 0.0679811 0.00533435 0.238321 0.409838 3.52303e-06 9.18212e-07 0.00228566 0.00430006 0.000293752 6.88085e-06 0.0068889 0.0130163 0.000138342 0.00403567 1.24701e-07 0.00238816 0.00525525 0.135402 0.101905 
0.000444734 0.00325973 0.000169323 0.0346504 0.0204549 0.116726 0.645111 1.50974e-07 1.25749e-05 0.00723931 0.0409725 1.00408e-06 0.00239771 0.00268185 0.00928243 7.49371e-06 0.00451028 2.01427e-08 0.00466903 0.00079864 0.0840839 0.0225271 
0.017801 0.00502621 3.08482e-06 8.94282e-05 0.000443231 0.00613207 0.93067 9.5917e-06 2.7104e-05 3.28406e-06 0.000184842 9.58274e-05 1.87411e-05 9.10815e-06 0.012641 0.000106554 0.000202564 7.75249e-06 1.21199e-05 2.77642e-06 0.0264479 6.61334e-05 
0.0124977 0.0980634 0.00015928 0.00344255 0.225863 0.0936838 0.235577 1.70967e-05 2.13465e-06 9.70783e-05 0.0239139 0.00315616 3.3817e-05 0.00111932 0.0120074 0.000359261 0.0609441 0.000909597 0.02389 0.00266715 0.163642 0.0379534 
0.0301066 0.0824741 0.000104141 0.0118814 0.0574372 0.0639409 0.26788 4.75885e-06 2.02397e-06 1.40192e-05 0.0140707 0.00187999 7.58616e-05 0.000792166 0.00477054 0.000264623 0.191467 1.14932e-08 0.00140681 0.0268127 0.167031 0.0775842 
0.0435845 0.111396 2.97085e-05 0.0129728 0.0375957 0.0691806 0.221622 2.25735e-05 2.77714e-05 0.000186307 0.000373552 0.000811853 2.34681e-06 0.000662243 0.0143603 0.0120598 0.121439 3.13818e-11 0.101002 0.000192556 0.0769219 0.175556 
0.0352321 0.0171061 0.000473753 0.0332315 0.0167947 0.0739759 0.385079 9.58875e-08 2.30452e-10 0.000735431 0.00902892 9.48161e-05 7.47254e-05 0.0736773 0.00766457 0.214791 0.00131851 1.2258e-07 0.00419893 0.00162852 0.0803737 0.0445203 
0.000194772 0.00203222 0.000476835 0.0163905 0.000258904 0.0184397 0.927038 8.57147e-06 2.31533e-08 3.6243e-05 0.000171937 1.2655e-05 9.51413e-06 0.00306057 0.000430676 0.000152204 0.000333203 2.56938e-08 8.42696e-06 8.0962e-05 0.0027284 0.0281355 
0.0203115 0.229367 0.000542601 0.0193864 0.0133771 0.0184782 0.431226 2.31668e-05 2.13976e-06 0.00107774 0.0121701 3.051e-05 2.73657e-05 0.000702384 0.00445156 7.70435e-05 0.00128517 5.4992e-11 0.00107916 0.000142901 0.227332 0.0189097 
0.0167938 0.0333812 0.000174822 0.00868423 0.0896737 0.0488483 0.327858 2.36411e-05 1.65183e-06 0.000423765 0.0868121 0.0026298 5.41765e-05 0.00624058 0.014027 0.000181716 0.004557 0.000497023 0.0247904 0.000967352 0.279903 0.053476 
0.00440832 0.000191232 2.44207e-10 0.218871 0.0110682 0.0353727 0.569365 7.75348e-08 1.32398e-07 7.12488e-08 7.56537e-11 2.17534e-07 8.12382e-08 0.000564738 0.00220077 1.49495e-06 0.00694748 6.13718e-10 0.000196844 1.83526e-06 0.0805194 0.0702904 
0.126588 0.0439602 0.000155679 0.124343 0.0698951 0.072209 0.257146 3.6393e-05 2.54323e-05 0.017628 0.055025 0.00163536 2.43462e-05 0.012282 0.0167978 0.000223466 0.0406284 0.000274203 0.00201772 0.0034669 0.0648182 0.0908199 
0.0441986 0.0225204 0.00088606 0.084461 0.158094 0.10856 0.266877 6.24139e-06 8.13391e-06 3.63903e-05 0.0219318 0.00923775 6.89233e-05 0.00118691 0.0619856 0.000215148 0.124295 3.2368e-07 0.0108863 4.57885e-05 0.035389 0.0491089 
0.105394 0.0473821 0.000204487 0.0160423 0.141484 0.103457 0.164748 1.76474e-05 4.75534e-06 0.000453274 0.0577253 0.000760536 2.36275e-05 0.0025974 0.0261846 0.00133931 0.0112926 8.67202e-06 0.0644339 0.0292343 0.0758567 0.151356 
0.000619438 0.00416939 0.00553406 0.184625 0.0197301 0.140543 0.328486 8.81349e-05 1.33373e-05 0.00580786 0.00632575 0.0203626 6.37306e-06 0.000709722 0.000602364 2.90989e-05 0.0419091 9.01581e-08 0.00122329 0.002095 0.131268 0.105852 
0.0152847 0.0399124 0.000312678 0.0191107 0.0396059 0.028845 0.53704 2.77296e-05 5.72606e-07 0.0428926 0.0138047 0.000291028 0.00143528 0.0428422 0.0400169 0.000270296 0.0115667 1.01963e-09 0.00984112 0.00500496 0.042883 0.109011 
0.0400661 0.0648638 0.00425344 0.0271125 0.123848 0.0718047 0.266726 7.49491e-05 2.38595e-05 0.000495283 0.0463855 0.00212931 0.00146618 0.00406531 0.0193316 0.00229798 0.0200667 3.0096e-05 0.02778 0.00410864 0.209623 0.0634473 
0.0708321 0.0496518 6.22298e-05 0.032669 0.155777 0.0606351 0.212285 4.81749e-05 1.1704e-07 0.000567041 0.0490765 0.0143875 0.000131379 0.00200949 0.0238134 0.0057038 0.0867842 3.1595e-09 0.00737322 0.000943864 0.126792 0.100457 
0.0312176 0.0427121 0.0019994 0.0178278 0.0504878 0.116155 0.253593 0.0171351 0.000200656 0.00173682 0.0857116 0.000743937 0.000634303 0.000339866 0.000746059 8.77425e-05 0.0619596 1.06855e-11 0.0473961 0.0185888 0.198009 0.0527185 
0.0291232 0.0125843 7.84293e-06 0.0119465 0.0256548 0.195943 0.58301 3.5967e-05 5.74356e-05 0.000149144 0.00799451 4.08612e-05 5.66933e-06 1.24345e-05 0.00140468 0.000755263 0.0162175 5.10164e-08 0.000207906 0.000730971 0.0896439 0.0244739 
0.00138038 0.00121002 5.22045e-06 0.00421748 0.186145 0.0513198 0.263063 6.51101e-07 1.283e-09 1.2755e-06 0.210035 0.000438235 6.55804e-05 7.23872e-05 0.104917 1.69409e-06 0.000832809 1.74187e-09 0.00768468 2.52984e-05 0.145105 0.0234804 
0.00666054 0.00351488 3.43666e-09 0.00574837 0.0388059 0.00197499 0.756056 4.3837e-11 0.000104747 2.22512e-07 0.0745227 1.37593e-10 2.3365e-10 3.25157e-08 0.00097817 9.91563e-05 0.00442221 3.00922e-10 0.000156816 1.90393e-06 0.0788364 0.0281172 
0.0105028 0.178211 4.3434e-07 2.44259e-05 0.0748186 0.0443535 0.501986 4.89085e-07 4.29133e-08 1.15952e-07 0.0846499 1.39267e-05 2.8407e-05 4.92578e-05 0.0112249 3.34481e-07 0.000593856 2.65844e-09 4.25121e-05 0.00063487 0.0902126 0.00265239 
0.112379 0.0960914 1.8221e-09 0.00542547 0.0157047 0.00883579 0.49713 0.000226327 0.00014545 0.0643209 0.000299265 1.17274e-05 3.29808e-06 0.000990994 0.000289351 7.92689e-05 0.0913584 1.02642e-12 0.0186042 0.0001132 0.0639353 0.0240554 
0.0275628 0.0318895 0.00140142 0.0167465 0.0537701 0.252504 0.262272 1.12338e-05 2.3485e-05 0.00442721 0.0361195 7.96464e-09 5.38821e-06 0.000519798 0.00774652 4.9052e-05 0.0010572 2.39435e-11 0.000727647 0.000631318 0.246177 0.056359 
0.0331799 0.00563943 3.43204e-08 0.0531847 0.0473631 0.0444495 0.611167 6.25936e-05 2.98556e-08 4.40154e-12 0.0087231 1.28754e-07 9.41293e-05 0.000285146 0.0155182 1.40584e-07 0.0220926 1.03905e-11 0.00104471 3.80676e-07 0.0690859 0.0881091 
0.00257422 0.0227077 1.06185e-09 0.236575 0.00627889 0.0710988 0.355622 3.00848e-07 6.70273e-08 7.41816e-07 0.0733107 2.93584e-07 0.00010616 0.0166821 0.025086 3.75466e-08 0.0017424 1.20297e-06 0.000319791 0.003458 0.156381 0.0280548 
0.00133363 0.032106 6.85455e-05 0.00355662 0.0059248 0.0135093 0.799426 1.04467e-05 1.77625e-07 0.000162201 0.00576914 0.000132957 1.43346e-06 0.00213398 5.13103e-05 1.99705e-05 0.00290866 7.42133e-10 0.00702831 6.7966e-05 0.0347968 0.0909919 
0.0116408 0.0117579 4.08922e-06 0.000353441 0.0259752 0.00728356 0.350124 3.31601e-09 2.48165e-08 0.000937156 0.00650298 1.50365e-05 3.01238e-05 5.79533e-07 0.0109242 5.88528e-05 0.000757107 3.2937e-10 0.0868213 2.20294e-08 0.263265 0.223549 
1.4215e-07 0.0021203 5.18789e-07 0.0511435 0.00184442 0.206268 0.384065 6.03501e-07 0.000227394 0.00426713 0.00254904 0.000626429 8.99635e-06 7.85144e-05 0.0118005 0.00116341 0.000140842 6.34355e-10 0.00835075 0.0286402 0.151704 0.145 
0.0198396 0.114732 0.000364974 0.13277 0.034069 0.0679687 0.219616 0.0278681 0.000114714 0.0157563 0.0087528 0.000611624 3.57855e-05 0.0539603 0.0241274 0.000399581 0.0728596 1.8111e-07 0.0134794 0.00269377 0.0616502 0.128329 
0.00160415 0.00298648 0.00322818 0.0116749 0.0107747 0.0572347 0.49234 1.86914e-06 2.84399e-08 0.000137055 0.00556946 1.77896e-06 0.00405559 0.000217377 0.000598512 0.000295899 0.0134143 4.32749e-11 0.00364552 0.000795588 0.373364 0.0180594 
0.0119036 0.00311615 0.000377032 0.0657146 0.012949 0.162753 0.379652 4.37849e-05 3.36901e-05 0.00151634 0.0788037 0.00032103 4.42444e-06 0.00685247 0.0108079 0.00031473 0.0384387 1.11264e-11 0.000200459 0.000739501 0.201679 0.0237788 
0.00195042 0.000298205 0.000967752 0.0444865 0.00039765 0.034619 0.696681 1.49374e-05 3.16927e-06 0.00159001 0.00378166 3.13719e-05 1.14649e-06 0.000335933 0.000146446 0.000151177 0.0418375 6.035e-08 0.000265527 0.00031402 0.165517 0.00661 
0.00539247 2.86044e-07 2.41504e-07 0.0976608 0.00273972 0.0653459 0.435001 2.36112e-06 8.49349e-09 0.000822604 0.0948545 2.38205e-08 9.04585e-11 1.68696e-07 0.0244092 3.49067e-05 0.00046758 1.16503e-10 0.000189832 0.000736897 0.0709767 0.201365 
0.0294208 0.0394132 0.00180578 0.0184308 0.00695281 0.0256992 0.645431 0.00353984 3.30113e-06 0.00131563 0.00369335 5.99729e-05 2.98923e-05 0.000416685 0.0029223 0.000214893 0.000978953 0.000989337 0.00656949 0.0309041 0.138455 0.0427531 
0.0229143 0.0935915 0.00590003 0.0212258 0.0319974 0.0497926 0.344987 3.0027e-05 0.000102459 0.000664311 0.0865691 0.000158336 0.000207217 0.00111833 0.0213112 0.00120416 0.0127051 2.79632e-07 0.0141761 0.00514695 0.2404 0.0457972 
0.26076 0.286732 4.32981e-10 0.000322881 0.000254046 0.00858523 0.293803 1.58514e-10 3.14093e-08 0.000203243 0.000179852 4.97533e-10 0.0125268 1.09454e-07 0.00462496 1.75385e-08 0.00512243 1.08813e-09 3.16652e-07 0.00178096 0.122963 0.00214073 
6.02248e-08 0.00100302 6.84428e-13 5.34095e-09 0.0427469 0.0424614 0.590819 5.515e-10 1.26819e-09 1.75608e-08 0.0360151 0.000112768 2.42245e-05 0.00043101 0.0328994 9.01272e-10 0.00814224 2.64903e-08 0.0106386 5.17502e-09 0.234045 0.000661363 
0.0512127 0.120754 0.00199194 0.0471187 0.0905527 0.0769562 0.182908 0.00798358 0.000106388 6.73532e-05 0.0213835 0.00230305 0.0133431 0.00651828 0.0728965 0.0167655 0.0347781 0.00222145 0.01638 0.00258348 0.148056 0.0831193 
0.10859 0.000249524 2.07742e-05 0.0395812 0.0108445 0.0041271 0.463487 4.34639e-06 6.8354e-08 2.32234e-05 0.000168233 1.25553e-07 8.43312e-05 0.00167956 0.00234358 0.00210124 0.000360954 6.91513e-10 0.000146264 1.85546e-06 0.0240817 0.342104 
0.00355113 0.00546972 8.21792e-05 0.000322039 0.00184411 0.012284 0.833998 1.03864e-07 1.25779e-06 5.44406e-05 0.0126397 2.21222e-07 3.63082e-09 2.05184e-05 5.01931e-06 7.0957e-06 0.00155685 4.67619e-09 0.000207788 3.10879e-06 0.0948018 0.0331515 
0.00288621 0.0216054 0.00187355 0.0347528 0.0292852 0.287451 0.324058 8.38909e-06 2.31804e-05 0.00112614 0.0365569 0.0027941 3.32232e-05 0.00375495 0.0115711 0.000464504 0.00705702 4.88331e-07 0.0191348 0.000390058 0.177136 0.0380372 
0.0351333 0.0199186 0.00170153 0.00832219 0.0105166 0.103933 0.455047 4.48218e-06 5.57514e-07 0.000381904 0.0233797 0.000183626 0.00371983 0.00960923 0.0311527 0.000194323 0.00552287 5.14805e-09 0.00515716 0.0166648 0.172791 0.0966658 
0.0831487 0.149133 0.000325766 0.00253416 0.131788 0.0212888 0.289075 6.88464e-06 2.40133e-06 1.74015e-05 0.0204871 0.0010032 4.02471e-05 0.00139697 0.110721 2.02262e-05 0.0139191 5.79201e-10 0.0118211 0.000459821 0.154914 0.00789766 
8.62492e-06 0.00343336 0.00127376 0.0402582 0.0147167 0.0998346 0.767596 4.51702e-07 2.2839e-06 0.00050393 0.00485266 0.000315881 0.00150271 0.00079588 0.00114011 7.38826e-06 3.05144e-06 3.10074e-06 3.58577e-05 0.0141437 0.000112651 0.0494592 
0.118972 0.0984397 0.00137856 0.00591105 0.0288047 0.0467953 0.27959 0.0480988 6.59e-06 0.000871155 0.0805237 0.000321049 0.0382688 0.00223955 0.00757548 0.000682527 0.0121078 1.01255e-10 0.00185343 0.00351213 0.0524608 0.171587 
0.117142 0.0672205 4.61826e-06 0.0147176 0.00988274 0.00958658 0.469146 0.000117153 7.33827e-05 0.0804966 8.55108e-05 0.000106298 9.4993e-06 0.00132405 0.000380576 0.000415744 0.053758 1.6634e-12 0.0307865 0.00013474 0.0987574 0.0458545 
0.0434112 0.0373468 0.00010561 0.168979 0.0102312 0.0230921 0.419365 0.00586187 6.94129e-05 0.0770613 0.00332555 3.08949e-05 0.0140099 0.0318436 0.0046696 0.000152719 0.0478561 6.25162e-11 0.0131077 0.000112037 0.0327312 0.0666377 
0.00158973 0.0379399 8.20036e-05 0.00630787 0.0080508 0.0158155 0.751781 3.43746e-05 4.68865e-07 0.000221802 0.00656321 0.000231946 1.30334e-05 0.00478977 6.10256e-05 2.248e-05 0.0037935 1.60633e-09 0.0188004 0.000303173 0.0409713 0.102626 
0.00104071 0.0106684 0.000775929 0.0188949 0.00162898 0.0758787 0.649298 3.99433e-06 4.25369e-09 7.74177e-05 0.000186862 7.01148e-11 1.56885e-05 0.00123811 0.000303326 2.04351e-06 0.00517919 2.43889e-12 8.70341e-05 3.07934e-05 0.227204 0.00748508 
0.00247262 0.00211032 2.05918e-08 0.00229645 0.201206 0.339046 0.373416 2.58956e-07 2.71497e-07 1.96196e-08 0.0462141 0.000410562 2.43369e-05 5.61878e-05 0.00449397 2.95839e-07 0.000786581 4.31366e-06 0.00927446 3.11231e-05 0.0153378 0.00281754 
0.000843671 0.00745405 0.00548199 0.0310959 0.00505653 0.154167 0.51337 8.26336e-06 3.19849e-09 0.00188299 0.0021209 0.000597755 0.000131607 0.0353333 0.0330882 6.63436e-05 0.00532046 3.80938e-12 0.007769 2.80588e-05 0.152166 0.0440179 
0.0368853 0.0717655 0.00283969 0.151763 0.0189504 0.218388 0.24595 0.0124008 0.000167607 0.00810553 0.0115654 8.60635e-05 1.01666e-05 0.003049 0.0106601 0.000265347 0.0423114 2.14774e-07 0.0162461 0.000519185 0.0997456 0.0483254 
0.000410148 0.0368646 0.000241133 0.0765493 0.194532 0.273491 0.303469 3.91613e-05 0.000787999 6.89351e-05 0.000860638 0.000110881 8.81443e-06 0.0119378 0.000858061 0.00216661 0.00792992 3.83599e-11 0.000148742 0.000750793 0.0279282 0.0608459 
0.008751 0.00961474 0.000613295 0.00906813 0.103764 0.219371 0.28285 1.10831e-06 5.72628e-08 0.000100347 0.0976198 0.00169176 0.00157102 0.0153486 0.041889 3.56551e-05 0.00122301 4.73751e-06 0.00269939 0.00185232 0.187709 0.0142226 
0.28477 0.0767442 0.000159732 0.00546856 0.0363104 0.0088954 0.361964 9.19524e-05 8.86597e-06 0.000931141 0.00265141 0.000803987 0.000341023 0.0022734 0.00238136 0.00333187 0.0642705 3.2008e-11 0.0130976 8.02481e-05 0.0415712 0.0938534 
0.00435083 0.0314879 0.000235546 0.0258894 0.0110642 0.0189602 0.668567 2.30188e-05 8.08674e-07 0.000236202 0.0103014 0.0016657 8.38781e-06 0.00304987 0.00704694 9.79261e-05 0.00279201 6.03708e-09 0.013117 0.00712522 0.0934641 0.100516 
0.0249212 0.053029 0.0144644 0.0922744 0.0466575 0.0673514 0.295938 0.00289434 0.000110789 0.0138975 0.0525383 0.00580454 0.000397112 0.00989247 0.0163645 0.00206487 0.0590573 7.02486e-07 0.0236126 0.0038936 0.107022 0.107814 
0.019377 0.000834484 2.90046e-07 0.135226 0.0345478 0.000830122 0.445978 3.30269e-05 1.44727e-05 4.43531e-05 0.000265411 0.000654699 2.10897e-06 0.000163617 1.17167e-05 4.61542e-05 0.271845 7.28917e-07 0.000114726 0.00195204 0.00393607 0.0841218 
8.25174e-05 0.00155017 0.000440202 0.193737 0.0071028 0.083301 0.400669 0.000159767 1.00384e-07 0.0100671 0.00557111 2.17292e-05 1.73907e-07 5.6456e-06 0.00350209 0.00135747 0.00292778 3.04029e-10 0.0785248 0.00435565 0.0853098 0.121314 
0.00247262 0.00211032 2.05918e-08 0.00229645 0.201206 0.339046 0.373416 2.58956e-07 2.71497e-07 1.96196e-08 0.0462141 0.000410562 2.43369e-05 5.61878e-05 0.00449397 2.95839e-07 0.000786581 4.31366e-06 0.00927446 3.11231e-05 0.0153378 0.00281754 
0.25077 0.1379 4.04367e-05 0.00212715 0.1352 0.00686672 0.299866 4.70546e-05 2.26003e-06 7.82289e-05 0.00852694 0.000480189 9.09495e-06 0.000397688 0.00942618 0.000112509 0.0833983 2.94031e-06 0.00272325 0.000189151 0.0358304 0.0260058 
0.173622 0.10433 9.01963e-07 0.0320412 0.0503631 0.0349312 0.266441 9.02426e-07 9.01333e-07 9.01911e-07 0.0455754 9.01849e-07 9.01261e-07 9.02187e-07 0.0906897 9.01314e-07 0.0291494 9.00848e-07 9.02521e-07 0.00514249 0.15263 0.0150746 
0.033487 0.04373 1.11366e-06 0.178887 0.00363334 0.0796945 0.401513 5.67235e-05 1.06345e-09 0.00843186 0.00165625 0.00329392 0.000631005 0.00103937 0.0122547 0.0124487 0.0493451 5.82921e-08 0.0599692 0.000752016 0.0263879 0.0827868 
0.0132132 0.0688443 4.08281e-08 0.154357 0.00882069 0.0451732 0.425158 0.000289488 2.57478e-07 6.76164e-07 0.000214233 2.70144e-06 2.91862e-06 0.000960604 0.00141516 2.07262e-05 0.00398504 7.53814e-10 0.00202912 2.59142e-07 0.129067 0.146445 
0.00192269 0.0060565 0.00440458 0.0278775 0.00410432 0.152119 0.528605 8.19966e-05 9.02901e-05 0.00198367 0.0112329 0.000301518 3.97146e-05 0.00126634 0.00231702 1.33223e-05 0.0415628 1.66998e-07 0.00415781 0.00295507 0.195281 0.0136269 
0.00140627 0.0120818 1.32652e-05 0.0182616 0.00116106 0.103092 0.534948 1.81845e-06 5.53092e-09 0.000263364 0.000232195 5.18156e-09 3.66005e-05 0.00120421 0.00164965 4.78402e-05 0.00198146 2.02769e-12 0.000300545 0.00045407 0.282748 0.0401158 
0.027382 0.0375487 0.00196218 0.025878 0.0296168 0.18487 0.236469 0.011397 1.55404e-05 0.00300711 0.0973196 0.00230566 0.000385845 0.0004248 0.0123781 0.00192076 0.00517331 2.21847e-05 0.0153276 0.00896652 0.233811 0.0638179 
0.0240805 0.238115 6.91575e-05 0.0125631 0.0182654 0.0156842 0.525644 1.1533e-05 7.7211e-06 0.00106651 0.00720927 2.44733e-05 2.66532e-05 0.000826014 0.0106885 0.000346349 0.00233026 0.000109882 0.023098 0.000364849 0.0913976 0.0280712 
0.00579133 0.10153 0.00112897 0.228461 0.0028494 0.0184457 0.286891 0.00115754 0.000104901 0.00106035 0.0188935 0.000919371 2.44545e-05 0.00343491 0.0239801 0.124183 0.00472375 3.14312e-09 0.00572848 0.000369974 0.0134241 0.156898 
0.0954531 0.00446671 1.59244e-06 0.0320857 0.0935546 0.0156435 0.341762 4.13441e-11 6.29225e-08 0.0065013 0.180834 1.29768e-10 0.000293656 7.81576e-11 0.14372 2.12141e-10 0.013981 2.83809e-10 5.29897e-08 1.20963e-06 0.0498835 0.0218187 
0.00715076 0.134724 0.000305387 0.00593412 0.0390082 0.0821401 0.369828 0.00410087 6.17583e-06 0.000405007 0.137695 0.00733603 0.000190427 0.00127282 0.014077 0.0011868 0.00871503 0.00110033 0.0108071 0.0158695 0.111788 0.0463594 
0.00168852 0.0406186 0.00217212 0.00818238 0.00459306 0.0276439 0.69886 3.85623e-06 3.65825e-08 0.00136314 0.00163553 3.47717e-05 2.76646e-07 0.0007143 0.000921269 2.08412e-05 0.000289754 0.00162905 0.00182618 0.0315417 0.14588 0.0303807 
0.0209439 0.00237729 1.72152e-07 0.0485266 0.0657013 0.07971 0.285122 0.00158478 0.00053347 0.000499385 1.72248e-07 1.7213e-07 0.000309804 0.00421893 0.00520153 0.00595233 0.0092323 1.71939e-07 0.00682159 1.72165e-07 0.266041 0.197223 
0.00842374 0.00390845 0.00182803 0.167333 0.0119835 0.07807 0.341924 9.47415e-05 3.74635e-05 0.00247211 0.0120827 0.00223672 2.37653e-05 0.0814164 0.0132816 0.000316212 0.00898002 1.11041e-06 0.0296996 0.00315311 0.143372 0.0893623 
0.0249494 0.12546 0.0138984 0.0162969 0.0241134 0.0904606 0.249266 0.0495707 4.0284e-05 0.0255086 0.0260124 0.0020931 0.0137089 0.091256 0.0235528 0.000551328 0.0309008 4.20753e-07 0.011002 0.00582556 0.120179 0.0553547 
0.000410148 0.0368646 0.000241133 0.0765493 0.194532 0.273491 0.303469 3.91613e-05 0.000787999 6.89351e-05 0.000860638 0.000110881 8.81443e-06 0.0119378 0.000858061 0.00216661 0.00792992 3.83599e-11 0.000148742 0.000750793 0.0279282 0.0608459 
0.00170137 0.00235602 0.000101918 0.143527 0.0253534 0.211903 0.226887 5.91368e-06 1.64018e-05 0.0031367 0.00300786 0.000150142 8.02734e-05 0.011926 0.00638402 0.000258459 0.00203886 4.53555e-07 0.00819507 0.0259659 0.211875 0.11513 
0.00193577 0.049247 0.00594671 0.0556305 0.0152343 0.255912 0.291492 0.000119559 1.18383e-06 0.00148206 0.0018293 0.00116167 1.56609e-05 0.0328494 0.0159022 0.000363578 0.00194096 2.81716e-05 0.011505 0.0003946 0.16118 0.0958278 
0.150351 0.0994445 4.03002e-05 0.015428 0.0310399 0.0333162 0.51297 0.000161377 6.2445e-05 0.0249297 0.00186261 1.07234e-05 5.31443e-06 0.00106055 0.00389853 4.79992e-05 0.0418716 1.05451e-09 0.00608577 0.000476085 0.0388358 0.0381016 
0.00362831 0.0489502 0.000298014 0.056477 0.00427347 0.0381631 0.622429 8.62567e-06 8.68367e-07 0.00162556 0.00153561 2.18303e-08 3.81766e-05 0.000951851 0.00250237 6.20753e-05 0.00143276 2.93278e-11 0.00247417 1.83503e-05 0.194718 0.0204127 
0.00398577 0.00540464 0.000320618 0.0655995 0.1451 0.174873 0.249207 3.76307e-05 0.000343595 3.76593e-05 0.0209971 0.00102996 8.61241e-05 0.00074202 0.00617124 1.99926e-05 0.149783 1.4822e-08 0.00500101 0.000214726 0.135682 0.0353642 
