0.0290102 0.0695992 0.215196 0.193437 3.63716e-05 0.00399886 0.0590985 0.0613174 0.000214118 1.47359e-05 0.00267094 0.0754256 0.000257955 0.0348667 0.171331 0.0218271 0.0255272 0.000536843 0.0274509 0.00818303 
0.00915243 0.0331183 0.373257 0.191704 1.95255e-05 0.00308514 0.00497223 0.0329629 0.00340477 0.000293418 6.36932e-05 0.0413384 0.000421154 0.00833485 0.0604841 5.18858e-05 0.00711235 0.000155266 0.226331 0.00373683 
0.00883085 0.0288735 0.523487 0.265001 5.52676e-09 0.00280857 0.0019483 0.00643641 5.84124e-07 0.000394121 3.06286e-09 0.00190975 0.000545539 0.00428777 0.0350825 0.0579927 0.0290582 9.28632e-06 0.029061 0.00427287 
0.134997 0.00278531 0.642307 0.123679 2.00554e-08 0.000494401 0.00212422 0.00685989 8.1068e-06 1.71937e-05 0.0382621 0.0057037 0.00123387 0.00455675 0.0164272 3.26186e-05 0.000156828 2.70137e-07 0.0203177 3.69809e-05 
0.00578012 0.0166251 0.785035 0.103863 3.74463e-06 0.00148203 0.0106266 0.0151592 1.00822e-05 2.6115e-05 2.22518e-05 0.00776838 1.09472e-05 0.00121523 0.0403069 1.2285e-06 0.000642129 0.000281081 0.010969 0.000171719 
0.0675752 0.0618207 0.329192 0.192523 1.12509e-05 0.0108311 0.0117337 0.0359476 3.812e-05 0.000336303 0.0483777 0.0116714 0.00922648 0.0318595 0.0843236 0.052676 0.00353559 6.98807e-05 0.0445863 0.00366436 
0.0877587 0.00215671 0.598376 0.158996 9.86905e-10 8.44409e-05 0.000117952 0.00434822 0.000629479 6.45878e-06 0.00424597 0.00993008 1.54725e-05 0.00175902 0.0226319 4.14686e-05 1.68309e-05 4.38621e-07 0.108845 3.99511e-05 
0.0594373 0.0686636 0.263674 0.1103 6.43159e-05 0.00527594 0.00454668 0.0292498 0.000836972 0.0116104 0.00516315 0.197676 0.0230983 0.0322926 0.0505449 0.00713242 0.00137996 0.000100278 0.0713558 0.0575973 
0.0230076 0.0575471 0.257341 0.0755627 2.78592e-05 0.0205888 0.0188226 0.240342 0.00120516 0.0150733 0.00237771 0.0402327 0.00195332 0.0637801 0.103408 0.00468303 0.0253249 3.75091e-05 0.0175848 0.0310994 
0.170459 0.018044 0.227016 0.207104 0.000588263 0.00916175 0.0118783 0.152987 7.45541e-05 7.26584e-05 0.00062463 0.0351724 0.000397377 0.0120961 0.129289 2.27313e-05 0.00179438 2.02851e-05 0.0215427 0.00165576 
0.185742 0.0780596 0.403122 0.145341 8.38707e-07 0.00482004 0.00998374 0.0176074 2.88709e-05 0.00527704 0.00435831 0.013039 0.00605557 0.0100703 0.0539276 6.86848e-05 0.00015449 1.14003e-05 0.0620099 0.000321425 
0.000370632 0.00403929 0.937997 0.0448425 1.00014e-06 1.97546e-05 0.00035636 0.000303855 1.96123e-07 4.37307e-07 0.000766508 0.000462473 6.55187e-07 0.000482379 0.000310176 3.03672e-06 0.000117062 1.43258e-05 0.000343892 0.0095689 
0.014591 0.0146152 0.54533 0.102372 2.63419e-05 0.00841825 0.00806977 0.0652969 0.000597786 0.00225424 0.00119213 0.0364783 0.0367379 0.0170116 0.0566551 0.00184566 0.00829221 0.000135459 0.0701535 0.00992657 
0.115731 0.00366933 0.71606 0.0988663 2.41775e-08 0.000150231 0.000690427 0.00956194 1.24184e-05 0.00015019 0.00209389 0.0070608 0.000529294 0.00632196 0.023758 1.64579e-05 0.000157057 7.79213e-08 0.0151393 3.14099e-05 
0.00243371 0.00462342 0.528442 0.160511 5.06324e-08 0.00064302 0.0024211 0.00274199 3.13091e-07 2.88451e-07 1.30418e-05 0.00345743 6.7247e-05 0.000151912 0.028137 1.13766e-06 0.00102037 9.72733e-09 0.265309 2.65097e-05 
0.0141056 0.0153676 0.539758 0.0325034 6.59359e-05 0.00745696 0.0218878 0.129377 0.000269518 0.000239283 0.000190148 0.00861276 0.000777158 0.10498 0.0915419 0.000760914 0.0123341 4.0929e-05 0.00773479 0.0119964 
0.0207181 0.0412003 0.396763 0.15605 1.0464e-06 0.00430482 0.00710972 0.01064 0.00590905 0.00330877 0.00380218 0.0574199 5.36862e-05 0.00712849 0.160123 0.000132503 0.000807172 9.58472e-06 0.121595 0.0029231 
0.0341028 0.0349911 0.338621 0.266642 5.48735e-05 0.00706928 0.0199642 0.0502455 0.000342843 0.00774971 0.00554884 0.0470845 0.00287592 0.0153937 0.113522 0.000110359 0.00470797 0.000677377 0.0475107 0.0027854 
0.0332112 0.127725 0.544497 0.0512187 9.93649e-06 0.00244369 0.00239886 0.0306547 0.000412139 0.000375331 4.80044e-05 0.00846685 5.83553e-05 0.00442112 0.103151 1.9726e-05 0.00268374 9.97553e-05 0.0867516 0.00135244 
0.0302105 0.124755 0.30293 0.0395969 0.0117968 0.00804088 0.023403 0.138114 0.000111142 0.000990809 0.000355598 0.0332704 0.000499271 0.0928766 0.139782 0.000620612 0.0283464 0.000784532 0.00649766 0.0170179 
0.0674641 0.0505459 0.221081 0.196752 6.15714e-05 0.0053462 0.017083 0.0961871 0.0019783 0.000602216 0.0410672 0.0146846 0.0210039 0.0799147 0.129711 0.00198209 0.00990291 0.000235239 0.0145207 0.0298758 
0.00033267 1.43424e-05 0.651213 0.306394 5.15602e-09 1.86663e-06 6.3586e-05 2.20158e-08 1.18784e-06 9.47692e-10 1.77429e-05 0.0388011 9.22888e-06 1.31385e-06 2.01963e-05 1.11461e-07 2.2528e-11 1.77088e-10 0.00311025 1.96999e-05 
0.0604853 0.00434538 0.61792 0.127111 6.64356e-08 0.00246789 0.00523405 0.0273595 8.46108e-06 0.000322164 0.015177 0.0284172 0.00375651 0.0056757 0.0328231 4.34917e-05 0.00291363 6.20482e-06 0.0655519 0.000382055 
0.081546 0.016795 0.515719 0.148744 1.00928e-05 0.0010455 0.00234944 0.0143862 2.80559e-05 8.85389e-05 0.0100214 0.00536315 1.97737e-05 0.00318258 0.0483308 2.07696e-05 0.000481775 5.44527e-05 0.151551 0.000263284 
0.0205751 0.0176956 0.435652 0.375844 6.94041e-06 0.000514959 0.00138541 0.00911662 2.12502e-05 5.31566e-05 0.00534179 0.0161958 4.6557e-05 0.00201017 0.0947361 3.63936e-05 0.000195082 9.92695e-06 0.0201314 0.000431411 
0.0161083 0.280306 0.365116 0.100431 9.05444e-05 0.0151386 0.0106937 0.0524716 0.000641255 0.000314942 0.000512584 0.0304137 0.00155473 0.00493941 0.0572271 0.000337508 0.00849348 0.000467476 0.0461201 0.00862225 
0.015112 0.0283228 0.269656 0.0867083 6.2519e-05 0.0281257 0.0482126 0.055701 0.0323063 0.00193187 0.0399883 0.0674768 0.014353 0.100315 0.0618897 0.00471189 0.00288998 7.19051e-05 0.122747 0.0194181 
0.0228108 0.0438011 0.413598 0.272414 0.00508602 0.00765463 0.00428154 0.0384541 0.000398671 0.0030827 0.00922163 0.0146719 0.000853277 0.021097 0.0518986 0.00797327 0.0029269 0.00010372 0.0612847 0.0183877 
0.0909502 0.106909 0.470605 0.0768152 7.95256e-05 0.00320462 0.0112384 0.0691437 0.000546103 0.000150953 0.000414527 0.0429634 0.00242101 0.00870513 0.0885744 8.07245e-05 0.00687101 0.000148369 0.0184177 0.00176136 
0.0359354 0.0220414 0.267293 0.0591068 6.15321e-05 0.035341 0.00522776 0.105988 0.00232499 0.00560355 0.0926389 0.0203587 0.0109954 0.0735445 0.0773728 0.0304199 0.00661437 8.48583e-12 0.0272319 0.1219 
0.00760976 0.0119709 0.561235 0.0148906 6.399e-05 0.00786677 0.0208455 0.101932 0.00277418 0.000736766 0.000756181 0.00822364 0.00235629 0.150418 0.0583923 0.00471856 0.0145966 4.09337e-05 0.00350962 0.0270616 
0.0609726 0.0365628 0.21547 0.0875216 3.16524e-06 0.0115142 0.0555879 0.0326799 0.0034044 0.00138965 0.00245082 0.212804 0.0283334 0.0351809 0.0437156 0.00741562 0.0420404 1.29003e-07 0.0486867 0.0742655 
0.000370632 0.00403929 0.937997 0.0448425 1.00014e-06 1.97546e-05 0.00035636 0.000303855 1.96123e-07 4.37307e-07 0.000766508 0.000462473 6.55187e-07 0.000482379 0.000310176 3.03672e-06 0.000117062 1.43258e-05 0.000343892 0.0095689 
0.0208165 0.0057759 0.649744 0.182369 3.99293e-08 0.000687034 0.00137027 0.0164494 8.47789e-06 0.000205277 0.000139979 0.00469145 4.21939e-05 0.0069604 0.0564966 1.82111e-06 0.000114337 1.56451e-09 0.0536117 0.000515238 
0.12643 0.0124761 0.609598 0.096231 2.97864e-06 0.000648822 0.0047871 0.0382637 2.58456e-05 2.97245e-05 0.00122044 0.00810384 0.000219435 0.00306934 0.063849 1.91127e-05 0.017566 1.29263e-07 0.0173152 0.000144134 
0.0494804 0.042758 0.377798 0.298261 0.00176736 0.00423872 0.0168496 0.0175473 1.66694e-05 0.000201523 0.0184105 0.0236893 0.000250452 0.0170097 0.064434 2.89951e-05 0.00155775 6.29394e-05 0.0639378 0.00169986 
0.00823962 0.00793932 0.367414 0.232225 7.05521e-08 0.00158817 0.0399795 0.00147147 2.35445e-07 9.68543e-05 6.84601e-06 0.0256106 3.53419e-05 0.00041665 0.0438448 6.50577e-07 0.00732935 5.45969e-08 0.262772 0.00102906 
0.0764733 0.0188118 0.417318 0.142101 2.77663e-05 0.00696466 0.0170647 0.0650061 0.000497076 0.000321604 0.00245703 0.0395004 0.00261733 0.0102486 0.130615 0.00138658 0.0255819 0.00030597 0.0274122 0.0152885 
0.00648314 0.00233279 0.861589 0.0811612 5.08736e-07 0.000347003 0.0112977 0.00187852 2.13079e-07 0.000161116 7.04651e-10 0.0172741 1.10057e-05 0.00441653 0.00963133 5.64e-06 0.000386536 7.50315e-06 0.00251531 0.000500588 
0.0313682 0.0593428 0.345704 0.15768 6.8438e-05 0.0039062 0.0345279 0.0641612 0.00259898 0.00149729 0.0298904 0.0497115 0.00132225 0.0724252 0.10964 0.00236005 0.002815 7.70533e-05 0.0161434 0.0147597 
0.00107252 0.059353 0.455395 0.443386 1.33121e-07 0.00287338 0.00032903 0.00027583 9.30708e-08 1.32053e-06 0.000195902 0.00150021 5.67657e-06 0.00269873 0.00579517 2.46266e-05 0.000790927 7.06579e-09 0.0256742 0.000628437 
0.00717079 0.0680119 0.264758 0.223779 4.0758e-06 0.00259736 0.0107567 0.107759 0.00133864 0.0117704 0.000121707 0.0457462 0.000384389 0.0197135 0.140777 0.0113485 0.0382381 0.000214535 0.0452518 0.000257284 
0.153384 0.0386992 0.43523 0.141781 5.33298e-05 0.00741923 0.0153062 0.0280041 1.39829e-05 0.000240759 0.00359625 0.0645636 0.00312776 0.0174776 0.0533619 3.31873e-05 0.00109328 1.6908e-05 0.0359249 0.000672189 
0.042876 0.0277659 0.633783 0.0812116 4.84948e-05 0.00294417 0.0131007 0.0384333 0.000329588 0.000548441 0.0115033 0.0124002 0.00255364 0.0149914 0.0532677 0.00104801 0.00485132 0.00545148 0.0411398 0.011752 
0.00325067 0.00117041 0.678448 0.000342147 7.14562e-05 0.000315209 0.000325014 0.000975178 8.28054e-06 0.00749907 0.00177132 0.212906 0.000230658 0.0136898 0.0735514 1.6091e-06 0.00173749 8.80846e-06 0.00366359 3.44169e-05 
0.0211522 0.140179 0.520817 0.0528506 1.58646e-06 0.00182624 0.00113903 0.0162624 3.29376e-05 0.000295601 4.05545e-05 0.00272028 1.7982e-05 0.0017124 0.0711195 6.01401e-06 0.00316615 5.03158e-06 0.165637 0.00101742 
0.0527088 0.0186333 0.402864 0.322691 1.33667e-05 0.000990804 0.0042895 0.0157266 0.000103222 8.75834e-05 0.00704045 0.0398187 3.48075e-05 0.0085199 0.0822414 1.46325e-05 0.00407691 8.45271e-05 0.0390672 0.000992814 
0.0403141 0.159992 0.354815 0.249933 8.86214e-07 0.0315372 0.00610031 0.0770887 1.15312e-05 0.0035869 0.000982145 0.00172184 2.52382e-05 0.00127648 0.0254034 5.64386e-06 0.0307014 0.000634249 0.0158077 6.28052e-05 
0.0123845 0.0274491 0.55566 0.058435 3.91761e-05 0.038579 0.00642885 0.070877 0.00381303 0.000401111 0.00416143 0.0482375 0.00206352 0.0224159 0.0902566 0.00156709 0.0110478 7.7134e-05 0.029118 0.0169883 
0.00945167 0.0354006 0.686852 0.1738 3.81398e-06 0.00196394 0.00112909 0.00504289 1.03051e-05 0.000155234 1.38716e-05 0.00360855 9.19871e-05 0.000287237 0.0297392 3.12168e-05 0.00520925 3.41725e-06 0.0457957 0.0014106 
0.0996381 0.0225313 0.590574 0.121626 0.000416548 0.00313547 0.015652 0.0230487 0.000241763 0.00038092 0.00655009 0.0196806 0.000484288 0.00865909 0.039337 0.00021257 0.0125692 0.00917665 0.0180227 0.00806316 
0.006966 0.035439 0.584205 0.059111 1.97814e-05 0.00121469 0.00779733 0.0265112 8.48641e-05 0.000110006 0.000640871 0.00577977 0.000335731 0.00263629 0.0570909 1.44766e-05 0.00408137 0.000127209 0.206552 0.00128216 
9.31048e-07 9.31119e-07 0.75129 0.027935 9.29603e-07 9.30904e-07 0.00446994 9.31132e-07 9.30171e-07 9.30033e-07 0.00242063 0.159402 9.30618e-07 0.0105224 0.0300768 9.31002e-07 9.30957e-07 9.30105e-07 0.0137789 9.40196e-05 
0.00340347 0.0258352 0.659489 0.178713 4.71934e-08 0.000984139 0.00495439 0.0164595 8.46312e-06 4.46823e-05 0.000578465 0.0100965 2.39267e-05 0.0156544 0.067117 3.1784e-06 0.000470429 1.15297e-11 0.0139705 0.00219461 
0.00613263 0.022849 0.564612 0.049269 3.73288e-06 0.000530035 0.00435489 0.0145468 9.6337e-06 0.000117783 0.000636247 0.00636735 3.24922e-05 0.000720096 0.0426722 1.82031e-05 0.000167516 3.24113e-05 0.286206 0.000721625 
0.0141056 0.0153676 0.539758 0.0325034 6.59359e-05 0.00745696 0.0218878 0.129377 0.000269518 0.000239283 0.000190148 0.00861276 0.000777158 0.10498 0.0915419 0.000760914 0.0123341 4.0929e-05 0.00773479 0.0119964 
0.0346032 0.176326 0.341721 0.0720295 3.40691e-05 0.00365064 0.0042481 0.034912 9.3587e-05 0.000480861 8.18785e-05 0.00604725 2.7667e-05 0.00255169 0.132033 1.06321e-05 0.00519263 0.000180026 0.18409 0.00168626 
0.00703504 0.0288602 0.677717 0.19744 2.07057e-05 0.00131788 0.00277788 0.00957634 3.12711e-05 0.000119105 0.00305011 0.0126703 0.00288427 0.00832233 0.0159608 2.07808e-05 0.00306751 0.000176531 0.0225262 0.00642582 
0.0825759 0.0151926 0.51954 0.153816 8.49077e-07 0.000916145 0.00204682 0.0142313 1.86144e-05 8.32379e-05 0.00624142 0.00533673 1.85557e-05 0.00323332 0.0462418 1.88296e-05 0.000310733 1.8416e-06 0.14992 0.000254527 
0.0390494 0.00886177 0.640869 0.11804 7.03514e-08 0.00212451 0.00432013 0.0317829 9.7828e-06 0.000479755 0.00126173 0.032915 0.00208075 0.0110963 0.0447443 2.13182e-05 0.00294574 1.14576e-05 0.0584721 0.000913923 
0.0137936 0.0232052 0.2423 0.106524 0.00817704 0.00416765 0.0437176 0.155806 0.00115724 0.00036858 0.0010382 0.0776609 0.000997091 0.143102 0.127131 0.000252089 0.0275483 0.000115236 0.0126095 0.0103281 
0.0884778 0.0149523 0.382566 0.27295 3.22657e-06 0.00121074 0.00150545 0.0153988 2.40776e-05 0.00107212 0.000161971 0.036537 1.07892e-05 0.0409711 0.0795459 4.02374e-06 0.0133679 1.99019e-06 0.0495934 0.00164568 
0.0875541 0.010569 0.682395 0.0814826 2.97844e-06 0.00064882 0.00463743 0.0340609 8.05209e-06 2.9724e-05 0.00122043 0.00546027 0.00019172 0.00205876 0.0553301 5.8028e-06 0.0167015 1.28964e-07 0.0174987 0.000144133 
0.0117238 0.0344805 0.420372 0.0741349 4.57507e-06 0.00110734 0.00613951 0.0219973 1.34851e-05 0.000175083 0.000732562 0.00743925 4.31367e-05 0.00093314 0.0770352 2.32215e-05 0.000225453 3.24079e-05 0.342621 0.000766141 
0.00478832 0.0231843 0.585035 0.0909162 0.000113788 0.0077576 0.0123262 0.0267435 0.00118203 0.00968777 0.00151425 0.0117304 1.69489e-05 0.0614527 0.10654 3.76963e-05 0.0405933 9.18833e-05 0.00777033 0.00851705 
0.0760915 0.00834185 0.415814 0.244587 4.04627e-06 0.00157275 0.0252153 0.0319782 0.000150122 4.82154e-05 0.000735052 0.0128186 0.000196611 0.0130342 0.0717721 0.0180766 0.0113999 0.000221221 0.0673468 0.000596152 
0.0133292 0.0186783 0.569379 0.0739547 1.41528e-05 0.00121097 0.00460883 0.0151511 3.63022e-05 0.000254025 0.0016692 0.016716 0.00682335 0.00309709 0.0364222 2.2324e-05 0.00381301 5.87255e-05 0.23427 0.000491416 
0.0749828 0.00864744 0.656681 0.133405 2.45079e-06 0.000556922 0.00389637 0.0294029 1.49558e-05 2.43353e-05 0.00101477 0.00485983 0.000156895 0.00168447 0.0455621 4.74994e-06 0.0175996 1.32268e-07 0.0213418 0.00016135 
0.136853 0.00682207 0.61637 0.137903 1.8062e-06 0.000453878 0.00393113 0.0149857 0.000532625 0.000298174 0.00202829 0.0168142 0.0015354 0.00787901 0.0385952 1.82263e-05 0.000713174 1.29043e-05 0.0140558 0.00019737 
0.208498 0.00225717 0.396841 0.204591 9.03913e-08 0.000434143 0.00388224 0.0504774 5.75594e-07 4.94244e-07 0.0610741 0.000921849 1.44184e-05 0.00101964 0.0418116 1.15846e-05 2.62967e-05 5.32218e-11 0.0280574 8.13506e-05 
0.0347413 0.0272743 0.56975 0.0649251 4.24693e-05 0.00774505 0.0191631 0.066434 0.00486806 0.000737657 0.00149958 0.0157574 0.00556808 0.0793235 0.0691846 0.00181812 0.00613256 6.91043e-05 0.009809 0.0151568 
0.208498 0.00225717 0.396841 0.204591 9.03913e-08 0.000434143 0.00388224 0.0504774 5.75594e-07 4.94244e-07 0.0610741 0.000921849 1.44184e-05 0.00101964 0.0418116 1.15846e-05 2.62967e-05 5.32218e-11 0.0280574 8.13506e-05 
0.00613263 0.022849 0.564612 0.049269 3.73288e-06 0.000530035 0.00435489 0.0145468 9.6337e-06 0.000117783 0.000636247 0.00636735 3.24922e-05 0.000720096 0.0426722 1.82031e-05 0.000167516 3.24113e-05 0.286206 0.000721625 
0.0263337 0.0100979 0.619349 0.250085 4.06501e-06 0.00232261 0.00384739 0.00860353 2.83735e-05 0.000174813 0.00093149 0.0161 3.87408e-05 0.00223967 0.0421966 4.12222e-06 0.00310306 2.64703e-05 0.0140084 0.00050575 
0.0578025 0.00879596 0.695801 0.119358 3.02127e-06 0.000920067 0.00732391 0.0132295 0.00170862 0.000259693 0.000336972 0.0215133 0.000855945 0.00542221 0.0472857 1.51011e-05 0.000260068 1.72483e-05 0.0184981 0.000593198 
0.0206184 0.0388271 0.532434 0.115495 2.89378e-05 0.00516425 0.0104624 0.0591271 0.000599344 0.000646696 0.0196457 0.0178467 0.00133916 0.0362524 0.0928511 0.00273533 0.00293297 9.03233e-08 0.0169065 0.0260866 
0.0394739 0.0156081 0.716918 0.0746961 1.42342e-05 0.0011957 0.0033399 0.018971 0.0180227 0.00042585 0.0133339 0.0174349 0.000842492 0.00950089 0.0378777 0.000508338 0.00268615 2.57784e-05 0.0250509 0.00407381 
0.0272633 0.0423857 0.345205 0.262357 9.62129e-06 0.00527551 0.016284 0.0693104 4.08537e-05 0.000253151 5.37e-05 0.0303698 1.43885e-05 0.00241725 0.156453 6.87871e-06 0.00061413 0.00113523 0.0372996 0.00325121 
0.0226433 0.00637387 0.792157 0.105085 4.42293e-06 0.00113607 0.00381552 0.00646204 4.46814e-05 0.000266947 0.000562494 0.0238141 0.000818923 0.00192887 0.0186006 1.12298e-05 0.00258152 1.2218e-05 0.0133746 0.000306552 
0.00677202 0.0227435 0.697848 0.0748605 1.29379e-05 0.00111772 0.00838077 0.0170999 2.12243e-05 8.03689e-05 0.000352547 0.0076051 2.5594e-05 0.00113663 0.0464072 9.87301e-06 0.000602264 0.000210235 0.11424 0.000473708 
0.0086869 0.0210223 0.423782 0.0920655 3.0097e-06 0.0033267 0.010302 0.0200707 1.41369e-05 0.000111742 0.000509197 0.0332343 4.2965e-05 0.00733492 0.0497833 1.45755e-05 0.000185361 2.59759e-05 0.327252 0.00223266 
0.0272633 0.0423857 0.345205 0.262357 9.62129e-06 0.00527551 0.016284 0.0693104 4.08537e-05 0.000253151 5.37e-05 0.0303698 1.43885e-05 0.00241725 0.156453 6.87871e-06 0.00061413 0.00113523 0.0372996 0.00325121 
0.037184 0.0271681 0.629557 0.0615948 2.70062e-05 0.00418522 0.0152608 0.0656447 0.000137284 0.000153422 0.000674697 0.0113831 0.00204092 0.0484697 0.073102 0.000257678 0.00518405 3.39362e-05 0.0127758 0.00516585 
0.0715839 0.00730592 0.463906 0.248989 6.67623e-08 0.00458563 0.00121816 0.042889 4.1608e-07 2.17208e-06 1.02119e-08 0.0109785 3.34369e-06 0.000554925 0.0659206 4.64056e-06 0.0397235 7.4328e-11 0.0422176 0.000116065 
0.0299451 0.0269285 0.588313 0.0854614 2.81566e-05 0.00320664 0.0114645 0.0288025 0.00023658 0.00172436 0.00545041 0.0106899 0.00112216 0.0116798 0.0493553 0.00033356 0.00300449 7.82883e-05 0.136815 0.00536046 
0.0223514 0.0340154 0.592278 0.0735666 6.70266e-05 0.00546958 0.00922078 0.0704011 0.00108997 0.000622437 0.0128643 0.0116595 0.0012483 0.0220409 0.0863176 0.00231867 0.00977467 5.72809e-05 0.0211368 0.0234996 
0.00613263 0.022849 0.564612 0.049269 3.73288e-06 0.000530035 0.00435489 0.0145468 9.6337e-06 0.000117783 0.000636247 0.00636735 3.24922e-05 0.000720096 0.0426722 1.82031e-05 0.000167516 3.24113e-05 0.286206 0.000721625 
0.000370632 0.00403929 0.937997 0.0448425 1.00014e-06 1.97546e-05 0.00035636 0.000303855 1.96123e-07 4.37307e-07 0.000766508 0.000462473 6.55187e-07 0.000482379 0.000310176 3.03672e-06 0.000117062 1.43258e-05 0.000343892 0.0095689 
0.0118891 0.0151225 0.620881 0.165731 3.20351e-05 0.00224233 0.00708636 0.0163525 2.19745e-05 4.60288e-05 0.000115459 0.00940359 6.43346e-05 0.0019789 0.0802214 1.23605e-06 0.0146581 3.75041e-07 0.0538278 0.000324091 
0.117488 0.053768 0.237313 0.0598048 3.02203e-05 0.0052956 0.00530213 0.0631979 0.00323214 0.00294512 0.0395156 0.179788 0.0114389 0.0612665 0.0660392 0.00874265 0.0121232 1.36843e-05 0.0164255 0.0562698 
0.165271 0.0111863 0.481517 0.145787 2.03504e-06 0.00131408 0.0163869 0.0392303 1.76147e-05 0.000126764 0.00344734 0.0152622 0.00246925 0.0127615 0.0701471 1.11562e-05 0.000825395 5.17452e-06 0.0337006 0.000530593 
0.0404213 0.0100605 0.46018 0.272487 8.31262e-07 0.000492419 7.77005e-05 0.00433034 6.34437e-06 4.18386e-05 5.46111e-05 0.095996 0.000129727 0.000463179 0.0340893 1.93694e-06 3.99033e-06 1.7949e-07 0.0809046 0.000258414 
0.0173693 0.0235658 0.444061 0.183961 1.05194e-05 0.00333188 0.00711857 0.0302071 0.0159407 0.000445097 0.00154199 0.0244386 0.00146909 0.0112752 0.0689514 0.00142041 0.00211995 4.72731e-05 0.160372 0.00235306 
0.0127515 0.0258844 0.696871 0.0552227 6.61642e-05 0.00515707 0.0126717 0.0460437 0.000996365 0.000903036 0.00711471 0.00651543 0.010903 0.0178694 0.062106 0.00152217 0.00864251 7.532e-05 0.013031 0.0156528 
0.00613263 0.022849 0.564612 0.049269 3.73288e-06 0.000530035 0.00435489 0.0145468 9.6337e-06 0.000117783 0.000636247 0.00636735 3.24922e-05 0.000720096 0.0426722 1.82031e-05 0.000167516 3.24113e-05 0.286206 0.000721625 
0.00140347 0.011119 0.232723 6.97715e-05 4.85008e-07 0.0104561 0.170033 0.0474101 0.0758679 0.00210387 0.00502954 0.0151613 0.0110306 0.153311 0.00845211 0.210368 0.00557158 1.62554e-11 4.91877e-05 0.0398399 
0.0548444 0.0377998 0.387392 0.220231 2.81186e-06 0.008125 0.0445459 0.0125265 0.000196811 0.00176469 0.00123522 0.099905 0.00325003 0.0345878 0.0580349 5.07911e-05 0.00758154 0.00098981 0.0229976 0.0039384 
0.000370632 0.00403929 0.937997 0.0448425 1.00014e-06 1.97546e-05 0.00035636 0.000303855 1.96123e-07 4.37307e-07 0.000766508 0.000462473 6.55187e-07 0.000482379 0.000310176 3.03672e-06 0.000117062 1.43258e-05 0.000343892 0.0095689 
0.0226433 0.00637387 0.792157 0.105085 4.42293e-06 0.00113607 0.00381552 0.00646204 4.46814e-05 0.000266947 0.000562494 0.0238141 0.000818923 0.00192887 0.0186006 1.12298e-05 0.00258152 1.2218e-05 0.0133746 0.000306552 
0.0359354 0.0220414 0.267293 0.0591068 6.15321e-05 0.035341 0.00522776 0.105988 0.00232499 0.00560355 0.0926389 0.0203587 0.0109954 0.0735445 0.0773728 0.0304199 0.00661437 8.48583e-12 0.0272319 0.1219 
0.0374065 0.0225613 0.475158 0.084019 8.06487e-05 0.00930868 0.00519996 0.0874926 0.00100943 0.00134589 0.0473787 0.0200775 0.00306501 0.0337582 0.0826297 0.00824473 0.00252852 1.60988e-07 0.0263576 0.0523775 
0.0754294 0.0236458 0.441174 0.195203 7.95654e-05 0.00494223 0.00381715 0.0165979 1.4896e-05 0.000140673 0.00688115 0.00848988 1.48483e-05 0.00947481 0.0588464 3.58948e-05 0.000910603 1.58867e-05 0.153781 0.000504519 
0.0218758 0.00993119 0.406401 0.389619 3.13409e-08 5.72447e-05 0.000360637 0.00923829 4.35439e-05 2.09693e-07 0.0125165 0.0197145 7.66221e-06 0.00273556 0.0298466 3.60949e-05 4.15648e-06 0.052358 0.0448447 0.000408788 
0.0673887 0.0558594 0.443681 0.109393 3.76632e-06 0.00679003 0.0765239 0.0228905 0.000321721 0.00121795 6.82965e-05 0.049645 0.00336972 0.0424106 0.0765103 6.16465e-05 0.00284888 0.000232804 0.0392623 0.00152051 
0.0555072 0.0471294 0.2788 0.0864913 1.39645e-06 0.001325 0.0106945 0.0288604 8.16209e-06 7.2975e-05 0.00344979 0.0355085 0.00229898 0.00861002 0.205738 7.44364e-05 0.00294937 1.03871e-05 0.228292 0.00417806 
0.0544711 0.0822608 0.324559 0.0587257 0.000562392 0.00830393 0.0407992 0.0224568 2.10332e-05 0.00107567 0.000580177 0.0289428 0.000205515 0.0119846 0.0906246 1.79912e-05 0.00432521 8.39928e-05 0.232433 0.0375666 
0.0308658 0.0574586 0.502275 0.0868984 7.78232e-05 0.00792948 0.0131004 0.0414415 0.000131774 0.000117544 6.33179e-05 0.0177734 7.35443e-05 0.00896724 0.111755 1.33651e-05 0.0208913 9.403e-05 0.0981936 0.00187892 
0.00543472 0.0134865 0.481947 0.376262 1.22476e-06 0.00038765 0.0229923 0.00465296 4.55768e-06 2.73572e-05 0.00061952 0.00400567 0.000775925 0.00125633 0.0386618 1.78929e-06 6.61687e-05 7.61153e-05 0.0487957 0.000544696 
0.0754294 0.0236458 0.441174 0.195203 7.95654e-05 0.00494223 0.00381715 0.0165979 1.4896e-05 0.000140673 0.00688115 0.00848988 1.48483e-05 0.00947481 0.0588464 3.58948e-05 0.000910603 1.58867e-05 0.153781 0.000504519 
0.0560634 0.0582595 0.367477 0.242013 9.1399e-05 0.017839 0.00924873 0.0285405 0.000619315 0.00337679 0.00141792 0.0767591 0.00107008 0.0139886 0.0773267 2.81969e-05 0.0186175 0.000107721 0.0260594 0.00109634 
0.0100397 0.0941312 0.254149 0.157471 1.43281e-07 0.00233826 0.00178087 0.061261 8.42078e-08 7.73681e-08 0.00218875 0.155333 0.000829705 0.130711 0.0456803 1.12018e-05 0.0454336 8.88332e-05 0.0375274 0.00102581 
0.0224754 0.00792399 0.663442 0.0700335 0.000132044 0.00443027 0.0700027 0.0437231 0.000340257 0.000181946 0.00342121 0.0243276 0.000374982 0.014909 0.0536616 1.21297e-05 0.00685028 5.25502e-05 0.0124667 0.0012386 
0.0439046 0.0341813 0.357895 0.192862 0.000136126 0.00615208 0.0282185 0.0618841 0.000693686 0.00098084 0.00105723 0.0371898 0.0031393 0.0172266 0.0956968 0.00435832 0.00580389 6.34733e-05 0.105571 0.00298497 
0.0790811 0.0804578 0.68687 0.0270841 6.03863e-07 0.00371072 0.00987502 0.0242852 7.52938e-06 0.000140066 0.000312573 0.00945704 0.00422789 0.00593198 0.0494726 2.17965e-05 0.00361341 2.68819e-05 0.0140272 0.00139661 
0.0321047 0.0729355 0.396938 0.328787 0.000563548 0.00398748 0.0173251 0.01244 1.77375e-05 0.000540272 0.000487986 0.0212375 0.000523716 0.0230697 0.0434138 0.00360413 0.00634021 9.9916e-05 0.0256735 0.00991061 
0.0211522 0.140179 0.520817 0.0528506 1.58646e-06 0.00182624 0.00113903 0.0162624 3.29376e-05 0.000295601 4.05545e-05 0.00272028 1.7982e-05 0.0017124 0.0711195 6.01401e-06 0.00316615 5.03158e-06 0.165637 0.00101742 
0.0875541 0.010569 0.682395 0.0814826 2.97844e-06 0.00064882 0.00463743 0.0340609 8.05209e-06 2.9724e-05 0.00122043 0.00546027 0.00019172 0.00205876 0.0553301 5.8028e-06 0.0167015 1.28964e-07 0.0174987 0.000144133 
0.040639 0.0187732 0.429409 0.17357 7.959e-06 0.000946187 0.00652949 0.0171929 9.45517e-05 0.000234052 0.00761815 0.0129707 0.00149034 0.0056587 0.0661643 4.11392e-05 0.00162095 3.77355e-05 0.203809 0.0131925 
0.0754763 0.0855402 0.50641 0.120213 4.94749e-06 0.00283115 0.00737574 0.0213135 2.94122e-05 0.000377362 0.000131341 0.0264581 0.000629846 0.0141034 0.0782501 9.31079e-06 0.00740481 0.000109476 0.0521502 0.00118194 
0.0142421 0.0268712 0.470115 0.0351334 2.83704e-07 0.0010311 0.0174445 0.0326637 0.00629187 0.000255331 0.00217391 0.340333 6.87516e-05 0.0168863 0.0168384 3.78043e-05 0.0136869 5.60152e-07 0.00592576 2.49889e-07 
0.134997 0.00278531 0.642307 0.123679 2.00554e-08 0.000494401 0.00212422 0.00685989 8.1068e-06 1.71937e-05 0.0382621 0.0057037 0.00123387 0.00455675 0.0164272 3.26186e-05 0.000156828 2.70137e-07 0.0203177 3.69809e-05 
0.0283681 0.0103803 0.292388 0.290909 1.05536e-06 0.000881814 0.0107988 0.0381194 0.00493431 0.00167244 0.0300859 0.0841039 0.000329559 0.0130876 0.127634 9.23865e-05 0.000590614 0.000329959 0.0647892 0.000503454 
0.12003 0.0375811 0.691977 0.0348486 5.72703e-07 0.00223007 0.00992914 0.0263869 6.77959e-06 3.86581e-05 0.000489614 0.0116297 0.00380525 0.00575384 0.037459 1.33856e-05 0.00146422 2.45573e-05 0.0160539 0.000278297 
0.00643809 0.000198332 0.882508 0.0589836 1.05101e-05 9.9193e-05 0.000420021 0.00222819 0.000117689 1.77581e-06 7.70127e-09 0.030976 0.000164138 0.000160906 0.0105585 0.000108861 8.7961e-05 1.75149e-07 0.00682532 0.000112509 
0.0307356 0.106101 0.320785 0.0671471 2.91522e-06 0.000659621 0.0047415 0.0283963 1.65927e-05 0.000126631 0.00213223 0.00429064 0.00752618 0.00497802 0.103974 2.18827e-05 0.00206357 5.56584e-06 0.315615 0.000681452 
0.0190955 0.0316537 0.593868 0.0690635 3.01259e-05 0.00395935 0.013887 0.0571393 0.000314979 0.00035913 0.0011143 0.00797383 0.00277664 0.0408684 0.0648359 0.000573496 0.00764743 4.29676e-05 0.0785041 0.00629259 
0.0452253 0.0185215 0.28572 0.255314 2.32817e-05 0.00235283 0.00345508 0.0510128 0.000516443 2.1106e-05 3.6626e-06 0.0503147 0.000781635 0.0012218 0.175862 1.70676e-06 0.0565046 4.49925e-07 0.0514495 0.00169681 
0.0209377 0.0246018 0.527137 0.166469 5.45654e-05 0.00222848 0.0242039 0.0415251 0.0104844 0.00145026 0.00822946 0.0492251 0.00119324 0.0246485 0.052093 0.000135274 0.00539106 3.42147e-05 0.038113 0.00184507 
0.0627944 0.0460547 0.230261 0.159489 0.000125005 0.0111527 0.00565088 0.0300559 2.25754e-05 0.000315137 0.000238344 0.0704452 5.82162e-06 0.00892158 0.144012 2.04372e-05 0.00506329 0.000229339 0.224682 0.000460865 
0.0240403 0.060098 0.45399 0.0729244 0.000161386 0.00140976 0.00798385 0.0887888 5.71458e-05 0.000168568 5.66607e-05 0.0215458 0.000208661 0.00645909 0.154412 3.48546e-05 0.00333883 0.000350156 0.102663 0.00130819 
0.0825759 0.0151926 0.51954 0.153816 8.49077e-07 0.000916145 0.00204682 0.0142313 1.86144e-05 8.32379e-05 0.00624142 0.00533673 1.85557e-05 0.00323332 0.0462418 1.88296e-05 0.000310733 1.8416e-06 0.14992 0.000254527 
0.0226433 0.00637387 0.792157 0.105085 4.42293e-06 0.00113607 0.00381552 0.00646204 4.46814e-05 0.000266947 0.000562494 0.0238141 0.000818923 0.00192887 0.0186006 1.12298e-05 0.00258152 1.2218e-05 0.0133746 0.000306552 
0.049738 0.046846 0.279385 0.277523 0.00026648 0.00978754 0.0254316 0.0569242 0.00383576 0.00140437 0.00811236 0.0347982 0.00286849 0.0255897 0.0874244 0.000993417 0.0121954 0.000113579 0.0693289 0.00743389 
0.000370632 0.00403929 0.937997 0.0448425 1.00014e-06 1.97546e-05 0.00035636 0.000303855 1.96123e-07 4.37307e-07 0.000766508 0.000462473 6.55187e-07 0.000482379 0.000310176 3.03672e-06 0.000117062 1.43258e-05 0.000343892 0.0095689 
0.0265727 0.0370568 0.542188 0.0933623 4.29187e-05 0.00437248 0.012295 0.0457682 0.000293255 0.000566221 0.00681563 0.0200709 0.000555859 0.00986194 0.0723963 0.00103131 0.00540428 0.0322891 0.0733592 0.0156979 
0.0923007 0.0179279 0.611437 0.121363 3.00132e-06 0.00126391 0.00833175 0.0310387 0.00170854 0.000259663 0.00112263 0.0225202 0.0036472 0.0106689 0.0557918 2.25604e-05 0.000872169 1.72094e-05 0.0188815 0.000821975 
0.0196865 0.018562 0.786119 0.0897941 1.1365e-05 0.000999553 0.00251409 0.0124665 3.47742e-05 0.000770033 0.00049897 0.00624512 0.000234058 0.00151068 0.0285436 1.20476e-05 0.0023478 0.000106003 0.0228601 0.00668386 
0.0825759 0.0151926 0.51954 0.153816 8.49077e-07 0.000916145 0.00204682 0.0142313 1.86144e-05 8.32379e-05 0.00624142 0.00533673 1.85557e-05 0.00323332 0.0462418 1.88296e-05 0.000310733 1.8416e-06 0.14992 0.000254527 
0.134997 0.00278531 0.642307 0.123679 2.00554e-08 0.000494401 0.00212422 0.00685989 8.1068e-06 1.71937e-05 0.0382621 0.0057037 0.00123387 0.00455675 0.0164272 3.26186e-05 0.000156828 2.70137e-07 0.0203177 3.69809e-05 
0.00261627 0.000313763 0.41636 0.346349 4.75991e-06 0.000359605 0.0045428 0.00378751 0.00734746 0.000173689 0.0031407 0.163899 0.000296264 0.0244651 0.0096359 0.000544197 0.000125748 3.53186e-06 0.00796264 0.00807149 
0.0211522 0.140179 0.520817 0.0528506 1.58646e-06 0.00182624 0.00113903 0.0162624 3.29376e-05 0.000295601 4.05545e-05 0.00272028 1.7982e-05 0.0017124 0.0711195 6.01401e-06 0.00316615 5.03158e-06 0.165637 0.00101742 
0.0282383 0.0643224 0.38976 0.126824 0.000175995 0.00327826 0.00734833 0.0427516 0.00277964 0.00101939 0.00456208 0.0278589 0.00215747 0.0166122 0.0724344 0.000704606 0.00515178 0.000594913 0.199099 0.00432672 
0.0179996 0.03018 0.314489 0.0372931 2.08905e-05 0.00323927 0.0306074 0.187416 3.36827e-05 0.000513432 0.00133311 0.00820969 0.000117136 0.0688526 0.120244 1.42702e-05 0.00233646 0.000149356 0.172507 0.00444288 
0.0190853 0.0198555 0.63708 0.0601745 0.000100804 0.00709537 0.00431864 0.0486632 0.00126176 0.00168233 0.0362681 0.00711895 0.00312648 0.0236703 0.0462163 0.00732719 0.00279287 1.94663e-07 0.0177814 0.0563808 
0.0087278 0.030302 0.714597 0.0703816 3.54603e-05 0.0110489 0.0168909 0.0328403 0.000414591 0.000808715 0.00401779 0.00497929 0.000692554 0.0149364 0.0607197 0.000917837 0.00811989 4.38546e-05 0.0109342 0.008591 
0.053062 0.117557 0.574116 0.126389 2.91707e-05 0.00466017 0.00939862 0.0352097 0.000181806 0.00021875 0.00625398 0.015571 0.00092654 0.00629528 0.0245745 2.31397e-05 0.00393121 0.000315676 0.018887 0.00239971 
0.0242226 0.0362472 0.52344 0.110104 2.3415e-05 0.00490981 0.0102817 0.0248178 0.000189161 0.000241575 0.00159785 0.0230844 0.0736918 0.00689214 0.0651983 0.000127021 0.00861565 7.82474e-05 0.0830549 0.00318254 
0.0336341 0.0852205 0.458973 0.0634318 7.15968e-05 0.00685812 0.00500169 0.0632826 0.000637338 0.00117143 0.0142607 0.0116398 0.00116366 0.0188065 0.112137 0.00246341 0.00464191 9.25174e-05 0.0966308 0.0198814 
0.0226433 0.00637387 0.792157 0.105085 4.42293e-06 0.00113607 0.00381552 0.00646204 4.46814e-05 0.000266947 0.000562494 0.0238141 0.000818923 0.00192887 0.0186006 1.12298e-05 0.00258152 1.2218e-05 0.0133746 0.000306552 
0.03477 0.0924037 0.275071 0.175045 5.00965e-06 0.00395308 0.00635094 0.0202608 0.00024877 0.00235098 0.00342526 0.0114968 0.00379716 0.030657 0.0731482 0.00309369 0.00209545 1.90631e-07 0.0380613 0.223766 
0.0272765 0.0113415 0.732387 0.0782025 2.45214e-06 0.00103673 0.00441621 0.00781768 8.6587e-06 0.000154871 1.09813e-05 0.0391129 0.00100211 0.000596754 0.0278048 1.41888e-06 0.00296523 1.0609e-06 0.0531216 0.0127391 
0.00243712 0.00938701 0.509851 0.327806 5.17631e-09 5.46793e-05 0.000448274 0.000902062 9.47969e-05 1.17254e-07 0.0187503 0.0138072 3.38016e-06 0.0017347 0.017394 6.36131e-05 2.67501e-08 0.0781504 0.0189605 0.000155264 
0.0754294 0.0236458 0.441174 0.195203 7.95654e-05 0.00494223 0.00381715 0.0165979 1.4896e-05 0.000140673 0.00688115 0.00848988 1.48483e-05 0.00947481 0.0588464 3.58948e-05 0.000910603 1.58867e-05 0.153781 0.000504519 
0.115731 0.00366933 0.71606 0.0988663 2.41775e-08 0.000150231 0.000690427 0.00956194 1.24184e-05 0.00015019 0.00209389 0.0070608 0.000529294 0.00632196 0.023758 1.64579e-05 0.000157057 7.79213e-08 0.0151393 3.14099e-05 
0.0642648 0.0561691 0.189524 0.153322 0.000151723 0.0104434 0.02482 0.0329544 0.00723866 0.00177102 0.0256711 0.0429437 0.014188 0.14519 0.0763953 0.0137456 0.00794724 5.77343e-05 0.116296 0.0169071 
0.0300931 0.00943926 0.512599 0.248276 6.10629e-07 0.00140776 0.0133854 0.00557477 0.00181078 0.00304129 0.0554926 0.0258465 3.9165e-05 0.00594921 0.0505895 5.36048e-05 0.000905216 1.29304e-06 0.0350526 0.000442226 
0.0362672 0.0225414 0.62847 0.13171 0.000190628 0.00522523 0.0120959 0.0242599 0.000724672 0.000657302 0.000829765 0.0252435 0.00464102 0.00528958 0.0540812 0.000181967 0.00937106 0.00011091 0.0362491 0.00185965 
0.0640036 0.118553 0.318982 0.243282 4.21608e-05 0.0012034 0.0055927 0.018504 4.04597e-05 0.000204181 0.00237656 0.0467956 0.000108988 0.0213399 0.0679848 9.21917e-05 0.0119464 3.43814e-06 0.0695659 0.00937907 
0.00829772 0.0391383 0.732271 0.0547918 2.17099e-05 0.00167497 0.00992591 0.0409654 0.000219653 7.94599e-05 7.89681e-06 0.00334505 4.9027e-05 0.00585993 0.0710712 3.62678e-06 0.0146229 2.54713e-05 0.0146418 0.00298714 
0.00174563 0.00211522 0.598908 0.0358585 0.000102649 0.00320524 0.0263327 0.0380589 4.10528e-05 6.59035e-05 0.000248734 0.108914 0.113851 0.0106174 0.0525017 4.28549e-06 0.00186459 0.000164026 0.00505426 0.000347091 
0.00648128 0.000125189 0.787592 0.0760378 8.72156e-08 9.24901e-05 0.0069069 0.0170606 0.00258337 3.29766e-08 0.000445764 0.0600349 0.00160719 0.00356471 0.0306906 3.31121e-05 0.000191966 2.72723e-06 0.00647648 7.31163e-05 
0.0224354 0.0306425 0.250718 0.247335 0.000667055 0.0114637 0.00729878 0.0330736 0.00231995 0.0023108 0.0767591 0.115719 0.0024551 0.0153062 0.0923912 0.000418983 0.00366231 4.3659e-05 0.0822169 0.00276265 
0.05019 0.0135366 0.329647 0.295996 1.11448e-06 0.000869229 0.00897505 0.0375912 0.0182287 0.0160373 0.0058086 0.0598231 0.000161591 0.0116516 0.0890711 0.000364265 0.000609402 0.00161488 0.056887 0.0029367 
0.00578012 0.0166251 0.785035 0.103863 3.74463e-06 0.00148203 0.0106266 0.0151592 1.00822e-05 2.6115e-05 2.22518e-05 0.00776838 1.09472e-05 0.00121523 0.0403069 1.2285e-06 0.000642129 0.000281081 0.010969 0.000171719 
0.0308359 0.0363714 0.346674 0.17709 2.22291e-06 0.00312311 0.00381708 0.00421826 0.000848136 0.162449 0.0216252 0.0873173 0.00272714 0.00661037 0.054903 0.000104277 0.00192585 2.69303e-05 0.0574141 0.00191625 
0.0315408 0.167383 0.585258 0.0342602 2.92588e-06 0.00496648 0.00518336 0.026552 1.39542e-05 0.000398928 2.69391e-05 0.0042997 2.99181e-05 0.00255975 0.112445 1.94369e-05 0.00301225 5.63082e-06 0.0203632 0.0016787 
0.00829772 0.0391383 0.732271 0.0547918 2.17099e-05 0.00167497 0.00992591 0.0409654 0.000219653 7.94599e-05 7.89681e-06 0.00334505 4.9027e-05 0.00585993 0.0710712 3.62678e-06 0.0146229 2.54713e-05 0.0146418 0.00298714 
0.191901 0.0264292 0.353603 0.0824384 1.05882e-06 0.00155319 0.0122449 0.0264964 0.000259079 0.000202172 0.000582671 0.116185 0.000230877 0.00600588 0.0447104 3.44749e-05 0.0155657 8.57781e-05 0.120172 0.00129874 
0.0669074 0.0558988 0.519344 0.12983 1.05852e-05 0.00135261 0.00459987 0.0336385 2.85248e-05 0.000134016 0.000590163 0.00513502 0.000142489 0.0035509 0.0817351 7.50849e-06 0.0107341 4.63979e-05 0.0855987 0.000715131 
0.134997 0.00278531 0.642307 0.123679 2.00554e-08 0.000494401 0.00212422 0.00685989 8.1068e-06 1.71937e-05 0.0382621 0.0057037 0.00123387 0.00455675 0.0164272 3.26186e-05 0.000156828 2.70137e-07 0.0203177 3.69809e-05 
0.00543472 0.0134865 0.481947 0.376262 1.22476e-06 0.00038765 0.0229923 0.00465296 4.55768e-06 2.73572e-05 0.00061952 0.00400567 0.000775925 0.00125633 0.0386618 1.78929e-06 6.61687e-05 7.61153e-05 0.0487957 0.000544696 
0.0470311 0.0478625 0.445736 0.198852 5.19397e-06 0.000799448 0.0192584 0.0836484 1.11376e-05 0.000123748 0.000858953 0.00346274 0.000471409 0.00670789 0.0520932 1.35031e-05 0.00254211 1.34323e-06 0.0847829 0.0057381 
0.0790811 0.0804578 0.68687 0.0270841 6.03863e-07 0.00371072 0.00987502 0.0242852 7.52938e-06 0.000140066 0.000312573 0.00945704 0.00422789 0.00593198 0.0494726 2.17965e-05 0.00361341 2.68819e-05 0.0140272 0.00139661 
0.0441623 0.0792782 0.555096 0.0464194 1.32477e-06 0.0048467 0.00357427 0.0789255 0.000710065 0.000440585 8.78307e-05 0.0234869 0.000204598 0.0081517 0.122928 5.6424e-05 0.00193792 0.000148281 0.0277336 0.00180971 
0.00578012 0.0166251 0.785035 0.103863 3.74463e-06 0.00148203 0.0106266 0.0151592 1.00822e-05 2.6115e-05 2.22518e-05 0.00776838 1.09472e-05 0.00121523 0.0403069 1.2285e-06 0.000642129 0.000281081 0.010969 0.000171719 
0.011657 0.0187116 0.566268 0.173808 4.72903e-06 0.001276 0.0063746 0.00910664 0.000185655 0.00123942 0.00476182 0.0976458 0.00081294 0.00535099 0.0523815 3.61076e-05 0.00186949 0.00058584 0.0450999 0.00282372 
0.00687574 0.0111121 0.482195 0.319047 3.88724e-07 0.0177706 0.00607662 0.0055765 1.87349e-07 4.28001e-06 7.26143e-05 0.00241362 0.0015012 0.00266384 0.0184342 6.22545e-06 0.00112389 6.32659e-05 0.123321 0.00174112 
0.0736814 0.00989422 0.739869 0.101963 3.40057e-06 0.000660275 0.00293421 0.0084689 2.37764e-05 0.000623277 0.00773893 0.00681198 0.000538993 0.00358118 0.0257634 1.50087e-05 0.000592143 6.01454e-05 0.0166898 8.73004e-05 
0.0342504 0.0372101 0.280666 0.151797 9.02071e-05 0.0107898 0.0184354 0.0455471 8.37786e-06 0.000103239 0.000112694 0.0597258 0.00980562 0.00835805 0.118466 1.46307e-05 0.00727246 8.552e-05 0.216793 0.000468117 
0.0420739 0.0671667 0.507728 0.156196 6.81518e-06 0.00292008 0.00662517 0.0378002 0.000909883 0.000944175 0.00304283 0.0239626 0.00476109 0.0117375 0.0510093 0.00157982 0.00380333 5.2514e-05 0.060009 0.0176716 
0.12003 0.0375811 0.691977 0.0348486 5.72703e-07 0.00223007 0.00992914 0.0263869 6.77959e-06 3.86581e-05 0.000489614 0.0116297 0.00380525 0.00575384 0.037459 1.33856e-05 0.00146422 2.45573e-05 0.0160539 0.000278297 
0.05019 0.0135366 0.329647 0.295996 1.11448e-06 0.000869229 0.00897505 0.0375912 0.0182287 0.0160373 0.0058086 0.0598231 0.000161591 0.0116516 0.0890711 0.000364265 0.000609402 0.00161488 0.056887 0.0029367 
0.0223745 0.177892 0.272505 0.0752222 2.82335e-05 0.0111154 0.0163686 0.0664329 0.0228124 0.000973933 0.0367483 0.0495362 0.00052983 0.0446876 0.169896 0.000757087 0.00602264 0.000520099 0.0143639 0.0112123 
0.0752741 0.0619754 0.204469 0.172274 9.63441e-07 0.00500671 0.0142907 0.0450753 0.000124599 0.0673903 0.00181501 0.0571495 0.00262082 0.0208012 0.173813 3.54353e-05 0.0145965 0.000967801 0.0783483 0.00397137 
0.00760976 0.0119709 0.561235 0.0148906 6.399e-05 0.00786677 0.0208455 0.101932 0.00277418 0.000736766 0.000756181 0.00822364 0.00235629 0.150418 0.0583923 0.00471856 0.0145966 4.09337e-05 0.00350962 0.0270616 
0.0141056 0.0153676 0.539758 0.0325034 6.59359e-05 0.00745696 0.0218878 0.129377 0.000269518 0.000239283 0.000190148 0.00861276 0.000777158 0.10498 0.0915419 0.000760914 0.0123341 4.0929e-05 0.00773479 0.0119964 
