0.0631078 0.111698 0.00493442 0.111649 0.00166407 0.0271 0.0426779 0.0259291 1.30498e-05 0.00355957 0.000256962 0.360241 6.97516e-06 0.0741276 0.148346 1.83717e-05 0.00264371 8.99987e-06 0.0217708 0.000247579 
0.019293 0.0412421 0.00936113 0.0762594 4.54383e-05 0.000219646 0.0108881 0.211946 0.00118653 7.13718e-08 0.010759 0.280297 0.000139426 0.137847 0.163994 0.000107749 0.00987666 0.00152248 0.0240713 0.000944614 
0.0579412 0.00206171 0.0231161 0.0351737 7.84114e-05 0.000167339 0.00171058 0.00665456 0.0274776 6.47972e-05 5.49217e-05 0.803497 2.16716e-05 0.000345211 0.0356877 6.75279e-05 0.00451896 0.000314165 0.000977868 6.87998e-05 
0.0185691 0.00146555 0.0193712 0.0295078 1.12911e-05 0.00116876 0.00574187 0.00158394 3.36206e-07 3.86468e-05 0.000504613 0.88439 0.00209919 0.0187257 0.0096626 0.000113335 0.00192184 3.70469e-05 0.00504751 3.93016e-05 
0.00629637 0.102485 0.00117781 0.0140529 1.97377e-06 0.0345487 0.0259177 0.0670186 0.000589708 0.000778704 0.000812592 0.588306 2.17624e-07 0.0927608 0.02143 1.23857e-07 0.0342614 3.89577e-06 0.00955673 1.73783e-06 
0.00659194 0.00603229 0.0261156 0.077198 1.28854e-06 0.00257297 0.00289646 0.0356405 0.0535928 3.6774e-05 0.00508948 0.532735 0.00375084 0.0222203 0.187715 0.000114024 0.00233315 0.00113584 0.0307298 0.00349835 
7.48288e-07 0.0446767 0.0150419 0.207146 7.47127e-07 7.48172e-07 7.48282e-07 0.0343502 7.47584e-07 0.00314014 0.0109959 0.43911 0.0018706 7.48332e-07 0.20393 0.00456508 0.0085304 7.47531e-07 0.0265619 7.5564e-05 
0.00582945 0.00828587 0.00198678 0.0145142 0.000857114 0.00577155 0.0159683 0.123316 0.000766466 0.000708709 0.000930339 0.678389 0.000229458 0.0175138 0.110079 6.8939e-05 0.0054975 0.00181939 0.00560108 0.00186632 
0.0531023 0.00114391 0.022091 0.0675333 1.12166e-06 4.91886e-05 0.000202875 0.0134299 0.0077301 7.22452e-07 0.000396156 0.765816 0.000121229 0.00349879 0.0591154 0.0013206 0.00182017 9.74166e-05 0.00247667 5.34403e-05 
0.00331631 1.50743e-06 0.0271722 0.0488419 5.81427e-07 0.00215615 0.0730581 0.00243328 5.19901e-07 9.37821e-05 0.00330631 0.816058 0.00448783 0.00177497 0.0123847 3.64745e-08 0.00169077 1.14783e-06 0.0028912 0.000330641 
0.0146541 2.97688e-06 0.00407663 0.0726547 0.000177543 1.54122e-06 0.001337 2.84759e-06 0.0787832 9.49316e-07 0.000606586 0.628191 0.000109133 0.00895219 0.0964255 0.000493864 0.0576726 2.26669e-06 0.0302087 0.0056469 
0.0271846 0.0391985 0.0144921 0.0726881 5.42995e-07 0.00752133 0.00607173 0.0688157 5.79862e-06 0.000741518 0.00408097 0.440931 0.0199669 0.045423 0.127537 0.00811506 0.00294216 0.000179485 0.00846552 0.105639 
0.0317667 0.00905234 0.00138709 0.0251635 7.62751e-05 0.00104355 0.00902462 0.0380656 0.00036993 6.71873e-05 0.00112654 0.705848 0.036623 0.0108647 0.12428 6.91375e-05 0.000910898 0.00212626 0.0019532 0.000181581 
0.00769572 0.00862827 0.00260052 0.00684742 1.22521e-07 6.11122e-06 0.00259179 0.0318228 0.00574073 0.000262645 0.000359355 0.890281 0.00214765 0.0151509 0.0110548 0.00711926 0.00136074 0.00217533 0.00203744 0.00211744 
0.011022 0.00337159 0.00918441 0.0110998 3.4036e-07 0.00196269 0.00770038 0.0773211 1.21994e-05 2.32705e-06 0.000600757 0.801958 0.000386701 0.0126264 0.0511785 0.000189408 0.00422247 0.000632223 0.00375703 0.00277176 
0.00234218 0.0078435 0.00305799 0.022284 5.73177e-06 0.00167688 0.00938426 0.0101826 0.0036184 0.00383467 0.134753 0.604339 0.0118009 0.0340372 0.000866276 0.0998451 0.000390656 0.000999217 0.000667424 0.0480701 
0.0132957 0.0238786 0.000683414 0.0286388 0.000100183 0.00368764 0.0401625 0.0413572 0.00381548 0.000530746 0.00474968 0.756063 0.000262935 0.0118962 0.0490324 6.58755e-06 0.0132295 0.00037731 0.00103968 0.00719283 
0.00280455 0.0122069 2.14343e-05 0.00250804 1.31139e-05 1.76009e-05 0.00228429 0.0276769 0.000726569 8.36498e-05 0.000783269 0.7573 2.00345e-05 0.00640196 0.0283378 0.000756423 0.00284095 0.142282 0.00394973 0.00898396 
0.0170556 0.0122857 0.0159806 0.0865945 5.00231e-05 0.0354549 0.0796007 0.0575865 0.00229812 0.00185164 0.0357505 0.463816 0.00124561 0.0193557 0.14484 7.53328e-05 0.0201533 0.000420674 0.00444899 0.00113554 
0.025577 0.0157196 0.0229441 0.0376682 0.00196611 0.00249919 0.0410236 0.0207202 0.000599238 2.23723e-05 0.0660598 0.706752 0.0237851 0.0162978 0.00813575 1.35829e-05 0.00823477 0.00016402 0.00150479 0.000312566 
0.00652055 0.0704624 0.00699774 0.0745334 1.88443e-06 0.00156016 0.000216394 0.00744706 0.000392775 1.5579e-06 0.000814373 0.743432 2.71483e-06 0.00631326 0.0671247 1.1835e-07 0.00752779 3.71739e-06 0.00664543 1.65809e-06 
0.0659785 0.0307667 0.0576649 0.0453938 2.43909e-05 0.00309683 0.0239575 0.151565 0.0294327 0.000438055 0.00897016 0.389601 0.0477102 0.0881589 0.0414461 0.000422528 0.00849647 0.000461652 0.00441544 0.00199952 
0.0102285 0.0148714 0.00104103 0.0605887 5.7156e-05 0.0105003 0.0592394 0.0528629 0.00380719 2.16087e-05 0.000988383 0.623925 0.000844484 0.0306842 0.0923724 0.000263425 0.0277424 0.000424269 0.00790904 0.00162847 
0.0656633 0.0229709 0.0287978 0.0538838 7.20167e-05 0.00236326 0.0112387 0.125563 0.00710573 0.100591 0.000844953 0.269974 0.00144805 0.0323177 0.213928 0.00240164 0.0151581 0.0249706 0.0105123 0.0101956 
0.0430701 0.0255861 0.0995396 0.169947 0.00372498 0.0199784 0.0554794 0.0118347 7.05958e-05 0.000329898 0.0143798 0.324044 0.0513776 0.0163908 0.128796 5.80779e-05 0.0122822 0.000121402 0.0211059 0.00188399 
0.00248798 0.00850571 0.00744349 0.0389608 1.19696e-05 0.00187176 0.0130872 0.0424924 0.002773 0.000292179 0.00861849 0.731939 0.0463888 0.031651 0.0587754 7.88657e-05 0.00107647 0.000503271 0.00256669 0.00047596 
0.0127781 0.011347 0.0350358 0.0306398 4.55161e-05 0.00763805 0.110609 0.0721449 5.41529e-05 0.00684966 0.000387324 0.609116 0.0100836 0.0208567 0.0511101 4.04672e-05 0.0152339 0.000402839 0.00527861 0.000349136 
0.00523731 0.0755998 0.0269788 0.0402979 5.55542e-08 0.00169506 0.0198703 0.0168419 0.00247415 0.000367846 0.00167469 0.526216 0.0744324 0.131494 0.0519819 2.98069e-05 0.00150467 0.000170361 0.00712874 0.0160043 
0.000156973 0.0099567 0.000923988 0.0112638 0.101422 0.00131498 0.0776719 0.0410679 0.000459629 0.000718936 0.000218983 0.689333 4.33794e-05 0.0433704 0.0157108 0.000356361 0.000992544 0.00139354 0.00289534 0.00072886 
0.0771235 0.010148 0.0151521 0.0841494 8.95697e-06 0.0185772 0.00693085 0.140305 0.00399368 3.1764e-05 0.00479927 0.468367 0.00231502 0.0208109 0.125892 2.92432e-05 0.0157615 0.000175574 0.00494379 0.000485429 
0.00263288 0.00348362 0.00172616 0.0714345 0.00183172 3.61581e-05 0.00850615 0.0146194 0.000100908 0.00420223 0.00318693 0.80662 0.00015639 0.0171147 0.0498182 3.38974e-05 0.000951031 8.28783e-06 0.0127254 0.000811702 
0.0962393 0.184038 5.19692e-09 0.00337048 6.80637e-08 0.0865494 0.120647 1.85652e-06 2.26589e-05 1.10336e-05 2.34622e-08 0.394708 0.000883155 0.00954758 0.0858162 3.01039e-06 0.0166305 4.66765e-08 0.000264796 0.0012673 
0.0179376 0.0637354 0.00186977 0.012892 0.000450249 0.000617445 0.0223602 0.0418137 1.13919e-06 0.000420525 0.00208333 0.753658 0.000111443 0.0525973 0.0203392 5.50794e-06 0.00395984 6.64509e-05 0.00460633 0.000474177 
0.011022 0.00337159 0.00918441 0.0110998 3.4036e-07 0.00196269 0.00770038 0.0773211 1.21994e-05 2.32705e-06 0.000600757 0.801958 0.000386701 0.0126264 0.0511785 0.000189408 0.00422247 0.000632223 0.00375703 0.00277176 
0.0012734 0.002893 6.80177e-05 0.0114025 4.3187e-05 0.00023904 0.0795147 0.0104236 0.00170969 0.000890466 1.69608e-05 0.758758 5.17912e-06 0.00861281 0.000116147 6.94568e-06 0.117963 8.31262e-05 0.00594337 3.69049e-05 
0.112684 0.0156584 0.0106411 0.116504 5.62121e-05 0.0149582 0.0174389 0.0577914 0.0166189 0.000187915 0.000907238 0.361401 0.00151275 0.0806997 0.171707 6.83062e-05 0.00901309 0.000144053 0.00588215 0.00612669 
0.0309066 0.0123612 0.00726869 0.0274765 1.32514e-06 0.00167071 0.00353798 0.0637439 0.0154678 0.000973737 0.00165021 0.629249 0.00202232 0.0272875 0.166098 0.000100894 0.00590283 0.000169825 0.00246768 0.00164374 
0.0186472 0.103695 0.00271058 0.0802734 2.11978e-05 0.00510631 0.0281543 0.0278925 2.31735e-05 0.0182361 0.000442225 0.550354 1.58945e-05 0.00390026 0.153009 0.000149596 0.000371522 0.00105255 0.0045691 0.00137595 
0.0366385 0.170507 0.00103643 0.0451576 2.39151e-05 0.00727638 0.00895744 0.0827356 3.30108e-05 0.00185232 0.00446535 0.358104 6.35339e-05 0.105129 0.0242804 0.0340546 0.104855 0.000443167 0.00131805 0.0130686 
0.00769572 0.00862827 0.00260052 0.00684742 1.22521e-07 6.11122e-06 0.00259179 0.0318228 0.00574073 0.000262645 0.000359355 0.890281 0.00214765 0.0151509 0.0110548 0.00711926 0.00136074 0.00217533 0.00203744 0.00211744 
0.0129241 0.00445896 0.00272225 0.034366 9.25642e-07 0.00184564 0.0157557 0.165661 0.000380492 5.6022e-05 0.0127966 0.291047 0.115858 0.272533 0.0457941 0.0132625 0.00847648 0.000260635 0.00157416 0.000226546 
0.0741679 0.011457 0.163379 0.0449796 2.64807e-06 0.000245878 0.0017029 0.0373632 0.000229354 1.5447e-05 0.00941544 0.38611 0.00164858 0.00270692 0.0193758 4.92312e-05 0.244991 6.89403e-06 0.00204007 0.00011373 
0.00183151 0.00666955 0.00160825 0.0234149 0.000194705 0.0100084 0.0385746 0.061254 0.00123483 0.00124314 0.00451607 0.432379 0.00833172 0.364976 0.0176368 0.00619022 0.0130696 7.6779e-08 0.000403852 0.00646289 
0.0251148 0.0217941 0.0824749 0.0568509 0.000105372 0.00232216 0.0146253 0.0403088 8.25976e-05 0.000719095 0.0320255 0.442499 0.000392141 0.0207773 0.0506815 0.196012 0.000578818 0.000640086 0.0116567 0.00033956 
0.00579531 0.0456715 0.004549 0.0245022 5.77126e-06 0.000547562 0.00285437 0.0224863 0.00120468 3.06545e-05 0.0126755 0.658238 0.000138285 0.0030836 0.205841 0.000243297 0.000343678 0.000342495 0.0104964 0.000950848 
0.0213962 0.00326272 0.00643683 0.00674563 2.36689e-05 0.00222762 0.00293686 0.0197126 3.37541e-05 1.56611e-05 0.000397366 0.886558 0.000106463 0.00457842 0.0349865 2.66225e-05 0.00123424 0.00655723 0.00258025 0.000183781 
0.0183722 0.0208006 0.017943 0.018134 2.8976e-05 0.013459 0.0186111 0.0781368 0.0381071 0.000655762 0.0306819 0.271026 0.00327349 0.201205 0.203142 0.00362691 0.046377 3.95342e-05 0.0045521 0.0118273 
0.0413015 0.0306443 0.0227091 0.0821673 1.20874e-05 0.000557103 0.0164109 0.022398 0.000836414 7.76882e-05 0.0067806 0.635476 0.00165815 0.0253143 0.103785 0.000167088 0.00369089 2.0429e-05 0.00336055 0.00263246 
0.0111338 0.0309463 0.112777 0.224351 1.79639e-05 0.0139555 0.0934848 0.0210838 1.06556e-05 0.0107608 9.07608e-06 0.345191 0.000376645 0.00606272 0.0762757 7.33993e-05 0.00561821 2.57714e-05 0.0377379 0.0101081 
0.00241563 0.0280183 0.00400662 0.0694019 6.5689e-05 0.00413294 0.0260898 0.026864 0.00101419 0.00184405 0.00927263 0.706998 0.000296893 0.036146 0.0187132 0.000293894 0.00235205 0.0392416 0.0185679 0.00426506 
0.167263 0.114967 0.0344008 0.0521092 0.00025859 0.00392092 0.0387385 0.149221 0.00218301 0.00321901 0.00464975 0.176038 0.000558973 0.0354793 0.175031 0.0004555 0.00980259 0.00342377 0.0231509 0.00512918 
0.0034214 0.036124 0.00577811 0.0722312 6.4355e-05 0.00163601 0.0555082 0.0205405 0.000382193 0.000345516 0.00086671 0.669987 0.0299052 0.0228351 0.0589959 1.32347e-05 0.000601423 0.000109071 0.0201425 0.000512056 
0.0210538 0.0329317 0.0296222 0.0470406 6.97327e-05 0.00511703 0.00862285 0.103122 0.0122694 0.000489307 0.162306 0.28822 0.0035391 0.133775 0.0639973 0.0540111 0.00275273 0.000107016 0.0102016 0.0207508 
0.0358984 0.0621107 0.025777 0.0997608 2.98147e-07 0.00137467 0.00644284 0.123604 0.00182193 0.000226488 0.00961038 0.447453 0.000572543 0.0596434 0.0607012 0.00949423 0.0164695 0.000179363 0.0375368 0.00132308 
0.0154955 0.0131491 0.0324394 0.257592 1.54608e-06 0.000516682 0.0091586 0.0907446 4.03466e-05 7.38934e-05 0.000592049 0.319199 0.0011152 0.0159016 0.201949 1.79976e-05 0.000864732 0.00187257 0.0381216 0.00115448 
0.00190141 0.00209351 0.00158891 0.0244993 0.000199601 0.00470111 0.0807395 0.0344333 0.0148732 0.00137467 0.0117018 0.602378 0.00606787 0.0551459 0.0757424 0.00857225 0.0152799 8.21423e-05 0.000200837 0.0584239 
0.104503 0.0285957 0.0242824 0.031754 4.0209e-05 0.00304526 0.00755478 0.121318 0.125301 0.00062094 0.00484074 0.257733 0.022923 0.0687398 0.170184 0.00432887 0.00212472 0.000334208 0.0117428 0.010034 
0.032532 0.0211981 0.0138047 0.0340181 0.00013368 0.00017943 0.00331379 0.0945414 0.00208481 0.00011053 0.0110893 0.588581 0.000864132 0.0135294 0.173054 8.38659e-06 0.00368802 0.000263895 0.0043351 0.00266969 
0.00981037 0.0246478 0.00343164 0.101093 1.14872e-06 0.0048278 0.044386 0.0438211 3.75784e-05 0.000171227 0.00320584 0.511962 0.000115472 0.0354674 0.122431 1.40881e-05 0.0158665 0.000108035 0.0758648 0.00273756 
0.00881459 3.89047e-11 0.0142561 0.00564068 7.3492e-10 0.00238857 0.0281768 2.58267e-07 2.04377e-07 0.000457918 9.97796e-06 0.737181 0.0154484 0.170213 0.0163318 9.92188e-05 5.88431e-05 0.000644359 1.62257e-06 0.000276276 
0.0224706 0.0204027 0.0263608 0.165003 0.0333654 0.00328994 0.0156275 0.0338035 0.0102833 0.000743454 0.000506061 0.496641 0.000266009 0.0109028 0.129779 3.67822e-05 0.0161052 0.001246 0.0126152 0.00055131 
0.0131455 0.0101499 0.0308863 0.32705 2.01306e-07 9.98004e-05 1.48701e-06 0.0105099 7.80427e-07 0.0624611 0.000524223 0.36929 0.0014396 0.00478351 0.135339 7.59095e-06 8.65106e-05 1.73999e-09 0.0340079 0.000217009 
0.0073164 0.00242192 0.0865407 0.340226 0.000663812 0.00213812 0.0138594 0.00930627 0.0037435 0.000261972 0.0158289 0.440359 0.00045604 0.0175364 0.0249023 0.00011041 0.0010633 0.000155463 0.0281313 0.00497804 
2.18928e-06 1.96236e-05 0.000696842 0.326895 3.35858e-06 6.3066e-07 0.000907667 1.50652e-06 5.61418e-06 0.00052059 1.69735e-05 0.627901 1.22404e-06 3.97946e-06 0.0119206 6.54801e-06 2.56588e-06 2.30324e-06 0.0310911 6.67177e-07 
0.00535158 0.0120595 0.00387473 0.0323137 1.77741e-05 0.000995929 0.0331463 0.00910529 0.00529121 0.000123635 0.00368338 0.719206 6.83926e-05 0.0256149 0.0867765 8.0981e-05 0.00706281 0.014639 0.0364218 0.00416631 
0.0131553 0.0187533 0.014804 0.204486 2.2558e-06 0.0132825 0.0646602 0.111016 0.000434946 0.016539 0.000780248 0.322046 0.0242956 0.0279459 0.125901 3.88753e-05 0.0195124 5.8982e-05 0.0127494 0.00953767 
0.0850608 0.0458626 0.0145123 0.053477 3.43605e-06 0.00245074 0.0704879 0.145884 0.00106734 0.00105474 0.00150752 0.299995 0.00153034 0.115295 0.140471 0.000292653 0.00276853 0.000561039 0.0173 0.000419128 
0.0570664 0.00039864 0.215012 0.280285 1.21057e-08 4.59847e-05 2.06212e-08 0.00291405 0.0569312 2.0331e-09 0.000119821 0.32786 8.07159e-05 0.000470654 0.0434679 0.000119608 1.31521e-08 3.4664e-07 0.0152269 8.886e-08 
0.0510898 0.0841703 0.0245222 0.120205 2.97102e-05 0.000368738 0.00515853 0.138443 0.0105259 5.90865e-05 0.000344886 0.225906 0.00151752 0.0158782 0.175143 0.000308199 0.00282599 0.00114439 0.141843 0.000517583 
0.021122 0.0565624 0.00213266 0.0331613 8.63316e-05 0.00629685 0.0113735 0.112457 0.000287376 0.000912415 0.144707 0.287229 0.0377613 0.0274735 0.148006 0.000738249 0.0581007 0.00029094 0.0489032 0.00239863 
0.00733648 0.00465642 0.00931313 0.011961 1.17209e-06 0.0658897 0.165634 0.0451008 0.00992262 0.000223299 0.0061647 0.539589 0.0342285 0.0677333 0.0267505 4.76388e-05 0.00280979 2.31375e-06 0.00184648 0.000789813 
0.0212518 0.00277707 0.0159673 0.0387059 2.47735e-06 9.30246e-05 0.00046649 0.00964111 0.0249567 2.04838e-06 0.000260984 0.788155 5.38061e-05 0.00101136 0.0860534 0.000214022 0.00152986 0.000579802 0.00442601 0.00385178 
0.0116735 0.0137727 0.0304468 0.0539714 4.89825e-07 0.0167354 0.076807 0.137446 0.000553736 0.000322603 0.000298158 0.310434 9.91069e-05 0.0727957 0.230102 5.99117e-05 0.0381817 0.000102787 0.00449334 0.00170417 
0.00659947 0.001452 0.0126878 0.187346 0.00117002 0.00185979 0.0298138 0.0820857 2.08255e-06 0.00224714 0.00474809 0.500221 7.19737e-06 0.0716654 0.0717745 2.17717e-05 0.00369018 0.000192661 0.0218673 0.000547523 
0.103827 0.0122942 0.0348204 0.160052 4.16836e-08 0.00149969 0.00934676 0.14829 0.00154962 5.4848e-06 0.00330356 0.289143 0.00018415 0.024937 0.182975 8.26066e-05 0.00423351 0.000110531 0.0211765 0.00216935 
0.0269267 0.251152 0.031046 0.123395 1.06114e-06 0.00147805 0.00549931 0.165974 0.000107598 0.000329899 0.000423037 0.266658 0.000470309 0.00550139 0.102415 0.000112206 0.00242691 0.000276729 0.0147772 0.00102941 
0.00887215 0.0855728 0.00153427 0.133313 0.00510279 0.00401125 0.113592 0.0146214 0.00537277 0.000323086 0.00786766 0.27857 0.0373074 0.0826597 0.173201 0.00440728 0.021075 2.07071e-07 0.00520067 0.0173961 
0.0107089 0.0210161 0.0100512 0.172727 0.000201662 0.0121361 0.0606014 0.0940643 4.57977e-06 0.000144204 0.00837568 0.299482 0.000988303 0.036053 0.194399 0.000301646 0.00823103 4.30492e-07 0.0454166 0.0250974 
0.00734624 0.0183633 0.00478005 0.0358407 5.36095e-05 0.00372485 0.004067 0.0650316 0.0184503 0.000920291 0.00646992 0.680265 0.00313197 0.0281623 0.0989438 0.00344603 0.0135222 6.90263e-05 0.00649521 0.000916608 
0.0927172 0.0771986 0.0222191 0.0661422 1.44448e-06 0.00428529 0.0122581 0.0743224 7.12842e-06 0.00524664 0.00552685 0.481238 0.00742227 0.0621517 0.0744932 0.000414055 0.00461301 0.000957567 0.00490483 0.00387998 
0.00505484 0.0264028 0.024466 0.0425913 0.000124424 0.0038093 0.0516547 0.0966105 0.00547289 0.00185004 0.00603115 0.544325 0.00684508 0.0345597 0.106211 0.0217055 0.00649208 0.00158278 0.00468191 0.00952856 
0.0097793 0.13685 0.00274996 0.0819623 1.13097e-06 0.011193 0.00559714 0.114491 0.00109695 0.000284382 0.000308716 0.312741 0.00250712 0.112428 0.109654 0.000949903 0.0207587 0.000238632 0.0113185 0.0650888 
0.0302647 0.0139411 0.0115396 0.132719 1.57794e-07 0.000977609 0.00479502 0.0956273 0.002736 0.000151411 0.000400862 0.419075 0.000559852 0.0284932 0.229103 7.28511e-05 0.0134927 0.00072638 0.0151785 0.000145617 
0.0175214 0.117558 0.00157211 0.0139751 1.83291e-06 0.00638056 0.0947497 0.0998437 0.0729346 0.000172826 0.00146162 0.44152 5.78632e-06 0.0522736 0.0658789 3.44672e-05 0.0059855 0.000255012 0.0072513 0.00062362 
0.028719 0.0432274 0.0418611 0.206586 4.45138e-05 0.0198211 0.0258071 0.0299151 7.12311e-05 0.0209758 0.00754207 0.222893 0.00683296 0.121665 0.154666 0.00460151 0.0380247 3.2638e-06 0.0155419 0.0112016 
0.0332622 0.0210655 0.0957471 0.189219 3.86731e-05 0.00444132 0.00703575 0.0502907 0.0166026 0.000886717 0.0227172 0.364732 0.00419288 0.0481983 0.0925704 0.0115584 0.00526345 0.00121195 0.0177357 0.0132302 
0.0583595 0.0405545 0.0531892 0.0773732 2.95447e-05 0.0034919 0.0251714 0.218228 0.00043853 0.000547653 0.00149854 0.225612 0.00786553 0.0239973 0.221207 0.000591683 0.0283004 0.000133984 0.00652917 0.00688156 
0.0155764 0.0411457 0.0163567 0.238772 0.0044854 0.0388303 0.0368017 0.0688955 0.0011639 0.00135999 0.0032213 0.261075 0.00112554 0.0279443 0.206895 0.00492885 0.0181073 0.000217084 0.00908941 0.00400916 
0.0193385 0.0518797 0.0146905 0.0473508 0.000225583 0.0178714 0.0473213 0.0969723 0.013887 0.0025507 0.0075788 0.258142 0.0140179 0.177309 0.183021 0.0119076 0.0143182 0.000525425 0.00673122 0.0143624 
0.0478793 0.0385622 0.00465238 0.048262 7.87215e-05 0.00544813 0.043447 0.0874184 9.48398e-05 0.000497676 0.00137231 0.50538 0.00150498 0.0643584 0.104931 5.6979e-05 0.026922 1.89614e-05 0.0183264 0.000787739 
0.00899219 0.017441 0.00333007 0.0635122 0.00407783 0.00533434 0.00330698 0.220164 0.0103976 0.000245304 0.00190515 0.407949 0.000303061 0.0958269 0.131649 2.31606e-05 0.00361785 0.000172864 0.00611717 0.0156349 
0.0116047 0.00883614 0.0058892 0.0476339 3.12819e-05 0.0270226 0.0234171 0.0604046 0.000162698 0.000735166 0.00198162 0.684764 0.000710846 0.0208425 0.0778562 6.11381e-05 0.00757408 0.0029319 0.0171564 0.000384188 
0.0160289 0.0576804 0.00159873 0.12879 0.0382985 0.00336374 0.052831 0.0187194 0.00576563 0.000722048 0.0189293 0.429555 1.06991e-05 0.172701 0.0221448 0.000183982 0.0250343 0.000938876 0.00641543 0.000288182 
0.0359237 0.00641964 0.0297238 0.024618 0.000602357 0.00766827 0.0461826 0.0816669 0.00010696 0.000380203 0.00175212 0.329265 0.0731349 0.130139 0.203763 0.00155899 0.0149506 3.16074e-06 0.00872064 0.00342 
0.0806409 0.0150547 0.0700869 0.158975 5.25278e-07 0.00677282 0.00322711 0.0419024 0.00623971 0.0119286 0.00164803 0.416096 0.0039693 0.0278948 0.0297623 0.000171077 0.00381627 6.05828e-05 0.0198703 0.101882 
0.0067329 7.32144e-05 0.00250384 0.254958 3.55297e-07 0.0385926 0.000445658 0.0310166 0.000130056 8.8672e-05 0.298335 0.331004 0.000108861 0.00695748 0.0127939 1.40886e-06 0.0122163 2.43655e-07 0.00212489 0.00191554 
0.000643322 0.00702327 0.15309 0.136196 3.07132e-08 0.00049131 0.0747813 0.000125836 1.98001e-08 5.44083e-07 0.00451796 0.513308 5.66999e-06 0.0131673 0.0222462 3.84761e-09 0.00776961 2.10624e-08 0.0666339 6.73918e-07 
0.0850951 0.025162 0.0107096 0.100364 0.000187405 0.000410568 0.0224972 0.0838608 0.00461469 0.000488664 0.00065946 0.454172 0.000250607 0.0461062 0.0425797 0.05211 0.00180474 0.0621162 0.00255533 0.00425565 
0.000563663 0.0369684 0.00679741 0.125174 0.00416995 0.00209795 0.0380801 0.143278 6.87652e-05 0.000243311 0.000259162 0.572245 4.367e-05 0.0111805 0.0494163 1.73115e-05 0.00785944 0.000181717 0.00117985 0.000175461 
0.00118411 0.019502 0.0050626 0.0177759 0.00336036 0.000513581 0.0281109 0.00332289 0.000205728 8.37036e-05 0.0412463 0.744798 4.37584e-05 0.0237078 0.0149337 8.2819e-05 0.00214798 0.0917285 0.00109342 0.00109581 
0.0101322 0.0343223 0.016148 0.0742318 2.0647e-05 0.00757358 0.00981585 0.0508587 0.00878397 0.0122471 0.132065 0.431264 0.00314066 0.10567 0.0419429 0.036064 0.00375542 0.00113189 0.0158023 0.00502989 
0.0942016 0.0119868 0.0652137 0.239199 0.0045587 0.0075851 0.0869966 0.0552485 0.012583 0.000340876 0.00154607 0.245274 0.00183757 0.0386197 0.0983268 0.00116938 0.00283819 0.00811681 0.0191918 0.00516607 
0.0709433 0.0470287 0.0224792 0.0286489 2.53271e-05 0.01136 0.0379736 0.305786 7.51012e-06 0.000347373 0.00172319 0.306221 0.0173228 0.0495662 0.0785507 4.95814e-05 0.00427464 0.000107362 0.00761805 0.00996683 
0.00732093 0.0101488 0.0026871 0.0112412 1.28443e-05 0.00971536 0.000764425 0.0219813 3.28832e-05 0.000832414 0.00835179 0.75677 1.79491e-06 0.00304653 0.140119 0.00088212 0.025078 0.000149765 0.000338299 0.000526273 
0.00769572 0.00862827 0.00260052 0.00684742 1.22521e-07 6.11122e-06 0.00259179 0.0318228 0.00574073 0.000262645 0.000359355 0.890281 0.00214765 0.0151509 0.0110548 0.00711926 0.00136074 0.00217533 0.00203744 0.00211744 
0.00411797 0.00324697 0.0232833 0.0641628 5.8902e-07 0.000874134 0.0327101 0.0215596 6.80118e-05 0.000461229 0.000835996 0.705015 0.0017059 0.0473559 0.0869182 0.000494812 0.00179537 0.00112744 0.00291546 0.0013508 
0.00602217 0.00435911 0.00877944 0.050595 1.05301e-06 0.00177049 0.00815834 0.037365 0.00548617 5.31905e-05 0.000668425 0.708302 0.000227783 0.0502169 0.0641809 0.000525539 0.0108365 0.0394509 0.00273814 0.000262832 
0.0163585 0.000614694 0.00748005 0.10639 7.783e-06 0.000111373 0.00854277 0.00793561 0.000328131 5.16265e-05 0.000342046 0.758775 1.94616e-05 0.013174 0.076903 4.26429e-05 1.39425e-05 2.29413e-05 0.00172555 0.00116138 
3.21116e-06 0.102707 0.0150065 0.0228494 1.60986e-06 0.010377 3.07086e-06 3.99359e-06 1.43962e-06 1.33112e-06 0.0123262 0.489051 1.77264e-07 8.92637e-07 0.257654 0.000615975 2.97089e-06 0.00540694 0.0790229 0.00496459 
0.0234395 0.0437824 0.00187088 0.0359851 4.42317e-05 0.0319573 0.0787312 0.0820683 0.0039419 0.000789037 0.0739616 0.22603 0.0285288 0.193907 0.0542144 0.00778387 0.103244 0.000271062 0.00129535 0.00815376 
0.0235744 0.0195084 0.0113972 0.0489984 0.000873351 0.00170977 0.022517 0.0516115 0.0024779 0.000252549 0.0810689 0.432924 0.00111693 0.0161007 0.275877 0.000109786 0.00186492 0.000134133 0.00406 0.00382362 
0.020071 0.0215635 0.000673305 0.0274546 1.04966e-05 0.00129835 0.00415663 0.0653896 0.000295995 0.000240282 0.0017687 0.654259 0.000642816 0.0470807 0.135257 0.00011906 0.00865315 0.00329698 0.00591735 0.00185137 
0.00553539 0.010816 0.00270822 0.00790217 0.00024239 0.00224629 0.00804665 0.0470991 0.00100623 0.000137412 0.0007378 0.848094 0.00289517 0.0415103 0.01653 4.58691e-06 0.00185101 5.32809e-05 0.000892228 0.00169171 
0.0692458 0.0318308 0.0347935 0.126862 2.76731e-07 0.00159932 0.0295945 0.0308482 0.00754835 0.000541696 0.00501776 0.481089 0.00259387 0.0413525 0.0614691 9.70333e-05 0.0488108 0.000123444 0.0262096 0.000371954 
0.0378008 0.107421 0.0309245 0.0671 6.6132e-05 0.0265449 0.0320112 0.0891943 0.000401467 0.00051186 0.00167672 0.253334 0.00321616 0.150636 0.157227 9.4005e-05 0.0121289 0.00241602 0.0145787 0.0127165 
0.00679102 0.050757 0.00127737 0.0338106 0.000249641 0.0933965 0.128615 0.0176324 0.00427786 0.00152813 0.00383204 0.373815 0.00397454 0.111189 0.051618 0.0165988 0.00946569 5.87932e-07 0.00468905 0.086482 
0.00279351 0.0467475 0.00103401 0.06356 0.000479667 0.00368493 0.000888933 0.0966866 0.00295338 3.94033e-05 0.00702832 0.518157 1.52682e-05 0.0868603 0.0176657 0.000100281 0.14433 0.00275582 0.00122976 0.00298899 
0.0397234 0.0443013 0.0124286 0.00332916 1.66251e-05 2.22138e-05 0.00255716 0.0176855 0.00934019 2.89854e-05 0.000485061 0.829522 1.81688e-05 0.0217357 0.0161512 3.77539e-06 0.000676105 3.27067e-05 0.00134395 0.000598411 
0.0251052 0.0298273 0.00593941 0.0338351 0.000200069 0.0769761 0.00207956 0.0852122 0.00248479 0.0141355 0.000910997 0.569902 0.00191095 0.0562852 0.0259449 0.00202955 0.00928092 0.0270827 0.0135565 0.0173009 
0.0103226 0.0207887 0.00772072 0.00655588 8.82897e-05 0.00730599 0.00256285 0.165302 0.00411525 0.000887821 0.0112237 0.481208 0.00824545 0.134709 0.103404 0.0127983 0.0110594 0.000135595 0.000319074 0.0112471 
0.0133322 0.125863 0.00191982 0.00312171 8.56978e-05 0.000658721 0.00045382 0.279791 7.4384e-05 0.000176408 0.00230163 0.49026 0.00189744 0.0407099 0.022106 0.00244758 0.0022846 0.000264709 0.0059807 0.00626972 
0.011022 0.00337159 0.00918441 0.0110998 3.4036e-07 0.00196269 0.00770038 0.0773211 1.21994e-05 2.32705e-06 0.000600757 0.801958 0.000386701 0.0126264 0.0511785 0.000189408 0.00422247 0.000632223 0.00375703 0.00277176 
0.0353049 0.0162118 0.0606113 0.289962 1.05499e-07 0.0183139 1.86609e-10 4.55489e-07 1.44235e-07 1.8742e-08 6.38726e-10 0.468542 1.43578e-05 0.00174597 0.0981339 3.67806e-08 2.84127e-10 2.85022e-09 0.00782588 0.00333311 
0.00431587 0.095112 0.0115028 0.0620028 8.72943e-08 0.0127959 0.00818387 0.0899956 0.000345259 0.000118624 0.00129396 0.362301 2.03747e-05 0.0348915 0.199353 0.000273647 0.0287347 0.0815047 0.00563938 0.00161495 
0.0794899 0.082907 0.0869793 0.160568 2.85301e-10 0.00122942 0.00298877 0.0351156 2.24877e-05 4.10569e-05 0.00400916 0.199394 0.00128664 0.134615 0.0790795 0.00196108 0.0555827 1.44073e-08 0.0503029 0.024427 
0.0356613 0.000398674 0.30015 0.250652 1.02233e-05 4.59967e-05 0.000442481 0.00291415 0.00352855 2.2467e-09 3.40698e-08 0.331823 4.72568e-06 0.0010793 0.0529897 1.85414e-05 2.17378e-08 3.87896e-07 0.0202803 9.81429e-08 
0.0057776 0.00797955 0.0131981 0.0461488 4.07985e-05 0.00224364 0.0687844 0.0162424 3.15227e-05 0.000107718 0.000997558 0.747361 0.0234979 0.015633 0.00232371 1.59145e-06 0.003715 0.000531233 0.00478209 0.0406022 
0.00312815 0.028784 3.43963e-06 0.00310921 2.1038e-06 0.001913 0.0298567 5.21849e-06 0.000489104 1.73953e-06 0.000968476 0.888533 0.000240369 0.00786826 0.0312128 0.000239402 3.88213e-06 0.00363459 4.18044e-06 1.85302e-06 
0.023576 0.0112738 0.015879 0.0443251 5.48421e-05 0.00130808 0.00401313 0.0408814 8.39106e-05 0.000207981 0.000167282 0.597859 0.000130871 0.00973604 0.238973 1.24258e-05 0.0010417 9.16147e-05 0.0102912 9.34543e-05 
0.0312845 0.0217325 0.0187512 0.0893897 0.00933101 0.020467 0.0501753 0.105782 0.00184868 0.000221482 0.00272144 0.293857 0.0136195 0.0751651 0.222783 0.000459531 0.014009 0.000168628 0.0120245 0.0162086 
0.020142 0.0160179 0.00538808 0.0917975 0.00233367 0.0154166 0.203921 0.107162 1.92985e-05 1.4146e-05 0.000632073 0.327068 7.05166e-05 0.0486048 0.118426 0.000897712 0.00466455 0.00010097 0.00866413 0.0286588 
0.0151053 0.0200513 0.00591296 0.0222833 5.36626e-06 0.0225793 0.00958517 0.0558877 0.00759298 0.0417271 0.00881395 0.464574 0.0780386 0.0880586 0.117065 0.00773208 0.00784111 0.00641087 0.00465105 0.0160838 
0.012337 0.0258691 0.0382246 0.0522099 0.00486707 0.0390737 0.0392618 0.0566657 0.00976869 2.99975e-07 0.0016209 0.615357 2.79319e-05 0.0231757 0.0662463 0.000239431 0.00677859 0.00140487 0.00183685 0.00503414 
0.00936261 0.0330562 0.00996527 0.0307585 3.30235e-06 0.000821924 0.00123974 0.104214 0.0478856 0.000189119 0.0357235 0.606383 0.00032647 0.00823779 0.0832562 0.0013227 0.0232064 0.000341146 0.00278954 0.000916134 
0.00646688 0.0216563 0.00418048 0.0283005 3.30102e-05 0.00617143 0.0361741 0.0688251 0.00230604 0.0018829 0.0667187 0.50819 0.0620731 0.0869025 0.0348158 0.0127647 0.00530276 0.0035093 0.00111163 0.0426149 
0.00271131 0.0173943 0.000791338 0.0150853 4.75164e-05 0.0162504 0.0512544 0.00546896 0.000580872 0.000585998 0.00381157 0.825743 0.000258494 0.0120833 0.0361005 2.70213e-05 0.00602847 0.00162321 0.00320365 0.000950847 
0.0918016 0.0396497 0.027446 0.139573 8.49029e-07 0.00705453 0.0152383 0.0855241 0.00672313 3.45073e-05 0.00528874 0.384442 0.000207485 0.0589739 0.11927 0.000149862 0.00299799 0.000134568 0.0145625 0.00092735 
0.0206051 0.14171 6.07969e-05 0.0372088 1.78346e-07 0.169916 0.0362 0.197328 7.0642e-07 0.00674357 0.00393626 0.25848 1.76371e-05 0.00537869 0.0429843 8.05724e-07 0.0668798 0.00107492 0.0107148 0.000759336 
0.0356621 0.000398727 0.163091 0.123095 4.09742e-08 4.61062e-05 3.06236e-08 0.0149141 0.0232828 6.87827e-09 0.000193977 0.608135 0.000214689 3.89647e-05 0.0250492 0.000465403 3.88654e-06 0.000579959 0.00482818 3.00805e-07 
0.0319071 0.11318 0.0231939 0.102353 0.000518154 0.0112753 0.0426583 0.0727146 0.000362054 0.000525014 0.000196035 0.375441 0.00769825 0.0523565 0.133906 0.000195217 0.00822557 0.00083382 0.00807694 0.0143827 
1.9259e-05 0.0260556 1.57869e-05 0.0259462 9.68222e-06 0.0214235 1.84177e-05 0.0042443 8.65122e-06 0.00747235 3.81972e-06 0.508388 1.07337e-06 0.021428 2.61437e-05 0.000102839 0.350254 0.0345543 1.91889e-05 8.50921e-06 
0.0647155 0.0174577 0.0511136 0.0625491 1.09404e-06 0.000436926 0.00594119 0.0259541 0.00936022 0.00413316 0.000669504 0.575119 0.0125337 0.0148043 0.0770868 0.000276517 0.0148714 0.000196878 0.0582254 0.0045537 
0.0151991 0.00114661 0.00145433 0.0106288 9.31857e-11 0.00368229 0.0525612 0.0416837 9.36754e-06 8.70432e-09 0.000604959 0.640334 0.1432 0.0509116 0.0265717 0.00134511 0.00442486 9.94623e-05 0.00156142 0.00458189 
0.00361533 0.0250225 0.00478104 0.0366486 5.66888e-05 0.0196107 0.0380496 0.0193601 0.00261979 0.000265957 0.0125567 0.765535 0.00397814 0.0111256 0.0219649 0.000977496 0.0031564 0.0247924 0.00405533 0.00182811 
0.0613755 0.0206572 0.00194744 0.0605675 1.39825e-06 0.000494816 0.0714211 0.0736768 0.000892117 0.0061721 0.000971262 0.564199 0.00108161 0.0536708 0.0469096 0.000180836 0.0291577 0.000116969 0.00167861 0.00482717 
0.0602358 0.00358072 0.0151363 0.205105 8.45051e-05 0.0332757 0.0425299 0.0195294 2.47956e-05 1.54281e-05 7.4026e-05 0.468023 0.000729648 0.0766393 0.0655543 4.57897e-06 0.00204807 6.27637e-05 0.00683436 0.000511591 
0.0110139 0.0262225 0.077112 0.120989 1.70496e-07 0.0121756 0.0204717 0.0573673 0.000244987 1.40976e-07 0.000967782 0.364572 0.000166164 0.00615094 0.292769 8.66749e-05 0.00206775 3.36638e-07 0.00753295 8.9189e-05 
0.00782507 0.0260419 0.128517 0.0520605 2.5161e-06 0.00614736 0.0181733 0.0822062 2.89439e-05 0.000413288 0.00135162 0.584288 0.000790978 0.00402785 0.0479047 0.000203471 0.00146079 0.000825535 0.0374546 0.000276756 
0.0184785 0.00379049 0.000886293 0.064324 2.09263e-07 0.167571 0.0149465 0.00399746 0.000146405 7.88467e-06 0.0245537 0.572349 5.51104e-06 6.14762e-06 0.0606034 2.62155e-08 0.00165056 1.43508e-07 0.0666818 9.0159e-07 
0.10425 0.0512411 0.00220904 0.029875 0.00161044 0.0125496 0.0179009 0.0501454 0.00639001 4.92739e-05 0.00474746 0.556284 5.81128e-06 0.0249304 0.0321191 8.71568e-05 0.0101666 0.0855417 0.00979956 9.78885e-05 
0.0129241 0.00445896 0.00272225 0.034366 9.25642e-07 0.00184564 0.0157557 0.165661 0.000380492 5.6022e-05 0.0127966 0.291047 0.115858 0.272533 0.0457941 0.0132625 0.00847648 0.000260635 0.00157416 0.000226546 
0.0112488 0.010688 0.00923496 0.0369449 3.90097e-05 0.00606378 0.00747101 0.0810505 0.00904102 0.00113083 0.00561617 0.477146 0.00456448 0.0886072 0.21635 0.00807574 0.0140632 0.000829617 0.000593519 0.0112413 
1.46064e-05 0.0397484 0.00166761 0.0241258 7.3272e-06 0.00891409 0.125467 0.0180545 6.55116e-06 0.00260135 2.89148e-06 0.755422 8.08024e-07 0.00373175 0.000393664 4.59828e-07 0.0198048 1.44615e-05 1.45522e-05 6.45095e-06 
0.0587734 0.00586204 0.00380488 0.026276 5.74688e-05 0.00113635 0.00422944 0.0513094 0.00372047 0.000808086 0.0136253 0.549211 0.0026777 0.115609 0.146817 0.00140737 0.00437133 0.000383627 0.00400544 0.00591482 
0.00765374 0.0329534 0.0188841 0.122339 0.000100698 0.0033965 0.0289019 0.20409 0.00109412 0.000335887 0.00129214 0.475608 0.00178859 0.0213694 0.0449933 3.20359e-05 0.0330765 0.000413929 0.00109668 0.000579582 
0.0138252 0.103247 0.00442562 0.0345619 4.15278e-06 0.00489587 0.00527276 0.0373576 0.00437875 0.000663145 0.00507539 0.310369 0.00710131 0.109212 0.0897034 0.0148418 0.00635574 5.30764e-06 0.030277 0.218427 
1.81273e-05 0.0153409 0.000129421 0.040775 9.09772e-06 1.22027e-05 0.00285131 0.0331569 8.13304e-06 7.52153e-06 3.58994e-06 0.782812 1.00442e-06 5.03938e-06 0.0322072 0.000539077 0.00816885 0.083928 1.80603e-05 8.00665e-06 
0.00355326 0.069315 0.00326004 0.0442695 1.51869e-05 0.000395653 0.00118152 0.0588188 0.00109296 1.63993e-05 0.00640715 0.57904 0.00383642 0.0838887 0.107918 0.000207468 0.0336659 0.000346564 0.0011401 0.00163147 
0.00165202 0.0304957 0.00223507 0.00013985 0.000293018 0.0110574 0.00233291 0.0406419 0.00565649 0.00402431 0.00837927 0.416663 0.0211887 0.149325 0.0103051 0.136954 0.0045638 7.17417e-09 8.50348e-05 0.154008 
1.14744e-06 3.7432e-11 4.27794e-09 0.00804887 7.071e-10 3.11488e-08 1.30364e-06 5.36053e-07 4.5585e-10 5.16602e-10 2.10009e-07 0.930398 2.57703e-10 0.00039013 0.0611586 8.85823e-11 1.0758e-06 4.84913e-10 1.14845e-10 3.82441e-07 
3.0344e-06 0.00241055 0.00301697 0.020286 1.09339e-10 0.00372692 0.000791497 0.157151 7.04879e-11 7.18541e-08 0.10877 0.542426 0.0982591 0.0382014 0.0176385 0.00156273 8.76478e-07 7.56127e-08 0.00473628 0.00101859 
0.011022 0.00337159 0.00918441 0.0110998 3.4036e-07 0.00196269 0.00770038 0.0773211 1.21994e-05 2.32705e-06 0.000600757 0.801958 0.000386701 0.0126264 0.0511785 0.000189408 0.00422247 0.000632223 0.00375703 0.00277176 
0.0113853 0.00866889 0.000852891 0.00201507 1.25625e-05 0.00184027 0.0434962 0.0151953 1.1194e-05 0.000331434 4.94984e-06 0.502959 0.00234111 0.00500361 0.405797 2.83423e-06 2.29117e-05 2.4598e-05 2.46719e-05 1.09563e-05 
0.0194797 0.0534926 0.0100539 0.0990277 0.0293072 0.00289505 0.0203611 0.18324 0.00230097 3.78493e-05 0.0253331 0.22874 0.0552367 0.0306751 0.187692 0.000170643 0.0225919 0.0255973 0.00267562 0.00109151 
0.010949 0.0941196 0.0122665 0.015635 5.32581e-08 5.45676e-05 0.00412884 0.236775 0.0166138 0.000336955 0.000481104 0.443572 7.68905e-05 0.0120419 0.143966 0.000383311 0.00145897 0.00230476 0.00460024 0.000235742 
0.0091532 0.0255425 0.00591035 0.125033 1.61433e-07 0.00527653 0.00506659 0.0394897 0.000692851 4.40772e-05 0.00567227 0.48652 0.0158352 0.170764 0.0990164 4.49152e-05 0.000384112 2.52263e-06 0.00537753 0.000174845 
0.00400528 0.057446 0.00109776 0.00409328 6.68627e-05 0.0243855 0.043492 0.00429103 5.94515e-05 0.00202498 0.000298481 0.772441 0.00203661 0.00162951 0.0706567 4.69234e-05 0.004628 0.000648665 0.00365602 0.00299572 
0.0194092 0.0411779 0.03758 0.059655 0.000321933 0.00244934 0.0059793 0.0513783 0.000674839 0.000683097 0.0293725 0.643224 0.000498584 0.0195701 0.0473819 0.00147735 0.0287007 7.17106e-05 0.00624208 0.00415226 
0.00371227 0.00233993 0.000986642 0.0280114 6.64326e-05 0.0381338 0.0182614 0.0360164 0.00896944 0.000519819 0.040478 0.611949 0.00737684 0.0541262 0.0576974 0.0131578 0.000980668 0.000521527 0.00661189 0.0700837 
0.0293027 0.0361457 0.0166224 0.0146316 4.26709e-05 0.000666462 0.00605302 0.0324173 3.78486e-05 0.000548748 0.000181184 0.793728 6.67003e-05 0.00458051 0.0126962 1.0131e-05 0.00988339 0.00278586 0.0343544 0.00524564 
0.041069 0.0676139 0.00520512 0.0894106 0.00214116 0.00355751 0.00339134 0.203346 0.000405431 6.75666e-05 9.60075e-05 0.343546 9.02206e-05 0.0549306 0.173387 1.44519e-05 0.0031232 0.000351391 0.00797263 0.000280652 
0.104148 0.00559793 0.0378466 0.0163038 1.04919e-06 0.000174374 0.020827 0.0795116 0.064678 0.000295149 0.000140471 0.435228 0.00708885 0.0378237 0.0951317 0.00013366 0.000105304 0.000408277 0.0943382 0.000218861 
0.0204899 0.00410209 0.000901411 0.0143386 3.00606e-06 0.0423835 0.0163077 0.0387947 0.0105481 0.00492601 0.0260691 0.644933 0.00715596 0.0853364 0.0324116 0.015179 0.014299 0.000138304 0.000182835 0.0215 
0.0390354 0.115212 0.0273067 0.109294 1.5313e-05 0.0019807 0.0285106 0.0262537 0.00806943 0.00136437 0.00466167 0.355633 0.0014449 0.0425828 0.223751 6.97931e-05 0.00481383 0.000340529 0.00748855 0.00217231 
0.00796916 0.110737 0.00202659 0.0781227 3.15472e-05 0.0162282 0.00846975 0.16643 3.74357e-05 0.000125262 0.00188325 0.355505 0.00995345 0.0247958 0.188194 3.80811e-05 0.0249515 0.00267817 0.00121429 0.000608251 
0.0032181 0.00317823 0.00575885 0.031879 1.48298e-10 0.00412187 0.127004 0.279986 5.48085e-06 2.57089e-05 0.000200447 0.471666 0.00560173 0.0356096 0.0122249 0.000176268 0.00512818 4.31349e-05 0.0134043 0.000768309 
0.00523731 0.0755998 0.0269788 0.0402979 5.55542e-08 0.00169506 0.0198703 0.0168419 0.00247415 0.000367846 0.00167469 0.526216 0.0744324 0.131494 0.0519819 2.98069e-05 0.00150467 0.000170361 0.00712874 0.0160043 
0.00948483 7.15392e-05 0.00027669 0.159467 0.00175276 0.0125403 0.0472888 0.0213384 6.44255e-09 0.00366163 7.73091e-06 0.525263 0.00052989 0.0400901 0.176049 0.000654698 0.000102618 5.45831e-06 0.00139474 2.02244e-05 
0.0430926 0.106922 0.0116903 0.105942 0.00022979 0.00391744 0.0425997 0.104831 0.0361779 0.000279887 0.0357151 0.419841 0.000165263 0.0164123 0.0562935 0.00148232 0.0065575 0.000103492 0.0047361 0.00301159 
0.0144765 0.0102933 0.0107897 0.240352 1.22281e-06 0.0029019 0.0198552 0.033882 5.70023e-06 5.98099e-05 0.00129601 0.470706 0.00252287 0.00731831 0.168381 0.000131706 0.000964142 0.000241297 0.0154645 0.000357682 
0.0221711 0.0280469 0.0357212 0.10285 0.000550888 0.00606484 0.0117528 0.146489 0.0370133 0.00162209 0.00281238 0.188437 0.0018436 0.0632135 0.182739 0.0101036 0.00470064 0.000106058 0.0282019 0.12556 
0.0350898 0.0298014 0.0456312 0.0453211 0.000766472 0.0360719 0.0280648 0.071511 0.0437616 0.00115071 0.00237067 0.533604 0.00291924 0.0432427 0.0311926 0.00535035 0.0122072 0.0184796 0.00629105 0.00717269 
0.0418783 0.0403008 0.0103273 0.230364 0.000829876 0.0204078 0.0196526 0.0353789 0.0213482 0.00120201 0.0143609 0.427207 0.00176066 0.0315396 0.0824386 0.000411034 0.00513091 0.000519469 0.0108307 0.0041114 
0.0258546 0.0130332 0.00282051 0.0151956 2.76784e-05 0.00026619 0.00536172 0.0437862 0.00331782 0.001716 0.000100785 0.675729 8.77872e-05 0.00929588 0.122871 0.000171065 0.00246257 0.07605 0.00175862 9.33037e-05 
0.0132418 0.0180424 0.0330656 0.0576939 9.67218e-07 0.00225346 0.00265863 0.121441 0.0255262 9.06181e-05 0.00274744 0.512711 0.0293254 0.035768 0.134425 0.000402198 0.00128636 0.000257085 0.00552917 0.00353446 
0.0608686 0.00463631 0.0552175 0.0276245 2.01765e-05 0.00255219 0.00156781 0.0360864 0.0343621 0.00113539 0.0126902 0.577707 0.007019 0.0172112 0.064338 0.0102477 0.010447 0.000348151 0.00347252 0.0724479 
0.137376 0.0279131 0.032962 0.0674327 0.000662331 0.0110377 0.0827396 0.0587439 0.00973194 0.00784677 0.00305931 0.373252 0.000260326 0.0228774 0.153668 9.74943e-05 0.00575541 0.000184187 0.00273997 0.00165942 
