3.54692e-07 0.00573795 0.0606701 0.735136 1.14265e-08 0.0872184 0.0213509 0.00291097 1.07452e-06 3.54318e-05 1.1936e-07 0.00221503 3.90441e-06 0.00928337 0.029298 0.000105027 0.00450732 1.91212e-10 0.0341339 0.00739205 
0.00968355 0.0307575 0.00381352 0.714273 9.2211e-07 0.0031478 0.0328197 0.00788909 3.5164e-06 9.13557e-05 0.000190031 0.029806 0.000173174 0.00311249 0.149558 1.99319e-06 0.00269539 1.66347e-05 0.0117977 0.000168703 
0.0146625 0.0186397 0.0308914 0.782639 5.73407e-06 0.00363456 0.00820929 0.0132756 0.000115337 9.67091e-05 0.00762898 0.0365808 6.01819e-05 0.00381068 0.0644907 6.96662e-05 0.00110854 1.31777e-06 0.0117976 0.00228123 
0.0656556 0.038566 0.0262426 0.401969 1.84539e-05 0.012668 0.00399875 0.00614259 0.000309381 0.0589901 0.0019999 0.316397 0.00121706 0.00312176 0.0476668 7.55717e-05 0.00696467 0.00156857 0.00226708 0.00416124 
0.0215331 0.0320832 0.0124593 0.446109 5.73721e-06 0.00245869 0.0954473 0.0239117 0.00637408 0.000437662 7.77878e-05 0.144042 0.000327023 0.0225759 0.173722 3.58253e-05 0.00947739 0.00019967 0.00845524 0.000267257 
0.00461576 0.00762868 0.00647901 0.342095 3.81234e-05 0.000750184 0.0391976 0.00285485 3.90861e-06 2.1743e-06 0.0083189 0.203388 4.42613e-05 0.0113808 0.0988186 4.13149e-06 0.000634603 1.81118e-06 0.00740014 0.266343 
0.0309227 0.0402945 0.029516 0.558109 4.84681e-07 0.0039319 4.85431e-07 0.0277212 4.84977e-07 4.84905e-07 4.85229e-07 0.06675 4.8521e-07 0.00771935 0.0455875 4.85411e-07 4.85387e-07 0.000921878 0.188522 4.85351e-07 
0.0182917 0.137722 0.0621154 0.49726 1.1055e-05 0.0163011 0.0180127 0.0296827 4.76915e-05 0.000858077 0.00144138 0.0308098 0.000487572 0.00941109 0.0581257 5.21153e-06 0.0437252 0.000321593 0.0671662 0.00820346 
0.013752 0.0781833 0.130285 0.257833 0.00280587 0.0144661 0.0142084 0.196897 0.00106556 0.00261053 0.0011065 0.0742983 0.00107849 0.0514247 0.0810322 0.000208564 0.0596391 2.83206e-05 0.0144443 0.00463357 
0.0246363 0.00118646 0.0757006 0.438353 2.66654e-08 1.07261e-07 2.52282e-07 1.1695e-07 0.000190732 4.50113e-09 0.0511194 0.361095 9.81457e-06 0.000579943 0.0275605 0.00135258 7.97846e-08 4.39238e-10 0.0182154 1.95444e-07 
0.0327311 0.053494 0.0737396 0.400177 4.84584e-05 0.0175245 0.010341 0.0430468 0.000856263 0.000656003 0.0206932 0.0194592 0.00180679 0.0160317 0.087583 0.00284054 0.00415126 0.000104585 0.205987 0.00872842 
0.0308492 0.0319036 0.0198079 0.582989 5.70896e-07 0.000860208 0.0142613 0.0170043 8.36163e-06 2.54514e-05 5.7053e-05 0.0148034 6.14097e-05 0.00243305 0.168622 7.94625e-06 0.00356981 5.67629e-05 0.11244 0.000239194 
0.103416 0.0778747 0.0672091 0.434968 9.63661e-06 0.00177084 0.012319 0.0273871 0.000733808 0.000172448 0.0184762 0.145874 0.0105287 0.0294393 0.054027 2.24649e-05 0.00102414 0.000900127 0.0135403 0.000307556 
0.0236563 0.0500348 0.00607655 0.423239 2.28549e-06 0.00252614 0.0788147 0.0125295 0.00072898 0.00309537 0.00374892 0.0260655 2.36617e-05 0.019873 0.329158 5.40933e-05 0.00555578 7.51741e-05 0.0132483 0.0014944 
0.017033 1.3319e-07 0.110767 0.669939 0.000191915 0.00309641 0.119165 0.00695257 8.50543e-08 1.43633e-05 1.79361e-06 0.0129506 4.0868e-07 0.0165717 0.0119369 3.40427e-06 0.000342292 1.51375e-06 0.0303763 0.000654937 
0.00953676 0.0772512 0.00682297 0.519029 2.08656e-06 0.00161509 0.00280558 0.0752493 3.3463e-05 0.0012599 0.00162222 0.0894716 7.02815e-05 0.0293316 0.129468 4.77097e-06 0.00750478 0.000173059 0.0392229 0.00952543 
0.00110138 0.000505527 0.0179169 0.789713 4.36545e-09 1.75439e-08 7.26433e-05 0.00295561 6.01573e-09 7.39228e-10 0.0178024 0.0195562 3.36937e-06 0.00210814 0.0039093 1.02328e-05 0.00040418 4.85752e-08 0.143888 5.36904e-05 
0.0170099 0.0839564 0.109981 0.558304 6.0196e-07 0.00150475 0.0075347 0.0223494 6.77766e-05 0.000179861 0.00189951 0.0138206 0.000191861 0.0255207 0.0429953 0.002759 0.00230274 3.81029e-05 0.0727074 0.0368766 
0.0537332 0.0190217 0.029439 0.293828 0.000973314 0.0518514 0.0884041 0.0606736 0.0103636 0.0082946 0.00993819 0.118857 0.000450058 0.0185923 0.112592 5.81584e-05 0.0114646 0.000343252 0.0978243 0.0132981 
0.0080713 0.0257947 0.113648 0.601129 1.15455e-06 0.00271935 0.0251304 0.0919928 4.49167e-06 0.00022545 0.000193875 0.00258273 0.000154579 0.000437147 0.0389671 1.19339e-05 0.00393684 2.58454e-07 0.0838571 0.00114118 
0.0818513 0.0758281 0.0447198 0.358443 4.5299e-07 0.038347 0.00732503 0.0699839 0.0100603 0.00138404 0.00308502 0.117511 0.000480479 0.00982946 0.127443 2.05274e-05 0.00690412 0.000321343 0.0253955 0.0210664 
0.0573551 0.0641121 0.0105725 0.610369 3.81765e-07 0.0339945 0.00704191 0.0085739 4.3119e-07 8.53795e-05 2.11298e-05 0.0746133 0.00048732 0.00432696 0.0666597 1.84198e-05 0.00711762 1.32921e-06 0.0474978 0.00715132 
0.0101906 0.0166969 0.114475 0.60033 6.75144e-05 0.0147297 0.00696115 0.0338254 2.63179e-05 6.64081e-05 0.000501492 0.0283614 0.000218746 0.014402 0.0970373 4.87883e-06 0.000294644 0.000106764 0.0613288 0.00037437 
0.0148621 0.00236698 0.0728184 0.417312 6.78775e-09 0.00585024 0.000166946 0.00782909 1.72162e-05 1.14763e-09 6.04939e-07 0.0999748 8.58519e-05 6.49223e-05 0.0209558 2.63111e-05 8.00829e-05 1.14014e-10 0.357293 0.000295377 
0.0631086 0.225097 0.128474 0.264802 9.81193e-07 0.0111492 0.0345592 0.0185042 1.56416e-06 0.0362796 6.36814e-05 0.0259567 0.00040724 0.00894756 0.0719688 4.99736e-06 0.0769119 0.00017643 0.0116121 0.0219741 
0.0824504 0.134622 0.0864182 0.445003 3.81729e-06 0.0122085 0.0048465 0.0472619 0.000346174 0.0181784 3.45974e-05 0.00716675 5.94417e-05 0.0103376 0.0736729 0.00017218 0.0124408 0.0364825 0.0262862 0.00200813 
0.0331146 0.0350457 0.0553807 0.315206 0.00254742 0.0335931 0.019482 0.0474429 0.00738651 0.000174551 0.00669591 0.0286398 0.00154207 0.0248043 0.130348 7.54128e-05 0.00451233 0.000178759 0.25191 0.00191969 
0.00139268 0.0614628 0.00642162 0.365405 0.00258263 0.0155359 0.0149846 0.0685867 0.000320395 0.00019666 9.25503e-05 0.151546 0.000170104 0.0371139 0.120263 3.59308e-05 0.0061561 0.123377 0.0232402 0.00111666 
0.00110479 0.000742635 0.0144846 0.670667 5.05223e-05 0.0167005 0.00329238 0.0126032 4.42457e-07 7.33288e-08 7.53203e-07 0.104394 1.75419e-05 0.000229534 0.0912492 1.11871e-07 1.19393e-05 2.52206e-08 0.0836271 0.000824332 
0.00951054 0.0771063 0.0915253 0.709486 0.000911761 0.00121912 0.0621465 0.00479299 5.925e-06 7.4724e-05 1.8162e-07 0.00379436 8.73269e-07 0.00294535 0.0221619 3.34189e-06 0.00139949 1.03461e-06 0.0127011 0.000213285 
0.000385015 0.000371085 0.121628 0.564517 3.38694e-07 0.0019082 0.00971665 0.0145416 7.65074e-08 1.49283e-06 2.13883e-05 0.00712902 7.13962e-05 0.00238436 0.00978094 7.41398e-06 0.00242696 5.71486e-07 0.264468 0.00064056 
0.0214699 0.0394083 0.039307 0.467697 0.000630373 0.00970505 0.0259991 0.0574443 0.000851466 0.000718934 0.00532905 0.130329 0.00174958 0.0145821 0.140728 5.53834e-05 0.0139417 0.000203994 0.0286652 0.00118367 
0.00744232 0.161942 0.0556598 0.388847 1.46379e-05 0.00227186 0.0233815 0.0244987 2.23595e-05 0.0243849 0.000526129 0.0168599 0.00782268 0.00637337 0.10159 1.95159e-06 0.0299877 0.00521112 0.142823 0.000339254 
0.014096 0.00946555 0.0382654 0.765768 6.67091e-08 0.00468564 0.0242776 0.00938108 9.49851e-05 0.000186659 0.00190312 0.00632515 0.000391636 0.00691144 0.100717 2.72341e-06 0.00169975 1.20202e-07 0.0157342 9.32916e-05 
0.0332131 0.0310896 0.0439315 0.737646 4.68363e-08 0.0225377 0.00252623 0.00577271 1.24499e-05 0.00061655 0.00103935 0.048317 8.70377e-05 0.0165787 0.0337005 3.58018e-05 0.00187895 1.9948e-06 0.00873509 0.0122799 
0.00362593 0.0123893 0.191112 0.560624 6.15715e-08 0.00151172 0.000271946 0.00155631 3.35877e-07 0.000424837 3.11711e-08 0.00294163 5.50121e-06 0.00257778 0.0192549 1.98872e-07 0.00159304 4.44798e-07 0.152752 0.0493583 
0.0170099 0.0839564 0.109981 0.558304 6.0196e-07 0.00150475 0.0075347 0.0223494 6.77766e-05 0.000179861 0.00189951 0.0138206 0.000191861 0.0255207 0.0429953 0.002759 0.00230274 3.81029e-05 0.0727074 0.0368766 
0.0545854 0.0692517 0.149971 0.354694 0.000208945 0.0127026 0.0139786 0.0631405 0.00183835 0.00926911 0.00988315 0.0486055 0.00970277 0.0254126 0.121085 0.000296576 0.00511731 5.72011e-05 0.0426704 0.00752898 
0.00130852 0.0030824 0.00727894 0.952771 8.39538e-08 0.00156967 0.000318919 0.0048214 2.45294e-05 0.000463234 9.0643e-05 0.00440365 4.82453e-05 0.00256485 0.0111392 9.2439e-06 9.30178e-05 7.01869e-08 0.00996679 4.54163e-05 
0.029965 0.0349517 0.0633928 0.334077 5.53283e-06 0.0282767 0.00607704 0.0547756 0.000593201 0.000316859 0.000603036 0.0340063 0.000250215 0.0227485 0.0752659 0.00158198 0.00266925 0.00015079 0.293622 0.0166704 
0.05973 0.014865 0.0598265 0.30561 0.000235243 0.0200716 0.0792781 0.00982733 0.00174961 5.95809e-05 6.44377e-05 0.29589 0.00239375 0.0363162 0.103548 1.80458e-05 0.0057331 0.000130827 0.00437452 0.000278035 
0.127586 0.0333684 0.109691 0.247625 2.34509e-05 0.0102135 0.0338219 0.103622 0.00346833 0.000164252 0.000226248 0.0693185 2.89338e-06 0.00707833 0.241866 1.47518e-05 0.00124957 1.87603e-07 0.0104539 0.00020646 
0.0303412 0.0665205 0.0775568 0.558119 9.39224e-05 0.00752801 0.0196354 0.0384459 0.000687004 0.000475379 0.0013061 0.0449811 0.000388358 0.0109042 0.0924058 0.00016793 0.00748839 0.000241841 0.0380335 0.0046798 
0.0102119 0.0100589 0.0314761 0.749196 2.6537e-06 0.00185009 0.0594934 0.0403269 0.000118286 0.000113229 0.00339536 0.0187204 3.27249e-05 0.0123069 0.0418855 3.29475e-06 0.00160183 7.34482e-07 0.0187729 0.000432534 
0.0439187 0.0376393 0.0129827 0.38117 0.000316253 0.00724893 0.0269611 0.0476729 9.00599e-05 0.00667034 0.0055544 0.0199363 0.000101422 0.117441 0.0518571 0.0442555 0.00321304 3.10765e-05 0.192086 0.000854707 
0.160471 0.0107023 0.0241921 0.166873 6.23295e-07 0.0157175 0.0974076 0.0803478 0.0556815 3.51822e-06 0.000114109 0.154038 0.000240439 0.0563346 0.157605 4.36808e-05 0.0141869 0.000464178 0.00537075 0.000205288 
6.18723e-05 8.04415e-05 0.278999 0.630738 3.10185e-05 4.1646e-05 5.9169e-05 7.69479e-05 2.77383e-05 2.56479e-05 1.22416e-05 0.0895317 3.41549e-06 1.71992e-05 8.39993e-05 1.94534e-06 5.72427e-05 6.12464e-05 6.16413e-05 2.73228e-05 
0.0200208 0.0534376 0.0135889 0.391295 0.00017239 0.00120949 0.0388073 0.0593747 6.87738e-05 0.000203913 0.000330103 0.0545127 2.46432e-05 0.00210212 0.334307 1.66294e-05 0.0171302 0.00175359 0.0111241 0.000520453 
0.0656932 0.0578327 0.113662 0.394031 2.89032e-05 0.00900107 0.00657299 0.00887969 0.0003959 0.000841058 0.000697126 0.0268014 0.000709653 0.00331911 0.0750772 0.000415274 0.00056996 2.89852e-06 0.116073 0.119396 
0.00398561 0.00266748 0.0761856 0.622061 2.25275e-06 0.000388125 0.00156744 0.0104573 0.00143612 0.002361 0.00125962 0.205057 3.39609e-05 0.00854509 0.0620694 0.00022368 0.000114409 0.00101325 0.000355061 0.000216092 
0.0145579 0.140378 0.215314 0.382361 1.12923e-06 0.00532288 0.00246083 0.00438362 3.21262e-05 0.13609 1.72376e-05 0.00213249 5.49207e-05 0.000974901 0.0186792 5.73233e-06 0.00749904 5.42597e-06 0.0674185 0.00231123 
0.0255664 0.0476256 0.135555 0.329703 7.34382e-06 0.00126713 0.00681018 0.0321126 7.12748e-06 0.000396871 0.00106482 0.0236073 0.000910379 0.00705413 0.157472 2.84029e-05 0.000731669 1.03584e-05 0.18638 0.0436911 
0.0179541 0.102613 0.130742 0.473367 7.30545e-07 0.00183911 0.00920905 0.0273159 8.28305e-05 0.000219817 0.00232152 0.0161729 0.000234486 0.0311918 0.0496306 0.0033528 0.00281443 4.65595e-05 0.0858202 0.0450712 
0.00760586 0.147415 0.00318755 0.423366 1.16237e-05 0.0183649 0.0752165 0.0254194 6.87853e-05 6.07097e-05 0.000305589 0.0246246 3.96127e-05 0.00769266 0.217009 7.00922e-06 0.00280988 6.55618e-05 0.0455952 0.00113479 
0.0279239 0.0507659 0.0604716 0.461556 2.47937e-05 0.0129491 0.0207582 0.0405717 3.72518e-05 0.00050802 0.00230381 0.0272961 0.000257473 0.01902 0.139637 0.000750379 0.00433089 3.04645e-05 0.119992 0.0108151 
0.0610027 0.0596063 0.0955527 0.313359 4.85834e-05 0.00728711 0.0224964 0.0507894 0.00041737 0.00165777 0.00534056 0.106987 0.00111098 0.0487043 0.133573 0.000517165 0.0113046 0.000187418 0.0672722 0.0127864 
0.108096 0.0677458 0.266 0.287063 1.01514e-05 0.00458381 0.0130523 0.0492601 0.00021201 0.000101355 0.00284607 0.0144212 0.000370034 0.0171899 0.0651956 0.0160276 0.00802745 0.000226351 0.070733 0.00883818 
0.0308443 0.0224866 0.0104027 0.448376 0.014484 0.0128942 0.00679053 0.000991621 1.22727e-05 0.00946168 0.00266877 0.375485 9.25838e-05 0.00764309 0.0391551 0.000179567 0.00827151 0.00523002 0.00364063 0.000889945 
0.0961744 0.0509649 0.0863929 0.399636 0.000303653 0.00989206 0.0258573 0.0613118 0.00144072 0.0006967 0.0126722 0.0588271 0.00225334 0.0168551 0.104132 8.88491e-05 0.0114343 0.000165248 0.0568597 0.00404162 
0.0345729 0.0248993 0.0312479 0.326715 2.74393e-08 0.0238609 0.00179282 0.0512156 0.000274088 0.000430241 6.94866e-05 0.0988709 0.00240579 0.0142866 0.100182 0.000197721 0.00112693 0.0016213 0.253663 0.0325674 
0.0838222 0.0271207 0.0922774 0.574407 0.00055265 0.00245618 0.00962364 0.0172997 0.000290066 0.0105576 0.00896231 0.0275896 0.00386653 0.024235 0.0735463 4.63706e-05 0.00297408 4.39574e-05 0.0395633 0.000765151 
0.0273984 0.0137259 0.114849 0.627246 1.32474e-06 0.00186263 0.00804906 0.0429566 0.000120021 0.00052527 0.000202029 0.022405 0.000119144 0.00912331 0.0746855 0.00764963 0.00504612 0.000195784 0.0435234 0.000315769 
0.0149574 0.0370656 0.0115973 0.679895 4.01276e-06 0.0122915 0.0603358 0.0158114 6.32967e-05 0.0031298 0.00251485 0.0288344 4.95031e-05 0.0262973 0.0961141 8.98315e-06 0.00330964 6.77219e-06 0.00641256 0.00130141 
0.0278972 0.211832 0.0766193 0.215019 4.14079e-06 0.0179304 0.0222978 0.0940325 0.00133097 0.00272046 0.00644116 0.0067665 0.0104039 0.0591083 0.15274 0.0118439 0.021122 1.26021e-09 0.0138379 0.048052 
0.0310773 0.01673 0.190694 0.260756 8.16615e-06 0.00161448 0.00462242 0.103921 0.000110618 0.000728112 0.0078531 0.164381 0.000709266 0.0190781 0.164109 7.81322e-05 0.0028559 0.000279015 0.0292357 0.00115812 
0.00130852 0.0030824 0.00727894 0.952771 8.39538e-08 0.00156967 0.000318919 0.0048214 2.45294e-05 0.000463234 9.0643e-05 0.00440365 4.82453e-05 0.00256485 0.0111392 9.2439e-06 9.30178e-05 7.01869e-08 0.00996679 4.54163e-05 
0.0421149 0.0472124 0.0360088 0.429654 0.000372953 0.112606 0.00093182 0.0497067 4.55745e-05 0.000116316 0.0114645 0.036259 0.000288741 0.084833 0.0851181 1.13825e-05 0.0439881 0.000132915 0.0173117 0.00182234 
0.072313 0.0846028 0.0545687 0.465241 4.37841e-06 0.0107149 0.00903371 0.0265489 2.39331e-05 0.00326184 0.000653217 0.0230693 0.00044276 0.0116873 0.195708 0.00255618 0.00557644 2.77609e-05 0.0300222 0.00394313 
0.000118554 0.0498144 0.00233859 0.530765 0.000186639 0.00156736 0.0153852 0.190533 5.32983e-05 0.0204231 0.00527644 0.0759322 6.63318e-06 0.00125657 0.090824 6.47436e-05 0.0104868 0.000139803 0.00429207 0.000535267 
0.0488454 0.0546907 0.00782267 0.289844 2.03856e-07 0.0125807 0.0204089 0.0379513 5.65206e-06 0.000855966 0.00559866 0.0995571 0.0139023 0.0132464 0.105481 7.42785e-06 0.0020021 6.95548e-08 0.286391 0.000808846 
0.0124715 0.00462666 0.0302245 0.195144 0.000317218 0.0175073 0.0607341 0.136612 0.00194724 0.000261294 0.00765161 0.183529 0.000666725 0.140799 0.115847 4.50132e-05 0.0399908 0.000700946 0.046943 0.00398021 
0.151324 0.0128528 0.0505762 0.424568 2.00066e-07 0.00165062 0.0264422 0.0375806 1.08662e-05 6.96482e-05 0.0956566 0.083927 0.00080876 0.00995707 0.0520035 0.000136474 0.00389871 1.59201e-05 0.047356 0.00116458 
0.0118455 0.00968514 0.0802643 0.491928 3.06725e-08 0.0192155 0.00269524 0.00359084 4.12422e-08 5.97882e-09 5.10186e-10 0.144043 0.0356873 6.4536e-06 0.000201335 0.000520184 0.000549519 1.75637e-05 0.199443 0.00030771 
0.0493174 0.0585412 0.0842642 0.488472 8.0821e-05 0.0083432 0.0199947 0.049433 0.0040179 0.00112319 0.00339805 0.0531611 0.00249671 0.0368968 0.0926796 0.000906246 0.0131603 0.000287887 0.0218858 0.0115396 
0.129802 0.000964942 0.137652 0.541694 2.00917e-05 0.0053086 0.0348724 0.00800915 0.000159685 5.61094e-10 0.0671722 0.0182901 0.00297158 0.0200812 0.0120699 5.5479e-05 0.00247252 7.72709e-06 0.0182015 0.000194866 
0.039056 0.0535365 0.0431586 0.310293 1.3053e-06 0.00360201 0.0507771 0.092029 4.68076e-05 3.0483e-05 0.000691957 0.0345598 6.382e-05 0.056091 0.200939 3.1444e-05 0.00353131 9.99202e-06 0.110856 0.000694689 
0.0147308 0.138411 0.0110813 0.261508 4.14379e-05 0.0209488 0.0592684 0.137781 0.000784456 0.00120546 0.00634611 0.0249769 0.0162602 0.0905596 0.130605 0.00172491 0.0609478 0.000235506 0.00606495 0.0165181 
0.00335837 0.0787989 0.002674 0.554165 5.52218e-06 0.00436696 0.11541 0.00959021 0.000148955 0.00390333 0.000484611 0.0199102 0.000181555 0.0163683 0.170934 0.00615483 0.00486093 0.00013295 0.00316432 0.00538762 
2.74825e-06 3.57306e-06 0.0286128 0.475869 1.37779e-06 0.0482826 0.0131435 0.220114 1.23209e-06 1.13923e-06 5.43751e-07 0.163944 0.00074353 0.0213916 3.73109e-06 0.000259311 0.0147497 2.72045e-06 0.0128713 1.21363e-06 
0.0177384 0.0260613 0.00842087 0.339003 6.15987e-06 0.0220808 0.00549762 0.0461245 4.88918e-06 0.000245833 0.0239622 0.0052369 3.32027e-05 0.0329119 0.222046 5.9729e-06 0.0254958 0.000136341 0.22291 0.00207805 
0.00607359 0.0276772 0.0403472 0.472886 8.29132e-06 0.00210019 0.0068399 0.0112986 0.00061867 0.00376981 0.00207421 0.00842663 0.00232618 0.00530231 0.0394451 6.47139e-06 0.00413825 5.65582e-05 0.366269 0.000335623 
0.20359 0.0381204 0.0584677 0.453936 9.54618e-08 0.0220138 0.0103903 0.0548545 5.86446e-07 0.0219291 0.00299502 0.0153096 0.000227556 0.0107971 0.0742633 7.03139e-05 0.00204082 5.14629e-05 0.0159101 0.0150324 
0.0112363 0.0633811 0.129621 0.420779 7.65697e-05 0.00437423 0.0137136 0.0685318 4.36159e-05 0.000123147 0.0136193 0.0623667 0.000176946 0.0224085 0.102042 2.5346e-05 0.026009 0.000222989 0.0596424 0.00160638 
0.0108867 0.170127 0.0685699 0.234972 2.87386e-06 0.0472196 0.0257598 0.121671 1.39614e-06 0.00311024 6.55422e-05 0.0172192 8.4201e-05 0.0719529 0.0984725 1.3977e-05 0.0282855 7.33573e-05 0.0948131 0.00669903 
0.00534834 0.0128131 0.129425 0.297726 4.01808e-08 0.00520141 0.00131943 0.0188952 2.08711e-05 0.0016514 0.000612491 0.120249 0.00120924 0.0187956 0.162836 3.32223e-07 0.0280907 1.19501e-07 0.195518 0.000288062 
0.0249689 0.134607 0.00772981 0.243334 4.48454e-05 0.00689324 0.04296 0.229053 0.000250915 0.00435265 0.0101407 0.0695917 0.00283954 0.0224619 0.150139 0.000417858 0.0257416 0.000277929 0.0184535 0.00574333 
0.011974 0.0585436 0.0374695 0.602071 7.6571e-05 0.0309944 0.0300151 0.0254945 0.000139355 0.000700308 0.00321915 0.0654142 0.00142621 0.0147707 0.0706209 0.000103911 0.00384553 0.000122801 0.0414582 0.00153973 
0.00324539 0.0652259 0.340853 0.448465 0.00462138 0.00753508 0.00286375 0.00539067 1.82106e-06 4.25995e-05 0.00157415 0.00396053 6.75807e-06 0.00521501 0.018239 2.42021e-05 0.00195754 7.37937e-06 0.0897178 0.00105327 
0.0151729 0.00987043 0.0695838 0.6518 2.12615e-08 0.000791203 0.00179714 0.00966441 0.00047692 4.18982e-05 0.00061189 0.0455256 0.000498054 0.00567232 0.026329 3.57271e-06 8.27605e-05 0.00588147 0.156156 4.12421e-05 
0.133451 0.115753 0.0317066 0.253557 1.15369e-08 0.024678 0.00721251 0.195551 3.01709e-05 7.36424e-07 0.00361592 0.0419028 0.00018829 0.015079 0.14999 8.04479e-05 0.0045669 1.44374e-06 0.0187862 0.00384928 
0.0266407 0.132964 0.116767 0.377743 5.19923e-05 0.00441734 0.0152293 0.0390813 6.98233e-05 0.00046214 0.00444084 0.0473992 0.00015694 0.0237222 0.156551 3.24285e-05 0.00519227 7.42392e-05 0.0470301 0.00197439 
0.00512069 0.0173284 0.00592538 0.826434 2.37172e-06 0.000723677 0.0137832 0.00781733 8.58196e-06 5.11148e-05 1.80297e-05 0.00122299 1.44928e-05 0.000194243 0.0997764 1.11097e-05 0.000123669 9.0663e-07 0.0213705 7.31466e-05 
0.00110138 0.000505527 0.0179169 0.789713 4.36545e-09 1.75439e-08 7.26433e-05 0.00295561 6.01573e-09 7.39228e-10 0.0178024 0.0195562 3.36937e-06 0.00210814 0.0039093 1.02328e-05 0.00040418 4.85752e-08 0.143888 5.36904e-05 
0.0322874 0.0784911 0.116988 0.397118 0.00550073 0.0136152 0.0166401 0.0387027 0.0020492 0.00160541 0.00474654 0.0231489 0.00245028 0.0198611 0.0883559 0.00180426 0.0109759 0.000138147 0.140756 0.00476449 
0.0286142 0.0415213 0.100149 0.376168 0.000550506 0.0126633 0.0133604 0.028911 0.00175543 0.00206909 0.00534657 0.222573 0.00354414 0.0210343 0.0530753 0.000316881 0.00621529 0.000167861 0.0787172 0.00324729 
0.0592346 0.0600819 0.0304348 0.207235 0.000625825 0.00537826 0.0286522 0.0511441 0.0163717 0.0015773 0.00952331 0.125556 0.00123976 0.0597696 0.10908 0.0127353 0.0132896 0.000744718 0.20629 0.00103569 
0.0201591 0.0403991 0.0593909 0.289141 2.5415e-05 0.00479973 0.0104412 0.0206515 8.33828e-05 0.000486725 0.000745244 0.185064 0.0106798 0.0131492 0.286519 2.39579e-05 0.00291279 6.27877e-05 0.0521268 0.00313857 
0.0995131 0.0668066 0.11727 0.321739 9.17356e-06 0.00723953 0.0259864 0.0511908 9.17712e-05 0.00079193 0.00286726 0.0338673 0.00418696 0.0169746 0.106561 2.53943e-05 0.0178396 8.85212e-05 0.125258 0.00169296 
0.0181721 0.13727 0.00629146 0.454051 1.59096e-05 0.0204381 0.0229488 0.0459393 5.68758e-05 9.72107e-05 0.00591269 0.0147124 1.92519e-05 0.0135118 0.132127 9.9253e-06 0.0278405 0.000355205 0.0577008 0.0425301 
0.0255372 0.020529 0.0124187 0.217081 0.000189802 0.0604879 0.0713177 0.0173171 7.6509e-07 0.00773186 0.00301962 0.211745 0.00442578 0.166487 0.152076 0.000102191 0.00188065 7.04397e-07 0.0270548 0.000597649 
0.135164 0.192181 0.00923424 0.319833 7.99847e-05 0.161825 0.0124999 0.0221093 0.000120321 0.00131854 0.00583399 0.00435557 0.00353381 0.00304813 0.113242 0.000463928 0.00303088 1.86658e-05 0.00802133 0.00408682 
0.0402891 0.0830688 0.0847578 0.495233 0.00180033 0.0167619 0.0186996 0.0589545 0.00134508 0.001633 0.00292651 0.0372052 0.00188066 0.0229882 0.0779614 8.11863e-05 0.0147408 0.000104283 0.031305 0.00826355 
0.00110138 0.000505527 0.0179169 0.789713 4.36545e-09 1.75439e-08 7.26433e-05 0.00295561 6.01573e-09 7.39228e-10 0.0178024 0.0195562 3.36937e-06 0.00210814 0.0039093 1.02328e-05 0.00040418 4.85752e-08 0.143888 5.36904e-05 
0.0593853 0.0612817 0.0941389 0.424639 3.27276e-06 0.00177926 0.00450055 0.0282169 0.000245739 0.000413327 0.000929045 0.0373468 0.000133541 0.00385926 0.238767 2.05244e-05 0.00067447 2.15462e-05 0.039509 0.00413462 
0.0237722 0.0259928 0.0294234 0.711816 1.79262e-06 0.00796348 0.00982493 0.0264328 3.5141e-05 0.00171981 0.000279655 0.0280568 0.00499047 0.0173936 0.0923045 2.01071e-05 0.00504305 3.60732e-06 0.0140404 0.000885662 
0.0520082 0.0533697 0.110013 0.429921 6.77478e-05 0.00227413 0.02727 0.0575528 0.000353773 0.00394775 0.00622236 0.0315529 0.00373226 0.0159092 0.144561 6.00757e-05 0.00274055 0.0015998 0.0293955 0.0274491 
0.0120467 0.016884 0.0594722 0.544812 1.51428e-06 0.000743807 0.00156403 0.0139851 3.44081e-05 0.000420015 8.82664e-05 0.0536479 0.000509 0.00158701 0.0360484 3.89163e-06 0.00251483 0.000178856 0.255161 0.00029715 
0.0160859 0.0907251 0.0299246 0.440223 3.0341e-06 0.0073633 0.0647922 0.0277584 1.27097e-05 0.000934372 0.000104085 0.0143013 0.00381262 0.0151989 0.22751 0.000197984 0.0359729 2.31294e-05 0.022722 0.00233481 
0.0515176 0.0229962 0.0161331 0.42441 0.00283653 0.00289698 0.0197262 0.0419861 0.00178091 0.00076065 0.0017477 0.0288747 0.0010095 0.00989138 0.13705 0.00125395 0.00210997 0.000273485 0.224514 0.00823075 
0.0985787 0.0983092 0.050477 0.611472 1.67215e-06 0.00986184 0.00243774 0.0379616 0.000568181 0.000104044 4.68393e-05 0.0155167 4.35242e-06 0.00178049 0.0361614 1.23547e-06 0.0249975 6.03426e-07 0.0116669 5.22312e-05 
0.0364831 0.0120863 0.0432127 0.683346 9.59167e-08 0.00180525 0.0102385 0.00328775 0.000139239 0.0043108 0.00056754 0.0986449 8.05766e-05 0.0468043 0.00712306 1.18015e-05 0.00121496 0.00063062 0.0499759 3.61892e-05 
0.0202704 0.0276111 0.080654 0.539831 1.85792e-05 0.0185057 0.0105131 0.0634644 8.34648e-05 0.00354468 0.00124367 0.0279642 0.00236915 0.0137398 0.0706998 0.00184254 0.00404238 2.14988e-05 0.0977459 0.0158343 
0.0147996 0.0596336 0.00838538 0.594013 0.000231104 0.0143404 0.00406496 0.0100183 8.72023e-08 1.53128e-05 0.0016215 0.020558 7.82557e-07 0.0550188 0.114439 6.48879e-06 0.0387807 2.81409e-07 0.0432942 0.0207794 
0.0637165 0.0629503 0.086914 0.257498 0.000348619 0.224833 0.00363171 0.0414541 6.37598e-05 0.00028791 0.000612619 0.0525736 0.00321515 0.0199061 0.0574746 2.61032e-05 0.0250828 4.6088e-05 0.0983379 0.00102633 
0.0116637 0.141001 0.0490745 0.348659 5.37444e-06 0.00555708 0.00419538 0.0817886 2.09562e-05 0.000127302 0.012471 0.12512 7.31258e-06 0.0233605 0.161649 9.54709e-05 0.000308145 0.00076023 0.0335518 0.000582478 
0.0129874 0.0706736 0.0787883 0.449197 0.00861745 0.00986305 0.0246175 0.0251821 0.000585962 0.000319042 0.0018204 0.0308404 3.7518e-05 0.0356825 0.105629 5.51569e-05 0.0108949 3.81389e-05 0.12537 0.00880099 
0.0541718 0.00535028 0.0156615 0.20566 4.9907e-09 0.00230735 0.137353 0.143545 1.49697e-08 8.4567e-05 0.000607232 0.139234 0.00517437 0.0629693 0.20368 0.000130279 0.0112691 3.75546e-07 0.00512905 0.00767329 
0.000519434 0.0434452 0.00227732 0.825842 7.90293e-09 0.0105277 0.0403393 0.00651498 2.20721e-07 2.90001e-05 0.000707069 0.023035 1.96679e-05 0.00714964 0.0229741 1.13934e-05 0.0135404 4.92687e-09 0.00162826 0.00143939 
0.0432513 0.0256988 0.0609554 0.38344 3.31359e-06 0.00263161 0.0104995 0.0496757 0.000147156 6.63262e-05 0.000475947 0.198047 0.000106619 0.010843 0.161237 2.42361e-05 0.00199653 0.000678256 0.0492862 0.000936157 
0.1023 0.0426944 0.0094258 0.222834 1.29168e-05 0.0024428 0.00366661 0.163485 0.000101258 0.000130917 0.00196814 0.0796555 1.23513e-05 0.206711 0.109198 4.11403e-05 0.00290677 0.00370805 0.0475954 0.0011105 
0.00296106 0.000220773 0.0481563 0.384478 2.22032e-06 0.00103199 0.0243395 0.0174423 4.30041e-06 0.00029429 0.034718 0.243231 0.000665313 0.131364 0.0724065 0.000147743 0.000362019 2.42193e-08 0.0378786 0.000295982 
0.0444562 0.0220509 0.000718534 0.669578 0.00326871 0.131549 0.0011778 0.0127375 5.18909e-05 1.91242e-06 0.00154356 0.0232693 0.00324404 0.000944504 0.054427 2.71602e-06 0.00054863 3.11428e-07 0.0301383 0.000290705 
0.0734522 0.0333433 0.270123 0.271527 3.67745e-05 0.00617666 0.0166763 0.0615292 0.000233935 0.000128406 0.00629709 0.0320425 0.0024753 0.0197413 0.110758 2.79022e-05 0.0103668 0.000143209 0.0789733 0.00594798 
0.0299645 0.0361749 0.0591236 0.554821 0.0006501 0.0164678 0.0145266 0.0292332 0.000587924 0.000526738 0.00329288 0.0351883 0.00154309 0.0166772 0.119998 0.000972237 0.00385797 9.26552e-05 0.0703579 0.00594328 
0.00744232 0.161942 0.0556598 0.388847 1.46379e-05 0.00227186 0.0233815 0.0244987 2.23595e-05 0.0243849 0.000526129 0.0168599 0.00782268 0.00637337 0.10159 1.95159e-06 0.0299877 0.00521112 0.142823 0.000339254 
0.147399 0.0378568 0.151746 0.275824 0.000476975 0.0201223 0.0858 0.00711363 1.26858e-06 0.00182627 0.00182707 0.119974 0.000998861 0.0301944 0.0549833 1.06281e-05 0.00305572 3.19261e-09 0.0513395 0.00945014 
0.0468568 0.0432632 0.158208 0.242144 3.36557e-05 0.00192553 0.0377506 0.0403738 0.000648979 0.0152391 0.0937497 0.0820545 0.00279322 0.0422936 0.155438 0.00579569 0.00404073 0.000121815 0.0204962 0.00677234 
0.014691 0.0562751 0.0172416 0.593797 6.9218e-06 0.00559841 0.0266744 0.0290882 0.00117996 9.22451e-05 0.0143419 0.0137165 0.00524536 0.0278524 0.148582 0.000190076 0.00120233 5.477e-05 0.0253904 0.0187799 
0.00110138 0.000505527 0.0179169 0.789713 4.36545e-09 1.75439e-08 7.26433e-05 0.00295561 6.01573e-09 7.39228e-10 0.0178024 0.0195562 3.36937e-06 0.00210814 0.0039093 1.02328e-05 0.00040418 4.85752e-08 0.143888 5.36904e-05 
0.0022227 0.00970765 0.00644516 0.764909 0.000277231 0.00584374 0.0252654 0.0116629 4.65721e-07 0.000128791 0.00014821 0.0228691 0.000401694 0.0237085 0.0825766 2.15706e-07 0.0361903 0.000103449 0.00753522 3.42818e-06 
0.170197 0.0644716 0.0325245 0.421065 3.71339e-06 0.108845 0.021248 0.0182861 0.00018992 2.16749e-05 0.000519556 0.013694 0.00140834 0.00599657 0.0825964 8.50255e-06 0.046227 2.51109e-06 0.0125623 0.000132034 
0.0188094 0.00309052 0.0621839 0.561458 4.02115e-08 8.08266e-05 0.00302078 0.0310651 1.13184e-05 8.81456e-06 0.0108866 0.156108 0.000497694 0.0048325 0.0575955 0.000140931 0.000423827 1.56079e-06 0.0892835 0.000502058 
0.0147663 0.0449619 0.0482178 0.353298 1.42582e-05 0.00254191 0.00654958 0.019719 0.00414024 0.000389224 0.00212913 0.122145 0.00500872 0.0121462 0.307342 8.52195e-05 0.00401942 8.27906e-05 0.0510967 0.00134618 
0.00689448 0.00165878 0.0112999 0.48942 7.85391e-09 2.95798e-05 0.00110091 0.0637475 0.187103 1.46302e-06 0.00393457 0.104971 0.000147148 0.00696535 0.0918662 1.26024e-05 0.000144473 5.48469e-09 0.0245695 0.00613303 
0.161326 0.0361599 0.0996921 0.230403 8.89505e-05 0.0063109 0.0259723 0.0692608 0.000420682 0.000256944 0.00410077 0.102282 0.000611864 0.0691634 0.133268 0.0114414 0.00332304 6.4383e-05 0.0254784 0.0203756 
0.00021682 0.052556 0.00220174 0.203715 5.76787e-05 0.00418754 0.000261805 0.0872487 5.27765e-06 0.0808415 0.000160462 0.162293 0.000640471 0.0857455 0.025845 2.68534e-05 0.048705 0.198064 0.0405227 0.00670559 
0.0530406 0.0409181 0.329345 0.371322 5.88482e-06 0.00491601 0.00673073 0.020864 5.27504e-05 0.0422709 0.000153634 0.0280541 0.000128728 0.00806354 0.0563507 2.51445e-06 0.00176952 0.000452089 0.0349266 0.000632535 
0.00304383 0.000230575 0.0855457 0.81785 7.71802e-08 0.00149555 0.00182978 0.00226938 6.14796e-05 4.93977e-07 1.31296e-05 0.0192876 2.54688e-06 0.00410053 0.0173587 7.06379e-06 8.23808e-05 2.69072e-10 0.0467124 0.000108362 
0.00291015 0.0333839 0.00505428 0.51914 3.35771e-06 0.012256 0.064209 0.0248466 4.6439e-05 0.000153924 0.000204148 0.108676 0.00128561 0.0424413 0.146071 3.83322e-05 0.0229323 2.94588e-05 0.0149638 0.00135455 
0.0306494 0.0458858 0.0274074 0.31409 9.52872e-07 0.00271817 0.0836592 0.0952012 7.17399e-06 3.70601e-05 0.000472529 0.0642781 0.000520795 0.00751942 0.292397 0.0146356 0.00232472 5.9686e-05 0.0180629 7.29892e-05 
0.000160441 7.82467e-08 1.12859e-07 0.332764 1.4781e-06 2.77551e-07 0.332747 6.36008e-05 9.52895e-07 0.0644348 0.00010502 0.269245 5.38695e-07 0.000134056 0.000161545 1.8517e-07 2.2665e-07 1.01365e-06 0.000179067 2.93622e-07 
0.000702412 0.0120486 0.242284 0.635935 3.46136e-08 0.00049092 0.0190224 0.00176869 1.60772e-07 0.00048683 0.000697116 0.0437327 2.07552e-06 0.0013181 0.0368194 1.42506e-06 0.000257422 1.04613e-06 0.00442622 5.34458e-06 
0.000140259 0.000213151 4.01364e-06 0.989498 2.55919e-08 1.0305e-07 0.00135947 1.12364e-07 3.5305e-08 4.30416e-09 8.52366e-06 0.000215203 1.96757e-06 7.62281e-07 0.0060149 9.02008e-09 2.91863e-12 4.0277e-10 0.00254338 1.87776e-07 
0.00453919 0.00157563 0.00019211 0.411354 6.40816e-07 0.00702825 0.00304074 0.00732867 6.01226e-05 0.000366244 0.002264 0.271628 0.000872937 0.0098333 0.27337 5.79522e-07 0.00369056 6.08551e-06 0.00143079 0.00141787 
0.0403125 0.0232192 0.213279 0.462468 1.30651e-07 0.00442153 0.00287022 0.0706665 3.80688e-06 0.000219069 0.00841784 0.0246146 0.00146954 0.0314965 0.0348976 0.000179477 0.00035945 6.92419e-06 0.0439775 0.0371203 
0.034715 0.0622044 0.0358129 0.586469 6.26889e-07 0.0215187 0.00638444 0.0760849 9.26906e-05 0.000171913 0.000530441 0.112364 8.04235e-05 0.00406941 0.0113317 4.3521e-05 0.0298979 8.15158e-05 0.0171893 0.000957063 
0.00110138 0.000505527 0.0179169 0.789713 4.36545e-09 1.75439e-08 7.26433e-05 0.00295561 6.01573e-09 7.39228e-10 0.0178024 0.0195562 3.36937e-06 0.00210814 0.0039093 1.02328e-05 0.00040418 4.85752e-08 0.143888 5.36904e-05 
0.0508899 0.0178753 0.125417 0.366743 5.83218e-06 0.0026053 0.0057121 0.0375055 0.0086128 0.00359523 0.00406075 0.0282575 0.00173094 0.00623633 0.060554 0.000521701 0.00094931 0.000401275 0.276738 0.00158771 
0.0874943 0.10362 0.0198485 0.349859 0.000135442 0.0343398 0.0953421 0.0238329 3.8974e-05 0.000442084 0.000286597 0.020547 0.000185814 0.00540402 0.234161 0.000122107 0.00659754 0.000127729 0.0131195 0.00449579 
0.0110535 0.02284 0.032467 0.36673 9.90985e-05 0.00335106 0.066815 0.0481394 0.000108547 0.000792137 0.000379837 0.290272 0.00245337 0.0204571 0.0887356 0.00418209 0.0115313 0.000153647 0.026936 0.00250311 
0.00327956 0.0049465 0.439048 0.502919 9.52189e-08 0.000533276 0.00740647 0.00213353 1.66069e-06 5.68158e-07 9.80297e-06 0.00103064 1.97464e-05 0.000295702 0.0297933 3.56387e-07 1.18691e-05 1.73117e-08 0.00850559 6.41934e-05 
0.00239397 0.0509362 0.010043 0.44139 0.0194669 0.0179602 0.038017 0.0107847 0.000555625 0.000258736 0.00234229 0.037364 1.35949e-05 0.0332575 0.157056 1.30549e-05 0.0113813 3.13196e-06 0.165587 0.00117563 
0.009956 0.0178866 0.0870555 0.331367 8.83337e-06 0.00110087 0.00253508 0.0221787 0.000228885 8.466e-05 0.00294544 0.314027 5.79245e-06 0.0470662 0.143772 0.000322254 0.00428393 1.14511e-05 0.014995 0.000168777 
0.0343345 0.00964334 0.202511 0.264854 9.7171e-07 0.0113498 0.0670713 0.053361 0.000261142 0.000301918 0.00200179 0.131904 0.00282784 0.0856822 0.0224927 9.79224e-05 0.00892007 0.000107315 0.0608171 0.04146 
0.0287019 0.110785 0.0147022 0.2606 3.57071e-05 0.0101763 0.0337832 0.204813 1.76732e-05 0.0110552 0.0115381 0.0704121 6.94005e-05 0.109408 0.0898139 0.000108953 0.0117591 2.90196e-07 0.00274925 0.0294702 
0.00839337 0.0143055 0.0379873 0.634502 0.00704187 0.000868377 0.00227216 0.0114775 2.39526e-05 2.84284e-06 0.0239822 0.11018 7.96531e-06 0.015876 0.0823411 7.8203e-06 0.000452287 1.41839e-05 0.0500215 0.000241857 
0.0172413 0.0435419 0.00608776 0.55672 6.09174e-05 0.147697 0.0047497 0.108226 1.77709e-07 0.00275146 8.812e-05 0.0591267 0.000414012 0.00544195 0.0153012 4.44687e-06 0.0107026 2.26358e-06 0.0170683 0.00477369 
0.0303902 0.0403752 0.0857581 0.453835 0.00133747 0.0100053 0.0170502 0.0490922 0.00211966 0.00204455 0.00384221 0.0556592 0.00245614 0.0239392 0.0990704 0.00134514 0.00663956 0.000568275 0.110129 0.00434274 
0.0102972 0.0157819 0.00723745 0.836947 9.9625e-07 0.00102099 0.0205773 0.0178261 1.35934e-05 2.13079e-05 9.31859e-05 0.000628416 4.75143e-05 0.000389273 0.0696582 5.88538e-07 0.000257706 6.25665e-06 0.0184623 0.000732371 
0.00663346 0.0483771 0.0346187 0.579507 1.77727e-06 0.0100385 0.00297106 0.0133562 9.14471e-06 0.002168 0.0128932 0.0549104 0.00357344 0.0119536 0.104695 0.000286622 0.00356195 2.35651e-05 0.0792696 0.0311519 
0.0173781 0.0297128 0.0345091 0.581275 2.59783e-05 0.00765784 0.0204825 0.0347944 0.000270516 0.000971281 0.000150448 0.0467547 0.000240236 0.00377935 0.111488 1.37454e-05 0.00332015 0.000291475 0.102953 0.00393062 
0.0166999 0.0244967 0.0140295 0.406935 1.59394e-06 0.000777738 0.00437954 0.0196007 0.0588443 2.7734e-05 1.85014e-05 0.0167681 0.000108039 0.00220027 0.16924 1.32358e-05 0.000269641 7.81447e-05 0.265438 7.38685e-05 
0.00442052 0.00930252 0.0154423 0.903451 6.62688e-06 0.00336712 0.00148719 0.00840345 0.000164159 0.000745066 0.000138164 0.00762275 6.40033e-05 0.002903 0.0268408 1.66797e-05 0.000596135 9.74474e-06 0.0147514 0.000267167 
0.0204452 0.0354266 0.194227 0.570463 7.52718e-05 0.00806547 0.0336533 0.0250685 3.94569e-05 0.000619164 0.00017868 0.01002 5.97037e-05 0.00752615 0.0265686 6.56942e-05 0.0114232 0.000153759 0.0556881 0.000233155 
0.00590942 0.0186822 0.0177097 0.53135 2.35298e-05 0.0419148 0.0189022 0.0224388 1.66275e-08 0.000177644 1.44483e-08 0.0282097 0.000187989 0.00455276 0.229851 1.67398e-06 0.000666216 3.90867e-08 0.0708024 0.0086201 
0.00951054 0.0771063 0.0915253 0.709486 0.000911761 0.00121912 0.0621465 0.00479299 5.925e-06 7.4724e-05 1.8162e-07 0.00379436 8.73269e-07 0.00294535 0.0221619 3.34189e-06 0.00139949 1.03461e-06 0.0127011 0.000213285 
0.0386523 0.0509651 0.082246 0.292796 0.000211102 0.0127032 0.00588115 0.0245153 0.00264732 0.000983414 0.0007982 0.0192531 0.00157897 0.00913365 0.152976 1.24088e-05 0.00203811 0.000187509 0.290999 0.0114217 
0.0727679 0.0578203 0.0750955 0.461645 5.10348e-05 0.0083963 0.0144119 0.037926 0.00199619 0.00120761 0.00506126 0.0782749 0.00126294 0.0330887 0.0897128 0.00214613 0.00641415 0.000183759 0.0462592 0.00627903 
0.00960712 0.0504863 0.143842 0.440185 8.77352e-06 0.00754769 0.0253403 0.065406 0.0177349 0.0102918 7.25861e-05 0.0562726 0.00501551 0.0053628 0.0771918 1.07721e-05 0.00866907 4.47854e-05 0.0744316 0.00247858 
0.0375508 0.0341083 0.0950503 0.188161 5.87513e-06 0.00686927 0.0348487 0.0825868 0.00381171 0.000718849 0.0180275 0.156135 0.0489268 0.0975361 0.117709 0.0265135 0.00800891 0.00565795 0.0280554 0.00971794 
0.0196137 0.0348567 0.0795479 0.531844 1.93209e-05 0.00716197 0.00679421 0.0344555 0.0138776 0.000596482 0.00110939 0.0310562 0.000975184 0.0247344 0.0634285 0.000451766 0.00732453 0.000334536 0.134925 0.00689396 
0.0117243 0.00316376 0.0674057 0.830726 2.35558e-06 0.000777326 0.00264885 0.0110301 5.46793e-06 0.000209391 5.20763e-06 0.00560501 0.000263843 0.00297595 0.0418994 3.30795e-06 8.64296e-05 4.62214e-08 0.0201098 0.001358 
0.00377577 0.000314465 0.0875049 0.507866 2.59059e-06 0.000510412 0.00117717 0.00295639 7.29081e-06 0.000512691 0.00109962 0.265757 4.03394e-05 0.0110031 0.0499276 1.36061e-05 0.000157219 2.07635e-06 0.0669814 0.000390769 
0.00365694 0.0123767 0.00423174 0.828449 1.48294e-06 0.000516509 0.0144027 0.00747581 5.93608e-06 3.62834e-05 0.00230918 0.00139887 1.03117e-05 0.000138603 0.0955259 6.81086e-06 8.79375e-05 2.35294e-07 0.0290358 0.000333731 
0.00110138 0.000505527 0.0179169 0.789713 4.36545e-09 1.75439e-08 7.26433e-05 0.00295561 6.01573e-09 7.39228e-10 0.0178024 0.0195562 3.36937e-06 0.00210814 0.0039093 1.02328e-05 0.00040418 4.85752e-08 0.143888 5.36904e-05 
0.0365328 0.0105538 0.108908 0.406029 9.20286e-07 0.00266686 0.0287291 0.0801491 0.00350352 0.000177931 0.00337224 0.0862977 0.000594068 0.0148951 0.11712 2.64162e-05 0.00273443 0.000140111 0.0550781 0.0424909 
0.139077 0.0421392 0.111335 0.446733 0.000353019 0.0081292 0.0129616 0.0352921 5.90443e-05 0.000662109 0.00295459 0.0514286 0.000235126 0.0166149 0.0766253 0.000466024 0.0154149 0.000112571 0.0388207 0.000585115 
0.00481328 0.110305 0.301146 0.313931 2.03183e-06 0.0403174 0.0101725 0.0220307 1.81787e-05 0.00514976 6.36136e-05 0.0267593 4.31742e-05 0.00150723 0.112887 1.22001e-05 0.00593032 0.000373268 0.0422833 0.00225561 
0.0926002 0.0656985 0.0264763 0.658193 4.47615e-07 0.0120469 0.0112562 0.00760598 3.40732e-07 0.000600518 0.000717665 0.00962633 0.000128516 0.014248 0.0903174 1.85006e-06 0.000360515 1.71344e-08 0.00716528 0.0029561 
0.0649133 0.0346969 0.0465012 0.28147 0.00182257 0.000159613 0.0514233 0.0789725 8.46772e-05 3.76845e-06 0.00146497 0.268161 2.81424e-05 0.00582461 0.160591 1.17676e-05 8.41032e-06 0.00021068 0.00326619 0.000385283 
0.0116779 0.0142784 0.00900352 0.403322 0.000322365 0.00552029 0.00464478 0.00110242 9.0176e-05 0.0214723 8.15996e-06 0.182155 3.35104e-07 0.0051881 0.161692 1.90655e-07 0.178705 9.89635e-05 0.000655444 6.35562e-05 
0.0501239 0.0251858 0.119004 0.383318 0.000457979 0.0185226 0.0343804 0.0285467 0.00916164 0.0127919 0.00468744 0.152814 0.0030587 0.0352083 0.0917611 0.000118666 0.00838125 0.000102838 0.0161886 0.00618645 
0.0491958 0.0706367 0.0468554 0.504104 0.00107379 0.00490396 0.0367058 0.0285361 2.31146e-05 0.00147635 0.0325544 0.0149735 0.000184597 0.00930744 0.0739414 2.72543e-05 0.0115751 4.52126e-05 0.0985596 0.0153206 
0.0219575 0.00969996 0.23669 0.28284 2.86502e-05 0.00514047 0.0448065 0.0432506 1.83251e-06 1.10689e-05 0.000276805 0.0188643 6.13376e-06 0.0120915 0.112812 1.16533e-05 0.00251784 5.33318e-10 0.108387 0.100605 
0.00611017 0.026553 0.0852177 0.802285 3.78619e-07 0.00875107 0.010122 0.00167739 3.88481e-09 1.60698e-05 6.60272e-09 0.000383164 3.44083e-06 0.00200845 0.00736026 2.90274e-06 0.00024005 1.64511e-07 0.0490999 0.000168403 
0.00810414 0.052558 0.00814963 0.437 1.81023e-05 0.0166281 0.00801889 0.0182477 7.55982e-06 0.00522277 0.00430755 0.130409 0.00119692 0.0193632 0.133045 0.000125373 0.0176666 6.97806e-06 0.0105192 0.129405 
0.0315516 0.0493419 0.00526835 0.301944 0.000170295 0.00559114 0.0421402 0.117273 0.000330291 0.000900081 0.00335624 0.0808652 0.00123516 0.0770916 0.250447 0.000304481 0.0074728 6.55388e-05 0.0207124 0.00393857 
