0.502107 0.497876 1.68314e-05 
0.820361 0.179292 0.000346793 
0.573235 0.384109 0.042656 
0.602043 0.397416 0.000540992 
0.729981 0.26992 9.93471e-05 
0.65569 0.343072 0.00123811 
0.504701 0.492806 0.00249289 
0.646048 0.353427 0.000524572 
0.83006 0.16994 5.05537e-07 
0.7981 0.201316 0.0005841 
0.999858 0.000141825 1.65103e-11 
0.904906 0.0950058 8.77654e-05 
0.977904 0.0218728 0.000223172 
0.687019 0.309148 0.0038325 
0.866769 0.1329 0.000330669 
0.97974 0.0193198 0.000939918 
0.95554 0.0431367 0.00132311 
0.685731 0.314269 9.32141e-09 
0.727828 0.271524 0.000648644 
0.77209 0.227811 9.84748e-05 
0.541657 0.4578 0.000543621 
0.963719 0.0362633 1.75718e-05 
0.507027 0.485591 0.00738143 
0.641456 0.357794 0.00074989 
0.932819 0.0659613 0.00121955 
0.502107 0.497876 1.68314e-05 
0.781836 0.217311 0.000853601 
0.818824 0.165576 0.0155993 
0.84398 0.133798 0.0222216 
0.71269 0.281647 0.00566264 
0.866896 0.133102 2.35758e-06 
0.502107 0.497876 1.68314e-05 
0.765367 0.222473 0.0121592 
0.913731 0.0809426 0.00532621 
0.820931 0.17892 0.000148975 
0.758592 0.22973 0.0116784 
0.518655 0.480631 0.000713857 
0.650544 0.337431 0.0120243 
0.499372 0.499123 0.00150537 
0.520617 0.474789 0.00459397 
0.905403 0.0915462 0.00305109 
0.534687 0.463153 0.0021603 
0.928743 0.0712083 4.91283e-05 
0.526291 0.473322 0.000386865 
0.794661 0.204406 0.000933366 
0.502107 0.497876 1.68314e-05 
0.952308 0.0475359 0.00015579 
0.576307 0.423692 9.7065e-07 
0.645234 0.349572 0.00519425 
0.897184 0.101731 0.00108515 
0.832733 0.151082 0.0161846 
0.533776 0.465718 0.000506565 
0.513201 0.484293 0.00250619 
0.919423 0.0805769 1.41034e-08 
0.987879 0.000109922 0.0120115 
0.748733 0.250176 0.00109069 
0.891748 0.108199 5.28884e-05 
0.762474 0.235328 0.00219788 
0.769857 0.230001 0.000142474 
0.671327 0.326218 0.00245479 
0.568729 0.43012 0.00115092 
0.853701 0.143722 0.00257695 
0.575951 0.422027 0.00202257 
0.565701 0.429292 0.005007 
0.752844 0.235716 0.0114407 
0.567548 0.432203 0.000248379 
0.588767 0.410542 0.000690626 
0.767966 0.231553 0.000480942 
0.64221 0.348593 0.00919715 
0.851686 0.148232 8.18733e-05 
0.636456 0.359642 0.00390256 
0.616112 0.383883 5.16681e-06 
0.618723 0.37523 0.00604768 
0.565406 0.42385 0.0107447 
0.502107 0.497876 1.68314e-05 
0.741262 0.257428 0.0013096 
0.846397 0.148197 0.00540639 
0.523962 0.473091 0.00294738 
0.589258 0.410536 0.000206258 
0.562502 0.436207 0.00129117 
0.676477 0.319165 0.004358 
0.781836 0.217311 0.000853601 
0.743557 0.190368 0.0660759 
0.674509 0.3252 0.000290337 
0.635057 0.0286087 0.336334 
0.952308 0.0475359 0.00015579 
0.932381 0.0658344 0.00178443 
0.987879 0.000109922 0.0120115 
0.578558 0.406159 0.0152826 
0.931921 0.0680787 1.62184e-08 
0.974881 0.0245834 0.000535957 
0.858222 0.139175 0.00260228 
0.993683 0.00266148 0.00365531 
0.971591 0.028408 1.10601e-06 
0.788019 0.208083 0.00389799 
0.700167 0.299785 4.82202e-05 
0.987879 0.000109922 0.0120115 
0.519519 0.473456 0.0070252 
0.908105 0.0913049 0.000589763 
0.648552 0.351346 0.000101904 
0.635779 0.340331 0.0238894 
0.885877 0.113985 0.000138178 
0.764291 0.231365 0.00434328 
0.924239 0.075736 2.51211e-05 
0.89561 0.104384 5.04533e-06 
0.515065 0.484826 0.000108497 
0.879568 0.120391 4.13594e-05 
0.83743 0.162397 0.000172663 
0.506422 0.465856 0.0277225 
0.832005 0.16778 0.000214626 
0.660457 0.337439 0.00210425 
0.640684 0.359228 8.86754e-05 
0.817434 0.182556 1.04671e-05 
0.556096 0.443638 0.00026611 
0.925175 0.0707635 0.00406103 
0.818144 0.181855 1.27769e-06 
0.502107 0.497876 1.68314e-05 
0.942755 0.0572413 3.54485e-06 
0.817434 0.182556 1.04671e-05 
0.988109 0.0109897 0.00090109 
0.848205 0.151609 0.000185947 
0.744562 0.255425 1.2391e-05 
0.622868 0.376899 0.000233299 
0.665254 0.334745 9.18472e-07 
0.791861 0.205164 0.00297477 
0.758382 0.241334 0.000283519 
0.987879 0.000109922 0.0120115 
0.993469 0.00638975 0.000140969 
0.941918 0.0577263 0.000355348 
0.523962 0.473091 0.00294738 
0.798826 0.197624 0.00355049 
0.707444 0.290681 0.00187556 
0.739994 0.259444 0.000562594 
0.840065 0.157945 0.00198985 
0.833727 0.166273 1.69399e-07 
0.71269 0.281647 0.00566264 
0.682554 0.317197 0.000248987 
0.95554 0.0431367 0.00132311 
0.520679 0.471638 0.00768303 
0.798895 0.2011 5.13567e-06 
0.759526 0.240422 5.18391e-05 
0.778131 0.22071 0.00115978 
0.95554 0.0431367 0.00132311 
0.575951 0.422027 0.00202257 
0.631367 0.367599 0.00103425 
0.615404 0.330818 0.0537783 
0.68818 0.3065 0.00531927 
0.524001 0.475335 0.000663922 
0.747055 0.252685 0.000260618 
0.57984 0.413343 0.00681728 
0.805244 0.178052 0.0167037 
0.921726 0.0759436 0.00233075 
0.630461 0.369537 1.28958e-06 
0.935648 0.0584656 0.00588599 
0.803173 0.196826 8.90016e-07 
0.597412 0.401995 0.000593239 
0.622868 0.376899 0.000233299 
0.747768 0.251289 0.000942356 
0.862369 0.137387 0.000244777 
0.583276 0.414862 0.00186166 
0.902754 0.0972262 1.98838e-05 
0.646558 0.353359 8.30763e-05 
0.95554 0.0431367 0.00132311 
0.931921 0.0680787 1.62184e-08 
0.551209 0.32766 0.121131 
0.826161 0.167871 0.00596771 
0.63585 0.363629 0.000520117 
0.888819 0.110152 0.00102838 
0.532791 0.464689 0.0025204 
0.7916 0.208164 0.000235916 
0.643772 0.300924 0.0553046 
0.897897 0.101936 0.000166552 
0.954526 0.0421177 0.00335658 
0.519903 0.479998 9.86568e-05 
0.916715 0.083277 7.73339e-06 
0.999907 7.45476e-05 1.88656e-05 
0.664231 0.332791 0.00297771 
0.698779 0.301221 3.53339e-08 
0.592086 0.407668 0.000246138 
0.948042 0.0517626 0.000195197 
0.952308 0.0475359 0.00015579 
0.90236 0.0972174 0.000422973 
0.90236 0.0972174 0.000422973 
0.692029 0.307829 0.000142073 
0.510356 0.472256 0.0173881 
0.627845 0.368586 0.00356834 
0.707732 0.291633 0.000634626 
0.7406 0.255201 0.00419906 
0.95554 0.0431367 0.00132311 
0.961978 0.037927 9.48174e-05 
0.940567 0.0589056 0.00052695 
0.427318 0.41179 0.160892 
0.867973 0.121495 0.0105319 
0.873029 0.126971 4.99978e-08 
0.983399 0.016077 0.000523604 
0.958965 0.0391992 0.00183616 
0.50687 0.25326 0.23987 
0.83415 0.165139 0.000710952 
0.982092 0.0178178 9.0528e-05 
0.502107 0.497876 1.68314e-05 
0.926249 0.0674746 0.00627662 
0.759192 0.236128 0.00467965 
0.523962 0.473091 0.00294738 
0.657167 0.340768 0.00206494 
0.963719 0.0362633 1.75718e-05 
0.558294 0.43965 0.00205589 
0.914012 0.0859862 1.97536e-06 
0.676719 0.3208 0.00248035 
0.722285 0.276575 0.00114058 
0.987879 0.000109922 0.0120115 
0.932591 0.0666163 0.000792339 
0.780885 0.218289 0.0008257 
0.77811 0.219246 0.00264468 
0.935648 0.0584656 0.00588599 
0.902767 0.0972334 1.27341e-07 
0.746084 0.253228 0.000688137 
0.888819 0.110152 0.00102838 
0.531758 0.46665 0.00159276 
0.543122 0.446638 0.0102398 
0.771874 0.228108 1.85507e-05 
0.529228 0.469953 0.000818465 
0.651428 0.338461 0.0101111 
0.64239 0.355435 0.0021753 
0.494845 0.355307 0.149848 
0.815447 0.179799 0.00475338 
0.636965 0.362827 0.00020759 
0.683696 0.315549 0.000755277 
0.502507 0.497481 1.19574e-05 
0.637974 0.35212 0.00990642 
0.913317 0.0865123 0.000170731 
0.674711 0.325036 0.000252574 
0.683368 0.316077 0.000555137 
0.558987 0.438361 0.00265234 
0.948042 0.0517626 0.000195197 
0.678273 0.314226 0.00750063 
0.603705 0.396242 5.30964e-05 
0.996286 0.003713 6.0317e-07 
0.988702 0.0112978 9.04509e-13 
0.884118 0.115803 7.87225e-05 
0.983032 0.0168795 8.8693e-05 
0.831337 0.168652 1.03619e-05 
0.861802 0.138198 2.11596e-07 
0.689 0.2664 0.0446004 
0.734137 0.264544 0.00131956 
0.598705 0.384301 0.0169942 
0.921796 0.078204 5.68142e-08 
0.934432 0.06292 0.00264837 
0.655957 0.343505 0.000538706 
0.952308 0.0475359 0.00015579 
0.7515 0.247135 0.00136498 
0.516315 0.468114 0.0155707 
0.733018 0.266966 1.64017e-05 
0.955317 0.0392652 0.00541821 
0.913187 0.0841993 0.00261325 
0.649149 0.350033 0.000818433 
0.5884 0.401601 0.00999853 
0.58254 0.413649 0.00381057 
0.782121 0.217828 5.07834e-05 
0.514319 0.484863 0.000818086 
0.883469 0.116311 0.000220602 
0.781836 0.217311 0.000853601 
0.682895 0.306028 0.0110776 
0.934252 0.0655159 0.00023244 
0.898458 0.101498 4.37535e-05 
0.844443 0.15531 0.000246628 
0.583229 0.415731 0.00104034 
0.62216 0.377072 0.000768246 
0.645349 0.352554 0.00209782 
0.518637 0.481358 4.94971e-06 
0.708766 0.288456 0.00277761 
0.566073 0.406981 0.0269466 
0.933945 0.0660549 2.02186e-08 
0.507356 0.491715 0.000929081 
0.608264 0.283544 0.108193 
0.569655 0.430302 4.22522e-05 
0.575951 0.422027 0.00202257 
0.514319 0.484863 0.000818086 
0.701892 0.297015 0.0010931 
0.9307 0.0685753 0.000724853 
0.620825 0.379167 8.76003e-06 
0.614707 0.385259 3.4345e-05 
0.896013 0.0959624 0.00802483 
0.869832 0.128967 0.00120098 
0.799886 0.199398 0.000716027 
0.669975 0.327137 0.0028877 
0.936809 0.0585196 0.00467185 
0.71269 0.281647 0.00566264 
0.807605 0.191206 0.00118922 
0.818824 0.165576 0.0155993 
0.928221 0.0717468 3.2177e-05 
0.83292 0.149924 0.0171559 
0.95554 0.0431367 0.00132311 
0.896618 0.103248 0.000133741 
0.534239 0.454056 0.011705 
0.685524 0.271398 0.0430788 
0.673478 0.308042 0.0184803 
0.794566 0.203433 0.0020005 
0.879375 0.116201 0.00442381 
0.502107 0.497876 1.68314e-05 
0.516392 0.478946 0.00466281 
0.948042 0.0517626 0.000195197 
0.600375 0.393035 0.00659056 
0.50813 0.488154 0.00371601 
0.942561 0.0565952 0.000843964 
0.722512 0.270464 0.00702378 
0.570793 0.42906 0.000147265 
0.927153 0.0728474 4.15501e-09 
0.524439 0.382887 0.092674 
0.608337 0.391656 7.19092e-06 
0.767966 0.231553 0.000480942 
0.452791 0.443068 0.104142 
0.791527 0.20841 6.27896e-05 
0.942814 0.0570844 0.000101882 
0.89759 0.10241 4.65944e-07 
0.604185 0.395701 0.000114759 
0.615872 0.363218 0.0209095 
0.982167 0.0177296 0.000103146 
0.661843 0.334983 0.00317425 
0.744853 0.254348 0.000799482 
0.824763 0.175145 9.14563e-05 
0.651428 0.338461 0.0101111 
0.59921 0.398787 0.00200242 
0.974881 0.0245834 0.000535957 
0.788475 0.199696 0.0118285 
0.67829 0.295581 0.0261288 
0.77663 0.223019 0.00035061 
0.967602 0.0295068 0.00289101 
0.987879 0.000109922 0.0120115 
0.689922 0.310078 6.60406e-08 
0.873029 0.126971 4.99978e-08 
0.485746 0.356 0.158254 
0.88156 0.117787 0.000653227 
0.866596 0.133404 9.54148e-08 
0.76745 0.20705 0.0254996 
0.766971 0.191683 0.0413456 
0.645918 0.343278 0.0108043 
0.864165 0.135834 7.97026e-07 
0.502107 0.497876 1.68314e-05 
0.893028 0.10669 0.000281902 
0.893288 0.104844 0.00186789 
0.631253 0.350239 0.0185088 
0.68248 0.316393 0.00112647 
0.652716 0.347283 1.00196e-06 
0.798037 0.201391 0.00057248 
0.70494 0.294831 0.000228449 
0.888546 0.111369 8.48719e-05 
0.826494 0.173506 9.12988e-08 
0.603273 0.396388 0.000338833 
0.625958 0.37262 0.00142211 
0.804951 0.194461 0.000587364 
0.687548 0.271957 0.0404942 
0.655957 0.343505 0.000538706 
0.536185 0.462597 0.00121745 
0.565961 0.405816 0.0282231 
0.753196 0.243288 0.00351583 
0.502107 0.497876 1.68314e-05 
0.943922 0.055519 0.000559457 
0.506768 0.480412 0.01282 
0.661272 0.328761 0.00996778 
0.640853 0.357537 0.00160967 
0.910342 0.0896041 5.41865e-05 
0.798876 0.200341 0.000783664 
0.55667 0.442943 0.000387477 
0.502107 0.497876 1.68314e-05 
0.66476 0.3343 0.000940596 
0.671011 0.328778 0.000210963 
0.883163 0.116643 0.000194752 
0.430846 0.292467 0.276687 
0.626816 0.372476 0.000708068 
0.747055 0.252685 0.000260618 
0.896618 0.103248 0.000133741 
0.714243 0.285751 5.55134e-06 
0.818824 0.165576 0.0155993 
0.865269 0.133009 0.00172162 
0.502107 0.497876 1.68314e-05 
0.893372 0.0756399 0.0309881 
0.821193 0.176571 0.00223551 
0.935951 0.064048 5.57284e-07 
0.647044 0.352421 0.000534637 
0.825653 0.17423 0.000116484 
0.936809 0.0585196 0.00467185 
0.974881 0.0245834 0.000535957 
0.618599 0.375475 0.00592544 
0.554422 0.445 0.000578317 
0.883391 0.116192 0.000416461 
0.953067 0.0469147 1.86802e-05 
0.967576 0.0319675 0.000456824 
0.917879 0.0821214 4.6148e-10 
0.630891 0.36854 0.000568545 
0.853323 0.146659 1.81779e-05 
0.982095 0.0179042 3.54178e-07 
0.781836 0.217311 0.000853601 
0.928743 0.0712083 4.91283e-05 
0.781216 0.218775 9.1154e-06 
0.98547 0.0143106 0.000219074 
0.655619 0.344019 0.000362123 
0.739131 0.260381 0.000488114 
0.905568 0.0944112 2.0625e-05 
0.987879 0.000109922 0.0120115 
0.771039 0.228509 0.000452663 
0.858361 0.141563 7.59728e-05 
0.875185 0.124815 2.74209e-08 
0.495221 0.472683 0.0320955 
0.645607 0.353983 0.000410685 
0.71269 0.281647 0.00566264 
0.733185 0.266814 1.38977e-06 
0.819628 0.180372 6.37202e-09 
0.869682 0.130318 1.34446e-07 
0.973968 0.0259939 3.79982e-05 
0.87662 0.123269 0.000110757 
0.953202 0.0467742 2.43087e-05 
0.969854 0.0295161 0.000629751 
0.993683 0.00266148 0.00365531 
0.895598 0.104238 0.000164014 
0.983032 0.0168795 8.8693e-05 
0.766892 0.229985 0.00312312 
0.95554 0.0431367 0.00132311 
0.95554 0.0431367 0.00132311 
0.657571 0.278052 0.0643771 
0.952308 0.0475359 0.00015579 
0.773847 0.184554 0.041599 
0.651428 0.338461 0.0101111 
0.934432 0.06292 0.00264837 
0.952308 0.0475359 0.00015579 
0.97391 0.0260725 1.75566e-05 
0.906625 0.0882985 0.00507628 
0.767966 0.231553 0.000480942 
0.849669 0.148637 0.00169386 
0.590009 0.401144 0.00884671 
0.502107 0.497876 1.68314e-05 
0.66334 0.335783 0.000876815 
0.897246 0.101257 0.00149756 
0.76296 0.235284 0.00175595 
0.949876 0.0500839 4.04326e-05 
0.636845 0.343328 0.0198267 
0.932819 0.0659613 0.00121955 
0.59792 0.401559 0.000521225 
0.777297 0.222319 0.000384733 
0.620186 0.379246 0.000567465 
0.813286 0.186258 0.000455913 
0.821401 0.177489 0.00111054 
0.866241 0.132556 0.00120324 
0.936809 0.0585196 0.00467185 
0.974762 0.0252383 8.05113e-09 
0.938461 0.060843 0.000695929 
0.897511 0.10166 0.000828719 
0.988109 0.0109897 0.00090109 
0.872745 0.127252 2.34715e-06 
0.502107 0.497876 1.68314e-05 
0.550577 0.447063 0.00235941 
0.845209 0.154791 3.98056e-09 
0.960555 0.0391025 0.000342562 
0.89561 0.104384 5.04533e-06 
0.813604 0.186393 3.0823e-06 
0.668785 0.329946 0.00126971 
0.745268 0.250702 0.00402927 
0.558991 0.434522 0.006487 
0.92101 0.0686582 0.0103319 
0.948042 0.0517626 0.000195197 
0.636811 0.363075 0.000114149 
0.750748 0.24921 4.2437e-05 
0.862369 0.137387 0.000244777 
0.911531 0.0723817 0.0160869 
0.730968 0.267637 0.00139559 
0.883575 0.1164 2.47058e-05 
0.944468 0.0538877 0.00164478 
0.936809 0.0585196 0.00467185 
0.825177 0.174823 1.88831e-07 
0.85482 0.14464 0.000540111 
0.935648 0.0584656 0.00588599 
0.906954 0.0930202 2.58261e-05 
0.953447 0.0465525 3.44964e-07 
0.677696 0.320556 0.00174763 
0.95554 0.0431367 0.00132311 
0.928743 0.0712083 4.91283e-05 
0.541186 0.458714 0.00010055 
0.99457 0.00541703 1.3253e-05 
0.646577 0.353311 0.000111281 
0.673972 0.324307 0.00172105 
0.547053 0.452797 0.000150238 
0.720055 0.253269 0.026676 
0.981292 0.0164937 0.00221418 
0.901949 0.0980424 8.20552e-06 
0.922919 0.0770246 5.63007e-05 
0.50596 0.485734 0.00830651 
0.485762 0.450037 0.0642018 
0.655957 0.343505 0.000538706 
0.779322 0.218919 0.00175913 
0.491818 0.478606 0.0295762 
0.669896 0.329861 0.000243224 
0.897557 0.098115 0.00432822 
0.993683 0.00266148 0.00365531 
0.585176 0.413953 0.000870771 
0.715804 0.277327 0.00686929 
0.787067 0.211338 0.00159471 
0.934958 0.0647301 0.000311859 
0.853358 0.144756 0.00188661 
0.742434 0.242767 0.0147991 
0.670521 0.287921 0.0415582 
0.576307 0.423692 9.7065e-07 
0.809503 0.190486 1.06037e-05 
0.971532 0.0284551 1.28547e-05 
0.738592 0.257123 0.00428513 
0.817914 0.181992 9.41566e-05 
0.767966 0.231553 0.000480942 
0.528025 0.418316 0.0536592 
0.704987 0.288728 0.00628511 
0.657571 0.278052 0.0643771 
0.534706 0.450063 0.0152308 
0.927228 0.0727714 4.87267e-07 
0.936809 0.0585196 0.00467185 
0.577484 0.38956 0.0329559 
0.987879 0.000109922 0.0120115 
0.62674 0.365408 0.00785232 
0.882973 0.115311 0.00171623 
0.977904 0.0218728 0.000223172 
0.636696 0.357678 0.00562657 
0.718154 0.259794 0.0220525 
0.76141 0.238435 0.00015497 
0.905459 0.0900996 0.00444122 
0.8803 0.117874 0.00182604 
0.857854 0.142142 3.57702e-06 
0.651428 0.338461 0.0101111 
0.64191 0.354305 0.00378505 
0.883288 0.116685 2.74444e-05 
0.860337 0.133834 0.00582929 
0.542744 0.452399 0.00485769 
0.905679 0.0930072 0.00131398 
0.936809 0.0585196 0.00467185 
0.502107 0.497876 1.68314e-05 
0.987879 0.000109922 0.0120115 
0.896272 0.103728 6.7198e-07 
0.708364 0.287882 0.0037532 
0.919644 0.0767093 0.00364627 
0.912315 0.0817943 0.00589055 
0.573006 0.426953 4.07206e-05 
0.987879 0.000109922 0.0120115 
0.903231 0.0967613 7.64365e-06 
0.533006 0.463446 0.00354829 
0.609299 0.342618 0.0480827 
0.502107 0.497876 1.68314e-05 
0.936809 0.0585196 0.00467185 
0.95554 0.0431367 0.00132311 
0.818824 0.165576 0.0155993 
0.96362 0.0352956 0.00108413 
0.676772 0.320701 0.00252693 
0.949103 0.048249 0.00264799 
0.925621 0.0743317 4.72998e-05 
0.539987 0.457645 0.00236784 
0.722056 0.277859 8.48595e-05 
0.818824 0.165576 0.0155993 
0.92468 0.0749633 0.000356444 
0.824509 0.175446 4.52055e-05 
0.861161 0.13313 0.00570837 
0.686928 0.311765 0.00130687 
0.91438 0.0853801 0.000240251 
0.948042 0.0517626 0.000195197 
0.988669 0.0112717 5.9131e-05 
0.61976 0.379499 0.000741177 
0.485474 0.468871 0.0456546 
0.912362 0.0873668 0.00027163 
0.766259 0.230486 0.00325495 
0.604249 0.387704 0.00804746 
0.930456 0.0665046 0.00303975 
0.502107 0.497876 1.68314e-05 
0.903048 0.0959275 0.00102443 
0.712914 0.28214 0.00494569 
0.967602 0.0295068 0.00289101 
0.781836 0.217311 0.000853601 
0.70909 0.255406 0.0355039 
0.798037 0.201391 0.00057248 
0.970835 0.0291574 7.55084e-06 
0.988512 3.60571e-05 0.0114515 
0.902938 0.0970623 6.99709e-11 
0.556096 0.443638 0.00026611 
0.704147 0.295726 0.000127062 
0.928743 0.0712083 4.91283e-05 
0.574779 0.42522 3.82258e-07 
0.928743 0.0712083 4.91283e-05 
0.502107 0.497876 1.68314e-05 
0.818824 0.165576 0.0155993 
0.505761 0.493706 0.000533374 
0.988669 0.0112717 5.9131e-05 
0.888546 0.111369 8.48719e-05 
0.893689 0.105879 0.000431795 
0.558666 0.441253 8.07927e-05 
0.526307 0.472312 0.00138117 
0.65404 0.345286 0.000674534 
0.88016 0.119824 1.61332e-05 
0.851939 0.140775 0.00728657 
0.558794 0.441132 7.4099e-05 
0.575951 0.422027 0.00202257 
0.70188 0.249594 0.0485264 
0.987879 0.000109922 0.0120115 
0.510934 0.48877 0.000295945 
0.948042 0.0517626 0.000195197 
0.699028 0.29962 0.00135206 
0.94462 0.0537098 0.00167008 
0.818824 0.165576 0.0155993 
0.658031 0.341963 6.30259e-06 
0.883578 0.113484 0.00293775 
0.531312 0.456864 0.0118237 
0.743557 0.190368 0.0660759 
0.988702 0.0112978 9.04509e-13 
0.987879 0.000109922 0.0120115 
0.532938 0.464193 0.00286861 
0.928442 0.0710203 0.000537803 
0.775534 0.218157 0.00630948 
0.551192 0.447619 0.00118834 
0.878338 0.121123 0.000538949 
0.485746 0.356 0.158254 
0.671151 0.323795 0.00505393 
0.635025 0.364941 3.3222e-05 
0.675098 0.3249 2.09077e-06 
0.624111 0.375558 0.000331364 
0.97776 0.022224 1.61232e-05 
0.577059 0.341345 0.0815959 
0.811505 0.184353 0.00414221 
0.592317 0.407673 9.48074e-06 
0.523962 0.473091 0.00294738 
0.600244 0.398303 0.00145294 
0.558148 0.380741 0.0611115 
0.66334 0.335783 0.000876815 
0.853926 0.146012 6.17573e-05 
0.505259 0.465986 0.0287552 
0.717836 0.282134 3.00816e-05 
0.71269 0.281647 0.00566264 
0.900666 0.0993278 6.42248e-06 
0.51428 0.485719 1.50289e-06 
0.547481 0.447563 0.00495633 
0.818824 0.165576 0.0155993 
0.928221 0.0717468 3.2177e-05 
0.50687 0.25326 0.23987 
0.518566 0.475972 0.00546194 
0.618548 0.381193 0.000259303 
0.830393 0.1694 0.000207087 
0.514051 0.479904 0.00604474 
0.896007 0.102107 0.00188627 
0.877377 0.122612 1.1611e-05 
0.928743 0.0712083 4.91283e-05 
0.515084 0.484916 1.02535e-09 
0.787118 0.21116 0.00172232 
0.758295 0.235156 0.00654829 
0.719663 0.280337 5.27308e-10 
0.677761 0.317686 0.0045527 
0.948042 0.0517626 0.000195197 
0.712493 0.28747 3.70066e-05 
0.845103 0.153814 0.00108377 
0.793634 0.206207 0.000159444 
0.858557 0.141387 5.59926e-05 
0.832221 0.166371 0.00140815 
0.985088 0.014912 8.2582e-10 
0.880643 0.118687 0.00067001 
0.668062 0.0638009 0.268137 
0.510516 0.405439 0.0840455 
0.516113 0.453745 0.0301421 
0.925621 0.0743317 4.72998e-05 
0.707107 0.29285 4.29422e-05 
0.681109 0.29099 0.0279008 
0.548325 0.451671 3.47155e-06 
0.67829 0.295581 0.0261288 
0.498888 0.493088 0.00802351 
0.93136 0.0686405 8.018e-09 
0.870593 0.126223 0.00318369 
0.999108 0.000668957 0.000223197 
0.903458 0.0965187 2.36657e-05 
0.818824 0.165576 0.0155993 
0.502107 0.497876 1.68314e-05 
0.599708 0.396517 0.00377527 
0.502107 0.497876 1.68314e-05 
0.575951 0.422027 0.00202257 
0.97492 0.0250719 8.24703e-06 
0.77904 0.220837 0.000123623 
0.705576 0.294424 2.28456e-07 
0.98845 0.0115502 1.46917e-10 
0.874189 0.125692 0.000119246 
0.632461 0.348526 0.0190131 
0.862369 0.137387 0.000244777 
0.567548 0.432203 0.000248379 
0.671754 0.316177 0.0120696 
0.683473 0.289779 0.0267483 
0.900478 0.0995191 2.71306e-06 
0.987879 0.000109922 0.0120115 
0.715808 0.284182 9.31356e-06 
0.928221 0.0717468 3.2177e-05 
0.562654 0.429946 0.00739962 
0.910737 0.0794156 0.00984711 
0.840737 0.110193 0.0490698 
0.893918 0.105815 0.000267302 
0.479997 0.328262 0.191741 
0.928743 0.0712083 4.91283e-05 
0.5079 0.491858 0.000242405 
0.631927 0.365545 0.00252806 
0.889702 0.110298 6.48792e-11 
0.840891 0.158846 0.000263221 
0.863235 0.135945 0.000820252 
0.937197 0.0625268 0.000276063 
0.732832 0.261204 0.00596351 
0.934432 0.06292 0.00264837 
0.577986 0.41871 0.00330429 
0.691907 0.308088 5.55733e-06 
0.606832 0.361977 0.0311906 
0.751901 0.247548 0.000550955 
0.86518 0.134667 0.000152945 
0.940071 0.0599286 7.56745e-07 
0.568286 0.421512 0.0102011 
0.763276 0.119472 0.117252 
0.879324 0.117274 0.00340239 
0.832795 0.166953 0.000251685 
0.99869 0.00119482 0.000115557 
0.936809 0.0585196 0.00467185 
0.568286 0.421512 0.0102011 
0.924255 0.0757061 3.89593e-05 
0.717639 0.28074 0.00162124 
0.827558 0.172437 4.60903e-06 
0.818518 0.181479 2.97577e-06 
0.849679 0.150238 8.28127e-05 
0.643109 0.351258 0.00563294 
0.575144 0.424848 7.41816e-06 
0.502107 0.497876 1.68314e-05 
0.572125 0.427715 0.000159628 
0.874869 0.11395 0.011181 
0.952308 0.0475359 0.00015579 
0.589607 0.409038 0.00135479 
0.551209 0.32766 0.121131 
0.869366 0.125338 0.00529573 
0.863216 0.132584 0.00419995 
0.95554 0.0431367 0.00132311 
0.533738 0.447816 0.0184462 
0.98193 0.0180262 4.37039e-05 
0.502107 0.497876 1.68314e-05 
0.502107 0.497876 1.68314e-05 
0.736906 0.262828 0.000265049 
0.586446 0.40833 0.00522356 
0.817434 0.182556 1.04671e-05 
0.620749 0.313345 0.0659058 
0.758382 0.241334 0.000283519 
0.515111 0.484882 6.73612e-06 
0.820964 0.178777 0.000258806 
0.819628 0.180372 6.37202e-09 
0.736937 0.257713 0.00534949 
0.564397 0.435603 4.89465e-12 
0.599339 0.397782 0.00287948 
0.814856 0.184193 0.000951714 
0.567548 0.432203 0.000248379 
0.844646 0.146079 0.00927525 
0.771039 0.228509 0.000452663 
0.827736 0.171681 0.000582963 
0.768711 0.231222 6.62665e-05 
0.669053 0.330947 9.98916e-09 
0.519519 0.473456 0.0070252 
0.92095 0.0767604 0.00229 
0.544003 0.452423 0.00357339 
0.818824 0.165576 0.0155993 
0.702511 0.281006 0.0164826 
0.640378 0.355246 0.00437623 
0.952308 0.0475359 0.00015579 
0.785482 0.214339 0.000178749 
0.509695 0.485985 0.00431996 
0.915303 0.0845232 0.000173865 
0.593571 0.406366 6.34516e-05 
0.950534 0.0344754 0.014991 
0.800758 0.19923 1.23792e-05 
0.758295 0.235156 0.00654829 
0.512232 0.48667 0.00109849 
0.551209 0.32766 0.121131 
0.818824 0.165576 0.0155993 
0.967602 0.0295068 0.00289101 
0.60085 0.398515 0.000634354 
0.988669 0.0112717 5.9131e-05 
0.560422 0.369119 0.070459 
0.620525 0.373796 0.00567882 
0.651428 0.338461 0.0101111 
0.613328 0.386639 3.31415e-05 
0.743557 0.190368 0.0660759 
0.52916 0.46762 0.00321939 
0.934958 0.0647301 0.000311859 
0.987879 0.000109922 0.0120115 
0.526389 0.371575 0.102035 
0.945599 0.0508147 0.00358667 
0.747201 0.252757 4.21915e-05 
0.598024 0.39716 0.00481648 
0.74306 0.25694 6.3649e-09 
0.859754 0.140224 2.14896e-05 
0.477276 0.32625 0.196474 
0.741881 0.258107 1.27316e-05 
0.598872 0.370342 0.0307861 
0.827583 0.172273 0.000143265 
0.812683 0.187294 2.29598e-05 
0.628903 0.355471 0.0156263 
0.863046 0.136242 0.000712036 
0.808381 0.185352 0.00626677 
0.644962 0.353921 0.00111658 
0.70959 0.29041 1.54783e-09 
0.869187 0.1308 1.32453e-05 
0.804916 0.195048 3.65014e-05 
0.517203 0.48177 0.00102743 
0.58435 0.39205 0.0235999 
0.952977 0.0446607 0.00236243 
0.873571 0.126402 2.72054e-05 
