0.147146 0.842452 0.0104023 
0.0822868 0.917554 0.000159007 
0.237722 0.748851 0.0134266 
0.14537 0.854598 3.22465e-05 
0.0546371 0.940038 0.00532446 
0.13793 0.854484 0.00758604 
0.255831 0.743036 0.00113324 
0.0109367 0.987988 0.00107564 
0.0413005 0.725674 0.233025 
0.098206 0.901673 0.000121488 
0.124918 0.874891 0.000190421 
0.0373083 0.961315 0.00137649 
0.129939 0.868869 0.00119237 
0.0056806 0.993756 0.000563015 
0.282145 0.717747 0.000107308 
0.0732906 0.925053 0.00165601 
0.180271 0.819238 0.000490765 
0.0117741 0.987706 0.000519498 
0.34141 0.657957 0.000632997 
0.000233518 0.999715 5.18245e-05 
0.441451 0.557595 0.000954364 
0.0626899 0.933723 0.00358725 
0.0833479 0.916158 0.000493998 
0.336431 0.663413 0.000156385 
0.14504 0.851748 0.00321251 
0.0231635 0.97655 0.000286038 
0.0867228 0.913202 7.50623e-05 
0.121707 0.832418 0.0458743 
0.0667288 0.933255 1.66816e-05 
0.289646 0.709138 0.00121644 
0.114333 0.879954 0.00571262 
0.064592 0.935397 1.12361e-05 
0.305407 0.687977 0.00661608 
0.000332659 0.999631 3.66838e-05 
0.362487 0.63538 0.00213329 
0.041226 0.958769 5.22744e-06 
0.0477271 0.891913 0.0603598 
0.0974038 0.90228 0.00031617 
0.0792915 0.915565 0.00514336 
0.233827 0.76617 3.87674e-06 
0.232321 0.767649 2.97473e-05 
0.178458 0.821365 0.00017741 
0.0407 0.947198 0.0121024 
0.0754963 0.924367 0.000136998 
0.0284623 0.971398 0.00013985 
0.0596794 0.926873 0.013448 
0.370257 0.626225 0.00351842 
0.0041461 0.995818 3.58555e-05 
0.192864 0.694941 0.112195 
0.0174877 0.982512 3.18046e-07 
0.201727 0.784651 0.0136224 
0.023481 0.974661 0.00185746 
0.208152 0.7915 0.000348248 
0.223371 0.771494 0.00513542 
0.295706 0.703551 0.000742999 
0.00084452 0.999026 0.000129959 
0.155155 0.831637 0.0132079 
0.068966 0.931018 1.62976e-05 
0.416463 0.583309 0.000228042 
0.00125538 0.998744 3.37133e-07 
0.196543 0.505468 0.297989 
0.0599764 0.940017 6.31343e-06 
0.00140237 0.998598 4.232e-11 
0.131947 0.868053 2.06326e-07 
0.14537 0.854598 3.22465e-05 
0.114957 0.883042 0.00200179 
0.0576262 0.933907 0.008467 
0.143497 0.850812 0.00569081 
0.0104472 0.988876 0.000677274 
0.0522562 0.94395 0.00379341 
0.0154027 0.94826 0.0363372 
0.302154 0.697736 0.000109261 
0.0306522 0.963717 0.00563075 
0.0860538 0.913793 0.000153595 
0.166995 0.468685 0.364319 
0.0691706 0.93081 1.92269e-05 
0.24093 0.695579 0.0634912 
0.344368 0.63666 0.0189711 
0.0988459 0.901122 3.22493e-05 
0.0700843 0.929666 0.00024934 
0.0249285 0.975065 6.32493e-06 
0.230006 0.7699 9.43133e-05 
0.0158338 0.984151 1.49428e-05 
0.09437 0.905536 9.39006e-05 
0.00515261 0.994836 1.10778e-05 
0.301202 0.674469 0.0243295 
0.0497355 0.923993 0.0262711 
0.146322 0.853354 0.000324275 
0.367327 0.549903 0.0827695 
0.0771184 0.922843 3.86646e-05 
0.03863 0.961344 2.63609e-05 
0.109761 0.890238 1.05221e-06 
0.00558764 0.994412 1.71319e-08 
0.109629 0.890112 0.000259537 
0.303214 0.694255 0.00253106 
0.097087 0.901472 0.00144075 
0.476608 0.519621 0.00377169 
0.00172904 0.997997 0.0002737 
0.14537 0.854598 3.22465e-05 
0.152006 0.805939 0.0420552 
0.0875925 0.619404 0.293003 
0.12073 0.650115 0.229155 
0.0923497 0.90633 0.00132054 
0.0819132 0.918065 2.14677e-05 
0.149049 0.850409 0.000541988 
0.296849 0.702032 0.00111991 
0.127051 0.872548 0.000401181 
0.00333755 0.994065 0.0025972 
0.194932 0.805011 5.65391e-05 
0.0919268 0.908 7.33224e-05 
0.102304 0.895191 0.00250478 
0.428631 0.571177 0.000191649 
0.0470083 0.943891 0.00910046 
0.00438592 0.995024 0.000589985 
0.106493 0.890484 0.00302312 
0.254772 0.744952 0.00027648 
0.489372 0.51037 0.000257995 
0.0774128 0.764843 0.157744 
0.347066 0.652864 6.9876e-05 
0.10636 0.892905 0.000734737 
0.174935 0.821433 0.00363151 
0.111856 0.871167 0.0169765 
0.13197 0.843618 0.0244122 
0.142054 0.840047 0.0178987 
0.14537 0.854598 3.22465e-05 
0.00509161 0.981022 0.0138861 
0.279793 0.707515 0.0126922 
0.14537 0.854598 3.22465e-05 
0.0573761 0.843606 0.0990176 
0.16775 0.828714 0.00353557 
0.10505 0.893406 0.00154392 
0.056219 0.941209 0.00257197 
0.100275 0.899639 8.61774e-05 
0.177144 0.779548 0.0433087 
0.0760648 0.923318 0.000617043 
0.482421 0.51676 0.000818683 
0.093146 0.896918 0.00993619 
0.0041776 0.897678 0.0981439 
0.0282148 0.822533 0.149252 
0.0317773 0.968223 7.49265e-10 
0.43445 0.561686 0.00386411 
0.118364 0.881558 7.76138e-05 
0.384806 0.589876 0.0253184 
0.229286 0.769625 0.00108959 
0.380153 0.619638 0.000209319 
0.0284623 0.971398 0.00013985 
0.192348 0.807528 0.000124255 
0.0587273 0.941185 8.81238e-05 
0.0444467 0.943263 0.0122899 
0.0924744 0.906213 0.00131252 
0.307318 0.687487 0.00519457 
0.000771895 0.999056 0.000172107 
0.333434 0.663155 0.00341171 
0.290649 0.487027 0.222324 
0.177641 0.821837 0.000522068 
0.0429389 0.956689 0.000371605 
0.0114737 0.987731 0.000795306 
0.078179 0.916873 0.00494818 
0.1993 0.800665 3.47977e-05 
0.0771818 0.825272 0.0975462 
0.0745739 0.924768 0.000658209 
0.0205708 0.791232 0.188197 
0.359291 0.627373 0.0133362 
0.12681 0.840166 0.0330243 
0.34381 0.651037 0.00515279 
0.0100019 0.988005 0.00199302 
0.114516 0.88529 0.000194762 
0.0572714 0.941129 0.00159999 
0.0493125 0.949076 0.00161149 
0.0218504 0.978121 2.90879e-05 
0.396411 0.591583 0.0120068 
0.0286132 0.941028 0.0303587 
0.105997 0.888524 0.00547842 
0.295795 0.698972 0.00523366 
0.0668717 0.769609 0.163519 
0.469035 0.47917 0.0517944 
0.182421 0.790005 0.0275743 
0.0396054 0.505114 0.45528 
0.129771 0.864615 0.00561461 
0.0851175 0.914871 1.14726e-05 
0.178708 0.814359 0.00693255 
0.102986 0.888271 0.00874323 
0.163877 0.836057 6.56037e-05 
0.0873748 0.690815 0.221811 
0.0252095 0.974333 0.000457228 
0.197161 0.598148 0.20469 
0.00398085 0.582604 0.413415 
0.0259013 0.974011 8.72953e-05 
0.261965 0.696433 0.0416014 
0.239582 0.760334 8.36379e-05 
0.00946447 0.990535 2.06305e-07 
0.0562724 0.943728 2.59285e-08 
0.243795 0.748652 0.00755242 
0.00248456 0.992948 0.00456746 
0.194416 0.804679 0.00090496 
0.041021 0.804936 0.154043 
0.0981094 0.901886 4.76179e-06 
0.00489495 0.995104 1.4072e-06 
0.0940097 0.905479 0.000511578 
0.0259942 0.973913 9.23653e-05 
0.0366046 0.963379 1.65013e-05 
0.0867544 0.906981 0.00626481 
0.143734 0.856251 1.59142e-05 
0.016138 0.983011 0.000851504 
0.0806333 0.919325 4.14366e-05 
0.17522 0.77642 0.0483605 
0.0508694 0.94857 0.000560498 
0.0639956 0.931441 0.00456371 
0.0433847 0.956602 1.35129e-05 
0.0666232 0.933272 0.000104962 
0.207082 0.792323 0.000594436 
0.0288178 0.97118 2.1962e-06 
0.112386 0.886085 0.00152868 
0.113467 0.8821 0.00443324 
0.108738 0.88783 0.00343243 
0.134809 0.826676 0.0385158 
0.443924 0.554252 0.00182446 
0.334201 0.6644 0.00139905 
0.152984 0.79077 0.0562458 
0.0263624 0.973578 5.90893e-05 
0.416427 0.548301 0.0352714 
0.170853 0.827595 0.00155199 
0.0919799 0.907984 3.63545e-05 
0.335083 0.582182 0.0827351 
0.0232561 0.95806 0.0186835 
0.0984412 0.606224 0.295334 
0.179489 0.820431 8.01076e-05 
0.218567 0.779969 0.00146407 
0.0808726 0.635646 0.283482 
0.0463233 0.952442 0.00123504 
0.0028767 0.958307 0.0388163 
0.112397 0.885931 0.00167254 
0.0458229 0.940599 0.0135782 
0.15218 0.53842 0.3094 
0.168069 0.776454 0.0554771 
0.373081 0.544654 0.0822651 
0.178085 0.811704 0.0102109 
0.0021694 0.997785 4.54181e-05 
0.0328409 0.938992 0.0281675 
0.0277015 0.972295 3.91701e-06 
0.0863734 0.872449 0.0411777 
0.00862052 0.881742 0.109638 
0.0123989 0.987177 0.000423914 
0.261658 0.698613 0.0397293 
0.261965 0.696433 0.0416014 
0.0695201 0.731436 0.199044 
0.130281 0.79358 0.0761382 
0.142341 0.857468 0.000190881 
0.0759853 0.923875 0.000139402 
0.133139 0.866856 5.05841e-06 
0.172206 0.827159 0.000634764 
0.0907691 0.902433 0.00679839 
0.134198 0.861758 0.00404405 
0.488746 0.509941 0.00131293 
0.0236659 0.976257 7.70905e-05 
0.11289 0.867545 0.0195646 
0.130875 0.862367 0.00675887 
0.152758 0.600715 0.246527 
0.141458 0.853573 0.00496929 
0.0269559 0.972984 5.99733e-05 
0.17805 0.817951 0.00399833 
0.184007 0.815731 0.000262302 
0.0999285 0.90004 3.15382e-05 
0.399055 0.596264 0.00468116 
0.256938 0.742894 0.000167766 
0.139009 0.845839 0.0151523 
0.0274844 0.972301 0.00021498 
0.134018 0.78411 0.0818721 
0.0472744 0.95269 3.52192e-05 
0.0552835 0.944678 3.83425e-05 
0.135557 0.859768 0.00467471 
0.276858 0.717112 0.00603028 
0.0379127 0.949677 0.0124105 
0.16524 0.834706 5.43144e-05 
0.0428699 0.957129 9.02376e-07 
0.0925906 0.893323 0.014086 
0.142746 0.854322 0.00293214 
0.0114737 0.987731 0.000795306 
0.327855 0.606552 0.0655936 
0.0156279 0.925339 0.0590331 
0.145536 0.847008 0.00745628 
0.101874 0.880312 0.0178137 
0.00551728 0.99447 1.22681e-05 
0.00112116 0.99875 0.000128858 
0.0712388 0.928713 4.83289e-05 
0.015912 0.983929 0.000158999 
0.0265091 0.973491 3.81524e-08 
0.0180624 0.935973 0.0459649 
0.207809 0.785264 0.00692708 
0.0757179 0.924279 3.36826e-06 
0.0634054 0.870536 0.066059 
0.214785 0.758037 0.0271782 
0.129047 0.578592 0.292361 
0.375942 0.58186 0.0421984 
0.0124667 0.986978 0.000555218 
0.434781 0.562611 0.00260817 
0.420882 0.569697 0.00942057 
0.0750004 0.921126 0.00387333 
0.0317189 0.96827 1.10609e-05 
0.000899233 0.999101 1.46224e-07 
0.0596211 0.937197 0.00318188 
0.0533575 0.935819 0.0108232 
0.14537 0.854598 3.22465e-05 
0.0822997 0.914598 0.00310209 
0.405431 0.594208 0.000361377 
0.496384 0.502079 0.00153747 
0.00624294 0.75785 0.235907 
0.0190412 0.980955 3.79233e-06 
0.0467828 0.946938 0.00627884 
0.331888 0.658954 0.00915821 
0.0404554 0.94557 0.0139748 
0.400179 0.599821 1.39214e-08 
1.49637e-07 0.999999 6.74354e-07 
0.0695201 0.731436 0.199044 
0.0135585 0.985812 0.00062905 
0.14537 0.854598 3.22465e-05 
0.0181636 0.981818 1.79695e-05 
0.131524 0.677672 0.190804 
0.309418 0.633851 0.0567311 
0.441104 0.556566 0.00233044 
0.431201 0.568799 1.59687e-07 
0.493205 0.506701 9.41996e-05 
0.188745 0.767802 0.0434525 
0.124035 0.857321 0.0186447 
0.106697 0.890703 0.00260021 
0.2831 0.386574 0.330327 
0.341462 0.658529 8.69473e-06 
0.0168786 0.982998 0.000123921 
0.411821 0.588177 1.9711e-06 
0.00553789 0.991402 0.00306025 
0.276963 0.723031 5.88365e-06 
0.0633424 0.839466 0.0971918 
0.102298 0.897501 0.000201212 
0.0658336 0.916317 0.0178499 
0.104084 0.895165 0.000750042 
0.0521001 0.947834 6.58265e-05 
0.0643622 0.935566 7.17421e-05 
0.184054 0.755094 0.0608525 
0.324846 0.675062 9.20747e-05 
0.361221 0.638779 3.0335e-07 
0.238434 0.646517 0.115048 
0.0136943 0.9863 5.44943e-06 
0.242001 0.75793 6.95275e-05 
0.0705387 0.910385 0.0190764 
0.0666145 0.933381 4.38128e-06 
0.14537 0.854598 3.22465e-05 
0.426415 0.573472 0.000113566 
0.0545017 0.945034 0.000463824 
0.0414945 0.958486 1.94372e-05 
0.399203 0.562961 0.0378357 
0.158583 0.707404 0.134014 
0.252337 0.747441 0.000221121 
0.13822 0.84763 0.0141504 
0.176716 0.807669 0.0156151 
0.0949179 0.904937 0.000145379 
0.243139 0.756774 8.73486e-05 
0.11528 0.874409 0.0103103 
0.0572714 0.941129 0.00159999 
0.0645344 0.880311 0.0551541 
0.0832363 0.91666 0.000103583 
0.0796292 0.861426 0.0589449 
0.187204 0.772545 0.0402509 
0.130479 0.868774 0.000747112 
0.100509 0.89902 0.000470888 
0.0843148 0.905911 0.00977448 
0.0156279 0.925339 0.0590331 
0.00374391 0.873863 0.122393 
0.138615 0.861126 0.000258869 
0.415057 0.5849 4.295e-05 
0.0989735 0.836038 0.0649889 
0.184221 0.587116 0.228663 
0.0886401 0.911357 2.62714e-06 
0.0355936 0.963232 0.00117466 
0.123357 0.875523 0.0011203 
0.213601 0.457182 0.329217 
0.0867288 0.913213 5.80607e-05 
0.0191721 0.971827 0.00900091 
0.107724 0.892124 0.000152647 
0.060019 0.867211 0.0727699 
0.0470083 0.943891 0.00910046 
0.141486 0.857379 0.00113506 
0.231539 0.767862 0.000598464 
0.0389617 0.956504 0.00453433 
0.0236947 0.975338 0.000967765 
0.069867 0.929628 0.000505316 
0.192784 0.807214 1.58978e-06 
0.195394 0.791364 0.0132414 
0.0121012 0.954667 0.0332316 
0.21323 0.786645 0.000124759 
0.326557 0.637349 0.0360947 
0.0870009 0.904936 0.00806336 
0.0948774 0.865378 0.0397449 
0.450211 0.54939 0.000398751 
0.22909 0.756667 0.0142426 
0.0601131 0.939826 6.11712e-05 
0.0344709 0.965483 4.62934e-05 
0.050332 0.9392 0.0104684 
0.383096 0.574541 0.042363 
0.0928039 0.904678 0.00251807 
0.338302 0.661557 0.000141015 
0.058441 0.940504 0.001055 
0.0121891 0.987698 0.000112549 
0.108838 0.89096 0.000202064 
0.114739 0.885088 0.000172156 
0.2446 0.712113 0.0432875 
0.192486 0.802873 0.00464113 
0.165621 0.814192 0.0201878 
0.0960347 0.866626 0.0373394 
0.4889 0.50588 0.00521977 
0.474311 0.520852 0.00483757 
0.294923 0.699236 0.00584107 
0.125437 0.872891 0.00167181 
0.407215 0.584831 0.00795389 
0.0708614 0.928863 0.0002758 
0.490653 0.493923 0.0154241 
9.18811e-05 0.98395 0.0159584 
0.169161 0.812605 0.0182346 
0.13231 0.862025 0.00566481 
0.399678 0.600259 6.28611e-05 
0.0236659 0.976257 7.70905e-05 
0.0305598 0.967932 0.00150842 
0.186183 0.791539 0.0222779 
0.0248753 0.974597 0.000528182 
0.0596864 0.939127 0.00118668 
0.0564871 0.940324 0.00318853 
0.333103 0.662358 0.00453872 
0.0858284 0.912498 0.00167376 
0.113152 0.752108 0.134739 
0.022742 0.834939 0.142319 
0.0498462 0.878587 0.0715665 
0.109366 0.844346 0.0462881 
0.471916 0.528077 7.25693e-06 
0.0816224 0.85706 0.0613177 
0.370194 0.629806 5.04003e-07 
0.0125214 0.986528 0.00095068 
0.124677 0.874338 0.000984549 
0.0103892 0.989409 0.000202041 
0.00671494 0.99312 0.000164611 
0.157316 0.841979 0.00070467 
0.0692735 0.825067 0.105659 
0.0629973 0.610319 0.326683 
0.0178576 0.982019 0.000123461 
0.0726437 0.917625 0.00973094 
0.206728 0.790622 0.00265017 
0.0666149 0.920456 0.012929 
0.0689471 0.651046 0.280007 
0.0411907 0.958744 6.50227e-05 
0.0469873 0.817074 0.135938 
0.105138 0.893902 0.000959745 
0.151258 0.844808 0.00393314 
0.0290829 0.80814 0.162777 
0.307565 0.691542 0.000893403 
0.14537 0.854598 3.22465e-05 
0.170878 0.829006 0.000116586 
0.0194989 0.980435 6.62527e-05 
0.0852059 0.914185 0.000608793 
0.126151 0.871191 0.00265844 
0.091745 0.902256 0.00599941 
0.315415 0.684584 7.51058e-07 
0.00663306 0.993367 3.63392e-08 
0.077887 0.92092 0.00119263 
0.164766 0.835093 0.00014174 
0.00409738 0.959355 0.0365481 
0.111806 0.849202 0.0389919 
0.171409 0.828591 2.12603e-08 
0.131553 0.86839 5.71348e-05 
0.396587 0.603413 2.44211e-08 
0.0346794 0.960391 0.00492951 
0.143924 0.847963 0.00811293 
0.382512 0.617441 4.69716e-05 
0.0442161 0.884425 0.071359 
0.0101782 0.989821 8.18053e-07 
0.0752431 0.923725 0.00103193 
0.194431 0.800775 0.00479408 
0.1253 0.872684 0.0020165 
0.238032 0.747762 0.0142062 
0.194586 0.800362 0.00505212 
0.081237 0.918572 0.000190767 
0.0994098 0.898862 0.00172776 
0.000651306 0.999183 0.000166165 
0.255017 0.744724 0.000259527 
0.00624294 0.75785 0.235907 
0.0442161 0.884425 0.071359 
0.109906 0.822968 0.0671257 
0.239649 0.752146 0.00820547 
0.140804 0.857613 0.00158312 
0.119294 0.880083 0.000623182 
0.0322537 0.96701 0.000736092 
0.0703478 0.929649 2.92364e-06 
0.181747 0.816252 0.00200125 
0.0471564 0.952118 0.000725902 
0.0863225 0.896467 0.0172102 
0.0727621 0.925939 0.00129852 
0.122833 0.877154 1.32686e-05 
0.14537 0.854598 3.22465e-05 
0.0856391 0.914349 1.23811e-05 
0.285987 0.713108 0.000905133 
0.159542 0.839387 0.00107142 
0.0521134 0.947869 1.74059e-05 
0.0937049 0.905701 0.00059413 
0.0834665 0.916362 0.000171437 
0.0462041 0.950438 0.00335768 
0.14537 0.854598 3.22465e-05 
0.150642 0.848835 0.000522508 
0.106312 0.844613 0.0490753 
0.202311 0.792404 0.00528482 
0.163929 0.835433 0.000637227 
0.0613378 0.933915 0.00474725 
0.0345046 0.965437 5.82495e-05 
0.00577773 0.973959 0.020263 
0.266527 0.728404 0.00506935 
0.188236 0.808073 0.00369102 
0.0858667 0.907855 0.00627846 
0.247432 0.752092 0.00047582 
0.0543452 0.768513 0.177142 
0.0101075 0.98978 0.000112154 
0.173272 0.818563 0.00816461 
0.126045 0.87074 0.0032157 
0.128482 0.871341 0.000177283 
0.24748 0.616746 0.135773 
0.0629973 0.610319 0.326683 
0.0830215 0.916873 0.000105777 
0.405177 0.594383 0.000440585 
0.129778 0.866016 0.0042057 
0.134198 0.861758 0.00404405 
0.197102 0.802877 2.10706e-05 
0.0349929 0.946087 0.0189202 
0.00652509 0.993461 1.40102e-05 
0.0965838 0.903363 5.37044e-05 
0.117226 0.871303 0.0114711 
0.125575 0.873938 0.000486312 
0.0599207 0.940047 3.20096e-05 
0.0950314 0.900292 0.00467705 
0.10451 0.894794 0.000695823 
0.0330586 0.962082 0.00485964 
0.125273 0.67504 0.199687 
0.28306 0.71445 0.00249038 
0.0395301 0.954895 0.00557449 
0.118879 0.485026 0.396096 
0.0591661 0.940746 8.76467e-05 
0.144853 0.854637 0.000509688 
0.00248456 0.992948 0.00456746 
0.140559 0.858959 0.000482477 
0.0822868 0.917554 0.000159007 
0.291998 0.707843 0.000159462 
0.0301186 0.969429 0.00045237 
0.14537 0.854598 3.22465e-05 
0.117959 0.864626 0.0174145 
0.104193 0.892138 0.00366983 
0.0370255 0.863721 0.0992538 
0.451603 0.531093 0.0173039 
0.0472744 0.95269 3.52192e-05 
0.438715 0.560903 0.000382433 
0.165206 0.834733 6.1063e-05 
0.063986 0.907847 0.0281672 
0.00841965 0.977349 0.0142317 
0.231948 0.767697 0.000354436 
0.257089 0.741733 0.00117777 
0.14537 0.854598 3.22465e-05 
0.0428699 0.957129 9.02376e-07 
0.193069 0.708904 0.0980268 
0.0117557 0.983385 0.00485967 
0.394092 0.576171 0.0297374 
0.229871 0.770082 4.67754e-05 
0.461835 0.538135 3.02131e-05 
0.222819 0.766415 0.010766 
0.0666232 0.933272 0.000104962 
0.137835 0.825015 0.0371502 
0.0376762 0.876485 0.0858391 
0.204698 0.795271 3.16079e-05 
0.188246 0.795184 0.0165702 
0.00624294 0.75785 0.235907 
0.0837569 0.915875 0.00036774 
0.117115 0.882841 4.40114e-05 
0.161083 0.838917 2.40818e-08 
0.0856357 0.907859 0.0065049 
0.0225625 0.977435 2.30159e-06 
0.0265839 0.92188 0.0515359 
0.0306008 0.969061 0.000337833 
0.112176 0.828572 0.0592523 
0.0683636 0.929804 0.00183226 
0.163877 0.836057 6.56037e-05 
0.0195967 0.980297 0.000106429 
0.136223 0.863636 0.000140715 
0.188908 0.805074 0.00601773 
0.0446491 0.89845 0.056901 
0.244016 0.553069 0.202915 
0.0805161 0.910926 0.0085583 
0.0733456 0.9252 0.00145473 
0.0685848 0.931171 0.000244024 
0.100457 0.893775 0.00576787 
0.0822868 0.917554 0.000159007 
0.0666232 0.933272 0.000104962 
0.0167461 0.982295 0.000958748 
0.158183 0.840697 0.00112035 
0.230073 0.768498 0.00142869 
0.303181 0.696758 6.01681e-05 
0.0470083 0.943891 0.00910046 
0.494396 0.502425 0.0031793 
0.298268 0.701297 0.000435563 
0.137784 0.862118 9.85458e-05 
0.1269 0.856416 0.0166846 
0.0446191 0.955375 6.30768e-06 
0.0688911 0.928209 0.0029002 
0.115506 0.85492 0.0295736 
0.0514616 0.948487 5.18166e-05 
0.41974 0.58019 7.02703e-05 
0.214642 0.773401 0.0119571 
0.0726437 0.917625 0.00973094 
0.0384487 0.946996 0.0145553 
0.163877 0.836057 6.56037e-05 
0.126377 0.871477 0.00214548 
0.10031 0.899599 9.12258e-05 
0.0720873 0.729029 0.198884 
0.0115692 0.711776 0.276655 
0.0562543 0.943671 7.425e-05 
0.124273 0.56404 0.311687 
0.0563636 0.904195 0.0394414 
0.041777 0.593806 0.364417 
0.0323652 0.967585 4.97723e-05 
0.257795 0.742006 0.000199135 
0.0563242 0.943234 0.000442037 
0.0128414 0.947586 0.0395725 
0.0704881 0.929481 3.08425e-05 
0.0306008 0.969061 0.000337833 
0.0589082 0.938855 0.00223713 
0.0105141 0.989432 5.38617e-05 
0.224335 0.774572 0.00109297 
0.307912 0.631044 0.061044 
0.20237 0.782926 0.0147038 
0.0536362 0.933333 0.0130308 
0.0250763 0.97464 0.000284135 
0.0508304 0.948697 0.000472461 
0.0312736 0.96782 0.000906519 
0.268995 0.730337 0.000668796 
0.100645 0.886502 0.0128532 
0.432233 0.566505 0.00126243 
0.0321409 0.967845 1.46398e-05 
0.0538067 0.946139 5.41756e-05 
0.235419 0.729892 0.0346886 
0.0325207 0.967468 1.12086e-05 
0.0542343 0.940912 0.00485386 
0.431947 0.567804 0.000249691 
0.195259 0.797223 0.0075187 
0.245354 0.754583 6.29e-05 
0.122722 0.826269 0.0510088 
0.0787087 0.843976 0.0773156 
0.306867 0.669277 0.023856 
0.0650421 0.93134 0.00361783 
0.14537 0.854598 3.22465e-05 
0.0174199 0.980911 0.00166958 
0.331455 0.666919 0.0016252 
0.374542 0.624895 0.000563374 
0.0982998 0.88711 0.0145907 
0.0910194 0.77326 0.135721 
0.0656574 0.929001 0.00534159 
0.107471 0.809288 0.0832411 
0.19373 0.670225 0.136044 
0.286115 0.702301 0.0115836 
0.0743651 0.925585 5.02668e-05 
0.00442121 0.995552 2.66844e-05 
0.0317522 0.967341 0.000906966 
0.0586443 0.941282 7.39628e-05 
0.120137 0.878037 0.00182551 
0.180378 0.819616 5.92743e-06 
0.125258 0.78924 0.0855019 
0.404074 0.583682 0.0122433 
0.0573761 0.843606 0.0990176 
0.188624 0.811174 0.000201742 
0.151635 0.816313 0.0320522 
0.358185 0.638968 0.00284702 
0.235961 0.763968 7.0871e-05 
0.00340518 0.920439 0.0761557 
0.17466 0.82531 3.00333e-05 
0.0852278 0.914658 0.000114086 
0.250592 0.749266 0.000141908 
0.249413 0.744034 0.00655294 
0.0322064 0.967791 2.41185e-06 
0.00840237 0.991468 0.000130105 
0.1497 0.840891 0.00940902 
0.205043 0.794206 0.000750105 
0.101453 0.898507 4.03979e-05 
0.017948 0.972401 0.00965075 
0.111236 0.88692 0.0018442 
0.0362538 0.930697 0.0330491 
0.148609 0.685437 0.165954 
0.0488147 0.95033 0.000855359 
0.048871 0.927814 0.0233153 
0.180355 0.81954 0.000104569 
0.0950801 0.88913 0.0157897 
0.0897015 0.910169 0.000129618 
0.113907 0.883805 0.00228744 
0.2166 0.783381 1.86621e-05 
0.0644002 0.927821 0.00777833 
0.0623385 0.931829 0.00583254 
0.341962 0.658019 1.93675e-05 
0.48604 0.51263 0.00132931 
0.189252 0.810747 9.87797e-07 
0.240833 0.75022 0.00894719 
0.109047 0.890945 8.14342e-06 
0.0538654 0.942856 0.003279 
0.192378 0.706465 0.101156 
0.305808 0.694161 3.05734e-05 
0.399775 0.452713 0.147513 
0.0781425 0.921857 4.36558e-08 
0.393649 0.605896 0.000455677 
0.0822112 0.917784 4.69778e-06 
0.0325948 0.951376 0.0160293 
0.116506 0.770157 0.113337 
0.0178481 0.981191 0.000960937 
0.106423 0.873065 0.0205119 
0.0162676 0.800156 0.183577 
0.0976391 0.900779 0.00158173 
0.0668475 0.932995 0.000157777 
0.0384263 0.946786 0.0147878 
0.117484 0.875905 0.00661099 
0.0562151 0.937281 0.00650365 
0.363995 0.636005 1.27458e-07 
0.0329039 0.967096 7.10816e-08 
0.105005 0.894826 0.000168906 
0.143463 0.81938 0.0371578 
0.0618132 0.936189 0.0019983 
0.0420252 0.899204 0.0587711 
0.00773504 0.992265 9.94294e-08 
0.0250763 0.97464 0.000284135 
0.262246 0.716029 0.0217251 
0.0624129 0.923542 0.0140453 
0.0811102 0.848736 0.0701541 
0.0284623 0.971398 0.00013985 
0.000177069 0.993005 0.00681807 
0.0823213 0.91381 0.00386822 
0.0564228 0.943287 0.000290401 
0.153064 0.846684 0.00025174 
0.261915 0.737384 0.000700368 
0.437449 0.561947 0.000604063 
0.204295 0.794577 0.00112793 
0.382963 0.616135 0.000901939 
0.113851 0.65711 0.229038 
0.0759853 0.923875 0.000139402 
0.0191811 0.980717 0.000101884 
0.0363479 0.963622 3.00993e-05 
0.000257623 0.999742 7.02185e-08 
0.117513 0.88212 0.000366771 
0.0260917 0.973837 7.11184e-05 
0.114325 0.798455 0.0872193 
0.0372789 0.962636 8.51414e-05 
0.101005 0.895426 0.00356896 
0.143463 0.81938 0.0371578 
0.349892 0.650108 6.59356e-08 
0.1424 0.857558 4.20598e-05 
0.121316 0.878391 0.000293106 
0.0599099 0.939781 0.00030946 
0.0134737 0.986526 1.59238e-08 
0.122816 0.659744 0.21744 
0.0782908 0.921612 9.68482e-05 
0.118793 0.878859 0.00234778 
0.318532 0.680229 0.00123935 
0.105332 0.87589 0.0187779 
0.410966 0.58128 0.00775307 
0.413864 0.573477 0.0126595 
0.355349 0.64142 0.00323114 
0.0759853 0.923875 0.000139402 
0.11333 0.873378 0.013292 
0.0874811 0.91082 0.00169851 
0.185969 0.784991 0.0290398 
0.18444 0.704071 0.111489 
0.062982 0.932992 0.00402648 
0.407254 0.591907 0.000839284 
0.00120218 0.998764 3.37071e-05 
0.184062 0.813927 0.00201059 
0.0191721 0.971827 0.00900091 
0.105997 0.888524 0.00547842 
0.356689 0.643311 1.87777e-11 
0.244748 0.755252 4.58278e-09 
0.0659813 0.90855 0.0254683 
0.0716753 0.635637 0.292688 
0.393833 0.606167 5.60128e-07 
0.0819444 0.918049 6.09892e-06 
0.0303007 0.969519 0.000180333 
0.0158096 0.981924 0.00226672 
0.0882628 0.652122 0.259616 
0.0961082 0.900293 0.00359867 
0.493205 0.506701 9.41996e-05 
0.262836 0.591179 0.145985 
0.0191324 0.980677 0.000190788 
0.241016 0.741148 0.017836 
0.180074 0.818612 0.00131374 
0.0759853 0.923875 0.000139402 
0.104289 0.885866 0.0098454 
2.73181e-05 0.999535 0.000437954 
0.215601 0.777231 0.00716816 
0.271128 0.721013 0.00785881 
0.0564817 0.935196 0.0083221 
0.0396421 0.96032 3.81487e-05 
0.257134 0.735592 0.00727327 
0.00236189 0.997515 0.000122943 
0.0188513 0.981104 4.42579e-05 
0.0253828 0.970825 0.003792 
0.253892 0.742517 0.00359153 
0.174942 0.824974 8.32018e-05 
