0.276691 0.0176355 0.103571 0.134642 0.00996452 0.0207757 0.0146365 0.0265557 0.0298019 0.00721396 0.0594123 0.0219982 0.00796166 0.0222787 6.22793e-05 0.0167281 0.0249657 0.00512632 0.0037731 0.00102283 0.000219114 0.0239029 0.0504048 0.00567111 0.00839896 1.27904e-05 0.00488071 0.0757166 0.022746 0.00323031 
0.260222 0.00849001 0.190394 0.25838 0.0309699 0.0104203 0.0125138 0.00756528 0.036574 0.000867526 0.00199063 0.00465614 0.00759509 0.00474194 0.0113072 0.0102927 0.00110816 0.000561616 0.00583048 0.000291834 7.174e-05 0.0206498 0.0088454 0.000768574 0.0094979 1.76039e-05 0.00320359 0.027802 0.0634515 0.000919958 
0.210638 0.00363707 0.0703606 0.104526 0.00456577 0.0418286 0.00170499 0.00104668 0.00891857 0.0174586 0.00700532 0.0111979 0.0217742 0.00766691 1.85132e-07 0.0860562 0.111418 0.00179599 0.00144085 1.02164e-05 2.67722e-06 0.0500836 0.0228076 0.0219827 0.000573492 1.93762e-06 0.00222664 0.0883182 0.0974586 0.00349384 
0.375438 0.0315017 0.0454258 0.0946808 0.0184171 0.00836388 0.0163341 0.000341488 0.0188693 0.000647355 0.0317218 0.00494334 0.00808465 0.0043783 0.000743348 0.00256267 0.00103279 0.000667581 0.00520644 0.000144362 6.03835e-08 0.00190038 0.0112178 0.000340243 0.00186835 1.99127e-05 0.00719928 0.239537 0.0667584 0.00165409 
0.221728 0.025776 0.129818 0.0557459 0.013597 0.00562003 0.0109403 0.0300016 0.0701167 0.000117853 0.000239645 0.0027095 0.00344948 0.00154727 0.000179083 0.00867274 0.00142271 0.00248491 0.0079297 0.000568846 0.000206251 0.100094 0.119818 0.000114931 0.0499083 3.41595e-05 0.000149377 0.0254507 0.111187 0.000371387 
0.216723 0.0493856 0.0662641 0.0892797 0.00288665 0.000257624 0.0319742 0.000307396 0.0714491 0.00109374 0.00316172 0.00935985 0.00416782 0.0220775 5.42924e-05 0.0164327 0.204744 0.00011424 0.000995691 0.000362648 0.000195438 0.114105 0.0585136 0.000708761 0.00194104 6.5402e-06 0.00122799 0.0303978 0.00108112 0.000730437 
0.202755 0.0115509 0.15358 0.0832784 0.00705144 0.00850005 0.00459917 0.000345552 0.0183107 0.00654966 0.000668011 0.00724375 0.0895503 0.0261942 0.00016847 0.0167669 0.00373475 0.00231728 0.00367698 1.71182e-05 0.000141969 0.035062 0.0193174 0.000933862 0.00500532 4.93707e-06 0.00757906 0.196339 0.086803 0.00195438 
0.363306 0.0183044 0.0383526 0.0829395 0.0598052 0.027547 0.0155032 7.3658e-05 0.0327145 0.000928637 0.00733118 0.00551237 0.0085215 0.00731147 0.000346927 0.0421434 0.0531488 0.000732217 0.00857198 0.000134657 1.09448e-05 0.0105753 0.0235535 0.0448704 0.00316806 0.000113969 0.00475465 0.120418 0.0182335 0.00107284 
0.25073 0.0194939 0.112285 0.210455 0.0178915 0.0189548 0.00730604 0.00013199 0.0353553 0.00293587 0.00236834 0.016289 0.0547997 0.0153498 0.000378648 0.00473428 0.00731547 0.000463508 0.0108929 0.021303 0.000643097 0.0120523 0.0158094 0.000204479 0.0101314 5.65912e-05 0.00986288 0.0554564 0.0855711 0.000778847 
0.365471 0.043905 0.0607818 0.155761 0.0051989 0.00044815 0.158674 8.71314e-06 0.0487705 0.000360476 0.000470875 0.00750666 0.00911338 0.00618222 2.5912e-05 0.000238575 0.00503264 0.000190869 0.00856616 1.4399e-07 2.05592e-05 0.00732261 0.0125542 1.39964e-05 0.00620949 1.6601e-05 0.00861865 0.0474948 0.0370837 0.00395823 
0.244784 0.0407163 0.043921 0.195419 0.0318871 0.00753236 0.00594217 0.000207015 0.0245061 0.00234843 0.00571394 0.0208541 0.0421062 0.0102233 0.000227752 0.0275628 0.0347412 0.00976159 0.00250494 1.21649e-05 4.29034e-05 0.0165833 0.0645969 0.0144198 0.00510754 3.81792e-05 0.00637934 0.10969 0.0140444 0.0181266 
0.171659 0.0531787 0.093813 0.168112 0.0227301 0.047549 0.0273512 0.00079446 0.0552956 0.000706067 0.00245446 0.0162512 0.0545644 0.0266799 0.00272904 0.00236072 0.00255607 0.00205097 0.0219474 0.00426115 0.00720304 0.0354184 0.0163689 0.0016606 0.0182017 0.000444409 0.0168875 0.0798661 0.0397347 0.00717015 
0.609524 0.0361354 0.0292713 0.0647645 0.0990066 0.0251139 0.00283482 1.64272e-06 0.0234455 8.50883e-05 0.00204162 0.00479813 0.000708138 0.00239654 6.00929e-06 0.00122026 0.000230373 0.00013952 0.0055531 5.84019e-06 1.31272e-06 0.00231346 0.0259033 7.29088e-06 0.0155728 4.18707e-05 0.00434315 0.0306325 0.0136446 0.000257508 
0.18844 0.0543364 0.172461 0.0631775 0.00947965 0.00987914 0.0352297 1.4557e-05 0.0374149 0.000859415 0.000416114 0.00354892 0.0316423 0.0116994 0.00120382 0.006517 0.00339618 0.00199897 0.00703308 0.000152011 0.000151133 0.0462232 0.083474 0.0022827 0.0208215 5.38025e-05 0.0018383 0.176528 0.0277149 0.00201316 
0.305829 0.0762776 0.0908378 0.127262 0.00973911 0.0108118 0.0108299 0.00350111 0.0473144 0.0032881 0.00265645 0.0302024 0.0249714 0.0191012 0.000163022 0.00942337 0.0110219 0.00160227 0.00385321 0.000400079 0.000159145 0.0144827 0.0478721 0.0141733 0.00418285 4.16687e-05 0.00933449 0.0864223 0.0314688 0.00277652 
0.373044 0.0238261 0.0627795 0.107112 0.0451094 0.0223599 0.0115213 0.00244523 0.036987 0.00237476 0.00119332 0.00499228 0.00929952 0.00427988 0.000243804 0.0124161 0.00723894 0.000999614 0.00548123 0.000324741 0.00012551 0.0106749 0.0140281 0.00470183 0.00506353 2.94406e-05 0.0100513 0.138201 0.0809761 0.00211887 
0.249459 0.0576025 0.0328583 0.172298 0.00713092 0.0242516 0.00810777 0.00123635 0.0285702 0.000216631 0.00240062 0.00156712 0.099391 0.00201253 1.38498e-05 0.0050469 0.00997782 0.000328731 0.0084665 6.70912e-05 9.931e-05 0.0167305 0.0254268 1.14883e-05 0.00450181 0.00232718 0.000824513 0.0425797 0.18186 0.0146352 
0.237868 0.0567379 0.0719914 0.142495 0.0275756 0.0194514 0.00856335 0.00496112 0.0230811 0.00221093 0.00564837 0.0187344 0.0148357 0.00829138 0.00162042 0.0130609 0.0152688 0.00127819 0.00664592 0.000193641 0.000129071 0.0105287 0.03281 0.0107899 0.0210771 0.000167529 0.00596977 0.190104 0.0457667 0.00214427 
0.24099 0.0460433 0.114088 0.0672424 0.012463 0.0245912 0.0143953 0.00307705 0.0341958 0.0330037 0.00262566 0.00529699 0.0336814 0.00391193 0.00014055 0.0190069 0.000695625 0.0030587 0.00782979 0.000198466 0.000734839 0.0394577 0.0398656 0.000439384 0.0153272 6.2235e-05 0.00498839 0.140842 0.0883531 0.00339392 
0.32652 0.0112676 0.0714513 0.0830119 0.0279915 0.0199735 0.0055702 0.00119548 0.0232048 0.00257308 0.00304782 0.0142472 0.0479209 0.0105476 0.000135709 0.0116305 0.00529697 0.001401 0.0126917 0.0669066 0.000119392 0.016702 0.016655 0.00194401 0.00853741 8.71079e-05 0.0113168 0.157694 0.0382625 0.0020958 
0.452849 0.0500385 0.0614119 0.112384 0.00743891 0.0126729 0.0162964 0.000322445 0.0305358 0.000507157 0.000724961 0.00295522 0.0142486 0.0048168 0.000170863 0.00680263 0.00223964 0.00222694 0.00463412 0.00107044 0.000243144 0.00772941 0.0210631 7.42908e-05 0.00226505 1.95536e-05 0.00740688 0.0951456 0.0794028 0.0023028 
0.697514 0.0101137 0.00881214 0.101931 0.00159582 0.00670037 0.0122914 0.00012665 0.0211464 0.000726302 0.000632079 0.0199096 0.0127086 0.0227393 0.000575802 0.000117891 0.00623089 0.00115147 0.00407867 0.00112695 0.00136471 0.00449123 0.0075896 0.000122507 0.0169644 0.000291591 0.00386278 0.0159543 0.0177245 0.00140595 
0.515155 0.00695909 0.0305957 0.231525 0.00374457 0.00624975 0.00885326 3.94856e-06 0.0229438 0.000174587 0.000232539 0.00543272 0.0336396 0.00392593 2.45475e-07 0.000150177 0.00957747 0.00283762 0.0219857 0.00117776 0.000151311 0.00798511 0.00197646 1.89433e-05 0.00683258 1.33569e-05 0.00265742 0.0231852 0.0519493 6.63277e-05 
0.258538 0.222681 0.0637383 0.0906612 0.0010917 0.00234746 0.0145644 0.0001911 0.0314871 0.000362532 0.000746286 0.00742429 0.0159449 0.00804593 9.94621e-05 0.0100835 0.0136465 0.000619224 0.00146151 6.94915e-06 6.29935e-06 0.00356804 0.0446092 0.00048006 0.00172922 4.188e-06 0.00411079 0.196307 0.00444283 0.00100113 
0.200054 0.0660318 0.198457 0.120042 0.0370466 0.00766696 0.0199342 0.000607897 0.0345837 0.000288641 0.000302489 0.00300609 0.07929 0.0313341 0.0002162 0.0087172 0.00389301 0.000293327 0.00561865 6.95311e-05 0.000133926 0.0131337 0.0517513 0.000135481 0.00970071 5.67084e-05 0.00495003 0.0555803 0.0465619 0.000542326 
0.482174 0.0210143 0.0274387 0.209817 0.00784218 0.0122322 0.0165026 0.000112836 0.0442202 0.00211127 0.000596321 0.0109149 0.0125229 0.000594555 7.10984e-07 0.000691473 0.00115853 7.05544e-05 0.00254018 5.24504e-06 7.45935e-06 0.00488782 0.00321669 2.76768e-06 0.0733076 8.651e-05 0.0159415 0.0150306 0.0349146 4.3529e-05 
0.48173 0.15175 0.0737169 0.121163 0.0123096 0.0067023 0.0167249 5.31866e-05 0.0325698 3.90355e-05 6.91113e-06 0.00422311 0.0105634 0.00204413 0.00058986 0.000225144 7.42724e-05 0.000263396 0.00726562 6.94622e-05 2.6223e-07 0.00267294 0.00985103 2.58917e-06 0.00623524 2.40415e-05 0.0022246 0.0350375 0.0216995 0.00016863 
0.324764 0.044359 0.0948808 0.163491 0.0160693 0.012703 0.00358711 0.000537858 0.0214367 0.000785516 0.00332086 0.0574154 0.0241471 0.0140514 0.000218426 0.0119189 0.00992854 0.0016643 0.00118755 4.4609e-05 6.53675e-05 0.00542639 0.0300946 0.0173877 0.0214079 0.00035405 0.0142658 0.0879269 0.0148944 0.00166552 
0.171659 0.0531787 0.093813 0.168112 0.0227301 0.047549 0.0273512 0.00079446 0.0552956 0.000706067 0.00245446 0.0162512 0.0545644 0.0266799 0.00272904 0.00236072 0.00255607 0.00205097 0.0219474 0.00426115 0.00720304 0.0354184 0.0163689 0.0016606 0.0182017 0.000444409 0.0168875 0.0798661 0.0397347 0.00717015 
0.525687 0.0464913 0.0626478 0.0962841 0.00799141 0.0276251 0.00701158 3.71925e-05 0.026093 1.00273e-05 9.59322e-06 0.000477201 0.00589533 0.000662664 0.000330969 0.000138268 5.02454e-05 0.000172736 0.0105638 2.53506e-05 1.99067e-05 0.0109011 0.00269416 8.6289e-06 0.00308441 1.69072e-05 0.082686 0.0249001 0.0574563 2.79072e-05 
0.395494 0.0120973 0.190024 0.0957222 0.0187249 0.023131 0.0057061 0.00408247 0.028132 0.000126009 0.000183739 0.00676189 0.0126936 0.00300912 2.52642e-05 0.00227891 0.000345047 0.00054555 0.00271251 2.53452e-06 7.96541e-05 0.0149508 0.0412588 9.85121e-06 0.00110119 1.39196e-05 0.00322444 0.107649 0.0287055 0.00120896 
0.18709 0.0130772 0.127613 0.0769461 0.0713346 0.017831 0.049767 0.000605595 0.0542598 0.00122596 0.00159322 0.00200531 0.00389509 0.000866901 0.001745 0.0394166 0.000304947 0.000313197 0.0189264 4.49162e-05 0.000602254 0.0368768 0.00963113 4.96383e-05 0.00333405 0.000111609 0.00405791 0.12701 0.148575 0.000889396 
0.325628 0.0198566 0.115185 0.174047 0.00474043 0.00660283 0.00797157 0.000317383 0.013064 0.000343859 0.000854694 0.00275067 0.00919147 0.0193211 9.98474e-05 0.00567147 0.00474929 0.00107647 0.0351354 9.60937e-06 6.86388e-08 0.00140355 0.00613878 0.000715853 0.00334501 7.60557e-06 0.00452097 0.0745515 0.161298 0.00140289 
0.607511 0.0121318 0.0670946 0.0861884 0.0219185 0.0122434 0.00573678 0.00224126 0.0190597 0.00135652 0.000451092 0.00373407 0.0125406 0.00200685 0.000282849 0.00453126 0.00253811 5.2859e-05 0.00903856 0.000531405 0.000124154 0.0393264 0.00790287 8.13228e-05 0.00186568 0.000375298 0.00241181 0.0315349 0.0451294 5.818e-05 
0.299104 0.0676001 0.0968555 0.20146 0.00522283 0.00555257 0.00502462 0.000813516 0.012875 0.000179823 0.00036041 0.0126709 0.0269994 0.0103846 0.000215479 0.0550911 0.00409038 0.00193279 0.00206461 1.28711e-05 2.91547e-05 0.00242938 0.0608355 0.000414741 0.012997 3.71032e-06 0.0194771 0.0851841 0.00862422 0.0014953 
0.375451 0.0179386 0.106317 0.0254776 0.0909849 0.0826777 0.00461331 0.00197216 0.0598503 0.00271016 0.00152416 0.00181649 0.0528392 0.0256484 5.67252e-06 0.00193143 0.00028031 0.0217051 0.0202629 0.000274177 6.48949e-05 0.0263633 0.00465995 7.26485e-05 0.00125675 0.000523941 0.00413464 0.0226985 0.0458892 5.54915e-05 
0.395104 0.286135 0.0357969 0.0515395 0.00161378 0.00302466 0.00878725 6.99285e-05 0.0101038 0.000160983 0.00181741 0.0345959 0.00394116 0.00621643 5.6374e-05 0.00499443 0.0026164 0.000348346 0.00110295 5.48919e-05 3.25371e-05 0.00145402 0.0372516 0.000219063 0.00783199 3.36588e-06 0.00129179 0.097397 0.00391924 0.00251959 
0.17615 0.0144945 0.0746057 0.0873546 0.0100385 0.00786734 0.00940196 0.00257878 0.0341504 0.023303 0.0043834 0.01557 0.0571855 0.0462954 4.80933e-05 0.00574918 0.0894121 0.0430213 0.0114162 0.00166789 0.000104784 0.0208227 0.0413676 0.00440209 0.0048969 0.000146098 0.0210769 0.172082 0.0186841 0.00172251 
0.287416 0.0154788 0.134744 0.0685546 0.0452279 0.00820212 0.0235015 0.000153054 0.148838 0.00127937 0.00143299 0.00291447 0.0148543 0.00272458 5.511e-06 0.00428954 0.00196761 5.59565e-05 0.0753896 1.34057e-05 6.07322e-05 0.034489 0.00562895 9.6898e-05 0.0101696 0.000519435 0.00367731 0.0568872 0.0513999 2.805e-05 
0.227537 0.0558351 0.0247995 0.134044 0.00370308 0.00724895 0.00209327 0.0356415 0.0412789 0.00181755 0.000470737 0.00400301 0.154786 0.00205159 7.01914e-12 0.00898963 0.0386657 0.00380164 0.00307955 5.78175e-07 6.69582e-05 0.00170301 0.0514308 0.0950924 0.00132709 3.00356e-05 0.0330362 0.0625115 0.00484516 0.000110111 
0.546002 0.0210236 0.0271806 0.104875 0.0217073 0.0169561 0.00442196 0.000908549 0.0104739 0.00102748 0.00175569 0.00603627 0.00637147 0.00306353 0.000117163 0.00249654 0.00504108 0.0013176 0.00606192 0.000113891 0.00013068 0.00238804 0.0073276 0.00279145 0.00309729 4.3435e-05 0.00419244 0.18136 0.0090685 0.00264855 
0.19424 0.12411 0.147135 0.151961 0.00275156 0.00667453 0.00734427 0.000639694 0.0217872 0.000456042 0.00187712 0.0261445 0.0151112 0.0249564 0.000384379 0.00607438 0.0117373 0.0010859 0.0077361 3.45974e-05 8.23557e-05 0.00744373 0.0355819 0.00574574 0.00293214 3.84158e-05 0.00905336 0.105417 0.0711188 0.0103452 
0.222024 0.0600442 0.0553925 0.0743203 0.00203802 0.00453828 0.00818438 9.27426e-07 0.0160509 0.000495251 0.000472144 0.089163 0.0410964 0.0378365 2.58533e-05 0.00136845 0.00219088 0.00246828 0.00426185 3.032e-05 0.000706225 0.00888029 0.199222 1.30841e-06 0.0070305 0.00195046 0.00293311 0.150597 0.00432043 0.00235619 
0.284831 0.0290706 0.0450638 0.172405 0.0145394 0.0132233 0.00427455 0.00241401 0.0152921 0.00116624 0.00134335 0.0128031 0.0851541 0.0220555 0.00214068 0.00658866 0.0207029 0.00109534 0.00861678 0.000194023 0.000121719 0.00405583 0.0437475 0.00218549 0.00337707 0.000282022 0.0121205 0.165104 0.0233388 0.00269233 
0.304012 0.00801372 0.00675206 0.135564 0.00282062 0.00639706 0.000832846 0.00166066 0.00572067 0.000975812 0.00375159 0.00675339 0.140155 0.0148367 7.86148e-05 0.0180833 0.0474421 0.00279192 0.000302671 2.62517e-05 1.75312e-05 0.00268075 0.0481951 0.0921921 0.00455422 1.31438e-06 0.00179285 0.135064 0.00450056 0.00403201 
0.242047 0.0361711 0.083596 0.0919776 0.1362 0.0285067 0.00622147 0.0068129 0.0289794 0.0218963 0.0098653 0.0105892 0.0104309 0.00659695 0.000237127 0.0378921 0.015793 0.00219843 0.00713962 0.000248259 0.000108513 0.0288008 0.0490008 0.0205162 0.00381007 2.46737e-05 0.00998071 0.0664438 0.0338845 0.00403086 
0.607511 0.0121318 0.0670946 0.0861884 0.0219185 0.0122434 0.00573678 0.00224126 0.0190597 0.00135652 0.000451092 0.00373407 0.0125406 0.00200685 0.000282849 0.00453126 0.00253811 5.2859e-05 0.00903856 0.000531405 0.000124154 0.0393264 0.00790287 8.13228e-05 0.00186568 0.000375298 0.00241181 0.0315349 0.0451294 5.818e-05 
0.399248 0.00795189 0.0769292 0.0665278 0.0120591 0.0429431 0.00936402 0.00097059 0.0696845 0.00171007 0.00828955 0.0212122 0.0450781 0.00789237 2.91014e-05 0.00704474 0.0362281 0.0310703 0.00189244 6.84599e-07 4.7617e-06 0.0026831 0.0127606 0.0048935 0.0197277 0.000795075 0.0338708 0.0661714 0.00216276 0.0108048 
0.280403 0.0123786 0.0689073 0.20906 0.00400111 0.0181992 0.00399822 0.0016543 0.0172097 0.00158997 0.00379185 0.052158 0.0598118 0.0149606 8.17195e-05 0.00541885 0.0378831 0.00374411 0.00354939 0.000247722 9.08758e-05 0.00261407 0.0220668 0.00574876 0.006135 1.41875e-05 0.00960864 0.110554 0.00678112 0.0373376 
0.387626 0.0666065 0.100353 0.169113 0.0105462 0.0384072 0.0105906 1.04642e-05 0.0437932 0.000215469 0.00439822 0.00502087 0.00881282 0.0133152 2.68134e-05 0.000559639 0.00247526 0.00037336 0.00506198 5.69168e-05 0.000150844 0.00971461 0.0118736 1.37536e-05 0.033185 0.000548702 0.00427075 0.0551975 0.017361 0.000321829 
0.357928 0.00898202 0.0906145 0.151676 0.0151692 0.0478669 0.0151898 1.12465e-05 0.0753981 0.000376544 0.00295485 0.0116197 0.106288 0.00679461 1.84699e-05 0.00224473 0.0140916 0.000556918 0.0051632 2.11526e-06 8.99049e-05 0.00523651 0.00573636 2.59582e-05 0.0107928 0.00100885 0.0161891 0.0336383 0.011018 0.00331844 
0.25471 0.00787495 0.0607339 0.117943 0.00514487 0.00668997 0.00212016 0.00187506 0.00320171 0.00102539 0.00469251 0.0148466 0.171406 0.00658231 7.03075e-05 0.0176878 0.025143 0.0030537 0.00153002 1.57097e-05 2.05018e-06 0.00326224 0.0210597 0.0090479 0.00182871 2.13592e-05 0.00747635 0.238623 0.00936137 0.00297003 
0.667769 0.0096037 0.0132172 0.181444 0.00619578 0.00362314 0.00551656 0.000204697 0.015369 1.62112e-05 7.91267e-05 0.00306245 0.0044437 0.000752605 1.17754e-06 0.000156566 0.00123819 2.31331e-05 0.00296929 8.90878e-06 1.27033e-05 0.000796377 0.00219847 2.6379e-06 0.0118299 1.00704e-05 0.00157378 0.0111697 0.05641 0.000302246 
0.196427 0.169907 0.152478 0.13599 0.0123219 0.013022 0.0103761 0.00571724 0.0306844 0.00386363 0.00221583 0.0182118 0.0136709 0.0139674 0.000477282 0.00932185 0.00292501 0.000810986 0.00437181 0.00291136 9.70497e-05 0.0251286 0.0330842 0.00183741 0.0185751 0.000109803 0.00593663 0.064182 0.0503565 0.00102157 
0.343949 0.120458 0.0468142 0.118698 0.00278728 0.018291 0.0110247 8.68144e-05 0.0551395 7.36054e-05 5.16663e-05 0.0102104 0.00845716 0.025012 1.15705e-07 0.00175529 0.00511225 0.0010968 0.00449903 2.83462e-05 0.0804544 0.00351009 0.0408865 0.000127008 0.00570361 1.57406e-05 0.0134292 0.0742841 0.007605 0.000438953 
0.33081 0.0346311 0.167158 0.0600604 0.0589082 0.0276054 0.00458751 0.000998603 0.0372244 3.46995e-05 1.531e-05 0.00256711 0.0511031 0.00155733 2.37121e-05 0.000393571 0.000322378 3.58784e-05 0.00515972 0.000386241 0.000297016 0.0109655 0.00315421 8.14443e-05 0.0197806 2.10141e-05 0.00869085 0.0676912 0.105567 0.000168992 
0.280671 0.0472355 0.165094 0.180661 0.0187183 0.0123726 0.0105482 0.00108716 0.0296341 0.00953468 0.000520636 0.00505714 0.0154376 0.0184037 0.000187633 0.0175548 0.00544242 0.000533403 0.00293774 0.00044892 5.52279e-05 0.025874 0.0349357 0.000762844 0.00693562 6.6635e-05 0.00538594 0.0747657 0.0282767 0.000861665 
0.343432 0.0289283 0.0893383 0.137155 0.00868281 0.00523406 0.00804719 0.00239686 0.0207185 0.000489571 0.000966299 0.00839222 0.0720837 0.0116936 0.000160391 0.0053875 0.00458507 0.000591117 0.00355528 0.000183071 0.000243787 0.00954307 0.00860796 0.00562096 0.00407477 4.28913e-05 0.00413005 0.143955 0.0710897 0.000671671 
0.242641 0.063078 0.0246622 0.138972 0.00336589 0.00430846 0.00531745 0.0021313 0.0201882 0.000835366 0.00288085 0.0381506 0.0086544 0.0116024 0.0174582 0.0102596 0.0134234 0.00790892 0.00154244 0.000115077 0.000135405 0.00878052 0.234175 0.00873769 0.00779662 7.34333e-05 0.00789502 0.106803 0.00293616 0.00517182 
0.343978 0.0173132 0.144987 0.235236 0.00632395 0.00823071 0.00313379 0.00180538 0.0080463 0.00144903 0.00297222 0.0090073 0.00651738 0.00489498 9.9795e-05 0.0109348 0.0118222 0.00225562 0.00305061 3.54377e-05 2.49729e-05 0.00331089 0.0146724 0.00714685 0.00188073 7.0071e-06 0.00605178 0.103929 0.0359765 0.0049065 
0.29865 0.0301823 0.109949 0.0517588 0.00785818 0.0160963 0.00440741 0.00136217 0.0120434 0.0050957 0.00113601 0.0193416 0.00587496 0.217088 0.0091922 0.011036 0.00366433 0.00157725 0.0241609 9.04264e-05 0.000131687 0.010074 0.0247929 0.00325162 0.0129276 1.40078e-05 0.00799594 0.0847547 0.02325 0.00224261 
0.259454 0.0274792 0.0630014 0.0572171 0.0156832 0.0183289 0.0110178 0.000859353 0.0399776 0.000786804 0.00186165 0.144574 0.0337185 0.0125029 0.00056402 0.0189512 0.0125727 0.00578534 0.00951609 2.528e-05 0.000104626 0.00364254 0.0419327 0.00352823 0.00513883 6.18606e-06 0.0108411 0.135132 0.0146289 0.0511681 
0.241821 0.183586 0.119505 0.151049 0.00574414 0.0144582 0.00457702 0.000559181 0.0428397 0.000241457 0.00228963 0.006557 0.0228321 0.0142671 0.000403814 0.00327835 0.00291339 0.000895562 0.00542626 0.000143384 7.63266e-05 0.00299984 0.0218666 0.00115452 0.00219647 5.21681e-05 0.00695812 0.0634259 0.0761114 0.00177062 
0.243005 0.0394681 0.0800358 0.0748187 0.0155685 0.0330348 0.00370336 0.00180453 0.0150753 0.00448914 0.00185508 0.0200642 0.0362694 0.0119918 0.000395636 0.0221403 0.00521704 0.00331787 0.00668048 0.00134665 0.000242265 0.0124645 0.0460924 0.00545211 0.00713064 1.02856e-05 0.010795 0.235637 0.0594265 0.00246764 
0.276084 0.0169559 0.041461 0.153025 0.0513872 0.0540214 0.0321019 0.00100473 0.0488125 5.31118e-05 0.00490756 0.0139198 0.104436 0.0036824 1.6195e-05 0.0181631 0.00363362 0.00010042 0.00709336 5.26062e-05 0.000169002 0.00681182 0.0338527 0.00776163 0.0724666 0.000115674 0.00339937 0.0280612 0.0154405 0.00101056 
0.269095 0.0098161 0.142626 0.127003 0.00868992 0.00808842 0.00368372 0.00214758 0.0154475 0.00100041 0.00376449 0.0174862 0.0637684 0.00935758 0.000116549 0.0107364 0.0170178 0.00301537 0.00300804 0.000196954 1.87814e-05 0.00223749 0.0456844 0.0104893 0.00272049 1.49925e-05 0.0111636 0.199948 0.00738724 0.00427016 
0.430549 0.0178521 0.0538565 0.135512 0.0292239 0.0349781 0.00493986 0.000337511 0.0161423 0.000194319 0.000809142 0.0016366 0.00317219 0.00745205 0.000453294 0.00440347 0.0010127 0.00117317 0.100544 1.59402e-05 0.000101248 0.00562888 0.0183817 0.000263002 0.00273724 1.62536e-05 0.0371593 0.057067 0.0338489 0.000538808 
0.258052 0.0467219 0.0584784 0.135522 0.0108012 0.008916 0.00654959 0.00158168 0.0188815 0.00329588 0.00255188 0.0203771 0.0394393 0.01403 0.000304315 0.00956145 0.0268615 0.00214049 0.0025167 0.00225455 0.000321303 0.0098526 0.0470639 0.0098862 0.00618284 0.00016394 0.00802902 0.216222 0.0306693 0.00277192 
0.259545 0.0217886 0.216109 0.149243 0.0412283 0.014785 0.00256514 0.00123038 0.0144728 0.00842675 0.00151899 0.00710297 0.0281599 0.0133209 0.0004413 0.0118375 0.0136954 0.00481955 0.00595009 0.000375272 8.14393e-05 0.0102824 0.0512116 0.0034044 0.00137078 0.000229011 0.00504971 0.0838632 0.0255591 0.00233227 
0.26669 0.0245869 0.0973471 0.25438 0.0211456 0.0106719 0.0113223 0.00124069 0.0363282 0.00122015 0.00254152 0.0120358 0.0798627 0.0103468 0.000694582 0.00957437 0.00618146 0.000676054 0.00388693 0.000191633 0.0019311 0.0120205 0.0204398 0.000287264 0.0218024 5.55847e-05 0.00400944 0.0462292 0.0415113 0.000789424 
0.219616 0.0265077 0.0387954 0.146966 0.0128855 0.0120427 0.0027946 0.00659847 0.00519019 0.000369216 0.00330148 0.00837967 0.0277309 0.209425 0.000112287 0.00909693 0.0151002 0.00109779 0.000914181 4.89282e-05 0.000381682 0.00427197 0.11092 0.00418439 0.00153749 2.33621e-05 0.0015259 0.119699 0.00787852 0.00260515 
0.17978 0.0663345 0.112292 0.0417907 0.0221602 0.011608 0.0176773 0.00156109 0.0111291 0.00181766 0.00219445 0.0125886 0.151901 0.0172468 0.00219788 0.0238366 0.00884548 0.000993983 0.000790365 2.64434e-05 0.00030406 0.0680451 0.0515701 0.00201824 0.0163694 0.000848093 0.00107964 0.141018 0.0314513 0.000522686 
0.355119 0.0134484 0.0645831 0.139005 0.0286152 0.0218499 0.00796364 0.00637778 0.0197579 0.000198226 0.000718256 0.00359082 0.00505526 0.00476513 0.000355368 0.00133291 0.00161428 0.000241446 0.00908605 7.03063e-05 0.000246074 0.0360964 0.00727299 0.000143575 0.0104619 2.84715e-05 0.00444084 0.0518156 0.20513 0.000617122 
0.250799 0.00731081 0.074934 0.112972 0.020528 0.0521253 0.00241657 0.00305481 0.0134675 0.0273052 0.0198909 0.00926325 0.12299 0.100968 3.59384e-05 0.00991347 0.0514816 0.00208645 0.000471966 0.000202276 8.84014e-06 0.00697988 0.0192398 0.00479472 0.00172315 4.61271e-06 0.00460451 0.0759547 0.00213258 0.00234052 
0.301723 0.0944841 0.0695469 0.17611 0.0112745 0.0104231 0.0140641 0.00315481 0.0182173 0.000372039 0.0013158 0.00441214 0.00915577 0.00409139 0.000459233 0.0030871 0.00456657 0.000535926 0.0105616 0.000132204 0.000354159 0.0246498 0.00970904 0.000487941 0.00580409 5.42293e-05 0.00735857 0.111552 0.101411 0.000931317 
0.366949 0.007051 0.0592367 0.198203 0.0142268 0.0219799 0.0125812 0.000947242 0.0296056 0.00214047 0.00069558 0.013114 0.0876337 0.00234292 0.000111936 0.00191893 0.00268209 6.87839e-05 0.01638 7.33242e-05 0.000142453 0.0141237 0.00457533 3.63607e-05 0.00348775 0.000392968 0.00493183 0.0509876 0.0833531 2.69765e-05 
0.210267 0.0142842 0.0514933 0.176645 0.0126547 0.00408236 0.00303691 0.000690023 0.0196145 0.00308253 0.0264468 0.0205 0.013975 0.0833138 6.11995e-06 0.0118534 0.0948577 0.00103264 0.00153079 0.000797577 2.26765e-05 0.0137791 0.0999837 0.00676723 0.00727342 0.00035201 0.00222 0.108539 0.00205774 0.00884077 
0.267744 0.0104716 0.263749 0.0359197 0.0204507 0.00385968 0.00218209 0.000197367 0.0810785 0.00928657 0.000300032 0.0224815 0.0644468 0.00681855 6.40808e-05 0.0250573 0.0167255 0.00263217 0.00758647 0.000183746 4.16367e-05 0.00922811 0.0361031 0.000589641 0.00182591 0.000121777 0.00490057 0.0874943 0.0174623 0.00099746 
0.480579 0.0206365 0.092249 0.0484233 0.010541 0.00866023 0.0111226 0.00017153 0.0200103 0.000480378 0.00431548 0.00666038 0.0595538 0.0215286 0.000557609 0.00937311 0.00483438 0.00202377 0.00401842 9.61271e-06 7.33668e-05 0.0125577 0.0112696 0.000303814 0.00715685 6.54885e-05 0.00339849 0.129843 0.0277131 0.0018697 
0.297256 0.022991 0.0389551 0.105932 0.00442848 0.00620041 0.00339625 0.000941146 0.00667408 0.000410061 0.00308926 0.0231155 0.025794 0.0272514 5.39397e-05 0.0106855 0.00631099 0.000952032 0.00129325 0.000437688 0.000118318 0.0036205 0.0777435 0.0108551 0.00912243 5.39751e-06 0.008052 0.29642 0.00403195 0.00386269 
0.256424 0.0542733 0.0233586 0.0666263 0.0010501 0.00135691 0.00191849 0.00462863 0.00594 0.000730378 0.00167143 0.0155965 0.00721828 0.0573434 1.21962e-07 0.0100635 0.0399581 0.00139087 0.00152004 8.17096e-05 2.67781e-05 0.00238508 0.218088 0.0323269 0.00193844 2.78548e-05 0.00103312 0.160916 0.0308162 0.00129079 
0.226674 0.0277237 0.166471 0.109576 0.0259005 0.0319683 0.0130075 0.000294877 0.0696168 0.00234006 0.000443916 0.0223529 0.0272926 0.0118192 0.000343475 0.0129189 0.00343224 0.00084703 0.030124 0.000580591 2.48674e-05 0.027987 0.026521 0.000912752 0.00358951 0.000186712 0.0162137 0.119766 0.0201249 0.000945815 
0.28219 0.00288658 0.0471088 0.0128106 0.0166422 0.00223187 9.14655e-05 0.000524141 0.00235589 0.00521791 0.00248782 0.0015268 0.0483871 0.00152879 0.00128993 0.0466657 0.0178096 0.0141644 0.000161937 4.52126e-06 9.86633e-06 0.00550721 0.0609175 0.151328 9.39806e-05 5.67032e-07 0.000962665 0.270155 0.00248894 0.00244969 
0.272864 0.0234941 0.19566 0.0410105 0.0197944 0.00172534 0.0694555 1.0918e-05 0.102202 1.82097e-05 6.17423e-05 0.00732037 0.00565615 0.00118077 0.000104092 0.00277927 7.9273e-05 0.000114728 0.0173662 9.8719e-05 4.93598e-05 0.0101137 0.00543401 1.13203e-06 0.000120421 4.87591e-05 0.00480126 0.120374 0.095433 0.00262805 
0.381751 0.0695517 0.0471072 0.235997 0.0151499 0.0139986 0.00202278 0.000645499 0.00637162 0.00102029 0.00256684 0.00470383 0.00501678 0.0029557 7.68441e-05 0.0100748 0.0424531 0.000182037 0.00122675 2.80977e-05 3.11346e-05 0.0152252 0.00819766 0.000380487 0.030383 0.000165642 0.0029705 0.0909811 0.00838725 0.000377564 
0.37058 0.0102116 0.0722154 0.021339 0.0052895 0.00184183 0.0571687 3.12615e-05 0.0118817 8.70853e-05 0.000200363 0.000115838 0.00331404 0.00703549 2.21812e-07 0.0587604 0.000950265 0.000221814 0.00422801 7.04953e-05 0.000732682 0.0113101 0.00102235 1.524e-05 7.39612e-05 2.77586e-06 0.00168973 0.177333 0.182202 7.51781e-05 
0.36275 0.0655155 0.0817898 0.045203 0.100673 0.0427921 0.00325212 0.00076766 0.0172929 0.000280408 0.00182523 0.00205824 0.00238493 0.00420909 4.23692e-05 0.0305134 0.000570609 0.000518072 0.00217537 4.08238e-06 5.0825e-06 0.00304876 0.00843949 0.000244194 0.001109 1.33284e-05 0.0184045 0.0955191 0.10786 0.000738158 
0.532601 0.0214717 0.0798055 0.117686 0.0184545 0.0106987 0.00875206 0.00633335 0.0124092 0.00307057 0.000774035 0.00233362 0.00310989 0.00432951 0.000536563 0.00465471 0.00168788 0.000190752 0.000948167 0.000768289 0.000238601 0.0418203 0.0130495 7.50213e-05 0.00503143 4.18621e-05 0.00243469 0.0218319 0.0841656 0.000694839 
0.437925 0.0415319 0.052557 0.101129 0.047075 0.0306896 0.00492127 0.00656034 0.00906195 0.000286772 0.000767984 0.00311001 0.00681063 0.00272302 6.42278e-05 0.00364621 0.00191041 0.000619543 0.007158 1.18407e-05 0.000144233 0.00903039 0.00837983 0.000762573 0.00310652 3.00247e-05 0.00967243 0.102506 0.107042 0.000766174 
0.239447 0.044427 0.0850036 0.175493 0.0155163 0.0289139 0.0168817 0.00149864 0.0660613 0.0001404 0.00108824 0.00535741 0.0104005 0.00450709 9.11086e-05 0.0120882 0.0103796 0.00045661 0.0594314 0.000166042 0.000561883 0.0335382 0.00549104 0.000401788 0.00652155 0.000110588 0.0136992 0.0942548 0.0657747 0.00229695 
0.226627 0.0146531 0.156972 0.093038 0.0243931 0.0369047 0.00709496 1.3957e-05 0.043804 0.000212012 0.000876641 0.00193864 0.184154 0.00419906 3.89747e-05 0.000634637 0.000801606 0.000227761 0.00666358 0.000259313 0.000255161 0.00972371 0.00166096 3.09534e-05 0.00383104 0.000775578 0.0272418 0.126031 0.0265147 0.000427497 
0.313038 0.0533235 0.0550528 0.101339 0.00988478 0.02856 0.0115829 0.00111507 0.039463 0.0016532 0.012026 0.0132766 0.0279891 0.0672871 8.67541e-05 0.00658811 0.00863704 0.0017697 0.00404135 0.000139913 8.32052e-05 0.00728916 0.00897814 0.00359286 0.00249913 9.73463e-06 0.0193495 0.171749 0.0244966 0.00509868 
0.465258 0.190189 0.0382936 0.0630128 0.0167189 0.00776675 0.0150758 2.64333e-05 0.0563436 0.000640003 0.000384306 0.0499522 0.00293009 0.00458606 4.27617e-05 0.000555237 0.000471764 0.00912951 0.00572498 6.94372e-05 0.00034224 0.00262621 0.0224799 1.44702e-05 0.0184663 4.92572e-06 0.00175492 0.021735 0.00471689 0.000688249 
0.517833 0.082815 0.119834 0.0571692 0.00598235 0.0139817 0.00217017 1.81917e-06 0.0206637 0.000151885 1.10997e-05 0.00925393 0.0116417 0.00531243 0.000150079 7.38968e-06 0.00122345 0.00279971 0.00269274 0.000295812 2.94341e-06 0.00343475 0.00630493 0.00017868 0.000787743 3.52009e-05 0.0271438 0.0352271 0.0727702 0.000123901 
0.284647 0.0380037 0.0612188 0.283059 0.00803685 0.0129929 0.0125766 0.000326118 0.0592465 0.000135741 0.00048166 0.00577184 0.0092556 0.00336989 0.000127177 0.00106208 0.00109991 0.000683079 0.0069596 0.000173345 0.000257375 0.0106061 0.0113625 0.000202945 0.0742762 1.82094e-05 0.012311 0.052793 0.047976 0.000968589 
0.455767 0.0239224 0.126389 0.139414 0.00514896 0.00397142 0.00484388 0.00116614 0.0201264 0.000984141 0.00106405 0.00764388 0.0542495 0.0160592 5.90826e-05 0.00482253 0.00315998 0.000759104 0.00561371 0.00257445 2.47609e-05 0.00688746 0.0303604 0.000218032 0.00721469 4.5897e-05 0.00156796 0.0699284 0.00545707 0.000557433 
0.313886 0.0239672 0.0870255 0.0665218 0.0157479 0.00177741 0.035704 0.000322778 0.0514139 0.000331271 0.000837778 0.0026087 0.0312852 0.0037909 7.72934e-05 0.012618 0.0065401 0.000611982 0.00485951 5.31858e-06 3.9949e-05 0.0197428 0.00622581 0.000468913 0.00649245 4.16795e-05 0.000356404 0.109331 0.196578 0.000790836 
0.353819 0.00980705 0.101793 0.219674 0.0270976 0.0215995 0.00706879 0.000220218 0.0219799 0.010399 0.00102649 0.00441551 0.0216606 0.00247128 5.58541e-05 0.0087396 0.00421072 0.000499666 0.0167018 0.000111877 0.000128365 0.00938656 0.0168747 0.000810875 0.0149027 1.71503e-05 0.00693908 0.0826836 0.0338656 0.00103948 
0.263443 0.0816666 0.160077 0.0643419 0.00461413 0.0286893 0.00925202 0.000435179 0.0368912 0.000957251 0.000611362 0.00349239 0.00218092 0.109999 0.000299112 0.0395445 0.000476012 0.000255628 0.00247269 1.20812e-05 0.000176258 0.0306316 0.00548 0.000471039 0.00093651 0.000502427 0.0237931 0.0656287 0.0617948 0.000873947 
0.220912 0.0530049 0.185222 0.137504 0.015371 0.0175107 0.0035864 0.00468172 0.0172909 0.000938679 0.00617124 0.00762299 0.0105127 0.0103026 8.77317e-05 0.105909 0.00774804 0.000567005 0.00380133 0.000184775 0.000271188 0.0507076 0.0179003 0.00115166 0.00316295 0.000162103 0.011692 0.0569844 0.0363901 0.0126472 
0.201025 0.110655 0.0460287 0.133427 0.00739986 0.00941482 0.00828433 0.00148906 0.0167243 0.00252996 0.00953785 0.0120735 0.0466388 0.0412989 0.000113513 0.0121572 0.0846844 0.0021038 0.00213978 7.39884e-05 8.26153e-05 0.00871302 0.03504 0.0149267 0.00420612 0.00244115 0.00553313 0.163297 0.0136083 0.0043521 
0.353906 0.035966 0.038307 0.101839 0.01384 0.0299935 0.00140433 7.74842e-06 0.0265897 0.00674192 0.000526361 0.00145411 0.258178 0.00194595 0.000517826 0.00690608 0.0119954 0.000184902 0.0134475 0.00120115 4.2504e-05 0.0116089 0.0125195 0.00086503 0.00149519 0.000960959 0.000286533 0.0566008 0.00998156 0.000687006 
0.373657 0.00589135 0.042644 0.0628898 0.00784573 0.00729044 0.00801593 2.83574e-05 0.0258711 7.45768e-05 1.49406e-05 0.0133569 0.20491 0.00978618 0.000828786 0.00160953 0.000173459 0.00679087 0.00492109 0.000597776 7.97166e-05 0.00231868 0.00377981 4.39732e-06 0.00365819 2.70305e-05 0.00376852 0.0798154 0.128925 0.000424658 
0.354391 0.00290119 0.146931 0.265471 0.00295784 0.00925197 0.00536953 1.35523e-06 0.0166361 0.000292474 0.0021118 0.0390925 0.0866289 0.00173728 1.96419e-05 9.72733e-05 0.00284912 0.00011525 0.00355536 2.76092e-06 1.7492e-05 0.00163035 0.00679861 1.27333e-05 0.00258021 2.3316e-05 0.00392459 0.0374721 0.00237113 0.00475651 
0.250161 0.0217951 0.101756 0.186117 0.00588571 0.0130539 0.0123821 0.00211426 0.0105229 0.00172896 0.000912414 0.00314972 0.0457237 0.00588857 3.67175e-05 0.0230293 0.034784 0.00278363 0.0189435 3.83609e-05 0.000257905 0.00659732 0.0106876 0.0226004 0.00576845 8.60938e-05 0.00426746 0.170446 0.0340231 0.00445808 
0.430321 0.0386386 0.0675141 0.17778 0.0391424 0.011647 0.00579466 0.000704169 0.0339494 0.00232208 0.0020014 0.00369714 0.0298166 0.00997284 0.000391782 0.0050873 0.00615822 0.00117479 0.00647208 8.56619e-05 0.00011971 0.00831492 0.00927354 0.00597222 0.00725212 0.000269234 0.00491868 0.0426558 0.0480251 0.000528083 
0.239466 0.0246039 0.143042 0.0744199 0.0113173 0.00365657 0.00379374 0.000902223 0.0406243 0.00178568 0.00291537 0.00455349 0.0152289 0.0720662 0.000177836 0.0151201 0.0399772 0.00164887 0.00364811 1.03584e-05 0.000799937 0.0246224 0.00849949 0.00352015 0.00174821 4.02353e-06 0.00379474 0.235883 0.0198234 0.00234629 
0.405714 0.0127302 0.128734 0.0988218 0.0323153 0.021099 0.0100829 0.00238458 0.0223767 0.000413629 0.000773606 0.00629704 0.0103877 0.0127691 0.000110058 0.00813717 0.0030518 0.00192654 0.00718775 0.000638973 0.000129198 0.0122057 0.0171249 0.000292907 0.00197713 6.85571e-05 0.00602652 0.0895629 0.0837086 0.00295191 
0.218767 0.109173 0.152462 0.161432 0.0030019 0.00161181 0.00406817 0.000630194 0.0131343 0.00104102 0.0170901 0.0392394 0.00762031 0.019868 9.14975e-05 0.00565483 0.00447698 0.00307682 0.00617601 0.000263811 5.27551e-06 0.0165296 0.118453 0.000343958 0.00858855 2.67096e-06 0.00236707 0.0770318 0.00671374 0.00108419 
0.325624 0.0267363 0.0634241 0.0836711 0.0112778 0.00388067 0.00332421 0.00146585 0.0213675 0.00212321 0.00682348 0.00922144 0.0272034 0.0180722 0.000928493 0.00785439 0.0026044 0.000679293 0.00237051 0.000781597 4.32383e-05 0.0210512 0.1006 0.0100267 0.00549803 4.10426e-05 0.0161655 0.160698 0.05838 0.00806191 
0.469938 0.00478182 0.0495781 0.166778 0.0358771 0.0277095 0.00182742 0.00423778 0.0112257 0.00241503 0.00555198 0.00803196 0.00116537 0.00139071 8.21831e-05 0.0115851 0.0150517 0.0040464 0.0113345 2.94978e-05 1.17797e-05 0.00361713 0.0105836 0.0131394 0.00164756 5.23798e-05 0.00819228 0.108011 0.0173792 0.00472716 
0.289432 0.0750842 0.0488054 0.199841 0.0309828 0.138597 0.0167296 3.77374e-06 0.0298122 2.26916e-05 9.10588e-05 0.00210764 0.0154395 0.00241104 0.00250506 0.00252715 2.95466e-05 7.89875e-05 0.00632282 7.60598e-06 6.96645e-08 0.00692448 0.0127852 9.64923e-05 0.0097228 2.62454e-05 0.00328868 0.0592857 0.0469647 7.46074e-05 
0.50249 0.018808 0.0651413 0.126009 0.0125107 0.0152306 0.0196461 0.000174265 0.0548561 6.64828e-05 0.000135233 0.00577762 0.0196295 0.00420048 0.000905284 0.000501627 0.00166331 0.000277939 0.00792051 0.00010172 0.000377559 0.00205546 0.00411935 0.00718145 0.0043312 6.37657e-05 0.00925141 0.0639032 0.0508191 0.00185157 
0.338536 0.0326388 0.177837 0.0374722 0.0137954 0.0262004 0.0467608 0.00129311 0.0721095 0.00143709 0.0015844 0.00603093 0.0145342 0.00181525 0.000323982 0.0489437 0.0449726 0.00416185 0.0039031 0.000101579 5.38092e-06 0.0016921 0.0117836 0.00607635 0.00989137 0.000175006 0.00343519 0.082081 0.0078763 0.0025319 
0.262334 0.0119172 0.133787 0.0643867 0.00267474 0.0136072 0.00188034 0.000959187 0.00545287 0.0029257 0.000145373 0.000603235 0.134258 0.00973855 2.74111e-05 0.00653669 0.0109806 0.000993023 0.00173521 8.09754e-05 0.000506112 0.0115184 0.0123104 0.0155111 0.00126617 3.05924e-05 0.00397967 0.247447 0.0345896 0.00781645 
0.185701 0.0483788 0.0534124 0.133563 0.00799457 0.0251269 0.0273461 0.00170581 0.0455059 0.00042003 0.000761991 0.0136275 0.0427281 0.0163167 4.90222e-05 0.00310877 0.00700012 0.00136929 0.0072484 0.00429912 4.8648e-05 0.00411664 0.061602 0.00190027 0.098349 3.52637e-05 0.128654 0.0485735 0.0279207 0.00313707 
0.378344 0.0716163 0.115764 0.0859745 0.00846993 0.00734175 0.00894687 9.32632e-07 0.012758 5.66273e-05 7.60172e-05 0.00211208 0.00120356 0.0028318 2.18424e-07 7.02203e-05 3.67629e-05 4.35352e-05 0.00398968 3.9963e-10 7.21037e-06 8.62295e-05 0.00621574 0.00276036 8.35099e-05 9.91162e-06 0.000875281 0.0989525 0.191201 0.000171387 
0.39671 0.0443251 0.126252 0.0710092 0.0275804 0.0202923 0.0260185 0.000452835 0.0193676 3.39615e-05 0.000180531 0.00066806 0.0641268 0.00307386 9.9066e-08 0.00185245 1.47852e-05 8.27642e-05 0.00736111 2.2662e-06 0.000545187 0.00904152 0.0232819 2.05277e-05 0.000981105 7.97846e-05 0.0208938 0.0774507 0.0582949 6.52368e-06 
0.266641 0.0111456 0.143218 0.205547 0.0186107 0.0139453 0.0114504 0.00114173 0.0523062 0.000313027 0.000430705 0.00306157 0.0136592 0.00492159 5.05497e-05 0.00492763 0.000708216 0.000789494 0.0174786 0.000179388 0.000426737 0.030882 0.00538368 0.000267826 0.0436264 2.84714e-05 0.00927731 0.0447136 0.0942458 0.000622726 
0.379852 0.00886323 0.0525051 0.132297 0.0185115 0.0102128 0.0168706 0.000960583 0.0380444 0.000223945 0.000334938 0.0389566 0.140957 0.011057 0.000330362 0.00190913 0.0031723 0.0010214 0.00270655 0.00518133 0.000342605 0.0161331 0.013579 0.000274465 0.00340839 6.43495e-05 0.00407066 0.0458313 0.0516023 0.000725934 
0.371357 0.0139431 0.201189 0.065475 0.00484277 0.00150074 0.0108897 0.000670993 0.0245732 4.88566e-06 4.90455e-05 7.28403e-05 0.00581617 0.000248578 1.92544e-07 0.00123506 2.23756e-05 0.000553372 0.0188289 0.000463399 0.000358976 0.0195043 0.00188485 4.07169e-05 0.000400594 4.04561e-05 0.0019935 0.0179809 0.236046 1.24476e-05 
0.310176 0.00857906 0.152471 0.123993 0.0222354 0.0279628 0.00644938 0.00920876 0.00746375 0.00413957 0.0149065 0.00429399 0.0996681 0.0154407 4.2451e-05 0.00692486 0.00660455 0.000492286 0.00191197 9.99869e-06 0.000297642 0.0293031 0.00369002 0.000644001 0.00843733 9.64276e-05 0.00425324 0.0779806 0.0517914 0.000532058 
0.358158 0.122103 0.0331833 0.136485 0.00542135 0.00603448 0.00749476 4.31711e-06 0.0240216 0.000300001 0.000376676 0.00902738 0.029715 0.0210834 6.99855e-05 0.000584692 0.00049102 0.0192692 0.00863935 0.00429551 0.000182091 0.00341451 0.067434 7.59365e-06 0.0164014 5.53095e-06 0.00812783 0.108932 0.0053759 0.00336128 
0.429572 0.0377145 0.127061 0.104575 0.0228894 0.0243924 0.104321 0.000126551 0.0273579 0.00010346 0.000259964 0.00321414 0.00040287 0.00306007 1.21907e-05 0.00038556 0.000101727 4.16319e-05 0.0149817 0.0173524 2.14791e-05 0.00124242 0.0021342 9.43073e-06 0.00268605 6.70867e-05 0.0132895 0.0260505 0.0364362 0.000138348 
0.230308 0.019859 0.0746849 0.115264 0.00834216 0.00275826 0.0341458 0.00010215 0.0328136 0.00266921 0.00232847 0.0119336 0.117949 0.00405898 3.89715e-05 0.00383385 0.0038744 0.000387154 0.00199837 4.15304e-05 2.57565e-05 0.0110578 0.0121482 2.08344e-05 0.0459966 0.000322117 0.0334171 0.17263 0.0528793 0.00410996 
