0.125898 0.252684 0.0388485 0.0432386 0.00846947 0.00651337 0.00608586 0.00183173 0.0158437 0.00242799 0.00415237 0.0319572 0.0152647 0.0328063 6.42942e-05 0.0106608 0.0132765 0.00162493 0.000822501 0.000420269 0.000115085 0.015655 0.0901762 0.0130006 0.00250859 6.01244e-05 0.00740119 0.231371 0.0207322 0.00608896 
0.025489 0.205903 0.0896801 0.0111802 0.00268737 0.000910506 0.156523 8.90973e-07 0.168143 0.0231535 5.61255e-05 0.00937193 0.0047833 5.09731e-05 1.17875e-06 3.04793e-05 0.000495795 0.000198376 0.00891332 1.47687e-06 8.9433e-07 0.00832998 0.0119257 1.45859e-07 0.162708 0.000122727 0.0820563 0.014253 0.0130026 2.69072e-05 
0.132573 0.256198 0.0525589 0.0413049 0.0395839 0.00981179 0.00647315 0.000378192 0.0140448 0.000307828 0.0130955 0.00398317 0.00686434 0.00315448 0.000256121 0.00222253 0.000459906 0.000158061 0.00231681 3.18777e-05 4.20601e-05 0.0383164 0.0356253 0.000189697 0.0242796 1.4222e-05 0.0070962 0.182557 0.125191 0.000910768 
0.0267204 0.762791 0.020834 0.0295709 0.00661999 0.00727884 0.0067748 9.39705e-06 0.0229404 0.000133524 5.23943e-05 0.0549082 0.00607715 0.00953768 2.80512e-05 0.00104903 0.00160177 0.000101653 0.0051563 0.000134392 8.55108e-05 0.00419365 0.0152889 9.65546e-05 0.00352869 2.45167e-05 0.00361921 0.00368368 0.00705122 0.000107975 
0.0196151 0.535369 0.0169072 0.146214 0.00248293 0.00291848 0.0398829 0.000276688 0.0339299 0.000170439 0.000151245 0.00378484 0.00247892 0.00104317 4.83655e-05 0.00392438 0.068987 5.89361e-05 0.00346951 0.0039692 9.49362e-05 0.00291162 0.0266004 0.000721978 0.0117185 8.98297e-05 0.00235196 0.0596752 0.00962962 0.000524115 
0.0174107 0.221368 0.123627 0.0257941 0.0032951 0.00134809 0.0472018 1.12731e-06 0.0142883 9.23775e-06 5.82035e-05 0.174338 0.00429395 0.0165256 0.000133254 0.000556959 0.000150538 0.000141346 0.00383977 0.00468643 8.3912e-05 0.0314962 0.110587 5.8585e-06 0.0332496 3.71516e-06 0.00115547 0.0841432 0.0800663 0.000141362 
0.183721 0.197974 0.0570917 0.179775 0.0091203 0.0142397 0.0134362 0.000975868 0.0214971 0.000526212 0.00140289 0.0230254 0.00866502 0.0655529 0.000534642 0.00250703 0.00373848 0.00136799 0.00962311 0.000201545 0.000147985 0.00934221 0.0403058 0.000988145 0.00683688 4.4924e-05 0.00843774 0.0779987 0.0510608 0.00985978 
0.0194571 0.317771 0.0843194 0.0337643 0.00471688 0.00870664 0.0159865 0.000161796 0.0315461 0.00681433 0.00143072 0.2329 0.0324323 0.0387164 0.00653528 0.0396897 0.00947802 0.000217405 0.00301644 3.8103e-05 6.04855e-05 0.0348325 0.0384623 0.000248845 0.00550437 4.48077e-05 0.00144544 0.0288095 0.00229471 0.000599588 
0.000470097 0.85902 0.060941 0.0107478 0.000428177 1.27408e-05 0.00180033 1.06585e-06 0.0123313 6.32255e-05 8.59419e-05 0.00034002 0.00651274 3.93105e-05 0.000126273 0.00194368 0.00168234 1.22275e-06 0.000235007 1.76674e-06 1.06987e-06 0.00349099 0.00164925 9.60199e-06 0.000989165 0.00089798 0.00017275 0.0148731 0.0211314 9.99773e-07 
0.0665328 0.415236 0.0135355 0.0146447 0.00382056 0.00226998 0.00281746 0.00077374 0.0111809 0.0447144 0.00572583 0.0112972 0.00412739 0.0304072 0.000166902 0.0131654 0.00433158 0.00363701 0.00021745 0.00181529 3.77332e-06 0.008262 0.0303386 0.00409824 0.00304255 2.11555e-05 0.00619461 0.291939 0.00366658 0.00201622 
0.0772183 0.447587 0.0132908 0.221279 0.00267455 0.00670436 0.0145978 0.000447641 0.0262004 0.000542513 0.000372932 0.0189391 0.00663187 0.0223803 8.0765e-05 0.000749958 0.000988534 0.000342029 0.00205582 5.29211e-06 1.9345e-05 0.00431446 0.0311916 0.000466941 0.0158815 4.66827e-05 0.00176703 0.0709984 0.0089361 0.00328928 
0.156985 0.283674 0.016921 0.246406 0.000357987 0.000336433 0.00154576 3.81752e-08 0.010107 2.21291e-05 0.000724217 0.0214649 0.00187503 0.0805405 0.000250439 9.29065e-06 0.000386425 9.3815e-06 0.000174841 0.000389875 0.000305153 0.00576819 0.0523702 8.80782e-07 0.00112341 4.48416e-08 0.00102087 0.0952729 0.0219361 2.08473e-05 
0.0569929 0.362783 0.0152599 0.0239656 0.00145594 0.000167925 0.00681507 0.0298273 0.00398213 0.0585008 0.00916981 0.00844003 0.000726255 0.00699107 1.20544e-06 0.0724035 0.0812328 0.00156054 4.17011e-06 6.12398e-07 2.59542e-06 0.00101309 0.0767009 0.0184737 0.0156148 1.82264e-05 0.00167529 0.144224 2.15788e-06 0.00199375 
0.167651 0.22029 0.0306318 0.187079 0.0062542 0.0137844 0.0372986 0.00573594 0.0193545 0.000137566 0.000701794 0.0191795 0.0178287 0.00250615 7.01849e-05 0.00186027 0.00179483 0.00102364 0.006377 8.56156e-06 0.000250786 0.0225 0.0111855 0.0223033 0.05362 0.000628417 0.000720355 0.0988898 0.0492578 0.00107599 
0.0434109 0.399619 0.0216428 0.0220152 0.00208652 0.000496155 0.303989 5.53866e-05 0.0171596 4.36959e-05 9.17119e-05 0.00279189 0.00259527 0.00939008 0.000250583 0.00289933 0.000646363 0.000163371 0.000550727 0.00849809 0.050548 0.0342996 0.00201462 1.88631e-05 0.00532742 6.53442e-05 0.00658487 0.0430802 0.0191993 0.000465964 
0.178293 0.501855 0.00769241 0.0769845 0.00296304 0.00860265 0.00381707 4.01994e-05 0.106946 0.000101905 0.000495493 0.00510418 0.0100854 0.00809148 5.17171e-05 0.000700206 0.00238773 0.00065874 0.00116947 4.23377e-06 8.44746e-07 0.00375723 0.0128253 9.03542e-05 0.00365353 0.000237093 0.00153988 0.0490911 0.0122919 0.000467833 
0.0562942 0.355397 0.0458902 0.0172397 0.00187556 0.0189995 0.0116708 0.00115808 0.12199 0.00032856 0.0100139 0.0303317 0.00681489 0.0132279 6.80626e-06 0.00488924 0.000778732 0.000324097 0.00627263 3.63924e-06 1.05829e-06 0.126883 0.0624828 0.00184079 0.0158279 0.00459427 0.000382299 0.0441656 0.039983 0.000332277 
0.186623 0.36577 0.034622 0.0365141 0.00493106 0.00811158 0.00704549 0.000203525 0.0125021 0.00015351 0.00160317 0.0166376 0.00295231 0.0080049 9.6946e-05 0.00174636 0.00148657 0.000603408 0.00440459 7.68686e-05 3.21807e-05 0.0042945 0.0313271 0.000460456 0.00777791 3.56943e-05 0.0378215 0.145689 0.0741335 0.00433884 
0.16614 0.205245 0.0185101 0.195702 0.00252281 0.00757999 0.0508854 0.000768332 0.0393372 0.000285789 0.000917215 0.0514454 0.0107281 0.0191188 0.000112382 0.0350164 0.0371358 0.000722164 0.0355279 3.69372e-05 7.17335e-05 0.00143551 0.00846624 0.00137047 0.0251376 7.49635e-06 0.00454246 0.0710173 0.00880424 0.001409 
0.204823 0.256525 0.0170473 0.231049 0.00745789 0.00251645 0.0012968 2.02772e-06 0.0256329 0.00015856 3.8583e-05 0.0338352 0.0180356 0.0177748 9.31938e-06 0.000397935 0.0228346 2.23826e-06 0.00018267 6.68375e-06 6.82027e-06 0.00207264 0.0308908 5.18256e-05 0.00274342 1.35e-06 0.0072798 0.112587 0.00446589 0.000274424 
0.0268035 0.52018 0.0314663 0.0269637 0.00585636 0.0446863 0.00533479 0.000559471 0.070108 1.60125e-05 0.000221028 0.00160775 0.0115831 0.00452988 1.88376e-05 0.00874982 0.000273151 0.000374474 0.00649665 0.000179873 0.000122383 0.0814326 0.0221906 0.0173144 0.00252567 2.04182e-05 0.0015139 0.103664 0.00452907 0.000678267 
0.0106387 0.292059 0.0309413 0.111679 0.000670649 0.00565687 0.00550041 4.81443e-05 0.00933556 0.000154995 0.000429414 0.0135065 0.00346742 0.012334 7.79462e-05 0.00147467 0.000830296 4.78796e-06 0.000210587 0.000494481 3.63876e-05 0.140356 0.0526596 2.37375e-05 0.23234 0.00014814 0.000762584 0.0403404 0.0337312 8.68197e-05 
0.104897 0.357121 0.0509617 0.0489234 0.0126849 0.00600012 0.00590136 0.0022446 0.0215678 0.000401935 0.0020888 0.130965 0.00480863 0.0306471 7.06649e-05 0.00498411 0.000627071 0.000588885 0.00138577 0.00131462 0.000147338 0.0323101 0.0213591 0.00427976 0.0051061 1.44049e-05 0.0050892 0.106362 0.0364894 0.000658518 
0.0308544 0.328436 0.0383345 0.0723751 0.00780088 0.00210191 0.232285 0.000243491 0.0820292 0.000687463 0.000732469 0.0149286 0.00080164 0.00407425 0.000151031 0.000510855 0.000394644 0.000213711 0.00377863 3.35412e-05 0.00135531 0.00637456 0.0164602 0.108359 0.0143536 9.08307e-05 0.00126794 0.0225201 0.00841741 3.28871e-05 
0.0255936 0.609297 0.0903509 0.00571887 0.00248592 0.00183622 0.00954558 0.000756055 0.0165042 3.20165e-05 8.28222e-05 0.00326636 1.68402e-05 0.00215789 8.48808e-07 0.000770866 7.98935e-05 3.36832e-05 0.000418277 1.9245e-06 0.000264711 0.00455578 0.0177937 3.10429e-05 0.0022347 1.34386e-06 0.0157161 0.116656 0.0735432 0.000254214 
0.229825 0.35734 0.0338377 0.20619 0.000330453 0.000293965 0.0208911 7.11932e-05 0.0059671 1.06247e-06 2.9613e-05 0.0102622 0.00205554 0.00568909 3.40773e-05 0.0173398 0.000585325 5.78613e-05 0.000261191 3.5157e-06 7.0627e-05 0.00410588 0.0536185 4.37833e-07 0.00495455 1.16751e-06 0.00138419 0.0309061 0.00064626 0.0132459 
0.000448915 0.860627 0.0607661 0.0107063 0.000372092 9.83498e-06 0.00173608 5.89177e-07 0.0122493 4.82281e-05 6.27908e-05 0.000328521 0.0064516 3.48871e-05 9.10449e-05 0.0018758 0.00165242 6.75906e-07 0.000195256 9.76612e-07 5.91397e-07 0.00332405 0.00162294 6.91172e-06 0.000943038 0.000686223 0.000147354 0.0148011 0.0208092 5.52652e-07 
0.20324 0.234314 0.0939331 0.207853 0.00425147 0.00892056 0.00948744 0.00146884 0.0241087 0.000336829 0.00201485 0.00985442 0.00497502 0.00679731 0.000133826 0.00457765 0.0155233 0.00082363 0.00792362 1.32753e-05 0.000315061 0.00218041 0.0115407 0.0616 0.00425852 4.94048e-05 0.00568082 0.0604021 0.0119569 0.00146502 
0.0953468 0.578174 0.0162141 0.0641769 0.001459 0.00788286 0.00457744 0.00169947 0.014831 0.000793917 0.000774869 0.0100451 0.0030356 0.030806 8.90617e-05 0.00745529 0.0084949 0.000324011 0.000899898 1.25937e-05 5.1869e-06 0.000940165 0.0168936 0.000211128 0.0102346 5.48106e-06 0.0305887 0.0872437 0.0055857 0.00119931 
0.159897 0.289009 0.0964814 0.0383791 0.0297292 0.0113783 0.0160837 4.60556e-05 0.0883985 0.0012427 0.00032257 0.0193071 0.0227085 0.00727298 0.000202896 0.000595478 0.000176191 2.31442e-05 0.012409 3.63532e-05 7.27182e-05 0.0225005 0.0227368 5.80309e-05 0.0154485 9.86648e-05 0.0294988 0.0183956 0.0966347 0.000856565 
0.00238503 0.444267 0.0468296 0.000383479 0.00378267 0.00507935 0.00366761 1.10253e-07 0.00747956 0.0523973 0.000152238 0.0271051 0.00402811 0.0189294 1.45863e-07 0.00287196 0.000694176 0.000222498 0.000420384 6.11369e-06 0.0579739 0.0970975 0.125537 1.64191e-05 0.00221815 1.94074e-05 0.00254189 0.0614323 0.032055 0.000406099 
0.111762 0.182262 0.141461 0.13096 0.0118352 0.0212594 0.0295202 0.00032576 0.0593882 0.000467517 0.000972706 0.00545744 0.00594358 0.00356429 0.000551685 0.00180448 0.00794638 0.000265175 0.00518141 7.27258e-05 0.000167986 0.0140048 0.0349248 0.000133252 0.173224 7.57889e-05 0.00359753 0.03132 0.0211205 0.000431432 
0.105846 0.223933 0.0600172 0.101305 0.0142813 0.00602718 0.0123029 0.00139234 0.0296947 0.00258183 0.00751792 0.0275725 0.0156815 0.0125806 0.0039413 0.00803048 0.0948154 0.00434186 0.00211682 9.13278e-05 0.000154901 0.0241917 0.119123 0.00255745 0.00728498 0.000499186 0.00453427 0.0952073 0.00857803 0.00379903 
0.0599039 0.173056 0.094139 0.106632 0.0264693 0.000330424 0.142099 0.000117151 0.060913 0.00138207 0.0100616 0.0132837 0.0187446 0.0521799 8.82048e-05 0.00129784 0.020293 0.00025237 0.0030184 0.00277057 4.45815e-05 0.0424859 0.0507839 2.36606e-05 0.024183 0.00588563 0.00629817 0.064817 0.0126872 0.00575874 
0.242377 0.246657 0.0529667 0.136177 0.0112408 0.0241224 0.00627523 0.0020293 0.0627605 0.000559296 0.00092888 0.00971017 0.0243493 0.0134425 9.28179e-05 0.0077658 0.0298393 0.00109486 0.00355422 5.24253e-05 0.000492612 0.00311096 0.0310653 0.000893396 0.0123888 8.19305e-05 0.0139177 0.056463 0.00384141 0.00174884 
0.0563504 0.369543 0.0498118 0.226181 0.00481118 0.00205538 0.0885055 2.36701e-05 0.0595352 0.000169688 0.00051042 0.00410288 0.00588931 0.00959799 0.000100436 0.00140884 0.00844067 0.00142052 0.00292117 2.99804e-05 0.00011535 0.024284 0.0189876 0.00391321 0.00924162 0.000277391 0.000805959 0.0304698 0.020144 0.000352046 
0.0147855 0.419508 0.200138 0.0413754 0.00778502 3.06169e-05 0.0178857 5.69801e-05 0.0889075 2.0016e-05 0.000157552 0.0381954 0.0120002 0.00150104 4.40579e-05 0.00663334 4.9083e-05 5.99264e-05 0.00551747 9.2613e-08 1.55445e-06 0.00111432 0.029129 0.00294095 0.0935104 6.28394e-06 0.00125356 0.00615143 0.00865737 0.0025838 
0.053518 0.569134 0.0309983 0.0151991 0.0100657 0.00646873 0.0186176 4.18754e-05 0.0645637 0.000166128 9.78573e-05 0.00659503 0.0193229 0.0206126 2.37487e-06 0.000847418 0.000183357 6.63974e-06 0.00237167 5.97105e-06 2.72497e-05 0.0101805 0.00325712 1.17043e-05 0.00347926 7.16971e-06 0.0125695 0.0966805 0.05489 7.85157e-05 
0.00409298 0.769936 0.011231 0.0552514 0.000351899 0.000208854 0.00342358 3.1421e-05 0.000986827 3.0503e-05 8.70814e-05 0.0427886 0.00242132 0.00162056 7.46752e-05 0.0011987 3.88242e-05 4.89611e-05 0.000254689 0.000277837 0.000240566 0.0201263 0.0225115 5.68343e-06 0.0127944 4.87935e-05 0.00035731 0.0151681 0.0341655 0.000226487 
0.136251 0.227898 0.060755 0.108219 0.00775837 0.0158415 0.0114299 0.00379045 0.0275387 0.00222142 0.0191221 0.0147511 0.0299602 0.0483138 5.12251e-05 0.00956356 0.0570771 0.00157084 0.00282924 0.000314445 0.00014312 0.0169649 0.0297557 0.0123591 0.00513949 9.43427e-05 0.018024 0.112173 0.0181295 0.00196076 
0.145103 0.355402 0.0718668 0.0116348 0.00311727 0.00639383 0.00155545 8.80747e-05 0.00366668 0.000174656 0.000156133 0.0197723 0.0600558 0.00394435 0.000289306 0.000705151 0.000153731 0.00422433 0.00209766 0.000238915 0.136182 0.0556993 0.001061 4.09597e-05 0.000773081 3.54328e-05 0.00281699 0.0376805 0.0748276 0.000242044 
0.0302439 0.543681 0.0316657 0.0753796 0.00140665 0.00242399 0.00266277 0.0522459 0.013954 0.00013521 9.49213e-05 0.0127412 0.00473357 0.13191 1.06495e-05 0.000448806 0.00025543 7.05874e-06 0.00190806 0.000736084 0.000249587 0.00452977 0.0450801 4.90996e-05 0.00119358 7.19753e-06 0.000586786 0.0033696 0.0382708 1.95968e-05 
0.0188049 0.619949 0.0298866 0.0376415 0.0119962 0.00870267 0.00620155 1.80565e-05 0.0891629 0.000231527 0.000835086 0.000885339 0.000372194 0.00134978 4.04681e-05 0.00165433 3.64634e-05 5.11485e-05 0.00245477 4.7123e-05 3.48808e-05 0.0146779 0.0121927 5.07106e-06 0.0667154 0.00054865 0.00323735 0.0309683 0.0412307 6.77278e-05 
0.0740268 0.408895 0.21791 0.0481894 0.0056871 0.00329952 0.0235209 1.36663e-06 0.0259635 0.000384661 0.000356792 0.00614849 0.0120637 0.00314235 0.000126288 0.000151022 0.000816731 5.78837e-05 0.0127104 0.000402004 3.36741e-06 0.023293 0.0558526 3.66348e-06 0.00696975 0.000851299 0.00124327 0.0575557 0.010365 8.28334e-06 
0.0386147 0.52186 0.00751602 0.169713 0.000870813 0.00046139 0.00191898 0.0903852 0.00411472 1.43414e-05 0.000112917 0.0215782 0.0126994 0.00230744 1.05365e-05 0.00357976 0.0397259 9.39157e-05 0.0161953 2.92808e-05 0.000133025 0.00227623 0.0401303 2.99784e-05 0.0144026 2.7906e-06 0.000366934 0.0101299 0.000382653 0.000343332 
0.109118 0.29608 0.112663 0.0608831 0.00179143 0.000139514 0.00109738 4.43746e-06 0.01984 2.45128e-05 0.00190332 0.049977 0.00126985 0.0148197 0.068475 0.00319239 0.000214035 3.45329e-05 0.000626109 0.0115188 3.86965e-05 0.0101225 0.107444 9.86491e-06 0.0949547 1.80615e-05 0.00134302 0.0159999 0.0160836 0.000313751 
0.288973 0.384125 0.0158956 0.241756 0.00199287 0.00499916 0.00395546 0.000128728 0.0190542 6.02975e-06 6.96907e-06 0.00516673 0.0067277 0.000353327 3.56848e-05 1.28593e-05 0.000149807 1.55433e-05 0.0131992 0.000348547 3.40186e-05 9.45907e-05 0.00336894 1.74125e-06 0.00258766 5.01876e-06 0.0017962 0.00212801 0.00301263 6.86466e-05 
0.161325 0.242958 0.0540037 0.0946611 0.0149614 0.00702937 0.00966076 0.00089724 0.0372782 0.00164999 0.00295711 0.126602 0.00921461 0.0164209 0.000182686 0.0206969 0.00590271 0.000412182 0.00288798 7.22939e-05 0.000117976 0.00974733 0.0153968 0.00153065 0.00453761 0.000139906 0.00623324 0.116666 0.0343865 0.00147002 
0.0462445 0.521863 0.000145415 0.0103808 0.0407328 0.000758224 0.00276583 3.15451e-05 0.00900287 0.000213184 0.139018 0.00460797 0.00646042 0.000147371 1.03456e-05 0.000149996 4.60229e-05 9.69747e-05 1.97574e-05 1.29621e-05 1.18184e-05 0.00371829 0.0422471 3.23159e-05 0.0119427 4.95096e-05 0.117262 0.0418392 5.48145e-05 0.000134089 
0.0607313 0.186694 0.0635755 0.0251951 0.0958917 0.0367462 0.0310918 0.000662315 0.177942 0.00579219 0.00150083 0.00481809 0.0145096 0.00335288 1.38593e-06 0.00589873 0.00289309 0.00187205 0.00779281 0.00602292 5.41987e-06 0.0470427 0.0234497 0.000196813 0.011629 0.0665419 0.0680268 0.0390708 0.0109201 0.000132994 
0.0365813 0.58797 0.0564694 0.0675986 0.000637896 0.000661432 0.043257 4.40969e-06 0.00638282 0.000537927 2.39479e-05 0.00698757 0.00247922 0.00859364 1.14517e-05 0.0015147 0.000947868 1.65138e-05 0.00548853 0.000647364 3.51384e-05 0.000294908 0.024398 7.42539e-06 0.0689808 1.55957e-05 0.00149453 0.0597784 0.0168408 0.00134264 
0.112335 0.234739 0.17949 0.0990078 0.0115841 0.00305452 0.00929876 5.42725e-05 0.101827 0.000165745 3.89458e-05 0.0299148 0.00503622 0.0557098 3.47572e-07 0.0017612 0.000120855 0.000244483 0.0150944 0.000174323 1.11013e-05 0.00742315 0.0175991 9.75938e-06 0.00307629 3.66404e-05 0.00243224 0.0542267 0.0554902 4.36822e-05 
0.098759 0.522843 0.0195646 0.0755582 0.0213828 0.00908275 0.0135758 0.000502187 0.0163966 0.00402917 0.00191428 0.00644345 0.0050936 0.00389304 5.52345e-05 0.00297795 0.0223262 0.0011635 0.00363835 6.22426e-05 5.37565e-05 0.00964005 0.0145417 0.00120846 0.053126 8.96001e-05 0.0107614 0.0700989 0.0101068 0.00111134 
0.093292 0.218098 0.0302317 0.022576 0.00795431 0.00782277 0.212972 0.000828825 0.0251348 0.000876087 0.0276639 0.0100628 0.0176391 0.0104839 0.00012481 0.0436156 0.016499 0.0184509 0.000846068 0.00165242 3.64429e-07 0.0442884 0.0751256 0.0180127 0.0162188 0.000196483 0.00440924 0.0679298 0.00577926 0.00121425 
0.0298568 0.337126 0.0177504 0.0342508 0.0073034 0.000623569 0.0175633 8.51924e-05 0.0285735 0.00402187 0.0202235 0.00217751 0.0250912 0.0379358 0.000216573 0.0148548 0.012937 0.00810611 0.00131213 2.51343e-05 2.73569e-06 0.288742 0.0351179 0.00429577 0.0280182 2.7396e-06 0.000203916 0.0421953 0.000385315 0.00100192 
0.0411195 0.414784 0.00299704 0.00676416 0.00797732 0.000101144 0.00141853 3.61089e-06 0.00167036 0.000126077 0.000410146 0.00245149 5.75844e-05 0.0186264 1.43354e-09 0.00207561 0.00046429 5.20417e-06 3.15468e-05 1.18424e-07 2.2111e-06 0.00678766 0.324526 3.66776e-05 0.00137008 1.81695e-05 7.20745e-07 0.148295 0.0177748 0.000104908 
0.0459525 0.407599 0.268053 0.0492389 0.00750371 0.00716409 0.00516017 3.06066e-06 0.107079 1.8149e-06 0.00107956 0.000687305 0.00578942 0.000284967 1.18086e-06 0.000332358 4.86089e-05 0.000315272 0.00132661 9.48693e-08 0.00038219 0.0439527 0.000150111 7.33635e-06 4.68708e-05 0.0361038 0.00835586 0.0028485 0.000514265 1.7371e-05 
0.0634291 0.224505 0.0852919 0.0193203 0.0429789 0.00918995 0.00853102 1.25879e-05 0.0521922 0.000173915 0.000128355 0.0405024 0.107077 0.0252707 1.22978e-06 0.00886967 5.03322e-06 8.01925e-07 0.0013007 0.000104863 2.74263e-05 0.158496 0.0615921 1.26752e-05 0.00293696 2.73065e-05 0.0011767 0.0667391 0.020104 2.28596e-06 
0.0639378 0.274163 0.0550144 0.0582475 0.0138337 0.00470486 0.0204901 0.0275292 0.0318752 0.000729957 0.00264936 0.0213488 0.00397699 0.00511127 0.00108478 0.0138981 0.0178538 0.00435671 0.00216455 2.44986e-05 0.000164806 0.0148213 0.115926 0.00526284 0.148015 0.00013718 0.00378276 0.0794741 0.00751103 0.00191108 
0.146503 0.179553 0.108321 0.178007 0.0124544 0.0123098 0.00922564 0.000703819 0.0294415 0.00057574 0.000845946 0.0155627 0.0219615 0.0130453 0.000300897 0.00631271 0.00538 0.000253464 0.00525642 7.87356e-05 0.000108481 0.0260675 0.0471634 0.000152193 0.0100227 2.15992e-05 0.00475062 0.0720988 0.0893952 0.00412668 
0.176778 0.187593 0.107305 0.152616 0.0201866 0.0225354 0.00789721 9.0241e-05 0.0396456 0.00222896 0.00118426 0.0319838 0.0134334 0.0409419 0.000475029 0.00490784 0.00582158 0.000534652 0.00531449 0.000884227 7.92087e-05 0.0145161 0.0268343 0.00234477 0.0211139 0.000224223 0.0256797 0.0580699 0.0268197 0.00196078 
0.118488 0.370423 0.00936523 0.350515 0.00183761 0.000814399 0.00316039 2.49667e-05 0.00565954 6.26507e-06 0.000134552 0.00929716 0.00424393 0.0188447 2.96069e-05 0.00514351 0.0139116 2.22027e-05 0.000692168 5.08411e-05 0.000250512 0.000467244 0.0523272 1.56028e-05 0.0134448 1.62491e-06 0.000494473 0.0189568 0.00124593 0.000131636 
0.0381363 0.435296 0.0239963 0.0927349 0.0103257 0.00324777 0.0517834 1.4979e-05 0.0217076 0.0164856 0.00301374 0.0320438 0.0163698 0.000716377 1.62439e-05 0.0701861 0.00256276 0.000194663 0.00249558 5.0288e-05 0.000130336 0.00467155 0.0286326 0.099151 0.00962636 0.00179254 0.000492911 0.0224792 0.00901229 0.00263295 
0.0363424 0.360333 0.0655836 0.0520533 0.00399308 0.00202329 0.256339 9.24166e-05 0.0780597 4.96292e-06 1.57931e-05 0.0073802 0.013587 0.00447479 5.15785e-06 1.21315e-05 5.30746e-05 1.10913e-05 0.00113906 0.00291389 0.000247951 0.00063304 0.0671197 0.012729 0.0104042 0.00016294 0.00168576 0.0102833 0.0122889 2.81955e-05 
0.166709 0.513988 0.0256291 0.0579138 0.00139955 0.00294934 0.00539392 0.000808721 0.0117356 0.000854956 0.00108876 0.00614976 0.00734156 0.0167347 0.000157669 0.0216319 0.0167943 0.00129674 0.00137963 3.23928e-05 4.56434e-05 0.00111264 0.0242869 0.00238651 0.0029555 0.000127485 0.00448292 0.0980876 0.0042581 0.00226736 
0.0710785 0.235063 0.10257 0.148314 0.00485406 0.00633371 0.0102474 0.00374711 0.0352588 0.00448142 0.00625517 0.0124764 0.0222916 0.0176717 0.00020279 0.0179191 0.00925762 0.000911899 0.00817201 2.66917e-05 0.00123686 0.0102539 0.123645 0.00817571 0.014514 6.20862e-05 0.0050453 0.107482 0.0107952 0.00165725 
0.0604152 0.446699 0.0684176 0.143001 0.0055897 0.0078487 0.0083707 0.000400889 0.0244681 0.000317747 0.00200859 0.0341757 0.00297233 0.00872372 0.000148704 0.00195647 0.00649967 0.000523085 0.00220433 0.00496617 0.000182199 0.0167839 0.0285247 0.0154235 0.00810428 5.36395e-05 0.00559206 0.0844873 0.00949578 0.00164525 
0.145135 0.414057 0.0399219 0.0486059 0.0224317 0.00689536 0.11731 0.000301049 0.0188621 0.000523133 0.00300624 0.00118699 0.00498031 0.00147294 9.60044e-07 0.0217836 0.00109272 0.000750704 0.00043187 2.88721e-05 2.48869e-05 0.0287057 0.0479257 5.22638e-05 0.0307643 1.25209e-05 0.00133606 0.0357651 0.00532026 0.00131464 
0.128897 0.192182 0.0199457 0.0933065 0.00144014 4.35942e-05 0.0183292 0.00167386 0.00511645 0.000931702 1.20391e-05 0.0152248 0.000896154 0.000143833 0.000365462 0.0436292 0.000358229 1.93661e-06 0.00037764 2.56011e-05 3.77891e-07 0.0471229 0.0806906 1.71499e-05 0.00507986 3.64162e-05 0.000700968 0.156049 0.186003 0.00139876 
0.0504337 0.391421 0.0666623 0.122375 0.00383775 0.00990031 0.0204096 1.88733e-05 0.0366999 0.00234227 0.00243535 0.0640064 0.0115684 0.0214243 0.00176158 0.00107617 0.00454978 0.000132227 0.00209318 0.000334676 9.17756e-05 0.0511488 0.0238568 3.68889e-05 0.011519 1.97869e-05 0.00283254 0.0824108 0.0144666 0.000133825 
0.013029 0.692663 0.00433873 0.0221247 0.00240787 0.000599604 0.0422509 8.94957e-06 0.010896 0.00246509 0.0122501 0.00853547 0.02136 0.00803257 1.15263e-05 0.00340449 0.000141879 0.000296455 0.000745625 5.78486e-05 2.52356e-05 0.00416939 0.0938989 1.40542e-06 0.00630217 0.000178163 0.00054856 0.0449881 0.00330992 0.00095868 
0.0850869 0.42664 0.0894647 0.0156547 0.00288932 0.00409921 0.00115742 8.52875e-05 0.00349053 0.00241906 0.000866581 0.00420633 0.0941651 0.0218745 6.97639e-05 0.00176999 0.000326161 0.000445262 0.00873707 0.0892379 2.86959e-05 0.102441 0.0111636 2.29427e-05 0.000143109 0.000106583 0.000180109 0.0315374 0.00165547 3.5753e-05 
0.0348554 0.355658 0.0137725 0.0566283 0.00170053 0.00531051 0.00498758 8.11223e-07 0.0197685 1.99619e-05 0.00692649 0.265667 0.00525395 0.00247393 7.59853e-07 0.000406741 0.000181108 1.26996e-05 0.000238769 0.000219692 0.000138898 0.0168271 0.108307 4.75836e-05 0.0016878 5.87893e-06 0.000510781 0.055319 0.0430252 4.82378e-05 
0.0837622 0.331884 0.0430088 0.0305257 0.00388152 0.00776752 0.0084194 0.000261923 0.0336344 0.0011047 0.000823519 0.004204 0.00852555 0.00381983 6.32248e-05 0.0043478 0.00196155 0.0274798 0.00173596 9.20381e-05 9.76192e-05 0.00405449 0.0143373 0.00082763 0.00741928 0.0457845 0.0184157 0.290154 0.0165322 0.00507296 
0.0670456 0.547826 0.0170909 0.0795289 0.00782327 0.00242876 0.0118175 4.87101e-06 0.0253223 0.00265577 0.00100585 0.00108652 0.0121533 0.00603155 0.00519599 0.00367927 0.0117977 0.000227521 0.000806199 0.00135407 0.0383085 0.0624674 0.043064 3.62678e-05 0.00471343 6.80418e-05 0.0010739 0.0400407 0.00210598 0.00324043 
0.197579 0.330396 0.0032635 0.119438 0.0005379 9.66463e-05 0.00538714 3.16371e-07 0.00678641 2.60463e-05 2.10384e-05 0.0148017 0.00582337 0.0105093 3.18413e-08 6.91846e-05 0.0226195 1.60909e-06 4.25322e-05 2.22743e-05 2.41584e-08 0.0381788 0.0275501 9.46821e-06 0.000205587 2.09601e-07 0.00766259 0.204509 0.00300889 0.0014539 
0.0843112 0.30539 0.101531 0.0113576 0.0394054 0.013241 0.00331223 0.000280999 0.0137923 0.000344567 0.00750232 0.00114092 0.0544519 0.00596393 0.00420469 0.00487631 0.00117999 0.00640611 0.00158638 3.87706e-05 0.000734541 0.161359 0.00449616 0.000149756 0.00204782 0.0292532 0.0064364 0.0808321 0.0543494 2.30723e-05 
0.132353 0.704065 0.00187634 0.0457314 0.00285757 0.0011983 0.00377114 5.73088e-07 0.00778597 7.4426e-05 0.0103089 0.00756861 0.0331076 0.00320431 2.59321e-06 0.00175557 0.00143656 0.000478656 0.000496853 0.000239807 7.86762e-05 0.0126316 0.00632044 1.952e-07 0.0115949 6.76003e-07 2.5448e-05 0.00978188 0.00118391 6.95456e-05 
0.208091 0.323066 0.0149695 0.122533 0.000741631 0.0126599 0.00277005 0.00229817 0.0045481 0.000553095 0.00397998 0.0099776 0.0156978 0.0102245 0.000153213 0.0111007 0.0190727 0.00203825 0.000297952 7.64907e-05 9.10528e-05 0.00165723 0.037689 0.0168896 0.00312145 0.000508974 0.00164729 0.165684 0.00515118 0.00271031 
0.0835329 0.376642 0.051903 0.052948 0.00844301 0.00758022 0.0844231 1.45356e-05 0.0606045 0.000241998 0.00180157 0.0272758 0.00627538 0.0094362 8.81616e-06 0.0100345 0.00292211 0.000717963 0.00411906 0.00118521 0.000158834 0.0692611 0.0091824 9.41194e-05 0.0128915 7.1089e-06 0.00258557 0.0942599 0.0200053 0.00144462 
0.103985 0.514626 0.0269257 0.12267 0.00127786 0.000908525 0.00318763 9.16597e-06 0.0242519 0.00936857 0.000269368 0.0156335 0.000917561 0.00442878 8.16698e-05 0.00166196 0.0031292 3.71211e-06 0.000155668 0.00215878 1.13577e-05 0.0345192 0.0146073 4.9607e-05 0.0076141 1.71681e-05 0.000206875 0.101124 0.00614376 5.48591e-05 
0.119477 0.128989 0.0705397 0.071632 0.0356429 0.00706606 0.0657868 0.00982496 0.0177699 0.00312168 0.00185218 0.00447753 0.0145284 0.00869439 0.000262834 0.0356076 0.00805829 0.000818987 0.00863503 0.000180101 0.000125868 0.0207346 0.0933758 0.0191912 0.00769582 7.87955e-05 0.00269954 0.126359 0.114768 0.00200674 
0.0761298 0.24766 0.0970483 0.0536272 0.0131191 0.000165898 0.0982866 3.15753e-05 0.0248479 0.00178783 0.000378326 0.0024304 0.0300523 0.00129653 3.96873e-05 0.00899077 0.0160345 0.000109607 0.00181354 5.52834e-05 2.56081e-05 0.085205 0.018276 4.67417e-05 0.0192475 7.48912e-05 0.00175298 0.0813459 0.120073 4.7578e-05 
0.0896429 0.405268 0.0421812 0.105013 0.00449748 0.00394017 0.0207591 0.000173982 0.0273921 0.00669497 0.00487004 0.0123284 0.0625473 0.0176155 4.15154e-05 0.00272013 0.00300079 0.00373816 0.0023461 0.00126405 0.000604026 0.026072 0.0106813 0.000173995 0.0314278 0.000100993 0.00545686 0.0676662 0.0413251 0.0004569 
0.0070812 0.721165 0.0207154 0.0213423 0.00934978 0.00153367 0.0248499 9.49169e-06 0.0255145 0.0146844 5.12579e-05 0.00119314 0.0080253 0.00235854 1.72344e-05 0.00214841 3.1128e-05 4.16987e-05 0.000991686 0.00100907 7.88056e-05 0.0412528 0.0347309 1.68523e-06 0.00585515 1.5037e-05 0.00236179 0.0408448 0.00205562 0.01069 
0.0510016 0.382557 0.052841 0.102297 0.0168016 0.00440854 0.086035 7.24774e-06 0.134873 6.40107e-05 0.00155309 0.0240789 0.00634209 0.00318864 1.65189e-05 0.00062888 0.00558401 0.000505709 0.00575809 3.49213e-05 4.83377e-05 0.0130964 0.0356025 0.000142208 0.0121575 2.5517e-05 0.00488015 0.0311812 0.0234244 0.000864824 
0.186181 0.287199 0.0297856 0.157886 0.00768148 0.0146546 0.00555357 0.000598962 0.0453233 0.000119797 0.000725546 0.0299079 0.00359219 0.0311859 8.91881e-05 0.00338159 0.0118863 0.000425686 0.00327919 5.74347e-05 9.88687e-05 0.0126154 0.0413647 0.000279591 0.0451924 9.02091e-06 0.0398839 0.0329288 0.00695737 0.00115575 
0.0540858 0.353544 0.0288372 0.027515 0.00306994 0.00124854 0.00650611 0.00219621 0.0170007 0.00231517 0.00312842 0.0162735 0.00176236 0.00358198 0.0327508 0.0116126 0.0148291 0.00423012 0.000638652 0.000186202 3.3293e-05 0.00330338 0.187153 0.0075363 0.0426505 0.000214785 0.00651424 0.160244 0.00155046 0.00548785 
0.10008 0.344466 0.0941493 0.164568 0.00347562 0.0171597 0.00309872 4.945e-05 0.024174 0.000295216 0.000178822 0.0370002 0.0122395 0.0839725 6.37875e-07 0.00286171 0.000404145 0.00017145 0.00267912 9.33002e-05 1.18646e-05 0.00182935 0.0109526 0.000164904 0.00220676 8.5304e-06 0.0323829 0.0486232 0.0126059 9.67882e-05 
0.118284 0.38988 0.0428046 0.0857584 0.00809451 0.00595431 0.00331314 0.000481259 0.00895572 0.000427917 0.000819183 0.0110507 0.00710902 0.0106599 7.37191e-05 0.00353751 0.00256761 0.000727656 0.00266932 0.000246889 8.27265e-05 0.0215645 0.0230621 0.0714369 0.00511906 5.31045e-05 0.00282934 0.150651 0.0203207 0.00146601 
0.0339342 0.204634 0.0405519 0.0601586 0.000419016 0.000481458 0.0080329 0.00193868 0.0157669 0.00260879 0.00253174 0.0598324 0.0131366 0.0418524 0.000136194 0.0573136 0.020226 0.00433163 0.000446489 6.4431e-07 1.33379e-07 0.00111375 0.161687 0.0366381 0.029182 0.000312245 0.000355156 0.183406 0.0126318 0.00633939 
0.0185386 0.234379 0.016459 0.0286786 0.000300152 0.0109419 0.0387356 0.000847523 0.0162076 0.00414481 0.00167264 0.0676071 0.00968007 0.116587 0.000365251 0.0170486 0.0748457 0.00179112 0.00052076 1.16808e-06 3.63628e-05 0.0103599 0.131274 0.0624042 1.84878e-05 1.25337e-05 0.000849485 0.133802 0.00066348 0.0012284 
1.58827e-06 0.590624 0.0886293 0.049854 7.04521e-07 0.00294839 1.26152e-06 1.30707e-07 0.00999334 0.00956116 2.17447e-07 0.00537083 1.6607e-06 0.0189808 5.94264e-07 1.21671e-07 1.31532e-07 3.87178e-07 1.30838e-06 1.16309e-06 1.18953e-06 0.0878048 4.06676e-07 4.46759e-08 0.013464 1.53373e-07 9.4813e-07 0.122755 1.52978e-06 1.10643e-06 
0.0442947 0.336246 0.0200491 0.171019 0.000620875 0.00013513 0.00364489 0.00225479 0.00144633 0.000469834 0.00163123 0.0489399 0.000128537 0.0289436 4.7591e-06 0.00655367 0.00439952 0.00198033 3.86112e-05 0.000308552 2.28651e-06 0.0133524 0.198474 0.027726 0.00079982 6.46727e-08 0.0051676 0.0667345 0.0132589 0.00137487 
0.0434723 0.580509 0.0344007 0.0300993 0.00865431 0.00289503 0.00410884 0.000199244 0.0145946 0.00206402 0.000568471 0.00665908 0.00432079 0.0178702 9.06897e-06 0.0108638 0.00238572 0.00249931 0.000892165 2.94022e-06 4.40008e-05 0.0247381 0.0464958 0.00832158 0.000690068 0.000145323 0.00736084 0.137499 0.0063932 0.00124293 
0.0769055 0.285767 0.0262402 0.0140629 0.0505686 0.0120231 0.00518333 0.000957556 0.0128604 0.0110401 0.00642831 0.0163821 0.00198507 0.0103211 0.0112184 0.0450826 0.0101441 0.0155451 0.0147884 4.62928e-05 1.50488e-06 0.0351966 0.214101 0.00561573 0.00138316 0.000277881 0.00720726 0.0834757 0.024082 0.00110908 
0.0316801 0.305429 0.0310452 0.0142276 0.0304861 0.0171422 0.0115953 0.000115971 0.215608 0.000536688 0.000670234 0.000755871 0.0232892 0.00255113 4.31685e-06 0.00113413 0.00471581 2.46149e-07 0.000578158 0.0500566 3.46147e-05 0.020019 0.0130279 7.12226e-05 0.000620926 0.0296878 0.110711 0.0690912 0.0149602 0.000153821 
0.19086 0.219727 0.134596 0.05198 0.00902169 0.00649781 0.00421012 6.30081e-05 0.0104458 0.000422116 0.000445472 0.0576065 0.00170483 0.0125869 0.000167103 0.00136422 0.00131639 0.000622286 0.0016884 1.30407e-05 3.71596e-06 0.00273815 0.136668 0.000195837 0.00411893 8.65022e-05 0.0169097 0.119949 0.0121163 0.00187521 
0.180712 0.3598 0.0179679 0.0435135 0.055697 0.0034192 0.00970091 6.80037e-05 0.0234323 0.000662448 0.000565996 0.00663566 0.00899691 0.0165469 2.28645e-05 0.000330653 0.000326803 0.000493051 0.0010749 8.22755e-05 0.000729825 0.0967258 0.0553109 0.0098042 0.011632 2.86103e-05 0.00263659 0.0897476 0.00225957 0.00107594 
0.163652 0.523142 0.0602467 0.0166173 0.00225737 0.0123821 0.0124006 0.000496473 0.0109253 2.96122e-05 0.00148044 0.0638856 0.00555396 0.00624771 5.27933e-05 0.000844248 0.00281788 0.000167536 0.000665324 1.0179e-05 1.55652e-05 0.0186 0.0368824 0.000830398 0.00418218 9.25524e-06 0.00497812 0.0231095 0.0270109 0.000506156 
0.0838644 0.331603 0.0202608 0.283028 0.025997 0.0209858 0.0160032 0.00134628 0.00891367 0.000195031 0.000864729 0.029303 0.00517049 0.00200762 0.00015949 0.0106393 0.000359052 0.000127187 0.0029318 0.00368141 0.000103354 0.0371241 0.0476728 3.98723e-05 0.0155026 6.7467e-06 0.00348236 0.0307521 0.0174418 0.000432603 
0.0771466 0.32787 0.0376097 0.185043 0.00641333 0.0111193 0.0142195 0.000724584 0.0246554 0.000310341 0.000303593 0.0380522 0.0164491 0.0111933 0.000255715 0.00348428 0.00469502 0.000128364 0.00248188 0.000101459 0.00032018 0.0154674 0.0837933 0.000169845 0.0062901 8.36265e-06 0.00511477 0.0991187 0.0263416 0.00111925 
0.0300374 0.358663 0.0168608 0.0860046 0.000408012 0.0264401 0.00582242 2.84647e-06 0.0260439 5.06928e-06 0.00763759 0.145635 0.00864225 0.00417825 3.24985e-05 0.000666383 0.000135729 6.14623e-05 0.00120712 7.88916e-05 0.000156912 0.0350177 0.116198 8.11575e-05 0.00352083 8.66419e-06 4.77649e-05 0.072064 0.0542659 7.67248e-05 
0.130047 0.199861 0.035377 0.174286 0.0032957 0.0104489 0.075182 0.00108231 0.0504209 0.000200793 0.000727799 0.0117793 0.00734008 0.0241398 0.00013493 0.0564183 0.00731098 0.000602772 0.0797405 1.30656e-05 3.91355e-05 0.00218194 0.00726628 0.000708675 0.035686 5.01766e-06 0.00401182 0.0708159 0.00946589 0.00141054 
0.104543 0.370267 0.0902985 0.0788463 0.00478729 0.00068298 0.0117542 4.20325e-08 0.00774673 1.62941e-05 0.000206209 0.0143634 0.00500342 0.0601365 0.0192549 0.000114466 0.000189049 1.24372e-07 0.00111569 3.73481e-07 4.70499e-07 0.00914271 0.134059 2.48652e-06 0.000564131 1.63902e-05 0.000123649 0.0762019 0.0105478 1.50205e-05 
0.108899 0.339837 0.0362415 0.087311 0.0333485 0.0660416 0.00517969 0.00827588 0.038478 0.00010076 0.00289217 0.000898014 0.0103171 0.00475126 0.000167282 0.00533847 0.000344814 0.0231033 0.00406651 9.97383e-06 0.000197503 0.0270882 0.0109218 6.41998e-05 0.00773671 0.000193833 0.0114658 0.141642 0.024503 0.000584526 
0.0734712 0.451461 0.0129825 0.0113388 0.0124817 0.00314117 0.00530173 0.00266181 0.00282937 0.000893183 0.00737146 0.0150784 0.0024103 0.0119069 0.000402888 0.0058629 0.00625692 0.0889224 0.00599158 1.7653e-05 0.00020351 0.0350824 0.0497961 0.0369971 0.00982416 0.000132701 0.00132674 0.14111 0.00314656 0.00159726 
0.0520727 0.343401 0.0306818 0.0509701 0.00317594 0.0031301 0.0200031 0.000477426 0.0140315 0.00392014 0.000112563 0.0281741 0.0487109 0.0112692 8.48504e-06 0.010294 0.00132007 0.00114555 0.000723471 4.48928e-05 0.000109351 0.0247043 0.0243007 0.00306812 0.00395073 0.000188803 0.00676971 0.28563 0.0268075 0.00080452 
0.0606656 0.257579 0.0587481 0.0850059 0.0248263 0.0538262 0.012375 7.05741e-05 0.0346681 0.00181502 0.00117045 0.0267067 0.16963 0.0531245 3.16755e-07 0.000858391 0.00165606 7.86426e-05 0.00343225 1.48478e-05 1.54402e-05 0.0299898 0.0172111 5.53208e-05 0.0215768 0.00308222 0.00225535 0.0418548 0.0376723 3.49391e-05 
0.174637 0.336658 0.0356213 0.178079 0.00131876 0.00017466 0.0186122 2.09494e-06 0.00482281 7.04298e-05 4.73351e-05 0.00212554 0.00173165 0.00307078 0.00449413 0.000642041 0.00142243 5.86043e-07 0.00212599 4.84566e-06 2.42863e-05 0.00875543 0.0385126 2.18389e-05 0.00228 2.0905e-06 0.000328945 0.135692 0.0486883 3.43493e-05 
0.0609114 0.196825 0.0802505 0.0789912 0.00195023 0.0011919 0.00568783 0.0026065 0.00380056 0.0190231 0.0101615 0.0629615 0.00720404 0.0196292 0.00022625 0.189805 0.0052505 0.00267081 0.000428366 0.0134214 5.82769e-05 0.0422586 0.0277018 0.00460993 0.0363068 1.0788e-06 0.00153673 0.103243 0.0185422 0.00274493 
0.158716 0.321338 0.0874735 0.137232 0.00200801 0.0149454 0.00459305 0.000871645 0.0164028 0.000471978 0.00152531 0.00671742 0.0177736 0.0108251 0.000228697 0.00290946 0.00426059 0.000983351 0.000806338 7.47439e-05 0.000272862 0.0107454 0.085739 0.00208027 0.00191789 1.21681e-05 0.00241124 0.0995253 0.00438339 0.00275461 
0.0548345 0.3647 0.108 0.0480454 0.0157065 0.00814587 0.00688413 0.000270324 0.0475218 0.00170303 0.00337366 0.039634 0.0286998 0.0340622 2.74352e-05 0.00684982 0.00138565 0.000193762 0.0035004 0.000128296 0.000584068 0.0394517 0.0792588 0.0156975 0.0072609 0.000322502 0.00179577 0.0730391 0.00760155 0.00132215 
0.137888 0.272374 0.0592759 0.193487 0.00529984 0.01363 0.00502381 0.000782278 0.0329553 0.000537362 0.00202473 0.0843558 0.00944569 0.0155109 0.000140216 0.00582497 0.0060144 0.000507431 0.00482502 3.033e-05 5.44868e-05 0.00428545 0.0410136 0.00109868 0.00537805 1.33198e-05 0.00847732 0.0765834 0.0118906 0.00127187 
0.141213 0.231389 0.0298392 0.121722 0.000554995 0.00230231 0.00470369 1.24083e-05 0.0451432 2.31513e-06 0.000183761 0.0086945 0.00173948 0.00187773 4.88761e-06 0.00802208 0.00183402 6.72469e-05 0.0166542 5.51272e-06 3.24792e-05 0.0739189 0.0282251 0.00176198 0.209204 0.0407644 0.00011267 0.0200066 0.00981592 0.000192805 
0.0783937 0.237495 0.0280204 0.0413527 0.00643003 0.0167563 0.00641954 0.00227455 0.0194666 0.000377765 0.00436207 0.0158226 0.0145613 0.0425914 3.46431e-05 0.18414 0.00856142 0.00894164 0.00134507 4.74943e-05 9.05943e-05 0.00624057 0.0628574 0.0236235 0.00196282 1.24753e-05 0.0107897 0.16734 0.00821329 0.00147549 
0.064135 0.508663 0.0146834 0.080511 0.00387101 0.000178493 0.0281617 7.44909e-06 0.0432994 0.000813758 0.0110735 0.0205011 0.0139305 0.00797037 1.26065e-05 0.00126067 0.000409492 0.000586666 0.0336764 0.000330231 2.93519e-05 0.00985151 0.0519368 2.94798e-05 0.0149888 0.0002333 0.00821927 0.0662152 0.0143914 2.94251e-05 
0.142064 0.480015 0.0515898 0.0700731 0.0278415 0.00436733 0.0220874 2.07522e-05 0.0242062 0.000376344 0.00210495 0.00215874 0.0121873 0.0265802 0.000386998 0.0277563 0.00255682 0.000136611 0.00961319 4.48224e-05 7.0074e-05 0.0199551 0.0162697 1.64058e-05 0.0131835 8.17129e-05 0.00266143 0.0126317 0.0288804 8.24333e-05 
0.144927 0.410157 0.0460548 0.102369 0.0190463 0.0198166 0.00629847 0.000336569 0.0272367 0.000785217 0.00121159 0.0192405 0.00213828 0.0250834 2.83588e-05 0.00177251 0.00110395 0.000139253 0.00273755 0.000290731 7.19322e-05 0.0120316 0.0157348 5.25945e-05 0.0065253 0.00170562 0.0110207 0.0860824 0.035695 0.000306509 
0.00456829 0.447011 0.0129725 0.00394727 0.0227886 0.000795387 0.000982161 0.00181154 0.0214843 0.0591874 0.0232452 0.00937008 0.0039694 0.0121889 0.000493295 0.0333041 0.0138538 0.0211469 0.00119661 8.99992e-06 0.000130364 0.091181 0.062733 0.0271021 0.107903 5.06172e-05 0.000119548 0.013309 0.00104925 0.00209708 
0.122525 0.270182 0.0791879 0.102526 0.0175243 0.0181257 0.0208631 0.00069991 0.0474185 0.00345775 0.00412253 0.0112126 0.0321828 0.0191509 0.000444863 0.00927885 0.0060539 0.00186224 0.00664335 0.00152009 0.000303304 0.0558438 0.0380001 0.00495347 0.0157187 0.000176568 0.00538628 0.0799329 0.0226979 0.00200528 
0.0916787 0.299156 0.0384412 0.0252749 0.0363681 0.000299951 0.15919 0.00169475 0.0444957 0.00123447 0.0633653 0.00730572 0.00337589 0.00206888 2.0405e-05 0.0207337 0.0852405 0.00100249 7.96168e-05 0.0010684 2.94687e-07 0.00522614 0.0336334 0.00316618 0.000113297 2.35364e-05 0.00299872 0.0656932 0.00036345 0.00668724 
0.0937804 0.229097 0.0888358 0.0363169 0.0869742 0.00230643 0.00102215 2.97749e-07 0.0641897 0.000127146 0.00201687 0.00599319 0.000429714 0.00226433 1.9757e-06 0.00110768 3.92402e-05 5.71905e-06 0.00225378 1.08388e-06 1.13607e-05 0.173185 0.18658 2.57471e-05 9.81591e-05 0.000241879 0.000911302 0.0205423 0.00159791 4.31919e-05 
