0.0865934 0.0880826 0.0335349 0.0774892 0.00972493 0.015511 0.00218993 0.00141789 0.024732 0.00210265 9.8113e-05 0.305272 0.0510798 0.0143602 2.52366e-06 0.00336822 0.0580469 0.000243941 0.0573119 1.23009e-05 8.39766e-05 0.00195455 0.0685081 0.00211626 0.00391686 6.68104e-05 0.0149201 0.068929 0.00521031 0.00311931 
0.0880966 0.0534346 0.0710505 0.0946021 0.00462141 0.00818011 0.00526012 0.000924149 0.0145585 0.000556955 0.0212835 0.207698 0.0725773 0.0958488 2.5187e-05 0.016918 0.0138823 0.0022939 0.00223866 0.000492546 0.000126651 0.0182501 0.0808807 0.00189 0.00328103 9.9545e-06 0.00298861 0.11263 0.00365663 0.00174305 
0.19028 0.0964574 0.0402652 0.111224 0.00550861 0.00689746 0.03234 1.54106e-05 0.0307035 0.000340855 0.000208374 0.325969 0.00384726 0.00680004 2.40606e-07 0.000770428 0.00855389 4.76612e-05 0.00521037 0.00185381 5.34347e-06 0.00113622 0.00416531 6.9353e-06 0.0069064 0.00020856 0.01756 0.0950761 0.00656542 0.00107624 
0.0290021 0.033488 0.0768874 0.122259 0.00667434 0.00205325 0.00379374 7.34361e-05 0.0347288 5.43237e-05 0.000172233 0.444452 0.0152867 0.0186196 7.91534e-07 0.000193342 0.0089447 0.0619785 0.00707378 3.41313e-06 3.64138e-05 0.00962719 0.026324 8.95072e-05 0.00930845 9.8838e-06 0.00456477 0.0790848 0.00466825 0.000546966 
0.016949 0.00445056 0.0103928 0.0127458 0.000288468 0.000146206 0.000300699 0.00174719 0.00254769 0.000703646 0.00289629 0.617805 0.00711631 0.0136911 0.00321998 0.0105208 0.0406203 0.006236 0.000170854 0.000161955 1.37115e-08 8.58424e-05 0.150935 0.00776403 0.000223844 1.2335e-06 0.00188228 0.0818855 0.000180083 0.00433189 
0.0320393 0.0473579 0.110219 0.0654264 0.00105956 0.000202269 0.00279776 1.31675e-05 0.0110665 2.30091e-05 0.000488774 0.579847 0.00832418 0.00690926 0.00011752 2.75553e-05 0.00150505 1.46341e-06 0.00197215 0.000676552 0.00138932 0.00917788 0.0729263 5.94897e-06 0.021082 6.45921e-05 0.0015214 0.00969641 0.0134432 0.000618662 
0.0142141 0.00775128 0.00919336 0.0578309 0.00306504 0.00306085 0.00222021 0.000314945 0.0752992 0.00511254 0.000544222 0.259263 0.0123774 0.000476948 5.34923e-05 0.0454603 0.00252819 0.000110564 0.125512 2.35904e-05 0.000157506 0.00703242 0.00166326 0.246013 0.0463344 0.000126609 0.000991694 0.011956 0.0612184 9.49316e-05 
0.0713386 0.0179358 0.0321009 0.0314404 0.0037711 0.0148438 0.00201375 2.57803e-05 0.0404139 0.000120579 0.000449147 0.610373 0.0412467 0.0162705 0.00033923 0.00264418 0.0025089 0.000255119 0.0012241 0.000431863 0.000127326 0.00353331 0.0567822 0.000127401 0.00969052 2.78197e-06 0.00428428 0.0305939 0.00375386 0.00135714 
0.174277 0.0241189 0.0480433 0.0903825 0.0164314 0.0493658 0.00778852 0.000879289 0.0333597 0.00146908 0.00298024 0.289775 0.0113285 0.0603464 0.00192824 0.0084186 0.0177956 0.00197575 0.00788157 0.000156538 6.99658e-05 0.00477603 0.051453 0.00409794 0.0041859 1.96129e-05 0.0107487 0.0609605 0.00913133 0.00585474 
0.0413636 0.0305755 0.0468981 0.135545 0.0148432 7.28591e-06 0.00498539 2.98589e-05 0.081428 9.44237e-05 0.00116507 0.378326 0.00686428 0.0146459 2.65081e-09 1.30518e-07 0.0178342 0.0400544 0.0351992 5.2397e-06 5.9806e-06 0.00343161 0.0228765 1.83429e-05 0.00628346 2.9805e-06 0.0405022 0.0565065 0.0155173 0.00498995 
0.147698 0.0271426 0.0446537 0.0790202 0.011197 0.00135539 0.00210326 2.8215e-06 0.0353307 0.00353043 0.00234361 0.524863 0.0114389 0.00184368 5.45081e-06 0.0117632 0.00241356 7.97563e-05 0.00392863 2.39074e-05 1.02126e-05 0.00568767 0.01156 0.000261641 0.00551943 3.49199e-06 0.00136441 0.0274784 0.0362502 0.00112646 
0.044848 0.0290348 0.0524679 0.0719967 0.0110668 0.0050263 0.00159619 0.0135271 0.0339567 0.0691118 0.000915983 0.219334 0.0171718 0.0117381 2.76802e-05 0.0439427 0.0239067 0.0229464 0.00362391 0.0205669 1.31428e-05 0.0278452 0.192926 0.00410037 0.000981943 6.51248e-05 0.00262924 0.0697901 0.000951767 0.00389042 
0.0696822 0.0112023 0.132583 0.0495233 0.0258412 0.024681 0.00981002 0.000806954 0.0330088 0.00102691 0.00149388 0.152095 0.146601 0.0938725 0.000282148 0.00943361 0.00412047 0.00451252 0.00284122 0.0508814 0.000663937 0.0192547 0.0158937 0.00107142 0.00260546 0.00331807 0.021284 0.0791415 0.0294477 0.00302037 
0.13969 0.0279269 0.061601 0.0841152 0.01897 0.0127804 0.00466679 0.000399001 0.0279879 0.00932429 0.0110835 0.29442 0.0491527 0.0626218 1.1474e-05 0.0137195 0.015809 0.000991483 0.00250578 0.000815391 3.83051e-05 0.0242931 0.0690162 0.00726348 0.00515662 2.78965e-05 0.00624547 0.0442177 0.00318984 0.00195895 
0.107649 0.0250808 0.0247919 0.0458989 0.00021773 0.000237426 0.00440327 8.65537e-06 0.0262088 0.000162817 0.00059702 0.442899 0.0105296 0.0306002 0.00117122 0.000320077 0.0130884 0.00283088 0.00115563 5.40459e-07 9.63802e-07 0.000647133 0.0921926 0.000232599 0.115743 0.0001218 0.00294095 0.0454893 0.00132099 0.00345829 
0.0709364 0.017677 0.0586788 0.0533695 0.00079678 0.0123266 0.0014471 0.000564126 0.0237562 0.000442773 0.00292679 0.26219 0.0909073 0.0398104 0.0011036 0.0433601 0.0113737 0.00113698 0.0094542 0.0460739 0.017128 0.011352 0.0577333 0.00255165 0.0119827 0.0130006 0.0041394 0.126986 0.00494008 0.0018544 
0.0954137 0.031407 0.0768575 0.115812 0.014273 0.0127256 0.0102865 0.00129635 0.0317122 0.000982825 0.00961314 0.277751 0.00251644 0.00557927 0.000116272 0.0262821 0.0488417 0.00236801 0.0219498 3.35607e-05 2.69521e-06 0.013337 0.0416063 0.00902949 0.00726213 1.75501e-05 0.0186392 0.06411 0.0589731 0.00120403 
0.016949 0.00445056 0.0103928 0.0127458 0.000288468 0.000146206 0.000300699 0.00174719 0.00254769 0.000703646 0.00289629 0.617805 0.00711631 0.0136911 0.00321998 0.0105208 0.0406203 0.006236 0.000170854 0.000161955 1.37115e-08 8.58424e-05 0.150935 0.00776403 0.000223844 1.2335e-06 0.00188228 0.0818855 0.000180083 0.00433189 
0.0933248 0.0289329 0.0173633 0.0288814 0.00120191 0.000482697 0.000463199 1.44483e-06 0.00676482 0.00038609 0.00224679 0.589226 0.0050063 0.111954 1.30605e-06 0.000361101 7.79093e-05 5.18851e-10 0.000161081 1.22385e-05 4.53978e-10 0.00172823 0.0148237 0.000252995 0.0497317 1.25237e-05 0.000292233 0.0458637 0.000444922 9.68398e-08 
0.0543446 0.037233 0.0661144 0.0652547 0.00759526 0.00348886 0.00824193 4.32068e-05 0.0767838 0.000482921 0.0104686 0.305156 0.017268 0.0153004 0.00450968 0.000740196 0.000129419 0.000447806 0.00589321 0.000893466 0.00449882 0.0123498 0.16235 3.56462e-05 0.0957744 0.00115221 0.00179013 0.0292184 0.0108211 0.00162024 
0.000813164 0.00758457 0.00350235 0.0578735 0.0011999 0.000520858 0.00313664 2.55089e-08 0.0658946 0.00216848 0.00105034 0.419304 0.0119345 0.0006733 0.000167051 0.0459634 0.00329797 5.61925e-05 0.00473285 1.7512e-05 0.000146943 0.00789989 0.00409053 0.303967 0.00952561 7.15391e-05 0.000968339 0.00602159 0.037341 7.64323e-05 
1.29139e-06 3.30372e-06 6.66505e-07 8.68329e-07 0.000686295 7.16392e-08 4.19806e-05 2.61105e-11 3.83996e-05 1.56107e-06 0.000432388 0.981124 1.82468e-07 1.30364e-06 3.4544e-11 6.30901e-07 0.0102809 5.73685e-07 0.00017294 1.99267e-07 2.62089e-11 2.05275e-07 2.08026e-05 2.24065e-10 2.25319e-07 5.07276e-09 5.82776e-05 1.61803e-05 5.52312e-07 0.00711602 
0.0663408 0.0294359 0.0451847 0.0511659 0.00354833 0.010102 0.0059001 5.12343e-05 0.0538891 1.6218e-05 3.71722e-05 0.26797 0.0163268 0.017509 2.25315e-05 0.00378362 0.00513711 6.26338e-05 0.00259122 0.0453547 0.00014538 0.0141254 0.186921 0.00195546 0.0475263 1.91521e-05 0.00112079 0.11348 0.00996593 0.000312093 
0.0606987 0.0533668 0.0118693 0.0316903 0.00402017 0.002648 0.00252036 0.000101451 0.0418473 0.000586147 0.00118585 0.680816 0.00435035 0.0044172 2.70415e-05 0.00383671 0.00268154 0.00078547 0.00392876 1.28312e-05 4.86935e-06 0.00124146 0.0178161 0.00341155 0.0112775 7.01874e-06 0.00674774 0.026058 0.0216532 0.000391963 
0.0520726 0.0280921 0.0173316 0.138588 0.00106273 0.000900371 0.000822162 0.00175534 0.0357369 0.0016257 0.00185289 0.228321 0.0308701 0.0381591 3.12156e-05 0.0857212 0.115724 0.0140308 0.0015189 0.000819856 2.40523e-08 0.00070641 0.0401453 0.0230321 0.00989756 9.79106e-05 0.000992011 0.123786 0.00138159 0.00492476 
0.0557499 0.0139623 0.0777147 0.00759656 1.0428e-05 0.000376769 0.00040374 1.39483e-05 0.0104636 3.18631e-05 0.00503174 0.385943 0.000399283 0.0898211 1.91722e-06 3.9266e-07 0.000478242 0.000255076 0.000295741 3.74966e-06 0.000178347 0.0139284 0.038892 7.61008e-06 0.282472 4.9989e-07 0.00127712 0.0118393 0.00273905 0.000112599 
0.000813164 0.00758457 0.00350235 0.0578735 0.0011999 0.000520858 0.00313664 2.55089e-08 0.0658946 0.00216848 0.00105034 0.419304 0.0119345 0.0006733 0.000167051 0.0459634 0.00329797 5.61925e-05 0.00473285 1.7512e-05 0.000146943 0.00789989 0.00409053 0.303967 0.00952561 7.15391e-05 0.000968339 0.00602159 0.037341 7.64323e-05 
0.00833968 0.00662009 0.00393515 0.00397278 0.000754398 0.000219577 0.000428508 0.00247626 0.000478537 0.000823426 0.00341936 0.447929 0.000439857 0.00206004 0.000253593 0.0277599 0.014808 0.00194095 3.07789e-05 1.39649e-05 2.59131e-08 0.00109391 0.38235 0.0302885 0.000279054 1.0699e-07 0.000290028 0.0545657 0.000428898 0.00400004 
0.0587632 0.0168964 0.094198 0.0493281 0.0256966 0.00627624 0.0132199 0.000183977 0.0247492 2.92973e-05 1.69789e-05 0.291645 0.0679271 0.107368 5.42133e-05 0.00178067 0.000379181 1.7453e-06 0.00200773 0.00393109 7.98101e-06 0.00870255 0.0308937 6.36022e-05 0.00280792 0.000171951 0.000914287 0.0316914 0.160292 2.54051e-06 
0.0344279 0.00874492 0.032818 0.0264333 0.000297489 0.000323337 0.00024254 0.000237005 0.00662401 0.000195368 0.000626552 0.335785 0.257119 0.0819343 7.71838e-05 0.001401 0.00877864 0.00470147 0.00086124 0.0604768 0.000132609 0.00258376 0.0643189 0.00264635 0.000654842 5.05376e-05 0.00558686 0.0461868 0.0141484 0.00158614 
0.0473075 0.00167818 0.0199977 0.0465444 0.0023897 0.00412848 0.000501508 0.00121587 0.0122826 0.000598023 0.00155103 0.583037 0.0468335 0.0476383 6.17883e-05 0.0456141 0.0477015 0.0222771 0.000336127 0.000155314 3.3721e-05 0.000585496 0.0112104 0.0033639 0.00180563 1.18203e-05 0.000875036 0.0471601 0.00179476 0.00130929 
0.000813164 0.00758457 0.00350235 0.0578735 0.0011999 0.000520858 0.00313664 2.55089e-08 0.0658946 0.00216848 0.00105034 0.419304 0.0119345 0.0006733 0.000167051 0.0459634 0.00329797 5.61925e-05 0.00473285 1.7512e-05 0.000146943 0.00789989 0.00409053 0.303967 0.00952561 7.15391e-05 0.000968339 0.00602159 0.037341 7.64323e-05 
0.0244294 0.00737493 0.054544 0.0785221 0.080348 0.0130822 0.00208066 8.30195e-05 0.0512077 5.79541e-06 2.20047e-05 0.536322 0.00179239 0.000307542 1.99425e-05 0.00020282 0.000255897 0.00156242 0.010122 0.000319205 6.51764e-05 0.00406749 0.00237963 7.34848e-07 0.00403418 6.859e-05 0.00485674 0.0149152 0.00630505 0.100703 
0.116555 0.0550439 0.0728455 0.0741101 0.0563795 0.000854708 0.022596 0.000122713 0.081499 0.000262582 6.49433e-05 0.218721 0.0600597 0.00263213 0.00117883 0.00197675 0.00141844 0.0671378 0.00289326 0.00384621 0.000116383 0.00977972 0.0674274 3.72104e-06 0.0580721 5.45887e-07 0.0110937 0.0114708 0.00182636 1.11085e-05 
0.106591 0.0942672 0.0520786 0.0555538 0.00357033 0.00304902 0.00854681 4.41557e-05 0.0261783 0.000742785 0.000728894 0.404025 0.0440474 0.0121931 0.000127833 0.00321556 0.0019963 0.00147978 0.00175028 8.4618e-05 3.73984e-05 0.00650032 0.069765 0.000170922 0.0104122 4.70207e-05 0.00679364 0.0639606 0.0209994 0.00104343 
0.030162 0.00205987 0.00986683 0.0892006 0.000487048 0.0111615 0.00104442 0.00208728 0.0047296 0.00180018 0.00482269 0.578694 0.00465664 0.0248621 7.43082e-05 0.0119742 0.101554 0.00287494 0.000510798 9.40773e-05 1.40187e-06 0.000277541 0.0291188 0.0112345 0.00346654 2.69967e-06 0.00136417 0.0660842 0.00117329 0.00456023 
0.0270052 0.0279708 0.12481 0.00661406 0.0044114 3.07691e-06 0.0750427 2.53995e-06 0.0221739 0.00130492 0.18759 0.240181 0.00161361 0.015112 6.65e-05 0.0340151 0.00099661 0.000406378 5.78218e-06 0.000199875 2.21108e-07 0.012491 0.0530113 1.69582e-05 0.00845877 2.2895e-05 0.000148035 0.147003 0.00575978 0.0035615 
0.0533445 0.00237898 0.0122171 0.0858983 0.000617142 0.0088344 0.00106425 0.00278136 0.00381292 0.00209739 0.00592043 0.52756 0.00474516 0.0263733 8.41349e-05 0.0127091 0.103762 0.00363602 0.000438182 6.53859e-05 9.64223e-07 0.000604023 0.0351826 0.0149557 0.00264493 8.59886e-06 0.00145995 0.0790418 0.00179509 0.00596582 
0.0072618 0.0135593 0.00549834 0.00799479 0.000358639 0.000731323 0.00284178 0.0023089 0.00388879 0.00241247 0.00198647 0.813164 0.00251347 0.0112462 2.69953e-06 0.0135787 0.00876404 0.000531431 0.000138831 4.87319e-07 5.10822e-05 0.0203654 0.0279806 0.00204357 0.0254726 4.80081e-07 0.000443268 0.0218779 0.00245678 0.000525369 
0.00484696 0.0050872 0.00285637 0.00241131 0.000867493 9.50585e-05 0.000323465 0.000851747 0.000517667 0.000403256 0.000977703 0.835204 0.000190261 0.00109412 2.03505e-05 0.0195371 0.00759892 0.000647249 2.03653e-05 1.31136e-05 2.39497e-08 0.000675825 0.0791696 0.00313982 9.52534e-05 8.81237e-08 9.08435e-05 0.0306205 0.000367732 0.00227636 
0.0112042 0.0333724 0.0196499 0.00874247 0.000943108 1.2539e-06 0.00111954 1.79157e-06 0.00176931 0.000199451 0.000135785 0.870778 0.000645777 0.000763604 6.32187e-07 0.000322844 0.000304226 4.1191e-07 6.0353e-05 1.23723e-06 1.2653e-06 0.0011492 0.0119077 1.60441e-06 0.00505413 1.72718e-06 0.000133803 0.0124609 0.019265 7.90841e-06 
0.0346081 0.0135028 0.132521 0.0558262 0.00182717 0.0112725 0.0415294 3.16697e-06 0.123771 4.77188e-05 0.000183402 0.236907 0.00461065 0.00446023 4.37318e-06 0.000689723 0.000618832 0.000178183 0.00329991 0.00214398 2.91533e-05 0.0147359 0.13769 7.26416e-06 0.141414 0.000539558 0.00231517 0.00440275 0.0307853 7.51752e-05 
0.0466986 0.00241477 0.0119021 0.0908822 0.000564233 0.0101892 0.00111159 0.00280888 0.00425471 0.00211727 0.005894 0.525197 0.00486523 0.0266096 8.95892e-05 0.0126483 0.106676 0.00366632 0.000480638 7.74935e-05 1.15111e-06 0.000511495 0.0352303 0.0150888 0.0031463 6.10329e-06 0.00151134 0.0778547 0.00162921 0.00587348 
0.148056 0.129447 0.0430538 0.110637 0.000874137 0.00698128 0.0026596 3.2239e-06 0.00568636 0.000303714 1.82085e-05 0.206061 0.0543156 0.093557 2.32725e-05 0.00335683 0.0105202 3.76763e-05 0.000310522 0.0016503 0.000172675 0.00164143 0.0366234 1.82582e-05 0.00308492 4.01271e-06 0.00687601 0.121583 0.0122375 0.000205623 
0.057985 0.0252937 0.0850708 0.0499631 0.00411513 0.00015926 0.000171824 0.00639623 0.0321455 0.00119457 0.00139328 0.349503 0.0133203 0.0119764 0.00241777 0.0247395 0.0253407 0.00528834 0.0048451 0.0026532 1.00375e-08 0.00187624 0.0439923 0.00891483 0.000222349 6.50156e-06 0.00608973 0.227271 0.00576668 0.00188738 
0.122359 0.0657775 0.0722188 0.108058 0.00845289 0.00874315 0.00612042 8.04538e-05 0.0514779 0.0190095 0.00422317 0.280286 0.049242 0.0110316 0.000234872 0.0236607 0.00434989 0.000711996 0.00583532 0.000218821 6.67146e-05 0.0191096 0.017197 0.052073 0.0136309 0.00320721 0.00188905 0.0249722 0.0252413 0.000520997 
0.0477285 0.0582086 0.0621081 0.010389 0.023756 0.00173543 0.00610017 0.000425192 0.0273591 0.0654067 0.00541235 0.357693 0.010488 0.0364571 0.000119819 0.0065141 0.00441547 9.42746e-05 0.00178286 0.0463717 3.48795e-05 0.106458 0.0635327 6.34708e-05 0.0270958 4.93915e-05 0.00218079 0.0205161 0.00741362 8.96916e-05 
0.0314933 0.0477514 0.0462318 0.0187331 0.0274827 0.000487284 0.00191989 0.000490987 0.0137914 2.4083e-06 8.1059e-05 0.299603 0.00834586 0.0487134 8.15645e-07 0.00217553 8.75699e-05 1.78052e-05 0.00168213 0.0591124 0.000455115 0.10658 0.0819191 8.75108e-06 0.0683344 0.000110402 0.0012659 0.102369 0.0304743 0.000279579 
0.0290021 0.033488 0.0768874 0.122259 0.00667434 0.00205325 0.00379374 7.34361e-05 0.0347288 5.43237e-05 0.000172233 0.444452 0.0152867 0.0186196 7.91534e-07 0.000193342 0.0089447 0.0619785 0.00707378 3.41313e-06 3.64138e-05 0.00962719 0.026324 8.95072e-05 0.00930845 9.8838e-06 0.00456477 0.0790848 0.00466825 0.000546966 
0.033965 0.0638502 0.222218 0.0400484 0.00832652 0.0114285 0.0190701 1.19221e-05 0.0319892 3.50401e-05 0.00723689 0.352547 0.00631852 0.00393299 0.00153919 0.0532328 0.000858456 0.0503832 0.00992498 0.00224214 3.27825e-06 0.00267192 0.0424199 4.54192e-05 0.00257662 5.71301e-06 0.00943935 0.0194282 0.0041368 0.000114031 
0.0382258 0.0522223 0.0178723 0.0491462 0.00152169 0.000241847 0.00481889 8.52152e-06 0.00606419 5.93568e-05 0.00201585 0.543421 0.0487498 0.0438451 3.94387e-05 0.0002386 7.22683e-05 0.000682332 0.00740033 0.00109812 3.48166e-05 0.000977359 0.148669 6.19781e-06 0.00267348 2.20556e-05 0.000117064 0.0283522 0.00132964 7.47924e-05 
0.0199326 0.00857778 0.0380943 0.0906581 0.00943845 0.00201657 0.000963659 4.01699e-05 0.04873 0.0105944 0.00290549 0.179498 0.0117301 0.001787 3.75059e-05 0.162401 0.00239452 0.000648177 0.00289442 0.000158008 3.35795e-05 0.00875413 0.0853408 0.10209 0.00629693 4.96761e-05 0.00108773 0.172754 0.0297295 0.000362688 
0.0261517 0.0230663 0.0105415 0.043191 0.00535263 0.00479606 0.00285299 3.37705e-06 0.0458952 3.657e-05 0.00543528 0.328689 0.065317 0.0503361 0.000373488 0.00101097 0.00270597 0.000394133 0.0100651 0.00200648 7.4425e-05 0.00173099 0.310953 1.60303e-05 0.0142561 7.35216e-06 0.0245992 0.0145439 0.00548251 0.000115786 
0.19028 0.0964574 0.0402652 0.111224 0.00550861 0.00689746 0.03234 1.54106e-05 0.0307035 0.000340855 0.000208374 0.325969 0.00384726 0.00680004 2.40606e-07 0.000770428 0.00855389 4.76612e-05 0.00521037 0.00185381 5.34347e-06 0.00113622 0.00416531 6.9353e-06 0.0069064 0.00020856 0.01756 0.0950761 0.00656542 0.00107624 
0.00288942 0.00606936 0.0138007 0.0463015 0.000960898 0.000417413 0.002511 8.86664e-08 0.0527209 0.00173556 0.000842132 0.335469 0.00954937 0.0005395 0.000134576 0.20127 0.00713669 4.5356e-05 0.00450614 1.46733e-05 0.000118194 0.00632239 0.00327393 0.243179 0.00762411 5.81748e-05 0.000775738 0.0159126 0.0357587 6.18007e-05 
0.0107248 0.0328966 0.0365711 0.00663792 0.00393036 0.00036524 0.000953569 0.000126918 0.0159585 3.52129e-06 3.45592e-05 0.735832 0.0543128 0.0134773 0.0114749 0.00381881 3.55077e-05 0.000119611 0.000209359 0.0143084 3.32118e-05 0.0141298 0.0136756 2.471e-06 0.0152857 2.6021e-06 0.000153547 0.0101472 0.00471379 6.47436e-05 
0.0217545 0.0809054 0.0138124 0.0156949 3.83376e-05 0.000992209 0.00329139 4.60027e-08 0.00793612 3.8198e-05 4.58436e-05 0.498851 0.00283916 0.125734 6.08612e-08 3.12777e-06 8.34534e-05 5.27746e-08 0.000655737 0.000564669 1.34225e-07 0.00535074 0.118239 1.68868e-05 0.0770636 2.50118e-05 0.000381883 0.0229107 0.00254643 0.000225386 
0.0276658 0.00179563 0.00891142 0.0452081 3.50403e-05 0.00738119 0.000398433 5.87251e-08 0.00945852 0.000145793 2.87116e-05 0.376522 0.284002 0.0591172 2.44383e-07 3.3695e-05 0.00290885 0.000175397 0.000394931 1.86635e-05 3.22678e-07 3.4666e-05 0.0483427 2.14255e-07 0.00140437 4.70508e-06 0.00659372 0.118098 0.00120963 0.000109089 
0.0228165 0.00275145 0.0700966 0.0753645 0.00351163 0.0477661 0.00109867 0.00281952 0.0458252 0.000775364 0.00339719 0.426137 0.00809332 0.0209543 3.93422e-07 0.0296033 0.0594232 0.0209801 0.00137952 2.33926e-05 2.05561e-05 0.00663638 0.024266 0.00321076 0.072374 1.76943e-05 0.012569 0.0341292 0.0023183 0.00164084 
0.0397116 0.0397442 0.00637899 0.0237589 0.00241499 0.00670823 0.000623705 0.000343418 0.0177872 0.0413391 0.000388096 0.629793 0.0145257 0.00928665 7.20458e-05 0.000946214 0.00153049 0.00571607 0.00916305 2.66567e-05 2.15727e-05 0.0242722 0.0795659 0.00203278 0.0222487 9.30977e-05 0.00184221 0.0187132 0.000216638 0.000735373 
0.0979166 0.038273 0.1905 0.0634453 0.0182773 0.00368324 0.00617334 1.21322e-05 0.0390854 0.000214569 3.82848e-05 0.319005 0.042133 0.010216 2.38917e-05 0.00272711 0.00249264 0.00260076 0.00367539 0.00103903 0.00100265 0.0175093 0.0192504 7.88899e-06 0.0115839 3.16243e-05 0.00338822 0.0672055 0.03101 0.00747845 
7.47294e-07 0.0195051 0.0120232 0.0568029 0.00515653 0.000669972 0.00403342 6.15538e-08 0.0845578 0.00176784 0.00123039 0.600292 0.00695531 0.00131473 0.00021506 0.0874252 0.0105562 3.21736e-05 0.00170486 2.27948e-05 1.1007e-05 0.0240076 0.0083152 0.00419346 0.00879336 7.07098e-05 0.0012454 0.0170931 0.0419238 8.0231e-05 
0.0125273 0.0113224 0.00196998 0.0181256 0.00152532 0.000177745 0.00114296 6.0888e-08 0.0335388 2.31634e-05 0.000167211 0.497274 0.0984463 0.0157079 2.03107e-07 7.97983e-08 0.000644758 3.23291e-05 0.00155191 0.000298035 1.31382e-06 0.000322292 0.28597 1.67307e-06 0.016682 3.03835e-06 0.00019618 0.00169179 0.000655979 5.6336e-09 
0.136587 0.018722 0.0360006 0.0545188 0.00438898 0.00767662 0.00133411 0.000901494 0.0201353 0.000699696 0.00266697 0.353982 0.023014 0.0621768 0.00175678 0.0112593 0.0310289 0.00330607 0.000809281 0.000453532 6.15235e-06 0.00400524 0.0620209 0.00357779 0.0449095 0.000131312 0.0134439 0.0875549 0.00623349 0.00669821 
0.16344 0.00735887 0.104767 0.149623 0.00716494 0.0147563 0.00405605 4.88584e-06 0.0339483 0.0250938 8.52399e-05 0.205364 0.115145 0.00760242 6.51975e-07 0.00295974 0.0253629 0.00137309 0.00373546 0.00747207 5.1084e-05 0.00518823 0.0371148 0.00489825 0.00561608 2.51116e-05 0.00538532 0.0498584 0.0102902 0.00225928 
0.0616874 0.0247318 0.026588 0.0700718 0.0019627 0.00693035 0.00209754 0.000184639 0.00846206 0.000177965 0.00061561 0.322545 0.0163799 0.285385 6.12987e-05 0.0011527 0.0122256 0.00107704 0.00104578 0.0017936 3.00428e-05 0.00199561 0.0815537 0.00184189 0.00323468 2.84145e-05 0.00437462 0.0578612 0.00287 0.00103365 
0.116172 0.00167978 0.112961 0.0407751 0.00495146 0.0641284 0.00337753 0.00404082 0.0393624 0.000122374 0.000595747 0.352898 0.0283401 0.0654716 3.02611e-05 0.0211251 0.00470014 0.0013356 0.00580783 0.0061299 3.3649e-07 0.00247789 0.0303597 0.000586783 0.00223548 8.51719e-07 0.00946261 0.0796051 9.63784e-06 0.00125598 
0.000813164 0.00758457 0.00350235 0.0578735 0.0011999 0.000520858 0.00313664 2.55089e-08 0.0658946 0.00216848 0.00105034 0.419304 0.0119345 0.0006733 0.000167051 0.0459634 0.00329797 5.61925e-05 0.00473285 1.7512e-05 0.000146943 0.00789989 0.00409053 0.303967 0.00952561 7.15391e-05 0.000968339 0.00602159 0.037341 7.64323e-05 
0.0220006 0.00180264 0.0181799 0.0127079 0.00335715 0.000898157 0.000968564 0.00181102 0.0151948 0.000447802 0.00108874 0.278873 0.146035 0.23132 6.085e-06 0.00794931 0.00465369 0.00229738 0.000288512 7.61994e-05 2.17468e-05 0.00129265 0.102319 0.00497722 0.000612891 4.66327e-06 0.00215936 0.135519 0.00175369 0.00138329 
0.0163748 0.0148804 0.112858 0.0597373 0.0363537 0.0114163 0.0130852 0.000646442 0.174791 0.000143143 0.00137758 0.315042 0.00459003 0.00947195 0.00219285 0.016726 0.00466079 0.00418515 0.0844208 0.00670981 0.000197547 0.00678977 0.034093 0.00195909 0.00892007 0.000118563 0.00865311 0.0352295 0.00284361 0.0115328 
0.0331183 0.0021563 0.0117437 0.099304 0.000494522 0.0102866 0.000974237 0.00158192 0.00436304 0.00190827 0.00491094 0.537066 0.00551315 0.0281952 4.94652e-05 0.00930796 0.121442 0.00243796 0.000610936 6.79101e-05 1.23511e-06 0.000302838 0.0337381 0.0088424 0.00344909 2.46585e-06 0.0015332 0.0711281 0.000981226 0.00448945 
0.058218 0.00516244 0.0227912 0.0774984 0.00169077 0.00418385 0.000615725 0.00289259 0.00120224 0.00129529 0.0049987 0.313686 0.10018 0.058788 0.000193662 0.0644912 0.0211032 0.00845634 0.000421255 0.000398015 3.90179e-05 0.00341945 0.110627 0.0122828 0.00109289 3.35486e-06 0.00313413 0.111185 0.00140773 0.00854168 
0.0197332 0.00915371 0.0212965 0.029134 0.00113989 0.000238006 0.00162102 0.000183118 0.0208844 0.000136527 0.00838419 0.475789 0.0144281 0.00530287 3.47094e-05 0.025323 0.00297765 4.3216e-05 0.000359752 0.000485238 1.67651e-05 0.00321868 0.245444 0.000240592 0.0384317 3.61586e-06 0.000282761 0.0425501 0.00614416 0.0270199 
0.000813164 0.00758457 0.00350235 0.0578735 0.0011999 0.000520858 0.00313664 2.55089e-08 0.0658946 0.00216848 0.00105034 0.419304 0.0119345 0.0006733 0.000167051 0.0459634 0.00329797 5.61925e-05 0.00473285 1.7512e-05 0.000146943 0.00789989 0.00409053 0.303967 0.00952561 7.15391e-05 0.000968339 0.00602159 0.037341 7.64323e-05 
0.0181341 0.028729 0.0481878 0.0131246 0.00210064 0.00225521 0.00293424 0.000269815 0.0121265 0.00651014 0.000569799 0.742894 0.00269113 0.0156944 1.71872e-05 0.00545961 0.0022889 0.000246104 0.00119056 3.49792e-05 6.42975e-05 0.00844933 0.0583211 0.00106385 0.00163327 2.10449e-06 0.000711319 0.016978 0.00658766 0.000729975 
0.0972898 0.0683182 0.152074 0.0560906 0.0191008 0.0109601 0.011903 2.14944e-05 0.0559958 0.00184097 0.0042704 0.180033 0.00752603 0.151661 1.0036e-05 0.0191885 0.00198979 3.51951e-05 0.000519725 6.25089e-06 6.38956e-06 0.0233664 0.0410389 2.05239e-05 0.0126742 0.00832117 0.00302915 0.0629531 0.00969832 5.71233e-05 
0.113749 0.0660803 0.0270198 0.0953264 0.00591628 0.00354418 0.00632816 0.000145127 0.0286425 0.000855624 0.00325327 0.283499 0.129941 0.00451812 1.64476e-05 0.0154931 0.00518273 0.000471388 0.0564851 0.000298434 9.68138e-05 0.011497 0.0196254 0.00132396 0.0169312 7.29472e-06 0.00148857 0.0423761 0.0419598 0.0179276 
0.0195715 0.0144655 0.0285276 0.0718069 0.00115435 0.000824506 0.000476683 7.82171e-05 0.00432759 0.00323628 0.00601335 0.690093 0.0580445 0.0118391 1.87316e-05 0.00368737 0.00106631 4.33422e-05 8.12379e-05 0.000286926 2.13121e-07 0.00404761 0.0501236 0.000139628 0.00128635 1.40506e-06 0.000202301 0.0281925 3.24625e-06 0.000360495 
0.0701669 0.246494 0.0925997 0.0313577 0.0192065 0.00750723 0.0108285 0.000226257 0.0510556 0.0021308 0.00278834 0.249205 0.0152538 0.0164912 1.28428e-05 0.00658897 0.00143143 0.000690013 0.00109276 8.06457e-06 1.95538e-06 0.0181038 0.0239741 0.00186334 0.0147913 4.89122e-05 0.00460988 0.0651675 0.0456453 0.000658153 
0.200092 0.0295 0.0321798 0.115018 0.0114698 0.0178858 0.0131092 0.00335766 0.0418098 0.0080309 0.00441816 0.320225 0.0179774 0.0475673 7.06158e-06 0.000246431 0.00371706 0.00110972 0.00430806 0.00140645 0.000157527 0.00245258 0.0224573 3.46785e-05 0.0653974 3.13925e-05 0.00314885 0.0302248 0.00249072 0.000169137 
0.000813164 0.00758457 0.00350235 0.0578735 0.0011999 0.000520858 0.00313664 2.55089e-08 0.0658946 0.00216848 0.00105034 0.419304 0.0119345 0.0006733 0.000167051 0.0459634 0.00329797 5.61925e-05 0.00473285 1.7512e-05 0.000146943 0.00789989 0.00409053 0.303967 0.00952561 7.15391e-05 0.000968339 0.00602159 0.037341 7.64323e-05 
0.0308785 0.0569496 0.0237611 0.141119 0.000329496 0.000639193 0.0032431 9.20366e-05 0.0251329 0.000307395 0.000268814 0.257746 0.0210805 0.045502 0.00265907 0.0022027 0.0193896 0.00147014 0.00126826 0.000325737 9.94248e-06 0.00820897 0.189461 0.000886059 0.0754338 1.89515e-06 0.00301883 0.0817139 0.00593755 0.000962028 
0.140368 0.032978 0.0783138 0.172223 0.0037453 0.0284405 0.0115695 1.54536e-05 0.0541768 0.000113418 0.000561429 0.234175 0.0153184 0.0366928 4.25348e-05 0.000573503 0.0122896 0.000231049 0.00614879 0.00047075 2.60106e-05 0.00813553 0.0466033 2.27751e-05 0.00828092 2.72328e-05 0.0118474 0.0870063 0.00949346 0.000109536 
0.153158 0.0309842 0.107713 0.0337234 0.108165 0.0575474 0.00582789 0.000198511 0.0150955 0.0032914 0.0213708 0.24983 0.0145599 0.014775 4.24084e-05 0.033034 0.00119943 1.19536e-05 0.00144564 0.000880907 0.000455736 0.0213644 0.0460282 4.30508e-05 0.0297737 3.53538e-05 0.00256754 0.0391133 0.00767072 9.23e-05 
0.0329482 0.00595505 0.0997889 0.185604 0.00355834 0.00261245 0.00469058 0.000663726 0.0316991 0.00355125 3.5616e-05 0.234678 0.0120026 0.00770389 6.21356e-05 0.0662541 0.00498166 0.000271986 0.0844372 0.000118766 0.000298121 0.00391007 0.0109743 0.108285 0.0219285 0.0043572 0.00201759 0.0425324 0.0233609 0.000717475 
0.0789981 0.0439831 0.0728702 0.113043 0.00879961 0.0127526 0.015135 0.000238614 0.0377678 0.00175319 0.00185341 0.213023 0.0904668 0.0452834 0.000772918 0.00634474 0.00811914 0.00037519 0.00352018 0.000262384 0.000176251 0.013475 0.0659001 0.00316711 0.00753622 6.62453e-05 0.0157818 0.126719 0.0110339 0.000782365 
0.00939861 0.00583875 0.00646129 0.0469872 0.00216394 0.00181417 0.00150769 0.000136155 0.0579822 0.00456275 0.000377402 0.304944 0.0100585 0.000268533 3.66694e-05 0.0425821 0.00236528 9.61588e-05 0.132993 3.23808e-06 9.76403e-05 0.00497406 0.00132163 0.237373 0.0629038 0.000109754 0.000545492 0.00935898 0.0526878 5.05136e-05 
0.000813164 0.00758457 0.00350235 0.0578735 0.0011999 0.000520858 0.00313664 2.55089e-08 0.0658946 0.00216848 0.00105034 0.419304 0.0119345 0.0006733 0.000167051 0.0459634 0.00329797 5.61925e-05 0.00473285 1.7512e-05 0.000146943 0.00789989 0.00409053 0.303967 0.00952561 7.15391e-05 0.000968339 0.00602159 0.037341 7.64323e-05 
0.00212062 0.000164817 0.000913417 0.00265289 0.00329702 7.94673e-07 0.000646164 0.00256565 0.00391925 3.33839e-06 0.0321275 0.845822 6.4901e-05 0.000557112 1.82879e-10 0.0163856 7.01115e-06 0.0105743 0.000136571 0.00115563 2.79096e-08 0.000196788 0.0239758 5.62711e-06 0.000377819 8.5215e-06 0.000419037 0.0515667 7.46781e-09 0.000334839 
0.000813164 0.00758457 0.00350235 0.0578735 0.0011999 0.000520858 0.00313664 2.55089e-08 0.0658946 0.00216848 0.00105034 0.419304 0.0119345 0.0006733 0.000167051 0.0459634 0.00329797 5.61925e-05 0.00473285 1.7512e-05 0.000146943 0.00789989 0.00409053 0.303967 0.00952561 7.15391e-05 0.000968339 0.00602159 0.037341 7.64323e-05 
0.0239912 0.0327623 0.0336834 0.0309532 0.00369187 0.00331115 0.0042771 2.05729e-05 0.0306514 0.000203689 0.00148092 0.729029 0.0131698 0.0113002 2.60907e-05 0.00105317 0.00100987 0.000357636 0.0035093 0.000181183 5.17068e-05 0.0178839 0.0238773 0.000718539 0.0115969 1.85459e-05 0.00247867 0.00778741 0.0107718 0.00015203 
0.217769 0.0300504 0.0550065 0.0924791 0.0248704 0.0151477 0.0025107 0.000797727 0.0297379 0.00148601 0.0028854 0.225571 0.0104381 0.0121504 6.62783e-05 0.0229245 0.0128912 0.00105061 0.00349617 0.0857808 0.000114022 0.0125003 0.0353408 0.00137256 0.00169183 0.000126116 0.00978665 0.0795613 0.0113303 0.00106587 
0.0665834 0.0199872 0.151461 0.131716 0.0105668 0.00566629 0.00378857 0.000213439 0.0317173 1.74785e-05 0.00115863 0.28548 0.0277676 0.00710815 5.86674e-07 0.00119662 0.00308806 0.00018498 0.00984928 0.032527 0.0167909 0.0150997 0.0671151 0.00222175 0.010461 5.41617e-06 0.00751838 0.0787173 0.0119152 7.78183e-05 
0.0739976 0.00150389 0.0842724 0.00967465 0.00127165 0.00109778 0.0542219 0.000570408 0.0188585 0.00139081 0.0281058 0.591307 0.00140832 0.00843548 8.05192e-05 0.0126933 0.0144131 0.000502676 0.00281598 6.9959e-05 6.32946e-07 0.00529505 0.0204845 0.000131825 0.000271769 4.97407e-05 0.00175316 0.0472798 0.00481409 0.0132279 
0.0509017 0.0209381 0.0219 0.0726076 0.0123793 0.00253854 0.00423335 1.77743e-06 0.154876 7.73793e-05 0.000432159 0.4579 0.0313182 0.00579085 0.000313888 0.000331677 0.00330112 5.62037e-05 0.00461667 1.54886e-05 9.05476e-06 4.37348e-05 0.112791 3.05221e-06 0.00632533 1.40154e-05 0.00508732 0.0274605 0.00364698 8.83511e-05 
0.164149 0.0280315 0.0626349 0.0769089 0.00373552 0.00158821 0.00202076 5.26826e-05 0.0226504 0.000301401 0.00159576 0.45459 0.00969377 0.00676421 0.000159762 0.00394051 0.00254416 0.00010203 0.00318736 5.24358e-05 2.68897e-06 0.0122979 0.0556117 0.000148199 0.0164603 3.03868e-06 0.0127175 0.0473344 0.0101288 0.000591781 
0.0348491 0.00472912 0.0380812 0.00886515 0.00128174 0.000129358 0.00291636 6.51107e-07 0.0231455 9.76257e-07 3.0574e-05 0.565156 0.0212336 0.0249695 9.53879e-05 0.000877944 0.000348426 3.63492e-05 0.000596385 0.013521 0.000325471 0.033272 0.092565 1.83101e-05 0.0825736 1.92555e-06 0.00345604 0.0304237 0.0156822 0.000817252 
0.0159943 0.0745842 0.0102116 0.0144826 0.00502649 0.00028206 0.00355145 0.000215867 0.00354427 0.0107904 0.00154546 0.563621 0.00855784 0.000948955 5.12723e-07 0.00920957 0.00291189 8.08368e-05 0.000741719 4.26021e-05 1.89421e-08 0.00693648 0.0306554 0.000345124 0.00750502 9.9825e-06 0.000418363 0.215469 0.0100663 0.00225071 
0.146512 0.0485526 0.0503745 0.0755467 0.0209267 0.0115892 0.0141691 0.000686346 0.0195695 0.00300184 0.00995655 0.326093 0.00811456 0.0203475 0.00187215 0.00894697 0.0127396 0.00138834 0.00466123 7.87791e-05 0.000102792 0.0430693 0.0243083 0.00411845 0.0798336 0.000216856 0.00307536 0.0406723 0.0181643 0.00131194 
0.0259782 0.0164642 0.0106327 0.122531 0.00382606 0.00392714 0.0133385 0.000467985 0.0695058 0.0135242 0.00307611 0.301382 0.0452948 0.0149738 0.000147091 0.0662055 0.0191628 0.000112126 0.00647419 8.83208e-05 0.000209106 0.0151466 0.0149242 0.165992 0.0112844 0.000205049 0.00167082 0.0176182 0.0356467 0.000191082 
0.100573 0.00928277 0.0417011 0.0228578 0.0220092 0.00235312 0.00356894 0.000345069 0.0358065 0.0339197 0.0173213 0.358647 0.0248844 0.0403086 6.83227e-05 0.00502759 0.00504751 0.0107059 0.000634214 0.000411544 3.16193e-05 0.0172161 0.0391904 0.00164678 0.0568752 5.72419e-05 0.015736 0.131126 0.00116527 0.00148103 
0.000696594 0.00774587 0.000772891 0.00553907 0.000611789 1.04935e-05 0.000536293 7.87044e-11 0.054316 1.76008e-05 0.00248047 0.908945 0.00117564 0.000283104 1.04125e-10 0.000541226 0.000120682 1.43192e-06 0.0010983 5.10514e-07 8.27901e-08 7.09288e-05 0.0037692 0.0007897 0.00262902 1.82306e-06 0.000433535 0.000579401 0.00683258 8.20424e-07 
0.0353645 0.093276 0.0918597 0.027092 0.00596481 1.27415e-05 0.0391341 3.8618e-09 0.008843 1.23858e-05 3.43747e-07 0.631134 0.000873825 0.000779901 5.10913e-09 0.000463492 0.000517856 0.000951133 0.00486089 1.00785e-07 3.87636e-09 0.00089508 0.0035391 2.94296e-08 0.0329617 0.000696516 0.00672729 0.00289787 0.0111273 1.46299e-05 
0.0203067 0.00625299 0.0664809 0.098421 0.0170867 0.00172184 0.0002284 0.00305477 0.00756413 0.000484916 0.0016143 0.328574 0.0846058 0.0454781 3.14636e-05 0.0608407 0.0303308 0.00332141 0.00523267 0.0222868 3.36571e-06 0.00603585 0.0490535 0.00759577 0.00154288 9.66668e-06 0.0014448 0.124206 0.0029773 0.00321196 
0.00484696 0.0050872 0.00285637 0.00241131 0.000867493 9.50585e-05 0.000323465 0.000851747 0.000517667 0.000403256 0.000977703 0.835204 0.000190261 0.00109412 2.03505e-05 0.0195371 0.00759892 0.000647249 2.03653e-05 1.31136e-05 2.39497e-08 0.000675825 0.0791696 0.00313982 9.52534e-05 8.81237e-08 9.08435e-05 0.0306205 0.000367732 0.00227636 
0.000813164 0.00758457 0.00350235 0.0578735 0.0011999 0.000520858 0.00313664 2.55089e-08 0.0658946 0.00216848 0.00105034 0.419304 0.0119345 0.0006733 0.000167051 0.0459634 0.00329797 5.61925e-05 0.00473285 1.7512e-05 0.000146943 0.00789989 0.00409053 0.303967 0.00952561 7.15391e-05 0.000968339 0.00602159 0.037341 7.64323e-05 
0.118409 0.0278779 0.0374255 0.0420222 0.00347614 0.0029391 0.000947643 0.00128272 0.0111277 0.00881719 0.0140396 0.210022 0.0369691 0.200218 0.000563424 0.00818348 0.00884612 0.0028716 0.000424787 1.69793e-05 4.42752e-06 0.00175806 0.0519469 0.00513736 0.00973645 1.91342e-05 0.00432248 0.16864 0.0191706 0.00278465 
0.000411782 3.70625e-05 0.00165727 0.000203509 7.07318e-06 0.00322931 8.94258e-05 0.000277126 0.000371248 0.000234737 0.00031393 0.966969 0.000606794 0.00105046 9.97862e-06 0.000629899 0.00174847 0.000335004 3.62725e-05 1.56219e-06 2.0508e-07 0.00168222 0.0036504 0.00199712 0.00532272 5.76193e-07 0.000100253 0.00867068 5.30505e-06 0.000350603 
0.0331183 0.0021563 0.0117437 0.099304 0.000494522 0.0102866 0.000974237 0.00158192 0.00436304 0.00190827 0.00491094 0.537066 0.00551315 0.0281952 4.94652e-05 0.00930796 0.121442 0.00243796 0.000610936 6.79101e-05 1.23511e-06 0.000302838 0.0337381 0.0088424 0.00344909 2.46585e-06 0.0015332 0.0711281 0.000981226 0.00448945 
0.00939861 0.00583875 0.00646129 0.0469872 0.00216394 0.00181417 0.00150769 0.000136155 0.0579822 0.00456275 0.000377402 0.304944 0.0100585 0.000268533 3.66694e-05 0.0425821 0.00236528 9.61588e-05 0.132993 3.23808e-06 9.76403e-05 0.00497406 0.00132163 0.237373 0.0629038 0.000109754 0.000545492 0.00935898 0.0526878 5.05136e-05 
0.0842918 0.181664 0.0989467 0.0840292 0.00749737 0.00625481 0.0146803 0.000387386 0.0377588 0.00295813 0.00219365 0.241573 0.0205106 0.0210411 0.000371008 0.00376695 0.00241965 0.000268908 0.00452343 0.000188706 0.000364202 0.0225681 0.0631577 4.42584e-05 0.0424944 1.92032e-05 0.00597509 0.042161 0.00772013 0.000170486 
0.0290021 0.033488 0.0768874 0.122259 0.00667434 0.00205325 0.00379374 7.34361e-05 0.0347288 5.43237e-05 0.000172233 0.444452 0.0152867 0.0186196 7.91534e-07 0.000193342 0.0089447 0.0619785 0.00707378 3.41313e-06 3.64138e-05 0.00962719 0.026324 8.95072e-05 0.00930845 9.8838e-06 0.00456477 0.0790848 0.00466825 0.000546966 
0.0597601 0.00262693 0.0176033 0.0650411 0.00565392 0.0133275 0.00290853 8.53131e-05 0.120661 0.000371451 0.010341 0.435992 0.03235 0.0467383 5.61221e-05 0.000678459 0.0350296 0.000296877 0.012774 0.00024698 4.30993e-05 0.00643523 0.0159624 0.000205902 0.0597315 4.93732e-06 0.0417193 0.0103543 0.000604979 0.00239627 
0.0380276 0.0157872 0.00864339 0.0173107 0.000611009 0.0020521 0.000328277 0.00151011 0.00762087 0.00376574 0.00403191 0.654315 0.0177634 0.0134206 0.000147063 0.00411856 0.0142446 0.00350595 0.000129197 0.000621356 0.00021765 0.0024043 0.0565716 0.0937823 0.0124936 2.72037e-06 0.00506365 0.0193807 0.000717267 0.00141171 
0.153002 0.00623362 0.106375 0.178815 0.00297389 0.0123891 0.00200894 2.02003e-06 0.0363673 0.000432369 0.000104257 0.43348 0.00401002 0.0136543 9.12007e-06 5.41652e-06 0.00276233 6.61794e-06 0.0177992 2.63342e-06 8.31553e-06 0.00627669 0.00482187 3.19382e-05 0.00911542 4.1083e-06 0.00212553 0.00574689 0.00125603 0.000179921 
0.0557915 0.0477474 0.108896 0.14463 0.0073907 0.0133343 0.0120197 0.000514031 0.0192914 0.0122619 0.00132744 0.146853 0.00824469 0.0195506 6.40549e-05 0.0241234 0.146638 0.00126126 0.0013252 0.0161111 6.86814e-06 0.0121987 0.0769637 0.0032212 0.012157 3.8466e-05 0.00851506 0.0933887 0.00448903 0.00164519 
0.0212766 0.00386442 0.0453725 0.0723252 0.0108992 0.000151035 0.00168758 0.00133115 0.00397499 0.000583395 0.00163211 0.35902 0.00346083 0.00384542 6.96253e-05 0.0158081 0.0100312 0.129513 0.000924413 0.000181305 8.31178e-07 0.00227301 0.0795933 0.00743412 0.00438034 5.86454e-07 0.000433081 0.204836 0.00235016 0.0127462 
0.000813164 0.00758457 0.00350235 0.0578735 0.0011999 0.000520858 0.00313664 2.55089e-08 0.0658946 0.00216848 0.00105034 0.419304 0.0119345 0.0006733 0.000167051 0.0459634 0.00329797 5.61925e-05 0.00473285 1.7512e-05 0.000146943 0.00789989 0.00409053 0.303967 0.00952561 7.15391e-05 0.000968339 0.00602159 0.037341 7.64323e-05 
0.0438304 0.0235632 0.042093 0.0417972 0.0032779 0.00607487 0.00325351 0.000935491 0.0264179 0.000430454 0.000624912 0.609333 0.0504898 0.027039 0.00035749 0.00204092 0.00261771 0.000581787 0.00256622 0.00254325 0.00146452 0.00844578 0.0547158 0.00298973 0.0141073 6.29438e-05 0.00219077 0.0202785 0.00536636 0.000509986 
0.0372075 0.00973286 0.205897 0.0572428 0.0155185 0.0204322 0.00344956 0.00119793 0.0584347 0.017249 0.00243404 0.234293 0.0131794 0.000998856 4.22755e-05 0.00207154 0.00283573 0.000120845 0.0179295 2.165e-06 3.81584e-07 0.0308955 0.00471744 0.00377071 0.190347 0.000714801 0.0226079 0.0233051 0.0230096 0.000361908 
0.0716128 0.0152148 0.0471638 0.026967 0.0368064 0.000903678 0.0328288 5.72084e-06 0.0545026 2.28262e-05 0.00647315 0.415357 0.0576767 0.0177886 0.000323177 0.00495579 0.000494694 2.96566e-05 0.00249038 0.044352 0.000126387 0.0593777 0.0707868 4.19539e-05 0.0070476 1.92691e-05 0.0010548 0.0177498 0.00724152 0.000584395 
0.0533445 0.00237898 0.0122171 0.0858983 0.000617142 0.0088344 0.00106425 0.00278136 0.00381292 0.00209739 0.00592043 0.52756 0.00474516 0.0263733 8.41349e-05 0.0127091 0.103762 0.00363602 0.000438182 6.53859e-05 9.64223e-07 0.000604023 0.0351826 0.0149557 0.00264493 8.59886e-06 0.00145995 0.0790418 0.00179509 0.00596582 
0.00894321 0.0925082 0.0114978 0.0547687 0.000349192 0.00277724 0.000522676 7.91942e-06 0.0251073 0.0497032 3.67823e-06 0.520872 0.0255066 0.0157231 1.56426e-05 4.00288e-05 4.89641e-05 6.55448e-06 0.000105472 1.96405e-05 2.00682e-05 0.0413941 0.138744 6.64612e-05 0.00124396 2.64151e-06 0.00359987 0.00616113 0.000222149 1.86663e-05 
