0.097898 0.0177321 0.0336237 0.0398125 0.0131921 0.0222811 0.000455875 0.00327412 0.0104874 0.00154553 0.0929533 0.0162158 0.0081313 0.0212987 4.44974e-05 0.281805 0.0397259 0.00333175 0.000715695 5.39592e-06 1.47564e-08 0.041252 0.0602742 0.0103474 0.00439507 9.55159e-06 0.00212627 0.170804 0.000989077 0.00527253 
0.0107523 0.00816849 0.0357706 0.126342 0.00472584 3.04425e-05 0.00023167 0.000492266 0.0140985 0.00112019 0.000767266 0.000730758 0.0110975 0.00283624 2.54226e-06 0.591243 0.0187341 0.00278423 0.00100242 0.00015169 1.36367e-07 0.0479016 0.0589166 0.00216022 4.88105e-05 2.46065e-07 0.00418547 0.0540848 0.00105731 0.000562605 
0.00844833 0.0619356 0.011428 0.0375426 0.0109949 8.41913e-07 0.113352 6.38253e-07 0.0546506 0.000209046 0.000147725 0.12511 1.7705e-06 2.26903e-09 4.13996e-06 0.527673 0.000835367 7.59463e-07 0.00165787 1.42514e-08 3.06756e-07 0.0107905 0.00484647 1.45314e-07 0.00160506 1.33689e-06 2.93656e-09 0.010855 0.0179081 3.86953e-07 
0.0271746 0.00282022 0.0934257 0.0138403 0.0303255 0.0144842 0.000571705 0.000447959 0.0111297 0.00297276 0.00153855 0.00241564 0.00275263 0.00261697 1.14317e-05 0.621643 0.00509336 0.00121764 0.00173246 1.05586e-07 3.99862e-06 0.00608624 0.010708 0.0721623 0.000227146 1.34833e-05 0.00237295 0.0403631 0.0160222 0.0158266 
0.068456 0.00604899 0.0100865 0.0341023 0.00555786 0.00430554 0.0048031 0.000808416 0.0176002 0.0106205 0.00112827 0.000242125 0.0056157 0.0005994 0.000464922 0.576879 0.0598885 4.67679e-05 0.000421668 0.00100331 4.41765e-09 0.00395475 0.0408964 0.0439856 0.00267819 6.69841e-05 0.000615794 0.0917633 0.00175562 0.0056045 
0.0163925 0.00251004 0.0408204 0.0112039 0.000488758 8.52725e-05 1.03079e-05 0.00483498 0.00940853 0.0233514 0.0362796 0.00379055 0.00424512 0.00189035 4.68713e-07 0.460335 0.0828715 0.00469737 0.000130001 1.91262e-06 8.10809e-09 0.0447525 0.0239915 0.00658608 0.00256372 0.000139271 0.00147222 0.173513 0.0418954 0.00173803 
0.0444299 0.00430978 0.015822 0.00530064 0.00484259 0.00314891 0.00031646 0.000590385 0.00701918 0.012332 0.00139469 0.00499976 0.0429355 0.00158448 5.79946e-05 0.552494 0.0623672 0.00142656 0.000172489 7.11858e-05 1.1566e-06 0.0156671 0.00839279 0.0941168 0.000166303 0.0816472 0.000722937 0.0323347 0.000645721 0.000689971 
0.0125018 0.00374847 0.017905 0.0328434 0.000371455 0.000116327 0.000115961 0.00186016 0.00237064 0.00444488 0.000536065 0.00188175 0.0192351 0.0107385 0.00541295 0.440793 0.0193401 0.00208149 3.85986e-05 5.53168e-07 0.00302387 0.00380901 0.34076 0.00296013 0.000102198 6.31025e-07 8.95058e-05 0.0670814 0.00340164 0.00243561 
0.0654677 0.00347655 0.0177282 0.0154744 0.00102467 0.000535394 0.000147061 0.00228337 0.000439315 0.00276988 0.00145949 0.045255 0.014754 0.0167131 6.45387e-08 0.523839 0.05299 0.0158201 8.39277e-05 6.69083e-06 7.13648e-07 0.000915133 0.0478659 0.0332346 0.00014766 3.76301e-07 0.00181965 0.120893 0.00332142 0.0115337 
0.0109773 0.00297631 0.00449392 0.00195352 0.00515482 0.00064255 0.000108521 0.000247116 0.000828964 0.00558857 0.00946031 0.000534757 0.00164458 0.000925956 0.00329077 0.917494 0.00308457 0.000555331 3.70636e-05 5.81905e-06 1.90819e-06 0.00492921 0.00301359 0.0152304 5.01466e-05 1.66615e-07 0.000536502 0.00611374 0.000117031 2.24534e-06 
0.0890752 0.0146083 0.0544854 0.0186502 0.00323495 3.5007e-05 0.00300559 0.00274312 0.0122779 0.0194304 0.0002046 0.00351945 0.0112777 0.00439591 0.0168388 0.451356 0.0143585 0.000132597 0.000410614 1.99395e-08 4.04593e-05 0.0132807 0.0373131 0.110349 0.0049387 0.000142067 0.000120963 0.101478 0.0121163 0.000180112 
0.0128344 0.0338767 0.0142983 0.0658211 0.000143125 7.30214e-05 0.00154548 0.0018033 0.00047967 0.000930757 0.0027695 0.0018601 0.00329769 0.00322802 1.28876e-07 0.675304 0.00986819 0.000857684 6.05304e-05 1.82438e-07 1.68936e-07 0.000684644 0.0493436 0.0243379 0.000139246 2.34491e-08 0.000381711 0.0921059 0.00310503 0.000850362 
0.0452146 0.00946089 0.0615825 0.0231673 0.00643992 0.00105542 0.00426498 0.00598617 0.00957955 0.101993 0.00152747 0.0025047 0.00443571 0.00489136 4.95513e-05 0.393898 0.0194539 0.00229267 0.00167945 7.56601e-05 2.08125e-05 0.00729728 0.050974 0.043356 0.000649995 1.92888e-05 0.000561176 0.105486 0.0189141 0.073169 
0.0608486 0.0116936 0.060994 0.0228294 0.00465051 0.00258188 0.00365556 0.00990101 0.00868953 0.00192343 0.0129648 0.00262111 0.00772864 0.00807471 1.76111e-05 0.418231 0.208819 0.0032943 0.00105151 4.64611e-05 3.31307e-05 0.0195402 0.0389051 0.0141597 0.00225427 0.000151868 0.00176547 0.0676084 0.00165249 0.00331246 
0.0203805 0.00253863 0.107639 0.0324088 0.000608297 0.00331849 0.000494564 0.0242193 0.00836574 0.00801826 0.00227771 0.00183899 0.00194321 0.00229078 5.22346e-05 0.316009 0.0209803 0.012667 0.00490986 1.2508e-06 2.00137e-05 0.0301047 0.038076 0.200812 0.000416888 8.97415e-07 0.0289256 0.097422 0.0309028 0.00235621 
0.0602908 0.00456135 0.164417 0.024315 0.0345991 0.00833044 0.00976197 0.00170121 0.017857 0.00338521 0.0233496 0.011458 0.00387583 0.0421594 0.0254327 0.228391 0.0346884 0.0027175 0.00159958 0.000279951 1.06854e-05 0.0708826 0.0332066 0.00812391 0.000671202 0.000128835 0.00171284 0.155608 0.0235677 0.00291613 
0.0202278 0.00971341 0.0251941 0.00633207 0.00302429 0.000660563 0.000318206 0.00452536 0.00409751 0.0276803 0.01999 0.00469275 0.00512547 0.00843829 4.21575e-05 0.474992 0.0818961 0.00312966 7.02829e-05 0.0862782 5.0283e-06 0.0585507 0.0530084 0.00987623 0.000194818 0.000387557 0.000449729 0.0862449 0.00209649 0.00275785 
0.0235987 0.00535704 0.122971 0.0368497 0.0023064 0.000939477 0.00308419 0.00880767 0.00399168 0.00308105 0.0201159 0.00885137 0.00388586 0.0127223 0.0148632 0.358487 0.0195602 0.00334333 3.93197e-05 0.000220209 6.91569e-05 0.0829594 0.040421 0.00735966 0.005772 2.8607e-05 0.00190424 0.186862 0.0201788 0.00136907 
0.0214124 0.0161446 0.0074842 0.0576481 0.00241318 0.00045106 0.0977801 0.00151741 0.00621021 0.00133282 0.00187867 0.00186775 0.0016644 0.0022192 1.46931e-07 0.543046 0.0595353 0.00113406 0.0367711 1.57553e-07 3.74511e-06 0.00156551 0.00937796 0.088548 0.000717644 7.12573e-07 0.000145874 0.0330398 0.00535495 0.000735157 
0.0203603 0.0242658 0.0830902 0.0134186 0.0750572 0.0143233 0.0321852 0.000125341 0.0241753 0.0470188 0.0303446 0.0111532 0.0145635 0.00659961 1.12966e-07 0.276128 0.0264125 0.000702017 0.00168429 1.09506e-05 5.97374e-08 0.0445983 0.0651043 0.00443587 0.00474362 2.79001e-05 0.00162101 0.171866 0.00497562 0.00100843 
0.0121714 0.00180912 0.070546 0.00895508 0.00111576 0.000290163 0.00122751 0.000938916 0.00164757 0.00478818 0.00213888 0.0191476 0.0393568 0.00355135 0.000146636 0.329009 0.0234086 0.00153671 0.000789026 6.88376e-07 7.0002e-05 0.0194808 0.0422229 0.322646 0.00376921 1.01028e-06 0.000781282 0.067243 0.0174143 0.00379651 
0.0104052 0.00343677 0.149314 0.00748148 0.0268247 0.00142402 0.00187897 0.000877564 0.0182009 0.00414861 0.00151664 0.00570111 0.00647607 0.00310075 0.00221785 0.572952 0.0140385 0.00246529 0.000786361 1.49677e-06 7.53129e-06 0.0539208 0.0192777 0.00361294 0.00561876 1.10917e-06 0.00198487 0.0760459 0.00420142 0.00207984 
0.175323 0.0212366 0.090226 0.0420103 0.00263747 0.00860598 0.00666044 0.00183459 0.0102731 0.0725369 0.00556723 0.00641126 0.0591265 0.00521919 0.000132983 0.32591 0.0317198 0.00247652 0.00165061 4.3545e-05 0.00144904 0.0368519 0.014183 0.0137596 0.0156004 1.33507e-05 0.00466771 0.0368956 0.00185734 0.00511922 
0.0509257 0.00846325 0.10921 0.118754 0.0175952 0.00754647 0.00174051 0.000850704 0.0210353 0.00586749 0.00783374 0.00164569 0.0238925 0.0109018 0.00534364 0.395509 0.0352381 0.00201668 0.0115142 6.31825e-05 0.000235135 0.0391318 0.0182264 0.0100045 0.00265473 6.60314e-05 0.00263127 0.0606378 0.0295375 0.000927312 
0.0444935 0.00178005 0.0458886 0.00675623 0.0217246 0.000371809 0.00588024 0.0040036 0.0151648 0.00471649 0.00215073 0.00130819 0.00076936 0.00140243 0.000248658 0.491703 0.00540663 0.00303987 0.00686686 3.01902e-07 9.23591e-08 0.017212 0.00651096 0.149818 9.56967e-05 3.02582e-05 0.00401193 0.104262 0.0528828 0.00150067 
0.0173023 0.00192249 0.0253821 0.0226642 0.00244931 0.000229105 0.000177583 0.0417851 0.00207266 0.0130253 0.0011488 0.00184014 0.0105827 0.0131524 0.0030733 0.356103 0.00881848 0.00217928 0.000175993 1.88234e-07 0.00192341 0.00270954 0.110355 0.232037 0.00112473 9.0092e-06 0.000623255 0.121251 0.00422463 0.00165919 
0.0556989 0.0689243 0.124666 0.0927085 0.0214096 0.00724529 0.119252 0.0035038 0.0584004 0.0351784 0.000984904 0.00199296 0.00397143 0.00107493 2.66525e-05 0.124877 0.0107589 4.26569e-05 0.0611908 0.00146264 1.048e-05 0.0196195 0.0771452 5.43647e-05 0.00206365 4.56812e-05 0.0107177 0.0822157 0.0136926 0.00106442 
0.02258 0.000594773 0.0230171 0.0149265 0.00385115 0.000689388 0.00034034 0.00608969 0.00491677 0.00106287 0.00259698 0.161074 0.167289 0.0262504 2.49083e-07 0.341035 0.0584066 0.0203849 0.000283312 0.000234069 7.23532e-06 0.00163783 0.0311545 0.0176868 0.000366442 1.67798e-05 0.00125956 0.0857212 0.00223241 0.00429466 
0.0695995 0.00262402 0.0367488 0.00633756 0.00504741 0.000377572 0.0274476 0.000488979 0.00504328 0.0010993 0.000525583 0.00181884 0.00187531 0.0007009 0.000138401 0.730487 0.00890701 0.0025201 0.000483176 2.1017e-07 3.27956e-07 0.00409972 0.00487753 0.0122586 0.000424011 5.09426e-06 0.00175923 0.0317669 0.0400331 0.00250482 
0.15374 0.0519656 0.0821192 0.10469 0.0093611 0.00572192 0.00124269 0.00390552 0.016902 0.00676106 0.0067244 0.0197512 0.0049265 0.0133868 0.000173141 0.166586 0.0128854 0.00973314 0.000409472 0.00201451 0.000391602 0.0775761 0.0738448 0.00943176 0.00289246 0.00186675 0.00539022 0.137328 0.014523 0.00375565 
0.0137576 0.0139231 0.0355761 0.0938543 0.00373546 0.000184156 0.000266677 0.00146403 0.0109428 0.00540682 0.00177254 0.0103085 0.00928777 0.00437785 2.3353e-05 0.520016 0.0682556 0.00291684 0.000835069 7.79804e-05 1.22834e-07 0.0497428 0.0571277 0.0109145 0.000166267 2.64121e-05 0.00273751 0.067931 0.0122811 0.0020904 
0.0271815 0.000736399 0.0661165 0.016997 0.0362625 0.00149743 0.0482318 0.000494882 0.0242407 0.0776772 0.0013976 0.00919869 0.0805069 0.0124093 8.26356e-08 0.396554 0.0113354 0.000925521 0.000751583 0.000138174 4.98419e-09 0.0316018 0.0161039 0.0181981 0.0015346 4.02069e-05 0.00120863 0.106477 0.00749139 0.00469093 
0.036423 0.00760492 0.109444 0.0514396 0.000796725 0.00172224 0.000303831 0.00334159 0.0023719 0.00459228 0.023066 0.0157712 0.00364051 0.0218664 0.0272407 0.295121 0.0260011 0.00502912 1.07016e-05 0.000396504 8.32576e-07 0.0334285 0.0552191 0.00879544 0.00407321 1.10712e-05 0.00156734 0.246932 0.0122801 0.00150786 
0.0109773 0.00297631 0.00449392 0.00195352 0.00515482 0.00064255 0.000108521 0.000247116 0.000828964 0.00558857 0.00946031 0.000534757 0.00164458 0.000925956 0.00329077 0.917494 0.00308457 0.000555331 3.70636e-05 5.81905e-06 1.90819e-06 0.00492921 0.00301359 0.0152304 5.01466e-05 1.66615e-07 0.000536502 0.00611374 0.000117031 2.24534e-06 
0.0271746 0.00282022 0.0934257 0.0138403 0.0303255 0.0144842 0.000571705 0.000447959 0.0111297 0.00297276 0.00153855 0.00241564 0.00275263 0.00261697 1.14317e-05 0.621643 0.00509336 0.00121764 0.00173246 1.05586e-07 3.99862e-06 0.00608624 0.010708 0.0721623 0.000227146 1.34833e-05 0.00237295 0.0403631 0.0160222 0.0158266 
0.00954067 0.00894367 0.338797 0.0285854 0.0146558 0.00105257 0.0190042 4.49442e-05 0.0797718 0.0162449 0.000222631 0.000755449 0.00547842 0.000359171 6.8937e-06 0.342955 0.00136307 7.67561e-05 0.00231158 2.92994e-06 0.000443044 0.0779663 0.00144344 0.000449253 0.00537706 1.59394e-05 0.0025251 0.0208223 0.0206812 0.000103112 
0.0654677 0.00347655 0.0177282 0.0154744 0.00102467 0.000535394 0.000147061 0.00228337 0.000439315 0.00276988 0.00145949 0.045255 0.014754 0.0167131 6.45387e-08 0.523839 0.05299 0.0158201 8.39277e-05 6.69083e-06 7.13648e-07 0.000915133 0.0478659 0.0332346 0.00014766 3.76301e-07 0.00181965 0.120893 0.00332142 0.0115337 
0.0905546 0.113211 0.0333476 0.166132 0.0109281 0.00885323 0.00243135 0.000502561 0.0358745 0.000623072 0.00247067 0.00115693 0.0211943 0.00118475 0.00264978 0.375303 0.00273696 0.000344543 0.0031181 1.5424e-05 5.02033e-05 0.00841364 0.0573763 0.00396877 0.00580991 1.47556e-05 0.00111308 0.0449494 0.00330396 0.00236809 
0.0162939 0.00248118 0.00681694 0.0191407 0.00338626 0.000652166 0.0668708 0.000578502 0.01385 0.000195712 0.00174887 0.00147782 0.000300768 0.0026445 1.06057e-05 0.609477 0.1611 0.00143117 0.0553468 1.34124e-05 2.13323e-06 0.000364162 0.00764237 0.00457191 0.00104864 0.000547873 0.000119963 0.0204509 0.000554539 0.00088032 
0.00187085 0.0204232 0.0549519 0.0107951 0.000747272 0.00125346 2.05787e-06 0.0368923 0.0145461 0.0033834 0.00245053 0.00184824 0.00214354 0.0104281 1.75416e-06 0.41296 0.00630182 0.000730785 8.22312e-06 6.42223e-06 7.52659e-07 0.00122153 0.127268 0.00764402 0.000844047 4.5455e-06 0.0105133 0.267378 0.00107867 0.00230216 
0.0424706 0.00961903 0.140129 0.058969 0.0295548 0.00325227 0.0109241 0.00667583 0.0329306 0.0417197 0.0026922 0.0252035 0.0158582 0.0179172 3.2743e-05 0.207463 0.0318674 0.00465859 0.00747718 0.000152142 0.000115298 0.0320134 0.116306 0.0121856 0.00156226 6.30417e-06 0.00357181 0.131907 0.0086027 0.00416239 
0.0214124 0.0161446 0.0074842 0.0576481 0.00241318 0.00045106 0.0977801 0.00151741 0.00621021 0.00133282 0.00187867 0.00186775 0.0016644 0.0022192 1.46931e-07 0.543046 0.0595353 0.00113406 0.0367711 1.57553e-07 3.74511e-06 0.00156551 0.00937796 0.088548 0.000717644 7.12573e-07 0.000145874 0.0330398 0.00535495 0.000735157 
0.0179634 0.00486794 0.0303022 0.0142649 0.0100761 0.0284522 0.00176465 0.0014714 0.0541208 0.032535 0.00325493 0.00468143 0.00567578 0.00211952 1.76742e-07 0.465127 0.0140396 0.00407238 0.00456721 5.8258e-05 1.35919e-05 0.0064922 0.025416 0.099084 7.69298e-05 6.74352e-06 0.00306587 0.155404 0.0098355 0.00119077 
0.0386476 0.00158555 0.0299452 0.0150348 0.00435524 0.00245285 0.00809325 0.000295617 0.0338563 0.0252301 3.11796e-05 0.000428625 0.00410327 0.000424719 3.08726e-06 0.47688 0.00088415 3.34875e-05 0.00289063 0.00753615 0.0036083 0.120224 0.000708252 0.000458814 0.00414555 3.22496e-05 6.07407e-05 0.0281221 0.18989 3.81475e-05 
0.125161 0.0653361 0.0832773 0.0333819 0.0494996 0.00868695 0.00108461 0.014905 0.0338823 0.0273298 0.0100928 0.0128319 0.0107644 0.00314064 5.24073e-05 0.197222 0.0320457 0.00744794 0.00121327 0.0137892 6.93206e-06 0.0478512 0.0503076 0.0101352 0.000508554 4.35803e-05 0.00610282 0.141247 0.00720385 0.00544802 
0.103716 0.00267925 0.153272 0.0872068 0.0139622 0.0058528 0.0286623 4.21249e-06 0.0388058 0.0133094 6.25693e-05 0.0034608 0.0917843 0.00339711 3.58081e-07 0.234739 0.00235412 0.000150015 0.0382143 0.0280774 0.000618432 0.0141843 0.00537637 0.00208414 0.00108863 2.77559e-05 0.00151924 0.0296414 0.0949004 0.000847926 
0.041856 0.00464219 0.0666965 0.0241378 0.015753 0.010519 0.0019327 0.00150916 0.0123271 0.00716564 0.00245036 0.00878569 0.073797 0.014187 0.000213626 0.311275 0.0234178 0.00222132 0.00167665 2.62554e-05 3.28129e-06 0.02356 0.0249032 0.110875 0.00375686 2.25807e-05 0.00573062 0.137979 0.0537841 0.0147956 
0.0444299 0.00430978 0.015822 0.00530064 0.00484259 0.00314891 0.00031646 0.000590385 0.00701918 0.012332 0.00139469 0.00499976 0.0429355 0.00158448 5.79946e-05 0.552494 0.0623672 0.00142656 0.000172489 7.11858e-05 1.1566e-06 0.0156671 0.00839279 0.0941168 0.000166303 0.0816472 0.000722937 0.0323347 0.000645721 0.000689971 
0.0905546 0.113211 0.0333476 0.166132 0.0109281 0.00885323 0.00243135 0.000502561 0.0358745 0.000623072 0.00247067 0.00115693 0.0211943 0.00118475 0.00264978 0.375303 0.00273696 0.000344543 0.0031181 1.5424e-05 5.02033e-05 0.00841364 0.0573763 0.00396877 0.00580991 1.47556e-05 0.00111308 0.0449494 0.00330396 0.00236809 
0.0185821 0.00745394 0.068971 0.0325039 0.0042945 0.0112347 0.0107134 0.000228817 0.0257013 0.0834809 0.000606607 0.00371177 0.0100428 0.00120646 3.29522e-05 0.40593 0.00251369 0.000558027 0.00702183 0.000113949 0.000506424 0.0235223 0.00743533 0.0497451 0.00273465 5.1651e-05 0.110235 0.0825449 0.0275282 0.00079336 
0.0567112 0.00671361 0.0931103 0.019924 0.0791262 0.00778936 0.00586429 0.0124287 0.0161671 0.000918544 0.00223667 0.00125488 0.0195091 0.00280172 6.98149e-05 0.395698 0.0197076 0.0030969 0.00267894 1.50768e-07 0.000132562 0.0438934 0.0239493 0.0207063 0.00343419 1.48696e-05 0.00255206 0.090084 0.0681609 0.00126545 
0.0169767 0.0302201 0.213999 0.0126259 0.00159261 0.000209271 0.000367874 0.00397271 0.0690171 0.00165153 0.0691951 0.00266662 0.00523684 0.00167214 0.000655955 0.265689 0.0155657 0.00336616 0.000315132 1.11347e-06 1.74271e-05 0.0659561 0.0714349 0.0195393 0.00110583 1.8028e-06 0.00248287 0.093007 0.0277067 0.00375156 
0.000517031 0.00147615 0.395487 0.00251897 0.00238444 8.95162e-06 0.00324695 7.30458e-05 0.00257755 1.089e-05 0.00300789 1.47214e-06 0.0271458 0.000299324 9.15909e-06 0.413285 0.00405073 0.000158035 0.000195435 1.62754e-07 5.31979e-06 0.0647088 2.0067e-05 0.000175564 0.0013868 0.0148259 2.79744e-05 0.00964596 0.0527504 9.21003e-08 
0.0106499 0.00699023 0.0123786 0.0221541 0.00252368 0.00340253 0.000297539 0.00184565 0.0396149 0.00357368 0.0018967 0.00267399 0.00153108 0.00102872 3.55687e-05 0.575604 0.00665761 0.000868826 0.000529706 1.44917e-06 6.24297e-08 0.00220054 0.02056 0.0884264 0.00440455 3.19394e-05 0.0020944 0.0873219 0.0998253 0.000876271 
0.0539338 0.00465957 0.0466686 0.0087904 0.000851192 0.000203353 5.65428e-05 7.04946e-05 0.00149579 0.00832431 2.39939e-05 0.0562607 0.0142571 0.0261943 1.14501e-10 0.296441 0.0134425 0.00274287 0.000103146 8.6712e-06 3.62463e-07 0.0030672 0.232161 0.000774707 2.74974e-08 7.84608e-08 3.86115e-05 0.215985 0.00494301 0.00850055 
0.031216 0.0184945 0.149042 0.0393957 0.0123279 1.11557e-06 0.0885655 1.23804e-07 0.0509734 9.75992e-08 0.00287703 0.0139792 0.00961059 0.00486109 0.00765006 0.307461 0.000921344 0.00399372 0.000531052 1.10079e-06 1.12574e-06 0.185561 0.0237931 0.000277818 1.22499e-06 8.42101e-05 0.0197985 0.0125589 0.013183 0.00283909 
0.0109773 0.00297631 0.00449392 0.00195352 0.00515482 0.00064255 0.000108521 0.000247116 0.000828964 0.00558857 0.00946031 0.000534757 0.00164458 0.000925956 0.00329077 0.917494 0.00308457 0.000555331 3.70636e-05 5.81905e-06 1.90819e-06 0.00492921 0.00301359 0.0152304 5.01466e-05 1.66615e-07 0.000536502 0.00611374 0.000117031 2.24534e-06 
0.02258 0.000594773 0.0230171 0.0149265 0.00385115 0.000689388 0.00034034 0.00608969 0.00491677 0.00106287 0.00259698 0.161074 0.167289 0.0262504 2.49083e-07 0.341035 0.0584066 0.0203849 0.000283312 0.000234069 7.23532e-06 0.00163783 0.0311545 0.0176868 0.000366442 1.67798e-05 0.00125956 0.0857212 0.00223241 0.00429466 
0.0479999 0.00903255 0.0193908 0.017642 2.58911e-05 0.000174474 0.0104149 0.00246693 0.000535216 0.000894125 0.00369851 0.00721217 0.0163857 0.00205862 0.00381252 0.320075 0.0239 0.00605524 0.000102264 2.48086e-07 0.0881673 0.00231743 0.281941 0.0336463 0.000674953 6.23886e-07 0.00104089 0.0842045 0.000519752 0.0156105 
0.0101204 0.0145802 0.0296672 0.0036043 0.0674028 0.0148435 0.000718251 0.00234915 0.0012392 0.00475858 0.179975 0.00622298 0.00280813 0.00784463 0.000408121 0.279292 0.0257247 0.000854363 0.000192987 4.12224e-06 3.56678e-05 0.0469235 0.0166699 0.223911 0.000359938 0.000226094 0.00627779 0.0517944 0.000429761 0.000760684 
0.0163925 0.00251004 0.0408204 0.0112039 0.000488758 8.52725e-05 1.03079e-05 0.00483498 0.00940853 0.0233514 0.0362796 0.00379055 0.00424512 0.00189035 4.68713e-07 0.460335 0.0828715 0.00469737 0.000130001 1.91262e-06 8.10809e-09 0.0447525 0.0239915 0.00658608 0.00256372 0.000139271 0.00147222 0.173513 0.0418954 0.00173803 
0.0336596 0.00662805 0.161745 0.0191669 0.0506244 0.00655853 0.0313878 0.0386591 0.0328956 0.00155124 0.064549 0.00087425 0.00622333 0.00592692 1.65836e-07 0.307612 0.0114445 0.00232782 0.000767907 0.000120691 1.95542e-05 0.0591836 0.0309296 0.003576 0.00101521 2.44235e-05 0.00476165 0.101366 0.0157219 0.000679391 
0.0284465 0.00069178 0.0215693 0.0486153 0.0583233 0.0116516 0.000258645 0.000767648 0.0062275 0.00965023 0.00750265 0.00342364 0.00420164 0.00994693 6.21377e-08 0.454186 0.00662436 0.00380819 0.0177005 6.24424e-05 4.40205e-08 0.0128376 0.0295193 0.0831383 0.000244178 1.33494e-05 0.00434896 0.172148 0.00317656 0.000915011 
0.0109773 0.00297631 0.00449392 0.00195352 0.00515482 0.00064255 0.000108521 0.000247116 0.000828964 0.00558857 0.00946031 0.000534757 0.00164458 0.000925956 0.00329077 0.917494 0.00308457 0.000555331 3.70636e-05 5.81905e-06 1.90819e-06 0.00492921 0.00301359 0.0152304 5.01466e-05 1.66615e-07 0.000536502 0.00611374 0.000117031 2.24534e-06 
0.0769588 0.0509396 0.186419 0.0604087 0.0105446 0.00709479 0.0871415 0.00147819 0.0516614 0.00712122 0.00126826 0.00688675 0.0113258 0.0167962 2.40287e-05 0.217972 0.0417067 0.00151257 0.0125859 0.000175206 4.8091e-05 0.0245002 0.0242988 0.0283837 0.00244535 2.52799e-05 0.00502843 0.0482386 0.0164984 0.000512516 
0.0365955 0.00759217 0.0397655 0.0115473 0.0655937 0.016001 0.000364858 0.00669378 0.0331302 0.0241836 0.0366212 0.00711947 0.00151551 0.00721546 5.32202e-05 0.366829 0.0273573 0.00367126 0.00233737 1.23447e-06 3.37783e-06 0.0586826 0.0644963 0.00971574 0.000690011 5.13461e-06 0.0276048 0.140725 0.00032303 0.00356514 
0.0493034 0.0125097 0.0343865 0.0569191 0.00717735 0.00340625 0.00292664 0.204787 0.0137148 0.00532479 4.61961e-05 0.00239752 0.0221031 0.00665922 0.000436816 0.25113 0.00853388 0.00065476 0.00141624 1.83232e-05 0.000786598 0.0158978 0.112745 0.0205487 0.00408101 2.48662e-05 0.00185667 0.133291 0.0201088 0.00680845 
0.0109773 0.00297631 0.00449392 0.00195352 0.00515482 0.00064255 0.000108521 0.000247116 0.000828964 0.00558857 0.00946031 0.000534757 0.00164458 0.000925956 0.00329077 0.917494 0.00308457 0.000555331 3.70636e-05 5.81905e-06 1.90819e-06 0.00492921 0.00301359 0.0152304 5.01466e-05 1.66615e-07 0.000536502 0.00611374 0.000117031 2.24534e-06 
0.0109773 0.00297631 0.00449392 0.00195352 0.00515482 0.00064255 0.000108521 0.000247116 0.000828964 0.00558857 0.00946031 0.000534757 0.00164458 0.000925956 0.00329077 0.917494 0.00308457 0.000555331 3.70636e-05 5.81905e-06 1.90819e-06 0.00492921 0.00301359 0.0152304 5.01466e-05 1.66615e-07 0.000536502 0.00611374 0.000117031 2.24534e-06 
0.0654677 0.00347655 0.0177282 0.0154744 0.00102467 0.000535394 0.000147061 0.00228337 0.000439315 0.00276988 0.00145949 0.045255 0.014754 0.0167131 6.45387e-08 0.523839 0.05299 0.0158201 8.39277e-05 6.69083e-06 7.13648e-07 0.000915133 0.0478659 0.0332346 0.00014766 3.76301e-07 0.00181965 0.120893 0.00332142 0.0115337 
0.0106499 0.00699023 0.0123786 0.0221541 0.00252368 0.00340253 0.000297539 0.00184565 0.0396149 0.00357368 0.0018967 0.00267399 0.00153108 0.00102872 3.55687e-05 0.575604 0.00665761 0.000868826 0.000529706 1.44917e-06 6.24297e-08 0.00220054 0.02056 0.0884264 0.00440455 3.19394e-05 0.0020944 0.0873219 0.0998253 0.000876271 
0.0162939 0.00248118 0.00681694 0.0191407 0.00338626 0.000652166 0.0668708 0.000578502 0.01385 0.000195712 0.00174887 0.00147782 0.000300768 0.0026445 1.06057e-05 0.609477 0.1611 0.00143117 0.0553468 1.34124e-05 2.13323e-06 0.000364162 0.00764237 0.00457191 0.00104864 0.000547873 0.000119963 0.0204509 0.000554539 0.00088032 
0.0359288 0.00998402 0.0220213 0.0366591 0.00926668 0.000488983 0.0610214 0.00285028 0.0124068 0.00238762 0.00223548 0.00177397 0.00139985 0.00223499 0.000107502 0.516409 0.0365535 0.00180615 0.0255446 2.89906e-07 2.23548e-06 0.00756212 0.0088146 0.111278 0.000456276 1.15565e-05 0.00121578 0.0619904 0.026316 0.00127288 
0.103716 0.00267925 0.153272 0.0872068 0.0139622 0.0058528 0.0286623 4.21249e-06 0.0388058 0.0133094 6.25693e-05 0.0034608 0.0917843 0.00339711 3.58081e-07 0.234739 0.00235412 0.000150015 0.0382143 0.0280774 0.000618432 0.0141843 0.00537637 0.00208414 0.00108863 2.77559e-05 0.00151924 0.0296414 0.0949004 0.000847926 
0.0176632 0.000577695 0.0196869 0.00216898 0.0165543 0.0112979 0.0028199 0.0099935 0.00501084 0.0108565 0.00377803 0.00670837 0.0013177 0.00491938 6.00295e-06 0.592235 0.00791296 0.00137436 0.00027011 1.43571e-05 0.000110425 0.042292 0.0405925 0.00473005 0.00521611 1.82478e-05 0.00402764 0.17318 0.013615 0.00105208 
0.0895422 0.0265102 0.0961381 0.014884 0.0322159 0.00872099 0.00744326 0.00430802 0.0194889 0.0167 0.0201444 0.00477598 0.0243406 0.0241604 0.000196556 0.249961 0.0155958 0.00403875 0.00160556 0.00744254 2.20961e-06 0.096325 0.0227819 0.00987549 0.00564598 4.60607e-05 0.00343055 0.18338 0.00876898 0.00153091 
0.0271746 0.00282022 0.0934257 0.0138403 0.0303255 0.0144842 0.000571705 0.000447959 0.0111297 0.00297276 0.00153855 0.00241564 0.00275263 0.00261697 1.14317e-05 0.621643 0.00509336 0.00121764 0.00173246 1.05586e-07 3.99862e-06 0.00608624 0.010708 0.0721623 0.000227146 1.34833e-05 0.00237295 0.0403631 0.0160222 0.0158266 
0.056845 0.012563 0.194492 0.0168986 0.0118842 0.00133966 0.0226515 0.0210773 0.023496 0.0297227 0.00206459 0.0247771 0.00650443 0.0102748 5.35539e-05 0.351891 0.00416959 0.000527414 0.000402299 1.56768e-05 0.000113948 0.0638639 0.0569087 0.00223883 0.0070647 1.37282e-06 0.00146957 0.0741324 0.00230924 0.000246611 
0.0587562 0.00990265 0.0174306 0.0922846 0.00158868 0.00129165 0.00155219 0.00651081 0.00628683 0.00587292 0.0128815 0.0041011 0.0176416 0.0368594 2.86796e-05 0.285026 0.0428443 0.00391527 0.000192608 3.43636e-06 4.15296e-08 0.00062779 0.0615247 0.0538177 0.00167712 6.47971e-06 0.0010769 0.262104 0.00405233 0.0101419 
0.0982238 0.0530949 0.0201605 0.0325848 0.00404977 0.000551201 0.00031221 0.00339391 0.0181845 0.000800648 0.00627223 0.00819648 0.0124625 0.00757075 0.000868214 0.446561 0.0359299 0.00330348 5.5611e-06 4.98176e-07 4.85866e-08 0.140992 0.0457463 0.0041579 0.000876813 1.32321e-07 0.000687341 0.0510746 0.00316417 0.000773259 
0.0379606 0.00884303 0.0127208 0.00463803 8.86285e-05 0.000511329 1.59279e-05 0.0265163 0.000351785 0.00179674 0.0395133 0.00403594 0.00112822 0.0199362 2.52537e-06 0.425447 0.157032 0.00544964 1.42535e-05 0.00110331 3.13063e-06 0.033188 0.010859 0.0270996 0.000136874 2.79705e-07 0.00271415 0.170064 0.0018642 0.00696584 
0.0109773 0.00297631 0.00449392 0.00195352 0.00515482 0.00064255 0.000108521 0.000247116 0.000828964 0.00558857 0.00946031 0.000534757 0.00164458 0.000925956 0.00329077 0.917494 0.00308457 0.000555331 3.70636e-05 5.81905e-06 1.90819e-06 0.00492921 0.00301359 0.0152304 5.01466e-05 1.66615e-07 0.000536502 0.00611374 0.000117031 2.24534e-06 
0.0262163 0.00584186 0.0150167 0.0174465 0.00409996 0.00095122 0.00244527 0.000852846 0.00873082 0.131673 0.00291926 0.000714622 0.0552579 0.00509805 5.18858e-08 0.475991 0.0307824 0.00213834 0.000294227 7.71339e-05 3.44645e-07 0.00340521 0.0590805 0.0253564 0.000427494 7.36761e-06 0.000465226 0.110879 0.00292143 0.0109088 
0.0265975 0.0386786 0.024734 0.067606 0.00027901 0.000124307 0.00165686 0.00835818 0.000938432 0.000639836 0.00329933 0.00155143 0.0143607 0.000851523 1.9122e-05 0.596225 0.0360518 0.00223888 1.9511e-05 3.24949e-05 0.000193313 0.000175191 0.031764 0.00688336 0.00101637 9.68294e-07 0.000252768 0.133645 0.000194626 0.00161156 
0.0417758 0.0378773 0.0588197 0.0170704 0.0156759 0.0316441 0.00631962 0.0206113 0.00714835 0.0837037 0.019899 0.00365194 0.00317544 0.00361446 1.1534e-06 0.311663 0.0150754 0.00183444 0.000467381 2.36441e-05 8.68858e-07 0.0247242 0.0449899 0.0119068 0.000802653 0.000460445 0.00313243 0.155546 0.0733704 0.0050138 
0.0872276 0.036839 0.0454209 0.0444043 0.00237887 0.00261432 0.0347529 0.00167501 0.114377 0.0590781 0.000653978 0.00416678 0.00301408 0.00204574 4.83813e-05 0.333089 0.0100382 0.000814407 0.00137704 4.45584e-05 0.000235497 0.0729972 0.015624 0.0142528 0.0129145 0.000626466 0.0176906 0.0785133 0.00188888 0.00119679 
0.114902 0.0317607 0.100432 0.116968 0.00760066 0.0169067 0.0198498 0.000763323 0.0189834 0.0342482 0.00293636 0.00505208 0.0114283 0.00331353 4.16105e-05 0.184477 0.0387439 0.00236928 0.00821053 6.07497e-05 9.3115e-07 0.0232092 0.0853518 0.0352658 0.00141789 8.33541e-06 0.0159785 0.0784208 0.0349054 0.00639184 
0.0864781 0.0519634 0.0365081 0.046529 0.00314206 0.000161731 0.00384099 0.00511025 0.0025834 0.0157075 0.00775205 0.00823217 0.0193679 0.0142229 8.23562e-05 0.266381 0.0170284 0.00687949 0.000434757 0.00463353 0.0271767 0.0773963 0.0990742 0.0421518 0.00132284 9.88084e-08 0.000845868 0.148459 0.00430877 0.00222466 
0.0469 0.0424908 0.0076016 0.0954743 0.000386412 0.000242311 0.000100146 0.00126599 0.00619844 0.000998882 0.000828912 0.00554056 0.0206082 0.00332696 0.00689562 0.399502 0.0123004 0.00102344 5.03422e-05 3.88545e-07 1.96312e-05 0.00197267 0.164132 0.104352 0.00274009 4.48475e-07 0.000231462 0.0725502 4.08545e-05 0.00222469 
0.0567112 0.00671361 0.0931103 0.019924 0.0791262 0.00778936 0.00586429 0.0124287 0.0161671 0.000918544 0.00223667 0.00125488 0.0195091 0.00280172 6.98149e-05 0.395698 0.0197076 0.0030969 0.00267894 1.50768e-07 0.000132562 0.0438934 0.0239493 0.0207063 0.00343419 1.48696e-05 0.00255206 0.090084 0.0681609 0.00126545 
0.0271746 0.00282022 0.0934257 0.0138403 0.0303255 0.0144842 0.000571705 0.000447959 0.0111297 0.00297276 0.00153855 0.00241564 0.00275263 0.00261697 1.14317e-05 0.621643 0.00509336 0.00121764 0.00173246 1.05586e-07 3.99862e-06 0.00608624 0.010708 0.0721623 0.000227146 1.34833e-05 0.00237295 0.0403631 0.0160222 0.0158266 
0.0205846 0.00801979 0.00314028 0.00533634 0.000417582 0.00103122 3.44771e-05 0.00181836 0.00679671 0.0223613 0.00767458 0.00611169 0.00695601 0.00509544 0.00407695 0.679222 0.0181655 0.00415347 0.000263178 3.43347e-07 1.82608e-06 0.00408757 0.0241923 0.132946 0.00241923 3.44145e-07 0.00266452 0.0244111 0.00434862 0.00366842 
0.00816741 0.0512017 0.025201 0.107179 0.00219175 0.000256812 0.00598663 0.000596861 0.0412367 0.0333475 0.000384153 0.0896665 0.0023211 0.000902475 5.19376e-08 0.343728 0.014308 0.000137948 0.0012794 5.1168e-08 1.92626e-10 0.0014875 0.158589 0.00112341 0.00885037 9.17171e-06 0.000361809 0.0838191 0.0155779 0.00208929 
0.00155141 0.00456573 0.0580281 0.00731029 0.0151722 0.00665097 0.00268237 0.0014869 0.0117396 0.00792259 0.00265279 0.00793355 0.00191665 0.0214485 2.50953e-05 0.464381 0.0214651 0.00249119 0.00319272 4.79469e-05 6.93083e-06 0.0235843 0.0459194 0.115017 0.00014268 5.92609e-06 0.0628413 0.103449 0.00564134 0.000728042 
0.00255808 8.37535e-05 0.0220704 0.00351557 0.0236441 0.000796022 0.0365048 0.000165429 0.00932504 0.0104335 0.000347271 3.33998e-05 0.00517301 5.87342e-05 1.73892e-10 0.520423 0.295251 0.000629302 8.87968e-06 5.84256e-09 3.60781e-08 0.00927431 0.016024 0.00806497 8.21077e-10 6.4244e-08 2.20331e-05 0.0345821 0.000939757 7.21096e-05 
0.0282768 0.000760874 0.0487186 0.0195212 0.0275387 0.0405538 0.000122832 0.00197194 0.0188941 0.00876907 0.000507185 0.0114334 0.0323294 0.00623572 5.38825e-11 0.528397 0.0165248 0.0345938 0.0192378 0.0164372 1.95206e-07 0.0033044 0.0264663 0.00059869 3.28437e-05 2.34384e-05 0.00241552 0.0979819 0.00717194 0.00118063 
0.00954067 0.00894367 0.338797 0.0285854 0.0146558 0.00105257 0.0190042 4.49442e-05 0.0797718 0.0162449 0.000222631 0.000755449 0.00547842 0.000359171 6.8937e-06 0.342955 0.00136307 7.67561e-05 0.00231158 2.92994e-06 0.000443044 0.0779663 0.00144344 0.000449253 0.00537706 1.59394e-05 0.0025251 0.0208223 0.0206812 0.000103112 
0.0567112 0.00671361 0.0931103 0.019924 0.0791262 0.00778936 0.00586429 0.0124287 0.0161671 0.000918544 0.00223667 0.00125488 0.0195091 0.00280172 6.98149e-05 0.395698 0.0197076 0.0030969 0.00267894 1.50768e-07 0.000132562 0.0438934 0.0239493 0.0207063 0.00343419 1.48696e-05 0.00255206 0.090084 0.0681609 0.00126545 
0.00182059 0.00435841 0.111001 7.59232e-05 0.00488267 0.00243822 0.000414204 7.19192e-06 0.0415232 0.000138251 9.30269e-05 0.0737622 0.00215108 0.0110884 6.174e-05 0.700216 0.00146138 0.000101713 0.000742364 3.1412e-05 4.74568e-07 0.0083205 0.00847974 7.73987e-08 0.00323975 0.00112501 0.000177446 0.00135344 0.020764 0.000169826 
0.0452146 0.00946089 0.0615825 0.0231673 0.00643992 0.00105542 0.00426498 0.00598617 0.00957955 0.101993 0.00152747 0.0025047 0.00443571 0.00489136 4.95513e-05 0.393898 0.0194539 0.00229267 0.00167945 7.56601e-05 2.08125e-05 0.00729728 0.050974 0.043356 0.000649995 1.92888e-05 0.000561176 0.105486 0.0189141 0.073169 
0.0949105 0.0208572 0.073723 0.0101507 0.0110135 0.00483838 0.000130059 0.0599922 0.00122792 0.00613239 0.020662 0.00192918 0.0125033 0.000749748 1.09577e-07 0.306861 0.00820409 0.000827115 7.25012e-05 1.005e-06 1.75628e-05 0.0422026 0.0230702 0.142087 0.00266086 4.1296e-06 0.000484297 0.130033 0.0237615 0.000892845 
0.0457703 0.00514402 0.0271667 0.0953001 0.00115431 0.000693943 0.0002863 0.000562873 0.00265757 0.099249 0.0033538 0.00308506 0.024055 0.00250439 0.000719877 0.308801 0.0201134 0.00306968 0.000358855 2.09598e-07 0.024613 0.0223211 0.266076 0.00532125 0.000710774 3.98485e-08 0.00121564 0.0335281 0.000534321 0.00163304 
0.0109773 0.00297631 0.00449392 0.00195352 0.00515482 0.00064255 0.000108521 0.000247116 0.000828964 0.00558857 0.00946031 0.000534757 0.00164458 0.000925956 0.00329077 0.917494 0.00308457 0.000555331 3.70636e-05 5.81905e-06 1.90819e-06 0.00492921 0.00301359 0.0152304 5.01466e-05 1.66615e-07 0.000536502 0.00611374 0.000117031 2.24534e-06 
0.031573 0.0110175 0.0244489 0.0551561 0.00372311 0.000604052 0.000990107 0.00814009 0.00551898 0.000794641 0.00964091 0.00194412 0.00524049 0.00337477 7.36456e-06 0.699649 0.0193087 0.00251818 0.000379916 3.99873e-05 1.83476e-06 0.0293866 0.0351193 0.00229799 0.00167822 3.64337e-05 0.00375838 0.0406668 0.000376747 0.00260771 
0.088306 0.0242175 0.097939 0.0332537 0.0128395 0.00585979 0.00174577 0.000808357 0.0160252 0.0124309 0.00607648 0.0212488 0.0104997 0.00776473 0.0122728 0.522095 0.00716883 0.000973987 0.0012179 0.00165248 6.4255e-05 0.020548 0.0263746 0.0109014 0.00179934 5.60499e-05 0.00218763 0.0445114 0.00802089 0.00114017 
0.0321818 0.00542911 0.0140262 0.0194848 0.00435142 0.00105006 0.00159669 0.00262427 0.0109113 0.0906335 0.00477472 0.00170829 0.0342924 0.00564027 5.00387e-06 0.427047 0.123036 0.00327655 0.000286362 0.00116287 2.09057e-07 0.00243385 0.0548738 0.0353195 0.00044892 0.000359814 0.000722536 0.108704 0.00198891 0.0116294 
0.0452146 0.00946089 0.0615825 0.0231673 0.00643992 0.00105542 0.00426498 0.00598617 0.00957955 0.101993 0.00152747 0.0025047 0.00443571 0.00489136 4.95513e-05 0.393898 0.0194539 0.00229267 0.00167945 7.56601e-05 2.08125e-05 0.00729728 0.050974 0.043356 0.000649995 1.92888e-05 0.000561176 0.105486 0.0189141 0.073169 
0.0299042 0.00514145 0.0561273 0.0291654 0.00141578 0.00148448 0.0132938 0.000564209 0.0579773 0.00487765 0.000559231 0.00865007 0.0276903 0.00646977 0.0362523 0.465375 0.00622507 0.000158155 0.000846672 0.000212608 0.126734 0.0300438 0.0453717 0.00314036 0.00627375 1.73662e-05 0.000114802 0.0334353 0.00197397 0.000503444 
0.0627866 0.0179559 0.0698062 0.0247721 0.0149344 0.00175299 0.00582918 0.0054504 0.0368692 0.0591107 0.00302955 0.00545319 0.00646504 0.0208882 5.38006e-05 0.305165 0.0168993 0.00331942 0.00129955 0.000100078 1.85254e-05 0.0269401 0.038327 0.0299715 0.000892879 3.09114e-05 0.00147804 0.166689 0.0286111 0.0451003 
0.0411883 0.0034056 0.0482073 0.0153582 0.00749014 0.00149665 0.00260863 0.00126988 0.00701284 0.000796804 0.0200776 0.0248098 0.0068123 0.0192167 2.65919e-05 0.500546 0.120716 0.00670558 9.83643e-05 2.17969e-05 4.88104e-06 0.0197474 0.0346298 0.00465387 0.000582019 0.00498859 0.00282996 0.102636 0.000319197 0.00174348 
0.0806609 0.0546076 0.0826349 0.050714 0.00241392 0.00427794 0.00162445 0.00129697 0.0260822 0.0141472 0.00615344 0.0396918 0.00308419 0.00953067 6.10063e-05 0.22651 0.0227681 0.0226051 0.0123308 2.0966e-05 2.65627e-05 0.0423531 0.0488862 0.0950471 0.0145115 0.00178353 0.0358567 0.0595163 0.0388066 0.00199605 
0.0471289 0.0358408 0.0665828 0.0227483 0.00119806 0.00011423 0.00322975 0.116747 0.00167462 0.000393535 0.00241122 0.0095597 0.0144733 0.00946993 0.000752384 0.236297 0.00499259 0.00144821 0.000200077 3.33264e-05 0.00216442 0.00929358 0.136953 0.104905 0.00612306 2.28078e-05 0.000551542 0.127336 0.0356635 0.0016909 
0.0249815 0.0280379 0.239131 0.0436392 0.0192157 0.00164092 0.0138525 0.00050949 0.0221739 0.00429139 0.00106014 0.0312012 0.0032726 0.000709607 2.54798e-05 0.316302 0.013481 0.00664772 0.0362557 3.77048e-05 3.67828e-07 0.0453646 0.030121 0.0396183 0.0116738 0.000109426 0.00814275 0.02652 0.0314037 0.000579209 
0.013614 0.00528679 0.0498629 0.00271056 0.0230652 0.00354257 0.000742027 0.00191194 0.00792334 0.00180713 0.012046 0.0249 0.0142055 0.0210593 3.53925e-06 0.662191 0.0141086 0.0049638 0.000404869 0.00131642 4.83366e-07 0.0401726 0.040757 0.00225868 0.000550339 0.000166868 0.00300647 0.0444653 9.53668e-05 0.0028613 
0.0243176 0.00699356 0.126856 0.00292335 0.0149701 0.00616435 0.00620147 5.92038e-06 0.0109758 0.00363363 0.000196674 0.00326912 0.010713 8.25299e-05 0.000233604 0.576967 0.0364541 0.00378539 0.000959467 0.000167729 0.00452592 0.0428973 0.0619642 0.0113834 0.000828218 0.000407462 0.00271911 0.035098 0.00309051 0.00121524 
0.0106499 0.00699023 0.0123786 0.0221541 0.00252368 0.00340253 0.000297539 0.00184565 0.0396149 0.00357368 0.0018967 0.00267399 0.00153108 0.00102872 3.55687e-05 0.575604 0.00665761 0.000868826 0.000529706 1.44917e-06 6.24297e-08 0.00220054 0.02056 0.0884264 0.00440455 3.19394e-05 0.0020944 0.0873219 0.0998253 0.000876271 
0.0717659 0.0107897 0.131648 0.0739383 0.0133507 0.00779367 0.00861137 0.00117793 0.0257092 0.0175519 0.00451237 0.00785523 0.0337435 0.0130702 9.17143e-05 0.153656 0.116149 0.00844888 0.0115777 0.00192131 0.0010473 0.0273739 0.0316927 0.0316158 0.0122706 0.000108575 0.00580798 0.138681 0.0317952 0.00624488 
0.0578303 0.00198947 0.225828 0.047042 0.00116058 0.0164763 0.0237262 0.00375137 0.0196527 0.00135681 0.0047768 0.00834118 0.0151493 0.0136086 0.000115713 0.287354 0.0230258 0.00383844 0.00222447 0.000248785 4.67338e-05 0.00758812 0.0760086 0.0133403 0.0122754 3.65144e-06 0.0458788 0.07804 0.0057826 0.003539 
0.0411883 0.0034056 0.0482073 0.0153582 0.00749014 0.00149665 0.00260863 0.00126988 0.00701284 0.000796804 0.0200776 0.0248098 0.0068123 0.0192167 2.65919e-05 0.500546 0.120716 0.00670558 9.83643e-05 2.17969e-05 4.88104e-06 0.0197474 0.0346298 0.00465387 0.000582019 0.00498859 0.00282996 0.102636 0.000319197 0.00174348 
0.0451575 0.0322505 0.0624389 0.00674835 0.000768523 0.000384555 0.0162888 0.00172604 0.0198515 0.00275544 0.00279066 0.00272367 0.0161898 0.0018271 1.67931e-05 0.457467 0.00864324 0.0022164 0.000765055 6.33948e-05 2.71412e-05 0.0773409 0.0471443 0.0253982 0.0244253 0.000331505 0.000350223 0.110409 0.0328669 0.000633082 
0.0247175 0.0177134 0.0961496 0.099908 0.00886473 0.0100953 0.00907654 0.00263767 0.0134383 0.0175028 0.000462379 0.00748172 0.085442 0.00398094 2.29002e-06 0.176211 0.00105837 0.000281522 0.00293899 0.000188983 0.000202169 0.0999599 0.0786003 0.0633771 0.0141224 0.000232242 0.0069827 0.121727 0.0329739 0.00367014 
0.0138466 0.00657913 0.016557 0.00586841 0.00680873 0.00128028 0.000168508 0.00145791 0.0042437 0.0104353 0.00764311 0.00962962 0.00367376 0.00273296 0.00196945 0.710724 0.0656232 0.00222786 0.000110719 5.07958e-06 8.29079e-07 0.0152232 0.0220712 0.039168 0.000194203 9.31027e-05 0.000736731 0.0343506 0.0143977 0.00217908 
0.0488431 0.0120829 0.0501009 0.0546205 0.0359426 0.100853 0.00438154 0.000749503 0.0428663 0.00606156 0.00606501 0.00406192 0.0063699 0.00290607 0.00124333 0.375272 0.0133978 0.000593726 0.155403 0.000252495 8.99093e-05 0.0174614 0.00500638 0.00702699 0.00182351 4.67883e-05 0.014544 0.0183276 0.0134375 0.000169341 
0.0358654 0.0147818 0.143875 0.0206931 0.000949794 0.000197354 0.00195041 0.00202908 0.00871388 0.00552815 0.00570289 0.00448117 0.00654017 0.00873912 5.81735e-07 0.292024 0.0168266 0.00166752 0.00026919 1.15352e-05 9.03423e-06 0.118159 0.0308349 0.00644213 0.000526506 3.24978e-06 0.000727412 0.178508 0.0805413 0.0134009 
