0.0720545 0.0345018 0.21912 0.0666994 0.036784 0.094152 0.00796191 0.000189129 0.151852 0.00389325 0.000278538 0.00545222 0.0224238 0.0179266 1.98704e-05 0.00369327 0.00380206 0.00041992 0.0173046 0.000220447 0.000539846 0.0328315 0.0281552 0.022436 0.00372302 0.00036618 0.0950438 0.0480146 0.00747856 0.00266126 
0.0877392 0.155537 0.182259 0.103009 0.00911796 0.00781953 0.00752017 0.000205166 0.0116635 7.03923e-06 0.000192104 0.00808341 0.0309857 0.0388069 3.60853e-05 0.00153035 0.000190758 0.000182672 0.00316251 0.00154474 0.000265336 0.124551 0.050382 4.93304e-05 0.109568 6.28387e-06 0.00188435 0.0358777 0.0201273 0.00769703 
0.11313 0.0170097 0.253589 0.0513589 0.0407645 0.022871 0.0195805 0.00510105 0.0844105 0.00131639 0.00262376 0.00667685 0.0476406 0.0101283 0.0323755 0.0230089 0.00572802 0.00136636 0.0106696 0.000425228 0.000314293 0.0802751 0.0236521 0.00623374 0.00414698 0.000316197 0.00506405 0.0858907 0.0380995 0.00623251 
0.133513 0.00637477 0.290158 0.0578821 0.0116794 0.035835 0.00391568 0.00112555 0.113881 0.000813344 0.00285446 0.016364 0.0440198 0.0198994 3.56377e-05 0.0131252 0.0232479 0.00904546 0.00212408 2.12939e-06 2.13048e-06 0.0305067 0.0101998 0.00236546 0.0227589 0.00302019 0.0894398 0.0451998 0.00714375 0.00346744 
0.0450836 0.00266515 0.38721 0.0762837 0.00393826 0.00109635 0.00149478 0.00182272 0.0166945 5.99427e-05 4.56522e-05 0.00250842 0.160145 0.00416025 2.17198e-05 0.0103636 0.00149061 0.000278276 0.00681901 0.00332308 0.176735 0.0440858 0.00566341 0.000209166 0.000576601 0.00192943 0.00172314 0.0331502 0.00991008 0.000513004 
0.0562114 0.00694408 0.504913 0.0116404 0.0401819 0.0561931 0.0103321 3.42908e-05 0.0864641 1.09042e-05 2.68106e-05 8.89175e-05 0.00136841 0.000935472 1.13485e-06 0.0188207 9.62614e-05 9.72452e-05 0.00626221 0.000307136 6.91261e-05 0.0250118 5.46753e-05 1.00716e-05 0.000964266 0.00039986 0.0765175 0.0315219 0.0644778 4.38138e-05 
0.119313 0.010367 0.28969 0.0674859 0.0450632 0.04147 0.0164727 0.000130208 0.0851406 0.000868388 0.000524652 0.00376997 0.0127437 0.0108222 0.00017515 0.0108389 0.000386541 4.57649e-05 0.00603511 0.00353587 0.00021584 0.0955543 0.00509998 0.000106421 0.00257687 0.000862852 0.020353 0.0418932 0.108021 0.000437472 
0.0319808 5.33775e-08 0.439612 0.0604755 0.00263383 0.00481688 7.39332e-05 2.11296e-05 0.0660304 0.00825901 0.00119586 0.000137188 0.018711 0.0143245 2.66722e-07 0.0739688 0.040815 0.016277 0.00642125 3.54804e-08 6.503e-07 0.0998975 0.0153804 0.00207472 2.16521e-07 2.04935e-05 7.72406e-05 0.0545213 0.0417857 0.000487283 
0.193182 0.024015 0.276683 0.154332 0.0176535 0.0135165 0.00342079 0.000122586 0.0758849 0.0547717 0.000158154 0.0280907 0.00908843 0.011243 6.06155e-05 0.00136115 0.00399005 0.000427333 0.00742266 6.05936e-06 0.000123003 0.00297954 0.0515791 0.00143455 0.001879 0.000111145 0.018021 0.0425229 0.00492126 0.000997935 
0.053563 0.00733746 0.344223 0.314692 0.00547191 0.00281657 0.00227977 0.00510747 0.0131832 0.00186324 0.00262457 0.0134587 0.000768486 0.000956022 2.30687e-06 0.0204202 0.0735205 0.0039638 0.02849 3.53205e-06 5.82634e-08 0.00126824 0.0171816 0.00589727 0.00785635 1.24382e-05 0.00610184 0.0542005 0.0102627 0.00247408 
0.0411736 0.0270719 0.439012 0.052821 0.0158984 0.0143179 0.0144903 0.00507301 0.0267575 4.31477e-05 0.00113184 0.00225172 0.00313288 0.0115422 1.30891e-05 0.00357567 0.00125757 0.00125195 0.00572074 7.02018e-05 0.000200049 0.209079 0.0330316 0.000193016 0.00534524 0.000210981 0.00454758 0.0510507 0.0293672 0.000367622 
0.139258 0.0656288 0.283652 0.0811615 0.0235077 0.0151089 0.00880878 6.35329e-06 0.0384931 1.4898e-05 0.0286787 0.014783 0.00137346 0.00590461 1.00675e-06 0.0877619 0.00188258 0.000349415 0.00984536 1.30309e-05 0.000182744 0.136605 0.00680579 7.23674e-05 0.00526007 1.2304e-05 0.0122048 0.0249868 0.00752957 0.000107001 
0.118385 0.00430771 0.246804 0.041339 0.187017 0.0130562 0.0120887 7.4212e-05 0.146075 0.000237122 0.00413948 0.00179586 0.00409702 0.00125749 8.83771e-05 0.00710291 0.000942229 0.000144544 0.00558098 2.29184e-06 2.49504e-05 0.0618874 0.00222448 4.51908e-05 0.0047487 4.51734e-05 0.0158298 0.0536114 0.0670009 4.63632e-05 
0.171519 0.0323037 0.325607 0.0770744 0.0541392 0.0127454 0.0187539 0.000266933 0.05071 0.000379344 0.00677565 0.00730132 0.00880857 0.0117341 4.29212e-05 0.00951365 0.00478603 0.00342142 0.0102523 5.60508e-05 8.84962e-05 0.0775736 0.0153479 0.000698336 0.00404331 9.98951e-05 0.00622293 0.0590807 0.0285437 0.00210966 
0.00164364 0.000140323 0.825681 0.0063017 0.0226217 0.00362613 0.00412416 4.42398e-08 0.0936844 2.56729e-05 1.62841e-08 0.000138778 0.000184725 3.43926e-08 0.000386134 0.000293102 1.34991e-05 3.06153e-05 0.00118925 1.18984e-10 5.63616e-08 0.00571261 0.0132044 9.21807e-07 0.00452106 2.9651e-06 0.014666 0.00125854 3.52365e-06 0.000545387 
0.165822 0.0137186 0.213727 0.0252249 0.045465 0.016406 0.0330739 2.09317e-05 0.0248908 0.000368518 0.00278897 0.000631934 0.0256099 0.0018486 1.3266e-07 0.00388807 0.000167825 0.000177008 0.00937303 0.000305095 0.00151948 0.143188 0.0125677 1.27751e-05 0.000281943 8.1174e-06 0.00801715 0.145563 0.105233 0.000100198 
0.135591 0.00810551 0.165283 0.0658302 0.0324156 0.00244759 0.0165075 1.28525e-05 0.10981 6.42156e-05 0.00286466 0.000656854 0.045382 0.00235098 0.0117717 0.0334866 0.00991121 0.0487933 0.0639083 0.000119455 0.000594266 0.137186 0.0207942 2.08016e-05 0.00168846 2.45268e-06 0.000330931 0.0367582 0.0454627 0.00184827 
0.11025 0.00999946 0.319335 0.0743403 0.00956374 0.0331398 0.00464108 0.000298218 0.134117 0.0012985 0.0155616 0.013564 0.0109188 0.0248218 3.71483e-05 0.00326756 0.00214465 0.000526185 0.066723 0.000106459 2.09611e-05 0.00601186 0.0171931 0.000609738 0.0238547 9.5779e-06 0.0390052 0.0660726 0.0108512 0.00171612 
0.170342 0.0329133 0.186873 0.147686 0.0196838 0.010614 0.00893683 0.000901467 0.0370562 0.00425421 0.000336906 0.010302 0.0502415 0.133778 0.000576675 0.00570715 0.00829706 0.000801843 0.00299306 0.000294268 0.000175544 0.0150371 0.0211603 0.00231507 0.00823534 0.000356091 0.00286202 0.0734826 0.0429854 0.000800573 
0.0117152 0.108179 0.277055 0.0297901 0.0202615 0.0137203 0.00830475 0.00322884 0.0457569 0.1175 0.00509647 0.00582212 0.00292578 0.0059614 2.17218e-07 0.0463247 0.000302087 0.000302672 0.00255613 0.000391674 0.000305312 0.236749 0.0119078 0.00172402 0.00346034 4.44119e-05 0.0127414 0.0218649 0.00507055 0.000936843 
0.0366095 0.0182129 0.413149 0.0192937 0.00205531 3.57514e-08 0.0176576 2.01174e-08 0.0166374 0.0712627 1.09352e-07 0.00279347 0.00693408 0.00525708 6.69291e-07 0.0327114 0.0132621 0.00112685 0.000400031 6.68151e-05 2.81402e-07 0.246726 0.040392 0.000892072 0.0102213 9.74925e-08 0.00260094 0.0256123 0.016124 9.31231e-11 
0.138791 0.00528142 0.314098 0.0480412 0.00466497 0.000598551 0.00640698 4.94726e-05 0.0315943 0.00104725 0.000319271 0.0243428 0.178477 0.00800788 2.60439e-05 0.00382156 0.0114253 0.00358054 0.00189874 0.000253363 0.00392533 0.0926435 0.0501146 0.000722314 0.00294785 0.000265442 0.00203458 0.0557079 0.00782433 0.00108837 
0.0204413 0.0186694 0.416214 0.0459266 0.0152384 0.00171302 0.0248852 1.3421e-05 0.101934 0.000394296 0.000269831 0.00206344 0.00558599 0.00633943 2.02826e-07 0.0019379 0.00363243 0.000179448 0.0462836 9.91434e-05 5.5006e-05 0.199183 0.00135298 0.000159746 0.00736366 3.73647e-06 0.00164556 0.0170074 0.0613862 2.13983e-05 
0.139905 0.0361665 0.250777 0.236501 0.00982238 0.0155034 0.00816358 2.1041e-05 0.0496488 0.000258281 0.00104483 0.0448427 0.00982039 0.00676321 8.15244e-07 0.000230525 0.000179636 3.83139e-05 0.00736738 1.2648e-05 8.75196e-08 0.00630889 0.0389324 3.3885e-05 0.0102777 3.50333e-05 0.00853833 0.0162453 0.102409 0.000151456 
0.0258748 0.00165972 0.561862 0.0465098 0.0120706 7.70183e-05 0.0222937 5.57598e-05 0.0211469 0.000493835 1.49976e-05 0.000310024 0.0219336 0.00471278 3.91414e-05 0.00343099 0.00937183 3.72414e-05 0.0107795 7.63698e-05 0.0023778 0.134874 0.0430295 1.5864e-05 0.00038415 1.05481e-05 0.00441876 0.0236352 0.0484311 7.24871e-05 
0.110224 0.0128045 0.35377 0.0790919 0.0154112 0.00132394 0.0127053 2.97308e-05 0.0617355 9.04238e-05 0.00130948 0.0106811 0.0531794 0.029732 4.95119e-08 0.00466595 0.000309925 0.000318078 0.00322878 0.000182939 0.000424774 0.132848 0.011737 5.9324e-05 0.000567168 0.00114372 0.000767464 0.0406334 0.0609661 5.86355e-05 
0.127043 0.0949225 0.236386 0.0486759 0.00545181 0.00491894 0.00993272 4.14334e-06 0.0293094 0.000429406 0.00108884 0.00318661 0.0290303 0.016155 4.35351e-07 0.000939579 0.000459672 8.46687e-06 0.0109277 0.000177894 2.47739e-05 0.0940981 0.00569334 1.82955e-05 0.00831762 1.26634e-05 0.00287529 0.193733 0.0761281 4.94384e-05 
0.077498 0.021751 0.15396 0.0645131 0.0193189 0.0211461 0.00604649 0.0176623 0.0325912 0.000601995 0.012193 0.00557937 0.0983668 0.033875 0.000129146 0.0395807 0.00938916 0.0345622 0.00172462 6.11972e-05 0.000311106 0.134184 0.0299094 0.00184401 0.0023979 0.000221752 0.0233945 0.144817 0.0111868 0.00118391 
0.101771 0.0245809 0.189599 0.0566999 0.021013 0.0413219 0.0215557 3.93024e-05 0.159093 0.0069821 8.68782e-05 0.0125625 0.0531269 0.00949044 2.26978e-05 0.00064619 0.0008207 0.000546289 0.00510665 3.56556e-05 0.00129509 0.0203055 0.00857417 0.000111092 0.0173107 0.00117175 0.011604 0.0539352 0.180225 0.000366615 
0.0526771 0.0086635 0.460939 0.0111647 0.0632315 0.0153796 0.0112533 9.5956e-05 0.105898 0.000469878 0.000654881 0.00321939 0.00689987 0.000924652 1.59215e-07 0.00682115 0.000163818 0.000244988 0.00398272 2.50831e-06 1.25087e-05 0.0955466 0.00977185 0.000101377 0.00280831 0.000433237 0.0225795 0.0751342 0.0408179 0.000106984 
0.0467577 0.00664276 0.427223 0.358078 0.00905703 0.006907 0.00596868 1.59879e-05 0.0273189 0.000130942 3.93961e-05 0.0047257 0.0148539 0.0205927 9.69432e-07 0.00477072 0.000209745 0.00252842 0.00243346 0.000216079 0.000100223 0.0056591 0.00676474 0.000160898 0.00121653 1.73818e-05 0.00411918 0.0350957 0.00827032 0.000124203 
0.026003 0.00253567 0.34122 0.189042 0.0237417 0.0563987 0.00593912 5.19965e-05 0.179514 8.70241e-05 0.000810642 0.00912286 0.00218925 0.00295288 2.86407e-07 0.00130182 0.00561609 2.40246e-05 0.00739057 2.406e-06 6.10623e-06 0.00387121 0.00175723 1.30335e-05 0.130672 4.78361e-05 0.00344879 0.00254056 0.00348835 0.00021092 
0.0773713 0.0100461 0.314601 0.0821133 0.0360031 0.0239278 0.0317246 1.25989e-05 0.109237 2.96338e-05 3.43337e-05 0.00355387 0.00274594 0.00109826 1.71112e-06 0.000998959 5.14879e-05 7.6709e-05 0.0387295 2.54575e-05 3.35567e-07 0.132055 0.000539687 8.58339e-06 0.00562619 2.4387e-05 0.00853939 0.0140432 0.106567 0.000213364 
0.0578293 0.0196815 0.421815 0.0442594 0.00789773 0.0022689 0.0124188 0.000141606 0.0460849 0.00914355 0.00531806 0.00315812 0.0154887 0.0042707 0.000104638 0.062097 0.00699182 0.00104484 0.0283443 0.0136687 0.000204563 0.0450836 0.0123983 3.72345e-05 0.00212677 0.0725616 0.00445561 0.0677483 0.0330819 0.000274572 
0.0618498 0.0136168 0.219725 0.158269 0.0189197 0.00177434 0.00306644 0.00258844 0.0363534 0.000658681 0.00441183 0.0027824 0.202302 0.00371467 1.0226e-05 0.00339501 0.0297715 0.000817488 0.0142432 0.000134983 0.000188055 0.0654708 0.0205503 0.000419136 0.0220005 0.0135107 0.000821218 0.0497078 0.0488408 8.48444e-05 
0.0937481 0.0571923 0.246709 0.136076 0.0120464 0.0129368 0.00446018 0.000505593 0.037623 0.000797774 0.000846263 0.0155824 0.0517382 0.0978589 0.000537052 0.00293467 0.00275064 0.00193441 0.00305253 0.000993827 0.000172014 0.0341729 0.0218514 0.000871519 0.00765061 8.75289e-05 0.00494245 0.0854125 0.0615671 0.00294811 
0.01037 0.013265 0.234334 0.0105606 0.0165718 0.00462031 0.0192965 5.15643e-07 0.227421 1.84869e-05 0.00364832 0.00201466 0.0288465 0.00417234 1.9303e-05 0.000521213 0.000587218 3.90211e-05 0.0185972 0.000358773 2.09419e-05 0.226982 0.00455291 6.12076e-05 0.125703 1.53861e-05 0.00553899 0.00671442 0.0346503 0.000498676 
0.0585843 0.0550717 0.316268 0.0136926 0.0539335 0.00904748 0.0925614 5.97836e-06 0.13303 2.41273e-05 0.00494229 2.32935e-05 0.0352896 0.00047301 7.34471e-06 0.000297513 0.00385978 1.27966e-07 0.00187875 1.05449e-06 1.27689e-09 0.180915 0.00218873 9.45361e-07 0.0049343 0.000117721 0.00735747 0.0133119 0.0121816 3.35458e-07 
0.0557368 0.0369787 0.265265 0.039179 0.0139201 0.0189293 0.0798892 2.46392e-06 0.195705 0.000178038 0.00760748 0.00402996 0.00127468 0.00354764 0.00100284 0.00244671 0.00144483 0.00015651 0.0949294 7.14808e-05 3.36193e-05 0.0114579 0.004745 2.53446e-05 0.0186741 4.70685e-05 0.0886019 0.0186302 0.0354202 6.96351e-05 
0.148041 0.00568257 0.200866 0.0208926 0.0209402 0.00932217 0.0344848 1.20791e-05 0.0280635 2.97763e-05 0.0257759 0.00174068 0.0754799 0.062686 3.36485e-07 0.0098733 0.00112315 0.00420862 0.0114165 0.0711553 0.00679324 0.166471 0.0139591 4.74237e-05 0.00026041 3.83078e-05 0.00383806 0.0746195 0.00209174 8.6991e-05 
0.0439903 0.0574163 0.312306 0.138861 0.0437801 0.00938555 0.0265668 5.49427e-05 0.0372916 2.21132e-05 0.000116704 0.0146652 0.00952759 0.139998 0.000133145 0.00137609 0.000598211 0.00014742 0.00698084 3.46193e-05 5.44419e-05 0.0214952 0.0660341 2.34104e-05 0.00923397 0.000409867 0.00253923 0.0331706 0.0236991 8.799e-05 
0.0236977 0.130178 0.349408 0.0542524 0.0452036 0.00632429 0.01527 5.8147e-05 0.0806348 0.000345875 0.000945316 0.029758 0.00367581 0.00580324 0.00010375 0.000230584 0.00129417 0.000138095 0.0024848 5.07585e-05 2.80769e-05 0.172643 0.0113063 0.000137243 0.0129421 0.0014034 0.0336276 0.0158755 0.0021137 6.61354e-05 
0.148499 0.00460801 0.202493 0.114001 1.35887e-05 0.0539706 0.00187784 8.39661e-08 0.135768 9.69721e-05 1.39544e-07 0.0164403 0.113481 0.00212583 3.81343e-07 0.00184345 0.000342499 2.48491e-07 0.163317 7.4624e-07 7.63121e-07 0.00325365 0.00286278 2.8677e-08 8.30366e-07 2.27031e-05 0.00161541 0.0300945 0.00326955 7.09808e-07 
0.114696 0.0132539 0.252217 0.0737955 0.112888 0.00410831 0.0182472 0.00411211 0.0826634 0.0173932 0.0122653 0.00543814 0.00766796 0.00519946 3.74412e-07 0.0109265 0.000198413 7.51376e-05 0.00701451 0.00507675 0.000324614 0.214374 0.00683777 8.26245e-05 0.0183809 9.84284e-05 0.00220212 0.00535487 0.00508427 2.32523e-05 
0.0568514 0.0117121 0.23837 0.0299332 0.0406818 0.156562 0.0369506 0.00104201 0.0498228 4.17391e-05 0.00429881 0.00410595 0.000577713 0.00283075 1.7987e-05 0.000861752 7.8132e-05 2.77562e-06 0.00616097 0.000604469 6.85951e-05 0.089009 0.00536867 8.06187e-05 0.100988 1.54679e-05 0.0322461 0.062527 0.0681793 1.12122e-05 
0.0533433 0.0140799 0.271338 0.0760121 0.0140077 0.10525 0.00220623 0.000237623 0.205041 8.26327e-05 2.8984e-05 0.00359869 0.0228241 0.0261733 1.13957e-05 0.000882823 0.000613602 0.00617569 0.00561722 0.0034513 0.000212328 0.00256011 0.00881859 0.011385 0.00500734 0.0670954 0.0397577 0.0431027 0.0110723 1.33879e-05 
0.0954609 0.00569441 0.300644 0.057342 0.00571667 0.00975773 0.000896774 0.00387095 0.00843843 0.00147716 0.0011507 0.00339718 0.224628 0.00601632 2.48456e-05 0.0254532 0.00876568 0.000174708 0.000578049 0.0120839 0.00365099 0.161324 0.00896757 0.000113486 0.00184523 0.00172971 0.000272313 0.0365444 0.0138439 0.00013727 
0.0542424 0.0956931 0.257265 0.0232239 0.00661783 0.00231816 0.00652796 0.00775187 0.0165113 0.000843028 0.00129834 0.0014918 0.00663347 0.0247343 3.41809e-07 0.0460714 0.000233599 0.000853768 0.00100677 0.00232103 0.000131339 0.232981 0.0243094 0.000470935 0.00212733 0.00361291 0.0068334 0.112688 0.0611909 1.57606e-05 
0.148701 0.00576342 0.380508 0.0478953 0.0452216 0.0314064 0.010458 0.00161802 0.0398092 0.000648738 6.16467e-05 0.00102738 0.00601169 0.000519401 6.1333e-07 0.000982594 0.000553523 0.000404864 0.0173674 0.000414566 0.000590846 0.0132972 0.00400659 2.47432e-05 0.000452962 4.96965e-05 0.00785584 0.0749332 0.159336 8.01224e-05 
0.129921 0.0563083 0.42316 0.161212 0.00251216 0.0206169 0.00617508 1.81539e-06 0.0126504 4.79561e-06 7.21541e-05 0.00618107 0.00468657 0.00238679 0.00257433 0.00132196 3.50529e-05 4.45065e-05 0.00252597 3.73604e-06 9.73157e-05 0.00810774 0.0310499 7.47238e-06 0.0223138 0.000117166 0.00252338 0.038291 0.0648404 0.00025771 
0.051272 0.159582 0.430891 0.00993249 0.0158383 0.00224334 0.0526745 4.30386e-07 0.104055 0.00470906 0.0021264 0.00275673 0.0112404 0.0107634 3.20786e-06 0.004653 0.000176775 0.000202423 0.000745499 1.42482e-06 4.37626e-07 0.0168799 0.0250932 1.70867e-06 0.00263302 0.000123218 0.0773038 0.0135857 3.4885e-06 0.00050845 
0.264109 0.00483812 0.267114 0.0556465 0.043861 0.0120615 0.010595 7.32646e-05 0.0282382 4.31682e-05 0.000171902 0.000622268 0.0131568 0.00220043 0.000311845 0.00225027 0.00115355 0.00206283 0.00940559 1.46003e-05 5.51855e-05 0.0484559 0.00171584 3.96449e-05 0.000470898 8.57364e-06 0.00339843 0.0807568 0.146246 0.000922131 
0.28508 0.0131081 0.309439 0.0381823 0.0110085 0.00250447 0.00657785 0.000436376 0.0383182 0.000957251 0.00134315 0.00145242 0.0109985 0.00513716 2.89552e-05 0.00842779 0.00343571 0.00189563 0.00600947 0.000103395 0.00147528 0.0613499 0.00382345 5.13667e-05 0.00121406 0.000335176 0.00924484 0.107407 0.0681041 0.00255028 
2.9591e-05 0.00363437 0.399753 3.24755e-05 0.0946487 0.000115172 0.0384282 6.91415e-05 0.051073 0.00127749 0.171258 0.00488843 0.0993376 0.0024982 1.12113e-05 0.000457824 0.00057308 7.335e-06 0.00210656 2.18427e-05 2.22652e-05 0.0363422 0.0556429 8.49735e-07 2.41589e-05 3.08145e-06 0.002141 0.0242918 0.0112897 2.07102e-05 
0.0704836 0.00546424 0.299056 0.164953 0.0124051 0.00444151 0.0111052 0.000440677 0.0594057 0.00447213 0.000219936 0.0132227 0.0337344 0.00396432 1.49964e-09 0.00587037 0.00293875 0.00208253 0.0171254 0.00513163 0.000314621 0.141071 0.0345892 4.77029e-05 0.00408727 6.77359e-05 0.00397364 0.0214022 0.0778046 0.000124144 
0.0409494 0.00148387 0.44749 0.0519817 0.00259431 0.000841206 0.0199853 1.42319e-05 0.00944713 8.8573e-05 8.50987e-05 0.0476635 0.186017 0.0129449 1.68245e-06 0.0013182 0.000537218 0.00855661 0.00163288 0.0131353 0.0434806 0.0276499 0.0238283 4.95312e-06 0.00138738 1.97238e-05 0.000697474 0.0548462 0.00128654 3.09961e-05 
0.177606 0.00793408 0.305615 0.102376 0.00758794 0.0279882 0.00455109 0.0198134 0.0466483 0.00090064 0.000340711 0.00536689 0.0110437 0.00961276 5.72824e-05 0.0733311 0.0167602 0.000173181 0.0069398 0.000346435 0.000160091 0.0939659 0.00356629 0.000547491 0.0015749 2.48215e-05 0.00431125 0.0495636 0.0206731 0.000619826 
0.00928146 0.00944088 0.602993 0.00128509 0.00744015 0.00748673 0.00576659 8.13933e-08 0.0368113 0.000319521 0.00151944 0.000909396 0.00773605 0.00452861 1.14085e-10 0.000170165 0.000146619 1.43298e-07 0.00136852 1.85952e-08 0.000746885 0.0189564 0.0019673 0.000156641 0.166165 3.28263e-07 0.00336516 0.0857929 0.0256433 2.30845e-06 
0.0298854 0.00815891 0.315042 0.0243185 0.0516465 0.0290457 0.146163 9.31299e-05 0.162687 0.0108203 0.00495723 0.0158856 0.00563327 0.0138057 0.000205909 0.014598 0.00329827 8.33163e-05 0.00145241 0.000554 6.02261e-07 0.0999373 0.0121728 3.90985e-05 0.0149145 0.000886159 0.00702373 0.0195986 0.0070286 6.40644e-05 
0.134413 0.00481588 0.170673 0.0357364 0.0129743 0.00595924 0.000363806 0.0698917 0.00626492 0.000568454 0.0127802 0.00542642 0.00403501 0.0234033 8.77534e-07 0.104605 0.0963497 0.00649704 0.000806606 0.0117378 0.000214833 0.0384976 0.020392 0.00648004 8.11107e-05 9.21748e-05 0.000399697 0.143364 0.0821961 0.000979921 
0.177606 0.00793408 0.305615 0.102376 0.00758794 0.0279882 0.00455109 0.0198134 0.0466483 0.00090064 0.000340711 0.00536689 0.0110437 0.00961276 5.72824e-05 0.0733311 0.0167602 0.000173181 0.0069398 0.000346435 0.000160091 0.0939659 0.00356629 0.000547491 0.0015749 2.48215e-05 0.00431125 0.0495636 0.0206731 0.000619826 
0.00312488 0.0210458 0.341714 0.00451969 0.122952 1.76808e-05 0.0275621 2.82248e-06 0.169103 1.62085e-07 3.01588e-07 0.0251241 0.00339318 0.00015075 0.00231179 0.0435461 0.000387048 0.000212314 0.000507543 0.0202858 0.00175271 0.177215 0.0232166 1.4911e-05 0.0103103 0.000391635 2.25835e-05 8.08121e-05 0.00103323 1.32459e-06 
0.101824 0.102409 0.205738 0.0571554 0.00765646 0.00656974 0.197052 0.000189316 0.0245416 1.16331e-05 2.77318e-05 0.00935684 0.0070476 0.000744022 7.57944e-08 0.0235012 0.000219153 1.60355e-05 0.0111232 9.49635e-08 3.33466e-07 0.026998 0.0192363 4.15209e-05 0.000907206 3.01151e-05 0.00466552 0.0584567 0.13383 0.000651155 
0.0554111 0.0084674 0.350932 0.0203939 0.0281184 0.0175377 0.0696345 0.0054601 0.0263365 0.00394335 0.00282939 0.000931252 0.100789 0.00978458 2.76308e-07 0.0245162 0.0014827 0.000982619 0.0214455 4.13231e-05 0.000352249 0.142674 0.0323372 0.00950125 0.00150682 8.88913e-05 0.00737627 0.0470674 0.00936892 0.000688646 
0.131969 0.00262405 0.395991 0.00943857 0.01784 0.00360825 0.0136052 8.6669e-05 0.0296927 0.000279945 0.000483419 0.000505683 0.0486212 0.00184671 2.12797e-06 0.00321376 0.000273352 1.44297e-05 0.000251677 4.16018e-06 0.000176745 0.154707 0.0036915 1.34778e-06 0.00872197 1.22814e-06 0.000471469 0.0222648 0.149608 3.95434e-06 
0.165163 0.00765097 0.190093 0.00769388 0.0584529 0.0191044 0.0100854 0.00975688 0.0322966 0.000737414 0.00184176 0.000108981 0.00377008 0.00241941 5.05242e-05 0.0320487 0.00370579 0.000186705 0.0025846 7.15933e-05 0.00118449 0.167058 0.00364291 6.493e-05 0.00047479 7.16701e-05 0.00292746 0.0966664 0.179959 0.000128794 
0.0684059 0.0212918 0.201865 0.0870444 0.0303706 0.0503746 0.00638974 0.000319331 0.143759 0.000654094 0.00102297 0.00812741 0.132111 0.00466653 0.0171539 0.00088965 0.000579456 0.00604659 0.00478746 6.60538e-05 0.000191073 0.0308995 0.0157169 2.43663e-05 0.00541951 0.000175309 0.0143579 0.109978 0.0335644 0.00374751 
0.0392527 0.00380332 0.292139 0.0102562 0.011342 0.0232078 0.00666096 0.0715673 0.0709391 0.00386961 0.0108802 0.00198586 0.0397933 0.00995579 6.27213e-05 0.035295 0.00733831 0.0013293 0.0146218 0.000758819 0.000285559 0.259013 0.0073574 0.00434921 0.00142756 0.00204247 0.0017475 0.0373935 0.0306812 0.000642867 
0.0328132 0.00509855 0.425788 0.0311196 0.0117345 0.0415501 0.0103806 0.00153135 0.078259 0.000876681 0.000131177 0.00473325 0.0110053 0.00190715 6.71894e-07 0.00243683 0.003866 1.93482e-05 0.000503883 3.69569e-06 0.00397164 0.229641 0.0167997 0.000336632 0.0195678 5.1239e-06 0.00259637 0.0351201 0.0276422 0.000561139 
0.0112102 0.0327563 0.352933 0.0115407 0.0453307 0.0733538 0.00340026 3.20213e-08 0.209396 2.12961e-05 1.51896e-07 0.000467769 0.00915977 0.000266205 5.11559e-06 0.0226359 7.41323e-05 6.09552e-08 0.00299866 1.32078e-10 7.99812e-11 0.00751282 0.00041499 3.87328e-05 0.0141955 0.000310062 0.0273124 0.0212849 0.153365 1.59553e-05 
2.73178e-05 4.31343e-05 0.479315 6.17262e-06 1.17625e-05 2.82392e-06 1.14057e-05 5.47165e-07 3.64236e-05 1.12107e-05 0.00604413 5.34006e-05 0.0471189 1.22412e-05 0.000502119 6.96141e-06 7.57067e-06 8.22919e-06 9.61224e-06 2.4922e-06 6.85678e-10 1.21969e-05 0.151414 1.11829e-10 0.000263479 7.58485e-06 1.44192e-05 0.315007 3.58919e-05 1.37769e-05 
0.0532474 0.00188832 0.236406 0.0105245 0.0153085 2.4379e-06 0.00241851 3.6466e-08 0.163977 2.1769e-08 8.86041e-08 0.000154832 0.0169556 0.00629626 0.0457703 0.0102059 9.24754e-05 0.00121314 0.00015584 0.00166522 3.24524e-05 0.0425742 0.00333376 7.28246e-09 0.00166238 2.42309e-06 0.20499 0.150684 0.0304077 3.05383e-05 
0.0599865 0.190629 0.297145 0.0139701 0.00691054 0.00106939 0.0294287 0.00072517 0.129873 0.00666283 3.59098e-05 0.000294432 0.00823287 0.00807253 8.64577e-07 0.009786 0.00855281 0.000511622 0.00322571 2.03322e-09 1.23124e-09 0.0461501 0.032496 1.36429e-05 0.00167795 4.6423e-07 0.00336197 0.0685059 0.068131 0.00455067 
0.0927499 0.0241851 0.273687 0.0622823 0.0400742 0.02479 0.0209611 0.00881813 0.170744 0.000182038 0.00221466 0.0170491 0.0197299 0.0072018 7.0498e-05 0.00860402 0.00791497 0.00289237 0.0224066 0.00206674 0.000396902 0.0328138 0.0110613 0.000778728 0.0153335 0.000252105 0.0269288 0.0606169 0.0425323 0.000661459 
0.0320782 2.69526e-05 0.953788 3.50815e-05 0.000107378 1.01044e-08 1.8794e-08 6.69746e-08 0.000543919 5.94104e-08 0.0115911 6.5364e-06 3.47419e-05 0.000252777 8.86068e-08 2.10002e-08 2.09673e-08 7.68336e-08 0.000221052 1.11016e-07 6.7227e-08 1.39536e-08 1.01252e-08 1.09642e-08 0.000165178 1.40286e-07 0.00111634 4.6821e-09 1.56887e-08 3.14742e-05 
0.0788328 0.0556089 0.308278 0.177555 0.0206333 9.88307e-07 0.00864719 0.0911522 0.0336471 0.000114174 0.00196193 0.0172227 0.00568716 0.00309419 6.87378e-07 0.000504512 0.000291177 7.33707e-08 0.00680024 9.15977e-07 0.000616342 0.0128945 0.118037 0.000200411 6.06823e-07 0.000596087 9.92803e-07 0.0273354 0.0302857 5.84194e-08 
0.0452039 0.00336829 0.258207 0.014429 0.0867346 0.0237146 0.0170563 0.000952007 0.107003 0.00019347 0.00596388 0.0103054 0.0120346 0.00167948 2.28878e-09 0.10395 0.040301 2.87699e-05 0.0114354 3.05898e-05 0.000337264 0.194903 0.0112449 0.000521269 0.000921829 1.37283e-07 0.0134096 0.0249356 0.0111276 7.39997e-06 
0.129378 0.0300773 0.144469 0.031712 0.033934 0.00725327 0.00699965 0.0315562 0.0115914 0.000470352 0.00390216 0.0121903 0.141942 0.072319 0.000463161 0.06086 0.00150242 0.00459972 0.000401732 0.000248831 0.000194683 0.115084 0.020562 0.00239562 0.00522546 5.61477e-05 0.00211931 0.107757 0.0167886 0.00394612 
0.0362416 0.031841 0.23072 0.0462516 0.00995946 0.00951013 0.0102293 0.00292406 0.0342153 0.00120317 0.0572428 0.0198081 0.134068 0.0132859 5.1867e-05 0.140996 0.013524 0.0014217 0.000488752 6.06397e-06 8.14731e-06 0.0429971 0.0205556 0.00741384 0.00983249 4.2002e-05 0.00822043 0.0867522 0.0233983 0.00679171 
0.0530183 0.0122352 0.316217 0.111218 0.0101084 0.00683397 0.0342193 0.000912598 0.0174378 0.00227376 0.000446084 0.0113891 0.0154938 0.002841 2.65073e-05 0.0512509 0.159595 0.00210086 0.00702305 7.66209e-05 0.000129322 0.0164076 0.0394567 0.00826801 0.000848148 2.16573e-05 0.00175286 0.0664041 0.0498601 0.00213357 
0.0207227 0.0453655 0.260333 0.0131928 0.0421752 0.056798 0.0012191 5.85029e-08 0.127827 8.80983e-06 5.32693e-07 0.00286068 0.0103484 0.030981 2.23292e-08 0.000735164 8.8063e-05 1.11252e-07 0.0036491 0.000221754 1.63457e-08 0.118422 0.00946519 3.16689e-06 0.0370329 0.0150615 0.00364064 0.098753 0.100748 0.000346124 
0.105028 0.0569439 0.221942 0.13897 0.00282423 0.000987914 0.0293862 3.79888e-05 0.0357032 0.00182686 0.000286443 0.0029266 0.155313 0.0220357 7.25707e-08 0.00588201 0.0293532 6.06488e-05 0.00188693 1.41993e-07 0.00013347 0.0219155 0.0219328 0.00036625 0.0293062 4.0133e-05 0.00219945 0.0909409 0.0215389 0.000231482 
0.0229711 0.00382348 0.225626 0.0124589 0.015582 0.0198851 0.0138227 0.00656214 0.0134524 0.0851356 0.109983 0.000964535 0.00887819 0.00666655 8.56275e-06 0.0367775 0.00495018 0.00232918 0.00192022 7.04863e-06 2.80624e-06 0.167508 0.0818221 0.00413262 0.00270661 0.000535417 0.00102295 0.124721 0.0247282 0.00101654 
0.0852927 0.0191005 0.414956 0.102399 0.00474913 0.0124192 0.080885 1.13985e-06 0.0649307 7.62311e-06 9.1747e-05 0.00746492 0.0472531 0.000990715 1.56774e-05 0.010203 0.000497176 0.000913562 0.0242581 0.0139655 0.00118014 0.0178983 0.0189563 4.92299e-05 0.0351338 9.67811e-05 0.00202215 0.0219493 0.00821208 0.0041073 
0.0158097 0.041498 0.396305 0.0122216 0.0198153 0.0129586 0.0270189 1.09355e-06 0.0428812 0.00236538 0.001693 0.00392624 0.000547307 0.000826832 1.36136e-06 5.48186e-05 3.25085e-06 0.000148894 0.000933054 3.90789e-06 2.54536e-06 0.0474391 0.00765804 1.50228e-05 0.0039068 0.242008 0.023843 0.039678 0.0560723 0.000363878 
0.0836589 0.0524284 0.157743 0.115097 0.0147781 0.00747188 0.0801244 0.00376173 0.100681 0.000198929 0.000444405 0.0394758 0.0320654 0.0174093 5.65608e-05 0.00164757 0.0072181 0.00563826 0.0193696 0.0286564 0.000324275 0.0358638 0.0202679 1.56906e-05 0.0354347 0.00228165 0.0341381 0.0827712 0.0204492 0.000529589 
0.0279295 0.0122743 0.414604 0.0643949 0.0852374 0.00654724 0.00302847 1.42137e-05 0.0271938 0.000221092 0.00914265 0.0024358 0.0373179 0.00243294 3.69436e-07 0.0312645 0.00603676 0.00153615 0.00217044 0.00126308 0.000801607 0.152959 0.00743008 0.00019193 0.00224747 8.54595e-05 0.00247027 0.0952419 0.00341435 0.000111551 
0.175432 0.0358578 0.24394 0.064648 0.0160504 0.00460918 0.0905532 0.00206041 0.0444105 3.6948e-05 0.000691491 0.00198193 0.00241444 0.0018214 0.00850885 0.170411 0.00233417 1.96811e-05 0.00328853 6.71183e-05 4.98304e-05 0.0640937 0.00317645 3.32675e-05 0.000620426 0.000328662 0.00410952 0.0180686 0.0397877 0.000595164 
0.0235391 0.00301957 0.286766 0.0312205 0.0127454 0.0044452 0.0161617 0.00051344 0.0329826 9.26281e-05 4.5708e-06 0.000714901 0.000969007 0.000121524 2.07626e-06 0.00580515 0.000175622 1.20174e-05 0.224688 6.50098e-06 0.000328796 0.274103 5.95913e-05 7.51926e-06 0.00142497 5.21193e-06 0.000925278 0.00342664 0.0756811 5.27558e-05 
0.0513771 0.00671812 0.29026 0.0582914 0.0210494 0.00376637 0.0156454 3.10814e-06 0.0368713 0.001124 0.000128697 0.000331351 0.00431514 0.000652752 0.00021725 0.00694865 2.26586e-05 0.000118649 0.0851893 4.43555e-05 0.000378931 0.13593 0.0061027 2.96885e-06 0.00580924 3.01622e-05 0.000577015 0.120567 0.147504 2.29854e-05 
4.31939e-10 0.00671721 0.673689 0.143796 0.00073279 1.15729e-09 0.0769956 0.0103087 0.0168999 3.79937e-06 4.13317e-09 0.0229637 3.68399e-06 2.89586e-06 5.72729e-05 0.000168845 1.04826e-05 4.38732e-05 9.96548e-05 1.27151e-08 3.77209e-06 0.0134164 0.0208075 9.55104e-07 3.31843e-09 0.000628256 2.62001e-09 0.0118329 1.79689e-09 0.000817367 
0.109084 0.0227702 0.23961 0.164369 0.0169377 0.0273628 0.0181644 0.00126656 0.0489346 0.000278358 0.00354195 0.0091881 0.0254545 0.0131815 2.57713e-05 0.00424511 0.00868843 0.00270282 0.0118956 0.000243336 0.000458938 0.0122929 0.00804297 0.000603694 0.198603 0.00151049 0.0107418 0.0306624 0.00857588 0.000563046 
0.107531 0.0371773 0.296725 0.0165897 0.00746223 0.00173272 0.00728017 0.0079265 0.0295483 0.00343061 0.00306047 0.0119254 0.0268817 0.0235949 0.0202777 0.0275078 0.0141869 0.00111083 0.00250479 2.11673e-05 0.000629071 0.0742269 0.0870098 0.00454114 0.00677284 0.000142735 0.00190044 0.149398 0.025497 0.00340732 
0.0144158 2.40196e-06 0.292105 2.4022e-06 2.40181e-06 0.00456608 2.40152e-06 0.196498 2.40214e-06 2.39958e-06 2.40069e-06 2.40138e-06 0.0136928 2.40157e-06 2.39818e-06 0.101342 0.00456509 2.39874e-06 0.00240367 0.000721526 0.00312136 0.28557 2.40193e-06 0.00600715 2.40103e-06 2.3957e-06 2.40132e-06 0.0749509 2.40167e-06 2.39941e-06 
0.0128841 0.0105713 0.277944 0.075399 0.00364661 0.00163395 0.00121192 0.00411325 0.00983183 0.0224373 0.0207721 0.0557948 0.0156736 0.0743856 1.7755e-06 0.0878011 0.0156736 0.000562714 0.000702137 9.64055e-05 3.64362e-06 0.149571 0.0269629 0.00394229 0.00661987 0.000466497 0.00137876 0.0493979 0.0699563 0.000564457 
0.158023 0.0112467 0.389183 0.0698455 0.102248 0.0476429 0.0187473 0.000155139 0.0842199 3.89326e-05 7.04007e-05 0.00131508 0.00929835 0.00078023 0.000300621 0.000504055 4.98682e-05 9.40218e-05 0.00295108 4.50416e-05 2.35393e-05 0.00120965 0.00442635 1.78617e-06 0.00202753 0.00649969 0.0166994 0.0204957 0.0473329 0.00452388 
0.10748 0.0105895 0.201052 0.105018 0.00490505 0.000889308 0.0026391 0.000396275 0.00522178 0.00179295 0.000265767 0.00378404 0.152929 0.0458458 0.000506335 0.0060552 0.0237007 0.000592812 0.000460405 0.000270391 4.28635e-05 0.0862484 0.0188396 0.00164675 0.000607936 0.00100609 0.00107324 0.133494 0.082192 0.000454154 
0.0735374 0.0993814 0.209037 0.0663825 0.104607 0.000181137 0.00529433 0.000153725 0.0275715 0.000290538 8.68203e-05 0.0134691 0.0145643 0.00188749 5.69843e-05 0.0117528 0.00272165 0.000890093 0.0236726 0.000449464 0.00103995 0.20012 0.0308414 5.6861e-05 0.0403378 7.61987e-06 8.76702e-05 0.036651 0.0346618 0.000207647 
0.136278 0.0890786 0.305543 0.178604 0.00678688 0.00725957 0.00779279 6.20385e-05 0.0391712 3.93013e-05 0.000668736 0.0246197 0.0174217 0.0118841 1.43828e-06 0.000173881 0.00376373 0.00181286 0.0556349 0.00197404 4.30241e-05 0.00431329 0.0266003 2.55543e-06 0.00240289 0.00086405 0.013962 0.0301178 0.0330658 5.86426e-05 
0.0880751 0.0116452 0.241139 0.105971 0.00828747 0.00645166 0.00355547 0.00315675 0.0177679 0.0114591 0.00220856 0.00118482 0.0776764 0.0214512 5.1827e-05 0.0271046 0.0662486 0.000379607 0.00259101 9.06571e-06 0.000163766 0.117761 0.0135794 0.000852553 0.012237 0.00056865 0.00139469 0.131505 0.0250242 0.000499397 
0.235774 0.0113446 0.279445 0.0459626 0.00293202 0.0025317 0.00220599 0.000180963 0.0285991 0.000271978 0.00234711 0.00595302 0.182953 0.00458155 5.20923e-05 0.00562093 0.0355775 0.0302245 0.000207741 0.00335898 4.02036e-05 0.0230664 0.0181926 0.00100502 0.00811153 0.000255631 0.00054405 0.0359196 0.0322823 0.000457107 
0.0172864 0.00114302 0.290607 0.0237729 0.0249388 0.00102462 3.22816e-05 0.0106314 7.74467e-05 0.003602 0.144123 0.008079 0.00107665 0.00408777 6.28962e-06 0.0282047 0.0521492 0.0109161 2.89202e-05 4.12525e-06 1.36994e-05 0.187166 0.0217265 0.0542135 0.000275072 6.67757e-07 0.00163856 0.0766343 0.0225923 0.0139478 
0.0410938 0.00698904 0.420899 0.0440056 0.0121028 0.00583399 0.000715114 0.000945709 0.0275516 0.00401988 0.000199414 0.000513938 0.118184 0.00542601 3.93787e-05 0.0146509 0.00770375 0.000209098 0.00052889 0.0527385 0.0444252 0.0836886 0.0132265 0.000281691 0.000287514 0.000568118 0.000829987 0.0318805 0.0603178 0.000143867 
0.0530765 0.0267065 0.178672 0.0414913 0.00924255 0.00768349 0.00201528 0.000746437 0.0723662 0.00133866 0.00825585 0.00879489 0.0149216 0.04663 0.00200498 0.0626449 0.016638 0.00294549 0.00368205 4.08582e-07 1.80642e-07 0.150453 0.0239054 0.00293844 0.00616569 1.53968e-05 0.0620365 0.176173 0.0176337 0.00082203 
0.10789 0.0212694 0.243354 0.144222 0.0485759 0.0685581 0.0367988 6.43891e-05 0.178694 0.000102095 3.12601e-05 0.0031197 0.00818565 0.00524091 9.21469e-06 0.000316023 0.000163399 0.000342057 0.01519 7.5886e-06 8.14405e-05 0.0139427 0.00921485 3.64858e-05 0.0266038 0.000405333 0.0319325 0.0236818 0.0113824 0.000585181 
0.074321 0.0174929 0.610417 0.036311 0.00133541 0.000236914 0.0420866 0.00303096 0.0194948 0.000202925 0.00138083 1.03134e-05 0.000908755 0.00533552 4.39565e-08 0.0222955 0.0920984 0.00893649 0.00177615 4.39407e-07 1.31028e-05 0.00167971 0.00525173 0.000542179 1.41621e-05 2.40313e-05 0.000297952 0.0314164 0.0230783 1.05206e-05 
3.45045e-05 0.00782165 0.501509 3.7868e-05 0.00833298 0.0603074 0.00170579 0.000744721 0.0121215 9.67902e-05 7.49995e-05 0.0051396 0.0342107 0.00596769 1.32106e-05 0.0222556 0.071446 0.0102506 0.00126094 0.0104103 0.000749211 0.180978 0.00371238 6.29043e-05 0.000501155 3.45738e-05 0.00342258 0.00634805 0.0504253 2.42441e-05 
0.123491 0.103415 0.13364 0.071322 0.00802245 0.00770381 0.0402917 0.000261314 0.0309505 0.00266177 0.00103909 0.00936289 0.122693 0.0548448 9.25187e-05 0.0321949 0.0112604 0.00159624 0.00569692 5.70174e-05 6.84196e-05 0.0257975 0.0672071 0.00687989 0.00642213 2.33437e-05 0.0255792 0.076915 0.0281744 0.00233559 
0.124478 0.0375493 0.402389 0.0420246 0.0234684 0.0221235 0.0177427 0.000502839 0.0377731 0.00110953 0.00297228 0.0335669 0.020436 0.0160852 7.90439e-06 0.0164487 0.00612382 3.07645e-05 0.0030863 1.13038e-05 9.95232e-05 0.113565 0.0157859 0.000108379 0.00769687 0.00121884 0.0141001 0.0223638 0.0167011 0.000430492 
0.0256581 0.0580815 0.706297 0.00622955 0.0133477 0.00563257 0.000487975 8.17848e-06 0.0276428 0.000389221 2.33099e-05 0.0787126 0.00666568 0.00970628 3.65761e-05 0.000103486 0.000216788 2.3884e-05 0.00171554 7.14106e-05 7.29041e-05 0.0143562 0.016791 7.23685e-06 0.00204735 9.77043e-06 0.0114302 0.0115168 0.00196469 0.000753397 
0.196692 0.0332554 0.197649 0.106571 0.00525505 0.00145527 0.00286875 0.000679679 0.00682868 0.001052 0.00159572 0.00271811 0.0260736 0.0105853 9.91802e-05 0.0172371 0.00171065 0.00410183 0.00352195 6.50594e-05 0.000204945 0.0169187 0.0117542 0.000556159 0.00205483 1.10132e-05 0.0029861 0.1802 0.164241 0.00105749 
0.164394 0.0313729 0.27462 0.0540193 0.0292977 0.0111125 0.023672 1.93978e-06 0.0182432 4.08711e-06 0.00107912 0.00279423 0.00168406 0.00353616 0.00010094 7.57453e-05 0.000347929 1.59493e-05 0.0692491 0.00144971 0.000147143 0.191241 0.00429972 2.25295e-06 0.0069704 4.95979e-06 0.000520409 0.0241481 0.0854274 0.000168362 
0.0396832 0.00372611 0.219431 0.0596807 0.0217908 0.00245753 0.00870082 0.0114755 0.0310238 0.00249976 0.013927 0.00613386 0.0307808 0.023255 0.00174023 0.0806511 0.0140098 0.00349923 0.00216886 3.56879e-07 3.13251e-05 0.136235 0.018671 0.0927242 0.00372474 1.8099e-05 0.00144291 0.129185 0.0392537 0.00207828 
0.153073 0.0153857 0.405314 0.0108959 0.0366374 0.0122881 0.0215783 0.00643938 0.0382941 3.63366e-05 1.80091e-05 0.0249062 0.000914645 0.0339875 0.0195355 0.00828333 0.00425723 0.000114447 0.0418481 8.95978e-08 2.40885e-06 0.0173552 0.00708154 8.68154e-05 0.00434058 0.000259783 0.00302674 0.035924 0.0959689 0.00214652 
0.05249 0.0136986 0.171719 0.0461327 0.135302 0.0415226 0.00932528 0.000199705 0.0388653 4.98031e-05 0.000577207 0.00282791 0.10069 0.00871175 0.00243595 0.00877355 0.000666598 0.00410059 0.0140357 7.71497e-05 0.0172085 0.131649 0.0203077 0.000290025 0.00527102 0.00111437 0.0758175 0.0367382 0.059242 0.000160679 
0.170533 0.0426337 0.278334 0.0476233 0.107952 0.0278836 0.0141361 0.0156508 0.0177855 8.35027e-05 0.000246105 0.00577632 0.00089974 0.00315161 7.45927e-08 0.0353445 0.00472773 0.0012182 0.00146017 1.55975e-06 5.29695e-06 0.0308856 0.00627781 0.000248403 0.00168069 0.000106313 0.00331815 0.104529 0.077485 2.18555e-05 
0.0532474 0.00188832 0.236406 0.0105245 0.0153085 2.4379e-06 0.00241851 3.6466e-08 0.163977 2.1769e-08 8.86041e-08 0.000154832 0.0169556 0.00629626 0.0457703 0.0102059 9.24754e-05 0.00121314 0.00015584 0.00166522 3.24524e-05 0.0425742 0.00333376 7.28246e-09 0.00166238 2.42309e-06 0.20499 0.150684 0.0304077 3.05383e-05 
0.0554111 0.0084674 0.350932 0.0203939 0.0281184 0.0175377 0.0696345 0.0054601 0.0263365 0.00394335 0.00282939 0.000931252 0.100789 0.00978458 2.76308e-07 0.0245162 0.0014827 0.000982619 0.0214455 4.13231e-05 0.000352249 0.142674 0.0323372 0.00950125 0.00150682 8.88913e-05 0.00737627 0.0470674 0.00936892 0.000688646 
0.0701322 0.0325624 0.181699 0.126265 0.014369 0.0042791 0.00995177 0.000793822 0.0213981 0.00110397 0.0484163 0.0273554 0.0160751 0.0403325 0.00321319 0.0365473 0.022405 0.00238471 0.00216747 0.00174932 6.07694e-05 0.0249876 0.0986942 0.00548705 0.0240161 4.60968e-05 0.010348 0.162291 0.00602869 0.00484031 
0.174907 0.02967 0.375698 0.154611 0.027439 0.0143037 0.00442554 0.00045067 0.0666536 0.00566914 0.000495876 0.00446134 0.00599516 0.00451164 5.61692e-05 0.00296578 0.000851264 0.000381468 0.00411763 1.16595e-05 2.53245e-05 0.0206792 0.0188957 0.000697114 0.00630627 0.000490401 0.00939803 0.0371998 0.0283541 0.00027889 
0.0345735 0.00419277 0.6782 0.0227295 0.0117197 0.0319747 0.00361442 0.000267884 0.0426937 0.00190409 0.000416579 0.0010051 0.00117512 0.00291751 4.48243e-07 0.00305238 0.000355978 0.000703293 0.0138914 0.000114559 0.0299507 0.0293953 0.00802947 0.000221729 0.000597558 0.000186305 0.000866814 0.0434327 0.0316057 0.000210709 
0.0648516 0.00815917 0.239166 0.0469336 0.0233435 0.00340988 0.00533274 4.28744e-05 0.16048 1.77058e-05 8.88425e-05 0.00349695 0.0734995 0.00192726 2.61228e-07 0.0162011 0.0552674 0.000176641 0.00443326 1.05576e-05 2.64366e-07 0.0274614 0.0291498 0.000459436 0.13472 0.00126362 0.00218786 0.0570029 0.037699 0.00321598 
0.144849 0.0280892 0.223658 0.129629 0.0190838 0.00750906 0.00803919 0.000156814 0.0751281 0.000799687 0.0109952 0.00147792 0.0284829 0.00684802 2.49023e-05 0.00675006 0.000840718 0.0178119 0.00347668 3.25254e-05 0.000261636 0.12541 0.0233079 0.000169063 0.00315186 9.42936e-05 0.00791301 0.0597802 0.0658415 0.000388092 
0.0610338 0.00795619 0.356371 0.0223324 0.0827978 0.0113111 0.0925775 0.0290562 0.101351 0.00264078 0.0304617 5.66449e-05 0.000716966 0.000560959 0.00201078 0.025868 0.000212556 0.000160671 0.00156214 7.71653e-07 4.29617e-05 0.071706 0.00275715 0.000202936 0.00323106 0.000524874 0.010608 0.0280963 0.0537531 3.87122e-05 
