0.0973731 0.0225697 0.0451441 0.227689 0.00108018 0.0131057 0.00298871 2.43457e-06 0.0156878 8.29389e-05 0.00017762 0.147218 0.0123525 0.210683 0.000174192 0.0116634 0.00921226 2.37029e-05 0.00188014 7.28854e-05 7.21905e-05 0.000604278 0.0317111 3.47144e-06 0.114251 1.98964e-05 0.00164572 0.0306385 0.00182505 4.69736e-05 
0.086717 0.0081411 0.0387143 0.695465 0.0231406 0.0226411 0.00908069 8.59548e-06 0.0161354 0.00168216 0.00144166 0.00329055 0.0236966 0.00185442 1.20263e-05 0.00267809 0.00204968 6.50402e-05 0.00845267 6.54966e-05 7.54637e-05 0.00694829 0.00247036 2.61479e-05 0.00181448 1.27092e-05 0.00622646 0.0280191 0.00894801 0.000126236 
0.0820305 0.00590652 0.122748 0.497311 0.0249634 0.0380074 0.00571741 1.15518e-05 0.0244557 0.000126166 0.00014059 0.00405336 0.00759295 0.00382857 2.46115e-07 0.000936148 0.0069516 2.43001e-05 0.0127215 4.06902e-05 1.66086e-05 0.0114342 0.00320254 1.66728e-05 0.00783161 2.5515e-05 0.00236737 0.0297497 0.107701 8.72703e-05 
0.23965 0.0130119 0.0770816 0.402562 0.0586133 0.0096616 0.00448643 1.14225e-05 0.0408532 0.00039557 0.0130282 0.0225689 0.0253018 0.00193745 1.20711e-06 0.00250808 0.00955838 0.00015841 0.00423669 0.000231497 3.88071e-05 0.0222722 0.00628385 4.2794e-05 0.00296619 3.0495e-05 0.00389126 0.0197821 0.0186995 0.000134939 
0.127453 0.0104308 0.0555524 0.367513 0.00510617 0.0162272 0.00342943 0.000341797 0.0148155 0.002424 0.00241362 0.00608029 0.159796 0.038289 0.000213552 0.0227857 0.0166734 0.00131357 0.00377974 1.78318e-05 8.77837e-05 0.00340581 0.00846432 0.000906096 0.00584462 2.83664e-05 0.0150593 0.0952353 0.0141965 0.00211578 
0.140057 0.00634071 0.0493585 0.377819 0.00739638 0.00616913 0.00674605 0.00116489 0.0219945 0.00191369 0.00354347 0.0429424 0.0365091 0.0179442 4.25136e-07 0.00654797 0.0710419 0.00220489 0.00138306 8.64024e-07 5.98604e-07 0.00447937 0.0985588 0.00609179 0.0168757 2.56571e-05 0.00413291 0.063516 0.00355045 0.00168991 
0.337501 0.0120435 0.0349045 0.390171 0.00471011 0.00819916 0.0078493 7.9378e-06 0.0220092 0.000119742 0.000185688 0.00690514 0.0557524 0.00436369 1.91337e-05 0.000178684 0.0155338 0.00130048 0.0150813 0.00130414 0.000202153 0.0053761 0.00328299 3.14429e-05 0.00705585 1.34015e-05 0.00336768 0.0300198 0.0321522 0.000358197 
0.0803168 0.283574 0.034845 0.425963 0.000606767 3.02326e-11 0.0138519 5.6109e-06 0.00519061 3.72288e-05 0.000330704 0.0316365 0.00850059 0.00354934 2.65114e-10 0.000318643 0.0118449 1.86958e-05 0.000199185 2.57534e-07 1.00064e-05 0.00088075 0.0137679 1.2297e-05 0.00209055 0.000121164 0.000237124 0.0193725 0.0626391 7.91514e-05 
0.262561 0.0281985 0.124805 0.304247 0.0357695 0.0116667 0.0119059 1.95214e-05 0.017826 3.01135e-05 0.000106475 0.0349765 0.00795851 0.0136848 1.31977e-05 0.00343957 0.00010554 8.57145e-05 0.00605474 0.0122177 0.000228513 0.0123922 0.0142598 1.1721e-05 0.0162593 2.6831e-05 0.000492656 0.0389489 0.0412817 0.000426661 
0.105343 0.00331318 0.156759 0.446552 0.0121864 0.00914815 0.00590067 0.00251486 0.0176303 0.000112147 9.43491e-05 0.00069788 0.0239806 0.00235315 2.49189e-07 0.00173601 7.16724e-05 0.000241515 0.00444641 8.05367e-05 0.000467163 0.0211876 0.00066248 3.61993e-05 0.00429935 5.97862e-05 0.00227519 0.0297748 0.14801 6.47219e-05 
0.146573 0.024785 0.0604931 0.482809 0.0258304 0.046501 0.00668817 0.000450564 0.0193834 0.000500796 0.000988268 0.0120489 0.0161418 0.00855551 0.000718499 0.00323858 0.0273925 0.000780897 0.0081318 8.43589e-05 0.000125641 0.00503856 0.0143525 0.00258887 0.00439166 7.98122e-05 0.00558778 0.0605174 0.0134439 0.00177879 
0.243155 0.00109779 0.0603848 0.574115 0.00767364 0.00127211 0.00242982 2.75726e-05 0.0115986 0.00039902 0.000238398 0.000348652 0.0239951 0.000601427 7.89396e-08 0.000989386 0.0011558 0.000386862 0.00266669 7.97594e-07 1.281e-05 0.00818835 0.000619342 1.94353e-05 0.00146185 2.56169e-05 0.00094761 0.0241 0.032075 1.26371e-05 
0.0720232 0.0124661 0.088468 0.312389 0.00809986 0.0243882 0.00497619 1.84353e-05 0.0254991 0.00822667 0.000586077 0.00954189 0.0223572 0.00502214 1.69482e-08 0.0176595 0.14075 0.000297608 0.0239478 2.63135e-06 4.55869e-05 0.0276178 0.0218529 0.00465531 0.00218331 4.23272e-05 0.00100188 0.0817111 0.0815383 0.00263143 
0.261676 0.0231804 0.0506741 0.307719 0.0306729 0.0286197 0.00763331 0.00546487 0.0230789 0.000295987 0.00013814 0.00576936 0.028105 0.00613687 0.000264923 0.00465812 0.0100447 0.000200156 0.0182251 4.41416e-05 0.000125033 0.00919958 0.0217409 3.32535e-05 0.00286055 6.6016e-05 0.00226988 0.120001 0.0309272 0.000174813 
0.179682 0.0576969 0.0593455 0.304934 0.0423746 0.0295925 0.0199339 2.09888e-05 0.0356624 0.000449721 0.0476544 0.0173713 0.0125637 0.0137569 3.33618e-07 0.028334 0.0259197 0.00487391 0.00207246 7.08383e-06 3.76419e-05 0.0412372 0.0216239 5.29744e-05 0.00665326 0.00170795 0.00594489 0.0345825 0.00574945 0.000163848 
0.0711639 0.0644011 0.062181 0.430407 0.0157029 0.107507 0.0205678 8.10824e-06 0.0183571 0.00525489 0.0010236 0.00874745 0.018481 0.00677301 8.7609e-06 0.00406018 0.0173261 0.000408789 0.0130642 0.000195473 7.67361e-05 0.00484111 0.0539637 0.000946406 0.00668171 4.58088e-05 0.00420109 0.0496408 0.0129159 0.00104764 
0.188632 0.113549 0.146961 0.229225 0.0274817 0.0231337 0.00617085 9.88557e-06 0.0228646 0.00132657 0.00230231 0.022483 0.017695 0.00410886 0.000108241 0.000602248 0.000466592 0.00252245 0.00116998 0.00041345 4.87451e-05 0.0262341 0.100699 2.09697e-05 0.0203121 1.3316e-05 0.0037982 0.0350398 0.00185923 0.00074772 
0.174068 0.0144077 0.0343626 0.461278 0.0432429 0.0304497 0.00349281 0.00182335 0.0128145 0.0124223 0.00438073 0.0110811 0.015276 0.00593468 0.000149068 0.0168658 0.0159643 0.00174426 0.0142745 0.000293727 4.9419e-05 0.00744439 0.0309067 0.00670084 0.00221344 2.42914e-05 0.00354675 0.0673026 0.00437549 0.0031095 
0.151296 0.00768855 0.0418733 0.497675 0.0727518 0.040521 0.00230455 2.84049e-05 0.0164401 0.000586303 0.00277578 0.0069651 0.0648059 0.0074332 9.74003e-08 0.0128812 0.0028693 0.00857121 0.00779061 0.000308807 4.45368e-05 0.00813011 0.00512486 2.39491e-05 0.00185091 1.84857e-05 0.00393157 0.0293433 0.00564513 0.000320545 
0.0576823 0.00457406 0.016387 0.793803 0.0263154 0.0213408 0.00390171 9.2799e-06 0.0125385 0.00191663 0.000675658 0.00279639 0.022994 0.00107471 1.32774e-07 0.00264466 0.00275541 3.35953e-05 0.00763999 2.92441e-05 1.10579e-05 0.0037537 0.00223054 1.652e-05 0.00120298 1.04643e-05 0.00128654 0.0101692 0.00216793 3.88096e-05 
0.101976 0.0318282 0.104956 0.5474 0.010138 0.0090442 0.00660759 0.000468117 0.0217641 4.04746e-05 5.48371e-05 0.0145621 0.0290726 0.00804919 2.32203e-05 0.00758949 0.0182481 4.90769e-05 0.00485954 5.84278e-05 0.000149855 0.0124568 0.0267813 5.57851e-05 0.0182412 4.48973e-05 0.00182894 0.0167033 0.00677446 0.000173591 
0.178717 0.0557882 0.0771147 0.18939 0.0150156 0.0123265 0.0106731 0.00727282 0.023916 0.00368035 0.00219585 0.00993799 0.0212911 0.0142783 0.00229198 0.0112921 0.0277742 0.00144281 0.00722986 0.00291834 0.000142174 0.0160143 0.054524 0.010752 0.00997596 0.000287727 0.00746536 0.170785 0.0505789 0.00492754 
0.0716191 0.0142856 0.125227 0.361234 0.0086954 0.00395105 0.00817322 5.39252e-06 0.0991013 0.000324421 0.000105603 0.00197454 0.00265544 0.00818995 1.84521e-06 0.0120485 0.000798493 0.000310262 0.0173251 8.37775e-06 0.000266764 0.0065356 0.00967648 3.64066e-06 0.00854925 8.3897e-05 0.0025528 0.0275034 0.208744 4.96376e-05 
0.0540548 0.0132268 0.14608 0.507944 0.00762707 0.0276689 0.00788283 1.55016e-05 0.0234665 0.000349956 5.41482e-05 0.009253 0.0481197 0.0372397 4.5207e-05 0.00225556 0.0110218 0.000384002 0.00336742 2.7616e-06 0.00170224 0.0212575 0.00309185 8.76461e-05 0.00269789 0.000338914 0.00266259 0.0515415 0.0164568 0.000103492 
0.129691 0.0195925 0.0879126 0.177673 0.00543354 0.0258321 0.00506778 0.000419193 0.170509 0.00303903 0.00264751 0.00755688 0.0106322 0.00353732 4.56528e-05 0.00612431 0.0226306 0.00249652 0.00081597 0.000181441 1.86862e-05 0.0944733 0.11558 0.00298227 0.0455629 0.00781571 0.0111718 0.0314588 0.00834729 0.000750852 
0.0879985 0.00269209 0.130562 0.439283 0.011589 0.0637562 0.00504637 1.91492e-05 0.0567489 0.000351612 0.00213718 0.0643482 0.021366 0.0196498 1.62645e-07 0.00192181 0.0303427 0.000195303 0.00566962 0.0010575 0.000142388 0.00479748 0.00463135 1.32482e-05 0.0067525 2.64541e-05 0.00341951 0.0261269 0.00927421 8.06559e-05 
0.0576823 0.00457406 0.016387 0.793803 0.0263154 0.0213408 0.00390171 9.2799e-06 0.0125385 0.00191663 0.000675658 0.00279639 0.022994 0.00107471 1.32774e-07 0.00264466 0.00275541 3.35953e-05 0.00763999 2.92441e-05 1.10579e-05 0.0037537 0.00223054 1.652e-05 0.00120298 1.04643e-05 0.00128654 0.0101692 0.00216793 3.88096e-05 
0.0481042 0.0218059 0.24526 0.365969 0.00670543 0.0237141 0.00387647 0.0134532 0.0285582 0.000219166 0.00437945 0.00988501 0.0173604 0.0100642 1.79386e-05 0.000260753 2.35215e-05 0.000128371 0.0629824 0.000259283 0.000330279 0.0460125 0.0242223 4.16562e-05 0.0447309 2.48382e-05 0.00297874 0.0112218 0.00704366 0.000366064 
0.212327 0.0204929 0.0581874 0.255594 0.00747318 0.00676544 0.0199287 0.0117901 0.0105753 0.00081179 0.00233607 0.00602778 0.00862139 0.00321026 6.20938e-05 0.0128987 0.165416 0.00217072 0.00862026 2.67281e-05 0.000145839 0.00448311 0.0142922 0.00630613 0.00262563 2.31946e-05 0.00379964 0.0998556 0.0512014 0.00393202 
0.113615 0.182725 0.127253 0.267271 0.0070094 0.000401909 0.00952097 5.52101e-05 0.015776 9.30691e-06 1.99941e-05 0.00962675 0.0174779 0.00155113 6.61303e-05 0.00892749 0.0207884 2.23269e-06 0.00341542 5.52772e-05 4.57714e-06 0.00383401 0.0482271 3.22402e-05 0.049213 5.37681e-05 0.00041825 0.0982555 0.0143715 2.26131e-05 
0.0562902 0.113858 0.151615 0.274712 0.0123219 0.00518309 0.0314422 1.16739e-05 0.0476552 0.00477659 0.000170843 0.0336703 0.0851579 0.0049051 0.00250463 0.00955211 0.00015835 0.000584807 0.00681811 3.11373e-05 0.000158467 0.0403146 0.0408134 1.5601e-05 0.0248561 2.7727e-05 0.00629591 0.0297819 0.0125505 0.00376733 
0.164732 0.04459 0.0718701 0.242301 0.0146668 0.00528747 0.00479956 0.00632068 0.0222058 0.000550199 0.00409451 0.0413556 0.0699429 0.143201 0.000125262 0.0120693 0.00988264 0.00125092 0.00438156 2.38134e-05 4.79763e-05 0.0114925 0.0317445 0.00202613 0.00699762 2.46151e-05 0.00911919 0.0500988 0.0235624 0.00123499 
0.100482 0.0603805 0.102756 0.233599 0.0035992 0.0102064 0.00201844 6.18462e-06 0.0165943 0.00243874 4.1657e-05 0.0655346 0.0150515 0.0294432 4.42734e-06 0.0011847 0.0251254 0.000552816 0.00286489 1.16003e-05 8.10807e-07 0.000543475 0.168629 0.00193201 0.0071098 7.84905e-06 0.0111229 0.132111 0.00285557 0.00379125 
0.0944071 0.0254101 0.173814 0.479831 0.00219643 0.00368949 0.00572576 0.000450793 0.0172711 0.00184966 0.00138517 0.00824304 0.00466861 0.0292517 0.000284333 0.00359861 0.0173839 0.000673943 0.006972 0.0163525 6.1543e-05 0.00632862 0.0146173 0.0025045 0.00387967 7.51254e-06 0.00248318 0.0401224 0.0348374 0.0016984 
0.108281 0.0238688 0.217181 0.340308 0.0125932 0.00650332 0.0104549 0.000414874 0.0604361 0.00152205 0.000912001 0.00181224 0.0158093 0.00581192 0.000103219 0.00421733 0.0097678 0.00854751 0.00691882 0.0012467 0.000184014 0.0415423 0.0124665 0.000101581 0.0221946 0.000815685 0.00846694 0.0417026 0.0356432 0.000172913 
0.124561 0.0520908 0.0731025 0.172548 0.0242714 0.0187516 0.00411588 0.00177979 0.0344995 0.00338464 0.00240602 0.0302892 0.0126881 0.0104599 3.58354e-05 0.0154555 0.134688 0.00593479 0.005165 0.000163345 4.99321e-05 0.0144397 0.0922744 0.0301357 0.00191235 0.000376295 0.00846642 0.109809 0.0138768 0.00226792 
0.1416 0.0146047 0.0795114 0.518878 0.0149317 0.0120602 0.0151811 4.47671e-05 0.0335419 0.000755066 0.000112032 0.00381502 0.0342072 0.00294224 2.30923e-05 0.00169952 0.00296138 0.000223386 0.00837022 0.000250995 0.000180107 0.00578023 0.00505154 3.1924e-05 0.00694614 3.46774e-05 0.00557996 0.0522588 0.0356233 0.00279912 
0.185389 0.0235462 0.235379 0.254324 0.00984827 0.0114534 0.0105828 3.49144e-06 0.0824075 0.000562207 2.36032e-05 0.0360788 0.00927655 0.019144 6.46102e-05 0.00177219 0.00279771 0.00254039 0.00394824 0.000507636 6.82874e-05 0.00393231 0.0446998 8.63052e-06 0.0305365 1.50522e-05 0.0044238 0.00961451 0.0169671 8.46802e-05 
0.0567763 0.00460148 0.0387647 0.623821 0.0247114 0.0190043 0.00768413 1.12139e-05 0.0461852 0.000306186 0.000199044 0.00958866 0.00616832 0.00559787 1.6153e-05 0.00116541 0.0245186 9.14775e-05 0.0101165 5.0969e-05 0.000133784 0.00784525 0.00255548 5.79642e-05 0.0698512 4.26072e-05 0.00231741 0.0133465 0.0243041 0.000166282 
0.247101 0.0160383 0.111583 0.310842 0.00790616 0.0121795 0.00528557 0.000733322 0.0561573 0.000344145 0.00324092 0.0350315 0.0367705 0.00930189 5.01139e-05 0.00456402 0.015874 0.000489422 0.00487679 4.61742e-05 0.000172363 0.00519976 0.0110111 0.0012439 0.0269067 2.46254e-05 0.00993009 0.052649 0.0126094 0.00183705 
0.051194 0.00297704 0.0372651 0.753852 0.0364638 0.0346124 0.00436135 1.84594e-05 0.0193992 0.000185824 0.00025013 0.00730268 0.00195246 0.00246345 1.81225e-07 0.000151714 0.00753013 2.59806e-05 0.015109 2.94724e-06 4.26904e-05 0.00218942 0.000668194 2.5347e-05 0.00524254 3.73403e-05 0.00303202 0.00599065 0.00755408 9.96547e-05 
0.093809 0.0374624 0.0984151 0.416528 0.0113991 0.00896391 0.00449194 0.00139546 0.011884 0.00039447 0.000801168 0.0171055 0.0411546 0.00966563 2.3116e-05 0.0413234 0.0479764 0.00484471 0.0185667 3.01868e-05 0.000115282 0.0090815 0.0521507 0.0144161 0.0060309 0.000124031 0.00201631 0.0449783 0.00239634 0.00245564 
0.167792 0.201895 0.0734054 0.26763 0.0186308 0.0126697 0.00635881 5.78483e-05 0.0145901 0.0011968 0.0128966 0.006385 0.0094145 0.00530078 6.01992e-05 0.00116785 0.0455969 0.000311303 0.00287273 5.01183e-05 0.000699631 0.00977394 0.0422234 0.00583581 0.0112233 8.61616e-05 0.0101166 0.0460367 0.0255213 0.000200412 
0.111561 0.0996628 0.19583 0.211901 0.0202562 0.0104399 0.00662864 0.0128284 0.0331762 0.00283322 0.00879855 0.0116618 0.0279984 0.0115869 7.69421e-05 0.00486828 0.00149249 0.000511269 0.0140377 0.00378043 0.000249306 0.0516493 0.0386404 0.0018229 0.0398552 0.000765405 0.00898932 0.0398913 0.0238408 0.00436587 
0.0508208 0.00226931 0.0912796 0.584757 0.00949056 0.00057074 0.00626312 3.89089e-06 0.0198066 0.000696108 0.000287868 0.00424279 0.120802 0.000575049 8.19495e-10 0.00233244 0.00879331 0.00159575 0.00578478 1.88664e-05 1.14564e-07 0.000125923 0.00419948 1.64293e-05 0.0590745 6.4899e-08 0.00725545 0.0140096 0.0048887 3.93694e-05 
0.0576823 0.00457406 0.016387 0.793803 0.0263154 0.0213408 0.00390171 9.2799e-06 0.0125385 0.00191663 0.000675658 0.00279639 0.022994 0.00107471 1.32774e-07 0.00264466 0.00275541 3.35953e-05 0.00763999 2.92441e-05 1.10579e-05 0.0037537 0.00223054 1.652e-05 0.00120298 1.04643e-05 0.00128654 0.0101692 0.00216793 3.88096e-05 
0.185548 0.219428 0.0216565 0.278229 0.00397454 0.0276429 0.0194656 0.000771003 0.0221536 0.00109166 0.000986688 0.053774 0.0145268 0.00436646 9.95931e-05 0.00467596 0.00231274 0.000738616 0.00167854 3.30642e-05 2.42631e-06 0.00369927 0.0148318 0.000372796 0.00507951 7.02455e-06 0.00218144 0.0913882 0.0121876 0.0070969 
0.0576823 0.00457406 0.016387 0.793803 0.0263154 0.0213408 0.00390171 9.2799e-06 0.0125385 0.00191663 0.000675658 0.00279639 0.022994 0.00107471 1.32774e-07 0.00264466 0.00275541 3.35953e-05 0.00763999 2.92441e-05 1.10579e-05 0.0037537 0.00223054 1.652e-05 0.00120298 1.04643e-05 0.00128654 0.0101692 0.00216793 3.88096e-05 
0.0910872 0.0101629 0.074122 0.361363 0.00154511 0.0196062 0.00186747 2.81531e-06 0.0135269 0.00148139 0.0002136 0.00587129 0.246507 0.00699497 1.2113e-05 0.000990636 0.0233561 5.93313e-05 0.00350787 3.79683e-05 0.000318723 0.00732332 0.00486597 9.44502e-05 0.0109931 1.35652e-05 0.0187598 0.0421416 0.0528584 0.000315094 
0.051194 0.00297704 0.0372651 0.753852 0.0364638 0.0346124 0.00436135 1.84594e-05 0.0193992 0.000185824 0.00025013 0.00730268 0.00195246 0.00246345 1.81225e-07 0.000151714 0.00753013 2.59806e-05 0.015109 2.94724e-06 4.26904e-05 0.00218942 0.000668194 2.5347e-05 0.00524254 3.73403e-05 0.00303202 0.00599065 0.00755408 9.96547e-05 
0.293381 0.0202157 0.0624859 0.414888 0.00995941 0.0239275 0.0122127 1.25849e-05 0.022567 2.96092e-05 3.43161e-05 0.0133525 0.00274584 0.000223801 1.6805e-06 6.38431e-05 0.000876546 7.66719e-05 0.0161958 2.53953e-05 2.74798e-07 0.000470532 0.00377579 8.57872e-06 0.0202787 2.43539e-05 0.0085391 0.0271786 0.0451717 0.00127647 
0.0481542 0.021585 0.0590943 0.377364 0.00627977 0.0229897 0.0334655 1.12578e-06 0.131851 0.000107664 5.51223e-05 0.0134256 0.0263865 0.0146 2.4827e-07 6.67591e-06 0.00288265 0.0463377 0.0189338 4.85812e-07 6.54652e-05 0.00546472 0.0119893 1.13009e-05 0.00431352 3.25085e-05 0.00151764 0.141303 0.00815607 0.00362499 
0.103155 0.0590998 0.0752672 0.268093 0.00388505 0.00210987 0.00387146 0.000461649 0.0110066 0.000173207 1.87902e-05 0.0318503 0.0210616 0.0228487 1.50058e-05 0.00740429 0.00487186 8.41244e-05 0.00145636 0.000188357 0.000147824 0.00826952 0.141942 0.00294082 0.0186822 7.78461e-06 0.000876969 0.205157 0.00444774 0.000605664 
0.180595 0.0104777 0.0857971 0.273874 0.0170615 0.00820602 0.00519519 0.000486522 0.021899 0.00131031 0.00100044 0.00713064 0.0107068 0.00420826 5.35436e-05 0.00664662 0.215689 0.000858604 0.0169183 4.13564e-05 7.2176e-05 0.00761071 0.00962765 0.00638541 0.00445555 0.000294882 0.00329591 0.052333 0.0460854 0.00168285 
0.19132 0.0168594 0.0904364 0.251963 0.0136161 0.00748118 0.00988462 0.0008799 0.0250439 0.00830735 0.00117756 0.00316718 0.19357 0.019596 9.06639e-05 0.00362531 0.0127778 0.00048489 0.00471739 0.00621048 0.000401131 0.0185361 0.0207704 0.000320071 0.00321315 0.000104335 0.0068745 0.0707754 0.017459 0.000335982 
0.160322 0.0452546 0.0685737 0.180283 0.0179964 0.00907816 0.0097349 0.00285712 0.0348265 0.00352393 0.00642801 0.026817 0.042382 0.0710786 0.000427986 0.0128703 0.015303 0.00239892 0.0100102 0.00113667 0.000223299 0.0234186 0.0801598 0.00941007 0.0133968 0.000812843 0.00755589 0.112404 0.0279142 0.00340177 
0.0959779 0.0076919 0.0348929 0.734377 0.0471061 0.0148946 0.00348063 9.69889e-06 0.0119045 1.93487e-05 4.48508e-05 0.00371904 0.0029924 0.000966233 1.6139e-05 6.8433e-05 0.00107339 1.84265e-05 0.0128209 5.11012e-05 9.95722e-05 0.00252731 0.00230676 1.65768e-05 0.0019806 8.11094e-05 0.00195807 0.0112744 0.00751669 0.000112839 
0.0320242 0.100623 0.155296 0.194503 0.036875 0.00467973 0.0255627 9.73088e-05 0.140927 0.00940104 0.0245994 0.0164303 0.00430593 0.00574929 2.9046e-05 0.00231132 0.00406369 2.12055e-05 0.00218882 1.13885e-08 1.82137e-06 0.0259462 0.0142426 0.0299312 0.0135464 2.82452e-05 0.00842206 0.0498488 0.0969801 0.00136509 
0.207191 0.0225423 0.0584818 0.362931 0.0195506 0.00738009 0.00167086 0.000263266 0.0229626 0.00104585 0.00267414 0.00335554 0.138918 0.00816327 5.89941e-05 0.00347419 0.0260517 0.000309077 0.00431511 0.00102344 0.000132341 0.0180163 0.0203263 0.00269622 0.00682312 0.000273393 0.00125409 0.0495279 0.00732765 0.00125896 
0.193467 0.0243553 0.267745 0.306574 0.0109003 0.00320803 0.0102898 2.49173e-05 0.032553 7.8242e-05 6.04091e-05 0.0182227 0.0154732 0.00831261 4.95272e-05 0.000912043 0.00403198 0.00143588 0.00408745 0.000931261 6.43504e-05 0.0167446 0.0280755 2.12596e-05 0.00787675 5.23201e-06 0.00237173 0.0280769 0.0139721 7.85977e-05 
0.275209 0.0113652 0.107269 0.414456 0.0126645 0.0101038 0.00887862 4.40464e-05 0.0235256 0.000274957 0.000207449 0.00163597 0.0311928 0.00149861 9.78612e-06 0.000734305 0.000957543 0.000334996 0.00804904 5.46365e-06 5.31429e-05 0.00955053 0.00334594 1.8399e-05 0.00702217 2.09953e-05 0.00446861 0.0307751 0.0362529 7.53806e-05 
0.0528576 0.00914438 0.0632385 0.572659 0.0069541 0.0114493 0.00176724 0.000259752 0.0515193 0.00186119 5.80077e-05 0.00223358 0.0774672 0.00284916 2.00336e-07 0.00742282 0.0254165 0.00142699 0.0287572 3.89169e-05 8.64109e-06 0.000840995 0.0147285 0.00180176 0.00410478 3.15537e-05 0.0116067 0.0420257 0.00415934 0.00331064 
0.0850714 0.0183689 0.0814869 0.214891 0.147979 0.0684163 0.0998029 0.000140735 0.0850917 1.25235e-05 8.7377e-05 0.000365295 0.000119317 5.82705e-05 8.2216e-11 0.000227163 9.59796e-06 5.4591e-06 0.0521907 6.23613e-07 2.42208e-06 0.0139934 0.00243282 8.25768e-06 0.00360232 0.000120523 0.00220066 0.0136977 0.109609 7.5085e-06 
0.190958 0.0460682 0.0272168 0.281188 0.00388891 0.0106138 0.00826504 0.000287638 0.0179304 0.0010714 0.00447377 0.00729327 0.0241392 0.132853 0.000108015 0.00191322 0.0129784 0.00131651 0.0216318 0.00046025 0.0766305 0.00625522 0.00657189 0.00113609 0.00570257 7.24531e-06 0.0318463 0.0619919 0.0137544 0.00144851 
0.051194 0.00297704 0.0372651 0.753852 0.0364638 0.0346124 0.00436135 1.84594e-05 0.0193992 0.000185824 0.00025013 0.00730268 0.00195246 0.00246345 1.81225e-07 0.000151714 0.00753013 2.59806e-05 0.015109 2.94724e-06 4.26904e-05 0.00218942 0.000668194 2.5347e-05 0.00524254 3.73403e-05 0.00303202 0.00599065 0.00755408 9.96547e-05 
0.104074 0.00818122 0.0344938 0.356425 0.00566498 0.0175363 0.00186498 0.00606031 0.00459655 0.00291278 0.007416 0.0171348 0.00206246 0.00250615 2.27183e-05 0.017295 0.0293708 0.222294 0.00200521 8.36834e-06 3.10199e-07 0.000321237 0.0158304 0.0283795 0.00308523 1.33412e-05 0.013896 0.0839982 0.00408673 0.00846326 
0.116211 0.0883159 0.043584 0.175279 0.0181874 0.00415003 0.0952219 0.00124045 0.0580255 0.0015286 0.00222775 0.0100717 0.00625011 0.00415033 8.71059e-06 0.0105953 0.00453225 0.00176448 0.00275964 5.9998e-05 2.47178e-05 0.0080584 0.0731205 0.00229235 0.0119906 0.000239875 0.00413568 0.163727 0.0876444 0.00460227 
0.163545 0.0171896 0.117623 0.181466 0.0134166 0.00494587 0.0132095 0.000395708 0.0337484 0.0036094 0.00021453 0.0204983 0.0232417 0.00897822 3.94907e-05 0.00916732 0.0155718 0.00178308 0.00338814 4.21422e-05 8.6646e-08 0.00553806 0.0428951 0.00153831 0.00148261 1.42275e-06 0.037617 0.108207 0.162134 0.00851223 
0.0974267 0.010853 0.0495529 0.394595 0.00250473 0.00843545 0.00128072 0.00248268 0.00265448 0.00148532 0.00319517 0.0147548 0.00119377 0.00162528 9.04206e-07 0.0213616 0.194964 0.00936998 0.0593064 7.59724e-06 1.4091e-09 0.000124663 0.0197953 0.017641 0.00205694 4.5592e-06 0.00574525 0.0717399 0.00227097 0.00357141 
0.0959124 0.0279256 0.106221 0.415356 0.00292979 0.007153 0.00254679 0.001743 0.00777957 0.00130219 0.00446908 0.021746 0.00333672 0.00448429 6.0638e-05 0.0121211 0.0991908 0.00512195 0.0374308 2.29652e-05 2.99727e-06 0.000943658 0.0411607 0.010916 0.00275056 6.03474e-06 0.0066974 0.0683715 0.0090329 0.00326501 
0.0343604 0.054828 0.0748738 0.206516 0.00468468 0.000729943 0.00335385 0.00384312 0.0169466 0.0106136 0.00328781 0.00750464 0.0248019 0.0101623 2.364e-05 0.149092 0.0745873 0.00119201 0.000150982 7.7863e-06 8.03154e-08 0.0100504 0.112545 0.00411199 0.000773314 1.12967e-05 0.000386599 0.149485 0.00562625 0.0354498 
0.148131 0.179842 0.129514 0.181132 0.0101703 0.0253616 0.00862026 0.00126673 0.0408767 0.000365934 0.00217858 0.0150627 0.00918513 0.0113523 0.00043055 0.00449852 0.011487 0.0010246 0.00298236 0.000244722 0.000107125 0.0116419 0.0198383 0.00329527 0.007457 0.000281136 0.0252427 0.0753165 0.0723104 0.00078306 
0.086717 0.0081411 0.0387143 0.695465 0.0231406 0.0226411 0.00908069 8.59548e-06 0.0161354 0.00168216 0.00144166 0.00329055 0.0236966 0.00185442 1.20263e-05 0.00267809 0.00204968 6.50402e-05 0.00845267 6.54966e-05 7.54637e-05 0.00694829 0.00247036 2.61479e-05 0.00181448 1.27092e-05 0.00622646 0.0280191 0.00894801 0.000126236 
0.0920142 0.136181 0.0469941 0.214631 0.020216 0.0421559 0.0338168 0.000213148 0.0867293 0.000249388 0.0114258 0.024776 0.0143536 0.0051448 5.60813e-05 0.00395892 0.00664202 0.00030442 0.0178581 0.000139712 7.74617e-05 0.00738402 0.00928241 0.000381156 0.00333701 2.98913e-05 0.00259977 0.0324553 0.185996 0.000597539 
0.344203 0.0159385 0.0408874 0.367018 0.00546332 0.00597189 0.0040723 0.000649535 0.0201229 0.000361241 0.00101062 0.00989459 0.0131255 0.011747 4.7247e-05 0.00366746 0.0335953 0.011482 0.0223768 2.61445e-05 4.20654e-05 0.000976373 0.00821173 0.0143829 0.0109728 0.000111076 0.00896721 0.0387122 0.00240462 0.0035587 
0.074238 0.0233778 0.0946771 0.288365 0.00454397 0.000506888 0.0306273 0.128101 0.0931672 3.41795e-06 4.39203e-05 0.00492231 0.0240816 0.00366984 0.00129664 1.43554e-05 4.73926e-05 4.30625e-05 0.000264752 2.30562e-06 0.00171818 0.00150593 0.0438331 0.000533675 0.162453 1.3522e-05 0.000864896 0.0166881 0.000362396 3.31491e-05 
0.183542 0.0480438 0.0851539 0.209608 0.0192776 0.017704 0.0277858 0.00126604 0.0615009 0.00295713 0.00472687 0.010061 0.0437491 0.0294276 0.000757303 0.0104223 0.0181131 0.000665498 0.00855142 0.00449348 0.000801026 0.0152015 0.0452769 0.00498275 0.0162726 0.000442598 0.00732779 0.101975 0.0180951 0.00181793 
0.191302 0.0336015 0.0730834 0.302615 0.00403598 0.0296608 0.00466464 0.0154283 0.0123288 0.00088504 0.00159471 0.0112316 0.06555 0.0126769 0.000406384 0.00822703 0.0125472 0.00251404 0.0173886 0.000197671 0.00060054 0.0098145 0.0174858 0.00334121 0.00372004 2.21665e-05 0.0070138 0.134308 0.0213433 0.00241157 
0.135369 0.00843729 0.135549 0.239242 0.00129185 0.000581706 0.00224924 8.94832e-05 0.0943138 0.00962861 0.000979893 0.00115939 0.0231724 0.112741 4.83158e-07 0.0172113 0.00469439 0.000914869 8.48295e-05 2.11671e-08 1.14252e-06 0.00967123 0.0161444 5.8057e-05 0.000360489 1.57197e-07 0.000107288 0.171922 0.014023 1.56809e-06 
0.130399 0.00977524 0.0523913 0.350962 0.0139314 0.0353994 0.00653759 3.18093e-05 0.0475381 0.00188498 0.000129753 0.0273103 0.0753221 0.00773485 1.82619e-05 0.0114945 0.0611411 0.00129063 0.0176993 2.75046e-06 1.76703e-05 0.0136319 0.0325633 0.001583 0.0118213 4.96011e-05 0.00230059 0.0395013 0.0188878 0.0286492 
0.13383 0.0237475 0.151288 0.230911 0.00607243 0.0345302 0.0179916 0.000286982 0.046754 0.00564176 0.00590319 0.00913305 0.0423519 0.0349879 0.00258231 0.00175982 0.00635804 0.00168603 0.00714445 4.77474e-05 0.000197647 0.0302788 0.0446385 2.66172e-05 0.00350855 0.00234594 0.00540047 0.0644237 0.0857904 0.000380747 
0.194051 0.0558713 0.0428457 0.350903 0.000537415 0.000505251 0.0042943 0.000567629 0.00252619 0.000103999 0.00022389 0.010322 0.00118452 0.00364451 5.40707e-07 0.202553 0.00588049 3.5233e-07 0.000262929 3.46536e-05 1.26812e-06 0.0108228 0.0641127 1.34562e-06 0.00177612 1.35123e-05 0.000697257 0.04587 0.000360438 3.18116e-05 
0.336306 0.0174666 0.0274396 0.466461 0.0154608 0.00956602 0.00585441 9.34568e-06 0.0144212 2.07611e-05 2.89395e-05 0.00886236 0.00190341 0.00312099 2.83189e-05 0.00066156 3.05066e-05 0.000331179 0.00623307 0.000785872 0.00173697 0.00366117 0.00951763 4.84123e-06 0.0143364 1.02165e-05 0.00304732 0.0455598 0.00693355 0.000200204 
0.220547 0.0135878 0.0762268 0.494873 0.0099339 0.00892326 0.0141861 3.38408e-05 0.037494 0.000316945 0.000159481 0.00720596 0.00769344 0.0251962 0.000231787 0.00103107 0.00153843 5.19276e-05 0.00286785 2.03083e-05 6.80885e-05 0.0103132 0.00264679 6.35314e-05 0.00131698 6.03671e-05 0.00126177 0.0412486 0.0208252 7.69792e-05 
0.234092 0.012619 0.0279648 0.355313 0.00592481 0.0139075 0.00484457 0.000233783 0.026115 0.00063966 0.00340465 0.00813191 0.0809996 0.00553693 2.41439e-05 0.00438347 0.13521 0.00117715 0.00661346 0.000290223 0.000127678 0.00665636 0.00976686 0.00134456 0.00529827 0.001062 0.00177571 0.0297655 0.015932 0.000845102 
0.174402 0.00539731 0.0349586 0.622567 0.0422237 0.0223455 0.00502815 1.81037e-05 0.0216431 0.000173434 0.000384775 0.00385035 0.00467782 0.00141077 9.56632e-06 0.000306721 0.00569685 3.17035e-05 0.0144133 3.28451e-05 7.6034e-05 0.00947721 0.00132544 1.58003e-05 0.00711796 2.93792e-05 0.00327027 0.00870668 0.0102755 0.000134478 
0.0158997 0.0169201 0.00570276 0.779595 0.00440314 0.0022642 0.00140538 1.82043e-06 0.00233857 0.000104176 2.33458e-05 0.000520267 0.0123953 0.000196852 1.49815e-07 0.00057805 0.0353248 1.55128e-05 0.00388606 4.06076e-07 7.06683e-05 0.00114929 0.0053133 6.58985e-05 0.0973355 7.82226e-06 0.000191093 0.0088755 0.00534417 7.12289e-05 
0.189944 0.0164252 0.0352637 0.404156 0.0279194 0.00781641 0.0031422 0.000397784 0.0128939 0.000889174 0.00144302 0.0212866 0.0864807 0.0224385 0.000229045 0.0119591 0.0142417 0.00092686 0.00199909 1.57708e-05 0.000155243 0.00200254 0.0294935 0.0174818 0.0200218 1.21581e-05 0.00490215 0.0547705 0.00552031 0.0057716 
0.0357875 0.00424856 0.114226 0.359094 0.0200387 0.0274665 0.00223793 1.26015e-05 0.0737088 0.00861822 5.48503e-05 0.00567986 0.0946088 0.00311951 1.77166e-06 0.0129876 0.105146 0.000286848 0.0200542 2.86647e-05 6.04646e-06 0.000589714 0.00981178 0.00599505 0.00229076 0.000313269 0.0616064 0.0254464 0.00288754 0.00364603 
0.142879 0.0120952 0.0858946 0.303094 0.0145148 0.0151347 0.0698502 0.00154319 0.0635725 0.000845331 0.000718641 0.0105775 0.0335785 0.00656074 6.84595e-05 0.00511952 0.0074078 0.000731817 0.0112416 0.000218383 0.000221891 0.00805089 0.023113 0.00279871 0.0574165 4.49864e-05 0.0117287 0.0922225 0.017569 0.0011869 
0.296298 0.0328875 0.0625378 0.404463 0.00747641 0.0123416 0.00840508 4.87298e-05 0.0270267 0.000217293 0.000337394 0.00464331 0.0219002 0.00797282 2.55631e-05 0.000981288 0.0074942 0.000193605 0.0146278 0.000338405 0.000298289 0.00687593 0.00582418 2.0823e-05 0.00658848 1.44384e-05 0.00303915 0.0344341 0.0323336 0.000354278 
0.175592 0.0536993 0.0729011 0.19378 0.00784746 0.0106143 0.00888048 0.00132896 0.0260385 0.00622367 0.00237303 0.0377614 0.0462248 0.0616388 0.000457527 0.00725835 0.0557574 0.00337192 0.0046331 0.000359537 0.000112545 0.0081901 0.038745 0.00951247 0.0120672 0.000304447 0.00691363 0.118468 0.018595 0.0103491 
0.0640555 0.00783015 0.0430354 0.460299 0.00223898 0.00454085 0.0024833 0.00161865 0.00576812 0.00079586 0.00185507 0.00992975 0.00119223 0.00120353 5.86732e-06 0.011444 0.133574 0.0101782 0.0453862 4.07886e-06 3.23297e-07 0.000119598 0.0139182 0.0950001 0.0182017 6.52442e-06 0.00336983 0.0522867 0.00194191 0.00771588 
0.0576823 0.00457406 0.016387 0.793803 0.0263154 0.0213408 0.00390171 9.2799e-06 0.0125385 0.00191663 0.000675658 0.00279639 0.022994 0.00107471 1.32774e-07 0.00264466 0.00275541 3.35953e-05 0.00763999 2.92441e-05 1.10579e-05 0.0037537 0.00223054 1.652e-05 0.00120298 1.04643e-05 0.00128654 0.0101692 0.00216793 3.88096e-05 
0.111154 0.155324 0.0291865 0.1994 0.0455789 0.0301128 0.0303874 0.000483536 0.043454 0.0118223 8.89251e-05 0.00106604 0.00154575 0.0115466 1.46387e-07 0.00351947 0.000134336 0.000488801 0.000895253 1.16941e-05 0.000139122 0.00845505 0.0364558 2.98631e-06 0.00239468 6.59292e-06 0.0474602 0.115536 0.112452 0.000896464 
0.0606379 0.0191316 0.098938 0.347263 0.0337814 0.0948261 0.00795118 0.000167059 0.0778046 0.0111275 0.00135778 0.0296248 0.0105708 0.00352895 2.20149e-05 0.00336724 0.0733798 0.000422085 0.0248025 3.17582e-05 8.42815e-05 0.00796054 0.00818959 0.00721345 0.0133508 4.61601e-05 0.00655369 0.0290722 0.0172976 0.0114958 
0.0491451 0.00968864 0.122989 0.610969 0.00610041 0.0174486 0.00355953 0.000130347 0.0255964 5.90268e-05 2.97136e-05 0.000977787 0.0565229 0.00822153 4.35659e-08 0.00156091 0.000209287 0.000185611 0.00153973 0.000590111 0.000134655 0.01025 0.00216487 1.27049e-05 0.00431147 2.33944e-05 0.00164494 0.0183745 0.0474942 6.61841e-05 
0.0391687 0.100517 0.0313981 0.704934 0.00115676 0.000338169 0.0613925 2.85936e-06 0.00630088 6.67006e-06 4.1682e-05 0.00530915 0.00969285 0.00275863 9.98206e-07 0.000629092 0.0178434 6.5058e-07 0.000344102 1.95294e-06 2.12103e-06 0.000337926 0.00649664 2.22596e-05 0.000751637 1.07557e-06 0.000246254 0.00924214 0.000993855 6.85577e-05 
0.111158 0.0129423 0.0917433 0.126664 0.0247126 0.00812985 0.0182472 0.000248943 0.104161 0.028819 0.00663548 0.0536506 0.119508 0.00839798 4.21801e-05 0.00509636 0.00592531 0.00331692 0.00597169 0.000953567 4.67866e-05 0.0561357 0.0238063 0.000425672 0.0129323 3.33235e-05 0.00501682 0.106841 0.0578149 0.000623271 
0.0677148 0.00625847 0.00758733 0.368058 0.00464217 0.00470048 0.0552605 1.36523e-05 0.131935 0.0011061 0.000947911 0.0034322 0.159702 0.000384916 1.88095e-07 0.0199328 0.0719023 0.000191434 0.00370488 0.000344579 2.96633e-05 0.015824 0.00772796 4.36092e-05 0.0103492 7.76978e-05 0.00134156 0.0414773 0.0135625 0.00174657 
0.0767439 0.032227 0.050304 0.277733 0.0275846 0.0103396 0.0274531 0.000194272 0.21676 0.000336344 0.0011042 0.00460145 0.0245567 0.00311285 5.93566e-05 0.00407416 0.0207483 0.000844228 0.0672463 0.000135885 8.67874e-05 0.0026182 0.0255123 0.0112873 0.0827982 6.18566e-05 0.0077 0.0178884 0.00437575 0.00151158 
0.0414453 0.0553064 0.122098 0.349901 0.00900581 0.00858234 0.0709414 1.0563e-05 0.098058 0.000240847 0.000221923 0.0088358 0.00714978 0.00403139 0.0030724 0.01936 0.0295766 2.40429e-05 0.0104128 2.03387e-05 3.05834e-05 0.0548989 0.0387792 6.96106e-05 0.02954 0.000470484 0.00297623 0.0284827 0.00630616 0.000151105 
0.123114 0.00977616 0.147618 0.204418 0.0773632 0.0895142 0.0274276 6.17729e-05 0.165859 0.000147921 0.000399805 0.00794168 0.00314529 0.000904982 1.35358e-05 0.00030013 0.00334462 0.000187766 0.0211409 1.25747e-05 3.47107e-05 0.00730021 0.00067935 5.41428e-05 0.0136742 0.00181602 0.0652648 0.0125032 0.0151773 0.000805603 
0.0923573 0.0047225 0.0818073 0.209804 0.00811024 0.00719329 0.00177408 2.94803e-05 0.0200941 0.029952 0.00320932 0.0049872 0.138487 0.017565 2.31529e-08 0.00689097 0.132442 0.00369335 0.00308939 0.000566133 0.000226512 0.0142336 0.0317508 0.0013712 0.0035946 1.63241e-05 0.00150058 0.145944 0.0337238 0.000864752 
0.0642738 0.051456 0.0119247 0.19485 0.00364403 0.00222524 0.00614985 0.00310722 0.0332758 0.00364735 0.00207716 0.00817058 0.0298573 0.00790204 3.60033e-06 0.0848173 0.0944942 0.00247632 0.0799132 2.38451e-06 1.37305e-05 0.000431801 0.103621 0.0532187 0.0148133 6.74323e-05 0.00117911 0.132928 0.000629862 0.00882945 
0.0759251 0.00828287 0.182598 0.391605 0.0223698 0.0178343 0.00751957 0.00570882 0.0604957 0.00029179 0.000238188 0.00428888 0.0148763 0.00884663 9.49331e-06 0.00138399 0.000935066 0.000224025 0.0389158 5.63754e-05 0.000173152 0.0106884 0.0043727 3.08791e-05 0.00941768 4.2055e-05 0.00810358 0.0209178 0.103745 0.000103272 
0.165845 0.0509272 0.0239968 0.661668 0.00366298 0.00279923 0.0063613 5.72785e-06 0.00879819 7.18232e-06 1.12473e-07 0.00225059 0.00282497 0.000992626 3.07378e-07 8.34311e-05 0.000163112 2.00266e-07 0.00233926 6.01592e-07 7.47052e-06 0.00118125 0.00376634 2.8947e-06 0.0204407 7.93397e-08 0.000662456 0.0152069 0.0259416 6.31316e-05 
0.243732 0.0144741 0.125955 0.35879 0.0121298 0.00769714 0.00719451 0.000640638 0.0115521 0.000736246 0.00448206 0.00530075 0.00226183 0.00169791 2.15891e-06 0.00638792 0.00329664 0.000447956 0.00282904 7.49588e-07 3.38948e-09 0.00615947 0.00227494 0.000860603 0.00179524 7.44169e-06 0.0061918 0.121626 0.0508066 0.000669872 
0.106399 0.0656683 0.11189 0.263133 0.00231703 0.00446168 0.0029762 4.75422e-05 0.0457447 0.000185964 7.85764e-05 0.0153027 0.0157509 0.0470197 1.12475e-05 0.0379813 0.0165986 0.000244456 0.0016907 8.24838e-06 0.000469802 0.00645158 0.198932 9.59782e-06 0.00126754 2.12826e-05 0.000936905 0.0504571 0.00226112 0.00168283 
0.0294892 0.0144735 0.0731965 0.231328 0.00360586 0.0170269 0.00554786 0.000143595 0.0470918 0.00105529 0.000847126 0.0134357 0.0651211 0.0845003 3.52839e-05 0.00681673 0.00169009 0.000184372 0.00700027 0.166355 1.65233e-08 0.000633729 0.0127067 1.27013e-05 0.00689335 0.000123803 0.00106715 0.172237 0.00137302 0.0360087 
0.166313 0.00916998 0.0432579 0.287322 0.00446626 0.00892149 0.00456668 0.000240392 0.00903365 0.00141707 0.00129308 0.00675831 0.202733 0.0229586 0.000214818 0.0233588 0.0101811 0.000742774 0.00213738 8.70203e-05 0.000122091 0.00438241 0.00928179 0.000485467 0.0172827 3.59698e-05 0.00842861 0.12536 0.0276797 0.00176809 
0.211891 0.00173335 0.0862021 0.465672 0.0149469 0.00538581 0.00189885 7.13399e-05 0.0147526 1.77545e-05 7.20349e-05 0.000174161 0.00160261 0.00138873 0.00154051 0.00726626 0.000446692 0.0364324 0.000148828 0.00010409 3.22755e-05 0.0897347 0.00206073 5.55557e-06 0.000787754 4.71975e-05 0.0039277 0.0156849 0.0359492 2.17784e-05 
0.191291 0.0174439 0.0689279 0.211447 0.0163393 0.00488664 0.00313288 0.000926692 0.0200279 0.00171157 0.00437705 0.026451 0.0614954 0.0125445 0.00215208 0.00853451 0.103565 0.00348961 0.00436698 0.0251649 8.29258e-05 0.00907447 0.0413389 0.011815 0.00428964 1.81863e-05 0.0110278 0.119993 0.00945026 0.0046334 
0.0987612 0.0941001 0.11168 0.343862 0.0125118 0.0146481 0.0631596 0.000421341 0.0326803 0.0042638 0.0018366 0.00385137 0.028041 0.0045071 0.000267987 0.0216133 0.0107871 0.000253906 0.00917815 2.84383e-05 7.92652e-05 0.0356416 0.0345423 0.00150665 0.0104688 0.000197028 0.00229348 0.0410813 0.0117798 0.00595658 
0.169232 0.0233295 0.0518559 0.352984 0.00633104 0.015151 0.00786509 0.00236362 0.031179 0.00191427 0.0020745 0.0243485 0.0568825 0.0100894 9.30255e-05 0.00669108 0.0408539 0.00142272 0.00357706 0.00019668 0.000103772 0.00433314 0.0235233 0.0190508 0.0216274 0.000152936 0.00576877 0.0961588 0.0149801 0.0058665 
0.14795 0.0678487 0.0369457 0.588935 0.0131619 0.00435944 0.0274281 2.87629e-06 0.0146669 7.93948e-05 5.76467e-05 0.00155003 0.0193462 0.00118484 9.96672e-06 0.00209251 0.034298 2.75119e-05 0.00289679 2.9859e-05 5.43011e-05 0.000865274 0.0105386 3.94195e-05 0.00710627 3.44519e-06 0.000849846 0.0143602 0.0032152 9.63693e-05 
0.207944 0.0360455 0.183927 0.291317 0.029407 0.0268421 0.0133602 0.00010002 0.0233404 9.56032e-05 0.000376497 0.00560156 0.0119447 0.00935744 0.0033649 0.00365603 0.00961173 0.000249547 0.00698497 5.24461e-05 0.000118164 0.00605555 0.030729 0.000264791 0.00990412 4.90283e-05 0.00407454 0.0463165 0.0380349 0.000875323 
0.086717 0.0081411 0.0387143 0.695465 0.0231406 0.0226411 0.00908069 8.59548e-06 0.0161354 0.00168216 0.00144166 0.00329055 0.0236966 0.00185442 1.20263e-05 0.00267809 0.00204968 6.50402e-05 0.00845267 6.54966e-05 7.54637e-05 0.00694829 0.00247036 2.61479e-05 0.00181448 1.27092e-05 0.00622646 0.0280191 0.00894801 0.000126236 
0.170855 0.0465506 0.0550026 0.298579 0.00148861 0.0109544 0.00231977 2.96231e-05 0.00806112 0.000166551 0.000939509 0.0865298 0.100553 0.101033 1.12381e-05 0.000181356 0.00933711 0.000145151 0.0016191 2.95391e-05 1.61131e-05 0.00144045 0.0156906 1.33979e-05 0.00354753 1.16029e-05 0.0011143 0.0798878 0.00350844 0.000383806 
0.0768824 0.00532917 0.112671 0.288612 0.0336371 0.00634604 0.00244469 0.00131416 0.0345979 0.00418366 0.00815362 0.0121967 0.0129753 0.00101685 1.46113e-05 0.00444901 0.0177488 0.0360346 0.00388138 0.000144666 0.000147475 0.0299982 0.00592929 0.00134413 0.0245772 1.40428e-05 0.00947679 0.0356532 0.222681 0.00754482 
0.16362 0.00466574 0.0611362 0.440518 0.0209536 0.0113132 0.00835734 0.00306889 0.0286325 8.7876e-05 0.00763421 0.0306048 0.088635 0.00428305 2.10914e-07 0.0142732 0.00109909 0.000239049 0.00490085 4.54351e-05 1.23681e-05 0.0309619 0.00691726 0.000479285 0.00930775 4.29601e-05 0.00585771 0.040779 0.0114908 8.2763e-05 
0.0765765 0.00636948 0.0309198 0.154851 0.00555252 0.00660921 0.00212371 0.00225916 0.00752456 0.00485519 0.00150498 0.0887972 0.114305 0.0201367 0.000111917 0.152471 0.0213182 0.00487908 0.0574596 5.5745e-05 8.69651e-05 0.00249093 0.0188029 0.0989601 0.0151333 6.67953e-05 0.003921 0.0699517 0.0280934 0.00381224 
0.128725 0.044234 0.0458499 0.441957 0.00463011 0.0122895 0.00512087 0.000502026 0.0226379 0.000845697 0.0018132 0.0142247 0.0053237 0.0108915 0.00203437 0.0175208 0.0645072 0.000815408 0.00956898 5.97722e-05 0.000197046 0.00286498 0.0464769 0.0024342 0.00174818 0.000565247 0.00239998 0.103846 0.00427501 0.00164137 
0.194576 0.0202371 0.109999 0.200478 0.0480888 0.0202689 0.0166627 0.000778954 0.10321 0.000122353 7.44574e-05 0.00251655 0.0317894 0.0087514 2.56356e-05 0.000992292 0.000516608 9.0167e-05 0.00669314 1.75328e-05 0.000448464 0.0346977 0.0121668 3.5946e-05 0.0461866 0.000109027 0.00255547 0.0586198 0.0792461 4.4589e-05 
