0.0366279 0.0067084 0.0788095 0.0107922 0.147169 0.0880241 0.109376 0.00044839 0.143318 9.293e-06 2.59176e-05 6.79811e-05 0.00570976 9.86422e-05 2.71815e-09 0.0116848 0.00123062 9.52881e-05 0.144251 8.92398e-09 1.46497e-05 0.0101388 0.000123951 1.75381e-05 0.005304 0.00157361 0.0680457 0.0244809 0.105853 3.58756e-08 
0.0367004 0.000807558 0.016698 0.0108819 0.522926 0.330991 0.00451777 4.73785e-05 0.0260374 0.000110835 0.000665584 0.000153918 0.000441715 6.84129e-05 3.33751e-09 0.00249966 3.30083e-05 1.36109e-05 0.0048707 2.47125e-06 3.84358e-08 0.000838203 0.000888326 9.25167e-06 0.00079107 0.000106189 0.0329759 0.00478822 0.00112718 8.72966e-06 
0.0457082 0.00177821 0.00969288 0.0102628 0.592918 0.223475 0.00345133 5.35611e-05 0.0457295 0.015078 0.00150249 0.000394684 0.000216018 9.69371e-05 1.85228e-07 0.00477424 6.15673e-05 2.67208e-05 0.00558343 9.06588e-08 1.09951e-07 0.00136806 0.000994045 4.05058e-05 0.000348553 6.84648e-05 0.0325276 0.0034378 0.000402396 8.34762e-06 
0.0725108 0.00984507 0.0278493 0.0729713 0.276852 0.126557 0.00910217 0.000221481 0.0971235 0.0387221 0.00531477 0.00508149 0.0101224 0.00233471 1.32332e-05 0.0102928 0.00319878 0.000857971 0.0329659 1.98423e-05 6.8339e-05 0.00359225 0.0172211 0.0516406 0.0199629 7.03424e-05 0.0177859 0.029915 0.0564044 0.00138263 
0.159491 0.0314454 0.0635966 0.0550457 0.21922 0.0192985 0.0102599 0.00351249 0.0446542 0.00419989 0.000516659 0.00267907 0.0524109 0.0145555 2.43956e-05 0.025332 0.00254399 0.00023045 0.00101474 0.00958818 5.83589e-05 0.0674967 0.109051 4.59203e-05 0.00431442 0.000287506 0.00059464 0.0703875 0.0281431 7.56648e-07 
0.0224735 0.0080936 0.0236027 0.00331866 0.521227 0.0506574 0.0112038 0.000300223 0.268736 0.000304623 0.00165045 0.000122081 0.000741869 0.000161788 6.69572e-09 0.00465478 1.66045e-05 5.05444e-05 0.00453405 8.37003e-07 2.12414e-11 0.00148759 0.00584363 2.55484e-06 0.000483373 0.000265658 0.0341286 0.00991026 0.0254628 0.000564711 
0.0893004 0.018836 0.109789 0.0133513 0.163863 0.00909839 0.0473561 4.5892e-05 0.0519014 0.00253718 0.000158122 0.0100635 0.000680616 0.000451739 0.000359055 0.0132291 0.000343351 0.00069208 0.0106915 0.000519446 8.68816e-07 0.0569213 0.0209379 2.09997e-05 0.00496583 5.91943e-05 0.00127392 0.0809685 0.137761 0.153824 
0.0500215 0.0373122 0.0490118 0.0204223 0.407952 0.0126692 0.00350479 5.22807e-06 0.0196406 0.00302396 0.0229215 0.000577839 0.000888753 0.00356383 6.99117e-07 0.0231843 8.96345e-05 2.67965e-05 0.00712423 2.36257e-06 7.64211e-07 0.289637 0.00544632 7.25436e-06 0.00106631 1.35192e-07 0.00135726 0.0244947 0.0160467 3.03765e-08 
0.13809 0.0134808 0.0703145 0.0458329 0.235721 0.042078 0.00260817 0.000947599 0.0433509 0.00333752 0.00254471 0.0012779 0.0209946 0.0044649 0.000312567 0.0187759 0.00909328 0.00879061 0.0186442 3.89866e-05 0.000238196 0.0174068 0.0506845 0.0325727 0.0420297 9.78626e-05 0.00845731 0.107675 0.0573811 0.00275872 
0.0312197 0.00852659 0.0538734 0.0106623 0.59012 0.0340479 0.00275131 1.457e-06 0.0377707 0.000306214 0.000217622 0.000381667 0.0123916 0.00123195 5.54028e-07 6.90194e-05 0.000134672 3.35022e-05 0.0377435 3.46082e-06 7.75986e-07 0.00666247 0.00061236 9.55868e-07 0.125912 0.000206033 0.00499238 0.0122701 0.0278317 2.35972e-05 
0.0697606 0.00287423 0.0600516 0.0394671 0.375759 0.0601056 0.00611773 1.93844e-05 0.240033 0.00520798 0.00489311 0.0137078 0.000910252 0.00705738 1.6283e-05 0.00856584 0.0036283 0.000149836 0.00907552 3.12495e-05 3.85449e-05 0.00223814 0.0238168 3.20858e-05 0.00791966 0.00142666 0.0209742 0.0248705 0.0111384 0.000113657 
0.0628046 0.020362 0.0580128 0.104625 0.155879 0.149846 0.0151238 0.000665152 0.0801331 0.00849978 0.00225782 0.0259191 0.0171889 0.00996392 6.1881e-05 0.00550305 0.0114653 0.00316792 0.0146599 0.000500217 7.64663e-05 0.00591963 0.0207899 0.0110272 0.00502517 0.000123602 0.0943365 0.105873 0.00732505 0.00286534 
0.014443 0.00486584 0.0635246 0.0293314 0.23602 0.0182116 0.00484733 0.00523893 0.0360964 0.000945826 0.0339077 0.00458094 0.00519321 0.00341226 0.000128118 0.0510667 0.0140427 0.00168257 0.0172386 0.000385403 0.000111698 0.107595 0.114357 0.00462547 0.00717111 7.75079e-05 0.0533761 0.155545 0.00207949 0.0098978 
0.0283533 0.0104059 0.0576068 0.0907042 0.235312 0.15446 0.00202891 9.09485e-05 0.0823706 0.0061773 0.000129797 0.000537945 0.000659865 0.000564119 3.77943e-07 0.00478711 0.00128748 3.63515e-05 0.0802036 0.000113575 1.03139e-05 0.024872 0.00280173 0.00012104 0.066026 1.88519e-05 0.101566 0.00899821 0.0393631 0.000392321 
0.134169 0.0220463 0.0408852 0.0751207 0.264744 0.0600805 0.0128743 0.00122046 0.0863195 0.0304634 0.0160167 0.00394798 0.00628347 0.00806731 5.76807e-05 0.0108001 0.0230949 0.00123344 0.00663726 5.4438e-05 0.000210996 0.00573534 0.0192325 0.00203165 0.00212089 9.99236e-06 0.0332594 0.117204 0.013304 0.00277492 
0.0297159 0.0118157 0.13489 0.102676 0.195449 0.0406067 0.0110751 0.000922552 0.0182617 0.000618088 0.0218684 0.00376398 0.126108 0.00182246 7.17337e-05 0.0360166 0.0249048 0.00121129 0.0167624 0.000677497 0.000147535 0.0243411 0.00868516 0.00197553 0.128946 0.00509864 0.00322937 0.0365253 0.00593596 0.00587817 
0.0903923 0.16127 0.0343286 0.079204 0.345692 0.0748604 0.00152216 6.73439e-05 0.0257547 0.0157355 0.00958322 0.00800137 0.0249245 0.00126129 1.37153e-05 0.0101026 0.0104678 0.000293958 0.00698685 8.3133e-05 0.000121757 0.0238505 0.00464148 4.35453e-05 0.0525907 0.00145098 0.00191285 0.00879138 0.00588167 0.000169298 
0.0785998 0.0108774 0.059679 0.0489511 0.432854 0.201056 0.00401452 0.000449322 0.0215775 0.000788781 0.000404075 0.00305505 0.0180729 0.0102553 7.84403e-06 0.000609689 0.000125559 2.88237e-05 0.0410345 4.5456e-05 6.25223e-05 0.0283539 0.00385161 3.00332e-05 0.00288042 0.00364168 0.00790668 0.0130764 0.0070449 0.000665267 
0.0598364 0.0236324 0.124049 0.169738 0.229233 0.0568677 0.018909 7.89024e-06 0.210641 0.00396225 1.68154e-05 0.0183478 0.00179749 4.49014e-05 4.07705e-07 0.00328829 0.000149503 0.000289489 0.0203371 5.22038e-06 4.51972e-06 0.00159025 0.00540424 7.68013e-05 0.00805057 4.90266e-06 0.0279212 0.0047644 0.0106155 0.000414759 
0.0583733 0.00342797 0.0704484 0.00658835 0.516859 0.0425707 0.00978922 8.69865e-07 0.205894 0.000194957 0.000135193 0.000220925 0.000267419 0.000103126 3.89699e-09 0.000587168 0.000303352 0.000247691 0.0427129 2.12125e-07 9.29186e-11 0.00250699 0.00199404 2.11638e-07 0.000198195 0.000661801 0.00848699 0.02164 0.00558183 0.000205672 
0.0665689 0.00195307 0.0961187 0.0124195 0.34979 0.0329242 0.0160044 5.0341e-05 0.273097 2.28105e-06 1.24371e-05 0.00130038 0.00897591 0.000313355 1.33694e-06 0.00357802 6.36207e-05 3.35926e-05 0.0791201 0.000582008 0.000104193 0.00941616 0.00220714 2.96617e-05 0.0015209 0.000351029 0.00930797 0.0297733 0.00425155 0.000129158 
0.025786 0.00159458 0.0542848 0.0436084 0.567272 0.0976778 0.0214891 8.26981e-06 0.130154 0.00280177 1.33118e-05 0.000409321 0.000908723 2.44028e-05 6.67325e-06 0.000651194 0.000143317 0.000323108 0.00705398 2.32113e-05 1.1173e-05 0.00913377 0.000955833 4.36758e-05 0.00165311 0.000279054 0.0199954 0.00324259 0.0102635 0.000187353 
0.0124372 0.00877939 0.0768751 0.000651859 0.45338 0.0585418 0.00510126 8.36282e-06 0.312102 2.90084e-06 2.17867e-06 0.00111154 0.00013445 3.18973e-05 6.99237e-06 0.00889849 0.00858325 1.2865e-06 0.00546361 0.000104987 2.24955e-08 0.0121945 0.00224747 5.47027e-05 0.00151261 0.000181006 0.0130051 0.0122826 0.00625989 4.38249e-05 
0.0573519 0.00674846 0.0279003 0.0246422 0.4951 0.0632688 0.00842087 1.68453e-05 0.12738 0.0398816 0.0166665 0.00077068 0.00413211 0.00592728 2.44004e-07 0.00451386 0.016541 6.9264e-05 0.00549512 6.8853e-06 0.000203 0.0049166 0.00869152 2.99293e-05 0.00170843 1.25808e-05 0.0206824 0.0423625 0.0163214 0.000237278 
0.0553682 0.00324288 0.0309318 0.0991762 0.231064 0.0596013 0.103275 3.89269e-05 0.179174 0.000174514 0.000510004 0.00116631 0.0368806 0.0169802 1.46918e-05 0.00221029 0.00139223 0.000245435 0.124644 0.000393643 3.65013e-05 0.00333756 0.005998 0.000102238 0.0175408 0.00180316 0.00720794 0.0116487 0.00400574 0.00183633 
0.0639677 0.00725269 0.0790624 0.0415889 0.271317 0.0971215 0.0564319 0.00214464 0.0742603 0.00154566 0.0430542 0.00573423 0.0173373 0.00711328 3.14399e-05 0.00602101 0.0252122 0.00207402 0.0139418 6.91936e-05 2.60444e-05 0.0290439 0.00778425 0.00424089 0.00248331 0.00363147 0.0129814 0.0658862 0.0521286 0.00651244 
0.0821438 0.0132215 0.0391439 0.0873287 0.606379 0.0280716 0.0163189 0.000329266 0.0255546 0.00038405 0.000517333 0.00605931 0.00623421 0.00255954 0.00118774 0.000402651 0.000385303 0.000981088 0.0180182 0.00236378 0.00237037 0.00293425 0.00146752 0.000115992 0.00930737 0.000524286 0.0122316 0.0114834 0.0194568 0.00252368 
0.0335443 0.000164218 0.0508805 0.0497441 0.330993 0.119366 0.0106183 7.41707e-06 0.296988 0.000611744 1.34453e-05 0.000169513 6.5578e-05 1.67092e-06 2.85619e-08 0.000312199 0.000183532 1.70094e-05 0.0570114 1.74816e-08 7.31476e-10 0.00349016 8.19367e-05 2.38154e-06 0.00234107 0.000762323 0.0364826 0.00129555 0.00481669 3.56762e-05 
0.0150212 0.00019533 0.0212816 0.0162093 0.454186 0.0879878 0.00171394 2.62302e-05 0.323548 3.91522e-05 8.69568e-06 3.82181e-05 3.89683e-05 5.43052e-06 3.21708e-08 0.000109626 2.76547e-05 1.16525e-05 0.0558445 4.24767e-06 1.96559e-07 0.00022307 9.30696e-05 2.24391e-06 0.000375445 0.00105531 0.0189418 0.00206308 0.000905458 4.31747e-05 
0.0695382 0.0170519 0.0547961 0.082967 0.294384 0.0901032 0.0122259 2.7294e-06 0.18292 0.011632 0.000271012 0.00257723 0.013267 0.00274425 9.66359e-06 0.000706586 0.000444972 0.000142168 0.0255816 0.000834173 8.88791e-05 0.00354642 0.0055489 2.17473e-05 0.00642499 4.01689e-05 0.0052662 0.0572957 0.0593247 0.000241978 
0.0959434 0.00515673 0.0487902 0.0301742 0.180442 0.140333 0.00609 0.00673682 0.0184617 0.0547248 0.00636991 0.0274557 0.00380497 0.00673893 5.4531e-05 0.0574729 0.0761522 0.0148396 0.00798493 2.31437e-06 3.74246e-07 0.00332042 0.0411749 0.0309814 0.00279696 5.54865e-05 0.0323432 0.0905286 0.00382013 0.0072494 
0.0987904 0.00939209 0.158136 0.0231551 0.358843 0.0220714 0.00799632 3.63649e-06 0.0797348 2.15565e-05 0.000342414 0.000383288 0.025043 0.00131441 1.14382e-06 0.00306881 0.00115335 5.02364e-05 0.00514647 0.000104739 4.58083e-05 0.0702709 0.0145739 0.0247474 0.000651457 0.000706499 0.00388933 0.0545149 0.035828 1.92363e-05 
0.0174646 5.08563e-05 0.0512361 0.0300858 0.592999 0.117528 0.000686186 5.10852e-05 0.132592 1.27635e-05 0.000105068 4.84993e-05 0.00125476 0.00018467 1.31407e-09 0.00249121 7.36122e-05 2.91234e-05 0.0078033 0.000590367 5.03065e-10 0.00214384 0.0141054 1.21148e-06 0.000154056 0.00043503 0.0114392 0.0148389 0.00149949 9.66537e-05 
0.104666 0.0063553 0.0247492 0.0292606 0.429625 0.30112 0.00454691 5.0435e-05 0.0348636 8.88131e-05 0.000568404 0.00100919 0.0027971 0.0185087 1.81821e-06 0.0006382 3.87229e-05 5.20687e-05 0.0060522 2.25148e-05 2.83311e-08 0.00152159 0.000837181 2.27384e-05 0.00180566 0.00014011 0.0177892 0.00938499 0.00340534 7.81321e-05 
0.0377594 0.00163711 0.18126 0.0598678 0.21616 0.0563941 0.00262578 0.0205083 0.0491975 0.0015197 0.00106612 0.000971215 0.0119411 0.00461748 3.99542e-08 0.0175576 0.00343764 8.28259e-05 0.00210454 1.66529e-06 7.45577e-05 0.0651838 0.00350364 7.65391e-05 0.00433896 0.000131871 0.0341098 0.151673 0.0721585 3.89702e-05 
0.0964285 0.0119395 0.0173604 0.0507595 0.524503 0.143077 0.00663188 1.06849e-05 0.0532602 0.000156816 0.00989246 0.00259781 0.00704398 0.000560571 4.27008e-05 0.00076882 0.000645719 0.0048424 0.00907995 0.000375597 1.6955e-05 0.0227631 0.0148403 3.73414e-05 0.00252269 0.000125583 0.00443961 0.0107164 0.00416719 0.000393763 
0.0504879 0.0080534 0.093493 0.0945936 0.28912 0.044686 0.0197897 7.84772e-06 0.0706877 0.00276985 0.000124219 0.00617273 0.0141271 0.00497076 4.79565e-05 0.00919749 0.00331861 0.00052611 0.175498 3.63668e-05 1.84507e-05 0.00381793 0.0349018 0.0054481 0.0062047 0.0005237 0.00310036 0.0279482 0.00449248 0.0258356 
0.0555668 0.00144908 0.0275956 0.0148063 0.324566 0.0152391 0.00147365 0.000105969 0.0104437 0.000158493 0.0023056 0.000335721 0.00251169 0.254163 2.71569e-06 0.012857 0.000263149 2.25166e-05 0.000702499 5.3121e-06 5.43065e-06 0.256962 0.000470992 1.45403e-05 8.79715e-05 0.000244297 0.00182739 0.0147339 0.00107432 5.05127e-06 
0.0450895 0.00418738 0.0166284 0.0470673 0.669839 0.100199 0.00657527 2.37311e-06 0.0492829 0.00182578 1.79087e-05 0.00225573 0.00269723 0.000581407 6.76639e-05 0.000239689 0.000148678 0.0002638 0.0244357 0.000637995 1.70763e-05 0.00232805 0.00558045 4.78305e-05 0.00206433 3.44704e-05 0.00672833 0.00630429 0.00427056 0.000581786 
0.154939 0.00880768 0.0147614 0.119499 0.47561 0.0532785 0.00314555 3.9242e-06 0.106234 6.44499e-05 0.000427257 0.000541135 0.0018336 0.000959789 9.2749e-06 0.00187356 8.67974e-05 3.10879e-05 0.0320378 1.826e-05 2.05839e-05 0.00244784 0.00278676 1.1596e-05 0.00223923 5.29856e-06 0.00465164 0.0120549 0.00158393 3.66045e-05 
0.0574775 6.203e-05 0.0408571 0.0318937 0.400967 0.0360285 0.000242566 0.000413754 0.010967 6.24731e-05 0.00268626 0.000402142 0.158696 0.000165762 8.63643e-08 0.151291 0.00273571 1.8873e-05 0.000296345 7.27735e-05 9.64067e-05 0.0766468 0.00753865 5.4541e-05 8.6596e-05 1.46114e-05 0.0036021 0.0112765 0.00532148 2.55357e-05 
0.0499932 0.00826906 0.0725707 0.0506134 0.28134 0.0806676 0.00794941 9.10214e-05 0.199005 0.000153808 0.000711388 0.00256516 0.00541795 0.00102192 9.11238e-07 0.00216581 0.000349354 0.000175725 0.145639 0.000345759 2.79443e-07 0.00741155 0.00646476 4.29493e-06 0.00281316 4.45294e-05 0.016711 0.042692 0.0145153 0.000296251 
0.0412996 0.00418059 0.0518811 0.0416254 0.495909 0.109584 0.0176525 3.85698e-05 0.141136 0.00277031 9.33605e-05 0.000793365 0.00318611 0.00317981 1.43602e-05 0.0018247 0.000237096 0.000124788 0.0166673 0.000125749 8.85477e-05 0.0168194 0.00467284 2.51995e-05 0.00152944 0.00505658 0.0156072 0.00831896 0.0149221 0.00063644 
0.0457285 0.0177475 0.122758 0.0416644 0.265598 0.0528459 0.0239511 0.00439749 0.226761 0.00580486 0.00191641 0.00264713 0.00878333 0.0032862 6.86922e-05 0.0115102 0.00710109 0.00108844 0.0200366 0.00184153 0.000393468 0.0447349 0.00999087 0.000941974 0.0062306 0.00418405 0.0144036 0.0292659 0.0229236 0.00139442 
6.9456e-07 0.00179759 0.0224405 0.0071287 0.59538 0.189241 0.00267524 0.000146775 0.100792 2.41965e-07 1.2847e-05 3.36843e-07 0.00127045 1.29257e-08 9.63489e-10 0.0181894 1.79344e-06 5.7514e-08 0.00696582 2.19805e-07 0.0336957 0.00263871 0.00139978 6.52349e-05 0.000209041 2.86935e-06 0.0128014 0.00148755 0.00150263 0.000153657 
0.0457082 0.00177821 0.00969288 0.0102628 0.592918 0.223475 0.00345133 5.35611e-05 0.0457295 0.015078 0.00150249 0.000394684 0.000216018 9.69371e-05 1.85228e-07 0.00477424 6.15673e-05 2.67208e-05 0.00558343 9.06588e-08 1.09951e-07 0.00136806 0.000994045 4.05058e-05 0.000348553 6.84648e-05 0.0325276 0.0034378 0.000402396 8.34762e-06 
0.023936 0.00602426 0.037172 0.112177 0.5671 0.0129605 0.0308565 0.000127625 0.0605548 0.00788291 0.000423807 0.000902199 0.0129335 0.00354427 1.23213e-05 0.0238052 0.00149147 0.000135752 0.0196348 0.000555116 0.000150286 0.0148087 0.00143778 0.010848 0.00508418 0.00222794 0.0222835 0.0133916 0.00404663 0.00349193 
0.0613985 0.00396623 0.0875778 0.0353083 0.383052 0.0575349 0.0141769 0.000144769 0.198432 7.1886e-05 0.000247767 0.00260558 0.0060756 0.000724124 0.000235288 0.00498011 0.00295949 0.000534545 0.0136098 0.000248553 5.63222e-05 0.00402722 0.00643008 0.000178203 0.00349649 0.00436012 0.0225543 0.0243862 0.0603389 0.000287822 
0.0781905 0.00996126 0.198636 0.0173599 0.240858 0.0801611 0.0183523 6.96158e-05 0.215396 0.015275 0.00309564 0.000251655 0.00412705 0.00129634 1.74126e-07 0.00406163 0.00043953 0.00040919 0.00879482 0.000287925 1.64237e-07 0.0457176 0.0133797 2.5135e-05 0.00407701 0.00043087 0.0199842 0.0148864 0.00445634 1.9602e-05 
0.0184223 0.00177397 0.0794184 0.0397197 0.335262 0.0146055 0.00489687 0.000103194 0.222202 0.000597371 0.000888754 0.000559112 0.001532 0.00134589 8.73956e-07 0.0012984 0.000389696 8.93759e-05 0.200045 7.56078e-05 1.4148e-06 0.0200477 0.00179885 1.16945e-05 0.00573738 7.43621e-05 0.0177817 0.00915044 0.0215429 0.000628002 
0.0505994 0.00174463 0.079466 0.0347473 0.484214 0.100241 0.0175239 4.96345e-05 0.112678 2.84098e-05 2.27849e-05 0.000295237 0.00903474 0.00152234 2.03208e-06 0.000174506 0.000323068 0.000231506 0.0206561 0.00796681 1.75932e-06 0.00680456 0.0161242 8.22137e-06 0.00318018 0.000117394 0.0282564 0.0170288 0.00397437 0.00298333 
0.0978072 0.0362973 0.097687 0.0870143 0.180871 0.0946825 0.0814499 0.0012593 0.165807 1.82875e-05 0.00546328 0.00403028 0.00470075 0.00115001 4.02939e-05 0.00485132 0.0006677 5.35355e-05 0.0755971 4.92603e-05 5.01849e-05 0.0107734 0.00994932 0.000108088 0.00596637 2.88223e-05 0.00541038 0.0185802 0.00806102 0.00157507 
0.0242821 0.00802108 0.0583374 0.0139827 0.554443 0.0284997 0.00378033 1.13671e-06 0.0377523 0.000238249 0.000948615 0.00108125 0.0124687 0.000963355 4.3777e-07 5.36981e-05 0.000104768 2.60737e-05 0.050809 2.70571e-06 6.1704e-07 0.00729801 0.00047631 7.44605e-07 0.127617 0.000160345 0.0038831 0.0152818 0.0216472 0.027839 
0.10504 0.00777696 0.0695625 0.0695098 0.318984 0.038068 0.0107829 0.00183727 0.033182 0.131013 0.000574773 0.000433715 0.0294954 0.0163474 2.03696e-07 0.00298795 0.000598392 0.00038942 0.0134261 0.000358858 0.000558692 0.0531836 0.00176048 0.000629435 0.00111469 2.80876e-05 0.00557191 0.0483656 0.038395 2.34727e-05 
0.0411268 0.00853567 0.0237381 0.0201766 0.613321 0.0884467 0.00653143 7.29824e-06 0.0798944 0.00827857 0.0183318 0.00108319 0.00117295 0.00149764 5.95046e-06 0.0070569 0.000684473 0.000201918 0.00805455 2.16405e-05 4.18641e-05 0.0252834 0.00313529 7.24539e-05 0.000856397 3.07642e-05 0.0171052 0.0124328 0.0127999 7.45066e-05 
0.134782 0.0324805 0.0506339 0.0591928 0.255988 0.0114245 0.0420841 4.25191e-07 0.153332 0.000543526 0.00997892 0.00103087 0.00230571 0.000528686 0.0125718 0.0147045 0.00129689 0.000200748 0.0054139 2.85304e-06 1.20538e-08 0.0425486 0.054717 3.23676e-05 0.0250368 0.000229375 0.0321949 0.038732 0.0178239 0.000188817 
0.0269924 0.00649239 0.0789978 0.0604031 0.314587 0.0320761 0.0251414 0.00106033 0.12531 0.000545806 0.000139465 0.00273003 0.00303143 0.000879159 1.86814e-05 0.00309359 0.000591227 0.145812 0.0881512 0.000142153 7.53641e-05 0.024491 0.0110325 0.0116505 0.00334792 0.00219771 0.00767208 0.0114521 0.00929642 0.00258825 
0.043109 0.0074425 0.0127161 0.1037 0.508668 0.174798 0.00428991 1.81097e-05 0.0301592 0.00378037 0.00619097 0.00194444 0.00343019 0.000113859 1.95432e-05 0.000493588 0.000105119 0.000221842 0.0134139 4.01579e-05 4.85633e-05 0.00691131 0.00350901 5.68845e-05 0.0333761 4.1186e-05 0.0232699 0.015018 0.00283493 0.000279432 
0.0715792 0.00471098 0.0154774 0.0226523 0.450547 0.302332 0.0115198 2.22478e-06 0.0543759 7.24235e-05 0.000465084 0.000738136 0.0014381 0.0204337 1.50194e-06 0.000541421 2.65136e-05 4.26153e-05 0.00841429 1.11841e-05 1.20108e-05 0.00114153 0.000475831 6.40679e-06 0.00105559 0.00010348 0.0214761 0.0074461 0.00278625 0.000115365 
0.0681432 0.00356457 0.0264404 0.0177709 0.468432 0.304623 0.00569009 5.97372e-05 0.0480107 0.00121606 0.00190064 0.000371629 0.0014986 0.000405051 4.647e-06 0.00309416 8.43294e-05 3.85986e-05 0.00473535 1.6979e-05 1.00949e-05 0.00547494 0.00271473 1.4527e-05 0.00154098 0.00023739 0.0236747 0.00742734 0.00271713 8.74196e-05 
0.0708288 0.0123858 0.0754516 0.10639 0.486087 0.0203282 0.00700245 5.87642e-05 0.118835 0.0056511 0.000340425 0.00343496 0.00256097 0.00195135 9.30685e-06 0.00519784 0.00710339 0.00034567 0.00939853 5.92188e-05 6.41709e-05 0.00750825 0.0037402 0.00148066 0.0182878 0.000316998 0.00350709 0.0204003 0.0108896 0.00038438 
0.0410146 0.000641791 0.104864 0.0352642 0.216761 0.0192853 0.000765832 0.000207915 0.0453957 0.000110139 0.00163822 0.000988257 0.144262 0.0266446 9.43314e-09 0.09557 0.00141932 6.81012e-05 0.0101787 2.83817e-06 4.33762e-05 0.192037 0.0263535 2.94501e-05 0.000589174 0.000202744 0.00221119 0.0175089 0.0158106 0.000131225 
0.0555668 0.00144908 0.0275956 0.0148063 0.324566 0.0152391 0.00147365 0.000105969 0.0104437 0.000158493 0.0023056 0.000335721 0.00251169 0.254163 2.71569e-06 0.012857 0.000263149 2.25166e-05 0.000702499 5.3121e-06 5.43065e-06 0.256962 0.000470992 1.45403e-05 8.79715e-05 0.000244297 0.00182739 0.0147339 0.00107432 5.05127e-06 
0.0660012 0.0367655 0.0361101 0.0156282 0.570107 0.0472269 0.0336484 0.000752082 0.0478675 0.000129538 0.0159877 0.00608951 0.00171039 0.00275251 6.64138e-05 0.0120046 0.000686691 0.000181772 0.00204664 1.16824e-05 7.40422e-05 0.0311737 0.00569443 0.000162764 0.00101486 0.000460855 0.00416911 0.0569911 0.00435002 0.0001355 
0.0206302 0.00302232 0.0841534 0.0193864 0.268139 0.0311554 0.154502 0.000160211 0.263595 0.0133387 0.00353526 0.0035186 0.00122852 0.00227814 0.000746448 0.00455931 0.000270172 2.49175e-05 0.0572324 2.61287e-05 1.55057e-05 0.015916 0.00591041 1.77499e-05 0.00668508 0.000675263 0.0122112 0.0182274 0.00874054 9.91572e-05 
0.162715 0.0260492 0.0279988 0.0413282 0.255518 0.0251592 0.000497767 0.00322541 0.0305995 0.00391837 0.0156559 0.00445425 0.00675142 0.0164323 4.56485e-05 0.132595 0.062453 0.0012525 0.000198885 5.63045e-06 5.8349e-06 0.00239343 0.0237574 0.0076574 0.00117535 0.000978378 0.00836522 0.1353 0.000591381 0.00292155 
0.0720827 0.00399696 0.0563735 0.120761 0.536326 0.0539106 0.00542249 0.0272812 0.05224 5.71972e-05 0.000472427 0.00188407 0.000881459 0.000969489 1.43426e-06 0.0010706 0.00207433 5.03543e-05 0.0138586 4.84933e-06 0.000211121 0.0172318 0.000554603 0.000149363 0.00162546 8.26373e-05 0.00695816 0.0116727 0.0117208 7.35834e-05 
0.185812 0.0178459 0.156011 0.0616404 0.239324 0.00215598 0.115046 0.00024422 0.136991 0.000147925 0.000221329 0.0067103 0.00816439 0.000987384 2.2067e-05 0.00151435 0.000151627 0.000228758 0.00262928 6.03271e-05 0.000109348 0.0165033 0.00694322 5.35056e-05 0.0247047 4.10095e-05 0.00528738 0.00710071 0.00330856 4.00098e-05 
0.0201945 0.00426687 0.0658632 0.0157247 0.336546 0.268149 0.00633593 1.7605e-05 0.142185 0.000210841 8.08987e-05 0.00267963 0.00162467 0.00147041 1.45871e-05 0.000721659 6.81854e-05 1.33861e-05 0.00401742 2.53505e-05 3.40713e-05 0.00228285 0.00160374 3.65381e-06 0.0025345 0.00697804 0.108231 0.00330286 0.00441215 0.000407593 
0.0618546 0.00711986 0.0681582 0.0494811 0.278759 0.153087 0.00804779 0.00416035 0.141595 0.000106936 0.00446518 0.00096607 0.00492228 0.00329013 4.18622e-06 0.0054808 0.0087475 0.000148594 0.132994 0.00116465 0.00258554 0.0105515 0.00963967 0.000256144 0.00188704 0.0010846 0.0147749 0.0141604 0.0100094 0.000497826 
0.00488556 0.00930758 0.0548919 0.0278736 0.471258 0.0224687 0.0175987 0.000100985 0.317137 1.97462e-05 0.000235543 0.00220717 0.000960115 0.00134713 1.27923e-06 0.00520427 0.000179387 3.45773e-05 0.0056296 0.000217019 1.0864e-05 0.0232315 0.00456687 9.49159e-06 0.000707073 0.000592335 0.00483025 0.0209356 0.00354189 1.61633e-05 
0.0326285 0.00380188 0.0451958 0.00260366 0.54881 0.0721133 0.00959084 0.00216251 0.129065 0.0168818 5.9944e-05 0.00165285 0.00248546 0.000353306 3.66978e-05 0.0504622 0.000104401 5.33683e-05 0.00613524 9.1855e-05 2.55037e-06 0.022183 0.017519 7.32999e-05 0.00297415 0.000344243 0.0149407 0.00594904 0.0116916 3.37031e-05 
0.0771301 0.0159774 0.151647 0.0668372 0.187431 0.0429812 0.0112939 0.00449976 0.113975 0.0118662 0.0139303 0.00729682 0.00370007 0.00106765 1.61847e-05 0.0390599 0.0198434 0.000723123 0.00511815 4.79481e-05 1.92286e-05 0.0370016 0.0317252 0.0136443 0.0197896 0.000536004 0.0292966 0.0692634 0.0229844 0.00129696 
0.0172715 0.0199484 0.0410222 0.00714576 0.500124 0.0253334 0.110375 7.18872e-07 0.205065 1.65528e-05 0.000254426 0.000464786 0.00166148 0.000442275 0.00012175 0.00439601 0.000202642 0.000124615 0.00381774 3.36003e-08 7.61659e-07 0.00184774 0.0178207 3.82557e-05 0.00176214 0.00248302 0.0211898 0.0138203 0.00288658 0.00036239 
0.0443864 0.00175916 0.154662 0.0219375 0.256773 0.00717413 0.00251873 0.000120904 0.0342905 0.0149482 0.000328327 0.208575 0.00898761 0.000117821 0.0234119 0.00538508 0.00153869 0.0039449 0.0330808 0.0361986 0.000740974 0.0863596 0.00133537 3.30079e-05 0.00493684 3.52578e-06 0.00598695 0.0283978 0.00629849 0.00576765 
0.0232131 0.00301497 0.0712631 0.117335 0.451069 0.0210403 0.00757909 3.89397e-06 0.254286 0.000117631 1.04738e-05 0.00256767 0.0090407 6.79959e-05 9.38043e-07 0.00598473 1.5567e-05 0.000522741 0.00682172 8.47481e-06 9.49236e-07 0.00330836 0.00352172 3.74812e-05 0.00277791 0.00043344 0.00256317 0.00880949 0.00451881 6.48381e-05 
0.0600054 0.00196039 0.0644754 0.021823 0.459181 0.210492 0.00437627 1.62684e-06 0.100559 0.00014101 5.05726e-06 0.00167583 0.000711561 0.0326238 1.04033e-08 3.66223e-05 3.20115e-06 3.00591e-06 0.0134436 3.55124e-09 1.674e-11 0.000301962 0.000261677 8.55358e-06 0.00463794 0.000148825 0.0141411 0.00524024 0.00367582 6.58681e-05 
0.102802 0.0147431 0.0294839 0.0320952 0.456576 0.222998 0.00702909 5.85874e-06 0.0551015 0.000111374 0.00944689 0.00112091 0.000899706 0.000683916 1.24365e-06 0.000933704 3.81687e-05 0.000113948 0.0108005 0.00043494 3.4018e-06 0.00627963 0.00313323 1.73531e-05 0.00121455 0.000197091 0.0145394 0.0209496 0.00761772 0.00062828 
0.0201678 0.000112235 0.0305737 0.0298955 0.597856 0.0717079 0.00641514 6.441e-06 0.178285 0.000384334 1.02452e-05 0.00011791 4.36191e-05 1.7179e-06 2.57928e-07 0.000193131 0.000114861 1.41177e-05 0.0342912 4.39108e-07 5.50935e-08 0.00210739 5.23635e-05 1.96023e-06 0.00143367 0.000499097 0.0219774 0.000787307 0.0029224 2.63545e-05 
0.0579332 0.0369148 0.0451137 0.0895534 0.380092 0.097187 0.0272841 1.02108e-05 0.159892 1.37077e-05 5.56655e-05 0.00258474 0.00330033 0.0003142 5.71354e-05 0.00881039 1.33914e-05 8.05194e-05 0.0124965 0.000434976 5.44421e-05 0.0067805 0.00465545 3.77432e-06 0.00259404 0.000178517 0.0030935 0.0143001 0.00630628 0.0398915 
0.0555578 0.0101833 0.131439 0.0809896 0.28323 0.0854348 0.00972341 0.00161636 0.0527476 0.000585479 0.0380625 0.00830285 0.00740918 0.00499109 0.000215795 0.00958675 0.0198962 0.0023076 0.0226405 4.52184e-05 0.000243417 0.0777175 0.0131898 0.00322056 0.0192813 0.00274542 0.00437423 0.0334632 0.0130362 0.00776343 
0.253252 0.00845041 0.085505 0.0686138 0.314516 0.0446185 0.00571394 0.00173815 0.0199038 8.06346e-05 0.00240296 0.00122715 0.0379678 0.00435687 5.1315e-05 0.00238783 0.000844726 0.00036886 0.00254686 0.00015366 0.000105643 0.0188891 0.000785256 0.000143411 0.00184088 3.5054e-05 0.0035764 0.0509199 0.0689819 2.22089e-05 
0.0965538 0.00293179 0.143779 0.0517815 0.294027 0.0451856 0.11868 2.04338e-05 0.159484 0.000126276 0.000110057 0.000584586 0.00461162 0.000776 3.45022e-06 0.00367962 0.000450557 0.000434397 0.0299974 0.000285845 1.55222e-05 0.00371775 0.00167675 9.16134e-06 0.00363791 0.000154135 0.0150996 0.0115194 0.0104787 0.00018764 
0.0409962 0.00892075 0.0820943 0.11867 0.287846 0.04599 0.0507816 0.000156859 0.231019 0.00254251 0.00349691 0.00936956 0.00447979 0.00229078 2.6055e-05 0.00735527 0.00656495 0.00032854 0.0226006 0.00233389 2.31597e-05 0.014662 0.0119876 0.000609304 0.00283657 0.000973617 0.0138687 0.0155308 0.0110144 0.000630185 
0.0865561 0.0128321 0.0642386 0.0877223 0.312131 0.021568 0.014464 0.000143311 0.176106 0.000484772 0.00240001 0.00219693 0.00582036 0.00122298 1.082e-05 0.00364327 0.0102046 0.000548387 0.0605858 0.000254367 0.00574646 0.0307728 0.00938809 0.00277365 0.019618 0.000345514 0.00835533 0.0312969 0.0278333 0.00073614 
0.0555668 0.00144908 0.0275956 0.0148063 0.324566 0.0152391 0.00147365 0.000105969 0.0104437 0.000158493 0.0023056 0.000335721 0.00251169 0.254163 2.71569e-06 0.012857 0.000263149 2.25166e-05 0.000702499 5.3121e-06 5.43065e-06 0.256962 0.000470992 1.45403e-05 8.79715e-05 0.000244297 0.00182739 0.0147339 0.00107432 5.05127e-06 
0.176303 0.0251259 0.0639682 0.138045 0.177194 0.0252431 0.0159969 6.74313e-05 0.0441518 0.0061198 8.57974e-05 0.000898483 0.0991669 0.0593936 4.97308e-06 0.00203673 0.000752561 0.00292864 0.0349886 1.08301e-07 5.19348e-05 0.00571492 0.00508826 8.21136e-05 0.00069368 0.000139336 0.00909066 0.0904936 0.0161273 4.6655e-05 
0.0874856 0.0056245 0.0176482 0.0276861 0.449446 0.268678 0.0128942 2.50888e-06 0.054775 8.85157e-05 0.000568432 0.00090216 0.00175768 0.0249744 1.83336e-06 0.000638227 3.24045e-05 5.20832e-05 0.00987518 1.73245e-06 1.46751e-05 0.0013952 0.000581568 7.83018e-06 0.00129016 0.00012647 0.0208665 0.00910078 0.00340541 7.81633e-05 
0.0312197 0.00852659 0.0538734 0.0106623 0.59012 0.0340479 0.00275131 1.457e-06 0.0377707 0.000306214 0.000217622 0.000381667 0.0123916 0.00123195 5.54028e-07 6.90194e-05 0.000134672 3.35022e-05 0.0377435 3.46082e-06 7.75986e-07 0.00666247 0.00061236 9.55868e-07 0.125912 0.000206033 0.00499238 0.0122701 0.0278317 2.35972e-05 
0.0132646 0.00131741 0.0373994 0.00744818 0.603115 0.129157 0.00320874 8.39606e-05 0.12403 7.84694e-06 1.44184e-05 1.86285e-05 0.00330067 1.69624e-06 6.97232e-09 0.0106614 0.000341596 4.0444e-06 0.0170354 6.51646e-09 0.0213624 0.00394405 0.00144755 4.58035e-05 0.000253689 8.43111e-05 0.0154257 0.00354149 0.00339255 9.24643e-05 
0.0808878 0.00675696 0.0500522 0.241529 0.25418 0.05472 0.00213486 0.00210623 0.00935013 0.00294543 0.0165015 0.00976063 0.00315707 0.00317505 0.000100664 0.00686632 0.0295721 0.00215181 0.0323349 3.59261e-05 3.28224e-05 0.0155814 0.00660839 0.00701174 0.00744952 0.00052669 0.0131908 0.0960828 0.0128825 0.032315 
0.0665689 0.00195307 0.0961187 0.0124195 0.34979 0.0329242 0.0160044 5.0341e-05 0.273097 2.28105e-06 1.24371e-05 0.00130038 0.00897591 0.000313355 1.33694e-06 0.00357802 6.36207e-05 3.35926e-05 0.0791201 0.000582008 0.000104193 0.00941616 0.00220714 2.96617e-05 0.0015209 0.000351029 0.00930797 0.0297733 0.00425155 0.000129158 
0.0110131 0.00147741 0.0897742 0.00406071 0.460144 0.0248179 0.00419636 8.36602e-05 0.044418 0.000169081 0.00470134 0.000802639 0.00105553 0.000285783 0.00020932 0.204841 0.000137063 0.000575188 0.00669608 0.000319027 0.0247507 0.0296265 0.0308252 8.17723e-05 0.000310859 5.19989e-05 0.00501732 0.0303911 0.0188185 0.000348885 
0.10504 0.00777696 0.0695625 0.0695098 0.318984 0.038068 0.0107829 0.00183727 0.033182 0.131013 0.000574773 0.000433715 0.0294954 0.0163474 2.03696e-07 0.00298795 0.000598392 0.00038942 0.0134261 0.000358858 0.000558692 0.0531836 0.00176048 0.000629435 0.00111469 2.80876e-05 0.00557191 0.0483656 0.038395 2.34727e-05 
0.113155 0.00142057 0.0109719 0.00844151 0.755665 0.0308412 0.00159256 0.000646891 0.0325442 0.000215911 0.000807756 0.000341329 0.000457707 0.000539421 3.10788e-07 0.00488907 0.000128973 0.00411295 0.000348691 1.6836e-07 6.14742e-06 0.0134439 0.00442722 1.57148e-05 0.00142786 0.000203606 0.00372828 0.00702187 0.00258364 2.06724e-05 
0.0124372 0.00877939 0.0768751 0.000651859 0.45338 0.0585418 0.00510126 8.36282e-06 0.312102 2.90084e-06 2.17867e-06 0.00111154 0.00013445 3.18973e-05 6.99237e-06 0.00889849 0.00858325 1.2865e-06 0.00546361 0.000104987 2.24955e-08 0.0121945 0.00224747 5.47027e-05 0.00151261 0.000181006 0.0130051 0.0122826 0.00625989 4.38249e-05 
0.127967 0.00537115 0.056076 0.126226 0.189926 0.083182 0.00690035 0.000471975 0.157698 0.00520568 0.000308135 0.001335 0.0136208 0.000608322 3.14204e-07 0.00247721 0.00383287 1.81023e-05 0.181635 4.50982e-06 0.000119833 0.00942587 0.00332966 8.93704e-06 0.00263419 0.000151571 0.0053214 0.00880925 0.00714016 0.000193978 
0.0414974 0.0366176 0.145494 0.073578 0.180198 0.0947814 0.00633877 0.000925064 0.120991 0.0562966 0.00334457 0.00131515 0.0101893 0.00425212 3.24878e-05 0.0331314 0.00439738 0.00305259 0.00865201 1.09904e-05 3.15228e-05 0.0291214 0.0141271 0.00628255 0.0689363 1.19229e-05 0.00404386 0.0355636 0.014481 0.00230407 
0.0446762 0.00885506 0.0894094 0.0286632 0.288014 0.052078 0.00316036 0.0139447 0.0468768 0.0165066 0.0017478 0.00103237 0.00625893 0.00560215 2.08121e-06 0.00680792 0.00330624 0.00134694 0.00644164 4.32271e-05 0.000209153 0.0477125 0.00764132 0.00310402 0.000680906 0.000455192 0.0114524 0.27009 0.0326406 0.00123946 
0.0446121 0.00333918 0.0104464 0.0391183 0.66941 0.125249 0.00529062 2.59295e-06 0.0460569 0.00193127 2.23824e-05 0.000891102 0.00144265 0.000380369 1.9345e-07 0.000299602 8.76241e-05 0.000181569 0.0267347 0.000797461 1.76921e-06 0.00145425 0.0011556 4.03895e-05 0.000660853 2.15253e-05 0.00841036 0.00657248 0.00504132 0.000347153 
0.045808 0.00789957 0.033952 0.0359041 0.296364 0.156422 0.0108173 4.4241e-06 0.126904 0.00551025 0.00196788 0.00103692 0.00404351 0.00120424 6.51086e-06 0.00125897 0.000376882 0.000153598 0.0757511 2.8325e-05 3.04358e-05 0.00554617 0.00300616 6.49224e-05 0.00143736 0.000102047 0.155351 0.0071519 0.0105515 0.0113458 
0.108497 0.00346805 0.142277 0.0387056 0.290941 0.0141776 0.135319 0.00044139 0.104949 6.95333e-06 0.0030923 0.00340897 0.00994232 0.0100557 3.37686e-06 0.00853938 5.82204e-05 3.606e-05 0.0299332 1.52495e-06 1.45356e-05 0.0325789 0.00169037 1.56913e-05 0.000344637 8.08686e-05 0.00442547 0.0248326 0.0312304 0.000932343 
0.0457082 0.00177821 0.00969288 0.0102628 0.592918 0.223475 0.00345133 5.35611e-05 0.0457295 0.015078 0.00150249 0.000394684 0.000216018 9.69371e-05 1.85228e-07 0.00477424 6.15673e-05 2.67208e-05 0.00558343 9.06588e-08 1.09951e-07 0.00136806 0.000994045 4.05058e-05 0.000348553 6.84648e-05 0.0325276 0.0034378 0.000402396 8.34762e-06 
0.108645 0.00205646 0.126676 0.0213826 0.313821 0.0204854 0.00624638 5.52848e-06 0.258687 4.25836e-05 0.00022319 0.000315178 0.002453 0.00169531 6.51966e-07 0.016075 0.000954447 0.0111879 0.0292423 1.45187e-06 6.85947e-06 0.0205305 0.00469157 1.34801e-05 0.00111043 0.000410307 0.00682091 0.0191502 0.0269405 0.000128483 
0.0583733 0.00342797 0.0704484 0.00658835 0.516859 0.0425707 0.00978922 8.69865e-07 0.205894 0.000194957 0.000135193 0.000220925 0.000267419 0.000103126 3.89699e-09 0.000587168 0.000303352 0.000247691 0.0427129 2.12125e-07 9.29186e-11 0.00250699 0.00199404 2.11638e-07 0.000198195 0.000661801 0.00848699 0.02164 0.00558183 0.000205672 
0.0234937 0.0192885 0.207591 0.0162479 0.277361 0.0243705 0.00485257 0.00170102 0.0116613 0.0011651 0.000376107 0.0039159 0.016129 0.000353446 8.61069e-06 0.0857269 0.000522299 2.27339e-05 0.00608991 1.17458e-05 0.000975848 0.0753798 0.0025028 0.18264 0.00252226 2.91186e-05 0.00175584 0.0173843 0.0157916 0.000128919 
0.0833594 0.000371747 0.0287133 0.00108574 0.506119 0.0318639 0.0840381 0.000156172 0.184647 1.9219e-05 0.00284995 8.18268e-06 0.000181363 0.000420495 9.21433e-08 0.0369231 0.00036511 8.54183e-05 0.00292238 6.31343e-08 1.73239e-05 0.00503014 0.00206575 1.44635e-05 0.000705644 0.00040168 0.010089 0.0118263 0.00572019 2.73707e-07 
0.0359987 0.00916158 0.032861 0.0586049 0.272188 0.158751 0.0273811 0.000276907 0.0942065 0.00103934 8.1689e-05 0.000419801 0.00914082 0.000209556 7.8143e-06 0.000238492 0.000197032 0.00033217 0.0934375 2.43911e-05 0.00012729 0.00683772 0.00128122 3.2096e-05 0.00552379 0.000194247 0.153239 0.0112469 0.0266087 0.000350773 
0.0764905 7.43184e-05 0.0543053 0.0423885 0.357889 0.0479047 0.000289596 0.000254627 0.014567 6.70865e-05 0.00318614 0.000498457 0.117183 0.000194099 1.31604e-09 0.142201 0.00355921 1.91613e-05 0.000370676 2.89212e-06 4.3034e-05 0.101778 0.00992524 6.22166e-05 0.000102452 6.70212e-07 0.00472356 0.0149348 0.00697027 1.47305e-05 
0.0515115 0.0265867 0.0417443 0.0530547 0.341858 0.115546 0.0154236 2.04713e-05 0.183178 0.00809232 0.000710198 0.00130591 0.00747055 0.008032 3.485e-06 0.00174952 0.00420856 0.00183957 0.0182693 7.90124e-06 5.84135e-05 0.00550844 0.0224398 2.67444e-05 0.00249237 0.0278943 0.0184361 0.0247827 0.0066435 0.011104 
0.131371 0.0240195 0.0943399 0.0506179 0.238925 0.0165849 0.00879358 0.00283065 0.0542956 0.00371787 0.00128996 0.0100227 0.0473789 0.0164114 3.21992e-05 0.0270839 0.00338307 0.000215031 0.0017935 0.0068428 0.000246378 0.0649954 0.0910718 6.49915e-05 0.00367995 0.00112681 0.00103243 0.0749103 0.0228657 5.67367e-05 
0.000448835 0.000355153 0.0846055 0.000492588 0.40822 0.000333516 0.0715926 4.0315e-05 0.00973368 0.00139214 0.0144765 0.00127427 0.00184405 0.000327799 0.000185091 0.0219908 0.00113688 0.000193532 0.00217574 0.00070706 0.000339417 0.347916 0.00143657 7.07392e-05 0.00251751 0.000112625 0.000976484 0.0132214 0.0115676 0.00031572 
0.0446121 0.00333918 0.0104464 0.0391183 0.66941 0.125249 0.00529062 2.59295e-06 0.0460569 0.00193127 2.23824e-05 0.000891102 0.00144265 0.000380369 1.9345e-07 0.000299602 8.76241e-05 0.000181569 0.0267347 0.000797461 1.76921e-06 0.00145425 0.0011556 4.03895e-05 0.000660853 2.15253e-05 0.00841036 0.00657248 0.00504132 0.000347153 
0.212588 0.133671 0.0224644 0.150457 0.22021 0.0121672 0.00854051 1.52272e-05 0.0219155 0.00132977 0.000842503 0.0345461 0.00683688 0.00684363 8.77821e-06 0.00946937 0.00022072 0.00158333 0.00270326 5.88441e-05 3.75906e-05 0.00464928 0.100417 5.44367e-06 0.00845447 5.16876e-06 0.00363578 0.0342804 0.00183662 0.000206185 
0.176303 0.0251259 0.0639682 0.138045 0.177194 0.0252431 0.0159969 6.74313e-05 0.0441518 0.0061198 8.57974e-05 0.000898483 0.0991669 0.0593936 4.97308e-06 0.00203673 0.000752561 0.00292864 0.0349886 1.08301e-07 5.19348e-05 0.00571492 0.00508826 8.21136e-05 0.00069368 0.000139336 0.00909066 0.0904936 0.0161273 4.6655e-05 
0.0446121 0.00333918 0.0104464 0.0391183 0.66941 0.125249 0.00529062 2.59295e-06 0.0460569 0.00193127 2.23824e-05 0.000891102 0.00144265 0.000380369 1.9345e-07 0.000299602 8.76241e-05 0.000181569 0.0267347 0.000797461 1.76921e-06 0.00145425 0.0011556 4.03895e-05 0.000660853 2.15253e-05 0.00841036 0.00657248 0.00504132 0.000347153 
0.166742 0.0131518 0.12117 0.0729439 0.183417 0.0189637 0.0110319 0.00239077 0.176761 0.000125145 0.000234634 0.000838303 0.0107587 0.00178239 1.40679e-05 0.000740221 0.00137651 0.0113694 0.121774 0.000155827 0.000201556 0.0207727 0.00245841 4.4632e-05 0.00642811 7.14385e-05 0.0151871 0.023797 0.0136021 0.00169572 
0.0457082 0.00177821 0.00969288 0.0102628 0.592918 0.223475 0.00345133 5.35611e-05 0.0457295 0.015078 0.00150249 0.000394684 0.000216018 9.69371e-05 1.85228e-07 0.00477424 6.15673e-05 2.67208e-05 0.00558343 9.06588e-08 1.09951e-07 0.00136806 0.000994045 4.05058e-05 0.000348553 6.84648e-05 0.0325276 0.0034378 0.000402396 8.34762e-06 
0.00202162 0.00198719 0.0658239 0.000819862 0.389815 0.140679 0.0141277 0.012589 0.208634 4.43903e-05 6.69196e-05 0.000582723 1.65047e-06 0.000106629 3.42705e-06 0.014159 0.00427712 5.96767e-06 0.00142688 1.6776e-05 2.86351e-08 0.0808061 0.00493383 0.000327606 0.000233805 0.0166305 0.0232329 0.0150319 0.00153022 8.47889e-05 
0.0226634 0.00203115 0.154979 0.00511492 0.269404 0.0860217 0.0286708 0.000131703 0.231018 2.65948e-05 0.000216863 0.000236212 0.0143549 0.000997619 1.62483e-08 0.0363693 0.000224109 0.000168924 0.00121059 2.36203e-07 2.53898e-07 0.00292862 0.0194381 8.56815e-09 0.00190047 0.0028375 0.0141886 0.103989 0.000795751 8.11343e-05 
0.0588259 0.00385643 0.0369193 0.0877428 0.554634 0.124417 0.00576098 0.000243124 0.0517623 0.00477602 0.000378235 0.00158008 0.00145356 0.000497818 0.000193635 0.00162322 0.000377868 0.000181272 0.0233377 0.000388952 0.000392374 0.0111791 0.000887361 4.05364e-05 0.00261275 0.000174538 0.00523409 0.0106018 0.00946636 0.000460777 
0.0210258 0.00305366 0.00420357 0.0339326 0.685265 0.0679923 0.00715229 4.64897e-06 0.07639 0.00901817 1.79362e-05 0.000418222 0.00150345 0.00023532 1.20885e-06 0.000933802 9.21678e-05 0.000158211 0.0628061 0.000606476 3.34491e-06 0.00133391 0.00255555 2.46829e-05 0.000750627 2.44569e-05 0.00455735 0.0107748 0.00304125 0.0021232 
0.0942042 0.00837644 0.0632987 0.146702 0.388934 0.0219908 0.0861319 0.000413034 0.103526 7.24775e-06 0.000696014 0.00132869 0.00353896 0.000924617 2.59208e-07 0.000295357 0.000208382 0.000343642 0.0209971 2.83801e-05 4.81428e-05 0.0128599 0.00173366 0.000145618 0.0148035 0.00198761 0.00684209 0.00916322 0.0104524 1.8777e-05 
