0.0601261 0.00997023 0.183187 0.0311301 0.156573 0.0794394 0.0185911 0.00388771 0.218463 0.000140599 0.00259517 0.00486628 0.0137378 0.00571102 1.80175e-05 0.0122483 0.00142485 0.000396333 0.00625712 0.00183151 3.30153e-05 0.0742451 0.00508631 0.000114574 0.00329961 0.00863897 0.0291897 0.0434974 0.0251296 0.000170421 
0.0265792 0.0206815 0.0815856 0.0200609 0.117842 0.0347025 0.0244057 0.00104661 0.546984 0.012853 0.00250474 0.00054879 0.0124209 0.00173488 0.000631919 0.00460133 0.00337417 0.000139781 0.00935965 1.78894e-06 1.03666e-05 0.00776214 0.00814291 0.000112282 0.00615189 0.00444976 0.0286323 0.0147639 0.00637569 0.00153987 
0.0593525 0.0392085 0.0582464 0.0564206 0.0280336 0.00792138 0.0323051 1.11161e-06 0.535363 1.2358e-05 0.000510255 0.0148559 0.0061302 0.000859765 3.53366e-07 0.00289712 4.35674e-06 0.000175705 0.00420956 2.00624e-05 4.1862e-05 0.0114746 0.00588844 1.40365e-05 0.0212728 5.95305e-06 0.00176305 0.0292365 0.0824974 0.00127743 
0.0379776 4.46294e-05 0.0231474 0.0526139 0.167072 0.0346072 0.000459894 5.66306e-05 0.373625 0.0485453 2.57807e-06 0.00790956 0.0101353 0.000275826 4.65299e-09 0.00488647 0.000699695 6.92501e-05 0.187891 2.49908e-05 5.47925e-08 0.000518495 0.0331817 4.32595e-05 7.40478e-05 0.00393209 0.00434694 0.00330551 0.000363296 0.00419085 
0.0652907 0.0386708 0.0720642 0.13266 0.0331085 0.0154636 0.0145373 0.000138267 0.25762 0.00825879 0.0015878 0.0437155 0.0704781 0.0104171 1.46104e-05 0.0223404 0.00262704 0.000268228 0.00769052 0.00231909 0.000343239 0.00932057 0.0308132 0.0329593 0.0724885 0.000169607 0.00660999 0.0220911 0.0237976 0.00213632 
0.038794 0.00511608 0.0236187 0.118778 0.133394 0.105734 0.0187797 1.0828e-05 0.514214 5.37177e-05 2.42897e-05 0.000634809 0.00500586 0.00108178 1.65256e-05 0.000332701 0.000493391 5.45079e-05 0.0124627 1.28319e-05 2.06884e-05 0.00158634 0.00616304 1.3676e-05 0.000661796 0.000875132 0.00478175 0.00591889 0.00133775 2.69684e-05 
0.00199851 0.000437785 0.00329749 0.00391066 0.0159098 0.00116034 0.00102982 1.2374e-09 0.941234 2.60869e-05 3.96449e-05 0.000479796 0.000460511 0.000103115 8.77954e-08 0.000403931 2.90754e-05 1.42265e-05 0.00206917 2.77029e-07 7.18433e-08 0.00133795 0.00057019 4.38348e-06 0.00388341 0.000280502 0.00368426 0.00325023 0.0143834 1.32831e-06 
0.0970131 0.00695368 0.103046 0.0227534 0.0596463 0.029533 0.00508303 1.24415e-06 0.558036 0.000122472 0.000965426 3.697e-05 4.74421e-05 0.00018657 4.17636e-08 0.000338565 0.00029106 0.000116139 0.0214874 3.43175e-07 1.84395e-07 0.00114621 0.000623061 7.21479e-06 0.0122045 0.00260523 0.0118625 0.0106061 0.0551718 0.000114618 
0.0493647 0.0122359 0.0407893 0.104139 0.118148 0.0178588 0.0262904 4.53444e-05 0.524758 0.00016345 0.00140382 0.005569 0.00314072 0.00144003 8.51634e-06 0.000949506 8.9563e-05 7.39152e-05 0.035841 0.000129575 0.00259436 0.0101428 0.0109704 2.52983e-05 0.00356619 0.000268107 0.00863059 0.00709916 0.013051 0.00121377 
0.0325797 0.034083 0.125413 0.0710872 0.0147111 0.0367891 0.0218981 1.94268e-06 0.606661 1.70667e-05 1.05367e-05 0.00256902 0.00278001 0.00127987 7.30093e-07 7.78724e-05 7.50883e-06 0.000325526 0.00516301 8.19811e-05 4.55718e-06 0.000479885 0.00683496 1.99481e-06 0.00484164 8.27547e-05 0.0273195 0.0026303 0.00215317 0.000113517 
0.0835678 0.0860844 0.0733928 0.0456148 0.152648 0.0348109 0.109373 0.000356517 0.255348 0.000467278 0.00295193 0.00287161 0.0082973 0.002154 3.59979e-06 0.00569633 0.00819643 0.000292405 0.0236767 0.000224702 5.51443e-05 0.0194555 0.015659 4.77545e-05 0.00468754 0.00104586 0.00920808 0.0245154 0.0291823 0.000114285 
0.0514349 0.0605341 0.0872591 0.0958621 0.0160681 0.0275161 0.0218047 1.89321e-05 0.317564 8.8579e-05 0.00932801 0.00770553 0.0119518 0.0366592 0.0129051 0.00240201 0.00108539 0.00113538 0.0161652 0.0399742 0.000181126 0.00622644 0.0146014 1.49215e-05 0.00817987 0.000674295 0.0312067 0.0620705 0.0592393 0.000142986 
0.0127053 0.00701577 0.0407932 0.0686698 0.00631838 0.0444947 0.00305276 1.82339e-05 0.497692 0.00501278 3.54752e-05 0.225808 0.00286758 0.0220748 3.53105e-09 1.0067e-07 0.00407486 5.56731e-06 0.0211968 2.36478e-08 1.25277e-06 0.00253743 0.0161074 2.06988e-05 0.00840059 3.52041e-05 0.00612191 0.00383478 0.000653264 0.000451707 
0.0665 0.0221818 0.0528635 0.00207087 0.266325 0.0641303 0.0149804 5.77354e-06 0.402499 0.00339438 0.00356601 0.00570074 0.000454999 0.000276415 1.66508e-05 0.0430245 0.000159257 0.000114651 0.0053234 0.00230845 9.14812e-12 0.00468201 0.0122316 8.13665e-05 0.000329211 0.000760605 0.021863 0.00408299 6.38318e-05 9.80421e-06 
0.0479039 0.0128933 0.123249 0.131154 0.142216 0.027177 0.0392169 2.32246e-05 0.319149 0.00438056 0.00217462 0.00552139 0.0129641 0.00188937 3.02095e-05 0.00343093 0.00253524 0.0043611 0.0430064 4.85917e-05 2.94038e-05 0.0130916 0.00759804 2.81157e-05 0.00446386 0.000125597 0.0225864 0.0116378 0.014865 0.00224925 
0.0700779 0.048372 0.0287494 0.0608855 0.0507873 0.0943237 0.0902308 0.000690918 0.45749 6.90332e-07 6.90654e-07 0.0122979 0.00974348 0.0160988 6.8993e-07 6.90859e-07 0.0151996 6.90093e-07 0.0219687 6.8962e-07 6.90224e-07 6.90956e-07 6.9101e-07 6.90999e-07 0.0115362 6.89216e-07 0.0115376 6.91083e-07 6.90934e-07 6.90285e-07 
0.0588604 0.0238214 0.0940722 0.0499955 0.1222 0.0276389 0.0887957 2.79831e-05 0.393461 0.000977243 0.00275918 0.0044686 0.00584601 0.000734447 6.00654e-05 0.00205363 0.000494222 0.000153888 0.0207692 3.72635e-05 0.000141025 0.0117349 0.0100997 3.0396e-05 0.007701 0.00105267 0.0293405 0.0235418 0.0184472 0.000683911 
0.0323729 0.0048923 0.193353 0.100724 0.0997766 0.00419031 0.0218285 0.000110577 0.356885 0.000145084 0.00024406 0.00321402 0.0260652 0.00586368 9.45422e-07 0.00568151 9.63703e-05 0.0323556 0.0245785 5.02036e-06 9.37245e-05 0.0114563 0.00222379 8.87103e-06 0.0049795 1.25096e-05 0.00320051 0.0534377 0.011662 0.000542145 
0.0668912 0.00896137 0.0634536 0.0549119 0.12868 0.0692539 0.013099 0.00219754 0.242339 0.0041121 0.00450845 0.00698878 0.00734761 0.00347948 4.59006e-05 0.00603412 0.00377553 0.00453721 0.144019 0.000868989 0.00083136 0.0111007 0.0109077 0.00276501 0.00856404 0.00424115 0.0927266 0.0176504 0.0113903 0.00431759 
0.0100694 0.173387 0.0321858 0.178947 0.00683714 2.21848e-06 0.135007 3.6833e-06 0.378045 0.00950233 0.000477001 0.000342898 0.00129085 0.00333003 1.29179e-05 0.00740339 0.00787592 0.000552716 0.0122108 2.74593e-05 9.79057e-05 0.00799415 0.00731944 0.00275176 0.0169329 0.000289121 7.02535e-05 0.00652434 0.000471466 3.75136e-05 
0.0361743 0.0530589 0.0538465 0.0116039 0.0583093 0.069297 0.0381551 1.94321e-06 0.640032 2.92084e-06 1.37387e-05 0.00111979 0.000172204 3.49949e-05 6.89467e-08 2.04993e-05 5.93769e-05 0.000137083 0.00233815 1.01305e-05 1.0987e-10 0.00387304 0.00420154 5.93954e-06 0.00286129 0.00115097 0.0203491 0.00312098 2.37474e-05 2.55314e-05 
0.0700645 0.0250751 0.0225145 0.0260929 0.0209742 0.0961026 0.00820349 1.38198e-06 0.634852 5.461e-05 0.000199465 0.00665977 0.0287821 0.000869161 2.98299e-07 0.000395969 0.000232795 8.3787e-05 0.0311474 2.95465e-06 2.65547e-07 0.00111627 0.000165989 1.04665e-05 0.00194377 1.32088e-05 0.00612576 0.016304 0.00186838 0.000143151 
0.116515 0.00837447 0.186277 0.0394466 0.0131249 0.0304636 0.0126388 0.000760721 0.316813 0.00250315 0.000124075 0.0313355 0.0216628 0.00312539 2.88144e-07 0.000899709 0.0304746 0.00158277 0.00990831 2.3289e-06 0.000287466 0.0284493 0.00704583 1.74334e-05 0.054192 0.00230149 0.00861522 0.0144874 0.0585127 5.85327e-05 
0.00933874 0.000816819 0.0618616 0.00218753 0.179299 0.0142778 0.017067 5.85632e-07 0.330199 1.03861e-06 8.68857e-09 0.00173923 0.00254049 0.000552609 9.24115e-09 0.00154868 1.32083e-05 2.26759e-06 0.326788 3.1212e-06 2.42809e-11 0.00132283 0.0329229 2.31757e-07 0.00993378 0.000215796 0.00562779 0.00104624 0.000687634 5.7941e-06 
0.0304069 0.0271145 0.030734 0.0166742 0.204789 0.0255996 0.141823 0.000195031 0.40754 1.71885e-05 0.000555956 0.000484126 0.00290776 0.00155689 7.5806e-08 0.00632463 0.000115218 6.46593e-05 0.0197183 5.18974e-08 4.1098e-06 0.0115424 0.00892558 1.93283e-05 0.00144637 0.000324858 0.00489578 0.0342674 0.0218865 6.59611e-05 
0.0598507 0.0156367 0.0867111 0.0440984 0.167384 0.0317928 0.0148622 5.98406e-05 0.223253 0.00747358 0.00242185 0.0167305 0.0111692 0.00620507 3.218e-05 0.00472029 0.00391108 0.00103855 0.00736707 0.000179657 0.0024145 0.00897406 0.0109828 0.00252691 0.0165238 0.220221 0.0118597 0.0117304 0.00634997 0.00351886 
0.0219383 0.00958826 0.0417306 0.112496 0.132412 0.0583195 0.0272835 8.5666e-05 0.370969 0.00216022 0.000536985 0.00240567 0.0119529 0.00109993 1.01042e-05 0.00487388 0.0118962 0.000833483 0.0583558 0.000121173 6.91363e-05 0.00848413 0.0149608 0.0315747 0.0128503 0.000357455 0.00906538 0.0344952 0.00490499 0.0141688 
0.0601278 0.0177223 0.0393939 0.0958671 0.0260445 0.0079485 0.00391516 0.00302591 0.287231 0.00169228 0.00906311 0.0206723 0.0366186 0.0103218 0.000147038 0.0101276 0.11069 0.00326258 0.0038416 7.77815e-06 3.4157e-05 0.00993802 0.0603518 0.0102175 0.00552278 0.0012678 0.0110973 0.128839 0.0218804 0.0031306 
0.0307096 0.00556494 0.0926361 0.0267572 0.0557236 0.0557321 0.0191632 1.25945e-05 0.5512 6.47852e-05 0.00023111 0.00471776 0.00314886 8.582e-05 4.92034e-05 0.00180139 4.81277e-05 2.95848e-05 0.0209443 8.09399e-05 0.000171977 0.00897596 0.00844424 3.72815e-06 0.0107205 0.00823785 0.0307496 0.0233015 0.0392275 0.00146621 
0.0408938 0.0126889 0.0458131 0.0310293 0.0596098 0.0512056 0.0943953 0.000653187 0.367267 0.000326048 0.0028775 0.00243084 0.00465301 0.00179973 2.28157e-05 0.00408921 0.00321022 0.00242087 0.153804 0.000546175 1.77011e-05 0.0116499 0.00635752 0.000204523 0.010578 0.000330405 0.0707261 0.0108609 0.00910813 0.000430604 
0.107935 0.0362265 0.0277047 0.126331 0.0256668 0.116697 0.00136566 2.14283e-07 0.300852 5.63993e-06 0.000675954 0.0617239 0.0236971 0.0395726 9.65999e-07 0.000646876 0.000190589 3.36518e-05 0.00756579 0.0010788 0.00010315 0.0191579 0.0277846 4.55154e-06 0.00387454 0.000611385 0.00511733 0.00943003 0.000132363 0.0558144 
0.0007256 0.000517844 0.0423534 7.08915e-05 0.103511 0.000777131 0.00204566 3.15886e-06 0.663592 0.111474 1.70245e-08 6.3116e-09 0.000705371 0.000197476 3.0598e-09 2.24582e-05 1.94064e-05 1.54282e-08 0.0573787 1.20081e-11 5.57451e-09 0.00448785 3.97119e-05 6.86136e-06 7.51264e-08 0.000403668 0.0109368 0.000406862 0.000323347 4.07505e-08 
0.0707084 0.00291251 0.0317754 0.122858 0.025033 0.0381309 0.00369764 1.19029e-05 0.407384 4.33087e-06 5.02005e-06 0.00378975 0.0184783 0.00887683 5.13673e-07 9.2467e-05 5.37252e-05 1.11788e-05 0.00292769 0.224321 5.85409e-07 0.00515586 0.00363394 1.25267e-06 0.00277955 0.00721996 0.0107427 0.00675312 0.00260909 3.10166e-05 
0.00199851 0.000437785 0.00329749 0.00391066 0.0159098 0.00116034 0.00102982 1.2374e-09 0.941234 2.60869e-05 3.96449e-05 0.000479796 0.000460511 0.000103115 8.77954e-08 0.000403931 2.90754e-05 1.42265e-05 0.00206917 2.77029e-07 7.18433e-08 0.00133795 0.00057019 4.38348e-06 0.00388341 0.000280502 0.00368426 0.00325023 0.0143834 1.32831e-06 
0.0476749 0.009866 0.163728 0.0811435 0.113308 0.0421625 0.016839 0.00106683 0.305119 0.00275696 0.000274431 0.00667339 0.0129226 0.00696072 0.00482734 0.00860586 0.00187282 0.00252427 0.0465776 0.000462893 0.00928368 0.0147075 0.0189989 0.000172795 0.0251911 0.000787526 0.0173238 0.0174791 0.0194161 0.00127319 
0.00139665 0.000311326 0.00495372 0.00321163 0.0210849 0.00179592 0.00223997 2.39238e-07 0.941387 2.48435e-05 3.52197e-05 0.0003026 0.00013537 7.27712e-05 3.64688e-07 0.000282698 2.7504e-05 9.48306e-06 0.0027896 0.000166456 2.68633e-07 0.000840188 0.000472428 4.22715e-06 0.0030845 0.000249992 0.00407368 0.00165046 0.00937143 2.46243e-05 
0.00868376 0.01135 0.221873 0.00383149 0.0603149 0.00582606 0.0767804 2.30472e-06 0.229599 0.000111591 5.07028e-06 0.00146003 0.00698534 0.000617751 0.000195163 8.2035e-05 4.094e-05 0.00128508 0.192383 1.82952e-05 0.000568037 0.110368 0.0232222 7.33323e-07 0.0189445 3.00846e-05 0.000990502 0.00214625 0.0217892 0.000495181 
0.0561749 0.00748518 0.0757478 0.0356751 0.0846187 0.0316232 0.00623298 0.000442806 0.364086 0.00156549 9.00434e-05 0.0121324 0.00788641 0.00135269 1.3364e-05 0.00116029 0.00872587 0.000330641 0.172841 3.97876e-05 8.70529e-05 0.00978489 0.014937 0.00177253 0.0178973 0.00134315 0.027468 0.0381423 0.017112 0.00323113 
0.0305428 0.00845974 0.104625 0.0733979 0.00905135 0.0150112 0.00370741 2.37775e-06 0.433414 8.20019e-05 0.000152217 0.00513451 0.0272895 0.0399201 1.4038e-05 0.00380625 0.00162819 1.17033e-05 0.0091443 0.000177682 2.58429e-05 0.00312313 0.0109974 1.32026e-06 0.167402 2.89783e-05 0.0155866 0.0337712 0.00345485 3.58346e-05 
0.0224109 0.0209034 0.0476955 0.0103387 0.0391973 0.00853911 0.00324695 0.000315752 0.51004 0.00811823 0.00450633 0.0446494 0.00292149 0.00373931 4.05515e-06 0.0118515 0.00320847 0.00266736 0.0126019 0.000324435 1.08775e-05 0.0338976 0.0194751 0.0021148 0.00319036 0.000530921 0.00539777 0.157466 0.0196502 0.000985658 
0.0876561 0.0127356 0.133639 0.136529 0.16925 0.0636096 0.0249603 7.55298e-06 0.196228 9.92616e-06 6.90748e-06 0.00230028 0.0131579 0.007906 3.25557e-05 2.19361e-05 2.53703e-05 3.89497e-05 0.0759189 5.27893e-06 2.56114e-07 0.00270227 0.0081185 4.91e-06 0.0317141 0.000512922 0.0191277 0.00467112 0.00887357 0.000234636 
0.013865 0.00546834 0.0174819 0.0379859 0.0696267 0.0680181 0.0665999 2.72227e-06 0.618607 2.82191e-05 2.92523e-05 0.00139162 0.00339708 0.000155329 5.06535e-06 0.000442178 0.000173808 5.75552e-05 0.0145185 2.90984e-06 4.51573e-06 0.000612497 0.00722913 5.56765e-06 0.0101565 0.0561772 0.00519397 0.00162861 0.00108017 5.44194e-05 
0.000384162 0.0114889 0.0414568 0.0152324 0.000405632 0.000156441 0.0448155 1.33072e-05 0.521206 0.000673489 4.93007e-06 0.0135712 0.000321203 0.00714969 0.000106683 0.0199238 3.72518e-05 6.09876e-06 0.00060899 0.000245766 4.89147e-06 0.261519 0.00764376 4.2989e-05 0.0027311 4.37463e-05 0.00104265 0.0438315 0.00529029 4.18974e-05 
0.0287492 0.0116374 0.144176 0.0406204 0.0396089 0.0209834 0.0154918 0.00354923 0.270191 0.00304994 0.00589961 0.168516 0.0194687 0.0158695 8.41065e-05 0.0112704 0.00430216 0.00015224 0.024347 0.00418353 0.000161189 0.0660205 0.0189626 0.000278847 0.0240065 0.000135539 0.0036623 0.024278 0.0269958 0.00334854 
0.136573 0.00963532 0.0205193 0.0731484 0.00985007 0.0344707 0.00838937 9.27661e-06 0.585115 0.000361974 0.000211934 0.000278088 0.00371299 0.00114857 9.3094e-06 0.00077245 0.000176268 1.3818e-05 0.0304854 9.50473e-05 4.10381e-05 0.0257162 0.0394736 9.64337e-06 0.00514202 0.000334448 0.00282074 0.0111928 0.00022392 7.02484e-05 
0.0364934 0.00547081 0.116894 0.0921738 0.0417177 0.0487911 0.00325828 1.03128e-06 0.174317 0.00102144 0.000267893 0.00496711 0.0108775 0.0246577 6.95186e-07 0.000242154 0.08724 0.000261638 0.116408 2.06177e-05 1.91608e-06 0.000248773 0.0260124 8.21616e-05 0.00491327 0.000384249 0.0955319 0.10429 0.00177235 0.00168137 
0.000521698 5.4295e-05 0.00744369 0.0336973 0.00200739 0.402561 0.00512183 3.66654e-07 0.525509 4.32023e-06 2.25903e-06 0.00104945 0.00172358 0.000558514 2.56406e-07 0.00171258 0.00118337 5.1411e-07 0.00124111 9.57856e-11 1.22595e-08 0.000158288 0.00041956 6.17374e-07 0.0016891 0.000110433 0.0111035 0.00180654 0.000309799 9.47744e-06 
0.0178321 0.00180453 0.0146759 0.0601099 0.0429196 0.211378 0.00256849 0.000328207 0.460418 3.769e-05 0.000110437 0.0887987 0.0130237 0.00250095 1.09001e-06 0.00011914 0.000292872 0.000694847 0.0636978 0.00020017 8.46124e-06 0.000433747 0.00351401 4.97415e-06 0.00281416 0.000113169 0.00504992 0.0021361 0.00106645 0.00334638 
0.0728398 0.0185857 0.0816424 0.0683036 0.135204 0.0540052 0.0861881 0.000627348 0.351609 0.00112884 0.000849675 0.00575818 0.00273112 0.00570464 0.000179456 0.000750469 0.000550612 0.0004565 0.029797 0.000323836 8.58888e-05 0.00912755 0.00295222 3.41222e-05 0.00354818 0.000129707 0.0362789 0.0117203 0.0186329 0.000255137 
0.0133245 0.0324268 0.00615029 0.00309945 0.0109765 0.00419718 0.00582242 1.34671e-06 0.90129 0.000132097 1.4922e-05 0.000337525 0.000975376 0.000988328 1.55668e-08 7.02171e-05 1.08397e-05 1.60851e-05 0.00380546 4.87549e-08 1.07069e-08 0.00027591 0.00505678 1.4046e-07 0.000522399 0.000268113 0.00286932 0.00716627 0.000198126 3.16833e-06 
0.0500912 0.00831158 0.149117 0.0530739 0.0776003 0.0618192 0.0226363 2.15565e-06 0.256851 0.00154057 0.00124795 0.000810266 0.0125978 0.00039486 5.20967e-07 0.0014528 0.0108172 0.000226697 0.044945 4.19049e-06 7.6504e-06 0.00112342 0.00236066 3.60704e-05 0.0765891 0.00474968 0.114481 0.0154924 0.00814407 0.023476 
0.0272372 0.00841746 0.0484482 0.0909587 0.130839 0.0830702 0.00774844 2.35049e-05 0.429842 0.00136543 0.000194578 0.00250088 0.0149721 0.00142913 1.12944e-05 0.00524739 0.0192087 0.000485684 0.0455344 7.20719e-05 6.58644e-05 0.00420038 0.0166068 0.00284564 0.00137176 0.000438024 0.00692936 0.0342951 0.00480637 0.0108338 
0.0578963 0.00530233 0.0535174 0.147727 0.0478632 0.122168 0.00803906 7.95854e-05 0.420083 0.000141096 0.00162942 0.0350956 0.00546556 0.00528468 4.75171e-06 0.000103651 0.00162877 5.63121e-06 0.0572756 2.09586e-06 9.58396e-06 0.00389042 0.0032685 5.70275e-06 0.00531055 3.53714e-05 0.0028234 0.0113361 0.00390389 0.000103385 
0.0133245 0.0324268 0.00615029 0.00309945 0.0109765 0.00419718 0.00582242 1.34671e-06 0.90129 0.000132097 1.4922e-05 0.000337525 0.000975376 0.000988328 1.55668e-08 7.02171e-05 1.08397e-05 1.60851e-05 0.00380546 4.87549e-08 1.07069e-08 0.00027591 0.00505678 1.4046e-07 0.000522399 0.000268113 0.00286932 0.00716627 0.000198126 3.16833e-06 
0.0374488 0.0241048 0.0522322 0.131239 0.0419957 0.0406993 0.10051 0.00013525 0.344464 0.000699724 0.00494983 0.0261989 0.00876857 0.0073694 1.78049e-05 0.00428401 0.00157396 0.000522182 0.00775702 0.000126792 0.000508621 0.00243486 0.0350844 0.000639184 0.0919315 0.000181474 0.012489 0.0135416 0.00701768 0.00107551 
0.0531952 0.0157722 0.0983558 0.0548867 0.155083 0.0770177 0.0541702 0.00231947 0.279278 0.00511247 0.00204834 0.00549237 0.00991015 0.00601695 0.000135725 0.00933714 0.00714531 0.00132118 0.0341759 0.000225619 8.06866e-05 0.0172134 0.0139519 0.00113865 0.0136094 0.0013015 0.0402981 0.0268023 0.0124192 0.00218452 
0.0514473 0.00170513 0.122752 0.287561 0.0278026 0.0178255 0.00276447 4.955e-05 0.380632 1.85946e-05 0.000184232 0.045457 0.0292025 0.00243363 2.90863e-07 8.35024e-05 0.000451242 0.00110634 0.0042473 0.00464955 5.67614e-05 0.000170166 0.00147398 7.30045e-07 0.00191052 6.58819e-06 0.00343872 0.0105951 0.00195453 1.80764e-05 
0.00418184 0.000768464 0.0163878 0.0515746 1.6671e-05 0.00894605 0.00317629 3.10434e-06 0.456935 2.44814e-06 5.15114e-06 0.413654 0.0157579 0.00503891 1.40758e-05 0.00551492 0.000293361 9.17414e-06 3.09602e-05 0.000876963 2.8156e-05 2.8696e-05 0.00394275 5.36817e-06 0.00433542 3.65359e-06 0.00838438 2.17074e-05 3.6197e-05 2.6189e-05 
0.0707084 0.00291251 0.0317754 0.122858 0.025033 0.0381309 0.00369764 1.19029e-05 0.407384 4.33087e-06 5.02005e-06 0.00378975 0.0184783 0.00887683 5.13673e-07 9.2467e-05 5.37252e-05 1.11788e-05 0.00292769 0.224321 5.85409e-07 0.00515586 0.00363394 1.25267e-06 0.00277955 0.00721996 0.0107427 0.00675312 0.00260909 3.10166e-05 
0.0360953 0.00327425 0.0608686 0.0216838 0.0373152 0.0320454 0.00968714 1.81788e-06 0.675185 8.27555e-06 1.6341e-05 0.00236296 0.00107969 8.59859e-05 7.33701e-05 0.000719193 8.17265e-06 2.15244e-05 0.027947 7.7223e-05 0.000284536 0.00120196 0.00026195 2.51858e-06 0.00294369 0.00685867 0.0206418 0.00965031 0.0479856 0.00161328 
0.0364572 0.00255968 0.185706 0.0298246 0.0570059 0.0134723 0.0120202 0.000767101 0.271299 8.15356e-05 0.00107221 0.0166663 0.00955914 0.000537489 6.0288e-08 0.00130545 0.00315098 0.0175494 0.165459 1.39831e-07 0.000197392 0.0273026 0.00439157 0.000168842 0.0147368 0.000564897 0.0602442 0.0270604 0.0407718 6.70396e-05 
0.0230134 0.0229234 0.0976014 0.0505901 0.00650229 0.0208505 0.00156529 4.42264e-06 0.343679 0.00328039 1.73454e-05 0.174178 0.0643353 0.070019 3.60986e-06 0.0062119 0.000329794 0.000128708 0.00213572 0.000585368 1.15528e-05 0.00814485 0.0637635 5.70032e-06 0.00452345 3.67731e-05 0.010807 0.0226797 0.00201262 5.98536e-05 
0.050484 0.00318339 0.0202481 0.0477062 0.0847403 0.269464 0.00984699 1.20023e-05 0.458572 3.63589e-05 3.44778e-05 0.000292366 0.00852527 0.00120414 7.42427e-06 0.000487377 0.00108059 3.91543e-06 0.0148664 1.24251e-06 2.53281e-06 0.0023385 0.00798108 1.32501e-05 0.000477112 0.00246315 0.00996369 0.00476094 0.00119797 4.76722e-06 
0.0673343 0.0166384 0.146686 0.0359857 0.0491309 0.154555 0.100521 0.0046473 0.164894 0.00213021 0.00670464 0.0101708 0.00830194 0.00599521 0.00401752 0.0047092 0.0078828 0.000949781 0.0151083 3.2567e-05 5.44395e-05 0.0213845 0.0101837 0.00102699 0.0154919 0.00180994 0.104162 0.0242056 0.0143146 0.0009701 
0.0755114 0.01288 0.147478 0.0750733 0.0966999 0.0287815 0.0357483 0.000224121 0.164538 0.000120722 0.00099307 0.00355177 0.0724872 0.00663441 0.000116025 0.00879946 0.00208959 0.000302247 0.0628091 7.44946e-05 0.000111414 0.0262821 0.0119491 6.36935e-05 0.0146083 4.95125e-05 0.0186807 0.0803944 0.0528678 8.04175e-05 
0.016491 0.0101447 0.0925386 0.0499698 0.036406 0.0141377 0.0138043 7.66449e-05 0.354397 6.97578e-05 0.000120666 0.00099755 0.00363244 0.00209441 2.89357e-07 0.00896039 0.000223999 0.000336361 0.323003 6.2912e-05 1.72338e-05 0.00169842 0.00518109 6.57284e-06 0.00328609 2.02816e-05 0.047141 0.0140875 0.00107918 1.45676e-05 
0.00537891 0.00615246 0.0309583 0.000130464 0.0182681 0.0163638 0.00175492 8.83377e-07 0.640892 3.56e-05 1.28313e-05 0.00492231 0.000507725 0.00169581 1.14704e-07 4.8808e-05 0.000515701 2.65028e-06 0.192348 3.45491e-11 5.21986e-09 0.000383185 0.000679245 7.76794e-06 0.000483285 3.88308e-05 0.0729872 0.00520849 0.000211825 1.03311e-05 
0.0187024 0.011624 0.0629322 0.0293478 0.021843 0.0182998 0.0495311 2.74269e-06 0.63622 6.20038e-06 7.19625e-06 0.00090838 0.00301631 0.000229848 6.19296e-05 1.30207e-05 3.94298e-05 1.597e-05 0.0235248 0.000343379 0.000181166 0.00279512 0.00107571 1.57427e-05 0.0182354 0.0127964 0.0593138 0.0246959 0.00416488 5.66931e-05 
0.0515324 0.0660471 0.0695205 0.0301754 0.0299446 0.0073619 0.110963 0.000102928 0.498169 1.73298e-05 8.10713e-05 0.00801683 0.00375257 0.00201875 2.82848e-06 0.00667708 0.00232861 2.10362e-05 0.00292185 6.79366e-06 5.4589e-06 0.0143211 0.0312617 1.27724e-05 0.0060637 0.000451167 0.0017165 0.00278534 0.0537037 1.70892e-05 
0.0434312 0.0265142 0.126867 0.065885 0.0203929 0.0125521 0.0289043 0.00134822 0.162792 0.000472471 0.0075924 0.0137026 0.0217511 0.00484511 2.32725e-05 0.0151412 0.0136616 0.134696 0.0281823 0.00243275 9.37714e-05 0.0390963 0.0259865 0.00207713 0.0091745 0.000972044 0.0329001 0.0891906 0.0641728 0.00514903 
1.4451e-05 7.08098e-06 0.00870635 0.000742028 0.000249906 0.00359183 0.000647419 7.78839e-06 0.918008 5.66659e-06 1.91344e-06 0.0418624 0.00372724 0.000991783 6.2953e-06 3.32783e-06 1.81943e-05 5.52634e-05 0.00054462 5.51275e-05 3.56459e-06 1.11673e-05 0.000404384 1.42916e-06 0.000973471 0.0100352 0.00762033 0.00167791 1.46247e-06 2.46643e-05 
0.050484 0.00318339 0.0202481 0.0477062 0.0847403 0.269464 0.00984699 1.20023e-05 0.458572 3.63589e-05 3.44778e-05 0.000292366 0.00852527 0.00120414 7.42427e-06 0.000487377 0.00108059 3.91543e-06 0.0148664 1.24251e-06 2.53281e-06 0.0023385 0.00798108 1.32501e-05 0.000477112 0.00246315 0.00996369 0.00476094 0.00119797 4.76722e-06 
0.122068 0.0458398 0.224175 0.0446256 0.0342007 0.0105681 0.0885939 0.000977055 0.244848 0.00137331 0.000283695 0.00519225 0.00200297 0.00141353 0.00135942 0.0651259 0.00172693 0.000117668 0.00357203 0.000134897 3.39106e-05 0.0325345 0.0052188 2.43366e-05 0.00432158 0.000933593 0.0117095 0.0178882 0.0289027 0.000234277 
0.0007256 0.000517844 0.0423534 7.08915e-05 0.103511 0.000777131 0.00204566 3.15886e-06 0.663592 0.111474 1.70245e-08 6.3116e-09 0.000705371 0.000197476 3.0598e-09 2.24582e-05 1.94064e-05 1.54282e-08 0.0573787 1.20081e-11 5.57451e-09 0.00448785 3.97119e-05 6.86136e-06 7.51264e-08 0.000403668 0.0109368 0.000406862 0.000323347 4.07505e-08 
0.1166 0.0184587 0.0875166 0.185286 0.0209521 0.065323 0.0281637 0.00771496 0.195537 0.00186477 0.00763177 0.0178275 0.0197104 0.0166784 7.61681e-07 0.0174672 0.0387427 0.00196402 0.00301159 4.66476e-05 2.7794e-07 0.000151119 0.0345955 0.0094628 0.0114658 1.66017e-05 0.0135688 0.0620642 0.00351563 0.0146613 
0.0298675 0.0299848 0.113664 0.106538 0.060105 0.023978 0.0278187 0.00297754 0.181161 0.00247798 0.00433549 0.00332389 0.0553744 0.0821266 0.000348103 0.00591761 0.0363149 0.0012563 0.00766891 0.000130351 2.55021e-05 0.0343521 0.0396945 0.00177485 0.055612 0.00160538 0.00866018 0.0495552 0.0316869 0.00166472 
0.016491 0.0101447 0.0925386 0.0499698 0.036406 0.0141377 0.0138043 7.66449e-05 0.354397 6.97578e-05 0.000120666 0.00099755 0.00363244 0.00209441 2.89357e-07 0.00896039 0.000223999 0.000336361 0.323003 6.2912e-05 1.72338e-05 0.00169842 0.00518109 6.57284e-06 0.00328609 2.02816e-05 0.047141 0.0140875 0.00107918 1.45676e-05 
0.0402882 0.0168068 0.0739425 0.0294206 0.0817606 0.0459695 0.0191705 2.5027e-05 0.545253 0.00168667 0.00022115 0.00719453 0.00629407 0.00482248 2.35023e-05 0.00212471 0.00126935 0.000602514 0.0185686 0.00407811 7.93097e-05 0.00943849 0.00733443 3.9445e-05 0.0069241 0.0196883 0.0224445 0.0183143 0.0121384 0.0040759 
0.0788821 0.0160987 0.120629 0.0715936 0.0778186 0.0362831 0.0163733 0.000307489 0.250194 0.00281325 0.0183076 0.0123941 0.00968645 0.0251492 0.000190374 0.0021508 0.000851232 0.000424626 0.04215 0.110583 0.000186622 0.0129344 0.0146736 6.89286e-05 0.00797242 0.0155968 0.0216979 0.0274764 0.0056761 0.000836088 
0.010958 0.0607966 0.155811 0.0203524 0.00938985 0.00166897 0.0854655 1.18215e-05 0.364235 0.00235687 0.00230615 0.00252827 0.04197 0.000501968 5.21454e-05 0.0187296 0.00817551 3.41158e-05 0.00942047 0.000101595 0.000103562 0.0206793 0.109898 1.37269e-05 0.0110944 1.43293e-05 8.23172e-05 0.00596701 0.057184 9.6329e-05 
0.0847073 0.0130801 0.0588742 0.0475514 0.137635 0.0654039 0.0212133 0.00203154 0.205386 0.000361192 0.00693285 0.0120206 0.00688228 0.00647697 0.000810766 0.00420108 0.00583736 0.00203774 0.191554 0.000137868 0.00011453 0.00782323 0.0110741 0.000566849 0.00447015 0.000963369 0.0656909 0.0229536 0.0117714 0.00143608 
0.0571335 0.0130833 0.15732 0.197049 0.0170996 0.0131821 0.030066 0.00983191 0.338678 1.1042e-05 2.08414e-05 0.00147729 0.00962284 0.00236119 5.41282e-05 0.00644342 0.00022669 0.000255108 0.0280289 0.000102503 0.000172137 0.00841293 0.00433246 0.000460272 0.00760973 0.000172574 0.0117383 0.00909425 0.0758173 0.000142532 
0.0171308 0.00738594 0.020235 0.0477617 0.0231369 0.0606539 0.0137977 2.15745e-05 0.589481 6.32894e-05 2.4173e-05 0.000670671 0.0152863 0.000669688 3.787e-07 0.000232223 0.000128347 0.0204969 0.160447 0.00149408 4.79381e-05 0.00383272 0.00198956 2.0339e-06 0.00218678 6.46333e-06 0.00168568 0.00839805 0.00265757 7.62648e-05 
0.0455066 0.0126747 0.242455 0.0422903 0.0389715 0.0388582 0.015717 3.70511e-06 0.318241 0.000125116 0.000391498 0.0216342 0.0653674 0.0205915 2.21958e-05 0.00052228 0.000187438 0.00108479 0.00995602 0.00571635 0.000116928 0.0161206 0.00147005 1.43824e-05 0.00238494 0.000174516 0.0099678 0.0605352 0.0287193 0.000179274 
8.60096e-06 0.00206114 0.153146 0.00011347 0.0203705 0.063182 0.0101136 9.16954e-07 0.534832 3.87833e-05 0.0432755 0.000107735 0.00345268 0.000213108 2.33339e-08 7.28722e-08 8.07256e-06 1.99889e-06 0.0822418 8.41174e-06 2.25374e-09 0.0692308 0.00490718 0.000514339 0.0109898 0.00047377 4.66264e-06 0.000315203 0.000151987 0.000235666 
0.0430539 0.0529661 0.181703 0.0573094 0.0432136 0.0436639 0.011593 0.000305172 0.387931 0.00168275 6.21789e-05 0.00513807 0.0375083 0.0228553 1.12655e-05 0.0021047 0.00313695 0.000222298 0.00148798 7.62021e-05 0.00112151 0.00479287 0.00855312 8.2745e-05 0.0307193 0.000181447 0.00829684 0.0414995 0.00868783 3.93713e-05 
0.00199851 0.000437785 0.00329749 0.00391066 0.0159098 0.00116034 0.00102982 1.2374e-09 0.941234 2.60869e-05 3.96449e-05 0.000479796 0.000460511 0.000103115 8.77954e-08 0.000403931 2.90754e-05 1.42265e-05 0.00206917 2.77029e-07 7.18433e-08 0.00133795 0.00057019 4.38348e-06 0.00388341 0.000280502 0.00368426 0.00325023 0.0143834 1.32831e-06 
0.106796 0.00296485 0.0935853 0.0262537 0.0708866 0.0390243 0.03909 1.62095e-06 0.412614 2.86396e-06 1.01496e-08 0.00111705 0.00058361 0.000441411 7.24435e-07 0.000100382 0.000124042 6.30606e-06 0.1724 7.33628e-06 4.98138e-09 0.000503079 0.00131887 6.4312e-07 0.00066868 0.000829543 0.0272167 0.00342195 2.45424e-05 1.61793e-05 
0.0138594 0.0166435 0.0478927 0.0147272 0.0219165 0.00266184 0.103435 4.64556e-06 0.617919 1.22828e-06 0.000579616 0.00536056 0.000771718 0.00188613 0.000267852 0.031273 0.00559497 0.000255644 0.0225124 5.26126e-06 0.000948017 0.004612 0.0164134 9.65827e-05 0.0524072 0.00272849 0.000440947 0.010084 0.00365446 0.00104637 
0.0206133 0.0126801 0.115271 0.0624615 0.0225659 0.0176717 0.0172543 9.57123e-05 0.382079 8.69689e-05 0.000150729 0.00124671 0.00454017 0.00261767 2.84587e-07 0.0111992 0.000279898 0.000420197 0.238791 7.84798e-05 2.13844e-05 0.00135691 0.00647583 8.20483e-06 0.0041073 2.52998e-05 0.0589251 0.0176088 0.00134868 1.80584e-05 
0.0573836 0.00933387 0.0729204 0.0889346 0.0949044 0.0702736 0.0295104 0.00291366 0.262421 0.00277279 0.00329395 0.00882703 0.00957078 0.0101096 4.96017e-05 0.00715977 0.00844932 0.00108166 0.138316 0.000483866 8.41903e-05 0.0158882 0.0111122 0.001506 0.0105454 0.000497522 0.0375057 0.0237838 0.018164 0.00220252 
0.024442 0.00770933 0.128242 0.0469245 0.0886096 0.0573349 0.0225291 0.00220322 0.432495 0.0025198 0.000512403 0.000652126 0.00835092 0.000859752 5.23398e-06 0.00192291 0.00264656 0.000588553 0.0808249 0.000276209 4.7458e-05 0.00372875 0.00304563 0.00211679 0.0232247 0.00720098 0.0288174 0.00805375 0.01215 0.00196578 
0.00199851 0.000437785 0.00329749 0.00391066 0.0159098 0.00116034 0.00102982 1.2374e-09 0.941234 2.60869e-05 3.96449e-05 0.000479796 0.000460511 0.000103115 8.77954e-08 0.000403931 2.90754e-05 1.42265e-05 0.00206917 2.77029e-07 7.18433e-08 0.00133795 0.00057019 4.38348e-06 0.00388341 0.000280502 0.00368426 0.00325023 0.0143834 1.32831e-06 
0.0295434 0.00158634 0.0942869 0.00673974 0.137891 0.0203614 0.0247878 0.000204908 0.512859 4.40331e-05 0.0043624 0.00232495 0.000243238 8.43826e-05 6.07392e-06 0.0130641 0.0110878 0.00170261 0.0141398 3.37434e-07 1.30544e-06 0.0203025 0.0147537 4.05673e-06 0.0177124 0.000541711 0.0287394 0.00975286 0.0309194 0.00195245 
0.0354962 0.00167284 0.204133 0.0692571 0.09006 0.0473264 0.0397431 2.66413e-06 0.333934 0.000130749 8.68228e-05 0.000835969 0.000472584 0.000116784 3.0457e-08 0.0030874 0.032961 1.04331e-05 0.0545776 2.45983e-09 8.43228e-09 0.00710569 0.00121027 0.000277055 0.00294553 0.00744835 0.0356804 0.0248028 0.00615312 0.000472445 
0.0550922 0.0193774 0.078262 0.129298 0.0147165 0.0474454 0.0266648 0.0225252 0.374605 0.000185274 0.000365517 0.00545502 0.0136908 0.00390651 2.56179e-05 0.00654517 0.000160353 7.23921e-05 0.0804244 0.000141788 0.000606032 0.00548922 0.0178294 0.00385202 0.0289716 6.91502e-05 0.0102942 0.0222498 0.0282688 0.00341016 
0.0133572 0.0321242 0.0212272 0.0897126 0.00766041 0.0858542 0.021442 1.75273e-06 0.694802 2.87059e-06 2.47966e-05 0.000924662 0.00137485 0.000503348 0.000842697 1.00753e-05 3.16888e-05 9.31154e-06 0.00514318 3.38136e-05 9.60855e-07 0.0014403 0.00499521 6.82333e-06 0.00256661 0.000160627 0.00602906 0.00859647 0.00102916 9.2217e-05 
0.102592 0.0222729 0.157678 0.0821127 0.0677376 0.0819531 0.0307019 1.25717e-05 0.265265 2.95869e-05 0.000119581 0.00355359 0.00880955 0.000223737 1.6491e-06 6.38258e-05 5.14569e-05 7.66366e-05 0.0281832 2.53319e-05 0.00194298 0.00792739 0.00123595 8.5743e-06 0.00562579 0.0346508 0.03626 0.0239916 0.0341619 0.00273066 
0.00903446 0.0010243 0.0154136 0.046385 0.00467616 0.306568 0.0197567 2.62855e-06 0.523265 1.7329e-05 5.76399e-06 0.00250966 0.00351361 0.00139769 0.00416514 0.00362951 0.00139673 9.20413e-06 0.032823 7.02234e-06 1.18243e-05 0.00104487 0.00313291 1.25308e-06 0.00291755 0.000365349 0.0112239 0.00410338 0.00156852 2.99915e-05 
0.0823376 0.0165767 0.198956 0.048445 0.0648851 0.0926373 0.0244334 2.38636e-05 0.202968 0.000160126 0.000325373 0.00980524 0.0388962 0.0102629 0.000148642 0.00463181 0.000297223 3.19608e-05 0.0268823 0.000266733 0.00019514 0.0362859 0.0492345 8.59328e-05 0.0121938 0.00104737 0.0155981 0.0223463 0.0397303 0.000310909 
0.0375476 0.00787124 0.174064 0.0245506 0.184475 0.033461 0.00487478 0.000597105 0.313983 0.0035376 0.00190883 0.00869558 0.00311314 0.00133694 0.0106332 0.0426614 0.000800948 0.000102435 0.0112786 2.39808e-05 0.0138293 0.0628034 0.0178601 0.000234017 0.00377915 0.000194328 0.00974839 0.01795 0.00764577 0.000438609 
0.0374381 0.0132811 0.0880862 0.205981 0.159643 0.0697429 0.0386208 5.21971e-05 0.226056 0.000924463 0.000335295 0.00456486 0.00879647 0.00406447 4.79137e-05 0.00705083 0.000165185 0.000174552 0.0181941 0.000170557 5.93164e-05 0.0174786 0.00955804 3.86209e-05 0.00518713 0.000120566 0.0179162 0.037313 0.025717 0.00322106 
0.101134 0.0360455 0.0606639 0.0655168 0.146278 0.0339113 0.187131 0.000553745 0.254252 0.00153064 0.000998093 0.00411294 0.00295294 0.0107522 0.00214966 0.00118519 0.00107024 0.000153612 0.0252423 0.00016857 6.53228e-05 0.0110433 0.0135571 2.61958e-05 0.00514591 5.021e-05 0.0060444 0.0122146 0.0157575 0.000293319 
0.0007256 0.000517844 0.0423534 7.08915e-05 0.103511 0.000777131 0.00204566 3.15886e-06 0.663592 0.111474 1.70245e-08 6.3116e-09 0.000705371 0.000197476 3.0598e-09 2.24582e-05 1.94064e-05 1.54282e-08 0.0573787 1.20081e-11 5.57451e-09 0.00448785 3.97119e-05 6.86136e-06 7.51264e-08 0.000403668 0.0109368 0.000406862 0.000323347 4.07505e-08 
0.0079666 0.010519 0.026819 0.0152523 0.0875751 0.0282138 0.0210683 1.09845e-05 0.664499 2.83741e-05 4.7086e-06 0.01145 0.00216241 4.68916e-05 8.58692e-09 0.00555162 0.000299626 0.000500708 0.0303012 7.26872e-06 1.40973e-07 0.000232772 0.0138108 2.05807e-05 0.0153544 5.13713e-05 0.0370424 0.00107708 0.00649556 0.0136378 
0.08749 0.012923 0.13222 0.053194 0.0594 0.0179598 0.0441497 0.00758226 0.163449 0.00328201 0.000778086 0.00201683 0.0258071 0.00574658 0.00130834 0.00897292 0.00172015 0.000737631 0.160625 0.00140255 9.69408e-05 0.0638191 0.0194224 0.0122157 0.028301 0.000422839 0.00364442 0.0740438 0.00713215 0.00013607 
0.117911 0.00612875 0.0773247 0.0645106 0.0536066 0.00896236 0.025719 8.66364e-06 0.508149 8.62872e-05 0.00398326 0.0017369 0.0467037 0.00106857 2.43367e-07 0.00566955 0.000918282 0.000869425 0.00547278 2.0518e-07 1.28567e-05 0.0213902 0.0200127 1.31702e-05 0.00090361 1.15074e-05 0.00315467 0.0250141 0.000657414 2.16331e-07 
0.0832183 0.016408 0.17835 0.0437807 0.169624 0.0752257 0.00201945 0.000202771 0.230757 5.2266e-05 0.000574701 0.0039302 0.00196921 0.00120475 0.00854752 0.00418923 0.000251421 0.010853 0.0975853 1.33954e-05 0.000310403 0.0142715 0.0129218 1.78085e-06 0.00285658 0.000258695 0.012646 0.0099025 0.0177386 0.000335192 
0.00933874 0.000816819 0.0618616 0.00218753 0.179299 0.0142778 0.017067 5.85632e-07 0.330199 1.03861e-06 8.68857e-09 0.00173923 0.00254049 0.000552609 9.24115e-09 0.00154868 1.32083e-05 2.26759e-06 0.326788 3.1212e-06 2.42809e-11 0.00132283 0.0329229 2.31757e-07 0.00993378 0.000215796 0.00562779 0.00104624 0.000687634 5.7941e-06 
0.00597695 6.27167e-05 0.169105 0.00119741 0.0521496 0.0333185 0.00498808 0.00219387 0.459871 4.82029e-06 1.27057e-05 1.43006e-06 0.00197273 4.3378e-05 6.37501e-05 0.000367204 3.40429e-05 8.41582e-05 0.009846 1.9198e-08 0.000221989 0.228347 0.000204283 1.16722e-05 0.000461648 0.000937295 0.00986703 0.0013481 0.0173026 4.37076e-06 
0.0157896 0.00843683 0.158209 0.0644829 0.0479186 0.022312 0.0102671 4.5643e-06 0.352423 0.000121489 0.000176419 0.0025235 0.0117266 0.00542115 8.18129e-06 0.00596621 0.00270926 4.4139e-05 0.000799685 1.77578e-08 3.45053e-07 0.123579 0.0848074 4.10749e-05 6.56077e-06 0.00148702 0.00659546 0.0520156 0.00902671 0.0131006 
0.0316761 0.014326 0.127653 0.0795333 0.0403347 0.0123664 0.134419 0.000426494 0.411225 0.000129616 0.000244326 0.00813244 0.00929056 0.00760141 0.00018907 0.0013253 0.000396006 0.000147045 0.0300366 0.00187279 7.32253e-05 0.0126081 0.0143251 0.00127624 0.0339742 0.000460581 0.00920801 0.00731639 0.0086577 0.000774844 
0.0219521 0.00447938 0.127079 0.0391671 0.127376 0.102766 0.0103109 5.75818e-06 0.379309 0.00188755 0.000939011 0.00763415 0.00727694 0.00265941 0.000533024 0.00225279 0.00499732 0.0011863 0.0469123 0.000315346 5.88195e-05 0.00807039 0.0137919 0.000219033 0.00504564 0.00512415 0.0664346 0.00833705 0.0031406 0.000738709 
0.0352714 0.0193605 0.0785728 0.0527461 0.0715517 0.0478925 0.00718017 1.74814e-05 0.496876 0.000494352 0.00446685 0.00667426 0.0109447 0.00178429 6.78487e-06 0.00430786 0.00618984 0.000481681 0.0461775 3.10937e-05 2.91246e-05 0.0097701 0.0152943 0.00111532 0.00107686 0.000433855 0.0220374 0.023545 0.012155 0.0235154 
0.0523408 0.0228225 0.054266 0.0684451 0.0744555 0.0510644 0.0558239 0.00463311 0.336294 0.00073625 0.00107698 0.00754437 0.00930496 0.00443692 0.00170254 0.00699351 0.0058331 0.00199856 0.032858 0.000611894 8.64346e-05 0.00761951 0.0163938 0.00169886 0.00827246 0.0917236 0.0511806 0.0220096 0.00621334 0.00155902 
0.150073 0.0047356 0.117432 0.144826 0.0181638 0.0411637 0.00389772 0.040136 0.158688 0.000311231 0.00113051 0.0413933 0.0213421 0.0281002 0.000268233 0.00501067 0.00385139 0.00297619 0.00564137 0.005421 0.000127468 0.00626459 0.0296968 0.00508084 0.0580319 0.00031195 0.0202425 0.0636898 0.020961 0.00103169 
0.00199851 0.000437785 0.00329749 0.00391066 0.0159098 0.00116034 0.00102982 1.2374e-09 0.941234 2.60869e-05 3.96449e-05 0.000479796 0.000460511 0.000103115 8.77954e-08 0.000403931 2.90754e-05 1.42265e-05 0.00206917 2.77029e-07 7.18433e-08 0.00133795 0.00057019 4.38348e-06 0.00388341 0.000280502 0.00368426 0.00325023 0.0143834 1.32831e-06 
0.0393681 0.0310162 0.0119198 0.00700391 0.0102236 0.00500459 0.0123596 1.04179e-06 0.846324 0.000150806 0.000133262 0.00101192 0.00234362 0.00115193 6.55875e-07 0.000143249 2.51354e-05 5.85111e-05 0.00250016 2.0454e-08 2.99172e-07 0.000258544 0.00753283 4.34164e-07 0.000488057 0.000276891 0.00720871 0.01284 0.000286942 0.000366826 
0.0770809 0.00702507 0.188921 0.122665 0.186444 0.0668495 0.018618 0.000313392 0.244123 0.000152459 0.000240767 0.00498743 0.00159859 0.000543994 8.9442e-07 0.000816004 0.00137026 6.0128e-05 0.0114431 8.38842e-06 2.1707e-05 0.0061021 0.000671172 7.79613e-05 0.00758196 0.000207923 0.0155045 0.013395 0.0229834 0.00019253 
0.0273975 0.0122544 0.246636 0.0822799 0.000983074 0.101713 0.0177933 8.13573e-07 0.325651 1.77524e-06 1.12416e-05 0.0657596 0.00965436 0.0438867 5.22355e-07 0.00142288 0.000973544 3.23758e-05 0.000914852 0.000182328 2.25065e-05 0.00463989 0.0248481 2.17128e-06 0.0216359 6.94456e-05 0.00197604 0.00840635 0.000823174 2.71407e-05 
0.0310077 0.0041341 0.0544849 0.032171 0.20456 0.0604352 0.0102924 1.73404e-05 0.391353 0.0139274 0.0020918 0.0033398 0.00696785 0.000957638 3.88054e-05 0.00366057 0.00204529 0.000141767 0.105982 0.000287073 6.94617e-06 0.0118998 0.00974953 0.000804492 0.00248525 0.000584612 0.0166641 0.0206233 0.00829036 0.000995463 
0.0232108 0.0100391 0.0444782 0.0333858 0.0204193 0.0359816 0.082147 0.000671727 0.412481 0.000288153 0.0241678 0.00897032 0.00266292 0.00467504 1.17011e-05 0.0132215 0.015792 0.0029187 0.137142 5.91635e-05 6.07898e-06 0.0118375 0.0159336 0.00320476 0.0123658 0.000280292 0.0451798 0.0198068 0.0160952 0.00256611 
0.0597526 0.0195214 0.153121 0.0491011 0.0601553 0.056009 0.078086 0.00168493 0.310565 0.00279114 0.00182423 0.012955 0.0125097 0.00737689 0.000518107 0.00753487 0.00272595 0.00116229 0.029087 0.00159764 0.000160859 0.0229143 0.0134487 0.000601926 0.009349 0.00116321 0.0372508 0.0233791 0.0225917 0.00106045 
