0.233979 0.0900141 0.00347019 0.0262229 0.0104868 0.227266 0.0291935 0.0807484 0.0320825 0.04963 4.73064e-05 4.94834e-05 0.0761969 0.0283382 0.0499135 0.0622923 6.89214e-05 
0.240615 0.123291 6.20486e-05 0.0348211 0.0118728 0.144082 7.51406e-05 0.164906 0.00466969 0.0158364 4.32278e-05 1.01664e-05 0.00385792 0.00391529 0.195264 0.0557482 0.000928859 
0.18888 0.0797377 0.00774968 0.0379521 0.0469433 0.159073 0.0233874 0.0508212 0.0499785 0.0191398 0.00015697 0.00736383 0.0443967 0.0531928 0.083586 0.147274 0.000367107 
0.463447 0.0393651 0.00987612 0.00785674 0.0197415 0.026256 0.0334431 0.0265113 0.0330473 0.00963452 9.92092e-05 3.90554e-05 0.016691 0.0202494 0.21644 0.0771682 0.000134757 
0.336981 0.0796441 0.00686325 0.0501064 0.00708775 0.132706 0.000601608 0.0480024 0.0269458 0.00320723 5.16558e-05 0.000293275 0.0269055 0.0147013 0.146337 0.118693 0.000872964 
0.516631 0.0366358 0.00879062 0.0398401 0.0019221 0.115947 0.000131163 0.0256913 0.0415357 0.00180799 0.000136408 0.000539493 0.0447454 0.0420954 0.0670889 0.0563057 0.000156558 
0.545651 0.0235882 0.000593336 0.00664397 0.00275322 0.151145 0.0050459 0.00844311 0.0174864 0.00143966 0.000125009 3.28525e-05 0.0122142 0.00621814 0.0804802 0.137545 0.000595303 
0.323073 0.0587238 0.00935066 0.0165134 0.0238113 0.0444066 0.00180024 0.0243633 0.0793755 0.00402381 0.0271542 0.00449709 0.0425502 0.00532032 0.0516686 0.282397 0.000971056 
0.398019 0.0440708 0.00416797 0.0258689 0.00639787 0.100449 0.000148201 0.00976664 0.0173501 0.0237168 0.000164558 0.000504746 0.0717238 0.0562257 0.0609225 0.180488 1.53365e-05 
0.271036 0.17996 0.00320324 0.0328345 0.0116756 0.175234 0.00377096 0.105861 0.0244062 0.00602198 0.000300403 0.00934387 0.0106827 0.0177625 0.0252739 0.122538 9.51042e-05 
0.515975 0.0630317 0.00698543 0.0149941 0.0105422 0.0640653 0.000108713 0.0599537 0.0785677 0.00557626 0.000141776 0.000105422 0.00476061 0.00144923 0.0231164 0.150271 0.000355813 
0.309516 0.0468266 0.00192661 0.056544 0.0466485 0.289206 0.00021219 0.0241458 0.0783571 0.0030357 3.64281e-05 0.00188097 0.0502853 0.00412914 0.0186342 0.068594 2.12761e-05 
0.294483 0.0700146 0.0172485 0.0311954 0.0117425 0.245464 0.00050089 0.0460047 0.0562949 0.00738583 0.000172847 0.000506244 0.0315316 0.012793 0.048012 0.126117 0.000533217 
0.276326 0.049662 0.00134169 0.0313982 0.0147071 0.225997 0.00165397 0.109326 0.00879545 0.00471412 0.000253513 4.68104e-05 0.0133331 0.023196 0.0308331 0.208267 0.000149132 
0.3452 0.0612673 0.000512236 0.0321249 0.00552879 0.199501 7.04353e-05 0.0361105 0.00641915 0.0189228 0.00091828 1.7375e-05 0.00362574 0.00228508 0.0314974 0.253192 0.00280739 
0.337681 0.0287171 0.00489372 0.00327905 0.0130506 0.0639894 0.00428644 0.114359 0.00784315 0.00323002 0.000124682 0.00248438 0.0899798 0.045944 0.156939 0.115298 0.00790133 
0.186853 0.0533179 0.141288 0.0305992 0.00544319 0.147965 0.00703369 0.0790759 0.0276965 0.00341554 0.000161694 0.00118701 0.0389426 0.0555401 0.103144 0.117701 0.000635264 
0.24918 0.0513041 0.00562957 0.0276041 0.00625179 0.241884 0.000660244 0.0304956 0.0195827 0.00807716 0.000257829 0.00332138 0.0611521 0.0940577 0.0752426 0.125058 0.000241469 
0.191688 0.0906306 0.00380444 0.0486655 0.00435275 0.181956 0.000332978 0.157311 0.0203876 0.00248157 0.00375225 0.00106535 0.0912244 0.027787 0.0425661 0.131504 0.000490724 
0.731032 0.0279802 0.00153993 0.0115541 0.00347032 0.0666052 5.39742e-05 0.0324073 0.00490208 0.00734608 5.2567e-06 4.32624e-06 0.0163155 0.00223564 0.00705523 0.087424 6.85153e-05 
0.261964 0.13619 0.00430163 0.158654 0.0847215 0.0513536 0.000570492 0.0795885 0.0224279 0.00294789 1.81609e-05 0.00339818 0.0146213 0.104747 0.0110801 0.0628003 0.000616108 
0.516631 0.0366358 0.00879062 0.0398401 0.0019221 0.115947 0.000131163 0.0256913 0.0415357 0.00180799 0.000136408 0.000539493 0.0447454 0.0420954 0.0670889 0.0563057 0.000156558 
0.291766 0.0465367 0.0656348 0.169288 0.00577678 0.0069303 0.00229944 0.0407569 0.08689 0.000709578 6.96077e-06 0.00753688 0.0918707 0.0116476 0.106664 0.0655405 0.000145241 
0.379629 0.213548 0.00917233 0.0247765 0.0224018 0.0960941 6.66502e-05 0.0535941 0.103122 0.00582352 0.000132258 2.92578e-06 0.00802017 0.00827849 0.0167545 0.0585192 6.51592e-05 
0.331984 0.0892308 0.011308 0.0134409 0.00665146 0.08087 0.00180847 0.0420294 0.155222 0.00614806 0.000116406 1.2443e-05 0.0455425 0.011507 0.155678 0.0484133 3.70463e-05 
0.404104 0.125426 0.00630215 0.00809414 0.0074834 0.171251 0.000617778 0.0438463 0.0186733 0.0049535 0.000195813 0.000311325 0.0133106 0.0107436 0.0586447 0.125312 0.000729999 
0.479906 0.0366862 0.00683508 0.0222244 0.0157772 0.0769571 0.000626352 0.0284028 0.0225232 0.0047 4.9996e-05 0.000149903 0.0297492 0.0394296 0.0257167 0.210166 0.00010044 
0.218804 0.0408665 0.00244744 0.0876677 0.0333461 0.150217 0.00267913 0.186253 0.0234825 0.0116563 0.000134696 0.00374135 0.0236957 0.0134772 0.0374703 0.16377 0.00029089 
0.339937 0.0416267 0.000214751 0.0154269 0.00175896 0.106596 0.000764624 0.0194464 0.0718533 0.0391755 0.000886245 0.000105338 0.00490643 0.00287732 0.037431 0.316427 0.000567723 
0.439535 0.0128102 0.00362945 0.0545414 0.00465071 0.374321 0.000120135 0.0262003 0.0372952 0.0055985 7.39351e-06 4.03303e-06 0.0118333 0.0169559 0.00454194 0.00794492 1.12906e-05 
0.247338 0.0779195 0.0114583 0.0338003 0.0273338 0.245726 0.00217549 0.062247 0.0270996 0.00985506 5.84722e-05 0.00578883 0.0553889 0.0468841 0.0388642 0.107754 0.000308905 
0.669988 0.0131482 0.00778938 0.0146859 0.00180003 0.0477624 1.78819e-06 0.206133 0.00105784 0.000202842 0.000171101 2.24731e-06 0.000191694 0.00998126 0.00585288 0.0212292 2.11878e-06 
0.264496 0.0619013 0.00309159 0.0276137 0.00849142 0.161724 0.00429255 0.156923 0.0510581 0.0411939 0.000112757 0.000126658 0.0084496 0.0112118 0.0312201 0.167942 0.000152112 
0.491538 0.0382688 0.000988055 0.00543393 0.00266362 0.0836644 0.00303129 0.0167514 0.0292586 0.00901199 0.000229759 0.00027028 0.0432725 0.0158686 0.0863377 0.172989 0.000422648 
0.405625 0.123039 0.00362916 0.0294562 0.00941389 0.186668 6.38554e-05 0.0665437 0.00827592 0.00509137 0.000189427 0.00523429 0.00684482 0.050321 0.0333961 0.0657335 0.000473476 
0.411595 0.0681631 0.00251959 0.0342092 0.00961607 0.217922 0.00467513 0.0545546 0.0278887 0.0240799 0.000142596 0.0107558 0.00808391 0.00487574 0.06922 0.0514834 0.000215156 
0.328949 0.0482824 0.0123705 0.0204691 0.0366866 0.0855708 0.00349314 0.0431843 0.0773606 0.00821986 0.000124846 0.00778199 0.0320011 0.0201015 0.0402452 0.234813 0.000345919 
0.272024 0.0457169 0.00571323 0.0490472 0.043273 0.0587808 0.00156162 0.232914 0.00921094 0.00426928 0.00024556 0.00216149 0.0291471 0.00805729 0.0411763 0.196525 0.000176342 
0.539282 0.0763763 0.00118433 0.0201484 0.00586215 0.135363 0.000572867 0.0271477 0.0366845 0.00568923 0.000172551 0.000419802 0.0422842 0.00873949 0.0393408 0.0602621 0.000470927 
0.211732 0.106126 0.00889564 0.0219615 0.0117016 0.162978 0.00134852 0.0341383 0.141137 0.0123579 0.000200953 0.0096735 0.061483 0.074124 0.0672015 0.0748952 4.60406e-05 
0.217407 0.125569 0.00123903 0.0537536 0.034313 0.209114 0.000589522 0.0214471 0.039978 0.0106058 1.46171e-05 0.000230052 0.0125964 0.105149 0.031697 0.136222 7.54586e-05 
0.20933 0.0950602 0.00273935 0.0341705 0.0322079 0.198924 0.00462177 0.0305367 0.025634 0.011566 0.000441001 0.000274689 0.0242785 0.115724 0.0337609 0.180639 9.11769e-05 
0.174327 0.0360475 0.0240729 0.0409832 0.0484969 0.11111 0.00218065 0.0696699 0.0103131 0.00805224 0.000297645 0.0240495 0.128123 0.125416 0.0607949 0.1353 0.000765009 
0.252339 0.068999 0.00309559 0.0994327 0.0147813 0.158118 0.0057794 0.0303771 0.0408969 0.0130059 0.000257014 0.00257431 0.0535745 0.0273278 0.0695574 0.159473 0.000411196 
0.240329 0.0811368 0.00319945 0.0418655 0.0181761 0.184951 0.000970148 0.0613324 0.0470057 0.0310361 0.000944675 0.000669405 0.0531945 0.0323958 0.0598615 0.139852 0.00308007 
0.277403 0.110657 0.00145653 0.0134905 0.0165666 0.245393 0.0044018 0.0848653 0.0367672 0.00347408 0.000590945 0.0172778 0.00165921 0.00449317 0.0230426 0.158316 0.000146291 
0.187773 0.0675486 0.0196839 0.0438036 0.0410453 0.116437 0.00419125 0.0532487 0.0915092 0.0148045 9.13505e-05 0.0144581 0.0794781 0.0129753 0.114571 0.138215 0.000165808 
0.462601 0.0456306 0.00233951 0.0269231 0.00165514 0.0795515 0.000505666 0.0966248 0.030487 0.0186416 0.00408978 0.000160939 0.00801152 0.00954084 0.0564704 0.139878 0.0168879 
0.344874 0.0499029 0.00832845 0.0192503 0.00862092 0.0962616 0.000771807 0.0388824 0.0316422 0.00911744 0.000116353 0.00152343 0.013676 0.00491113 0.0586326 0.313207 0.000280769 
0.491538 0.0382688 0.000988055 0.00543393 0.00266362 0.0836644 0.00303129 0.0167514 0.0292586 0.00901199 0.000229759 0.00027028 0.0432725 0.0158686 0.0863377 0.172989 0.000422648 
0.199038 0.124044 0.00103932 0.027706 0.0365052 0.144392 0.00542125 0.14846 0.0247901 0.0153521 0.00032948 0.00234793 0.016037 0.0421687 0.0529928 0.158213 0.00116317 
0.192266 0.0487718 0.00927221 0.0999043 0.0703155 0.0527279 0.00183377 0.0456767 0.13285 0.0387636 3.60691e-05 0.00299779 0.125289 0.0160429 0.0715347 0.0914185 0.0002994 
0.477378 0.0561167 0.00111512 0.0288817 0.00213237 0.150659 3.30126e-05 0.0370386 0.0303203 0.00546309 0.000353115 4.33044e-06 0.0260624 0.00247702 0.0731971 0.10546 0.00330742 
0.213024 0.101964 0.0110747 0.0360165 0.0146055 0.182407 0.000687791 0.113905 0.0418608 0.00708146 0.000607819 0.000648396 0.0227604 0.0198155 0.0604322 0.173004 0.000104123 
0.44121 0.0874898 0.000648665 0.0101162 0.028964 0.106016 0.000308876 0.0191492 0.0210354 0.00940455 0.000135268 0.00653011 0.0657506 0.016716 0.0682567 0.118241 2.70408e-05 
0.36029 0.0926164 0.000492315 0.0190644 0.0111018 0.118555 0.00405801 0.0476844 0.0258533 0.0049525 0.000272345 1.35323e-05 0.00694019 0.0153018 0.0596153 0.233166 2.29702e-05 
0.242815 0.0626927 0.0015466 0.0798113 0.0343548 0.105403 0.00139668 0.101697 0.00962748 0.00588347 0.000569065 0.00129153 0.0241795 0.0197155 0.113852 0.194357 0.000807657 
0.544451 0.0413194 0.000731744 0.00935603 0.00477088 0.18404 0.000305935 0.021375 0.0131367 0.00556564 0.000465022 0.000174062 0.00770607 0.00317783 0.00876576 0.153937 0.000721963 
0.272722 0.0813124 0.00146657 0.0723514 0.033279 0.116615 0.00074751 0.119324 0.0234874 0.0221756 0.0783015 0.00234281 0.0137263 0.0163055 0.0435988 0.102044 0.000200514 
0.255301 0.140634 0.00770774 0.0322159 0.0175238 0.112978 0.00104403 0.0409654 0.160846 0.0568317 0.000125747 1.28257e-05 0.00953362 0.0059228 0.054753 0.103568 3.65766e-05 
0.566799 0.0191684 0.000563024 0.00742701 0.00286601 0.135558 0.00504605 0.0166738 0.0172777 0.00135279 0.000215781 3.28552e-05 0.0111862 0.00491348 0.0810618 0.129263 0.000595342 
0.236614 0.116743 0.00878321 0.102153 0.0124401 0.234342 0.000418968 0.0324305 0.0341564 0.00901276 0.00179101 0.000163117 0.028021 0.0419843 0.0441211 0.09673 9.45988e-05 
0.146992 0.0805566 0.0350634 0.125724 0.0367635 0.123584 0.00342156 0.109429 0.0250867 0.00778037 4.39649e-05 0.00749509 0.0363569 0.0412173 0.101865 0.118147 0.000473258 
0.516631 0.0366358 0.00879062 0.0398401 0.0019221 0.115947 0.000131163 0.0256913 0.0415357 0.00180799 0.000136408 0.000539493 0.0447454 0.0420954 0.0670889 0.0563057 0.000156558 
0.250556 0.097053 0.00655047 0.0508424 0.0102948 0.142222 0.000848026 0.0237886 0.102286 0.0161882 0.000103704 0.00131835 0.017689 0.103467 0.0303628 0.146354 7.54402e-05 
0.260523 0.147553 0.0494457 0.0106168 0.0185724 0.0594873 0.00822392 0.0157683 0.211197 0.00604994 0.000355391 0.000845737 0.0164615 0.00533766 0.0970672 0.0920195 0.000475418 
0.269 0.157939 0.00396309 0.0727177 0.0145466 0.146564 0.000386805 0.0432584 0.0504518 0.0121688 3.95307e-05 0.00579561 0.00935426 0.0100925 0.0564671 0.146898 0.00035774 
0.373744 0.0846357 0.00254716 0.0486399 0.00366919 0.115705 0.00212936 0.0869551 0.0546658 0.00739036 0.000147024 0.00211264 0.0470041 0.033572 0.0329967 0.103988 9.81676e-05 
0.189444 0.125871 0.00581833 0.0292386 0.0271754 0.155205 0.00712464 0.0526443 0.0284656 0.0157182 0.00016231 0.0117638 0.0217084 0.0428575 0.108534 0.177967 0.000302162 
0.461198 0.0431585 0.0053956 0.0195213 0.0123156 0.0877941 0.000435697 0.0877595 0.0204857 0.00380752 2.65672e-05 0.00113534 0.0747779 0.009383 0.0277448 0.144909 0.000152077 
0.265518 0.0707657 0.00421659 0.153199 0.0146768 0.238571 0.00162264 0.0401572 0.0388135 0.0102816 8.4463e-05 0.00639973 0.0353408 0.0222068 0.0216667 0.0764422 3.74837e-05 
0.250034 0.0725665 0.00876712 0.036054 0.0366419 0.177013 0.00541262 0.0958257 0.0235805 0.00402907 0.000450182 0.0137021 0.0829373 0.0178215 0.0815879 0.0933274 0.00025018 
0.233026 0.067475 0.00719829 0.0260124 0.0113114 0.0898369 0.000434599 0.124691 0.0440297 0.0102584 0.00192219 0.000404464 0.0359154 0.0252238 0.137535 0.184326 0.000400118 
0.174327 0.0360475 0.0240729 0.0409832 0.0484969 0.11111 0.00218065 0.0696699 0.0103131 0.00805224 0.000297645 0.0240495 0.128123 0.125416 0.0607949 0.1353 0.000765009 
0.251379 0.0495098 0.00512702 0.0306416 0.0127151 0.195446 0.00126936 0.0491584 0.0446758 0.0256568 0.000152755 0.0102089 0.0589687 0.0440285 0.0266378 0.194356 6.8477e-05 
0.267281 0.0799993 0.00294083 0.056402 0.0148984 0.171831 0.000504461 0.0705776 0.0301675 0.00644423 5.84535e-05 0.000295305 0.0174555 0.00626658 0.0256202 0.248888 0.000370138 
0.308874 0.0682823 0.0057642 0.0360003 0.0509772 0.0775927 0.00848743 0.093124 0.0221192 0.00556185 5.29511e-05 0.0386923 0.0350673 0.00402052 0.0188234 0.226432 0.000128642 
0.217221 0.0604571 0.0594475 0.0352236 0.036107 0.0929753 0.00305659 0.116494 0.0962279 0.00930221 0.00011991 0.0124695 0.0809128 0.0390386 0.0421643 0.098424 0.000359492 
0.433595 0.0533914 0.00120875 0.0254941 0.00451474 0.193725 0.000990918 0.0318682 0.0311188 0.00979741 0.000382709 0.000887476 0.0170706 0.0170098 0.0298953 0.148018 0.0010321 
0.168615 0.0868797 0.0115684 0.037335 0.0953128 0.115509 0.00219016 0.0174673 0.0645163 0.0108243 0.000172225 0.00877858 0.060725 0.140118 0.0368752 0.142652 0.000460868 
0.185258 0.0386412 0.0108547 0.0591597 0.0407664 0.123816 0.00120959 0.105886 0.0202671 0.00297111 8.39904e-05 0.0086506 0.10475 0.103605 0.0286187 0.165382 8.01365e-05 
0.228559 0.0643602 0.00169964 0.027929 0.0306462 0.145149 0.00421962 0.0247991 0.0190881 0.0104824 0.00104046 0.0288535 0.0128706 0.114862 0.0571512 0.227862 0.000427913 
0.291628 0.0622028 0.00168239 0.0221201 0.00414945 0.206508 0.00372561 0.0170828 0.0299684 0.0200493 0.000246568 0.000138377 0.0257839 0.0606214 0.0618802 0.191944 0.000269049 
0.49975 0.0451773 0.00182952 0.0584934 0.0463055 0.0560193 0.00117996 0.0802937 0.0372997 0.0149077 6.1042e-05 0.0120549 0.0156881 0.000915043 0.08629 0.0434139 0.000321239 
0.209008 0.0619383 0.00514249 0.0505931 0.0159184 0.148052 0.00147273 0.0880799 0.0406264 0.00834006 0.000185192 0.000223963 0.0403471 0.0494356 0.144087 0.136414 0.000134696 
0.292876 0.0717881 0.00392075 0.0456796 0.00372517 0.095484 0.0252912 0.148065 0.0362997 0.00976741 9.59388e-05 0.000141964 0.0276856 0.0126075 0.036 0.190568 4.45604e-06 
0.29922 0.0906817 0.0057685 0.206638 0.00600742 0.133081 0.00325427 0.0715292 0.0266824 0.00414125 0.00273638 0.000338419 0.0206513 0.0245683 0.0194517 0.08374 0.00151034 
0.247723 0.0663629 0.00158824 0.0399798 0.0216268 0.222167 0.00255487 0.0466085 0.0478848 0.00615975 9.81313e-05 0.00551808 0.0877127 0.0350492 0.0331263 0.135593 0.000247215 
0.200138 0.187954 0.00648688 0.0822234 0.0241258 0.104709 0.00140364 0.0660122 0.0432925 0.0073104 1.98349e-05 0.00124275 0.0445598 0.0289346 0.111765 0.0894983 0.000323952 
0.360193 0.0947974 0.00948842 0.0224714 0.0235163 0.213841 0.00188087 0.0243918 0.019755 0.00892329 4.85078e-05 0.000464539 0.0415343 0.0155254 0.02006 0.142962 0.000146301 
0.488213 0.0423994 0.000474061 0.0234935 0.00427218 0.185607 0.000226936 0.0259707 0.0191995 0.00893727 0.000252539 5.79065e-05 0.00985686 0.021097 0.0329139 0.136387 0.000641606 
0.180963 0.0641936 0.00615684 0.0258624 0.0379717 0.100957 0.00727186 0.0492251 0.0280306 0.0113611 0.0998922 0.00542711 0.0330557 0.0172918 0.153156 0.17865 0.000534414 
0.483677 0.038555 6.39454e-05 0.00845283 0.0036924 0.122193 0.00054132 0.00690175 0.0474982 0.00607281 0.000424458 4.44444e-05 0.00473674 0.00965438 0.0429367 0.223633 0.000922528 
0.28585 0.0637647 0.0025349 0.0431584 0.00573003 0.217276 0.000423104 0.0406529 0.0117415 0.0150293 0.00213539 0.000325766 0.0151134 0.0258214 0.0396512 0.228379 0.00241349 
0.28585 0.0637647 0.0025349 0.0431584 0.00573003 0.217276 0.000423104 0.0406529 0.0117415 0.0150293 0.00213539 0.000325766 0.0151134 0.0258214 0.0396512 0.228379 0.00241349 
0.312328 0.115515 0.00334422 0.0161255 0.0209292 0.126248 0.00170692 0.0197558 0.0188711 0.0286628 4.81081e-05 0.0030239 0.0142442 0.0198764 0.131458 0.167818 4.52379e-05 
0.332234 0.0394702 0.00123666 0.0189315 0.0115478 0.297601 0.00361591 0.0476147 0.0173503 0.010246 0.000627447 0.000233254 0.0283407 0.0238962 0.0304457 0.136497 0.000112195 
0.360715 0.0867374 0.00143628 0.0212787 0.0184812 0.157356 0.00204038 0.200705 0.00502178 0.00768847 1.96502e-05 9.86399e-06 0.00255922 0.00519269 0.0320571 0.0983147 0.000387689 
0.395084 0.169698 0.000440381 0.0125976 0.023834 0.126745 0.001378 0.0768098 0.0214445 0.0677568 4.31078e-05 1.34315e-05 0.00164187 0.0147911 0.0258074 0.061643 0.000271721 
0.277337 0.0474429 0.00740129 0.0235486 0.00851989 0.155734 0.000179899 0.073642 0.0258509 0.0156108 0.000123066 0.00282267 0.0585874 0.127676 0.0519906 0.123261 0.000271481 
0.224455 0.119841 0.00188936 0.0816899 0.020932 0.0635708 0.000263313 0.0273295 0.015986 0.00177729 4.57468e-07 4.98673e-05 0.00349083 0.000534672 0.202786 0.204595 0.0308091 
0.188067 0.0654266 0.00978675 0.0568956 0.042612 0.146195 0.00702365 0.055824 0.0225119 0.01012 0.000380773 0.00960906 0.0304409 0.082264 0.0958305 0.176635 0.000376976 
0.473734 0.0320838 0.000483518 0.0173469 0.00316993 0.0963574 0.000191551 0.108584 0.0513619 0.00572994 3.01426e-05 0.000312544 0.0106124 0.0150703 0.081317 0.103359 0.000256399 
0.14957 0.12543 0.0132526 0.0384001 0.0521948 0.0964232 0.00176131 0.0944221 0.0732375 0.0178897 1.01745e-05 0.00307851 0.0365234 0.0559577 0.113508 0.128251 8.97205e-05 
0.331347 0.0388591 0.00454318 0.00839257 0.00899685 0.0463675 0.00699469 0.0909656 0.011576 0.00168313 0.00031527 2.08463e-05 0.0230784 0.0145888 0.130439 0.281822 1.04171e-05 
0.277337 0.0474429 0.00740129 0.0235486 0.00851989 0.155734 0.000179899 0.073642 0.0258509 0.0156108 0.000123066 0.00282267 0.0585874 0.127676 0.0519906 0.123261 0.000271481 
0.175768 0.0414228 0.00357334 0.0518743 0.00809046 0.138809 0.00155923 0.163225 0.0150063 0.017534 0.000164468 0.00234325 0.0950998 0.0265717 0.0844212 0.174337 0.000200629 
0.278737 0.277991 0.00740138 0.0432143 0.0158781 0.248971 0.000383714 0.0205708 0.00917444 0.0163176 1.68027e-05 0.00113959 0.0105266 0.00885981 0.0320081 0.0275522 0.0012577 
0.174327 0.0360475 0.0240729 0.0409832 0.0484969 0.11111 0.00218065 0.0696699 0.0103131 0.00805224 0.000297645 0.0240495 0.128123 0.125416 0.0607949 0.1353 0.000765009 
0.244689 0.111711 0.00771426 0.0180951 0.0494746 0.0803541 0.00313693 0.0517349 0.0464762 0.0039295 7.60955e-05 0.00563756 0.0394103 0.0101446 0.123836 0.203241 0.000339432 
0.345166 0.0726523 0.00231441 0.0231486 0.0411121 0.137722 0.00183001 0.0627695 0.00638972 0.00326792 3.06937e-05 0.00302808 0.0188431 0.0372659 0.0314442 0.212824 0.000191649 
0.199386 0.104692 0.0062455 0.0763934 0.0890024 0.12584 0.00453725 0.0993084 0.0588418 0.0414489 5.5909e-05 0.00339237 0.0170372 0.040947 0.0417001 0.0906555 0.000515942 
0.265611 0.0318389 0.00871933 0.0497034 0.00474603 0.223591 0.000299074 0.0620529 0.0104843 0.000677228 0.000107084 2.26532e-05 0.0426765 0.174369 0.0578254 0.0670835 0.00019259 
0.175607 0.0378704 0.0922012 0.04834 0.00774722 0.0508822 0.00339313 0.0639472 0.102778 0.00470537 0.000164532 0.00288928 0.128265 0.0721381 0.0927304 0.116028 0.000312395 
0.28585 0.0637647 0.0025349 0.0431584 0.00573003 0.217276 0.000423104 0.0406529 0.0117415 0.0150293 0.00213539 0.000325766 0.0151134 0.0258214 0.0396512 0.228379 0.00241349 
0.211771 0.192001 0.00299313 0.0516507 0.0283864 0.0881033 0.000467838 0.0263413 0.11414 0.0786752 0.00048322 0.000939973 0.0385577 0.0215338 0.0420971 0.10163 0.000227865 
0.201134 0.079657 0.00523621 0.0697514 0.0207183 0.187241 0.0120288 0.0777948 0.0297803 0.026399 0.000263988 0.0170807 0.0210645 0.0413505 0.0851115 0.125167 0.000221418 
0.604155 0.0312182 0.000924573 0.0166601 0.00163893 0.0961762 0.00899755 0.0318884 0.0145481 0.00144451 0.000502002 0.000760501 0.0102592 0.0101539 0.0440168 0.125602 0.0010534 
0.669719 0.0243672 0.000796409 0.0110169 0.00117131 0.115666 0.00144349 0.0165116 0.014177 0.000693919 8.77962e-05 1.70983e-06 0.00617756 0.00303675 0.0326327 0.102307 0.000192979 
0.28585 0.0637647 0.0025349 0.0431584 0.00573003 0.217276 0.000423104 0.0406529 0.0117415 0.0150293 0.00213539 0.000325766 0.0151134 0.0258214 0.0396512 0.228379 0.00241349 
0.269621 0.0845736 0.00743219 0.130688 0.015573 0.140122 0.000759292 0.0276948 0.029664 0.00576919 7.58933e-05 5.64279e-05 0.039501 0.120058 0.0228798 0.105391 0.000141702 
0.343453 0.0955571 0.000835613 0.0388564 0.0210669 0.123296 0.000255864 0.0800863 0.00904774 0.0134227 0.00232146 0.000311262 0.0178989 0.0320715 0.0187635 0.202422 0.00033351 
0.227551 0.0805052 0.00300088 0.0141359 0.0203136 0.0694468 0.000648942 0.225848 0.0584342 0.00392045 0.000122556 0.000186508 0.0423388 0.0113983 0.078715 0.16242 0.00101399 
0.281189 0.102434 0.00462878 0.0465356 0.0119069 0.181048 0.000911556 0.0408137 0.101096 0.0042873 0.000265678 0.0060305 0.0473339 0.0429166 0.0385931 0.0897708 0.000237876 
0.415867 0.0701164 0.0171048 0.0425595 0.0561894 0.162177 0.00316654 0.0606856 0.0120831 0.00221111 1.01652e-05 0.00794443 0.0363387 0.0248928 0.0386662 0.0494453 0.000542556 
0.484011 0.0446827 0.0023736 0.00929444 0.00140093 0.156089 0.00464702 0.020472 0.0211509 0.00560387 0.000198163 0.000518726 0.0225214 0.00511705 0.0715043 0.149961 0.000454172 
0.248029 0.0528026 0.00159534 0.0712441 0.056335 0.148074 0.000862796 0.173509 0.0213927 0.0240478 0.0199242 0.00286267 0.00633334 0.0155378 0.0175374 0.139697 0.000214573 
0.356261 0.0606105 0.0190624 0.0015441 0.000473723 0.00415389 0.0208687 0.00739876 0.317224 0.00125105 3.35766e-06 2.59919e-05 0.0269704 0.000716568 0.142436 0.0409905 9.14657e-06 
0.308326 0.0735271 0.00303412 0.0240249 0.0138042 0.178852 0.000982385 0.0455512 0.0507794 0.0159597 0.000116148 1.06942e-05 0.0157419 0.034315 0.0605998 0.17435 2.59591e-05 
0.338153 0.123935 0.00243677 0.24477 0.0389223 0.0829696 0.000100261 0.0498124 0.00714496 0.00182125 5.0714e-05 3.18929e-05 0.0271442 0.0241565 0.0338584 0.0242727 0.000419503 
0.220763 0.0547608 0.0214242 0.0114738 0.00722429 0.157822 0.0131641 0.0239825 0.0382865 0.0199893 0.00036081 0.00174918 0.0556077 0.0156458 0.163725 0.193973 4.75886e-05 
0.304271 0.259592 0.00348003 0.0199702 0.00721952 0.202579 0.000241972 0.0555328 0.00355885 0.00500999 6.98841e-05 0.00683613 0.00736874 0.000486143 0.0738923 0.0496799 0.000211752 
0.306679 0.059873 0.00451567 0.0318066 0.00710368 0.165153 0.000426506 0.0526073 0.0470362 0.112676 0.00118975 0.0024688 0.0163785 0.0179649 0.0529552 0.120826 0.000339854 
0.174327 0.0360475 0.0240729 0.0409832 0.0484969 0.11111 0.00218065 0.0696699 0.0103131 0.00805224 0.000297645 0.0240495 0.128123 0.125416 0.0607949 0.1353 0.000765009 
0.499318 0.0538887 0.00628583 0.0657034 0.0140666 0.0998907 0.000166583 0.110876 0.00652805 0.00281289 0.000919319 0.000587041 0.0108985 0.0167963 0.0167875 0.0938127 0.000661081 
0.391291 0.111315 0.0016488 0.17296 0.000826152 0.00861284 0.000112228 0.15604 0.00336323 0.0297387 0.00026931 1.72091e-05 0.00188478 0.000294614 0.0530933 0.0684111 0.000121425 
0.477714 0.0203107 5.30529e-12 0.0112535 0.0370415 0.21209 7.25746e-09 0.132523 2.15048e-07 0.000218704 1.49689e-11 2.36499e-12 0.000128169 8.36524e-09 2.98306e-08 0.108721 1.98785e-11 
0.348602 0.0473254 0.00799983 0.0188194 0.0107498 0.0547575 0.00255848 0.124511 0.0377991 0.00646459 0.000406709 0.00276253 0.0479232 0.0110622 0.153653 0.124549 5.58279e-05 
0.492072 0.0449131 0.000500461 0.0225943 0.00405871 0.193229 0.000212876 0.0268233 0.0201845 0.00905639 2.36228e-05 6.03544e-05 0.0107825 0.0160881 0.0279294 0.130925 0.000545941 
0.248577 0.0681922 0.00490616 0.00805376 0.00413905 0.0531252 0.000951978 0.047559 0.0715744 0.0318128 2.76649e-05 6.10672e-05 0.0853049 0.0862794 0.0445422 0.243063 0.00182987 
0.157413 0.106611 0.0700318 0.0348744 0.0166081 0.15095 0.00360403 0.099438 0.0360573 0.0119669 3.30347e-05 0.0185099 0.150788 0.0208747 0.0635272 0.058126 0.000586086 
0.227566 0.0714735 0.0054656 0.080506 0.0348613 0.213804 0.00133893 0.0505819 0.0155418 0.0174828 0.001219 0.000978858 0.0243524 0.0653654 0.05825 0.130344 0.000868519 
0.213216 0.078251 0.00727186 0.0846558 0.110777 0.0647715 0.00202878 0.0432187 0.0255062 0.00376873 0.00028366 0.010985 0.053624 0.147573 0.0226003 0.13109 0.000378722 
0.273833 0.0624836 0.210135 0.0289495 0.0187335 0.108057 0.00172761 0.0392434 0.00907595 0.00753385 0.000112874 0.000101817 0.0405452 0.00275144 0.133128 0.0633883 0.000200321 
0.401426 0.0488491 0.000819783 0.0307734 0.0212212 0.0490137 0.0165459 0.114086 0.00895603 0.00351182 0.117653 7.37316e-05 0.00310104 0.00805196 0.0597208 0.115896 0.000301674 
0.237148 0.165868 0.00538231 0.233747 0.0267593 0.065647 0.00147582 0.0483395 0.0267349 0.0123094 2.23784e-05 0.000509085 0.0154119 0.0489268 0.04522 0.041855 0.0246434 
0.695686 0.033455 0.0012051 0.0132531 0.00494027 0.0283711 0.000131607 0.0496936 0.00901078 0.00264215 2.71774e-05 2.31147e-05 0.0105752 0.0095647 0.0319766 0.109178 0.000266583 
0.188002 0.0495735 0.00599808 0.178958 0.0313394 0.185471 0.002625 0.0618741 0.0346524 0.0075649 0.000625289 0.0106253 0.0398183 0.0393104 0.0493105 0.11357 0.00068169 
0.430054 0.0902783 0.000676521 0.00655045 0.00603962 0.0832321 0.00965613 0.0145495 0.078052 0.00421024 0.00038939 0.00422798 0.00611573 0.00311723 0.107838 0.153969 0.00104367 
0.206481 0.135736 0.0038574 0.0726352 0.0775722 0.182848 0.00141897 0.0713906 0.0296762 0.0133271 3.19383e-05 0.00348278 0.0244 0.0338036 0.014044 0.129258 3.6258e-05 
0.257517 0.126516 0.00908533 0.0438968 0.0627819 0.0550474 0.000799697 0.0405047 0.0380926 0.00518852 6.92499e-06 0.000323789 0.0237545 0.221198 0.0238688 0.0908072 0.000611273 
0.199535 0.154906 0.00118848 0.0262497 0.0122316 0.196908 0.0018657 0.13503 0.0550926 0.00856122 0.000689424 0.0348973 0.00609744 0.00595517 0.0425067 0.116463 0.00182327 
0.516631 0.0366358 0.00879062 0.0398401 0.0019221 0.115947 0.000131163 0.0256913 0.0415357 0.00180799 0.000136408 0.000539493 0.0447454 0.0420954 0.0670889 0.0563057 0.000156558 
0.233947 0.0479427 0.00216566 0.0311778 0.145057 0.183162 0.0107631 0.0509991 0.0288935 0.00487916 0.000276574 0.00400646 0.0284433 0.00830175 0.0497719 0.169736 0.000476207 
0.343406 0.0436182 0.00311741 0.0112857 0.00518754 0.0562611 0.0316675 0.0387369 0.0436353 0.00281058 0.000182462 0.00018221 0.015878 0.0215017 0.134993 0.247076 0.00046021 
0.168615 0.0868797 0.0115684 0.037335 0.0953128 0.115509 0.00219016 0.0174673 0.0645163 0.0108243 0.000172225 0.00877858 0.060725 0.140118 0.0368752 0.142652 0.000460868 
0.453336 0.0724896 0.00363458 0.0290928 0.0187016 0.0545956 0.00025484 0.0582189 0.00516066 0.00690339 1.89849e-05 0.00160966 0.0240126 0.0324608 0.0623692 0.175815 0.00132525 
0.300886 0.0421725 0.00207712 0.0321708 0.00814342 0.27433 0.00146338 0.0443589 0.0409691 0.00835115 0.000386026 0.000464576 0.0306281 0.0403339 0.0339963 0.138124 0.0011449 
0.267148 0.0613261 0.010892 0.0311499 0.0218322 0.176276 0.0011969 0.0897235 0.0505024 0.00393425 0.00032162 0.00291955 0.0561977 0.040753 0.0557732 0.129519 0.000534571 
0.253065 0.0592053 0.119469 0.0296047 0.0200475 0.190985 0.000604471 0.0443397 0.0287365 0.13634 0.00111792 0.00291914 0.016908 0.00958999 0.0375669 0.0491596 0.000340976 
0.351487 0.0700126 0.00295216 0.0638574 0.0321827 0.138659 0.000756589 0.111971 0.0446385 0.00730607 0.000117964 0.00120041 0.0338028 0.035151 0.0454165 0.0593006 0.00118805 
0.33848 0.137755 0.00288478 0.0608515 0.00444011 0.088878 0.00290127 0.0909312 0.0190675 0.00945296 4.45506e-05 0.00291938 0.0729557 0.00753044 0.121286 0.0395699 5.13005e-05 
0.353301 0.0933884 0.0106385 0.0800729 0.167659 0.101336 0.00280915 0.04484 0.0229798 0.0211355 6.59968e-07 0.00515718 0.0473478 0.0101768 0.0123333 0.0268227 1.74047e-06 
0.499305 0.0269448 0.000576443 0.00662082 0.000733739 0.154974 0.00616636 0.0101138 0.0213719 0.00175943 9.19995e-05 4.01345e-05 0.0149282 0.00759971 0.0799364 0.16811 0.000727304 
0.517732 0.0441033 0.000271072 0.0162447 0.00300012 0.128394 0.000170635 0.0361218 0.00902329 0.00160585 1.31745e-05 3.72322e-05 0.0171078 0.00563351 0.0501043 0.16981 0.000627445 
0.242951 0.0630916 0.00502681 0.0123143 0.0326227 0.0582085 0.00361162 0.119508 0.0436447 0.00236516 0.000121027 0.00770306 0.0479432 0.010289 0.115766 0.234424 0.000409844 
0.198155 0.118506 0.0133974 0.0420454 0.0176444 0.185188 0.00080073 0.10669 0.0862516 0.0061407 5.94845e-05 0.0191361 0.0658543 0.0207333 0.0446306 0.0736742 0.001092 
0.251271 0.194577 0.00492781 0.0160169 0.0118001 0.0452845 0.00462995 0.171897 0.00618706 0.0140214 0.000201918 0.00381477 0.0120439 0.00553863 0.113775 0.143239 0.000774865 
0.234793 0.0804651 0.00425625 0.0169469 0.0102588 0.230447 0.00523105 0.0389732 0.0272003 0.00576647 0.00125244 0.00533633 0.0393934 0.0608437 0.0754074 0.163137 0.000292306 
0.324373 0.0549011 0.00225101 0.0753071 0.0245729 0.117864 0.000583902 0.103922 0.0181742 0.00838626 0.0742537 0.00216034 0.0160592 0.0306376 0.0424376 0.103651 0.000465027 
0.35992 0.114735 0.0053047 0.0373079 0.0509378 0.0831886 0.00116623 0.0853814 0.0308396 0.00331205 0.000221901 0.0227663 0.00995778 0.0804008 0.0179501 0.095133 0.00147703 
0.401152 0.071278 0.004677 0.0135235 0.0124598 0.0933554 0.00163902 0.0305007 0.0546166 0.00721163 9.73477e-06 0.000124528 0.0527204 0.0261188 0.0411561 0.189448 9.11312e-06 
0.69423 0.0352053 0.000436375 0.00209483 0.00205827 0.0534618 0.000601743 0.00181309 0.0413858 0.00128958 2.51776e-05 1.38814e-06 0.0100162 0.00211166 0.0245773 0.130174 0.000517541 
0.491538 0.0382688 0.000988055 0.00543393 0.00266362 0.0836644 0.00303129 0.0167514 0.0292586 0.00901199 0.000229759 0.00027028 0.0432725 0.0158686 0.0863377 0.172989 0.000422648 
0.419829 0.0637538 0.00127983 0.0117518 0.00238406 0.149191 0.0017275 0.0208732 0.029579 0.041995 0.000407824 0.00075162 0.0283764 0.0150471 0.0471076 0.164754 0.00119072 
0.387885 0.0719118 0.00125469 0.0448591 0.0229103 0.147704 0.000340109 0.148167 0.00599312 0.00141656 0.00270729 0.000265503 0.00461093 0.00261119 0.0223867 0.134055 0.000921729 
0.291945 0.03922 0.00522183 0.0275114 0.0504844 0.0950047 0.000400367 0.0267707 0.0297328 0.00224732 1.26674e-05 0.000665935 0.1131 0.144533 0.0565407 0.116549 6.08935e-05 
0.20933 0.0950602 0.00273935 0.0341705 0.0322079 0.198924 0.00462177 0.0305367 0.025634 0.011566 0.000441001 0.000274689 0.0242785 0.115724 0.0337609 0.180639 9.11769e-05 
0.221998 0.0761716 0.00485109 0.0177575 0.0184617 0.201788 0.00711891 0.0548621 0.0185165 0.00902438 0.000481093 0.00445048 0.0760517 0.0241537 0.0714694 0.19242 0.000424773 
0.19182 0.0403191 0.169042 0.0337945 0.0118333 0.175076 0.000685044 0.0341138 0.0449198 0.0064042 9.18017e-05 0.00113474 0.075483 0.0784888 0.0542669 0.0820131 0.000513634 
0.371949 0.0990717 0.0147588 0.0870591 0.137176 0.0829114 0.00229863 0.0437728 0.0188019 0.0398214 5.4439e-07 0.00421981 0.0516132 0.00832663 0.0162715 0.0219459 1.46427e-06 
0.244692 0.0414915 0.00253322 0.0312977 0.0482761 0.148412 0.00864565 0.092308 0.0103207 0.0185265 6.95276e-05 0.00747848 0.0132148 0.018229 0.0989402 0.206547 0.00901751 
0.274502 0.049091 0.00130777 0.0415852 0.0121991 0.145175 0.00704748 0.0339344 0.0209133 0.0202936 0.0004463 0.000179694 0.0254929 0.040699 0.0987443 0.22785 0.000539951 
0.28585 0.0637647 0.0025349 0.0431584 0.00573003 0.217276 0.000423104 0.0406529 0.0117415 0.0150293 0.00213539 0.000325766 0.0151134 0.0258214 0.0396512 0.228379 0.00241349 
0.329144 0.0514233 0.00349677 0.0385686 0.0040501 0.115209 0.00149926 0.0348053 0.0280268 0.0167758 0.000251515 0.000657552 0.0455586 0.0122425 0.0924221 0.224898 0.000971248 
0.669988 0.0131482 0.00778938 0.0146859 0.00180003 0.0477624 1.78819e-06 0.206133 0.00105784 0.000202842 0.000171101 2.24731e-06 0.000191694 0.00998126 0.00585288 0.0212292 2.11878e-06 
0.304568 0.0505945 0.00218422 0.0104558 0.00252391 0.234029 0.000234371 0.0272707 0.146437 0.0203732 1.37622e-05 5.43676e-06 0.0203583 0.0442572 0.014526 0.122119 4.93221e-05 
0.293861 0.0469421 0.00726148 0.0262524 0.00836714 0.138706 0.000109687 0.0704331 0.01856 0.00914101 0.000154594 0.00319959 0.0554161 0.133728 0.0744718 0.113165 0.0002316 
0.247697 0.0733452 0.0059477 0.0298194 0.0148712 0.155097 0.00606662 0.135624 0.0397026 0.00630533 0.000203261 0.00636374 0.0175441 0.00844864 0.0933992 0.159248 0.000316644 
0.28585 0.0637647 0.0025349 0.0431584 0.00573003 0.217276 0.000423104 0.0406529 0.0117415 0.0150293 0.00213539 0.000325766 0.0151134 0.0258214 0.0396512 0.228379 0.00241349 
0.272848 0.138655 0.00158111 0.00835957 0.016695 0.0946409 0.00499861 0.0772392 0.0355859 0.00538931 4.62843e-05 0.000200725 0.0169357 0.00539407 0.158144 0.163092 0.000195425 
0.376207 0.246273 0.00293865 0.120781 0.025804 0.064673 0.000612574 0.0380942 0.0136025 0.00509293 5.54766e-05 9.51308e-06 0.00488787 0.0170057 0.0368372 0.0465425 0.000583215 
0.295466 0.041255 0.00545651 0.016171 0.0318171 0.119252 0.0266414 0.0330267 0.0199083 0.00907413 7.52245e-05 0.00440866 0.0245388 0.00620688 0.106196 0.259863 0.00064391 
0.358148 0.184886 6.51734e-05 0.00305106 0.00146894 0.31511 1.89531e-06 0.0144179 0.00404937 0.00267679 2.43871e-05 1.86715e-06 0.0155814 0.0178764 0.0120756 0.0705589 5.89187e-06 
0.238377 0.0893651 0.00135937 0.0259739 0.0362348 0.190181 0.000787651 0.099678 0.0270775 0.021532 6.58907e-05 0.00109197 0.00699061 0.0275912 0.0216191 0.211499 0.000575636 
0.244621 0.234397 0.00501689 0.0125511 0.00983613 0.118345 0.000890125 0.0257065 0.0858717 0.0220853 5.96662e-05 0.000129027 0.0561945 0.024007 0.0690215 0.090816 0.000451428 
0.26281 0.17338 0.00487963 0.0409579 0.0328104 0.0577244 0.0109395 0.0466138 0.172243 0.00945015 0.000311914 0.00767261 0.0248548 0.00428206 0.0557804 0.0945123 0.000777481 
0.525722 0.0922102 0.00199622 0.0790493 0.0112598 0.0337185 7.51887e-05 0.01357 0.0380376 0.00677967 0.000174215 9.83894e-05 0.0137971 0.0604731 0.015111 0.107781 0.000146917 
0.281116 0.187487 0.000785539 0.0134133 0.00913525 0.0746202 0.00895572 0.0816486 0.0254774 0.00840376 0.000428809 0.00334456 0.00958662 0.0117354 0.063745 0.197164 0.022953 
0.277337 0.0474429 0.00740129 0.0235486 0.00851989 0.155734 0.000179899 0.073642 0.0258509 0.0156108 0.000123066 0.00282267 0.0585874 0.127676 0.0519906 0.123261 0.000271481 
0.282648 0.154675 0.00943562 0.0460749 0.0247327 0.090457 0.000822441 0.0647254 0.0927978 0.0232969 2.91313e-07 0.00128724 0.0506199 0.032416 0.0415006 0.0794423 0.00506799 
0.345485 0.0635692 0.00505559 0.0213173 0.0389984 0.054319 0.00114463 0.0562343 0.0361263 0.00403866 0.000647436 9.40458e-05 0.0197206 0.0112641 0.0452523 0.296714 1.84802e-05 
0.144281 0.115571 0.035905 0.0422603 0.0211676 0.107373 0.00260201 0.106852 0.0236186 0.0145799 0.0409204 0.0501539 0.049439 0.0103908 0.0890684 0.143825 0.00199143 
0.277337 0.0474429 0.00740129 0.0235486 0.00851989 0.155734 0.000179899 0.073642 0.0258509 0.0156108 0.000123066 0.00282267 0.0585874 0.127676 0.0519906 0.123261 0.000271481 
0.486828 0.0428492 0.000444658 0.0238007 0.00418135 0.186638 0.000167343 0.0258568 0.0193057 0.00882192 0.000205837 4.78489e-05 0.00866955 0.0196329 0.033256 0.138725 0.000568822 
0.180638 0.0834444 0.010474 0.0364282 0.106598 0.113895 0.00105739 0.0142743 0.057783 0.0106045 1.77949e-05 0.00413183 0.0581902 0.151067 0.0366888 0.13436 0.000347597 
0.410873 0.111934 0.0181905 0.0150286 0.00442309 0.0999741 0.000873571 0.0908596 0.0273253 0.0127026 0.000493714 0.00284622 0.00610265 0.011176 0.0583361 0.126891 0.00196983 
0.293285 0.052557 0.00279824 0.0192363 0.00362014 0.12012 0.00184969 0.0197107 0.0464652 0.0279091 0.000625288 0.000236702 0.0443178 0.0155463 0.0657936 0.285893 3.58383e-05 
0.188063 0.0841064 0.00641663 0.0504315 0.0202286 0.159142 0.015245 0.16275 0.0232533 0.0112735 0.000607084 0.00103819 0.0345669 0.0125004 0.0470593 0.183039 0.000279026 
0.318595 0.166687 0.0027652 0.0309505 0.0451226 0.112004 0.000150634 0.0212468 0.0440962 0.00813294 0.000416051 8.83066e-05 0.0180259 0.103571 0.00696578 0.120913 0.000269187 
0.33267 0.0458238 0.00330553 0.0143374 0.00428203 0.129455 0.000545798 0.0307676 0.0203462 0.0131957 0.000277981 1.15549e-05 0.0117123 0.00945458 0.0544854 0.329196 0.000133045 
0.439455 0.0787486 0.000865024 0.0301663 0.0142266 0.113269 0.000524732 0.0612126 0.00881693 0.0071617 0.00040507 0.000340672 0.030262 0.0574922 0.0497665 0.106964 0.000323445 
0.499296 0.0534247 0.00110395 0.140823 0.00115745 0.0441192 0.000133321 0.118479 0.000209647 0.00166809 0.000362405 0.0298607 5.33928e-07 0.00274869 0.10237 0.0022015 0.00204109 
0.338837 0.0604517 0.00958202 0.0214554 0.0157102 0.0575735 0.00268056 0.0446395 0.0884326 0.00803642 0.000112298 0.00292839 0.0347753 0.020144 0.114605 0.179926 0.00010925 
0.486828 0.0428492 0.000444658 0.0238007 0.00418135 0.186638 0.000167343 0.0258568 0.0193057 0.00882192 0.000205837 4.78489e-05 0.00866955 0.0196329 0.033256 0.138725 0.000568822 
0.575448 0.0782345 0.00136981 0.0137826 0.0235472 0.131003 0.000655859 0.0221231 0.0119389 0.00948638 5.26541e-05 4.09455e-06 0.00663259 0.0368623 0.0242355 0.0646194 3.09723e-06 
0.452681 0.0564525 0.0154654 0.0258508 0.00212657 0.111481 0.000432358 0.0130577 0.0391268 0.0145079 0.000171585 3.84806e-05 0.0396257 0.0178925 0.106967 0.104104 1.87683e-05 
0.28907 0.217507 0.00607297 0.0209728 0.0207574 0.0550556 0.00376858 0.179137 0.0160491 0.00458907 5.81881e-05 0.000517581 0.00460255 0.00260672 0.0489036 0.130205 0.000126287 
0.320642 0.0188129 0.0534781 0.0809931 0.0122344 0.116621 0.00049302 0.17891 0.033747 0.000337877 1.20509e-05 0.00280306 0.0662355 0.0133882 0.0786888 0.0223003 0.000302227 
0.491538 0.0382688 0.000988055 0.00543393 0.00266362 0.0836644 0.00303129 0.0167514 0.0292586 0.00901199 0.000229759 0.00027028 0.0432725 0.0158686 0.0863377 0.172989 0.000422648 
0.290402 0.058888 0.0019569 0.00775043 0.00383929 0.268474 0.000257802 0.0350069 0.0392308 0.0234588 2.15804e-05 6.91641e-06 0.0178841 0.0304002 0.0270189 0.195374 2.94044e-05 
0.261751 0.0654459 0.00933614 0.0342839 0.107574 0.08718 0.00170135 0.109444 0.0225426 0.00351526 0.000239706 0.00341535 0.192647 0.0132476 0.0541333 0.0335037 3.89498e-05 
0.198956 0.0460223 0.0174956 0.123306 0.0368249 0.1327 0.0025773 0.0495913 0.0428175 0.00441316 0.000130218 0.00440844 0.0457828 0.0477802 0.090557 0.156362 0.000275089 
0.362019 0.0924303 0.00525876 0.0494299 0.0017836 0.217923 0.0045837 0.0575914 0.026025 0.00401704 0.000174712 4.81517e-06 0.00613387 0.00207489 0.0486254 0.121842 8.36768e-05 
0.330511 0.0207691 0.000161378 0.0729539 0.0421747 0.171126 0.00405257 0.0107332 0.0182105 0.000748408 0.000167312 8.20138e-06 0.013589 0.00549832 0.0484769 0.260634 0.000185906 
0.28585 0.0637647 0.0025349 0.0431584 0.00573003 0.217276 0.000423104 0.0406529 0.0117415 0.0150293 0.00213539 0.000325766 0.0151134 0.0258214 0.0396512 0.228379 0.00241349 
0.492072 0.0449131 0.000500461 0.0225943 0.00405871 0.193229 0.000212876 0.0268233 0.0201845 0.00905639 2.36228e-05 6.03544e-05 0.0107825 0.0160881 0.0279294 0.130925 0.000545941 
0.294892 0.0792215 0.00186139 0.0259155 0.0226979 0.13886 0.000156766 0.158379 0.0482898 0.00753711 9.71406e-05 2.18116e-05 0.030936 0.0049911 0.0301366 0.155794 0.000211876 
