0.027321 0.236118 0.00440792 0.0268262 0.0101779 0.217491 0.0100111 0.0539587 0.0310654 0.0156834 0.000191728 0.00376815 0.0300953 0.0128496 0.175252 0.144536 0.00024654 
0.0444047 0.336086 0.0383909 0.0224643 0.0194349 0.0524099 0.00660294 0.0458359 0.16012 0.0116689 2.73296e-06 0.0025014 0.0735394 0.02144 0.116207 0.0488435 4.7542e-05 
0.0117428 0.750755 0.000782116 0.0159911 0.00082933 0.0446973 0.000484609 0.0224137 0.0990062 0.0214419 1.38698e-06 9.85977e-05 0.00585723 0.0122934 0.00727957 0.00618289 0.000142991 
0.0473556 0.266535 0.00855278 0.0425369 0.0192418 0.0926449 0.00622155 0.0644445 0.0399851 0.0188949 0.00106 0.00312616 0.0357615 0.0320879 0.179659 0.140176 0.00171689 
0.00511461 0.5945 0.000205256 0.0012687 0.00252634 0.00315463 0.000281839 0.0275271 0.0223477 0.053588 8.26238e-07 2.24412e-06 0.0888856 0.00592894 0.109298 0.0853581 1.19105e-05 
0.0314775 0.358236 0.00660843 0.0179953 0.00943004 0.0719432 0.00298239 0.0426844 0.0812486 0.158289 0.000290408 0.00142913 0.0137093 0.00655421 0.119826 0.0768685 0.00042732 
0.0445363 0.333823 0.00838721 0.021022 0.0174138 0.0858164 0.00496612 0.0331264 0.0916608 0.177121 8.06548e-05 0.00390833 0.0354653 0.0175533 0.0537026 0.0711499 0.00026648 
0.0443723 0.390906 0.000855451 0.0665253 0.0215769 0.039713 0.00254189 0.106978 0.0152864 0.0494468 5.83045e-06 2.76059e-06 0.0195754 0.0302688 0.112726 0.0986802 0.000539424 
0.0287952 0.20054 0.00440259 0.0110881 0.0260539 0.0690047 0.00470775 0.0156781 0.16721 0.129734 1.90931e-05 0.0162853 0.16807 0.00691704 0.0237905 0.124534 0.00317029 
0.0392818 0.564483 0.00327342 0.0216188 0.0133662 0.0862729 6.81761e-07 0.0539455 0.139257 0.0182751 6.81452e-07 0.000205261 0.000478052 6.81926e-07 0.0216199 0.0379199 6.81268e-07 
0.0336421 0.385327 0.00150527 0.0329557 0.00721002 0.19207 0.00107101 0.0914818 0.0266976 0.0287628 7.29979e-05 0.00370525 0.0138065 0.0112845 0.0647925 0.105585 3.03317e-05 
0.0228756 0.48366 0.00826446 0.0441829 0.0618414 0.0617774 0.000205824 0.0255805 0.0232231 0.00221761 1.90339e-06 1.7505e-05 0.153604 0.0412397 0.00913465 0.0621431 3.05735e-05 
0.0518899 0.220389 0.0100349 0.0271294 0.0131845 0.0853368 0.00540411 0.0495021 0.086247 0.0394564 0.000466739 0.00336306 0.0338685 0.0237312 0.210339 0.13709 0.00256717 
0.0138762 0.447481 0.0202837 0.0195797 0.00872881 0.0359456 3.09407e-05 0.0333474 0.021073 0.00648743 3.25291e-05 6.45925e-06 0.00371848 0.00909066 0.109374 0.227978 0.0429659 
0.0191698 0.406246 0.000813861 0.0217644 0.00508535 0.0470271 0.00363187 0.0362361 0.0761007 0.303353 0.000172226 0.0015902 0.0096834 0.0163074 0.0232919 0.0289608 0.000565748 
0.0262347 0.52384 0.00330723 0.00951267 0.0105053 0.0626044 0.00385406 0.0834237 0.00841402 0.00508329 0.00014332 0.00133585 0.0143415 0.0198931 0.0582287 0.169251 2.71477e-05 
0.0564198 0.339039 0.0159445 0.0216612 0.0246686 0.284647 3.7861e-05 0.119542 0.0101797 0.00163654 0.00163475 0.000234201 0.0126748 0.00449742 0.0353536 0.0716522 0.00017709 
0.0368047 0.725784 0.00147556 0.0251076 0.00267239 0.0631078 7.6041e-05 0.0137095 0.0101452 0.0152726 1.3622e-06 2.56353e-06 0.00589252 0.00353593 0.0604372 0.035945 2.99216e-05 
0.0468667 0.390518 0.00177717 0.00742129 0.0264031 0.0649238 0.0178995 0.0274296 0.0225559 0.00722993 0.000150435 0.0108308 0.0350712 0.0121407 0.239958 0.0887812 4.24227e-05 
0.00621374 0.54382 0.0039775 0.00770321 0.00255216 0.0703505 0.0132745 0.0440952 0.0143149 0.0181297 2.10131e-05 0.00222214 0.00408957 0.00560429 0.114221 0.149408 2.78489e-06 
0.0525984 0.377932 0.00881312 0.0230074 0.0175086 0.0685989 0.00329496 0.106824 0.0113885 0.0187659 0.00050636 0.00345305 0.0215032 0.0166362 0.128578 0.14036 0.000231751 
0.00423921 0.621313 0.000399593 0.0036803 0.00435121 0.0278634 0.00144564 0.0176133 0.00490628 0.0370138 0.000525087 4.99879e-05 0.000835751 0.0475183 0.0682808 0.159501 0.000462836 
0.100972 0.389288 0.00364064 0.0615818 0.00729238 0.114832 0.000111985 0.0171918 0.0703257 0.0104491 0.079998 0.000147626 0.0138462 0.0329258 0.0400921 0.0571122 0.000192111 
0.103949 0.18579 0.0107655 0.0756838 0.0627774 0.0803471 0.00865968 0.0538209 0.018455 0.00653375 2.9672e-05 0.0334277 0.133479 0.022995 0.0299102 0.173324 5.24759e-05 
0.0807153 0.35533 0.00635437 0.085051 0.00539461 0.144888 0.00111344 0.0399134 0.0806434 0.0895 0.003398 0.00076066 0.0101284 0.0132911 0.0280006 0.0551345 0.000383222 
0.0465054 0.405359 0.00299736 0.0141339 0.0156746 0.082339 0.00219292 0.0380181 0.04048 0.113189 0.000329015 0.00794361 0.0320645 0.0160587 0.0686066 0.113695 0.000413157 
0.0170035 0.504384 0.00184733 0.0397411 0.082893 0.0303567 0.00161685 0.0112675 0.131712 0.0312943 0.000863702 0.00019865 0.00776486 0.0132989 0.0831653 0.0424942 9.86443e-05 
0.00507968 0.577952 0.00218171 0.00882372 0.00961312 0.163671 3.96541e-05 0.0547374 0.0236662 0.00115965 0.0007132 0.000312177 0.0234489 0.00379548 0.0427353 0.0818051 0.000266076 
0.0528312 0.372351 0.00280972 0.0144058 0.0150227 0.261483 0.00624402 0.0144406 0.0540205 0.0101894 0.000229341 0.000155432 0.0162446 0.00788329 0.0920076 0.079312 0.000370058 
0.0293171 0.28912 0.00622135 0.0191609 0.013551 0.058414 0.00411437 0.0304571 0.15559 0.0342044 0.000261086 0.000439017 0.0248494 0.0210984 0.161338 0.149367 0.00249668 
0.0177467 0.366216 0.00840636 0.0116611 0.00592742 0.0509392 0.00283452 0.0398454 0.025985 0.0394352 0.00028228 0.000118172 0.00815896 0.0366355 0.275307 0.110393 0.000108411 
0.0685473 0.314027 0.00201193 0.00909311 0.00530387 0.137797 0.000517369 0.0543275 0.0327967 0.00849362 0.000949846 8.7841e-05 0.014262 0.0125228 0.114915 0.22421 0.000137962 
0.0408677 0.350789 0.00232817 0.0138235 0.0165247 0.0804375 0.000728608 0.0636315 0.0578779 0.0945831 0.000140631 0.0019567 0.0139078 0.00593234 0.111805 0.14342 0.00124568 
0.0254532 0.387555 0.00939358 0.0131647 0.00720512 0.227078 0.000755497 0.099587 0.0068491 0.0134691 0.00189259 0.00781325 0.0323958 0.00424445 0.0929985 0.0697415 0.000403595 
0.0620631 0.273661 0.00880284 0.076978 0.0625796 0.0489304 0.00338541 0.0459195 0.0215637 0.0899099 0.000215227 0.0716885 0.0461547 0.013542 0.0991335 0.0754694 3.20687e-06 
0.0203982 0.522268 0.000196618 0.0201565 0.00141344 0.134198 7.67134e-05 0.0641987 0.02834 0.0876038 1.10562e-07 7.78435e-07 0.0128497 0.00123165 0.0493413 0.0571998 0.000527346 
0.0339241 0.26593 0.00267474 0.0140791 0.0287841 0.178602 0.00516326 0.0487866 0.0602004 0.0106379 0.000461509 0.000354031 0.0196551 0.0262105 0.107212 0.197029 0.000295539 
0.088038 0.296966 0.00089262 0.00726825 0.0433844 0.0862797 8.61505e-05 0.0298886 0.0136411 0.183806 0.000818671 3.85276e-06 0.0343348 0.0122981 0.0119302 0.190317 4.59409e-05 
0.0275728 0.379936 0.00251279 0.0328364 0.0044923 0.100718 0.000924335 0.0345079 0.0586996 0.261671 0.000422416 0.000239797 0.0111575 0.0146925 0.0275373 0.0419767 0.00010312 
0.0331297 0.309018 0.00622384 0.0167778 0.0207098 0.0477139 0.0209676 0.0965729 0.10817 0.0179452 9.10752e-05 0.00104919 0.0240156 0.0113895 0.182491 0.103042 0.000693593 
0.0291564 0.426396 0.000349223 0.0123905 0.00802001 0.14608 2.54503e-05 0.0113831 0.0091445 0.00596197 0.000189481 0.0390984 0.0637791 0.00588074 0.195506 0.0465935 4.64024e-05 
0.0307874 0.340746 0.00875687 0.194502 0.00391498 0.0841387 0.00013323 0.0272136 0.168127 0.0317947 5.4296e-05 1.55385e-05 0.0263992 0.0157175 0.0341218 0.0335235 5.35483e-05 
0.0522895 0.396435 0.00594258 0.0057231 0.0029189 0.111506 0.00141647 0.00719948 0.170731 0.0309366 0.00096007 8.30943e-06 0.00531944 0.0125216 0.0674306 0.128268 0.000393347 
0.0122747 0.590645 0.0110168 0.0105952 0.00425498 0.0655785 0.00339504 0.0188327 0.0689329 0.0123382 0.00194253 0.000499392 0.00350867 0.00284645 0.122278 0.0710151 4.52376e-05 
0.0405142 0.514157 0.00689622 0.0247986 0.00174455 0.0478621 0.0092814 0.0519953 0.00976614 0.00323291 6.22604e-05 0.00189814 0.0166406 0.0122015 0.212077 0.0449852 0.0018865 
0.0195608 0.35173 0.00190283 0.0264882 0.0156579 0.139213 0.000576121 0.034097 0.0331521 0.0260293 0.000147195 0.000739956 0.0150032 0.0168989 0.149104 0.169578 0.000122243 
0.0210288 0.412989 0.000888603 0.0194926 0.0139884 0.103948 0.00184802 0.0385807 0.158444 0.0770071 3.66557e-05 0.00261923 0.0674197 0.0102532 0.0293957 0.0418095 0.00025096 
0.0385438 0.378118 0.00471157 0.0288067 0.00791014 0.0737788 0.00291937 0.0376339 0.0975432 0.112908 0.000101424 0.00104949 0.0217554 0.0160266 0.0987017 0.0792354 0.000256923 
0.0509003 0.344577 0.000718944 0.00946943 0.0110699 0.0510073 0.00223123 0.0231028 0.0452034 0.0519156 0.00425381 0.0215138 0.0136963 0.0645526 0.212287 0.0933386 0.000162734 
0.210939 0.272201 0.00233068 0.0157206 0.108214 0.114422 0.000248401 0.0394833 0.0414931 0.090905 2.01309e-05 0.000190926 0.00331777 0.00179941 0.0221005 0.0766088 5.72738e-06 
0.0258955 0.42767 0.0011686 0.0142863 0.00316033 0.0145631 0.000425613 0.0241776 0.286065 0.00483339 0.0628682 0.00121379 0.0105656 0.00121818 0.0814658 0.0401256 0.000296894 
0.071132 0.24282 0.002981 0.021951 0.00799976 0.0425216 0.00900445 0.191494 0.0700384 0.0276485 1.6653e-05 0.000566568 0.0274142 0.0201113 0.119886 0.131232 0.0131818 
0.0385932 0.261057 0.00913955 0.0205862 0.0140012 0.0770409 0.00645736 0.0409182 0.209751 0.0323494 0.000323473 0.00210386 0.02841 0.0139667 0.120304 0.116469 0.00852777 
0.0483534 0.365231 0.00493185 0.051939 0.00618064 0.0606549 0.0117938 0.0356885 0.0520268 0.244263 4.62682e-05 4.68462e-05 0.00104651 0.00360729 0.049972 0.0632845 0.000933949 
0.019923 0.371614 0.00371478 0.0149723 0.00482011 0.0328119 0.001636 0.0229553 0.0598193 0.256283 0.000309854 0.000239069 0.0153997 0.00450647 0.113727 0.0771345 0.000133748 
0.0424636 0.274792 0.00191345 0.0132408 0.00584908 0.0466315 0.00216468 0.0276354 0.113231 0.268125 0.000261047 0.00777741 0.00648481 0.0110406 0.0538564 0.124152 0.000380667 
0.0776156 0.412431 0.0023468 0.000629034 0.0499878 0.0207648 4.96009e-07 0.00760351 0.331996 0.0205722 3.02203e-05 3.99773e-07 0.000787791 0.00228167 0.0354766 0.0374748 8.66964e-07 
0.0182862 0.302909 0.0111505 0.0124741 0.0106531 0.103768 0.0177495 0.0779602 0.0865906 0.0197706 3.09339e-05 0.0023442 0.0122708 0.0103837 0.206315 0.106649 0.000694367 
0.0344815 0.271194 0.00846112 0.0192848 0.0129321 0.0682757 0.00805851 0.0729781 0.0592162 0.0248748 0.000115711 0.00170092 0.0266863 0.0196359 0.226595 0.144259 0.00124983 
0.0912342 0.203886 0.00197841 0.0495334 0.013427 0.141091 0.000390046 0.102975 0.0376248 0.00772454 7.01765e-05 0.00569183 0.0511758 0.045258 0.116735 0.129368 0.00183757 
0.0444364 0.427743 0.00508082 0.0244959 0.0186338 0.0849107 0.00176599 0.0474277 0.0905757 0.0703295 9.19599e-05 0.00253103 0.0217912 0.0166913 0.0675222 0.070745 0.00522818 
0.0419249 0.399365 0.00131031 0.01873 0.0116775 0.107741 0.0235539 0.0390396 0.055053 0.1164 0.000679009 0.00180741 0.00668755 0.0111056 0.0605852 0.103162 0.00117707 
0.0657205 0.312213 0.00412756 0.0197188 0.0058239 0.16878 0.00052807 0.0759025 0.0117772 0.0234358 2.53871e-05 0.000351618 0.0110983 0.00431767 0.116244 0.179921 1.4032e-05 
0.0735609 0.302695 0.00525291 0.0234563 0.00617286 0.285586 6.61074e-05 0.0273805 0.110187 0.0180761 5.82668e-06 1.14947e-05 0.0106485 0.0483586 0.0215388 0.0669608 4.25954e-05 
0.0302583 0.43598 0.00775873 0.0113175 0.0273779 0.0902431 0.00496941 0.0155454 0.129085 0.106914 1.26978e-05 0.00548389 0.0186723 0.00918866 0.0595579 0.047036 0.000598754 
0.0418394 0.215177 0.00134651 0.026281 0.0153557 0.133853 0.000759036 0.0417389 0.102683 0.0529756 0.00011066 0.0014793 0.0568437 0.0363729 0.0923811 0.17785 0.00295258 
0.011885 0.410054 0.00240541 0.0156306 0.0076816 0.157527 0.000857933 0.0092282 0.211265 0.0861024 0.000339801 0.000536897 0.0196113 0.00345089 0.0305517 0.0305421 0.00232981 
0.0451325 0.358722 0.00918759 0.0197819 0.0154843 0.0660977 0.00314187 0.0495299 0.266522 0.0124578 8.87195e-05 0.000217623 0.0117761 0.0115966 0.0508585 0.0761057 0.00329961 
0.180314 0.199778 0.0342961 0.0710172 0.00669015 0.0814574 0.00570874 0.0854471 0.0488721 0.0531681 8.89359e-05 0.03324 0.0245278 0.0141482 0.0589763 0.102216 5.33368e-05 
0.116761 0.245592 0.00207846 0.0142404 0.0102219 0.102684 0.00280564 0.0357939 0.0569854 0.0152108 0.000346624 0.000409565 0.0163245 0.0310928 0.149601 0.199775 7.76267e-05 
0.0681741 0.278777 0.00194115 0.0161442 0.00355863 0.128171 0.000688766 0.0910489 0.0217529 0.0219119 0.000168126 0.0110235 0.015316 0.0106067 0.119811 0.210589 0.000317249 
0.0185926 0.685129 0.0024924 0.00292717 0.0032148 0.0181002 0.0102922 0.011504 0.0502982 0.0164094 9.1532e-05 0.00124433 0.000719955 0.000593265 0.141896 0.0364097 8.54062e-05 
0.0381121 0.137037 0.0449217 0.0886337 0.121721 0.0631895 0.0292592 0.109115 0.0340215 0.0211343 1.27314e-05 0.0157185 0.0738324 0.00967988 0.101919 0.10264 0.0090515 
0.035746 0.309839 0.00105034 0.0369385 0.0102959 0.294861 0.000147109 0.0526835 0.0241211 0.00496354 7.98551e-05 2.00403e-05 0.0224655 0.0209704 0.0446044 0.141192 2.12163e-05 
0.0376897 0.443801 0.00250131 0.0224547 0.0177985 0.0783805 0.0291564 0.0562543 0.0395608 0.0131712 0.000162822 0.000112103 0.0223863 0.0171919 0.109244 0.110088 4.74245e-05 
0.0771894 0.218803 0.00737456 0.0339252 0.0423944 0.0988183 0.000152811 0.10402 0.0116321 0.00583914 2.65057e-05 0.000214821 0.0312823 0.0379072 0.164961 0.165365 9.4128e-05 
0.0160229 0.473006 0.0130179 0.0159513 0.00589297 0.0699745 0.000924695 0.0380853 0.110132 0.00775306 3.02151e-05 0.00446174 0.0154961 0.012653 0.189262 0.0272128 0.000123076 
0.0295574 0.350513 0.00840723 0.0162329 0.00962144 0.0504832 0.00545535 0.0462833 0.0716471 0.0757828 0.000740969 0.00104877 0.0206304 0.0127781 0.167039 0.133582 0.00019627 
0.106938 0.447011 0.00101988 0.0190605 0.0150156 0.0604702 0.000966316 0.0134122 0.0461161 0.0361587 0.000430349 0.000254868 0.00623112 0.00951675 0.0907958 0.146487 0.000115126 
0.0205441 0.440936 0.000366058 0.0303665 0.0159464 0.130941 5.93745e-05 0.0167686 0.0990456 0.190998 0.000301781 0.000426577 0.0089436 0.00515114 0.00840551 0.0295877 0.00121198 
0.0226093 0.424369 0.00468247 0.00955007 0.0082882 0.0301166 0.00119465 0.0443036 0.19746 0.0102633 0.000155321 0.00482199 0.0127508 0.00660079 0.102467 0.119847 0.000520376 
0.0389269 0.410643 0.00998473 0.0355673 0.012674 0.072152 0.00855374 0.0400731 0.031495 0.0945506 4.58393e-05 1.59525e-05 0.0109312 0.0499501 0.0819329 0.102289 0.000214635 
0.0123368 0.858665 0.00136247 0.000432182 0.00974765 0.00653071 0.00201076 0.00111404 0.0384801 0.0105539 4.55452e-05 1.36237e-05 0.00188142 0.00813788 0.0310747 0.0168651 0.000747765 
0.0288894 0.230328 0.0293459 0.0387596 0.127626 0.124298 0.0121221 0.138918 0.0135821 0.00456576 0.000105594 0.030761 0.0391358 0.0257351 0.0717851 0.0839791 6.34176e-05 
0.0182305 0.617478 0.00226264 0.0805364 0.0437616 0.0555429 5.44398e-05 0.0331162 0.0603211 0.0143094 0.000230159 0.000162688 0.00838251 0.0178838 0.0211417 0.0261157 0.000470605 
0.021902 0.291564 0.00119629 0.0137248 0.0226186 0.179082 0.00245592 0.0428772 0.0881902 0.00992618 0.000184343 0.00165524 0.0107571 0.0120883 0.174383 0.127343 5.11345e-05 
0.0539446 0.290991 0.00148821 0.0129046 0.00992912 0.10881 0.00600951 0.0418103 0.0185356 0.00888544 0.000275386 0.0014872 0.0203579 0.00643566 0.159626 0.258342 0.00016698 
0.0358499 0.170962 0.0347048 0.0995561 0.0163991 0.162869 0.00861168 0.019891 0.0763565 0.0653953 0.000162362 0.00703325 0.0620607 0.0964474 0.0584944 0.0845198 0.00068664 
0.0358064 0.295491 0.00750125 0.111147 0.00562916 0.14759 0.000666437 0.0225524 0.123014 0.0361565 0.00040084 0.000436189 0.0291698 0.0337984 0.07123 0.0791576 0.000251753 
0.0578971 0.647558 0.0317556 0.0165633 0.00704648 0.0925196 1.56377e-05 0.0422323 0.0391665 0.00601805 7.01914e-05 1.50861e-05 0.000739002 0.00660105 0.015178 0.0364635 0.000160629 
0.170632 0.198042 0.00655822 0.0169431 0.018412 0.113288 0.00187904 0.0668426 0.0471253 0.00978026 0.000297952 0.00301357 0.0270107 0.0444207 0.114656 0.160534 0.000565275 
0.0553697 0.375043 0.00232674 0.0287003 0.0190503 0.0595268 0.00106314 0.0483944 0.0895584 0.0568054 0.000117203 0.000485452 0.0369817 0.0327097 0.0973547 0.0914016 0.00511197 
0.0541532 0.387827 0.00419441 0.0155965 0.0120593 0.0671257 0.00644182 0.0313077 0.106365 0.0497615 0.000170989 0.00350458 0.0378634 0.02283 0.0771948 0.122379 0.00122459 
0.0378622 0.290905 0.00345476 0.0206133 0.0340956 0.234481 0.00568505 0.0856451 0.0304972 0.00935158 0.000327587 0.013707 0.00518881 0.0119188 0.0635246 0.151424 0.00131894 
0.0400247 0.454934 0.00186401 0.0325545 0.00788047 0.111706 0.00504331 0.0520495 0.034532 0.0286055 0.000253243 0.00284005 0.0124745 0.0197212 0.0977354 0.0967612 0.00102054 
0.0317947 0.260159 0.00180248 0.0149983 0.0168382 0.1173 0.00375925 0.0381763 0.0309749 0.243776 0.000225703 0.000207367 0.0128462 0.0062637 0.0842542 0.1135 0.0231234 
0.0586506 0.246992 0.00419484 0.0395201 0.0229789 0.0824874 0.0151808 0.0941109 0.0486979 0.0261412 0.00105075 0.00777798 0.0220209 0.018454 0.149565 0.157229 0.00494687 
0.031841 0.325571 0.00190306 0.00979197 0.00468759 0.0608078 0.00983053 0.0230927 0.0177887 0.244785 0.000633286 5.185e-05 0.00574181 0.00981354 0.128336 0.124822 0.000501845 
0.0142989 0.495902 8.22448e-05 0.145485 0.0231943 0.0546279 5.95361e-05 0.00617069 0.10525 0.0073318 0.000124156 1.65079e-05 0.0117959 0.023226 0.0178944 0.0943262 0.000214139 
0.103387 0.247123 0.0122508 0.0294382 0.00912476 0.0524968 0.00183696 0.0572703 0.171767 0.0171528 0.000376425 0.00202111 0.0358612 0.0460129 0.151218 0.0622113 0.000450819 
0.0310559 0.298454 0.00282152 0.0785665 0.00524285 0.137546 0.00662944 0.0448828 0.0256113 0.0148569 0.000235106 0.000333653 0.0100935 0.0172854 0.130733 0.1956 5.28099e-05 
0.0357931 0.284591 0.013783 0.0152197 0.00968423 0.127985 0.0026943 0.0279386 0.176634 0.0787368 4.38317e-05 0.00262411 0.0325587 0.0113282 0.0881391 0.0917558 0.000490477 
0.065358 0.352491 0.00728125 0.0196422 0.0205663 0.100128 0.0057561 0.113002 0.0197274 0.0192805 0.000338416 0.00146931 0.0193611 0.0166604 0.0860145 0.152621 0.000302166 
0.068437 0.381471 0.0077203 0.0173687 0.00648548 0.0715678 0.00977571 0.0397236 0.0961792 0.0343735 0.00026765 0.000478885 0.0142085 0.00876567 0.134193 0.100559 0.00842544 
0.0283782 0.311285 0.0492096 0.0698504 0.025345 0.0816389 0.000329567 0.0485255 0.0563794 0.240239 3.92396e-05 0.000345015 0.0175268 0.0136602 0.0174244 0.0393812 0.000442318 
0.0484115 0.196543 0.0198537 0.0783986 0.0146008 0.126465 0.00226846 0.0418608 0.124439 0.0225197 0.000250254 0.00048641 0.016465 0.064851 0.131644 0.110092 0.000850166 
0.0545764 0.2511 0.00463978 0.0383675 0.00784604 0.120187 0.0997114 0.0777527 0.0794828 0.0611117 0.000468077 9.00739e-05 0.00208283 0.0122211 0.0614981 0.125951 0.00291402 
0.0569455 0.28816 0.00542908 0.0211546 0.00230392 0.13545 0.00183135 0.114172 0.0546292 0.268578 5.97563e-06 0.000354719 0.00807856 0.00194382 0.0242727 0.0166884 1.19353e-06 
0.0433587 0.548489 0.000365549 0.00100973 0.02592 0.167325 1.13802e-06 0.0600978 0.0158799 0.0439822 3.00806e-05 6.42102e-06 0.000591376 0.00171674 0.0141775 0.0770393 9.04377e-06 
0.0551907 0.233566 0.0001325 0.0433185 0.0309038 0.184482 0.0220316 0.0785851 0.030031 0.0130599 0.000700341 0.000346501 0.026215 0.151295 0.0488457 0.0601987 0.0210977 
0.0196993 0.307659 0.000734677 0.00550329 0.0112501 0.0634183 0.00270983 0.019536 0.162415 0.155875 3.30867e-05 0.000871173 0.00258326 0.00364025 0.153261 0.0903695 0.000440166 
0.0313026 0.425644 0.00408947 0.0472134 0.0135223 0.061355 0.00105421 0.0347238 0.0940186 0.0147681 0.000555856 0.00198668 0.0327338 0.0254304 0.0979731 0.113323 0.000305362 
0.0520166 0.457323 0.000885483 0.0130453 0.00519895 0.0462909 0.00118026 0.0221685 0.117168 0.0621802 0.000325478 0.000477183 0.00699861 0.0138466 0.0955583 0.1049 0.000436768 
0.070884 0.286952 0.00101236 0.0101753 0.0131313 0.241977 0.000563603 0.016138 0.0958239 0.0290371 5.67153e-05 0.000870115 0.00913726 0.00485402 0.110461 0.108176 0.000750061 
0.00511461 0.5945 0.000205256 0.0012687 0.00252634 0.00315463 0.000281839 0.0275271 0.0223477 0.053588 8.26238e-07 2.24412e-06 0.0888856 0.00592894 0.109298 0.0853581 1.19105e-05 
0.0513395 0.30634 0.0119226 0.0342587 0.0198591 0.150381 0.0134152 0.0694224 0.0870597 0.018772 2.49249e-05 0.00771124 0.0485156 0.0271796 0.0904255 0.0633457 2.69182e-05 
0.0446204 0.375525 0.000860087 0.00831149 0.00621729 0.14737 0.0260982 0.0462705 0.0519712 0.0528392 0.000648213 0.000739862 0.0370804 0.00877732 0.121058 0.0715459 6.63878e-05 
0.0484725 0.448716 0.000959247 0.115738 0.00579979 0.183942 0.000452121 0.0106251 0.0621281 0.0200957 0.000210106 0.000638011 0.0258943 0.0136895 0.0145451 0.0480291 6.50591e-05 
0.00527965 0.648768 3.21313e-06 8.75788e-06 0.000741143 0.133063 0.000175788 3.86093e-06 0.0826976 5.29027e-06 2.23796e-10 6.74762e-07 0.00125076 0.00857609 0.111981 0.00538042 0.0020648 
0.0992122 0.158153 0.00201974 0.0614291 0.0698886 0.104606 0.00163918 0.0242857 0.0380068 0.0260775 5.03879e-05 0.00531657 0.0556863 0.136507 0.0939668 0.122568 0.000588415 
0.0729947 0.361456 0.00241492 0.0167262 0.0356518 0.173187 0.00157635 0.019752 0.142519 0.0879017 0.000259528 0.0011286 0.014305 0.00307944 0.0222 0.0438327 0.001015 
0.0358956 0.296899 0.00514116 0.0161127 0.0101472 0.106777 0.00209051 0.0390021 0.154561 0.169103 6.92757e-05 0.00149604 0.0250217 0.0138587 0.0557364 0.0680084 8.08572e-05 
0.0445508 0.303533 0.00743572 0.0251643 0.0135801 0.0843167 0.00355069 0.0523114 0.0226695 0.0732839 0.000251906 0.00400428 0.0203381 0.028026 0.162674 0.152958 0.00135176 
0.112961 0.246 0.00638209 0.00738189 0.00430386 0.146524 0.00153251 0.0171668 0.135419 0.0786043 0.000351176 0.00219596 0.0471789 0.0216076 0.0889937 0.0826555 0.000741883 
0.0247749 0.346324 0.0039883 0.0288111 0.00935698 0.0707772 0.000499353 0.147426 0.0693787 0.0257734 0.000667737 0.003822 0.0216829 0.0128567 0.124128 0.0924965 0.0172367 
0.0384353 0.395462 0.00538156 0.0124492 0.0057375 0.057464 0.000974632 0.048171 0.131234 0.137956 0.000752294 0.0010577 0.0170999 0.0174067 0.0543548 0.0757669 0.000296238 
0.00511461 0.5945 0.000205256 0.0012687 0.00252634 0.00315463 0.000281839 0.0275271 0.0223477 0.053588 8.26238e-07 2.24412e-06 0.0888856 0.00592894 0.109298 0.0853581 1.19105e-05 
0.0329142 0.271363 0.0014416 0.0239045 0.0239656 0.044336 0.00168819 0.0407439 0.239716 0.108093 0.000181415 0.00132252 0.0272819 0.0219281 0.0806517 0.080205 0.000264192 
0.00511461 0.5945 0.000205256 0.0012687 0.00252634 0.00315463 0.000281839 0.0275271 0.0223477 0.053588 8.26238e-07 2.24412e-06 0.0888856 0.00592894 0.109298 0.0853581 1.19105e-05 
0.0831832 0.435192 0.00103392 0.0150356 0.0122449 0.095104 0.00216481 0.141961 0.0346242 0.00831891 0.00022703 0.00231753 0.0214248 0.0123414 0.0371382 0.0976391 4.86456e-05 
0.0147644 0.641041 0.000477319 0.0037894 0.00359144 0.0469106 0.000881465 0.0100237 0.010105 0.030293 3.64252e-05 4.20488e-06 0.00471817 0.00349862 0.139358 0.09049 1.76267e-05 
0.0277215 0.443444 0.00101362 0.0187894 0.012884 0.0884435 0.0019646 0.050149 0.0474932 0.182249 0.000271004 0.0028648 0.00929688 0.00631272 0.040558 0.0661422 0.000403334 
0.00477397 0.223335 0.00168034 0.0515726 0.00415884 0.043489 0.00112665 0.182667 0.0482668 0.00665377 0.00020076 0.000314569 0.0857442 0.0552882 0.1665 0.124214 1.34503e-05 
0.0436155 0.355026 0.00447836 0.0182303 0.0681308 0.0845639 0.00221075 0.0940789 0.045907 0.0275124 2.66665e-05 0.000260995 0.00810504 0.0109239 0.0984174 0.132203 0.00630908 
0.0130091 0.363178 0.0150572 0.00725941 0.00955344 0.0200537 0.0244212 0.0237344 0.10221 0.159935 2.78051e-06 0.00052018 0.0104622 0.00913426 0.185596 0.0558513 2.15171e-05 
0.0422896 0.175211 0.0450494 0.0826332 0.0438222 0.0999468 0.0046128 0.121042 0.0273223 0.0151825 0.000205966 0.00911252 0.0302965 0.0598207 0.119442 0.123998 1.34582e-05 
0.0401522 0.245849 0.00354208 0.018728 0.00707098 0.152108 0.0126614 0.0309597 0.0261763 0.0126196 4.34769e-05 0.00112275 0.00792143 0.00260041 0.219424 0.218803 0.000218348 
0.034237 0.354407 0.002961 0.0236034 0.00697193 0.0205372 0.000567055 0.0244027 0.0647336 0.292921 9.25894e-05 2.42328e-05 0.020236 0.0222457 0.0844624 0.0475804 1.74095e-05 
0.0283786 0.305892 0.00192644 0.0465741 0.00907469 0.114932 0.00185117 0.0496983 0.0794066 0.19685 0.000175136 0.000352832 0.016795 0.00943283 0.0660035 0.0722151 0.000441468 
0.107428 0.3415 0.00411623 0.0173332 0.00573389 0.223172 0.000277368 0.106336 0.0341719 0.0153222 9.71498e-05 0.000186069 0.00979262 0.00745734 0.0538929 0.0728389 0.000344534 
0.0198136 0.387956 0.000744027 0.039715 0.039465 0.0839091 0.00467996 0.104203 0.0108992 0.132387 2.58637e-05 0.000496297 0.0120393 0.00955911 0.0835536 0.061837 0.00871805 
0.0931434 0.562924 0.0104951 0.0428954 0.0113989 0.0644972 0.000219173 0.0656728 0.0487675 0.00873992 0.00012739 0.000686086 0.0404901 0.0112576 0.0261341 0.0123581 0.000193076 
0.0381137 0.404767 0.00275928 0.172915 0.00822701 0.135091 0.000136977 0.0295495 0.0966748 0.00651472 2.10331e-05 0.000195567 0.00747258 0.0460168 0.0126976 0.0387992 4.78489e-05 
0.0326833 0.406912 0.00428452 0.00895996 0.00635093 0.042552 0.00544439 0.0324062 0.0855555 0.0114878 0.000537867 0.00167631 0.0289182 0.00809519 0.123522 0.200307 0.000306138 
0.0647048 0.276464 0.00139914 0.0382122 0.0300409 0.147081 0.0011658 0.0483976 0.118857 0.129425 0.000199745 0.00336958 0.0369092 0.0137506 0.0219598 0.0645981 0.00346545 
0.0305991 0.351778 0.00533823 0.0369445 0.00874818 0.0613129 0.00557567 0.0262694 0.015352 0.00312303 1.34772e-05 0.00153035 0.0141733 0.0361355 0.254779 0.148321 5.76277e-06 
0.0189927 0.6788 0.000453711 0.00423306 0.00598613 0.0435634 0.00248306 0.0231019 0.0348452 0.0178853 0.000137644 0.000104633 0.000313848 0.0035459 0.0350465 0.123065 0.00744126 
0.065181 0.359335 0.0200796 0.00408128 0.00392925 0.0883828 0.000338162 0.00955956 0.192281 0.0411181 2.40969e-05 7.90088e-05 0.0209765 0.021927 0.0560797 0.116313 0.000314549 
0.0068137 0.322294 0.00926068 0.00948055 0.00541332 0.0164055 4.34226e-05 0.0489868 0.120927 0.0426073 2.56904e-06 0.000930197 0.00529832 0.00459896 0.245755 0.160943 0.000238836 
0.049609 0.221562 0.00114812 0.088931 0.0307911 0.17634 0.00197292 0.0446499 0.0236882 0.0293622 0.000267925 0.00228676 0.0159287 0.0761546 0.0761401 0.160674 0.000494167 
0.0852048 0.420664 0.0139591 0.0200159 0.00831237 0.0305614 0.000122925 0.0287764 0.198331 0.00990597 7.42808e-05 0.000238081 0.023348 0.0153072 0.0762212 0.0685226 0.000434894 
0.0346308 0.346986 0.0107761 0.0177362 0.00606634 0.0620591 0.000655074 0.0628486 0.107549 0.0174709 0.000677791 0.000803366 0.0192974 0.019042 0.0800364 0.212895 0.000469765 
0.0679818 0.267828 0.00502071 0.0229604 0.0349531 0.127093 0.00570825 0.062293 0.0746727 0.0166106 0.00028469 0.0118531 0.0151144 0.0127014 0.0772622 0.197361 0.000303028 
0.066351 0.245521 0.00283684 0.0801613 0.018956 0.0265788 0.00185648 0.098263 0.0135779 0.00724508 0.000756844 0.000239788 0.0501741 0.0710524 0.211341 0.105082 6.82438e-06 
0.132856 0.307726 0.000760499 0.0378192 0.0302431 0.0188264 0.00102595 0.0237519 0.0172142 0.238419 0.000313183 0.00173059 0.0111926 0.00703296 0.0829632 0.0667427 0.0213828 
0.0311422 0.316469 0.00206919 0.0606055 0.00862375 0.0922722 0.00919274 0.0339471 0.0737813 0.0444496 0.000146559 0.000586537 0.0204949 0.0165609 0.150274 0.138454 0.000931113 
0.0292151 0.597288 0.00869598 0.051649 0.000957463 0.0112773 3.72273e-05 0.0932145 0.0162189 0.00131626 0.000233473 0.00136971 0.0524462 0.00643476 0.117456 0.0071678 0.00502205 
0.067912 0.390136 0.00456926 0.0651209 0.0374143 0.0992833 0.00340433 0.07125 0.00662018 0.0433226 0.000247216 0.00312162 0.0224283 0.00822002 0.105344 0.0710163 0.000590426 
0.0339694 0.523485 0.00121449 0.0507637 0.00651284 0.100897 0.00126969 0.0265251 0.0500786 0.0052795 0.000480341 0.0037557 0.00258552 0.0785518 0.0455982 0.0689059 0.000126829 
0.0301309 0.270302 0.00685239 0.0175689 0.00455673 0.0449129 0.00123443 0.0225885 0.239794 0.00972161 0.000800432 0.00314045 0.0177008 0.0174887 0.118264 0.194739 0.000204314 
0.0121107 0.495318 0.00242982 0.0380324 0.0607432 0.0329496 0.000503194 0.0354821 0.0710347 0.0283399 0.00084011 1.30266e-05 0.00872526 0.0110918 0.148017 0.0543689 2.46985e-07 
0.0642706 0.32825 0.00536005 0.0172967 0.0101495 0.157465 0.000974823 0.0211921 0.0471253 0.0441506 5.22804e-05 0.00267285 0.0209175 0.0339212 0.136375 0.109578 0.000249063 
0.0324676 0.327087 0.00589325 0.017764 0.0268721 0.0707458 0.00903068 0.0491785 0.0458478 0.0188813 1.81243e-05 0.00121694 0.0154281 0.0199066 0.21136 0.143027 0.00527614 
0.036545 0.214422 0.00293547 0.0360743 0.012338 0.0845813 0.016062 0.0830963 0.0387804 0.0659553 0.00108421 0.000809451 0.0549809 0.0289596 0.198867 0.123885 0.000624086 
0.0337432 0.325558 0.000430813 0.041745 0.00545151 0.0567707 0.00136642 0.0953456 0.0089973 0.0232336 0.000182505 8.08288e-06 0.00776467 0.0478105 0.230426 0.121163 3.0995e-06 
0.0297248 0.252264 0.000900703 0.0262415 0.00953216 0.222018 0.000826882 0.127036 0.0146392 0.00305971 0.000334599 0.00159747 0.0141041 0.0395701 0.191845 0.0662855 2.06511e-05 
0.0359618 0.615378 0.00221755 0.0161718 0.00666832 0.0558308 0.00104381 0.0819499 0.00889071 0.00644941 0.00115977 0.00205183 0.0240259 0.00141896 0.0801253 0.0599304 0.000726054 
0.0757847 0.287616 0.00269358 0.00827117 0.0159567 0.172224 0.00158141 0.106079 0.0348709 0.0228661 0.000335089 0.000682468 0.00830142 0.0169794 0.12096 0.124526 0.000271958 
0.0214079 0.621366 0.0038893 0.0164134 0.00858742 0.0603327 0.001306 0.0238704 0.0444093 0.0185277 4.49309e-06 1.29763e-05 0.00907193 0.0133153 0.018977 0.0561698 0.0823379 
3.2081e-06 0.975554 1.12848e-05 3.48697e-06 6.03178e-06 0.00239765 1.44998e-05 0.00430513 0.000985658 8.0103e-06 3.18402e-05 5.03054e-06 3.69898e-06 0.00596007 0.00978573 0.000881951 4.22832e-05 
0.024561 0.231666 0.00421659 0.0436711 0.119324 0.0483909 0.0037737 0.032034 0.0516751 0.0567395 0.00077084 0.00963354 0.0196404 0.105521 0.0840551 0.163773 0.000553426 
0.0348665 0.416273 0.0198169 0.0460448 0.0303602 0.103657 0.0025465 0.0258739 0.14013 0.0358022 0.000271026 5.51571e-05 0.0251498 0.0179106 0.0569929 0.0441869 6.2482e-05 
0.0629483 0.344696 0.000899993 0.0184557 0.00565455 0.0681077 0.00324422 0.115996 0.108078 0.0201359 0.000346041 0.000262841 0.00201805 0.00941665 0.0389892 0.196552 0.00419879 
0.0407857 0.332526 0.00341423 0.0230526 0.0176151 0.0948585 0.00490084 0.0279912 0.116467 0.165999 0.0027802 0.00167381 0.0181019 0.0202521 0.0549664 0.0741841 0.000431963 
0.0655536 0.167544 0.012994 0.0553029 0.0166032 0.143964 0.00125705 0.0627981 0.0856393 0.0336212 0.00118615 0.00801732 0.073777 0.0334432 0.103976 0.130357 0.00396687 
0.0248256 0.551963 0.00175806 0.0224083 0.0152445 0.0799263 0.00254189 0.0321699 0.0324444 0.0426098 0.000312343 0.00491666 0.00373984 0.00481031 0.0930868 0.0871921 5.03663e-05 
0.0493665 0.397896 0.00235156 0.110034 0.0237514 0.15009 0.00213306 0.0620014 0.0557622 0.0221294 0.000310891 0.00020176 0.0109002 0.0171444 0.0308969 0.0607198 0.00430971 
0.0466735 0.218326 0.00867577 0.0350419 0.00843144 0.121863 0.00315324 0.0605678 0.0607236 0.149943 0.00011269 0.00158363 0.0184599 0.0187232 0.130428 0.116761 0.000532076 
0.0301272 0.216434 0.00897926 0.0107052 0.0117806 0.0722359 0.00792939 0.0302004 0.0581485 0.189972 0.000172941 0.00263931 0.0195468 0.0171955 0.150105 0.173355 0.000473406 
0.0320365 0.764916 6.96106e-05 0.00143053 0.0020495 0.0454061 0.000350282 0.00633755 0.00554034 0.0079676 0.000106108 5.53512e-06 0.000702183 0.00246692 0.0560888 0.074491 3.55321e-05 
0.0383234 0.397372 0.0097906 0.0108921 0.0118558 0.0350382 0.00264369 0.0442602 0.108517 0.0174802 0.00099773 0.00119025 0.00256337 0.00474706 0.16442 0.148652 0.00125639 
0.148732 0.173194 0.00476191 0.0672099 0.0497949 0.13791 0.0013722 0.074559 0.0713227 0.0169104 4.93577e-05 0.00433378 0.0341753 0.0408297 0.0517535 0.122971 0.000119216 
0.241607 0.346254 0.000739132 0.0367898 0.00651178 0.131605 4.10478e-05 0.0363457 0.0751983 0.00428857 0.000335272 0.000322065 0.002908 0.00685272 0.0764603 0.033614 0.000127711 
0.0368327 0.291863 0.00344495 0.0295197 0.0164265 0.179848 0.0062537 0.0278656 0.0751697 0.00568683 0.000275391 0.000166921 0.0102694 0.0181219 0.0726467 0.225347 0.000262678 
0.0282559 0.326602 0.0104072 0.0264411 0.00891094 0.0919286 0.00392939 0.0551975 0.0185578 0.0110771 0.00019803 0.00284812 0.0190642 0.0550922 0.132287 0.199892 0.00931012 
0.028077 0.332187 0.00173656 0.0273841 0.00788283 0.0711095 0.00387057 0.0406905 0.0604541 0.258225 6.203e-05 0.00100841 0.0112328 0.0103737 0.0760762 0.067267 0.00236261 
0.00812856 0.400236 0.00102458 0.0242344 0.00198671 0.0384265 0.00881082 0.0787957 0.0233595 0.260797 4.42455e-05 0.0002745 0.0277575 0.00438494 0.0307303 0.0909287 7.99888e-05 
0.0444783 0.282161 0.00967289 0.022782 0.00787887 0.126378 0.000995009 0.0405878 0.0354587 0.0626112 0.000230323 0.00337305 0.029192 0.0172974 0.180876 0.13579 0.00023645 
0.0192862 0.432032 0.0044058 0.026916 0.00290243 0.0244636 0.00011229 0.0332061 0.0487888 0.00653803 2.35906e-05 0.0010525 0.0145194 0.0134442 0.174139 0.197732 0.000438867 
0.076041 0.338253 0.000160001 0.0246086 0.0581954 0.161246 4.73445e-05 0.0399378 0.0452133 0.00743009 0.00980112 1.36555e-05 0.0146197 0.0235654 0.0737683 0.127094 5.08284e-06 
0.0565708 0.421755 0.00890727 0.0102691 0.0148001 0.139086 0.00161823 0.0734637 0.0131736 0.0260747 0.000314365 0.000189719 0.0176062 0.0129176 0.0751892 0.12799 7.36233e-05 
0.0127875 0.682129 0.000848509 0.00876208 0.00315228 0.126998 6.32621e-05 0.0267742 0.105126 0.00806409 0.000226745 9.77299e-05 0.00119991 0.00289586 0.0033797 0.0160072 0.00148785 
0.0260144 0.281189 0.00176715 0.0335986 0.0116179 0.0488406 0.00297212 0.162139 0.0464644 0.0286965 8.4002e-07 4.95364e-05 0.0132097 0.0180981 0.183483 0.140408 0.00145085 
0.0348037 0.808712 0.000665694 0.00200949 0.00142816 0.00731717 0.000158497 0.0262212 0.0266735 0.0125522 0.000171053 0.00012579 0.00257126 0.00105175 0.0526879 0.0226261 0.000224437 
0.0543039 0.27668 0.00117296 0.0115581 0.0211645 0.170293 0.0030968 0.0686156 0.0169343 0.0213559 3.66153e-05 0.000321576 0.00912477 0.0163952 0.1849 0.143968 7.95394e-05 
0.0393203 0.368195 0.00588839 0.031756 0.00961148 0.190625 0.00166127 0.0284202 0.0428838 0.0229954 0.00012857 0.000257208 0.0160244 0.011085 0.12181 0.108736 0.000601706 
0.00767246 0.47869 0.00345849 0.0184449 0.00618467 0.18183 0.000628407 0.00265792 0.199984 0.0369357 0.000134325 0.000188371 0.0247519 0.00151065 0.0253216 0.0105227 0.00108323 
0.0204093 0.371833 0.00116357 0.011949 0.0305354 0.127472 0.00173098 0.0226672 0.15184 0.126995 0.000208673 0.00694791 0.03644 0.0088366 0.0372853 0.0419608 0.00172462 
0.0331137 0.619746 0.000293995 0.0069774 0.00469397 0.0483002 0.000851048 0.0351445 0.0180485 0.0302419 5.16498e-05 9.92031e-06 0.0137121 0.00736808 0.0917842 0.0891981 0.000464308 
0.0291191 0.379318 0.019929 0.0247147 0.0249943 0.0437523 0.0061726 0.0661963 0.0425694 0.0884212 0.00147333 0.0315339 0.0311721 0.00638073 0.11896 0.0850973 0.000195041 
0.00528586 0.561369 0.000175391 0.0175077 0.00215085 0.0129812 0.00305863 0.0276815 0.295411 0.00709655 1.97505e-05 0.000112529 0.00162965 0.000836584 0.0402212 0.0231904 0.00127243 
0.0234482 0.201606 0.00209471 0.0510499 0.139667 0.0893224 0.000687813 0.0477208 0.07252 0.129947 0.000665288 0.00262364 0.0181731 0.0413202 0.0462376 0.132856 5.89779e-05 
0.0477536 0.393762 0.00557749 0.00287994 0.103302 0.064622 0.0209326 0.105878 0.00578302 0.00927732 5.96763e-05 0.000402496 0.000887017 0.0397457 0.100642 0.0984915 4.19285e-06 
0.051704 0.357306 0.0069678 0.0225619 0.0544876 0.0713202 0.000743043 0.048564 0.156007 0.0136048 0.00101092 0.000410003 0.0231964 0.00818771 0.109253 0.0740653 0.000610098 
0.0348405 0.512046 0.00887276 0.0088459 0.0161128 0.0503989 0.00385539 0.0516166 0.0643565 0.0110769 7.04411e-05 0.00290422 0.00313622 0.00450914 0.17265 0.05444 0.000268038 
0.0131136 0.356493 0.00132645 0.0464076 0.0389533 0.035765 0.000687786 0.0153584 0.105097 0.298774 0.000108605 0.000497127 0.00607614 0.0168504 0.0241888 0.0402769 2.60136e-05 
0.0226441 0.248104 0.00656456 0.0288859 0.00672058 0.0831805 0.00153088 0.0814929 0.139625 0.143874 4.63807e-05 0.00300864 0.011538 0.0214615 0.112554 0.0885882 0.000180759 
0.0555509 0.395838 0.0162106 0.0336884 0.00986214 0.0672185 0.00351012 0.146134 0.0101219 0.013659 0.000198807 0.0200045 0.0225637 0.00766006 0.0597204 0.137669 0.000388941 
0.0499817 0.303238 0.00229124 0.0148046 0.0137929 0.115028 0.00316539 0.0698993 0.0146327 0.00728391 5.04017e-05 0.000265689 0.0182696 0.0745907 0.0629738 0.221037 0.0286958 
0.122399 0.42929 0.00599725 0.0285058 0.00600341 0.0975385 0.000226957 0.0396071 0.0947698 0.00283427 0.000813281 0.000188739 0.0377603 0.0135095 0.0721687 0.047799 0.000588651 
0.0227079 0.497743 0.0199789 0.0837431 0.00316892 0.129717 0.000376835 0.0355567 0.0866015 0.0369745 0.000823424 0.00127985 0.00620145 0.014122 0.0180602 0.0426577 0.000287284 
0.00831881 0.348827 0.00274865 0.0361937 0.00140461 0.0643862 3.65347e-05 0.0131024 0.0586305 0.342306 4.56687e-05 3.26242e-05 0.00948162 0.00508086 0.0041122 0.105229 6.41184e-05 
0.0611539 0.647002 0.00486262 0.00369096 0.00301228 0.0697984 2.323e-05 0.0118101 0.0601002 0.0240226 1.33122e-05 2.34774e-06 0.00414438 0.00916503 0.0316183 0.0690998 0.000480463 
0.052973 0.348651 0.00609468 0.0143009 0.00810265 0.131416 0.00337257 0.0540239 0.0516107 0.153326 3.5585e-05 0.00177981 0.0151671 0.00726652 0.0818987 0.0697995 0.000180225 
0.0241359 0.514302 0.00313112 0.00958155 0.0100185 0.0779639 0.00354575 0.0825959 0.00938708 0.00481899 0.000131861 0.00125099 0.0158191 0.0211699 0.0559985 0.166124 2.49771e-05 
0.0800571 0.412982 0.000611822 0.000808718 0.000596478 0.0266974 6.35851e-07 0.00977574 0.373981 0.0122351 3.88276e-05 5.13048e-07 0.000610779 0.0029334 0.0304879 0.0481816 1.10348e-06 
0.00511461 0.5945 0.000205256 0.0012687 0.00252634 0.00315463 0.000281839 0.0275271 0.0223477 0.053588 8.26238e-07 2.24412e-06 0.0888856 0.00592894 0.109298 0.0853581 1.19105e-05 
0.0701341 0.503094 0.00256567 0.0437613 0.0204485 0.0430932 0.00149664 0.122934 0.0668401 0.0156168 3.03446e-05 9.26716e-05 0.007162 0.00715091 0.0479629 0.0474377 0.000179209 
0.00874247 0.64171 0.000698011 0.0193564 0.0058503 0.10766 0.00163068 0.0252228 0.106502 0.0249364 5.4096e-05 0.00243365 0.00564354 0.00381912 0.0240674 0.021668 5.70493e-06 
0.0586903 0.255146 0.00174697 0.0283408 0.0151329 0.149359 0.0709918 0.0490964 0.0613397 0.0894016 0.00111083 0.000361339 0.00604485 0.0199274 0.0593582 0.132326 0.00162548 
0.0158373 0.312296 0.00171875 0.0141302 0.0152875 0.130207 0.00155826 0.0350037 0.0348165 0.00342284 0.00037305 0.000764203 0.0737087 0.0391658 0.199566 0.120836 0.00130975 
0.0413089 0.379645 0.00589497 0.0237653 0.01905 0.0646511 0.011102 0.0411777 0.0715597 0.0457162 0.00278574 0.00644144 0.0516022 0.0268298 0.110239 0.0951781 0.00305276 
0.0136883 0.578781 0.00437924 0.0145548 0.00603091 0.0151882 6.74951e-05 0.0180074 0.073048 0.103587 6.53104e-07 0.000209667 0.000753906 0.00125796 0.135346 0.035028 7.09704e-05 
0.0277215 0.443444 0.00101362 0.0187894 0.012884 0.0884435 0.0019646 0.050149 0.0474932 0.182249 0.000271004 0.0028648 0.00929688 0.00631272 0.040558 0.0661422 0.000403334 
0.0546266 0.433748 0.00166236 0.0777811 0.0206128 0.0545056 0.00452157 0.0288809 0.0256341 0.0570503 6.42242e-05 9.0031e-05 0.013233 0.0370144 0.0693219 0.120333 0.000919881 
0.0559856 0.392782 0.00647831 0.0042184 0.00872899 0.0357053 0.00475444 0.0404783 0.297592 0.0121747 1.79418e-07 4.13085e-05 0.0227426 0.015101 0.0496675 0.0534971 5.33556e-05 
0.0781499 0.284284 0.00738606 0.0112316 0.00417262 0.0647551 0.00201349 0.0278491 0.119674 0.179272 0.000405301 0.0157201 0.00778324 0.015897 0.124207 0.0570339 0.000165672 
