0.0120836 0.0510409 0.0149476 0.0279801 0.0193994 0.0283235 0.0217509 0.0413211 0.0282107 0.0173482 0.000400841 0.00960507 0.424527 0.00809813 0.10003 0.194686 0.000247327 
0.100121 0.0536994 0.00235209 0.0152667 0.0864431 0.0258804 0.00270732 0.0456579 0.0149267 0.00361291 3.69654e-05 0.034536 0.409134 0.0336029 0.0779363 0.0901329 0.00395339 
0.0202662 0.0349946 0.00998816 0.0160803 0.0279257 0.141319 0.00660197 0.0286999 0.0122965 0.00106189 2.46852e-05 0.00643461 0.597346 0.0187371 0.0179283 0.0595221 0.000773446 
0.0917883 0.0288994 0.0056373 0.0441793 0.072939 0.140915 0.000737974 0.106579 0.0225275 0.000868126 0.000166499 0.0332021 0.192932 0.0389336 0.0296573 0.189977 6.18714e-05 
0.101479 0.0478635 0.0054718 0.0281321 0.027217 0.172942 0.00356312 0.0417636 0.0112726 0.00477776 0.000113778 0.014426 0.237873 0.0478009 0.045201 0.209757 0.000345524 
0.0221542 0.0238473 0.00474735 0.0563345 0.0464698 0.0605547 0.00221859 0.0346062 0.023321 0.00163413 2.94272e-06 0.0153499 0.6236 0.00999798 0.0135412 0.0615616 5.89337e-05 
0.0171594 0.0229427 0.0180914 0.0135555 0.00284311 0.00685834 0.00134209 0.0320598 0.0128791 0.00150251 3.91376e-05 0.0286934 0.713348 0.0201552 0.0772932 0.0264985 0.00473891 
0.0948521 0.0660734 0.00331949 0.0225686 0.0236161 0.207875 0.0126248 0.0190433 0.0265027 0.00535494 0.000409509 0.0145351 0.297977 0.0107786 0.0649362 0.112659 0.0168744 
0.0271846 0.0447929 0.00402699 0.016548 0.187542 0.0311081 0.00531296 0.0357405 0.00638886 0.00834375 7.72036e-05 0.0618392 0.216454 0.011722 0.205667 0.137134 0.00011705 
0.0205591 0.0449073 0.00799527 0.0773175 0.0303161 0.176088 0.00237408 0.024748 0.0492728 0.00145581 2.7192e-05 0.00625968 0.448638 0.0135869 0.0290588 0.0673409 5.44025e-05 
0.0127533 0.0135591 0.00527115 0.0238817 0.01795 0.211665 0.000657702 0.0134664 0.015171 0.000554837 1.26371e-05 0.00538557 0.62623 0.0042415 0.0156908 0.0331435 0.000365617 
0.0271846 0.0447929 0.00402699 0.016548 0.187542 0.0311081 0.00531296 0.0357405 0.00638886 0.00834375 7.72036e-05 0.0618392 0.216454 0.011722 0.205667 0.137134 0.00011705 
0.0156804 0.0868457 0.00622076 0.0211457 0.0194518 0.088575 0.00607427 0.051046 0.00959597 0.0496874 4.22948e-05 0.147941 0.280336 0.0107978 0.137662 0.068755 0.000143558 
0.0340023 0.0392159 0.19695 0.0303664 0.0147824 0.102639 0.00508785 0.0649089 0.0544203 0.00437046 4.20442e-05 0.0179398 0.288581 0.00770319 0.0759767 0.0620975 0.000915174 
0.0285177 0.0279026 0.0106177 0.0270485 0.075084 0.0119344 0.00128389 0.067691 0.0474423 0.00115176 5.34078e-06 0.0468312 0.370029 0.0425867 0.0713912 0.170307 0.000176035 
0.0117791 0.0139953 0.00629903 0.02087 0.0164164 0.207826 0.0017431 0.0118878 0.0119906 0.000910148 0.000156006 0.0105207 0.637571 0.00447931 0.0132778 0.0293031 0.000973784 
0.0117791 0.0139953 0.00629903 0.02087 0.0164164 0.207826 0.0017431 0.0118878 0.0119906 0.000910148 0.000156006 0.0105207 0.637571 0.00447931 0.0132778 0.0293031 0.000973784 
0.0202662 0.0349946 0.00998816 0.0160803 0.0279257 0.141319 0.00660197 0.0286999 0.0122965 0.00106189 2.46852e-05 0.00643461 0.597346 0.0187371 0.0179283 0.0595221 0.000773446 
0.0384919 0.0687167 0.0020764 0.0491518 0.0264085 0.0593793 0.110759 0.0748344 0.01275 0.00342246 0.113082 0.000639063 0.20756 0.0096544 0.151438 0.0682195 0.00341695 
0.0507061 0.0343743 0.0306635 0.0218834 0.0586749 0.0349348 0.000472083 0.089851 0.0471369 0.00289266 3.14723e-05 0.0496171 0.283624 0.0526027 0.0453744 0.196977 0.000183115 
0.00386808 0.0191701 0.0164292 0.0237773 0.0795193 0.0468301 0.0204193 0.0200413 0.0135828 0.00185145 6.80141e-05 0.0871554 0.601531 0.0048128 0.00867375 0.0446728 0.00759746 
0.0172401 0.0570163 0.0151441 0.0474509 0.0142308 0.148328 0.16348 0.0337114 0.0113537 0.00325327 1.93656e-06 0.00648711 0.203324 0.0114241 0.184419 0.0830723 6.31247e-05 
0.0107434 0.0231424 0.0171641 0.0893754 0.0356508 0.141136 0.00164603 0.0446657 0.0229329 0.000952257 5.14168e-06 0.0114036 0.57423 0.00435589 0.0106865 0.0107859 0.00112408 
0.0267039 0.0155395 0.00375041 0.0558714 0.0412982 0.152688 0.0030595 0.0875333 0.0196994 0.0080319 0.000364569 0.0184401 0.421628 0.0374366 0.031945 0.0756093 0.000401254 
0.142253 0.055458 0.00600663 0.0289029 0.0171635 0.1225 0.0117297 0.0540204 0.043438 0.0128315 0.00384169 0.0458395 0.168002 0.0411071 0.10362 0.142426 0.000859622 
0.0310342 0.14318 0.0029803 0.0277434 0.0170372 0.239672 0.00131313 0.0352733 0.0624279 0.0176239 0.000210245 0.017763 0.291003 0.0271364 0.023464 0.062056 8.20218e-05 
0.0152612 0.0448777 0.008869 0.0544427 0.0613802 0.0506442 0.0161239 0.0836715 0.0231978 0.00830348 2.73976e-05 0.0420767 0.264576 0.0344427 0.118903 0.172469 0.000733152 
0.0744872 0.0376002 0.00362508 0.0201995 0.0549388 0.106168 0.00842429 0.157976 0.0075699 0.00207676 0.000186286 0.0280703 0.199136 0.0373079 0.0725402 0.188955 0.000739277 
0.0390258 0.036473 0.00187233 0.0556635 0.0596199 0.025537 0.00734205 0.187109 0.00965614 0.0123777 9.64713e-05 0.0810459 0.323018 0.0124407 0.0942474 0.0544082 6.69602e-05 
0.0205413 0.0323985 0.00576615 0.0571484 0.0174665 0.274097 0.00202207 0.0684082 0.0242789 0.00102183 5.42189e-05 0.00884963 0.382601 0.0160604 0.0272411 0.0596447 0.00240012 
0.0188888 0.0598372 0.00376798 0.0331266 0.0594621 0.0909499 0.00827642 0.0847128 0.0161912 0.012616 0.00780817 0.0146368 0.383937 0.0257517 0.104801 0.0749286 0.000307714 
0.00674429 0.0394028 0.010839 0.115421 0.0338203 0.028855 0.0143953 0.0326367 0.00770658 0.0013276 0.00047305 0.0158751 0.307868 0.0985466 0.0971549 0.188814 0.00011992 
0.0220257 0.0212788 0.0068125 0.049611 0.0340783 0.107635 0.00448142 0.0177205 0.0272068 0.00360872 2.91186e-05 0.032138 0.526362 0.0186291 0.046383 0.0779281 0.00407212 
0.0192402 0.0800657 0.00523964 0.0240235 0.0260105 0.0390045 0.00681477 0.0594157 0.0163761 0.00284955 0.000184421 0.0232607 0.491597 0.0172336 0.103257 0.0853792 4.79421e-05 
0.0765716 0.0822123 0.0397327 0.028065 0.0416607 0.0364272 0.00726254 0.0355438 0.0482447 0.0234023 0.000206286 0.00906476 0.346846 0.00941379 0.149997 0.0650096 0.000339758 
0.0923159 0.0573233 0.00564284 0.0352714 0.0481591 0.200433 0.00135114 0.047272 0.0486408 0.0256854 0.000377974 0.0121732 0.212947 0.0285171 0.0253389 0.158418 0.000132472 
0.0202662 0.0349946 0.00998816 0.0160803 0.0279257 0.141319 0.00660197 0.0286999 0.0122965 0.00106189 2.46852e-05 0.00643461 0.597346 0.0187371 0.0179283 0.0595221 0.000773446 
0.0202662 0.0349946 0.00998816 0.0160803 0.0279257 0.141319 0.00660197 0.0286999 0.0122965 0.00106189 2.46852e-05 0.00643461 0.597346 0.0187371 0.0179283 0.0595221 0.000773446 
0.0146808 0.0445074 0.00365076 0.0239729 0.0115414 0.111817 0.00109024 0.0136549 0.0255677 0.0125264 0.000453735 0.248586 0.388826 0.0104871 0.0522385 0.036261 0.000138439 
0.0109704 0.0092938 0.00555983 0.0221125 0.0198073 0.232311 0.00073044 0.0100832 0.00706307 0.000506323 1.38086e-05 0.00588375 0.634161 0.00399244 0.0130003 0.024072 0.000438737 
0.0215399 0.0650995 0.010069 0.0734065 0.028126 0.0601599 0.00737389 0.250211 0.00478647 0.000763924 0.000386494 0.0280001 0.257458 0.0250468 0.114332 0.0530652 0.00017454 
0.0179517 0.0646008 0.0555391 0.0505889 0.0162469 0.120774 0.00440028 0.0452529 0.0145393 0.0817922 0.000113161 0.00607011 0.391351 0.0204582 0.0328434 0.0774008 7.78443e-05 
0.0271846 0.0447929 0.00402699 0.016548 0.187542 0.0311081 0.00531296 0.0357405 0.00638886 0.00834375 7.72036e-05 0.0618392 0.216454 0.011722 0.205667 0.137134 0.00011705 
0.0270938 0.0417769 0.0104365 0.0213526 0.0405889 0.121772 0.0279107 0.218695 0.0198379 0.00827289 3.04827e-05 0.0198995 0.233816 0.026498 0.0596515 0.122319 4.9329e-05 
0.0069623 0.0118536 0.00748942 0.0292686 0.0477318 0.0291184 0.00581542 0.0082031 0.00430471 0.0186185 1.03171e-06 0.0323597 0.662921 0.0285974 0.0102754 0.0964793 2.26084e-08 
0.0220668 0.0287127 0.00291627 0.0140171 0.0157667 0.0577563 0.00292711 0.0134265 0.0168974 0.00462835 2.08378e-05 0.00814713 0.480182 0.0095283 0.19618 0.126643 0.000183194 
0.00674429 0.0394028 0.010839 0.115421 0.0338203 0.028855 0.0143953 0.0326367 0.00770658 0.0013276 0.00047305 0.0158751 0.307868 0.0985466 0.0971549 0.188814 0.00011992 
0.107863 0.0549714 0.00982642 0.0377796 0.054342 0.0889066 0.0017927 0.0767925 0.00978188 0.00199963 0.00629278 0.0394352 0.292671 0.0510642 0.061542 0.0804772 0.024462 
0.0171594 0.0229427 0.0180914 0.0135555 0.00284311 0.00685834 0.00134209 0.0320598 0.0128791 0.00150251 3.91376e-05 0.0286934 0.713348 0.0201552 0.0772932 0.0264985 0.00473891 
0.0216905 0.0371036 0.00813109 0.0194547 0.0546656 0.0517672 0.00717893 0.0338595 0.0534329 0.0185945 2.34471e-05 0.0219073 0.509214 0.0182142 0.0701479 0.0745396 7.55115e-05 
0.0151214 0.0313617 0.0132485 0.0424163 0.0136497 0.022995 0.00508751 0.0258365 0.0607505 0.00532835 0.000929487 0.236255 0.274938 0.0141911 0.097757 0.140022 0.000111402 
0.00674429 0.0394028 0.010839 0.115421 0.0338203 0.028855 0.0143953 0.0326367 0.00770658 0.0013276 0.00047305 0.0158751 0.307868 0.0985466 0.0971549 0.188814 0.00011992 
0.0279486 0.0497521 0.00851211 0.0356038 0.05033 0.205437 0.00534756 0.0878835 0.0147487 0.0127126 0.000180731 0.0282526 0.289291 0.0189648 0.0578979 0.106338 0.000798943 
0.0179517 0.0646008 0.0555391 0.0505889 0.0162469 0.120774 0.00440028 0.0452529 0.0145393 0.0817922 0.000113161 0.00607011 0.391351 0.0204582 0.0328434 0.0774008 7.78443e-05 
0.0093956 0.0277585 0.0279369 0.0343294 0.10957 0.0305516 0.0126883 0.0271376 0.0386063 0.0161293 0.000239449 0.0185409 0.319993 0.0115227 0.139186 0.176229 0.00018551 
0.018319 0.00853774 0.0055614 0.0568544 0.0598944 0.0586589 0.00379633 0.0343744 0.0301445 0.00597285 0.00084162 0.0258299 0.495695 0.0106026 0.0537033 0.131139 7.45063e-05 
0.0194835 0.0240982 0.0469357 0.031229 0.0263552 0.105664 0.005327 0.0325906 0.010432 0.00406406 0.000112288 0.027096 0.552271 0.0121517 0.0322768 0.0695595 0.000354028 
0.039102 0.0524549 0.0209581 0.0282113 0.0415624 0.0515881 0.000853318 0.0371965 0.0548399 0.0134021 3.59258e-06 0.0194379 0.48898 0.0186197 0.0766947 0.0560798 1.58894e-05 
0.0419027 0.0373302 0.010815 0.0293061 0.0159863 0.147514 0.00760251 0.169077 0.0173653 0.00720873 0.000211651 0.00533577 0.327388 0.0114345 0.0698994 0.101251 0.000372177 
0.0552183 0.0477732 0.000668292 0.00437882 0.00830085 0.0211167 0.00427918 0.0207613 0.00709843 0.0185816 0.0082503 0.00266045 0.466506 0.00825724 0.185483 0.140605 6.13062e-05 
0.00674429 0.0394028 0.010839 0.115421 0.0338203 0.028855 0.0143953 0.0326367 0.00770658 0.0013276 0.00047305 0.0158751 0.307868 0.0985466 0.0971549 0.188814 0.00011992 
0.00802329 0.0718637 0.0476939 0.0182165 0.0298913 0.0322041 0.00567406 0.0499635 0.026315 0.020482 3.5089e-05 0.131017 0.261647 0.00738584 0.13937 0.150131 8.68328e-05 
0.0303918 0.0407405 0.00355747 0.0172237 0.0537363 0.0286754 0.00120468 0.0636371 0.0370756 0.00351507 0.000373442 0.0414526 0.477929 0.025004 0.092164 0.0831571 0.000162754 
0.0199086 0.0484202 0.00535228 0.0183792 0.0111922 0.0300728 0.00255793 0.022253 0.037158 0.00791686 0.000116217 0.0735974 0.550233 0.0154728 0.0949633 0.0623721 3.38175e-05 
0.0146721 0.0591921 0.00207604 0.0266785 0.00341695 0.0245163 0.000615116 0.0213116 0.0224076 0.00404728 7.3521e-05 0.00276519 0.694531 0.0155883 0.051371 0.056715 2.28675e-05 
0.0184607 0.0302272 0.00730136 0.0580005 0.0239423 0.0849521 0.00418376 0.0170922 0.0226092 0.00214492 4.82399e-05 0.00867389 0.575602 0.0214902 0.0333771 0.0918338 6.04989e-05 
0.0568479 0.0242395 0.0171405 0.0403596 0.113444 0.0460119 0.00362289 0.0842476 0.0136821 0.000557445 0.000468956 0.0602786 0.1757 0.0296409 0.1596 0.173234 0.00092418 
0.048755 0.0440233 0.0170178 0.0401856 0.115738 0.0443656 0.0147744 0.0455492 0.00364218 0.0026263 3.9374e-06 0.0118298 0.221515 0.0224397 0.213449 0.149561 0.00452358 
0.0142084 0.0426577 0.0118187 0.0830835 0.0361035 0.074503 0.0132827 0.0357905 0.0390572 0.0026639 0.00101595 0.0683375 0.221623 0.0784846 0.145102 0.131891 0.000376952 
0.0220668 0.0287127 0.00291627 0.0140171 0.0157667 0.0577563 0.00292711 0.0134265 0.0168974 0.00462835 2.08378e-05 0.00814713 0.480182 0.0095283 0.19618 0.126643 0.000183194 
0.0400441 0.0708582 0.0114912 0.0233043 0.0256464 0.22061 0.00643083 0.0237017 0.0574603 0.0114327 0.000100522 0.0129882 0.239078 0.0324371 0.129414 0.0949202 8.25516e-05 
0.0171812 0.0228951 0.00591133 0.0333256 0.0259269 0.141122 0.00354863 0.0222263 0.0086608 0.00290565 0.000101548 0.0178648 0.609302 0.0117281 0.0247112 0.0521453 0.000443577 
0.0271846 0.0447929 0.00402699 0.016548 0.187542 0.0311081 0.00531296 0.0357405 0.00638886 0.00834375 7.72036e-05 0.0618392 0.216454 0.011722 0.205667 0.137134 0.00011705 
0.00353986 0.0139726 0.00809763 0.0605821 0.0198823 0.291737 0.00165617 0.0615298 0.00314331 0.000505709 2.7294e-07 0.0100968 0.490493 0.00556999 0.00425503 0.0239872 0.00095067 
0.0117791 0.0139953 0.00629903 0.02087 0.0164164 0.207826 0.0017431 0.0118878 0.0119906 0.000910148 0.000156006 0.0105207 0.637571 0.00447931 0.0132778 0.0293031 0.000973784 
0.0272301 0.0635555 0.00236151 0.0573232 0.0428013 0.269786 0.00169407 0.122617 0.015627 0.00495248 2.19372e-05 0.0125425 0.29426 0.0221521 0.0234285 0.0395194 0.000127235 
0.0179238 0.0396469 0.0185508 0.0673352 0.0918571 0.190756 0.00374343 0.0992695 0.0342297 0.00100234 0.000491632 0.0406909 0.268656 0.0121635 0.051891 0.0616689 0.000122992 
0.0216905 0.0371036 0.00813109 0.0194547 0.0546656 0.0517672 0.00717893 0.0338595 0.0534329 0.0185945 2.34471e-05 0.0219073 0.509214 0.0182142 0.0701479 0.0745396 7.55115e-05 
0.0384919 0.0687167 0.0020764 0.0491518 0.0264085 0.0593793 0.110759 0.0748344 0.01275 0.00342246 0.113082 0.000639063 0.20756 0.0096544 0.151438 0.0682195 0.00341695 
0.016439 0.0248654 0.00236313 0.00894633 0.00316283 0.0130014 0.000376723 0.0119374 0.0364331 0.0135025 3.69673e-05 0.255469 0.496082 0.0187322 0.0726969 0.0259464 8.9448e-06 
0.0273339 0.0239019 0.00979816 0.0192446 0.0155484 0.0213313 0.0263644 0.0118204 0.0101145 0.0173478 0.000449375 0.0114372 0.489501 0.00542629 0.0700932 0.240018 0.000270192 
0.016439 0.0248654 0.00236313 0.00894633 0.00316283 0.0130014 0.000376723 0.0119374 0.0364331 0.0135025 3.69673e-05 0.255469 0.496082 0.0187322 0.0726969 0.0259464 8.9448e-06 
0.0542647 0.0694733 0.0670353 0.0454441 0.0224746 0.0804728 0.00759877 0.0528999 0.0184731 0.00697015 4.66404e-05 0.00721134 0.263212 0.0302534 0.0904037 0.183708 5.76011e-05 
0.0758926 0.0342635 0.0107094 0.0266898 0.0185259 0.16187 0.00481316 0.126829 0.0190918 0.00346637 0.000173396 0.00994741 0.237417 0.0618193 0.0488996 0.159325 0.000266501 
0.0384919 0.0687167 0.0020764 0.0491518 0.0264085 0.0593793 0.110759 0.0748344 0.01275 0.00342246 0.113082 0.000639063 0.20756 0.0096544 0.151438 0.0682195 0.00341695 
0.0132731 0.061588 0.00392692 0.012127 0.073816 0.0526769 0.0106891 0.0365224 0.00497685 0.0338408 0.000103243 0.00349656 0.322823 0.00820658 0.227443 0.133914 0.000575717 
0.0134536 0.0229717 0.00806428 0.0117306 0.0272617 0.145625 0.00764054 0.0183517 0.0051248 0.000901236 2.7011e-05 0.0100525 0.646189 0.012414 0.0216858 0.0475079 0.000999036 
0.0171594 0.0229427 0.0180914 0.0135555 0.00284311 0.00685834 0.00134209 0.0320598 0.0128791 0.00150251 3.91376e-05 0.0286934 0.713348 0.0201552 0.0772932 0.0264985 0.00473891 
0.00787297 0.0649866 0.0386146 0.0541979 0.0184115 0.032677 0.0039002 0.0203628 0.0955354 0.00480412 0.0102077 0.00472504 0.326239 0.034691 0.153314 0.129451 9.51199e-06 
0.0152612 0.0448777 0.008869 0.0544427 0.0613802 0.0506442 0.0161239 0.0836715 0.0231978 0.00830348 2.73976e-05 0.0420767 0.264576 0.0344427 0.118903 0.172469 0.000733152 
0.0275904 0.0448871 0.0154745 0.0310689 0.0297586 0.0951686 0.00519664 0.0430001 0.0328179 0.00907798 0.000548103 0.0113259 0.390991 0.0214497 0.069078 0.172445 0.000121343 
0.00858578 0.0434482 0.0130654 0.0296462 0.0559772 0.108169 0.00217053 0.0602526 0.00600498 0.00119915 6.74418e-06 0.0104689 0.620954 0.00766005 0.0103475 0.0188084 0.0032351 
0.0209809 0.112204 0.00472616 0.0664865 0.0952341 0.255167 0.000965283 0.0259772 0.0198471 0.00256446 0.0006149 0.00481902 0.267762 0.0372269 0.0205174 0.0648162 9.15636e-05 
0.0216905 0.0371036 0.00813109 0.0194547 0.0546656 0.0517672 0.00717893 0.0338595 0.0534329 0.0185945 2.34471e-05 0.0219073 0.509214 0.0182142 0.0701479 0.0745396 7.55115e-05 
0.0146721 0.0591921 0.00207604 0.0266785 0.00341695 0.0245163 0.000615116 0.0213116 0.0224076 0.00404728 7.3521e-05 0.00276519 0.694531 0.0155883 0.051371 0.056715 2.28675e-05 
0.0158229 0.0384344 0.0153834 0.0571947 0.0158663 0.0483529 0.00360159 0.0184445 0.0259924 0.00583787 6.241e-05 0.0215841 0.419742 0.00344848 0.274128 0.0360234 8.11818e-05 
0.0138937 0.0197878 0.00618986 0.0289978 0.0110602 0.140826 0.001206 0.0241886 0.0214199 0.00107968 6.25396e-05 0.0111867 0.66611 0.0161253 0.0116632 0.0257234 0.000478763 
0.0134334 0.0128966 0.00658717 0.161155 0.0867296 0.0361496 0.0114076 0.219757 0.00771715 0.00163006 5.34815e-06 0.0750727 0.263844 0.00326673 0.019308 0.0808325 0.000207368 
0.0174177 0.0518345 0.0426026 0.0578731 0.0297316 0.0217825 0.00394595 0.0435054 0.0368386 0.00221572 0.000155234 0.00168021 0.430727 0.0196032 0.201407 0.038665 1.54828e-05 
0.00399427 0.0143911 0.0196584 0.0225817 0.0398085 0.069873 0.00231997 0.0179204 0.0105106 0.00031762 0.000137933 0.0151636 0.737158 0.00449846 0.0264407 0.0136201 0.00160581 
0.0116644 0.0212838 0.0598737 0.0482597 0.0332121 0.0278136 0.0118465 0.0199992 0.0159194 0.0041575 0.00024575 0.0124301 0.370546 0.00611249 0.27025 0.0855681 0.000817147 
0.018319 0.00853774 0.0055614 0.0568544 0.0598944 0.0586589 0.00379633 0.0343744 0.0301445 0.00597285 0.00084162 0.0258299 0.495695 0.0106026 0.0537033 0.131139 7.45063e-05 
0.00405245 0.0115488 0.0212444 0.0317281 0.038706 0.0828218 0.00121508 0.0180003 0.00668724 0.000111735 8.36368e-06 0.00829198 0.750754 0.00540446 0.0085325 0.00967038 0.0012223 
0.00674429 0.0394028 0.010839 0.115421 0.0338203 0.028855 0.0143953 0.0326367 0.00770658 0.0013276 0.00047305 0.0158751 0.307868 0.0985466 0.0971549 0.188814 0.00011992 
0.0117791 0.0139953 0.00629903 0.02087 0.0164164 0.207826 0.0017431 0.0118878 0.0119906 0.000910148 0.000156006 0.0105207 0.637571 0.00447931 0.0132778 0.0293031 0.000973784 
0.00417211 0.0157711 0.0109608 0.0228154 0.064021 0.0211842 0.0169454 0.016813 0.00671937 0.0227266 5.4073e-06 0.00816993 0.580679 0.0254299 0.0458335 0.137753 4.41172e-08 
0.0285667 0.0251878 0.0204701 0.0294901 0.0666322 0.0382788 0.0235766 0.0613868 0.0128417 0.000569382 3.41485e-05 0.017982 0.382668 0.0240218 0.145206 0.122415 0.000672932 
0.033373 0.0605538 0.011365 0.0146767 0.0276466 0.0542766 0.00656095 0.0270793 0.0565153 0.00876746 2.18713e-05 0.0212343 0.375129 0.0111212 0.189079 0.102572 2.76151e-05 
0.0152612 0.0448777 0.008869 0.0544427 0.0613802 0.0506442 0.0161239 0.0836715 0.0231978 0.00830348 2.73976e-05 0.0420767 0.264576 0.0344427 0.118903 0.172469 0.000733152 
0.0307656 0.0398344 0.00355813 0.0559515 0.031096 0.168357 0.00146917 0.0742093 0.0160199 0.00471205 0.00179823 0.0229353 0.341599 0.0546706 0.0598897 0.0930728 6.18627e-05 
0.00489351 0.017613 0.0179734 0.0276312 0.0892341 0.212241 0.00285464 0.019323 0.0128692 0.00039506 0.00018071 0.0143351 0.545003 0.00551509 0.00932415 0.0185861 0.00202787 
0.0130359 0.0284158 0.0105674 0.0280975 0.0231409 0.114171 0.00452025 0.0375711 0.0087053 0.00158515 1.39832e-06 0.0153477 0.595451 0.00929868 0.029455 0.0806156 2.03528e-05 
0.0429451 0.0977069 0.020593 0.0438971 0.0332917 0.172801 0.002659 0.0374332 0.0725544 0.0062569 0.000116423 0.00897759 0.20115 0.0165703 0.179084 0.0633425 0.000621728 
0.0180577 0.138192 0.013525 0.0127213 0.00726667 0.155763 0.00121064 0.00840893 0.281988 0.00800481 0.000171301 0.00569874 0.285375 0.00272525 0.0283781 0.0318783 0.000634351 
0.0117019 0.0164772 0.0105028 0.0170779 0.0788451 0.00849089 0.00485729 0.0699314 0.00830425 0.000945285 0.000157056 0.0425587 0.596972 0.0105822 0.0443212 0.0754708 0.00280374 
0.0878339 0.025987 0.130154 0.0329144 0.0151341 0.206537 0.00243859 0.0256338 0.0209242 0.0238574 8.24125e-05 0.00328011 0.253966 0.035333 0.0506381 0.0846334 0.000652346 
0.018458 0.0339662 0.00490965 0.0149589 0.0181159 0.0242345 0.0193812 0.0249993 0.0118424 0.00226111 0.000175076 0.14258 0.293754 0.112071 0.164743 0.0811554 0.0323945 
0.0252067 0.028397 0.00690401 0.0421862 0.0371952 0.181036 0.00844512 0.0794593 0.00809263 0.00742741 0.000100113 0.0785982 0.255573 0.031503 0.067298 0.14226 0.000318252 
0.0127611 0.0464177 0.00573612 0.0608706 0.0351189 0.106233 0.000626066 0.0870454 0.0473493 0.00747589 2.87257e-05 0.000763266 0.404317 0.00757639 0.0457385 0.13192 2.20821e-05 
0.0171594 0.0229427 0.0180914 0.0135555 0.00284311 0.00685834 0.00134209 0.0320598 0.0128791 0.00150251 3.91376e-05 0.0286934 0.713348 0.0201552 0.0772932 0.0264985 0.00473891 
0.0171703 0.00543505 0.0101227 0.160834 0.161638 0.145549 0.00309166 0.0955941 0.00168166 0.000695702 8.26425e-06 0.0443691 0.212605 0.0276303 0.0380769 0.0754229 7.46585e-05 
0.0216905 0.0371036 0.00813109 0.0194547 0.0546656 0.0517672 0.00717893 0.0338595 0.0534329 0.0185945 2.34471e-05 0.0219073 0.509214 0.0182142 0.0701479 0.0745396 7.55115e-05 
0.0109704 0.0092938 0.00555983 0.0221125 0.0198073 0.232311 0.00073044 0.0100832 0.00706307 0.000506323 1.38086e-05 0.00588375 0.634161 0.00399244 0.0130003 0.024072 0.000438737 
0.0552183 0.0477732 0.000668292 0.00437882 0.00830085 0.0211167 0.00427918 0.0207613 0.00709843 0.0185816 0.0082503 0.00266045 0.466506 0.00825724 0.185483 0.140605 6.13062e-05 
0.0117791 0.0139953 0.00629903 0.02087 0.0164164 0.207826 0.0017431 0.0118878 0.0119906 0.000910148 0.000156006 0.0105207 0.637571 0.00447931 0.0132778 0.0293031 0.000973784 
0.0158439 0.00939992 0.025498 0.0125148 0.0102684 0.116653 0.00124037 0.0103087 0.003371 0.000204587 4.78702e-07 0.00528806 0.708925 0.010048 0.0585094 0.0119021 2.44316e-05 
0.0793977 0.0436892 0.0069054 0.0284806 0.0207424 0.042229 0.0177847 0.14486 0.0678399 0.00580432 7.07935e-06 0.013928 0.304058 0.0577448 0.0909809 0.0752715 0.000275985 
0.0542977 0.0513401 0.0121441 0.0301802 0.0168771 0.142307 0.00295596 0.0376458 0.0153705 0.00429544 0.00020619 0.00523401 0.285692 0.0687449 0.12332 0.148742 0.000646864 
0.033373 0.0605538 0.011365 0.0146767 0.0276466 0.0542766 0.00656095 0.0270793 0.0565153 0.00876746 2.18713e-05 0.0212343 0.375129 0.0111212 0.189079 0.102572 2.76151e-05 
0.0108977 0.0309974 0.0047114 0.0232923 0.0319382 0.116016 0.00200312 0.0389293 0.0162981 0.00430802 8.16268e-05 0.0342051 0.478095 0.0202632 0.0715565 0.116181 0.000226593 
0.0173371 0.0045714 0.00414545 0.0546739 0.0664197 0.0547648 0.00196995 0.0297697 0.0216168 0.00475119 0.000310521 0.0172706 0.535584 0.00969609 0.0545931 0.122525 3.14105e-08 
0.0199712 0.0313834 0.00873885 0.0467092 0.0310548 0.168015 0.00314541 0.0459516 0.0102047 0.00340481 6.61295e-06 0.0169885 0.522136 0.0161377 0.0159764 0.0597956 0.000379983 
0.0297648 0.0197235 0.00920305 0.045813 0.0775473 0.0415957 0.0117229 0.0218428 0.0134388 0.00422315 3.98338e-06 0.0552962 0.394404 0.014907 0.0453634 0.214642 0.000508586 
0.00920169 0.0247301 0.00317501 0.0340734 0.062991 0.0689381 0.00223392 0.0992729 0.00348819 0.00278423 4.75776e-05 0.0547648 0.362375 0.0137225 0.136848 0.121229 0.000124105 
0.00386808 0.0191701 0.0164292 0.0237773 0.0795193 0.0468301 0.0204193 0.0200413 0.0135828 0.00185145 6.80141e-05 0.0871554 0.601531 0.0048128 0.00867375 0.0446728 0.00759746 
0.0173371 0.0045714 0.00414545 0.0546739 0.0664197 0.0547648 0.00196995 0.0297697 0.0216168 0.00475119 0.000310521 0.0172706 0.535584 0.00969609 0.0545931 0.122525 3.14105e-08 
0.0143076 0.0383315 0.0341805 0.0347673 0.0198923 0.149422 0.00412771 0.0332882 0.0133595 0.0403733 0.000109592 0.0095148 0.504594 0.0145659 0.0262175 0.0625201 0.000428346 
0.0146721 0.0591921 0.00207604 0.0266785 0.00341695 0.0245163 0.000615116 0.0213116 0.0224076 0.00404728 7.3521e-05 0.00276519 0.694531 0.0155883 0.051371 0.056715 2.28675e-05 
0.171111 0.061961 0.0292942 0.0170113 0.0321419 0.0746305 0.00052508 0.131183 0.00583613 0.00853972 2.78643e-05 0.00042386 0.176812 0.0185407 0.110665 0.140198 0.0210993 
0.0310305 0.0320855 0.00520164 0.0457754 0.0190931 0.23791 0.00651403 0.0335118 0.00838331 0.00414505 2.92708e-05 0.00721908 0.421404 0.00606046 0.0868644 0.0521206 0.00265177 
0.0172925 0.0343834 0.00384659 0.0441021 0.0334977 0.172761 0.00124661 0.0292702 0.0081207 0.00426625 0.000345617 0.00975796 0.543785 0.0179461 0.0322829 0.0464943 0.000600967 
0.0803336 0.0280312 0.0302011 0.0377224 0.0843949 0.0962555 0.0105586 0.0511706 0.0197569 0.000543526 0.000134518 0.055328 0.269006 0.0434781 0.106263 0.0867978 2.45252e-05 
0.016439 0.0248654 0.00236313 0.00894633 0.00316283 0.0130014 0.000376723 0.0119374 0.0364331 0.0135025 3.69673e-05 0.255469 0.496082 0.0187322 0.0726969 0.0259464 8.9448e-06 
0.015307 0.0449477 0.0922347 0.0474099 0.0586321 0.124172 0.00360581 0.122696 0.0530047 0.00230932 5.67497e-06 0.0290366 0.208627 0.00957964 0.0946286 0.093141 0.000662162 
0.021543 0.0411248 0.0104796 0.0733424 0.0729731 0.148875 0.0072332 0.0561648 0.0238589 0.0123701 0.000167185 0.0220658 0.158739 0.0790104 0.144021 0.127493 0.000539105 
0.0501633 0.105052 0.00620231 0.030637 0.0492234 0.0571351 0.0106673 0.140869 0.0122561 0.00775639 0.000550173 0.0426943 0.17582 0.0208496 0.125312 0.164707 0.000105074 
0.0116644 0.0212838 0.0598737 0.0482597 0.0332121 0.0278136 0.0118465 0.0199992 0.0159194 0.0041575 0.00024575 0.0124301 0.370546 0.00611249 0.27025 0.0855681 0.000817147 
0.0116644 0.0212838 0.0598737 0.0482597 0.0332121 0.0278136 0.0118465 0.0199992 0.0159194 0.0041575 0.00024575 0.0124301 0.370546 0.00611249 0.27025 0.0855681 0.000817147 
0.0338726 0.0460571 0.0138918 0.0243876 0.103467 0.118455 0.0067692 0.0762763 0.0094925 0.00189754 0.000109123 0.0419188 0.239551 0.0867748 0.0308611 0.166113 0.000105423 
0.0147323 0.0379965 0.0191911 0.0282768 0.0133747 0.0752905 0.00322351 0.0149194 0.046465 0.00221349 0.00164182 0.00669583 0.520529 0.0254818 0.12359 0.0662929 8.53723e-05 
0.0485527 0.0420246 0.00637059 0.0248085 0.0217235 0.146473 0.00511366 0.0718682 0.0209099 0.0050766 0.000124249 0.0251426 0.288105 0.0156078 0.059136 0.217839 0.00112395 
0.0171594 0.0229427 0.0180914 0.0135555 0.00284311 0.00685834 0.00134209 0.0320598 0.0128791 0.00150251 3.91376e-05 0.0286934 0.713348 0.0201552 0.0772932 0.0264985 0.00473891 
0.0352328 0.0702056 0.00645451 0.0417139 0.0869832 0.0794879 0.0119037 0.0983168 0.0264883 0.00674728 0.000128029 0.0316225 0.236133 0.0123336 0.0874376 0.168722 8.90404e-05 
0.0198655 0.0229774 0.012728 0.0425599 0.0121315 0.189684 0.00165138 0.024685 0.00901373 0.00365958 7.29376e-05 0.00251677 0.192059 0.174467 0.110056 0.181834 3.80042e-05 
0.0602666 0.02947 0.00965399 0.0773156 0.0610036 0.0121924 0.00478789 0.0211411 0.00543091 0.0277493 9.18984e-06 0.00990886 0.469648 0.0196292 0.0210482 0.170726 1.99964e-05 
0.0138937 0.0197878 0.00618986 0.0289978 0.0110602 0.140826 0.001206 0.0241886 0.0214199 0.00107968 6.25396e-05 0.0111867 0.66611 0.0161253 0.0116632 0.0257234 0.000478763 
0.0181173 0.00778312 0.0174154 0.0683643 0.0986014 0.0337575 0.00548102 0.0323033 0.00483344 0.000684192 2.60075e-05 0.0996044 0.495937 0.00911962 0.0322956 0.0756253 5.07637e-05 
0.00674429 0.0394028 0.010839 0.115421 0.0338203 0.028855 0.0143953 0.0326367 0.00770658 0.0013276 0.00047305 0.0158751 0.307868 0.0985466 0.0971549 0.188814 0.00011992 
0.0127634 0.0212107 0.116174 0.0532549 0.0358992 0.0364382 0.00879602 0.0247096 0.0128404 0.00344948 4.47641e-05 0.00870694 0.376736 0.0114479 0.204335 0.0722207 0.000972783 
0.0220578 0.0659797 0.00296978 0.0302676 0.0260717 0.0215502 0.0103073 0.0200087 0.0100403 0.00125163 0.000308911 0.0809047 0.286769 0.0834143 0.224736 0.0965031 0.016859 
0.0251488 0.0224919 0.0513995 0.0418065 0.024281 0.0917108 0.00781887 0.0217021 0.019102 0.00560079 0.000487391 0.00734678 0.320702 0.0861527 0.19362 0.0797356 0.000893483 
0.016439 0.0248654 0.00236313 0.00894633 0.00316283 0.0130014 0.000376723 0.0119374 0.0364331 0.0135025 3.69673e-05 0.255469 0.496082 0.0187322 0.0726969 0.0259464 8.9448e-06 
0.00674429 0.0394028 0.010839 0.115421 0.0338203 0.028855 0.0143953 0.0326367 0.00770658 0.0013276 0.00047305 0.0158751 0.307868 0.0985466 0.0971549 0.188814 0.00011992 
0.0247844 0.0298955 0.00554807 0.0443659 0.0231586 0.259699 0.00141147 0.0256857 0.0109675 0.00198586 0.000140559 0.00425941 0.46532 0.0210033 0.0136894 0.0671094 0.000975463 
0.165024 0.0307568 0.0121107 0.0175679 0.00816983 0.0588816 0.00164752 0.113768 0.0140275 0.00347801 1.4681e-05 0.00386879 0.337944 0.0613885 0.0841434 0.076206 0.0110027 
0.0146721 0.0591921 0.00207604 0.0266785 0.00341695 0.0245163 0.000615116 0.0213116 0.0224076 0.00404728 7.3521e-05 0.00276519 0.694531 0.0155883 0.051371 0.056715 2.28675e-05 
0.0471158 0.0235639 0.0131333 0.0204155 0.0496056 0.087216 0.00552464 0.0698715 0.00225815 0.0036495 1.16029e-05 0.00275192 0.419631 0.00995683 0.122928 0.122278 9.00681e-05 
0.00386808 0.0191701 0.0164292 0.0237773 0.0795193 0.0468301 0.0204193 0.0200413 0.0135828 0.00185145 6.80141e-05 0.0871554 0.601531 0.0048128 0.00867375 0.0446728 0.00759746 
0.0224461 0.0154405 0.00684121 0.0311855 0.0181487 0.127992 0.00248477 0.0273248 0.0167938 0.000743561 2.80737e-05 0.0281676 0.651267 0.00281737 0.0119078 0.0362371 0.000173579 
0.0116644 0.0212838 0.0598737 0.0482597 0.0332121 0.0278136 0.0118465 0.0199992 0.0159194 0.0041575 0.00024575 0.0124301 0.370546 0.00611249 0.27025 0.0855681 0.000817147 
0.0120364 0.0198412 0.0263187 0.0203285 0.00858951 0.0195033 0.00765244 0.0920438 0.00805567 0.0015816 7.70288e-05 0.0276471 0.415815 0.0195032 0.238792 0.0754564 0.00675893 
0.0221328 0.0305064 0.0055021 0.048936 0.0269747 0.0811301 0.0108134 0.225693 0.0162517 0.00370726 3.0668e-05 0.0870777 0.309826 0.0226456 0.0471638 0.0585845 0.00302469 
0.0308386 0.0667805 0.03368 0.0553727 0.0266353 0.0463245 0.0213225 0.169784 0.119034 0.00659873 0.000583942 0.00366743 0.174644 0.00566297 0.130989 0.107651 0.000430548 
0.00541487 0.0801191 0.00553811 0.0701189 0.02064 0.0742307 0.00459037 0.0787458 0.00956931 0.00303958 0.000866998 0.00010577 0.43976 0.0107355 0.16799 0.0285258 8.65657e-06 
0.0146721 0.0591921 0.00207604 0.0266785 0.00341695 0.0245163 0.000615116 0.0213116 0.0224076 0.00404728 7.3521e-05 0.00276519 0.694531 0.0155883 0.051371 0.056715 2.28675e-05 
0.0212738 0.0318397 0.00711513 0.0310305 0.028536 0.131516 0.00508002 0.0282176 0.00962915 0.00283261 6.46096e-05 0.0136687 0.582989 0.0163544 0.0265445 0.0628714 0.000437669 
0.0408108 0.0799474 0.00969982 0.0204707 0.0208685 0.0400007 0.0589679 0.101437 0.009001 0.0173689 0.000157057 0.00650536 0.332673 0.0228622 0.13566 0.10023 0.00333975 
0.0216905 0.0371036 0.00813109 0.0194547 0.0546656 0.0517672 0.00717893 0.0338595 0.0534329 0.0185945 2.34471e-05 0.0219073 0.509214 0.0182142 0.0701479 0.0745396 7.55115e-05 
0.00972672 0.118893 0.00293503 0.0163519 0.0939613 0.0471832 0.0191189 0.0498527 0.0349069 0.0232826 7.03896e-05 0.0350548 0.333262 0.0124734 0.0935234 0.109158 0.000245173 
0.018319 0.00853774 0.0055614 0.0568544 0.0598944 0.0586589 0.00379633 0.0343744 0.0301445 0.00597285 0.00084162 0.0258299 0.495695 0.0106026 0.0537033 0.131139 7.45063e-05 
0.0187376 0.199894 0.0106749 0.0426128 0.0199945 0.0830183 0.0012496 0.053839 0.0255301 0.0130202 0.00150701 0.0287067 0.274826 0.0228575 0.0991177 0.104402 1.22936e-05 
0.0325045 0.12598 0.00829654 0.0487559 0.124892 0.0708416 0.00569318 0.0751859 0.0174836 0.00724011 9.08731e-05 0.0131454 0.233487 0.0276843 0.041811 0.166604 0.000303802 
0.0244046 0.0216428 0.00856947 0.0264861 0.0194602 0.140525 0.00339557 0.0297479 0.0124405 0.000892584 0.000229334 0.0110691 0.600684 0.0092017 0.0354332 0.0553659 0.000451846 
0.0555971 0.0413972 0.00725033 0.0237 0.017986 0.101644 0.00479397 0.0298919 0.015717 0.00387938 0.000227198 0.00765187 0.37302 0.0279023 0.0732746 0.215537 0.00053033 
0.0593216 0.0251848 0.00444449 0.0201681 0.0189611 0.068786 0.0156261 0.0373592 0.0112109 0.00100412 0.000220318 0.0187094 0.425891 0.0370949 0.101426 0.154522 7.02326e-05 
0.0252036 0.0496983 0.00974976 0.0229853 0.0537667 0.0317681 0.0078934 0.0463476 0.0285243 0.02159 3.82982e-05 0.0155818 0.403955 0.0123687 0.164673 0.105482 0.000374173 
0.0171594 0.0229427 0.0180914 0.0135555 0.00284311 0.00685834 0.00134209 0.0320598 0.0128791 0.00150251 3.91376e-05 0.0286934 0.713348 0.0201552 0.0772932 0.0264985 0.00473891 
0.0227312 0.0304335 0.00844449 0.0276936 0.0385973 0.0633104 0.0025007 0.029732 0.0125515 0.00240118 5.35147e-05 0.0562373 0.489896 0.0200109 0.0643934 0.131007 5.9117e-06 
0.0116644 0.0212838 0.0598737 0.0482597 0.0332121 0.0278136 0.0118465 0.0199992 0.0159194 0.0041575 0.00024575 0.0124301 0.370546 0.00611249 0.27025 0.0855681 0.000817147 
0.0528508 0.0327735 0.01017 0.029486 0.065984 0.0312085 0.00279372 0.0341528 0.00582678 0.00181834 0.000181611 0.026748 0.557552 0.0365106 0.045562 0.0663115 6.97145e-05 
0.0188957 0.0250022 0.00596586 0.0388313 0.0282657 0.11741 0.00371221 0.0276588 0.00785829 0.0040527 5.56764e-05 0.0181414 0.603282 0.0143978 0.0283592 0.0576574 0.000454446 
0.0147121 0.00890131 0.00546662 0.0159232 0.0267713 0.0206262 0.239731 0.0206155 0.0308943 0.00637492 7.22358e-05 0.0248129 0.295857 0.00980754 0.163747 0.115676 1.07446e-05 
0.0188957 0.0250022 0.00596586 0.0388313 0.0282657 0.11741 0.00371221 0.0276588 0.00785829 0.0040527 5.56764e-05 0.0181414 0.603282 0.0143978 0.0283592 0.0576574 0.000454446 
0.0234718 0.0127371 0.0109132 0.22729 0.0202415 0.183281 0.000828841 0.0684543 0.00180695 0.000422221 0.000168198 0.00734604 0.318911 0.0314957 0.0280501 0.0632021 0.00137931 
0.0069623 0.0118536 0.00748942 0.0292686 0.0477318 0.0291184 0.00581542 0.0082031 0.00430471 0.0186185 1.03171e-06 0.0323597 0.662921 0.0285974 0.0102754 0.0964793 2.26084e-08 
0.0156804 0.0868457 0.00622076 0.0211457 0.0194518 0.088575 0.00607427 0.051046 0.00959597 0.0496874 4.22948e-05 0.147941 0.280336 0.0107978 0.137662 0.068755 0.000143558 
0.0206631 0.0268421 0.00583154 0.0395062 0.0263808 0.178117 0.00258208 0.0256845 0.00993741 0.00312746 0.00014816 0.0115152 0.550935 0.0156203 0.0211198 0.0613114 0.000678242 
0.0332944 0.0172523 0.00504407 0.013326 0.0158566 0.196195 0.00388003 0.0621941 0.027425 0.000155024 6.42763e-07 0.00675873 0.547757 0.00229712 0.0279664 0.0402276 0.00037047 
0.0384635 0.0490106 0.00831341 0.0652313 0.0551546 0.134506 0.00280902 0.0838903 0.0237451 0.00298366 0.0002022 0.0256339 0.212199 0.0955711 0.0926127 0.109206 0.000467236 
0.0216905 0.0371036 0.00813109 0.0194547 0.0546656 0.0517672 0.00717893 0.0338595 0.0534329 0.0185945 2.34471e-05 0.0219073 0.509214 0.0182142 0.0701479 0.0745396 7.55115e-05 
0.0239642 0.0118358 0.00570676 0.0239381 0.0138729 0.130311 0.00131924 0.024622 0.0174797 0.00157481 9.74047e-05 0.0257645 0.64697 0.00654246 0.0212092 0.0447006 9.06981e-05 
0.0122606 0.0473503 0.00341126 0.0857494 0.0283322 0.217735 0.00306525 0.0538557 0.00831738 0.00125093 2.19825e-05 0.0182866 0.355721 0.0279549 0.056595 0.0762962 0.00379622 
0.0171594 0.0229427 0.0180914 0.0135555 0.00284311 0.00685834 0.00134209 0.0320598 0.0128791 0.00150251 3.91376e-05 0.0286934 0.713348 0.0201552 0.0772932 0.0264985 0.00473891 
0.0247844 0.0298955 0.00554807 0.0443659 0.0231586 0.259699 0.00141147 0.0256857 0.0109675 0.00198586 0.000140559 0.00425941 0.46532 0.0210033 0.0136894 0.0671094 0.000975463 
0.0202662 0.0349946 0.00998816 0.0160803 0.0279257 0.141319 0.00660197 0.0286999 0.0122965 0.00106189 2.46852e-05 0.00643461 0.597346 0.0187371 0.0179283 0.0595221 0.000773446 
0.0271846 0.0447929 0.00402699 0.016548 0.187542 0.0311081 0.00531296 0.0357405 0.00638886 0.00834375 7.72036e-05 0.0618392 0.216454 0.011722 0.205667 0.137134 0.00011705 
0.0117791 0.0139953 0.00629903 0.02087 0.0164164 0.207826 0.0017431 0.0118878 0.0119906 0.000910148 0.000156006 0.0105207 0.637571 0.00447931 0.0132778 0.0293031 0.000973784 
0.0179517 0.0646008 0.0555391 0.0505889 0.0162469 0.120774 0.00440028 0.0452529 0.0145393 0.0817922 0.000113161 0.00607011 0.391351 0.0204582 0.0328434 0.0774008 7.78443e-05 
0.0152132 0.0227315 0.006001 0.0186987 0.0374053 0.0816458 0.00258171 0.0218494 0.0130043 0.00225064 0.000371609 0.0186624 0.685572 0.0294693 0.0095638 0.0348716 0.000107916 
0.0107442 0.0291451 0.011815 0.0131455 0.00774423 0.0259891 0.00585453 0.0676951 0.0171163 0.00195622 0.000152999 0.0200693 0.403467 0.0198212 0.115109 0.247396 0.00278034 
0.0288136 0.0491754 0.00580911 0.0391426 0.0401674 0.0670339 0.00417107 0.0316507 0.00978505 0.00403506 0.000185005 0.26433 0.316292 0.0202591 0.0509435 0.0677231 0.000484247 
0.00674429 0.0394028 0.010839 0.115421 0.0338203 0.028855 0.0143953 0.0326367 0.00770658 0.0013276 0.00047305 0.0158751 0.307868 0.0985466 0.0971549 0.188814 0.00011992 
0.0152612 0.0448777 0.008869 0.0544427 0.0613802 0.0506442 0.0161239 0.0836715 0.0231978 0.00830348 2.73976e-05 0.0420767 0.264576 0.0344427 0.118903 0.172469 0.000733152 
0.0304222 0.0259561 0.0144867 0.0127513 0.0192168 0.238652 0.00811518 0.0130954 0.0134955 0.00862676 0.000383391 0.00756699 0.253438 0.0174876 0.107056 0.228981 0.000268263 
0.0318781 0.160977 0.00645298 0.0448086 0.0565171 0.0726818 0.000466357 0.0760872 0.0079757 0.0135549 0.000219538 0.0181616 0.204412 0.0803136 0.0782597 0.147201 3.37607e-05 
0.0152612 0.0448777 0.008869 0.0544427 0.0613802 0.0506442 0.0161239 0.0836715 0.0231978 0.00830348 2.73976e-05 0.0420767 0.264576 0.0344427 0.118903 0.172469 0.000733152 
0.0391523 0.0952425 0.0451026 0.050143 0.0310566 0.189114 0.00219663 0.0830615 0.0161059 0.00225075 2.89152e-05 0.0146082 0.281162 0.0112973 0.066996 0.0723346 0.000146769 
0.0222912 0.0289248 0.00759225 0.0305739 0.0241332 0.129294 0.00395056 0.0270951 0.0112772 0.00214575 0.000159582 0.202386 0.353362 0.06456 0.0274452 0.0643702 0.000440258 
0.0117791 0.0139953 0.00629903 0.02087 0.0164164 0.207826 0.0017431 0.0118878 0.0119906 0.000910148 0.000156006 0.0105207 0.637571 0.00447931 0.0132778 0.0293031 0.000973784 
0.109082 0.00415308 0.0107714 0.0340135 0.0593839 0.106063 0.00572615 0.0456399 0.00634796 0.000546551 3.39902e-05 0.0865351 0.443406 0.000975704 0.0234684 0.0637616 9.32351e-05 
0.0114007 0.00941969 0.295324 0.00217585 0.0338494 0.0405868 0.000144927 0.0156771 0.00259524 0.000483195 7.75249e-05 0.000682037 0.379402 0.00518364 0.0208654 0.182133 2.72933e-08 
0.0494983 0.0279596 0.00587819 0.0395266 0.0247806 0.261084 0.00123928 0.0166005 0.00916947 0.00323857 5.70583e-05 0.00260132 0.318003 0.13037 0.0384088 0.0708533 0.000731594 
0.015062 0.0222882 0.00809523 0.0301999 0.0308873 0.301502 0.00797167 0.0349712 0.0156908 0.0212012 8.36868e-05 0.023299 0.410316 0.00513223 0.0281157 0.0435341 0.00165008 
0.0200546 0.0283715 0.00230234 0.0112331 0.0112541 0.0371391 0.00209062 0.013579 0.0298505 0.00818341 2.97928e-05 0.0996963 0.507308 0.01247 0.135314 0.0810226 0.000101759 
0.0365818 0.0906993 0.0119975 0.0833536 0.03411 0.0901585 0.00386622 0.175397 0.0289811 0.00842295 8.95869e-05 0.00458179 0.281637 0.0132756 0.0621894 0.0740019 0.00065685 
0.00848111 0.027443 0.0120965 0.019198 0.0165084 0.0284279 0.0263644 0.0205934 0.0142685 0.0171435 0.000449375 0.0114371 0.512908 0.00586822 0.0832709 0.195271 0.000270191 
0.0146721 0.0591921 0.00207604 0.0266785 0.00341695 0.0245163 0.000615116 0.0213116 0.0224076 0.00404728 7.3521e-05 0.00276519 0.694531 0.0155883 0.051371 0.056715 2.28675e-05 
0.00386808 0.0191701 0.0164292 0.0237773 0.0795193 0.0468301 0.0204193 0.0200413 0.0135828 0.00185145 6.80141e-05 0.0871554 0.601531 0.0048128 0.00867375 0.0446728 0.00759746 
0.0146721 0.0591921 0.00207604 0.0266785 0.00341695 0.0245163 0.000615116 0.0213116 0.0224076 0.00404728 7.3521e-05 0.00276519 0.694531 0.0155883 0.051371 0.056715 2.28675e-05 
