0.0286524 0.0385697 0.0158449 0.0686006 0.0122511 0.112999 0.00026381 0.0371126 0.0052008 0.00368892 0.00849733 2.82932e-05 0.022524 0.258748 0.151409 0.233655 0.0019545 
0.0104193 0.0241635 0.0126273 0.0694473 0.0171755 0.0705198 0.000750929 0.0612569 0.0113754 0.00394921 0.000135888 0.00258054 0.0161705 0.461755 0.155821 0.0816985 0.000153784 
0.0179992 0.0709087 0.00613319 0.0409109 0.0445476 0.0732603 0.00471912 0.0272019 0.00486934 0.00707409 0.00022042 0.0272612 0.0549107 0.267497 0.251048 0.0990026 0.00243515 
0.0426386 0.0229434 0.0100439 0.0363654 0.00225636 0.291149 0.000540676 0.0280108 0.0379321 0.00411957 0.000530764 0.000342468 0.0726214 0.393228 0.0195104 0.0374658 0.000301366 
0.0496912 0.0159662 0.00922721 0.02129 0.00268363 0.214445 3.86852e-05 0.0150378 0.0263167 0.0292674 0.000158279 8.29099e-05 0.0574966 0.518771 0.0131422 0.0262709 0.000114451 
0.03374 0.0239294 0.00777305 0.0188408 0.00407682 0.329093 0.000903151 0.0266654 0.0197806 0.0217249 9.34648e-05 0.00211842 0.0463955 0.369991 0.0170248 0.0776042 0.000245629 
0.171071 0.0317181 0.00995057 0.0321455 0.0238152 0.0812254 0.00209454 0.0323171 0.0423942 0.00575661 0.000200793 0.0323714 0.124568 0.192235 0.0397734 0.178252 0.000112095 
0.124481 0.0559655 0.00620184 0.0389522 0.0129088 0.0842142 0.000326932 0.0398752 0.0222714 0.0212164 0.00010782 0.000575381 0.0777469 0.305005 0.091254 0.116977 0.00191934 
0.0333616 0.0191417 0.000343902 0.0587601 0.00157766 0.0614281 3.36618e-05 0.0130126 0.0183466 0.000949528 0.000473719 0.000174744 0.00357833 0.747126 0.01703 0.0245134 0.00014793 
0.0481175 0.169004 0.00539187 0.0678859 0.0199429 0.131276 0.00215962 0.0565327 0.00971339 0.00635001 0.000233121 0.00265225 0.0156744 0.192247 0.096647 0.176086 8.66665e-05 
0.0389517 0.0144325 0.00169199 0.0146375 0.000927897 0.123069 0.00294295 0.0489205 0.00490926 0.00066296 2.19248e-05 4.64083e-05 0.0420273 0.531539 0.0851014 0.0900798 3.79679e-05 
0.0858327 0.0296715 0.00324876 0.00458593 0.00083737 0.0406724 2.38822e-05 0.0326848 0.0539016 0.0369811 0.000159536 5.87287e-05 0.117526 0.434582 0.0373751 0.117239 0.00461971 
0.0172338 0.0318129 0.00206523 0.0556109 0.0126474 0.0526881 0.00163172 0.0123805 0.00842496 0.0042143 0.000209714 0.000337406 0.016605 0.400313 0.0633482 0.320432 4.53232e-05 
0.0516586 0.0287707 0.00571672 0.0136429 0.00137144 0.214118 0.00104838 0.175057 0.0126704 0.00271875 0.000503419 0.00017141 0.0452806 0.380227 0.0350077 0.0318409 0.000196254 
0.0471355 0.0211187 0.00594909 0.022485 0.0168168 0.140959 0.00271434 0.0181387 0.0091069 0.00751076 0.000195424 0.0128529 0.0600179 0.309474 0.0459978 0.279456 7.06992e-05 
0.0166255 0.0351317 0.00483197 0.108847 0.00798317 0.0513326 0.00151392 0.218999 0.0477332 0.00374138 0.000230474 0.00394683 0.0323224 0.241872 0.0785593 0.146249 8.00857e-05 
0.0580512 0.0314828 0.00516081 0.0294995 0.00270355 0.208589 0.00027841 0.0400528 0.0152837 0.00182387 0.000197508 0.000362196 0.070454 0.415407 0.0599671 0.0605986 8.79641e-05 
0.0922283 0.131656 0.00829171 0.121263 0.00534659 0.146958 0.00106218 0.0360554 0.00816874 0.0108421 1.96108e-05 1.72974e-05 0.121271 0.154366 0.0500737 0.112351 2.97497e-05 
0.0473029 0.0202564 0.00651065 0.022638 0.00267673 0.176062 3.17374e-05 0.0484768 0.022015 0.000663926 0.000371654 0.000836211 0.0607051 0.482157 0.0521011 0.0569793 0.000215489 
0.0220504 0.121342 0.00606234 0.158083 0.030151 0.14031 0.0028284 0.100353 0.0218922 0.00317471 5.85466e-05 0.000842462 0.0260962 0.196983 0.0477371 0.121942 9.32873e-05 
0.0457921 0.0263291 0.00261735 0.0457124 0.0237645 0.0598846 0.00360022 0.0383744 0.00969107 0.00399204 0.00066517 0.0186479 0.020968 0.267197 0.21326 0.21921 0.000293569 
0.0954391 0.0647377 0.00836372 0.111816 0.00248034 0.0882835 0.00671025 0.0490549 0.0182376 0.00835755 0.000563972 0.000432439 0.0578731 0.205252 0.0927404 0.189446 0.000212199 
0.0679912 0.209151 0.00018736 0.0487589 0.0106344 0.103375 3.12451e-05 0.119197 0.00992806 0.00407741 0.000762746 0.000204512 0.0037715 0.28127 0.0303436 0.0530739 0.0572422 
0.0152114 0.0734102 0.000781398 0.00820573 0.00304409 0.00816767 0.0161803 0.0637803 0.00110153 0.00491906 4.29812e-05 0.000141116 0.04989 0.279887 0.24054 0.234354 0.000342242 
0.0753263 0.103599 0.000752565 0.103916 0.00356237 0.0890998 8.95827e-06 0.0169717 0.00418377 0.000886585 6.81813e-07 8.65318e-06 0.000406073 0.489044 0.0607785 0.0514251 3.1277e-05 
0.0638458 0.0203482 0.00110597 0.0207223 0.00522825 0.0735558 0.000654013 0.106921 0.00968147 0.000956122 0.000110661 4.97659e-06 0.0142271 0.348574 0.049167 0.284792 0.000104809 
0.0104193 0.0241635 0.0126273 0.0694473 0.0171755 0.0705198 0.000750929 0.0612569 0.0113754 0.00394921 0.000135888 0.00258054 0.0161705 0.461755 0.155821 0.0816985 0.000153784 
0.0434816 0.0325562 0.00169402 0.0130892 0.00307531 0.0415938 0.000117906 0.0747908 0.0142257 0.00543122 5.64209e-05 5.9277e-05 0.0272847 0.352498 0.202768 0.186225 0.00105216 
0.0423424 0.016006 0.0095441 0.0323409 0.00193747 0.306725 0.000107767 0.0176937 0.0222992 0.00360466 0.000154225 1.4142e-05 0.07323 0.437797 0.0133814 0.0227052 0.000116633 
0.0460113 0.0705009 0.0108459 0.036957 0.00376518 0.165408 0.00256524 0.0265804 0.00834568 0.00167526 0.000470415 0.000289776 0.111678 0.298329 0.0991131 0.116384 0.00108082 
0.0952034 0.0349246 0.000214309 0.0149489 0.0193164 0.143988 7.79317e-06 0.0437263 0.0123951 0.000814044 1.03368e-06 0.000642933 0.0151119 0.354709 0.199726 0.0642239 4.63144e-05 
0.0334009 0.0302148 0.00116343 0.0196544 0.00382889 0.211828 0.00549431 0.0114595 0.0123184 0.0107402 3.03803e-05 2.98976e-05 0.0591316 0.247069 0.194811 0.158768 5.71853e-05 
0.114122 0.00896833 0.0019543 0.0229509 0.00285424 0.260114 0.000226916 0.0308575 0.00532757 0.00292286 3.96482e-05 2.30126e-05 0.0478424 0.395156 0.0538794 0.0527481 1.23786e-05 
0.0402174 0.0650176 0.000857572 0.0348323 0.0359098 0.137436 0.000677998 0.0530093 0.00166983 0.00470275 3.10734e-05 8.0099e-07 0.00151228 0.433715 0.0729656 0.117432 1.31498e-05 
0.117519 0.197531 0.00193847 0.0157026 0.0666448 0.07159 0.000435798 0.004235 0.0233505 0.032932 1.1237e-06 1.14693e-05 0.0140583 0.211774 0.0899018 0.152339 3.57962e-05 
0.0250306 0.0345254 0.00273254 0.0248651 0.00464903 0.0917316 0.00494482 0.0243466 0.0128542 0.00218952 0.00132531 0.000510648 0.0259162 0.401385 0.251972 0.0907781 0.00024342 
0.0632487 0.0360847 0.0181106 0.0436675 0.0119339 0.0733587 0.000175127 0.104833 0.00649467 0.00255297 0.041709 0.0546603 0.0663985 0.313866 0.0891377 0.070814 0.00295408 
0.0395904 0.0407197 0.00658131 0.0760076 0.0332777 0.110367 0.00381661 0.15734 0.0122269 0.0067598 0.000860227 0.0278081 0.043827 0.235735 0.0494551 0.155345 0.000283014 
0.00753257 0.0670663 0.0014992 0.0747512 0.0176765 0.111273 0.00273686 0.0286218 0.0182295 0.0307149 0.00518817 0.0383274 0.00630714 0.241127 0.220614 0.111591 0.0167429 
0.0630447 0.0288303 0.00714457 0.0231396 0.0076645 0.25675 0.000296664 0.0372821 0.0127596 0.000903635 0.00108874 8.11441e-06 0.103611 0.332926 0.0447121 0.0798022 3.64771e-05 
0.0803257 0.173956 0.000411307 0.0239588 0.00428342 0.111678 0.000209378 0.00775179 0.0304402 0.0333096 2.81501e-05 2.16175e-05 0.00157212 0.30762 0.0949683 0.129262 0.000203899 
0.0266359 0.0326262 0.000379475 0.128239 0.00492733 0.0473771 0.000873722 0.0171806 0.00217211 0.00126791 0.000130755 0.00344332 0.100588 0.334071 0.135427 0.164652 9.49712e-06 
0.0709897 0.0581642 0.00422289 0.118216 0.0509742 0.0913306 0.00599374 0.126629 0.0128523 0.00785746 0.000420514 0.0201236 0.0250214 0.218831 0.0281704 0.159702 0.00050053 
0.0561744 0.090033 0.00376467 0.127866 0.0192511 0.145964 0.00409577 0.042572 0.0182329 0.013134 0.000524698 0.00400736 0.0171132 0.25376 0.0651019 0.137205 0.00120114 
0.0503719 0.0198425 0.00595449 0.0165731 0.00248107 0.185084 5.03811e-05 0.0313872 0.0163036 0.000720596 0.000377576 0.000677797 0.0713849 0.520041 0.0347302 0.0438397 0.000180697 
0.0600342 0.0436477 0.00191955 0.0549855 0.0286425 0.0986648 0.00497037 0.0643962 0.0214961 0.00610527 0.0131403 0.00346475 0.0494654 0.279189 0.0745522 0.19443 0.000896013 
0.0145493 0.0651775 0.00631276 0.210312 0.0164611 0.0925031 6.85422e-05 0.096733 0.00184517 0.000198498 8.46415e-05 0.000327014 0.0186948 0.231313 0.199707 0.0436726 0.00204021 
0.0185061 0.0326148 0.00605368 0.077243 0.0143517 0.306751 0.00189264 0.0226716 0.0229438 0.00446302 0.000449397 0.00067664 0.0354859 0.338831 0.0222646 0.0946376 0.000163705 
0.0821422 0.0429258 0.00516448 0.0263442 0.0099529 0.285888 0.000313651 0.0878245 0.0108742 0.00167 6.6967e-05 0.000277586 0.0377156 0.346122 0.0279836 0.0343124 0.000421948 
0.0632487 0.0360847 0.0181106 0.0436675 0.0119339 0.0733587 0.000175127 0.104833 0.00649467 0.00255297 0.041709 0.0546603 0.0663985 0.313866 0.0891377 0.070814 0.00295408 
0.0221803 0.0347088 0.0139465 0.05272 0.0993955 0.133682 0.0199974 0.0640012 0.0172507 0.00740426 4.1954e-05 0.0118392 0.126775 0.202251 0.0549783 0.138671 0.000156686 
0.0222479 0.0749274 0.00107128 0.106851 0.0163458 0.0567565 0.0143399 0.0609157 0.0112942 0.00423381 0.00817294 0.0027072 0.0177181 0.229447 0.163361 0.209539 7.13728e-05 
0.0195439 0.0293572 0.00611316 0.18342 0.062243 0.0523766 0.00402767 0.0222071 0.00442848 0.00230142 0.000171045 0.0129886 0.143222 0.360977 0.012393 0.0840629 0.000167589 
0.0180104 0.0383234 0.00216832 0.0151104 0.0034354 0.0837647 0.000109274 0.0240486 0.0176366 0.0864585 0.000272297 0.000167005 0.11809 0.31632 0.140287 0.135798 8.84838e-07 
0.0196504 0.0403423 0.0203021 0.022383 0.0113154 0.0727989 0.0179685 0.175195 0.00361537 0.00431756 2.20947e-05 0.000363493 0.0150377 0.298755 0.199249 0.0986662 1.71023e-05 
0.160681 0.0633903 0.00893777 0.0338582 0.0213518 0.0844225 0.00155681 0.0192297 0.02634 0.00742704 5.15538e-05 0.0024499 0.171141 0.190634 0.0695285 0.138974 2.62519e-05 
0.0331654 0.0465297 0.00196082 0.0665645 0.0139388 0.214345 0.00144832 0.021504 0.00926987 0.00247198 7.01351e-05 0.00239247 0.0536464 0.253436 0.117323 0.16192 1.47119e-05 
0.059555 0.0674693 0.0289697 0.0185391 0.00489925 0.106177 0.000696148 0.0640665 0.0138492 0.00175352 0.000638094 0.000134012 0.0474081 0.288821 0.225643 0.0712218 0.000160218 
0.0889491 0.0483848 0.00637057 0.0532553 0.0192614 0.141826 0.00105878 0.0537577 0.0303912 0.00905509 0.000248475 0.00432652 0.09947 0.200085 0.0745588 0.168714 0.000286951 
0.0580512 0.0314828 0.00516081 0.0294995 0.00270355 0.208589 0.00027841 0.0400528 0.0152837 0.00182387 0.000197508 0.000362196 0.070454 0.415407 0.0599671 0.0605986 8.79641e-05 
0.0264835 0.100001 0.0041296 0.0379028 0.00873361 0.0755123 0.00200605 0.0340506 0.0987992 0.00700416 0.000261636 0.00042681 0.0152633 0.296591 0.137668 0.153222 0.00194477 
0.0591328 0.0164223 0.00316832 0.0214199 0.00531177 0.273068 0.00014894 0.0157699 0.00588705 0.0125036 0.000161415 0.000857963 0.0746691 0.378269 0.071177 0.0620086 2.48571e-05 
0.059555 0.0674693 0.0289697 0.0185391 0.00489925 0.106177 0.000696148 0.0640665 0.0138492 0.00175352 0.000638094 0.000134012 0.0474081 0.288821 0.225643 0.0712218 0.000160218 
0.0472362 0.0304762 0.00559301 0.0307352 0.0206853 0.089737 0.00158066 0.0335518 0.0433405 0.00416183 0.00496125 0.000117878 0.191181 0.226581 0.194564 0.0749035 0.000592526 
0.0340894 0.0468974 0.00675059 0.0122232 0.0130896 0.149498 0.0036201 0.0346457 0.00604016 0.00256177 0.000196345 0.00121771 0.0753912 0.346383 0.0476815 0.217577 0.00213703 
0.038382 0.0158119 0.00550919 0.000435857 0.000289548 0.0747856 3.94465e-06 0.00902924 0.0103573 0.00440032 0.000356756 4.89588e-06 4.71816e-05 0.390573 0.360077 0.0899253 1.13981e-05 
0.0562495 0.0556833 0.00386508 0.0179444 0.0127408 0.214718 0.00176726 0.02824 0.00245622 0.00182725 0.000615763 1.07597e-05 0.0563047 0.343485 0.0368011 0.167283 8.87166e-06 
0.0850754 0.0216869 0.0104759 0.0148938 0.00504709 0.216508 0.000807528 0.0242449 0.0162853 0.00348597 0.000533011 0.000649862 0.0437047 0.436424 0.0546989 0.0653201 0.000158312 
0.128584 0.0464936 0.00585336 0.0462441 0.00428656 0.220687 0.000299255 0.028992 0.0218468 0.00415884 0.000183695 0.0019725 0.117135 0.296381 0.0235389 0.0533079 3.55364e-05 
0.0580512 0.0314828 0.00516081 0.0294995 0.00270355 0.208589 0.00027841 0.0400528 0.0152837 0.00182387 0.000197508 0.000362196 0.070454 0.415407 0.0599671 0.0605986 8.79641e-05 
0.0303524 0.0345452 0.0104639 0.0820155 0.0246 0.150081 0.00090724 0.0251301 0.00712678 0.01672 0.00050776 0.000210014 0.0158479 0.395434 0.052691 0.152989 0.000378535 
0.0197337 0.15914 0.00124024 0.0749469 0.00377337 0.0356196 1.82352e-05 0.0239185 0.130287 0.0164124 0.038567 2.99682e-06 0.0184611 0.25773 0.169481 0.0502671 0.000400708 
0.0531827 0.026676 0.00600527 0.114436 0.0375527 0.0837978 0.00118117 0.0403006 0.0109772 0.00247095 0.0061782 0.0221647 0.190513 0.212324 0.116782 0.0754234 3.54381e-05 
0.03374 0.0239294 0.00777305 0.0188408 0.00407682 0.329093 0.000903151 0.0266654 0.0197806 0.0217249 9.34648e-05 0.00211842 0.0463955 0.369991 0.0170248 0.0776042 0.000245629 
0.0173351 0.0748706 0.000271316 0.00726306 0.0274519 0.0794733 0.00221368 0.0109074 0.0899038 0.00499634 0.00140853 0.000107837 0.037861 0.365209 0.046007 0.234708 1.18331e-05 
0.16254 0.0191054 0.00166638 0.0226835 0.00638577 0.227495 0.00108261 0.0204754 0.030726 0.0151669 0.000152357 0.00524514 0.0944959 0.281507 0.0367509 0.0744748 4.65006e-05 
0.0385313 0.0366543 0.00564788 0.0423915 0.00405723 0.17688 0.00024017 0.164126 0.052223 0.00393012 0.000495888 1.1872e-05 0.034254 0.298252 0.0714384 0.0708203 4.63769e-05 
0.0239014 0.0366685 0.000427531 0.0451069 0.0179991 0.0517229 0.000115098 0.0131815 0.00485297 0.0215433 0.000280648 2.77289e-05 0.0214806 0.576503 0.0397444 0.146424 1.98388e-05 
0.174066 0.0275662 0.00391051 0.0235735 0.0130146 0.256253 8.24244e-05 0.0251549 0.0119072 0.00162567 0.000107819 0.000661911 0.0457844 0.344327 0.0225119 0.0493386 0.000113824 
0.059555 0.0674693 0.0289697 0.0185391 0.00489925 0.106177 0.000696148 0.0640665 0.0138492 0.00175352 0.000638094 0.000134012 0.0474081 0.288821 0.225643 0.0712218 0.000160218 
0.0188046 0.0818892 0.0100964 0.0624816 0.0872555 0.086562 0.00596292 0.0399674 0.0131822 0.0128798 3.13134e-05 0.0130873 0.172906 0.235488 0.0386779 0.120477 0.000250709 
0.0350342 0.0493829 0.00250152 0.03952 0.00524402 0.10866 0.000968763 0.0458661 0.0115048 0.0426457 0.0232728 3.92334e-05 0.0571961 0.214845 0.173581 0.189708 2.9175e-05 
0.0613335 0.0426694 0.00289914 0.120514 0.0210846 0.173618 0.000296872 0.0429595 0.0136455 0.0135638 0.00226044 0.00232363 0.0249399 0.235319 0.0583355 0.184081 0.000155386 
0.0740326 0.0667955 0.00451182 0.0348709 0.0086701 0.133061 0.00109177 0.0868617 0.0401413 0.0175205 4.60297e-05 0.000710859 0.0697466 0.177013 0.108684 0.176202 3.94835e-05 
0.00807206 0.0533782 0.00251894 0.0881826 0.0155148 0.114061 0.00277967 0.0278303 0.0200962 0.0214292 0.004901 0.0457365 0.00804099 0.252681 0.183154 0.133365 0.0182578 
0.150801 0.0601759 0.0142308 0.0219685 0.0136005 0.088215 0.00242691 0.0428095 0.0325153 0.0142374 0.000499258 0.0176117 0.0617193 0.191868 0.160978 0.126168 0.000174774 
0.0375398 0.0580087 0.00135823 0.0319214 0.0212199 0.0731146 0.00807293 0.0366582 0.0193762 0.0177716 7.62069e-05 0.000739878 0.0133845 0.285511 0.174413 0.220706 0.000128585 
0.0892539 0.100677 0.00110099 0.144005 0.0385419 0.110743 0.000983916 0.111141 0.0128906 0.00553892 3.16815e-05 4.13718e-05 0.00932848 0.234918 0.0436581 0.088918 0.00822766 
0.0296453 0.0218702 0.00673596 0.0440088 0.0129577 0.0376351 0.00196611 0.0328114 0.00912012 0.00322754 0.0935615 0.00741979 0.013468 0.252468 0.233586 0.198911 0.000606933 
0.0451395 0.0546953 0.00648436 0.0305497 0.0177046 0.203186 0.001992 0.0281148 0.00848689 0.0207233 0.00021438 0.0038178 0.105749 0.20855 0.0858556 0.17872 1.65829e-05 
0.0365808 0.0737649 0.000563938 0.0894979 0.0246704 0.0758571 0.000984663 0.0249716 0.00175659 0.00432962 0.00278939 8.28074e-06 0.0181877 0.36118 0.0635068 0.21837 0.00297983 
0.0359308 0.166603 0.0179246 0.0873727 0.00908079 0.162984 0.00175236 0.0276701 0.0252694 0.00507627 1.28656e-05 0.00712084 0.123479 0.23629 0.0397155 0.053637 8.11786e-05 
0.03374 0.0239294 0.00777305 0.0188408 0.00407682 0.329093 0.000903151 0.0266654 0.0197806 0.0217249 9.34648e-05 0.00211842 0.0463955 0.369991 0.0170248 0.0776042 0.000245629 
0.0241332 0.0394182 0.000392237 0.0430156 0.0176395 0.0505803 2.97288e-05 0.0349392 0.00418602 0.0192414 0.000242676 2.58026e-05 0.0202591 0.559383 0.0399999 0.146498 1.60649e-05 
0.114412 0.0366382 0.0935047 0.0316026 0.00243269 0.201272 3.09625e-06 0.0335439 0.0121603 0.00298817 0.000184041 3.20264e-05 0.135485 0.256875 0.0229634 0.0558164 8.70208e-05 
0.059555 0.0674693 0.0289697 0.0185391 0.00489925 0.106177 0.000696148 0.0640665 0.0138492 0.00175352 0.000638094 0.000134012 0.0474081 0.288821 0.225643 0.0712218 0.000160218 
0.0386316 0.0289514 0.0147543 0.0509099 0.0786258 0.0949956 0.0177258 0.0428081 0.021682 0.00446755 1.99579e-06 0.00558246 0.161911 0.261777 0.0648233 0.112318 3.42841e-05 
0.155447 0.0556172 0.0145857 0.0505849 0.00149997 0.227166 5.18662e-06 0.0492884 0.022544 0.00912301 0.000221912 4.91281e-06 0.104278 0.239673 0.0333061 0.0365842 7.05641e-05 
0.0510093 0.0242599 0.0122399 0.0251388 0.00330748 0.22195 0.000826018 0.0202281 0.0424506 0.0291078 0.000789508 0.00113553 0.06711 0.44272 0.0164396 0.0409049 0.000382524 
0.00713569 0.0160502 0.00435746 0.0346351 0.0444771 0.0422846 2.71223e-05 0.0175103 0.000346075 0.000380826 0.00152248 1.77515e-05 0.014492 0.629954 0.0833766 0.103409 2.33226e-05 
0.112383 0.0458716 0.00532509 0.0421099 0.00394146 0.198666 0.00129681 0.0381158 0.0237157 0.00817784 0.000158748 0.00168358 0.115224 0.315783 0.0357054 0.0516892 0.000153005 
0.0320469 0.081037 0.00872295 0.0228095 0.00397691 0.291264 0.00155045 0.0305878 0.0322046 0.0211533 0.000294539 0.00385881 0.042813 0.338298 0.0161326 0.0728272 0.000422857 
0.0136171 0.0435093 0.00197764 0.141811 0.0317448 0.0643315 0.00309249 0.0666813 0.00868473 0.0126002 0.000179071 0.000179476 0.0845297 0.274755 0.082946 0.169328 3.27157e-05 
0.0421137 0.0267756 0.00392621 0.161156 0.13013 0.0300706 0.00110733 0.0602785 0.0053073 0.0130889 0.042504 0.0239306 0.0336 0.196387 0.159355 0.0701036 0.000165125 
0.0371964 0.107403 0.00288719 0.0422258 0.00660487 0.104409 0.00265899 0.12346 0.010626 0.00536885 1.32009e-05 0.000589994 0.0470139 0.20218 0.17035 0.136981 3.08441e-05 
0.03374 0.0239294 0.00777305 0.0188408 0.00407682 0.329093 0.000903151 0.0266654 0.0197806 0.0217249 9.34648e-05 0.00211842 0.0463955 0.369991 0.0170248 0.0776042 0.000245629 
0.03374 0.0239294 0.00777305 0.0188408 0.00407682 0.329093 0.000903151 0.0266654 0.0197806 0.0217249 9.34648e-05 0.00211842 0.0463955 0.369991 0.0170248 0.0776042 0.000245629 
0.0795536 0.0361105 0.0134255 0.0172108 0.00746537 0.25936 0.00123553 0.0301675 0.0149632 0.00325336 0.000306569 0.000387369 0.0759777 0.347371 0.0496125 0.06346 0.000139106 
0.06672 0.0413603 0.0421393 0.0377192 0.0142782 0.181851 0.00216493 0.0404193 0.0187492 0.0132964 0.000152271 0.0021305 0.0979068 0.213329 0.109232 0.118358 0.000194309 
0.0580512 0.0314828 0.00516081 0.0294995 0.00270355 0.208589 0.00027841 0.0400528 0.0152837 0.00182387 0.000197508 0.000362196 0.070454 0.415407 0.0599671 0.0605986 8.79641e-05 
0.0323308 0.0423395 0.010864 0.0518547 0.04678 0.114979 0.0007743 0.0330819 0.0101042 0.00437707 0.000952695 0.0640075 0.0369214 0.342026 0.0765846 0.131543 0.000479159 
0.0331361 0.0402732 0.0132762 0.0368196 0.149604 0.103968 0.00765041 0.0834179 0.00681858 0.0042458 3.29793e-05 0.0065624 0.0778789 0.194107 0.0524899 0.189701 1.84083e-05 
0.0440023 0.0212264 0.0114032 0.0217651 0.00264812 0.213249 0.000660827 0.0186246 0.0358739 0.0235457 0.000634791 0.000908433 0.0688337 0.482017 0.0136704 0.0406302 0.000306032 
0.171512 0.0138277 0.010517 0.0193225 0.000992555 0.217019 3.99126e-07 0.0138878 0.00209395 0.000560252 0.000508674 4.80666e-06 0.0259547 0.448524 0.0233174 0.0519416 1.66377e-05 
0.0346342 0.0784381 0.00160218 0.0113538 0.00578552 0.0805756 0.00439567 0.0245172 0.0208067 0.00618615 0.00163161 0.0017078 0.00992648 0.349103 0.251155 0.11681 0.00136963 
0.0333616 0.0191417 0.000343902 0.0587601 0.00157766 0.0614281 3.36618e-05 0.0130126 0.0183466 0.000949528 0.000473719 0.000174744 0.00357833 0.747126 0.01703 0.0245134 0.00014793 
0.0335937 0.0285301 0.00761505 0.146005 0.0154587 0.0644327 0.00176731 0.0228211 0.00567118 0.00186375 0.0330167 0.00212936 0.00849948 0.350405 0.10335 0.174802 3.81152e-05 
0.0296954 0.0361557 0.00745445 0.0400985 0.00567929 0.12387 4.9866e-05 0.0204325 0.0150151 0.00857479 0.0826294 0.000404343 0.0144488 0.327386 0.149086 0.138992 2.76393e-05 
0.090959 0.0274647 0.0229652 0.0419263 0.00226903 0.223733 4.99351e-05 0.0427875 0.032912 0.00155177 0.000955946 0.000212398 0.0914453 0.368563 0.0170836 0.0347413 0.000379691 
0.0426386 0.0229434 0.0100439 0.0363654 0.00225636 0.291149 0.000540676 0.0280108 0.0379321 0.00411957 0.000530764 0.000342468 0.0726214 0.393228 0.0195104 0.0374658 0.000301366 
0.0404888 0.0381218 0.00620285 0.0295019 0.040218 0.170141 0.00327617 0.0466053 0.0218299 0.00493964 0.000294778 0.00218953 0.0710472 0.25652 0.0662468 0.202302 7.44932e-05 
0.0182432 0.0321114 0.00568254 0.0751963 0.0138962 0.310112 0.00170647 0.0223071 0.022705 0.00410214 0.000382402 0.000237406 0.0351625 0.342719 0.0217491 0.0935494 0.000138446 
0.147897 0.0417099 0.00160239 0.0205523 0.00390351 0.0346786 0.00151817 0.0326305 0.0156329 0.0072892 6.256e-05 0.000296915 0.0521338 0.465747 0.0683535 0.104071 0.0019203 
0.0250306 0.0345254 0.00273254 0.0248651 0.00464903 0.0917316 0.00494482 0.0243466 0.0128542 0.00218952 0.00132531 0.000510648 0.0259162 0.401385 0.251972 0.0907781 0.00024342 
0.0580512 0.0314828 0.00516081 0.0294995 0.00270355 0.208589 0.00027841 0.0400528 0.0152837 0.00182387 0.000197508 0.000362196 0.070454 0.415407 0.0599671 0.0605986 8.79641e-05 
0.0104193 0.0241635 0.0126273 0.0694473 0.0171755 0.0705198 0.000750929 0.0612569 0.0113754 0.00394921 0.000135888 0.00258054 0.0161705 0.461755 0.155821 0.0816985 0.000153784 
0.0882412 0.0412404 0.000836655 0.0192565 0.0212694 0.149796 0.000329376 0.0483696 0.0229329 0.00152842 5.28463e-05 0.0030824 0.0206056 0.320263 0.184639 0.077368 0.000188228 
0.0693844 0.060611 0.0117977 0.0406643 0.0154716 0.0720593 0.00746138 0.0434024 0.04358 0.00702686 0.000263791 0.000323345 0.0408588 0.24433 0.164273 0.178411 8.05171e-05 
0.0296481 0.034851 0.00721463 0.0181512 0.00292684 0.248265 0.000894341 0.0125214 0.0143813 0.00417371 0.00109952 0.000344152 0.0670915 0.269947 0.154199 0.134108 0.00018397 
0.0334009 0.0302148 0.00116343 0.0196544 0.00382889 0.211828 0.00549431 0.0114595 0.0123184 0.0107402 3.03803e-05 2.98976e-05 0.0591316 0.247069 0.194811 0.158768 5.71853e-05 
0.0386828 0.0905277 0.0209439 0.0621253 0.0679494 0.0774111 0.00455892 0.0943569 0.0109203 0.00562562 0.00153167 0.0040454 0.0147842 0.256343 0.0611763 0.188931 8.55849e-05 
0.0731468 0.0295187 0.00701757 0.023125 0.00413999 0.109227 0.0179825 0.0179413 0.00448757 0.00572107 0.000530104 0.00048204 0.0223552 0.265343 0.191772 0.222683 0.00452767 
0.0394286 0.0258175 0.0054972 0.116063 0.0426481 0.0442153 0.00212698 0.0313751 0.00936617 0.00696554 0.000132352 0.0680615 0.03716 0.319809 0.139448 0.111838 4.71074e-05 
0.0420553 0.020789 0.00473497 0.0405956 0.0341536 0.108753 0.000406863 0.0233126 0.00921373 0.0203947 0.000440317 0.000842361 0.0175954 0.526756 0.0204278 0.12936 0.000168408 
0.0633384 0.0369633 0.00229452 0.0142771 0.00665617 0.126069 0.000506951 0.0782248 0.0588834 0.0227754 0.000184294 0.000115817 0.0605105 0.234233 0.10546 0.189108 0.000400199 
0.0112227 0.0142543 0.00203702 0.0161685 0.00183048 0.0401888 0.00276814 0.0116351 0.00211194 0.00455923 0.000708524 0.000147654 0.0354521 0.406244 0.184321 0.266324 2.64764e-05 
0.0166255 0.0351317 0.00483197 0.108847 0.00798317 0.0513326 0.00151392 0.218999 0.0477332 0.00374138 0.000230474 0.00394683 0.0323224 0.241872 0.0785593 0.146249 8.00857e-05 
0.117479 0.102065 0.00119467 0.0640951 0.00608092 0.169862 2.44207e-06 0.163652 0.00476449 0.00213371 9.71532e-05 2.96522e-06 0.0128356 0.273301 0.00899296 0.0734147 2.53948e-05 
0.00753257 0.0670663 0.0014992 0.0747512 0.0176765 0.111273 0.00273686 0.0286218 0.0182295 0.0307149 0.00518817 0.0383274 0.00630714 0.241127 0.220614 0.111591 0.0167429 
0.0340894 0.0468974 0.00675059 0.0122232 0.0130896 0.149498 0.0036201 0.0346457 0.00604016 0.00256177 0.000196345 0.00121771 0.0753912 0.346383 0.0476815 0.217577 0.00213703 
0.16254 0.0191054 0.00166638 0.0226835 0.00638577 0.227495 0.00108261 0.0204754 0.030726 0.0151669 0.000152357 0.00524514 0.0944959 0.281507 0.0367509 0.0744748 4.65006e-05 
0.0243023 0.0625466 0.0017602 0.0599391 0.0116138 0.0519442 0.00352705 0.035541 0.00830357 0.00587579 0.000207982 0.00110161 0.039918 0.376767 0.164494 0.152122 3.62287e-05 
0.156971 0.0554866 0.0133509 0.050281 0.0014052 0.229696 4.00124e-06 0.0492905 0.022308 0.00801632 0.000193437 4.62745e-06 0.104923 0.239547 0.0324985 0.035967 5.63399e-05 
0.16254 0.0191054 0.00166638 0.0226835 0.00638577 0.227495 0.00108261 0.0204754 0.030726 0.0151669 0.000152357 0.00524514 0.0944959 0.281507 0.0367509 0.0744748 4.65006e-05 
0.0511615 0.035109 0.131463 0.0615524 0.00474704 0.17789 0.000340525 0.121247 0.0026836 0.0130689 5.89153e-06 3.3425e-05 0.0247127 0.221911 0.114212 0.0397142 0.000147311 
0.0738504 0.0163224 0.00285149 0.0499985 0.00472497 0.302641 0.000244747 0.0295439 0.0121553 0.00395492 0.000266951 0.00249453 0.065552 0.363708 0.0185498 0.0530991 4.18222e-05 
0.0394378 0.0608484 0.00348409 0.232995 0.0162091 0.109277 0.00209943 0.0490634 0.00727288 0.00426995 0.000212329 0.000259041 0.0162218 0.297159 0.0895066 0.0688498 0.0028346 
0.155787 0.0395402 0.000369453 0.0166859 0.00918795 0.0518245 0.000395419 0.0531255 0.110034 0.0250498 0.000350119 0.00211121 0.0827469 0.221648 0.157265 0.0738576 2.074e-05 
0.0333616 0.0191417 0.000343902 0.0587601 0.00157766 0.0614281 3.36618e-05 0.0130126 0.0183466 0.000949528 0.000473719 0.000174744 0.00357833 0.747126 0.01703 0.0245134 0.00014793 
0.0166255 0.0351317 0.00483197 0.108847 0.00798317 0.0513326 0.00151392 0.218999 0.0477332 0.00374138 0.000230474 0.00394683 0.0323224 0.241872 0.0785593 0.146249 8.00857e-05 
0.059555 0.0674693 0.0289697 0.0185391 0.00489925 0.106177 0.000696148 0.0640665 0.0138492 0.00175352 0.000638094 0.000134012 0.0474081 0.288821 0.225643 0.0712218 0.000160218 
0.0267318 0.0568872 0.00458402 0.0645883 0.0146442 0.0680846 0.00212365 0.0238127 0.00301551 0.00561724 0.000220419 0.000507749 0.00806704 0.331963 0.135466 0.253554 0.000132563 
0.0250306 0.0345254 0.00273254 0.0248651 0.00464903 0.0917316 0.00494482 0.0243466 0.0128542 0.00218952 0.00132531 0.000510648 0.0259162 0.401385 0.251972 0.0907781 0.00024342 
0.0807244 0.0947087 0.00263508 0.0192045 0.00517932 0.0591304 0.00169724 0.0923109 0.012976 0.00918206 0.000201568 0.000710063 0.06974 0.228491 0.18535 0.134903 0.00285614 
0.0942807 0.0907485 0.00747212 0.0200155 0.0180164 0.159281 0.000324392 0.139004 0.00864903 0.00195795 0.000149263 0.0238874 0.0580242 0.251726 0.0615527 0.0648534 5.74357e-05 
0.00753257 0.0670663 0.0014992 0.0747512 0.0176765 0.111273 0.00273686 0.0286218 0.0182295 0.0307149 0.00518817 0.0383274 0.00630714 0.241127 0.220614 0.111591 0.0167429 
0.0208257 0.0193699 0.000789519 0.0133105 0.0231989 0.0509172 0.0017603 0.0152335 0.0237694 0.0028856 0.00632452 0.00750528 0.0273262 0.510468 0.188241 0.0880378 3.70576e-05 
0.0326592 0.0378081 0.00199106 0.14386 0.0162513 0.0371573 0.0041264 0.0613742 0.0108041 0.00599025 0.00115308 0.00014171 0.0113027 0.303948 0.225552 0.105654 0.000227144 
0.0801685 0.0289786 0.00481359 0.0247775 0.00534328 0.207825 0.00156839 0.022001 0.0389854 0.0435414 0.000362372 0.00686248 0.0739486 0.324462 0.0707587 0.0654901 0.000112838 
0.0244346 0.0396506 0.00194374 0.0598708 0.0119943 0.0630623 0.000956763 0.0656369 0.00719853 0.0016856 0.0197434 0.00278206 0.219606 0.332454 0.0319943 0.113009 0.00397763 
0.0322511 0.0325614 0.00102892 0.0415084 0.00920418 0.056807 0.00250634 0.0408598 0.00651285 0.0165498 0.000104622 0.00526762 0.0099386 0.445062 0.219772 0.0790848 0.000980741 
0.111403 0.0388683 0.00229085 0.0440651 0.0501028 0.121816 0.000922468 0.0134868 0.0161332 0.00976059 0.00105966 0.0517316 0.0197085 0.266904 0.0429639 0.20866 0.000123237 
0.0349359 0.0302188 0.00950086 0.0210266 0.0043803 0.319541 0.00187429 0.0302026 0.0294959 0.0218777 0.000447466 0.00494079 0.0526076 0.33028 0.0187336 0.0893871 0.000549411 
0.0765607 0.0920138 0.0296782 0.130757 0.00708569 0.0998452 0.00219745 0.105235 0.0121173 0.00369652 0.00383125 0.00043976 0.0395677 0.192339 0.0176311 0.12701 0.059994 
0.0462079 0.0133733 0.0043925 0.0187111 0.00195334 0.16881 4.94218e-07 0.0429024 0.0122428 0.000193379 4.2742e-05 4.5565e-05 0.0527472 0.546954 0.0506257 0.0407292 6.79896e-05 
0.0922283 0.131656 0.00829171 0.121263 0.00534659 0.146958 0.00106218 0.0360554 0.00816874 0.0108421 1.96108e-05 1.72974e-05 0.121271 0.154366 0.0500737 0.112351 2.97497e-05 
0.0882353 0.0280703 0.00230852 0.044734 0.00581888 0.269414 0.0012131 0.0180279 0.0295618 0.00599618 0.000321218 0.000408543 0.0582967 0.311256 0.0479926 0.0882756 6.91006e-05 
0.0421571 0.0236692 0.000414932 0.0527488 0.0168493 0.0698204 0.00043341 0.0108472 0.00480759 0.00543443 3.53881e-05 5.92347e-06 0.00638934 0.62284 0.0247459 0.118789 1.23505e-05 
0.0140433 0.0151241 0.00220325 0.241197 0.0203343 0.145024 0.00103945 0.0143513 0.00536808 0.00310811 0.000156183 0.00068011 0.018788 0.365697 0.0295598 0.123212 0.000114512 
0.131869 0.0545292 0.0049452 0.0358588 0.00822475 0.23786 8.514e-05 0.0239352 0.0156945 0.00355681 0.000107157 0.0079442 0.119962 0.290197 0.0251595 0.0400539 1.71424e-05 
0.0296481 0.034851 0.00721463 0.0181512 0.00292684 0.248265 0.000894341 0.0125214 0.0143813 0.00417371 0.00109952 0.000344152 0.0670915 0.269947 0.154199 0.134108 0.00018397 
0.059555 0.0674693 0.0289697 0.0185391 0.00489925 0.106177 0.000696148 0.0640665 0.0138492 0.00175352 0.000638094 0.000134012 0.0474081 0.288821 0.225643 0.0712218 0.000160218 
0.0345357 0.0645314 0.00346431 0.0648189 0.0158515 0.152398 0.00678553 0.0477603 0.00834047 0.00421075 0.00105212 0.00115039 0.0310022 0.28252 0.046877 0.234367 0.000334808 
0.119843 0.0274293 0.00870584 0.0204769 0.00465047 0.185114 0.000172738 0.0408646 0.0201051 0.00517548 0.000336564 1.62985e-05 0.183128 0.271843 0.0303475 0.081666 0.000123581 
0.0137917 0.165582 0.000960949 0.0733722 0.0103217 0.0219462 0.000474572 0.04016 0.0172999 0.106184 0.000590637 2.59567e-05 0.0103674 0.318532 0.166315 0.0540631 1.32581e-05 
0.0632487 0.0360847 0.0181106 0.0436675 0.0119339 0.0733587 0.000175127 0.104833 0.00649467 0.00255297 0.041709 0.0546603 0.0663985 0.313866 0.0891377 0.070814 0.00295408 
0.0221803 0.0347088 0.0139465 0.05272 0.0993955 0.133682 0.0199974 0.0640012 0.0172507 0.00740426 4.1954e-05 0.0118392 0.126775 0.202251 0.0549783 0.138671 0.000156686 
0.03374 0.0239294 0.00777305 0.0188408 0.00407682 0.329093 0.000903151 0.0266654 0.0197806 0.0217249 9.34648e-05 0.00211842 0.0463955 0.369991 0.0170248 0.0776042 0.000245629 
0.0244374 0.138604 0.00196694 0.0201241 0.00985605 0.0438974 0.000251228 0.0286606 0.0131021 0.171863 0.0010729 1.14886e-05 0.0042656 0.225844 0.0901519 0.21655 0.00934059 
0.0589825 0.005616 0.000187388 0.0319435 0.00164645 0.0569774 5.32257e-05 0.0777263 0.00509925 0.00100621 0.000415341 6.25165e-05 0.00796288 0.670757 0.0554462 0.0260627 5.52917e-05 
0.0482812 0.0267359 0.00877309 0.0252079 0.00245682 0.227272 5.4212e-05 0.0232939 0.0267692 0.00415629 4.37474e-05 3.04186e-05 0.135668 0.393699 0.0192109 0.0582671 8.03458e-05 
0.00431224 0.00924705 0.00828875 0.068907 0.000463391 0.142228 0.00226752 0.0429189 0.0153516 0.00102329 0.000410563 6.92541e-06 0.000309863 0.497384 0.0679934 0.138563 0.000325412 
0.132529 0.0272318 0.00566382 0.0419207 0.00538031 0.202603 8.42458e-05 0.0302737 0.020358 0.00444407 0.000113602 0.000505092 0.122562 0.340591 0.0150226 0.0506968 2.02963e-05 
0.0492647 0.0128797 0.00441097 0.017186 0.00213097 0.214336 4.94258e-07 0.0254427 0.00791247 0.000301569 4.27429e-05 3.68568e-05 0.0659463 0.53196 0.0347566 0.0333467 4.4915e-05 
0.0114161 0.0198067 0.0293794 0.0327331 0.00959911 0.0504534 0.0359787 0.0372094 0.0142719 0.00413223 0.00110323 4.63934e-05 0.00606086 0.336827 0.238996 0.171311 0.000675707 
0.0220576 0.0367685 0.00164323 0.0900277 0.0224372 0.0653662 0.00515274 0.0152137 0.0105065 0.00627831 0.000209946 0.000828074 0.025702 0.262059 0.249571 0.186175 3.03051e-06 
0.0707166 0.019369 0.00514688 0.0262775 0.0124309 0.270563 0.00301664 0.0370053 0.00965284 0.0036445 0.000356814 0.00125005 0.0431079 0.287058 0.0663505 0.143898 0.000155178 
0.0112227 0.0142543 0.00203702 0.0161685 0.00183048 0.0401888 0.00276814 0.0116351 0.00211194 0.00455923 0.000708524 0.000147654 0.0354521 0.406244 0.184321 0.266324 2.64764e-05 
0.067868 0.039031 0.0369899 0.0811427 0.0201836 0.0925593 0.00188556 0.0458473 0.049443 0.00343108 1.47093e-05 0.0306604 0.123259 0.202641 0.0220257 0.183015 2.10295e-06 
0.0935351 0.119956 0.00814233 0.116998 0.00556088 0.126187 0.00209812 0.0410479 0.0120793 0.00974577 0.000193897 0.00022031 0.129547 0.160736 0.0559095 0.117929 0.000113255 
0.0871095 0.0329215 0.0426454 0.0490841 0.0348302 0.140071 0.00176735 0.0451906 0.030167 0.00377987 0.000113151 0.00204614 0.129966 0.192898 0.0273901 0.179922 9.75824e-05 
0.059555 0.0674693 0.0289697 0.0185391 0.00489925 0.106177 0.000696148 0.0640665 0.0138492 0.00175352 0.000638094 0.000134012 0.0474081 0.288821 0.225643 0.0712218 0.000160218 
0.185654 0.0978448 0.00460443 0.0455672 0.0356738 0.146663 0.00103543 0.0338088 0.0118035 0.00497422 0.000335207 0.00195654 0.0131163 0.255836 0.0204514 0.140494 0.000180759 
0.021664 0.0107532 0.000896771 0.0239521 0.00105896 0.202996 2.89646e-05 0.0287579 0.00761786 0.0307163 0.000447039 3.74966e-06 2.60638e-05 0.403397 0.148174 0.119231 0.000278897 
0.0104193 0.0241635 0.0126273 0.0694473 0.0171755 0.0705198 0.000750929 0.0612569 0.0113754 0.00394921 0.000135888 0.00258054 0.0161705 0.461755 0.155821 0.0816985 0.000153784 
0.0244346 0.0396506 0.00194374 0.0598708 0.0119943 0.0630623 0.000956763 0.0656369 0.00719853 0.0016856 0.0197434 0.00278206 0.219606 0.332454 0.0319943 0.113009 0.00397763 
0.0104193 0.0241635 0.0126273 0.0694473 0.0171755 0.0705198 0.000750929 0.0612569 0.0113754 0.00394921 0.000135888 0.00258054 0.0161705 0.461755 0.155821 0.0816985 0.000153784 
0.0642603 0.037723 0.0187764 0.0429588 0.011864 0.0751068 0.000180952 0.104926 0.006651 0.00254552 0.0418211 0.0551288 0.0660726 0.311861 0.0877681 0.0698493 0.00250541 
0.171512 0.0138277 0.010517 0.0193225 0.000992555 0.217019 3.99126e-07 0.0138878 0.00209395 0.000560252 0.000508674 4.80666e-06 0.0259547 0.448524 0.0233174 0.0519416 1.66377e-05 
0.0431971 0.051444 0.00598051 0.0898569 0.0386795 0.113249 0.00206577 0.0417218 0.016209 0.0133325 0.000391272 0.00556968 0.0657446 0.260737 0.0339169 0.217754 0.000150763 
0.116737 0.0255743 0.0105609 0.0414675 0.00598167 0.215218 0.00441009 0.0463917 0.0126221 0.000646302 0.000267616 0.000215967 0.0338681 0.22 0.0589235 0.207079 3.68294e-05 
0.0780911 0.0544831 0.00573693 0.0470253 0.00832571 0.0505858 0.00146765 0.0557192 0.0279567 0.0105617 0.000102022 0.00092637 0.0581049 0.257918 0.118651 0.224307 3.7445e-05 
0.0459267 0.071071 0.00177516 0.0486567 0.0513504 0.199846 0.000313516 0.0404181 0.00872221 0.00520609 0.000408787 8.87469e-05 0.027132 0.299756 0.0331138 0.166048 0.000165791 
0.185654 0.0978448 0.00460443 0.0455672 0.0356738 0.146663 0.00103543 0.0338088 0.0118035 0.00497422 0.000335207 0.00195654 0.0131163 0.255836 0.0204514 0.140494 0.000180759 
0.017825 0.160168 0.00232826 0.0935667 0.00978926 0.0509596 0.000136342 0.031401 0.0399901 0.00705419 0.000123507 0.000662026 0.0232311 0.286624 0.142712 0.133425 3.71183e-06 
0.0317011 0.0357131 0.000489105 0.0959046 0.0220824 0.0762206 0.000605268 0.0257374 0.00341742 0.00507116 0.131151 4.74563e-05 0.00902908 0.258743 0.161189 0.141121 0.00177742 
0.0698743 0.0513332 0.020275 0.0569636 0.0132516 0.106672 0.000204369 0.0886928 0.00849805 0.00395375 0.0331208 0.0433419 0.0738848 0.252708 0.0881759 0.0860959 0.0029535 
0.0421564 0.0689091 0.00639127 0.0886015 0.0297203 0.167514 0.000574772 0.0554421 0.0452225 0.0135678 0.000441055 0.019065 0.0481058 0.249262 0.0321394 0.132638 0.000249037 
0.0392994 0.0454949 0.0102746 0.0895226 0.0192634 0.150324 0.00495524 0.04281 0.0215454 0.00627936 0.000327909 0.00244913 0.0616267 0.27599 0.0649095 0.162827 0.00210108 
0.0371155 0.0200361 0.00272207 0.0266621 0.00207477 0.205837 0.000645658 0.0246895 0.0157971 0.00347181 0.000440111 0.000564933 0.0619411 0.479744 0.043857 0.0742353 0.00016587 
0.171512 0.0138277 0.010517 0.0193225 0.000992555 0.217019 3.99126e-07 0.0138878 0.00209395 0.000560252 0.000508674 4.80666e-06 0.0259547 0.448524 0.0233174 0.0519416 1.66377e-05 
0.059555 0.0674693 0.0289697 0.0185391 0.00489925 0.106177 0.000696148 0.0640665 0.0138492 0.00175352 0.000638094 0.000134012 0.0474081 0.288821 0.225643 0.0712218 0.000160218 
0.0233458 0.0488294 0.00188174 0.0167383 0.00673443 0.0950904 0.00417587 0.0173373 0.0124544 0.00114399 0.00103921 0.00067282 0.0161029 0.487901 0.192363 0.0740576 0.000132521 
0.0406901 0.0175912 0.013652 0.0792259 0.057967 0.0796533 0.00267089 0.0450286 0.0109601 0.0173925 0.000269102 0.00924217 0.0556037 0.398167 0.0211691 0.150444 0.000273211 
0.147897 0.0417099 0.00160239 0.0205523 0.00390351 0.0346786 0.00151817 0.0326305 0.0156329 0.0072892 6.256e-05 0.000296915 0.0521338 0.465747 0.0683535 0.104071 0.0019203 
0.105386 0.0335312 0.00269241 0.0376408 0.00973532 0.236659 0.00247255 0.0230025 0.0293384 0.00598908 0.000283137 0.00241771 0.0486956 0.304036 0.0488975 0.109161 6.23273e-05 
0.128584 0.0464936 0.00585336 0.0462441 0.00428656 0.220687 0.000299255 0.028992 0.0218468 0.00415884 0.000183695 0.0019725 0.117135 0.296381 0.0235389 0.0533079 3.55364e-05 
0.0803257 0.173956 0.000411307 0.0239588 0.00428342 0.111678 0.000209378 0.00775179 0.0304402 0.0333096 2.81501e-05 2.16175e-05 0.00157212 0.30762 0.0949683 0.129262 0.000203899 
0.154253 0.0998424 0.00900585 0.0723434 0.0217154 0.118944 0.00177792 0.0778337 0.00808334 0.00671165 0.00492159 0.000342511 0.0127049 0.20741 0.0836841 0.119706 0.000719209 
0.00173084 0.129396 0.00627252 0.0185043 0.0492734 0.0320683 0.000789826 0.026909 0.00178457 0.00145902 2.27045e-05 0.00260786 0.0069569 0.629304 0.0809253 0.0119905 4.83636e-06 
0.0226936 0.0476825 0.00154414 0.127836 0.0362391 0.0848372 0.00697953 0.0218508 0.013281 0.00255634 0.00010872 0.000390705 0.0137446 0.416727 0.084392 0.109151 0.009986 
0.0698743 0.0513332 0.020275 0.0569636 0.0132516 0.106672 0.000204369 0.0886928 0.00849805 0.00395375 0.0331208 0.0433419 0.0738848 0.252708 0.0881759 0.0860959 0.0029535 
0.0568199 0.0257294 0.00495245 0.0291973 0.0151079 0.225209 0.0019517 0.022944 0.0411696 0.0249647 0.000143291 0.0151315 0.06568 0.370913 0.0354779 0.0645465 6.17961e-05 
0.135576 0.0543733 0.00821274 0.0469438 0.010387 0.206707 0.00124799 0.0572035 0.0192122 0.00847844 0.000212253 0.00298832 0.0495536 0.240953 0.0727612 0.084849 0.00033987 
0.0904382 0.0705582 0.0119954 0.13529 0.0355006 0.154579 0.00561887 0.0772531 0.0359311 0.0145583 0.000207248 0.0062225 0.0660856 0.167786 0.0526057 0.0751667 0.000204094 
0.0153624 0.00607782 0.0184689 0.0738854 0.114409 0.101234 0.00887466 0.0193757 0.00990395 0.000935912 1.44131e-06 0.0147603 0.207165 0.275345 0.0479038 0.086206 9.02768e-05 
0.0341271 0.048556 0.00971506 0.0902636 0.00695676 0.161056 0.000497056 0.0818494 0.00376914 0.0172434 3.65552e-06 9.21533e-06 0.0201644 0.264419 0.202922 0.0582417 0.000205996 
0.10974 0.0532762 0.0062951 0.0202162 0.0078431 0.110461 0.000586147 0.0260042 0.00955242 0.00825995 3.97208e-05 8.63962e-05 0.0670835 0.307471 0.108483 0.164561 4.18569e-05 
