0.0148793 0.010646 0.018334 0.0171414 0.0289345 0.0228902 0.169679 0.0371647 0.0131282 0.00251868 0.000247888 0.0309217 0.0244575 0.00545703 0.476171 0.119285 0.00814415 
0.00385193 0.0857064 0.0226721 0.0325016 0.0603832 0.0183182 0.0101798 0.0391797 0.010305 0.000960906 4.75485e-06 0.0112633 0.0527559 0.0138672 0.5091 0.128873 7.70245e-05 
0.0138834 0.0692448 0.00254073 0.00572196 0.00646387 0.0137803 0.00284229 0.0113072 0.0236301 0.00635623 6.99876e-05 0.00245699 0.00487554 0.0122399 0.748618 0.0747633 0.00120537 
0.0175171 0.0282143 0.0080017 0.0254773 0.0451078 0.106822 0.00365057 0.0400028 0.00713442 0.00933994 7.56347e-05 0.0116077 0.21727 0.0135856 0.417695 0.0484689 2.93985e-05 
0.0254627 0.0373378 0.00252225 0.121937 0.00489437 0.0360798 0.00795153 0.0351401 0.0224131 0.00583051 0.000221599 0.00309919 0.00417767 0.048416 0.540409 0.103613 0.00049415 
0.0097087 0.0279729 0.00279995 0.00885449 0.00461977 0.073242 0.00412236 0.0198608 0.00218535 0.00292484 9.08776e-05 0.00489213 0.0291965 0.0367473 0.45398 0.318794 7.65004e-06 
0.0906052 0.0746384 0.0809607 0.120907 0.0359041 0.129949 0.000600804 0.0686362 0.0450783 0.0037619 0.000417398 0.000437279 0.0629118 0.0103504 0.18331 0.0914771 5.44153e-05 
0.0133823 0.0587645 0.00051788 0.0120106 0.00723615 0.0641323 0.00448785 0.0117112 0.0074319 0.00505059 0.000976453 0.000136862 0.0108223 0.0423478 0.549619 0.211085 0.000286969 
0.0148793 0.010646 0.018334 0.0171414 0.0289345 0.0228902 0.169679 0.0371647 0.0131282 0.00251868 0.000247888 0.0309217 0.0244575 0.00545703 0.476171 0.119285 0.00814415 
0.00586589 0.0207066 0.00265656 0.00127833 0.000575197 0.0371623 0.000297833 0.0428758 0.0316778 0.00261871 0.000419122 5.90308e-05 0.00736034 0.006092 0.690824 0.149517 1.32569e-05 
0.00137548 0.043289 0.0040981 0.00154712 0.000485377 0.0346842 1.80597e-05 0.0243974 0.0325616 0.0118716 0.0117914 0.000411255 0.00679173 0.0463629 0.730199 0.0500763 3.93377e-05 
0.0099683 0.0762389 0.00918819 0.0240131 0.0405848 0.178249 0.0130344 0.094253 0.00579116 0.0548396 8.84947e-06 0.0150293 0.0414526 0.00664527 0.340584 0.0865011 0.00361793 
0.0255442 0.0617312 0.0488866 0.00720043 0.00562695 0.0522075 0.00491812 0.0328967 0.0237481 0.00714697 0.00916925 0.000306975 0.0113421 0.0060916 0.608799 0.0943229 6.18654e-05 
0.0559782 0.0705188 0.00297114 0.0191455 0.00901862 0.0333884 0.000649308 0.0892369 0.0121692 0.0223031 0.0101209 0.00261653 0.0204996 0.0341576 0.500092 0.116986 0.00014865 
0.0177257 0.0676741 0.00380352 0.163919 0.0440784 0.0613649 0.00675749 0.146343 0.0169229 0.017254 0.0014171 0.0248025 0.0992215 0.0475607 0.175033 0.105815 0.000307692 
0.0208282 0.0847019 0.022361 0.030376 0.00517704 0.0277329 0.00971684 0.0803155 0.0146767 0.005347 0.000304907 0.00416108 0.0661273 0.00944413 0.47508 0.137607 0.00604173 
0.023025 0.0269542 0.000207432 0.0186498 0.00594984 0.0249774 0.000592397 0.0219179 0.0177384 0.0156506 0.000240684 1.42378e-05 0.00208787 0.0130996 0.568885 0.260004 5.26955e-06 
0.0327842 0.144354 0.00569551 0.0512244 0.00164278 0.0469277 0.0117055 0.0327914 0.0153991 0.0457017 7.00507e-06 2.23266e-05 0.0364648 0.00141911 0.518772 0.0546785 0.000409638 
0.0328377 0.0731097 0.00528273 0.0124167 0.00988849 0.0418848 0.00943931 0.0223466 0.00434877 0.0101679 0.000270987 0.000302219 0.217909 0.0183678 0.386192 0.152533 0.00270287 
0.00697468 0.0101314 0.00150524 0.00527883 0.0019967 0.0651713 0.0425601 0.0417959 0.0060757 0.00469003 0.000753493 2.62944e-05 0.00486977 0.0362524 0.559063 0.212838 1.68205e-05 
0.0103193 0.169161 0.148061 0.00976424 0.00241505 0.0313452 0.000457867 0.21077 0.00950102 0.0195928 4.90234e-05 0.00359744 0.0115517 0.00548228 0.334836 0.0328085 0.000287179 
0.0564658 0.0962683 0.0051681 0.0281889 0.0180926 0.049115 0.00658988 0.0319789 0.00779907 0.0100084 0.000955874 0.00170318 0.0214348 0.0162191 0.441502 0.202201 0.00630968 
0.050163 0.037928 0.0154603 0.00978742 0.0184762 0.0891617 0.0172882 0.0318248 0.0133022 0.00202214 0.000338228 0.00740435 0.0266455 0.0210353 0.382437 0.276558 0.000167002 
0.0335311 0.100279 0.00827654 0.0101301 0.0163117 0.0700724 0.00156373 0.0312659 0.0208412 0.0122907 0.000169983 0.00051684 0.00536383 0.00774311 0.475061 0.204682 0.00190068 
0.0113084 0.0282135 0.00389569 0.0108232 0.00476025 0.120786 0.00821975 0.0138904 0.00711993 0.0016413 0.00101766 0.00180837 0.00729793 0.0094878 0.394991 0.374675 6.29103e-05 
0.0381524 0.109029 0.0124082 0.0602877 0.0150264 0.0840235 0.0114396 0.0858597 0.0198856 0.021091 0.00046497 0.00100323 0.019656 0.0391185 0.301116 0.181069 0.000369488 
0.10692 0.0258987 0.00285176 0.0251589 0.00842448 0.200761 0.00656377 0.0416611 0.00372228 0.0069549 0.00170222 9.64843e-05 0.0344845 0.0348591 0.275043 0.224832 6.57214e-05 
0.00821092 0.0296028 0.00173849 0.00612627 0.00361841 0.0224587 0.00612453 0.0105108 0.00254105 0.00157721 0.000962142 7.18924e-05 0.0103513 0.0212269 0.739037 0.135828 1.31707e-05 
0.0147302 0.036922 0.00703489 0.0120937 0.0784616 0.0324331 0.00687552 0.0669477 0.0156233 0.00619663 0.00277897 0.072581 0.140724 0.0147185 0.323001 0.168874 3.50113e-06 
0.0268667 0.0433952 0.209072 0.0197392 0.095517 0.0299796 0.0262326 0.0643068 0.0264084 0.00358635 5.56408e-05 0.00990086 0.142052 0.0110515 0.22478 0.0666422 0.000413646 
0.0119467 0.0301783 0.00623203 0.0177527 0.00655269 0.0317742 0.0199602 0.0241179 0.012793 0.0107092 0.00132294 0.0206065 0.022709 0.0137167 0.588472 0.181012 0.000143961 
0.0101349 0.104768 0.0078065 0.0224511 0.00237162 0.0203407 0.0327325 0.0370218 0.0190702 0.00141092 0.000396591 3.57654e-05 0.00910904 0.0146654 0.604609 0.113059 1.73557e-05 
0.0355762 0.201365 0.00183093 0.0255484 0.00376737 0.102714 0.00399723 0.0515681 0.0204302 0.0323508 3.42182e-05 0.00108724 0.0603086 0.00489085 0.350407 0.103909 0.000215682 
0.0291114 0.137936 0.00983404 0.0183557 0.0187646 0.0826242 0.01863 0.0527442 0.00925676 0.00893551 5.59546e-05 0.000578162 0.044347 0.0157403 0.396668 0.154513 0.00190554 
0.112614 0.0633145 0.00896822 0.131071 0.0488432 0.175452 0.00215773 0.128508 0.00607426 0.00118513 2.2111e-06 0.00354588 0.0192371 0.0203563 0.219578 0.0590426 5.03333e-05 
0.0278973 0.0207751 0.000619771 0.0118678 0.00365844 0.00469175 1.0496e-06 0.0232397 0.00505408 0.00184047 0.00311978 1.21714e-05 0.014835 0.00964951 0.715217 0.157503 1.79424e-05 
0.0652005 0.150851 0.0149998 0.0389719 0.00267991 0.10002 0.000205039 0.0777084 0.0606416 0.0137631 1.35817e-05 0.00260742 0.094459 0.020558 0.212032 0.144953 0.000335863 
0.0385066 0.139521 0.00695613 0.00783785 0.00131341 0.0288946 0.000626428 0.037782 0.0204557 0.00486602 1.05395e-05 4.5516e-05 0.00697881 0.00259782 0.596191 0.107359 5.73142e-05 
0.0848957 0.100805 0.0212816 0.0117641 0.00316483 0.14367 0.00658781 0.0438205 0.131735 0.0134528 0.0116548 0.00120041 0.00657362 0.00181224 0.337792 0.0783287 0.0014616 
0.0154113 0.0296816 0.000870204 0.00699956 0.00210582 0.0934491 0.0345039 0.0137966 0.0135067 0.00689695 0.000447893 0.00151311 0.00181113 0.0281328 0.397427 0.353434 1.26504e-05 
0.047885 0.0729458 0.0057214 0.0653037 0.00849303 0.067014 0.00249146 0.216591 0.00783138 0.00632819 0.000222559 0.00264043 0.0448068 0.0237469 0.344773 0.0741385 0.0090672 
0.00807539 0.0304013 0.000908296 0.0105496 0.00104815 0.0269482 0.00645281 0.0192608 0.00142316 0.00210423 0.000107451 0.00290863 0.178682 0.0102698 0.570052 0.130805 3.33815e-06 
0.0638676 0.0310535 0.0188947 0.0523622 0.0242066 0.0384686 0.0114929 0.0713434 0.013065 0.00707798 0.000102145 0.00151389 0.0547335 0.0571802 0.482587 0.0691227 0.00292836 
0.0623061 0.0715433 0.0115013 0.0104999 0.0130448 0.23855 0.00174163 0.0450621 0.0869193 0.0290086 0.000124137 0.0105569 0.00546365 0.0103476 0.295636 0.107654 4.04391e-05 
0.0128145 0.0268386 0.00722274 0.0161888 0.00359096 0.0850522 0.00194199 0.0184556 0.0127135 0.00565949 0.000970367 0.00252038 0.131575 0.0718907 0.362568 0.239868 0.000130333 
0.0792663 0.0386563 0.0115299 0.00468572 0.00255281 0.0176566 0.0105254 0.0645157 0.0243645 0.00119571 0.000206022 3.42746e-05 0.00113966 0.000986183 0.676703 0.0659591 2.28971e-05 
0.0179661 0.0494295 0.00961056 0.0527194 0.0165865 0.0491281 0.00371516 0.0580946 0.0241913 0.0158351 0.0420978 0.0111888 0.0148045 0.0325099 0.379342 0.222711 6.96549e-05 
0.00421583 0.0755782 0.00543536 0.0550175 0.0621092 0.106617 0.0011403 0.0292879 0.0160386 0.00112894 5.47054e-05 0.00559115 0.220045 0.0915442 0.226799 0.0993849 1.29017e-05 
0.0209214 0.0388705 0.0152883 0.0329815 0.0139954 0.0526372 0.000517868 0.0231653 0.0132931 0.00719352 0.00126537 0.00156177 0.017855 0.048952 0.662225 0.0491763 0.000100922 
0.0435909 0.0447565 0.00408751 0.107823 0.0544941 0.0628436 0.00425413 0.117433 0.0117306 0.00461268 0.0117727 0.0215728 0.0453815 0.0232235 0.320075 0.110591 0.0117578 
0.0139903 0.0400306 0.00267443 0.0925342 0.0241195 0.0386058 0.00675456 0.0465201 0.00255403 0.00146651 0.000520931 0.00818299 0.0461951 0.0168874 0.424001 0.234927 3.57734e-05 
0.0119467 0.0301783 0.00623203 0.0177527 0.00655269 0.0317742 0.0199602 0.0241179 0.012793 0.0107092 0.00132294 0.0206065 0.022709 0.0137167 0.588472 0.181012 0.000143961 
0.0421081 0.0617318 0.00567753 0.0397559 0.0465488 0.112242 0.00672055 0.0611956 0.0128472 0.00339946 0.0444168 0.0104935 0.1149 0.0674251 0.231371 0.134262 0.00490395 
0.0297138 0.0557888 0.0131845 0.0232507 0.00808225 0.0470279 0.0176589 0.0367502 0.00826601 0.00356693 0.000737536 0.00533519 0.0192369 0.0138852 0.539303 0.171794 0.00641756 
0.0174529 0.0418001 0.00339125 0.0194759 0.0126266 0.0453719 0.0737032 0.0280706 0.0107004 0.00783554 0.000531744 0.205048 0.0350102 0.0235777 0.301408 0.173803 0.000192903 
0.0707312 0.160614 0.00290096 0.083921 0.0089052 0.0918243 0.000820319 0.119807 0.01677 0.0101046 0.00314752 0.000158483 0.011356 0.011509 0.266534 0.117285 0.0236114 
0.0391005 0.0889676 0.0105833 0.0187766 0.00899319 0.0779708 0.00709934 0.0598824 0.0224832 0.0131702 0.0011676 0.00256017 0.0163468 0.0269353 0.377796 0.225194 0.0029736 
0.0177306 0.198762 0.00477264 0.0177922 0.0211949 0.0305087 0.000321463 0.0930118 0.021501 0.0085854 0.000935405 0.00333533 0.0225583 0.00477481 0.418376 0.135319 0.000521251 
0.0200303 0.066103 0.013572 0.0681 0.00409244 0.137198 0.000652895 0.125089 0.0113623 0.0138025 0.000146477 0.00155462 0.164732 0.0604374 0.263432 0.0495883 0.000106746 
0.0266515 0.0549681 0.0125561 0.0536313 0.0443202 0.0974988 0.000762911 0.0404309 0.0189102 0.005804 0.000126201 0.000464611 0.0400374 0.0451881 0.295191 0.263291 0.000168323 
0.0580042 0.265377 0.00567657 0.0230734 0.00521862 0.0361176 0.00197058 0.0970904 0.002239 0.0262511 1.59979e-05 4.28537e-07 0.00179518 0.00755177 0.419762 0.0490637 0.000792039 
0.0132451 0.108901 0.011886 0.0165089 0.0112923 0.0900905 0.0311651 0.0850696 0.023208 0.00270912 0.000247653 0.00138929 0.00403248 0.0512705 0.373076 0.175788 0.00012101 
0.0346179 0.115561 0.0101483 0.0258632 0.00816763 0.043315 0.0118029 0.0269378 0.0319912 0.0687648 0.000181519 3.50652e-05 0.00470603 0.0235481 0.506594 0.0877193 4.6638e-05 
0.0640904 0.233955 0.00438205 0.0199126 0.00675967 0.126617 0.00595709 0.0646196 0.0295943 0.0107565 8.72424e-05 0.000479294 0.0187191 0.0108268 0.331349 0.070937 0.000957871 
0.0198463 0.041946 0.00376114 0.0197803 0.00244676 0.0337334 0.000808203 0.0182235 0.00613725 0.0105509 7.88516e-05 0.000679902 0.0267844 0.0088769 0.751342 0.0549168 8.75102e-05 
0.00445949 0.0288673 0.0831761 0.0840955 0.00820104 0.14622 0.000140653 0.198432 0.0465512 0.0138328 5.54401e-07 1.2265e-06 0.0213665 0.00479833 0.211754 0.148104 1.37023e-10 
0.0148793 0.010646 0.018334 0.0171414 0.0289345 0.0228902 0.169679 0.0371647 0.0131282 0.00251868 0.000247888 0.0309217 0.0244575 0.00545703 0.476171 0.119285 0.00814415 
0.0403625 0.060293 0.0112496 0.0270331 0.00915072 0.141945 0.00149674 0.0251895 0.0115661 0.00615819 0.00588142 0.00805579 0.046115 0.0224193 0.391998 0.191014 7.24767e-05 
0.0344171 0.0463861 0.000124704 0.000171333 0.000866149 0.00422782 0.039169 0.0708967 0.0446771 0.00673 7.65124e-05 1.88915e-05 0.000458044 0.0335695 0.645678 0.0709556 0.00157703 
0.0117982 0.0730858 0.00338494 0.00672172 0.0205892 0.0144913 0.0160584 0.217113 0.00426904 0.000858438 4.30263e-05 0.101458 0.0616756 0.000508448 0.400386 0.0673943 0.00016464 
0.0112787 0.0416296 0.056616 0.0172988 0.0381777 0.0276674 0.00849631 0.0629194 0.0114233 0.00300205 0.000213188 0.066341 0.156784 0.00799737 0.31833 0.171813 1.1632e-05 
0.0284304 0.0493178 0.112848 0.0537977 0.0273429 0.0540004 0.00368313 0.0592101 0.0170423 0.00870658 1.22978e-06 0.00180872 0.0516919 0.00868983 0.433492 0.0899011 3.60752e-05 
0.0088517 0.0604593 0.00166518 0.03039 0.0171778 0.0652154 0.0144566 0.0264582 0.00612127 0.00690963 0.000299643 8.2949e-05 0.0190658 0.0265079 0.503904 0.212147 0.000287076 
0.0119467 0.0301783 0.00623203 0.0177527 0.00655269 0.0317742 0.0199602 0.0241179 0.012793 0.0107092 0.00132294 0.0206065 0.022709 0.0137167 0.588472 0.181012 0.000143961 
0.0751103 0.106317 0.011542 0.0231371 0.0263677 0.0467247 0.00503948 0.0601287 0.0116322 0.0399732 2.97737e-05 0.000228527 0.018395 0.0265514 0.305144 0.234676 0.00900348 
0.0212775 0.0393636 0.0784091 0.00951169 0.0202169 0.019643 0.0743954 0.0678005 0.0150894 0.000959158 0.000101366 0.00561323 0.0325233 0.00282145 0.493312 0.118887 7.47565e-05 
0.0486759 0.107231 0.00109569 0.0198287 0.00681091 0.0922227 0.000386215 0.0325677 0.00673395 0.0170366 0.000314868 0.000674074 0.02634 0.0304491 0.361967 0.247656 9.88619e-06 
0.0145956 0.0350909 0.0569131 0.0142032 0.0543075 0.0316214 0.0285365 0.0376392 0.00489951 0.0018721 0.00057441 0.0193028 0.0663626 0.00350642 0.440956 0.189391 0.000227343 
0.0242515 0.0343501 0.0053479 0.0283246 0.0623266 0.0577476 0.000813181 0.0230907 0.0235972 0.0289879 4.80308e-05 0.00564851 0.0543974 0.144265 0.343947 0.162849 7.63361e-06 
0.061328 0.0438616 0.00110119 0.0270946 0.114437 0.047224 0.120176 0.101432 0.0102325 0.00449841 0.000536923 0.01184 0.109545 0.00893653 0.196977 0.139902 0.000878057 
0.0176481 0.0925882 0.0305399 0.0681655 0.00777736 0.0526076 0.00451418 0.0957566 0.0127544 0.00315187 0.000276055 0.00342513 0.023867 0.0184398 0.445134 0.123337 1.6941e-05 
0.0341855 0.118212 0.00299749 0.0234257 0.00898226 0.0912882 0.00352093 0.0507938 0.0191268 0.0473994 8.92077e-05 0.000275355 0.0114462 0.0113549 0.295212 0.281645 4.64515e-05 
0.046334 0.182011 0.000946085 0.0200518 0.0212472 0.0857274 0.000260088 0.047291 0.00768503 0.0522951 0.0101953 5.52616e-05 0.0207885 0.0582549 0.292324 0.154527 7.07919e-06 
0.12113 0.062199 0.00481331 0.016718 0.00930483 0.17576 0.00023205 0.0261676 0.0115579 0.00665101 5.93912e-05 0.000365642 0.0295588 0.0156058 0.290489 0.229186 0.000202591 
0.00927493 0.0186624 0.00518301 0.0119723 0.00253761 0.059972 0.00230589 0.0208266 0.00717388 0.00476521 7.41829e-05 2.23582e-05 0.00736581 0.00450124 0.797435 0.0461994 0.0017284 
0.0505811 0.138243 0.0047222 0.0785813 0.0185016 0.0533353 0.0104725 0.0756712 0.0318697 0.0296897 0.000181187 0.00684156 0.0510543 0.0446351 0.224931 0.180483 0.000206177 
0.0725879 0.0891995 0.00149008 0.048213 0.00952881 0.0418014 0.000149758 0.110023 0.0250847 0.00907297 0.000166662 0.0123033 0.0331936 0.0642865 0.383804 0.0990775 1.74513e-05 
0.0293431 0.0691261 0.0320775 0.0189333 0.00983446 0.0351146 0.00278627 0.0730323 0.0240702 0.0044061 0.00483372 0.00013807 0.0402343 0.00980195 0.454972 0.190544 0.000752072 
0.0466922 0.0593826 0.0121346 0.033175 0.0568845 0.0711044 0.00701634 0.0242638 0.0340894 0.00561004 0.000489749 0.0251319 0.0863142 0.0780034 0.329637 0.129888 0.000183094 
0.0054271 0.0127448 0.000560503 0.0101661 0.000771802 0.0412705 0.0811543 0.0112691 0.00277783 0.00360475 0.00122731 0.000754401 0.00442973 0.0130991 0.576482 0.23422 3.98141e-05 
0.0266833 0.0964002 0.00101169 0.00561814 0.020523 0.0908964 0.0202664 0.0180993 0.0092661 0.0166296 0.000179568 2.96581e-05 0.00623098 0.00625399 0.419469 0.262434 8.72366e-06 
0.0259295 0.0437689 0.000557821 0.00500249 0.00773275 0.022067 0.00695053 0.10843 0.0376036 0.0179568 0.000637279 0.00149653 0.106819 0.0134972 0.444985 0.156498 6.69635e-05 
0.0311116 0.0817735 0.00283152 0.00977629 0.0151449 0.0639198 0.00568271 0.0285635 0.00997331 0.0568737 0.000253876 0.00030541 0.0112511 0.0120565 0.379259 0.290965 0.000258617 
0.0341793 0.0728786 0.001768 0.0183808 0.00908113 0.0352718 0.00196423 0.0737777 0.00746317 0.00834939 0.000256033 0.00236414 0.0128438 0.0172781 0.377582 0.323475 0.00308655 
0.00789914 0.0131047 0.0839843 0.019809 0.0362066 0.0191712 0.0247966 0.0802342 0.00516983 0.000427969 0.000214713 0.00716477 0.081345 0.0272442 0.472867 0.120116 0.000245053 
0.0377187 0.0469713 0.000438637 0.0141674 0.00278279 0.0710609 0.0127739 0.0706183 0.0231297 0.0185286 0.0037314 0.000621636 0.0113393 0.00792523 0.469036 0.209149 7.74867e-06 
0.00815518 0.12566 0.0260452 0.00364531 0.00411737 0.0638667 0.000770572 0.260628 0.0035149 0.00427591 0.000113874 0.000558832 0.000319731 0.00206221 0.442468 0.0335375 0.0202603 
0.0111496 0.0194935 0.00557653 0.0041222 0.00361761 0.0239174 0.00765595 0.014843 0.00976907 0.00552969 0.000891559 0.000203535 0.00620745 0.00829967 0.668787 0.20977 0.000166359 
0.0123831 0.0452659 0.0755624 0.0153308 0.00875548 0.0435729 0.0148047 0.0538196 0.00804363 0.0045929 0.000333613 0.00353869 0.0183645 0.0107398 0.453564 0.231319 9.77586e-06 
0.0367033 0.103344 0.00104616 0.0243081 0.0121805 0.0867979 0.00081581 0.0934031 0.00578196 0.0116609 0.000140597 0.000973617 0.0440352 0.0194296 0.433099 0.125973 0.000307547 
0.00789739 0.0198517 0.00249357 0.0173141 0.00180808 0.0319066 0.0133323 0.0216951 0.018747 0.00359929 0.000435617 0.00049527 0.0162574 0.0129473 0.607258 0.223948 1.35235e-05 
0.0233739 0.0658773 0.00176784 0.00482948 0.0185536 0.040269 0.0119583 0.0512896 0.0066439 0.00757681 5.63029e-05 0.00158174 0.0160033 0.00571479 0.658576 0.0858564 7.22483e-05 
0.010743 0.0859734 0.0125928 0.0129154 0.0113674 0.0561634 0.000308367 0.0920074 0.0328701 0.00421528 0.00167455 0.00728722 0.00613278 0.0132722 0.5348 0.117444 0.000232315 
0.0186768 0.0512051 0.0467535 0.0300156 0.0287591 0.0348406 0.01555 0.018221 0.027422 0.00782874 1.80261e-05 0.00614132 0.0549626 0.0295758 0.479316 0.150674 3.99969e-05 
0.130158 0.0514654 0.0133806 0.0070998 0.00380404 0.0502364 0.00386485 0.0169166 0.0351569 0.0115748 0.000136666 0.000264594 0.0200908 0.00816231 0.496116 0.151559 1.35146e-05 
0.0185792 0.0468393 0.219779 0.00560407 0.00603337 0.0299761 0.00510394 0.0254445 0.00684424 0.00481633 0.000148455 0.00010539 0.0110514 0.0154573 0.493063 0.111032 0.000121804 
0.0259598 0.130765 0.006324 0.0276812 0.00609575 0.0624165 0.0051411 0.147406 0.0211198 0.00530206 0.000399343 0.000208056 0.0223828 0.0622183 0.323139 0.139724 0.0137163 
0.0652029 0.0514539 0.00405106 0.0639809 0.0252353 0.0818029 0.00512492 0.0410004 0.00657884 0.00641919 0.000193895 0.000534093 0.0241434 0.00825996 0.400134 0.21551 0.000374276 
0.0119467 0.0301783 0.00623203 0.0177527 0.00655269 0.0317742 0.0199602 0.0241179 0.012793 0.0107092 0.00132294 0.0206065 0.022709 0.0137167 0.588472 0.181012 0.000143961 
0.0473056 0.194711 0.00264383 0.020479 0.00919808 0.0534652 0.00739817 0.0226777 0.06597 0.122913 0.000172138 0.00513606 0.0301616 0.0161332 0.266209 0.135155 0.00027102 
0.0427894 0.0307427 0.00243172 0.0120391 0.00359218 0.0408387 0.0275056 0.0229681 0.0362135 0.0122264 0.00233495 0.00415009 0.0100664 0.0073706 0.654068 0.0906398 2.28941e-05 
0.0322208 0.0561558 0.00508096 0.00840471 0.00498528 0.0400983 0.0757779 0.0496304 0.0148877 0.00952523 0.000179926 0.000464084 0.00701013 0.00447269 0.521255 0.169813 3.87225e-05 
0.0111496 0.0194935 0.00557653 0.0041222 0.00361761 0.0239174 0.00765595 0.014843 0.00976907 0.00552969 0.000891559 0.000203535 0.00620745 0.00829967 0.668787 0.20977 0.000166359 
0.0282515 0.0182549 0.0429491 0.0257078 0.00339206 0.0433713 0.0090119 0.0114736 0.0184939 0.00573146 0.00277073 0.00494465 0.0245961 0.0117906 0.490815 0.258283 0.000162827 
0.0283926 0.0632634 0.00614424 0.0121144 0.020815 0.066946 0.0149949 0.0854651 0.0134456 0.00646492 0.000270684 0.0105337 0.0248726 0.00932333 0.334286 0.302557 0.000110075 
0.0330753 0.0567493 0.0013687 0.00902902 0.00807465 0.0392569 0.0370554 0.0218616 0.0251981 0.0287773 0.0319298 0.000285742 0.00665902 0.0223256 0.367682 0.310595 7.61874e-05 
0.163151 0.0354642 0.00631701 0.00511688 0.0121373 0.121357 0.00112195 0.0352482 0.0321382 0.00566803 0.000155956 3.03213e-05 0.00345361 0.00680062 0.480671 0.0911604 8.36397e-06 
0.0330918 0.0533286 0.0146308 0.0186848 0.0135217 0.0346912 0.016644 0.0803532 0.0180127 0.0125211 8.99799e-05 3.47687e-05 0.0164304 0.0310211 0.491568 0.165237 0.000138707 
0.043941 0.0438456 0.00263397 0.0347459 0.0119901 0.0309692 0.00418934 0.0375159 0.00503929 0.00305843 0.237717 0.00731567 0.0214383 0.0223868 0.35798 0.134991 0.000241885 
0.020299 0.0600106 0.0264006 0.0116781 0.0189635 0.0330216 0.0208045 0.107354 0.0243097 0.00260059 0.000275225 0.0718253 0.11026 0.0208824 0.349749 0.121217 0.000349094 
0.0400014 0.105105 0.0376743 0.00941688 0.0148354 0.0609655 0.0323067 0.122409 0.0731795 0.00491935 6.06326e-05 0.000517266 0.0108831 0.0134171 0.28683 0.186142 0.00133624 
0.0324282 0.246248 0.0023581 0.0586025 0.0189766 0.0183828 0.00987703 0.0473011 0.0152275 0.0174488 6.94759e-06 7.11231e-06 0.00428591 0.0264353 0.258193 0.187386 0.0568347 
0.0451818 0.0311525 0.0417238 0.020749 0.043825 0.0564709 0.108713 0.0543489 0.0340578 0.00551421 0.000548847 0.00971592 0.171626 0.00671373 0.333521 0.0360548 8.31677e-05 
0.0124711 0.0417116 0.00110835 0.0180713 0.00399728 0.0284694 0.00511746 0.0585115 0.00624524 0.00415401 0.000250397 0.00131871 0.00708381 0.0575812 0.652901 0.100859 0.00014883 
0.0237187 0.0458716 0.000465383 0.103309 0.0452899 0.0287972 0.00366477 0.11402 0.00319625 0.00655362 4.46854e-05 2.58475e-06 0.016508 0.161823 0.353549 0.09318 6.49073e-06 
0.00938236 0.0328162 0.00131665 0.00219345 0.00170483 0.0666758 0.0502624 0.0127877 0.0173638 0.0102776 0.000716683 0.000331289 0.0222157 0.0178472 0.591482 0.162605 2.15959e-05 
0.0199057 0.0721656 0.0190126 0.0175054 0.00853433 0.039015 0.00022457 0.0361933 0.0203835 0.0151733 0.0162592 0.000562939 0.0068284 0.0127773 0.539142 0.176215 0.000101298 
0.0153804 0.0334439 0.0552693 0.0214722 0.0523925 0.0348702 0.00604436 0.0276481 0.00270585 0.00105232 6.92021e-05 0.00545229 0.199435 0.0127208 0.432663 0.0991462 0.000234907 
0.00937499 0.0629583 0.0046947 0.0144221 0.0709437 0.0476233 0.00956785 0.0476244 0.0273928 0.00616586 2.1473e-05 0.128842 0.0870968 0.00471991 0.385663 0.0928223 6.68417e-05 
0.00884196 0.0756189 0.0251666 0.0046542 0.00105259 0.0128427 8.56387e-05 0.0145276 0.0075398 0.0357847 3.42309e-05 0.000350322 0.00729446 0.00430673 0.666125 0.135744 3.11259e-05 
0.0336522 0.0795969 0.00892435 0.0268688 0.0108679 0.0528094 0.00196093 0.100582 0.00839312 0.0153704 4.60583e-05 5.04554e-05 0.059464 0.157235 0.35702 0.0866676 0.000491407 
0.0567331 0.0529143 0.00694963 0.0119427 0.00709953 0.0424872 0.00793909 0.0991919 0.0177588 0.00615163 0.0110304 1.46742e-05 0.0245252 0.0289914 0.479665 0.146411 0.000193987 
0.0258794 0.0763742 0.040121 0.0174491 0.0276721 0.0258795 0.00381641 0.0880155 0.00635698 0.0224119 8.55282e-06 0.00616938 0.153853 0.0278369 0.346336 0.131782 3.73039e-05 
0.0263241 0.0532088 0.00326664 0.0125542 0.00433041 0.0624061 4.91179e-05 0.017676 0.0236572 0.00428546 0.00938607 0.000103735 0.0160921 0.183586 0.343402 0.239672 4.29661e-07 
0.0181182 0.0694834 0.0207725 0.00231818 0.00416528 0.0554182 0.00146497 0.0242 0.010847 0.00165223 0.00018044 4.367e-05 0.010388 0.190018 0.537984 0.0529423 3.77044e-06 
0.0568321 0.0845151 0.0136178 0.00623977 0.00397205 0.0644367 0.00693739 0.0226488 0.0198461 0.00658667 0.000157184 3.16334e-05 0.00958022 0.00875158 0.5807 0.115098 4.89548e-05 
0.0296935 0.117878 0.00220829 0.0176532 0.0083743 0.0772034 0.0191027 0.0144793 0.0226458 0.00535559 0.000140934 0.000592428 0.0348544 0.0191761 0.470458 0.160168 1.61387e-05 
0.022819 0.0194646 0.000858235 0.0233862 0.00326522 0.0884319 0.0101712 0.0330985 0.0189359 0.0078384 0.000487191 0.000416652 0.0061762 0.068438 0.513491 0.182558 0.000163474 
0.0548841 0.047625 0.167896 0.0433445 0.0248588 0.0613686 0.00293633 0.144647 0.0421783 0.0078752 0.0108714 0.00722027 0.0367689 0.00687552 0.173862 0.166517 0.000271381 
0.0178752 0.152532 0.00614449 0.0483835 0.00562344 0.0487524 0.00434954 0.10537 0.00484359 0.00474946 0.000154503 0.00592837 0.0219694 0.0701518 0.398086 0.102717 0.00236966 
0.0163694 0.245006 0.00607523 0.018475 0.0140477 0.0808071 0.00502436 0.119451 0.021952 0.0110272 5.94541e-05 0.00441235 0.0364148 0.011533 0.283329 0.12532 0.00069606 
0.0107893 0.110489 0.00166369 0.126687 0.016719 0.0288677 0.0175933 0.067656 0.0308568 0.0118704 0.000203788 0.005624 0.0643495 0.0209133 0.298243 0.187337 0.000138021 
0.0264294 0.108984 0.00283534 0.0172609 0.00458532 0.064089 0.00557305 0.0393791 0.0410573 0.0204076 6.9123e-05 0.000681218 0.0932142 0.020189 0.294038 0.261206 1.06124e-06 
0.0338537 0.106624 0.00896302 0.0158213 0.00403689 0.123924 0.00457045 0.0314941 0.0220629 0.00398619 0.000581455 0.000140398 0.0182026 0.0340926 0.392293 0.199291 6.214e-05 
0.091004 0.04292 0.0434026 0.0101822 0.000953603 0.0144302 0.00102476 0.0246232 0.0131686 0.0125043 0.000217492 0.000306594 0.0182139 0.00778261 0.558342 0.160844 7.95354e-05 
0.024967 0.0586181 0.000752446 0.0284202 0.00948117 0.049577 0.0193559 0.0364072 0.00775233 0.0221316 0.00100792 3.07101e-05 0.0144669 0.0210637 0.378422 0.327491 5.38765e-05 
0.0129631 0.0303193 0.00652815 0.0602299 0.0741649 0.0592576 0.0107845 0.0989546 0.00141428 0.00191891 7.04369e-05 0.0273949 0.0713556 0.00544765 0.42744 0.111702 5.42626e-05 
0.102832 0.130378 0.0049704 0.0300254 0.043658 0.0473074 0.00183597 0.0925302 0.011511 0.00960571 0.000818365 0.00122736 0.125102 0.0391488 0.233233 0.125813 4.14789e-06 
0.0296858 0.0543215 0.00222907 0.0162877 0.0158709 0.0588889 0.027571 0.0908057 0.0255027 0.00295993 0.000191425 0.00103468 0.0197433 0.0178168 0.474537 0.160271 0.00228188 
0.0166399 0.0417463 0.0294688 0.0607108 0.0141553 0.0341235 0.00538774 0.0945655 0.00927647 0.000750053 0.000550526 0.0175564 0.178177 0.0753749 0.369166 0.0522502 9.99442e-05 
0.0185299 0.0949511 0.002628 0.0143917 0.00480024 0.0674441 0.00568363 0.0283971 0.0229332 0.0111306 0.000106498 0.00111743 0.0161835 0.00398182 0.614524 0.0931784 1.911e-05 
0.0335139 0.0536886 0.0136695 0.033239 0.0478326 0.0553324 0.00999284 0.111213 0.00565374 0.00384846 0.000145084 0.00179427 0.0461174 0.00743659 0.321752 0.25471 6.03975e-05 
0.0415863 0.080341 0.0528496 0.0976981 0.0420343 0.0184163 0.00191688 0.0552502 0.0356197 0.00605974 2.71628e-05 0.0107674 0.212607 0.011497 0.263353 0.0693991 0.000576546 
0.067107 0.0321621 0.0335606 0.0374763 0.0458252 0.0295869 0.0278588 0.0782345 0.0201823 0.00426368 1.27093e-05 0.00406574 0.0727033 0.0315499 0.4141 0.100855 0.000455672 
0.0531377 0.0245479 0.0186716 0.290285 0.00126452 1.38561e-06 0.00158535 0.196165 0.00165423 4.10127e-07 1.38087e-07 1.33245e-05 0.0298349 0.00122639 0.3816 8.21905e-06 3.51612e-06 
0.0801333 0.0486486 0.0341584 0.0305908 0.00456114 0.024702 0.000599299 0.015315 0.0154762 0.00276347 0.00647586 1.50824e-05 0.00314535 0.0218337 0.650753 0.0605897 0.000239471 
0.0802756 0.0398724 0.00817005 0.0304483 0.0270205 0.0389773 0.0338598 0.0372903 0.0510859 0.00405887 0.000142103 0.0365104 0.0572134 0.0296026 0.323057 0.202303 0.000111865 
0.0190822 0.0494794 0.121365 0.0562101 0.0380772 0.0257949 0.0122707 0.106946 0.0288702 0.00538412 0.000131899 0.0166386 0.0540611 0.0165068 0.404092 0.0450553 3.43858e-05 
0.0314305 0.034789 0.00545431 0.0236715 0.0090448 0.040691 0.0498108 0.0260229 0.00763948 0.00253396 0.0304406 9.80392e-05 0.0247136 0.0230223 0.509395 0.178421 0.00282028 
0.0499429 0.0807418 0.00254659 0.00775718 0.0243684 0.0686652 0.0329111 0.123349 0.0156583 0.00577723 6.43489e-05 0.000576057 0.00343031 0.00342111 0.469535 0.110856 0.000400181 
0.00694234 0.0381627 0.00140424 0.0108862 0.00604855 0.0338503 0.0934602 0.043111 0.0040846 0.025459 0.0223412 0.000533886 0.00919355 0.0637637 0.477726 0.162957 7.5257e-05 
0.0299903 0.0605972 0.0111256 0.0239714 0.00778657 0.0286431 0.00451092 0.0827459 0.00886517 0.00155504 0.041081 0.0007671 0.0147088 0.0424379 0.439577 0.196429 0.00520769 
0.0234759 0.0731211 0.0113024 0.014318 0.0541146 0.0536025 0.0114369 0.0409595 0.00797155 0.00646612 0.0656543 0.00573789 0.0470541 0.0058569 0.411356 0.167392 0.000180493 
0.0606386 0.116194 0.020865 0.0256368 0.0303688 0.0922763 0.0181884 0.0943945 0.0644789 0.0279726 0.000747865 0.0114697 0.0201358 0.00815925 0.234815 0.173464 0.000195174 
0.026515 0.0480717 0.0366282 0.0771471 0.019143 0.0254644 0.0185916 0.0360465 0.0124712 0.00180241 1.37155e-05 0.0106498 0.04992 0.0121967 0.533184 0.0920978 5.69829e-05 
0.120105 0.0840759 0.00166134 0.0315393 0.00441235 0.0501394 0.00636229 0.0471797 0.0208354 0.00571021 0.00027043 5.2977e-05 0.0162677 0.0982435 0.32672 0.176941 0.00948324 
0.00221909 0.0332868 0.000817518 0.00481234 0.00561831 0.0164032 0.000104652 0.0243104 0.0203395 0.000736197 0.00119312 5.5401e-05 0.000795291 0.128933 0.64083 0.11798 0.00156461 
0.0154416 0.0466771 0.0012763 0.196116 0.0471596 0.142297 0.00181171 0.028436 0.064434 0.0337755 0.000191513 0.00495949 0.123449 0.0103404 0.244613 0.0388357 0.000186464 
0.0215186 0.0455968 0.0111654 0.0131799 0.00774939 0.0398752 0.00407835 0.0344913 0.0072752 0.00564487 0.000416805 0.000794118 0.0161051 0.0167216 0.652705 0.122641 4.10526e-05 
0.00756952 0.0291036 0.00436172 0.0260856 0.00370609 0.0423044 0.0150195 0.0401385 0.00510071 0.00142785 0.189629 0.000854472 0.0509906 0.0563014 0.363331 0.16238 0.00169558 
0.0182507 0.146042 0.0030085 0.0086558 0.0239219 0.0527101 0.0563866 0.0263419 0.0353505 0.0148347 0.00043276 1.30316e-05 0.00442633 0.00524276 0.468137 0.11641 0.0198345 
0.0233856 0.0448606 0.0199218 0.00976265 0.00441077 0.0532194 0.0117329 0.0319554 0.0124504 0.0105684 4.00799e-05 0.00038044 0.00770419 0.00610936 0.704117 0.0591967 0.000184278 
0.0676417 0.0777886 0.00218348 0.0161471 0.0188835 0.181128 0.00232207 0.0956055 0.0227557 0.0211786 8.659e-05 0.00190701 0.0132317 0.0117029 0.32221 0.144972 0.000255561 
0.0221256 0.0753481 0.0223714 0.00893034 0.00981076 0.0687478 0.0125957 0.0477134 0.0505746 0.0241898 0.000169085 0.00326056 0.0442804 0.00637482 0.471878 0.131449 0.00018121 
0.0150553 0.0742117 0.00683777 0.0295978 0.0599815 0.0538221 0.0147652 0.0845999 0.0234503 0.00278171 0.000421275 0.141816 0.156192 0.0124595 0.165347 0.15469 0.00397034 
0.00923674 0.042396 0.0255064 0.0100646 0.00434267 0.0468544 0.00898794 0.017306 0.0270822 0.0108027 0.00172071 0.00185152 0.0265875 0.017724 0.584542 0.164739 0.000255324 
0.0404349 0.0645272 0.0142602 0.0345334 0.0301677 0.0494939 0.00465317 0.0515522 0.0185026 0.0157918 0.000490959 0.00370592 0.174179 0.021239 0.322003 0.154451 1.46789e-05 
0.0312003 0.0303813 0.00130663 0.00550541 0.00118182 0.0225152 0.00584066 0.00626656 0.029733 0.00058798 0.000762884 6.16157e-06 0.0030882 0.00505894 0.770936 0.0856213 7.58266e-06 
0.113053 0.114143 0.0286777 0.0181685 0.0126427 0.0999939 0.0264231 0.0440193 0.0249545 0.00912932 7.92717e-05 0.00127948 0.016792 0.0323621 0.315996 0.142258 2.84902e-05 
0.0096566 0.0803447 0.0346339 0.0209163 0.0480722 0.018493 0.0129243 0.0197721 0.0193264 0.000386315 9.09306e-05 0.00828938 0.0586609 0.0165168 0.574209 0.0772549 0.000452464 
0.177302 0.0703973 0.015126 0.0385993 0.00290684 0.0711522 0.00300354 0.0754833 0.123996 0.0163934 0.000220944 0.00102709 0.0493498 0.0316141 0.212747 0.110247 0.000433962 
0.0546122 0.0500939 0.00942944 0.0186086 0.0111513 0.0306339 0.00169885 0.0309213 0.0488668 0.0103019 0.00011761 2.28103e-05 0.0263793 0.0309188 0.582751 0.0933738 0.000119013 
0.0160449 0.0946394 0.000938734 0.0115822 0.00219437 0.0454883 3.83709e-05 0.270433 0.00985289 0.00270679 0.00013761 5.91815e-06 0.0101787 0.00285017 0.348528 0.1562 0.02818 
0.0612947 0.137013 0.0123111 0.0311349 0.00377708 0.114233 0.000305714 0.140839 0.0275557 0.0108084 3.62631e-05 0.00202014 0.14622 0.0307072 0.237357 0.0443676 2.0041e-05 
0.140279 0.0501109 0.000550209 0.0115887 0.0115461 0.064685 0.00114003 0.0551094 0.00456327 0.00528308 0.0061812 0.000144914 0.00748307 0.0541693 0.521578 0.0655451 4.25058e-05 
0.0390247 0.059898 0.00466111 0.0528725 0.0239604 0.0906877 0.0427621 0.036471 0.0243681 0.00668242 0.00519386 0.00186784 0.0332792 0.0153253 0.319224 0.243609 0.00011227 
0.011424 0.164448 0.0176936 0.00392063 0.00559619 0.053484 0.00159264 0.0590998 0.160895 0.0350463 1.67635e-05 0.00413521 0.0125583 0.00849305 0.246866 0.21468 5.06318e-05 
0.0307571 0.0293363 0.0030551 0.0108933 0.00713396 0.0983456 0.00463419 0.0122117 0.0085918 0.0281116 0.00063436 0.00237816 0.0883132 0.0568272 0.350669 0.267984 0.000123258 
0.0145389 0.0257298 0.0104819 0.142459 0.00195083 0.0855113 0.0045026 0.0671358 0.00279661 0.00426265 1.01405e-05 1.82935e-05 0.00394451 0.0686246 0.386828 0.181194 1.05284e-05 
0.0446983 0.084138 0.106349 0.0415879 0.00893796 0.0498296 0.0123767 0.0523282 0.030339 0.00362041 0.00044712 0.0131365 0.0448031 0.00893034 0.371389 0.126796 0.000292919 
0.109291 0.0642057 0.0210764 0.00875337 0.00304348 0.0424488 0.000296527 0.0687083 0.0922659 0.00869752 2.7515e-05 0.000957943 0.0256167 0.00972728 0.349754 0.195102 2.72897e-05 
0.0485916 0.0491219 0.0011995 0.0460137 0.0193645 0.0710173 0.0152315 0.0407623 0.0134254 0.0147099 0.000278785 0.0211094 0.0400124 0.217029 0.244928 0.156803 0.000402364 
0.00810571 0.0737532 0.000401632 0.00925247 0.021732 0.0467075 0.018153 0.12393 0.00895945 0.00213384 0.000198011 0.000701542 0.010019 0.0358639 0.356187 0.283655 0.00024642 
0.0161988 0.0274861 0.0105908 0.0193958 0.0314597 0.047017 0.00613262 0.0267056 0.00234062 0.00119638 3.49057e-05 0.00566701 0.0393773 0.00571024 0.554027 0.204932 0.00172802 
0.040955 0.0685467 0.00972219 0.0234094 0.0277379 0.0768904 0.0239754 0.0407098 0.0387937 0.0155973 1.31269e-05 0.00242932 0.0556752 0.0126344 0.442095 0.118806 0.0020092 
0.0285952 0.0357043 0.00943515 0.0209878 0.0458774 0.0283871 0.00307003 0.0416648 0.0050652 0.00830134 2.84295e-05 0.003937 0.0683029 0.0185289 0.580075 0.10175 0.000289499 
0.0320003 0.133199 0.00762907 0.0272887 0.00379222 0.0599797 0.000571662 0.0112707 0.0439351 0.0551727 9.88436e-05 0.00650174 0.0167922 0.00585943 0.490204 0.105612 9.18444e-05 
0.0282567 0.0969765 0.00286414 0.00919954 0.0166891 0.0306688 0.00613028 0.0422251 0.0119573 0.00194018 3.01504e-06 0.0050112 0.087138 0.018361 0.504825 0.137672 8.24863e-05 
0.157031 0.0738544 0.0067927 0.00313614 0.00643655 0.0371512 0.0297082 0.00995408 0.0438024 0.00199157 0.00165653 1.68712e-05 0.00168259 0.0051988 0.512435 0.109113 3.8999e-05 
0.0333463 0.0488993 0.00383171 0.0272323 0.0278565 0.126324 0.0165837 0.0386288 0.00588791 0.00235596 0.000103175 0.00789755 0.110867 0.0362583 0.274989 0.238858 8.07054e-05 
0.0817747 0.147855 0.00404667 0.024196 0.0259446 0.142664 0.00152274 0.0659008 0.0646947 0.0212232 0.0101433 0.00297979 0.0860554 0.0323555 0.17213 0.11648 3.38462e-05 
0.0450569 0.101824 0.000851495 0.00351007 0.0481603 0.132478 0.0289084 0.014883 0.0183173 0.036899 0.0159854 9.31635e-05 0.00997136 0.00651997 0.371979 0.16456 1.68557e-06 
0.0274081 0.0279777 0.00889234 0.0211636 0.0143484 0.0453037 0.0261348 0.0111937 0.0352488 0.00508257 0.000608842 0.00110329 0.0206663 0.0332744 0.545318 0.176172 0.00010307 
0.032273 0.0425985 0.00358255 0.0160393 0.00897292 0.0567071 0.0274615 0.0410332 0.0160804 0.00482394 0.00631032 0.000315985 0.00915783 0.0223123 0.45145 0.260679 0.00020277 
0.000161953 0.00121284 2.757e-06 0.00381615 9.40972e-06 0.00125143 0.00093911 1.27484e-09 1.87421e-05 9.87745e-05 1.90528e-05 4.99633e-05 1.9719e-09 0.000507992 0.991908 3.37057e-06 2.25409e-08 
0.00145832 0.0389453 0.000653615 0.000670558 1.16914e-07 0.0112021 0.000855902 0.000363024 0.00035696 0.000157271 0.00708233 7.57552e-06 0.00187003 0.000458357 0.888786 0.0471311 1.60348e-06 
0.0628589 0.112496 4.10395e-05 0.0120049 0.00488251 0.172022 2.03388e-05 0.0346695 0.00336182 0.0012501 7.6616e-05 3.89527e-05 0.00451876 0.0156623 0.31171 0.264315 7.08483e-05 
0.025306 0.0583742 0.00742797 0.025243 0.0138409 0.0300306 0.0349125 0.0252246 0.0284132 0.0120409 0.000221918 0.00256803 0.0417676 0.00736823 0.536169 0.150912 0.000179114 
0.0138875 0.0695894 0.00121385 0.0482561 0.00674235 0.0784031 0.000184759 0.0940735 0.00605984 0.00893836 0.0049698 0.000384153 0.0971913 0.0272382 0.298722 0.183926 0.0602194 
0.0298239 0.0346829 0.0073854 0.0965516 0.0492709 0.0604157 0.00784857 0.0438021 0.0148244 0.0196618 6.24189e-05 0.00456599 0.162057 0.0548435 0.299829 0.114358 1.70787e-05 
0.00496609 0.0457731 0.0679174 0.0278678 0.00746989 0.0575354 0.0103518 0.0482864 0.00959259 0.0204197 0.000319459 0.00111442 0.0445901 0.0108272 0.477026 0.165934 8.91811e-06 
0.0244112 0.0848381 0.00844201 0.0560878 0.00687945 0.0885117 0.00198362 0.111626 0.100544 0.00854315 0.000458925 0.00348089 0.00597801 0.039984 0.262602 0.195572 5.72952e-05 
0.0558471 0.0795935 0.00685497 0.0374237 0.0522329 0.0748025 0.00910287 0.0521205 0.00815947 0.00317107 0.000508119 0.000890008 0.0320218 0.0283091 0.395884 0.16278 0.00029869 
0.0257426 0.0598123 0.00334321 0.00987649 0.00417743 0.0369792 0.00242281 0.0450345 0.100826 0.00645041 0.000830983 0.117349 0.0348043 0.0122675 0.458328 0.0815597 0.000195834 
0.0914511 0.0961286 0.0224907 0.00863751 0.0108639 0.0580662 0.00252229 0.0475917 0.0493252 0.00759389 0.000228361 0.000277338 0.0364784 0.0070018 0.387226 0.169991 0.0041265 
0.0163464 0.0415271 0.0436247 0.0143485 0.00745638 0.0520582 0.000637479 0.0190788 0.0261659 0.0171535 0.000580903 3.75375e-05 0.0184969 0.0216877 0.550733 0.170016 5.12419e-05 
0.023895 0.0447449 0.00892032 0.0120387 0.026881 0.112396 0.00164053 0.05363 0.00851381 0.0179109 0.000320079 0.0096186 0.0417168 0.050239 0.415141 0.17236 3.41046e-05 
0.131567 0.0655883 0.00250011 0.0426282 0.0412516 0.0301091 0.00390971 0.125773 0.00586017 0.000837545 4.82209e-05 0.00431103 0.162189 0.0163784 0.270332 0.0957462 0.000971316 
0.0209214 0.0388705 0.0152883 0.0329815 0.0139954 0.0526372 0.000517868 0.0231653 0.0132931 0.00719352 0.00126537 0.00156177 0.017855 0.048952 0.662225 0.0491763 0.000100922 
0.0174791 0.0201486 0.0176799 0.0732987 0.0417304 0.0478879 0.00180629 0.0258551 0.00229662 0.000940786 0.00151986 0.000740208 0.0804177 0.0119055 0.499449 0.155936 0.00090867 
0.0240118 0.0480806 0.010244 0.0227621 0.134696 0.0148156 0.0198314 0.0664199 0.0149604 0.00193499 0.000340341 0.00331294 0.128812 0.00888096 0.362773 0.136778 0.00134611 
0.0150855 0.0360692 0.00135882 0.00879204 0.00544521 0.0893296 0.00219555 0.0122148 0.00947847 0.0228522 0.000835514 0.000100197 0.013628 0.0129761 0.662277 0.107331 3.13236e-05 
0.00720603 0.0522595 0.0903832 0.00543663 0.00109076 0.0258862 0.0105382 0.00844876 0.0195748 0.00333173 0.000722899 0.000540296 0.0118286 0.0051091 0.665705 0.0917293 0.000208656 
0.0643439 0.200925 0.0189173 0.0338211 0.0102894 0.185987 0.00128323 0.120438 0.0332517 0.00999581 0.000251473 0.000376343 0.0156305 0.00548592 0.241287 0.0572521 0.000464285 
0.0184103 0.0806232 0.00412142 0.0402715 0.00134656 0.0849456 0.000511557 0.0553523 0.0244755 0.0183396 0.000408416 0.000255021 0.0217652 0.01637 0.469267 0.162969 0.000568018 
0.0312248 0.0317452 0.0161393 0.161264 0.0325502 0.0196892 0.00804679 0.0996877 0.0399787 0.00227049 0.0154616 0.0114335 0.0494893 0.0232886 0.255835 0.193178 0.00871794 
0.0359403 0.11945 0.0251239 0.00877247 0.0101062 0.0350554 0.0667789 0.0569508 0.0144523 0.000675485 0.000219661 0.0105473 0.257575 0.00979104 0.268039 0.0804743 4.81515e-05 
0.0308066 0.0542269 0.0132118 0.0261474 0.0180336 0.0758324 0.00343047 0.0278735 0.0239604 0.0277324 0.00158201 0.000617093 0.0266146 0.159521 0.334155 0.176205 4.98944e-05 
