0.10413 0.102781 0.00366187 0.0917612 0.0219823 0.174065 0.00120635 0.0798739 0.0239702 0.0109123 0.000247379 0.00705249 0.0400524 0.0611293 0.097576 0.179469 0.000128543 
0.0774166 0.0355159 0.00603537 0.173486 0.038876 0.0942836 0.00150469 0.0727087 0.0244064 0.00393561 0.00156574 0.00418231 0.030522 0.0467163 0.0325626 0.355757 0.000525586 
0.0343376 0.128022 0.00614054 0.00862241 0.0547068 0.105268 0.00280665 0.0526461 0.0224846 0.0270327 9.72796e-05 0.00012644 0.00538488 0.0101308 0.0896766 0.45246 5.56066e-05 
0.190742 0.0846734 0.00172082 0.0085627 0.0106557 0.0786624 0.00142884 0.0429126 0.00627693 0.00280924 2.33189e-06 9.55725e-06 0.0166575 0.00906556 0.0391235 0.505003 0.00169385 
0.0738879 0.114514 0.00914638 0.031403 0.0149231 0.084114 0.00675184 0.051221 0.037935 0.0156461 0.000355915 0.00587471 0.0373811 0.0420063 0.219063 0.224232 0.0315446 
0.0328287 0.0601658 0.00188779 0.0283698 0.0184133 0.0909886 0.0331824 0.0342165 0.0168789 0.0119008 0.000618069 0.00954245 0.0157149 0.00955043 0.213091 0.422434 0.000216647 
0.0904099 0.116731 0.0076645 0.0632561 0.0141327 0.156388 0.00178038 0.0431638 0.0567785 0.0110703 0.000487834 0.00383493 0.0839274 0.0581398 0.110086 0.18168 0.000468319 
0.0204355 0.0469608 0.00394599 0.019484 0.00449072 0.0580089 0.00844283 0.06324 0.0243997 0.00575217 0.000431945 0.000285107 0.0366563 0.0103651 0.157393 0.539486 0.000222392 
0.0864295 0.0963061 0.0113769 0.0333201 0.0724507 0.08265 0.00164001 0.0949138 0.0450908 0.0053055 0.0200114 0.00419548 0.0612557 0.0166154 0.130681 0.237499 0.000258416 
0.0469162 0.0505648 0.00205695 0.0143687 0.00266114 0.129452 0.0294795 0.0229026 0.0182938 0.0172463 0.000238798 0.000194372 0.00868503 0.0174553 0.260384 0.378892 0.000209047 
0.0210888 0.0356267 0.0153375 0.014954 0.0171742 0.0209669 0.0258252 0.0715943 0.0191819 0.00139417 0.000106487 0.0131227 0.0399478 0.00594868 0.165583 0.531359 0.000789013 
0.0355939 0.09342 0.00624644 0.0482258 0.0248083 0.0944095 0.0315033 0.0854618 0.0234064 0.018226 0.000504746 0.0100001 0.029491 0.029508 0.226364 0.242024 0.000807126 
0.0118886 0.00783295 0.0435138 0.0146965 0.179404 0.017876 0.0305832 0.147909 0.00636833 0.000296239 2.44627e-05 0.00493485 0.0268764 0.00186647 0.169334 0.336569 2.52984e-05 
0.0478372 0.034383 0.00555628 0.0569819 0.0309559 0.0963234 0.00444236 0.0726307 0.0182132 0.00224686 0.000236071 0.003149 0.264026 0.0201695 0.0728484 0.267741 0.00225951 
0.0293979 0.054531 0.0187126 0.0157022 0.024121 0.219756 0.00879418 0.0273283 0.0325854 0.0114278 0.000474329 0.00574842 0.0305285 0.00857505 0.142345 0.369648 0.000323923 
0.0684158 0.0481063 0.00297863 0.108336 0.123755 0.0743481 0.0145833 0.0470519 0.0213093 0.00396141 0.000473106 0.00305572 0.0256324 0.0332218 0.163337 0.261204 0.000230941 
0.0685369 0.0558163 0.0074741 0.0347544 0.0213251 0.119218 0.00911138 0.0388915 0.036629 0.016416 0.000322346 0.00314835 0.0337402 0.0759224 0.116135 0.362174 0.000385429 
0.0469358 0.0828944 0.00488676 0.0576771 0.0548016 0.0978967 0.00214652 0.101165 0.0273171 0.0238839 0.000310087 0.00150803 0.0372662 0.0669116 0.0991621 0.293915 0.00132215 
0.0185583 0.0100586 0.00155028 0.0741206 0.0120213 0.0614049 0.0130645 0.0220429 0.00862633 0.00065345 0.000374847 0.00055846 0.00846838 0.0404205 0.0798913 0.646616 0.00156944 
0.0264417 0.158674 0.00483295 0.107362 0.00891465 0.0801439 0.000265867 0.0212791 0.0234289 0.0134194 7.00127e-05 3.26827e-05 0.0289651 0.0175913 0.206846 0.30172 1.17195e-05 
0.214546 0.0801138 0.00293269 0.0060659 0.00752225 0.07482 0.000575968 0.0269299 0.0406064 0.0235346 0.00028004 4.80811e-06 0.00567504 0.00643915 0.0481831 0.461376 0.00039433 
0.0163003 0.102294 0.00472336 0.108641 0.0194507 0.112631 0.00383322 0.0983347 0.00779873 0.00243257 0.000167204 0.00267022 0.101957 0.0202105 0.194586 0.203968 1.29978e-06 
0.0273367 0.0989765 0.0159462 0.172658 0.0395305 0.0546717 0.00983811 0.179018 0.0188868 0.0228339 0.000889668 0.0109287 0.0525897 0.0441629 0.066811 0.184469 0.000452466 
0.185674 0.0504347 0.00824118 0.027193 0.0244708 0.110525 0.000624506 0.0575429 0.0197051 0.006009 0.000860965 0.00341701 0.0999061 0.109353 0.0847178 0.209314 0.00201085 
0.0976487 0.0688928 0.0022408 0.0107165 0.0171258 0.091883 0.031041 0.0299334 0.0305827 0.00579821 0.000221115 0.000197266 0.00302015 0.014396 0.0988177 0.497251 0.000233993 
0.0871233 0.0958745 0.00149905 0.0215587 0.00591079 0.156848 0.000762899 0.0357977 0.0228967 0.0320262 0.000333348 0.00483054 0.0137453 0.00650133 0.0977181 0.41524 0.00133344 
0.036714 0.0879736 0.00403127 0.0231385 0.00921724 0.178986 0.00262914 0.047755 0.0284539 0.0217052 4.46336e-05 0.00304997 0.0192751 0.0146846 0.121015 0.401284 4.20573e-05 
0.0341523 0.128405 0.0475392 0.0263154 0.038352 0.165845 0.038419 0.0643109 0.0232612 0.0212871 0.000523201 0.00637316 0.0454933 0.0248339 0.12582 0.208297 0.000771736 
0.0397821 0.061885 0.00820637 0.0415282 0.0429549 0.0768587 0.00852789 0.222661 0.0158657 0.00635364 0.000240245 0.00476382 0.0667517 0.0266954 0.126608 0.247998 0.00231987 
0.0161989 0.0925201 0.00509893 0.0410938 0.156379 0.0297973 0.0187663 0.0808231 0.0776284 0.00670565 0.000103093 0.00103751 0.0735151 0.026355 0.133384 0.23933 0.00126395 
0.110565 0.0644672 0.00493835 0.0152826 0.0607303 0.192499 0.00426748 0.0426117 0.120947 0.00831161 0.000294538 0.0172573 0.0222251 0.00693533 0.0538211 0.274617 0.000229563 
0.0639252 0.0533517 0.00456717 0.0415321 0.0782328 0.131875 0.00858718 0.0527562 0.0337572 0.0107962 0.001692 0.00488502 0.0260048 0.0431342 0.087692 0.356811 0.000399768 
0.0314224 0.0533648 0.0028772 0.0177849 0.0186653 0.0610045 0.0217464 0.0558274 0.0266795 0.0121155 0.000528428 0.00023967 0.00851968 0.026068 0.0846803 0.57823 0.000245718 
0.252762 0.042837 0.0210691 0.0134808 0.0207979 0.117155 0.00457671 0.077684 0.0105928 0.011325 3.52164e-05 7.27652e-06 0.0134213 0.016647 0.0610705 0.336176 0.000361847 
0.0206797 0.0200355 0.0188411 0.0837158 0.0267897 0.0795979 0.00585726 0.0509053 0.00824199 0.0200431 0.000351722 0.00244115 0.0586564 0.0183215 0.285732 0.299503 0.000287063 
0.0923583 0.0565785 0.00545369 0.0328958 0.0128133 0.248371 0.0164421 0.0488125 0.0399776 0.018494 0.000366794 0.00286946 0.0175332 0.0164625 0.121324 0.26888 0.000366978 
0.141181 0.145331 0.00139903 0.0159311 0.0104371 0.135792 0.00520302 0.0358694 0.0196837 0.0469318 0.000353976 0.00879859 0.0370334 0.042971 0.16162 0.191335 0.000128992 
0.128058 0.127978 0.00477586 0.0719989 0.0104494 0.125066 0.00315643 0.0570432 0.0834134 0.00835764 0.000534856 0.00159128 0.0317367 0.0541553 0.080536 0.210791 0.000357412 
0.0700044 0.0841327 0.00328659 0.0531577 0.018119 0.12467 0.00371932 0.229301 0.0320892 0.0104334 0.010405 0.00209684 0.0271894 0.011792 0.0458515 0.253246 0.0205057 
0.321361 0.0438855 0.00299802 0.0174447 0.00351684 0.0386907 0.0126195 0.0452819 0.0372522 0.00351767 0.000132748 0.000639344 0.0283657 0.0159456 0.0810872 0.346723 0.000538192 
0.00819054 0.078904 0.00308065 0.0147497 0.0128129 0.0241116 0.0546399 0.0934915 0.0226268 0.00214614 0.00252179 0.00925315 0.0533253 0.00969552 0.281974 0.327647 0.000830035 
0.0677953 0.0640776 0.00767176 0.0471352 0.0463303 0.195834 0.0123063 0.195447 0.0197228 0.00687221 0.000225009 0.00542383 0.0286609 0.0139506 0.0827086 0.205694 0.000144609 
0.0336564 0.0541341 0.00865435 0.186258 0.0482125 0.139869 0.0063779 0.10354 0.0101426 0.0018632 0.000114374 0.0384144 0.0768745 0.0221487 0.0497624 0.219959 1.89884e-05 
0.0260557 0.10508 0.00150624 0.0131243 0.0473712 0.102691 0.0161001 0.0725409 0.0429986 0.0162186 2.33323e-05 0.0203437 0.0330291 0.0126679 0.121731 0.368517 1.29841e-06 
0.0534978 0.0447129 0.0015351 0.0169257 0.100497 0.0812727 0.0285033 0.148888 0.0121223 0.0438521 0.000389421 0.00275853 0.0180961 0.00801788 0.072507 0.366368 5.5307e-05 
0.0553693 0.0530696 0.00496549 0.0788557 0.0401898 0.121282 0.00480592 0.180428 0.0203318 0.00795407 0.000284879 0.00733231 0.0502251 0.030762 0.127085 0.215991 0.00106774 
0.0193478 0.0797168 0.0297652 0.133451 0.00792507 0.0447349 0.00847224 0.032426 0.0395414 0.00784567 0.00164519 0.0020905 0.022208 0.0275949 0.256159 0.286827 0.000249154 
0.0417247 0.044283 0.00399365 0.209979 0.0219523 0.129631 0.00611336 0.0517939 0.0209631 0.00773647 0.000301263 0.00130121 0.0160405 0.0595717 0.069078 0.315236 0.000300339 
0.0752417 0.1256 0.0050046 0.0186456 0.00171107 0.16167 0.000463042 0.0254738 0.00745642 0.00516357 0.000438974 9.75827e-06 0.00213089 0.0180767 0.183885 0.36894 8.93521e-05 
0.00918274 0.0623779 0.00579989 0.00740371 0.00655605 0.0878506 0.00060329 0.0276586 0.0181531 0.00500054 0.000712992 0.0012729 0.0131418 0.0143838 0.323904 0.415937 6.17014e-05 
0.137589 0.0633082 0.00591534 0.0155137 0.0162644 0.0782288 0.0258446 0.0342204 0.0191877 0.0162283 0.00017653 0.000464537 0.040699 0.0335712 0.095501 0.417212 7.52894e-05 
0.0368618 0.0165475 0.00829216 0.0645921 0.0291965 0.0453791 0.0663993 0.0326395 0.0037121 0.00203878 0.000339053 0.00269441 0.16282 0.0170273 0.187874 0.323585 9.89099e-07 
0.0201733 0.0452043 0.00450113 0.0756995 0.0236614 0.0658874 0.00535658 0.0915431 0.0157837 0.0166894 0.000270575 0.0018354 0.0106425 0.0322494 0.12946 0.460975 6.70232e-05 
0.0875741 0.0363734 0.0121609 0.0177907 0.0778316 0.124868 0.00412786 0.0433518 0.0608065 0.00477917 0.000126805 0.00870252 0.0178298 0.0113938 0.191194 0.300878 0.000210722 
0.0962112 0.0953049 0.0101233 0.0261777 0.0365508 0.126416 0.0133613 0.0169817 0.121892 0.0134957 6.26707e-05 0.00561873 0.0518072 0.0142523 0.108067 0.263589 8.73498e-05 
0.0956698 0.0546794 0.00147547 0.0451017 0.0727389 0.204614 0.000497727 0.0871147 0.0202027 0.00612436 0.000238727 0.0183716 0.0429262 0.0756793 0.0688431 0.205476 0.0002464 
0.0529605 0.0821819 0.004936 0.017332 0.0749166 0.194171 0.00109915 0.0682694 0.0492178 0.0284241 0.000245297 0.000499134 0.0171501 0.0179545 0.110653 0.279415 0.0005733 
0.082155 0.0589598 0.00600792 0.0330852 0.122802 0.171794 0.00880242 0.0509696 0.0180822 0.0112781 0.000262916 0.00286833 0.0249664 0.114835 0.0980311 0.19477 0.000330536 
0.118823 0.0637388 0.031454 0.0597712 0.0380439 0.164207 0.00683393 0.140082 0.0250646 0.0131411 0.000223609 0.00422258 0.0483441 0.0356168 0.0847397 0.164418 0.00127594 
0.032916 0.032772 0.00308235 0.0998184 0.0620889 0.176711 0.0236449 0.040432 0.0306243 0.0229084 0.00046125 0.00725286 0.0401707 0.134575 0.0423317 0.249722 0.000487844 
0.0388271 0.0268015 0.0109763 0.14076 0.0663219 0.0607388 0.00378214 0.0994939 0.0203111 0.0183495 0.00011007 0.00899147 0.170048 0.0557437 0.0625782 0.215825 0.000341717 
0.0845449 0.0691529 0.00631296 0.0311824 0.0224175 0.30362 0.000219807 0.0305323 0.0353545 0.0201999 7.09547e-05 0.00037754 0.0192319 0.0295285 0.0399174 0.307273 6.31584e-05 
0.00884764 0.0197154 0.21999 0.0228919 0.0548694 0.0390455 0.0165717 0.0598151 0.0546694 0.00159429 0.0008326 0.00811867 0.0465966 0.0132994 0.0702 0.362761 0.000180847 
0.10752 0.0566568 0.00416053 0.0313461 0.0259613 0.093614 0.00923465 0.0635102 0.032733 0.0136005 0.000351299 0.00149338 0.0251828 0.0472203 0.107934 0.379281 0.000199991 
0.0212625 0.0208874 0.00330566 0.116971 0.105814 0.0574526 0.000910269 0.234024 0.0408501 0.00268299 3.99547e-05 0.0147748 0.0619705 0.0130883 0.0413673 0.264512 8.64732e-05 
0.1155 0.0699822 0.00259238 0.0269013 0.0130442 0.105405 0.00310736 0.0332183 0.0310245 0.0207396 0.000618525 0.000972645 0.0380596 0.0628463 0.128558 0.34705 0.000380409 
0.0371384 0.0537171 0.00210624 0.0218885 0.141648 0.0709583 0.0065476 0.0678947 0.00645117 0.00207248 0.000107866 0.000115977 0.0317438 0.0404346 0.122849 0.394295 3.06963e-05 
0.0216731 0.0310654 0.00349186 0.0469259 0.00732236 0.0472831 0.00411801 0.0822505 0.00875207 0.00218205 0.000476566 0.000464407 0.0136239 0.118979 0.0772631 0.534081 4.67819e-05 
0.0283136 0.0576413 0.00341019 0.0606414 0.0974543 0.0932613 0.00374644 0.0819631 0.0257153 0.0090557 0.000291378 0.00017376 0.0325972 0.0326926 0.0256407 0.447356 4.58015e-05 
0.0359874 0.0348869 0.00517335 0.00872027 0.0153755 0.224344 0.00825924 0.00988279 0.0147686 0.0183579 0.000532804 0.00260803 0.0184014 0.0213946 0.120253 0.460743 0.000311859 
0.0494772 0.0930131 0.000884217 0.0248078 0.0132212 0.102406 0.00815731 0.060715 0.0155907 0.0227083 9.43836e-05 0.00345237 0.0046533 0.034703 0.120948 0.445134 3.38858e-05 
0.0153251 0.0613225 0.00111922 0.0208583 0.00523039 0.092526 0.00366264 0.050296 0.0139881 0.00545933 0.00042154 0.000239474 0.0056881 0.0208882 0.0883707 0.614538 6.6631e-05 
0.0285418 0.0917795 0.00208763 0.00950345 0.0762506 0.0481438 0.00529828 0.0734593 0.0303093 0.00434626 2.64827e-05 0.01238 0.0721229 0.0135427 0.0878744 0.444106 0.000227005 
0.0374889 0.131009 0.000425114 0.0195008 0.00226233 0.0141921 0.00449691 0.0943505 0.0104841 0.0757409 0.000636725 0.00016092 0.00620961 0.00584551 0.239503 0.357521 0.000172393 
0.0276958 0.0527969 0.0159223 0.0828544 0.0234103 0.137492 0.000462231 0.0999388 0.0286722 0.00769575 7.19404e-05 0.00271987 0.0220401 0.0436691 0.0446599 0.409848 4.97757e-05 
0.0469603 0.0660593 0.00499797 0.0314733 0.0437109 0.19226 0.00900855 0.0536905 0.0330706 0.0064713 0.000734353 0.0114428 0.110858 0.0555735 0.107982 0.225598 0.000108183 
0.0452099 0.0470859 0.000315209 0.027899 0.244615 0.0268511 0.105574 0.0377665 0.00808244 0.00580341 0.00220884 0.0096554 0.06113 0.0229954 0.0996467 0.255025 0.000136544 
0.0910196 0.138341 0.00337359 0.0274376 0.0328883 0.235829 0.00598404 0.0563342 0.0216135 0.0109922 0.000202235 0.00453814 0.014771 0.0149265 0.0698631 0.271515 0.000371701 
0.025325 0.0773731 0.00194037 0.0323706 0.0191152 0.061781 0.00707039 0.0628307 0.0157699 0.00277866 0.000361746 0.000749929 0.0124771 0.122716 0.152012 0.404522 0.000806126 
0.129375 0.0623883 0.00916842 0.0274424 0.0176238 0.177675 0.00359305 0.176642 0.0505646 0.0181835 0.000147077 0.00149403 0.0167946 0.0225965 0.0849136 0.201027 0.000371615 
0.0349764 0.0516238 0.00950212 0.0628739 0.0770226 0.0956371 0.00695408 0.131737 0.0197556 0.00543634 0.000217341 0.0100135 0.11078 0.054438 0.0480412 0.280272 0.000718711 
0.0290617 0.100253 0.0125728 0.0211627 0.0284872 0.204975 0.00649821 0.0601631 0.0543198 0.0101469 0.00015871 0.0138296 0.0188511 0.00996102 0.109269 0.320092 0.000197998 
0.0754069 0.0501805 0.00930822 0.0661355 0.0840692 0.170328 0.00169945 0.0248761 0.0322086 0.0130634 0.00019496 0.0122745 0.0916381 0.134827 0.0524408 0.181086 0.000263906 
0.0496618 0.175383 0.0040018 0.0504244 0.00979439 0.180887 0.00277944 0.0741188 0.00855705 0.00793359 0.000217705 0.00149124 0.0261814 0.0141035 0.190357 0.204034 7.41356e-05 
0.195594 0.0598207 0.00496742 0.0345624 0.0278022 0.167115 0.00923486 0.0605082 0.0143683 0.00813581 0.000138595 0.0027629 0.0273821 0.114462 0.0592215 0.213753 0.000170438 
0.0171098 0.0712673 0.0341222 0.0132157 0.00546039 0.0424799 0.00211147 0.0449052 0.031249 0.022795 0.000616962 0.00410086 0.00762365 0.00530696 0.280908 0.416603 0.000124832 
0.0411725 0.0348429 0.00545501 0.055261 0.086949 0.0583491 0.00583512 0.0533583 0.018527 0.00815128 0.000299737 0.0117116 0.154361 0.0397992 0.114043 0.311376 0.000508599 
0.0494812 0.061556 0.00392637 0.0498413 0.00893556 0.113347 0.000286305 0.0744498 0.0395001 0.00257148 0.00025241 0.00082245 0.0182252 0.0108302 0.141474 0.423541 0.000959928 
0.0217604 0.0784229 0.00133465 0.00858842 0.0165644 0.0495401 0.036269 0.061937 0.0161432 0.00632085 0.00511326 0.0152843 0.0106032 0.0140803 0.228979 0.429054 5.17555e-06 
0.0547712 0.0475611 0.0168024 0.0662549 0.0416632 0.141317 0.00634027 0.129547 0.0167485 0.00716016 0.000136319 0.0104932 0.110775 0.0590318 0.0631763 0.227776 0.000446724 
0.0735264 0.0690124 0.0043945 0.0223547 0.0150167 0.237238 0.0158768 0.0585223 0.0170129 0.0107472 0.000159695 0.00796451 0.010774 0.0119465 0.180174 0.264793 0.00048616 
0.0526842 0.0459538 0.00832043 0.125834 0.0836413 0.0711448 0.00681993 0.154117 0.0120336 0.000929833 5.73913e-05 0.000833082 0.0617827 0.0320574 0.12823 0.215356 0.00020474 
0.00220457 0.0144495 0.0184395 0.0248182 0.100735 0.0560051 0.0169896 0.0774951 0.0126836 0.00100157 1.75924e-05 0.014391 0.0620342 0.00844367 0.11367 0.476493 0.000128834 
0.0842957 0.0515119 0.00639012 0.106732 0.0223493 0.163089 0.00160819 0.110277 0.0188827 0.0133948 0.000116373 0.0010025 0.084392 0.116758 0.0424641 0.176655 8.02481e-05 
0.0240711 0.0124913 0.00182261 0.0319585 0.0250149 0.0484536 0.00664985 0.0309156 0.00583606 0.000887795 0.00120152 0.00709067 0.0388726 0.174176 0.0376032 0.552893 6.09363e-05 
0.00066854 0.0096952 0.00493413 0.108314 0.00181583 0.188701 2.23814e-05 0.0243451 0.029644 0.000761358 0.000609714 5.73502e-06 3.26769e-05 0.222808 0.0981534 0.309467 2.08233e-05 
0.000569086 0.0146866 0.000801851 0.00132449 0.000556766 0.00248869 0.00550277 0.061696 0.00596944 0.000346223 2.80484e-05 2.70167e-05 0.00236387 0.000623361 0.0973679 0.805291 0.000356598 
0.023517 0.0632423 0.0209964 0.0476337 0.0583269 0.192036 0.0023437 0.0515253 0.0167693 0.0164666 3.86853e-05 0.0111091 0.0828191 0.0301456 0.187919 0.195067 4.45203e-05 
0.0314015 0.0416108 0.00241819 0.0298799 0.14232 0.0908468 0.0153432 0.0711318 0.0125876 0.0106505 1.44436e-05 0.0062117 0.0529199 0.00829538 0.209337 0.274989 4.17372e-05 
0.0222972 0.0197839 0.012014 0.036875 0.0643265 0.0406562 0.0193305 0.0969193 0.00560482 0.00244854 0.00051157 0.147952 0.114129 0.0133823 0.159702 0.243617 0.000450228 
0.0486439 0.0539516 0.0281568 0.0964198 0.124545 0.0861548 0.00889387 0.108471 0.0066436 0.0036911 0.000264075 0.0106045 0.06146 0.0542529 0.0499363 0.254276 0.00363494 
0.0434204 0.0151223 0.00397145 0.107134 0.151583 0.0315502 0.000575097 0.0666637 0.000744071 0.000708344 0.000525875 0.0128534 0.0462574 0.0478217 0.222868 0.248004 0.000197542 
0.107932 0.209502 0.0013678 0.00942536 0.0171707 0.149355 0.0256495 0.0218645 0.034414 0.0400012 3.86255e-05 0.00188862 0.019749 0.014985 0.131295 0.215349 1.34882e-05 
0.0242957 0.00865236 0.00176647 0.0678899 0.254834 0.0629345 0.00432389 0.0486357 0.00666075 0.00155136 0.00028869 0.0492941 0.0887031 0.0140633 0.0638719 0.301636 0.000597787 
0.0390946 0.0569676 0.00142673 0.0279718 0.0143619 0.0649479 0.0184171 0.0523844 0.0149688 0.0276756 0.000495192 0.00165693 0.0130876 0.0905185 0.0796402 0.496344 4.08224e-05 
0.0998966 0.0418953 0.00546046 0.0165423 0.0132244 0.0707587 0.0137475 0.0499831 0.00541955 0.00264723 0.000761149 0.00022769 0.0233536 0.0141128 0.184708 0.457245 1.72165e-05 
0.0851026 0.123414 0.0032369 0.0176417 0.0118615 0.11022 0.0183076 0.0345846 0.015522 0.0250623 0.00058048 0.00405544 0.0278063 0.0315054 0.20419 0.286486 0.000422169 
0.142828 0.0942374 0.000979698 0.0203898 0.024064 0.147748 0.00077484 0.0143894 0.120658 0.00573047 0.000384215 0.0047657 0.141555 0.0489273 0.0504754 0.181588 0.00050449 
0.0727282 0.0482262 0.00828722 0.0253426 0.0609919 0.0950722 0.00903502 0.0766219 0.0131183 0.0112637 9.70156e-05 0.00165825 0.0131441 0.0226699 0.102604 0.439034 0.000105802 
0.010809 0.0467554 0.00463402 0.0868554 0.0456967 0.0769773 0.00789293 0.145978 0.0157698 0.0547988 0.000947614 0.00406656 0.0357567 0.0530986 0.140355 0.26941 0.000198248 
0.0121953 0.0286974 0.00105075 0.0192318 0.00665403 0.0585386 0.00349187 0.0197517 0.00121193 0.00212938 0.030407 9.7393e-05 0.00909902 0.091884 0.341825 0.373733 1.09264e-06 
0.0183424 0.210971 0.00385471 0.0126252 0.00737035 0.154069 0.00694857 0.0409163 0.0441946 0.0163229 0.00106162 0.00130227 0.0139925 0.00894227 0.210478 0.24729 0.00131845 
0.130322 0.0422218 0.0135425 0.00625584 0.00719109 0.270147 0.000767983 0.0356044 0.0127462 0.00428982 0.000441187 1.72724e-05 0.0123796 0.0114725 0.0996539 0.352922 2.50467e-05 
0.130285 0.0870373 0.000724334 0.0111596 0.0263932 0.201966 0.00279931 0.117933 0.114464 0.00726094 3.23574e-05 0.0131031 0.000555659 0.00702672 0.0374286 0.240515 0.00131638 
0.0565141 0.038998 0.00644292 0.0902562 0.0672014 0.0762951 0.0105531 0.115589 0.00768714 0.00718553 0.000347418 0.0113872 0.107759 0.0205417 0.162726 0.220385 0.000130907 
0.160843 0.054322 0.000209173 0.0106158 0.00368103 0.243931 0.0133548 0.0273462 0.0215287 0.00980242 0.000458171 0.000374466 0.0243748 0.0163493 0.0810569 0.331749 3.4975e-06 
0.182135 0.0509658 0.00412313 0.0166892 0.0458395 0.0698081 0.00471176 0.0502443 0.0241047 0.0106268 0.000270667 0.000819235 0.0194533 0.00843633 0.137888 0.372232 0.00165316 
0.0619812 0.0296296 0.00532561 0.111705 0.0332017 0.139742 0.00345661 0.0725902 0.0136072 0.00381454 0.00285242 0.00598085 0.0154415 0.167232 0.0655838 0.267287 0.000567993 
0.116012 0.115508 0.00685848 0.057861 0.0228559 0.171648 0.00228176 0.0997818 0.0384651 0.024117 0.000125665 0.0142623 0.0429749 0.0350996 0.0686635 0.183299 0.000186195 
0.0565293 0.0460393 0.00580106 0.0355945 0.0189731 0.262522 0.0115304 0.0620196 0.0258408 0.0063373 0.000776319 0.00454875 0.0376539 0.041743 0.0933516 0.289674 0.00106489 
0.0542881 0.0419824 0.00958405 0.0471984 0.0405744 0.0945513 0.00255221 0.107251 0.0179371 0.00838656 7.97184e-05 0.0102001 0.0375277 0.0911349 0.0918158 0.344848 8.76836e-05 
0.0438057 0.0994207 0.0203436 0.0250208 0.0776734 0.0648273 0.029607 0.0595263 0.00360222 0.00220209 4.62869e-05 0.0115798 0.0288663 0.0287285 0.163067 0.341439 0.000244808 
0.0301187 0.229227 0.000593795 0.0119009 0.0048663 0.0621378 0.00356114 0.0202376 0.0252575 0.0326822 0.000317219 1.2211e-05 0.0130003 0.0201205 0.239188 0.306754 2.51925e-05 
0.0305557 0.0357848 0.000310999 0.0447043 0.0074851 0.0642277 0.0102879 0.0301199 0.0144052 0.00500257 0.0302433 7.36135e-05 0.013524 0.109031 0.300719 0.303443 8.20712e-05 
0.061561 0.02285 0.00442947 0.102247 0.171539 0.132834 0.0585865 0.0312755 0.0112862 0.00122286 0.000946895 0.0313571 0.028285 0.0106256 0.100845 0.228757 0.00135202 
0.0506886 0.0328808 0.00460197 0.10715 0.0297913 0.177951 0.00191934 0.0986544 0.0160346 0.00630555 0.000470726 0.00373888 0.0636058 0.101606 0.0318666 0.272432 0.000302487 
0.0277293 0.12341 0.00338533 0.0212485 0.0522252 0.222762 0.00184319 0.131973 0.0322124 0.034111 0.000297228 0.00265788 0.0160675 0.0159099 0.0542541 0.259783 0.000129034 
0.0314177 0.107208 0.0421166 0.0172946 0.0229548 0.0828664 0.030774 0.0441446 0.0209438 0.0814087 0.000258116 0.0152726 0.0137582 0.00783282 0.152875 0.328725 0.000148833 
0.0544976 0.0502934 0.00456673 0.0041377 0.00629247 0.118317 0.0175951 0.0179906 0.0613152 0.0126025 0.000621937 0.00347317 0.00936749 0.00361908 0.179617 0.455591 0.000101201 
0.0712336 0.0941317 0.00927869 0.051321 0.0254382 0.125201 0.00618423 0.111107 0.0326425 0.0104138 0.000972482 0.00707862 0.0427379 0.0531555 0.0933879 0.264757 0.000959325 
0.0730249 0.0830251 0.00474896 0.00721619 0.00425846 0.175306 0.00193529 0.0561332 0.0437633 0.0243491 0.000341543 0.00157877 0.0109939 0.0179362 0.105693 0.389483 0.000212403 
0.195594 0.0598207 0.00496742 0.0345624 0.0278022 0.167115 0.00923486 0.0605082 0.0143683 0.00813581 0.000138595 0.0027629 0.0273821 0.114462 0.0592215 0.213753 0.000170438 
0.0230161 0.0363664 0.00319055 0.0440408 0.193152 0.0987668 0.00917241 0.192397 0.002504 0.00226112 8.91771e-06 0.000161026 0.0337838 0.00644211 0.0766628 0.278025 4.98927e-05 
0.0845635 0.0664354 0.0082942 0.0250257 0.0307011 0.141299 0.00847166 0.0395092 0.0342791 0.0199792 0.00173936 0.0137554 0.0258563 0.0402502 0.155028 0.304667 0.000146252 
0.151358 0.152002 0.0104954 0.0236304 0.00332475 0.0996819 0.00106506 0.0450865 0.043516 0.00608147 0.00089508 0.000199903 0.0284427 0.0111543 0.147922 0.274107 0.00103743 
0.117094 0.108506 0.0177769 0.0159459 0.0692297 0.128845 0.0051602 0.0779843 0.0524792 0.0155037 7.84383e-05 0.00543023 0.0177065 0.0163134 0.118913 0.23298 5.39846e-05 
0.0316712 0.043571 0.00775637 0.0732212 0.0902812 0.0693774 0.00659622 0.127356 0.0266032 0.0078107 0.000452387 0.00806213 0.0832629 0.0394834 0.0920649 0.291986 0.000443593 
0.0713246 0.0697481 0.0216979 0.168968 0.0323755 0.0884275 0.0037704 0.0549103 0.0323312 0.00622303 0.000349947 0.0101981 0.0954745 0.0871353 0.0392452 0.217427 0.000393377 
0.103029 0.142327 0.00336809 0.0704737 0.00594977 0.153994 0.00164992 0.0306173 0.0105302 0.0485599 0.000829448 0.00271523 0.00511014 0.0288673 0.18952 0.202045 0.000414184 
0.0139003 0.0238151 0.0078476 0.0453284 0.167409 0.0978159 0.0349007 0.0408223 0.0531437 0.00123718 0.00036295 0.00750194 0.155433 0.015922 0.0907292 0.242846 0.000984397 
0.0648354 0.0741258 0.0307206 0.0467484 0.056295 0.134388 0.00383344 0.038762 0.0228009 0.00923253 0.000296032 0.00129623 0.0151033 0.0668126 0.122729 0.311871 0.000148784 
0.039868 0.0347538 0.00584128 0.0505009 0.0279846 0.0867417 0.0230055 0.0301495 0.0119958 0.0120556 0.000109374 0.000357535 0.0343232 0.12639 0.229525 0.286252 0.000146729 
0.0429672 0.0719006 0.00689864 0.0301582 0.0261108 0.0925528 0.00435384 0.0421459 0.0165407 0.00809399 0.000226826 0.000189282 0.0214517 0.0919281 0.135995 0.408483 2.65081e-06 
0.1341 0.0249394 0.00116672 0.0178407 0.0457369 0.0301938 0.00268183 0.0543899 0.0127686 0.00654523 0.000132433 0.00300998 0.0878416 0.00563162 0.0467313 0.526189 0.000101018 
0.0667401 0.0544419 0.00520854 0.0528932 0.0485633 0.114913 0.00478599 0.0896851 0.0237585 0.00897376 0.000467742 0.00763655 0.0345293 0.0435271 0.0850682 0.358327 0.000480781 
0.00773103 0.0205299 0.029547 0.0636226 0.0200887 0.0508301 0.0235926 0.0677276 0.0088254 0.00438147 0.000251371 0.00415355 0.0249585 0.00755477 0.195216 0.470805 0.00018402 
0.0376878 0.177631 0.0321692 0.00571751 0.00799906 0.0613429 0.000882873 0.0444847 0.0842692 0.0145324 3.68554e-05 0.00107126 0.00872098 0.0057169 0.179542 0.337918 0.000277864 
0.0887972 0.0648574 0.00688997 0.0675112 0.0663301 0.186871 0.00375279 0.0324542 0.0441157 0.0145196 0.00023724 0.0046319 0.036331 0.0461794 0.050926 0.285065 0.000530121 
0.0442556 0.118799 0.00617983 0.038343 0.022814 0.0880549 0.020747 0.0588192 0.0235431 0.0226119 0.000158308 0.00112757 0.0300706 0.0207711 0.189769 0.313901 3.5501e-05 
0.0359192 0.0339699 0.0255323 0.0312756 0.0509659 0.0373884 0.0223385 0.0735032 0.0138722 0.00180219 2.68247e-05 0.0381483 0.0441993 0.00394652 0.213237 0.373576 0.000299235 
0.121569 0.109202 0.00372567 0.0195011 0.00628147 0.13825 0.0113523 0.0583193 0.0616484 0.029886 0.000367869 0.000448653 0.00140887 0.00311749 0.0963428 0.338333 0.000246617 
0.0300425 0.0707615 0.0302005 0.0480735 0.0292006 0.107166 0.0135558 0.0626013 0.0345147 0.0540979 0.000193327 0.00844457 0.170505 0.056153 0.0844689 0.19982 0.000200437 
0.0723444 0.0613786 0.00561644 0.0257429 0.0301292 0.129828 0.0243992 0.0494039 0.0273768 0.0126037 0.000632201 0.00845139 0.0325776 0.0388291 0.101198 0.378842 0.000646238 
0.124635 0.0689087 0.00549091 0.130732 0.0347753 0.149405 0.00386314 0.0867388 0.0227189 0.0118551 0.00576274 0.00731345 0.0343066 0.0698295 0.0630821 0.17692 0.00366295 
0.0122415 0.136618 0.0258447 0.106716 0.0129907 0.0377441 0.000549078 0.0749168 0.020014 0.0162796 0.000246884 1.39016e-05 0.00583965 0.0519971 0.105785 0.385969 0.00623359 
0.0351085 0.0740363 0.00418496 0.0403152 0.0239155 0.133261 0.00861476 0.148908 0.0210809 0.0156514 0.000420093 0.00621133 0.0229239 0.0460906 0.109493 0.30958 0.000204726 
0.0224319 0.0299391 0.0112911 0.0310014 0.205484 0.0967274 0.0258992 0.0909862 0.0241117 0.0211932 0.000151478 0.0159735 0.0677621 0.0419777 0.048674 0.266217 0.000179179 
0.0255564 0.0676916 0.00297477 0.0316938 0.0595605 0.136346 0.00686885 0.061846 0.0289268 0.0119506 0.000560024 0.0190718 0.0197568 0.0351998 0.121586 0.370107 0.000303658 
0.0674495 0.047081 0.012247 0.028412 0.0392179 0.236023 0.0111122 0.037209 0.0250306 0.0129126 0.000221129 0.0108039 0.0226018 0.0247176 0.143167 0.281373 0.000420353 
0.032292 0.089835 0.00791201 0.061289 0.107428 0.133718 0.00349341 0.140501 0.00890256 0.00186223 0.000165886 0.0133782 0.101822 0.0533743 0.0488221 0.193335 0.00186883 
0.165667 0.0450642 0.0310803 0.0293264 0.0151542 0.10552 0.000419751 0.022256 0.0192847 0.00325038 0.000207417 0.0183895 0.0835646 0.0736621 0.0365286 0.35046 0.000164596 
0.0680373 0.162161 0.00823656 0.0392517 0.0193015 0.163115 0.00662969 0.0627105 0.0441711 0.0184541 0.00110465 0.00554561 0.0353854 0.0284139 0.144558 0.191236 0.00168784 
0.0143272 0.0317976 0.00298054 0.019972 0.00963234 0.077215 0.013327 0.0339879 0.00603861 0.00183457 0.00646693 0.00534833 0.014466 0.15377 0.225796 0.382979 6.07336e-05 
0.0940859 0.0652442 0.00674304 0.0561622 0.028268 0.184215 0.00800574 0.0686978 0.0328918 0.00956318 0.000320668 0.0338855 0.0551506 0.0195917 0.0742013 0.262083 0.000889856 
0.0332475 0.0691368 0.00174913 0.0032118 0.0020058 0.210002 0.00565126 0.00864599 0.0242114 0.0187937 0.00107648 0.000371832 0.00320909 0.0024216 0.111845 0.503473 0.000948468 
0.0607823 0.0417975 0.00184645 0.0163815 0.00867826 0.067323 0.000425669 0.0343413 0.0228396 0.0149192 0.000109568 4.25042e-05 0.0345398 0.198562 0.0491572 0.448247 7.67326e-06 
0.00527391 0.0323755 0.0040386 0.026624 0.0990302 0.0435394 0.01056 0.0363829 0.0287896 0.00560662 0.000132688 0.0029031 0.0444076 0.00396333 0.117159 0.539204 9.65229e-06 
0.0338974 0.0267045 0.0100742 0.0267634 0.0725318 0.0770752 0.00819345 0.118013 0.00682815 0.000877195 0.000214119 0.0119598 0.036402 0.0427953 0.0761547 0.451492 2.41473e-05 
0.0443145 0.117894 0.0050436 0.0182443 0.0814252 0.108519 0.0040191 0.0601453 0.0135799 0.00969063 8.07629e-05 0.00819662 0.0765873 0.0283027 0.200281 0.22113 0.00254598 
0.0498862 0.0812746 0.00237617 0.00601451 0.0066537 0.332474 0.00203224 0.0359942 0.0103276 0.00359886 0.000736897 0.000243474 0.00928612 0.00581997 0.0964988 0.356482 0.000300162 
0.0803573 0.0670012 0.00111672 0.00584379 0.0130991 0.196904 0.00434999 0.0329366 0.052625 0.0145092 8.67336e-05 0.000199557 0.00564047 0.00898654 0.148633 0.367697 1.38358e-05 
0.0740509 0.0396253 0.00515718 0.0384051 0.065778 0.116603 0.0095358 0.147751 0.0162481 0.00674267 0.000180213 0.0148444 0.0846207 0.0230947 0.0630543 0.293628 0.000679923 
0.0573669 0.167249 0.00249677 0.015896 0.0321417 0.199967 0.00561189 0.0369444 0.0434751 0.0390191 0.000536087 0.00749727 0.00923929 0.0244342 0.109408 0.248568 0.000148723 
0.046968 0.0493234 0.00720376 0.0312877 0.0209499 0.0708919 0.0087787 0.0339824 0.0203138 0.0136082 0.00165766 0.000322715 0.0225413 0.152384 0.201873 0.316876 0.0010367 
0.0110517 0.0500271 0.00533837 0.00578227 0.0117034 0.0407301 0.0183984 0.0342796 0.0227156 0.0158508 0.000577439 0.00207686 0.00973721 0.0268594 0.156025 0.588808 3.8989e-05 
0.0274525 0.0618042 0.00792213 0.0459836 0.0335768 0.145193 0.00552946 0.0440802 0.0149854 0.0056044 0.00198738 0.0061011 0.131607 0.0292643 0.0774645 0.361202 0.000241764 
0.0759682 0.112248 0.010303 0.0553375 0.0189508 0.140142 0.00596098 0.0874866 0.0360221 0.0183031 0.000178209 0.00265154 0.0336299 0.0653302 0.108729 0.228506 0.000252767 
0.196475 0.0753895 0.0291993 0.0314288 0.0177004 0.186364 0.0034397 0.0322316 0.0188874 0.0119879 0.000108952 0.00157122 0.0218974 0.0297043 0.101293 0.241391 0.000931391 
0.0265964 0.0585262 0.0147367 0.0305322 0.0767185 0.172892 0.00806228 0.0840357 0.0134212 0.00505858 0.000445083 0.00969395 0.125016 0.036677 0.107093 0.230215 0.00028104 
0.0783375 0.0853569 0.00490159 0.0225542 0.15957 0.0857532 0.0102162 0.0363166 0.0560701 0.0121119 0.00345908 0.00686415 0.0354174 0.0229029 0.104822 0.27521 0.000134959 
0.0780764 0.0320264 0.00183193 0.0351557 0.0240502 0.114218 0.00424326 0.0342691 0.0176831 0.00196845 0.000709046 0.00843089 0.0558725 0.0983222 0.0517236 0.441315 0.00010383 
0.023021 0.109807 0.00954673 0.0218016 0.0383816 0.0367093 0.0284919 0.144336 0.0121331 0.00350068 0.000243333 0.0217316 0.126463 0.0158708 0.129757 0.277959 0.000248282 
0.153409 0.144752 0.0281844 0.0187538 0.0229886 0.167701 0.00273972 0.0498626 0.0453476 0.00893761 0.000456041 0.000197726 0.0375316 0.0379372 0.0793427 0.201804 5.48058e-05 
0.0385128 0.0949713 0.00721385 0.055507 0.0631591 0.172519 0.00361872 0.155517 0.0259756 0.00874462 0.000357196 0.0105657 0.0416198 0.0381878 0.0462945 0.236754 0.000481748 
0.0146736 0.0248978 0.00135795 0.0721547 0.00915605 0.163641 0.000996524 0.0177672 0.00909347 0.00227096 0.000724619 6.90113e-06 0.0125517 0.265579 0.0414355 0.363672 1.98314e-05 
0.0553379 0.18153 0.0017033 0.0168179 0.0141636 0.0935263 0.00817194 0.0574162 0.0116974 0.0192007 3.91746e-05 0.00974679 0.0615802 0.0145858 0.166592 0.287847 4.41714e-05 
0.036358 0.0421649 0.00159986 0.00827369 0.00937556 0.147483 0.0118721 0.029233 0.0113014 0.0286892 0.000153477 0.000383142 0.0115846 0.0206087 0.16754 0.473225 0.000154413 
0.033472 0.0723778 0.00210117 0.0218767 0.0537946 0.0533815 0.0010263 0.0976898 0.102022 0.0164913 5.43881e-05 0.000570265 0.00565893 0.00602646 0.230954 0.302464 3.8834e-05 
0.0236124 0.0454266 0.0103544 0.0371879 0.0190678 0.126121 0.0258477 0.0474867 0.0645775 0.0294848 0.00455522 0.0043676 0.023692 0.0766271 0.179313 0.281847 0.00043117 
0.0223889 0.0205302 0.00596493 0.0298052 0.0701645 0.0269777 0.0250541 0.0357149 0.0185617 0.00352438 0.000893505 0.00785624 0.0560753 0.0181704 0.23297 0.425045 0.000303058 
0.0599126 0.10268 0.00127426 0.0243746 0.00677976 0.151483 0.000844939 0.0311161 0.0162997 0.021632 0.000147912 0.00229506 0.0233481 0.0130299 0.213682 0.331045 5.50568e-05 
0.0516105 0.0454797 0.0028991 0.0324633 0.066672 0.186082 0.0447331 0.0423209 0.00608574 0.029113 0.000318223 0.00456781 0.0190624 0.0660307 0.0921705 0.310286 0.000105045 
0.00346634 0.0413204 0.00708884 0.0321329 0.0407313 0.0342317 0.0150457 0.098308 0.0158315 0.00137498 9.18482e-05 0.00854129 0.102036 0.00809496 0.22076 0.370373 0.000570968 
0.032873 0.0457939 0.00335241 0.0138214 0.0101227 0.134129 0.016301 0.0329134 0.0943673 0.014985 0.000259308 0.000382435 0.019978 0.0679697 0.225998 0.286056 0.000696334 
0.0742115 0.0350317 0.00232097 0.0211864 0.0505058 0.140564 0.010897 0.0919549 0.0217925 0.0100983 0.00101815 0.00332492 0.014122 0.0613926 0.0461893 0.414684 0.000706109 
0.0458498 0.158062 3.21306e-05 0.00337499 0.0244735 0.235504 4.57038e-05 0.0194226 0.0243025 9.99796e-07 7.81611e-08 9.04485e-09 0.000292919 0.00140191 0.0179454 0.469282 8.86319e-06 
0.0777038 0.0607322 0.00171498 0.034542 0.0342963 0.191985 0.000937319 0.0310241 0.0107778 0.00435988 1.16602e-05 0.00184182 0.00669906 0.09245 0.0440588 0.40682 4.52856e-05 
0.313304 0.0585971 0.00199133 0.00794573 0.00216624 0.0670068 0.00280218 0.0106779 0.0388439 0.0193425 0.00064893 0.000336375 0.030323 0.015231 0.0724921 0.358196 9.52503e-05 
0.00399503 0.0899913 0.0107913 0.244319 0.00206547 0.025391 0.000740323 0.222176 0.00699517 0.000671471 1.20512e-06 0.00038319 0.000892731 0.0145147 0.0723948 0.304677 6.95743e-07 
0.00866496 0.0224455 0.0098545 0.0334413 0.0586482 0.0416405 0.0539234 0.0422057 0.0047278 0.00301462 5.87307e-05 0.00602177 0.0471581 0.0161225 0.167534 0.484528 1.0747e-05 
0.0308367 0.0431121 0.0359007 0.0475401 0.00756434 0.216546 0.00444074 0.0659483 0.020575 0.015585 0.000138231 0.000857224 0.0317483 0.11106 0.12672 0.241277 0.000150285 
0.023977 0.0578234 0.0147257 0.0176027 0.0825882 0.0833024 0.012719 0.0772927 0.00962025 0.0037757 2.88148e-05 0.00369086 0.0587292 0.0170409 0.170047 0.367 3.58522e-05 
0.0585076 0.0976398 0.00822446 0.0214562 0.0106429 0.184365 0.00449496 0.0410005 0.0265014 0.0096853 0.000426268 0.00124002 0.0214094 0.00918717 0.225752 0.279173 0.000293234 
0.127073 0.0606491 0.00327585 0.0126211 0.104625 0.184157 0.0019943 0.0740394 0.00314175 0.00232308 2.87933e-05 4.14339e-06 0.0331359 0.120798 0.0367333 0.234585 0.000813957 
0.103754 0.0662344 0.00200988 0.0141477 0.0212081 0.0847685 0.0026485 0.049726 0.026239 0.0180471 0.000307892 0.00295004 0.011567 0.00936519 0.0833761 0.502974 0.00067654 
0.0172614 0.00406333 0.00639433 0.0876899 0.249714 0.0262998 0.0321884 0.0645375 0.0157354 0.000225615 4.89474e-05 0.0139644 0.103076 0.00514713 0.114356 0.258669 0.000628791 
0.0508329 0.0954624 0.000502375 0.0431255 0.013764 0.0990764 0.00712 0.0273696 0.0106114 0.010017 0.00351727 8.05312e-05 0.0567126 0.0483336 0.229296 0.304176 2.1479e-06 
0.0180063 0.0701639 0.000849234 0.012237 0.0133892 0.069805 0.0199774 0.0334018 0.048303 0.0108956 0.000163499 0.0139813 0.0197874 0.0195711 0.284017 0.365374 7.6422e-05 
0.0110517 0.0500271 0.00533837 0.00578227 0.0117034 0.0407301 0.0183984 0.0342796 0.0227156 0.0158508 0.000577439 0.00207686 0.00973721 0.0268594 0.156025 0.588808 3.8989e-05 
0.029174 0.0335025 0.0329606 0.153182 0.0606305 0.0811001 0.0107461 0.0313592 0.0559157 0.0356166 0.000680444 0.022191 0.164906 0.036614 0.0560186 0.195034 0.000368483 
0.103077 0.0420299 0.00309066 0.0360039 0.08581 0.119968 0.000679233 0.0293902 0.0265703 0.0105435 0.000350282 0.00018344 0.0357978 0.138388 0.0251999 0.34283 8.75736e-05 
0.0486214 0.0799508 0.00473592 0.0428774 0.0234412 0.156143 0.00887953 0.116969 0.0233209 0.0136445 0.000350671 0.00700862 0.0379644 0.0287253 0.114859 0.283592 0.00891651 
0.0864401 0.0384537 0.00559444 0.0555667 0.145163 0.0368679 0.00878451 0.0810532 0.0117015 0.00792666 0.000217184 0.00572209 0.0532219 0.0333026 0.137143 0.292756 8.60255e-05 
0.0722711 0.0562018 0.000381747 0.00914051 0.0324919 0.0429257 0.0969622 0.0400967 0.048184 0.0261117 0.000628964 5.13281e-05 0.022504 0.0255876 0.161891 0.364566 3.3069e-06 
0.0211551 0.0444249 0.00306085 0.0337927 0.0388209 0.0410758 0.0114351 0.0518034 0.00486558 0.00162476 3.77165e-05 0.0227839 0.0186516 0.0117935 0.161191 0.533443 4.10291e-05 
0.0400316 0.0373158 0.00214012 0.0328552 0.00422407 0.0820972 0.00103416 0.0387997 0.0337768 0.00289777 0.000627248 0.000925118 0.0293058 0.029763 0.150649 0.512618 0.000940226 
0.0157539 0.0559626 0.00626924 0.0607959 0.0332966 0.110468 0.0240329 0.04808 0.0371967 0.00814382 0.000358461 0.0109605 0.029306 0.0379078 0.0943817 0.426997 8.89433e-05 
0.0174412 0.0542793 0.00037625 0.0219783 0.00334422 0.0780801 0.00340264 0.0163463 0.0202898 0.0272297 0.000299917 2.18074e-05 0.00545672 0.204134 0.104087 0.443214 1.94194e-05 
0.0776693 0.0780645 0.00826385 0.0331862 0.0624875 0.196931 0.00700186 0.0525495 0.042529 0.0165774 0.000169869 0.0032392 0.0434389 0.04189 0.10279 0.232593 0.000618868 
0.0117635 0.139894 0.0355065 0.0107043 0.00902586 0.0831061 0.00680237 0.0376558 0.030759 0.0519739 0.000197317 0.000504558 0.00480835 0.00831827 0.185593 0.383118 0.000268598 
0.0948901 0.0870452 0.00505634 0.0504225 0.0525771 0.16974 0.00140829 0.112926 0.0185519 0.00882062 5.26256e-05 0.00425721 0.102989 0.0457074 0.0720167 0.17305 0.000488235 
0.0547776 0.059994 4.84959e-05 0.0230573 0.00399389 0.168708 0.00145207 0.00946661 0.0142891 0.00780202 0.000883259 1.82264e-05 0.0158367 0.0446953 0.235106 0.35987 1.47876e-06 
0.118689 0.059003 0.00417092 0.0267191 0.0413674 0.104356 0.00248733 0.0895456 0.015928 0.00750006 0.000217668 0.00230447 0.0182238 0.0162511 0.0726379 0.417229 0.0033698 
0.0165041 0.0698018 0.000874354 0.00764186 0.00299211 0.0849586 0.0592735 0.0488103 0.012475 0.00621799 0.000922862 0.000244685 0.00761762 0.00447158 0.196531 0.480499 0.000164402 
0.118309 0.047748 0.00263505 0.0346439 0.0170034 0.177372 0.0138038 0.0407893 0.0176828 0.0146144 0.000142457 0.000157266 0.0112942 0.0160303 0.122742 0.364574 0.000458444 
0.0365425 0.043874 0.00792989 0.0504601 0.0637759 0.0596966 0.00453203 0.178388 0.0116809 0.0225166 0.00104351 0.0191956 0.0234862 0.0227358 0.0543382 0.399064 0.000740017 
0.0330601 0.0492273 0.00510562 0.126746 0.0142964 0.113547 0.00321194 0.197911 0.0364336 0.00377989 0.000596207 0.00284774 0.0382327 0.0912068 0.0630295 0.22062 0.000147445 
0.0176664 0.0833526 0.0254303 0.0183269 0.0623067 0.0793322 0.00503037 0.164261 0.0156256 0.0069828 2.45129e-05 0.010511 0.0667592 0.00896635 0.137837 0.297486 0.000101086 
0.051504 0.0739996 0.0041079 0.0693809 0.0305803 0.103213 0.00649643 0.0645689 0.0195826 0.013148 0.000629421 0.0100501 0.027216 0.114203 0.073377 0.337685 0.000256967 
