0.00490166 0.000823244 0.00791263 0.040423 0.227932 0.0168652 0.0284855 0.0992731 0.00111396 0.000184188 6.38914e-06 0.196095 0.176165 0.00471729 0.0364429 0.158659 1.47233e-07 
0.0676524 0.0911748 0.00187886 0.00470215 0.284245 0.0571659 0.00808998 0.0468517 0.00766892 0.00269752 4.39236e-05 5.92072e-05 0.0346756 0.018775 0.132081 0.242234 3.80438e-06 
0.0513228 0.165822 0.00239173 0.00949873 0.214948 0.135183 0.00466421 0.0250009 0.0151108 0.00181072 0.0734726 0.00875348 0.149323 0.0150367 0.0305782 0.0952794 0.00180355 
0.00353758 0.025865 0.0185033 0.0812489 0.236559 0.0106818 0.00183371 0.189711 0.0189653 0.010696 5.82708e-06 0.00338416 0.0761274 0.00734974 0.116326 0.199105 0.000100131 
0.058528 0.0510406 0.00223822 0.0256695 0.361623 0.0608485 0.00165612 0.0334068 0.0433127 0.00583114 0.000439633 0.00616542 0.0228152 0.0185641 0.100121 0.20668 0.00105954 
0.0579587 0.0741469 0.00346004 0.074885 0.158175 0.0669238 0.0230862 0.147412 0.0144035 0.0100921 0.00716167 0.023438 0.106258 0.00748111 0.129842 0.0950571 0.000218199 
0.0219565 0.0111034 0.00671464 0.0583619 0.506421 0.0163916 0.00353178 0.167575 0.000709235 0.000359273 7.12371e-06 6.32387e-06 0.029295 0.00523962 0.0328833 0.139259 0.000186004 
0.030294 0.0458232 0.0127839 0.0860326 0.267756 0.0948926 0.00362596 0.22131 0.00383922 0.00405091 0.000224647 0.00784256 0.0399174 0.0114562 0.0162996 0.141506 0.012345 
0.0149327 0.0100193 0.0414384 0.0658844 0.240414 0.0112005 0.188242 0.0690416 0.0571211 0.000572586 0.00221197 0.0162394 0.0223943 0.00285729 0.10711 0.148027 0.00229415 
0.0779725 0.0584723 0.0262363 0.0110914 0.273636 0.0687165 0.00611969 0.0444924 0.0631765 0.00767575 0.000558757 0.0142614 0.0266369 0.0328463 0.0513975 0.236598 0.00011218 
0.0585107 0.0129226 0.0344569 0.0201177 0.358272 0.0166155 0.00304306 0.154419 0.00622089 0.00117862 6.67386e-05 0.0423695 0.0700301 0.00252798 0.104707 0.114469 7.29455e-05 
0.0179289 0.180236 0.00324818 0.0159549 0.199635 0.155663 0.00724516 0.0443472 0.0143448 0.0118229 3.41996e-05 0.0084929 0.0805607 0.0149015 0.0880044 0.157534 4.66858e-05 
0.0248081 0.0286567 0.00527018 0.070913 0.210279 0.132872 0.00164455 0.0577582 0.00708248 0.0068574 4.84108e-05 0.0471583 0.0890982 0.111973 0.0445835 0.160935 6.1938e-05 
0.0779725 0.0584723 0.0262363 0.0110914 0.273636 0.0687165 0.00611969 0.0444924 0.0631765 0.00767575 0.000558757 0.0142614 0.0266369 0.0328463 0.0513975 0.236598 0.00011218 
0.045694 0.0290118 0.0716694 0.0951652 0.243695 0.0364286 0.00154035 0.126628 0.00897129 0.00289613 8.35251e-05 0.0184149 0.0261585 0.0124375 0.079503 0.201043 0.000659417 
0.0272251 0.0687331 0.0880223 0.0590168 0.237503 0.0638355 0.00648981 0.132183 0.010511 0.00588071 0.000135156 0.0090824 0.0644244 0.0287189 0.0628451 0.13509 0.000304192 
0.0225772 0.0387908 0.00404783 0.140231 0.190513 0.0721434 0.00304097 0.0366402 0.0163142 0.00307844 0.000153572 0.0112402 0.136017 0.0808599 0.055217 0.188932 0.000203821 
0.0305178 0.0139433 0.000622305 0.0938675 0.198924 0.0550425 0.00739101 0.0338047 0.0127597 0.00129987 0.000984396 0.0116553 0.194593 0.01331 0.151647 0.179512 0.000126223 
0.072032 0.0601034 0.00556113 0.0413093 0.278604 0.164532 0.00801585 0.0595028 0.0133629 0.0145478 0.000114363 0.00848195 0.0342008 0.0193563 0.105877 0.114135 0.000262874 
0.0609938 0.0518603 0.00314742 0.0274652 0.3574 0.0618408 0.00438861 0.0401231 0.0343864 0.00475469 0.000303975 0.00407584 0.0417081 0.0189928 0.108344 0.179468 0.000746872 
0.0298446 0.00555772 0.00705748 0.0144233 0.549208 0.00758435 0.0139333 0.0710521 0.000549299 0.000108876 4.18841e-06 0.0653408 0.0489858 0.00506989 0.0121014 0.169153 2.58846e-05 
0.0543377 0.146817 0.0291088 0.0598468 0.168783 0.109647 0.00106253 0.15023 0.0111752 0.00611296 0.00114728 0.0100797 0.0254843 0.0117197 0.131621 0.082474 0.000353078 
0.0295112 0.0563249 0.00232605 0.0120639 0.539367 0.0358072 0.000673845 0.178956 0.00219963 0.00670225 3.24122e-05 1.81008e-06 0.000857922 0.0176506 0.075165 0.0423487 1.17949e-05 
0.0187041 0.0284329 0.00847979 0.0225234 0.30453 0.0592909 0.021446 0.0578596 0.0178678 0.0152483 0.00272468 0.0104107 0.0555704 0.0561057 0.0418828 0.278811 0.000112074 
0.0582241 0.0782086 0.00532155 0.00899365 0.297015 0.0820967 0.00539186 0.0725185 0.0459054 0.00996964 0.000277985 0.0155402 0.0206896 0.0168662 0.138712 0.13883 0.00543992 
0.0178264 0.0244161 0.00491505 0.0280294 0.474883 0.091954 0.00537401 0.108906 0.0190692 0.00410388 0.000105182 0.0166356 0.0271476 0.00715015 0.0355481 0.133849 8.72892e-05 
0.139175 0.12849 0.00197577 0.00462788 0.264931 0.0499721 0.000744577 0.0397192 0.011432 0.00590419 0.000485013 0.000844387 0.0405316 0.01419 0.133752 0.162544 0.000680721 
0.023739 0.115526 0.00340892 0.00635163 0.303119 0.191513 0.00284266 0.0969204 0.0127281 0.0112387 0.00045687 0.00537986 0.00636058 0.0099245 0.0420281 0.168121 0.000342045 
0.00610667 0.00610998 0.00893543 0.0109903 0.41057 0.0187607 0.0247961 0.0838779 0.0018911 0.000316028 1.72352e-05 0.0120308 0.0713202 0.0025527 0.0184056 0.323304 1.52111e-05 
0.0323224 0.0210407 0.00854625 0.0202779 0.343759 0.00928924 0.0202553 0.108427 0.00332591 0.00104603 5.18882e-05 0.0299955 0.074539 0.0139673 0.0655074 0.2476 4.8404e-05 
0.00559573 0.0288839 0.00307847 0.113961 0.311326 0.00638686 0.0151794 0.0769042 0.0132094 0.000325891 0.000594723 0.0438824 0.196448 0.00114436 0.115048 0.0677988 0.000232625 
0.0268361 0.0375505 0.00092174 0.0382991 0.26752 0.0879701 0.0223964 0.0251722 0.00807702 0.00195578 5.88119e-05 0.000317123 0.148583 0.00152851 0.0821788 0.249639 0.000995867 
0.0779725 0.0584723 0.0262363 0.0110914 0.273636 0.0687165 0.00611969 0.0444924 0.0631765 0.00767575 0.000558757 0.0142614 0.0266369 0.0328463 0.0513975 0.236598 0.00011218 
0.0273584 0.0145271 0.00201921 0.0467997 0.276327 0.0333079 0.000139966 0.0595554 0.00310653 0.00300061 2.02281e-08 1.25178e-05 0.181232 0.0203334 0.0738462 0.258434 3.2081e-07 
0.0779725 0.0584723 0.0262363 0.0110914 0.273636 0.0687165 0.00611969 0.0444924 0.0631765 0.00767575 0.000558757 0.0142614 0.0266369 0.0328463 0.0513975 0.236598 0.00011218 
0.0187041 0.0284329 0.00847979 0.0225234 0.30453 0.0592909 0.021446 0.0578596 0.0178678 0.0152483 0.00272468 0.0104107 0.0555704 0.0561057 0.0418828 0.278811 0.000112074 
0.0872174 0.00176575 0.0384434 0.0259036 0.487204 0.0289386 0.00515439 0.0201191 0.00145163 0.00295764 1.0007e-06 0.0133611 0.0360122 0.000245442 0.0757871 0.175425 1.23535e-05 
0.0556365 0.0544344 0.00292811 0.0315231 0.35013 0.053192 0.00176096 0.037149 0.0387735 0.00518396 0.000367866 0.00625394 0.0275717 0.0178426 0.109754 0.206603 0.000895187 
0.018329 0.0105471 0.0824479 0.0276252 0.223164 0.149719 0.00605963 0.141296 0.0556961 0.00233124 1.25562e-06 0.0272997 0.0868499 0.00483573 0.0349504 0.128841 6.40801e-06 
0.0689868 0.021834 0.00185252 0.0834254 0.286648 0.0687454 0.00475007 0.101896 0.0057689 0.00222333 0.000391896 0.000921803 0.0614478 0.0179172 0.0352912 0.237806 9.33852e-05 
0.0251163 0.0231024 0.00512059 0.0328986 0.470867 0.110459 0.00544185 0.107169 0.0245971 0.00513485 0.000247277 0.0165278 0.0180557 0.00763176 0.022553 0.124902 0.000175749 
0.0599938 0.0338413 0.0112459 0.135599 0.244955 0.069134 0.0013125 0.0462216 0.0384415 0.00515809 0.00018748 0.00553407 0.0852252 0.0733442 0.0684296 0.120943 0.000432837 
0.0534384 0.114456 0.0041154 0.0188355 0.280817 0.2227 0.0013883 0.0303793 0.0152533 0.00829327 0.000563653 0.000429614 0.00986644 0.0138728 0.0540725 0.17143 8.91259e-05 
0.0402123 0.0516988 0.00734731 0.105278 0.197399 0.129988 0.00184142 0.0898427 0.00845807 0.010661 4.32865e-05 0.0247899 0.0603367 0.0264096 0.105525 0.139995 0.000173991 
0.0251163 0.0231024 0.00512059 0.0328986 0.470867 0.110459 0.00544185 0.107169 0.0245971 0.00513485 0.000247277 0.0165278 0.0180557 0.00763176 0.022553 0.124902 0.000175749 
0.0239365 0.0255976 0.00903215 0.0633483 0.272298 0.074776 0.0054947 0.217559 0.00855867 0.00312042 0.000303548 0.0520119 0.0490555 0.0260858 0.0305315 0.136162 0.00212867 
0.00421101 0.000104806 0.0592643 0.0664254 0.275905 0.0310535 0.0325912 0.0287902 0.00461987 9.6468e-05 2.37623e-06 0.193137 0.226358 0.00258994 0.0122317 0.0626197 3.33549e-09 
0.072996 0.0544617 0.0106804 0.0565043 0.184927 0.163 0.00409306 0.0635668 0.0201131 0.0068027 1.6329e-05 0.00284061 0.0639337 0.11602 0.035024 0.144937 8.28198e-05 
0.0609043 0.106366 0.00323439 0.00808156 0.22576 0.0673168 0.00963338 0.0439678 0.0133751 0.00439754 0.00018704 0.000275086 0.0452729 0.0229051 0.163494 0.224799 2.96052e-05 
0.0382131 0.03135 0.00605191 0.0625089 0.173592 0.161808 0.00312144 0.0626665 0.0124992 0.00773853 0.000246746 0.0645883 0.0784368 0.0807008 0.0477956 0.168521 0.000161239 
0.000770391 0.00502228 0.00310325 0.0338981 0.315543 0.00269535 0.000499397 0.193862 0.00545546 0.000219772 4.83776e-09 0.00370583 0.160243 0.000438829 0.0292558 0.245288 1.20574e-12 
0.00309466 0.000835807 0.00924125 0.0158741 0.547738 0.0160029 0.0252022 0.0306158 0.00111955 0.000190879 2.75204e-06 0.0199081 0.155843 0.00474097 0.0162684 0.153316 4.76321e-06 
0.098459 0.0575527 0.0545769 0.122507 0.185912 0.0642371 0.000791482 0.0636202 0.0215381 0.0151056 1.86988e-05 0.0261063 0.0197884 0.0488743 0.120696 0.0970088 0.00320741 
0.0336999 0.0388077 0.00167402 0.0207259 0.378128 0.0695799 0.00375383 0.0475522 0.0357629 0.00456916 0.000307854 0.00443173 0.0321454 0.0182252 0.0811204 0.228861 0.000654629 
0.0179259 0.1111 0.00203437 0.00123257 0.59248 0.0510493 0.00212233 0.0234022 0.0255221 0.00843026 5.72459e-06 0.000598693 0.00127745 0.00380143 0.119479 0.0390673 0.000471744 
0.0779725 0.0584723 0.0262363 0.0110914 0.273636 0.0687165 0.00611969 0.0444924 0.0631765 0.00767575 0.000558757 0.0142614 0.0266369 0.0328463 0.0513975 0.236598 0.00011218 
0.0720994 0.0447918 0.0266153 0.048083 0.25972 0.124057 0.00400242 0.0604654 0.0206906 0.0113222 4.33736e-05 0.00660475 0.0798856 0.0815775 0.0217517 0.138018 0.000272569 
0.0245123 0.0516144 0.00560954 0.130073 0.274415 0.133795 0.00421594 0.111123 0.0068366 0.00479943 0.00024531 0.0170893 0.0403169 0.0166783 0.0476609 0.130887 0.000127478 
0.0303397 0.0472596 0.0025005 0.0402038 0.267749 0.197143 0.000927071 0.033971 0.0103739 0.00834982 1.3406e-05 0.000844004 0.0403877 0.0966527 0.104469 0.118783 3.30017e-05 
0.0582241 0.0782086 0.00532155 0.00899365 0.297015 0.0820967 0.00539186 0.0725185 0.0459054 0.00996964 0.000277985 0.0155402 0.0206896 0.0168662 0.138712 0.13883 0.00543992 
0.022836 0.00662018 0.00479629 0.0900869 0.326407 0.00933305 0.0278951 0.0592101 0.00711832 0.000764372 8.44907e-06 0.0254336 0.227658 0.00291167 0.0976444 0.0909507 0.000326077 
0.0455238 0.0484259 0.00208171 0.0343081 0.324434 0.0660709 0.00175548 0.0374947 0.0435835 0.00642228 0.000628482 0.006313 0.0276339 0.0249819 0.0941402 0.235342 0.000859449 
0.0105258 0.163159 0.00598315 0.127948 0.303067 0.119437 0.00505314 0.0845886 0.0213382 0.00599011 1.41139e-06 0.0102108 0.0379818 0.0174542 0.0412688 0.045985 8.50964e-06 
0.0779725 0.0584723 0.0262363 0.0110914 0.273636 0.0687165 0.00611969 0.0444924 0.0631765 0.00767575 0.000558757 0.0142614 0.0266369 0.0328463 0.0513975 0.236598 0.00011218 
0.0143966 0.0189664 0.00298826 0.0884902 0.309335 0.0694536 0.00566666 0.0749955 0.0248856 0.00247129 0.000182019 0.0150849 0.0469966 0.0098519 0.0196343 0.296338 0.000263148 
0.0650228 0.0522761 0.00843184 0.0329031 0.189608 0.107377 0.00346219 0.0407154 0.0206742 0.0069951 0.00659479 0.0121102 0.0779283 0.0968823 0.183846 0.0949349 0.000237823 
0.0382131 0.03135 0.00605191 0.0625089 0.173592 0.161808 0.00312144 0.0626665 0.0124992 0.00773853 0.000246746 0.0645883 0.0784368 0.0807008 0.0477956 0.168521 0.000161239 
0.0591943 0.0611887 0.00352246 0.110848 0.196244 0.111437 0.0114303 0.0332161 0.0127619 0.0217881 0.00111197 0.00504638 0.0892852 0.0844727 0.0795052 0.118535 0.000413427 
0.0246889 0.161378 0.00192419 0.0486059 0.188647 0.146915 0.000254697 0.044456 0.00947265 0.0933129 3.72173e-05 0.000334886 0.110929 0.00562715 0.0770147 0.0863893 1.15921e-05 
0.0092543 0.127528 0.00327989 0.00177255 0.648778 0.0508549 0.00285993 0.0202055 0.0212157 0.0137379 5.939e-05 0.00292629 0.00457192 0.0037196 0.0380351 0.0508072 0.000393921 
0.0169348 0.0310847 0.00107972 0.0269374 0.398289 0.0259693 0.00235922 0.0440311 0.00246744 0.0012963 6.10747e-06 0.000188987 0.011889 0.0730368 0.116296 0.247989 0.000145685 
0.0221979 0.0170869 0.145616 0.0238583 0.358579 0.0222274 0.00626081 0.113351 0.0118018 0.00596839 3.26573e-05 0.0223307 0.0428013 0.0141018 0.0317806 0.161919 8.60373e-05 
0.00739483 0.00209898 0.0260726 0.0297694 0.363955 0.0216176 0.0165067 0.118565 0.00950767 0.000312294 6.44653e-05 0.0585866 0.083097 0.00371252 0.011763 0.246485 0.000491227 
0.0253204 0.0655985 0.011526 0.112311 0.222026 0.148263 0.00101357 0.0818872 0.0121826 0.00435564 0.0319939 4.72562e-05 0.00441841 0.0455581 0.109396 0.121173 0.00293048 
0.0156498 0.0365073 0.0120377 0.0267252 0.244698 0.0816785 0.0291072 0.0666101 0.0148119 0.00236946 7.83129e-05 0.0404208 0.172804 0.0183023 0.0243669 0.213418 0.00041405 
0.036711 0.0631862 0.0433574 0.0444601 0.251386 0.0304523 0.00524783 0.119558 0.00524227 0.00324052 0.00017705 0.0044715 0.0478802 0.0121561 0.118473 0.213924 7.70562e-05 
0.058528 0.0510406 0.00223822 0.0256695 0.361623 0.0608485 0.00165612 0.0334068 0.0433127 0.00583114 0.000439633 0.00616542 0.0228152 0.0185641 0.100121 0.20668 0.00105954 
0.0336999 0.0388077 0.00167402 0.0207259 0.378128 0.0695799 0.00375383 0.0475522 0.0357629 0.00456916 0.000307854 0.00443173 0.0321454 0.0182252 0.0811204 0.228861 0.000654629 
0.0169967 0.0344969 0.0120869 0.0464008 0.379824 0.138234 0.020161 0.0752911 0.0310265 0.0160788 0.000729553 0.0179042 0.0350299 0.00960372 0.057322 0.107237 0.00157745 
0.0968108 0.0957238 0.00198906 0.0200823 0.206686 0.0483473 0.023784 0.0341682 0.0101999 0.00653184 0.000227242 0.00133205 0.0683123 0.0711584 0.146552 0.167767 0.000327107 
0.0779725 0.0584723 0.0262363 0.0110914 0.273636 0.0687165 0.00611969 0.0444924 0.0631765 0.00767575 0.000558757 0.0142614 0.0266369 0.0328463 0.0513975 0.236598 0.00011218 
0.00759494 0.0613244 2.59771e-05 0.00141049 0.551866 0.0655183 1.73931e-05 0.048271 0.0187968 0.00108714 9.01126e-07 2.56472e-06 0.019701 6.43893e-06 0.0247601 0.199617 2.23313e-08 
0.0216895 0.0179768 0.00766988 0.104075 0.329113 0.023116 0.00381745 0.0918147 0.00111091 0.000734829 0.000114737 0.0118423 0.0759565 0.0176194 0.0300272 0.26322 0.000101478 
0.0162338 0.0112891 0.000991241 0.055337 0.596542 0.0487475 0.00221237 0.020842 0.0109533 0.000281192 1.75277e-05 0.000172389 0.073965 0.00243292 0.0410376 0.118945 9.97152e-08 
0.0336999 0.0388077 0.00167402 0.0207259 0.378128 0.0695799 0.00375383 0.0475522 0.0357629 0.00456916 0.000307854 0.00443173 0.0321454 0.0182252 0.0811204 0.228861 0.000654629 
0.0441434 0.0137991 0.00684467 0.120124 0.213569 0.0169037 0.00344724 0.0878475 0.0111714 0.00224259 3.63593e-05 0.0199251 0.0785617 0.0241261 0.148229 0.208971 5.71059e-05 
0.00172365 0.00655151 0.00395932 0.00894472 0.69372 0.0203559 0.00217528 0.0738574 0.0014635 0.000307288 4.56269e-06 0.00967574 0.058122 0.000738849 0.0015173 0.116515 0.000368505 
0.0779725 0.0584723 0.0262363 0.0110914 0.273636 0.0687165 0.00611969 0.0444924 0.0631765 0.00767575 0.000558757 0.0142614 0.0266369 0.0328463 0.0513975 0.236598 0.00011218 
0.0181477 0.236403 0.0030578 0.0200004 0.406704 0.069227 0.00199234 0.0812968 0.045248 0.00264776 6.69801e-05 0.00140906 0.0193544 0.002895 0.0406032 0.0508589 8.78026e-05 
0.0336999 0.0388077 0.00167402 0.0207259 0.378128 0.0695799 0.00375383 0.0475522 0.0357629 0.00456916 0.000307854 0.00443173 0.0321454 0.0182252 0.0811204 0.228861 0.000654629 
0.0656035 0.0353718 0.00593016 0.145758 0.168695 0.0417356 0.00345999 0.157686 0.0268411 0.00321604 0.000258884 0.0132745 0.0861552 0.0220848 0.06264 0.161084 0.000204542 
0.00673219 0.0478673 0.0189437 0.0849695 0.302808 0.0925618 0.00447466 0.0554945 0.0140007 0.00854499 0.000126005 0.00740603 0.06327 0.0269294 0.11244 0.153309 0.000121889 
0.00814329 0.0413551 0.11364 0.0471516 0.250892 0.023882 0.0068678 0.0485815 0.00230651 0.00184362 8.83606e-06 0.0194411 0.198018 0.0237298 0.0787328 0.135148 0.000258869 
0.0174188 0.0954047 0.00124143 0.0283576 0.667598 0.013931 0.00101477 0.0154082 0.0168612 0.0359295 3.62608e-06 0.000490281 0.000723132 0.00120529 0.0686281 0.0171632 0.0186212 
0.0359522 0.00865979 0.012479 0.119425 0.321563 0.027554 0.00565169 0.0666428 0.000433239 0.000308888 6.57563e-05 0.0199385 0.112157 0.0144793 0.0264901 0.228149 5.13579e-05 
0.0293258 0.030871 0.00664128 0.0337586 0.289845 0.0484063 0.0198856 0.0749485 0.00592167 0.00228794 0.00103292 0.0096812 0.0387712 0.0116699 0.141537 0.255385 3.11967e-05 
0.139175 0.12849 0.00197577 0.00462788 0.264931 0.0499721 0.000744577 0.0397192 0.011432 0.00590419 0.000485013 0.000844387 0.0405316 0.01419 0.133752 0.162544 0.000680721 
0.0382131 0.03135 0.00605191 0.0625089 0.173592 0.161808 0.00312144 0.0626665 0.0124992 0.00773853 0.000246746 0.0645883 0.0784368 0.0807008 0.0477956 0.168521 0.000161239 
0.0103264 0.00504989 0.0642394 0.110256 0.191831 0.131127 0.0207264 0.0289833 0.010807 0.00155434 1.51907e-06 0.116674 0.186759 0.00454418 0.00954885 0.107361 0.000211292 
0.0251163 0.0231024 0.00512059 0.0328986 0.470867 0.110459 0.00544185 0.107169 0.0245971 0.00513485 0.000247277 0.0165278 0.0180557 0.00763176 0.022553 0.124902 0.000175749 
0.0242738 0.100433 0.025731 0.0222568 0.357837 0.0235513 0.00216555 0.069307 0.00112482 0.000173219 8.83894e-06 0.0232029 0.0445636 0.0023675 0.19459 0.108401 1.30851e-05 
0.0251163 0.0231024 0.00512059 0.0328986 0.470867 0.110459 0.00544185 0.107169 0.0245971 0.00513485 0.000247277 0.0165278 0.0180557 0.00763176 0.022553 0.124902 0.000175749 
0.0123762 0.021637 0.00878045 0.0362811 0.333875 0.022992 0.00578049 0.175282 0.00345969 0.00599218 3.81173e-05 0.00622043 0.0486817 0.00690414 0.0429886 0.268675 3.51003e-05 
0.0412094 0.0100656 0.00122229 0.0644497 0.183326 0.0217078 0.154763 0.0462157 0.00144255 0.00404101 0.0253838 0.0386519 0.174636 0.0213082 0.100211 0.109164 0.00220212 
0.0185408 0.0943179 0.00804696 0.0256574 0.267652 0.0285169 0.0112504 0.102167 0.0205809 0.00768894 1.13824e-05 0.039907 0.11835 0.00507687 0.109254 0.142273 0.000708314 
0.00531851 0.0388048 0.00985966 0.0600593 0.543811 0.0452204 0.0157472 0.0380424 0.0220603 0.000948873 1.10719e-05 0.00847447 0.0716254 0.0120923 0.0159647 0.11187 8.8883e-05 
0.00832435 0.0160393 0.00561758 0.0291151 0.446142 0.0196132 0.0113238 0.0356721 0.0110661 0.00175636 0.000211703 0.0251642 0.0346328 0.0138912 0.0911957 0.250114 0.000120495 
0.0239365 0.0255976 0.00903215 0.0633483 0.272298 0.074776 0.0054947 0.217559 0.00855867 0.00312042 0.000303548 0.0520119 0.0490555 0.0260858 0.0305315 0.136162 0.00212867 
0.0379023 0.0950663 0.0397071 0.0856265 0.189646 0.0540251 0.00950761 0.0985871 0.0362306 0.0225484 0.000101859 0.0103977 0.0280427 0.0169513 0.104556 0.170822 0.000282114 
0.00611149 0.00766102 0.0101053 0.0694972 0.230736 0.0285311 0.0189759 0.035435 0.0100196 0.0002928 2.79537e-05 0.0618751 0.0626384 0.0117842 0.228605 0.217702 1.27759e-06 
0.0251163 0.0231024 0.00512059 0.0328986 0.470867 0.110459 0.00544185 0.107169 0.0245971 0.00513485 0.000247277 0.0165278 0.0180557 0.00763176 0.022553 0.124902 0.000175749 
0.0316086 0.0262188 0.00671044 0.0956181 0.232888 0.0758681 0.00435356 0.114195 0.0112145 0.00180729 0.000909487 0.0541592 0.0485597 0.039658 0.0741146 0.181782 0.000335013 
0.0545389 0.0752782 0.00284456 0.0399293 0.463447 0.142169 0.00279021 0.027978 0.0174117 0.00316922 0.00135736 0.0528787 0.0114345 0.0130743 0.0482702 0.0431709 0.000257964 
0.0109713 0.02583 0.036812 0.305602 0.316282 0.0674243 0.00251302 0.0406331 0.001606 0.00083987 5.19577e-05 0.0109901 0.0255552 0.0356645 0.0355529 0.0833374 0.000334037 
0.00856563 0.0365304 0.00126526 0.0192685 0.476431 0.0052005 0.00621717 0.101971 0.000729408 0.00666235 9.39206e-05 3.45724e-05 0.0116286 0.0112157 0.0297909 0.284389 5.64166e-06 
0.0576864 0.0358372 0.0213014 0.0384726 0.291818 0.209406 0.00320589 0.0483773 0.0222757 0.00906206 3.5521e-05 0.00528751 0.0639169 0.0652741 0.017404 0.110419 0.00021982 
0.0828764 0.0358034 0.00161121 0.0172394 0.23062 0.0707699 0.00726138 0.119439 0.0101313 0.00389481 0.00046124 0.00802615 0.0422707 0.0372409 0.159662 0.17263 6.24504e-05 
0.10249 0.0398474 0.00487246 0.0247043 0.260451 0.0568061 0.00153198 0.0590039 0.0100592 0.00293779 1.41879e-06 0.0186275 0.1245 0.0201275 0.0236388 0.248742 0.00165947 
0.00993661 0.069838 0.0462302 0.0404596 0.325439 0.00768316 0.0492153 0.0243687 0.00209646 0.00055068 4.18578e-05 0.0595804 0.0404319 0.00436123 0.268076 0.0512954 0.000395388 
0.037063 0.0196782 0.00432138 0.0742826 0.196302 0.156784 0.00877525 0.136946 0.0565412 0.00586567 9.63602e-06 0.0249729 0.054121 0.00820326 0.0198281 0.195822 0.000483769 
0.0585107 0.0129226 0.0344569 0.0201177 0.358272 0.0166155 0.00304306 0.154419 0.00622089 0.00117862 6.67386e-05 0.0423695 0.0700301 0.00252798 0.104707 0.114469 7.29455e-05 
0.0347473 0.0295828 0.00557761 0.0306656 0.261459 0.0531992 0.0286697 0.0839733 0.00717707 0.00373576 0.000578217 0.0145965 0.0429889 0.0134584 0.142457 0.247106 2.81103e-05 
0.0382131 0.03135 0.00605191 0.0625089 0.173592 0.161808 0.00312144 0.0626665 0.0124992 0.00773853 0.000246746 0.0645883 0.0784368 0.0807008 0.0477956 0.168521 0.000161239 
0.0283688 0.016927 0.00237876 0.0690438 0.172919 0.0284859 0.165711 0.0821463 0.0138739 0.00115704 0.00470888 0.0159829 0.0932405 0.00529423 0.143068 0.156471 0.000222587 
0.0301688 0.0511902 0.00799303 0.0263373 0.248763 0.0924052 0.0129524 0.0770212 0.0209778 0.00601693 0.00358867 0.0326131 0.0554056 0.0427926 0.0606868 0.231016 7.1676e-05 
0.0359558 0.0542086 0.0137392 0.0612353 0.264268 0.147612 0.0182897 0.126321 0.00952702 0.00673944 2.80514e-05 0.0170836 0.0429595 0.00434434 0.0979052 0.0988592 0.000924023 
0.00894088 0.191384 0.00186788 0.000705704 0.501044 0.0208925 0.00195855 0.0176905 0.185112 0.00865596 3.47433e-06 0.000778056 0.000764009 0.00190165 0.0423174 0.0156172 0.000366003 
0.0382131 0.03135 0.00605191 0.0625089 0.173592 0.161808 0.00312144 0.0626665 0.0124992 0.00773853 0.000246746 0.0645883 0.0784368 0.0807008 0.0477956 0.168521 0.000161239 
0.00421101 0.000104806 0.0592643 0.0664254 0.275905 0.0310535 0.0325912 0.0287902 0.00461987 9.6468e-05 2.37623e-06 0.193137 0.226358 0.00258994 0.0122317 0.0626197 3.33549e-09 
0.106872 0.102355 0.00405871 0.0902955 0.261923 0.0692178 0.00996526 0.0265741 0.011825 0.00950013 0.000111494 0.0587503 0.0363137 0.0187012 0.0615537 0.121689 0.0102932 
0.0168337 0.0180557 0.0158397 0.0932789 0.230613 0.060689 0.00249602 0.210039 0.0162326 0.000967586 0.000394739 0.0286124 0.035645 0.0349341 0.0467984 0.185235 0.0033352 
0.0779725 0.0584723 0.0262363 0.0110914 0.273636 0.0687165 0.00611969 0.0444924 0.0631765 0.00767575 0.000558757 0.0142614 0.0266369 0.0328463 0.0513975 0.236598 0.00011218 
0.0126085 0.0728291 0.00232504 0.00901657 0.590573 0.0662184 0.000807424 0.0648509 0.0191049 0.0115013 0.00146818 4.28109e-06 0.001193 0.00736638 0.0637863 0.076327 1.94794e-05 
0.0311636 0.193528 0.00140371 0.00486822 0.304065 0.0492389 0.00481531 0.0287343 0.0162982 0.00916651 0.000546304 0.0229224 0.00295826 0.00228862 0.0698296 0.0254554 0.232718 
0.0131748 0.0346477 0.00726623 0.140046 0.298432 0.025924 0.00147087 0.159397 0.00178047 0.000158113 3.38013e-06 0.043111 0.0461964 0.012998 0.156093 0.0589487 0.000351928 
0.0289844 0.0443215 0.0530613 0.0205211 0.309498 0.104247 0.00310093 0.0380271 0.0187667 0.0392579 6.12574e-05 0.00533219 0.00619491 0.0360696 0.0689802 0.223457 0.000119021 
0.00249507 0.00878931 0.0142675 0.0742755 0.340222 0.0187477 0.00487614 0.0760735 0.037762 0.000668301 9.47855e-05 0.0106156 0.132909 0.0026859 0.0348662 0.240574 7.6572e-05 
0.0119349 0.0254951 0.00415291 0.0258856 0.532743 0.0125094 0.00796744 0.0222769 0.0128799 0.00109117 0.00550284 0.0310292 0.0312479 0.00342396 0.200885 0.0707186 0.000256382 
0.131451 0.0490335 0.0371093 0.0935183 0.149182 0.110973 0.00614745 0.10281 0.0213364 0.00750415 4.95262e-05 0.0105256 0.0548437 0.0296175 0.0680767 0.127546 0.00027572 
0.058528 0.0510406 0.00223822 0.0256695 0.361623 0.0608485 0.00165612 0.0334068 0.0433127 0.00583114 0.000439633 0.00616542 0.0228152 0.0185641 0.100121 0.20668 0.00105954 
0.0258734 0.0263689 0.00505067 0.072219 0.207477 0.113078 0.00176044 0.0546235 0.00712391 0.00676465 5.2453e-05 0.0511938 0.0945126 0.121137 0.0446999 0.167997 6.71665e-05 
0.0178711 0.0307681 0.00245591 0.0768192 0.478519 0.107229 0.00185314 0.0197777 0.0201103 0.00140941 1.31464e-05 0.000165125 0.072296 0.00264505 0.0328241 0.135244 7.48391e-08 
0.0104669 1.74722e-05 0.00987766 0.142696 0.386607 0.023157 0.00800251 0.145045 0.00904718 4.44353e-05 3.99237e-07 0.0332136 0.0849068 0.00219129 0.00273153 0.141995 4.72969e-08 
0.028042 0.0332437 0.0057243 0.0452934 0.247068 0.103461 0.00283423 0.0583924 0.0183845 0.00780062 7.5366e-05 0.0430089 0.0605722 0.0682021 0.0440784 0.233731 8.75811e-05 
0.00242128 0.00828754 0.00308783 0.0219548 0.441604 0.0056951 0.0238927 0.120262 0.00631576 0.000711331 0.000837244 0.000612102 0.0188414 0.00206888 0.0421027 0.300666 0.000638758 
0.000482078 0.0147627 0.000408145 0.00376513 0.94465 7.77317e-05 3.40487e-06 0.0156307 0.00105351 1.88099e-06 7.47678e-06 7.85921e-05 0.000370853 1.25898e-06 0.0186458 5.07468e-05 9.92903e-06 
0.0132116 0.0183208 0.0122809 0.0173808 0.382801 0.0327885 0.017635 0.0853356 0.00478607 0.00114238 4.20484e-05 0.0215829 0.0892923 0.00930838 0.0200346 0.242814 0.0312437 
0.0149919 0.045434 0.00235561 0.0849403 0.373797 0.108829 0.00668924 0.0130737 0.00872095 0.0026865 3.43724e-06 3.31467e-05 0.051712 0.00822318 0.0396776 0.238832 1.03568e-08 
0.00878934 0.042734 0.0083222 0.0753776 0.479457 0.0442 0.0106145 0.193401 0.00594214 0.00528102 9.57551e-06 0.0145946 0.0290784 0.00231668 0.0381712 0.0411508 0.000560331 
0.0178711 0.0307681 0.00245591 0.0768192 0.478519 0.107229 0.00185314 0.0197777 0.0201103 0.00140941 1.31464e-05 0.000165125 0.072296 0.00264505 0.0328241 0.135244 7.48391e-08 
0.010126 0.0653738 0.0226489 0.0959957 0.568807 0.0568124 0.00176772 0.022842 0.0137256 0.00037043 6.95698e-07 0.0184142 0.0624893 0.00198975 0.00522431 0.0527028 0.000709138 
0.0506294 0.0517731 0.00631724 0.0942419 0.321851 0.13798 0.00410129 0.118484 0.00747312 0.00576526 0.000281405 0.0355615 0.0266075 0.0089237 0.030196 0.0983681 0.00144551 
0.0267319 0.0537719 0.0266094 0.0557331 0.387545 0.0451534 0.00310356 0.153566 0.00426266 0.00285185 4.67846e-06 0.0195989 0.066009 0.0255974 0.0363721 0.0787566 0.0143327 
0.0779725 0.0584723 0.0262363 0.0110914 0.273636 0.0687165 0.00611969 0.0444924 0.0631765 0.00767575 0.000558757 0.0142614 0.0266369 0.0328463 0.0513975 0.236598 0.00011218 
0.058528 0.0510406 0.00223822 0.0256695 0.361623 0.0608485 0.00165612 0.0334068 0.0433127 0.00583114 0.000439633 0.00616542 0.0228152 0.0185641 0.100121 0.20668 0.00105954 
0.0048948 0.00510254 0.0114736 0.0160402 0.36374 0.0180911 0.0179655 0.0962024 0.00422447 0.000453431 4.1993e-05 0.0211819 0.0633115 0.00700154 0.0146255 0.355474 0.000175475 
0.0198106 0.140168 0.00238545 0.0126382 0.422621 0.0561772 0.00252134 0.255884 0.00261107 0.00326627 1.12975e-05 0.00127503 0.00288157 0.00363258 0.0383806 0.0356179 0.000118625 
0.0225772 0.0387908 0.00404783 0.140231 0.190513 0.0721434 0.00304097 0.0366402 0.0163142 0.00307844 0.000153572 0.0112402 0.136017 0.0808599 0.055217 0.188932 0.000203821 
0.0119349 0.0254951 0.00415291 0.0258856 0.532743 0.0125094 0.00796744 0.0222769 0.0128799 0.00109117 0.00550284 0.0310292 0.0312479 0.00342396 0.200885 0.0707186 0.000256382 
0.0251163 0.0231024 0.00512059 0.0328986 0.470867 0.110459 0.00544185 0.107169 0.0245971 0.00513485 0.000247277 0.0165278 0.0180557 0.00763176 0.022553 0.124902 0.000175749 
0.0532067 0.121205 0.0254381 0.177164 0.233334 0.16323 7.95289e-05 0.0962104 0.0232957 0.00333721 5.3144e-06 0.000819975 0.0164303 0.00286254 0.0275888 0.0557107 8.17867e-05 
0.106872 0.102355 0.00405871 0.0902955 0.261923 0.0692178 0.00996526 0.0265741 0.011825 0.00950013 0.000111494 0.0587503 0.0363137 0.0187012 0.0615537 0.121689 0.0102932 
0.0927205 0.15911 0.00779046 0.0265929 0.263872 0.0444317 0.000952967 0.119718 0.00156975 0.00226073 0.00133028 1.20909e-05 0.0516247 0.00832518 0.0992505 0.118245 0.00219289 
0.0250236 0.0112532 0.00134368 0.0213006 0.540825 0.121877 0.000260835 0.0620235 0.0142935 0.00208077 0.000127298 0.000361781 0.012805 0.0125979 0.0138862 0.159772 0.000167516 
0.00382627 0.000938319 0.011605 0.0156692 0.47224 0.0120001 0.0199754 0.0870411 0.000820666 0.00012339 1.23811e-06 0.0132526 0.0640419 0.00414456 0.0154361 0.278884 1.73924e-08 
0.0320305 0.0216719 0.00116999 0.0255191 0.333592 0.0125445 0.0203826 0.149086 0.0106465 0.0003371 0.0200474 0.0271464 0.116448 0.00413852 0.167849 0.0573559 3.4746e-05 
0.011538 0.0108748 0.00187988 0.182746 0.191871 0.0257712 0.0248326 0.0227044 0.00901014 0.00042633 0.000123914 0.081533 0.0882917 0.00202567 0.171175 0.175123 7.35753e-05 
0.0513228 0.165822 0.00239173 0.00949873 0.214948 0.135183 0.00466421 0.0250009 0.0151108 0.00181072 0.0734726 0.00875348 0.149323 0.0150367 0.0305782 0.0952794 0.00180355 
0.0188481 0.0564865 0.00156715 0.00195865 0.381634 0.0576432 0.000231051 0.0197141 0.0208963 0.150035 0.000123609 0.000107526 0.012604 0.152061 0.0791553 0.0469052 2.82482e-05 
0.0207086 0.065756 0.00288901 0.00689888 0.518436 0.0540695 0.00132773 0.0402429 0.00340426 0.0884832 5.39695e-05 6.3887e-05 0.00393827 0.0110026 0.0257842 0.156888 5.31011e-05 
0.0455238 0.0484259 0.00208171 0.0343081 0.324434 0.0660709 0.00175548 0.0374947 0.0435835 0.00642228 0.000628482 0.006313 0.0276339 0.0249819 0.0941402 0.235342 0.000859449 
0.0162338 0.0112891 0.000991241 0.055337 0.596542 0.0487475 0.00221237 0.020842 0.0109533 0.000281192 1.75277e-05 0.000172389 0.073965 0.00243292 0.0410376 0.118945 9.97152e-08 
0.0219842 0.0678036 0.00177059 0.0141961 0.460687 0.162825 0.000470845 0.0449746 0.0140635 0.0149256 0.00017618 0.00574043 0.0240628 0.0177438 0.0775063 0.0706344 0.000434643 
0.0336999 0.0388077 0.00167402 0.0207259 0.378128 0.0695799 0.00375383 0.0475522 0.0357629 0.00456916 0.000307854 0.00443173 0.0321454 0.0182252 0.0811204 0.228861 0.000654629 
0.0375309 0.0657353 0.0252276 0.0839092 0.217088 0.0836344 0.00624516 0.0942489 0.00444686 0.00174062 0.00257073 0.0103185 0.0919769 0.00760874 0.178266 0.0875726 0.00187992 
0.0119349 0.0254951 0.00415291 0.0258856 0.532743 0.0125094 0.00796744 0.0222769 0.0128799 0.00109117 0.00550284 0.0310292 0.0312479 0.00342396 0.200885 0.0707186 0.000256382 
0.0648158 0.0110676 0.00387128 0.0571643 0.188055 0.0118926 0.0117944 0.0966423 0.00243038 0.00238975 6.4554e-05 0.140176 0.144374 0.0176969 0.184953 0.0612156 0.00139764 
2.75654e-07 0.0963142 0.00328003 0.00487031 0.606005 0.015004 4.16332e-05 0.00269726 0.00475381 0.00349544 1.38082e-08 4.60778e-06 0.00206431 0.000723668 0.0965044 0.164241 2.76463e-07 
0.00673219 0.0478673 0.0189437 0.0849695 0.302808 0.0925618 0.00447466 0.0554945 0.0140007 0.00854499 0.000126005 0.00740603 0.06327 0.0269294 0.11244 0.153309 0.000121889 
0.0359121 0.0313335 0.00074791 0.0221393 0.304545 0.0153351 0.0229384 0.14607 0.0156395 0.000616159 0.0289679 0.0131582 0.115243 0.00456448 0.186681 0.0560359 7.24589e-05 
0.0224113 0.134977 0.00262743 0.0563795 0.589411 0.0409031 0.000512705 0.0601422 0.00768818 0.0103707 8.84475e-05 5.95182e-06 0.00058734 0.0304436 0.0102206 0.0331892 4.17319e-05 
0.0206239 0.0116546 0.150661 0.0221293 0.406756 0.0173208 0.00465018 0.11079 0.00623108 0.00529917 1.42063e-06 0.0163174 0.0387187 0.0135548 0.0303969 0.144885 1.06106e-05 
0.0150223 0.0225335 0.00224193 0.128143 0.199644 0.00979647 0.0127991 0.153922 0.0010848 0.000153203 0.00028971 0.100575 0.168595 0.00563978 0.104757 0.0579891 0.0168144 
0.00382627 0.000938319 0.011605 0.0156692 0.47224 0.0120001 0.0199754 0.0870411 0.000820666 0.00012339 1.23811e-06 0.0132526 0.0640419 0.00414456 0.0154361 0.278884 1.73924e-08 
0.0140707 0.0287242 0.0027497 0.0124113 0.390903 0.0241108 0.023709 0.0757997 0.000324568 0.00124905 0.000118843 2.99245e-05 0.00876866 0.0107331 0.251198 0.154411 0.000687911 
0.0387371 0.110459 0.00719208 0.0483362 0.251955 0.144915 0.00866864 0.0923364 0.0092371 0.00268589 0.000442417 0.0170317 0.077583 0.00523572 0.0914153 0.093547 0.000222048 
0.012655 0.0226899 0.00476584 0.106454 0.405314 0.0223698 0.00096841 0.13908 0.00167192 0.000293991 0.000221351 0.0282409 0.0382736 0.0085291 0.151406 0.0568265 0.00023941 
0.0550545 0.139189 0.00438174 0.0166342 0.182238 0.0455657 0.126245 0.0454363 0.0271646 0.012491 0.000442546 0.0109499 0.0404474 0.00925319 0.15646 0.127309 0.000738392 
0.0251163 0.0231024 0.00512059 0.0328986 0.470867 0.110459 0.00544185 0.107169 0.0245971 0.00513485 0.000247277 0.0165278 0.0180557 0.00763176 0.022553 0.124902 0.000175749 
0.0543012 0.0489646 0.00476431 0.0452952 0.354059 0.0524237 0.00282323 0.0527227 0.0472988 0.00486027 0.000458597 0.00351412 0.0124355 0.0117346 0.104966 0.199272 0.000105545 
0.0251163 0.0231024 0.00512059 0.0328986 0.470867 0.110459 0.00544185 0.107169 0.0245971 0.00513485 0.000247277 0.0165278 0.0180557 0.00763176 0.022553 0.124902 0.000175749 
0.0259546 0.0289014 0.00916176 0.0429796 0.304883 0.0894155 0.0119198 0.0670303 0.0136747 0.00535835 0.00788045 0.0133729 0.0519932 0.0644004 0.0222297 0.240716 0.000127905 
0.0308556 0.0289744 0.0220825 0.135893 0.254836 0.066136 0.00366825 0.193091 0.00697 0.00449974 4.4983e-05 0.0281315 0.0940558 0.00433366 0.025504 0.0881106 0.0128133 
0.0135944 0.0473224 0.0118192 0.0650153 0.234299 0.0210073 0.0131299 0.21629 0.00758425 0.00538473 0.000471967 0.00989003 0.055253 0.00466837 0.110164 0.183749 0.000356299 
0.00652638 0.00680337 0.0147889 0.0206247 0.367244 0.0211814 0.0235126 0.0996537 0.00563259 0.000604562 5.5969e-05 0.0282425 0.0724913 0.00597447 0.0195007 0.306929 0.000233946 
0.044251 0.031207 0.0165694 0.0320797 0.240265 0.0903896 0.00919372 0.120666 0.0146271 0.0179565 2.70648e-06 0.0110672 0.133191 0.0398337 0.029877 0.168551 0.0002723 
0.0146927 0.0199066 0.0217738 0.0607143 0.226552 0.0237915 0.0147402 0.21433 0.0278657 0.00180008 0.000874981 0.0251395 0.0292582 0.0123007 0.117965 0.18826 3.52128e-05 
0.0105646 0.0332703 0.00686296 0.0285225 0.478825 0.043064 0.00568647 0.111131 0.00379493 0.00559575 5.304e-05 0.0298087 0.0104153 0.0282666 0.096021 0.108073 4.48146e-05 
0.00973317 0.122896 0.00258596 0.001045 0.588123 0.0342064 0.00251024 0.0185184 0.110918 0.00664441 9.9822e-07 0.00136535 0.00153008 0.0214551 0.0426943 0.0355538 0.00021886 
0.073281 0.0278614 0.00351733 0.0881211 0.179985 0.0406713 0.00455416 0.167123 0.00542345 0.00247437 5.54545e-05 0.118118 0.110012 0.00215465 0.0629053 0.11343 0.000312105 
0.0359931 0.0201104 0.0033527 0.0507998 0.223718 0.0294417 0.00279966 0.19321 0.0210768 0.000533688 2.35502e-05 0.052656 0.149025 0.00126296 0.0225179 0.193478 1.23737e-06 
0.0231259 0.0322691 0.00561679 0.0688509 0.214703 0.164127 0.00146157 0.0627078 0.00701707 0.00700385 4.20284e-05 0.0407864 0.0805492 0.097502 0.0443998 0.149784 5.36824e-05 
0.00485641 3.85215e-05 0.00227532 0.1236 0.37026 0.00537037 0.02084 0.0274694 0.00443591 6.51547e-06 0.000121721 0.0880683 0.189934 0.00299126 0.0773009 0.0822725 0.00015888 
0.0300327 0.00355202 0.00608696 0.022257 0.356366 0.0176106 0.0131332 0.152032 0.001164 0.000145933 0.000174942 0.0403934 0.0752988 0.0037289 0.0314961 0.244869 0.00165814 
0.0382131 0.03135 0.00605191 0.0625089 0.173592 0.161808 0.00312144 0.0626665 0.0124992 0.00773853 0.000246746 0.0645883 0.0784368 0.0807008 0.0477956 0.168521 0.000161239 
0.0150714 0.0384562 0.0100522 0.0311573 0.26886 0.0618463 0.00904104 0.0734728 0.0146918 0.00621175 0.00303819 0.0111468 0.0710849 0.0541361 0.0843191 0.247308 0.000105888 
0.000162916 1.5405e-05 0.113418 0.0370107 0.381212 0.00251738 0.00194336 0.308242 0.000246588 1.00553e-05 1.16197e-06 0.00698904 0.0693656 0.000593897 0.0094131 0.0688442 1.47653e-05 
0.0382131 0.03135 0.00605191 0.0625089 0.173592 0.161808 0.00312144 0.0626665 0.0124992 0.00773853 0.000246746 0.0645883 0.0784368 0.0807008 0.0477956 0.168521 0.000161239 
0.00181703 5.51394e-05 0.0149112 0.0135131 0.599297 0.00426851 0.00555621 0.0875741 0.000556659 9.89103e-06 2.39269e-07 0.0193139 0.0501379 0.000778211 0.00370832 0.198503 2.51842e-08 
0.125883 0.0697636 0.00639666 0.0496405 0.171882 0.0802254 0.00249295 0.0446479 0.0268263 0.00771558 9.10964e-05 0.0205837 0.0433709 0.164756 0.0278812 0.157424 0.000418769 
0.0162565 0.0114003 0.00258309 0.022889 0.353733 0.0634995 0.00446347 0.340515 0.00423176 0.000210696 4.9812e-05 0.00978131 0.017512 0.000477776 0.0697098 0.0814279 0.00125898 
0.0225772 0.0387908 0.00404783 0.140231 0.190513 0.0721434 0.00304097 0.0366402 0.0163142 0.00307844 0.000153572 0.0112402 0.136017 0.0808599 0.055217 0.188932 0.000203821 
0.0252102 0.00509367 0.00514951 0.123823 0.302585 0.0506575 0.00257824 0.295388 0.00102583 0.000257026 7.10438e-06 0.0269838 0.0635299 0.00143177 0.0284615 0.0671541 0.000664143 
0.00926032 0.029776 0.0196209 0.0316563 0.279597 0.0547118 0.0354702 0.144319 0.0123866 0.00574463 3.42929e-05 0.0196191 0.0474436 0.00434518 0.13707 0.168808 0.00013756 
0.0119349 0.0254951 0.00415291 0.0258856 0.532743 0.0125094 0.00796744 0.0222769 0.0128799 0.00109117 0.00550284 0.0310292 0.0312479 0.00342396 0.200885 0.0707186 0.000256382 
0.0251163 0.0231024 0.00512059 0.0328986 0.470867 0.110459 0.00544185 0.107169 0.0245971 0.00513485 0.000247277 0.0165278 0.0180557 0.00763176 0.022553 0.124902 0.000175749 
0.00348802 0.00192808 0.00405028 0.0783372 0.27023 0.0156432 0.0170813 0.0569576 0.0139569 0.00629297 0.000118145 0.225959 0.127083 0.00823808 0.0906014 0.079988 4.72319e-05 
0.0269555 0.0484298 0.00255528 0.0271236 0.326779 0.225421 0.000713645 0.0889233 0.0125316 0.0103368 1.7348e-05 0.00134687 0.0463004 0.139787 0.00906362 0.0336601 5.54395e-05 
0.0196073 0.0216714 0.00234158 0.0585244 0.483293 0.0691065 0.00470204 0.028205 0.0315926 0.000918518 0.000215568 0.00194002 0.0899631 0.00413667 0.0429043 0.140868 1.06547e-05 
0.0130827 0.13541 0.0247824 0.0352232 0.394896 0.0388106 0.00164335 0.238079 0.0189214 0.00479351 3.74812e-05 0.00288399 0.00282452 0.00415824 0.0683336 0.0157204 0.00040044 
0.0181433 0.0486449 0.00656892 0.0392254 0.278489 0.10004 0.00603411 0.0891261 0.00396155 0.0014452 0.000711366 0.0135773 0.0929498 0.0499192 0.03058 0.220554 3.05329e-05 
0.0206298 0.0384396 0.00491779 0.0415782 0.276011 0.0750565 0.00372001 0.044612 0.0490395 0.00482632 1.67591e-05 0.000997586 0.0413832 0.0135576 0.156046 0.22916 7.79695e-06 
0.058528 0.0510406 0.00223822 0.0256695 0.361623 0.0608485 0.00165612 0.0334068 0.0433127 0.00583114 0.000439633 0.00616542 0.0228152 0.0185641 0.100121 0.20668 0.00105954 
0.0411022 0.0450128 0.00741459 0.0222219 0.222026 0.105747 0.0117932 0.183768 0.0350576 0.00329646 0.000373003 0.00508034 0.0254077 0.0119583 0.0599955 0.219545 0.000199435 
0.118188 0.00132152 0.0102497 0.0405204 0.271249 0.0201913 0.0121602 0.189746 0.00116926 6.6596e-05 1.92865e-05 0.0753191 0.0631581 0.00317061 0.0613551 0.13125 0.000865781 
0.00972309 0.118728 0.00276597 0.000510208 0.776737 0.00962216 0.00121376 0.00689699 0.0211144 0.0107838 7.12934e-06 3.96966e-06 0.00145449 0.00505433 0.0165538 0.018088 0.000743088 
0.0183909 0.0410341 0.00988032 0.0274391 0.27662 0.0632708 0.016701 0.0677671 0.0150946 0.00607824 0.00327563 0.0114803 0.0711977 0.0535066 0.048362 0.269783 0.000118321 
0.0134515 0.0546028 0.0216175 0.0232162 0.277406 0.0701678 0.00999187 0.0620195 0.00805847 0.00441571 0.000215185 0.00495606 0.152787 0.0181368 0.211412 0.0674657 8.0388e-05 
0.0517427 0.102253 0.00942424 0.0179685 0.201696 0.0370068 0.134889 0.0625809 0.00630058 0.00818751 0.000214769 0.0288937 0.0637587 0.0062903 0.145695 0.122757 0.000341625 
