0.0391021 0.0853808 0.00138562 0.018831 0.00235953 0.545524 0.00117466 0.0146613 0.0332013 0.00923185 0.000337506 0.00202929 0.0110379 0.00983799 0.0905104 0.13533 6.57923e-05 
0.126216 0.124454 0.000449602 0.0762599 0.0201703 0.253836 0.000128116 0.0567721 0.0373366 0.0255412 0.000302727 1.07057e-05 0.00477925 0.0365529 0.0347094 0.202479 2.19239e-06 
0.137574 0.066986 0.0140523 0.0827734 0.0403435 0.273524 0.00193485 0.0827443 0.111379 0.00784863 0.00022831 0.00459562 0.0506677 0.0283859 0.0380601 0.0588393 6.2529e-05 
0.0288668 0.0922982 0.00626931 0.0670125 0.109676 0.196821 0.000786077 0.0551339 0.065885 0.00902906 6.64171e-05 0.000378623 0.0743226 0.0764113 0.032502 0.18415 0.000390294 
0.0529788 0.0491931 0.00489653 0.0715783 0.0469095 0.406616 0.00648116 0.050674 0.0203955 0.00805669 0.000114063 0.0097885 0.128346 0.0290754 0.0246884 0.0900756 0.000131642 
0.105503 0.0738331 0.000272433 0.00954017 0.00505979 0.51989 0.0124715 0.00387382 0.0269811 0.00467472 0.000118729 0.000235802 0.00211753 0.0260845 0.0737227 0.135059 0.000561296 
0.0360555 0.0632554 0.00347918 0.00942564 0.0221687 0.327545 0.00291514 0.0234457 0.0471175 0.0145359 0.000388835 0.000417782 0.0328546 0.0183764 0.0948597 0.303031 0.00012811 
0.0429594 0.0481985 0.0126569 0.201483 0.0817547 0.261291 0.00242208 0.0264329 0.0259381 0.00619342 6.04344e-05 0.00528993 0.0583673 0.11441 0.0540785 0.0584517 1.22146e-05 
0.0407856 0.0658564 0.00556131 0.0507578 0.0346504 0.309947 0.00129901 0.176983 0.00831925 0.00521973 0.00124149 0.0141723 0.0549352 0.0187475 0.0540845 0.157099 0.000340012 
0.0112502 0.0541862 0.00647271 0.029702 0.0306261 0.447689 0.00952979 0.0424472 0.0133362 0.0486821 3.73293e-06 0.0150375 0.0666792 0.00395151 0.158928 0.0612898 0.000188765 
0.133248 0.0774335 0.00449285 0.0516156 0.02441 0.240109 0.00126555 0.0702435 0.0345116 0.00963122 9.47414e-05 0.00189142 0.0464866 0.0601178 0.0973246 0.146985 0.000138673 
0.0311279 0.0627225 0.00305443 0.0108615 0.00919158 0.459002 0.00502108 0.0278894 0.0333332 0.0115673 0.000215829 0.00133474 0.0264913 0.0362076 0.0873877 0.194527 6.48322e-05 
0.0533805 0.0495388 0.150649 0.0872862 0.0410959 0.175989 0.0043192 0.0518238 0.025996 0.00921272 0.000173562 0.0188618 0.144426 0.027695 0.0844596 0.0738361 0.00125738 
0.0321038 0.0265431 0.000255857 0.0120488 0.0037749 0.409315 1.9235e-05 0.194799 0.0220638 0.00664752 0.000167024 0.000221797 0.00281304 0.00529026 0.243182 0.0395864 0.00116807 
0.075211 0.0609373 0.00135622 0.0176536 0.00943095 0.354124 0.000176025 0.0258791 0.0123392 0.00241191 0.000283975 2.71002e-05 0.10899 0.0738656 0.172599 0.0846787 3.66894e-05 
0.0760724 0.059916 0.00499709 0.077701 0.0667802 0.251829 0.00395616 0.0972321 0.0164477 0.0140638 0.000106185 0.0110799 0.0561793 0.0355895 0.0595035 0.167016 0.00153064 
0.0590205 0.0787106 0.00451522 0.0266915 0.011786 0.256036 0.00299038 0.0908106 0.0570112 0.00311009 0.00117363 0.000353736 0.0684326 0.0140168 0.0957033 0.229482 0.000156402 
0.121046 0.0853271 0.00266486 0.0215934 0.0105202 0.275473 0.000675331 0.188369 0.0303292 0.0115762 0.000123178 0.0533626 0.040595 0.0221789 0.0142937 0.121852 2.03053e-05 
0.0317999 0.0761832 0.0166011 0.154212 0.032497 0.188284 0.00253983 0.0807667 0.0193603 0.0133073 0.0143416 0.00334482 0.0293191 0.0665617 0.140082 0.130595 0.000204806 
0.0336151 0.102787 0.00422368 0.0215915 0.00167946 0.699633 0.000140283 0.00949927 0.0599621 0.0109176 0.000283942 0.000309516 0.0148127 0.00314523 0.00981355 0.0274885 9.73188e-05 
0.0210951 0.0272392 0.00603169 0.0328684 0.0514757 0.469037 0.0118744 0.0604753 0.0140583 0.069549 9.47218e-06 0.0958274 0.0661597 0.00238739 0.037514 0.0340496 0.0003487 
0.0326869 0.0514574 0.00330653 0.0137245 0.00252412 0.672187 6.3097e-05 0.0150805 0.0402923 0.00502586 0.000155673 0.000224648 0.0482061 0.0541167 0.011664 0.0492103 7.40006e-05 
0.0930616 0.0824392 0.00167386 0.0563636 0.0533776 0.279006 0.000745398 0.223886 0.0116604 0.048047 7.07426e-05 0.00362445 0.0511263 0.0129927 0.0123546 0.0692681 0.000302195 
0.0953243 0.0554585 0.0010666 0.0510963 0.014745 0.376762 0.00037254 0.0624629 0.0571597 0.0213952 0.000191713 0.0075023 0.0600599 0.0599442 0.0575689 0.077195 0.00169526 
0.144954 0.0708515 0.00652475 0.0692392 0.0373537 0.201879 0.00223437 0.0823102 0.0248729 0.00790602 0.00149812 0.00673887 0.0509387 0.0563754 0.0665711 0.169409 0.000343204 
0.145293 0.0488336 0.00366741 0.0348394 0.0967715 0.352467 0.00196704 0.0489023 0.0168638 0.00872708 0.000306719 0.00235703 0.0535627 0.0294219 0.0314535 0.124367 0.000199715 
0.0471043 0.0681845 0.00219504 0.0246738 0.0463629 0.3502 0.000900726 0.275126 0.0505638 0.00984222 0.00011986 0.00327846 0.0257765 0.0113542 0.0211441 0.0630885 8.51621e-05 
0.228559 0.0420018 0.000652359 0.0278856 0.0378534 0.328444 0.00831522 0.0258877 0.0263512 0.00382866 8.34929e-05 0.0152554 0.0175547 0.0882103 0.0524124 0.0965621 0.000142714 
0.115424 0.0878536 0.00245548 0.0195909 0.00802773 0.344011 0.00161097 0.0292635 0.0248064 0.0145089 0.000204808 0.000912267 0.00901932 0.0105219 0.0814839 0.249945 0.000359965 
0.209619 0.0848813 0.00135942 0.0190403 0.0186479 0.238051 0.00120037 0.0282123 0.0437119 0.0145677 0.000133701 1.27705e-05 0.0198135 0.0722551 0.036044 0.212421 2.89542e-05 
0.117754 0.0757068 0.0156754 0.0113871 0.00761489 0.56208 0.00111092 0.0237842 0.0597052 0.0134236 8.7375e-06 1.34094e-05 0.0209577 0.0275373 0.0319495 0.0312867 5.35141e-06 
0.0391439 0.0595646 0.00150049 0.0358547 0.00386371 0.67225 9.57056e-06 0.0336325 0.0395854 0.00895996 9.35207e-05 2.6878e-05 0.0216531 0.0247036 0.0260088 0.0331195 2.96497e-05 
0.0247719 0.0893206 0.00312271 0.0517377 0.00920821 0.334246 0.00243408 0.123707 0.0197838 0.008393 0.00128286 0.000221131 0.046712 0.0150021 0.0754691 0.19454 4.76384e-05 
0.130712 0.0977828 0.000843719 0.0496966 0.00766421 0.351964 0.000293494 0.215297 0.0125846 0.00704036 7.22229e-05 2.0168e-05 0.0202937 0.00572358 0.0407546 0.058796 0.000460642 
0.0266605 0.148636 0.00521873 0.125703 0.0358761 0.183798 0.00815754 0.035782 0.0172911 0.0117952 0.000144502 0.00771866 0.0624711 0.0318434 0.159781 0.139061 6.25125e-05 
0.0753424 0.0614085 0.00611418 0.0180088 0.031053 0.276472 0.0127105 0.0422982 0.015727 0.0117864 0.000314603 0.00478844 0.155479 0.0211706 0.0799207 0.187328 7.85256e-05 
0.0926333 0.144945 0.00129231 0.0335666 0.0277527 0.407708 0.000627628 0.0315779 0.0154651 0.0169324 0.000140499 0.000442299 0.00891737 0.0159357 0.0481682 0.153862 3.23733e-05 
0.0627255 0.0464219 0.0754748 0.0476835 0.0461335 0.256805 0.00518363 0.0515808 0.0421387 0.0110501 9.73823e-05 0.0262726 0.14473 0.0097468 0.0749679 0.0988992 8.84746e-05 
0.134684 0.0523462 0.0126675 0.0223663 0.0234252 0.264911 0.015897 0.0340124 0.0385783 0.00766253 0.000623316 0.0290408 0.0677057 0.0273192 0.137682 0.130752 0.000326817 
0.0345914 0.0516142 0.00202715 0.0162247 0.00263168 0.73052 6.83212e-06 0.0239842 0.0204414 0.00472239 6.66564e-05 3.10857e-05 0.0121914 0.0333285 0.0303368 0.0372044 7.69577e-05 
0.0542725 0.0957388 0.00128441 0.009526 0.00520638 0.322903 0.00182938 0.018654 0.0218505 0.0103456 0.000371449 0.00186851 0.00437223 0.0131545 0.197407 0.241083 0.000133394 
0.0237356 0.208374 0.000126376 0.0137425 0.00557244 0.355549 7.85034e-05 0.0480532 0.0111253 0.00433303 0.000979915 0.000296521 0.00350507 0.0127846 0.0487784 0.262961 3.65881e-06 
0.0553847 0.0613841 0.0122871 0.125493 0.017952 0.280904 0.00158452 0.0457001 0.0216001 0.00774652 0.000311055 0.000527315 0.0299342 0.0333714 0.184218 0.121467 0.000134418 
0.0450895 0.096326 0.0222051 0.0479689 0.030009 0.190803 0.00777334 0.0635504 0.0275119 0.0166878 0.00053064 0.0125297 0.124539 0.0264346 0.112878 0.174914 0.00024905 
0.0660625 0.0649943 0.0047869 0.0582358 0.0402653 0.306604 0.0011992 0.187078 0.0117077 0.00991968 0.000761656 0.00293563 0.0602932 0.0248793 0.0452887 0.11362 0.00136818 
0.0399595 0.160397 0.00369538 0.0640338 0.106527 0.184631 0.00722093 0.114078 0.0410499 0.0118224 2.56542e-05 0.0223876 0.0866452 0.00818933 0.0640914 0.0850885 0.000158639 
0.0228505 0.03296 0.00319561 0.0177693 0.000992821 0.725023 0.000218272 0.0150432 0.0195927 0.00346381 0.000882316 0.00012575 0.00419852 0.00418569 0.0592191 0.0899867 0.000292627 
0.125005 0.0531664 0.00788101 0.0659304 0.110929 0.174877 0.00111319 0.120253 0.0254825 0.00354137 3.47492e-05 0.00850638 0.0431984 0.0482162 0.0473129 0.163955 0.000598177 
0.0512388 0.049576 0.006174 0.0338171 0.0289968 0.375435 0.00148025 0.0250992 0.0250709 0.00938607 6.89777e-05 0.00315871 0.139513 0.0392966 0.0487558 0.162895 3.68712e-05 
0.0592703 0.122839 0.00174827 0.0485272 0.00415014 0.350482 0.00094825 0.0452979 0.141713 0.0399045 7.40653e-06 9.64411e-06 0.00882285 0.0250573 0.0335025 0.117679 4.06136e-05 
0.132059 0.0323174 0.0113742 0.0154496 0.00258216 0.347926 1.00742e-05 0.0301181 0.0125202 0.00174743 0.000215958 1.07497e-05 0.14735 0.206911 0.0137316 0.0456292 4.79173e-05 
0.232522 0.038805 0.00168345 0.0150509 0.0661694 0.424822 6.05288e-07 0.00784593 0.010344 0.00573673 6.34008e-06 5.18482e-06 0.00361275 0.0817407 0.012097 0.0995379 2.03122e-05 
0.131197 0.149961 0.00161678 0.0436302 0.00180181 0.395551 8.05332e-05 0.0434336 0.0481219 0.0396644 9.18359e-05 6.55324e-06 0.00555427 0.00812033 0.0662853 0.0647027 0.000180477 
0.0724619 0.0436465 0.00569266 0.0737107 0.0427336 0.315226 0.00154733 0.197754 0.038864 0.00214542 0.00020218 0.0052844 0.037505 0.0178311 0.0205162 0.123523 0.00135655 
0.0676352 0.0772599 0.0049051 0.0394398 0.00845581 0.362925 0.000376657 0.0517681 0.11032 0.016258 0.000405695 0.000229777 0.0449665 0.0208946 0.072627 0.121529 3.53619e-06 
0.066801 0.0496128 0.00607265 0.0241787 0.0621933 0.334717 0.00808284 0.0513012 0.0669534 0.037068 0.000295499 0.0595095 0.0457156 0.00531162 0.0440862 0.137685 0.000415585 
0.0364144 0.0287113 0.00189348 0.0250604 0.00204577 0.785412 0.000114913 0.0171083 0.026629 0.00250227 0.000265275 0.000467256 0.00980335 0.0142743 0.0135262 0.0356279 0.000143584 
0.076925 0.0483273 0.00175261 0.0198923 0.00953188 0.650205 0.000279312 0.0257955 0.0348528 0.022476 0.00050937 0.0048831 0.0299988 0.0110703 0.0336412 0.0297336 0.000126011 
0.144562 0.0447679 0.00325157 0.0213976 0.0188708 0.405198 0.00204437 0.0622866 0.0116524 0.0190592 5.49903e-05 0.000631436 0.0107862 0.172428 0.0372042 0.0457815 2.25031e-05 
0.0709484 0.0433486 0.00314375 0.0259133 0.081077 0.403513 0.00229246 0.0394622 0.0348876 0.0098306 0.000344621 0.00328578 0.0256138 0.0301859 0.0468173 0.17894 0.000395564 
0.0253803 0.0166626 0.000274301 0.00943654 0.00193133 0.827707 8.01316e-06 0.0214738 0.0112305 0.0029501 0.000290932 6.99327e-06 0.0044873 0.00105658 0.0209628 0.0560615 7.94048e-05 
0.0474254 0.0910062 0.00273668 0.0587238 0.0113282 0.270464 0.00111172 0.0423278 0.0105138 0.0135108 0.000138625 7.93281e-05 0.00619872 0.00970168 0.172734 0.261738 0.000261826 
0.0217236 0.0692267 0.00284168 0.1705 0.00998908 0.375848 0.0046046 0.0292888 0.0408546 0.00689851 0.000183719 0.0023415 0.0262818 0.0416528 0.0596507 0.138025 8.91563e-05 
0.0830652 0.0600247 0.00525485 0.0578897 0.0192464 0.441191 0.000795695 0.130305 0.0493385 0.0402458 4.99952e-05 0.00199715 0.0190568 0.00739117 0.0217598 0.062131 0.000257576 
1.13156e-05 0.0507369 1.59409e-06 4.68761e-06 6.71174e-06 0.53255 9.12121e-07 0.357451 3.92013e-07 3.93255e-06 2.57519e-06 0.000139549 1.80839e-08 5.95066e-07 0.0590882 3.07063e-08 1.03332e-06 
0.189133 0.0695925 0.00519373 0.0274092 0.0284411 0.21765 0.00584393 0.146286 0.0300602 0.00759953 0.000158076 0.0049098 0.0166058 0.0105411 0.0459435 0.194342 0.000290647 
0.0512992 0.0807936 0.00133359 0.0616638 0.00695149 0.237235 0.0244185 0.0366034 0.0321546 0.0288891 0.000116022 0.000793201 0.0472463 0.0124195 0.163675 0.214284 0.000124409 
0.0573082 0.0880042 0.00597018 0.0743892 0.0388411 0.213391 0.00372512 0.0963863 0.0278394 0.015261 0.000407608 0.00780518 0.0478317 0.0532506 0.077665 0.189922 0.0020023 
0.18315 0.0449221 0.00288864 0.0195854 0.0518176 0.280286 0.00379149 0.0520181 0.011948 0.00854445 0.000136291 0.0107659 0.0160502 0.0158669 0.0471041 0.250953 0.000171944 
0.0839989 0.0786112 0.00246296 0.0651907 0.00511348 0.412314 0.000179549 0.122864 0.0269901 0.00545429 0.000349901 0.000395457 0.0254293 0.0109566 0.022132 0.137121 0.000436784 
0.0387786 0.158854 0.00536729 0.0354589 0.0198935 0.469397 0.000429395 0.0305133 0.0633613 0.0116534 0.000894679 0.00251921 0.0181958 0.0304077 0.0470337 0.0671465 9.51233e-05 
0.0416371 0.0517087 0.000181995 0.124978 0.0137387 0.434135 8.45546e-05 0.0593201 0.0208513 0.00279715 0.000179403 0.000248022 0.00178117 0.0715914 0.0131231 0.163611 3.2873e-05 
0.0707078 0.0379216 0.000152117 0.0401405 0.03476 0.48027 4.47349e-05 0.00920947 0.00906458 0.0084261 0.00552648 6.0717e-06 0.00596412 0.0546984 0.0316489 0.211439 2.0032e-05 
0.207601 0.0404237 0.00879237 0.0181024 0.0272369 0.238213 0.00190459 0.0660792 0.0286872 0.00658904 8.2707e-05 0.00976109 0.0628735 0.0463012 0.0853201 0.151936 9.49536e-05 
0.0494947 0.0484785 0.00261517 0.0533891 0.00537229 0.557779 0.000439075 0.046931 0.038832 0.00983932 2.21498e-05 0.000639131 0.0364825 0.0333674 0.0444417 0.0718682 8.64374e-06 
0.0674772 0.0725746 0.00525841 0.0256972 0.0145563 0.508493 0.00134763 0.0344584 0.0215114 0.01158 0.000464304 0.000645499 0.0188179 0.0210288 0.0549754 0.140979 0.000134813 
0.0402605 0.0487114 0.00997585 0.0242547 0.0275862 0.210074 0.00899121 0.0372668 0.0453021 0.0282126 0.000738269 0.0256396 0.158936 0.122211 0.120143 0.0901844 0.00151263 
0.0460688 0.140282 0.000902983 0.152221 0.00798646 0.205659 0.00060484 0.0250949 0.0663466 0.0101888 0.00443597 0.000377449 0.0133532 0.0425591 0.135235 0.14848 0.000204486 
0.119966 0.0553374 0.0100269 0.0617168 0.0402244 0.295199 0.00524769 0.0553449 0.0429656 0.0229386 0.000117962 0.00996581 0.0785503 0.0456813 0.0550655 0.101445 0.000206442 
0.0326869 0.0514574 0.00330653 0.0137245 0.00252412 0.672187 6.3097e-05 0.0150805 0.0402923 0.00502586 0.000155673 0.000224648 0.0482061 0.0541167 0.011664 0.0492103 7.40006e-05 
0.0894128 0.0382157 0.00566672 0.0463997 0.0257772 0.220428 0.00271844 0.0362616 0.0238954 0.00724725 0.000208797 0.0014931 0.0505355 0.212699 0.049139 0.189649 0.000252715 
0.0450903 0.12021 0.00863875 0.0736347 0.0727201 0.155421 0.00254587 0.0952139 0.0116784 0.00598736 0.000770399 0.0226593 0.120422 0.0766644 0.0349295 0.151445 0.00196924 
0.0801683 0.255861 0.00170895 0.00996346 0.0196524 0.270799 0.000266903 0.0564736 0.00726945 0.00343163 6.68263e-05 0.000151018 0.00863528 0.00597502 0.103235 0.176189 0.00015172 
0.0731934 0.0433864 0.00986828 0.0626726 0.0392415 0.247588 0.00388038 0.0513795 0.0330802 0.0135449 0.000122664 0.0225425 0.171344 0.068266 0.0582076 0.101501 0.000180729 
0.0267572 0.194313 0.0288938 0.0193581 0.0248861 0.286286 0.00633392 0.0521121 0.0142306 0.0121264 0.00072551 0.00120289 0.0202458 0.0193555 0.129752 0.163334 8.71993e-05 
0.127561 0.0520885 0.00106196 0.0126625 0.00391301 0.333795 0.00324812 0.050129 0.0199517 0.00575683 7.44291e-05 1.08416e-05 0.00892287 0.00927887 0.110608 0.260881 5.58499e-05 
0.071779 0.0824587 0.00401258 0.0448694 0.0506062 0.367414 0.00669129 0.0443052 0.0260815 0.0151224 0.000150099 0.00250856 0.0270099 0.0295483 0.0475228 0.179358 0.000561971 
0.147208 0.0662642 0.00323317 0.0459977 0.0204045 0.214119 0.00228543 0.149964 0.0352744 0.018537 6.81571e-05 0.00249082 0.0269432 0.0163497 0.0696333 0.179416 0.00181186 
0.0506434 0.0269431 0.0035397 0.0272483 0.00208777 0.361103 0.000576496 0.0204038 0.0284042 0.00469437 0.000537491 0.000454496 0.0872766 0.294306 0.0427803 0.0488663 0.000134232 
0.0543331 0.0661451 0.000908512 0.0324194 0.0173212 0.380671 0.00253204 0.0341504 0.0423595 0.0165222 0.000377109 0.00470286 0.0649748 0.0278245 0.0977983 0.156833 0.000126371 
0.0482386 0.0786491 0.00483824 0.0504928 0.0667496 0.236745 0.00261022 0.079772 0.0195175 0.0086672 0.000354668 0.0241655 0.106957 0.034318 0.0389146 0.197253 0.00175708 
0.0349533 0.0803464 0.00216494 0.0140111 0.00104266 0.768927 6.81545e-06 0.00619258 0.0506145 0.00832347 2.75152e-05 1.24339e-05 0.00889494 0.00217487 0.00881624 0.0134716 1.96794e-05 
0.0705736 0.0581414 0.00207006 0.0539764 0.00244267 0.395746 0.00063775 0.0276987 0.0288898 0.00556047 0.000514699 0.000316246 0.102555 0.163056 0.0412727 0.0464611 8.72165e-05 
0.16438 0.0509741 0.0111829 0.186484 0.0376362 0.216445 0.00277736 0.0422229 0.0562144 0.0186419 6.60608e-05 0.00198764 0.0504238 0.0271463 0.0268239 0.106571 2.26179e-05 
0.0269906 0.118265 0.128558 0.0389959 0.014632 0.170232 0.00131931 0.0356936 0.0524953 0.0250472 0.000772099 0.00299969 0.0478283 0.0210964 0.145613 0.168537 0.000922974 
0.04817 0.0466768 0.0144581 0.0464483 0.0336756 0.385357 0.0056636 0.079629 0.0280653 0.00621693 5.52185e-05 0.0194791 0.0795313 0.0062788 0.0620921 0.137333 0.000870043 
0.0660191 0.0778014 0.0188062 0.0241419 0.00940936 0.343686 0.0105473 0.0439791 0.0756458 0.0194268 0.000136299 0.00759177 0.0697025 0.0140479 0.141956 0.0768132 0.000289517 
0.0335227 0.0921808 0.0018693 0.0149791 0.0129462 0.404225 0.00274732 0.0228478 0.021079 0.00526029 0.000348564 0.0143739 0.0320255 0.0217937 0.135117 0.184537 0.000146598 
0.0243559 0.23171 0.00483078 0.0432889 0.0344306 0.401254 0.000846211 0.0197748 0.0441164 0.00783533 0.000351765 0.00345347 0.022951 0.010204 0.0366911 0.113711 0.000194716 
0.0389928 0.0265801 0.00795456 0.12429 0.0125446 0.310768 0.00112125 0.0357737 0.025325 0.0206279 8.72941e-05 0.00439902 0.130072 0.153577 0.0230718 0.0847649 4.99648e-05 
0.129911 0.065271 0.0036033 0.0227996 0.0155629 0.33972 0.00187746 0.0816019 0.0158604 0.0231451 6.59961e-05 0.000757737 0.00740976 0.186347 0.0511017 0.0549379 2.70094e-05 
0.0436918 0.016776 0.00113002 0.0204083 0.00170818 0.778257 0.000107626 0.0510763 0.0100574 0.00415577 9.19e-05 5.07608e-05 0.0361237 0.00726407 0.0163333 0.012747 2.08775e-05 
0.0508599 0.182445 0.0033595 0.0192176 0.0180052 0.256784 0.00190209 0.100049 0.0203488 0.0259316 0.000174821 0.00905123 0.0120132 0.0268687 0.120823 0.151735 0.000431187 
0.0799279 0.0606598 0.0039156 0.0157124 0.00762676 0.268077 0.00135352 0.202149 0.00828155 0.00540702 0.000111803 0.0157977 0.0109903 0.00339389 0.0959851 0.220058 0.00055311 
0.0360377 0.125176 0.00335589 0.0462009 0.00581097 0.478782 0.000448071 0.0316662 0.0505515 0.0150146 0.000144654 0.000337147 0.0446117 0.0215185 0.0830518 0.057105 0.000187049 
0.100052 0.0683016 0.00407981 0.0277607 0.0111229 0.326902 0.00609214 0.0419245 0.0130064 0.00736557 0.000128126 4.0048e-05 0.0335366 0.0292466 0.103522 0.22682 9.86964e-05 
0.0593187 0.0383883 0.0021165 0.0370875 0.0112215 0.630142 0.00225285 0.0324629 0.0244127 0.00243621 0.000139032 0.00220049 0.0276289 0.0132076 0.0347298 0.0822327 2.18742e-05 
0.0340247 0.107446 0.00853355 0.0437206 0.0102575 0.426545 0.00209892 0.0756073 0.0409828 0.0106993 0.000162746 0.00014192 0.0356044 0.0440746 0.0345063 0.125479 0.000115057 
0.105503 0.0738331 0.000272433 0.00954017 0.00505979 0.51989 0.0124715 0.00387382 0.0269811 0.00467472 0.000118729 0.000235802 0.00211753 0.0260845 0.0737227 0.135059 0.000561296 
0.0259738 0.0142321 0.00159993 0.141118 0.0220309 0.282953 0.000841544 0.0243407 0.0457646 0.00104781 7.45513e-05 0.0146516 0.126098 0.143069 0.0322397 0.123917 4.65374e-05 
0.0213032 0.0637127 6.7928e-05 0.013101 0.00463369 0.666982 5.40245e-06 0.0021991 0.0023231 0.00247631 0.000390173 3.0602e-05 0.0118586 0.111251 0.048373 0.0512907 1.95651e-06 
0.0727532 0.0441535 0.00335296 0.0195139 0.00146818 0.693798 7.23578e-05 0.0100971 0.0274502 0.00363116 0.000263928 0.000417586 0.0244759 0.0125022 0.0415546 0.0443974 9.73279e-05 
0.0429918 0.0771141 0.00458413 0.0846768 0.0190814 0.466494 0.000558354 0.0235478 0.0287316 0.00902154 0.00134078 0.00178674 0.0682219 0.0695819 0.0258521 0.0763524 6.24833e-05 
0.133923 0.0336933 0.00270812 0.0221748 0.0886575 0.361163 0.00142277 0.097858 0.0257334 0.0450167 2.18409e-05 0.00267944 0.0384821 0.033991 0.0107063 0.101621 0.000147513 
0.175413 0.113374 0.00292521 0.172459 0.00457401 0.303668 0.0029809 0.0780571 0.0364127 0.0220748 0.000179361 0.000203608 0.0107846 0.00739356 0.0265365 0.0425404 0.00042365 
0.0656094 0.0438432 0.00784993 0.0684364 0.0396196 0.206961 0.00265151 0.0397673 0.0184967 0.0134207 8.41755e-05 0.00526991 0.140661 0.0902438 0.0638103 0.192114 0.00116121 
0.120994 0.143743 0.00120727 0.0122861 0.00339919 0.303467 0.00627202 0.011748 0.0212291 0.00979358 0.000921888 0.000513206 0.0155494 0.0126876 0.0929356 0.242419 0.000834004 
0.147167 0.0307627 0.0115284 0.0262771 0.0100296 0.436443 0.00377161 0.0228609 0.0454464 0.00865877 1.38318e-05 0.0029079 0.0717774 0.027973 0.0888573 0.0654094 0.000115472 
0.0326638 0.0197842 0.00687613 0.0324314 0.00432776 0.37027 0.000752599 0.0180844 0.031228 0.0174027 8.90567e-05 0.00192529 0.0522081 0.330195 0.0165315 0.065177 5.24067e-05 
0.0771918 0.0922395 0.00123305 0.00827591 0.0033001 0.491699 0.000548224 0.0607247 0.00909917 0.0226666 2.49982e-05 0.00023062 0.000769881 0.0012767 0.0184646 0.212112 0.000142539 
0.155842 0.0422571 0.00124542 0.00780144 0.00469103 0.484767 3.05132e-05 0.0363608 0.0124195 0.0093178 0.000106348 6.38336e-06 0.00488458 0.00920902 0.120051 0.11101 7.26969e-08 
0.0485837 0.0715602 0.00772466 0.161529 0.0553862 0.243671 0.00136236 0.0823516 0.019668 0.0192593 7.71098e-05 0.0126774 0.0582118 0.0611334 0.0765828 0.0801657 5.58722e-05 
0.0390709 0.0361787 0.00934182 0.0892106 0.00970109 0.27176 0.0011887 0.0156837 0.0212147 0.00808182 0.000151166 0.00353151 0.116059 0.231641 0.0666246 0.080537 2.36984e-05 
0.0868378 0.027917 0.00482335 0.0562869 0.159982 0.323441 0.00288865 0.0693894 0.0498997 0.00779199 0.000411787 0.00651144 0.0679096 0.0351325 0.0244308 0.075756 0.000590396 
0.0326869 0.0514574 0.00330653 0.0137245 0.00252412 0.672187 6.3097e-05 0.0150805 0.0402923 0.00502586 0.000155673 0.000224648 0.0482061 0.0541167 0.011664 0.0492103 7.40006e-05 
0.0675726 0.150606 0.00300785 0.048479 0.00574727 0.305955 0.00207453 0.0246764 0.0295794 0.0240142 3.86036e-05 0.000407902 0.0276241 0.0607867 0.174331 0.0750894 9.42173e-06 
0.0494205 0.101731 0.0476141 0.0522742 0.017818 0.333996 0.00312764 0.0628184 0.0236302 0.00958488 0.000154958 0.00153257 0.0390553 0.130976 0.0430372 0.0830727 0.000156549 
0.153444 0.0465473 0.00912671 0.027353 0.00210316 0.359543 0.000144958 0.0371633 0.0261409 0.00215762 0.000645644 0.000277125 0.120453 0.145017 0.0184366 0.051351 9.59546e-05 
0.0364144 0.0287113 0.00189348 0.0250604 0.00204577 0.785412 0.000114913 0.0171083 0.026629 0.00250227 0.000265275 0.000467256 0.00980335 0.0142743 0.0135262 0.0356279 0.000143584 
0.0217236 0.0692267 0.00284168 0.1705 0.00998908 0.375848 0.0046046 0.0292888 0.0408546 0.00689851 0.000183719 0.0023415 0.0262818 0.0416528 0.0596507 0.138025 8.91563e-05 
0.196992 0.0641817 0.00299351 0.0350506 0.00170657 0.457462 0.00100723 0.0607738 0.00906531 0.00179536 0.000125233 0.000225689 0.0908298 0.0289679 0.0228917 0.0255883 0.000342979 
0.0338878 0.0714745 0.0010801 0.0215456 0.00273311 0.551124 0.0170413 0.00856467 0.0328767 0.0538802 0.000163861 0.000230925 0.00264825 0.00787237 0.0646779 0.130194 5.36686e-06 
0.0326869 0.0514574 0.00330653 0.0137245 0.00252412 0.672187 6.3097e-05 0.0150805 0.0402923 0.00502586 0.000155673 0.000224648 0.0482061 0.0541167 0.011664 0.0492103 7.40006e-05 
0.0433905 0.0873053 0.00391264 0.0584621 0.0647178 0.401996 0.00143161 0.0509378 0.0172683 0.00565986 0.000790106 0.000976945 0.0408451 0.0341848 0.102626 0.0831155 0.00237921 
0.0657998 0.0767631 0.0071623 0.0511488 0.017668 0.185247 0.00275313 0.0329736 0.0845257 0.169042 6.98305e-05 0.0114147 0.0494611 0.0299773 0.090184 0.125701 0.000108506 
0.144596 0.120628 0.00257741 0.0661236 0.0805624 0.190663 0.000602073 0.181787 0.01392 0.00240757 0.000307048 0.00255518 0.0369394 0.05012 0.0206421 0.0455046 0.0400645 
0.0617687 0.0488079 0.00166399 0.0318897 0.0064261 0.490078 0.00084484 0.026789 0.0322275 0.00511019 0.000125806 0.0003071 0.126135 0.0184407 0.0237714 0.125578 3.57066e-05 
0.0109146 0.0173442 0.00409955 0.24747 0.0214966 0.467332 0.00140442 0.038309 0.0354899 0.0018389 0.000652721 0.00617755 0.0307514 0.015111 0.00942025 0.0917721 0.000416221 
0.0275907 0.0760839 0.00103707 0.0384647 0.00177165 0.328188 0.000442964 0.0292573 0.00762275 0.0054843 0.000314623 0.000256455 0.25125 0.0172847 0.128772 0.0861428 3.57944e-05 
0.0413178 0.0422237 0.00208836 0.0102952 0.00505792 0.584844 7.91209e-05 0.00456349 0.0383028 0.009029 0.000676259 0.000215789 0.0224251 0.0163713 0.0394301 0.182904 0.000175277 
0.0847846 0.150042 0.00429427 0.0309192 0.00882864 0.366158 0.00032465 0.10084 0.00323906 0.0177808 5.08904e-05 1.52178e-05 0.0168511 0.0280558 0.0480439 0.139459 0.000311897 
0.0637226 0.0440191 0.000306765 0.016628 0.00616619 0.690644 0.00132625 0.0331428 0.00865064 0.0271924 1.05403e-05 0.000135982 0.0259093 0.0249166 0.0195902 0.0376347 4.00757e-06 
0.0607585 0.12604 0.0010756 0.0309054 0.00627428 0.331503 0.00204953 0.165069 0.0259254 0.0125687 0.000309962 0.00766562 0.0396979 0.0137166 0.0772626 0.0991455 3.34221e-05 
0.117434 0.0415939 0.000590236 0.0136456 0.00550577 0.36527 0.00040144 0.0658319 0.0106521 0.00732365 0.000217214 6.2116e-06 0.0179386 0.0124615 0.0629544 0.278119 5.43705e-05 
0.032466 0.0953103 0.0027689 0.102315 0.00665157 0.428624 0.00298649 0.0452222 0.0303013 0.0153694 0.000345473 0.00314291 0.0329795 0.0170569 0.101553 0.071899 0.0110077 
0.0232097 0.0943011 0.00320858 0.039545 0.0563043 0.329367 0.021362 0.0180594 0.0258416 0.046694 0.000198835 0.000353802 0.0138372 0.0140837 0.164784 0.14882 3.0062e-05 
0.112348 0.0997221 0.000316146 0.0115 0.00531873 0.483321 0.0070849 0.0172449 0.0276141 0.00734337 0.00018504 0.000178842 0.00205946 0.0200026 0.0770631 0.126409 0.00228809 
0.125087 0.0205951 0.00216747 0.0098237 0.00272068 0.717182 0.000361086 0.0276764 0.00769835 0.0170475 0.000277368 0.000198173 0.02218 0.00429486 0.00857178 0.0340035 0.00011518 
0.0173899 0.0489515 0.00415255 0.0497283 0.00444093 0.540899 0.000346968 0.0111253 0.0202066 0.0109381 0.000271543 0.000352558 0.0141041 0.00501306 0.176285 0.0936259 0.00216949 
0.14888 0.0883561 0.000241948 0.00651511 0.00387463 0.458092 1.56019e-05 0.0219193 0.0115042 0.00804507 0.000118917 1.05131e-05 0.003792 0.0235485 0.0586778 0.166187 0.000220785 
0.0678693 0.0808206 0.00274617 0.03169 0.015927 0.433124 0.000822789 0.11218 0.0560738 0.0056127 0.000356167 0.00936921 0.0241177 0.0380206 0.0214126 0.0996917 0.000165782 
0.0585746 0.0461127 0.00180395 0.0284831 0.0046587 0.691289 0.0110024 0.0224276 0.0158168 0.0197404 9.14233e-05 0.000197118 0.00411092 0.00753041 0.0319399 0.0562114 9.64961e-06 
0.103016 0.0268215 0.00290656 0.0120413 0.00425901 0.547968 0.000405914 0.0193368 0.0724429 0.00570502 0.000290874 0.000190453 0.0982335 0.0466782 0.010696 0.0488933 0.000115167 
0.121907 0.162973 0.0252071 0.0777095 0.0237238 0.239787 0.00176392 0.113792 0.0375844 0.00371923 0.000232485 0.00211399 0.0353953 0.0182005 0.0546057 0.0811248 0.000160198 
0.0349533 0.0803464 0.00216494 0.0140111 0.00104266 0.768927 6.81545e-06 0.00619258 0.0506145 0.00832347 2.75152e-05 1.24339e-05 0.00889494 0.00217487 0.00881624 0.0134716 1.96794e-05 
0.0344924 0.0635273 0.00189258 0.0244807 0.0346601 0.64313 4.76098e-06 0.0505947 0.0199598 0.00331214 5.10914e-05 0.00262349 0.0198031 0.0372456 0.0277999 0.0363863 3.57163e-05 
0.0352565 0.0535688 0.00265514 0.0210151 0.00111969 0.773868 7.75273e-06 0.00652319 0.0443672 0.00980873 3.95114e-05 2.23531e-05 0.0126754 0.00282881 0.0177472 0.0184773 1.96731e-05 
0.0473481 0.0400492 0.00244559 0.0210376 0.00368344 0.747703 0.000116569 0.0151819 0.0304017 0.00412243 0.000393577 0.0150618 0.0117639 0.015323 0.0125849 0.0326456 0.000138164 
0.0387593 0.0666086 0.00375863 0.0134242 0.00958036 0.598299 0.00018851 0.0279861 0.0914324 0.0137286 0.000180905 0.00030358 0.0333871 0.0362575 0.0260351 0.0399718 9.81736e-05 
0.0325296 0.248195 0.0057929 0.0242193 0.00263081 0.322707 0.00921854 0.0480458 0.0409295 0.0431392 0.000130359 0.000903212 0.0055938 0.00462567 0.132864 0.0774709 0.00100454 
0.0519089 0.0792556 0.000645806 0.0617335 0.00939028 0.48664 0.000583555 0.0321682 0.0249684 0.0326724 0.000606793 0.000288401 0.0224185 0.0129769 0.0240893 0.159526 0.000127222 
0.0193093 0.0477861 0.0123413 0.0491988 0.0359418 0.412916 0.016118 0.0606821 0.0293966 0.0760818 5.86777e-05 0.0365797 0.0895094 0.00430328 0.0424539 0.0666573 0.000666249 
0.0641442 0.0655889 0.00943802 0.0266148 0.0101122 0.229088 0.00325054 0.0504783 0.0299312 0.00474922 0.0001145 0.00132565 0.0470839 0.0819088 0.220335 0.155766 6.99668e-05 
0.00780426 0.00492507 0.000751902 0.00511853 0.00450223 0.932573 0.000183055 0.00470261 0.0056119 0.00589405 0.00673033 0.000122551 0.000234547 0.007628 0.00396941 0.0061187 0.00312992 
0.0428749 0.0884447 0.00398766 0.0488257 0.0132797 0.286145 0.00145093 0.121615 0.013258 0.0658807 8.38404e-05 0.047015 0.0387941 0.0214047 0.0606752 0.145331 0.000934167 
0.0830498 0.0492251 0.00809527 0.0372518 0.00251034 0.475601 0.000156634 0.0315886 0.0636615 0.00499139 0.000193167 0.000280585 0.0801752 0.0716225 0.0363018 0.0552421 5.28643e-05 
0.105503 0.0738331 0.000272433 0.00954017 0.00505979 0.51989 0.0124715 0.00387382 0.0269811 0.00467472 0.000118729 0.000235802 0.00211753 0.0260845 0.0737227 0.135059 0.000561296 
0.038352 0.189503 0.00671511 0.0901416 0.0550532 0.367853 0.00110007 0.0436666 0.0371553 0.0181024 6.44868e-05 0.00687103 0.0496338 0.0109424 0.0236969 0.060538 0.000611236 
0.0573686 0.0616183 0.000384994 0.00517498 0.0199701 0.661872 0.000200632 0.0291909 0.0147914 0.00889398 7.1524e-05 4.82274e-06 0.000299686 0.00817972 0.0156406 0.116306 3.18676e-05 
0.224769 0.0239364 0.0142911 0.017584 0.00213977 0.444469 0.000488746 0.03127 0.0427559 0.00439779 0.000397849 0.0004767 0.0165107 0.0689315 0.0497072 0.0576219 0.000252854 
0.0452757 0.0411164 0.000680304 0.0138021 0.00282589 0.779821 4.06076e-06 0.0119296 0.0268523 0.0054602 0.00011829 7.29995e-06 0.00488625 0.0130336 0.0108862 0.0432587 4.21447e-05 
0.0968486 0.0517412 0.0237503 0.0137687 0.00451887 0.591088 0.000597426 0.0170209 0.0297864 0.00466133 0.000282391 0.000329143 0.0135056 0.0192164 0.0701331 0.0626254 0.000126764 
0.0343225 0.0646743 0.00216828 0.0350367 0.0129714 0.428803 0.00161124 0.0164419 0.0151932 0.00784053 0.00015707 0.000243253 0.00790462 0.0195233 0.118749 0.234331 2.81058e-05 
0.0706011 0.0872298 0.00392412 0.130234 0.0868848 0.304427 0.000593432 0.0743187 0.0138131 0.00807307 0.000229003 0.00101197 0.0504958 0.0117621 0.025649 0.130723 2.93882e-05 
0.148096 0.113399 0.00241649 0.0285134 0.0508654 0.235571 0.00191136 0.0292306 0.103083 0.00622195 0.000199982 0.0246583 0.0280455 0.0234053 0.0447076 0.159301 0.000373164 
0.0373813 0.175155 0.0158184 0.0196359 0.0155063 0.292092 5.93753e-06 0.0451014 0.0078904 0.00231559 2.89799e-05 3.70625e-05 0.0354846 0.0271496 0.269171 0.0571349 9.10506e-05 
0.0396836 0.137626 0.000965299 0.0203742 0.0238178 0.27983 0.00330992 0.044947 0.0506727 0.0159589 0.000193902 0.000988947 0.0656045 0.0181774 0.129581 0.168139 0.000129596 
0.0633549 0.115224 0.000213989 0.036481 0.0105954 0.374809 1.61919e-05 0.00869674 0.00670959 0.00590832 0.000103866 0.000717388 0.0165416 0.0168262 0.225812 0.11799 4.70941e-07 
0.14888 0.0883561 0.000241948 0.00651511 0.00387463 0.458092 1.56019e-05 0.0219193 0.0115042 0.00804507 0.000118917 1.05131e-05 0.003792 0.0235485 0.0586778 0.166187 0.000220785 
0.0228505 0.03296 0.00319561 0.0177693 0.000992821 0.725023 0.000218272 0.0150432 0.0195927 0.00346381 0.000882316 0.00012575 0.00419852 0.00418569 0.0592191 0.0899867 0.000292627 
0.13653 0.0629097 0.00136862 0.00825796 0.00690019 0.330505 0.00213985 0.029832 0.0118515 0.0151431 0.000124969 1.5894e-05 0.00429526 0.0119069 0.154623 0.223584 1.14387e-05 
0.0470465 0.105512 0.00691107 0.0772688 0.0247067 0.324733 0.00190377 0.020869 0.0340214 0.0108805 0.000304471 0.00103668 0.0599052 0.027348 0.121248 0.135292 0.00101341 
0.062454 0.0616527 0.00731891 0.0416148 0.0565565 0.270983 0.00410989 0.0922074 0.0276174 0.00629892 0.000519832 0.00654435 0.149051 0.0771789 0.0369505 0.0984342 0.00050744 
0.0967576 0.0600696 0.00136915 0.0282858 0.0339349 0.175375 0.0209355 0.109995 0.011808 0.0124532 0.00160111 0.0487429 0.0945951 0.173992 0.0165318 0.113549 4.44776e-06 
0.0535569 0.0341662 0.0178244 0.0408952 0.016801 0.364819 0.00103757 0.0645237 0.0208888 0.00418672 0.000653238 0.00288584 0.151818 0.0397145 0.05073 0.135349 0.000149274 
0.0582898 0.0428697 0.0145462 0.131335 0.169805 0.29112 0.00468032 0.0574676 0.018855 0.00139766 0.000639668 0.0218506 0.0593316 0.0130266 0.0235627 0.0905614 0.000661284 
0.0215149 0.0321891 0.00718961 0.0335297 0.0468409 0.442444 0.0134927 0.0609886 0.0206592 0.0661261 8.7822e-05 0.102726 0.0692465 0.00310481 0.0375386 0.0417108 0.000610658 
0.0386297 0.0706467 0.0167621 0.148458 0.0667854 0.229959 0.00323022 0.0642066 0.0124363 0.00733282 0.000244176 0.00791396 0.112432 0.066386 0.0214438 0.132968 0.000165518 
0.160389 0.057583 0.000512617 0.0719156 0.00850318 0.503502 0.00022619 0.0523514 0.00604985 0.0114961 4.9218e-05 0.0195022 0.0359775 0.0184915 0.0110756 0.042348 2.69839e-05 
0.184152 0.0990021 0.010621 0.0426393 0.0274156 0.186818 0.0030475 0.122601 0.0186386 0.00446197 0.000242886 0.00142221 0.0512435 0.0651659 0.0896834 0.0745317 0.018313 
0.066671 0.0637813 0.00483594 0.160977 0.031128 0.232958 0.00365809 0.076533 0.0282001 0.0115545 0.000445909 0.00438402 0.0417119 0.019168 0.0649033 0.183963 0.00512642 
0.0417653 0.0950156 0.002276 0.0251995 0.0131367 0.525964 0.000141007 0.118286 0.0107225 0.00448252 1.87881e-05 0.000320296 0.0391224 0.00306147 0.0211012 0.0993678 1.86764e-05 
0.0776065 0.0770085 0.00514099 0.0525414 0.0214683 0.324102 0.00369573 0.0506196 0.0313392 0.015697 0.000294456 0.00852882 0.0751026 0.0441332 0.0390648 0.173536 0.000120871 
0.0727215 0.0412699 0.00928156 0.0300861 0.0898527 0.27928 0.00760922 0.0526033 0.0141739 0.00290072 0.000584382 0.00360204 0.0639313 0.041282 0.0797709 0.210874 0.000175658 
0.0945592 0.0528558 0.00735224 0.0517737 0.0186869 0.30165 0.00216372 0.04849 0.0234499 0.00611905 0.000167315 0.0039484 0.0291368 0.0198133 0.110392 0.229163 0.000278569 
0.105503 0.0738331 0.000272433 0.00954017 0.00505979 0.51989 0.0124715 0.00387382 0.0269811 0.00467472 0.000118729 0.000235802 0.00211753 0.0260845 0.0737227 0.135059 0.000561296 
0.0311279 0.0627225 0.00305443 0.0108615 0.00919158 0.459002 0.00502108 0.0278894 0.0333332 0.0115673 0.000215829 0.00133474 0.0264913 0.0362076 0.0873877 0.194527 6.48322e-05 
0.169429 0.0698465 0.0012445 0.0308386 0.00325075 0.303323 0.00207375 0.0333742 0.0396458 0.0136906 0.00015976 0.000294325 0.0187391 0.0240698 0.075499 0.211 0.00352127 
0.137573 0.056232 0.00287195 0.0242652 0.00810805 0.325019 0.00608396 0.0498443 0.0163586 0.00543559 0.000691672 0.00122154 0.0984878 0.0344684 0.0696533 0.163632 5.35065e-05 
0.0326869 0.0514574 0.00330653 0.0137245 0.00252412 0.672187 6.3097e-05 0.0150805 0.0402923 0.00502586 0.000155673 0.000224648 0.0482061 0.0541167 0.011664 0.0492103 7.40006e-05 
0.105357 0.0266821 0.0187712 0.0393189 0.00417208 0.331937 0.000196679 0.134265 0.00304197 0.00312002 0.000297006 0.00773687 0.0609351 0.0034046 0.100803 0.159378 0.000582685 
0.0121038 0.0411389 0.000789004 0.0501695 0.00647744 0.617879 0.00235655 0.0567249 0.015732 0.00873078 0.000527078 0.00025924 0.0725686 0.0207302 0.047486 0.0458958 0.000431055 
0.0443803 0.0883562 0.00708752 0.0531151 0.0122469 0.3754 0.00665123 0.0757714 0.0598855 0.0163539 0.00066347 0.00928308 0.0339085 0.0184518 0.0755775 0.122593 0.000273909 
0.0250695 0.0499018 0.00110931 0.022609 0.0036496 0.535159 0.0115728 0.0107707 0.015555 0.0314403 0.000266186 0.000251022 0.00912202 0.0177328 0.149047 0.11674 4.62365e-06 
0.0750778 0.170305 0.00457186 0.0694721 0.0811559 0.207285 0.00162636 0.0869225 0.0213712 0.00973467 4.93921e-05 0.00346549 0.03249 0.0148305 0.0900396 0.130078 0.0015251 
0.0994255 0.0415217 0.00095885 0.057885 0.0298527 0.534018 0.000120311 0.0606805 0.0141192 0.0110071 0.000107113 0.0011035 0.0284475 0.0265449 0.0313073 0.0628619 3.92396e-05 
0.0258217 0.0816367 0.00498128 0.0180349 0.00990837 0.431746 0.00270957 0.0367824 0.0384444 0.0100762 0.000533252 0.002113 0.00927034 0.00679594 0.0750758 0.245901 0.000169388 
0.0340848 0.0491022 0.00146094 0.0364255 0.0088667 0.385024 0.0107556 0.345888 0.0282248 0.00917998 0.00058614 0.000196002 0.0204025 0.00806948 0.0174581 0.0436271 0.000647616 
0.0498756 0.095249 0.00101001 0.00974034 0.00477336 0.363348 0.000120754 0.138234 0.0272313 0.00580642 7.57689e-05 0.000274658 0.000480427 0.0035908 0.0491773 0.249256 0.00175523 
0.0351007 0.0561943 0.00275647 0.183205 0.00897254 0.364348 0.000350206 0.0343871 0.011733 0.00430795 0.000815931 7.74697e-05 0.032487 0.0581433 0.079287 0.127428 0.000405631 
0.141367 0.0241714 0.0140861 0.0187905 0.0368502 0.340482 0.000792468 0.0443277 0.0183843 0.00468241 7.0995e-05 0.0491171 0.194897 0.0202472 0.0268356 0.0645963 0.00030184 
0.0732758 0.0658238 0.0067432 0.0218445 0.0312351 0.302104 0.0103378 0.0379887 0.0116899 0.0127365 8.83616e-05 0.00263604 0.148517 0.0195793 0.0734154 0.181947 3.72278e-05 
0.0696022 0.0145562 0.00833701 0.0383358 0.0807729 0.2677 0.00335824 0.0776055 0.0231956 0.00235809 0.000279257 0.0652421 0.0890973 0.0771499 0.0140073 0.168249 0.000153769 
0.0288078 0.0270029 0.00766054 0.204855 0.103095 0.26278 0.00448907 0.0960584 0.00695475 0.00161038 0.000301346 0.0223397 0.0463052 0.0199856 0.0269834 0.140533 0.000238836 
0.0364144 0.0287113 0.00189348 0.0250604 0.00204577 0.785412 0.000114913 0.0171083 0.026629 0.00250227 0.000265275 0.000467256 0.00980335 0.0142743 0.0135262 0.0356279 0.000143584 
0.0326869 0.0514574 0.00330653 0.0137245 0.00252412 0.672187 6.3097e-05 0.0150805 0.0402923 0.00502586 0.000155673 0.000224648 0.0482061 0.0541167 0.011664 0.0492103 7.40006e-05 
0.104045 0.0611472 0.00424083 0.0541457 0.0291845 0.245848 0.0068154 0.0830777 0.0330216 0.0144393 0.000179454 0.00252037 0.0331784 0.017188 0.0949568 0.21546 0.000552288 
0.0246551 0.0911527 0.00131539 0.0148962 0.00515304 0.583989 0.00084645 0.0275459 0.00958727 0.00765432 0.00112009 0.00244213 0.0181933 0.00191199 0.118714 0.0902632 0.00055993 
0.153308 0.0779586 0.00950334 0.0544757 0.0256491 0.161591 0.00622721 0.145091 0.0291617 0.0136862 0.0179718 0.00615096 0.0436667 0.0228304 0.0875877 0.142954 0.00218707 
0.0336319 0.106249 0.0061236 0.0423181 0.0236581 0.264836 0.00304191 0.0305613 0.0301922 0.0449144 0.000448638 0.00260643 0.0418654 0.0544332 0.14165 0.173304 0.000165963 
0.155842 0.0422571 0.00124542 0.00780144 0.00469103 0.484767 3.05132e-05 0.0363608 0.0124195 0.0093178 0.000106348 6.38336e-06 0.00488458 0.00920902 0.120051 0.11101 7.26969e-08 
0.171216 0.041925 0.00220666 0.0947076 0.0402748 0.315181 0.00146499 0.049602 0.0728692 0.00810185 0.000499979 0.00832654 0.0428616 0.0175917 0.0112225 0.118121 0.00382651 
0.0696022 0.0145562 0.00833701 0.0383358 0.0807729 0.2677 0.00335824 0.0776055 0.0231956 0.00235809 0.000279257 0.0652421 0.0890973 0.0771499 0.0140073 0.168249 0.000153769 
0.110984 0.0437188 0.00177056 0.068293 0.00743186 0.477219 6.12625e-05 0.176204 0.00840956 0.000571263 1.98065e-05 2.11779e-05 0.0431809 0.00553296 0.0135411 0.0427165 0.000324214 
0.0364144 0.0287113 0.00189348 0.0250604 0.00204577 0.785412 0.000114913 0.0171083 0.026629 0.00250227 0.000265275 0.000467256 0.00980335 0.0142743 0.0135262 0.0356279 0.000143584 
0.198247 0.100347 0.00592268 0.0524669 0.011819 0.278652 0.00678333 0.0626696 0.0577304 0.00906894 5.44588e-05 0.00187747 0.0308713 0.00993684 0.0889493 0.0845133 9.08821e-05 
0.0421543 0.0531224 0.000604506 0.0308386 0.0176199 0.360493 0.000678617 0.0367383 0.0509653 0.0173748 0.000160749 0.00211524 0.128673 0.00823526 0.125541 0.124532 0.000152572 
