0.00912811 0.0489308 0.00952356 0.11512 0.0872847 0.105772 0.0122363 0.188224 0.0112036 0.00239095 7.36288e-05 0.113757 0.158197 0.00529312 0.041156 0.0912307 0.000478604 
0.0760342 0.0839984 0.00416421 0.0957213 0.0251851 0.197646 0.00306399 0.207913 0.0351242 0.0112231 0.000564687 0.00554726 0.0259422 0.0363067 0.0620654 0.127241 0.00225957 
0.220216 0.104335 0.0122873 0.0452824 0.00388545 0.00721437 8.0066e-05 0.247185 0.00990208 0.00880306 2.62707e-06 0.000218762 0.0135686 0.00890356 0.10448 0.0175301 0.196105 
0.050071 0.0444914 0.00756021 0.139014 0.0583297 0.184734 0.00612624 0.211708 0.0147522 0.00695337 0.000324143 0.00711166 0.0340315 0.0302343 0.0404804 0.160864 0.00321466 
0.049042 0.195381 0.00440605 0.0479649 0.0259246 0.0958561 0.00774406 0.362892 0.0594996 0.00685686 6.70426e-05 0.000115681 0.0115438 0.0160483 0.0497595 0.0668903 8.68043e-06 
0.0117417 0.110883 0.0260752 0.0129582 0.0502951 0.0521933 0.00496127 0.407763 0.00162911 0.0187341 4.64254e-09 3.46195e-06 0.0192296 0.00473248 0.0471576 0.231625 1.82637e-05 
0.000292189 0.0428869 0.000188658 0.00387856 0.000102778 0.0293552 0.000802901 0.65488 0.00536002 0.000438781 5.95434e-05 2.5513e-05 0.00561085 0.00577258 0.113819 0.136472 5.4425e-05 
0.10001 0.0551611 0.181759 0.0669346 0.0143813 0.0291666 0.00584032 0.326287 0.0134464 0.00158441 0.000296341 0.00215594 0.0141405 0.0407291 0.108715 0.0393063 8.60584e-05 
0.0403285 0.0420225 0.000700474 0.0322938 0.0461158 0.0911683 0.000723567 0.300997 0.00233228 0.00197323 3.19827e-06 2.35718e-05 0.0288447 0.00222508 0.175471 0.234745 3.17181e-05 
0.0159936 0.0469484 0.00438208 0.0826571 0.0241101 0.0437493 0.00290419 0.529858 0.0414575 0.005192 0.000254026 0.0345517 0.0440277 0.00566964 0.0278137 0.0897534 0.000677474 
0.0201952 0.106421 0.0306678 0.0299709 0.00763159 0.0269059 0.0229358 0.299229 0.0350555 0.0384083 9.01796e-06 0.000273846 0.0155175 0.00886601 0.219789 0.137642 0.000482198 
0.0199348 0.037853 0.0204947 0.0524594 0.0468283 0.0255932 0.00255977 0.488235 0.00139233 0.000593445 0.000316337 0.00387674 0.0294467 0.0123289 0.234633 0.0224227 0.00103222 
0.136234 0.0952734 0.00391034 0.0369984 0.0727655 0.131977 0.0050536 0.192057 0.0640963 0.0209351 2.88486e-05 0.00387222 0.0240283 0.00441528 0.0719645 0.136293 9.58599e-05 
0.019359 0.0542607 0.0030761 0.0363639 0.0452874 0.231205 0.00674271 0.248763 0.0150714 0.00457635 0.000131183 0.0157768 0.0796746 0.011823 0.0540098 0.161333 0.0125457 
0.0342723 0.0660417 0.0821847 0.0511249 0.0187964 0.043142 0.000912464 0.42631 0.0311742 0.0166284 0.00442199 0.0090962 0.0147111 0.0076532 0.102432 0.0909111 0.000187179 
0.0317447 0.220079 0.000837828 0.0718658 0.0375022 0.0323157 1.24291e-05 0.354218 0.0553157 0.0167906 5.86344e-05 1.63555e-05 0.00382187 0.0045317 0.0680304 0.102774 8.3981e-05 
0.0900317 0.106656 0.00484816 0.0518691 0.0492184 0.154926 0.00236376 0.22728 0.0285014 0.0198193 0.000200572 0.00245286 0.0372648 0.0468802 0.0421245 0.13525 0.000313159 
0.0090493 0.0794245 9.61164e-05 0.00890468 0.0194936 0.0168403 0.00288276 0.505786 0.0445828 0.00461025 0.000542484 0.00677794 0.00231257 0.00884286 0.152835 0.137001 1.81182e-05 
0.0242617 0.0393949 0.000724864 0.0350618 0.00618675 0.168204 0.00883079 0.444888 0.0204706 0.00531208 1.97775e-05 1.83209e-05 0.0119367 0.00457553 0.143577 0.0857471 0.00079055 
0.104299 0.10254 0.00562358 0.0333659 0.0115101 0.0459623 0.00230923 0.492942 0.0164765 0.0166384 0.000100711 0.00391215 0.00908994 0.0409856 0.0506026 0.0633512 0.000290971 
0.0120439 0.0784294 0.00618522 0.020165 0.00435412 0.0276886 0.00200772 0.520836 0.0210078 0.00253633 0.00134921 0.0004963 0.00479839 0.00326129 0.0491362 0.244438 0.00126658 
0.0347637 0.176823 0.00153723 0.0138682 0.0520481 0.0591197 0.0123724 0.363653 0.0426417 0.00599507 4.66857e-05 0.00308064 0.00525545 0.0104181 0.1616 0.0566217 0.00015528 
0.0619446 0.0669286 0.00742561 0.0928259 0.0307409 0.11762 0.00765945 0.289562 0.0156199 0.0259969 0.00418761 0.00648882 0.0263609 0.0201961 0.095428 0.130707 0.000308182 
0.0167961 0.0370357 0.00935625 0.0410083 0.0482281 0.0278441 0.0243224 0.396609 0.0179358 0.0111868 0.000112045 0.0153955 0.0185985 0.00475639 0.100496 0.230206 0.000113891 
0.0128053 0.0682014 0.0038647 0.0364032 0.0113979 0.0745488 0.00054655 0.530309 0.0266517 0.0549179 0.000236191 0.00169529 0.0438588 0.0049725 0.0612748 0.0681528 0.000163143 
0.161268 0.162268 0.00111628 0.121226 0.0143147 0.0603789 0.000281072 0.200978 0.0069111 0.0190373 0.00500943 0.0119979 0.0115991 0.0827276 0.0823683 0.0585003 1.79832e-05 
0.0158336 0.076585 0.00858309 0.0205696 0.016045 0.0452125 2.23777e-06 0.246057 0.0220369 0.00137516 2.83628e-05 8.33257e-05 0.0174399 0.221101 0.218028 0.090961 5.91504e-05 
0.0429266 0.0689888 0.00299214 0.0536467 0.00825292 0.0501544 0.000854952 0.476945 0.0121038 0.00532404 0.000228886 0.00127264 0.0183277 0.0143819 0.0728931 0.169508 0.00119809 
0.0032864 0.00956425 0.0104471 0.0934362 0.043199 0.0132298 0.00200191 0.73348 0.00218937 0.000388317 8.33191e-05 0.00780565 0.0540493 0.00224325 0.00876247 0.0155771 0.0002571 
0.0336552 0.193668 0.0033384 0.0130683 0.0115401 0.0900501 0.00068234 0.423098 0.0157391 0.00713238 8.22939e-05 0.0199898 0.0140924 0.00453869 0.0964239 0.0725068 0.000393988 
0.0555532 0.0654449 0.0014719 0.126239 0.105349 0.0506403 0.00156561 0.30563 0.00811187 0.0123883 0.000211134 0.01731 0.0611141 0.00712878 0.0604171 0.121114 0.00030932 
0.0195932 0.0294675 0.000705418 0.112247 0.00135304 0.098449 0.0287021 0.603831 0.0060306 0.00309052 0.000446948 0.000159601 0.00225051 0.00528822 0.0127602 0.0755428 8.22682e-05 
0.035754 0.0906959 0.00728183 0.0427318 0.0432595 0.170592 0.0121814 0.177306 0.0326715 0.022226 8.70664e-05 0.00832127 0.0645201 0.011009 0.109861 0.170514 0.000987101 
0.0375877 0.0741366 0.0209918 0.0411745 0.0125871 0.0641598 0.00368454 0.473074 0.0241633 0.0135516 0.00390598 0.00312153 0.00671608 0.00795399 0.0583327 0.151761 0.0030982 
0.0125124 0.133055 0.00249399 0.00510322 0.00224167 0.0481528 0.000174845 0.626826 0.0182969 0.0184953 0.00012897 1.75797e-05 0.00016458 0.00118261 0.0419013 0.0835799 0.00567374 
0.0390429 0.0809659 0.00379157 0.0649523 0.00719874 0.220838 0.000823538 0.355293 0.00844207 0.00207794 0.00087279 0.00396524 0.0305651 0.0132729 0.0646022 0.102356 0.000938696 
0.0363628 0.0155504 0.00939056 0.0605147 0.0406391 0.0201665 0.00207722 0.558041 0.0051409 0.00113011 0.0308482 0.000945905 0.0162137 0.0293043 0.112991 0.0600937 0.000590057 
0.0607925 0.100745 0.00936388 0.0477128 0.0154879 0.212429 0.0167741 0.319477 0.0167499 0.0338647 0.000376843 0.000181604 0.0153553 0.0182246 0.0400233 0.0917278 0.000713757 
0.019643 0.0554678 0.0771353 0.0158115 0.00201872 0.0451486 0.000132252 0.69337 0.00321845 0.00124509 0.000115021 0.000211897 0.0125999 0.015376 0.0446076 0.0137078 0.00019103 
0.00701695 0.057788 0.00840891 0.0216838 0.0338797 0.0257642 0.0286976 0.565508 0.0113342 0.00341024 0.000177998 0.00503012 0.0253075 0.00997562 0.0775809 0.118368 6.75888e-05 
0.0462693 0.0187617 0.00671184 0.0577772 0.0680239 0.0462609 0.0133269 0.254805 0.00197992 0.000515295 6.04659e-05 0.0444608 0.186098 0.0112567 0.0778506 0.164064 0.00177729 
0.0297137 0.0888365 0.000547385 0.0217261 0.0262936 0.0500024 0.000173689 0.660243 0.00855381 0.00953885 5.52908e-05 0.000433141 0.00995185 0.00247144 0.0404778 0.0509678 1.3468e-05 
0.0181126 0.0657796 0.0402938 0.0481393 0.102683 0.0492838 0.00359857 0.377245 0.0177681 0.0020002 9.28735e-05 0.013451 0.0610314 0.0149709 0.0489865 0.136458 0.000104483 
0.0577814 0.0826233 0.00610514 0.0301255 0.00416281 0.169419 0.00111521 0.185712 0.0503326 0.0125325 0.000125255 0.00598157 0.0784987 0.0384295 0.154392 0.12254 0.000123868 
0.0179156 0.0578343 0.00695106 0.0160566 0.00486135 0.0381228 0.000276045 0.559071 0.0109655 0.0185372 0.000146842 0.0126978 0.00485447 0.00264593 0.198096 0.0509202 4.73706e-05 
0.0273911 0.0809631 0.129874 0.0194485 0.0224354 0.0349554 0.00685657 0.240104 0.00578578 0.0062822 1.71945e-05 0.0034788 0.0816908 0.00704655 0.221698 0.111891 8.20099e-05 
0.0731024 0.0145642 0.00361905 0.0763194 0.177963 0.0122805 0.00944116 0.287671 0.000751084 0.00252376 2.70757e-05 0.0119904 0.0189863 0.0230738 0.0706823 0.216798 0.000206882 
0.133448 0.114673 0.0115527 0.044198 0.00966263 0.135366 0.00345541 0.182042 0.0880807 0.0157383 0.000274751 0.000384117 0.0721089 0.0169552 0.0779112 0.0940843 6.42923e-05 
0.0323503 0.099468 0.0046388 0.0540952 0.0369308 0.0692695 0.0127225 0.507586 0.0176121 0.00323088 0.000344432 0.0109023 0.0297001 0.00179996 0.0369838 0.0805518 0.00181331 
0.0431865 0.030508 0.0118596 0.160962 0.027552 0.0924873 0.000217074 0.203137 0.00382454 0.00616141 0.00015668 0.00180617 0.0218747 0.0189591 0.19511 0.182048 0.000149916 
0.0326496 0.0560653 0.0110899 0.0900163 0.210257 0.0725227 0.00214583 0.243929 0.0185536 0.00362533 1.29517e-05 0.0171196 0.0782359 0.0158829 0.0518422 0.0819238 0.0141281 
0.0349604 0.0463579 0.00668404 0.127198 0.0492381 0.127125 0.00207268 0.229936 0.00862453 0.00137186 0.000193281 0.0049936 0.118521 0.0175093 0.0919409 0.126863 0.00641181 
0.0569398 0.102358 0.00334554 0.0162282 0.0134036 0.0841955 0.000109786 0.374116 0.0133749 0.00555778 0.000190634 0.0978335 0.0793621 0.0185743 0.0832894 0.0510952 2.56164e-05 
0.0133221 0.0273617 0.000790194 0.0432478 0.0553032 0.16176 0.00405487 0.435508 0.0118967 0.00405563 0.000406827 0.0159698 0.0186741 0.00258147 0.0267058 0.177067 0.0012943 
0.0965996 0.0150882 0.0115678 0.0447031 0.0226429 0.0490087 0.0131485 0.303937 0.0138467 0.00134057 0.000106217 0.00728521 0.19972 0.0324934 0.077364 0.0916016 0.0195466 
0.0515818 0.049481 0.00243492 0.0251793 0.0910318 0.0830272 0.0123078 0.196413 0.0866993 0.00260312 0.000173751 0.0244195 0.126187 0.0168509 0.142633 0.0886031 0.000373861 
0.0416586 0.0522588 0.0214543 0.155919 0.0522284 0.116627 0.00584023 0.349881 0.0119548 0.00437019 0.00363481 0.000445796 0.0255242 0.0213393 0.0285648 0.108225 7.41062e-05 
0.0883255 0.0752671 0.0158562 0.0429747 0.052645 0.0946955 0.00219951 0.280227 0.00961367 0.00431321 0.00221642 0.00826397 0.0759698 0.0308256 0.0353908 0.180802 0.000413218 
0.166224 0.0721681 0.00949032 0.0367154 0.00908036 0.0907366 0.00805855 0.255305 0.021441 0.0160255 0.000591807 0.000749259 0.0123041 0.013386 0.124349 0.16304 0.00033446 
0.0264734 0.0486993 0.00718218 0.152943 0.0437394 0.0791603 0.0252392 0.2266 0.00989431 0.00109337 6.86853e-05 0.0520824 0.0832951 0.0182818 0.103689 0.119247 0.00231087 
0.039405 0.0359427 0.007367 0.137811 0.0218183 0.0694864 0.00285911 0.216458 0.0344364 0.0140131 0.0102114 0.0157447 0.171977 0.0361595 0.061765 0.12183 0.00271505 
0.0368434 0.104254 0.000443702 0.0642033 0.00611638 0.104095 0.000951509 0.333487 0.0364801 0.0168898 2.0435e-06 2.7306e-05 0.0332897 0.00118879 0.0730414 0.187909 0.000777894 
0.00163877 0.0634497 0.0414674 0.0360703 0.076539 0.0119141 0.00562922 0.470713 0.00115357 0.00015319 4.1139e-05 0.128578 0.042306 0.00485561 0.0283815 0.0865398 0.000569634 
0.102674 0.0611716 0.0101709 0.0638374 0.00766325 0.208531 0.00228707 0.307124 0.0381455 0.00515054 6.94291e-05 0.00159025 0.0299544 0.0163831 0.0895352 0.0554661 0.000246259 
0.0667379 0.0924282 0.00688376 0.0643826 0.0391088 0.120556 0.00399897 0.255767 0.0253162 0.0108351 0.000474253 0.00971809 0.060435 0.0221634 0.0862338 0.132361 0.00260009 
0.0416189 0.176954 0.0462877 0.01524 0.0904167 0.0910821 0.00476802 0.358131 0.00852146 0.000993544 2.03753e-05 0.018024 0.031698 0.0127754 0.0358318 0.0674653 0.000172091 
0.0333148 0.0996181 0.00181353 0.0396595 0.0160642 0.103416 0.00378457 0.480677 0.0487428 0.0183096 0.000158277 0.000165053 0.017524 0.0168127 0.0455703 0.0743245 4.51865e-05 
0.00701603 0.0193 1.97488e-06 0.0320255 0.000611271 0.00797269 1.1166e-08 0.798419 0.000453847 0.0407301 3.23469e-09 5.1106e-10 7.06776e-09 1.77858e-06 0.0646609 0.000752029 0.0280545 
0.135122 0.0368616 0.00579735 0.0543017 0.00477478 0.00812253 0.0013277 0.642083 0.00458627 0.00149845 0.000150772 0.000301693 0.0149822 0.00846848 0.0484021 0.0331645 5.56432e-05 
0.0189222 0.0893327 0.00370654 0.0199784 0.0170402 0.0527732 0.00161015 0.313481 0.0141597 0.00657715 3.01975e-05 0.000474425 0.029166 0.00754777 0.211039 0.214142 1.89037e-05 
0.0338676 0.0619095 0.125116 0.0381549 0.0136445 0.113075 0.00170492 0.257459 0.0206274 0.0052494 0.000231189 0.0351591 0.0321879 0.124175 0.0510456 0.0863208 7.24506e-05 
0.212165 0.0433294 0.00214192 0.00970293 0.00705581 0.0616335 8.10556e-06 0.441939 0.0115758 0.000591364 0.0270512 1.46975e-05 0.0508581 0.0183464 0.0615808 0.0518772 0.000128641 
0.0375558 0.0483756 0.00103431 0.0315652 0.00645343 0.0699453 0.00021398 0.635589 0.00509442 0.0011258 3.89335e-05 3.65458e-05 0.0208978 0.00285966 0.0524865 0.086659 6.82866e-05 
0.0147453 0.070472 0.00183436 0.047056 0.0333018 0.0121812 0.00076326 0.513539 0.032192 0.00138005 7.22355e-05 0.0260464 0.01879 0.00303954 0.0329567 0.191184 0.000446001 
0.0128485 0.287284 0.0181565 0.0201569 0.0137172 0.0372358 0.0017173 0.335911 0.0139827 0.0122288 6.04573e-06 1.58467e-05 0.033578 0.0122785 0.153473 0.0470757 0.000333816 
0.00964079 0.0463987 0.00770067 0.0309914 0.0584467 0.0305186 0.00267775 0.517444 0.00759316 0.0069521 2.32274e-06 0.00892692 0.0250884 0.00809644 0.111074 0.128391 5.71922e-05 
0.0432123 0.0663962 0.0227635 0.0320081 0.0581192 0.068731 0.00585121 0.214708 0.0183845 0.00647222 0.000706059 0.011141 0.0933218 0.0180455 0.163841 0.174868 0.00143121 
0.0336669 0.029879 0.00460952 0.0395332 0.0043391 0.0454416 0.0073335 0.379163 0.0195741 0.0146131 0.000129933 0.0020786 0.03074 0.0104525 0.123555 0.253982 0.000909035 
0.0145833 0.0785381 0.00228554 0.0510013 0.0211395 0.0545185 0.00439064 0.51386 0.0435004 0.00223145 0.000837372 0.0121497 0.00953263 0.00704771 0.102727 0.0811884 0.000468458 
0.075412 0.0504709 0.00491206 0.0336032 0.0126971 0.0736946 0.00409081 0.3964 0.0215998 0.00565709 0.000336438 0.00232322 0.0310409 0.0181061 0.0846136 0.179729 0.00531276 
0.0291672 0.0511799 0.0120487 0.0963903 0.089016 0.0821966 0.00500461 0.300027 0.0116084 0.00481005 0.000222626 0.00635466 0.0798033 0.013145 0.0616052 0.148382 0.00903859 
0.017477 0.0187157 0.0169737 0.0656926 0.0565206 0.0459755 0.00622493 0.545235 0.00448341 0.00161601 0.00714717 0.0371991 0.0498014 0.0118971 0.0483919 0.0663497 0.000299196 
0.049018 0.0484624 0.00990597 0.0369575 0.0486451 0.0821918 0.00128637 0.478898 0.00709485 0.0131185 7.98029e-05 0.0175116 0.0144643 0.0226965 0.0652792 0.104137 0.000253413 
0.0142444 0.0528062 0.01161 0.0444525 0.107539 0.0179386 0.00846508 0.514843 0.0361655 0.00361917 4.42206e-06 0.0072288 0.0360399 0.00442625 0.0503535 0.0899491 0.000314248 
0.048865 0.0464529 0.00899463 0.148843 0.109652 0.101032 0.0433338 0.205271 0.0195994 0.00513635 0.00348864 0.0249142 0.0812732 0.0111431 0.0189914 0.107638 0.0153725 
0.0578277 0.0531992 0.16623 0.0453159 0.0207415 0.162974 0.000412155 0.170245 0.0110405 0.00512185 9.64181e-05 0.00121708 0.0538091 0.108063 0.0567952 0.0746933 0.0122172 
0.0567237 0.0348952 0.00374414 0.0549266 0.0196741 0.0468108 0.000672923 0.493617 0.0143892 0.00276093 1.85434e-05 0.0121861 0.0321485 0.0075939 0.05988 0.159944 1.39859e-05 
0.00325735 0.0323386 1.99937e-05 0.016873 0.00120833 0.0399282 2.28218e-06 0.727454 0.000603311 0.0086843 8.85966e-06 7.91777e-07 1.55587e-05 0.000122854 0.111239 0.0580805 0.000162885 
0.0333687 0.187901 0.00435796 0.04343 0.0163299 0.0396579 0.00282265 0.257573 0.0584283 0.0284021 0.000200222 0.000180143 0.0236367 0.0357476 0.116881 0.148554 0.00252961 
0.0572106 0.089777 0.00555746 0.0403855 0.0300487 0.108661 0.00112507 0.523804 0.00796117 0.00540186 1.81057e-05 0.000332323 0.0102968 0.0202642 0.0289378 0.0697315 0.000486506 
0.0141956 0.10252 0.0014211 0.196314 0.000740878 0.0532513 8.30899e-06 0.369489 0.00161897 0.00133402 9.03221e-05 9.73684e-06 0.00474691 0.000456686 0.0695459 0.184187 6.93245e-05 
0.0304169 0.0575274 0.000428073 0.0261539 0.00807654 0.159661 0.0148948 0.383624 0.0231093 0.0475064 8.17318e-05 0.000408804 0.0121073 0.00601544 0.133411 0.0963897 0.000188028 
0.0385719 0.0415078 0.00347953 0.0886401 0.158442 0.041462 0.00839337 0.341867 0.00486594 0.0057205 0.000309694 0.00341773 0.0341493 0.0138314 0.0868031 0.127621 0.000918096 
0.0504152 0.0661433 0.10838 0.0204861 0.09832 0.192417 0.00748459 0.266315 0.0167464 0.0058073 3.15236e-05 0.0319379 0.024969 0.00389401 0.0219667 0.0845731 0.000111878 
0.0032864 0.00956425 0.0104471 0.0934362 0.043199 0.0132298 0.00200191 0.73348 0.00218937 0.000388317 8.33191e-05 0.00780565 0.0540493 0.00224325 0.00876247 0.0155771 0.0002571 
0.0265308 0.0199716 0.0268915 0.0432754 0.0588737 0.0328075 0.00557316 0.587653 0.00527154 0.00106378 2.80728e-05 0.0152712 0.0338497 0.00333533 0.0858286 0.0526229 0.00115235 
0.0735827 0.0939613 0.0046654 0.0162974 0.00989655 0.0598378 0.00953065 0.314881 0.0656052 0.00946211 0.000109612 6.95416e-05 0.035208 0.0103773 0.0637081 0.232687 0.000120689 
0.0120857 0.0773289 0.0149061 0.0524584 0.00858112 0.0264637 0.00977665 0.464446 0.0772172 0.00263432 0.00054327 0.000295715 0.00912364 0.00851994 0.153024 0.0818034 0.000791521 
0.01683 0.103347 0.0032288 0.0369711 0.00961545 0.16697 0.00100433 0.293822 0.0255535 0.00445853 8.23644e-05 1.4241e-05 0.0550413 0.0481041 0.0801781 0.154706 7.34065e-05 
0.031667 0.0716042 0.00409099 0.0481399 0.00478893 0.0988999 0.0185128 0.267393 0.0566445 0.00579072 0.000157561 0.00018614 0.0172525 0.109337 0.0908263 0.174624 8.46636e-05 
0.0310563 0.0260103 0.124683 0.0918731 0.0536958 0.146753 0.00277717 0.197151 0.00720081 0.0020626 0.000269779 0.00796126 0.0308411 0.0577119 0.139654 0.0797113 0.000587762 
0.0525422 0.0931093 0.00724011 0.0623628 0.0112029 0.0651151 0.00738908 0.364534 0.0221636 0.00636221 0.000562705 0.0133464 0.025443 0.0277569 0.115385 0.125313 0.000171702 
0.0961238 0.079971 0.00564488 0.0512705 0.113883 0.129579 0.00364704 0.167822 0.0158022 0.00870704 0.00011504 0.0140313 0.0577029 0.0611564 0.0605343 0.133612 0.000397703 
0.0846616 0.048846 0.1881 0.0170842 0.00793484 0.0400661 0.00173508 0.395475 0.0118951 0.00511337 0.000143115 0.0021634 0.0295525 0.016327 0.0821348 0.0683187 0.000449665 
0.0117874 0.0450885 0.0573844 0.0157099 0.0485722 0.0421886 0.00717148 0.422411 0.0100672 0.00232537 1.32177e-05 0.00069893 0.0114369 0.00659201 0.105077 0.213057 0.000418529 
0.0399323 0.0904181 0.0257786 0.0437294 0.0203431 0.159901 0.0118167 0.276369 0.0252534 0.0107067 0.000983155 0.00603772 0.0362139 0.0252948 0.109113 0.116813 0.00129579 
0.0228523 0.143042 0.000964333 0.0138372 0.0577366 0.0564112 0.0157833 0.228095 0.0164159 0.0129298 0.000131872 0.000429634 0.00444859 0.00303717 0.225935 0.197857 9.37267e-05 
0.159706 0.0602062 0.00373701 0.0263626 0.028566 0.114863 0.00869891 0.24905 0.0464931 0.0436517 8.7995e-05 0.000468201 0.0156519 0.0267818 0.0596802 0.155748 0.000246148 
0.0141811 0.0204891 0.010597 0.0682636 0.0466236 0.0295389 0.00426119 0.536364 0.00341679 0.00062055 0.000709888 0.0863023 0.0804696 0.00151145 0.0236807 0.0726227 0.000347791 
0.0209337 0.0417749 0.00433183 0.0420858 0.0533411 0.00910392 0.00643037 0.466705 0.00120597 0.000515981 2.86415e-06 0.00672719 0.136135 0.000729433 0.171325 0.0360766 0.00257515 
0.0763115 0.0419289 0.00383497 0.0693185 0.086049 0.120303 0.0031938 0.231185 0.0241427 0.00251655 7.08602e-05 0.027704 0.113867 0.022662 0.0849543 0.0916366 0.000321302 
0.0742566 0.0541084 0.0070385 0.0159206 0.0454334 0.0693102 0.0077998 0.328288 0.0552063 0.0168915 0.000381168 0.029408 0.126155 0.0182662 0.0545526 0.093462 0.00352173 
0.0333625 0.00424685 0.000540865 0.000803959 0.00611457 0.00947174 0.000413443 0.872093 0.000273123 6.81284e-05 1.95627e-05 3.04832e-05 0.000492115 1.91439e-05 0.0621986 0.00967112 0.000181033 
0.0367952 0.0113438 0.00948302 0.0335591 0.0114908 0.019464 0.014702 0.62413 0.00749415 0.000773564 5.48985e-06 0.00273425 0.0662851 0.00213363 0.130198 0.0290119 0.000396619 
0.00701695 0.057788 0.00840891 0.0216838 0.0338797 0.0257642 0.0286976 0.565508 0.0113342 0.00341024 0.000177998 0.00503012 0.0253075 0.00997562 0.0775809 0.118368 6.75888e-05 
0.0245687 0.0505227 0.0395446 0.16599 0.0127464 0.0307794 0.000977847 0.529117 0.00325085 0.00154266 4.40079e-06 0.000215922 0.0957904 0.011847 0.016526 0.0165497 2.65786e-05 
0.0224994 0.0534084 0.00573888 0.055586 0.0357097 0.0641571 0.0100439 0.568782 0.0110937 0.009097 7.72995e-05 0.0168338 0.0302444 0.0111085 0.0351332 0.0703889 9.7649e-05 
0.0527759 0.0427484 0.0438646 0.0202562 2.37383e-05 0.000779003 4.81918e-06 0.514823 0.00508615 0.000958535 3.24433e-06 0.00092201 0.0283298 0.00488833 0.175593 0.0332478 0.0756954 
0.0925817 0.0659596 0.00941692 0.0822557 0.170674 0.0810193 0.00249881 0.248503 0.0164403 0.00394245 1.79272e-05 0.0137532 0.0623685 0.014595 0.0481937 0.0763094 0.0114701 
0.0199042 0.0739482 0.0029816 0.00948846 0.00581607 0.0708529 0.00157422 0.373023 0.0143144 0.00677083 0.018634 0.000511046 0.00878791 0.0195464 0.183687 0.190136 2.38045e-05 
0.0504217 0.0596294 0.00719381 0.103941 0.0274267 0.0426177 0.00106535 0.430661 0.0117029 0.0123056 0.000681299 0.011155 0.0297462 0.0136427 0.101568 0.0958643 0.000377632 
0.0456722 0.0875705 0.00603786 0.196192 0.0125674 0.0941003 0.00327107 0.353712 0.0240801 0.0268884 3.28576e-05 0.00179377 0.0371573 0.0176339 0.0317917 0.0614882 1.06391e-05 
0.13736 0.0615374 0.00133311 0.0245653 0.0883724 0.206105 0.000907318 0.338784 0.0121484 0.00354599 0.000668875 0.00551294 0.00571836 0.0187956 0.00725176 0.0871371 0.000255772 
0.0256716 0.0646048 0.00447491 0.0428392 0.0254308 0.0356954 0.00518949 0.433224 0.0129228 0.00253273 6.03486e-05 0.0703566 0.118957 0.00446518 0.0520228 0.100462 0.00108997 
0.0424769 0.0385044 0.00302764 0.0735034 0.0173845 0.0724421 0.00246611 0.244588 0.0130675 0.00100719 7.39836e-05 0.00324464 0.130361 0.0639999 0.0694876 0.2243 6.54258e-05 
0.00858411 0.039679 0.00685208 0.134484 0.0235855 0.125617 0.00125895 0.215419 0.0070806 0.00114896 4.50639e-05 0.00352379 0.176014 0.0211923 0.107774 0.127597 0.000144262 
0.0403263 0.142109 0.00234411 0.0266 0.0163173 0.156452 0.00263367 0.209471 0.00176317 0.0062492 9.47921e-05 0.0235428 0.0206511 0.00305563 0.177703 0.170249 0.0004373 
0.0365448 0.254187 0.000934964 0.0707249 0.00471476 0.0134245 0.000106102 0.268054 0.0258221 0.00406373 3.06173e-05 3.94524e-06 0.00356016 0.00304119 0.0480292 0.0068054 0.259953 
0.0830106 0.0727033 0.00469548 0.0450339 0.0185103 0.152431 0.00472208 0.242465 0.0232588 0.0102417 0.000453443 0.00437845 0.030503 0.0221325 0.0980464 0.185982 0.00143084 
0.0743123 0.120106 0.00164535 0.0226055 0.0166999 0.110039 0.000335857 0.469681 0.00559972 0.043343 0.000151906 0.000147843 0.0098991 0.00375152 0.0731016 0.0482971 0.000283975 
0.069965 0.0537355 0.000547111 0.0390013 0.0193156 0.117573 0.000529431 0.459998 0.00904851 0.0155385 3.02449e-05 0.0015797 0.00338752 0.0683858 0.0226991 0.118463 0.00020247 
0.0609459 0.103304 0.00168648 0.193492 0.101957 0.0732122 0.00141397 0.194745 0.0126836 0.00557386 0.00221527 0.00506704 0.0290239 0.0107061 0.0396267 0.163965 0.000382939 
0.0471978 0.0326023 0.0115925 0.0345659 0.0092795 0.0322836 0.00300573 0.418216 0.00142585 0.000880087 1.98157e-05 0.000354399 0.00691049 0.00365395 0.116747 0.0260297 0.255235 
0.0110705 0.0166624 0.00433571 0.0635346 0.0764395 0.0688343 0.00162013 0.383053 0.0252295 0.0036801 0.000452167 0.00896681 0.0225664 0.038352 0.0603053 0.21421 0.000687874 
0.0474121 0.117718 0.00573454 0.0383367 0.121003 0.0617605 0.0169638 0.172029 0.0266451 0.000717618 6.33986e-06 0.0223001 0.100253 0.00208674 0.13502 0.13201 3.0844e-06 
0.0225968 0.0726214 0.00165037 0.0818569 0.0424371 0.0300302 0.00120627 0.522414 0.00378471 0.00104978 8.15883e-05 0.123155 0.0445532 0.00227539 0.0164508 0.0308868 0.00294961 
0.0276805 0.144597 0.0120246 0.100688 0.00454573 0.0598132 0.00283757 0.480194 0.0156491 0.0473859 0.000218672 0.00604192 0.00956981 0.0189131 0.0180859 0.051643 0.000112595 
0.0478893 0.0745387 0.00760142 0.0586444 0.016373 0.0457474 0.00710159 0.278955 0.0265061 0.0194299 0.000110515 0.000545937 0.0371151 0.0234128 0.158509 0.197426 9.41532e-05 
0.0350198 0.0375211 0.00815134 0.0681413 0.165762 0.0369484 0.0057097 0.377934 0.0141875 0.0058597 0.000104274 0.0328469 0.0522119 0.0129466 0.0501615 0.096403 9.13919e-05 
0.0108375 0.171091 0.00398208 0.0473856 0.0233014 0.0555137 0.00380509 0.326489 0.0134178 0.00420105 0.000140559 0.01245 0.221329 0.0115374 0.0359172 0.0579819 0.000619449 
0.0209533 0.0228792 0.00280496 0.0704284 0.0196471 0.0501943 0.00152397 0.437053 0.00567042 0.00124467 2.79268e-05 0.0024571 0.0126904 0.00376919 0.028098 0.317925 0.00263235 
0.0458655 0.0551861 0.0498282 0.0621761 0.007442 0.0762348 0.003245 0.492143 0.014789 0.011339 1.82702e-05 1.14957e-05 0.0266396 0.0106494 0.0559086 0.0883892 0.000134443 
0.182566 0.106899 0.00211846 0.0158581 0.00472754 0.0716548 0.00121635 0.330684 0.00994938 0.0146728 0.000178414 3.54686e-05 0.014705 0.0133414 0.100433 0.130405 0.000555215 
0.0815385 0.0445016 0.0017921 0.0233411 0.0127088 0.127461 0.00245717 0.372176 0.0269391 0.0172038 0.000504166 0.00486098 0.0467981 0.0312967 0.0618374 0.144515 6.88112e-05 
0.0278867 0.0253587 0.00458994 0.0253855 0.0356125 0.0448257 9.98003e-05 0.41107 0.00358882 0.000996575 4.62602e-05 0.00628858 0.140084 0.0123371 0.101759 0.159863 0.000207544 
0.00858411 0.039679 0.00685208 0.134484 0.0235855 0.125617 0.00125895 0.215419 0.0070806 0.00114896 4.50639e-05 0.00352379 0.176014 0.0211923 0.107774 0.127597 0.000144262 
0.0666214 0.137437 0.00988629 0.0608734 0.0141637 0.059307 0.00382951 0.256079 0.0146465 0.0120262 0.000237058 0.00653844 0.0252588 0.0356874 0.152959 0.144058 0.000391486 
0.00644749 0.0265006 0.0241068 0.011613 0.00234939 0.0261588 0.000836507 0.775735 0.0057606 0.00149847 0.00227846 0.00025467 0.0169162 0.00660135 0.0621945 0.030518 0.000229887 
0.0223608 0.0719461 0.00281381 0.0188071 0.0114045 0.0650566 0.00816231 0.411563 0.051127 0.0219238 0.000270294 0.00351163 0.00691398 0.00526575 0.0990328 0.193807 0.00603308 
0.0431084 0.0675725 0.00166163 0.0487855 0.0166843 0.0589214 0.00140544 0.374095 0.0241704 0.0563922 0.000117995 0.00113724 0.00994728 0.0366447 0.118053 0.141143 0.000159506 
0.063084 0.0535892 0.00244321 0.0756154 0.00661805 0.219761 0.00948211 0.261803 0.0130299 0.0197996 0.000150451 0.000208892 0.0234072 0.00898059 0.122147 0.119746 0.000134186 
0.0173847 0.0569378 0.00273055 0.0336851 0.00583297 0.0665418 0.00034478 0.557783 0.00368809 0.000728336 0.000884719 4.34894e-05 0.0052808 0.0316863 0.0483821 0.168014 5.10732e-05 
0.0226584 0.0359932 0.0187342 0.0390519 0.0489433 0.029511 0.00571854 0.506516 0.0982718 0.00361555 0.0112984 0.0219564 0.047427 0.00578161 0.0508642 0.0528496 0.000808997 
0.0224796 0.0937257 0.00137625 0.0486522 0.016487 0.0650418 0.003106 0.320689 0.0649168 0.0147103 5.32515e-05 0.00565045 0.00760514 0.00969809 0.111398 0.213838 0.000571742 
0.0102591 0.0734571 0.000560834 0.0645106 1.63326e-05 0.0146235 3.92658e-06 0.365073 7.41059e-05 0.000825083 1.38818e-05 1.15858e-06 7.09993e-05 0.00129656 0.206364 0.00816114 0.254688 
0.000172908 0.0982601 0.0224857 0.00986726 0.000531186 0.112769 7.79656e-06 0.509424 0.0173559 0.0210243 9.74383e-06 2.69704e-06 0.0181355 0.000809237 0.154183 0.0349618 3.3547e-07 
0.0102587 0.0534821 0.0168669 0.0212614 0.0136515 0.0144515 0.00154839 0.753677 0.0023333 0.0110784 6.76401e-06 0.000242199 0.00516647 0.00086849 0.0240553 0.0708063 0.000245382 
0.158528 0.0912945 0.0051261 0.158696 0.0107841 0.061985 0.000239594 0.362549 0.0123463 0.0221275 0.000267702 0.00601153 0.0101044 0.00227991 0.0196395 0.0159692 0.0620528 
0.0433556 0.0320877 0.000900599 0.103359 0.0242368 0.0472709 0.000256485 0.391663 0.00861119 0.028377 0.000265038 0.00404859 0.0149751 0.00949148 0.0808619 0.209506 0.000733673 
0.0149884 0.0361848 0.00753307 0.0525624 0.193774 0.0297714 0.0031315 0.202246 0.0109238 0.00708949 1.65425e-05 0.00253345 0.159266 0.0539768 0.0460531 0.177944 0.00200476 
0.0721304 0.044366 0.00863453 0.032629 0.0671202 0.209581 0.0037088 0.292622 0.0139487 0.00320419 0.000208867 0.00623572 0.0291687 0.0159231 0.0137615 0.186035 0.000722381 
0.0360299 0.0634266 0.0073 0.0971856 0.0288524 0.127357 0.00304645 0.294624 0.0203118 0.0066537 0.000119764 0.00515419 0.0134685 0.0122698 0.0805708 0.203317 0.000312835 
0.0718054 0.134855 0.00166589 0.0414528 0.0191627 0.152473 0.00239446 0.216977 0.0159537 0.0139252 9.39783e-05 0.000348262 0.0424266 0.0104147 0.0750182 0.176036 0.0249973 
0.0439451 0.167201 0.00858515 0.117103 0.0090037 0.124996 0.000562925 0.272797 0.00745145 0.00138713 2.18023e-05 2.48596e-06 0.0136215 0.03807 0.0677842 0.1274 6.7954e-05 
0.0299674 0.0856387 0.00706404 0.0855597 0.00858665 0.0265647 0.000685592 0.518507 0.00499134 0.0077432 6.70136e-05 0.000836747 0.00847581 0.0255732 0.138979 0.0505805 0.000179677 
0.138543 0.0610328 0.010907 0.0452559 0.117402 0.0653203 0.00252618 0.182455 0.00742741 0.00309988 3.73522e-05 0.0697777 0.108804 0.0308884 0.0425868 0.112689 0.00124692 
0.0242958 0.0608018 0.0178968 0.0521342 0.0674322 0.0605981 0.00471352 0.326368 0.0127812 0.00482593 0.000276365 0.0135404 0.100207 0.0272085 0.0783473 0.146524 0.00204887 
0.0319504 0.0541038 0.0138424 0.0962689 0.0147084 0.154371 0.00964798 0.310665 0.0163011 0.00838669 0.00156222 0.0159792 0.065384 0.0169514 0.0508437 0.13859 0.000443982 
0.0610664 0.0679172 0.00289192 0.173932 0.0580766 0.129503 0.00176983 0.193851 0.0175879 0.0160455 5.76054e-06 0.00670517 0.0527465 0.0247459 0.0387976 0.153903 0.000454671 
0.120159 0.145039 0.00541786 0.0244959 0.0043252 0.030264 0.00777154 0.187257 0.0716309 0.0282425 0.000197327 0.00018133 0.0381821 0.00710594 0.151337 0.178155 0.000238803 
0.065754 0.045745 0.00352758 0.0146802 0.00711347 0.307732 0.000285652 0.49515 0.00476049 0.00478985 5.15977e-06 8.13495e-06 0.00506758 0.0038066 0.00845183 0.0329518 0.000170615 
0.0234957 0.0566881 0.00138979 0.0416374 0.0138996 0.149659 0.00774936 0.235639 0.0180264 0.0104929 0.000147808 0.0029439 0.0161401 0.0551322 0.139509 0.227132 0.000317916 
0.0768887 0.0540032 0.00594385 0.140103 0.045018 0.145628 0.00383004 0.232626 0.0204059 0.0068569 0.000267178 0.00705883 0.0293688 0.0373942 0.0416632 0.151355 0.00158811 
0.0240954 0.0379908 0.00118555 0.16653 0.0715161 0.0459996 0.00251374 0.243839 0.017594 0.000746656 0.0163432 0.0183312 0.0464833 0.0127979 0.192999 0.0967432 0.00429087 
0.129464 0.0875696 0.00284923 0.0179506 0.00194766 0.0532188 0.00137953 0.519141 0.0429998 0.0228946 0.000384035 0.000108639 0.00965902 0.00964637 0.021936 0.0775593 0.00129163 
0.0424115 0.133127 0.00266345 0.0215002 0.0110178 0.194837 0.0147462 0.276881 0.0264094 0.0108086 0.000203789 0.00466274 0.017255 0.00817566 0.120202 0.114751 0.000347607 
0.0683261 0.041166 0.009528 0.0356858 0.0285304 0.0980705 0.000473359 0.46155 0.00865408 0.00141104 0.000449993 0.000276765 0.0269924 0.012127 0.0403938 0.166113 0.000251639 
0.110597 0.0827243 0.00176955 0.0480876 0.00183684 0.233543 4.59077e-06 0.424322 0.0162845 0.00260908 5.74975e-05 3.52346e-06 0.00051203 0.0050035 0.0249015 0.0471243 0.000618628 
0.0611362 0.0605467 0.0108825 0.0604668 0.0492125 0.112133 0.00415319 0.219196 0.0350726 0.0140465 0.000831471 0.008767 0.0325442 0.0258215 0.100969 0.203948 0.000272183 
0.0239414 0.066049 0.00814133 0.0984947 0.0485502 0.0918478 0.0035392 0.201434 0.00897188 0.00351233 0.00537113 0.0122465 0.139069 0.0320342 0.105637 0.149707 0.00145402 
0.0236926 0.0695235 0.0257187 0.024835 0.00600187 0.0778216 0.00252531 0.350601 0.0353804 0.0229648 0.000144158 0.00935809 0.0223235 0.0137818 0.168191 0.147018 0.000118651 
0.0287208 0.0892364 0.016677 0.0169744 0.0069089 0.0219897 0.000734722 0.488224 0.0259714 0.00392689 0.000112906 1.15816e-05 0.0129859 0.0122884 0.210236 0.0648845 0.0001169 
0.21141 0.109743 0.00365446 0.0306927 0.0333379 0.117119 0.000766405 0.221046 0.0213989 0.00472524 0.000378628 0.0298936 0.00768583 0.049688 0.0206654 0.137016 0.00077926 
0.00561455 0.136736 0.00461015 0.0258201 0.0386245 0.0417398 0.00139745 0.334297 0.0321819 0.0657095 0.000276718 0.00480369 0.0353029 0.0311335 0.13097 0.110685 9.84677e-05 
0.134947 0.196795 3.10366e-05 0.0321592 0.0102973 0.177329 0.00109543 0.233218 0.000882032 0.00624643 1.15792e-05 3.60239e-06 0.0099255 0.00416584 0.0378491 0.141993 0.0130499 
0.0432328 0.0240695 0.00558517 0.109825 0.138686 0.0645904 0.0107246 0.298358 0.0029201 0.00188448 3.01791e-05 0.020336 0.110587 0.00672051 0.0609723 0.10134 0.000136867 
0.0935255 0.0415801 0.00340351 0.188614 0.0372867 0.0518563 0.00184167 0.353074 0.000318082 0.00169975 8.08308e-05 0.0193774 0.110358 0.000754684 0.011189 0.0848906 0.000150643 
0.0165157 0.051054 0.0115075 0.0189784 0.0420884 0.0118073 0.0422429 0.350227 0.00654102 0.00241449 1.06487e-05 0.00509304 0.0542837 0.00377906 0.267906 0.114497 0.00105356 
0.0260231 0.0589434 0.000878775 0.0467985 0.0201692 0.170979 0.000401841 0.398675 0.021445 0.00144594 6.04722e-05 0.0994379 0.0990824 0.00444056 0.00736995 0.0435946 0.000254198 
0.0463815 0.0603295 0.00952173 0.0226138 0.00747969 0.225765 0.00866942 0.243972 0.00918177 0.00439168 0.00037343 0.00269614 0.0471494 0.0205339 0.149272 0.141088 0.000581899 
0.0214727 0.049025 0.00128137 0.0530676 0.0202962 0.257706 0.00128246 0.269269 0.00923382 0.0119541 0.000166514 0.00568702 0.0188118 0.00467479 0.0232925 0.251625 0.00115471 
0.065097 0.00818993 0.00340087 0.0266171 0.0695335 0.0543101 0.0185333 0.252734 0.0212771 0.000232026 0.000247544 0.0374288 0.154748 0.0191616 0.182355 0.0856783 0.000455444 
0.0541813 0.0325085 0.0113704 0.012516 0.0380397 0.166896 0.0887029 0.327806 0.0302468 0.0221096 0.000590981 0.00408805 0.00585284 0.00738665 0.0718717 0.125004 0.000828185 
0.0956271 0.128886 0.00618901 0.0576941 0.0235194 0.167416 0.00461838 0.16906 0.029057 0.0123621 0.000774297 0.00394877 0.0257029 0.0242175 0.0836027 0.165479 0.00184591 
0.027014 0.0308702 0.00946444 0.0594324 0.0929215 0.102039 0.00325864 0.357493 0.0269444 0.0044284 9.55314e-05 0.0137084 0.0942646 0.00679085 0.035744 0.134901 0.000629314 
0.109181 0.0523969 0.00499593 0.0562788 0.007516 0.0147105 0.00055666 0.58089 0.0172346 0.000871905 0.00731775 0.000254814 0.0345573 0.027059 0.0463139 0.0375667 0.00229867 
0.00597996 0.046803 0.00303819 0.0232486 0.0479392 0.0174421 0.00134452 0.28659 0.0141201 0.00421626 8.61483e-05 0.0023268 0.200503 0.0812582 0.142073 0.122935 9.63599e-05 
0.0451131 0.140022 0.0103512 0.0806845 0.0574592 0.131594 0.0018469 0.264981 0.0053199 0.00404433 1.91088e-05 0.00589046 0.132008 0.00390151 0.0557412 0.0609131 0.000110236 
0.0301763 0.0539067 0.0797633 0.0217278 0.0676259 0.0401126 0.00344212 0.394435 0.0216256 0.030127 8.86992e-06 0.00572994 0.0319109 0.0078108 0.134048 0.0775071 4.20189e-05 
0.0309156 0.0421518 0.00527839 0.0843352 0.178907 0.0157908 0.00455643 0.445928 0.014048 0.00325808 0.000106813 0.0111332 0.0118651 0.00157302 0.0279777 0.121811 0.000364725 
0.128246 0.0659235 0.00388775 0.0267989 0.0155554 0.0710354 0.00917001 0.253991 0.0416613 0.00945025 0.00103285 0.0179163 0.0694322 0.0193769 0.12078 0.145578 0.000164624 
0.0492967 0.0752003 0.0143009 0.0344811 0.0177157 0.227937 0.00166579 0.410553 0.0298541 0.00139113 0.000373463 0.00155236 0.0149675 0.00597619 0.033414 0.0810427 0.000278667 
0.0146159 0.101873 0.00144361 0.0148863 0.0162717 0.0917678 0.0041626 0.219262 0.0137988 0.00185199 3.03727e-05 3.73366e-05 0.0879221 0.0170406 0.206369 0.208617 5.06992e-05 
0.161369 0.0808408 0.00127878 0.0140673 0.00914851 0.0481935 0.00346279 0.436548 0.0108886 0.0126647 0.000239593 0.00155687 0.00428958 0.00562462 0.0548706 0.154764 0.000192888 
0.0161888 0.0565621 0.0130595 0.0416754 0.00421835 0.0423239 1.58543e-05 0.55288 0.0095527 0.00406464 1.25844e-05 0.000437213 0.00754944 0.0824982 0.109746 0.0586169 0.000598399 
0.054021 0.0536882 0.00067065 0.0598511 0.000821627 0.0505806 0.00179541 0.699481 0.0254578 0.0107224 0.000287591 0.000164557 0.00225282 0.00497742 0.013956 0.0208085 0.0004628 
0.0612815 0.0785149 0.0611462 0.0487491 0.0357164 0.168696 0.00135296 0.20557 0.0111633 0.00507079 0.000137979 0.00114062 0.0441169 0.0316433 0.101817 0.143668 0.000215607 
0.10649 0.0551605 0.000832926 0.0690098 0.0263936 0.0811568 0.00819241 0.381105 0.0386307 0.00780583 0.000296969 0.00292859 0.00237637 0.00262389 0.032679 0.180763 0.00355582 
0.00293971 0.00954743 0.00142235 0.0101145 0.00749052 0.00504974 0.000999332 0.777389 0.00560169 0.00161897 8.78082e-06 0.000292777 0.0118752 0.00162619 0.0109413 0.152997 8.64627e-05 
0.0375137 0.0170956 0.00861045 0.0460882 0.0469925 0.0165546 0.00675031 0.258676 0.0188717 0.00431606 3.09664e-06 0.0109799 0.210426 0.00899188 0.0510131 0.256908 0.000208832 
0.0705395 0.00794985 0.000341935 0.065245 0.00568699 0.373875 4.72402e-05 0.42772 0.00859237 0.00217611 0.00011079 0.000588519 0.0027883 0.00149334 0.0121938 0.0206487 1.90319e-06 
0.0322044 0.0758969 0.039928 0.0918302 0.0503784 0.0522267 0.0017904 0.387233 0.00192429 0.000869717 0.000109812 0.00541641 0.0281634 0.0134416 0.100906 0.112282 0.00539927 
0.0380552 0.0897693 0.0113237 0.102464 0.0309126 0.0734687 0.0151329 0.279263 0.025838 0.00454493 0.000251946 0.00695264 0.047802 0.0264656 0.128022 0.11625 0.00348262 
0.0650916 0.0425678 0.00694917 0.0229756 0.144286 0.101607 0.0211197 0.219826 0.00654296 0.00252156 7.8226e-05 0.0213413 0.0602289 0.0142214 0.0710074 0.199467 0.000168228 
0.0227536 0.0700855 0.00431261 0.0306234 0.0313991 0.0722735 0.00630352 0.34342 0.0361597 0.00573598 0.000129952 0.00558991 0.0149351 0.0325034 0.0583755 0.264691 0.000708536 
0.0194352 0.0414879 0.00143257 0.00938957 0.00521122 0.0583881 0.0141874 0.54702 0.0161929 0.00655043 0.000310566 0.000617341 0.00696804 0.00579603 0.0790641 0.172053 0.0158953 
0.120012 0.0607682 0.0010211 0.0280518 0.0105759 0.0216116 4.02201e-05 0.267237 0.0883854 0.00418412 0.207656 0.000306887 0.00385268 0.0108765 0.0959951 0.079075 0.000350341 
0.051297 0.088184 0.0116925 0.0336122 0.108462 0.134993 0.00164912 0.311226 0.0192148 0.00448677 0.000252757 0.00209615 0.0451426 0.0130857 0.0423749 0.131859 0.000370756 
0.0167417 0.101425 0.00172132 0.0543669 0.0154934 0.0902154 0.00298766 0.466982 0.0147131 0.0133863 1.87941e-05 7.65502e-06 0.111311 0.0195663 0.0185964 0.0722775 0.000190714 
0.0301545 0.192205 0.0265781 0.176275 0.0306455 0.0105738 0.000627045 0.200067 0.0698674 0.0269181 1.67519e-07 2.65448e-05 0.0458795 0.00287378 0.0703899 0.116777 0.0001413 
0.124869 0.108645 0.00981739 0.0463809 0.0424754 0.0865559 0.0117365 0.296221 0.0273071 0.0129423 0.000135817 0.00141857 0.03053 0.0123312 0.0995589 0.0859727 0.00310258 
0.114848 0.0319017 0.0264164 0.0532068 0.0100986 0.00998615 0.00128727 0.582086 0.0373158 0.00235502 0.00027122 0.00463259 0.0576158 0.00426423 0.0274265 0.0356898 0.000598391 
0.0265895 0.0993502 0.00340814 0.0899842 0.0322728 0.0976446 0.00248062 0.325112 0.00849838 0.00311472 0.000281377 0.00150999 0.015476 0.0509098 0.0927694 0.150068 0.000530379 
0.0840494 0.0639608 0.00573076 0.0410567 0.0305497 0.175067 0.00429234 0.225996 0.0214112 0.0091494 0.000383586 0.00420937 0.0265556 0.0311943 0.0630113 0.212335 0.00104669 
0.025531 0.0262596 0.00143915 0.0109479 0.267222 0.0438769 0.000332143 0.523025 0.00268065 0.00300351 6.72736e-05 3.3285e-06 0.00245757 0.00370003 0.0262216 0.0629532 0.00027912 
0.0105241 0.0464372 0.00237192 0.0247709 0.00443977 0.0189845 0.000333357 0.623197 0.0114048 0.00598134 0.000124476 0.000286227 0.0320185 0.00406827 0.106692 0.100069 0.0082972 
0.0416396 0.0511783 0.00502053 0.0601723 0.0181474 0.11214 0.00576452 0.282211 0.0480141 0.0118299 0.000304481 0.00551966 0.0306553 0.0240681 0.0762418 0.226577 0.000516918 
0.0230056 0.171441 0.0497879 0.0430237 0.00652818 0.0582193 0.00288572 0.270645 0.0184446 0.0153184 9.94009e-05 0.00152497 0.0286206 0.0123265 0.264939 0.0329901 0.000200131 
