0.0782392 0.0794959 0.00443869 0.00280658 0.00329741 0.0179371 0.000868255 0.00393483 0.730987 0.0107576 2.07518e-05 0.000252075 0.0110869 0.0070381 0.0182271 0.03 0.000612302 
0.0585417 0.197219 0.00610203 0.00357718 0.0241174 0.124012 0.00478761 0.0220528 0.209601 0.0481099 1.60519e-06 0.000825406 0.00754919 0.00454425 0.161461 0.127493 5.47409e-06 
0.0419621 0.103282 0.00147604 0.000723806 0.000633188 0.0165088 0.0065825 0.000787907 0.769507 0.0157733 3.52633e-05 0.000468395 0.0060607 0.000301173 0.0185079 0.0172717 0.000118452 
0.100691 0.119881 0.0158493 0.00174636 0.00635672 0.108866 5.21724e-05 0.0110841 0.577212 0.0187285 1.79605e-05 4.83796e-05 0.00711021 0.00459603 0.0150466 0.0127135 5.12519e-07 
0.00805863 0.038994 0.00934959 0.0323148 0.0419222 0.0380816 1.39219e-06 0.157749 0.47587 0.00292015 6.70513e-05 5.29204e-05 0.0161591 0.0103553 0.11522 0.0527182 0.000166082 
0.0324779 0.126486 0.00470809 0.0407083 0.0243018 0.0769865 0.00385825 0.144566 0.242278 0.049666 0.000257318 0.00638034 0.0556048 0.0122217 0.0906626 0.0883832 0.000452765 
0.0166638 0.0832522 0.000676227 0.0044826 0.0020259 0.0466287 0.000503528 0.0169181 0.484275 0.23919 0.000290715 0.000518229 0.00959471 0.0156449 0.0141618 0.0649582 0.000214624 
0.0229043 0.122201 0.00561719 0.0160585 0.00212267 0.068467 0.000509212 0.0239507 0.337075 0.253207 0.00456082 0.000682826 0.0121548 0.0155177 0.0147298 0.100058 0.000183077 
0.0782392 0.0794959 0.00443869 0.00280658 0.00329741 0.0179371 0.000868255 0.00393483 0.730987 0.0107576 2.07518e-05 0.000252075 0.0110869 0.0070381 0.0182271 0.03 0.000612302 
0.0538775 0.210458 0.00546775 0.0164051 0.0130921 0.0724823 0.00757273 0.0440584 0.24672 0.0282467 0.000972814 0.00231369 0.0229026 0.0132985 0.119266 0.142391 0.00047406 
0.0833609 0.162005 0.00988506 0.0239843 0.000946845 0.0932849 3.01855e-05 0.0187822 0.259778 0.0349244 6.58111e-05 0.000729181 0.0596739 0.0361835 0.113954 0.102366 4.52425e-05 
0.0467509 0.0483359 0.00106749 0.0715292 0.0706299 0.190352 0.00124468 0.041383 0.227309 0.0051883 0.00135045 0.00164303 0.0464778 0.0127339 0.0437909 0.174309 0.0159046 
0.0375642 0.140044 0.0377149 0.0224792 0.0309988 0.107045 0.00434836 0.0283002 0.219979 0.0212701 0.000308484 0.00153955 0.0588525 0.0123535 0.0796864 0.197481 3.47158e-05 
0.111695 0.188599 0.00297366 0.0133329 0.021342 0.25952 0.000452455 0.011611 0.259734 0.0374635 4.59368e-06 5.09628e-06 0.0177561 0.0182738 0.018833 0.038404 5.02762e-08 
0.000328624 0.236327 0.00090066 0.000201896 0.000146484 0.000254602 0.00112361 0.00876796 0.67864 0.0074986 6.49038e-09 5.31287e-06 1.78799e-05 0.000178452 0.0634802 0.00111386 0.00101459 
0.0922087 0.122885 0.011588 0.0179403 0.00188023 0.0871748 7.86431e-05 0.0113922 0.260736 0.012374 9.63262e-05 0.00100412 0.110423 0.0717585 0.112607 0.0857863 6.61576e-05 
0.0276077 0.24774 0.0020299 0.0334411 0.00500211 0.0670895 0.000173143 0.0127766 0.309478 0.019077 0.000119398 6.97409e-06 0.00755731 0.00143066 0.134918 0.119776 0.0117753 
0.0140268 0.0584251 0.0269512 0.0129155 0.00805819 0.0564513 0.0105692 0.0325821 0.393262 0.0318192 0.000518653 0.00156094 0.00830351 0.020738 0.207999 0.115727 9.2332e-05 
0.0292666 0.201541 0.00319116 0.0137153 0.0139963 0.0959415 0.00164602 0.0198029 0.213044 0.198509 0.000209606 0.00524696 0.0424412 0.018726 0.0856143 0.055972 0.00113661 
0.0499934 0.179048 0.00118936 0.00250587 0.0091462 0.0785481 3.81241e-05 0.00736708 0.582809 0.021938 0.00019217 0.000387104 0.0105936 0.00126443 0.010031 0.0448862 6.19374e-05 
0.0281276 0.277985 0.00208027 0.00679111 0.00384533 0.0637336 0.00252214 0.00991549 0.311308 0.0349637 0.000205084 0.00866441 0.0277879 0.00678092 0.124973 0.0901667 0.0001503 
0.0140044 0.127577 0.00227556 0.0316891 0.0185864 0.10476 0.00308967 0.107343 0.162509 0.0510656 0.000302844 0.00110984 0.0165162 0.0938034 0.136475 0.12859 0.000302813 
0.0333739 0.143269 0.0545741 0.0114185 0.00115407 0.0286154 0.000206633 0.0128689 0.400974 0.0287967 0.000397908 0.00024767 0.101204 0.00862789 0.073778 0.100454 3.99406e-05 
0.0180612 0.0755105 0.000527378 0.0382783 0.0127503 0.0762411 0.00333093 0.0378937 0.627595 0.020455 0.00023666 0.000135376 0.00719642 0.00902566 0.0134807 0.0586052 0.000675999 
0.0288142 0.125371 0.0275098 0.0187145 0.0237509 0.0573665 0.0143636 0.032561 0.239346 0.0313732 0.000380722 0.00452424 0.0189899 0.0105084 0.145896 0.220225 0.000306294 
0.0129908 0.190982 0.0457449 0.00987877 0.0206537 0.0433173 0.00236098 0.089763 0.357259 0.0175143 0.000150749 0.00242283 0.00966393 0.00351099 0.0611819 0.126591 0.00601312 
0.0782392 0.0794959 0.00443869 0.00280658 0.00329741 0.0179371 0.000868255 0.00393483 0.730987 0.0107576 2.07518e-05 0.000252075 0.0110869 0.0070381 0.0182271 0.03 0.000612302 
0.00676972 0.033215 0.0432429 0.0131864 0.00175275 0.0324858 0.0012102 0.0298685 0.673817 0.00421442 0.000729074 0.00354266 0.00829518 0.0306707 0.0936111 0.0232888 9.96301e-05 
0.0554274 0.263261 0.00280599 0.014614 0.00646324 0.0834793 5.03654e-06 0.0243011 0.29859 0.0328213 9.42211e-05 0.000154096 0.00863134 0.0156917 0.0238456 0.169807 7.28653e-06 
0.0892287 0.122367 0.0163918 0.0147336 0.00414868 0.0197304 0.000857271 0.024952 0.304134 0.00837365 6.59903e-05 0.00204974 0.058961 0.0158748 0.259681 0.0583495 0.000100734 
0.0403421 0.0562836 0.0558239 0.0364213 0.0995476 0.0571746 0.00476929 0.0310195 0.303043 0.0179516 1.22351e-06 0.0231309 0.135118 0.0102096 0.0430408 0.0859932 0.000129679 
0.0595683 0.245177 0.013218 0.00454096 0.00957364 0.0274615 0.00627206 0.009147 0.391577 0.0263737 0.000865918 0.00706943 0.0075836 0.0100128 0.108633 0.0728306 9.56689e-05 
0.0533364 0.0987691 0.00241121 0.02391 0.000777139 0.0341814 5.57339e-05 0.00678956 0.692581 0.0113029 0.000167106 0.000176072 0.00926818 0.00238377 0.0140134 0.0497208 0.000155811 
0.0762217 0.0755433 0.00146395 0.0202798 0.000448135 0.0307247 2.63109e-05 0.00508708 0.712164 0.00790595 1.74876e-06 2.28883e-05 0.00597072 0.00215745 0.0154639 0.0464663 5.20381e-05 
0.0431427 0.23698 0.00278186 0.0125951 0.022792 0.078412 0.0015938 0.0303421 0.354676 0.0416763 0.000203973 0.000607893 0.0228126 0.0139006 0.0570574 0.0722004 0.0082253 
0.0306002 0.17302 0.0114686 0.0893538 0.00517712 0.127122 0.000515193 0.010167 0.429879 0.0462389 0.000305304 0.00131043 0.0103106 0.00481447 0.0260392 0.0335503 0.000128048 
0.0423426 0.119318 0.00227814 0.0124031 0.00899054 0.0320883 0.00111063 0.0833415 0.539348 0.00827501 0.000308446 0.00055557 0.015885 0.0363974 0.0285552 0.0685709 0.000231978 
0.0533364 0.0987691 0.00241121 0.02391 0.000777139 0.0341814 5.57339e-05 0.00678956 0.692581 0.0113029 0.000167106 0.000176072 0.00926818 0.00238377 0.0140134 0.0497208 0.000155811 
0.00676972 0.033215 0.0432429 0.0131864 0.00175275 0.0324858 0.0012102 0.0298685 0.673817 0.00421442 0.000729074 0.00354266 0.00829518 0.0306707 0.0936111 0.0232888 9.96301e-05 
0.0448448 0.15631 0.000623772 0.00307976 0.00517688 0.0501224 1.3859e-06 0.00676815 0.667995 0.0252045 1.87238e-05 3.49221e-05 0.00437786 0.00248672 0.0107984 0.0220925 6.34676e-05 
0.0676428 0.0974723 0.00723788 0.04485 0.00471084 0.159373 0.0088943 0.0133066 0.178077 0.0448287 0.000114547 0.000152226 0.0127293 0.0619418 0.133356 0.165108 0.000204663 
0.0472671 0.177399 0.00501973 0.00732202 0.0124383 0.0303156 0.00133469 0.040504 0.528036 0.0089851 0.00024527 0.00215611 0.018993 0.0122938 0.0312919 0.0756916 0.000706745 
0.0394851 0.090652 0.00913673 0.0178795 0.0172943 0.0526071 0.00187647 0.0241854 0.543543 0.0338189 0.00927684 0.0032973 0.0333616 0.014728 0.0336911 0.0746985 0.00046858 
0.0173365 0.080961 0.00066193 0.0157976 0.00488053 0.0611707 0.00148976 0.0256239 0.505537 0.180015 0.000343586 0.00135793 0.00977856 0.0138001 0.015319 0.06554 0.000386997 
0.0365163 0.0994246 0.00572257 0.0261269 0.0172328 0.115381 0.00236897 0.0229935 0.498087 0.0145493 0.000298665 0.00703206 0.0441149 0.0092288 0.027121 0.0732182 0.000583879 
0.0125155 0.160979 0.00219659 0.00419412 0.0237772 0.0513624 0.00183317 0.0278198 0.574665 0.0225266 1.16645e-05 0.00251383 0.00413387 0.00318475 0.0449968 0.0631384 0.000151084 
0.0166638 0.0832522 0.000676227 0.0044826 0.0020259 0.0466287 0.000503528 0.0169181 0.484275 0.23919 0.000290715 0.000518229 0.00959471 0.0156449 0.0141618 0.0649582 0.000214624 
0.0317544 0.207762 0.0105115 0.0255282 0.00709969 0.0504073 0.0060081 0.0642328 0.233997 0.0568323 6.53649e-05 0.00822796 0.0118144 0.0134601 0.187582 0.0840166 0.000699665 
0.0047808 0.0607578 0.000563989 0.0161856 0.00309314 0.03257 9.62249e-05 0.0171305 0.409306 0.314994 3.52131e-06 2.86374e-05 0.00917711 0.0132267 0.0271313 0.0909414 1.3034e-05 
0.045409 0.104971 0.000762364 0.00162809 0.00177389 0.037563 1.69303e-06 0.00217867 0.747418 0.026801 7.19643e-07 2.55776e-05 0.00176517 0.000640944 0.00798566 0.0210748 5.22412e-07 
0.0409252 0.0750976 0.00932422 0.0246565 0.0356375 0.0525046 0.00386215 0.02399 0.487162 0.0172146 0.000190013 0.01103 0.0764096 0.0117476 0.0366619 0.0927773 0.000809171 
0.0256507 0.103115 0.00879961 0.00573587 0.00612435 0.0381972 0.000757683 0.0177465 0.546473 0.0426179 0.000277355 0.000806711 0.00834643 0.00358691 0.101458 0.0899306 0.000376157 
0.0546381 0.0636078 0.00248012 0.0208221 0.000675606 0.0308558 0.000245685 0.006288 0.717834 0.00749331 0.000186041 0.000199492 0.00874941 0.00192672 0.0365162 0.0473463 0.000135024 
0.0136909 0.314897 0.00252797 0.0174026 0.00212594 0.0338655 0.000826639 0.0585443 0.444933 0.0243196 7.19843e-05 0.00114427 0.011042 0.00285289 0.0255205 0.0457641 0.000470998 
0.0696937 0.108044 0.0125299 0.0175586 0.00254665 0.0988567 0.000555641 0.0117676 0.191215 0.0131064 0.000294379 0.000909823 0.128046 0.0680342 0.142042 0.134733 6.61471e-05 
0.0229043 0.122201 0.00561719 0.0160585 0.00212267 0.068467 0.000509212 0.0239507 0.337075 0.253207 0.00456082 0.000682826 0.0121548 0.0155177 0.0147298 0.100058 0.000183077 
0.0191652 0.123346 0.00108986 0.0576974 0.048834 0.0575863 0.0062141 0.0736064 0.417876 0.0163329 0.000212393 0.000216896 0.0363017 0.008748 0.0427132 0.0888832 0.00117646 
0.0193205 0.0862305 0.00780234 0.0172046 0.00296593 0.057682 0.000597818 0.0176412 0.501179 0.188794 0.000293395 0.00518706 0.0137087 0.00974275 0.029291 0.0421997 0.000159662 
0.0561549 0.140713 0.00337429 0.0288943 0.00158003 0.0324516 7.50962e-05 0.064656 0.559198 0.0098777 0.000116558 0.000121384 0.00929567 0.00342115 0.0191213 0.07084 0.000109161 
0.0825123 0.0981828 0.013045 0.00145325 0.00527029 0.0892635 4.99143e-05 0.00910413 0.653182 0.015394 3.70511e-05 4.18452e-05 0.00584086 0.00383496 0.0123396 0.0104383 1.05157e-05 
0.038516 0.0609032 0.00252294 0.00295667 0.0024741 0.0500823 0.00311274 0.00670525 0.689612 0.0512176 0.000212482 0.000112653 0.00631419 0.00160191 0.0464839 0.0368972 0.000275307 
0.0449948 0.213838 0.00412103 0.0118863 0.118351 0.110517 0.000321165 0.0122535 0.345277 0.027301 1.01113e-05 5.17032e-06 0.00247278 0.0154855 0.0464291 0.0467272 8.83613e-06 
0.111873 0.130655 0.0122422 0.00121783 0.000583471 0.0197446 0.000107594 0.00479345 0.601757 0.0140006 1.1855e-07 0.000936499 0.014583 0.000894708 0.00700084 0.0793745 0.000235997 
0.0488979 0.137216 0.00309457 0.0139619 0.00560083 0.0793912 0.00787467 0.017858 0.452605 0.0401355 0.000191583 0.00199819 0.0243516 0.012182 0.0731397 0.0812113 0.000290248 
0.0952651 0.173241 0.0283872 0.015918 0.0099747 0.0378209 0.00546709 0.0950432 0.331611 0.00695511 6.8936e-05 0.00713289 0.0220444 0.00764323 0.0901608 0.0730363 0.000230072 
0.0166638 0.0832522 0.000676227 0.0044826 0.0020259 0.0466287 0.000503528 0.0169181 0.484275 0.23919 0.000290715 0.000518229 0.00959471 0.0156449 0.0141618 0.0649582 0.000214624 
0.0431964 0.116554 0.00149844 0.0235205 0.0100434 0.0708826 1.02854e-05 0.00764281 0.445536 0.140987 2.79032e-05 0.00021651 0.0132116 0.00913103 0.0406539 0.0768567 3.01905e-05 
0.0322368 0.0567484 0.0105272 0.0253988 0.0672877 0.0485986 0.00498344 0.0475903 0.532353 0.00832627 0.000288525 0.00868845 0.0207327 0.00536033 0.0428049 0.0874687 0.000605533 
0.00676972 0.033215 0.0432429 0.0131864 0.00175275 0.0324858 0.0012102 0.0298685 0.673817 0.00421442 0.000729074 0.00354266 0.00829518 0.0306707 0.0936111 0.0232888 9.96301e-05 
0.0180612 0.0755105 0.000527378 0.0382783 0.0127503 0.0762411 0.00333093 0.0378937 0.627595 0.020455 0.00023666 0.000135376 0.00719642 0.00902566 0.0134807 0.0586052 0.000675999 
0.0618096 0.359157 0.00780861 0.00243703 5.23933e-05 0.00249889 0.00011473 0.0408084 0.360294 0.0142445 6.06665e-12 4.54383e-05 0.042234 0.0089859 0.0683059 0.0303607 0.000842629 
0.116228 0.130792 0.020151 0.00224908 0.00208851 0.0810427 0.0236067 0.00950123 0.453298 0.01541 0.000315762 0.000299004 0.00968198 0.0014019 0.0882371 0.0456289 6.78048e-05 
0.0166638 0.0832522 0.000676227 0.0044826 0.0020259 0.0466287 0.000503528 0.0169181 0.484275 0.23919 0.000290715 0.000518229 0.00959471 0.0156449 0.0141618 0.0649582 0.000214624 
0.0642816 0.0908954 0.011709 0.02526 0.0219522 0.0908629 0.00356741 0.0697083 0.444451 0.0140734 0.00053985 0.00334555 0.0409661 0.00937617 0.0496064 0.0588437 0.000561116 
0.0210469 0.0634153 0.0119397 0.0195245 0.0409274 0.047055 0.00400351 0.0139918 0.608206 0.0172851 0.000248551 0.0117574 0.0725853 0.00825832 0.0170801 0.0420371 0.00063851 
0.0222546 0.112292 0.0158424 0.00857716 0.0020199 0.0409894 0.000743771 0.0155553 0.699271 0.00849684 0.000185304 0.00187833 0.00549102 0.00499768 0.039956 0.0212046 0.000244404 
0.0365677 0.0645301 0.00673176 0.0201763 0.0583746 0.0718101 0.00131503 0.0320176 0.523684 0.0144758 0.000189763 0.00484096 0.0327325 0.0169887 0.0294998 0.0858256 0.000239544 
0.0930099 0.137609 0.0489626 0.0138311 0.0618681 0.0664603 0.00226646 0.0612591 0.302748 0.0107534 0.000201985 0.00646939 0.0152195 0.00992729 0.0507336 0.117021 0.00165872 
0.0327491 0.107845 0.00455569 0.0148838 0.0119352 0.0551248 0.00119036 0.0291143 0.49799 0.103445 0.000286829 0.00509454 0.0230613 0.0149345 0.0350715 0.0624444 0.000273026 
0.111695 0.188599 0.00297366 0.0133329 0.021342 0.25952 0.000452455 0.011611 0.259734 0.0374635 4.59368e-06 5.09628e-06 0.0177561 0.0182738 0.018833 0.038404 5.02762e-08 
0.0415425 0.0786565 0.0189482 0.0342645 0.0907658 0.0518068 0.00814835 0.119977 0.232134 0.0219102 0.000278133 0.0101004 0.0370617 0.00890894 0.0552704 0.189533 0.000693384 
0.0191873 0.070684 0.0177909 0.0241404 0.0311055 0.0553102 0.0048521 0.0341926 0.609334 0.0184782 0.000341491 0.00755586 0.0230983 0.00703404 0.0220468 0.0542571 0.000591653 
0.0166638 0.0832522 0.000676227 0.0044826 0.0020259 0.0466287 0.000503528 0.0169181 0.484275 0.23919 0.000290715 0.000518229 0.00959471 0.0156449 0.0141618 0.0649582 0.000214624 
0.0313314 0.100845 0.00325111 0.00514668 0.00119187 0.0332584 0.00756285 0.016182 0.402229 0.207973 0.000104969 0.00216538 0.0210332 0.00260507 0.0795849 0.0853328 0.000201456 
0.0584719 0.0666173 0.00753133 0.00598092 0.00466584 0.0371915 0.00264499 0.0481172 0.657268 0.0205375 0.000820727 0.000222127 0.00513548 0.00139488 0.0527884 0.0305227 8.92267e-05 
0.149397 0.113575 0.00325682 0.00172497 0.000234909 0.0128654 0.00808308 0.00314057 0.589576 0.00248544 6.35851e-05 0.000869406 0.0352221 0.00181997 0.0259943 0.0507384 0.000953467 
0.0161906 0.0990516 0.0995964 0.0128978 0.0433721 0.0459686 0.00404923 0.0162889 0.519866 0.0198418 0.000279073 0.00982223 0.0254526 0.00353999 0.0253509 0.0577638 0.000668455 
0.0633236 0.147251 0.00722039 0.014318 0.00466503 0.0870829 0.000240513 0.0117275 0.424181 0.0211738 0.000186835 0.00035477 0.0471038 0.0282684 0.0637051 0.0790884 0.000109059 
0.0539921 0.120944 0.00328917 0.0286316 0.000707797 0.0477237 5.42117e-06 0.0051544 0.656881 0.0136518 1.51223e-06 1.11102e-05 0.00819524 0.00188856 0.0113661 0.047511 4.46134e-05 
0.0448448 0.15631 0.000623772 0.00307976 0.00517688 0.0501224 1.3859e-06 0.00676815 0.667995 0.0252045 1.87238e-05 3.49221e-05 0.00437786 0.00248672 0.0107984 0.0220925 6.34676e-05 
0.0173945 0.0383555 0.00446508 0.0343798 0.0823864 0.0415416 0.0110008 0.0876033 0.531111 0.011208 0.000222177 0.00817882 0.0280712 0.00936485 0.0177264 0.0758044 0.00118647 
0.0160607 0.0817155 0.00234755 0.00845776 0.00351316 0.0401672 0.00097944 0.0162412 0.737186 0.0145721 0.000228724 0.00884861 0.0110582 0.00391149 0.0295279 0.025118 6.70044e-05 
0.0184729 0.127108 0.000958773 0.00593403 0.0108576 0.0448288 0.000344303 0.0314038 0.349128 0.257228 3.06487e-05 2.42694e-05 0.0070573 0.0204207 0.0396855 0.0858661 0.000652116 
0.0236687 0.0808706 0.0221304 0.0173825 0.0618007 0.246328 0.00863882 0.0167548 0.262326 0.0182826 0.000350854 0.0114401 0.0329885 0.00536676 0.071474 0.119988 0.000209002 
0.030503 0.0806941 0.0100009 0.0113913 0.0119977 0.0514104 0.00248783 0.0127394 0.664261 0.0243748 0.000307314 0.00508686 0.0240424 0.00534474 0.0300178 0.0349352 0.000405291 
0.0323367 0.108371 0.00763324 0.00678118 0.0142847 0.0407706 0.00181073 0.0181408 0.551945 0.0230645 0.00322285 0.00191338 0.0114394 0.00384517 0.110825 0.0632578 0.000358108 
0.0705452 0.117023 0.0110986 0.0143131 0.00259227 0.143863 0.000225231 0.0213778 0.241248 0.131113 0.00166678 0.000302679 0.0246233 0.0102967 0.0455701 0.164071 6.97142e-05 
0.0433119 0.176289 0.00356004 0.0363009 0.0135579 0.0938743 0.00211029 0.0363392 0.390984 0.0536865 0.000373658 0.000476836 0.00847482 0.0155068 0.0481793 0.0756305 0.00134468 
0.0113283 0.386326 0.00226144 0.00185403 0.00104895 0.0300808 0.000144449 0.0263909 0.476343 0.0183272 0.000414664 7.69361e-05 0.00441562 0.00141907 0.011495 0.0279724 0.000101062 
0.0306908 0.123762 0.00814129 0.0141962 0.0245583 0.0632519 0.00762981 0.0224305 0.477938 0.0218702 0.0106609 0.00279709 0.0198033 0.0117645 0.0598503 0.100154 0.000501115 
0.05921 0.190717 0.00993127 0.0216552 0.0058367 0.0688662 0.00222484 0.0361359 0.260289 0.053865 0.000295275 0.000732714 0.0291577 0.0118284 0.0845028 0.164271 0.000481501 
0.0420626 0.156134 0.0630928 0.00910069 0.00169667 0.0504504 0.00314426 0.0149825 0.363774 0.0140298 0.000319058 0.000981164 0.0215354 0.00412298 0.0865974 0.167937 3.91675e-05 
0.0448448 0.15631 0.000623772 0.00307976 0.00517688 0.0501224 1.3859e-06 0.00676815 0.667995 0.0252045 1.87238e-05 3.49221e-05 0.00437786 0.00248672 0.0107984 0.0220925 6.34676e-05 
0.0423426 0.119318 0.00227814 0.0124031 0.00899054 0.0320883 0.00111063 0.0833415 0.539348 0.00827501 0.000308446 0.00055557 0.015885 0.0363974 0.0285552 0.0685709 0.000231978 
0.0431202 0.194608 0.0071716 0.0241567 0.0131451 0.0736813 0.00763344 0.0608312 0.247747 0.0561848 0.000238388 0.00781899 0.0218951 0.0306917 0.0848996 0.125621 0.000555167 
0.0273238 0.0925033 0.00251322 0.0201749 0.00445804 0.263029 0.000757227 0.0136653 0.432043 0.0766371 0.000250343 0.00255514 0.00830552 0.00757397 0.013452 0.0346376 0.00012032 
0.045409 0.104971 0.000762364 0.00162809 0.00177389 0.037563 1.69303e-06 0.00217867 0.747418 0.026801 7.19643e-07 2.55776e-05 0.00176517 0.000640944 0.00798566 0.0210748 5.22412e-07 
0.0644483 0.133913 0.00835588 0.0189978 0.0112357 0.12046 0.00642208 0.0298426 0.304513 0.0283532 0.000452942 0.00166387 0.0221939 0.0260457 0.112304 0.110688 0.000109439 
0.0210469 0.0634153 0.0119397 0.0195245 0.0409274 0.047055 0.00400351 0.0139918 0.608206 0.0172851 0.000248551 0.0117574 0.0725853 0.00825832 0.0170801 0.0420371 0.00063851 
0.00676972 0.033215 0.0432429 0.0131864 0.00175275 0.0324858 0.0012102 0.0298685 0.673817 0.00421442 0.000729074 0.00354266 0.00829518 0.0306707 0.0936111 0.0232888 9.96301e-05 
0.0264846 0.218604 0.00764708 0.0142653 0.00381587 0.0478542 0.00461501 0.0240574 0.246873 0.0196598 0.00231991 0.000400885 0.0391058 0.00710838 0.14473 0.192411 4.82394e-05 
0.0400427 0.0808169 0.0212254 0.016118 0.0172218 0.049747 0.00344337 0.0174813 0.598524 0.0259133 0.000256216 0.00391294 0.0315068 0.00594213 0.0304227 0.0569029 0.000522768 
0.00676972 0.033215 0.0432429 0.0131864 0.00175275 0.0324858 0.0012102 0.0298685 0.673817 0.00421442 0.000729074 0.00354266 0.00829518 0.0306707 0.0936111 0.0232888 9.96301e-05 
0.0409252 0.0750976 0.00932422 0.0246565 0.0356375 0.0525046 0.00386215 0.02399 0.487162 0.0172146 0.000190013 0.01103 0.0764096 0.0117476 0.0366619 0.0927773 0.000809171 
0.0281684 0.13891 0.00790855 0.0158869 0.0196646 0.0481837 0.012244 0.0423454 0.419224 0.0221077 0.000181945 0.00255503 0.031988 0.0132177 0.108272 0.0887741 0.000368884 
0.046958 0.277315 0.00479971 0.0252271 0.0137924 0.0592104 0.000671577 0.0423098 0.3402 0.0242009 0.000254695 0.000456016 0.0453383 0.00786711 0.0342597 0.0686493 0.00848937 
0.0664922 0.144675 0.00137432 0.0280057 0.0169884 0.113759 0.00123437 0.0249542 0.196344 0.0679575 0.000429074 0.00346283 0.0233437 0.0420537 0.10858 0.160059 0.000286842 
0.00676972 0.033215 0.0432429 0.0131864 0.00175275 0.0324858 0.0012102 0.0298685 0.673817 0.00421442 0.000729074 0.00354266 0.00829518 0.0306707 0.0936111 0.0232888 9.96301e-05 
0.0446777 0.111382 0.00162345 0.00295762 0.00220012 0.0447839 5.4e-05 0.00433968 0.712694 0.0259846 0.000272421 0.000523399 0.00633238 0.0013843 0.00987902 0.0308454 6.59361e-05 
0.00676972 0.033215 0.0432429 0.0131864 0.00175275 0.0324858 0.0012102 0.0298685 0.673817 0.00421442 0.000729074 0.00354266 0.00829518 0.0306707 0.0936111 0.0232888 9.96301e-05 
0.0364281 0.3061 0.00281954 0.0178907 0.00417933 0.0733088 0.0027359 0.0127253 0.383135 0.0224901 0.000211608 0.00125609 0.00989318 0.00889739 0.0657184 0.0521021 0.00010836 
0.00676972 0.033215 0.0432429 0.0131864 0.00175275 0.0324858 0.0012102 0.0298685 0.673817 0.00421442 0.000729074 0.00354266 0.00829518 0.0306707 0.0936111 0.0232888 9.96301e-05 
0.0443743 0.105432 0.0153022 0.00986772 0.00540174 0.0475519 0.000188871 0.025377 0.485122 0.0103109 5.67304e-05 0.00200274 0.0209638 0.0119326 0.108428 0.107617 7.00904e-05 
0.0446777 0.111382 0.00162345 0.00295762 0.00220012 0.0447839 5.4e-05 0.00433968 0.712694 0.0259846 0.000272421 0.000523399 0.00633238 0.0013843 0.00987902 0.0308454 6.59361e-05 
0.070385 0.0981262 0.00653653 0.0043367 0.000493681 0.0189815 0.000463082 0.00648712 0.685038 0.0136177 8.75737e-06 0.000496851 0.050675 0.00352862 0.0154968 0.0252593 6.94923e-05 
0.00672885 0.222183 0.00147919 0.00686438 0.00250473 0.0149809 0.0471205 0.0579417 0.288751 0.0128176 1.09098e-05 0.000897442 0.0596946 0.0111418 0.205 0.056599 0.00528511 
0.0555604 0.175119 0.00255431 0.00847677 0.0579548 0.133295 0.00134224 0.0331493 0.417664 0.0406284 0.000174351 0.00180775 0.0119063 0.00843103 0.0259483 0.0259455 4.199e-05 
0.0508452 0.211121 0.00808323 0.0327059 0.00864563 0.0765179 0.00317151 0.0315551 0.327548 0.0528482 0.000625233 0.0043721 0.0273291 0.0151339 0.0639901 0.0849719 0.000535255 
0.088733 0.205549 0.00323795 0.015759 0.00195277 0.0427567 0.00131832 0.0410504 0.464943 0.006493 0.000146343 0.000201029 0.00531417 0.0222222 0.0586928 0.0408576 0.00077281 
0.0302898 0.133979 0.00552856 0.0201469 0.0111268 0.097242 0.00832719 0.0249834 0.330988 0.119977 0.00102945 0.00507261 0.0228412 0.0178644 0.0687981 0.101185 0.000620559 
0.0829321 0.0947124 0.00628573 0.00356763 0.000341491 0.0170275 0.00012516 0.00523232 0.680662 0.0151077 1.10004e-07 7.22072e-05 0.0538065 0.00321499 0.0155609 0.0213427 8.8784e-06 
0.0210469 0.0634153 0.0119397 0.0195245 0.0409274 0.047055 0.00400351 0.0139918 0.608206 0.0172851 0.000248551 0.0117574 0.0725853 0.00825832 0.0170801 0.0420371 0.00063851 
0.0184222 0.0983146 0.00346882 0.0324769 0.0214265 0.0659843 0.00347578 0.0432371 0.609522 0.0129602 0.000297542 0.00515723 0.0172905 0.00801355 0.0179768 0.0415548 0.000421556 
0.0255242 0.103639 0.00129775 0.00957165 0.0031737 0.114687 0.000767576 0.0175382 0.41689 0.199395 0.000467439 0.0016877 0.0104547 0.0157708 0.0164457 0.0623745 0.00031548 
0.0291313 0.168458 0.00117234 0.0022397 0.00767583 0.0347376 2.67474e-05 0.0058188 0.646873 0.0632941 0.000194416 0.000368713 0.0105371 0.00114439 0.00772076 0.0205448 6.22914e-05 
0.0546381 0.0636078 0.00248012 0.0208221 0.000675606 0.0308558 0.000245685 0.006288 0.717834 0.00749331 0.000186041 0.000199492 0.00874941 0.00192672 0.0365162 0.0473463 0.000135024 
0.0677737 0.187501 0.00303063 0.0349875 0.0331516 0.0756404 0.000252375 0.0118811 0.345256 0.0342087 0.000214124 0.000171785 0.0346874 0.00628287 0.0915982 0.073229 0.000133683 
0.0251265 0.129094 0.097669 0.0195851 0.00652176 0.072072 0.00146373 0.0199019 0.429558 0.0531515 0.000347756 0.00200352 0.0111541 0.0107855 0.0503861 0.0701069 0.00107302 
0.0533364 0.0987691 0.00241121 0.02391 0.000777139 0.0341814 5.57339e-05 0.00678956 0.692581 0.0113029 0.000167106 0.000176072 0.00926818 0.00238377 0.0140134 0.0497208 0.000155811 
0.0420601 0.137039 0.00880634 0.0106382 0.0153381 0.0222894 0.00135409 0.0126683 0.583433 0.0154833 8.33267e-05 0.00665805 0.0579136 0.00672337 0.0225246 0.056675 0.000312129 
0.0222546 0.112292 0.0158424 0.00857716 0.0020199 0.0409894 0.000743771 0.0155553 0.699271 0.00849684 0.000185304 0.00187833 0.00549102 0.00499768 0.039956 0.0212046 0.000244404 
0.0208114 0.108643 0.00121652 0.010596 0.0105057 0.113763 0.000690126 0.018639 0.473247 0.161585 0.00024617 0.00101403 0.00854417 0.0114259 0.0167903 0.0420865 0.000196104 
0.0144351 0.0756397 0.00440933 0.00739031 0.00693355 0.0404888 0.00148481 0.0110191 0.756852 0.0123752 0.000337623 0.000245368 0.00699041 0.00211555 0.0280089 0.0311934 8.0882e-05 
0.0512788 0.20277 0.0126134 0.0268361 0.00885638 0.096947 0.00262227 0.0350906 0.352775 0.0241001 0.00109143 0.00197217 0.0304274 0.0223924 0.0423129 0.0873371 0.000577126 
0.0448448 0.15631 0.000623772 0.00307976 0.00517688 0.0501224 1.3859e-06 0.00676815 0.667995 0.0252045 1.87238e-05 3.49221e-05 0.00437786 0.00248672 0.0107984 0.0220925 6.34676e-05 
0.0782392 0.0794959 0.00443869 0.00280658 0.00329741 0.0179371 0.000868255 0.00393483 0.730987 0.0107576 2.07518e-05 0.000252075 0.0110869 0.0070381 0.0182271 0.03 0.000612302 
0.0338419 0.207028 0.00717522 0.0197022 0.00368418 0.0419919 0.00258417 0.034915 0.398012 0.0140211 0.00100961 0.000745532 0.0660724 0.00942822 0.0828262 0.0769431 1.97485e-05 
0.0402108 0.0428157 0.0098039 0.0332624 0.0522412 0.108877 0.00130389 0.028266 0.481603 0.0141008 0.000186049 0.00648436 0.0489939 0.0268459 0.0247127 0.0800567 0.000235579 
0.0127853 0.111363 0.000431912 0.00242734 0.00195206 0.033505 0.000513787 0.0255232 0.727776 0.00533538 0.000284873 6.27034e-05 0.000501685 0.00505155 0.0242394 0.0478058 0.000441297 
0.0100592 0.0228811 0.00311505 0.0424003 0.169438 0.0324032 0.0133579 0.0653926 0.471508 0.00525778 0.000257597 0.00879071 0.0247228 0.00374846 0.0243836 0.101098 0.0011865 
0.0199108 0.0397592 0.00147058 0.0445163 0.171519 0.0739862 0.000594835 0.0320821 0.405448 0.00474017 2.69264e-05 0.00047505 0.0589532 0.0160459 0.0123382 0.117846 0.000287002 
0.0371307 0.163187 0.0109063 0.0182375 0.0345049 0.0660834 0.00401566 0.032458 0.203686 0.103173 0.000201969 0.00223914 0.0183448 0.014271 0.151212 0.109153 0.0311958 
0.0148157 0.241159 0.000999978 0.0289857 0.00388318 0.143338 0.00670288 0.0567448 0.379349 0.0181972 0.000251988 0.00268861 0.00461917 0.00606577 0.048524 0.0432693 0.000406812 
0.126481 0.146152 0.020331 0.00886269 0.00816851 0.0546332 0.0028144 0.018051 0.259792 0.00910312 2.9646e-05 6.74523e-05 0.0460146 0.00912821 0.247366 0.0428162 0.000188278 
0.0344318 0.0572942 0.00119703 0.0291098 0.00660754 0.26639 7.24094e-05 0.0140747 0.438236 0.013637 0.00034812 0.000285863 0.0159374 0.0490042 0.013433 0.0597962 0.000144727 
0.0609626 0.0457705 0.0198147 0.0167799 0.00462875 0.0840144 0.000395753 0.0261161 0.595217 0.0199314 3.67084e-05 0.00676876 0.0173814 0.0376003 0.0334382 0.0310974 4.56467e-05 
0.00676972 0.033215 0.0432429 0.0131864 0.00175275 0.0324858 0.0012102 0.0298685 0.673817 0.00421442 0.000729074 0.00354266 0.00829518 0.0306707 0.0936111 0.0232888 9.96301e-05 
0.0533364 0.0987691 0.00241121 0.02391 0.000777139 0.0341814 5.57339e-05 0.00678956 0.692581 0.0113029 0.000167106 0.000176072 0.00926818 0.00238377 0.0140134 0.0497208 0.000155811 
0.122637 0.149674 0.00181017 0.0148259 0.0065912 0.181133 0.000372152 0.0849329 0.191148 0.021603 4.17055e-05 4.15129e-05 0.00721973 0.00660073 0.0485683 0.162635 0.000164754 
0.052856 0.124547 0.00298394 0.021845 0.00268691 0.125006 0.000517178 0.0120073 0.528791 0.0407159 0.000327558 0.00166233 0.0103696 0.00541535 0.0158077 0.0542122 0.000248689 
0.0364188 0.0907508 0.010776 0.0113243 0.0131684 0.0500812 0.00904432 0.0202626 0.414008 0.139002 0.000251098 0.00419881 0.0295691 0.00938051 0.0954607 0.0656213 0.000682064 
0.00676972 0.033215 0.0432429 0.0131864 0.00175275 0.0324858 0.0012102 0.0298685 0.673817 0.00421442 0.000729074 0.00354266 0.00829518 0.0306707 0.0936111 0.0232888 9.96301e-05 
0.0113283 0.386326 0.00226144 0.00185403 0.00104895 0.0300808 0.000144449 0.0263909 0.476343 0.0183272 0.000414664 7.69361e-05 0.00441562 0.00141907 0.011495 0.0279724 0.000101062 
0.0386047 0.0719764 0.00778519 0.0179059 0.00764404 0.0576698 0.00107429 0.0189715 0.507638 0.129388 0.000258953 0.00445966 0.0262371 0.016437 0.0271452 0.0664915 0.00031277 
0.0329598 0.111057 0.00384543 0.0689864 0.0119063 0.0802599 0.00419997 0.0226021 0.376725 0.0386345 0.000218449 0.00015257 0.0229089 0.00720183 0.142324 0.0757672 0.000250772 
0.0305763 0.0827427 0.00592737 0.0133654 0.00448265 0.111689 0.00101777 0.0177748 0.608136 0.0336192 0.000303563 0.00317563 0.0118481 0.0116014 0.0261962 0.0373621 0.00018164 
0.0267783 0.109449 0.00304839 0.0324367 0.0596286 0.0798095 0.00275615 0.0321069 0.272336 0.0495308 0.000979518 0.0169626 0.0779101 0.0144957 0.115459 0.106037 0.000275346 
0.0127853 0.111363 0.000431912 0.00242734 0.00195206 0.033505 0.000513787 0.0255232 0.727776 0.00533538 0.000284873 6.27034e-05 0.000501685 0.00505155 0.0242394 0.0478058 0.000441297 
0.021286 0.155347 0.00277031 0.00578151 0.00516851 0.045627 0.00275781 0.0174478 0.4668 0.0345787 0.000745694 0.00058753 0.0194621 0.0032966 0.163172 0.0550098 0.000161853 
0.0423426 0.119318 0.00227814 0.0124031 0.00899054 0.0320883 0.00111063 0.0833415 0.539348 0.00827501 0.000308446 0.00055557 0.015885 0.0363974 0.0285552 0.0685709 0.000231978 
0.0536324 0.224904 0.0677737 0.00599285 0.00209924 0.0473976 0.00160736 0.0105141 0.345529 0.0279806 9.07811e-05 0.000346262 0.070029 0.00662416 0.0837913 0.0516423 4.50869e-05 
0.0515268 0.0876989 0.00348904 0.00326552 0.00210571 0.02966 0.0013991 0.00860613 0.709153 0.019891 0.000124885 0.000418417 0.0171394 0.0039403 0.0264287 0.0348024 0.000350558 
0.0609626 0.0457705 0.0198147 0.0167799 0.00462875 0.0840144 0.000395753 0.0261161 0.595217 0.0199314 3.67084e-05 0.00676876 0.0173814 0.0376003 0.0334382 0.0310974 4.56467e-05 
0.0557735 0.224548 0.00201663 0.00532269 0.00328789 0.0207436 0.0654207 0.012493 0.336948 0.0115885 0.00142442 0.000490733 0.0181889 0.00722973 0.147591 0.0868665 6.59797e-05 
0.043061 0.106631 0.00208628 0.0244624 0.0210532 0.206871 0.0221976 0.040265 0.215921 0.00672508 0.00113319 0.00552137 0.0510262 0.0306642 0.119169 0.103057 0.000155328 
0.038516 0.0609032 0.00252294 0.00295667 0.0024741 0.0500823 0.00311274 0.00670525 0.689612 0.0512176 0.000212482 0.000112653 0.00631419 0.00160191 0.0464839 0.0368972 0.000275307 
0.0408095 0.135461 0.00859171 0.0131258 0.0010534 0.0456111 0.000654567 0.0123717 0.653164 0.0123854 0.000143154 0.00114051 0.0266942 0.00567799 0.0202683 0.0226999 0.000147409 
0.0246133 0.121572 0.00162865 0.0194901 0.00693609 0.0609273 0.00124092 0.0289533 0.306957 0.259597 0.000607594 0.00654651 0.0275686 0.0130245 0.0515253 0.0685321 0.000279699 
0.0300642 0.0368954 0.0011331 0.0312078 0.130937 0.0694315 0.00167861 0.0354892 0.417675 0.00624414 0.000209146 0.00245944 0.0597182 0.00907606 0.0165157 0.150802 0.000463372 
0.0300642 0.0368954 0.0011331 0.0312078 0.130937 0.0694315 0.00167861 0.0354892 0.417675 0.00624414 0.000209146 0.00245944 0.0597182 0.00907606 0.0165157 0.150802 0.000463372 
0.0696937 0.108044 0.0125299 0.0175586 0.00254665 0.0988567 0.000555641 0.0117676 0.191215 0.0131064 0.000294379 0.000909823 0.128046 0.0680342 0.142042 0.134733 6.61471e-05 
0.0488195 0.0670529 0.00762179 0.0166195 0.0171032 0.199903 0.00159979 0.0187833 0.343024 0.00669238 2.32499e-05 0.00174033 0.0703556 0.00445531 0.0782998 0.117458 0.000449374 
0.0918047 0.0756858 0.0144239 0.04123 0.00319089 0.0549523 0.000536741 0.125747 0.320481 0.00658067 1.51602e-06 6.11722e-06 0.0141917 0.00557458 0.185482 0.0601033 7.82117e-06 
0.0533063 0.249825 0.00488458 0.0241199 0.0140224 0.0791275 0.00315058 0.0285791 0.286905 0.056034 0.000724071 0.00248312 0.048079 0.0135725 0.0541423 0.0793223 0.00172239 
0.0334791 0.128442 0.00559536 0.0316559 0.0168505 0.0842419 0.00821848 0.023292 0.394756 0.0174495 0.000316347 0.00884025 0.0557369 0.0182068 0.0682558 0.104282 0.000381702 
0.0570891 0.0745361 0.00942161 0.00794833 0.00822955 0.0286895 0.0032657 0.0981256 0.597274 0.00359425 0.000996429 0.000265327 0.00495061 0.00169146 0.0704843 0.0334359 2.2591e-06 
0.0183973 0.0768569 0.000593409 0.0418993 0.0126682 0.0762889 0.00393754 0.0390223 0.618834 0.0204837 0.000316553 0.000493133 0.00778564 0.0100106 0.0134844 0.0582059 0.000722328 
0.0981588 0.0775559 0.00742459 0.010631 0.00255214 0.247569 0.000204329 0.014934 0.412413 0.0426254 0.000372476 9.58334e-05 0.00770072 0.00498058 0.0265187 0.0460869 0.00017688 
0.00676972 0.033215 0.0432429 0.0131864 0.00175275 0.0324858 0.0012102 0.0298685 0.673817 0.00421442 0.000729074 0.00354266 0.00829518 0.0306707 0.0936111 0.0232888 9.96301e-05 
0.0122508 0.144709 0.00426065 0.0195803 0.0158945 0.0339507 0.00238165 0.0747605 0.369997 0.0150396 0.000281227 0.000626299 0.0103596 0.0141128 0.101897 0.179381 0.000517278 
0.0372769 0.0895051 0.00570814 0.0103175 0.0050062 0.0557279 0.00256176 0.0178845 0.576675 0.0603247 0.000267248 0.0027589 0.0186049 0.00894015 0.0403762 0.0678119 0.000252825 
0.0146715 0.315658 0.000199693 0.0135167 0.0111719 0.0835318 1.68682e-06 0.0038852 0.384577 0.0337163 1.04102e-07 2.53595e-05 0.000723163 0.039556 0.0189821 0.0797817 2.21983e-06 
0.0430805 0.086689 0.00848768 0.023508 0.02137 0.0834834 0.00300151 0.0713393 0.329547 0.0367629 0.000249336 0.00324212 0.0250554 0.0222996 0.0734572 0.168095 0.000331831 
0.0222546 0.112292 0.0158424 0.00857716 0.0020199 0.0409894 0.000743771 0.0155553 0.699271 0.00849684 0.000185304 0.00187833 0.00549102 0.00499768 0.039956 0.0212046 0.000244404 
0.0361296 0.277129 0.0163001 0.00509012 0.00744808 0.0659155 0.00070896 0.021294 0.413002 0.0425771 3.24916e-06 0.00289755 0.0299325 0.00614889 0.0425006 0.0325241 0.000399197 
0.0550665 0.143516 0.00848721 0.0142432 0.00533203 0.166102 2.154e-05 0.023857 0.356911 0.0677862 1.86269e-05 0.00165693 0.017518 0.0035011 0.105925 0.0298421 0.00021522 
0.0201874 0.0645548 0.0283353 0.0292268 0.0473693 0.0612792 0.00646457 0.0458386 0.550652 0.0199437 0.000336027 0.00490401 0.0194075 0.00758522 0.0211362 0.0718581 0.000921532 
0.0403812 0.2358 0.006894 0.0258392 0.0136134 0.0742256 0.00498181 0.0444046 0.240512 0.049525 0.00330968 0.00333928 0.0283881 0.0155568 0.099236 0.110761 0.00323235 
0.0153384 0.179397 0.0154166 0.00811728 0.00319574 0.039644 0.005031 0.158866 0.27917 0.0328386 5.28267e-05 0.00895973 0.00525245 0.00511208 0.194348 0.0468786 0.00238252 
0.0166638 0.0832522 0.000676227 0.0044826 0.0020259 0.0466287 0.000503528 0.0169181 0.484275 0.23919 0.000290715 0.000518229 0.00959471 0.0156449 0.0141618 0.0649582 0.000214624 
0.00976482 0.0884839 0.00253873 0.00201087 0.00125756 0.00540969 0.0286226 0.0229156 0.450137 0.00338986 8.13222e-05 0.00217997 0.00342356 0.000749901 0.175978 0.20296 9.55468e-05 
0.00676972 0.033215 0.0432429 0.0131864 0.00175275 0.0324858 0.0012102 0.0298685 0.673817 0.00421442 0.000729074 0.00354266 0.00829518 0.0306707 0.0936111 0.0232888 9.96301e-05 
0.0533364 0.0987691 0.00241121 0.02391 0.000777139 0.0341814 5.57339e-05 0.00678956 0.692581 0.0113029 0.000167106 0.000176072 0.00926818 0.00238377 0.0140134 0.0497208 0.000155811 
0.058013 0.136915 0.0016219 0.0205235 0.0356125 0.114595 0.0252244 0.0364368 0.209517 0.144716 0.000254683 0.0259437 0.0079581 0.0270761 0.0663604 0.0891192 0.000112185 
0.0385964 0.165888 0.00665545 0.0179835 0.0121602 0.0837564 0.0058168 0.0416274 0.223277 0.0845597 0.0100544 0.00499019 0.0313714 0.0179214 0.110939 0.144091 0.000311491 
0.0100592 0.0228811 0.00311505 0.0424003 0.169438 0.0324032 0.0133579 0.0653926 0.471508 0.00525778 0.000257597 0.00879071 0.0247228 0.00374846 0.0243836 0.101098 0.0011865 
0.0127853 0.111363 0.000431912 0.00242734 0.00195206 0.033505 0.000513787 0.0255232 0.727776 0.00533538 0.000284873 6.27034e-05 0.000501685 0.00505155 0.0242394 0.0478058 0.000441297 
0.0745095 0.221083 5.27028e-06 1.09872e-14 0.000325602 0.00947628 0.0172762 1.71055e-10 0.492802 0.00529937 2.00664e-09 7.91514e-07 4.35209e-09 1.75405e-08 0.1555 0.0237223 7.63017e-08 
0.0681332 0.0579672 0.0175944 0.0148738 0.00455523 0.0827419 0.000328843 0.0326458 0.532647 0.0367311 3.2007e-05 0.00561031 0.0175515 0.0343611 0.0455107 0.0486783 3.77091e-05 
0.0400361 0.299291 0.00275021 0.0158612 0.00653223 0.121035 0.0011764 0.0109073 0.301558 0.0861603 0.000349273 0.00120045 0.0200371 0.0126892 0.0364804 0.0431903 0.000746007 
0.045409 0.104971 0.000762364 0.00162809 0.00177389 0.037563 1.69303e-06 0.00217867 0.747418 0.026801 7.19643e-07 2.55776e-05 0.00176517 0.000640944 0.00798566 0.0210748 5.22412e-07 
0.0206618 0.178622 0.00184938 0.0319984 0.00675971 0.106537 0.00137999 0.0803696 0.210811 0.116282 0.000211508 0.00191596 0.0229206 0.0131749 0.0577429 0.148308 0.000455843 
0.051379 0.143102 0.0185695 0.0174292 0.0153646 0.0807571 0.0073736 0.0249764 0.393092 0.0256275 0.000148943 0.00679517 0.0543955 0.0135049 0.0878361 0.057861 0.00178716 
0.0313649 0.204994 0.0229913 0.03323 0.0139506 0.0766057 0.0139044 0.0196561 0.236677 0.0174687 0.000670847 0.00893201 0.03288 0.00671191 0.132303 0.147185 0.00047466 
0.0127853 0.111363 0.000431912 0.00242734 0.00195206 0.033505 0.000513787 0.0255232 0.727776 0.00533538 0.000284873 6.27034e-05 0.000501685 0.00505155 0.0242394 0.0478058 0.000441297 
0.042677 0.286028 0.00166878 0.0293184 0.00822943 0.0689663 0.000221025 0.0214071 0.34552 0.0289489 1.58653e-05 0.00636162 0.0178815 0.0102311 0.0821974 0.0501855 0.000141627 
0.070841 0.12492 0.00533178 0.021 0.0125133 0.0619201 0.00965797 0.023182 0.410888 0.0155911 0.000317762 0.00147689 0.0227632 0.0138124 0.118775 0.0862221 0.000787174 
0.0671788 0.0452796 0.00112057 0.00370323 0.00147457 0.0119204 0.000313552 0.00660059 0.434111 0.025838 5.9475e-05 0.000581557 0.00393869 0.0256158 0.345699 0.0234321 0.00313266 
0.00676972 0.033215 0.0432429 0.0131864 0.00175275 0.0324858 0.0012102 0.0298685 0.673817 0.00421442 0.000729074 0.00354266 0.00829518 0.0306707 0.0936111 0.0232888 9.96301e-05 
0.140764 0.0770169 0.0112439 0.00791146 0.00299519 0.0337272 0.000231408 0.0266977 0.568554 0.012459 0.000497017 0.000841357 0.0329563 0.003363 0.0407573 0.0398779 0.000106106 
0.00677668 0.0463954 0.0127679 0.00655379 0.00784646 0.01218 0.079417 0.0173487 0.541252 0.0109975 3.93306e-05 0.000147351 0.00712473 0.00308022 0.162608 0.0854042 6.14233e-05 
0.00443025 0.320874 0.0140235 0.0143197 0.00284472 0.0169768 4.58955e-05 0.0496474 0.429127 0.0038806 0.000301224 0.000347296 0.00607345 0.020905 0.0726079 0.043435 0.000159853 
0.0214949 0.151119 0.000733644 0.00961032 0.00692616 0.040292 0.000164992 0.0205865 0.465143 0.206796 0.00020755 0.00161712 0.000954235 0.0128622 0.0185592 0.0427455 0.000186979 
0.0382508 0.155712 0.00260151 0.0576582 0.00684723 0.0792046 0.000657517 0.0214046 0.49324 0.00804372 1.17407e-05 0.000203059 0.0110057 0.00245251 0.0326332 0.0899461 0.000126923 
0.0364058 0.14592 0.0111443 0.00407123 0.00236634 0.0133863 0.0126534 0.0357134 0.369721 0.00597892 3.42271e-05 0.0249571 0.026945 0.0101342 0.266965 0.0331893 0.000414841 
0.0280968 0.112564 0.00396583 0.0960409 0.0132681 0.0830325 0.00202647 0.0457343 0.291178 0.127059 0.000341118 0.0123273 0.0412612 0.0145188 0.0669378 0.0601767 0.00147212 
