0.610603 1.63978e-05 0.00192173 0.110246 0.0212136 0.00947535 1.62329e-05 3.53666e-07 0.0949988 0.00920195 0.0314263 9.46245e-06 0.00196977 0.098865 0.000304933 1.05681e-08 1.05786e-05 0.00971996 
0.292194 0.000392582 0.0145531 0.0924585 0.244431 0.00719599 0.000134861 6.28325e-07 0.0806355 0.0181744 0.04744 0.00114399 0.00392122 0.0680216 0.00132902 5.24211e-05 0.000116133 0.127805 
0.519419 0.00861274 0.00219022 0.0995388 0.0219851 0.00103591 2.31843e-05 2.03788e-06 0.00527222 0.0225182 0.00892065 0.00178558 0.0016425 0.012435 0.000218601 6.60985e-06 9.34711e-06 0.294384 
0.618951 0.0173899 0.00932501 0.00455204 0.151773 0.0276483 3.86843e-06 0.000121434 0.0233864 0.0190645 0.0120815 1.30135e-05 0.00943727 0.0526412 0.004274 2.11193e-09 0.000110289 0.0492273 
0.854247 5.92048e-06 0.00494988 0.0128534 0.00940526 5.42248e-07 1.90027e-07 0.000355342 0.0133442 0.00770516 0.00104506 0.00473082 6.33314e-06 0.0702278 0.0120263 1.81695e-08 0.00626637 0.00283075 
0.532145 0.00443159 0.00292402 0.110815 0.134401 0.000704206 1.11526e-05 0.000300531 0.103373 0.00281657 0.00584789 0.000128455 0.000752086 0.0721543 0.0227208 5.16656e-10 0.000592283 0.00588118 
0.46298 0.0277347 0.00977506 0.0526127 0.10075 0.0740548 0.00154297 3.22227e-05 0.0331805 0.0181514 0.0462873 0.00124537 0.00763623 0.0266917 0.000468971 0.000505835 0.00100647 0.135345 
0.685958 3.92266e-08 0.000653589 0.115503 0.0237511 0.0256393 7.71956e-09 1.53595e-06 0.000484684 0.0870586 0.0257718 5.40747e-05 0.000729174 0.00368801 2.03278e-07 6.79489e-10 0.00041759 0.0302899 
0.735482 0.000385208 0.00305322 0.0126174 0.0170556 0.0204391 2.22864e-05 0.00011023 0.0185254 0.0233594 0.100925 0.0141644 0.00153886 0.0326091 0.00016366 0.00413899 6.13921e-05 0.0153491 
0.719009 0.0251291 0.0249022 0.0287383 0.113232 0.0106008 6.32258e-07 1.02501e-05 0.00346484 0.0115981 0.0280223 0.000104896 0.00184983 0.0165911 0.000364265 2.25793e-10 5.59322e-05 0.0163267 
0.690768 0.00403879 0.0169932 0.161407 0.0296488 0.000302561 1.29676e-06 8.87868e-06 0.0348763 0.0038222 0.0124038 0.00806494 1.44558e-06 0.0217083 0.000594288 3.55377e-08 8.7769e-05 0.0152728 
0.341609 0.00118915 0.01358 0.161873 0.0199464 0.00150081 0.000327995 2.17959e-07 0.104153 0.00354119 0.00797635 0.000113338 0.0427178 0.199418 0.00107778 3.80471e-10 0.00268249 0.098293 
0.177014 0.0260869 0.096078 0.143551 0.166972 0.00400377 0.00101452 6.02538e-05 0.132732 0.00466374 0.0499354 0.0015209 0.042158 0.113515 0.000563348 5.549e-05 0.00329149 0.0367843 
0.552548 0.0851493 0.0442082 0.00592309 0.15705 0.00308541 0.000133704 1.59797e-05 0.018021 0.0710392 0.0240816 0.00014439 0.000389837 0.00177072 0.00106503 6.77947e-07 7.53438e-06 0.0353673 
0.497945 0.0574335 0.000666074 0.0319585 0.0193359 0.000389167 1.96943e-05 0.000489416 0.0103952 0.00591935 0.0111973 0.000896766 0.00822116 0.0405928 0.00085737 2.26487e-10 0.271303 0.042379 
0.720926 0.000144834 0.00146334 0.0181133 0.00956651 0.00104559 0.000245055 8.58429e-05 0.0178613 0.00311991 0.153924 0.00028909 0.00103426 0.0274246 0.000775237 1.49982e-06 0.0339548 0.0100246 
0.670541 0.0062741 0.00482412 0.107507 0.022445 2.51272e-05 1.79872e-05 0.010198 0.0836021 0.0215751 0.00602186 0.000460847 0.000151085 0.0374761 0.000100062 7.7318e-05 0.000226008 0.0284771 
0.365337 0.0375206 0.0370623 0.0196634 0.0629398 9.5457e-05 0.000103596 0.064807 0.0595907 0.000345065 0.000451236 2.90421e-06 0.0196693 0.318972 0.000184793 2.31296e-10 0.000802468 0.0124522 
0.257738 0.01645 0.0159359 0.244416 0.181897 0.0021508 0.00127444 4.81435e-05 0.079612 0.0241098 0.0189573 0.000765265 0.00071744 0.0633635 0.00224604 0.000212086 3.54417e-05 0.0900716 
0.37337 0.0180155 0.0569242 0.160595 0.0688741 0.0109052 1.02797e-06 1.02813e-06 1.02951e-06 0.039629 0.0514732 1.02831e-06 1.02902e-06 0.0731957 1.02883e-06 1.02802e-06 0.00185375 0.145157 
0.864205 0.00690509 0.0043459 0.0237778 0.0169949 0.000107306 0.00095707 0.00100477 0.023224 0.0127948 0.00134133 0.000977218 0.000291276 0.020331 0.00515435 1.94834e-06 0.00371111 0.013875 
0.512817 0.00496091 0.00214452 0.0529721 0.0448439 0.00126563 2.29187e-06 0.000609966 0.0449955 0.0683555 0.00884909 0.0204424 0.0193408 0.0465015 0.0220964 4.40563e-09 0.000357767 0.149445 
0.580161 0.00512784 0.00271643 0.0753892 0.0958938 0.00462377 2.30706e-07 9.41343e-06 0.00101033 0.0112442 0.0266345 0.0174911 0.12485 1.59134e-07 1.14674e-07 2.35826e-07 0.00754076 0.0473063 
0.494557 0.0133684 0.095261 0.208501 0.00649866 0.00148598 2.27897e-05 0.000487845 0.102666 0.00505188 0.00134904 7.5583e-05 0.000947411 0.0525577 0.000296862 7.62648e-05 0.000163878 0.0166335 
0.860397 9.40688e-07 0.00876602 0.0198651 0.000536028 2.42363e-09 1.48972e-05 3.94895e-09 0.0162356 9.12575e-05 0.00584096 6.31478e-07 4.78964e-07 0.00125134 0.000643624 4.24037e-09 8.04227e-10 0.0863558 
0.514427 0.00823719 0.000562336 0.0537922 0.0804712 0.000156104 5.97625e-07 0.000384059 0.0180682 0.00643118 3.55261e-06 0.0276764 0.00317554 0.0154335 0.173542 7.25214e-11 0.000484521 0.0971545 
0.559793 0.0245262 0.00371396 0.0626779 0.0210637 0.000434598 0.000197557 3.38031e-05 0.0414477 0.0178494 0.0148704 0.00161349 0.0319897 0.0691253 0.0575669 5.30216e-06 0.000853901 0.0922371 
0.745879 8.56106e-05 0.00150743 0.0266752 0.0471693 0.000249965 3.74957e-08 3.54092e-06 0.0873603 0.00202587 0.00388823 0.00148757 0.000848623 0.0723189 4.21816e-06 1.24895e-10 5.43063e-05 0.0104417 
0.97776 7.46986e-08 9.23002e-08 0.000232763 0.00723397 3.33652e-05 2.98973e-05 2.96023e-05 0.00547843 0.00258979 1.42506e-05 0.000737217 2.28733e-05 2.25072e-05 1.2124e-05 6.09557e-07 1.6684e-06 0.00580045 
0.708767 0.0136357 0.0024535 0.107762 0.0239229 0.0188166 1.11242e-06 0.000233212 0.0056553 0.00661523 0.0250437 0.00136581 0.000454688 0.0521216 0.00634141 1.36729e-09 0.000222398 0.026588 
0.872129 3.39894e-07 0.00013181 0.000229208 0.000956744 1.58529e-06 2.86412e-06 2.583e-06 1.43216e-07 0.00722387 0.117142 2.25335e-06 0.000710898 0.0013509 1.33592e-06 2.77361e-06 5.26042e-07 0.000111221 
0.414107 0.0441925 0.0353547 0.0881275 0.100757 0.00123173 0.000334093 0.00133989 0.0437159 0.0066265 0.013349 0.00160907 0.0121826 0.214321 0.00263751 8.11583e-08 0.00263658 0.0174775 
0.318787 0.00123501 0.110645 0.0776177 0.0272548 0.00636819 7.1736e-05 0.0056709 0.0496902 0.00781103 0.0895082 0.125876 0.00223183 0.13802 0.000735038 6.76256e-06 0.000118581 0.0383524 
0.521151 0.0233353 0.00260314 0.0182568 0.0311772 0.0597876 0.0728218 0.00019097 0.0889691 0.0456838 0.0360501 0.000165574 0.00349542 0.0597067 0.0066105 9.78652e-08 2.72996e-05 0.0299681 
0.417196 0.0149746 0.149785 0.0732829 0.187968 0.00289189 3.30271e-06 4.07735e-07 0.0108708 0.03192 0.0194281 0.000616525 0.00950612 0.0498999 1.85463e-05 4.6858e-09 0.000222722 0.0314151 
0.519624 0.000542631 0.00269096 0.168436 0.0154219 0.000307147 7.50104e-05 0.00030901 0.13441 0.0407688 0.0101142 0.0412094 9.40799e-07 0.0301326 0.000129117 7.79438e-06 0.00341753 0.0324027 
0.445252 0.113355 0.0042202 0.0480446 0.036661 0.00231542 4.22955e-07 9.85198e-05 0.130253 0.00132923 0.00826615 8.48151e-05 0.000922156 0.0679671 0.000258535 1.15796e-09 0.00014803 0.140824 
0.43996 0.00146327 0.00422574 0.100039 0.131584 0.000115249 1.03116e-06 2.72693e-07 0.0594062 0.0244674 0.0776487 0.010427 0.00410819 0.0555708 0.0126113 2.85427e-07 0.000134124 0.0782372 
0.521976 0.000262126 0.00210719 0.114804 0.207261 5.78816e-05 2.77908e-05 0.000178771 0.0144212 0.0185327 0.0104345 0.000176431 7.9467e-06 0.0466065 0.0154214 0.00223929 1.32288e-05 0.0454726 
0.633407 0.000113184 0.0613507 0.0269997 0.00875409 0.0179197 0.000369141 1.03399e-05 0.0139697 0.00390775 0.0547698 0.00443686 0.000399682 0.012252 0.00131147 7.02147e-05 7.76558e-05 0.159881 
0.732332 0.00137803 0.0169611 0.13032 0.0225699 0.00722564 1.35068e-06 4.27353e-05 0.0250077 0.0110131 0.00344397 9.82759e-06 0.000805983 0.00340069 9.29064e-06 1.308e-06 2.39917e-06 0.0454752 
0.524283 0.00116181 0.0260493 0.0562592 0.0237947 0.000126529 7.4497e-05 1.69839e-05 0.0313615 0.0269332 0.164324 0.0227422 0.000429876 0.0652341 0.0166058 0.00678196 9.70716e-05 0.0337243 
0.700057 1.16793e-07 0.0898516 0.0572602 0.0699523 6.39784e-10 0.0001255 8.93909e-08 1.1069e-06 2.08411e-10 0.0162836 9.09398e-10 4.04019e-10 0.0620167 5.39146e-10 1.11936e-09 1.26161e-07 0.00445194 
0.93351 0.000338211 0.000296189 0.017323 8.42585e-07 0.000390788 2.22059e-10 2.00263e-10 6.12046e-06 0.00263287 2.41928e-06 1.74705e-10 0.0173664 0.00453682 3.4765e-07 5.77467e-07 4.17421e-07 0.0235953 
0.266823 0.00975591 0.234208 0.0497626 0.103501 0.00189441 0.000160546 5.56895e-05 0.0172051 0.082277 0.18384 0.00127772 3.43514e-08 0.0372249 0.00017625 1.76055e-05 2.4079e-05 0.011796 
0.724382 7.60593e-07 2.62163e-07 0.07637 0.0311866 0.00445121 1.80229e-10 1.82273e-06 0.0172999 0.0424644 0.0049977 5.81462e-05 1.88222e-07 0.0502995 0.0100131 8.0664e-06 0.00205308 0.0364136 
0.416269 0.000118639 0.0585119 0.208987 0.0805181 7.83154e-06 4.20225e-05 7.12845e-05 0.131715 0.0065801 8.53838e-05 2.22286e-05 0.011305 0.0524998 0.00013777 7.82421e-06 4.92853e-05 0.0330715 
0.464871 0.0289047 0.000867329 0.0714868 0.0459618 0.0248255 2.93603e-06 1.74556e-05 0.021439 0.00346561 0.0297174 0.0276788 0.0849278 0.122001 0.0251505 2.74847e-07 0.000576177 0.0481064 
0.559306 0.000774752 0.0282075 0.123171 0.0558086 7.53886e-05 3.197e-06 0.0101537 0.0414574 0.00227561 0.0292833 0.041868 0.000546451 0.0274016 0.00811053 1.77097e-07 8.79675e-05 0.0714685 
0.352993 0.00828827 0.0221966 0.0837126 0.183413 0.000101691 2.19752e-06 0.00053631 0.111575 0.0122656 0.00299214 0.000153207 0.000706067 0.128862 0.0680158 1.38348e-10 0.00079179 0.0233949 
0.338227 0.016158 0.00430108 0.0981152 0.0954102 0.000292995 0.000614733 1.62527e-06 0.0674495 0.0131621 0.00639832 4.70295e-05 0.00440556 0.309152 0.000482403 0.00034881 0.00488957 0.0405445 
0.280865 0.000121293 0.0186696 0.103407 0.0075818 0.00230967 6.81207e-09 0.000262352 0.00543522 0.0162024 0.0948517 0.0128432 0.0012937 0.0271105 0.256158 1.74168e-06 0.00127408 0.171613 
0.354755 0.0157587 0.020689 0.13168 0.197773 0.000108802 4.27247e-05 7.36499e-05 0.0235422 0.0337396 0.0651493 0.000376252 0.0174142 0.0938401 0.0179415 1.03355e-06 0.00042263 0.0266918 
0.619805 0.0192609 0.00218877 0.0537164 0.0258558 5.69303e-07 0.000630959 0.000520386 0.0694382 0.0785339 0.021804 0.00124824 0.000659936 0.038211 0.000906988 2.12795e-09 4.39163e-05 0.0671752 
0.173736 0.00341444 0.000453227 0.0272268 0.148382 0.0382026 0.000488669 0.000933277 0.0800616 0.0802145 0.128509 0.00159348 0.0216917 0.0416364 0.0285338 8.75548e-09 0.0614281 0.163495 
0.673137 0.000975754 0.0115127 0.0155023 0.177094 0.000101192 0.000684857 0.00222297 0.0306472 0.00209343 0.0113468 0.0103384 0.000104729 0.0565195 0.00315366 2.08589e-05 0.000117753 0.00442712 
0.389556 0.00619387 0.183511 0.0181242 8.46723e-05 0.00306246 0.0224422 9.36386e-06 0.0131228 0.00366607 0.0650473 0.0119435 0.171859 0.0697352 0.00569425 3.33789e-08 0.00139738 0.0345503 
0.693552 0.0397801 0.00871439 0.00748153 0.0062837 0.00151405 1.89146e-06 5.61905e-05 0.0311141 0.0136736 0.0269079 4.49619e-06 0.00235108 0.011531 1.49132e-05 0.000704263 4.3976e-06 0.156311 
0.440693 0.00777799 0.041108 0.147057 0.118203 0.000635596 5.64142e-07 0.000787863 0.0478338 0.0302051 0.000414784 0.00334722 0.000995657 0.0714652 0.0209864 6.11022e-09 0.000363311 0.0681247 
0.372641 0.0177254 0.00521088 0.0198402 0.0767074 0.0112978 4.78047e-06 0.000189515 0.0670224 0.0124278 0.122335 0.00189921 0.00144836 0.244508 0.020749 1.28872e-06 0.000229907 0.0257626 
0.315107 0.00620243 0.0934573 0.0575395 0.212434 0.0020607 7.33905e-06 3.03433e-06 0.0104043 0.0131633 0.236327 4.92882e-07 6.22355e-07 0.00941915 0.000246799 3.66175e-09 2.92142e-05 0.0435982 
0.522315 0.00198073 0.00223544 0.0402218 0.119619 0.00032393 8.56637e-09 0.0203891 0.0153838 0.0165884 0.00190434 0.000221344 0.00199427 0.198802 0.0076391 2.37735e-07 0.000149279 0.0502315 
0.287229 0.0179982 0.00128028 0.12635 0.15895 0.00813599 2.5566e-07 2.55699e-07 0.0760962 0.0705255 0.0159252 0.00138128 0.00222677 0.0891249 0.00916057 0.00470463 0.00299533 0.127915 
0.448707 0.000486059 0.0122234 0.0959069 0.0188151 0.00986532 1.04168e-05 0.00753616 0.0362958 0.0130136 0.0959009 0.0277949 0.064009 0.0923885 0.00222559 1.14423e-09 0.000734173 0.0740871 
0.474542 6.31838e-11 0.202783 0.0879296 0.0786064 7.83664e-07 5.32419e-10 0.00134038 0.0313033 0.00177255 0.00284314 3.93416e-07 8.33056e-07 0.112889 6.29493e-05 1.21449e-07 6.63447e-05 0.00585794 
0.701726 0.000611813 0.000819015 0.127405 0.0967532 8.06549e-05 1.31479e-05 8.01299e-06 0.00806117 0.0055096 0.0376305 0.000287732 0.00017952 0.0188889 4.49092e-05 1.12012e-05 9.47042e-06 0.00196013 
0.986261 2.21086e-10 8.14614e-08 0.0116018 1.10545e-06 1.32885e-05 5.55532e-07 0.000303154 6.32902e-07 0.000296983 1.67557e-10 1.50207e-06 9.05427e-07 0.000636283 0.000287276 1.80411e-09 7.71505e-05 0.000518541 
0.613787 0.000978532 0.0106658 0.0373074 0.00171572 0.000501605 0.00872947 1.0517e-05 0.103001 0.0686698 0.00356594 0.000405757 0.00298248 0.118141 0.00386323 9.29586e-08 0.000125183 0.0255494 
0.664272 0.00172039 0.0419873 0.0358965 0.0553773 0.0053443 6.89055e-05 0.000824444 0.0208573 0.00116024 0.0172643 0.0314089 0.00995204 0.109369 0.000114665 4.08799e-07 3.74129e-05 0.00434481 
0.665277 0.0247182 0.00439952 0.0478448 0.0461949 0.000122188 1.42145e-05 0.000115397 0.0589843 0.0508515 0.00216467 0.00227981 0.000708106 0.0186058 0.0174196 1.60762e-08 0.000141604 0.060158 
0.780236 0.000869345 0.00441497 0.0500444 0.0165561 0.000212495 9.50439e-07 0.000503701 0.0592992 0.0146754 0.0472261 1.8242e-05 1.4556e-06 0.0170418 4.79189e-05 1.01053e-07 4.8097e-05 0.00880359 
0.973546 8.69069e-10 6.25989e-05 0.000158147 0.00365386 0.00391398 7.32322e-09 6.60442e-09 0.00213434 0.000200605 0.00144404 5.76156e-09 0.000128422 0.00959 3.4158e-09 7.0918e-09 5.01475e-05 0.00511822 
0.690917 0.00013953 0.0246823 0.0590066 0.0260234 4.20887e-06 0.000248821 6.71734e-06 8.05521e-07 0.00286572 0.000406244 2.42444e-06 0.0013327 0.179399 4.7586e-06 2.35814e-09 3.19382e-05 0.0149279 
0.68306 0.0179341 0.00129812 0.0508948 0.0545591 0.00466808 5.69556e-06 0.000261902 0.0398398 0.00365795 0.00289686 0.000662272 0.00266429 0.0484543 0.0108349 1.28277e-06 0.000291897 0.0780147 
0.276914 0.000828224 0.0234025 0.0281115 0.00843677 5.6873e-06 0.00035153 0.0614496 0.07898 0.0148581 0.0606274 0.000208797 0.0229967 0.2481 0.0682832 9.36315e-05 0.0422305 0.0641218 
0.800675 0.00400905 0.00237593 0.0296712 0.0681925 0.000490772 8.07511e-08 0.000180619 0.0146642 0.0244195 0.0094112 0.000686656 0.000150903 0.00608648 0.0270378 0.000381733 0.00020757 0.0113588 
0.484182 0.00693971 0.122012 0.0222998 0.00148293 0.000395349 3.4779e-05 0.00033407 0.0368833 0.00193315 0.0250125 0.0105898 0.0800928 0.139643 0.0204597 7.02474e-07 0.000308639 0.0473961 
0.341222 0.00737994 0.0237675 0.170638 0.0907455 1.61166e-05 9.76754e-05 7.04092e-06 0.163828 0.0294477 0.0372575 8.24744e-05 0.00872903 0.0591218 0.013861 4.98742e-08 0.000171966 0.0536261 
0.245963 0.00271552 0.0519281 0.0960843 0.095023 0.000156967 4.06138e-05 3.41027e-05 0.143034 0.0334747 0.0334896 0.000125557 0.0111406 0.213662 0.00143236 7.35344e-11 0.00744183 0.0642546 
0.50114 0.0121281 0.000575907 0.00504605 0.00185908 0.00241435 1.7038e-10 3.623e-05 0.0037719 0.00456229 0.000191752 1.32099e-07 0.406434 0.0483557 0.00581255 1.64996e-10 0.00133034 0.006342 
0.392642 0.0125912 0.00101581 0.0437892 0.169583 0.00022238 4.68195e-09 3.64741e-05 0.201668 0.00361578 0.0406795 0.000505307 4.18083e-05 0.0983566 0.000606993 2.47007e-06 9.40046e-05 0.0345494 
0.50184 0.0143954 0.00221661 0.059973 0.0344747 0.00997864 0.000537792 8.80829e-06 0.0745763 0.103093 0.0191885 0.00421174 0.000730035 0.0585397 0.0010109 1.26652e-08 0.00148211 0.113743 
0.765886 3.45993e-07 0.017272 0.155814 2.38927e-06 7.51373e-07 5.02589e-10 0.00310342 0.0153238 1.13282e-06 1.26573e-06 0.000111151 1.75671e-10 0.0393214 7.26951e-07 4.86707e-10 3.13941e-07 0.00316168 
0.734723 0.00158056 0.035328 0.0279251 0.0156429 0.000253237 9.1094e-06 0.0690126 0.033448 0.000806475 0.00935224 0.00143949 0.00445841 0.0566912 0.00243623 5.40771e-08 0.000632742 0.00626025 
0.408373 0.00234045 0.00022704 0.0395738 0.0602389 0.0159485 0.000445478 5.16397e-05 0.0788118 0.0473445 0.0156336 0.000399449 0.00458144 0.0697349 0.0739368 2.75085e-08 9.08701e-05 0.182267 
0.694731 0.00646929 0.0507799 0.0856413 0.0449489 0.00649526 2.32712e-08 0.000311185 0.0213287 0.00377075 0.016816 0.00212131 0.00105202 0.0242613 0.0121715 5.56148e-05 0.000172294 0.0288733 
0.390098 0.0286727 0.0488877 0.197664 0.109726 0.000608526 2.66841e-06 9.91254e-08 0.00931447 0.0132611 0.0521926 0.00072589 5.04381e-05 0.0755599 0.000496156 7.45571e-10 5.76271e-06 0.072734 
0.22309 0.0666706 0.00258703 0.0537364 0.152464 0.000995377 0.000585076 6.98475e-05 0.113519 0.0623345 0.0130333 0.00999164 0.000655674 0.0727498 0.0399384 3.61855e-11 0.000121149 0.187458 
0.382541 0.00438274 0.00206508 0.126072 0.00952126 0.000390798 1.20424e-07 6.63865e-05 0.00868287 0.162635 0.00465095 0.00222108 0.0132222 0.0267606 0.00143492 2.69892e-09 2.39086e-05 0.255329 
0.25493 0.00804005 0.0109685 0.145832 0.225721 0.000525193 0.000173602 1.33701e-05 0.177704 0.0101846 0.0148715 0.000115256 0.000527114 0.0620472 0.00598723 4.67185e-07 2.04186e-05 0.0823378 
0.91631 0.000681433 0.000808743 0.0034588 0.00409393 0.00229072 2.58999e-11 0.00166113 0.00697308 0.000554026 0.000549437 0.00383001 0.000267168 0.04237 0.00289237 2.50814e-11 0.0101259 0.00313339 
0.553247 1.14176e-06 0.00518357 0.0867696 0.234657 0.000613075 1.78846e-06 6.424e-10 0.0182074 0.00501603 1.1983e-05 0.0240679 7.07463e-07 0.0171905 7.09119e-07 6.89806e-10 2.26967e-07 0.0550317 
0.896027 1.79579e-06 0.000396671 0.0261178 0.0284533 4.49531e-10 8.12161e-10 0.000199491 0.00673585 0.00169242 0.0106537 0.000184488 1.26387e-05 0.0259528 0.000285657 7.86497e-10 1.03844e-07 0.00328603 
0.844883 0.0327331 0.000147297 0.00951494 0.00559056 0.0056287 1.32508e-05 0.0144641 0.00571503 0.00253864 0.00142651 0.000275347 0.00163135 0.0081863 0.0100902 7.38467e-08 0.000252757 0.0569088 
0.667614 0.00101443 0.0110158 0.0326006 0.015987 0.00202162 4.03676e-06 0.000763899 0.0428887 0.000751984 0.143762 0.00188155 0.000935473 0.00311281 0.011983 1.81166e-08 5.92714e-05 0.0636041 
0.80966 1.13198e-07 0.0279448 0.0318515 0.0565427 9.27051e-07 5.15471e-09 4.64876e-09 0.00179179 0.00203213 0.00798012 0.00221914 0.0118138 0.0440427 9.49793e-05 4.99181e-09 6.52927e-07 0.00402451 
0.594759 0.00206526 0.0799636 0.0415255 0.033104 2.53421e-05 8.31171e-06 0.000315145 0.19227 0.0025199 0.000809468 3.64095e-05 0.0110403 0.0214158 0.00616926 1.26851e-10 6.05102e-05 0.0139121 
0.761553 0.000986667 0.0048641 0.0139914 0.0047905 9.26418e-07 1.76918e-07 7.99496e-06 0.0178475 0.000266199 0.0138198 0.000822433 0.000398088 0.170636 0.000888338 1.21225e-09 8.31995e-05 0.00904377 
0.725791 0.0119113 0.000169094 0.134667 0.00269728 4.87468e-08 1.89585e-11 1.51688e-07 0.0023685 0.00835768 5.01995e-05 0.00202741 0.00040435 0.00483474 0.0600306 1.83594e-11 0.000333648 0.0463573 
0.878014 0.00046296 0.00456185 0.0818635 6.10533e-06 0.00982353 2.48797e-07 4.67357e-11 1.74265e-06 0.00330176 6.76017e-06 4.07712e-11 4.92706e-07 0.0141931 0.00146886 1.80714e-07 9.61411e-08 0.00629461 
0.317343 0.0025207 0.0259775 0.0831278 0.180096 0.000527821 4.04972e-07 1.78174e-05 0.154487 0.017953 0.143359 2.99986e-06 2.95316e-08 0.0505396 0.000200146 4.1396e-07 0.000177991 0.0236684 
0.288244 0.00237121 0.00539678 0.283107 0.0421468 0.00472217 2.13449e-09 1.92498e-09 0.0498705 0.0139417 0.0449638 0.000202114 7.46071e-10 0.0043948 0.0121516 1.36761e-05 1.67254e-07 0.248474 
0.212151 0.000294874 0.00276751 0.146457 0.095426 0.00179002 0.00251293 1.70593e-07 0.0862848 0.128123 0.17166 1.94637e-05 0.0826725 0.0315163 0.0012965 1.56806e-06 7.88693e-05 0.036947 
0.703085 0.0254144 0.0228659 0.0467208 0.0886402 0.000109438 3.42419e-06 0.000140981 0.00953161 0.00439511 0.0156983 0.00425936 9.47632e-05 0.0663697 0.000342467 2.73289e-07 0.000529926 0.0117981 
0.41689 0.0241232 0.00162137 0.0796294 3.86003e-07 0.049139 3.8543e-07 0.000694266 0.0595227 0.0284433 0.00910959 0.00296919 3.85825e-07 0.120044 0.00925848 3.85448e-07 0.0176759 0.180878 
0.532596 0.00427406 0.000171026 0.0939898 0.024292 0.0441085 1.79242e-05 2.18199e-10 0.0101474 0.0484005 0.0163852 0.00701167 0.000593491 0.00628854 8.99952e-05 2.66876e-07 6.97357e-05 0.211564 
0.476239 0.000138896 0.0259239 0.0453165 0.0202221 3.33562e-05 0.00010758 1.97713e-06 0.00596581 0.0062961 0.0587935 0.000254163 0.044517 0.186507 0.000990088 0.000820394 0.000384065 0.127488 
0.354348 0.000771738 0.0512153 0.11282 0.0747925 0.00375774 1.77202e-06 6.45888e-05 0.19969 0.00238064 0.0156913 0.00581772 0.0529559 0.112474 4.52798e-06 1.89341e-09 0.000657269 0.0125569 
0.437256 0.00369099 5.05524e-07 0.041508 0.254416 0.00666916 5.04844e-07 5.04921e-07 0.0629983 0.015772 0.0232566 0.00232356 0.0460896 0.039385 0.00394158 5.04867e-07 0.00818951 0.0545025 
0.904619 6.53158e-06 0.00066061 0.00333717 0.0118329 2.46643e-05 1.56932e-06 7.87162e-05 0.0315729 0.00800416 0.00236349 0.000122085 0.000286787 0.00253049 0.00043939 4.75694e-09 0.000588304 0.0335308 
0.630723 0.000193312 0.00247128 0.0381953 0.0269301 0.0005852 0.00102329 6.88827e-05 0.15272 0.00410869 0.00902482 0.000779485 0.00626924 0.0965166 0.000165922 2.23611e-05 0.00443509 0.0257672 
0.297044 0.0107261 0.00672463 0.132515 0.242406 0.000190149 6.87641e-09 3.41401e-05 0.233851 0.00848521 0.00308448 0.00240004 9.95374e-05 0.0543361 0.00242121 2.60911e-11 0.000120544 0.00556175 
0.369627 0.0103537 0.00114282 0.172804 0.216103 0.000791544 8.3344e-08 6.5236e-08 0.0387434 0.0418139 0.00738742 1.40389e-06 8.05523e-08 0.0231468 0.0421342 2.57257e-07 1.37747e-10 0.0759504 
0.377591 0.00257115 0.0183306 0.126605 0.0379356 0.00222318 1.66262e-05 5.39276e-05 0.0896113 0.0460095 0.0097641 0.000131147 7.80096e-05 0.141147 0.000981501 2.56628e-06 0.0923958 0.0545518 
0.764858 0.0162225 0.00164524 0.0759223 0.0212252 0.00441504 1.29949e-05 0.000188234 0.00812348 0.00323884 0.000736725 0.00082655 0.000669366 0.0150343 0.00480047 8.96438e-06 0.000176099 0.0818957 
0.25062 0.0163396 0.0254541 0.18088 0.074379 0.000288924 0.000662497 0.197855 0.0779934 0.0129534 0.0382894 0.0164802 0.00477587 0.0684341 0.000218437 2.39094e-05 0.000147516 0.0342047 
0.435053 0.00187341 0.157767 0.0415785 0.0555314 0.0651431 4.79702e-05 1.11503e-05 0.0132797 0.00152077 0.154941 0.000511791 0.0156308 0.0487428 0.000431406 0.000868426 0.000235079 0.00683306 
0.303222 0.0051236 0.121398 0.138841 0.0437794 0.016528 0.000169658 1.09538e-05 0.016578 0.00613197 0.0181723 0.00129372 0.030006 0.282935 0.0013447 6.02858e-07 0.000217517 0.0142462 
0.368606 0.00668597 0.00706425 0.0461297 0.184711 0.000330006 1.3385e-08 0.00036747 0.219889 0.000901605 0.0012964 4.5288e-05 9.85355e-05 0.102181 0.059372 1.42667e-08 0.000409406 0.00191263 
0.93165 0.0403726 2.5785e-05 0.00312366 0.00203291 3.28809e-06 0.000377631 2.73568e-05 0.000213179 4.09666e-05 0.00235546 4.67374e-06 0.000180488 0.0186286 6.21249e-05 5.75283e-06 2.31524e-05 0.000872203 
0.647547 3.51902e-05 0.0457805 3.51921e-05 3.51936e-05 3.51662e-05 3.51414e-05 3.51468e-05 0.0563456 0.0739273 3.51918e-05 3.51532e-05 0.130192 0.0457855 3.51709e-05 3.5143e-05 3.51866e-05 3.51929e-05 
0.331659 0.0484921 0.0825915 0.0965969 0.0604223 0.0172663 0.000351621 7.87967e-08 0.0508718 0.0528078 0.0687264 0.00157018 0.00288541 0.0446709 0.00151613 0.000295336 0.000120352 0.139155 
0.768686 0.011329 0.000551686 0.00996153 0.0734889 0.00121529 2.69058e-05 4.68666e-05 0.012889 0.00572663 0.0274833 0.00206796 0.00128281 0.0546788 0.00110203 1.01126e-06 0.000186967 0.0292754 
0.799239 0.0133561 0.000484868 0.0384012 0.0337201 0.00422659 4.13017e-06 0.000188496 0.00476271 0.0135096 0.0088441 0.000216696 6.89214e-05 0.0352427 0.000305345 4.54316e-10 0.000887243 0.0465426 
0.835666 0.00102051 0.0119398 0.0244093 0.00894976 3.78421e-05 1.63171e-06 0.000275047 0.0140911 0.000126651 0.00254678 0.00206931 4.5908e-05 0.0381541 0.00018015 1.73462e-05 5.87245e-05 0.0604099 
0.385195 0.0373901 0.00629508 0.146485 0.0172163 0.00587419 1.21656e-05 6.25643e-05 0.0545506 0.00427875 0.00910165 0.000804462 0.068213 0.0181867 0.000430272 1.5755e-05 0.000205542 0.245683 
0.599769 0.0353812 7.61061e-05 0.0340698 0.159808 0.00328341 3.53708e-05 0.0014079 0.0386661 0.00185516 0.0280396 0.00652102 0.000129097 0.0732409 1.27338e-05 1.52899e-09 0.000464088 0.0172403 
0.376013 0.0017114 0.0122982 0.142416 0.0690959 0.00117204 1.82815e-05 3.17821e-05 0.13111 0.0380102 0.012836 0.000586665 0.00246642 0.0353406 0.00678178 6.67641e-05 1.76384e-05 0.170029 
0.898996 0.00260813 0.00135944 0.0774164 0.000944696 2.16192e-06 0.000102422 1.7883e-05 0.0105441 0.00248917 7.04017e-06 0.00127656 7.8345e-06 0.00128304 0.000983052 7.75722e-07 3.14626e-05 0.00193013 
0.638169 0.00042507 0.0221267 0.0872821 0.0810673 0.00872025 3.75097e-05 2.47614e-05 0.0318355 0.00862524 0.0124358 2.28615e-05 0.00150971 0.0440477 0.00136351 3.10997e-07 0.000104803 0.0622019 
0.391758 0.0411164 0.0533746 0.0869512 0.0704223 0.0150019 1.05958e-05 0.00138503 0.0472244 0.0141989 0.0148165 0.00142154 0.0198107 0.145228 0.00300466 3.84947e-06 0.00025968 0.0940114 
0.607804 0.0178477 0.0158084 0.062928 0.0149191 0.000228106 8.97289e-08 0.0297275 0.113184 0.0140234 0.000313061 1.8987e-05 0.00778584 0.0896699 8.5253e-05 4.84879e-05 0.000460502 0.0251487 
0.900155 1.08703e-05 0.0235158 0.00983717 0.0338337 0.000846058 0.000108654 0.000184167 0.0050329 0.00705293 0.00683415 3.7083e-07 8.4357e-06 0.0113557 1.78325e-05 3.55495e-06 2.95572e-05 0.00117326 
0.497945 0.0574335 0.000666074 0.0319585 0.0193359 0.000389167 1.96943e-05 0.000489416 0.0103952 0.00591935 0.0111973 0.000896766 0.00822116 0.0405928 0.00085737 2.26487e-10 0.271303 0.042379 
0.331772 0.00945668 0.0535196 0.0719885 0.179993 0.000217755 8.46749e-05 0.000109852 0.0347809 0.0308862 0.2458 0.000188261 1.08543e-05 0.0172009 0.0102431 0.0013294 1.94653e-05 0.0123982 
0.481884 0.000831727 0.00843635 0.1039 0.0555241 0.00271432 0.0011375 0.000400497 0.129461 0.0214993 0.0237995 0.0109979 0.00223542 0.130249 3.94513e-05 2.04305e-05 2.43587e-05 0.0268457 
0.911833 0.00415148 9.46215e-06 0.00308173 0.00803133 6.57943e-06 1.26213e-05 1.04946e-07 0.0619147 7.62013e-06 0.00409915 1.04522e-05 0.000122027 0.00513212 1.47442e-05 3.95818e-05 1.72813e-06 0.00153172 
0.47844 0.000175851 0.000285693 0.0222586 0.103702 0.000189102 5.93014e-05 5.75044e-11 0.0415919 0.0373421 0.000302663 3.83795e-05 0.00497146 0.0307044 0.00368123 6.1748e-11 2.59179e-05 0.276231 
0.366235 0.00638388 0.110635 0.0976692 0.0723426 0.0021777 0.0101975 0.046961 0.0829761 0.00624984 0.0317122 0.0112268 0.00610225 0.108904 0.00127123 0.0017354 0.000725087 0.0364955 
0.708233 2.07015e-06 0.022621 0.0066151 0.0288408 8.70576e-08 0.00152779 0.000125975 0.0485311 0.00271415 0.138392 1.51074e-05 1.09444e-05 0.0423068 4.1838e-05 1.31735e-05 1.81498e-06 8.11372e-06 
0.870608 0.000719842 0.00080444 0.0150636 0.00788149 0.00721709 1.00954e-06 2.58561e-05 0.00887167 0.00297808 0.00177512 0.00381662 0.000958204 0.0412856 2.78382e-05 2.70595e-09 0.000162758 0.0378026 
0.475866 0.0183091 0.00728607 0.0713475 0.0137931 0.000425179 1.80214e-09 3.04893e-05 0.217658 0.113004 0.00510503 0.000958799 0.000981277 0.0106323 0.0324504 1.74519e-09 0.000196149 0.0319567 
0.916438 1.921e-05 0.000245967 0.00649823 0.00394112 0.000307932 7.40892e-10 1.4348e-07 0.00181813 0.064324 0.00210391 5.82899e-10 5.995e-05 0.00286536 1.2143e-07 7.1748e-10 2.02136e-05 0.00135761 
0.633722 0.00335539 0.089464 0.0412857 0.0165737 0.00405698 7.52076e-09 0.0697471 0.0712412 0.0156126 0.0076571 1.12633e-05 0.000237352 0.0305244 0.00022493 1.07935e-05 0.00137844 0.0148969 
0.690778 0.00165108 0.0393042 0.0222612 0.0756893 0.000679616 1.39585e-06 0.00150502 0.0664448 0.002884 0.0310195 0.00177623 7.68312e-05 0.0598394 0.00257031 3.01347e-10 0.000301731 0.00321735 
0.85872 0.00652687 0.00204998 0.0179994 0.0660053 0.00042362 9.54164e-06 1.75057e-05 0.0115567 0.00155219 0.0021083 5.14788e-05 0.000643804 0.0235389 3.23449e-05 1.58925e-10 0.000240791 0.00852336 
0.822881 0.00386398 0.0151022 0.0835762 0.0102335 9.8809e-06 7.68774e-05 3.25269e-06 0.0119364 0.0198013 0.00409246 0.000171832 2.06087e-07 0.00594765 1.21003e-08 0.000139412 2.66243e-05 0.0221371 
0.639409 5.10255e-05 0.0299753 0.0330526 0.0049103 0.00021848 8.51991e-06 0.00114661 0.21141 0.000265849 0.00121229 2.6552e-05 0.0235456 0.0503552 0.000922437 1.21495e-09 0.000840638 0.00264927 
0.523334 0.0317019 0.00137043 0.0822639 0.093654 0.0300413 3.61832e-05 0.000209242 0.0496548 0.0200791 0.00129732 0.000533139 0.00105379 0.109346 0.0119357 5.9938e-10 0.000430703 0.0430587 
0.325928 0.0132013 0.0100279 0.183533 0.124826 0.00357181 8.28226e-07 6.4972e-05 0.0284842 0.0732259 0.0258266 0.00621383 0.00141516 0.0646385 0.0180957 2.70787e-07 9.32429e-05 0.120852 
0.515723 0.0143616 0.00706587 0.0599917 0.0737366 0.0416051 2.32269e-05 0.000103759 0.0363048 0.0315456 0.0172897 0.00317392 0.0393084 0.102621 0.000534455 0.000236037 0.000556472 0.055819 
0.509287 0.00792324 0.0509174 0.0497858 0.138831 0.00244414 3.01938e-08 0.00530031 0.0492882 0.057096 0.0764452 0.000319963 0.000319558 0.0378003 9.06502e-06 1.046e-08 0.00066574 0.0135664 
0.589331 0.0163774 0.0036225 0.107202 0.0387943 0.0302887 3.74546e-08 0.000203729 0.0359859 0.00382318 0.00583864 0.00133533 0.0305212 0.037266 0.00434653 1.4638e-06 0.000102462 0.0949597 
0.399913 0.00625083 0.226606 0.108306 0.0305692 7.94879e-05 2.41867e-06 5.1323e-05 0.090094 0.00865768 0.00387598 0.000898257 5.59968e-05 0.111881 2.633e-05 5.41111e-08 4.10293e-05 0.0126903 
0.841089 0.00105713 5.54783e-07 0.0895677 0.00300027 0.000175733 2.96551e-07 9.41029e-05 0.00257832 0.000938425 0.00173503 0.0129198 0.0142766 0.00228083 0.000602585 5.915e-07 0.000768179 0.0289147 
0.815323 8.29562e-05 0.00335988 0.11026 0.0370351 7.43123e-06 1.53488e-07 0.000570664 0.0193373 0.000537246 0.000538801 2.99515e-06 3.06823e-06 0.00646606 0.0014316 9.53297e-06 0.000108204 0.00492677 
0.625348 0.000384755 0.00842949 0.0653011 0.0209022 0.00806878 9.0297e-05 0.000155615 0.136545 0.00793624 0.000492882 0.00175373 0.000921941 0.10814 2.7329e-05 7.6175e-05 0.000371322 0.0150546 
0.703617 0.0399444 0.00200403 0.0330834 0.112104 0.012184 0.000180075 6.02522e-06 0.0335736 0.0165744 0.00977533 1.58635e-05 2.31702e-06 0.0108932 0.0110527 1.05352e-07 1.61742e-05 0.0149734 
0.791963 0.00611876 0.00128365 0.100825 0.0250421 0.000273861 4.48402e-05 4.5976e-05 0.008939 0.0024201 0.00423207 0.000667308 0.0195171 0.0096711 0.00110016 1.10696e-05 0.000558982 0.0272861 
0.249967 0.00163327 0.0922739 0.120061 0.0420223 0.0215758 0.00180498 2.92155e-08 0.197847 0.0372851 0.0154227 5.18003e-05 0.000150488 0.056847 0.00241849 1.29574e-10 4.03059e-05 0.160599 
0.641194 0.0011942 2.51832e-06 0.018666 0.175154 0.000514196 2.93644e-07 1.22905e-07 0.00924007 0.00251619 0.00043904 3.07927e-05 0.0912384 0.0266245 0.00107551 9.88254e-11 0.00237277 0.029738 
0.85872 0.00652687 0.00204998 0.0179994 0.0660053 0.00042362 9.54164e-06 1.75057e-05 0.0115567 0.00155219 0.0021083 5.14788e-05 0.000643804 0.0235389 3.23449e-05 1.58925e-10 0.000240791 0.00852336 
0.61915 0.0401007 0.0263882 0.0648722 0.0689603 0.0347045 7.27133e-09 5.01417e-06 0.00311703 0.0186678 0.0292766 0.000317337 0.000102683 0.0411919 0.00211715 7.04156e-09 0.000149131 0.0508792 
0.563342 0.00124243 0.00268637 0.0470364 0.154898 0.00537494 1.55451e-07 2.39278e-05 0.030804 0.0134579 0.0153172 0.000272493 0.000497194 0.0220546 0.00578034 1.50538e-07 7.00154e-05 0.137141 
0.434809 0.00245976 0.00236206 0.136189 0.0624915 0.000491259 4.66623e-07 1.29071e-05 0.0290795 0.0152249 0.00595659 0.000183687 0.000782597 0.0758781 0.0969532 1.84972e-10 4.39671e-05 0.137082 
0.279771 7.3371e-05 0.00688496 0.0379241 0.0320585 0.0833083 1.23263e-07 8.65939e-08 0.0240459 0.0320829 0.160318 0.000505512 0.0679949 0.200997 9.88402e-05 2.47094e-07 0.00141879 0.0725167 
0.404919 0.00147028 0.0757336 0.043806 0.115409 1.95674e-05 5.74353e-06 6.62169e-05 0.31814 0.000490912 3.90324e-07 1.81906e-07 0.00043052 0.0224699 0.0001253 3.98487e-11 4.841e-05 0.0168652 
0.324195 0.0020229 0.0714464 0.113355 0.0300589 0.134654 5.98524e-05 7.16302e-06 0.0243428 0.0113474 0.139352 0.000362019 0.0609911 0.0311163 0.000164498 8.47166e-07 0.000417657 0.0561054 
0.871169 0.00639349 0.00109285 0.0079391 0.000863087 7.11681e-07 1.28578e-06 0.000107617 0.000211083 0.0628774 1.15644e-07 1.01159e-06 0.000278955 0.000145948 5.99733e-07 1.24515e-06 0.00154079 0.0473761 
0.68922 0.000466257 0.00168108 0.0256433 0.0050421 0.0302407 5.86624e-06 8.99178e-06 0.0134155 0.0378267 0.0377331 0.000898549 0.00147207 0.005759 0.00310076 2.85904e-05 1.47783e-06 0.147456 
0.466996 0.00940417 0.00222471 0.0271293 0.0715559 8.7208e-05 0.000230899 0.000772743 0.0807379 0.00224045 0.00258974 0.0614838 0.00086114 0.0306676 0.139961 8.35479e-08 0.000353512 0.102703 
0.357767 0.00381041 0.00348141 0.257838 0.149068 3.84707e-05 1.13966e-06 0.000194878 0.0832129 0.0118754 0.00420626 2.48589e-05 0.000116046 0.100437 0.00627063 7.39673e-09 6.98746e-05 0.0215883 
0.579346 0.00228991 0.00590859 0.0643582 0.0417196 0.000454502 4.4714e-06 0.000362187 0.179826 0.00103331 0.00240745 1.7443e-07 0.0419569 0.0630359 0.00189428 6.14275e-07 0.000447517 0.0149543 
0.647644 0.0112992 0.00231253 0.107051 0.00827197 0.000393789 6.35978e-05 0.000974115 0.0924009 0.00905044 0.0059014 9.71414e-06 0.000661543 0.0173736 0.00627751 7.23831e-10 0.000113733 0.0902012 
0.890464 2.78802e-06 0.000117702 0.0517227 0.0293593 1.27997e-05 4.36265e-07 0.00107587 0.0082011 5.29998e-05 2.94658e-09 0.0021394 0.00221389 0.00700395 0.0061416 4.65898e-10 4.1201e-05 0.00145072 
0.600748 6.64147e-05 0.00915686 0.0985929 0.0694659 1.4215e-06 9.48246e-09 8.55173e-09 9.75899e-06 0.00110228 0.208266 3.69242e-06 8.21876e-07 0.0112191 3.89984e-06 9.18281e-09 1.64967e-06 0.00136125 
0.360423 0.0134359 0.027467 0.0497113 0.237442 0.000283034 8.36857e-06 2.56586e-06 0.0323709 0.0128253 0.073728 0.140865 0.000748992 0.00137702 0.000264598 0.00018942 1.4662e-05 0.048842 
0.32717 0.00528436 0.00797815 0.209592 0.0567127 0.000359531 6.04724e-05 0.00158995 0.0400538 0.0459041 0.00317132 0.00126982 0.170599 0.0849655 0.00950052 2.95632e-06 0.00202326 0.0337628 
0.386357 0.00547313 0.0201732 0.0192132 0.258572 0.000854069 1.07848e-05 0.000411352 0.0740181 0.0143481 0.0177046 0.000404888 0.000111296 0.153284 0.000614631 1.44453e-07 0.0112277 0.0372219 
0.999604 1.74382e-07 4.26172e-05 0.000344417 8.20854e-08 8.13328e-07 1.46943e-06 1.3252e-06 7.34767e-08 2.64943e-07 1.32161e-07 1.15608e-06 5.13611e-07 1.14471e-07 6.85392e-07 1.42299e-06 2.69885e-07 1.02413e-07 
0.342693 0.00103875 0.00480079 0.256203 0.161916 0.0002412 3.85043e-06 9.33783e-07 0.013478 0.015311 0.168753 0.00246505 0.00163521 0.0126416 0.000234108 5.96194e-05 3.46217e-05 0.0184895 
0.630495 0.000548116 0.0606807 0.0466202 0.0516008 0.000327335 9.22191e-06 3.48951e-06 0.00499871 0.00337956 0.160571 6.99437e-05 3.60545e-05 0.0105537 0.000340729 1.47286e-07 1.1779e-05 0.0297531 
0.801887 0.000640814 0.000111834 0.0542199 0.0372716 1.09763e-07 4.20987e-10 0.000131029 0.00589523 0.00358462 0.00184595 0.000224408 6.5307e-05 0.00104863 0.0402291 2.6058e-07 7.23617e-05 0.0527715 
0.82753 0.0011212 0.00101539 0.0281784 0.0392974 1.77149e-05 6.90424e-08 8.71301e-05 0.0159672 0.00410141 0.000549702 0.000242636 0.0153416 0.00594861 0.0152857 9.32637e-11 0.000841951 0.0444742 
0.751896 0.0124254 0.0235873 0.0107533 0.0423646 9.94403e-05 1.53118e-05 6.77261e-05 0.0508008 0.00107178 0.00301038 0.0042623 0.00194989 0.0624072 0.0280846 8.93109e-06 0.00041382 0.00678125 
0.663851 0.000501701 9.76586e-05 0.00280218 0.0515619 9.89101e-05 1.65286e-07 0.000123145 0.00951658 0.000830879 0.000256759 0.260194 6.09975e-05 0.0029119 0.00554366 1.6895e-07 0.000170778 0.00147774 
0.567948 0.00216082 0.00171081 0.0282879 0.0963385 0.0463825 8.06904e-06 8.38019e-06 0.0283118 0.0831684 0.0333522 0.00059706 0.00135235 0.0928601 0.000359817 2.36682e-05 0.000164556 0.0169652 
0.436513 0.0631656 0.0388699 0.048088 0.101427 0.00189012 0.000845067 1.46933e-05 0.0400856 0.0528579 0.0479906 0.0255641 0.000340016 0.0728862 0.00130495 6.3772e-05 0.000385639 0.0677079 
0.418211 0.156859 0.00448744 0.0675121 0.136495 0.0207735 8.21912e-08 2.50322e-07 0.0266997 0.0152674 0.0109611 0.0115181 0.00163704 0.0230456 0.00218956 0.000401399 2.58482e-05 0.103917 
0.392847 0.0016728 0.00125821 0.163119 0.0105463 0.0298753 0.000109316 3.282e-06 0.0287529 0.108925 0.0161272 8.86699e-07 8.14739e-06 0.00335935 0.00151932 0.0560362 4.98473e-05 0.18579 
0.247941 0.0102657 0.00137333 0.200902 0.158712 0.00074555 0.00142858 1.91579e-06 0.197435 0.0068788 0.000711523 0.000852387 0.0360922 0.0419999 0.005039 5.33697e-09 0.000335635 0.089286 
0.895603 0.000278658 0.00442698 0.0014822 2.46997e-05 0.000291364 2.74432e-08 0.00591007 0.000168458 1.61979e-05 2.0062e-05 3.75727e-06 0.0899491 0.00165866 0.000126533 2.65759e-08 3.93347e-05 5.4019e-07 
0.586719 4.70651e-05 0.00486575 0.00670903 0.151505 0.00257211 0.000471619 3.03713e-08 0.0029181 0.00482951 0.157149 0.00907116 0.00106848 0.0657493 5.68745e-06 8.49921e-06 1.24843e-07 0.00631106 
0.40624 0.000153972 0.00581879 0.127758 0.0470748 0.000904857 0.00664611 5.74908e-05 0.0859607 0.182864 0.0366796 0.00027291 0.0230889 0.0592045 0.00100966 5.39264e-09 0.00015716 0.0161084 
0.770595 0.00152932 0.00427923 0.0249078 0.0457823 0.000830362 0.000717259 7.08218e-06 0.011676 0.0481058 0.0387076 0.00151358 0.0244029 0.00496112 0.00261681 4.25295e-07 0.000650706 0.0187166 
0.620477 0.0278834 0.00314178 0.0291704 0.17467 0.000183263 2.95857e-05 0.019124 0.00377628 0.00939878 0.00711824 0.00787269 1.06365e-05 0.0634959 0.003622 3.22052e-05 5.15556e-05 0.0299418 
0.881334 4.23003e-06 1.40941e-06 0.00127082 0.0019482 1.13362e-08 2.04809e-08 3.21458e-05 2.71868e-06 0.0062206 1.84206e-09 1.04365e-05 0.00240389 0.000149489 0.000382618 1.98337e-08 4.53349e-06 0.106235 
0.264526 0.00450854 0.151156 0.0464302 0.0484808 1.05518e-05 2.61841e-05 0.000932876 0.0544944 0.0218406 0.0523414 0.00188771 0.00524938 0.147502 0.177406 1.2413e-06 0.00212325 0.0210819 
0.511119 0.00156547 0.383822 0.00892057 0.0224605 5.79642e-06 8.43143e-09 0.00393897 0.0223157 0.00641439 3.55407e-05 2.45783e-05 2.34819e-06 0.0321108 6.80845e-05 8.16499e-09 5.14713e-05 0.00714509 
0.339679 0.000134149 0.0670598 0.0328633 0.022647 4.41605e-06 3.12828e-09 0.000184636 3.72314e-07 0.000896972 0.0661317 0.000705271 0.00399876 0.298996 0.149946 3.02943e-09 0.00374494 0.0130073 
0.630723 0.000193312 0.00247128 0.0381953 0.0269301 0.0005852 0.00102329 6.88827e-05 0.15272 0.00410869 0.00902482 0.000779485 0.00626924 0.0965166 0.000165922 2.23611e-05 0.00443509 0.0257672 
0.832812 0.00435071 0.000754425 0.0834816 0.0209645 5.64452e-06 1.85287e-08 1.75509e-05 0.0197844 0.00272796 0.000719784 0.00120599 0.000374929 0.00311385 0.0177589 1.79432e-08 0.000164707 0.0117634 
0.786467 5.65165e-05 0.000884056 0.0673665 0.0195685 0.00132533 6.31623e-05 4.09797e-05 0.0327458 0.000401482 0.00252384 0.000131208 0.00265989 0.000364841 0.000637779 4.36909e-07 0.000414035 0.0843484 
0.477488 0.000246474 0.0126182 0.00769643 0.113215 0.000367725 7.38649e-07 1.98303e-07 0.00218478 0.00846829 0.22697 0.00402327 0.00631692 0.0727651 6.61014e-07 0.00175989 0.000846297 0.065033 
0.349177 0.0260913 0.00234099 0.0405258 0.136353 0.000159918 0.000149354 0.000187232 0.0625504 0.108906 0.0353312 9.71751e-05 0.00194225 0.129811 0.00653724 9.68758e-05 4.65899e-06 0.0997393 
0.93188 5.8024e-06 0.00174337 0.00205508 0.0197349 7.53511e-07 1.36136e-06 1.78703e-05 0.00218659 0.0394918 0.000132261 1.07105e-06 4.75837e-07 0.00160689 8.54457e-06 0.000697129 3.62504e-05 0.000399443 
