0.0633108 0.216596 0.0319581 0.167568 0.100467 0.000449632 0.00561318 0.00077741 0.0786752 0.029067 0.0393913 0.00103029 0.00429921 0.0380139 0.00378625 3.05301e-06 0.0262 0.192793 
0.0275418 0.405979 0.00670618 0.0353818 0.0109479 0.000478812 0.000267577 1.59717e-05 0.029232 0.00967641 0.00890096 0.00108885 0.000155196 0.0182326 0.145027 6.827e-08 5.91816e-05 0.300309 
0.00606418 0.821819 0.000205633 0.0168105 0.0287903 0.00108143 1.16193e-06 3.3694e-07 0.0171062 0.00481161 0.000430141 0.00128665 0.000712206 0.0118458 0.000584565 1.37464e-05 4.56593e-05 0.088391 
0.00583512 0.471864 0.00458233 0.0625297 0.0180102 0.000225754 2.33267e-05 4.30998e-08 0.00635097 0.0811032 0.0226795 0.000164227 0.000100416 0.00106325 0.000253578 1.09213e-09 3.65515e-07 0.325214 
0.000993608 0.947886 0.000865467 0.00310712 0.00250272 3.66677e-05 1.93496e-06 4.81863e-09 0.00135252 0.0213375 0.00160441 2.64971e-12 6.66635e-07 0.000570484 2.24161e-10 3.26149e-12 6.18573e-13 0.019741 
0.0311512 0.255522 0.0423042 0.0760171 0.125787 0.000193626 0.00016242 0.000116829 0.0977991 0.00450585 0.0783534 0.000957859 0.00638307 0.252586 0.00303956 0.0025807 0.000140173 0.0223998 
0.000474541 0.682943 0.0111798 0.0242137 0.000122064 0.000560243 3.18334e-06 1.51024e-07 0.0451795 0.0087747 0.00429503 0.00241889 4.5934e-05 0.000519877 0.000568659 2.57689e-12 6.90721e-05 0.218631 
0.00916575 0.446873 0.000211731 0.0419302 0.0172028 0.0432646 0.000152678 2.12282e-06 0.1447 0.00580259 0.00768423 0.0128989 0.00185975 0.00643882 0.00139079 1.68896e-11 0.000104401 0.260318 
0.000761526 0.938405 3.43226e-05 0.00234584 0.00155866 1.53883e-05 4.55301e-05 5.03715e-10 0.00719657 0.00202096 0.000213733 2.33755e-09 0.000204551 0.00121782 0.00147344 1.72711e-12 9.77736e-06 0.0444971 
0.00114229 0.911312 5.14833e-05 0.00342801 0.00233799 2.30817e-05 6.44893e-05 7.14391e-10 0.0106022 0.00292851 0.000320599 3.3156e-09 0.000261833 0.00175588 0.00219868 2.33885e-12 1.46651e-05 0.0635579 
0.0144317 0.366096 0.0276938 0.0967763 0.0768055 0.000671225 0.000496744 1.47621e-05 0.0634478 0.0309908 0.0358075 0.00688663 0.00676362 0.0655485 0.00247204 2.87919e-05 0.00515646 0.199912 
0.00102326 0.771168 0.00151215 0.0113692 0.00158358 0.000535665 3.02783e-08 5.26948e-09 0.00143701 0.0168505 0.000552228 5.2598e-05 4.01298e-06 0.000247369 0.000356798 3.20807e-11 6.9774e-07 0.193307 
0.000991024 0.703179 0.00968066 0.0119788 0.06639 6.08739e-05 0.000228082 1.21454e-06 0.0132578 0.000719049 0.0293518 0.00014926 0.000164034 0.161336 2.98685e-05 1.1234e-12 5.00497e-05 0.00243249 
0.0232177 0.865033 0.00230048 0.00120847 0.0459437 9.98969e-06 0.000391899 0.000154688 0.00284807 0.00163024 0.0312789 0.00148174 0.00165691 0.00933752 0.000612312 0.00112264 3.31485e-06 0.0117681 
0.00627883 0.596953 0.00913533 0.0248401 0.0439084 0.000897109 1.07151e-05 1.57669e-07 0.0270608 0.0156188 0.004377 0.000531724 0.00731344 0.00856667 0.116428 1.17643e-05 6.14514e-05 0.138007 
0.078731 0.404914 2.70345e-05 0.0305712 0.0237171 0.00511741 1.20591e-05 2.23762e-07 0.0873717 0.00583839 0.00855694 0.00114037 0.000772677 0.0037017 0.0356709 2.96786e-10 8.84641e-05 0.313769 
0.00310904 0.581669 0.00181821 0.0215268 0.0213774 7.05205e-05 3.0443e-05 4.63799e-09 0.0575168 0.00559881 0.00456719 0.00480733 0.0152082 0.0924648 0.00518983 2.76885e-11 0.000101486 0.184944 
0.0477557 0.340615 0.00586401 0.0449483 0.0726569 0.0138521 0.000759325 0.000784212 0.0739823 0.0409856 0.0169073 0.00205639 0.0030661 0.0345179 0.00726348 8.78077e-05 0.000137231 0.29376 
0.00890249 0.372577 0.0146816 0.0807451 0.0331269 0.000477976 0.00140863 9.49797e-06 0.0773859 0.0329363 0.0351639 0.000886106 0.00428416 0.0271979 0.00918782 0.00257163 0.000467381 0.29799 
0.00550674 0.701566 0.00321872 0.0208622 0.0143284 4.54306e-05 4.37827e-06 4.58339e-06 0.153551 0.00138069 0.0010177 0.00114719 4.71453e-05 0.0112511 0.0197436 2.50406e-12 2.73994e-05 0.0662975 
0.0292063 0.675835 0.004356 0.0335294 0.0452706 0.00657051 4.22649e-05 1.76685e-05 0.0127013 0.00729632 0.00389621 0.00203607 0.00979034 0.017635 0.0151138 8.48977e-06 0.000121421 0.136574 
0.000761526 0.938405 3.43226e-05 0.00234584 0.00155866 1.53883e-05 4.55301e-05 5.03715e-10 0.00719657 0.00202096 0.000213733 2.33755e-09 0.000204551 0.00121782 0.00147344 1.72711e-12 9.77736e-06 0.0444971 
0.00334473 0.864548 0.00609666 0.0100686 0.0279397 0.000886394 0.00394639 1.307e-06 0.00788266 0.0029913 0.000674298 0.000228627 0.00202089 0.0045717 7.56886e-05 3.59624e-06 6.23936e-06 0.0647135 
0.0226076 0.420237 0.0345142 0.0647946 0.00754637 0.00348621 1.95751e-05 1.24233e-05 0.268425 0.00739493 0.0139759 0.00725812 0.00063646 0.0115321 0.00226577 3.07689e-06 7.75282e-05 0.135213 
6.70039e-05 0.933254 0.0169715 0.00414483 0.00751663 4.20635e-05 0.000141882 1.27526e-06 0.0176711 0.000979288 0.00409031 8.68348e-08 9.43905e-05 0.0113026 2.85164e-05 1.50941e-09 2.22128e-07 0.00369401 
0.0910315 0.336807 0.00280254 0.0178953 0.0639187 0.00979222 0.000297173 9.14805e-05 0.0325043 0.0616816 0.0713586 0.000662171 0.111302 0.049612 0.00195712 2.26092e-08 0.000463057 0.147823 
0.00103755 0.471047 0.049772 0.0420068 4.66471e-05 0.00137138 2.25263e-05 1.94994e-07 0.178452 0.00892001 0.0228447 0.0103181 0.000117506 0.00421662 0.100962 5.40016e-08 3.47705e-05 0.10883 
0.00505524 0.849427 0.00109389 0.0140802 0.0217823 0.0030209 1.16409e-05 1.26594e-06 0.0324537 0.00745291 0.00293 0.000713128 0.000499391 0.00945175 0.00050159 2.15001e-06 2.51701e-05 0.0514975 
0.0593587 0.559218 0.00094496 0.0592765 0.0509514 0.0389333 0.000117949 1.44977e-05 0.00246488 0.0398515 0.0441862 0.0037846 0.000277085 0.0139988 0.00155282 0.0136821 1.90045e-05 0.111368 
0.00606418 0.821819 0.000205633 0.0168105 0.0287903 0.00108143 1.16193e-06 3.3694e-07 0.0171062 0.00481161 0.000430141 0.00128665 0.000712206 0.0118458 0.000584565 1.37464e-05 4.56593e-05 0.088391 
0.00716362 0.352487 0.000716116 0.0195548 0.045722 0.0018643 6.58182e-06 1.13659e-05 0.0372723 0.0101316 0.00229286 0.000468637 0.0119644 0.00809714 0.27863 1.15402e-05 0.000322055 0.223283 
0.0370382 0.565926 0.010416 0.0708514 0.039418 0.00354169 3.40452e-05 7.27676e-06 0.127696 0.00534362 0.00522839 0.000225321 0.000534271 0.0315646 0.000614554 1.22001e-08 5.23447e-05 0.101508 
0.200463 0.39038 0.00512102 0.107734 0.0379863 0.0100624 0.000268639 5.83757e-06 0.0101872 0.0420519 0.0276 0.00276632 0.0402319 0.0279494 0.000772829 3.92728e-05 0.00022656 0.0961528 
0.0302519 0.616502 0.00186889 0.0173917 0.022517 5.43485e-05 1.19616e-07 2.76218e-08 0.00997378 0.0270483 0.00479023 5.7644e-08 0.0051867 0.0128012 0.00472449 3.68866e-11 0.000601241 0.246289 
0.175131 0.27098 0.0167673 0.103915 0.141506 0.0102598 0.000952715 4.17397e-05 0.0895718 0.00335393 0.0176204 0.00200694 0.00490948 0.089076 0.000383316 3.16427e-10 0.0028906 0.070634 
0.00124848 0.729483 0.0148046 0.00843201 0.0708957 0.000330721 3.65354e-12 4.5876e-10 0.0178702 0.0171674 0.000362247 2.31981e-05 0.00033562 0.00495645 0.000282397 6.3251e-06 5.61143e-07 0.133801 
0.00250043 0.762321 0.0103374 0.0174162 0.0848914 0.000330638 1.25376e-12 8.51214e-08 0.0263017 0.00404872 0.000479169 0.000242366 0.000472666 0.00743911 0.000115973 6.31201e-06 2.55102e-05 0.0830714 
0.0427539 0.435278 0.0291022 0.0692067 0.11367 0.000895769 2.62626e-08 0.000113599 0.041089 0.0336932 0.010255 0.000405196 0.000114327 0.0422452 0.000804128 2.26937e-05 4.24179e-05 0.180309 
0.0691833 0.433959 0.00444843 0.108731 0.0377952 0.000146435 2.74677e-07 6.75611e-08 0.0469457 0.0581632 0.0215618 0.00299381 0.018693 0.0609813 0.00617938 2.56807e-06 0.00102178 0.129193 
0.00124848 0.729483 0.0148046 0.00843201 0.0708957 0.000330721 3.65354e-12 4.5876e-10 0.0178702 0.0171674 0.000362247 2.31981e-05 0.00033562 0.00495645 0.000282397 6.3251e-06 5.61143e-07 0.133801 
0.00287079 0.842484 0.00434942 0.0109438 0.029023 0.000188521 2.16262e-05 2.86613e-07 0.0169296 0.00286828 0.00251513 0.000634141 3.53317e-05 0.0162292 9.37224e-05 1.70333e-07 3.25052e-05 0.0707809 
0.00893545 0.619726 0.00284897 0.0645782 0.0456794 0.000298464 2.00738e-05 7.16141e-07 0.00744342 0.13191 0.00229586 0.000488485 0.00173076 0.0265524 0.000207695 0.000217701 8.4202e-05 0.0869819 
0.00734836 0.789584 0.0046501 0.0167508 0.0327447 0.00162547 0.00509583 0.00644733 0.0261079 0.00970064 0.0047048 0.000594655 0.00620983 0.0117695 0.00304963 1.17077e-05 0.000305998 0.0732989 
0.000373885 0.696912 0.00330091 0.0162152 0.00296129 1.11095e-05 6.79928e-06 1.95351e-08 0.139905 0.000877022 0.000723603 0.000638107 2.94641e-05 0.00246976 0.0141083 1.49035e-12 6.17068e-06 0.121462 
0.014787 0.716805 0.0255357 0.0159478 0.0334513 0.000962725 0.00478061 0.00948315 0.0249771 0.00942089 0.00936273 0.0056913 0.00332627 0.0119029 0.000862979 0.000183905 7.07622e-05 0.112448 
0.133672 0.737991 9.5405e-07 0.0573449 0.0043902 9.53439e-07 0.000477335 9.52913e-07 9.54196e-07 0.00868234 0.00553495 0.00505231 9.53743e-07 9.54154e-07 0.00448272 9.52811e-07 0.00276754 0.0395988 
2.63332e-09 0.953401 0.00295492 0.00457745 7.66411e-10 2.95948e-08 3.79746e-07 1.45346e-09 0.0299711 0.000381824 0.000507168 8.92956e-05 1.59592e-08 0.000270077 2.46326e-05 4.92009e-12 2.67894e-06 0.00781978 
0.0261865 0.416537 0.00900275 0.0387432 0.0420293 0.000283747 0.00123405 2.2081e-06 0.104551 0.0367986 0.0419934 0.0833133 0.0182448 0.06903 0.00124235 3.42745e-06 0.000997493 0.109807 
0.000504105 0.969158 0.000164463 0.00331153 0.000232774 2.27248e-06 9.30117e-12 1.96056e-09 8.31006e-05 0.00121807 0.000213135 0.000391742 3.16965e-07 2.24796e-09 1.61036e-05 9.00725e-12 6.13226e-09 0.0247047 
0.0520153 0.252438 0.0115781 0.129898 0.0511446 0.00502217 0.000407554 9.40955e-06 0.0411326 0.176655 0.0309848 0.00481909 0.00313865 0.021231 0.00617966 0.00313369 6.21509e-05 0.21015 
0.000410217 0.835968 0.00192758 0.00497769 0.00273576 5.95219e-05 7.54511e-05 3.81156e-06 0.0359601 0.0025024 0.000497142 0.000118898 0.000364544 0.00882916 0.023711 9.99603e-07 1.88493e-05 0.0818391 
0.00167184 0.537091 0.00165143 0.02523 0.00550775 2.87769e-05 2.34368e-05 2.60747e-06 0.0325864 0.00602229 0.00381136 0.00121427 0.0572567 0.0085609 0.00456193 1.30086e-08 1.45484e-05 0.314765 
0.00261749 0.509301 0.0375914 0.025999 0.0172266 0.0105962 4.87345e-06 9.31388e-08 0.0884577 0.00633216 0.00681008 0.000868207 0.0233778 0.0347168 0.00224583 6.07569e-11 8.9877e-08 0.233854 
0.00114229 0.911312 5.14833e-05 0.00342801 0.00233799 2.30817e-05 6.44893e-05 7.14391e-10 0.0106022 0.00292851 0.000320599 3.3156e-09 0.000261833 0.00175588 0.00219868 2.33885e-12 1.46651e-05 0.0635579 
0.00163226 0.687202 0.0393633 0.0691971 0.00982708 9.24154e-05 0.000589376 2.80933e-06 0.0121284 0.00752253 0.0834403 0.000615829 0.0100122 0.0613425 0.00113604 8.90829e-08 2.75331e-05 0.0158687 
0.0510011 0.452128 0.000570629 0.0100917 0.0308393 0.0263123 1.16981e-06 5.39732e-07 0.00883453 0.00579116 0.00287611 0.000925711 0.0177138 0.00820138 0.000117974 7.77694e-06 0.000156896 0.38443 
0.00466741 0.839174 0.00189897 0.01012 0.00251933 0.00160039 8.88027e-06 2.90515e-07 0.0075032 0.0040083 0.000951214 0.00122511 0.00728249 0.00356364 0.0161721 1.03285e-08 2.58624e-05 0.0992788 
0.00573309 0.48746 0.0268976 0.00903594 0.214992 0.000885294 1.41327e-11 4.54563e-10 0.011701 0.0390885 0.0231363 1.35651e-05 0.000395437 0.00289136 0.000164794 3.72311e-06 3.33549e-07 0.177601 
0.0160576 0.702713 0.000559742 0.0235829 0.0656236 0.00290653 8.41776e-06 2.23223e-06 0.0244085 0.00419297 0.00203237 0.00113779 0.00285811 0.0160328 0.000315183 3.61119e-05 2.91809e-05 0.137502 
0.00828739 0.709121 0.000419175 0.0156385 0.0470684 0.00292813 1.94004e-05 1.16026e-07 0.0181083 0.00676229 0.00165581 0.00172984 0.0286061 0.00921928 0.00107544 3.7942e-05 0.00015504 0.149168 
0.020463 0.626391 0.00734989 0.0395923 0.036133 0.00221581 0.000464317 3.98203e-06 0.069168 0.00805172 0.00472935 0.00111505 0.00462432 0.0119535 0.00887512 1.41512e-05 0.000273173 0.158582 
0.000761526 0.938405 3.43226e-05 0.00234584 0.00155866 1.53883e-05 4.55301e-05 5.03715e-10 0.00719657 0.00202096 0.000213733 2.33755e-09 0.000204551 0.00121782 0.00147344 1.72711e-12 9.77736e-06 0.0444971 
0.000230508 0.868794 5.66801e-13 5.21615e-05 3.23147e-09 0.098958 3.7703e-07 2.77901e-09 6.9356e-05 0.00383917 3.48788e-06 0.00136091 7.60244e-05 7.71081e-05 6.97162e-05 3.7432e-12 1.91758e-08 0.0264692 
0.0162318 0.594484 0.0184483 0.124709 0.00988181 0.00180735 2.08728e-05 4.81843e-07 0.0670496 0.0435513 0.00614334 0.000451043 0.000192246 0.0231427 0.00102359 7.49887e-09 7.00736e-06 0.0928554 
0.000761526 0.938405 3.43226e-05 0.00234584 0.00155866 1.53883e-05 4.55301e-05 5.03715e-10 0.00719657 0.00202096 0.000213733 2.33755e-09 0.000204551 0.00121782 0.00147344 1.72711e-12 9.77736e-06 0.0444971 
0.0154428 0.807464 5.17302e-05 0.0081239 0.0256124 0.00156519 7.39424e-05 3.49626e-07 0.0065871 0.00284763 0.00126805 0.000287393 0.000380811 0.00468514 7.23147e-05 7.3886e-12 1.76048e-05 0.125519 
0.00261749 0.509301 0.0375914 0.025999 0.0172266 0.0105962 4.87345e-06 9.31388e-08 0.0884577 0.00633216 0.00681008 0.000868207 0.0233778 0.0347168 0.00224583 6.07569e-11 8.9877e-08 0.233854 
0.0745456 0.229935 0.00313934 0.068672 0.144839 5.4729e-06 0.0011793 4.88742e-07 0.223559 0.04921 0.0209903 0.00254609 0.0032488 0.0544565 0.00533376 2.34606e-09 0.00281374 0.115526 
0.114442 0.327068 0.0161184 0.0578406 0.104413 0.000995588 8.66855e-06 3.75521e-05 0.0318699 0.0547841 0.0109428 4.42779e-05 0.00051537 0.17649 0.00136945 5.22534e-08 2.03728e-05 0.10304 
0.0290333 0.715857 0.000162463 0.0117529 0.0132898 0.000183665 0.00108508 3.62645e-05 0.00610219 0.0204232 0.00768002 4.95371e-06 0.000125115 0.0213841 0.00245787 2.55863e-11 3.09473e-05 0.170391 
0.00775993 0.363097 0.0929309 0.0514866 0.0736034 2.47875e-06 3.86545e-08 3.04255e-09 0.0170796 0.0237279 0.00250884 4.14629e-11 3.24284e-09 0.00637584 0.000953947 7.08488e-09 9.93548e-09 0.360473 
0.00352425 0.874839 0.00667258 0.0109802 0.0210239 7.33848e-05 0.000114842 2.92681e-06 0.0205551 0.00243255 0.00374302 8.0985e-05 0.00200678 0.0161261 0.000748694 1.43847e-09 0.000129765 0.0369463 
0.000761526 0.938405 3.43226e-05 0.00234584 0.00155866 1.53883e-05 4.55301e-05 5.03715e-10 0.00719657 0.00202096 0.000213733 2.33755e-09 0.000204551 0.00121782 0.00147344 1.72711e-12 9.77736e-06 0.0444971 
0.000603889 0.905264 0.00346891 0.00400815 0.0244754 0.000253595 2.0301e-10 1.92903e-10 0.00724745 0.00244121 0.000222051 8.85623e-06 0.0033114 0.00238176 0.000134832 2.41386e-06 1.95374e-05 0.0461565 
0.0277339 0.555881 0.00165002 0.0228653 0.0313598 0.000744026 6.30931e-05 6.2889e-06 0.0279568 0.0336425 0.00498587 0.000555094 0.000319931 0.0109719 0.0709798 2.25995e-09 0.00015356 0.210131 
0.0187199 0.269058 0.00929116 0.0243122 0.247725 0.012666 0.000443183 3.97192e-06 0.0323278 0.0269938 0.0523693 0.00014857 0.0129636 0.166324 0.0026487 8.48437e-08 0.000391764 0.123613 
0.00154161 0.427251 0.00713779 0.0199548 0.0166998 0.00194185 0.0130767 7.98512e-06 1.46611e-06 0.193225 0.00564736 3.71605e-08 2.7464e-07 0.00806229 0.00759814 4.65778e-11 7.36556e-09 0.297854 
0.000555286 0.582987 0.000821472 0.00810911 0.00176133 6.51932e-05 0.0179762 2.54303e-12 0.0157679 0.00853114 0.000449629 7.38907e-09 0.000159427 0.00166416 0.116752 2.7307e-12 1.14222e-05 0.244388 
0.21515 0.456658 0.0174411 0.00289339 0.0829612 0.000228993 0.000287584 1.74302e-05 0.00873347 0.142248 0.0609491 2.23601e-10 9.93393e-11 0.00786428 2.90815e-07 2.75226e-10 5.21993e-11 0.00456725 
0.000311599 0.772483 0.00233494 0.0444045 0.00186398 8.67001e-06 3.00853e-06 9.99197e-07 0.0170633 0.0107689 0.0117472 0.000287069 9.6021e-09 0.000114165 0.000404981 1.53292e-05 1.11059e-06 0.138187 
0.0130452 0.490715 0.000235944 0.044488 0.0960679 0.000785164 1.66518e-10 6.76301e-06 0.0381646 0.0419533 0.000124543 0.000231396 0.00849412 0.00844784 0.00455069 1.15869e-05 0.00022059 0.252457 
0.00282334 0.258025 0.018886 0.0964343 0.0389076 0.000118192 5.72842e-06 3.55747e-05 0.0912602 0.0213937 0.0139325 4.93663e-05 0.000881702 0.00703508 0.19749 1.072e-07 0.0169365 0.235785 
0.000230508 0.868794 5.66801e-13 5.21615e-05 3.23147e-09 0.098958 3.7703e-07 2.77901e-09 6.9356e-05 0.00383917 3.48788e-06 0.00136091 7.60244e-05 7.71081e-05 6.97162e-05 3.7432e-12 1.91758e-08 0.0264692 
0.00739549 0.421805 0.0182048 0.0759539 0.14001 0.000109808 0.000185214 1.142e-06 0.140454 0.0213627 0.0238218 0.000161944 0.000155705 0.14455 3.1085e-05 7.28041e-11 4.68189e-05 0.0057501 
0.0031085 0.508477 0.00467261 0.077406 0.0110119 0.000368552 2.77024e-09 4.92491e-07 0.025601 0.0142639 0.000443484 0.000594679 2.49402e-09 0.00162037 0.00533666 4.06238e-08 1.79554e-05 0.347076 
0.00295413 0.627676 0.000331554 0.0240346 0.0295844 2.38564e-05 7.42838e-05 1.29667e-09 0.0155551 0.00419739 0.00167498 0.000311351 7.43256e-05 0.0117917 0.00199646 1.00054e-08 1.72509e-06 0.279718 
0.0127823 0.794879 0.000197562 0.0186348 0.0225152 5.42632e-05 5.12992e-08 1.18401e-08 0.00997286 0.00427228 0.000713975 2.47188e-08 0.00518542 0.0137659 0.00125452 7.28688e-12 0.000601091 0.115171 
0.000504105 0.969158 0.000164463 0.00331153 0.000232774 2.27248e-06 9.30117e-12 1.96056e-09 8.31006e-05 0.00121807 0.000213135 0.000391742 3.16965e-07 2.24796e-09 1.61036e-05 9.00725e-12 6.13226e-09 0.0247047 
0.000504105 0.969158 0.000164463 0.00331153 0.000232774 2.27248e-06 9.30117e-12 1.96056e-09 8.31006e-05 0.00121807 0.000213135 0.000391742 3.16965e-07 2.24796e-09 1.61036e-05 9.00725e-12 6.13226e-09 0.0247047 
0.00993906 0.759391 0.000666441 0.0153498 0.0162107 0.00487354 0.000452251 2.78834e-06 0.0112687 0.0335627 0.00286935 0.000340603 0.000761337 0.00872294 0.000489408 3.00343e-11 1.09962e-05 0.135088 
0.00288327 0.507136 0.00228222 0.0803788 0.000977628 0.000287017 2.86685e-05 4.52957e-09 0.00816176 0.0278066 0.00384303 0.000207426 0.00012784 0.00136552 0.000323172 3.83595e-11 3.75877e-07 0.36419 
0.00404975 0.912281 0.000408035 0.0056729 0.00219659 0.00503662 9.64283e-06 1.49429e-08 0.00659082 0.00934819 0.00060083 0.000366105 0.00299997 0.00066096 0.000646183 5.84404e-09 1.6762e-05 0.0491152 
0.0557878 0.657724 0.00293291 0.0238615 0.0223346 0.00192026 0.000775882 0.00316741 0.0238551 0.0298892 0.0088698 0.00323128 0.00216929 0.0321739 0.00120879 1.97158e-05 0.000205016 0.129873 
0.00692677 0.735602 0.000335342 0.013322 0.0380133 0.00234251 4.12453e-05 9.288e-08 0.0144866 0.00650319 0.00132465 0.00138388 0.0229542 0.00737543 0.000872367 3.03548e-05 0.000124033 0.148362 
0.0534249 0.490954 0.00262896 0.0958615 0.046031 0.00577304 0.000663572 0.00023914 0.0440638 0.0189009 0.0648707 0.00330087 0.000372157 0.0422243 0.000834758 1.41946e-10 6.38946e-05 0.129792 
0.0264814 0.487396 0.00312915 0.00821493 0.018055 0.00117163 0.00288865 2.57587e-06 0.12046 0.00672347 0.0440621 0.000354383 0.000130596 0.0304395 0.00133575 0.00147912 3.73811e-05 0.247639 
0.000457242 0.705194 0.00396255 0.0152987 0.00419272 5.81003e-05 2.12059e-05 9.84817e-08 0.0750316 0.00214662 0.000936498 0.001115 0.00466278 0.00466226 0.0408575 1.99493e-12 1.21543e-05 0.141391 
0.0263396 0.786233 0.00518761 0.0282406 0.05168 0.000435591 0.000147304 1.62499e-11 0.0018294 0.0152527 0.0271284 0.00103988 0.00431099 0.0161843 7.81052e-07 1.51831e-07 7.2441e-05 0.0359175 
0.0346418 0.416632 0.00989594 0.101565 0.0657626 0.00267777 0.000235971 1.13684e-05 0.0505871 0.0323247 0.0201939 0.00164447 0.000918024 0.0280609 0.00240647 2.32478e-05 0.00680679 0.225612 
0.0240243 0.37401 0.00942518 0.0412326 0.0142047 0.0013007 0.0013279 2.32935e-05 0.0804183 0.145135 0.0299322 0.00155649 0.00081391 0.0150487 0.0031438 0.000141751 0.00380714 0.254453 
0.000373885 0.696912 0.00330091 0.0162152 0.00296129 1.11095e-05 6.79928e-06 1.95351e-08 0.139905 0.000877022 0.000723603 0.000638107 2.94641e-05 0.00246976 0.0141083 1.49035e-12 6.17068e-06 0.121462 
0.00124844 0.832826 0.0090728 0.00791184 0.0641019 0.000330627 9.05056e-13 1.87641e-10 0.0178701 0.00349131 0.000362224 2.31756e-05 0.000335545 0.00476108 0.00011597 6.30983e-06 5.56576e-07 0.0575418 
0.00840644 0.49109 0.0022369 0.0321491 0.0174047 0.00244292 0.013163 1.8263e-08 0.0210509 0.00835001 0.00342337 0.000155972 0.00658828 0.00525829 0.0163979 8.3346e-07 9.66633e-05 0.371785 
0.0113003 0.583728 0.00650669 0.0615414 0.0299036 0.00165085 8.9698e-06 2.85801e-05 0.116774 0.0261807 0.00718147 0.000623345 5.36771e-05 0.0167202 0.00457402 2.0008e-10 6.23327e-06 0.133217 
1.35392e-05 0.981888 3.13471e-11 0.000155687 1.6265e-13 2.26637e-08 9.01565e-10 2.62585e-12 5.83697e-06 0.000590521 2.29346e-05 2.29073e-12 0.000135698 0.000112281 9.95691e-05 2.81962e-12 2.38099e-08 0.0169762 
0.0205203 0.717925 0.00565813 0.0266771 0.045102 0.00242164 0.000227322 6.41367e-06 0.0372896 0.00775784 0.00897801 0.000963042 0.00161509 0.033096 0.00313194 0.00171845 0.000187303 0.0867253 
0.00692677 0.735602 0.000335342 0.013322 0.0380133 0.00234251 4.12453e-05 9.288e-08 0.0144866 0.00650319 0.00132465 0.00138388 0.0229542 0.00737543 0.000872367 3.03548e-05 0.000124033 0.148362 
0.00580596 0.842402 0.000820834 0.0136522 0.0323971 0.0052787 1.81841e-05 2.25817e-06 0.0437948 0.00198477 0.00353571 0.000311395 0.000330395 0.00893135 8.59839e-05 4.38994e-12 1.27779e-05 0.0406358 
0.0159946 0.687914 0.00391942 0.0212241 0.0369262 0.001103 0.00180197 1.73875e-05 0.0653385 0.0108086 0.00570031 0.000513413 0.00311224 0.0236186 0.00422637 1.74549e-06 0.000360236 0.117419 
0.00191225 0.769728 0.00570881 0.0163868 0.034929 4.40796e-05 0.000575114 3.67321e-07 0.0320958 0.00609051 0.0100097 0.00106083 0.00171457 0.0513707 0.0044139 6.05425e-08 2.2025e-05 0.063937 
0.0467374 0.550299 0.00585254 0.0453201 0.0449196 0.00313286 6.15677e-05 1.76564e-05 0.0287701 0.0341664 0.0199655 0.00432769 0.00878249 0.0328391 0.00859928 3.68444e-06 0.000212087 0.165993 
0.0383566 0.374138 0.00765979 0.247518 0.065276 0.000153248 3.97957e-05 1.07962e-05 0.0806451 0.0227664 0.00514555 0.00112386 0.00361981 0.0303344 0.00329138 1.07241e-07 0.000102481 0.119819 
0.00848489 0.922076 0.000814833 0.00533528 0.00151146 0.0012134 7.52448e-12 6.13148e-09 0.00047541 0.00405725 0.000778648 0.00149152 0.000164189 0.000886277 5.95551e-05 2.72574e-08 2.75039e-06 0.0526482 
0.0158751 0.711975 0.00404821 0.0165701 0.0187558 0.000575706 0.0162681 0.0439922 0.0191353 0.0119824 0.00341669 9.63926e-05 0.00207347 0.00808837 0.000438546 3.81283e-06 0.000272446 0.126432 
0.00720439 0.339534 0.000181406 0.0193313 0.0468828 0.00033474 1.6694e-05 5.71814e-06 0.0159317 0.240771 0.000966555 0.00155217 0.000173903 0.00701335 0.00396593 1.40479e-05 3.52991e-05 0.316086 
0.127392 0.29959 0.00300271 0.0363394 0.224252 0.00407818 7.31231e-05 1.82064e-06 0.0892828 0.0312611 0.0112247 2.02715e-05 0.000575809 0.144097 8.46298e-05 7.30334e-08 9.64938e-05 0.0286284 
0.0155082 0.729086 0.000465782 0.0208047 0.0514511 0.00781083 0.000110459 6.24525e-07 0.0199886 0.00387547 0.00283586 0.000582521 0.00244256 0.0194156 7.23036e-05 4.70972e-12 4.02025e-05 0.12551 
0.000991024 0.703179 0.00968066 0.0119788 0.06639 6.08739e-05 0.000228082 1.21454e-06 0.0132578 0.000719049 0.0293518 0.00014926 0.000164034 0.161336 2.98685e-05 1.1234e-12 5.00497e-05 0.00243249 
0.000373885 0.696912 0.00330091 0.0162152 0.00296129 1.11095e-05 6.79928e-06 1.95351e-08 0.139905 0.000877022 0.000723603 0.000638107 2.94641e-05 0.00246976 0.0141083 1.49035e-12 6.17068e-06 0.121462 
0.00405049 0.815549 0.00253741 0.0165122 0.0219545 0.00612096 2.899e-05 2.65789e-06 0.0898185 0.00199531 0.00665746 0.000463834 0.000316917 0.0084292 0.000164392 2.63625e-12 2.30901e-05 0.0253755 
1.35392e-05 0.981888 3.13471e-11 0.000155687 1.6265e-13 2.26637e-08 9.01565e-10 2.62585e-12 5.83697e-06 0.000590521 2.29346e-05 2.29073e-12 0.000135698 0.000112281 9.95691e-05 2.81962e-12 2.38099e-08 0.0169762 
0.0404376 0.711585 0.0135215 0.0148029 0.0403648 0.000856761 0.00207294 3.74641e-06 0.0791941 0.00777686 0.0101034 0.000272953 0.00184614 0.0269594 0.00356368 1.92026e-08 0.00413695 0.0425011 
0.198156 0.268382 0.000744947 0.011409 0.0666479 6.73882e-05 2.82232e-05 0.000101571 0.140439 0.0165717 0.0298027 0.00127587 0.000125291 0.237854 0.0035546 7.3367e-05 0.000186787 0.0245797 
0.000976116 0.835718 0.000800849 0.00799313 0.00376924 2.2474e-05 3.64082e-05 4.11055e-08 0.0541055 0.00196514 0.000562334 0.000123684 0.000923236 0.00236865 0.00803578 1.82459e-12 3.52957e-05 0.082564 
0.00994629 0.632666 0.0190742 0.0262031 0.0152641 0.00276791 2.66208e-05 2.13031e-05 0.12242 0.0122174 0.00849551 0.00152552 0.00640388 0.0211504 0.000436649 3.98055e-05 3.53821e-05 0.121307 
0.000179291 0.542645 0.000545641 0.00284178 0.0061572 4.1519e-05 0.0022798 3.03416e-09 0.050185 0.00196204 0.00802972 0.0603918 0.0190901 0.0649367 0.113177 3.12492e-10 3.99147e-07 0.127537 
0.0187768 0.620342 0.0105072 0.0154343 0.0213769 0.0929033 0.000238882 1.83166e-05 0.0398331 0.0183102 0.00548657 0.000431673 0.0007098 0.0148212 0.00288931 4.41609e-05 0.000123528 0.137752 
0.0550016 0.18649 0.0132843 0.0222715 0.116718 0.0783363 0.000129877 1.4527e-07 0.117565 0.00230165 0.00678302 0.000654969 0.0303645 0.085437 0.117659 4.17903e-05 0.000252688 0.16671 
0.00124848 0.729483 0.0148046 0.00843201 0.0708957 0.000330721 3.65354e-12 4.5876e-10 0.0178702 0.0171674 0.000362247 2.31981e-05 0.00033562 0.00495645 0.000282397 6.3251e-06 5.61143e-07 0.133801 
0.00424561 0.698922 0.00183568 0.0199556 0.0141064 4.4482e-05 1.80816e-05 3.86018e-07 0.085369 0.00209115 0.00157291 0.000307758 0.00149937 0.0103691 0.00858757 2.2583e-10 0.000152133 0.150923 
0.0012598 0.653635 0.000151927 0.00922365 0.0136878 0.000251145 1.59834e-06 2.59656e-07 0.012725 0.0119499 0.00106567 0.000104977 0.00722897 0.00406528 7.74518e-05 2.37453e-06 0.00012854 0.28444 
0.00295413 0.627676 0.000331554 0.0240346 0.0295844 2.38564e-05 7.42838e-05 1.29667e-09 0.0155551 0.00419739 0.00167498 0.000311351 7.43256e-05 0.0117917 0.00199646 1.00054e-08 1.72509e-06 0.279718 
0.00114229 0.911312 5.14833e-05 0.00342801 0.00233799 2.30817e-05 6.44893e-05 7.14391e-10 0.0106022 0.00292851 0.000320599 3.3156e-09 0.000261833 0.00175588 0.00219868 2.33885e-12 1.46651e-05 0.0635579 
0.000555286 0.582987 0.000821472 0.00810911 0.00176133 6.51932e-05 0.0179762 2.54303e-12 0.0157679 0.00853114 0.000449629 7.38907e-09 0.000159427 0.00166416 0.116752 2.7307e-12 1.14222e-05 0.244388 
0.0247709 0.789746 0.000212013 3.86532e-06 8.15785e-08 0.00101326 2.50388e-10 2.25812e-10 0.000178923 8.46963e-05 1.63228e-07 7.43093e-08 8.75184e-11 1.95057e-11 0.000365117 2.42476e-10 5.05431e-09 0.183625 
0.00703451 0.604797 0.00908814 0.0640954 0.0324202 0.000172625 5.90177e-06 8.25849e-08 0.143433 0.00319017 0.0157029 0.000489867 0.000102922 0.0134604 0.0125005 0.000103368 1.7867e-05 0.0933844 
0.0146486 0.416852 0.0145491 0.0288721 0.055253 0.00884053 0.000476585 6.26407e-05 0.102307 0.107245 0.0146046 0.00031153 0.00388558 0.0224684 0.00222876 0.000293518 0.000183343 0.206918 
0.00310904 0.581669 0.00181821 0.0215268 0.0213774 7.05205e-05 3.0443e-05 4.63799e-09 0.0575168 0.00559881 0.00456719 0.00480733 0.0152082 0.0924648 0.00518983 2.76885e-11 0.000101486 0.184944 
0.00606418 0.821819 0.000205633 0.0168105 0.0287903 0.00108143 1.16193e-06 3.3694e-07 0.0171062 0.00481161 0.000430141 0.00128665 0.000712206 0.0118458 0.000584565 1.37464e-05 4.56593e-05 0.088391 
0.00124844 0.832826 0.0090728 0.00791184 0.0641019 0.000330627 9.05056e-13 1.87641e-10 0.0178701 0.00349131 0.000362224 2.31756e-05 0.000335545 0.00476108 0.00011597 6.30983e-06 5.56576e-07 0.0575418 
0.000338369 0.722881 0.00165591 0.0110395 0.00296366 0.000103317 3.84321e-05 5.52557e-08 0.0208655 0.00363861 0.000677862 0.000619554 0.0166962 0.00640814 0.0575978 2.53131e-12 1.16304e-08 0.154476 
0.00291344 0.778683 0.00635791 0.0156451 0.044413 0.00239362 9.60454e-05 2.70543e-06 0.0545214 0.00138665 0.0165178 0.000572808 0.000290622 0.0628898 0.00018973 2.0841e-12 5.09233e-05 0.0130753 
0.0194405 0.736041 0.00800642 0.0326128 0.0263136 0.0061387 6.13081e-05 1.39078e-05 0.0178298 0.00965446 0.0110012 0.00860274 0.000477133 0.00803188 0.00585552 1.49481e-05 1.96499e-05 0.109884 
6.70039e-05 0.933254 0.0169715 0.00414483 0.00751663 4.20635e-05 0.000141882 1.27526e-06 0.0176711 0.000979288 0.00409031 8.68348e-08 9.43905e-05 0.0113026 2.85164e-05 1.50941e-09 2.22128e-07 0.00369401 
0.000993608 0.947886 0.000865467 0.00310712 0.00250272 3.66677e-05 1.93496e-06 4.81863e-09 0.00135252 0.0213375 0.00160441 2.64971e-12 6.66635e-07 0.000570484 2.24161e-10 3.26149e-12 6.18573e-13 0.019741 
0.00848197 0.786158 0.00229359 0.0134145 0.0387732 0.00196514 0.000883327 8.50154e-07 0.0280595 0.014102 0.0102321 0.000555966 0.000809477 0.0483231 0.000196424 6.98299e-08 1.79982e-05 0.0457328 
0.0150037 0.535169 0.0126105 0.0707328 0.000581419 0.000279545 1.7332e-05 4.36163e-07 0.0835964 0.0123906 0.0194192 0.00145512 9.92935e-06 0.00043783 0.00500393 8.06623e-11 3.20468e-05 0.24326 
8.29907e-05 0.863761 0.00389844 0.00348805 1.88391e-08 3.10561e-08 6.22964e-07 1.52463e-09 0.120366 0.000140411 0.00186691 7.18506e-08 3.4568e-05 0.00141904 4.10369e-05 4.4954e-12 1.11785e-05 0.00489034 
0.000280057 0.910743 6.84068e-05 0.00873049 0.0488722 4.75291e-10 0.000206068 1.07498e-11 0.00532747 0.000155041 9.91973e-05 0.00140793 9.88286e-06 0.00961918 9.01996e-07 4.47797e-08 4.89689e-07 0.0144801 
0.000555286 0.582987 0.000821472 0.00810911 0.00176133 6.51932e-05 0.0179762 2.54303e-12 0.0157679 0.00853114 0.000449629 7.38907e-09 0.000159427 0.00166416 0.116752 2.7307e-12 1.14222e-05 0.244388 
0.114548 0.288008 0.0135335 0.0347368 0.0534054 9.72967e-05 0.0108133 0.00116396 0.0857345 0.0263278 0.0383042 0.000272466 0.0825621 0.218303 0.00254163 6.49385e-06 0.00226117 0.0273797 
0.111392 0.455588 0.016774 0.0242795 0.043897 0.000110929 0.000139112 9.7143e-07 0.0421698 0.00300174 0.00805226 8.26095e-05 5.66199e-05 0.0101844 0.0221867 8.05366e-05 4.2377e-05 0.261962 
0.0224018 0.775787 0.00129795 0.025536 0.0580287 0.000951001 0.00824162 0.000108484 0.00902544 0.0117398 0.00118703 0.000528832 9.4161e-05 0.023093 0.00188693 9.87026e-05 2.80322e-05 0.0599659 
0.0166228 0.669042 0.000524777 0.0113882 0.0194923 0.00446008 1.56996e-05 8.54206e-06 0.0260017 0.00614622 0.00246953 0.00143495 0.00648122 0.0088609 0.0804561 3.36877e-05 0.000148965 0.146412 
0.00692677 0.735602 0.000335342 0.013322 0.0380133 0.00234251 4.12453e-05 9.288e-08 0.0144866 0.00650319 0.00132465 0.00138388 0.0229542 0.00737543 0.000872367 3.03548e-05 0.000124033 0.148362 
0.00156253 0.518788 1.66136e-07 0.00100499 3.2841e-07 0.00397378 1.73095e-08 1.53713e-10 0.00252131 0.117013 0.00127132 2.87458e-07 9.2609e-05 8.97246e-06 5.6295e-05 1.65056e-10 1.75019e-08 0.353707 
0.00473692 0.820445 0.00288332 0.0114693 0.0214358 0.000893948 3.39383e-05 9.23153e-07 0.0263951 0.00327343 0.00147003 0.000135775 0.00570451 0.00800212 0.00830845 3.59199e-07 0.000106596 0.084704 
0.00924561 0.578699 0.0758776 0.0878412 0.00812687 0.00596128 0.00023457 9.71986e-09 0.052829 0.0278127 0.0330042 0.000754836 0.00589149 0.0187561 0.00933526 1.89609e-06 3.7704e-06 0.0856249 
0.00405049 0.815549 0.00253741 0.0165122 0.0219545 0.00612096 2.899e-05 2.65789e-06 0.0898185 0.00199531 0.00665746 0.000463834 0.000316917 0.0084292 0.000164392 2.63625e-12 2.30901e-05 0.0253755 
0.00156291 0.847594 0.00211369 0.0118059 0.00795777 0.00208295 6.21615e-05 4.05916e-07 0.051514 0.00578275 0.00187657 0.000408566 0.000387854 0.0026854 0.00279809 2.15963e-10 9.11551e-06 0.0613579 
0.0218037 0.711534 0.00344777 0.0215485 0.0458705 0.000138224 5.34395e-06 1.45647e-05 0.123474 0.00234083 0.0009909 0.000830057 0.00010269 0.030653 0.0123061 3.22653e-11 5.69006e-05 0.0248831 
0.000993608 0.947886 0.000865467 0.00310712 0.00250272 3.66677e-05 1.93496e-06 4.81863e-09 0.00135252 0.0213375 0.00160441 2.64971e-12 6.66635e-07 0.000570484 2.24161e-10 3.26149e-12 6.18573e-13 0.019741 
0.010273 0.336449 0.015988 0.0184922 0.0916573 0.0112432 0.0144333 2.60618e-05 0.0457879 0.0255083 0.0200708 0.002759 0.0367573 0.0568586 0.000233741 6.9495e-06 1.78613e-05 0.313437 
0.0205198 0.536541 0.181279 0.0210181 0.0151934 0.00205303 2.13694e-09 3.49438e-05 0.00374646 0.00689129 0.000751036 0.00484014 4.04679e-06 0.00783439 1.01343e-06 2.06941e-09 3.2606e-05 0.199259 
0.0263396 0.786233 0.00518761 0.0282406 0.05168 0.000435591 0.000147304 1.62499e-11 0.0018294 0.0152527 0.0271284 0.00103988 0.00431099 0.0161843 7.81052e-07 1.51831e-07 7.2441e-05 0.0359175 
0.00085865 0.504039 0.00451165 0.0374674 0.00725697 0.000437883 8.74356e-06 6.78335e-06 0.0136797 0.0266947 0.0244451 0.000314069 0.00397867 0.00156978 0.000513422 1.2721e-06 5.08988e-06 0.374211 
0.00414648 0.827396 0.000411497 0.0122858 0.0194573 0.00219404 3.25192e-05 1.39451e-07 0.0180678 0.0135587 0.000932846 0.000873961 0.00561573 0.00568866 0.00108809 1.64856e-05 4.4392e-05 0.0881895 
0.00894844 0.529454 0.00264118 0.025944 0.0176589 0.00381334 0.00346739 1.61059e-05 0.026918 0.0230619 0.0072236 0.00875863 0.00196612 0.0114793 0.0236112 0.000633402 6.63336e-05 0.304339 
0.0121038 0.426676 0.00728395 0.0504929 0.0296696 0.00284115 0.00129275 3.96839e-06 0.156408 0.0753312 0.0416559 0.00567492 0.0266603 0.0538007 0.000300191 0.00183588 8.39656e-05 0.107885 
0.0389216 0.26621 0.0151639 0.166382 0.0660472 0.000401239 0.00179598 0.000320496 0.151855 0.016964 0.029192 0.00379626 0.0194605 0.153545 0.0331113 9.71866e-08 0.00102617 0.0358073 
0.00133129 0.87938 0.000322373 0.0110138 0.00340824 0.0038986 4.33906e-05 2.80168e-10 0.0223543 0.0206135 0.000585011 9.91806e-05 0.000127305 0.000368957 0.00148481 1.22644e-10 1.32826e-06 0.0549677 
0.0218115 0.542155 0.000128295 0.0145002 0.016284 0.000115701 1.38819e-05 1.73135e-05 0.00530207 0.00599939 0.000173476 0.00489452 0.000897514 0.000326957 0.000498842 1.8923e-08 8.54124e-05 0.386796 
0.00699769 0.794382 0.00114941 0.0226862 0.0116045 0.00306841 1.35896e-05 4.20471e-07 0.0136856 0.00774609 0.00365918 0.00120073 0.00571633 0.00251793 0.000607135 2.91803e-05 4.69919e-05 0.124889 
0.000206261 0.777136 0.0050634 0.00557168 0.0373482 1.37102e-05 0.000129047 1.95409e-06 0.00701976 0.00031644 0.0299421 0.000131869 0.000113404 0.136415 0.000113076 1.34553e-12 2.24778e-05 0.000456192 
0.000991024 0.703179 0.00968066 0.0119788 0.06639 6.08739e-05 0.000228082 1.21454e-06 0.0132578 0.000719049 0.0293518 0.00014926 0.000164034 0.161336 2.98685e-05 1.1234e-12 5.00497e-05 0.00243249 
0.0148779 0.439635 0.00536722 0.0249147 0.125974 0.00396908 0.00185401 2.74528e-06 0.022596 0.0144736 0.0717422 0.00266821 0.00377013 0.15411 0.000223542 1.0034e-07 0.0058957 0.107926 
0.00310904 0.581669 0.00181821 0.0215268 0.0213774 7.05205e-05 3.0443e-05 4.63799e-09 0.0575168 0.00559881 0.00456719 0.00480733 0.0152082 0.0924648 0.00518983 2.76885e-11 0.000101486 0.184944 
0.000991024 0.703179 0.00968066 0.0119788 0.06639 6.08739e-05 0.000228082 1.21454e-06 0.0132578 0.000719049 0.0293518 0.00014926 0.000164034 0.161336 2.98685e-05 1.1234e-12 5.00497e-05 0.00243249 
0.176851 0.288385 0.000325617 0.0404042 0.0762325 0.00491566 3.26744e-05 1.45804e-07 0.0365796 0.0951817 0.00371441 0.000745126 0.0191316 0.021997 0.0143859 7.82965e-06 0.000123015 0.220987 
0.0550217 0.293739 0.0349744 0.0398013 0.0381171 0.00226027 0.00645648 1.01184e-07 0.226687 0.0169181 0.0832234 0.040514 0.00372985 0.0536335 0.00146914 1.52391e-07 0.0016601 0.101794 
0.0150037 0.535169 0.0126105 0.0707328 0.000581419 0.000279545 1.7332e-05 4.36163e-07 0.0835964 0.0123906 0.0194192 0.00145512 9.92935e-06 0.00043783 0.00500393 8.06623e-11 3.20468e-05 0.24326 
6.70039e-05 0.933254 0.0169715 0.00414483 0.00751663 4.20635e-05 0.000141882 1.27526e-06 0.0176711 0.000979288 0.00409031 8.68348e-08 9.43905e-05 0.0113026 2.85164e-05 1.50941e-09 2.22128e-07 0.00369401 
0.0677964 0.493817 0.00169029 0.0174956 0.027964 0.00132051 5.06687e-08 1.17413e-08 0.0407119 0.0381489 0.00426153 0.000162331 0.019757 0.0200816 0.0061632 6.50104e-09 0.000647986 0.259981 
6.70039e-05 0.933254 0.0169715 0.00414483 0.00751663 4.20635e-05 0.000141882 1.27526e-06 0.0176711 0.000979288 0.00409031 8.68348e-08 9.43905e-05 0.0113026 2.85164e-05 1.50941e-09 2.22128e-07 0.00369401 
0.000555286 0.582987 0.000821472 0.00810911 0.00176133 6.51932e-05 0.0179762 2.54303e-12 0.0157679 0.00853114 0.000449629 7.38907e-09 0.000159427 0.00166416 0.116752 2.7307e-12 1.14222e-05 0.244388 
0.0137071 0.707552 0.00323301 0.0269091 0.026374 0.000854743 0.000589873 1.53686e-06 0.0747865 0.00891903 0.0040213 0.000769133 0.0114656 0.0147216 0.00708108 3.61225e-05 0.000468881 0.0985095 
0.00112005 0.454807 0.000375524 0.0663489 0.00972065 1.85828e-05 1.27357e-05 1.12663e-06 0.080487 0.00485795 0.00405439 0.00155953 0.00921749 0.0341863 0.00326705 7.1352e-11 2.59107e-06 0.329963 
0.164706 0.579411 0.0104004 0.0249895 0.0695178 0.0130924 0.00124681 0.00112716 0.000827876 0.036169 0.00658986 2.20696e-07 9.80491e-08 0.0146213 0.000279833 2.71651e-07 0.000183917 0.0768369 
0.000761526 0.938405 3.43226e-05 0.00234584 0.00155866 1.53883e-05 4.55301e-05 5.03715e-10 0.00719657 0.00202096 0.000213733 2.33755e-09 0.000204551 0.00121782 0.00147344 1.72711e-12 9.77736e-06 0.0444971 
0.00972742 0.708341 0.00497582 0.0254845 0.0430916 0.000123423 0.0006687 5.38921e-09 0.00380762 0.0132597 0.00828837 0.0058972 6.6518e-05 0.00528577 0.00109202 9.80183e-07 6.47693e-07 0.169889 
0.00915791 0.809387 0.00215608 0.0156953 0.0244758 0.00145353 0.000275306 3.89812e-06 0.0275038 0.00647596 0.00175164 0.000735034 0.0054332 0.00889445 0.00433917 2.72957e-06 0.000176541 0.0820823 
0.0359188 0.54103 0.00764436 0.0772153 0.0989871 0.00358381 0.0038833 2.61919e-05 0.0441222 0.0364531 0.013342 0.000972667 0.000786754 0.059353 0.00193681 3.40042e-09 1.58015e-05 0.0747284 
0.0432452 0.362439 0.00727086 0.118216 0.0180419 3.45224e-05 7.39885e-08 1.64175e-09 0.00198913 0.00839485 0.0209124 4.28369e-07 0.138775 0.0148589 0.00113143 1.76291e-09 1.80675e-06 0.264688 
0.078731 0.404914 2.70345e-05 0.0305712 0.0237171 0.00511741 1.20591e-05 2.23762e-07 0.0873717 0.00583839 0.00855694 0.00114037 0.000772677 0.0037017 0.0356709 2.96786e-10 8.84641e-05 0.313769 
0.00114229 0.911312 5.14833e-05 0.00342801 0.00233799 2.30817e-05 6.44893e-05 7.14391e-10 0.0106022 0.00292851 0.000320599 3.3156e-09 0.000261833 0.00175588 0.00219868 2.33885e-12 1.46651e-05 0.0635579 
0.00820865 0.684216 0.00349226 0.016393 0.046352 0.0010551 0.001039 2.76822e-06 0.0607482 0.00616192 0.0277142 0.000540582 0.00035111 0.02414 0.000500163 0.000365709 3.13066e-05 0.118688 
0.000523435 0.594533 0.00462126 0.0222579 0.0041458 1.55513e-05 9.51773e-06 2.72454e-08 0.195867 0.00112795 0.00101304 0.000893332 4.12472e-05 0.00342143 0.0197515 1.64462e-12 8.63828e-06 0.15177 
0.0363094 0.561158 7.6873e-09 0.017092 0.00784779 0.000191573 7.24622e-09 1.41001e-09 4.01881e-07 8.85528e-08 8.92647e-05 0.000302178 0.00197931 0.00230334 0.00878439 6.87897e-13 1.92735e-05 0.363923 
0.00124848 0.729483 0.0148046 0.00843201 0.0708957 0.000330721 3.65354e-12 4.5876e-10 0.0178702 0.0171674 0.000362247 2.31981e-05 0.00033562 0.00495645 0.000282397 6.3251e-06 5.61143e-07 0.133801 
0.0225607 0.295633 0.0160624 0.148809 0.0260694 0.00721267 0.000140381 1.76046e-05 0.0538353 0.0412201 0.0286342 9.70901e-06 0.00141523 0.0067347 0.180621 1.1028e-10 0.00101776 0.170006 
0.00937396 0.729449 0.00121081 0.0197146 0.0126048 2.22905e-05 0.000331463 2.71792e-12 0.0267606 0.0662919 0.00871164 0.000846917 5.02988e-05 0.0427231 0.000179246 2.91849e-12 2.27185e-06 0.0817274 
0.0789429 0.264051 0.0180442 0.0799294 0.0311732 0.101244 0.000505214 2.83389e-05 0.196211 0.0187043 0.0208836 0.0112848 0.00602882 0.0460868 0.00191446 3.89018e-06 0.00036058 0.124604 
0.0695973 0.3232 0.00425643 0.0791686 0.0680363 0.00268768 8.57885e-05 0.0118809 0.059198 0.0288961 0.0124749 0.00330191 0.0178728 0.0447822 0.0111027 2.97991e-06 0.00139056 0.262065 
0.0290333 0.715857 0.000162463 0.0117529 0.0132898 0.000183665 0.00108508 3.62645e-05 0.00610219 0.0204232 0.00768002 4.95371e-06 0.000125115 0.0213841 0.00245787 2.55863e-11 3.09473e-05 0.170391 
