0.00241823 0.00100491 0.0592623 0.00642196 0.0551578 0.000161738 0.000336977 1.9899e-08 0.228923 0.00515847 0.52809 0.000444902 0.000346209 0.106982 3.28357e-05 0.00043877 0.00442167 0.000398356 
0.00780537 0.0136716 0.0101518 0.0470263 0.0588031 0.000133597 0.00135681 8.39216e-07 0.0823123 0.0120093 0.670781 0.00137655 0.000664008 0.0426611 9.55518e-05 0.0130576 0.00216084 0.0359327 
0.00603466 8.24685e-05 0.0369524 0.026226 0.00261747 6.16361e-06 5.53596e-06 0.000119066 0.0152665 0.0101732 0.802668 0.00463567 0.00111324 0.0488968 0.000286434 0.00238147 0.00650422 0.0360305 
0.0991965 0.0197129 0.0775207 0.0506066 0.222171 0.0138929 0.00129608 0.000352844 0.0206803 0.0174208 0.373634 0.0349088 0.00797229 0.0146297 0.000415444 7.17805e-05 8.33227e-05 0.0454343 
0.0108028 0.000991277 0.0435685 0.057395 0.0888797 0.000787377 0.00025591 1.4363e-06 0.0301033 0.0245477 0.670972 0.00792124 0.00043511 0.00948583 0.000108426 4.39946e-09 2.76133e-05 0.0537173 
3.14037e-06 1.08188e-05 0.00267558 0.0109248 0.173427 2.69825e-06 8.39524e-06 2.58598e-06 0.353839 0.00605067 0.446892 7.89885e-07 0.00176315 0.00408037 4.22968e-07 3.63996e-09 2.52308e-05 0.000292933 
0.00397556 0.00148989 0.00702201 0.0272263 0.0385238 4.90149e-05 0.00140433 8.55959e-05 0.181743 0.026839 0.280645 0.00107251 0.00811433 0.221708 5.02535e-05 1.6109e-11 0.182722 0.0173282 
0.0110783 5.27192e-05 0.203058 0.172195 0.0421206 0.000792816 0.000404578 3.77679e-05 0.0598972 0.00372169 0.496624 0.00123063 0.00012606 0.00178696 3.08162e-05 1.28413e-06 7.61497e-06 0.00683429 
0.079655 0.00137461 0.0422096 0.0467235 0.0619383 0.0132464 0.00139006 1.15418e-06 0.0322185 0.0206771 0.565175 7.1554e-05 8.94024e-05 0.0926007 0.000346198 4.12013e-05 0.000377841 0.0418637 
0.0814601 0.00541363 0.140116 0.0466645 0.0455317 0.000661742 0.000671075 6.83749e-06 0.0342278 0.0227164 0.531793 0.00289568 0.0249179 0.0059829 3.57253e-05 0.00692245 8.77624e-05 0.0498953 
0.000983157 1.00821e-07 0.00532689 0.0568262 0.0301501 2.07902e-10 1.85531e-05 7.09443e-05 0.248592 0.0028646 0.509178 0.000449291 0.102887 0.0421491 1.75199e-10 3.63745e-10 0.000243935 0.000259402 
0.00256546 0.00125898 0.0136915 0.00557576 0.35979 3.23162e-06 6.10126e-05 6.00826e-07 0.163571 0.0634629 0.378344 3.01456e-06 1.5813e-05 0.0018167 2.088e-05 3.67878e-08 5.30756e-06 0.00981445 
0.0139666 0.00164049 4.22528e-05 0.0153669 0.0362284 0.0036679 0.000304187 6.68862e-07 0.0615251 0.0106242 0.722006 8.41672e-05 0.000184477 0.000973689 0.0791511 0.00014731 0.0231809 0.0309062 
2.62875e-07 6.2233e-05 0.078045 0.070966 0.0330345 0.000216306 3.1622e-11 1.42876e-08 0.0258184 0.00561472 0.730074 9.3795e-07 2.15542e-07 0.0507335 1.47496e-11 3.06227e-11 1.49269e-07 0.00543355 
0.0151418 0.00206377 0.209955 0.132731 0.0565028 6.89237e-05 2.23359e-06 0.000174655 0.104543 0.00537027 0.34134 0.000458349 0.000318782 0.124879 0.000629886 5.31695e-10 0.000212007 0.00560759 
0.126423 0.000950997 0.14768 0.131576 0.0879334 7.3327e-05 0.000674429 0.000194446 0.0382046 0.0536289 0.219112 0.0099773 0.013882 0.131628 0.00370796 1.60216e-07 0.00201048 0.0323433 
0.0176621 0.00534057 0.00481199 0.0322253 0.0541853 0.000531852 0.00136373 4.05937e-07 0.0440487 0.167733 0.320205 0.0049528 0.0844853 0.250068 0.000112814 7.88569e-10 5.94787e-05 0.0122145 
0.000665384 0.00900142 0.00107257 0.0250077 0.136492 1.76058e-06 3.58701e-05 1.2965e-05 0.261311 0.00775173 0.32057 0.000753773 7.13486e-05 0.04946 0.00281746 3.69999e-08 0.131121 0.0538547 
0.0382236 0.000429277 0.0193346 0.0378699 0.086643 0.0109728 0.00677697 1.05049e-05 0.0710697 0.0292206 0.518329 0.0024884 0.00102956 0.132439 0.000387676 0.000419767 1.15125e-05 0.0443446 
0.000549539 0.0154621 0.0412738 0.00677588 0.00879351 3.20234e-05 4.14316e-05 1.50185e-08 0.118434 0.000898491 0.777281 2.2366e-05 8.82738e-05 0.0258372 4.17484e-06 0.000389879 0.00219482 0.00192134 
0.00185186 7.87473e-09 0.0106957 0.0219359 0.221694 1.76813e-05 0.000153507 3.60553e-11 0.142751 0.00384701 0.479051 0.000109662 0.000237793 0.117465 1.65381e-08 1.37777e-07 5.56652e-06 0.000184617 
0.0253553 0.100568 0.120827 0.0491037 0.0282836 0.010138 2.71864e-05 0.000743021 0.258191 0.00163938 0.283847 0.000783775 0.00303416 0.073782 0.00085428 0.000165492 1.93078e-05 0.042638 
0.0956851 0.00487233 0.00537277 0.116757 0.0781925 0.00568284 7.14333e-05 0.00289667 0.0267405 0.0229472 0.516263 0.000420066 0.00137626 0.0435529 0.0205995 1.23909e-07 5.62527e-05 0.0585129 
0.074101 0.0292505 0.0186547 0.130184 0.0799534 0.00072928 2.21309e-05 0.000102597 0.0757998 0.0966761 0.230302 0.00211595 0.00635811 0.0318246 0.00321558 0.00116247 0.000120351 0.219427 
0.174357 1.19082e-05 0.0102651 0.108256 0.00319251 0.000843265 1.19755e-05 2.99059e-08 0.0396517 0.0171369 0.255741 0.0110529 0.0811067 0.16706 0.0109984 4.88318e-05 0.000271795 0.119993 
0.0360522 1.81378e-05 0.0864128 0.0639401 0.0383608 0.0430563 0.000121665 1.16855e-07 0.0946269 0.00229665 0.425794 0.0223151 0.0160551 0.14126 0.000500114 0.0107536 6.50441e-05 0.0183712 
0.00139187 0.000256003 0.00407435 0.00402106 0.0407291 3.78379e-06 0.000576658 8.28799e-08 0.0638115 0.023205 0.82152 6.14714e-05 0.000104967 0.0249357 3.34338e-05 2.25898e-06 2.19413e-07 0.0152729 
0.0026489 0.000265653 0.0222113 0.0177933 0.0434788 0.00131751 5.05439e-05 2.05958e-06 0.0147184 0.00201682 0.879988 3.28276e-05 0.000875766 0.00663149 0.00017123 4.53574e-06 0.000823221 0.00696954 
0.00842651 1.05778e-05 0.0583254 0.00296937 0.012278 0.000674231 2.44073e-07 0.00020359 0.0604964 6.53342e-05 0.807473 0.00158897 1.15917e-05 0.0469765 4.26192e-05 3.04469e-10 4.19299e-08 0.000457881 
0.13025 0.000790624 0.00372192 0.240881 0.178049 7.30634e-05 0.00174284 3.23871e-07 0.105703 0.0128215 0.247428 0.000189416 0.00329481 0.0372352 0.000536031 3.63982e-07 0.000407672 0.0368751 
0.0122716 0.000814272 0.107741 0.0749789 0.173414 3.09815e-06 0.000907774 0.000598179 0.154328 0.00750162 0.353032 0.00723882 0.000336832 0.103062 0.000348494 2.24017e-06 1.08861e-06 0.00342087 
0.179556 3.92304e-05 0.229451 0.0255127 0.0592469 0.000216261 7.91908e-06 0.000398952 0.0955775 0.0181479 0.328828 2.27185e-05 0.000342496 0.0137784 0.00176234 1.16841e-06 9.86712e-05 0.0470118 
0.0181689 0.0168753 0.00592418 0.0409132 0.0351722 0.021825 0.000257789 1.75266e-06 0.0179789 0.00356583 0.736862 0.000139718 0.000682435 0.0363315 1.33011e-05 2.1279e-05 0.0509076 0.0143586 
0.069869 0.000433556 0.0086169 0.0411537 0.0367593 2.52333e-05 1.86798e-05 2.72387e-08 0.0414967 0.0141357 0.647024 0.00123055 0.00445473 0.100898 0.00022231 0.000210485 0.0149335 0.0185177 
0.0176621 0.00534057 0.00481199 0.0322253 0.0541853 0.000531852 0.00136373 4.05937e-07 0.0440487 0.167733 0.320205 0.0049528 0.0844853 0.250068 0.000112814 7.88569e-10 5.94787e-05 0.0122145 
0.0897891 0.000295886 0.00156929 0.0507672 0.0170926 0.000518855 0.000172111 5.48943e-07 0.040825 0.0490945 0.669162 5.17648e-06 2.91648e-06 0.000993529 0.000198207 6.80071e-06 7.03041e-07 0.0795051 
0.000791887 0.000177596 0.131673 0.0174918 0.188306 7.09909e-05 2.38151e-05 1.47149e-06 0.0653411 0.00135734 0.550161 0.000387922 0.000241418 0.0377919 9.03187e-05 1.26144e-10 3.9946e-05 0.0060521 
0.00839226 0.012855 0.0459554 0.0790778 0.0860091 0.00161445 0.000314569 0.000382983 0.145787 0.0213955 0.298304 0.00949095 0.00647314 0.0140607 0.00762126 1.36716e-07 0.00123211 0.261033 
0.0101789 0.0100312 0.00184407 0.0120472 0.0437447 0.000560458 1.25234e-05 5.63801e-06 0.013444 0.00315391 0.839755 0.00216975 0.000179923 0.0591067 0.000286027 7.25101e-07 0.00118171 0.0022975 
0.010178 0.0184656 0.0924874 0.0494019 0.265266 0.000384141 9.21153e-06 0.000171805 0.0961821 0.035839 0.269453 0.000731523 0.000160377 0.0642859 0.000414372 0.000520317 0.00163565 0.0944131 
0.0201741 0.0112652 0.00170256 0.0336101 0.0274808 0.00229482 0.00488932 2.60508e-06 0.276259 0.00377074 0.278793 0.00453258 0.186834 0.10844 8.08311e-05 0.00227382 0.0102611 0.0273353 
0.0687542 9.50417e-08 0.000132635 0.0664698 0.00521331 0.000261123 0.000566968 2.03812e-07 0.00521898 0.000745696 0.844459 4.1159e-06 1.72438e-06 0.000222393 5.74924e-07 0.000884286 2.53603e-05 0.00703994 
0.101661 0.000397506 0.00645817 0.00755277 0.0375331 0.000902067 4.46754e-06 5.29932e-06 0.0041433 0.0115671 0.785113 0.00101814 0.0002145 0.0296878 4.12758e-05 3.39212e-07 6.5617e-06 0.013694 
0.0411377 0.00536197 0.05191 0.152072 0.100123 0.00528821 0.000278473 5.36139e-08 0.152121 0.00921269 0.274315 0.00828224 0.0280443 0.0112828 0.0022882 6.22816e-05 0.108406 0.0498136 
0.00911217 0.00145393 0.102305 0.0294676 0.00544995 0.00103997 1.8683e-05 1.51359e-05 0.0479586 0.00165622 0.627362 0.000251925 0.000177876 0.0888124 0.000462429 0.00977638 3.70588e-06 0.0746755 
0.00349144 2.6743e-05 0.136742 0.00251991 0.103001 0.00199329 5.85863e-05 2.30701e-06 0.0272916 0.00152546 0.722437 0.000152181 3.32974e-08 0.000242051 4.44339e-08 8.15895e-06 2.04351e-05 0.000488016 
0.00366667 0.0045827 0.0295892 0.0188726 0.045896 0.000841861 0.000424169 9.02897e-06 0.232746 0.00169384 0.641223 5.2733e-05 0.000931345 0.0145234 9.14873e-05 6.94936e-05 0.00108771 0.00369836 
0.0407438 0.00426128 0.195525 0.0853826 0.0272015 0.000375947 0.0219836 8.85597e-05 0.0560121 0.0171584 0.35105 0.00686898 0.00154408 0.0574866 0.0014773 0.0571557 0.00840544 0.0672792 
0.0908864 0.000275888 0.0334297 0.00388736 0.154401 0.00175498 5.36182e-06 4.26702e-06 0.0296106 0.00984581 0.553741 0.00375189 0.000571695 0.112533 7.93266e-09 7.50541e-05 1.93504e-05 0.00520658 
0.0123677 0.00380744 0.0321716 0.131035 0.0776331 0.000955124 0.000244309 1.48117e-05 0.135048 0.0194204 0.478592 0.00165759 0.000708516 0.0611378 0.00183529 0.0010363 0.000924197 0.0414109 
0.00127813 1.3785e-05 0.0105057 0.0364723 0.0704348 4.97665e-06 3.82644e-05 5.04301e-06 0.102434 0.0352335 0.674358 0.00010013 1.43229e-05 0.0131116 1.31909e-05 7.35393e-07 0.00122106 0.0547603 
0.0173643 0.000201419 0.000631211 0.0285326 0.0117551 0.00175498 0.000275952 3.96005e-07 0.00710089 0.0158499 0.878049 0.00569846 0.000166836 0.00393907 5.94103e-05 3.12075e-07 2.71871e-06 0.0286175 
0.130827 0.00672155 0.0864249 0.0435576 0.0613017 0.0686964 7.3436e-07 5.11055e-09 0.012963 0.0455589 0.445677 0.00063147 0.0177844 0.0229358 3.1195e-05 0.000425441 1.48177e-05 0.0564482 
0.00563572 0.00101491 0.02541 0.0329723 0.0640645 0.000180227 0.00816691 7.67606e-06 0.0357274 0.00802095 0.759991 0.00157301 0.000632453 0.0415269 0.000154467 0.00295004 0.00386188 0.00810992 
0.305822 6.8208e-09 9.51559e-05 0.000961014 0.00758685 0.00470173 2.47238e-06 5.18342e-08 0.00274853 0.0290821 0.615816 0.00112344 0.00371511 0.0275217 9.6445e-06 0.000507172 1.19268e-05 0.000295683 
0.0758129 7.71771e-05 0.00192878 0.0269301 0.00585893 0.000386716 0.000117489 8.22376e-05 0.0166663 0.00206026 0.829463 0.0112491 0.000176071 0.0125801 0.00276882 0.000244705 0.00697403 0.00662345 
0.0067896 0.00197446 0.12276 0.0172162 0.0678558 4.06683e-05 0.000152664 4.10145e-08 0.0176507 0.00515853 0.748635 4.94137e-05 1.09915e-05 0.00458619 1.08501e-05 2.64067e-06 2.85766e-05 0.00707757 
0.00701147 0.00320436 0.0181721 0.0521723 0.168296 1.39786e-05 7.95363e-06 9.44491e-06 0.11186 0.00726694 0.555138 0.00198962 0.000111621 0.0241232 2.35097e-06 0.0279789 6.43181e-07 0.0226405 
0.0254901 0.00219526 0.056239 0.0262754 0.106356 2.16392e-05 0.00605679 9.13705e-09 0.0371136 0.00877453 0.47509 0.00306182 0.0015884 0.24849 0.000342514 7.90337e-07 3.89797e-06 0.00290009 
0.0114465 5.26485e-07 6.22863e-07 8.50455e-07 1.11514e-06 5.22432e-06 4.71911e-10 4.25592e-10 0.0426461 0.395673 0.52325 3.71277e-10 1.64948e-10 6.32356e-07 1.25488e-06 4.56998e-10 8.66742e-11 0.0269751 
0.0828846 0.0154457 0.0275879 0.170843 0.0700389 1.17817e-06 1.17734e-06 1.17752e-06 0.0986922 0.0357207 0.210693 1.17773e-06 0.0319397 0.0490499 1.17833e-06 0.13081 1.17885e-06 0.0762867 
0.0646086 0.00906993 0.0017529 0.0363664 0.0994147 0.00189462 0.000412369 3.34521e-08 0.0111386 0.0290813 0.508996 9.90503e-08 0.000403833 0.120122 1.07883e-07 6.53977e-07 1.02182e-08 0.116737 
0.0118469 9.96189e-06 0.00185489 0.000771406 0.00202094 2.3772e-05 2.46289e-06 2.58015e-06 0.00211082 5.16472e-05 0.969852 9.61391e-08 3.61749e-05 0.00828488 6.88821e-05 4.51991e-06 7.36675e-06 0.003051 
0.0652999 0.000825736 0.0181334 0.113966 0.0491294 0.00220757 9.51428e-06 7.52807e-07 0.047675 0.0148182 0.604991 0.00348774 0.00073499 0.0175166 9.6163e-05 0.0162037 0.000171612 0.044733 
0.213277 0.00109293 0.101168 0.115196 0.106392 8.25761e-05 3.12292e-05 4.90827e-05 0.0269192 3.37173e-05 0.282104 2.77214e-06 8.69621e-06 0.14761 1.74565e-06 9.79196e-05 8.188e-05 0.00585063 
0.00350969 0.0069051 0.11838 0.0786792 0.0614053 0.000313853 0.00036884 9.12123e-07 0.113498 0.00385975 0.556244 0.00127192 0.000733489 0.0391266 1.04955e-05 0.000451981 3.49061e-05 0.015206 
0.143427 3.98543e-05 0.0210738 0.195457 0.0524419 0.00246744 7.72545e-08 0.0265018 0.078202 0.00320421 0.360771 0.00435095 0.00167753 0.00783652 0.000143754 0.0429846 0.00103616 0.0583847 
0.221896 0.00245721 0.00276246 0.107046 0.106313 5.01367e-06 1.59997e-07 5.73468e-08 0.00395229 0.0206871 0.366603 0.00348366 0.00027396 0.0182997 2.13412e-11 4.43081e-11 7.36541e-08 0.146221 
0.0137001 0.000154717 0.00478475 0.0731052 0.0151263 0.00133629 0.000386713 1.59773e-05 0.149727 0.026265 0.661148 0.000887196 0.000123615 0.0281009 0.00263334 2.03192e-05 0.00284422 0.0196396 
0.100366 0.00173427 0.00662081 0.106429 0.0351575 0.00463446 0.000181413 0.00147819 0.16695 0.0397959 0.389866 0.0034216 0.0651456 0.0342118 3.15802e-05 0.00173722 0.00021432 0.0420246 
0.17396 0.0434234 0.0164475 0.134531 0.127798 0.0360227 0.000650202 0.00421815 0.0229603 0.023548 0.199846 0.0335096 0.00638328 0.0507161 0.026784 6.22363e-05 0.00557324 0.093566 
0.0950353 0.00684372 0.0347668 0.0210673 0.0687492 5.20454e-05 0.00104085 1.11653e-05 0.273883 0.000316938 0.289052 0.000912106 0.00108116 0.12511 0.00980458 5.35064e-05 0.00158886 0.0706322 
0.126305 4.26313e-06 0.0409601 0.189513 4.71929e-05 0.0180126 1.04452e-05 7.13582e-10 0.0130401 2.01015e-05 0.378738 8.0989e-07 3.67859e-06 0.233299 8.74719e-06 7.66241e-10 1.45325e-10 3.62368e-05 
0.0188792 0.000558912 0.0845341 0.0899825 0.0494499 0.000497307 2.93028e-08 7.96957e-05 0.288215 0.0115024 0.320257 0.00331462 5.91569e-06 0.0381108 0.000153237 5.45199e-06 2.07279e-05 0.0944339 
0.000885969 1.58516e-05 0.195133 0.122221 0.0104476 0.00520936 0.000599794 8.85648e-06 0.196557 0.0196117 0.407994 0.000162912 7.65531e-06 0.0336087 1.90582e-06 4.44305e-08 0.00381077 0.00372403 
0.00301048 0.00566007 0.00405116 0.298434 0.0600482 0.000234515 0.000111935 8.09665e-09 0.044123 0.0445804 0.506728 0.00803174 0.000213153 0.00421084 0.00264091 3.99958e-08 9.60154e-07 0.0179202 
0.00504011 0.000352819 0.00390436 0.0153655 0.305253 0.00130935 0.000231675 7.33565e-07 0.227114 0.0229855 0.363355 0.000147031 0.000386611 0.0325661 4.59208e-05 7.77273e-05 7.42328e-05 0.0217906 
0.0737316 0.00133646 0.00459606 0.0625209 0.0742757 0.000850946 0.00228938 1.87108e-06 0.0841366 0.290031 0.328587 0.00236111 0.00175566 0.0193519 0.00656707 1.79116e-07 0.00269749 0.0449088 
0.0712237 0.0124046 0.00918188 0.120008 0.194728 0.000135615 0.000986808 3.31388e-06 0.11427 0.047442 0.278983 0.000302786 0.00179754 0.103697 0.00359342 9.26949e-06 0.00495348 0.0362802 
0.243635 0.000405354 0.000765791 0.0719749 0.0901954 0.00191205 1.14958e-05 1.12355e-06 0.00262119 0.0828109 0.369912 8.25639e-06 0.00637122 0.0568943 0.000125436 2.95732e-06 0.020132 0.0522207 
0.0699966 3.06327e-05 0.0215176 0.0222128 0.102771 0.000336778 5.16151e-05 1.55878e-05 0.0306192 0.0114881 0.627689 0.000671707 0.00186393 0.0970822 0.000437397 4.83357e-10 6.06016e-05 0.0131555 
0.0536768 0.000280383 0.0309216 0.00958139 0.0808968 0.00703972 4.21947e-07 1.18612e-07 0.0683824 0.0210279 0.6518 0.00127113 5.17238e-05 0.0743917 9.71232e-07 1.01334e-09 0.00032143 0.000355112 
0.0370776 0.014511 0.00057175 0.0281024 0.0727809 0.0234133 0.00160337 1.25448e-07 0.00960038 0.0218035 0.690061 6.86469e-05 0.000430784 0.030065 9.36841e-05 2.41871e-05 0.0433107 0.0264817 
0.0223124 0.00435514 0.0129852 0.138446 0.0951654 0.000124251 0.00880065 1.25149e-06 0.201114 0.0020065 0.323374 0.000812581 0.00183187 0.1038 0.00260613 0.0399147 0.0014918 0.0408579 
0.0500301 0.000525309 3.16387e-07 0.00568873 0.00612318 5.83084e-07 1.23108e-06 9.66177e-07 0.0288364 8.88458e-06 0.849204 2.68336e-09 0.000148404 0.000837074 0.00232001 3.3029e-09 6.26427e-10 0.0562748 
0.0073612 0.000210484 0.102086 0.0330267 0.0232509 6.64837e-05 1.67052e-05 1.81363e-07 0.167958 0.00401125 0.608495 0.001248 8.87206e-05 0.0285831 0.00052313 8.49522e-06 5.57666e-05 0.0230098 
0.0541285 0.125908 0.0133969 0.0791945 0.11759 0.0267206 0.000159578 0.000187271 0.0664423 0.00954524 0.415508 0.0028529 0.0114301 0.0466765 0.000348193 0.000132402 0.000258998 0.0295207 
0.00477607 1.72816e-05 0.0029873 0.0186898 0.0182063 0.00299621 0.000687036 6.10008e-09 0.416787 0.00223854 0.482106 5.22194e-07 0.001096 0.0105393 0.00190076 1.75071e-07 0.0157617 0.0212102 
0.00982322 0.0104355 0.0438308 0.211388 0.213824 0.000396393 6.30711e-05 1.00157e-06 0.139835 0.00536429 0.29015 0.000407875 0.000468511 0.0604977 0.000323924 2.35823e-09 0.0034897 0.00970067 
0.0618124 0.0595002 0.0528605 0.0112747 0.0249685 0.00156855 0.000486327 2.3459e-06 0.122853 0.0864104 0.308515 0.243448 0.000170443 0.0177895 5.16818e-05 2.27615e-08 7.57982e-06 0.00828051 
0.00700071 0.00311847 0.0193355 0.205464 0.137037 2.2592e-05 9.43209e-06 3.22081e-08 0.190544 0.002923 0.364819 0.0298313 3.654e-05 0.0275475 1.96277e-07 0.00184599 1.1222e-10 0.0104634 
0.0451857 0.000523371 0.0104235 0.115008 0.00223546 0.0194943 0.00374671 0.000395121 0.0320908 0.0113673 0.600098 2.2628e-07 0.0206455 0.0096514 0.00516105 0.0278667 0.00181836 0.0942887 
0.0776909 0.00233494 0.00912954 0.0131365 0.147943 0.000504622 0.00211707 0.0363506 0.138881 0.0380839 0.40735 0.0064342 0.00715601 0.0321886 5.17149e-05 0.0453878 0.000308531 0.0349509 
0.0727846 0.000363131 0.0617707 0.105832 0.171699 0.00487376 1.42444e-07 1.65642e-07 0.063313 0.150876 0.25916 0.00855313 2.41271e-05 0.0694763 0.00119463 2.48437e-06 7.61904e-05 0.0300006 
0.00971126 0.0031079 0.0477678 0.0383105 0.164125 0.000966116 0.0024844 1.77551e-08 0.262901 0.0478458 0.286541 0.000356811 0.00897819 0.106942 0.000380854 2.06202e-11 0.000157661 0.0194232 
0.0493981 6.58525e-06 8.64838e-07 0.00113457 7.65358e-05 0.000581643 8.21642e-07 1.82825e-08 0.00728408 0.00334995 0.396721 1.59492e-08 0.00222244 0.0012374 0.151588 5.9907e-06 0.385794 0.000597773 
0.00322568 0.000313868 0.0158531 0.0171789 0.0836569 0.00035959 1.35484e-06 4.1097e-09 0.0238906 0.00142557 0.825587 0.00167405 0.000287697 0.021897 0.000101936 6.0487e-11 0.00160135 0.00294498 
0.0978391 0.00010465 0.179077 0.179544 0.0196967 0.00080781 4.42622e-06 9.07753e-06 0.0822073 0.0126994 0.19386 0.0300611 0.000137198 0.0356488 0.00121472 3.30707e-06 1.86436e-05 0.167067 
0.0659964 0.000226888 0.000362469 0.00241484 0.0962244 2.27955e-05 0.00515126 1.67886e-08 0.00573257 0.373071 0.401468 0.0196717 0.000231485 0.0157959 1.79495e-05 1.80275e-08 8.57554e-06 0.0136035 
0.0648315 0.0337133 0.11759 0.07174 0.0216883 0.00930216 2.36569e-05 0.0325877 0.0741601 0.00211624 0.420654 0.00651626 0.0412211 0.080666 0.00118672 8.83023e-06 2.74959e-05 0.0219674 
0.0831948 4.61037e-10 5.81124e-06 0.186366 1.25893e-06 2.30105e-05 3.88493e-09 3.50361e-09 0.233778 0.00435341 0.492267 3.05648e-09 1.35791e-09 4.90313e-06 1.27026e-06 3.76217e-09 5.00186e-07 4.2242e-06 
0.0213408 0.0133584 0.112749 0.057164 0.0853614 0.0023952 0.00128679 9.17792e-05 0.091795 0.0125543 0.33553 0.00279444 0.00715684 0.214349 0.00155185 0.000598084 0.01315 0.0267741 
0.0221036 0.0261723 0.0119729 0.0333709 0.195031 0.00895161 0.00658534 2.5728e-05 0.158321 0.0204115 0.425832 0.00165816 0.00759183 0.0239741 0.00105111 0.00130654 0.000699191 0.0549419 
0.000957208 0.000458785 0.0114614 0.00553725 0.254278 0.000906125 6.64077e-05 2.24319e-08 0.008066 0.000419004 0.450764 0.000184803 4.44863e-05 0.265813 6.75126e-06 4.17825e-09 0.000524419 0.000512523 
0.00629309 2.59321e-07 0.000152928 0.00668263 1.24076e-06 0.00390177 0.00271187 1.06595e-05 0.0315904 0.0639401 0.734553 0.000106799 1.40511e-07 0.095647 2.30925e-06 0.0318548 0.00816315 0.0143878 
0.141549 0.000758247 0.00492406 0.0908193 0.0911044 0.00013537 3.4489e-08 3.27618e-05 0.046293 0.0232698 0.572615 0.00215364 0.000507425 0.0161898 1.20323e-06 0.00755487 4.41514e-05 0.00204746 
0.118368 0.000161798 0.003123 0.0344582 0.021575 0.000580776 0.000138217 1.41194e-05 0.0329126 0.016196 0.707198 0.000228387 0.000222019 0.000347153 0.000695406 1.50117e-07 6.23246e-06 0.0637753 
0.0278803 0.00270315 0.023652 0.00819455 0.0160974 0.00599799 0.000238886 1.65475e-05 0.216432 0.0191806 0.310053 0.000427699 0.0396176 0.0211544 0.0128795 0.000110319 0.234418 0.0609467 
0.0888296 0.0368568 0.0032751 0.0269961 0.237393 0.00174969 0.00010288 9.96185e-06 0.0123929 0.0286047 0.442592 0.00212422 0.00370564 0.0408084 0.00799054 0.0203388 7.30234e-05 0.0461565 
0.00489897 0.000503931 0.00811524 0.0357544 0.0691041 0.00337415 0.0317113 2.37597e-07 0.264451 0.00917263 0.363189 0.000483658 0.00238665 0.200435 0.00014207 4.0097e-08 0.00121036 0.00506682 
0.179606 0.00335744 0.0757816 0.110913 0.0263996 0.0357412 0.0131391 3.93345e-06 0.0211998 0.000758626 0.251248 0.00384274 0.0864621 0.0778781 0.110021 1.97489e-08 0.000246376 0.00340076 
0.0119069 0.0089047 0.01231 0.0791841 0.16248 0.00150753 0.00106031 1.19008e-05 0.26345 0.0197096 0.351032 0.00190248 0.00103551 0.0441623 0.000487749 0.00595479 0.00121369 0.0336869 
0.00293542 5.60015e-07 0.0306204 0.0996791 0.00830511 1.24532e-06 0.000446648 2.27517e-09 0.0773015 0.0353742 0.693677 1.96878e-06 1.15622e-07 0.00285729 0.000175106 0.000568848 0.000104822 0.0479507 
0.000364152 7.23341e-05 0.00395608 0.00520176 0.00565447 0.00532965 1.22561e-06 2.24023e-07 0.0237862 0.00238862 0.881153 0.00021145 6.32195e-05 3.68494e-05 0.000409708 2.36389e-10 0.00336562 0.0680052 
0.0246618 0.00797751 0.0268266 0.0272063 0.174601 0.000407614 0.00138175 1.7661e-05 0.160563 0.0240922 0.473043 0.000368675 0.00164525 0.0634596 0.000591773 0.000220368 0.000303588 0.0126327 
0.00471121 0.0590223 0.0520349 0.0383396 0.219599 5.67939e-05 2.22047e-05 8.0092e-06 0.0513081 0.0285596 0.494604 0.000726724 8.97592e-05 0.0225049 0.000267288 1.09336e-09 9.94855e-06 0.0281354 
0.0309859 0.000123689 2.17567e-09 0.00450724 0.0193215 4.41829e-05 1.48371e-08 3.20253e-07 0.0219552 0.189959 0.656569 1.54635e-05 2.85916e-05 0.0283414 0.000220578 0.000854269 1.56248e-06 0.0470712 
0.131362 0.0566101 0.00626771 0.024185 0.1792 5.59975e-05 0.0043974 2.59438e-07 0.056224 0.178618 0.266549 3.57693e-05 0.000369355 0.0724079 0.00014841 4.7533e-10 1.29102e-05 0.0235565 
0.0223906 5.35053e-05 0.047153 0.143427 0.0837877 1.43011e-09 2.07295e-05 0.0158082 0.0591691 0.0115244 0.428055 8.4997e-05 0.00958638 0.177125 0.000145088 5.02783e-06 0.000230388 0.00143395 
0.00202944 5.70089e-05 1.11881e-05 1.23021e-05 0.000108778 1.21878e-07 2.02339e-06 1.66992e-06 4.30463e-06 1.72867e-05 0.997708 9.70682e-06 7.69654e-08 1.71537e-08 1.38434e-06 7.36442e-06 8.4876e-06 2.06741e-05 
0.0291332 9.86919e-08 0.00719687 0.0182257 0.0580761 0.000154157 1.76253e-05 5.15536e-08 0.120517 0.0460787 0.704191 0.000117152 6.0963e-07 0.0143573 0.000422886 0.000112493 9.45427e-08 0.00139937 
0.0268263 0.000207878 0.00596749 0.0513924 0.0347647 0.000470287 0.00010039 9.0502e-08 0.153121 0.0219448 0.387559 0.000273058 0.00646442 0.23317 0.0028754 0.000335734 0.0374094 0.0371177 
0.00414655 0.000635557 0.0582958 0.0905473 0.0215485 5.34959e-06 0.00742219 2.15087e-06 0.143044 0.0590006 0.276939 0.000241352 0.0511988 0.183639 5.1372e-05 3.52456e-05 0.0033491 0.0998979 
0.053712 0.00348815 0.0652845 0.161399 0.0566868 0.0406381 0.00305551 7.806e-06 0.187717 0.0198882 0.191304 0.0324917 0.0121452 0.139348 0.00147093 0.00142269 0.00264804 0.0272919 
0.0432052 0.000823712 0.00391255 0.054439 0.203687 5.66386e-05 0.00142947 1.37643e-09 0.216934 0.0460187 0.217466 0.000251914 0.00340133 0.1135 0.000156516 1.478e-09 2.98024e-05 0.0946881 
0.0227126 0.00352731 0.155332 0.0345257 0.159427 0.00221562 1.31421e-05 0.000179594 0.0290937 0.0819677 0.487498 0.000311301 0.000233681 0.00057312 2.02656e-05 5.33608e-07 0.000122835 0.0222467 
0.000826825 3.08392e-05 0.00047128 0.000495771 0.245078 8.27345e-05 6.05772e-07 3.93935e-08 0.0125657 0.093763 0.325276 0.000291538 1.01165e-06 0.217179 3.66031e-10 7.59944e-10 1.31174e-06 0.103936 
0.00263776 0.000133342 0.0107422 0.000534422 0.283324 2.31318e-06 4.17918e-06 3.76898e-06 0.121867 0.106773 0.471099 3.28798e-06 0.00249197 3.25566e-07 1.94931e-06 4.04712e-06 7.67575e-07 0.000378035 
0.0686657 0.00154961 0.0061097 0.0540733 0.15046 0.0375278 0.0203065 1.19857e-08 0.0935707 0.00751258 0.389972 0.000280547 4.56293e-05 0.110126 2.00535e-05 1.28702e-08 0.00688878 0.0528917 
0.0135841 0.00316709 0.169467 0.0250637 0.0293929 0.00025817 0.00050955 6.47424e-05 0.2195 0.00565489 0.262023 0.00969839 0.00732128 0.224824 1.1435e-05 0.000138882 0.0235789 0.00574218 
0.00576231 0.000764523 0.0921761 0.0465894 0.219653 0.00696142 0.00506446 2.78597e-07 0.0493501 0.0076216 0.549313 0.000151139 0.000609439 0.00896094 9.04081e-05 0.00292447 5.46257e-05 0.00395265 
0.0465081 0.0125821 0.011743 0.148938 0.1028 0.000251581 7.47496e-05 1.59149e-05 0.109216 0.0102335 0.363246 0.00311214 0.0532473 0.1237 5.30892e-05 2.07006e-05 0.00423432 0.0100231 
0.251447 0.0115579 0.00222738 0.0300404 0.113938 0.00236895 4.75531e-07 1.99959e-06 0.021301 0.0199603 0.367009 0.00261814 0.000116684 0.118639 2.54635e-05 0.0541806 2.50634e-05 0.00454284 
0.00986641 0.000899023 0.0398661 0.133396 0.139187 0.000713523 0.000175331 0.00149962 0.217708 0.0131589 0.227447 0.000316193 0.0205749 0.0816674 0.0369852 3.94857e-07 0.00761914 0.0689194 
0.125741 1.19609e-05 0.00147731 0.000433255 1.4082e-07 0.00304768 4.30043e-07 3.87833e-07 0.00933347 0.246583 0.431076 0.000140159 0.00929377 0.0284384 0.000440723 4.16453e-07 0.000493511 0.143488 
0.00367152 0.00388033 0.213757 0.00621212 0.176026 1.1482e-06 1.12555e-06 0.000505814 0.104485 0.00307769 0.348472 1.89107e-10 0.000134326 0.13265 1.12114e-10 0.00385562 1.86762e-06 0.00326791 
0.0550435 0.000163952 0.0019192 0.140527 0.0485052 0.000483476 4.85477e-05 4.53212e-08 0.251466 0.0260612 0.437843 0.00188062 0.000125445 0.0233643 0.00016021 4.175e-07 0.000192641 0.0122149 
0.0187778 0.0150523 0.00711337 0.134044 0.0959078 0.000136139 0.00015062 1.66928e-05 0.2546 0.078454 0.258402 0.0388332 0.00468556 0.0205516 0.0111383 1.85609e-07 2.12386e-05 0.0621154 
0.0150908 0.0156967 0.193432 0.0802372 0.067665 1.60951e-05 1.59023e-05 2.6121e-06 0.165693 0.0228599 0.340994 0.00257075 0.000156957 0.0732172 0.000213356 3.57437e-06 3.36136e-05 0.0221014 
0.00879416 0.00569094 0.0692924 0.197583 0.0432719 0.0020927 0.000156551 4.73316e-06 0.112744 0.0140733 0.373956 0.00110196 0.00260674 0.0181315 0.000908619 0.0553992 1.65672e-05 0.0941753 
0.00752552 0.00603949 0.110206 0.0390659 0.259835 0.0028651 0.000709025 6.72107e-05 0.110707 0.0113816 0.390683 0.00187652 0.000769657 0.0315522 0.00149432 0.000424323 0.000315115 0.0244828 
0.0433353 8.86222e-05 0.00647544 0.0319139 0.0333695 0.00046472 0.00815771 2.77955e-05 0.0439746 0.0262831 0.713484 0.000194861 0.00446156 0.0789145 1.79056e-05 3.8115e-08 0.0040576 0.00477901 
0.012911 0.0011806 0.0175208 0.080989 0.168961 0.000237983 0.0365754 6.09819e-05 0.214701 0.0333619 0.309438 0.00698753 0.0014405 0.0398532 0.00053957 2.33888e-07 0.00195149 0.0732899 
0.0383675 0.0206552 0.087312 0.134409 0.0883781 0.00135868 0.000317146 5.46917e-06 0.0876592 0.0450667 0.391651 0.000540988 0.00306371 0.0587872 0.000193266 0.00432047 0.000244023 0.0376704 
0.0037693 0.000562992 0.0136525 0.00920573 0.0381825 0.00104278 0.00108542 5.85627e-08 0.0621258 0.00148488 0.698739 0.000234271 0.00182175 0.11682 2.33383e-05 4.33401e-05 0.0487703 0.00243585 
0.0012966 0.000176405 0.0730899 0.0740257 0.201701 0.000175496 0.000661211 7.38749e-11 0.0308656 0.0036352 0.542805 0.000190408 0.00027303 0.0618998 1.0765e-08 4.66069e-07 0.00403787 0.005166 
0.00727649 0.0068115 0.163609 0.0506764 0.0871594 0.000374707 0.000672674 2.06482e-05 0.168853 0.0320567 0.349477 0.000647092 0.00512913 0.0907972 0.000210225 2.23007e-07 0.0085424 0.0276865 
0.00338884 3.12511e-05 0.0382919 0.0222683 0.129636 0.0006942 3.02908e-05 2.11585e-06 0.164353 0.00226514 0.612046 0.000726464 0.000997707 0.0125118 0.000244243 4.77799e-07 0.000701155 0.0118115 
0.0587447 0.0038707 0.0792253 0.0975114 0.150338 0.00128656 2.38903e-07 4.8967e-06 0.149796 0.104111 0.173049 0.00011724 0.00903217 0.0908324 0.000347812 0.000109628 2.99829e-05 0.0815918 
0.0656728 0.0334272 0.0132945 0.0995832 0.0753883 0.00029218 0.000513486 3.7263e-05 0.143789 0.041776 0.27491 0.00214696 0.00275982 0.138901 0.000962161 0.0220802 0.000828657 0.0836375 
0.0315333 0.0100326 0.0307553 0.0863047 0.0703347 0.0161259 0.000894651 3.56475e-05 0.127313 0.0764834 0.422711 0.00282505 0.00446053 0.0391058 0.0115742 0.000609631 0.000488612 0.0684111 
0.00338366 0.0102313 0.00282307 0.0295703 0.171558 4.61884e-08 3.48518e-05 1.37607e-06 0.1081 0.000893581 0.496919 2.51223e-05 4.51909e-06 0.175188 2.63944e-08 1.09616e-10 1.24607e-07 0.00126684 
0.188521 3.93202e-06 3.30775e-09 7.59622e-07 0.0102864 1.24855e-08 5.49558e-07 2.03434e-08 0.21904 0.00360955 0.505431 1.77471e-08 7.88454e-09 0.0298103 1.05216e-08 0.000607108 4.14305e-09 0.0426897 
0.00624868 0.00276032 0.0239263 0.0523041 0.00914381 0.0190691 5.05273e-05 3.03443e-06 0.0481424 0.0107633 0.771754 0.00196 0.000928299 0.0346337 0.000643042 0.000883504 4.01188e-05 0.0167458 
0.015443 0.00176705 0.0565617 0.110289 0.093381 0.000288115 0.000311474 0.000357208 0.0670682 0.0199378 0.405184 0.0093519 0.00317086 0.154814 0.000132746 1.84592e-05 0.000338027 0.0615855 
0.000487349 0.000552989 0.151778 0.0917864 0.088455 0.000915702 8.3137e-05 1.27916e-10 0.0429575 0.0382286 0.520995 2.33085e-05 6.00661e-06 0.0355597 3.26451e-05 1.37356e-10 0.00576579 0.0223723 
0.0366369 0.0040171 0.00780133 0.184724 0.150729 0.000334627 0.00135643 7.21822e-06 0.113234 0.0217991 0.310426 0.00189106 0.00208363 0.0335432 0.00347348 3.91437e-05 0.000437349 0.127466 
0.00732406 0.00212384 0.000706632 0.0134936 0.28263 0.0223196 0.0380566 3.0525e-05 0.0788855 0.0392791 0.305579 0.0401995 0.038875 0.0885755 0.00035509 0.0044541 2.37598e-05 0.0370893 
0.0012414 3.19541e-05 0.00117952 0.0254515 0.271566 0.000126999 3.67413e-05 3.15163e-09 0.0293301 0.000892012 0.427424 0.000212469 0.000263585 0.24125 2.76871e-05 2.00053e-05 7.5768e-06 0.000939144 
0.0101789 0.0100312 0.00184407 0.0120472 0.0437447 0.000560458 1.25234e-05 5.63801e-06 0.013444 0.00315391 0.839755 0.00216975 0.000179923 0.0591067 0.000286027 7.25101e-07 0.00118171 0.0022975 
0.0373981 0.00475256 0.203414 0.0439345 0.212302 0.000775925 2.57427e-05 2.63231e-05 0.0927052 0.00680203 0.238188 0.0026006 0.00166683 0.136395 0.000595124 0.000216209 2.77784e-05 0.0181735 
0.0139813 2.56995e-05 0.0334793 0.0589052 0.0551916 6.0322e-05 8.10268e-06 3.81149e-09 0.0115452 0.0162591 0.751945 0.00549453 1.98468e-05 0.049287 5.52367e-08 0.000111827 0.00138164 0.00230454 
0.067034 0.0172924 0.087212 0.0919638 0.103751 0.00312479 0.00061929 0.00111841 0.143148 0.0770386 0.213133 0.00421797 0.00580048 0.0924224 0.00394604 0.00161469 0.00182929 0.0847346 
0.00904595 0.0147533 0.000733379 0.00115306 0.0807878 0.000482234 0.000407097 7.42164e-06 0.0676632 0.00129368 0.388419 0.000185391 0.145025 0.253798 0.000269815 6.67301e-09 0.0330615 0.00291414 
0.0207746 0.00288908 0.233265 0.0989393 0.176491 0.000581224 0.000103555 5.76932e-05 0.137071 0.0084729 0.246097 0.00373027 0.00381112 0.0338628 0.00312789 0.00339997 0.00169852 0.025627 
0.000558478 7.15472e-05 0.0164699 0.0145848 0.131927 0.00110685 4.56967e-07 4.70696e-07 0.0224262 0.00171109 0.777231 0.000782173 0.000340227 0.0296668 3.449e-06 1.53166e-07 2.43798e-07 0.00311912 
0.0707032 0.00105997 0.00944952 0.159448 0.0389366 0.000317591 0.000352515 5.59302e-10 0.180549 0.00995222 0.44812 0.000273569 0.0250946 0.0333572 0.000623467 3.92749e-07 1.18494e-05 0.021751 
0.0103607 0.0178647 0.164102 0.0206175 0.0232375 0.00107905 0.000505495 1.18222e-06 0.0262292 0.00142523 0.707823 0.000432323 0.00618702 0.0131101 0.000390656 8.54404e-06 0.000220227 0.00640581 
0.179556 3.92304e-05 0.229451 0.0255127 0.0592469 0.000216261 7.91908e-06 0.000398952 0.0955775 0.0181479 0.328828 2.27185e-05 0.000342496 0.0137784 0.00176234 1.16841e-06 9.86712e-05 0.0470118 
0.0372371 0.032964 0.0967938 0.103439 0.0748746 0.00200164 0.00243075 4.87453e-05 0.141341 0.0248807 0.388189 0.00210156 0.00425205 0.0221877 0.00900699 0.000321464 0.00421493 0.0537144 
0.01439 0.00123159 0.0186366 0.0212824 0.0348556 0.00132106 0.000624036 9.41226e-06 0.118323 0.00492503 0.429148 0.000348003 0.23246 0.0859301 1.8424e-05 2.37652e-05 0.00230147 0.0341713 
0.0142013 0.000219924 0.113641 0.0337113 0.0110168 0.000327604 0.000510844 2.58641e-06 0.194705 0.00297737 0.297716 0.00196993 7.62019e-05 0.127445 0.180248 5.44056e-10 8.76288e-05 0.0211428 
0.00947078 8.8576e-05 0.0182699 0.209159 0.0644769 0.00489089 9.09041e-09 8.19816e-09 0.0417009 0.158148 0.356053 0.0370724 0.0156667 0.0525864 1.06852e-06 0.0076277 2.57593e-05 0.0247617 
0.0533605 0.0576381 0.00959046 0.00683724 0.115982 0.00401292 0.000257133 0.00668301 0.0255461 0.0102448 0.632368 0.00653127 0.00421644 0.0325327 9.69447e-05 1.05391e-05 0.00642547 0.0276664 
0.0842732 0.00802237 0.145304 0.0710949 0.109892 0.0101187 0.00492791 0.000125434 0.0570162 0.0821573 0.275032 0.00569845 0.000735727 0.102374 0.000956127 6.58179e-05 0.00387105 0.0383347 
0.103288 0.00639374 0.000589096 0.0450367 0.0655784 0.000573742 0.000778459 4.98223e-06 0.0196378 0.00387565 0.360204 0.177237 0.128782 0.0457706 0.00066674 3.61289e-09 0.000141558 0.041441 
0.0294837 0.000649482 0.11471 0.0572946 0.0336327 0.00115433 7.81032e-07 3.5663e-06 0.0542015 0.0039389 0.601401 0.0361657 0.00032369 0.0036585 0.000296107 0.00318016 7.90128e-05 0.059827 
0.0101131 0.00147392 0.000463753 0.00637825 0.0119778 0.000712502 2.41988e-07 2.18236e-07 0.000117433 0.0531119 0.881519 0.000817401 3.43862e-05 1.88513e-08 0.000139283 2.34341e-07 0.000249507 0.032891 
0.00116821 0.000214102 0.0489704 0.0367872 0.0501184 7.88766e-05 0.00105386 9.15707e-11 0.0625449 0.0122293 0.680702 0.00288666 0.00199806 0.0704524 0.000111747 0.00241289 0.0123913 0.0158799 
0.049411 0.00536891 0.0107972 0.051961 0.0360923 1.52772e-05 0.0143923 0.00198271 0.0856341 0.0152606 0.215026 0.00357133 0.156287 0.174643 0.0558113 2.51869e-05 0.105427 0.0182948 
0.0726718 0.000242016 0.000399548 0.0303843 0.00151317 0.002144 0.000549539 1.13993e-08 0.105995 0.0188729 0.300426 0.00524544 0.0295218 0.0148252 0.00659313 2.11795e-05 0.292118 0.118477 
0.00105561 0.000152958 0.137645 0.0163478 0.033583 6.17491e-05 2.97898e-06 3.957e-07 0.103253 0.00075758 0.657547 0.00168583 0.000128235 0.0451283 0.000209017 5.24511e-05 1.80603e-05 0.00237168 
0.0101789 0.0100312 0.00184407 0.0120472 0.0437447 0.000560458 1.25234e-05 5.63801e-06 0.013444 0.00315391 0.839755 0.00216975 0.000179923 0.0591067 0.000286027 7.25101e-07 0.00118171 0.0022975 
0.0103167 0.00369592 0.233288 0.153375 0.0250637 0.00470406 0.000457456 1.99824e-06 0.0934955 0.00268354 0.324853 0.0113482 0.049906 0.0228528 0.00924244 5.49806e-09 0.000223936 0.0544906 
0.00901595 0.0042807 0.137021 0.0784012 0.150996 0.000429927 7.34353e-06 2.80008e-07 0.187437 0.00482295 0.37582 0.00167701 0.00212632 0.0284235 0.000400408 1.30548e-06 0.00012186 0.0190173 
0.0166857 0.005956 0.0406084 0.0702003 0.0542353 0.00297699 5.79929e-05 0.011146 0.33613 0.0233657 0.352509 0.000338883 0.000113231 0.0436559 0.00225763 0.00325669 0.00452052 0.0319857 
0.0239872 0.00503285 0.0353529 0.0798835 0.115656 0.000591384 0.000346446 9.80186e-06 0.327748 0.019656 0.334794 0.0016557 0.00444969 0.0302343 0.00244667 2.00408e-05 0.000101908 0.0180334 
0.164574 0.000147744 0.000568762 0.0333166 0.0769573 6.47852e-05 0.00907975 0.00154032 0.0147434 0.0262105 0.616305 0.00323824 0.000738426 0.0476934 5.96378e-05 6.76715e-09 0.000338835 0.00442331 
0.0139344 0.00226437 0.00283461 0.0198532 0.0566715 0.00118906 0.0087946 3.59693e-06 0.0460861 0.0152867 0.511883 0.00420026 0.0452761 0.216867 9.79336e-05 0.00225476 0.0101199 0.0423831 
0.000184203 2.25052e-06 0.0071534 0.00480035 0.0543058 5.01167e-06 0.0138748 1.29588e-06 0.108595 0.0227794 0.736944 0.000830179 5.56944e-05 0.0395145 1.20764e-06 0.000163743 1.01035e-07 0.0107889 
0.0660587 0.000248339 0.0723702 0.118362 0.0419833 0.00496099 0.000441373 8.3033e-06 0.140193 0.0525467 0.387549 0.00275948 0.0194661 0.0422194 0.00264057 0.00315246 0.00888683 0.0361538 
0.338505 6.83473e-07 0.00209203 0.000215456 0.166627 0.0152804 6.22094e-06 5.31848e-05 0.00907182 0.0133549 0.366135 0.00214182 8.99018e-06 0.084299 0.000241861 3.51564e-05 0.000194841 0.00173684 
0.153694 0.000503696 0.0022633 0.0223244 0.0369497 0.0387801 1.0169e-05 2.25213e-05 0.0426595 0.0138271 0.616362 0.00431516 0.00692719 0.029136 0.00292676 0.000243099 0.000196575 0.0288587 
0.0395614 0.0262201 0.0128583 0.00284072 0.330892 0.00108387 0.000219473 4.41606e-08 0.0558896 0.105063 0.344215 0.000914672 0.00231033 0.0535572 2.38456e-06 6.55303e-06 5.19272e-07 0.0243643 
0.0810596 4.84438e-05 0.00169248 0.0141348 0.00611348 0.000225103 0.000130283 6.58383e-05 0.00967658 0.00207024 0.816611 0.013968 0.000115643 0.0368179 0.000144306 8.28134e-05 0.00896392 0.00807959 
0.116227 0.000545851 0.0260808 0.0694483 0.0801657 0.00778552 7.78348e-07 0.000214468 0.00549714 0.016591 0.618921 0.000324903 0.000693632 0.0108748 9.94799e-05 6.68173e-06 0.0432472 0.00327587 
0.0442755 0.00065766 0.00167066 0.0298132 0.0343135 0.00492645 0.000909432 9.64813e-08 0.00381029 0.0365251 0.759828 0.0188278 5.04522e-05 0.0105324 8.30537e-05 3.20658e-07 8.86408e-06 0.0537673 
0.0235639 0.0332182 0.0174318 0.106921 0.148516 0.000401903 0.00121842 0.0123658 0.0427829 0.029257 0.286161 0.00289227 0.00568372 0.0727617 0.000668919 5.81319e-05 0.000785483 0.215312 
0.037818 0.00178502 0.00408129 0.228032 0.113802 0.000963914 9.83478e-05 9.56472e-07 0.145431 0.0210458 0.342439 0.000854777 0.000204461 0.0266007 3.02693e-05 4.889e-07 4.05234e-05 0.0767719 
0.00444384 8.70298e-10 0.0373084 0.00261288 0.029296 4.47694e-07 4.70427e-07 6.61377e-09 0.0114535 4.91232e-06 0.804356 0.0130685 1.29127e-06 0.0873465 0.000521595 0.00956202 2.22185e-05 1.15748e-06 
0.0330263 6.3352e-08 0.000196519 0.0181901 0.121802 0.00545592 1.18972e-08 4.09979e-09 0.00573286 0.0132546 0.773998 0.000532098 2.59992e-08 0.0138026 9.8426e-07 4.40234e-09 1.38499e-05 0.0139937 
0.0101097 0.00639289 0.200514 0.0143007 0.0823 0.00258618 4.56311e-05 5.50583e-06 0.0477392 0.00468802 0.475512 0.000213401 0.000383642 0.138231 0.000121806 5.48274e-07 0.0111337 0.00572255 
0.00338366 0.0102313 0.00282307 0.0295703 0.171558 4.61884e-08 3.48518e-05 1.37607e-06 0.1081 0.000893581 0.496919 2.51223e-05 4.51909e-06 0.175188 2.63944e-08 1.09616e-10 1.24607e-07 0.00126684 
0.00170138 0.000647311 0.0470301 0.0281798 0.169491 5.81741e-05 0.000254281 4.66648e-06 0.124078 0.000977165 0.436021 0.000264591 0.00120088 0.182476 1.0172e-06 0.000208971 0.00317062 0.00423401 
0.00705962 0.00265241 0.00793349 0.0367176 0.107424 0.000857395 0.00222282 2.85476e-07 0.060761 0.0222581 0.630247 0.00876182 2.9158e-05 0.086393 0.00133077 8.7227e-05 1.27739e-05 0.0252518 
0.000351318 0.00023937 0.0863218 0.00174783 0.0011166 0.000644705 5.92718e-06 3.91228e-07 0.0173933 0.000357401 0.891026 2.80152e-05 3.21239e-06 0.000331984 9.6891e-06 6.10482e-08 0.000290907 0.000131533 
0.108734 0.0263316 0.0251354 0.0508321 0.196447 0.00363111 0.000173991 5.97042e-05 0.0166436 0.0077524 0.302324 0.000269631 0.0134454 0.218836 0.000225733 7.92927e-06 0.00591548 0.0232353 
