0.0204943 0.0105944 0.0603936 0.02395 0.141542 0.00456049 7.65646e-06 3.38428e-07 0.268722 0.00254711 0.0485284 0.000968183 0.000247495 0.414454 4.40651e-05 3.02421e-09 2.57338e-05 0.00291945 
0.141262 0.00403754 0.00529235 0.179662 0.225891 0.000243128 2.08494e-05 0.000240683 0.168853 0.00841354 0.0137617 4.93764e-05 0.00545351 0.228991 0.0101812 1.99831e-06 0.000165172 0.00747991 
0.0476995 0.00198145 0.00183108 0.0270909 0.0826362 1.33027e-05 0.000125815 1.12662e-08 0.0584152 0.0656627 0.0307278 0.000393255 0.0446017 0.625897 0.000245625 3.13355e-08 0.000222516 0.0124556 
0.0220701 0.00868633 0.00528424 0.0437426 0.0695731 0.014899 0.00361333 0.000183169 0.266216 0.0099262 0.110636 0.00124457 0.117797 0.278237 0.000178063 3.67855e-05 0.015446 0.0322309 
0.0133064 0.00629946 0.00466203 0.0242755 0.0226766 0.00045408 0.000773058 3.16261e-08 0.158943 0.00189359 0.156183 0.000638773 0.21576 0.279911 0.00038022 8.88964e-11 0.0954922 0.0183512 
0.0315544 0.0248351 0.0879833 0.00959816 0.109256 0.000381324 4.28823e-05 0.000122233 0.0225012 0.00162018 0.0666998 0.00108914 0.000264358 0.632511 0.00218816 0.000440339 0.00286061 0.00605101 
0.0741316 0.0354083 0.0161286 0.13821 0.0251307 0.000130562 1.0628e-05 0.000140777 0.324043 0.00185445 0.0189602 3.7116e-07 0.00170852 0.346934 6.57266e-07 0.0034923 0.000275998 0.0134394 
0.166353 0.00457238 0.00519647 0.0447571 0.260548 0.000922435 0.000170559 7.02434e-06 0.0176704 0.00279251 0.0125343 0.000775672 0.00035752 0.460725 0.000337276 0.00324595 1.91403e-05 0.0190152 
0.160905 0.000752223 0.0181568 0.0486568 0.123885 0.00543567 2.35666e-06 0.000452085 0.0643986 0.0148983 0.159856 0.0359705 0.12791 0.218779 0.000905976 4.78457e-09 3.41492e-05 0.0190015 
0.00770856 0.000166357 0.135393 0.0172979 0.256172 0.000185216 1.18524e-07 0.000327359 0.0722371 0.000973056 0.0493596 0.0101302 0.00187094 0.446533 1.20002e-05 4.16445e-12 2.78073e-06 0.00163178 
0.218656 0.0540328 0.00457096 0.0384041 0.253468 0.000298814 2.0432e-05 5.44006e-05 0.0257211 0.00680081 0.000133917 2.18058e-05 0.000250905 0.37938 0.00229305 9.9601e-13 0.000222608 0.0156698 
0.0999914 0.00201343 0.00423306 0.0228061 0.0211771 6.66626e-05 0.00436614 3.1526e-05 0.111823 0.00480703 0.127377 9.68036e-05 0.0527775 0.413111 0.00175146 4.17617e-08 0.130029 0.00354214 
0.0387308 4.34967e-05 0.00191166 0.00977263 0.272362 0.00078457 9.4155e-10 3.28751e-07 0.0831642 0.00809938 0.0845408 0.000223821 0.000173185 0.499635 0.000164733 3.83821e-11 3.76271e-06 0.000389213 
0.211044 0.00668781 0.0104169 0.0227915 0.197967 0.000118224 7.63601e-06 0.00267545 0.0274522 0.0043216 0.00304012 0.00308531 0.000653977 0.495646 0.00520044 5.08275e-12 8.9792e-05 0.00880242 
0.00521926 0.000327154 2.79833e-06 2.10465e-08 0.0194937 3.43122e-07 1.31813e-06 3.07163e-11 2.44393e-06 3.11969e-07 0.113528 0.00093437 2.86074e-06 0.860407 2.36724e-07 3.2983e-11 7.97625e-05 2.3738e-12 
0.138028 0.0026149 0.0147808 0.0701895 0.0205053 0.00030666 0.000193893 0.0104147 0.015954 0.0283678 0.164102 0.000653883 0.136441 0.273088 0.0839001 6.26305e-09 0.0255267 0.0149321 
0.028233 0.00754611 0.0832663 0.0215945 0.0205177 0.000612288 1.19517e-05 7.00034e-06 0.230364 0.0133713 0.174542 0.000604168 0.0230645 0.348392 1.75612e-05 3.11781e-08 0.000164995 0.0476905 
0.0883862 0.0234572 0.0116228 0.0103169 0.0457655 0.00199375 0.000983148 3.75927e-07 0.0366462 0.164042 0.141791 0.00357161 0.000563216 0.368604 0.000215493 8.14819e-06 0.0256317 0.0764014 
0.0455499 0.0062279 0.0307766 0.163832 0.0323275 5.5479e-05 9.54747e-06 8.18413e-07 0.0790416 0.0678 0.236892 0.00525089 0.000525296 0.274948 0.00817058 4.88652e-05 0.015197 0.0333458 
0.055089 0.0211145 0.0185794 0.126062 0.180995 0.0010546 0.000126913 0.000185193 0.160909 0.0116524 0.0582373 0.00406575 0.00582609 0.249016 0.0623314 3.71729e-05 0.000353056 0.0443646 
0.117836 0.0164759 0.0245431 0.0244897 0.021866 2.52729e-05 6.49274e-05 0.0245333 0.0225519 0.00254009 0.0877909 0.0443504 0.0199387 0.577632 0.00463711 0.00182323 0.00266742 0.00623387 
0.0480519 0.00932236 0.055756 0.120957 0.186857 0.00105436 0.000324766 5.66952e-05 0.255183 0.00323987 0.0281362 0.0016316 0.00268461 0.262027 0.000324478 2.29019e-05 0.000545374 0.0238253 
0.270522 0.00458269 0.0346127 0.0908365 0.135229 0.00172526 0.000256003 0.000423971 0.0682398 0.0030148 0.0166376 0.0011346 0.000255471 0.366817 2.9065e-05 0.00144204 0.000251356 0.00399043 
0.00205916 0.000297964 0.0050116 0.00232814 0.232854 4.96497e-05 1.66011e-05 1.17693e-06 0.022326 0.000832966 0.0706544 0.000229579 0.000364881 0.661055 2.88079e-05 4.29809e-09 0.00157331 0.000317147 
0.0592973 0.00382294 0.00582146 0.0564189 0.0968505 0.00596715 0.00143489 1.7158e-05 0.154944 0.00191779 0.0656192 0.00030588 0.0690807 0.463685 0.000660687 4.77703e-11 0.00658218 0.00757477 
0.206389 0.00221116 0.0889917 0.0712061 0.16312 0.000527945 1.56894e-05 1.67912e-05 0.0999409 0.00597632 0.000798332 2.89226e-05 0.00602734 0.340474 9.20271e-06 2.99018e-11 0.000124022 0.0141419 
0.0507695 0.0111261 0.0111075 0.0528854 0.336769 0.000244246 1.07202e-05 0.000199176 0.0486788 0.0135782 0.0577043 0.00820056 0.000631634 0.38673 0.0019751 8.12122e-08 0.00122817 0.0181606 
0.145798 0.00439205 0.0197751 0.0431847 0.164375 0.00404366 0.00629567 0.000854105 0.0355682 0.0185039 0.118409 0.000487159 5.39689e-05 0.417268 0.00151379 0.000292923 0.000156288 0.0190291 
0.0258055 0.0477572 0.00834591 0.023761 0.102009 0.000119716 0.000746838 6.80016e-07 0.0359783 0.00888039 0.0378798 0.0010097 0.00524667 0.620405 0.000163511 1.46614e-07 0.000800267 0.081091 
0.0299546 0.0149255 0.0163501 0.0598617 0.319041 0.00031185 0.000370197 9.52025e-05 0.146017 0.00430311 0.0274673 0.00168733 0.00160895 0.35339 0.00367444 5.85541e-05 0.00367577 0.0172066 
0.0239217 0.00409276 0.00229219 0.0268579 0.032388 5.96291e-05 0.00592505 8.47191e-09 0.155291 0.0132518 0.0422938 9.43666e-05 0.0693669 0.607356 0.00208062 1.06646e-06 4.4675e-05 0.0146819 
0.021544 2.84816e-05 0.000417386 4.7074e-06 4.54193e-08 1.11258e-09 2.01009e-09 1.92538e-05 0.00181506 0.000448844 0.00134933 1.33326e-07 7.02589e-10 0.970415 4.44842e-08 1.94657e-09 0.00395654 1.07497e-06 
0.00565469 0.000988453 0.0558334 0.0402306 0.285152 9.67591e-05 3.79271e-05 4.45708e-06 0.0814892 0.00321772 0.116004 0.000276841 0.000200151 0.401792 7.96158e-05 2.04172e-08 2.51502e-06 0.00893996 
0.0136491 0.00693323 0.193621 0.020281 0.0214576 9.37802e-06 0.00648265 1.23417e-05 0.0312185 0.0010498 0.0659105 0.00112404 0.000437825 0.630932 4.41381e-06 1.50688e-07 0.000213873 0.0066618 
0.172685 5.76094e-05 0.0193622 0.0956808 0.0793676 0.000228434 2.75656e-05 0.00134607 0.100004 0.00499175 0.0189682 5.15461e-05 0.00180494 0.483901 0.000302554 3.38974e-08 0.000111313 0.0211088 
0.190743 0.00135793 0.0261369 0.0861466 0.148472 1.23229e-05 4.90603e-06 0.0533025 0.0224881 0.000803857 0.00484496 3.80213e-06 0.0262359 0.393906 0.00137055 1.78517e-07 0.040803 0.00336762 
0.0188145 0.00366064 0.0189269 0.0717244 0.187671 0.000218333 2.48326e-05 0.000139218 0.0839219 0.00745837 0.0385858 0.000393788 0.000400306 0.54057 0.0174407 2.24168e-08 4.54416e-05 0.0100035 
0.145089 0.0111223 0.00505914 0.0453482 0.00940046 0.00255653 0.00798652 2.93139e-06 0.0333315 0.0214739 0.00628293 0.112054 0.0902674 0.469376 0.000581416 4.96446e-07 0.000122362 0.0399447 
0.0156174 2.4074e-05 0.0237097 0.0235651 0.00520602 8.56331e-08 0.00058915 0.0081376 0.0404531 0.00246845 0.263393 2.34485e-05 0.19221 0.418381 9.91146e-05 0.00430963 0.000257194 0.00155541 
0.0181623 0.00172354 0.0187807 0.0425661 0.278164 0.000181938 0.00667339 7.3417e-06 0.141476 0.00689453 0.052593 0.000434623 0.00297803 0.406118 0.000852362 6.18038e-06 0.0059999 0.0163878 
0.039261 0.023026 0.0125961 0.0301621 0.13805 0.00166586 0.00227934 1.39072e-05 0.0483344 0.016967 0.0184093 0.000570146 0.00305185 0.602805 0.000437448 0.000202037 0.0284458 0.0337222 
0.115329 0.000741477 0.00878152 0.0266038 0.157054 0.00120523 1.53994e-06 2.27956e-05 0.027926 0.0282458 0.236344 0.0440065 4.83921e-06 0.339295 8.96485e-10 0.0117027 3.30839e-06 0.00273217 
0.0132722 0.0427914 0.0273621 0.00400575 0.11866 4.53396e-05 6.10707e-06 0.000128302 0.00835077 0.000204488 0.0603195 0.000576744 0.000143729 0.722459 0.00100098 1.69753e-12 0.000311129 0.00036265 
0.0196307 0.00395101 0.0146669 0.0247177 0.0634475 6.29428e-05 0.00178848 1.92984e-05 0.0346679 0.0117893 0.033214 5.3397e-05 0.0011806 0.785753 0.000151199 3.87012e-06 2.81067e-05 0.00487382 
0.000489246 3.94093e-08 0.000419902 0.000400469 2.00954e-08 2.85158e-05 0.000594599 6.33577e-07 0.000274481 0.00111292 0.0035805 3.54599e-05 0.000631075 0.966096 0.000247511 2.23434e-12 6.894e-07 0.0260878 
0.0227596 0.0012187 0.00416574 0.0129605 0.217659 0.000905512 0.000417135 1.5063e-05 0.0470013 0.0122093 0.0465073 0.0025651 0.000223172 0.612829 0.0012783 8.82529e-12 5.17992e-05 0.0172337 
0.199972 0.000167545 0.0135836 0.050014 0.119399 0.000187571 6.27277e-08 0.000290492 0.0230073 0.132732 0.0491171 3.66761e-05 0.000380277 0.368885 0.00285542 1.29323e-10 6.96003e-05 0.0393027 
0.0336605 0.0158842 0.00398376 0.035312 0.143295 0.0139946 1.84991e-05 1.89693e-06 0.0197582 0.00392191 0.0563023 0.00446732 0.00261396 0.647325 5.532e-05 4.409e-08 0.00269888 0.0167062 
0.166574 0.0121034 0.0543649 0.0500851 0.164716 0.000906851 2.36662e-06 0.000435313 0.180728 0.0329075 0.0685099 8.90397e-05 0.0024179 0.241168 0.000292744 0.0029782 0.000219611 0.0215017 
0.156009 0.0404259 0.0157474 0.024056 0.012644 0.00567644 1.64861e-05 3.49441e-11 0.0754232 0.00172183 0.022313 0.00420716 0.055992 0.334695 0.0186512 1.09243e-06 0.194499 0.0379207 
0.061468 0.000591872 0.00018732 0.0140516 0.0165755 0.000184286 3.91339e-06 3.84943e-10 0.0334884 0.00362903 0.015629 5.56253e-05 0.0739279 0.412023 0.000393985 4.1335e-10 0.267024 0.100767 
2.82858e-08 3.60882e-09 0.00118427 0.00355448 0.103954 1.09844e-08 4.21726e-08 2.06456e-11 0.0142567 4.65304e-06 0.0256784 3.31793e-08 0.00195668 0.849408 7.58006e-09 3.67095e-08 2.55063e-06 9.59503e-09 
0.0706066 0.0466124 0.0443186 0.0397452 0.104009 0.000612086 0.000645494 0.000482283 0.135379 0.00199693 0.00402649 0.000639442 0.00277833 0.531708 0.00141478 1.74193e-09 0.00333237 0.0116937 
0.227302 0.0258922 0.00822145 0.0115021 0.0058499 1.48207e-05 1.1741e-05 3.38979e-06 0.0313611 0.00367492 0.095467 0.00962114 0.000135099 0.559133 0.00143251 1.55203e-09 0.000119628 0.0202585 
0.0323507 0.0350232 0.0627128 0.0499164 0.0725418 6.98328e-05 7.10164e-06 4.30061e-06 0.104957 0.0811891 0.0428136 0.018537 0.000131284 0.409865 9.02333e-05 0.00743905 0.00210117 0.0802506 
0.0564822 0.033784 0.0193793 0.05438 0.0694128 0.00300158 4.42382e-05 1.46764e-06 0.0954721 0.00201861 0.0590861 0.000453271 0.0450881 0.382437 0.000264115 8.6419e-07 0.000530033 0.178164 
0.227302 0.0258922 0.00822145 0.0115021 0.0058499 1.48207e-05 1.1741e-05 3.38979e-06 0.0313611 0.00367492 0.095467 0.00962114 0.000135099 0.559133 0.00143251 1.55203e-09 0.000119628 0.0202585 
0.0287883 0.0114849 0.0102943 0.0846681 0.025271 0.000451857 0.000365743 1.70383e-09 0.0630491 0.00239105 0.0631334 0.000757441 0.338016 0.340575 0.00747494 2.67107e-11 0.000323397 0.0229561 
0.0766672 0.0412828 0.00180517 0.0295815 0.0322146 0.00165403 3.04458e-05 0.000106478 0.00797584 0.00217816 0.0218754 0.0299959 0.004684 0.724496 0.00722015 2.07521e-07 0.000188892 0.0180427 
0.0076215 0.00499107 0.00265907 0.0696607 0.177576 0.000102317 0.000486868 0.00040557 0.0496509 0.000479577 0.0266058 0.0216032 0.0266452 0.489377 4.10844e-05 0.000120451 0.115427 0.006546 
0.285036 0.00707959 0.00758891 0.0065473 0.0905686 0.000207422 3.54509e-05 1.19799e-05 0.0275575 0.00668641 0.0166887 0.000233393 0.00155717 0.542746 1.42184e-05 0.000101022 0.0044581 0.00288265 
0.0522032 0.0139555 0.0178523 0.0418628 0.316592 7.40932e-05 5.56792e-06 9.89742e-05 0.0570853 0.00680653 0.0281979 0.000628204 0.000135603 0.424915 0.0186709 9.11102e-05 0.00284663 0.017978 
0.181419 0.0266995 0.00951253 0.0247794 0.00354053 0.000689251 9.10846e-07 7.52498e-08 0.0148524 0.00644556 0.0608948 0.00683258 0.162108 0.243507 0.00422936 2.34959e-08 0.190214 0.0642748 
0.00200861 0.00362414 0.00455718 0.0321344 0.10609 0.000137206 0.000921678 2.04408e-07 0.0834397 0.000119472 0.0245676 8.89355e-05 0.0250715 0.710214 7.80618e-06 3.47982e-08 0.00276099 0.00425664 
0.0348634 0.00199914 0.0548313 0.0296702 0.144192 0.00167664 0.000155693 5.09992e-06 0.242607 0.0219588 0.141721 0.000322164 0.0232847 0.272587 0.00102685 0.000616364 0.00121064 0.0272733 
0.00593058 0.0259778 0.00532418 0.0101044 0.141909 5.5662e-05 0.00103409 2.5012e-05 0.0294631 0.00137629 0.0354888 0.00298683 0.000389331 0.609353 9.52852e-05 2.60298e-12 0.126093 0.00439328 
0.00927484 0.000788569 0.301742 0.0292669 0.10534 5.0485e-05 2.69647e-05 9.50202e-07 0.0116334 0.00281056 0.133655 0.00174892 0.000720492 0.396337 1.70968e-05 0.0050804 8.80369e-06 0.00149709 
0.0962119 0.0536617 0.00559709 0.0283257 0.0331759 0.0016919 0.000103847 0.000334849 0.0245639 0.000731276 0.0572154 0.000744104 0.0311313 0.530683 0.00112068 4.23597e-08 0.1269 0.00780705 
0.094449 0.00462556 0.154878 0.068708 0.088768 0.00263762 0.000382968 0.0142395 0.159289 0.00739002 0.0377406 0.00219269 0.00738901 0.332949 0.00108196 0.00124277 0.00145646 0.0205804 
0.0334969 0.0142488 0.0419274 0.0933477 0.24474 0.00304198 0.000834288 1.41174e-05 0.165933 0.00741261 0.068167 0.00176 0.0175402 0.286615 0.000423956 2.96126e-05 0.000759785 0.0197067 
0.220665 0.000127925 0.00124437 0.04968 0.0524921 0.0903419 0.00143411 0.00119451 0.0130463 0.0311824 0.0116565 9.47443e-07 0.0686998 0.40024 0.00489048 8.86231e-10 0.0337393 0.0193641 
0.0534125 0.182547 0.0071789 0.0770425 0.0923407 0.0051842 0.000410626 1.48732e-05 0.179923 0.00928622 0.0450267 0.00169522 0.00313278 0.262002 0.0231405 0.00636581 0.0107966 0.0404999 
0.0385418 0.000438126 0.0414071 0.122927 0.0798683 0.000366202 3.13328e-05 1.40472e-05 0.237282 0.00019505 0.152683 1.01931e-05 0.0006449 0.24015 2.03965e-06 2.03911e-05 0.00188829 0.0835317 
0.141015 0.000105113 0.0097026 0.0257621 0.026848 0.00756579 0.00051237 0.000301391 0.0641497 0.0981307 0.161105 0.000422328 0.0283456 0.263883 0.13676 1.46222e-06 0.0196879 0.0157016 
0.0234251 0.0370392 0.0416614 0.100471 0.127516 0.00110382 0.00386865 1.913e-05 0.212867 0.0276732 0.0379031 0.0036838 0.00509486 0.329501 0.000150341 9.6847e-07 0.00253787 0.0454842 
0.218656 0.0540328 0.00457096 0.0384041 0.253468 0.000298814 2.0432e-05 5.44006e-05 0.0257211 0.00680081 0.000133917 2.18058e-05 0.000250905 0.37938 0.00229305 9.9601e-13 0.000222608 0.0156698 
0.0831926 0.0132335 0.017637 0.0472791 0.131234 0.000388455 0.000761949 7.69943e-05 0.0496534 0.00689689 0.0305015 0.00163221 0.00696281 0.556971 0.000892807 1.56817e-05 0.00337129 0.0492988 
0.184563 0.00936316 0.0146307 0.0312605 0.136306 0.00223108 0.000837096 3.05578e-05 0.161652 0.00286778 0.14078 0.0006351 0.02512 0.262794 0.00116499 0.000222041 0.00017283 0.025368 
3.35263e-08 4.27522e-09 0.00262249 0.00741229 0.172573 1.30087e-08 4.99683e-08 5.59988e-12 0.0472471 1.54767e-05 0.0442784 3.93126e-08 0.00358186 0.722266 8.97525e-09 1.68778e-08 3.02338e-06 4.41228e-09 
0.133918 0.00100913 0.0262759 0.0287322 0.0697126 0.0021425 0.000614066 2.54191e-05 0.0165805 0.00460803 0.047136 0.000973801 0.0943015 0.471515 0.000690763 2.69795e-05 0.00424961 0.0974881 
0.0290575 0.00253913 0.000756423 0.0177057 0.150854 0.000709165 6.30792e-05 4.83416e-08 0.00514321 0.0140567 0.0357895 0.00479788 6.01282e-05 0.698268 0.000745552 2.0029e-09 3.623e-05 0.0394186 
0.0989377 0.00498075 0.00151272 0.0258283 0.129554 2.27533e-05 3.31373e-05 0.00104016 0.0337474 0.00360318 0.100545 0.17169 0.0120985 0.340546 0.000854861 2.60442e-06 0.0738112 0.00119279 
0.0205572 0.00678265 0.00344194 0.0400227 0.384011 0.000172821 0.00800316 4.69087e-06 0.0688905 0.00212181 0.00826738 0.00013909 0.00740202 0.435545 0.00484137 3.16955e-07 0.00168312 0.00811244 
0.0172438 0.0100538 0.0288381 0.0106773 0.104 0.000113166 0.000141591 1.54663e-05 0.0960324 0.00176095 0.0120141 0.0012092 0.000399885 0.701015 0.00015475 2.51278e-09 0.0053337 0.0109969 
0.113335 0.00279391 0.00869591 0.0823635 0.187066 0.00143885 8.96849e-06 8.28278e-07 0.00805207 0.0571147 0.125494 0.000294185 0.0014864 0.334314 0.00113152 0.00518992 0.000136175 0.071084 
0.00102052 0.000454406 0.0358343 0.00185491 0.15906 0.000250721 1.36737e-05 1.02338e-06 0.0621334 0.00168952 0.102206 0.00163405 0.000216473 0.630884 1.46321e-09 1.47738e-09 0.00200134 0.000746114 
0.117015 0.0021772 0.0298752 0.0209673 0.252872 0.00168824 1.95277e-05 1.25652e-06 0.041044 0.0092158 0.0345249 0.000120055 0.000448802 0.475856 0.000250404 1.08767e-11 0.000109248 0.0138152 
0.0944517 0.0448963 0.088057 0.172421 0.0449836 0.0313601 3.57594e-06 5.70965e-05 0.104605 0.0117618 0.0287177 0.00137439 0.000634251 0.193044 0.00131299 1.25687e-08 0.00029181 0.182027 
0.0370317 0.00675089 0.00478251 0.0668305 0.0258715 0.00185366 0.00646602 0.00021002 0.122769 0.158048 0.0272276 0.00205873 0.109566 0.224132 0.0971113 4.08536e-06 0.0712569 0.0380297 
0.00854121 5.20529e-05 0.00157501 0.00734831 0.0355617 1.21556e-06 0.0664568 1.85872e-07 0.0243924 0.00045519 0.0166995 6.23801e-05 0.00906984 0.829152 8.47776e-07 6.19967e-08 3.92851e-05 0.000591608 
0.0290412 0.0140271 0.00110511 0.00996241 0.323144 0.000693705 0.000682337 3.35964e-06 0.0171274 0.00110602 0.00826253 0.000206652 7.84741e-05 0.582266 3.37123e-05 3.39393e-08 0.000102498 0.012158 
0.0207333 0.0121499 0.0521062 0.0265939 0.0972962 0.00348348 2.0717e-05 0.000140249 0.0363132 0.00494223 0.156649 0.00317287 0.000525212 0.493177 0.000210246 9.55032e-07 0.0539062 0.0385792 
0.00788362 0.00440643 0.0442399 0.0208651 0.109976 0.000472033 0.000137854 3.52199e-05 0.151682 0.00307147 0.0565166 0.000252904 0.0113208 0.576373 6.57253e-05 1.35548e-07 0.0104297 0.00227132 
0.0190244 0.00813447 0.05512 0.0392941 0.233231 0.000270017 5.20317e-06 6.39423e-05 0.215377 0.00362159 0.0118542 0.00162913 0.00112985 0.38647 0.000609249 0.000288408 0.000477128 0.0234014 
0.0468494 0.0133724 0.0492106 0.0672095 0.273912 0.00105347 0.0012262 0.000854313 0.144793 0.0107218 0.018913 0.00233959 0.00454694 0.336702 0.00264239 0.000387027 0.00129766 0.0239696 
0.0266032 0.00539485 0.018048 0.171979 0.343962 1.73738e-07 1.97326e-06 1.31453e-06 0.0328032 0.0109281 0.000261293 9.33629e-05 0.0010479 0.373716 0.0012078 3.92175e-10 2.79819e-05 0.0139247 
0.108031 0.00908693 0.0803248 0.189238 0.14758 0.00412464 0.00021092 4.02259e-05 0.11011 0.0127716 0.0219027 0.00307828 0.0110061 0.285463 0.000596447 0.000282536 0.000957437 0.0151954 
0.0045656 0.000223882 0.000188687 0.000533583 0.000256461 0.00015376 0.000256502 2.15523e-05 0.000117897 0.00138837 0.00524266 0.000397522 0.00113167 0.9469 0.000341853 6.11902e-12 0.00128233 0.0369978 
0.000812539 0.059054 0.000106365 0.0407374 0.369996 8.1576e-06 4.20473e-07 2.68657e-07 0.0509863 0.000627116 2.4797e-05 0.000222348 0.00208049 0.453662 0.000156319 5.16211e-10 6.91302e-06 0.0215191 
0.0541656 2.09298e-06 0.0036016 0.0824332 0.00700704 0.00126091 0.00290627 0.000125664 0.0333679 0.0016398 0.0454347 8.0566e-06 0.310914 0.449021 0.00228948 3.55482e-10 0.000380582 0.00544223 
0.159629 0.00150674 0.0378156 0.0573574 0.172604 0.00222818 0.000251468 5.17608e-05 0.22215 0.0010461 0.0378957 0.000281381 0.000112902 0.303095 0.000203414 6.05899e-06 6.60651e-05 0.00369868 
0.0576276 0.0020464 0.0626425 0.0595132 0.223381 0.00021352 1.99771e-05 0.000704095 0.15426 0.00175175 0.0179819 0.000182932 0.00039215 0.410462 5.43174e-05 4.47435e-05 4.5111e-05 0.00867751 
0.351276 2.46768e-05 0.000362139 0.0302886 0.00796738 0.0265588 1.52503e-05 3.56654e-10 0.0269633 0.00031377 0.0253463 0.00596942 0.130728 0.387212 0.000335349 3.82974e-10 0.000591016 0.00604731 
0.0432197 0.00107854 0.00158244 0.264472 0.0207341 6.03589e-10 8.29562e-07 0.00134158 0.0282473 0.00704018 0.019561 6.43957e-06 0.000646252 0.415406 0.00193756 1.82291e-06 1.39563e-05 0.19471 
0.00998706 0.025913 0.0439196 0.0283773 0.0986165 9.10059e-05 0.0229258 7.07431e-06 0.0541663 0.0215056 0.328487 0.0022503 0.0114301 0.328707 0.000255124 4.42211e-05 0.00490313 0.0184138 
0.247679 0.00503135 0.00623415 0.0808043 0.15367 0.000105372 0.000721373 0.00162295 0.0266815 0.00375569 0.0567669 0.000163129 0.00679159 0.28519 0.0972373 8.68707e-06 0.00155664 0.0259806 
0.0290412 0.0140271 0.00110511 0.00996241 0.323144 0.000693705 0.000682337 3.35964e-06 0.0171274 0.00110602 0.00826253 0.000206652 7.84741e-05 0.582266 3.37123e-05 3.39393e-08 0.000102498 0.012158 
0.0847437 0.00285533 0.00688778 0.0587467 0.142456 0.000298556 2.61086e-07 0.000245243 0.121401 0.0022583 0.000455029 7.88878e-05 0.0058969 0.553211 0.00117073 1.56701e-06 0.000787715 0.0185047 
0.0546181 0.012719 0.0432387 0.0822387 0.0949264 0.00420799 0.000811436 2.01105e-05 0.106799 0.0148534 0.0831307 0.00173056 0.00443856 0.443477 0.00235093 5.84864e-06 0.00996067 0.0404727 
0.0221441 0.00758966 0.0229062 0.0783795 0.242651 0.000168284 0.0062275 0.000111918 0.184924 0.000637353 0.00544756 0.0001002 0.00730507 0.396842 0.00119226 1.96937e-12 0.0207109 0.002662 
0.00211919 0.000137489 0.00132523 0.00211635 0.190386 0.000147344 3.51635e-06 7.98949e-08 0.0165528 0.000677765 0.028393 7.94696e-05 0.000570798 0.754987 9.386e-07 5.39962e-09 0.00223198 0.00027098 
0.0210792 0.0169259 0.00553762 0.00419138 0.0454703 0.00135726 5.60596e-05 1.8148e-06 0.196991 0.0144658 0.230463 0.000264309 0.133061 0.279609 1.53647e-05 1.16245e-05 0.000536161 0.0499633 
0.13114 0.000428657 0.0062725 0.00685381 0.0866822 0.167736 4.13905e-06 1.81897e-05 0.0105386 0.0307965 0.0102108 0.000310502 0.00392599 0.522156 4.91094e-05 9.69062e-05 0.0139615 0.00881874 
0.279047 0.00152955 0.00461213 0.0526399 0.146246 0.00154391 3.86752e-11 2.17608e-05 0.0117771 0.00420807 0.0315257 0.0018881 0.00395992 0.443168 0.000327064 3.7453e-11 4.20176e-08 0.0175061 
0.117015 0.0021772 0.0298752 0.0209673 0.252872 0.00168824 1.95277e-05 1.25652e-06 0.041044 0.0092158 0.0345249 0.000120055 0.000448802 0.475856 0.000250404 1.08767e-11 0.000109248 0.0138152 
0.274121 0.000463176 0.00223424 0.0278656 0.200372 5.81236e-05 2.42728e-11 0.000168955 0.0736503 0.0061831 0.000560148 0.00044659 0.000545582 0.411814 0.000728275 2.35058e-11 9.78405e-05 0.000690167 
0.040559 0.00629453 0.0694079 0.139223 0.184725 0.000820037 0.00339549 3.23551e-05 0.0612836 0.00360939 0.0744017 0.000530179 0.00143693 0.39092 0.00685039 6.28597e-09 0.000110463 0.0163996 
0.0821863 0.00116325 0.00793373 0.0362102 0.146326 7.99735e-05 0.000335168 5.8868e-06 0.197283 0.0585749 0.0709091 0.000640987 0.0881162 0.244274 0.000304775 3.72161e-06 0.0193506 0.0463018 
0.0165904 0.02661 0.0859116 0.00713377 0.175653 0.000884016 9.47478e-06 2.14362e-05 0.0751677 0.0205771 0.0560198 0.00376568 0.00168756 0.516263 0.000343547 3.41506e-06 0.00046907 0.0128894 
0.322004 0.0116659 0.0626627 0.0301317 0.0456088 0.00582504 9.99858e-05 3.02699e-05 0.0189512 0.00851263 0.0633799 0.0011648 0.0805286 0.332343 9.5428e-05 1.0634e-05 0.00012184 0.0168635 
0.16341 0.00238407 0.0167982 0.093869 0.0152417 0.00468776 0.00119352 0.000374614 0.0697627 0.00309476 0.0555415 0.00149537 0.235975 0.271795 0.000946695 2.24608e-06 0.0185383 0.0448897 
0.0460829 7.08731e-05 0.000248277 0.006367 0.0230533 5.53835e-05 5.11372e-05 4.17075e-10 0.0696794 0.00386769 0.124445 0.00183607 0.000166552 0.723209 0.000669097 4.47853e-10 1.93361e-06 0.000196079 
0.0321285 0.00349834 0.1069 0.0214811 0.0327397 0.000166464 2.51625e-05 0.186723 0.146142 0.00434245 0.00187667 0.000575242 0.000159916 0.360974 0.0085595 8.52426e-11 3.01822e-05 0.0936772 
0.10651 0.0255379 0.00103442 0.0355246 0.0157844 0.0036157 7.99714e-06 4.53194e-08 0.018838 0.00485573 0.0269281 0.00584891 0.114039 0.287704 0.00399109 1.66976e-08 0.237159 0.112621 
0.0229339 0.00129254 0.0766704 0.0348672 0.0852583 0.000247387 9.86057e-06 6.48259e-05 0.165622 0.00122291 0.0283185 0.00138812 0.00231105 0.573023 0.000247321 5.32158e-06 0.00170766 0.00481055 
0.0504574 0.00798031 0.0704254 0.0305291 0.118169 0.000962827 0.00165208 0.000101609 0.0984807 0.00269753 0.254365 1.66657e-05 0.00766469 0.324372 0.00108683 1.45734e-05 0.000751001 0.0302733 
0.243899 1.46926e-05 0.0020274 0.0211603 0.250137 0.00556441 4.45428e-05 0.000407252 0.026009 0.00977095 0.118335 0.0062658 0.00145525 0.307069 3.18739e-05 9.73564e-10 8.74399e-06 0.00780005 
0.0141486 0.00195089 0.000578057 0.00441341 0.187962 0.000227181 0.00139899 3.54804e-08 0.0227456 0.00826207 0.0292955 0.000293238 0.000419225 0.723495 2.33961e-05 1.89731e-05 2.03372e-05 0.00474747 
0.00205916 0.000297964 0.0050116 0.00232814 0.232854 4.96497e-05 1.66011e-05 1.17693e-06 0.022326 0.000832966 0.0706544 0.000229579 0.000364881 0.661055 2.88079e-05 4.29809e-09 0.00157331 0.000317147 
0.0724647 0.0178407 0.00325839 0.163589 0.0426065 0.00236325 0.000661116 1.2493e-08 0.111864 0.0127873 0.130644 0.0042811 0.0744994 0.283538 9.27315e-05 1.25491e-08 0.00632303 0.0731863 
0.285631 0.000789154 0.00470377 0.0765452 0.017696 0.000368887 7.71989e-07 3.26901e-08 0.050086 0.0259315 0.1134 0.00834621 0.0132108 0.358277 0.000664851 8.21279e-08 0.000724284 0.0436239 
0.101764 0.00105912 0.0426617 0.0514538 0.0204377 0.00270449 0.00198483 4.62054e-05 0.193785 0.00249475 0.0285097 0.0173912 0.00661742 0.428541 0.015192 1.83493e-07 0.00394134 0.0814155 
0.0793953 0.000574988 0.00795419 0.0162424 0.278466 0.000302632 2.29368e-05 1.25136e-06 0.039988 0.00628615 0.0509725 0.000513957 0.000795168 0.484504 0.00083971 1.96903e-11 0.00397949 0.0291618 
0.142207 0.00277794 0.00522621 0.0172356 0.20186 0.000282476 1.23028e-05 7.79253e-05 0.0134476 0.0128123 0.0166238 0.000594606 0.00810484 0.574311 0.000514967 4.0003e-05 0.000539623 0.00333171 
0.283252 0.0144324 0.00917049 0.0336621 0.0553257 0.000105391 4.86546e-05 6.17357e-05 0.0714363 0.00335359 0.0293456 0.000657884 0.0343513 0.313623 0.000696837 9.18756e-07 0.128835 0.0216405 
0.162963 0.000455533 0.00355673 0.0863335 0.230929 0.000452017 2.5719e-08 0.000147086 0.028492 0.0309387 0.0307815 0.000437812 0.000103912 0.327948 9.81845e-07 9.65216e-12 0.0377377 0.0587226 
0.0318603 0.00762891 0.131724 0.0317048 0.25352 0.00249659 0.000167575 4.17148e-05 0.186321 0.0063565 0.030263 0.00151588 0.0112168 0.285633 0.000116995 0.0048632 5.70425e-05 0.0145128 
0.0520265 0.0470805 0.23644 0.0173733 0.0365141 0.000242141 0.000123868 7.60928e-05 0.199395 0.00337659 0.0515635 0.000139814 0.00365573 0.339102 0.000409933 6.06881e-12 0.000519079 0.0119623 
0.0567427 0.00157249 0.224646 0.0177336 0.0827066 0.000432086 4.61795e-05 6.07361e-05 0.0212433 0.00240134 0.0718894 1.69976e-05 7.93881e-05 0.514217 4.84127e-06 5.56417e-06 1.91447e-05 0.00618253 
0.0394604 0.000645268 0.000524749 0.0836063 0.0485562 5.62299e-05 4.84586e-05 0.000102596 0.112028 0.00166778 0.133408 0.000610293 0.000279458 0.566042 0.000548145 6.91774e-09 5.01534e-05 0.0123662 
0.00702128 0.0458144 0.0304672 0.014271 0.205977 0.000213786 0.0119023 1.70801e-06 0.238042 0.00726867 0.140505 9.21865e-07 0.000525472 0.287745 2.58915e-05 7.3187e-06 0.00502573 0.00518533 
3.24902e-05 4.85691e-09 5.2818e-05 0.0688899 0.00990225 0.132688 4.09268e-08 3.69098e-08 2.04649e-09 2.50968e-05 6.00035e-05 3.21993e-08 1.43052e-08 0.788328 1.90897e-08 3.96335e-08 7.51688e-09 2.13961e-05 
0.021544 2.84816e-05 0.000417386 4.7074e-06 4.54193e-08 1.11258e-09 2.01009e-09 1.92538e-05 0.00181506 0.000448844 0.00134933 1.33326e-07 7.02589e-10 0.970415 4.44842e-08 1.94657e-09 0.00395654 1.07497e-06 
0.0321629 0.0027278 0.0695746 0.0496927 0.0804596 0.00178902 0.00291798 0.0546963 0.10782 0.00884654 0.193367 0.000552569 0.00692483 0.352944 0.0040651 0.00483367 0.0184272 0.00819758 
0.021544 2.84816e-05 0.000417386 4.7074e-06 4.54193e-08 1.11258e-09 2.01009e-09 1.92538e-05 0.00181506 0.000448844 0.00134933 1.33326e-07 7.02589e-10 0.970415 4.44842e-08 1.94657e-09 0.00395654 1.07497e-06 
0.0406819 0.0258885 0.0125658 0.0178118 0.080707 0.00133259 0.00138979 0.000194772 0.113167 0.00456754 0.0633987 0.000623012 0.00393418 0.553573 0.000645511 4.17487e-11 0.00381869 0.0756995 
0.0115468 0.00139174 0.0257537 0.0143872 0.278492 0.000735225 0.0444609 6.15814e-05 0.0270986 0.00254803 0.168061 0.00331145 0.000788955 0.409124 3.24759e-05 8.71451e-10 0.00342786 0.00877855 
0.127437 0.000960354 0.172323 0.0186156 0.10669 0.000357656 2.30659e-05 0.000229683 0.280714 0.000767617 0.00125278 1.20841e-05 0.00015754 0.289139 1.38607e-05 2.03191e-12 6.52492e-05 0.00124163 
0.0161222 0.000901243 0.00274399 0.013388 0.00638399 9.34714e-05 4.24066e-05 2.12396e-05 0.0162828 0.008712 0.00312766 0.000136253 4.55113e-05 0.850263 0.000506863 4.68448e-08 7.15867e-09 0.0812297 
0.0221441 0.00758966 0.0229062 0.0783795 0.242651 0.000168284 0.0062275 0.000111918 0.184924 0.000637353 0.00544756 0.0001002 0.00730507 0.396842 0.00119226 1.96937e-12 0.0207109 0.002662 
0.227302 0.0258922 0.00822145 0.0115021 0.0058499 1.48207e-05 1.1741e-05 3.38979e-06 0.0313611 0.00367492 0.095467 0.00962114 0.000135099 0.559133 0.00143251 1.55203e-09 0.000119628 0.0202585 
0.0207994 0.000790044 0.00881394 0.00458707 0.0203298 0.000865792 0.00146208 2.94219e-06 0.0169188 0.00129595 0.160187 0.000124734 0.0104268 0.724203 1.61766e-05 0.000125788 0.00701156 0.0220393 
0.0481152 0.00320361 0.0221209 0.0623751 0.255248 6.75938e-05 5.52392e-05 0.000695733 0.155048 0.00727901 0.0222525 0.000607877 0.000201786 0.396588 0.00049882 0.000159886 9.7865e-05 0.0253855 
0.0381252 0.0194899 0.044749 0.045936 0.218242 0.00110416 0.00856053 1.66421e-05 0.103014 0.00619157 0.0487449 0.00596429 0.029912 0.299404 0.00904069 0.00305189 0.0592314 0.0592216 
0.0667706 0.000949321 0.00765102 0.0372554 0.00934593 0.000655066 0.00221502 5.27568e-05 0.0262859 0.0112567 0.00845125 0.000556981 0.00103614 0.755241 0.00535774 4.83354e-08 0.00299064 0.0639285 
0.0252653 0.000162237 0.0183879 0.0011195 0.228415 0.000166005 1.05369e-05 2.38705e-06 0.00842433 0.00423244 0.00512401 6.71614e-07 2.39279e-05 0.653629 2.31485e-05 8.26677e-07 5.78865e-06 0.0550075 
0.288481 0.00263321 0.0509187 0.172827 0.0679303 8.00137e-06 2.21508e-05 0.0017163 0.103638 0.00385136 0.000162527 0.00376396 0.000457152 0.300902 0.00122722 3.53086e-07 0.00022933 0.00123259 
0.0921182 0.0114849 0.0172932 0.0275026 0.0681973 8.30847e-05 3.55935e-05 0.000539302 0.107157 0.00151549 0.0361786 0.000370055 0.000158185 0.588857 0.0302529 0.00072186 0.0139038 0.003631 
0.072698 0.0120605 0.121529 0.0270443 0.290744 9.52455e-05 5.89102e-06 0.000202013 0.0336984 0.0043496 0.000600111 2.91122e-05 0.000204647 0.427926 6.64997e-05 2.59792e-07 0.000129568 0.00861704 
0.0486265 6.65048e-05 0.00640902 0.0297486 0.0224366 0.000143621 0.00422114 8.58434e-08 0.0657603 0.00975591 0.247448 0.000510585 0.0746006 0.312634 0.000121671 3.12442e-10 0.110805 0.0667117 
0.168979 0.0143605 0.0490088 0.0882384 0.037939 0.0035585 0.000252329 2.67172e-05 0.12308 0.000574884 0.0559426 0.00670176 0.0133769 0.342838 0.0024312 2.97083e-08 0.00689708 0.0857943 
0.00202587 0.00294364 0.0061241 0.00320288 0.215384 3.31631e-05 7.88928e-06 1.73559e-06 0.0173259 0.000795814 0.0380215 0.00032148 0.000142883 0.713252 2.96478e-05 4.50211e-09 1.49823e-05 0.000372597 
0.20926 0.00420516 0.0600316 0.014186 0.0614998 0.00102356 0.000978879 5.13367e-06 0.157683 0.0111196 0.0252516 0.000147936 0.0232894 0.231914 0.000802893 2.33931e-07 0.180393 0.0182087 
0.16291 0.0126606 0.0247512 0.0118029 0.0252791 0.000874394 7.89999e-06 0.0279022 0.00663818 0.00341938 0.169508 0.000947915 0.00707432 0.469307 0.072873 0.000527662 0.00243887 0.00107732 
0.00033982 0.000603357 0.00190205 0.00761804 0.235846 1.96942e-05 3.2284e-05 3.77487e-07 0.014358 6.21295e-05 0.0117741 1.33783e-05 0.00090669 0.724759 5.93116e-06 2.11794e-06 0.00167562 8.15252e-05 
0.046874 0.000620199 0.000649032 0.00433161 0.102845 0.00052964 1.06669e-07 0.000253472 0.00188664 0.00225891 0.0639156 0.00170721 7.03277e-05 0.76948 0.00128856 4.05423e-05 7.00971e-05 0.00317921 
0.0243635 0.00736563 0.071148 0.00973066 0.0605257 5.69837e-05 0.00019608 0.000303111 0.0941299 0.00128172 0.0477045 0.000274644 0.00461331 0.663986 0.00127648 3.08332e-08 0.00243109 0.0106123 
0.0874776 0.0102003 0.0157369 0.0459543 0.0995329 0.000135037 0.000450973 0.000196369 0.0637251 0.00274191 0.00963271 0.00087133 0.00387233 0.639754 0.000232017 1.84271e-07 0.00333593 0.0161499 
0.0107697 6.93189e-05 0.00208999 0.0109377 0.0206693 1.16399e-09 0.0651618 2.43166e-07 0.0116745 0.000342486 0.0110311 8.31255e-05 0.0120925 0.854429 1.12384e-06 6.65215e-08 5.23618e-05 0.000595719 
0.244859 0.0100877 0.00168736 0.0106873 0.0237984 0.0865214 3.68625e-05 2.71043e-05 0.0207741 0.00822139 0.0506565 0.00928606 0.041689 0.292097 0.0536638 1.00188e-08 0.000973392 0.144933 
0.0238147 0.00183793 0.0605242 0.0669411 0.242682 0.000924216 6.29619e-06 2.41905e-05 0.0773744 0.0233787 0.105779 0.000323886 0.00320856 0.382923 0.000448933 3.54152e-08 1.76793e-05 0.00979175 
0.00432498 0.00490042 0.00189036 0.00602856 0.0130313 4.40064e-05 0.000174102 2.70069e-07 0.0447981 0.00549155 0.00894622 0.000729888 0.00109989 0.902212 3.10931e-05 3.84465e-06 0.00117209 0.0051217 
0.137888 0.00807797 0.0359568 0.0777322 0.0140813 2.40499e-05 3.73423e-06 9.22126e-07 0.0111754 0.00246347 0.247201 0.00666021 0.001346 0.447071 4.04142e-06 2.09377e-10 0.000190879 0.0101229 
0.156009 0.0404259 0.0157474 0.024056 0.012644 0.00567644 1.64861e-05 3.49441e-11 0.0754232 0.00172183 0.022313 0.00420716 0.055992 0.334695 0.0186512 1.09243e-06 0.194499 0.0379207 
0.00770856 0.000166357 0.135393 0.0172979 0.256172 0.000185216 1.18524e-07 0.000327359 0.0722371 0.000973056 0.0493596 0.0101302 0.00187094 0.446533 1.20002e-05 4.16445e-12 2.78073e-06 0.00163178 
0.0301026 0.0303714 0.0481502 0.0503179 0.195449 0.00733563 0.000359174 0.000165673 0.206081 0.00483525 0.0777485 0.00449145 0.0101751 0.300148 0.00343982 0.000447456 0.00058046 0.029801 
0.204597 0.00336579 0.0231544 0.167231 0.157019 3.9499e-05 1.82927e-06 0.00285598 0.0923585 0.0352136 0.0222701 0.000934053 0.000778427 0.228145 0.00666276 0.00107341 0.000202704 0.0540964 
0.14129 0.00518766 0.0178757 0.139774 0.0144257 0.000240084 1.26234e-05 9.5411e-05 0.117496 0.0125169 0.147016 0.00164124 0.0274432 0.331334 0.0128903 6.90452e-06 0.0156988 0.0150546 
0.0166023 0.0168305 0.0213482 0.0357518 0.182406 0.00470018 0.000344375 8.23785e-05 0.107453 0.00836268 0.0884759 0.00245805 0.000454624 0.485913 0.000273816 8.1123e-07 0.0138682 0.0146736 
0.0169547 0.000148937 0.00198373 0.0313571 0.0340852 0.000146912 0.000487182 2.04777e-06 0.0268268 0.00889598 0.129457 1.01612e-05 0.0640869 0.664925 0.00777046 6.76827e-09 0.0110271 0.00183521 
0.0619844 0.00154234 0.0308305 0.0441544 0.182334 0.000617182 4.42819e-06 0.000300587 0.0225146 0.00724299 0.0478589 7.53033e-05 0.0277874 0.557874 0.0019429 2.83596e-09 0.000110138 0.0128258 
0.0342489 0.000825839 0.158869 0.00869894 0.0617303 0.00126109 0.000329464 1.00914e-05 0.0171043 0.00118105 0.0368358 0.00108251 0.00643087 0.665814 0.000575391 9.06326e-11 1.98904e-05 0.0049829 
0.0300035 0.0186221 0.0183712 0.0434421 0.213175 0.00141416 0.00118748 5.85416e-06 0.0601963 0.0137302 0.0612653 0.000657737 0.00610134 0.46959 0.00111016 8.06245e-06 0.0463 0.0148196 
0.0168431 0.0385818 0.0306164 0.0261494 0.0734673 0.00156971 0.000619772 1.75534e-05 0.0435343 0.00116611 0.0689456 0.000444432 0.00539035 0.672005 3.65428e-05 4.16809e-06 0.0171031 0.00350576 
0.1095 0.0139972 0.0315992 0.0408258 0.191188 0.00353514 0.000986799 0.000138726 0.0916117 0.0381663 0.110202 0.00176397 0.00446095 0.303796 0.0017658 0.000406374 0.0104956 0.0455607 
0.16291 0.0126606 0.0247512 0.0118029 0.0252791 0.000874394 7.89999e-06 0.0279022 0.00663818 0.00341938 0.169508 0.000947915 0.00707432 0.469307 0.072873 0.000527662 0.00243887 0.00107732 
0.0892901 0.0361578 0.158754 0.0371415 0.116827 0.000565743 0.000189549 0.000147077 0.136413 0.00139327 0.03393 7.96404e-05 0.00250584 0.374445 0.00117577 4.68493e-05 0.00307785 0.00785954 
0.0107695 6.92813e-05 0.00220186 0.0103027 0.0308239 9.98559e-10 0.0651587 2.40953e-07 0.0125057 0.000342444 0.013409 0.000104438 0.0120922 0.84157 1.61486e-06 4.86289e-08 5.23468e-05 0.000595682 
0.0980833 0.0106088 0.0235085 0.16425 0.235053 0.000448373 1.22691e-05 3.97726e-05 0.0551906 0.0033469 0.130068 0.000194225 0.000307518 0.259194 0.000261503 1.4898e-09 0.000566168 0.0188667 
0.126144 5.6083e-06 0.075608 0.00512163 0.201021 0.000636195 5.56495e-07 2.25622e-09 0.0241953 0.00659433 0.00517566 2.67174e-06 0.000149129 0.519559 0.00011479 2.42271e-09 2.63955e-05 0.0356454 
0.0388983 0.0100282 0.0261516 0.0475272 0.141687 0.00180787 0.00010534 6.85032e-05 0.126416 0.00236524 0.0361835 0.00130066 0.011829 0.543474 0.00047614 2.57403e-05 0.000369185 0.0112869 
0.0224178 0.0194542 0.0153615 0.0578257 0.173136 0.000565121 0.00227297 3.04042e-06 0.124248 0.00438665 0.0291928 0.00110644 0.00627455 0.507852 0.000136954 0.00211882 0.00325585 0.0303921 
0.0199317 0.0213248 0.00362371 0.018153 0.0433969 0.00185861 0.000468527 2.93664e-11 0.00952978 0.00168055 0.0743604 0.00212509 0.019059 0.710154 0.00122046 1.58883e-05 0.0430562 0.0300413 
0.0592823 0.00673692 0.00435703 0.00817156 0.00775907 0.00118152 6.7051e-05 0.0011795 0.00560364 0.00068242 0.0618234 0.000188404 0.00818411 0.679452 0.122466 3.97096e-11 0.0315877 0.00127768 
0.00304708 5.29519e-05 0.00660348 0.0123604 0.169404 0.000103361 5.6544e-08 7.36518e-05 0.0193492 0.00389226 0.085307 0.00583988 0.0245917 0.668787 7.13812e-06 1.28348e-11 3.00401e-05 0.00055023 
0.137478 0.00397708 0.114957 0.0209098 0.00340856 0.00153008 1.11849e-06 0.00495107 0.158742 0.000310409 0.0663889 0.000946172 0.0568971 0.24855 0.0100994 8.79389e-05 0.163691 0.00707479 
0.00352205 0.0128 0.113545 0.0705805 0.141711 0.00185478 0.000820098 1.16845e-05 0.0868568 0.00143532 0.115019 0.0005385 0.000600149 0.421077 4.03546e-05 8.52171e-08 0.00149631 0.0280918 
0.0623792 0.00952639 0.0166418 0.0548148 0.0883285 9.80032e-05 0.0347478 0.00112459 0.082234 0.0246315 0.126493 0.000829929 0.0111189 0.453079 0.000522123 0.000512294 0.00584293 0.0270744 
0.065931 0.00793154 0.0451089 0.138872 0.0354805 1.89069e-05 1.41768e-05 0.000528812 0.238764 0.00131792 0.00309127 0.00384951 0.000335496 0.448891 5.46955e-06 0.00498123 0.000344305 0.00453314 
0.0207456 0.00162933 0.0586768 0.0278276 0.215841 0.000968642 9.54361e-05 9.14005e-05 0.182548 0.00112234 0.0321493 0.00356117 0.000543001 0.445499 0.000175468 1.82117e-05 0.00505448 0.00345297 
0.00193115 0.000575157 0.0537162 0.0050704 0.0878479 0.000995264 1.46055e-05 1.49481e-05 0.0487998 0.00830358 0.0360377 0.000289492 8.7545e-05 0.752287 0.000481919 3.91239e-05 0.00129413 0.00221359 
0.0647529 0.0722757 0.0480219 0.14377 0.187407 0.00286847 0.000230221 9.50261e-05 0.106628 0.0112552 0.0277394 0.00202599 0.0331052 0.245809 0.0153472 3.25995e-05 0.000223184 0.0384132 
0.111507 0.000481327 0.0121999 0.170516 0.271442 9.15842e-05 0.000942868 0.00128851 0.111194 0.00204921 0.00220293 0.000566406 3.24567e-05 0.300504 0.00332771 2.06462e-09 7.67188e-05 0.0115766 
0.0592823 0.00673692 0.00435703 0.00817156 0.00775907 0.00118152 6.7051e-05 0.0011795 0.00560364 0.00068242 0.0618234 0.000188404 0.00818411 0.679452 0.122466 3.97096e-11 0.0315877 0.00127768 
0.091678 0.0205579 0.0493547 0.106156 0.151434 0.000308511 5.87522e-05 0.000215181 0.222174 0.00558228 0.0303719 0.00314606 0.000776859 0.274354 0.00766295 0.000533783 0.000232615 0.0354034 
8.11375e-06 0.00058458 0.00638393 0.0304148 0.198086 0.000186122 3.08669e-05 1.10274e-09 0.0786958 0.000205432 0.0370882 9.17944e-05 0.00457351 0.63746 5.2908e-09 1.22203e-08 0.00575969 0.000431252 
0.082327 0.00904655 0.0130435 0.0810346 0.164926 0.00298696 0.0127769 0.000252795 0.0682518 0.0133199 0.169005 0.00366647 0.00779827 0.210694 0.000711035 0.00109073 0.00368768 0.155381 
