0.00283226 1.20883e-08 0.00349895 0.000314779 0.00575249 4.66462e-05 1.48648e-08 1.34058e-08 0.000628049 0.000917584 0.336262 8.95236e-05 0.000132115 0.00386845 4.95338e-06 0.645514 2.73016e-09 0.000138587 
0.0178236 0.00547585 0.148535 0.0140937 0.0489433 0.00591653 0.00092065 1.20621e-05 0.0997878 0.00162185 0.286259 3.24708e-06 0.00298627 0.0191684 6.97603e-05 0.343217 0.000315319 0.0048512 
0.113638 0.000488355 0.00192143 0.0181867 0.196649 0.000363838 0.000430899 4.15547e-09 0.0202784 0.00502563 0.0990749 0.000342882 6.73881e-05 0.173874 0.000370269 0.35614 8.06685e-07 0.0131476 
0.00283226 1.20883e-08 0.00349895 0.000314779 0.00575249 4.66462e-05 1.48648e-08 1.34058e-08 0.000628049 0.000917584 0.336262 8.95236e-05 0.000132115 0.00386845 4.95338e-06 0.645514 2.73016e-09 0.000138587 
0.198388 2.86457e-10 0.00477618 5.26338e-05 0.191868 1.64349e-05 2.41383e-09 2.17691e-09 0.099187 4.35222e-10 1.85189e-05 1.89909e-09 8.4371e-10 2.7268e-06 1.12589e-09 0.505684 1.1088e-06 5.66968e-06 
0.113638 0.000488355 0.00192143 0.0181867 0.196649 0.000363838 0.000430899 4.15547e-09 0.0202784 0.00502563 0.0990749 0.000342882 6.73881e-05 0.173874 0.000370269 0.35614 8.06685e-07 0.0131476 
0.00283226 1.20883e-08 0.00349895 0.000314779 0.00575249 4.66462e-05 1.48648e-08 1.34058e-08 0.000628049 0.000917584 0.336262 8.95236e-05 0.000132115 0.00386845 4.95338e-06 0.645514 2.73016e-09 0.000138587 
0.000972137 1.42226e-06 5.14875e-06 6.3637e-06 0.0820943 1.02712e-05 0.000149972 4.42986e-09 1.1648e-05 2.34308e-05 0.0425269 4.24823e-05 5.54208e-07 0.125491 2.29112e-09 0.748663 6.42651e-07 3.42346e-10 
0.00172866 0.000134865 0.00552363 0.00681171 0.00959769 9.87238e-05 0.0298351 3.11453e-06 0.250126 0.00100178 0.0305415 4.38142e-07 0.016263 0.0290713 1.28594e-06 0.607373 0.00877612 0.00311285 
0.0107026 0.00051857 0.00221883 0.0351356 0.0782593 0.0106125 0.0296163 9.83027e-07 0.00333678 0.00777643 0.0153023 0.00400313 0.00274779 0.0924683 3.97411e-05 0.705167 4.06522e-05 0.00205309 
0.0222996 0.000659731 0.00266785 0.0565529 0.0695296 0.00768589 0.0227903 3.91168e-07 0.00634269 0.00665527 0.0145749 0.0301057 0.00381933 0.113481 7.69605e-05 0.637325 5.93884e-05 0.00537349 
0.113638 0.000488355 0.00192143 0.0181867 0.196649 0.000363838 0.000430899 4.15547e-09 0.0202784 0.00502563 0.0990749 0.000342882 6.73881e-05 0.173874 0.000370269 0.35614 8.06685e-07 0.0131476 
0.047676 0.000295758 0.00136546 0.236022 0.00416572 1.34833e-06 3.76381e-05 4.60323e-05 1.30185e-05 0.0286841 0.0153011 0.209163 2.17548e-06 0.110427 2.6064e-06 0.317866 4.48277e-07 0.0289312 
0.0139258 5.27867e-06 0.00312839 1.04923e-07 5.07614e-09 1.20035e-12 1.38816e-08 0.0129372 5.64543e-08 1.69314e-08 0.00827714 8.19145e-09 6.01114e-08 0.0083087 3.04483e-08 0.952432 3.26619e-08 0.000985633 
0.125642 2.5445e-05 0.00310845 0.00413068 0.159648 0.00121981 0.000261928 4.39391e-05 0.131766 0.0490832 0.0476275 0.000120099 0.000116909 0.0481446 3.48724e-05 0.423981 9.98828e-06 0.00503554 
0.000998403 4.98042e-07 0.000899783 0.0367961 0.0489677 0.00100135 0.00180717 4.07814e-09 0.00176561 0.000289835 0.0509858 0.000239763 1.94921e-07 0.0707086 3.57083e-06 0.78444 2.25407e-07 0.00109495 
0.00124359 3.57844e-10 0.00386508 0.0888128 0.0257319 0.00289582 0.00279915 2.71941e-09 0.00619133 5.93393e-06 0.0659865 0.000209608 1.05397e-09 0.0132518 1.19262e-05 0.783539 5.53824e-10 0.0054554 
0.017985 0.000196554 0.00187862 0.0242674 0.0125709 2.79445e-05 0.00289151 3.97675e-06 2.18034e-05 0.000304711 0.0658422 0.000523446 3.50283e-09 0.00230914 4.67438e-09 0.871018 2.73381e-06 0.000156337 
0.051728 1.09078e-05 0.00747591 0.0165781 0.0112906 5.22081e-05 1.37705e-06 2.50152e-05 0.0324001 0.00592233 0.0260864 7.73168e-08 6.31536e-07 0.00924074 8.98566e-06 0.811841 5.75211e-07 0.0273367 
0.0318597 1.38458e-05 1.38452e-05 1.38465e-05 1.38471e-05 1.38363e-05 1.38266e-05 1.38287e-05 1.38473e-05 1.38444e-05 1.38464e-05 1.38312e-05 1.38407e-05 1.38467e-05 1.38382e-05 0.967919 1.38444e-05 1.38469e-05 
0.0155916 6.71063e-05 0.00598336 0.0431131 0.0588206 0.000660688 3.13772e-05 1.59034e-05 0.124161 0.00202187 0.33135 0.000751315 0.000189436 0.0635202 2.52567e-06 0.353093 0.000593758 3.38881e-05 
0.337505 0.000149108 0.0901495 0.0204485 0.00270635 0.000226636 1.90886e-06 0.000140423 0.00776977 0.000409474 0.0069077 0.000785662 0.000138042 0.00773368 0.00397415 0.520164 6.60443e-05 0.000724962 
0.113638 0.000488355 0.00192143 0.0181867 0.196649 0.000363838 0.000430899 4.15547e-09 0.0202784 0.00502563 0.0990749 0.000342882 6.73881e-05 0.173874 0.000370269 0.35614 8.06685e-07 0.0131476 
0.0620502 0.0132357 0.00109667 0.125122 0.00653069 0.291504 0.00052225 1.3843e-05 0.00035124 0.00445895 0.00713088 0.0026479 0.00122855 0.0347233 0.00099933 0.351156 0.00020067 0.0970285 
0.250812 0.000237147 0.103923 0.180954 0.0273691 0.000149072 9.90793e-06 9.01135e-05 0.110328 0.00189351 0.00886466 0.00937756 0.00671586 0.0265486 0.000359882 0.264208 3.51365e-05 0.00812521 
0.255962 7.76865e-08 2.44138e-07 0.064743 0.024269 0.000453982 1.40167e-06 6.4164e-11 0.014533 0.0540665 0.0719015 5.59753e-11 8.45769e-08 0.0462144 1.35732e-06 0.448985 1.72502e-07 0.0188681 
0.00749307 1.56317e-06 0.00445325 0.135863 9.20189e-05 0.000243287 0.000472038 2.78425e-06 0.0759984 0.0172838 0.176884 7.49768e-07 3.09093e-08 3.77854e-05 7.70374e-05 0.363258 7.57056e-05 0.217764 
0.113638 0.000488355 0.00192143 0.0181867 0.196649 0.000363838 0.000430899 4.15547e-09 0.0202784 0.00502563 0.0990749 0.000342882 6.73881e-05 0.173874 0.000370269 0.35614 8.06685e-07 0.0131476 
0.0435121 0.0020689 0.0028026 0.138338 0.0930785 1.15654e-05 0.00806256 4.63507e-05 0.136798 0.0743794 0.181039 1.1846e-06 7.36063e-07 0.0318591 0.00039281 0.225397 5.57103e-05 0.0621569 
0.00946487 0.000568606 0.0624249 0.321288 0.00819313 2.08932e-05 0.0199794 4.05687e-05 0.00504645 0.0725057 0.0982133 0.0151434 0.00574766 0.0237773 1.75927e-05 0.336441 2.28063e-06 0.0211255 
0.051728 1.09078e-05 0.00747591 0.0165781 0.0112906 5.22081e-05 1.37705e-06 2.50152e-05 0.0324001 0.00592233 0.0260864 7.73168e-08 6.31536e-07 0.00924074 8.98566e-06 0.811841 5.75211e-07 0.0273367 
0.0237355 0.000144437 2.45584e-05 0.0468684 0.0316351 0.00334134 0.00150768 3.3888e-09 0.00226474 0.000129538 0.0104088 0.0441865 0.000536838 0.234626 6.21111e-06 0.598916 1.15939e-05 0.00165711 
3.92112e-07 4.33819e-07 0.0665019 3.13695e-07 2.04209e-07 2.02336e-06 3.65558e-06 3.29678e-06 1.84747e-05 6.59114e-07 0.000378695 2.87604e-06 1.27774e-06 2.84777e-07 1.70509e-06 0.932932 0.000151843 2.5478e-07 
0.0336794 0.000562569 0.00644694 0.0455991 0.1583 0.000573259 0.000473998 2.0264e-06 0.0227043 0.0112444 0.242992 0.00312959 5.79818e-05 0.0912445 7.45027e-05 0.344626 3.1432e-05 0.0382588 
0.0218609 0.000643965 0.0021922 0.0508397 0.0655799 0.00719847 0.0216026 3.09154e-07 0.00629635 0.0061187 0.0128493 0.0154566 0.00363314 0.13899 7.31668e-05 0.641321 5.62271e-05 0.00528791 
0.113638 0.000488355 0.00192143 0.0181867 0.196649 0.000363838 0.000430899 4.15547e-09 0.0202784 0.00502563 0.0990749 0.000342882 6.73881e-05 0.173874 0.000370269 0.35614 8.06685e-07 0.0131476 
0.160604 8.24328e-06 1.69098e-08 5.70247e-07 0.0217718 7.62561e-05 1.15318e-07 1.03999e-07 0.011948 0.00141921 0.0484724 9.07267e-08 4.03072e-08 0.0504672 5.37883e-08 0.705178 2.118e-08 5.32202e-05 
0.149325 0.000362449 0.104726 0.00347669 1.54484e-05 0.000168307 1.22007e-05 0.0018701 0.0164019 0.0126254 0.0590191 9.59896e-06 2.56527e-07 7.99461e-08 0.000575314 0.597192 1.34796e-07 0.0542191 
0.00124359 3.57844e-10 0.00386508 0.0888128 0.0257319 0.00289582 0.00279915 2.71941e-09 0.00619133 5.93393e-06 0.0659865 0.000209608 1.05397e-09 0.0132518 1.19262e-05 0.783539 5.53824e-10 0.0054554 
0.00701805 7.9251e-05 0.00334282 0.00970942 0.126526 0.0117437 0.0593849 6.44127e-07 0.00554115 0.025649 0.0148973 0.00151948 0.00770508 0.134358 0.000120967 0.585745 5.48412e-05 0.00660399 
0.0196782 0.000522694 0.011165 0.0189061 0.0820706 0.0121901 0.0405038 5.92036e-05 0.0146443 0.0286358 0.0164837 0.00606898 0.0155383 0.0782246 0.000345888 0.64741 0.000159966 0.00739321 
0.0655135 0.00248001 0.00101137 0.0579397 0.047465 0.000163261 0.000463743 0.000118355 0.0829978 0.139977 0.0132035 0.000189761 0.000480121 0.0184978 0.0174504 0.521155 0.000664959 0.030228 
0.0482073 0.000364045 0.00373746 0.0255403 0.0740477 0.000112855 0.00690747 8.36346e-06 0.00189448 0.00133871 0.140364 0.00401413 1.21673e-06 0.0845079 6.03615e-09 0.608517 1.2222e-05 0.000424703 
0.00283226 1.20883e-08 0.00349895 0.000314779 0.00575249 4.66462e-05 1.48648e-08 1.34058e-08 0.000628049 0.000917584 0.336262 8.95236e-05 0.000132115 0.00386845 4.95338e-06 0.645514 2.73016e-09 0.000138587 
0.00283226 1.20883e-08 0.00349895 0.000314779 0.00575249 4.66462e-05 1.48648e-08 1.34058e-08 0.000628049 0.000917584 0.336262 8.95236e-05 0.000132115 0.00386845 4.95338e-06 0.645514 2.73016e-09 0.000138587 
0.00283226 1.20883e-08 0.00349895 0.000314779 0.00575249 4.66462e-05 1.48648e-08 1.34058e-08 0.000628049 0.000917584 0.336262 8.95236e-05 0.000132115 0.00386845 4.95338e-06 0.645514 2.73016e-09 0.000138587 
0.321255 1.10883e-05 1.87549e-05 0.000212319 0.0285772 0.000872482 0.000320517 8.34695e-07 0.00015372 0.000205641 0.192776 6.07985e-06 0.000135054 0.000278591 5.39463e-05 0.455019 8.58223e-06 9.58306e-05 
0.0318597 1.38458e-05 1.38452e-05 1.38465e-05 1.38471e-05 1.38363e-05 1.38266e-05 1.38287e-05 1.38473e-05 1.38444e-05 1.38464e-05 1.38312e-05 1.38407e-05 1.38467e-05 1.38382e-05 0.967919 1.38444e-05 1.38469e-05 
0.0175535 1.45265e-06 0.00670627 0.0351398 0.0460718 0.00681286 0.000749813 6.06598e-09 9.28101e-05 0.00730618 0.0478414 0.0014809 0.00723228 0.0107982 5.27757e-05 0.811106 1.30581e-05 0.00104138 
0.0660482 0.000795688 0.00904347 0.016534 0.00124416 0.00110848 2.03555e-06 5.3185e-05 0.00101284 0.00568727 0.0390363 0.000509545 2.83228e-05 0.000973771 9.49451e-07 0.837036 3.40444e-05 0.0208519 
0.00283226 1.20883e-08 0.00349895 0.000314779 0.00575249 4.66462e-05 1.48648e-08 1.34058e-08 0.000628049 0.000917584 0.336262 8.95236e-05 0.000132115 0.00386845 4.95338e-06 0.645514 2.73016e-09 0.000138587 
0.00611293 6.28592e-05 0.00212867 0.0486735 0.0374301 0.0060993 0.0755835 1.90558e-06 0.00213152 0.0161285 0.0062656 0.000766579 0.00947053 0.050358 8.94534e-05 0.735097 5.66811e-05 0.00354356 
0.11459 0.000298801 0.0111036 0.113165 0.167907 1.10407e-07 1.11833e-07 1.76741e-11 0.0950037 0.0193141 0.113878 1.78471e-08 0.0085793 0.042961 1.78318e-07 0.271647 2.53653e-05 0.0415267 
0.0174703 1.43146e-08 4.4985e-08 0.0917959 1.04724e-07 4.6447e-08 0.00459752 1.18229e-11 0.00680119 0.100053 0.0488765 1.03141e-11 3.13242e-06 7.74131e-08 0.00492724 0.51754 3.17854e-08 0.207934 
0.0155916 6.71063e-05 0.00598336 0.0431131 0.0588206 0.000660688 3.13772e-05 1.59034e-05 0.124161 0.00202187 0.33135 0.000751315 0.000189436 0.0635202 2.52567e-06 0.353093 0.000593758 3.38881e-05 
0.00124359 3.57844e-10 0.00386508 0.0888128 0.0257319 0.00289582 0.00279915 2.71941e-09 0.00619133 5.93393e-06 0.0659865 0.000209608 1.05397e-09 0.0132518 1.19262e-05 0.783539 5.53824e-10 0.0054554 
0.00429625 0.000145891 0.00261884 0.00403313 0.00480938 5.54482e-05 1.5817e-05 0.000751415 0.00293568 0.00110407 0.0118366 0.000283242 0.000959598 0.00631103 2.26584e-05 0.957167 1.99737e-05 0.00263373 
0.0143485 6.0824e-05 0.00973066 0.060724 0.0750023 0.00744245 0.0490994 3.62728e-07 0.0369314 0.037032 0.0420707 0.00244897 0.00601983 0.0323478 9.52245e-05 0.62224 4.47597e-05 0.00436114 
0.190549 6.61243e-05 2.44802e-05 0.0136981 0.247417 7.99574e-05 1.27819e-06 0.000973294 0.0213689 0.0445531 0.00958294 0.000750838 0.015021 0.0467981 0.000611918 0.271689 0.000202741 0.136612 
0.239733 0.00319064 0.000547312 0.00215253 0.179085 0.000196974 5.11406e-06 9.63819e-07 0.00686735 0.00293812 0.00823756 0.000419371 2.76945e-05 0.105876 2.1539e-06 0.446214 4.8141e-05 0.00445764 
0.0129043 4.7684e-05 1.36878e-05 0.0136853 9.20138e-05 0.205941 1.75156e-06 1.57964e-06 0.0283836 0.00190287 0.00217084 0.000363337 0.000817889 0.168885 0.00083774 0.562375 9.89413e-06 0.00156621 
0.00730228 7.35858e-10 0.00186564 0.103352 0.0167512 0.00926603 0.00579733 5.5921e-09 0.0386475 0.0119106 0.10215 6.12431e-05 5.39076e-06 0.0130421 6.04315e-05 0.677184 8.10142e-07 0.0126033 
0.0764165 1.25487e-06 8.22767e-06 0.0127644 2.30025e-07 4.06994e-05 1.74412e-05 1.16815e-05 0.0724554 0.00298484 0.342589 9.38867e-06 3.57724e-06 0.0122783 1.76215e-06 0.478287 0.00212388 6.32584e-06 
0.0267539 0.000299014 0.00996295 0.0523788 0.0393696 0.00251082 0.0437261 3.61557e-05 0.00495774 0.0078536 0.0462538 0.00150373 0.00197317 0.0225953 5.41828e-05 0.736531 5.2541e-05 0.00318805 
0.00709667 0.000276522 0.00254118 0.000592533 0.0571409 0.000195795 0.00375522 1.3863e-05 0.00440221 0.000431804 0.0492783 0.00187862 1.67031e-08 0.0549686 2.22895e-08 0.816854 9.52449e-06 0.000563826 
0.00758183 6.53676e-05 0.00261449 0.0607497 0.0691923 0.00748267 0.0738801 8.77493e-07 0.00260791 0.0200053 0.00779941 0.000881569 0.00608653 0.0318222 9.88541e-05 0.704702 5.1274e-05 0.00437802 
0.113638 0.000488355 0.00192143 0.0181867 0.196649 0.000363838 0.000430899 4.15547e-09 0.0202784 0.00502563 0.0990749 0.000342882 6.73881e-05 0.173874 0.000370269 0.35614 8.06685e-07 0.0131476 
0.00725231 3.92e-10 0.00185827 0.103328 0.0167384 0.00922141 0.00578833 2.97898e-09 0.00202688 0.00195216 0.102118 0.0274602 1.98729e-06 0.0130346 5.87387e-05 0.69657 2.98791e-07 0.0125902 
0.0500757 0.004051 0.000157847 0.037484 0.0011758 0.0071617 0.000112615 7.59729e-07 0.00477817 0.0352098 0.0253356 0.0013701 3.66238e-06 2.09043e-06 1.7148e-06 0.819017 0.000126318 0.0139364 
0.00283226 1.20883e-08 0.00349895 0.000314779 0.00575249 4.66462e-05 1.48648e-08 1.34058e-08 0.000628049 0.000917584 0.336262 8.95236e-05 0.000132115 0.00386845 4.95338e-06 0.645514 2.73016e-09 0.000138587 
0.00861112 0.0022762 0.00681328 0.00441868 0.0314964 0.00161716 4.99735e-05 7.35879e-06 0.0105003 0.00396059 0.00784376 0.00060094 0.000331093 0.00684348 1.92324e-05 0.908811 1.03332e-05 0.00578934 
0.0862806 7.61169e-08 2.39194e-07 0.0268222 0.00376395 0.00207498 1.3733e-06 1.05969e-10 0.00317467 0.153218 0.0729584 7.55445e-08 8.28787e-08 0.00766239 0.00146077 0.619763 0.000621506 0.0221977 
0.000972137 1.42226e-06 5.14875e-06 6.3637e-06 0.0820943 1.02712e-05 0.000149972 4.42986e-09 1.1648e-05 2.34308e-05 0.0425269 4.24823e-05 5.54208e-07 0.125491 2.29112e-09 0.748663 6.42651e-07 3.42346e-10 
0.0178236 0.00547585 0.148535 0.0140937 0.0489433 0.00591653 0.00092065 1.20621e-05 0.0997878 0.00162185 0.286259 3.24708e-06 0.00298627 0.0191684 6.97603e-05 0.343217 0.000315319 0.0048512 
0.00728828 5.71259e-10 0.00343267 0.0934233 0.023327 0.0128931 0.00428446 4.34124e-09 0.0213556 0.00546411 0.0928662 0.000325594 2.2958e-06 0.01243 5.34955e-05 0.713289 3.45306e-07 0.00956412 
0.113638 0.000488355 0.00192143 0.0181867 0.196649 0.000363838 0.000430899 4.15547e-09 0.0202784 0.00502563 0.0990749 0.000342882 6.73881e-05 0.173874 0.000370269 0.35614 8.06685e-07 0.0131476 
0.000244035 0.131609 0.00265599 0.0049013 0.00504561 0.000185745 0.175909 3.84444e-06 0.0190785 0.00797395 0.0622004 0.00258921 0.00263362 0.0799142 0.00114308 0.497616 7.18366e-05 0.00622486 
0.113638 0.000488355 0.00192143 0.0181867 0.196649 0.000363838 0.000430899 4.15547e-09 0.0202784 0.00502563 0.0990749 0.000342882 6.73881e-05 0.173874 0.000370269 0.35614 8.06685e-07 0.0131476 
