0.0597261 0.036805 0.00824534 0.0589773 0.209472 0.00329844 0.00605381 7.45086e-05 0.0488849 0.0654062 0.0448296 0.00774091 0.00303904 0.0472435 0.0032196 0.0042405 3.12055e-05 0.392712 
0.0565266 0.180545 0.000546863 0.0356983 0.0961194 0.000102027 1.91872e-07 1.03541e-05 0.0419242 0.179317 0.000214168 0.000278439 0.000794281 0.0431033 0.142309 3.29746e-11 9.47163e-05 0.222416 
0.131917 0.0578843 0.00145876 0.0686321 0.0939383 0.000434285 0.000500999 1.48774e-07 0.1639 0.0228666 0.0112639 0.000292884 0.00231153 0.0740098 0.0168862 5.23666e-11 0.000150364 0.353553 
0.0346314 0.101712 0.106871 0.016425 0.12457 8.23463e-06 0.000234625 0.000123701 0.0834482 0.00503835 0.0157017 1.88775e-05 0.000259694 0.0237708 0.000377674 1.12826e-10 4.4595e-06 0.486804 
0.0409389 0.0850413 0.0147912 0.105584 0.043262 0.00135381 0.00370282 1.9765e-05 0.0812356 0.120513 0.0267283 0.00361696 0.00380758 0.0178346 0.020302 0.000556331 0.000421547 0.430291 
0.296344 3.7846e-06 3.78444e-06 0.12793 3.78497e-06 3.78201e-06 3.77935e-06 3.77992e-06 3.78501e-06 0.043144 0.00719485 0.00680888 3.78322e-06 3.78485e-06 0.000760287 3.77952e-06 3.78421e-06 0.517777 
0.0131223 0.145852 0.00056243 0.0194861 0.0612156 0.00193187 0.00235144 4.31232e-11 0.00298379 0.0230776 0.0142746 0.000923861 0.000970706 0.043672 0.0208683 6.92765e-05 1.52917e-05 0.648623 
0.0104146 0.0754647 0.00075094 0.0256142 0.00485436 0.000334285 0.000168322 5.84861e-07 0.135348 0.000991908 0.000928161 0.10553 0.00587475 0.00459608 0.0408931 9.60827e-06 7.69855e-06 0.588218 
6.44668e-05 4.47626e-05 0.000277282 0.000187921 0.000230185 5.29843e-08 3.4731e-06 2.32507e-05 0.00275372 1.99194e-05 0.000637854 2.06115e-06 0.00459471 0.00022414 1.77017e-09 2.1848e-11 1.86575e-08 0.990936 
0.00308168 0.100391 0.00102919 0.015508 0.0120215 1.57061e-05 4.02929e-06 1.48088e-06 0.0839277 0.026836 0.00351261 0.00190283 4.51234e-05 0.00304977 0.0017499 1.11096e-08 1.24596e-05 0.746911 
0.0187409 0.0528933 0.000228692 0.219704 0.0130825 0.000422454 4.82197e-10 4.34868e-10 0.0203617 0.00014191 0.000269869 0.00254384 0.000157374 0.00851428 0.00026023 4.6696e-10 8.85634e-11 0.662679 
0.0373937 0.0727352 0.00878106 0.101622 0.0472797 0.00239862 0.000948474 6.36053e-05 0.0380029 0.0958501 0.0188387 0.00311044 0.00213829 0.0179637 0.00606809 0.000359306 0.000525409 0.54592 
0.0184422 0.0410712 0.00495673 0.0341453 0.0200776 0.00143126 0.000144396 2.96983e-05 0.0695854 0.205695 0.0182372 0.00273225 0.0117271 0.0152808 0.0730083 2.07205e-06 0.00120156 0.482232 
0.00528965 0.316126 4.58426e-05 0.0198451 0.00945046 4.1048e-06 5.36285e-09 1.05019e-09 0.0385961 0.085549 0.000942707 0.000560249 4.82774e-09 0.00133296 0.00177342 9.62415e-12 3.3187e-07 0.520484 
0.0344661 0.185338 0.0102591 0.169985 0.0537775 0.00371229 0.000104878 1.97421e-05 0.0705553 0.0463013 0.0228073 0.00645872 0.00112718 0.0116267 0.00778977 0.000120118 0.00234326 0.373207 
0.00339324 3.91019e-07 0.00144995 0.00695584 0.000460338 1.82374e-06 3.29493e-06 2.97152e-06 1.64758e-07 0.00386216 2.96346e-07 2.59229e-06 1.15168e-06 0.000641959 1.53687e-06 3.1908e-06 6.05167e-07 0.983218 
0.0379659 0.045033 0.00431082 0.0169325 0.0916504 0.000235332 2.35514e-05 2.59046e-06 0.0264963 0.217136 0.0267309 4.08656e-05 0.000742499 0.0259778 0.017306 0.000200839 8.66018e-05 0.489128 
0.018755 0.056157 0.00312912 0.0302592 0.00637019 0.00153222 0.0135487 5.94096e-06 0.116981 0.0690061 0.0215843 0.00240206 0.00335577 0.0446205 0.0153561 6.4054e-06 0.034151 0.56278 
0.00435146 0.031157 0.00885964 0.0443625 0.00973859 5.8738e-05 0.00020738 1.88993e-07 0.0373175 0.0771539 0.00451135 1.02654e-05 5.2762e-05 0.00260894 0.00286416 1.10154e-06 1.57661e-06 0.776743 
0.176249 0.0543573 0.00421581 0.0447629 0.0223961 1.68687e-10 0.000797618 2.74851e-10 0.0395445 0.0307386 0.0284656 0.000162162 1.25506e-05 0.076772 0.0468429 2.95134e-10 3.24895e-07 0.474682 
0.029632 0.0156284 0.000317216 0.0743776 0.0096716 0.000193255 0.000262743 2.73551e-05 0.00270758 0.0238796 0.0254564 0.00670493 0.000194415 0.0199131 0.000244439 6.38637e-06 6.70338e-06 0.790776 
0.0264379 0.253695 0.00387043 0.0456806 0.0250444 0.00176394 0.000601821 1.71728e-06 0.0704529 0.00952037 0.00774515 0.00248139 0.00965433 0.0415745 0.0140439 1.07783e-09 0.000120552 0.487311 
0.0625051 0.0794491 0.0046446 0.171151 0.0828033 0.00904927 0.00015564 0.000221741 0.0884392 0.0259051 0.015254 0.0555228 0.0191722 0.0377192 0.0053509 0.000340626 0.000216262 0.3421 
0.0187765 0.0981877 0.000456925 0.0159237 0.0758359 0.00130625 3.52367e-06 0.00126313 0.204834 0.00842483 0.0523934 2.32415e-05 0.000255133 0.00399296 0.00857825 9.83295e-06 6.00374e-05 0.509675 
0.147771 0.0175535 0.0222339 0.161913 0.0746493 0.00240527 0.00010031 4.53764e-05 0.0375863 0.198915 0.0198609 0.00477072 0.00529906 0.0237555 0.00308858 0.000632971 0.000139852 0.279279 
0.000114857 0.000183931 0.0151668 0.126455 0.00128975 1.676e-05 3.60344e-05 8.84617e-08 0.0435471 0.176991 0.282154 7.94757e-05 8.08874e-05 0.0037146 0.00112448 5.30051e-07 0.00036174 0.348682 
0.00242318 0.0457223 0.00142255 0.0271749 0.0011583 3.26805e-06 7.61517e-09 6.87425e-08 0.240919 0.00301114 0.00039677 0.00225491 5.34054e-05 0.00218334 0.00219033 1.9934e-11 1.86337e-05 0.671068 
0.0162273 0.0583173 0.0189682 0.0365606 0.0215724 1.76082e-05 6.43939e-05 2.33034e-05 0.0761281 0.0921619 0.00497437 0.000170301 0.000186499 0.00519848 0.0249055 1.38626e-09 6.60717e-06 0.644517 
0.137145 0.000356168 0.0342063 0.124683 0.130927 0.000772999 0.000121741 4.99093e-05 0.16293 0.0213541 0.0128093 0.00697809 0.0031953 0.108538 0.000294451 9.70473e-10 0.000370687 0.255269 
0.0217803 0.00256833 0.00599828 0.0237199 0.0403338 9.82802e-05 4.00293e-05 7.15914e-06 0.0338685 0.0562085 0.0820343 0.00451325 0.00131806 0.154523 0.00517194 2.60758e-05 0.0642419 0.503548 
0.00727759 0.000134564 0.000234939 0.00246882 0.00573292 0.000439038 2.2591e-08 7.59846e-08 0.0147704 0.00497894 0.00293089 1.19316e-05 1.04215e-05 0.00326224 5.2373e-06 1.31402e-07 1.67667e-05 0.957725 
0.00160926 0.271001 0.00838637 0.0546218 0.0323525 9.83059e-05 0.00143376 2.83895e-06 0.056823 0.0162821 0.00417296 0.000946063 0.00428862 0.0700843 0.00620725 5.81492e-10 2.12683e-05 0.471668 
0.000691853 0.0429154 0.00760828 0.0149857 0.0360399 0.00476973 0.000819108 4.85604e-07 0.0112254 0.0375604 0.0232397 0.00107552 0.00170486 0.003155 0.0128352 1.26704e-09 1.96923e-06 0.801372 
0.0627074 0.0151546 0.00585039 0.138316 0.224238 0.00164369 5.09967e-05 1.75956e-05 0.173595 0.0313249 0.00796067 0.000232931 0.000419452 0.0741938 0.0362232 3.67975e-05 0.000135034 0.227899 
0.0435663 0.111591 0.0068359 0.0317466 0.0289348 0.00129329 4.04038e-05 3.42131e-06 0.0600748 0.0281846 0.00814172 0.00136906 0.00375951 0.0248846 0.229015 1.54643e-09 0.000136075 0.420423 
0.0156954 3.91705e-08 0.00336124 0.00629962 0.0082329 6.48874e-08 1.74147e-11 9.30882e-09 0.000495615 0.0136993 4.79889e-08 1.37011e-11 0.0244509 0.0019266 0.0191362 1.68644e-11 2.33472e-09 0.906702 
0.0242355 0.234132 0.00116561 0.0509604 0.0954495 0.0066251 0.0404021 8.57645e-06 0.0691928 0.0535195 0.0285898 0.00114481 0.000724404 0.0134099 0.022187 3.96527e-11 5.18731e-05 0.358201 
0.107044 0.00195395 3.00888e-05 0.0131667 0.0688279 0.000779395 1.07496e-05 0.000102376 0.00521682 0.276155 0.00476153 3.91262e-05 1.03623e-07 0.00893185 0.00237142 8.61978e-07 1.95612e-07 0.510607 
0.0291087 0.0292109 0.00429357 0.128957 0.0309999 0.000905975 0.000753033 0.000102265 0.0423578 0.0302777 0.0149713 0.244886 0.00297129 0.0135388 0.00478257 0.00519004 0.000122951 0.41657 
0.000809153 0.0286896 0.00166897 0.0655188 7.85558e-05 0.000133762 4.76449e-06 1.30428e-07 0.0209944 0.0701232 0.0183538 1.25031e-05 3.98559e-07 0.000143447 0.133827 9.6888e-10 3.7944e-07 0.659641 
0.000164877 0.137692 0.0724293 0.260954 0.000133582 7.86027e-06 8.59814e-09 1.61185e-07 0.00608799 0.00749348 0.0175507 0.000215057 1.28151e-06 2.78553e-06 0.000145407 8.32643e-09 1.57919e-09 0.497122 
0.0487445 0.186027 0.0116026 0.0850746 0.055361 0.00383679 0.000399403 7.81664e-05 0.0460263 0.111127 0.0333765 0.00254502 0.00553893 0.0280683 0.00544511 0.000325146 0.00242396 0.373999 
0.081839 0.0196405 0.00848582 0.0785789 0.0417809 0.000233643 0.00271332 1.57159e-06 0.0695448 0.106561 0.0124183 6.26435e-05 0.000454365 0.0732487 0.00107272 4.94729e-10 0.000136602 0.503227 
0.0700543 0.0052196 0.00146355 0.0468501 0.0440424 0.0216199 1.11061e-05 9.88569e-07 0.0632995 0.0297452 0.0138748 0.000551079 7.89618e-05 0.0161046 0.00328851 3.96092e-08 5.83948e-05 0.683737 
0.0224119 0.057555 0.0100094 0.0417972 0.0310676 0.00109036 0.000480596 6.25527e-05 0.0625331 0.0974783 0.0285236 0.00172781 0.000898013 0.0183608 0.0093196 5.44209e-06 0.000259112 0.61642 
0.107511 0.00845704 0.0381429 0.118228 0.0672364 0.000308626 1.84383e-06 0.000151519 0.108346 0.0126624 0.0202656 0.0166183 0.00025416 0.203564 0.0555286 7.85252e-09 6.32832e-05 0.242659 
0.0314823 0.170538 0.00463078 0.036127 0.0132536 0.00150383 0.00866525 3.33619e-06 0.184517 0.0231114 0.0360706 0.0069003 2.01027e-05 0.0165421 0.0131945 3.67766e-07 8.67443e-06 0.453432 
0.0146603 0.0696743 0.00507271 0.0244636 0.00659857 0.000677467 0.0119152 1.9297e-06 0.101528 0.0150839 0.0188147 0.00317936 0.00399275 0.0482984 0.00571335 1.03555e-06 0.00342569 0.666898 
0.0156954 3.91705e-08 0.00336124 0.00629962 0.0082329 6.48874e-08 1.74147e-11 9.30882e-09 0.000495615 0.0136993 4.79889e-08 1.37011e-11 0.0244509 0.0019266 0.0191362 1.68644e-11 2.33472e-09 0.906702 
0.00161526 0.0408875 0.000877875 0.0310316 0.000233128 0.000301847 3.92512e-10 3.53986e-10 0.00945727 0.345957 0.0150597 0.0149354 1.37195e-10 0.000206787 0.00215406 3.80108e-10 2.04297e-06 0.537281 
0.0171173 0.0576336 0.013054 0.141259 0.186742 0.0205738 3.22364e-05 7.06632e-05 0.138442 0.0180138 0.0199249 0.0386439 0.000374512 0.0262603 0.0176503 1.5948e-07 1.41565e-06 0.304207 
1.41035e-05 0.00145435 0.152943 0.146212 2.82066e-06 2.05868e-08 3.7194e-08 3.35433e-08 4.81501e-05 0.00739329 0.0155331 0.00732261 0.000139736 2.89748e-09 0.0818548 3.60186e-08 2.63749e-06 0.587079 
0.0476945 0.0267703 0.000356478 0.0313779 0.0222246 0.000283668 2.1203e-09 1.7422e-08 0.0103286 0.157964 0.00356354 1.00784e-05 2.63559e-08 0.000392767 0.000913766 2.05331e-09 1.33011e-07 0.698119 
0.000825036 0.117641 0.00191945 0.082004 0.0101964 0.00854173 0.0095507 1.17932e-08 0.0318506 0.121908 0.0178141 0.00174115 6.81322e-05 0.00895521 1.86907e-05 4.43229e-08 7.00412e-06 0.586959 
0.0082274 0.0143581 4.3884e-08 0.00364099 1.47266e-06 4.90148e-05 4.15404e-08 8.22628e-09 0.0460029 0.136666 1.95737e-06 0.000485845 0.000335388 0.000238216 0.0495315 1.99895e-10 1.57422e-08 0.740461 
0.0295261 0.360591 9.35344e-08 0.00445294 0.00106253 7.87194e-06 0.000237027 0.0883283 0.000836994 0.00633604 0.000801769 0.000427048 0.00188458 0.000529899 0.000539559 1.71599e-10 0.000364856 0.504073 
0.0304848 0.127962 0.00835447 0.103699 0.0519105 0.00217019 0.000234116 2.43613e-05 0.0356081 0.0987394 0.021167 0.00283223 0.0100364 0.0255464 0.00576369 0.000389149 0.000183638 0.474895 
0.00302063 0.00484375 1.68148e-05 0.0261571 0.00323012 5.90725e-10 6.89669e-05 3.50729e-05 0.000985008 0.00717909 0.000449189 0.00822709 6.77452e-06 0.00285483 0.000419349 1.03353e-09 5.37999e-09 0.942506 
0.0277174 1.15807e-10 1.26703e-06 0.330774 6.12302e-07 9.6606e-07 9.75851e-10 8.80069e-10 0.00117446 0.11822 0.00447323 5.70445e-07 3.22456e-07 0.00157756 0.0175386 0.000515189 1.79231e-10 0.498005 
0.160447 0.01463 0.0136448 0.196875 0.0483887 0.000169585 0.000112351 1.71505e-05 0.0847695 0.100379 0.0293926 0.00104996 0.00629414 0.089542 0.00107922 3.14741e-06 8.36554e-05 0.253122 
0.0452115 0.0400008 0.033754 0.0508435 0.0241352 0.00108384 0.00018941 0.00876088 0.218211 0.0105303 0.0108682 0.000279285 0.00340689 0.0525546 0.233867 0.000953175 0.000380792 0.26497 
0.00517231 0.264762 0.00306504 0.0175126 0.0269719 2.9111e-05 1.40539e-05 4.69771e-06 0.0885203 0.0304447 0.00965757 0.0059564 1.35478e-05 0.0048302 0.00168675 3.6752e-09 1.65054e-05 0.541342 
0.0378795 0.0967142 0.00228655 0.0397488 0.070011 4.81165e-05 3.26564e-05 2.63236e-05 0.0399356 0.0230547 0.00557457 0.000769151 0.007314 0.0392432 0.00200878 0.000500629 2.88747e-05 0.634823 
0.0110096 0.101138 0.00469578 0.0165445 0.0398811 0.000109429 0.000188869 1.9541e-06 0.0404267 0.135612 0.00640262 0.000294755 0.000753055 0.00826031 0.20723 8.91843e-07 0.000180628 0.42727 
0.0355616 0.0747301 0.00323211 0.227104 0.0772442 0.00645047 0.000450352 0.000243348 0.0389234 0.0423688 0.0667406 0.000840033 0.00152569 0.0150215 0.00179318 5.53748e-07 7.55879e-05 0.407694 
0.00727759 0.000134564 0.000234939 0.00246882 0.00573292 0.000439038 2.2591e-08 7.59846e-08 0.0147704 0.00497894 0.00293089 1.19316e-05 1.04215e-05 0.00326224 5.2373e-06 1.31402e-07 1.67667e-05 0.957725 
0.0156954 3.91705e-08 0.00336124 0.00629962 0.0082329 6.48874e-08 1.74147e-11 9.30882e-09 0.000495615 0.0136993 4.79889e-08 1.37011e-11 0.0244509 0.0019266 0.0191362 1.68644e-11 2.33472e-09 0.906702 
0.0156954 3.91705e-08 0.00336124 0.00629962 0.0082329 6.48874e-08 1.74147e-11 9.30882e-09 0.000495615 0.0136993 4.79889e-08 1.37011e-11 0.0244509 0.0019266 0.0191362 1.68644e-11 2.33472e-09 0.906702 
0.0745305 0.00967272 0.00111139 0.11265 0.116543 0.0140471 0.000338278 7.56459e-09 0.11067 0.0926087 0.069491 0.00490402 0.00854511 0.0734103 0.00012756 0.000519785 7.09802e-05 0.31076 
0.00895694 0.00234967 0.00682317 0.0825103 0.0042102 0.0162214 3.79563e-05 8.07675e-07 0.061216 0.186564 0.0357144 0.00227677 0.000425315 0.00114445 0.00138479 2.00058e-08 0.000249701 0.589914 
0.00964448 0.301902 0.000682755 0.0208454 0.0384952 0.000402381 0.000787056 9.30145e-06 0.0239421 0.0677036 0.0179765 0.00120267 0.000271102 0.0255412 0.00852334 0.0036342 0.000137367 0.478299 
0.00111012 0.0107754 0.0162937 0.178728 0.00596778 0.000289949 4.98373e-06 4.84276e-08 0.0261743 0.0126118 0.00887199 3.11626e-05 0.000200137 0.0262422 2.80676e-09 5.82732e-09 2.25334e-05 0.712676 
0.0702587 0.164055 0.0106229 0.039823 0.0807259 0.0150406 3.62309e-05 0.000153289 0.116925 0.0205921 0.0175578 0.00185695 0.0246219 0.0487571 0.00833753 7.64226e-05 0.000405102 0.380154 
0.024606 0.00228266 0.00319499 0.245646 0.00132625 0.0129354 4.27972e-05 2.41637e-07 0.134672 0.0443667 0.039795 0.000606524 0.011629 0.0149894 0.00475695 2.01232e-10 0.000486992 0.458663 
0.0619747 0.0413033 0.00471853 0.130248 0.111402 0.00135976 6.69787e-07 5.38921e-07 0.0230294 0.0289369 0.00556351 0.00161986 0.0384033 0.0220086 0.00369393 0.00187611 0.000300879 0.52356 
0.100555 0.0200317 0.0419844 0.0969776 0.0350797 0.00169423 0.00199088 4.36853e-07 0.00105292 0.0481167 0.0119401 0.00339102 0.0215163 0.015605 1.04946e-07 3.23647e-10 1.20715e-05 0.600052 
0.0596094 0.00727395 0.00158596 0.138609 0.0580928 0.000266255 0.000218026 4.4982e-05 0.123272 0.130629 0.0145158 0.0100321 0.000102684 0.0069074 0.000740131 2.30477e-05 5.09086e-05 0.448027 
0.000608383 0.296875 0.00104752 0.0143925 0.000855707 4.73625e-08 0.105652 1.35245e-11 0.00241853 0.0298019 0.000263309 3.25236e-08 8.13005e-09 0.000200311 0.112239 1.45226e-11 2.59349e-09 0.435646 
0.000745829 0.0974038 0.00152981 0.240244 0.00111587 9.40013e-07 5.0794e-07 4.65652e-08 0.0382047 0.0914561 0.0171965 0.00118979 5.06931e-07 0.00227147 0.00131849 9.82374e-08 3.20501e-05 0.507289 
0.073568 0.0914752 0.054823 0.0597162 0.0442223 0.000496657 0.000907498 2.45795e-05 0.0446279 0.0692962 0.0128575 0.00344285 0.00879892 0.0526523 0.00376514 3.35699e-06 9.43776e-05 0.479228 
0.00727759 0.000134564 0.000234939 0.00246882 0.00573292 0.000439038 2.2591e-08 7.59846e-08 0.0147704 0.00497894 0.00293089 1.19316e-05 1.04215e-05 0.00326224 5.2373e-06 1.31402e-07 1.67667e-05 0.957725 
0.00133093 0.227677 0.0112976 0.066741 0.0613681 9.95494e-05 0.00307171 6.07108e-06 0.0642188 0.0259373 0.0039041 0.000599619 0.00209938 0.0995757 0.00589512 6.63061e-10 3.05873e-05 0.426148 
0.0136446 0.0380497 0.000184935 0.1584 0.00941707 0.000716964 6.20094e-08 5.5923e-08 0.0146291 0.000119636 0.000238343 0.00192141 0.000130585 0.00621218 0.000226786 6.00498e-08 1.1389e-08 0.756108 
0.0810918 0.33696 0.000148168 0.0297826 0.0217337 0.0348457 0.000164361 1.93975e-05 0.00210392 0.0169648 0.00854672 0.00376285 0.000169859 0.0405682 0.000270533 8.01371e-09 9.30215e-05 0.422774 
0.000324211 0.0375215 0.000164961 0.00853679 0.00241889 1.11606e-07 6.32627e-10 5.70533e-10 0.000322765 0.0259384 0.00596269 3.66519e-05 2.21123e-10 2.1585e-05 0.00012315 2.32145e-06 2.48375e-07 0.918626 
0.00948373 0.000156009 0.00039348 0.013995 0.0072239 0.00129979 6.11311e-06 2.06731e-05 0.0524209 0.0209724 0.00788341 3.91964e-05 9.53378e-05 0.00957336 0.000466387 9.45651e-08 0.00437058 0.8716 
0.0273188 0.114836 0.0291093 0.0499001 0.124523 0.000511808 1.3189e-05 0.00249293 0.0619599 0.0130931 0.0441892 0.000143998 3.49268e-05 0.00394269 0.0191593 9.76717e-09 4.32345e-05 0.508728 
0.169645 1.02704e-05 4.20524e-05 8.08195e-05 0.000116479 0.000169572 1.26395e-05 5.69662e-09 0.141059 0.0399101 0.180167 4.96961e-09 2.20785e-09 4.92077e-10 2.94629e-09 6.11701e-09 1.16015e-09 0.468786 
0.000223134 0.0154027 0.0223187 0.063564 0.00270254 0.000131829 0.00217062 6.76652e-07 0.163715 0.138951 0.0414224 0.00443415 0.000126178 0.0163591 0.0333225 9.05207e-10 4.54612e-05 0.49511 
0.119366 0.0897099 0.00664192 0.0637724 0.169708 0.0691458 4.97668e-07 2.97282e-06 0.122041 0.0914362 0.0372095 0.0012797 0.00906278 0.0214133 0.00656667 3.37212e-05 0.000174945 0.192435 
0.00802718 0.117997 0.00181792 0.0315449 0.033778 0.00506399 0.000153167 2.68506e-08 0.363817 0.0157221 0.00236209 7.1499e-05 1.19758e-06 0.0299984 0.00145951 7.93891e-11 2.73685e-07 0.388186 
0.0490526 0.104215 0.0014415 0.174085 0.0690153 8.10535e-05 6.54191e-05 3.91811e-05 0.0634988 0.00255918 0.0234142 0.024026 0.000216266 0.0159582 0.0598653 0.00917674 4.62252e-06 0.403285 
0.00070025 0.0123241 0.00122026 0.0593362 0.00243602 5.67739e-05 0.00804094 1.12077e-06 0.0249594 0.0657369 0.0208486 8.65006e-05 0.000956598 0.0104427 0.0397343 5.06227e-09 2.11471e-06 0.753117 
0.0553858 0.0170163 0.0177641 0.183112 0.0741796 0.00416237 0.000579498 2.24769e-05 0.112097 0.0621633 0.172776 0.00201249 0.00475116 0.0229635 0.00904919 0.00438209 0.000639935 0.256943 
0.00160926 0.271001 0.00838637 0.0546218 0.0323525 9.83059e-05 0.00143376 2.83895e-06 0.056823 0.0162821 0.00417296 0.000946063 0.00428862 0.0700843 0.00620725 5.81492e-10 2.12683e-05 0.471668 
7.32774e-05 7.39973e-05 0.000732272 0.000207174 0.000248849 8.54754e-06 4.64776e-06 4.02738e-05 0.00404147 2.67963e-05 0.000857559 3.85212e-06 0.00743495 0.000332883 1.28682e-08 2.18351e-11 3.193e-06 0.98591 
0.00138499 0.00394639 0.0438908 0.223754 0.00223871 8.1237e-11 1.4677e-10 1.32364e-10 0.0146763 5.34411e-05 0.00580816 0.0264483 4.82525e-08 0.0064181 7.28545e-08 1.42132e-10 8.69178e-09 0.67138 
0.0185553 0.0143859 0.0100443 0.0894759 0.0175559 0.00304811 0.000429188 5.65432e-06 0.0143952 0.0497478 0.0256434 0.00646052 0.00023045 0.00594537 0.0031925 2.67079e-05 0.0001768 0.740681 
0.152143 0.000435766 0.00055469 0.0309105 0.00193498 0.0147521 0.0817722 1.63332e-05 0.089369 0.0612073 0.0271374 6.03217e-05 0.0836273 0.0409214 0.000508986 8.48343e-05 0.00145656 0.413107 
0.0370132 0.0937076 0.0016693 0.0490793 0.0151317 0.00307537 5.74161e-06 9.93562e-07 0.0837111 0.10585 0.0111488 0.00047354 0.00500942 0.00903291 0.00758324 2.77931e-07 8.70021e-05 0.577421 
0.0426793 0.09041 0.00267198 0.0865165 0.0675154 0.00501234 0.0159428 2.31666e-05 0.129745 0.122644 0.0211137 0.0117303 0.00276247 0.0153904 0.00143808 2.11114e-05 0.00038103 0.384003 
0.00542496 0.159731 0.00210277 0.0627321 0.0338176 0.000730649 0.0116574 3.03646e-05 0.117849 0.104625 0.0148639 0.000723626 0.00241305 0.089305 0.0130818 1.09173e-06 0.0174911 0.363419 
0.000138173 7.56514e-10 4.56287e-08 0.000366084 8.39629e-07 3.73942e-07 7.38272e-11 1.07546e-08 0.000574391 0.0514328 0.00031127 2.54136e-07 1.91611e-07 0.000146689 2.22529e-07 7.14943e-11 1.35596e-11 0.947029 
0.0994331 0.0487918 0.0168567 0.0614516 0.0443426 0.000514377 0.000195713 0.000267902 0.0524173 0.0196078 0.0159275 0.000667915 0.00329875 0.0419748 0.028083 1.72743e-06 0.00708629 0.559081 
0.0578833 0.19725 0.00767253 0.0225421 0.0700176 0.000683427 7.69817e-05 7.04914e-05 0.065591 0.0111358 0.00377969 0.000142563 0.0478003 0.0350843 0.00883217 4.33178e-08 0.000671276 0.470766 
0.0145832 0.0382721 0.00590371 0.0621504 0.0637709 0.00274551 4.08804e-05 4.14528e-05 0.0566148 0.159792 0.0904369 0.00959314 2.82088e-05 0.00696997 0.000242962 1.87104e-09 8.0098e-08 0.488814 
0.00016503 0.0509946 0.000561274 0.0186207 0.00639279 2.90649e-05 3.80799e-06 9.61655e-07 0.0286745 0.201928 0.0317589 0.000114005 1.08627e-08 0.000369562 0.000547274 2.05111e-08 1.64869e-06 0.659838 
0.0635514 0.000645019 0.000866662 0.0422729 0.295483 0.000107322 4.22614e-08 9.60031e-09 0.0167715 0.13687 0.00213487 6.2282e-05 0.0498061 0.0810598 0.00513238 1.55295e-11 1.0593e-08 0.305236 
0.0032455 0.00746305 0.0119056 0.0101641 0.000417305 0.0793075 0.000268429 5.0948e-06 0.0458644 0.366173 0.000520764 0.00170395 0.000503489 0.000913493 0.000982496 1.13694e-07 6.95493e-05 0.470492 
0.115085 0.00749669 0.00183758 0.0266611 0.0145632 3.20782e-05 3.31408e-07 0.000504527 0.016704 0.0151738 0.0190073 0.000414666 0.00538506 0.0273991 0.00480642 3.15738e-06 3.85858e-05 0.744887 
0.0167263 0.000481105 0.0272155 0.243511 0.0189565 0.011503 4.69128e-06 3.5128e-05 0.0846721 0.00775539 0.0799637 7.60289e-06 0.00226675 0.0447429 1.97109e-05 0.000148746 1.56652e-06 0.461989 
0.0255792 0.283757 0.0128702 0.0462833 0.038424 0.00188213 9.112e-05 1.07395e-06 0.108753 0.0264716 0.0374686 0.00344438 0.0145238 0.0779208 0.00955171 5.36336e-05 3.25284e-05 0.312892 
0.0326123 9.0911e-05 0.00144228 0.134817 0.0165727 3.62966e-05 3.13223e-07 2.4795e-07 0.0227257 0.288525 0.0079715 0.00047547 0.00106689 0.00938526 0.00141917 2.77541e-08 1.24677e-06 0.482858 
0.0894829 0.169397 0.000237045 0.0645358 0.0033926 0.000116734 7.74138e-06 5.84407e-05 0.0130055 0.0140675 0.000223075 0.00114569 0.000217402 0.00239254 0.122302 6.63073e-11 1.94718e-05 0.519399 
0.0272603 0.0433622 0.0158165 0.0821905 0.0379432 0.0072874 6.63979e-07 4.49111e-06 0.128352 0.172928 0.0226871 7.69396e-05 0.000144989 0.00979141 0.000861171 1.54029e-05 2.82777e-06 0.451275 
0.012681 0.23193 0.00117025 0.0500485 0.0091724 0.00070019 0.010854 1.47432e-05 0.0256059 0.0269703 0.00171451 0.0049141 0.000573649 0.00682459 0.000705603 2.05805e-10 5.99763e-06 0.616114 
0.0710379 0.0200974 0.0016305 0.083408 0.0655847 0.00269053 0.000164815 1.39714e-06 0.0692074 0.0478037 0.089942 0.000159076 9.50347e-05 0.0175301 0.00869452 0.00535947 2.85336e-05 0.516565 
0.0146603 0.0696743 0.00507271 0.0244636 0.00659857 0.000677467 0.0119152 1.9297e-06 0.101528 0.0150839 0.0188147 0.00317936 0.00399275 0.0482984 0.00571335 1.03555e-06 0.00342569 0.666898 
0.0803254 0.0525605 5.0307e-05 0.0559691 0.00862017 1.21386e-07 5.14309e-05 7.85486e-08 0.00452658 0.0293269 0.00907439 0.00583593 6.2187e-05 0.0208229 0.000421527 7.64126e-07 0.000554223 0.731798 
0.0336686 0.0478494 0.0108187 0.0717917 0.0350552 0.00680101 0.00198083 0.000210332 0.0656461 0.0363662 0.0245278 0.00228042 0.00560642 0.029109 0.07286 3.1756e-05 0.00155476 0.553842 
0.0127073 0.00569398 0.00283207 0.102423 0.0196132 0.000823674 2.83092e-05 5.07775e-06 0.0261296 0.0381195 0.0260895 0.00454137 0.00100973 0.150064 0.0176224 1.85984e-05 0.049001 0.543278 
6.44668e-05 4.47626e-05 0.000277282 0.000187921 0.000230185 5.29843e-08 3.4731e-06 2.32507e-05 0.00275372 1.99194e-05 0.000637854 2.06115e-06 0.00459471 0.00022414 1.77017e-09 2.1848e-11 1.86575e-08 0.990936 
0.0702595 0.00112283 0.179111 0.0145342 0.0161285 0.000112178 0.00276886 9.73089e-05 0.0105892 0.0155294 0.0440278 0.0509854 0.104316 0.172582 0.000205399 1.12747e-08 0.000147469 0.317483 
0.0774625 0.00273004 0.0123969 0.0473243 0.331506 0.00197733 6.20274e-07 1.08816e-06 0.0679404 0.0567369 0.00779558 7.86694e-05 1.74046e-05 0.00521472 0.000345872 1.06713e-09 1.0208e-05 0.388462 
0.0196735 0.256139 0.0133808 0.0912369 0.0503758 0.00153605 0.000372912 1.28213e-05 0.0458426 0.129786 0.0436389 0.00153294 0.00319842 0.0304773 0.0213014 8.11687e-08 2.90494e-05 0.291465 
0.0555346 0.123437 0.0151393 0.130941 0.0578082 0.000851108 1.43776e-05 1.15333e-05 0.0487391 0.00807915 0.0268596 0.0400364 0.00161955 0.0355908 0.002704 2.31103e-08 9.63281e-06 0.452625 
0.0383638 0.178555 0.00583238 0.0810509 0.00453614 0.000102756 0.000125659 4.33101e-06 0.0433901 0.0417237 0.0370694 0.00147869 0.00366832 0.00619486 0.0255222 4.96873e-07 0.0056316 0.52675 
0.0868797 0.0499976 0.000362303 0.10749 0.0992715 0.0048565 0.000169949 6.16436e-05 0.0605339 0.0089963 0.00191522 0.00223118 0.000522892 0.217175 0.000804094 1.41495e-08 0.000120301 0.358612 
0.032427 0.0317743 0.0430368 0.104865 0.0210945 0.00211137 0.00155576 3.75555e-05 0.0171886 0.0473367 0.0181574 0.0014295 0.0001341 0.0173988 7.84318e-06 1.17896e-06 1.98256e-05 0.661424 
5.24593e-07 0.0194167 0.00544771 0.00980882 4.24911e-08 7.52539e-11 5.0565e-07 2.6134e-05 0.00562155 0.0162009 0.242608 0.00363462 3.62959e-08 0.0373278 0.00235853 1.31664e-10 0.0002783 0.65727 
0.0878937 0.0563151 0.00355775 0.136492 0.128539 0.00106939 0.000868536 8.38928e-05 0.100821 0.0271932 0.0483092 0.00177051 0.00535509 0.160869 0.00231183 0.000378767 0.0130042 0.225168 
0.104318 0.00137426 0.0970194 0.0424761 0.0156174 3.10987e-06 1.19622e-07 0.187233 0.0728373 0.00139129 0.0597393 0.076252 0.0602089 0.0667911 0.00199351 4.91451e-05 8.98472e-07 0.212695 
0.0415995 0.0270908 0.0788339 0.185317 0.0522521 0.000235535 0.000586684 1.08704e-05 0.0329319 0.033508 0.0267221 0.00205743 0.000291677 0.0693805 0.00202843 0.00011435 2.5541e-05 0.447014 
0.0328255 0.284037 0.0181204 0.0615943 0.0661839 0.00159076 0.00209653 3.25674e-05 0.0663223 0.0686498 0.0286662 0.00346205 0.0116325 0.0352116 0.0223355 0.000224567 0.000992352 0.296022 
0.0293352 0.00215908 0.000424084 0.0830569 0.0925157 0.000272235 0.000112237 2.43382e-06 0.122064 0.0626576 0.0237889 0.000118092 0.00294043 0.0882522 0.000476305 6.40088e-05 1.13417e-05 0.491749 
0.0434964 0.00483597 0.139988 0.0453001 0.0678255 2.51214e-05 6.93824e-06 4.16836e-06 0.147618 0.0551586 0.0673618 0.00133666 0.000270206 0.153523 0.0158782 1.15993e-06 0.000119322 0.257251 
0.0538122 0.0197933 0.00293503 0.0713656 0.106941 0.000243689 0.00051401 3.49415e-05 0.0727104 0.00359133 0.00346527 0.0101189 9.65864e-05 0.0499552 0.0710645 7.15386e-06 4.70381e-05 0.533303 
0.0382715 0.00978099 0.0139425 0.329048 0.0112215 0.00137945 4.44483e-06 4.24713e-06 0.0420292 0.0183645 0.0465935 0.00399815 0.00159848 0.0201523 0.000352653 7.72641e-07 8.60329e-05 0.463172 
0.0323462 0.0896683 0.0292334 0.144278 0.0405423 0.00124465 4.48959e-05 2.45629e-07 0.0123746 0.0532712 0.02027 0.00274251 0.00498736 0.257272 0.000271686 6.76099e-08 1.03878e-05 0.311442 
0.0148824 0.0352677 0.0234926 0.121688 0.0250878 0.000611753 2.83385e-05 2.46625e-05 0.0653655 0.0594555 0.0376271 0.000687223 0.00023017 0.00924294 0.136418 5.18642e-07 4.44502e-05 0.469846 
0.0528068 0.000901047 0.00158445 0.0528833 0.0576964 0.0274593 6.39424e-07 1.42521e-07 0.159983 0.0606155 0.0184667 0.00150863 0.0845279 0.0409669 0.00308755 0.011497 0.000164639 0.42585 
0.0321586 0.243221 0.0115201 0.0534057 0.0424689 0.0015128 0.000157734 0.000356619 0.0432304 0.0571908 0.0230239 0.00443799 0.00230599 0.0302034 0.0148782 3.88009e-06 0.00873829 0.431185 
0.018198 0.304602 0.0431736 0.0948612 0.010701 1.40903e-06 0.0010185 2.21161e-07 0.032767 0.0141821 0.000662715 0.0015021 8.71015e-05 0.0301817 0.00308987 3.84776e-10 6.20022e-06 0.444965 
0.0109925 0.0706129 0.0123577 0.0953753 0.0500784 0.0133761 0.000260909 9.14499e-06 0.2721 0.0548784 0.0312188 7.04245e-05 0.00356734 0.0194833 0.00671842 3.19024e-10 0.0130124 0.345888 
0.00160926 0.271001 0.00838637 0.0546218 0.0323525 9.83059e-05 0.00143376 2.83895e-06 0.056823 0.0162821 0.00417296 0.000946063 0.00428862 0.0700843 0.00620725 5.81492e-10 2.12683e-05 0.471668 
0.0045161 0.0506129 0.000634007 0.0139782 1.82404e-05 0.000379086 0.000177507 1.34685e-08 0.096307 0.000413483 0.000235172 0.211225 0.00157402 0.00283079 0.021833 1.65026e-08 7.31384e-06 0.595258 
0.0665505 0.208886 0.000273127 0.0469135 0.0525591 0.00012034 1.57211e-06 0.000133553 0.0324077 0.0497367 0.00131397 0.00092739 4.56734e-05 0.0143516 0.0117625 9.15477e-12 2.69585e-06 0.514014 
0.0184896 0.0737313 0.00339128 0.0810591 0.0922678 0.00141501 0.000541997 9.00371e-07 0.0531052 0.0387358 0.0226735 0.000490757 0.00713677 0.0184694 0.0300835 3.32522e-05 3.06727e-05 0.558344 
0.0373254 0.0479954 0.00338609 0.0686345 0.0232158 0.00044921 1.692e-05 0.000470646 0.0735096 0.0256207 0.0288014 0.000472344 0.00138312 0.0103197 0.0808259 2.91011e-07 0.000133648 0.597439 
0.0121902 0.119145 0.0112653 0.0532309 0.0344248 0.000366893 0.00171508 1.39912e-05 0.0504482 0.0554145 0.0204266 0.00361926 0.00694128 0.0254172 0.0274825 0.00100598 9.57022e-05 0.576796 
0.158488 0.00201383 0.00887729 0.166869 0.110634 0.000726135 0.000265972 2.12259e-05 0.111406 0.0772032 0.0136945 0.000470883 0.000243272 0.147559 0.00690827 2.52084e-08 0.00921164 0.185408 
0.0142191 0.0100417 0.00840612 0.0604821 0.0043252 0.000103253 2.53879e-06 6.70901e-05 0.0201228 0.00965609 0.0495488 9.16932e-05 0.00037835 0.0151533 0.15753 5.7289e-10 6.26997e-05 0.649809 
0.0555917 0.0477885 0.017273 0.0864368 0.0415867 0.00187022 0.00307083 6.97349e-05 0.0303662 0.113839 0.0225289 0.00199581 0.00955687 0.0388956 0.00573983 0.000940844 0.000152877 0.522297 
0.00618735 0.0190735 0.00519568 0.0195009 0.00745391 7.43357e-05 3.22945e-08 4.36422e-08 0.0325298 0.0581255 0.0332754 0.000192348 0.000173121 0.00446914 0.00140745 9.65559e-11 2.0934e-08 0.812341 
0.058376 0.0614634 0.00139648 0.0417105 0.0681838 0.0264928 0.00100191 2.64417e-05 0.0239365 0.104628 0.053585 0.00750742 0.0040114 0.0328182 0.00278051 6.95621e-07 6.34308e-05 0.512017 
4.40244e-06 0.000744973 6.11215e-07 0.0357913 0.141114 3.84835e-06 1.47913e-09 4.359e-08 0.0152182 0.0268931 1.07715e-06 6.70184e-05 0.00028711 0.0139074 2.02805e-06 1.43238e-09 1.92056e-07 0.765964 
0.227784 0.0229618 0.00155238 0.0690209 0.129395 3.67612e-05 2.3305e-08 2.97979e-05 0.155478 0.00405693 3.91136e-05 7.60298e-06 0.000696591 0.110103 0.0147633 2.31653e-10 0.000142431 0.263933 
0.0156954 3.91705e-08 0.00336124 0.00629962 0.0082329 6.48874e-08 1.74147e-11 9.30882e-09 0.000495615 0.0136993 4.79889e-08 1.37011e-11 0.0244509 0.0019266 0.0191362 1.68644e-11 2.33472e-09 0.906702 
0.0788855 0.306478 0.00268069 0.0406308 0.01051 0.0548627 0.000221598 2.23742e-06 0.0625477 0.00839894 0.00333985 0.00286008 0.015754 0.00494583 0.0327863 2.71489e-09 0.000369902 0.374726 
0.0175542 0.00727348 0.0111595 0.114302 0.0646786 0.00107308 0.000158091 3.02542e-06 0.198909 0.0222316 0.0990189 0.00681343 0.000647534 0.0234246 0.035348 1.17726e-05 4.50465e-05 0.397349 
0.0984207 0.148971 0.0157672 0.0729315 0.0579196 0.00426256 5.69864e-05 2.53245e-05 0.123671 0.0346275 0.0498088 0.000458707 0.00505023 0.0943555 0.0120123 1.47163e-07 9.345e-05 0.281567 
0.00352206 0.01469 0.000459508 0.0187692 0.0307884 1.01045e-05 8.23844e-09 6.89817e-07 0.169033 0.0647457 0.00167302 8.34522e-05 9.82124e-06 0.0115188 0.00185412 7.65607e-11 4.64923e-06 0.682837 
0.110513 0.0272024 0.00759236 0.197485 0.0931781 6.52638e-05 2.28596e-07 0.000152111 0.120648 0.0217302 0.000155047 3.51142e-05 0.000226046 0.0817466 0.0768248 1.9551e-10 3.15716e-05 0.262413 
0.0334441 0.00252865 0.0236868 0.108196 0.0858061 0.0186732 0.000152122 1.59485e-10 0.0320437 0.0535131 0.0430036 0.011515 0.00100759 0.058534 0.00146116 7.11279e-08 3.9622e-05 0.526395 
0.112956 0.0261601 0.00948585 0.0688845 0.0634855 0.00466539 0.000104407 0.000226681 0.0473998 0.0352644 0.0433326 0.0174992 0.00792874 0.034541 0.00447312 0.00717921 0.0089622 0.507451 
0.0308948 0.00325016 0.0026676 0.155365 0.0754573 0.0344221 0.000978637 2.94122e-05 0.146506 0.229978 0.0148877 7.96121e-05 0.000617978 0.00725744 0.0109849 3.87803e-05 3.17323e-05 0.286553 
0.00228592 0.00870359 0.00381092 0.167746 0.0452996 0.00395235 2.75649e-06 2.10307e-05 0.0800607 0.121678 0.0688732 0.00124186 7.21556e-05 0.00314676 4.74297e-06 2.79211e-08 4.61745e-05 0.493054 
0.0150988 0.103848 3.80779e-05 0.0661612 0.0405226 9.55489e-07 1.76515e-10 1.5919e-10 0.018542 0.0113731 0.000365236 0.00292871 0.000881099 0.02315 0.00426477 1.70937e-10 1.4449e-06 0.712824 
0.167729 0.00360011 0.0127906 0.094184 0.0382624 0.00932734 3.76711e-06 1.97584e-05 0.051728 0.0597403 0.0209078 0.000687591 0.00180589 0.0509996 0.0243101 0.00085783 0.000431484 0.462615 
0.013416 0.00412627 0.000621726 0.0461197 0.00535862 0.000492191 1.24815e-05 6.45002e-07 0.0460419 0.00573574 0.0074819 5.29236e-05 5.25728e-05 0.00796344 0.00152208 3.78474e-08 9.573e-06 0.860992 
0.0166377 0.022211 0.0126318 0.0470745 0.0389071 0.000894642 0.00577617 3.20369e-05 0.0878523 0.0368896 0.0108436 0.00114726 0.000540267 0.0172462 0.223904 0.00207037 7.25539e-05 0.475269 
0.0974527 0.0431492 0.00471352 0.161245 0.177548 2.45274e-05 8.79403e-06 3.59326e-05 0.125325 0.063536 0.0655491 0.000172779 8.84079e-05 0.00529399 0.0603381 8.42162e-08 2.83689e-05 0.195491 
0.0473521 0.0524146 0.00495816 0.115456 0.0775259 0.00348915 0.00223707 4.36719e-05 0.11299 0.0894865 0.0486387 0.00673017 0.000376054 0.124951 0.0111067 7.17056e-05 0.00976464 0.292407 
0.0370971 0.0377564 0.00739925 0.073072 0.0408325 0.0016177 0.000885053 9.12384e-06 0.0443286 0.254359 0.0270661 0.00181779 0.000802077 0.0236042 0.0025493 0.00027453 4.50158e-05 0.446484 
0.0263398 0.0638433 0.00165225 0.0601612 0.0223747 0.00290022 0.0326122 0.000811091 0.0368427 0.210158 0.0147616 0.000958735 0.00297661 0.0180904 0.0144816 0.000464602 0.00017101 0.4904 
0.0393187 0.0196874 0.00938252 0.124266 0.0337596 0.0104104 2.6707e-05 7.24963e-05 0.0358227 0.104696 0.0404155 0.000185247 0.0014756 0.0244894 0.0948167 1.35661e-08 0.000531266 0.460644 
0.071987 0.00732509 0.00202125 0.0971509 0.0931633 0.000454967 0.000125042 1.22091e-05 0.11311 0.0573428 0.016765 0.000143872 3.31805e-06 0.0131919 0.0209561 2.12467e-08 2.72203e-05 0.50622 
0.114205 8.09739e-05 0.00445864 0.0289846 0.00992327 0.268473 2.13241e-05 1.05103e-05 0.00140635 0.00434844 0.0879752 0.000615118 2.63314e-07 0.0025664 0.000128254 1.85515e-08 2.58163e-06 0.476801 
0.0347607 0.121774 0.00923947 0.0513697 0.041948 0.00432334 0.00193838 3.30557e-05 0.0604047 0.0431485 0.0210633 0.00149461 0.00294845 0.0240362 0.0818587 5.4798e-05 0.00238424 0.49722 
0.0360727 0.078479 0.0173504 0.0831176 0.0415694 0.00643662 0.00177439 0.000103014 0.0648702 0.0609189 0.0236703 0.0125941 0.00598271 0.0313379 0.0171653 8.35972e-05 0.000314248 0.51816 
0.00727759 0.000134564 0.000234939 0.00246882 0.00573292 0.000439038 2.2591e-08 7.59846e-08 0.0147704 0.00497894 0.00293089 1.19316e-05 1.04215e-05 0.00326224 5.2373e-06 1.31402e-07 1.67667e-05 0.957725 
0.00540793 2.61755e-05 0.0183442 0.0222144 0.0111617 0.000498545 0.000148108 5.05735e-05 0.365803 0.0535409 0.106605 0.000255113 0.000231914 0.00933611 1.42394e-05 2.31433e-07 0.0109185 0.395443 
0.0136228 0.0112932 0.00691825 0.00777578 0.00119997 0.000125749 2.0377e-06 3.49234e-06 0.000618905 0.0629161 0.0093756 0.000124258 0.000969735 0.00304676 0.0179017 9.53472e-09 9.62793e-06 0.864096 
0.00121884 0.00489951 0.00456603 0.0133881 0.00415586 6.24879e-05 1.05828e-05 7.81101e-07 0.0223946 0.0011975 0.0067461 0.000385918 8.21176e-05 0.00161837 0.0247367 5.0174e-09 8.55449e-07 0.914536 
0.0167263 0.000481105 0.0272155 0.243511 0.0189565 0.011503 4.69128e-06 3.5128e-05 0.0846721 0.00775539 0.0799637 7.60289e-06 0.00226675 0.0447429 1.97109e-05 0.000148746 1.56652e-06 0.461989 
0.0281275 0.0861261 2.13885e-08 0.0218385 7.18234e-07 0.000290948 2.01613e-08 3.92309e-09 1.11816e-06 0.0124672 8.39034e-09 0.000501399 0.000130836 0.0014277 0.0524692 1.91395e-12 7.6596e-09 0.796619 
0.00546495 0.361253 0.00105678 0.0209922 0.0280572 0.00342006 9.73947e-05 6.64481e-06 0.0372337 0.0493641 0.0218583 0.000609421 0.000181085 0.00145141 0.000698532 6.94051e-10 6.71698e-07 0.468254 
0.0742067 0.0111992 0.0195322 0.055865 0.0390429 0.0011506 5.02125e-07 3.44609e-06 0.0291144 0.00319011 0.0144458 0.0116138 3.03135e-05 0.039672 0.00430646 1.46411e-09 0.000122108 0.696504 
0.0218155 0.00316383 0.00614547 0.193015 0.0206444 9.20733e-06 0.00168083 2.00415e-08 0.0286201 0.0966921 0.0931518 0.0003245 0.00162738 0.0213327 0.0467329 0.0078639 1.75479e-05 0.457163 
0.00464686 0.000706077 0.00111879 0.355362 0.0110917 0.00303816 0.00227387 6.9355e-07 0.0260652 0.0428348 0.0291392 0.00174591 0.000146226 0.00770006 0.000653377 0.000463487 3.50348e-06 0.51301 
0.00508335 0.144036 0.0224979 0.0348857 0.0732105 4.46527e-05 0.00181368 2.57606e-06 0.0630562 0.069922 0.0279509 0.000697458 0.000221752 0.0552528 0.00179603 2.31506e-08 0.000201883 0.499326 
0.0397344 0.0858785 0.0035591 0.0542359 0.0300228 0.00268557 0.00196083 3.04589e-05 0.0421869 0.04019 0.0158296 0.00125197 0.00966798 0.0393384 0.00642856 5.62314e-05 0.00268638 0.624256 
0.00914484 0.0234399 0.013236 0.0838782 0.0601903 0.000145991 6.55101e-06 1.69028e-05 0.133161 0.0492634 0.0339053 0.0534481 0.00318176 0.00654961 0.0330656 0.00234048 3.75597e-05 0.494989 
0.00016503 0.0509946 0.000561274 0.0186207 0.00639279 2.90649e-05 3.80799e-06 9.61655e-07 0.0286745 0.201928 0.0317589 0.000114005 1.08627e-08 0.000369562 0.000547274 2.05111e-08 1.64869e-06 0.659838 
0.00133093 0.227677 0.0112976 0.066741 0.0613681 9.95494e-05 0.00307171 6.07108e-06 0.0642188 0.0259373 0.0039041 0.000599619 0.00209938 0.0995757 0.00589512 6.63061e-10 3.05873e-05 0.426148 
0.0728359 0.0144008 0.000889688 0.239817 0.0167615 0.00138486 0.00129828 6.90663e-11 0.00627144 0.0287612 0.0684043 0.00696123 0.000231709 0.0440308 0.00259587 0.026376 5.82369e-05 0.468921 
0.094642 7.69257e-06 0.0053473 0.318944 0.0106739 0.00885202 0.0295909 1.14803e-07 0.0577574 0.0272183 0.0440559 0.000237392 0.0145686 0.024961 4.75286e-08 2.18218e-07 0.000348209 0.362795 
0.0516108 0.0280573 0.00553633 0.0877391 0.0594918 0.0018054 0.00034328 3.84061e-05 0.055918 0.090071 0.0322888 0.00660721 0.00658645 0.0262574 0.0358947 0.000816777 0.00122163 0.509716 
0.0211912 6.93524e-08 0.00796353 0.0446444 0.0192218 1.34959e-05 4.48212e-05 1.08808e-08 0.0889946 0.00199161 0.0615354 0.00342572 0.000154864 0.00690264 2.70738e-11 5.62099e-11 7.31524e-08 0.743916 
0.0943334 0.0333798 0.00937446 0.0544759 0.0615831 0.00143986 0.000140158 2.5342e-05 0.0540178 0.105113 0.0137384 0.00358133 0.00709994 0.0163779 0.222208 5.57992e-05 0.000365676 0.32269 
0.0272877 0.033936 0.000987934 0.213852 0.14904 0.00175552 2.63443e-05 1.48633e-06 0.173497 0.0153548 0.00474772 0.000929003 0.00697552 0.0227033 0.00349362 2.47915e-05 4.56525e-05 0.345342 
4.60827e-09 0.0107628 0.000308654 0.00608493 0.00620944 3.30927e-05 6.96659e-07 6.82401e-11 0.00251912 0.00989258 0.0791102 1.70311e-05 1.21455e-06 2.41767e-08 0.176694 7.32759e-11 3.89475e-06 0.708362 
0.056448 0.0590798 0.0321465 0.178273 0.0474884 0.00368546 0.000856475 0.000136132 0.0828934 0.0779688 0.0500103 0.00529289 0.00363469 0.041515 0.0443721 0.000788731 0.00194655 0.313464 
0.00927736 0.148054 0.000131377 0.0235243 0.024924 0.00024964 0.000227974 3.89927e-11 0.00268402 0.218493 2.75307e-07 0.00417558 0.00135176 0.0178765 0.00169722 2.50307e-08 4.31889e-08 0.547333 
0.026462 0.0299591 0.0231509 0.11133 0.0456176 0.000296042 1.39059e-06 3.55164e-05 0.138292 0.010615 0.0104896 0.0133639 0.000547344 0.033412 0.0397059 3.65423e-06 0.000148961 0.51657 
0.116504 0.175816 0.00498714 0.0187935 0.100779 3.57537e-05 4.36887e-05 1.57706e-08 0.0302351 0.0359099 0.00979572 0.00160234 0.0968743 0.0313865 0.00799903 2.90919e-09 0.000285491 0.368953 
0.120664 0.0105484 0.00312214 0.0791211 0.00232645 0.00558352 6.30242e-10 1.18351e-06 0.00979 0.01241 0.00357421 0.00183888 0.00903384 0.010629 0.0424529 6.10326e-10 4.68608e-05 0.688857 
