0.00231835 0.018564 0.00319976 0.414386 0.119035 3.18627e-06 3.90766e-06 2.65452e-09 0.246581 0.00856827 0.00355658 0.000588628 4.03201e-06 0.0108614 0.0052849 6.63007e-12 5.1741e-09 0.167045 
0.133613 0.0382751 0.0382535 0.197616 0.130377 0.00256382 0.000200926 6.38684e-06 0.122876 0.00949018 0.0656469 0.0421034 0.00534299 0.116668 0.00130375 2.15125e-07 5.32095e-05 0.0956095 
0.332844 0.0088039 0.0016593 0.340154 1.15465e-06 1.39525e-06 5.52619e-10 4.98378e-10 0.00306754 0.00296623 0.00302661 6.40892e-07 6.25575e-08 0.00647881 0.271607 5.83011e-07 1.20617e-07 0.0293886 
0.236395 0.0070534 0.0161074 0.278092 0.118808 1.93229e-05 1.89721e-07 6.9029e-05 0.121019 0.0229837 0.00638383 0.000874569 0.000528568 0.0960604 0.0014357 9.78414e-06 0.000158833 0.0940007 
0.0118127 0.0233428 0.010988 0.824915 0.0154578 7.06862e-07 1.34783e-07 1.33261e-09 0.0332852 0.00340037 0.0214368 0.000609046 0.00166707 0.0068439 7.53218e-07 1.25955e-07 8.69264e-05 0.046153 
0.0763549 0.0173931 0.113481 0.387472 0.0662952 0.00323338 4.52265e-06 5.42915e-06 0.141384 0.0786361 0.00227793 5.02242e-05 2.40113e-07 0.0188177 0.000424474 9.95211e-07 1.4599e-05 0.0941542 
0.00125914 0.00147654 0.000475433 0.708308 3.25485e-08 0.149633 3.61957e-07 3.1854e-06 0.0203741 0.01008 0.00570589 0.000137758 6.33984e-05 0.0017972 0.0311272 6.65829e-11 0.0074446 0.0621138 
0.0162448 2.60743e-07 0.0191641 0.381461 0.312192 2.60565e-07 2.60381e-07 2.60421e-07 0.178419 0.00383281 0.00119974 0.000234682 0.00409243 0.0776024 2.606e-07 2.60393e-07 0.000182763 0.00537198 
0.115906 0.00609502 0.0194515 0.383669 0.128546 0.00406348 0.000392575 1.01148e-05 0.1018 0.0178877 0.142485 0.0052618 0.000133355 0.0245802 0.00519397 0.00512457 2.52698e-05 0.0393751 
0.183376 0.0006729 0.017587 0.384877 0.0658255 1.42847e-07 0.000326638 1.25037e-05 0.0785859 0.00925982 0.0472899 0.00387927 0.00533388 0.164528 0.00521063 5.05825e-07 0.000154544 0.0330803 
0.0538747 0.000651106 0.00126752 0.283602 0.0244341 0.000377148 0.000892546 0.000137734 0.0567682 0.0433442 0.152274 0.00323432 0.205252 0.118349 1.70902e-05 1.01647e-05 1.13832e-05 0.0555027 
0.248817 0.0164248 0.0252905 0.304226 0.0998899 0.0104942 0.000304438 0.000410789 0.0834663 0.0282919 0.0350407 0.00394056 0.00716022 0.0406646 0.00331081 2.76673e-05 0.000344763 0.0918949 
0.0473433 0.0152981 0.0314709 0.462456 0.105561 0.00045106 0.000208786 0.000109459 0.12413 0.028491 0.058724 0.00282813 0.00385352 0.0430106 0.00291386 0.00136188 0.00114633 0.070642 
0.0265104 0.00599042 0.0028109 0.423077 0.011255 0.0014048 2.54325e-07 5.19097e-06 0.251978 0.0948244 0.0856733 0.00227924 9.67583e-10 0.0119247 6.71844e-08 1.78598e-12 0.0537061 0.0285595 
0.351306 8.1886e-06 0.000827013 0.416011 8.18939e-06 8.183e-06 8.17723e-06 8.17849e-06 8.1895e-06 0.0409472 8.18897e-06 8.17998e-06 0.0327507 0.0466863 8.1841e-06 8.17761e-06 8.18776e-06 0.111382 
0.050625 0.00190469 0.000456737 0.416968 0.241433 8.87293e-09 8.12067e-08 1.28901e-06 0.10135 0.0961918 0.0331948 0.00079988 8.54592e-05 0.0326512 0.00911166 1.57101e-07 6.88066e-06 0.0152199 
0.0155857 0.0106948 0.0302184 0.350139 0.249141 0.000164383 0.000852455 2.6874e-06 0.218991 0.00421652 0.0692161 0.000166752 4.6656e-05 0.0366007 5.71205e-05 1.94441e-06 2.75919e-06 0.0139022 
0.00125914 0.00147654 0.000475433 0.708308 3.25485e-08 0.149633 3.61957e-07 3.1854e-06 0.0203741 0.01008 0.00570589 0.000137758 6.33984e-05 0.0017972 0.0311272 6.65829e-11 0.0074446 0.0621138 
0.0167213 0.000485015 0.000588629 0.835216 0.000829188 2.29136e-08 0.000123222 5.40591e-06 0.00281896 0.00931065 0.00488165 2.42368e-05 0.000207031 0.00654982 4.00921e-06 0.0910131 1.17125e-08 0.0312219 
0.0793393 0.0221769 0.0394558 0.328378 0.0890102 0.001317 0.00282198 0.000652745 0.164095 0.0215012 0.0748136 0.00760894 0.00484473 0.086799 0.00986137 0.00537275 0.000839698 0.061112 
0.117903 0.0107719 0.0335748 0.284262 0.24153 0.00269902 0.000255939 5.42832e-05 0.0983566 0.0370877 0.0449731 0.00106382 0.00188025 0.0780638 0.00566568 2.94498e-05 0.011042 0.0307863 
0.0665244 0.00255039 0.0329887 0.454924 0.036935 0.00684678 3.1924e-05 0.000337198 0.232185 0.00244169 0.05947 0.0118414 2.87522e-07 0.00511185 0.0594317 2.66446e-09 3.48466e-05 0.0283447 
0.00198043 4.87953e-07 9.54586e-07 0.990745 1.98923e-07 0.00242842 3.56189e-08 4.17432e-11 0.000449861 0.00013871 0.000834402 6.30446e-05 6.08986e-08 0.000247936 2.15895e-11 4.48236e-11 2.26505e-08 0.00311025 
0.190665 0.00395093 0.0116521 0.24836 0.0964965 0.00193979 3.89189e-05 0.000106549 0.0698619 0.0761226 0.0270901 0.00356766 0.000718704 0.0544339 0.00833824 7.76162e-10 0.000190093 0.206467 
0.000162057 0.00355226 0.0836196 0.470515 0.188099 0.000338404 1.7324e-05 2.07384e-07 0.0857024 0.00211931 0.0456396 0.00160997 0.000235344 0.0599025 5.334e-09 0.0197966 2.14983e-07 0.0386901 
0.029481 0.0492982 0.000136368 0.575901 0.0812439 1.24842e-05 6.51824e-05 2.58984e-06 0.044779 0.044839 0.000203348 0.00751194 0.000736932 0.00798987 0.0372973 1.05395e-06 0.000274157 0.120227 
0.0360842 0.00111089 0.00560787 0.691051 0.0219355 0.002456 3.64121e-07 2.92826e-08 0.0191245 0.0939031 0.0747748 0.0035931 0.00380687 0.00363394 0.000269718 0.000123966 6.05842e-05 0.042464 
0.0161261 0.000890768 0.00762568 0.627091 0.185649 2.26089e-12 3.27186e-09 2.24173e-05 0.0231961 0.00453618 0.00252184 2.53911e-08 5.28407e-09 0.0373215 0.000336488 3.95564e-12 0.000246704 0.0944369 
0.0111888 0.0151883 0.0504287 0.296846 0.201888 0.00142825 0.0019208 4.11096e-07 0.179295 0.0129967 0.139175 0.000319965 0.000280942 0.0246659 6.1648e-05 0.000180218 1.61218e-05 0.0641192 
0.0683838 0.00591861 0.00131024 0.407878 0.206699 9.5288e-05 2.0522e-05 1.1603e-06 0.10975 0.0373179 0.0813228 4.23974e-05 4.63068e-05 0.0297176 0.00268337 4.07848e-06 2.19114e-06 0.0488062 
0.0751359 0.0119183 0.0386279 0.403397 0.0405745 0.0014127 0.000102408 0.000414673 0.206532 0.0101457 0.0743981 0.00467135 0.000772553 0.0517452 0.00724047 0.00316349 0.00368004 0.0660679 
0.178339 0.0110153 0.0322102 0.260054 0.0784037 0.0701746 3.86233e-06 1.62192e-05 0.025876 0.0278488 0.0464483 0.000923668 0.13425 0.0372474 9.90576e-05 9.51237e-07 0.000101484 0.0969879 
0.0538172 0.00454337 0.010324 0.548861 0.0570039 0.000844877 7.08207e-06 4.05691e-06 0.232229 0.0127939 0.0295976 0.00727685 0.000420136 0.00741816 0.000214854 1.67619e-08 2.83162e-05 0.0346152 
0.169948 0.0197618 0.012878 0.399398 0.0575881 9.02459e-05 8.21027e-07 4.58522e-05 0.174401 0.00101399 0.000631921 5.51647e-06 0.000112444 0.13528 4.10331e-05 1.51071e-06 0.000273678 0.0285284 
0.155915 0.0020312 0.00874193 0.220867 0.049302 0.0046079 3.83985e-05 2.10692e-05 0.0545243 0.024931 0.0138916 0.218643 0.0438407 0.119911 0.01451 2.24614e-06 0.000160767 0.068061 
0.0747256 0.056417 0.00211651 0.296776 0.134083 2.33164e-06 5.0994e-09 7.56696e-11 0.0281077 0.236276 0.0171106 0.00594503 6.1009e-05 0.0371635 1.88181e-07 8.12537e-11 4.96516e-08 0.111215 
0.0121716 3.88056e-06 0.0134066 0.889802 0.00345889 0.00166892 0.000741093 1.05006e-07 0.000111147 1.48129e-05 0.0420855 9.16051e-08 4.06975e-08 0.000171744 5.4309e-08 8.07355e-05 0.00594783 0.0303345 
0.0289605 0.00839962 0.0241754 0.536464 0.0696305 0.00374825 2.86709e-05 2.17497e-07 0.163862 0.00553167 0.0959447 0.000462692 0.0167523 0.0359424 3.01845e-05 5.74882e-07 4.2002e-05 0.010024 
0.102818 0.167316 0.00762373 0.362944 0.0346662 7.10919e-07 6.7554e-08 2.98148e-08 0.0895946 0.0189098 0.00272122 0.00431431 0.00185443 0.0199439 0.0071284 3.18963e-11 9.023e-05 0.180074 
0.0665244 0.00255039 0.0329887 0.454924 0.036935 0.00684678 3.1924e-05 0.000337198 0.232185 0.00244169 0.05947 0.0118414 2.87522e-07 0.00511185 0.0594317 2.66446e-09 3.48466e-05 0.0283447 
0.0675368 0.0585843 0.012035 0.182588 0.13771 0.00146372 5.27727e-06 7.57489e-08 0.114966 0.0487675 0.142092 0.00177955 0.00399746 0.0792596 1.53959e-08 0.00299515 4.16473e-05 0.146177 
0.134694 0.0208069 0.0135688 0.285068 0.0800397 0.000273453 9.73442e-05 8.59805e-06 0.273406 0.0187146 0.046143 0.00232942 0.00214142 0.053149 0.00379469 1.22488e-05 1.82327e-05 0.065735 
0.000479327 1.20228e-05 0.000675957 0.48246 0.143853 1.09733e-09 3.93021e-07 3.59941e-08 0.323402 0.0144325 0.0211144 1.55977e-09 3.7519e-08 0.000757095 8.06864e-07 1.91989e-09 3.64126e-10 0.0128123 
0.0433504 0.0187124 0.089847 0.362775 0.0782512 2.84717e-05 3.21519e-06 5.94315e-07 0.106427 0.0465466 0.167446 0.00293972 0.000353987 0.0239387 0.00102001 6.59769e-06 1.4387e-05 0.0583392 
0.00858524 0.000619484 0.00108102 0.613935 0.0284598 1.41194e-07 3.35547e-05 1.75077e-05 0.123014 0.056292 0.0709974 0.000215307 1.82093e-07 0.00784246 0.000112541 8.77572e-07 2.33478e-05 0.0887694 
0.0348803 0.0020282 0.0763517 0.316788 0.0801874 0.000403229 0.000117174 4.04485e-05 0.112552 0.00529653 0.0952746 0.000434178 0.00347592 0.252883 0.00171906 2.36831e-08 0.00133776 0.0162297 
0.0526352 0.000114836 0.0072763 0.637081 0.0483314 2.95659e-05 3.6633e-06 0.00125626 0.138988 0.0181904 0.00335238 5.99734e-07 0.00171243 0.0753069 2.39148e-05 1.31974e-06 7.68492e-06 0.0156878 
0.00370309 0.00113931 0.13482 0.483827 0.120518 0.00149872 1.73044e-05 5.43962e-05 0.0938276 0.0161775 0.0602903 0.000134075 3.11724e-05 0.0546008 0.000151557 0.00148651 1.96779e-06 0.0277212 
0.189931 0.00079041 0.0170084 0.278329 0.212285 0.0012219 0.000113347 4.6057e-06 0.122723 0.0354419 0.0557001 0.000623461 0.000228869 0.0340885 0.00616377 3.78261e-08 0.0168893 0.0284578 
0.167106 0.0031718 0.0268314 0.348005 0.117768 0.00129003 8.29758e-08 7.48976e-07 0.150118 0.00265227 0.0332779 0.00216918 0.0152464 0.0692944 0.0224977 7.79406e-10 0.00057081 0.040001 
0.147561 0.0176396 0.0449189 0.283599 0.0921322 0.0174207 6.25048e-06 5.35003e-05 0.167744 0.00688851 0.00340889 0.00919547 0.00503151 0.176256 4.71885e-05 5.63078e-05 7.53152e-05 0.027965 
0.123148 0.16491 0.000792152 0.265275 0.0858163 0.00313209 1.68935e-07 2.72613e-06 0.0272473 0.10105 0.0331438 0.0161144 1.46118e-05 0.0488451 0.0292353 7.95265e-07 4.33536e-05 0.101229 
0.0214472 0.00119619 0.00201822 0.625016 0.148018 2.98301e-05 5.75453e-08 4.05041e-06 0.0857832 0.00535848 0.0773937 0.000131143 6.38711e-05 0.0324626 5.99755e-05 2.39837e-06 1.05783e-08 0.00101435 
0.225728 0.00342912 0.00851978 0.436312 0.222876 1.16758e-05 3.8487e-08 4.63596e-05 0.00620397 0.00325604 0.0121873 0.00325836 0.000145077 0.0273073 0.0166555 3.72708e-08 9.14883e-05 0.033972 
0.17403 0.0390218 0.0117265 0.229289 0.109836 0.171951 3.04594e-06 3.03521e-06 0.0180383 0.0365335 0.0468181 0.000919505 0.0101932 0.0307396 1.27458e-05 1.21623e-06 7.34799e-05 0.12081 
0.119192 0.000657565 0.0806032 0.323452 0.0273191 0.00234735 0.00238015 0.000751611 0.033367 0.0294665 0.285044 8.14086e-06 0.00438262 0.0657276 3.94982e-05 0.000156452 0.00119529 0.0239105 
0.122648 0.00280253 0.00769176 0.252584 0.169029 0.00218972 0.000197214 1.20802e-06 0.0243721 0.0536296 0.117846 0.00245256 0.000777759 0.147401 0.000469221 4.52956e-06 3.30655e-05 0.0958704 
0.173792 0.0546274 0.00269551 0.330498 0.070239 0.103998 1.85005e-05 0.000134021 0.0582581 0.0221975 0.0756497 0.000104558 0.00189549 0.0617667 0.00353233 3.55605e-06 8.38975e-05 0.0405055 
0.00808005 0.000140532 0.00770405 0.77257 0.0606138 7.18397e-05 7.82006e-05 0.00046853 0.106153 0.00629982 0.0133185 7.1422e-05 0.00159949 0.0146657 0.000993214 6.99047e-05 7.61223e-05 0.00702603 
0.0952573 0.00222213 0.00685817 0.328066 0.0756409 0.000999114 3.72308e-05 0.000321576 0.302389 0.0204287 0.024136 0.000785508 0.00288139 0.0815941 0.00270575 1.80553e-05 0.000153668 0.0555047 
0.0744201 0.0109158 0.0180207 0.320988 0.195294 0.00116519 0.000295393 0.00195111 0.146335 0.0136946 0.0577335 0.00934706 0.00363727 0.0876384 0.00559915 0.00313399 0.00379873 0.0460315 
0.0214472 0.00119619 0.00201822 0.625016 0.148018 2.98301e-05 5.75453e-08 4.05041e-06 0.0857832 0.00535848 0.0773937 0.000131143 6.38711e-05 0.0324626 5.99755e-05 2.39837e-06 1.05783e-08 0.00101435 
0.131681 0.000140072 0.0254223 0.744668 0.000388404 8.39475e-05 0.00302027 7.3427e-05 0.000805481 0.000452156 6.86952e-05 0.000237656 0.00148841 0.0904457 0.000161699 9.37579e-07 0.000290613 0.000570931 
0.108645 0.0073505 0.017943 0.275873 0.0926051 0.00559867 0.0012961 0.000334419 0.232037 0.0417228 0.131055 0.00670328 3.38362e-05 0.0262632 0.0255941 7.37315e-06 0.00181853 0.0251186 
0.0439754 0.0214197 0.00262411 0.276985 0.020282 0.000447666 0.000505493 8.95834e-11 0.0438486 0.017394 0.0675583 0.0151109 0.0253308 0.177825 0.223033 9.52746e-06 0.000301057 0.0633492 
0.0459954 0.00976284 0.0819019 0.300903 0.161017 0.00161007 0.011781 0.000100965 0.141388 0.017841 0.126382 0.00532858 0.000494945 0.0285039 0.000853094 0.000135405 0.00234497 0.0636554 
0.0212462 0.00154693 0.0689825 0.366391 0.0946381 0.000111597 6.95648e-08 6.90439e-08 0.186076 0.0267286 0.0597745 0.00601562 0.000763545 0.0410743 0.000879485 9.46869e-06 1.84224e-06 0.12576 
0.0706815 0.0106611 0.0397226 0.317715 0.145721 0.0543887 5.97325e-06 0.000130599 0.162832 0.0248782 0.0562687 0.000828699 0.00614777 0.0797465 0.00723191 6.38451e-08 0.000689939 0.0223506 
0.0257867 8.25293e-09 0.0167497 0.598101 0.132564 4.63707e-12 8.37773e-12 7.55543e-12 0.17269 0.000912705 0.000600113 3.9201e-05 1.38391e-05 0.0505961 1.2036e-07 8.11298e-12 1.15425e-05 0.00193424 
0.0982734 0.00129529 0.0227532 0.391922 2.36675e-05 3.94032e-06 3.47247e-10 3.13163e-10 0.172444 0.0482542 0.22053 4.10069e-07 1.44446e-06 0.0444822 1.49026e-06 1.34513e-05 2.42419e-07 9.70513e-07 
0.0247537 0.0331304 0.00643376 0.348984 0.0940698 0.000358699 0.000109569 1.16713e-05 0.137686 0.00825606 0.0126666 0.251864 0.00290068 0.0369183 0.000682719 7.85915e-08 0.00509008 0.0360845 
0.0376244 0.00302492 0.0671968 0.413411 0.023251 5.23165e-05 4.2239e-07 1.37026e-06 0.0329531 0.0118489 0.13796 0.0161888 5.93778e-05 0.0174242 0.000323177 7.20527e-09 1.55677e-06 0.238679 
0.0922599 0.00149429 0.0237467 0.331556 0.18908 3.56218e-08 9.4617e-09 3.09854e-08 0.13559 0.0230854 0.00250805 0.000556522 0.000448376 0.105315 6.88616e-08 1.20546e-12 3.79098e-05 0.094322 
0.00125914 0.00147654 0.000475433 0.708308 3.25485e-08 0.149633 3.61957e-07 3.1854e-06 0.0203741 0.01008 0.00570589 0.000137758 6.33984e-05 0.0017972 0.0311272 6.65829e-11 0.0074446 0.0621138 
0.133189 0.0159078 0.017783 0.248983 0.100998 0.00214299 0.000107654 0.000321932 0.0722398 0.0545401 0.0397183 0.0221257 0.00215408 0.0906668 0.0151086 5.48643e-06 0.000137119 0.183871 
0.133723 0.0171442 0.0129258 0.476747 0.131794 0.000123849 2.28949e-06 0.000588594 0.0930224 0.00128799 0.000157675 0.000922455 0.00215529 0.0777161 0.0177913 2.09078e-05 0.000226171 0.0336511 
0.00527124 0.00201568 0.00229621 0.871421 2.31989e-05 0.0028189 1.29276e-05 7.76227e-09 0.031509 0.00272646 0.00537899 0.000154757 0.000246248 0.00292275 0.00291376 8.91719e-12 1.59844e-08 0.070289 
0.324369 8.68708e-05 0.00815545 0.367364 0.0155825 3.5222e-05 9.7042e-06 0.0139511 0.0414026 0.000189702 0.000268704 0.000551583 9.65407e-05 0.224029 0.000129389 3.97035e-07 0.000104456 0.00367368 
0.151764 0.00210786 0.00231344 0.278564 0.0389215 4.33156e-05 3.24717e-07 6.34677e-05 0.244721 0.01683 0.000251995 4.00605e-05 1.2408e-05 0.0299487 0.164417 9.76786e-08 5.21367e-05 0.0699484 
0.0505062 1.38157e-07 0.0240306 0.25455 0.164675 0.00327773 2.96551e-05 2.1534e-08 0.243426 0.0221462 0.0664256 0.00111308 0.00191938 0.0574028 0.00458395 1.19736e-06 0.000413488 0.105499 
0.00873996 0.0392318 0.0512989 0.4118 0.268992 0.00320443 3.40753e-05 8.50774e-09 0.0439954 0.00109949 0.00821227 0.00557721 0.00967561 0.124755 0.00114057 2.33181e-05 6.33354e-05 0.0221559 
0.128983 0.125985 0.00989708 0.245922 0.0922987 0.00113266 2.89345e-05 6.45908e-06 0.114787 0.0606988 0.00437279 0.000855563 0.000101893 0.028892 0.00281009 5.05397e-12 8.4647e-05 0.183144 
0.00546486 0.16917 0.00909017 0.362286 0.000403082 0.000755858 6.87212e-08 6.33697e-09 0.0915449 0.0146679 0.00558838 0.00198807 1.79495e-05 0.0026436 0.000781718 1.25089e-10 3.90922e-06 0.335593 
0.0958673 0.0010771 0.00439093 0.321913 0.118325 0.000114079 7.08871e-05 5.7124e-06 0.11239 0.0451865 0.209741 3.31089e-05 0.00304537 0.0391716 0.00268367 7.87585e-09 0.00030333 0.0456818 
0.00714043 0.0005193 0.0433282 0.451587 0.101327 0.00012705 0.0409244 0.000244315 0.229047 0.00354269 0.00667351 0.0312031 0.00358367 0.0726822 0.000315393 1.5392e-07 1.99418e-05 0.00773414 
0.011277 0.00197789 0.00511803 0.41332 0.0430745 3.65304e-06 0.000311801 5.60225e-08 0.0699903 0.0154612 0.308528 0.000340123 2.24901e-05 0.00890577 0.000238149 0.0279153 2.19685e-07 0.0935158 
0.0569632 0.0991594 0.0713269 0.258367 0.0645549 0.000665581 1.35876e-05 3.03089e-08 0.166466 0.0255717 0.0897029 9.52863e-05 0.00175403 0.0300276 0.00507937 5.93799e-08 0.000108142 0.130144 
0.0275895 0.043273 0.00711141 0.321278 0.0557832 0.00671919 0.000673876 2.11144e-05 0.0454846 0.172207 0.0587853 0.00659661 6.79221e-05 0.0161123 0.000226366 1.57979e-06 0.00327625 0.234793 
0.0624606 0.0124178 0.0220951 0.382496 0.176533 0.000368758 0.000227111 0.000163515 0.191222 0.0100512 0.0279336 0.00325963 0.00236985 0.0479696 0.00991319 8.99801e-07 0.000711417 0.0498068 
0.00791907 0.00231595 0.0485968 0.406264 0.0756707 0.000237696 2.20003e-06 0.000164751 0.0979062 0.0110505 0.0451895 0.00221034 0.00579943 0.0268835 0.00222919 6.95225e-07 0.00011756 0.267442 
0.0949252 0.000998772 0.00131479 0.512442 0.0538183 0.00145995 0.0011854 0.000503786 0.158695 0.0273463 0.0910537 0.000960884 0.000675949 0.0201622 0.000696654 2.34696e-06 5.58664e-05 0.033703 
0.210647 0.000467915 0.00552423 0.357268 0.0457594 0.0018066 0.000324568 5.25767e-10 0.00981099 0.0486083 0.0728759 0.00155888 0.00189283 0.161322 0.00401748 0.000202622 0.000671597 0.0772414 
0.0126941 0.0340961 0.0022691 0.678308 5.06713e-05 0.0012581 1.18348e-05 1.82786e-08 0.0957236 0.0176922 0.00404504 0.000164035 0.00121913 0.00183121 0.00188847 1.0539e-10 1.11131e-05 0.148737 
0.135341 0.000184289 0.0186764 0.339364 0.0769282 0.00126454 0.0101618 2.1292e-05 0.106221 0.0192924 0.077165 0.0204523 0.0243897 0.130847 0.00676939 1.50151e-05 8.04669e-05 0.0328255 
0.0218286 0.0215776 0.0513238 0.315421 0.14772 0.00233211 0.000219558 3.71174e-05 0.0979073 0.0079878 0.203511 0.00165086 0.00235538 0.0851048 0.00595393 8.6455e-06 0.000169875 0.0348904 
0.0757582 1.79932e-07 0.00983759 0.268841 0.103583 0.00191851 4.43397e-05 2.7958e-08 0.262569 0.027742 0.037258 0.00166935 0.00287864 0.0430449 0.00598796 9.54302e-09 0.00062005 0.158247 
0.018499 0.00999647 0.0357198 0.330891 0.101543 0.000225551 0.00223201 1.57321e-05 0.24408 0.0403803 0.032078 0.000340879 0.000172502 0.0689058 0.000798356 1.74657e-05 0.000112148 0.113992 
0.034722 0.00384101 0.00140365 0.647224 0.130374 0.00121112 0.000103794 2.80432e-10 0.0540672 0.0207132 0.0261365 0.00677615 0.0123211 0.0377924 0.00023561 3.01126e-10 0.000147236 0.0229316 
0.017636 0.00331082 0.054757 0.643527 0.0614727 0.000877361 1.0226e-06 2.99525e-05 0.090608 0.00721737 0.0298029 0.0126378 0.00081728 0.0200097 0.000182654 3.40559e-07 7.20296e-06 0.0571052 
0.170465 0.00692017 0.0523793 0.21818 0.0635652 0.057031 0.0017582 9.98835e-06 0.076771 0.0123618 0.137337 0.000484458 0.00973999 0.0971508 0.00116967 1.21852e-07 0.00641056 0.0882653 
0.010077 0.00299684 0.0261987 0.57633 0.0833829 0.000158082 0.00116793 7.22354e-06 0.103056 0.0346091 0.0502787 0.011306 0.00880138 0.0415753 0.000780964 6.15038e-07 0.00140422 0.0478693 
0.0129094 0.00119253 0.00414295 0.582306 0.0614365 0.00129577 0.038948 5.3656e-05 0.100174 0.021952 0.087779 0.000438629 3.72374e-05 0.00900354 0.000144019 0.00240669 0.0162588 0.0595211 
0.0548908 0.011714 0.0196149 0.608643 0.0532766 0.000932779 6.3587e-05 0.000482183 0.0533864 0.000921305 0.0688914 0.000242436 0.00028459 0.0951311 0.00239829 1.85379e-07 4.6964e-05 0.0290798 
0.0010959 0.00305035 0.0253646 0.36351 0.276134 0.0013044 0.000746253 2.08999e-05 0.125054 0.0136 0.100975 0.0112761 0.000402248 0.0296691 1.6487e-06 0.0017011 1.38046e-05 0.0460809 
0.093028 0.031329 0.00232725 0.601107 0.0105751 0.0101587 0.000119802 7.20892e-06 0.0356612 0.0454011 0.0150009 0.00494989 0.0009126 0.0201021 0.00338732 3.02412e-10 1.65377e-05 0.125917 
0.0439754 0.0214197 0.00262411 0.276985 0.020282 0.000447666 0.000505493 8.95834e-11 0.0438486 0.017394 0.0675583 0.0151109 0.0253308 0.177825 0.223033 9.52746e-06 0.000301057 0.0633492 
0.146492 7.49483e-07 0.123279 0.313241 0.0478803 0.13848 3.35605e-08 1.06581e-06 0.0648257 0.00712905 0.140532 9.01425e-05 4.18281e-10 0.0136589 5.58178e-10 1.15887e-09 2.19792e-10 0.00438989 
0.0091482 0.116441 0.0667834 0.371414 0.0284869 9.35312e-09 5.70637e-05 7.36513e-07 0.0167494 0.0510986 0.102187 1.32947e-08 0.00022413 0.109248 9.47398e-07 5.16498e-05 5.79349e-06 0.128103 
0.0174919 0.0082875 0.00361674 0.545711 0.0285789 0.000578445 0.001582 9.4732e-07 0.14191 0.0377739 0.0524653 0.0028551 0.00943592 0.0648484 0.042019 1.46191e-06 0.000185314 0.0426577 
0.1082 0.00080358 0.000603174 0.326383 0.201098 0.00411528 2.03225e-06 8.99338e-07 0.0423896 0.230921 0.0274594 3.24484e-06 1.26644e-05 0.000917791 1.34385e-05 6.02631e-09 2.32685e-06 0.0570758 
0.226131 4.10814e-07 0.028569 0.24469 0.00271141 0.0285472 4.8731e-09 1.79708e-07 0.0689113 0.0204052 0.030729 0.207374 3.74145e-05 0.130246 4.09212e-07 1.51073e-06 0.000518284 0.011128 
0.0277015 0.00553478 0.0352766 0.374803 0.240776 0.000514362 1.75248e-05 0.000284931 0.14082 0.0139692 0.0795724 0.00434229 0.000327654 0.0118978 0.0146723 1.70534e-08 1.34313e-06 0.0494881 
0.128504 0.00524215 0.000880236 0.742888 0.0373988 0.000811919 0.00234137 1.18055e-06 0.00954462 0.00431662 0.00591693 0.00169172 0.000290244 0.0553475 0.000200993 0.000384359 0.000250826 0.00398854 
0.165005 0.0126401 0.0326613 0.361101 0.0489302 0.00087339 2.23913e-05 9.49247e-08 0.0365138 0.00961565 0.0781933 0.000620805 0.000566599 0.158955 0.0059453 1.05315e-08 3.56118e-07 0.0883558 
0.0720329 0.00177283 0.00673875 0.324927 0.116778 0.000417461 0.0270161 1.07741e-07 0.0542763 0.188495 0.159569 0.00130854 0.0164968 0.0211368 6.94641e-05 9.26403e-05 0.000121079 0.00875079 
0.019038 0.00292385 0.0134517 0.35972 1.29612e-06 0.00111719 2.0456e-09 1.84482e-09 0.325967 0.00188836 0.0640576 0.136104 0.0336226 0.012481 0.00110795 5.81318e-07 1.69508e-05 0.028503 
0.000301007 0.00516623 0.00399437 0.535278 0.00193035 6.44682e-07 6.01161e-08 7.27031e-08 0.336521 0.00540879 0.090389 6.97387e-07 3.93058e-07 0.000978086 3.56094e-05 1.8129e-07 8.40348e-06 0.0199868 
0.00839632 1.60135e-06 0.0229548 0.947426 7.53793e-07 7.46882e-06 1.34938e-05 1.21694e-05 0.00485877 0.00973434 0.00655485 1.06163e-05 4.71651e-06 1.05119e-06 6.29398e-06 1.30674e-05 2.47836e-06 9.40465e-07 
0.00575243 0.0256815 0.0472515 0.413448 0.205168 0.00235654 2.3016e-05 8.50227e-07 0.159388 0.00236807 0.0115089 0.00383958 0.00633437 0.0962313 0.00124116 1.30045e-05 0.000130927 0.0192634 
0.385195 9.22157e-06 0.000344308 0.52255 3.16087e-06 0.000211137 6.36925e-10 1.09441e-08 8.43373e-05 0.0217823 0.0646461 2.75961e-06 6.05076e-08 0.00505323 5.92457e-08 9.19174e-07 0.000116135 1.26943e-06 
0.191286 0.0276066 0.0240116 0.320653 0.0946224 0.00084739 0.00258888 0.00578653 0.102486 0.0141995 0.025045 0.0399603 0.0105754 0.0769667 0.00558337 5.73082e-05 0.000254427 0.0574694 
0.210875 0.00721964 0.0551564 0.272243 0.00967831 2.26964e-05 6.82229e-05 0.0997458 0.0639074 0.00938134 0.011065 0.0239299 0.0792063 0.113508 0.000288988 7.44484e-10 0.000742974 0.0429609 
0.000525611 0.000552514 0.0352314 0.527106 0.0385322 0.000669675 0.000158957 2.92804e-05 0.228465 0.0124529 0.133914 0.000136361 0.000101758 0.00851064 0.000152526 1.91672e-06 0.00333298 0.0101254 
0.23279 0.0107558 0.000331002 0.25825 0.160818 0.000915539 8.91582e-12 6.53087e-07 0.139492 0.00456598 0.000305388 0.000968894 3.8576e-05 0.0471121 0.0672373 8.63408e-12 8.22069e-05 0.0763362 
0.0396182 0.0621587 0.0490531 0.459506 0.0138253 4.21866e-08 1.96395e-10 4.29818e-07 0.0775711 0.00121616 0.00661516 0.0842173 0.00126312 0.0383291 0.000218969 1.90189e-10 1.50395e-05 0.166392 
0.103647 0.00814124 0.00427545 0.357938 0.0708082 0.00198526 1.74866e-05 0.000333811 0.261726 0.00261238 0.00651877 0.000200388 0.000899876 0.0485806 0.0812428 1.8617e-10 0.000226339 0.0508465 
0.0488316 0.0025927 0.0172392 0.706591 0.0787587 7.21578e-05 0.000366642 2.57183e-06 0.00138987 0.0762082 0.00865726 0.00610663 0.00021237 0.0166193 0.0202544 2.76162e-06 6.36005e-05 0.0160312 
0.266914 0.0280085 0.0604888 0.266921 0.0537124 0.00104124 2.39754e-06 1.5289e-05 0.0486888 0.0611288 0.0311438 0.00596804 0.00899914 0.0714848 0.000457392 0.00251612 5.42247e-05 0.0924552 
0.058246 0.00329137 0.0243355 0.316148 0.0340446 1.69145e-05 0.00395075 7.14818e-07 0.0362054 0.0258993 0.172058 0.00188124 0.042428 0.170765 0.00066086 2.04665e-08 0.00821602 0.101851 
0.0731555 0.000151994 0.0179438 0.447846 0.0366948 0.000449804 0.00101462 8.40017e-09 0.0541474 0.00376743 0.063188 0.00111148 0.0637056 0.0749631 8.37572e-06 1.03346e-10 0.00107571 0.160776 
0.212833 0.0240507 0.00240731 0.576306 0.002086 5.46138e-06 6.99862e-05 0.0794591 0.00204335 0.00777893 0.00654293 0.000336053 0.00109278 0.015805 0.00100436 1.16399e-09 0.000164548 0.0680144 
0.0720423 0.0162731 0.00775185 0.391042 0.279256 7.45422e-06 1.15365e-08 5.15186e-06 0.0922996 0.0133376 0.0410154 0.000314591 7.75357e-06 0.0493108 0.0113001 2.37553e-10 8.29702e-07 0.0260354 
0.0161261 0.000890768 0.00762568 0.627091 0.185649 2.26089e-12 3.27186e-09 2.24173e-05 0.0231961 0.00453618 0.00252184 2.53911e-08 5.28407e-09 0.0373215 0.000336488 3.95564e-12 0.000246704 0.0944369 
0.124516 0.00593521 0.0517518 0.323181 0.168763 0.000191321 4.20068e-06 0.0269703 0.0645143 0.00511594 0.0294794 8.60505e-05 0.000386144 0.1766 0.000423314 0.00784441 9.05879e-05 0.014146 
6.65625e-12 3.73375e-07 0.0119773 0.79628 0.0747273 3.43474e-11 2.3587e-07 5.59641e-11 0.0183401 0.00220071 0.0717556 1.10831e-06 8.06897e-07 0.013227 4.57354e-07 6.0094e-11 1.13974e-11 0.0114885 
0.0503941 0.0386839 0.00206653 0.66394 0.0164347 0.00661253 8.3408e-06 0.000110914 0.0405216 0.0229558 0.013292 0.000991102 0.00189963 0.0138438 0.00718588 3.59015e-07 7.06412e-05 0.120988 
0.0264603 0.00182633 0.00137581 0.401796 0.121989 3.79862e-05 1.48916e-06 1.32121e-06 0.309991 0.00658323 0.0356731 4.33737e-05 3.9329e-05 0.0433149 0.000800153 1.98282e-05 4.70018e-07 0.0500458 
0.0296379 0.0398832 0.0168407 0.268267 0.141403 0.000185937 0.000448357 0.00012484 0.057475 0.141379 0.0503516 0.000773475 0.0121557 0.185557 0.000476565 0.0009931 5.27281e-05 0.0539956 
0.0518719 0.00180624 0.0149445 0.288994 0.0664712 0.000222973 0.00895656 7.8401e-08 0.106643 0.00310847 0.0690963 0.000762371 0.083594 0.224145 0.00173004 1.19145e-06 0.00700566 0.0706472 
0.0434708 0.0123703 0.0169212 0.290175 0.206956 0.000340199 0.00277332 2.11311e-05 0.188861 0.0424009 0.0711004 0.00789817 0.0110207 0.0673061 0.000522312 0.000114141 7.06559e-05 0.0376772 
0.0346662 0.00973915 0.00163763 0.256339 0.11966 0.000732419 0.000150241 1.32451e-05 0.107868 0.050069 0.123721 0.000873253 0.000426859 0.031085 0.079513 9.35176e-11 0.0153619 0.168144 
0.178541 0.046558 0.150512 0.231608 0.0911567 9.21304e-05 3.89135e-05 0.00431429 0.0244416 0.00233825 0.00106778 3.2536e-07 0.000162215 0.179429 0.00539556 4.33795e-09 0.000515955 0.0838291 
0.0336991 0.00787426 0.0670977 0.308529 0.204851 0.000560308 4.66042e-05 0.000159469 0.188756 0.00870356 0.0603478 0.00441397 0.000208411 0.0648272 0.00662814 0.00132283 1.39611e-05 0.0419613 
0.108429 0.0722297 0.0570056 0.270746 0.0371961 0.00127832 0.00212566 1.02132e-06 0.088271 0.00542857 0.0316503 0.00136088 0.0114705 0.115717 0.0131374 2.20417e-08 0.00220281 0.18175 
0.22332 0.0078606 0.00708911 0.284657 0.184194 0.000180808 8.56784e-09 1.51966e-07 0.0052207 0.16425 0.0155897 1.54025e-05 7.71644e-05 0.00441083 0.000207718 8.29709e-09 0.000142134 0.102785 
0.141005 0.00340805 0.00566707 0.321422 0.108998 7.30341e-05 1.42291e-05 0.000235996 0.274395 0.0172357 0.00154317 0.000100206 0.000203769 0.0687392 0.0140712 7.78549e-08 3.01607e-05 0.0428579 
0.0883188 0.00133193 0.0590195 0.467852 0.112593 3.82122e-05 0.00199435 0.000152241 0.0385943 0.175529 0.000743754 0.009177 0.000167898 0.0311657 7.4916e-05 1.46845e-06 3.35177e-05 0.0132112 
0.00803751 0.0185049 3.34709e-05 0.915503 0.000184351 0.00131756 3.50155e-10 3.15787e-10 0.00172245 0.0035317 0.0350318 9.5706e-06 1.2239e-10 5.832e-05 0.000647179 9.47779e-08 0.000213493 0.0152044 
0.0300659 0.000433446 0.0290394 0.529738 0.01059 0.00101196 0.00222881 7.99002e-05 0.150431 0.0319811 0.0610292 0.00355505 0.0533224 0.0163056 2.23242e-05 1.43875e-08 2.22717e-06 0.0801636 
0.00269719 0.00355368 0.0826836 0.311988 0.0170669 0.00103968 2.54924e-06 9.89374e-07 0.232741 0.0421764 0.0838879 0.00104302 0.000205572 0.0100971 0.00012436 8.01463e-09 8.65818e-06 0.210683 
0.0524218 0.00497272 0.0486301 0.500828 0.0643229 0.0550969 1.20342e-05 3.79587e-07 0.152884 0.00881952 0.081998 1.64686e-05 1.82573e-05 0.0192313 0.000360464 1.8413e-10 3.74706e-06 0.0103833 
0.00125914 0.00147654 0.000475433 0.708308 3.25485e-08 0.149633 3.61957e-07 3.1854e-06 0.0203741 0.01008 0.00570589 0.000137758 6.33984e-05 0.0017972 0.0311272 6.65829e-11 0.0074446 0.0621138 
0.0169941 0.00620437 0.0156121 0.550846 0.0701053 0.000650779 0.000538355 2.07059e-05 0.15336 0.00953842 0.0196889 0.0293143 0.000266719 0.0327563 0.0343094 1.35191e-05 4.12033e-05 0.0597403 
0.271052 0.000524254 0.0214398 0.338643 0.251958 0.000995926 2.73931e-08 1.03647e-11 0.0347305 0.0104821 0.0425841 9.04193e-12 0.000652099 0.0264277 0.000429035 1.11295e-11 8.16463e-05 2.20667e-08 
0.124201 0.00584297 0.0396951 0.227089 0.14977 0.0013653 0.00178126 1.61961e-06 0.0990743 0.00798614 0.0812483 0.00348428 0.00114884 0.158116 0.0018008 2.32977e-06 1.82917e-05 0.0973742 
0.254928 7.97175e-11 0.00660857 0.364033 0.0104111 1.22272e-06 0.000359939 1.64886e-06 0.203236 0.000179591 0.00662269 0.0128014 0.0397788 0.0382762 0.00205063 2.22462e-06 0.000151368 0.0605579 
0.167898 0.0500757 0.00397509 0.366283 0.0986508 0.000228181 0.000122686 5.89207e-05 0.101698 0.0154565 0.0136394 0.00449262 0.00010349 0.0206076 0.00715366 0.000154787 7.36176e-05 0.149329 
0.0938873 0.018165 0.0175266 0.275233 0.0588002 0.00112059 0.00293749 3.93211e-05 0.1302 0.0637718 0.0323432 0.12925 0.00220863 0.0250523 0.0104097 3.92145e-06 0.000844573 0.138207 
0.000970677 0.000817536 0.00459275 0.719314 0.114422 6.80912e-09 1.39032e-06 1.62581e-08 0.0834751 0.00414807 0.00500766 0.000393142 6.6629e-09 0.0135268 0.000128318 9.92902e-12 1.04519e-08 0.0532028 
4.11147e-08 0.00141291 0.00352753 0.586079 0.126296 2.99141e-11 2.5982e-07 4.87407e-11 0.182391 0.000847309 0.0864024 4.25203e-11 1.88906e-11 0.00258585 8.64022e-09 5.42305e-06 5.09838e-09 0.0104522 
0.00310935 0.00904267 0.0619662 0.286206 0.104088 2.24352e-05 0.00101014 1.29654e-06 0.126191 0.0209643 0.258567 0.000400203 0.00123719 0.109022 5.45287e-05 4.93403e-07 0.000343152 0.0177754 
0.00139673 0.354659 0.00973248 0.373055 0.00122824 1.8667e-10 0.0621653 1.44133e-05 0.00300087 0.00165256 0.00197879 0.000457061 3.06277e-07 0.00047273 1.2332e-05 1.0346e-07 3.25717e-07 0.190174 
0.183082 0.0174442 0.0244167 0.26481 0.151536 0.00232273 1.93811e-06 9.2457e-09 0.0326643 0.0288517 0.0623665 0.00386063 0.0044565 0.152131 0.000576735 4.41966e-08 4.10651e-06 0.0714741 
3.94982e-05 3.94975e-05 3.94957e-05 0.75843 0.201496 3.94704e-05 0.0394821 3.94487e-05 3.95018e-05 3.94936e-05 3.94992e-05 3.94558e-05 3.9483e-05 3.95001e-05 3.94757e-05 3.94444e-05 3.94934e-05 3.95005e-05 
0.0165314 0.014533 0.0430501 0.24909 0.121807 0.00281533 2.17303e-05 9.50659e-07 0.191768 0.0375378 0.187471 0.00697645 0.000792591 0.0271661 0.000207335 1.23955e-06 5.94247e-05 0.10017 
0.00110106 0.00283225 0.00159905 0.627688 0.000772823 0.000702521 5.67746e-08 6.85073e-08 0.196318 0.0172026 0.134448 6.53184e-07 1.77185e-05 0.00438826 0.0003134 1.66101e-07 1.80469e-05 0.0125971 
0.246176 0.0306175 0.00222073 0.43889 0.0318073 0.00283631 0.000205573 0.000213643 0.0234886 0.00949545 0.0246508 0.00211535 0.00418364 0.0836104 0.00826605 8.17113e-06 0.00504496 0.0861696 
0.040276 0.000835548 0.00399387 0.416512 0.299765 8.62974e-05 7.42812e-05 1.35036e-06 0.0751337 0.0207054 0.0144791 0.0100674 6.37288e-05 0.0341916 0.00173366 4.07054e-08 8.78488e-06 0.0820726 
0.0187961 0.000300352 0.0092581 0.31441 0.0252927 9.80105e-08 0.00561089 9.35461e-10 0.238854 0.0443943 0.00682875 0.00154664 0.20545 0.111544 5.26429e-07 1.00449e-09 4.65039e-08 0.0177125 
0.162363 0.00733845 0.0124894 0.336889 0.0801186 1.91628e-05 9.33893e-09 0.000432294 0.0779648 0.0457418 0.0183355 0.0074418 0.00462036 0.0907693 0.00576541 8.75732e-11 7.60665e-05 0.149635 
0.163427 0.00531134 0.00340801 0.45967 0.0493875 0.0110449 9.41092e-05 4.17935e-05 0.0372347 0.0810912 0.0184567 0.0012375 0.00839173 0.0720881 0.0438108 5.6557e-05 0.000357693 0.0448905 
0.119928 0.00101211 0.0562182 0.362266 0.0990086 5.42574e-05 1.18335e-07 0.00363568 0.0949891 0.00953248 0.01269 0.103085 0.00293913 0.123703 0.00262863 4.49419e-09 0.000171407 0.00813803 
0.000912453 0.00150891 7.32018e-06 0.92837 0.00484864 0.0043592 2.84002e-05 5.40427e-10 0.00564854 0.003611 0.0204956 0.00120428 0.0182061 0.00907455 2.79508e-10 5.80308e-10 3.32308e-06 0.00172181 
0.223025 0.00187711 0.0156966 0.253824 0.145706 0.00010623 0.000211381 0.00142187 0.136648 0.00881945 0.00850193 0.0100409 0.00346229 0.179371 0.000485849 5.61393e-05 0.000414109 0.010333 
0.244155 0.0049708 0.000860466 0.360314 0.0272388 0.00342724 8.6206e-05 4.52447e-05 0.141902 0.0279362 0.032927 0.000892454 0.00195493 0.0208748 0.000376931 4.45861e-09 0.00162931 0.130408 
0.017436 2.28823e-11 0.000863313 0.413778 0.102137 1.38753e-06 3.70211e-05 1.73892e-10 0.0874656 0.0170006 0.334392 3.20102e-06 6.73959e-11 0.0156819 0.00687109 1.86725e-10 3.54142e-11 0.00433299 
0.189991 0.0423149 0.0745688 0.192005 0.00900804 0.0275341 3.31957e-07 4.27283e-07 0.00445602 0.00437616 0.135178 0.000253861 0.111981 0.156028 0.000135867 9.90343e-10 0.000109692 0.0520583 
0.0179744 0.0193028 0.0517567 0.275036 0.248125 0.000132755 8.37524e-05 2.81661e-05 0.267101 0.00311327 0.0509715 9.63252e-05 0.00115141 0.0319422 0.00300619 2.41027e-05 3.15715e-05 0.0301232 
0.174626 0.00422099 0.115249 0.19742 0.0342038 7.12812e-05 0.000173718 0.000377934 0.00777217 0.074649 0.0624894 0.0611079 0.0857234 0.0437274 0.010815 0.000163917 6.08581e-06 0.127203 
0.180611 0.0065403 0.0269146 0.291469 0.030575 7.28671e-05 6.52893e-07 0.136844 0.0609488 0.00722058 0.0620234 0.00141848 0.00672624 0.114625 0.00152323 5.92893e-05 0.000176963 0.0722502 
0.162641 2.20206e-05 0.0726716 0.349171 5.23932e-06 0.0153978 1.69773e-06 1.68323e-06 0.0890954 5.14006e-06 4.23291e-06 2.50918e-05 4.05576e-05 0.29914 1.03075e-08 4.5702e-07 3.15948e-07 0.0117768 
0.0457555 0.0238438 0.00298437 0.271915 0.0200984 0.000563194 0.00194278 9.46999e-11 0.0455109 0.0192665 0.0684777 0.0158092 0.0250395 0.175907 0.220648 1.53721e-05 0.000424828 0.0617977 
0.0508777 0.0241834 0.0152458 0.301128 0.105915 0.00511917 0.00258529 7.10394e-05 0.184945 0.0425636 0.053121 0.000251511 0.00035266 0.0348446 0.00959569 0.000411167 2.81474e-05 0.168762 
0.208193 0.000165661 0.0731286 0.225324 0.146393 2.32608e-05 2.62804e-05 0.000551655 0.0777215 0.0195282 0.0615877 0.00291766 0.0107693 0.156322 0.000111263 1.98391e-07 0.000446081 0.0167915 
0.0557261 0.0253793 0.0295914 0.368231 0.136505 0.0041738 0.000839531 6.15322e-05 0.143496 0.0224804 0.0432914 0.00447117 0.00814701 0.0630324 0.0037665 0.0018484 0.00193224 0.0870271 
0.127319 0.000407168 0.00931416 0.525902 0.0849637 0.000249956 6.11668e-05 4.50389e-05 0.102253 0.0196895 0.0556059 0.000203872 0.00287079 0.0424504 0.000715097 8.86761e-07 7.96916e-05 0.0278698 
0.151968 2.79976e-05 0.0102592 0.528029 0.11107 0.000269063 2.77886e-06 3.38563e-05 0.0195144 0.000737008 0.175771 0.000166388 0.00061985 0.000728597 0.000139223 1.01537e-07 0.000119339 0.000544163 
0.206125 0.0207737 0.0110696 0.278437 0.0515662 3.34211e-05 0.000124554 0.0187285 0.0341285 0.0134767 0.00163001 0.000138637 0.00034969 0.197507 0.0147696 6.14324e-06 0.000206223 0.150929 
0.103963 0.111356 0.00176693 0.479077 0.072748 0.013413 0.000828618 2.12357e-09 0.0203984 0.0586029 0.0392278 4.99205e-05 0.0151422 0.0132868 4.92392e-05 3.27514e-06 0.000147971 0.0699388 
0.00231835 0.018564 0.00319976 0.414386 0.119035 3.18627e-06 3.90766e-06 2.65452e-09 0.246581 0.00856827 0.00355658 0.000588628 4.03201e-06 0.0108614 0.0052849 6.63007e-12 5.1741e-09 0.167045 
0.105843 2.12871e-05 0.00320183 0.757043 0.0349988 5.09388e-05 6.77829e-07 1.71322e-06 0.0361813 0.00244793 0.035584 3.04772e-05 0.00442542 0.0193575 8.54823e-06 6.56409e-07 2.16914e-06 0.000800975 
0.046016 0.0272375 0.0178662 0.410316 0.176505 0.00340222 4.36445e-05 1.7234e-05 0.0965304 0.0244509 0.0431218 0.000133303 0.00200644 0.073104 0.0013788 1.03742e-08 8.09829e-05 0.0777896 
0.0385533 0.0145515 0.0154814 0.25975 0.0699811 0.000844419 0.00103744 0.000100365 0.186086 0.0177784 0.255969 0.00034535 0.00665104 0.0784316 0.00925486 0.000122421 0.00331597 0.0417461 
0.101724 0.044098 0.0282342 0.28804 0.0886276 0.0110587 1.84503e-05 0.000148415 0.0776136 0.0188002 0.0716455 0.00592488 0.0364303 0.117291 0.021261 1.87925e-07 0.000906778 0.0881779 
0.174987 0.00495259 0.00793395 0.422215 0.0771971 3.71777e-05 2.61047e-05 0.000288254 0.0848259 0.0361361 0.00201101 0.000220705 0.0002182 0.101397 0.0140203 3.33911e-06 4.07579e-05 0.0734893 
0.064288 2.05234e-06 0.00303256 0.790739 0.0225713 0.018887 8.53186e-05 1.42262e-09 0.0040824 0.00230768 0.0572498 0.00791623 8.09863e-05 0.0145246 7.41277e-05 1.14318e-06 8.71338e-06 0.0141487 
0.16174 0.000313308 0.00242766 0.266558 0.113541 0.00208778 0.000415474 3.39077e-05 0.0855953 0.00337917 0.0711652 0.000228825 0.0697938 0.0751917 0.000618361 3.71534e-06 0.0845651 0.0623429 
0.0025334 0.00202313 0.0011423 0.652751 0.000552083 0.00193666 4.38045e-08 5.28359e-08 0.18072 0.0142449 0.12756 5.03228e-07 2.60418e-05 0.00313455 0.000589089 1.27649e-07 2.79304e-05 0.012758 
0.0200274 0.0830226 0.00749131 0.298716 0.0702636 0.000354596 6.55489e-05 3.34154e-05 0.132766 0.0315126 0.0150079 0.000735247 0.00992349 0.0932838 0.0225184 1.99724e-10 4.61924e-05 0.214232 
0.0201649 0.000365003 1.80412e-05 0.908583 0.00316145 0.000990634 1.1837e-05 7.85779e-06 0.00274074 0.0356291 0.00185093 0.000200874 0.00238794 0.00433582 1.90548e-06 5.74102e-10 4.5493e-07 0.0195499 
0.31811 8.18176e-09 0.143635 0.393246 0.000174424 0.000692047 7.40104e-06 6.03966e-05 3.44743e-09 0.00199466 0.0193947 9.08325e-06 5.15897e-06 0.0231042 1.06637e-05 2.58837e-05 6.08774e-07 0.0995295 
0.306035 1.90064e-07 0.000780124 0.317947 0.150017 0.0414539 2.14614e-09 1.73846e-06 0.0352265 0.00169322 0.0163076 0.000312373 0.0329288 0.0893892 0.000769009 2.07832e-09 0.000116208 0.0070214 
0.112399 0.000154919 0.0600416 0.650425 1.89479e-05 2.04801e-09 3.70012e-09 3.40385e-07 2.13764e-05 1.38489e-06 2.10327e-05 8.33088e-06 1.29331e-09 4.28009e-06 2.81577e-06 3.58319e-09 6.79587e-10 0.1769 
0.000301007 0.00516623 0.00399437 0.535278 0.00193035 6.44682e-07 6.01161e-08 7.27031e-08 0.336521 0.00540879 0.090389 6.97387e-07 3.93058e-07 0.000978086 3.56094e-05 1.8129e-07 8.40348e-06 0.0199868 
0.181081 0.009851 0.00668484 0.406821 0.0462612 0.00457172 0.000534507 1.82194e-06 0.116647 0.0411365 0.0241047 0.00142098 0.00104434 0.0247581 0.00365241 3.81661e-10 0.000164089 0.131264 
0.000912453 0.00150891 7.32018e-06 0.92837 0.00484864 0.0043592 2.84002e-05 5.40427e-10 0.00564854 0.003611 0.0204956 0.00120428 0.0182061 0.00907455 2.79508e-10 5.80308e-10 3.32308e-06 0.00172181 
0.0319813 0.0789325 0.0110883 0.521434 0.212857 0.000583195 1.49219e-05 6.69384e-06 0.0350304 0.0105874 0.0725335 5.94145e-06 0.000361727 0.0095992 0.00635282 5.99246e-09 2.59013e-05 0.00860575 
0.162641 2.20206e-05 0.0726716 0.349171 5.23932e-06 0.0153978 1.69773e-06 1.68323e-06 0.0890954 5.14006e-06 4.23291e-06 2.50918e-05 4.05576e-05 0.29914 1.03075e-08 4.5702e-07 3.15948e-07 0.0117768 
