0.0238902 0.0132157 0.0325726 0.0369793 0.369587 0.00218466 0.0023156 5.74213e-05 0.0670506 0.0114883 0.281521 0.00138183 0.00574785 0.123016 0.000434244 0.000269869 0.00684087 0.0214458 
0.0201761 0.00240453 0.0590261 0.113407 0.449968 0.00325211 0.000257554 1.65574e-05 0.176917 0.00338057 0.052013 0.00201569 0.00269609 0.103807 0.000260902 1.2387e-06 0.00015977 0.0102404 
0.0427683 0.012311 0.052064 0.181076 0.387516 0.000941587 0.000197188 3.37567e-05 0.165113 0.00460055 0.03057 0.0105145 0.000456591 0.0925558 0.000364757 4.45228e-08 9.05915e-05 0.0188262 
0.182151 0.00182146 0.216482 0.0495809 0.234263 0.000333435 7.4571e-06 7.4318e-05 0.146304 0.00526094 0.0118244 1.44925e-06 0.000381164 0.131077 0.000307393 9.60951e-05 8.84918e-05 0.0199463 
0.0113922 0.010842 0.0861872 0.0493013 0.317746 0.000126274 0.000107929 5.32869e-05 0.0995028 0.00893253 0.117204 0.000156922 0.00206389 0.267708 0.00184147 5.59777e-05 0.000761636 0.0260171 
0.0294463 0.037419 0.0089208 0.0913721 0.504137 0.000504707 8.5658e-06 1.20863e-06 0.101095 0.00760737 0.00748005 0.000635196 0.000579081 0.182804 1.30971e-05 0.00706228 2.06234e-05 0.0208935 
0.158408 0.0315432 0.00354855 0.145064 0.453403 4.23515e-06 8.34888e-06 4.28186e-06 0.0498336 0.0099593 0.0006042 0.000114964 3.77257e-05 0.106881 0.000612848 2.33434e-09 1.13842e-05 0.0399615 
0.00940971 0.00540896 0.0917644 0.0810392 0.451858 0.000837917 3.74445e-06 2.51606e-06 0.147103 0.00400121 0.148317 0.000984299 0.00180635 0.0458238 2.29257e-05 1.20911e-09 1.34654e-05 0.0116029 
0.012724 0.00152667 0.112841 0.0170582 0.413696 2.00382e-06 0.000100327 0.000911404 0.125598 0.017415 0.0622579 0.000426577 0.0346649 0.17556 0.000113509 6.55458e-05 0.000128749 0.0249101 
0.40649 0.00547146 0.000158486 0.0171237 0.430237 0.000249179 7.34493e-08 8.23475e-06 0.0275302 0.0193035 0.000383705 5.54038e-05 0.000121195 0.0163864 3.9244e-05 1.62345e-05 1.18889e-05 0.0764142 
0.0286501 0.000446935 0.000166768 0.111436 0.486707 3.8434e-09 1.60335e-05 4.60572e-06 0.285322 0.0044206 1.51608e-09 0.00143538 0.00023703 0.0500657 0.000706469 1.96132e-12 3.05525e-09 0.0303851 
0.0118033 0.00290724 0.0284472 0.0527034 0.280735 0.00112035 0.000136096 4.29103e-06 0.181731 0.114551 0.0932523 0.000625181 0.00140128 0.209384 0.00431572 0.000148347 0.000118613 0.0166148 
0.219786 0.0839967 0.00407736 0.0548251 0.310121 5.52083e-08 0.000385684 2.19419e-07 0.0560315 0.0237288 0.00353083 0.000219804 2.95379e-06 0.0609154 0.0300201 1.92706e-11 2.6932e-08 0.152359 
0.0867438 0.00587567 0.0258896 0.218845 0.336687 0.00124229 0.000240446 2.35391e-05 0.135554 0.0108345 0.0558377 0.00227862 0.000519807 0.0757094 0.000258281 7.89711e-10 0.00037508 0.0430859 
0.0195444 0.00831108 0.00607667 0.0548468 0.559354 0.000622998 0.00191998 6.49429e-05 0.171071 0.0142726 0.0254793 0.00655696 0.00286521 0.103817 0.00058168 4.39181e-05 1.33833e-05 0.0245581 
0.0373524 0.00906727 0.00599667 0.0322595 0.309635 0.000848129 0.000313293 0.000210977 0.236357 0.131974 0.162091 0.000256775 1.36813e-05 0.0275229 0.0129779 9.00942e-11 0.00777586 0.0253468 
0.0266642 0.0209594 0.0202204 0.0844221 0.381746 0.00204912 0.000276424 4.57274e-05 0.174524 0.0148998 0.038631 0.00110764 0.00519815 0.187843 0.00368282 0.000462602 0.00895117 0.0283166 
0.107268 0.00271174 0.00619662 0.0418422 0.611655 0.00169625 0.000355905 0.000212567 0.0721425 0.0506228 0.0220764 0.000471673 0.000563354 0.0682133 1.09884e-07 0.00122647 0.000428738 0.0123161 
0.00182529 0.00631424 0.0107375 0.010619 0.751822 2.96579e-05 4.85333e-05 1.59009e-07 0.0314437 0.0211164 0.0446544 8.56998e-06 6.13226e-08 0.00363621 1.22087e-07 3.2156e-07 2.44159e-10 0.117744 
0.0661445 0.019394 0.136474 0.112582 0.237828 0.00229199 0.00114863 0.000136895 0.234153 0.00543304 0.045433 0.00337229 0.00331361 0.0884779 0.00271822 0.00814155 0.00130311 0.0316528 
0.0130633 0.0579013 0.00216859 0.0615557 0.614928 0.00115973 1.79836e-05 3.41189e-07 0.0757274 0.0158075 0.00462031 0.00119848 0.000854205 0.0628613 0.000165454 6.61495e-08 1.11482e-05 0.0879591 
0.00430933 0.00301074 0.0650324 0.010404 0.569608 5e-06 1.36316e-07 1.35302e-07 0.159686 0.0082225 0.00375349 0.00496848 3.81684e-05 0.154212 0.00028502 7.81456e-05 2.53725e-08 0.0163871 
0.0375862 0.00535659 0.00628183 0.0653603 0.604619 0.00027104 7.77974e-06 8.66529e-05 0.118327 0.0270505 0.0113057 0.00298024 8.89884e-05 0.0834906 0.00473866 9.96258e-08 4.14949e-05 0.0324072 
0.0104329 0.016785 0.00179512 0.00491897 0.732893 0.00743023 8.76508e-07 8.37541e-08 0.0491187 0.0173632 0.0464193 0.000160578 6.23969e-05 0.0114717 0.0075528 9.34798e-09 5.84163e-06 0.0935894 
0.187254 0.00759292 0.0196822 0.194327 0.202912 7.67472e-05 0.000567165 0.0183197 0.129958 0.00827876 0.00310905 0.000799957 0.00821331 0.157534 0.0136101 7.03743e-06 0.000145331 0.0476128 
0.0512963 0.000817157 0.0535279 0.0818781 0.478695 0.000293779 5.27118e-05 0.000135584 0.0802719 0.0140303 0.0235914 0.000450581 0.00064431 0.200562 0.00050973 1.0001e-08 6.49988e-06 0.0132362 
0.171123 0.000521639 0.00822329 0.101582 0.204805 0.114402 4.33833e-05 0.00184452 0.140458 0.0936252 0.0447053 0.000811363 0.0271274 0.063447 0.000414714 5.55082e-06 2.19248e-06 0.0268588 
0.0205352 0.0308924 0.00490385 0.232482 0.281611 0.001239 0.00238452 9.91648e-06 0.172075 0.0203198 0.0154076 0.000478935 0.00382623 0.140534 0.00433504 0.000174046 0.0146396 0.0541518 
1.18713e-05 0.0259006 0.00592981 0.157665 0.626777 3.76972e-07 4.23634e-05 2.58403e-08 0.0579424 0.000479475 0.116843 4.84643e-05 0.000577909 0.00528141 1.6543e-05 6.75081e-10 3.08563e-08 0.00248384 
0.269757 5.10624e-05 0.0306631 0.0897267 0.345853 7.85014e-05 6.40827e-08 6.24789e-06 0.0665071 0.019394 0.0153208 4.6931e-10 0.000113907 0.149073 0.000667013 9.50773e-06 6.74201e-05 0.0127119 
0.034287 0.000949124 0.00328491 0.120604 0.290986 0.000149252 0.00216328 1.14068e-05 0.280053 0.00344151 0.0212228 0.00158105 0.00453138 0.204023 0.00731282 2.43036e-08 4.68614e-05 0.025353 
0.0414085 0.0205709 0.0279604 0.0648863 0.391633 0.00129109 2.05327e-05 0.00040965 0.248901 0.0245178 0.0305202 0.00218867 0.0024884 0.11656 0.00534128 1.22941e-05 2.47349e-05 0.021265 
0.0104329 0.016785 0.00179512 0.00491897 0.732893 0.00743023 8.76508e-07 8.37541e-08 0.0491187 0.0173632 0.0464193 0.000160578 6.23969e-05 0.0114717 0.0075528 9.34798e-09 5.84163e-06 0.0935894 
0.0117381 0.0123837 0.0167375 0.028866 0.312982 0.000952339 0.00308103 4.81307e-06 0.142228 0.0204259 0.119414 0.000350059 0.00805806 0.273504 0.000447525 0.000516991 0.0016591 0.0466507 
0.0203517 0.0102535 0.00269736 0.0363277 0.570351 5.80975e-05 3.82249e-05 6.4023e-05 0.0503727 0.00138787 0.000585508 1.39836e-05 0.000291165 0.281294 0.0233317 5.53717e-13 2.75848e-05 0.00255358 
0.164087 0.0169657 0.00316224 0.206404 0.252919 3.45194e-05 3.47225e-05 3.4989e-05 0.0955831 0.00861634 0.00395957 0.000331724 0.000692961 0.0888298 0.00597119 0.000128189 4.73406e-06 0.15224 
0.0615074 0.010305 0.0336164 0.145149 0.31438 0.000244456 0.00379788 1.30661e-05 0.202359 0.0286998 0.125706 7.00904e-05 0.000335886 0.0429245 0.00383166 1.91929e-05 0.00460301 0.022437 
0.00133131 0.000328409 0.0167278 0.267527 0.393927 9.02212e-09 5.68303e-12 9.20944e-08 0.182169 0.00195045 0.029083 0.0296949 0.00611059 0.0578411 4.99956e-08 5.50344e-12 4.55033e-10 0.0133099 
0.0104329 0.016785 0.00179512 0.00491897 0.732893 0.00743023 8.76508e-07 8.37541e-08 0.0491187 0.0173632 0.0464193 0.000160578 6.23969e-05 0.0114717 0.0075528 9.34798e-09 5.84163e-06 0.0935894 
0.018205 0.0145667 0.00178684 0.0253175 0.476848 8.34128e-05 6.04887e-05 1.12553e-05 0.0837306 0.013431 0.0108626 0.000924835 0.000170904 0.295305 0.00376266 0.00115557 0.00129542 0.0524821 
0.0265824 0.147407 0.00707731 0.159105 0.178637 0.00434978 4.34643e-05 6.73431e-08 0.0344864 0.0701054 0.145714 0.00345121 0.000569755 0.0541556 0.00012909 4.50262e-09 0.000618822 0.167567 
0.00891869 0.0245787 0.0199433 0.0838512 0.443602 0.000217943 3.28127e-05 1.44723e-05 0.261181 0.0108669 0.0190731 0.000137854 0.000434771 0.0988535 0.000175128 0.00129269 0.00530559 0.0215205 
0.0243913 0.000129636 0.000298709 0.250817 0.410107 1.63023e-05 8.02193e-06 2.3057e-06 0.26356 0.000585531 2.06928e-06 2.42392e-05 0.000455033 0.043336 0.00254578 2.56884e-12 1.94971e-06 0.00371844 
0.0856336 0.0874624 0.0392673 8.61034e-08 0.401388 0.0201657 0.000210569 1.28481e-05 4.10559e-07 0.222957 1.33613e-06 1.40559e-07 1.83611e-11 1.526e-06 0.00113631 5.08707e-11 9.64812e-12 0.141763 
0.0949039 0.056657 0.0120306 0.100877 0.366246 0.00114798 3.53642e-05 2.58856e-05 0.211206 0.0129691 0.0219527 0.000176415 0.000429738 0.0362835 0.0120197 9.46208e-10 0.000196337 0.0728417 
0.0433123 0.00191047 0.0206761 0.127702 0.463553 0.000141308 8.46069e-06 5.34006e-05 0.147167 0.0231859 0.0476812 8.5321e-05 0.000798338 0.077921 0.00046982 0.000112768 3.84576e-05 0.0451838 
0.0104329 0.016785 0.00179512 0.00491897 0.732893 0.00743023 8.76508e-07 8.37541e-08 0.0491187 0.0173632 0.0464193 0.000160578 6.23969e-05 0.0114717 0.0075528 9.34798e-09 5.84163e-06 0.0935894 
0.00756758 0.00320794 0.0247031 0.0140809 0.538559 0.000231396 3.88354e-05 5.24875e-06 0.112593 0.0134082 0.012031 0.00291321 0.000118657 0.23979 0.00709551 0.000537252 9.21743e-06 0.0231098 
0.227109 0.0186648 0.0090571 0.0893064 0.372013 4.22939e-07 0.00456494 4.22706e-07 0.055407 0.0248415 4.23248e-07 0.0115001 0.0184042 0.0881647 4.22996e-07 4.22661e-07 0.0288193 0.0521462 
0.0248775 0.0213545 0.0108843 0.047164 0.449053 0.0117545 0.200237 2.40443e-05 0.0815265 0.0084458 0.0298399 0.000626476 0.00581296 0.0749759 0.000135921 7.74089e-06 0.000817765 0.0324621 
0.0310058 0.013421 0.00438378 0.0127788 0.293146 0.136742 0.00120665 8.24206e-06 0.0979887 0.0808533 0.207846 0.00570891 0.00409187 0.0754532 6.52053e-05 0.00108868 0.00443872 0.0297731 
0.0597148 0.0147993 0.0634447 0.136577 0.185498 0.00126061 1.3479e-05 0.0001543 0.179119 0.0391646 0.0342778 0.00392823 0.0135511 0.176455 0.00424646 8.62122e-06 0.00013885 0.0876483 
0.0675534 0.0118208 0.0569017 0.084952 0.28386 0.0026772 0.000949883 5.87653e-05 0.0927937 0.0120878 0.214703 0.00203462 0.00438835 0.138404 0.000723111 5.72953e-05 0.00215645 0.0238779 
0.0724907 0.0578809 0.0660027 0.117477 0.315491 0.00449781 1.55504e-05 2.98048e-05 0.153121 0.00233852 0.0111853 0.000105971 0.00174395 0.134967 0.0258445 0.00219948 0.000187714 0.0344217 
0.0243913 0.000129636 0.000298709 0.250817 0.410107 1.63023e-05 8.02193e-06 2.3057e-06 0.26356 0.000585531 2.06928e-06 2.42392e-05 0.000455033 0.043336 0.00254578 2.56884e-12 1.94971e-06 0.00371844 
0.00293247 4.15364e-11 2.86392e-06 0.388715 0.423087 1.93729e-10 2.7654e-06 4.4223e-07 0.0715108 3.16169e-08 3.14797e-11 2.75369e-10 1.22339e-10 0.113747 5.38906e-07 3.38947e-10 6.42846e-11 2.43941e-11 
0.0372632 0.00657085 0.00698809 0.0399275 0.532082 9.24931e-06 3.57783e-06 4.46798e-06 0.059983 0.116411 0.0345652 0.000111496 3.8373e-06 0.0650117 1.57938e-07 7.01844e-11 1.3098e-05 0.101051 
0.0104329 0.016785 0.00179512 0.00491897 0.732893 0.00743023 8.76508e-07 8.37541e-08 0.0491187 0.0173632 0.0464193 0.000160578 6.23969e-05 0.0114717 0.0075528 9.34798e-09 5.84163e-06 0.0935894 
0.058572 0.000449896 0.0136208 0.0252452 0.815209 0.000409059 1.93936e-07 5.08001e-10 0.0238226 0.000387718 0.0118275 6.50355e-05 0.00116627 0.0296412 0.0186933 5.45489e-10 3.65074e-06 0.000886091 
0.198568 0.000875877 0.00104454 0.128657 0.380248 0.00014836 1.23066e-12 1.96458e-08 0.172559 0.00384132 1.04046e-08 0.000840178 0.000807448 0.0898292 0.00638837 1.19177e-12 1.57636e-05 0.0161775 
0.0913465 0.000284994 0.0157085 0.0236809 0.283227 0.104701 0.0019611 0.000362151 0.0292702 0.0243593 0.162204 0.00831115 0.000854336 0.233441 0.000424165 2.67664e-05 2.78921e-05 0.0198093 
0.0104329 0.016785 0.00179512 0.00491897 0.732893 0.00743023 8.76508e-07 8.37541e-08 0.0491187 0.0173632 0.0464193 0.000160578 6.23969e-05 0.0114717 0.0075528 9.34798e-09 5.84163e-06 0.0935894 
0.0146924 0.00641248 0.0112298 0.129697 0.307797 0.00198315 0.000893363 1.74045e-07 0.272228 0.0367144 0.164221 2.64316e-05 0.000138745 0.00521057 0.00258723 2.04672e-10 0.000344411 0.0458236 
0.000802092 0.00029676 0.0014778 0.0836273 0.750463 1.74278e-09 1.82283e-08 1.19666e-10 0.112537 0.0113903 2.11374e-07 1.04394e-10 4.63793e-11 0.0203249 5.35244e-06 1.28497e-10 2.43707e-11 0.0190758 
0.311863 0.000157249 0.0116922 0.0905734 0.463269 0.0179119 2.10131e-07 2.11896e-10 0.00697561 0.0182602 0.0561131 0.000522437 0.000307208 0.00854914 0.000144551 1.98255e-05 0.000116254 0.0135247 
0.0112093 0.0150438 0.0238712 0.148507 0.317695 0.000550765 0.00330184 5.43919e-05 0.300341 0.00861324 0.041205 0.00500837 0.00207155 0.0962192 0.00281926 0.000589357 0.00306354 0.019836 
0.0251176 0.0146969 0.0260001 0.056217 0.404979 0.00191665 0.000733974 4.09685e-05 0.179738 0.0158339 0.0413082 0.00175453 0.0027618 0.189073 0.00642669 0.00145056 0.00492603 0.0270255 
0.0227846 0.0341524 0.020064 0.070918 0.318227 0.000588633 7.0795e-05 2.39235e-06 0.30026 0.00456105 0.13275 0.00082149 0.0017191 0.0639436 0.00101995 0.000171011 0.000120026 0.0278264 
0.0222261 0.02126 0.164074 0.150118 0.197628 0.0129747 5.21715e-05 8.98121e-06 0.178372 0.0244008 0.118126 0.000839403 0.0238532 0.0451773 0.000108945 0.000500586 0.00345551 0.0368245 
0.0558281 0.0344067 0.00366551 0.0632212 0.379087 0.00455892 0.00588559 1.6159e-05 0.181662 0.0192771 0.141549 0.00202113 0.00292287 0.0718933 0.00369598 0.000661002 0.0010733 0.0285752 
0.0788398 0.00239776 0.00599347 0.0281767 0.489304 0.00215675 1.5552e-06 0.000344757 0.314589 0.020988 3.92248e-05 3.12769e-08 4.28454e-05 0.0403049 0.0054415 7.41238e-12 7.83202e-05 0.0113012 
0.0187008 0.0224642 0.00184036 0.0796142 0.559162 0.00022954 3.63525e-06 6.25518e-09 0.0802008 0.0118646 0.00893105 0.000219649 0.000117568 0.150044 0.000678872 5.16406e-08 1.40384e-08 0.0659289 
0.0139284 0.000215665 0.00240756 0.0316318 0.50619 0.000228195 8.48008e-07 0.000481732 0.0663865 0.00246466 0.0914461 0.00914346 2.79161e-05 0.237451 1.93368e-07 1.44595e-09 8.19801e-06 0.0379874 
0.195851 0.0201848 0.054659 0.161523 0.214068 0.00544036 6.99793e-06 3.79137e-05 0.210067 0.0174521 0.0543639 0.000419812 0.000324848 0.0542648 5.07717e-05 6.97248e-11 7.50331e-05 0.0112104 
0.0444954 0.0115181 0.0114291 0.0583049 0.479459 0.00287953 0.000210223 5.73173e-05 0.172007 0.0137644 0.0339564 0.000390913 0.00052095 0.135666 0.00862105 0.00261365 8.28765e-05 0.0240233 
0.00127179 0.000266514 0.00173851 0.00970525 0.577937 6.68098e-05 1.85586e-07 1.41496e-05 0.0417997 0.00658436 0.100882 0.000988716 8.38661e-06 0.240985 7.65091e-11 4.14446e-12 0.00695965 0.0107921 
0.0104329 0.016785 0.00179512 0.00491897 0.732893 0.00743023 8.76508e-07 8.37541e-08 0.0491187 0.0173632 0.0464193 0.000160578 6.23969e-05 0.0114717 0.0075528 9.34798e-09 5.84163e-06 0.0935894 
0.024419 0.00682439 0.0173195 0.0586355 0.584446 0.000421786 7.0437e-05 1.49271e-05 0.0891703 0.00837742 0.0702841 0.0013028 0.00023822 0.113765 0.00559559 6.85964e-06 0.00112721 0.017981 
0.00180891 0.0064825 0.00212484 0.06035 0.772866 5.75032e-11 5.03065e-07 5.32254e-10 0.0552563 0.0127814 0.00332663 0.00127353 1.74083e-06 0.0595863 0.00251978 1.1712e-12 1.14218e-06 0.0216205 
0.0023495 0.0297282 0.0247649 0.132272 0.582214 0.000398386 2.19459e-07 6.10766e-07 0.160183 0.0108952 0.00256396 0.00221744 2.77142e-05 0.0371476 0.000173581 6.76418e-06 3.23224e-06 0.0150537 
0.0834722 0.0169061 0.00314155 0.125818 0.278842 0.000472161 4.2258e-08 0.000509249 0.10616 0.217992 0.0494737 4.55116e-05 5.60928e-06 0.0321125 0.00733198 7.25781e-08 9.2854e-05 0.0776248 
0.013517 0.0221321 0.00332052 0.0158341 0.673851 5.82302e-06 4.37188e-06 5.66445e-06 0.068347 0.00922452 0.0299304 0.00233388 0.000193176 0.155389 0.00215962 0.000479515 1.26558e-09 0.00327199 
0.0116193 1.53447e-08 0.0647116 0.0935475 0.510046 4.66086e-08 0.000141495 2.093e-08 0.155827 0.00403865 0.105143 0.00019434 3.41418e-09 0.0450391 8.37054e-12 1.73787e-11 6.81806e-09 0.00969269 
0.302697 0.000111234 0.000654376 7.74877e-05 0.69436 5.86554e-07 1.05972e-06 9.55705e-07 5.29898e-08 1.91071e-07 0.00137718 8.33737e-07 0.000567438 5.87483e-05 4.9429e-07 1.02623e-06 1.94635e-07 9.08606e-05 
0.00707057 0.0060939 0.00789128 0.0339334 0.421002 0.00165205 3.24074e-05 1.09262e-05 0.270395 0.00728387 0.149718 0.00097198 0.000479306 0.0782653 1.07642e-05 4.27545e-07 5.27243e-05 0.0151353 
0.0104329 0.016785 0.00179512 0.00491897 0.732893 0.00743023 8.76508e-07 8.37541e-08 0.0491187 0.0173632 0.0464193 0.000160578 6.23969e-05 0.0114717 0.0075528 9.34798e-09 5.84163e-06 0.0935894 
0.019991 0.00100619 0.000131341 0.0375014 0.662102 0.000171735 7.22506e-06 1.27908e-07 0.192978 0.015592 0.00531401 2.31116e-06 7.40768e-05 0.0362441 0.00610491 1.06963e-11 1.43891e-05 0.0227651 
0.0809383 0.0231727 0.0513914 0.114696 0.305675 0.000472798 0.00029137 1.11982e-05 0.284637 0.00986028 0.00194835 0.0013512 0.00277801 0.0881866 0.00143441 4.37752e-08 9.5357e-05 0.0330598 
0.0286501 0.000446935 0.000166768 0.111436 0.486707 3.8434e-09 1.60335e-05 4.60572e-06 0.285322 0.0044206 1.51608e-09 0.00143538 0.00023703 0.0500657 0.000706469 1.96132e-12 3.05525e-09 0.0303851 
0.00152707 0.00814203 0.0150097 0.0112919 0.439262 1.99335e-06 3.56448e-06 8.79705e-06 0.00318217 0.00770349 0.386395 6.92652e-05 2.12639e-07 0.0659081 1.81662e-05 3.73492e-09 0.00808991 0.0533868 
0.161884 0.0250704 0.00699264 0.0567067 0.279773 0.00323837 2.92062e-08 0.00789568 0.129329 0.0172306 0.00329337 0.000891117 0.00210503 0.214244 0.0661667 2.92076e-08 0.00476385 0.0204158 
0.00418339 0.0192707 0.242025 0.0285854 0.56992 0.0009803 0.00141158 3.22858e-06 0.068041 0.00482342 0.0274722 0.000270072 5.68551e-05 0.0259257 0.000247711 3.00097e-06 3.5806e-06 0.00677707 
0.0104329 0.016785 0.00179512 0.00491897 0.732893 0.00743023 8.76508e-07 8.37541e-08 0.0491187 0.0173632 0.0464193 0.000160578 6.23969e-05 0.0114717 0.0075528 9.34798e-09 5.84163e-06 0.0935894 
9.05777e-08 1.37258e-11 0.152515 1.82921e-06 0.352996 6.40183e-11 1.15661e-10 1.04308e-10 0.117441 3.0449e-07 0.0261889 1.36586e-07 4.04271e-11 0.350857 5.39482e-11 1.12006e-10 2.1243e-11 8.06111e-12 
0.0145125 0.00821593 0.00323838 0.0171599 0.556371 4.41629e-05 0.00013803 1.94007e-06 0.15367 0.00599892 0.0243435 0.000149568 0.000259145 0.175884 0.00680592 2.70294e-11 0.0025341 0.0306726 
0.0119992 0.0159861 0.00880645 0.0856192 0.394773 0.000345019 2.29014e-05 1.72396e-05 0.255781 0.00151213 0.00748996 0.000173867 0.00115614 0.188798 3.30706e-05 0.000150286 0.0140009 0.0133357 
0.0556111 0.00906214 0.0711838 0.164541 0.306291 0.000135311 7.01211e-06 5.30053e-05 0.124603 0.00483461 0.0401616 0.000295914 0.000909591 0.20599 2.98291e-05 1.55387e-07 6.11671e-05 0.0162301 
0.0512963 0.000817157 0.0535279 0.0818781 0.478695 0.000293779 5.27118e-05 0.000135584 0.0802719 0.0140303 0.0235914 0.000450581 0.00064431 0.200562 0.00050973 1.0001e-08 6.49988e-06 0.0132362 
3.9807e-07 1.66967e-07 0.0166409 0.00444285 0.786664 1.6018e-06 3.21094e-10 2.89578e-10 0.0463537 3.71115e-05 0.0062291 2.52621e-10 0.00120911 0.13842 8.76297e-08 3.10947e-10 1.77213e-07 2.16636e-07 
0.0736917 0.000517957 0.0123119 0.224286 0.305477 0.000879423 7.11856e-06 0.000127205 0.156863 0.0036467 0.0198156 0.00237499 0.00129863 0.180634 0.00426546 8.04625e-06 2.11018e-05 0.0137744 
2.05938e-06 0.000424594 1.63931e-07 0.0055269 0.815703 3.33033e-12 1.08364e-08 1.35711e-08 0.0230288 4.69755e-08 0.0556306 2.60405e-08 2.06124e-08 0.0996837 2.80647e-12 5.82672e-12 1.10509e-12 5.74554e-09 
0.0410889 0.0162464 0.0159109 0.0730307 0.411815 0.00718465 0.000771093 1.84959e-05 0.0901951 0.0271229 0.165544 0.00144824 0.00506115 0.070504 0.0113683 0.00261414 0.00354843 0.0565282 
0.014062 0.00880301 0.0591755 0.176637 0.302266 0.00216178 0.00163727 2.43231e-05 0.252057 0.00547759 0.0890093 0.000544961 0.00287528 0.0634043 0.0071012 0.000361261 0.000742119 0.0136609 
0.00466119 0.00592169 0.0203484 0.154761 0.416704 3.95454e-05 4.45622e-05 7.17684e-10 0.0192097 0.00313137 0.351857 1.88215e-05 4.01085e-05 0.0136512 8.57e-06 7.70646e-10 1.73826e-06 0.0096004 
0.0104329 0.016785 0.00179512 0.00491897 0.732893 0.00743023 8.76508e-07 8.37541e-08 0.0491187 0.0173632 0.0464193 0.000160578 6.23969e-05 0.0114717 0.0075528 9.34798e-09 5.84163e-06 0.0935894 
0.17012 0.0280068 0.00862983 0.0393872 0.219969 0.00121111 1.49593e-06 5.13209e-05 0.151195 0.111188 0.132985 0.0001515 0.00385 0.0620291 0.00579134 5.02336e-05 4.38148e-05 0.0653389 
0.0123141 0.0375637 0.01045 0.119418 0.470991 6.07899e-12 6.7518e-08 9.90483e-12 0.0982163 0.0134448 0.00094801 0.000482387 0.000120617 0.0681196 0.00191896 1.06358e-11 2.43752e-05 0.165989 
6.42411e-05 0.00150026 0.00112048 0.00484722 0.558651 6.75515e-05 6.43406e-06 1.03123e-07 0.221665 0.021019 0.180035 2.72286e-07 4.33412e-07 0.0102245 1.00664e-05 1.4685e-06 2.63706e-06 0.000783819 
0.018969 0.0227955 0.0870515 0.098366 0.284319 0.00301885 0.00063993 3.87715e-05 0.222736 0.00784015 0.156697 0.00241013 0.00398427 0.0645395 0.000263854 0.00178072 0.000106906 0.0244435 
0.0104329 0.016785 0.00179512 0.00491897 0.732893 0.00743023 8.76508e-07 8.37541e-08 0.0491187 0.0173632 0.0464193 0.000160578 6.23969e-05 0.0114717 0.0075528 9.34798e-09 5.84163e-06 0.0935894 
0.00512212 0.0120275 0.00467424 0.0950958 0.687741 4.40277e-05 0.00018706 6.50375e-06 0.105494 0.0178501 0.0131972 6.2165e-05 3.40319e-06 0.0370682 0.00111047 5.16171e-09 0.00278402 0.0175326 
0.00447137 0.00415453 0.00850726 0.040031 0.498562 0.00012936 2.48345e-06 4.52942e-07 0.291016 0.0144761 0.000799104 0.00157034 1.82133e-05 0.111636 0.000356592 2.35773e-09 8.93129e-06 0.0242596 
0.0951661 0.00128817 0.00979498 0.189619 0.365799 0.000285622 1.96121e-06 9.60667e-05 0.150425 0.00494576 0.00541956 2.5539e-05 0.000767854 0.163528 0.00217921 1.68323e-12 1.55561e-05 0.0106434 
0.0570752 0.00126443 0.00137136 0.209906 0.498611 0.000234602 7.93828e-09 0.000168261 0.130314 0.023879 0.000557485 0.0085688 0.000289365 0.0190427 0.0246035 3.66064e-10 0.000140317 0.0239741 
0.0341489 0.0137634 0.0242438 0.0780449 0.386619 0.0015595 0.000621023 7.01531e-06 0.239112 0.0897216 0.026224 0.000456204 0.00536255 0.0593493 0.00221812 4.63869e-05 9.62023e-05 0.0384063 
0.0292328 0.0195679 0.00288833 0.109552 0.388767 0.000928896 0.00158734 1.1053e-05 0.346237 0.0234914 0.00973017 0.000640269 0.000702486 0.0465079 0.00193362 3.39024e-05 0.00292201 0.0152653 
0.00418335 0.0164615 0.00235673 0.298736 0.341688 1.23265e-05 0.00586827 9.24806e-07 0.242673 0.0115109 0.000593913 0.000854376 3.33718e-06 0.0195781 0.00178105 2.27071e-09 4.56217e-06 0.0536938 
0.0497628 0.00120411 0.0029652 0.026585 0.6242 0.000108415 5.04347e-05 0.000162222 0.0654166 0.0828168 0.000238259 0.00054682 0.0047154 0.122023 0.00124679 1.80894e-10 0.00050626 0.0174519 
0.046197 0.0115168 0.00100967 0.0440636 0.541655 4.08302e-05 8.26265e-09 1.03385e-05 0.187638 0.0194138 0.00225642 0.00122553 0.000135632 0.0456247 0.00838072 7.50208e-05 1.40591e-05 0.0907428 
0.0243913 0.000129636 0.000298709 0.250817 0.410107 1.63023e-05 8.02193e-06 2.3057e-06 0.26356 0.000585531 2.06928e-06 2.42392e-05 0.000455033 0.043336 0.00254578 2.56884e-12 1.94971e-06 0.00371844 
0.0105795 0.00797135 0.0300607 0.118592 0.554346 8.16788e-05 0.000778057 1.4427e-05 0.16197 0.00644294 0.00916613 0.00307225 0.000184354 0.0609077 0.00259731 0.00457628 5.52762e-06 0.0286541 
0.0509834 0.0225336 0.0711843 0.0781396 0.265048 0.00350509 0.000533412 6.47631e-06 0.130014 0.00839676 0.23932 0.000284194 0.00134591 0.0503934 0.00720929 0.0328578 0.000782673 0.0374623 
0.00562217 0.00220237 0.136357 0.168526 0.447868 0.00118812 0.000274015 7.89326e-06 0.0851938 0.00540808 0.0976839 0.00287335 0.000545289 0.0220486 0.000237272 1.79854e-08 2.5475e-05 0.0239377 
0.0470336 0.00413423 0.00531749 0.111216 0.504443 2.17359e-05 1.57427e-05 2.82828e-06 0.155945 0.0226544 0.0700857 0.00036917 0.00228066 0.0272258 0.00129002 1.2296e-06 0.0269267 0.0210364 
0.00902811 0.0865664 7.54169e-07 0.0567927 0.539419 7.21964e-12 0.000148012 1.17751e-08 0.10948 0.012355 1.08669e-06 1.02621e-11 1.71885e-07 0.161196 0.00152268 1.26314e-11 4.09683e-08 0.02349 
0.125234 0.00739216 0.0830647 0.0487227 0.215635 0.00249077 8.81882e-05 0.000104867 0.128128 0.00918026 0.146587 0.0311442 0.00257088 0.158864 0.00213178 6.36165e-05 0.000423385 0.0381737 
0.00897496 0.000676471 0.000191862 0.0913195 0.554874 3.97091e-05 5.23631e-11 9.41079e-07 0.190652 0.0147149 0.011241 0.000502917 0.000292983 0.115975 4.07585e-06 5.07084e-11 1.15508e-07 0.0105395 
0.0282496 0.00881312 0.0404575 0.102081 0.315829 0.00355572 0.000266949 3.91202e-05 0.102713 0.00629594 0.0657322 0.00135755 0.00169452 0.300008 0.000732149 0.000347105 0.000413949 0.0214136 
0.0130545 0.0729928 0.290922 0.00867484 0.394937 0.00021962 8.72813e-06 2.4219e-06 0.111478 0.00276412 0.0043901 1.35772e-05 0.000193805 0.0897145 0.000193953 0.00463341 1.10229e-05 0.00579597 
0.012724 0.00152667 0.112841 0.0170582 0.413696 2.00382e-06 0.000100327 0.000911404 0.125598 0.017415 0.0622579 0.000426577 0.0346649 0.17556 0.000113509 6.55458e-05 0.000128749 0.0249101 
0.098329 0.00211151 0.0187162 0.0721177 0.386882 0.0042773 3.55248e-05 3.92713e-06 0.109734 0.0837588 0.0265018 2.12382e-05 0.000823205 0.0400315 0.000478189 1.9338e-07 8.67973e-05 0.156091 
0.0879769 0.0167355 0.0352624 0.126609 0.226801 3.87861e-05 1.00237e-08 6.12061e-06 0.196427 0.0297963 0.0405701 0.000292899 0.000163684 0.0198356 0.00217162 0.000402155 7.94259e-06 0.216903 
0.0168087 0.0670854 0.00443631 0.0656582 0.52077 0.000205836 0.000303303 1.54732e-06 0.15476 0.021334 0.000420517 0.000292721 5.19182e-05 0.0969404 0.00950499 3.60266e-06 2.68643e-05 0.0413961 
0.0148759 0.0366436 0.106029 0.135722 0.414319 0.000556421 0.00192746 0.000171526 0.115397 0.0214291 0.0279782 0.000811406 0.00101752 0.0860398 0.000701863 7.6711e-07 0.00125065 0.035128 
0.261254 6.66803e-06 0.000553739 0.000693698 0.388131 0.000741504 4.51693e-07 4.27441e-10 9.76994e-05 0.0639275 0.054296 0.0035647 6.65115e-05 0.223138 2.21072e-10 4.58984e-10 1.66045e-06 0.00352626 
0.0457457 0.0056927 0.00014513 0.0427032 0.479777 3.08495e-09 2.45261e-09 9.57381e-06 0.244562 0.00149957 0.000248273 0.00078094 0.000101739 0.17018 0.00031707 1.73222e-07 2.08839e-05 0.00821611 
0.0104329 0.016785 0.00179512 0.00491897 0.732893 0.00743023 8.76508e-07 8.37541e-08 0.0491187 0.0173632 0.0464193 0.000160578 6.23969e-05 0.0114717 0.0075528 9.34798e-09 5.84163e-06 0.0935894 
0.076252 0.00660509 0.0212635 0.0961356 0.412018 0.00187409 2.17741e-05 0.00096041 0.0719209 0.0210322 0.0578925 0.00104832 0.0601345 0.0969274 0.00013162 2.5289e-06 0.000823212 0.074956 
0.0363756 0.00017758 0.00734514 0.129245 0.414945 0.000221423 0.00209473 2.93978e-05 0.314162 0.0329554 0.00523226 0.00124525 0.000867144 0.041685 0.000882678 5.50037e-08 0.000125457 0.0124104 
0.0873465 0.0193964 0.00104149 0.114614 0.377364 0.00144294 5.2364e-05 1.26274e-06 0.257727 0.0108279 0.0102434 0.000397799 0.00118027 0.0477925 0.000233113 6.48684e-05 3.60298e-05 0.0702381 
0.0515519 0.0275596 0.149747 0.0334 0.380098 0.000510767 0.00017527 9.47554e-06 0.0281168 0.00985274 0.180115 0.00227979 0.0101702 0.0947516 0.0023518 1.56611e-07 0.000845778 0.0284641 
0.0796733 0.0489596 0.00279808 0.0565751 0.316913 2.67441e-05 2.45424e-05 5.4855e-06 0.0331016 0.0879682 0.000984368 0.00210376 0.000116059 0.101027 0.00154772 1.79326e-06 5.49649e-06 0.268168 
0.172575 0.0395172 0.00184965 0.225353 0.279887 0.000229829 1.52634e-05 4.32969e-05 0.0752761 0.00629182 0.000117172 0.00016729 5.46617e-05 0.166471 0.0023726 1.44481e-08 0.000383956 0.0293958 
0.0178822 0.0180822 0.0217966 0.0672939 0.293303 0.000365724 0.00031801 0.000283479 0.19827 0.0144269 0.287595 0.00113944 0.00558391 0.0424838 0.00340552 7.80155e-05 0.00291456 0.0247781 
0.0374709 0.0546248 0.0896993 0.158698 0.268413 0.00099738 2.47238e-05 1.43813e-05 0.165701 0.0970066 0.020087 0.0081004 0.00753298 0.042916 0.00460049 3.63039e-06 7.17729e-05 0.0440376 
0.00923282 1.78024e-05 0.0558439 0.0516574 0.394108 5.04101e-12 2.52009e-06 0.000268332 0.0949335 0.000153199 0.00737625 6.25116e-05 3.16367e-09 0.385685 9.75815e-06 8.81971e-12 2.18354e-05 0.000626297 
0.0144976 0.0209069 0.0100175 0.0701355 0.639348 3.11491e-08 1.53186e-06 5.18374e-07 0.0532527 0.0149524 0.142527 0.00168005 0.00189495 0.0272863 3.69657e-05 0.000174661 7.72497e-08 0.00328755 
0.0252748 0.000326158 0.0175861 0.140219 0.544521 0.00040987 0.00039581 4.12647e-05 0.0916855 0.119693 0.00941331 0.00071955 0.0010771 0.0403978 0.00227139 1.06245e-09 0.000427698 0.00554054 
0.0670986 0.00227698 0.0834579 0.0790556 0.25123 0.000219069 1.21878e-05 2.35859e-08 0.168424 0.0059349 0.123583 0.00179625 0.0107036 0.196471 0.000438341 1.81912e-05 3.71537e-05 0.00924378 
0.104027 0.0182055 0.029267 0.0404844 0.464653 0.00213935 3.80699e-06 3.35052e-06 0.144684 0.00482631 0.107825 0.000408686 0.000408145 0.0686047 0.000354589 0.00460631 0.000354307 0.00914466 
0.0614873 0.0098594 0.00389477 0.188528 0.252766 0.00116498 0.0119267 0.000104724 0.169177 0.0549063 0.0392378 0.00459619 0.0445294 0.0747714 0.0030752 1.66557e-05 0.00413179 0.0758259 
0.0176849 0.0227568 0.0383486 0.0572595 0.416743 0.000985938 6.35469e-06 9.48372e-06 0.282112 0.0200589 0.0308757 0.00116027 0.000808113 0.0637539 0.00399009 0.000147033 4.5345e-05 0.0432538 
0.0223945 0.124428 0.015231 0.0889576 0.419898 5.58339e-05 7.23565e-06 3.15338e-05 0.159028 0.00421457 0.00208281 0.000353837 0.000273295 0.0884538 0.0077523 9.37382e-05 9.03598e-05 0.0666525 
0.0294448 0.00623646 0.0099423 0.0337063 0.61782 0.00036366 0.000313522 3.88779e-05 0.0294765 0.00840405 0.0187867 0.00273331 5.31374e-05 0.234278 0.0021905 8.90755e-06 2.68706e-05 0.006176 
0.0104329 0.016785 0.00179512 0.00491897 0.732893 0.00743023 8.76508e-07 8.37541e-08 0.0491187 0.0173632 0.0464193 0.000160578 6.23969e-05 0.0114717 0.0075528 9.34798e-09 5.84163e-06 0.0935894 
0.222516 0.0296821 0.0806299 0.0700108 0.314328 0.00016048 6.81438e-05 0.000102255 0.0609533 0.017013 0.0756525 0.00436384 0.00346119 0.0651622 0.00277451 5.99907e-06 0.000370208 0.0527452 
0.0703425 0.0105044 0.0174831 0.147327 0.26467 0.0068342 0.000184206 3.33883e-05 0.197863 0.00320178 0.0801262 0.000785035 0.0296505 0.154064 0.00509591 1.62463e-05 7.04335e-05 0.0117487 
0.0180097 0.0178127 0.0783686 0.0942642 0.255613 0.000123848 0.000262597 2.63583e-05 0.233542 0.00489399 0.00135411 0.000733264 0.00049627 0.229358 0.00273813 4.85655e-08 7.25895e-06 0.0623952 
0.121258 0.00285939 0.0055807 0.0617667 0.29604 0.000593855 2.33791e-11 0.000382494 0.290961 0.00751837 0.00466296 0.0201049 0.00590509 0.175023 0.00111646 2.26403e-11 0.000258397 0.00596962 
0.158799 0.000348456 0.0788545 0.0936649 0.212975 0.0466525 8.55272e-05 1.62586e-05 0.131818 0.0233495 0.170068 0.000665126 0.0213278 0.0438859 6.35245e-05 0.00791576 0.00029231 0.00921754 
0.0104329 0.016785 0.00179512 0.00491897 0.732893 0.00743023 8.76508e-07 8.37541e-08 0.0491187 0.0173632 0.0464193 0.000160578 6.23969e-05 0.0114717 0.0075528 9.34798e-09 5.84163e-06 0.0935894 
0.150534 0.021527 0.000495238 0.0202009 0.42308 0.000271206 0.000784982 1.2402e-07 0.0233075 0.0409328 0.0046298 0.00356455 0.000100599 0.235623 0.00780097 1.23631e-11 1.22873e-05 0.0671356 
0.00301337 0.0285162 0.00728864 0.0259484 0.676919 7.22974e-06 3.68965e-07 1.08325e-08 0.135646 0.0024769 0.00632916 9.82731e-05 1.82051e-06 0.0801122 0.000835185 3.49709e-07 3.86042e-07 0.0328068 
0.00150116 0.0109132 0.024314 0.35415 0.372485 6.60217e-05 0.000108345 2.12375e-05 0.189826 0.00509573 0.0025686 0.00122259 6.80641e-05 0.0154502 0.000471619 8.76704e-08 3.80424e-06 0.0217349 
0.0998497 0.103091 0.0251669 0.0646744 0.289694 0.00026761 0.000108819 6.00733e-08 0.100871 0.0563549 0.00290754 0.00317499 0.0091651 0.10458 0.0253612 8.1375e-10 2.52019e-05 0.114708 
0.00210584 0.00395685 0.00176405 0.0950166 0.479198 3.57013e-08 0.00499141 2.62708e-11 0.151662 0.0602533 0.081585 0.000600506 0.000222595 0.0722425 0.000417781 2.82095e-11 1.43369e-08 0.0459838 
0.202393 0.0114079 0.00556401 0.109262 0.221099 0.000523093 6.44617e-07 0.000277554 0.173237 0.00356485 0.0113359 0.0461874 0.00143168 0.124421 0.0507609 6.44715e-11 8.78156e-05 0.0384459 
0.0429637 0.0478412 0.0124859 0.058672 0.609428 0.00107878 0.00307678 3.35383e-06 0.0776939 0.0069657 0.0927544 0.000374086 8.52546e-05 0.0239293 0.00493644 0.000179736 2.27805e-05 0.0175092 
0.0521873 0.00817273 0.0105508 0.0744947 0.465385 0.00165024 0.000112322 3.35364e-05 0.0431487 0.00836295 0.0258451 0.0003845 0.00146806 0.248984 0.000505979 1.33888e-07 0.0407195 0.0179948 
0.0447467 0.00374194 0.00250342 0.0896478 0.434626 0.000269983 7.08223e-05 3.32763e-06 0.328458 0.019766 0.0046908 0.000134023 0.00404517 0.0249455 0.0143083 0.000478562 0.000102062 0.0274615 
0.0248158 0.0328802 0.0112976 0.205246 0.281203 0.000244008 0.000584226 9.99908e-06 0.218853 0.00794476 0.0512563 0.0137645 0.00295197 0.0762274 0.00498396 0.000479766 0.000594308 0.0666636 
0.0608984 0.0339543 0.158973 0.15766 0.193988 0.0159984 0.000102054 4.54307e-06 0.11097 0.0087869 0.090426 0.0024554 0.0147225 0.111118 0.000404344 0.000175674 0.00035347 0.0390088 
0.000536727 0.0122692 0.0320232 0.12062 0.63951 3.91314e-11 3.84142e-05 4.83582e-08 0.0207815 0.000681897 0.0946521 1.02982e-05 7.33981e-08 0.0667578 1.55138e-07 6.84641e-11 1.29849e-11 0.0121183 
0.061381 0.0116947 0.0029432 0.106665 0.282792 0.000100439 0.0025541 0.000306119 0.141333 0.0819814 0.0326192 0.0263983 0.0625837 0.123551 0.0167757 1.29493e-05 0.00291104 0.0433969 
0.00363256 0.00498384 0.0393094 0.211024 0.522259 0.000641469 0.000559723 2.37796e-06 0.122316 0.00490325 0.052633 0.000119479 6.11242e-05 0.016109 0.000260821 4.80902e-10 5.78735e-05 0.0211268 
0.141896 0.000850209 9.3251e-05 0.0817344 0.302449 9.61344e-05 8.64118e-08 9.88022e-08 0.0846005 0.00665035 0.0283577 0.000964893 0.000169929 0.26327 0.00669135 1.502e-09 4.04733e-05 0.0821355 
0.012858 6.63572e-08 2.28706e-08 0.0105923 0.678717 0.000676128 6.52309e-13 1.59013e-07 0.21118 0.00455987 6.87108e-05 1.56533e-08 1.64164e-08 0.0728068 0.00854082 6.31695e-13 1.95167e-08 3.17334e-08 
0.0158754 0.0101416 0.00704613 0.0649385 0.492002 2.24544e-06 1.44239e-06 3.33898e-05 0.116793 0.00215447 0.00274372 0.000101536 0.000162754 0.274267 9.07145e-05 0.000106322 9.39561e-06 0.0135303 
0.0200769 0.0344044 0.00718736 0.0680981 0.522156 0.000106018 2.17518e-07 0.000391019 0.105003 0.0503822 0.00716454 0.00115414 0.00562737 0.116138 0.0140513 3.10759e-07 7.01635e-06 0.048051 
0.0296902 0.0042755 0.00309891 0.199907 0.30224 0.000354157 5.8288e-05 0.000783363 0.11149 0.0217839 0.165075 0.00250714 0.00266005 0.0311246 0.0101818 3.32551e-07 3.23451e-06 0.114767 
0.0110181 0.00939324 0.0234732 0.173131 0.442956 0.000514384 8.71574e-05 4.51772e-06 0.196604 0.00650596 0.0426493 0.000920157 4.08611e-05 0.0370866 0.000882387 5.75262e-05 4.13105e-06 0.0546719 
0.00484349 0.00185551 0.00236075 0.0829822 0.763797 5.13895e-08 2.89001e-08 3.2838e-06 0.0430303 0.00772805 0.00998844 0.00155407 3.33234e-05 0.055809 0.00129343 5.16814e-12 1.35792e-09 0.0247213 
0.0101791 0.00378567 0.0151259 0.0593124 0.378397 0.000214832 0.00360568 0.000178655 0.215566 0.00917774 0.012425 0.000668363 0.00188667 0.161776 0.0734822 1.1124e-07 3.23316e-05 0.0541857 
0.0132072 0.00753415 0.0245029 0.06833 0.3235 0.000417993 0.000701377 1.16962e-05 0.21996 0.0502086 0.118625 0.0305409 0.000823229 0.0975128 0.00195414 4.55596e-05 0.00106742 0.0410572 
0.033757 0.0259631 0.0202276 0.0549136 0.221988 0.0134108 5.54008e-05 1.36094e-05 0.2145 0.0605979 0.0379861 0.00269644 0.00899497 0.211678 0.00142548 0.000263659 0.00165644 0.089872 
0.0897522 0.0253576 0.0327788 0.0604633 0.641551 0.00248172 0.000102461 1.82053e-05 0.0345438 0.00389872 0.027641 0.000391507 0.00281757 0.0472079 0.017107 0.000769519 0.000298153 0.0128194 
0.0826432 0.0197148 0.00346037 0.0196165 0.346941 0.00166073 9.43259e-05 7.84596e-06 0.00210301 0.105506 0.0511259 0.00064176 0.000633457 0.0493878 0.00101264 3.86558e-07 0.000207852 0.315242 
0.0380624 0.00602247 0.0230603 0.223139 0.335817 0.000142789 0.000601653 6.66131e-05 0.188075 0.00960644 0.0505018 0.00269947 0.000547473 0.0888052 0.000117264 6.83714e-10 7.31335e-06 0.0327278 
0.0104329 0.016785 0.00179512 0.00491897 0.732893 0.00743023 8.76508e-07 8.37541e-08 0.0491187 0.0173632 0.0464193 0.000160578 6.23969e-05 0.0114717 0.0075528 9.34798e-09 5.84163e-06 0.0935894 
0.0168087 0.0670854 0.00443631 0.0656582 0.52077 0.000205836 0.000303303 1.54732e-06 0.15476 0.021334 0.000420517 0.000292721 5.19182e-05 0.0969404 0.00950499 3.60266e-06 2.68643e-05 0.0413961 
0.0303304 0.00802487 0.000253605 0.0193383 0.672816 3.6233e-05 3.331e-07 0.000116889 0.0630745 0.0010292 9.38928e-05 3.93928e-05 3.81103e-05 0.135795 0.0665954 1.81228e-08 4.58316e-05 0.00237174 
0.012724 0.00152667 0.112841 0.0170582 0.413696 2.00382e-06 0.000100327 0.000911404 0.125598 0.017415 0.0622579 0.000426577 0.0346649 0.17556 0.000113509 6.55458e-05 0.000128749 0.0249101 
0.0116485 0.080198 0.00712802 0.149594 0.356839 4.1605e-12 0.000353241 7.12568e-05 0.042868 0.007664 0.00776588 5.91379e-12 9.90529e-08 0.128313 9.53682e-08 7.27918e-12 2.3609e-08 0.207557 
0.0574816 0.0152414 0.0321538 0.0650802 0.342588 0.00577527 0.000166427 2.75339e-05 0.297165 0.0171617 0.021 0.00118438 0.00210198 0.0752241 0.00094831 0.00337244 0.000471397 0.0628564 
0.0112989 0.00235514 0.00690486 0.139671 0.437042 2.19556e-05 8.383e-05 5.86725e-06 0.372828 0.00185115 0.00664516 4.15168e-05 0.00137842 0.0142298 0.000119411 3.62535e-08 3.00395e-05 0.00549292 
0.0291638 0.00245782 0.0147777 0.0748734 0.345796 0.000719732 4.92685e-05 0.000360176 0.269451 0.0511205 0.109115 0.00438426 0.000648419 0.0862749 4.08792e-05 2.18429e-06 0.000134517 0.0106302 
0.0361683 0.00066499 0.00609956 0.0219472 0.475935 0.000121289 0.0050825 9.39277e-06 0.227685 0.0112438 0.0177476 1.11658e-05 0.000294324 0.183937 0.0049519 1.65795e-10 2.11827e-05 0.00807966 
0.0365876 0.0119844 0.0738423 0.0639536 0.353254 0.0010666 1.00259e-05 8.06991e-07 0.0751794 0.0201955 0.188996 7.42021e-05 0.0257945 0.0699243 0.00069044 0.0177871 0.000196447 0.0604628 
0.00273589 0.01224 0.0355234 0.00704748 0.474378 0.0895258 6.40362e-08 1.22476e-08 0.099426 0.000590272 0.0190039 1.23268e-05 0.00301072 0.255618 3.95773e-06 1.62306e-07 0.000122099 0.000761966 
0.00607379 0.0191164 0.029817 0.0607444 0.261025 0.0363613 9.92905e-05 0.0721049 0.21255 0.0186742 0.147669 0.00570156 0.000690647 0.0752992 0.00020383 6.5271e-11 0.000229907 0.053639 
0.132731 0.046059 0.0144187 0.118276 0.187565 0.0666788 6.17784e-05 4.02388e-05 0.0698858 0.00756978 0.0461296 0.000560377 0.00493442 0.132423 0.00043852 4.06273e-08 0.130328 0.0419 
0.030809 0.0703663 0.00765705 0.188034 0.35635 0.000808026 0.000334757 1.53397e-06 0.183878 0.00765546 0.0364391 0.00163491 0.0064027 0.0752545 0.0001196 9.50856e-05 0.000591528 0.0335688 
0.00868894 0.0109116 0.0340585 0.0802065 0.477089 3.95714e-05 0.00179985 5.66471e-05 0.1173 0.00520918 0.0293847 0.00578926 0.00774438 0.189371 0.00229868 1.19729e-05 0.0044365 0.0256036 
0.0504201 0.00922695 0.0243471 0.0400849 0.526314 0.000544057 0.016789 3.10613e-07 0.0627222 0.0200054 0.198522 2.23782e-05 0.00140233 0.0372159 0.000202325 2.04528e-06 0.000136829 0.0120424 
0.00234576 0.000386245 0.301871 0.0156531 0.467432 2.28094e-06 0.000289345 0.000295049 0.0675281 0.00414752 0.011557 0.000109288 0.000165457 0.0943888 2.85939e-05 4.5059e-07 1.30836e-05 0.0337872 
0.017733 0.000214433 0.000258884 0.0108542 0.679632 7.17938e-05 1.0474e-08 4.20363e-06 0.0310033 0.0668129 0.00640513 0.000750608 7.19753e-07 0.150939 0.00240499 4.65757e-11 3.40229e-06 0.0329111 
0.0588181 0.00112917 0.0416372 0.0785979 0.330051 0.001939 1.05069e-07 0.00031703 0.126221 0.0239419 0.0412935 2.89991e-06 0.00106431 0.26838 0.000453433 1.99698e-11 1.01382e-05 0.026144 
