0.0145413 0.00373476 0.0642962 0.0828102 0.153907 0.00275077 0.00305137 0.000481451 0.277302 0.0204149 0.193719 0.0418109 0.0208566 0.0890113 0.0011466 0.00279322 0.00224781 0.0251251 
0.0659558 0.0227843 0.00863119 0.119633 0.266756 0.00512938 0.00111277 2.23258e-05 0.347168 0.0207522 0.0432698 0.000900288 0.000269041 0.057677 0.00525764 8.76731e-05 2.47247e-05 0.0345687 
0.00174431 0.0193686 0.117712 0.105954 0.131724 0.000155814 0.00349125 3.7683e-05 0.478866 0.00253772 0.00481949 0.000155397 0.000472768 0.0674392 0.000125146 4.09415e-09 0.0549767 0.0104204 
0.0669614 0.0300333 0.00201732 0.143225 0.0717275 0.000141654 2.43386e-05 2.95003e-07 0.614406 0.00481142 0.00540598 5.03749e-05 0.000805439 0.0286064 0.00257858 1.20567e-11 2.77965e-05 0.0291769 
0.0306928 0.00264011 0.0121204 0.222583 0.0468874 0.00028115 2.14121e-06 0.00027231 0.655301 0.00161259 0.00296986 0.00033924 0.000153822 0.0163954 0.00123378 1.20024e-11 4.18048e-05 0.00647385 
0.0013184 0.00663552 0.0025732 0.0289032 0.00732333 6.30963e-05 1.02435e-08 4.36473e-07 0.939349 0.00056599 0.0033878 4.36631e-06 1.59839e-05 0.00456315 0.000178484 1.52552e-12 2.46526e-05 0.00509388 
0.00465184 0.0155757 0.0302525 0.00247793 0.000307184 0.00115116 4.39873e-09 8.4787e-05 0.914184 4.40553e-05 0.00329577 3.16856e-05 0.000293414 0.0260469 5.19682e-05 1.08287e-12 3.56124e-05 0.00151503 
0.000592392 0.000322343 0.0384157 0.124588 0.0719791 0.000180478 8.5899e-09 1.03638e-08 0.590772 0.0040657 0.0862806 9.87809e-08 0.023312 0.0576406 4.49256e-05 7.76216e-05 8.97486e-05 0.00163841 
0.0656622 0.00380416 0.0267631 0.182284 0.173454 0.00722817 6.07295e-06 1.1694e-05 0.279305 0.0719277 0.0603256 0.000642102 0.00211745 0.0584589 0.0020923 3.81703e-07 0.00541103 0.0605056 
0.110298 0.0362326 0.00295426 0.150845 0.187933 0.00323241 4.38595e-05 9.87551e-06 0.265965 0.0223836 0.00748762 0.000342683 0.0325613 0.0972198 0.00390728 3.87737e-06 0.0391719 0.0394074 
0.0115036 0.00393224 0.00470428 0.109827 0.234179 0.000202528 2.03492e-07 3.60239e-06 0.586023 0.0135847 0.0131903 1.0674e-07 0.000301606 0.0213113 6.36458e-06 2.64027e-11 9.95272e-06 0.00122029 
0.0124655 0.00153171 0.0171718 0.0277828 0.369814 2.49255e-05 1.15554e-05 0.000370821 0.401775 0.00428329 0.0099475 0.00010781 4.32075e-05 0.14833 0.000581468 9.33653e-12 2.98871e-05 0.00572879 
0.0433682 0.0429186 0.0060123 0.0179316 0.0490511 0.00271974 1.56064e-05 5.24007e-05 0.52203 0.000539563 0.00501115 0.00239591 0.0617672 0.108651 2.68099e-05 0.061488 0.000129794 0.0758911 
0.00537702 0.0125693 0.050467 0.146011 0.0996324 0.00206475 0.000962161 6.04775e-06 0.530492 0.00319488 0.115467 3.0337e-07 0.000443374 0.0222981 0.000205018 2.40661e-09 5.73528e-06 0.010804 
0.0119252 0.0177194 0.0107776 0.0292351 0.0527034 0.00110862 0.000167664 1.11054e-06 0.820419 0.0073122 0.00290565 5.0063e-05 0.00559168 0.0225034 0.000646628 1.14351e-11 3.46882e-05 0.0168989 
0.0072625 0.0391207 0.000617227 0.0193134 0.0139637 0.000282726 1.96177e-05 2.27589e-07 0.864911 0.00279705 0.000548218 0.000162927 0.00583702 0.00132579 0.0032201 4.9369e-12 7.59988e-06 0.0406101 
0.0108712 0.00032432 0.00246011 0.0349884 0.0417051 0.00020802 0.00326694 7.14339e-08 0.373287 0.226599 0.117275 3.37937e-05 0.000609764 0.0238984 0.000141984 1.74662e-07 0.00251593 0.161815 
0.0433183 0.00863907 0.00109692 0.171719 0.161555 0.000122445 2.56405e-06 1.1584e-05 0.506807 0.00693295 0.000495157 0.000142573 0.000547666 0.0253612 0.00271266 1.30729e-12 2.14871e-05 0.0705154 
0.0369461 0.000491317 0.0922419 0.00564859 0.0442385 0.00159328 2.58117e-06 0.000152947 0.35753 0.000468368 0.040807 8.2689e-07 0.00645456 0.097723 0.125437 7.97782e-05 0.169522 0.020663 
0.0021221 0.026515 0.00166249 0.0393785 0.00758293 0.00025863 5.87195e-06 1.66119e-06 0.880078 0.00142625 0.00218168 0.000130255 0.00027624 0.00115102 0.00343954 1.36909e-12 4.07899e-05 0.0337492 
0.00504174 0.000106561 0.0210009 0.051627 0.0117686 1.27622e-07 0.00286816 5.25751e-08 0.616099 0.146102 0.0345516 4.21136e-07 0.000972411 0.0328401 1.99516e-08 0.00016969 5.56661e-05 0.0767955 
0.00776738 0.00868623 0.00928822 0.0690019 0.105134 0.00127625 0.0514489 1.79748e-05 0.574665 0.0130013 0.0346108 0.00520926 0.00433137 0.089481 0.00380656 3.1531e-05 0.00198944 0.0202523 
0.0159532 0.00406668 0.015402 0.0788498 0.268574 4.28057e-05 1.25907e-05 2.65061e-08 0.549705 0.0314075 0.00150282 1.37778e-05 3.54047e-05 0.0280263 9.13319e-06 1.27248e-11 9.06503e-08 0.00639851 
0.0329169 0.0081527 0.0594281 0.057514 0.0660674 0.00651914 0.00599758 2.4642e-06 0.411347 0.00619057 0.252167 0.00223959 0.0135253 0.0545378 0.0111134 1.24567e-05 0.00633108 0.00593772 
0.00488795 0.0107821 0.00375057 0.0186987 0.0196736 0.00377374 0.000125817 1.0142e-05 0.844731 0.00265455 0.0179504 0.000356472 0.0303039 0.0195767 0.000128323 2.45843e-08 0.000222835 0.0223727 
0.00770746 0.0304626 0.00664107 0.0332233 0.221014 0.00066962 0.0004662 5.42801e-06 0.392851 0.220017 0.0400754 6.88422e-05 0.000139565 0.00622045 0.000247607 2.68258e-08 6.67004e-05 0.0401237 
0.0021221 0.026515 0.00166249 0.0393785 0.00758293 0.00025863 5.87195e-06 1.66119e-06 0.880078 0.00142625 0.00218168 0.000130255 0.00027624 0.00115102 0.00343954 1.36909e-12 4.07899e-05 0.0337492 
0.0127016 0.000310495 0.000198917 0.260193 0.255441 3.87055e-09 8.02147e-06 3.70318e-06 0.435329 0.000377886 1.01831e-05 1.05289e-05 0.000341465 0.0299304 0.000161572 2.43528e-12 1.71895e-06 0.00498009 
0.0160161 0.00241645 0.0378584 0.137568 0.00972875 9.26807e-05 2.50382e-06 8.10672e-05 0.665734 0.00272406 0.0406922 0.000329014 0.000204704 0.0180367 0.0613889 1.12635e-09 0.00014796 0.00697884 
0.0265617 0.00652111 0.00932416 0.143937 0.189977 0.000385728 8.41081e-06 3.55305e-05 0.523258 0.0125651 0.00653946 0.000747662 0.000380923 0.0456195 0.0021243 1.82821e-06 5.43692e-05 0.0319583 
0.0443319 0.0407422 0.00607039 0.151912 0.0296277 1.37472e-05 2.02472e-05 2.28503e-05 0.439426 0.00185554 0.00365442 0.189128 4.70433e-05 0.0125419 0.0331025 1.1781e-08 4.15392e-05 0.0474624 
0.0135723 0.0160753 0.0539085 0.0416221 0.0232495 0.00193509 0.000221748 5.00907e-05 0.715916 0.00755605 0.0181447 0.00646709 0.00579627 0.0740819 8.65902e-05 3.03589e-05 6.88385e-05 0.0212179 
0.00118322 0.0125768 0.00544439 0.0441228 0.167292 5.99879e-05 0.000182106 8.54542e-05 0.592595 0.00445491 0.110433 2.02272e-07 0.00709489 0.0322571 5.68859e-07 1.56267e-10 3.47603e-07 0.0222169 
0.0224864 0.00580186 0.00112763 0.0548255 0.0566205 0.000279131 1.6514e-06 1.10732e-05 0.704002 0.000941309 0.00358562 5.4067e-05 0.000975081 0.0353921 0.107312 4.60042e-11 4.0651e-05 0.00654296 
0.0345516 0.00286431 0.000231089 0.27374 0.239581 0.00033697 2.71688e-05 1.93801e-06 0.416652 0.00109584 0.0007308 3.25173e-05 0.000299604 0.0140319 0.00189551 3.40076e-11 8.58153e-06 0.0139187 
0.0280313 0.000663196 0.138751 0.0202208 0.144373 0.000430074 0.00104606 5.11023e-06 0.453261 0.00354001 0.0377571 4.79598e-06 0.00798441 0.114718 0.000208978 1.57548e-09 0.00496755 0.0440364 
0.137358 0.0011873 0.0312266 0.0403299 0.207395 0.00204021 2.62455e-06 0.000336572 0.391657 0.0106291 0.000425102 4.35615e-05 0.00281582 0.141753 0.0133993 1.3345e-12 0.000538739 0.0188618 
0.00122492 0.000178229 0.000198599 0.067941 0.0134226 7.81338e-08 2.43175e-07 7.4977e-12 0.801114 6.82366e-08 0.0245055 0.000187355 0.00219134 0.00202546 0.0864668 8.05099e-12 0.000387413 0.000156245 
0.0309826 0.00227217 0.226634 0.121582 0.127048 0.00223289 6.33469e-05 3.33014e-05 0.325299 0.00518497 0.0986182 0.000414453 0.000231323 0.0316926 0.00279293 2.8843e-05 0.000121742 0.0247672 
0.0209509 0.000771958 0.00311702 0.02358 0.0212186 0.000428296 0.00148254 0.000181123 0.424831 0.019641 0.0855172 5.73105e-05 0.208836 0.147625 8.45909e-05 7.2394e-05 0.00419575 0.037409 
0.00917152 0.0107087 0.0178252 0.0839059 0.0281731 0.000219759 3.53507e-05 1.19023e-05 0.814372 0.0027055 0.00909708 0.00117689 0.000820586 0.00824928 0.00085492 1.13625e-11 2.62994e-05 0.0126458 
0.0673955 0.0105149 0.0184469 0.045944 0.307563 0.0766117 4.8768e-05 3.52959e-05 0.314946 0.0585724 0.0266785 0.000497698 0.00283819 0.0397612 0.00959153 0.000278187 0.000320064 0.0199567 
0.00216726 0.0672243 0.0152475 0.00382594 0.00348675 0.00557382 0.00288888 1.07403e-05 0.398499 0.00105643 0.022484 0.0001931 0.368472 0.0875133 3.57951e-05 1.9571e-09 0.0104683 0.0108529 
0.0386624 0.0100408 0.00358364 0.0209957 0.00677081 0.00297008 0.0074407 1.61226e-06 0.467977 0.00119837 0.0278279 0.000829467 0.263137 0.0938216 0.000147451 3.54787e-12 0.028606 0.0259889 
0.05995 0.0305422 0.0774575 0.102865 0.00735535 3.76005e-06 1.13382e-06 0.000105894 0.357841 0.0318318 0.109558 0.0139132 0.000173578 0.0695508 0.00517754 5.64436e-05 2.12969e-05 0.133595 
0.00725717 0.00595851 0.0163295 0.0598312 0.344646 0.000161342 6.2283e-06 1.38436e-05 0.439734 0.0146211 0.0405467 0.00178231 3.54402e-05 0.00662262 0.0101335 4.13362e-11 3.32593e-05 0.0522869 
0.164898 0.00168098 0.138597 0.0603996 0.0686846 0.00193591 0.000100248 6.51755e-05 0.35892 0.016223 0.0309681 0.00108014 0.0477219 0.100874 1.25614e-05 7.37104e-06 0.000286444 0.00754451 
0.00200741 0.00457123 0.0379941 0.0399591 0.014495 0.000509005 0.00445436 2.48514e-08 0.680697 0.000632609 0.0242208 2.22163e-05 0.0235506 0.0857639 0.0059387 5.59495e-12 0.00346673 0.0717168 
0.0178827 0.0160213 0.063421 0.124526 0.203315 0.000153958 0.000374825 6.72052e-05 0.420813 0.00811127 0.0360479 0.00173707 0.000366744 0.0707958 0.00367022 2.18816e-05 2.8133e-05 0.0326464 
0.0557786 0.00433419 0.0178673 0.00533062 0.00760321 0.318838 1.02908e-05 3.47489e-05 0.476624 0.001259 0.00916194 0.00239446 0.0359984 0.0583007 0.000109167 8.07502e-07 0.00061572 0.00573892 
0.0174474 0.0107599 0.0149068 0.0846208 0.163653 0.000100722 1.86062e-05 0.000470803 0.388027 0.0135154 0.0825355 0.00281554 0.0044358 0.117833 0.0445121 5.46859e-05 0.0014507 0.0528431 
0.0103974 0.00394915 0.0035102 0.0640533 0.0161017 9.47286e-05 0.00170142 6.21553e-06 0.817949 0.00848458 0.0129846 0.00316868 0.00391183 0.0189942 0.0231244 1.80113e-08 0.00209223 0.00947647 
0.0285474 0.00863014 0.0382691 0.0651455 0.209523 0.00799481 0.00514578 2.38865e-05 0.281284 0.0187513 0.240646 0.000308938 0.00444258 0.0620555 0.000520961 7.65698e-05 0.00689765 0.0217368 
0.0242337 0.0239277 0.0637068 0.120454 0.128538 0.00301057 3.90045e-07 4.11445e-07 0.22551 0.00196499 0.00373088 5.18067e-05 0.00466964 0.224986 9.45626e-05 2.14399e-07 2.3079e-05 0.175096 
0.0269396 0.0137926 0.0176 0.104627 0.127105 0.00262138 3.72301e-05 3.08921e-05 0.476519 0.00406931 0.0081312 0.0336093 0.0118897 0.11174 0.00511277 0.00136996 5.28885e-05 0.0547515 
0.0499654 0.0136672 0.0196565 0.0550725 0.150445 0.0638509 0.000424486 0.000379598 0.43956 0.0167449 0.0312571 0.00121108 0.00650099 0.0585519 0.00410685 0.000355336 0.00196088 0.0862893 
0.0127016 0.000310495 0.000198917 0.260193 0.255441 3.87055e-09 8.02147e-06 3.70318e-06 0.435329 0.000377886 1.01831e-05 1.05289e-05 0.000341465 0.0299304 0.000161572 2.43528e-12 1.71895e-06 0.00498009 
0.0203005 0.00603655 0.0290558 0.036227 0.0267119 0.00644561 9.58775e-06 2.91175e-05 0.767332 0.00196792 0.0144766 0.00180043 0.0038854 0.0758685 3.18868e-06 1.55274e-05 0.000104889 0.00972902 
0.0263613 0.017212 0.0182017 0.0712242 0.100094 0.0018647 0.0030435 6.46115e-05 0.295748 0.00864456 0.136665 0.00089197 0.0816814 0.183325 0.000286136 0.0034276 0.00931197 0.0419534 
0.328073 2.7133e-06 0.0700045 0.00978841 1.83759e-05 6.41984e-08 4.02573e-06 0.00265409 0.334918 0.193827 6.61709e-06 1.9089e-06 4.3295e-05 0.0588093 5.41e-08 1.12321e-07 1.27389e-05 0.00183529 
0.00543076 0.000641772 0.084435 0.0425011 0.268041 0.00228737 0.00829712 1.22027e-05 0.314434 0.0166219 0.0616012 0.00121232 0.00228625 0.170957 0.000176746 0.000135294 0.00751645 0.0134128 
0.00355802 0.00265413 0.0059686 0.0350735 0.0467762 2.56433e-05 3.09553e-09 2.11702e-06 0.876027 6.79128e-05 0.00295498 1.23304e-05 0.000207525 0.00320114 0.00134266 5.32867e-12 7.49195e-06 0.0221207 
0.00874387 0.000602192 0.00318663 0.024376 0.268992 0.00206008 3.57254e-09 2.46154e-05 0.646207 0.00459002 0.00131129 0.00615705 0.000156572 0.0188733 0.00873548 3.41314e-12 8.17999e-06 0.00597609 
0.00355802 0.00265413 0.0059686 0.0350735 0.0467762 2.56433e-05 3.09553e-09 2.11702e-06 0.876027 6.79128e-05 0.00295498 1.23304e-05 0.000207525 0.00320114 0.00134266 5.32867e-12 7.49195e-06 0.0221207 
0.133378 0.0177 0.00210811 0.0550814 0.264203 0.000496318 5.27279e-06 2.66033e-05 0.429196 0.00832941 0.0121879 0.000595617 2.05836e-05 0.0396774 0.0162298 0.000115159 1.44204e-05 0.0206351 
0.0369018 0.0871794 0.00872104 0.0314169 0.107869 0.0283316 0.000118666 0.000167805 0.235555 0.0563054 0.213741 0.000133116 0.013971 0.0825264 0.0140538 1.41657e-08 0.0027663 0.0802414 
0.0119252 0.0177194 0.0107776 0.0292351 0.0527034 0.00110862 0.000167664 1.11054e-06 0.820419 0.0073122 0.00290565 5.0063e-05 0.00559168 0.0225034 0.000646628 1.14351e-11 3.46882e-05 0.0168989 
0.0098325 0.0145175 0.0145242 0.049613 0.200171 0.000488233 4.45866e-05 2.33695e-05 0.605382 0.008038 0.0100835 0.000414911 0.000307102 0.0722744 0.00020454 0.000573436 9.51347e-05 0.0134126 
0.0410456 0.00223267 0.0272745 0.073392 0.0696314 0.000967939 0.000211962 8.92033e-06 0.473881 0.00469365 0.0786643 0.000268795 0.00562948 0.191985 0.000497581 6.34617e-06 0.000200159 0.0294089 
0.0063809 0.000139013 0.0395309 0.0476868 0.0703042 4.66033e-05 0.000655575 0.00016502 0.479267 0.0230777 0.0134509 0.00499091 0.00217408 0.304783 2.29505e-05 1.01625e-05 1.81687e-05 0.00729693 
0.0543705 2.50372e-05 0.0184934 0.0124519 0.0151181 0.000562561 7.66494e-06 0.000863841 0.642895 3.18477e-05 0.0005106 1.90163e-12 0.000459532 0.253647 0.000165224 2.34068e-12 0.000246654 0.000150617 
0.00669913 0.0284512 0.0335288 0.0163697 0.0181534 0.00265899 0.00281332 3.42613e-06 0.395587 0.00672128 0.0403564 0.00495102 0.354902 0.0571887 0.00105008 6.49485e-10 0.00808257 0.0224837 
0.00195797 0.00349211 0.00175409 0.0698294 0.0497482 0.000729119 3.25078e-05 2.48176e-06 0.827143 0.00257773 0.00253739 9.37036e-06 0.000903499 0.0287227 0.00382889 1.05123e-05 1.53513e-05 0.00670532 
0.0145117 0.0158289 0.0501568 0.065152 0.184799 0.00209348 0.000301692 0.000359507 0.323042 0.0427457 0.219668 0.00206591 0.000874156 0.0466762 0.00252449 2.31074e-05 0.000590862 0.0285868 
0.0170036 4.38783e-05 0.00126661 0.057919 0.0941724 0.000169679 9.35807e-09 1.04059e-05 0.773058 0.00366129 0.031851 9.07565e-11 3.9696e-05 0.0125042 0.000140311 0.000114469 7.38464e-05 0.00797162 
0.0573105 0.0390641 0.0806857 0.0127173 0.0503244 0.00225955 0.00018596 0.00065195 0.580615 0.00943347 0.118853 0.000169417 0.000139776 0.0409587 0.000196667 1.46771e-07 3.1815e-05 0.00640206 
0.00843867 0.0270034 0.15852 0.0838146 0.0847659 0.0015042 2.69158e-05 3.05316e-06 0.304327 0.0134644 0.221033 0.00224303 0.000173916 0.0529945 0.00764273 1.85114e-08 2.63008e-05 0.034018 
0.0307767 0.0009525 0.00128467 0.116518 0.0823165 0.000465146 0.0451018 5.92941e-08 0.567906 0.0223181 0.0213636 8.43979e-05 0.016963 0.0660783 0.0104455 2.84879e-06 0.000438734 0.0169836 
0.0427441 0.0342602 0.0106615 0.0100246 0.00819874 0.00685572 0.000143157 7.29009e-06 0.551973 0.00659103 0.109082 0.00208834 0.0381609 0.0714766 1.78212e-05 6.7022e-05 0.000232508 0.107416 
0.0119252 0.0177194 0.0107776 0.0292351 0.0527034 0.00110862 0.000167664 1.11054e-06 0.820419 0.0073122 0.00290565 5.0063e-05 0.00559168 0.0225034 0.000646628 1.14351e-11 3.46882e-05 0.0168989 
0.054304 0.0611128 0.00908811 0.120279 0.0172531 2.06004e-05 3.03316e-05 3.42327e-05 0.3745 0.00118278 0.000462197 0.22619 7.05395e-05 0.014565 0.0496526 6.21525e-09 6.22879e-05 0.0711933 
0.017608 0.0174915 0.0654915 0.138116 0.11453 0.00168417 0.00360001 8.94884e-05 0.437929 0.0183432 0.068144 0.00238632 0.00400702 0.0671754 0.00275275 0.000601278 0.00185828 0.0381925 
0.0021221 0.026515 0.00166249 0.0393785 0.00758293 0.00025863 5.87195e-06 1.66119e-06 0.880078 0.00142625 0.00218168 0.000130255 0.00027624 0.00115102 0.00343954 1.36909e-12 4.07899e-05 0.0337492 
0.16278 0.0574932 0.00177431 0.0496218 0.0310237 0.00176514 0.000115301 0.00084738 0.445309 0.00736268 0.00814447 0.00109338 0.0066484 0.125176 0.00027915 8.01837e-08 0.0323869 0.0681787 
0.000104517 0.000419836 0.00388549 0.195779 0.087878 1.60267e-05 9.2378e-06 1.83997e-07 0.506953 0.0910972 0.0150596 4.91944e-06 7.97563e-06 0.00124451 7.13066e-05 5.62173e-07 6.20991e-08 0.0974691 
0.0478269 0.000684574 0.0828852 0.0783912 0.225035 0.000155704 3.05384e-10 2.26668e-06 0.35238 0.0118595 0.0120007 4.69161e-09 0.00617829 0.0641679 6.13484e-06 2.95734e-10 2.40134e-05 0.118402 
0.0289368 0.000241783 0.0132865 0.178375 0.0386809 0.000954436 0.00169664 2.23346e-09 0.410335 0.0982637 0.199539 0.000593769 0.00826883 0.0111314 6.16129e-07 1.01843e-07 8.60721e-05 0.00960964 
3.23336e-05 5.68751e-05 0.000227689 0.00109872 0.00282287 0.00313807 0.000177605 9.7629e-07 0.526387 0.000189826 0.0138828 7.07539e-06 0.420196 0.0216704 2.25444e-05 1.84482e-09 0.000645662 0.00944322 
0.0147388 0.00346441 0.0192008 0.12728 0.177565 7.63014e-05 2.71414e-05 1.32423e-05 0.576078 0.0144925 0.015416 0.000855087 4.21388e-05 0.0313915 0.000223634 1.80162e-05 9.41538e-05 0.0190234 
0.00321505 0.0109667 0.0200092 0.193022 0.161478 8.35145e-05 0.00366116 1.0406e-06 0.438947 0.0144073 0.0312437 0.00777658 0.00013755 0.0695428 8.40837e-05 0.000114778 9.2409e-06 0.0453002 
0.044182 0.016945 0.0060405 0.127892 0.0766959 0.000118516 1.94522e-05 5.51882e-05 0.57007 0.00217004 0.00221469 0.0757766 0.000129091 0.0313377 0.0144757 5.77563e-09 4.03646e-05 0.0318375 
0.00997292 0.0111359 0.231273 0.0635879 0.0631339 0.00147265 0.00156513 0.00532253 0.394942 0.0191987 0.104293 0.00107085 0.00581968 0.0462879 0.00544434 0.00163737 0.00180812 0.0320339 
0.00815701 0.0176693 0.000638097 0.0481876 0.06269 0.000298346 1.10346e-05 1.4705e-06 0.811977 0.00271154 0.00193628 8.43039e-05 0.00025189 0.00497341 0.00380758 1.15833e-07 2.03994e-05 0.0365848 
0.021399 0.000747463 0.0196286 0.00607693 0.0907084 0.00024883 7.35719e-07 1.58158e-06 0.615627 0.0688378 0.174678 1.26605e-05 1.40435e-06 0.000889972 7.12538e-07 1.68554e-06 1.67763e-05 0.00112236 
0.00699151 4.42293e-05 0.0106619 0.174592 0.0316484 1.42009e-05 1.16816e-08 1.70619e-08 0.287729 0.11701 0.267567 0.000128314 4.09117e-05 0.0523061 0.0017397 5.27924e-07 0.000104472 0.0494216 
0.0208409 0.0123681 0.0579863 0.0382764 0.0395243 0.00195729 9.77049e-05 0.00013482 0.566553 0.00146794 0.035339 0.0046742 0.00335866 0.185109 0.0116797 0.00314518 0.000237638 0.0172502 
0.00335912 0.00576599 0.00485546 0.0204571 0.0058427 0.00196991 0.00134234 1.11554e-06 0.497208 0.00181337 0.0987198 7.10267e-05 0.273647 0.0394614 0.000101253 2.06419e-11 0.00465832 0.0407261 
0.0202655 0.00318252 0.018818 0.122635 0.0486146 0.00085943 4.0848e-05 0.000135865 0.497173 0.0466348 0.018221 0.000934717 0.044939 0.149258 0.000124137 0.00219827 0.000421889 0.025544 
0.035734 0.0114205 0.0279823 0.0810435 0.184132 0.00136455 0.00106457 9.21216e-05 0.423681 0.0187551 0.084525 0.00419158 0.0101468 0.0738279 0.0125701 0.000282392 0.00320991 0.0259768 
1.11052e-06 1.1105e-06 0.0131044 0.0752971 0.272211 1.10974e-06 0.00410424 1.10913e-06 0.547537 1.11039e-06 0.0689663 1.10933e-06 0.00377544 0.0138833 1.10989e-06 1.10901e-06 0.0011115 1.11059e-06 
0.044182 0.016945 0.0060405 0.127892 0.0766959 0.000118516 1.94522e-05 5.51882e-05 0.57007 0.00217004 0.00221469 0.0757766 0.000129091 0.0313377 0.0144757 5.77563e-09 4.03646e-05 0.0318375 
0.000554298 0.000156814 0.000372204 0.0405999 0.0599445 0.000114199 0.000122011 3.89429e-09 0.867579 0.00190438 0.00476735 3.60195e-05 0.000334702 0.00591259 0.0156702 5.69858e-06 1.32858e-05 0.00191284 
0.00996336 2.96442e-05 0.00794572 0.0476252 0.315792 3.05897e-08 2.49708e-05 1.24727e-08 0.415663 0.03299 0.120545 0.00428984 1.31994e-07 0.011921 3.77626e-05 1.17551e-11 3.68876e-06 0.0331675 
0.00885133 0.00715398 0.00141904 0.0553335 0.0953803 0.000402688 0.00152749 1.01862e-05 0.712226 0.0626858 0.0110761 1.83546e-05 0.00155526 0.0243551 0.001957 7.55437e-08 3.92275e-05 0.0160081 
0.0135416 0.0114324 0.0845498 0.132556 0.100203 6.56761e-05 0.0103799 0.000145437 0.43075 0.0387835 0.0439334 0.000491197 0.00174788 0.0331075 0.000866433 1.02684e-06 4.52677e-05 0.0974005 
0.000358851 0.0145276 0.0752593 0.0158915 0.00120187 0.000545664 4.03194e-05 8.53459e-07 0.501084 0.0040164 0.0711056 0.00261467 0.000277896 0.01264 0.295295 3.89011e-06 1.21751e-05 0.00512469 
0.00135492 0.00255193 0.00434107 0.0107378 0.00795923 0.109823 8.23838e-06 4.31417e-05 0.401423 0.0105183 0.0555235 0.000179996 0.0784682 0.0141754 0.0921671 2.83584e-07 0.000653589 0.210071 
0.000306467 0.000460358 0.00247757 0.0508347 0.0249613 0.00106506 0.0146263 8.63752e-09 0.679508 0.0639191 0.0991041 0.000113719 0.00340852 0.0226155 0.000299913 3.63981e-08 0.0176383 0.0186613 
0.00200131 0.00466039 0.0034782 0.00521371 0.000972733 0.0021172 0.00118668 5.15513e-07 0.493474 0.000375383 0.0179233 7.83088e-05 0.420089 0.0225923 0.000199186 5.60325e-06 0.0124983 0.0131339 
0.0151107 0.000762134 0.0512408 0.0114096 0.0298273 0.000130573 3.83875e-05 0.000150262 0.688367 0.00210202 0.0119166 0.000662391 0.00423907 0.182546 2.87977e-06 7.07765e-06 9.14291e-06 0.00147755 
0.00217834 0.00402748 0.0139633 0.134269 8.76382e-08 3.54754e-06 9.85633e-10 8.88891e-10 0.497999 0.00245735 0.0731242 0.216704 0.0344248 1.48635e-06 0.00092335 9.54487e-10 2.75079e-05 0.0198968 
0.0144664 0.0524967 0.00156206 0.0285409 0.151154 0.00743073 8.56312e-05 1.18445e-05 0.397823 0.0196414 0.0151031 0.000348915 0.0764886 0.142278 0.009635 2.64495e-05 0.0321898 0.0507175 
0.0125534 0.000477213 0.042041 0.230207 0.145856 0.000354752 0.00384463 1.43148e-06 0.240596 0.0237408 0.0729559 2.29149e-07 0.0492175 0.133681 6.45476e-06 2.83484e-08 4.40886e-05 0.0444229 
0.0539796 0.0110937 0.0189096 0.198128 0.0420099 0.00474726 0.00163882 0.00103739 0.321431 0.0233541 0.124927 2.77653e-05 0.00069299 0.16884 0.000322658 3.19756e-08 0.000187685 0.0286735 
0.17693 0.0519656 0.00359728 0.139492 0.147899 0.00480937 2.13295e-05 6.31801e-07 0.351182 0.00558781 0.0078527 0.000261118 0.00671813 0.0342172 0.00119508 2.4112e-05 0.00022268 0.068023 
0.000643033 0.000196652 0.00183171 0.00887997 0.00523995 0.000821248 5.73903e-05 1.05208e-07 0.659673 0.000276128 0.165547 6.66575e-05 0.0982462 0.033399 0.000133947 5.09139e-12 0.000851001 0.0241368 
0.0334442 0.0241801 0.00837601 0.0991557 0.0187462 0.000160637 0.0453368 1.10297e-07 0.582702 0.00847164 0.0433927 0.000112995 0.0146797 0.0717505 0.00750191 0.000185917 0.00390629 0.0378969 
0.0378697 0.202287 0.00445402 0.06169 0.157681 0.00375466 4.56245e-08 0.01162 0.23116 0.00554634 0.0107427 0.00501113 0.00619136 0.0723853 0.000106684 1.37617e-08 0.000981367 0.188519 
0.008886 0.0571767 0.00995071 0.0775491 0.0400702 0.000435173 0.000236735 0.000213213 0.380118 0.00130611 0.0382912 6.42938e-06 0.009752 0.214639 0.0882515 5.38222e-11 0.00161384 0.0715041 
0.00175319 0.00015994 0.00349521 0.13217 0.14623 0.00041801 3.04024e-05 1.79292e-05 0.485578 0.0144034 0.0721902 4.07799e-05 2.95624e-05 0.0567224 8.34208e-06 9.53845e-06 0.0830862 0.00365824 
0.0115317 0.000131154 0.00335187 0.214628 0.099924 3.24651e-05 5.46011e-05 1.18504e-05 0.404021 0.00491512 0.208082 0.000500848 0.000106489 0.0437175 3.81543e-05 7.44156e-08 7.17017e-06 0.00894629 
0.0057744 0.0247179 0.0487042 0.144757 0.0115008 8.20538e-05 0.000269331 4.74048e-06 0.669921 0.00256508 0.0146112 0.00052035 0.00289558 0.0421058 0.00566262 2.70584e-12 0.0037305 0.0221778 
0.00791971 0.0282589 0.0197481 0.0689037 0.0988612 0.000175435 3.56947e-05 1.84354e-06 0.707327 0.00141076 0.0257897 0.000151606 0.00336709 0.0169714 0.00358653 1.19422e-05 0.000112197 0.0173677 
0.0418143 0.00131994 0.0108301 0.032838 0.06973 0.00297925 1.74508e-05 3.17063e-05 0.744614 0.00312581 0.016683 0.000107908 0.000850824 0.0597974 0.000101176 0.000260329 5.82417e-05 0.0148409 
0.00186957 0.000334248 0.0154096 0.025855 0.0101912 0.00175957 6.8259e-05 4.63227e-07 0.758554 0.00497049 0.107822 0.000110555 0.0360376 0.0244821 0.000214681 9.58417e-09 0.000212837 0.0121086 
0.044182 0.016945 0.0060405 0.127892 0.0766959 0.000118516 1.94522e-05 5.51882e-05 0.57007 0.00217004 0.00221469 0.0757766 0.000129091 0.0313377 0.0144757 5.77563e-09 4.03646e-05 0.0318375 
7.19234e-05 3.67522e-07 0.00209745 0.0378194 0.0647527 0.00012478 7.39951e-09 8.19059e-06 0.889597 0.000732154 0.000480836 1.29113e-05 1.87624e-06 0.00272713 0.000762184 4.99811e-06 3.7489e-07 0.000805388 
0.0249924 0.0181674 0.000525015 0.238267 0.0503138 0.00142127 0.00103844 7.25639e-09 0.389558 0.00574701 0.0940201 0.00119104 0.00197389 0.0561354 0.0012064 3.91294e-07 0.000174012 0.115269 
0.000980802 0.000672404 0.000206866 0.142145 0.030479 0.00044188 0.00656874 8.2069e-07 0.606339 0.0651397 0.0737561 0.0007494 0.00171045 0.00984692 0.027944 2.42932e-10 0.0207247 0.0122938 
0.00174413 0.00231912 0.00362281 0.0112908 0.0414353 0.000414148 0.00157767 1.27145e-05 0.419084 0.029254 0.183785 0.00014365 0.044359 0.113346 0.0477368 1.36512e-08 0.0192457 0.0806288 
0.0155556 9.48257e-05 0.0245663 0.00956661 0.0471267 0.00126411 2.17183e-06 1.16001e-06 0.451501 0.0024364 0.33706 0.000869545 0.0123015 0.0806782 0.000307782 2.1579e-06 8.0404e-05 0.0165851 
0.0305094 0.0153596 0.0720541 0.0287147 0.128052 0.000838524 0.000576441 8.66172e-05 0.568677 0.00268327 0.0136522 0.00190569 0.00157112 0.113805 0.00287672 2.98411e-12 0.00149164 0.017146 
0.00461959 5.41067e-05 0.349723 0.0218886 0.0235479 0.00161613 0.000110651 1.7851e-05 0.413768 0.0187531 0.0418614 1.17604e-06 0.00476885 0.0409007 0.000412638 3.22279e-06 2.87816e-05 0.0779239 
0.000197105 0.000304537 0.269463 0.0950531 0.00251241 0.0088163 0.000204601 3.50858e-09 0.429004 1.79095e-06 0.137661 0.0144722 6.63447e-08 0.0248559 0.00109788 0.00010238 7.46999e-06 0.0162471 
0.0805881 0.000309085 0.0348578 0.00219068 0.0623297 0.0103572 1.43083e-11 0.000100826 0.721928 5.13413e-08 0.0185019 0.000674923 1.30536e-07 0.0667649 7.54216e-08 1.92614e-07 5.3219e-05 0.0013435 
0.0347229 0.00934395 0.0446627 0.16056 0.0940364 4.08949e-05 8.62087e-05 0.000326906 0.48781 0.00450807 0.0188724 0.000331458 0.00137493 0.121792 0.000122616 1.91733e-11 0.000332988 0.0210753 
0.00237681 0.00287967 0.0972134 0.127323 0.0107683 0.000233264 5.57908e-06 7.0661e-06 0.659405 0.00329258 0.0678184 0.000795412 0.000454563 0.00842765 0.000263585 2.34214e-06 7.02331e-05 0.0186633 
0.0440784 0.00849851 0.0866591 0.158585 0.151798 0.000438341 8.20226e-06 0.0018156 0.251591 0.15078 0.0057923 0.00707531 0.000542883 0.0287885 0.045096 3.22774e-07 8.42674e-05 0.0583684 
0.0133643 0.0017082 0.245859 0.00621759 0.08104 0.00128001 3.41074e-05 5.38778e-06 0.49339 0.0546712 0.0227018 2.93405e-05 1.83292e-05 0.0578887 1.44575e-05 1.69217e-08 0.0126534 0.00912479 
0.0558247 0.00615312 0.00347122 0.101922 0.109561 0.000979612 5.29408e-05 2.45855e-06 0.58304 0.00257585 0.0236327 0.026433 0.000862972 0.0372867 0.0226601 0.000237904 0.000477679 0.0248258 
0.00117089 0.00402962 0.00173543 0.0233662 0.00688152 0.000255918 5.76456e-06 2.62343e-07 0.949488 0.000339602 0.00391178 2.62637e-06 6.29037e-05 0.00554661 0.000107098 2.08539e-12 2.18424e-05 0.00307362 
0.00840573 0.0242743 0.0241069 0.112904 0.259289 0.00218212 6.36112e-05 2.86901e-08 0.445285 0.00516033 0.0560905 0.00833756 0.00122143 0.0415423 7.12324e-05 3.06898e-05 0.000117929 0.0109172 
0.00409915 0.0143299 0.00565311 0.0134498 0.0155563 0.00150112 0.000249969 6.5911e-07 0.907082 0.00185926 0.00259283 5.82247e-05 0.00945954 0.00652839 0.00111637 7.46769e-12 1.6344e-05 0.0164474 
0.00488555 0.000309552 0.00461452 0.0463966 0.236878 0.000301486 2.5073e-05 1.37712e-06 0.639156 0.00415598 0.00471043 5.82869e-06 0.00155251 0.0332358 0.00347264 2.03412e-07 2.60994e-05 0.0202725 
0.00834249 0.0115114 0.0105218 0.0321645 0.0839481 0.000628036 0.0299969 4.09169e-06 0.378473 0.0147687 0.0231686 0.000555054 0.00457418 0.349661 0.000469995 0.000798469 0.00144213 0.0489715 
0.0018513 0.00180778 0.00232238 0.00954901 0.0030022 0.00460603 0.000320386 3.56494e-07 0.684981 0.0012465 0.0191177 0.00013166 0.235579 0.0133301 0.000319145 6.72388e-13 0.00105359 0.0207815 
3.23336e-05 5.68751e-05 0.000227689 0.00109872 0.00282287 0.00313807 0.000177605 9.7629e-07 0.526387 0.000189826 0.0138828 7.07539e-06 0.420196 0.0216704 2.25444e-05 1.84482e-09 0.000645662 0.00944322 
0.00522258 0.00587327 0.0554778 0.324016 0.152284 0.000460254 0.00181167 0.000133063 0.36305 0.0096536 0.0171155 0.00198056 0.000428398 0.0458447 0.000206616 3.13991e-05 2.42151e-05 0.0163866 
0.121718 0.0091909 0.0130739 0.0640434 0.0784388 0.00350663 0.000995553 4.20677e-05 0.451295 0.00710088 0.022609 0.00112306 0.0187137 0.145683 6.63426e-05 0.000231492 0.00219631 0.0599711 
0.00977118 0.00992695 0.0129507 0.0623904 0.145408 0.000250008 0.00767875 1.09376e-05 0.551543 0.0222568 0.116064 0.000110509 0.00090918 0.02421 0.000690476 0.000795838 2.50789e-05 0.0350075 
0.0062076 0.0244543 0.0650749 0.0324509 0.221622 0.000326102 1.87163e-05 1.86271e-05 0.541629 0.00139882 0.0103318 0.000149728 0.000389452 0.0822272 0.00309762 9.28174e-05 3.75528e-05 0.010473 
0.248983 0.00731093 0.014959 0.157403 0.0887698 0.00184959 0.000814854 3.14117e-05 0.299212 0.00761933 0.025108 0.00658389 0.0293828 0.077936 0.00387055 0.00052936 0.00176774 0.0278682 
0.111846 0.00373651 0.0629334 0.0200566 0.0679025 0.00131498 7.1823e-05 8.64144e-06 0.619879 0.00246041 0.0317834 0.000166185 0.0129325 0.0512897 0.000402518 1.18752e-08 0.000226323 0.0129897 
0.0228223 0.00790812 0.0273501 0.0607334 0.141789 0.0045485 0.000126842 9.71727e-06 0.544748 0.0280846 0.0366635 0.0204992 0.00656049 0.0751992 8.83186e-05 0.00012247 6.05066e-05 0.0226856 
0.00499256 0.000531573 0.00218458 0.105539 0.0988972 1.32185e-05 0.000668199 5.28629e-07 0.735685 0.0120396 0.0250603 0.000848115 6.74853e-06 0.0117388 0.000523872 4.09448e-06 3.9771e-06 0.00126184 
0.021135 0.0173796 0.0208874 0.0308238 0.114093 0.00155851 0.000341898 0.000114433 0.272111 0.0084608 0.0539053 0.000311714 0.130202 0.208899 0.000304037 3.48247e-05 0.0925197 0.0269175 
0.00965984 0.0194355 0.0399083 0.0204462 0.113682 0.0126674 0.000595149 2.7874e-05 0.414034 0.0550965 0.24395 0.0368371 0.000462701 0.0241265 5.8639e-05 0.000198531 0.0027691 0.00604443 
0.0192084 0.0147807 0.0159793 0.183397 0.127027 0.0021369 5.09126e-05 0.000464742 0.280083 0.0128254 0.210346 0.000878898 0.00130375 0.0461887 0.0118727 7.71041e-07 0.0309883 0.0424681 
0.0526019 0.0200432 0.00423146 0.0468572 0.129908 0.0014443 0.00668658 4.71423e-05 0.555991 0.0162793 0.0636309 0.000561596 0.0254832 0.0305254 0.00732524 0.000165311 0.0213092 0.0169089 
0.0570384 0.100033 0.0101795 0.0800696 0.0519716 0.0903874 3.64733e-06 1.6662e-06 0.273898 0.00273311 0.0156994 0.00104692 0.0394868 0.0258875 0.00959827 9.84879e-12 0.000282723 0.241683 
0.00131038 0.0362562 0.0853408 0.0683931 0.0784175 0.000377459 0.00432732 2.66035e-07 0.554044 0.0268444 0.0772449 0.000394349 0.000312966 0.0154143 0.00199201 1.64342e-08 6.96325e-06 0.0493227 
0.0103461 0.00601726 0.0130972 0.012542 0.0706513 0.00278036 0.000480856 1.62599e-05 0.366929 0.00249613 0.0691066 0.000695796 0.185997 0.233944 0.00187117 4.35749e-06 0.00536781 0.0176564 
0.0021221 0.026515 0.00166249 0.0393785 0.00758293 0.00025863 5.87195e-06 1.66119e-06 0.880078 0.00142625 0.00218168 0.000130255 0.00027624 0.00115102 0.00343954 1.36909e-12 4.07899e-05 0.0337492 
0.0119252 0.0177194 0.0107776 0.0292351 0.0527034 0.00110862 0.000167664 1.11054e-06 0.820419 0.0073122 0.00290565 5.0063e-05 0.00559168 0.0225034 0.000646628 1.14351e-11 3.46882e-05 0.0168989 
0.00409915 0.0143299 0.00565311 0.0134498 0.0155563 0.00150112 0.000249969 6.5911e-07 0.907082 0.00185926 0.00259283 5.82247e-05 0.00945954 0.00652839 0.00111637 7.46769e-12 1.6344e-05 0.0164474 
0.181928 0.00791347 0.0118697 0.034957 0.0600753 0.000626013 0.00142282 0.000286872 0.37688 0.000909175 0.0113441 0.00133301 0.0601525 0.202334 0.0138069 4.98412e-11 0.00456305 0.029598 
0.00456095 0.00213785 0.00666106 0.0747918 0.330953 0.000116494 0.000744013 9.92567e-06 0.344462 0.0394109 0.124975 0.00316117 6.71747e-07 0.0233637 9.58375e-05 6.43959e-12 0.00180451 0.0427505 
0.044182 0.016945 0.0060405 0.127892 0.0766959 0.000118516 1.94522e-05 5.51882e-05 0.57007 0.00217004 0.00221469 0.0757766 0.000129091 0.0313377 0.0144757 5.77563e-09 4.03646e-05 0.0318375 
0.00562472 0.0106038 0.124211 0.0693878 0.193314 0.000482302 9.20876e-05 1.89476e-06 0.406593 0.00222412 0.0460971 0.0179775 0.00330091 0.112278 2.38685e-05 6.02544e-06 6.26937e-05 0.0077194 
0.0021221 0.026515 0.00166249 0.0393785 0.00758293 0.00025863 5.87195e-06 1.66119e-06 0.880078 0.00142625 0.00218168 0.000130255 0.00027624 0.00115102 0.00343954 1.36909e-12 4.07899e-05 0.0337492 
0.0164652 0.00583715 0.0235646 0.106848 0.133099 0.00224111 0.000315668 7.93195e-06 0.582169 0.0232808 0.0140235 0.000645386 0.00227686 0.0373654 0.00326303 0.000197476 2.46602e-05 0.0483752 
0.0210311 0.00310125 0.011288 0.0716039 0.117805 0.00106148 0.139794 2.41187e-06 0.485469 0.0238468 0.0495086 0.00449197 0.00044505 0.0205421 0.000782765 2.9367e-06 1.14967e-05 0.0492121 
0.0119252 0.0177194 0.0107776 0.0292351 0.0527034 0.00110862 0.000167664 1.11054e-06 0.820419 0.0073122 0.00290565 5.0063e-05 0.00559168 0.0225034 0.000646628 1.14351e-11 3.46882e-05 0.0168989 
0.0226407 0.00919879 0.0864197 0.0448396 0.0965717 0.00144466 0.00024123 2.3231e-07 0.465891 0.0773444 0.0883225 0.000112277 0.000751134 0.062017 2.90749e-05 8.36677e-12 7.79688e-05 0.0440983 
0.00456095 0.00213785 0.00666106 0.0747918 0.330953 0.000116494 0.000744013 9.92567e-06 0.344462 0.0394109 0.124975 0.00316117 6.71747e-07 0.0233637 9.58375e-05 6.43959e-12 0.00180451 0.0427505 
0.00652408 0.00695218 0.0212564 0.0498144 0.0247731 0.000914801 1.19189e-06 1.19236e-05 0.794797 0.00352506 0.0412301 0.000127508 0.00138931 0.0193472 8.01819e-05 6.93445e-10 0.000108817 0.0291462 
0.00215099 0.00486628 0.0655034 0.014988 0.117999 0.00140478 0.00165691 1.06217e-06 0.573424 0.00953833 0.0664341 0.000490159 0.0855185 0.034123 0.000166032 5.4665e-05 0.000855685 0.0208252 
0.0477116 0.00427226 0.00290237 0.0372916 0.341463 0.000352264 7.77459e-05 5.18055e-06 0.389397 0.015628 0.0121263 0.00124964 0.000747382 0.128684 0.00209541 1.03709e-05 4.61992e-05 0.0159389 
0.0341549 0.0143723 0.101782 0.15145 0.148001 0.0018607 0.00248522 0.000223254 0.277204 0.0231734 0.116416 0.0159078 0.00419468 0.060191 0.00113335 0.00214757 0.00167581 0.0436277 
9.46516e-07 0.000355088 0.0253779 0.070452 0.0403158 2.04844e-08 0.000402848 2.24433e-07 0.436373 0.0315836 0.295742 0.00461693 5.23763e-07 0.0933994 2.49261e-07 1.60092e-10 1.13377e-07 0.0013797 
0.0599525 0.00282916 0.00086784 0.0162894 0.143129 0.000273008 9.67972e-05 0.000571593 0.512505 0.227717 0.00549471 5.2579e-06 5.513e-06 0.020336 0.00534085 2.72878e-09 1.69941e-05 0.00456984 
0.0328668 0.00510535 0.0402676 0.0670243 0.158949 0.00301191 0.0128318 1.60606e-05 0.359124 0.0438772 0.0264201 0.000291402 0.0244923 0.177137 0.000209118 4.39023e-06 0.00478443 0.0435871 
0.00304885 0.0644221 0.0221554 0.0176628 0.00876831 0.0048396 0.000217144 8.42743e-06 0.605224 0.0132981 0.0265391 0.00106155 0.16552 0.0280206 0.000263379 1.44293e-08 0.000419964 0.0385309 
0.0226837 0.00358199 0.116749 0.0315567 0.00264424 0.000415223 0.00428267 8.28625e-06 0.330304 0.00254238 0.0625917 0.25366 0.000703418 0.0831311 0.000221386 1.21277e-09 0.00723291 0.0776915 
0.00324616 0.0833201 0.0291102 0.0203531 0.00958137 0.00494089 0.000165095 1.24566e-05 0.591226 0.0176761 0.0290051 0.00150728 0.133797 0.0308704 0.000221732 1.44662e-09 0.000263069 0.0447033 
0.0199507 0.0128219 0.0660458 0.0130171 0.111606 0.0026121 3.40271e-05 0.000217205 0.649509 0.00314895 0.0111927 0.000265898 0.00149435 0.0991164 0.000656976 0.000996853 5.22489e-05 0.00726176 
0.00382765 0.017074 0.225536 0.0841985 0.144316 0.00194239 0.00367404 2.88661e-05 0.38469 0.00555631 0.0475534 0.000494614 0.000375154 0.0651797 0.00020353 8.75093e-05 1.13216e-05 0.0152502 
0.0195865 0.00356983 0.0351391 0.082713 0.083544 0.00230195 1.3758e-05 1.41202e-06 0.609403 0.00236173 0.139463 0.000103876 0.00017825 0.0167649 0.000366331 5.0506e-12 3.69921e-05 0.00445196 
0.0597718 0.00774226 0.0280695 0.0272917 0.118299 0.00117808 0.000632131 0.000125746 0.282417 0.0314758 0.134413 0.0240001 0.123195 0.131786 0.000915298 1.36177e-06 0.00432243 0.0243634 
0.00248453 0.000150377 0.0202333 0.143185 0.0104125 0.000263696 0.00331111 1.9575e-06 0.637362 0.032671 0.0262603 0.000197709 0.0577682 0.0503268 0.000397548 8.36645e-08 0.000657304 0.0143164 
0.177141 7.61125e-05 0.0450849 0.159007 0.184485 0.00306774 8.42687e-11 8.40673e-09 0.235853 0.00776513 0.167955 1.31241e-07 5.55313e-08 0.013153 0.000287636 8.16058e-11 7.95373e-06 0.00611541 
0.0118001 0.00638211 0.02611 0.0699816 0.236025 0.00588909 1.86639e-05 6.04342e-06 0.315949 0.00585518 0.0105744 0.0007207 0.0293094 0.214096 8.08555e-05 0.0109352 3.5738e-05 0.0562316 
0.0021221 0.026515 0.00166249 0.0393785 0.00758293 0.00025863 5.87195e-06 1.66119e-06 0.880078 0.00142625 0.00218168 0.000130255 0.00027624 0.00115102 0.00343954 1.36909e-12 4.07899e-05 0.0337492 
0.00283903 0.0209798 0.0209723 0.0763807 0.00693006 0.000561739 0.00304233 2.41969e-08 0.657237 0.00150203 0.0278854 1.81221e-05 0.0795291 0.0433417 0.00307574 1.82313e-11 0.00897751 0.0467275 
0.0088638 0.00611197 0.00398936 0.0153761 0.0501833 0.00610733 9.54271e-05 5.23922e-05 0.83006 0.00530151 0.0224884 0.000629355 0.00134631 0.0266852 6.0015e-06 6.26714e-08 3.8881e-05 0.0226651 
0.0289069 0.00635648 0.0181588 0.256657 0.145994 0.00403747 0.000153039 3.01962e-05 0.356784 0.0209604 0.0712906 0.00124153 0.0019265 0.046394 0.00435356 0.00234919 0.00121141 0.0331953 
0.00797041 0.000116501 0.0932339 0.0105698 0.00734077 0.000435162 2.9631e-06 1.4666e-05 0.771399 0.000175763 0.00315691 1.50526e-07 0.00333788 0.101615 7.38409e-10 2.61616e-09 3.04634e-05 0.000600054 
0.0798063 0.00426228 0.00425371 0.0501129 0.0765005 0.00104674 2.39179e-05 2.1857e-05 0.600737 0.00655459 0.018381 0.000410026 0.000518167 0.062152 0.0392846 2.66575e-06 0.000243361 0.055688 
0.0159532 0.00406668 0.015402 0.0788498 0.268574 4.28057e-05 1.25907e-05 2.65061e-08 0.549705 0.0314075 0.00150282 1.37778e-05 3.54047e-05 0.0280263 9.13319e-06 1.27248e-11 9.06503e-08 0.00639851 
0.066669 0.00267626 0.00186173 0.112235 0.224644 0.0429312 0.00596554 4.40912e-06 0.268653 0.13861 0.0190399 0.00337749 0.000728653 0.0287086 0.0115301 0.000710319 4.5687e-06 0.0716504 
0.0815467 0.000191935 0.00069709 0.00225668 0.0013694 0.0281963 2.02994e-05 1.25254e-06 0.700042 0.000757468 0.0126278 0.00080967 0.119938 0.0426215 0.000214583 1.72934e-09 0.00060203 0.0081071 
0.0246408 0.00364151 0.0212286 0.161802 0.274117 0.000444455 3.69966e-05 2.49151e-05 0.447013 0.0134806 0.0150346 0.000145457 6.52632e-06 0.02447 0.000131851 6.71662e-06 2.27129e-05 0.0137528 
0.024802 0.0362968 0.00879827 0.0438059 0.259995 0.000229063 0.000885649 7.22672e-05 0.510454 0.0015565 0.00405564 2.64654e-05 0.000122881 0.0717761 0.0190318 5.50698e-05 4.25245e-05 0.0179941 
0.022199 0.00458547 0.0971481 0.0590095 0.10883 0.00137245 6.17437e-06 5.01979e-05 0.516883 0.0107005 0.0460551 0.00481805 0.00196989 0.0525243 0.000111111 0.000194378 0.0302369 0.0433057 
0.0875241 0.00132244 0.00380641 0.002757 0.106515 0.0022822 7.14242e-13 0.00226362 0.627068 7.58774e-08 0.00079568 0.000126849 0.000469168 0.155689 0.00852223 6.91672e-13 0.000188075 0.000670638 
0.0073968 0.108545 0.0430855 0.0606969 0.0495345 0.000433341 0.00393116 1.70837e-05 0.260233 0.00144455 0.138002 0.00013497 0.0432349 0.253952 0.000237889 1.45227e-10 0.00916734 0.0199541 
0.00305051 0.00269307 0.00606862 0.0352621 0.017416 0.000121936 5.923e-06 1.4194e-06 0.911892 0.000574988 0.0127644 6.33529e-05 2.99813e-05 0.00651595 5.10402e-05 1.20533e-11 5.27074e-05 0.00343602 
