0.0155343 0.000138304 2.65835e-07 0.0110806 0.00463467 0.000154371 5.43184e-11 8.62083e-09 0.0135973 0.908719 0.00740526 8.90177e-06 6.8457e-08 5.92221e-05 7.10547e-05 5.26019e-11 1.11705e-08 0.038597 
0.00085279 2.39035e-05 0.00852688 0.117997 0.107856 0.00888761 3.29982e-05 3.18043e-05 0.275061 0.399753 0.0454941 5.05777e-05 0.00583482 0.0118436 0.00119207 0.000586499 0.000143361 0.0158313 
0.0241977 0.00284153 0.0150232 0.0775244 0.0567186 0.00198567 0.00158559 1.65482e-05 0.147387 0.293426 0.257943 0.00273849 0.0118858 0.0715213 0.00186668 7.81897e-05 0.0111099 0.0221498 
0.0204218 0.000292848 0.00432003 0.00783425 0.0214968 9.02692e-05 2.47589e-05 5.75655e-06 0.0125959 0.676343 0.00749136 5.35682e-05 0.00315975 0.00378626 0.0297958 5.62337e-07 1.17417e-05 0.212276 
0.0222186 0.295959 1.31141e-05 0.00450956 0.042605 1.28966e-05 0.000298799 4.57991e-07 0.0282226 0.34297 0.0163778 1.26125e-06 0.000231114 0.000207623 0.0143003 0.0244869 1.26099e-07 0.207585 
0.0371098 0.0468935 0.00618062 0.0612545 0.0369369 0.000218454 2.20192e-05 2.43839e-05 0.0806246 0.453438 0.0294453 0.00296106 0.0064103 0.0725801 0.000902686 5.00857e-10 0.000166339 0.164832 
6.98677e-07 0.12597 0.0157898 0.0478617 0.0586939 6.98185e-07 6.97694e-07 6.978e-07 0.087902 0.387651 0.0135554 6.97927e-07 0.00509908 6.98709e-07 0.0105447 7.04704e-05 6.98592e-07 0.246857 
0.0137916 0.00010224 1.78875e-06 0.083583 0.00360971 3.53237e-07 1.1911e-07 1.41554e-07 0.0291939 0.841685 0.00803949 6.72257e-07 0.00151794 0.00941928 7.2179e-11 1.49856e-10 1.4907e-05 0.00904003 
0.0140798 0.0366312 9.93173e-07 0.00655972 0.0445637 4.06645e-06 1.83857e-06 1.96858e-06 0.00359421 0.531375 0.0809685 5.82526e-06 1.78578e-06 0.0104766 1.16096e-09 3.8453e-05 6.01141e-07 0.271696 
0.328456 0.000961464 0.0278014 0.052291 0.0441425 4.41004e-05 0.00997001 5.29522e-07 0.00846785 0.48276 0.00298799 0.000312049 0.00250226 0.00738171 1.11936e-05 4.57642e-06 1.16708e-05 0.0318938 
0.0174241 0.000267197 0.0003261 0.00550285 0.0154031 0.000141047 0.0184085 3.94947e-06 0.0817101 0.323287 0.0100555 1.8462e-05 0.176852 0.0355795 0.0807359 2.26805e-08 0.221267 0.013017 
0.0184116 4.07904e-05 0.00600773 0.0330784 0.0366246 0.00426076 0.000545757 0.000929448 0.18336 0.427485 0.0621449 0.0170229 0.00372447 0.00506711 0.0023264 7.69667e-07 0.00225106 0.196718 
0.0134392 0.00318981 0.0225591 0.0848497 0.0673177 0.000558946 0.01146 4.84239e-05 0.177054 0.410552 0.0439227 0.000205115 0.000608823 0.134153 0.00538822 4.42207e-09 0.000307682 0.0243863 
0.000379495 1.79187e-07 8.36762e-05 0.0377065 0.0880406 3.03633e-05 1.17499e-10 2.01159e-06 0.191136 0.665241 0.00164803 2.29561e-07 1.54852e-06 0.00329008 0.000113085 1.13786e-10 1.87652e-08 0.0123264 
0.111216 0.000126828 0.0307465 0.029442 0.000374301 0.000508317 8.51357e-05 0.000476671 0.0840954 0.53068 0.145236 0.000454804 2.35195e-07 0.00258042 0.00043274 6.51624e-07 0.00530951 0.0582342 
0.00576294 0.000169578 7.08842e-06 0.00537635 0.0251848 0.000136435 3.88125e-09 4.5812e-09 0.0133379 0.861097 0.00267245 1.74046e-05 0.00365529 0.00124004 0.00789514 3.97141e-05 8.27602e-05 0.0733252 
0.0128654 0.000907516 0.00676506 0.0509831 0.0524139 0.000980471 0.00147601 5.4126e-06 0.134015 0.394066 0.000878937 5.6454e-05 7.99171e-05 0.00988209 0.055582 8.42709e-08 5.60231e-07 0.279042 
0.0477359 0.000498487 0.00829089 0.0891503 0.0379658 0.00425957 0.00163653 0.000368699 0.0384121 0.593665 0.0331756 0.000464916 0.00239943 0.0533079 0.00176352 2.15791e-06 0.000276493 0.0866267 
0.159441 0.00275168 0.00827235 0.0464185 0.0385021 0.00257499 0.00655444 3.80242e-08 0.0316272 0.41276 0.080507 0.000161395 0.0369153 0.0640346 0.000108301 2.74299e-10 0.00713328 0.102238 
0.0900097 0.0150293 0.0417972 0.0138938 0.0625097 0.00221671 7.00247e-05 0.264412 0.0272472 0.411085 0.0072155 0.00279616 0.00205994 0.0310981 0.000276359 6.7454e-07 0.000120886 0.0281617 
0.132199 0.00317271 0.00147196 0.117797 0.0457283 0.000541713 3.01129e-06 5.22132e-08 0.126039 0.260553 0.129947 0.000224227 2.02344e-05 0.0879453 0.000996518 4.76513e-08 0.00469306 0.0886686 
0.00073942 3.29458e-06 0.000870209 0.00316063 0.110828 0.000139021 3.66495e-06 3.30523e-06 0.000110458 0.812328 0.0448879 9.14195e-06 0.000344137 0.0243345 6.56432e-05 1.75504e-05 6.40493e-06 0.00214878 
0.000301863 0.000256187 6.71713e-06 0.0016987 0.00309602 2.53547e-05 4.5808e-05 0.000126868 0.000506847 0.987237 0.000359378 3.60396e-05 1.60113e-05 0.00361678 2.13664e-05 4.43605e-05 4.00933e-05 0.00256439 
0.00456121 0.00474433 7.55138e-07 0.104611 0.0552839 1.70039e-09 5.01769e-08 4.11377e-08 0.133186 0.588379 8.19274e-07 5.95281e-06 2.68518e-07 0.00169894 0.0100284 7.32463e-11 2.0361e-06 0.0974965 
0.00600775 0.0429457 0.000405898 0.021272 0.027523 9.47934e-05 1.14073e-05 8.9512e-10 0.00841362 0.390614 0.00564913 0.37336 0.00145009 0.00274344 0.0135953 9.61175e-10 5.85836e-08 0.105913 
0.023352 0.00827314 0.00811977 0.0455312 0.0381698 0.00130583 0.00399942 0.000327299 0.29397 0.307927 0.032728 0.000436184 0.0873402 0.0397891 0.000633508 0.00016993 0.0195393 0.0883889 
0.014966 0.000532006 0.00291351 0.00257427 0.0366569 0.0737329 2.35286e-05 5.62864e-05 0.135069 0.718374 0.000769398 0.00203849 3.9934e-06 0.000139068 0.000584071 2.02715e-08 5.31602e-05 0.0115142 
0.149485 0.000556968 0.0226339 0.170744 0.0214445 0.000746818 2.33074e-07 0.000502083 0.0410815 0.438172 0.067633 0.000204245 0.00510454 0.0564258 9.55819e-05 2.25709e-07 2.72611e-05 0.0251421 
0.0990846 0.0183688 0.00213358 0.140604 0.0257995 0.000943756 3.87202e-07 6.93012e-05 0.0776847 0.457508 0.023275 0.0207215 0.00220961 0.0213034 0.00335693 7.19813e-07 0.000222311 0.106714 
0.0567964 1.65742e-05 0.0878411 0.164695 0.0430574 0.156427 0.0190235 2.73109e-05 0.0763123 0.190833 0.0331519 0.000177337 0.000687151 0.140383 0.0100155 0.000171904 2.91901e-06 0.0203804 
0.209449 0.0390434 0.00562515 0.225716 0.00277212 0.0181502 3.63616e-06 3.41974e-05 0.0108417 0.381409 0.00288594 0.000641378 0.0510301 0.0164092 1.63823e-05 1.0016e-08 2.53013e-05 0.0359468 
0.0313361 0.000552132 0.0190817 0.0248635 0.0355949 1.97278e-05 4.68794e-10 2.46967e-06 0.0697348 0.686931 0.00953762 0.000202313 1.63858e-10 0.00514365 0.0550396 4.5398e-10 8.47866e-07 0.0619594 
0.209918 0.00498362 0.0103015 0.037459 0.0227413 0.000216933 0.000226549 0.000321224 0.0654247 0.540357 0.0181831 4.89067e-05 0.0119967 0.0104074 0.0103885 1.00987e-07 0.00219111 0.0548343 
0.0507126 0.000214704 0.173757 0.0852369 0.0762406 0.000873008 0.00619238 3.82446e-06 0.104082 0.197952 0.190661 0.0186179 0.000176696 0.0374037 0.00100428 2.93883e-06 2.42632e-05 0.0568436 
0.027932 3.74609e-05 0.00191346 0.0462902 0.0685872 0.0807162 0.000855643 0.000524814 0.0905556 0.40502 0.0719456 0.000106278 3.75489e-07 0.0226651 0.0292633 1.01674e-06 0.0224622 0.131123 
0.0340522 6.24054e-05 6.94461e-07 0.0188785 0.0317801 5.2735e-08 4.02079e-06 5.24351e-06 0.00631069 0.812991 0.00032396 0.00199238 0.0253453 0.0583858 0.00323235 5.11319e-10 4.79652e-05 0.00658689 
0.00225596 9.53923e-05 0.0169496 0.013755 0.0613236 0.000184891 7.07056e-07 1.48435e-05 0.0917822 0.520732 0.20515 0.000103657 0.0300784 0.0128134 8.53644e-06 6.20848e-10 8.22402e-05 0.0446692 
0.048587 0.000684365 0.0209916 0.224979 0.0496616 1.16395e-07 3.09528e-08 0.000565434 0.0556121 0.527292 0.000513543 0.000200522 1.87784e-07 0.0124028 2.24982e-07 1.43592e-07 2.85027e-05 0.0584805 
0.169736 0.00236198 0.0284754 0.0465161 0.0491598 0.00137609 0.000702026 2.77254e-08 0.0321188 0.44971 0.0768492 0.0138578 0.0362459 0.0106845 0.000614224 7.63022e-07 0.000253248 0.0813377 
0.0174241 0.000267197 0.0003261 0.00550285 0.0154031 0.000141047 0.0184085 3.94947e-06 0.0817101 0.323287 0.0100555 1.8462e-05 0.176852 0.0355795 0.0807359 2.26805e-08 0.221267 0.013017 
0.00484832 2.5209e-08 0.000628361 0.00755551 0.00694054 0.0304218 2.18433e-09 1.15592e-08 0.0030305 0.872808 0.011449 0.000120287 0.0127116 0.00132503 0.00953886 2.00153e-07 0.00024013 0.0383819 
0.0169523 0.000718165 0.00640853 0.260858 0.0195751 0.00026875 0.000820382 7.76599e-08 0.112613 0.288758 0.0328462 0.0548151 7.50589e-05 0.0081949 0.00139746 4.04278e-07 5.35381e-06 0.195693 
0.0402866 0.0721161 0.00410305 0.100568 0.0488056 0.000378312 8.41245e-05 4.52885e-05 0.0137367 0.399741 0.0389129 9.8379e-05 0.00043234 0.00836815 0.00750721 5.15638e-09 3.15939e-05 0.264785 
0.00788348 0.000742064 0.00161159 0.00688583 0.0328314 9.7413e-05 2.37831e-11 6.27743e-08 0.0139736 0.714443 0.00146218 9.66231e-05 7.10455e-05 0.00238088 0.0154492 2.30316e-11 1.86761e-05 0.202053 
0.0174241 0.000267197 0.0003261 0.00550285 0.0154031 0.000141047 0.0184085 3.94947e-06 0.0817101 0.323287 0.0100555 1.8462e-05 0.176852 0.0355795 0.0807359 2.26805e-08 0.221267 0.013017 
0.0551783 0.000125527 0.0112331 0.00721686 0.0342044 0.000685256 9.79039e-07 6.33802e-07 0.0359833 0.782036 0.0638003 0.00032731 8.70646e-05 5.68667e-06 1.46769e-06 1.45728e-09 3.49296e-05 0.00907874 
0.0878564 0.0709085 0.00469279 0.116593 0.200932 0.00103284 5.6159e-08 0.000612716 0.0721493 0.296027 0.0282001 0.0192033 0.00132246 0.0205226 0.0134097 4.11612e-06 7.11403e-05 0.0664626 
0.0431941 4.14422e-07 1.31329e-05 1.33831e-05 0.00116683 0.0113633 1.2099e-05 3.14937e-06 0.0026373 0.872891 0.0685599 2.74744e-06 0.000121761 2.72044e-07 1.62885e-06 3.38178e-06 6.41388e-07 1.46402e-05 
0.00863824 0.054389 0.0034295 0.0430675 0.0568889 8.34926e-05 0.000252602 6.16387e-08 0.0406139 0.422215 0.0180392 0.000314042 0.00352701 0.00872175 0.00847669 2.7704e-06 1.5252e-05 0.331326 
0.313081 0.000642106 2.41252e-05 0.00590385 0.0215505 2.00267e-06 1.95881e-09 3.26963e-07 0.00980402 0.604105 0.00488157 0.000395511 0.000963476 0.00233202 0.000331045 1.89691e-09 9.00313e-06 0.0359741 
0.0870188 0.0257414 0.000443553 0.194989 0.0318039 0.000585239 1.92998e-06 2.6348e-05 0.131569 0.269441 0.0148162 0.00323535 0.000260518 0.0197046 0.00298466 2.11624e-10 7.28334e-06 0.217371 
0.0701021 3.50487e-06 3.50471e-06 3.50505e-06 0.198748 0.0315258 3.5e-06 3.50054e-06 0.197349 0.300341 0.198037 3.50117e-06 3.50358e-06 3.5051e-06 3.50294e-06 3.50016e-06 0.00385846 3.50514e-06 
0.0235288 0.000494358 0.00381755 0.0782274 0.125568 0.0289091 0.012326 2.54094e-05 0.301574 0.353732 0.0114341 0.000136944 0.000136266 0.0120466 0.00474457 1.9177e-08 0.00111535 0.0421834 
0.0265039 0.000189039 0.0987334 0.0289583 0.123051 0.0012529 0.000214651 1.00966e-06 0.233175 0.235841 0.0870512 4.68453e-05 6.22794e-05 0.0236874 7.60473e-05 4.1065e-09 3.85841e-06 0.141152 
0.0635004 0.00887849 0.0128768 0.147231 0.0282621 0.012667 0.00090059 5.43893e-05 0.0617986 0.411167 0.0522087 0.000160636 0.000915475 0.0234534 0.000646339 6.33234e-05 0.00271413 0.172502 
0.150717 0.010773 0.0291552 0.0424038 0.0956357 0.000301045 0.00607153 0.00022764 0.116998 0.183459 0.125658 0.0218015 0.00189096 0.0509991 0.0248239 1.56576e-08 0.000207949 0.138877 
0.0222403 0.00563519 0.0418104 0.104464 0.0201503 0.000297804 0.00875983 1.09902e-05 0.156042 0.273875 0.00366152 0.00108584 0.00173907 0.120571 0.00023513 1.94372e-07 0.00483034 0.234591 
0.198121 2.36631e-05 0.000772736 0.00883525 0.0775402 0.0140624 2.9975e-10 2.70329e-10 1.49886e-11 0.466993 0.101219 8.1232e-05 4.85398e-08 0.129763 2.69731e-07 0.00061077 0.000582844 0.00139506 
0.000650521 1.48828e-05 3.47525e-05 0.0182252 0.00157989 4.32398e-06 2.79988e-06 1.06584e-10 0.00967127 0.924918 0.010471 2.13769e-05 3.1158e-05 0.00331413 0.000114486 1.14449e-10 5.0462e-06 0.0309412 
0.00594654 3.74476e-05 0.00159174 0.112683 0.0243995 7.91311e-05 3.37815e-05 3.97397e-06 0.200183 0.560205 0.0392751 5.41121e-06 0.000738979 0.00587356 0.00476169 4.40159e-07 0.000119464 0.0440619 
0.0316776 1.40274e-08 0.000406177 1.40584e-06 0.0792144 6.54249e-08 1.18202e-07 4.25472e-06 0.00889871 0.750901 0.0638987 9.29959e-08 0.0624926 0.000160927 3.90642e-05 1.14467e-07 2.15691e-05 0.0022834 
0.00788348 0.000742064 0.00161159 0.00688583 0.0328314 9.7413e-05 2.37831e-11 6.27743e-08 0.0139736 0.714443 0.00146218 9.66231e-05 7.10455e-05 0.00238088 0.0154492 2.30316e-11 1.86761e-05 0.202053 
0.159441 0.00275168 0.00827235 0.0464185 0.0385021 0.00257499 0.00655444 3.80242e-08 0.0316272 0.41276 0.080507 0.000161395 0.0369153 0.0640346 0.000108301 2.74299e-10 0.00713328 0.102238 
1.44843e-05 6.22596e-08 3.94197e-05 0.00347269 0.000505217 4.20437e-05 1.47192e-06 8.33926e-09 0.00766329 0.960314 5.521e-08 2.87163e-07 1.21418e-08 1.8933e-07 0.000100645 1.39491e-09 7.11159e-09 0.0278466 
0.000379495 1.79187e-07 8.36762e-05 0.0377065 0.0880406 3.03633e-05 1.17499e-10 2.01159e-06 0.191136 0.665241 0.00164803 2.29561e-07 1.54852e-06 0.00329008 0.000113085 1.13786e-10 1.87652e-08 0.0123264 
0.000379495 1.79187e-07 8.36762e-05 0.0377065 0.0880406 3.03633e-05 1.17499e-10 2.01159e-06 0.191136 0.665241 0.00164803 2.29561e-07 1.54852e-06 0.00329008 0.000113085 1.13786e-10 1.87652e-08 0.0123264 
0.0174241 0.000267197 0.0003261 0.00550285 0.0154031 0.000141047 0.0184085 3.94947e-06 0.0817101 0.323287 0.0100555 1.8462e-05 0.176852 0.0355795 0.0807359 2.26805e-08 0.221267 0.013017 
0.0132899 0.115633 0.00204088 0.0225953 0.0365516 9.20792e-05 2.49643e-07 5.80491e-08 0.0147378 0.51494 0.00137436 0.000116939 0.00201618 0.0053613 0.0153112 6.56369e-10 0.000185219 0.255753 
0.0172503 0.000911599 0.000740376 0.239242 0.0289098 0.00233334 0.000144533 1.36247e-06 0.191642 0.335211 0.0613387 0.000294443 4.3801e-06 0.00194958 0.00291864 0.000286618 0.00552045 0.1113 
0.00114565 1.92957e-06 0.00564261 0.0733659 0.150309 2.11393e-06 0.000317799 1.22853e-05 0.0243922 0.441541 0.188853 0.00443957 2.87349e-08 0.00523896 3.83455e-08 7.9612e-08 0.0117639 0.0929747 
0.135947 0.00103104 0.00283054 0.132467 0.00352844 0.000454028 1.41055e-09 2.12105e-06 0.0447482 0.260351 0.0459709 7.72612e-06 0.000663195 0.0289894 0.0812105 0.00344829 0.000913421 0.257438 
0.0441114 4.02866e-05 1.65548e-07 0.00536186 0.002033 6.24883e-07 1.12897e-06 1.72518e-05 0.00171128 0.926329 1.0154e-07 3.32946e-05 3.9461e-07 3.44926e-05 0.00625009 1.09329e-06 7.2322e-06 0.0140671 
0.00120873 0.000493882 0.000829006 3.38135e-05 0.00570681 3.32806e-05 8.65758e-05 5.98415e-06 0.00331473 0.975843 0.00246366 2.5204e-05 3.94184e-08 0.00012075 9.09302e-05 1.09211e-07 2.15735e-07 0.00974361 
8.66663e-09 9.58847e-09 0.000103565 0.0157948 4.51351e-09 4.47213e-08 8.07974e-08 7.28669e-08 0.000107137 0.426955 0.00058348 0.166046 2.82412e-08 6.29427e-09 0.000178132 7.82441e-08 1.48398e-08 0.390231 
0.046723 0.0144123 0.00186708 0.0734693 0.0479943 0.00812765 0.00363579 1.16906e-06 0.00464503 0.723954 0.0330578 0.000463604 0.00590133 0.0113017 0.00027192 6.08182e-08 0.000104573 0.0240694 
0.00635606 0.0402278 0.0330041 0.0555084 0.00622879 0.163585 6.22819e-07 0.000288142 0.0957946 0.280989 0.00771796 0.000371383 5.98019e-05 0.00957574 0.0194698 3.63766e-08 6.90355e-08 0.280823 
0.0833759 0.0145054 0.0346293 0.0115724 0.0258952 0.00345859 4.40771e-05 6.20228e-05 0.0608866 0.597298 0.0770446 0.00181079 6.84795e-05 0.058714 0.000974282 0.000207701 0.0004746 0.0289785 
0.00719177 0.00354827 0.00422304 0.181206 0.0304499 0.000460746 4.97711e-05 9.79008e-07 0.0377578 0.537089 0.0130476 0.000275364 2.20003e-06 0.000371923 0.000981489 1.00906e-08 0.0224509 0.160894 
0.00290373 0.0029077 0.0136858 0.00853805 0.0353996 0.000194061 3.36238e-05 7.30573e-06 0.111541 0.575738 0.0850771 0.00050106 0.000534544 0.103482 0.00362091 1.63098e-10 0.00155635 0.0542783 
0.00612404 2.58117e-06 0.000675706 0.00747588 0.00695773 0.0318101 9.11522e-09 2.4048e-07 0.00299803 0.854302 0.012554 0.000160157 0.0200207 0.0014295 0.0179041 1.99448e-05 0.000358839 0.0372067 
0.0175941 0.000486941 0.00363578 0.024875 0.0189813 0.000961385 0.0020268 0.000101303 0.118126 0.748002 0.026509 0.000477842 0.000293239 0.00989679 0.000173796 4.71295e-10 0.00597678 0.0218823 
0.0246659 5.19205e-05 0.00297045 0.0751983 0.0162088 5.19716e-07 1.42197e-05 0.000171584 0.00361178 0.778911 0.082549 3.18844e-06 0.00113783 0.00141093 6.28214e-06 2.25746e-06 1.72456e-07 0.0130861 
0.0337012 0.00893197 0.00304537 0.0621146 0.21156 0.000288967 0.001021 1.02507e-05 0.0598682 0.21711 0.0344905 0.000512899 0.00020989 0.184606 0.000315305 1.34868e-11 2.11309e-06 0.182212 
0.184134 0.000913902 0.0571567 0.0526919 0.0502364 0.00041048 0.000182768 0.000215533 0.0638554 0.448439 0.0226732 0.000744043 0.0175625 0.0650668 0.00500781 7.21022e-05 0.000478888 0.030159 
0.00659986 0.00195876 0.000826959 0.01348 0.294055 7.24033e-05 1.68639e-08 1.1436e-07 0.0295042 0.545147 0.0109349 3.89823e-06 0.000686387 0.026161 0.00183125 0.00174367 9.44889e-05 0.0669005 
0.000661423 0.0370909 6.11585e-08 0.0372077 0.0109995 1.1297e-05 4.57856e-06 1.54163e-10 0.0876086 0.486767 0.00280312 0.00025428 6.7072e-07 0.00207307 0.000448819 2.89243e-08 2.30518e-08 0.334069 
0.0481961 0.0125118 0.0110343 0.0851612 0.0681039 0.0025016 0.00146714 4.28812e-05 0.040583 0.599289 0.0271583 0.00455572 0.00647668 0.0349433 0.00318459 0.000832177 9.57189e-05 0.0538621 
0.0670859 0.00244611 0.0224602 0.0891262 0.0714197 0.00718413 6.41021e-05 8.08527e-05 0.171576 0.373548 0.0155021 0.000399818 0.00240949 0.131172 0.00159249 1.22108e-05 0.000167615 0.0437527 
0.0306722 0.00528547 0.0161836 0.0721081 0.042861 0.000207274 0.0069139 2.45904e-06 0.222024 0.285214 0.0786618 0.00390794 0.0168733 0.144916 0.00126333 0.00112738 0.00926864 0.0625096 
0.387805 0.00026128 4.7459e-06 0.0385912 0.0848897 0.0310595 0.000813113 2.91184e-06 0.00553911 0.409128 0.00369055 1.78596e-06 5.77518e-05 0.013813 0.00191837 1.40518e-06 2.21161e-05 0.0223997 
0.0104099 3.71618e-09 0.00800015 0.0399692 0.0898055 0.000149754 9.42356e-08 1.29597e-05 0.252674 0.361855 0.0334602 0.134304 0.00379162 0.0496718 0.00793243 3.03249e-08 0.000434578 0.00752936 
0.0214572 0.00285255 0.00372141 0.198227 0.0640862 0.000155954 0.00338832 1.83429e-05 0.206534 0.384837 0.0257287 0.000574739 0.00171305 0.0371315 0.000563728 2.58501e-07 2.4368e-05 0.0489849 
0.00554197 0.000365355 0.000494489 0.0195009 0.0075416 3.00338e-06 5.98466e-05 5.87164e-08 0.014205 0.919987 0.0127897 1.26264e-05 0.000768921 0.00600827 1.85785e-05 2.95029e-06 5.31832e-06 0.0126941 
0.00948912 0.0196309 0.000360806 0.013811 0.0300594 0.0002705 2.84035e-09 3.56274e-05 0.0121654 0.638666 0.000165896 0.000167263 0.000147357 0.0142618 0.0556121 6.15404e-08 5.25742e-05 0.205105 
0.152595 0.00268144 0.00142096 0.0110116 0.0753708 0.0225328 4.55457e-08 1.90634e-08 0.0378189 0.371816 9.56687e-05 4.43616e-05 0.000154428 0.0713736 8.90754e-05 1.55289e-11 0.000122023 0.252873 
0.0134172 0.00197705 0.0187652 0.0541159 0.0885809 0.000411438 0.00379422 1.57038e-06 0.0843747 0.336027 0.0141881 0.000831462 2.27327e-06 0.0161271 0.335961 2.46486e-06 1.33119e-06 0.0314211 
8.94374e-07 2.14534e-12 2.65086e-12 0.000112609 4.47364e-09 1.85211e-08 1.80778e-11 1.63034e-11 0.000472342 0.988008 1.62592e-12 1.42227e-11 6.31875e-12 2.73161e-10 0.00052121 1.75065e-11 3.32028e-12 0.0108851 
0.052747 0.00323416 0.0113172 0.0353155 0.0485103 0.000231584 1.38109e-05 1.76349e-06 0.0436421 0.468349 0.00545354 0.00031369 0.000221526 0.015187 0.0220541 1.99501e-10 0.000110559 0.293297 
8.94374e-07 2.14534e-12 2.65086e-12 0.000112609 4.47364e-09 1.85211e-08 1.80778e-11 1.63034e-11 0.000472342 0.988008 1.62592e-12 1.42227e-11 6.31875e-12 2.73161e-10 0.00052121 1.75065e-11 3.32028e-12 0.0108851 
0.0844369 0.00166598 0.00452828 0.112692 0.0427659 0.00115339 0.00555405 1.43779e-06 0.0201674 0.645003 0.0273104 0.00373491 0.00257293 0.025515 0.000286341 5.32687e-06 1.87269e-05 0.0225872 
0.313081 0.000642106 2.41252e-05 0.00590385 0.0215505 2.00267e-06 1.95881e-09 3.26963e-07 0.00980402 0.604105 0.00488157 0.000395511 0.000963476 0.00233202 0.000331045 1.89691e-09 9.00313e-06 0.0359741 
0.0445973 0.00339794 0.00372832 0.0637036 0.0143335 0.0006585 6.50522e-07 0.000532628 0.0311871 0.311282 0.0107713 0.00113444 7.57186e-05 0.0188109 0.209328 9.0422e-10 0.00014956 0.286309 
1.57191e-08 0.00423139 0.00470662 0.179825 2.37058e-07 7.45388e-11 1.34668e-10 1.2145e-10 0.00422163 0.460285 0.0236766 2.52293e-07 4.70707e-11 1.04909e-11 6.28139e-11 1.30413e-10 2.4734e-11 0.323053 
0.005406 0.0418185 0.000345065 0.0300056 0.0235674 0.000140731 2.60891e-07 3.57059e-05 0.0136788 0.536663 0.000591734 0.000360186 0.000147374 0.0148094 0.0335001 2.70955e-11 6.15329e-05 0.298869 
0.00138188 3.43375e-05 0.000312385 0.0204279 0.00455799 0.000211608 0.00152802 1.05631e-05 0.0198464 0.750479 0.00988969 1.16419e-07 3.97445e-06 0.00589112 0.00916972 5.04845e-08 7.23951e-11 0.176256 
0.0254689 0.000275644 0.00108156 0.00354347 0.0197192 0.00276336 9.39962e-12 8.87785e-09 0.0113474 0.892693 0.00569512 0.000424784 1.67144e-06 0.00155717 0.000530552 1.3581e-07 1.53822e-07 0.0348975 
0.168094 8.28738e-08 0.0119094 0.0142739 0.00713084 5.65118e-06 6.87897e-06 1.1307e-06 0.00121025 0.415032 0.000696878 3.19699e-09 1.42033e-09 0.00195536 2.33601e-05 3.93512e-09 2.11749e-06 0.379659 
0.00617314 0.00028514 0.191231 0.0477186 0.00175891 5.03429e-05 5.51663e-07 1.71817e-06 0.111176 0.52522 0.0209602 0.000126947 3.13783e-06 0.0152775 8.32124e-05 3.61519e-08 3.24848e-06 0.0799294 
2.15558e-09 6.71238e-13 8.29406e-13 1.44316e-08 7.95542e-05 4.12486e-09 5.6562e-12 5.10103e-12 0.000515876 0.981319 5.0872e-13 4.45003e-12 5.26457e-08 7.61437e-09 0.00126333 5.47746e-12 8.29975e-09 0.0168217 
0.013055 0.0128759 0.027104 0.0354648 0.113752 0.000221936 0.00300467 4.72743e-07 0.0566172 0.290731 0.264631 0.000150859 0.00142544 0.104255 0.000798894 2.1618e-07 0.00165128 0.0742601 
0.0111243 0.014718 0.00522036 0.181277 0.224309 4.92629e-07 2.39552e-09 1.75957e-05 0.0367801 0.278775 0.00216418 0.00525178 0.000882231 0.076828 0.000114462 2.31982e-09 7.99277e-07 0.162538 
0.147725 0.00267528 0.00299557 0.0859817 0.029206 0.00231482 3.0555e-05 2.98113e-05 0.0276828 0.412129 0.203392 0.00131747 0.00248829 0.0774919 1.23948e-05 1.65682e-07 1.72262e-07 0.00452704 
0.0363669 0.00508895 0.00648324 0.0669826 0.10162 0.00200874 0.00598972 0.000129892 0.0702451 0.540091 0.0453701 0.00176895 0.00349818 0.0426531 0.00850007 6.08819e-05 7.7349e-05 0.0630651 
0.00403479 0.00403277 0.0235855 0.234189 0.0329733 0.00972124 1.77255e-07 2.14355e-07 0.0764261 0.298178 0.0737901 0.00075124 0.000127674 0.00680563 0.000930272 7.24057e-08 7.90378e-05 0.234375 
0.00145526 0.00538785 0.00386898 0.0392976 0.00779259 0.00193818 5.88896e-05 1.86472e-06 0.103603 0.5972 0.129274 0.000224091 6.37055e-05 0.000981538 0.000228992 4.4755e-10 2.19969e-05 0.108602 
0.00653118 0.00528303 0.017525 0.0215995 0.124548 3.5444e-05 7.93312e-08 1.78667e-07 0.193303 0.398554 0.148957 5.21887e-07 1.183e-06 0.0223974 3.53557e-05 7.51821e-08 0.000161559 0.0610668 
0.0475619 0.0277416 0.00254938 0.09366 0.126845 0.00278629 0.00369251 4.13292e-05 0.275845 0.357666 0.00246569 0.00134185 0.0066604 0.0172547 0.0112918 1.05094e-07 0.00012345 0.022474 
0.152595 0.00268144 0.00142096 0.0110116 0.0753708 0.0225328 4.55457e-08 1.90634e-08 0.0378189 0.371816 9.56687e-05 4.43616e-05 0.000154428 0.0713736 8.90754e-05 1.55289e-11 0.000122023 0.252873 
0.226299 1.48139e-05 0.0112276 0.0154688 0.0187559 0.0048707 0.000496181 5.92596e-05 0.00795429 0.403687 0.00300736 0.0508128 0.0044873 0.0164117 0.00284339 0.000286707 0.000132511 0.233185 
0.1978 0.00125423 0.00316186 0.0172996 0.159791 0.000307839 2.14277e-06 1.93245e-06 0.0151997 0.557672 0.0177595 8.68448e-05 0.00151708 0.00808277 9.65666e-05 0.00385766 2.97215e-05 0.0160794 
0.024483 0.00328931 0.0078858 0.0411931 0.0408592 0.0020612 0.00202254 1.21742e-05 0.042656 0.625764 0.0654622 0.000462086 0.0173964 0.0424133 0.000136611 3.90065e-08 0.00119779 0.0827053 
0.0819691 0.00901269 0.00361163 0.0523055 0.0594024 0.00326524 4.84409e-05 6.57415e-05 0.0277872 0.400974 0.000384268 0.000211688 0.00317903 0.0328185 0.00511009 1.10632e-06 2.13526e-05 0.319832 
0.000809269 1.38776e-10 6.91559e-07 0.00399003 2.79584e-05 6.55153e-07 1.1694e-09 1.05462e-09 0.153629 0.798967 0.0114321 2.9548e-06 4.08742e-10 0.000812437 5.45448e-10 2.94753e-07 2.14779e-10 0.0303278 
0.00594828 0.00122509 0.00217885 0.0237523 0.0783233 0.00114763 0.00360455 3.81738e-06 0.0747492 0.334529 0.20066 0.000969931 0.00386283 0.230186 6.77524e-05 7.19072e-07 0.00287433 0.0359159 
0.0495054 0.0427576 0.00277138 0.122362 0.173519 0.001806 0.000566753 3.78615e-05 0.177339 0.303402 0.0112155 0.00730188 0.00445492 0.0186751 0.0225036 2.00374e-10 0.000212851 0.0615693 
0.0100921 0.00539121 0.00792714 0.0163875 0.0963223 4.30596e-08 9.52155e-07 6.48741e-08 0.0650846 0.699935 0.0195414 8.96316e-11 0.000903863 0.014424 0.00483734 1.10326e-10 4.22213e-05 0.0591099 
0.0171634 0.000363459 0.000874801 0.0549163 0.0154312 0.000529174 0.000338411 2.00722e-06 0.144342 0.672105 0.0206828 0.000151209 0.00286073 0.0258172 0.000128901 3.17348e-06 3.44869e-05 0.0442564 
0.0420838 0.00104601 0.00829208 0.00686103 0.222295 0.000326552 9.9158e-05 3.68833e-05 0.152671 0.42396 0.0710613 0.000130198 0.000110557 0.0445038 0.0223621 1.29325e-08 0.000129917 0.00403076 
0.0104099 3.71618e-09 0.00800015 0.0399692 0.0898055 0.000149754 9.42356e-08 1.29597e-05 0.252674 0.361855 0.0334602 0.134304 0.00379162 0.0496718 0.00793243 3.03249e-08 0.000434578 0.00752936 
0.0663497 0.0231204 0.054044 0.118146 0.172307 0.0143325 7.30829e-05 1.54018e-06 0.133323 0.191853 0.0550719 0.0173271 0.000695615 0.0504224 0.000392512 0.000397907 3.98825e-05 0.102103 
0.00635606 0.0402278 0.0330041 0.0555084 0.00622879 0.163585 6.22819e-07 0.000288142 0.0957946 0.280989 0.00771796 0.000371383 5.98019e-05 0.00957574 0.0194698 3.63766e-08 6.90355e-08 0.280823 
0.00255813 0.00223214 0.00219746 0.0198617 0.0432425 7.60453e-05 5.23994e-07 0.000649703 0.0732746 0.678004 0.0981834 4.20442e-05 0.0034503 0.0112311 0.0174608 1.37715e-07 2.26483e-06 0.0475335 
0.026605 1.14848e-06 0.00532219 0.0090175 0.0146392 5.17749e-05 0.000127412 7.91796e-07 0.00507431 0.305056 0.222255 0.000614376 0.26507 0.135353 0.000756775 0.00042867 0.000860115 0.00876695 
0.000118269 1.11497e-06 0.000644314 0.00824624 0.0238813 6.88805e-06 9.75807e-06 1.10771e-06 0.0085147 0.919572 0.029156 1.57599e-05 0.000948043 0.00621014 6.28916e-06 1.7061e-09 1.66133e-06 0.00266626 
0.115233 0.00136999 0.00565917 0.0394644 0.0706876 5.23953e-05 0.000156267 0.000218385 0.03271 0.681474 0.00107938 0.0016954 0.000182499 0.0280102 0.00365453 9.04144e-05 5.15732e-05 0.0182102 
0.0282991 9.93908e-07 1.22811e-06 0.0127216 4.67855e-07 4.63566e-06 8.37518e-06 0.00378412 0.00372763 0.945761 7.53266e-07 6.58919e-06 2.92739e-06 0.001697 3.90647e-06 8.11052e-06 1.53824e-06 0.00396986 
0.165761 5.48216e-12 6.77395e-12 0.0373765 0.0038851 0.0594061 4.61955e-11 4.16613e-11 2.30994e-12 0.588015 0.00671467 9.31582e-05 1.61468e-11 0.0123583 0.000855478 0.102218 0.00377774 0.0195387 
0.0386418 8.90466e-05 0.00259638 0.0434602 0.056063 0.00653123 0.00233234 3.92948e-11 0.281293 0.327236 0.111926 2.11623e-05 0.00351361 0.0463954 2.07123e-05 1.50339e-06 8.37434e-06 0.0798707 
0.145424 0.0119646 0.00060924 0.00215224 0.074637 0.000688315 1.2597e-05 6.66453e-06 0.00821708 0.626155 0.107345 3.82407e-05 0.000116344 0.00967877 0.000127146 1.6113e-06 2.22152e-06 0.012823 
0.0538767 5.65671e-05 0.000225805 0.0100887 0.0383749 0.000556721 3.69315e-06 1.15404e-06 0.0455585 0.758098 0.00437989 7.7963e-05 0.000182273 0.0489025 0.00806578 0.000459789 2.35027e-07 0.0310911 
0.0174241 0.000267197 0.0003261 0.00550285 0.0154031 0.000141047 0.0184085 3.94947e-06 0.0817101 0.323287 0.0100555 1.8462e-05 0.176852 0.0355795 0.0807359 2.26805e-08 0.221267 0.013017 
0.148782 0.00465209 0.000481172 0.0557722 0.00576161 0.000642047 4.39751e-06 6.92638e-08 0.00589899 0.601438 0.0283852 0.000203568 0.0256522 0.000546074 0.00113234 1.04657e-05 2.93743e-05 0.120607 
0.0432162 0.205172 0.000969257 0.0338644 0.00740428 8.82447e-06 2.06428e-05 1.27081e-06 0.00439302 0.42992 0.0107726 4.18383e-05 1.75558e-05 0.000265463 8.53407e-06 1.3176e-09 6.85211e-09 0.263924 
4.26141e-05 3.02873e-12 3.74241e-12 0.00175728 4.13594e-09 1.35626e-07 2.55217e-11 2.30166e-11 3.82598e-07 0.949755 5.74086e-09 2.00792e-11 8.92062e-12 1.98819e-12 1.19042e-11 2.47152e-11 4.68747e-12 0.0484445 
0.00499734 0.00018672 0.00243848 0.0181943 0.238659 0.0138749 0.0053189 1.11658e-07 0.0404988 0.522957 0.0392731 0.000397624 0.000147491 0.0054853 2.2186e-05 2.02813e-06 2.23651e-06 0.107544 
0.143962 0.0203622 0.00107561 0.00682131 0.014195 0.000488794 3.40154e-08 2.52778e-05 0.00854151 0.555881 0.000372547 0.000254324 5.59691e-05 0.00527159 0.0419531 4.21275e-10 1.19062e-05 0.200727 
0.0174241 0.000267197 0.0003261 0.00550285 0.0154031 0.000141047 0.0184085 3.94947e-06 0.0817101 0.323287 0.0100555 1.8462e-05 0.176852 0.0355795 0.0807359 2.26805e-08 0.221267 0.013017 
0.0140798 0.0366312 9.93173e-07 0.00655972 0.0445637 4.06645e-06 1.83857e-06 1.96858e-06 0.00359421 0.531375 0.0809685 5.82526e-06 1.78578e-06 0.0104766 1.16096e-09 3.8453e-05 6.01141e-07 0.271696 
0.0495152 0.00251461 0.00297525 0.0224021 0.033931 0.0037019 0.000534354 2.30137e-07 0.0089957 0.808971 0.0169908 0.00593935 0.0071404 0.0072576 0.00512942 2.55004e-05 0.000244258 0.0237311 
0.0517254 0.024421 0.0396096 0.0386593 0.0838138 0.00315911 0.00459619 3.47885e-06 0.198903 0.33136 0.0729605 0.0130386 0.00113172 0.037472 0.000835221 4.61148e-07 0.00434411 0.0939667 
0.0292268 0.00133016 0.106448 0.120607 0.185225 0.00316951 0.000622032 5.64683e-05 0.0394636 0.201871 0.0556813 0.000832039 0.000182892 0.101497 0.00178601 6.12786e-05 7.71403e-06 0.151931 
0.145198 0.00581594 0.00608939 0.0435115 0.0536397 0.0042542 8.58357e-05 8.72499e-05 0.054105 0.502573 0.0521144 0.00133095 0.000113366 0.0126925 0.0392892 1.97009e-07 0.0235601 0.0555395 
0.0163364 0.0058377 0.00372164 0.047644 0.0507301 0.000370188 9.92384e-05 6.2027e-08 0.227919 0.514936 0.0798966 0.00386364 6.61336e-05 0.0022463 0.000882832 0.000103104 0.000178774 0.0451688 
0.0027834 0.00075387 0.00093199 0.0128616 0.0862002 0.000161193 0.0212635 1.42529e-07 0.0812264 0.608451 0.118317 0.000356713 0.000397005 0.047709 0.000205147 1.37306e-06 3.46456e-05 0.0183455 
0.0798076 0.000147233 0.00140235 0.0424846 0.0189352 0.00239169 1.69779e-05 3.84574e-06 0.071468 0.683638 0.027821 0.00423835 0.0259712 0.00396474 0.000536584 2.00545e-06 0.000279858 0.0368912 
0.0058094 0.000979356 0.00012976 0.123039 0.0390993 3.79915e-05 0.0017256 1.90582e-08 0.0562187 0.618502 0.00323704 0.000189064 0.000125438 0.00528286 0.00045953 2.47451e-08 5.17495e-06 0.14516 
0.0331956 0.00048406 0.0127215 0.137499 0.0825331 0.000787462 8.14667e-06 8.26621e-05 0.12484 0.434628 0.00873587 0.00297153 0.0019609 0.136021 0.000364491 2.05612e-07 2.35057e-05 0.0231427 
0.0204302 0.0238262 0.021751 0.0695072 0.108052 0.000380221 0.00026628 1.56376e-05 0.262171 0.376534 0.0563393 0.000380992 0.00579944 0.0185813 0.00173605 1.41193e-05 0.00493435 0.0292812 
0.021645 0.0401606 3.58992e-05 0.0103583 0.0538036 0.000159169 1.90855e-05 2.39736e-05 0.00404488 0.502939 0.0911323 0.000229758 4.90331e-05 0.0162797 1.27159e-09 0.00800275 1.07427e-05 0.251106 
0.0044445 1.9744e-06 0.000490925 0.00542386 0.00504784 0.0396317 1.58479e-08 2.18873e-07 0.00217528 0.875734 0.00910763 0.000117462 0.015626 0.00193651 0.0129963 1.52781e-05 0.000261283 0.0269887 
0.0419594 0.00586606 0.0303568 0.0579472 0.0201289 0.000120631 0.000119716 8.54774e-09 0.0845462 0.516045 0.0296458 1.39425e-06 3.8378e-05 0.0938526 0.00314019 8.73847e-06 0.0111953 0.105028 
0.0303875 0.0126535 0.00572816 0.0283669 0.062088 0.00367688 2.79458e-06 1.86192e-06 0.0275487 0.421827 0.0463656 0.00358092 0.0301894 0.0209221 0.0131933 1.4206e-07 8.68044e-05 0.293381 
0.00110552 0.00114482 0.000679964 0.00209937 0.231791 3.15116e-06 1.25767e-06 1.56037e-06 0.013523 0.603431 0.129156 2.95448e-06 1.56433e-05 0.0166708 1.98785e-08 4.12713e-08 6.3793e-07 0.000373815 
0.236546 0.000304306 0.0130385 0.163223 0.0648687 0.00243263 0.00776844 1.02861e-06 0.0149005 0.346409 0.086208 3.07466e-05 0.000149259 0.00450001 0.00433779 2.82836e-05 1.73524e-05 0.0552366 
0.0318109 0.0137856 0.00285028 0.0587768 0.015008 0.000456758 0.000531798 9.31385e-06 0.016317 0.50009 0.00779542 0.00163417 3.97919e-05 0.0150337 0.0146823 1.92299e-06 4.25166e-06 0.321172 
0.00710906 4.43815e-05 0.000705218 0.0174727 0.00402034 3.72129e-08 2.05224e-08 2.51945e-07 0.000532976 0.836901 0.000676063 0.000462455 0.000371142 0.050464 0.0028811 1.05234e-07 5.08239e-06 0.078354 
0.136096 7.48494e-05 0.00650244 0.252128 0.071168 4.11874e-05 2.90909e-05 1.58492e-07 0.0716621 0.264283 0.0249888 0.000501419 5.3565e-05 0.119711 0.00502773 1.53164e-05 8.45774e-06 0.0477086 
0.0111208 4.49923e-06 0.00442641 0.0118914 0.0969446 0.00503126 0.000106369 6.02707e-07 0.0144084 0.781278 0.00751106 0.00129556 8.77457e-07 0.00470191 0.00013197 1.36739e-06 5.13936e-07 0.0611442 
0.00810328 0.000119993 0.0367415 0.0129952 0.267533 2.53746e-06 0.000540776 0.00123086 0.00939493 0.556894 0.0858387 0.00100273 0.000182443 0.0134984 0.00110173 4.43952e-06 2.57213e-05 0.00479004 
0.00778904 3.35581e-05 0.00367571 0.043314 0.0390227 0.000192368 0.00109312 3.0833e-08 0.309084 0.466489 0.064367 0.00368305 0.00239396 0.0108814 0.00045411 1.45402e-08 0.000106797 0.0474199 
0.066102 0.00104794 0.00129587 0.239218 0.023116 1.68447e-07 1.64299e-06 3.22302e-11 0.185479 0.44895 0.00475794 1.35828e-07 6.07637e-08 0.0185248 0.000254862 2.91916e-08 6.68529e-06 0.0112455 
0.00104071 0.00595988 1.71314e-06 0.0162775 2.18887e-07 0.00110392 1.8718e-07 2.89473e-06 0.131163 0.662413 0.0515511 8.01087e-07 0.000102289 0.00110107 0.00036785 2.90576e-10 3.53022e-05 0.128879 
0.0961186 0.00778415 0.0018254 0.0914402 0.201589 0.00348214 3.59251e-05 3.27954e-06 0.0708593 0.319186 0.0138013 0.0452903 0.0430444 0.0261522 0.00879985 0.000934191 0.000681146 0.0689729 
0.00952026 0.000592958 0.109162 0.109128 0.141944 0.0146503 2.39494e-09 1.05835e-07 0.0109142 0.493777 0.0293744 0.000222925 8.8268e-07 0.0213708 8.35809e-07 1.73413e-06 4.3987e-10 0.0593391 
8.94374e-07 2.14534e-12 2.65086e-12 0.000112609 4.47364e-09 1.85211e-08 1.80778e-11 1.63034e-11 0.000472342 0.988008 1.62592e-12 1.42227e-11 6.31875e-12 2.73161e-10 0.00052121 1.75065e-11 3.32028e-12 0.0108851 
0.0133281 0.000978056 0.000551629 0.222761 0.0428296 0.0018486 0.000666908 3.88675e-07 0.0779928 0.472107 0.121863 0.00099706 0.00569103 0.0331305 2.13442e-05 6.15064e-05 8.75685e-05 0.00508376 
0.0336619 0.000245066 0.0291338 0.0854766 0.120006 0.0295891 0.00132778 0.000129603 0.0348712 0.405533 0.166917 0.000208403 0.000948126 0.0720151 0.000343693 8.15563e-08 3.117e-05 0.0195621 
0.00193596 0.00483978 0.00238418 0.117958 0.170926 2.75653e-05 2.05519e-05 1.50394e-06 0.295246 0.334327 0.0331639 0.000103924 0.000388889 0.0203477 0.00022998 0.000906549 0.000177519 0.0170149 
0.00598155 0.00548023 0.00100621 0.0136481 0.0259639 0.00175121 0.000318661 3.97969e-05 0.0716814 0.767168 0.063418 0.000568859 0.00156 0.01915 0.000208016 1.30522e-05 1.10676e-05 0.0220322 
0.0109508 0.000195402 0.0167355 0.0791711 0.00274859 4.32567e-05 9.68485e-06 1.41991e-08 0.0174832 0.629716 0.0455526 0.000229769 0.000849384 0.00348097 7.81073e-08 4.63058e-10 1.49034e-05 0.192818 
0.20001 0.000106918 0.00610487 0.0129159 0.210437 0.000118925 1.94226e-07 0.000530045 0.103169 0.232094 0.00562448 1.52807e-07 0.0936276 0.11925 0.000347199 1.88088e-07 0.000193051 0.015471 
0.000238444 0.00102905 0.0238778 0.00570979 0.0346359 0.000779877 0.0016069 9.5762e-06 0.143277 0.696701 0.0427522 9.80534e-05 0.000398995 0.0362504 0.000283457 2.70457e-08 1.25949e-05 0.012339 
2.15558e-09 6.71238e-13 8.29406e-13 1.44316e-08 7.95542e-05 4.12486e-09 5.6562e-12 5.10103e-12 0.000515876 0.981319 5.0872e-13 4.45003e-12 5.26457e-08 7.61437e-09 0.00126333 5.47746e-12 8.29975e-09 0.0168217 
0.00116479 0.0483077 0.00044092 0.0165073 0.0414375 4.51831e-05 7.1401e-07 2.34453e-08 0.0714215 0.431455 0.00200751 0.000272243 0.000985956 0.0604053 0.0073455 1.2333e-09 0.000242042 0.317961 
0.204426 0.00239381 0.000378785 0.00724205 0.00541352 0.000517617 0.00325546 1.05457e-05 0.0534897 0.494979 0.104055 0.000780122 0.00221304 0.0107384 0.000326077 1.19877e-06 0.0769429 0.0328366 
0.0300045 0.00711836 0.0136407 0.0652237 0.0406214 0.145351 6.67689e-05 6.84423e-06 0.155199 0.263215 0.0187907 0.000334134 0.00115154 0.0171599 0.0144298 7.54266e-08 9.44592e-05 0.227592 
0.291583 0.0209122 0.0013067 0.00545438 0.0913434 1.72728e-05 0.0119839 6.09614e-06 0.168177 0.345202 0.0219459 1.89179e-07 1.14601e-05 0.0373582 1.12157e-07 5.6927e-06 4.46861e-06 0.00468767 
4.26141e-05 3.02873e-12 3.74241e-12 0.00175728 4.13594e-09 1.35626e-07 2.55217e-11 2.30166e-11 3.82598e-07 0.949755 5.74086e-09 2.00792e-11 8.92062e-12 1.98819e-12 1.19042e-11 2.47152e-11 4.68747e-12 0.0484445 
0.048737 0.00322076 0.0025949 0.0697037 0.0915348 0.00839478 0.00113113 3.68559e-06 0.0663655 0.529822 0.0715574 0.00304551 0.000542734 0.029314 0.00128972 0.000748875 0.00196218 0.070031 
0.0199229 0.12994 0.00187185 0.0718067 0.0662866 0.000236784 3.0036e-05 0.000172182 0.0519726 0.368798 0.0303539 0.0092439 0.000216332 0.0146861 0.0120649 3.19418e-08 0.000502485 0.221895 
0.115107 0.00478769 0.014959 0.0656099 0.0869293 0.00120467 0.000202836 0.0061308 0.0629614 0.47108 0.0384966 0.000867791 0.00774407 0.070501 0.00071433 2.1752e-05 6.68846e-05 0.0526158 
0.012607 0.000139279 0.00423939 0.0727868 0.00620648 4.86028e-05 4.45069e-06 6.32336e-06 0.0258694 0.843275 0.0102651 0.000120575 0.00353179 0.0135416 2.03962e-09 4.23461e-09 2.50629e-05 0.00733321 
0.0127481 7.7247e-05 0.000687717 0.00348964 0.00279799 0.000107405 8.09871e-07 0.000254487 0.00240513 0.935399 0.00423352 4.31121e-08 0.00752388 0.000465849 0.00161706 1.09798e-10 2.43487e-08 0.0281917 
0.0085892 1.3382e-06 1.65353e-06 9.67656e-07 6.29922e-07 6.24147e-06 1.12764e-05 1.01696e-05 0.000836292 0.987596 1.0142e-06 8.87171e-06 3.94145e-06 0.00213343 5.25969e-06 1.092e-05 2.07109e-06 0.000780368 
0.0167262 0.00154941 0.00112299 0.00384591 0.113862 0.00028883 0.0014257 9.21541e-07 0.0447058 0.468774 0.164107 3.65625e-06 0.000164261 0.172188 1.41289e-09 2.53896e-05 4.13076e-05 0.0111679 
0.148975 0.000241444 0.00770039 0.149715 0.0697829 0.00120239 5.9069e-05 2.28979e-05 0.0886272 0.341615 0.0177348 0.000221554 0.00145489 0.111053 0.000716586 2.89325e-07 4.79896e-05 0.0608295 
0.105815 0.00160994 0.000853099 0.00660753 0.0452244 0.0135248 8.07943e-08 3.38303e-08 0.0732126 0.406723 8.34131e-05 0.000258609 0.000669495 0.0428266 0.00199976 5.45376e-11 7.33274e-05 0.300518 
0.281129 0.0010294 0.00295994 0.0532402 0.0304503 6.17518e-05 2.1198e-07 3.42419e-07 0.0110829 0.57571 0.00296623 0.000382843 0.000945651 0.00309418 1.57306e-05 2.97112e-06 1.64528e-05 0.0369121 
0.0211342 2.38647e-07 0.022543 0.0346099 0.00328586 0.000113088 1.33002e-09 1.19948e-09 0.0638295 0.720472 0.022206 1.72715e-05 1.2493e-06 0.00564149 8.01643e-08 1.28799e-09 2.44281e-10 0.106146 
0.0762445 0.00109794 0.00587499 0.118339 0.124752 0.000103916 1.36478e-05 1.34829e-05 0.169781 0.265734 0.0289486 0.000480245 0.0029209 0.0926661 0.0116424 1.39614e-07 2.01138e-05 0.101367 
0.0553549 0.0132399 0.00253436 0.0702856 0.0230537 0.00201284 3.35193e-08 2.44106e-07 0.0214318 0.441045 0.00647026 0.000129828 0.00483087 0.0144176 0.00913501 4.41528e-06 6.17384e-05 0.335992 
0.00788348 0.000742064 0.00161159 0.00688583 0.0328314 9.7413e-05 2.37831e-11 6.27743e-08 0.0139736 0.714443 0.00146218 9.66231e-05 7.10455e-05 0.00238088 0.0154492 2.30316e-11 1.86761e-05 0.202053 
0.137422 2.59282e-05 0.0014117 0.0197149 0.102471 0.0119903 1.98928e-10 1.79403e-10 0.00110704 0.42576 0.162438 7.75059e-05 0.00175771 0.124965 0.000226014 0.00323596 0.000493821 0.00690378 
0.0174241 0.000267197 0.0003261 0.00550285 0.0154031 0.000141047 0.0184085 3.94947e-06 0.0817101 0.323287 0.0100555 1.8462e-05 0.176852 0.0355795 0.0807359 2.26805e-08 0.221267 0.013017 
0.0899605 0.000233855 0.0283744 0.0154499 0.0083816 0.00164531 6.41675e-05 4.21914e-05 0.0156778 0.801708 0.0111197 0.000416914 0.00886988 0.0026683 0.000178101 3.97198e-06 6.20787e-05 0.0151437 
