0.0231683 0.0782271 0.00312615 0.0843516 1.5028e-06 0.0354072 0.0627499 0.059293 0.00416002 0.00704443 0.00790844 0.0188416 0.00442905 0.274529 0.0818125 0.00868956 0.0957956 1.53109e-06 0.000271533 0.150192 
0.0181073 0.0887253 0.00260713 0.0567185 5.97235e-06 0.0973014 0.0229177 0.120789 4.79062e-05 5.63784e-06 0.00307688 0.00637018 4.96369e-05 0.463674 0.0537651 3.44796e-05 0.0330801 7.55226e-06 0.00107752 0.0316387 
0.0113105 0.0904628 0.00741536 0.0078946 4.75934e-05 0.0472857 0.0437316 0.186434 0.000839153 0.00253796 0.00326536 0.105277 0.0103817 0.254748 0.164106 0.00956261 0.0150543 1.30016e-05 0.00111275 0.0385197 
3.75994e-05 0.0535065 0.000450716 0.00598294 2.85197e-05 0.186646 0.211244 0.0490069 4.07045e-05 0.0030421 6.15671e-05 0.00117956 2.0197e-10 0.358993 0.0503588 2.92435e-07 0.0601818 2.6059e-05 0.0189081 0.000305378 
0.0957914 0.118221 0.0245604 0.0576604 0.00010836 0.0133262 0.0339349 0.0848502 0.0109596 0.000710893 0.00424598 0.0223337 0.0140651 0.255417 0.177765 0.000101142 0.0433297 0.000308709 0.0381164 0.00419382 
0.031832 0.031323 0.0101179 0.0285904 3.31674e-05 0.00800494 0.0787887 0.282661 0.000869517 0.00127832 0.00383073 0.0275138 0.00773908 0.301718 0.152301 0.00719403 0.015785 4.4052e-05 0.00336965 0.00700572 
0.0178053 0.00631308 0.0240177 0.03383 3.59051e-09 0.000791924 0.00700481 0.249369 5.73109e-05 6.03492e-06 0.000255876 0.177319 2.49569e-05 0.258284 0.214013 3.99317e-06 0.00474671 1.89809e-06 0.00340472 0.00275105 
0.0583239 0.0905466 0.0163103 0.0155128 0.0017687 0.0141018 0.0282987 0.107061 0.00132131 0.00184579 0.0236131 0.0202414 0.00314025 0.316279 0.0916419 0.00402363 0.0323868 3.04457e-06 0.00108958 0.17249 
0.0340648 0.01627 0.0622865 0.0444056 1.60624e-05 0.0114437 0.0136143 0.0302505 0.00803379 0.00273609 0.00226746 0.0910137 0.0037767 0.58326 0.0491383 0.0145557 0.0136376 0.000340281 0.00783618 0.0110524 
3.68727e-06 0.0113108 1.52768e-06 1.28811e-05 0.00010076 0.000128288 0.0267819 0.0305864 0.000368782 2.92042e-06 5.17184e-07 0.00467181 2.88233e-05 0.91792 0.00102005 6.14147e-05 0.00660832 1.02891e-06 2.63794e-06 0.000387576 
0.0156469 0.122924 0.0047547 0.0662988 0.000309799 0.13808 0.0204209 0.0735691 0.00156707 0.0146204 0.00470809 0.0138052 0.00597462 0.330915 0.0552969 0.0121576 0.0176009 9.91892e-06 0.00683238 0.0945076 
0.0272634 0.00593096 0.0160462 0.0102128 2.26687e-06 0.00643132 0.0127958 0.0125644 0.00036314 0.000404515 0.000389402 0.0182461 0.00380959 0.848688 0.00492207 0.0227356 0.0040551 0.0010658 0.000549809 0.00352378 
0.0912323 0.0875721 0.0102212 0.0582449 0.000192277 0.0301911 0.0157248 0.0864705 0.00281645 0.00257191 0.00945142 0.0902771 0.0471815 0.14949 0.122922 0.00645037 0.0338879 3.84281e-05 0.0535538 0.10151 
0.00362636 0.00803953 0.000700329 0.00111445 0.00126909 0.00511331 0.170601 0.0991323 0.000989587 0.000576474 0.00429593 0.0339174 0.00916907 0.303871 0.0461659 0.00986892 0.00148797 6.11859e-07 0.000455392 0.299606 
0.0473919 0.0866891 0.0239998 0.0241497 0.000481907 0.0070433 0.0339561 0.167133 0.0051257 0.00248757 0.016033 0.0415053 0.00643014 0.378553 0.0685282 0.0372218 0.011118 0.0060323 0.00340339 0.0327171 
0.00803703 0.0291259 0.000885591 0.00262283 0.003142 0.00623546 0.00212213 0.0204161 0.0112186 0.000812644 0.0983726 0.0290579 0.00211337 0.439595 0.0338827 0.280095 0.0197937 0.0015415 0.000371087 0.0105591 
0.0217995 0.0615249 0.011056 0.187468 3.84665e-05 0.0014409 0.0993303 0.032918 0.0165504 0.000148644 0.0797276 0.0554702 0.00252418 0.193817 0.162345 7.64012e-05 0.00240724 1.56427e-05 0.0692811 0.00205993 
0.0917407 0.0709873 0.008728 0.181792 3.23093e-07 0.0124734 0.034046 0.108607 0.000471916 0.000695528 0.00250549 0.0180526 0.00194505 0.240264 0.0461525 0.0378052 0.0490901 1.87326e-08 0.00355414 0.0910882 
0.0648301 0.109428 0.00757532 0.0160282 0.00813603 0.0148496 0.0125367 0.265396 0.00221568 0.0027092 0.0135417 0.0466329 0.00380471 0.303723 0.0223659 0.0391263 0.0290132 0.00489581 0.0110856 0.0221064 
0.0169583 0.0445654 0.0131711 0.00966479 4.37283e-05 0.0043828 0.00350369 0.182534 0.00264955 0.000114191 0.0141506 0.0192433 7.00352e-05 0.554557 0.119012 4.61029e-05 0.00343298 5.50449e-05 0.00354881 0.00829659 
0.00265473 0.0260708 0.0113625 0.0893305 2.51074e-05 0.0529225 0.00236151 0.0639112 0.036462 0.0143978 0.0240233 0.0840463 0.00610633 0.482936 0.0689753 0.00821257 0.00744712 1.47836e-05 0.0100359 0.00870398 
0.00493372 0.0488924 0.00553438 0.0815039 4.90922e-10 0.0284681 0.182157 0.0168107 2.51999e-09 4.06899e-06 0.000314367 0.0378919 0.000672571 0.532769 0.0226875 3.96673e-05 0.00466955 3.33737e-07 0.0291681 0.00348227 
0.0683678 0.0470655 0.00581463 0.0147176 6.00225e-05 0.0148681 0.0664956 0.237853 0.00253524 0.000362939 0.00322217 0.0468652 0.00380377 0.384747 0.0493921 0.00689698 0.0284466 0.000153181 0.0033302 0.0150022 
0.0175317 0.031281 0.00242761 0.00614391 0.0276018 0.025967 0.00619655 0.0638102 0.00272331 0.00252048 0.0492931 0.133917 0.0366621 0.437136 0.104612 0.0110302 0.0230861 4.48127e-07 0.000859225 0.0172002 
0.0127746 0.0589573 0.00160914 0.0519135 0.000138801 0.0115579 0.0500469 0.104942 0.00536249 0.00417583 0.00844115 0.0256169 0.0106046 0.356604 0.248954 0.0328451 0.00926157 6.03258e-07 0.00135849 0.00483543 
0.00167289 0.0129726 0.000545701 0.00349466 1.69757e-07 0.00403602 0.00252353 0.0571667 0.000482982 0.000459901 0.00934741 0.0218255 0.00216893 0.444771 0.0226385 0.109502 0.0116706 3.14172e-08 7.6899e-05 0.294644 
0.0310311 0.0138231 0.0505084 0.0480885 8.04755e-05 0.0110314 0.0168586 0.264202 0.000390979 0.00296008 0.00530068 0.0316791 0.0032332 0.389655 0.0394304 0.0202872 0.00543517 1.88795e-08 0.00692884 0.0590764 
0.0325255 0.0388728 0.0124639 0.0293585 6.01392e-05 0.00453511 0.0759443 0.203716 0.00284077 0.0120913 0.0027418 0.040811 0.00155204 0.287356 0.219227 0.00525942 0.0189043 0.000454285 0.00429745 0.00698765 
0.0050704 0.0252288 0.00283315 0.00696532 4.45985e-08 0.00466336 0.00437226 0.197463 0.0510397 0.00126737 0.0835466 0.102813 0.00933252 0.321209 0.126358 0.0237293 0.00440965 4.63619e-09 0.00150898 0.0281901 
0.0917537 0.00570103 0.00671505 0.00346027 4.51752e-06 0.0119598 0.0423453 0.00941756 9.69671e-07 0.000604386 7.88306e-06 0.00866882 0.000521065 0.799378 0.0145122 0.00122109 0.00306296 3.06375e-06 0.000653034 9.46186e-06 
1.03325e-06 0.000157261 0.000109927 0.0159663 5.20946e-09 0.00817495 0.0668308 0.030779 0.000189034 0.000220108 0.00218747 0.192509 0.0037906 0.469664 0.187026 0.000126835 0.00985259 7.38747e-06 0.000125819 0.0122815 
0.0105167 0.0272122 0.00767734 0.0368514 0.00139274 0.112017 0.15636 0.107579 5.11866e-05 0.00103854 9.41716e-05 0.128031 0.00233378 0.220982 0.17971 1.18824e-06 0.00703292 1.53019e-05 0.000405938 0.000697102 
0.000522323 0.0263001 0.0203214 0.0882051 3.62637e-05 0.0427261 0.0167956 0.0249348 0.000322692 0.00517166 0.047065 0.207277 0.00544008 0.40335 0.0543878 0.0064407 0.0294364 4.77565e-08 0.000727224 0.0205392 
0.00381142 0.0362757 0.00124269 0.00833951 5.81201e-06 0.00210735 0.0172939 0.0739568 0.00712145 0.000416613 0.00719018 0.0311752 0.0041403 0.365017 0.234457 0.0835161 0.0048243 6.10591e-06 0.000262167 0.11884 
0.0207055 0.0763429 0.00540572 0.0220341 0.00126357 0.0148272 0.0119099 0.0931015 0.00153318 0.00151834 0.0306953 0.0714554 0.00189806 0.54452 0.0628078 0.00472423 0.0161789 0.000142984 0.00315413 0.0157817 
0.0700411 0.0156915 0.0105171 0.0470575 1.47133e-06 0.0214431 0.0672961 0.0257249 0.00217065 0.000767688 0.0143409 0.0711937 0.028247 0.302196 0.00901027 0.00472652 0.265883 2.35963e-09 0.00056842 0.0431232 
0.0946079 0.112334 0.0394879 0.0133822 1.95372e-05 0.0280057 0.0321635 0.130561 0.000440542 0.0021825 0.0100655 0.00306535 0.0276281 0.278991 0.033036 0.118207 0.0247688 5.02723e-09 0.00131553 0.0497381 
0.00181229 0.120381 0.00155033 0.0103624 0.0022861 0.015476 0.0356501 0.128152 0.00165697 0.00128486 0.0205484 0.125252 0.00149898 0.404591 0.0282141 0.0266431 0.0670906 0.00195713 0.000392745 0.00519998 
0.00906686 0.0282179 0.00164399 0.106019 0.00248369 0.00191593 0.0085953 0.0271953 0.0704778 0.0190665 0.0466199 0.152424 0.00555961 0.291284 0.099598 0.0355608 0.0106055 3.08097e-05 0.0189755 0.0646595 
2.14735e-06 4.63424e-05 2.39713e-07 2.52625e-06 6.18858e-09 1.19701e-05 0.0101468 0.0791545 1.62647e-07 6.31634e-07 2.13326e-09 4.74598e-06 9.01367e-07 0.908868 0.00172234 2.62339e-07 2.30184e-05 4.24399e-09 4.32072e-06 1.14506e-05 
0.0240693 0.0348388 0.0110274 0.0165696 4.36597e-06 0.00402461 0.0559987 0.0564322 0.00610771 0.000325292 0.0328233 0.0146416 0.00286122 0.678782 0.0375293 0.0114967 0.00208932 0.000148281 0.000466577 0.00976364 
0.0151685 0.0602468 0.000588934 0.00203289 1.31737e-07 0.00687292 0.0780828 0.28824 4.55539e-06 0.000195985 0.00034769 0.000989418 2.9395e-05 0.39441 0.137348 0.00314926 0.00807342 2.60105e-07 0.000509032 0.00370973 
0.00399036 0.0304327 0.00679511 0.022875 1.91698e-06 0.00929157 0.00226912 0.00432972 0.00852936 0.00460892 0.155015 0.212497 0.00890022 0.294353 0.00679861 0.00792502 0.148258 4.30054e-06 0.0126558 0.0604688 
0.00012702 0.00268682 1.12773e-07 0.00215693 0.259257 0.0375589 0.0725848 0.00574141 4.56785e-05 2.84979e-05 0.000234633 0.00269339 0.000259455 0.609615 0.00294733 2.08419e-09 0.00348114 1.14092e-08 1.02861e-05 0.000571997 
0.00903641 0.0303352 0.00827272 0.0204635 0.000348047 0.0310254 0.0713245 0.17735 0.00122899 0.00179114 0.00333109 0.0945294 0.0055666 0.424228 0.0896857 0.00322095 0.0126151 0.000148559 0.00453719 0.010961 
0.0270501 0.0940248 0.0207615 0.0324633 0.00858287 0.00909203 0.00882686 0.093396 0.0559299 0.00153391 0.0166642 0.129086 0.000912117 0.272547 0.129803 0.00270417 0.0523752 0.000292319 0.0290586 0.0148964 
0.00218487 0.00480157 0.00533448 0.011908 0.0637259 0.00552673 0.00591364 0.0521514 0.00282566 0.00200982 0.117198 0.173903 0.0186238 0.273009 0.09159 0.033268 0.0083694 3.43238e-07 0.00107379 0.126583 
0.01721 0.0922514 0.00774626 0.0112104 0.00067706 0.0795732 0.117079 0.14819 0.0203336 0.00155266 0.00167492 0.0147609 0.007411 0.223344 0.16469 0.0710093 0.00370856 5.07238e-06 0.000786784 0.0167864 
0.00719668 0.0232141 0.0318703 0.092215 7.27195e-05 0.0375017 0.0427924 0.101889 0.000125947 0.00100221 0.00101045 0.0698044 3.22006e-05 0.383705 0.15902 5.95508e-05 0.0425887 0.000135566 0.00380891 0.00195499 
0.00708272 0.0196722 0.0122044 0.0325964 3.01373e-05 0.0485401 0.031814 0.0341631 0.0377219 0.00727861 0.0586142 0.177067 0.0125387 0.375075 0.0646811 0.0256516 0.00331784 4.91061e-05 0.00293385 0.0489677 
0.00134592 0.027958 0.000980705 0.000183001 6.22193e-07 0.163323 0.00454332 0.0523027 0.00115273 0.000864534 0.0069141 0.00275348 0.0046124 0.616733 0.00438799 0.05891 0.00428902 1.24574e-10 0.00010164 0.0486432 
0.00616433 0.0557106 0.00176556 0.0347668 2.25109e-05 0.00576262 0.0108599 0.0791922 0.00112101 0.00166211 0.074247 0.00904509 0.00367655 0.415782 0.0472677 0.0316258 0.0178397 2.80022e-06 0.0366218 0.166864 
0.0142077 0.00906251 0.00248296 0.000251536 0.000118359 0.00634475 0.0228632 0.214646 0.0023704 0.00328095 0.0222933 0.00420278 0.0159257 0.574148 0.0243251 0.0255929 0.0223453 9.06067e-10 0.000419325 0.0351194 
0.0268577 0.0145186 0.000266856 0.0380852 2.80543e-09 0.013795 0.0684088 0.0354648 0.00152346 0.000631076 0.0192336 0.117657 0.00413161 0.579775 0.0581214 0.00566038 0.0104739 2.42695e-07 0.000972721 0.00442242 
0.0139629 0.0161663 0.00435998 0.0322348 1.43679e-05 0.00273173 0.0131717 0.221893 0.0128879 0.013088 0.0155728 0.120157 0.00641 0.393631 0.105255 0.00582484 0.00480555 0.000310103 0.00200661 0.0155166 
0.00479906 0.00844858 0.0010041 0.0933072 3.00329e-07 0.0164284 0.0195529 0.170585 0.0133241 0.00036294 0.00261245 0.139386 0.00382651 0.361079 0.142775 0.00587981 0.00762502 6.93381e-05 0.00192037 0.00701399 
0.00914414 0.0177955 0.00216268 0.0607242 2.11556e-07 0.00365033 0.0946244 0.279866 0.00320932 0.000259967 0.000411839 0.0387891 0.000688956 0.293117 0.184032 4.03545e-05 0.00507898 2.605e-05 0.00142871 0.00495104 
0.00226044 0.103918 0.00487353 0.0189395 0.00202081 0.0786349 0.060483 0.094389 0.000479672 0.000879994 0.00543339 0.0293497 0.00522185 0.286431 0.0749337 0.0796251 0.106396 1.47786e-06 0.00097408 0.0447552 
0.0101151 0.0277789 0.0505312 0.0266233 0.000153964 0.0738852 0.0854578 0.255793 0.000875057 0.00140099 0.00459685 0.0364918 0.00275643 0.291232 0.0625265 0.0217147 0.0157567 2.74874e-05 0.004231 0.0280515 
0.0744314 0.0794118 0.0387542 0.0237166 2.86757e-05 0.0134557 0.0447927 0.181794 0.00182271 0.000721596 0.0130583 0.0283956 0.00666396 0.329969 0.0614121 0.0567066 0.00696323 6.23244e-06 0.0133429 0.0245527 
0.0767774 0.0663066 0.0265693 0.0410082 0.00296869 0.00885021 0.16002 0.166329 0.00375563 0.000521142 0.00716002 0.0327645 0.00148694 0.236595 0.118631 0.00739904 0.00994263 5.78518e-05 0.00779538 0.0250615 
0.014354 0.0423473 0.00271168 0.0399025 0.000609625 0.050269 0.0651156 0.0534234 0.000779124 0.0037568 0.00396027 0.165971 0.00177766 0.244538 0.163049 0.0308571 0.102013 5.31676e-06 0.000991899 0.0135675 
0.0074843 0.00354307 0.000737393 0.0206872 4.68578e-07 0.048264 0.0630442 0.101419 6.52616e-05 0.000912051 0.000697734 0.218953 0.100493 0.253635 0.156068 0.00137115 0.0153755 1.3255e-10 0.00100221 0.00624827 
0.143361 0.0513627 0.0329549 0.115568 1.9034e-05 0.0183711 0.0142708 0.0871577 0.000947716 0.00304851 0.0768256 0.030105 0.00291873 0.34754 0.0477717 0.00127886 0.01819 2.53742e-06 0.00675811 0.00154791 
0.0180196 0.00737051 0.0312426 0.014408 3.7968e-06 0.00248178 0.011751 0.0288596 0.00332482 0.00329904 0.217847 0.0602208 0.150451 0.403489 0.0138795 0.0124456 0.00276188 6.46029e-06 0.00288661 0.0152516 
0.0860789 0.00867426 0.0109773 0.0311891 5.90937e-06 0.105056 0.0983248 0.0397507 0.045497 0.000498602 0.15658 0.133496 0.00604348 0.213125 0.0227865 0.0175444 0.00840616 1.55005e-05 0.000963862 0.0149875 
0.000589481 0.00379883 0.00084811 0.00831889 1.5483e-07 0.027183 0.250676 0.0539883 1.3911e-07 6.40128e-06 1.56311e-07 0.00221274 0.000739482 0.411446 0.0548489 0.00465378 0.0528547 2.44296e-07 0.000340125 0.127495 
0.0332718 0.058862 0.00268029 0.0299148 0.000197696 0.00817085 0.0175837 0.023608 0.000289432 0.00121608 0.194298 0.011843 0.00163719 0.467623 0.022182 0.100657 0.00606151 0.000332285 0.000939586 0.0186314 
0.0909849 0.193158 0.01182 0.0371734 2.0807e-06 0.00248682 0.0163761 0.0290404 0.000270734 0.00706274 0.0140816 0.112572 0.00336762 0.368721 0.038743 0.00578774 0.00527989 5.18279e-05 0.0316565 0.0313627 
0.0181607 0.0620851 0.00904833 0.0289792 8.41639e-05 0.0187775 0.0121749 0.128213 0.00218975 0.000607299 0.015737 0.0201294 0.0112423 0.473853 0.0561704 0.0253056 0.00620425 2.23267e-08 0.00102276 0.110014 
0.0207235 0.0316604 0.0571299 0.0643466 0.000161148 0.0201721 0.020513 0.0870096 0.00419488 0.00279891 0.0560819 0.1918 0.0168354 0.247617 0.0551922 0.088129 0.00695553 1.57027e-05 0.00453323 0.0241298 
0.0513206 0.0597839 0.0148013 0.0327918 0.000354518 0.0170814 0.0612214 0.203891 0.00118221 0.00215361 0.00597876 0.0578424 0.00562202 0.220081 0.146128 0.00745028 0.0909107 0.000438213 0.00675036 0.014216 
0.0269903 0.0720081 0.00832711 0.0289219 0.000658705 0.0514364 0.0903878 0.198552 0.000694981 0.00208692 0.00600893 0.0179255 0.00177082 0.233789 0.155096 0.0036897 0.0641125 0.000302588 0.00565395 0.0315861 
0.00635953 0.0153919 0.00260777 0.0201434 3.15595e-08 0.00808871 0.0320898 0.274045 0.00575464 0.00588343 0.00409362 0.0205291 0.00447658 0.488968 0.0749004 0.00864265 0.00571835 6.21192e-06 0.00135433 0.0209466 
0.0169463 0.0633974 0.00720588 0.0168447 0.000440249 0.00676442 0.0121359 0.0402048 0.156555 0.000104769 0.0613387 0.050395 0.000266667 0.440845 0.0752192 0.024379 0.0114937 0.000480273 0.00325267 0.0117301 
0.0177293 0.0244064 0.00300402 0.0141432 1.92861e-06 0.00206003 0.0114508 0.140123 0.111799 0.000203845 0.00549403 0.0292622 2.16585e-05 0.543729 0.0704329 0.0137204 0.00361001 0.00365243 0.00488772 0.000267861 
0.00971182 0.0274475 0.0266305 0.0042482 4.73016e-07 0.0110505 0.00950127 0.127657 0.0678906 0.00401618 0.0510574 0.177344 0.0290802 0.282581 0.0298173 0.0642726 0.00455917 8.85724e-13 8.44776e-05 0.0730491 
0.0143138 0.10404 0.0010921 0.00239688 1.67376e-07 0.0249227 0.0204883 0.0431622 0.000884734 0.000364621 0.085309 0.0132511 0.00254051 0.307141 0.0528617 0.0209377 0.00319605 8.63063e-11 0.000870242 0.302228 
0.00797238 0.104344 0.0042903 0.00748206 1.62064e-07 0.00150035 0.0261495 0.0410532 6.03982e-06 0.000355765 0.150747 0.0182431 0.0010135 0.371534 0.0685259 0.0964935 0.0120139 2.87382e-08 0.0180887 0.0701868 
0.00632017 0.0513647 0.0317421 0.00920159 2.49381e-08 0.0159531 0.0340557 0.256271 0.000604976 0.00165619 0.00144927 0.0495568 0.0378374 0.285449 0.0318397 0.00786382 0.00688482 4.21533e-06 0.000788065 0.171157 
0.0168204 0.213122 0.00154745 0.00240019 0.000137042 0.0192827 0.134394 0.0814377 0.000408038 0.00047357 0.0012835 0.00140651 0.00154896 0.265668 0.104848 0.0752348 0.0380686 0.000233023 0.000429483 0.0412564 
0.0327299 0.0381068 0.00774222 0.00602077 0.00458808 0.00335809 0.0370383 0.0847412 0.00222624 0.00134719 0.109283 0.021333 0.000908242 0.495762 0.0972009 0.0370707 0.0170752 2.77355e-05 0.000980079 0.00246135 
0.00646222 0.0517695 0.0273346 0.0186264 3.32276e-05 0.00134862 0.0537184 0.253546 1.03858e-05 0.000326615 0.000309927 0.0103022 0.000774123 0.48958 0.0209158 0.000243933 0.0627457 8.22783e-06 0.000260577 0.0016832 
0.0278915 0.206627 0.0281129 0.0255041 4.82132e-05 0.0105565 0.0261123 0.157054 0.000470686 0.000994325 0.00917344 0.0276844 0.0123554 0.279759 0.111292 0.0178449 0.0359323 5.06238e-05 0.0067855 0.0157507 
0.0198385 0.112318 0.00659805 0.0130572 0.00101998 0.0314777 0.00882348 0.107994 0.00527954 0.0048349 0.086057 0.0833018 0.00246376 0.28943 0.167006 0.033974 0.00883469 0.00580901 0.00390747 0.00797494 
0.0126498 0.0755952 0.010482 0.0241234 0.0172755 0.0825049 0.0542357 0.0708563 0.0306298 0.00225734 0.0187321 0.00769196 0.00133967 0.36513 0.157181 0.0222577 0.030947 0.000651153 0.00344335 0.012016 
0.0361125 0.0694253 0.0142197 0.157465 3.96564e-09 0.00864935 0.113191 0.0352334 0.0589313 0.000415337 0.0631994 0.0864193 0.00169687 0.17149 0.109664 0.000349058 0.00578745 0.000162633 0.0674146 0.000173542 
0.0233257 0.0492459 0.00149802 0.0122088 0.0031012 0.0500049 0.0254414 0.185485 0.000821683 0.00112542 0.00132192 0.0177033 0.00321028 0.478789 0.0721153 5.51946e-05 0.0227486 6.20119e-05 0.000807511 0.0509296 
0.0143855 0.0106639 0.00932919 0.0132734 1.82486e-05 0.00364066 0.00504637 0.172631 1.65007e-06 0.000363658 0.00650205 0.0474498 0.00593418 0.630038 0.0564514 0.000239614 0.0111578 0.000826173 0.00235775 0.00968893 
0.0185258 0.184036 0.0133502 0.0140154 1.93646e-05 0.0411132 0.0165943 0.0244719 0.00091968 0.00207811 0.00309426 0.000427421 0.0123536 0.229737 0.106044 0.0246387 0.134169 4.38641e-08 0.00794566 0.166466 
0.0549475 0.0600694 0.00802706 0.0408617 8.74693e-06 0.0438476 0.0748189 0.0941175 0.00578183 0.00230911 0.0404457 0.0703515 0.00085097 0.344712 0.107719 0.0042418 0.0154515 6.23537e-05 0.00597972 0.0253965 
0.00465772 0.00867236 0.00152908 0.000415357 2.64284e-08 0.00976514 0.0423293 0.235214 0.00282284 0.00209061 0.00418487 0.00278652 0.0158353 0.576238 0.0178338 0.0295563 0.00310168 1.6611e-13 6.19579e-05 0.0429053 
0.00581976 0.055156 0.0245019 0.0418812 2.98606e-05 0.00487609 0.0186268 0.13113 0.00155667 0.0064878 0.00398911 0.0900578 0.0293493 0.448897 0.0805744 0.00698139 0.00978168 2.04165e-06 0.000695463 0.0396063 
0.0154767 0.0778608 0.0145223 0.019066 2.09098e-05 0.0217931 0.024051 0.147194 0.000264363 0.000606556 0.0072808 0.0354108 0.0018527 0.466497 0.0562186 0.0258584 0.0584113 0.000207301 0.0214822 0.00592462 
0.0534596 0.0717623 0.0158848 0.0239174 0.00356834 0.0103146 0.0827595 0.208755 0.00317652 0.0197899 0.0120272 0.041733 0.00427297 0.267003 0.137834 0.0111324 0.0135083 0.000455184 0.00735186 0.0112942 
0.0564001 0.129675 0.0161011 0.0211321 8.96795e-05 0.010967 0.0134272 0.152214 0.0120187 0.00187761 0.00543744 0.0865981 0.00482864 0.22811 0.163526 0.0299794 0.00853051 0.000254844 0.00985821 0.0489738 
0.0169463 0.0633974 0.00720588 0.0168447 0.000440249 0.00676442 0.0121359 0.0402048 0.156555 0.000104769 0.0613387 0.050395 0.000266667 0.440845 0.0752192 0.024379 0.0114937 0.000480273 0.00325267 0.0117301 
0.0432491 0.0389438 0.00444131 0.0246376 1.93256e-05 0.0119423 0.0380224 0.0797796 0.00128197 0.000304744 0.00913721 0.0255729 0.00356635 0.604338 0.0559714 0.0333892 0.00631652 0.000500198 0.000881062 0.0177046 
0.00562905 0.0563841 0.000150188 0.0177193 2.85691e-12 0.0107036 0.119056 0.0990268 7.67819e-07 4.09421e-05 2.69326e-06 0.00667078 0.000624697 0.579049 0.0751891 4.14861e-05 0.00903691 3.90611e-09 0.00116785 0.0195068 
0.0254624 0.0710631 0.00790085 0.0119355 0.000148438 0.0231886 0.0255021 0.321137 0.0045571 0.00121208 0.00242607 0.0135518 0.00463391 0.343857 0.0796923 0.012615 0.0298574 0.000136967 0.00578893 0.0153326 
0.0065653 0.018547 0.0033707 0.0229419 3.12885e-05 0.100729 0.00939231 0.0998253 0.00432321 0.00398731 0.00480678 0.0929916 0.00570653 0.473316 0.0703941 0.0440322 0.00925812 2.31938e-07 0.00171619 0.0280642 
0.00419983 0.0281378 0.00741217 0.0258262 1.26298e-06 0.00452718 0.10495 0.121705 2.72278e-06 0.00016671 0.0098277 0.00265735 0.000715691 0.49346 0.160926 0.0120884 0.0114118 2.65119e-09 0.00223584 0.00974797 
0.00264935 0.0166022 0.000368512 0.00503313 0.000292893 0.0350483 0.198767 0.0320112 0.000489993 0.0010235 0.0147919 0.00675914 0.00175752 0.542406 0.0432262 0.0751963 0.0175202 1.823e-07 0.000175423 0.00588084 
0.00357656 0.0368442 0.00152262 0.0426393 2.77784e-07 0.0159598 0.0397369 0.033113 0.000823569 0.000771502 0.0252787 0.0435217 0.00189723 0.484072 0.0398579 0.128481 0.0082309 4.09505e-08 0.00350732 0.090165 
0.0387967 0.0226411 0.0483699 0.0495525 8.05739e-05 0.00521835 0.00966605 0.204492 0.000384988 0.0130857 0.00530105 0.0411587 0.00228641 0.376263 0.058831 0.0216634 0.00558202 2.21416e-08 0.00962353 0.0870035 
0.0392109 0.00920651 0.0584898 0.0359338 0.00240691 0.00213411 0.0210191 0.0809773 0.00732948 0.000915449 0.0102996 0.208957 0.000574039 0.359702 0.134133 0.0122949 0.0104778 0.00255512 0.0022945 0.00108877 
0.0712145 0.040554 0.00122842 0.0491051 1.13329e-06 0.0358465 0.0788347 0.0774624 7.75666e-07 0.00299782 0.00110638 0.059921 0.00119154 0.471385 0.0691737 0.0023631 0.033829 1.56918e-05 0.00149643 0.00227236 
0.00564767 0.149784 0.0284377 0.015414 0.000216848 0.00865927 0.0106154 0.0740027 0.00337582 0.00646296 0.0703536 0.0181949 0.0205138 0.278205 0.136677 0.02692 0.00913182 3.29715e-07 0.0505586 0.0868286 
0.0182626 0.020861 0.000324406 0.000761919 1.44556e-05 0.0121788 0.00354728 0.13728 0.00169803 0.000503074 0.00828747 0.00348602 0.00228632 0.703691 0.0297505 0.0294722 0.0140711 6.2916e-06 5.06652e-05 0.0134669 
0.0035947 0.0825092 0.00789356 0.0302254 1.08487e-05 0.00866663 0.0778952 0.266919 0.00328759 0.000644439 0.00320284 0.00763713 0.00315501 0.344828 0.111041 0.00401086 0.0221273 3.22301e-05 0.00239751 0.0199219 
0.00154838 0.0298521 0.000405081 0.0020923 4.30379e-06 0.0256507 0.0332775 0.0108871 0.00154402 0.00116493 0.0899105 0.00261287 0.0040484 0.696585 0.0218231 0.0644711 0.00261252 7.92655e-10 9.79596e-05 0.0114126 
0.00883814 0.0672603 0.00741135 0.0154048 2.99343e-06 0.198345 0.123621 0.0383279 0.000296251 0.00436001 0.00361047 0.00380809 0.0021225 0.394959 0.0181974 0.0475342 0.0160477 8.34973e-08 0.00184942 0.0480037 
0.0129556 0.00710818 0.000542107 0.00271722 5.72774e-09 0.00884309 0.0133098 0.0280454 7.64124e-06 0.0020442 0.00596376 0.0445307 0.000418871 0.767059 0.00939571 0.00345847 0.00063042 3.92795e-09 0.000432109 0.0925381 
0.0649186 0.0546595 0.0384626 0.0170758 5.32289e-06 0.0181856 0.133636 0.0984059 2.86443e-05 0.00033059 0.00393802 0.0375566 0.0560902 0.154567 0.044228 0.000142333 0.126879 0.000618595 0.0263211 0.12395 
0.097275 0.00921641 0.0213005 0.0233156 3.37451e-05 0.00445307 0.0163346 0.0331516 0.0329034 0.00261474 0.129276 0.22994 0.0382251 0.302743 0.0319107 0.00552597 0.00881792 4.48816e-05 0.00190985 0.0110081 
0.0382294 0.124555 0.000805352 0.00419152 0.000917521 0.010569 0.0167342 0.0241059 0.000375346 0.000918617 0.299662 0.0241797 0.00517786 0.361717 0.0295855 0.00545069 0.00287943 0.031584 0.0014597 0.0169021 
0.0264757 0.0981348 0.0338759 0.0445724 0.0142848 0.0107157 0.0558149 0.106571 0.035876 0.00200971 0.0840191 0.0732117 0.00655456 0.138718 0.0629215 0.0204124 0.0819611 3.3629e-06 0.00259263 0.101275 
0.0264559 0.0299908 0.0350936 0.0933486 5.38381e-05 0.197583 0.042218 0.088952 0.00260851 0.00509422 0.00274337 0.057871 0.0176868 0.274394 0.0619478 0.0149859 0.00699409 7.38732e-05 0.0149382 0.0269668 
0.0549108 0.0726836 0.00937963 0.0400157 5.29196e-05 0.0279494 0.0517632 0.160691 0.00145341 0.0103284 0.0108306 0.0410895 0.00101769 0.394839 0.0608528 0.000726721 0.0506364 0.000295366 0.000805719 0.00967849 
0.141679 0.137981 0.0221929 0.0371021 0.00102746 0.0258739 0.033641 0.108276 0.00202518 0.000527156 0.0056891 0.038587 0.00598969 0.20075 0.11958 0.00754701 0.0756984 0.00085719 0.00589203 0.0290845 
0.00669524 0.0498679 0.000260162 0.00114853 1.70591e-07 0.00277026 0.033757 0.0271197 0.000584085 0.000382134 0.351604 0.00479302 0.00640656 0.414374 0.0581271 0.0327273 0.00377623 1.92146e-08 0.000129984 0.00547628 
0.00609252 0.0593462 0.000300394 0.00254132 0.00635947 0.0285179 0.00339717 0.0174965 0.000979927 0.00058621 0.0921255 0.0172782 0.00112575 0.704027 0.0192678 0.00330247 0.0176807 0.000371112 7.77659e-05 0.0191264 
3.51066e-08 4.08697e-08 3.91246e-09 0.0007333 9.81614e-13 0.0168919 0.0127005 0.0849651 2.59521e-09 1.02561e-08 3.38371e-13 0.000526933 3.82447e-05 0.479392 6.77919e-08 1.22972e-13 0.00341958 6.799e-11 6.70894e-05 0.401265 
0.0487516 0.101776 0.0163009 0.041992 0.000829606 0.0231646 0.102548 0.164359 0.000976751 0.000972198 0.00335944 0.0248306 0.00263028 0.256266 0.109061 0.0168351 0.0483023 0.000111952 0.00370858 0.033224 
0.0263007 0.0529358 0.00318014 0.00527831 0.00328745 0.0163307 0.203849 0.0301942 0.000491428 0.00182926 0.0277754 0.0163591 0.00887334 0.511853 0.0255206 0.0401518 0.00871413 2.86073e-08 8.76618e-05 0.0169881 
0.016126 0.0497738 0.0055162 0.0558473 0.000103785 0.0556265 0.0109708 0.100638 0.00336655 0.00330729 0.0335966 0.168073 0.0619885 0.29074 0.0911025 0.0103593 0.00884458 5.46854e-05 0.00613689 0.0278278 
0.00418927 0.0703416 0.00304189 0.0382896 0.000218709 0.264587 0.035587 0.0278838 0.00347673 0.00578731 0.00529523 0.014773 0.00697075 0.363149 0.0926457 0.00694114 0.0124194 2.46538e-06 0.00299555 0.0414053 
0.000356398 0.000411288 6.46209e-05 0.00764464 1.81757e-06 0.00571994 0.0401403 0.0156152 1.42212e-06 3.78105e-06 1.14686e-05 0.0036175 0.00109963 0.907756 0.0101371 8.55857e-07 0.00403328 1.24645e-06 0.00315054 0.000232951 
0.0174288 0.0287942 0.0169084 0.0993368 1.77535e-06 0.0888201 0.0121318 0.0646782 0.00106841 0.0573908 0.0111291 0.166953 0.0175584 0.257929 0.0138712 0.0187827 0.0456577 0.000137553 0.00669694 0.0747245 
0.115655 0.0340065 0.00254639 0.0145584 0.00046597 0.0282667 0.0476793 0.157016 0.00702787 0.00390785 0.0581938 0.16282 0.0409817 0.213435 0.0427069 0.0121153 0.0321745 7.77241e-06 0.0021259 0.0243088 
0.000956715 0.0111993 0.000522935 0.0412408 1.06757e-05 0.0243745 0.0382173 0.201712 0.00499349 0.00015171 0.000275235 0.0108956 0.000146701 0.610433 0.0428258 0.000117609 0.000840223 8.09204e-05 0.000735374 0.0102701 
0.0880048 0.13419 0.0088966 0.0546825 2.15822e-08 0.000220645 0.0155165 0.0911566 0.0279878 5.54476e-05 0.114355 0.0199497 0.000107102 0.238085 0.167384 0.000118999 0.00137615 4.02404e-08 0.00856595 0.0293466 
0.145172 0.0424 0.0199953 0.0146952 3.07591e-05 0.00529997 0.0244183 0.192812 0.00340434 0.0326941 0.00686245 0.0359191 0.00495742 0.318273 0.108201 0.00118125 0.0348757 0.000248628 0.00317093 0.00538854 
0.0384654 0.0240934 0.00701866 0.00511188 5.40856e-05 0.0099372 0.0228117 0.288848 0.00125922 0.00138013 0.00825902 0.0135216 0.0114529 0.417825 0.0720667 0.0383131 0.00824441 6.93752e-05 0.00113917 0.0301289 
0.00311754 0.000526509 0.0089159 0.0184591 0.0189101 0.000263308 0.00592084 0.0992947 0.0010071 5.75513e-06 1.88474e-05 0.127024 0.000781157 0.642152 0.0624099 0.000142658 0.00487535 0.000547289 0.00121167 0.00441625 
0.00500497 0.0108276 0.0790462 0.102618 1.44086e-05 0.00266943 0.124844 0.0850821 0.0013543 0.00497809 0.0100146 0.0856951 0.00490636 0.263898 0.182732 0.025467 0.00321013 8.88622e-07 0.00187637 0.00576058 
0.0250251 0.0684088 0.0234389 0.0732723 3.99005e-07 0.0323049 0.0559368 0.0359055 0.0124147 0.00719961 0.0483263 0.0676658 0.00772511 0.319531 0.164149 0.00777831 0.0112974 2.61893e-06 0.000568284 0.0390496 
0.0559389 0.237417 0.0026119 0.0102136 0.00350902 0.0238671 0.011009 0.0483229 0.000699838 0.000742204 0.0572744 0.0190593 0.00364918 0.446461 0.0374217 0.0020356 0.0127184 0.00368604 0.000814072 0.0225493 
0.00417661 0.0187566 0.00281918 0.00793038 0.00262783 0.00272374 0.00855685 0.0183934 0.227119 0.0040739 0.0572345 0.135612 0.0104106 0.44122 0.0173596 0.00475273 0.00408369 1.50633e-07 0.00010203 0.0320463 
0.00119019 0.0356714 2.08376e-05 0.00781008 7.21416e-05 0.000606185 0.086348 0.0195853 3.83572e-06 3.5041e-05 0.0152501 0.00221241 2.38776e-05 0.707575 0.0797725 0.00150757 0.0167512 8.27297e-07 0.000610085 0.0249535 
0.000488565 0.0161197 1.56304e-05 0.00243626 2.03254e-06 0.0162732 0.0311595 0.24806 7.32172e-09 0.00187838 3.01799e-08 0.00795308 7.08167e-07 0.592788 0.0212677 2.97411e-07 0.0471685 3.28052e-06 0.000735359 0.013649 
0.0134997 0.105362 0.00128865 9.60372e-05 4.49823e-07 0.0234527 0.0781429 0.218361 8.53625e-06 2.83656e-05 0.00279852 0.00163466 0.000138767 0.488931 0.0127534 0.00196617 0.016696 0.000101494 0.000720412 0.0340186 
0.0336442 0.16858 0.00489775 0.022986 0.000492779 0.0214775 0.0590904 0.195056 0.000438703 0.00120276 0.00493818 0.0154371 0.039429 0.243891 0.132005 0.011334 0.0113372 0.000425507 0.00207698 0.0312606 
0.0165388 0.0262744 0.00255114 0.0067454 9.82449e-06 0.0149922 0.0287518 0.14015 0.00510882 0.000421562 0.0146101 0.0275753 0.00265249 0.601746 0.0764044 0.0107155 0.00489272 0.00014806 0.000587951 0.019124 
0.0055057 0.00955998 0.0295369 0.0524241 1.74422e-05 0.0226624 0.0322311 0.0357363 0.0903604 0.00216072 0.0153293 0.116626 0.00240767 0.472427 0.0448259 0.0332424 0.00904979 6.86118e-07 0.00731402 0.0185822 
0.0223381 0.021539 0.0151578 0.0724631 1.27273e-06 0.157942 0.102639 0.0606215 0.00327748 0.00277139 0.00703137 0.150979 0.0549225 0.243492 0.0352242 0.00652345 0.0130812 5.18231e-07 0.0133657 0.0166287 
0.0123245 0.0126482 0.0275075 0.032282 5.75452e-05 0.00903734 0.0625068 0.119459 0.0114678 0.00118824 0.0717771 0.16442 0.00381217 0.271918 0.124405 0.00704419 0.0468051 9.8893e-05 0.00314065 0.0180995 
0.0128535 0.0570219 0.0125978 0.0406968 4.08411e-05 0.19475 0.0978704 0.0516302 0.00714675 0.00421265 0.010202 0.0269203 0.0151248 0.200518 0.129275 0.014767 0.0523492 0.000172401 0.00601992 0.0658311 
0.043201 0.0133544 0.015651 0.151492 2.14026e-06 0.025036 0.0550196 0.0714796 0.000159081 0.000288191 0.00435932 0.1648 0.0114825 0.203167 0.136769 3.46879e-06 0.0846071 1.63984e-08 0.0188627 0.000265552 
0.0291389 0.0109077 0.0399107 0.0448058 1.71205e-06 0.0219857 0.00992062 0.0278405 0.0221805 0.0077825 0.0826183 0.161973 0.0447379 0.280274 0.043856 0.00760314 0.136897 1.28567e-07 0.00037231 0.0271938 
0.0273171 0.0233133 0.000884616 0.00779519 3.80896e-06 0.00571692 0.000531251 0.0542792 0.00110329 3.62946e-05 0.113777 0.0937344 0.0027053 0.44338 0.219607 0.000362517 0.000395987 2.26705e-06 0.00106882 0.00398535 
0.0303175 0.0608653 0.0210762 0.00996438 0.00167905 0.0204381 0.00428378 0.228515 0.00531439 0.00158503 0.0135458 0.08429 0.01813 0.310434 0.0966517 0.0234528 0.0207445 3.51467e-05 0.000465989 0.0482109 
0.0177454 0.25886 0.0162613 0.0987407 8.7257e-05 0.0226976 0.0246803 0.0329811 0.000909952 0.0047151 0.0120213 0.0202187 0.00377128 0.292031 0.0621064 0.0282081 0.0305044 4.59243e-05 0.0123461 0.0610681 
0.0832822 0.0349118 0.0309824 0.0273052 0.000292826 0.00489176 0.00596121 0.0826363 0.0012882 0.00171264 0.0184537 0.0413116 0.0130401 0.460529 0.0516513 0.0643894 0.0154586 5.05362e-05 0.0293429 0.0325077 
0.0142608 0.0180367 0.00465656 0.0220492 1.34435e-07 0.00200595 0.00458076 0.0577548 0.000314289 0.00361885 0.0831436 0.0838749 0.00291764 0.39793 0.0509253 0.190497 0.0176374 6.61696e-06 0.00322358 0.0425651 
0.00190776 0.0242685 0.00420021 0.0082051 7.23667e-05 0.0442946 0.00814867 0.0601754 0.00191393 0.00146081 0.125905 0.0906602 0.0571358 0.282211 0.0377873 0.0504095 0.00566232 6.95974e-12 0.000545356 0.195036 
0.00669524 0.0498679 0.000260162 0.00114853 1.70591e-07 0.00277026 0.033757 0.0271197 0.000584085 0.000382134 0.351604 0.00479302 0.00640656 0.414374 0.0581271 0.0327273 0.00377623 1.92146e-08 0.000129984 0.00547628 
0.0277232 0.0242647 0.0211645 0.014733 3.42284e-07 0.00314253 0.0149045 0.0388753 0.172196 6.33135e-05 0.00515531 0.0820627 0.000813317 0.508362 0.0477396 0.0214783 0.0100318 0.00102076 0.00600996 0.000259552 
0.0584353 0.0386097 0.0318667 0.0148895 7.74818e-08 0.00325577 0.00167569 0.038843 0.000604859 0.00321786 0.148972 0.0597102 0.0101716 0.365425 0.026419 0.147866 0.0116003 1.78799e-11 0.0315082 0.00692869 
0.0014361 0.0356701 0.00761018 0.0448058 0.0114604 0.0221837 0.00788038 0.0170471 0.0023005 0.00115589 0.142501 0.0314231 0.00316973 0.327611 0.067752 0.258964 0.00687262 8.49273e-07 0.000375244 0.00978025 
0.0434882 0.0664586 0.00857602 0.0285091 0.000175195 0.031118 0.0653262 0.201458 0.0010946 0.00372663 0.00825458 0.0549347 0.00372613 0.254506 0.167682 0.00780639 0.0257175 0.000288892 0.0156319 0.0115214 
0.00593825 0.13859 0.00540229 0.011063 0.000455056 0.00859154 0.13793 0.0789627 0.00100801 0.00123591 0.0176116 0.0106372 0.00206172 0.439111 0.0401532 0.021572 0.0088068 3.7804e-08 0.0183639 0.0525055 
0.0490471 0.0151591 0.0115352 0.013192 5.75653e-06 0.00737626 0.0778054 0.306096 0.00398064 0.000206536 0.00209618 0.0202863 0.000811942 0.317216 0.160895 0.00198926 0.00276296 4.13681e-05 0.00333673 0.00616014 
0.110729 0.127583 0.00627932 0.0176962 0.000138327 0.0488323 0.0568376 0.0343112 0.00238768 0.00114543 0.00746445 0.0101463 0.00189465 0.325908 0.110644 0.0495028 0.0689103 2.58734e-05 0.00201008 0.0175534 
0.0618556 0.0595973 0.0158072 0.0354135 0.000242272 0.0104784 0.107913 0.199702 0.00309905 0.00120011 0.016327 0.0364801 0.00622537 0.233205 0.106194 0.0155904 0.0338579 0.000297401 0.0194146 0.0371004 
0.040295 0.210408 0.0263503 0.0297018 0.000391831 0.0469354 0.0389348 0.0483199 0.00122357 0.00299224 0.00985249 0.0162157 0.00188125 0.294856 0.084058 0.00941167 0.0671094 4.54013e-05 0.00652344 0.0644936 
0.0191226 0.147646 0.00426537 0.0426204 5.44668e-08 0.0100651 0.0252301 0.12135 0.00228856 0.00592963 0.0673614 0.0181051 0.00698293 0.164798 0.090386 0.139059 0.00867467 5.55488e-12 0.0720192 0.0540948 
0.0155143 0.0369286 0.00374864 0.000903919 0.000138172 0.0088344 0.0237522 0.264159 0.00183476 0.00134371 0.00823761 0.00593975 0.00346687 0.439306 0.0750095 0.0624777 0.00822149 2.51759e-07 0.000771325 0.0394115 
0.0469204 0.0113745 0.00823982 0.0185295 1.36058e-07 0.00590416 0.0207792 0.18361 0.00302306 0.00125499 0.0012428 0.0818337 0.0141409 0.427209 0.131279 0.00415239 0.0242857 7.59423e-05 0.00100444 0.0151407 
0.0340981 0.033197 0.0101417 0.00387808 1.76687e-05 0.0315272 0.0288669 0.207051 0.00285823 0.00246088 0.00795629 0.00523945 0.0103268 0.537909 0.0194669 0.0442143 0.00423903 4.5668e-06 0.000361865 0.0161851 
0.00366484 0.0547651 0.00127425 0.0515932 0.00203594 0.0324875 0.0413676 0.0369245 0.000471676 0.00310116 0.0209989 0.237628 0.0598092 0.305305 0.0767907 0.00707113 0.0416094 2.36149e-08 0.00246641 0.0206346 
0.0154631 0.0241749 0.0218763 0.0117042 4.21211e-05 0.00328884 0.0272575 0.269135 0.002581 0.00157443 0.00743768 0.015609 0.00504882 0.492483 0.0443052 0.0299135 0.00507302 3.61365e-05 0.000533134 0.0224636 
0.0175405 0.0296205 0.0220156 0.0605805 1.72895e-07 0.0207557 0.033894 0.043086 0.00817531 0.00130606 0.145406 0.168246 0.0206624 0.27208 0.0536008 0.0636674 0.00672125 6.238e-06 0.00196555 0.0306702 
0.0037213 0.0251939 0.0031334 0.0390432 4.3592e-05 0.00364863 0.026494 0.0583437 0.00156033 0.00194709 0.100197 0.159246 0.0016568 0.34048 0.13608 0.0876518 0.00485066 0.000330828 0.00485895 0.00151887 
0.00633898 0.0549516 0.00525098 0.00666278 2.48372e-07 0.00297938 0.0060727 0.346781 0.00136592 1.85814e-06 0.00102893 0.0299683 0.000156495 0.483187 0.0110292 0.00240102 0.0260431 0.00025456 0.000855013 0.0146708 
0.00979328 0.0373376 0.00190041 0.0325177 2.42067e-05 0.0253639 0.103571 0.0390551 0.000573855 0.000372299 0.0372233 0.010576 0.00066734 0.649194 0.0187863 0.00761447 0.00563618 4.496e-06 0.00693475 0.0128539 
0.0460423 0.0414044 0.0170894 0.0889718 0.000530562 0.00408827 0.0240063 0.248635 0.00540315 0.00085429 0.0193816 0.0500913 0.00748936 0.381546 0.0157024 0.0170155 0.00292954 2.49451e-05 0.00191584 0.0268777 
0.00586518 0.0125978 0.000253468 6.40331e-05 2.17188e-11 0.00184827 2.1873e-12 0.0451258 6.26367e-06 1.6954e-07 3.77615e-10 0.00169698 1.52284e-06 0.922861 0.00210343 2.53137e-05 0.00471112 7.35917e-06 2.02841e-05 0.00281187 
0.0249468 0.1451 0.0255607 0.0110364 4.78515e-05 0.00612568 0.0312437 0.173991 0.000693502 0.0010817 0.00298217 0.0355889 0.00684461 0.300425 0.196182 0.0214582 0.00793297 1.05373e-05 0.00224993 0.0064991 
0.0446332 0.0294213 0.00354765 0.0335624 6.20345e-07 0.021638 0.00284225 0.151939 0.0041926 0.0234974 0.00287327 0.227216 0.0907846 0.256995 0.00767724 0.0120991 0.0701117 0.000354939 0.00109352 0.0155196 
0.0166747 0.144273 0.00803426 0.0368618 0.00252343 0.0324837 0.0680668 0.0323134 0.000243271 0.00506037 0.00839688 0.0220731 0.000906064 0.421354 0.0967234 0.00511035 0.01397 0.000165235 0.0104575 0.0743086 
0.0103015 0.0330769 0.00118615 0.00981236 0.00629273 0.0748649 0.032586 0.109599 0.000377363 0.00287555 0.000786074 0.0114635 0.00598736 0.417181 0.111743 0.0731369 0.0695058 2.7466e-07 0.000368142 0.0288558 
0.0062055 0.0758357 0.0200531 0.0432303 4.32091e-06 0.0587903 0.174468 0.0123738 0.00303448 0.000991778 0.00641277 0.0320859 0.00614361 0.456171 0.0221926 0.0553984 0.00641676 6.7651e-08 0.00249404 0.0176979 
0.0151685 0.0602468 0.000588934 0.00203289 1.31737e-07 0.00687292 0.0780828 0.28824 4.55539e-06 0.000195985 0.00034769 0.000989418 2.9395e-05 0.39441 0.137348 0.00314926 0.00807342 2.60105e-07 0.000509032 0.00370973 
0.00578467 0.0105003 0.0121587 0.00991714 0.000277203 0.0086524 0.00395912 0.0536581 0.00195922 0.000486175 0.00686574 0.0895852 0.00386607 0.698826 0.0486927 0.00457735 0.0319077 4.51924e-06 0.000134995 0.00818698 
0.0180629 0.0107426 0.000897798 0.00288388 7.23639e-08 0.00807784 0.0101566 0.10285 0.0111192 0.000631117 0.137587 0.0170793 0.00402595 0.541726 0.0111678 0.092696 0.00719543 3.43211e-07 0.000486434 0.0226149 
0.010623 0.0402613 0.000563439 0.0109241 2.65728e-05 0.0033555 0.0093214 0.0097213 0.260988 0.00030744 0.070127 0.0296012 0.00185592 0.40155 0.0684959 0.0633688 0.00782231 2.70262e-06 0.00125716 0.00982698 
0.0090805 0.0100581 0.00770823 0.0272846 3.18489e-10 0.00236259 0.0769555 0.119244 0.0114382 0.000181811 3.52474e-05 0.024636 0.000186704 0.549739 0.105805 0.0342668 0.0194586 0.00080649 0.000347943 0.000404019 
0.0336081 0.0724497 1.0852e-05 0.000524539 3.65559e-11 0.0040108 0.0066134 0.36064 5.93131e-08 0.000202249 7.57652e-08 0.0021212 7.66023e-05 0.458284 0.0529807 0.00334477 0.00374334 4.79836e-07 0.000139715 0.00124896 
0.0185372 0.00133806 0.00537571 0.0138695 0.00107093 0.00154804 0.0867701 0.102657 0.00419115 0.000271222 0.0644165 0.172211 0.0154569 0.439919 0.0509054 0.00342529 0.00508473 1.84329e-05 0.000284302 0.01265 
