0.171545 0.234888 0.00735428 0.0241095 1.38998e-06 0.00434173 0.00685448 0.143964 2.04333e-05 0.0242756 3.31631e-05 0.0136272 0.000447787 0.00454145 0.327321 1.58623e-05 0.00474787 6.91053e-05 0.0290727 0.00276991 
0.162889 0.189823 0.00491234 0.0149228 0.00114476 0.0178064 0.0600715 0.105263 0.000534249 0.00198142 0.0101379 0.017322 0.00260266 0.157256 0.19457 0.00120118 0.0439818 1.97266e-05 0.00154619 0.0120143 
0.0180715 0.0525514 0.0372704 0.217235 2.77944e-05 0.00504757 0.00445259 0.0264954 8.35509e-06 0.00058951 0.000559092 0.0735511 0.002716 0.00658602 0.543038 4.23081e-06 0.000773517 0.000144857 0.0105931 0.00028509 
0.102072 0.113996 0.00839114 0.0882612 0.00316043 0.0449319 0.0869154 0.0444958 9.11373e-06 0.000346297 0.00396615 0.137471 2.48319e-05 0.0895564 0.198059 0.00175789 0.041596 9.53748e-05 0.0207352 0.0141578 
0.0113101 0.102198 0.00402339 0.0687001 0.000165784 0.0174217 0.0586072 0.134834 0.000291763 0.00195247 0.00341644 0.0335334 0.000426257 0.0587414 0.447277 0.00175238 0.00608987 2.46149e-07 0.0312729 0.017985 
0.0366519 0.0505006 0.00966708 0.016162 0.000143051 0.00382198 0.00686355 0.23687 0.000561882 0.00119849 0.00171372 0.0236058 0.00112242 0.0174189 0.561427 0.000528679 0.00356738 2.86624e-05 0.0212721 0.00687522 
0.0590216 0.141384 0.0618013 0.0909447 0.00288135 0.0206308 0.0546599 0.160036 0.00399926 0.00326252 0.00330257 0.0672942 0.000871492 0.0257324 0.211606 0.00144463 0.0347276 0.00830056 0.0353054 0.0127943 
0.0549839 0.204309 0.0066674 0.106175 0.000108917 0.0244651 0.0472111 0.187631 0.000431492 0.00235215 0.00103308 0.0470663 0.000860668 0.0267469 0.267017 0.00213331 0.0104617 0.000524591 0.00853062 0.00129072 
0.0201982 0.0186332 0.0523295 0.208105 1.29589e-06 0.000849046 0.0202676 0.0668907 3.23724e-05 0.00177229 0.000231888 0.264921 0.00106168 0.008115 0.31129 7.6547e-05 0.000910122 0.000517346 0.0236516 0.000145433 
0.0541015 0.0335147 0.0494673 0.146814 3.15892e-05 0.00317453 0.0290944 0.14288 2.01238e-05 6.258e-05 0.00615857 0.148815 0.000479404 0.037052 0.252786 0.000168225 0.0004771 0.000335755 0.0892224 0.00534464 
0.0871484 0.0506936 0.0436548 0.147364 2.87197e-06 0.00180161 0.0113187 0.197175 0.00298248 0.00439283 0.000535882 0.0763147 0.000173185 0.0213815 0.33299 7.03019e-05 0.00191051 0.00078477 0.0184331 0.000872515 
0.150834 0.0843971 0.0694376 0.0882452 9.797e-07 0.00490573 0.02033 0.0226826 7.02665e-05 3.22666e-05 0.000123238 0.00384651 9.3549e-05 0.00910043 0.467572 5.88663e-07 0.00884284 3.58711e-07 0.0688571 0.000627276 
0.0507128 0.0301652 2.50188e-07 0.0248167 1.13224e-11 0.112242 0.132017 0.124038 1.12416e-07 3.31708e-09 1.4835e-08 0.00143459 8.41837e-08 0.0636431 0.452682 7.10626e-10 0.000599049 7.76462e-12 0.00150752 0.00614119 
0.010014 0.113638 0.0150018 0.0412555 7.07881e-05 0.0397401 0.209009 0.154713 0.00261786 0.00110309 0.000317007 0.0256329 0.00122646 0.0273 0.31998 0.0218654 0.00369812 0.000772904 0.00675079 0.00529344 
0.0394233 0.0991905 0.0118537 0.0184393 0.000143052 0.00397408 0.00588295 0.179277 0.000490824 0.000886907 0.00153568 0.0179207 0.000807039 0.0155262 0.584945 0.000524373 0.00347723 3.31505e-05 0.00933029 0.0063392 
0.0556415 0.132928 0.030784 0.0963801 0.00314646 0.0347441 0.0349841 0.0865845 0.00548349 0.00331359 0.00602629 0.131598 0.00210274 0.0734334 0.240018 0.00241577 0.0267007 0.0009983 0.0184354 0.0142822 
0.00333505 0.0507376 0.00715254 0.0783699 3.60483e-05 0.00380743 0.0183348 0.103476 0.000184513 0.0110233 0.00171593 0.276373 0.00945792 0.0277328 0.349303 0.000284729 0.00511822 0.00107672 0.0383742 0.0141062 
0.0130976 0.268781 0.00558414 0.050599 0.00539238 0.00908987 0.0268359 0.0125833 0.000363716 0.0011931 0.022703 0.0150426 0.00175928 0.0502816 0.37859 0.00636739 0.0103193 2.34773e-10 0.0312394 0.0901775 
0.0375719 0.0837419 0.00398951 0.0530543 0.000359896 0.000853067 0.0132047 0.159736 0.00046941 0.000435759 0.00126806 0.0493176 0.000806491 0.0433805 0.524908 0.000149833 0.0050422 3.73988e-05 0.0139652 0.0077081 
0.0188426 0.0656282 0.00840587 0.0274487 0.000105984 0.0397557 0.0202223 0.133984 0.00142349 0.00234672 0.00230346 0.0777693 0.00632487 0.103874 0.369927 0.0545309 0.0146312 0.00350404 0.0112934 0.0376782 
0.0968594 0.0395979 0.0432402 0.254663 1.71667e-06 0.0112402 0.00372372 0.142555 6.15364e-06 0.000743464 7.08704e-05 0.0886763 5.49487e-05 0.0176483 0.286386 0.000120546 0.00507177 2.3313e-05 0.00880274 0.000514011 
0.144626 0.0384333 0.0047057 0.0428016 7.37279e-08 0.00362994 0.00857747 0.0947392 0.0132348 6.09606e-08 1.08369e-05 0.0219406 4.79208e-05 0.0102424 0.602901 1.7244e-05 0.0101323 0.000130704 0.00363535 0.000193815 
0.0172116 0.0652906 0.00900327 0.0238021 0.000110073 0.0051964 0.0108215 0.263201 0.000417726 0.000578666 0.0021323 0.0133369 0.00100557 0.0176437 0.512125 0.000703733 0.0118573 6.68174e-08 0.0386728 0.00688936 
0.0484614 0.16251 0.0158007 0.0242801 0.00025147 0.00586273 0.0792186 0.244958 0.00211434 0.0031938 0.00930366 0.0662738 0.002399 0.0464287 0.259068 0.000224004 0.0114376 0.000135837 0.0157595 0.00232002 
0.0811716 0.128555 0.0190244 0.0378961 0.00224746 0.0162268 0.0578752 0.157265 0.00508032 0.00294833 0.00559608 0.0350949 0.00228241 0.131626 0.246853 0.0117081 0.0184666 0.000188014 0.0110629 0.0288309 
0.150224 0.132936 0.0309775 0.0303397 0.000114074 0.0234008 0.100222 0.121813 0.000349305 0.000517443 0.0061331 0.0208824 0.00362831 0.0491141 0.284037 0.000403972 0.0123052 4.52442e-08 0.00812602 0.0244759 
0.0829155 0.144064 0.0139974 0.0496674 0.000689002 0.00273029 0.0372242 0.102899 0.00227595 0.0247032 0.0138105 0.12587 0.00106765 0.115839 0.235919 0.000308145 0.0244418 0.000603494 0.00542974 0.0155451 
0.0153166 0.0155519 0.00539682 0.0884817 2.0678e-05 0.0922009 0.0430688 0.0512322 0.000641726 0.00539299 0.00146966 0.195995 0.0057563 0.0231016 0.409325 0.00158979 0.0295484 0.00157578 0.0113529 0.00298147 
0.106394 0.0253037 0.0306548 0.185819 1.59029e-06 0.00221338 0.00720181 0.100912 8.98984e-05 3.64255e-05 0.000609865 0.218901 6.81907e-05 0.0123801 0.29945 0.000139202 0.00100994 0.000287487 0.00654185 0.00198604 
2.03593e-06 0.0498121 0.0111959 0.0694127 6.54568e-05 0.0229589 0.00925926 0.0177702 9.1313e-07 8.24116e-05 0.19789 0.0324047 0.00109374 0.010403 0.575093 1.91378e-06 0.000783571 2.01572e-06 0.00071532 0.00105258 
0.0348441 0.206464 0.0226797 0.0904484 0.00498345 0.0378443 0.0242477 0.0792719 0.0013135 0.00104879 0.00392965 0.118952 0.00175588 0.0436098 0.264653 0.00706425 0.0223666 0.000440589 0.0203333 0.0137494 
0.00666712 0.142645 0.0137767 0.211577 2.45504e-06 0.00249151 0.115287 0.0143574 4.04693e-06 0.137405 0.00812128 0.0199993 0.0161768 0.00017712 0.296694 1.65149e-05 0.00861636 0.000705445 0.00501681 0.000263183 
0.155687 0.214698 0.0166274 0.0426157 0.000340167 0.0229815 0.0567862 0.0772208 0.000379197 0.00165844 0.00206165 0.0241163 0.00193495 0.0607341 0.242669 0.00181609 0.0637545 0.0002931 0.00811851 0.00550772 
0.0309862 0.122915 0.02034 0.081111 9.82288e-05 0.00363038 0.00751072 0.0494442 0.000252277 0.00724821 0.00464961 0.0973093 0.00105367 0.00978128 0.52733 5.15492e-05 0.00259506 0.000214919 0.0291564 0.00432162 
0.0880408 0.208741 0.00682531 0.237747 7.34739e-05 0.00319008 0.013117 0.0340716 0.00197854 0.00848598 0.000803114 0.0249071 0.000970818 0.0366629 0.306844 0.00117044 0.00401177 5.40342e-06 0.0131157 0.00923814 
0.00571766 0.110363 0.00258799 0.162506 2.37096e-08 0.000181223 0.00131844 0.0248698 0.00014672 5.5535e-07 1.16418e-07 0.00180601 2.94834e-05 0.00137483 0.664064 1.821e-06 5.44101e-05 1.70384e-11 0.024933 4.48737e-05 
0.0282508 0.286183 0.0238237 0.02084 1.91005e-05 0.00257256 0.00414843 0.0845807 0.00198588 0.000416637 0.00028954 0.0187463 0.000363739 0.0119322 0.489654 3.54919e-05 0.00238947 0.00029701 0.0214945 0.0019769 
0.0850102 0.0369702 0.0662073 0.0865579 0.00039611 0.00407703 0.0134143 0.214699 0.00319001 0.000846359 0.00133198 0.123909 0.01013 0.0473059 0.263425 0.00110841 0.00798652 0.000563691 0.0293182 0.00355327 
0.030817 0.0366499 0.0277079 0.0834408 0.00066508 0.0283002 0.0212909 0.188293 3.51144e-06 0.00067382 6.24115e-05 0.0182583 0.00442758 0.021096 0.397085 0.0143527 0.00114612 8.88958e-06 0.038596 0.0871249 
0.0847448 0.205568 0.0116754 0.0300062 9.39983e-07 0.00532313 0.0304933 0.0411086 8.40355e-07 0.00124226 3.70924e-07 0.00463829 1.37177e-06 0.0131848 0.568948 1.76256e-06 0.00113793 1.85484e-06 0.0017032 0.000218676 
0.0342351 0.194513 0.0167844 0.00913594 0.000143087 0.016603 0.0166957 0.067364 0.00198132 0.00410772 0.00463603 0.00602644 0.00444033 0.0477202 0.276814 0.0143891 0.00651457 6.1749e-08 0.0649407 0.212956 
0.032311 0.0246899 0.0539781 0.115427 9.84634e-06 0.00243719 0.0120843 0.0853742 0.00111379 0.000168942 0.000663051 0.115729 0.000145163 0.0151825 0.506665 6.07098e-05 0.00761143 0.000246986 0.025377 0.000724389 
0.0596555 0.0684491 0.0244575 0.060133 1.61667e-06 0.0105151 0.00850529 0.150377 1.29121e-05 0.000393717 0.00705713 0.203413 0.000140411 0.0317595 0.271944 0.00308878 0.00168675 2.79481e-05 0.0102979 0.0880835 
0.0299094 0.121926 0.0202855 0.0568554 5.24096e-05 0.00817743 0.0775759 0.214878 0.00189478 0.0251293 0.00371884 0.0147315 0.00140457 0.0597507 0.236009 0.00796501 0.0923788 0.000456137 0.0208684 0.00603274 
0.0342937 0.121373 0.0328201 0.19918 6.13559e-05 0.0128149 0.145933 0.0320029 0.000681784 0.0413191 0.00276894 0.124231 0.000321178 0.0268026 0.203194 2.24001e-05 0.0036061 0.000172888 0.0176059 0.000795202 
0.0173082 0.0228936 0.0623064 0.114823 6.70552e-05 0.00696004 0.0213017 0.13691 0.0074942 0.000236265 0.00284734 0.214653 0.000708454 0.0644433 0.306876 0.000518113 0.00203718 5.44795e-05 0.0150901 0.00247133 
2.03593e-06 0.0498121 0.0111959 0.0694127 6.54568e-05 0.0229589 0.00925926 0.0177702 9.1313e-07 8.24116e-05 0.19789 0.0324047 0.00109374 0.010403 0.575093 1.91378e-06 0.000783571 2.01572e-06 0.00071532 0.00105258 
0.0114322 0.389496 0.00364886 0.0197524 0.000560939 0.0113167 0.0945789 0.0119122 4.20752e-06 0.00011642 1.4555e-05 0.00288612 1.52124e-05 0.0176428 0.409216 1.79504e-05 0.0158471 4.49147e-06 0.00306599 0.00847119 
0.0022301 0.0705373 0.00593548 0.0655416 1.85392e-06 0.112103 0.0863593 0.052698 0.00379088 0.000175193 0.00090517 0.00911779 4.31852e-05 0.120558 0.373603 2.147e-05 0.0115824 0.000162529 0.084433 0.000200505 
0.0366519 0.0505006 0.00966708 0.016162 0.000143051 0.00382198 0.00686355 0.23687 0.000561882 0.00119849 0.00171372 0.0236058 0.00112242 0.0174189 0.561427 0.000528679 0.00356738 2.86624e-05 0.0212721 0.00687522 
0.0196782 0.0211353 0.0218392 0.268292 0.0598098 0.00513229 0.00581805 0.00976469 0.000649317 0.00177626 9.284e-06 0.0404147 5.20812e-05 0.0155735 0.490378 5.56051e-06 0.0267297 2.52131e-06 0.00592595 0.00701381 
0.0128282 0.203965 0.0398231 0.0210379 0.000156288 0.0166623 0.168027 0.19763 0.000695946 0.000936371 0.00153744 0.00545714 0.00226113 0.0385312 0.2373 0.00304077 0.0251495 0.000234333 0.00257685 0.0221503 
0.0274339 0.004243 0.000327391 0.0210628 4.33588e-10 4.25135e-05 0.00992896 0.238453 0.000140137 2.32662e-06 0.000940623 0.178457 0.00273175 0.240451 0.265832 0.000197009 0.00226266 1.52063e-05 0.00717053 0.000308888 
0.0160461 0.0894357 0.0112411 0.0439478 0.000111998 0.0072246 0.0855172 0.155007 0.000912608 0.00404874 0.000877661 0.102763 0.00115224 0.0427412 0.408255 0.00212975 0.0142672 6.03711e-07 0.00940763 0.00491283 
0.0232469 0.0629652 0.0354315 0.0611902 5.49507e-05 0.00446675 0.00439687 0.148026 0.0193757 0.000524136 0.0430764 0.213455 0.00256846 0.0172856 0.332061 0.00109073 0.0112711 0.000158841 0.013133 0.00622152 
0.0815033 0.234446 0.0184489 0.0479466 0.000597406 0.0153394 0.0442168 0.137489 0.00253896 0.00173054 0.00263066 0.0465291 0.00221355 0.063218 0.234733 0.00269476 0.0392244 0.000452742 0.0139556 0.0100926 
0.0596191 0.119049 0.014721 0.0322916 1.20729e-05 0.00900716 0.0967527 0.214732 3.33358e-05 0.000472226 0.00137597 0.033054 9.28252e-05 0.083219 0.3081 0.00301551 0.0120634 0.000132827 0.00496252 0.00729333 
0.0749495 0.0904311 0.00552068 0.0407188 0.000159462 0.0169658 0.00366495 0.0341283 1.02182e-05 0.000505308 0.000793763 0.0153717 1.97605e-05 0.0184919 0.678105 6.51163e-06 0.00458691 2.21444e-05 0.0153838 0.000164714 
0.0135153 0.300402 0.000875675 0.00409257 5.31171e-07 0.017025 0.046881 0.0110159 0.00236658 0.000232899 0.0639321 0.019364 5.70956e-05 0.198869 0.311212 3.6748e-05 0.00506723 1.04849e-06 0.00107595 0.00397706 
0.0606114 0.106895 0.0184874 0.0893325 0.0005909 0.0279976 0.0724273 0.112673 0.00057623 0.0401385 0.0348044 0.0290696 0.00478024 0.0741174 0.220953 0.0500473 0.0106722 0.00134051 0.00854507 0.0359407 
0.0599763 0.142874 0.0296199 0.0374805 9.68099e-06 0.0167258 0.00838777 0.0871422 4.09104e-05 0.00282112 5.37305e-05 0.00476119 1.44026e-05 0.00446731 0.57757 6.88455e-06 0.000614245 2.80615e-07 0.024892 0.00254094 
0.17675 0.0843447 0.00378078 0.0164892 7.181e-05 0.0135371 0.0261322 0.272491 0.000262575 0.000695969 0.00127663 0.00839976 0.000285158 0.0287627 0.325472 0.0222263 0.0105904 0.000128476 0.00376313 0.00454018 
0.027205 0.0420707 0.000703605 0.0163383 1.443e-07 0.0197958 0.113717 0.12914 0.000893178 0.000125616 0.000238822 0.124355 3.41968e-05 0.197633 0.212627 4.49493e-05 0.102419 2.849e-07 0.000867854 0.0117896 
0.120791 0.0579997 0.120883 0.0893085 9.54902e-06 0.00414549 0.0106658 0.0900847 0.0270665 0.000253072 0.000169496 0.0662419 7.27067e-05 0.00291667 0.374703 0.000100124 0.00127321 0.000716481 0.032236 0.000363497 
0.0599763 0.142874 0.0296199 0.0374805 9.68099e-06 0.0167258 0.00838777 0.0871422 4.09104e-05 0.00282112 5.37305e-05 0.00476119 1.44026e-05 0.00446731 0.57757 6.88455e-06 0.000614245 2.80615e-07 0.024892 0.00254094 
0.0288605 0.129741 0.0370582 0.0717561 0.000153413 0.0157661 0.0156239 0.214006 0.000603279 0.00155143 0.0313615 0.0520446 0.00134606 0.0925047 0.262025 0.00263921 0.0138855 7.17076e-06 0.0154507 0.0136159 
0.0500303 0.0821787 0.0249578 0.0404188 0.00218721 0.0102188 0.14336 0.232617 0.001677 0.00107793 0.00480751 0.0424094 0.00383617 0.0802128 0.24205 0.000545532 0.0143229 0.000261857 0.0100919 0.0127386 
0.0366519 0.0505006 0.00966708 0.016162 0.000143051 0.00382198 0.00686355 0.23687 0.000561882 0.00119849 0.00171372 0.0236058 0.00112242 0.0174189 0.561427 0.000528679 0.00356738 2.86624e-05 0.0212721 0.00687522 
0.0133655 0.0380781 0.00883492 0.100706 2.48003e-06 0.0010948 0.00512981 0.0714843 0.000500392 6.05506e-05 0.000173303 0.0196672 3.17995e-05 0.00899423 0.695206 6.06843e-06 0.00394659 4.34688e-05 0.0323456 0.00032808 
0.0972014 0.299912 0.0142251 0.0398166 2.08096e-06 0.00234883 0.00929893 0.10429 4.24544e-05 0.000525782 0.000233197 0.0263828 0.000169474 0.0108132 0.378153 1.39729e-05 0.00193307 0.000104717 0.0139651 0.000568784 
0.164651 0.105109 0.0124768 0.0317829 2.02175e-05 0.00750953 0.0385267 0.129425 0.00334856 0.000234892 0.00479678 0.0238007 0.00156371 0.141614 0.279145 0.00181138 0.00816556 0.000145159 0.00901023 0.0368631 
0.0237529 0.026967 0.0130353 0.0202475 2.1417e-06 0.000765744 0.0040111 0.109827 0.00771775 0.000167329 0.000687994 0.0386908 0.000192017 0.0195616 0.697652 2.34602e-05 0.000216794 0.000484706 0.0357087 0.000288398 
0.0718686 0.189395 0.117361 0.0539022 3.13283e-06 0.0440081 0.0194763 0.0483184 5.26445e-05 0.00076999 0.00022604 0.0214831 0.00320992 0.00848418 0.362902 3.73438e-05 0.0111837 1.79613e-05 0.0437597 0.00354009 
0.0706177 0.0796623 0.0497355 0.0714074 1.38801e-05 0.0110567 0.0595644 0.0957961 0.000219425 0.000214245 0.00174361 0.0133888 0.000836995 0.0420498 0.438775 0.00112376 0.0169527 0.00020771 0.0458222 0.000811481 
0.213029 0.128728 0.0788876 0.076392 0.00853688 0.0044931 0.02259 0.131213 0.000146617 0.000243468 0.000576437 0.0227366 0.00010847 0.0147215 0.269324 2.626e-05 0.00916652 0.000190675 0.0168787 0.00201156 
0.016047 0.0805386 0.146912 0.0546387 7.85353e-05 0.00765607 0.083804 0.0862828 2.59578e-05 0.000430903 0.000789992 0.0183004 0.000443392 0.116613 0.3631 9.51367e-06 0.00846999 8.45845e-05 0.00858641 0.00718856 
0.0695802 0.148399 0.0303998 0.120113 1.92619e-05 0.00379653 0.0584484 0.0715425 0.00271717 0.00151485 0.0149875 0.0260869 0.00115121 0.0822616 0.289596 0.0048245 0.00202745 0.000106221 0.0344192 0.0380089 
0.294869 0.0994397 0.0169073 0.0718545 0.000141911 0.00942613 0.0155778 0.0866738 0.000401367 0.000716686 0.00837803 0.0116252 0.0100563 0.0304986 0.317743 0.000555359 0.00331459 8.44579e-05 0.00706032 0.0146756 
0.0269075 0.166237 0.0063926 0.109074 0.000105496 0.0067971 0.0504221 0.0560225 0.00199053 0.000597553 0.0181085 0.14558 0.00134676 0.0920837 0.2839 0.00177841 0.0113628 0.000381254 0.0112954 0.00961733 
0.171545 0.234888 0.00735428 0.0241095 1.38998e-06 0.00434173 0.00685448 0.143964 2.04333e-05 0.0242756 3.31631e-05 0.0136272 0.000447787 0.00454145 0.327321 1.58623e-05 0.00474787 6.91053e-05 0.0290727 0.00276991 
0.198293 0.0441968 0.000374841 0.00495825 9.0531e-10 0.00123675 0.0212882 0.272937 2.25707e-07 3.16606e-07 5.33395e-07 0.00188846 2.60527e-08 0.0399553 0.409752 1.23541e-06 0.00484424 1.47118e-07 1.7388e-05 0.000254423 
0.0357498 0.109851 0.184801 0.0905556 5.6449e-05 0.00534323 0.0319084 0.129632 0.00148445 0.00151828 0.00655007 0.0419261 0.00864917 0.050994 0.231264 0.0167983 0.00312726 1.14017e-05 0.0296532 0.0201263 
0.042706 0.0278044 0.0131845 0.0278769 0.000143065 0.00585266 0.00983284 0.357171 0.00888478 0.000796246 0.00483779 0.047375 0.00256428 0.0256564 0.385923 0.000799077 0.0036814 0.000363609 0.0226902 0.0118573 
0.129524 0.0411738 0.00888609 0.0337985 8.81064e-05 0.0203062 0.165385 0.118502 1.22854e-05 0.000577381 1.61267e-05 0.00142839 8.20272e-05 0.0491533 0.303206 2.06695e-06 0.112592 1.07376e-07 0.012505 0.00276112 
0.107806 0.125284 0.0196577 0.0534214 0.00145458 0.0172138 0.0443522 0.158653 0.00068341 0.0011596 0.0021097 0.0376567 0.00152215 0.050436 0.315864 0.00343072 0.0209311 0.000315221 0.0116063 0.026442 
0.0400865 0.0295482 0.0182337 0.163477 2.89599e-06 0.00180169 0.0105041 0.135884 0.000806188 7.59612e-05 1.61154e-05 0.0509976 0.000761633 0.0127754 0.516114 3.08414e-05 0.0013147 6.79779e-08 0.0167848 0.000784993 
0.115153 0.152029 0.0216942 0.0831887 0.000171067 0.0490063 0.0343713 0.0901318 0.00120774 0.00240323 0.00607328 0.0118089 0.00260625 0.0909849 0.204465 0.0116738 0.0478989 0.000105176 0.0229561 0.0520717 
0.0185938 0.0249659 0.0103267 0.092277 0.00150174 0.00140831 0.0188549 0.0767188 0.006478 0.000276008 0.117179 0.20231 0.000717419 0.0179095 0.40076 7.78933e-05 0.00156025 4.65848e-05 0.00650866 0.00152932 
0.0658344 0.12101 0.0371436 0.125497 4.04753e-05 0.022983 0.0204551 0.0717887 0.000846212 0.000645715 0.001516 0.100892 0.0037333 0.0140233 0.357406 0.000628722 0.0194782 0.000873819 0.0205337 0.0146704 
0.0397725 0.166916 0.0235045 0.0209358 8.64363e-05 0.0140673 0.0159343 0.0717011 0.00121696 0.00386427 0.00381942 0.00533403 0.00282253 0.0403985 0.381883 0.00860277 0.00641554 4.06403e-08 0.062991 0.129734 
0.0538031 0.140007 0.0103536 0.0863604 0.000268432 0.0334335 0.0787138 0.100944 0.0228226 0.00125535 0.00222029 0.0581843 0.00250286 0.046567 0.312747 0.000659369 0.0299772 0.000102069 0.015553 0.00352506 
0.0248417 0.230551 0.0109943 0.0944122 6.37472e-05 0.0372073 0.0228439 0.0917381 0.000320346 0.00174064 0.000896158 0.0253164 0.00118789 0.0621756 0.310597 0.00049036 0.0132477 8.78777e-05 0.0385551 0.0327332 
0.02506 0.111615 0.0359754 0.0321355 0.000171659 0.0086044 0.015426 0.228925 0.000504207 0.00233907 0.00638248 0.0682058 0.0053671 0.0275546 0.301469 0.0224518 0.0862786 0.000332953 0.012213 0.00898865 
0.0735017 0.101855 0.0733236 0.0315185 7.76326e-06 0.0167597 0.00678478 0.180673 0.00263951 0.00353337 0.00480477 0.0189321 0.00858704 0.0836693 0.313352 0.0189507 0.00215042 5.57922e-07 0.0300412 0.0289152 
0.0503559 0.143242 0.0617223 0.181785 3.82372e-05 0.0188981 0.036029 0.0956067 0.000263006 0.00191259 0.00257888 0.0226949 0.00502497 0.0650477 0.25701 0.0013469 0.0149971 7.4367e-06 0.0157352 0.0257045 
0.0303043 0.0497476 0.00941064 0.111799 1.9267e-05 0.131348 0.0246273 0.0387833 6.63348e-05 0.00865373 2.28899e-05 0.0187449 0.000111955 0.0458438 0.486208 7.69348e-05 0.0164418 9.98888e-05 0.0268555 0.000833819 
0.0593235 0.0551644 0.0444375 0.156567 2.76522e-05 0.00512807 0.0257092 0.0969098 0.00295103 0.000561453 0.000681207 0.0976443 0.000752876 0.0142915 0.415131 3.63224e-05 0.00258882 0.000290207 0.0201709 0.00163322 
0.0172116 0.0652906 0.00900327 0.0238021 0.000110073 0.0051964 0.0108215 0.263201 0.000417726 0.000578666 0.0021323 0.0133369 0.00100557 0.0176437 0.512125 0.000703733 0.0118573 6.68174e-08 0.0386728 0.00688936 
0.0553786 0.209126 0.0399417 0.0449546 0.000270718 0.0065795 0.0587618 0.116285 0.000610048 0.0030567 0.000322454 0.0179284 0.000165025 0.0321401 0.391949 1.33976e-05 0.00744102 0.000174417 0.0123951 0.00250626 
0.125903 0.0573906 0.0239007 0.0391708 6.69631e-05 0.026303 0.0206245 0.110277 0.0199366 0.00384943 0.0100445 0.0521087 0.0634599 0.0830764 0.292116 0.0070726 0.0297717 0.000207432 0.00754229 0.0271775 
0.00884038 0.0561613 0.0118357 0.0940648 2.43476e-05 0.00552824 0.269731 0.0376111 6.18357e-05 0.0142227 0.00287304 0.125127 4.00261e-05 0.0714251 0.292841 1.36939e-05 0.00557239 0.000227558 0.00304016 0.000758461 
0.0901477 0.249814 0.00634001 0.0893882 6.94759e-05 0.116298 0.104923 0.011761 6.78835e-07 0.00529438 0.000706182 0.0302966 2.00393e-05 0.0156435 0.262491 0.00441297 0.0108664 7.39875e-05 0.00103824 0.000414443 
0.0856506 0.108549 0.0323524 0.0516913 6.48363e-05 0.00548345 0.016204 0.165623 0.00109647 0.00112215 0.00510806 0.0350984 0.00331609 0.0727942 0.340358 0.0208831 0.00341108 0.000119847 0.0085507 0.0425242 
0.0382393 0.0980355 0.00465124 0.0302145 8.79863e-05 0.0018777 0.0852052 0.0843938 0.000187266 0.0130908 0.00143454 0.0521497 0.000548969 0.0469438 0.51675 0.0142836 0.00614638 9.53858e-05 0.00260056 0.00306356 
0.00947529 0.155989 0.00587429 0.100163 0.00194998 0.064858 0.0583467 0.0764116 0.00112417 0.00180721 0.00130543 0.0124543 0.000821114 0.0250909 0.465926 0.000257837 0.00741514 2.34785e-05 0.00615255 0.00455387 
0.0668549 0.0473293 0.0242658 0.0373633 0.000256203 0.0104947 0.0238414 0.295006 0.00321612 0.000630864 0.00294867 0.0403273 0.00216622 0.0475039 0.351294 0.00103117 0.0066616 0.000380598 0.0303453 0.00808272 
0.0503203 0.355959 0.0148327 0.00885338 6.47131e-07 0.0328436 0.0134486 0.0472448 0.00156422 0.0246566 2.63104e-05 0.0073927 0.000599095 0.0139702 0.410244 3.71181e-05 0.00929362 0.000281449 0.00211187 0.00631926 
0.0355085 0.125235 0.0136952 0.0119447 0.000671596 0.0171947 0.017917 0.0729067 0.00109028 0.00111419 0.00115342 0.00638317 0.0356742 0.267741 0.330037 0.0094201 0.0263245 8.06863e-05 0.00356775 0.0223406 
0.0595039 0.220178 0.0179957 0.0870559 1.4852e-05 0.0271641 0.0215977 0.0495016 5.581e-05 0.00229108 0.0194964 0.101142 0.00980581 0.0200665 0.32713 0.000403003 0.0147959 0.000136635 0.00991663 0.0117484 
0.0336099 0.284082 0.00744196 0.022876 0.000345671 0.0135187 0.0414381 0.140103 0.00232201 0.00214129 0.00489022 0.0126537 0.00792471 0.0501464 0.299719 0.0114352 0.0220292 0.00073953 0.00192738 0.0406557 
0.0127607 0.0108033 0.018543 0.254425 3.47128e-08 0.000187729 0.00226316 0.0114703 2.34737e-06 3.28142e-06 0.000589636 0.211777 0.00089288 0.00148582 0.457968 1.31682e-06 1.64175e-07 0.000248836 0.0122286 0.00434829 
0.0706303 0.0492946 0.011396 0.0238494 9.52642e-05 0.00255156 0.0169843 0.169869 0.00219493 0.00115447 0.0038124 0.0869793 0.00191688 0.0310335 0.493213 0.000794193 0.00709595 0.000394056 0.0230432 0.00369765 
0.149447 0.082348 0.0229922 0.117613 1.54074e-05 0.00543259 0.0384829 0.159797 0.00322634 0.000567956 0.00309671 0.126392 0.00441703 0.0652736 0.191877 0.00137447 0.00877249 0.00021158 0.00698314 0.0116782 
0.171545 0.234888 0.00735428 0.0241095 1.38998e-06 0.00434173 0.00685448 0.143964 2.04333e-05 0.0242756 3.31631e-05 0.0136272 0.000447787 0.00454145 0.327321 1.58623e-05 0.00474787 6.91053e-05 0.0290727 0.00276991 
0.065017 0.119312 0.0204981 0.0267967 5.15167e-05 0.00672474 0.0377716 0.198518 0.000712235 0.00136359 0.00245359 0.0194121 0.00302372 0.149084 0.264625 0.0104467 0.00616355 0.000117654 0.0110334 0.0568746 
0.0138416 0.0183646 0.0161959 0.0181878 4.95671e-05 0.0442503 0.0409296 0.0942706 0.0419101 0.0011329 0.00369829 0.0164791 0.00317445 0.231209 0.384406 0.0282701 0.0213635 2.91589e-05 0.00238 0.0198574 
0.0132772 0.0211924 0.0465572 0.123291 1.60461e-06 0.00198631 0.0124829 0.0346282 0.000863415 0.000442629 0.136639 0.113934 0.00105866 0.140863 0.328596 3.1691e-05 0.0112001 2.22409e-05 0.0079312 0.00500127 
0.0511936 0.0712112 0.0465467 0.248318 5.38596e-07 0.00598512 0.017415 0.0334461 0.0119156 0.0215148 0.00474242 0.0473036 0.0546557 0.0075691 0.357802 0.00013024 0.00420212 0.000152823 0.00823405 0.00766139 
0.0262793 0.252969 0.00369493 0.0140085 3.15109e-07 0.00172142 0.0463491 0.0375972 2.81785e-07 0.000133356 1.13213e-05 0.00185524 2.78409e-06 0.00387444 0.606858 3.91879e-06 0.00165762 9.49071e-06 0.00258318 0.000390906 
0.06597 0.0469362 0.0137742 0.0479118 0.000491498 0.00735642 0.0426572 0.288053 0.00293928 0.00265036 0.00226816 0.0448474 0.000779468 0.0440686 0.340488 0.000308182 0.0351841 0.000308051 0.0109158 0.00209238 
0.12173 0.160115 0.00912336 0.0324591 8.63626e-05 0.0164808 0.147063 0.14087 5.90426e-05 0.0266705 2.60703e-05 0.0078617 0.000149452 0.0913234 0.192796 3.43095e-06 0.034198 0.000283895 0.0148344 0.00386607 
0.064405 0.121304 0.0602989 0.0472577 0.00147733 0.00442394 0.0591412 0.171612 0.0309125 0.000359082 0.00085167 0.0710748 0.00174351 0.103309 0.19796 0.00169917 0.0540606 0.000124469 0.00311055 0.00487522 
0.0612363 0.313749 0.0474616 0.0537481 9.80679e-06 0.00524854 0.00744188 0.0239874 3.45398e-05 0.00038877 0.000179601 0.0410637 0.00124848 0.0172181 0.393432 3.29777e-05 0.00411766 6.40895e-05 0.020734 0.00860381 
0.1515 0.017125 0.0243053 0.0352197 0.000578591 0.0050066 0.0337613 0.193427 0.0481341 0.000584412 0.0165823 0.0811304 0.00545117 0.0728724 0.290389 0.00518603 0.00474324 5.83913e-05 0.00346293 0.0104824 
0.0247711 0.40206 0.00779893 0.0173691 3.18063e-05 0.00249129 0.0300968 0.0277415 4.32227e-05 0.0011157 2.65003e-05 0.00382226 4.67294e-06 0.00888189 0.460032 3.82504e-06 0.00148187 0.000176493 0.00728393 0.00476663 
0.0130507 0.0548758 0.0199441 0.0193871 9.29013e-07 0.258761 0.0741294 0.124408 7.50042e-06 0.00578765 0.00159073 0.0195631 2.57344e-05 0.0893993 0.295941 0.00314894 0.00683701 9.5624e-07 0.00494317 0.00819763 
0.0416896 0.0651328 0.00310301 0.0412646 0.000280017 0.0014073 0.0147541 0.200062 0.000365179 0.000338988 0.000986346 0.0383583 0.000627338 0.0337405 0.503176 0.000116553 0.0344301 2.91171e-05 0.010862 0.00927557 
0.03745 0.224972 0.00160743 0.118945 0.00106594 0.00177869 0.0412296 0.0699466 6.33516e-05 0.000411826 0.00898741 0.0322367 0.000268674 0.0205321 0.412593 5.28783e-06 0.0147443 2.00317e-05 0.0122191 0.000922254 
0.0648011 0.116412 0.0151514 0.0436998 0.000150443 0.0173409 0.0581298 0.245058 0.000803187 0.00242497 0.00675982 0.0347842 0.00199151 0.0647159 0.265253 0.00204096 0.0280761 0.000489843 0.0134622 0.0184545 
0.0917666 0.122229 0.00613304 0.0417266 0.0125163 0.00118094 0.0632635 0.061423 0.00422773 8.59025e-05 0.0012944 0.192654 0.00064883 0.013089 0.371316 4.25557e-05 0.00388434 0.000643716 0.00658522 0.0052884 
0.101114 0.0446604 0.0100148 0.0298332 1.97074e-06 0.000765383 0.0299882 0.0995647 0.00198244 0.0006507 0.00521019 0.197136 0.00108041 0.0392039 0.407127 0.000270888 0.010817 0.000756652 0.019176 0.000645305 
0.0676754 0.0743537 0.0073832 0.0347977 7.71379e-05 0.0107438 0.181028 0.190427 0.000363295 0.000537352 0.00306981 0.0530048 0.000661323 0.0519544 0.274632 0.028488 0.00638019 2.90255e-05 0.00789023 0.00650395 
0.119842 0.122047 0.0290606 0.050966 0.00112048 0.0319874 0.156422 0.109843 0.00100412 0.0035938 0.0060543 0.0313657 0.00713948 0.100026 0.163751 0.00742865 0.0290414 0.000425457 0.00963321 0.0192478 
0.0486902 0.255293 0.023922 0.0370098 3.20046e-05 0.00750676 0.00904405 0.173585 0.00716072 0.00382286 0.00154585 0.0300949 0.000576254 0.0188882 0.346587 0.000630344 0.0088693 0.000416882 0.0228596 0.0034652 
0.00701246 0.0541328 0.00890179 0.176731 7.02582e-06 0.0366692 0.0411724 0.0224951 1.60965e-05 0.000202686 1.80315e-05 0.00304724 5.08394e-06 0.0110658 0.628835 2.41112e-06 0.00145429 8.09371e-06 0.0078459 0.000377772 
0.166681 0.166282 0.0262662 0.0568654 0.00188808 0.00377179 0.0286563 0.0390125 0.000903291 0.00130118 0.0233373 0.0752756 0.00145394 0.0448205 0.254522 0.00547457 0.0150992 1.76904e-05 0.0113806 0.0769903 
0.0714594 0.123636 0.0280706 0.0547077 8.54726e-05 0.00214351 0.00842327 0.114628 0.00268035 0.00172168 0.0146101 0.217394 0.00236614 0.0473936 0.282316 0.000393215 0.00709513 0.000908683 0.0146492 0.0053184 
0.00877725 0.077354 0.00499495 0.0435566 9.75858e-05 0.00957723 0.0223765 0.114916 5.13731e-05 0.000156155 5.22146e-05 0.0213947 0.00101219 0.0118591 0.58982 6.42045e-05 0.00862386 0.000147919 0.0238901 0.0612785 
0.0682848 0.124495 0.0148062 0.0526232 9.88676e-05 0.0141277 0.0282473 0.153161 0.0273133 0.00215983 0.0224219 0.105756 0.0030587 0.122975 0.21483 0.0219641 0.00516297 0.000349643 0.0114745 0.00668921 
0.0100775 0.02041 0.022668 0.191115 0.000485887 0.00259074 0.010311 0.0291925 4.67212e-05 0.000125256 0.000986071 0.0395592 0.00151103 0.0244597 0.623308 2.47304e-06 0.000807914 6.64211e-06 0.0204586 0.00187763 
0.00161502 0.0113796 0.0489559 0.0642111 0.000156547 0.0916443 0.00465339 0.00213258 5.66393e-05 1.41301e-05 0.000725573 0.0406716 0.000802135 0.00044196 0.712547 4.31128e-05 0.00123862 5.30445e-07 0.01869 2.01013e-05 
0.0642433 0.10149 0.0418971 0.142204 0.00166205 0.0186183 0.0508243 0.0597865 0.000521173 0.00172866 0.0067922 0.175406 0.001936 0.0642258 0.200629 0.00278559 0.0222653 0.000149406 0.0215997 0.0212359 
0.00370861 0.00678743 0.00337948 0.0782919 2.16678e-06 0.0323463 0.00740951 0.0162224 9.95364e-06 0.000155005 0.000351034 0.262667 0.00493839 0.0075163 0.570659 1.72862e-06 4.38427e-05 3.39023e-05 0.00502261 0.000453186 
0.197882 0.0399752 0.004694 0.0227164 8.81998e-07 0.00175786 0.0449346 0.240333 0.000870096 0.0242742 0.000202994 0.0730048 0.00151342 0.0243416 0.303554 9.44396e-06 0.0085254 0.000133226 0.0105897 0.000687015 
0.0240193 0.0275639 0.0194768 0.0573593 0.000148716 0.00347443 0.00619796 0.115316 0.04165 0.000684413 0.0631633 0.214203 0.00206744 0.0511373 0.329156 0.0046313 0.00343102 9.61554e-05 0.0204411 0.0157824 
0.0389478 0.0508729 0.0127227 0.0788828 0.000675027 0.0194305 0.0468494 0.116806 0.000208694 0.0120956 0.00602355 0.199408 0.0060362 0.0480412 0.294906 0.000661317 0.0399171 0.000140015 0.0188015 0.00857324 
0.0401632 0.0237795 0.00324722 0.0238255 0.000198811 0.00519092 0.0220385 0.271294 0.000443584 0.000367766 0.000432474 0.00566127 0.000170931 0.0224513 0.551228 0.000225282 0.0126773 4.18181e-07 0.0134861 0.00311741 
0.0365663 0.0591397 0.026493 0.03845 0.000385886 0.0150529 0.0988636 0.177307 0.00102177 0.00250958 0.00267778 0.0419714 0.00413008 0.15887 0.202425 0.00266104 0.116371 0.000455998 0.0109244 0.00372378 
0.100847 0.232693 0.0162344 0.0532536 5.09728e-05 0.00637734 0.0274966 0.0840503 0.000645968 0.0019067 0.000513613 0.0415166 0.000847701 0.015579 0.385727 0.00375064 0.00890396 0.000141677 0.0133971 0.00606703 
0.0266418 0.0981563 0.0218292 0.0935912 1.86374e-05 0.00213096 0.0281278 0.0558623 0.000366883 0.00169001 0.00120926 0.0253023 4.91755e-05 0.00971072 0.528935 2.78264e-05 0.0073815 9.9558e-05 0.0982448 0.000624929 
0.249255 0.0754981 0.015278 0.0535482 1.18152e-06 0.0155849 0.042917 0.0204171 0.00149268 0.000500753 5.82832e-06 0.0574163 0.0332115 0.0221738 0.343662 2.04648e-05 0.0621271 0.000310588 0.00561832 0.000961297 
0.0366519 0.0505006 0.00966708 0.016162 0.000143051 0.00382198 0.00686355 0.23687 0.000561882 0.00119849 0.00171372 0.0236058 0.00112242 0.0174189 0.561427 0.000528679 0.00356738 2.86624e-05 0.0212721 0.00687522 
0.069005 0.169858 0.0103274 0.0237048 6.67643e-05 0.00760664 0.0209446 0.116802 0.00729907 0.00250173 0.00393759 0.0164272 0.0047021 0.0599832 0.310319 0.0068764 0.00328466 0.000161345 0.0111628 0.155029 
0.0204128 0.0491055 0.0715621 0.154298 6.7121e-06 0.0170568 0.0849373 0.0971726 0.000594607 0.0024072 0.000773533 0.0331733 0.00500193 0.0783048 0.353999 8.94669e-05 0.0136772 5.0513e-05 0.00981163 0.00756568 
0.145676 0.151464 0.0226627 0.0485638 0.000376161 0.00593415 0.0225981 0.132387 0.00445693 0.00168773 0.00241005 0.0123073 0.000960374 0.0226032 0.397047 0.000317161 0.0152129 0.000116605 0.00874889 0.00447046 
0.0199578 0.20349 0.00713248 0.00881816 6.72296e-06 0.0146964 0.00863047 0.0250619 0.000706926 0.00685196 0.00282836 0.00194811 0.00329739 0.0383092 0.280486 0.101825 0.00177638 8.91994e-09 0.0458456 0.228332 
0.164023 0.170162 0.00342124 0.115335 4.02298e-06 0.00965125 0.0451289 0.0564576 1.54113e-05 0.0017896 0.00221164 0.0206532 0.000317785 0.0175627 0.369077 0.00213766 0.00459042 0.000152015 0.0140417 0.00326828 
0.020385 0.143354 0.0138866 0.0167759 3.53127e-05 0.0152993 0.0108751 0.0199827 0.000460665 0.06914 0.00178524 0.0666551 0.00239793 0.0328875 0.254697 0.118027 0.00245685 2.53869e-06 0.0306968 0.1802 
0.0216718 0.0200156 0.0446444 0.0967994 5.4145e-05 0.0252179 0.00563742 0.0699709 0.0115321 0.000395835 0.0109238 0.234233 0.00418633 0.0846556 0.328661 0.00665776 0.00588915 0.000445091 0.023089 0.00531986 
0.102615 0.217646 0.0051638 0.040455 0.00224281 0.02653 0.191127 0.0735803 0.000439085 0.00549857 0.00214358 0.00711453 0.00200985 0.0451233 0.244288 0.00248405 0.0169221 5.71903e-05 0.00612985 0.00842961 
0.0307715 0.140391 0.0149835 0.0608293 3.22537e-05 0.0937018 0.0540133 0.0878574 0.000448425 0.0068628 0.00147225 0.035104 0.00389197 0.101009 0.168459 0.0112629 0.0171166 0.000122264 0.0514477 0.120223 
0.0539645 0.247647 0.0403994 0.0332309 0.00117923 0.0143229 0.0136113 0.0340746 3.55801e-05 0.000756433 0.000155615 0.0180287 0.000180994 0.00849494 0.507886 2.35732e-05 0.00421304 0.000123493 0.0189773 0.00269405 
0.170422 0.113394 0.0168141 0.0578608 0.00053542 0.0169061 0.1177 0.123016 0.000460587 0.0040995 0.00539407 0.0251564 0.00292614 0.0419361 0.263247 0.000813386 0.0184897 0.000223427 0.011294 0.00931133 
0.0265842 0.112958 0.00335929 0.115962 1.26381e-06 0.00061717 0.0427699 0.105015 0.000182322 0.000176005 0.00018037 0.0404824 6.74744e-05 0.0145727 0.507164 5.93167e-05 0.00973982 0.00954157 0.0103897 0.000177874 
0.0341572 0.154365 0.0171415 0.098774 0.000938225 0.126361 0.0412928 0.0328969 0.00167526 0.00487751 0.000723181 0.0627989 0.00554628 0.0662526 0.235858 0.0116906 0.082096 7.29528e-05 0.0143272 0.00815533 
0.035526 0.193781 0.0217943 0.056443 1.05748e-06 0.001281 0.00741605 0.0668394 0.000249519 0.000262655 0.000270981 0.129682 1.12588e-05 0.00487317 0.453944 2.44723e-05 0.00171804 0.000161966 0.0255254 0.000196022 
0.0288149 0.12556 0.014119 0.105304 0.000226966 0.00357079 0.0365816 0.225954 0.000457124 0.00179423 0.00171199 0.10028 4.27272e-05 0.0100934 0.308551 2.39716e-05 0.0177474 0.00159347 0.0155431 0.00202998 
0.0185938 0.0249659 0.0103267 0.092277 0.00150174 0.00140831 0.0188549 0.0767188 0.006478 0.000276008 0.117179 0.20231 0.000717419 0.0179095 0.40076 7.78933e-05 0.00156025 4.65848e-05 0.00650866 0.00152932 
0.104613 0.0974578 0.0448646 0.0464485 4.92093e-05 0.0121131 0.0424326 0.133169 0.00205623 0.000217688 0.000131759 0.0297123 0.00010139 0.0285089 0.424766 3.15451e-05 0.00360063 0.000793475 0.0281253 0.000807803 
0.00592587 0.0518311 0.00268577 0.00832917 6.14903e-05 0.004276 0.100607 0.0238861 6.29803e-05 0.000181341 0.0108643 0.0369677 0.000529166 0.0451949 0.704265 6.56164e-05 0.000380126 1.48127e-05 0.00287026 0.00100135 
0.0386641 0.111462 0.0335232 0.0249846 0.000304643 0.0644631 0.0195433 0.0972221 0.00105378 0.0164814 0.0247896 0.0168455 0.00114597 0.120801 0.233577 0.0982153 0.0197895 6.03734e-05 0.0708535 0.00622053 
0.069005 0.169858 0.0103274 0.0237048 6.67643e-05 0.00760664 0.0209446 0.116802 0.00729907 0.00250173 0.00393759 0.0164272 0.0047021 0.0599832 0.310319 0.0068764 0.00328466 0.000161345 0.0111628 0.155029 
0.0525312 0.191337 0.0122497 0.00987844 1.70579e-05 0.00350321 0.0299671 0.0330154 0.00150103 0.000600302 0.160715 0.00686853 0.00356077 0.20775 0.235246 0.0121543 0.00423198 4.25765e-06 0.0194913 0.0153776 
0.204604 0.126482 0.0511705 0.132968 5.78033e-05 0.0126708 0.00825183 0.13807 0.000157233 0.00183642 0.00232742 0.0210479 0.000483875 0.0148974 0.249217 0.013427 0.00435744 2.43447e-05 0.0136353 0.00431389 
2.03593e-06 0.0498121 0.0111959 0.0694127 6.54568e-05 0.0229589 0.00925926 0.0177702 9.1313e-07 8.24116e-05 0.19789 0.0324047 0.00109374 0.010403 0.575093 1.91378e-06 0.000783571 2.01572e-06 0.00071532 0.00105258 
0.0623414 0.0494317 0.0528313 0.121966 4.0131e-05 0.0143291 0.0319238 0.115144 0.000107065 0.00296761 0.00305792 0.0697498 0.00671309 0.0319736 0.357926 0.000443528 0.0150089 6.62519e-05 0.0576585 0.00632058 
0.039788 0.162535 0.0189907 0.053956 0.000219582 0.0407296 0.0615173 0.0547852 0.00434415 0.000634661 0.00654851 0.0507303 0.0012238 0.195998 0.265238 0.0041376 0.0131313 0.000213058 0.0167953 0.00848506 
0.0706421 0.161439 0.0202012 0.175037 5.25892e-06 0.00141998 0.0994662 0.0772216 6.39183e-05 0.00102005 1.83008e-05 0.12668 0.00268929 0.00272517 0.243512 0.000487616 0.00545299 2.90128e-05 0.0107459 0.00114326 
0.0486351 0.231607 0.0302725 0.0807943 9.43704e-06 0.0547144 0.0214151 0.0972899 4.22095e-05 0.00154474 2.53252e-05 0.0137628 8.60962e-05 0.0193347 0.358021 0.00284856 0.00407831 8.07999e-05 0.0327029 0.00273501 
0.0147933 0.0305016 0.0118949 0.0416763 0.000113653 0.00226628 0.0119185 0.119184 0.00141777 0.000231971 0.000890284 0.27891 0.000983977 0.0319704 0.437715 2.60192e-05 0.00032099 0.000346321 0.014216 0.000623336 
0.0431503 0.0314055 0.0237826 0.160541 2.20726e-06 0.00246692 0.00280571 0.0357094 8.43367e-06 0.000184889 1.08721e-05 0.0722277 6.70756e-05 0.00209725 0.556467 5.06496e-06 0.00247728 0.00138672 0.0649997 0.000204545 
0.252763 0.0430688 0.0157437 0.027781 0.000788701 0.00617167 0.033896 0.113168 0.000695182 0.0010874 0.0125278 0.0381965 0.00065153 0.0393154 0.369455 5.97289e-05 0.0261917 2.67607e-05 0.0142967 0.00411512 
0.0627336 0.279559 0.0236709 0.110516 0.000117496 0.00647898 0.0144175 0.0651701 6.30785e-05 0.00075646 0.000712945 0.0347894 0.000329149 0.025666 0.293457 6.66363e-05 0.044261 3.63294e-05 0.0129224 0.0242761 
0.0507162 0.179532 0.0070329 0.0925764 1.6979e-05 0.0912261 0.0936689 0.0270875 1.5835e-05 0.0038937 0.000153249 0.0780946 0.00178617 0.0257435 0.281221 1.55493e-05 0.0545941 9.6485e-05 0.00604067 0.00648847 
0.0948725 0.0440966 0.0250363 0.0320198 4.78762e-06 0.00259364 0.00924253 0.250886 0.00495441 0.000153333 0.000135635 0.0314042 0.000364 0.00865218 0.47949 4.79424e-05 0.000421598 0.00120981 0.0137835 0.000631218 
0.0429089 0.0849033 0.031439 0.055107 2.5977e-05 0.00810147 0.0612523 0.195224 0.000865563 0.000227843 0.000675628 0.0123832 5.59151e-05 0.0469398 0.413502 8.51753e-06 0.00163317 0.000141088 0.00983486 0.0347699 
0.0693595 0.0469694 0.00352207 0.0710064 2.9166e-07 0.02172 0.0685375 0.0254331 8.81397e-05 0.00122761 0.000417799 0.150541 0.000362364 0.0710832 0.369606 1.98385e-05 0.094274 0.000599304 0.00466091 0.000572225 
0.0491987 0.149486 0.0141007 0.0567051 0.00234806 0.00997874 0.102588 0.0551498 0.000751216 0.000568337 0.000881499 0.0260271 0.000915819 0.0448112 0.452841 0.00096642 0.00606111 4.93728e-05 0.00931387 0.0172576 
0.0055526 0.0179604 0.000173638 0.00111725 6.9973e-11 0.00511232 0.0317135 0.203143 3.14048e-08 5.70313e-08 0.000578396 0.0553364 7.44659e-05 0.203537 0.469078 6.65581e-09 0.00606165 1.54686e-08 1.07859e-05 0.000550652 
0.00310257 0.0092951 0.0063762 0.186454 1.57402e-05 0.00148901 0.00253261 0.00647522 9.93055e-05 0.000119594 0.0074999 0.154094 0.000571134 0.00478836 0.612167 1.16711e-06 0.000192978 0.000151543 0.00450944 6.53111e-05 
