0.0256086 0.0288059 0.0324316 0.0665161 2.3722e-05 0.0113948 0.31961 0.0575992 0.000637673 0.000462766 0.017582 0.150271 0.015945 0.0327982 0.0982076 0.00018694 0.133104 0.00107329 0.00721827 0.000522884 
0.00643049 0.0778207 0.00125242 0.063699 1.17817e-05 0.095238 0.521395 0.0321287 3.25587e-06 0.0039362 0.00297153 0.00690016 0.000177286 0.11929 0.0594336 4.21724e-06 0.003951 8.52555e-07 0.00176234 0.00359363 
0.0140353 0.0196774 0.00511452 0.0585814 0.000125443 0.0185036 0.350836 0.0941802 0.00247988 0.00080426 0.00274487 0.0879097 0.00836473 0.176767 0.13945 0.00161163 0.00724649 1.09299e-05 0.00644558 0.00511136 
0.037238 0.0113633 0.0037502 0.0183612 0.00330241 0.0125224 0.492627 0.108664 0.00320966 0.000972677 0.0127626 0.0123787 0.00300204 0.193328 0.0291072 0.00444599 0.0357079 7.61143e-06 0.000618207 0.0166307 
0.0209372 0.105733 0.00451733 0.0527388 5.24347e-05 0.00517602 0.438921 0.0317989 0.000605758 0.000170851 0.00249672 0.0441047 0.00146212 0.175686 0.0619258 0.00531834 0.00160556 2.12349e-05 0.00428205 0.0424465 
0.00556733 0.0159979 4.74812e-05 0.00176174 0.00022348 0.0044451 0.587534 0.0534359 0.00152206 0.00114579 1.63084e-09 0.0443035 0.00180481 0.267173 0.00678195 4.92754e-08 0.00416004 2.03474e-06 0.00136131 0.00273259 
0.0118838 0.0669656 0.0177426 0.0281108 7.05124e-05 0.00195578 0.388451 0.149994 0.00010217 0.00550675 0.00187264 0.0616819 0.00197401 0.207842 0.0279102 0.000731714 0.0142934 3.97166e-05 0.00283528 0.0100359 
0.0150142 0.0201066 0.00166086 0.0506851 4.63787e-06 0.192096 0.245102 0.118645 0.000125235 0.000280879 0.00115116 0.0553236 0.00856071 0.11245 0.108879 0.000101421 0.0626024 0.000140398 0.00253029 0.00453965 
0.00765679 0.0421546 0.0100558 0.0965484 0.000151254 0.00552835 0.47958 0.153426 0.000122468 0.000511438 0.000104949 0.00467487 0.000603125 0.0165918 0.166971 8.05396e-05 0.00655745 0.000185233 0.00483294 0.00366373 
0.00710208 0.0245242 0.0448506 0.066237 2.46447e-05 0.00521772 0.550661 0.0654902 0.000113624 0.000437156 0.000233994 0.0881929 0.000253897 0.0424428 0.0341882 0.0478169 0.00717222 0.000168075 0.0133649 0.00150808 
0.00225396 0.0549387 0.00631717 0.0129372 8.92051e-05 0.0765531 0.511979 0.0172416 0.00012822 0.00201809 0.000104187 0.128297 0.00117949 0.0369894 0.129389 2.36625e-05 0.0180789 3.72333e-05 0.000603375 0.000841328 
0.0175371 0.0335764 0.00316556 0.1632 0.00013049 0.0203299 0.475264 0.0219393 5.76269e-06 0.000905296 3.30588e-05 0.0206853 0.00101578 0.0137873 0.113613 0.10286 0.00245082 0.00141953 0.00699042 0.00109147 
0.0202917 0.0355562 0.00182027 0.0243144 0.0138044 0.000591027 0.469646 0.0149906 7.38664e-06 0.00104251 0.00166279 0.298402 0.000126539 0.0424119 0.00683068 1.7975e-06 0.0563406 5.80259e-05 0.00819967 0.00390087 
0.0118429 0.21783 0.0300138 0.0431987 2.54064e-05 0.0146675 0.302447 0.0570432 0.000139903 0.000477832 0.00132499 0.00529539 0.000709044 0.0379947 0.244934 0.000222728 0.00779252 0.00011388 0.0039651 0.0199613 
0.0440554 0.193727 0.0450523 0.0998612 0.000678084 0.0143109 0.215429 0.0768649 0.000223472 0.0009037 0.000361148 0.0385989 0.000388294 0.0507367 0.176936 3.48556e-05 0.0129185 0.000215798 0.010204 0.0185002 
7.67916e-06 0.0223133 7.31392e-05 0.0247685 9.27173e-05 5.8088e-05 0.850535 0.00790823 5.46454e-07 0.000163068 0.00010625 0.0562721 4.58006e-05 0.00879758 0.0277001 4.92246e-06 0.000548111 5.81293e-07 0.000413987 0.000190013 
0.00215757 0.0235486 0.00145632 0.0567109 0.000473439 0.00907302 0.758879 2.99059e-05 1.08389e-05 0.020515 4.78905e-06 0.0588158 0.000397082 0.00705873 0.0261419 7.67578e-07 0.0270237 2.38638e-05 0.00555819 0.00212076 
0.00755641 0.0141644 0.0135038 0.0202354 5.44332e-06 0.00462049 0.505591 0.0660246 0.000279546 0.00123915 0.00346258 0.029244 0.00278751 0.20553 0.057339 0.0153591 0.0413882 2.96762e-05 0.00255188 0.00908809 
0.000747917 0.00884103 0.0175883 0.00633493 0.019998 0.0947613 0.493509 0.0453027 1.91154e-07 1.45037e-05 0.000701685 0.12755 0.0098221 0.0669617 0.00596048 1.42397e-05 0.0419146 0.0538816 0.00145576 0.00463932 
0.0305936 0.0417765 0.0265779 0.0217577 0.000200338 0.0125481 0.318916 0.213535 0.00119645 0.000988238 0.00228844 0.0295659 0.00100558 0.0814835 0.193892 0.00137555 0.00994751 9.1393e-08 0.0066367 0.0057149 
0.00548988 0.0346034 0.00500149 0.0550567 0.000224829 0.0180356 0.458316 0.0856985 0.000937112 0.00112086 0.000116917 0.0902416 4.08169e-06 0.0690045 0.123333 4.61581e-06 0.047668 1.29305e-06 0.00328823 0.00185401 
0.00947616 0.0514329 0.0094718 0.150381 4.01407e-07 0.000849716 0.385499 0.0316651 1.82861e-05 7.44217e-06 0.0857617 0.13907 0.000299957 0.00541976 0.111153 2.5197e-08 0.0105125 1.99197e-05 0.00759148 0.00137031 
0.0141455 0.195353 0.00111046 0.00409913 0.0046251 0.0110674 0.263359 0.165825 0.000160823 0.000382488 0.000713134 0.01284 0.000301742 0.112428 0.183145 0.000459496 0.00650895 1.84073e-06 0.0003763 0.0230974 
0.00326177 0.0531609 0.000676735 0.110791 3.97728e-05 0.0183604 0.465969 0.0552995 0.00065081 0.0033437 0.000906903 0.0918176 0.0134797 0.119722 0.0365264 0.00437517 0.0101013 7.72346e-06 0.000570802 0.0109378 
0.00132751 0.0249339 0.000859857 0.135232 4.4826e-05 0.0876365 0.477733 0.00569312 2.37308e-07 0.00300848 0.000267582 0.0530588 0.000152566 0.0234856 0.16626 0.00394715 0.00949023 9.10762e-07 0.00448808 0.00238036 
0.00700429 0.0265285 0.0165433 0.0744606 3.06295e-06 0.00338991 0.589064 0.125526 6.11239e-05 0.000221254 0.00011959 0.0232246 4.60315e-05 0.0242786 0.0874806 9.88706e-06 0.0157976 1.58672e-05 0.00544289 0.000782102 
0.0277211 0.011605 0.000890898 0.00632383 0.00807577 0.0565302 0.543986 0.021879 6.58072e-06 0.000571051 0.00114695 0.00463189 3.00014e-05 0.197757 0.014855 0.010593 0.0743363 0.0100277 0.00450441 0.00452751 
0.00825695 0.12191 0.047723 0.0558135 0.00141976 0.0412719 0.226298 0.129837 0.000299678 0.000862638 0.000877858 0.0134485 0.00489007 0.126998 0.13233 0.0105092 0.0619033 0.000441459 0.00538689 0.00952249 
0.000163511 0.00923265 0.000289233 0.00177978 8.34421e-05 0.0781118 0.737307 0.0240623 7.42327e-05 0.000255745 0.000378513 0.029785 0.00117784 0.0075853 0.106454 7.86053e-06 0.00250835 0.000162767 0.000463653 0.000117089 
0.0254226 0.0115594 0.0129548 0.0408975 1.00782e-05 0.0388389 0.425732 0.0688012 0.000108167 0.000338619 0.000604311 0.0362369 0.00365841 0.212552 0.0474479 7.17971e-05 0.0241226 6.71515e-07 0.0480477 0.00259463 
0.00311597 0.190848 0.00411833 0.0424987 8.6089e-05 0.0725552 0.335156 0.0492113 0.000371162 0.000407794 0.00116728 0.00480105 0.00118948 0.0254939 0.243557 0.00130346 0.00606724 5.6455e-06 0.00411524 0.0139304 
0.0137409 0.0389415 0.009615 0.0397145 8.6588e-05 0.00252289 0.31459 0.0599608 0.000305912 0.00177132 0.000510806 0.18433 0.000719076 0.0640261 0.0696132 0.00037026 0.187491 0.000160315 0.00682611 0.00470367 
0.0410517 0.0636116 0.0183782 0.0325439 0.00165185 0.0276528 0.222353 0.214414 0.00152633 0.00101234 0.00584818 0.0299759 0.00213092 0.0997394 0.145044 0.00253304 0.0708882 0.000149691 0.0101158 0.00937843 
0.0173564 0.186051 0.00433811 0.0600608 0.00165275 0.0256612 0.341962 0.0490292 0.000207741 0.00206386 0.00940044 0.0203473 0.00103504 0.0590332 0.173398 5.90202e-05 0.0410414 0.00015856 0.00255515 0.00458922 
0.034574 0.034544 0.0249432 0.0252884 0.000157398 0.0122766 0.311834 0.10026 0.00312875 0.000897409 0.0111679 0.026043 0.0157941 0.237354 0.0960912 0.00129688 0.0269847 4.19062e-05 0.00389034 0.0334333 
0.0275927 0.0354283 0.00100888 0.00900381 9.24661e-05 0.00501815 0.568612 0.0690561 0.00843785 0.00136577 0.00128609 0.0413634 0.00167016 0.192544 0.00994243 0.000219903 0.0233304 1.47461e-05 0.000440544 0.00357208 
0.0838113 0.110926 0.0111425 0.122634 9.65962e-05 0.0254909 0.205163 0.100934 1.33278e-05 0.0039897 1.66848e-05 0.00250373 0.00139724 0.0135543 0.195976 1.57664e-05 0.0012562 2.22075e-06 0.0176568 0.103419 
0.0137241 0.0173781 0.00193642 0.0116681 1.0226e-06 0.0357103 0.420917 0.0910064 0.0216537 0.000963091 7.38116e-05 0.0538774 0.00459814 0.173821 0.0909849 0.00171685 0.0257042 0.00450123 0.0202891 0.0094747 
0.159065 0.0654007 0.00983569 0.054338 3.29864e-05 0.0141803 0.317023 0.0310507 0.0162832 0.00123828 0.00184235 0.0520435 0.000787415 0.0432105 0.200749 0.00285008 0.0159101 0.00309882 0.0107066 0.000353768 
0.0179022 0.0235809 0.0126576 0.025103 7.89072e-05 0.0259862 0.449324 0.161005 0.000130355 0.0022331 0.000586486 0.0200365 0.00327672 0.0253832 0.203825 0.000385138 0.0197945 0.000101236 0.00411821 0.00449212 
3.47741e-06 0.221084 2.85051e-06 0.0806503 1.74334e-06 0.0318349 0.377778 4.32471e-06 1.55898e-06 1.44149e-06 6.88017e-07 0.0424337 0.0014591 0.0157573 0.228974 1.09334e-07 3.21721e-06 3.44224e-06 3.46443e-06 1.53563e-06 
2.1559e-05 0.0129294 0.000259711 0.144634 0.0612926 0.000513686 0.406538 0.0188608 3.14561e-07 3.56483e-07 6.7177e-05 0.267168 2.28775e-05 0.0689562 0.0162555 1.33119e-06 4.75662e-06 0.000107787 0.000171487 0.00219418 
0.0352221 0.0534841 0.0256525 0.0337595 0.000980418 0.00716886 0.541632 0.0727455 0.000902738 0.0304066 0.00158449 0.0151183 0.00159817 0.0409609 0.102163 0.00119149 0.00509635 0.000102 0.00527056 0.0249599 
0.00245601 0.0146075 0.00402997 0.0543784 0.00222354 0.00697404 0.798765 0.00967047 1.13438e-05 0.00330911 5.2536e-05 0.0450476 0.00117867 0.00434675 0.0336578 0.00298773 0.0115949 9.17735e-05 0.00379785 0.000818737 
0.0425333 0.0302668 0.00905333 0.0959342 0.000143185 0.0647526 0.418033 0.071353 0.000332885 0.00257486 0.0344666 0.0584929 0.00361753 0.0618593 0.0551507 0.00366077 0.00917392 5.42149e-07 0.00264405 0.0359561 
0.00201492 0.0129431 0.00105415 0.0782315 0.0466039 0.162604 0.310788 0.00433321 5.64993e-09 6.33697e-06 0.00796094 0.302881 0.0112676 0.0359289 0.015878 1.16636e-07 0.00576549 8.18221e-08 0.00048259 0.00125663 
0.0512684 0.112543 0.0145998 0.25456 2.16177e-06 0.000203459 0.404243 0.00881015 2.94148e-06 0.00045744 3.41705e-08 0.0737603 0.000926589 0.00133091 0.0697876 5.99081e-06 0.000490774 0.0018021 0.00507974 0.000125877 
0.0114856 0.0421866 0.0114715 0.105226 1.34463e-06 0.0486161 0.23261 0.175848 4.79095e-05 0.000731836 0.000132389 0.195779 2.81104e-05 0.0464003 0.0345002 9.59525e-06 0.0918761 0.000835972 0.00220259 1.07484e-05 
0.13865 0.189137 0.00164667 0.0370342 1.07456e-05 0.0230521 0.211354 0.109068 0.00940611 7.45295e-05 0.0104399 0.0163126 0.00046163 0.118744 0.105015 0.0170215 0.00227075 7.81109e-05 0.00590736 0.00431533 
0.0108995 0.0859054 0.0311287 0.0490445 0.00210836 0.175723 0.306746 0.0992408 0.00025064 0.000292451 0.000783647 0.0222459 0.00116576 0.0480093 0.119714 0.00241217 0.0353904 0.000259413 0.00517813 0.00350186 
1.2531e-08 0.00358583 9.81029e-09 0.00500752 1.28485e-07 0.0011566 0.437898 0.00548279 3.2558e-05 0.278674 0.14642 0.0290126 4.68263e-08 0.0713684 0.0188995 1.04051e-05 0.00241418 7.0139e-06 3.08753e-05 2.55233e-08 
0.051357 0.0512825 0.00824707 0.0053389 0.000146237 0.00888687 0.290989 0.125711 0.000258906 0.001072 0.00260808 0.012214 0.0042582 0.279722 0.0826528 0.00375838 0.0426744 2.50044e-05 0.000519572 0.0282781 
0.12127 0.082822 0.000784732 0.00855378 2.69564e-06 0.0217429 0.643717 0.0188445 2.40921e-06 0.0213961 1.06357e-06 0.00910563 0.00420418 0.00212044 0.049809 3.24552e-06 0.0115516 0.000124077 0.00134777 0.00259735 
0.0965928 0.172357 0.013113 0.0504428 6.69992e-06 0.0229795 0.33703 0.0559354 0.000140132 2.22168e-05 0.000427651 0.105077 6.94705e-05 0.0253473 0.107393 4.59339e-05 0.00863814 2.34048e-06 0.00185395 0.00252579 
0.00394767 0.000104057 0.0140009 0.106098 6.17613e-07 0.00871218 0.718085 0.0157811 2.87258e-08 0.00124146 2.30103e-05 0.0603533 0.0474225 0.00856278 0.00670985 1.99658e-07 0.00573995 1.4769e-05 0.00319849 4.30828e-06 
0.0066553 0.0631663 0.00326393 0.260056 6.668e-06 0.00373898 0.439986 0.0148594 0.000151202 0.00259778 7.42534e-06 0.00496831 2.54055e-06 0.00946112 0.160444 0.0186297 0.0094335 0.000322262 0.00221262 3.65293e-05 
0.056733 0.0174272 0.000827974 0.00645018 2.65096e-07 0.0305534 0.574343 0.111186 2.37016e-07 0.00445607 0.000168638 0.00915644 0.00421305 0.00768144 0.171031 2.28849e-06 0.00375371 8.82504e-05 0.000994925 0.000932891 
0.0134974 0.148301 0.00412593 0.0260435 8.33336e-05 0.0108857 0.375221 0.0674601 0.000188394 0.00103331 0.000324882 0.00647691 0.00122093 0.104119 0.217703 0.000406693 0.0104842 0.000260973 0.00357976 0.00858368 
0.00191035 0.0870032 0.00396052 0.0492823 3.82606e-05 0.095245 0.306379 0.0575673 0.000794601 0.00216006 0.00557627 0.00497393 0.00731313 0.147354 0.0964773 0.00488679 0.00710939 1.72736e-07 0.000116425 0.121852 
4.66064e-05 0.000208971 2.50251e-05 0.00683629 7.00817e-07 0.00169665 0.658448 0.0157897 9.74734e-06 8.96061e-08 4.21707e-05 0.0394314 9.2732e-05 0.274393 0.00198276 1.75531e-07 0.000684982 6.61417e-08 7.13959e-06 0.000303033 
0.00253515 0.0116307 0.01446 0.044305 0.000138486 0.00292634 0.672015 0.0937582 0.000131451 0.000142617 0.00121075 0.00467883 0.000162127 0.0652469 0.0753677 6.60564e-05 0.00351828 0.000270002 0.00256216 0.00487426 
0.134683 0.0075251 0.00140916 0.0189122 2.24333e-06 0.00508693 0.536832 0.0171589 0.000451348 0.000169822 0.138335 0.0856976 9.10685e-05 0.023973 0.0198706 8.43521e-06 0.00296985 4.42104e-06 0.00414512 0.00267335 
0.00972744 0.0239417 0.00357823 0.089757 1.52748e-06 0.0504253 0.413215 0.0191162 0.000219097 9.43524e-05 0.032119 0.173846 0.00115893 0.118249 0.0525336 0.000421806 0.00221965 2.99179e-06 0.00709646 0.00227725 
0.0546401 0.000551979 0.000485393 0.0646381 1.79033e-06 0.0061401 0.510512 0.0355366 0.00056018 0.000546482 0.00642922 0.1381 0.0542341 0.101917 0.00862168 4.96896e-06 0.00447088 7.36337e-06 0.000973742 0.011628 
0.0423018 0.0883428 0.00615953 0.0137015 0.000294278 0.00546712 0.297481 0.0778839 0.00378798 0.00290452 0.00808983 0.29168 0.000292595 0.00678111 0.079544 1.74857e-05 0.0718775 0.000286695 0.00289227 0.0002132 
0.00576378 0.039372 0.00710329 0.0225748 5.30449e-06 0.279229 0.382752 0.0695312 8.01036e-07 0.000111426 0.000158875 0.0203303 0.0137208 0.0560005 0.0944883 8.24978e-05 0.00725521 4.93605e-05 0.00143745 3.26836e-05 
0.00881763 0.0164933 0.0420843 0.0509379 5.5398e-05 0.00588939 0.423572 0.203308 0.000304879 0.00267391 0.00163466 0.013363 0.000763407 0.0965028 0.0861347 0.000829627 0.00444307 0.000110676 0.00352229 0.0385594 
0.048118 0.0516524 0.00757106 0.0304563 0.00808484 0.00327143 0.32091 0.205754 0.000132568 0.00053878 0.00130768 0.0535551 0.00144327 0.0738694 0.175234 0.000660465 0.0095633 0.000134362 0.00167886 0.0060654 
0.00878857 0.0381731 0.0076978 0.040843 1.5882e-05 0.0465601 0.636818 0.0592576 4.90271e-05 0.00207719 0.000728523 0.00567321 9.11447e-05 0.0925952 0.055101 4.94059e-06 0.000878325 0.000127825 0.0032424 0.00127739 
0.00178725 0.0626269 0.000641862 0.0121752 2.30245e-05 0.0243504 0.733047 0.0139421 2.046e-05 8.11712e-05 3.1206e-05 0.0108856 1.02716e-05 0.0521475 0.0772427 1.85282e-06 0.0104665 4.94319e-05 0.000389816 8.02725e-05 
0.000676568 0.051387 0.000601025 0.00819499 2.216e-08 0.00417983 0.450954 0.230551 2.17545e-05 4.77899e-06 1.566e-06 0.0105223 3.83068e-05 0.038169 0.14955 3.86494e-06 0.038077 1.51968e-08 7.7095e-05 0.0169897 
0.00142445 0.00443393 0.00036311 0.00998966 0.000125765 0.00242943 0.694662 0.0325438 0.0011682 0.000903351 0.0133544 0.0662456 0.004095 0.107093 0.0177692 0.00770178 0.0142252 1.41451e-07 0.000253036 0.021219 
0.0490157 0.0492825 0.0139885 0.0331825 0.00599653 0.0130173 0.46408 0.0927492 0.000883488 0.000617799 0.0160467 0.0424553 0.00413337 0.064896 0.118932 0.00139473 0.0210794 0.000368242 0.00428222 0.00359879 
0.160634 0.105154 0.0513811 0.052642 5.02782e-05 0.0111659 0.207973 0.106553 0.000558212 0.00438559 0.00315623 0.0435172 0.00283275 0.0294363 0.184492 9.87767e-05 0.0198074 0.000207771 0.00862069 0.00733329 
0.00838763 0.0536657 0.0223504 0.0049863 6.05733e-06 0.0133475 0.415414 0.186121 3.39698e-05 0.000392598 0.00565435 0.012716 0.0112594 0.0441375 0.104326 6.68493e-05 0.106191 1.36868e-06 0.000336793 0.0106061 
0.0156352 0.0285189 0.0178276 0.0164002 0.000543173 0.0175753 0.252879 0.25121 0.000177727 0.00468798 0.000579172 0.0631214 0.00219742 0.0669449 0.234243 0.00107073 0.0212914 0.000407689 0.00128626 0.00340347 
0.0129557 0.0555945 0.000872319 0.0931581 5.91952e-05 0.0142644 0.273497 0.110426 0.000188336 0.000382972 0.000231961 0.153193 0.000332981 0.0351305 0.241858 0.000110949 0.00086648 4.17729e-05 0.00386448 0.00297112 
0.020259 0.0874745 0.00151959 0.189265 1.41197e-05 0.00218299 0.260937 0.0471324 0.000136791 1.16747e-05 0.000346834 0.241734 3.89809e-05 0.0558606 0.0786845 1.60181e-05 0.001432 0.00049109 0.010239 0.00222445 
0.00450331 0.0183346 0.00329714 0.0534654 0.00210429 0.00252041 0.774151 0.0181572 2.50888e-05 0.000262793 0.000737858 0.0379269 8.8276e-06 0.0548785 0.0209073 6.23571e-06 0.00380949 9.26427e-05 0.0019998 0.00281145 
0.0502106 0.105731 0.0195156 0.0178996 0.000103741 0.0355915 0.165925 0.0583369 0.0403097 0.0171545 0.0315906 0.0761512 0.0248243 0.143934 0.0326787 0.00394315 0.129816 0.0248333 0.0143409 0.00710945 
0.0125668 0.06556 0.00969007 0.200094 2.01279e-05 0.0389458 0.430253 0.0310692 3.96529e-05 0.00565144 7.8651e-05 0.0263927 0.000824917 0.0181655 0.132195 0.000205785 0.004963 4.76177e-05 0.0105105 0.012726 
0.0438422 0.08612 0.0480125 0.0516315 9.54796e-05 0.0162393 0.333657 0.0639354 0.000368929 0.0165604 0.000285713 0.0217627 0.000846531 0.0385288 0.22884 0.000263756 0.0313744 0.000176037 0.00560303 0.0118561 
0.023843 0.029366 0.00790574 0.00655934 0.000184876 0.0184115 0.27172 0.134116 0.00370242 0.000310478 0.00987558 0.160708 0.00476475 0.0990065 0.223604 0.000526718 0.00218619 0.000134148 0.000511468 0.00256311 
0.00319312 0.00058193 0.0258379 0.0289613 0.000485635 0.0376413 0.397878 0.0156662 8.18937e-06 0.340198 0.000724671 0.0916768 0.00610497 0.0217412 0.0194829 0.000273117 0.00364257 0.000147283 0.00548824 0.000267046 
0.011786 0.0214697 0.00682513 0.208729 5.43371e-05 0.00525966 0.312747 0.0348662 0.000143662 0.000357995 0.0100134 0.132502 0.000695894 0.0244266 0.207409 1.75788e-05 0.00366026 6.51121e-05 0.0125043 0.006466 
0.00684388 0.00376474 0.0147244 0.0584654 2.74905e-05 0.0357186 0.449793 0.0521853 0.00119034 0.000734922 0.00196061 0.0155623 0.00346904 0.312814 0.0108976 0.00259591 0.0165194 2.59842e-06 0.000809067 0.0119206 
0.0957283 0.0808344 0.00696873 0.0466108 5.53151e-05 0.0108097 0.202556 0.172627 0.000444008 0.00127607 0.00855486 0.0368278 0.0284045 0.125004 0.103326 0.0235908 0.0116759 1.42955e-05 0.00258305 0.0421076 
0.000632686 0.121879 0.0245406 0.0271055 9.74081e-08 0.00584883 0.435391 0.191142 8.71055e-08 0.000141827 3.84423e-08 0.0107492 0.0005601 0.109962 0.0393043 6.10944e-09 0.02732 1.92324e-07 0.00507656 0.000345997 
4.66064e-05 0.000208971 2.50251e-05 0.00683629 7.00817e-07 0.00169665 0.658448 0.0157897 9.74734e-06 8.96061e-08 4.21707e-05 0.0394314 9.2732e-05 0.274393 0.00198276 1.75531e-07 0.000684982 6.61417e-08 7.13959e-06 0.000303033 
0.0598498 0.0504676 0.0606272 0.0400852 0.00080971 0.0110634 0.26511 0.201685 0.000162338 0.000743196 0.00828463 0.0350153 0.00300521 0.0653791 0.169539 0.00251111 0.00763863 9.17412e-05 0.00428455 0.0136472 
0.0191447 0.0956402 0.000402506 0.121748 1.33469e-05 0.124817 0.305352 0.061209 3.04485e-08 0.00167483 0.00349403 0.032523 0.000488251 0.0173636 0.161564 5.63965e-06 0.0398695 2.88992e-06 0.00173126 0.0129564 
0.020119 0.109283 0.0135957 0.11577 5.03359e-05 0.0191262 0.235174 0.120924 0.000309353 0.00061229 0.00436872 0.0255857 0.000449348 0.0988063 0.207608 0.000269064 0.00942385 0.00018875 0.0104201 0.00791594 
0.00904175 0.0422616 0.000855639 0.003022 1.12454e-05 0.0638981 0.31835 0.0101142 0.000610834 0.00361019 0.000768375 0.0205394 0.00231908 0.170229 0.262517 0.0280578 0.0559681 2.31508e-06 0.000930632 0.00689238 
0.107418 0.00663649 0.0304676 0.0128852 0.0113843 0.0327784 0.339514 0.0526189 0.00339866 0.00189339 0.029998 0.0600044 0.00474592 0.189745 0.0583389 0.00527071 0.0149589 9.22478e-06 0.0197166 0.0182174 
0.0120617 0.0282037 0.024293 0.157959 1.96808e-06 0.011445 0.328565 0.153546 6.21987e-06 2.45974e-05 0.00155882 0.0209584 0.00012009 0.0537937 0.157959 0.00154698 0.021061 1.75988e-05 0.0217344 0.00514244 
0.106401 0.0459384 0.0829706 0.0547248 4.61088e-06 0.0030603 0.346136 0.106829 0.000802377 9.03527e-05 0.000344237 0.0507957 0.00146283 0.0697965 0.0866872 0.000101522 0.00435889 0.000222395 0.0168264 0.0224461 
0.00315368 0.158001 0.0154858 0.0762059 4.4197e-05 0.00990058 0.461948 0.0190553 4.5593e-05 0.00104672 1.7189e-05 0.0197906 8.74531e-05 0.0808631 0.10748 3.42095e-05 0.0331413 9.92073e-05 0.00289613 0.0107039 
0.0418191 0.0065926 0.00503182 0.00861657 0.0021347 0.0432855 0.509745 0.108754 0.00222942 0.000588052 0.00226163 0.0406174 0.00747961 0.062627 0.0277328 0.0341308 0.00980867 0.00012386 0.00686935 0.0795521 
0.0071273 0.0557289 0.00256992 0.00692699 0.000646635 0.0789112 0.16582 0.079503 0.0483079 0.00239114 0.0647317 0.121808 0.00927617 0.154253 0.155673 0.0043545 0.0196376 7.58283e-05 0.000394465 0.0218636 
0.00337616 0.0282252 0.00327084 0.243267 1.99646e-05 0.00845142 0.412403 0.0235541 4.31014e-05 0.000190339 0.0401222 0.0347052 0.00141311 0.0773809 0.0895469 0.000625196 0.00866586 0.000169453 0.0147702 0.00979995 
0.0120448 0.113522 0.0106428 0.0334062 0.000389704 0.00814395 0.25941 0.132473 0.00119953 0.00132693 0.00135591 0.0200477 0.00802703 0.187094 0.109728 0.00699078 0.0739261 6.01103e-05 0.0023574 0.0178536 
0.12127 0.082822 0.000784732 0.00855378 2.69564e-06 0.0217429 0.643717 0.0188445 2.40921e-06 0.0213961 1.06357e-06 0.00910563 0.00420418 0.00212044 0.049809 3.24552e-06 0.0115516 0.000124077 0.00134777 0.00259735 
0.0874943 0.105009 0.00987529 0.0485672 0.000152037 0.0178111 0.29231 0.0757564 0.000833065 0.0337113 0.000944262 0.0262676 0.0186629 0.0479243 0.182255 0.0224609 0.0132053 0.000389746 0.00489833 0.0114728 
0.0742326 0.0614837 0.0398507 0.0473278 0.000664251 0.00345697 0.47768 0.042324 2.34591e-05 0.00124751 0.00627936 0.0703289 0.00461421 0.0746435 0.0782793 1.36002e-05 0.00958648 0.000423095 0.00281497 0.00472564 
0.0206736 0.00892097 0.0289408 0.0166284 1.811e-05 0.172388 0.238425 0.193202 0.000167767 0.00320609 0.000275364 0.0875395 0.00548017 0.137561 0.0689571 5.4638e-05 0.00863548 0.000185988 0.00373939 0.00499961 
0.00423664 0.0124264 0.00616312 0.0283202 3.44104e-06 0.00436387 0.474522 0.144916 0.000119608 0.00117106 0.000761296 0.0573525 0.0471048 0.142902 0.0586905 7.61328e-05 0.007915 2.63096e-07 0.00217452 0.00678023 
0.0424453 0.0439135 0.00319822 0.0287124 0.000283628 0.236226 0.346996 0.0765745 8.21509e-05 0.0044426 8.07994e-05 0.0258744 0.0198332 0.00793175 0.0369803 0.000518558 0.11991 1.07779e-05 9.23996e-05 0.00589406 
0.0201919 0.0757236 0.00693246 0.0774263 9.92596e-06 0.00130099 0.408952 0.0870609 0.000578955 7.40155e-05 0.000313952 0.0355988 0.000392072 0.0480025 0.229835 0.000247511 0.000178529 0.000167807 0.00353769 0.00347536 
0.00290357 0.103997 0.0251208 0.00916995 6.48274e-05 0.0410953 0.244868 0.161744 0.00268958 0.00188881 0.000929077 0.000778739 0.00109987 0.0468168 0.145918 0.00195204 0.193248 0.000162363 0.000868104 0.0146847 
0.00118324 0.00339903 0.00041195 0.00629713 0.000153774 0.0255227 0.520541 0.0525314 0.00495585 0.000288087 0.00534273 0.100045 0.0491945 0.156414 0.0529288 0.00382279 0.00308517 0.000314372 0.000227316 0.0133414 
0.000916503 0.00939484 0.0213488 0.0630831 1.71339e-05 0.00655483 0.788632 0.0203245 7.95845e-05 8.59124e-05 6.39588e-05 0.0153022 2.54496e-05 0.0465887 0.0199406 4.64292e-05 0.00476141 3.36526e-05 0.00213164 0.000668803 
0.0115016 0.199258 0.00435661 0.0335904 4.56469e-05 0.0128286 0.416618 0.0875374 5.35591e-06 2.16064e-05 0.000107305 0.00233247 2.85216e-05 0.0320462 0.174282 4.21398e-05 0.0170149 1.1458e-05 0.00116694 0.00720541 
0.00789594 0.0663336 0.00023007 0.0797929 3.19643e-06 0.0844222 0.346999 0.0345392 1.21413e-08 0.00953788 0.000775612 0.0839354 0.00123137 0.0567312 0.119883 7.02349e-06 0.0988197 1.3308e-07 0.00885532 6.9825e-06 
0.016432 0.057662 0.00330697 0.0121021 0.00265269 0.0108489 0.606326 0.0216305 1.64313e-05 0.00574536 0.000342865 0.0106319 0.000581229 0.0236443 0.132301 6.8049e-06 0.0829761 3.45537e-05 0.000988425 0.0117695 
0.00723719 0.000900866 0.0168553 0.0379874 3.32062e-06 0.128053 0.456955 0.0257375 0.000308392 0.000728342 0.00743257 0.063684 0.0123735 0.138149 0.021027 0.00300407 0.0715635 6.27622e-08 0.000141502 0.00785823 
0.0889449 0.0566025 0.0238061 0.0350173 0.00145366 0.00841371 0.357905 0.0681829 9.91877e-05 0.00677736 0.00265185 0.0162786 0.000337637 0.128173 0.17529 2.34876e-06 0.0229438 1.22562e-05 0.00467859 0.00242987 
0.0919979 0.0619498 0.00460163 0.0531706 9.52246e-06 0.00136284 0.463323 0.0802088 0.000500625 0.000942524 0.000785984 0.0316748 0.00142123 0.034521 0.142199 9.40982e-06 0.00765669 0.00479709 0.0175454 0.00132165 
0.11052 0.128704 0.0117541 0.0344585 0.00357488 0.0052021 0.251704 0.0532398 2.67438e-05 0.000242797 0.191195 0.0155792 0.00605316 0.0988927 0.0650285 0.0091334 0.0023488 0.000143906 0.00648677 0.0057118 
0.000605949 0.0745123 0.000385522 0.1766 6.04983e-05 0.000777468 0.453026 0.00308189 2.30365e-05 0.00197838 0.0178334 0.0744966 0.00282563 0.136155 0.0371793 4.76408e-05 0.00252104 1.9317e-05 0.0158212 0.00204946 
0.000309396 6.66074e-06 1.75686e-10 0.000846406 2.30095e-09 0.00116003 0.98576 0.000474674 1.48336e-09 1.68105e-09 7.93157e-10 0.00937119 5.01465e-05 0.000103154 0.000968962 7.76931e-07 0.000827682 4.21653e-05 7.90032e-05 4.57079e-10 
0.0435852 0.0429523 0.0346104 0.0497819 0.000170057 0.0151056 0.228053 0.190188 0.00228989 0.00145769 0.00392278 0.0617777 0.0119399 0.100744 0.17672 0.00181045 0.00790728 0.000108164 0.0209076 0.00596869 
0.00548018 0.0843035 0.00467064 0.00748708 0.000153362 0.00754499 0.398828 0.217919 0.000616516 0.000488454 0.00554321 0.00174075 0.00123693 0.0474814 0.176627 0.00226178 0.0207795 2.36564e-05 0.000577529 0.0162359 
0.00961801 0.0132848 0.00140775 0.22505 3.10151e-06 0.0331239 0.347992 0.0653917 0.000460073 0.000464153 0.00907241 0.0135896 0.0186873 0.052979 0.0935083 0.00329067 0.00144808 1.01362e-07 0.00209346 0.108535 
0.0064479 6.37477e-08 0.000266735 0.00173662 1.20421e-06 0.00321115 0.963997 0.00206339 7.76325e-07 8.79788e-07 4.15102e-07 0.0084913 4.38875e-07 0.00217928 0.00284663 1.50858e-07 0.00871576 8.25819e-07 3.93123e-05 2.39214e-07 
0.0287761 0.141534 0.0031321 0.0351907 0.000165786 0.0499435 0.473804 0.0316695 1.10507e-05 0.027569 0.000102678 0.0522673 5.66901e-05 0.013496 0.0882756 1.41181e-05 0.0428026 0.00350851 0.00611455 0.00156624 
0.0182499 0.115835 0.00106983 0.0672114 4.17314e-05 0.012708 0.327124 0.0428559 0.000148031 0.000114967 0.00407003 0.24513 0.000707232 0.035892 0.068301 2.23152e-05 0.0412954 0.00295507 0.00558769 0.0106803 
0.0102502 0.0131476 0.00273852 0.0182318 0.00170229 0.0017839 0.851903 0.031218 3.63836e-05 0.000103473 0.000983657 0.0265237 0.000306878 0.00524154 0.0168076 1.49914e-05 0.0177034 3.69858e-05 0.00057659 0.000689969 
0.018208 0.185631 0.00550076 0.0821163 9.85225e-06 0.057662 0.219753 0.102802 0.00178292 0.00599689 0.00104191 0.0143777 0.000187322 0.0419057 0.196167 0.00107316 0.00964781 0.000216539 0.0205063 0.0354139 
0.00179987 0.00224931 0.0240415 0.219867 0.00406206 0.00509666 0.448835 0.104035 1.22542e-08 0.00251919 0.000428924 0.021161 0.000122113 0.139943 0.00170133 1.53222e-06 0.00132414 0.00017518 0.0201106 0.00252666 
0.0209849 0.080261 0.00523277 0.0389919 8.58386e-05 0.0190831 0.334102 0.153296 0.000367287 0.000290894 0.000604319 0.00297078 0.000158832 0.0379582 0.282205 0.000427724 0.00738228 0.000263249 0.00426271 0.0110709 
0.0275729 0.0198995 0.0133703 0.0294153 0.000954429 0.00431282 0.832339 0.0202701 0.000480727 0.00014234 0.00165598 0.010227 0.000124256 0.018983 0.0100596 8.80922e-06 0.00801205 1.37223e-05 0.00187647 0.000281452 
0.0826591 0.0359198 0.0129447 0.0102385 0.000153183 0.0145831 0.359158 0.16472 0.00061624 0.00109418 0.00306879 0.022738 0.00135658 0.0483917 0.200116 0.00255211 0.0130191 2.21403e-07 0.000579517 0.0260917 
0.023843 0.029366 0.00790574 0.00655934 0.000184876 0.0184115 0.27172 0.134116 0.00370242 0.000310478 0.00987558 0.160708 0.00476475 0.0990065 0.223604 0.000526718 0.00218619 0.000134148 0.000511468 0.00256311 
0.0149062 0.0110839 0.00283965 0.053238 3.25375e-06 0.00466092 0.325839 0.101358 0.00302144 0.000998596 0.00966947 0.167935 0.0725432 0.172934 0.0169871 0.00336664 0.00366453 0.00036352 0.00138568 0.0332028 
0.0191599 0.119825 0.0219277 0.0423462 0.000186775 0.153953 0.159569 0.101967 0.000324002 0.00178324 0.00824739 0.0700195 0.00102473 0.122151 0.127099 0.00269778 0.0351789 0.000350286 0.00724627 0.00494201 
0.000289764 0.000645586 0.00204941 0.00320456 1.98336e-06 0.0101381 0.790026 0.0796596 0.000185845 3.90246e-05 0.000376086 7.89214e-05 0.00539359 0.0737879 0.0137041 2.48466e-07 0.0201147 1.08188e-05 3.84148e-05 0.000255696 
0.0328669 0.268593 0.00163847 0.0306795 9.10939e-06 0.00218005 0.424775 0.00519496 1.25038e-05 0.0443957 0.000166976 0.000707526 1.212e-05 0.0153497 0.125925 1.14832e-05 0.00127613 1.79744e-05 0.00121411 0.0449734 
0.0491807 0.149826 0.00751548 0.0419708 0.000406893 0.0491048 0.272758 0.152615 0.000435025 0.00232266 0.00455441 0.00563831 0.00484626 0.0502493 0.156051 0.00137465 0.0170658 3.83042e-05 0.00265729 0.0313891 
0.0340619 0.101268 0.013463 0.0710955 0.000205911 0.0702001 0.220236 0.0693949 0.0184052 0.00585327 0.00174747 0.0802867 0.00229719 0.0621406 0.180368 0.00562991 0.0129704 0.0350508 0.00672626 0.0085985 
0.0292183 0.196067 0.00377012 0.0417829 0.000351326 0.129229 0.271616 0.0340929 0.000107235 0.000489703 0.000767248 0.0189304 0.000613214 0.0639749 0.183619 0.000620745 0.018118 9.89388e-05 0.00361112 0.00292232 
0.00200428 0.0560218 0.00332013 0.104611 8.10138e-07 0.0130663 0.429154 0.0558259 0.000356323 0.00270694 0.0339095 0.00666495 0.00281336 0.102897 0.0411377 0.00486999 0.0159262 1.46605e-05 0.000675749 0.124023 
0.00329561 0.0457666 0.030939 0.0100379 8.90328e-05 0.00624841 0.514421 0.129473 0.0027987 0.000359268 0.00110684 0.0011358 0.000429491 0.033192 0.188263 0.000783169 0.0224631 4.43502e-05 0.000953875 0.0081995 
0.17651 0.0771326 0.00903466 0.0995591 1.5948e-06 0.00415696 0.269143 0.0640998 2.29784e-06 0.0430479 0.000417353 0.0185248 0.0016765 0.0693406 0.130056 1.13717e-05 0.0252904 0.00012171 0.0114514 0.000422126 
0.0874719 0.0703988 0.00458532 0.160799 2.78504e-06 0.00710195 0.359089 0.0338382 0.00128761 0.000219125 0.0112246 0.0830063 0.00151943 0.0249427 0.147851 0.000286302 0.00044791 0.000136104 0.00542423 0.000367322 
0.017163 0.160807 0.00308244 0.0197245 0.00060009 0.0318439 0.230958 0.113088 0.00020516 0.0226419 0.0399952 0.176454 0.00225358 0.0323684 0.111568 0.000355186 0.0326005 6.29832e-05 0.00144798 0.00278039 
0.0958517 0.0270603 0.00760698 0.0570383 0.000551941 0.00211829 0.489975 0.0333567 4.76772e-05 0.0119143 0.000184345 0.0622877 0.000363959 0.0179027 0.183533 2.22364e-05 0.00555888 0.000150965 0.00405761 0.000417279 
0.0464184 0.125765 0.0198406 0.0399585 0.000354605 0.0716721 0.205978 0.125781 0.00108977 0.000726535 0.00865856 0.0118737 0.00150769 0.144008 0.107696 0.00115947 0.0688614 7.76403e-05 0.00549833 0.0130757 
0.221194 0.0848349 0.00625544 0.014673 2.19151e-05 0.00587193 0.308393 0.0130474 0.000384104 0.0107717 0.00650936 0.023073 0.00353082 0.219122 0.0315742 0.0235272 0.0200305 2.28243e-05 0.0005443 0.00661854 
0.0053196 0.037673 0.00254195 0.0136331 0.000662118 0.0331855 0.467896 0.0630938 0.00135431 0.0809241 0.00189253 0.0195206 0.00271229 0.0915407 0.0990208 0.0297787 0.0276901 0.000481149 0.00623026 0.0148496 
0.0267406 0.0302186 0.000374871 0.00403614 0.017621 0.00614865 0.588985 0.0413697 0.00787974 0.00171082 0.00610095 0.0156846 0.00452341 0.191891 0.0140332 0.00623492 0.015204 1.85588e-07 0.000465666 0.0207767 
0.138696 0.0397046 0.00589848 0.055116 0.00473601 0.00342972 0.277249 0.170468 0.00153131 0.00130084 0.0703072 0.0252267 0.00273738 0.0759672 0.099166 0.000374646 0.0185228 4.74053e-05 0.00555689 0.00396383 
0.16813 0.0417861 0.0421746 0.0300841 6.82582e-05 0.00525054 0.391254 0.0835541 0.000817364 0.00106337 0.000333876 0.0380228 0.00173573 0.0204266 0.15124 1.43127e-05 0.0173889 8.18988e-05 0.00598563 0.000587965 
0.0246276 0.01727 0.0371451 0.0412494 3.19781e-05 0.00219406 0.716893 0.0180069 0.000162532 0.000584503 0.000125799 0.0568802 0.0128427 0.026151 0.0426514 9.13446e-05 0.00087401 8.39516e-05 0.00170874 0.000426325 
0.0161302 0.0438949 0.00185074 0.009988 7.15589e-05 0.0168146 0.604654 0.0624541 0.00879029 0.000708359 0.00374658 0.0472529 0.00732311 0.119922 0.0185867 0.000196374 0.0344007 7.33826e-05 0.000892351 0.00224964 
0.233412 0.0396394 0.00477653 0.03602 0.00144136 0.00718637 0.408683 0.0522174 4.53711e-06 0.00625671 0.000411848 0.00521248 0.001061 0.0325518 0.139803 7.61981e-06 0.0237406 0.000223787 0.0062367 0.00111354 
0.00824674 0.0192432 0.00497197 0.0601198 3.78201e-06 0.00729232 0.651544 0.0326208 3.5662e-06 0.0308018 6.99747e-05 0.0856352 6.83213e-05 0.0321351 0.0330854 2.72134e-05 0.0315403 7.82616e-05 0.00167515 0.000837295 
0.0161861 0.0399292 0.00245281 0.068519 8.60158e-05 0.00726729 0.497276 0.041913 0.000425305 0.0204463 0.00684224 0.0331505 0.0106839 0.131995 0.102647 0.000337629 0.0105612 0.000240375 0.00314051 0.00589991 
0.00665978 0.033442 2.48031e-06 0.154426 1.51692e-06 0.0311628 0.304698 3.76305e-06 0.00271438 1.25428e-06 5.98663e-07 0.157528 6.69793e-05 0.0450001 0.218955 9.51347e-08 0.0299562 2.99519e-06 0.0153769 1.33619e-06 
0.020259 0.0874745 0.00151959 0.189265 1.41197e-05 0.00218299 0.260937 0.0471324 0.000136791 1.16747e-05 0.000346834 0.241734 3.89809e-05 0.0558606 0.0786845 1.60181e-05 0.001432 0.00049109 0.010239 0.00222445 
0.00696425 0.264965 0.0796377 0.0259592 3.85522e-05 0.0136499 0.353599 0.0260216 4.95938e-05 0.000602108 5.06024e-05 0.00513657 8.44635e-05 0.0147823 0.140957 6.74821e-05 0.0488903 9.49026e-05 0.015173 0.00327687 
0.00716572 0.195479 0.00469595 0.0959826 2.77366e-07 0.0231223 0.312799 0.23754 3.03547e-06 0.00238312 0.00049377 0.000632693 5.90453e-05 0.00903126 0.0858349 5.28739e-06 0.0120312 0.000253199 0.00552213 0.00696558 
0.0158155 0.0752573 0.0332863 0.0486388 0.0020623 0.0145461 0.510648 0.0996786 0.000282195 0.00114972 0.0018976 0.0395346 0.00171156 0.0312037 0.0601755 0.002803 0.0400193 0.000241737 0.0174292 0.00361869 
0.0848971 0.120919 0.0592136 0.0457468 0.000102767 0.138595 0.18246 0.12166 0.00161842 0.00244776 0.00270393 0.0605968 0.000914529 0.0424251 0.101134 7.09641e-05 0.0300232 8.00328e-05 0.00400134 0.000391027 
0.0267406 0.0302186 0.000374871 0.00403614 0.017621 0.00614865 0.588985 0.0413697 0.00787974 0.00171082 0.00610095 0.0156846 0.00452341 0.191891 0.0140332 0.00623492 0.015204 1.85588e-07 0.000465666 0.0207767 
0.105764 0.0204486 0.0233809 0.0723614 0.00813645 0.0243318 0.477927 0.021723 0.0109393 0.000289939 0.0101551 0.0928495 0.000123989 0.00596258 0.0812861 1.05422e-05 0.0377756 3.43464e-05 0.0059118 0.000587871 
0.0109451 0.0412432 0.0417684 0.0430821 0.000144242 0.125642 0.462755 0.0093998 0.00222493 0.0318363 0.00257629 0.0188599 0.0111718 0.112409 0.0398317 0.0239387 0.00406935 1.31773e-07 0.00137616 0.0167264 
0.0178478 0.0677409 0.0309057 0.0340496 0.000228577 0.026635 0.363674 0.165118 0.000958315 0.00124521 0.0022555 0.00378183 0.00271053 0.091854 0.159635 0.00447833 0.00813105 2.03379e-06 0.00297292 0.015776 
0.0380563 0.134571 0.00306333 0.0838431 5.61652e-06 0.0199732 0.352613 0.0268813 0.000219459 0.000179904 0.0005031 0.00752973 7.56032e-05 0.039311 0.274807 3.54484e-05 0.00895454 0.000655212 0.00868633 3.58543e-05 
0.00733111 0.0148929 0.00213511 0.0434177 1.76257e-06 0.24016 0.360304 0.0213619 0.000129693 4.45077e-05 0.000113051 0.124745 7.25658e-05 0.0407837 0.114874 1.27151e-05 0.0105188 0.00151856 0.00483547 0.0127483 
0.0523617 0.0296034 0.00462857 0.00531122 0.000288661 0.0209305 0.379882 0.169445 0.00224438 0.0136769 0.00865844 0.0178036 0.00157106 0.114119 0.0682538 0.00105108 0.102048 5.61275e-08 2.97336e-05 0.00809257 
0.0055275 0.00821673 0.000313346 0.00939437 0.000274101 0.00459225 0.456342 0.0834879 0.00019167 1.83108e-05 0.00011085 0.0262877 7.73565e-05 0.372041 0.027755 0.000888147 0.00314574 2.15379e-05 0.000182358 0.00113207 
0.0370509 0.0877139 0.00421913 0.0202905 0.0014464 0.0228754 0.282827 0.192723 0.00110059 8.41998e-05 0.0016979 0.0440988 0.00233804 0.154193 0.127753 4.11182e-05 0.00811323 0.000195412 0.0035532 0.00768573 
0.00127397 0.0408058 0.0150742 0.0451782 0.000123405 0.00381182 0.411018 0.0888061 0.000616918 0.000458651 0.0105937 0.0160699 0.00513554 0.180538 0.0655931 0.0080138 0.00121641 3.43208e-06 0.000734445 0.104935 
0.0325836 0.103504 0.00982704 0.0298071 2.77873e-05 0.0183312 0.208815 0.104464 0.13 0.000142165 0.017883 0.052297 0.000615256 0.0948227 0.120962 0.000256229 0.0737689 0.000113197 0.00060662 0.00117334 
0.00856398 0.0262899 0.00766341 0.00561754 1.012e-06 0.0566879 0.707346 0.0229147 2.13356e-06 0.000278556 6.53578e-05 0.0695529 0.000117897 0.0317988 0.026775 9.8467e-05 0.0335625 1.99161e-06 0.00248292 0.000179081 
4.66064e-05 0.000208971 2.50251e-05 0.00683629 7.00817e-07 0.00169665 0.658448 0.0157897 9.74734e-06 8.96061e-08 4.21707e-05 0.0394314 9.2732e-05 0.274393 0.00198276 1.75531e-07 0.000684982 6.61417e-08 7.13959e-06 0.000303033 
0.00433616 0.25067 0.000479973 0.00920396 3.2391e-07 0.0218068 0.516657 0.0239913 4.57148e-05 2.77941e-05 2.14937e-05 0.00369645 0.000418677 0.0149355 0.142893 9.07879e-06 0.00228218 9.18728e-06 0.000973081 0.00754219 
0.00633505 0.0175782 0.00189492 0.0297176 1.67397e-05 0.00653031 0.416093 0.0049081 0.000262232 0.0243171 0.00244982 0.329093 1.97818e-06 0.0178821 0.0372094 1.45158e-05 0.102708 6.70581e-05 0.00280472 0.000116714 
0.12127 0.082822 0.000784732 0.00855378 2.69564e-06 0.0217429 0.643717 0.0188445 2.40921e-06 0.0213961 1.06357e-06 0.00910563 0.00420418 0.00212044 0.049809 3.24552e-06 0.0115516 0.000124077 0.00134777 0.00259735 
0.00109292 0.00211567 0.00471855 0.0103433 4.95731e-05 0.00615584 0.710898 0.0531707 0.000779772 0.000488489 0.016008 0.0440478 0.0194707 0.0492486 0.0366235 0.00312266 0.00540474 1.43556e-06 0.000255994 0.0360033 
0.00803851 0.0587787 0.00803498 0.0597603 0.000268006 0.00267353 0.407542 0.0311835 0.000850536 3.08652e-05 0.000276083 0.175787 4.1102e-05 0.0279079 0.206862 0.000101458 0.00497246 9.21093e-05 0.00576518 0.00103355 
0.0117055 0.0142814 0.00111534 0.0166287 0.000206121 0.0433406 0.685512 0.00283276 7.94473e-05 0.0229057 0.0009419 0.168481 1.04463e-05 0.0203843 0.00625279 9.16962e-06 0.0031132 0.000173703 0.00194946 7.72412e-05 
0.00215757 0.0235486 0.00145632 0.0567109 0.000473439 0.00907302 0.758879 2.99059e-05 1.08389e-05 0.020515 4.78905e-06 0.0588158 0.000397082 0.00705873 0.0261419 7.67578e-07 0.0270237 2.38638e-05 0.00555819 0.00212076 
0.00132137 0.025089 0.0030527 0.0454932 2.29434e-05 0.00103586 0.384053 0.0236977 0.000260838 0.00232147 0.122053 0.342599 0.0018749 0.0137675 0.0167548 0.000117068 0.00131679 0.000141111 0.0147638 0.000263941 
0.0169127 0.0207 0.000501779 0.0618766 1.6213e-08 0.0564314 0.467533 0.0579108 6.74734e-09 0.000628041 0.00345672 0.0185859 0.00382545 0.17192 0.046316 3.284e-05 0.0517723 6.62021e-06 0.00821851 0.0133718 
0.0361687 0.00436208 0.0291417 0.0556819 5.54808e-07 0.0230107 0.609832 0.0125999 4.76742e-06 2.70307e-05 0.000820489 0.147463 0.00435048 0.0473092 0.0125471 3.71972e-05 0.00350302 0.000298945 0.0108416 0.0019996 
0.00179987 0.00224931 0.0240415 0.219867 0.00406206 0.00509666 0.448835 0.104035 1.22542e-08 0.00251919 0.000428924 0.021161 0.000122113 0.139943 0.00170133 1.53222e-06 0.00132414 0.00017518 0.0201106 0.00252666 
0.00838927 0.0402927 0.000436697 0.0833113 0.000358728 0.0553808 0.266349 0.120426 0.00118407 0.0019995 0.000540694 0.0146538 0.0105816 0.250356 0.0930837 0.00337664 0.0102976 1.11593e-05 0.000571057 0.0383995 
