0.104911 0.253208 0.00398899 0.0118201 0.000541119 0.0117558 0.0257013 0.259813 0.000278908 0.00058679 0.0017526 0.00711484 0.00227736 0.0201041 0.256946 0.00128848 0.0119396 3.46303e-05 0.00155754 0.0243812 
0.00497405 0.02454 0.00138564 0.0146424 0.000569653 0.000214477 0.0107413 0.357862 0.000179969 0.000469991 0.00138762 0.339449 0.00019026 0.0250174 0.20695 0.00010468 0.00318247 0.00530345 0.00237025 0.00046496 
0.0431661 0.0512971 0.0146934 0.0120565 9.42603e-05 0.0160358 0.0236595 0.357142 0.0127572 0.0108087 0.0038114 0.0217621 0.00563378 0.175059 0.127842 0.0170452 0.063876 8.9117e-05 0.0102324 0.0329383 
0.0121172 0.103448 0.00720565 0.0023565 4.8764e-05 0.00981688 0.00632901 0.386975 0.00542494 0.000412674 0.0243992 0.0401134 0.00360436 0.304534 0.0238793 0.00312272 0.0577508 6.59826e-05 0.00725788 0.00113782 
0.00219216 0.104502 0.00533882 0.0160507 0.000397258 0.0171577 0.00626032 0.309941 0.000396145 0.00247359 0.0503163 0.137224 0.0151055 0.0906248 0.0206535 0.179103 0.018796 4.25436e-05 0.00182208 0.021602 
0.0412423 0.00236926 0.0117211 0.0057977 2.03315e-11 7.03075e-07 0.00179876 0.386042 0.105716 1.66765e-05 0.000246348 0.209452 0.00204873 0.0856402 0.138387 0.000368849 2.26615e-05 0.00823261 0.000492429 0.000403937 
0.035469 0.103377 0.00829557 0.116464 1.54794e-05 0.0581489 0.026713 0.241605 0.000363006 0.000275715 0.00931283 0.0668658 0.00422774 0.156544 0.129051 0.00312394 0.0149858 7.22825e-05 0.0104125 0.0146781 
0.0814403 0.223232 0.00753352 0.0332933 1.81457e-07 0.00337478 0.00253776 0.268259 0.000378753 0.000118365 0.00562588 0.169091 0.00135418 0.0337918 0.128425 2.96455e-05 0.0178145 0.000259328 0.0177142 0.00572709 
0.0121505 0.0837908 0.0149765 0.0100196 0.00131281 0.00299251 0.00719167 0.483621 0.00243613 0.000355811 0.00194646 0.125831 0.0010063 0.0130306 0.127908 0.0008522 0.103182 0.00173548 0.00229462 0.00336552 
0.0713218 0.0774726 0.015177 0.0214817 0.000205976 0.014267 0.0494269 0.405155 0.00348894 0.000715104 0.00307251 0.0248598 0.00199869 0.0832314 0.184053 0.00180761 0.0319821 0.000273902 0.0022242 0.00778447 
0.0208553 0.0409388 0.0480166 0.0939024 0.000360592 0.026634 0.0190977 0.330433 0.00175603 8.37742e-05 0.00722729 0.0609987 0.00144839 0.215111 0.099918 0.00586763 0.00318306 1.51171e-05 0.00563467 0.0185179 
0.080399 0.0980534 0.00956825 0.00669246 0.000360818 0.00166808 0.00239423 0.557923 0.001638 2.02446e-05 0.00033171 0.135102 0.000829485 0.0219168 0.0781161 0.000114485 0.00208528 0.000963609 0.00115309 0.000670143 
0.218978 0.0182117 0.0261623 0.02027 2.49348e-08 0.000600464 0.00355769 0.406485 0.000832377 0.000869403 0.000230143 0.0122289 0.000117331 0.00939176 0.270283 8.90529e-06 0.00238865 0.000172852 0.00795125 0.00126009 
0.0300345 0.103752 0.0156319 0.0916628 0.0026157 0.00703294 0.00837975 0.358408 0.000517008 0.000803084 0.0156869 0.197762 0.00401208 0.0332666 0.0853444 0.0271794 0.00895706 0.000575204 0.00334993 0.00502803 
0.020123 0.116383 0.00448936 0.0286493 2.0722e-05 0.00731602 0.00844174 0.317296 0.00307727 0.0034997 0.00619448 0.217054 0.000778882 0.0441186 0.177776 0.00105658 0.0389986 0.000199811 0.00136708 0.00316009 
0.0381041 0.193318 0.0240615 0.0101187 0.000708494 0.00814966 0.0310537 0.297007 0.00776016 0.00137072 0.00906204 0.0183815 0.0070569 0.181633 0.0243167 0.0286676 0.0701246 6.17158e-05 0.00139973 0.0476439 
0.0495525 0.0859528 0.0167806 0.0705921 0.00127249 0.0451437 0.100275 0.152659 0.00332984 0.00358556 0.00757452 0.1449 0.0044352 0.0670716 0.125534 0.00265311 0.0953913 0.00125132 0.0120328 0.0100112 
0.0283886 0.0395015 0.0358511 0.0365276 0.000253253 0.0187816 0.00330148 0.464941 0.000616996 0.00268143 0.0159436 0.0288275 0.00292448 0.183062 0.0924453 0.00247576 0.0180494 0.000460414 0.0103079 0.0146582 
0.006242 0.211751 0.0165072 0.0834299 9.75018e-05 0.0338944 0.0350587 0.3319 0.000311917 0.00057319 0.00560046 0.0557824 0.00121641 0.02699 0.0468226 0.00117959 0.132356 0.000320734 0.00341611 0.00655017 
0.00880398 0.260963 0.00555295 0.00316591 3.73138e-06 0.00837597 0.010391 0.505216 2.44865e-05 0.000533014 0.000922711 0.0054567 0.00185724 0.0149588 0.0852629 0.000660102 0.0762849 7.84327e-06 0.0012148 0.010344 
0.0759178 0.0763109 0.0179884 0.0276826 9.5609e-05 0.00505717 0.0311092 0.41929 0.00210735 0.00142821 0.00854657 0.0365261 0.00109415 0.0486136 0.207299 0.00811363 0.0108202 0.000587255 0.00420178 0.0172112 
0.0728521 0.0529582 0.0105455 0.0442554 0.00105458 0.00177115 0.00452581 0.308741 0.00120871 0.000236776 0.00304389 0.219672 0.00297192 0.0320261 0.199983 9.56479e-05 0.00470233 0.015433 0.0219881 0.0019356 
0.0303001 0.0416247 0.0376505 0.0236356 0.000409352 0.00724541 0.0198596 0.412357 0.00112637 0.000615691 0.00554907 0.219609 0.00500114 0.0418371 0.0939794 0.00477547 0.0405198 6.45648e-05 0.00447689 0.00936409 
0.102498 0.0300639 0.0545691 0.0409834 0.000204826 0.0130799 0.0504581 0.300346 0.00148155 0.00327281 0.0132384 0.0389815 0.0146055 0.188596 0.0987817 0.0137309 0.00576694 6.67659e-06 0.00701784 0.0223164 
1.34518e-06 0.00103125 2.63313e-07 1.35698e-06 6.04912e-10 0.0017272 3.41162e-06 0.809667 1.01432e-06 4.41944e-10 2.08519e-10 0.187296 7.49786e-07 3.76179e-11 2.09353e-06 7.57806e-11 0.000266656 4.14835e-10 9.82575e-07 1.20165e-10 
0.078303 0.0812854 0.00735451 0.0376489 0.00012461 0.0317862 0.00966743 0.486163 0.00301171 0.00772796 0.0018108 0.109974 0.0033092 0.0290533 0.0744146 0.000514166 0.0177997 0.0020473 0.0122019 0.00580283 
0.0659322 0.0978438 0.0287565 0.0134555 0.000194797 0.0105226 0.0802482 0.423486 0.00123823 0.000344302 0.0078268 0.0202237 0.00345408 0.0739075 0.0273025 0.000820207 0.137699 3.1203e-05 0.00109707 0.00561565 
0.0146587 0.211147 0.0076282 0.0140114 0.000531256 0.0294541 0.00891175 0.331703 0.0337449 0.00237973 0.00294909 0.0356207 0.000420742 0.070248 0.0648505 0.0109389 0.107175 0.00448384 0.0364724 0.0126706 
0.000857272 0.216142 0.000844863 0.0149124 0.00011072 0.00637228 1.23498e-07 0.520596 0.000141719 0.00290911 8.60655e-05 0.119846 5.95911e-06 0.0201949 0.0352398 7.22198e-06 0.0359124 0.00139827 0.00370226 0.0207212 
0.116408 0.127469 0.0145169 0.047593 0.000104908 0.00500588 0.00306066 0.279264 0.00124814 0.000313012 0.000463149 0.238235 0.00114496 0.0225209 0.118299 0.00381937 0.00973019 0.000512827 0.00151569 0.00877459 
0.0725419 0.0588176 0.0274887 0.018294 0.000121407 0.00663085 0.0222694 0.570308 0.00104577 0.00104676 0.00094452 0.00544628 0.00159956 0.0386876 0.149459 0.00282894 0.00333957 0.0001352 0.0103813 0.00861333 
0.0950841 0.0429946 0.0277387 0.0513583 6.2703e-05 0.0200106 0.0263603 0.456233 3.88877e-05 0.00112653 0.000736216 0.0793314 0.000958726 0.0332345 0.0958397 0.000113345 0.0103182 9.30488e-05 0.0182712 0.0400964 
0.158672 0.133045 0.0560247 0.0295581 5.79808e-05 0.000934351 0.0155614 0.289178 0.0232266 0.000163473 0.00134759 0.0816615 0.00114264 0.0517078 0.143709 7.89505e-05 0.00431336 0.000640384 0.00890614 7.06406e-05 
0.00232604 0.0384904 0.000164867 0.0631032 7.09399e-10 0.109904 0.0554271 0.272348 0.0248144 3.246e-06 0.000665179 0.0892283 0.00295666 0.140228 0.166786 7.40409e-08 0.00312813 0.000636494 0.00363283 0.0261573 
0.140422 0.0926512 0.058554 0.0822364 5.5172e-05 0.00856251 0.0180797 0.280299 0.000109031 0.00287431 0.000331103 0.0631205 0.00124319 0.0129983 0.20079 0.000206376 0.0122653 0.000365654 0.0221698 0.00266612 
0.0552931 0.0495756 0.0234607 0.0506969 0.000801877 0.00430677 0.0197087 0.421362 0.000665212 0.000376316 0.00417068 0.0630645 0.00192736 0.0450094 0.241459 0.0005968 0.00311068 0.00029449 0.0109142 0.00320516 
0.11006 0.0444116 0.0127569 0.255226 1.93477e-07 0.0025674 0.010355 0.330882 0.000148174 3.00974e-05 0.000535936 0.0588841 7.37543e-05 0.00573684 0.131924 2.24971e-07 0.000677168 4.15403e-06 0.0338684 0.00185707 
0.00409103 0.0477455 0.00303895 0.0235029 5.29209e-07 0.00520627 0.027252 0.437606 0.0187032 0.000211728 0.00166733 0.052749 0.00077996 0.32315 0.0362673 3.53244e-05 0.0034151 0.000542694 0.0132919 0.000742632 
0.188015 0.115495 0.0287949 0.0304002 0.000318508 0.00720165 0.0494532 0.264569 0.000297107 0.000656591 0.0017357 0.013697 0.00114153 0.0260713 0.235918 0.00914399 0.0140895 0.00019058 0.005594 0.00721669 
0.025089 0.144114 0.0143937 0.0356425 0.000142028 0.0235816 0.00454597 0.442044 0.02989 0.0247226 0.017386 0.0418707 0.0044993 0.0375348 0.07244 0.000700994 0.0231505 0.00174355 0.0534175 0.00309188 
0.0400756 0.145802 0.00339894 0.017552 8.64615e-05 0.0490554 0.0971879 0.433376 0.000422179 0.00199087 0.00315808 0.0152965 0.00101234 0.0514438 0.0673687 0.0020089 0.0404018 0.000177579 0.00178997 0.0283946 
0.0030351 0.0578686 0.0110268 0.0161188 2.83791e-08 0.0285403 0.0491131 0.684168 1.48115e-05 0.000967717 3.13462e-05 0.0221623 9.63063e-05 0.0824376 0.0227976 7.09866e-06 0.0166962 0.00151346 0.00220729 0.00119791 
0.0199977 0.00627908 0.0213214 0.0165837 1.85394e-08 0.00471406 0.130982 0.353328 7.96244e-08 0.000204526 0.00535298 0.0159036 0.000345698 0.290515 0.0163884 0.00322896 0.0275221 3.77931e-06 0.00776609 0.0795624 
0.044217 0.175896 0.00545062 0.00922835 0.000132052 0.0276454 0.0158434 0.370001 0.000433004 0.00231643 0.00244605 0.0246923 0.0021452 0.0276485 0.040456 0.00210265 0.235755 0.000603617 0.00149658 0.0114906 
0.0152113 0.165347 0.022604 0.0376609 0.000541836 0.0218036 0.0819502 0.300289 0.000882049 0.00119243 0.0130184 0.0583607 0.00967264 0.0694833 0.120149 0.00724426 0.0548615 0.000443461 0.00885748 0.0104265 
0.0504874 0.18232 0.0194624 0.0317849 0.00170117 0.0104675 0.0235646 0.401474 0.0141495 0.0103723 0.00332142 0.0631836 0.000999566 0.0663847 0.0378515 0.00346287 0.0336832 0.0298652 0.00512627 0.0103376 
0.0515846 0.0303907 0.0605523 0.1001 6.67667e-05 0.015164 0.00917375 0.245315 0.0012481 0.00812715 0.0266725 0.064058 0.00203413 0.189317 0.154069 0.00464813 0.0160768 4.17826e-05 0.00805222 0.0133093 
0.203112 0.0318607 0.0135131 0.0543588 0.000200965 0.00642933 0.0276572 0.296409 0.00348665 0.000651113 0.00668167 0.018299 0.000939117 0.0329939 0.283471 0.000616594 0.00482481 5.1962e-05 0.00938094 0.00506226 
0.103133 0.0280972 0.00503924 0.0145719 9.24668e-07 0.00379359 0.00563031 0.15809 0.114399 0.00685164 0.00194573 0.154071 0.0432192 0.127423 0.088496 0.00770751 0.0399331 0.000233234 0.00378103 0.0935839 
0.00513796 0.0827018 0.0316349 0.00692096 2.19119e-05 0.00359152 0.0184909 0.349473 0.00210304 0.00156589 0.00771076 0.0069981 0.00239856 0.314657 0.0691823 0.0172141 0.048221 1.4825e-06 0.00127521 0.0306996 
0.0104167 0.00506105 0.0129677 0.0212549 0.000259916 0.021939 0.0837785 0.397061 1.98035e-05 0.000322025 0.00020777 0.171196 0.000360815 0.068019 0.186892 2.41546e-05 0.0130251 2.43673e-07 0.00434882 0.0028461 
0.00124823 0.297458 0.00407674 0.0127376 0.000651806 0.00962117 0.0331279 0.328414 0.000264562 0.00136829 0.00265259 0.037765 0.00154644 0.0718008 0.0217852 0.00216197 0.164909 1.27126e-05 0.000111488 0.00828647 
0.00124823 0.297458 0.00407674 0.0127376 0.000651806 0.00962117 0.0331279 0.328414 0.000264562 0.00136829 0.00265259 0.037765 0.00154644 0.0718008 0.0217852 0.00216197 0.164909 1.27126e-05 0.000111488 0.00828647 
0.0248406 0.181394 0.0100389 0.0309342 0.000141796 0.0132685 0.0195587 0.314584 0.000388251 0.00494665 0.0019285 0.0303651 0.0101883 0.220883 0.0599748 0.00128187 0.051426 6.71919e-05 0.00807792 0.0157109 
0.0439995 0.0711696 0.0475569 0.015002 0.000156025 0.0100506 0.0158903 0.276262 0.00292988 0.0015909 0.00906571 0.0184989 0.00436463 0.073263 0.230568 0.00943847 0.144376 2.32052e-08 0.00558349 0.0202341 
0.119686 0.0604838 0.0270421 0.0350487 7.23298e-05 0.0131207 0.0334543 0.434376 0.000623891 0.00114995 0.00249018 0.0111554 0.00103399 0.0286802 0.183018 0.000600393 0.0318326 0.0001851 0.00808246 0.00786427 
0.0117486 0.121563 0.000177081 0.00338638 2.81507e-09 0.000720183 0.000120591 0.525548 1.45849e-07 1.323e-05 0.000156776 0.315294 0.000356967 0.01101 0.00191129 2.76985e-05 0.00721109 0.000505063 4.93947e-05 0.000199765 
0.066766 0.0429834 0.0734943 0.0504357 6.83462e-05 0.00652528 0.0437896 0.373822 0.000315311 0.000417993 0.014431 0.0314445 0.0059338 0.0723306 0.190176 0.00440537 0.00673139 0.000105717 0.00443404 0.0113903 
0.0455515 0.14436 0.0047067 0.0241818 6.46409e-05 0.00563317 0.00816949 0.351452 0.000324639 0.000308556 0.0134931 0.0521735 0.0292564 0.11971 0.140512 0.00200165 0.0467354 2.71264e-05 0.00435814 0.00698097 
0.087225 0.0444041 0.0208922 0.0324347 0.00943 0.0215091 0.0486405 0.393074 0.00084574 0.0017125 0.000913759 0.00748347 0.00151105 0.0986102 0.197547 0.00103154 0.0157012 8.38339e-05 0.0107405 0.00620959 
0.0188626 0.202695 0.0191552 0.0478496 3.95986e-05 0.00921873 0.024756 0.287927 8.87042e-05 0.000987477 0.00592678 0.0826567 0.000327083 0.0290279 0.245099 0.000284345 0.00593552 0.000403669 0.00843084 0.0103285 
0.0946995 0.212844 0.00638005 0.0132676 8.33779e-05 0.00563451 0.0135483 0.359768 0.000404654 0.000868405 0.00262579 0.0561994 0.00483378 0.0471161 0.15261 0.00114985 0.00758918 5.38508e-05 0.0124028 0.00792055 
0.0988141 0.201497 0.0116394 0.00656776 7.13355e-05 0.0111302 0.0509809 0.246024 0.000878049 0.000807764 0.00432442 0.00621698 0.00705678 0.0893819 0.1405 0.0714588 0.010104 3.18231e-08 0.000904183 0.0416419 
0.0396103 0.0215392 0.0177083 0.0250406 0.000210469 0.00734903 0.0283528 0.341001 0.0130024 0.000177772 0.00022583 0.0563829 0.000170135 0.258239 0.173281 0.00194373 0.00862104 0.000210151 0.00640199 0.000533586 
0.020168 0.129329 0.00578339 0.0374674 0.0012762 0.0358678 0.0403994 0.268221 4.97417e-05 0.0014418 0.0220176 0.0170048 0.00324892 0.260842 0.0953094 0.00404543 0.0314019 1.27497e-06 0.0118935 0.0142304 
0.0178941 0.0492517 0.0153683 0.0330359 0.000237602 0.0585467 0.0883049 0.289647 0.000648285 0.000549783 0.00301319 0.0288496 0.0021362 0.0698912 0.229224 0.00654635 0.0347248 0.000298029 0.00984711 0.0619851 
0.0608104 0.155254 0.0110015 0.0593628 1.1852e-05 0.118594 0.0271299 0.184433 0.00031285 0.00533514 0.00317509 0.0356801 0.00318261 0.038445 0.139485 0.000679169 0.0639525 0.000211636 0.00597689 0.0869669 
0.0809228 0.108741 0.074713 0.0308202 7.72341e-05 0.0116219 0.0679617 0.349597 0.000177899 0.000398323 0.000234223 0.00711163 0.000306545 0.0320461 0.18905 0.000177481 0.0318984 3.42418e-05 0.0103628 0.0037478 
0.141845 0.0555304 0.0200687 0.0338384 4.41046e-05 0.010599 0.0286987 0.218651 0.00501492 0.003128 0.00479742 0.0673255 0.00338287 0.171895 0.19935 0.00203669 0.0125354 7.24685e-05 0.00856947 0.0126173 
0.0665526 0.0660382 0.0276536 0.0186773 6.40265e-05 0.010589 0.00712942 0.197273 0.00102347 0.140886 0.0125762 0.0491827 0.0228489 0.137648 0.144824 0.00758205 0.0160608 1.07352e-05 0.00307976 0.0703006 
0.0629323 0.0785432 0.0267721 0.020273 0.00179802 0.00675166 0.0625069 0.429208 0.000136277 0.00278897 0.00784846 0.0469416 0.00446587 0.0969282 0.0783734 0.00105843 0.062986 5.53876e-05 0.00362021 0.00601232 
0.0664676 0.0525267 0.031519 0.0472645 0.000305555 0.00904243 0.0302691 0.600347 0.00010031 0.000129971 0.00859682 0.0211498 0.0120369 0.0327028 0.057217 0.00445274 0.00348325 5.14728e-05 0.00706854 0.015269 
0.0277476 0.0403914 0.0221931 0.0113876 4.20703e-05 0.00988276 0.0758394 0.304914 0.0006291 0.00109636 0.00299522 0.00697284 0.00376273 0.0477308 0.23158 0.00257633 0.194405 2.63668e-05 0.00228111 0.0135464 
0.00124823 0.297458 0.00407674 0.0127376 0.000651806 0.00962117 0.0331279 0.328414 0.000264562 0.00136829 0.00265259 0.037765 0.00154644 0.0718008 0.0217852 0.00216197 0.164909 1.27126e-05 0.000111488 0.00828647 
0.213385 0.183862 0.0104509 0.0743477 0.00558292 0.0043587 0.0250403 0.314012 5.06516e-05 3.72461e-05 0.0322 0.00826884 0.00402214 0.0332083 0.0534702 2.20623e-05 0.026404 0.000218403 0.00605303 0.00500672 
0.0279675 0.0327215 0.0230154 0.0383953 0.000801158 0.0255767 0.133884 0.282173 0.00424959 0.000510266 0.00499395 0.0514642 0.00307635 0.0875087 0.233421 0.00133865 0.0292306 0.000150305 0.0102583 0.0092636 
0.012897 0.187867 0.00320333 0.0361711 5.77505e-07 0.0312684 0.0068839 0.224797 0.000161128 0.00188237 0.000272901 0.0573847 0.000407485 0.0271893 0.103495 2.70495e-05 0.0198799 0.195281 0.0337044 0.0572268 
0.0130609 0.159289 0.0309247 0.0472492 0.000114108 0.0160901 0.023247 0.325706 0.0016446 0.0047675 0.00455117 0.0320714 0.00354304 0.153568 0.0985372 0.0138419 0.0209759 0.000354048 0.0102792 0.0401859 
0.0200098 0.00793722 0.0546658 0.0268079 1.73808e-08 0.00494572 0.00683395 0.533798 0.0205141 1.67883e-05 0.000669563 0.173404 0.000602941 0.0405812 0.0996522 0.000196948 0.00225973 0.000526324 0.00505133 0.00152656 
0.285956 0.0664682 0.0669117 0.0422786 6.22446e-07 0.0116762 0.0315119 0.316879 2.82745e-05 3.26755e-05 0.00378647 0.0501078 0.000422876 0.0178693 0.0799465 2.2829e-05 0.00228745 7.79215e-05 0.0217382 0.00199733 
0.0132754 0.0149153 0.0279073 0.0320993 1.60191e-06 0.0112256 0.196025 0.355728 8.48963e-06 4.77338e-05 0.00055792 0.0145681 4.80275e-05 0.125416 0.17652 9.49573e-06 0.0253059 1.1167e-06 0.00359259 0.00274755 
0.149504 0.0834883 0.0297084 0.0510322 5.28255e-05 0.0189309 0.0263089 0.314516 0.00219314 0.000946084 0.00283613 0.0262934 0.00153903 0.0648475 0.195408 0.00191215 0.0183116 0.000209872 0.00854744 0.0034145 
0.056097 0.0660241 0.00982373 0.035523 0.00028763 0.0147041 0.00410881 0.635062 2.62463e-05 0.00195407 0.000827702 0.0127964 0.000158685 0.00442856 0.127635 2.87148e-06 0.0192178 0.00119629 0.00806422 0.00206188 
0.00380608 0.00401021 0.00402634 0.0387417 2.19601e-07 0.00010387 0.0222562 0.571442 2.03296e-05 0.000107663 0.0617148 0.0337825 0.000149133 0.00957462 0.239436 3.68549e-05 0.00379825 0.000743183 0.00469775 0.00155274 
0.073106 0.106187 0.0192062 0.0389468 2.57913e-05 0.00914781 0.0426061 0.308798 0.000581209 0.000121524 0.000676679 0.0831413 0.000140416 0.0831361 0.196052 5.29368e-05 0.0322554 0.000480706 0.00353941 0.00179855 
0.0210581 0.1173 0.00274858 0.0409332 3.87294e-06 0.0360866 0.0150195 0.391817 0.00162212 0.000950777 0.00557531 0.0785127 0.0117522 0.0592067 0.192358 0.000846483 0.0133383 0.000164163 0.00746615 0.00324009 
0.0314816 0.0280276 0.00825273 0.0243747 0.000186639 0.00951619 0.0519862 0.440446 0.00162505 0.00161712 0.00746446 0.0153968 0.007882 0.091217 0.237101 0.0105266 0.00822016 6.40408e-05 0.0049591 0.0196551 
0.127946 0.0753508 0.00638614 0.0396469 0.00097302 0.0162166 0.0333824 0.25559 0.00172738 0.000570251 0.0109862 0.0392267 0.000456935 0.164087 0.181108 0.00895268 0.0223719 5.56818e-05 0.00558565 0.00937919 
0.0219908 0.0511664 0.0106397 0.014418 6.45235e-05 0.018688 0.0659337 0.356497 0.000475159 0.000916459 0.000986948 0.02686 0.000681811 0.0813504 0.289272 0.0324598 0.0160672 0.000111856 0.00704069 0.0043791 
0.0446409 0.158904 0.0144767 0.0460353 0.00174312 0.0296647 0.0345 0.293218 0.000473783 0.00135394 0.00281937 0.00889526 0.00169299 0.0866308 0.177433 0.0170206 0.0191216 0.000109925 0.00843882 0.052827 
0.00124823 0.297458 0.00407674 0.0127376 0.000651806 0.00962117 0.0331279 0.328414 0.000264562 0.00136829 0.00265259 0.037765 0.00154644 0.0718008 0.0217852 0.00216197 0.164909 1.27126e-05 0.000111488 0.00828647 
0.048507 0.0586849 0.0143054 0.0271022 0.00081052 0.0055809 0.0549207 0.352024 0.000761221 0.00342265 0.00187203 0.0237405 0.00142683 0.170822 0.206887 0.00231703 0.012044 0.000101633 0.00896306 0.00570559 
0.0763526 0.0778553 0.0166933 0.0415357 0.00116493 0.0208368 0.128132 0.248262 0.0011841 0.00167475 0.00225072 0.0283974 0.00337108 0.0976541 0.193022 0.00210358 0.0433568 0.000135813 0.00663325 0.00938407 
0.128689 0.168804 0.0858628 0.0892221 2.45444e-05 0.000961872 0.0245274 0.24976 6.23546e-05 5.06132e-05 0.00636696 0.0344237 5.57355e-05 0.0203832 0.0813146 3.24701e-05 0.0399633 4.37939e-05 0.0650375 0.00441429 
0.0286819 0.130625 0.0111203 0.0387373 9.33303e-05 0.00440571 0.022456 0.351963 0.000780799 0.000409024 0.00187455 0.0278396 0.00164544 0.0207308 0.312462 0.00060137 0.00433193 0.000298441 0.031207 0.00973653 
0.0368071 0.0400501 0.0650785 0.0260738 0.000327684 0.0125172 0.0158014 0.428606 0.00618618 0.00267639 0.00515063 0.0286863 0.00283478 0.0575352 0.24027 0.000674774 0.00709585 3.80149e-05 0.00966698 0.0139227 
0.0318766 0.107412 0.0192844 0.0354985 0.00069268 0.0161365 0.027664 0.347252 0.00131728 0.00157565 0.00122353 0.0307421 0.00201962 0.130555 0.17123 0.00324883 0.0550781 0.000188081 0.00900705 0.00799738 
0.0525238 0.128273 0.0301119 0.0729494 0.000985857 0.0209521 0.0528051 0.237809 0.00109494 0.00610981 0.00709163 0.0530148 0.00208518 0.0584569 0.21946 0.00474862 0.0173011 0.000295365 0.0144856 0.0194455 
0.0291735 0.125497 0.0176478 0.0247319 0.000373482 0.00639229 0.00945295 0.43102 0.000653654 0.000987384 0.0031008 0.0296191 0.00209653 0.145125 0.119483 0.00686963 0.0225795 0.000233415 0.00442282 0.0205399 
0.0273836 0.041937 0.0146001 0.039592 0.000504574 0.0127966 0.0304641 0.45043 0.00258002 0.00560534 0.00472374 0.0274358 0.00893415 0.120796 0.175812 0.0031306 0.00828019 0.000253149 0.0083818 0.0163589 
0.0716669 0.0736456 0.0368868 0.0492511 0.000154556 0.0079528 0.0291318 0.252977 0.000714989 0.000359812 0.00242396 0.0416697 0.0011191 0.11949 0.2521 0.000320617 0.0501196 0.000232794 0.00700928 0.00277338 
0.0595387 0.173467 0.00874054 0.0962995 0.011148 0.0211576 0.0259163 0.185964 0.000515729 0.0025287 0.00990727 0.162223 0.00336706 0.0687182 0.0869487 0.000281898 0.0201537 0.0162607 0.0142985 0.0325649 
0.0188427 0.076473 0.0134608 0.00619729 0.000289734 0.0129582 0.0294815 0.618782 0.000665271 0.00144311 0.00161091 0.0338818 0.00222444 0.061059 0.0558666 0.00118892 0.0554188 0.000130969 0.00189606 0.00812914 
0.149942 0.170556 0.00830554 0.0396364 8.27737e-05 0.0221582 0.0239327 0.297029 0.000780195 0.00160321 0.000247327 0.0186947 0.000576777 0.0473216 0.175665 6.20482e-05 0.0319339 0.000312016 0.00872674 0.00243489 
0.0623906 0.0956592 0.00724274 0.0385608 0.000385292 0.0476486 0.095974 0.226932 0.000392591 0.00256875 0.00129108 0.0219906 0.0033827 0.199583 0.135892 0.00409258 0.0114946 5.85553e-05 0.00329782 0.041162 
0.00219216 0.104502 0.00533882 0.0160507 0.000397258 0.0171577 0.00626032 0.309941 0.000396145 0.00247359 0.0503163 0.137224 0.0151055 0.0906248 0.0206535 0.179103 0.018796 4.25436e-05 0.00182208 0.021602 
0.116089 0.0878891 0.109762 0.108966 3.36768e-05 0.00433609 0.0542663 0.242111 0.00985277 0.000795606 0.000384467 0.0555148 0.00116318 0.0496728 0.104355 0.000186468 0.00464198 0.00524124 0.0134533 0.0312866 
0.0664676 0.0525267 0.031519 0.0472645 0.000305555 0.00904243 0.0302691 0.600347 0.00010031 0.000129971 0.00859682 0.0211498 0.0120369 0.0327028 0.057217 0.00445274 0.00348325 5.14728e-05 0.00706854 0.015269 
0.00380608 0.00401021 0.00402634 0.0387417 2.19601e-07 0.00010387 0.0222562 0.571442 2.03296e-05 0.000107663 0.0617148 0.0337825 0.000149133 0.00957462 0.239436 3.68549e-05 0.00379825 0.000743183 0.00469775 0.00155274 
0.039212 0.130778 0.00371751 0.0210558 0.000193261 0.0162742 0.00831651 0.606909 0.0013448 0.00473417 0.00677246 0.0464236 0.0012671 0.0318457 0.0359357 0.000498026 0.0312841 0.00195023 0.00307763 0.00840952 
0.067567 0.0425576 0.0271732 0.0661962 0.000488229 0.00661749 0.0118702 0.351082 0.000579782 0.000804395 0.00352558 0.037858 0.00326106 0.0595172 0.297999 0.000395202 0.0125239 0.000111988 0.00734864 0.00252374 
0.0318293 0.241263 0.0115883 0.0304084 0.000235762 0.0540782 0.0602069 0.256334 0.000179356 0.00178524 0.00297353 0.0278746 0.00154109 0.0790426 0.159031 0.00611635 0.0161018 0.000321472 0.00541976 0.0136689 
0.0640803 0.172468 0.0233181 0.0277838 0.000423549 0.0161828 0.00580382 0.374148 0.000212255 0.0014508 0.00332701 0.0935317 0.00108179 0.0616696 0.0863327 0.00759981 0.0245973 0.000744629 0.012557 0.0226875 
0.0317725 0.124786 0.0157525 0.0196669 0.000108244 0.0018831 0.00598337 0.544315 0.0040766 0.000451657 0.000380984 0.0436042 0.00060034 0.00798694 0.118286 0.000115647 0.00194898 0.00117122 0.0759859 0.00112428 
0.162309 0.0083413 0.0237418 0.0463576 1.33381e-08 0.000138142 0.010243 0.429517 0.00528551 4.95961e-05 0.00769037 0.060773 0.000326365 0.0564641 0.18052 2.25495e-05 0.00228588 0.00019019 0.00325005 0.00249493 
0.0409598 0.106025 0.0192707 0.0322705 0.000107545 0.0127756 0.0241534 0.355121 0.000616315 0.00116143 0.0181939 0.0235288 0.013895 0.0643468 0.249592 0.00246638 0.0142408 0.000366684 0.0109676 0.00994006 
0.0192772 0.0787919 0.0043921 0.0122692 0.000240523 0.00996086 0.0259068 0.573945 0.000286858 0.00101431 0.00424431 0.00734279 0.000973256 0.0704007 0.156983 0.000330295 0.0187251 3.1229e-05 0.00172217 0.0131622 
0.0304745 0.0318234 0.0556352 0.00666218 0.00141676 0.00904517 0.0125699 0.406019 0.000463697 0.00121408 0.0034313 0.0182176 0.00323668 0.0356698 0.165885 0.000563774 0.209155 4.82401e-05 0.00287729 0.00559187 
0.0286555 0.0356179 0.0383113 0.0458414 8.05398e-05 0.00708794 0.0541449 0.358133 0.00306166 0.00211697 0.00456097 0.0403863 0.00272105 0.132885 0.216107 0.00663804 0.00590485 3.36564e-05 0.00436256 0.0133491 
0.0527156 0.0591021 0.00899657 0.177176 0.00010369 0.0224848 0.0498055 0.287711 0.000165268 0.00613703 0.000907324 0.0761393 0.00249049 0.012965 0.223204 0.000460889 0.00349375 0.000125314 0.0109424 0.0048742 
0.0495116 0.110887 0.0175057 0.0109382 2.91641e-05 0.00109676 0.0103168 0.508206 0.00122146 0.000104425 0.00458191 0.0432013 0.000284292 0.0647933 0.125349 0.0157291 0.0104722 0.000635775 0.00304332 0.0220925 
0.0382284 0.0351032 0.0200345 0.0148754 0.000143029 0.0104993 0.0715293 0.353829 0.000944166 0.00206625 0.00225851 0.0196092 0.000934721 0.0549415 0.3444 0.00103869 0.00536219 2.74383e-05 0.018748 0.00542658 
0.160387 0.138429 0.0042964 0.0309508 0.000282674 0.0149231 0.0243764 0.273051 0.00634676 0.00187294 0.000930786 0.0262113 0.000735996 0.038533 0.246197 0.0001547 0.0218214 4.31952e-05 0.00733284 0.00312357 
0.0159854 0.0953754 0.020846 0.0214116 6.63576e-05 0.0157199 0.0325378 0.466958 0.0016469 0.00175024 0.00781558 0.0172411 0.0131162 0.0414799 0.0413562 0.00419908 0.17951 0.000267484 0.00548788 0.0172298 
0.0139937 0.162247 0.00474232 0.0253081 0.000133143 0.0071547 0.00911438 0.491321 0.0130199 0.00125103 0.00402273 0.0644559 0.00152956 0.0768207 0.0600286 0.00392143 0.0321204 0.00186483 0.0224481 0.00450224 
0.0513353 0.0590603 0.0183222 0.0314127 0.000304075 0.00943294 0.0140291 0.347125 0.00109328 0.00104994 0.00278526 0.162612 0.00170385 0.020265 0.251948 0.00120134 0.0078282 0.000277983 0.0105351 0.00767829 
0.0907059 0.0766766 0.0344214 0.0722509 0.00234126 0.00609151 0.0157469 0.232662 0.0293724 0.000530963 0.0162662 0.19334 0.026129 0.0430579 0.130944 0.00366325 0.00683122 0.000669217 0.00943241 0.00886767 
0.0837898 0.0668128 0.0186927 0.0563426 0.000235523 0.00562949 0.0185619 0.403594 0.0011291 0.0034191 0.00322563 0.0213684 0.00255453 0.0612023 0.223829 0.00359576 0.00792134 0.000163386 0.00855652 0.00937676 
0.190695 0.0479238 0.0692266 0.0314264 5.39499e-07 0.00429322 0.0405059 0.337292 0.000866398 2.36517e-05 0.000459953 0.0206838 0.000395269 0.0602453 0.17974 2.6747e-05 0.00224333 0.000147473 0.011546 0.00225854 
0.118291 0.0511859 0.0204382 0.0477444 0.000189676 0.00268608 0.0273667 0.392663 0.000442228 0.000780342 0.00160587 0.0204348 0.00219023 0.0178559 0.268912 0.00088754 0.0110382 0.000387938 0.0102297 0.00467088 
0.0104233 0.0401997 0.00741293 0.145347 8.62514e-07 0.0364978 0.0503408 0.244047 1.24167e-05 0.000343313 0.000413543 0.100913 0.000200576 0.114655 0.204972 0.0191757 0.0088132 0.000527844 0.0153245 0.000380174 
0.0271485 0.0539601 0.020823 0.0276236 9.08412e-05 0.00163618 0.008448 0.349478 0.00429575 0.000120265 0.0180212 0.219879 0.000396702 0.0358963 0.174999 0.000117155 0.0423256 0.00533828 0.0070043 0.00239721 
0.0987399 0.0466388 0.0651255 0.0455441 0.000494436 0.0132236 0.0115637 0.313585 0.000929639 0.000989359 0.00193679 0.0217672 0.00339288 0.0361129 0.283831 0.00285438 0.00455619 0.000104786 0.0339973 0.0146121 
0.0108228 0.0581931 0.061497 0.0145136 3.7757e-05 0.00362049 0.181062 0.31038 0.000307886 0.000138986 0.00238489 0.0449162 0.00304529 0.0188873 0.0200437 0.000556263 0.262453 2.65709e-05 0.00486325 0.00225023 
0.00124823 0.297458 0.00407674 0.0127376 0.000651806 0.00962117 0.0331279 0.328414 0.000264562 0.00136829 0.00265259 0.037765 0.00154644 0.0718008 0.0217852 0.00216197 0.164909 1.27126e-05 0.000111488 0.00828647 
0.112689 0.102654 0.00934436 0.0176933 0.00305416 0.00838864 0.0455492 0.372549 6.67503e-05 0.000812345 0.00772784 0.0386164 0.00223318 0.124562 0.0985 0.000143767 0.0474697 0.000280809 0.00287195 0.00479467 
0.0200098 0.00793722 0.0546658 0.0268079 1.73808e-08 0.00494572 0.00683395 0.533798 0.0205141 1.67883e-05 0.000669563 0.173404 0.000602941 0.0405812 0.0996522 0.000196948 0.00225973 0.000526324 0.00505133 0.00152656 
0.0148731 0.00910226 0.00258543 0.00131676 4.45051e-08 0.00139543 0.0496951 0.599334 1.37514e-06 1.49675e-05 2.37986e-05 0.00140642 5.28247e-06 0.240736 0.0767362 5.25246e-06 0.00191658 8.78745e-08 0.000664548 0.000186417 
0.111217 0.0324664 0.0351506 0.0256023 2.49457e-05 0.00639534 0.0257902 0.320645 0.000588407 0.000738505 0.00724309 0.011221 0.00164721 0.218887 0.173665 0.00241786 0.00432865 4.23621e-05 0.0114972 0.010432 
0.0165243 0.00440213 0.0311949 0.00600022 3.90721e-05 0.0136295 0.133859 0.277397 0.0105329 0.00183528 0.00180778 0.107556 0.00217191 0.165226 0.0761482 0.00695746 0.126475 1.34029e-06 0.00162573 0.016616 
0.0121191 0.200156 0.00421005 0.00906343 0.00013989 0.0129057 0.031412 0.238918 0.000165474 0.00221661 0.0533694 0.0699767 0.00202834 0.0593489 0.0671516 0.196908 0.0157651 0.000357259 0.00179304 0.0219956 
0.00231383 0.0722926 0.000654048 0.0303296 4.64144e-05 0.0465411 0.053612 0.626495 8.12415e-05 0.00291644 7.57868e-05 0.0358675 7.03648e-05 0.0112223 0.088042 1.62883e-05 0.0253022 0.000133677 0.00235378 0.00163422 
0.0255819 0.071222 0.0128585 0.0654932 3.31564e-05 0.00815238 0.0320663 0.298883 0.00154667 0.00384063 0.00431154 0.0639379 0.00127221 0.131281 0.237455 0.00245739 0.0185753 0.000971216 0.0113242 0.00873592 
0.00706402 0.022936 0.00180627 0.0151402 5.77537e-07 0.0124612 0.0360218 0.383542 0.0030826 4.24949e-05 0.0104037 0.0617677 0.0100582 0.208573 0.115289 0.000500887 0.102289 3.79562e-06 0.00734047 0.00167789 
0.183873 0.132701 0.0304783 0.0109756 1.71334e-05 0.00357094 0.00857521 0.390281 0.00152218 0.00305875 0.00790217 0.0179622 0.0188587 0.1058 0.0271767 0.030287 0.00458362 4.29055e-05 0.002302 0.0200324 
0.0188064 0.0322106 0.0230321 0.00713182 9.0943e-05 0.00763833 0.0140208 0.374029 0.00103005 0.000955518 0.00469907 0.0053976 0.00291522 0.325666 0.115524 0.038411 0.0055696 4.43323e-05 0.00370059 0.0191269 
0.0639242 0.146022 0.0381808 0.0258641 8.95226e-05 0.0107871 0.0663335 0.236212 0.000615069 0.000842077 0.00378596 0.0149021 0.00176309 0.167171 0.152374 0.0298253 0.0107149 0.000588168 0.00608682 0.0239194 
0.00290921 0.250695 0.00416875 0.00829159 1.81091e-05 0.0926065 0.00114538 0.42118 0.00319581 0.0252555 0.000143065 0.0914323 0.0016296 0.0458317 0.0317 3.55297e-05 0.0140515 0.00117377 0.00428237 0.000254253 
0.00918806 0.0400156 0.00430873 0.0224044 4.48984e-08 0.025166 0.0535326 0.677007 0.00340172 0.00061799 0.000681435 0.0708021 0.000211591 0.0374104 0.0384533 5.25969e-05 0.0123938 0.000648339 0.00244492 0.00125948 
0.0376694 0.0960689 0.0115728 0.0230543 5.69592e-07 0.00586139 0.0153145 0.43703 4.62241e-05 0.000127422 8.74541e-05 0.046577 6.56364e-05 0.142382 0.131501 0.020975 0.0175992 0.000911705 0.00643356 0.00672238 
0.0300154 0.0510206 0.0036704 0.0792213 6.49453e-05 0.0149123 0.010535 0.218196 2.83298e-06 0.0224048 0.00218262 0.196549 6.25401e-05 0.142031 0.149957 0.00396372 0.0478407 0.000524412 0.00983273 0.0170128 
0.0275205 0.0489877 0.00628799 0.0100821 0.00010586 0.0258156 0.0128543 0.543983 0.00123642 0.000931748 0.0018367 0.00760442 0.0017883 0.188589 0.030618 0.0121008 0.0595993 0.000290025 0.00972962 0.0100386 
0.00488089 0.0959707 0.0215355 0.2018 0.000137706 0.0180345 0.0103173 0.238656 0.000975126 0.000430928 0.00137838 0.0861711 0.0137367 0.146779 0.0866299 0.00857847 0.0372275 9.52937e-05 0.00701924 0.0196457 
0.0324732 0.0369791 0.00233091 0.0262181 7.24368e-08 0.0124081 0.00854217 0.495311 7.61556e-05 0.00638751 0.0135643 0.0321098 9.48671e-05 0.0133045 0.300625 1.28816e-05 0.00944929 0.000589554 0.00283217 0.00669098 
0.0120952 0.0414508 0.00549726 0.0255758 0.00333361 0.0366937 0.044284 0.352014 8.80096e-08 0.0110173 0.00394496 0.031459 8.80519e-08 0.216738 0.189727 8.80882e-08 0.0118386 8.80034e-08 0.00237832 0.0119522 
2.33573e-07 0.103422 0.00458434 0.101708 0.000127609 0.00296258 0.0314509 0.397712 1.04731e-07 0.0402046 0.00884609 0.104274 1.29039e-08 0.00245369 0.189469 9.06656e-05 0.00322411 4.21261e-05 0.00848576 0.000942016 
0.019835 0.0851677 0.0300808 0.0061598 0.000110628 0.0037053 0.0911634 0.273862 0.00402416 0.000451255 0.00143638 0.029118 0.00472144 0.155508 0.131436 0.00140236 0.155506 0.000322753 0.00192769 0.00406074 
0.0017609 0.113947 0.0133559 0.040399 8.94772e-05 0.0064422 0.0251107 0.524465 0.000287145 0.00112553 0.0017745 0.0685707 0.0106675 0.044846 0.0339459 0.000334758 0.0990854 3.8901e-05 0.0122128 0.00154064 
0.0248194 0.0459576 0.0160625 0.0960234 0.00082595 0.12316 0.00689097 0.361137 0.00467518 0.0006677 0.0047589 0.0248059 0.00206432 0.0737439 0.061359 0.11313 0.00334011 0.000113696 0.0196612 0.0168037 
0.00714497 0.0853851 0.00652224 0.0710949 9.96107e-06 0.0190009 0.0678502 0.362004 0.00016465 0.00216667 0.00567315 0.0571452 0.00992477 0.213249 0.0665128 0.00192783 0.00642188 0.000176376 0.0029293 0.0146964 
0.24686 0.0749564 0.021265 0.0368441 4.60451e-05 0.00409385 0.0117255 0.26626 0.000277816 0.000525685 0.0121872 0.0192394 0.0251253 0.0653556 0.168196 0.0254288 0.0139261 0.000150193 0.00568649 0.00185061 
0.0240728 0.106557 0.0119363 0.0195223 0.000315706 0.0101335 0.0757808 0.407547 0.00574532 0.000469201 0.00391988 0.0496379 0.0165313 0.0752007 0.142299 0.00154825 0.0367982 0.000214628 0.00436904 0.00740144 
0.00449067 0.0298596 0.00510818 0.0592382 2.63584e-05 0.0145277 0.0152158 0.586317 0.013712 0.00117932 0.000406137 0.151902 0.000357763 0.031515 0.0712555 3.86408e-05 0.00703397 0.000849558 0.00503296 0.00193324 
0.0284707 0.183932 0.02514 0.0146086 0.000200546 0.0823202 0.030904 0.219085 0.00271474 0.0026596 0.0084599 0.0181945 0.00655597 0.100033 0.217853 0.0125537 0.011039 2.62034e-07 0.00917392 0.0261009 
0.00112437 0.134956 0.00522469 0.0362294 1.01893e-08 0.00671767 0.0663303 0.322575 7.06327e-06 0.000630575 0.00101574 0.0044035 0.000985742 0.321015 0.043718 0.000650173 0.019692 6.06746e-06 0.00168036 0.033039 
0.0906288 0.0699527 0.0447854 0.0285233 3.90103e-05 0.00829952 0.0175446 0.258531 0.00199966 0.000502664 0.00103263 0.0380722 0.00446145 0.186825 0.193935 0.0181309 0.0133886 0.000297245 0.0180944 0.00495581 
0.0384465 0.241644 0.0157579 0.0566202 0.00111473 0.0142841 0.0120564 0.343561 0.00054158 0.000292136 0.0181868 0.0519968 0.00124505 0.0234681 0.049409 0.000185146 0.118082 0.000350683 0.00314 0.00961827 
0.0127286 0.0123638 0.0051933 0.00761333 9.66892e-08 0.0300132 0.0026351 0.327967 0.0043666 9.43914e-07 0.0565304 0.015106 0.0340987 0.208798 0.144173 0.0326777 0.0161842 1.97458e-08 0.00103622 0.0885138 
0.0394487 0.0657715 0.0157848 0.126755 1.43143e-06 0.00111548 0.0202184 0.450266 0.0005536 0.00248045 0.000675723 0.0916471 0.000399665 0.0403768 0.126605 7.28464e-05 0.00579738 0.00117612 0.00864676 0.00220675 
0.0894873 0.0721537 0.0209105 0.0304899 8.38121e-05 0.020866 0.00352665 0.345906 0.00339883 0.00087803 0.00533075 0.165253 0.00136104 0.0206406 0.157703 0.000701544 0.0287389 0.000328882 0.0172691 0.0149731 
0.19669 0.150189 0.0253223 0.0444346 0.000123771 0.00908632 0.00642832 0.24575 0.000819669 0.000638149 0.00194173 0.0341438 0.00133263 0.0122079 0.236354 3.77519e-05 0.00799376 0.000758901 0.0239734 0.00177458 
0.00903865 0.217961 0.00208413 0.00507352 0.000103515 0.00815481 0.00578545 0.485558 0.000389711 0.00282622 0.0027102 0.041133 0.000980819 0.00438273 0.0292757 0.000409106 0.177132 0.000547196 0.000961867 0.0054926 
0.0632483 0.24059 8.62952e-05 0.00202497 2.09901e-07 0.0116275 0.0340515 0.252878 0.000103669 0.000309093 0.00294696 0.00113332 0.00156001 0.228252 0.119766 0.000433554 0.0284767 2.00091e-11 0.000400661 0.0121113 
0.0032122 0.139854 0.00282512 0.017231 0.0102815 0.0829017 0.162273 0.218441 0.00619117 0.00158287 0.0319341 0.0731764 0.00141715 0.112914 0.030165 0.00031863 0.0639527 3.91815e-06 0.00262344 0.0387006 
0.0176752 0.219958 0.0246526 0.0113002 0.00179676 0.00480189 0.0087851 0.27386 0.0150486 0.00120017 0.00902878 0.0763451 0.000390288 0.0171585 0.0640185 0.0125434 0.193857 0.00164818 0.0340472 0.0118843 
0.017958 0.235131 0.00424077 0.0229057 2.69745e-08 0.00134794 0.0105013 0.396005 0.0016237 0.00596417 0.000543715 0.0391057 3.69477e-05 0.0194096 0.121508 0.00116 0.00610338 0.0801619 0.00417466 0.0321183 
0.0430594 0.0770932 0.00299962 0.233526 0.00113975 0.00818742 0.0147814 0.244352 0.00690649 0.000304122 0.0023655 0.0584614 0.000125803 0.1528 0.0652443 0.00480613 0.0279756 0.000205928 0.00526917 0.0503978 
0.063112 0.0775336 0.0264217 0.0279554 2.55905e-05 0.0177621 0.0411822 0.388974 0.0027287 0.000669447 0.00217992 0.0304196 0.00376031 0.0849806 0.198518 0.00605207 0.0125304 0.000952612 0.00961823 0.00462341 
0.029637 0.0344701 0.024661 0.0619253 8.49777e-05 0.00459472 0.100812 0.285179 0.000835568 0.000268679 0.00498446 0.146227 0.0044518 0.104016 0.118464 0.00067268 0.063835 0.000191909 0.00526926 0.00941896 
0.123859 0.0903864 0.02723 0.0173113 5.32236e-05 0.00857408 0.00903856 0.3337 0.00100851 0.00517053 0.00274028 0.00989751 0.00343392 0.0502339 0.288037 0.00429489 0.00768323 3.13516e-06 0.00560051 0.0117439 
0.112565 0.139209 0.00758047 0.0126903 6.18215e-05 0.000718764 0.018893 0.557079 8.61001e-05 2.67404e-05 0.000181352 0.0179575 0.00013428 0.0362399 0.0450314 2.09786e-05 0.0392659 0.000499468 0.0102992 0.00146057 
0.0119066 0.0963647 0.00579125 0.0225289 2.84729e-05 0.0109761 0.0968799 0.364582 1.8704e-05 0.000665558 0.000205865 0.201386 2.99304e-05 0.0637152 0.110029 1.55766e-05 0.0117927 0.000125344 0.00274377 0.000214197 
0.0749351 0.0661046 0.00209912 0.00834773 0.000138058 0.0166824 0.0472803 0.379543 0.000516516 0.0012898 0.00115294 0.00519813 0.00149862 0.260392 0.08846 0.000357412 0.024942 8.19605e-08 0.0085579 0.0125043 
0.00124823 0.297458 0.00407674 0.0127376 0.000651806 0.00962117 0.0331279 0.328414 0.000264562 0.00136829 0.00265259 0.037765 0.00154644 0.0718008 0.0217852 0.00216197 0.164909 1.27126e-05 0.000111488 0.00828647 
0.0629765 0.0343549 0.00348267 0.0313315 0.000315809 0.00097535 0.00415838 0.338031 0.00713107 0.000480606 0.00172125 0.204081 0.000960251 0.0723327 0.150839 0.000299156 0.00293424 0.0755427 0.00536123 0.00269038 
0.0248194 0.0459576 0.0160625 0.0960234 0.00082595 0.12316 0.00689097 0.361137 0.00467518 0.0006677 0.0047589 0.0248059 0.00206432 0.0737439 0.061359 0.11313 0.00334011 0.000113696 0.0196612 0.0168037 
0.135024 0.134864 0.0507422 0.0223107 2.70734e-08 0.0135141 0.012267 0.342008 0.000218995 0.000867067 0.00935134 0.0116862 0.036399 0.0528124 0.0127206 0.0336704 0.108147 3.56104e-05 0.0044209 0.0189399 
0.116819 0.140858 0.0176954 0.0374476 0.000228153 0.0268624 0.0509592 0.24956 0.000258139 0.00168502 0.00165338 0.0222889 0.00229525 0.0387504 0.217128 0.00064422 0.061876 0.000337451 0.0056251 0.00702868 
0.0975979 0.0603065 0.00765267 0.0462719 0.000578925 0.10486 0.161487 0.205307 0.000320487 0.01067 0.000737561 0.0240391 0.0009196 0.110834 0.123132 0.000494929 0.0370163 6.80173e-05 0.00432443 0.00338234 
0.0572838 0.184834 0.0108456 0.0321603 0.00207911 0.122544 0.0621774 0.213013 0.00276097 0.00186493 0.0270323 0.019651 0.0154219 0.0274253 0.181203 0.00173528 0.0142178 0.000151142 0.0103914 0.013208 
0.041115 0.134191 0.00237728 0.0292003 8.10716e-05 0.0125974 0.017745 0.332479 0.0148704 0.000831851 0.00186903 0.0153834 0.000971158 0.0546114 0.275655 0.00139494 0.0140187 0.000198686 0.0411402 0.00926892 
