0.00293323 0.0021689 0.00348081 0.00437862 0.00110398 0.000794274 0.00267202 0.00138291 0.0479457 0.00288928 0.00219505 0.00238305 0.00349018 0.00136639 0.317032 0.0973613 0.0065897 0.0256439 0.000756993 0.079014 0.0495484 3.28436e-07 0.00780123 0.0497724 0.287295 
0.000291111 0.0026403 0.0297999 0.0381209 3.49304e-05 0.00221664 0.00415327 0.00675239 0.0669837 0.00114775 0.000385685 0.00499471 0.00920817 0.00368859 0.513877 2.99985e-05 0.0663342 0.0592921 0.0159594 0.0642807 0.0534638 7.06813e-05 0.0120106 0.0277305 0.0165327 
0.00157851 0.000363271 0.116771 0.00931775 4.34068e-05 0.00406217 0.00882744 0.00194515 0.0104242 0.000351685 0.000100471 1.41239e-05 0.0138508 0.00442498 0.368982 2.37502e-05 0.00693598 0.117418 0.026484 0.0262882 0.0579866 8.25915e-05 0.0240367 0.00774514 0.191941 
0.00105094 0.00288822 0.0179493 0.0166064 0.0022135 0.0222431 0.00230977 0.0012599 0.0486375 0.000687215 0.000574448 0.00246691 0.00648055 0.00392459 0.294842 0.0218015 0.00906615 0.0826455 0.0206463 0.0287844 0.0594308 1.13056e-05 0.171359 0.0642418 0.11788 
0.000185058 0.00118517 0.0634299 0.0119388 7.59358e-05 0.00708071 0.00499634 0.000805985 0.015009 0.000237522 4.95105e-05 3.19815e-05 0.00987986 0.00358698 0.520152 0.0041095 0.000128119 0.0563851 0.00298981 0.0443373 0.0972156 4.15285e-05 0.0195852 0.00434736 0.132216 
0.00721843 0.0135221 0.0216169 0.0204377 0.000604596 0.00827179 0.0120021 0.0226078 0.0103048 0.00107822 0.000733687 0.00193655 0.0346416 0.0572481 0.171031 0.00629213 0.00839806 0.165459 0.0446908 0.16585 0.0722769 0.000168461 0.0138347 0.111816 0.0279581 
0.000460719 0.000125635 0.177723 0.00552869 2.16747e-06 0.00287255 0.00361591 0.000903564 0.00828985 0.000361085 5.12236e-05 1.09128e-05 0.00585393 0.00219303 0.386326 1.23494e-05 0.0110812 0.0539702 0.0275818 0.0174343 0.0317312 5.22597e-06 0.0155877 0.003062 0.245216 
0.00086204 0.00354011 0.0262443 0.0188227 0.000387376 0.00637109 0.0126798 0.00844515 0.0210591 0.000849347 0.0015715 0.00377011 0.0173459 0.0152456 0.315745 0.00463218 0.00246913 0.174798 0.0155253 0.0896055 0.0963487 0.000106208 0.0165235 0.0276349 0.119418 
2.7747e-06 0.0024089 0.00118187 0.0038563 1.91532e-06 0.00077587 0.00294751 0.081912 0.000991117 1.83381e-05 0.000362579 4.84775e-06 0.000991347 0.00934879 0.754276 1.50894e-05 0.0033015 0.0132288 0.0041637 0.0571711 0.0105746 2.64335e-06 0.000471736 0.0345107 0.0174797 
6.93833e-05 0.00193273 0.00250862 0.0257193 5.7185e-05 0.00122663 0.061923 0.0243246 0.00502672 0.000222597 0.000483565 6.71878e-05 0.0074873 0.000807427 0.56561 0.000703818 0.00130923 0.0180229 0.000961692 0.0345683 0.0137067 7.33915e-05 0.00371415 0.0766867 0.152786 
0.00321139 0.00222726 0.0185285 0.078822 0.00787477 0.00381422 0.00851682 0.0262027 0.00914266 0.00103465 0.000678978 0.000347435 0.0453305 0.00838332 0.416041 0.0184325 0.00358706 0.0636155 0.0222983 0.0703351 0.111226 6.56949e-05 0.0249565 0.0291328 0.0261942 
5.28254e-05 0.00554986 0.0158584 0.0139438 0.000131999 0.00531466 0.0102348 0.0172699 0.00619044 0.0003338 0.000202919 4.43388e-05 0.019143 0.0123602 0.623571 0.00460471 0.000576807 0.112852 0.00594368 0.0410678 0.0517511 0.000265752 0.00813814 0.0117444 0.0328539 
5.53385e-05 0.00112571 0.0151876 0.0267971 6.65476e-05 0.00165495 0.0105472 0.0110128 0.0153256 0.000499418 0.00631708 0.000251436 0.0386891 0.00930572 0.318064 0.000136668 0.00111542 0.17581 0.0242726 0.102586 0.132522 6.06945e-05 0.00668603 0.0110327 0.090878 
4.03091e-06 0.000180239 0.00418266 0.0175802 0.000415476 0.00117452 0.102052 0.00292441 0.0461255 1.9076e-05 0.000268361 5.23393e-05 0.0105837 0.00188145 0.292024 1.88448e-06 0.00168429 0.283833 0.00300293 0.0197093 0.192909 4.58664e-06 0.00958672 0.00265663 0.00714405 
0.00266785 0.0293307 0.0103127 0.0115348 0.000272927 0.00936939 0.0069492 0.00292946 0.00369146 0.00514187 0.000416787 0.00173046 0.011111 0.0222017 0.341075 0.00646715 0.0036163 0.0707446 0.0273784 0.0858986 0.0672005 5.79049e-07 0.00866451 0.0870896 0.184205 
0.000136894 0.000732202 0.070571 0.00970201 3.39423e-06 0.00967681 0.00385192 0.000425947 0.019434 0.000105044 5.08636e-05 1.37899e-05 0.00499071 0.00423255 0.522836 2.27029e-05 8.84147e-05 0.0434088 0.00147306 0.0181664 0.142223 3.27583e-05 0.0312343 0.00147453 0.115113 
1.67413e-05 0.00364684 0.0163258 0.0274246 0.00322442 0.00827383 0.0082259 0.0153161 0.0301303 0.00014307 6.82124e-05 0.000193185 0.0369537 0.00944782 0.246036 0.00249653 0.0321444 0.143386 0.0362872 0.0251088 0.14478 0.000431819 0.0360872 0.0534228 0.12043 
1.64533e-05 0.0274811 0.00731029 0.0278721 0.000161035 0.013289 0.0101681 0.00347979 0.0123845 6.18455e-05 0.000219482 8.76924e-06 0.00430485 0.00896582 0.534987 0.000125756 0.000112449 0.116606 0.0335714 0.0551699 0.0781269 0.000265727 0.016286 0.0151792 0.0338469 
0.00268878 0.0140602 0.00763817 0.0267319 0.00408138 0.00359995 0.0149921 0.00447159 0.0112822 0.00330951 0.000839987 0.00191884 0.0193386 0.0290113 0.389298 0.00688084 0.00682028 0.0857619 0.00485499 0.0706061 0.0437676 2.47247e-05 0.0128093 0.0830741 0.152137 
3.60356e-05 0.000791062 0.0190056 0.0524575 0.00172998 0.00194064 0.0711104 0.00420126 0.0016534 0.000667332 0.000272264 7.15114e-05 0.00784427 0.0332444 0.452243 0.000700841 0.012197 0.0312822 0.0120952 0.0415528 0.0286336 4.68393e-08 0.000220325 0.0937288 0.13232 
0.000460719 0.000125635 0.177723 0.00552869 2.16747e-06 0.00287255 0.00361591 0.000903564 0.00828985 0.000361085 5.12236e-05 1.09128e-05 0.00585393 0.00219303 0.386326 1.23494e-05 0.0110812 0.0539702 0.0275818 0.0174343 0.0317312 5.22597e-06 0.0155877 0.003062 0.245216 
7.09096e-06 0.000153643 0.00370925 0.0148647 4.77593e-06 0.00140368 0.103091 0.00524096 0.00387186 4.02414e-05 0.000154953 2.27182e-06 0.00135039 0.000918544 0.598273 1.00259e-05 0.00012219 0.0619078 0.0136524 0.0488385 0.0983138 1.27379e-05 0.00332734 0.0143529 0.0263753 
0.005457 0.0182497 0.00353437 0.0440308 0.0158713 0.00754049 0.0344481 0.0104994 0.020861 0.00298775 0.00173746 0.00211957 0.00550585 0.0131543 0.253325 0.00362582 0.00863264 0.0694982 0.00835703 0.22947 0.0356243 8.24925e-05 0.00583548 0.163251 0.0363009 
0.0013824 0.00171473 0.000786296 0.00400344 0.000588783 0.00146439 0.0213849 0.0387725 0.000687705 2.69797e-05 0.000166934 4.88859e-05 0.00866795 0.00638189 0.391982 5.59421e-07 0.0119243 0.0421057 0.00179222 0.38019 0.0292231 5.07294e-05 0.000510506 0.0496759 0.00646742 
0.00157851 0.000363271 0.116771 0.00931775 4.34068e-05 0.00406217 0.00882744 0.00194515 0.0104242 0.000351685 0.000100471 1.41239e-05 0.0138508 0.00442498 0.368982 2.37502e-05 0.00693598 0.117418 0.026484 0.0262882 0.0579866 8.25915e-05 0.0240367 0.00774514 0.191941 
0.00663871 0.00285024 0.0177032 0.00987068 0.000747981 0.00204092 0.00759449 0.00305997 0.0365238 0.00398324 0.00139412 0.00172441 0.0184201 0.00378846 0.256445 0.031505 0.00435117 0.147387 0.00207412 0.129677 0.0651116 1.46944e-05 0.0575817 0.0395751 0.149937 
0.000126985 0.00445857 0.0192154 0.0130569 0.000196473 0.00463963 0.0124882 0.130635 0.0102301 0.000598825 0.000294262 0.000551829 0.0618185 0.0102983 0.312243 0.00375833 0.00543807 0.215589 0.00789646 0.0703692 0.0507376 9.3135e-05 0.00678524 0.0347187 0.0237625 
0.000182143 0.000532491 0.0276179 0.06887 1.41724e-05 0.0130025 0.0302181 0.00864995 0.0101401 1.59216e-06 0.00114586 0.000112321 0.0290933 0.0224269 0.283298 1.82001e-05 0.00033329 0.250286 0.00368973 0.123525 0.109556 1.23247e-05 0.00577029 0.00656157 0.00494171 
0.00326715 0.00260131 0.00157568 0.00634656 0.000154969 0.00480995 0.00484446 0.0123375 0.0018346 0.00187067 0.000301646 0.000135759 0.0192541 0.00937025 0.330241 0.000254495 0.00357148 0.231984 0.00623863 0.197415 0.0616655 2.44232e-06 0.00339148 0.061268 0.0352638 
0.00878974 0.0010459 0.128089 0.0384171 0.00137214 0.00241287 0.0142982 0.000692539 0.0253351 0.0028267 0.00117401 0.00687751 0.0127529 0.00626749 0.32881 0.00544163 0.00303181 0.147658 0.00197582 0.0348565 0.0935865 1.11477e-06 0.0184068 0.0753038 0.0405777 
0.000113903 0.0021336 0.0426768 0.0126581 6.45335e-05 0.0129241 0.0498343 0.00410894 0.0163996 0.000160031 0.000130201 1.21091e-05 0.017079 0.0091262 0.421066 2.601e-05 0.000121949 0.067374 0.00386843 0.0646899 0.0898321 0.000113558 0.0337203 0.00562137 0.146145 
0.000179963 0.000776591 0.0307136 0.020216 0.000466101 0.0123632 0.0097609 0.001599 0.00806406 5.85944e-05 0.000805314 0.00191613 0.0190217 0.0253758 0.293335 0.00134644 0.00644905 0.193691 0.0337071 0.0687476 0.157232 0.0021561 0.00561852 0.0425512 0.0638494 
0.000136894 0.000732202 0.070571 0.00970201 3.39423e-06 0.00967681 0.00385192 0.000425947 0.019434 0.000105044 5.08636e-05 1.37899e-05 0.00499071 0.00423255 0.522836 2.27029e-05 8.84147e-05 0.0434088 0.00147306 0.0181664 0.142223 3.27583e-05 0.0312343 0.00147453 0.115113 
0.000156205 0.000529098 0.18597 0.0584709 0.000237974 0.00820995 0.0122894 0.00199967 0.0105707 0.000899612 0.00715811 0.00212614 0.0300815 0.00450577 0.290089 0.00103553 0.00230129 0.140985 0.00184831 0.0603556 0.0742131 7.12534e-06 0.00482203 0.0332405 0.0678981 
0.10875 0.000212587 0.00335159 0.0476718 0.0450722 0.00306522 0.041664 0.0170647 0.0184112 0.000287651 0.000105713 4.58304e-06 0.0184487 0.000746646 0.235745 2.24182e-06 0.00967098 0.223306 0.00441206 0.0623205 0.0437575 2.11606e-07 0.00364103 0.100384 0.0119044 
3.11115e-05 0.0627652 0.00275543 0.0154258 0.00231624 0.00759664 0.00520656 0.0132471 0.0314965 0.000272211 0.000551559 0.000970851 0.0183122 0.0438297 0.217096 2.69934e-05 0.00313354 0.159872 0.0927883 0.124818 0.0919276 0.00158582 0.00209108 0.0520613 0.0498224 
0.000460719 0.000125635 0.177723 0.00552869 2.16747e-06 0.00287255 0.00361591 0.000903564 0.00828985 0.000361085 5.12236e-05 1.09128e-05 0.00585393 0.00219303 0.386326 1.23494e-05 0.0110812 0.0539702 0.0275818 0.0174343 0.0317312 5.22597e-06 0.0155877 0.003062 0.245216 
1.37505e-07 6.85465e-07 0.013164 0.150497 3.71165e-08 0.000919305 0.00441241 0.000562914 0.0364425 4.15245e-05 0.00212435 1.04442e-07 0.00269279 4.75424e-05 0.48986 2.27579e-06 0.000124752 0.187949 3.86053e-07 0.0142036 0.088337 7.68289e-09 0.000968644 0.000328537 0.00732088 
9.45041e-06 0.000104883 0.00448161 0.00416843 9.21665e-05 0.0025155 0.00456309 0.0108664 0.00197215 6.42884e-05 0.000319223 0.000452739 0.0195519 0.00572855 0.595946 4.92516e-05 0.00263465 0.116218 0.027064 0.0535722 0.0531728 0.000395775 0.0027705 0.0546894 0.0385969 
4.07379e-06 0.00120598 0.0130625 0.0159356 5.75233e-05 0.00725169 0.0449235 0.0534075 0.00399539 1.04243e-05 0.000388407 4.58362e-05 0.0211985 0.0232176 0.546516 2.08512e-05 0.0131655 0.070783 0.00430931 0.0700769 0.0405855 0.00191397 0.00482341 0.0459682 0.0171324 
0.000338992 0.00166791 0.00350918 0.0023708 0.000190051 0.000763931 0.00176088 0.0176763 0.0164521 0.0181142 0.000353568 0.000215974 0.0279221 0.0807648 0.187215 0.00119255 0.0186226 0.145809 0.0569826 0.152868 0.0382414 5.17003e-05 0.00143345 0.0584847 0.166998 
6.85294e-05 0.00117425 0.0109844 0.0478748 1.81554e-06 0.00352945 0.00698024 0.000912406 0.00520234 8.5672e-05 4.81204e-05 1.66461e-05 0.00553498 0.00870634 0.53235 2.29089e-05 4.9814e-05 0.0585494 0.00440911 0.0285896 0.0883992 2.17087e-05 0.0200142 0.00394065 0.172534 
2.34652e-05 0.00106185 0.00646805 0.0115197 0.00136082 0.00292289 0.00158166 0.0131836 0.0202098 0.000121411 5.95244e-05 0.000267374 0.0029812 0.00189013 0.611996 0.00217113 0.00475083 0.0557561 0.0115729 0.0542975 0.0377715 3.93916e-07 0.00697902 0.0419921 0.109061 
0.000805 0.00987379 0.014331 0.013918 0.000502121 0.00565089 0.00466129 0.020519 0.0151087 0.00452476 0.000203353 0.0046499 0.0237034 0.135247 0.239675 0.00243063 0.00691606 0.131618 0.0810485 0.123317 0.0813917 4.16981e-05 0.00710371 0.0350612 0.0376985 
0.0176784 0.00188956 0.00465975 0.0243972 0.00998976 0.00193042 0.00846289 0.00368617 0.0451095 0.00157638 0.00110771 0.00144187 0.030591 0.00217104 0.348996 0.00550874 0.0608079 0.0701051 0.00291043 0.0593767 0.0369787 1.40817e-05 0.0140616 0.030572 0.215977 
0.000930864 0.0219804 0.0112623 0.0275915 0.000412606 0.00942772 0.0113583 0.00699941 0.0167533 0.00135874 0.00321201 0.000468429 0.0215792 0.0173522 0.420519 0.00864699 0.00174003 0.113455 0.0260634 0.0405588 0.13928 0.000192565 0.0179211 0.0529537 0.0279835 
0.00278985 0.00424688 0.0183802 0.00819908 0.000581784 0.0114646 0.00800973 0.00641925 0.0121903 0.00061158 9.92978e-05 5.58262e-05 0.0113703 0.0178418 0.609647 4.02649e-06 0.00358022 0.153259 0.031317 0.0439527 0.016686 8.23524e-05 0.00150156 0.0183397 0.0193703 
0.00489456 0.00424569 0.00985735 0.109021 8.53785e-05 0.00532134 0.0344425 0.00920905 0.00470725 8.10623e-05 0.00058049 0.000589185 0.0503833 0.00647503 0.489401 2.39175e-05 0.00462084 0.0788641 0.016318 0.0364036 0.0519761 8.67353e-05 0.00870122 0.0565005 0.0172113 
0.000299955 0.00186447 0.0218131 0.0305899 0.0023832 0.00845312 0.0287191 0.00810518 0.00572143 0.000697898 0.000641256 0.000308634 0.0162568 0.0372772 0.420817 0.000825273 0.00989648 0.0926486 0.0207176 0.0577997 0.0466727 2.93569e-05 0.00870727 0.0747257 0.104029 
0.00170115 0.00845889 0.00954632 0.0659574 0.000493158 0.00635733 0.0166016 0.0101606 0.0252581 0.000645382 0.00026089 0.00113937 0.0169024 0.0913423 0.264103 0.000184655 0.00161343 0.193891 0.0157207 0.0485409 0.0558104 0.000315755 0.0233428 0.037515 0.104138 
0.00565181 0.0489232 0.00839971 0.0729862 0.032573 0.0288325 0.037041 0.131446 0.0199007 0.00269493 0.000101532 4.51776e-05 0.00181185 0.0011311 0.245309 2.18841e-05 5.03558e-05 0.166132 0.00455744 0.0524886 0.0768279 4.72088e-06 0.0111445 0.0120775 0.0398475 
0.00102485 0.0022396 0.0161294 0.021376 0.000146006 0.00297199 0.0173568 0.00597458 0.0113278 0.000287014 0.00159733 0.000547996 0.0416097 0.101525 0.397539 0.000283847 0.0013332 0.125715 0.020559 0.0540196 0.0625731 6.64284e-05 0.0168803 0.0420827 0.0548338 
0.00847059 0.00411181 0.00878687 0.00315212 0.000772602 0.00151216 0.0015398 0.00144192 0.00287787 0.00633611 0.00140259 0.00570115 0.00587343 0.0038286 0.221969 0.0178547 0.0433426 0.196432 0.0152205 0.127832 0.039386 9.8076e-08 0.0265447 0.110638 0.144972 
1.27622e-05 0.00218249 0.0134503 0.0932865 0.000182583 0.0165576 0.0448904 0.00706051 0.163302 1.08816e-05 0.00139166 0.00392476 0.145281 0.00049919 0.163767 9.63594e-06 7.92926e-05 0.0744854 0.0021933 0.102014 0.131983 8.85467e-06 0.0267231 0.000491476 0.00621305 
0.00651424 0.000165993 0.0491779 0.00757068 4.51271e-05 0.00443609 0.00236231 0.00233391 0.0123452 0.000283693 7.49649e-05 0.0739201 0.0052219 0.00145739 0.558077 0.000496977 0.000253889 0.0678028 0.023453 0.0282622 0.0723356 0.000322175 0.00527974 0.00390568 0.0739016 
0.00834693 0.00032285 0.0046803 0.00474803 0.000335568 0.001398 0.0108982 0.00948627 0.0263995 8.92291e-05 0.000453681 0.000139144 0.00550618 0.00201559 0.65776 9.84034e-06 0.00147859 0.0835687 0.00298536 0.0672449 0.0329708 0.00013799 0.00359074 0.0195595 0.0558738 
0.00293143 0.00144527 0.0140823 0.00599967 0.000351374 0.00437974 0.00747129 0.00935317 0.0121897 0.000658802 0.000390693 0.000424079 0.0161187 0.00651943 0.368464 0.000858464 0.00654241 0.248478 0.00674627 0.0538529 0.0829842 0.000106687 0.0120347 0.0854673 0.0521503 
1.89213e-05 0.00263571 0.00297276 0.00746766 4.55258e-06 0.0140108 0.00222032 0.00223429 0.0296672 5.04623e-05 0.000623475 2.52431e-05 0.0117463 0.0476679 0.317394 1.0758e-05 0.000208531 0.0906215 0.0527569 0.0413498 0.230047 0.00372483 0.0536743 0.0302213 0.0586461 
1.83245e-07 8.08647e-05 0.0202441 0.0476439 1.28215e-06 0.00109875 0.0174712 0.00442546 0.00510206 0.000370593 1.21158e-06 2.35337e-07 0.102856 0.051079 0.364516 3.80834e-05 0.000384373 0.0569833 0.0035169 0.0534878 0.110654 1.76958e-06 0.007047 0.152995 1.15098e-06 
0.000156419 0.000714421 0.0242367 0.03142 0.000171971 0.0132235 0.00505481 0.0455628 0.00512902 0.000535755 0.000928574 0.000369511 0.0146454 0.00525585 0.29574 0.000546498 0.00490833 0.255731 0.0154842 0.0599895 0.119299 4.28107e-05 0.00659899 0.0138413 0.0804143 
1.85252e-06 0.000830252 0.0110936 0.01082 0.00014145 0.00678117 0.0600128 0.00322346 0.059534 1.2684e-05 0.000164843 4.30696e-06 0.0856185 0.0104936 0.387953 9.03322e-06 0.000574541 0.217664 0.00992401 0.0225137 0.0314126 1.43489e-06 0.0257779 0.0303099 0.0251279 
0.00126501 0.000738827 0.00510453 0.0054924 0.00012248 0.0050405 0.0214282 0.00155365 0.00350458 0.000109301 0.000119224 4.71337e-05 0.0112175 0.0104453 0.697795 0.00405123 0.0021222 0.0326708 0.0618664 0.0249846 0.0338835 6.14903e-05 0.00272368 0.0352405 0.0384121 
0.000299955 0.00186447 0.0218131 0.0305899 0.0023832 0.00845312 0.0287191 0.00810518 0.00572143 0.000697898 0.000641256 0.000308634 0.0162568 0.0372772 0.420817 0.000825273 0.00989648 0.0926486 0.0207176 0.0577997 0.0466727 2.93569e-05 0.00870727 0.0747257 0.104029 
0.00781663 0.0018806 0.0152715 0.058357 0.000191956 0.0243673 0.0217965 0.0184576 0.0368202 0.00561309 0.00434659 0.000483719 0.0305233 0.0148337 0.262445 0.00772236 0.00273175 0.109248 0.0294291 0.0626941 0.105783 0.000367688 0.0138045 0.0410981 0.123917 
0.00163316 0.0033518 0.0109521 0.00701177 0.00172853 0.00457097 0.00620819 0.00904484 0.00437367 0.00103521 0.000721628 0.0019477 0.00876866 0.0459907 0.429657 0.00181214 0.00353193 0.113564 0.0269721 0.0793927 0.0520729 0.000131757 0.0148821 0.103591 0.0670528 
0.000497288 0.000215919 0.0718424 0.00588573 5.6054e-05 0.00848373 0.00282713 0.00139303 0.0148124 3.1076e-06 8.89526e-05 7.58929e-06 0.00550214 0.00119128 0.644602 1.2728e-05 4.64278e-05 0.063692 0.00348657 0.0567944 0.0765908 0.000111962 0.0126399 0.0019786 0.0272379 
1.17746e-05 0.00179365 0.00471292 0.00719256 2.6936e-06 0.00456714 0.00124718 0.00139375 0.00455195 6.32241e-05 7.33698e-05 2.68244e-06 0.00678195 0.0109328 0.584311 3.49741e-05 7.60498e-05 0.0761934 0.00612909 0.0226771 0.113817 3.30449e-05 0.0142436 0.00602021 0.133136 
4.39818e-08 0.00525474 0.00923129 0.0140798 0.00661884 0.00107652 0.0221495 0.0835034 0.00266853 0.00160226 0.000142065 0.000459717 0.0497778 0.0139488 0.308084 7.20109e-06 2.67773e-08 8.68968e-08 2.49311e-07 0.0988037 0.302755 2.85708e-05 9.85348e-05 0.0797091 2.4074e-07 
6.23271e-05 0.00104989 0.013269 0.0239704 2.76467e-05 0.00938487 0.0131537 0.00440778 0.006942 0.000168613 0.006479 1.54561e-05 0.0667636 0.0142789 0.336279 7.281e-06 0.000842799 0.124372 0.0104084 0.110749 0.205098 0.000495778 0.00431152 0.0235391 0.0239239 
0.000751913 0.000564173 0.0463415 0.0150643 0.000394912 0.0145759 0.0053202 0.00671311 0.00772997 0.00329252 0.000350933 0.00262733 0.0444568 0.00495209 0.259925 0.000579729 0.0651232 0.251272 0.00495956 0.0736553 0.0225991 0.000151935 0.0130225 0.114377 0.0411983 
0.000448636 0.00342102 0.00373694 0.00996196 0.000378546 0.00170388 0.00267739 0.00548848 0.00408799 0.000929777 0.000340342 0.000318457 0.00312906 0.0102117 0.403459 0.000232536 0.000498247 0.110951 0.00141545 0.239892 0.0233855 0.00016009 0.0571245 0.0420948 0.0739531 
0.00139429 0.00233968 0.0771077 0.02301 0.000233042 0.00597223 0.0156655 0.00738339 0.0333807 0.00980586 0.000589731 0.00391868 0.11889 0.00355614 0.174673 0.00151844 0.00542019 0.164924 0.0113339 0.053956 0.13252 0.000301232 0.0270872 0.0311827 0.0938368 
0.001788 0.00102027 0.00648525 0.00442772 0.00228454 0.00955062 0.00246925 0.0029409 0.0116545 0.00113476 0.000950606 0.004073 0.0144771 0.0228384 0.213496 0.107949 0.0131639 0.110047 0.00719902 0.0403927 0.0278654 0.000158722 0.00775893 0.194996 0.190878 
0.000820498 0.00282252 0.0275663 0.0137373 0.000182012 0.00802432 0.00646798 0.00986319 0.0092288 0.00164685 0.00033504 0.000855978 0.0219432 0.00522314 0.304816 0.000365757 0.002346 0.182809 0.0196577 0.0929146 0.0386523 0.000119969 0.0191945 0.0504873 0.179919 
0.000210867 0.0112255 0.0156351 0.0453241 0.00102638 0.0222712 0.06606 0.0315082 0.00370577 0.000896625 0.000146775 0.000341759 0.0134712 0.0100661 0.372006 2.292e-05 0.0033962 0.173625 0.00975378 0.0833148 0.0336156 0.00018846 0.00735799 0.0575085 0.0373212 
1.04357e-05 0.00219371 0.00993179 0.00995806 9.70217e-05 0.00370004 0.0104993 0.0362538 0.00150831 4.81903e-05 0.115367 0.0229904 0.0236234 0.00496331 0.510555 3.22651e-06 0.00209439 0.07578 0.00232921 0.0572623 0.0583976 0.000174572 0.00447572 0.0447513 0.00303237 
1.30845e-06 0.0001924 0.00266669 0.00280673 3.53782e-05 0.000854083 0.00264409 0.00319481 0.0243252 3.18645e-05 0.000304052 5.88635e-05 0.00292291 0.00128661 0.708276 7.94377e-06 0.000464438 0.0990475 0.000562499 0.0347373 0.0192621 1.07867e-05 0.000836743 0.00418798 0.0912819 
3.19225e-05 2.9473e-05 0.0257031 0.0123444 4.44926e-05 0.00466749 0.00465122 0.0045197 0.00476902 0.000116323 0.000852714 0.000185864 0.0119187 0.00664104 0.590994 6.39086e-05 0.00545956 0.0556303 0.0059278 0.073899 0.0467617 1.7637e-05 0.00084778 0.00782385 0.136099 
0.00157851 0.000363271 0.116771 0.00931775 4.34068e-05 0.00406217 0.00882744 0.00194515 0.0104242 0.000351685 0.000100471 1.41239e-05 0.0138508 0.00442498 0.368982 2.37502e-05 0.00693598 0.117418 0.026484 0.0262882 0.0579866 8.25915e-05 0.0240367 0.00774514 0.191941 
0.00156583 0.00202797 0.0280214 0.00546914 0.000294403 0.00584292 0.00803594 0.00361321 0.00262616 0.00192314 0.000244468 0.000148654 0.0192069 0.00436692 0.41298 0.000843802 0.00668638 0.33642 0.0266279 0.0528314 0.0204558 1.94918e-05 0.0154676 0.0253977 0.0188828 
0.268031 0.0063275 0.00672078 0.00385755 0.00133183 0.00206668 0.0019401 0.00190485 0.00371767 0.00953744 0.00161383 0.00961565 0.00416322 0.00281729 0.298738 0.0294766 0.0109471 0.101686 0.00144279 0.0776289 0.0256184 5.32111e-07 0.0305306 0.0508309 0.0494551 
2.67837e-05 0.0012526 0.027712 0.000675968 2.15987e-05 0.00457785 0.006132 0.0113703 3.34601e-05 0.155919 2.0407e-05 3.96244e-06 0.0454047 0.00479242 0.49468 2.22804e-05 7.29322e-05 0.150795 0.00397307 0.0238078 0.000425744 6.71319e-05 0.0562978 0.00860944 0.00330555 
0.00571062 0.00729863 0.020048 0.0419085 0.00388409 0.0213802 0.0194515 0.0118012 0.0149356 0.00116502 0.000440306 0.00114519 0.0235803 0.018424 0.265978 0.00748244 0.00639393 0.15044 0.0166561 0.056525 0.14385 0.000229034 0.0424057 0.0887406 0.0301266 
0.181238 0.00192196 0.000344442 0.0035387 0.000379961 0.00254526 0.00371945 0.00855807 0.000329617 0.00361793 0.00350689 0.00276169 0.0394494 0.0334969 0.232925 0.0115356 0.0410863 0.0422132 0.00240843 0.0654895 0.0157175 1.12104e-05 0.0189794 0.20356 0.0806663 
0.000705024 0.00557662 0.0135104 0.0101563 0.00296682 0.00555742 0.00683445 0.0109975 0.0192275 0.00108705 0.000290818 0.000467255 0.0200241 0.0519306 0.225298 0.00156288 0.00230462 0.216204 0.0549078 0.0534057 0.056455 0.000365832 0.0172675 0.0404775 0.182419 
0.00333031 0.00454154 0.00657884 0.0772084 0.00704852 0.00983158 0.0240775 0.0406668 0.00435065 0.0107052 0.00051661 0.00220131 0.0139592 0.0161256 0.119773 0.0335559 0.0509057 0.116617 0.0445469 0.10688 0.104726 0.000841662 0.00974402 0.114919 0.0763486 
1.31335e-06 7.20014e-05 0.00727819 0.00687349 1.1811e-07 0.00370829 0.00724862 0.00617148 0.00189041 2.83132e-05 0.00306012 0.000148125 0.0182326 0.0315559 0.420726 5.17171e-05 0.00125465 0.130218 0.00708375 0.0494893 0.279998 4.98061e-05 0.00571882 0.00965334 0.00948661 
9.96777e-06 0.00796247 0.0211093 0.116687 0.000295459 0.00841895 0.149205 0.0969099 0.00951523 0.00133953 0.000388241 6.35884e-06 0.0307017 0.00385179 0.310252 0.000213907 0.000114934 0.0419543 0.00329631 0.10009 0.0392194 3.8549e-05 0.00529972 0.0299495 0.0231699 
0.00210181 0.00206482 0.0231488 0.0130737 0.000314506 0.00843501 0.00212554 0.00423163 0.00632222 0.00136567 0.00534779 0.0117988 0.0470795 0.0693691 0.196031 0.00101869 0.00415085 0.179537 0.130062 0.0913033 0.083207 0.00195559 0.0251731 0.0452375 0.0455445 
0.000555382 0.00246345 0.00784739 0.0115625 0.000504469 0.00338325 0.00430286 0.00295182 0.00592614 0.000907466 0.000574189 0.000377676 0.00466357 0.00640399 0.363945 0.000344192 0.000975722 0.248535 0.003712 0.179378 0.0779398 1.59443e-05 0.0123915 0.0195965 0.0407423 
0.000322254 0.0020269 0.00590514 0.0135247 5.43122e-05 0.00215378 0.0231869 0.0759099 0.00155876 0.000362076 0.000241072 1.73155e-05 0.0432076 0.0112491 0.503376 2.36284e-05 0.0101076 0.0269711 0.0111056 0.094842 0.0668901 9.84212e-05 0.00158645 0.0495887 0.055691 
0.000203008 0.00803474 0.0325461 0.0293672 0.000316283 0.0168437 0.00870893 0.0488801 0.0201173 8.35751e-05 0.00026296 2.8121e-05 0.00504862 0.0242385 0.307422 5.65095e-06 0.0177538 0.116985 0.0239528 0.115553 0.0444022 6.84478e-05 0.0154287 0.150021 0.0137282 
0.00356902 0.06688 0.0213806 0.00349883 0.00032317 0.00442598 0.00315508 0.00172733 0.00227323 0.00399751 0.0122372 0.000143124 0.00529805 0.0239339 0.392068 0.000364711 0.00759931 0.148815 0.064929 0.0646012 0.0182647 7.20041e-05 0.00524562 0.132007 0.0131907 
0.00180841 0.0010761 0.0455799 0.0316957 0.000402052 0.0183584 0.0177078 0.0117649 0.0145149 0.000909806 0.0011076 0.00567282 0.0882415 0.0153945 0.298573 0.000727874 0.00638802 0.149687 0.0127384 0.0492507 0.121204 0.000359399 0.0205195 0.0174883 0.068829 
1.31149e-09 0.0477461 3.70315e-05 0.0116514 1.00254e-09 4.21976e-07 0.000728364 0.0311522 3.03869e-10 0.158454 1.2553e-06 8.98808e-10 0.155716 0.0953209 0.180372 2.09204e-10 5.13429e-07 4.30102e-06 0.0257791 0.10798 0.170097 1.04994e-09 7.18002e-07 0.0149548 3.25343e-06 
7.81776e-07 0.0270798 0.0063577 0.0290885 8.3011e-06 0.00239723 0.00557172 0.156117 0.0015896 0.00199916 0.000302016 2.25891e-05 0.0487047 0.0400938 0.259446 1.5468e-05 0.000985894 0.213465 0.00879789 0.0998621 0.0233659 6.0385e-05 0.00311012 0.0451168 0.0264413 
4.75406e-05 0.000953654 0.0503169 0.0411602 0.000312581 0.0404616 0.00401456 0.00183416 0.00647072 0.069008 0.000367848 0.000374907 0.106688 0.00429976 0.287056 0.00234375 0.0741551 0.0553928 0.00455099 0.0140673 0.0559025 1.75993e-05 0.0502386 0.0348797 0.0950852 
3.58724e-05 0.00105341 0.0154795 0.00674721 3.25313e-06 0.00299755 0.00637308 0.0155469 0.00166723 0.000587133 0.00104015 0.000108911 0.0323716 0.00340618 0.497832 0.000115446 0.00108488 0.0942318 0.0353107 0.114229 0.030967 9.02554e-06 0.00397213 0.0803358 0.0544948 
0.000431125 0.0110581 0.0572779 0.0318049 0.000753762 0.0116072 0.00439962 0.128398 0.0132928 0.00244355 0.00018112 0.000727314 0.0126647 0.0374372 0.321029 0.00631537 0.00629644 0.108961 0.0233868 0.0345468 0.0146668 7.97239e-05 0.0361083 0.0271958 0.108936 
0.00141322 0.0608663 0.00775879 0.0461596 0.000390275 0.0295655 0.02503 0.013326 0.0424416 0.000709377 0.0050438 0.00176087 0.0396135 0.0118554 0.271576 0.00193261 0.00193065 0.113241 0.0227342 0.121831 0.0306713 4.33207e-05 0.0726408 0.0519224 0.0255439 
0.00122034 0.00289415 0.045766 0.0349398 0.00443458 0.0696714 0.00844252 0.00777511 0.0278429 0.00260824 0.00325776 0.00467858 0.0166724 0.0061479 0.256984 0.00697234 0.00442953 0.0459306 0.00867828 0.0634751 0.146153 6.66846e-05 0.0716381 0.0232095 0.136111 
7.56768e-07 0.01001 0.053028 0.0322357 0.000373322 0.00722643 0.00210561 0.0242977 0.00201801 7.57206e-05 0.000224065 1.35334e-05 0.0109105 0.00172305 0.418335 1.64045e-06 0.051725 0.0633854 0.0128073 0.0834444 0.0742309 7.69837e-06 0.00672068 0.144427 0.000671959 
1.30845e-06 0.0001924 0.00266669 0.00280673 3.53782e-05 0.000854083 0.00264409 0.00319481 0.0243252 3.18645e-05 0.000304052 5.88635e-05 0.00292291 0.00128661 0.708276 7.94377e-06 0.000464438 0.0990475 0.000562499 0.0347373 0.0192621 1.07867e-05 0.000836743 0.00418798 0.0912819 
0.000697932 0.000931542 0.00330848 0.00741274 5.1619e-05 0.0165538 0.00423125 0.00609583 0.00682011 0.000278992 0.000857331 0.000564635 0.0185924 0.0970484 0.290133 2.97664e-05 0.000159668 0.148333 0.0913693 0.129297 0.0729345 0.000237115 0.0325844 0.0392411 0.0322365 
1.17746e-05 0.00179365 0.00471292 0.00719256 2.6936e-06 0.00456714 0.00124718 0.00139375 0.00455195 6.32241e-05 7.33698e-05 2.68244e-06 0.00678195 0.0109328 0.584311 3.49741e-05 7.60498e-05 0.0761934 0.00612909 0.0226771 0.113817 3.30449e-05 0.0142436 0.00602021 0.133136 
0.00157851 0.000363271 0.116771 0.00931775 4.34068e-05 0.00406217 0.00882744 0.00194515 0.0104242 0.000351685 0.000100471 1.41239e-05 0.0138508 0.00442498 0.368982 2.37502e-05 0.00693598 0.117418 0.026484 0.0262882 0.0579866 8.25915e-05 0.0240367 0.00774514 0.191941 
0.037882 0.00742079 0.00531657 0.0427993 0.000361279 0.0145774 0.00638502 0.0500253 0.0595827 0.000104942 0.000557204 0.00031878 0.0940715 0.00525291 0.224055 0.000491377 0.0712286 0.0430977 0.111334 0.00453765 0.0330197 3.56168e-10 0.0108513 0.131622 0.045107 
0.000758325 0.00240118 0.0400251 0.0144246 0.000173694 0.018441 0.00531958 0.00610027 0.0086733 0.00237187 0.000457673 0.000587289 0.0234778 0.0208713 0.283343 0.00450715 0.00315633 0.188365 0.021726 0.171699 0.0795185 5.29872e-05 0.0164408 0.0330503 0.0540581 
0.0198435 0.0164282 0.00522868 0.0171719 0.0194048 0.0149834 0.00317229 0.0181529 0.0123341 0.00411605 0.000434205 0.00179971 0.00851381 0.0120489 0.235893 0.0035199 0.00319428 0.194538 0.0499875 0.131143 0.0436633 1.32332e-05 0.0100847 0.08504 0.0892907 
0.000149779 0.00253603 0.0161302 0.0217776 0.00091576 0.0304805 0.00552613 0.00110643 0.00976669 8.00992e-05 0.0186511 0.00109796 0.0062118 0.0279585 0.296412 0.0020386 0.00262349 0.132378 0.0319743 0.0343207 0.112416 0.00149734 0.02436 0.0474793 0.172112 
0.000357794 0.000957156 0.00567251 0.0172305 0.000803218 0.00259655 0.0216219 0.0104749 0.00552468 0.00015411 0.000300968 5.66519e-05 0.00357649 0.0042033 0.68116 0.0069301 0.00448196 0.0284368 0.00831051 0.0651581 0.0397007 7.07556e-05 0.00347938 0.0444853 0.0442556 
0.000460719 0.000125635 0.177723 0.00552869 2.16747e-06 0.00287255 0.00361591 0.000903564 0.00828985 0.000361085 5.12236e-05 1.09128e-05 0.00585393 0.00219303 0.386326 1.23494e-05 0.0110812 0.0539702 0.0275818 0.0174343 0.0317312 5.22597e-06 0.0155877 0.003062 0.245216 
0.00221758 0.0144305 0.0568226 0.0239866 0.000434577 0.00200041 0.0156482 0.0137007 0.00957077 0.147385 0.000839553 0.000867422 0.0292894 0.00350372 0.357275 0.0276198 0.00169528 0.107314 0.00103001 0.0421789 0.0347527 2.12191e-06 0.0068647 0.0316257 0.0689438 
0.00178324 0.00724532 0.00738945 0.0269804 0.00176495 0.00474868 0.076155 0.0121306 0.00229899 0.00250068 0.000296356 0.0203582 0.0337082 0.0151382 0.214172 0.00987595 0.00622809 0.074466 0.00919363 0.0458633 0.029509 0.000168444 0.00452385 0.185572 0.20793 
0.000104886 0.00900499 0.0109354 0.0884948 0.000137064 0.00783901 0.0418396 0.0295812 0.0132807 0.000110126 0.000205767 4.58762e-05 0.0554909 0.00458127 0.206611 1.20108e-05 0.0121512 0.193575 0.00195388 0.105552 0.104522 1.69864e-06 0.0131672 0.0795775 0.0212241 
3.60563e-06 0.000243968 0.00900132 0.0598125 1.08892e-05 0.00329159 0.00511019 0.00356727 0.023135 6.2015e-05 0.100642 4.7657e-06 0.0190455 0.0020239 0.440613 3.80774e-06 8.60187e-05 0.213909 0.000430376 0.0195434 0.0846204 7.92761e-06 0.00628126 0.000747515 0.00780326 
0.00258651 0.000717822 0.0192457 0.0114063 0.000900743 0.00709708 0.0060492 0.0148901 0.0106675 0.00101677 0.0001617 0.000830601 0.0309982 0.00812663 0.381544 0.000144192 0.00465668 0.336022 0.0401925 0.0285141 0.0412789 0.000488662 0.00491238 0.0379457 0.00960667 
0.00107279 0.00124711 0.0214985 0.0284849 0.0214091 0.0109386 0.0105943 0.0147459 0.00336734 3.23429e-05 0.000141941 7.66038e-05 0.0972945 0.00759118 0.274704 0.000104604 0.033969 0.0589309 0.0196746 0.197021 0.0624537 9.80237e-05 0.00182593 0.108221 0.0245026 
0.00689822 0.00861896 0.0256918 0.0123423 0.000384452 0.0265263 0.00497269 0.0304409 0.00755616 0.00622427 0.000308535 0.00207688 0.00369972 0.0391692 0.204389 0.00248525 0.00570536 0.156603 0.0215742 0.0912386 0.150118 1.61655e-05 0.047996 0.0317099 0.113255 
0.00320281 0.00319311 0.0979105 0.00617852 0.000609104 0.00678454 0.00265928 0.00927274 0.0097848 0.00592318 0.000246657 0.00973371 0.0292346 0.00731115 0.418943 0.00325185 0.0396667 0.124468 0.0110099 0.0304223 0.0633349 0.000229662 0.0211219 0.029888 0.065619 
0.00157851 0.000363271 0.116771 0.00931775 4.34068e-05 0.00406217 0.00882744 0.00194515 0.0104242 0.000351685 0.000100471 1.41239e-05 0.0138508 0.00442498 0.368982 2.37502e-05 0.00693598 0.117418 0.026484 0.0262882 0.0579866 8.25915e-05 0.0240367 0.00774514 0.191941 
5.19153e-05 0.00288202 1.26169e-07 0.0231352 1.25384e-07 0.0119607 0.0216705 0.0214562 0.00145705 2.46512e-05 0.00139796 5.06213e-05 0.165629 0.00923282 0.233227 7.40375e-05 0.000119855 0.125455 2.35137e-07 0.0462018 0.188657 1.73058e-07 0.125665 0.0205269 0.00112582 
0.000579094 0.00656819 0.00573047 0.013909 0.000827695 0.00954704 0.006933 0.00340529 0.0080909 0.00089679 0.000529911 0.000360102 0.0051485 0.0141052 0.371463 0.00235237 0.00135181 0.21987 0.0145999 0.130154 0.101332 7.30395e-05 0.0154034 0.0169477 0.0498218 
0.000142328 0.0048297 0.0113948 0.0325563 0.000322645 0.0196483 0.0162052 0.0129748 0.0291375 0.00048046 0.0129356 0.000128573 0.048346 0.0107193 0.243357 0.00176051 0.00766473 0.197836 0.0352855 0.0858193 0.109677 0.00908255 0.0387018 0.0322922 0.0387023 
0.00169561 0.0174314 0.00748833 0.0654764 0.000852579 0.0150498 0.0173997 0.0218996 0.00454431 0.00122252 0.00182112 0.000413068 0.0303618 0.021262 0.38004 0.00148612 0.0319317 0.0677202 0.00711069 0.0387637 0.0639772 2.39919e-05 0.0126965 0.124673 0.0646593 
0.000540623 0.00143891 0.0126327 0.0139847 0.0013167 0.0166733 0.00180156 0.000867 0.030617 0.000563298 0.000565782 0.00375152 0.00424586 0.0197376 0.278801 0.0124986 0.00896391 0.0713005 0.0452858 0.0336559 0.0713956 2.67965e-05 0.158529 0.104846 0.10596 
0.0198085 0.0372879 0.0193083 0.0194499 0.000386928 0.00403099 0.00340315 0.0271394 0.00530151 0.00250982 0.000918083 0.00107579 0.0100506 0.0309492 0.249895 0.0188711 0.0103637 0.0836837 0.00833468 0.0601071 0.0598913 3.57271e-05 0.0102955 0.247129 0.0697738 
1.17746e-05 0.00179365 0.00471292 0.00719256 2.6936e-06 0.00456714 0.00124718 0.00139375 0.00455195 6.32241e-05 7.33698e-05 2.68244e-06 0.00678195 0.0109328 0.584311 3.49741e-05 7.60498e-05 0.0761934 0.00612909 0.0226771 0.113817 3.30449e-05 0.0142436 0.00602021 0.133136 
0.000927415 0.00357701 0.0244526 0.0275019 7.96343e-05 0.0112068 0.0135217 0.0142096 0.0119111 0.00233751 0.000738257 0.000124885 0.0229101 0.00483058 0.371501 7.2313e-05 0.00166382 0.22317 0.0180685 0.0978502 0.106283 9.76845e-05 0.00935533 0.0191407 0.0144682 
0.00197775 0.00252816 0.00206702 0.00212428 0.000630168 0.00469521 0.00170251 0.00296654 0.00117901 0.00355218 0.00076062 0.00158704 0.0231627 0.0221125 0.258096 0.0052314 0.00538433 0.178064 0.030032 0.0752176 0.0948642 2.99618e-05 0.00948192 0.138475 0.134078 
5.9726e-06 0.000820706 0.0154986 0.0354 6.50147e-05 0.00923144 0.0150173 0.028537 0.00303166 0.00124475 5.47273e-05 0.000157813 0.00637254 0.0155223 0.516784 2.38097e-05 0.00255146 0.0854891 0.0121641 0.0186015 0.0418948 1.23218e-05 0.0013835 0.0287176 0.161418 
3.14661e-05 0.000809843 0.0028188 0.00729049 0.000148919 0.0030149 0.00904396 0.00934374 0.00133188 0.000110575 0.00084858 8.01794e-05 0.0420804 0.00368566 0.625134 0.00666103 0.00110259 0.0911298 0.0153745 0.032717 0.0935759 0.00191917 0.00603386 0.0209976 0.0247149 
0.000186448 0.0230535 0.00274354 0.016896 0.00684633 0.0206731 0.0121017 0.0195522 0.00201152 0.000305141 0.000476188 0.000242911 0.032011 0.126075 0.202958 0.000630157 0.00176721 0.0457869 0.0585299 0.190771 0.0189511 3.80709e-05 0.0228564 0.16642 0.0281169 
0.000407808 0.00551249 0.00736478 0.0380025 0.00191009 0.0151814 0.00867168 0.0199641 0.00502281 0.000682025 0.000989879 0.00139058 0.0434498 0.0202561 0.51839 0.000570355 0.00641981 0.0689175 0.0123181 0.0368569 0.0612614 0.000423917 0.00615679 0.065324 0.0545547 
6.93859e-06 0.0882307 0.00326727 0.0549876 0.000883016 0.0409787 0.00331658 0.0290428 0.00466949 7.8795e-05 4.15743e-06 1.56457e-06 0.000472806 0.00204257 0.303361 9.7315e-06 7.10299e-05 0.218327 0.0312 0.0651454 0.0344154 2.40125e-07 0.00965108 0.0870967 0.0227398 
2.31021e-05 0.00542235 0.0291698 0.0211118 0.0682339 0.00660337 0.0338265 0.0648897 0.00755795 0.00266766 0.130472 1.65762e-06 0.0489034 0.0316535 0.251478 4.88096e-05 0.000153961 0.0807958 0.00229274 0.0312323 0.0782609 4.83809e-06 0.0016068 0.0532013 0.0503871 
0.000567594 0.00399168 0.0211879 0.0341917 0.000102277 0.0427668 0.00897469 0.0144869 0.0148612 0.000683186 0.00269505 0.00010731 0.0170915 0.0287337 0.201223 5.26127e-05 0.00104211 0.170104 0.11873 0.0546033 0.162826 0.000766035 0.0339636 0.0252077 0.0410404 
7.16111e-06 6.41381e-05 0.00893046 0.0104888 2.50293e-07 0.00164129 0.271637 0.0101933 0.0219486 0.000126605 0.000153455 2.40499e-06 0.00872365 0.0022706 0.449964 2.78996e-06 0.00413094 0.0853762 0.00406685 0.0861153 0.0160487 1.49365e-05 0.00125737 0.0145841 0.00225118 
1.12095e-05 0.00504696 0.0510289 0.0800786 0.000313158 0.00331819 0.0475656 0.0194394 0.015298 8.01275e-05 0.00021147 3.67091e-05 0.0236261 0.00309209 0.433043 0.0126777 0.00318212 0.0758885 0.0262095 0.0620375 0.056447 0.00027142 0.0502292 0.0262745 0.00459302 
6.75702e-05 0.000367326 0.0091399 0.00823501 4.56905e-06 0.00416503 0.00333109 0.00179242 0.00428023 0.000131447 0.00010049 1.47023e-05 0.00105277 0.00290014 0.56825 2.99197e-05 0.000303097 0.063644 0.0459229 0.0394215 0.0490543 1.44532e-05 0.00468667 0.00755883 0.185532 
0.000751913 0.000564173 0.0463415 0.0150643 0.000394912 0.0145759 0.0053202 0.00671311 0.00772997 0.00329252 0.000350933 0.00262733 0.0444568 0.00495209 0.259925 0.000579729 0.0651232 0.251272 0.00495956 0.0736553 0.0225991 0.000151935 0.0130225 0.114377 0.0411983 
0.00198354 0.00217864 0.0297125 0.0129241 0.000199485 0.00536256 0.00729432 0.00140734 0.0284557 0.000926554 0.00440145 0.01793 0.132235 0.00557108 0.285181 0.00109923 0.0011131 0.188996 0.00323276 0.0321465 0.113906 0.000125558 0.0175953 0.0161166 0.0899052 
0.00210721 0.0476413 0.00338352 0.00827679 0.00036378 0.00147747 0.00509165 0.00285037 0.031678 0.00211292 0.00112912 0.00178072 0.0689782 0.00191102 0.268528 0.115117 0.00430967 0.0254931 0.000754294 0.055095 0.0673202 2.9076e-06 0.0159519 0.0392182 0.229428 
0.00465715 0.0265548 0.00715606 0.0075406 1.37623e-05 0.00541008 0.00536427 0.00394559 0.00465278 0.000595314 4.39768e-05 4.57451e-05 0.0193639 0.0249663 0.416153 1.101e-05 8.38597e-05 0.114343 0.00118814 0.0649188 0.154859 2.83183e-05 0.0122326 0.0192839 0.106587 
0.000582489 0.00452803 0.0073914 0.0413314 0.00053828 0.00581073 0.0226653 0.0892758 0.00723186 0.000569459 0.00143783 0.00157105 0.0109934 0.0237537 0.263632 0.000331434 0.00785514 0.181849 0.0436277 0.0854575 0.0241994 0.000217228 0.0123405 0.153056 0.00975398 
0.000136894 0.000732202 0.070571 0.00970201 3.39423e-06 0.00967681 0.00385192 0.000425947 0.019434 0.000105044 5.08636e-05 1.37899e-05 0.00499071 0.00423255 0.522836 2.27029e-05 8.84147e-05 0.0434088 0.00147306 0.0181664 0.142223 3.27583e-05 0.0312343 0.00147453 0.115113 
4.72265e-05 0.000186825 0.0221691 0.00678488 5.72567e-05 0.00578684 0.00367553 0.00369564 0.0134707 0.00045655 0.000229985 7.405e-05 0.0159214 0.00267744 0.274574 1.98888e-05 0.007927 0.225867 0.0182598 0.0623878 0.243582 0.000108886 0.0109556 0.0417951 0.0392897 
0.000948334 0.0437048 0.0155835 0.0140154 0.000324788 0.0114027 0.00527761 0.0217159 0.00467859 0.00570053 0.00694364 0.000206165 0.0481479 0.0155423 0.30383 0.00161252 0.025074 0.0865338 0.0300086 0.124012 0.0763033 5.81348e-05 0.0109749 0.120588 0.0268137 
0.00392012 0.0276371 0.0571815 0.0534772 0.00271396 0.0101207 0.0284188 0.0502575 0.0070359 0.00828282 0.000172294 0.000560996 0.0272369 0.00559285 0.238326 0.0114905 0.0279926 0.163736 0.00796714 0.058401 0.0629918 0.000213477 0.0478298 0.0452373 0.0532052 
0.000136894 0.000732202 0.070571 0.00970201 3.39423e-06 0.00967681 0.00385192 0.000425947 0.019434 0.000105044 5.08636e-05 1.37899e-05 0.00499071 0.00423255 0.522836 2.27029e-05 8.84147e-05 0.0434088 0.00147306 0.0181664 0.142223 3.27583e-05 0.0312343 0.00147453 0.115113 
