0.00492869 0.00320659 0.00816131 0.00961033 0.000440264 0.00182339 0.00566744 0.0042637 0.00676515 0.00250306 0.00657625 0.0107541 0.0534337 0.00800155 0.222073 0.00337682 0.0106668 0.239274 0.0158281 0.0935855 0.100115 0.000175077 0.00839283 0.144534 0.0358441 
1.25741e-05 3.15375e-07 0.000643779 0.0300017 3.84251e-07 0.00270449 0.00446548 0.00750919 0.00775484 3.5305e-06 2.94507e-05 8.40471e-07 0.044998 0.00180979 0.00569755 1.99854e-05 0.00174359 0.726121 0.0476191 0.0230826 0.0608571 5.3027e-07 0.00895523 0.017663 0.00830547 
0.000192098 3.92933e-05 0.0131384 0.0206801 1.53537e-05 0.00282335 0.00984641 0.0163007 0.00275344 3.81077e-05 0.000150203 0.00133616 0.00720377 0.00361617 0.057648 2.42078e-06 0.00034381 0.771886 0.00047773 0.0386052 0.0192037 1.39453e-07 0.00706026 0.0245767 0.00206277 
0.00325544 0.0149562 0.0590654 0.128675 0.0330651 0.0219928 0.126363 0.0123291 0.0182369 0.0203266 0.000392932 0.00321168 0.0205351 0.0147626 0.0221723 0.0993875 0.0220706 0.139922 0.00111194 0.0187016 0.0334638 6.17942e-05 0.0147623 0.134032 0.0371459 
0.0145339 0.0121258 0.00515853 0.0114112 0.00819153 0.0173923 0.00100693 0.00539915 0.000831039 0.0110404 0.000429217 0.0399792 0.022194 0.00554353 0.0372631 0.046368 0.0175585 0.308958 0.0416656 0.0514572 0.0146703 4.59381e-07 0.0171974 0.251992 0.0576321 
0.010907 0.0022668 0.00602196 0.012684 0.00123778 0.00277211 0.00670792 0.0104162 0.00461045 0.00517844 0.00149501 0.00375993 0.0182712 0.00600331 0.0454861 0.0103126 0.00930584 0.362438 0.00955229 0.320038 0.0315416 4.66942e-05 0.00827044 0.089012 0.0216636 
1.79921e-05 0.00711945 0.142197 0.0154664 1.51279e-05 0.00816131 0.00230086 0.0118479 0.00785906 0.00268398 0.000476862 1.82156e-06 0.00645715 0.00293793 0.294028 6.90818e-06 0.000427237 0.345381 0.00110609 0.0725661 0.0289782 1.49493e-06 0.0232615 0.0214015 0.00529913 
4.20179e-08 1.97751e-08 0.000405074 0.00419335 6.36247e-06 3.35856e-05 0.00450148 0.104017 0.0117545 2.20118e-08 6.0648e-06 4.30937e-05 0.0849173 0.00251091 0.0810954 6.70257e-09 0.0617453 0.622094 9.36863e-09 0.00398216 0.0163954 3.36385e-08 0.000383144 7.03733e-05 0.0018458 
0.000799398 0.00105544 0.00239973 0.0028193 0.00021212 0.00477218 0.00236333 0.00760975 0.000831892 0.000502054 0.00150786 0.00206224 0.229117 0.0204903 0.018318 0.000404338 0.00162964 0.473715 0.0452851 0.0589275 0.0496709 0.00191292 0.000799258 0.049207 0.0235877 
0.00565096 5.21552e-08 0.00550372 0.0552922 1.17191e-11 0.00965125 0.0889571 0.0359446 0.0142079 0.000478106 0.00736024 7.60474e-08 0.12865 0.00464356 0.0226052 1.42972e-08 0.0508512 0.369812 9.07997e-08 0.0799972 0.0531938 5.56863e-07 0.00194009 0.0647022 0.000558659 
0.000457198 0.00085847 0.0312583 0.0118734 0.0243088 0.00560383 0.00249759 0.175284 0.000917382 0.00255445 0.00036227 0.00414329 0.109345 0.0024324 0.11445 0.00228445 0.171164 0.198643 0.00784471 0.0264635 0.00902195 0.0010788 0.00302174 0.0501912 0.043942 
0.00245807 0.00658262 0.0197955 0.0206657 0.000703207 0.00691274 0.0104363 0.00713573 0.00898714 0.00278998 0.000486931 0.00225874 0.0308485 0.0136199 0.205429 0.0140385 0.0127558 0.260928 0.0372465 0.0948953 0.0686678 0.000247008 0.0204446 0.0575697 0.0940966 
1.64422e-06 0.000386341 0.107155 0.0789433 4.19764e-05 0.0659904 0.00651409 0.000398763 0.067081 4.10866e-05 0.000818292 0.00585341 0.0851892 3.13862e-05 0.145028 1.14682e-06 0.000363429 0.270455 0.00543983 0.00841979 0.0971387 1.29865e-09 0.0513157 0.000480356 0.00291238 
0.000759886 0.00637939 0.00631119 0.00935112 0.000132913 0.00254243 0.00428707 0.00628226 0.00123538 0.00205237 0.000173009 0.00281618 0.0137018 0.00443993 0.09547 0.0251236 0.0235598 0.371514 0.00357965 0.0890267 0.0183777 9.11351e-06 0.00429711 0.0796469 0.22893 
0.00148999 0.00127353 0.0357376 0.0112533 0.000980721 0.00435701 0.00621122 0.00167453 0.00592805 0.000570912 0.000387185 0.000800859 0.020442 0.0259289 0.0751283 0.000961445 0.00238775 0.570648 0.0582763 0.0554733 0.0732547 0.000175027 0.0167452 0.0142545 0.0156592 
0.000232448 0.00189776 0.0246482 0.0311931 0.000684561 0.0196865 0.00950408 0.0160171 0.00543532 0.000321707 0.0023452 0.00101534 0.0526807 0.153175 0.143529 0.00220411 0.0107225 0.194137 0.0318486 0.077456 0.132565 0.00019325 0.0091413 0.0495487 0.0298173 
0.000915907 0.0039194 0.0522612 0.00626954 8.53691e-05 0.00550421 0.00299374 0.0134086 0.0033727 0.00184225 0.000224898 0.000582803 0.00826429 0.00505444 0.137504 9.03628e-05 0.00352408 0.65201 0.0111184 0.0398712 0.0156753 8.16789e-05 0.0107943 0.0158729 0.00875822 
0.000774317 0.00171206 0.0190307 0.0179012 0.000383394 0.0276613 0.00381587 0.00431178 0.0104271 0.0018899 0.00460501 0.000556925 0.0136383 0.0301723 0.213848 0.0140306 0.00833757 0.26789 0.00571566 0.100651 0.0207208 0.000129883 0.00946942 0.0701087 0.152218 
0.00256575 0.00320849 0.0377516 0.0177655 0.000540674 0.00916233 0.00814119 0.0084238 0.0115053 0.00236114 0.000635366 0.00200633 0.120725 0.0270973 0.0988501 0.00296822 0.0111588 0.295761 0.0193543 0.0675783 0.116793 0.00248637 0.0144648 0.051027 0.0676684 
0.00758865 0.00323972 0.0117621 0.0196065 0.000391192 0.0125232 0.0273137 0.0150815 0.00878114 0.00713663 0.000505172 0.0223531 0.142987 0.00781468 0.0828733 0.00408192 0.0175062 0.175385 0.0195928 0.0515735 0.0321294 0.00016974 0.0104568 0.145925 0.173223 
0.00320636 0.00100156 0.0317094 0.0805327 6.93882e-05 0.0165916 0.026097 0.0524518 0.0163438 0.015161 0.00101658 0.00257366 0.118182 0.0267157 0.0571206 0.000189274 0.0108999 0.221244 0.0345903 0.0761808 0.118897 0.000583985 0.018813 0.0632363 0.00659222 
0.00797861 0.0224128 0.00331457 0.0309957 0.000585853 0.0111435 0.0122066 0.00363763 0.00772107 0.000817824 0.000481533 0.000900839 0.188422 0.0325786 0.0663731 0.000528899 0.0108785 0.255878 0.0397544 0.079616 0.0351082 0.000131326 0.00644309 0.16133 0.0207619 
1.4081e-05 0.00163933 0.0267811 0.0136567 0.000282129 0.00707347 0.00574616 0.0100672 0.0125382 0.000432031 0.000108915 0.000674097 0.067214 0.00317076 0.179689 3.56011e-05 0.00459673 0.557827 0.00512875 0.0284873 0.025618 0.000488915 0.0115307 0.00656576 0.0306342 
0.0019348 0.00186147 0.00661529 0.00792603 0.000422346 0.00322799 0.00427224 0.012554 0.00495047 0.000910562 0.000904265 0.000333554 0.0250247 0.0238457 0.091126 0.000509996 0.00631153 0.375182 0.186491 0.107581 0.0410231 0.000319377 0.017411 0.0549809 0.0242817 
0.000860362 0.000969808 0.0167478 0.0160514 9.54211e-06 0.00543759 0.0247248 0.00476107 0.0101458 7.23607e-05 0.000174376 1.57954e-05 0.0208039 0.0104605 0.291284 2.66031e-05 0.00027559 0.313914 0.00925829 0.0442303 0.127828 2.99722e-05 0.0351177 0.0108408 0.055959 
0.0075769 0.00761949 0.00857567 0.0118276 0.00239024 0.00712859 0.00364301 0.00810609 0.00294114 0.00929324 0.00027106 0.00198316 0.0209753 0.00890712 0.0568464 0.0149318 0.0216129 0.268921 0.103015 0.183749 0.034528 0.000130632 0.0161631 0.121329 0.077535 
0.000709492 0.00867666 0.0289977 0.0399245 0.00650491 0.0185365 0.0275201 0.0258039 0.0332728 0.000811302 0.00311816 0.00133106 0.0633664 0.030288 0.177329 0.00165951 0.00283516 0.19323 0.0418544 0.089526 0.0803287 0.00857248 0.053302 0.0336922 0.0288093 
8.63573e-07 6.04068e-05 0.0153055 0.0414201 2.16618e-06 0.00338487 0.067839 0.0178564 0.00995852 5.06334e-05 0.0694199 0.00101136 0.0202992 0.00430151 0.130105 2.02938e-05 0.00172468 0.478014 0.00338817 0.0302891 0.0644651 4.68512e-05 0.00295688 0.0361522 0.00192732 
3.02791e-06 0.00394339 0.0249449 0.0493403 3.19259e-07 7.28162e-05 0.0112867 0.0217358 0.000709822 0.00190654 0.000631055 0.00611738 0.0237183 0.00232299 0.0379275 5.14569e-06 0.000330881 0.780679 0.00151669 0.00533939 0.00187704 5.44628e-06 7.70038e-05 0.0202335 0.00527545 
0.000707086 0.00849426 0.00822935 0.0326918 0.000303864 0.0071718 0.00423997 0.00715681 0.0247839 0.000155018 0.000954826 0.000253426 0.174673 0.0108929 0.0819691 0.000250426 0.00887431 0.295974 0.108736 0.0301383 0.0280773 0.000352172 0.0474505 0.0976238 0.0198451 
3.9583e-06 5.05594e-05 0.00605057 0.0382752 0.000516333 0.00243179 0.0125012 0.00262601 0.013381 0.000298991 0.0024025 0.00027287 0.0550075 0.00485694 0.169993 0.000114195 0.00333495 0.428224 0.00237637 0.0912646 0.0765615 3.33747e-05 0.00434633 0.028602 0.0564751 
0.000472707 0.00147858 0.00418306 0.0151248 0.000504697 0.00540909 0.0105107 0.0227981 0.00525851 0.00048206 0.00199113 0.000553653 0.00827273 0.00589205 0.104128 0.0469038 0.00115512 0.284464 0.0110996 0.217297 0.0802413 0.000223936 0.009804 0.153719 0.00803241 
4.10498e-05 0.000150983 0.00528212 0.00582066 0.000100621 0.00735409 0.00228875 0.00907316 0.00941459 0.000153968 0.000105874 4.22825e-05 0.0119383 0.0451038 0.0978492 1.94929e-05 0.000762243 0.535152 0.148219 0.0232524 0.0196842 0.000128599 0.00640536 0.0533254 0.018332 
1.04799e-07 0.00113828 0.00133279 0.0176602 5.18739e-05 0.0025876 0.0156079 0.0149073 0.0024713 9.73299e-05 0.00405452 7.25648e-05 0.0550716 0.00241466 0.0394914 4.12934e-06 0.00164066 0.689374 0.00135738 0.0442738 0.0128063 8.53506e-05 0.00781945 0.0829212 0.00275821 
0.000269823 0.0020991 0.0907068 0.0370798 0.000437907 0.00669388 0.0143218 0.00632221 0.0182468 6.73999e-05 0.00114577 0.000590223 0.0136911 0.00256832 0.101035 5.34258e-06 0.000323112 0.598537 0.00270484 0.0282453 0.0362599 0.000103962 0.0278169 0.00595229 0.00477597 
8.55244e-06 0.0428142 0.00828259 0.0248074 4.64148e-05 0.00170079 0.00528026 0.119553 0.00423287 9.8534e-05 0.000896765 0.00377 0.0376212 0.00965001 0.207074 3.31748e-05 0.00228341 0.257656 0.0255201 0.115312 0.0616716 0.000382748 0.00178658 0.0649077 0.00460908 
0.00298033 0.00507189 0.0158385 0.0174955 0.00170161 0.00501725 0.00864172 0.157074 0.00870983 0.00177293 0.00129897 0.00201066 0.0263764 0.0570116 0.0850636 0.00233946 0.00940068 0.202039 0.0217628 0.186164 0.0463259 7.81663e-05 0.0144224 0.102728 0.0186748 
0.00696683 0.00405148 0.00100992 0.00985464 0.0003727 0.00223258 0.00435251 0.0254004 0.00186816 0.00290083 0.000686256 0.00107841 0.0214253 0.134131 0.078847 0.0036505 0.00275712 0.292789 0.00248293 0.285405 0.0210321 2.87139e-05 0.030902 0.0431549 0.0226195 
0.000162614 1.29513e-05 0.0165998 0.0478897 0.000546946 0.00614639 0.016726 0.0171972 0.0310181 1.72869e-05 0.00728926 5.29133e-05 0.0924427 0.00171798 0.123353 2.8983e-06 0.000640047 0.506337 0.0070689 0.032913 0.0602265 2.53164e-05 0.00963044 0.0152059 0.0067771 
0.00121051 0.000978644 0.00880144 0.00572974 0.000507248 0.00207388 0.00450549 0.0015169 0.0236068 0.000541541 0.000939873 0.00057807 0.0242146 0.00345835 0.0966204 0.000663979 0.00264124 0.443115 0.00213399 0.115838 0.20986 1.76099e-05 0.00857983 0.013311 0.0285563 
0.000613888 0.00427004 0.0242636 0.017905 0.000381197 0.0175188 0.0214723 0.0452166 0.00755334 0.00300414 0.000287935 0.0010265 0.0339851 0.0147075 0.249729 0.000392516 0.00192227 0.266335 0.0186985 0.0741787 0.0839916 4.48998e-05 0.0188162 0.0566339 0.0370514 
2.71295e-05 0.00156068 0.00729792 0.0101901 3.56645e-05 0.00574936 0.007505 0.00286956 0.0340438 0.000169549 0.0109009 2.90883e-05 0.0129074 0.00733353 0.259867 1.24296e-05 6.74005e-05 0.412721 0.00760679 0.0349052 0.0485628 5.60306e-05 0.00688885 0.00184538 0.126847 
0.00255938 0.00394254 0.0209191 0.0243895 0.000348976 0.00532592 0.0102347 0.00518075 0.00522067 0.00145096 0.000582662 0.00518886 0.0691911 0.00840972 0.108953 0.00170232 0.00490481 0.334035 0.0107024 0.193652 0.0775926 5.25684e-05 0.0425254 0.0380367 0.0248984 
0.00100261 0.00452189 0.0402934 0.0241471 0.00140546 0.0097362 0.0156318 0.0311443 0.00976948 0.00428456 0.00105923 0.00157241 0.0403867 0.0164561 0.117267 0.0033556 0.00319684 0.307532 0.0243889 0.0724521 0.0766418 0.000232533 0.0357658 0.128495 0.029261 
0.00283978 0.000664292 0.0301131 0.0434749 2.47749e-07 0.0266167 0.0311539 0.00218077 0.0259141 0.000426674 0.00340744 6.18783e-05 0.205921 0.0105262 0.0369484 8.72257e-05 0.0023375 0.333375 0.0130123 0.0561985 0.0743831 5.69026e-06 0.0353686 0.0221621 0.0428207 
0.000192614 0.000259058 8.75123e-06 7.84561e-05 9.53273e-05 0.000820418 5.57918e-05 0.0226871 0.000150111 0.000107917 6.00618e-06 7.58906e-06 0.000355337 0.105031 0.0515999 3.32097e-06 3.32058e-05 0.35403 0.0193188 0.16988 0.00132667 1.34164e-07 0.00880696 0.263395 0.00174951 
4.45577e-06 0.000350224 0.00551554 0.00661519 2.53896e-07 0.0489696 0.00364949 0.0054362 0.00432459 2.59519e-05 0.0014766 0.000374012 0.0273285 0.00383352 0.0741762 9.50835e-06 5.80548e-05 0.492905 0.115704 0.129029 0.0343528 2.20215e-05 0.00278574 0.0415225 0.00153094 
1.35817e-05 0.00321681 0.00211195 0.0100839 0.000750973 0.00637231 0.00488425 0.0563859 0.004584 0.000539891 8.8487e-05 0.000205043 0.159029 0.00715843 0.0130529 2.65756e-05 0.00055151 0.377767 0.0148065 0.140295 0.0752033 4.06383e-05 0.0117772 0.109927 0.00112761 
6.67482e-05 0.00398312 0.011614 0.0111267 3.69216e-05 0.00892085 0.00955273 0.0121761 0.0038389 5.65864e-05 0.000219621 2.00939e-05 0.027165 0.0104463 0.224299 0.0027295 0.00408928 0.26211 0.00759592 0.143135 0.11026 0.000123691 0.00979783 0.103801 0.0328345 
8.98048e-05 0.00103958 0.0325949 0.0127297 0.000259297 0.00937554 0.00413308 0.00356293 0.0104644 0.000299425 0.00477819 0.0230749 0.0440716 0.00592965 0.150214 0.00563248 0.002906 0.379315 0.0188977 0.0249029 0.135061 0.000120578 0.0278147 0.0176901 0.0850427 
0.00096246 0.00144712 0.0103945 0.0322907 0.000277564 0.00256302 0.0359838 0.0121746 0.013212 0.000596761 0.00164906 0.000294154 0.0114183 0.0082146 0.115622 0.000605447 0.00198137 0.536214 0.00495968 0.0820316 0.0454273 8.88464e-05 0.0124718 0.0544956 0.0146242 
0.000131723 0.000696708 0.0224325 0.0296124 0.000921438 0.00399147 0.0100915 0.00287304 0.0102983 0.00121975 0.00139362 0.000720851 0.0261668 0.00521123 0.240584 0.000389624 0.00229874 0.373184 0.0116886 0.0777746 0.11599 0.000139879 0.0162184 0.0105997 0.0353712 
0.015543 0.00533222 0.00238128 0.0051291 0.00227667 0.00369899 0.00645471 0.00627279 0.00366366 0.010265 0.000508628 0.00237569 0.00589665 0.0183364 0.230632 0.00929912 0.00269567 0.231165 0.00455522 0.0664924 0.0272793 5.73392e-05 0.0147892 0.158398 0.166502 
0.00234827 0.00737224 0.00365537 0.00479415 0.00178964 0.00289194 0.00155947 0.00180173 0.00398667 0.00156035 0.000707956 0.00379293 0.00815773 0.00786431 0.0592381 0.0224542 0.00803192 0.444595 0.00750571 0.0700998 0.0223073 9.26549e-05 0.0323093 0.252188 0.028895 
0.00102394 0.00157906 0.0689459 0.075046 3.19084e-05 0.0193127 0.0174435 0.0148512 0.00792178 0.000620155 0.000566897 0.0045459 0.151343 0.00509792 0.0883945 2.61485e-05 0.0012459 0.40594 0.00769857 0.0270738 0.0328881 0.000998046 0.010193 0.0514577 0.00575469 
0.0026168 0.042938 0.034111 0.0111436 0.00131836 0.0125703 0.00838877 0.0195755 0.00668373 0.00285722 0.000230839 8.40631e-05 0.016264 0.0306117 0.214525 0.000174661 0.0064734 0.234265 0.0755097 0.0812759 0.0733505 0.0236429 0.0268043 0.0207374 0.0538476 
0.0113172 0.00154287 0.00529213 0.010834 0.00222035 0.00259028 0.00791052 0.0109677 0.00534724 0.0035397 0.000736603 0.00272039 0.0164493 0.00483447 0.0767422 0.0189661 0.0155692 0.302499 0.0314445 0.0815466 0.0492336 1.43163e-05 0.019043 0.252431 0.0662081 
0.00139179 0.011161 0.0134515 0.015738 0.000318902 0.0146173 0.00353577 0.00344052 0.0064868 0.00395146 0.000478778 0.0008694 0.00897951 0.00866076 0.106858 0.00173451 0.00259437 0.480282 0.0795404 0.138051 0.0200388 7.71618e-05 0.0113749 0.0421651 0.024203 
0.000114367 0.00191703 0.00999675 0.0331035 7.57559e-08 0.00194855 0.0132607 0.00974342 0.0038026 0.000173686 0.00231838 0.00757103 0.0600071 0.00517584 0.0382985 4.09496e-05 0.000892613 0.467622 0.213808 0.0302366 0.0102202 0.000463958 0.00248909 0.0792144 0.0075812 
8.5252e-05 0.00205334 0.030906 0.0166504 1.43619e-05 0.00957805 0.00696723 0.00367996 0.00645629 5.37002e-05 0.000178521 1.57244e-06 0.00627898 0.0202681 0.338581 6.15432e-06 3.71233e-05 0.415993 0.00162117 0.0646783 0.023331 5.89058e-05 0.010808 0.0265022 0.0152111 
0.0118787 0.00660583 0.09338 0.0181122 0.000350218 0.00148734 0.0126415 0.0541296 0.00650004 0.0529676 0.00253866 0.00194829 0.0170481 0.00293736 0.120117 0.00853259 0.0705632 0.172407 0.0574157 0.077908 0.0331263 1.00775e-05 0.0357029 0.0812959 0.0603962 
0.00400718 0.00414129 0.0171867 0.0223672 0.0014832 0.0079729 0.0175414 0.120334 0.00641715 0.0033978 0.0010506 0.00156157 0.0514207 0.0150575 0.14239 0.00171043 0.00813949 0.229767 0.0179984 0.166991 0.0447906 0.000355786 0.0116991 0.0812695 0.020949 
0.000933473 0.000751036 0.0237491 0.0193058 0.0002559 0.00822353 0.00907879 0.00348191 0.0217421 0.000374824 0.000218307 0.00236474 0.027172 0.0097167 0.218006 0.028195 0.00289244 0.378234 0.0769158 0.0721357 0.0507499 0.00040215 0.0128081 0.0164804 0.015812 
0.00111836 0.00373524 0.00540199 0.00306906 0.0034059 0.000704178 0.00360445 0.00677456 0.00330114 0.000726489 0.00348065 0.0126487 0.0296279 0.0260599 0.072158 0.00205414 0.00205077 0.465425 0.00842375 0.178819 0.0650416 2.17743e-06 0.00917652 0.0657608 0.0274298 
0.00365928 0.000860409 0.0104177 0.0147412 0.000289093 0.00420666 0.0530759 0.00562863 0.0213116 0.000305439 0.000721313 0.000627635 0.00620754 0.00674104 0.104093 0.000211181 0.000640519 0.559506 0.0029991 0.124917 0.0387957 9.23175e-05 0.0177318 0.0150267 0.00719245 
3.64201e-05 0.000230396 0.00155091 0.00126465 1.15868e-07 0.000723722 0.00157645 0.0207248 0.000650168 0.000533077 0.000104624 3.7478e-05 0.0168368 0.00559695 0.240218 9.76963e-05 0.00140944 0.313007 0.122508 0.0551162 0.0358139 6.15092e-05 0.000343623 0.0869233 0.0946348 
0.000610049 0.000387352 0.037506 0.0428284 1.57334e-05 0.00927637 0.042211 0.00343994 0.0266607 7.26869e-05 0.00100321 0.00210338 0.046583 0.00109353 0.0925014 4.92119e-05 0.000457585 0.516493 0.0074232 0.060691 0.0671334 0.00112767 0.0269891 0.00607234 0.00727051 
0.00154962 0.00195704 0.0150173 0.00187792 0.00724353 0.00206329 0.000251049 0.00049633 0.000343079 0.00387891 0.0205885 0.00182244 0.0139562 0.00187027 0.0155934 0.142666 0.0384404 0.393918 0.00677155 0.0536764 0.0155659 1.4638e-05 0.00318917 0.226245 0.0310047 
5.69446e-07 3.27431e-06 0.00715834 0.0314825 3.98879e-06 0.00185197 0.00930697 0.00294015 0.00969636 3.43221e-05 0.00240011 7.31751e-07 0.0442596 0.00137744 0.0413535 2.80781e-06 0.000506284 0.738877 0.00101687 0.0362679 0.0609108 5.50537e-06 0.000362592 0.00887487 0.00130573 
0.00192706 0.00183213 0.00260806 0.00933275 0.00050192 0.0029014 0.00219161 0.0141717 0.00351413 0.000881879 0.0033974 0.00062833 0.00589163 0.00720334 0.0940381 0.00138825 0.00359821 0.346851 0.101294 0.282703 0.040616 0.000707729 0.0114815 0.0327078 0.0276316 
0.00269787 0.00394785 0.00584723 0.00693564 0.000662873 0.00358636 0.00692792 0.0277105 0.00187827 0.00533882 0.00271686 0.042341 0.118902 0.00867305 0.0208906 0.00773193 0.0187895 0.371424 0.0289507 0.0430291 0.014733 0.000794306 0.00906081 0.231675 0.0147546 
0.00366905 0.00954807 0.0146999 0.0198005 0.00127033 0.0105158 0.00952858 0.00610431 0.00942725 0.0345897 0.000964576 0.0267871 0.0548342 0.0190078 0.151679 0.0180219 0.0308518 0.187478 0.00790072 0.0686939 0.0942049 0.000100463 0.0228406 0.0974597 0.100022 
0.000746974 0.000727334 0.0230981 0.00891462 0.0132244 0.00271629 0.00641664 0.211842 0.00152314 0.00135323 0.00033829 0.000454932 0.0501917 0.0080498 0.083128 0.000597716 0.00212056 0.265757 0.00198682 0.145916 0.0677377 0.000111276 0.00403393 0.0758 0.0232127 
0.00965643 0.00129439 0.0100888 0.0102458 0.000504427 0.00302649 0.0139025 0.0018577 0.0254519 0.00169434 0.00078281 0.0101044 0.0559126 0.00348491 0.0669607 0.000866102 0.00614477 0.492981 0.00647871 0.16136 0.0701672 0.00033506 0.0128857 0.0171832 0.0166301 
0.000675402 0.00456588 0.00116689 0.000581604 0.000365036 7.54976e-05 0.000702747 0.00322225 0.000474441 0.00164718 0.000172952 0.000320569 0.022138 0.0204762 0.0307345 0.000681988 0.00177553 0.355891 0.31012 0.0903311 0.0176819 4.14728e-05 0.00122335 0.0716994 0.0632352 
0.000860362 0.000969808 0.0167478 0.0160514 9.54211e-06 0.00543759 0.0247248 0.00476107 0.0101458 7.23607e-05 0.000174376 1.57954e-05 0.0208039 0.0104605 0.291284 2.66031e-05 0.00027559 0.313914 0.00925829 0.0442303 0.127828 2.99722e-05 0.0351177 0.0108408 0.055959 
2.44966e-05 0.000214217 0.00100043 0.00350321 2.87932e-08 0.00045685 0.00147307 0.00219547 0.00409916 2.18235e-05 0.000397159 5.28165e-09 0.0131519 0.0115351 0.26187 2.37614e-05 0.000162636 0.374391 0.0167624 0.097845 0.0809442 2.57675e-05 0.0101492 0.0675021 0.0522503 
8.4783e-06 0.000744465 0.0344725 0.043365 2.16411e-06 0.0114026 0.00497975 0.00385585 0.00551021 0.00013746 0.00829451 0.0001169 0.0412913 0.00209437 0.117961 5.44097e-06 0.00155181 0.544077 0.0021255 0.035866 0.0581209 6.52683e-05 0.0283677 0.0106503 0.0449334 
0.000635883 0.000840772 0.0367771 0.011434 0.000678573 0.00754606 0.00433967 0.00753617 0.0778731 0.000505377 0.000230268 0.000483401 0.0132403 0.0115816 0.166014 0.000207022 0.00106986 0.361647 0.00374271 0.0542678 0.138693 0.000275844 0.0504466 0.0260339 0.0238999 
0.010907 0.0022668 0.00602196 0.012684 0.00123778 0.00277211 0.00670792 0.0104162 0.00461045 0.00517844 0.00149501 0.00375993 0.0182712 0.00600331 0.0454861 0.0103126 0.00930584 0.362438 0.00955229 0.320038 0.0315416 4.66942e-05 0.00827044 0.089012 0.0216636 
7.78357e-05 0.000620521 0.0237818 0.013688 0.000154006 0.00513105 0.0078823 0.00356096 0.0114639 0.000768773 0.000101974 0.000529231 0.0584064 0.00259607 0.227633 1.6487e-05 0.00326922 0.528211 0.00686172 0.0285001 0.0235369 0.000129324 0.0121046 0.00575979 0.0352153 
0.0126419 0.00142548 0.00217159 0.00176026 0.00118382 0.000443473 0.00011233 0.000542994 0.00106801 0.00376943 0.000398709 0.00788485 0.0359112 0.00162494 0.0436789 0.0358914 0.0151278 0.36905 0.00774589 0.0843644 0.075708 3.07202e-07 0.00282847 0.237039 0.0576263 
0.0497526 0.000713041 0.00812446 0.0464713 0.0596588 0.00530161 0.0332098 0.00640601 0.0494183 0.00203478 8.85775e-05 0.000306709 0.0210693 0.00136514 0.207149 0.015929 0.000307071 0.272546 0.0110313 0.0525413 0.0746633 7.68444e-06 0.0312239 0.0393996 0.0112814 
9.4491e-07 0.0236475 0.00427465 0.0017705 6.59598e-06 0.0037587 0.158355 0.0114736 0.00259451 5.19341e-05 6.23487e-06 1.21204e-06 0.183414 0.0162197 0.0895779 3.51319e-07 0.0446536 0.183459 0.00854381 0.0398278 0.147802 9.10291e-06 8.89261e-06 0.0753007 0.00524121 
6.38887e-06 3.64613e-05 0.00500251 0.00698914 0.00144634 0.00161874 0.00262854 0.00111009 0.00118349 0.000113144 8.28584e-05 0.219949 0.120723 0.00897548 0.13269 2.09989e-05 9.6114e-05 0.330202 0.00451159 0.00791038 0.0397121 0.000274353 0.0250264 0.0878077 0.00188279 
0.00520731 0.0318464 0.115939 0.0771144 0.000148483 0.0140024 0.00890999 0.0198832 0.0153118 0.00688591 0.000629476 0.0113314 0.108039 0.0049912 0.122343 0.00394627 0.0134291 0.161817 0.0112283 0.13359 0.0194936 6.74486e-08 0.0174135 0.0698139 0.0266861 
0.000612078 0.00260601 0.0138661 0.0139776 0.000176699 0.00419291 0.00360301 0.00649678 0.00838347 0.000476514 0.000478187 0.000616079 0.0686788 0.02459 0.143003 0.000405207 0.00390187 0.297499 0.116118 0.0600018 0.145875 0.00105019 0.0149498 0.0322567 0.0361851 
0.00220963 0.0039088 0.00418802 0.00291564 0.000630089 0.00357247 0.00152623 0.0101338 0.000665835 0.00650253 0.000795154 0.00147743 0.00650848 0.0108527 0.247713 0.0687927 0.00918386 0.25643 0.00421747 0.1308 0.0140142 6.43352e-06 0.0116744 0.0974915 0.103789 
0.00320982 0.00222413 0.0168153 0.0582456 0.000631172 0.0682004 0.0171406 0.00552612 0.0333291 0.00348284 0.000251064 0.0260827 0.112973 0.00741837 0.085721 0.00067484 0.0132868 0.200832 0.00774024 0.0746413 0.0872126 0.000393473 0.0891778 0.061991 0.0227986 
0.00381713 0.00834271 0.0571186 0.0122037 0.000447675 0.00261407 0.00459792 0.0119855 0.00135902 0.00159854 0.000737618 0.00702021 0.00942739 0.0130557 0.0945322 0.00358089 0.0027568 0.539883 0.00397138 0.085356 0.0108845 1.44333e-05 0.0144084 0.091311 0.0189753 
0.000625447 0.000101309 0.00436258 0.000988644 1.36414e-07 0.000159566 0.000402553 0.000564141 0.000618528 2.33336e-07 0.00065913 0.0045058 0.0266022 0.00215732 0.0894909 0.000396027 0.00931883 0.529212 0.000395069 0.181444 0.0921399 3.11988e-08 0.00295087 0.0357843 0.0171202 
0.00365536 0.000741751 0.0357635 0.0115171 0.000349749 0.00356105 0.0106201 0.00226323 0.0327017 0.00140497 0.000728979 0.000166212 0.12704 0.0781863 0.0632238 0.000407965 0.0410869 0.195555 0.0217557 0.179825 0.0597474 2.99279e-05 0.0124197 0.0802737 0.0369754 
1.02538e-05 0.000284098 0.00260557 0.0094108 6.85891e-08 0.00396995 0.00158618 0.0012346 0.00206941 0.000193929 0.000241557 4.98465e-06 0.0633651 0.00614535 0.0165071 2.58427e-05 0.000709844 0.422447 0.337056 0.0303079 0.0447717 0.000150416 0.0179064 0.0292267 0.00976925 
0.000208576 0.0240264 0.00639641 0.0159237 0.000273753 0.137355 0.00257738 0.0210377 0.0270185 0.000648328 0.00276715 4.83253e-06 0.0439994 0.0330943 0.0406319 9.53233e-06 0.000163001 0.240505 0.0957019 0.0628346 0.0470945 0.000369566 0.0111452 0.17093 0.0152824 
0.00164372 0.00201255 0.00691475 0.0081513 0.00282787 0.0499782 0.00509462 0.000687055 0.00771211 7.2938e-05 0.000557151 0.000443996 0.0486539 0.0342615 0.0918816 1.31028e-05 0.00148651 0.335328 0.129874 0.0402067 0.201767 9.65959e-05 0.00734062 0.0145379 0.00845586 
0.00520731 0.0318464 0.115939 0.0771144 0.000148483 0.0140024 0.00890999 0.0198832 0.0153118 0.00688591 0.000629476 0.0113314 0.108039 0.0049912 0.122343 0.00394627 0.0134291 0.161817 0.0112283 0.13359 0.0194936 6.74486e-08 0.0174135 0.0698139 0.0266861 
0.00477135 0.000319009 0.0109796 0.0144934 2.21134e-07 0.00451298 0.0150501 0.000861059 0.00734126 0.000107845 0.000442162 2.68915e-06 0.00852618 0.0053754 0.098878 1.04857e-05 0.000165302 0.65554 0.0192606 0.0582042 0.044102 1.55336e-05 0.00546015 0.00690579 0.0386743 
3.93016e-07 6.29579e-11 0.000740879 0.000261806 1.0226e-10 3.8186e-07 0.000779682 0.000239091 0.0035011 0.000760914 0.000755229 0.000485376 0.163667 9.24764e-05 0.00716319 0.000142402 5.19875e-07 0.645935 2.98268e-11 0.110653 0.021147 1.07095e-10 3.06354e-05 0.0430165 0.000627644 
0.000245666 0.00205423 0.0642879 0.0463541 6.60765e-05 0.00371272 0.105974 0.00137726 0.0125092 2.94015e-05 0.00248677 0.000847337 0.0446367 0.000438489 0.0908249 1.98235e-05 0.000183553 0.418317 0.00297136 0.0329345 0.127994 0.000452667 0.0216949 0.0166773 0.00290965 
1.07966e-05 0.00456911 0.0211067 0.0704617 0.000360711 0.0135827 0.0228309 0.0266979 0.00772939 0.00447492 0.000363534 0.00552076 0.121636 0.00768202 0.115904 0.00089955 0.00587342 0.352921 0.023133 0.0281871 0.0600689 0.000209366 0.021358 0.0568842 0.0275341 
0.0011376 0.00230502 0.0476088 0.0121099 0.000260733 0.0108605 0.00553903 0.00359583 0.00748376 0.000967548 0.000140548 0.000193226 0.0125444 0.00820301 0.212804 0.000281971 0.0011781 0.279764 0.0562546 0.046343 0.0792458 0.000131357 0.0225516 0.00800149 0.180494 
0.00435116 0.000709111 0.0144892 0.0159391 2.71872e-05 0.0125377 0.00884687 0.00164898 0.00533565 0.00022952 0.000529486 0.000296172 0.0280774 0.00297701 0.356421 0.00021626 0.0136218 0.3679 0.0149977 0.0547041 0.0669331 4.68659e-05 0.00288073 0.00155179 0.0247329 
0.00264786 0.00383724 0.0221597 0.0248001 0.000788458 0.00440224 0.00579515 0.0247082 0.00335091 0.00211441 0.00119725 0.00415177 0.045374 0.00452073 0.0628444 0.00684505 0.0108245 0.429909 0.00576269 0.0972998 0.0420559 3.40329e-05 0.0357064 0.138468 0.0204027 
0.000910835 0.004216 0.00652043 0.00528599 0.000173651 0.00474931 0.00523233 0.00252241 0.0019789 0.0020668 0.00336102 0.000669103 0.196854 0.0162134 0.0666877 0.000664813 0.00454006 0.308879 0.0663936 0.109584 0.0500885 0.000314276 0.00351638 0.119053 0.0195248 
0.00232582 0.000145658 0.00615896 0.00373876 0.000130044 0.0036099 0.00136781 0.0516515 0.00758293 0.00108397 0.000148 5.13546e-05 0.0459072 0.00121235 0.021333 9.88227e-05 0.00166091 0.551023 0.0114569 0.0215512 0.0116739 3.4034e-05 0.0169273 0.238146 0.000980719 
0.00281812 0.000415156 0.000476311 0.00162335 0.00122787 0.000742467 0.00148869 0.00369281 0.000803716 0.000511253 0.000247915 0.000538659 0.0290504 0.00331825 0.0192644 0.000546328 0.00171029 0.641858 0.106399 0.0623801 0.0172256 6.99208e-05 0.0307162 0.0646969 0.00817759 
1.79634e-05 0.000247624 0.0109452 0.0440311 0.000227863 0.00410333 0.0109876 0.0120179 0.0121119 0.000430488 0.000179029 0.00926688 0.231614 0.00624668 0.0732415 0.000228931 0.0311283 0.369589 0.0469127 0.0371562 0.0328715 0.000792286 0.00227887 0.0378 0.0255728 
1.59526e-05 0.00177369 0.00597379 0.00753053 0.00465449 0.00301374 0.00718894 0.0320003 0.00288003 0.00190899 7.91648e-05 0.000170136 0.0244346 0.00256913 0.0799686 5.22186e-06 0.0014771 0.333108 0.0335103 0.206433 0.0613589 4.10568e-07 0.0184274 0.1679 0.00361805 
0.000829347 0.00316312 0.00621805 0.0121199 0.000109853 0.00627154 0.00607363 0.0042716 0.00632708 3.14971e-05 0.00236418 0.000741913 0.01353 0.0268598 0.183937 2.43301e-05 0.0010937 0.434641 0.13796 0.0600805 0.0296643 5.72616e-05 0.001384 0.0581985 0.00404761 
3.80561e-05 0.000674725 0.00809835 0.00566413 0.00029948 0.0671941 0.00529723 0.00112907 0.0384138 3.13235e-07 0.000766589 1.04527e-05 0.114456 0.0308149 0.0975205 3.03519e-06 0.0056803 0.387744 0.0845678 0.0170515 0.11605 0.000240427 0.000291415 0.012312 0.00568207 
0.00026483 0.00118905 0.00764677 0.0265486 0.000193181 0.0135294 0.00637586 0.0202625 0.0115621 0.000281617 0.00151755 0.00406879 0.087107 0.00924603 0.127946 0.000294762 0.000696684 0.233792 0.00395189 0.165147 0.213825 0.000123639 0.0215107 0.0381297 0.00478971 
0.000356616 0.00396711 0.00166069 0.00861605 0.000937942 0.00148886 0.0167948 0.0198937 0.00122857 0.000393788 0.000129699 0.00558708 0.104459 0.00657129 0.132198 0.0006932 0.116902 0.276128 0.0069852 0.0156225 0.00993632 0.000319344 0.0323419 0.23189 0.00489804 
0.000170586 0.000467748 0.051912 0.0365139 3.57181e-06 0.0103889 0.00704303 0.00089164 0.0227042 0.000131522 8.04959e-05 0.000878928 0.0305199 0.00309714 0.195494 4.69603e-05 0.000524153 0.271795 0.00359882 0.0277978 0.15059 0.000162608 0.0721051 0.0114369 0.101645 
2.71664e-05 0.000431093 0.00682093 0.0248887 0.00531208 0.00856736 0.00665124 0.0300907 0.00650645 0.000724332 0.00420449 0.000564208 0.183893 0.00340092 0.188792 2.82532e-05 0.00467522 0.217787 0.00416455 0.0569197 0.197268 0.000639625 0.005215 0.0100529 0.0323751 
3.70276e-05 0.000181374 0.00920101 0.00532566 0.000467492 0.00284755 0.00359885 0.0297708 0.00366926 0.000298556 0.000322589 0.000489747 0.0353647 0.00226644 0.0662592 0.00238628 0.00949362 0.540561 0.0138307 0.0541915 0.111181 1.41697e-05 0.00696664 0.062951 0.0383244 
0.000788349 0.00209786 0.0164689 0.0271024 0.000238354 0.00675205 0.00820894 0.00826773 0.0117391 0.00112342 0.000418649 0.00254679 0.0574063 0.0143651 0.0918655 0.00113107 0.00391558 0.438568 0.108498 0.0450825 0.0581256 0.000332241 0.0242549 0.0367648 0.0339377 
1.44799e-05 0.00394511 0.00849173 0.00925096 8.92658e-05 0.0139283 0.00918806 0.0221383 0.00736659 0.000439221 0.00023692 6.21912e-05 0.0178744 0.00834606 0.0683287 1.45509e-05 0.00105487 0.411099 0.0726863 0.051578 0.183054 0.000437769 0.0187996 0.0329867 0.0585881 
0.000842987 0.00216621 0.00680212 0.0145384 0.00157752 0.00626589 0.0105052 0.0178371 0.00434507 0.0010998 0.000620385 0.00497486 0.0418294 0.0127068 0.0706836 0.00424207 0.00556892 0.45179 0.0899499 0.0806063 0.0333775 0.000442844 0.017219 0.0685656 0.0514428 
0.000257894 3.14388e-05 0.00762909 0.0114572 3.82673e-05 0.00125554 0.00137345 0.00111553 0.000874349 0.000753151 0.000312679 0.00446574 0.0824487 0.00245072 0.0446631 0.00266397 0.0306875 0.695241 0.0179713 0.0208 0.031129 0.000130906 0.00195017 0.0165612 0.0237384 
0.000201434 0.000291512 0.0107774 0.0975323 5.76007e-06 0.0196509 0.0242302 0.00433817 0.120703 0.000997091 0.0144462 0.00050057 0.0409893 0.0148645 0.0541767 0.000165985 0.000679897 0.153622 0.00978972 0.0800322 0.098799 1.65176e-05 0.0366964 0.0879618 0.128531 
0.0023962 0.00677086 0.0162828 0.0221339 0.00154729 0.0089949 0.00848626 0.0565303 0.00797607 0.00242071 0.00150772 0.00185895 0.036578 0.0197645 0.122414 0.00693882 0.00794978 0.321402 0.0266085 0.121948 0.0464611 0.000204717 0.016731 0.103732 0.0323612 
4.2036e-06 0.000789045 0.0220437 0.0101126 0.000176113 0.00522082 0.00286523 0.0200512 0.00113736 0.000142187 0.000376267 0.00100876 0.0289983 0.00418322 0.269127 5.76134e-05 0.0018813 0.525713 0.000587343 0.0503922 0.0220089 0.000487689 0.00860752 0.00791937 0.0161088 
2.45149e-05 0.000936891 0.0337974 0.0230288 0.000262097 0.00917095 0.0111127 0.00362676 0.0131881 0.00202886 0.000351414 0.00598985 0.202936 0.006053 0.110149 0.000315238 0.0216558 0.245035 0.00889595 0.0449945 0.142648 0.000929154 0.0206189 0.0340154 0.0582348 
0.00294858 0.000301987 0.004783 0.00472464 0.000138248 0.00241085 0.0103371 0.0039061 0.00715177 0.00137266 0.000447223 0.00808164 0.01834 0.0134815 0.0763629 0.00035575 0.00568498 0.380774 0.01072 0.159788 0.106574 0.000252142 0.00698212 0.156264 0.0178164 
0.000451492 0.00183645 0.0337622 0.02237 0.000314887 0.00466951 0.00764294 0.0214854 0.0098755 0.000952107 0.00216329 0.00510655 0.0244044 0.00377339 0.074614 0.00186654 0.00426942 0.502766 0.0123885 0.0590178 0.0549116 0.000379575 0.00698434 0.123101 0.0208932 
0.00320351 0.00433689 0.00368014 0.0124199 0.000533698 0.00902533 0.0073109 0.0160283 0.017783 0.00311417 0.000350425 0.0011359 0.0188808 0.0200729 0.105203 0.00247227 0.00198543 0.448621 0.0359962 0.0659338 0.0878916 0.000227943 0.0176402 0.0784851 0.0376684 
0.000929255 0.0074351 0.0167817 0.044003 0.00100734 0.0145414 0.0325045 0.0414569 0.00973996 0.00106523 0.00182911 0.001122 0.0473551 0.00939967 0.169175 0.00075557 0.0133436 0.187014 0.0121532 0.129159 0.125881 0.000220055 0.0211205 0.063398 0.0486097 
0.000856319 0.00130267 0.0620653 0.0263966 0.000817898 0.030146 0.00201737 0.00484672 0.00360734 0.00112393 0.000329286 0.0218266 0.196157 0.129189 0.0147589 0.00376822 0.00403749 0.198379 0.0565738 0.0805558 0.0474018 0.00457123 0.00350379 0.0905145 0.0152526 
0.012762 0.009595 0.00973655 0.0252871 0.000824742 0.0109163 0.01724 0.00348705 0.0149435 0.00226399 0.000489676 0.000356147 0.00615191 0.0202331 0.227799 0.000862618 0.0011619 0.24777 0.0125937 0.152718 0.115546 3.60985e-05 0.016675 0.0259686 0.0645823 
2.71295e-05 0.00156068 0.00729792 0.0101901 3.56645e-05 0.00574936 0.007505 0.00286956 0.0340438 0.000169549 0.0109009 2.90883e-05 0.0129074 0.00733353 0.259867 1.24296e-05 6.74005e-05 0.412721 0.00760679 0.0349052 0.0485628 5.60306e-05 0.00688885 0.00184538 0.126847 
0.00114478 0.000475256 0.0520277 0.00910139 0.000821101 0.00346227 0.00376857 0.00763739 0.118764 0.000853922 0.000238584 0.000794829 0.013618 0.00893559 0.162304 0.000242488 0.00180936 0.415926 0.00213826 0.0575292 0.0446494 9.08785e-05 0.0475289 0.0293026 0.0168346 
0.000454874 0.00222146 0.00153617 0.0343585 0.000367049 0.00388395 0.00605754 0.0269956 0.00259909 0.00176277 0.000173551 0.000353645 0.0210295 0.0433298 0.0449262 0.000638378 0.000619352 0.316111 0.0805267 0.288887 0.0311712 3.04228e-07 0.0058704 0.0613969 0.0247297 
0.00359617 0.00716816 0.00782108 0.0289631 0.000213779 0.00242453 0.00194373 0.00711087 0.00189189 0.00270822 0.00126616 0.00186763 0.0842903 0.0137141 0.0766636 0.00790376 0.0071472 0.188433 0.00573385 0.185509 0.130227 6.12162e-06 0.00173751 0.166561 0.0650982 
0.00124997 0.00297514 0.00940322 0.0139549 0.00106595 0.0112845 0.00676309 0.00370759 0.00896331 0.000941813 0.00118536 0.000543594 0.180568 0.00789889 0.0601394 0.00114458 0.00560869 0.424408 0.0125257 0.0790351 0.0989696 0.000220673 0.0171094 0.0200101 0.0303236 
0.00128993 0.000208572 0.00200646 0.0347547 1.63336e-10 0.0024169 0.021309 0.0213795 0.00256776 0.00130089 0.000392951 0.000144704 0.213777 0.00830838 0.0471481 0.000115573 0.00400204 0.398078 0.00167778 0.143007 0.0360781 1.10995e-06 0.00123665 0.0509637 0.00783548 
0.00402096 0.00380035 0.0321337 0.01981 0.000283981 0.0164854 0.0092078 0.0132105 0.0137586 0.00523054 0.00831809 0.000911371 0.0792016 0.0104338 0.111075 0.00967632 0.0118546 0.389643 0.0144861 0.0477532 0.103197 0.000356081 0.0185634 0.0415082 0.0350804 
0.0050036 0.00593124 0.00645964 0.0120648 0.00111311 0.00554262 0.00745391 0.00504252 0.00929727 0.00329532 0.000481113 0.00153876 0.00770741 0.0187098 0.226227 0.0200907 0.00419114 0.331645 0.00750404 0.120697 0.0608431 0.000101205 0.02169 0.0470508 0.070319 
0.0033842 0.0273116 0.0143961 0.154742 0.000277456 0.00219527 0.00326219 0.00231957 0.00493452 0.0199855 0.00108164 0.00133278 0.0254879 0.00287102 0.0723183 0.00796803 0.0127981 0.190572 0.020471 0.168134 0.0462795 0.000194234 0.0186513 0.18272 0.0163114 
1.75313e-05 0.0155097 0.0105857 0.0782034 0.0495816 0.0127231 0.00399272 0.0335776 0.00887325 1.84113e-06 0.00017734 0.00011525 0.0741364 0.0368924 0.0747357 4.60141e-05 0.00856615 0.200373 0.0177835 0.0390385 0.0775797 0.000138826 0.00178825 0.058192 0.19737 
0.0030528 0.00327197 0.0288028 0.0249689 0.000946392 0.0040879 0.0164329 0.00654151 0.00787997 0.00219474 0.00255324 0.00207619 0.0197516 0.00924823 0.0944935 0.00364479 0.00330281 0.502403 0.0354104 0.0769458 0.046806 0.000339978 0.0153363 0.0665095 0.0229984 
0.0019394 0.00723315 0.0144485 0.0154461 0.000234533 0.00490965 0.00754843 0.0260726 0.0160113 0.00060942 0.00214329 0.000916486 0.0246844 0.0142954 0.223908 0.0108191 0.00568107 0.329161 0.0134708 0.0963575 0.0866542 0.00376332 0.010478 0.0705606 0.0126529 
0.00417237 0.00174713 0.00390439 0.00927514 0.000766629 0.00175675 0.00457659 0.0573941 0.00644288 0.00138608 0.000523415 0.00251379 0.0193326 0.00518135 0.0760814 0.00539203 0.0168191 0.306339 0.0368426 0.127582 0.0255579 5.72642e-05 0.00840859 0.216776 0.0611699 
0.00178105 0.00363283 0.0346153 0.0212635 0.000902676 0.00566901 0.0169883 0.0174465 0.00968641 0.00181416 0.000280156 0.000913041 0.0740222 0.0069635 0.235301 0.000107116 0.00237655 0.316962 0.0434939 0.0402536 0.0741029 0.000442713 0.0308222 0.0230555 0.0371035 
0.00136551 0.00738457 0.0124494 0.0253935 0.00043894 0.00984681 0.00704857 0.0166294 0.014433 0.00158732 0.00251629 0.00114493 0.0305689 0.0961602 0.167138 0.00248032 0.00697737 0.200121 0.0510036 0.180151 0.0487532 0.000239583 0.01183 0.0619056 0.0424333 
0.00129466 0.00394788 0.0177831 0.0279388 0.00046984 0.0130178 0.0214731 0.0273984 0.0133581 0.00143938 0.00277193 0.00217196 0.0591775 0.0286986 0.139283 0.00605468 0.00637083 0.237623 0.034723 0.0872516 0.143492 0.000336113 0.0158478 0.0416192 0.0664567 
1.4241e-05 0.00194557 0.0686936 0.0905874 6.38652e-06 0.00972172 0.00925493 0.0135027 0.0141637 5.62807e-05 0.000463125 0.000843196 0.0751126 0.00858043 0.229667 4.22364e-05 0.000540105 0.262906 0.0280558 0.0329446 0.0977106 0.000481662 0.0195919 0.0232766 0.0118378 
0.00021175 0.00200331 0.00601271 0.0160381 7.29982e-05 0.00450137 0.0104385 0.0128408 0.0087768 0.00248486 0.000136511 0.000281977 0.123559 0.0197674 0.0697536 0.000102498 0.00245877 0.259565 0.145558 0.038663 0.0625706 0.00023194 0.0635326 0.126498 0.023939 
0.00663621 0.00570912 0.00406399 0.0142445 0.000756291 0.0106726 0.0261125 0.0057974 0.00369423 0.0659923 0.000570801 0.00167014 0.0266632 0.0236437 0.0573331 0.00493933 0.00478916 0.248674 0.0793261 0.0744867 0.0423653 0.00680006 0.0131792 0.0684952 0.203385 
0.000349627 0.00119841 0.00819188 0.0172941 0.000100578 0.00710396 0.0144644 0.0600405 0.0221682 0.000413028 0.000740233 0.000412877 0.150032 0.00612045 0.0640655 0.000285272 0.0119062 0.218475 0.0228741 0.0809259 0.0754539 0.000183918 0.0148316 0.0656047 0.156764 
0.00241632 0.000495884 0.0071817 0.0142578 0.000487475 0.00123045 0.0112842 0.0128373 0.0225048 0.000814209 0.00458261 0.000274813 0.0195794 0.00423622 0.156324 0.000368206 0.00588754 0.355211 0.0547492 0.123489 0.0399433 7.48257e-06 0.0133787 0.0940634 0.0543953 
7.29985e-06 0.00263909 0.0229534 0.0112795 4.74454e-06 0.00934611 0.00276381 0.00293492 0.00668112 0.000201836 5.81207e-05 4.09317e-05 0.0452404 0.0136359 0.0561185 3.52385e-06 0.0113506 0.471489 0.121299 0.0482391 0.0376633 9.22912e-06 0.014366 0.120534 0.00114028 
