7.94593e-05 0.0791303 0.1146 0.0148768 6.50348e-06 0.00526804 0.00465101 0.0237821 0.00203101 0.0160841 0.00022498 0.000117433 0.0721421 0.0226043 0.131164 0.000105245 0.0274631 0.1029 0.0164403 0.260319 0.0152742 0.000701695 0.0498054 0.031976 0.00825304 
0.0246546 0.0840801 0.00472444 0.0103988 0.000412157 0.0107131 0.00733192 0.0310085 0.00462428 0.00119106 0.00274665 0.000989654 0.0421988 0.113882 0.080233 0.00171956 0.0023695 0.0546078 0.0629041 0.20225 0.0681193 0.000141212 0.0102171 0.146337 0.0321447 
0.00253585 0.00745409 0.0182068 0.0542863 0.00158313 0.00659815 0.00313072 0.00464626 0.00424351 0.00184524 0.000641848 0.00148141 0.00981627 0.0131632 0.185348 0.0052991 0.00412666 0.0603066 0.0120104 0.313436 0.0129025 2.93138e-05 0.0209096 0.11045 0.145549 
0.000973568 0.00322736 0.00522223 0.0131196 0.000396652 0.00575679 0.00423444 0.0138492 0.00456336 0.0034613 0.00170441 0.000483491 0.0248805 0.0172017 0.0922247 0.000690236 0.00690115 0.241863 0.0347689 0.350744 0.0629597 8.53353e-05 0.0101047 0.0716048 0.0289782 
0.00078078 0.00126485 0.00460225 0.0706206 6.45183e-07 4.49969e-05 0.00231881 0.00195901 0.000667457 0.00100376 7.77413e-05 0.000900117 0.0406126 0.0362716 0.148049 0.000135123 0.028084 0.131887 0.0178339 0.335896 0.103561 3.02512e-06 0.000988051 0.0481884 0.0242492 
0.00108726 0.00682444 0.0100476 0.0135042 0.00390723 0.00693235 0.0171864 0.0529573 0.0122802 0.00126867 0.000743494 0.00163328 0.0158612 0.0505932 0.197733 0.000963869 0.00163267 0.158045 0.00694636 0.280413 0.0760221 0.00016662 0.0204838 0.0484329 0.0143336 
0.00023072 0.00128364 0.0143006 0.0213081 4.62153e-05 0.00818983 0.00208164 0.015337 0.0100218 0.0022562 8.87813e-05 3.17626e-06 0.0139223 0.00208357 0.055778 0.000364967 0.00543764 0.0786929 0.0113563 0.674258 0.0242432 8.044e-06 0.0012684 0.0116737 0.0457654 
3.78128e-05 0.000996609 0.00753177 0.0078931 2.18656e-07 0.00143043 0.0136889 0.0193099 0.000926645 3.30607e-06 0.00112127 0.0201284 0.0169133 0.0494687 0.185497 0.010653 0.00158017 0.162796 0.00201245 0.371888 0.0164851 5.38859e-05 0.01076 0.0949436 0.00388082 
0.00185519 0.0174739 0.0070812 0.0661973 1.11999e-05 0.00208917 0.0901911 0.00142291 0.00226589 0.00137766 0.000156558 0.00117036 0.147222 0.0417085 0.0236848 0.00405262 0.0758798 0.103555 0.0195792 0.189406 0.0985731 6.1211e-05 0.0013505 0.0807836 0.022851 
0.0111912 0.00761175 0.000573406 0.00976125 0.000380731 0.00273433 0.000299097 0.0135983 0.000723396 0.00499411 0.000731694 0.0335588 0.0119763 0.117212 0.0298906 0.0052732 0.00187658 0.0598837 0.108942 0.244894 0.0182981 1.5909e-06 0.033189 0.231627 0.0507783 
0.000167678 0.0118139 0.00212933 0.139152 0.00102122 0.00222622 0.017691 0.0775793 0.00159141 0.00371213 4.03119e-05 0.000761087 0.15272 0.00674062 0.0248937 0.00107749 0.00322391 0.0383721 0.0064472 0.44435 0.00880318 9.23357e-07 0.0201544 0.0317959 0.00353446 
0.0120018 0.0013721 0.00390621 0.0342337 0.000589811 0.00949832 0.00431109 0.00675855 0.00616176 0.0185508 0.000124638 0.000753524 0.022285 0.00304144 0.053482 0.0120995 0.0184055 0.172602 0.0100665 0.489179 0.0200504 6.16126e-05 0.0327538 0.040462 0.0272484 
0.0026888 0.00821082 0.0128855 0.0189595 0.00110206 0.0099871 0.0117001 0.0427772 0.0079185 0.00308337 0.000683061 0.00401174 0.0495761 0.0441968 0.101259 0.0040712 0.00705771 0.188849 0.0172524 0.217636 0.0431186 0.000245654 0.0378313 0.11279 0.0521079 
0.0120018 0.0013721 0.00390621 0.0342337 0.000589811 0.00949832 0.00431109 0.00675855 0.00616176 0.0185508 0.000124638 0.000753524 0.022285 0.00304144 0.053482 0.0120995 0.0184055 0.172602 0.0100665 0.489179 0.0200504 6.16126e-05 0.0327538 0.040462 0.0272484 
0.000557883 0.00142176 0.00164427 0.0017577 1.54043e-05 0.000257276 0.000663262 0.00106633 0.00175462 0.00195364 0.000263594 0.000115939 0.00469859 0.067344 0.0853489 0.000698291 0.0018016 0.175795 0.159453 0.343335 0.0254404 3.60795e-07 0.00581045 0.0239366 0.094866 
0.00165315 0.0106922 0.00331318 0.0302099 0.000448137 0.00297236 0.0572034 0.00770632 0.0394233 0.00190116 0.000384714 0.00052232 0.00551752 0.0163651 0.202323 0.00115626 0.00793371 0.0675805 0.00418536 0.390235 0.017942 7.64816e-05 0.010642 0.0388922 0.0807204 
1.49316e-06 0.0265619 0.00353384 0.0207863 2.41059e-05 0.00257654 0.000680275 0.0963027 0.000430427 4.88494e-05 1.26918e-05 5.23544e-06 0.0050872 0.0168117 0.141012 4.00458e-05 0.000323242 0.193905 0.00756567 0.234714 0.0118787 9.46361e-06 0.00700858 0.0590089 0.171671 
0.00135924 0.00275675 0.0201076 0.0274724 0.00129778 0.00658852 0.00487914 0.0177174 0.00286201 0.00176385 0.000325024 0.00452625 0.0199372 0.0805929 0.0861877 0.0139779 0.00602463 0.196889 0.0179408 0.207924 0.0325101 7.22723e-05 0.0292679 0.183361 0.0336579 
0.00199075 0.0517921 0.0329221 0.0558845 0.000273743 0.00491635 0.00359147 0.0499082 0.00177299 0.00409776 0.000283756 0.043569 0.0465164 0.00898677 0.0085166 0.00498508 0.00813324 0.0100962 0.000571088 0.318147 0.0861469 0.000404036 0.0118847 0.20291 0.0416991 
0.000381981 0.0518188 0.00340013 0.0393682 0.000133263 0.0089989 0.00139472 0.0203394 0.00793046 0.00116104 0.000432854 9.01507e-05 0.00190624 0.00621434 0.039571 0.00322225 0.0042233 0.0181298 0.00737744 0.728885 0.0192977 9.82993e-06 0.00578357 0.0176504 0.0122794 
3.41234e-05 0.0278011 0.0224689 0.0237349 0.000483909 0.011618 0.00954774 0.0295039 0.00720601 0.00127217 0.000465603 1.24666e-06 0.00716299 0.00369384 0.0393425 0.000529986 0.00286406 0.00699765 0.024594 0.756533 0.0130234 7.78139e-07 0.00218566 0.00474083 0.00419409 
0.00246182 0.00171049 0.00405771 0.00887243 0.000866284 0.0023446 0.00195217 0.0213578 0.00406528 0.00270156 0.00117866 0.00144005 0.00407172 0.0135575 0.0618594 0.00336725 0.00345327 0.149592 0.00660512 0.528647 0.067631 1.63819e-06 0.0419854 0.0407263 0.0254938 
0.000699403 0.00355672 0.00148343 0.0148719 0.000334108 0.00122711 0.00545194 0.0603882 0.0015626 0.000611875 0.000353797 0.000786955 0.00413994 0.0091139 0.0693615 0.000116433 0.0031451 0.0323483 0.00138992 0.710577 0.0128032 4.88954e-06 0.0208638 0.0348909 0.00991699 
1.74446e-05 1.66669e-05 0.0686983 0.00186857 4.21282e-06 0.00135839 0.00579374 0.00376698 0.00119009 3.44525e-05 0.000241171 0.00094211 0.0163758 0.000594961 0.0897666 2.74185e-05 0.000172605 0.338149 0.00532132 0.434672 0.0138763 0.000682076 0.00279463 0.0109517 0.00268378 
0.0107017 0.00361176 0.00292508 0.00550926 0.00208975 0.000627571 0.00167279 0.00636291 0.0022686 0.0140834 0.000288359 0.0105941 0.140841 0.00885103 0.0739435 0.00748636 0.147423 0.0873067 0.013079 0.16198 0.0979712 2.0284e-06 0.0103925 0.128116 0.0618716 
0.00364957 0.0100049 0.0205539 0.104637 0.0010889 0.0346459 0.102468 0.0131762 0.105108 0.00437077 0.00134727 0.0133727 0.0572232 0.0162727 0.0275823 0.00528148 0.00605599 0.052687 0.0141547 0.138774 0.109453 0.000435664 0.0461098 0.0980686 0.0134786 
0.000390363 0.0134643 0.0281678 0.0116774 0.000123296 0.00528411 0.0048298 0.0247263 0.00809644 0.000659314 0.000289337 0.000145872 0.00712145 0.242976 0.181 0.00583632 0.00177996 0.0549989 0.0069551 0.327017 0.0217063 2.78269e-05 0.0206801 0.0137059 0.0183411 
1.78573e-05 0.0174432 0.00265856 0.00677289 6.54886e-05 0.0117621 0.00255127 0.0288937 0.0032754 0.000231102 1.377e-05 8.43979e-05 0.00336298 0.00915773 0.0329337 0.000328107 0.00420355 0.0184738 0.0479778 0.763904 0.0149296 8.8503e-06 0.00180804 0.0219889 0.00715297 
0.000281848 0.00111618 0.003097 0.0177942 0.00106174 0.00755162 0.0074132 0.028155 0.00377357 0.000391737 0.00851512 0.00513527 0.0289741 0.0132354 0.147037 0.000273603 0.0142326 0.0305211 0.00590343 0.50281 0.0376112 0.00477318 0.00168362 0.124291 0.00436725 
0.000490623 0.00558404 0.00602377 0.0196776 0.000139287 0.00765284 0.00415743 0.0447231 0.0197224 0.00028966 0.000177588 0.00026834 0.0109999 0.00507932 0.0323187 0.000276668 0.00238105 0.0120328 0.00426935 0.776288 0.0131358 2.01328e-05 0.0109041 0.0178974 0.00548952 
2.03006e-06 0.000428804 0.00151076 0.0140988 5.14957e-07 0.00476775 0.00798508 0.129373 0.00212936 0.000306813 0.000320211 0.000184602 0.0393398 0.0137032 0.139197 1.38454e-05 0.000174848 0.0659796 0.00378139 0.278571 0.205447 7.10744e-07 0.001401 0.0876233 0.00365979 
3.68483e-06 0.000554359 0.01608 0.0967183 0.00233334 0.000620408 0.0437762 0.2615 0.00486414 0.000211889 0.00146076 3.40671e-05 0.0394936 0.0020738 0.0572497 0.00434935 0.000405827 0.0102542 0.000504648 0.321062 0.106157 3.63596e-06 0.000431951 0.0287409 0.0011159 
0.00409681 0.00191432 0.00529054 0.00779931 0.00102744 0.00205827 0.00694821 0.00564606 0.00253307 0.00246686 0.00097082 0.000681629 0.0103389 0.0242837 0.254822 0.0175159 0.00570096 0.166656 0.0443928 0.256204 0.0234579 8.64575e-05 0.00282789 0.116551 0.0357296 
0.0175566 0.0180546 0.0151709 0.0315064 0.000106499 0.00567207 0.0035332 0.0421353 0.0104622 0.0060064 5.70394e-05 0.000440187 0.0873046 0.0245626 0.0843583 0.0157964 0.0316441 0.106595 0.0184401 0.310048 0.0984584 2.13258e-05 0.00349733 0.0522122 0.0163598 
0.000356107 0.00494595 0.00424098 0.0109011 0.000360333 0.0224695 0.00515881 0.0330191 0.00413034 0.00114449 0.00650944 0.00038827 0.0110862 0.00655279 0.172863 0.000191794 0.00104773 0.158623 0.00460683 0.39032 0.0435432 0.000163833 0.00483501 0.0600709 0.0524708 
0.0014994 0.00388267 0.0094161 0.0179397 0.00141086 0.00371469 0.00853752 0.0241553 0.00787997 0.00747625 0.00109279 0.000903477 0.0507542 0.0490748 0.0796604 0.00745706 0.0162908 0.139392 0.0791629 0.245143 0.0589004 0.000195972 0.0211435 0.0696171 0.0952982 
0.00173163 0.000412162 0.00295628 0.0411943 0.000164908 0.0027976 0.0630678 0.0147182 0.0370138 0.00134135 0.000812096 0.000645781 0.0171687 0.00321472 0.114886 0.000135868 0.000657236 0.215116 0.00410665 0.383552 0.0326437 7.50833e-05 0.0083844 0.0403231 0.01288 
0.00121805 0.0172497 0.0425588 0.034303 0.000270567 0.0109422 0.00951616 0.0373899 0.0214347 0.00164194 0.000759243 0.00221566 0.0800585 0.0170118 0.106418 0.000914359 0.00359204 0.202131 0.0136491 0.245141 0.0630597 0.000123367 0.0261495 0.0368487 0.0254031 
0.00425436 0.0011204 0.00105771 0.0203556 0.000756646 0.0097777 0.0249318 0.013119 0.00420877 0.00126761 0.000180918 0.000514263 0.00829495 0.00470344 0.232882 0.00120687 0.00196385 0.0313425 0.00366696 0.53829 0.0169887 5.537e-06 0.00302699 0.0577288 0.018354 
0.00222318 0.0162384 0.00199921 0.0175842 0.000679337 0.00945553 0.00220469 0.0198113 0.00310089 0.00162808 0.000584887 0.00298125 0.00768953 0.0751332 0.130082 0.00382512 0.00322102 0.146978 0.0957942 0.343084 0.0105884 0.00031187 0.00399229 0.0791561 0.0216531 
0.00379094 0.00547199 0.0353618 0.0404544 0.000793046 0.00786394 0.0110826 0.0594089 0.013683 0.000894357 0.000950843 0.00442092 0.0294509 0.0289117 0.166128 0.00107757 0.0179439 0.076241 0.00487115 0.195149 0.120268 1.80731e-05 0.0175072 0.120972 0.0372842 
0.0059905 0.000250906 0.128159 0.0152826 0.000637801 0.00307848 0.00675884 0.0231038 0.00445001 0.000207549 0.00386668 4.38363e-05 0.097784 0.00240636 0.173569 4.5347e-06 0.0144595 0.171423 0.00609775 0.18614 0.0212585 1.02067e-05 0.0304122 0.0873183 0.0172869 
0.0011614 0.00906399 0.0400643 0.0129232 0.00397209 0.00305825 0.0189671 0.111463 0.00389182 0.00195794 0.00125972 0.00260134 0.0223447 0.0172289 0.185972 0.00233812 0.00585535 0.135133 0.0108978 0.187721 0.0870598 0.000101945 0.0137537 0.0980256 0.0231838 
0.00355374 0.0219605 0.00495413 0.0102342 0.000351011 0.00620473 0.00819846 0.0064547 0.00298657 0.00399272 0.000364803 0.00227075 0.00657736 0.054366 0.107527 0.0762522 0.00318972 0.103333 0.00405188 0.334093 0.0423594 4.69129e-05 0.00951202 0.130594 0.0565714 
0.000238921 0.00193729 0.00612679 0.00608756 0.000683516 0.0038025 0.00375379 0.0377458 0.00827245 0.00016857 0.000679419 0.000242226 0.00835414 0.00634608 0.172348 0.000169407 0.00236017 0.275782 0.00435932 0.352965 0.0400901 0.000282154 0.00417777 0.0470173 0.0160096 
9.05335e-05 0.0126702 0.00853862 0.0510072 0.000154574 0.00848037 0.00112713 0.0118543 0.00780673 0.00406547 0.000158566 2.99725e-05 0.0163304 0.00343788 0.0263625 0.109441 0.14767 0.0463711 0.0204003 0.221087 0.0633551 1.01535e-05 0.0023327 0.2158 0.0214181 
3.69912e-06 0.00161245 0.000131615 0.00255499 0.00045041 0.0173278 0.00191384 0.00198426 0.00303563 8.92875e-06 3.01884e-05 7.19612e-05 0.058163 0.0267295 0.0789222 1.25535e-05 0.0259567 0.0438153 0.0456899 0.337207 0.0856569 0.000226062 0.00230741 0.200346 0.0658418 
0.0120018 0.0013721 0.00390621 0.0342337 0.000589811 0.00949832 0.00431109 0.00675855 0.00616176 0.0185508 0.000124638 0.000753524 0.022285 0.00304144 0.053482 0.0120995 0.0184055 0.172602 0.0100665 0.489179 0.0200504 6.16126e-05 0.0327538 0.040462 0.0272484 
0.00479474 0.000854835 0.0717891 0.0308867 0.000738118 0.00401185 0.00285494 0.0237471 0.00281726 0.0216851 0.000422177 0.016311 0.113085 0.00512563 0.0173784 0.00960473 0.159074 0.12041 0.00987433 0.16869 0.0147625 7.4679e-06 0.011163 0.150461 0.0394509 
0.00808166 0.00717825 0.00533458 0.0148335 0.000836828 0.00365985 0.0648457 0.00391179 0.00776147 0.00246376 0.00120858 0.000914421 0.027066 0.0103041 0.0876715 0.0032812 0.0124068 0.311307 0.00705339 0.319575 0.0490427 0.000203234 0.00812715 0.0267747 0.0161575 
0.00227535 0.0034154 0.00237704 0.0154829 0.000555129 0.00130097 0.0104244 0.0115336 0.00231095 0.00166244 0.000419745 0.0010859 0.00850407 0.0238657 0.20264 0.00272185 0.00305825 0.118328 0.0128147 0.386388 0.0292655 1.63127e-05 0.0456363 0.0457488 0.0681689 
0.000327681 0.00219629 0.00392369 0.0371854 9.55475e-05 0.00203259 0.0246539 0.0109505 0.00949226 0.000412746 0.000125038 4.91103e-06 0.00494445 0.00798812 0.111143 5.22325e-06 0.00114533 0.0630615 0.0036177 0.602052 0.0407221 1.10231e-05 0.0186796 0.0325154 0.0227133 
0.000952552 0.00467499 0.00431019 0.0215447 0.000278668 0.00707391 0.0244026 0.0141775 0.00628914 0.000653048 0.000322464 0.000421546 0.0169742 0.0170725 0.0814966 0.000681446 0.0213944 0.138873 0.00858625 0.476011 0.0923982 0.000149106 0.0278293 0.0161869 0.0172459 
0.00426298 0.000502335 0.00480813 0.0241932 0.00117681 0.00576975 0.00592449 0.00622481 0.0107083 0.00182083 0.00159013 0.00216759 0.0470615 0.008383 0.0428318 0.0167438 0.0109346 0.195909 0.00934252 0.221022 0.142558 2.25112e-05 0.0592582 0.141825 0.0349575 
0.00424902 0.0521891 0.00569698 0.0145266 0.0288045 0.00354516 0.00406085 0.0138703 0.00236648 0.00327986 0.00251891 0.00339711 0.016802 0.0128634 0.235884 0.0089292 0.00525515 0.0854479 0.0102852 0.270732 0.0107457 0.000142365 0.00959487 0.168844 0.0259698 
6.9522e-05 0.0258851 0.171886 0.0173882 5.39688e-07 0.0040506 0.0143798 0.0238503 0.0472058 0.00014356 0.00173184 3.18197e-07 0.0575644 0.00395214 0.135165 1.34774e-06 0.00150009 0.0395795 0.00388304 0.237007 0.0948826 9.91257e-05 0.000518212 0.114744 0.00451173 
0.00147257 1.1327e-06 0.048727 0.0762705 0.126133 0.0167698 0.0271933 0.0184706 1.13307e-06 1.13261e-06 1.13109e-06 1.13237e-06 0.107434 0.0273083 0.0591613 1.13318e-06 1.1329e-06 1.13335e-06 0.0106521 0.251591 0.0825024 1.13219e-06 1.13323e-06 0.0559868 0.090316 
0.00591638 0.00609005 0.00905331 0.0191359 0.00101228 0.0030824 0.0178323 0.0553537 0.0108813 0.0032903 0.00171262 0.00213853 0.0278971 0.0154546 0.132941 0.010278 0.00403673 0.204574 0.0152307 0.252491 0.0450239 0.000562131 0.0121058 0.128149 0.0157571 
0.00176133 0.00508438 0.0117971 0.0171147 0.00126154 0.00738743 0.0145234 0.0804768 0.00793853 0.00506225 0.000900502 0.00190732 0.0365872 0.0199576 0.113641 0.00414252 0.00555338 0.192023 0.0153054 0.216215 0.047826 0.000124708 0.019236 0.14161 0.0325624 
0.00336018 0.00408277 0.0157396 0.0345252 0.000462696 0.0633982 0.00505094 0.00376647 0.005728 0.00139395 0.000286806 0.000224077 0.00330084 0.0190623 0.0704999 0.000273636 0.00051415 0.246412 0.0589634 0.373502 0.0487425 4.74824e-06 0.024545 0.00726113 0.00889992 
0.000206573 0.00729804 0.004548 0.0266027 0.00189125 0.00423613 0.01832 0.0653037 0.00295309 0.000369403 0.000334298 0.000105856 0.0103058 0.0156652 0.0964626 8.28669e-05 0.0319716 0.126391 0.0394242 0.32686 0.0257934 2.08536e-05 0.00164057 0.187943 0.00526988 
0.0029436 0.00585338 0.0154065 0.030809 0.000976028 0.00851588 0.0276844 0.00331681 0.0319504 0.00113741 0.00065263 0.000804124 0.0211035 0.0088422 0.123428 0.00699389 0.0177272 0.178583 0.0255162 0.182384 0.113919 0.000117581 0.0262795 0.0345335 0.130522 
0.00791961 0.00392185 0.0113199 0.018359 0.00826598 0.00471146 0.0254215 0.012987 0.00788327 0.00346055 0.000303499 0.00031498 0.00599721 0.0152592 0.244553 0.000589992 0.00306712 0.139163 0.0187934 0.324155 0.0525608 3.07105e-05 0.00711994 0.0647528 0.0190884 
0.00409681 0.00191432 0.00529054 0.00779931 0.00102744 0.00205827 0.00694821 0.00564606 0.00253307 0.00246686 0.00097082 0.000681629 0.0103389 0.0242837 0.254822 0.0175159 0.00570096 0.166656 0.0443928 0.256204 0.0234579 8.64575e-05 0.00282789 0.116551 0.0357296 
0.00632626 0.0683106 0.00510335 0.0192507 2.27395e-05 0.00722917 0.00565851 0.0109802 0.00434854 0.000564998 0.00274242 0.00010011 0.00561859 0.0130099 0.0570219 5.62815e-05 0.00215518 0.0716248 0.122275 0.542547 0.0211915 0.000185978 0.00143315 0.025992 0.0062509 
0.000963055 0.0110178 0.000318201 0.00164623 0.0112221 0.00221057 0.000381277 0.0366698 0.000516896 0.00369022 0.00103609 0.000632924 0.00645411 0.153731 0.0530138 0.000190922 0.00198388 0.173672 0.0946282 0.239585 0.0142456 4.63227e-07 0.00576093 0.178926 0.00750361 
0.000597687 0.00134858 0.00498238 0.0132824 0.000504521 0.00227167 0.00356963 0.00731772 0.00545038 0.00123938 0.00045357 0.000424314 0.00385816 0.0136152 0.286631 0.000309807 0.000664098 0.147934 0.0018871 0.289372 0.0212807 0.000133615 0.0761647 0.0463685 0.0703393 
0.00409681 0.00191432 0.00529054 0.00779931 0.00102744 0.00205827 0.00694821 0.00564606 0.00253307 0.00246686 0.00097082 0.000681629 0.0103389 0.0242837 0.254822 0.0175159 0.00570096 0.166656 0.0443928 0.256204 0.0234579 8.64575e-05 0.00282789 0.116551 0.0357296 
0.00207421 0.0101281 0.0317065 0.030222 0.00390734 0.00841966 0.0205486 0.0244473 0.012616 0.00478671 0.000748496 0.00258894 0.0920307 0.0294542 0.146347 0.0048099 0.0105992 0.149347 0.0186482 0.198269 0.0472556 0.000258673 0.0177914 0.0975635 0.0354314 
8.71858e-06 0.000960118 0.00802543 0.020238 6.36554e-07 0.0064293 0.0155676 0.117238 0.00533806 0.00122482 0.000412975 2.74304e-05 0.200061 0.0118906 0.0364663 1.33141e-05 0.00714414 0.102609 0.00441516 0.349765 0.0916605 0.000184336 0.000295957 0.0113205 0.00870344 
0.000471513 0.00346911 0.0058362 0.0344544 0.00128543 0.00759925 0.0123019 0.108961 0.0138069 0.00510887 0.00793773 0.0039971 0.0145875 0.0208328 0.121079 0.00739806 0.00994409 0.0624744 0.0326691 0.222755 0.100398 0.00122512 0.00833673 0.166267 0.0268041 
0.000196576 0.00145503 0.00870402 0.0111168 0.00548642 0.00312267 0.101419 0.0491962 0.0398058 0.00903853 0.00136477 0.000224859 0.0569839 0.0199719 0.101201 2.28407e-05 0.00223304 0.156106 0.00178995 0.164232 0.141042 0.000138731 0.00215673 0.0963087 0.0266831 
0.00808166 0.00717825 0.00533458 0.0148335 0.000836828 0.00365985 0.0648457 0.00391179 0.00776147 0.00246376 0.00120858 0.000914421 0.027066 0.0103041 0.0876715 0.0032812 0.0124068 0.311307 0.00705339 0.319575 0.0490427 0.000203234 0.00812715 0.0267747 0.0161575 
0.00191051 0.0511683 0.00146821 0.054349 0.000167698 0.00218771 0.0466972 0.162389 5.36743e-05 0.0112668 0.000185437 0.00722645 0.0102391 0.00798647 0.129598 0.00456095 0.0111171 0.0232381 0.00311188 0.164071 0.0055382 3.79723e-07 0.000606363 0.143612 0.157251 
0.00307224 0.000530818 0.00325336 0.0250019 0.000732764 0.000899276 0.0552609 0.0324801 0.00643871 0.00277289 0.00675009 0.000411135 0.072964 0.00259106 0.184737 0.000202024 0.00632462 0.103712 0.00253393 0.341209 0.0258989 1.91296e-05 0.0027967 0.110073 0.00933482 
0.00090867 0.00177692 0.0108784 0.0366902 0.00813688 0.0042764 0.0275705 0.0701049 0.0176498 0.000626421 0.000490135 0.000675191 0.0526773 0.00420076 0.0615501 0.0058956 0.0111492 0.14816 0.0288559 0.247972 0.150488 5.33813e-05 0.0173079 0.0783724 0.0135326 
0.00134757 0.00158118 0.000877166 0.00455727 0.000371604 0.00307739 0.000808731 0.0055279 0.00205874 0.000690804 0.00788787 0.000888074 0.0580436 0.0260754 0.0254429 0.000378174 0.00160512 0.170762 0.0279187 0.510739 0.0443809 0.00516139 0.0051942 0.0786552 0.0159697 
3.49793e-06 1.64625e-06 6.04078e-07 3.38493e-07 2.67393e-06 0.000369912 0.014506 0.014804 0.0167773 1.83244e-06 5.26486e-06 2.39725e-06 0.00174411 0.00386221 2.00912e-07 0.00362742 0.00047051 1.6908e-07 7.79923e-07 0.873182 0.0395968 2.80035e-06 4.40505e-07 0.00407402 0.0269632 
0.0120018 0.0013721 0.00390621 0.0342337 0.000589811 0.00949832 0.00431109 0.00675855 0.00616176 0.0185508 0.000124638 0.000753524 0.022285 0.00304144 0.053482 0.0120995 0.0184055 0.172602 0.0100665 0.489179 0.0200504 6.16126e-05 0.0327538 0.040462 0.0272484 
0.00412078 0.0273833 0.0153328 0.112102 0.00121643 0.0203144 0.0109356 0.0362292 0.0448319 0.00257745 0.000318937 0.000577928 0.0135718 0.00511147 0.0732108 0.0139694 0.00792971 0.0438308 0.0201193 0.395303 0.0670557 2.62528e-05 0.00924127 0.014841 0.0598485 
0.00248975 0.0259985 0.0143778 0.0155291 0.000833593 0.00108187 0.0509116 0.0175122 0.0026206 0.0101006 0.000591426 0.00248526 0.00292332 0.0129039 0.103712 0.0053031 0.00340035 0.0435659 0.00421589 0.453529 0.0326112 1.811e-05 0.0104908 0.0488744 0.133919 
0.00170157 0.00105757 0.0028266 0.0310601 0.000533391 0.000464316 0.000925012 0.00611211 0.00146529 0.00827088 0.00048153 0.00124976 0.0178985 0.0487494 0.0908137 0.0107602 0.00256657 0.0551765 0.00414444 0.597685 0.00640567 1.02563e-05 0.0030833 0.0388303 0.0677279 
0.000601019 0.00269102 0.00597457 0.00805219 0.000681209 0.00516277 0.00224653 0.00798313 0.00172337 0.000185124 0.000421882 0.000523374 0.00785138 0.00857186 0.218917 0.000671042 0.00096869 0.23683 0.00607584 0.285293 0.131006 1.54564e-05 0.0106265 0.0408343 0.0160929 
6.08526e-07 0.00247453 0.000646298 0.014616 0.000121163 0.0045253 0.00250084 0.0411032 0.0059766 0.00206279 0.000160106 8.95209e-09 0.00350633 0.00173758 0.216427 0.00876148 0.0146515 0.0113101 0.0485589 0.413803 0.0320497 5.54978e-08 6.45661e-05 0.0274364 0.147506 
9.51608e-06 0.00167475 0.00568126 0.0398379 4.38685e-05 0.00500033 0.0020758 0.012437 0.185297 0.000269826 0.000162172 1.25393e-06 0.0145576 0.000643773 0.00731288 0.255698 0.0459085 0.0248313 0.00705233 0.316505 0.0138113 6.9018e-06 0.00184082 0.00315954 0.0561822 
0.000164261 0.0302164 0.00477679 0.0402986 0.00706952 0.00676562 0.036815 0.102734 0.00781238 0.00647651 8.04417e-05 0.00203869 0.00787249 0.00440131 0.0991331 0.0109798 0.0508192 0.0343447 0.0139542 0.392449 0.0260498 1.44893e-05 0.00486566 0.0889149 0.0209529 
6.28531e-06 7.46102e-05 0.000594528 0.00246122 1.09233e-05 4.12613e-05 0.00594078 0.105455 0.000103123 0.000106337 7.83317e-06 1.92979e-06 0.0064401 0.0133171 0.0736434 4.50225e-06 5.70358e-05 0.0352077 0.0114358 0.612789 0.0104325 7.41623e-08 0.00147077 0.0808244 0.0395744 
0.00159619 0.00140251 0.00386578 0.00366135 0.000583681 0.00571058 0.00227724 0.000780375 0.00295815 0.00177096 0.000444961 0.000418231 0.0131162 0.025458 0.095786 0.000827387 0.0096564 0.144346 0.117688 0.448876 0.0337538 6.6833e-05 0.00357161 0.038071 0.0433136 
2.0056e-05 0.0171814 0.00165721 0.0042156 7.00176e-05 0.000604883 0.00286775 0.0454059 0.125356 0.000420208 0.000145971 6.8998e-06 0.0191722 0.000241963 0.00521037 0.254697 0.0584673 0.0198379 0.00420283 0.385918 0.021732 3.14752e-05 0.00233417 0.00235884 0.0278436 
0.00360018 0.00982314 0.00379081 0.0305803 0.0232633 0.00210414 0.00159283 0.00389134 0.00263166 0.00296463 0.00115479 0.00237141 0.0038476 0.00857137 0.208006 0.00766132 0.00836024 0.054181 0.00539598 0.322816 0.00810988 9.16638e-05 0.00401107 0.127163 0.154016 
0.000918639 0.00623085 0.000246781 0.00386224 2.98554e-05 0.000658631 0.000819261 0.0403279 0.000238032 0.00847383 8.96798e-05 0.00025589 0.0275326 0.0891609 0.0954072 0.00015987 0.00359995 0.0935419 0.00620143 0.495255 0.00331991 2.81716e-06 0.0233865 0.0359446 0.0643356 
0.000329508 0.00196015 0.0096218 0.00655287 0.00106096 0.00431701 0.00394234 0.00627322 0.003807 0.0029842 0.00393976 0.000347524 0.0250881 0.019301 0.0739077 0.00042686 0.006084 0.156087 0.0366458 0.530665 0.0414924 0.000170109 0.0075396 0.048782 0.00867403 
0.00136133 0.0637181 0.00378925 0.004698 0.000404141 0.00973759 0.00308416 0.023257 0.00160756 0.00218731 0.000390526 0.00989631 0.0196188 0.194877 0.12841 0.00337721 0.00630779 0.0401088 0.0040522 0.257192 0.0247984 6.34131e-05 0.0200672 0.128124 0.0488724 
0.00343654 0.00108672 0.0139725 0.0310449 0.000678939 0.00615372 0.00506503 0.0021463 0.00498286 0.00336708 0.000511087 0.00167587 0.0665172 0.0300222 0.0381249 0.00345656 0.0115052 0.181865 0.0100373 0.377571 0.0702137 0.00134449 0.00686037 0.0550688 0.0732923 
0.00101945 0.000722795 0.000281228 0.000216125 2.25476e-06 0.000167788 0.000376123 0.00325949 7.14078e-05 0.000794278 0.000154155 4.01647e-06 0.000486454 0.0243395 0.0801521 0.00020214 0.0100976 0.243786 0.00514101 0.528454 0.00514873 1.14318e-09 0.000344647 0.077096 0.0176822 
0.00208626 0.0023211 0.00768693 0.0365283 0.000749907 0.0056563 0.00534324 0.00506839 0.00847582 0.00118244 0.0003788 0.000931995 0.010512 0.00930068 0.148785 0.0148826 0.00930797 0.155481 0.0152148 0.366575 0.0231002 0.000125377 0.00881191 0.0894828 0.072011 
0.000189918 0.0465056 0.00517795 0.0145577 0.000589648 0.010064 0.00257834 0.0110554 0.0147562 0.00171973 0.000124674 8.11691e-05 0.0228896 0.00858614 0.0645185 0.000151704 0.000760903 0.0582723 0.0151101 0.58566 0.0607821 3.82218e-06 0.00335349 0.0591237 0.0133876 
0.000953112 0.00758167 0.0212827 0.0423603 0.000230858 0.0135993 0.0177302 0.0323045 0.0149798 0.00192195 0.00110642 0.00112659 0.0691736 0.0182764 0.10566 0.0068664 0.0154699 0.151111 0.0281144 0.202703 0.115174 9.46107e-05 0.016392 0.0930655 0.0227218 
1.10612e-05 6.25509e-05 7.65952e-05 0.010542 0.0172726 7.47986e-05 0.0489942 0.0182127 0.00410696 0.00297985 0.0133159 1.40945e-05 0.121649 0.000104374 0.0355737 4.07928e-06 0.00147931 0.000142782 0.000142727 0.474705 0.25022 0.000105174 0.000102641 3.89641e-05 6.83402e-05 
0.000572806 0.00168024 0.00178365 0.00174675 0.00102198 0.00135749 0.00259159 0.0432873 0.0010308 0.000277857 0.000632993 0.000770196 0.00378585 0.00723493 0.132116 0.000523307 0.0014532 0.306395 0.00686575 0.360597 0.0167152 7.72739e-07 0.0135069 0.0819514 0.0121018 
0.00229479 0.0123558 0.00788682 0.0303444 0.000453509 0.013662 0.0100239 0.129255 0.00725831 0.00390732 0.00199597 0.00052532 0.0254931 0.0922797 0.0965256 0.000462179 0.00161902 0.144797 0.0787454 0.185846 0.0508802 0.000110051 0.0162979 0.0653989 0.0215819 
0.00234306 0.0019833 0.00300296 0.0044347 0.000423676 0.000392481 0.00309935 0.0464899 0.00122081 0.00234136 2.52148e-05 0.00123074 0.00769503 0.00152415 0.0125366 0.00053788 0.00849495 0.0151358 0.0169329 0.691725 0.00680896 9.1348e-08 0.000479823 0.164683 0.00645788 
0.00266335 0.028416 0.0472508 0.0431214 0.00182381 0.00852974 0.0559993 0.019228 0.0187783 0.0210361 0.000296613 0.00018663 0.052679 0.123461 0.109784 0.00698246 0.0037956 0.0756252 0.0317537 0.193024 0.0549168 0.000864565 0.0164262 0.0307892 0.0525679 
0.00298896 0.011451 0.0145832 0.0206022 0.00218141 0.0145272 0.00555383 0.0392752 0.00799601 0.00183499 0.00106778 0.000800537 0.0189086 0.0729655 0.121365 0.00188892 0.00859068 0.172844 0.0720525 0.230448 0.0366202 0.000143054 0.015956 0.0782649 0.0470909 
0.00426198 0.00746535 0.0258823 0.0300267 0.00542678 0.00931929 0.0231191 0.0864665 0.0178239 4.42514e-05 0.000365265 1.77124e-05 0.0357314 0.0082562 0.15389 7.62804e-06 0.00220264 0.173552 0.00780435 0.236288 0.0826311 0.000509333 0.0201695 0.0596088 0.00913012 
0.00113645 0.00384108 0.00999113 0.0193591 0.00161478 0.00507939 0.0116291 0.114159 0.00602889 0.00211939 0.00181927 0.00547616 0.062859 0.0179028 0.118606 0.0042044 0.00746382 0.202929 0.0217254 0.22109 0.0425229 0.00107097 0.0140769 0.0911163 0.0121795 
0.000288614 0.00314524 0.0100269 0.0111551 0.000637785 0.00298986 0.00652977 0.0582502 0.00326556 0.000336689 0.000608776 0.000115875 0.00888491 0.0107428 0.0604019 0.000179119 0.00117664 0.104819 0.00165454 0.456816 0.087799 4.26691e-06 0.0169354 0.148043 0.00519344 
0.000130743 0.0324507 0.00458861 0.0240261 0.000692301 0.0155449 0.0446412 0.163144 0.00655355 2.96721e-05 0.00342697 4.10171e-06 0.0174411 0.0110626 0.121337 5.52279e-05 0.00241734 0.0333012 0.0186732 0.350857 0.0498617 4.04331e-05 0.011323 0.0585664 0.0298309 
0.00108199 0.000896906 0.0019638 0.0113533 0.0021459 0.000977926 0.0151109 0.116349 0.00117842 0.00136473 0.000225998 0.00025219 0.047469 0.00389958 0.0287413 0.000581033 0.000302858 0.133542 0.00264445 0.572481 0.0218977 6.75036e-06 0.0199195 0.0129325 0.00268038 
6.9522e-05 0.0258851 0.171886 0.0173882 5.39688e-07 0.0040506 0.0143798 0.0238503 0.0472058 0.00014356 0.00173184 3.18197e-07 0.0575644 0.00395214 0.135165 1.34774e-06 0.00150009 0.0395795 0.00388304 0.237007 0.0948826 9.91257e-05 0.000518212 0.114744 0.00451173 
3.63465e-05 0.00287061 0.00469434 0.0200835 0.00012938 0.00167344 0.0153634 0.139032 0.00337483 0.000117337 4.68892e-05 4.27494e-05 0.00650264 0.0385225 0.0556172 6.50414e-06 6.57925e-05 0.0501348 0.00289492 0.463259 0.0109643 3.35242e-05 0.040275 0.141244 0.00301525 
0.000300228 0.00132949 0.0127576 0.0216648 0.000809458 0.00847967 0.0111987 0.00683582 0.00785831 0.00549249 0.00730695 0.00586394 0.20333 0.00614189 0.088039 0.00094793 0.0147568 0.148096 0.00190345 0.270926 0.0870921 4.04327e-05 0.00970528 0.0506993 0.0284238 
1.40056e-05 0.000152492 0.0419347 0.0697319 1.91858e-06 0.0140552 0.0123927 0.0322555 0.000783144 0.000317848 3.6121e-05 0.00171131 0.0201948 0.00977744 0.242398 0.0580475 0.000497701 0.064314 0.00413425 0.276564 0.0398463 1.56045e-05 0.00448765 0.101571 0.00476529 
0.0049251 0.00134721 0.00645066 0.0868453 0.00131577 0.00268982 0.0267661 0.0148529 0.0104038 0.000452471 0.000697835 0.000326045 0.126764 0.0106115 0.097899 0.000388169 0.00545274 0.150327 0.00527909 0.175438 0.0340947 4.14772e-06 0.0671769 0.156294 0.0131976 
0.0947252 0.0386916 0.00378306 0.00131675 0.00140863 0.00215906 0.00595695 0.0587918 0.00091181 0.0617164 0.000348567 0.00164003 0.158531 0.0165188 0.0961299 0.0047336 0.0252199 0.0739949 0.00662427 0.204944 0.0169639 0.0100093 0.00204001 0.102749 0.0100922 
4.06786e-05 0.00211148 0.00915319 0.0075562 0.000188055 0.00285381 0.00578623 0.00981451 0.175302 3.98341e-05 0.000307291 8.67881e-06 0.0140771 0.000925502 0.0672336 0.187963 0.0357739 0.0831322 0.0097077 0.234484 0.047416 0.00017106 0.0115411 0.00377955 0.0906325 
0.00450726 0.00113617 0.00201523 0.00552768 0.00075589 0.000313195 0.00382328 0.0866947 0.000589493 0.00231222 0.000354477 0.00180353 0.00283426 0.00462398 0.111707 0.00450942 0.0125982 0.0869799 0.0028268 0.580239 0.00763049 3.071e-05 0.00212949 0.0557415 0.0183164 
0.00456965 0.00386239 0.0572017 0.0092501 0.000174492 0.00392473 0.00393105 0.00054883 0.0089827 0.000511693 0.00104579 0.000137247 0.00523131 0.00528137 0.239029 0.000175832 0.00153709 0.260672 0.0251889 0.265285 0.0733663 1.00776e-05 0.011789 0.00979825 0.00849516 
1.48783e-06 0.0333476 0.00770781 0.00719718 6.6094e-05 0.0211976 0.00756888 0.110292 0.00411331 0.0206714 5.08613e-05 2.53121e-06 0.0647263 0.00162639 0.0568918 0.00186755 0.0331755 0.0445604 0.0274527 0.341873 0.172009 7.34227e-06 0.00474006 0.0279444 0.0109089 
0.0120018 0.0013721 0.00390621 0.0342337 0.000589811 0.00949832 0.00431109 0.00675855 0.00616176 0.0185508 0.000124638 0.000753524 0.022285 0.00304144 0.053482 0.0120995 0.0184055 0.172602 0.0100665 0.489179 0.0200504 6.16126e-05 0.0327538 0.040462 0.0272484 
0.0017482 0.0152422 0.0143493 0.0159429 0.00186224 0.0119811 0.00657701 0.138914 0.00634556 0.0066169 0.000525887 0.00497502 0.0326461 0.050749 0.0400412 0.0402269 0.035216 0.140477 0.0331267 0.186077 0.0316361 0.000169425 0.0212689 0.132828 0.0304579 
1.54285e-05 0.023184 0.00253719 0.00320601 0.00716739 0.00252986 5.94805e-05 0.0264174 0.000257164 8.74767e-06 0.00540848 5.82357e-05 0.00310996 0.0172099 0.00355288 7.36926e-05 0.000589186 0.0315934 0.0597696 0.719386 0.025189 1.68773e-06 0.0026492 0.0641325 0.00189343 
0.000336725 0.0080813 0.00389133 0.00450827 0.00102242 0.00143969 0.000265184 0.0111973 0.00113953 0.00116607 0.000756256 0.000373181 0.00765989 0.12609 0.0495875 0.000400951 0.0062265 0.128928 0.181997 0.333196 0.0414241 1.01288e-06 0.00356479 0.0734882 0.0132597 
0.000728882 0.000861969 0.00660093 0.0511527 0.000251917 0.00314515 0.00316535 0.00905129 0.00271796 0.000708271 0.000691907 0.00133797 0.01234 0.00315146 0.123083 0.00105612 0.00248887 0.166399 0.00313311 0.534619 0.0245131 2.60275e-06 0.00968475 0.0297121 0.00940261 
0.000550708 0.000879188 0.0156983 0.0169978 0.000222977 0.0096739 0.0175037 0.0397278 0.0487109 0.000268719 0.00232223 0.000850618 0.0413537 0.00734543 0.158318 0.000428445 0.000859167 0.163941 0.0131019 0.33859 0.0260529 7.85951e-05 0.0462095 0.027949 0.0223648 
9.56225e-08 4.7623e-07 0.179025 0.0895276 2.58608e-08 0.076477 0.194058 5.94519e-07 0.0329819 0.00110072 0.000752567 0.00208227 0.0438612 0.000491572 2.30846e-06 0.000166925 0.000240582 0.0330599 0.000433849 0.203629 0.0854446 5.4173e-09 0.00725815 0.0415565 0.00784825 
1.35378e-05 0.0130423 0.000777894 0.0980028 0.000230344 0.0030074 0.00298444 0.01046 0.0106498 0.00170929 5.07687e-05 2.69473e-08 0.0109777 0.00116223 0.0160549 0.316345 0.0627268 0.00758532 0.01446 0.360288 0.0157894 1.95573e-05 0.00135797 0.00430654 0.0479979 
0.000308058 7.43822e-05 0.000243652 0.016633 1.10044e-05 0.00336742 0.0079196 0.156479 0.0103962 0.00106961 0.000138129 6.69268e-06 0.0129063 0.202944 0.0186831 9.27706e-07 6.25662e-06 0.0211637 0.00102159 0.480619 0.0154294 0.000107848 0.0223261 0.0267154 0.00142958 
0.0147923 0.00343558 0.0171313 0.00829678 0.0155491 0.00510489 0.00616607 0.0437831 0.00262543 0.0293233 0.000401869 0.0082826 0.0916249 0.0159938 0.100145 0.014744 0.00436582 0.143686 0.0165364 0.231576 0.0711337 0.000456937 0.024989 0.117362 0.0124946 
0.00205115 0.00228091 0.00625824 0.0167762 0.000592232 0.00377936 0.00852214 0.0113817 0.014516 0.00817928 0.000677521 0.00452407 0.0417839 0.0105186 0.0482908 0.00339583 0.00523956 0.269357 0.00649072 0.295763 0.0887209 0.000147821 0.0223557 0.112789 0.0156084 
1.07786e-05 0.000868722 0.00542374 0.0201144 0.0167318 0.00135586 0.00508977 0.0311224 0.00642614 2.89056e-05 0.000326169 9.85502e-06 0.0164083 0.053283 0.104951 1.95941e-06 7.91626e-05 0.0472816 0.0720017 0.349142 0.0866434 0.00342053 0.0822377 0.0890983 0.00794341 
1.47547e-11 0.000217413 0.00194583 0.00191541 1.28096e-07 0.00419166 0.0016872 0.00821341 0.000882373 2.16384e-08 0.000209641 1.58221e-09 5.94882e-07 0.00754772 0.370935 2.35362e-12 8.75677e-09 0.099244 5.05256e-09 0.445532 0.0435005 1.18122e-11 1.14698e-07 0.00897409 0.0050029 
1.35378e-05 0.0130423 0.000777894 0.0980028 0.000230344 0.0030074 0.00298444 0.01046 0.0106498 0.00170929 5.07687e-05 2.69473e-08 0.0109777 0.00116223 0.0160549 0.316345 0.0627268 0.00758532 0.01446 0.360288 0.0157894 1.95573e-05 0.00135797 0.00430654 0.0479979 
6.34897e-05 0.00834277 0.000642445 0.00795187 0.000176708 0.00344005 0.00618623 0.132977 0.0021151 0.00377 0.000198444 6.73497e-05 0.0273901 0.0107176 0.115459 0.000289063 0.000867097 0.155951 0.026497 0.372909 0.0328851 6.3668e-05 0.0130987 0.0709299 0.00701091 
0.00383065 0.00139469 0.00908319 0.157685 0.00260411 0.00542973 0.0584385 0.0248551 0.0124259 0.0027825 0.00134389 0.00651763 0.0963074 0.0122161 0.178783 0.000478986 0.0272 0.0430142 0.0061741 0.215195 0.0513464 9.76025e-05 0.0187785 0.0474478 0.0165705 
9.55912e-07 0.00197881 0.0175527 0.100618 3.24627e-05 0.00933468 0.0585806 0.0899919 0.0691399 6.34047e-05 7.84682e-05 0.000116529 0.0754738 0.013112 0.0835179 5.66329e-06 0.000110514 0.12684 0.00191672 0.154737 0.13441 6.02128e-07 0.0085701 0.0137129 0.0401035 
0.0136848 0.0519811 0.00759273 0.0597173 0.00166436 0.0310955 0.0222708 0.00808038 0.0213693 0.00134052 0.0027188 0.00111655 0.0159434 0.022298 0.197452 0.00203796 0.00263261 0.166197 0.0175472 0.197771 0.0617389 0.000366889 0.0136511 0.0453607 0.0343711 
0.00209528 0.00192332 0.00499781 0.00847076 0.000689532 0.00273513 0.00493366 0.00844644 0.0147957 0.000862301 0.00129203 0.000651072 0.0222791 0.00891077 0.0831151 0.0010668 0.00450179 0.287132 0.0112134 0.334713 0.0425769 0.000353639 0.0118502 0.128729 0.0116645 
0.00423172 0.0103428 0.00185503 0.00846683 0.00138462 0.00193003 0.0058003 0.00324035 0.00116067 0.00373059 0.00134883 0.00329341 0.00854606 0.083313 0.101404 0.00881732 0.00641642 0.12481 0.0639513 0.197024 0.0238792 0.000106273 0.0123295 0.175989 0.146629 
0.00120443 0.00258232 0.00667955 0.024883 0.000389224 0.00227835 0.0287973 0.0133257 0.00240328 0.000353833 0.000201566 0.00057959 0.0119545 0.00327656 0.210302 0.00408209 0.00138677 0.0271244 0.00448019 0.516232 0.0334774 0.000100961 0.0104471 0.0876447 0.00581278 
0.000396638 0.00211716 0.0359384 0.0377855 5.92195e-05 0.0138885 0.158813 0.00148478 0.00672576 0.000969656 0.00329568 5.50114e-05 0.139849 0.0233393 0.108595 0.000134385 0.0570716 0.0546828 0.108709 0.16309 0.0293179 0.00129884 0.00172433 0.0365974 0.0140616 
0.00029254 0.122958 0.00497409 0.0182938 0.000188304 0.0303353 0.00508598 0.0178115 0.00386394 0.00944065 0.000326559 0.00781154 0.122517 0.026731 0.0184288 0.00336271 0.00294005 0.00743396 0.00569909 0.232182 0.125652 2.3246e-06 0.00139736 0.0738026 0.158469 
0.000320115 0.00143171 0.00733089 0.005623 0.000517437 0.0044595 0.0161618 0.00698041 0.0092921 0.000419773 0.0038704 0.000136762 0.00192414 0.00275875 0.0552731 0.000171545 0.0119949 0.205508 0.00254267 0.436611 0.0868591 9.73089e-05 0.00565683 0.129316 0.00474224 
0.00492796 0.0027152 0.00440632 0.0166713 0.000740105 0.00665246 0.0098989 0.0378453 0.00375658 0.00273685 0.000586773 0.00302301 0.0149294 0.011545 0.0989329 0.00528179 0.00741514 0.170039 0.00453961 0.415039 0.0255222 3.80436e-05 0.00565693 0.116189 0.0309115 
0.00263828 0.00511822 0.00079389 0.0159109 0.000272528 0.00494841 0.000990084 0.00487846 0.000775463 0.00345322 0.000714202 0.1309 0.0117749 0.0498843 0.0788131 0.0308491 0.0169182 0.0450047 0.00458886 0.368927 0.023824 0.000910424 0.00143447 0.158277 0.0373994 
0.00286664 0.040107 0.00289868 0.0143186 0.000246267 0.00405979 0.00720865 0.0198386 0.00499772 0.00213063 0.017071 0.00134677 0.0991627 0.0297972 0.13713 0.000453656 0.00594977 0.103047 0.0224896 0.355601 0.0361539 0.0012977 0.00937018 0.0661642 0.0162924 
0.00262143 0.00514214 0.00442276 0.018172 0.000433983 0.011755 0.00240584 0.0256791 0.00136407 0.0105354 0.000142232 0.00170283 0.0174279 0.0483213 0.0704533 0.00433753 0.00839907 0.038202 0.00357776 0.248792 0.170709 1.44179e-06 0.0334853 0.189384 0.0825326 
0.00320807 0.00220021 0.0107579 0.0144092 0.00117664 0.00458519 0.00693938 0.00785186 0.016264 0.00822584 0.00118657 0.0160853 0.0389254 0.00560327 0.0422465 0.0060198 0.00915141 0.244573 0.00312975 0.31523 0.077483 0.000197146 0.0232389 0.116981 0.024331 
0.00255539 0.00986996 0.00403162 0.00266589 0.000943803 0.000688479 0.00478106 0.0143012 0.00256936 0.00947166 0.000428856 0.00573606 0.120261 0.03786 0.0636828 0.00524505 0.0048682 0.0754386 0.0783673 0.232744 0.106636 3.02505e-05 0.00382219 0.184018 0.0289837 
0.00597307 0.003684 0.0118413 0.00771124 0.00189046 0.00152006 0.00881688 0.00482843 0.00821011 0.00392557 0.00162067 0.00425308 0.0203642 0.0073813 0.184826 0.0124894 0.00654165 0.204108 0.0059671 0.251305 0.0166231 1.45552e-05 0.0288161 0.16624 0.0310486 
1.33206e-05 0.00130637 0.00280993 0.0714603 1.63206e-06 0.012359 0.0065518 0.00890635 0.00817007 0.000284317 0.00827562 6.15224e-05 0.0547943 0.0920131 0.179436 0.00170778 2.25537e-05 0.162156 0.0315995 0.253723 0.0499489 1.35277e-06 0.00010065 0.0490542 0.00524261 
