0.000357082 0.00514633 0.0341216 0.0255431 0.000119765 0.0436575 0.0130108 0.291293 0.00619926 0.0116526 0.00027344 0.000390719 0.0769182 0.10911 0.0739743 0.000157124 0.0104971 0.0665424 0.0162957 0.0681744 0.0734961 0.0014102 0.0239538 0.0449243 0.00278124 
2.68968e-06 0.0286218 0.00185975 0.0414132 1.78075e-05 0.0524853 0.00334434 0.312328 0.0039158 0.000825967 2.96419e-05 3.21864e-05 0.0158147 0.0717914 0.076608 2.07495e-05 0.000357954 0.0270854 0.105814 0.140257 0.0417419 2.04905e-05 0.00201099 0.0436184 0.0299831 
0.000119874 0.0114761 0.00783279 0.0153516 6.75108e-05 0.0121514 0.0060947 0.719249 0.00999295 2.00628e-05 0.000410596 1.41045e-05 0.00715381 0.0145419 0.0570059 3.00595e-05 0.000851861 0.0157543 0.00486515 0.0890542 0.0128057 0.000107288 0.00456357 0.00324592 0.0072397 
0.0294174 0.0401914 0.0077425 0.013243 0.00700491 0.0422764 0.0103662 0.320189 0.000724272 0.000497514 9.6896e-05 0.000287155 0.0026105 0.126478 0.0261134 0.00768168 0.00195028 0.00905362 0.0114968 0.121079 0.00251385 6.01617e-09 3.4975e-06 0.218006 0.000977263 
3.13807e-05 0.00437541 0.0167172 0.0738634 1.88605e-06 0.00721932 0.068047 0.300148 0.0132703 0.000375127 0.00647431 6.46922e-05 0.290153 0.00236794 0.00540917 5.61421e-06 0.00447545 0.0460587 0.000288486 0.0198335 0.0903574 7.60529e-05 0.0205589 0.0294924 0.000335719 
0.00047582 0.00293088 0.00723093 0.0188393 0.000153799 0.00140326 0.0790516 0.27638 0.00608828 0.0103963 0.00483978 0.000415748 0.054287 0.0102728 0.0362053 0.00160041 0.00511769 0.110742 0.00180497 0.0679759 0.0592986 1.74001e-05 0.0062118 0.224931 0.0133293 
1.77628e-05 3.45468e-07 0.000100438 0.00617943 7.19279e-05 0.0119146 0.00910096 0.857695 0.000525096 5.61523e-05 2.24466e-05 5.03067e-07 0.0454904 0.000364965 0.0169651 5.9123e-06 0.00035831 0.0139802 0.0037453 0.0071756 0.0123158 5.87659e-07 9.70006e-05 0.00885062 0.00496517 
0.0016617 0.0155764 0.0033191 0.00682078 0.000963044 0.00844244 0.00296408 0.429408 0.000498576 0.00385035 0.000276569 0.00327991 0.0103875 0.0312323 0.0168402 0.00402914 0.0139708 0.108291 0.00289234 0.0906743 0.00885145 0.000353566 0.00336265 0.216789 0.0152659 
5.56367e-05 0.0281571 0.0189239 0.0173671 2.90952e-05 0.0118122 0.00325383 0.53005 0.00399195 0.0837223 0.00232946 0.00701044 0.0988067 0.0141203 0.0354888 0.000931824 0.0125858 0.0493975 0.00379712 0.0165702 0.0105674 1.61349e-05 0.00646255 0.0255088 0.0190436 
0.00134317 0.00104399 0.00653167 0.0315154 0.000175637 0.00678455 0.0454562 0.390338 0.00414325 0.00215098 0.000191776 0.00010328 0.0308548 0.00126089 0.0969267 0.00463047 0.00927142 0.0466884 0.00991636 0.0214131 0.0294226 0.000503189 0.00394864 0.189326 0.0660595 
2.88296e-06 0.00173204 0.0100413 0.0131771 0.000595463 0.00271144 0.0103094 0.69623 0.00320002 0.0430982 9.24812e-05 1.63241e-05 0.0663728 0.0034795 0.005687 0.000150369 0.00111862 0.0188409 0.00618868 0.0618855 0.0213261 0.000158445 0.0149304 0.0144342 0.0042209 
1.2457e-05 0.00367006 0.0001631 0.0036629 7.12013e-05 0.00185307 0.00120828 0.574489 6.42211e-05 0.00175377 1.41614e-05 3.27345e-06 0.037545 0.00140272 0.00493835 8.84468e-05 0.000450521 0.0210989 0.00069275 0.0049428 0.00444484 8.17615e-08 0.000143013 0.151084 0.186203 
2.09271e-05 0.00658993 0.00415876 0.00116665 1.55887e-07 0.000931174 0.000599017 0.700745 0.000856238 0.000469145 1.67568e-05 0.000127562 0.00697311 0.00185929 0.0155804 0.00221891 0.00360658 0.0387038 0.00117109 0.0115712 0.00555565 1.49304e-06 0.0181464 0.176078 0.00285316 
0.0442266 0.0115818 0.000802996 0.00544204 0.000342592 0.000516935 0.00678794 0.332358 0.000155478 0.0121274 0.000206011 0.0115808 0.0065277 0.00617821 0.0707458 0.019473 0.135043 0.0451034 0.000162445 0.0913032 0.0105088 2.3437e-08 0.000459147 0.132768 0.0555987 
0.0258198 0.00572612 0.000511926 0.00462867 0.00076088 0.000119064 0.0139574 0.348735 0.000961655 0.00577106 0.000435002 0.00304204 0.0587554 0.00236854 0.0553019 0.0172231 0.0165985 0.054012 0.000381374 0.121606 0.0266626 1.99516e-06 0.00110057 0.225453 0.0100657 
0.000224111 0.01525 0.000571661 0.0355993 0.00199818 0.00343193 0.00661241 0.540909 0.00460428 0.100575 3.16032e-06 6.01789e-05 0.045015 0.0114402 0.0395206 0.000326609 0.000576786 0.066414 0.0139662 0.0042712 0.0293102 1.0264e-05 0.000172359 0.0351098 0.0440277 
9.86697e-10 0.0217299 1.71991e-07 0.050905 7.54264e-10 0.00179495 0.0134934 0.423203 0.000571163 1.13547e-06 7.97398e-05 6.76218e-10 0.0036505 0.0118502 5.66733e-11 0.000108999 8.99795e-07 0.0786236 2.86028e-07 0.203379 0.0307464 7.89926e-10 9.35824e-06 0.15985 9.87862e-07 
0.198952 0.000349204 0.00217815 0.00503996 0.000164502 0.000117985 0.00173228 0.261421 0.000809801 0.0206944 7.10323e-05 0.00478324 0.228706 0.00476055 0.00183938 0.00920557 0.00236875 0.0254827 4.95793e-05 0.0196936 0.00389262 1.88061e-05 0.000574545 0.204364 0.0027304 
1.22563e-05 5.22349e-05 0.0148128 0.00377109 2.1888e-05 0.00457273 0.0156403 0.348989 0.00220942 0.00063857 0.000171517 0.00630169 0.330123 0.00583043 0.0491141 0.000336125 0.000584133 0.0880908 0.00231912 0.0110497 0.024023 0.0592114 0.0155812 0.0131955 0.00334749 
0.000540458 0.0109528 0.00666394 0.00375667 0.00297466 0.00409064 0.00530354 0.643546 0.000292733 0.0211551 8.26654e-07 0.0287614 0.162241 0.00655447 0.0199558 0.000730935 0.000989616 0.0272006 0.00803131 0.00254898 0.0054197 0.00771068 0.000335661 0.0198455 0.0103978 
2.65236e-05 0.00298511 0.0320498 0.0385927 0.00250829 0.00377745 0.0101057 0.352919 0.00157058 9.40999e-05 5.82467e-06 0.0506423 0.0226414 0.037376 0.017497 0.00178295 0.00883028 0.197008 0.0184823 0.0034181 0.00484242 8.49938e-06 0.00288419 0.0829482 0.107003 
7.09933e-06 0.000811484 0.0135153 0.00906929 0.000104874 0.019108 0.00946749 0.457652 0.00512555 0.00119935 0.000336228 1.01196e-05 0.118599 0.00246687 0.079744 2.38766e-05 0.00237437 0.162478 0.00753789 0.0325078 0.0220286 0.000172426 0.00201529 0.0302412 0.0234035 
1.86373e-05 0.000157514 0.0909951 0.0471042 0.000191515 0.0047271 0.00958661 0.527263 0.00314961 1.26406e-05 0.000361601 0.000286161 0.119452 0.00170097 0.0424253 7.94991e-06 0.00730583 0.0498634 0.00611381 0.0664614 0.0105649 8.74157e-05 0.00496847 0.00372111 0.00347325 
0.0146646 0.00826917 0.040275 0.0413008 0.000453373 0.00033215 0.00932823 0.244381 0.0356254 0.024768 0.000230427 0.00614945 0.181521 0.0101275 0.0859799 0.00782898 0.00688906 0.0640448 0.004064 0.0327122 0.0118396 5.72154e-05 0.00418592 0.154572 0.0104009 
0.000257268 0.00274251 0.000888946 0.0407146 0.00012073 0.000418122 0.0165382 0.527873 0.00225414 0.000429059 0.000114229 0.000112658 0.00411358 0.00747397 0.107828 1.36176e-05 0.00208534 0.0732407 0.00560111 0.13744 0.0186781 1.92625e-05 0.00859511 0.0380264 0.00442114 
1.51471e-05 0.00588627 0.000679615 0.00573428 0.000185897 0.00559849 0.00714274 0.506031 0.000573144 0.000397828 0.000120625 3.0828e-05 0.108063 0.0164914 0.172704 2.83008e-05 0.000881042 0.0216408 0.00967297 0.034729 0.0469363 3.00327e-05 0.00539687 0.0441999 0.00683063 
8.09614e-06 0.003473 0.00336822 0.0111929 1.34162e-05 0.00231733 0.0118923 0.631827 0.00449983 0.000425634 9.05577e-05 5.61001e-05 0.0140965 0.00590403 0.0478325 5.91024e-06 0.000306257 0.0520416 0.00485415 0.0898566 0.0602622 2.65335e-05 0.00243081 0.0530075 0.000210785 
0.000445231 0.0146899 0.0110721 0.0172564 9.44628e-05 0.00920429 0.00407818 0.687538 0.00110641 0.000707978 0.000104023 0.000322301 0.00507346 0.0114103 0.0164732 0.000411413 0.000772327 0.0463773 0.0226783 0.10182 0.0149668 8.79077e-06 0.00235556 0.0160579 0.0149762 
0.00786952 0.0132923 0.0140651 0.0152587 0.0170982 0.00369711 0.00644684 0.1644 0.00658385 0.00189607 0.00106001 0.00113356 0.0139687 0.0352697 0.126761 0.0289285 0.00205315 0.144854 0.140249 0.119122 0.0564533 8.46667e-05 0.00427653 0.0528881 0.02229 
1.31369e-05 1.95859e-07 7.20747e-05 0.00611953 5.1545e-05 0.0118308 0.00901592 0.855116 0.000483702 4.02479e-05 1.70379e-05 2.85209e-07 0.0452972 0.00035572 0.0169253 4.22616e-06 0.000325087 0.0139083 0.00371345 0.00714235 0.0157314 3.33167e-07 8.77213e-05 0.00881473 0.00493357 
4.79625e-05 0.00132349 0.000515091 0.00285003 5.01504e-06 0.000112197 0.00388239 0.567933 0.000159996 0.000666276 1.88712e-06 3.98212e-05 0.0296003 0.0117768 0.000781993 2.51289e-05 0.00131894 0.0103191 0.109615 0.159486 0.00381444 0.00824454 0.0113522 0.0731719 0.00295743 
4.85927e-05 0.00161342 0.0208829 0.0301129 5.95547e-05 0.00570658 0.0182961 0.200997 0.00232185 0.0904211 0.00031561 6.49419e-06 0.196714 0.0113501 0.0151053 7.00249e-05 0.0273708 0.0909659 0.11366 0.08994 0.0324998 5.93886e-05 0.0191834 0.0286323 0.00366576 
0.0348803 0.0134447 0.000912934 0.00712807 0.000173951 0.000332352 0.00383487 0.363216 0.00152509 0.186943 0.000147618 0.00206876 0.0329806 0.00852817 0.012558 0.00558295 0.0310159 0.0809002 0.00165161 0.0448957 0.0120997 6.02822e-06 0.0114914 0.112087 0.031595 
2.26848e-05 0.00219591 0.000299332 0.0187657 0.000112822 0.0124487 0.047692 0.49106 0.0123829 0.000548132 0.000245244 1.27714e-05 0.0828005 0.0455213 0.0872757 3.17728e-05 2.01639e-05 0.0197625 0.0379887 0.0146051 0.0700956 0.000229056 0.00322772 0.0375502 0.0151057 
0.00573424 0.0113335 0.0166918 0.0341343 0.0143341 0.0041378 0.0337881 0.235122 0.00630059 0.00654526 0.000192371 0.00154859 0.0036145 0.0168526 0.121053 0.00374222 0.0123112 0.0477844 0.00250624 0.224405 0.00427091 8.09155e-07 0.00608116 0.179054 0.00846172 
0.00253123 0.0414626 0.00237537 0.0502176 0.000333165 0.0210875 0.0302388 0.359201 0.000770397 0.0173196 0.00025102 0.00243249 0.160902 0.017402 0.0336938 0.00431196 0.00396453 0.0287124 0.0211059 0.0434267 0.00813864 2.55205e-06 0.000484407 0.139756 0.00987888 
0.000291818 0.00697903 0.0213328 0.030834 0.00429812 0.00168121 0.0011664 0.508056 0.000244467 0.000278748 0.000355374 0.000783426 0.0139268 0.00949382 0.162215 5.81895e-06 0.000106495 0.045815 0.0210138 0.0235387 0.00840948 1.16651e-05 9.55905e-06 0.131029 0.00812377 
8.9899e-05 0.0263533 0.0196136 0.0363127 0.00133762 0.00104411 0.171123 0.183454 0.0315856 0.000145169 2.7863e-05 0.0154479 0.0517497 0.0142997 0.169146 0.0164375 0.00833132 0.0359273 0.00460268 0.0358202 0.0464658 0.000358106 0.000331979 0.0793149 0.0506799 
0.000758052 0.035514 0.00239482 0.00258391 0.0234895 0.000207346 0.00490999 0.584791 0.00537066 1.69636e-05 0.000412216 0.000757768 0.00376107 0.0310928 0.0270431 0.0204435 0.00206125 0.0375744 0.00406567 0.00971482 0.00361195 0.00470844 0.000972964 0.190768 0.00297589 
2.09271e-05 0.00658993 0.00415876 0.00116665 1.55887e-07 0.000931174 0.000599017 0.700745 0.000856238 0.000469145 1.67568e-05 0.000127562 0.00697311 0.00185929 0.0155804 0.00221891 0.00360658 0.0387038 0.00117109 0.0115712 0.00555565 1.49304e-06 0.0181464 0.176078 0.00285316 
2.71884e-07 0.0239956 0.00184205 0.0240352 1.86981e-05 0.00118063 0.0223925 0.590986 0.00541947 0.0298793 1.09135e-05 0.00070218 0.143163 0.00264547 0.0277458 0.00128155 5.18334e-05 0.0059966 0.0113252 0.0221238 0.00393635 2.17664e-07 4.3969e-06 0.0671595 0.0141036 
0.000162746 0.00964782 0.0103236 0.0188812 0.000129366 0.0137359 0.0141377 0.350014 0.0476295 0.00668688 8.73826e-05 0.000189057 0.0309796 0.0209008 0.0209323 0.000275522 0.000868642 0.0562502 0.00694383 0.155934 0.0168055 1.43553e-06 0.00795032 0.208547 0.00198561 
3.75418e-05 9.74027e-05 0.00165984 0.0123355 5.19596e-05 0.00889239 0.00480776 0.472327 0.00351287 0.000211937 0.00112552 0.0259367 0.00720119 0.203805 0.130559 4.292e-05 0.00286984 0.0291357 0.0129914 0.045533 0.0158924 0.000225959 0.00141785 0.0184241 0.000904917 
1.14259e-05 0.00120703 0.00858913 0.106647 0.00509126 0.00292757 0.00545544 0.567046 0.00453952 0.00103953 0.00166111 4.25875e-05 0.0344314 0.00140892 0.0636156 2.02159e-05 0.000801946 0.0285566 0.000252961 0.0253425 0.106907 4.65325e-05 0.00887696 0.0244265 0.00105543 
4.49286e-05 0.0467726 0.00258292 0.0318107 0.0251992 0.0151238 0.016903 0.175925 0.00346592 8.47817e-05 3.71555e-05 0.000545956 0.139455 0.0506228 0.0356741 0.00134444 0.00533841 0.0379198 0.0540217 0.0126676 0.151115 5.73068e-05 0.00162678 0.129382 0.0622799 
7.64518e-07 0.000591487 0.0150699 0.018598 0.000143529 0.0173051 0.0285208 0.398898 0.0152603 0.000512338 0.000179163 2.7541e-06 0.0740777 0.00243409 0.0882523 2.31995e-06 0.000138696 0.0805742 0.0106752 0.0839659 0.0870305 0.000156637 0.00152668 0.0664373 0.00964597 
4.47686e-05 0.00236185 0.000396868 0.0295216 0.0083561 0.00106396 0.0878659 0.393489 0.00139948 0.000946918 0.000655449 1.08008e-06 0.0153434 0.00926962 0.037068 2.10504e-06 0.000105041 0.0194582 0.000757777 0.177755 0.0237636 1.05951e-06 0.0173273 0.165193 0.00785255 
0.00147399 0.00379698 0.0411011 0.0162898 0.000302891 0.00542289 0.03552 0.377711 0.00420651 0.0017188 0.000285226 0.000347611 0.0201493 0.00644332 0.146025 0.0048468 0.010974 0.0847414 0.005151 0.10066 0.0121062 0.000202071 0.0125035 0.0877066 0.0203152 
0.00126053 0.00321841 0.00394111 0.00402899 2.24471e-05 0.00154687 0.00237695 0.510284 0.00052129 0.0018041 0.000294882 0.000511964 0.0577281 0.0556867 0.0147575 0.000219031 0.00289223 0.0779146 0.0112887 0.0296002 0.00673822 0.000414227 0.00110228 0.194233 0.0176134 
0.00428997 0.0371311 0.0411685 0.0571266 0.0141964 0.000968556 0.00831914 0.211307 0.00108076 0.0101386 0.00473877 0.00458315 0.0514847 0.00779593 0.0165133 0.0094141 0.131515 0.020432 0.00957867 0.0530102 0.0317575 6.20066e-06 0.00499169 0.178517 0.0899344 
2.68968e-06 0.0286218 0.00185975 0.0414132 1.78075e-05 0.0524853 0.00334434 0.312328 0.0039158 0.000825967 2.96419e-05 3.21864e-05 0.0158147 0.0717914 0.076608 2.07495e-05 0.000357954 0.0270854 0.105814 0.140257 0.0417419 2.04905e-05 0.00201099 0.0436184 0.0299831 
2.05725e-08 4.28079e-05 0.000429995 0.00210502 1.50165e-07 1.30643e-05 0.0286911 0.644116 1.86088e-05 0.000359741 2.10943e-10 9.66902e-06 0.0258087 0.000572374 0.000278138 1.13991e-06 0.000402572 0.0115332 1.98254e-05 0.0182151 0.00215982 4.40711e-07 6.61478e-07 0.265222 2.17363e-11 
0.00113599 0.0040927 0.00594281 0.0184146 0.000492202 0.00172019 0.084391 0.465164 0.00703536 1.73708e-05 8.12373e-05 3.7557e-06 0.0136257 0.00304565 0.0964303 9.38837e-06 0.0186947 0.00942547 0.012121 0.172175 0.0126383 6.04086e-06 0.00278685 0.0663725 0.0041782 
0.000752415 0.00190318 0.054529 0.0114031 9.67139e-05 0.00371762 0.00549685 0.248012 0.00235956 0.00517866 8.42956e-05 3.98296e-06 0.0191623 0.00590933 0.0482808 0.00130999 0.00180313 0.220879 0.00124898 0.123589 0.0180416 8.36838e-07 0.0135779 0.210408 0.0022518 
0.000288017 0.00834992 0.00541981 0.0258421 0.0034302 0.00766066 0.0186848 0.267645 0.00361311 0.00430824 0.0111737 0.000193009 0.0121368 0.139414 0.129745 0.000389132 0.00126791 0.0727795 0.0119117 0.0935638 0.0887528 7.88317e-05 0.00887922 0.0568402 0.0276321 
0.000370844 0.00592885 0.00108561 0.0163368 0.000123381 0.000370116 0.0218881 0.465757 0.00825037 4.43253e-05 9.9803e-05 3.18645e-06 0.00359812 0.00423484 0.102986 6.05427e-06 0.0016438 0.03883 0.00283684 0.164275 0.0818867 4.06965e-05 0.000955806 0.0772144 0.00123376 
0.00436484 0.0105338 0.00463259 0.0482265 5.92701e-09 5.67402e-06 0.0114534 0.592475 0.000695384 0.00665762 0.000604344 5.31372e-09 0.162832 0.00336343 1.3832e-06 5.4177e-07 0.0118167 0.0025995 0.00853179 0.0346609 0.0711827 1.41785e-07 2.50247e-05 0.0226837 0.00265313 
1.48483e-05 0.0591638 0.000837322 0.0965286 0.00060207 0.0097766 0.0138654 0.259353 0.00204208 0.00127784 7.77585e-05 0.00185041 0.0246072 0.174472 0.0622173 0.133229 0.000966889 0.018852 0.0137223 0.00309104 0.0135181 0.000520828 0.000782869 0.10863 9.8564e-07 
0.00187269 0.000283213 0.0123899 0.0175609 0.0111849 0.00182505 0.0113999 0.462901 0.00157899 0.0011207 5.62069e-05 0.000761694 0.198557 0.0461982 0.0261824 0.0037151 0.00224552 0.0518718 0.0109854 0.0168189 0.0357529 2.26731e-06 0.000526526 0.0411457 0.0430625 
0.00202569 0.00996933 0.00502117 0.00213252 0.000208891 0.000827175 0.0349347 0.684633 0.000765161 3.29281e-05 0.000155761 1.70532e-05 0.0125095 0.0128344 0.0238866 3.61951e-05 0.000164725 0.0291025 0.0291773 0.0750367 0.0491558 0.000125811 0.00344279 0.01939 0.00441457 
4.95606e-06 0.0829494 0.00306968 0.143657 0.000505279 0.00326102 0.0548623 0.393264 0.00428109 0.00463388 0.0308159 0.000216757 0.0462281 0.00139529 0.0200956 4.56191e-05 0.000410978 0.0772589 0.00102264 0.0299444 0.0239747 0.0297728 0.000283357 0.0480163 2.97854e-05 
2.05725e-08 4.28079e-05 0.000429995 0.00210502 1.50165e-07 1.30643e-05 0.0286911 0.644116 1.86088e-05 0.000359741 2.10943e-10 9.66902e-06 0.0258087 0.000572374 0.000278138 1.13991e-06 0.000402572 0.0115332 1.98254e-05 0.0182151 0.00215982 4.40711e-07 6.61478e-07 0.265222 2.17363e-11 
0.00160358 0.0621716 0.0139952 0.0548257 0.00301357 0.00445055 0.0253025 0.248877 0.00469219 0.00488898 0.000494727 0.00129487 0.0305099 0.00584393 0.118348 0.00526219 0.00493237 0.0612873 0.00191018 0.121912 0.0472259 0.000159724 0.00629379 0.146261 0.0244424 
1.97598e-08 0.00843262 0.00242694 0.0823557 1.5105e-08 0.00103074 0.0227714 0.737638 0.00396974 0.0168258 5.61045e-06 1.35421e-08 0.0406484 0.000844742 0.00354767 9.99353e-08 6.6282e-09 0.0147596 0.0244446 0.016236 5.11707e-07 7.71399e-07 0.0136387 0.0104217 3.06463e-09 
0.000123141 0.00153832 0.00934407 0.0218432 0.000327033 0.00658742 0.0559393 0.34817 0.00504332 0.00134738 0.000131897 3.21975e-05 0.0212413 0.0012608 0.104748 0.0731824 0.115236 0.0290374 0.0101369 0.117244 0.0168642 7.66646e-05 0.00316979 0.0341321 0.0232427 
0.000366521 0.000178648 0.000347138 0.0484473 0.00228819 0.000121985 0.000535368 0.450758 1.16195e-05 0.00424526 0.000382115 1.43728e-06 0.0280779 0.0218689 0.00756872 2.47227e-06 8.28106e-06 0.0234024 0.0247118 0.0333246 0.200097 1.04075e-05 8.83828e-05 0.153149 6.73571e-06 
9.3176e-06 0.000844166 0.138118 0.0231042 0.00029055 0.0725562 0.000348799 0.216005 0.00168842 0.0315577 1.76993e-05 0.0196185 0.143817 0.0140707 0.0693572 0.00281254 0.00565262 0.0428218 0.00540752 0.0436019 0.0278197 0.00318154 0.0192033 0.109108 0.00898701 
2.05725e-08 4.28079e-05 0.000429995 0.00210502 1.50165e-07 1.30643e-05 0.0286911 0.644116 1.86088e-05 0.000359741 2.10943e-10 9.66902e-06 0.0258087 0.000572374 0.000278138 1.13991e-06 0.000402572 0.0115332 1.98254e-05 0.0182151 0.00215982 4.40711e-07 6.61478e-07 0.265222 2.17363e-11 
0.0039276 0.00525864 0.00272445 0.0111118 0.000208462 0.00803561 0.00253686 0.465064 0.0012034 0.00563546 0.000691287 0.00169432 0.040721 0.0366588 0.0113408 0.00249989 0.00749704 0.101027 0.00592109 0.0928393 0.0201318 1.16809e-06 0.0479806 0.0928104 0.03248 
0.00050334 0.00454782 0.00240385 0.00230609 7.28504e-06 0.00208136 0.00810269 0.517054 0.000673416 0.00458594 0.000944672 7.04148e-08 0.00833081 0.00252886 0.116695 1.64097e-06 0.000236539 0.236112 0.00154879 0.0757243 0.00229965 6.578e-05 0.000294132 0.00710543 0.00584696 
0.000313029 0.0030561 0.0283105 0.0194975 3.45388e-05 0.00512158 0.0104448 0.257411 0.0271183 0.00691001 0.00670863 2.76258e-05 0.0618329 0.0107771 0.208263 2.3618e-05 0.0035333 0.108859 0.0271919 0.127539 0.0327788 6.76168e-05 0.0169221 0.0250204 0.0122368 
6.89421e-06 0.00254821 0.000492547 0.0234841 0.00552991 0.0222295 0.0108202 0.546308 0.00164322 0.00717744 0.000113717 0.000717113 0.166417 0.00884453 0.0437381 0.000144301 0.000219715 0.0406878 0.00100956 0.0343796 0.0263837 0.000445081 0.0034514 0.0476683 0.00553997 
0.00012967 0.00280612 0.0132528 0.107157 0.000405826 0.0707791 0.0748907 0.314831 0.0170702 0.032602 6.83841e-05 1.33604e-05 0.0918423 0.000365925 0.0493398 1.55284e-05 0.00530685 0.0341888 0.0111956 0.0747149 0.0108267 9.96032e-05 0.000713645 0.0636725 0.0237119 
6.60627e-07 6.30652e-05 0.000688878 0.0181601 1.80051e-07 0.000122664 0.00165641 0.652797 0.000293166 4.1618e-05 2.18146e-05 6.1123e-06 0.00290501 0.00183266 0.00235929 0.00753282 0.00015802 0.00567253 0.000243413 0.02002 0.00148364 6.78604e-07 1.49954e-05 0.283925 6.75675e-08 
8.28955e-06 0.00158887 0.0123659 0.0366276 2.07082e-06 0.0148051 0.0515654 0.267315 0.00314713 0.00171428 0.000885611 5.13249e-05 0.194367 0.00116945 0.0973054 8.3193e-06 0.0555542 0.0218433 0.00809758 0.129 0.0103156 2.85369e-06 0.000834658 0.089391 0.00203343 
9.4018e-05 0.00091011 0.02888 0.0136702 0.000105251 0.00511965 0.153016 0.296823 0.00191448 0.00367913 0.0167811 5.97238e-06 0.0318238 0.00100234 0.247314 4.19166e-05 0.00799487 0.0660437 0.00232164 0.0447567 0.00818981 3.06657e-05 0.00599028 0.0601804 0.00331119 
1.93642e-05 0.0186884 0.0038702 0.0279337 0.00285682 0.0153085 0.0178527 0.400905 0.00503079 0.000652393 4.08378e-05 0.000143186 0.0500795 0.0369974 0.137926 1.95865e-05 0.00092578 0.0587164 0.0033146 0.0314306 0.054498 0.00010364 0.00931457 0.0784488 0.0449231 
2.45328e-07 0.0459761 0.00506364 0.0291386 0.061677 4.23827e-05 1.18552e-06 0.509537 0.0667423 0.00010045 6.74407e-09 1.75889e-07 0.0501405 1.00946e-09 0.0531464 7.14748e-10 0.000146381 8.35122e-07 0.0670249 0.0481551 0.0135545 1.72376e-07 3.21757e-05 0.04952 6.94932e-10 
0.000135905 0.00456916 0.00345587 0.0121789 0.000151019 0.000149174 0.0341515 0.694361 0.00160693 0.00886289 0.000309749 6.6329e-06 0.00444368 0.0151047 0.048499 2.56861e-06 0.00205582 0.0236843 0.0124079 0.030444 0.00792736 3.73359e-05 0.00101167 0.0893353 0.00510721 
0.00330155 0.00149064 0.0040033 0.0766219 0.000384659 0.00476855 0.00929356 0.366334 0.00356013 0.00101685 0.000456043 0.0108618 0.0121871 0.00387245 0.0370351 0.00088815 0.00277261 0.216499 0.00540748 0.060216 0.0277274 0.000105767 0.0118379 0.131759 0.00759884 
7.2244e-06 0.00225655 0.00154971 0.00421703 3.72978e-05 0.000498056 0.0288541 0.616813 0.000396101 9.50651e-06 0.000108466 7.0148e-06 0.0130851 0.0130882 0.178682 2.86224e-06 0.000496472 0.0166341 0.00163082 0.0561219 0.00468084 5.99068e-05 0.000592099 0.0589684 0.00120394 
9.84258e-06 0.00283409 0.00379803 0.00331107 7.70171e-06 0.00443141 0.00270022 0.689236 0.000288242 0.000111771 0.00397228 1.08825e-05 0.00198644 0.0327903 0.0461435 0.00201761 0.00668156 0.0653383 0.00287121 0.0327721 0.00177116 0.000311924 0.000958066 0.0938971 0.00174948 
0.0046756 0.00136077 0.000222186 0.0125557 0.00102452 0.000166759 0.0313554 0.509976 0.00026613 0.0046953 0.051618 0.00313788 0.0116906 0.0110745 0.00596032 0.00712086 0.0205782 0.0217122 0.00164154 0.146042 0.0169742 3.84673e-06 0.000769573 0.130104 0.00527495 
0.001687 0.0025502 0.0339548 0.00997826 0.00445355 0.00932148 0.00422217 0.282512 0.00339995 0.00211911 6.8268e-05 0.00485482 0.262964 0.00660332 0.0120064 0.000128282 0.00233297 0.176959 0.0155968 0.0106859 0.0945971 0.000638212 0.0184176 0.0224809 0.0174669 
1.56704e-06 0.00312435 0.00179821 0.00245745 0.000878408 0.00523018 0.00406679 0.468853 0.0013911 0.0153631 0.00267998 6.65991e-07 0.00985813 0.00559332 0.372549 2.38769e-06 0.000493376 0.0461585 0.011041 0.0287734 0.000793008 9.2257e-05 0.000396553 0.00252958 0.0158746 
0.198952 0.000349204 0.00217815 0.00503996 0.000164502 0.000117985 0.00173228 0.261421 0.000809801 0.0206944 7.10323e-05 0.00478324 0.228706 0.00476055 0.00183938 0.00920557 0.00236875 0.0254827 4.95793e-05 0.0196936 0.00389262 1.88061e-05 0.000574545 0.204364 0.0027304 
2.72591e-05 0.0173268 0.00110585 0.0214325 8.43238e-05 0.00151477 0.0024924 0.450551 0.000495891 0.000422597 4.11444e-05 7.31629e-06 0.0533201 0.00447663 0.171035 3.71556e-05 0.00261139 0.0976819 0.000493361 0.0910597 0.0132854 0.000318763 0.000832127 0.0605728 0.0087737 
0.000366879 0.00306137 0.00350352 0.0225635 0.000139183 0.00742808 0.0213883 0.333026 0.00528574 0.00524604 0.00233804 0.000871856 0.0458793 0.0172103 0.126706 0.000189019 0.00141479 0.113541 0.0624359 0.120292 0.0494063 0.000496264 0.00525606 0.0262077 0.025747 
6.3758e-05 0.000216826 0.00224253 0.0187066 2.61e-05 0.00202474 0.176115 0.343708 0.00651397 0.0109064 0.000170162 0.00127951 0.139049 0.00127392 0.095787 0.00012736 0.000308154 0.0323384 0.000550501 0.041352 0.0178551 3.04673e-05 0.000393961 0.0715053 0.0374553 
0.00137731 0.0386816 0.006911 0.0222662 0.023109 0.011758 0.0119418 0.240836 0.0310809 0.00748805 0.0033973 0.012182 0.0265336 0.0178839 0.0973234 0.00810598 0.0296742 0.0477243 0.00361914 0.148049 0.0436485 0.000112418 0.00318703 0.15598 0.00712881 
0.000546124 0.000244445 0.00351513 0.0299013 0.000353721 0.00616133 0.030663 0.72466 0.00209542 3.35509e-05 6.25665e-05 6.50327e-06 0.0305809 0.00260139 0.0226557 8.15425e-06 0.00159751 0.0176261 0.00205229 0.0211453 0.0165602 9.22622e-05 0.00242049 0.0806189 0.00379809 
0.000163704 0.00360859 0.00165124 0.0857894 0.00013282 0.000283487 0.015763 0.588565 0.00068603 0.000717389 3.29722e-05 4.98173e-06 0.0734454 0.00649382 0.0338617 1.06042e-05 0.00140967 0.0100594 0.00275775 0.0565761 0.0425522 0.0415461 0.023764 0.00992879 0.00019608 
1.22563e-05 5.22349e-05 0.0148128 0.00377109 2.1888e-05 0.00457273 0.0156403 0.348989 0.00220942 0.00063857 0.000171517 0.00630169 0.330123 0.00583043 0.0491141 0.000336125 0.000584133 0.0880908 0.00231912 0.0110497 0.024023 0.0592114 0.0155812 0.0131955 0.00334749 
1.64887e-06 0.0254626 0.000306932 0.000616493 3.06008e-06 0.00221805 0.0115643 0.697047 0.00372595 0.000138197 2.89272e-06 8.95052e-07 0.0333673 0.0129424 0.0535653 2.09487e-06 7.14895e-06 0.0350882 0.0206881 0.0145904 0.0181311 4.22306e-06 8.22363e-05 0.0686813 0.0017622 
0.000206796 0.00942145 0.00525059 0.00272941 0.000412283 0.0011158 0.00921517 0.273965 0.000719348 0.00448872 0.00140847 0.00439013 0.106542 0.00164448 0.0767455 0.000365244 0.0100403 0.217042 0.00271069 0.128733 0.0450798 0.000125409 0.00617795 0.0856048 0.00586562 
2.03743e-08 0.00111235 0.000648187 0.0165051 1.42712e-07 0.00185715 0.0187033 0.358538 0.00470382 0.000736731 1.34837e-07 1.15107e-06 0.00804632 0.072839 0.0912689 1.98438e-05 2.27426e-05 0.131602 0.0179028 0.049903 0.0136782 1.96972e-07 0.029658 0.167416 0.0148369 
2.05725e-08 4.28079e-05 0.000429995 0.00210502 1.50165e-07 1.30643e-05 0.0286911 0.644116 1.86088e-05 0.000359741 2.10943e-10 9.66902e-06 0.0258087 0.000572374 0.000278138 1.13991e-06 0.000402572 0.0115332 1.98254e-05 0.0182151 0.00215982 4.40711e-07 6.61478e-07 0.265222 2.17363e-11 
8.51971e-05 0.00319297 0.00145223 0.0650678 1.39844e-07 0.000125018 0.0361527 0.539318 0.000436157 0.000919313 1.915e-05 4.70074e-06 0.00459951 0.149723 0.0539565 5.6526e-06 0.000127218 0.0538739 0.00619382 0.0111174 0.0342645 1.46456e-07 0.0052483 0.0338627 0.000253464 
0.0017027 0.00383325 0.000119023 0.000837591 0.00017475 0.00102692 0.00199455 0.426037 0.000261599 0.0817106 8.0323e-05 0.00133191 0.129811 0.00233817 0.0132407 0.00472461 0.00449157 0.0552588 0.00130643 0.0115937 0.0158031 1.38049e-06 0.000624028 0.195386 0.0463106 
7.60494e-06 0.0307193 0.00310166 0.0463515 0.199344 0.0109103 0.00371655 0.283171 0.0170673 0.000641772 3.10031e-06 1.41896e-07 0.129108 0.0031136 0.114038 2.97482e-08 0.009433 0.00101698 0.025345 0.0699497 0.0243715 8.02298e-08 9.40058e-07 0.0285632 2.52674e-05 
0.0320236 0.0024995 0.0061603 0.0045019 0.0789168 0.000634016 0.000902473 0.346121 0.00689252 0.00298101 6.14897e-05 1.21416e-05 0.0142001 0.0214137 0.0865462 4.95897e-06 0.000554928 0.089415 0.0154697 0.0192062 0.0179337 8.91055e-05 0.000503094 0.249833 0.00312416 
3.4294e-06 0.0219098 0.0142788 0.0855757 7.4016e-05 0.00612159 0.015425 0.372117 0.00168065 0.00323687 0.000120535 0.000339424 0.0238252 0.0256219 0.11738 5.7974e-06 0.000177547 0.0617235 0.0400001 0.0778352 0.0942654 8.44832e-06 8.06465e-05 0.0291386 0.00905459 
1.27837e-07 0.00360344 0.00712108 0.00507615 8.95678e-07 8.79921e-07 1.34259e-06 0.54558 1.3876e-06 0.000183748 8.46226e-07 1.64295e-07 0.113448 0.0167044 0.0780808 4.7643e-08 1.71202e-07 0.0855522 0.00151341 1.43745e-06 0.107269 1.23623e-06 1.20802e-06 0.0358564 8.0415e-07 
0.00318476 0.00211763 0.000313796 0.0109147 0.000226299 0.000251278 0.00870194 0.299254 0.000119463 0.00132124 0.000259181 0.00181978 0.0155453 0.00951011 0.0746741 0.00432491 0.174898 0.0186788 0.00144878 0.0747914 0.00760202 1.12289e-06 0.00634682 0.278758 0.00493639 
0.000824006 0.000399934 0.00614756 0.0165039 5.9996e-05 0.000978964 0.00548401 0.55926 0.00167435 0.000593583 0.000169351 0.00141559 0.0190761 0.0415556 0.0263952 0.0104956 0.00259832 0.0702524 0.00305741 0.0832979 0.0219826 1.34213e-05 0.00908127 0.108906 0.00977686 
0.00194665 0.019469 0.0357463 0.00710331 0.0232655 0.000829725 0.00622137 0.369442 0.0158177 0.0110908 0.00949869 0.00770361 0.050281 0.0111386 0.0572264 0.00611171 0.0375497 0.069552 0.00128436 0.0737156 0.00603237 2.57045e-06 0.0226825 0.146203 0.0100851 
2.33342e-06 1.62623e-05 0.00258148 0.00620075 7.79488e-05 3.24466e-05 0.00131353 0.603152 0.00584403 2.04388e-05 1.35844e-05 8.56345e-06 0.136756 0.00088576 0.0135474 3.7222e-07 2.28145e-05 0.0278442 0.000312941 0.108801 0.0445208 3.25704e-06 5.00695e-06 0.0479027 0.00013498 
2.38078e-07 1.36852e-06 1.67752e-06 1.29406e-06 1.66716e-06 1.63776e-06 2.4989e-06 0.401485 2.58266e-06 0.000160687 1.57523e-06 3.05888e-07 2.30012e-06 0.00523086 0.16375 8.86972e-08 0.000208637 0.215219 3.12631e-06 0.199472 2.9146e-06 2.30101e-06 2.24841e-06 0.0144444 1.49672e-06 
3.04325e-06 0.0287189 0.00660195 0.0440947 1.12026e-07 0.00562867 0.0758422 0.242906 0.00274872 6.51787e-05 0.00546216 4.81478e-06 0.0605499 0.151365 0.0845296 1.14754e-05 0.00631789 0.0322671 0.00285697 0.0103282 0.0257445 9.33589e-07 1.32587e-06 0.21383 0.000121717 
1.2457e-05 0.00367006 0.0001631 0.0036629 7.12013e-05 0.00185307 0.00120828 0.574489 6.42211e-05 0.00175377 1.41614e-05 3.27345e-06 0.037545 0.00140272 0.00493835 8.84468e-05 0.000450521 0.0210989 0.00069275 0.0049428 0.00444484 8.17615e-08 0.000143013 0.151084 0.186203 
0.000134633 0.000778822 0.011735 0.118156 3.91261e-05 0.0436852 0.0178983 0.215247 0.00816987 0.000628708 9.71116e-05 4.08504e-05 0.202138 0.00565351 0.0280905 3.01866e-05 0.000209475 0.0936913 0.0651984 0.0552819 0.0587664 0.00212171 0.00651232 0.0432319 0.022463 
1.04827e-06 0.00127058 0.000196313 0.000566469 0.00208895 0.00148235 0.00262769 0.646175 3.01912e-05 0.000444715 8.10868e-07 4.59748e-06 0.00940374 0.00190111 0.00168912 3.05714e-08 0.000102799 0.0234191 9.91954e-05 0.0122718 0.00309226 6.42636e-07 1.69375e-06 0.293039 9.05114e-05 
1.8364e-05 0.0493258 0.00337289 0.11962 0.000369461 0.000980661 0.000461843 0.414678 0.000778403 3.34469e-05 0.10702 1.27354e-05 0.022706 0.00820856 0.00816567 5.04647e-06 0.000133433 0.00654599 0.0297904 0.0480219 0.121658 9.51709e-05 0.0426194 0.0151367 0.000241757 
0.000270092 0.00264235 0.0242212 0.0258568 2.34109e-05 0.0133395 0.0151569 0.25509 0.00548789 0.000640471 0.000141285 0.000113053 0.0498218 0.0493196 0.0853648 3.85556e-05 0.000289431 0.0995065 0.158358 0.0558566 0.0659223 1.74811e-05 0.0536324 0.0127796 0.0261096 
2.16371e-05 0.00973087 0.0078074 0.0471549 0.000406465 0.0230773 0.0137066 0.499602 0.00812652 0.0011534 0.00013584 2.0346e-05 0.111522 0.00820863 0.0531927 0.00226741 0.00058221 0.0354843 0.0107357 0.0331133 0.0337406 0.000144934 0.0324089 0.0653085 0.00234766 
0.00656793 0.0480156 0.000537818 0.014245 0.0189096 0.00142027 0.0016072 0.483451 0.00128378 0.000312223 7.43862e-05 4.7061e-05 0.00310902 0.0167959 0.0992035 0.0055476 0.00118814 0.0133478 0.00237294 0.0954771 0.00672543 1.82602e-05 0.00299763 0.165977 0.0107682 
1.56704e-06 0.00312435 0.00179821 0.00245745 0.000878408 0.00523018 0.00406679 0.468853 0.0013911 0.0153631 0.00267998 6.65991e-07 0.00985813 0.00559332 0.372549 2.38769e-06 0.000493376 0.0461585 0.011041 0.0287734 0.000793008 9.2257e-05 0.000396553 0.00252958 0.0158746 
2.88719e-05 0.00722689 0.00414519 0.0885169 0.000192999 0.0209198 0.00956173 0.233389 0.0052318 0.00039719 0.000291034 0.000228514 0.103253 0.00264561 0.183797 0.000191857 0.00372358 0.0715955 0.0362046 0.0718186 0.0267065 8.56671e-05 0.00754728 0.082572 0.039729 
6.061e-06 0.0102506 0.00145186 0.0359221 0.000461132 0.00199373 0.0225377 0.316731 0.00579548 0.000116104 7.94529e-05 2.67141e-06 0.168238 0.00251065 0.00953692 3.39247e-06 0.00117225 0.0649309 0.0139825 0.236251 0.0463837 0.000396301 0.0241982 0.0242436 0.012805 
0.000673514 0.00223279 0.08219 0.0145956 0.000204566 0.00324258 0.0445781 0.232786 0.0105932 0.00046012 0.00010117 0.012589 0.0218855 0.00387709 0.191234 8.56755e-05 0.0103841 0.163798 0.00676384 0.0597333 0.0164819 0.00016525 0.0344728 0.0784165 0.00845639 
0.00676533 0.0206343 0.0269492 0.02873 0.00113344 0.00272171 0.00202743 0.411324 0.00426372 0.219577 0.00305972 0.00108961 0.0983106 0.00860512 0.00180332 0.00449067 0.0159298 0.00864755 0.00253205 0.0242094 0.00541171 2.4194e-05 0.000741871 0.0699291 0.0310884 
0.00101919 0.00569963 0.0196065 0.040627 0.00185746 0.0137475 0.019928 0.251932 0.0107535 0.00413081 0.00115453 0.00206194 0.0632131 0.0207541 0.131627 0.00463639 0.00551817 0.137276 0.0223597 0.0805316 0.0590523 0.000376346 0.0188766 0.058701 0.0245597 
0.00134891 0.0871437 0.000143277 0.0252139 0.0010363 0.00143926 0.00226436 0.317486 7.39789e-05 0.0077266 0.000347197 0.000357569 0.029209 0.111786 0.158152 0.000480354 0.000549742 0.0820681 0.0650624 0.0674531 0.0135611 1.41912e-05 0.00538239 0.011594 0.0101071 
2.12356e-05 0.000815078 0.00438022 0.00548425 0.00248938 0.00160356 0.00830073 0.536211 0.000590832 0.000169372 0.0014746 3.59306e-05 0.00924757 0.0162784 0.214038 9.05689e-06 0.000330516 0.116381 0.00333458 0.0283737 0.0117843 0.000139779 0.0004509 0.0352127 0.0028425 
2.58097e-05 0.00034378 0.00143603 0.0276063 0.000352755 0.000706608 0.00148886 0.45652 0.00181053 0.00151253 0.000236316 3.61693e-05 0.142653 0.00537206 0.0707058 1.09886e-05 4.61549e-05 0.191243 0.0106773 0.00462857 0.0158851 0.000573809 0.00239989 0.0604062 0.00332276 
0.0208506 0.00293011 0.000478968 0.00249616 0.00062852 0.000707584 0.0106003 0.529592 0.00021684 0.0151549 0.000171647 0.0182706 0.0835012 0.00372869 0.017692 0.00413222 0.0114021 0.0700825 0.0267004 0.0302137 0.00525228 3.80894e-05 0.000466335 0.141715 0.0029771 
6.05038e-06 0.00245725 0.00152945 0.0163465 2.81273e-05 0.00112907 0.158511 0.65632 0.00211683 5.297e-05 0.000352186 2.62093e-05 0.0173452 0.00575329 0.0222897 1.42208e-05 0.000704711 0.0263709 0.00302827 0.00521756 0.00189001 3.87889e-05 0.022442 0.0553807 0.000648879 
5.78128e-06 0.0039543 0.00418588 0.06345 5.69629e-06 0.00852668 0.0231464 0.314343 0.00196458 0.000681453 5.75339e-05 4.00589e-05 0.087705 0.0031714 0.161373 0.000107976 0.000310709 0.0733637 0.00429136 0.0950936 0.127832 2.41164e-05 0.00660133 0.00617466 0.0135893 
3.44844e-07 1.09624e-06 2.22538e-05 1.30445e-06 2.6361e-07 0.000272675 0.0011499 0.835436 3.91149e-06 6.28524e-05 7.91505e-06 4.70491e-06 0.0285986 7.40117e-06 0.0441055 5.8283e-06 4.74407e-05 2.55686e-05 1.30559e-05 0.06154 1.21163e-05 2.84824e-06 3.4519e-05 0.0286438 5.34834e-08 
0.013072 0.00278959 0.0120047 0.000698018 0.000239135 0.00044286 0.0186245 0.456017 0.000731416 0.04218 0.000245225 0.00121839 0.106514 0.00375002 0.0256832 0.0154331 0.0101586 0.0170635 0.000190715 0.0318455 0.00108471 0.00215058 0.00115777 0.230548 0.0061581 
0.00717693 0.0015911 0.00594471 0.0115357 0.00116068 0.00292261 0.0213088 0.329958 0.00127048 0.0238753 0.000293009 0.00167946 0.0163052 0.010627 0.0114064 0.00406519 0.00716503 0.0650831 0.000745314 0.105763 0.0354163 9.08734e-07 0.00198251 0.319809 0.0129144 
0.00725484 0.00602843 0.016258 0.0412365 0.0136346 0.0134644 0.0254893 0.272852 0.01079 0.000734017 0.000392966 0.000445389 0.0178914 0.0153964 0.231443 1.29045e-05 0.00143196 0.0727391 0.0283856 0.0825903 0.0608602 9.42433e-05 0.00723582 0.0690914 0.00424743 
0.00695799 0.0490754 0.00022359 0.0143838 0.0218682 0.00102199 0.000962459 0.502995 0.000709417 0.000307826 3.21673e-05 2.25185e-05 0.00184167 0.0148806 0.0861034 0.00575471 0.00116082 0.00679449 0.00134952 0.0920047 0.00435833 9.82749e-07 0.00158346 0.175892 0.00971464 
0.000127688 0.000344751 0.001272 0.0271498 0.0926178 0.000989586 0.0159759 0.354791 0.00108634 7.63172e-07 5.20092e-05 9.53412e-05 0.0178729 0.00461775 0.0849041 1.00377e-05 0.00667098 0.0479702 0.00372979 0.249655 0.0151129 7.06533e-05 0.000351181 0.0702769 0.00425499 
9.10876e-06 0.0163015 0.00713184 0.010644 2.50586e-05 0.0121944 0.0535566 0.330615 0.00588037 0.000418014 0.000611158 3.72075e-05 0.0922766 0.0163118 0.184932 1.37388e-05 0.00367803 0.0529156 0.00811193 0.0615377 0.100913 3.49224e-05 0.00219171 0.0235172 0.0161418 
4.38542e-05 0.0254317 0.00709716 0.0173464 9.20714e-05 0.00559608 0.019002 0.454719 0.00518148 5.04679e-05 0.000821892 0.000145942 0.0397921 0.0326632 0.167872 2.44267e-05 0.000389125 0.0276372 0.0498967 0.0595683 0.046795 0.00820971 0.0022417 0.0156085 0.0137745 
0.000132726 0.00748967 0.00394015 0.00727191 7.52119e-05 0.00314428 0.00662265 0.815782 0.000570495 0.000389026 0.000116326 5.84191e-05 0.0201804 0.0175847 0.0290873 2.65283e-05 6.57871e-05 0.0405144 0.00371162 0.028232 0.00187752 2.54595e-05 0.00227437 0.00634357 0.00448357 
0.00045478 0.00398988 0.0328989 0.0300497 0.00392544 0.0140428 0.181249 0.28005 0.0177913 0.000903224 0.000346477 0.0012513 0.0871508 0.00608574 0.0631111 4.51979e-05 0.000528997 0.0962872 0.0059559 0.0438955 0.0476045 0.00018402 0.0412076 0.0113527 0.0296374 
1.67483e-05 0.0482509 0.00113149 0.0091821 0.000294581 0.00195526 0.0227131 0.351494 0.000729928 0.000995335 2.5119e-05 0.000103433 0.0442845 0.00269249 0.0930942 0.00609934 0.0047764 0.024631 0.0255124 0.0355138 0.0155492 8.77863e-05 0.000281441 0.307493 0.003092 
2.68326e-06 0.000961527 0.0140767 0.22106 0.00058278 0.00148477 0.012577 0.330206 0.0190004 0.000102437 0.000106315 2.73567e-05 0.0211834 0.000597102 0.0011486 6.46899e-07 0.00189154 0.0199541 0.00513256 0.159627 0.000417525 0.000243476 0.016414 0.169717 0.00348484 
7.20164e-08 2.87879e-06 0.000172131 0.00124131 2.03542e-06 0.0024171 0.00361789 0.461349 7.37037e-05 7.11837e-05 1.10567e-05 4.93554e-08 0.0585546 0.00268522 0.00208115 2.86571e-05 0.00012094 0.00119693 0.00230976 0.0608662 0.00747042 5.76545e-08 3.56787e-05 0.393872 0.00182017 
0.00142558 0.011655 0.00301444 0.0234874 0.000949542 0.016392 0.0378955 0.331384 0.0140013 0.00229636 6.20123e-05 0.00168427 0.0207397 0.0776026 0.11591 0.00231466 0.00257119 0.0199126 0.0659187 0.0734336 0.0189067 1.29502e-07 0.020384 0.102176 0.0358834 
0.00023353 0.00101994 0.00189906 0.0204534 0.000466977 0.000456718 0.0150444 0.879042 0.000719455 4.18232e-05 0.000486749 8.7944e-05 0.0308026 0.00063688 0.000949263 2.5338e-05 9.0053e-05 0.000870475 0.00446614 0.0285004 0.00701531 0.000643463 0.00247241 0.00315859 0.000417029 
0.000391655 0.00799094 0.0168651 0.0123708 0.002742 0.00541295 0.0159665 0.374715 0.00313718 0.00782557 0.000187192 0.0008333 0.109495 0.00963127 0.0209152 0.00156431 0.0184102 0.0133599 0.00218019 0.0173827 0.00396883 5.10965e-06 0.00153482 0.350456 0.00265899 
0.00479913 0.00375824 0.0132976 0.0351475 0.0010455 0.0427146 0.0462804 0.261016 0.00441461 0.00342813 0.000211547 0.000481351 0.0155053 0.0247824 0.138717 0.00255005 0.00275231 0.0834441 0.00585245 0.194537 0.0265173 5.04579e-05 0.0142566 0.065813 0.00862838 
0.00219791 0.00592076 0.00157241 0.00693708 2.33007e-05 0.0357062 0.0165056 0.776398 0.00188021 0.000452197 1.88518e-05 1.44942e-05 0.00728487 0.00603811 0.0246265 1.43149e-05 0.000209039 0.0361076 0.00204408 0.0453573 0.00349933 0.000534234 0.00436146 0.0157935 0.00650251 
2.05725e-08 4.28079e-05 0.000429995 0.00210502 1.50165e-07 1.30643e-05 0.0286911 0.644116 1.86088e-05 0.000359741 2.10943e-10 9.66902e-06 0.0258087 0.000572374 0.000278138 1.13991e-06 0.000402572 0.0115332 1.98254e-05 0.0182151 0.00215982 4.40711e-07 6.61478e-07 0.265222 2.17363e-11 
7.91645e-05 0.0484444 0.00817769 0.0626461 0.00133936 0.0150784 0.0402009 0.286302 0.00260617 0.000372308 0.000344912 1.00467e-05 0.109536 0.0200709 0.0701628 1.14312e-05 0.00134892 0.0907518 0.0440448 0.0275078 0.0682928 7.59235e-05 0.00154164 0.0826148 0.018439 
6.55423e-05 4.35764e-05 4.67566e-05 0.00443797 4.28926e-05 0.00498162 0.00128615 0.809916 0.00302495 0.000986167 0.000193998 4.88355e-05 0.00445877 0.00178965 0.00186992 8.46842e-08 0.000388275 0.00831794 0.000247438 0.0404484 0.00023514 6.68419e-06 1.33431e-06 0.117124 3.79432e-05 
