0.019275 0.000234258 0.108832 0.0346322 0.0436015 0.0107603 0.000717768 4.90941e-06 0.00673942 4.91296e-06 0.000266751 0.000250973 0.0301186 5.21016e-05 1.72046e-06 0.00021543 3.94305e-06 9.33206e-06 0.00838179 3.99734e-06 0.00140187 0.715365 0.000215706 0.000288415 0.000200528 6.8042e-06 0.000534395 0.0153765 0.00248144 2.20445e-05 
0.00399543 0.00478408 0.0642393 0.0131428 0.00636692 0.000679835 0.00105742 0.00762016 0.0127411 1.39198e-05 0.00224724 0.000174023 0.0291985 0.000684736 2.09029e-05 0.0328086 3.9068e-05 0.000167717 0.000461592 0.0419571 0.044858 0.678883 7.84547e-05 0.000885018 0.000890846 2.15655e-06 0.000188646 0.0114096 0.0402997 0.000104429 
0.00951893 0.0175057 0.0518295 0.0159055 0.00755333 0.00753147 0.000850476 0.000609044 0.00530099 2.91465e-06 0.00102711 0.0712053 0.124108 0.0243082 8.5381e-05 0.0728304 0.00538648 0.000783858 0.000283139 0.00121568 0.000224702 0.512565 0.0184411 2.3884e-05 0.00187383 4.35037e-06 0.00039809 0.0273184 0.020936 0.000373887 
0.0388456 0.0110598 0.0829579 0.0815673 0.00921567 0.000689166 0.00272783 0.00012224 0.0206895 0.000294615 0.000126008 0.00883229 0.226121 0.0119376 3.4572e-06 0.00139289 0.00394407 0.000525877 0.00115534 0.000908426 0.000321617 0.302372 0.0113945 2.36023e-05 0.0223982 0.0019448 0.00136185 0.145625 0.0112961 0.000144868 
0.05257 0.0810835 0.0550587 0.00999564 0.00502024 0.0317664 0.00654604 8.13107e-06 0.0238188 1.7313e-05 0.00934608 0.0023399 0.0115692 0.0111647 1.40161e-05 0.0137252 0.000107848 4.62899e-05 0.00346604 0.000147223 0.000104051 0.611964 0.00859371 4.51133e-05 0.00595784 3.5741e-05 0.0021727 0.0356236 0.0176228 6.89228e-05 
0.0605819 0.129692 0.159914 0.00119384 0.0182051 0.0173343 0.051906 1.35939e-05 0.060662 0.000348959 0.000913468 0.00580649 0.000429634 0.00165697 1.32933e-06 0.0026607 2.98276e-05 0.000207358 0.0101651 2.41403e-05 0.000132967 0.399993 0.0201629 2.49919e-06 0.00048063 0.00184916 0.014713 0.0385964 0.00229467 2.75028e-05 
0.0648997 0.0115678 0.161168 0.0578103 0.00265146 0.0144438 0.0306956 2.89365e-05 0.0504051 0.000534433 0.00235981 0.0168011 0.0701245 0.0267417 3.98373e-05 0.00200263 0.015703 3.22703e-05 0.00177035 0.0804406 0.000816473 0.194807 0.00771098 7.63409e-05 0.0218852 0.000350387 0.00560743 0.143725 0.0140391 0.000761545 
0.0570174 0.00491215 0.067292 0.0886065 0.00158625 0.00159643 0.00412573 0.0010373 0.00425108 2.1442e-05 0.000683048 0.000769962 0.245438 0.0133884 0.000266133 0.00138879 0.000427817 0.000126578 0.00211377 0.00015674 0.01046 0.258536 0.0141872 0.000129412 0.00648915 0.000955502 0.000237808 0.0326511 0.180567 0.000581359 
2.08908e-05 0.000231097 0.272144 6.45113e-05 0.00758333 0.0116431 0.00776901 6.24466e-06 0.0980054 0.00173153 0.0104507 1.33227e-05 0.000810228 2.30858e-05 2.38578e-06 0.00037117 9.93347e-05 1.18733e-05 0.00753676 4.65272e-06 2.10769e-06 0.471833 0.0110563 7.81203e-06 0.00070029 0.00042588 0.0927477 0.000713018 0.0039601 3.13017e-05 
0.0269307 0.0210651 0.121232 0.0376417 0.0627954 0.00773793 0.0263521 0.000242012 0.0566612 0.0059411 0.00092433 0.00142214 0.0707179 0.0113126 1.89128e-05 0.0587967 0.010045 0.00104731 0.00154765 7.26897e-05 6.57071e-05 0.310285 0.0537846 0.00585031 0.0127647 5.53686e-05 0.00299079 0.0703065 0.0206338 0.000759236 
0.036213 0.00415427 0.127644 0.0332153 0.00585857 0.00364155 0.115354 0.0206384 0.0157068 6.66583e-05 0.000330772 0.00163782 0.00708724 0.000123786 0.00123482 0.00708595 0.000137377 0.000297603 0.000338363 0.000113942 0.093704 0.456847 0.00243102 9.0428e-05 0.0013369 6.73623e-05 0.00488097 0.0367217 0.0229873 5.23869e-05 
0.00219597 0.0413991 0.027363 0.00109974 0.00339912 7.09004e-05 0.000664691 0.00112629 0.00278115 0.297711 0.0222259 0.00700389 0.000504427 0.00454635 4.58338e-06 0.011904 0.00350332 0.019858 0.000705268 0.000440061 1.65493e-05 0.366541 0.0495712 0.0134729 0.000454728 1.35757e-06 0.000609988 0.117518 0.00199868 0.00130804 
0.0200368 0.00249478 0.125983 0.0208275 0.0131454 0.00146209 0.00308503 0.00281716 0.0341087 0.00404396 0.0510021 0.0103332 0.00769325 0.0357797 0.0274562 0.0652618 0.0459485 0.0917025 0.008647 0.000188167 0.000737027 0.172438 0.0688468 0.00705288 0.000714042 0.00534341 0.0246118 0.118236 0.0138586 0.0161441 
0.0522995 0.00605697 0.199319 0.0204204 0.0632203 0.027679 0.0128499 0.00321562 0.0885638 0.0192668 0.00369963 0.00547066 0.00515836 0.0161455 6.33954e-05 0.0371035 0.0174306 0.00640841 0.00413138 0.000132799 9.05366e-06 0.249988 0.03658 0.00431134 0.00216965 3.47948e-05 0.00673571 0.089611 0.0197417 0.0021833 
0.00325119 0.0585594 0.0370983 0.0308273 0.00897766 0.00193528 0.165617 5.23873e-05 0.124285 0.000564881 0.0683286 0.00479793 0.00190045 0.000641703 6.35321e-06 0.00196659 0.000115281 0.0116316 0.00286822 3.66448e-05 0.000505079 0.310948 0.1448 3.80127e-05 0.000282988 0.00127749 0.00148222 0.0138562 0.00332863 2.03873e-05 
0.0466328 0.159327 0.182613 0.0369529 0.00997951 0.00103068 0.00259677 0.0260483 0.0047094 0.00351021 0.00105487 0.00155846 0.0282362 0.0484263 8.21336e-05 0.0124187 0.00160207 0.00100727 0.0101548 8.26744e-05 0.000381531 0.194508 0.0124479 0.00124657 0.0202882 1.52932e-05 0.00377572 0.157279 0.0308215 0.00121171 
0.0751243 0.00600302 0.147808 0.0697183 0.024385 0.00763524 0.00286812 0.0202026 0.0429535 0.000723156 0.031466 0.00800345 0.0322578 0.00316138 1.21122e-06 0.115692 0.00966746 0.0121627 0.0043593 0.0123783 0.00027396 0.200043 0.0115793 0.00741068 0.000877083 4.37354e-05 0.00997056 0.104499 0.0376154 0.00111708 
0.0385829 0.0361922 0.0584333 0.0241675 0.019085 0.0066446 0.0138684 0.000315298 0.0175926 0.00167206 0.00301295 0.00601782 0.013378 0.00631478 0.00060136 0.00723872 0.00348435 0.00184691 0.00282592 0.00259767 0.000508517 0.650737 0.01347 8.28323e-05 0.0071908 0.000289002 0.00427736 0.0353732 0.0230251 0.00117384 
0.0179382 0.00281255 0.116781 0.0543332 0.182927 0.00125139 0.00402314 0.00520232 0.0470443 0.000137308 4.12783e-05 8.71335e-05 0.0195383 0.00323099 1.75003e-06 0.00103097 0.000589564 5.44664e-05 0.00400513 0.00179848 0.00618324 0.464564 0.000361208 0.000687451 0.00556864 1.6061e-05 0.00945754 0.0260575 0.022235 0.00204048 
0.008229 0.00437346 0.0181971 0.0849973 0.00297251 0.00166586 0.000922199 6.25155e-06 0.14054 1.49121e-05 0.00369467 0.00080616 0.0132113 0.00185652 7.58122e-09 0.00565874 0.00670533 0.000158269 0.000812874 9.49859e-09 1.0818e-07 0.693972 0.00374742 9.75969e-06 0.00677413 0.000558001 0.000115458 7.43502e-07 9.75288e-09 5.37512e-09 
0.0455431 0.0622224 0.168261 0.0753969 0.0910681 0.000498368 0.0329003 0.000407065 0.0741924 0.000569339 0.00290695 0.00969142 0.0267271 8.28847e-06 2.75439e-06 2.47842e-05 0.00019035 2.39212e-05 0.000477143 4.57493e-07 9.948e-05 0.225236 0.0218931 1.48181e-05 0.00180955 7.40487e-06 0.0435341 0.071982 0.00239731 0.0419148 
7.00805e-05 0.000666335 0.00810566 0.00590846 0.00135644 0.0370373 0.00129593 5.75197e-05 0.0188771 4.31157e-06 0.00383001 7.71829e-05 0.0248576 0.00178018 2.40696e-05 4.93706e-06 5.33173e-06 1.5742e-05 0.000883894 0.00177366 0.000297362 0.886976 0.000122521 6.53715e-05 0.000962201 7.2195e-05 8.13087e-05 0.00154919 0.00319663 4.54678e-05 
0.0133906 0.0106785 0.129662 0.00923731 0.0056802 0.00205888 0.00818327 8.12548e-05 0.0322837 0.0013329 0.000238374 0.00109608 0.0209384 0.00380048 1.12561e-05 0.0173436 0.00416451 0.000135979 0.000417718 0.000121865 6.3159e-05 0.614976 0.0203325 4.23685e-05 0.0776584 8.18362e-05 0.00137541 0.00986726 0.0126137 0.00213224 
0.0606406 0.00641198 0.131871 0.0403718 0.0251429 0.00550245 0.00792134 0.000722686 0.0504198 5.3424e-05 0.000297574 0.039951 0.00687645 0.012975 5.38255e-05 0.00235872 0.000241836 1.78422e-05 0.00405578 0.00123585 4.60749e-05 0.36435 0.0415828 1.283e-05 0.0121336 4.66706e-06 0.0733823 0.0682762 0.0428746 0.000215009 
0.0129891 0.00507341 0.28139 0.00314408 0.0594264 0.0262624 0.00467813 0.0082836 0.0622615 0.000525848 0.0184223 0.0032337 0.00301616 0.00114636 2.55434e-08 0.0354183 0.000130598 6.15444e-07 0.000866922 3.61783e-07 0.000343366 0.42407 0.0114063 5.76359e-05 0.00155817 0.00228919 0.00482959 0.0253383 0.00378834 4.92037e-05 
0.0145294 0.00977292 0.0196131 0.046451 0.0392739 0.0148158 0.0124531 0.00144377 0.0146177 0.000398021 0.0281332 0.00044479 0.0045107 0.00192514 2.98436e-07 0.00506492 0.00568492 0.000151611 0.00128431 0.000679361 0.00022977 0.510609 0.0290975 1.88459e-05 0.0154607 5.7627e-05 0.000691185 0.0673738 0.0772998 0.0779135 
0.0159692 0.0451069 0.157353 0.00402352 0.00418648 0.000184525 0.00414196 0.000412634 0.00559093 0.00013079 0.189775 0.00019047 0.00746491 0.00437992 9.75023e-11 0.0276673 0.00545857 0.000407282 0.000481601 3.62665e-06 0.000103116 0.435398 0.00244206 0.00122443 2.98112e-06 0.00089167 0.00257226 0.0741037 0.0103334 2.23608e-08 
0.0391827 0.0088548 0.122591 0.0200631 0.033198 0.00250259 0.00245153 6.88424e-06 0.0575006 0.0013426 0.00149031 0.000470964 0.0148017 0.00696144 2.98041e-05 0.0151812 0.000336741 0.00883862 0.00130558 0.0184033 6.15037e-05 0.544899 0.0115357 1.44801e-05 0.00285867 0.000119691 0.00645879 0.0579051 0.0203342 0.000300078 
0.11505 0.00855633 0.157916 0.0212616 0.00945859 0.00385907 0.00082826 0.000614429 0.0229017 0.00222507 0.000179977 0.00156453 0.00814917 0.0077813 3.03968e-05 0.00126857 0.000255972 0.000203756 0.0053424 5.94802e-05 0.00115067 0.510708 0.00288727 1.46424e-05 0.0090083 0.000179919 0.000695715 0.077513 0.0276705 0.00266622 
0.0659967 0.0523476 0.152399 0.0219112 0.0276715 0.0411646 0.0192834 0.00346549 0.0790865 0.0132355 0.0982331 0.0125163 0.00569096 0.0227414 0.0140081 0.0133536 0.0194241 0.000961077 0.00311217 0.00120744 4.42402e-07 0.152824 0.0295073 0.00163407 0.0309563 0.000607835 0.00864032 0.0679835 0.0394856 0.000551376 
0.0630711 0.0411036 0.12513 0.0297103 0.0951313 0.0108478 0.0189493 0.00483544 0.0656385 0.00167788 2.93665e-05 0.000811635 0.0502625 0.0104302 9.49999e-07 0.000451642 0.00158042 0.000168571 0.00400694 0.0152508 0.00422363 0.348498 0.000120963 0.00100485 0.0328927 1.13809e-05 0.000728061 0.0336522 0.0397779 1.76528e-06 
0.0214024 0.0376243 0.0720978 0.0214619 0.0732157 0.00488237 0.00748086 0.0373705 0.0333802 0.0116104 0.00117721 0.00240593 0.0014384 0.0181447 0.00028893 0.00110152 0.000788998 0.000104582 0.00299519 0.015327 0.00052861 0.595398 0.00230544 0.000318574 0.00182933 9.59065e-05 0.00178102 0.0160495 0.0173939 1.03717e-06 
0.0169328 0.00739246 0.0593823 0.0108907 0.00361987 0.00421069 0.00465791 0.000660728 0.00380519 0.000777684 0.000750607 7.90955e-06 0.0193325 0.00270438 5.43095e-06 0.0173243 0.00196439 8.23376e-05 0.00165992 1.53408e-05 0.00292281 0.632416 0.00299802 0.00127649 0.00433234 0.0143071 0.00500139 0.098577 0.0819534 3.78956e-05 
0.0317469 0.0248349 0.0486961 0.0742102 0.00908063 0.000769477 0.00599302 9.99079e-05 0.0155496 2.76738e-05 0.000110181 0.0257462 0.0164603 0.00618404 0.000193755 0.0268438 0.00124486 0.00393566 0.00023347 2.27531e-05 2.48114e-05 0.455457 0.115589 0.000704221 0.00963559 1.29542e-05 0.00160904 0.0397463 0.0851775 5.93693e-05 
9.52633e-06 0.00411414 0.0777309 0.0107441 0.00474264 7.07088e-06 0.00432387 4.03625e-05 0.0171506 6.18002e-07 1.30426e-06 5.19494e-06 0.0200207 0.00245404 3.56441e-06 0.000642153 0.000113484 8.1973e-05 0.00247009 6.97617e-06 7.13477e-06 0.510684 2.43921e-06 0.000570159 0.000459571 9.20027e-07 0.00101144 0.0359646 0.30663 6.63632e-06 
0.0395488 0.0154896 0.188 0.0259201 0.0407713 0.015158 0.0311015 0.00341294 0.0592641 0.0308188 0.000587306 0.00411168 0.00921176 0.0100516 0.00012388 0.0779004 0.00162043 9.43661e-05 0.00558853 0.000370996 6.91233e-05 0.345296 0.0474381 0.000609768 0.00216654 0.000132013 0.00349636 0.0174761 0.023527 0.000643809 
0.00393895 0.0283719 0.0231468 0.00320963 0.00807122 5.81506e-05 0.00158456 0.00221859 0.00995579 0.000527453 0.00515796 0.0104629 0.00367088 0.0164898 0.000181385 0.0362341 0.00506536 0.00172801 2.66772e-05 1.9602e-05 2.92798e-08 0.418145 0.0555135 0.00609839 0.00968694 2.81e-05 0.00876305 0.336345 0.00308892 0.00221092 
0.040854 0.0019106 0.124181 0.016951 0.0342501 0.000347301 0.0025917 0.0476357 0.00936616 0.00513518 0.0312118 0.00611044 0.0522945 0.00134318 4.26779e-06 0.103456 0.0624336 0.00365133 0.00327143 0.000368662 3.33056e-05 0.370504 0.0116388 0.00679134 0.00102027 5.19235e-05 0.00071987 0.0478968 0.012545 0.00143006 
0.0550062 0.0914861 0.196995 0.0100432 0.0449831 0.00613978 0.0541213 0.00219925 0.0970198 0.0110763 0.0010052 0.00333202 0.000172048 0.00171901 1.22931e-05 0.0673002 1.84584e-05 1.7666e-05 0.00017482 0.00171421 4.6891e-07 0.224974 0.094985 5.47811e-05 0.0248737 1.17465e-05 4.25055e-05 0.0097729 0.000743728 4.75429e-06 
0.0195703 0.000263436 0.263221 0.000403478 0.0490454 0.0253594 0.000431701 0.0269365 0.0829762 0.00363198 3.67773e-08 0.000876301 9.49535e-08 0.00197375 3.03135e-08 0.0318889 0.00528705 0.000271869 0.00166675 0.00022298 1.31536e-07 0.414106 0.0110241 0.000296424 0.000153502 0.000311875 0.0108916 0.0157446 0.03327 0.000174658 
0.0132186 0.00810321 0.0473801 0.0111751 0.00842449 0.00180126 0.00237693 0.000216004 0.0173603 0.000518443 0.00304441 0.00773717 0.0227845 0.0207267 2.04606e-05 0.00189697 0.00332272 2.80789e-05 0.0035884 0.000589836 0.000418591 0.772008 0.0136493 0.000122356 0.015208 0.000129221 0.00413477 0.0133378 0.00658349 9.49805e-05 
0.0373722 5.10348e-06 0.0623624 0.0547487 0.00414671 0.0198027 0.00142757 5.32013e-07 0.124125 4.19429e-07 8.84232e-07 0.0261843 0.0313813 0.0680069 2.41642e-06 0.00939552 0.000267575 1.57457e-06 0.00188777 4.72868e-06 0.00525289 0.455707 0.0450274 1.81711e-07 5.26185e-06 5.56812e-05 0.000700954 0.0362361 0.0158853 4.49786e-06 
0.0474164 0.00654575 0.179333 0.0273146 0.0341622 0.0349008 0.0223417 0.159266 0.0457063 0.00375137 0.00195279 0.00094973 0.00458459 0.00120993 0.000156442 0.00307105 0.000187259 4.3293e-05 0.00631994 0.000385859 0.0014835 0.250361 0.0013113 0.000360498 0.00295408 7.99208e-05 0.00180767 0.0551944 0.106609 0.000239845 
0.0517503 0.00691905 0.166902 0.0132973 0.0199894 0.00298056 0.00770636 0.0136361 0.0352837 3.27282e-05 0.000415734 0.00046138 0.0225421 0.00191827 0.000794864 0.0467715 0.000686593 9.34608e-05 0.00141623 4.1571e-05 0.00915427 0.281288 0.0020286 0.000108235 0.000906486 2.90479e-05 0.00044726 0.137491 0.174851 5.73003e-05 
2.23197e-06 2.23171e-06 0.167395 2.23194e-06 0.0100443 2.23169e-06 2.23131e-06 0.0124855 0.00959937 2.2295e-06 0.00357109 2.23118e-06 0.015177 2.23135e-06 2.2282e-06 0.0615833 0.00379528 2.22873e-06 2.23107e-06 2.2272e-06 0.0187271 0.633306 2.23169e-06 0.0142848 2.23085e-06 2.2259e-06 2.23112e-06 0.0209824 0.029011 2.22935e-06 
0.0420142 0.00456261 0.058026 0.0838401 0.0231998 0.00501315 0.0157891 0.0308682 0.0788993 3.52999e-05 0.000212624 0.00308356 0.00177671 0.000104215 1.25955e-06 0.00170992 0.0022251 4.59723e-06 0.00403446 0.000157424 0.00138397 0.461683 0.000101332 4.1574e-05 0.118966 6.20229e-06 0.00387827 0.0190301 0.0339734 0.00537857 
0.0128655 0.00959123 0.193616 0.00968604 0.00514029 9.96178e-06 0.0011121 0.000256091 0.0894711 0.000352933 0.000598277 0.00080258 0.253372 0.00122582 3.28964e-06 0.0119253 0.00166936 4.20427e-05 0.000403406 2.03915e-08 3.61011e-05 0.258604 0.0057554 0.000140552 0.0138116 3.61267e-05 0.000102421 0.0650367 0.0643341 6.36465e-08 
0.0221157 0.0339763 0.0955518 0.00454666 0.00164553 0.000770046 0.0002788 4.66881e-06 0.00409542 0.00027164 0.0046395 0.0109932 0.0496521 0.00600088 3.62501e-07 0.0556111 0.00685653 0.0609556 0.000220136 0.000275198 0.000358737 0.552447 0.00323672 1.9549e-05 0.00180403 0.000299504 0.000643347 0.0673162 0.015299 0.000114528 
0.0499576 0.00144438 0.202217 0.0567245 0.0159196 0.0185374 0.000991281 0.0125154 0.0391936 0.00116986 0.0106521 0.0248524 0.0612425 0.0236764 0.000138582 0.0754293 0.056063 0.00768003 0.000137937 0.00205635 0.000202511 0.204887 0.0843171 0.0088982 0.000518253 2.38402e-05 0.00366103 0.0319126 0.00315121 0.00182898 
0.0764708 4.48277e-05 0.0630153 6.22332e-05 2.51536e-05 4.20899e-05 0.00578561 4.66766e-06 0.00649477 3.67935e-06 0.000726993 0.00222486 5.9292e-05 0.00716871 2.12183e-05 0.000767538 0.000992339 0.000240943 0.000942166 4.15272e-05 4.24708e-05 0.666077 0.00545745 7.2661e-05 0.0915956 5.47807e-06 0.043619 0.0173835 0.0105727 3.95037e-05 
0.0188478 0.0312585 0.0188593 0.0276356 0.00863348 0.025459 0.00422165 4.37288e-07 0.101148 4.2704e-06 0.00110172 0.00108483 0.010535 0.00765015 6.92147e-05 0.00887933 0.00131433 0.000404396 0.0217534 3.88188e-06 3.96927e-06 0.516208 0.0172389 7.39365e-05 0.00483177 3.98157e-05 0.000889438 0.0340418 0.0207873 0.11702 
0.00707548 0.0154834 0.172206 0.0770669 0.00469328 0.00116194 0.00379203 0.000901256 0.00699509 9.25348e-05 6.14104e-06 0.0858249 0.0859551 0.00176934 1.6782e-05 0.00114217 1.91882e-05 5.98968e-05 0.00225512 0.000255846 0.000351839 0.282546 0.000422593 0.000111254 0.00886767 0.0699275 0.00136203 0.0418083 0.127758 7.29606e-05 
0.0181936 0.0428631 0.137702 0.0435621 0.0251954 0.0266781 0.0229379 0.0264737 0.0643887 7.16949e-05 0.000421386 0.000356941 0.118002 0.00182037 2.1091e-05 0.018063 0.000395556 2.73683e-05 0.00245577 0.000152673 0.000477465 0.265687 0.000394624 0.000129048 0.00861909 0.0102568 0.0036918 0.0263106 0.133826 0.000825174 
0.0181402 0.00256992 0.143603 0.0104823 0.0510147 0.00244908 0.000189769 0.172126 0.00959783 0.00888922 0.0316534 0.00421318 0.0107984 0.00301372 9.69753e-05 0.0531209 0.0442641 0.00069126 0.000367086 0.00614262 0.00347838 0.251441 0.0449707 0.00332811 0.000427694 0.00261447 0.00164433 0.117798 0.000155696 0.000717667 
0.0503105 0.0438696 0.0422482 0.0385492 0.000298996 0.0095678 0.0155494 0.000827179 0.019041 4.81395e-05 0.00611286 0.00387113 0.00251597 0.00748424 2.57523e-05 0.000777047 0.000979719 0.00232575 0.000917733 5.02751e-05 0.000514596 0.64616 0.0123735 0.000154481 0.0312685 0.000133073 0.000559196 0.0586046 0.00478384 7.79321e-05 
0.000260298 0.00192478 0.0301529 0.000988676 0.00429279 0.00128831 0.000207125 0.000882466 0.00217892 1.82971e-05 7.33999e-05 0.0174179 0.0143887 0.000190022 9.94735e-05 0.00244097 0.000363149 6.52654e-05 0.000214933 0.000193199 0.000228316 0.904072 0.00119214 6.45677e-05 0.00863456 2.84752e-05 0.000155879 0.00352092 0.00427858 0.000182767 
0.0546697 0.00992012 0.150523 0.00832012 0.0295133 0.00482556 0.00375173 0.000432589 0.0202616 0.00292574 6.40041e-05 0.00431892 0.029191 0.0170232 3.15847e-05 0.0354564 0.00236004 9.2184e-05 0.00162168 0.000397095 0.000701284 0.52749 0.0459101 0.000202263 0.00293963 4.4215e-05 0.00146495 0.0429032 0.00261173 3.32194e-05 
0.00207484 0.0139526 0.0413258 0.000335641 0.000859491 1.48733e-06 0.00497261 0.00119796 0.0724044 0.000292556 0.0174682 0.000310603 0.00139462 0.00144673 1.00221e-08 0.00352185 0.000139052 8.73322e-07 5.19504e-05 6.01382e-06 1.96392e-05 0.726095 0.0036208 0.000139151 0.00177557 4.95091e-07 5.01535e-05 0.0179042 0.0885989 3.84646e-05 
0.0194491 0.0173016 0.226461 0.0333761 0.0236372 0.00490335 0.0125741 0.000527726 0.00336533 0.000432073 1.60663e-07 6.39919e-07 0.0406007 0.00469421 4.39077e-07 0.00760177 0.000283879 2.86074e-07 0.00434155 0.00115379 0.00159651 0.473595 0.00205256 0.000353786 9.56407e-07 0.00471195 0.000990125 0.0420224 0.0739704 8.17473e-07 
0.0267203 0.0026544 0.0983569 0.0198032 0.0117989 0.0510284 0.00508389 0.00300461 0.0315077 0.000407308 0.00767469 0.000447129 0.108747 0.0175429 2.14293e-06 0.0165009 0.000610077 3.60126e-05 0.000660995 4.58516e-05 0.0186317 0.481616 0.011205 0.00067149 0.00481193 0.00572945 0.00331931 0.0166912 0.0546577 3.29552e-05 
0.0298117 0.000854447 0.0818315 0.17907 0.0179657 0.00913741 0.0107499 1.98825e-05 0.041133 0.0064502 0.00337826 0.000520498 0.0135967 0.00206199 5.8688e-06 0.00644514 0.00780638 0.000763359 0.223489 1.53219e-05 3.20714e-05 0.242605 0.0113018 0.00124767 0.000621523 4.65333e-05 0.00145634 0.0849812 0.0209442 0.00165797 
0.0447385 0.00502778 0.178873 0.0302608 0.00739709 0.0050017 0.00135201 0.0157556 0.0062376 0.00173393 0.00250947 0.00197946 0.124116 0.00397578 1.42906e-05 0.0160101 0.00631489 0.000814668 0.000844647 0.00622732 0.00469703 0.222942 0.00561744 0.0021038 0.000987886 0.207104 0.000393909 0.0728633 0.0240343 7.12682e-05 
0.0511301 0.00890566 0.0576788 0.0311834 0.00560819 0.00370054 0.00448062 1.9779e-05 0.0286639 0.00753153 7.43822e-05 0.00181568 0.00465701 0.00306665 7.58693e-05 0.00216398 0.00860288 1.42851e-05 0.000853047 0.000292664 1.1143e-05 0.687256 0.0107099 4.57297e-05 0.0589054 1.82029e-05 0.00254742 0.00933361 0.00968129 0.000972673 
0.0607991 0.0318236 0.159449 0.0304336 0.121667 0.0131254 0.0137588 0.000776848 0.051701 0.0252924 0.000210981 0.00453987 0.011154 0.00968535 2.46729e-07 0.0239837 0.00141029 0.000430304 0.0292314 0.00192505 7.63561e-06 0.310337 0.00523216 0.000304116 0.0667517 0.000419219 0.00459174 0.0137333 0.00711604 0.000109942 
1.90144e-06 0.118269 0.0453946 2.08678e-06 0.0157994 0.00228334 0.0099303 0.00895088 0.00286154 0.00665633 0.00586664 0.0399104 0.0120964 0.00107415 0.000142529 0.0141494 1.57567e-07 0.000185687 1.56646e-06 1.39294e-06 6.50642e-05 0.476224 0.0475706 5.18249e-05 0.00377487 1.8429e-07 0.00184352 0.0390529 0.142642 0.00519712 
0.031057 0.000708544 0.10237 0.011986 0.0232489 0.0101908 0.00151675 0.0357493 0.0196458 1.93624e-05 2.27826e-05 0.000324861 6.1624e-06 0.0013788 2.20548e-06 0.000525058 0.00175661 9.27277e-06 0.0017054 0.000328948 0.0008739 0.696793 0.000103606 0.000211883 0.00247101 8.15223e-05 0.00128212 0.00217944 0.0534472 4.10586e-06 
0.0385784 0.00404191 0.178433 0.0406789 0.0155546 0.0110345 0.00978339 5.38035e-05 0.047569 0.00221743 0.0157031 0.00345793 0.0115451 0.00209602 1.75514e-07 0.010547 0.122277 0.000274119 0.00343967 2.15195e-05 0.000330539 0.229612 0.0134334 0.00916275 0.00604663 3.76772e-05 0.00548483 0.0664518 0.151063 0.00106987 
0.0204256 0.0196899 0.285121 0.0248525 0.00476718 8.32512e-05 0.00805766 0.00145493 0.0379467 0.00110303 0.000492517 0.000219437 0.0171323 0.0157808 4.12787e-06 0.00692304 0.00402124 0.000516548 0.00138202 0.0194761 0.000147764 0.424274 0.00258338 0.000233192 0.0463281 1.94021e-05 0.00348624 0.0232813 0.0301729 2.42149e-05 
0.0187702 0.00994183 0.198203 0.0358492 0.0560819 0.00029906 0.0194595 4.44003e-05 0.0478531 6.42767e-07 0.00583904 0.0655149 0.019424 0.0328936 3.61661e-06 0.00163516 0.000412938 0.000197362 0.000613028 0.0882765 7.19997e-06 0.292907 0.0656875 5.58935e-06 0.000741788 7.20272e-06 0.00173071 0.0365825 0.00101093 6.69707e-06 
0.103495 0.00234621 0.149816 0.0399288 0.0507513 0.0339444 0.00503883 0.119023 0.0652985 6.19565e-05 7.28972e-05 0.00107226 8.05602e-07 0.000711843 2.88278e-07 0.000509054 0.000294731 2.6111e-05 0.00566733 0.00108181 0.000765497 0.350721 0.000340448 0.000181672 0.00547711 2.56161e-05 0.00414308 0.0072525 0.0519513 5.36727e-07 
0.0217775 0.0243543 0.144411 0.042994 0.0186065 0.00210895 0.00632855 6.53427e-05 0.0132227 0.00845129 0.00134845 0.0228486 0.00514593 0.000923954 2.7738e-06 0.115286 0.0034555 0.000161669 0.00645921 0.000371316 0.000159182 0.257009 0.00921751 0.142742 0.00663659 4.72622e-05 0.056716 0.0273577 0.0614641 0.000327623 
0.0873823 0.00513243 0.0744625 0.0135599 0.00429466 0.0046245 0.000412784 0.000533506 0.00499152 0.000217052 0.00134686 0.000740519 0.352478 0.0016284 0.00155349 0.00244233 0.002534 3.09575e-05 0.000226401 0.000360293 0.00175012 0.402155 0.00227838 0.00480331 0.000400652 0.000104953 0.000571529 0.0221713 0.00663528 0.000177484 
0.0195251 0.00334823 0.12737 0.00185918 0.00708072 0.000611619 0.00018877 0.00214007 0.0100461 0.00793593 0.0144119 0.00375307 0.00447801 0.0137264 3.74284e-06 0.29271 0.0454313 0.00219818 0.00041705 5.51015e-06 5.85849e-07 0.306252 0.0102409 0.0138005 0.000380848 2.46193e-07 0.000759742 0.0807832 0.0256593 0.00488189 
0.000401364 0.000317366 0.000310663 0.162093 0.000178163 0.000297996 0.000318976 3.38086e-05 0.000194288 2.67267e-05 5.53652e-05 0.000219102 0.000419765 0.000292628 0.000151191 3.09887e-05 3.34799e-05 9.8728e-05 0.00033088 0.0484104 0.000301352 0.783863 0.000102876 1.14166e-05 0.000327424 4.0392e-05 0.000239837 0.000231871 0.000386723 0.000280303 
0.076921 0.108431 0.217609 0.0496577 1.21687e-06 0.00328692 1.21672e-06 1.21555e-06 0.0513602 1.21574e-06 0.00802884 0.0122894 1.21687e-06 1.21675e-06 1.21503e-06 1.21666e-06 1.21667e-06 1.21532e-06 0.00888232 1.21448e-06 1.21555e-06 0.308712 0.0730171 0.00389533 1.21647e-06 1.21377e-06 1.21662e-06 0.0658445 0.00961391 0.00243252 
0.0373552 0.000395339 0.0277876 0.0636181 0.00504586 0.000621369 0.000417981 0.00546059 0.00790719 0.00016921 9.21269e-05 0.000219707 0.0306815 0.000918606 0.000491886 0.00180594 0.0134138 0.00016926 0.000731119 2.93611e-05 0.0611544 0.687974 0.00791882 9.91543e-05 0.000544496 6.39036e-06 6.00418e-05 0.0225711 0.0223388 6.41265e-07 
0.0940961 0.0297655 0.170097 0.0445912 0.142201 0.0276953 0.012927 0.000188985 0.0513193 0.000327392 0.0138787 0.00456669 0.00370763 0.00124998 2.89026e-07 0.0028693 0.000115242 0.000144553 0.00350052 2.705e-05 2.97716e-05 0.22094 0.00441589 0.000136052 0.00441383 3.66076e-05 0.00991435 0.0537887 0.102547 0.000509831 
0.00714138 7.83456e-06 0.256263 0.00293412 0.0956144 0.0633843 0.00325229 0.057343 0.205273 0.000192626 1.70976e-08 2.87218e-05 0.000241894 8.62571e-05 6.5285e-09 0.000395967 0.000204961 4.1961e-06 0.00328276 0.000137251 6.11851e-08 0.268531 3.59736e-07 0.000140078 0.00512509 0.000365 0.0172829 0.00117905 0.0115884 8.70554e-08 
0.120375 0.0477185 0.0697472 0.0137239 0.00204239 0.00116623 0.0246186 1.32459e-06 0.0498253 6.08164e-05 3.5492e-06 0.00627778 0.00241781 0.00251069 0.000143159 0.00755675 1.66103e-05 5.88525e-05 0.00569461 0.000743839 1.17564e-06 0.36001 0.00239194 8.12757e-07 0.0185202 0.000248952 0.000534355 0.114686 0.148867 3.62187e-05 
0.0165679 0.00180173 0.130945 0.00568339 0.00144298 0.000358307 0.000864055 0.0120495 0.00500894 0.000324573 1.7241e-05 0.000653877 0.0321829 0.00458518 0.00146007 0.00532334 0.000216976 9.90098e-05 0.000397975 0.000859029 0.0366937 0.654082 0.0210395 5.18441e-05 0.000291908 1.49943e-05 8.80124e-05 0.0275406 0.0392202 0.000134933 
0.0152636 0.00583562 0.218615 0.0154949 0.0106833 0.00398356 0.00343113 0.0635445 0.0732461 0.000159114 3.27709e-05 0.000143121 0.0337008 0.00145373 5.91618e-06 0.00240921 0.000247004 0.0226059 0.022731 0.000641618 0.000410084 0.330875 0.000351356 5.19461e-05 0.00169102 5.30306e-05 0.0487198 0.0611456 0.060725 0.00174993 
0.0159692 0.0451069 0.157353 0.00402352 0.00418648 0.000184525 0.00414196 0.000412634 0.00559093 0.00013079 0.189775 0.00019047 0.00746491 0.00437992 9.75023e-11 0.0276673 0.00545857 0.000407282 0.000481601 3.62665e-06 0.000103116 0.435398 0.00244206 0.00122443 2.98112e-06 0.00089167 0.00257226 0.0741037 0.0103334 2.23608e-08 
0.0107579 0.0462461 0.0558383 0.0362983 0.00202139 2.65578e-07 0.00168947 9.9134e-06 0.00955508 4.88121e-05 4.54642e-05 0.00256855 0.000671258 0.00675807 0.000274867 8.55963e-05 5.51093e-07 2.01945e-06 0.00621001 2.9179e-06 1.76696e-06 0.358529 0.123863 2.88178e-07 0.0221837 3.68719e-06 0.00255509 0.306821 0.00695534 1.6512e-06 
0.0162303 0.00883573 0.256351 0.0232735 0.0328337 0.00666713 0.0110489 3.52051e-05 0.198127 0.00010863 0.0106578 0.00142828 0.0172198 0.00954658 8.09995e-07 0.0227013 0.00149967 0.000900342 0.0143045 0.000512798 0.000179882 0.273616 0.0311022 2.72994e-05 0.0015345 0.000312126 4.71188e-05 0.0320776 0.0285502 0.000270517 
0.0212276 0.00683129 0.225464 0.0310095 0.0138774 0.0015929 0.0581212 0.0210911 0.0158482 0.00290678 0.00113752 1.80406e-05 0.0333607 0.0109331 2.14544e-07 0.105266 3.97357e-05 4.22459e-05 0.00115006 0.0370279 0.000794718 0.305042 0.00066579 0.00010999 0.00189446 0.000591096 0.00360771 0.0257138 0.0746161 1.92834e-05 
0.0343542 0.014442 0.107864 0.0253261 0.0256339 0.0156231 0.060985 0.000226258 0.0251715 0.00135401 0.00253839 0.00875502 0.00708402 0.0022198 2.77261e-06 0.0177086 0.00101359 0.000381713 0.0362863 0.00179128 2.64556e-05 0.481962 0.0285465 2.77084e-05 0.00612424 0.000362958 0.000829536 0.0732522 0.0197945 0.000311883 
0.00108686 0.0144757 0.0268361 0.0145553 0.000219645 0.00146057 0.0566085 6.1371e-06 0.00760814 9.31139e-08 0.000244414 7.80442e-07 0.00666659 0.00130982 5.35837e-07 0.00233259 5.91863e-05 5.69339e-06 0.000324387 0.000555297 1.07204e-06 0.841182 0.00046644 2.80083e-05 3.13087e-05 1.38867e-07 6.79573e-05 0.0131149 0.0107505 9.97148e-07 
0.0166308 0.0179687 0.0571811 0.00993374 0.00617685 0.0048695 0.00221368 0.000153697 0.00249412 5.68516e-05 0.0493266 0.000447635 0.00611184 0.00436172 4.82873e-05 0.00360183 0.00175201 0.000132043 0.00116918 0.000460965 0.000431541 0.771563 0.00970143 8.554e-05 0.00273581 0.000872263 0.00106977 0.0167544 0.0115355 0.000159723 
0.0321124 0.00335049 0.113171 0.0650338 0.147395 0.0179136 0.0148483 7.46355e-06 0.0226206 7.48502e-06 7.5295e-05 0.000109209 0.00408246 0.0013526 1.40415e-06 0.00132329 0.000809127 1.43043e-05 0.0123614 3.78752e-06 0.000260457 0.537755 0.00260956 0.000440077 0.0015249 1.00372e-05 0.000885914 0.00884261 0.0110442 3.38173e-05 
1.90423e-05 1.50581e-05 0.0663672 0.00613882 8.45436e-06 1.41392e-05 4.55238e-05 0.0396844 0.0202177 3.98342e-06 2.63183e-06 1.03979e-05 0.0936151 0.00114489 7.18559e-06 3.75392e-05 0.00127327 4.6949e-06 1.57013e-05 0.00353466 0.0516225 0.676645 4.88215e-06 0.0144278 1.55381e-05 1.93633e-06 0.00288371 0.000783296 0.00377422 0.0176812 
0.0244944 0.00367633 0.0733825 0.0481769 0.00243398 0.000567384 0.00275363 8.17524e-05 0.0267827 0.0499662 0.00261211 0.000198232 0.0584819 0.00200175 9.95085e-07 0.01132 0.00905683 0.000853059 0.0010665 5.56465e-05 0.000371814 0.481357 0.0207537 0.0169776 0.0136276 0.000239657 0.000287227 0.058501 0.0889367 0.000985205 
0.0402057 0.00479007 0.148984 0.00722332 0.0191384 0.00625844 0.00105059 0.0226128 0.0386028 0.00971538 0.000100079 0.00232615 0.0145599 0.00175989 0.000160153 0.0217975 0.00645118 0.000141811 0.0581025 0.000124047 0.000643093 0.528124 0.00840675 0.000126669 0.0168033 2.78554e-05 0.00521925 0.0227273 0.0135959 0.000221129 
0.0100744 0.0457385 0.102504 0.00322055 0.0104753 0.0205701 0.0017874 0.000109913 0.00932267 0.000121781 0.00133946 0.000744183 0.0348743 0.00125177 4.66861e-06 0.00106772 0.000124663 8.55813e-05 0.0117047 0.00115379 6.05535e-05 0.683833 0.00332895 4.54803e-05 0.00142696 9.17238e-05 0.00951132 0.024844 0.0203464 0.000236566 
0.0301096 0.00616897 0.107479 0.0121426 0.00110685 0.00562418 0.00239116 5.69386e-06 0.00619311 1.53727e-05 0.0014613 0.000470266 0.00363804 0.00409623 3.1609e-07 0.0036672 0.00141566 0.000104096 0.00319984 4.13981e-06 0.000559048 0.697585 0.00331116 0.000244214 9.4284e-05 1.77962e-06 0.0034469 0.0458326 0.0595397 9.18906e-05 
0.0249035 0.0170705 0.25001 0.0350069 0.0417754 0.0108397 0.00395294 0.00403769 0.0163444 6.15774e-06 0.000268937 0.00124039 0.0648866 0.00253435 0.000134038 0.0131792 0.000296748 6.58029e-05 0.0122226 0.000408525 0.00240828 0.419891 0.00106298 0.000105213 0.00552284 5.88959e-06 0.00131203 0.0305564 0.0392987 0.000651834 
1.33469e-06 1.05511e-06 0.227464 1.46479e-06 0.0569548 9.90671e-07 0.00127319 0.000142899 0.179571 8.65792e-08 0.000804195 7.2784e-07 0.0132592 0.00457184 4.99386e-07 0.00355825 1.10532e-07 3.25362e-07 0.00527862 9.87165e-05 0.00269996 0.357003 0.00246092 3.7543e-08 0.00957384 0.000245012 7.96754e-07 0.0544313 0.0779049 0.00269729 
0.0475325 0.00341271 0.1339 0.0374538 0.132533 0.00350326 0.0408712 0.00303894 0.0446519 0.000463295 0.000750834 0.000864112 0.00376977 0.00308647 7.82712e-06 0.00272345 4.92043e-05 0.00331331 0.0119144 1.96427e-05 0.00530376 0.413172 0.00199143 0.000135971 0.00404045 0.00011025 0.0043101 0.0148009 0.0822274 4.91961e-05 
0.0248717 0.00932854 0.177874 0.0186669 0.144915 0.00133935 0.0139616 0.00052275 0.0970177 0.000296033 0.00689113 0.000522379 0.011607 0.00395798 1.53935e-05 0.0139656 0.0254793 0.000486771 0.003726 7.12428e-05 0.000225014 0.404687 0.00657842 0.00027827 0.00225216 0.000937993 0.00178679 0.0180367 0.00950055 0.00020009 
0.0392347 0.0155252 0.219187 0.0180179 0.0313111 0.00444911 0.0388234 0.00146887 0.0499474 4.33123e-05 0.0184305 0.000152596 0.176491 0.00515099 1.24747e-07 0.0171139 0.0212605 8.1285e-08 0.0019474 2.44121e-07 5.52271e-05 0.229594 0.00469644 0.000252248 0.00353903 4.17851e-05 0.00304653 0.0514758 0.0487247 1.95249e-05 
0.0638371 4.49336e-05 0.094653 6.23767e-05 2.52157e-05 0.00107136 4.515e-05 0.00510577 2.75081e-05 0.00148243 7.79551e-06 3.10022e-05 0.00440845 4.14199e-05 2.13005e-05 0.00239203 0.000120818 1.38854e-05 0.000648436 0.000203012 0.000755628 0.804807 1.45566e-05 5.38166e-05 0.00279073 5.54404e-06 0.00405425 0.0131816 5.47482e-05 3.96177e-05 
0.0219404 0.00658813 0.070684 0.0030083 0.126846 0.0129089 0.000449919 0.0427459 0.00539456 0.00310369 0.001721 0.00123118 0.000893956 0.0025315 0.000112276 0.0937231 0.00736998 0.00330772 0.000272128 5.02135e-06 7.24627e-06 0.505969 0.0267128 0.00129948 0.00033902 1.0899e-05 0.00277521 0.0489926 0.00861267 0.000443276 
0.030688 0.000804114 0.287881 0.011112 0.0181121 1.09173e-06 0.0632795 0.000298219 0.0127076 0.000108592 0.000652079 0.0011825 0.00591595 0.0035353 5.5043e-07 0.0135333 0.00026795 0.00034694 0.0148601 0.00183133 1.10166e-06 0.472244 0.00242079 0.000258439 1.1988e-06 1.42205e-07 0.00586774 0.0303862 0.0214008 0.000301819 
0.0163788 0.0151962 0.206051 0.0220859 0.0283064 0.00184133 0.0452938 1.74614e-07 0.00506453 0.000516354 0.000534676 0.000371311 0.0176857 0.00168566 7.89168e-07 0.00660157 0.00441962 0.00815453 0.00492315 1.54318e-06 0.0905617 0.325455 0.0596026 0.000102356 0.019584 3.92898e-06 0.00362515 0.0935205 0.0224293 1.46708e-06 
0.012473 0.0106073 0.195364 0.00798536 0.133499 0.00979254 0.119754 0.000146999 0.0615742 0.000280926 0.000113152 0.000247493 0.01979 0.00245866 1.18379e-06 0.00134974 0.000129489 0.000153161 0.0268505 2.316e-06 0.00734876 0.279526 0.000239196 1.43009e-05 0.000247739 1.99653e-06 0.0159754 0.0161276 0.0779103 3.53856e-05 
0.0495383 0.0342179 0.0816727 0.0387033 0.0432637 0.00110696 0.00278927 0.00145965 0.0125661 0.0815682 0.032017 0.0134041 0.000515652 0.0093778 8.85273e-05 0.107606 0.0494636 0.0026015 0.00540928 0.00487485 5.11622e-07 0.197627 0.0786337 0.00543661 0.000523657 0.000589272 0.00103329 0.138029 0.00287438 0.00300774 
0.0244402 0.0051242 0.11085 0.0276192 0.0128162 0.00593212 0.00240272 6.33658e-05 0.0627964 9.72335e-05 0.0278342 0.000417665 0.183791 0.000836497 1.72338e-06 0.00224283 0.00241448 9.74529e-05 0.00115317 3.60184e-05 7.67894e-05 0.3895 0.018033 4.97442e-05 0.0130589 0.000450441 0.000516771 0.0222428 0.085102 3.20218e-06 
0.0275329 0.00613627 0.0824634 0.0237381 0.0644719 0.000666297 0.000892179 0.00602806 0.0147481 0.00446696 7.45011e-05 0.000214817 0.0111526 0.000314387 2.25485e-06 0.009009 0.00113744 8.22838e-06 0.000622513 8.54012e-06 0.00064785 0.691738 0.00160638 0.000104093 0.000404766 6.58324e-06 0.000706334 0.0304784 0.0205921 2.6639e-05 
0.00834509 0.018212 0.120278 0.000208481 0.06209 0.000873969 0.0326517 2.02985e-05 0.0766615 0.000136492 0.00561279 0.0344212 0.0122216 0.00939114 0.000386643 0.00273198 0.0031902 0.000252497 0.165442 4.76553e-08 2.88581e-08 0.387644 0.0161438 0.000486514 0.0148748 8.4399e-06 0.000152125 0.00673493 0.0208272 3.86792e-07 
0.0476646 0.0014848 0.00628243 0.0443745 0.0342173 2.91559e-05 3.12041e-05 0.000706488 0.00210039 0.017827 0.000178699 2.14288e-05 0.0129605 0.00265734 1.47446e-05 0.000406262 0.00367662 0.000493166 0.000667312 2.88225e-05 2.94516e-05 0.792625 0.0114681 2.93999e-06 3.2025e-05 3.87218e-06 0.000351288 0.00675998 0.012827 7.78486e-05 
0.0157724 0.107666 0.0231362 0.0177857 0.150807 0.00791825 0.0219476 1.49408e-05 0.0360635 0.0155994 0.0518212 0.00141392 0.0251272 0.0342369 3.8535e-05 0.00196548 0.000343928 0.000187493 0.00606213 9.88945e-05 0.000225528 0.425579 0.0181514 0.0135966 0.00780841 3.9284e-06 0.001509 0.0114836 0.00304603 0.000590125 
0.156193 0.0528589 0.101494 0.0636125 0.00428651 0.00535063 0.00272341 0.000383743 0.0210418 0.00342771 0.000147728 0.00901932 0.0630923 0.00918799 0.00124348 0.00839974 0.0016885 0.000614476 0.000977576 0.00797842 0.00021779 0.383428 0.00482442 0.0130466 0.00216656 0.000115008 0.000633628 0.0521297 0.0292951 0.000421557 
0.00184066 0.00986285 0.138344 0.0219378 0.015376 6.09075e-05 0.00143855 0.0149058 0.030415 1.02632e-07 0.000403305 1.85936e-05 0.0492547 0.000711758 5.91023e-07 0.0866864 4.29157e-05 0.000214533 0.000275624 0.134015 0.0435704 0.302793 4.04267e-07 0.00011122 0.00149216 1.84218e-06 9.42511e-07 0.0227713 0.123434 1.99953e-05 
0.0444905 0.0590306 0.0739514 0.0190466 0.00663679 0.00311863 0.00532459 0.110571 0.00897835 0.000905453 0.000660487 0.00210566 0.00606207 0.00167437 3.75211e-07 0.00460379 6.90687e-05 0.000795602 0.000566996 0.000430031 0.00455341 0.544553 0.00694291 0.000352707 0.00131346 3.67376e-05 0.00347753 0.0513004 0.0375104 0.00093715 
0.0298052 0.00349488 0.204073 0.00642922 0.0148647 0.000557184 0.00110443 0.00622387 0.0163216 0.00167028 0.033614 0.00158472 0.004775 0.00487359 2.13887e-05 0.0779984 0.0387149 0.0104182 0.000400108 0.00328977 2.32273e-05 0.323216 0.00786698 0.0165709 0.000776944 0.0111972 0.00475406 0.132072 0.0394028 0.00388585 
0.215821 0.0457723 0.146649 0.0769382 0.0397558 0.0398961 0.00571304 0.00685603 0.0334502 6.19153e-05 0.0168769 0.000552117 2.76027e-07 0.0104384 9.87751e-08 0.0180876 0.0008238 0.000493254 0.00169607 1.9332e-07 0.00123203 0.250575 0.00314536 5.38501e-05 0.00439503 2.55617e-05 0.00149443 0.0403928 0.0388032 1.83902e-07 
0.00778706 0.00795049 0.0216204 0.0144523 0.000770668 0.000113987 0.011339 9.40445e-05 0.00248869 1.13446e-05 0.0587443 0.000164856 0.00016053 0.000858269 5.94325e-05 0.00149602 0.000566793 3.91731e-05 0.000126816 0.000384981 0.220434 0.519357 0.00327841 0.0214761 0.0889086 2.42465e-05 9.20233e-05 0.0115334 0.00242654 0.00324069 
0.080573 0.0552753 0.184935 0.0797924 0.0316697 0.00670137 0.091227 0.00141 0.0385075 1.70097e-05 0.0167772 0.013691 0.00591193 0.00196398 3.21246e-05 0.0157608 0.00322621 4.06092e-06 0.00186778 3.78665e-06 4.31105e-05 0.236052 0.016116 1.7466e-05 0.0373249 0.000139387 0.00321865 0.00569495 0.0720285 1.72943e-05 
0.0389041 0.0555694 0.170491 0.0130565 0.0145734 0.00391075 0.0474797 0.00227441 0.107136 0.00010837 0.000856156 0.00935893 0.0157926 0.00054294 5.86477e-06 0.0431363 0.000889148 0.0074937 0.0148271 9.99385e-07 3.72588e-05 0.247639 0.0212474 1.94121e-05 0.0753527 0.0023621 0.000618899 0.079909 0.0256456 0.000762214 
0.112742 0.0462694 0.154998 0.0469054 0.0105646 0.0125609 0.00800597 0.00160893 0.0212487 0.000495016 0.00834026 0.00434124 0.0241819 0.00693716 2.12652e-05 0.00258594 0.00635392 0.00506027 0.00801291 0.000446751 0.000975844 0.316072 0.00291433 5.22025e-05 0.0179954 0.000249027 0.00777972 0.0743168 0.0976197 0.000343988 
0.0301096 0.00616897 0.107479 0.0121426 0.00110685 0.00562418 0.00239116 5.69386e-06 0.00619311 1.53727e-05 0.0014613 0.000470266 0.00363804 0.00409623 3.1609e-07 0.0036672 0.00141566 0.000104096 0.00319984 4.13981e-06 0.000559048 0.697585 0.00331116 0.000244214 9.4284e-05 1.77962e-06 0.0034469 0.0458326 0.0595397 9.18906e-05 
0.0293766 0.0056881 0.0971841 0.0619513 0.00370115 0.00454019 0.00593501 0.0012282 0.0282581 0.00249491 0.00945487 0.00623974 0.102905 0.00337949 1.34392e-05 0.00103237 0.0143749 4.41957e-05 0.00431944 0.000120552 0.000185263 0.474531 0.0252276 3.86204e-05 0.00224519 0.000328634 0.000199062 0.0339701 0.080964 6.93232e-05 
0.0801945 0.0209304 0.0133868 0.0711543 0.000305773 0.000113904 2.57095e-05 4.85079e-05 0.00138911 2.10938e-06 0.000496655 0.000826295 0.0515642 0.00497315 1.21243e-05 0.00204474 1.18707e-05 3.56376e-05 2.66653e-05 0.000163867 0.000136174 0.703041 0.00111671 0.000127503 0.00693924 6.49353e-06 1.93241e-05 0.0198496 0.0208547 0.000202636 
