0.0295197 0.0109287 0.0426157 0.0564884 0.00909424 0.0070678 0.0142979 0.000874796 0.141947 0.00153264 0.0042915 0.0651433 0.00840221 0.0217141 0.000171877 0.00673248 0.0523664 0.00115974 0.00248363 5.52469e-06 0.000380835 0.0122101 0.210035 0.0148031 0.251629 0.000922749 0.00862138 0.0195003 0.00180363 0.00325671 
0.0151406 0.00874928 0.0473206 0.0386101 0.0145871 0.00479659 0.0903295 2.67127e-05 0.304964 0.00104588 0.00129732 0.0304236 0.00107873 0.00417349 3.47471e-05 0.0143723 0.00156247 0.000610562 0.0616443 6.25117e-05 1.11875e-05 0.00793405 0.0118375 0.000125818 0.325412 0.000137798 0.00135376 0.00647744 0.00485559 0.00102421 
0.0401801 0.00602936 0.162935 0.104547 0.0221781 0.0329611 0.00613703 3.11314e-06 0.073394 0.000166853 0.00232456 0.00155476 0.00136533 0.000541362 1.71269e-05 0.00138224 9.68609e-05 0.000100908 0.00347211 0.000147886 5.39845e-06 0.00234698 0.00194622 4.21406e-06 0.505842 2.57216e-05 0.00517951 0.0181436 0.00690297 6.9091e-05 
0.0107588 0.0040999 0.275015 0.12684 0.039063 0.00842884 0.00700698 4.33254e-05 0.0954428 6.05522e-05 0.0215688 0.000657524 7.95723e-07 0.00157201 2.96746e-05 0.00404662 2.24756e-05 1.8677e-07 0.057275 5.59027e-07 5.70953e-07 0.0468775 0.002004 1.32658e-06 0.286323 1.16812e-05 0.00123055 0.00834139 0.00325989 1.72029e-05 
0.00385861 0.00030191 0.003977 2.26898e-05 0.0118165 2.59567e-06 0.00202648 0.00610981 0.0933919 1.83204e-06 1.18483e-07 0.000898444 0.000190669 5.75557e-10 0.000138228 6.8382e-10 1.2794e-06 7.18242e-06 0.00174331 3.7653e-06 2.18908e-09 0.000116113 0.00133579 9.24598e-06 0.871873 1.00588e-05 0.00214563 1.75014e-05 5.10864e-10 1.38663e-07 
0.0595793 0.00863157 0.16618 0.0596999 0.171207 0.0267424 0.00407124 1.33388e-06 0.0274518 3.74632e-05 4.29101e-05 0.0398925 0.0097426 0.00645937 2.01689e-05 0.00278081 0.00122266 2.68181e-05 0.00405047 9.66691e-05 1.83593e-06 0.00261949 0.00881781 4.15531e-05 0.381916 4.03032e-05 0.00457487 0.00854922 0.00547248 3.02414e-05 
0.155637 0.0446101 0.160151 0.100866 0.0235864 0.00913258 0.0309412 0.000105125 0.0680913 0.00286653 0.00130809 0.0135842 0.0136505 0.0104047 3.6568e-05 0.00431182 0.0124384 0.000189449 0.00563998 0.00125284 0.0001776 0.0196875 0.0270303 0.000872965 0.216117 0.000251962 0.00544895 0.0283003 0.0427987 0.000510538 
0.0148024 0.00765853 0.251951 0.0341161 0.0220649 0.0109781 0.0113022 2.76621e-05 0.0471487 0.000369675 0.000931976 0.00113986 0.000302539 0.00029445 2.52162e-05 0.00114547 9.41193e-05 0.000221398 0.00279037 1.00242e-05 5.43312e-06 0.0071056 0.00299151 1.52925e-06 0.524838 5.66181e-05 0.00656301 0.0194905 0.0315309 4.20493e-05 
0.0101443 0.00111464 0.0576775 0.0547956 0.00243355 0.00508662 0.00647444 4.04808e-05 0.0476658 1.00188e-05 0.0262784 0.00123681 0.00148426 0.000551145 3.44613e-06 1.82288e-05 0.0031047 0.000438762 0.121705 3.99422e-05 5.70554e-05 0.00228912 0.00106646 0.00493412 0.638371 0.000104021 0.00701015 0.00439742 0.00128909 0.000177313 
0.0111758 0.0121149 0.149094 0.0403694 0.00242548 0.00937715 0.00578298 2.15493e-07 0.00701872 3.27915e-05 0.00121601 0.00139747 0.00431001 0.00170313 4.20215e-05 0.0230708 0.00026427 6.37965e-07 0.00030406 1.91609e-06 1.95952e-06 0.00133024 0.00366868 5.66723e-06 0.688422 1.28929e-05 0.00309219 0.0199365 0.0134474 0.000381295 
0.000501665 0.0137711 5.13761e-06 0.000453884 4.7267e-07 5.75468e-08 1.31157e-05 3.81436e-07 4.37458e-05 0.000279018 5.64364e-06 3.72374e-07 7.064e-08 0.000925949 2.71334e-06 0.000145251 1.19414e-07 4.37586e-07 1.38331e-07 5.29414e-06 2.76818e-05 0.00784908 0.0270805 6.2444e-08 0.948685 4.68302e-06 1.30281e-07 1.03864e-05 0.00018729 3.5779e-07 
0.180131 0.0195455 0.0285411 0.0284403 0.014418 0.00736489 0.0026639 0.000214636 0.0775683 0.000294722 0.00244731 0.00672996 0.0314448 0.00580391 2.73361e-05 0.00196738 0.00372484 0.00272829 0.000384052 2.5203e-05 1.64626e-05 0.00224206 0.0620796 0.0059821 0.400254 0.000177767 0.032308 0.0760637 0.00147588 0.00493498 
0.012105 0.00133744 0.0633215 0.0570474 0.00292008 0.00610369 0.00776907 4.85523e-05 0.0465853 1.20012e-05 0.0315323 0.00148403 0.00173859 0.000661274 4.09488e-06 2.18563e-05 0.00372536 0.000526416 0.1405 4.78381e-05 6.83804e-05 0.00274683 0.00102533 0.00592066 0.597174 0.000124758 0.00841183 0.00527679 0.00154671 0.000212678 
0.0176001 0.146212 0.0166809 0.0244683 0.000583786 0.00035831 0.00962925 0.000555159 0.0350763 0.000956011 0.0343954 0.00906682 0.024266 0.00952537 3.00901e-06 0.00193838 0.0179299 9.92964e-05 0.0007979 1.97026e-08 7.61837e-06 0.0757628 0.0495886 0.000201675 0.416577 2.72132e-05 0.000390308 0.0593463 0.0479515 4.03368e-06 
0.0863315 0.0139038 0.0221151 0.130965 0.00830417 0.00749574 0.00743451 0.000166064 0.0322496 0.00212321 0.000316494 0.205303 0.063391 0.025292 4.42735e-05 0.000876573 0.00549408 0.000770383 0.0026004 0.000165855 2.36768e-05 0.000764212 0.067736 0.000628055 0.245903 0.000107626 0.007694 0.0593727 0.00131945 0.00110858 
0.0122811 0.0128392 0.306141 0.0109073 0.0167016 0.0101365 0.00218499 1.36757e-06 0.103234 0.000146782 0.00491184 0.0013068 0.000455945 0.00208695 0.00411953 1.35687e-05 0.000153569 0.000117305 0.0280933 2.67913e-05 4.91714e-05 0.00993888 0.002018 1.25358e-05 0.436214 0.000653846 0.0255323 0.00640517 0.00269453 0.000622 
0.0101443 0.00111464 0.0576775 0.0547956 0.00243355 0.00508662 0.00647444 4.04808e-05 0.0476658 1.00188e-05 0.0262784 0.00123681 0.00148426 0.000551145 3.44613e-06 1.82288e-05 0.0031047 0.000438762 0.121705 3.99422e-05 5.70554e-05 0.00228912 0.00106646 0.00493412 0.638371 0.000104021 0.00701015 0.00439742 0.00128909 0.000177313 
0.0636885 0.0430234 0.179489 0.0599609 0.00528711 0.0488956 0.0333852 0.00048575 0.162814 8.22364e-06 0.000287301 0.00678544 0.00233656 0.000394817 1.43864e-09 0.00238963 0.00574021 7.47918e-05 0.0121003 1.26503e-06 2.0925e-10 0.0397057 0.0182498 9.80125e-06 0.274644 7.65721e-06 0.00761 0.00625229 0.0263187 5.4389e-05 
0.0638038 0.0219209 0.286701 0.00303477 0.0427872 0.0133589 0.0085648 4.14638e-05 0.0877658 0.00226509 0.000871078 0.00212626 0.00239399 0.00141689 1.81247e-05 0.00197505 0.000383975 0.000162107 0.000987605 4.42722e-07 5.42786e-08 0.0195783 0.00955331 7.5304e-06 0.300175 0.000616547 0.0123445 0.0996038 0.0174037 0.000137168 
0.00483331 0.0070396 0.239945 0.0256681 0.00474179 0.00120519 0.037777 7.85991e-08 0.160557 4.78587e-10 2.3162e-07 0.00150473 0.000112195 0.00150707 7.13782e-10 1.27485e-05 1.68904e-10 2.09603e-06 0.00133042 8.94304e-10 1.24587e-07 0.000275427 0.00133406 8.83237e-11 0.508981 4.36728e-05 0.000881319 4.67483e-06 0.0022386 3.71562e-06 
0.0495689 0.113523 0.103868 0.213954 0.00200354 1.80323e-09 0.0101667 0.000239907 0.00964178 2.16442e-08 0.000783022 0.0096778 0.00239585 0.0127829 0.000848987 3.89533e-08 4.36463e-08 8.56833e-08 0.000780736 4.12664e-12 7.44705e-08 0.0193014 0.0303091 6.00755e-06 0.349569 4.53724e-08 0.00192217 0.0490192 0.0196376 4.00257e-07 
0.130683 0.0826401 0.0263185 0.116782 0.00218785 0.00355041 0.0768198 0.00128505 0.0101039 1.11046e-05 0.000835398 0.0544709 0.00164859 0.012008 0.000827994 0.0493768 0.00114189 2.25291e-05 0.00085137 0.00187916 1.57314e-05 0.0677773 0.0778098 0.000191715 0.196557 5.1329e-05 0.00102028 0.0594258 0.0235358 0.000170849 
0.0110541 0.00761881 0.175442 0.0396415 0.0176225 0.0146171 0.00343217 1.85879e-06 0.0219136 0.000120108 0.00046116 0.00137687 0.000392855 7.37116e-05 2.97972e-05 0.00028882 4.14403e-05 1.11222e-05 0.00245208 4.00731e-06 4.20001e-07 0.00215609 0.00123698 1.67282e-06 0.67689 3.17505e-05 0.00493642 0.00992276 0.00817943 4.90389e-05 
0.102349 0.018828 0.118806 0.158411 0.0652802 0.00542675 0.0305088 0.000578443 0.0631304 0.000864703 0.0416964 0.0128311 0.00781846 0.00261826 0.000133414 0.0013751 0.000746766 0.00170666 0.00336227 0.00297282 2.01539e-07 0.00551285 0.0273901 0.000293503 0.25849 0.00117264 0.00451201 0.0400903 0.020308 0.0027872 
0.00484418 0.00402586 0.000607414 0.0132315 0.000120207 4.45058e-06 0.000693413 8.97489e-08 0.000180191 6.3346e-06 0.00029627 0.00817325 0.000211907 0.00692528 2.17684e-06 0.000337668 4.19274e-05 0.000145271 4.54515e-06 1.48767e-07 9.05424e-07 0.120456 0.0207333 5.77589e-06 0.807537 1.71338e-06 8.09425e-06 7.36386e-06 0.0113719 2.57441e-05 
0.0590797 0.012324 0.025633 0.264412 0.00695813 0.00615285 0.00270758 0.000168402 0.00699697 0.00104565 0.00083696 0.00746629 0.0669112 0.00848226 5.77613e-05 0.00511018 0.0901226 0.000242327 0.017964 7.36409e-05 5.04492e-05 0.00498086 0.00157481 0.0242862 0.303171 5.16718e-05 0.0026018 0.0191404 0.0432151 0.0181824 
0.0417484 0.0408002 0.235742 0.022904 0.0139316 0.00529402 0.074555 1.28005e-05 0.0694236 8.85712e-06 0.00278209 0.00365553 0.00585574 0.0049421 0.000167545 0.00413355 0.00671768 1.95131e-05 0.00731043 1.54991e-06 7.7191e-06 0.0184281 0.0032279 4.91405e-05 0.40393 0.000106983 0.0148233 0.0118206 0.00749947 0.000101225 
0.0198062 0.0150469 0.338602 0.0376768 0.0141134 0.00431173 0.0170737 3.56743e-06 0.0345972 0.000346715 0.00142428 0.0117795 0.00271492 0.0034784 3.03915e-07 0.000378498 0.00263381 1.34396e-05 0.0082873 1.8068e-06 5.44539e-05 0.00483657 0.0029764 1.05553e-05 0.455451 4.02349e-05 0.00187033 0.0115595 0.0106413 0.000269649 
0.172953 0.0237925 0.0262232 0.101576 0.00221433 0.0027336 0.0037835 3.08576e-05 0.0541515 0.000435885 1.4577e-05 0.0260883 0.0071125 0.0332648 3.98037e-05 0.000526897 0.0020586 0.000216879 0.0154413 7.76903e-05 7.9299e-05 8.06608e-05 0.15881 4.50101e-06 0.230377 1.06734e-05 0.0893562 0.046678 0.00176944 9.7972e-05 
0.0349829 0.0874494 0.105916 0.0569425 0.00373381 0.000650586 0.0516376 3.25002e-05 0.0511265 0.00090249 0.00192154 0.00429145 0.0075691 0.00765938 0.000176327 0.0507385 0.0394088 0.000293492 0.000340124 0.000280986 0.00164505 0.0889247 0.00423088 9.57013e-06 0.151447 3.18357e-05 0.0018509 0.108031 0.1376 0.000176257 
0.0543383 0.0408404 0.046461 0.175265 0.0127815 0.00228195 0.0185634 0.000203624 0.0756422 0.000467561 0.00548737 0.0278796 0.00512628 0.00300358 3.58134e-05 0.0138278 0.00764318 0.000600524 0.00243929 0.00080008 2.56734e-05 0.058879 0.0607039 0.00937434 0.28521 0.000248284 0.012774 0.0636798 0.00547519 0.00994056 
0.100114 0.00686426 0.0344446 0.111713 0.0187452 0.00421073 0.0175751 1.68246e-05 0.0240112 6.13752e-05 0.000410291 0.0058957 0.250762 0.00300007 1.30661e-05 0.000358448 0.000529986 5.03657e-05 0.00374903 5.35748e-05 0.000174955 0.0065484 0.0136466 0.00190813 0.352629 4.50718e-05 0.00305939 0.0124311 0.0263201 0.000657835 
0.0599301 0.0193983 0.0231167 0.157546 0.0125002 0.0189416 0.0119408 0.00274367 0.0523572 0.000187781 0.00343509 0.00412287 0.00461872 0.0155743 6.19066e-05 0.00369168 0.00294246 0.000187978 0.026185 1.8572e-05 8.13116e-05 0.00927556 0.0225686 0.0123547 0.37861 7.99307e-05 0.00373633 0.0159987 0.136046 0.00174676 
0.0111758 0.0121149 0.149094 0.0403694 0.00242548 0.00937715 0.00578298 2.15493e-07 0.00701872 3.27915e-05 0.00121601 0.00139747 0.00431001 0.00170313 4.20215e-05 0.0230708 0.00026427 6.37965e-07 0.00030406 1.91609e-06 1.95952e-06 0.00133024 0.00366868 5.66723e-06 0.688422 1.28929e-05 0.00309219 0.0199365 0.0134474 0.000381295 
0.04141 0.109262 0.0100451 0.0749297 0.00343843 0.00237141 0.01822 9.4439e-05 0.0327521 8.67872e-05 4.0022e-05 0.0349314 0.01789 0.00298604 0.000239897 0.000689494 0.000171885 7.29698e-05 0.00184912 1.92684e-05 1.04366e-05 0.0014512 0.0639021 1.41286e-06 0.535721 0.000248279 0.00184809 0.0401655 0.00397938 0.00117318 
0.0278391 0.00503977 0.0111395 0.125065 0.0046689 0.00234267 0.0061802 0.000361893 0.0311033 0.0208161 4.8948e-05 0.0330168 0.00785844 0.00207739 2.13904e-05 0.0108396 0.0331724 0.000106554 0.0653758 0.000318256 0.000181063 0.00661842 0.00461347 0.0768803 0.465988 4.95997e-05 0.00139205 0.0106979 0.0461365 5.00721e-05 
0.0099771 0.00134214 0.299748 0.0504022 0.0152153 0.0224274 0.00241688 2.85993e-05 0.0219322 0.000111101 0.00246276 0.00195907 0.000899701 7.98125e-05 8.53237e-06 0.00166194 0.00230264 2.00345e-05 0.00300049 1.76406e-05 1.96317e-05 0.00950064 0.000363985 7.7801e-06 0.549994 3.771e-05 0.0014835 0.00103281 0.00143779 0.000108474 
0.0638038 0.0219209 0.286701 0.00303477 0.0427872 0.0133589 0.0085648 4.14638e-05 0.0877658 0.00226509 0.000871078 0.00212626 0.00239399 0.00141689 1.81247e-05 0.00197505 0.000383975 0.000162107 0.000987605 4.42722e-07 5.42786e-08 0.0195783 0.00955331 7.5304e-06 0.300175 0.000616547 0.0123445 0.0996038 0.0174037 0.000137168 
0.00955824 0.0290344 0.00453345 0.00236997 2.12765e-05 1.63593e-05 0.00575639 3.37624e-07 0.000378983 7.90536e-05 0.000600035 0.0122051 0.00275977 0.0021394 0.000652515 0.00067251 0.000154107 2.17936e-05 1.67085e-05 5.59641e-07 3.33567e-06 0.0737741 0.00685417 1.34421e-05 0.819057 6.31377e-06 2.6165e-05 0.00871962 0.0205696 5.04847e-06 
0.10415 0.0141539 0.0102731 0.0455753 0.0072038 0.0095174 0.00121011 0.000471376 0.00914058 0.000495294 0.0199788 0.045509 0.0210917 0.172999 0.0333829 0.0633335 0.0052288 0.00940412 0.00067186 2.63122e-05 2.7116e-06 0.0305762 0.0143735 0.00505252 0.318642 1.14827e-05 0.00142998 0.0447807 0.000833013 0.0104808 
0.031053 0.0175882 0.0418472 0.0156102 0.00767903 0.00396219 0.0141497 3.5542e-05 0.0336539 7.62846e-06 8.1645e-06 0.0234276 0.0080412 0.00581174 0.0152913 1.19546e-05 9.93943e-06 1.74162e-05 0.00529463 1.74594e-05 1.38643e-05 0.00392102 0.00576588 2.01647e-06 0.760224 8.13629e-06 0.00125743 0.0013371 0.00341271 0.000539314 
0.0278671 0.0563522 0.0170495 0.0750594 0.0112678 0.000275025 0.0117423 0.0124606 0.0289287 0.000771482 3.53758e-05 0.0116869 0.010172 0.0113633 3.36858e-06 0.00797273 0.00464544 0.000204601 0.0180156 0.000966816 0.000237157 0.0210756 0.0240026 0.00540567 0.559091 4.224e-06 0.000851696 0.0687886 0.013505 0.000197702 
0.0545906 0.0298587 0.0859922 0.178516 0.0454004 0.00359211 0.0511133 2.39755e-05 0.0318821 0.000211272 1.68287e-05 0.00403078 0.013694 0.00373908 1.62758e-06 1.36975e-05 0.000274478 0.000143102 0.00259961 6.39085e-06 0.0014682 0.00361901 0.00510092 5.12e-06 0.319207 5.82913e-06 0.00189391 0.117426 0.0455405 3.33402e-05 
0.0110667 0.00324561 0.0990608 0.0182436 0.0158707 0.0046529 0.0334154 1.09514e-05 0.0379126 0.00267014 0.00049289 0.000481236 0.000126045 0.00012318 9.84345e-06 0.00189973 0.000163713 9.25088e-05 0.00173728 0.00014851 4.93054e-05 0.0121003 0.00126687 5.69205e-07 0.728188 9.65831e-05 0.0045295 0.00826477 0.0140638 1.62973e-05 
0.00113813 0.0177829 0.00696135 0.000960414 8.28039e-06 3.69074e-08 7.04833e-07 4.37454e-08 0.00387227 9.29214e-07 0.000299051 9.83292e-05 2.3239e-05 0.000268726 0.00106027 0.00226448 7.05776e-06 4.13996e-08 1.32083e-05 5.13745e-06 3.88397e-07 0.0131667 0.016132 4.82883e-06 0.920602 2.26312e-06 2.21788e-07 0.000871624 0.0142586 0.00019687 
0.0111758 0.0121149 0.149094 0.0403694 0.00242548 0.00937715 0.00578298 2.15493e-07 0.00701872 3.27915e-05 0.00121601 0.00139747 0.00431001 0.00170313 4.20215e-05 0.0230708 0.00026427 6.37965e-07 0.00030406 1.91609e-06 1.95952e-06 0.00133024 0.00366868 5.66723e-06 0.688422 1.28929e-05 0.00309219 0.0199365 0.0134474 0.000381295 
0.00541995 0.0078806 0.29065 0.00389713 0.0369066 0.0387643 0.0130695 0.000253034 0.148763 4.39325e-05 0.000168791 0.000467468 0.000168139 6.84413e-05 1.17646e-06 0.00148027 0.000131556 3.91352e-05 0.00594098 2.61821e-06 7.23487e-07 0.0139913 0.00156658 2.40929e-06 0.397568 2.73823e-05 0.0205479 0.00857131 0.00337125 0.000237445 
0.0686568 0.102931 0.192003 0.0988743 0.0179484 0.0262149 0.0712637 0.00307264 0.0860337 0.000936165 0.000292756 0.00224002 0.0198376 0.00176475 6.84531e-05 0.00492618 0.000239831 0.000473769 0.00760281 0.000639035 9.1347e-05 0.0291645 0.0156146 2.82886e-05 0.200464 0.000146669 0.00825791 0.0172613 0.0221584 0.000793116 
0.0111758 0.0121149 0.149094 0.0403694 0.00242548 0.00937715 0.00578298 2.15493e-07 0.00701872 3.27915e-05 0.00121601 0.00139747 0.00431001 0.00170313 4.20215e-05 0.0230708 0.00026427 6.37965e-07 0.00030406 1.91609e-06 1.95952e-06 0.00133024 0.00366868 5.66723e-06 0.688422 1.28929e-05 0.00309219 0.0199365 0.0134474 0.000381295 
0.00525862 0.0528899 0.0749593 0.0123488 0.00292877 0.0056868 0.000895341 5.2325e-06 0.0249064 8.31325e-06 1.83475e-05 0.00709745 0.0146176 0.00864811 0.00304295 0.000786849 0.00359766 1.64475e-05 0.00333289 0.00714362 0.000197661 0.0442154 0.0001327 1.97718e-06 0.704068 1.05665e-05 0.0126998 0.0058757 0.00246197 0.00214687 
0.00131122 0.14163 0.0353922 0.0270016 0.00936922 0.000358599 0.000181726 7.77583e-10 0.0455226 0.000118447 8.34728e-05 0.0961301 0.00107538 0.00442981 1.02874e-09 0.00908025 1.07128e-05 5.50346e-07 0.0510138 4.25892e-07 2.57903e-07 0.020928 0.208568 1.27296e-10 0.340201 1.62873e-09 1.9602e-06 0.00733786 0.000252885 7.29379e-10 
0.111165 0.0277007 0.0541208 0.0764888 0.00560434 0.00579004 0.00804963 0.00164293 0.0408291 0.000930099 0.00215242 0.0389555 0.020705 0.0281146 0.000853829 0.00411924 0.0090279 0.00231541 0.0028752 0.00042055 8.78593e-05 0.00812899 0.0419468 0.00329443 0.370792 3.81404e-05 0.00747613 0.107502 0.0160599 0.0028125 
0.00030287 0.0799535 0.0106509 0.000136717 0.000221502 1.04607e-07 0.0130586 1.15691e-08 0.0108639 6.15053e-07 0.000279191 0.00869129 0.00136706 0.0015919 0.0002939 0.00151688 4.39593e-07 0.000638138 3.19842e-07 1.09858e-05 0.00258417 0.0334634 0.0184999 1.89395e-09 0.803213 1.14848e-06 9.70109e-07 0.00281865 0.0098392 8.27269e-07 
0.0321611 0.0327293 0.335906 0.0250318 0.0105013 0.0155661 0.00187384 6.85341e-05 0.0244131 0.000141925 0.000344332 0.00091432 0.00174783 0.00272504 4.01686e-05 0.012382 0.000697176 1.09206e-05 0.00030498 2.03567e-08 1.8487e-10 0.0046903 0.0153081 8.893e-08 0.467847 0.000123386 0.00205793 0.00783065 0.00458198 1.00425e-06 
0.119828 0.182688 0.0539308 0.0555385 0.00569901 0.0035424 0.0134524 0.000272173 0.0384069 0.00181322 0.00435406 0.021864 0.0190461 0.0911288 5.45568e-05 0.0021678 0.00623588 0.000947521 0.00149399 5.87182e-05 0.000127721 0.00902345 0.0707987 0.000384249 0.22819 6.15866e-05 0.00537943 0.0525822 0.00995236 0.000978156 
0.0715776 0.00408058 0.0991261 0.0396345 0.0588014 0.043092 0.0591867 3.03157e-05 0.140564 9.72022e-05 0.00122274 0.00168975 0.00257683 0.00435858 1.11022e-05 0.017234 0.000141824 0.000237572 0.116291 2.29161e-05 4.59174e-05 0.0104801 0.00328871 2.97997e-05 0.265179 0.000240367 0.0181152 0.0120497 0.030517 7.78223e-05 
0.0545795 0.030828 0.0949074 0.178496 0.0227266 0.0035853 0.0154331 2.30243e-05 0.0587675 0.000209297 0.000211795 0.00645787 0.0136837 0.00373272 4.3867e-07 1.31671e-05 0.00255952 0.000549124 0.00259109 4.02279e-06 0.00146304 0.0130743 0.00112568 4.89696e-06 0.28398 4.9739e-06 0.00974319 0.0642223 0.136992 3.08778e-05 
0.00332145 0.0469229 0.0512418 0.0968045 0.000265538 0.00345157 0.00394418 0.179059 0.0538004 0.000502763 0.0391018 0.00328827 0.0208354 0.00554379 2.59952e-05 0.0106791 0.000178529 1.71811e-05 0.00580419 0.00891545 5.22998e-05 0.122943 0.109828 0.000104249 0.194806 0.00640644 0.00167594 0.00820019 0.0211342 0.00114649 
0.0391011 0.0387657 0.0160417 0.0211131 0.00168152 0.000305206 0.0159344 0.000895927 0.00746387 3.68421e-07 0.000343098 0.172124 0.00331267 0.050352 3.25561e-05 0.00425656 0.000119134 7.65601e-05 0.0010278 4.74251e-05 0.000107312 0.00183346 0.0452395 5.78767e-05 0.558665 5.49077e-07 3.38407e-06 0.0193502 2.47504e-05 0.00172333 
0.0930213 0.0101198 0.0178759 0.167296 0.00646506 0.00787761 0.0137594 0.00143039 0.0626475 0.000918502 0.00221332 0.00952997 0.00736646 0.00453491 1.43085e-05 0.00399518 0.042329 0.00216296 0.00673673 0.000245886 6.36702e-06 0.03151 0.0226847 0.00659908 0.39837 1.43649e-05 0.00348763 0.0516462 0.0242094 0.000932721 
0.0549519 0.0278206 0.058259 0.01387 0.00400724 0.00298895 0.00518829 0.000171767 0.0239991 0.000347314 0.000563844 0.0114438 0.00624397 0.161687 0.000940599 0.000415895 0.000467946 0.000761913 0.00409003 0.00157656 0.00146023 0.00648618 0.0107121 5.48435e-05 0.527307 0.000315425 0.00407 0.0488419 0.0183253 0.0026312 
0.0111758 0.0121149 0.149094 0.0403694 0.00242548 0.00937715 0.00578298 2.15493e-07 0.00701872 3.27915e-05 0.00121601 0.00139747 0.00431001 0.00170313 4.20215e-05 0.0230708 0.00026427 6.37965e-07 0.00030406 1.91609e-06 1.95952e-06 0.00133024 0.00366868 5.66723e-06 0.688422 1.28929e-05 0.00309219 0.0199365 0.0134474 0.000381295 
0.32094 0.00167183 0.0149038 0.014275 0.0135741 0.00833925 0.000153708 5.84114e-08 0.113673 1.57698e-05 6.59817e-05 0.0146228 0.0102948 0.000348694 1.16417e-05 0.000371514 2.29447e-05 0.000392243 0.000266987 2.37648e-05 6.37178e-08 0.000294153 0.0118161 6.81285e-07 0.460329 0.000196685 0.00566648 0.00700595 0.000102811 0.000620876 
0.0436659 0.0332066 0.184314 0.174648 0.03444 0.000297656 0.0462292 0.000229378 0.0801082 0.000295516 0.000477123 0.0367266 0.01227 0.00421992 5.08048e-06 0.0116345 0.00344614 0.000360473 0.00459381 0.000539184 2.4156e-05 0.0232389 0.0107646 0.000378226 0.190987 3.72709e-05 0.00674797 0.0335226 0.0618713 0.000719932 
2.96087e-07 0.0180278 0.00827277 0.00173586 0.00186428 8.01484e-09 0.00823003 5.31246e-08 0.00208162 4.71246e-08 0.000197416 0.00669768 0.00121642 0.000701961 0.000263507 4.29759e-05 1.42853e-06 6.09448e-08 1.18031e-05 4.82709e-06 4.4609e-06 0.00727581 0.0144899 8.69689e-09 0.924542 1.11275e-07 6.22558e-06 0.00165147 0.00267873 8.24714e-07 
0.186874 8.5074e-07 0.138001 0.0753864 0.0112673 0.0139443 0.00644345 0.000898839 0.0242794 3.22116e-05 0.0225637 0.014128 0.170386 0.0029696 2.5593e-05 0.00394168 0.00816894 0.000118207 0.00329965 5.22091e-05 2.31564e-06 0.00506277 0.00765364 2.17157e-05 0.246761 0.0025902 7.68919e-05 0.0515459 0.00296005 0.000544646 
0.0495689 0.113523 0.103868 0.213954 0.00200354 1.80323e-09 0.0101667 0.000239907 0.00964178 2.16442e-08 0.000783022 0.0096778 0.00239585 0.0127829 0.000848987 3.89533e-08 4.36463e-08 8.56833e-08 0.000780736 4.12664e-12 7.44705e-08 0.0193014 0.0303091 6.00755e-06 0.349569 4.53724e-08 0.00192217 0.0490192 0.0196376 4.00257e-07 
0.0101443 0.00111464 0.0576775 0.0547956 0.00243355 0.00508662 0.00647444 4.04808e-05 0.0476658 1.00188e-05 0.0262784 0.00123681 0.00148426 0.000551145 3.44613e-06 1.82288e-05 0.0031047 0.000438762 0.121705 3.99422e-05 5.70554e-05 0.00228912 0.00106646 0.00493412 0.638371 0.000104021 0.00701015 0.00439742 0.00128909 0.000177313 
0.0693104 0.0377612 0.155566 0.0158319 0.013026 0.01046 0.0782263 0.00105822 0.0907487 0.00416187 0.0365029 0.022929 0.00659907 0.0120227 7.58546e-06 0.00156237 0.00630074 5.29937e-05 0.00227363 1.65899e-05 0.000143658 0.0579168 0.0105382 5.00974e-05 0.215824 0.000678563 0.00574565 0.0958224 0.0462736 0.00258941 
0.0495919 0.11602 0.0600805 0.0251896 0.000332049 0.00541711 0.00720061 1.04229e-05 0.129813 6.27776e-08 0.000201903 0.0195006 0.000341252 0.00531155 3.45095e-06 0.0033108 4.14319e-05 5.5303e-05 0.00148736 1.17308e-07 6.45293e-07 0.00236658 0.0117545 7.54042e-07 0.550893 0.00045151 0.00977568 0.000406132 0.000435126 5.69625e-06 
0.0251817 0.011458 0.00946435 0.0877739 0.00108736 0.000194548 0.00525419 0.00114884 0.0357981 0.000824851 0.0554109 0.0251622 0.0449375 0.00623014 0.0292949 0.00729792 0.0186013 0.00714077 0.00859928 8.47569e-06 2.31978e-05 0.0456473 0.133901 0.0497698 0.207366 1.52162e-05 0.00281639 0.0683912 7.15536e-05 0.111129 
0.00557193 0.0155036 0.214279 0.0230078 0.0287207 0.0169566 0.0785925 3.29373e-06 0.153718 0.000714013 0.00258503 0.0215091 7.06219e-05 0.00189116 7.94162e-06 0.00135031 0.000110641 3.54152e-06 0.00587839 1.93875e-07 1.17581e-07 0.0089084 0.00953109 1.97373e-06 0.317279 0.00247241 0.033374 0.0169375 0.0410114 1.01758e-05 
0.0723122 0.0456222 0.0420152 0.060358 0.0115798 0.0364501 0.0155678 0.00328046 0.0313524 0.00112352 0.00128123 0.00461436 0.00595964 0.0273435 0.00850644 0.0194058 0.00461198 0.00295524 0.000712336 0.000116406 6.7796e-05 0.043367 0.0482438 0.00260338 0.458329 0.000174237 0.00352336 0.0401826 0.00645825 0.00188225 
0.0191717 0.012753 0.279819 0.0303895 0.00718097 0.00564361 0.0186548 2.82553e-06 0.0268389 8.62135e-05 0.000173442 0.0064574 0.00125942 0.00235117 1.30113e-06 3.63408e-05 0.000265352 1.61901e-05 0.0033598 6.99709e-06 0.000125637 0.00122422 0.00102437 1.14734e-05 0.564827 4.89013e-05 0.00352959 0.00783693 0.00606016 0.000843336 
0.0249301 0.0324799 0.0273963 0.0991489 0.00465739 0.00159039 0.01132 0.00346368 0.0353582 0.0106092 0.000375635 0.0536738 0.00844989 0.00463839 6.84782e-06 0.0203105 0.0270887 0.000756179 0.0273035 0.000290304 9.21942e-05 0.00934049 0.0148913 0.0618167 0.474357 4.91099e-05 0.000753322 0.0259774 0.0183995 0.000474843 
0.0202743 0.00517203 0.275074 0.0780286 0.0151748 0.0223692 0.00588465 2.42516e-05 0.0363841 0.00014026 0.00117461 0.00299667 0.00588607 0.00127419 3.94761e-06 0.000234782 0.00464262 1.43532e-05 0.00295906 8.58138e-06 1.03197e-05 0.0154033 0.0165002 2.28353e-05 0.468505 4.09128e-05 0.0162115 0.00269556 0.00279409 9.50063e-05 
0.0504825 0.0158518 0.0441453 0.109472 0.0212672 0.00212178 0.00739543 7.22562e-05 0.213346 4.10851e-05 8.18427e-05 0.0215553 0.0744643 0.00151706 3.90334e-05 0.000134063 0.00149016 1.6939e-05 0.010587 0.0879536 0.000196011 0.00578424 0.0181147 5.69733e-05 0.277481 3.1648e-05 0.0107291 0.0225912 0.00248467 0.000496222 
0.0275377 0.0130891 0.157018 0.0618639 0.00818688 0.00965931 0.00581172 0.000306263 0.0115433 5.35118e-05 0.00169506 0.00754269 0.129613 0.00288179 5.57943e-05 0.0505094 0.000200824 1.40427e-05 0.000987629 0.000132112 0.000175549 0.0449147 0.00640779 1.44177e-05 0.403143 1.89708e-05 0.0028331 0.0330125 0.0203901 0.000387304 
0.0153052 0.0322432 0.03406 0.0256783 0.00146683 5.25022e-06 0.000180286 1.34141e-07 0.00227125 8.07016e-06 0.000443425 0.0459115 0.000364383 0.0036792 0.00119866 0.00448434 0.000148189 0.000313596 5.36769e-06 2.22351e-07 4.41908e-06 0.0470451 0.0516607 6.07183e-06 0.681554 2.18601e-05 1.18787e-05 0.00142839 0.0502447 0.000255525 
0.0414409 0.00780321 0.107023 0.0872979 0.000105379 8.98677e-05 0.000589602 1.5853e-05 0.0360063 0.00165953 8.71972e-05 0.00202221 0.000374031 0.000294804 1.64629e-06 0.000715164 0.0441034 0.00155974 0.00543319 2.91149e-05 1.68318e-06 0.000375855 0.0599338 0.001186 0.391336 2.52541e-05 3.12282e-05 0.0256824 0.00191695 0.182858 
0.00631799 0.0198401 0.0665945 0.0209325 0.00113438 0.00365671 0.00284137 5.60094e-06 0.0870367 3.29133e-06 0.0110488 0.0284696 0.0157698 0.0151005 0.00139237 0.000692883 0.0269456 0.000413168 0.00374598 0.0143439 0.000201048 0.0426801 0.0147886 0.00499047 0.594094 4.5519e-05 0.00112933 0.00495334 0.00416954 0.0066625 
0.159959 0.0397834 0.0831714 0.068688 0.0155111 0.0152635 0.0038191 0.00178766 0.134108 0.000719042 0.00171097 0.0452958 0.00909929 0.00468653 0.00916693 0.0124187 0.00758871 0.00463107 0.000872583 0.00336551 1.48646e-07 0.0073711 0.123268 0.00490566 0.19625 0.000187464 0.0188811 0.0204834 0.000307419 0.00670006 
0.0110541 0.00761881 0.175442 0.0396415 0.0176225 0.0146171 0.00343217 1.85879e-06 0.0219136 0.000120108 0.00046116 0.00137687 0.000392855 7.37116e-05 2.97972e-05 0.00028882 4.14403e-05 1.11222e-05 0.00245208 4.00731e-06 4.20001e-07 0.00215609 0.00123698 1.67282e-06 0.67689 3.17505e-05 0.00493642 0.00992276 0.00817943 4.90389e-05 
0.0928347 0.0148767 0.0620493 0.0751606 0.0228864 0.00312308 0.0137145 0.00267256 0.13348 0.00293598 0.00223339 0.019687 0.111056 0.0214888 0.000375994 0.0120201 0.00491462 0.0024134 0.0147687 0.000212551 8.30144e-05 0.0334694 0.068778 0.000765851 0.231477 0.00105949 0.00807387 0.0341273 0.00772763 0.0015352 
0.0158286 0.0416113 0.172581 0.00856181 0.152159 0.0230706 0.0112254 0.00190654 0.22487 9.37865e-05 0.00629106 0.0142606 0.00418523 0.00907425 0.000684491 0.00667918 0.000511836 0.00025256 0.00545345 9.41044e-05 9.78563e-05 0.023636 0.0165279 4.53222e-05 0.234921 0.00147964 0.010988 0.00997886 0.00283225 9.85838e-05 
0.0673266 0.0183692 0.253254 0.0972036 0.0765277 0.026915 0.00512318 0.00230286 0.0680937 0.000169497 0.000773587 0.00539078 0.00637415 0.00550677 4.56527e-09 0.00498598 0.00183195 0.000481437 0.0112801 1.02925e-05 0.000276486 0.0263213 0.00557459 2.28593e-05 0.270967 0.000723858 0.000611716 0.0259942 0.0174516 0.000136099 
0.00410356 0.00987447 0.181777 0.0369607 0.00242548 0.0887762 0.0185892 2.15077e-07 0.0155188 4.67876e-05 0.00153459 0.000653299 0.00537408 0.00189221 4.20201e-05 0.0260086 0.000225254 6.36623e-07 0.000731642 1.91195e-06 1.95525e-06 0.00255601 0.00420121 5.02603e-07 0.573079 1.28939e-05 0.0020721 0.0100999 0.013414 2.51374e-05 
0.010808 0.0089545 0.128829 0.00958679 0.0266374 0.00929789 0.0201903 0.000989747 0.0454247 0.000787899 0.000990969 0.0159538 0.000537412 0.000572637 3.75763e-06 0.0010223 6.52184e-05 1.79767e-05 0.0016675 0.000435683 2.23147e-06 0.021996 0.00334892 3.35176e-06 0.672725 0.000536301 0.00383611 0.0108875 0.00385407 3.75407e-05 
0.036244 0.00914359 0.165734 0.0709957 0.013105 0.00659992 0.00236382 0.000676133 0.0161908 0.00130595 0.00889584 0.00317576 0.00809508 0.00199004 4.41835e-05 0.0150948 0.216015 0.00156065 0.00236439 9.62875e-06 1.99436e-05 0.0111449 0.00615622 0.00290432 0.329226 0.000384673 0.00376343 0.0564751 0.00888065 0.00144027 
0.00319481 0.000713956 0.0315726 0.247374 0.0261138 0.0183951 0.000925901 0.000109059 0.116778 2.90578e-05 0.0002407 0.00100329 0.0114777 0.000304183 6.22289e-05 0.0182934 0.000232572 0.000187496 0.000153835 0.000143389 1.12865e-09 0.00586962 0.124093 8.73855e-08 0.358349 5.04327e-05 0.0329137 0.00141568 8.77221e-07 2.56925e-06 
0.134373 0.0175973 0.235228 0.0886687 0.015923 0.0115561 0.0229201 6.76254e-05 0.024982 3.13217e-05 0.000647774 0.00566711 0.00749583 0.00435539 0.000188554 0.0733728 0.000140896 3.01287e-05 0.00333253 6.06505e-05 0.000100164 0.00578503 0.00650596 1.56066e-05 0.245914 2.70577e-05 0.00509406 0.0355255 0.0540539 0.000339824 
0.0106939 0.0416972 0.0468768 0.00949818 0.0014284 0.000124382 0.0136729 6.92365e-05 0.0482169 0.000790657 0.00979693 9.14241e-05 0.00741742 0.0364275 6.29416e-05 0.0010644 0.0133856 0.000232186 0.00133637 0.000666845 0.000448207 0.115157 0.000239466 0.000122011 0.400811 3.18204e-05 0.00136588 0.116368 0.121755 0.000151082 
0.186554 0.0253561 0.0822162 0.082664 0.00883903 0.0106213 0.0808245 1.56549e-05 0.0494717 0.000165846 0.000279896 0.00265765 0.007926 0.0138905 2.63794e-05 0.0102084 0.00132559 0.000289267 0.13282 7.3571e-05 0.000170177 0.0171052 0.00564101 4.28574e-05 0.196941 4.34225e-05 0.00282764 0.0301037 0.0506862 0.000212989 
0.0375238 0.0142249 0.0801195 0.0946597 0.0178468 0.0158556 0.0145473 9.87274e-05 0.228574 0.00163647 0.0014328 0.0114241 0.00802488 0.0330155 0.0146398 0.000255658 0.00138031 1.36596e-05 0.00528414 6.24947e-05 0.000778364 0.00921141 0.0176539 4.94123e-06 0.375429 0.000970656 0.0108347 0.00248238 0.00146214 0.000552167 
0.012105 0.00133744 0.0633215 0.0570474 0.00292008 0.00610369 0.00776907 4.85523e-05 0.0465853 1.20012e-05 0.0315323 0.00148403 0.00173859 0.000661274 4.09488e-06 2.18563e-05 0.00372536 0.000526416 0.1405 4.78381e-05 6.83804e-05 0.00274683 0.00102533 0.00592066 0.597174 0.000124758 0.00841183 0.00527679 0.00154671 0.000212678 
0.0110541 0.00761881 0.175442 0.0396415 0.0176225 0.0146171 0.00343217 1.85879e-06 0.0219136 0.000120108 0.00046116 0.00137687 0.000392855 7.37116e-05 2.97972e-05 0.00028882 4.14403e-05 1.11222e-05 0.00245208 4.00731e-06 4.20001e-07 0.00215609 0.00123698 1.67282e-06 0.67689 3.17505e-05 0.00493642 0.00992276 0.00817943 4.90389e-05 
0.0220079 0.00871825 0.142094 0.0196934 0.0111867 0.048183 0.00536375 4.19268e-05 0.0190554 1.74367e-06 0.000552304 0.000194673 0.000574985 0.000747867 2.0428e-05 0.000531442 4.7371e-05 1.06429e-05 0.0119075 1.96808e-06 5.9985e-07 0.00318498 0.00135416 5.31814e-05 0.695058 1.50547e-06 0.000467177 0.000504806 0.00842875 1.22335e-05 
0.00308747 0.00735987 0.00546314 0.0302859 0.000915434 0.000415164 0.0193899 1.21105e-05 0.0184495 1.45547e-05 0.001415 0.00285131 0.00541677 0.00075031 0.018431 2.13576e-05 0.000131938 0.16745 0.000386342 3.20598e-05 0.000169512 0.00710301 0.0245476 0.00841271 0.655743 4.51985e-05 0.000161901 0.0189871 0.00205742 0.000493759 
0.000169458 0.0550693 0.0811014 0.0133666 7.51762e-05 0.000125785 0.000134608 1.39995e-05 0.0118357 1.10403e-05 0.00583956 0.0454446 0.000177192 0.000123487 6.34744e-05 0.00193613 1.40503e-05 4.13706e-05 0.00180897 0.000124181 0.000126967 0.218694 4.33968e-05 4.77539e-06 0.538583 1.64771e-05 0.000101175 9.78869e-05 0.0247376 0.000118097 
0.0250807 0.188741 0.053455 0.0532268 0.00180284 2.67715e-06 0.015421 2.10388e-06 0.00317578 1.71811e-05 6.77391e-05 0.0001608 0.000253973 0.011142 0.00809242 0.0361549 8.07419e-05 1.66155e-05 4.26075e-06 5.77123e-07 1.24172e-05 0.0596011 0.206105 7.89419e-08 0.270922 8.73344e-06 0.000134551 0.00986345 0.0564538 7.26528e-08 
0.00712841 0.0891811 0.0199571 0.0175289 0.00290787 6.56307e-05 0.000863779 1.27647e-07 0.042449 0.000100137 0.000610925 0.0404853 0.00172346 0.00169723 7.73867e-08 0.00635887 1.32471e-05 9.76373e-08 0.0103847 3.33957e-06 7.78085e-06 0.0494017 0.124488 5.74126e-08 0.570663 2.1462e-07 1.06839e-07 0.00312929 0.0108224 2.82842e-05 
0.0342408 0.00643954 0.250527 0.109051 0.00526246 0.00741609 0.10604 0.00505547 0.110168 0.000113752 0.000384526 0.0291567 0.00571767 0.00925133 1.03055e-05 0.000116278 0.00048448 1.95986e-05 0.00307123 7.0705e-05 0.000207678 0.00436862 0.0316298 0.000189694 0.262555 0.000209417 0.00899646 0.00607835 0.00311965 4.92743e-05 
0.0336921 0.0236756 0.233121 0.0717449 0.00266969 0.00247292 0.0633866 0.0083285 0.0502234 0.000126201 0.0196872 0.00349286 0.0017523 0.00192663 2.17233e-05 0.0697715 0.00758928 0.000820319 0.0569971 5.17592e-05 3.47e-05 0.0344018 0.0221126 0.00281592 0.266078 0.00034042 0.0107188 0.0108183 0.000685085 0.000441971 
0.123435 0.0105078 0.0241116 0.141088 0.00947049 0.00430659 0.120199 8.79874e-05 0.110549 0.000235068 0.00520774 0.0107706 0.0141523 0.00314902 0.000169409 0.00556366 0.00710773 0.00140836 0.0033142 1.14404e-05 1.62654e-05 0.00107605 0.00891679 0.000417284 0.373918 1.27852e-05 0.00752679 0.00748605 0.00435802 0.00142724 
0.00625719 0.00547457 0.172336 0.0621901 0.0207263 0.0367103 0.0068421 1.16977e-05 0.0721554 0.000449674 0.000458255 0.000856431 0.00153271 0.00401827 1.72855e-06 0.000159932 4.20482e-05 0.000147103 0.0498338 3.86481e-05 3.16338e-06 0.000848716 0.00294201 6.26564e-06 0.497571 4.63591e-05 0.047984 0.00656434 0.00170447 0.00208787 
0.142404 0.0350459 0.0837712 0.0867979 0.0417138 0.0322373 0.0232369 0.000409154 0.0223985 0.000532656 0.00138288 0.0020412 0.154887 0.00145481 3.38024e-06 4.33262e-05 0.000476132 5.22195e-05 0.0013508 6.16619e-05 0.000163034 0.0128571 0.0213145 0.00554471 0.259977 0.000111352 0.0114029 0.0456514 0.0121379 0.000540108 
0.0231584 0.00590107 0.00587668 0.0110004 0.0033306 0.00107653 0.0227195 3.66976e-06 0.0208122 6.23209e-05 1.33926e-05 0.00969991 0.0081123 0.00519439 1.05166e-05 0.000385547 0.000128614 0.0311846 0.000369013 0.00104511 0.000132296 0.00443825 0.0539902 2.76802e-06 0.743338 3.73534e-05 0.000999167 0.0464531 0.000414395 0.000109859 
0.0368239 0.016528 0.0521158 0.234946 0.00134155 0.000442202 0.00149035 0.0165682 0.00699558 5.4819e-05 1.88903e-05 0.00200355 0.0500773 0.00236164 4.57803e-05 0.000909136 0.000185669 5.9049e-05 0.0196874 0.000188119 0.000366018 0.00338197 0.00119751 9.89522e-05 0.460909 4.90756e-05 0.00177793 0.0256083 0.0636455 0.00012267 
0.04141 0.109262 0.0100451 0.0749297 0.00343843 0.00237141 0.01822 9.4439e-05 0.0327521 8.67872e-05 4.0022e-05 0.0349314 0.01789 0.00298604 0.000239897 0.000689494 0.000171885 7.29698e-05 0.00184912 1.92684e-05 1.04366e-05 0.0014512 0.0639021 1.41286e-06 0.535721 0.000248279 0.00184809 0.0401655 0.00397938 0.00117318 
0.0502705 0.238171 0.0644476 0.0751049 0.00298277 0.0140254 0.035904 1.21657e-05 0.027894 0.000579705 6.70119e-05 0.00605785 0.0335316 0.00653276 6.3302e-05 0.00278932 0.000967604 0.000150885 0.00270405 0.000409642 8.96506e-06 0.00790411 0.100004 0.000142192 0.29181 9.94046e-06 0.00148454 0.0308373 0.001204 0.00392943 
0.0575942 0.00388156 0.169031 0.0281343 0.0112226 0.0357416 0.0043561 0.000174976 0.0190184 0.00269288 0.000402804 0.000934847 0.00167249 0.000659167 9.80385e-07 0.00107381 0.000178948 0.000703368 0.00268935 9.99134e-06 1.88953e-08 0.0470857 0.00190639 7.80727e-05 0.506294 0.000283358 0.00390917 0.0601489 0.0400427 7.86757e-05 
0.0124264 0.0758242 0.0409157 0.0226356 0.00855536 0.00914054 0.0249103 0.000690663 0.00707705 0.000382305 0.00028472 0.0319323 0.0410816 0.0156316 0.00041185 0.0600957 0.000140858 4.61598e-05 0.00133244 8.74863e-05 0.000149328 0.0341688 0.145278 0.000128284 0.395991 4.80556e-06 0.0208696 0.0420949 0.00759216 0.000120428 
0.0618475 0.00932894 0.0129583 0.050296 0.00327141 0.000548643 0.00661531 2.79222e-07 0.0511666 0.000310875 4.31957e-05 0.0981282 0.00771957 0.0394108 0.000560603 8.10424e-05 0.000338328 0.00592852 0.0016397 2.47763e-06 2.5333e-06 0.00817421 0.0174776 7.04528e-05 0.608613 6.52673e-06 4.04553e-05 0.0126176 0.00148381 0.001318 
0.256535 0.00405346 0.0165662 0.101786 0.00194547 0.0256235 0.00266432 0.00204497 0.036227 0.00141372 0.00274313 0.0265859 0.00638762 0.00658956 1.16316e-06 0.00491354 0.0578868 0.00572803 0.0012343 1.5808e-06 3.90357e-07 0.00101747 0.0462643 0.0099426 0.302173 6.58827e-06 0.00524058 0.0679313 0.0038842 0.0026078 
0.0151369 0.0111601 0.246244 0.0183068 0.0115712 0.00363902 0.0105357 2.12838e-05 0.0659759 9.11526e-06 0.00298327 0.00433175 0.0182072 0.00700537 0.000182662 0.00254138 0.000188361 0.000104149 0.0281555 6.12177e-05 3.86966e-05 0.0244438 0.00329561 7.15376e-06 0.479305 0.00032849 0.00577785 0.0234334 0.00685725 0.0101519 
4.07827e-09 0.0010891 0.176821 6.92775e-05 0.00177268 2.01172e-06 0.00488452 3.39964e-05 0.0606231 4.36858e-07 0.000197128 6.0407e-07 6.19615e-08 3.25152e-08 2.28764e-07 0.00217797 1.84561e-07 6.27038e-07 0.000165836 4.11036e-09 2.8109e-06 0.00646661 1.16809e-06 1.04245e-06 0.744504 4.26645e-07 1.48689e-06 0.00117634 1.72786e-06 5.31435e-06 
0.00516116 0.00665771 0.34059 0.00146039 0.0320154 0.0373517 0.0048798 3.91817e-06 0.0676039 0.000274469 0.000433418 0.000564664 0.000253887 3.19077e-05 1.55157e-07 0.000466252 0.000480314 3.38489e-08 0.000478595 5.36815e-09 1.71679e-11 0.00168097 0.00179658 1.74451e-07 0.486998 7.9562e-05 0.00314217 0.00363852 0.0038774 7.87809e-05 
0.10776 0.0192771 0.125431 0.189841 0.0916347 0.00407027 0.0274269 0.000434225 0.0801799 0.000648792 0.0312743 0.00962391 0.00586425 0.001964 0.000100221 0.0010317 0.000560511 0.00128055 0.00252195 0.00223037 2.28004e-07 0.00413501 0.025637 0.000220419 0.19388 0.00217592 0.00338429 0.0300682 0.0342764 0.00306712 
0.0318773 0.00473538 0.101307 0.238098 0.00480042 0.0171686 0.0340873 3.49815e-05 0.060169 2.73715e-05 0.0200067 0.00269285 0.00328367 0.00289657 1.15793e-05 0.000299455 0.011178 0.000297248 0.0792062 6.22613e-05 9.91885e-05 0.00373584 0.00202159 0.00290641 0.35739 0.000110961 0.00712783 0.00848095 0.00565642 0.000230172 
0.0707399 0.00343385 0.162932 0.0511847 0.0150688 0.0646852 0.008843 8.38468e-05 0.19572 0.000131889 0.00500501 0.0507519 0.0088636 0.0121106 6.58819e-05 0.000775566 0.00133984 1.91707e-05 0.0387933 0.00104194 2.32146e-05 0.0184553 0.0310235 1.72934e-05 0.209368 0.000516964 0.0217917 0.0245073 0.00218802 0.000519405 
0.177938 0.0156736 0.0478393 0.162975 0.0134844 0.00490799 0.0418071 5.17807e-05 0.152153 0.000278434 0.00741222 0.0188368 0.0131977 0.00462043 0.000215143 0.00680246 0.00689912 0.00188486 0.00468401 7.90661e-06 1.04565e-05 0.00131973 0.0128052 0.000175542 0.268484 1.21787e-05 0.0119023 0.0125658 0.00568164 0.00537295 
0.0827515 0.108246 0.0226143 0.0918943 0.0223023 0.00240758 0.0473286 0.000521924 0.0319808 5.39743e-06 3.20928e-05 0.00475224 0.0425726 0.00888355 6.36701e-06 0.00124982 6.54855e-06 1.20778e-05 0.00429712 1.44959e-05 0.000102762 0.0120932 0.135274 1.4096e-06 0.329862 6.06429e-06 0.00679114 0.00452405 0.035883 0.00358251 
