0.160692 0.0150295 0.113963 0.156253 0.00220783 0.00367535 0.00100812 0.00188821 0.00780464 0.00278359 0.00372753 0.0167468 0.129877 0.0889622 9.95583e-05 0.00767186 0.015302 0.00244015 0.000488353 6.60808e-05 8.66849e-05 0.00756054 0.0345872 0.00598628 0.00380634 1.52861e-05 0.00388672 0.206026 0.00358862 0.00376955 
0.153421 0.0284021 0.0280403 0.117434 0.00471386 0.00423253 0.00211231 0.00165312 0.0143223 0.000703551 0.00531386 0.00668438 0.00901127 0.0061565 7.71491e-05 0.0310341 0.0720531 0.00195994 0.000898837 3.74526e-05 1.0528e-05 0.00289769 0.0552422 0.0418073 0.0015623 0.000492768 0.00524983 0.395373 0.00538994 0.00371244 
0.0546771 0.0157064 0.0480234 0.160374 0.066947 0.0288645 0.00527761 0.00187317 0.0685777 0.00165195 0.00331203 0.0626186 0.00140877 0.0203531 0.0017856 0.0106714 0.0252372 0.0297141 0.000822228 5.2681e-05 3.25795e-05 0.0182496 0.0593556 0.00868358 0.00184774 6.18564e-05 0.135305 0.162577 0.00150968 0.00442903 
0.18821 0.064602 0.0473204 0.20688 0.00579783 0.0132916 0.0168018 0.000663732 0.0130619 0.00103327 0.000553825 0.00443461 0.00510729 0.00452391 0.0013672 0.00311931 0.0256868 0.000972628 0.0205663 4.39332e-05 8.98257e-06 0.00225371 0.0185235 0.00081175 0.00414307 3.97938e-05 0.00869281 0.242336 0.0974275 0.00172462 
0.171213 0.100988 0.0606402 0.0775238 0.00773642 0.00824099 0.00531743 0.00146661 0.0198998 0.00157099 0.00134759 0.0191424 0.0451524 0.039757 0.000680164 0.0133091 0.0083723 0.00480004 0.00463149 0.000145736 0.00012213 0.0056826 0.0710442 0.00525209 0.00259131 4.42967e-05 0.0127481 0.293406 0.0149763 0.00219773 
0.0376399 0.134354 0.0149437 0.00336277 0.00913975 0.00640968 0.000483963 0.00739604 0.0127439 0.00111201 0.00147212 0.00796132 0.0211325 0.00870895 4.76422e-06 0.00308249 0.00441362 0.0138344 0.000178764 7.72403e-06 2.70784e-06 0.00526532 0.0871084 0.00364561 0.011356 4.38622e-07 0.0399577 0.503425 0.0539082 0.00694825 
0.0361234 0.00243723 0.0670985 0.0395722 0.0018033 0.0020804 0.000257121 0.00675834 0.00488978 0.00374149 0.00375973 0.0189899 0.0151126 0.0451421 0.00449631 0.0479912 0.0136571 0.0158392 0.000242452 0.000589309 1.97739e-05 0.00512611 0.113437 0.0129225 0.00218554 2.85813e-06 0.0149718 0.510721 0.00596842 0.00406363 
0.0550072 0.0120707 0.0320588 0.0154908 0.00500275 0.00658636 0.000518897 0.0188439 0.00265616 0.000395384 0.00250407 0.00322577 0.00837771 0.0741887 0.000603337 0.0216238 0.00291294 0.00114957 0.000767211 0.000189427 0.000221514 0.0145185 0.0690346 0.0102099 0.000864329 5.85099e-06 0.0151344 0.606708 0.0143732 0.00475608 
0.207221 0.0232939 0.0575182 0.138555 0.0153999 0.00966232 0.00619233 0.0055077 0.0273718 0.00643968 0.00532832 0.00289978 0.042577 0.00365837 3.2311e-05 0.0103394 0.038055 0.00136 0.00574874 4.46467e-05 7.59979e-05 0.0171341 0.015283 0.00224584 0.00638175 4.54698e-05 0.00168806 0.327318 0.0202006 0.00242215 
0.0297718 0.145732 0.0128013 0.051628 0.0113637 8.37611e-07 0.0476826 0.000163976 0.0731722 4.23915e-05 0.00596984 0.0830452 8.29278e-05 0.000981851 5.86997e-08 0.0260648 0.000481813 2.18088e-05 0.000827612 0.00060835 2.51394e-08 0.00411799 0.196498 5.67687e-06 0.0140289 0.000135375 0.000202276 0.211631 0.0821507 0.000786343 
0.0259628 0.0112982 0.184238 0.00263603 0.0111092 0.00523294 0.011105 0.0250896 0.00583507 0.00402851 0.00660491 0.00247927 0.0108915 0.00157755 2.75261e-07 0.128792 0.0092376 0.00108381 0.00106723 0.000169152 0.000809497 0.138847 0.0269585 0.054955 0.000786098 4.93778e-06 0.0121999 0.282999 0.0332164 0.000785063 
0.0551767 0.0361044 0.02223 0.125271 0.00268426 0.00246571 0.0080671 0.00032882 0.0050419 0.00827614 0.00122685 0.00389894 0.017046 0.00836651 2.80613e-05 0.0149772 0.00746116 0.0014824 0.00112215 3.47176e-05 2.31142e-05 0.00956277 0.032303 0.0105909 0.00261677 0.00024725 0.00135997 0.593937 0.0151101 0.0129591 
0.035355 0.0042541 0.254715 0.0558434 0.00110317 0.000249897 0.00740395 0.000214924 0.140967 0.0347083 0.00189319 0.0101606 0.0251541 0.00978955 7.77631e-06 0.0194033 0.00578894 0.00129802 0.000698857 0.00122635 5.52255e-05 0.0373638 0.0225904 0.00731004 0.00129505 2.89092e-05 0.00172934 0.29519 0.0224158 0.00178548 
0.0811241 0.0381671 0.0134713 0.0279039 0.000505642 0.000506707 0.000144617 0.00131989 0.00473645 0.00217438 0.00164368 0.00705557 0.00319871 0.0215138 2.47948e-08 0.0158339 0.00835956 0.00167409 6.0032e-05 6.03269e-06 5.98635e-07 0.00909718 0.0835359 0.00404752 0.00682545 1.08562e-05 0.00315073 0.638479 0.0240633 0.00139022 
0.0790972 0.0424048 0.150866 0.0482609 0.0222972 0.0150161 0.0089291 8.55244e-05 0.022167 0.00740186 0.00713461 0.00121075 0.0282634 0.00383839 5.06939e-05 0.0129689 0.00666181 0.00422783 0.00937862 4.09567e-05 0.000956458 0.150459 0.0126124 0.000212843 0.00959113 2.10956e-05 0.0204556 0.252679 0.0802387 0.00247188 
0.0981625 0.00555139 0.0259771 0.0056714 0.000175883 0.00240217 0.000690639 0.00999159 0.000253777 0.00012299 4.4031e-05 0.00161701 0.00211304 0.00226223 2.70106e-11 0.00214002 0.000167607 1.11243e-05 4.80299e-05 7.03449e-05 2.58899e-05 0.0142283 0.0304437 7.35531e-05 0.000221998 5.72182e-06 0.0149007 0.773036 0.00942013 0.000170869 
0.171498 0.0476311 0.0513371 0.213444 0.00795142 0.00976592 0.00519313 0.00101024 0.0184071 0.00324066 0.0046031 0.00671653 0.0225732 0.0311274 4.74712e-06 0.0150704 0.0307842 0.00210294 0.00179791 1.24507e-06 9.96921e-07 0.00377254 0.0261004 0.023653 0.00287853 2.12606e-05 0.00811795 0.25438 0.0327237 0.00409214 
0.045976 0.0119151 0.208043 0.0111008 0.00964265 0.000218897 1.32469e-07 0.00524569 0.0157982 1.30213e-07 0.00151417 0.0134882 7.81681e-08 0.00682022 5.77572e-08 0.00527721 0.000273902 0.000737205 0.000844401 2.89677e-08 6.1249e-05 0.120556 0.207998 1.898e-08 0.0313377 8.81196e-08 0.00100492 0.226535 0.0756114 1.60017e-07 
0.143212 0.0317267 0.0387196 0.0805999 0.00903843 0.00150227 0.00332523 0.00150591 0.0488382 0.0194197 0.022844 0.0193802 0.0984677 0.0251617 5.53031e-05 0.0121926 0.0820283 0.00399127 0.0016886 0.000523538 6.32034e-05 0.0215734 0.113136 0.0190266 0.0115454 0.000115952 0.000866162 0.15412 0.00915883 0.0261734 
0.0230681 0.0714264 0.0382528 0.0305464 0.00762849 5.31882e-05 0.00258453 4.44836e-09 0.0159622 0.000746792 0.000312303 0.00239102 0.000395802 0.00856046 0.000504239 0.0180837 0.000224095 0.000147908 0.000128835 0.000162933 1.42455e-06 0.0131458 0.0563074 5.6888e-06 0.000611178 8.0944e-05 0.00182109 0.610632 0.0961148 9.98632e-05 
0.106863 0.0401506 0.0164083 0.0821112 0.000618441 0.00179541 0.000979177 0.00165345 0.00141149 0.000941707 0.00178294 0.00579681 0.00723909 0.00422415 7.72499e-05 0.0179251 0.020412 0.00150991 0.000239092 2.5004e-05 5.48268e-06 0.000644435 0.0337376 0.036454 0.00143978 8.28293e-07 0.00126731 0.610105 0.000880854 0.00330074 
0.0397148 0.0540788 0.0263986 0.0418799 0.00612031 0.00210366 0.0107483 0.00205128 0.0149051 0.0189012 0.00632282 0.00632765 0.018813 0.0111835 8.82371e-05 0.0339792 0.0424454 0.00402777 0.00413366 0.000657819 4.04085e-05 0.0115961 0.0935468 0.0108907 0.00222511 7.76234e-05 0.0150493 0.493975 0.0248242 0.00289391 
0.085147 0.00382192 0.0857836 0.0681697 0.00518016 0.00460112 0.00072671 0.00158798 0.0104247 0.01239 0.0225735 0.00429915 0.013701 0.013139 1.21046e-07 0.02992 0.0332375 0.00572445 0.0042353 2.37346e-06 4.30538e-07 0.0634431 0.020419 0.0499526 0.00155138 2.97726e-06 0.0135749 0.266169 0.172407 0.00781392 
0.0984412 0.0163689 0.0158025 0.0621352 0.000584496 0.00251632 0.000502168 0.002872 0.00106963 0.00125239 0.00314112 0.0057838 0.00923755 0.00560244 0.000141954 0.0258641 0.0366597 0.00267963 0.000416492 7.19269e-05 7.10888e-05 0.00321225 0.0317695 0.0601784 0.00145316 1.8391e-06 0.00159639 0.603912 0.0014774 0.005185 
0.0142084 0.0122057 0.0205529 0.00732607 8.82406e-05 0.000527998 3.94378e-05 0.00848273 3.83834e-05 0.00179299 0.00649613 0.00501532 0.000959246 0.00394923 1.2963e-06 0.0325162 0.0309734 0.00583986 6.47604e-05 1.70432e-06 2.29722e-08 0.00180089 0.0507921 0.207853 0.000261651 2.23715e-07 0.0103985 0.569947 7.02439e-05 0.00779627 
0.0961652 0.236892 0.0364755 0.0468464 0.00492645 0.0128927 0.00382671 0.00155161 0.0233726 0.000891237 0.0037505 0.014764 0.0257803 0.00688434 5.25424e-05 0.00421203 0.0211381 0.00375007 0.0189177 3.73004e-05 0.00015218 0.00734833 0.0468943 0.0014057 0.00332959 5.40166e-05 0.00376414 0.363988 0.00832205 0.00161524 
0.203365 0.0896011 0.103648 0.0461204 0.00217467 0.00139039 0.0112336 0.000478755 0.0102791 0.00158132 0.00203103 0.00701623 0.0559123 0.0180187 0.000158275 0.0116562 0.0107739 0.00170872 0.00190835 6.64262e-06 0.000209745 0.0108226 0.0198866 0.00202195 0.000865339 5.63588e-05 0.00246181 0.368859 0.00996338 0.00579048 
0.157516 0.0125452 0.144013 0.0451302 0.00504219 0.00312469 0.0109041 0.000149027 0.0373089 0.00176704 0.00196621 0.00813767 0.0764728 0.0390154 6.24218e-05 0.0120581 0.00607413 0.00103617 0.00524408 0.000592086 0.000101361 0.077842 0.0744358 0.000595067 0.0139565 0.00160182 0.00473449 0.205299 0.0481966 0.00507865 
0.0742667 0.039507 0.0485529 0.0421748 0.0140366 0.00958631 0.00186824 0.0107955 0.0122119 0.00464948 0.01519 0.00833318 0.0445478 0.0129076 0.00016036 0.0280055 0.0105086 0.00324515 0.0013879 0.000137683 4.08102e-05 0.0254385 0.0471232 0.0330855 0.00270621 9.09895e-05 0.00743205 0.487182 0.010226 0.00460157 
0.198378 0.0204645 0.0516773 0.0790493 0.00879229 0.011623 0.00269764 0.000906198 0.0176714 0.00108042 0.0115042 0.0316658 0.152955 0.00984465 0.00117001 0.0270674 0.023924 0.0021368 0.00173167 6.12897e-05 0.000388337 0.00781813 0.0265799 0.0151803 0.00399854 5.29151e-05 0.00616217 0.260061 0.0169491 0.00840949 
0.203771 0.00534557 0.181273 0.0532931 0.0064339 0.0159698 0.00383929 0.018126 0.00623937 0.00484537 0.00319672 0.00615009 0.0142202 0.0158682 0.000597019 0.016833 0.0124986 0.00376972 0.00221833 7.38983e-06 0.000394809 0.0202552 0.0188843 0.00814049 0.00113443 2.65659e-05 0.0116273 0.268562 0.0945817 0.00189723 
0.115263 0.0108238 0.0176735 0.112989 0.00393369 0.00188458 0.000433828 0.000190044 0.00677684 0.00618052 0.0469363 0.00185181 0.0732063 0.166387 6.00528e-08 0.0511439 0.0580411 0.00122571 0.000123946 1.71346e-06 2.79426e-08 0.00146004 0.0323604 0.0331157 0.00136624 2.34926e-06 0.00073349 0.247534 0.00462065 0.00374049 
0.112824 0.0180617 0.0145624 0.0559977 0.00181281 0.00334828 0.00374892 0.00287547 0.0028494 0.00477713 0.00431741 0.0051428 0.00846697 0.00359939 6.19993e-05 0.0134786 0.0127226 0.0868035 0.000605052 5.55865e-05 1.10077e-05 0.00186841 0.0293817 0.012819 0.00380733 5.85763e-05 0.00278843 0.574398 0.00288187 0.0158743 
0.108135 0.0643775 0.0621765 0.0378599 0.0149946 0.0189782 0.00307527 0.00418165 0.0149885 0.00126335 0.00964421 0.00806378 0.0156686 0.08283 4.2538e-05 0.0143065 0.00574191 0.0038628 0.000391695 0.000122174 5.74884e-05 0.00347506 0.042955 0.0210522 0.00317338 5.64298e-05 0.0131094 0.43121 0.00706617 0.00714058 
0.17131 0.0889261 0.0618513 0.0450223 0.00687162 0.0175228 0.0107002 0.00305398 0.044539 0.00276614 0.000542996 0.00139645 0.0183111 0.00109299 0.000158807 0.00416851 0.00452916 6.90533e-05 0.00164723 0.00710261 0.000112396 0.0311846 0.00703199 7.17254e-05 0.00102019 5.37867e-05 0.000988806 0.432735 0.0350624 0.000157187 
0.16109 0.02005 0.0476556 0.0482324 0.0123912 0.00560473 0.00303744 0.00536189 0.0122662 0.00624086 0.00489557 0.00670319 0.00869445 0.00570262 0.000823944 0.018639 0.00918849 0.00967779 0.00245851 0.0259154 5.67132e-05 0.0144895 0.0490433 0.0193072 0.00221848 3.11383e-05 0.00439616 0.479609 0.0120135 0.00420587 
0.00522627 0.14297 0.0704108 0.0153246 0.0103069 0.000678194 0.0335126 0.00147975 0.0974104 0.0030171 0.00180183 0.00388982 0.0328103 0.025168 1.10863e-05 0.00849518 0.0452039 0.0664109 9.73034e-05 0.00349556 9.02404e-07 0.102592 0.0458006 0.00607145 0.0034598 6.11972e-05 0.00471733 0.213639 0.0435829 0.012354 
0.238357 0.0241175 0.0433782 0.0943309 0.0080574 0.00826125 0.0128819 0.000348117 0.0197799 0.000735021 0.00206467 0.00700247 0.0189307 0.0111599 0.000305213 0.0032498 0.00438333 0.000980366 0.0139132 5.51885e-05 9.01833e-05 0.0031826 0.0193027 0.0010234 0.00218138 3.67904e-05 0.00647762 0.34931 0.10388 0.00222389 
0.0864283 0.301767 8.68017e-07 0.0202072 4.54712e-08 2.20439e-12 0.0122653 2.19316e-08 0.00176102 1.27031e-07 1.19674e-07 2.61989e-07 3.51799e-08 0.0128943 0.0044699 2.28619e-07 4.57426e-12 1.67622e-11 0.000407054 2.42195e-11 1.46664e-11 8.70726e-05 0.00963215 2.39198e-12 0.00876156 2.45146e-08 1.81661e-07 0.319593 0.221724 1.37055e-11 
0.14484 0.00795546 0.0278661 0.0362934 0.00111924 0.00187284 0.00200412 0.00020771 0.00150896 0.000163733 0.00034548 0.00137598 0.0153385 0.0052429 0.000944156 0.000222086 0.000208977 0.0100853 0.00207856 0.00184783 0.00193262 0.00265495 0.00179713 8.31342e-05 0.00645434 0.000702286 0.00150626 0.71916 0.00243028 0.00175778 
0.126438 0.0390999 0.0953264 0.0253012 0.0042371 0.00525872 0.00926345 0.00493574 0.0259605 0.00120601 0.0162223 0.0042893 0.00362046 0.0122289 2.34509e-05 0.0308445 0.017513 0.00313152 0.000157267 6.4569e-07 0.000162365 0.0452662 0.0578797 0.121013 0.00688814 3.47233e-05 0.0372084 0.257885 0.0447484 0.00385597 
0.0865803 0.0135822 0.141105 0.0399907 0.0269623 0.0304133 0.00822913 0.00250719 0.0644861 2.85062e-05 0.000483319 0.000354087 0.0223778 0.00818877 9.32841e-05 0.0161927 0.00102107 0.000392512 0.0104791 4.50202e-05 0.00059985 0.143711 0.00948623 7.02449e-05 0.00165108 2.23441e-05 0.028777 0.210492 0.131655 2.36624e-05 
0.12829 0.0479993 0.0274434 0.110131 0.00268135 0.00153189 0.00534903 0.000809052 0.0157576 0.000984954 0.0020677 0.0175162 0.0229498 0.00777177 5.75516e-05 0.0125625 0.00951186 0.00209372 0.0013265 0.000138618 5.07337e-05 0.00872751 0.053798 0.0159723 0.00778499 4.92075e-06 0.00531114 0.45698 0.0173789 0.017018 
0.209103 0.0378415 0.0194167 0.0621212 0.00105202 0.000777321 0.00097457 6.83403e-05 0.00269843 0.000491808 0.000255317 0.00729487 0.0369757 0.00360087 6.30163e-06 0.00807455 0.00343838 6.27347e-05 0.000630226 0.000109954 1.48844e-05 0.00212859 0.0448766 0.0023995 0.00148759 6.00547e-06 0.000756728 0.453638 0.0898029 0.00989521 
0.106374 0.015257 0.0579295 0.104062 0.011702 0.00733023 0.00264244 0.00251679 0.0375984 0.0021253 0.00771519 0.0326951 0.081126 0.0543535 7.14626e-05 0.0471348 0.102114 0.00247569 0.00899304 0.0321717 0.00152703 0.0103396 0.0712909 0.00215718 0.00150411 0.000367493 0.0062495 0.18547 0.00365889 0.00104726 
0.0500882 0.0374227 0.0768416 0.0648691 0.00356705 0.000212549 0.000609838 0.00426212 0.00391885 0.0959154 0.00427542 0.0821967 0.000349426 0.0332888 1.92006e-07 0.0622718 0.0675966 0.099767 0.00018116 0.000227839 5.70251e-06 0.0122795 0.0416508 0.0165451 0.00147381 0.01309 0.000730765 0.220995 0.00274576 0.0026212 
0.0724397 0.0163694 0.0329622 0.0457653 0.00901588 0.0320418 0.00211197 0.00401284 0.0174207 0.00436326 0.00423075 0.00917473 0.0407276 0.0456548 0.000272583 0.048005 0.0228639 0.000206123 0.00180007 0.0784567 1.88165e-05 0.0203977 0.0624068 0.00574484 0.0140272 0.000323412 0.00846842 0.376121 0.00161907 0.0229772 
0.141049 0.0198258 0.0798157 0.020594 0.0843469 0.0155347 0.00349546 0.00200783 0.0131777 0.00170046 0.0077409 0.00580961 0.00790013 0.00256383 8.66444e-05 0.0393429 0.0157079 0.00277358 0.00486195 0.00126667 1.85193e-05 0.0325583 0.0407611 0.0105216 0.00256529 7.4324e-05 0.00516337 0.408582 0.0228756 0.00727903 
0.0453066 0.0342975 0.0331343 0.0314837 0.00185178 0.000774943 0.0017864 0.00168091 0.0111242 0.00152857 0.00492284 0.00444718 0.00513247 0.00421674 0.00188976 0.0132774 0.00890237 0.0563399 0.000366963 8.6123e-06 6.06234e-06 0.00368365 0.0367864 0.0271574 0.00433215 0.000180604 0.00234327 0.616762 0.0436055 0.00266979 
0.192395 0.0386178 0.22316 0.0343729 0.0059726 0.00288805 0.00450849 0.00259907 0.024711 0.000545265 0.000460917 0.0142149 0.0691719 0.0112161 0.000288801 0.00559837 0.00417688 0.00444433 0.00251203 0.000709095 0.0336544 0.0232244 0.0176025 0.00332832 0.0115648 4.02485e-06 0.00123059 0.242988 0.0223789 0.00146059 
0.0659938 0.0318459 0.0382501 0.0321226 0.00272187 0.00606685 0.00401159 0.00153299 0.00700932 0.00303116 0.00386427 0.0085229 0.0131921 0.0149108 8.50494e-05 0.0148368 0.0104262 0.041993 0.000127861 4.13787e-05 3.49222e-06 0.0147832 0.0352085 0.012196 0.00153261 2.50327e-05 0.00207224 0.618286 0.0132803 0.0020257 
0.145166 0.02326 0.0674418 0.106159 0.00644574 0.0100622 0.00781122 0.00101525 0.0121673 0.00746509 0.00486433 0.00472925 0.0476201 0.00456328 5.09964e-05 0.015972 0.0209468 0.00272928 0.00306334 3.75205e-05 1.05782e-05 0.00472098 0.023841 0.0185342 0.00481306 4.58241e-05 0.00942911 0.411575 0.020214 0.0152454 
0.0268448 0.0234496 0.00984171 0.0238643 0.000968486 0.000344629 0.000976641 0.00110958 0.00687901 0.00181171 0.00256136 0.017996 0.00257467 0.00434639 3.65256e-06 0.00342592 0.0181988 0.00191389 4.2194e-05 1.29724e-06 9.20907e-07 0.00321119 0.213202 0.00407101 0.0119316 0.00742737 0.0484822 0.547402 0.00397297 0.0131437 
0.051816 0.00340757 0.0129572 0.0278066 0.000526558 0.00305679 9.29664e-05 0.0317558 0.000229077 0.0107304 0.0389365 0.0241707 0.00320974 0.0122147 4.31419e-09 0.0844911 0.156279 0.0325987 8.27007e-05 9.03508e-06 4.94994e-11 0.00077964 0.0651032 0.162514 0.00081052 9.51357e-07 0.0048853 0.229808 3.23849e-05 0.0416945 
0.0375282 0.00277756 0.0158454 0.0183304 0.00116613 0.00430269 0.000353406 0.00545049 0.000748216 0.00339547 0.0260535 0.00410566 0.00691289 0.00623837 2.51775e-05 0.0247406 0.0296967 0.00742365 0.000171852 8.41236e-06 1.32336e-06 0.00363844 0.0149437 0.0302377 0.000311625 3.03316e-06 0.0120854 0.730217 0.00560908 0.00767766 
0.160809 0.0210629 0.111365 0.0171337 0.000918171 0.00234869 0.00333847 0.0144461 0.0114552 0.00143917 0.0117266 0.00471271 0.00382898 0.0213159 1.01577e-05 0.0355293 0.00582242 0.00141619 0.000135163 0.000186619 8.50994e-05 0.0237191 0.0340621 0.00388939 0.00102479 2.70573e-05 0.0131238 0.486585 0.00340249 0.00508003 
0.155371 0.0358763 0.05227 0.0327606 0.00234078 0.00395011 0.00120623 0.00162399 0.00883184 0.0107584 0.00272277 0.0145575 0.0194876 0.00599575 3.5627e-05 0.0216067 0.0245805 0.00333188 0.000514219 0.000225182 2.54796e-05 0.00730667 0.10758 0.0308154 0.00238031 7.12364e-06 0.00686962 0.397966 0.0417346 0.00726802 
0.155145 0.150308 0.0497158 0.0737117 0.0347314 0.0160435 0.0064599 0.0017614 0.0218906 0.0166202 0.00133323 0.0062737 0.0181046 0.00630346 0.00159403 0.0167967 0.0319775 0.000831458 0.00394402 0.000696752 5.16753e-05 0.0125916 0.0736214 0.00732438 0.00194034 6.4814e-05 0.00351309 0.258214 0.0264588 0.00197684 
0.094423 0.0206459 0.0247672 0.0381636 0.0894321 0.00846216 0.000287 0.00111258 0.0658454 0.108454 0.00241436 0.0487265 0.0222694 0.00911995 5.03696e-05 0.0431581 0.00490957 0.00122069 0.00172099 9.07211e-06 1.55893e-06 0.0172118 0.0283086 0.00151356 0.00757163 3.03271e-06 0.0161267 0.335316 0.00866234 9.18725e-05 
0.0378905 0.00685585 0.0151439 0.0200498 0.000457368 0.00122362 5.48757e-05 0.00247743 0.00105129 0.00240228 0.00865496 0.00742207 0.00433408 0.00392214 3.10624e-05 0.0237416 0.0353075 0.00438175 1.7031e-05 0.000274535 2.75178e-05 0.0011463 0.0548105 0.0126744 0.000274841 1.48113e-06 0.00142187 0.748553 0.000262742 0.00513397 
0.0526459 0.00904596 0.276417 0.0173588 0.00838523 0.00316025 0.00405666 0.0209833 0.0149005 0.00105291 0.000748339 0.00261745 0.0115236 0.0227853 2.23238e-05 0.0406042 0.0161223 0.000295733 0.000583144 0.000236727 0.000919077 0.0277862 0.043047 0.00109407 0.00229347 0.000677477 0.0139056 0.371453 0.034838 0.000439955 
0.054069 0.0237091 0.0335036 0.035347 0.0257861 0.0224952 0.00247367 0.0217817 0.101384 0.00182654 0.0397215 0.0173034 0.00734818 0.0122113 5.75791e-05 0.017128 0.0499905 0.017537 0.0041426 0.000688425 1.37283e-05 0.0239611 0.134188 0.0155911 0.112103 0.000256703 0.0149225 0.154482 0.0368474 0.0191295 
0.160259 0.0339591 0.104661 0.0921668 0.0200153 0.0175685 0.0180952 0.00253834 0.0421325 0.00525421 0.003645 0.00275748 0.0315213 0.00282749 0.000405151 0.0208575 0.0165213 0.00216731 0.00784014 0.0001221 0.00087099 0.0665795 0.0183558 0.000578847 0.00932461 0.000136735 0.014763 0.196374 0.10122 0.00648261 
0.0609884 0.0569677 0.119321 0.0841833 0.00781279 0.00630975 0.0031588 0.000109531 0.120794 0.050736 0.00208294 0.00887372 0.00478335 0.0060756 2.14224e-06 0.0146806 0.0495042 0.000183128 0.00561841 5.44419e-06 0.000393091 0.10982 0.0162064 0.000174161 0.014396 0.00554045 0.0206333 0.20431 0.0240285 0.00230668 
0.150735 0.0602205 0.0981084 0.0667128 0.0119713 0.00949896 0.00670303 0.00127418 0.0180666 0.00289833 0.00514999 0.014561 0.0361742 0.0675912 0.000304091 0.0139774 0.0127954 0.00318599 0.00322482 0.000575674 0.000222939 0.0230354 0.0815087 0.00732629 0.00504981 0.000882986 0.0055663 0.267446 0.0229601 0.00227205 
0.272334 0.0237056 0.0711101 0.0985561 0.0134293 0.011868 0.00697993 0.00472221 0.0207005 0.004339 0.0035656 0.0114654 0.00947913 0.00775914 3.99214e-05 0.0111181 0.0119658 0.000768142 0.00476901 0.000648379 6.40506e-05 0.040118 0.031018 0.00175776 0.0066297 0.000513491 0.00467476 0.2762 0.048472 0.00122928 
0.0291832 0.00560034 0.215584 0.0427425 0.00195346 0.037379 0.000592642 0.00478995 0.00882755 0.00203875 0.00201012 0.00491647 0.0715485 0.133049 8.41837e-05 0.00583727 0.00390002 0.000959121 0.00195335 2.81565e-06 1.84928e-06 0.056026 0.00654236 0.000498974 0.00125617 2.08217e-05 0.0651145 0.262304 0.03508 0.000202135 
0.0714502 0.0376135 0.0156058 0.0520781 0.0027814 0.00695614 0.00483288 0.00323093 0.00454824 0.00546338 0.0088644 0.0064742 0.00802946 0.00455833 6.19506e-05 0.0161988 0.013621 0.00506208 0.000858402 5.93948e-05 1.26681e-05 0.00447414 0.0374435 0.0134786 0.00360478 2.18712e-05 0.0160987 0.629907 0.0102973 0.0163129 
0.109538 0.023133 0.154868 0.0427699 0.013352 0.00855775 0.0044514 0.00171377 0.026017 0.00338416 0.00131338 0.00944961 0.0814446 0.0818698 0.000461619 0.0122687 0.00457392 0.00367908 0.0036643 0.00234109 0.000261279 0.0281685 0.0364669 0.00122247 0.0046422 0.0439164 0.00435482 0.275853 0.0157378 0.000525925 
0.0919637 0.0870222 0.00846442 0.0321556 0.00770489 0.000694655 0.000701033 1.24209e-05 0.0115388 0.000771698 0.000935669 0.183691 0.00737279 0.00607983 3.36265e-06 0.000462725 0.000550191 0.0349893 0.000332969 0.000139108 4.48197e-05 0.0114922 0.191129 1.14533e-05 0.0164101 0.000577002 0.00125847 0.299453 0.00374163 0.000296944 
0.0192423 0.0510717 0.0623684 0.0230037 0.00989884 0.000356916 0.00409569 0.069604 0.00890609 0.000870656 0.00968047 0.00270992 0.00115875 0.00498756 1.97059e-05 0.0230055 0.00638041 0.00128526 0.000730611 0.00137216 5.20408e-05 0.191014 0.0668159 0.00855869 0.0257869 2.49134e-05 0.0181242 0.347227 0.0291216 0.0125261 
0.023739 0.0173937 0.0182737 0.0587231 0.00676591 0.017694 0.00376867 0.00123968 0.00328065 0.00198401 0.0484715 0.00627984 0.0219052 0.00677694 2.58199e-08 0.00740372 0.0218984 0.122066 0.000250543 9.01235e-07 7.30066e-06 0.0178525 0.0244601 0.00756874 0.00598412 2.5055e-05 0.00325083 0.540892 0.00902803 0.00301603 
0.217765 0.0183419 0.0677034 0.0462095 0.0111117 0.01511 0.0163037 0.000123553 0.0139601 0.00292015 0.0102677 0.000142435 0.0499013 0.00687393 0.000614704 0.00509055 0.00179083 0.000991073 0.0144128 5.06234e-05 0.000104917 0.046436 0.00613634 3.42292e-05 0.00689127 7.82453e-05 0.0103707 0.225228 0.204579 0.000455908 
0.0364279 0.0226728 0.0331034 0.0122256 0.0290238 0.00687489 0.00288896 0.0066715 0.0113225 0.0025762 0.00733178 0.00327066 0.00235357 0.00333882 3.31697e-05 0.0186693 0.036826 0.00614408 0.000381303 0.000493258 8.09238e-07 0.0100963 0.0409028 0.0141487 0.00384368 6.68935e-05 0.00696242 0.656382 0.0188433 0.0061232 
0.226583 0.0518467 0.0283138 0.0839664 0.034556 0.00309505 0.00630268 0.00183425 0.0324064 0.00120751 0.0308514 0.00669636 0.00549837 0.00987477 0.000132889 0.0147994 0.0292526 0.0462371 0.000627498 4.31528e-05 2.57567e-05 0.0117319 0.0393795 0.00846225 0.00143569 7.98676e-06 0.0045813 0.231384 0.0821328 0.00673302 
0.10911 0.0221793 0.059993 0.0674429 0.0128867 0.00709972 0.00888027 0.00147611 0.0187119 0.0328903 0.00874925 0.00817992 0.0159639 0.0398042 0.000328714 0.0523973 0.0791623 0.0139699 0.018477 7.08838e-05 8.90521e-05 0.0206677 0.0776465 0.0533066 0.00911547 1.47224e-05 0.0121393 0.232799 0.0120123 0.00443576 
0.0384752 0.0395755 0.0273481 0.028178 0.00821656 0.0123312 0.00685973 0.00161812 0.0134703 0.00845898 0.00528331 0.00424514 0.00997332 0.00285869 4.54614e-05 0.0621756 0.0604764 0.00178069 0.000562528 1.9441e-05 4.9124e-07 0.066376 0.260385 0.0245219 0.00420803 0.00110164 0.000229512 0.295378 0.00987501 0.00597158 
0.0647679 0.140838 0.0459003 0.0211818 0.00269776 0.0317831 0.00800676 0.00152076 0.0234263 0.00122896 0.00269309 0.0410573 0.0398154 0.0275492 0.003358 0.00741647 0.0137628 0.0199239 0.000672363 0.000119363 0.000438338 0.0266899 0.0876529 0.0300776 0.00262332 0.000792 0.0458677 0.278581 0.02663 0.0029283 
0.125611 0.0173292 0.144413 0.0523406 0.0445952 0.0257139 0.00468317 0.0113017 0.0457871 0.00381655 0.00329996 0.00290158 0.0390979 0.0346036 8.7908e-05 0.016615 0.00311679 0.00137219 0.0153123 0.000815757 0.000439084 0.0689577 0.0259795 0.000449548 0.0118061 0.000444316 0.014601 0.204047 0.0792645 0.00119658 
0.0490687 0.012227 0.0230938 0.0740233 0.000226887 0.000744831 0.000256547 1.75017e-07 0.00283755 0.00322595 1.67678e-05 0.00845373 0.048487 0.0891478 2.45223e-07 0.000368661 0.00652255 3.06356e-05 5.57516e-05 1.56077e-06 8.67944e-06 7.25564e-05 0.0923009 1.70344e-06 1.04949e-05 6.15738e-06 0.00246822 0.584251 0.0018987 0.000192477 
0.0637699 0.0469429 0.0667945 0.0185743 0.0173256 0.00167433 0.0162215 0.00102515 0.0461582 0.000642942 0.0872311 0.0346796 0.00844039 0.00274794 6.0344e-05 0.120016 0.0130624 0.00224958 0.00262504 4.04898e-05 9.92395e-07 0.14452 0.108906 0.00343439 0.0082305 0.000181664 0.00363179 0.169303 0.0105483 0.000960496 
0.116738 0.124877 0.105381 0.034768 0.00331317 0.00239209 0.0406994 0.000897724 0.0307811 0.00637783 0.0134566 0.0137194 0.00379563 0.00395599 0.00116636 0.0344065 0.00380301 0.000977019 0.000680222 0.000665735 3.36174e-06 0.0818189 0.0611361 0.000767444 0.0169637 1.27395e-05 0.0014813 0.26536 0.0286748 0.000930277 
0.115289 0.0177131 0.121094 0.0750913 0.0201384 0.0058981 0.0116347 0.00154877 0.0212632 0.000787617 0.000802549 0.00624692 0.141006 0.00731833 9.88969e-05 0.010977 0.0016721 0.00482529 0.002952 0.000240414 0.00172734 0.0575035 0.0240455 0.00216346 0.0144248 9.27006e-05 0.00745633 0.272417 0.0513629 0.00220802 
0.0393455 0.0279223 0.0692927 0.070575 0.00254608 0.0179387 0.0017595 0.00163406 0.017418 0.00108056 0.00275509 0.0239471 0.0299895 0.0225932 0.0523316 0.0168721 0.0102958 0.00299569 0.0151338 0.000402371 0.000196589 0.0278328 0.0514329 0.00881516 0.0488516 2.07169e-06 0.0725724 0.353198 0.00546215 0.00480803 
0.14551 0.0205913 0.0363744 0.10302 0.010414 0.00947117 0.00360984 0.00130266 0.0165506 0.00212771 0.00552389 0.0157387 0.0313391 0.147932 4.78286e-05 0.0143525 0.0656621 0.00292941 0.00361825 0.000926073 4.72685e-05 0.00725172 0.0961306 0.0111169 0.00326208 0.000242341 0.00411883 0.185983 0.0507782 0.00402843 
0.180422 0.00819559 0.138554 0.0687865 0.00665025 0.00833215 0.0128209 0.0189754 0.0116458 0.000253706 0.000133066 0.00141976 0.0109668 0.00300422 3.81335e-07 0.000951863 0.00150948 0.000409918 0.00386096 0.000227931 0.000625338 0.0540213 0.00487596 9.32837e-05 0.00385435 4.19036e-05 0.007171 0.262994 0.189139 6.3273e-05 
0.0164434 0.0486415 0.0106102 0.00724904 0.00586931 0.000109691 4.8669e-05 0.00130011 0.00116334 0.00171797 0.0529187 0.00162062 0.000245953 0.00201631 6.32655e-07 0.00525702 0.00559555 0.006883 0.000164365 4.23789e-07 1.21713e-08 0.00247631 0.0120315 0.0084806 0.00313724 6.03687e-06 0.000477515 0.803707 0.000238179 0.00159 
0.208803 0.08835 0.104468 0.0989616 0.024669 0.00453446 0.00978359 0.000249564 0.0147189 0.0025332 0.000145896 0.0078215 0.0108847 0.00536097 6.51548e-05 0.00926651 0.00689478 0.000197452 0.00448486 0.00298139 5.72087e-05 0.0111554 0.0783755 8.7822e-05 0.0226077 2.8892e-05 0.0158696 0.239746 0.0251553 0.00174163 
0.218592 0.070097 0.13591 0.0238619 0.024487 0.0283523 0.0117461 0.00349672 0.0345773 0.00328719 0.00185535 0.0141389 0.00774168 0.00203647 0.000239921 0.0163174 0.0111587 0.00233585 0.000754817 1.24086e-05 5.17256e-09 0.0214871 0.0570609 0.00837259 0.00856364 9.61439e-05 0.0401903 0.234053 0.0145323 0.00464435 
0.111218 0.0511484 0.0915464 0.101251 0.0134095 0.0109076 0.00766778 0.00154493 0.0433324 0.00440295 0.00241858 0.0124057 0.0182572 0.0112569 0.000556963 0.0191938 0.00663741 0.00122368 0.0107894 0.000110211 0.000116655 0.0112941 0.106915 0.00509535 0.00613918 4.08478e-05 0.00505614 0.214274 0.129406 0.0023844 
0.0473448 0.0129543 0.0530296 0.0179772 0.00239497 0.00410748 0.000565543 0.00443875 0.00225566 0.00278339 0.0114851 0.00322 0.0128486 0.00771185 5.95845e-05 0.0258752 0.0306475 0.00510521 0.000301003 1.12549e-05 0.000199217 0.0187701 0.0407763 0.0212869 0.000433525 0.000356033 0.00700236 0.629177 0.0318255 0.0050557 
0.0246556 0.0348 0.164581 1.79128e-07 0.0291171 8.19496e-08 0.046372 1.58786e-08 0.166163 3.25334e-07 2.18976e-07 0.00387575 0.00947286 3.55237e-07 1.44271e-07 0.00143454 0.000944926 2.3881e-07 0.00212026 7.23232e-08 1.98983e-11 0.00247802 1.51465e-06 3.24526e-12 7.64612e-06 2.20111e-07 0.00334796 0.425007 0.0856187 3.99803e-07 
0.210955 0.0736021 0.0498091 0.0490679 0.0124791 0.0102211 0.00271234 0.00154506 0.00781668 0.000734681 0.00180011 0.00245659 0.0120562 0.00272346 4.67465e-05 0.00803877 0.00061928 0.000576918 0.00676577 6.05701e-06 3.2621e-05 0.0128893 0.00591866 0.000451408 0.00343286 4.57801e-06 0.0112076 0.407514 0.103108 0.00140798 
0.0527802 0.0255696 0.0467278 0.0758683 0.00194451 0.00470232 0.00131478 0.000327429 0.00770083 8.9583e-05 2.99949e-06 0.00240325 0.00464134 0.00218773 2.2546e-05 0.056017 0.00503756 0.000157195 0.00147471 0.000199706 3.86958e-05 0.00416025 0.00729062 1.39583e-05 0.00890866 1.65573e-05 0.0101639 0.640891 0.00602405 0.0333231 
0.0606072 0.0576742 0.0379236 0.0263982 0.0163595 0.00931078 0.00092802 0.000530651 0.00528691 0.000482975 0.00236153 0.000503077 0.0167545 0.00146917 5.46965e-06 0.0045955 5.52526e-05 8.66176e-05 0.00191474 3.69247e-06 3.61014e-05 0.0195606 0.00206881 6.56164e-05 0.00272301 2.30556e-06 0.00748776 0.659907 0.064092 0.000805682 
0.0580986 0.0370619 0.150391 0.0221664 0.00633089 0.0189326 0.00836208 0.0149598 0.0139109 0.000205213 0.0010214 0.004279 0.00563578 0.00601741 0.000383524 0.116094 0.00145745 0.000399615 0.00104295 0.000105715 0.000457379 0.0394353 0.0630966 0.000895805 0.00325324 2.67332e-05 0.0268611 0.364811 0.0339301 0.000376106 
0.113799 0.0105158 0.0287377 0.0385135 0.0098761 0.00159289 0.0146808 0.0083352 0.038767 0.000542993 5.24241e-05 0.00759112 0.21908 0.00232236 5.59388e-08 0.00185445 0.000580495 4.56044e-05 0.00164261 0.000210679 0.000444833 0.0235313 0.00470674 2.62544e-05 0.00550021 7.76184e-05 0.000984642 0.318441 0.147547 1.04136e-07 
0.132728 0.0480233 0.0934259 0.0550121 0.0155375 0.00478638 0.00722938 1.23063e-05 0.0258776 3.86226e-05 0.000202631 0.0014461 0.00389776 0.00239521 4.5167e-07 0.000481251 1.08411e-05 1.54573e-05 0.00265245 5.3114e-06 7.60484e-05 0.0104475 0.00855168 7.15454e-06 0.00170341 3.13603e-05 0.00309657 0.480897 0.101368 4.29109e-05 
0.143775 0.0263342 0.0715967 0.151567 0.00846269 0.0071363 0.00804613 0.00131428 0.0282844 0.00408231 0.00403686 0.0121449 0.0445242 0.02554 0.00108509 0.00563097 0.0663883 0.000620848 0.00644111 0.000120945 0.000182144 0.0232527 0.0336832 0.00198022 0.00594132 6.85377e-05 0.00623383 0.198946 0.111832 0.000747337 
0.183193 0.0397967 0.019428 0.140761 0.00105998 0.00307756 0.00167815 0.00283389 0.00241946 0.000750635 0.00305603 0.00993683 0.00838552 0.00724093 0.000132247 0.0302223 0.0198871 0.0025878 0.0004096 4.26496e-05 9.19007e-06 0.00110449 0.057835 0.0624913 0.00246777 1.38933e-06 0.00217222 0.389852 0.0015097 0.00565766 
0.029122 0.0166004 0.103231 0.0315132 0.0427595 0.00473895 0.00308627 0.00391744 0.0416699 0.00138879 0.00673687 0.0140353 0.053558 0.0802051 0.000563086 0.0572775 0.0148644 0.0106634 0.0084133 0.00241571 0.000133241 0.12891 0.0360257 0.00739617 0.00484711 3.6221e-06 0.00576099 0.274871 0.0124665 0.00282548 
0.193654 0.0273627 0.0689362 0.0702806 0.00748112 0.00827688 0.0116628 0.00112058 0.0246886 0.00137814 0.00271327 0.0109117 0.0400115 0.00715296 0.000788565 0.00976568 0.00579225 0.00713031 0.00421412 0.00212116 0.00021589 0.00679298 0.0163879 0.00306689 0.00378822 3.72999e-05 0.00941798 0.34881 0.0957026 0.0103366 
0.169611 0.0151972 0.108251 0.209013 0.0140018 0.017869 0.00690633 0.00279347 0.0273025 0.000646365 0.00162931 0.0107717 0.034373 0.012566 0.000120583 0.019247 0.00802382 0.0033715 0.00785593 0.000279966 0.000265984 0.0165052 0.0154714 0.00393587 0.00504783 5.73894e-05 0.00909131 0.237187 0.0323224 0.0102854 
0.0201749 0.0460401 0.0646862 0.0135671 0.0187994 0.00381419 0.000363543 0.00270245 0.0157759 0.0145706 0.00450138 0.0201407 0.0328883 0.0284504 1.55731e-05 0.0558096 0.0327982 0.00136822 0.00259668 2.04829e-06 1.93984e-05 0.0586276 0.0120687 0.0254809 0.000331305 0.157315 0.0214939 0.341313 0.000919021 0.00336603 
0.194829 0.0121871 0.111314 0.0688259 0.00914511 0.00145193 0.00374169 0.000785204 0.00763317 0.000399676 0.00202348 0.0136312 0.0852614 0.0104459 0.000359452 0.00872601 0.00378334 0.00113233 0.00158028 0.000615139 0.000222029 0.125023 0.0179522 0.000693105 0.00509001 5.87756e-05 0.00551767 0.279941 0.026054 0.00157698 
0.0606072 0.0576742 0.0379236 0.0263982 0.0163595 0.00931078 0.00092802 0.000530651 0.00528691 0.000482975 0.00236153 0.000503077 0.0167545 0.00146917 5.46965e-06 0.0045955 5.52526e-05 8.66176e-05 0.00191474 3.69247e-06 3.61014e-05 0.0195606 0.00206881 6.56164e-05 0.00272301 2.30556e-06 0.00748776 0.659907 0.064092 0.000805682 
0.050124 0.0902261 0.0476241 0.0134928 0.0365493 0.00565609 0.00162295 0.000189133 0.00727535 0.00226617 0.000263868 0.00119242 0.00289771 0.00962649 1.07295e-11 0.0168968 0.00175408 0.000271965 0.000727743 4.4059e-06 4.32582e-10 0.00435777 0.1785 0.0363515 0.000373806 4.09467e-06 0.000231863 0.476693 0.0123299 0.00249603 
0.0432585 0.0755977 0.120467 0.036769 0.000654659 0.00100274 0.0021912 0.0165484 0.00586825 0.00144735 0.00390657 0.00288756 0.00189141 0.0170819 1.3233e-06 0.015989 0.00610827 0.000909582 6.55526e-05 0.000185298 0.000290387 0.0194155 0.0149426 0.00390131 0.00162781 1.62471e-05 0.00295715 0.538471 0.0646365 0.000910702 
0.0931716 0.130267 0.0508716 0.0605514 0.0176682 0.0156435 0.00813231 0.000477602 0.0193382 0.0243677 0.00632201 0.0408004 0.0411285 0.0535582 0.00095773 0.0240387 0.00870017 0.00673488 0.00261249 0.000300169 0.000200096 0.0194775 0.0485609 0.0404495 0.00414007 4.21226e-05 0.0101997 0.242165 0.0257185 0.00340439 
0.0328903 0.00410488 0.135365 0.0195589 0.00576707 0.00398226 0.00147203 0.0032862 0.00800761 0.00598735 0.000933388 0.0138524 0.00920506 0.00477857 0.000159609 0.107293 0.0382852 0.0012427 0.000514747 3.68601e-05 9.40427e-05 0.0687303 0.0426795 0.121105 0.000706536 0.00034699 0.0155216 0.225139 0.128124 0.000829282 
0.0908827 0.0136245 0.0422843 0.040026 0.010323 0.00428444 0.00479847 0.00196857 0.0158515 0.0459435 0.020556 0.00172803 0.0269248 0.0106939 2.65106e-07 0.0413439 0.0360822 0.0106967 0.000913074 0.000204009 1.40596e-07 0.0168572 0.0545373 0.0818483 0.00441986 2.32808e-05 0.00771268 0.362268 0.0171195 0.0360834 
0.0583851 0.0418023 0.0882724 0.0478572 0.013349 0.00380097 0.016406 0.0437753 0.0122227 3.67875e-05 0.0033856 0.00322758 0.00881563 0.00510591 3.20305e-07 0.211106 0.00742279 3.80055e-05 0.00144109 0.000110419 0.000156963 0.0631815 0.0225594 0.000358888 0.0146518 0.000308683 0.00668963 0.317563 0.00756203 0.0004069 
0.0703187 0.0196422 0.0393713 0.0983895 0.0021109 0.0024685 0.00132632 0.00260728 0.00863223 0.00399333 0.00523153 0.0101153 0.133395 0.00873564 2.37886e-05 0.0112109 0.0204873 0.00337861 0.00244152 0.000205708 3.52019e-05 0.00986681 0.0840882 0.00598806 0.00327095 9.21565e-06 0.00126372 0.439913 0.00344162 0.00803803 
0.0445836 0.0731527 0.00883841 0.112395 0.00288136 0.000233428 0.150045 0.00295392 0.0496397 0.000721266 0.0045589 0.016982 0.00116989 0.0118887 1.68342e-06 0.0141253 0.0264831 0.00228762 0.000379074 8.57236e-07 2.94683e-08 0.000383612 0.167884 0.0108441 0.00280342 1.47635e-07 0.000418867 0.267623 0.000209056 0.0265129 
0.0750248 0.0083536 0.0213947 0.0778715 0.00551113 0.0096054 0.0144473 0.000107307 0.0942518 0.00251248 0.00089062 0.0240162 0.0709202 0.00271086 0.000370802 0.00211904 0.00268845 0.000610312 0.0044961 0.21609 0.000167544 0.00667323 0.0182861 0.0168113 0.0100551 4.10184e-05 0.0070587 0.27571 0.0239426 0.00726147 
0.127139 0.0742349 0.0531353 0.0302874 0.000192184 0.000836322 0.000582356 0.000103762 0.00221198 0.0043376 0.00114355 0.00392232 0.0318539 0.0528139 0.000520207 0.0110237 0.0126734 0.00107486 0.000774993 8.22366e-08 1.07783e-09 0.0209407 0.0382521 0.0242519 0.0015053 8.5087e-06 0.000780699 0.47812 0.0235367 0.00374288 
0.118599 0.168504 0.06847 0.0344641 0.020746 0.0131461 0.000896441 7.57651e-05 0.0108458 0.000504266 0.0240756 0.00396248 0.112477 0.0342509 0.000845051 0.0771959 0.00183474 0.000230548 0.000131148 0.000136592 0.000105608 0.0263649 0.0522002 0.000555624 0.0186429 1.79813e-05 0.00791015 0.201699 0.000517373 0.000593866 
0.0266851 0.0340383 0.032462 0.0126714 0.0126522 0.0302498 0.00155035 0.00234668 0.00749973 0.00456249 0.00937361 0.00390565 0.00325201 0.00834138 0.000473205 0.0375651 0.00627705 0.0031986 0.000663279 0.000443476 5.5958e-05 0.0261382 0.0403949 0.00694756 0.00415267 0.00261721 0.00421067 0.655207 0.0201456 0.00191888 
0.020644 0.217238 0.0319551 0.0452909 0.00228591 0.000256414 0.0225546 0.000356793 0.0103294 0.00114419 0.000478981 0.00325029 0.01462 0.0107384 0.000508467 0.00507801 0.00709373 0.00146793 6.77685e-06 7.58324e-05 5.57441e-06 0.0161511 0.0462501 0.00188725 0.00153565 1.58256e-05 0.000920612 0.5304 0.00585598 0.00160397 
0.143077 0.121602 0.0416225 0.116872 0.00879877 0.0201184 0.00938448 2.033e-05 0.0159077 0.000552953 0.000473326 0.00203043 0.0439417 0.0115164 2.96744e-07 0.0221919 0.0121587 0.00125819 0.000602081 0.000168653 5.41762e-05 0.00633277 0.0551081 5.17875e-06 0.000399698 7.68235e-08 0.0080709 0.304667 0.052971 9.31113e-05 
0.110511 0.0229039 0.0158293 0.0375205 0.00421649 0.000520444 0.00549385 0.00142092 0.065808 0.00111957 0.00452259 0.137594 0.0588011 0.0175868 5.59093e-06 0.0197894 0.0253289 0.00967445 0.000591977 4.89814e-07 8.03968e-05 0.00310699 0.0237472 0.0654708 0.0853906 6.33265e-05 0.00597044 0.25848 0.00444332 0.0140084 
0.0574521 0.0667225 0.0245002 0.113409 0.00037019 0.00926943 0.000976412 0.00110776 0.00705064 0.000343326 0.00125043 0.0191886 0.00360937 0.00935483 0.000104998 0.00400088 0.00459439 0.00224115 0.000172812 0.000132241 3.49893e-05 0.00418687 0.031102 0.00404952 0.00243902 6.80909e-07 0.00936563 0.611638 0.00825468 0.00307778 
0.199148 0.0447011 0.0480694 0.165944 0.00261257 0.00479149 0.00202254 0.000832451 0.0167433 0.000967246 0.000149452 0.00139699 0.0180176 0.0341947 8.14606e-05 0.00375735 0.00419952 0.00035995 0.000645842 0.000207205 0.000154065 0.0280558 0.0231726 3.79469e-05 0.00720318 4.31431e-05 0.00651815 0.31484 0.0710941 3.86971e-05 
0.186527 0.112212 0.0601704 0.0981158 0.0124041 0.0194702 0.0050202 0.00093669 0.0253946 0.00247284 0.00248994 0.00874729 0.0302338 0.0264038 0.000391064 0.0129852 0.00631266 0.00380973 0.00264914 0.000817823 0.000119548 0.00905905 0.03116 0.0125069 0.00830692 3.01099e-05 0.00759622 0.276846 0.0300806 0.00672984 
0.0284678 0.026784 0.0287289 0.153946 0.00628401 0.00778088 0.00301957 8.7006e-05 0.0161627 0.00298203 0.00015084 0.00168636 0.0292834 0.00115158 3.22074e-05 0.00389119 0.00794034 0.000666865 0.00513102 8.92981e-05 0.000408402 0.00436585 0.100555 0.00115123 0.00263425 0.00244936 0.00360958 0.546996 0.00737657 0.00618772 
