0.0414798 0.13785 0.0120494 0.0969196 0.00715658 0.000730659 0.380449 3.9408e-06 0.0134583 0.000387819 0.000230172 0.0737338 0.000680137 0.00279932 2.19492e-05 0.0215638 0.00289543 4.86829e-05 0.00070326 1.20357e-05 7.46717e-07 0.00540564 0.0910492 2.21971e-06 0.00436805 0.000113576 0.000515325 0.104238 0.000903227 0.000230618 
0.0715132 0.043163 0.174155 0.0718609 0.0342447 0.00867305 0.274275 3.07063e-05 0.0842001 0.0014492 0.0153023 0.012935 0.0126487 0.0156778 0.000237951 0.0176423 0.0167292 7.07322e-05 0.00793044 0.00146736 6.53003e-05 0.0520417 0.02533 0.0011808 0.0110516 0.00366993 0.00464734 0.02797 0.00952252 0.000313966 
0.0621483 0.153266 0.0771961 0.0799429 0.00906774 0.00117184 0.252616 0.00748446 0.164805 0.000252782 0.000600057 0.00913108 0.00491006 0.0195253 4.20433e-05 0.00841555 0.000515886 0.000467138 0.0012515 0.00423992 0.00016685 0.0630019 0.0264676 0.000486065 0.0106788 0.000168525 0.00139157 0.036519 0.00248428 0.00158454 
0.13848 0.0227226 0.072653 0.229886 0.012594 0.0133545 0.342146 0.00028507 0.0400272 5.54777e-05 9.63573e-05 0.00159944 0.0165032 0.00384042 2.62793e-05 0.0118223 0.000616431 0.000139934 0.0115023 8.64012e-05 0.000312122 0.0093068 0.0208407 2.26676e-05 0.00378332 0.00119875 0.00275251 0.0241679 0.0189911 0.000186463 
0.0468489 0.0526781 0.0935935 0.113618 0.0170124 0.0380666 0.255556 3.56643e-05 0.176169 0.00808043 0.000133806 0.00162511 0.00762877 0.00537608 2.49829e-05 0.0206464 0.0100096 0.0224032 0.00766871 0.000105385 7.00678e-05 0.012021 0.0326909 9.43021e-05 0.00326181 0.000728027 0.026366 0.0282159 0.0191299 0.000141678 
0.0170228 0.0114607 0.152562 0.0188916 0.00897325 0.00407028 0.569212 6.09425e-07 0.0475561 0.000407978 0.000391995 0.000358789 0.00626266 0.00135775 4.65922e-07 0.00386331 0.000849771 3.2975e-06 0.00180412 0.000177579 8.10611e-07 0.0922197 0.00288711 1.11481e-05 0.00138281 1.82965e-05 0.00427396 0.0074333 0.0465363 9.01774e-06 
0.0495002 0.0092408 0.0239281 0.0411823 0.0919674 0.00202987 0.631234 3.53048e-06 0.0644649 2.76134e-05 9.22398e-05 0.00104138 0.00199316 0.00315115 0.000158858 0.00140614 8.29913e-05 3.883e-05 0.0434589 1.42364e-05 4.9897e-05 0.00658411 0.00138654 6.33938e-06 0.00207375 0.000229991 0.00219588 0.00832664 0.0140461 8.40988e-05 
0.00307052 0.063886 0.0707344 0.0263233 0.0340339 7.68509e-05 0.473909 0.000823839 0.0160133 0.000312153 0.0418047 1.19682e-06 0.0437474 0.00160346 1.57237e-07 0.00108189 0.0018813 0.000548789 0.000721269 0.0565034 8.71473e-06 0.0403807 0.0207557 0.0202013 0.0576514 0.000350501 0.000136218 0.0160887 0.0073469 2.73793e-06 
0.066888 0.00822505 0.0253905 0.0803387 0.199266 0.00931104 0.476455 4.56432e-06 0.0458401 2.61795e-05 0.000122569 0.000873769 0.00167058 0.00291669 3.03257e-05 9.55388e-05 6.47546e-06 2.32438e-05 0.0542739 1.20925e-05 4.2762e-05 0.00714351 0.00139781 7.15857e-06 0.00232504 0.00019593 0.00221029 0.00685449 0.00799858 5.49544e-05 
0.0688887 0.0517246 0.0587142 0.0827166 0.0289408 0.0267526 0.245046 5.62698e-05 0.188139 0.00078914 0.00145537 0.00868896 0.00471944 0.012561 0.000150882 0.00942197 0.00163499 0.000204675 0.0288571 5.15004e-05 0.000423948 0.0186509 0.055523 0.00173868 0.0154545 0.000254621 0.0210634 0.0330913 0.0338658 0.00041975 
0.0727717 0.0237841 0.154461 0.142469 0.00398924 0.00802757 0.189111 0.00130793 0.0377941 0.0135489 0.00274956 0.00816911 0.00347426 0.0126347 5.6414e-05 0.0308336 0.0965772 0.00250112 0.0094855 2.28772e-05 0.000479991 0.00728498 0.0511336 0.00423904 0.00662068 7.72374e-06 0.00731917 0.0879718 0.0189363 0.00223794 
0.0224762 0.011502 0.200681 0.0218643 0.0103624 0.00433505 0.446717 0.000120944 0.0424819 0.00131053 0.000357222 0.0259674 0.00788975 0.00282744 1.11674e-05 0.00471209 0.000703503 9.47622e-06 0.00200817 0.00026335 5.63672e-05 0.120862 0.00303851 1.07239e-05 0.00280294 1.74084e-05 0.00377381 0.0154223 0.0426597 0.00475528 
0.0503443 0.0409478 0.0337221 0.08415 0.0196191 0.0108362 0.442628 0.000396804 0.0201203 0.0261828 0.00154194 0.00366444 0.00402546 0.00546578 0.000987291 0.0598784 0.088318 0.00102754 0.00482831 0.000163545 0.000165619 0.016052 0.0280061 0.00177849 0.00567186 5.57541e-05 0.0029419 0.0423001 0.003378 0.00080194 
0.128705 0.0345334 0.0759169 0.0554565 0.0220735 0.0123981 0.405536 0.000436679 0.101109 0.000279718 0.00084877 0.00571493 0.00980248 0.00429438 0.000267498 0.00976914 0.00829968 0.00332497 0.0103656 8.44403e-05 8.02861e-05 0.00402221 0.0216452 0.00102973 0.031025 0.000515476 0.00566926 0.0307399 0.0130153 0.0030399 
0.0190675 0.04637 0.181282 0.0632853 0.00226457 0.000760624 0.516489 3.50836e-06 0.011221 4.94811e-05 0.00415921 0.0012849 0.0256958 0.000114871 8.65644e-06 9.60032e-05 0.000311167 4.03962e-06 0.0416187 0.00827168 9.72631e-05 0.0354395 0.001193 9.07049e-06 0.00324899 2.07554e-05 0.000439852 0.018313 0.0188482 3.20983e-05 
0.0175692 0.063687 0.0284354 0.0123235 0.00720254 0.000726287 0.755512 2.09323e-07 0.0408637 0.00834788 0.00241743 0.000933811 0.00452487 0.00661617 1.19459e-06 0.00476556 0.00067899 6.94858e-05 0.000541585 2.77091e-07 8.35988e-07 0.0183419 0.00733015 7.90733e-07 0.0019406 0.000266693 0.000350368 0.0155395 0.00100799 4.48253e-06 
0.0205145 0.0889929 0.156923 0.0126957 0.0159802 0.0213289 0.287612 0.000286274 0.101933 1.29721e-05 0.0010923 0.00650436 0.00240179 0.00953214 0.000474457 0.00894304 1.78728e-05 0.00033855 0.00372117 0.000153283 0.000178436 0.247075 0.0022023 1.82944e-05 0.0020401 6.4416e-05 0.00105964 0.00223493 0.00546251 0.000206403 
0.129674 0.0491302 0.0509946 0.214896 0.0652793 0.0148401 0.227691 8.47661e-05 0.0723715 0.000183759 0.0011328 0.00099814 0.00329977 0.00336215 9.68982e-05 0.00216436 0.000642942 0.000110074 0.015927 1.76022e-06 1.9698e-05 0.0217944 0.00731062 4.86525e-06 0.0339565 0.000242634 0.000853239 0.0291206 0.0536952 0.000121606 
0.129568 0.0405308 0.0632289 0.0186593 0.0372938 0.0056658 0.513836 1.8728e-05 0.0849653 8.27428e-05 0.000194386 0.00736418 0.00344146 0.00432131 4.88628e-07 0.00014563 0.00246773 0.000905299 0.0168093 3.38256e-05 3.94541e-05 0.0129586 0.00226038 1.47883e-05 0.00381046 0.000138175 0.0308922 0.0164802 0.00386127 1.24286e-05 
0.122761 0.0187384 0.0353106 0.279595 0.0147831 0.00618643 0.415075 1.29575e-05 0.0343314 7.90332e-05 7.85069e-05 0.00268233 0.000589244 0.00189674 5.52414e-07 3.82019e-05 1.86845e-05 5.6615e-05 0.00869994 5.21608e-05 4.12512e-05 0.00227967 0.00188941 5.8371e-05 0.00995352 0.00058176 0.00307785 0.0170256 0.0240191 8.73076e-05 
0.0624761 0.08406 0.0889191 0.110271 0.0350728 0.0104849 0.25724 0.000515717 0.0669456 0.0014349 0.0513348 0.0107217 0.0100887 0.00696489 1.80042e-05 0.0235816 0.0140977 0.00229276 0.00463445 0.000122663 9.68219e-05 0.0238452 0.0205231 0.00214898 0.0475268 0.000271934 0.0104593 0.0394222 0.0118371 0.00259142 
0.0195211 0.0173162 0.0166434 0.0268442 0.0117561 0.000682865 0.765444 2.88887e-05 0.0797866 0.00048206 0.000645773 7.81205e-05 0.000586318 0.000364934 1.24957e-07 0.00363198 0.000102376 1.78683e-05 0.0171992 2.0663e-05 7.57786e-06 0.0045574 0.00208937 2.15178e-05 0.000878407 6.59406e-06 0.000502404 0.00213111 0.0286325 2.01472e-05 
0.143412 0.00398047 0.0537833 0.0483717 0.0107492 0.00285409 0.316931 6.22638e-06 0.187559 1.15935e-05 0.000149269 0.00095519 0.0173978 0.00101515 8.9158e-06 0.00068461 0.000991144 0.000109705 0.168671 3.75014e-06 0.000152456 0.00365822 0.00280802 2.12782e-06 0.0074536 0.00145932 0.00548123 0.0124429 0.00723895 0.00165871 
0.0468036 0.0452774 0.113987 0.0526799 0.0210858 0.00144446 0.460064 1.57043e-05 0.096648 0.000641469 0.00332559 0.000755556 0.0123971 0.00301516 1.60596e-05 0.0114302 0.000563858 0.00314445 0.00808385 8.55487e-05 0.000407698 0.0225557 0.022597 0.000198119 0.0129909 0.00159175 0.00121775 0.0447791 0.0113311 0.000865572 
0.0156403 0.0203771 0.263868 0.000847775 3.41322e-05 0.000184845 0.312866 6.98416e-07 0.00667795 0.000431979 3.76317e-07 0.0220135 0.000133981 0.132552 9.23998e-07 2.18992e-07 0.0154596 8.01226e-07 2.90972e-05 1.15769e-06 3.27045e-06 0.00287854 7.0288e-05 9.27357e-06 0.203564 1.6399e-05 1.37277e-05 0.0023046 7.74448e-06 1.12884e-05 
0.13635 0.0505541 0.0531729 0.102817 0.0196819 0.012605 0.383063 0.000201428 0.0510196 0.0011974 0.00320883 0.00399974 0.00269359 0.00565536 5.34473e-05 0.00507198 0.04661 0.0017943 0.00488414 4.25593e-05 0.000307903 0.0134894 0.0178138 0.00251482 0.0192917 0.000155336 0.00184853 0.0313073 0.0240613 0.00453393 
0.0287379 0.0110187 0.0322365 0.024836 0.112333 0.0157304 0.626649 0.000137195 0.104721 1.4534e-05 0.000107476 0.000376931 3.59817e-05 0.000578111 4.26625e-06 0.00258078 0.000184823 2.83016e-05 0.00874246 3.90948e-08 1.3238e-09 0.000622086 0.007075 1.30285e-06 0.00454205 8.39539e-05 0.00801994 0.00245174 0.00801977 0.000131572 
0.0567402 0.0194619 0.0623042 0.116812 0.0494129 0.00895629 0.216557 0.00065958 0.0587535 0.00229577 0.0016532 0.00703992 0.00719478 0.0079655 1.58529e-05 0.0104691 0.215718 0.00752838 0.00437998 0.000132145 0.00012243 0.00970074 0.0201568 0.0326248 0.019602 0.000132174 0.00194346 0.0436013 0.0120076 0.00605773 
0.0320191 0.0366335 0.150277 0.106494 0.00322369 0.00388195 0.292407 2.62192e-06 0.099162 0.000124235 5.85346e-05 0.000669887 0.121379 0.00664304 4.5329e-07 0.000175298 4.09145e-06 2.19112e-05 0.0018467 5.67932e-07 8.35154e-06 0.0649105 0.0405292 0.000109589 0.00801048 4.65101e-05 0.000286204 0.020746 0.010328 3.21385e-07 
0.0453157 0.0382261 0.0408284 0.123579 0.0167402 0.00857881 0.556953 4.23025e-06 0.0134677 2.35384e-06 0.0111851 0.00259906 0.00103711 0.00483497 1.824e-06 0.0128251 0.00387931 0.00146803 0.00528499 9.29989e-05 0.000403977 0.00337509 0.0013864 6.61029e-06 0.0883468 0.000538093 0.000473675 0.00489157 0.0136038 7.01728e-05 
0.0797137 0.018092 0.148142 0.0931543 0.0260995 0.0161117 0.338947 3.54884e-05 0.111069 0.000129028 0.00149112 0.00272539 0.0103207 0.00105859 5.25871e-06 0.016015 0.00302429 0.00792355 0.0207347 2.22834e-05 0.000137816 0.0490277 0.0179192 1.66444e-05 0.00535567 9.17721e-05 0.0147846 0.0104396 0.00737119 4.1431e-05 
0.0496301 0.189857 0.091345 0.0606614 0.00396953 0.0105739 0.376889 7.20129e-05 0.0172828 0.00179318 5.59911e-05 0.000421978 0.00619489 0.0185433 3.59647e-07 0.0215868 0.000537104 2.3439e-07 0.00498862 7.03663e-07 7.19491e-07 0.104867 0.0123905 6.14723e-06 0.000890682 0.0161043 0.000232882 0.00937428 0.0017287 6.69227e-07 
0.0305831 0.0251792 0.0392567 0.119474 0.00660908 0.00342101 0.522738 0.00139917 0.06994 0.000415121 3.86843e-06 0.00094368 0.010026 0.0148809 6.12167e-07 9.72022e-05 2.50908e-05 0.000485234 0.083719 3.57815e-06 0.000137675 0.0185158 0.00382253 1.13367e-05 0.0193027 9.37716e-05 0.00117427 0.025574 0.00214335 2.37271e-05 
0.0663762 0.0387343 0.0885298 0.0598442 0.0453717 0.0152076 0.43421 0.00237516 0.0965962 0.000159684 0.00222468 0.00479794 0.0076617 0.00333346 0.000722985 0.00380305 0.000724607 0.00194782 0.0226103 0.000370599 0.000193335 0.0239164 0.0106325 0.000933488 0.0108498 0.00158638 0.00550619 0.0186439 0.0295266 0.00260974 
0.011588 0.00424993 0.0914256 0.0421212 0.0612904 0.00651525 0.516706 0.00059063 0.0660316 0.0119353 0.000266987 0.00453607 0.00102099 0.00537079 5.70598e-06 0.0311796 0.0122778 2.38561e-05 0.00854112 1.2695e-05 9.48639e-05 0.0858173 0.0113957 0.000243305 0.000271728 0.000939697 0.00184792 0.0202641 0.0034203 1.56478e-05 
0.195936 0.075126 0.0278991 0.0487585 0.0595407 0.00814517 0.305656 0.000945506 0.141207 2.34066e-05 0.000297719 0.000530884 0.00240827 0.000621301 1.0722e-05 0.0151742 0.000315818 0.000210746 0.00921438 3.47819e-05 0.000450543 0.00644248 0.00252611 3.11413e-05 0.00470006 6.77729e-05 0.00150374 0.0721188 0.0200515 5.09114e-05 
0.0306744 0.153817 0.053312 0.0919597 0.0323312 1.15442e-06 0.245898 0.00822096 0.0723886 0.000223546 0.000891565 0.0121267 0.0163072 0.0006542 7.89132e-08 0.00115284 6.36068e-05 2.97574e-07 0.0503147 1.82663e-09 0.000122659 0.026574 0.00376523 0.00844972 0.149928 3.98779e-06 0.00189061 0.0347416 0.00321886 0.000967461 
0.100854 0.0578781 0.0603254 0.0291316 0.0618711 0.0214946 0.326134 1.40072e-05 0.203879 0.000112096 0.000507539 0.0116832 0.00289334 0.00743443 0.0060783 0.000293457 0.00359817 0.000530563 0.0245756 6.65856e-05 0.000102825 0.0219082 0.0110104 2.50203e-05 0.00306799 0.000767543 0.0196621 0.0199606 0.00407569 6.4439e-05 
0.0721076 0.0184358 0.110071 0.0344412 0.0878697 0.00533209 0.331315 1.06193e-05 0.197606 6.3295e-05 0.000486068 0.00180812 0.0018996 0.000193849 0.000247893 6.49046e-05 1.05471e-05 0.000253237 0.0131936 1.10785e-05 0.000784934 0.0279453 0.0072865 5.9239e-06 0.00430993 0.000138862 0.0189363 0.0157942 0.0492523 0.000123693 
0.0382796 0.00649308 0.0603538 0.0260528 0.0114536 0.00164198 0.663941 0.00201471 0.0243276 2.06278e-07 1.03913e-05 7.40026e-05 0.000957114 0.000278096 1.18849e-06 0.0885185 0.000927422 1.73087e-05 0.000900218 2.32577e-06 8.30692e-05 0.00620024 0.00130009 2.93213e-05 0.000145931 1.43288e-05 0.000181132 0.0111223 0.0534574 0.00122106 
0.0388314 0.0608294 0.0226612 0.0537431 0.00193307 0.000775072 0.30111 0.000583043 0.0357795 0.000905231 0.00178667 0.0150902 0.00201814 0.0162328 8.71879e-07 0.065822 0.128226 0.00147384 0.000466446 5.46236e-07 6.30702e-06 0.000521657 0.18522 0.00374434 0.000109234 0.00265752 0.000148634 0.0583677 7.00531e-05 0.0008854 
0.0850966 0.0181461 0.25469 0.112815 0.023363 0.0101593 0.297 1.93626e-05 0.0666347 0.000143094 6.52592e-05 0.00133678 0.008067 0.0162766 0.000209787 0.00043606 2.65871e-05 0.000280684 0.00589643 7.78917e-06 0.00141948 0.00721893 0.000772266 2.07721e-05 0.00378612 0.000336855 0.00390872 0.0171597 0.0645774 0.000130186 
0.0226356 0.0022835 0.0541252 0.0135436 0.0332096 0.00387686 0.614663 0.00311298 0.0944268 3.38046e-05 0.000142024 0.00089825 0.00190426 0.00195049 0.000669272 0.00332144 7.07551e-05 3.86483e-05 0.00416761 0.000778182 5.35122e-05 0.0964657 0.00457647 0.000231557 0.0336637 1.94223e-05 6.74759e-05 0.00374025 0.00530591 2.4256e-05 
0.0495002 0.0092408 0.0239281 0.0411823 0.0919674 0.00202987 0.631234 3.53048e-06 0.0644649 2.76134e-05 9.22398e-05 0.00104138 0.00199316 0.00315115 0.000158858 0.00140614 8.29913e-05 3.883e-05 0.0434589 1.42364e-05 4.9897e-05 0.00658411 0.00138654 6.33938e-06 0.00207375 0.000229991 0.00219588 0.00832664 0.0140461 8.40988e-05 
0.017579 0.0715814 0.0483663 0.00197105 0.00842901 0.00587528 0.659361 3.68929e-07 0.0813437 2.19404e-07 5.45834e-10 0.0256691 0.00040033 0.00165833 1.3636e-06 1.92588e-07 0.0133751 5.551e-05 0.00162798 3.72914e-07 2.55264e-07 0.0458062 0.00164394 6.91163e-05 0.00441541 0.000177713 0.00765736 0.00276588 0.000144868 2.38157e-05 
0.0412332 0.0490015 0.0630828 0.0492204 0.0161883 0.00866239 0.564664 0.000164464 0.0827108 0.00358762 0.00216342 0.00328938 0.00771476 0.00577337 0.000656652 0.00586965 0.00127162 0.00119277 0.00738132 0.000349486 9.12309e-05 0.0146951 0.0136675 0.00085036 0.014523 0.000196191 0.00288634 0.0209733 0.0164376 0.00150096 
0.190851 0.0624111 0.119431 0.0526813 0.0619843 0.0335593 0.231035 7.50644e-05 0.0472057 0.000144043 0.00181879 0.00299899 0.00609062 0.00806973 2.8103e-05 0.0119112 0.00611469 0.000411567 0.0283242 3.77033e-05 0.000248537 0.0493685 0.019499 0.000134326 0.00372277 0.000746381 0.00529319 0.0344397 0.0211663 0.000197741 
0.0700765 0.0230299 0.0210195 0.161623 0.0146478 0.0171155 0.585636 4.11097e-06 0.0158369 1.46934e-06 0.0111976 0.00348483 0.00069744 0.00240536 3.78379e-07 0.0121704 0.00129042 0.000412957 0.0064194 1.75331e-06 5.08819e-05 0.00924724 0.00784804 1.30497e-05 0.00898608 0.000447255 0.000532743 0.020141 0.00554458 0.000117966 
0.156976 0.0238438 0.0603808 0.157602 0.00670366 0.000565955 0.290454 1.18386e-05 0.0464541 0.000344632 0.000868886 0.000597949 0.00147629 0.000797213 3.71653e-06 0.000634236 0.00129899 0.000737902 0.00872682 0.00010241 1.71058e-05 0.00914765 0.0106396 0.00116731 0.109145 3.31855e-05 0.000561594 0.018632 0.0772051 0.0148702 
0.129568 0.0405308 0.0632289 0.0186593 0.0372938 0.0056658 0.513836 1.8728e-05 0.0849653 8.27428e-05 0.000194386 0.00736418 0.00344146 0.00432131 4.88628e-07 0.00014563 0.00246773 0.000905299 0.0168093 3.38256e-05 3.94541e-05 0.0129586 0.00226038 1.47883e-05 0.00381046 0.000138175 0.0308922 0.0164802 0.00386127 1.24286e-05 
0.0207369 0.00903749 0.288067 0.0559222 0.0167504 0.00141015 0.409426 0.000739562 0.0455484 5.24953e-05 3.43705e-05 0.0102432 0.0037225 0.00167546 0.000254501 0.00834202 0.000171003 4.69432e-05 0.00312424 0.000363191 0.000275134 0.0980922 0.00201144 4.95408e-05 0.00394714 2.70793e-05 0.00124012 0.0153421 0.00332784 1.97023e-05 
0.0162703 0.0136937 0.0356649 0.019207 0.00542452 0.00235954 0.785151 0.00204363 0.0145772 1.66114e-05 0.0154449 0.0103343 0.000820895 0.00204701 0.00108209 0.00425071 0.00527515 1.1167e-05 0.00222894 0.00358081 7.18641e-05 0.0150893 0.00273742 1.34083e-05 0.00943849 0.00019014 0.000728933 0.0194776 0.0118409 0.000927935 
0.129568 0.0405308 0.0632289 0.0186593 0.0372938 0.0056658 0.513836 1.8728e-05 0.0849653 8.27428e-05 0.000194386 0.00736418 0.00344146 0.00432131 4.88628e-07 0.00014563 0.00246773 0.000905299 0.0168093 3.38256e-05 3.94541e-05 0.0129586 0.00226038 1.47883e-05 0.00381046 0.000138175 0.0308922 0.0164802 0.00386127 1.24286e-05 
0.0165554 0.0183665 0.0474417 0.0685117 0.0165821 0.00598895 0.687465 6.2336e-05 0.0717841 0.000155998 1.09667e-05 0.0013376 0.00143575 0.000476439 6.0605e-07 0.000664586 0.000125428 3.83679e-05 0.00291814 2.91729e-05 5.90401e-07 0.00292267 0.00815606 1.17029e-05 0.0221816 3.65473e-05 0.00253264 0.014722 0.00763305 0.00185265 
0.0197328 0.0280084 0.0244342 0.00391025 0.0429189 0.0017255 0.646791 7.95294e-05 0.0262662 0.00272523 0.00111949 0.00209659 0.000498369 0.00629118 1.88265e-05 0.044647 0.000514292 6.57813e-06 0.00450935 0.0121472 0.000193606 0.0945479 0.0146607 0.000103528 0.0170136 2.78924e-06 0.000663739 1.52911e-05 0.00433922 1.85364e-05 
0.069322 0.0471255 0.0621394 0.255553 0.00286293 0.000875418 0.41103 0.00078608 0.0540784 7.15772e-05 0.000133631 0.00464731 0.00627762 0.00163451 1.43792e-05 0.000920456 0.00252318 1.12516e-05 0.0150303 5.92622e-05 0.000139633 0.00275594 0.0297616 2.48803e-05 0.00888582 2.42371e-05 0.000371431 0.0155611 0.00724682 0.000131396 
0.0555552 0.0686283 0.0655867 0.0582203 0.00738391 0.00348847 0.290907 3.02141e-05 0.097724 0.00891365 0.00018584 0.000752542 0.0103215 0.00528717 2.55e-07 0.0506157 0.0177144 0.00125191 0.0040109 0.000657467 7.02503e-05 0.0963378 0.0766539 0.00133418 0.00408104 0.000341468 0.00138423 0.0627823 0.00852145 0.00125745 
0.122761 0.0187384 0.0353106 0.279595 0.0147831 0.00618643 0.415075 1.29575e-05 0.0343314 7.90332e-05 7.85069e-05 0.00268233 0.000589244 0.00189674 5.52414e-07 3.82019e-05 1.86845e-05 5.6615e-05 0.00869994 5.21608e-05 4.12512e-05 0.00227967 0.00188941 5.8371e-05 0.00995352 0.00058176 0.00307785 0.0170256 0.0240191 8.73076e-05 
0.00441341 0.0143015 0.0202034 0.00186058 0.0349307 0.000815401 0.784691 2.19163e-06 0.0116174 0.00421402 0.000207359 0.00108325 0.00973974 0.0103994 1.70055e-05 0.00538136 3.61994e-06 9.45156e-06 0.00779029 0.000289261 6.71703e-05 0.0672906 0.00429886 2.61082e-06 0.00775998 5.71608e-05 0.000781426 0.00711638 0.00039649 0.000258619 
0.122761 0.0187384 0.0353106 0.279595 0.0147831 0.00618643 0.415075 1.29575e-05 0.0343314 7.90332e-05 7.85069e-05 0.00268233 0.000589244 0.00189674 5.52414e-07 3.82019e-05 1.86845e-05 5.6615e-05 0.00869994 5.21608e-05 4.12512e-05 0.00227967 0.00188941 5.8371e-05 0.00995352 0.00058176 0.00307785 0.0170256 0.0240191 8.73076e-05 
0.057323 0.0108305 0.0671246 0.0357283 0.214991 0.0633966 0.351695 0.000434127 0.0521992 0.00401486 0.00101268 0.00308105 0.00447487 0.00551135 0.000275769 0.0113569 0.00704645 0.00106387 0.0460432 3.25362e-05 8.06129e-05 0.00658887 0.00391582 0.001574 0.00112592 5.55339e-05 0.0185601 0.0219564 0.00739019 0.00111726 
0.000442871 1.53891e-05 0.0112879 0.000742935 0.0056292 2.68573e-05 0.908552 7.53149e-07 0.00988205 0.000179501 4.05808e-07 2.44198e-07 2.01357e-07 5.12178e-05 9.9641e-07 0.000208029 2.35783e-07 3.069e-05 0.0116947 1.24841e-06 4.38226e-05 0.0391816 0.000108335 8.9715e-07 3.09999e-05 5.36245e-06 2.57241e-07 8.73587e-05 0.0117914 2.92346e-06 
0.118366 0.018658 0.039683 0.144686 0.0443547 0.0104399 0.229856 1.2266e-05 0.164912 0.000135662 0.0675237 0.00180238 0.0127457 0.001316 7.705e-05 0.00271088 0.00974859 3.4786e-05 0.00498135 8.28221e-06 1.1311e-05 0.0083717 0.00756671 1.5751e-05 0.0320748 0.0023693 0.00237657 0.0270299 0.0480895 4.20796e-05 
0.0282178 0.0568513 0.0614691 0.00158439 0.00130666 0.0118996 0.670415 5.85063e-05 0.0545439 9.25947e-06 0.00501782 0.00473224 0.000378355 0.000203313 1.13377e-05 0.0491905 0.00141709 4.97344e-05 5.13357e-05 3.49615e-08 1.35559e-06 0.024655 0.0106457 1.2069e-05 0.00296342 1.07319e-05 0.000796643 0.0116713 0.000144359 0.00169274 
0.0170228 0.0114607 0.152562 0.0188916 0.00897325 0.00407028 0.569212 6.09425e-07 0.0475561 0.000407978 0.000391995 0.000358789 0.00626266 0.00135775 4.65922e-07 0.00386331 0.000849771 3.2975e-06 0.00180412 0.000177579 8.10611e-07 0.0922197 0.00288711 1.11481e-05 0.00138281 1.82965e-05 0.00427396 0.0074333 0.0465363 9.01774e-06 
0.0410903 0.0676463 0.107978 0.0916987 0.0705213 0.0208704 0.346491 1.91107e-05 0.145116 1.94493e-05 8.98443e-05 0.00183802 0.00675188 0.0037434 1.4185e-05 0.000608095 5.66191e-05 0.000116156 0.0155078 6.52597e-06 3.84618e-05 0.00147382 0.00147242 0.00727737 0.0563257 1.0619e-05 0.0032893 0.00458528 0.00351205 0.00183141 
0.0806548 0.0185934 0.0816593 0.0201657 0.0202431 0.00309529 0.344317 2.76279e-05 0.113458 0.000545345 0.00279757 0.00274473 0.00376174 0.0241572 0.00268361 0.0202408 0.00336795 3.96061e-05 0.00324816 0.000441715 4.04824e-05 0.205127 0.00342839 8.21717e-06 0.0195538 1.20311e-05 0.0090642 0.0133886 0.00300632 0.000128192 
0.0955082 0.0298344 0.0807226 0.0888115 0.0777767 0.00734745 0.361754 8.00999e-07 0.0495215 0.00130414 6.5308e-05 0.00131733 0.0050775 0.000106013 2.43179e-07 0.00655502 0.00205902 3.08768e-05 0.0147641 4.75559e-07 4.86086e-07 0.0241013 0.00856308 2.50362e-06 0.0491988 0.000592174 0.00184452 0.02549 0.0676352 1.52394e-05 
0.042542 0.00924305 0.0682222 0.0482596 0.0319392 0.00820309 0.291351 4.45113e-05 0.242958 7.34287e-05 0.0267772 0.000515001 0.0056326 0.00105098 0.00120024 0.00142055 0.00554272 9.66022e-05 0.00619698 2.71452e-05 1.51333e-05 0.0196278 0.000477718 3.79359e-05 0.00135729 5.13783e-05 0.017945 0.0400799 0.129045 6.67133e-05 
0.0463946 0.0215389 0.124885 0.0135525 0.0223585 0.00231713 0.326722 2.17505e-06 0.0466234 0.0558466 4.38706e-05 0.00410548 0.00560029 0.000986111 2.28485e-05 0.137169 0.000860436 4.00555e-05 0.0115529 9.37354e-06 0.000429588 0.115578 0.0122418 0.000399669 0.00683252 7.08003e-06 0.00163566 0.0337058 0.00752241 0.00101651 
0.0454544 0.0074746 0.0387025 0.0261309 0.00952085 0.00373448 0.649621 2.09827e-06 0.0718037 0.0106686 0.0162058 0.00258393 0.00437122 0.00164248 1.0741e-05 0.00430727 0.000260553 0.000143106 0.0523902 3.47303e-05 8.73207e-05 0.00801086 0.0128083 9.41727e-05 0.0126647 8.83084e-06 0.00275801 0.00731228 0.0111192 7.32076e-05 
0.0129512 0.00139273 0.030967 0.0071615 0.274076 0.0101589 0.491945 0.00114784 0.0529167 4.83989e-06 0.000427181 0.000125056 0.00029909 0.00036968 1.49851e-07 0.000461718 8.97094e-06 4.92447e-05 0.0184647 4.65844e-06 2.67082e-06 0.0718848 0.000321616 9.55765e-06 0.000895961 0.00449091 0.00754385 0.0071502 0.0047658 2.91897e-06 
0.0389553 0.0154248 0.195117 0.0214883 0.0579493 0.0102502 0.438802 0.0332979 0.0826493 5.68628e-06 7.91012e-05 0.000790548 0.0156036 0.00046141 1.68842e-05 0.00322287 0.0020866 9.26434e-06 0.00879806 0.000169579 0.000252292 0.00937791 0.0310981 8.3911e-05 0.00529941 9.11166e-06 0.000800207 0.0157024 0.0121055 9.38721e-05 
0.0205717 0.0250458 0.0324406 0.115379 0.00652922 0.00267485 0.646473 2.13516e-05 0.0352676 0.000300495 0.000173763 0.00331149 0.00177749 0.00385966 3.43574e-06 0.00119646 0.00200028 0.00025637 0.00141071 1.47064e-05 0.000104 0.00795267 0.00828701 0.00537668 0.0391184 0.000215823 0.00165935 0.0161287 0.0199493 0.00249985 
0.0507786 0.0122244 0.101061 0.0969806 0.0208871 0.00100331 0.271263 2.95698e-05 0.0687606 0.00544877 0.0356147 0.0367447 0.00572866 0.00340095 9.52093e-05 0.045518 0.0726648 0.000428852 0.000546006 4.25953e-07 5.18161e-07 0.00455884 0.0940718 0.00902745 0.0155828 0.00481399 0.000275102 0.0314677 0.0054792 0.0055437 
0.016902 0.0485439 0.0956597 0.0579712 0.00101282 0.00518894 0.644969 2.59714e-05 0.0401444 0.00142149 1.25195e-05 0.0164887 0.000253526 0.00373379 0.0001865 0.00725249 0.00104499 2.47838e-05 0.00447695 0.000182065 0.000156641 0.00577426 0.0164492 2.94852e-06 0.0124991 0.000214275 0.00160337 0.016514 0.00121247 7.75228e-05 
0.14071 0.0360657 0.116517 0.0775569 0.00866206 0.00561402 0.194914 0.00220341 0.0385436 0.00034971 0.000922252 0.00283463 0.0472859 0.0118234 0.000155874 0.0477959 0.00859394 0.00045616 0.00582 0.000443151 0.000297279 0.134074 0.0150238 0.00114481 0.0089722 0.000431099 0.00236403 0.0577601 0.0303924 0.00227331 
0.0467465 0.0107551 0.02223 0.055893 0.0869622 0.00266188 0.611428 7.20436e-06 0.0679464 0.000221378 8.93635e-05 0.00107959 0.00241986 0.00262596 0.000132683 0.00275975 0.000109972 5.72523e-05 0.0398713 2.38637e-05 4.15816e-05 0.00548676 0.00285005 6.18867e-06 0.00328152 0.000256583 0.00286821 0.0151956 0.0149412 0.00105116 
0.13703 0.103278 0.0235933 0.0471094 0.0154286 0.0027554 0.445287 7.8193e-06 0.0479225 0.000162934 0.0012692 0.000339544 0.00314635 0.00172957 0.00016828 0.00588445 0.000486871 4.80449e-05 0.00567285 1.39568e-05 6.99678e-06 0.00355649 0.00549905 6.13413e-06 0.00033523 4.06046e-06 0.00276327 0.0784755 0.0680012 1.90151e-05 
0.0334631 0.0269251 0.0799651 0.04933 0.0107447 0.00288474 0.638875 8.1962e-06 0.0415668 0.00101176 0.000202212 0.000500651 0.00209222 0.00191351 8.84512e-06 0.0119442 0.000503823 4.18733e-05 0.00570307 3.74335e-05 4.01387e-05 0.0178424 0.0146544 1.84444e-05 0.00343618 5.0875e-05 0.00168623 0.0293085 0.0247022 0.000538399 
0.0231906 0.075675 0.13288 0.00917029 0.00471859 0.00712235 0.183179 3.06801e-06 0.150195 0.00616667 0.0112158 0.000479703 0.00806128 0.003124 1.27159e-08 0.0070766 0.0398502 4.23546e-07 0.000271037 0.0197935 2.95318e-07 0.14321 0.0884374 4.15814e-05 0.0566879 1.48797e-05 0.00856504 0.0168384 0.00403088 2.94577e-08 
0.0905282 0.0262657 0.0778623 0.147354 0.0198183 0.00675675 0.263509 0.000405545 0.0299233 0.00109714 0.00199777 0.00808157 0.111599 0.00946422 0.000135271 0.0187702 0.00832829 0.000346386 0.0060582 0.000606458 8.08997e-05 0.0390822 0.0108753 0.000447426 0.0159697 0.000500746 0.00411369 0.0728382 0.0269968 0.000187792 
0.088832 0.0163991 0.079851 0.098818 0.0223343 0.0030195 0.224231 1.72605e-05 0.0802102 0.00185415 0.000397801 0.0137902 0.0300243 0.00428362 2.48846e-05 0.0169322 0.0465158 0.00290003 0.0056108 0.000656823 1.82281e-05 0.0215853 0.0528418 0.00827719 0.0200479 0.00199274 0.00244428 0.137728 0.0104856 0.00787592 
0.0380508 0.0297782 0.126823 0.00836185 0.0148963 0.00308684 0.314051 3.50463e-07 0.0277183 0.0295279 0.00976939 0.00428971 0.000484489 0.000267455 0.000107662 0.0105587 0.000122797 1.67441e-05 0.0105788 0.00413945 3.15875e-06 0.221102 0.00541135 2.63101e-05 0.00199425 4.38665e-06 0.000441794 0.0417131 0.0966514 2.29742e-05 
0.0886632 0.054972 0.0435752 0.214752 0.000686018 0.000239249 0.279763 8.7005e-07 0.0164198 4.07296e-05 0.000105086 0.000425711 0.0313891 0.00638223 3.91939e-06 0.0289686 0.00705939 0.0908257 0.00702076 0.0020238 5.82115e-05 0.00280352 0.034449 7.30875e-05 0.0019597 2.20324e-06 0.000789338 0.0454089 0.0411233 1.6138e-05 
0.0799483 0.035734 0.151835 0.232321 0.0176279 0.0045437 0.277055 4.56465e-05 0.0695059 0.00171612 0.000125765 0.00182136 0.00776137 0.00203521 0.000141648 0.00468404 0.000337487 0.000449228 0.00470838 4.24719e-05 5.22116e-05 0.00914961 0.0122481 4.05524e-06 0.025306 0.000792806 0.00292931 0.0352756 0.0184356 0.00336726 
0.0237161 0.0332813 0.0438436 0.0620381 0.00239224 0.00171808 0.761051 2.15181e-06 0.0184061 0.000346791 5.60307e-05 0.000246615 0.00209959 0.00175132 4.07961e-06 0.00228406 0.000432074 6.31084e-05 0.00133182 1.22786e-05 1.49049e-06 0.00476283 0.0193867 1.01837e-05 0.00411959 6.66817e-05 0.000906235 0.00977568 0.00509034 0.000803469 
0.0450025 0.00414693 0.0422675 0.0211842 0.0277167 0.0342468 0.548669 0.00191758 0.161436 4.88941e-06 0.000359484 0.000383237 0.00276178 0.00041339 8.03804e-05 0.00174 0.000173749 1.08309e-05 0.0530545 9.65911e-06 9.53589e-05 0.00423546 0.000434919 6.98307e-06 0.000416663 0.000208123 0.00283332 0.0134917 0.0326774 2.07639e-05 
0.0520461 0.0434679 0.0730124 0.0452061 0.0223233 0.00575424 0.261292 0.000130463 0.225597 0.001882 4.74659e-05 0.00932056 0.0084913 0.00345724 5.31725e-05 0.0142053 0.00360516 1.85792e-05 0.00764751 0.00393124 5.99314e-06 0.0403001 0.0357108 0.000198896 0.019214 8.14263e-05 0.00405295 0.0555643 0.0556859 0.00769717 
0.0277259 0.00240708 0.0183525 0.0385374 0.0199869 0.00511759 0.794808 2.60866e-06 0.0619317 6.0343e-06 2.92193e-05 0.000711508 0.000637635 0.000106459 6.55597e-07 2.50563e-05 1.03924e-05 1.5593e-05 0.0204654 5.71091e-06 6.9294e-07 9.47749e-05 0.000108193 1.74676e-06 0.00112631 7.48386e-05 0.00170902 0.00195886 0.00399842 4.32928e-05 
0.0414635 0.00634554 0.0911894 0.0457146 0.0969207 0.0022625 0.394197 2.94696e-06 0.150858 5.13559e-05 0.000495641 0.00324611 0.00657095 0.00450685 7.91026e-05 0.00708751 0.000229712 0.00143951 0.0460887 2.61693e-05 3.61574e-05 0.0181946 0.0145778 2.59259e-05 0.00112038 0.000181137 0.00356219 0.0153101 0.048028 0.000188631 
0.0277259 0.00240708 0.0183525 0.0385374 0.0199869 0.00511759 0.794808 2.60866e-06 0.0619317 6.0343e-06 2.92193e-05 0.000711508 0.000637635 0.000106459 6.55597e-07 2.50563e-05 1.03924e-05 1.5593e-05 0.0204654 5.71091e-06 6.9294e-07 9.47749e-05 0.000108193 1.74676e-06 0.00112631 7.48386e-05 0.00170902 0.00195886 0.00399842 4.32928e-05 
0.0442742 0.0389457 0.2389 0.0387361 0.0119259 0.0037219 0.456007 9.61132e-05 0.0366779 0.000420161 0.000870462 0.00365539 0.00354069 0.00237695 4.8927e-05 0.0225734 0.000912614 5.28545e-05 0.00284696 0.000727389 3.3661e-05 0.0220805 0.00870927 1.49974e-05 0.00374672 3.188e-05 0.00513383 0.0285229 0.0193587 0.00505648 
0.0838998 0.0125302 0.0557538 0.0810772 0.00947145 0.00894404 0.384078 0.00102187 0.282607 6.19798e-06 8.30155e-05 0.000712578 0.00966277 0.000393082 1.04641e-06 0.00818327 0.000408029 1.59325e-05 0.0180798 0.000564103 0.000164423 0.000750049 0.00962367 1.7879e-06 0.0073732 6.22525e-05 0.00785891 0.0123508 0.00301464 0.00130679 
0.0706507 0.0216753 0.0497581 0.0863444 0.0297838 0.00927823 0.533781 1.93103e-05 0.0683906 0.00800718 0.00249716 0.00375288 0.00420747 0.0040668 5.59047e-07 0.000711361 0.000312051 0.000163234 0.0128618 7.72729e-06 4.8537e-05 0.0244185 0.00642311 0.000199892 0.00836068 4.48721e-05 0.00682474 0.01479 0.0324901 0.000130388 
0.0480759 0.00423129 0.214902 0.13864 0.017471 0.00837774 0.321395 9.72903e-06 0.0923348 7.22572e-05 2.64886e-05 0.00319352 0.0306407 0.00813559 1.35676e-05 0.000220743 1.61203e-05 0.00484993 0.0117505 9.25791e-06 2.80624e-05 0.00185874 0.0651529 1.0351e-05 0.00155744 1.72649e-05 0.00323628 0.0147432 0.00897552 5.44165e-05 
0.114825 0.0314044 0.0871764 0.109347 0.0440525 0.00863253 0.208641 1.37065e-06 0.0942507 2.88249e-06 0.000117853 0.00138673 0.018794 0.000365438 1.21097e-06 0.134751 0.000169511 7.72653e-05 0.0349364 4.23784e-06 4.20096e-05 0.00324251 0.00880614 5.27844e-05 0.0277799 2.61217e-05 0.00301979 0.0400836 0.0278382 0.000171652 
0.07951 0.0303041 0.0542108 0.133383 0.0192317 0.00297842 0.154422 0.000261437 0.0389659 0.00670842 0.00167668 0.0174698 0.119878 0.0194282 4.29287e-05 0.0183191 0.0101577 0.0030509 0.0119858 0.000686741 1.47669e-05 0.0213715 0.0513269 0.00301538 0.113891 4.4859e-05 0.00660624 0.068494 0.0108996 0.00166554 
0.0226047 0.125536 0.0926459 0.0768113 0.00165156 0.0131307 0.272541 7.47017e-06 0.0198561 5.12328e-05 2.61799e-05 0.00104625 0.0110786 0.00287195 2.33561e-05 0.0181779 0.000137987 0.000107882 0.0020031 0.00027201 0.000186721 0.175416 0.0719568 7.78517e-05 0.0220051 0.00103113 0.00134267 0.0526179 0.0145164 0.000268016 
0.099615 0.0668663 0.0844666 0.0741748 0.0208402 0.0113856 0.407448 0.000279642 0.0638431 0.00256622 0.00221124 0.00560112 0.00959071 0.00414565 2.50639e-05 0.00871534 0.00252918 0.000764413 0.0170341 0.000389775 0.000154318 0.0164207 0.0162308 4.57906e-05 0.00784167 7.87514e-05 0.00431973 0.0369867 0.0302964 0.00513254 
0.0759812 0.0575177 0.0498491 0.237006 0.00895271 0.0117543 0.270001 1.40574e-05 0.0662593 0.000143445 0.00225991 0.0121546 0.00947136 0.0247564 9.96163e-05 0.000228427 0.000912338 8.49164e-05 0.00884762 0.000518429 0.000611165 0.00917285 0.0117525 1.78e-05 0.0137243 3.60153e-05 0.00561919 0.0238843 0.0978318 0.000537289 
0.0985822 0.011139 0.0494381 0.0473666 0.0935023 0.0101656 0.289197 0.00152204 0.103741 0.000379139 0.000827505 0.00187719 0.00462819 0.00181671 0.00214176 0.00264359 0.00479713 0.000670491 0.192348 6.21718e-05 0.000249164 0.0120957 0.00360812 0.00111131 0.0132991 6.39248e-05 0.00333665 0.0216202 0.0251617 0.00260871 
0.000314152 0.0609617 0.149951 0.000364695 0.0176775 0.149476 0.326625 1.16754e-08 0.0504164 1.14744e-07 0.00167444 1.51561e-05 0.00632258 0.00199382 1.54465e-08 0.00144161 3.35987e-06 1.33941e-08 0.0258068 0.159224 1.17194e-08 0.0278086 0.0107443 3.53782e-08 0.00151285 0.000128032 0.00206839 0.00342654 0.00203924 4.32415e-06 
0.0377178 0.0647181 0.0604916 0.203308 0.0198959 0.00493253 0.323379 4.83734e-05 0.0826675 0.000317492 0.00267132 0.00666785 0.00555224 0.00241359 9.34122e-06 0.00430113 0.0125274 0.000273215 0.00693206 0.000577812 7.91008e-05 0.0080799 0.0198948 0.00741183 0.0871331 0.000178725 0.0023658 0.0229632 0.00865892 0.00383248 
0.0211009 0.0147194 0.0916811 0.0141488 0.0274679 0.00227107 0.569021 0.00400422 0.10173 0.000359597 0.00107238 0.0006851 0.00235229 0.00565162 0.000298758 0.00865093 0.00064481 2.34858e-05 0.0060336 0.000236756 4.16265e-05 0.0778929 0.00855905 0.000127179 0.0225961 2.25796e-05 0.000337617 0.00703355 0.0112228 1.31147e-05 
0.0320851 0.0543219 0.037157 0.0400896 0.00512557 0.000924099 0.447168 1.72101e-05 0.102702 0.00291026 0.00129857 0.00374672 0.00353776 0.00629072 1.45704e-05 0.0400947 0.00597082 0.000956605 0.00284126 0.000107861 9.11122e-05 0.0151095 0.123597 0.000457732 0.00276151 5.08839e-05 0.00726116 0.053408 0.00925819 0.000644662 
0.0646407 0.0325679 0.0799728 0.12595 0.0195504 0.0114329 0.424185 7.3452e-06 0.119876 0.000277014 1.72522e-05 0.000964611 0.00222448 3.03164e-05 3.85669e-07 0.0012773 0.000444536 0.000143594 0.0371234 5.42294e-05 1.77756e-07 0.00232261 0.00728536 4.68863e-06 0.0138717 0.000392679 0.00642707 0.0215592 0.0259207 0.00147532 
0.129568 0.0405308 0.0632289 0.0186593 0.0372938 0.0056658 0.513836 1.8728e-05 0.0849653 8.27428e-05 0.000194386 0.00736418 0.00344146 0.00432131 4.88628e-07 0.00014563 0.00246773 0.000905299 0.0168093 3.38256e-05 3.94541e-05 0.0129586 0.00226038 1.47883e-05 0.00381046 0.000138175 0.0308922 0.0164802 0.00386127 1.24286e-05 
0.0364714 0.0291735 0.0247367 0.106959 0.0454966 0.00448583 0.445673 0.0022164 0.120309 0.0018364 0.000404869 0.00267614 0.00391166 0.00243858 2.05282e-05 0.00409053 0.000886589 0.000213177 0.0252508 7.50931e-05 0.000175907 0.00535449 0.00665626 8.95468e-05 0.00649345 0.000213792 0.00436019 0.0152504 0.102972 0.00110759 
0.0904288 0.220076 0.0279791 0.0597977 0.0108898 0.00487335 0.306563 0.00703552 0.0109578 0.000266305 0.000552743 0.000353747 0.0445308 0.000200694 1.75399e-06 0.0104499 0.000438787 3.43721e-05 0.0017254 2.0601e-05 0.000149819 0.0236692 0.00773722 0.000154251 0.015469 3.15355e-05 0.00142782 0.0765102 0.0656358 0.0120386 
0.0641445 0.0322948 0.0349531 0.216508 0.00901553 0.00544549 0.242439 0.000891933 0.0564079 0.00234927 0.00251817 0.0175803 0.00792762 0.00430766 5.1365e-05 0.0139171 0.0151776 0.00581817 0.00288521 5.09316e-05 6.05775e-06 0.00516222 0.147291 0.00347897 0.027521 0.000557461 0.00506813 0.0547485 0.00633979 0.0151426 
0.0886632 0.054972 0.0435752 0.214752 0.000686018 0.000239249 0.279763 8.7005e-07 0.0164198 4.07296e-05 0.000105086 0.000425711 0.0313891 0.00638223 3.91939e-06 0.0289686 0.00705939 0.0908257 0.00702076 0.0020238 5.82115e-05 0.00280352 0.034449 7.30875e-05 0.0019597 2.20324e-06 0.000789338 0.0454089 0.0411233 1.6138e-05 
0.00593827 0.0612486 0.0115612 0.0961715 0.0010157 0.000346967 0.425168 0.00897989 0.0274086 0.00180781 0.000526313 0.0145924 0.000461106 0.000459585 6.0747e-05 0.0319463 0.00777201 1.76277e-06 0.0336065 2.31464e-05 0.000364232 0.000167309 0.112121 1.01536e-06 0.00131477 0.000809376 7.73865e-05 0.153328 7.2234e-06 0.00271429 
0.0139675 0.000939189 0.0870275 0.00450949 0.031769 0.00446777 0.364126 8.65321e-05 0.22636 7.85613e-06 1.97563e-05 1.45389e-05 1.03067e-09 0.000332296 8.5209e-06 0.00826641 0.000603097 1.00054e-06 0.0593642 6.20274e-05 1.07087e-06 0.169283 0.00194203 1.54203e-05 0.00319413 0.000158216 0.00154349 0.00167749 0.0202505 2.04256e-06 
0.00449182 9.92053e-07 0.0649268 0.000321986 0.00914344 6.4784e-12 0.445596 4.29406e-11 0.0200003 0.00295043 0.0749113 1.39229e-11 7.95237e-12 1.13326e-11 0.136964 0.102853 1.34431e-11 0.000473707 0.000421246 7.11779e-11 4.31024e-11 0.090722 0.0110735 0.000675268 0.00706434 8.99438e-11 1.46665e-11 3.00192e-12 0.0274097 4.02786e-11 
0.0150962 0.0166244 0.0752611 0.0158356 0.0057641 0.00161953 0.653633 0.000200176 0.0107933 0.000361467 0.00159044 0.00294063 0.00448646 0.00294517 6.27053e-05 0.00114928 0.00622001 0.000217039 0.00976707 0.00137796 0.000124928 0.004578 0.00731486 4.73708e-06 0.000144509 1.99966e-05 0.00346501 0.10162 0.0566169 0.000165812 
0.14903 0.0265379 0.0525734 0.143722 0.0256169 0.0109693 0.197865 0.000188692 0.102474 0.000481714 0.0923552 0.0041197 0.0148701 0.00350463 0.000668354 0.00767178 0.0226973 0.00039414 0.00259542 1.29059e-05 1.12953e-05 0.00671435 0.00922003 0.000481368 0.0250129 0.00239834 0.00303862 0.047611 0.0463609 0.000802549 
0.0529274 0.040726 0.0306098 0.0507038 0.000739702 0.0032408 0.491739 5.43483e-05 0.0104367 0.00530062 0.0524719 0.089507 0.00619129 0.011118 0.000246112 0.00045325 0.0251507 0.000514815 0.00192038 0.000481401 0.00059348 0.0301841 0.0336879 5.44148e-05 0.00821873 0.000126694 0.00843182 0.00786934 0.0356836 0.000617241 
0.0170228 0.0114607 0.152562 0.0188916 0.00897325 0.00407028 0.569212 6.09425e-07 0.0475561 0.000407978 0.000391995 0.000358789 0.00626266 0.00135775 4.65922e-07 0.00386331 0.000849771 3.2975e-06 0.00180412 0.000177579 8.10611e-07 0.0922197 0.00288711 1.11481e-05 0.00138281 1.82965e-05 0.00427396 0.0074333 0.0465363 9.01774e-06 
0.00127849 0.00602068 0.109547 0.0024513 0.0319286 0.00560468 0.508691 9.99986e-08 0.186401 0.0435055 0.000580013 5.63541e-05 0.000373106 0.000522163 8.60245e-06 0.0326785 7.71638e-05 3.03e-06 0.00564824 1.01409e-08 6.14092e-09 0.0359551 0.000723008 4.024e-05 0.0114086 0.00231932 0.00830832 0.00566673 8.47857e-05 0.000119324 
0.0465699 0.0469377 0.07066 0.0539653 0.0372261 0.0117969 0.506132 3.06207e-05 0.0795994 0.00027824 2.10786e-05 0.00160142 0.00266829 0.00228396 0.000660226 0.00680823 0.000364588 7.0591e-05 0.0197721 3.37402e-05 0.000104101 0.0342337 0.00676683 4.57146e-06 0.0291863 0.00225622 0.00368147 0.0129765 0.0225882 0.000721387 
0.0016675 5.08939e-08 0.0298246 0.00149522 0.0189162 0.00258927 0.479005 6.50799e-08 0.463401 5.13634e-05 3.45201e-08 5.07346e-08 7.71463e-08 2.65952e-12 2.45395e-08 0.000111854 4.61426e-08 1.24e-07 0.000795966 1.67039e-11 1.01152e-11 1.60135e-07 2.26506e-09 1.30212e-08 6.04054e-07 4.36809e-06 0.00213571 3.36966e-08 9.6864e-09 3.27621e-07 
0.0178493 0.000881123 0.0353141 0.00986762 0.273662 0.0139949 0.447002 0.00156103 0.0729498 6.0612e-06 0.00058715 0.000171016 0.000410455 0.000508473 1.37498e-07 0.000634998 1.1828e-05 6.68746e-05 0.0254466 1.13183e-07 1.7486e-06 0.0650721 0.000442352 1.28697e-05 0.00123176 0.00617953 0.0103898 0.00985294 0.00588804 3.4198e-06 
