0.00106828 1.00115e-06 0.000177896 0.000114706 0.000306401 0.00151246 0.00537807 1.43616e-06 0.0609611 0.0619928 0.828122 0.000250362 0.00225642 0.00376419 0.0231539 0.0109385 
0.00814181 0.0162664 0.152678 0.00420482 0.00972012 0.00523103 0.0484687 0.0336899 0.0691742 0.0642752 0.239121 0.0491777 0.00184664 0.0856424 0.0277347 0.184627 
0.0117224 0.000239561 0.0185464 0.00964761 0.0771347 0.00505112 0.0111572 5.32492e-05 0.0620772 0.0548544 0.230184 0.0339389 0.00701116 0.148796 0.213052 0.116534 
0.0449733 1.03553e-05 0.101652 0.00428491 0.0198069 0.0109669 0.0704562 0.0185529 0.0634228 0.0518255 0.272617 0.065526 0.00287525 0.0928722 0.0500122 0.130145 
0.00744273 5.26267e-05 0.0502657 0.0105567 0.00197852 0.076165 0.0114841 0.00196856 0.0946101 0.218561 0.322697 0.0353777 0.00326157 0.0329225 0.0495924 0.0830634 
0.00821347 0.00391813 0.130032 0.00902403 0.0190957 0.011252 0.0258974 0.00629738 0.0426095 0.0927827 0.257667 0.0439734 0.00368365 0.0920255 0.0509773 0.202551 
0.00168096 0.00192311 0.0342403 0.00174843 0.0164188 0.191664 0.00419624 0.0020897 0.0480668 0.100606 0.296443 0.0620867 0.0082828 0.110363 0.0604946 0.0596949 
0.0240341 1.89041e-05 0.070203 0.00499873 0.00490479 0.00965362 0.0230689 0.0060097 0.0208941 0.101454 0.358663 0.0346193 0.0101621 0.0712267 0.0394207 0.220669 
0.00936886 0.000208761 0.0534102 0.000759494 0.0526552 0.00413968 0.0305558 0.0354503 0.0716738 0.0318297 0.481387 0.0230072 0.00372727 0.0598254 0.0557722 0.0862293 
0.0354058 0.000232161 0.1286 0.000970041 0.00165043 0.0262713 0.0322618 0.00353487 0.0448319 0.275708 0.300039 0.0149464 0.00256306 0.0419851 0.0452866 0.0457139 
0.0067889 0.000204776 0.0114721 0.0128372 0.0626188 0.00406133 0.00589541 0.0114399 0.0316111 0.0594574 0.309906 0.0219949 0.00173834 0.246897 0.0672334 0.145843 
0.00679206 0.0132101 0.0160527 0.00273957 0.00746679 0.00126513 0.0555807 0.00607865 0.186367 0.107502 0.20155 0.0176184 0.0075895 0.159807 0.0718401 0.13854 
0.00740983 0.000339104 0.0293121 0.00341713 0.00754631 0.022961 0.00589273 0.0127851 0.0563889 0.0595651 0.264684 0.0526954 0.020877 0.165953 0.0357401 0.254433 
0.00166574 0.000411927 0.00814784 0.00494425 0.046422 0.000220411 0.0036589 0.00952341 0.0130035 0.168945 0.385827 0.0129245 0.00222779 0.0293212 0.126735 0.186022 
0.0110608 4.93821e-05 0.00501372 0.00623489 0.0122696 0.0083321 0.00281657 7.70452e-06 0.0428218 0.0157066 0.470799 0.0160975 0.000432427 0.163819 0.0841116 0.160427 
0.0212406 0.000356201 0.0555953 0.00116226 0.00503745 0.00965286 0.0102311 0.0231485 0.0521743 0.0211476 0.466935 0.0439369 0.00537007 0.0462253 0.051592 0.186194 
0.0198524 7.28769e-05 0.017408 0.00259 0.0187318 0.00587288 0.0111133 0.00168617 0.0327565 0.0270506 0.567259 0.0673591 0.0017745 0.0767638 0.0639914 0.0857175 
0.0170368 0.000121581 0.0109269 0.0178235 0.016664 0.00529438 0.0220578 0.00399248 0.0466212 0.0673329 0.408976 0.0616896 0.00262952 0.134916 0.108587 0.0753307 
0.00548084 4.11953e-05 0.00702237 0.0173053 0.0111651 0.00971366 0.0134569 0.0176278 0.0183071 0.0565247 0.445416 0.0410753 0.00464927 0.17516 0.0854687 0.0915865 
0.0517133 8.28615e-07 0.131013 8.06051e-05 0.000649876 0.0157053 0.0319893 0.0436571 0.0515849 0.0043472 0.601535 0.0234355 0.00221328 0.00787418 0.00301258 0.0311883 
0.0064888 0.000458 0.0129854 0.00780442 0.0426123 0.00186536 0.0332301 0.0022511 0.0232883 0.19434 0.319901 0.00903415 0.013281 0.0973028 0.140723 0.0944343 
0.114467 7.03934e-06 0.0403076 0.00146481 0.00675272 0.0259083 0.034596 0.00331951 0.0272915 0.196653 0.199632 0.0360344 0.0114203 0.0924834 0.0340366 0.175625 
0.0199078 4.94397e-05 0.0107011 0.00570655 0.00843516 0.00596022 0.0128539 0.000286416 0.0493795 0.036599 0.431487 0.0536729 0.00114266 0.173817 0.0878191 0.102182 
0.041384 0.000217358 0.0117978 0.0175653 0.0159306 0.0122147 0.0169458 0.00188156 0.052977 0.0540139 0.369534 0.0831721 0.00107803 0.174679 0.0363897 0.11022 
0.00163233 1.62686e-05 0.0234017 0.00260911 0.00905931 0.0100888 0.0174675 0.000169317 0.0449902 0.0291607 0.654735 0.0165752 0.000709754 0.0306814 0.0230837 0.13562 
0.0323713 2.1372e-06 0.0840543 0.000541702 0.00252514 0.014726 0.0335161 0.0276707 0.050846 0.0870474 0.521945 0.0125478 0.00373303 0.0511455 0.0151282 0.0621999 
0.0443022 0.000243654 0.0189531 0.0126243 0.0172236 0.00716774 0.0106158 0.00314037 0.100346 0.0902808 0.225353 0.061683 0.00915416 0.121723 0.067834 0.209354 
0.0210253 0.000293357 0.0304877 0.0126819 0.0160403 0.00914749 0.165647 0.00356726 0.0634922 0.076086 0.203713 0.0348619 0.00157994 0.143685 0.0615322 0.15616 
0.000980622 0.000108317 0.0556946 0.00804749 0.0286183 0.204641 0.00308125 0.0781924 0.0662907 0.0390092 0.34057 0.0471135 9.03475e-05 0.0729773 0.0276085 0.0269762 
0.0492879 2.86128e-05 0.0525765 0.000342887 0.00225218 0.0099374 0.0300409 0.00694641 0.0576998 0.00613738 0.695349 0.0365225 0.00214625 0.0121655 0.0093169 0.0292498 
1.14904e-08 3.03441e-05 6.71137e-07 1.39536e-05 7.70628e-06 0.188373 0.00104607 5.31173e-08 0.0682412 0.236143 0.352659 0.0153955 1.62548e-08 0.103892 0.0254228 0.00877495 
0.00460653 2.45568e-05 0.0293013 0.0118875 0.00463398 0.00583564 0.0164846 0.000281128 0.0371355 0.0347473 0.548388 0.0225164 0.000133321 0.154711 0.0344149 0.0948981 
0.0858836 0.000205451 0.0157884 0.00770472 0.00590125 0.00335248 0.00933065 0.00283874 0.14496 0.0333362 0.205436 0.114196 0.000888489 0.145983 0.0357759 0.18842 
0.0473171 0.000161318 0.0804061 0.00426588 0.00845444 0.00154399 0.0208056 0.0180018 0.176132 0.0608357 0.182284 0.0273711 0.00147365 0.118489 0.0728442 0.179614 
0.00516066 0.00377039 0.0196269 0.00558614 0.00526841 0.000797618 0.0120979 0.00617961 0.169881 0.0210998 0.475192 0.0150964 0.00020339 0.047764 0.024899 0.187377 
0.0040579 0.000803591 0.00530097 0.00597719 0.00862762 0.0186984 0.00386416 0.000414549 0.0320744 0.0939235 0.344558 0.0522182 0.00675022 0.194215 0.0716633 0.156853 
0.00019831 1.07358e-07 0.0858274 0.000483893 0.00384906 7.75143e-06 0.00223056 0.000153884 0.0280204 0.165806 0.553887 0.0239269 5.68907e-08 0.0598491 0.060517 0.0152422 
0.00449447 7.58307e-05 0.00128393 0.016336 0.00589308 0.00149497 0.00338391 2.56271e-05 0.00822678 0.107425 0.470969 0.0136965 0.0118322 0.111188 0.0160367 0.227637 
0.000408414 5.8251e-05 0.0209859 0.00403585 0.00267969 0.033994 0.0173263 3.55279e-05 0.0570472 0.142678 0.490003 0.0427618 0.000198187 0.0919504 0.0654531 0.030384 
0.0170099 0.000212104 0.0276585 0.0416775 0.0223568 0.0126162 0.0124803 0.00459776 0.0694906 0.0929678 0.250151 0.0572867 0.00332669 0.0838899 0.0698267 0.234451 
0.0280311 2.44282e-06 0.022296 0.00135753 0.00274505 0.00202961 0.0238636 0.00188291 0.0655319 0.180273 0.457894 0.0161308 0.0006138 0.123191 0.00796785 0.0661897 
0.00483581 0.000181951 0.0335647 0.00336564 0.0115206 0.0084388 0.0165862 0.00503548 0.0218433 0.0847526 0.436712 0.0248446 0.0309858 0.0314669 0.0580963 0.22777 
0.0488061 6.46784e-05 0.0281578 0.00394365 0.0359129 0.00721468 0.0132727 0.057996 0.0848497 0.0233275 0.352328 0.0344281 0.00573428 0.113335 0.0766162 0.114013 
0.0135834 7.46006e-05 0.137607 0.000803985 0.0098629 0.067641 0.0379594 0.0161944 0.0690365 0.0492772 0.256014 0.0420782 0.0160819 0.0478968 0.0673013 0.168588 
0.0264177 5.47692e-05 0.0251078 0.0152652 0.0188782 0.00443544 0.0749274 0.0010599 0.070055 0.051548 0.275003 0.0249273 0.00155276 0.181327 0.0499214 0.179519 
0.0277499 0.00151142 0.0889129 0.00644862 0.0239247 0.0115826 0.0198193 0.00529211 0.0858275 0.0748591 0.346854 0.0383715 0.00392918 0.0720166 0.0661999 0.126701 
0.000461355 0.000480763 0.00759547 0.00104937 0.00345491 0.0441825 0.014647 0.000247603 0.0160706 0.039363 0.696753 0.0121304 0.000305764 0.0845143 0.0579858 0.020758 
0.00649884 6.26427e-05 0.00957267 0.00252774 0.00357919 0.00518171 0.00457679 0.000264995 0.0771505 0.158549 0.536527 0.0203052 0.00117032 0.0448682 0.077719 0.0514464 
0.0207221 2.46917e-06 0.251673 0.00041856 0.00209837 0.0929722 0.0704117 0.0105507 0.0640373 0.0187066 0.285074 0.0549347 0.0152437 0.0465552 0.0153805 0.0512192 
0.0376615 0.000214059 0.078225 0.00227215 0.0217379 0.0279617 0.0290385 0.0129151 0.0332091 0.05302 0.27315 0.0672985 0.0033429 0.0647608 0.0861157 0.209077 
0.00792728 0.00015747 0.071089 0.00247363 0.00647323 0.0051385 0.0423289 0.00666526 0.0756673 0.193625 0.231698 0.0296692 0.00212154 0.107146 0.137654 0.0801666 
0.0617439 4.11337e-05 0.00359263 0.0163125 0.00944142 0.000570408 0.00325386 0.00159665 0.0577668 0.0325522 0.300446 0.0914959 0.000539665 0.20979 0.0552608 0.155597 
0.00403532 5.14711e-05 0.0494231 0.00144577 0.0039396 0.00156888 0.041742 0.128412 0.0930731 0.0144544 0.455334 0.0114495 0.00136792 0.0568785 0.0655195 0.071305 
0.0328702 0.000382787 0.0419442 0.0564875 0.0210852 0.00198571 0.00921984 0.0559214 0.0956878 0.0434994 0.248303 0.0667278 0.00185129 0.189897 0.0486993 0.0854378 
0.0389026 0.000200163 0.0172271 0.0108977 0.0405138 0.00717684 0.0676112 0.00312265 0.0213162 0.0466411 0.349821 0.0283626 0.00209282 0.154184 0.0587978 0.153132 
0.0466393 1.4383e-05 0.0825571 0.00063979 0.00688346 0.0076989 0.0393789 0.0118787 0.183422 0.0143606 0.188605 0.0527054 0.00374461 0.155724 0.0623078 0.14344 
0.0118725 7.47246e-05 0.148587 0.015439 0.0494196 0.00475661 0.0119869 0.0410266 0.0176478 0.0465189 0.265187 0.0284077 0.00616253 0.188086 0.0462204 0.118607 
0.00638656 7.73757e-05 0.00467212 0.00387591 0.0246744 0.00705961 0.00606623 0.0151073 0.020395 0.204599 0.502899 0.0130081 0.000255859 0.0442115 0.0772449 0.0694668 
0.00188715 0.000324851 0.0240704 0.00439906 0.0166323 0.00219952 0.0210377 0.0125948 0.035188 0.0532642 0.384622 0.0127117 0.000396345 0.0618828 0.0244949 0.344294 
0.0277498 0.000365519 0.0321554 0.00861988 0.018456 0.00518973 0.0296982 0.00990538 0.0586049 0.039759 0.426683 0.0121105 0.0122589 0.10999 0.0859597 0.122494 
0.00896528 8.1771e-05 0.0253053 0.00827389 0.00312199 0.00157673 0.0352862 0.0164727 0.090581 0.0400551 0.445698 0.0356952 0.00207442 0.110992 0.0707384 0.105082 
0.0643383 0.00044831 0.101544 0.0025697 0.00868854 0.00848193 0.0290758 0.0752253 0.0570438 0.0332716 0.226312 0.0755505 0.00663443 0.0931558 0.0243069 0.193353 
0.000384498 6.08901e-06 0.0049943 0.00260475 0.0035052 0.00648725 0.00612706 0.00022641 0.0223484 0.0773382 0.717487 0.0155589 0.000477654 0.0717658 0.0431538 0.0275342 
0.00336725 0.000752736 0.00143366 0.00404534 0.0116187 0.0141181 0.00331454 0.000192072 0.0331065 0.0303625 0.405282 0.00373487 0.00279332 0.159315 0.0285541 0.298009 
0.00392692 6.09782e-06 0.0188718 0.00517555 0.00340086 0.0853872 0.00285225 0.00223452 0.0106403 0.267873 0.323501 0.023028 0.0060962 0.0596811 0.0807505 0.106575 
0.0464883 6.47458e-05 0.0154426 0.00540651 0.00649006 0.00205191 0.0228339 0.0137652 0.0580818 0.0309366 0.429428 0.043216 0.00135569 0.0822308 0.0340648 0.208143 
0.0570654 2.20381e-05 0.0226471 0.000121112 0.00141732 0.0456567 0.0128682 0.15923 0.0134109 0.0306884 0.404727 0.0430142 0.00640997 0.0130536 0.0571405 0.132528 
0.0106554 7.7794e-05 0.0134672 0.0144436 0.0167224 0.00682414 0.0277818 0.0112185 0.0383042 0.0858524 0.324444 0.0170408 0.00172406 0.209968 0.0656652 0.15581 
0.00974034 6.86442e-05 0.0344267 0.00199846 0.0635285 0.00672344 0.0368345 0.00287532 0.066355 0.0954138 0.320657 0.00626262 0.00136391 0.241542 0.0446285 0.067581 
0.0059595 0.000418262 0.0287266 0.00504307 0.018923 0.0011688 0.00428657 0.0010863 0.027506 0.0824651 0.275322 0.0160758 0.00412118 0.247985 0.0521235 0.22879 
0.00202566 0.000290051 0.0211126 0.0249377 0.0233907 0.00157855 0.0106624 5.07232e-05 0.0246566 0.0319618 0.427657 0.0456105 0.000268186 0.0466821 0.0897161 0.2494 
0.0265329 7.00082e-07 0.101157 0.0019158 0.00322805 0.0383789 0.0409509 0.00861865 0.0870194 0.0731456 0.251551 0.0571828 0.00734621 0.102434 0.0500528 0.150486 
0.00163233 1.62686e-05 0.0234017 0.00260911 0.00905931 0.0100888 0.0174675 0.000169317 0.0449902 0.0291607 0.654735 0.0165752 0.000709754 0.0306814 0.0230837 0.13562 
0.005152 0.000346984 0.0447043 0.00169637 0.00982448 0.0206182 0.0122228 1.85574e-05 0.021143 0.0914459 0.247226 0.0171809 0.00109521 0.233515 0.121653 0.172157 
0.0309129 5.07247e-05 0.072282 0.0170268 0.0318565 0.0388803 0.10563 0.0143995 0.0650231 0.0945034 0.143489 0.0514064 0.0292394 0.0780942 0.099664 0.127542 
0.00212409 2.22644e-09 0.00046952 0.0247887 0.000410299 9.26538e-07 7.84558e-07 4.23093e-10 0.0630482 0.0544051 0.798795 0.000755533 1.17983e-09 0.0253059 0.0292718 0.000623888 
0.00558975 6.67337e-05 0.0400592 0.00438969 0.00364035 0.0204429 0.0054408 3.19901e-05 0.100366 0.052589 0.455837 0.0387687 0.00251488 0.0732822 0.0781345 0.118847 
0.00202859 0.000104413 0.0314479 0.0101305 0.00363667 0.000954666 0.180151 0.0143501 0.0310475 0.0927249 0.361515 0.0247618 0.000608442 0.130716 0.070086 0.0457372 
0.0264678 0.000144545 0.124905 0.00111234 0.00834553 0.0363245 0.0353648 0.00616532 0.0709167 0.0403039 0.209227 0.0393144 0.00903681 0.173879 0.0425203 0.175972 
0.00396494 0.0347217 0.0298193 0.000569988 0.0124 0.00154598 0.0254196 4.6764e-05 0.0129041 0.0769958 0.453039 0.0229842 8.27234e-06 0.194183 0.0403105 0.0910872 
0.0151016 0.000277717 0.0125278 0.0147581 0.020393 0.00626456 0.00758979 0.00409816 0.0176483 0.0352648 0.500932 0.0188451 0.0113309 0.10821 0.0498901 0.176868 
0.00523032 4.27261e-05 0.0237144 0.00162382 0.00590556 0.00124536 0.00837355 2.74072e-05 0.0390312 0.0664728 0.529309 0.0152726 0.000462341 0.130111 0.0428155 0.130363 
0.0448611 5.83067e-05 0.0682336 0.0100962 0.0107738 0.0184223 0.0276034 0.0378658 0.0402875 0.0532841 0.461633 0.0145668 0.00562141 0.0443347 0.0250532 0.137305 
0.0022752 0.00161805 0.0187264 0.00222037 0.00860464 0.00147047 0.00313148 0.00165546 0.0699722 0.0291252 0.624851 0.0152613 0.00366137 0.06909 0.0216146 0.126723 
0.00605243 0.000680165 0.0408879 0.0060713 0.0227088 0.00483383 0.0107486 0.00193684 0.0454752 0.0985798 0.296005 0.0328665 0.0040594 0.146507 0.0487171 0.23387 
0.148884 5.80137e-05 0.0415499 0.0017359 0.00371397 0.00165552 0.00745434 1.39568e-05 0.18936 0.0287328 0.23715 0.0224613 0.000183152 0.103383 0.0290947 0.184569 
0.00376845 0.00413249 0.033761 0.00528648 0.032275 0.032175 0.0166548 0.000345881 0.053519 0.0183003 0.41612 0.0484252 0.000402675 0.0970784 0.0284201 0.209335 
0.00384648 6.86077e-05 0.0567633 0.101476 0.0140906 0.00239941 0.00135453 0.177262 0.0114192 0.0901187 0.273962 0.0316357 0.00287442 0.110084 0.0379372 0.0847076 
0.0102498 0.000471955 0.0183347 0.00701884 0.0173899 0.00466856 0.0119009 0.00102208 0.0321833 0.121375 0.259587 0.0356383 0.0038067 0.137557 0.127435 0.21136 
0.0143752 0.000264751 0.0651024 0.0253971 0.019848 0.00852395 0.0212642 0.0111634 0.0909774 0.0736225 0.248787 0.028092 0.0197352 0.102614 0.070528 0.199705 
0.0716676 3.12893e-06 0.192413 0.000577846 0.000575063 0.0256963 0.0675752 0.0190296 0.0427447 0.0281976 0.322781 0.00947293 0.00405296 0.0562143 0.0148632 0.144135 
0.00209601 4.3903e-05 0.00541279 0.00609691 0.019293 0.00191399 0.0206662 9.50474e-05 0.0163977 0.0943681 0.277582 0.0274488 0.00148004 0.16718 0.215494 0.144432 
0.0160921 1.35217e-05 0.0896731 0.00182828 0.00648502 0.0111696 0.00809042 0.00534056 0.181749 0.0206503 0.355389 0.0497251 0.00172787 0.0954723 0.114529 0.0420653 
0.00108139 0.000246941 0.0167982 0.0423721 0.00886941 0.00975729 0.0168857 0.000198592 0.0603331 0.0786335 0.413121 0.0711523 0.000743688 0.0904902 0.0370501 0.152267 
0.0864203 8.04768e-06 0.0322015 0.00183238 0.00494946 0.00433654 0.0535557 0.0205968 0.0634935 0.0269634 0.445892 0.0162274 0.00439946 0.0399623 0.0451226 0.154039 
0.00765884 0.000394585 0.0142861 0.00531112 0.0398417 0.00735488 0.00263789 0.00247323 0.0156988 0.154251 0.525345 0.018677 0.00522933 0.0342485 0.0517485 0.114843 
0.00483581 0.000181951 0.0335647 0.00336564 0.0115206 0.0084388 0.0165862 0.00503548 0.0218433 0.0847526 0.436712 0.0248446 0.0309858 0.0314669 0.0580963 0.22777 
0.023565 3.19529e-05 0.115413 0.000451093 0.032259 0.00588111 0.046892 0.00458339 0.0849773 0.0422496 0.282363 0.083411 0.00229982 0.0576411 0.0300675 0.187913 
0.0108872 0.00033742 0.0309421 0.0211863 0.015813 0.00298312 0.0228141 0.000177887 0.0935128 0.146057 0.189738 0.0718621 0.00590923 0.170198 0.117267 0.100314 
0.024933 0.000136586 0.0438419 0.00358428 0.00574457 0.00795398 0.0193384 0.00236726 0.0254069 0.0224202 0.593655 0.0662865 0.00375863 0.047457 0.0232808 0.109835 
0.0261679 6.0908e-05 0.0307352 0.0039177 0.0082619 0.0134122 0.0195448 0.0610929 0.116923 0.0593291 0.300359 0.0408008 0.0110385 0.083642 0.106775 0.117939 
0.0218062 0.00032591 0.0980379 0.00301525 0.0074384 0.0800738 0.0639029 0.0145774 0.0987978 0.115848 0.242521 0.0396389 0.00710421 0.0482972 0.0572862 0.101329 
0.031211 0.00123426 0.0339652 0.00128861 0.00501862 0.0283912 0.00744266 0.00112599 0.0144862 0.01819 0.692511 0.0209104 0.00156565 0.019338 0.0418044 0.0815165 
0.0532805 2.28717e-06 0.144345 0.00153925 0.0036941 0.0254383 0.0258559 0.109133 0.037425 0.0154027 0.424629 0.0205039 0.00907089 0.0441 0.00432236 0.081257 
0.0571952 0.000254076 0.00901376 0.0104801 0.0629365 0.00115552 0.0148504 0.000832203 0.151295 0.0310882 0.298461 0.0245381 0.0039859 0.084752 0.0628759 0.186286 
0.0150211 0.000319106 0.00524889 0.00288855 0.0105818 0.00179042 0.00710211 0.00957836 0.11757 0.0645885 0.297818 0.0329783 0.00319407 0.170403 0.039773 0.221144 
0.00893577 0.000488449 0.0285364 0.00611609 0.0234978 0.00851205 0.0099466 0.0135543 0.0641366 0.145779 0.24434 0.0676751 0.00726064 0.114921 0.0866074 0.169693 
0.00845585 0.000303885 0.0249557 0.00970685 0.0160393 0.00283426 0.0250696 0.00801855 0.0353719 0.134296 0.189222 0.0510665 0.00501149 0.18108 0.119697 0.18887 
0.0889153 1.40629e-05 0.00512129 0.00271277 0.0180269 0.00512312 0.00970118 0.00338001 0.141343 0.0178058 0.252907 0.0867108 0.000236124 0.157911 0.171586 0.038505 
0.0311901 0.0196665 0.0100858 0.00920266 0.0201202 0.00507265 0.0111545 5.05318e-05 0.0482761 0.160076 0.184908 0.112538 0.0497742 0.0872718 0.0694493 0.181164 
0.0341683 1.19892e-05 0.0824635 0.00764078 0.00971662 0.00652976 0.0370623 0.0185795 0.0380843 0.0146081 0.259645 0.0289811 0.00407855 0.134731 0.156099 0.1676 
0.0108126 0.000296217 0.0131652 0.00261543 0.00697707 0.00235327 0.00184659 0.00256912 0.00506009 0.171861 0.375316 0.0232305 0.0024988 0.266344 0.0205728 0.0944808 
0.055048 0.000135115 0.0314236 0.00129287 0.036436 0.0104932 0.0129233 0.0114498 0.0568094 0.133237 0.266038 0.0425673 0.00272373 0.0988504 0.0639237 0.176648 
0.0227288 0.000247409 0.0702866 0.00704539 0.00340361 0.00846558 0.0369118 0.0475422 0.0953545 0.0489016 0.260044 0.0318906 0.0148033 0.0671558 0.0859761 0.199242 
0.0223185 1.25136e-05 0.0476392 0.031624 0.00785955 0.0212644 0.0305353 0.0182203 0.0633414 0.050443 0.406856 0.0232652 0.00552637 0.0466723 0.0361208 0.188301 
4.44543e-07 8.56188e-07 4.01424e-12 3.12934e-06 3.37337e-07 8.29833e-07 0.013168 9.12892e-05 0.16902 0.256414 0.259034 1.54201e-06 5.14012e-07 0.199017 0.0289766 0.0742719 
0.0365923 0.00116674 0.0312716 0.0124836 0.0261318 0.0253287 0.0181806 0.00583217 0.0469652 0.129191 0.19593 0.0530871 0.0128678 0.189375 0.0812289 0.134368 
0.00457978 0.0979988 0.022309 0.00535584 0.0168971 0.0103739 0.0272967 0.00328564 0.0641017 0.0814967 0.294711 0.0241844 0.00260557 0.147748 0.0872871 0.109769 
0.00485816 2.64957e-05 0.008229 0.000911301 0.00037929 0.000377901 0.0383676 1.01065e-05 0.0363273 0.0506558 0.490947 0.00550047 0.00975597 0.170387 0.0607788 0.122488 
0.00174785 0.0002966 0.00162169 0.00143128 0.0167842 0.00587193 0.00386951 0.00385822 0.15603 0.0545812 0.516626 0.0641083 0.00117719 0.09158 0.0429044 0.0375122 
0.0218062 0.00032591 0.0980379 0.00301525 0.0074384 0.0800738 0.0639029 0.0145774 0.0987978 0.115848 0.242521 0.0396389 0.00710421 0.0482972 0.0572862 0.101329 
0.0139846 0.00039229 0.144192 0.0161238 0.057154 0.00565044 0.0130618 0.0469361 0.0179357 0.0460659 0.248388 0.0311059 0.00772181 0.179509 0.0504238 0.121355 
0.0225748 0.000452773 0.00815415 0.0162478 0.0260994 0.015286 0.00317507 0.000114224 0.144789 0.0472198 0.376793 0.0400998 0.000247847 0.0949512 0.0596376 0.144158 
0.0538079 0.000217783 0.0111568 0.00965038 0.00613758 0.00698611 0.00619379 0.00634469 0.0195854 0.146322 0.276172 0.125054 0.0062838 0.101301 0.0646263 0.160159 
0.0169798 8.17537e-06 0.0565711 0.0116312 0.00190769 0.0629811 0.0131022 0.00203479 0.0142668 0.118645 0.529053 0.0164472 0.00719833 0.0105315 0.0111514 0.12749 
0.00694298 9.65756e-05 0.0658372 0.0125042 0.0377603 0.00607895 0.0191837 0.00933099 0.177854 0.0382339 0.295218 0.0271811 0.00243886 0.0537836 0.0465191 0.201037 
0.0217596 0.000222426 0.0341838 0.0235979 0.0606902 0.00647762 0.0277603 0.0010991 0.0273221 0.0685104 0.223792 0.051249 0.00315898 0.146173 0.09034 0.213664 
0.0300384 5.71847e-05 0.0448951 0.00100098 0.00385342 0.0322564 0.01946 0.0228175 0.0270837 0.0247297 0.553111 0.0176073 0.00611718 0.0594778 0.0144242 0.14307 
0.00817315 0.000228375 0.146961 0.00133631 0.0137145 0.0169158 0.00888062 0.0195058 0.0311872 0.237713 0.255696 0.0241402 0.00590712 0.0674721 0.037903 0.124265 
0.00120302 0.000343447 0.00269822 0.215145 0.00386523 0.00115959 0.00226486 3.76258e-05 0.014783 0.0701986 0.326541 0.117095 0.000336053 0.065612 0.114718 0.0639998 
0.0352969 1.8507e-06 0.014706 0.00165588 0.0212607 0.00468163 0.031075 0.000643191 0.0167592 0.141319 0.489167 0.00179524 0.000116724 0.0358448 0.0980363 0.10764 
0.0343125 0.0122975 0.0461923 0.0204682 0.103243 0.00113983 0.00793545 0.00204954 0.0393864 0.0688166 0.260416 0.0415122 0.00327237 0.181556 0.0450216 0.13238 
0.00359523 8.35274e-05 0.0193269 0.00134619 0.00336175 0.0012188 0.0626604 4.34432e-05 0.0359853 0.0759968 0.37727 0.0124337 0.00199756 0.159911 0.0815545 0.163214 
3.20603e-05 2.93989e-06 0.0496803 0.00058673 0.00307492 0.00328721 1.04986e-05 0.000554261 0.134283 0.338828 0.356702 0.00486161 3.75748e-06 0.0218524 0.0574841 0.0287569 
0.00961864 0.0012366 0.0338289 0.00732916 0.0376988 0.015981 0.0102306 0.00789072 0.0494239 0.122884 0.31181 0.0454474 0.00339291 0.0961681 0.0852114 0.161849 
0.00608767 0.000197861 0.00252583 0.00813674 0.0139604 0.00282939 0.031637 0.00466895 0.135017 0.113627 0.387877 0.0237762 0.00116369 0.118463 0.103629 0.0464036 
0.0144844 0.000108741 0.00102723 0.00115733 0.00868115 0.00592835 0.00241082 1.31643e-05 0.018132 0.070541 0.641727 0.0190211 0.00834365 0.0444752 0.0413797 0.122569 
0.0141487 0.000549063 0.0429561 0.0112781 0.0354961 0.00488213 0.015122 0.00810163 0.0133877 0.108725 0.220304 0.07423 0.00269234 0.0541648 0.202957 0.191006 
0.00433944 0.000329985 0.0556206 0.00393232 0.0115582 0.00141594 0.00659053 0.0120278 0.0259238 0.0850513 0.661405 0.020694 0.000120355 0.0347293 0.027898 0.0483634 
0.0643383 0.00044831 0.101544 0.0025697 0.00868854 0.00848193 0.0290758 0.0752253 0.0570438 0.0332716 0.226312 0.0755505 0.00663443 0.0931558 0.0243069 0.193353 
0.045863 0.00272017 0.0738528 0.0139054 0.0268958 0.00470514 0.0182001 0.00497549 0.0670354 0.0507344 0.200208 0.055786 0.00148218 0.195196 0.0735367 0.164903 
0.00532 0.000186465 0.079088 0.0138873 0.0103079 0.0167237 0.00819084 0.00540815 0.0287543 0.168655 0.42166 0.0256653 0.00982404 0.0471801 0.056341 0.102807 
0.0431398 8.41988e-05 0.0164935 0.019276 0.0100755 0.00326542 0.0127815 0.0046337 0.0644535 0.0576642 0.286809 0.0679639 0.00231048 0.218592 0.0570589 0.135399 
0.00483581 0.000181951 0.0335647 0.00336564 0.0115206 0.0084388 0.0165862 0.00503548 0.0218433 0.0847526 0.436712 0.0248446 0.0309858 0.0314669 0.0580963 0.22777 
0.0119338 4.83722e-05 0.0162458 0.0126081 0.00994202 0.00386861 0.00726494 0.00786274 0.016832 0.119398 0.439076 0.0239568 0.00614841 0.1271 0.107674 0.0900394 
0.00536926 3.67001e-06 0.0134958 0.017229 0.0116953 0.0111262 0.00117426 0.00632977 0.0537627 0.27907 0.327483 0.0104421 0.00166293 0.0464332 0.106873 0.10785 
0.00696705 0.000331808 0.0275804 0.0157618 0.0114513 0.0287107 0.013134 0.00287659 0.0496964 0.134393 0.20531 0.100031 0.00254162 0.113329 0.122061 0.165825 
0.00788412 9.27614e-05 0.00791463 0.0126404 0.0283399 0.00417255 0.0168503 0.00151332 0.033488 0.0557607 0.229969 0.0483529 0.00222639 0.225226 0.182041 0.143528 
0.0617439 4.11337e-05 0.00359263 0.0163125 0.00944142 0.000570408 0.00325386 0.00159665 0.0577668 0.0325522 0.300446 0.0914959 0.000539665 0.20979 0.0552608 0.155597 
0.0101691 0.00284231 0.0117938 0.0330434 0.00820525 0.00265346 0.00734606 0.000559974 0.0804128 0.176322 0.263125 0.0291426 0.0017238 0.13942 0.0847163 0.148524 
0.0115649 9.61517e-05 0.0681604 0.0120916 0.00395687 0.00610216 0.015292 0.00509585 0.109092 0.238543 0.263244 0.0721026 0.0167708 0.0615679 0.0361665 0.0801533 
0.0579339 4.94571e-05 0.101063 0.00620743 0.0144188 0.00792115 0.0169357 0.0322919 0.0816918 0.0523346 0.32107 0.0540236 0.0119543 0.0698992 0.0379638 0.134241 
0.00509033 2.80839e-05 0.0607696 0.00691373 0.00772934 0.0033311 0.00377745 0.000508428 0.0322458 0.203784 0.394637 0.0253886 0.00231012 0.103339 0.0794951 0.0706521 
0.000110437 5.57036e-06 0.00338062 0.000964345 0.000712424 0.00187701 0.00326067 7.68939e-06 0.0178008 0.0904343 0.82499 0.00279235 0.000496998 0.0272691 0.011318 0.0145801 
0.0264806 0.000219759 0.0142978 0.0264084 0.0494775 0.0023127 0.0111606 0.000190592 0.0430873 0.0602122 0.358095 0.0480445 0.00334518 0.151687 0.0882214 0.11676 
8.00854e-06 6.9559e-05 0.00440068 0.00165897 0.00456674 0.106763 0.00260356 2.60489e-06 0.0196544 0.329051 0.371305 0.00138628 1.49742e-05 0.0384593 0.112164 0.00789155 
0.00279512 8.7855e-07 0.00787876 0.000670055 0.00242472 0.24286 0.0186742 0.00153729 0.0714237 0.255271 0.295301 0.00524275 0.00144131 0.044546 0.0259962 0.0239373 
0.00664632 5.28783e-05 0.0121599 0.0132827 0.0149957 0.0456347 0.0258727 1.25701e-05 0.0806132 0.0692871 0.358829 0.0243026 0.00348315 0.154942 0.0585891 0.131296 
0.00286957 0.000449035 0.0132058 0.0148312 0.0116632 0.0024817 0.0173637 2.03528e-05 0.0172418 0.128135 0.233026 0.0269109 0.00136291 0.208938 0.117374 0.204127 
0.0030239 0.000131586 0.107567 0.00065885 0.0235928 0.0329594 0.0131265 0.0155872 0.0919155 0.0869014 0.225839 0.0631431 0.00657158 0.195166 0.0387267 0.0950898 
0.0108126 0.000296217 0.0131652 0.00261543 0.00697707 0.00235327 0.00184659 0.00256912 0.00506009 0.171861 0.375316 0.0232305 0.0024988 0.266344 0.0205728 0.0944808 
0.0439925 0.00128867 0.0415375 0.00121676 0.00753707 0.0114734 0.0336354 0.00950292 0.019956 0.0446396 0.519889 0.0325797 0.0194115 0.0585117 0.0191183 0.13571 
0.0067322 0.00024608 0.00279808 0.00164452 0.00286476 0.00734722 0.00509823 0.00182999 0.211987 0.122279 0.302968 0.062801 0.0113939 0.0769349 0.0567198 0.126355 
0.0361141 0.000469091 0.00844262 0.00730422 0.03 0.00162585 0.143574 0.0227016 0.00359627 0.0898193 0.35384 0.00788108 0.00139357 0.0506103 0.188539 0.0540884 
0.0142447 0.000268965 0.0311477 0.00889482 0.0353761 0.00477438 0.0113936 0.00659347 0.0280727 0.0603629 0.379553 0.01976 0.0037365 0.163796 0.0377144 0.194311 
0.00484075 0.00134689 0.0142427 0.0129218 0.0259398 0.00257251 0.00609925 0.00090209 0.0171992 0.18081 0.27716 0.0232993 0.183266 0.038678 0.0498223 0.160899 
0.00365993 1.8312e-05 0.000231207 3.59015e-05 0.000245813 0.0171329 0.00830978 6.42313e-06 0.00576552 0.139866 0.55503 0.0633997 0.00228766 0.0731572 0.0212459 0.109608 
0.00664669 0.00586427 0.0194498 0.0106353 0.0220798 0.00105562 0.0192114 0.00102281 0.136904 0.0517803 0.370414 0.169532 0.00233584 0.0791109 0.0287205 0.0752363 
0.0152732 0.00746545 0.0609091 0.00368787 0.100317 0.0212792 0.0269995 0.0268454 0.0589161 0.0506803 0.416622 0.0152098 0.00554438 0.0547761 0.0389452 0.096529 
0.0264806 0.000219759 0.0142978 0.0264084 0.0494775 0.0023127 0.0111606 0.000190592 0.0430873 0.0602122 0.358095 0.0480445 0.00334518 0.151687 0.0882214 0.11676 
0.0875967 0.000157708 0.0152795 0.00159802 0.00140569 0.00124952 0.0482743 2.15684e-05 0.0420157 0.171913 0.182654 0.0725662 0.000209588 0.0967865 0.139641 0.138632 
0.014448 0.000444952 0.0254612 0.0207595 0.0451975 0.00500247 0.0105358 0.00466289 0.0525072 0.0714003 0.343144 0.0658313 0.00184731 0.105793 0.0617324 0.171232 
0.000175102 1.33805e-05 0.0252744 0.0199938 0.0781582 0.0035116 0.0172565 0.0166564 0.0263569 0.209136 0.4312 0.0115683 4.50667e-05 0.0562236 0.0911786 0.0132519 
0.0439925 0.00128867 0.0415375 0.00121676 0.00753707 0.0114734 0.0336354 0.00950292 0.019956 0.0446396 0.519889 0.0325797 0.0194115 0.0585117 0.0191183 0.13571 
0.000705316 0.000241709 0.0196989 0.00380808 0.055665 0.0405292 0.00192807 1.90069e-05 0.0464608 0.149001 0.455587 0.0116297 0.00197942 0.096335 0.0495514 0.0668598 
0.00483581 0.000181951 0.0335647 0.00336564 0.0115206 0.0084388 0.0165862 0.00503548 0.0218433 0.0847526 0.436712 0.0248446 0.0309858 0.0314669 0.0580963 0.22777 
0.00739048 4.62544e-05 0.0354727 0.0184034 0.0409469 0.0917062 0.0290678 0.011469 0.0982329 0.0515194 0.291591 0.0434188 0.00861081 0.053462 0.100459 0.118204 
0.00421577 0.000340291 0.0363333 0.00279801 0.0106311 0.0175439 0.0326749 0.00144183 0.110764 0.111881 0.424599 0.0116477 0.00327891 0.0867896 0.0556122 0.0894482 
0.0633005 1.00409e-07 0.0230728 0.00414771 0.0349137 0.00890571 0.0991305 0.0286845 0.0697194 0.0104824 0.332824 0.0596496 0.00553815 0.0415041 0.0468747 0.171252 
0.0282177 0.000346218 0.0296963 0.00765858 0.0303579 0.0111333 0.0175279 0.0047742 0.0590089 0.0688566 0.278785 0.0616851 0.021537 0.145971 0.0593375 0.175107 
0.00211648 6.86283e-05 0.0429302 0.0201121 0.014254 0.00185761 0.107591 8.25395e-06 0.0526495 0.0251071 0.339624 0.0521028 0.00294549 0.102603 0.107305 0.128726 
0.00684179 0.00024674 0.0296253 0.00369124 0.0407885 0.0125218 0.00842328 0.00353914 0.0287612 0.108145 0.336119 0.0372507 0.015824 0.0648566 0.0929404 0.210426 
0.0491002 3.77241e-05 0.04566 0.0047 0.0049338 0.00316503 0.0555431 0.0199357 0.0567072 0.0449352 0.205694 0.0641347 0.00267445 0.198922 0.0467778 0.197079 
0.00483581 0.000181951 0.0335647 0.00336564 0.0115206 0.0084388 0.0165862 0.00503548 0.0218433 0.0847526 0.436712 0.0248446 0.0309858 0.0314669 0.0580963 0.22777 
0.00891768 3.92193e-05 0.0496719 0.0411794 0.00729781 0.0256016 0.0242935 0.0261212 0.0319787 0.109543 0.354474 0.0354528 0.00522855 0.0357854 0.0232558 0.22116 
0.00736545 0.000282064 0.159191 0.00178035 0.033023 0.00377915 0.0257748 0.0247586 0.0254174 0.04394 0.307372 0.0151441 0.0129899 0.0591037 0.0641032 0.215975 
0.10863 6.16836e-06 0.0954849 0.00267406 0.00421539 0.0289284 0.0537447 0.0215919 0.0394859 0.0314472 0.269996 0.0672077 0.00338133 0.0578666 0.0512281 0.164112 
0.00483581 0.000181951 0.0335647 0.00336564 0.0115206 0.0084388 0.0165862 0.00503548 0.0218433 0.0847526 0.436712 0.0248446 0.0309858 0.0314669 0.0580963 0.22777 
0.01234 2.73957e-05 0.0385882 0.000626574 0.00814431 0.0205434 0.0137023 0.090811 0.0658059 0.127016 0.426364 0.012299 0.00413622 0.0634381 0.0212559 0.0949016 
0.0455277 0.000103292 0.079511 0.00198771 0.00678487 0.240226 0.0255515 0.00708949 0.0301794 0.11795 0.284006 0.00417053 0.00310335 0.0157887 0.0220165 0.116004 
0.0472024 0.000109151 0.107402 0.00517462 0.0226194 0.0147462 0.0537607 0.00732875 0.0654116 0.0642156 0.343278 0.0315019 0.00314852 0.0499665 0.0970485 0.0870854 
0.0324272 6.75872e-06 0.010378 0.00636849 0.0153757 0.0174582 0.0365956 0.00514101 0.01422 0.0741142 0.519832 0.00788775 0.011014 0.0239986 0.03805 0.187132 
0.0218816 0.000388208 0.0279122 0.00154709 0.00991168 0.0118395 0.0160201 0.00019166 0.0494185 0.0449993 0.319218 0.0258369 0.000481388 0.161548 0.0428443 0.265962 
0.0170581 1.58591e-05 0.0441218 0.0105914 0.0184134 0.00564856 0.0357899 0.00748227 0.114525 0.0491362 0.255874 0.0626939 0.00215646 0.191184 0.0476612 0.137648 
0.00231675 3.96426e-08 0.00726393 0.000850038 0.000912106 0.0148979 0.00226707 2.5705e-05 0.0438702 0.0306998 0.671073 0.00242305 0.000450027 0.0183697 0.0372869 0.167294 
0.00188555 0.000358768 0.0747937 0.0132697 0.0135794 0.00160334 0.00951248 0.00355407 0.0539284 0.118104 0.454091 0.0244851 0.000887015 0.0717632 0.061839 0.0963449 
0.00819684 0.000467096 0.0240023 0.00306514 0.0285894 0.00636534 0.0254692 0.000143486 0.0369847 0.124513 0.355176 0.0615187 0.00625303 0.070187 0.101068 0.148001 
0.00665991 0.000580728 0.0133141 0.00931474 0.0693808 0.00274141 0.011909 0.0176033 0.064642 0.103037 0.255556 0.0581581 0.00739908 0.122328 0.0802973 0.177079 
0.0106939 6.94441e-05 0.0501436 0.00663835 0.0415804 0.0048463 0.0190355 0.0102732 0.0352252 0.0639356 0.409686 0.047355 0.0272934 0.0493419 0.0503558 0.173526 
0.00842902 0.000791926 0.0607946 0.000366624 0.0142185 0.00964742 0.014447 0.0192082 0.130878 0.0422873 0.371802 0.0165977 0.00724753 0.149945 0.0456467 0.107692 
0.0192229 0.000333395 0.157864 0.00199229 0.00549186 0.00443049 0.0118991 0.00676463 0.0865631 0.0329311 0.398276 0.0173529 0.00227004 0.124247 0.0339316 0.0964292 
0.00549322 0.00032122 0.000488152 0.00513765 0.00629476 0.00480312 0.0016332 3.33127e-05 0.0242836 0.0305174 0.601563 0.00792288 0.000455608 0.183621 0.0368207 0.0906117 
0.0113171 2.92038e-06 0.15716 0.000435929 0.00284312 0.0129896 0.0163329 0.0201869 0.114411 0.0407738 0.254835 0.00811872 0.0020767 0.111591 0.0999347 0.146991 
0.00970322 0.000267761 0.0355267 0.00648769 0.0119697 0.019657 0.00709639 0.00490714 0.0325049 0.161375 0.287064 0.0420894 0.0047369 0.172119 0.0801313 0.124364 
0.0622621 2.3601e-06 0.0585024 0.00454409 0.032067 0.00466195 0.0234428 0.0142538 0.0280237 0.051314 0.382932 0.0374985 0.00366474 0.184416 0.0307466 0.081668 
0.00605816 0.000368151 0.0349534 0.0033296 0.00832809 0.00526681 0.0392809 0.0189327 0.202092 0.0605347 0.372742 0.038447 0.00280961 0.0796833 0.0170409 0.110133 
0.00166617 0.00408615 0.00649554 0.00191335 0.0391132 0.00567623 0.00316947 0.000170018 0.0106053 0.168112 0.584339 0.0301896 0.00286742 0.0662706 0.0361714 0.0391542 
0.0452177 0.000108736 0.0533523 0.0041633 0.0279523 0.00964303 0.118155 0.0130619 0.0565709 0.0346388 0.239034 0.0262103 0.00339126 0.109603 0.0313133 0.227584 
0.0422035 0.00208656 0.0394572 0.0624401 0.0232416 0.0146453 0.0109533 0.0104484 0.0197747 0.0742193 0.226341 0.103647 0.00629261 0.164751 0.0877767 0.111722 
0.00922886 0.000217281 0.0390626 0.00401724 0.0571266 0.030166 0.00982948 0.00376769 0.0148843 0.096531 0.379921 0.0317694 0.00839057 0.125843 0.0666094 0.122635 
0.00692953 0.00221296 0.017762 0.00068562 0.00379771 0.0214837 0.0527745 0.000743255 0.0136242 0.00873983 0.665961 0.0389616 0.000205283 0.0233913 0.046794 0.0959331 
0.00602689 4.02783e-05 0.0835669 0.00296672 0.00553549 0.00420944 0.00983873 0.0183255 0.132649 0.0969873 0.326835 0.0134301 0.0167947 0.0766596 0.052792 0.153342 
0.00822953 0.000240089 0.0230082 0.000789068 0.00455927 0.022974 0.103392 0.00019922 0.0234346 0.0209735 0.539835 0.0225938 2.38537e-05 0.0423961 0.0644857 0.122865 
0.0190073 0.000280738 0.0152007 0.00103129 0.00361668 0.00410803 0.00746407 0.000180605 0.0333344 0.0180131 0.770352 0.0408051 0.00287768 0.0183169 0.0296155 0.035796 
0.00183745 0.00041685 0.0178923 0.0101243 0.0118291 0.00125147 0.000694532 0.00146908 0.0162558 0.0745555 0.366485 0.0162836 0.00222893 0.152193 0.102914 0.223568 
0.0289271 5.73711e-05 0.0698675 0.00397889 0.0156154 0.00337158 0.0291129 0.00942129 0.0850875 0.0226863 0.527087 0.0167634 0.00700071 0.0456187 0.0805804 0.0548244 
0.00261179 0.000288785 0.000534431 0.0110771 0.0293227 0.00067816 0.0184039 0.00110094 0.0662425 0.0186367 0.633268 0.0160384 0.00184965 0.116166 0.0499584 0.0338231 
0.0016503 0.000121288 0.00680532 0.00768435 0.00734213 0.00528763 0.00142144 0.000967961 0.033268 0.0427831 0.572855 0.0763379 0.00012341 0.148581 0.0290617 0.0657091 
0.000477463 0.000106116 0.00542076 0.000238512 0.000388361 7.20037e-05 0.00469226 1.2263e-05 0.0358159 0.0485849 0.86373 0.0120645 1.89995e-05 0.0127589 0.0148156 0.000803028 
0.00338546 0.00396411 0.00846855 0.00272754 0.00887818 0.00490666 0.00632991 8.97457e-05 0.0170655 0.0328299 0.53524 0.0246676 0.00363787 0.0804305 0.0412423 0.226136 
0.0129551 0.000151433 0.0322285 0.00276673 0.0155541 0.00559417 0.00798878 0.000280884 0.0702436 0.198066 0.262478 0.0351265 0.00661346 0.0526255 0.0621188 0.235208 
0.0608122 0.00111412 0.126796 0.0166519 0.119351 0.0379503 0.0231866 0.005799 0.0460936 0.040941 0.324741 0.0631992 0.0054864 0.0219599 0.0439121 0.0620057 
0.0362833 6.20975e-05 0.0783101 0.0017604 0.0166437 0.0287845 0.0289253 0.00844174 0.0340276 0.0530546 0.289002 0.0662249 0.00246362 0.0618839 0.0828527 0.21128 
0.0187432 4.12095e-05 0.0237307 0.0151929 0.0351407 0.00463572 0.00341769 0.00217805 0.0509468 0.125247 0.404366 0.044186 0.00574264 0.139593 0.0629351 0.0639036 
0.0274825 0.000261545 0.00534129 0.0236682 0.0121505 0.00492472 0.0135522 0.0063448 0.216865 0.024112 0.402053 0.00932454 0.000116669 0.176501 0.060428 0.0168734 
0.012801 2.36086e-05 0.0399829 0.00312559 0.0199902 0.00432064 0.0204864 0.0163584 0.0374678 0.0773686 0.359666 0.0450524 0.0013134 0.067678 0.0331489 0.261216 
0.0448338 0.000346726 0.00936475 0.0264123 0.0123814 0.0168101 0.00976188 0.00371879 0.0210918 0.0131618 0.410118 0.0230709 0.00276844 0.223434 0.109019 0.0737062 
0.101419 5.99818e-05 0.0222525 0.00499991 0.00514684 0.0116278 0.0246619 0.0103233 0.211602 0.0163876 0.311944 0.0336627 0.00724556 0.0810133 0.0773113 0.0803423 
0.000806212 1.27011e-06 0.0152584 3.43539e-05 0.00116872 0.00120136 0.00111573 6.3867e-05 0.173311 0.217586 0.52096 0.0111758 4.48849e-05 0.00559027 0.0497554 0.00192699 
0.0137692 4.35387e-05 0.121889 0.00541856 0.0148897 0.0471585 0.0451613 0.00581722 0.0287956 0.136488 0.177565 0.0171022 0.00309159 0.130799 0.117498 0.134514 
0.00146273 0.000112087 0.088039 0.000371574 0.00309253 0.0013679 0.0532514 0.000255965 0.132865 0.0255545 0.49856 0.00740345 0.00142842 0.0526613 0.0534942 0.0800801 
0.00403532 5.14711e-05 0.0494231 0.00144577 0.0039396 0.00156888 0.041742 0.128412 0.0930731 0.0144544 0.455334 0.0114495 0.00136792 0.0568785 0.0655195 0.071305 
0.0036121 1.94287e-06 0.0427666 0.000122028 0.00752924 0.00138865 0.00433188 6.58614e-06 0.0641202 0.00457057 0.722792 0.00324489 0.000117728 0.0837346 0.0158765 0.0457848 
0.0164789 4.01114e-05 0.0198829 0.00685405 0.0049094 0.0027827 0.0185277 0.00600491 0.0531113 0.0562185 0.233433 0.0584554 3.35693e-05 0.23052 0.120629 0.172119 
0.00164194 0.00018416 0.00649505 0.00137404 0.0278673 0.000819446 0.0198177 4.8288e-06 0.0601888 0.0710953 0.335452 0.0156735 3.38487e-05 0.089413 0.326831 0.0431075 
0.00359095 2.61692e-05 0.0115929 0.0131758 0.0174556 0.00591408 0.00762351 0.000393743 0.0287811 0.141386 0.275663 0.0349693 0.000246453 0.191832 0.087844 0.179505 
0.0221627 1.3381e-05 0.0593241 0.000218891 0.0113941 0.00266695 0.0304553 0.00970436 0.0929055 0.0579811 0.434749 0.00333013 0.00458067 0.0900544 0.0112697 0.16919 
0.0109317 8.15833e-05 0.00587396 0.00264883 0.00226138 0.000888444 0.00384328 0.00508095 0.045978 0.0230332 0.563916 0.00896123 0.00125301 0.243059 0.0231787 0.0590105 
0.00256046 2.8476e-05 0.0521188 0.00281478 0.00432532 0.000706745 0.00436444 0.00633738 0.0242251 0.085019 0.71785 0.0154236 3.17218e-06 0.0279387 0.0209098 0.0353739 
0.03581 0.000209097 0.011352 0.00137825 0.0506271 0.0316862 0.00498993 0.00555534 0.0235162 0.0714857 0.393959 0.024681 0.00264738 0.0668077 0.123403 0.151892 
0.00498953 8.20395e-05 0.00227542 0.130785 0.0113733 0.0142816 0.0018337 0.000119977 0.0105002 0.0828396 0.424598 0.00312938 7.1664e-05 0.161126 0.130097 0.0218969 
0.000764714 4.35e-05 0.0207842 0.0234689 0.0224474 0.245699 0.0198754 0.00114501 0.0795502 0.0324006 0.265063 0.0272325 0.00125614 0.0385957 0.065099 0.156575 
0.0138201 2.01602e-05 0.0438982 0.014439 0.0858098 0.00288444 0.028648 0.0009616 0.019126 0.0857594 0.225716 0.0472347 0.00494808 0.136597 0.173143 0.116995 
0.0286069 7.22832e-05 0.0398596 0.00518585 0.00455154 0.0170046 0.0293828 0.0126715 0.164158 0.0626154 0.286418 0.0976684 0.00491171 0.0659203 0.0715278 0.109445 
