0.00602359 0.000338556 0.0245586 0.0443821 0.0236674 0.00361293 0.0267725 0.00305093 0.0333221 0.0525379 0.0552181 0.120072 0.00118521 0.453441 0.0824644 0.0693536 
0.00185517 0.000385415 0.0333977 0.00762683 0.0392333 0.00357357 0.0126447 0.000198242 0.0101275 0.0149154 0.00562054 0.0906697 0.000123019 0.691247 0.0409561 0.0474259 
0.00374049 1.06987e-05 0.000794276 0.0318395 0.0136219 0.000629218 0.00968474 6.85244e-06 0.0560682 0.0339917 0.00869134 0.235764 0.000202892 0.23986 0.145779 0.219315 
0.0046641 0.000172467 0.0262338 0.0075167 0.0209843 0.0300955 0.198469 0.00406828 0.0196276 0.158469 0.0123804 0.093517 0.00345629 0.217051 0.0508528 0.152442 
0.00635652 0.000139248 0.00738371 0.024462 0.00509858 0.0143161 0.0484614 9.23447e-06 0.0124721 0.0263886 0.0223657 0.0233808 0.00195642 0.683387 0.0285442 0.0952786 
0.0144424 0.000382466 0.0266925 0.00867344 0.0318888 0.00529278 0.0319665 0.00354721 0.0373884 0.0420103 0.00792238 0.240425 0.00097595 0.370988 0.0313085 0.146095 
0.0072865 0.000310337 0.00765039 0.00776172 0.0301825 0.002129 0.0270184 0.00200288 0.0214181 0.133603 0.0124929 0.143327 0.00238137 0.384419 0.0707758 0.147241 
0.00474457 0.000336161 0.0203519 0.0135345 0.033486 0.0031455 0.0133531 0.00133749 0.00955386 0.0996024 0.00832176 0.0588457 0.00510607 0.46235 0.0525524 0.213379 
0.00396814 0.000251039 0.00280614 0.00459163 0.0288248 0.00254055 0.0184383 0.000381698 0.016851 0.0180679 0.00520729 0.0645842 0.000115519 0.774409 0.0234508 0.0355119 
0.0231619 2.03436e-05 0.184608 0.0044687 0.0105759 0.00582395 0.0126515 0.0237242 0.0304471 0.0675254 0.0699458 0.0336433 0.00218393 0.275415 0.160357 0.0954476 
0.008332 0.00736503 0.0101309 0.0147756 0.0245948 0.00648235 0.011481 0.000112558 0.0466325 0.0811291 0.0123204 0.0820574 0.00141582 0.467809 0.0610295 0.164332 
0.0113132 6.04768e-05 0.115896 0.00533575 0.0258915 0.00630932 0.172012 0.0169474 0.0932133 0.0404691 0.0861435 0.0616156 0.00376739 0.195487 0.0616795 0.103859 
0.0205894 0.000339614 0.00509463 0.0136717 0.0169471 0.00180464 0.0150211 0.00773241 0.0201493 0.0546094 0.058211 0.125617 0.00790394 0.315244 0.121015 0.216049 
0.0140225 0.000245239 0.010838 0.0130587 0.029104 0.00530417 0.0430816 0.00191478 0.0417245 0.0746711 0.0594265 0.140301 0.00167916 0.262972 0.0696464 0.23201 
0.0247176 0.000232465 0.0363679 0.00549409 0.0278279 0.0141091 0.0394629 0.00716773 0.105707 0.0680601 0.0238146 0.0707703 0.00322958 0.353459 0.0491859 0.170394 
0.00124636 3.50699e-06 0.00310109 0.163299 0.0236575 0.000244102 0.00268828 0.00157073 0.00220114 0.0331027 0.00490984 0.0264049 0.000148949 0.47324 0.0893159 0.174866 
0.00551527 0.000273121 0.000790966 0.00906618 0.13024 0.00999174 0.0357036 4.0616e-06 0.033378 0.0191472 0.0305785 0.0258727 6.94182e-05 0.321935 0.278295 0.0991389 
0.0165491 0.00110626 0.0231238 0.015137 0.0341867 0.0055078 0.0132073 0.00258388 0.0315799 0.134195 0.0356802 0.0561229 0.00551197 0.264749 0.100476 0.260284 
0.0066425 0.000249534 0.0156034 0.00623849 0.0209601 0.00818621 0.00658544 0.000233229 0.00951388 0.0717432 0.0219229 0.0197018 0.000648932 0.549951 0.115757 0.146063 
0.00805757 0.000857653 0.0178505 0.0107139 0.0209473 0.000676753 0.0024659 3.23118e-05 0.029772 0.0392384 0.0115544 0.0150218 0.000327891 0.658583 0.0410783 0.142823 
0.0464736 0.0015051 0.0393247 0.0463277 0.0315962 0.00544697 0.0570064 0.00606942 0.0408365 0.0868744 0.132023 0.045428 0.00220227 0.205249 0.194642 0.058995 
0.0136696 0.000205033 0.0335408 0.00489871 0.0321595 0.00872215 0.009581 8.93078e-05 0.0220926 0.0384273 0.0119533 0.0590988 0.000696726 0.413449 0.0363677 0.315048 
0.0281119 0.00093539 0.12205 0.0110243 0.0302498 0.00771111 0.0392064 0.008338 0.0361118 0.088766 0.0130841 0.154046 0.00543063 0.251526 0.047838 0.15557 
0.0367454 5.34203e-06 0.0198808 0.140119 0.012552 0.00584053 0.174697 0.10175 0.0209407 0.0433949 0.0234576 0.0425893 0.00984156 0.295434 0.0268274 0.0459243 
0.00806903 0.000985502 0.0251864 0.00419416 0.0351464 0.00607657 0.0512798 0.000198963 0.0233507 0.0610139 0.059106 0.169662 0.00032187 0.328282 0.0592546 0.167872 
0.0504257 0.000602145 0.00821944 0.0173606 0.0294367 0.00460192 0.0136368 0.00639499 0.0192322 0.0295668 0.0372721 0.0701453 0.00396636 0.41035 0.117296 0.181493 
0.0145092 0.000342871 0.0204081 0.0256105 0.0230375 0.00392683 0.0194955 0.00111754 0.105436 0.0935383 0.0624555 0.0780067 0.00569152 0.294982 0.0737715 0.17767 
0.0197962 0.000136389 0.0385093 0.0108863 0.0528415 0.00381861 0.0297272 0.001661 0.0398816 0.0875484 0.0169472 0.157843 0.00111111 0.263096 0.0758884 0.200308 
0.0355451 0.00022048 0.0597164 0.00468163 0.0163145 0.00177072 0.0212963 0.0328937 0.0890057 0.112258 0.0871238 0.0452539 0.0060466 0.219235 0.061938 0.2067 
0.0128974 0.000400525 0.0232915 0.00885886 0.0175924 0.00380967 0.111666 0.00234981 0.0294847 0.039991 0.0182516 0.0849028 0.00237511 0.45459 0.0429569 0.146582 
0.0034553 0.000293008 0.0145231 0.0100149 0.0295323 0.0200762 0.00946464 0.00152195 0.0117829 0.169493 0.0111207 0.0502435 0.0042159 0.309273 0.0756954 0.279294 
0.00564524 7.5772e-05 0.0205507 0.00277318 0.0168737 0.00547879 0.35913 0.00143308 0.0125567 0.0294661 0.0058023 0.109764 0.000232386 0.361744 0.0220778 0.0463974 
0.00496837 0.00205428 0.00689615 0.00690106 0.0269746 0.00167069 0.025494 0.000440483 0.0241714 0.121303 0.0161545 0.165694 0.00138851 0.381556 0.07118 0.143153 
0.000374668 0.000843543 0.0576287 0.00111492 0.00791405 0.000381789 0.00648546 2.14173e-05 0.0102619 0.170657 0.0102653 0.232043 0.000277902 0.29011 0.00706723 0.204552 
0.00924513 0.000267669 0.0103464 0.0159094 0.0168823 0.00297689 0.0225789 0.00556227 0.0144579 0.150851 0.00996963 0.0417416 0.00719742 0.377172 0.0560473 0.258794 
0.00110443 0.000496552 0.0156812 0.0216087 0.0362428 0.00254286 0.0310379 0.00551827 0.0146604 0.0859379 0.00596961 0.0761566 0.000643933 0.569605 0.0297192 0.103075 
0.0106089 0.00027357 0.15202 0.00501464 0.0130604 0.00418458 0.0368006 0.0102538 0.0468226 0.0762019 0.0260358 0.165262 0.00132767 0.213154 0.036487 0.202492 
0.00935704 4.18022e-05 0.0689401 0.0031099 0.0107905 0.0343287 0.0815972 0.0093223 0.0332717 0.0371116 0.194757 0.137533 0.00148456 0.2752 0.0470661 0.0560884 
0.0093822 6.83411e-05 0.0161245 0.0188071 0.0453842 0.000204587 0.0204299 0.0552938 0.0815082 0.0176649 0.00581326 0.116863 0.000149133 0.439517 0.0670677 0.105722 
0.00806846 0.00139047 0.0139941 0.0124225 0.0261136 0.00360822 0.00518357 0.00105808 0.0486796 0.172685 0.136734 0.0493012 0.00443388 0.314144 0.0803702 0.121813 
0.0164511 0.00655059 0.0202414 0.0103288 0.0310049 0.000513509 0.00359321 0.000137397 0.247088 0.13818 0.0413328 0.0366929 0.00069594 0.265061 0.0990106 0.0831183 
0.00413326 7.11748e-05 0.00230439 0.00874536 0.00729415 0.00117769 0.0410095 2.75666e-05 0.010627 0.031237 0.004252 0.0947251 0.0019287 0.563951 0.0459208 0.182595 
0.00119449 0.00187895 0.0223978 0.00650076 0.0235653 0.00291978 0.0251162 0.00651986 0.0178514 0.200896 0.0128461 0.156811 0.00080235 0.314864 0.0773456 0.128491 
0.0555874 0.000394869 0.00940661 0.0116234 0.0378584 0.00426922 0.0644355 0.000226963 0.0322985 0.0326044 0.0332207 0.0866613 0.000690427 0.369793 0.111906 0.149024 
0.102487 2.98339e-05 0.0256062 0.0862883 0.018649 0.00378696 0.14599 0.015236 0.0136557 0.0856017 0.014861 0.0392153 0.00603661 0.33943 0.042286 0.0608405 
0.00744212 0.000257378 0.0207229 0.0172983 0.0382152 0.00182116 0.0207292 0.00117644 0.0204257 0.221624 0.0300125 0.163525 0.00115293 0.25509 0.0529031 0.147604 
0.0353895 0.000315686 0.050255 0.00877673 0.0487217 0.00473033 0.0432332 0.00721731 0.0294222 0.18687 0.019777 0.0836466 0.012152 0.193665 0.0981842 0.177643 
0.00121094 0.000586634 0.0194218 0.00338417 0.0262274 0.00841389 0.122113 0.000334484 0.0178514 0.0265388 0.0144017 0.222197 0.000207728 0.444874 0.0394659 0.0527715 
0.00520755 0.000175933 0.0153282 0.0175017 0.0125763 0.00317275 0.0120546 0.000276276 0.036382 0.067069 0.035898 0.0644831 0.000654184 0.371259 0.126032 0.23193 
0.000502879 5.58507e-06 0.000828049 0.0227399 0.0210999 0.0224187 0.0814288 6.18451e-06 0.015527 0.0888431 0.0151316 0.0575006 3.73141e-06 0.637948 0.0152946 0.0207211 
0.0226602 0.000107967 0.0208245 0.0141213 0.0109058 0.00416105 0.0372949 0.00670579 0.0821805 0.0588398 0.066248 0.0532984 0.00183949 0.452737 0.063744 0.104331 
0.0110754 8.1764e-05 0.0126658 0.0711939 0.0283852 0.00167092 0.142624 4.72662e-05 0.0225279 0.048641 0.0323794 0.0387267 0.00390609 0.36387 0.136152 0.0860529 
0.0288139 2.54696e-05 0.00900127 0.0170109 0.0260892 0.00436013 0.0868388 0.000285963 0.0127667 0.0304787 0.0715105 0.0259106 0.000903544 0.465612 0.138847 0.0815454 
0.0380417 0.000761216 0.00280107 0.0165324 0.0260449 0.00413928 0.00147759 0.00021262 0.0142655 0.0657317 0.138291 0.014916 0.00613887 0.509802 0.0542672 0.106577 
0.000559716 0.000194988 0.00537396 0.00791813 0.0518469 0.00148955 0.100873 1.20074e-05 0.0106475 0.0166308 0.00525359 0.074104 4.41294e-05 0.652346 0.0202498 0.0524564 
0.0138913 0.000152656 0.0254157 0.0125547 0.0271292 0.00733987 0.019335 0.00339105 0.0770641 0.0761123 0.0190455 0.153038 0.000988383 0.253771 0.192344 0.118428 
0.00214839 4.50025e-05 0.0684932 0.00586238 0.021007 0.0353735 0.0449143 0.000142538 0.0224694 0.123136 0.053328 0.0562899 0.000990763 0.296955 0.0894891 0.179356 
0.0154725 2.58949e-05 0.00648006 0.0072981 0.00785039 0.000160736 0.00529117 3.21836e-06 0.0233147 0.254149 0.0407374 0.0133261 0.000282183 0.255636 0.239802 0.13017 
0.0054939 8.59172e-05 0.00270582 0.0518671 0.0548777 0.00187294 0.0100275 8.23383e-06 0.0336966 0.090174 0.0187834 0.0495757 6.74564e-05 0.487473 0.138679 0.0546113 
0.00856352 0.000320301 0.0184077 0.0158117 0.0288713 0.00422316 0.0125694 0.00282714 0.0100286 0.129756 0.00967949 0.130563 0.00482931 0.297726 0.0748149 0.251009 
0.0443768 0.000339547 0.0113817 0.0118802 0.0495645 0.00193522 0.0156536 0.000920176 0.034123 0.0505494 0.0189167 0.0754273 0.00143129 0.500222 0.072918 0.110361 
0.0309941 0.000756368 0.00653293 0.0182202 0.00927147 0.00333862 0.017613 0.000389618 0.0335623 0.0986087 0.0283054 0.0878177 0.00379106 0.332181 0.0508642 0.277753 
0.00189127 0.000182162 0.00819267 0.00983833 0.0228829 0.0214811 0.0363511 0.000158774 0.0112072 0.0251969 0.00867741 0.0724542 0.0851247 0.577464 0.0410535 0.0778439 
0.016624 0.000326186 0.00807389 0.00963386 0.025604 0.00248702 0.00725057 0.00196282 0.024558 0.123831 0.0482474 0.0347064 0.00251318 0.38874 0.0561328 0.249308 
0.0261739 0.000171857 0.0326074 0.00914538 0.0191242 0.0181237 0.0370524 0.0058847 0.0511625 0.0870752 0.140087 0.0880477 0.00320028 0.270497 0.0586891 0.152958 
0.00651445 0.000427345 0.0252463 0.0304425 0.0345847 0.00375639 0.074965 0.00295842 0.0637898 0.0354009 0.0611801 0.139288 0.00452191 0.364969 0.0544686 0.0974862 
0.0041464 0.00133331 0.0293102 0.0214235 0.0174036 0.00112634 0.00810167 0.000560295 0.100623 0.0865207 0.00611159 0.0689704 0.00070441 0.334223 0.042336 0.277105 
0.014987 0.000153125 0.000722928 0.0234169 0.0261663 0.00273259 0.0221929 1.10248e-05 0.0107191 0.0308744 0.00833763 0.0480881 0.000325789 0.505809 0.121457 0.184006 
0.0143143 0.000224114 0.0602689 0.00674643 0.0150345 0.00485451 0.0307305 0.00973012 0.109579 0.127204 0.0305139 0.163904 0.000542498 0.242984 0.0523126 0.131057 
0.00655603 0.000463376 0.0154865 0.0101699 0.0236109 0.00242099 0.0237821 0.00118134 0.06487 0.0538547 0.0170339 0.097568 0.000876563 0.553851 0.0261256 0.102149 
0.00443763 0.000306745 0.0301426 0.00514608 0.0108373 0.0095008 0.0432666 0.00131674 0.0536186 0.0753258 0.0363284 0.19603 0.00221472 0.392905 0.0888501 0.0497723 
0.162208 0.000201689 0.00465587 0.0169377 0.0843946 0.00219946 0.0539576 0.000377766 0.0412929 0.0223317 0.028385 0.0184042 0.000522884 0.344667 0.0305919 0.188873 
0.119083 5.42601e-06 0.00341751 0.010736 0.0270642 0.00180133 0.0410526 0.000471334 0.0469671 0.0137578 0.00593722 0.260122 0.000198491 0.307573 0.0256979 0.136115 
0.0145133 0.000284097 0.0412459 0.0227262 0.0386154 0.0050505 0.0386233 0.00933768 0.0221407 0.106022 0.0248264 0.0560578 0.00311639 0.328954 0.119781 0.168705 
0.0237089 0.000151798 0.0884318 0.00747479 0.0955708 0.0600349 0.019491 0.0111422 0.0282502 0.04991 0.0715937 0.0691606 0.00288091 0.307306 0.053588 0.111304 
0.00221868 0.00085047 0.00826638 0.0384779 0.0143695 0.000571312 0.00622347 0.00148612 0.00757212 0.151589 0.00783849 0.0681637 0.0184884 0.29979 0.0971981 0.276897 
0.0196053 0.000185873 0.0343328 0.0124865 0.0187738 0.00444506 0.0216353 0.00601403 0.0704303 0.102092 0.110993 0.160453 0.00133151 0.188947 0.0719772 0.176296 
0.000795983 0.000233314 0.00689364 0.0489433 0.0106521 0.00111523 0.00101039 0.00300305 0.00691315 0.283199 0.0027005 0.0610674 0.03938 0.364554 0.0620419 0.107496 
0.00474457 0.000336161 0.0203519 0.0135345 0.033486 0.0031455 0.0133531 0.00133749 0.00955386 0.0996024 0.00832176 0.0588457 0.00510607 0.46235 0.0525524 0.213379 
0.0207167 0.00103828 0.0102782 0.0135949 0.093637 0.00536391 0.0217237 0.00259602 0.0311235 0.0602958 0.0104949 0.0768476 0.000497359 0.433376 0.139926 0.0784901 
0.00603916 0.00229305 0.00310936 0.046001 0.0227824 0.000920611 0.00318712 0.00220864 0.0503363 0.0617696 0.00895832 0.0469884 0.0168169 0.609176 0.0621389 0.0572747 
0.00275572 0.000315395 0.0237161 0.0976089 0.0235191 0.00410707 0.00670612 5.48908e-05 0.046398 0.183445 0.0200186 0.0367879 0.000821431 0.31378 0.0915201 0.148446 
0.130716 0.000112985 0.00878931 0.00298304 0.0087359 0.00225691 0.0120946 0.00050652 0.0364899 0.0425259 0.0325484 0.0521551 0.000306902 0.322396 0.0393069 0.308075 
0.00216238 7.48784e-06 0.0285803 0.0548806 0.018508 0.00117485 0.0654892 0.0112179 0.0280788 0.0204042 0.00945518 0.0863174 0.000219623 0.562024 0.0563038 0.0551761 
0.00457693 0.00869259 0.0354239 0.0348026 0.0270772 0.0433308 0.0623535 0.00177811 0.0462963 0.0886329 0.121933 0.0465134 0.0457261 0.255252 0.0866525 0.0909583 
0.00860432 0.00111443 0.0181548 0.014047 0.0200064 0.00333871 0.015824 0.00158438 0.0201904 0.174171 0.00785682 0.0454733 0.0042462 0.375109 0.0607973 0.229481 
0.0194512 0.000148485 0.0218697 0.0133564 0.0433498 0.00355484 0.0378765 0.00430581 0.0576588 0.0855473 0.0562423 0.0410415 0.00314281 0.313987 0.156004 0.142463 
0.00454344 0.000842507 0.0246623 0.00908364 0.0194913 0.00122156 0.00642771 0.00742083 0.120709 0.104921 0.102272 0.0541373 0.00417233 0.341247 0.0364388 0.162409 
0.0591244 0.000421351 0.0565276 0.00270579 0.0337676 0.00612172 0.0779395 0.045001 0.0586532 0.0181235 0.0189561 0.141494 0.00232064 0.33541 0.0259226 0.117511 
0.00185517 0.000385415 0.0333977 0.00762683 0.0392333 0.00357357 0.0126447 0.000198242 0.0101275 0.0149154 0.00562054 0.0906697 0.000123019 0.691247 0.0409561 0.0474259 
0.00240761 9.49615e-05 0.015718 0.0119834 0.0291763 0.00607917 0.00976126 1.04218e-05 0.0270304 0.0859308 0.00802194 0.0647089 0.000982379 0.564985 0.0454181 0.127691 
0.00474457 0.000336161 0.0203519 0.0135345 0.033486 0.0031455 0.0133531 0.00133749 0.00955386 0.0996024 0.00832176 0.0588457 0.00510607 0.46235 0.0525524 0.213379 
0.0112219 0.000362931 0.0105021 0.0222006 0.0266113 0.0036507 0.034196 0.000986183 0.0489641 0.0621588 0.021012 0.217562 0.00101302 0.373414 0.0306563 0.135488 
0.0265554 7.46816e-05 0.00227169 0.0172166 0.00510871 0.00156365 0.0102941 7.79033e-06 0.0322642 0.0408651 0.0941268 0.0148053 0.00213543 0.513602 0.0887834 0.150325 
0.025932 0.00169372 0.0050301 0.0558292 0.077811 0.00240957 0.00653078 0.000320732 0.00938392 0.107114 0.0115684 0.0415889 0.000166405 0.348006 0.0526009 0.254014 
0.0244751 0.000166548 0.0107307 0.0188152 0.0309183 0.0028617 0.0147872 6.46736e-05 0.0186883 0.0573032 0.0241574 0.0327681 0.00157584 0.42304 0.0426563 0.296991 
0.043001 2.08202e-05 0.0574596 0.00578728 0.0179473 0.00797069 0.0699193 0.017905 0.086231 0.0442564 0.0123154 0.110537 0.00261279 0.395381 0.0454819 0.0831734 
0.0166845 0.000273888 0.00226681 0.0268243 0.0483199 0.000348157 0.00102208 0.000219425 0.0164985 0.102649 0.0172357 0.0270726 0.0105155 0.556265 0.094847 0.0789585 
0.0078738 0.000425181 0.0148995 0.00630098 0.00661659 0.00174391 0.00550856 0.000438403 0.0329884 0.169213 0.0065513 0.0393104 0.00339812 0.521862 0.0210827 0.161787 
0.00495969 3.69299e-05 0.169957 0.126632 0.0586386 0.0028605 0.0489189 0.000193804 0.0149541 0.139289 0.00868998 0.0409209 0.00158517 0.208988 0.069125 0.104251 
0.00151585 0.000880765 0.0407673 0.0163033 0.0264076 0.00786808 0.0261755 0.00282382 0.0255411 0.0694065 0.0322554 0.13866 0.0001856 0.42069 0.0448245 0.145694 
0.014052 0.000222082 0.0515244 0.00893841 0.0271225 0.00729667 0.0223537 0.000154213 0.0480053 0.0970503 0.085318 0.0658153 0.00265948 0.270238 0.190926 0.108324 
0.0244996 0.00223734 0.0273587 0.0209603 0.0380947 0.00640496 0.0172758 0.00352122 0.0222641 0.126057 0.0166314 0.144425 0.0114339 0.277589 0.0371389 0.224108 
0.000627448 0.000357183 0.00792955 0.00256414 0.013703 0.00390491 0.0374395 0.000115968 0.0124731 0.0516308 0.00656127 0.075717 0.000134964 0.727608 0.0213929 0.0378405 
0.0737706 2.42082e-05 0.00815952 0.00328076 0.0483416 0.000736481 0.00624558 0.00078969 0.137486 0.0643602 0.0723134 0.0432552 0.000367207 0.315259 0.030075 0.195536 
0.00283726 6.73369e-05 0.0187787 0.00456874 0.0178582 0.00165971 0.0274417 0.000431023 0.0141371 0.0252606 0.097436 0.0692518 0.00081451 0.595579 0.0363374 0.0875407 
0.0206649 0.000508983 0.00889933 0.0363768 0.00818589 0.00167138 0.00852607 0.00109897 0.0330702 0.108785 0.0194912 0.0549963 0.000328341 0.341628 0.0939494 0.26182 
0.00883149 0.000378428 0.0180725 0.0122281 0.029068 0.00116752 0.217557 0.00527659 0.0509929 0.105114 0.0616917 0.0977747 0.00265053 0.251299 0.0214459 0.116451 
0.00972442 0.000182386 0.0300622 0.0116499 0.0133182 0.00850189 0.122187 0.003196 0.0870446 0.0454987 0.0626044 0.106946 0.00127675 0.331098 0.0685517 0.0981579 
0.0397487 2.70745e-05 0.00552906 0.00770566 0.0104512 0.00773526 0.0127907 0.000535905 0.027427 0.0538483 0.0141612 0.0626447 0.000418664 0.387431 0.342873 0.0266719 
0.00914784 0.000169513 0.142965 0.00399975 0.018952 0.01048 0.0810759 0.00957781 0.0208847 0.0587022 0.067288 0.11221 0.00458748 0.241859 0.0333913 0.184709 
0.00420495 0.000127377 0.0556593 0.0218939 0.0681058 0.0189228 0.0236898 0.007329 0.016721 0.153762 0.018488 0.065208 0.0113387 0.392098 0.07035 0.0721015 
0.0103751 0.000343306 0.143242 0.00681076 0.00939422 0.0242335 0.0447033 0.0151533 0.0417246 0.0618747 0.0263612 0.160098 0.00204979 0.23493 0.0391034 0.179602 
0.0102589 0.000133023 0.0481294 0.0071001 0.010019 0.00377436 0.0278676 0.013724 0.0196503 0.116826 0.0138432 0.0360869 0.00616726 0.328759 0.040863 0.316798 
0.0348977 0.000502668 0.0870441 0.0126107 0.0255152 0.00536237 0.0269844 0.00761672 0.0105608 0.141119 0.0401851 0.107297 0.00263691 0.218222 0.0752313 0.204213 
0.0157229 0.000428277 0.0293317 0.0138141 0.0158525 0.00576776 0.185309 0.00477254 0.0158547 0.103202 0.012916 0.0477537 0.012863 0.279779 0.0535753 0.203057 
0.00999679 0.000186859 0.00969501 0.00747374 0.00868056 0.00404086 0.00995595 0.014714 0.020786 0.121407 0.0841846 0.0137604 0.00146668 0.393427 0.0539047 0.246319 
0.0830464 1.56305e-05 0.0644171 0.0145289 0.0795367 0.0137012 0.0105151 0.00241125 0.0500002 0.120823 0.0413223 0.0628686 0.00154895 0.169838 0.131681 0.153746 
0.00211039 0.000351029 0.00704825 0.0125252 0.0238181 0.00132488 0.00347735 0.00188471 0.00708458 0.249785 0.00701107 0.0334129 0.00215247 0.380247 0.0761986 0.191568 
0.0034553 0.000293008 0.0145231 0.0100149 0.0295323 0.0200762 0.00946464 0.00152195 0.0117829 0.169493 0.0111207 0.0502435 0.0042159 0.309273 0.0756954 0.279294 
0.00414913 0.000877083 0.0177366 0.00485233 0.025187 0.0786669 0.0466318 0.00051347 0.0225943 0.0933631 0.0143193 0.19866 0.00096463 0.365528 0.0321972 0.0937587 
0.0383635 0.00100449 0.0232526 0.0203696 0.045132 0.00890049 0.0226513 0.0132212 0.0516018 0.0420142 0.0424708 0.100575 0.00498752 0.394594 0.0517538 0.139108 
0.0483239 0.000106761 0.0340298 0.00485471 0.0735376 0.00458487 0.0136741 0.00215613 0.0480573 0.0197836 0.0465336 0.230697 0.00152704 0.293437 0.0611007 0.117596 
0.00920081 0.000129452 0.0158009 0.0163989 0.137001 0.00456889 0.0284007 0.00118555 0.118267 0.0701423 0.0138583 0.164344 0.00540077 0.18369 0.126114 0.105498 
0.00498243 0.00176082 0.00656003 0.00816992 0.0264899 0.00234163 0.0260118 0.0004073 0.0223162 0.106663 0.0146432 0.171873 0.00124616 0.383924 0.0838487 0.138762 
0.0218459 0.000129217 0.00118632 0.0302782 0.0642617 0.000183307 0.000609829 0.000368167 0.0134098 0.112046 0.00659533 0.0402341 0.0290028 0.559252 0.0626948 0.0579029 
0.0113432 0.000107049 0.0203603 0.00535602 0.00646455 0.00158639 0.0138612 5.45413e-06 0.0121737 0.0535841 0.0038812 0.0554992 7.59809e-05 0.502671 0.0413862 0.271644 
0.0175983 0.0051499 0.0385568 0.0235295 0.0373689 0.00489706 0.0257242 0.00550641 0.0410562 0.109228 0.0370295 0.0713145 0.00736157 0.258655 0.125767 0.191258 
0.0136369 0.0274473 0.0285458 0.00307823 0.0297885 0.00173411 0.129777 0.00199346 0.0338659 0.0806001 0.0476759 0.085971 0.00187421 0.285623 0.0491924 0.179196 
0.00476697 8.69526e-05 0.0395734 0.0621047 0.0272309 0.002653 0.0060406 5.84708e-05 0.0154908 0.201398 0.0217513 0.0434446 0.00591074 0.213214 0.20043 0.155845 
0.0155867 0.031872 0.0140013 0.0173443 0.0213817 0.000319237 0.0188925 0.000159378 0.0376786 0.0427044 0.166314 0.106914 0.00104525 0.343015 0.0955545 0.087217 
0.00474457 0.000336161 0.0203519 0.0135345 0.033486 0.0031455 0.0133531 0.00133749 0.00955386 0.0996024 0.00832176 0.0588457 0.00510607 0.46235 0.0525524 0.213379 
0.0122829 0.000462018 0.0474165 0.0091803 0.0423793 0.00456284 0.114214 0.0064669 0.0203915 0.162626 0.0283597 0.0258094 0.000902016 0.348421 0.0594425 0.117082 
0.0105693 0.000608316 0.0251007 0.0105768 0.0540006 0.0038913 0.0162127 0.00451467 0.0277811 0.119459 0.0195659 0.125801 0.00274351 0.302364 0.14421 0.132601 
0.0124476 0.000312946 0.00237157 0.0240497 0.0349181 0.0150528 0.00346943 0.00018173 0.027209 0.126408 0.0116821 0.0398026 0.00525315 0.514586 0.0749953 0.107261 
0.00166153 0.000167308 0.0194523 0.0116327 0.0209925 0.00737431 0.057166 0.000610297 0.0698587 0.0231694 0.017148 0.133415 9.58079e-05 0.55865 0.0356989 0.0429072 
0.0314754 0.000171832 0.0627993 0.0127081 0.0585864 0.00480591 0.022997 0.00178245 0.0597503 0.0352404 0.0370281 0.242445 0.000934704 0.279329 0.0162173 0.133729 
0.0038006 0.000463007 0.0041662 0.00998765 0.0352195 0.0362602 0.0468192 0.000301926 0.0178797 0.139234 0.0181997 0.076402 0.00773236 0.293344 0.0906823 0.219508 
0.00476281 0.00229683 0.0196336 0.00430743 0.0211716 0.00260497 0.0544422 0.000239079 0.0953132 0.140207 0.0927803 0.0884824 0.00114241 0.307253 0.0897974 0.0755657 
0.00943207 0.000582871 0.0227524 0.0074854 0.0594807 0.00181891 0.00460282 0.000507258 0.142111 0.0595024 0.108466 0.0414335 0.000746904 0.250826 0.10348 0.186773 
0.00551933 0.000727348 0.0160897 0.00870843 0.0224577 0.0049714 0.00686278 0.00561297 0.0266344 0.0496878 0.0915441 0.0102265 0.0165848 0.423767 0.192287 0.118319 
0.024976 0.000129805 0.0192167 0.0215327 0.0197761 0.00719358 0.0186114 0.00351985 0.023815 0.132536 0.0172624 0.0610971 0.00322495 0.353185 0.0660979 0.227825 
0.044901 0.00054122 0.0064738 0.00681265 0.0144671 0.00121601 0.060585 0.000251236 0.0207748 0.0339533 0.0978105 0.0189435 0.000603117 0.572457 0.039284 0.0809259 
0.0102122 0.000465083 0.0270493 0.0602231 0.0452039 0.00700105 0.0217112 0.00443048 0.0471446 0.096419 0.1103 0.0340338 0.00187564 0.298375 0.125652 0.109903 
0.00280201 0.00224663 0.00192671 0.026076 0.00792302 0.000254868 0.00822737 1.08543e-05 0.155861 0.0451894 0.285178 0.0760347 4.80148e-05 0.308216 0.0396134 0.0403925 
0.00156037 2.78693e-05 0.000610087 0.0114402 0.0472356 0.00209383 0.0183107 1.60969e-05 0.00740246 0.0107647 0.00152819 0.0230765 9.46673e-06 0.809204 0.0512561 0.0154637 
0.00705955 6.15098e-05 0.0172993 0.0186926 0.019906 0.00240977 0.00995469 0.000965264 0.0191682 0.14102 0.0160362 0.0792054 0.00128462 0.355787 0.053856 0.257294 
0.0230646 6.29107e-05 0.0586399 0.00773414 0.032213 0.00918275 0.0114475 0.000408765 0.0291481 0.0430516 0.0141783 0.0662505 0.0012527 0.575819 0.0469313 0.0806151 
0.00146916 0.000106486 0.0187357 0.0354294 0.0157694 0.00517449 0.0264612 0.00245687 0.0106276 0.118498 0.0043323 0.046921 0.00342728 0.51723 0.0350212 0.15834 
0.0132019 0.000158245 0.0585644 0.00865371 0.0176903 0.0366149 0.0752141 0.00954632 0.0180244 0.0914065 0.00913738 0.126464 0.00225968 0.257166 0.0393752 0.236523 
0.0106701 0.000698066 0.0720645 0.00601739 0.0324536 0.0126655 0.0515405 0.0074805 0.140492 0.0744805 0.0406621 0.0900094 0.00206272 0.241647 0.0468905 0.170165 
0.00646614 0.000211998 0.0169124 0.0107826 0.0404304 0.00392143 0.00810773 0.000128554 0.0463656 0.0522597 0.0704792 0.0486333 0.00132335 0.45295 0.0948632 0.146164 
0.00187739 0.00024293 0.00406009 0.0085531 0.0118481 0.000584727 0.0236724 1.00584e-05 0.0194378 0.0929318 0.0225446 0.0227744 0.000504971 0.479253 0.0348895 0.276815 
0.00615658 0.000127193 0.0658785 0.00648617 0.0316279 0.0155382 0.0119091 0.000262312 0.0173468 0.0863359 0.0209405 0.155626 0.00104079 0.39624 0.0725732 0.111911 
0.0454742 0.000762035 0.0159912 0.0132841 0.0359025 0.00204475 0.0107796 0.000643644 0.0366253 0.0429623 0.0116181 0.119948 0.00225133 0.446237 0.0712801 0.144195 
0.00422493 0.000362355 0.00803848 0.0112279 0.0802006 0.00737481 0.0666764 0.000316672 0.0250126 0.0183087 0.00715935 0.0865436 0.000754259 0.584587 0.0527459 0.046467 
0.0200745 0.000414873 0.0226057 0.014189 0.0277181 0.00163789 0.0469646 0.00769122 0.0432861 0.0816411 0.0756829 0.0846265 0.00256711 0.290829 0.176001 0.10407 
0.033812 0.000192702 0.0083726 0.0198418 0.0153729 0.00168702 0.00459491 0.000823571 0.0233179 0.108212 0.0103945 0.0255544 0.00249838 0.465791 0.0679644 0.21157 
0.0170626 0.0021747 0.0301138 0.00345328 0.0155059 0.0252398 0.0131123 0.00126536 0.0710568 0.0549338 0.0719405 0.102156 0.00639647 0.305174 0.0468767 0.233538 
0.0453362 0.000380064 0.0105174 0.0107438 0.0180962 0.0057832 0.0322001 0.00338131 0.0565699 0.0526518 0.0319711 0.100255 0.0011894 0.397669 0.0855377 0.147718 
0.0022745 4.50383e-05 0.0101741 0.00235567 0.0123108 0.000990295 0.000943016 0.00234133 0.0312515 0.137104 0.0210971 0.0297953 0.00254301 0.496245 0.126577 0.123953 
0.0137018 0.000291147 0.0380574 0.00846462 0.0518259 0.00697108 0.0142073 0.00338341 0.0330812 0.148089 0.0394683 0.107689 0.00564484 0.259601 0.0593735 0.21015 
0.00931772 0.000195457 0.0152243 0.0410247 0.0257265 0.00183361 0.0460981 0.00755323 0.0114876 0.0773428 0.00800032 0.0803108 0.0202466 0.461811 0.0421088 0.151719 
0.00881379 0.000197399 0.0322556 0.0145152 0.0481595 0.00305638 0.0141426 0.00275537 0.044557 0.0641825 0.0458227 0.0470633 0.00172369 0.373213 0.111751 0.18779 
0.00389416 0.000607374 0.00906138 0.0232322 0.0576811 0.000991931 0.0337809 0.00681156 0.0388117 0.175874 0.0888778 0.120741 0.00550656 0.240737 0.104674 0.0887172 
0.00121094 0.000586634 0.0194218 0.00338417 0.0262274 0.00841389 0.122113 0.000334484 0.0178514 0.0265388 0.0144017 0.222197 0.000207728 0.444874 0.0394659 0.0527715 
0.00282592 0.0025266 0.00541503 0.00563259 0.0250999 0.00106437 0.00322696 0.00208552 0.00967473 0.0705863 0.0111872 0.019273 0.00170761 0.506872 0.0641508 0.268672 
0.0832112 9.89461e-05 0.0184688 0.0257666 0.0257196 0.00226976 0.0495769 0.00423196 0.0314286 0.0320384 0.00816056 0.182951 0.000680321 0.377422 0.0633506 0.0946245 
0.0796727 0.00016694 0.00856989 0.0122507 0.0198286 0.00170613 0.0167012 1.77242e-05 0.020769 0.0577692 0.00957153 0.202653 0.00303756 0.318318 0.0822072 0.166761 
0.0042607 0.000753731 0.0162728 0.00934273 0.0536773 0.00684732 0.00471237 0.000644191 0.00891699 0.0749243 0.0135593 0.0227409 0.00109575 0.510769 0.0791408 0.192342 
0.0105402 0.00044277 0.228667 0.00993211 0.036869 0.0390249 0.0758323 0.00644909 0.0241263 0.160465 0.00488995 0.0409914 0.00637652 0.256263 0.0346235 0.064507 
0.019537 0.000347806 0.0336523 0.01737 0.021414 0.00447334 0.0403728 0.0075897 0.0794896 0.0889879 0.0556673 0.102593 0.00446092 0.234129 0.0578892 0.232026 
0.00165052 0.00011524 0.00467747 0.142804 0.0410758 0.00569004 0.0066301 0.00102263 0.0212419 0.181686 0.0271264 0.023714 0.00931043 0.332644 0.133024 0.0675868 
0.00225957 3.95043e-05 0.00635921 0.00815163 0.0265905 0.0169474 0.00739499 4.44093e-06 0.0448365 0.0810992 0.0099866 0.0637849 0.000144124 0.593195 0.0511723 0.0880342 
0.00454667 0.00023855 0.00352472 0.0353776 0.00675729 0.00883289 0.0267382 0.00593015 0.0248214 0.159665 0.0083279 0.0215091 0.00517447 0.400617 0.0708118 0.217127 
0.00457747 0.0003689 0.0044897 0.0189381 0.0615998 0.00424494 0.0288663 0.000463546 0.00962548 0.0289209 0.00347727 0.0552387 0.00019582 0.70512 0.0489954 0.0248773 
0.0158138 0.000813785 0.0476782 0.0179499 0.0458076 0.00468605 0.0222687 0.00680154 0.0400242 0.102122 0.029914 0.0813968 0.00733867 0.292174 0.110949 0.174261 
0.00161338 6.565e-05 0.0230461 0.00337746 0.0177422 0.00986389 0.177768 0.00258145 0.0270275 0.0411337 0.0213711 0.195378 0.000620547 0.360215 0.0496177 0.0685787 
0.00155159 3.53723e-05 0.0349434 0.00714633 0.0746394 0.00521929 0.0243671 0.000140892 0.0169775 0.0574829 0.00835607 0.0412102 0.00183343 0.391457 0.0695997 0.26504 
0.00986522 9.28338e-05 0.00233945 0.0172787 0.0305952 0.000263719 0.00211514 0.00021353 0.00722676 0.0981724 0.00216927 0.0589114 0.00827566 0.602538 0.0465946 0.113348 
0.0175101 0.000100846 0.0196711 0.0158497 0.0464842 0.00499438 0.0375302 0.00240148 0.049318 0.0983009 0.0422413 0.0425805 0.0105827 0.32189 0.101698 0.188846 
0.00589643 0.000120181 0.0031058 0.0175196 0.0239443 0.000331896 0.00141748 5.52307e-06 0.017772 0.0800058 0.0370637 0.0102094 4.35691e-05 0.560873 0.143016 0.0986762 
0.00333342 0.000245967 0.030399 0.00622376 0.0211201 0.000372691 0.00212565 0.00204085 0.112622 0.0649763 0.0275264 0.0505866 0.000913436 0.618881 0.0274124 0.0312204 
0.0412227 0.000291944 0.0106602 0.0107396 0.0407139 0.00557121 0.0163461 0.00177504 0.0148168 0.0548482 0.00661989 0.0640677 0.00062455 0.37101 0.0549251 0.305767 
0.00710853 0.000327709 0.0495108 0.00897123 0.01729 0.0061676 0.00882927 0.000230402 0.0406604 0.0362894 0.0117087 0.0670124 0.000754406 0.65356 0.0348344 0.0567444 
0.00924878 0.000397532 0.0169456 0.0206973 0.0340477 0.00327135 0.0244255 0.00131239 0.0289711 0.0860921 0.0189857 0.125836 0.00190375 0.385044 0.0651081 0.177713 
0.0238956 0.000196412 0.0299745 0.00684734 0.106386 0.00260357 0.041572 0.0246196 0.0191971 0.0582524 0.0108743 0.0645502 0.00197528 0.333645 0.101212 0.174199 
0.00772076 0.000222098 0.0489923 0.0177815 0.0114291 0.00390038 0.0193268 0.00364815 0.039448 0.252899 0.0650054 0.0303967 0.00507767 0.257371 0.0912676 0.145513 
0.0309224 0.00043748 0.0343935 0.00679338 0.055979 0.00170016 0.0735771 0.00232035 0.0467788 0.0308088 0.0257986 0.112979 0.00206694 0.259176 0.139842 0.176427 
0.043001 2.08202e-05 0.0574596 0.00578728 0.0179473 0.00797069 0.0699193 0.017905 0.086231 0.0442564 0.0123154 0.110537 0.00261279 0.395381 0.0454819 0.0831734 
0.00117068 0.000199615 0.00646328 0.00527605 0.0134718 0.00156752 0.00906282 0.000293769 0.0241263 0.0219737 0.0164521 0.025442 0.000576282 0.808752 0.0262168 0.0389554 
0.0388454 4.29821e-05 0.0299075 0.125539 0.0270897 0.011797 0.146453 0.0372278 0.0198436 0.0489391 0.0240622 0.0726801 0.0137143 0.27849 0.0473475 0.0780205 
0.0107253 8.76549e-05 0.00968903 0.0626184 0.0609528 0.00261326 0.0186646 0.000331714 0.0271158 0.101067 0.0142026 0.043234 0.00677883 0.379788 0.154728 0.107403 
0.00982557 0.000792456 0.035967 0.0061654 0.0216822 0.0123161 0.0158069 0.00331201 0.0560399 0.116022 0.0221491 0.175191 0.00108643 0.332562 0.0427705 0.148312 
0.00241559 2.40704e-05 0.0276784 0.00420042 0.0524347 0.000472859 0.00287538 0.00019942 0.0216804 0.0929569 0.0247776 0.0676949 0.000294243 0.352408 0.252875 0.0970117 
0.0103924 0.00193598 0.00655802 0.0206355 0.0126719 0.00258615 0.0117559 0.000264872 0.0294176 0.0616536 0.0193807 0.0816838 0.000349934 0.448162 0.0631064 0.229446 
0.00724273 0.000481638 0.102185 0.00998165 0.0198 0.0210596 0.0205188 0.00475845 0.0559549 0.0733125 0.0409812 0.0784448 0.00303618 0.301518 0.0451507 0.215574 
0.020287 0.00103684 0.0483182 0.0104351 0.0337925 0.0107421 0.0497516 0.00850787 0.0674449 0.0726908 0.0564306 0.106098 0.00569494 0.239753 0.0553418 0.213674 
0.0112577 0.000343165 0.0275387 0.00911462 0.0225031 0.00544265 0.0247615 0.00432755 0.0186034 0.129279 0.0175361 0.0115058 0.0269758 0.351041 0.038807 0.300963 
0.0224466 0.000573764 0.00443113 0.0168955 0.0125944 0.0329944 0.0291987 0.000962695 0.0230062 0.137719 0.0335787 0.053615 0.00574472 0.26973 0.137393 0.219116 
0.0220518 0.000175954 0.0145786 0.0684497 0.0451782 0.00164845 0.0569646 0.000956448 0.0186709 0.089004 0.0108072 0.0798398 0.00532529 0.244191 0.116687 0.225471 
0.0210879 0.000928344 0.0491644 0.0121819 0.0878786 0.0203043 0.0107313 0.000799159 0.0198082 0.0961181 0.0300585 0.152003 0.00102895 0.315384 0.0575692 0.124954 
0.0207002 0.000341805 0.0220463 0.016149 0.0441643 0.00270136 0.0149525 0.00394728 0.0111611 0.177096 0.0223774 0.0794278 0.00167722 0.313325 0.158068 0.111864 
0.0209943 0.000866409 0.0258323 0.0185382 0.0222723 0.00239972 0.0196411 0.00137781 0.0890992 0.0639108 0.0604646 0.0837313 0.00351436 0.37092 0.0531261 0.163311 
0.0038527 8.36483e-06 0.0157096 0.00572997 0.0113351 0.00242857 0.0755747 0.000528424 0.0322999 0.0297254 0.0391241 0.0193291 0.000183915 0.544913 0.0856938 0.133564 
0.0167494 5.01789e-05 0.0209893 0.0304085 0.00960795 0.00589613 0.221484 0.00143717 0.0417856 0.0158839 0.0358001 0.120187 0.001163 0.282386 0.148915 0.0472568 
0.195133 0.000300937 0.0126853 0.0144905 0.0320928 0.00558565 0.0336945 0.00014983 0.0492912 0.0666947 0.0546367 0.037817 0.00193845 0.227429 0.114071 0.153989 
0.0280557 0.00129278 0.0280983 0.00760808 0.0259385 0.00542969 0.00802516 0.00145778 0.0199385 0.138927 0.0153294 0.136234 0.0053503 0.287965 0.0591684 0.231182 
0.0182013 0.000400556 0.0133536 0.0077754 0.0245918 0.00508451 0.0167141 0.00159427 0.0134604 0.223885 0.0174939 0.0596469 0.00132231 0.264152 0.0888866 0.243437 
0.00243314 0.000347638 0.0582028 0.00959097 0.0642996 0.00744824 0.0181066 0.000188421 0.0191132 0.041094 0.0117675 0.165262 0.000190414 0.517838 0.0383347 0.0457828 
0.0207577 4.83011e-05 0.0607183 0.00767499 0.0231807 0.00949316 0.0402062 0.00821926 0.0239266 0.110337 0.009438 0.0995722 0.000289454 0.273899 0.0610226 0.251216 
0.0462604 0.000168736 0.00298607 0.0241803 0.0295604 0.00198455 0.0100715 0.000271119 0.0557358 0.0452609 0.0840459 0.0442145 0.00179302 0.458843 0.0773596 0.117264 
0.0677341 0.000134607 0.000899438 0.0243356 0.0250114 0.00100997 0.00133119 1.32712e-05 0.0257729 0.0300377 0.0162518 0.0426952 0.000229059 0.466566 0.124738 0.173239 
0.00474457 0.000336161 0.0203519 0.0135345 0.033486 0.0031455 0.0133531 0.00133749 0.00955386 0.0996024 0.00832176 0.0588457 0.00510607 0.46235 0.0525524 0.213379 
0.00217961 0.00051145 0.00583709 0.0115142 0.0239799 0.00231943 0.00421132 0.00141864 0.0102529 0.174793 0.00676192 0.0374429 0.0014389 0.507676 0.0617118 0.147952 
0.0409441 0.000180946 0.0456319 0.00429716 0.0438447 0.0195354 0.0179874 0.00369542 0.0464827 0.103968 0.0163159 0.164689 0.00244084 0.277196 0.0443663 0.168424 
0.00611451 0.000392105 0.211529 0.0204662 0.0384779 0.00643784 0.0346877 0.00859914 0.0263666 0.119631 0.0149142 0.0611002 0.00707553 0.224101 0.0467601 0.173347 
0.000953431 8.29528e-05 0.00189104 0.0119957 0.0222971 0.00575434 0.0146115 0.000462709 0.00945365 0.0566586 0.0101286 0.0864312 7.58662e-05 0.53273 0.0684332 0.17804 
0.0126007 0.000363621 0.0573743 0.0132925 0.0773048 0.00505267 0.00619518 0.00127777 0.0261089 0.115091 0.0140961 0.131951 0.00146547 0.290054 0.0453037 0.202469 
0.049918 0.000208772 0.0547061 0.0146542 0.0444238 0.0105734 0.0269201 0.0114768 0.0156594 0.0775643 0.00697461 0.0414819 0.00817476 0.371831 0.0615502 0.203883 
0.00788775 0.000359015 0.0518712 0.00264106 0.0187333 0.0147689 0.192127 0.00585868 0.0208944 0.0238411 0.0335558 0.150404 0.00397596 0.227265 0.0305456 0.215271 
0.00217467 8.91261e-05 0.0487423 0.0148877 0.0220317 0.0460459 0.0208199 0.00930729 0.116467 0.142073 0.0180771 0.0469823 0.000142874 0.250512 0.101375 0.160273 
0.00247193 2.4763e-05 0.0142962 0.00994625 0.0202668 0.00264622 0.0185191 0.000228539 0.0129449 0.0505914 0.00316497 0.0589678 6.42128e-05 0.662934 0.0319109 0.111021 
0.0256181 0.000396565 0.0259541 0.013603 0.0427939 0.0135357 0.0123725 0.00174557 0.0179769 0.0867271 0.0430669 0.0926519 0.000889674 0.319462 0.0540418 0.249164 
0.0183115 0.000171753 0.0225683 0.0101006 0.0127359 0.00223563 0.02131 0.00822584 0.240407 0.0270558 0.00924419 0.139568 3.52186e-05 0.334445 0.0249162 0.12867 
0.0143365 0.000316472 0.0352601 0.0185134 0.0231802 0.00788753 0.0669038 0.00531386 0.0400796 0.0973604 0.0265598 0.0881499 0.00328628 0.279215 0.0767044 0.216933 
0.0382989 0.000110148 0.0217832 0.011131 0.0653062 0.00473301 0.021412 0.00229081 0.0277363 0.022217 0.0229605 0.0794271 0.000372428 0.496451 0.0901361 0.0956347 
0.110576 2.92572e-05 0.0132471 0.00735095 0.0611383 0.00261265 0.109054 0.00645474 0.0455995 0.016305 0.0282201 0.0694566 0.000878923 0.348177 0.0424945 0.138406 
0.0257846 0.13972 0.00979192 0.00440943 0.146403 0.00164567 0.0116125 0.00178669 0.0571322 0.0941176 0.0276544 0.0233111 0.00115613 0.287151 0.0864746 0.0818489 
0.0788827 4.73966e-05 0.00809699 0.0124731 0.0148017 0.00242036 0.00612258 0.00524278 0.0230408 0.0278198 0.0600555 0.065134 0.00320406 0.410426 0.0945881 0.187644 
0.025458 0.00489122 0.0210309 0.00862953 0.0302137 0.00316724 0.0196079 0.0141204 0.0395715 0.168772 0.122989 0.0667383 0.00676134 0.206369 0.124725 0.136956 
0.00776859 0.00012309 0.0119559 0.0923811 0.015603 0.0021764 0.0558076 0.0114811 0.0219276 0.189509 0.0119209 0.0441453 0.0343239 0.37958 0.0338575 0.087439 
0.00185517 0.000385415 0.0333977 0.00762683 0.0392333 0.00357357 0.0126447 0.000198242 0.0101275 0.0149154 0.00562054 0.0906697 0.000123019 0.691247 0.0409561 0.0474259 
0.0689621 0.000361447 0.0212719 0.0220319 0.0521958 0.0317028 0.123167 0.00724409 0.0392385 0.0576388 0.0195669 0.0964252 0.00215235 0.252296 0.0599768 0.145769 
0.0143836 0.000704293 0.0018508 0.0194797 0.038343 0.00200885 0.0162624 0.000900491 0.172428 0.0464502 0.0379195 0.044229 0.00920156 0.374667 0.0967256 0.124446 
0.0111903 0.000646929 0.0171237 0.0118972 0.0386069 0.0115192 0.0415302 0.00389243 0.0638321 0.0890658 0.0220615 0.187157 0.00156062 0.292616 0.0636978 0.143603 
0.00709999 0.000715918 0.00585328 0.011438 0.0209634 0.00198144 0.0670739 0.000573347 0.0184411 0.0475387 0.0101873 0.124064 0.00693144 0.453602 0.0567422 0.166793 
0.00808387 0.000186061 0.0222973 0.0039397 0.0355467 0.0132147 0.150409 0.0149656 0.0337908 0.030337 0.055719 0.0531444 0.00204918 0.452829 0.055553 0.0679339 
0.000242486 0.000218671 0.013523 0.00188863 0.0130752 0.00964994 0.169281 1.8299e-05 0.0190475 0.0207269 0.0122699 0.27296 1.15199e-05 0.389619 0.0282651 0.049203 
0.00100055 0.000171783 0.0107991 0.0174089 0.0169593 0.00580013 0.0392686 0.00117012 0.0106385 0.0146421 0.00450474 0.390596 0.000439676 0.422691 0.0219198 0.0419891 
0.0088104 0.000250107 0.00964411 0.0119708 0.0247897 0.00203006 0.0185397 0.000526266 0.0212709 0.10106 0.015332 0.0828747 0.00139326 0.450372 0.0646908 0.186444 
0.0200509 1.026e-06 0.000133277 0.0117113 0.0196412 0.000956426 0.00176785 1.00949e-05 0.00914667 0.103511 0.0323434 0.00645784 0.00440074 0.477382 0.0421109 0.270375 
0.0073887 0.000290976 0.0236121 0.015494 0.0200685 0.00116824 0.0097412 0.000187353 0.0295589 0.132284 0.0948537 0.0516133 0.0108822 0.338711 0.0437655 0.22038 
0.00205227 3.82343e-05 0.0155224 0.00326652 0.013005 0.00573384 0.00208794 2.2255e-06 0.0102411 0.0845821 0.00717172 0.00740524 2.76378e-05 0.654027 0.0530464 0.14179 
