0.00622841 3.14308e-05 0.0258604 0.115541 0.0515429 0.00372912 0.00847682 0.00206842 0.00537967 0.233825 0.00539671 0.0595999 0.000864292 0.101574 0.251597 0.128285 
0.00562658 6.96146e-05 0.0121527 0.0272271 0.0535554 0.00838693 0.0306688 1.07277e-05 0.0324695 0.0774705 0.0153243 0.080034 0.00410482 0.204604 0.299813 0.148481 
0.005897 0.000210104 0.0242427 0.0385534 0.073626 0.0197995 0.00257681 0.000231715 0.0520984 0.0888654 0.0851772 0.0294548 0.00435514 0.0798252 0.451914 0.043173 
0.00435682 0.000167842 0.0245789 0.0568694 0.0202366 0.00429392 0.0257392 0.000758461 0.0792167 0.0661288 0.0465814 0.0150061 0.00344846 0.123665 0.474216 0.0547369 
0.00163142 0.000338084 0.0198908 0.0818388 0.0352721 0.00889858 0.00501715 0.000310025 0.00890749 0.16919 0.00947627 0.0286803 0.00111861 0.160854 0.375044 0.0935324 
0.0108873 6.1495e-05 0.113733 0.0108833 0.0231805 0.0205656 0.0456362 0.0191918 0.0191472 0.123964 0.0461947 0.0472013 0.00306516 0.11218 0.232673 0.171435 
0.0292689 3.85306e-06 0.00415285 0.00865481 0.022138 0.000530622 0.00109801 0.000104149 0.00587109 0.00872296 0.0357125 0.0285182 0.000569834 0.0365535 0.768702 0.0493988 
0.0103529 0.000350467 0.0304022 0.0248348 0.0607091 0.00393657 0.0106701 0.00280327 0.0152931 0.200622 0.0268157 0.0281517 0.00488572 0.13685 0.323 0.120322 
0.0808381 0.000290633 0.0670005 0.00978586 0.0948461 0.00928776 0.0553028 0.00747174 0.0766248 0.124555 0.0352313 0.0482241 0.00470684 0.0954015 0.149802 0.140631 
0.0509296 1.23689e-05 0.00421245 0.00278354 0.0141223 0.00659164 0.060406 0.000385267 0.00374678 0.311092 0.043143 0.00412848 0.00205859 0.0584342 0.35354 0.0844133 
0.0077285 4.53065e-06 0.00792148 0.00583927 0.125112 0.00553394 0.000623798 2.10276e-06 0.058571 0.0498429 0.0360606 0.00547796 0.00012718 0.0393352 0.635797 0.0220226 
0.00423638 0.000146512 0.0144086 0.0739809 0.100638 0.00206758 0.0252029 0.00138759 0.0311583 0.108609 0.0121529 0.0457138 0.00243661 0.12609 0.308619 0.143152 
0.00204056 0.000242475 0.00421403 0.00176217 0.013137 0.000270016 0.011928 0.000362431 0.0078287 0.00848897 0.00868708 0.00269411 0.00119163 0.00642636 0.919052 0.0116744 
0.000817699 0.00198319 0.0178117 0.0283018 0.0205046 0.00438377 0.00231747 0.000368725 0.00373649 0.0250908 0.00540484 0.032309 0.000306354 0.0213818 0.786334 0.048948 
0.00140967 5.46528e-06 0.0867749 0.0178789 0.0241274 0.00027532 0.00517965 2.47325e-06 0.00168895 0.119227 0.00888006 0.00674101 0.000217812 0.00957198 0.628833 0.0891858 
0.00186194 1.18165e-05 0.00763958 0.0361995 0.0208598 0.00138973 0.00533767 0.000351811 0.0039319 0.0405619 0.00600113 0.0142792 0.0011597 0.0289604 0.767793 0.0636607 
0.00278631 5.50525e-06 0.00656907 0.0321972 0.00942082 0.00217897 0.00527317 0.00513615 0.0169003 0.179229 0.0748513 0.0250718 0.00625774 0.0817486 0.423757 0.128618 
0.00274886 6.14691e-05 0.0419886 0.0199594 0.00969795 0.000886265 0.00207874 0.000208034 0.0208929 0.134992 0.00826926 0.0422776 0.000937459 0.180084 0.407748 0.12717 
0.00134121 6.76015e-05 0.00638156 0.0131629 0.0564095 0.000426945 0.0277865 0.000111455 0.0202824 0.0398332 0.00696681 0.0864883 7.42483e-05 0.228612 0.449331 0.0627247 
0.00547778 2.82856e-05 0.00911594 0.0186785 0.205793 0.00203088 0.00499144 0.000162098 0.0152811 0.172253 0.0199407 0.023118 0.00197927 0.114425 0.210168 0.196557 
0.00414826 0.00039786 0.0109275 0.251549 0.0337627 0.0150972 0.00514802 0.000296241 0.0178757 0.16502 0.0452264 0.0338756 0.0015989 0.0699469 0.26935 0.0757793 
0.012556 0.000247735 0.00137881 0.0252651 0.117642 0.000283088 0.00184687 2.57909e-05 0.00288036 0.00541175 0.00973794 0.116441 8.86899e-07 0.070478 0.598202 0.0376022 
0.00170596 0.000186055 0.00428433 0.0112465 0.0582911 0.000661761 0.0112558 0.000262289 0.00766097 0.0202157 0.0130607 0.00378001 0.00465728 0.0207904 0.828307 0.0136339 
0.015539 0.000507399 0.00607591 0.00486634 0.00904405 0.00326856 0.0136333 0.00131947 0.00744143 0.0813359 0.0271868 0.0389382 0.00409987 0.0865615 0.513877 0.186306 
0.0052115 5.48269e-06 0.0208695 0.088068 0.0132656 0.000440368 0.00311269 0.0017215 0.0211056 0.232686 0.0200882 0.0200166 0.0246441 0.0864412 0.31479 0.147534 
0.00275481 0.000242386 0.0276757 0.022273 0.00562463 0.00336324 0.000818445 0.000825595 0.00859466 0.045891 0.0501648 0.00670543 0.00288561 0.0991306 0.660143 0.0629073 
0.0120331 4.78439e-05 0.0135059 0.19403 0.0761571 0.006438 0.00572164 0.00113086 0.0116377 0.0778761 0.0177962 0.0199614 0.00252525 0.0783708 0.419743 0.0630244 
0.00201621 8.41489e-05 0.108585 0.139577 0.0692062 0.00177168 0.00771648 0.000105749 0.0342463 0.0413947 0.00338327 0.0348137 0.00354089 0.105378 0.389525 0.058654 
0.00157952 8.20465e-06 0.0266618 0.00941475 0.0202853 0.00214235 0.0406383 0.000152077 0.0198243 0.068415 0.0170098 0.0120658 0.000421467 0.178408 0.544791 0.0581826 
0.00632202 0.000238281 0.000572301 0.0089859 0.118742 0.000769157 0.00315131 0.000108617 0.00542072 0.00532725 0.0254011 0.018629 7.04375e-05 0.116373 0.671739 0.0181493 
0.0105259 0.000161708 0.0583313 0.0141633 0.0117912 0.00398339 0.0128423 0.0124232 0.013089 0.241209 0.0983539 0.0313492 0.0038385 0.110635 0.24937 0.127933 
0.00836672 0.000107389 0.0481632 0.0699951 0.0731068 0.00809065 0.01841 0.0303254 0.0222223 0.0976568 0.00841569 0.133169 0.00025239 0.101617 0.305225 0.0748769 
0.00325291 5.56055e-05 0.00258782 0.00810753 0.0408414 0.00129044 0.00208176 0.000260223 0.0517633 0.0499764 0.00643952 0.0990242 0.00063757 0.158817 0.506499 0.0683658 
0.00304536 0.000250447 0.0319619 0.0275692 0.141163 0.00357742 0.0110109 0.00359896 0.0357692 0.169958 0.0155904 0.0165187 0.00802947 0.119743 0.309203 0.103009 
0.0193533 0.000144673 0.0307141 0.0200687 0.157308 0.0169448 0.0327653 0.0020272 0.0247049 0.182071 0.017378 0.037643 0.00771458 0.133214 0.22161 0.0963383 
0.00171928 1.97942e-05 0.0261356 0.0601176 0.0645617 0.00173336 0.0134649 3.97762e-05 0.016425 0.130023 0.00927234 0.0631483 0.000566518 0.0671665 0.451609 0.0939974 
0.00131701 2.53086e-07 0.00852223 0.0426024 0.195562 0.0186706 0.00423433 8.04448e-07 0.00156728 0.0786738 0.000711252 0.0360555 9.94977e-05 0.137056 0.382409 0.0925184 
0.00633335 0.000305628 0.00488718 0.035071 0.0581833 0.0030166 0.0278415 0.00020371 0.0162351 0.129899 0.00479437 0.0175883 0.00509256 0.300492 0.313961 0.0760952 
0.00904114 0.00034215 0.0356457 0.0503211 0.0863759 0.00343566 0.0187876 0.0170568 0.0199381 0.0716802 0.0118806 0.0321652 0.00320339 0.0859577 0.472125 0.0820437 
0.00483569 0.000554545 0.0336748 0.141455 0.0800639 0.000780476 0.013372 0.00725135 0.0161773 0.0912874 0.0126202 0.0338039 0.0201045 0.0729989 0.336674 0.134346 
3.96748e-05 6.32592e-07 0.0205969 0.0422626 0.116078 0.0458407 0.00474841 1.04413e-07 0.00203792 0.106757 0.000500312 0.0560139 0.00015823 0.148776 0.343071 0.113118 
0.0112529 0.000235468 0.0247342 0.0261747 0.157097 0.00611821 0.010951 0.000362248 0.0123976 0.189857 0.0171721 0.0401321 0.00407431 0.0801263 0.286181 0.133134 
0.0974398 0.000772142 0.0218275 0.0483122 0.120991 0.022269 0.00717649 0.0111639 0.0212843 0.160099 0.0212578 0.0248537 0.0101594 0.0795884 0.255764 0.0970411 
0.00657746 0.00120851 0.0758381 0.0319182 0.0305658 0.0149465 0.0101338 0.00224359 0.0213149 0.0819459 0.0425236 0.0654954 0.00268295 0.0248151 0.4135 0.174291 
0.0211639 0.000215968 0.0250095 0.0141137 0.0461382 0.000918816 0.00191838 0.00202508 0.00890211 0.0550496 0.0413259 0.0282991 0.00111343 0.0479923 0.626668 0.0791455 
0.00770522 0.000396986 0.00170004 0.0470682 0.127472 0.000562119 0.0010204 0.002784 0.0283375 0.0222578 0.0139806 0.0220138 0.000838293 0.0890607 0.604862 0.0299402 
0.00140967 5.46528e-06 0.0867749 0.0178789 0.0241274 0.00027532 0.00517965 2.47325e-06 0.00168895 0.119227 0.00888006 0.00674101 0.000217812 0.00957198 0.628833 0.0891858 
0.000693387 3.86428e-06 0.000321168 0.000634998 0.00161818 0.00016368 0.000305684 2.53436e-05 0.104725 0.12098 0.0224714 0.000755563 1.47059e-06 0.0297413 0.70387 0.013689 
0.00386211 4.11453e-05 0.00997236 0.066643 0.105247 0.000832074 0.0191863 0.000129894 0.00228964 0.05734 0.00376908 0.0374523 9.58105e-05 0.241803 0.251734 0.199602 
0.00907648 0.000117958 0.0279707 0.0169493 0.109159 0.00627964 0.0197371 0.000872704 0.0175395 0.196962 0.058907 0.0223496 0.0212787 0.0709406 0.303133 0.118727 
0.00740272 0.00135905 0.00554853 0.0193163 0.0375656 0.00327061 0.00717724 9.93459e-05 0.143901 0.185221 0.0606905 0.0455836 0.0105501 0.160224 0.19991 0.112182 
0.00170382 0.000725967 0.00531086 0.0382979 0.0521472 0.00507201 0.00302547 9.38228e-05 0.0255704 0.023514 0.00548608 0.14812 5.59367e-05 0.0937658 0.491611 0.1055 
0.00424654 5.37865e-05 0.00132394 0.0604864 0.283794 0.00102773 0.000449551 8.76091e-05 0.0836768 0.01976 0.0096445 0.0119481 7.61445e-05 0.0747516 0.425519 0.0231547 
0.00094678 0.000786347 0.0102962 0.0355394 0.177646 0.00621279 0.00188379 6.7573e-06 0.00502939 0.0787059 0.00363995 0.0214409 0.00178075 0.240212 0.31421 0.101663 
0.0113162 0.000268753 0.0218106 0.0113591 0.0902085 0.00598494 0.0401233 0.00536442 0.0303483 0.0962733 0.0186799 0.0269349 0.00261482 0.11043 0.446075 0.0822079 
0.000116862 0.0196686 0.000309321 0.0003371 5.59163e-05 0.000322169 0.00229973 0.000123449 0.000103852 0.1665 0.000324344 0.00171323 0.000432163 0.0017464 0.80197 0.00397738 
0.00268774 0.000152477 0.0170074 0.0274897 0.0372572 0.00188446 0.0111891 0.000570518 0.0116463 0.171124 0.0131928 0.0749641 0.000611309 0.140259 0.335004 0.154961 
0.00127296 6.93324e-05 0.0326669 0.0742991 0.160513 0.000796511 0.0515265 0.00278089 0.0170484 0.0314048 0.0181026 0.0363677 0.00250757 0.112053 0.409519 0.0490721 
0.0249907 0.000115677 0.0516312 0.011007 0.0490428 0.0164744 0.0125794 0.000340332 0.0294036 0.101791 0.0327681 0.0563831 0.00233339 0.10864 0.392569 0.109931 
0.0129413 0.000173444 0.0235666 0.0334995 0.0620338 0.0058618 0.0127792 0.00202158 0.0292909 0.166887 0.0386387 0.0493325 0.00278661 0.114595 0.33483 0.110762 
0.00793139 5.03187e-05 0.0111045 0.00837151 0.0257304 0.0028433 0.0151496 0.000314384 0.0296913 0.102243 0.148974 0.0298397 0.00578325 0.0430063 0.512205 0.0567619 
0.00461418 0.000569662 0.0746414 0.0166997 0.116236 0.0053039 0.0592067 0.0082857 0.119601 0.0981452 0.0455111 0.0717959 0.00189607 0.101155 0.158141 0.118198 
0.0164783 2.49214e-05 0.00231273 0.114579 0.0440232 0.00257507 0.0671188 0.000210998 0.0181561 0.0244923 0.0125366 0.0160441 0.000297727 0.274655 0.298504 0.107991 
0.00222988 0.000661167 0.0146521 0.0274125 0.0400817 0.00205661 0.00575078 0.00439693 0.0398751 0.0747162 0.037263 0.0379353 0.00118987 0.208567 0.438904 0.0643085 
0.0159678 0.0275858 0.026273 0.0238338 0.0121933 0.00632652 0.0402809 0.000727358 0.0108231 0.0781157 0.0141729 0.0123353 0.000189179 0.138204 0.489625 0.103346 
0.00498645 8.15388e-05 0.0157584 0.092873 0.0693942 0.0039562 0.0227122 8.57425e-05 0.0191259 0.0640106 0.0365543 0.0524508 0.0032926 0.069405 0.379774 0.165539 
0.00210862 0.000240842 0.0155668 0.0026317 0.00472834 0.0344934 0.0166428 0.000313318 0.0231375 0.0702483 0.0514024 0.013626 0.00413983 0.0666108 0.627348 0.0667617 
0.0038934 6.88268e-05 0.0347033 0.0386932 0.178234 0.018123 0.0111215 0.000739263 0.0140068 0.0891747 0.0149176 0.0219353 0.00272097 0.114983 0.374555 0.0821306 
0.00922724 5.91581e-05 0.0192912 0.0918172 0.109051 0.0114234 0.0100746 0.00177635 0.0139698 0.131667 0.0136649 0.0348818 0.00130781 0.0860345 0.394876 0.0708782 
0.0305395 0.000263589 0.051115 0.0266313 0.0311404 0.00421032 0.0426672 0.00648732 0.0167474 0.102645 0.00604042 0.152977 0.0015309 0.130318 0.255657 0.141029 
0.00145096 0.000214348 0.00567297 0.0487742 0.116017 0.00183711 0.00554131 0.00776664 0.0133909 0.0675723 0.0106712 0.0215343 0.00202154 0.0819318 0.492461 0.123142 
0.0081206 0.000126692 0.00939522 0.0114293 0.0464235 0.00568749 0.0169628 0.0189935 0.120931 0.0316796 0.00567706 0.0292546 0.000387715 0.0374885 0.635001 0.0224413 
0.0265499 2.0685e-05 0.000329064 0.0502555 0.0905604 0.000124843 0.0010262 0.000119202 0.0440344 0.131106 0.118972 0.0198617 0.000758798 0.110249 0.208887 0.197145 
0.0105259 0.000161708 0.0583313 0.0141633 0.0117912 0.00398339 0.0128423 0.0124232 0.013089 0.241209 0.0983539 0.0313492 0.0038385 0.110635 0.24937 0.127933 
0.0120654 6.46696e-05 0.0227122 0.217677 0.0976334 0.00347781 0.00929741 1.38076e-05 0.0144537 0.0240703 0.0120567 0.0378931 0.00235858 0.244396 0.246788 0.0550422 
0.000416136 6.63531e-06 0.0116765 0.0293047 0.0127835 0.000571232 0.00273282 1.34737e-05 0.00225102 0.0226801 0.00223056 0.0195321 2.98209e-05 0.0258201 0.835939 0.0340128 
0.00188704 1.96683e-06 0.0133711 0.102622 0.0859641 0.000747697 0.0156629 1.61661e-05 0.0012516 0.161821 0.00912802 0.00945543 0.000706814 0.0758188 0.425211 0.0963344 
0.00497677 0.0002801 0.0145697 0.0372325 0.0962949 0.00181865 0.00709576 0.00976323 0.012315 0.139973 0.0184306 0.0128204 0.0177035 0.081336 0.479657 0.0657328 
0.0180187 0.000323139 0.0704944 0.129644 0.184231 0.00470497 0.031216 0.00531983 0.0223291 0.0804035 0.00956597 0.0444145 0.00291293 0.119376 0.221935 0.0551106 
0.0100573 0.000719062 0.0100074 0.20089 0.0525642 0.00147568 0.00444523 0.00168777 0.0218191 0.0736201 0.0135303 0.0216283 0.0226401 0.145444 0.303478 0.115994 
1.87954e-05 0.000874234 0.0030941 0.0141592 0.00655548 0.0010791 0.00160933 2.06137e-06 0.00210415 0.155073 0.00362434 0.00273497 4.92127e-05 0.0166957 0.758258 0.0340676 
0.000685956 1.95858e-05 0.00388752 0.00925514 0.077195 0.00331013 0.000858951 3.50457e-06 0.0224415 0.0154204 0.00338708 0.00632289 2.68257e-05 0.00988781 0.84443 0.00286748 
0.00489633 9.77416e-05 0.0532029 0.0779841 0.0961641 0.00139391 0.0249056 0.0012194 0.0231957 0.109232 0.0128275 0.0600902 0.000507808 0.161396 0.20143 0.171458 
0.0124551 0.000771427 0.0158227 0.0936916 0.181264 0.000732098 0.0208229 0.000289297 0.0322141 0.0250755 0.0938662 0.0327767 0.00357875 0.0963923 0.313317 0.0769294 
0.0178989 4.24777e-05 0.0431836 0.00413006 0.0382794 0.0249814 0.00863869 0.00110079 0.0119758 0.120194 0.0664049 0.0240085 0.00456063 0.0570249 0.533047 0.0445285 
0.0135071 3.64275e-05 0.0393417 0.00862619 0.0387577 0.00603036 0.0206894 0.018063 0.22233 0.169654 0.0115841 0.0116453 0.0218743 0.0306026 0.309829 0.0774298 
0.00520166 0.000147182 0.0178148 0.0780523 0.0389401 0.0538607 0.0102107 0.0327471 0.0898797 0.0687123 0.0567047 0.032844 0.00549873 0.172294 0.176539 0.160553 
0.00467948 0.00049035 0.004809 0.213289 0.0176558 0.00149607 0.0064302 0.000142561 0.0269287 0.19871 0.0713754 0.00843978 0.000305008 0.112828 0.222009 0.110412 
0.00547224 0.00025618 0.0130744 0.0160631 0.00524095 0.0054978 0.086926 0.000149732 0.0124333 0.112913 0.0115755 0.0635748 1.62753e-05 0.16213 0.48572 0.018957 
0.0140542 0.000123628 0.0228293 0.0455833 0.0488803 0.00682189 0.0286055 0.00233354 0.032603 0.109615 0.0447425 0.0416536 0.00398585 0.185888 0.225626 0.186654 
0.0022877 3.19308e-05 0.0403346 0.0299356 0.0849641 0.0058017 0.00461593 1.57543e-05 0.0163352 0.123535 0.0184572 0.0134042 0.00107741 0.0649733 0.495969 0.0982618 
0.0163508 5.67572e-05 0.026581 0.00791611 0.00782559 0.0206363 0.0199516 0.00115884 0.0680914 0.0940638 0.0321092 0.109642 0.00208419 0.174753 0.226083 0.192696 
0.000995993 0.000681685 0.00563398 0.0129908 0.00804058 0.0159376 0.0707435 0.00257826 0.129903 0.136115 0.118946 0.090543 0.00124809 0.0645484 0.289004 0.0520898 
0.00253362 0.00016468 0.0301376 0.00980799 0.0103966 0.00703585 0.00692512 0.000441658 0.0217477 0.119685 0.0138333 0.018411 0.020547 0.144 0.485418 0.108915 
0.00683149 0.000194249 0.0138923 0.0116458 0.0166079 0.00312767 0.0042865 0.00160387 0.00911713 0.0793349 0.0797497 0.0105279 0.0114901 0.0935633 0.336836 0.321192 
0.00475679 0.00022026 0.0243974 0.0569987 0.126173 0.00327296 0.00857334 0.00124313 0.00842437 0.0644598 0.00926726 0.0314781 0.00118427 0.0843766 0.516893 0.0582805 
0.0108242 0.000105919 0.0236686 0.0519655 0.135205 0.00154501 0.0228957 0.00366486 0.0181027 0.150361 0.0102221 0.0391574 0.000799136 0.0628916 0.281062 0.187529 
0.00402243 0.00131927 0.0171179 0.00898636 0.0200107 0.00880655 0.0231014 0.00720907 0.0224415 0.22589 0.0253617 0.0416536 0.00328344 0.136572 0.259244 0.194979 
0.00270263 4.43006e-06 0.00566544 0.0607233 0.0645853 0.00044297 0.0162554 1.27429e-05 0.0523219 0.0656579 0.0493698 0.109073 0.00168751 0.135133 0.23003 0.206335 
0.00453203 4.9706e-05 0.00316786 0.0366852 0.0468809 0.00294252 0.0283681 1.36883e-05 0.0140565 0.119357 0.00328801 0.0223008 0.0031229 0.31891 0.32715 0.0691749 
0.00178657 1.77998e-05 0.0257384 0.0118301 0.344985 0.0218311 0.0291467 0.000398705 0.00358178 0.00719414 0.00144694 0.0230568 0.000117389 0.151181 0.351707 0.0259805 
0.00592441 0.00111809 0.00132854 0.0242933 0.0392395 0.00245145 0.0134517 7.26498e-06 0.00552661 0.0814061 0.0138493 0.0313581 0.00148573 0.134813 0.352104 0.291643 
0.0613588 4.17714e-05 0.0118785 0.0762345 0.0504519 0.00479598 0.0981274 0.00965269 0.0242802 0.0887285 0.00508643 0.048242 0.00196763 0.13296 0.30134 0.0848529 
0.00822105 0.000144121 0.0281454 0.0183636 0.0242712 0.0131545 0.00446002 0.0054732 0.0102949 0.13702 0.0264323 0.0249593 0.00247879 0.249832 0.297055 0.149695 
0.0073075 0.000130362 0.0261792 0.0795481 0.126162 0.00809937 0.0133818 0.00220983 0.0113396 0.0685997 0.0228903 0.0603184 0.00405059 0.13354 0.36779 0.0684542 
0.0142383 0.000280274 0.00526562 0.0155231 0.0342092 0.00806231 0.0102551 9.77096e-06 0.158991 0.0815817 0.0818765 0.0519264 0.000158328 0.148906 0.337875 0.0508413 
0.00392205 0.000302764 0.0337045 0.0395303 0.0686227 0.00887538 0.00965915 0.000531069 0.0180174 0.271725 0.0234023 0.0495113 0.00628004 0.0778042 0.277806 0.110305 
0.00602884 0.000113292 0.0143056 0.00734201 0.109131 8.22727e-05 0.00739521 1.65653e-05 0.0617007 0.0206747 0.00304568 0.0835557 1.40044e-05 0.0773565 0.508845 0.100394 
0.00389564 0.00116385 0.00972277 0.0898182 0.0679725 0.0211106 0.0166369 0.00123121 0.012872 0.214629 0.018947 0.0364865 0.00121324 0.122779 0.250344 0.131177 
0.0101076 0.000263971 0.021503 0.063063 0.0888036 0.00363439 0.020908 0.00240912 0.0203051 0.0575438 0.0242372 0.0405804 0.00549284 0.122209 0.426949 0.0919906 
0.00411489 0.00021632 0.0128951 0.00712769 0.0327057 0.0060342 0.00695362 0.00015953 0.00808462 0.285886 0.0125961 0.0247337 0.00196206 0.0992539 0.430422 0.0668546 
0.00427442 0.000159787 0.06511 0.0358906 0.0233481 0.00222948 0.0116231 0.00689624 0.0581735 0.080554 0.0095745 0.0794505 0.0029752 0.161645 0.313966 0.14413 
0.00549854 0.000257413 0.0370349 0.00172525 0.0790489 0.00149947 0.0503928 1.33563e-05 0.154661 0.0959568 0.0164661 0.131599 4.23545e-05 0.116852 0.190681 0.11827 
0.0211708 0.000161242 0.0216944 0.0209319 0.0581429 0.0105805 0.0158779 0.000213359 0.0353604 0.116279 0.133188 0.0511212 0.0028107 0.0556405 0.237389 0.219439 
0.0132311 9.19136e-05 0.00410872 0.0674962 0.0728869 0.00158896 0.002439 6.11621e-06 0.043059 0.155968 0.0686671 0.041674 9.80722e-05 0.0994742 0.317433 0.111778 
0.00741272 4.71263e-05 0.0216855 0.0418354 0.0893255 0.00249005 0.011997 0.00199318 0.0233348 0.0671727 0.0237557 0.0292034 0.000803499 0.205907 0.36456 0.108476 
0.00152868 0.000144708 0.0394715 0.0307828 0.0656977 0.0043955 0.00383745 0.000195202 0.0248325 0.116635 0.212475 0.0209972 0.000301587 0.141349 0.220169 0.117187 
0.00944529 0.000430204 0.0205627 0.0207378 0.0206372 0.00719581 0.0129682 0.00140613 0.0212201 0.108739 0.0663866 0.0345537 0.0058215 0.166129 0.338388 0.165378 
0.00302982 6.52139e-05 0.00781833 0.0165647 0.0584715 0.00313666 0.00547867 0.00104087 0.00647086 0.0914274 0.0114673 0.00555381 0.00687212 0.0755492 0.649458 0.0575954 
0.0177851 3.86565e-05 0.00989043 0.245219 0.0562618 0.0538221 0.0195089 0.000400001 0.0435647 0.0199684 0.0359491 0.0682218 0.00052454 0.0857664 0.301232 0.0418473 
0.00289177 0.000330229 0.0092748 0.0149336 0.0626095 0.00175006 0.0288874 0.000680616 0.0189857 0.0361974 0.00797491 0.0947133 0.000564826 0.228548 0.416505 0.0751528 
0.0328155 5.15551e-06 0.0391132 0.0250995 0.0239322 0.0245143 0.0490895 0.00266914 0.0437344 0.108831 0.027791 0.139355 0.00195608 0.151561 0.17132 0.158213 
0.00690457 4.64834e-10 0.0256584 0.00010587 0.0172408 0.00027688 0.0120128 1.01829e-05 0.00764935 0.0570589 0.00484374 0.000729498 1.39978e-08 0.0257923 0.808377 0.0333392 
0.00525669 0.00014264 0.00970373 0.00980973 0.0109446 0.00596641 0.0585548 0.00969198 0.0105983 0.0931933 0.0624225 0.0153546 0.000148106 0.274306 0.362223 0.0716841 
0.00357019 3.33352e-05 0.0296473 0.286729 0.0657909 0.00067417 0.0144135 0.00443932 0.0216761 0.0302791 0.0139273 0.0363875 0.00232523 0.0794433 0.364945 0.0457189 
0.00542786 7.53514e-05 0.0164054 0.0379901 0.0290209 0.00466919 0.0066327 0.000827942 0.0162085 0.105855 0.0126113 0.0280839 0.00154087 0.133197 0.508044 0.0934106 
0.00954277 0.00015309 0.035221 0.0382861 0.108823 0.0181926 0.0107727 0.00451843 0.0188846 0.140763 0.0182451 0.0465644 0.00441604 0.110891 0.297646 0.13708 
0.224795 2.29784e-06 0.00769816 0.0649413 0.176904 9.14577e-05 0.0114078 0.00057636 0.00610822 0.0362514 0.0272946 0.00420576 0.000149693 0.0694453 0.302166 0.0679621 
0.016476 0.000233867 0.0021778 0.00432091 0.00987029 0.00155558 0.00532102 5.2271e-06 0.0775675 0.281574 0.0324548 0.0224742 0.000312321 0.145492 0.308383 0.0917808 
0.00337541 6.32487e-06 0.033988 0.00291827 0.0118484 0.0023886 0.00286847 4.95508e-06 0.00779889 0.222288 0.0142152 0.0128449 0.00250509 0.0519561 0.583275 0.0477184 
0.003446 1.83148e-05 0.00217554 0.225741 0.0518239 0.0550073 0.00231291 0.000227023 0.0223173 0.044804 0.0143539 0.0217785 0.000425729 0.0912237 0.439691 0.024654 
0.00270939 0.000387707 0.028213 0.0199585 0.0116538 0.00179274 0.00310853 0.00360872 0.0419039 0.072911 0.0511635 0.0186459 0.00377375 0.14296 0.432015 0.165194 
0.0110896 0.000375156 0.0786863 0.175336 0.0229727 0.0127152 0.0154839 0.0906452 0.0605051 0.0581798 0.0216895 0.0335363 0.00205372 0.0730558 0.258613 0.0850621 
0.00555771 0.000161278 0.0274067 0.121899 0.017534 0.00119637 0.00622775 0.00169554 0.0432937 0.0825243 0.104435 0.0306111 0.00529052 0.10937 0.351373 0.0914235 
0.00796629 0.000554856 0.0181544 0.0386915 0.0715121 0.00618881 0.0137069 0.00200845 0.018587 0.107343 0.021298 0.0250567 0.00511223 0.124319 0.432366 0.107134 
0.00729329 0.00332639 0.0101156 0.178915 0.0821512 0.00703942 0.00362452 0.000682301 0.0337895 0.0358359 0.018891 0.0995154 0.00104339 0.15007 0.307421 0.0602862 
0.00992081 8.37019e-05 0.0339519 0.00918727 0.0217584 0.0176107 0.0438575 0.000140656 0.013763 0.0606302 0.0197414 0.0221318 0.000314803 0.159377 0.499839 0.0876924 
0.0057562 0.000279422 0.0265556 0.0278946 0.142162 0.0179062 0.00747542 0.00620051 0.0262379 0.198166 0.00964609 0.0315011 0.00525302 0.100015 0.235495 0.159456 
0.00304692 0.000866942 0.0135598 0.018408 0.0269694 0.00233719 0.0106747 0.00321748 0.0567863 0.0796425 0.0233875 0.0115615 0.000662594 0.0682541 0.592472 0.088153 
0.00140967 5.46528e-06 0.0867749 0.0178789 0.0241274 0.00027532 0.00517965 2.47325e-06 0.00168895 0.119227 0.00888006 0.00674101 0.000217812 0.00957198 0.628833 0.0891858 
0.0154884 9.80525e-05 0.0100554 0.00379001 0.0285376 0.00722549 0.0018594 0.000651338 0.118635 0.0427522 0.102194 0.0113157 0.00116845 0.16003 0.465818 0.0303815 
0.0120137 0.000264673 0.017764 0.218533 0.046237 0.00121727 0.00283756 0.00258167 0.0208242 0.0456747 0.0192238 0.0152376 0.00152082 0.112225 0.406525 0.0773194 
0.00178699 0.000687322 0.0327556 0.0514059 0.0486656 0.0103808 0.00563566 0.0027945 0.0161168 0.258085 0.018855 0.0345593 0.00806699 0.0896989 0.259885 0.16062 
0.00341674 0.000412471 0.00798929 0.114527 0.235889 0.00166693 0.0106168 0.0025813 0.00613139 0.0592154 0.00897893 0.0268595 0.0124449 0.118027 0.286543 0.1047 
0.0165798 0.000633649 0.0166204 0.00757974 0.0888453 0.00677928 0.0162892 0.00408045 0.0515573 0.11292 0.00989666 0.0573693 0.00194238 0.142472 0.347014 0.119421 
0.00500225 0.000390035 0.0226548 0.0568097 0.0849249 0.00461759 0.0056383 0.00112119 0.0225035 0.0516032 0.00902719 0.0240422 0.00226524 0.12205 0.512801 0.0745483 
0.0447678 0.000370608 0.00296549 0.029291 0.0629465 0.000903876 0.00275244 0.00390279 0.0152867 0.112145 0.109387 0.0122054 0.00393251 0.222382 0.234329 0.142431 
0.00321208 5.31824e-05 0.0775949 0.00795443 0.106048 0.00460666 0.0219811 0.0102063 0.0144581 0.184144 0.0219758 0.0261412 0.00243015 0.154207 0.203803 0.161184 
0.00100646 6.31133e-05 0.0157412 0.00478006 0.0126367 0.21987 0.0115514 0.00953314 0.032992 0.264543 0.0174743 0.0462748 0.000301255 0.0781608 0.269391 0.0156797 
0.00915217 0.000399006 0.0353146 0.00715021 0.046107 0.00643165 0.00508745 0.00214648 0.0277986 0.246779 0.0156014 0.0659492 0.0129563 0.0783118 0.258258 0.182557 
0.00250844 8.36632e-05 0.0659954 0.0199182 0.0213134 0.00486703 0.0126935 0.0199892 0.0479533 0.268032 0.0057102 0.0260559 0.010118 0.0722201 0.337573 0.0849687 
0.00473871 8.58305e-05 0.0400188 0.0495332 0.00703523 0.00570605 0.00669594 0.000856107 0.0177417 0.294489 0.0178298 0.0316053 0.002737 0.0714388 0.319319 0.13017 
0.00342857 3.26236e-05 0.0456681 0.0120596 0.0921612 0.00518875 0.0307894 9.42426e-05 0.00243838 0.159489 0.0021706 0.0310052 0.00117531 0.0271574 0.365803 0.221339 
0.00293611 6.57782e-07 0.00478559 0.0163486 0.0306798 0.00294585 0.00327821 0.000187022 0.00269486 0.116646 0.0113016 0.00684381 0.000967923 0.0194186 0.725466 0.0554987 
0.00419597 0.000354136 0.0318414 0.0359583 0.0330727 0.00180586 0.0282668 4.70875e-05 0.0429318 0.0431483 0.0698738 0.040949 0.00104941 0.0929824 0.526047 0.0474761 
0.0156518 0.00029869 0.0315976 0.0198305 0.0374582 0.010807 0.0306509 0.0174145 0.043093 0.0876933 0.109188 0.133475 0.00109587 0.156141 0.215129 0.0904753 
0.00140967 5.46528e-06 0.0867749 0.0178789 0.0241274 0.00027532 0.00517965 2.47325e-06 0.00168895 0.119227 0.00888006 0.00674101 0.000217812 0.00957198 0.628833 0.0891858 
0.00159489 0.000321879 0.0215819 0.0207506 0.177794 0.00339846 0.00366312 1.9959e-05 0.00183708 0.129035 0.00124823 0.0213985 2.20824e-05 0.167258 0.394047 0.0560291 
0.00542233 8.70429e-06 0.166955 0.0193656 0.0132671 0.0323502 0.0371229 0.00431597 0.0227119 0.172007 0.00983447 0.0265649 0.00403692 0.0288634 0.380703 0.07647 
0.00251105 6.47282e-06 0.00660406 0.095799 0.175186 0.000198736 0.0137051 7.2762e-05 0.00366453 0.149916 0.0086028 0.00532837 7.41983e-05 0.107372 0.294425 0.136534 
0.00937331 0.000522802 0.00341983 0.0107551 0.146407 0.00113889 0.011613 0.00333126 0.00571563 0.157066 0.00463214 0.0315743 0.00752333 0.137675 0.337283 0.131969 
0.0135336 1.88413e-05 0.012403 0.139622 0.0810613 0.00309024 0.0055203 2.8523e-05 0.0128946 0.0804256 0.01103 0.0200031 0.00721713 0.0588727 0.403345 0.150935 
0.0052197 0.000154006 0.0285952 0.0278661 0.0633709 0.00154315 0.0105083 0.00166594 0.0124269 0.117568 0.0275653 0.0281061 0.00417002 0.0716822 0.466903 0.132655 
0.0393895 0.000961634 0.0105193 0.0303221 0.102467 0.00330945 0.0178545 0.00282128 0.0125109 0.0542378 0.0405048 0.0283141 0.00474095 0.116032 0.387114 0.148901 
0.00253362 0.00016468 0.0301376 0.00980799 0.0103966 0.00703585 0.00692512 0.000441658 0.0217477 0.119685 0.0138333 0.018411 0.020547 0.144 0.485418 0.108915 
0.00539028 0.000285821 0.0585749 0.0185316 0.0423959 0.146471 0.00880613 0.00601816 0.030963 0.107274 0.0313612 0.0528504 0.000838563 0.120626 0.263876 0.105737 
0.00737842 0.000413917 0.0380148 0.0535691 0.0163342 0.0249093 0.00106449 0.00919312 0.0144308 0.0560767 0.0357501 0.00883275 0.0014315 0.111412 0.572233 0.0489553 
0.00140967 5.46528e-06 0.0867749 0.0178789 0.0241274 0.00027532 0.00517965 2.47325e-06 0.00168895 0.119227 0.00888006 0.00674101 0.000217812 0.00957198 0.628833 0.0891858 
0.027434 0.000862255 0.00747891 0.0149818 0.0326021 0.00140761 0.0109941 0.00019461 0.0129672 0.0642123 0.007103 0.0253793 0.00159303 0.142081 0.576329 0.0743805 
0.0101154 0.000692126 0.00826113 0.0652234 0.0517734 0.00167791 0.00219227 0.00079704 0.00983411 0.180778 0.00835663 0.0174377 0.0100272 0.0984641 0.428452 0.105917 
0.00989141 2.64421e-05 0.0521454 0.0230803 0.0850966 0.0124223 0.024537 0.00787453 0.0270056 0.101994 0.035746 0.053507 0.0129547 0.206063 0.284963 0.0626934 
0.00585083 0.000129076 0.0424092 0.165843 0.0445623 0.000895794 0.0447336 0.0107568 0.0147907 0.0781633 0.0368208 0.021155 0.00399758 0.134987 0.297421 0.097484 
0.00345778 0.000174427 0.0212285 0.0270826 0.146595 0.00552841 0.00738918 0.00109708 0.0167856 0.0312763 0.0189583 0.0423995 0.00080731 0.141019 0.493251 0.0429502 
0.0290409 1.45965e-05 0.0144069 0.0503214 0.0548806 0.00113361 0.00411892 0.00226094 0.0150427 0.152643 0.102417 0.0226631 0.000717858 0.143276 0.234136 0.172926 
0.0200736 0.000674815 0.020369 0.013082 0.106157 0.0121566 0.00744117 0.000730639 0.012058 0.106529 0.0260466 0.0721451 0.000642655 0.0854552 0.33447 0.181969 
0.00179883 4.09925e-06 0.0709713 0.0213415 0.0266636 0.00117583 0.00868118 5.27671e-06 0.00220868 0.0949136 0.00842732 0.0179077 0.000224412 0.0279783 0.621881 0.0958171 
0.0042793 0.00018442 0.0215686 0.0094369 0.0102287 0.00115333 0.0143655 9.4965e-06 0.00620872 0.170866 0.0132072 0.00819684 2.75052e-05 0.289639 0.340297 0.110332 
0.00186194 1.18165e-05 0.00763958 0.0361995 0.0208598 0.00138973 0.00533767 0.000351811 0.0039319 0.0405619 0.00600113 0.0142792 0.0011597 0.0289604 0.767793 0.0636607 
0.0164571 0.0100424 0.100881 0.0115359 0.0182313 0.00348708 0.00622806 0.000162385 0.104042 0.179792 0.0406115 0.0647406 0.00173304 0.0702979 0.239969 0.131789 
0.00632202 0.000238281 0.000572301 0.0089859 0.118742 0.000769157 0.00315131 0.000108617 0.00542072 0.00532725 0.0254011 0.018629 7.04375e-05 0.116373 0.671739 0.0181493 
0.00198444 5.87693e-05 0.0228715 0.0317706 0.0247613 0.00183654 0.00592043 0.000277866 0.00355276 0.0589228 0.00495216 0.0267932 0.000833029 0.0280695 0.723195 0.0642004 
0.00132256 0.000157992 0.00645577 0.0043643 0.0213604 0.000782878 0.00734402 7.7913e-05 0.0522023 0.0453318 0.133286 0.00835253 0.00019484 0.0347328 0.667697 0.0163366 
0.00962032 0.000683921 0.0213548 0.103072 0.0950263 0.00452546 0.0176656 0.000857486 0.0106084 0.0780903 0.0174329 0.0242764 0.00162683 0.0905854 0.461501 0.0630723 
0.00326317 0.000197931 0.00434528 0.0446998 0.116486 0.00553497 0.00697951 0.00148235 0.0293458 0.0342292 0.00395818 0.0782376 0.000567287 0.185518 0.424806 0.0603486 
0.00430126 0.000349518 0.0328673 0.0202685 0.0167121 0.00351208 0.00516254 0.000956415 0.00805611 0.0699278 0.0208476 0.00690411 3.40567e-05 0.102679 0.609086 0.0983357 
0.00134659 0.000235268 0.00385848 0.0355522 0.110407 0.00151802 0.0121737 0.00154808 0.00606524 0.0999439 0.00926713 0.0130057 0.0205578 0.135062 0.447236 0.102223 
0.00548474 6.91392e-05 0.0209777 0.00898163 0.138857 0.00504484 0.00490645 0.000442583 0.00270068 0.102314 0.00538918 0.00496513 0.0113228 0.0362947 0.591752 0.0604963 
0.0101362 3.10346e-06 0.00450816 0.009246 0.0252687 0.00078747 0.00193618 0.000133749 0.00620599 0.00784973 0.0371671 0.0338332 0.000617407 0.0387849 0.783415 0.0401075 
0.00304142 0.000728866 0.0320154 0.006669 0.023795 0.00484003 0.00960548 0.000141706 0.0145785 0.0628904 0.0213093 0.00940766 6.68787e-05 0.156096 0.556002 0.0988124 
0.00704705 0.000395436 0.00872039 0.0192453 0.0169902 0.00507896 0.0145966 0.000546491 0.0116922 0.0564641 0.0353571 0.00692831 0.00214741 0.290112 0.410305 0.114373 
0.0122688 3.29095e-05 0.00862197 0.0115036 0.0257838 0.000524595 0.0120466 0.0163083 0.0502238 0.0347406 0.0167328 0.0290719 0.000805767 0.198926 0.517056 0.0653529 
0.0243292 0.000339069 0.0375084 0.043151 0.0491675 0.00267898 0.0329314 0.00101235 0.0131285 0.0522234 0.0289374 0.0405087 7.89201e-05 0.121264 0.465199 0.0875421 
0.00565157 2.49122e-05 0.0110092 0.0890532 0.0839473 0.00382441 0.0132443 0.000727133 0.00907228 0.183152 0.0154679 0.0372651 0.00280818 0.0725554 0.299657 0.172541 
0.00118185 7.25752e-05 0.0210939 0.0161318 0.00489121 0.00151627 0.0020534 0.000890456 0.035976 0.0662392 0.0476914 0.0128439 0.00199926 0.11485 0.531743 0.140826 
0.000687 3.48855e-06 0.00125717 0.00547538 0.00309858 6.99481e-05 0.00123337 1.58705e-06 0.0263158 0.306589 0.0117804 0.0406297 3.62324e-05 0.0260915 0.331459 0.245272 
0.00111654 2.65997e-05 0.0120217 0.0289536 0.043146 0.0354363 0.00630394 1.13997e-05 0.0209492 0.136013 0.013032 0.132045 0.000105982 0.100061 0.440884 0.0298939 
0.00823184 0.000262975 0.0114343 0.0229709 0.0214488 0.00293159 0.00768195 0.00342224 0.00930733 0.0768113 0.0179695 0.0195592 0.00217523 0.256323 0.352742 0.186728 
0.00272781 1.46902e-05 0.00852409 0.0266645 0.0433863 0.0049231 0.00823928 0.000682622 0.0311775 0.0292555 0.0153062 0.0391371 0.183356 0.0624969 0.516771 0.0273371 
0.00579479 0.000107393 0.0293493 0.0641396 0.0463998 0.00541034 0.00762342 0.00263226 0.0146017 0.16413 0.00841282 0.0637983 0.000954007 0.217354 0.269353 0.09994 
0.224795 2.29784e-06 0.00769816 0.0649413 0.176904 9.14577e-05 0.0114078 0.00057636 0.00610822 0.0362514 0.0272946 0.00420576 0.000149693 0.0694453 0.302166 0.0679621 
0.00743924 0.000223972 0.0176545 0.0473581 0.113668 0.0012586 0.00348962 0.0517298 0.0226337 0.0693801 0.0180773 0.0557884 0.0506789 0.149724 0.261762 0.129134 
0.0036181 0.00169612 0.0157274 0.026707 0.105881 0.0433771 0.0174715 0.00170127 0.0143669 0.183748 0.0204272 0.0440991 0.000407357 0.118543 0.228075 0.174153 
0.0220423 0.000137308 0.0414677 0.0136304 0.102889 0.00905546 0.0121296 0.00148793 0.0136544 0.174893 0.0313139 0.0229967 0.00182811 0.131948 0.272076 0.14845 
0.00291157 0.00061842 0.0108484 0.00348368 0.0206212 0.0139034 0.0135665 0.00348561 0.00709829 0.11036 0.0324546 0.0158556 0.00451224 0.100897 0.541156 0.118227 
0.0026099 3.2307e-05 0.0162871 0.00977662 0.003995 0.0268367 0.00371208 0.00273937 0.0148169 0.327026 0.0635592 0.0178722 0.00113289 0.0842026 0.361696 0.0637057 
0.00222297 0.000258249 0.0198999 0.0245766 0.121828 0.00259512 0.0240083 0.000198124 0.0468602 0.153403 0.0201784 0.0300003 0.00235535 0.148803 0.245592 0.15722 
0.00233568 0.000171086 0.0138598 0.0123327 0.0563027 0.000950791 0.00938733 0.00531848 0.014374 0.162356 0.0178523 0.0570199 0.0102603 0.0686753 0.388037 0.180767 
0.0193666 0.000270925 0.0121012 0.225882 0.0652697 0.0554959 0.0199946 0.00224371 0.0419427 0.0217635 0.0368776 0.0672976 0.0010191 0.0894829 0.291677 0.0493156 
0.00622744 0.000364849 0.0118445 0.0281029 0.178523 0.002671 0.0085542 6.35908e-06 0.00268771 0.0969692 0.00737906 0.0188685 0.000918017 0.0900164 0.423954 0.122913 
0.00810905 0.000161574 0.0196535 0.17129 0.0605913 0.00897433 0.0090195 0.00148794 0.0395707 0.151539 0.0246361 0.0396135 0.00314599 0.160445 0.19398 0.107782 
0.00118013 0.000592313 0.0113447 0.00664465 0.0543954 0.00750128 0.00182124 2.16187e-05 0.0266976 0.0584779 0.0196605 0.0129642 0.000499576 0.0354704 0.656132 0.106597 
0.00231083 0.00045274 0.0214222 0.0390304 0.210947 0.0113739 0.00589113 2.69686e-05 0.00393147 0.16551 0.00697567 0.0189926 0.0320008 0.124619 0.24656 0.109955 
0.00140967 5.46528e-06 0.0867749 0.0178789 0.0241274 0.00027532 0.00517965 2.47325e-06 0.00168895 0.119227 0.00888006 0.00674101 0.000217812 0.00957198 0.628833 0.0891858 
0.00546225 0.00023409 0.00868279 0.00706377 0.132279 0.000961915 0.00253986 0.00218106 0.0124949 0.147624 0.154524 0.021937 0.00100329 0.198237 0.216036 0.0887378 
0.00215708 0.000166189 0.0248022 0.0033998 0.023983 0.00062133 0.00103098 0.000303701 0.0358828 0.0765303 0.054435 0.0194418 0.000947151 0.103075 0.609586 0.0436374 
0.0053147 0.000320593 0.00775164 0.00694165 0.0885449 0.00220528 0.0126595 0.000148169 0.0206603 0.0998461 0.00899204 0.0534644 0.00611477 0.208399 0.259159 0.219478 
0.0172858 3.86228e-05 0.0155516 0.0336055 0.0484338 0.00226759 0.00954677 9.63908e-05 0.0141574 0.144123 0.0467433 0.00981168 0.0021115 0.184829 0.421694 0.0497053 
0.00443903 8.68196e-05 0.00887632 0.156763 0.0652 0.00174155 0.00787296 0.00108951 0.0150305 0.0845691 0.0304686 0.0474989 0.00510652 0.0818123 0.418608 0.0708366 
0.00204056 0.000242475 0.00421403 0.00176217 0.013137 0.000270016 0.011928 0.000362431 0.0078287 0.00848897 0.00868708 0.00269411 0.00119163 0.00642636 0.919052 0.0116744 
0.00302576 0.00162714 0.00498673 0.00818358 0.0106991 0.000106044 0.00283969 0.000218904 0.0724462 0.253524 0.117769 0.0999673 0.00122405 0.0339417 0.3425 0.0469404 
0.0125394 0.000233487 0.0125027 0.0172914 0.0340545 0.0175593 0.00610363 0.00249023 0.028589 0.151824 0.0258611 0.163061 0.00128707 0.197252 0.242442 0.0869091 
0.00446139 5.93278e-05 0.0251145 0.229177 0.0222609 0.00098351 0.00560365 0.000358021 0.0231933 0.042288 0.0393281 0.019522 0.00921211 0.0494855 0.440947 0.088006 
0.00170044 5.3891e-05 0.0241546 0.0127535 0.0119267 0.00288038 0.0104853 0.00133393 0.0270317 0.130718 0.0257639 0.0434317 0.00337065 0.220122 0.322388 0.161886 
0.00320123 5.13677e-05 0.0266164 0.0206488 0.107575 0.0070596 0.0157007 0.0173401 0.0179465 0.0930786 0.014079 0.00558237 0.00536366 0.0697653 0.507947 0.0880449 
0.000723511 1.54193e-06 0.0228803 0.0362667 0.0199893 0.0124278 0.00877536 0.000465332 0.0429635 0.225771 0.0709184 0.0129769 0.00138965 0.119902 0.308505 0.116044 
0.00247326 8.3169e-05 0.0254391 0.036019 0.0362146 0.00108266 0.00859943 0.00158834 0.0380863 0.166302 0.0217553 0.0303782 0.00251555 0.0385571 0.462236 0.12867 
0.00632202 0.000238281 0.000572301 0.0089859 0.118742 0.000769157 0.00315131 0.000108617 0.00542072 0.00532725 0.0254011 0.018629 7.04375e-05 0.116373 0.671739 0.0181493 
0.00220206 1.80539e-05 0.0207548 0.00512874 0.052106 0.00369234 0.00309218 0.000990839 0.0276508 0.212457 0.0149289 0.0271505 5.67857e-05 0.0439135 0.419104 0.166754 
0.00390091 9.50044e-05 0.0173933 0.070584 0.0270315 0.00152706 0.00953776 7.24421e-05 0.0923516 0.0867037 0.0121288 0.0391072 0.00422306 0.101968 0.404217 0.129158 
0.00194702 0.000147712 0.0326129 0.00920503 0.00956767 0.00668585 0.00555321 0.000378611 0.0212309 0.171804 0.0110847 0.0196485 0.0221569 0.120769 0.45802 0.109187 
0.00667917 0.000160742 0.00801465 0.120645 0.0458701 0.00582258 0.0169186 0.000284286 0.0196523 0.165729 0.0137569 0.0491579 0.00151939 0.204535 0.236642 0.104613 
0.00131701 2.53086e-07 0.00852223 0.0426024 0.195562 0.0186706 0.00423433 8.04448e-07 0.00156728 0.0786738 0.000711252 0.0360555 9.94977e-05 0.137056 0.382409 0.0925184 
0.0040856 7.18504e-05 0.0161382 0.0224594 0.0187617 0.000341019 0.00327992 5.74857e-06 0.00649221 0.114767 0.0148478 0.0128334 0.000327416 0.0875647 0.610002 0.0880216 
0.00392349 0.00121177 0.0308164 0.0104752 0.0163513 0.00428034 0.00605187 0.000429017 0.0116335 0.0908307 0.00590466 0.0321357 0.000274775 0.0519661 0.633647 0.100068 
0.00265241 0.00146933 0.0136179 0.0163228 0.00820544 0.00970302 0.021774 0.00793293 0.0165946 0.0988229 0.0895681 0.0242094 0.000773859 0.270439 0.350177 0.0677366 
0.00131701 2.53086e-07 0.00852223 0.0426024 0.195562 0.0186706 0.00423433 8.04448e-07 0.00156728 0.0786738 0.000711252 0.0360555 9.94977e-05 0.137056 0.382409 0.0925184 
0.00278054 4.73235e-05 0.0325725 0.158142 0.0799946 0.00259048 0.0145782 0.000220402 0.011046 0.0765048 0.0199179 0.0317442 0.00290147 0.122709 0.38146 0.062791 
0.00514807 8.63343e-05 0.00500316 0.0723232 0.150216 0.000306313 0.00917382 2.47238e-05 0.0132762 0.0531832 0.0164146 0.0678396 0.000199785 0.119723 0.446716 0.0403657 
0.00357019 3.33352e-05 0.0296473 0.286729 0.0657909 0.00067417 0.0144135 0.00443932 0.0216761 0.0302791 0.0139273 0.0363875 0.00232523 0.0794433 0.364945 0.0457189 
0.00513278 0.000222995 0.0205786 0.0285217 0.187643 0.00481059 0.0185221 0.00120266 0.017249 0.0841877 0.0146712 0.0432203 0.0104296 0.138301 0.333911 0.0913956 
0.0291217 0.000786975 0.0517164 0.0317503 0.0775052 0.00281501 0.0415392 0.00245132 0.0151693 0.05088 0.0281846 0.0735904 0.000321212 0.0993219 0.388787 0.106059 
0.0128181 0.00101631 0.0283603 0.031766 0.0585496 0.00539726 0.0207475 0.0041534 0.015312 0.133863 0.0207164 0.0348309 0.00668005 0.098861 0.40219 0.124738 
