0.0251282 0.00106403 0.0374243 0.0046089 0.0135307 0.00323505 0.0459172 0.00363993 0.0325118 0.262648 0.00758217 0.118971 0.00650459 0.126595 0.0448108 0.265828 
0.00130081 0.000163265 0.027257 0.0261322 0.014887 0.039668 0.013227 0.00482991 0.0235949 0.231494 0.0252971 0.0235661 0.0104523 0.105554 0.193298 0.259279 
0.0026512 9.34776e-05 0.0413246 0.00836138 0.0148009 0.0054132 0.0062216 6.75478e-06 0.0204536 0.165718 0.0211827 0.0316651 0.00648032 0.0422353 0.0349654 0.598427 
0.0512695 0.000341973 0.0473923 0.00242355 0.0083366 0.00451689 0.0238659 0.000897049 0.0272322 0.0850499 0.0407013 0.217724 0.00196972 0.211643 0.0468473 0.229789 
0.00581036 7.07255e-05 0.18169 0.00270012 0.00804441 0.00152675 0.0107572 2.62241e-05 0.00836399 0.108901 0.0174652 0.0250782 0.00770306 0.139711 0.0868834 0.395268 
0.00410293 4.39164e-05 0.0334777 0.00789223 0.011073 0.00250845 0.029456 0.000343223 0.012132 0.257744 0.00953613 0.0114258 0.0127707 0.111117 0.119112 0.377265 
0.0177893 8.39061e-05 0.0181154 0.00596548 0.00889024 0.00381141 0.0068207 0.0099749 0.0448093 0.188289 0.0101493 0.208255 0.00558103 0.0865972 0.0249229 0.359945 
0.00828983 0.000151521 0.0546024 0.00750479 0.0193007 0.00785124 0.0493673 0.00289876 0.0145114 0.131415 0.0195613 0.0816642 0.00898795 0.205213 0.050967 0.337713 
0.00257274 0.000249168 0.0720856 0.00199833 0.00799356 0.00173594 0.0242368 0.000118928 0.240416 0.0209289 0.0717108 0.209864 0.000456984 0.0341403 0.0149007 0.296591 
0.00875697 0.000623481 0.0212504 0.0264109 0.0309485 0.00437065 0.00656533 0.00083953 0.0150789 0.114424 0.0108197 0.0850481 0.00368413 0.215136 0.0833 0.372743 
0.00331696 7.31519e-05 0.107003 0.00307008 0.0125767 0.0172097 0.0869779 0.00498746 0.0827677 0.0994174 0.0268009 0.0585078 0.00239086 0.110624 0.0508457 0.33343 
0.0095124 0.000254029 0.0342995 0.0141111 0.0305675 0.00461405 0.0343516 0.00748918 0.0325991 0.113402 0.0305876 0.0684662 0.00742334 0.189251 0.0519943 0.371077 
0.00553933 0.000333569 0.00915389 0.00459238 0.05158 0.000988686 0.00205432 0.000201424 0.00395477 0.136622 0.00559646 0.0138832 0.0170073 0.183672 0.0313533 0.533467 
0.00355742 0.00058285 0.00740996 0.00392487 0.0189374 0.00211214 0.00704472 0.00230936 0.00780861 0.187274 0.0149512 0.049177 0.0754531 0.132853 0.0398213 0.446783 
0.0624957 0.000742422 0.0262255 0.00448092 0.020403 0.0115114 0.0343818 0.013611 0.0222966 0.0905274 0.017249 0.0498467 0.0231625 0.197916 0.044278 0.380872 
0.0136641 0.00221548 0.0585372 0.00434863 0.0239576 0.0161241 0.0482238 0.027207 0.0537741 0.0640569 0.0340387 0.254089 0.00151796 0.0913136 0.0239531 0.282979 
0.00782851 0.000620884 0.0194583 0.0122731 0.0209797 0.00401495 0.0157367 0.000872436 0.0201319 0.274704 0.0143172 0.0493866 0.0345108 0.138301 0.0608425 0.326022 
0.0574272 0.000111902 0.0197025 0.00331018 0.0220582 0.004723 0.0205124 0.00443251 0.027798 0.0766484 0.158025 0.0413153 0.00432307 0.149756 0.0293111 0.380545 
0.0236282 0.000624785 0.0131815 0.0069014 0.0295267 0.00189913 0.0108726 0.00143718 0.00949233 0.138973 0.00439309 0.121503 0.0108648 0.17723 0.04605 0.403422 
0.0132664 0.000284387 0.0280981 0.0921778 0.0430331 0.0209689 0.0111864 0.00273939 0.0446437 0.164043 0.00933224 0.0835937 0.00379597 0.148169 0.134946 0.199722 
0.0457186 0.000594089 0.0377309 0.00714394 0.0119359 0.00757712 0.013541 0.00284421 0.0328615 0.0514038 0.0288248 0.2013 0.000164914 0.134675 0.046229 0.377455 
0.113867 6.04624e-05 0.142658 0.0197217 0.00715216 0.0033708 0.0460885 0.00846323 0.0167621 0.1127 0.0106752 0.0306225 0.00719547 0.16384 0.0978113 0.219011 
0.000604772 0.00036076 0.00125676 0.0365674 0.00526738 0.000266691 0.000369626 5.73366e-05 0.00317954 0.102138 0.00145433 0.0501527 0.000798301 0.0308137 0.150029 0.616684 
0.0134845 0.000401623 0.0511375 0.0199575 0.0256281 0.0069966 0.0716053 0.0023253 0.0559529 0.0520261 0.125016 0.0641907 0.00472618 0.105304 0.044333 0.356915 
0.0398822 0.000197532 0.0210759 0.00792771 0.0175216 0.00385942 0.0101505 6.53009e-06 0.0436673 0.0648778 0.0177633 0.0544782 0.00228406 0.229491 0.149586 0.337231 
0.00735843 0.000373085 0.0060345 0.0184546 0.0132181 0.0101952 0.0116649 0.00664055 0.00696857 0.13428 0.00780645 0.0506983 0.0181087 0.168458 0.0594312 0.480309 
0.0168078 0.00077483 0.0231611 0.0134689 0.0231906 0.00861234 0.0217645 0.00212962 0.0273615 0.114086 0.0429799 0.0675495 0.00486078 0.272124 0.0466831 0.314445 
0.0140332 0.000210239 0.0186326 0.0114162 0.0197569 0.00595716 0.00757275 0.00097273 0.0314349 0.104366 0.036282 0.0307742 0.0123066 0.262186 0.0724031 0.371696 
0.00466266 0.00026403 0.146211 0.014822 0.00998365 0.0087033 0.024217 0.00086235 0.0105437 0.0726146 0.0477773 0.108901 0.00134865 0.149581 0.029836 0.369672 
0.00783994 0.00127116 0.0238808 0.0274566 0.00669731 0.00288656 0.0179617 0.0117828 0.133964 0.068857 0.0175266 0.208494 0.0360105 0.154787 0.0296342 0.25095 
0.00668206 0.000339648 0.0234376 0.0159377 0.0387307 0.00836204 0.0147285 0.00294145 0.0115561 0.0832419 0.0225234 0.0646842 0.00197474 0.150646 0.0898 0.464414 
0.0177897 5.03311e-05 0.100907 0.0558686 0.00996411 0.00715085 0.0216394 0.0753317 0.0386561 0.106441 0.0246605 0.0122126 0.0291135 0.0673685 0.0538959 0.378951 
0.0126075 0.000236052 0.0264046 0.0129537 0.0293274 0.0035512 0.0111783 0.00424542 0.0123503 0.0817889 0.0150699 0.026899 0.00755674 0.135871 0.0657018 0.554258 
0.0160122 3.4134e-05 0.196944 0.00217927 0.0632368 0.0640876 0.0259331 0.0315079 0.0362607 0.0606509 0.0243713 0.0607498 0.00414179 0.0414458 0.0464037 0.326041 
0.0326876 0.000137262 0.025125 0.0315589 0.027216 0.00480738 0.00936726 0.0028176 0.0173275 0.0932901 0.187652 0.0345326 0.00279399 0.162681 0.0700969 0.29791 
0.0619249 0.00388525 0.0598044 0.00760661 0.0164633 0.00514581 0.0176582 0.0112006 0.0329757 0.0985106 0.0768869 0.0568315 0.00924437 0.128068 0.0336073 0.380186 
0.0591117 0.000113261 0.0337214 0.024237 0.0223015 0.00254249 0.0284979 0.000548245 0.0247583 0.0579416 0.0249107 0.101182 0.000344292 0.193494 0.0964692 0.329826 
0.00927441 0.00055778 0.0346616 0.0116955 0.025565 0.00244403 0.0169571 0.00267666 0.0217124 0.110469 0.0178575 0.0801187 0.00601112 0.157891 0.0434887 0.45862 
0.043951 0.000233266 0.0238224 0.00942249 0.010582 0.00826043 0.0178263 0.00539011 0.0206009 0.154869 0.111786 0.0289292 0.00514916 0.135206 0.0890408 0.334931 
0.00402356 8.02934e-06 0.0323641 0.00129704 0.00184962 0.000258252 0.0065313 2.25402e-06 0.00954146 0.070186 0.0315351 0.025525 2.7385e-05 0.329992 0.0616023 0.425257 
0.00951174 8.3271e-05 0.0415346 0.0119906 0.00763404 0.00745952 0.120111 0.00604244 0.0379328 0.0463257 0.0596634 0.0325412 0.0118783 0.0408017 0.0278378 0.538652 
0.00146377 0.00183393 0.00354127 0.00258581 0.0138033 0.00084073 0.000310861 3.85125e-05 0.00181694 0.261865 0.0399052 0.0284089 0.0225919 0.0308787 0.0134436 0.576672 
0.0397859 0.000492377 0.0336796 0.0170914 0.0188613 0.00478997 0.0182504 0.0116709 0.0372813 0.0937231 0.0263313 0.0856939 0.00965994 0.250465 0.0538009 0.298422 
0.0279973 9.34107e-05 0.04637 0.0396044 0.0330739 0.00746265 0.0417016 0.00812789 0.038075 0.128965 0.0884766 0.04439 0.0124355 0.185306 0.0843794 0.213541 
0.00486259 0.000631347 0.03563 0.00198851 0.0262322 0.00141536 0.0318629 0.00807687 0.022614 0.0733228 0.0098695 0.167986 0.00373105 0.181838 0.0254165 0.404522 
0.0334993 0.00137231 0.0480512 0.017205 0.0300293 0.00553892 0.0166937 0.00853097 0.0582159 0.0674961 0.0368841 0.110551 0.00512037 0.211143 0.0743249 0.275343 
0.0454877 0.000217998 0.0544125 0.00903347 0.0229797 0.00923015 0.0219188 0.0142279 0.0166451 0.111043 0.0124809 0.143645 0.00691207 0.0788895 0.0395805 0.413296 
0.0130865 5.59097e-05 0.110933 0.00627449 0.017369 0.0329474 0.0163854 0.0226995 0.0658393 0.119098 0.0912086 0.0373827 0.00205415 0.0749304 0.0224545 0.367281 
0.00927525 0.000572078 0.0444472 0.02354 0.0424295 0.00309925 0.0252876 0.00731429 0.0265392 0.2326 0.0150893 0.064539 0.00443182 0.174286 0.0919812 0.234568 
0.0221142 0.000309707 0.0500734 0.00368615 0.0386031 0.0114156 0.0278884 0.00363751 0.0364368 0.135513 0.0195086 0.0437243 0.00928595 0.116414 0.0683652 0.413024 
0.0148229 0.000583697 0.104037 0.00630033 0.00945791 0.00166382 0.0135123 0.0098669 0.100949 0.0725836 0.0623153 0.0455675 0.0304493 0.181826 0.0576827 0.288382 
0.00610468 0.000247964 0.00409327 0.00379417 0.00510535 0.00399445 0.00643781 1.71906e-05 0.0196515 0.237718 0.00848948 0.0947451 0.00194442 0.188254 0.0698427 0.34956 
0.00233905 0.000873315 0.0145416 0.00604867 0.0198354 0.00219846 0.00396016 0.000215456 0.0554963 0.0663683 0.0334425 0.187465 0.000415271 0.0505672 0.0380948 0.518138 
0.0149475 0.00127453 0.0442531 0.0116216 0.0243256 0.0530075 0.0352136 0.0117039 0.0455434 0.0974735 0.0167776 0.12801 0.00303775 0.162795 0.0532539 0.296762 
0.0156664 0.000594706 0.0468796 0.0111054 0.0328251 0.00814195 0.0284652 0.0065804 0.0714087 0.111495 0.0540141 0.0773922 0.00559897 0.211749 0.0588244 0.259259 
0.0257777 0.000190585 0.0335755 0.0203633 0.0329335 0.0020772 0.00728817 0.000188627 0.0207425 0.0823058 0.0301427 0.0502819 0.00744173 0.103295 0.0380958 0.5453 
0.0150304 3.54039e-05 0.257751 0.000548165 0.00202984 0.00646694 0.0345829 0.0417296 0.0510364 0.070916 0.112708 0.0377 0.0105829 0.0739041 0.0178712 0.267107 
0.00205817 7.82288e-05 0.0176855 0.018753 0.0519689 0.00124639 0.0234454 0.00094831 0.0164339 0.16505 0.0316995 0.0342902 0.00192177 0.133539 0.120503 0.380379 
0.00762649 0.00211047 0.0973756 0.000693465 0.0205063 0.00409614 0.0160355 0.00838806 0.0236855 0.121342 0.0264117 0.0240932 0.00503504 0.0455596 0.0102855 0.586756 
0.000129007 0.000463073 0.0148775 0.0170658 0.0175589 0.00769604 0.00754823 6.75277e-06 0.0143592 0.149547 0.0210191 0.0606596 0.00343131 0.0714834 0.0373443 0.576811 
0.0509254 2.8401e-05 0.0700184 0.00358147 0.0478121 0.00862018 0.0371574 0.00784599 0.0127993 0.139274 0.0199341 0.0394438 0.0193863 0.0390341 0.0283248 0.475814 
0.0285816 0.00020527 0.0597905 0.00175035 0.00927055 0.00646012 0.132385 0.00477688 0.106441 0.114138 0.13242 0.0545214 0.0017853 0.13915 0.037603 0.170721 
0.0183774 0.000187994 0.059421 0.00986685 0.0359184 0.00426877 0.028522 0.00843312 0.0169512 0.136534 0.0216827 0.0624793 0.00233572 0.175307 0.0776719 0.342043 
0.0161707 0.000115333 0.0689031 0.0117837 0.0824146 0.00395447 0.0240401 0.0521898 0.0641483 0.101484 0.0272205 0.0182553 0.00320334 0.131246 0.0663888 0.328482 
0.0317952 0.000481137 0.0822291 0.00462813 0.0301383 0.00325636 0.041344 0.0379137 0.0568979 0.024034 0.00849926 0.0417048 0.0043416 0.135178 0.0191577 0.478401 
0.000983067 0.000488945 0.0143493 0.00245786 0.00868713 0.00336609 0.0041495 0.000420283 0.0420736 0.100864 0.0251597 0.147407 0.00396478 0.0586049 0.0282247 0.558799 
0.0317952 0.000481137 0.0822291 0.00462813 0.0301383 0.00325636 0.041344 0.0379137 0.0568979 0.024034 0.00849926 0.0417048 0.0043416 0.135178 0.0191577 0.478401 
0.00940727 0.000294823 0.0422585 0.00525316 0.0145182 0.0041922 0.0116968 0.0081794 0.0263867 0.101049 0.0386988 0.0553824 0.0157654 0.106329 0.029446 0.531143 
0.00588542 0.000323047 0.099653 0.00375528 0.0266685 0.00501391 0.0380043 0.0151951 0.0547404 0.0916174 0.0220083 0.0557356 0.0122017 0.200797 0.0260447 0.342356 
0.0268477 7.9909e-05 0.00393114 0.022527 0.00581418 0.000191039 0.00103723 0.0043696 0.00253018 0.0891921 0.00576149 0.0520495 4.5967e-06 0.0758311 0.131171 0.578662 
0.0195539 0.000424226 0.0119316 0.00917906 0.0601882 0.00340194 0.00678645 0.00230666 0.0104133 0.0695964 0.0213475 0.0396208 0.0100818 0.174618 0.0365637 0.523986 
0.0179796 0.000194531 0.0331982 0.00766856 0.0209421 0.00562535 0.0175651 0.0102242 0.0253537 0.0675398 0.0640059 0.0247806 0.0165139 0.248611 0.135664 0.304133 
0.00258398 8.26354e-05 0.279068 0.0142554 0.0195544 0.00279682 0.00515742 0.000483993 0.00765783 0.12108 0.0122541 0.027103 2.6463e-05 0.0498639 0.0439059 0.414126 
0.0038054 0.000251926 0.125756 0.00656578 0.0297562 0.0019783 0.0197617 0.0370991 0.0511569 0.144879 0.0923916 0.0314293 0.00183873 0.0989596 0.0500294 0.304341 
0.00460631 0.000257792 0.000970699 0.0260175 0.0147466 0.000534586 0.0011771 1.41819e-05 0.00142727 0.212309 0.000972584 0.00454509 0.00069596 0.279523 0.0473652 0.404836 
0.0224134 0.000186209 0.1106 0.00304469 0.0793143 0.017893 0.0223957 0.0162081 0.04899 0.0673451 0.0300729 0.122952 0.00441227 0.114645 0.0439043 0.295622 
0.0074973 0.000361044 0.0311712 0.0102909 0.0445856 0.00478158 0.00833329 0.00071643 0.0438082 0.131441 0.0084862 0.0696966 0.0065647 0.224156 0.0449599 0.36315 
0.0158874 0.000701203 0.0707467 0.00461015 0.0190288 0.0241953 0.058762 0.0110277 0.0387012 0.169061 0.14316 0.0362904 0.00572129 0.0992676 0.0666988 0.23614 
0.0104822 0.00214739 0.0423255 0.00533764 0.0479214 0.0010101 0.0400413 0.000437492 0.0393579 0.190913 0.0151303 0.0258453 0.13372 0.0799009 0.0576333 0.307796 
0.0208335 0.000349164 0.0226809 0.00368963 0.0135292 0.00213783 0.0524706 0.00187244 0.0822704 0.0619759 0.0314538 0.0658253 0.00165553 0.0680945 0.0443599 0.526801 
0.0131559 0.000158295 0.0687564 0.00570829 0.0280637 0.00201948 0.11417 0.00375472 0.090582 0.0730489 0.0178771 0.0711337 0.00300835 0.154679 0.0309915 0.322892 
0.00777944 0.000370109 0.0809218 0.0390756 0.0219056 0.00670904 0.030528 0.0107365 0.0781732 0.145352 0.0186346 0.085913 0.00436221 0.0626154 0.0757938 0.33113 
0.0594885 0.000590466 0.0214071 0.012813 0.0409203 0.00417085 0.0177157 0.00650502 0.14322 0.0575646 0.113382 0.0743682 0.00474354 0.1808 0.0636905 0.198619 
0.00912921 0.000216842 0.0287002 0.00565707 0.022246 0.00555329 0.00639086 0.000879145 0.0383138 0.115563 0.0147884 0.0557069 0.00127583 0.244099 0.0638956 0.387585 
0.00588427 0.000440617 0.00880864 0.0358128 0.0150283 0.00074023 0.00530352 0.000114324 0.00408553 0.101302 0.0135133 0.024291 0.00453252 0.143885 0.0950335 0.541225 
0.0291271 1.42549e-05 0.139484 0.000924667 0.0130681 0.0135076 0.0284836 0.0123923 0.0218734 0.0703201 0.0311244 0.0253832 0.0208577 0.019643 0.0324328 0.541363 
0.00563935 0.000978056 0.00889985 0.0123004 0.0199509 0.00828084 0.00883554 0.00605976 0.0102973 0.165412 0.0106551 0.0476822 0.0209866 0.107295 0.0492382 0.51749 
0.00776284 9.90192e-05 0.00627066 0.0145944 0.0419384 0.00236428 0.00705429 7.86471e-05 0.00345886 0.240478 0.00512367 0.0175848 0.0132821 0.265384 0.0689466 0.305579 
0.0406251 0.000307775 0.0711329 0.00204184 0.0169546 0.0072799 0.0203042 0.0176476 0.12309 0.131605 0.0918851 0.02261 0.0220254 0.111665 0.083942 0.236882 
0.0306977 0.000146052 0.0214756 0.00247206 0.0117076 0.0115125 0.0313226 0.000411619 0.0353016 0.0749132 0.093884 0.049661 0.0347678 0.19404 0.0287883 0.378899 
0.0182753 0.000399527 0.0139951 0.00509068 0.0128341 0.0277059 0.00831644 0.00156461 0.0127943 0.0588494 0.0147291 0.06021 0.00800048 0.184478 0.042371 0.530386 
0.000750938 0.0265947 0.0530925 0.00141921 0.00327452 0.00826541 0.00559738 8.15718e-05 0.0326946 0.17977 0.0682712 0.0755325 0.0199294 0.0919832 0.02374 0.409003 
0.0208799 0.000557676 0.073156 0.0122408 0.0240706 0.016596 0.0402532 0.00796519 0.0333839 0.0917414 0.0470566 0.058291 0.00848412 0.215458 0.0548726 0.294993 
0.0109513 1.51122e-05 0.0872169 0.0126436 0.0197734 0.0163999 0.0321583 0.0183329 0.0582492 0.141311 0.0376977 0.0549147 0.00640923 0.112013 0.16647 0.225445 
0.00625982 0.000297659 0.0178018 0.00960666 0.0220034 0.00203627 0.0178561 0.000144995 0.0138317 0.271442 0.0233476 0.087229 0.0250264 0.133532 0.0761382 0.293446 
0.0436937 0.000801014 0.0358952 0.00766158 0.0253414 0.012247 0.0189976 0.00437407 0.0547359 0.0771848 0.061442 0.0792931 0.00621268 0.197313 0.0628221 0.311984 
0.0600536 0.0302794 0.0447796 0.00710685 0.021341 0.00694533 0.012404 0.00949145 0.0817649 0.135412 0.0272199 0.128003 0.00494739 0.132784 0.0471843 0.250282 
0.0210533 8.57992e-05 0.0738849 0.0159103 0.021055 0.00815972 0.0143446 0.00613209 0.0225739 0.150454 0.0380475 0.0779357 0.0255753 0.0915127 0.0545154 0.37876 
0.00630311 0.000631422 0.0927741 0.000776815 0.000906497 0.00390891 0.0160489 0.0112148 0.190725 0.12299 0.0395611 0.0745755 0.000417068 0.0577457 0.0144416 0.36698 
0.0119066 2.74808e-05 0.0133506 0.0111265 0.0188623 0.00192175 0.00378888 0.00177496 0.00546947 0.0528323 0.0348016 0.0213522 0.00326182 0.0849701 0.0153119 0.719242 
0.02126 0.000106666 0.0601062 0.00133492 0.0553939 0.0667889 0.0308049 0.00643805 0.0802977 0.117736 0.1228 0.0513325 0.00357605 0.0548274 0.0314148 0.295783 
0.00563935 0.000978056 0.00889985 0.0123004 0.0199509 0.00828084 0.00883554 0.00605976 0.0102973 0.165412 0.0106551 0.0476822 0.0209866 0.107295 0.0492382 0.51749 
0.0406758 0.00143431 0.0244665 0.0103864 0.0514007 0.00548239 0.017076 0.00305741 0.0927052 0.152582 0.0208862 0.126266 0.0034238 0.141385 0.0732919 0.23548 
0.0198667 0.000210331 0.0548001 0.00573232 0.00545292 0.0102341 0.00926772 0.000240812 0.1068 0.192583 0.0258685 0.147798 0.000298656 0.115162 0.080808 0.224877 
0.0461222 1.89109e-05 0.00125296 0.00539869 0.0144017 0.000695046 0.00571686 9.2773e-06 0.00566975 0.0783567 0.00557978 0.0604705 0.000416716 0.316554 0.0730256 0.386311 
0.0296213 0.000751036 0.0227174 0.0150342 0.0242075 0.00178815 0.00811124 0.000152499 0.0257283 0.146875 0.023582 0.0372133 0.0251093 0.243441 0.133399 0.262268 
0.00661442 0.000422467 0.00832806 0.0475681 0.0211878 0.000779145 0.00723863 1.57087e-05 0.0144495 0.161663 0.0134301 0.0471027 0.00515507 0.203264 0.109925 0.352856 
0.0158412 0.000399474 0.0412061 0.00881161 0.0224763 0.0398199 0.0235446 0.00855507 0.0393911 0.132213 0.0346427 0.0647866 0.00410542 0.181811 0.0671324 0.315263 
0.00298625 0.0219798 0.0474387 0.019156 0.0138498 0.00159991 0.00567297 0.00186613 0.0163848 0.279298 0.00985037 0.152353 0.00748885 0.0811299 0.0413931 0.297553 
0.00625419 5.15215e-05 0.0342655 0.0266491 0.0377223 0.0050052 0.00595412 0.00336124 0.04127 0.22572 0.0152279 0.102887 0.00811365 0.138988 0.0955057 0.253025 
0.00349227 0.000433742 0.0260464 0.00924219 0.0248679 0.00604593 0.00963039 0.000171868 0.0144621 0.131809 0.0106499 0.0450145 0.00797924 0.213022 0.0468396 0.450293 
0.00820938 0.00136543 0.201794 0.00242716 0.0131248 0.00586334 0.0995545 0.0065548 0.0300956 0.17207 0.0389712 0.0388046 0.00602816 0.036084 0.0515676 0.287485 
0.00801033 0.00052448 0.047986 0.00671436 0.0154281 0.00632672 0.0125414 0.00436631 0.0531646 0.159778 0.0745891 0.0829252 0.0082834 0.1624 0.0484715 0.30849 
0.0141421 0.00070275 0.0558465 0.0039687 0.0188292 0.00360519 0.155275 0.00501059 0.074493 0.0386022 0.025395 0.151564 0.002379 0.119661 0.0258065 0.304719 
0.00188059 0.00338533 0.0225171 0.00754304 0.0096754 0.00104484 0.0109937 0.0387515 0.0143569 0.253085 0.00474204 0.131395 0.0123957 0.0814349 0.0283432 0.378456 
0.0306832 0.000103913 0.0175425 0.00259489 0.024971 0.0013427 0.00425467 0.000783513 0.076214 0.0619447 0.256863 0.0260855 0.00084417 0.0538451 0.0238967 0.418031 
0.0214819 0.00104157 0.0425379 0.0144862 0.0256009 0.00939648 0.0176826 0.00482775 0.0374503 0.0973432 0.0440342 0.0774586 0.00899086 0.193874 0.0452488 0.358545 
0.0071217 0.000368267 0.00449941 0.0152399 0.0307203 0.00104021 0.00192106 0.00353414 0.00435598 0.104322 0.0227967 0.0234516 0.00121113 0.162256 0.0925955 0.524566 
0.0385839 0.000104524 0.0415126 0.00819068 0.0180558 0.00931706 0.0116738 0.00992499 0.0315231 0.115297 0.0393381 0.161124 0.00242133 0.119456 0.0389415 0.354535 
0.0201213 0.000287572 0.0257688 0.011021 0.0183794 0.00389943 0.0200577 0.00167106 0.0312751 0.205354 0.0160143 0.149405 0.000604642 0.199654 0.0574615 0.239025 
0.0849685 0.000286043 0.00778894 0.00959921 0.123312 0.00463697 0.0292328 0.017487 0.0108308 0.0770331 0.0146012 0.0269272 0.00417923 0.253765 0.0551344 0.280218 
0.0150217 9.6081e-05 0.0559862 0.00158237 0.00799941 0.0113154 0.0254112 0.0112503 0.0181025 0.154019 0.176099 0.00710939 0.00339553 0.0579325 0.0346284 0.420051 
0.00528208 0.00874476 0.0539311 0.0132557 0.0456138 0.00453505 0.0106207 0.000282323 0.010257 0.18183 0.00913739 0.0288446 0.00937522 0.211706 0.0778574 0.328727 
0.00856951 0.000367791 0.0701107 0.00569331 0.0248849 0.0071444 0.0219136 0.0017526 0.0142951 0.0823831 0.0221831 0.134962 0.00816758 0.0558377 0.0352783 0.506457 
0.0539815 5.90481e-05 0.0360839 0.000727955 0.00534752 0.00240489 0.0204082 0.0137859 0.0146717 0.0504838 0.256005 0.0928911 0.00614326 0.0639137 0.0464673 0.336625 
0.0131056 0.000600079 0.0223183 0.0113227 0.0284674 0.00394925 0.00277647 0.000358998 0.0218013 0.27623 0.0113632 0.0514269 0.0104794 0.116123 0.124164 0.305513 
0.0714221 0.000343887 0.0117492 0.0198141 0.0250023 0.00338388 0.0123519 0.00365409 0.0100251 0.0384959 0.00892408 0.084296 0.00139351 0.168214 0.0403102 0.500619 
0.0938723 0.000325543 0.0246742 0.00810349 0.0313893 0.00779595 0.0117167 0.0119095 0.0141165 0.0380034 0.0101986 0.133012 0.00378968 0.14236 0.0341439 0.434589 
0.0162436 0.000159887 0.121672 0.00573254 0.00662022 0.00914783 0.0689328 0.1026 0.0566539 0.0757335 0.0161837 0.0839793 0.0107785 0.124187 0.0250492 0.276326 
0.00356378 0.000459578 0.0221457 0.00179899 0.0195035 0.0031981 0.0177998 0.000120201 0.015935 0.102175 0.0338216 0.0904724 0.00432074 0.0615038 0.0408155 0.582366 
0.0476085 0.000302612 0.0135447 0.0200212 0.0597507 0.00911001 0.00810883 0.0042364 0.00589624 0.083944 0.00444794 0.0432725 0.00595335 0.20338 0.0493691 0.441054 
0.00268711 0.00149067 0.18584 0.00164584 0.010316 0.00280108 0.0470227 0.000541244 0.0306516 0.0927348 0.0663646 0.0963505 0.000148409 0.0602986 0.030888 0.370219 
0.00986584 4.75927e-05 0.043433 0.00923652 0.00997871 0.00204313 0.0178693 0.00163415 0.0530695 0.200832 0.0261923 0.0476066 0.00306317 0.159772 0.0519822 0.363374 
0.0420886 0.000195699 0.0517958 0.0107803 0.00490637 0.00268653 0.011427 0.0106667 0.0437873 0.214863 0.0263608 0.0885312 0.00643481 0.0837375 0.0560973 0.345641 
0.0172077 0.00102697 0.0315933 0.0103264 0.033178 0.00951525 0.0260023 0.00672636 0.0442076 0.11363 0.050078 0.0934023 0.00600589 0.175896 0.0863906 0.294813 
0.0298184 0.000347773 0.012874 0.00735489 0.0245977 0.00302773 0.00624808 0.00198027 0.0146954 0.0556929 0.135397 0.0414303 0.00458897 0.156852 0.0505974 0.454498 
0.00840001 1.75299e-06 0.152301 0.0016746 0.0073371 0.00651573 0.0637294 0.0648854 0.107091 0.0472813 0.0367782 0.0163311 0.00103726 0.172444 0.0193524 0.294839 
0.013785 0.00121099 0.209202 0.00952639 0.0363516 0.0331991 0.0458591 0.0265693 0.0359378 0.123546 0.0271436 0.0517755 0.00905425 0.0836413 0.041679 0.251519 
0.00129641 0.00010991 0.255617 0.00124688 0.0249234 0.00606892 0.0093132 1.7314e-05 0.03174 0.234086 0.0116311 0.0236936 0.00791039 0.0228251 0.0704011 0.29912 
0.00412714 0.000557909 0.0191777 0.0107383 0.0269339 0.00438967 0.00715274 0.000150689 0.0110358 0.107275 0.0130285 0.0375112 0.0057398 0.230256 0.0466917 0.475233 
0.0119573 0.0045009 0.0315202 0.017357 0.0227363 0.00280183 0.01699 0.0137205 0.0472519 0.0960403 0.0432443 0.0528692 0.00318922 0.265856 0.0552787 0.314686 
0.00665851 0.00589095 0.0287724 0.0229511 0.0343063 0.00271977 0.00594131 0.00143681 0.0108965 0.230882 0.0105269 0.0448367 0.0409164 0.0970891 0.0497469 0.406428 
0.01658 0.000299502 0.0327867 0.0105053 0.0300612 0.00236937 0.0242794 0.00612189 0.0220619 0.180545 0.0109956 0.0555274 0.00942181 0.188983 0.0551248 0.354337 
0.0093798 8.5732e-05 0.00675094 0.00992777 0.0142441 0.000993175 0.00551021 7.89221e-06 0.0111035 0.238511 0.00782529 0.0330583 0.00297847 0.206984 0.114631 0.338009 
0.0535895 0.000138687 0.0459568 0.018534 0.0434348 0.0098676 0.00713903 0.00136735 0.0170048 0.115391 0.0157647 0.162373 0.00759892 0.134467 0.0887488 0.278625 
0.0105029 0.000282843 0.0301134 0.0204532 0.0301097 0.0031282 0.0188451 0.000277996 0.0163363 0.0956568 0.0283254 0.0300188 0.00627625 0.0461085 0.0357718 0.627793 
0.007172 0.000490406 0.0766753 0.00503146 0.0278307 0.00496428 0.0116831 0.0020715 0.0769598 0.139313 0.0488409 0.0587695 0.00653645 0.0900392 0.076173 0.367449 
0.0231099 0.000970199 0.0320454 0.00728078 0.021669 0.0132311 0.0155305 0.00526709 0.0355743 0.11434 0.0891646 0.117195 0.00563015 0.150029 0.0557294 0.313233 
0.00890129 0.000147241 0.0418378 0.0226563 0.0175515 0.00293385 0.00742712 0.000913253 0.0697447 0.175604 0.00463556 0.184259 0.00811152 0.0765188 0.0176363 0.361122 
0.0293064 8.84052e-05 0.0313183 0.0321528 0.0783146 0.00428981 0.010118 0.00557919 0.0096801 0.0884778 0.0126517 0.0591515 0.0116988 0.1612 0.0555073 0.410465 
0.00660841 0.00192524 0.102364 0.00659949 0.0426934 0.0327556 0.0261646 0.0219354 0.019578 0.0727511 0.0258451 0.186309 0.00106453 0.158442 0.0515141 0.243449 
0.017582 6.22874e-07 0.177513 0.00310965 0.0100304 0.00470206 0.0392377 0.0184016 0.0246305 0.0245246 0.0341687 0.124811 0.00144929 0.163263 0.039615 0.316961 
0.0134327 0.000103558 0.226178 0.00663476 0.0492559 0.0185811 0.0214811 0.0107213 0.0168935 0.122734 0.101422 0.0301939 0.0214722 0.0478586 0.0506332 0.262404 
0.00765689 3.13288e-05 0.102268 0.0024505 0.0187923 0.00476278 0.0443526 0.0062993 0.0541709 0.140999 0.00601084 0.106137 0.00747402 0.134332 0.0465223 0.317741 
0.0588097 7.14307e-05 0.0238174 0.000805406 0.029166 0.00938766 0.0248227 0.00877529 0.0990316 0.112087 0.118416 0.0660848 0.0158971 0.0260188 0.0209551 0.385855 
0.00363226 0.000208026 0.033971 0.00639457 0.0247717 0.143826 0.0905165 0.00239542 0.0114067 0.128747 0.0163179 0.1382 0.0043683 0.152177 0.0414181 0.201651 
0.0329261 0.000405724 0.0112859 0.0165807 0.015988 0.00299583 0.00498252 0.00405533 0.00703589 0.263544 0.00550804 0.0325639 0.0316003 0.109785 0.0494853 0.411258 
0.00424271 0.000266887 0.0194656 0.0208641 0.0221209 0.0053971 0.0124986 0.000124638 0.0212113 0.172077 0.0155393 0.129235 0.00215416 0.172941 0.0583187 0.343543 
0.0153774 7.94062e-05 0.0642403 0.0136751 0.0282088 0.00314683 0.0364253 0.0189617 0.0496026 0.0876881 0.0432791 0.0421159 0.00341044 0.224149 0.0377812 0.331859 
0.0375269 0.000271727 0.0140224 0.0204753 0.0210675 0.00167605 0.00529782 0.00514579 0.00805612 0.132358 0.0191665 0.018146 0.0017654 0.0766888 0.0804523 0.557883 
0.0122793 0.000440073 0.0182831 0.0338664 0.0286543 0.00185493 0.0054843 0.0108956 0.015381 0.0611721 0.0257585 0.0433691 0.00314346 0.331774 0.050139 0.357505 
0.0159318 0.000294788 0.0431599 0.0115785 0.0272453 0.00304291 0.0216192 0.000646743 0.0403296 0.0601701 0.028396 0.085636 0.00254508 0.0470299 0.0270662 0.585308 
0.0239736 0.000689753 0.025362 0.00982576 0.0787598 0.00183763 0.00750318 0.000256276 0.0109622 0.0698841 0.0109813 0.0362692 0.0039727 0.180719 0.0643577 0.474646 
0.0971713 0.0105032 0.0365965 0.00686508 0.0350283 0.00694778 0.0414268 0.0103366 0.0465891 0.0899963 0.0201375 0.177061 0.00246548 0.0974609 0.0429533 0.278461 
0.0505278 0.000487144 0.145106 0.00834731 0.0120392 0.00576786 0.0240743 0.0651888 0.0401855 0.049458 0.0215879 0.17588 0.0028575 0.157768 0.0276188 0.213106 
0.0131827 0.000536778 0.0694413 0.00128229 0.0203525 0.0602269 0.0364738 0.0302606 0.0471805 0.158218 0.023528 0.0359441 0.0303581 0.0654117 0.0244214 0.383181 
0.00880654 0.000660132 0.023432 0.0106904 0.027626 0.00307205 0.0341981 0.00626411 0.0197103 0.0893167 0.0234423 0.0459031 0.00422895 0.229757 0.0494079 0.423484 
0.05448 5.5337e-05 0.0776528 0.00159674 0.00596462 0.00526569 0.0147102 0.00137374 0.053203 0.0355091 0.0640535 0.0340597 0.00105404 0.0391489 0.0227739 0.589099 
0.00558959 0.0020749 0.0360167 0.00999623 0.00604772 0.00940382 0.00232923 5.00992e-05 0.00898922 0.359117 0.00632756 0.0651932 0.0153585 0.072248 0.0208666 0.380391 
0.0279939 4.37819e-05 0.118719 0.00130505 0.0181176 0.00104579 0.0161824 0.00101273 0.0189442 0.0712091 0.0248703 0.0760681 0.000288448 0.190211 0.160246 0.273743 
0.0105281 0.000485325 0.0210997 0.0801347 0.0374059 0.00347188 0.0168962 0.00513223 0.0124822 0.155462 0.0273076 0.0381257 0.00970359 0.204954 0.148703 0.228109 
0.0223647 0.000254707 0.09636 0.0140666 0.0204259 0.0190772 0.0180395 0.00256724 0.0455897 0.120893 0.0370351 0.174961 0.00466865 0.131026 0.0484841 0.244186 
0.0678098 3.30966e-05 0.0525311 0.00500008 0.00407102 0.00771825 0.0192328 0.00369169 0.0113027 0.305649 0.00823903 0.0503137 0.0547646 0.0403017 0.0219899 0.347352 
0.0124353 4.86077e-05 0.0334188 0.0141475 0.0378969 0.00362822 0.00369348 0.000596792 0.0140702 0.140994 0.0325606 0.0306506 0.00726694 0.19558 0.0672665 0.405746 
0.00295042 0.000427555 0.0183306 0.00485452 0.0187433 0.00150284 0.00518709 0.000279408 0.0123086 0.174521 0.00628002 0.258051 0.000542449 0.0644036 0.0554949 0.376123 
0.00552423 2.8605e-05 0.0296841 0.0267144 0.0153146 0.0963932 0.0188258 0.00440292 0.0192643 0.0949466 0.227819 0.0282687 0.00173744 0.0657597 0.0921382 0.273178 
0.00649469 0.00468739 0.0402102 0.00691548 0.0337492 0.014698 0.104276 0.00321994 0.0341215 0.218852 0.0206771 0.0611854 0.00352515 0.157945 0.0673982 0.222045 
0.0399153 1.1516e-06 0.252434 0.000913539 0.0159169 0.0144476 0.0329586 0.0597609 0.0161406 0.0489497 0.0203922 0.0517646 0.00668776 0.0706607 0.0193687 0.349688 
0.00290633 2.49399e-05 0.210068 0.001233 0.0263475 0.00226953 0.175128 0.000156031 0.095932 0.0177011 0.00489969 0.0196394 0.00203216 0.10281 0.0289602 0.309892 
0.0123312 1.13068e-05 0.097261 0.000300914 0.00417824 0.00545824 0.242737 0.0304912 0.0420758 0.0157057 0.0635011 0.0952778 0.00433342 0.0642968 0.00599451 0.316045 
0.00842922 0.000475763 0.0384512 0.0188894 0.0475964 0.0202981 0.0243003 0.0103823 0.0730076 0.175632 0.0254719 0.092673 0.00727601 0.0635448 0.0587614 0.334811 
0.139909 0.000459273 0.0214709 0.0118372 0.0393118 0.00519599 0.0153985 0.00732445 0.0343863 0.15604 0.0190317 0.0638829 0.00412027 0.156019 0.0765225 0.249091 
0.0181383 0.000437178 0.0615499 0.00530136 0.0119739 0.0248762 0.0339046 0.0238685 0.0217979 0.150095 0.0157821 0.212842 0.00626409 0.0662338 0.0677583 0.279177 
0.0241096 0.00111269 0.0136593 0.0331845 0.0363565 0.0089439 0.0522177 0.000697859 0.0248275 0.173904 0.0423063 0.0357478 0.00538266 0.129514 0.0898844 0.328151 
0.0578182 0.000624932 0.0211832 0.0109543 0.0293747 0.00504815 0.0144403 0.0045895 0.0233662 0.0837516 0.0123089 0.13889 0.0074252 0.235655 0.0726122 0.281958 
0.00172872 0.000169894 0.0139333 0.0195014 0.0179941 0.00360588 0.00693683 0.000639187 0.0197167 0.16071 0.00682941 0.237105 0.00428795 0.0330929 0.0252547 0.448494 
0.00227636 9.68714e-05 0.00615881 0.0921025 0.0955065 0.00326508 0.00905316 5.54138e-05 0.00632459 0.051267 0.0348336 0.0379496 9.10992e-05 0.10075 0.20488 0.355389 
0.0187101 0.000250536 0.0850093 0.00979799 0.0161957 0.0029322 0.0224421 0.03055 0.0797697 0.0738189 0.0219465 0.0964458 0.00426534 0.127289 0.0322882 0.378288 
0.0170883 0.00144105 0.0501375 0.0133186 0.0343992 0.00193903 0.00563202 0.00654136 0.0174999 0.125583 0.0282413 0.0460512 0.00159742 0.180501 0.0692684 0.400761 
0.0154491 0.00026709 0.0901088 0.0108416 0.0145843 0.00436858 0.0273572 0.00627499 0.0153785 0.0245383 0.0115215 0.123022 0.00505302 0.0498432 0.0172593 0.584133 
0.0108607 0.000448387 0.030885 0.0100457 0.0208118 0.00249955 0.0123566 0.00124079 0.06382 0.0789289 0.0229099 0.151757 0.00139869 0.172644 0.0453092 0.374084 
0.00735246 0.00022416 0.0596095 0.0093053 0.0473544 0.00658727 0.022185 0.00867904 0.0473035 0.116285 0.0265276 0.0781859 0.00211061 0.158768 0.0950124 0.314509 
0.00699849 0.000452841 0.0950842 0.0010181 0.0103725 0.00786727 0.0267627 0.024032 0.0211756 0.327925 0.0271849 0.0254483 0.0121873 0.0496261 0.0243985 0.339466 
0.00386407 1.19867e-05 0.0377898 0.00680987 0.0192324 0.00945675 0.0403342 0.00236919 0.05296 0.261783 0.111338 0.06917 0.00708058 0.0743214 0.0331891 0.27029 
0.010389 7.23119e-05 0.0325383 0.0100016 0.0248632 0.00463701 0.0195806 0.0019636 0.0169292 0.156006 0.0152131 0.11341 0.0502688 0.0571706 0.126373 0.360583 
0.019214 5.00812e-05 0.0569885 0.00362798 0.00964915 0.0148753 0.0523513 0.00373195 0.0203575 0.188605 0.028963 0.0353757 0.012179 0.0903888 0.0506508 0.412992 
0.0141404 0.000301277 0.0165302 0.0183403 0.028187 0.00211833 0.00567569 0.00270022 0.0114698 0.104526 0.0179964 0.0239561 0.00262864 0.161541 0.06362 0.526268 
0.153721 0.0019748 0.0366333 0.00812037 0.0240628 0.0158835 0.0200969 0.00993235 0.0279338 0.0674602 0.0277866 0.0582749 0.00363839 0.0819651 0.0540615 0.408455 
0.004648 0.00216265 0.0243118 0.0928221 0.0171713 0.00380258 0.00460447 0.00350117 0.0154045 0.129795 0.013691 0.0421021 0.00770187 0.0882133 0.062312 0.487756 
0.0853614 0.00020587 0.0230584 0.0102292 0.0189077 0.00468078 0.0493402 0.00014587 0.052517 0.111284 0.0861286 0.0236688 0.00370409 0.106532 0.164398 0.259837 
0.00920273 0.00030002 0.0101229 0.00487196 0.0213404 0.000490043 0.0137415 0.000118063 0.0218437 0.102188 0.00399998 0.134607 0.000911546 0.140828 0.0554808 0.479953 
0.0132697 0.000164368 0.0215773 0.00810456 0.00848727 0.0912974 0.020344 0.00487142 0.0134085 0.0862962 0.0224816 0.0139103 0.00366368 0.119676 0.145734 0.426714 
0.00476281 0.000208167 0.0422376 0.0145292 0.08856 0.0043877 0.00799407 0.00207216 0.0270677 0.106772 0.0086367 0.0427728 0.00270572 0.245188 0.0619341 0.340171 
0.0488391 0.000448915 0.0353509 0.0136675 0.0221382 0.00413458 0.0213486 0.0211469 0.0425776 0.0589797 0.0544171 0.133674 0.00969198 0.162762 0.0514997 0.319323 
0.00881346 0.00121385 0.0521987 0.012621 0.0228009 0.0235246 0.0121982 0.0233861 0.010425 0.142293 0.0071579 0.0520215 0.0211594 0.232872 0.0407145 0.3366 
0.0354439 0.00782126 0.0284571 0.0215753 0.0200881 0.00279225 0.025163 0.00771578 0.0160113 0.0573457 0.00884396 0.100215 0.00799197 0.150292 0.0474488 0.462795 
0.00163687 0.000373019 0.0484779 0.00252281 0.00207623 0.00029235 0.0161541 0.00140167 0.0642276 0.067946 0.00373741 0.180811 9.99792e-05 0.14834 0.00986465 0.452038 
0.00227189 0.000384786 0.022064 0.0130085 0.0228549 0.00211265 0.00401912 0.00498687 0.0169376 0.217989 0.0475226 0.0142375 0.00766836 0.177897 0.0757353 0.370311 
0.00655019 0.00051797 0.019771 0.00724262 0.0133491 0.00332956 0.0185888 0.00789338 0.0271288 0.116443 0.0360852 0.0837856 0.00506248 0.23691 0.0439026 0.37344 
0.00200489 0.000397973 0.0307907 0.000942988 0.00252292 0.00312835 0.0189015 0.000170848 0.0225601 0.0522604 0.0686452 0.0355396 0.0107783 0.017825 0.0199926 0.713539 
0.00980985 1.2108e-05 0.0295679 0.00160175 0.00500293 0.00297944 0.0085568 0.0229906 0.0242319 0.199156 0.0157293 0.0397547 0.0107586 0.0514562 0.0376677 0.540724 
0.0981476 5.56886e-05 0.0161992 0.00731696 0.0110941 0.00477714 0.0920363 0.00620735 0.0196114 0.0984806 0.0115273 0.0564922 0.00160343 0.245272 0.0394027 0.291776 
0.00296091 0.00030205 0.0616787 0.00269212 0.0392337 0.00401353 0.0132866 0.000429207 0.0146487 0.0127488 0.0386433 0.108353 0.000301561 0.282353 0.0260229 0.392331 
0.00620562 0.000443019 0.0633377 0.00498135 0.0274741 0.00686118 0.0160407 0.00120153 0.0129282 0.096705 0.0247849 0.111663 0.00595613 0.0565521 0.0454718 0.519394 
0.00114436 1.3089e-06 0.0817492 0.017186 0.00474972 0.00223397 0.0612459 0.00200153 0.0191962 0.0619788 0.0799466 0.00957799 0.00361299 0.0170245 0.016057 0.622294 
0.000181088 0.00127797 0.0203905 0.00773223 0.0168595 0.00806624 0.00240285 5.09739e-05 0.00284314 0.412266 0.0204591 0.0242791 0.000380231 0.0397558 0.0226404 0.420414 
0.00397942 0.000144071 0.018081 0.0900649 0.0420018 0.00574506 0.00721954 0.0014134 0.0198061 0.229399 0.0130767 0.0629168 0.00581202 0.110511 0.156012 0.233816 
0.00998964 0.000344672 0.0276607 0.00300897 0.0189397 0.0043411 0.0117442 0.00178717 0.0168995 0.0801089 0.0336895 0.0206479 0.0225618 0.158849 0.0387129 0.550714 
0.0199412 0.000527827 0.0619972 0.00831466 0.0949477 0.0334332 0.0500772 0.00765062 0.0446343 0.169755 0.0168831 0.0526198 0.0215122 0.183755 0.0479007 0.18605 
0.0582851 0.000171525 0.0371534 0.0125506 0.0425795 0.00666772 0.00683613 0.00130243 0.0789752 0.209987 0.0247977 0.0415883 0.0248413 0.087533 0.0299038 0.336828 
0.0315589 0.000449724 0.02423 0.00931101 0.0225741 0.00579841 0.0181738 0.00408104 0.0411244 0.0779694 0.126215 0.0601941 0.00440098 0.255724 0.0606325 0.257562 
0.00276098 0.000520268 0.00979006 0.012915 0.0256515 0.0064479 0.00291245 0.00125752 0.00873723 0.227367 0.0231793 0.0175778 0.00962809 0.0906877 0.0537849 0.506782 
0.000516167 1.56898e-07 0.00297994 0.000389938 0.00222542 0.0535987 0.00685074 1.34132e-05 0.0536006 0.077704 0.00939814 0.00971007 0.000946208 0.0869557 0.0127892 0.682322 
0.00258398 8.26354e-05 0.279068 0.0142554 0.0195544 0.00279682 0.00515742 0.000483993 0.00765783 0.12108 0.0122541 0.027103 2.6463e-05 0.0498639 0.0439059 0.414126 
0.0198563 0.000559047 0.01376 0.0360629 0.0181009 0.0255655 0.00592877 0.00210142 0.0405228 0.207642 0.0188151 0.0237048 0.0233885 0.161468 0.0575947 0.344929 
0.00205544 0.000628741 0.0114864 0.0115848 0.0342693 0.00161239 0.00921792 0.000266042 0.0118318 0.0935011 0.0147553 0.0298729 0.00523829 0.277621 0.0460276 0.450031 
0.0251672 0.000585846 0.0501218 0.0115523 0.0180915 0.00789292 0.0270117 0.00504348 0.0584617 0.0968409 0.0936718 0.10953 0.00714311 0.120801 0.0477403 0.320344 
0.0150217 9.6081e-05 0.0559862 0.00158237 0.00799941 0.0113154 0.0254112 0.0112503 0.0181025 0.154019 0.176099 0.00710939 0.00339553 0.0579325 0.0346284 0.420051 
0.00377652 0.000286526 0.0901854 0.010263 0.030807 0.00927652 0.0722072 0.00517903 0.0550195 0.0991637 0.0118837 0.0581988 0.0109449 0.14887 0.0451142 0.348824 
0.0101727 0.0332323 0.0253359 0.00538413 0.0190616 0.00733094 0.0124293 0.00466488 0.027239 0.102936 0.156532 0.0322146 0.00239317 0.194557 0.0929587 0.273557 
0.00790415 1.8332e-06 0.145868 0.000703057 0.00338569 0.019498 0.0377329 0.0232397 0.0329479 0.143738 0.115257 0.0266863 0.00148647 0.0906923 0.0411004 0.309758 
0.00800239 0.000107012 0.0141599 0.00411856 0.0499585 0.0100918 0.0119603 0.00615689 0.0231083 0.252327 0.0562631 0.0402031 0.0100312 0.0743987 0.0814962 0.357617 
0.0293424 0.000619128 0.0405445 0.0137301 0.0293543 0.00510713 0.0171953 0.00546127 0.0294501 0.130742 0.0160767 0.127584 0.00610203 0.147545 0.0776701 0.323475 
0.0069201 0.000201141 0.0232626 0.023702 0.0209497 0.00688447 0.0107443 0.000121818 0.0224352 0.182665 0.0101085 0.146945 0.00300998 0.17522 0.0772597 0.28957 
0.040152 0.000420142 0.00852305 0.00676869 0.0389701 0.00334666 0.00664044 0.000144055 0.0180486 0.134049 0.0218982 0.083864 0.0071381 0.121354 0.0856323 0.42305 
0.0140109 2.59493e-05 0.144657 0.00309498 0.00181094 0.00611461 0.0706778 0.114043 0.0657963 0.0878983 0.0158011 0.0680572 0.0103699 0.0965968 0.00928105 0.291764 
0.00206476 0.000597428 0.00754569 0.00266816 0.0136598 0.00302846 0.00521109 0.000383483 0.0244192 0.126345 0.0224555 0.138522 0.00520152 0.0576379 0.0326863 0.557574 
0.00168043 0.000234704 0.0347737 0.00883372 0.0373667 0.00402938 0.115757 0.00554614 0.0329463 0.218883 0.0394302 0.0423359 0.00549659 0.171756 0.0488044 0.232126 
0.00862986 0.000526062 0.0555183 0.00606862 0.00636693 0.00477157 0.0296724 0.000958908 0.0574217 0.0506639 0.0220399 0.288423 0.00349382 0.0869965 0.02054 0.357909 
0.0222243 0.000474574 0.0472417 0.00987767 0.043231 0.00567773 0.0119618 0.00647285 0.0462611 0.132048 0.0154985 0.0668878 0.00980929 0.201843 0.0434848 0.337006 
0.038934 0.000192836 0.0177939 0.0122871 0.0151495 0.00402051 0.0085968 0.00295874 0.0169761 0.118581 0.011387 0.113435 0.00119646 0.119697 0.0322232 0.486571 
0.0245273 0.00122676 0.0434405 0.0118114 0.0336772 0.0768578 0.015226 0.0048618 0.0561128 0.0898635 0.0423001 0.110587 0.0119703 0.161075 0.0526776 0.263785 
0.0189292 0.000842365 0.0670557 0.0141867 0.0346557 0.0102619 0.0561345 0.00836783 0.0478776 0.0943511 0.0403125 0.0859866 0.00802513 0.216752 0.0733106 0.22295 
0.005133 0.00223561 0.0216452 0.00407107 0.0253144 0.00477492 0.00255175 0.00144332 0.0129479 0.156506 0.0415786 0.0291549 0.0313232 0.0750383 0.084228 0.502054 
0.00605836 0.000184394 0.0311532 0.00994448 0.0270529 0.00215012 0.00996035 0.000162695 0.0342228 0.0613426 0.0947029 0.0324045 0.0050239 0.291986 0.0529991 0.340651 
