0.00465746 0.000367499 0.00760895 0.00802841 0.430037 0.00259276 0.0235755 0.0445199 0.0693943 0.0161533 0.00722147 0.0606334 0.000688153 0.0543966 0.221307 0.0488189 
0.00236459 7.13984e-05 0.0219929 0.00995378 0.751688 0.00411764 0.000515406 0.000159156 0.00189882 0.0187951 0.00236005 0.009261 0.000862212 0.065161 0.0791283 0.031671 
0.00181681 2.79608e-05 0.0686681 0.0131422 0.694692 0.00662668 0.00157361 0.000322802 0.00403534 0.0158868 0.00257445 0.00619883 0.000550824 0.0651306 0.0934537 0.0252991 
0.00184547 6.24231e-05 0.0948236 0.039097 0.395331 0.00859921 0.00810392 0.0160461 0.0473291 0.021682 0.00915621 0.0218396 0.00198971 0.153789 0.131896 0.0484104 
0.000419957 3.8142e-05 0.00885618 0.0183868 0.787767 0.001417 0.000652345 0.000320932 0.00061299 0.0196545 0.000258488 0.00108543 0.00626301 0.0469762 0.0903852 0.0169061 
0.00525401 0.00024547 0.00235261 0.0136836 0.596053 0.000639302 0.0223298 0.000405966 0.0131671 0.0117201 0.00388307 0.039829 0.000132114 0.0788146 0.185616 0.0258736 
0.0160571 0.000170865 0.030381 0.0247353 0.313607 0.0316805 0.0463578 0.0031414 0.0157678 0.196887 0.00867729 0.0245475 0.0018646 0.117533 0.10017 0.0684224 
0.0012669 0.000240727 0.0269005 0.0438146 0.251781 0.00509401 0.0123402 7.02249e-06 0.00333513 0.042013 0.0810684 0.0283514 9.94886e-05 0.152635 0.2371 0.113953 
0.0109816 0.000224514 0.0858246 0.062629 0.233446 0.00429341 0.0351377 0.00653875 0.0524378 0.101279 0.0407725 0.042058 0.00298145 0.102341 0.123696 0.0953593 
0.00477112 0.000277015 0.000225415 0.00580861 0.73431 0.000400641 0.00110724 6.88537e-05 0.00266845 0.034428 0.0118528 0.0105597 0.000474485 0.0454776 0.100523 0.047047 
0.00264511 0.000258174 0.0419278 0.233061 0.265433 0.00443521 0.00584375 0.000155163 0.012167 0.038227 0.00328767 0.0230349 0.000431007 0.0898043 0.250063 0.0292252 
0.0653663 0.000220457 0.0310537 0.00580331 0.418331 0.000918389 0.0710169 0.00227047 0.0323231 0.0174812 0.0112388 0.0254238 0.00161395 0.071927 0.0382658 0.206745 
0.00356901 1.81254e-05 0.0264889 0.0672506 0.414368 0.00757834 0.0163688 0.0014714 0.00988573 0.113982 0.0126264 0.00931034 1.48016e-05 0.175499 0.117856 0.0237134 
0.00947955 0.00103408 0.0272967 0.026683 0.253041 0.00559472 0.0137893 0.00222189 0.013429 0.144279 0.0245805 0.0311264 0.00713155 0.101457 0.205685 0.133172 
0.00400454 0.00036332 0.00673922 0.0591886 0.434672 0.00274416 0.0123643 0.00174219 0.0119034 0.0244043 0.00525654 0.0712993 0.00192511 0.23947 0.0669338 0.0569888 
0.00201021 0.000150837 0.112804 0.0191454 0.253303 0.00957081 0.000564088 0.000427063 0.0130437 0.114465 0.00553069 0.0504445 3.06985e-05 0.162569 0.165069 0.0908717 
0.000269609 6.32366e-09 6.47596e-05 0.00462368 0.681153 0.000620103 0.000103751 6.71407e-06 8.91079e-06 0.0542724 0.0150575 0.000204899 0.00105168 0.000682987 0.240711 0.00116882 
0.00479427 0.000161547 0.035701 0.0363835 0.577165 0.00857838 0.00263043 0.000307205 0.00559717 0.104316 0.00600284 0.00586278 0.00039729 0.0488791 0.099912 0.063312 
0.00361908 0.00022098 0.157678 0.0151567 0.254342 0.011285 0.000654814 0.000562197 0.00577143 0.112793 0.00495567 0.0926082 0.000116096 0.156152 0.106421 0.0776639 
0.000543894 5.44557e-05 0.00686858 0.0373217 0.723984 0.00145083 0.00120663 2.65521e-05 0.00195632 0.00826786 0.000907479 0.00559389 3.48476e-06 0.0922625 0.0963578 0.023194 
0.00478704 0.000346751 0.0071525 0.290701 0.442145 0.000698202 0.00296082 0.000455542 0.00311653 0.0199922 0.00529973 0.0299412 0.000491951 0.0455347 0.0828524 0.0635243 
0.00414872 0.00082111 0.014532 0.0159591 0.196265 0.00503415 0.0390174 0.000147449 0.106312 0.0568917 0.0193323 0.173913 0.000395331 0.133146 0.18345 0.0506348 
0.00306843 0.000279156 0.0129775 0.0138496 0.673138 0.00380483 0.0207434 0.00224645 0.00741323 0.040029 0.00498099 0.020911 0.000524008 0.0683622 0.0733355 0.0543367 
0.00264511 0.000258174 0.0419278 0.233061 0.265433 0.00443521 0.00584375 0.000155163 0.012167 0.038227 0.00328767 0.0230349 0.000431007 0.0898043 0.250063 0.0292252 
0.00620905 0.0193287 0.0141065 0.0682925 0.159438 0.0022011 0.0122984 0.00103255 0.052337 0.126621 0.0398909 0.0932445 0.0114109 0.104956 0.153584 0.135049 
0.0258224 0.0161985 0.106351 0.10874 0.22752 0.0379394 0.017218 0.00320766 0.00814302 0.116844 0.0519867 0.0222149 0.0186536 0.0396336 0.0996582 0.0998682 
0.0148452 0.000362804 0.0155934 0.0235297 0.241699 0.0238057 0.0178408 0.00440735 0.0168564 0.19308 0.0126381 0.027588 0.0100684 0.0703792 0.128392 0.198914 
0.00600699 0.00209698 0.0066887 0.0269049 0.33776 0.00119391 0.00310333 0.00116841 0.0855086 0.0129877 0.00686581 0.0633215 0.00157121 0.259165 0.143806 0.0418511 
0.00236459 7.13984e-05 0.0219929 0.00995378 0.751688 0.00411764 0.000515406 0.000159156 0.00189882 0.0187951 0.00236005 0.009261 0.000862212 0.065161 0.0791283 0.031671 
0.00416995 0.0002731 0.0183316 0.02279 0.334461 0.0115299 0.011477 0.00506038 0.0183734 0.068023 0.00969029 0.139225 0.00318648 0.17004 0.0680397 0.115329 
0.106545 0.000256854 0.0369267 0.00559336 0.471445 0.00285001 0.0318298 0.00822684 0.0487187 0.0187469 0.0252452 0.0145404 0.012652 0.0275829 0.0259757 0.162865 
0.0120624 0.000251345 0.0251306 0.1234 0.233206 0.00624969 0.0193352 0.00102352 0.0183139 0.0894862 0.0121048 0.0499028 0.00178167 0.13299 0.172289 0.102473 
0.0536087 0.00107184 0.0257886 0.0215079 0.420627 0.0140573 0.00103473 7.90834e-05 0.00464127 0.102324 0.00238755 0.00707134 0.00645836 0.0580958 0.199324 0.0819226 
0.0227708 4.64289e-06 0.0257975 0.015504 0.371684 0.0247074 0.0372648 0.00308043 0.0582122 0.162007 0.0154532 0.0221161 0.00694238 0.064788 0.0854626 0.0842042 
0.00246664 0.000179007 0.00999347 0.0119043 0.710423 0.00234689 0.00201902 0.000129093 0.00777848 0.0176471 0.00239491 0.0276733 5.19998e-05 0.0695408 0.0895877 0.0458648 
0.0044961 0.000424068 0.00826573 0.0175514 0.386063 0.00119265 0.187615 0.000259448 0.00949552 0.0219687 0.00490882 0.0453527 0.00117769 0.0935563 0.106284 0.111388 
0.001658 1.63815e-05 0.00778753 0.00964704 0.738496 0.00142454 0.00122496 1.52549e-05 0.00667493 0.0193968 0.00152252 0.0239133 2.46512e-05 0.0780691 0.066341 0.0437884 
0.0136834 0.000249677 0.031427 0.0412786 0.354647 0.00267743 0.00668313 0.000486837 0.00858102 0.0628184 0.0253522 0.0325963 0.0015018 0.10998 0.229331 0.0787055 
0.00663231 0.000296307 0.00854835 0.058972 0.433552 0.0121587 0.00845247 0.00122917 0.024609 0.0280542 0.00409355 0.0924499 0.000503929 0.126607 0.158372 0.0354695 
0.0036392 0.00137057 0.0243265 0.0148089 0.546889 0.0021629 0.00476178 0.000339938 0.013441 0.0360913 0.0496252 0.0353768 0.00111024 0.0736682 0.104951 0.0874372 
0.0470107 0.000234083 0.0798326 0.0186564 0.477327 0.00874758 0.0162895 0.00914356 0.0184638 0.0396372 0.0096237 0.0340469 0.00349388 0.0726728 0.0678891 0.0969317 
0.00944888 0.00029465 0.024882 0.013872 0.421444 0.00750889 0.00915294 0.00171898 0.0206168 0.1196 0.0130072 0.024486 0.00417073 0.0880175 0.101179 0.1406 
0.0632423 8.5159e-06 0.126057 0.0327168 0.255113 0.0418679 0.0385919 0.0651815 0.0214403 0.0432302 0.0138416 0.0324221 0.00301717 0.088782 0.0912 0.0832871 
0.00246664 0.000179007 0.00999347 0.0119043 0.710423 0.00234689 0.00201902 0.000129093 0.00777848 0.0176471 0.00239491 0.0276733 5.19998e-05 0.0695408 0.0895877 0.0458648 
0.00103625 3.19849e-05 0.0152038 0.015389 0.541947 0.018825 0.00837761 1.4704e-05 0.00742219 0.0419559 0.0122329 0.0143941 8.61742e-05 0.13501 0.110321 0.077752 
0.00435169 0.000220227 0.00643983 0.0063509 0.648835 0.00515783 0.00776684 0.00155969 0.00931561 0.0398854 0.0163683 0.02473 0.000518889 0.0416489 0.0988668 0.0879838 
0.000288843 1.37824e-06 0.00440239 0.0357996 0.758617 0.000750934 0.000739565 1.91621e-05 0.00161639 0.0087444 0.00066378 0.00240677 2.01029e-06 0.0789487 0.0851866 0.0218121 
0.00050247 1.21309e-05 0.00829427 0.0370693 0.677506 0.000715464 0.00160988 3.41998e-05 0.00354314 0.0115008 0.00322329 0.00493208 1.64552e-06 0.0938689 0.129135 0.0280519 
0.0183407 0.00028411 0.0238193 0.00925286 0.53113 0.00457904 0.00328227 0.00186053 0.006375 0.0391784 0.0179182 0.0157416 0.00128089 0.0624301 0.17663 0.0878967 
0.0119979 0.00934869 0.0320409 0.0370949 0.542467 0.00902849 0.0203071 0.0027612 0.0119769 0.0403043 0.0110627 0.0319952 0.00181828 0.0765797 0.0858169 0.0754003 
0.0126145 0.000323075 0.0141086 0.0695443 0.405486 0.00467716 0.00551261 0.00238789 0.0150008 0.108033 0.0198548 0.024257 0.00695989 0.063718 0.153294 0.0942285 
0.00865265 0.000318964 0.0282508 0.0329342 0.26543 0.00718425 0.0149824 0.00126227 0.0248183 0.106635 0.0136563 0.042177 0.00329517 0.116887 0.243893 0.0896227 
0.00452682 6.85018e-05 0.00439407 0.00877555 0.290617 0.000662551 0.00533483 1.05488e-05 0.0587894 0.00894889 0.00279337 0.124253 0.000399688 0.187877 0.263171 0.0393782 
0.00336502 0.000287593 0.0024545 0.0139485 0.670314 0.000548238 0.0130564 0.000389793 0.00778322 0.0119253 0.00256695 0.0227791 7.7126e-05 0.0608197 0.166595 0.0230893 
0.0130059 0.000368787 0.00518589 0.202209 0.488052 0.000655404 0.00544236 0.000759838 0.0082948 0.0213318 0.00994822 0.0398647 0.00149089 0.0589682 0.0786447 0.0657775 
0.0033805 1.30835e-05 0.0462038 0.0319668 0.213713 0.0035126 0.0204272 1.92457e-05 0.00692577 0.156853 0.00612321 0.0353593 0.00314492 0.106752 0.162051 0.203554 
0.0018139 4.08433e-06 0.00632858 0.265975 0.453919 0.000496342 0.00435617 2.33062e-05 0.00543694 0.0340065 0.00549267 0.0459178 0.000170503 0.0173598 0.0614158 0.0972837 
0.00502548 0.00019654 0.0167136 0.0410115 0.436904 0.0116064 0.00767187 0.000939294 0.0112183 0.110181 0.00854306 0.0547882 0.00326888 0.10152 0.109351 0.0810599 
0.00583729 7.34503e-05 0.00773331 0.0163735 0.444372 0.00261188 0.00581934 0.00114192 0.0138018 0.0318644 0.0332699 0.0145604 0.000810675 0.0457655 0.327158 0.0488067 
0.0028484 0.000419855 0.169515 0.0157975 0.182562 0.0120623 0.00100976 0.000563126 0.00515526 0.143941 0.00494582 0.102746 0.000767159 0.150786 0.0920229 0.114859 
0.00299076 0.000381232 0.0125681 0.0377942 0.396346 0.00539375 0.00410667 0.0193248 0.024356 0.0354752 0.0154433 0.0218126 8.07572e-05 0.0923738 0.260062 0.0714906 
0.00624449 0.000134599 0.00869248 0.0101682 0.577919 0.00344601 0.00356374 8.98507e-05 0.0131314 0.0241076 0.0369987 0.0295783 8.77031e-05 0.0703673 0.132028 0.083443 
0.00518404 9.82381e-05 0.00850502 0.106004 0.217683 0.0244846 0.0029397 0.000430182 0.0207874 0.196026 0.0118812 0.0250789 0.000860734 0.0998346 0.199677 0.0805263 
0.00234519 0.000181172 0.0109677 0.0090738 0.732809 0.00240923 0.00177539 0.000147827 0.00680416 0.0419693 0.00219329 0.0243268 0.000259164 0.0642913 0.0579604 0.0424862 
0.0259892 0.000271213 0.00207573 0.0224847 0.624241 0.000502799 0.00913513 0.000133982 0.0202077 0.0178938 0.015098 0.0438619 0.00343625 0.0738866 0.0772316 0.0635502 
0.00137767 4.85777e-05 0.0306643 0.0107927 0.347195 0.0273629 0.00563625 0.00658158 0.0119714 0.0933692 0.0582485 0.0152479 0.00573343 0.115711 0.163074 0.106985 
0.00478704 0.000346751 0.0071525 0.290701 0.442145 0.000698202 0.00296082 0.000455542 0.00311653 0.0199922 0.00529973 0.0299412 0.000491951 0.0455347 0.0828524 0.0635243 
0.0409867 0.000282541 0.0347653 0.00950619 0.532434 0.0100441 0.0180466 0.00835673 0.0274037 0.0358964 0.0201891 0.0157121 0.00480918 0.0641722 0.0556114 0.121784 
0.000456398 6.19517e-07 0.000119734 0.330591 0.338614 0.0006726 0.000352535 5.74584e-07 0.00158103 0.0508564 0.0026017 0.00202205 1.16496e-06 0.0953198 0.116844 0.0599665 
0.0259892 0.000271213 0.00207573 0.0224847 0.624241 0.000502799 0.00913513 0.000133982 0.0202077 0.0178938 0.015098 0.0438619 0.00343625 0.0738866 0.0772316 0.0635502 
0.000100905 3.8878e-07 0.0754421 0.0108028 0.378358 0.00828691 0.000271104 1.82238e-05 0.00482909 0.0721471 0.028195 0.00235036 6.7396e-05 0.0394529 0.347558 0.0321199 
0.0261138 0.000393323 0.0370134 0.142216 0.516674 0.00521136 0.0102446 0.00565757 0.00790103 0.0194996 0.00594996 0.0328632 0.00223705 0.05123 0.0746606 0.0621337 
0.00434349 0.000242998 0.0110128 0.0096985 0.508967 0.00123494 0.00281144 0.00140329 0.00756866 0.0888124 0.00994191 0.00918369 0.00673639 0.0448309 0.247766 0.0454453 
0.0206017 1.77281e-05 0.00962934 0.0116181 0.393832 0.00126349 0.037886 5.3011e-05 0.00716926 0.0218836 0.0112207 0.0405034 0.00156241 0.0963828 0.259372 0.0870046 
0.0337026 0.000145914 0.0481661 0.0160671 0.537166 0.0062756 0.0143929 0.00637001 0.01374 0.0377929 0.0124679 0.0196548 0.00325278 0.078532 0.0892449 0.0830283 
0.00368305 0.000362499 0.0248371 0.0710457 0.225569 0.0261315 0.0532332 0.000759807 0.0173203 0.155328 0.00843262 0.0155552 0.0018715 0.152404 0.187164 0.0563024 
0.00938766 0.000182639 0.0392422 0.0224152 0.623455 0.00911201 0.00462239 0.00445301 0.0067902 0.0533594 0.00523876 0.0167607 0.0188656 0.0659137 0.0713738 0.0488275 
0.00236394 0.000178396 0.00645947 0.00953345 0.705758 0.0166245 0.00287126 0.00185632 0.00908505 0.0446988 0.00638941 0.00961532 0.000710596 0.0611169 0.0998184 0.0229206 
0.00260803 0.000313463 0.00847399 0.15254 0.514649 0.00997638 0.00375644 0.000464431 0.00637738 0.0382605 0.00254063 0.0431272 0.00175036 0.0686514 0.100313 0.0461974 
0.00503546 0.000391766 0.00373196 0.124152 0.59825 0.000677383 0.00228204 0.000709828 0.00334008 0.0280055 0.0087534 0.0232146 0.000735394 0.0496644 0.091635 0.0594214 
0.00352296 7.64678e-05 0.00757773 0.305276 0.314211 0.00154505 0.0058465 2.17618e-05 0.00963439 0.0485932 0.0123243 0.0283149 0.000362969 0.044301 0.123154 0.0952373 
0.0247631 0.000194101 0.0257667 0.0153064 0.526602 0.00682622 0.0294041 0.00471324 0.0201183 0.0316077 0.0120236 0.0312681 0.00124213 0.0954476 0.062195 0.112521 
0.00302201 0.000121746 0.0325459 0.011701 0.632775 0.00628951 0.000870721 0.000193214 0.0051104 0.0375272 0.0050635 0.0190544 0.000975363 0.0825111 0.107871 0.0543687 
0.00148585 0.00018325 0.00768202 0.017031 0.623798 0.0194679 0.00173882 6.84772e-05 0.00293103 0.0246462 0.00700571 0.0051247 5.45582e-05 0.100914 0.103705 0.0841629 
0.000961951 1.11908e-06 0.0061463 0.0305215 0.323405 0.0134283 0.00309996 1.0724e-06 0.0011532 0.1574 0.000527875 0.0258357 7.86475e-05 0.0979887 0.273275 0.0661754 
0.0386501 0.000357951 0.0184247 0.0196263 0.60463 0.0174862 0.0159475 0.0072347 0.0165788 0.0246299 0.0139388 0.0268401 0.00475434 0.0583743 0.0690275 0.0634986 
0.00478704 0.000346751 0.0071525 0.290701 0.442145 0.000698202 0.00296082 0.000455542 0.00311653 0.0199922 0.00529973 0.0299412 0.000491951 0.0455347 0.0828524 0.0635243 
0.0331235 5.35245e-05 0.105196 0.000509447 0.155783 0.0133961 0.0793204 0.111414 0.0574636 0.092095 0.0752207 0.0622954 0.0640324 0.0223477 0.00353642 0.124212 
0.00134802 0.00024561 0.00457783 0.0203818 0.60187 0.00232861 0.00630888 0.000102232 0.0236783 0.0102031 0.00972655 0.0374055 0.000297616 0.0909845 0.174291 0.0162497 
0.00221651 0.000110333 0.0267474 0.218434 0.395755 0.0032844 0.00378182 0.00181151 0.00436093 0.0943366 0.00627735 0.0068534 0.00748365 0.0519906 0.0974274 0.0791299 
0.00378357 0.00216872 0.0230553 0.0150323 0.309957 0.0134864 0.00867906 0.000876975 0.0325883 0.166971 0.0418493 0.0252332 0.00102071 0.0980557 0.19744 0.0598027 
0.0259892 0.000271213 0.00207573 0.0224847 0.624241 0.000502799 0.00913513 0.000133982 0.0202077 0.0178938 0.015098 0.0438619 0.00343625 0.0738866 0.0772316 0.0635502 
0.00533364 0.00039294 0.00737361 0.0230718 0.429771 0.00214992 0.0110616 0.000223794 0.0101484 0.0354485 0.00357146 0.105044 0.00392726 0.224755 0.0583364 0.0793909 
0.0078157 6.36366e-06 0.000322165 0.0376798 0.414405 0.000613417 0.00775642 0.000699977 0.019333 0.0637409 0.028662 0.0337333 0.0041271 0.124893 0.220841 0.0353711 
0.00181204 0.000240176 0.0662147 0.0283897 0.428125 0.00707914 0.0017063 0.000237848 0.00623105 0.0660553 0.0054052 0.0487964 0.000283389 0.139276 0.124704 0.0754438 
0.0717778 4.55826e-05 0.136005 0.0200296 0.275315 0.0443533 0.0357648 0.0222589 0.023561 0.0368435 0.0123538 0.05452 0.00539266 0.083547 0.0733639 0.104868 
0.000111071 4.03491e-05 0.00599373 0.00283432 0.533516 4.37514e-05 0.00228851 0.000663488 0.00374091 0.00301339 0.000220065 0.0218817 1.58087e-05 0.0258075 0.399134 0.000695843 
0.00448013 0.000216719 0.0157854 0.0179205 0.740724 0.00245563 0.00110372 0.00909745 0.00779331 0.0326447 0.00625482 0.0105301 0.000884918 0.0534378 0.069971 0.0266999 
0.00448013 0.000216719 0.0157854 0.0179205 0.740724 0.00245563 0.00110372 0.00909745 0.00779331 0.0326447 0.00625482 0.0105301 0.000884918 0.0534378 0.069971 0.0266999 
0.00199216 0.000237851 0.0122922 0.0145228 0.694144 0.00842217 0.00192869 0.00286031 0.00533443 0.0497823 0.00890421 0.00726998 0.000161608 0.0615948 0.0755654 0.0549875 
0.00352296 7.64678e-05 0.00757773 0.305276 0.314211 0.00154505 0.0058465 2.17618e-05 0.00963439 0.0485932 0.0123243 0.0283149 0.000362969 0.044301 0.123154 0.0952373 
0.0084931 0.000966208 0.0109328 0.0174413 0.408923 0.00723153 0.0097776 0.000518859 0.015969 0.0743355 0.0552323 0.0126437 0.00200287 0.117496 0.166591 0.0914454 
0.00242269 7.0847e-05 0.0323434 0.0742114 0.303939 0.013916 0.0239458 0.000105124 0.0185209 0.0536969 0.0470849 0.0417667 0.000948312 0.232945 0.100436 0.0536469 
0.000969375 0.000209243 0.0101826 0.0672394 0.682961 0.00285873 0.00513496 9.22805e-05 0.0037632 0.051815 0.0020373 0.00264331 0.00277809 0.082094 0.053132 0.0320901 
0.0164496 0.0105098 0.0152673 0.0240015 0.477929 0.00785868 0.0270449 0.00217019 0.0111033 0.0706444 0.00865748 0.0262099 0.00773495 0.0779923 0.115654 0.100772 
0.00542248 0.000337215 0.0278241 0.039475 0.266472 0.0098805 0.00975678 0.000666252 0.0176151 0.105206 0.0173703 0.0319613 0.00220232 0.108478 0.199197 0.158136 
0.00134107 0.00032716 0.0272885 0.015095 0.418154 0.055846 0.00257511 0.000739833 0.00819359 0.0970631 0.00410494 0.0116667 0.00301682 0.0793795 0.135143 0.140067 
0.00248345 0.000774889 0.0174219 0.0196359 0.301901 0.00565244 0.0117258 0.00156629 0.0461251 0.172911 0.0148142 0.0492863 0.00861954 0.120731 0.15672 0.069631 
0.0121785 0.00151965 0.0193808 0.0358719 0.512121 0.00736782 0.0163381 0.00276007 0.0161083 0.060341 0.0117933 0.0381399 0.00473409 0.0874489 0.0909935 0.0829031 
0.00364978 0.000189251 0.0300566 0.262767 0.347724 0.0872096 0.0109402 0.00262464 0.00660295 0.0626556 0.0103647 0.00581998 0.00480111 0.0749745 0.0513733 0.0382468 
0.0036392 0.00137057 0.0243265 0.0148089 0.546889 0.0021629 0.00476178 0.000339938 0.013441 0.0360913 0.0496252 0.0353768 0.00111024 0.0736682 0.104951 0.0874372 
0.0016862 5.77066e-05 0.0190863 0.0262311 0.560206 0.0204171 0.00904783 0.00679203 0.0169094 0.0314252 0.0109049 0.0730199 0.000362697 0.154487 0.0356372 0.0337288 
0.00380593 0.00124789 0.0329225 0.149379 0.213915 0.00657327 0.0126868 0.00246006 0.0263747 0.124769 0.0134147 0.0274004 0.0172165 0.0823294 0.145578 0.139928 
0.00234519 0.000181172 0.0109677 0.0090738 0.732809 0.00240923 0.00177539 0.000147827 0.00680416 0.0419693 0.00219329 0.0243268 0.000259164 0.0642913 0.0579604 0.0424862 
0.0596734 0.000303725 0.0665561 0.0179661 0.591484 0.0109796 0.017018 0.0101413 0.0128962 0.0168611 0.00491658 0.0277131 0.00373303 0.0509667 0.060921 0.0478697 
0.0191443 0.000270772 0.0345165 0.0293681 0.596931 0.0215133 0.0129774 0.00341892 0.0112138 0.0328841 0.00672794 0.0199314 0.00337786 0.0718962 0.076485 0.0593433 
0.00155688 5.68269e-05 0.0202859 0.02529 0.594877 0.0202869 0.00473157 0.00661077 0.0142858 0.0346005 0.0104764 0.0547316 0.000361459 0.135905 0.039259 0.0366848 
0.00276365 0.000242632 0.00467851 0.0939242 0.445485 0.00267757 0.0105533 0.00251284 0.0111339 0.0165678 0.00569318 0.0409039 0.000775167 0.24525 0.0772073 0.0396311 
0.0270722 0.00023193 0.0172323 0.0736627 0.469155 0.00190604 0.0186612 0.00395922 0.0182014 0.0441757 0.0154782 0.0264213 0.00258872 0.0735801 0.0814545 0.126219 
0.00248119 0.000720894 0.00798064 0.0526526 0.271994 0.00276203 0.00562652 0.00206025 0.00607851 0.127789 0.00989514 0.0358962 0.00108836 0.152296 0.0926168 0.228061 
0.00236394 0.000178396 0.00645947 0.00953345 0.705758 0.0166245 0.00287126 0.00185632 0.00908505 0.0446988 0.00638941 0.00961532 0.000710596 0.0611169 0.0998184 0.0229206 
0.0156549 0.00063434 0.0295332 0.0458965 0.249707 0.00633884 0.0133839 0.00291494 0.023809 0.0855809 0.0193808 0.0460365 0.00507578 0.105056 0.236307 0.114691 
0.000100905 3.8878e-07 0.0754421 0.0108028 0.378358 0.00828691 0.000271104 1.82238e-05 0.00482909 0.0721471 0.028195 0.00235036 6.7396e-05 0.0394529 0.347558 0.0321199 
0.00119861 5.86527e-05 0.0385712 0.011673 0.493102 0.0139724 0.00372867 0.00181143 0.00960034 0.108493 0.0107971 0.020196 0.000169296 0.0844481 0.0940467 0.108134 
0.00269652 0.000335828 0.0125054 0.029055 0.634181 0.00230953 0.0406707 0.000844565 0.007457 0.0326818 0.00352807 0.0147709 0.00181501 0.0706409 0.0947429 0.0517652 
0.00116834 0.000279577 0.00942919 0.0345677 0.722597 0.00161046 0.00144371 0.000371167 0.00253033 0.0112117 0.00159377 0.00468093 6.20159e-05 0.0851668 0.0922577 0.0310298 
0.00276365 0.000242632 0.00467851 0.0939242 0.445485 0.00267757 0.0105533 0.00251284 0.0111339 0.0165678 0.00569318 0.0409039 0.000775167 0.24525 0.0772073 0.0396311 
0.0470107 0.000234083 0.0798326 0.0186564 0.477327 0.00874758 0.0162895 0.00914356 0.0184638 0.0396372 0.0096237 0.0340469 0.00349388 0.0726728 0.0678891 0.0969317 
0.00117662 1.68533e-06 0.076779 0.0143101 0.692343 0.00643296 0.00103991 3.43789e-05 0.00374061 0.0153401 0.00196643 0.00495482 0.000191841 0.0694055 0.0903643 0.0219184 
0.0016862 5.77066e-05 0.0190863 0.0262311 0.560206 0.0204171 0.00904783 0.00679203 0.0169094 0.0314252 0.0109049 0.0730199 0.000362697 0.154487 0.0356372 0.0337288 
0.0596734 0.000303725 0.0665561 0.0179661 0.591484 0.0109796 0.017018 0.0101413 0.0128962 0.0168611 0.00491658 0.0277131 0.00373303 0.0509667 0.060921 0.0478697 
0.00535574 1.53308e-05 0.000211146 0.00238564 0.822275 0.000926981 0.000909518 3.30474e-05 0.0497953 0.0428878 0.000181591 0.00171095 0.000110993 0.00517965 0.0669137 0.00110761 
0.00342773 0.000248282 0.10346 0.0562651 0.342911 0.00270708 0.00248255 0.00926335 0.0291344 0.0452786 0.0103186 0.0297184 0.000860332 0.163978 0.158645 0.0413019 
0.00234519 0.000181172 0.0109677 0.0090738 0.732809 0.00240923 0.00177539 0.000147827 0.00680416 0.0419693 0.00219329 0.0243268 0.000259164 0.0642913 0.0579604 0.0424862 
0.0036426 4.38357e-05 0.0821117 0.0264877 0.314229 0.13114 0.0195156 7.67885e-05 0.0288485 0.0845422 0.0104876 0.0306298 0.00097617 0.108792 0.0721215 0.086355 
0.00246664 0.000179007 0.00999347 0.0119043 0.710423 0.00234689 0.00201902 0.000129093 0.00777848 0.0176471 0.00239491 0.0276733 5.19998e-05 0.0695408 0.0895877 0.0458648 
0.0185982 9.16344e-05 0.0615917 0.00992037 0.585724 0.00768505 0.00928976 0.00563833 0.00732128 0.0231568 0.00477377 0.0162768 0.0012371 0.0511534 0.137854 0.0596885 
0.00176529 3.94795e-06 0.00987591 0.0146258 0.686995 0.0173108 0.00177545 5.50122e-05 0.00150768 0.0281893 0.00282077 0.00269246 0.000352372 0.0391342 0.146566 0.0463298 
0.00236394 0.000178396 0.00645947 0.00953345 0.705758 0.0166245 0.00287126 0.00185632 0.00908505 0.0446988 0.00638941 0.00961532 0.000710596 0.0611169 0.0998184 0.0229206 
0.00689748 0.00099064 0.0228142 0.0265101 0.355536 0.0117013 0.0154876 0.00174672 0.0127109 0.0517865 0.0161826 0.0584237 0.00254265 0.136351 0.190215 0.0901034 
0.00050247 1.21309e-05 0.00829427 0.0370693 0.677506 0.000715464 0.00160988 3.41998e-05 0.00354314 0.0115008 0.00322329 0.00493208 1.64552e-06 0.0938689 0.129135 0.0280519 
0.00236459 7.13984e-05 0.0219929 0.00995378 0.751688 0.00411764 0.000515406 0.000159156 0.00189882 0.0187951 0.00236005 0.009261 0.000862212 0.065161 0.0791283 0.031671 
0.00234519 0.000181172 0.0109677 0.0090738 0.732809 0.00240923 0.00177539 0.000147827 0.00680416 0.0419693 0.00219329 0.0243268 0.000259164 0.0642913 0.0579604 0.0424862 
0.00204723 0.00117185 0.105748 0.0163447 0.396363 0.0068865 0.00409586 0.00051607 0.0115906 0.073927 0.0135092 0.0248012 0.00286951 0.080793 0.184525 0.0748115 
0.0259892 0.000271213 0.00207573 0.0224847 0.624241 0.000502799 0.00913513 0.000133982 0.0202077 0.0178938 0.015098 0.0438619 0.00343625 0.0738866 0.0772316 0.0635502 
0.0551146 0.000161305 0.0361802 0.00393933 0.457908 0.00115615 0.0652582 0.000509034 0.0311632 0.0122868 0.0113558 0.0486858 0.000711626 0.0650881 0.0424325 0.168049 
0.00111331 6.3722e-05 0.00884568 0.00261387 0.454418 0.00254291 0.000482799 0.00184902 0.0011553 0.214776 0.00878554 0.00382364 0.0274737 0.0131024 0.0841456 0.174808 
0.0746718 0.000207274 0.0167983 0.0583946 0.202856 0.00936534 0.010656 0.00147674 0.0141431 0.172275 0.0169689 0.0303361 0.00330358 0.085146 0.199898 0.103502 
0.00201514 0.00167368 0.00377054 0.00279743 0.407606 0.000179638 0.0264818 0.000538018 0.0133488 0.0358715 0.00725607 0.0403396 0.000183678 0.0499702 0.386126 0.0218415 
0.00217525 0.000163838 0.00749871 0.00472742 0.485691 0.00265379 0.00307499 0.00698294 0.00650746 0.134578 0.0194126 0.0182988 0.001793 0.0465396 0.0701256 0.189777 
0.000288843 1.37824e-06 0.00440239 0.0357996 0.758617 0.000750934 0.000739565 1.91621e-05 0.00161639 0.0087444 0.00066378 0.00240677 2.01029e-06 0.0789487 0.0851866 0.0218121 
0.0470107 0.000234083 0.0798326 0.0186564 0.477327 0.00874758 0.0162895 0.00914356 0.0184638 0.0396372 0.0096237 0.0340469 0.00349388 0.0726728 0.0678891 0.0969317 
0.00246664 0.000179007 0.00999347 0.0119043 0.710423 0.00234689 0.00201902 0.000129093 0.00777848 0.0176471 0.00239491 0.0276733 5.19998e-05 0.0695408 0.0895877 0.0458648 
0.0123251 0.00010217 0.00832075 0.00386396 0.332508 0.00491865 0.000836753 5.26917e-05 0.0430963 0.22389 0.196176 0.0153922 0.000460802 0.056932 0.0600154 0.041109 
0.00294826 0.00081877 0.0328377 0.0170865 0.310406 0.00213429 0.00774057 3.40537e-05 0.0058611 0.0785386 0.0075545 0.0558453 0.000346917 0.155112 0.232819 0.0899165 
0.00190432 0.00042379 0.00404699 0.0181345 0.494887 0.00268283 0.0011307 8.0554e-05 0.00140636 0.0140693 0.0174665 0.00448826 6.98662e-05 0.0442262 0.360739 0.0342437 
0.00751107 0.000488404 0.00414725 0.0180951 0.232058 0.00149647 0.0264017 0.000399684 0.0126982 0.0552245 0.0145207 0.106172 0.000668837 0.113644 0.224183 0.182291 
0.00391909 0.000261171 0.0307309 0.0455561 0.376485 0.00387057 0.00973014 0.000128731 0.074368 0.145451 0.00750045 0.0292091 0.00414354 0.098686 0.0952763 0.0746834 
0.00368375 0.000659268 0.0587651 0.0139031 0.453923 0.0203193 0.0424902 0.000560987 0.0140131 0.0396445 0.0145447 0.0313332 0.000411983 0.0701276 0.150913 0.0847072 
0.0212579 0.000134113 0.00233604 0.0736896 0.442046 0.000913621 0.0073274 0.000725582 0.00995237 0.0277284 0.0125623 0.0103293 0.000431307 0.0276437 0.317173 0.0457497 
0.00494151 0.000226542 0.00993758 0.0273267 0.323747 0.00539566 0.00834935 0.00404486 0.0188975 0.0531852 0.0114588 0.0210772 0.00294566 0.133917 0.298372 0.0761772 
0.00224632 0.000140897 0.0244525 0.0232048 0.716913 0.00353574 0.00218435 0.000322071 0.00307848 0.0305672 0.00360341 0.00668436 0.00136937 0.0659751 0.0822708 0.0334516 
0.00571361 0.000336749 0.0176392 0.0836577 0.373979 0.00791741 0.0189787 0.00232636 0.0109746 0.0535756 0.0118942 0.0271387 0.00272967 0.0834545 0.229936 0.0697478 
0.00155688 5.68269e-05 0.0202859 0.02529 0.594877 0.0202869 0.00473157 0.00661077 0.0142858 0.0346005 0.0104764 0.0547316 0.000361459 0.135905 0.039259 0.0366848 
0.0158307 0.000444869 0.0247321 0.0172694 0.29519 0.0048546 0.067764 0.00212643 0.0200767 0.0819763 0.020847 0.05776 0.00252478 0.131577 0.14308 0.113947 
0.00757428 1.6571e-05 0.0113708 0.131655 0.348601 0.0232171 0.00281898 0.000680813 0.0117761 0.167427 0.0118936 0.0144374 0.000440777 0.0226076 0.1911 0.0543824 
0.0243048 0.0013722 0.0837292 0.00692253 0.232747 0.00198123 0.0163661 0.00519848 0.0202166 0.100884 0.0169871 0.0591428 0.0121528 0.216254 0.0934425 0.108298 
0.000969375 0.000209243 0.0101826 0.0672394 0.682961 0.00285873 0.00513496 9.22805e-05 0.0037632 0.051815 0.0020373 0.00264331 0.00277809 0.082094 0.053132 0.0320901 
0.000961413 0.00015466 0.0207905 0.01311 0.510026 0.00447891 0.00120279 0.000290898 0.00774365 0.0961131 0.00835067 0.00868182 0.000919282 0.0899289 0.155141 0.0821063 
0.00287623 0.000148282 0.00166018 0.00925326 0.397223 0.00130987 0.00615238 0.00102939 0.00690895 0.0690266 0.0300331 0.0263776 0.00429136 0.116136 0.24131 0.0862637 
0.106545 0.000256854 0.0369267 0.00559336 0.471445 0.00285001 0.0318298 0.00822684 0.0487187 0.0187469 0.0252452 0.0145404 0.012652 0.0275829 0.0259757 0.162865 
0.0653663 0.000220457 0.0310537 0.00580331 0.418331 0.000918389 0.0710169 0.00227047 0.0323231 0.0174812 0.0112388 0.0254238 0.00161395 0.071927 0.0382658 0.206745 
0.025273 0.000168106 0.0280644 0.0200699 0.306216 0.0101503 0.00603415 2.86096e-05 0.0156014 0.0267416 0.114908 0.0131421 0.000839517 0.128512 0.222742 0.081509 
0.00673528 0.000208556 0.0489619 0.00806243 0.216413 0.0137476 0.0279532 0.00805096 0.044407 0.207473 0.0437263 0.0833878 0.00104596 0.142982 0.0849253 0.0619199 
0.0120558 0.000185375 0.000449845 0.00979981 0.339395 0.00031407 0.00688598 1.77364e-05 0.0209791 0.0200944 0.15759 0.0246857 1.49677e-05 0.219228 0.0402688 0.148035 
0.0449064 2.55141e-05 0.0442606 0.00833205 0.359207 0.00671579 0.0684126 0.00168801 0.0143722 0.0886639 0.00688094 0.0163649 0.00139502 0.165869 0.0580108 0.114895 
0.00330321 0.00029115 0.00554775 0.111828 0.341798 0.00321307 0.012537 0.00301539 0.0133607 0.0198814 0.0068318 0.0490847 0.00092077 0.29419 0.0866395 0.0475573 
0.0259892 0.000271213 0.00207573 0.0224847 0.624241 0.000502799 0.00913513 0.000133982 0.0202077 0.0178938 0.015098 0.0438619 0.00343625 0.0738866 0.0772316 0.0635502 
0.0123612 6.50469e-06 0.0114556 0.006376 0.324232 0.0171746 0.00518655 1.14107e-05 0.0531386 0.274486 0.0162157 0.0122365 0.000502404 0.114963 0.0695512 0.0821026 
0.0025699 8.96708e-05 0.00800926 0.0108443 0.364203 0.00204585 0.00553361 0.00145907 0.00904571 0.157163 0.0532014 0.0104967 0.00495445 0.0554673 0.274964 0.0399527 
0.00649538 5.58819e-05 0.0374131 0.0851278 0.232891 0.00560484 0.00297196 9.23321e-05 0.0188209 0.112774 0.00583142 0.0331287 0.000177823 0.108703 0.205884 0.144028 
0.0142799 0.000316539 0.045976 0.0192603 0.400856 0.00539815 0.0209314 0.00807473 0.0184415 0.0823556 0.00932025 0.0559989 0.00792221 0.101866 0.115659 0.0933438 
0.0258523 0.000346944 0.00261439 0.0223634 0.615265 0.000568959 0.00928353 0.000471805 0.0209165 0.0179197 0.0159887 0.0482747 0.00407642 0.0742921 0.0785758 0.0631901 
0.000584143 7.35118e-05 0.116411 0.0218172 0.285486 0.0423594 0.00547234 0.000137674 0.0142211 0.120381 0.0138772 0.0134355 0.00221912 0.0826291 0.175091 0.105805 
0.0028484 0.000419855 0.169515 0.0157975 0.182562 0.0120623 0.00100976 0.000563126 0.00515526 0.143941 0.00494582 0.102746 0.000767159 0.150786 0.0920229 0.114859 
0.00194559 0.000382478 0.00844044 0.0569489 0.432086 0.00831424 0.00812389 9.59266e-05 0.0108438 0.0336659 0.005975 0.0109226 0.000345842 0.30635 0.0657661 0.0497928 
0.0127858 0.000272347 0.00810192 0.0239129 0.386954 0.00459392 0.00902328 0.000608822 0.0215761 0.120256 0.0344646 0.0235838 0.0022809 0.0403274 0.126391 0.184867 
0.00686706 0.000276239 0.0169572 0.0675588 0.577691 0.00573431 0.00890388 0.00237456 0.00679495 0.0479911 0.00734637 0.0239464 0.00255187 0.0744651 0.0825931 0.0679481 
0.00140028 0.000497712 0.00222324 0.0563093 0.236183 0.00186359 0.00326619 0.0148853 0.0185288 0.106477 0.0149567 0.0177294 0.00260825 0.124121 0.205912 0.193039 
0.0131808 0.000171966 0.0292208 0.236603 0.256458 0.00190837 0.00387684 0.000175879 0.00976434 0.0295417 0.00536104 0.026586 0.000829845 0.161868 0.198529 0.0259244 
0.00530458 0.000262454 0.0192559 0.0467074 0.327841 0.00841977 0.0322896 0.00313895 0.0229364 0.0863598 0.027865 0.0375469 0.00290528 0.114705 0.0782037 0.186258 
0.0188885 0.000266615 0.00385423 0.189067 0.227903 0.0100293 0.00263259 0.0041529 0.00887445 0.103511 0.0672812 0.0193416 0.0297788 0.0344931 0.129834 0.150092 
0.00236394 0.000178396 0.00645947 0.00953345 0.705758 0.0166245 0.00287126 0.00185632 0.00908505 0.0446988 0.00638941 0.00961532 0.000710596 0.0611169 0.0998184 0.0229206 
0.00164744 6.47036e-05 0.0345474 0.0396565 0.419003 0.0166424 0.0129485 0.00269961 0.00369256 0.0416319 0.00899658 0.0156071 0.000869316 0.0931226 0.268557 0.0403143 
0.00400298 1.53373e-05 0.0246525 0.0663251 0.376766 0.00923809 0.0194222 0.00133407 0.00966722 0.10012 0.0116118 0.0164411 1.88805e-05 0.193806 0.139033 0.0275461 
0.0119637 0.00329416 0.026372 0.0520815 0.244095 0.00677456 0.0134546 0.00303421 0.0189235 0.111639 0.0263949 0.0390777 0.00464043 0.10053 0.225454 0.11227 
0.00120144 2.76582e-05 0.0270848 0.073389 0.484129 0.00161333 0.00319017 2.25108e-05 0.00824588 0.0240552 0.00536078 0.00719477 5.71174e-06 0.142019 0.151733 0.0707271 
0.00355147 3.82468e-05 0.00837999 0.057075 0.275137 0.0099989 0.00295308 0.00847205 0.00949406 0.191201 0.149283 0.0119857 0.00493769 0.0467777 0.161137 0.0595778 
0.0235055 8.87615e-05 0.00841905 0.00898217 0.286515 0.00243195 0.0156748 0.000239941 0.0414983 0.176773 0.0108112 0.0569393 0.00237181 0.0572911 0.162377 0.146081 
0.00630151 5.17353e-06 0.0114213 0.019465 0.577295 0.00228668 0.00482474 0.00244412 0.00556626 0.049217 0.0108152 0.00683028 0.00177706 0.0661586 0.159996 0.075597 
0.00515688 0.000277977 0.00758502 0.0431775 0.332978 0.0598665 0.0508071 0.000139493 0.00639533 0.112597 0.0118938 0.0297236 4.03888e-05 0.189284 0.118428 0.0316485 
0.00352296 7.64678e-05 0.00757773 0.305276 0.314211 0.00154505 0.0058465 2.17618e-05 0.00963439 0.0485932 0.0123243 0.0283149 0.000362969 0.044301 0.123154 0.0952373 
0.00477112 0.000277015 0.000225415 0.00580861 0.73431 0.000400641 0.00110724 6.88537e-05 0.00266845 0.034428 0.0118528 0.0105597 0.000474485 0.0454776 0.100523 0.047047 
0.000671099 2.17784e-09 6.25816e-10 0.00318009 0.535534 5.77383e-10 1.00862e-08 1.90277e-06 6.77426e-06 0.188592 4.21219e-10 1.44843e-08 0.0146603 0.0304295 0.208599 0.0183254 
0.00130834 4.83601e-05 0.020031 0.0318215 0.526759 0.017561 0.00666158 0.00547462 0.0125307 0.047978 0.0125621 0.0539153 0.00029945 0.136285 0.0692545 0.05751 
0.00670876 0.00034415 0.0247413 0.179744 0.309395 0.0026991 0.00507675 0.00110446 0.00908418 0.040101 0.00520069 0.0350356 0.00104542 0.142532 0.194944 0.0422439 
0.00239488 0.000398982 0.00280948 0.169537 0.393542 0.00594614 0.000999074 0.00105601 0.00189351 0.104441 0.00309018 0.00418813 0.00844933 0.0420207 0.214007 0.0452268 
0.00300744 0.000824713 0.00220054 0.00382039 0.740707 0.00187125 0.0085983 9.59001e-05 0.00344998 0.0395919 0.0137304 0.00453806 0.000548216 0.0251354 0.119627 0.0322534 
0.00624449 0.000134599 0.00869248 0.0101682 0.577919 0.00344601 0.00356374 8.98507e-05 0.0131314 0.0241076 0.0369987 0.0295783 8.77031e-05 0.0703673 0.132028 0.083443 
0.0242484 0.0103798 0.113621 0.0543022 0.288329 0.00545195 0.0152315 0.00829692 0.0255624 0.111096 0.0143413 0.0299811 0.0092306 0.0792138 0.074558 0.136157 
0.00477112 0.000277015 0.000225415 0.00580861 0.73431 0.000400641 0.00110724 6.88537e-05 0.00266845 0.034428 0.0118528 0.0105597 0.000474485 0.0454776 0.100523 0.047047 
0.0142785 7.57435e-05 0.0228432 0.0631101 0.315645 0.0217354 0.0130745 0.00108161 0.0131208 0.0468533 0.00977771 0.0289991 0.00157072 0.0887022 0.298557 0.0605756 
0.00277098 1.89801e-05 0.0351667 0.0289134 0.350227 0.00172405 0.00415882 0.00615125 0.0153019 0.0707289 0.0120427 0.041354 0.000213318 0.10274 0.2751 0.0533887 
0.00210869 0.000257315 0.0101373 0.0334531 0.627252 0.00528687 0.00434017 0.00175002 0.00703679 0.0582299 0.00572303 0.016651 0.00354361 0.0936095 0.0750822 0.055538 
0.0118977 0.000368472 0.00808619 0.110092 0.225478 0.00813537 0.00374034 0.000201 0.0307429 0.0883427 0.0131781 0.0478785 0.00047153 0.148199 0.214028 0.0891603 
0.0313218 8.94911e-05 0.0341949 0.0113973 0.483617 0.0179625 0.0336197 0.00830638 0.0241083 0.115121 0.00708018 0.0324124 0.00972134 0.0562712 0.057338 0.0774384 
0.00176889 0.000464494 0.0593825 0.0148332 0.593819 0.0125033 0.000845464 0.000604913 0.00864563 0.0406284 0.0104129 0.00526018 7.26634e-05 0.133373 0.0688061 0.0485794 
0.0126212 0.000209662 0.0390441 0.19997 0.490888 0.00400469 0.00431817 0.000626981 0.00749709 0.0177295 0.00489695 0.027758 0.00060316 0.0676236 0.0714317 0.0507775 
0.00815053 4.19492e-05 0.00884886 0.00954972 0.503696 0.00261485 0.00985436 0.000171235 0.0167301 0.0420227 0.00707425 0.0676995 0.000604587 0.0994238 0.138454 0.0850631 
0.0120868 0.00275437 0.0115528 0.024748 0.322946 0.00280313 0.00903666 0.000444531 0.0110746 0.0412572 0.0156591 0.0867612 0.00221357 0.184139 0.146498 0.126026 
0.000842808 2.08137e-05 0.0510115 0.0401291 0.375181 0.00134207 0.00309617 1.62861e-05 0.00238316 0.0490814 0.00453102 0.00555339 6.21295e-05 0.056425 0.349916 0.0604086 
0.00181827 9.66341e-05 0.0298686 0.00932506 0.31342 0.00630511 0.0096604 0.0017887 0.0204579 0.0856288 0.0133251 0.022892 0.00165669 0.105097 0.267844 0.110816 
0.000288843 1.37824e-06 0.00440239 0.0357996 0.758617 0.000750934 0.000739565 1.91621e-05 0.00161639 0.0087444 0.00066378 0.00240677 2.01029e-06 0.0789487 0.0851866 0.0218121 
0.0470107 0.000234083 0.0798326 0.0186564 0.477327 0.00874758 0.0162895 0.00914356 0.0184638 0.0396372 0.0096237 0.0340469 0.00349388 0.0726728 0.0678891 0.0969317 
0.0259892 0.000271213 0.00207573 0.0224847 0.624241 0.000502799 0.00913513 0.000133982 0.0202077 0.0178938 0.015098 0.0438619 0.00343625 0.0738866 0.0772316 0.0635502 
0.00181681 2.79608e-05 0.0686681 0.0131422 0.694692 0.00662668 0.00157361 0.000322802 0.00403534 0.0158868 0.00257445 0.00619883 0.000550824 0.0651306 0.0934537 0.0252991 
0.0470107 0.000234083 0.0798326 0.0186564 0.477327 0.00874758 0.0162895 0.00914356 0.0184638 0.0396372 0.0096237 0.0340469 0.00349388 0.0726728 0.0678891 0.0969317 
0.00163671 1.78028e-05 0.0239047 0.00943187 0.357638 0.0178813 0.0282751 0.000352011 0.00380401 0.00818715 0.00267968 0.0155133 8.54741e-05 0.144768 0.34556 0.0402656 
0.0109183 0.000289285 0.0123145 0.19369 0.410373 0.00240542 0.0148575 0.000488959 0.0190869 0.0244274 0.0064167 0.0678268 0.000719974 0.0638036 0.132838 0.0395435 
0.00472612 0.000458056 0.00349529 0.0996566 0.335955 0.00211736 0.0098901 0.0019151 0.0117047 0.0256612 0.00659174 0.0436593 0.000655973 0.273464 0.125598 0.0544511 
0.00298121 2.46571e-07 0.0227358 0.0616139 0.211135 0.00596774 0.00526839 0.000919286 0.0027685 0.171078 0.00857784 0.0139198 0.00465793 0.183776 0.167899 0.136702 
0.00283945 0.000176406 0.00872738 0.0315008 0.613242 0.00307285 0.00608206 0.000126665 0.0130394 0.0272448 0.00845614 0.0366625 9.58857e-05 0.0750624 0.141661 0.0320103 
0.036636 6.55874e-05 0.00221812 0.00574748 0.352622 0.0174853 0.00143933 4.37699e-06 0.0114679 0.317215 0.0182754 0.00650699 0.000172985 0.0443194 0.104888 0.0809359 
0.00134802 0.00024561 0.00457783 0.0203818 0.60187 0.00232861 0.00630888 0.000102232 0.0236783 0.0102031 0.00972655 0.0374055 0.000297616 0.0909845 0.174291 0.0162497 
0.001658 1.63815e-05 0.00778753 0.00964704 0.738496 0.00142454 0.00122496 1.52549e-05 0.00667493 0.0193968 0.00152252 0.0239133 2.46512e-05 0.0780691 0.066341 0.0437884 
0.00176529 3.94795e-06 0.00987591 0.0146258 0.686995 0.0173108 0.00177545 5.50122e-05 0.00150768 0.0281893 0.00282077 0.00269246 0.000352372 0.0391342 0.146566 0.0463298 
0.0118201 0.00028905 0.0264504 0.0249756 0.542564 0.0103727 0.0233574 0.00160244 0.00655415 0.105082 0.00623683 0.0185292 0.0161254 0.0482169 0.0706928 0.0871305 
0.00121577 1.41339e-07 0.0909057 0.0169828 0.416997 0.00688412 0.00798702 0.00190277 0.0064862 0.0307124 0.00178332 0.0100038 0.000341181 0.0875084 0.180131 0.140158 
0.0190359 0.000167695 0.0642158 0.0167216 0.452743 0.0104078 0.0281903 0.00479277 0.0117569 0.064849 0.00740428 0.0584535 0.0122411 0.0805161 0.0885633 0.0799413 
0.0259892 0.000271213 0.00207573 0.0224847 0.624241 0.000502799 0.00913513 0.000133982 0.0202077 0.0178938 0.015098 0.0438619 0.00343625 0.0738866 0.0772316 0.0635502 
