0.0358042 0.000187832 0.023791 0.00212788 0.00397089 0.0095826 0.0114135 0.00709718 0.299958 0.0519249 0.237493 0.0283247 0.00740305 0.0526971 0.0568577 0.171366 
0.0169729 0.00509868 0.0342932 0.00868627 0.00956086 0.00735108 0.0212251 0.00731973 0.52481 0.0202746 0.0273004 0.0805682 0.00297215 0.0962991 0.0452522 0.092016 
0.00782168 5.75257e-05 0.0443052 0.00311689 0.012734 0.00833104 0.0338003 0.0321519 0.412629 0.044018 0.0831249 0.0416233 0.00398267 0.0817687 0.0543018 0.136232 
0.00043709 1.82604e-06 0.00125406 0.0690876 0.234665 0.000138148 0.0159549 9.85145e-06 0.2877 0.0100995 0.00927122 0.0769476 1.03232e-06 0.189444 0.091617 0.0133712 
0.0109295 0.000220254 0.0571977 0.00596491 0.0204193 0.00868935 0.0107189 0.00301719 0.240069 0.159291 0.214753 0.0444773 0.00222596 0.0997586 0.0690035 0.0532653 
0.00355792 6.73315e-05 0.063214 0.00118111 0.00616895 0.046822 0.0192502 0.00160679 0.375732 0.13134 0.0302431 0.101775 0.0164118 0.109528 0.0320906 0.0610114 
0.0274142 0.00013491 0.0177647 0.0127881 0.0159855 0.0210028 0.0171942 0.00392112 0.535903 0.0285508 0.0423116 0.0266527 0.0124904 0.097416 0.0829386 0.0575312 
0.00481338 0.000959667 0.0497218 0.0108778 0.00860011 0.00363156 0.0068343 0.00439451 0.372892 0.0578776 0.0323346 0.155477 0.00138158 0.195221 0.0269663 0.0680167 
0.000885555 0.0024547 0.0293473 0.0296847 3.06436e-06 0.000339386 1.58554e-06 8.11864e-08 0.312803 0.1273 0.0173894 0.257148 5.08819e-05 0.0125412 0.186195 0.0238566 
0.0271749 0.00111948 0.0722874 0.00429419 0.00795434 0.00940902 0.0445029 0.0323551 0.287105 0.0605921 0.0319752 0.0905041 0.00407825 0.115336 0.0476611 0.163651 
0.178818 5.27525e-05 0.0279075 0.00155243 0.00458112 0.00520253 0.0447581 0.0524453 0.216483 0.00550586 0.112392 0.0236372 0.00233373 0.163405 0.0160961 0.14483 
0.00432511 0.00012554 0.0384554 0.00417564 0.00785454 0.00273427 0.00593145 0.000762462 0.334401 0.0733064 0.0787154 0.119497 0.00345476 0.161069 0.0357271 0.129464 
0.0307166 2.62869e-05 0.0195529 0.00768902 0.0172586 0.00202074 0.0200068 0.00135847 0.391578 0.0192734 0.0218355 0.103479 0.000992189 0.217724 0.0706841 0.0758037 
0.0099272 0.000197798 0.00142363 0.0346511 0.0117767 0.000779126 0.0075959 0.000372663 0.460453 0.208702 0.0254691 0.0240659 0.000145746 0.0778135 0.0886758 0.0479513 
0.0249556 3.05553e-05 0.0275376 0.00381253 0.0243654 0.018474 0.0657964 0.00605829 0.516677 0.0321204 0.033566 0.0426512 0.0021828 0.093004 0.0515073 0.057261 
0.00823224 8.26111e-05 0.0154498 0.00239008 0.0294887 0.0118096 0.0108092 2.52285e-05 0.318634 0.114018 0.0613003 0.0693057 7.5795e-05 0.213204 0.0748789 0.0702959 
1.42065e-05 3.7925e-05 0.000159087 1.09865e-05 4.5578e-06 0.000552368 8.35776e-06 7.20694e-06 0.993533 0.0021889 0.00210907 3.82297e-06 2.00971e-05 0.00089158 0.000457757 1.4786e-06 
0.0273872 3.62486e-05 0.106278 0.00353909 0.0122748 0.00697954 0.049981 0.0742322 0.300164 0.0728237 0.0453838 0.0447772 0.0026155 0.0904663 0.0655126 0.0975485 
0.0059645 9.6254e-05 0.0225685 0.000479261 0.00423367 0.0022371 0.0143785 0.00019081 0.659926 0.0152123 0.0104435 0.14898 0.000412409 0.0775067 0.0103631 0.0270073 
0.00889463 0.000910605 0.0475326 0.0165969 0.00287007 0.000278244 0.00195457 9.00629e-06 0.479126 0.176528 0.0129238 0.0225609 0.00035849 0.042876 0.0296909 0.156889 
0.0107146 3.19951e-05 0.0148849 0.00109249 0.00110538 0.0101387 0.0337367 0.000256762 0.363091 0.0478429 0.0349954 0.181081 0.000333095 0.181621 0.00734945 0.111725 
0.0239302 0.000129992 0.0188445 0.0332084 0.02599 0.00209986 0.00826945 0.000661568 0.329121 0.0407354 0.0405002 0.0589268 0.00125476 0.194165 0.0915352 0.130628 
0.0167642 0.00681043 0.0103152 0.0014069 0.0117618 0.00126052 0.0266053 0.00127145 0.48525 0.020434 0.0271135 0.220691 0.000521845 0.0352367 0.015021 0.119536 
0.00798999 0.000430634 0.0243573 0.00791928 0.0559247 0.0133476 0.0230843 0.000166427 0.199003 0.0668312 0.0251078 0.0951794 0.0032549 0.166454 0.189164 0.121785 
0.00179373 0.0106284 0.0233613 0.00205872 0.00633456 0.149038 0.00317113 0.000700533 0.424752 0.0867747 0.0278418 0.0758165 0.00139935 0.0655525 0.0271547 0.0936226 
0.00973943 0.000138575 0.0228455 0.00268499 0.00617352 0.00657828 0.051501 0.00406178 0.28607 0.155964 0.145584 0.0445936 0.00722863 0.0776898 0.0581691 0.120978 
0.0105754 4.60394e-06 0.0528287 0.00347558 0.00348874 0.0163515 0.00501554 0.00270545 0.420556 0.1006 0.0144024 0.115022 0.00120602 0.0745237 0.0302549 0.14899 
0.000655301 0.00129113 0.00382951 0.00993502 0.000586312 0.00586809 0.00829958 4.14819e-06 0.278363 0.145751 0.255859 0.0885929 3.97494e-05 0.0923587 0.0509553 0.057611 
0.0516982 0.000639174 0.0193604 0.00788464 0.0254412 0.00459769 0.0163341 0.00608044 0.25592 0.124969 0.0321157 0.110851 0.00455463 0.110315 0.0429952 0.186244 
0.0148515 0.00261777 0.0126072 0.0264223 0.0531988 0.00109822 0.0116901 0.000178406 0.249916 0.0549807 0.199704 0.0342005 0.00162619 0.0848366 0.173899 0.0781734 
0.0546133 0.000345267 0.0738329 0.000617344 0.00312539 0.0033234 0.152749 0.00749645 0.364157 0.024128 0.0934643 0.0534102 0.00204487 0.061882 0.00464786 0.100162 
0.00333966 0.00101378 0.00907422 0.00422526 0.0198111 0.00124234 0.00820969 0.00026986 0.388077 0.0928227 0.0351542 0.0377798 0.000172016 0.236801 0.118492 0.0435156 
0.0663328 0.0012919 0.0167764 0.00923056 0.0188378 0.00599035 0.0166415 0.00259476 0.218754 0.0374253 0.0651909 0.127095 0.00241431 0.17074 0.0454477 0.195237 
0.0213719 0.00359364 0.10811 0.00717788 0.0266733 0.0556646 0.0233231 0.00827638 0.201299 0.130265 0.070725 0.112342 0.00320461 0.0784925 0.0457925 0.103688 
0.00276747 4.62623e-05 0.115774 0.00600178 0.0257818 0.00103233 0.0278855 0.00847466 0.239896 0.171646 0.024524 0.0198494 0.0100563 0.0593233 0.051814 0.235127 
0.0129616 7.41312e-05 0.0119171 0.00542668 0.00825465 0.00682961 0.00684139 0.000154371 0.639521 0.0223683 0.0161028 0.179569 0.00125437 0.0418418 0.00632775 0.0405557 
0.0132063 1.64968e-05 0.0486456 0.00331489 0.0169525 0.0199318 0.00992813 0.00375064 0.359738 0.026426 0.20499 0.135486 0.00379074 0.0651715 0.0346568 0.0539949 
0.00990606 0.0003905 0.0932638 0.0168945 0.0607407 0.0124287 0.0310003 0.00398968 0.215477 0.0686691 0.0225874 0.0757185 0.0139283 0.193931 0.0522456 0.128829 
0.0109875 0.000248999 0.036045 0.00557985 0.0437823 0.0109448 0.0150827 0.00358768 0.464473 0.218561 0.0194041 0.0231598 0.00243196 0.0432601 0.0315649 0.0708858 
0.00313389 0.000743406 0.00652924 0.00147811 0.00842751 0.00103651 0.0335575 0.00231701 0.361813 0.00822898 0.0020884 0.290215 0.000606816 0.219491 0.00795634 0.0523772 
0.0179334 6.00438e-05 0.0632209 0.00716723 0.0153597 0.0116399 0.0222645 0.00126689 0.333701 0.0343211 0.0279423 0.0682303 0.00324364 0.0511347 0.1572 0.185314 
0.0158195 1.48369e-06 0.0656335 0.000443462 0.00575422 0.0117788 0.0827874 0.017428 0.214756 0.114804 0.0516399 0.0982373 0.00358355 0.0994522 0.0403233 0.177558 
0.00269066 0.0355015 0.0634655 0.00409592 0.0268958 0.017499 0.00699309 0.000258553 0.482427 0.105499 0.0742725 0.0143485 0.00021213 0.0715267 0.0595117 0.0348023 
0.00519403 0.000537345 0.0120928 0.00458673 0.013656 0.0053946 0.00290533 0.000110801 0.400157 0.147893 0.0810021 0.0326103 0.00214708 0.0891653 0.0580779 0.14447 
0.00194673 0.000672181 0.0121788 0.0127642 0.0153434 0.0136046 0.0205404 0.000137898 0.347134 0.0612757 0.0175116 0.34531 0.00149837 0.0471916 0.0264079 0.0764823 
0.0237143 2.95001e-05 0.0150743 0.00112271 0.00210585 0.0744398 0.0158525 2.9658e-05 0.515838 0.0492563 0.0583526 0.0265657 0.00531904 0.0847749 0.0225288 0.104996 
0.00887862 6.45937e-05 0.0117124 0.00808769 0.0268404 0.00897766 0.00254153 0.013008 0.547783 0.0360075 0.0834321 0.016185 0.00110286 0.151753 0.0251098 0.0585158 
0.0460389 3.78724e-05 0.0914883 0.00592929 0.0127402 0.0460105 0.0273796 0.00344756 0.251899 0.0485342 0.166299 0.0537103 0.00897521 0.115422 0.0583888 0.0636997 
0.00688628 0.000302697 0.0211437 0.00612528 0.00871602 0.00528203 0.0227885 0.00177715 0.208496 0.122662 0.170298 0.0869251 0.00328798 0.0973105 0.0800061 0.157993 
0.0182896 0.000206581 0.014751 0.00722634 0.0116685 0.00342378 0.0273291 0.00312883 0.264544 0.0531447 0.0414333 0.0510698 0.00309487 0.182673 0.0959989 0.222018 
0.0190077 8.71781e-05 0.0585827 0.0118681 0.0290868 0.00575927 0.0197915 0.0162638 0.257685 0.143866 0.0876435 0.102214 0.00138786 0.0707745 0.102397 0.0735841 
0.152759 1.92824e-05 0.0125582 0.00309179 0.00260372 0.00297908 0.0264542 0.00457938 0.304034 0.0106457 0.0677947 0.121008 0.00108207 0.0849763 0.0222728 0.183141 
0.0301838 0.000520149 0.0669222 0.00448026 0.012962 0.00751214 0.0438567 0.0103313 0.197377 0.101672 0.0585693 0.0613303 0.0652063 0.159347 0.0589543 0.120775 
0.00692734 6.23082e-05 0.0173803 0.00707303 0.00905515 0.00225392 0.0355027 0.000251371 0.329839 0.0631545 0.148037 0.0442757 0.00254136 0.10557 0.0980334 0.130042 
0.0441292 0.000298863 0.0297533 0.0160177 0.0254819 0.0101307 0.109869 0.00365032 0.238138 0.049184 0.0147925 0.0817198 0.00430811 0.104313 0.105919 0.162294 
0.0223883 4.40812e-06 0.0493387 0.00377857 0.0071768 0.0215224 0.0697645 0.00881399 0.357552 0.0519581 0.0709761 0.115598 0.00245695 0.0897484 0.0433663 0.0855565 
0.00441906 6.34748e-05 0.00905445 0.000583261 0.00114067 0.00304551 0.0120264 0.000333933 0.61961 0.0146946 0.00200038 0.18558 0.00129473 0.0811771 0.00588365 0.0590923 
0.0366421 0.00173295 0.0953012 0.0213748 0.00906139 0.00740179 0.0546893 0.0137785 0.226771 0.0355081 0.0348263 0.118181 0.0144538 0.132163 0.0528132 0.145301 
0.0204363 3.27484e-05 0.0135972 0.00126896 0.00906963 0.00092031 0.0027635 0.00319686 0.515182 0.0172609 0.204418 0.0188749 0.000628944 0.0666091 0.034262 0.0914787 
0.00586174 0.000263028 0.0252148 0.0147308 0.0356285 0.00141049 0.00278333 0.00432403 0.311299 0.0990308 0.0402684 0.0629668 0.000731923 0.0715269 0.241799 0.0821599 
0.0179297 0.00869839 0.0513547 0.00626778 0.0413995 0.00620102 0.0307965 0.0226947 0.252018 0.0349547 0.0529847 0.182677 0.0017751 0.146458 0.0417479 0.102042 
0.0554202 0.000464783 0.0133086 0.000545997 0.00489833 0.0131723 0.00288195 0.000850359 0.600238 0.0115962 0.0236381 0.0379355 6.38976e-05 0.129717 0.0347571 0.0705123 
0.0154808 0.000346625 0.023161 0.00383779 0.00593256 0.00408337 0.0175757 0.00805532 0.431477 0.0240859 0.0315074 0.215613 0.00299541 0.11046 0.0211563 0.0842327 
0.000197512 3.98716e-06 3.42513e-05 0.0012717 0.000284573 0.000288048 0.000999988 5.22651e-06 0.863967 0.00140314 0.0102683 0.0437628 1.62423e-05 0.0394022 0.032625 0.00546956 
0.117439 0.000253474 0.0387891 0.00816657 0.0232655 0.00871898 0.0515503 0.00688579 0.278372 0.0238295 0.049806 0.144174 0.0027389 0.104881 0.0461546 0.0949754 
0.170756 0.000683844 0.0392425 0.00528525 0.0155366 0.00746982 0.0192745 0.00866079 0.233267 0.0445138 0.0288143 0.104033 0.00282607 0.107651 0.0307883 0.181198 
0.00391986 4.33501e-05 0.0261578 0.0141264 0.0259652 0.00251092 0.00657233 0.00232083 0.453191 0.174998 0.0287566 0.0236976 0.00392959 0.0772958 0.0679094 0.0886048 
0.00881462 3.79686e-05 0.0441698 0.00273004 0.00664582 0.00765374 0.0200853 0.00974287 0.482719 0.0275815 0.0155893 0.184533 0.00484601 0.0467142 0.0372671 0.10087 
0.00417671 0.000254713 0.00864178 0.016318 0.0293546 0.00644595 0.00627635 0.000168641 0.45376 0.0358463 0.0322999 0.142108 0.00146085 0.156566 0.0451882 0.0611342 
0.0159637 8.27265e-05 0.113103 0.00125884 0.0508301 0.00132422 0.068327 0.0123941 0.221676 0.0177483 0.19003 0.0354579 0.001172 0.20943 0.0211653 0.0400369 
0.0192744 0.00036254 0.064303 0.00150717 0.00576372 0.00650713 0.0286753 0.007639 0.317471 0.0778329 0.0261927 0.105462 0.00813781 0.0808764 0.0171885 0.232806 
0.000792369 0.00015309 0.0019162 0.00092054 0.00228271 0.00348377 0.00370031 3.47045e-06 0.700398 0.0131097 0.005547 0.134863 3.49993e-06 0.0694998 0.00936647 0.0539602 
0.0620977 0.000812358 0.0256378 0.0116605 0.0107654 0.00165897 0.00581511 0.00198546 0.347682 0.0529583 0.178179 0.0630127 0.00121634 0.0604316 0.0587343 0.117352 
0.0124432 0.000854664 0.0278032 0.00613002 0.0045223 0.00944404 0.0250024 0.00344333 0.59264 0.0211466 0.014102 0.0763463 0.00186726 0.0834965 0.0402403 0.0805177 
0.0579356 0.000118001 0.0243716 0.00222537 0.0274318 0.00709418 0.00661659 7.79532e-05 0.244744 0.14948 0.0490972 0.040472 0.000344744 0.137876 0.0977495 0.154366 
0.00276747 4.62623e-05 0.115774 0.00600178 0.0257818 0.00103233 0.0278855 0.00847466 0.239896 0.171646 0.024524 0.0198494 0.0100563 0.0593233 0.051814 0.235127 
0.0585283 0.000653758 0.0321372 0.0204564 0.0106524 0.00199702 0.0217825 0.0057172 0.325789 0.0524018 0.0146991 0.139413 0.0102837 0.160402 0.0279414 0.117145 
0.0225731 0.000223536 0.0610803 0.00724525 0.0192391 0.0112447 0.0762962 0.0227926 0.26575 0.0445622 0.0730388 0.060333 0.00638384 0.0991439 0.0452761 0.184818 
0.017164 6.15107e-05 0.0419347 0.0011101 0.00508508 0.00313094 0.157405 0.00907789 0.350558 0.0186112 0.148244 0.0447394 0.000650937 0.0810429 0.0357769 0.0854066 
0.00513154 0.000260138 0.0155011 0.00935168 0.0118222 0.0019278 0.0108219 0.00845514 0.449372 0.0571491 0.0827817 0.0539393 0.00219833 0.0697439 0.0363108 0.185234 
0.00193918 2.09281e-05 0.0388634 0.00680927 0.00565089 0.00125788 0.0132543 0.00253541 0.454834 0.022024 0.140638 0.0356993 0.00365275 0.127449 0.0219773 0.123394 
0.0510456 0.000339188 0.0129135 0.0155185 0.0367323 0.0617089 0.00435475 0.0226759 0.259606 0.058157 0.0335281 0.112369 0.0029742 0.118383 0.053433 0.156261 
0.00744537 2.72114e-05 0.00680226 0.0102812 0.002513 0.00139529 0.00755379 1.04726e-05 0.285069 0.103614 0.112708 0.0339645 0.00158112 0.12374 0.145131 0.158162 
0.0985209 8.08321e-06 0.0710792 0.0139129 0.0142226 0.00483003 0.0149971 0.0162544 0.255325 0.00918882 0.054838 0.0934801 0.00141956 0.202208 0.0271932 0.122522 
0.0120533 0.000427729 0.00882524 0.0113565 0.0190616 0.00861112 0.027416 0.00303206 0.406128 0.0426463 0.0380026 0.0419383 0.0010013 0.243269 0.0539113 0.0823204 
0.0224094 3.65048e-05 0.0872746 0.00593161 0.00600819 0.00580768 0.0338924 0.0233847 0.270949 0.103947 0.0513162 0.0375218 0.0191553 0.0755372 0.0238811 0.232948 
0.0186383 0.00014553 0.0344455 0.00718758 0.0221924 0.00157287 0.0156087 0.000716882 0.306582 0.0873642 0.0241128 0.146813 0.00306319 0.174108 0.0455962 0.111853 
0.0129302 0.000244075 0.0138075 0.00285382 0.0339077 0.00226495 0.104996 0.0141654 0.288478 0.00974021 0.0460795 0.208944 0.00159813 0.170366 0.030472 0.0591527 
0.00379521 0.00055812 0.030444 0.0035416 0.00529879 0.00186017 0.00931327 0.000119715 0.448096 0.201711 0.012139 0.0783994 0.00375099 0.0677389 0.036084 0.0971497 
0.0638375 0.00022928 0.0572655 0.00364543 0.0290592 0.00473486 0.0406218 0.00420345 0.325968 0.0455646 0.06497 0.0788358 0.0012659 0.14898 0.0337054 0.0971137 
0.0317725 0.0399572 0.103908 0.01226 0.0230157 0.0182686 0.0122538 0.0129907 0.258038 0.125633 0.0909993 0.0855239 0.00250895 0.0624396 0.0267648 0.0936671 
0.00975731 0.000184281 0.0359231 0.00216989 0.0156516 0.00440832 0.0341098 0.000316089 0.335818 0.173187 0.0116931 0.0724313 0.00617469 0.073682 0.0681461 0.156348 
0.00628859 0.000365367 0.020995 0.00164748 0.0105554 0.00378885 0.0267939 0.00505245 0.741186 0.0132307 0.0172049 0.0246351 0.00109678 0.0681932 0.0170595 0.0419065 
0.014235 0.000350247 0.0326907 0.0019158 0.0109935 0.00875499 0.0440664 0.00172629 0.281787 0.0485954 0.0269307 0.225023 0.00408195 0.102466 0.037758 0.158625 
0.0251482 0.000181581 0.0219363 0.00174726 0.0196621 0.0109393 0.0355244 0.00374673 0.506668 0.0497755 0.0390014 0.0991665 0.00241376 0.0810648 0.0256683 0.0773555 
0.0146634 0.000359919 0.0607817 0.00730861 0.019816 0.00801303 0.031733 0.0160701 0.238882 0.0699791 0.0841698 0.0626369 0.00399279 0.10995 0.0507441 0.220899 
0.00170612 0.000576337 0.0490333 0.00207019 0.0041336 0.0136028 0.00343253 0.0167773 0.52988 0.0274308 0.126145 0.0158551 0.00026042 0.0989088 0.0695683 0.0406202 
0.00718807 0.000445606 0.00366735 0.00584636 0.00155044 0.000554038 0.00273195 0.000640225 0.53817 0.122882 0.0704103 0.0622829 0.000295272 0.0262666 0.0444771 0.112592 
0.0112766 0.00123979 0.0450079 0.00967633 0.0318524 0.0372768 0.229544 0.0215062 0.247452 0.0187651 0.0300191 0.0695297 0.00142489 0.139234 0.0235352 0.0826599 
0.0114898 0.000160176 0.0218583 0.00748486 0.00741451 0.00341753 0.0263053 0.0258582 0.334399 0.0053515 0.230738 0.016323 0.00332268 0.0762699 0.0793847 0.150223 
0.00860578 0.000196526 0.104094 0.00724952 0.102567 0.00731144 0.0379269 0.00499396 0.184745 0.159599 0.0360687 0.0459763 0.00404647 0.0731071 0.133468 0.090044 
0.0373145 0.000184848 0.0473737 0.00629832 0.0208624 0.0045921 0.00881261 0.00701622 0.3138 0.0450669 0.0232257 0.200639 0.00178245 0.094386 0.0214418 0.167204 
0.00410897 0.00154906 0.0319823 0.0138784 0.0129388 0.0089745 0.0217255 0.00170592 0.282172 0.12449 0.0183318 0.138601 0.00141143 0.142463 0.0374601 0.158207 
0.0122392 0.000172438 0.0653716 0.00279454 0.0156857 0.0161348 0.0127768 0.00119075 0.4299 0.0534612 0.0182743 0.0684936 0.00185249 0.0928445 0.0538669 0.154941 
0.00494532 0.000765987 0.0261683 0.00126266 0.0176441 0.0076034 0.0122514 0.00532116 0.351498 0.0542259 0.15957 0.0176566 0.00129238 0.0937177 0.0228673 0.22321 
0.00174769 0.00113973 0.000393449 0.00550598 0.00362948 0.000451803 0.00248875 0.000126943 0.637541 0.0197215 0.0407785 0.00537262 0.000595786 0.150457 0.108489 0.0215602 
0.0122637 0.000518028 0.0199885 0.00299824 0.0237356 0.00682517 0.00997233 0.00303497 0.47217 0.0602421 0.028942 0.0826693 0.00200012 0.0975864 0.0284237 0.14863 
0.040165 0.000149097 0.08004 0.0111563 0.0133478 0.008269 0.0277808 0.00986103 0.236964 0.0936646 0.0134889 0.196735 0.00576397 0.106766 0.0487913 0.107057 
0.0162323 2.08443e-05 0.100424 0.00567795 0.076115 0.065307 0.048227 0.00954077 0.147003 0.139563 0.0460776 0.042185 0.0119869 0.104879 0.0540119 0.132748 
0.00257806 0.000309218 0.0495762 0.00644384 0.00967373 0.00802442 0.0153076 0.00145705 0.386691 0.0418227 0.105797 0.0615931 0.00398507 0.0905235 0.0948042 0.121413 
0.0398533 6.14318e-05 0.0150698 0.0122638 0.021709 0.00173734 0.0269693 0.00046196 0.186134 0.0359025 0.163251 0.0857587 0.00539071 0.181679 0.053513 0.170245 
0.0346917 0.000298138 0.0366409 0.0015202 0.0103982 0.018447 0.0123007 0.00994541 0.289324 0.0519125 0.0377583 0.120582 0.00770018 0.0727712 0.0418455 0.253864 
0.00501044 1.4477e-05 0.00819297 0.00024026 0.00267265 0.00192724 0.00307685 0.00190886 0.907304 0.0166348 0.00681274 0.00582158 0.000375195 0.0101228 0.00939017 0.020495 
0.0120533 0.000427729 0.00882524 0.0113565 0.0190616 0.00861112 0.027416 0.00303206 0.406128 0.0426463 0.0380026 0.0419383 0.0010013 0.243269 0.0539113 0.0823204 
0.00386081 7.17409e-05 0.0376773 0.00680303 0.00659285 0.0104459 0.00955437 0.00030916 0.337055 0.163187 0.0418174 0.0514704 0.00152925 0.109039 0.123392 0.0971943 
0.0262441 0.000985258 0.0397925 0.0012205 0.0219288 0.00193286 0.00627118 0.000167713 0.322292 0.134533 0.0421535 0.0191594 0.000584884 0.0584043 0.038524 0.285806 
0.0182935 0.000115863 0.042665 0.000990563 0.0186712 0.0123373 0.0228752 0.00546273 0.396134 0.0397771 0.0990656 0.0796032 0.00330831 0.123224 0.0313344 0.106143 
0.101178 6.71426e-05 0.00246541 0.00574981 0.00910437 0.00328529 0.00315585 0.000176571 0.473157 0.0487618 0.0490053 0.0811103 0.000583037 0.102716 0.075519 0.0439654 
0.0121847 0.000316135 0.0897818 0.000762253 0.00646749 0.00492097 0.0596486 0.0230637 0.275691 0.023092 0.08582 0.128015 0.00136838 0.158231 0.0166288 0.114008 
0.00570972 9.16952e-05 0.0167441 0.0113154 0.00190259 0.00168885 0.00540784 0.000415309 0.53473 0.0179921 0.0549299 0.01574 2.83373e-05 0.0984152 0.0810309 0.153858 
0.00157908 0.000379957 0.0714635 0.0680441 0.0248686 0.000152111 0.0901676 8.06449e-07 0.258747 0.1658 0.0169876 0.0592779 0.00236812 0.0201135 0.207334 0.0127153 
0.00398401 6.86863e-06 0.00800251 0.00333492 0.0121328 0.00187211 0.0111411 0.00970183 0.406822 0.0609385 0.022707 0.222624 0.00104311 0.114047 0.0301159 0.0915264 
0.00205396 0.000220627 0.019247 0.0106312 0.0163179 0.00290256 0.00491276 0.00723683 0.44677 0.255651 0.0088261 0.0519927 0.00363087 0.0438097 0.0371391 0.0886582 
0.0159668 4.14562e-05 0.0254317 0.00520988 0.0106466 0.00370631 0.00569815 0.00107375 0.638181 0.0985906 0.00974249 0.0355637 0.00116114 0.0602877 0.0465996 0.0420995 
0.0139006 0.0056151 0.0287092 0.00991324 0.00962367 0.00913077 0.0147985 0.00683906 0.539143 0.0165333 0.0360844 0.0808724 0.00226205 0.0929865 0.0502531 0.083335 
0.0115346 0.0140263 0.0315251 0.0198074 0.0215953 0.00508154 0.0113173 0.00180172 0.24335 0.163182 0.106003 0.0235115 0.00376429 0.122957 0.100703 0.119841 
0.0301126 2.7568e-05 0.0583225 0.000162739 0.00300771 0.0030714 0.0204727 0.00338942 0.743393 0.00861144 0.022824 0.0226399 0.00219734 0.0253438 0.00440805 0.0520154 
0.0225019 0.000218884 0.054144 0.00293124 0.0142457 0.0112775 0.138402 0.00923018 0.447711 0.0167505 0.0677031 0.0574945 0.00454718 0.0439949 0.0536674 0.0551798 
0.00334341 0.0110571 0.029826 0.0266881 0.0124065 0.00146357 0.0540965 0.00328877 0.234074 0.0836066 0.04228 0.140634 0.000121075 0.182676 0.0586741 0.115764 
0.0302276 8.32171e-05 0.0209105 0.00337687 0.0192348 0.00305711 0.0448224 0.00780167 0.183306 0.091344 0.0905816 0.138758 0.00149164 0.172252 0.0569384 0.135814 
0.0171515 1.57053e-05 0.0743968 0.0047003 0.00824722 0.00536763 0.025719 0.00172657 0.365568 0.0552667 0.0579534 0.252795 0.000667265 0.018233 0.0275997 0.0845923 
0.0037407 0.0220343 0.0174127 0.0103576 0.0148243 0.00462553 0.00646216 0.000503005 0.342825 0.0563403 0.257365 0.098731 0.000965703 0.0770258 0.0305639 0.0562225 
0.0191037 0.00475333 0.030157 0.0101739 0.0206604 0.00542413 0.0235015 0.0242298 0.308836 0.0251092 0.113172 0.110124 0.00566131 0.103724 0.0766079 0.118761 
0.0263853 0.00024658 0.0643579 0.00609353 0.00822911 0.00262883 0.0431536 0.0286884 0.248951 0.0364489 0.113552 0.0481582 0.000183252 0.162238 0.0285302 0.182155 
0.00581803 5.94489e-05 0.0566502 0.00594992 0.0332237 0.00913171 0.0351306 0.0033482 0.325358 0.0499486 0.00470054 0.188179 0.002763 0.18533 0.0366312 0.0577773 
0.0225019 0.000218884 0.054144 0.00293124 0.0142457 0.0112775 0.138402 0.00923018 0.447711 0.0167505 0.0677031 0.0574945 0.00454718 0.0439949 0.0536674 0.0551798 
0.00467588 0.00266141 0.0287133 0.00541364 0.00711168 0.000780619 0.00273437 0.000450138 0.639412 0.0796092 0.0157629 0.0507717 0.00349853 0.0417308 0.0237172 0.092957 
0.0129832 7.98677e-05 0.0362533 0.0034614 0.0176838 0.00400706 0.076622 0.0143109 0.478176 0.0246907 0.0636727 0.0957858 0.00241495 0.0626337 0.0291852 0.0780393 
0.00955864 4.5079e-05 0.0324384 0.00425782 0.0169641 0.00163031 0.00657078 0.0250192 0.3001 0.0555315 0.239955 0.00441112 0.00105722 0.0865652 0.0745071 0.141389 
0.0188352 0.00286452 0.0191774 0.0046255 0.00915603 0.00703641 0.0201757 0.0151561 0.601556 0.0608386 0.0519503 0.0464997 0.00236693 0.0577129 0.034024 0.0480248 
0.0178019 0.00212814 0.0261892 0.00243288 0.00418115 0.00789107 0.0136687 0.00281738 0.373368 0.0290147 0.172952 0.0912991 0.00142377 0.154556 0.0189864 0.0812894 
0.041532 1.38809e-06 0.0421475 0.00102804 0.00136601 0.0380776 0.100755 0.00981719 0.317907 0.0283499 0.0162633 0.157247 0.00673036 0.0677422 0.0206082 0.150427 
0.014646 5.21508e-05 0.0299764 0.00403106 0.00770369 0.0182935 0.0492103 0.00278877 0.57367 0.0346534 0.0391298 0.0288974 0.0010722 0.0829617 0.0461167 0.0667972 
0.0352682 4.79683e-05 0.035657 0.000691011 0.0040692 0.0285234 0.0086972 0.00349845 0.575681 0.0184699 0.0462922 0.0464938 0.00117206 0.0611031 0.0309675 0.103368 
0.00232514 0.000345637 0.0185427 0.00488099 0.02077 0.00616589 0.0134814 0.00171327 0.552686 0.0883391 0.0259328 0.0539786 0.00100255 0.112276 0.0422714 0.0552891 
0.00939779 0.000322866 0.117423 0.00181257 0.0220807 0.0282214 0.00806814 0.0130583 0.319795 0.0972261 0.141497 0.0341568 0.00492198 0.0643095 0.0403043 0.0974048 
0.0136373 0.00157712 0.0293457 0.00699257 0.0210801 0.00622824 0.0184913 0.00358734 0.355325 0.167855 0.0301257 0.0694139 0.00471589 0.087631 0.0383691 0.145625 
0.0208196 0.000189592 0.00974938 0.00481639 0.0126695 0.0018197 0.0197616 0.00223645 0.536693 0.0513846 0.0652315 0.075818 0.00188592 0.080479 0.0312804 0.0851651 
0.0140438 4.92381e-05 0.0295927 0.00116548 0.010314 0.00748596 0.0105259 0.00110017 0.700039 0.0246006 0.0303171 0.0171981 0.000554999 0.0632523 0.060993 0.0287674 
0.00272862 0.000159367 0.0136403 0.000736012 0.0335317 8.81319e-05 0.00178412 2.28724e-05 0.719981 0.0661561 0.00394013 0.0639573 9.29253e-05 0.0288625 0.0328004 0.0315188 
0.00627167 0.00010666 0.033234 0.0174227 0.00808252 0.00671541 0.0321732 0.000372207 0.344134 0.088062 0.0739682 0.0471197 0.00121671 0.217806 0.0738133 0.049501 
0.0116647 0.000359063 0.0537048 0.0067703 0.0272507 0.00342984 0.0253148 0.00228041 0.261489 0.0759935 0.0662038 0.0662327 0.000719532 0.118012 0.0626649 0.217909 
0.00238585 0.000352038 0.0452371 0.012263 0.00630258 0.00736957 0.043298 0.000201029 0.419115 0.19722 0.119339 0.016441 0.00121854 0.0392163 0.0412162 0.0488249 
0.00575152 3.76402e-05 0.0182024 0.00773741 0.0288034 0.00145058 0.00324224 0.0820232 0.227999 0.149932 0.027429 0.1224 0.00160734 0.0833958 0.0518644 0.188124 
0.00203022 0.000265614 0.00283347 0.00012256 0.0129678 0.00230667 0.0101393 0.000138016 0.794316 0.0636641 0.00532146 0.0635599 1.31636e-05 0.0275711 0.00646987 0.00828051 
0.064377 0.000378086 0.00883361 0.00232189 0.00388086 0.00410062 0.00266591 0.000184149 0.495983 0.033041 0.016597 0.0249042 0.000312946 0.184684 0.0801858 0.0775504 
0.00276747 4.62623e-05 0.115774 0.00600178 0.0257818 0.00103233 0.0278855 0.00847466 0.239896 0.171646 0.024524 0.0198494 0.0100563 0.0593233 0.051814 0.235127 
0.0604219 3.10891e-05 0.204029 0.000271033 0.00172134 0.0078418 0.016273 0.0426872 0.265116 0.136523 0.0829279 0.0359365 0.00127948 0.0325673 0.035973 0.0764017 
0.103835 0.00192095 0.0225126 0.00560293 0.00902769 0.00388751 0.0981704 0.00795249 0.290448 0.0236561 0.0416996 0.0293744 0.00266156 0.164311 0.0789666 0.115974 
0.0114945 4.27263e-05 0.0787292 0.00682237 0.012048 0.00567091 0.0335588 0.0029596 0.500409 0.0127862 0.0362179 0.074052 0.00349694 0.157913 0.0191527 0.0446462 
0.0085226 6.15792e-05 0.0647034 0.00292553 0.00804895 0.00229944 0.0684803 0.0123341 0.297738 0.0372949 0.0851816 0.0382837 0.00601728 0.162269 0.0460901 0.15975 
0.0138742 0.000932329 0.0777354 0.0068142 0.0113111 0.0127294 0.0426911 0.00444869 0.264767 0.0317481 0.126271 0.212645 0.00516364 0.043152 0.0512874 0.0944294 
0.0212388 0.000312794 0.0040447 0.0172551 0.0208287 0.0101289 0.0181392 0.000477377 0.374729 0.037963 0.161081 0.0321938 0.000462661 0.086708 0.0987671 0.115669 
0.00309539 0.000850841 0.0020033 0.00559001 0.176016 0.000548023 0.0124718 0.000204593 0.256833 0.13148 0.00280219 0.0521202 0.00421623 0.047186 0.237432 0.0671496 
0.000682876 0.000141617 0.021281 0.00175712 0.00105973 0.00291934 0.00169723 4.44815e-06 0.671291 0.0273602 0.00420887 0.156182 0.00148368 0.026404 0.0126135 0.0709133 
0.0023254 5.90955e-06 0.00679592 0.0270067 0.00381423 0.00104924 0.00616069 7.56048e-06 0.298786 0.205995 0.0690122 0.20917 0.000343884 0.053911 0.0752238 0.0403922 
0.0353884 3.13331e-05 0.0472803 0.00981831 0.0142014 0.00925106 0.0212375 0.00513362 0.271428 0.0167496 0.162611 0.0457568 0.00233246 0.144528 0.110584 0.103668 
0.0148888 0.000162955 0.0352933 0.0195914 0.0556056 0.0116688 0.0093345 0.00140937 0.274037 0.0453225 0.188352 0.0210203 0.000887908 0.185263 0.05043 0.0867321 
0.0105084 0.00287601 0.0223223 0.00613873 0.0325283 0.0271761 0.0105404 0.000804596 0.375005 0.109086 0.0528822 0.106862 0.00467994 0.0787718 0.0676944 0.0921242 
0.0598646 6.22767e-05 0.0197324 0.00223463 0.0207238 0.00502435 0.0153986 0.00260052 0.481851 0.0914219 0.0355594 0.0406521 0.0033643 0.079829 0.0874655 0.0542153 
0.020339 8.00061e-05 0.0803907 0.00156821 0.00243152 0.0142981 0.00531252 0.000131808 0.491615 0.084958 0.0641174 0.053256 0.000258283 0.0369561 0.0700118 0.0742756 
0.0167202 0.000706055 0.0287564 0.00610397 0.00532379 0.00841036 0.02493 0.00385473 0.601291 0.0246516 0.0164106 0.0639931 0.00351962 0.0791395 0.03469 0.0814989 
0.00933241 0.000337103 0.0175113 0.00115076 0.0327459 0.00159297 0.0107429 0.0021868 0.401948 0.00695113 0.00703468 0.297598 0.0028889 0.098193 0.0407397 0.0690472 
0.00443005 0.000126612 0.0656352 0.00244573 0.00173449 0.00118746 0.00397735 3.44684e-05 0.499779 0.0780913 0.0114162 0.0329979 1.23527e-05 0.0686623 0.0776412 0.151828 
0.0281508 0.000138655 0.0191746 0.000645845 0.00564952 0.000986915 0.000980882 0.141625 0.319833 0.142631 0.0243174 0.086135 0.00306639 0.0162598 0.0163336 0.194071 
0.0104309 9.8415e-05 0.0462722 0.0173532 0.0120661 0.0126555 0.166281 0.0152639 0.350514 0.0832904 0.0620986 0.0678636 0.00128187 0.0696093 0.0472412 0.0376796 
0.0122512 4.23598e-05 0.0830854 0.00393099 0.0183916 0.00548337 0.00637387 0.0310381 0.246224 0.170873 0.0646567 0.0149307 0.00736431 0.208142 0.0571651 0.0700471 
0.0502173 9.32642e-06 0.0784054 0.00185503 0.00280109 0.00492571 0.0529147 0.00599349 0.270416 0.0143568 0.103549 0.216328 0.00408036 0.0863507 0.00762336 0.100173 
0.00763845 8.37726e-05 0.0834646 0.00612813 0.00929108 0.0114919 0.0126082 0.00137988 0.350899 0.0946112 0.036056 0.115491 0.00197522 0.128387 0.0807292 0.059766 
0.00803694 0.00486431 0.0087828 0.00414124 0.0169315 0.00623626 0.00593623 0.0114797 0.560748 0.0183984 0.0385556 0.157421 0.000174163 0.0819395 0.0344403 0.0419147 
0.0496117 0.00105707 0.0478667 0.00583005 0.0231501 0.00721395 0.0496792 0.00523626 0.153555 0.0647274 0.110202 0.128965 0.00447326 0.152433 0.0525919 0.143408 
0.0173016 0.000175879 0.0418922 0.0120285 0.00812836 0.00874847 0.0272533 0.00430242 0.237999 0.220806 0.0196167 0.0818372 0.00961692 0.105211 0.0477083 0.157375 
0.00406373 0.000101814 0.00368297 0.0273261 0.0138855 0.000944927 0.00526149 3.27106e-06 0.584785 0.0725442 0.0244206 0.0780923 4.80084e-05 0.0478347 0.0579436 0.0790616 
0.0206897 0.000189245 0.0355031 0.00254917 0.00770934 0.0010259 0.0106402 0.00699981 0.29261 0.150868 0.0360416 0.0206673 0.0305312 0.158304 0.0689844 0.156688 
0.00511109 0.00823149 0.0189675 0.00588576 0.016277 0.00260529 0.00480809 0.00154393 0.268652 0.208171 0.012543 0.0976069 0.0303677 0.0896347 0.0512462 0.178348 
0.0751183 0.000556323 0.0162404 0.010242 0.0207041 0.00613902 0.0371383 0.00533368 0.394473 0.0270204 0.0229053 0.0805106 0.00177001 0.209009 0.0361469 0.0566923 
0.0171225 0.000480104 0.0387298 0.00340857 0.0183051 0.0109612 0.0377817 0.0329159 0.346964 0.0408704 0.0842228 0.0592452 0.00861238 0.0705105 0.0237201 0.20615 
0.00904167 7.76846e-06 0.00858906 0.00359495 0.0037199 0.00129615 0.00654028 0.00106331 0.780845 0.0158471 0.0155091 0.0446391 0.00333794 0.0435721 0.0216676 0.0407291 
0.216044 7.01538e-06 0.0130642 0.00428201 0.0258122 0.0246902 0.0154467 0.000524751 0.271747 0.0326742 0.0412289 0.0111233 8.28214e-05 0.174727 0.0898598 0.0786854 
0.00256525 0.0313503 0.0115604 0.00239963 0.0293351 0.000562555 0.00665595 0.000313411 0.283746 0.106141 0.0280443 0.271274 5.01319e-05 0.0920767 0.0714307 0.0624952 
0.0356801 0.00148528 0.0700063 0.00585726 0.00915759 0.0050102 0.0303541 0.0233325 0.418915 0.0331774 0.0618471 0.0623704 0.00132979 0.0753731 0.0448391 0.121265 
0.00029407 0.00084994 7.79218e-05 0.00203009 0.00192109 0.00205449 0.000650133 0.0196035 0.233198 0.214271 0.198747 0.00664246 0.000849546 0.228812 0.0801634 0.00983484 
0.0604566 1.76262e-05 0.0525182 0.000200496 0.0108453 0.00290377 0.0195001 0.0201074 0.54001 0.0239448 0.0183106 0.035224 0.00124379 0.0977326 0.0323791 0.0846059 
0.015187 0.00254685 0.00686683 0.00538247 0.00227939 0.00273894 0.00129248 0.000225679 0.560456 0.0125123 0.0876468 0.125115 0.000143638 0.0810438 0.0277362 0.0688263 
0.00228603 0.000251954 0.00497344 0.000458453 0.00296436 0.000342184 0.00325589 0.00040352 0.711637 0.0389679 0.0376913 0.0218969 0.00371621 0.0396096 0.0209774 0.110568 
0.0348837 0.00121811 0.0229027 0.011467 0.0319241 0.0197853 0.0102537 0.00729959 0.198461 0.151306 0.158903 0.0785505 0.0042648 0.107815 0.0784708 0.0824945 
0.0352682 4.79683e-05 0.035657 0.000691011 0.0040692 0.0285234 0.0086972 0.00349845 0.575681 0.0184699 0.0462922 0.0464938 0.00117206 0.0611031 0.0309675 0.103368 
0.0141104 0.000170539 0.0356987 0.00887884 0.092215 0.0061255 0.00985363 0.00525282 0.326959 0.0153864 0.00565295 0.169104 0.00119663 0.13788 0.0587005 0.112816 
0.0373279 9.65425e-05 0.0292605 0.00280829 0.00649192 0.0055468 0.0298265 0.00429362 0.227306 0.036034 0.0717914 0.171378 0.00171514 0.127817 0.0257445 0.222562 
0.0684611 4.0104e-05 0.0307427 0.0094412 0.00673584 0.00702998 0.0464218 0.028915 0.455476 0.0282975 0.0789635 0.0849679 0.00577819 0.0603224 0.021768 0.0666388 
0.0148566 9.69464e-05 0.0342839 0.0134312 0.00647087 0.00721594 0.0132781 0.0144947 0.631212 0.0641409 0.0105355 0.064897 0.00346473 0.0456412 0.0166176 0.059363 
0.00674972 0.000364251 0.0308188 0.0142305 0.00566415 0.0154893 0.00522167 0.000306848 0.293986 0.0940648 0.068737 0.195114 0.000211772 0.107998 0.0798688 0.0811742 
0.00952628 9.04025e-07 0.0114952 0.0307134 0.019994 0.000549051 0.0133249 1.47859e-05 0.339058 0.109588 0.0607007 0.00165306 1.17067e-05 0.141251 0.169741 0.0923786 
0.0433569 2.95412e-05 0.0317972 0.0040285 0.00326864 0.0240964 0.0790096 0.00579124 0.195997 0.0275216 0.193463 0.146913 0.00204173 0.0925668 0.0408467 0.109273 
0.0325627 0.000873057 0.0469417 0.00104479 0.00544813 0.00313964 0.138416 0.00778694 0.224513 0.0566628 0.0931191 0.0616755 0.00208534 0.0705831 0.034415 0.220733 
0.0308149 1.55145e-05 0.0679051 0.00298166 0.010176 0.00788785 0.0206711 0.0166375 0.282287 0.0488244 0.0539975 0.12318 0.00394783 0.143225 0.0550738 0.132375 
0.0443438 5.13417e-05 0.0974136 0.000401636 0.00170326 0.00439601 0.030757 0.0437151 0.350165 0.0181006 0.078532 0.0526402 0.00186457 0.103931 0.0100226 0.161963 
0.00120765 7.60699e-06 0.0101227 0.00314424 0.00375236 0.00525957 0.00306012 0.00367556 0.79177 0.021704 0.0472644 0.0377552 0.000187664 0.0344988 0.0163688 0.0202218 
0.0293478 1.59655e-05 0.0634804 0.00623773 0.0031834 0.0302241 0.0524672 0.0104694 0.429898 0.0546389 0.0806341 0.0377766 0.00452174 0.0695614 0.0392497 0.0882935 
0.0104003 9.70256e-05 0.0227347 0.00272387 0.0161937 0.00301139 0.00308239 0.00208424 0.706729 0.0250011 0.0225607 0.131748 0.00050714 0.0208436 0.0117447 0.0205377 
0.0188111 0.00109996 0.0190174 0.00912185 0.0184831 0.00368874 0.00848076 0.00752163 0.43661 0.0528712 0.0605026 0.125208 0.00109103 0.0794038 0.0528628 0.105226 
0.0522387 2.23822e-05 0.0277847 0.000881533 0.00243999 0.00568176 0.0483193 0.0263676 0.4374 0.0171016 0.176477 0.0090699 0.00524115 0.0740203 0.00309439 0.11386 
0.00281291 0.0183891 0.0392506 0.0020109 0.00429768 0.016104 0.0360739 0.00292864 0.268284 0.0591901 0.179955 0.0710608 0.00314704 0.119817 0.0397917 0.136887 
0.033961 0.000623716 0.00958834 0.0373796 0.018879 0.00365239 0.0216288 0.00901055 0.282434 0.0162544 0.0154583 0.132453 0.0257358 0.274705 0.0287168 0.0895198 
0.106287 0.000260659 0.044825 0.00472187 0.00821844 0.0077155 0.0883359 0.0118348 0.189768 0.0461033 0.0291886 0.138479 0.00480596 0.117478 0.058356 0.143621 
0.00184655 1.35611e-05 0.0198998 0.0112258 0.00282147 0.00360046 0.00676437 0.000250236 0.633789 0.0659149 0.0542875 0.0374154 0.0014356 0.0305654 0.072434 0.0577356 
0.00174769 0.00113973 0.000393449 0.00550598 0.00362948 0.000451803 0.00248875 0.000126943 0.637541 0.0197215 0.0407785 0.00537262 0.000595786 0.150457 0.108489 0.0215602 
0.0158488 0.00130228 0.0285733 0.00498727 0.0106112 0.0124758 0.0234882 0.0110463 0.54259 0.0256205 0.0571969 0.0512248 0.00165201 0.0898368 0.066309 0.0572366 
0.0445592 4.47198e-07 0.0961669 7.47144e-05 0.000171635 0.00301189 0.0235887 0.0278223 0.37891 0.00682892 0.294444 0.0166688 0.00227125 0.0317697 0.00367178 0.0700395 
0.0076731 0.0468728 0.0524152 0.000594725 0.00316343 0.00627841 0.0374899 0.00879717 0.335858 0.123344 0.21661 0.0141715 0.000798714 0.0487553 0.0144879 0.0826899 
0.00650117 0.00046956 0.0331736 0.00376687 0.0146125 0.0123228 0.00800518 0.000909278 0.465957 0.200384 0.0335212 0.0292183 0.00294588 0.0629959 0.0357643 0.0894527 
0.0017567 0.000346851 0.0289041 0.00095775 0.0123141 0.0589598 0.0042946 5.58124e-05 0.436207 0.19383 0.0258222 0.0290739 0.000555308 0.0684469 0.0569718 0.0815025 
0.010094 0.00040784 0.0176929 0.0186853 0.0371448 0.00441644 0.00878853 0.00774215 0.238876 0.0825127 0.0894789 0.0710749 0.00117369 0.159779 0.153859 0.0982742 
0.00338015 2.90967e-06 0.0687307 0.0475232 0.0650601 0.0245744 0.0237832 4.39747e-06 0.217454 0.0955888 0.0808619 0.0224667 0.000711016 0.0305443 0.170139 0.149175 
0.0325627 0.000873057 0.0469417 0.00104479 0.00544813 0.00313964 0.138416 0.00778694 0.224513 0.0566628 0.0931191 0.0616755 0.00208534 0.0705831 0.034415 0.220733 
0.00879902 5.66875e-05 0.0284415 0.00740467 0.0057925 0.00731909 0.0599811 0.00688495 0.556809 0.132177 0.0690506 0.0296765 0.00136273 0.0025487 0.010004 0.0736927 
0.0184989 0.00854331 0.0457347 0.0102442 0.0160269 0.00898804 0.0164525 0.00151024 0.221484 0.109628 0.0309168 0.115048 0.00178858 0.122326 0.0772559 0.195555 
0.0462236 4.08156e-05 0.0198835 0.00535738 0.00283564 0.00484172 0.030644 0.0212706 0.626379 0.0163351 0.0159399 0.0874234 0.00376788 0.0595879 0.0127196 0.0467502 
0.0379026 0.0608137 0.0239543 0.00414073 0.00802447 0.00452667 0.0986437 0.00565508 0.301702 0.0584282 0.0182437 0.106836 0.00252996 0.100939 0.0565278 0.111132 
0.00984796 0.025077 0.0736573 0.00292545 0.00495034 0.000138748 0.0322483 3.72249e-05 0.342733 0.0446415 0.0195562 0.237452 0.00016873 0.130729 0.025209 0.0506293 
0.05522 6.10222e-06 0.0572909 0.000618381 0.00182792 0.00790618 0.0370545 0.0215508 0.321736 0.0167666 0.121417 0.0283789 0.00484114 0.12484 0.0166293 0.183917 
0.0118562 2.69833e-05 0.0607126 0.00756151 0.0101134 0.0180211 0.0262571 0.00989122 0.20302 0.127401 0.159344 0.0156197 0.0366093 0.0940769 0.141997 0.0774922 
0.00198618 0.000936126 0.0200934 0.00714624 0.00880774 0.00284119 0.0188497 0.00164654 0.299468 0.11951 0.00892465 0.276709 0.00114379 0.148845 0.0392891 0.0438048 
0.00575152 3.76402e-05 0.0182024 0.00773741 0.0288034 0.00145058 0.00324224 0.0820232 0.227999 0.149932 0.027429 0.1224 0.00160734 0.0833958 0.0518644 0.188124 
0.0303104 1.7597e-05 0.199795 0.0587783 0.0158113 0.0117308 0.0160436 0.00621952 0.212038 0.0895263 0.0659948 0.0594854 0.00427734 0.0268285 0.0779846 0.125158 
0.0566463 2.29653e-06 0.0268583 0.0487273 0.0226791 0.00309739 0.0236244 0.00085623 0.254415 0.0403256 0.0443114 0.132677 0.000118564 0.213127 0.0301099 0.102425 
0.021693 0.0005588 0.0678832 0.00097663 0.0163282 0.00693757 0.0178012 0.00570504 0.290442 0.0322231 0.188056 0.0514774 0.000799377 0.150148 0.0271115 0.121859 
0.00846507 0.00214452 0.0220596 0.00359867 0.0206805 0.0590594 0.00937121 0.00116282 0.443163 0.129267 0.0386321 0.0244352 0.00155467 0.0925344 0.0358162 0.108055 
0.0417483 1.94006e-06 0.021805 0.000715713 0.000110508 0.00117247 0.00362529 0.000118148 0.597816 0.0188749 0.126962 0.00695977 0.0017868 0.0577347 0.0132862 0.107282 
0.0140254 0.000108761 0.0241954 0.00186096 0.0251584 0.00633448 0.0204969 0.00699046 0.480053 0.0498395 0.0571722 0.112113 0.00454732 0.0591156 0.0290811 0.108908 
0.0485821 0.00045369 0.0106003 0.00236548 0.00406734 0.0049207 0.00319908 0.000220971 0.518969 0.0396492 0.0192068 0.0235797 0.000375526 0.186202 0.0508344 0.086774 
0.0278572 0.0012095 0.04721 0.00827103 0.028839 0.00478883 0.0419242 0.00442059 0.317191 0.0693165 0.0351962 0.102914 0.00191798 0.158456 0.047809 0.102679 
0.00215146 5.66914e-05 0.062235 0.00150282 0.00569613 0.00194411 0.0894375 0.00345751 0.35982 0.0101466 0.0608776 0.0281165 0.000367433 0.182916 0.0194518 0.171823 
0.0236437 8.54023e-06 0.0433018 0.00772018 0.00895265 0.00701862 0.0935114 0.00672952 0.27877 0.070413 0.0712231 0.114247 0.00791627 0.0986016 0.140852 0.0270897 
