0.00297306 0.000243445 0.00680416 0.00236617 0.0154242 0.00030367 0.036486 4.41523e-05 0.00371396 0.586594 0.0012329 0.00714337 0.0127229 0.112187 0.034749 0.177012 
0.00307067 0.000553532 0.0121021 0.00301848 0.011072 0.0140444 0.0128621 0.000348165 0.0579156 0.44153 0.0643387 0.0224341 0.0191811 0.132015 0.0758135 0.129701 
0.0040317 0.000781729 0.0221037 0.0216298 0.0429609 0.00168129 0.0479601 0.000760661 0.0149479 0.307596 0.0128678 0.065778 0.0131206 0.141319 0.040468 0.261993 
0.0046286 0.000199028 0.0256024 0.0225279 0.0236577 0.0126997 0.00448323 0.00261768 0.00670024 0.493998 0.00771799 0.0135871 0.0026973 0.103087 0.108875 0.166921 
0.0133208 0.000911674 0.0340542 0.00498614 0.0135801 0.00282163 0.00239169 0.00316662 0.00999147 0.618822 0.0103882 0.0165611 0.0083254 0.0814255 0.0288836 0.15037 
0.0115291 0.000376291 0.0152719 0.000289503 0.00193661 0.0145155 0.00200511 0.000172979 0.0126741 0.849801 0.00232942 0.0303193 0.00146447 0.013539 0.00338992 0.0403858 
0.0018437 0.000207924 0.0298682 0.0152779 0.0327321 0.0115974 0.00290465 1.10329e-05 0.00876076 0.588807 0.0054518 0.0236415 0.0454543 0.0572043 0.0682273 0.10801 
0.00309681 0.000590561 0.00965374 0.0022278 0.00326549 7.63224e-05 0.0057746 0.000259237 0.0343984 0.69757 0.0134503 0.0253277 0.00423121 0.0917135 0.0344274 0.0739364 
0.00154909 9.20422e-05 0.015562 0.00234375 0.0204921 0.00152402 0.00657746 0.000404502 0.00458326 0.752948 0.00199553 0.0253959 0.00616109 0.0442922 0.0610693 0.0550097 
0.00153825 0.000311913 0.00665856 0.0757698 0.0167159 0.00446688 0.000776021 0.000334627 0.00686844 0.632794 0.0203403 0.00645146 0.0357406 0.0249796 0.0420522 0.124201 
0.00117952 0.000931304 0.0444518 0.000596962 0.0122179 0.00429672 0.00146949 2.11925e-05 0.0132099 0.657017 0.00646155 0.0076904 0.0020719 0.0714011 0.0378784 0.139105 
0.0265079 0.00170967 0.148974 0.0175277 0.017305 0.00364187 0.022593 0.0247838 0.145542 0.175375 0.0773064 0.079498 0.00716557 0.0688949 0.0658032 0.117372 
0.0109425 2.16635e-05 0.137499 0.0021585 0.0367432 0.0721041 0.0318853 0.0174198 0.0246241 0.422632 0.0286215 0.0313559 0.0144351 0.0532186 0.0232371 0.0931013 
0.000437232 4.82171e-05 0.0313305 0.00145589 0.00353012 0.00153306 0.00563266 9.09095e-06 0.0410384 0.40104 0.034442 0.00323384 0.0211613 0.0271765 0.0339536 0.393977 
0.00654653 0.000196123 0.245972 0.00332207 0.0157469 0.00652972 0.00570242 0.00214394 0.0893587 0.380533 0.0217447 0.0351828 0.0150526 0.0447486 0.069043 0.058177 
0.00503159 0.000188725 0.0470953 0.00249361 0.0147912 0.03221 0.00489642 0.00297817 0.0646111 0.457274 0.0465006 0.0433324 0.00476455 0.0704927 0.0860582 0.117281 
0.00785149 4.66714e-05 0.0163118 0.00315213 0.00443592 0.00165578 0.00252017 1.27749e-05 0.0030642 0.730388 0.00478462 0.00379205 0.00147606 0.0903804 0.0328491 0.0972791 
0.00234325 0.000182664 0.0226615 0.00881925 0.0153738 0.0028598 0.00902853 0.00188447 0.0110049 0.371804 0.0146989 0.0284262 0.0237848 0.287996 0.0429799 0.156153 
0.00590741 1.08013e-05 0.0171314 0.0206264 0.050619 0.00133989 0.00310761 0.00335333 0.0083642 0.613371 0.00462833 0.0258751 0.00354468 0.0621173 0.0759593 0.104045 
0.00305662 0.000122166 0.021161 0.0208022 0.017104 0.015086 0.00431089 4.46467e-05 0.012949 0.5256 0.00588647 0.0175914 0.00496427 0.142309 0.0481874 0.160824 
0.00480803 1.04715e-08 0.0228438 0.000479106 0.00182505 1.44451e-07 0.000174908 0.000194511 6.61392e-08 0.94298 0.0017309 1.88461e-13 5.03625e-06 8.41939e-14 0.0249589 8.36709e-08 
0.00489617 0.148111 0.0228763 0.00178349 0.00167172 0.00191764 0.00994915 4.47915e-05 0.0336315 0.413064 0.0443217 0.0334178 0.00244278 0.0984908 0.0563903 0.126991 
0.00139356 0.118963 0.0643567 0.0554045 0.0128097 0.000876093 0.0390275 0.000192165 0.0138513 0.29237 0.0206834 0.217176 9.11886e-06 0.0429976 0.0259105 0.0939786 
0.00368669 8.71148e-05 0.0257511 0.00387869 0.0287553 0.0182869 0.0141134 0.00233114 0.0192116 0.570702 0.0138387 0.0341337 0.00564047 0.0649839 0.0664136 0.128186 
0.000646488 0.000315048 0.0249868 0.0021874 0.00490776 0.000784582 0.000385724 8.38742e-05 0.0227128 0.576238 0.057148 0.0169725 0.0539077 0.0401718 0.0537651 0.144786 
0.0105799 3.20872e-05 0.0851996 0.00849412 0.0152708 0.103705 0.0107466 0.00549991 0.02909 0.399069 0.0207871 0.031839 0.0115566 0.0489076 0.110491 0.108731 
0.000653346 6.30946e-06 0.0210431 0.0274185 0.00770578 0.185301 0.0181036 0.00124065 0.0173243 0.407992 0.0565285 0.00828963 0.00362654 0.0322173 0.0356503 0.1769 
0.00535614 0.00603025 0.236078 0.00460321 0.0154378 0.0225787 0.0202987 0.00553564 0.0254378 0.254857 0.0301114 0.0367663 0.00786876 0.0495188 0.155269 0.124253 
0.000867086 0.000435944 0.000371702 0.0018456 0.00150808 0.00208912 0.000965038 0.000139638 0.0974022 0.781774 0.00445736 0.0174711 3.49799e-05 0.0167158 0.0445785 0.0293441 
0.000906928 0.000102024 0.011196 0.159897 0.0212783 0.00589158 0.00783724 3.69905e-06 0.0248258 0.324374 0.0416917 0.0408982 0.0031278 0.0746787 0.238252 0.0450391 
0.00867974 9.5923e-05 0.0667247 0.00833455 0.0321439 0.0197225 0.0109014 0.00340554 0.0120666 0.38818 0.0239177 0.0234719 0.0244675 0.0855022 0.0313742 0.261012 
0.00249244 0.00178448 0.0185576 0.0580511 0.079057 0.00615262 0.00788844 0.000159646 0.012504 0.310429 0.0130077 0.0157247 0.0264324 0.0807803 0.237305 0.129674 
0.00634669 7.187e-05 0.0184263 0.0155567 0.0119859 0.0147167 0.00639998 0.00175973 0.010186 0.473245 0.0054163 0.303641 0.00188965 0.0329275 0.0211846 0.0762452 
0.00297538 0.000163064 0.00501334 0.00777836 0.0785335 0.00103767 0.000464685 0.00223354 0.000899085 0.760782 0.000528358 0.00600026 0.0114925 0.0190765 0.0856828 0.0173395 
0.00313365 0.000316633 0.00254605 0.0900054 0.0216184 0.00999082 0.00999337 0.000154706 0.00870073 0.354162 0.0153938 0.0301056 0.00291289 0.0962154 0.243258 0.111492 
0.00362924 0.222223 0.0101614 0.00106922 0.00932681 0.00477507 0.001904 0.000536548 0.0278825 0.370323 0.0175991 0.118066 0.0120782 0.0234958 0.0123291 0.164602 
0.00178241 0.000111343 0.148575 0.000692086 0.00442769 0.00636935 0.00429994 0.00124889 0.0143483 0.515119 0.0206076 0.0215464 0.0184579 0.108677 0.0243251 0.109413 
0.000795278 1.82939e-05 0.0873361 0.0219463 0.00663261 0.00054231 0.00220623 0.000272356 0.0033465 0.389774 0.0220264 0.0116931 0.00109783 0.082879 0.099673 0.269761 
0.00305143 0.000472087 0.0475593 0.00776594 0.0208684 0.0169398 0.0465153 0.00309514 0.0185787 0.391463 0.0516909 0.0665228 0.00130054 0.0717483 0.0679357 0.184493 
0.00189421 0.000632564 0.0294538 0.00479483 0.0212656 0.0131624 0.00469028 0.000124418 0.0606997 0.284733 0.0402665 0.177808 0.000596456 0.0732112 0.0459836 0.240684 
0.00198101 8.16659e-05 0.024573 0.0646413 0.0184555 0.00505684 0.0116605 7.4685e-05 0.0185306 0.300058 0.0221371 0.034387 0.00857548 0.106078 0.161987 0.221722 
0.0170358 0.000257952 0.037167 0.00216926 0.00381473 0.00532217 0.0448214 5.48006e-05 0.0386289 0.347359 0.0370284 0.0484094 0.00319577 0.0532031 0.0701953 0.291337 
0.00938979 0.000771966 0.0117165 0.0101214 0.0185466 0.00549147 0.00577208 9.49507e-05 0.00330284 0.515029 0.00597414 0.0123 0.0621407 0.0968302 0.0487802 0.193738 
0.00157393 0.00031071 0.0342045 0.0165256 0.0316358 0.00391803 0.00459971 0.000347693 0.0242684 0.372677 0.0146535 0.0191179 0.014438 0.107499 0.0913282 0.262902 
0.00259809 4.19886e-05 0.0146869 0.0322763 0.0414467 0.030373 0.00310517 0.000289375 0.0317913 0.34012 0.0646494 0.0467285 0.00980281 0.158356 0.0717886 0.151946 
0.00342713 3.04764e-05 0.0224374 0.0150088 0.0724218 0.0135668 0.00456607 0.000395375 0.0164021 0.402193 0.049042 0.00705821 0.000276833 0.0445375 0.301369 0.0472682 
0.000406405 2.19593e-06 0.0344393 0.00136747 0.00569553 0.000591 0.00221068 2.75946e-05 0.00806708 0.576884 0.00345413 0.0113475 0.000190824 0.025473 0.0454714 0.284372 
0.00129328 0.000116732 0.039516 0.0114814 0.040327 0.0292466 0.00796587 0.000648722 0.00964326 0.579458 0.0400295 0.0246812 0.00207964 0.0513794 0.0323636 0.12977 
0.000884814 0.00187055 0.0179202 0.0116119 0.0100206 0.000808312 0.048393 2.9204e-05 0.0435752 0.426833 0.00216523 0.0324491 0.000501804 0.207629 0.0444949 0.150814 
0.00244954 0.000121653 0.0273522 0.0207092 0.0173423 0.0139727 0.00437784 0.000137351 0.063864 0.214553 0.0926717 0.0990593 0.00248606 0.178742 0.140621 0.121541 
0.00246629 0.000171372 0.051325 0.0306734 0.0344297 0.0157075 0.0436936 0.000857261 0.0156372 0.436664 0.0654867 0.0182025 0.000879664 0.0644461 0.146915 0.0724442 
0.00163792 0.000839324 0.0428411 0.00627796 0.0134088 0.00635785 0.0705104 0.00239239 0.00886212 0.445679 0.00598464 0.105729 0.00165553 0.0767313 0.021532 0.189561 
0.00715344 0.000132108 0.0467337 0.0374758 0.0237574 0.0152181 0.0439351 0.00304672 0.0622078 0.248764 0.0196471 0.0992852 0.00116167 0.184371 0.0571022 0.150009 
0.00376481 0.000262197 0.0273528 0.0041446 0.0191048 0.0188244 0.0207928 0.0200516 0.0307108 0.362293 0.0207612 0.159031 0.0149185 0.0843351 0.0374788 0.176174 
0.00316883 1.36587e-05 0.0244978 0.00287453 0.0150897 0.0535199 0.0203624 0.000169531 0.00817445 0.6147 0.0986847 0.0296168 3.48201e-06 0.0245451 0.027434 0.0771451 
0.00414473 0.00165969 0.0324838 0.0115142 0.0173731 0.0142761 0.00487352 0.00446307 0.0377749 0.512668 0.030164 0.0594853 0.0158787 0.0674112 0.0515694 0.13426 
0.000524826 0.00940716 0.0344168 0.00409305 0.0101095 0.0076801 0.0151938 0.000271963 0.0155841 0.578547 0.0115536 0.00832815 0.0020203 0.0288307 0.0851956 0.188243 
0.0148568 0.0181257 0.0335123 0.02012 0.0198837 0.00341653 0.00683758 0.000354908 0.0142433 0.290031 0.0553883 0.0313187 0.00280691 0.135467 0.159091 0.194546 
0.00463633 0.00041188 0.0476208 0.0072989 0.0139055 0.00658727 0.01295 0.00576562 0.177969 0.271059 0.0320445 0.0656179 0.00296566 0.119236 0.0340675 0.197864 
0.0124566 0.000672986 0.0215464 0.00715576 0.0342334 0.0230046 0.00605323 0.000510004 0.0101136 0.596819 0.0904667 0.0197009 0.00681102 0.0400302 0.0442197 0.0862061 
0.00125336 0.000188077 0.0584358 0.0175647 0.0114138 0.00454527 0.0984218 0.0019118 0.123026 0.305457 0.0459848 0.0704291 0.000883548 0.135206 0.0608841 0.0643951 
0.0140037 0.00147991 0.0188705 0.00393327 0.0118152 0.00251367 0.00211802 0.00166663 0.0446088 0.444121 0.0836964 0.0199073 0.0143803 0.0931422 0.059101 0.184642 
0.019368 0.000104015 0.224339 0.00498436 0.0183937 0.00830502 0.0404268 0.0202721 0.0281571 0.232255 0.0503199 0.0648544 0.0424628 0.0400957 0.0594659 0.146196 
0.00129593 0.000339174 0.0314511 0.00428422 0.0182736 0.0497145 0.00215664 0.00294023 0.028591 0.571839 0.0484412 0.0292813 0.00595197 0.0434832 0.0576301 0.104327 
0.00807981 0.00034147 0.35971 0.00481364 0.0427049 0.0157462 0.0289063 0.00575712 0.00468523 0.387086 0.00709665 0.0138749 0.00104349 0.0197055 0.0394651 0.0609835 
0.0128077 0.000593081 0.0524747 0.0216339 0.0186475 0.0242496 0.016119 0.00634402 0.0529958 0.243048 0.0403752 0.0958714 0.00258839 0.111941 0.0867787 0.213532 
0.0032819 0.00233292 0.0698867 0.147268 0.0313153 0.00676818 0.0103391 0.020095 0.00799277 0.354758 0.00907307 0.0433934 0.00253084 0.111519 0.0947818 0.0846643 
0.00133904 3.17987e-05 0.053574 0.004885 0.0507625 0.044008 0.0084932 0.00535908 0.0182493 0.434491 0.0361851 0.0307709 0.00581439 0.0778935 0.0565613 0.171582 
0.00619223 0.00011054 0.00105459 0.0169942 0.010861 0.00108662 0.000630303 1.56373e-06 0.0824628 0.314106 0.0158771 0.0177649 3.04714e-05 0.262694 0.246629 0.0235051 
0.000494641 0.000301509 0.0125514 0.00160818 0.0041864 0.0173034 0.00268107 4.05004e-05 0.0135265 0.688431 0.00250315 0.0161593 0.000736559 0.0594328 0.0155742 0.164469 
0.00270285 7.98475e-05 0.0621916 0.0290785 0.0592908 0.00579653 0.00154624 0.00012869 0.0179257 0.616638 0.0170903 0.00791058 0.0114096 0.0818767 0.0495084 0.0368256 
0.00633684 0.000874766 0.14679 0.00166234 0.0622669 0.00720352 0.00775024 0.0485895 0.0446765 0.32137 0.0196156 0.0139038 0.0182038 0.0712162 0.0317099 0.19783 
0.0111613 2.10138e-05 0.00907141 0.00562022 0.0160582 0.00726224 0.0208864 0.00048518 0.0202403 0.208939 0.0612441 0.108423 0.000183861 0.163823 0.193045 0.173535 
0.00383008 0.0117766 0.017043 0.00758086 0.0070142 0.000758404 0.0132996 3.57154e-05 0.0203031 0.413655 0.00422375 0.10182 0.0176485 0.133487 0.0336942 0.21383 
0.00103708 0.000146767 0.0118194 0.0491569 0.010444 0.00542306 0.00402637 0.000191823 0.00583255 0.454273 0.00704729 0.0289445 0.00298897 0.114563 0.103441 0.200664 
0.00213674 5.02613e-05 0.144988 0.0151631 0.00508482 0.00377432 0.00278516 0.049652 0.00426182 0.387543 0.00864928 0.00407497 0.030979 0.0498694 0.0309214 0.260067 
0.00168339 0.00160682 0.00730815 0.00245284 0.0145781 0.00139388 0.00131983 5.75917e-05 0.00669926 0.547534 0.0036202 0.00963781 0.0443387 0.142984 0.0683259 0.14646 
0.00319455 0.000451802 0.0188155 0.00847111 0.0912582 0.0027495 0.0048562 8.20441e-05 0.0029727 0.345359 0.00365887 0.0312924 0.0608193 0.0545601 0.149732 0.221727 
0.130119 3.30293e-05 0.151164 0.000790289 0.0103542 0.00472219 0.03152 0.0724873 0.0171629 0.193982 0.0758149 0.0377515 0.0223517 0.0629967 0.0173698 0.17138 
0.00276911 6.13548e-05 0.0174297 0.0077505 0.0413431 0.0123323 0.00701902 0.00137563 0.00695838 0.474208 0.0282843 0.0116944 0.00656001 0.0932229 0.070593 0.218398 
0.000963027 0.000433362 0.0160248 0.00744543 0.00453974 0.00195169 0.0130407 5.55074e-05 0.0105745 0.574397 0.00448035 0.0285571 0.0112711 0.0738651 0.0402615 0.212139 
0.00223118 0.000457409 0.0274352 0.00935316 0.0125026 0.0122103 0.0130904 0.0002768 0.0240306 0.523142 0.0272825 0.0628055 0.00593191 0.0781316 0.0538813 0.147237 
0.00840488 3.38776e-05 0.133486 0.00241589 0.0147835 0.0460775 0.0415088 0.00202115 0.0121244 0.48999 0.00771055 0.0290953 0.00637679 0.0645629 0.0117797 0.129629 
0.00295129 0.00136533 0.0182745 0.0153358 0.0106459 0.0122482 0.0092999 0.001588 0.0101137 0.431715 0.0267395 0.0622679 0.0105102 0.0974708 0.043742 0.245732 
0.0100372 5.07903e-05 0.157408 0.00331269 0.0323418 0.0973864 0.0222239 0.0143964 0.00894656 0.373909 0.0224425 0.00992299 0.0374834 0.0406648 0.0733252 0.0961485 
0.00347717 3.71004e-05 0.104321 0.0143751 0.0189101 0.00715166 0.110978 8.23643e-05 0.00947148 0.389854 0.0115542 0.050483 1.38214e-05 0.167081 0.0463346 0.0658759 
0.00204522 0.000674311 0.228999 0.00385943 0.0353939 0.00207307 0.00565671 0.000810134 0.0240817 0.32917 0.0248949 0.0578654 0.00119487 0.114337 0.0317589 0.137186 
0.00665632 0.000724696 0.0307569 0.0507421 0.0268226 0.010243 0.0108736 0.000805639 0.0447766 0.305838 0.0470168 0.0496533 0.00235118 0.210027 0.117506 0.0852067 
0.0087143 0.000137448 0.138254 0.0239461 0.0281921 0.0116945 0.00522783 0.000845927 0.053733 0.387041 0.0310074 0.050824 0.000490509 0.0638052 0.0967987 0.0992884 
0.0860033 0.000216812 0.0523538 0.00558785 0.0148543 0.00395402 0.00744269 0.000698302 0.011206 0.232746 0.045989 0.0291271 0.000331734 0.156563 0.1886 0.164326 
0.00407057 3.17214e-05 0.0195108 0.0291181 0.0512552 0.00200807 0.0185093 0.0230493 0.0525681 0.403938 0.0194184 0.0612067 0.00849616 0.060376 0.0933136 0.15313 
0.0018348 0.000598242 0.00304569 0.00695589 0.160384 4.5177e-05 0.00308221 2.2443e-05 0.0258311 0.36267 0.158817 0.035209 0.000206136 0.0200873 0.0954617 0.12575 
0.00488397 2.89629e-05 0.0115525 0.0192208 0.234307 0.00717806 0.00248182 0.000366175 0.00114307 0.325937 0.00546828 0.00198786 0.0286813 0.00942932 0.314046 0.033287 
0.000632551 0.000778079 0.00995127 0.006881 0.0188381 0.00158792 0.0212355 0.000318556 0.0283272 0.505668 0.0278924 0.092569 0.00259163 0.0713244 0.0801103 0.131294 
0.00578439 0.000153273 0.0101842 0.00922699 0.0215313 0.0036792 0.00410389 0.0169217 0.0203672 0.28537 0.0175952 0.0327008 0.00650486 0.238925 0.0475971 0.279355 
0.00226425 0.00137464 0.0256811 0.00484756 0.00595126 0.00220963 0.00443421 0.0528813 0.0266189 0.381807 0.0109527 0.096952 0.0704678 0.0570647 0.0264468 0.230046 
0.00116737 0.000152392 0.0186584 0.00546084 0.0261413 0.00403633 0.0113815 6.17929e-05 0.0100421 0.498216 0.0216714 0.0123757 0.0363712 0.0963324 0.0463106 0.211621 
0.00146781 0.000181714 0.0146483 0.000918789 0.00320608 0.00908508 0.004019 1.4663e-05 0.0478049 0.66508 0.0273564 0.0592011 0.000155005 0.0538574 0.0430731 0.0699312 
0.00379784 0.000247077 0.0254083 0.0020857 0.00969618 0.00821595 0.00571767 0.000323291 0.0145347 0.561007 0.012739 0.0342837 0.0333247 0.106928 0.0465772 0.135114 
0.00144068 0.00215532 0.00904454 0.00637073 0.0119908 0.232353 0.00677632 0.000340971 0.0117283 0.569758 0.00560773 0.0132439 0.00100512 0.03275 0.0513423 0.044092 
0.00139356 0.118963 0.0643567 0.0554045 0.0128097 0.000876093 0.0390275 0.000192165 0.0138513 0.29237 0.0206834 0.217176 9.11886e-06 0.0429976 0.0259105 0.0939786 
0.00616133 0.000781855 0.0867706 0.00159082 0.0660701 0.102887 0.00868644 0.00831334 0.0204936 0.457812 0.0559029 0.0267938 0.0143951 0.0204671 0.0263357 0.0965381 
0.00188118 0.000182172 0.0217962 0.00272573 0.0125967 0.00470475 0.00615376 0.00339697 0.00995016 0.568882 0.00760419 0.0410666 0.0109375 0.0584763 0.0283615 0.221284 
0.00482557 0.000321632 0.0530351 0.00676697 0.0114152 0.0041409 0.0151479 0.0027341 0.0390465 0.409341 0.0345345 0.037174 0.00773056 0.156922 0.0806471 0.136217 
0.000445819 8.20237e-05 0.00321558 0.00361023 0.0148519 0.00181172 0.000764174 3.47738e-06 0.0274477 0.655246 0.0468021 0.00339807 0.026386 0.00939457 0.016461 0.19008 
0.00725389 7.92911e-05 0.0955325 0.00293186 0.00892412 0.212061 0.016664 0.0137631 0.0629408 0.333863 0.0480532 0.0337112 0.00503324 0.0387609 0.018232 0.102196 
0.00689411 0.00211329 0.0315833 0.0126113 0.0322413 0.00826844 0.011661 0.000220812 0.0336506 0.323906 0.0141731 0.0667925 0.0111457 0.122171 0.122759 0.199808 
0.00166715 0.000162236 0.00749626 0.0138828 0.0404142 0.0619152 0.00338734 0.000998741 0.0201404 0.644564 0.0141019 0.0251639 0.00175188 0.0305908 0.0500674 0.083696 
0.00163593 0.00055288 0.0392076 0.0316844 0.0089524 0.0028316 0.0504899 0.00212378 0.00812318 0.423387 0.00303369 0.0717814 0.00430886 0.111213 0.0238916 0.216783 
0.00262115 1.23247e-05 0.0246873 0.00477387 0.0231416 0.00791893 0.00845678 1.12226e-05 0.0146438 0.455489 0.0189917 0.0305925 0.0200027 0.107967 0.162801 0.117889 
0.0164806 0.000291832 0.0414494 0.053937 0.0582326 0.0147751 0.0366891 0.0138542 0.022356 0.278701 0.0287627 0.0306532 0.0141447 0.150807 0.111593 0.127273 
0.00673093 0.000113479 0.194138 0.0162344 0.00615621 0.0394284 0.0346142 0.00554003 0.0188218 0.317183 0.052143 0.0280168 0.00435108 0.0487101 0.0792107 0.148608 
0.00476564 5.25819e-05 0.0196619 0.0323345 0.0108174 0.00446755 0.00420308 0.000587289 0.0414947 0.44036 0.025684 0.019127 0.00680732 0.123504 0.0929278 0.173206 
0.00389023 0.000522886 0.0147724 0.183948 0.0214713 0.00300836 0.00205658 3.49225e-05 0.0232956 0.266279 0.0589254 0.0202318 0.0145879 0.084335 0.204116 0.0985254 
0.00249026 0.00485542 0.166197 0.00737125 0.0176829 0.000164309 0.00105157 6.74926e-05 0.174683 0.267358 0.0801422 0.00703249 9.00576e-05 0.161256 0.0515491 0.0580083 
0.0151419 4.33749e-05 0.0787688 0.00286188 0.041074 0.197182 0.00509957 0.00603176 0.0329157 0.340099 0.0677323 0.0255258 0.00554259 0.0239696 0.0342336 0.123778 
0.0311635 8.6733e-05 0.0577281 0.00945602 0.0312241 0.010606 0.0334978 0.00257241 0.0162906 0.408276 0.0509459 0.0322334 0.00139792 0.0544314 0.107162 0.152927 
0.0112813 8.25644e-05 0.176835 0.0099684 0.0263206 0.0494523 0.0265121 0.00508319 0.0639852 0.410153 0.0208002 0.0279916 0.00340062 0.0780568 0.0261627 0.0639143 
0.00156586 0.000233506 0.0398392 0.00233072 0.0116774 0.0329573 0.0383229 0.000368689 0.0398615 0.477735 0.0278434 0.0553441 0.00548032 0.08948 0.0685935 0.108367 
0.0112207 7.06385e-05 0.0584967 0.00225555 0.00966621 0.0354179 0.0194346 0.00476908 0.0153204 0.468062 0.015758 0.036236 0.0659187 0.0569468 0.0291334 0.171294 
0.00609849 0.000269088 0.0480606 0.00503293 0.0371135 0.0136681 0.00401592 0.000388483 0.0143763 0.475163 0.0218066 0.0595262 0.00105818 0.102353 0.0490508 0.162019 
0.0068982 0.0750624 0.0402157 0.00643216 0.00593928 0.00554914 0.00837739 0.00194818 0.0369242 0.41176 0.0200891 0.103552 0.00736577 0.0672147 0.0604116 0.142261 
0.0010933 0.000155865 0.019425 0.016806 0.0543701 0.0160367 0.00278791 0.00486091 0.0051793 0.715485 0.0134715 0.0159252 0.0105688 0.024534 0.0421368 0.057164 
0.00434834 0.00022411 0.227343 0.00292026 0.02329 0.0609775 0.00877552 0.016815 0.0246666 0.431628 0.0187066 0.0116552 0.0197895 0.0543345 0.0238984 0.0706281 
0.00254082 0.0010824 0.0236196 0.00218223 0.00415455 0.0416262 0.0155699 0.000314009 0.0457268 0.389745 0.105533 0.0597809 0.0126981 0.142076 0.0663104 0.0870402 
0.0120027 5.25382e-05 0.0951366 0.00330775 0.0286253 0.0841254 0.0153377 0.00865622 0.0350478 0.306736 0.0395959 0.0357767 0.0381241 0.0483458 0.0616987 0.187431 
0.000425603 0.0018952 0.00720272 0.0051769 0.00579183 0.000986697 0.00220572 0.00144294 0.00443641 0.558809 0.00558073 0.0245179 0.117284 0.0503996 0.0180109 0.195835 
0.00135357 0.000588563 0.00806261 0.00211888 0.00901426 0.0221559 0.00523548 2.27013e-05 0.00703761 0.640163 0.00351513 0.0360135 0.0024898 0.0791441 0.0235359 0.159549 
0.00766629 1.47254e-06 0.0387634 0.00413733 0.0111108 0.0148325 0.188465 0.00671596 0.0126741 0.208799 0.016751 0.153937 0.138755 0.0814076 0.0499891 0.065994 
0.00201611 0.000117387 0.0152436 0.0162187 0.0148433 0.0181689 0.0053028 0.000397068 0.0215712 0.502868 0.013928 0.0325662 0.033437 0.0745381 0.0642685 0.184515 
0.00343875 0.00148145 0.009754 0.0119229 0.0158895 0.0034385 0.00249268 0.000504827 0.00456266 0.609017 0.00276233 0.0628136 0.00283625 0.0496662 0.0262833 0.193136 
0.0251156 0.00101553 0.0321799 0.00859832 0.11768 0.0052169 0.00367702 0.00227803 0.0304797 0.376112 0.0232777 0.0549414 0.00141686 0.0459946 0.216763 0.0552534 
0.00674882 0.000134783 0.163393 0.00135797 0.00572103 0.0062704 0.00993228 0.00432713 0.11992 0.22631 0.0822266 0.0315066 0.00851125 0.0966409 0.0547635 0.182236 
0.00116679 0.0139956 0.0130259 0.0122321 0.0175247 0.00322045 0.00554857 0.000248479 0.00654307 0.611029 0.0106449 0.0248885 0.0465217 0.0695175 0.0355285 0.128365 
0.00131377 0.000179614 0.0218477 0.00600017 0.0108384 0.00702096 0.00448353 6.53629e-05 0.0111145 0.670015 0.0240843 0.0256891 0.0200178 0.03263 0.0421886 0.122511 
0.0147726 0.0793609 0.00847324 0.00734173 0.00123866 0.000368033 0.00222108 0.000493365 0.0220545 0.568124 0.0144597 0.0898847 0.0109049 0.0407546 0.0569274 0.0826209 
0.00166129 0.00554548 0.0071553 0.00312095 0.0162977 0.0365509 0.00189582 1.3953e-05 0.0332862 0.692114 0.0117695 0.0343436 0.000507968 0.0592314 0.0427708 0.0537356 
0.130119 3.30293e-05 0.151164 0.000790289 0.0103542 0.00472219 0.03152 0.0724873 0.0171629 0.193982 0.0758149 0.0377515 0.0223517 0.0629967 0.0173698 0.17138 
0.00261927 0.000377872 0.0326616 0.0445087 0.0426082 0.00402623 0.00531004 8.66357e-05 0.0140335 0.475912 0.0270371 0.0314708 0.017961 0.0486738 0.0854887 0.167224 
0.0118496 1.83795e-06 0.0582256 0.00599337 0.0136901 0.0225491 0.0204404 0.0146685 0.0327763 0.347197 0.0749963 0.0278617 0.104561 0.050676 0.0467475 0.167765 
0.00146174 0.000116649 0.0131994 0.0163269 0.0325042 0.0339886 0.00750203 0.000152328 0.0262949 0.562473 0.0434475 0.0386578 0.0104276 0.0720759 0.0637281 0.077643 
0.00659098 7.0572e-05 0.00805491 0.0158325 0.00771004 0.0246526 0.00499676 0.000885753 0.00896262 0.287239 0.0720462 0.0274899 0.00556737 0.157318 0.274814 0.0977692 
0.00183926 0.0366335 0.0338043 0.00166713 0.00828733 0.00560139 0.00758478 0.000124133 0.0206847 0.552916 0.0300511 0.0276715 0.0381722 0.0607242 0.0277539 0.146484 
0.0124021 4.29387e-05 0.0328778 0.00923957 0.0119718 0.00788827 0.0115264 0.00350042 0.011664 0.504333 0.00603235 0.0252113 0.0226343 0.0561631 0.0398172 0.244696 
0.000967645 0.000171163 0.00518218 0.00504949 0.00433423 0.000438532 0.00254387 0.00128569 0.130055 0.577912 0.00275564 0.133507 0.000632536 0.0372487 0.0164903 0.0814267 
0.0061133 0.000284382 0.0608207 0.00692802 0.0209891 0.00486251 0.015937 0.00106033 0.0217073 0.34373 0.0124739 0.0466844 0.0124466 0.13541 0.0959378 0.214614 
0.00317564 0.00145262 0.0407026 0.0169189 0.0198448 0.0181979 0.0124285 0.00031813 0.0127254 0.64813 0.0197105 0.0218008 0.00433754 0.0490962 0.0392717 0.0918889 
0.00431584 8.58812e-05 0.0869439 0.00562332 0.0141005 0.151173 0.0279632 0.00138917 0.0116015 0.356218 0.011398 0.0418752 0.00186774 0.0623248 0.0832296 0.139891 
0.000844404 0.038745 0.00344246 0.0195348 0.0851932 1.48991e-05 0.000169773 8.752e-06 0.00479223 0.469023 0.000860063 0.0470144 1.95188e-05 0.0533921 0.176756 0.100189 
0.0243404 0.000597173 0.0678253 0.00951388 0.0230538 0.00457431 0.0311407 0.00550838 0.0297521 0.243044 0.0183453 0.0967593 0.00599587 0.21257 0.0610678 0.165912 
0.00376087 0.0647694 0.113796 0.00442117 0.0268764 0.0120601 0.00452599 0.000329678 0.020139 0.578876 0.0042401 0.018605 0.00827334 0.026623 0.0199421 0.0927626 
0.00122063 0.000330554 0.0337549 0.00448957 0.0110287 0.00740132 0.00514837 2.1632e-05 0.0146159 0.458304 0.00919626 0.0350714 0.00467033 0.0900399 0.0528554 0.271851 
0.00240677 0.00016535 0.0380284 0.0122444 0.0636434 0.0492113 0.00782665 2.48442e-05 0.0214118 0.286738 0.025105 0.0521319 0.00241805 0.144103 0.108035 0.186507 
0.0102397 2.11221e-05 0.00894711 0.000396236 0.00307434 0.0165981 0.0142825 0.009236 0.0180461 0.326766 0.00153871 0.309924 0.00481773 0.173526 0.000591721 0.101994 
0.000887431 0.0002289 0.0341816 0.00279935 0.0528474 0.0871715 0.00327528 8.69485e-05 0.00375561 0.71812 0.00140836 0.024471 0.000121865 0.015236 0.0306069 0.0248013 
0.0260163 1.62476e-05 0.055088 0.00280079 0.00765474 0.00502404 0.148407 0.00206615 0.0708834 0.180033 0.105318 0.0626763 0.030853 0.123912 0.0499138 0.129337 
0.00376177 0.00120094 0.0182576 0.002863 0.0133777 0.00267044 0.0153347 0.000482355 0.0165785 0.373268 0.00848503 0.326857 0.00406491 0.0996217 0.0293257 0.0838504 
0.00167133 0.000280697 0.00556848 0.00990112 0.0194031 0.00105055 0.00274957 0.00149219 0.00559764 0.363936 0.0125655 0.0292977 0.00170465 0.300221 0.0933097 0.151251 
0.000437053 0.0266891 0.0400499 0.00143113 0.00162977 0.00390387 0.00185736 8.15208e-05 0.00495324 0.601594 0.0117095 0.0397638 0.00256113 0.0251653 0.0149126 0.22326 
0.00200879 0.000346377 0.0166341 0.00595894 0.00792417 0.0115975 0.00898705 0.00079185 0.00889144 0.691631 0.0199821 0.0303624 0.00394192 0.048605 0.0349164 0.107422 
0.00597075 0.000545989 0.0173822 0.0177689 0.0321662 0.00362856 0.00770512 5.02923e-06 0.00679999 0.490643 0.0683582 0.0160824 0.0593118 0.0474552 0.125287 0.100889 
0.0039741 0.000371742 0.0316351 0.0308877 0.0564971 0.00108268 0.0176041 0.0124163 0.0140394 0.387894 0.0253015 0.0189438 0.00723676 0.120295 0.153034 0.118786 
0.00987369 0.00272041 0.280304 0.0272367 0.0199458 0.00828759 0.0562806 0.0270842 0.0254816 0.296379 0.0185388 0.0452747 0.00166141 0.067113 0.0623714 0.0514472 
0.0121054 0.000137511 0.037657 0.061385 0.016862 0.00341999 0.0119831 0.00342834 0.0246796 0.258966 0.0261486 0.0514676 0.00323631 0.14928 0.137666 0.201578 
0.00241221 0.000691529 0.0735695 0.00634154 0.100423 0.00366811 0.00286 0.110711 0.00968637 0.459731 0.0214724 0.0198782 0.00229769 0.0652999 0.0516144 0.0693425 
0.0150098 0.000109605 0.140965 0.00057369 0.0249801 0.0947569 0.0162901 0.0637363 0.0197535 0.457329 0.0148122 0.0275229 0.00467716 0.0280935 0.0127638 0.0786268 
0.013069 0.000561042 0.263043 0.0124952 0.0255393 0.0179934 0.0317471 0.010779 0.0224559 0.349219 0.0232047 0.0349736 0.0120779 0.0486533 0.0507696 0.0834186 
0.00093911 0.000261301 0.0405374 0.00991599 0.0271456 0.0237356 0.00153113 0.000198082 0.00815499 0.631472 0.00934862 0.0182211 0.00911485 0.0636992 0.0493172 0.106408 
0.00128461 0.00154467 0.00472074 0.0105508 0.0199995 0.00223948 0.00692479 0.000551877 0.00868684 0.678894 0.0112311 0.0188371 0.0402504 0.0588723 0.0541825 0.081229 
0.0461986 0.000214311 0.0359206 0.00266437 0.0132783 0.0186437 0.00797417 0.0308287 0.0139458 0.499092 0.020464 0.0152381 0.145132 0.0286593 0.0101163 0.11163 
0.00368347 0.115364 0.0299126 0.00450683 0.00462488 0.00334557 0.00162685 0.0248021 0.0166781 0.527651 0.00624302 0.0667223 0.00949348 0.039849 0.0133403 0.132157 
0.0073421 0.0010951 0.0646407 0.0302507 0.0382333 0.00546485 0.0266039 0.00358512 0.0483932 0.280048 0.0264087 0.0507935 0.00618422 0.0957654 0.17878 0.136411 
0.00953668 6.82025e-05 0.124529 0.0142492 0.0233025 0.033807 0.058692 0.0151718 0.0111658 0.529171 0.0059319 0.019323 0.0432581 0.0140773 0.0195944 0.0781227 
0.0157627 5.02205e-05 0.0946298 0.00950176 0.016374 0.0626582 0.0192622 0.0104101 0.0302037 0.29635 0.107466 0.045487 0.0391044 0.0509646 0.066554 0.135221 
0.0176022 0.00034793 0.0300958 0.0134553 0.00878018 0.00759975 0.015551 0.00448799 0.0214799 0.329686 0.0194197 0.0397355 0.0103164 0.114652 0.0497228 0.317068 
0.028812 0.000169025 0.133413 0.00314976 0.00489022 0.00631502 0.0035792 0.0654051 0.0240113 0.480191 0.0314852 0.00769645 0.0119531 0.0515094 0.0339072 0.113513 
0.00999305 0.0001015 0.00522526 0.017905 0.0367831 0.000790371 0.00203398 0.00028332 0.0307226 0.47748 0.0197074 0.00962168 0.0159392 0.0679841 0.068266 0.237164 
0.00203791 5.46382e-05 0.0170434 0.00248282 0.0258642 0.00161803 0.00266197 0.00455661 0.0171017 0.669051 0.0251538 0.0259807 0.0320142 0.0364286 0.0259323 0.112018 
0.0369351 2.34924e-05 0.0431831 0.013695 0.0228752 0.0409184 0.0180018 0.00958297 0.0155779 0.414839 0.0507847 0.0183954 0.0675564 0.0368986 0.0561625 0.15457 
0.00119442 0.000355627 0.00680438 0.00580197 0.0271907 0.00215739 0.00346832 0.00142193 0.051811 0.570799 0.00463642 0.0687673 0.0305262 0.0621443 0.0237369 0.139184 
0.000834418 1.97227e-05 0.0363016 0.01079 0.104164 0.0239182 0.00362229 0.000862769 0.0105396 0.400285 0.0422698 0.0160105 0.000264428 0.118976 0.0591276 0.172014 
0.0065396 0.0006055 0.0188933 0.0056501 0.0191635 0.00544936 0.00653653 0.00114654 0.00383977 0.426203 0.00844739 0.0345329 0.000537102 0.0896025 0.0531196 0.319733 
0.00038121 1.2713e-06 0.0721056 0.00278374 0.192154 0.00146468 0.00162572 0.00138663 0.00834986 0.436827 0.0588839 0.02241 4.00821e-06 0.00986479 0.084423 0.107334 
0.00443342 0.000227414 0.0182932 0.000821384 0.00345443 0.000131531 0.00379014 5.47019e-05 0.0223592 0.566379 0.01775 0.0316766 0.0367538 0.0385007 0.0139834 0.241391 
0.000863903 0.0588703 0.0265288 0.0578058 0.0115528 0.000625636 0.0170146 3.05217e-05 0.0550041 0.274276 0.0187505 0.139682 0.000249225 0.039658 0.033425 0.265663 
0.0173782 6.036e-05 0.15816 0.00523688 0.0213267 0.0793362 0.0276409 0.0101668 0.0266064 0.304808 0.0182722 0.0382452 0.075373 0.0341143 0.0854235 0.0978505 
0.00386546 0.000201903 0.167246 0.00815529 0.0124422 0.0027253 0.0122336 0.00135661 0.0607074 0.374307 0.0218024 0.0280512 0.0423989 0.0497232 0.0647118 0.150072 
0.0124288 0.000263425 0.229925 0.0058172 0.0304333 0.0149033 0.0272403 0.00917538 0.0129184 0.281095 0.0170948 0.0268772 0.0230264 0.137421 0.0650148 0.106365 
0.0021118 0.00232683 0.0268756 0.00520494 0.0338426 0.0111454 0.00249165 0.0073979 0.00545948 0.543889 0.0750087 0.0365494 0.000323523 0.0616384 0.0723157 0.113419 
0.00122464 1.61137e-05 0.057874 0.0116163 0.0618858 0.0222946 0.00248314 0.000329104 0.0342349 0.346191 0.033818 0.00720055 0.0280953 0.0186954 0.227085 0.146956 
0.00461942 0.000819315 0.031526 0.0121481 0.0675701 0.00550591 0.0160167 0.00152267 0.023637 0.350578 0.0190616 0.0280837 0.00913305 0.0848255 0.194768 0.150186 
0.00505913 0.000472382 0.0319343 0.016324 0.00343547 0.0351462 0.00740136 0.00159731 0.0164333 0.474483 0.0478678 0.0481868 0.00396148 0.0581966 0.0847832 0.164717 
0.000828622 0.000130814 0.0036621 0.0154807 0.0926728 0.00276434 0.00497838 0.000796819 0.0134189 0.342033 0.113243 0.0348108 0.00110439 0.0570794 0.0396597 0.277336 
0.0118194 0.000368421 0.14009 0.00948383 0.00815453 0.00919387 0.0578795 0.0115239 0.132343 0.168652 0.0148167 0.101383 0.00672674 0.103706 0.0729659 0.150894 
0.0249309 0.000187577 0.156784 0.0119165 0.0213503 0.00766524 0.0311529 0.0113222 0.0635156 0.271562 0.021055 0.0261862 0.0939616 0.0702504 0.0792468 0.108913 
0.00209913 0.000728971 0.00817664 0.00570587 0.0100808 0.00551168 0.00298387 0.000179837 0.00510879 0.731539 0.00539802 0.0116576 0.0073484 0.0281079 0.0171394 0.158234 
0.0284444 2.7798e-06 0.176897 0.00234586 0.0830128 0.0234664 0.0189832 0.000478332 0.0574713 0.194352 0.0485619 0.08304 0.000571672 0.0602885 0.0748083 0.147275 
0.00199846 0.000612425 0.00370413 0.020995 0.00690849 6.14225e-05 0.00706563 0.000111048 0.00758717 0.670866 0.016005 0.0349547 0.00029738 0.0492354 0.0833819 0.0962157 
0.0024559 1.07216e-05 0.0188277 0.0254918 0.0060688 0.00232337 0.0264721 0.00655632 0.0142632 0.247518 0.149504 0.0427488 0.00268342 0.174822 0.0723822 0.207872 
0.000816778 1.8445e-05 0.137898 0.00549412 0.00631933 0.00556462 0.0310002 0.00556543 0.0919424 0.309414 0.0470041 0.0127142 0.00589655 0.0924676 0.0269966 0.220888 
0.000503402 0.00034855 0.0141 0.00392479 0.0106972 0.000702703 0.00138408 2.18777e-05 0.00307402 0.496534 0.00498047 0.0200673 0.0488956 0.0420661 0.0338162 0.318884 
0.00927993 0.000202345 0.00880587 0.00662929 0.0125437 0.00473471 0.0120464 0.00133214 0.0145951 0.302382 0.0133525 0.0423476 0.0138625 0.278378 0.0741827 0.205325 
0.0119755 7.51431e-05 0.101622 0.00728807 0.00917019 0.0163315 0.0212561 0.0212141 0.0181753 0.446344 0.0828903 0.0275224 0.00580212 0.0509142 0.0421648 0.137255 
0.00294414 0.00361978 0.140661 0.00252297 0.0135652 0.00232686 0.129832 0.000861127 0.0357744 0.268921 0.0205247 0.083437 0.000215689 0.149342 0.0374401 0.108012 
0.00050926 0.000134543 0.0374195 0.000260498 0.00365019 0.0219182 0.000458204 2.14531e-05 0.0096382 0.779463 0.002472 0.0288256 0.0237665 0.0107273 0.0137853 0.0669505 
0.00394996 0.000163836 0.0358321 0.00312307 0.0384913 0.027179 0.0127072 9.14126e-05 0.0246979 0.525837 0.0282315 0.0530048 0.0126094 0.0532394 0.0467913 0.134051 
0.000617691 0.000428477 0.0170083 0.0366288 0.0185022 0.0019765 0.00776743 0.000266744 0.00528726 0.518309 0.00373052 0.0200378 0.0022721 0.058129 0.101108 0.20793 
0.00221554 1.50463e-05 0.00154623 0.00518668 0.0793788 6.35905e-05 0.000415548 3.39167e-06 0.00879663 0.746541 0.102402 0.00240665 0.000291797 0.00966379 0.0294886 0.0115847 
0.00500131 0.000160499 0.0222832 0.012408 0.0198053 0.0150024 0.00568084 2.5005e-05 0.0232504 0.523237 0.0406277 0.0299348 0.017303 0.0537829 0.0462242 0.185274 
0.00251567 8.43866e-05 0.0300936 0.00755879 0.00980035 0.0303849 0.0195374 0.00062154 0.00948666 0.48081 0.0149011 0.0764981 0.000149342 0.0394875 0.148837 0.129233 
4.49825e-05 9.14305e-09 0.00165921 0.00118827 0.0245081 6.21635e-05 6.96847e-09 1.19536e-05 0.0159336 0.463042 2.50943e-08 5.80724e-08 1.48432e-08 0.333303 0.0515605 0.108685 
0.0106435 0.000374376 0.233075 0.00881258 0.0499869 0.0838729 0.0685006 0.00580914 0.0181218 0.268587 0.0106312 0.0426654 0.0145451 0.0468864 0.053045 0.0844436 
0.00307384 0.000729489 0.0225535 0.0244817 0.0646187 0.0104889 0.00530962 0.00295773 0.0210109 0.601392 0.00480145 0.0380741 0.012635 0.0342218 0.0798877 0.0737634 
0.00355641 0.000262633 0.027569 0.00953228 0.00686345 0.000500326 0.00461724 2.28701e-05 0.0134275 0.669116 0.00283041 0.050594 0.00143067 0.0492222 0.0392682 0.121187 
0.0447082 0.000210118 0.0354292 0.00271625 0.0126157 0.0178889 0.00835224 0.0307472 0.0140866 0.50247 0.0196199 0.0154023 0.144545 0.0286482 0.00929814 0.113262 
0.00139356 0.118963 0.0643567 0.0554045 0.0128097 0.000876093 0.0390275 0.000192165 0.0138513 0.29237 0.0206834 0.217176 9.11886e-06 0.0429976 0.0259105 0.0939786 
0.00568449 0.000534274 0.0205561 0.021573 0.0175844 0.00540554 0.0025812 0.000524113 0.00753014 0.429496 0.00360369 0.0274237 0.0199556 0.0658028 0.108819 0.262926 
0.0145546 0.000290352 0.166979 0.00741209 0.0187851 0.00608746 0.0294087 0.0497473 0.0135863 0.295644 0.0103032 0.0583209 0.0078138 0.0753635 0.0635666 0.182136 
0.00272854 0.00334817 0.0572171 0.0215639 0.0333984 0.0189566 0.0201999 0.00110093 0.0282307 0.277235 0.0110929 0.171937 0.0748603 0.12807 0.0567932 0.093267 
0.0262677 1.40342e-05 0.111996 0.00151454 0.00669239 0.0087336 0.0122026 0.00290776 0.0155914 0.302516 0.0599488 0.0415408 0.0957038 0.0392345 0.0584724 0.216663 
0.00310942 0.000105233 0.0873328 0.070612 0.0381479 0.00588101 0.0223681 0.000257196 0.0108894 0.30752 0.0198101 0.0299697 0.0010849 0.129614 0.181425 0.0918733 
0.0278914 0.00198026 0.00840386 0.00807818 0.0230493 0.000769582 0.00812966 0.000412198 0.00134822 0.417303 0.00177147 0.0164044 0.000203598 0.174921 0.210151 0.0991831 
0.0203296 0.000355142 0.0954743 0.0133621 0.0128757 0.0151757 0.0176671 0.00343951 0.00377264 0.551385 0.00736433 0.0417437 0.0943197 0.00890347 0.0156121 0.0982199 
0.00092142 1.56562e-10 9.63271e-05 0.00139702 0.0490066 6.39355e-11 1.52353e-06 5.04411e-08 3.43568e-08 0.820867 6.36465e-08 2.18784e-06 0.000142964 0.000758073 0.124936 0.0018713 
0.0123117 4.91909e-06 0.222994 0.00165321 0.0114079 0.129821 0.0528968 0.00840319 0.0157077 0.330425 0.0407122 0.0162672 0.00117123 0.0527332 0.0240504 0.0794403 
0.00445278 0.000255566 0.0434245 0.00686898 0.0124007 0.0086555 0.00270622 0.000162369 0.00692827 0.558876 0.00582372 0.0281826 0.0273571 0.0408837 0.0524686 0.200554 
0.0015316 0.000668448 0.0108424 0.00298453 0.02157 0.0994669 0.00814521 0.000451783 0.00384455 0.699796 0.00382516 0.0100013 0.0099303 0.0214913 0.0455081 0.0599427 
0.0131466 9.53142e-05 0.167752 0.00454095 0.0275861 0.0105391 0.0128103 0.0172469 0.0146424 0.370703 0.0163004 0.0806645 0.0517365 0.0204809 0.0576294 0.134125 
0.00849164 0.000191398 0.00903671 0.00683917 0.0630876 0.00164157 0.00295189 0.000182945 0.00414301 0.445087 0.00431414 0.0070497 0.0177825 0.125403 0.0809836 0.222814 
0.0088142 0.0011155 0.0535258 0.00437238 0.0294256 0.02949 0.00815152 0.00756032 0.0324079 0.619149 0.0117245 0.0172478 0.0055406 0.0681981 0.0574807 0.0457957 
0.00199211 9.9233e-05 0.0276962 0.0138394 0.0121423 0.00278477 0.00302306 0.0164236 0.0199386 0.53349 0.0468567 0.0826489 0.00235597 0.0741226 0.0350812 0.127506 
0.00328724 0.00101833 0.131037 0.000847008 0.00074813 0.000731914 0.0141772 3.2702e-05 0.0234441 0.547215 0.0136908 0.0269521 0.000102721 0.0551145 0.123794 0.0578072 
0.00286396 6.43006e-05 0.01329 0.00625792 0.00826686 0.00131553 0.00990833 0.00204858 0.0101374 0.502885 0.0226938 0.011614 0.0112239 0.141787 0.0874507 0.168193 
0.00324856 0.000138161 0.0352503 0.0275478 0.0343726 0.00368138 0.00221334 5.29806e-06 0.0265705 0.572244 0.020714 0.0620135 0.000410825 0.081609 0.0790997 0.0508808 
0.0154668 0.000494981 0.0225571 0.00665914 0.0207515 0.00669197 0.0436691 0.00963072 0.00885817 0.418371 0.0531535 0.0612573 0.0116703 0.0664658 0.0326992 0.221604 
0.00127319 0.000131927 0.0127565 0.00575997 0.0319294 0.00739376 0.0288266 0.000219221 0.0136657 0.503624 0.00636166 0.0321621 0.00709954 0.0757856 0.0955997 0.177411 
0.0112417 8.09779e-05 0.0714078 0.00895956 0.0196194 0.0191277 0.0397182 0.0135692 0.0173362 0.429998 0.0341536 0.0283884 0.0112043 0.0694392 0.070753 0.155003 
0.00321739 9.13902e-05 0.070499 0.0142514 0.0125995 0.00408745 0.0152441 0.00463607 0.0291888 0.458817 0.0589638 0.0552964 0.00320615 0.0667984 0.0517819 0.151321 
0.00216898 0.000288327 0.00224406 0.00149699 0.0184815 0.000174504 0.000938017 2.97675e-06 0.0409353 0.380378 0.00671077 0.213971 0.000125192 0.0527421 0.0216398 0.257703 
0.00298643 0.000172972 0.0383395 0.00563734 0.0685228 0.0209727 0.0045043 0.000817268 0.00737746 0.528261 0.0173507 0.0146732 0.0266384 0.0699008 0.054655 0.13919 
0.00286163 5.07934e-06 0.00116535 0.00521571 0.0162652 0.00843335 0.00122314 3.08573e-06 0.00435671 0.745495 0.0278969 0.00322842 0.00476038 0.0061523 0.142494 0.0304443 
0.00488538 4.44367e-06 0.0725969 0.00178318 0.0112786 0.0195758 0.01698 0.0177233 0.0447832 0.446607 0.0415869 0.0241286 0.00841502 0.0678964 0.0675451 0.15421 
0.00247569 7.47167e-05 0.0187029 0.00841513 0.00761739 0.00429425 0.00500479 1.16457e-05 0.000545342 0.473558 0.0247943 0.00262197 0.0157125 0.0288092 0.0638548 0.343507 
