0.0010949 0.628462 0.0703135 0.30013 
0.00236954 0.883449 0.0189022 0.0952794 
0.0171713 0.754552 0.161975 0.0663013 
0.000259171 0.950804 0.00449469 0.0444418 
0.00277646 0.848945 0.132784 0.0154939 
0.00065834 0.498933 0.248288 0.252121 
0.000361587 0.542532 0.00491992 0.452187 
4.69893e-05 0.769608 0.0580066 0.172339 
0.10456 0.462004 0.0708803 0.362556 
0.0645757 0.448134 0.0975933 0.389697 
0.000614862 0.998193 7.91111e-05 0.00111314 
0.000434603 0.978995 0.00453894 0.0160314 
0.00577704 0.858943 0.00966388 0.125616 
0.0133755 0.584317 0.0270258 0.375281 
0.000276112 0.997802 0.00120132 0.000720969 
1.36846e-05 0.999309 0.000108618 0.00056855 
0.0145506 0.787724 0.0623172 0.135408 
5.9122e-05 0.99451 0.00235023 0.00308019 
6.05214e-07 0.985072 0.0149251 1.87714e-06 
6.65872e-05 0.702513 0.169582 0.127838 
0.0196468 0.646606 0.0306649 0.303082 
0.0385288 0.601727 0.0512036 0.308541 
0.000202039 0.848811 0.00736334 0.143623 
1.24656e-05 0.931831 0.00204816 0.0661086 
0.000364258 0.555592 0.0828537 0.36119 
4.0927e-06 0.556673 4.09328e-06 0.443319 
0.000297554 0.708864 0.0249027 0.265936 
0.0237267 0.781117 0.0731419 0.122015 
0.000459357 0.867194 0.0874291 0.0449173 
2.9262e-05 0.872906 0.000692679 0.126372 
0.011629 0.738554 0.0425967 0.20722 
9.46143e-06 0.999957 1.36443e-05 1.99822e-05 
0.00117003 0.819627 0.0162858 0.162917 
0.000679722 0.687453 0.120512 0.191356 
0.279333 0.523062 0.114177 0.0834274 
0.0386298 0.656136 0.0214876 0.283747 
3.08291e-06 0.486418 0.182901 0.330678 
0.000687822 0.979076 0.00502277 0.0152132 
0.300869 0.397027 0.126712 0.175392 
0.00159522 0.894206 0.0504193 0.0537796 
0.000148968 0.977712 0.0169694 0.00516941 
8.10255e-05 0.855785 0.00811634 0.136018 
0.177614 0.779393 0.00957539 0.0334179 
0.00112978 0.690733 0.214656 0.0934815 
0.0237267 0.781117 0.0731419 0.122015 
0.0241956 0.542672 0.196796 0.236337 
0.00018144 0.539083 0.0607418 0.399994 
0.000305219 0.692167 0.174862 0.132665 
0.000419802 0.882571 0.110619 0.00639074 
0.000102519 0.480406 0.0418567 0.477635 
0.000162169 0.430472 0.234267 0.335099 
0.000348783 0.990761 0.0013716 0.00751876 
4.79021e-05 0.606738 0.0395906 0.353623 
0.0020248 0.488584 0.134849 0.374543 
0.00723535 0.553156 0.211277 0.228332 
0.0701107 0.650434 0.0588886 0.220567 
3.91353e-06 0.775447 0.143173 0.0813762 
0.000309979 0.548597 0.18059 0.270502 
5.88276e-08 0.640407 0.0538253 0.305767 
0.00238099 0.627104 0.0594746 0.31104 
0.000397955 0.822143 0.105056 0.0724028 
0.000440966 0.720162 0.0795287 0.199868 
2.19994e-05 0.972165 0.00750591 0.0203071 
0.00208202 0.504167 0.0346195 0.459132 
6.48127e-12 0.494481 0.404503 0.101016 
3.08291e-06 0.486418 0.182901 0.330678 
0.00731375 0.620703 0.132772 0.239211 
9.68551e-08 0.933774 0.0237221 0.0425036 
0.0100586 0.436439 0.403856 0.149647 
9.35441e-05 0.477002 0.329619 0.193286 
0.000108147 0.471346 0.0602131 0.468332 
0.000518985 0.721672 0.0323884 0.24542 
3.08291e-06 0.486418 0.182901 0.330678 
0.00359088 0.672991 0.170155 0.153263 
4.79021e-05 0.606738 0.0395906 0.353623 
0.00104059 0.969268 0.0151383 0.014553 
0.00208877 0.711934 0.16109 0.124887 
4.79021e-05 0.606738 0.0395906 0.353623 
8.3327e-05 0.779422 0.0556116 0.164883 
0.00430489 0.796499 0.000674394 0.198521 
0.033475 0.662549 0.00427486 0.299701 
0.00560918 0.580916 0.167912 0.245563 
2.19994e-05 0.972165 0.00750591 0.0203071 
0.000509235 0.717243 0.0665546 0.215694 
2.2763e-08 0.643204 0.264051 0.0927452 
0.00374179 0.480058 0.134968 0.381232 
0.000530573 0.920797 0.016948 0.0617245 
0.000389336 0.677222 0.227386 0.0950024 
0.0190437 0.667951 0.135014 0.177992 
1.57295e-05 0.409807 0.268366 0.321811 
0.00160445 0.772149 0.0122523 0.213994 
3.94429e-05 0.888571 0.0700808 0.0413086 
0.00063705 0.914813 0.0621172 0.0224325 
0.00665929 0.709438 0.129805 0.154098 
0.0101892 0.556848 0.0580803 0.374883 
0.0744316 0.456711 0.0222223 0.446635 
0.0145506 0.787724 0.0623172 0.135408 
0.0119936 0.6898 0.0314072 0.266799 
5.22504e-05 0.38229 0.274388 0.343269 
0.00114962 0.753102 0.115248 0.130501 
0.00333363 0.53648 0.0731366 0.387049 
0.000317852 0.84527 0.0222391 0.132173 
0.000333039 0.681139 0.169056 0.149472 
0.000369155 0.528737 0.0611062 0.409787 
0.0386298 0.656136 0.0214876 0.283747 
1.96028e-05 0.739827 0.0194619 0.240691 
4.51687e-05 0.818669 0.0570813 0.124205 
0.067834 0.703666 0.0774403 0.15106 
0.00808127 0.788778 0.0382336 0.164907 
0.00057454 0.878665 0.0476607 0.0731002 
0.0019883 0.494378 0.104794 0.39884 
3.08291e-06 0.486418 0.182901 0.330678 
0.084356 0.784843 0.0293836 0.101417 
1.00283e-05 0.450332 0.257774 0.291884 
0.00107918 0.635377 0.0745215 0.289022 
0.191952 0.385602 0.249224 0.173222 
0.298367 0.343233 0.153418 0.204983 
0.00165319 0.759558 0.202932 0.0358568 
0.0744316 0.456711 0.0222223 0.446635 
1.24656e-05 0.931831 0.00204816 0.0661086 
1.62043e-09 0.871331 0.0927344 0.0359342 
0.000484336 0.602387 0.0754041 0.321725 
0.00286595 0.769267 0.0886369 0.13923 
0.000773861 0.636052 0.0751095 0.288064 
8.66096e-08 0.906067 0.0103058 0.0836273 
2.19994e-05 0.972165 0.00750591 0.0203071 
0.00308366 0.623192 0.253101 0.120624 
0.000829655 0.961239 0.00820203 0.029729 
0.000481751 0.653649 0.171891 0.173978 
0.00208109 0.518489 0.038079 0.441351 
3.08291e-06 0.486418 0.182901 0.330678 
0.00282492 0.930178 0.0116654 0.0553315 
0.0163533 0.525213 0.358871 0.0995633 
0.00198701 0.688594 0.198236 0.111184 
0.000347974 0.873813 0.00253954 0.1233 
0.000189103 0.649291 0.0309937 0.319526 
0.000462955 0.863516 0.0118735 0.124148 
0.00067605 0.63263 0.102173 0.264521 
2.18852e-05 0.817323 0.0664031 0.116252 
0.00227249 0.440845 0.356929 0.199953 
0.00146518 0.577737 0.0912696 0.329528 
0.0700655 0.878452 0.0162567 0.0352263 
0.046691 0.752828 0.0237417 0.176739 
0.0706105 0.396396 0.226085 0.306909 
0.00816826 0.60665 0.0245145 0.360667 
0.132026 0.435385 0.0225699 0.410019 
0.00238099 0.627104 0.0594746 0.31104 
0.0015953 0.441973 0.196279 0.360153 
8.43523e-06 0.837178 0.140898 0.0219158 
0.0609142 0.520287 0.00382439 0.414974 
0.000227455 0.590373 0.121756 0.287644 
9.32455e-07 0.958749 0.00336143 0.0378886 
0.00208977 0.801268 0.0753415 0.121301 
0.00104189 0.537632 0.0432243 0.418102 
0.00317383 0.527033 0.199232 0.270561 
0.000264024 0.503043 0.19814 0.298553 
0.000337295 0.557708 0.0904141 0.351541 
0.000309407 0.476068 0.278432 0.245191 
3.08291e-06 0.486418 0.182901 0.330678 
0.000153924 0.807589 0.0438147 0.148442 
0.0125335 0.605172 0.0610104 0.321284 
2.53123e-05 0.928206 0.0153121 0.0564562 
1.62168e-05 0.748839 0.0281633 0.222982 
2.18852e-05 0.817323 0.0664031 0.116252 
0.0242591 0.474027 0.182228 0.319486 
0.0011095 0.485855 0.119324 0.393711 
0.000384303 0.882002 0.0508782 0.0667351 
0.00208202 0.504167 0.0346195 0.459132 
0.00311766 0.495358 0.120191 0.381334 
0.000315466 0.844858 0.0254659 0.129361 
0.00228805 0.686069 0.138131 0.173512 
0.0162433 0.497945 0.160248 0.325564 
0.00159522 0.894206 0.0504193 0.0537796 
1.02424e-05 0.678363 0.018183 0.303444 
0.000640831 0.58747 0.00070492 0.411184 
0.000185496 0.597414 0.208655 0.193745 
1.87065e-05 0.87564 0.0281012 0.0962405 
0.0221589 0.953614 1.35634e-05 0.0242137 
3.29906e-06 0.97696 0.0121108 0.0109255 
0.000181422 0.981736 0.0090106 0.00907176 
1.60813e-05 0.855319 0.0932617 0.051403 
8.90444e-05 0.527259 0.198586 0.274066 
0.000216548 0.639973 0.0596571 0.300154 
3.08291e-06 0.486418 0.182901 0.330678 
0.00228805 0.686069 0.138131 0.173512 
5.24089e-05 0.622549 0.0373175 0.340081 
0.0264344 0.748461 0.0379988 0.187105 
0.00404528 0.860846 0.0914629 0.0436456 
2.90121e-05 0.609876 0.00446884 0.385627 
0.000185384 0.511842 0.00357386 0.484398 
0.000581873 0.613623 0.228175 0.15762 
0.279333 0.523062 0.114177 0.0834274 
0.00480076 0.685047 0.0755449 0.234607 
8.13532e-05 0.887162 0.00525733 0.1075 
0.010139 0.540176 0.407195 0.0424902 
0.000103958 0.742707 0.0521039 0.205085 
0.000724421 0.699545 0.0884008 0.211329 
0.00195241 0.717405 0.107948 0.172694 
2.19994e-05 0.972165 0.00750591 0.0203071 
0.000413643 0.979506 0.00804112 0.0120396 
1.49552e-05 0.741215 0.00174867 0.257021 
3.08291e-06 0.486418 0.182901 0.330678 
0.000571743 0.715587 0.205099 0.0787425 
0.000367467 0.870175 0.0153463 0.114111 
4.18244e-05 0.860556 0.0651901 0.0742116 
0.177614 0.779393 0.00957539 0.0334179 
0.0285915 0.432615 0.213441 0.325352 
0.000167177 0.978488 0.016342 0.00500285 
2.19994e-05 0.972165 0.00750591 0.0203071 
0.00202014 0.594133 0.0722962 0.331551 
6.12798e-05 0.973892 0.0143688 0.0116774 
0.0238864 0.515593 0.272847 0.187674 
0.0001646 0.784661 0.0872777 0.127897 
0.000546275 0.678822 0.124084 0.196547 
0.000575531 0.869191 0.0224237 0.10781 
2.19994e-05 0.972165 0.00750591 0.0203071 
0.0536535 0.400983 0.21427 0.331093 
0.191826 0.419667 0.0720115 0.316496 
0.00167895 0.383966 0.320988 0.293368 
0.0083296 0.829503 0.0923114 0.0698555 
0.00162288 0.620362 0.122176 0.255839 
0.000365953 0.749443 0.139132 0.111059 
0.00442629 0.594871 0.0238412 0.376861 
0.0171716 0.895078 0.000173563 0.0875767 
0.000131978 0.548075 0.0491139 0.402679 
0.00652674 0.555734 0.0635596 0.37418 
0.00238099 0.627104 0.0594746 0.31104 
0.00838821 0.509112 0.0285833 0.453917 
0.177614 0.779393 0.00957539 0.0334179 
0.00159522 0.894206 0.0504193 0.0537796 
0.000989828 0.964066 0.0243254 0.0106188 
1.24656e-05 0.931831 0.00204816 0.0661086 
0.00137655 0.753664 0.157157 0.0878022 
0.32064 0.53201 0.0828917 0.0644581 
0.000981325 0.757365 0.00627528 0.235378 
2.49581e-05 0.900146 0.0248028 0.0750261 
8.97273e-05 0.484487 0.108809 0.406614 
0.00136398 0.496658 0.0720333 0.429945 
0.0316954 0.488119 0.0749549 0.405231 
0.000202331 0.630414 0.0879379 0.281446 
0.00208202 0.504167 0.0346195 0.459132 
0.000185975 0.715116 0.0313517 0.253346 
0.000152033 0.484705 0.113136 0.402007 
0.0007577 0.694671 0.0543423 0.250229 
0.24426 0.439414 0.0149631 0.301364 
4.37229e-05 0.999415 0.000115824 0.000425011 
0.00024518 0.993407 0.00191204 0.00443564 
2.055e-06 0.762437 3.1033e-05 0.23753 
2.2763e-08 0.643204 0.264051 0.0927452 
0.00186749 0.82536 0.0336869 0.139086 
0.00516224 0.379828 0.350635 0.264375 
0.0186654 0.524467 0.076034 0.380833 
0.00432783 0.791128 0.0732713 0.131273 
0.00258151 0.595481 0.0992386 0.302699 
4.79021e-05 0.606738 0.0395906 0.353623 
3.00073e-06 0.988935 0.000291178 0.0107704 
0.000390136 0.448325 0.40456 0.146725 
0.00349663 0.779377 0.0280959 0.18903 
0.00104059 0.969268 0.0151383 0.014553 
0.00263071 0.914593 0.0496548 0.0331218 
0.00027644 0.662927 0.0401173 0.296679 
0.000947776 0.875673 0.105671 0.0177081 
0.184012 0.514632 0.0165323 0.284823 
0.0171075 0.901359 0.0305061 0.0510271 
0.00178418 0.681525 0.0647083 0.251982 
0.00019053 0.617145 0.0567479 0.325916 
0.000141652 0.487661 0.134238 0.377959 
0.00111291 0.68247 0.0545815 0.261835 
0.000643132 0.70123 0.0987572 0.19937 
0.0490991 0.616376 0.124272 0.210252 
0.00745046 0.695109 0.00962349 0.287818 
0.00145761 0.415714 0.215001 0.367828 
1.10224e-05 0.41407 0.23548 0.350439 
0.000220328 0.566734 0.0549011 0.378145 
0.000123976 0.990074 0.0066484 0.00315397 
0.000571278 0.682273 0.125397 0.191758 
0.000315466 0.844858 0.0254659 0.129361 
0.000110248 0.561453 0.00114936 0.437287 
0.00814916 0.614047 0.146688 0.231116 
0.00308306 0.47026 0.189091 0.337566 
4.5314e-06 0.824673 0.14275 0.032572 
0.000259171 0.950804 0.00449469 0.0444418 
3.08291e-06 0.486418 0.182901 0.330678 
0.00150732 0.766822 0.137841 0.0938298 
0.00159522 0.894206 0.0504193 0.0537796 
0.00165892 0.829429 0.0404726 0.128439 
0.000161693 0.41756 0.242218 0.340061 
0.000643543 0.528717 0.159842 0.310797 
0.156978 0.437238 0.0276028 0.378182 
1.50424e-05 0.863853 0.020781 0.115351 
0.0160775 0.689515 0.0274673 0.266941 
5.9122e-05 0.99451 0.00235023 0.00308019 
0.00212997 0.793594 0.0304134 0.173863 
2.19994e-05 0.972165 0.00750591 0.0203071 
0.00104059 0.969268 0.0151383 0.014553 
0.000160881 0.870778 0.0124808 0.11658 
0.00122713 0.743523 0.114896 0.140354 
0.00108969 0.805267 0.057256 0.136388 
0.013688 0.596719 0.035111 0.354483 
0.00784521 0.520123 0.107027 0.365004 
0.00016581 0.854221 0.0113443 0.134269 
0.00104059 0.969268 0.0151383 0.014553 
0.0358315 0.436373 0.294596 0.2332 
0.0386298 0.656136 0.0214876 0.283747 
0.000736178 0.541631 0.0492684 0.408365 
0.00124032 0.88926 0.0385363 0.0709634 
0.00104059 0.969268 0.0151383 0.014553 
0.00719701 0.446865 0.345266 0.200672 
0.000631848 0.994969 0.00198975 0.00240922 
0.000524718 0.60566 0.054639 0.339177 
0.0248056 0.663892 0.0876282 0.223674 
0.000472129 0.512249 0.166918 0.32036 
0.000291467 0.952309 0.0394393 0.00796058 
0.177614 0.779393 0.00957539 0.0334179 
0.000441352 0.559002 0.0753821 0.365174 
3.08291e-06 0.486418 0.182901 0.330678 
3.08291e-06 0.486418 0.182901 0.330678 
0.0166127 0.940958 0.00708722 0.0353416 
0.000144263 0.716645 0.00024517 0.282966 
3.08291e-06 0.486418 0.182901 0.330678 
5.04835e-06 0.935352 0.0335642 0.0310789 
0.000701259 0.610239 0.0551458 0.333914 
0.000267721 0.659147 0.0186711 0.321914 
1.10179e-06 0.682744 0.227553 0.0897022 
0.0322209 0.585519 0.161065 0.221195 
0.00162856 0.998354 9.48615e-06 7.48721e-06 
6.41301e-10 0.519488 0.0918052 0.388707 
0.00569441 0.473934 0.294933 0.225439 
0.000123976 0.990074 0.0066484 0.00315397 
0.00208977 0.801268 0.0753415 0.121301 
0.0231208 0.612799 0.0159484 0.348131 
0.0386298 0.656136 0.0214876 0.283747 
0.000323485 0.966121 0.010593 0.0229621 
0.000175355 0.716556 0.233936 0.0493318 
0.00135206 0.652648 0.108325 0.237675 
0.0110518 0.676551 0.0874128 0.224984 
0.0013192 0.694097 0.054945 0.249639 
0.000325593 0.879066 0.00266932 0.117939 
0.177614 0.779393 0.00957539 0.0334179 
0.00238035 0.85896 0.0652522 0.0734077 
0.0166127 0.940958 0.00708722 0.0353416 
3.41602e-07 0.876396 0.0318568 0.0917472 
0.00856711 0.538103 0.0597298 0.3936 
3.08291e-06 0.486418 0.182901 0.330678 
0.000184783 0.702922 0.212329 0.0845642 
0.000348783 0.990761 0.0013716 0.00751876 
7.81182e-05 0.487346 0.0567852 0.455791 
0.00238099 0.627104 0.0594746 0.31104 
0.0297559 0.582379 0.142393 0.245472 
0.000393196 0.942488 0.014714 0.0424053 
0.000322357 0.593509 0.3287 0.0774683 
0.000233827 0.467916 0.145748 0.386102 
0.000167177 0.978488 0.016342 0.00500285 
1.26545e-06 0.946824 0.0344988 0.0186764 
0.0020466 0.64436 0.0530271 0.300566 
0.109699 0.725994 0.0285979 0.135709 
0.0515869 0.773598 0.00837916 0.166436 
0.000108941 0.620975 0.145095 0.23382 
0.000401736 0.602977 0.213427 0.183195 
1.12113e-09 0.848509 0.00136699 0.150124 
0.00611597 0.469966 0.106928 0.41699 
0.00266721 0.505441 0.171421 0.320471 
0.000679722 0.687453 0.120512 0.191356 
0.00182261 0.767823 0.0415357 0.188819 
0.00238099 0.627104 0.0594746 0.31104 
0.00208977 0.801268 0.0753415 0.121301 
0.300869 0.397027 0.126712 0.175392 
0.00213304 0.667816 0.181334 0.148717 
0.227415 0.393858 0.000327074 0.3784 
0.00167588 0.743861 0.0257261 0.228737 
0.000158181 0.881764 0.0127558 0.105322 
0.000260792 0.881416 0.010205 0.108118 
0.0115986 0.6264 0.320102 0.0418993 
0.00102557 0.793713 0.08255 0.122712 
2.83484e-05 0.601496 0.0519833 0.346492 
0.000239039 0.862197 0.0048761 0.132688 
2.19661e-07 0.879005 0.0148791 0.106116 
3.08291e-06 0.486418 0.182901 0.330678 
0.00179709 0.65721 0.0807252 0.260268 
0.0434814 0.498914 0.29491 0.162694 
0.00067837 0.940786 0.0201719 0.0383641 
3.02221e-05 0.576056 0.282345 0.141569 
0.0054314 0.817747 0.0441705 0.132651 
0.0014597 0.731521 0.134993 0.132026 
5.89639e-05 0.768208 0.08034 0.151393 
0.015294 0.593274 0.145056 0.246376 
4.05744e-06 0.943118 0.00408485 0.0527936 
1.78987e-07 0.609684 0.0344333 0.355883 
5.62605e-05 0.893703 0.0259927 0.0802482 
2.19994e-05 0.972165 0.00750591 0.0203071 
0.00334219 0.965302 0.0234038 0.00795191 
0.00141301 0.815897 0.0401117 0.142578 
0.00208202 0.504167 0.0346195 0.459132 
0.000492553 0.470182 0.320754 0.208571 
0.0214694 0.657813 0.106913 0.213805 
0.000315466 0.844858 0.0254659 0.129361 
5.81085e-06 0.867929 0.00554056 0.126525 
0.457314 0.464234 0.00954247 0.0689104 
0.0857492 0.484777 0.000759562 0.428714 
0.0192631 0.759305 0.0472398 0.174192 
0.0386298 0.656136 0.0214876 0.283747 
4.01299e-05 0.855741 0.100049 0.0441708 
0.00262256 0.756039 0.0975381 0.143801 
0.00370766 0.752936 0.0552091 0.188147 
0.000157892 0.728364 0.0751087 0.196369 
9.93257e-05 0.714628 0.0727771 0.212496 
0.000393196 0.942488 0.014714 0.0424053 
0.000122884 0.825341 0.0395362 0.135 
3.81108e-05 0.62425 0.1025 0.273212 
3.36433e-06 0.868668 0.000150937 0.131178 
0.000684891 0.708378 0.202609 0.0883274 
0.000258255 0.678647 0.205879 0.115216 
0.000169019 0.923644 0.0404291 0.035758 
0.000496385 0.706664 0.0656671 0.227172 
4.94861e-05 0.891044 0.0398693 0.0690371 
0.000636565 0.745352 0.00568968 0.248322 
0.000680726 0.679905 0.0732708 0.246143 
0.000197071 0.790351 0.0255199 0.183932 
0.00215133 0.538949 0.244894 0.214006 
1.34923e-07 0.991435 0.00714424 0.00142076 
0.085423 0.597373 0.0671347 0.25007 
1.24656e-05 0.931831 0.00204816 0.0661086 
0.000263457 0.561781 0.118775 0.319181 
0.00544563 0.793626 0.0635186 0.13741 
0.000840655 0.474059 0.070462 0.454639 
3.68879e-05 0.816836 0.0458421 0.137285 
0.0147951 0.790856 0.0613309 0.133018 
0.00255515 0.715171 0.170902 0.111372 
0.000864954 0.941845 0.0270193 0.0302711 
0.000308617 0.629276 0.119926 0.25049 
0.184012 0.514632 0.0165323 0.284823 
0.000529048 0.684189 0.0413555 0.273926 
0.00752751 0.494543 0.0465951 0.451334 
1.95088e-06 0.885745 0.00123023 0.113023 
0.00208977 0.801268 0.0753415 0.121301 
1.49396e-07 0.999929 4.57999e-05 2.47583e-05 
0.00766744 0.434846 0.216845 0.340641 
7.82174e-08 0.514276 0.485717 6.38836e-06 
0.00168219 0.740054 0.175292 0.0829723 
1.15381e-07 0.698737 0.159364 0.141899 
0.00213638 0.534642 0.219916 0.243306 
2.67719e-05 0.669609 0.158021 0.172344 
0.000283068 0.606397 0.149947 0.243373 
0.000123976 0.990074 0.0066484 0.00315397 
0.215595 0.697639 0.0392782 0.0474873 
0.103849 0.473134 0.0473586 0.375659 
0.0355392 0.545946 0.0822335 0.336281 
0.0105518 0.529823 0.0382372 0.421388 
0.000148968 0.977712 0.0169694 0.00516941 
0.000312689 0.676812 0.0570318 0.265843 
0.00083367 0.582748 0.123468 0.29295 
0.00187205 0.820117 0.114914 0.0630965 
0.000302482 0.847876 0.0264192 0.125402 
0.000190528 0.565817 0.166286 0.267706 
2.19994e-05 0.972165 0.00750591 0.0203071 
0.000251717 0.989615 0.000420532 0.00971234 
0.127447 0.728035 0.00666656 0.137851 
0.0603924 0.718128 0.0810961 0.140384 
1.15933e-06 0.981133 1.10198e-05 0.0188548 
0.177614 0.779393 0.00957539 0.0334179 
0.00563025 0.790622 0.0493769 0.154371 
0.000401529 0.767489 0.115694 0.116415 
3.99211e-05 0.532325 0.029249 0.438386 
0.167014 0.459107 0.0609159 0.312964 
1.16011e-05 0.441914 0.141457 0.416618 
0.000737708 0.739044 0.025456 0.234762 
1.35074e-05 0.928798 0.00963165 0.0615571 
0.300869 0.397027 0.126712 0.175392 
2.19994e-05 0.972165 0.00750591 0.0203071 
0.01122 0.513509 0.123744 0.351527 
1.89163e-05 0.43944 0.2254 0.335141 
0.00767757 0.61529 0.113718 0.263315 
0.00185406 0.638982 0.18091 0.178254 
0.00150712 0.801024 0.0419504 0.155518 
1.93963e-05 0.485917 0.42724 0.0868232 
0.000487442 0.982187 0.0093427 0.0079832 
0.00152126 0.758835 0.112181 0.127463 
0.0101541 0.454107 0.285834 0.249905 
2.42963e-06 0.758734 0.124945 0.116318 
0.00141301 0.815897 0.0401117 0.142578 
0.000138121 0.551017 0.158483 0.290362 
0.0819307 0.682753 0.116606 0.11871 
0.00022397 0.994746 0.00328702 0.00174259 
0.00220342 0.674974 0.13865 0.184173 
0.0585014 0.457404 0.223973 0.260122 
0.0069085 0.912377 0.0784302 0.00228444 
0.00184491 0.875654 0.0124093 0.110092 
0.000515942 0.509179 0.120205 0.3701 
0.000348783 0.990761 0.0013716 0.00751876 
3.16329e-07 0.906962 0.0759152 0.0171223 
0.000677056 0.597538 0.0444812 0.357303 
0.000346069 0.485512 0.129958 0.384184 
0.00208977 0.801268 0.0753415 0.121301 
0.00551729 0.509724 0.132731 0.352027 
0.00104059 0.969268 0.0151383 0.014553 
3.08291e-06 0.486418 0.182901 0.330678 
0.00451108 0.709128 0.205032 0.0813286 
0.000124761 0.821848 0.0561038 0.121923 
0.000360464 0.91379 0.0147487 0.0711012 
0.00146518 0.577737 0.0912696 0.329528 
2.49826e-10 0.891571 0.00183357 0.106595 
0.00101206 0.489962 0.0725493 0.436476 
0.0650211 0.360535 0.256479 0.317965 
0.000508499 0.817801 0.102487 0.0792033 
0.000165149 0.858178 0.0151271 0.12653 
4.86371e-06 0.919949 0.0216876 0.0583583 
0.00238099 0.627104 0.0594746 0.31104 
0.000148968 0.977712 0.0169694 0.00516941 
0.000852539 0.809099 0.070506 0.119542 
0.000377431 0.755171 0.0681087 0.176343 
0.0153182 0.864934 0.0469314 0.0728164 
0.00140902 0.839126 0.051841 0.107624 
0.000356077 0.851484 0.0382741 0.109886 
9.01296e-05 0.978842 0.00179634 0.0192716 
0.013589 0.643467 0.162979 0.179965 
0.000576157 0.717308 0.214977 0.0671386 
0.000220328 0.566734 0.0549011 0.378145 
6.37379e-06 0.75641 2.5854e-06 0.243581 
5.9122e-05 0.99451 0.00235023 0.00308019 
0.0336822 0.672392 0.0480271 0.245899 
0.00211826 0.631631 0.253031 0.113219 
3.22845e-05 0.710119 0.155325 0.134524 
0.106931 0.622201 0.0914364 0.179432 
0.011471 0.66716 0.136437 0.184932 
0.28821 0.390306 0.144386 0.177098 
0.00238099 0.627104 0.0594746 0.31104 
3.39689e-11 0.735874 0.0983045 0.165821 
3.17325e-05 0.551647 0.236564 0.211757 
0.0603924 0.718128 0.0810961 0.140384 
4.51841e-05 0.68431 0.22064 0.0950052 
0.00012916 0.583207 0.0574415 0.359222 
0.24426 0.439414 0.0149631 0.301364 
0.191952 0.385602 0.249224 0.173222 
0.300869 0.397027 0.126712 0.175392 
0.000163342 0.499571 0.0176332 0.482632 
0.00192013 0.652965 0.0838671 0.261247 
0.00104059 0.969268 0.0151383 0.014553 
0.00192628 0.882388 0.0788752 0.0368107 
0.00102797 0.860742 0.0485764 0.0896535 
0.00414087 0.850776 0.0148911 0.130192 
0.000408692 0.884425 0.0258244 0.0893419 
0.000164571 0.567134 0.0695723 0.363129 
0.313521 0.37403 0.159324 0.153125 
0.00159522 0.894206 0.0504193 0.0537796 
0.030371 0.762027 0.0176549 0.189947 
0.000885682 0.748818 0.0405075 0.209789 
0.000150026 0.48615 0.19643 0.31727 
0.00203097 0.873251 0.0514808 0.0732372 
0.00317108 0.73184 0.237823 0.0271652 
0.255896 0.439962 0.0140398 0.290103 
4.36334e-05 0.400017 0.221536 0.378403 
3.08291e-06 0.486418 0.182901 0.330678 
1.62043e-09 0.871331 0.0927344 0.0359342 
0.00453376 0.71913 0.00100936 0.275327 
1.85329e-05 0.73383 0.0629116 0.20324 
0.0194492 0.445006 0.091245 0.444299 
0.000413643 0.979506 0.00804112 0.0120396 
0.065038 0.684438 0.00869623 0.241827 
2.19994e-05 0.972165 0.00750591 0.0203071 
0.0120356 0.69837 0.0879571 0.201637 
0.0040164 0.859607 0.0723206 0.0640563 
0.000875667 0.714669 0.0119693 0.272486 
6.35055e-05 0.685442 0.169052 0.145442 
0.000702282 0.490777 0.369085 0.139436 
0.00024518 0.993407 0.00191204 0.00443564 
0.00146518 0.577737 0.0912696 0.329528 
0.00113157 0.56076 0.0371348 0.400974 
0.00303082 0.756522 0.00597889 0.234468 
0.020216 0.651877 0.0738171 0.25409 
0.00454794 0.955501 0.0331225 0.00682905 
0.015099 0.55331 0.0512445 0.380346 
0.00045967 0.908499 0.00335031 0.0876913 
3.08291e-06 0.486418 0.182901 0.330678 
0.00133881 0.498667 0.0786976 0.421296 
0.000416198 0.647078 0.0430614 0.309445 
4.70935e-05 0.93873 0.0281585 0.0330642 
0.00141301 0.815897 0.0401117 0.142578 
0.0255515 0.449209 0.200602 0.324637 
0.000610667 0.814039 0.0900411 0.0953092 
0.00104059 0.969268 0.0151383 0.014553 
0.00369257 0.887135 0.0316197 0.0775525 
0.000392246 0.411655 0.191791 0.396162 
5.19797e-07 0.785094 2.16373e-06 0.214904 
1.24656e-05 0.931831 0.00204816 0.0661086 
0.00383163 0.53815 0.0534472 0.404571 
0.000321101 0.604559 0.12002 0.275099 
0.00264816 0.551779 0.117659 0.327914 
0.184012 0.514632 0.0165323 0.284823 
0.0417936 0.726092 0.0185487 0.213565 
0.00144848 0.708474 0.00998226 0.280095 
2.19994e-05 0.972165 0.00750591 0.0203071 
6.37379e-06 0.75641 2.5854e-06 0.243581 
0.000955264 0.684662 0.17672 0.137663 
0.00019569 0.922154 0.0348316 0.0428191 
0.00406467 0.728313 0.0545522 0.21307 
0.0103421 0.780529 0.0379537 0.171175 
0.0121383 0.884595 0.00968777 0.0935786 
0.00179871 0.489504 0.318763 0.189935 
0.00027401 0.555341 0.0807383 0.363647 
0.000631848 0.994969 0.00198975 0.00240922 
0.000174829 0.726139 0.0740092 0.199677 
0.00118354 0.584232 0.0233403 0.391245 
0.00483429 0.424334 0.241133 0.329699 
0.00295604 0.757496 0.103795 0.135752 
0.000190528 0.565817 0.166286 0.267706 
0.0650211 0.360535 0.256479 0.317965 
2.23714e-05 0.99859 0.000656566 0.000730582 
0.000142252 0.686135 0.0275506 0.286173 
0.000349911 0.800311 0.0242392 0.1751 
0.000878555 0.6338 0.181681 0.183641 
1.80679e-05 0.632843 0.00816142 0.358977 
0.00024518 0.993407 0.00191204 0.00443564 
1.24656e-05 0.931831 0.00204816 0.0661086 
4.91083e-05 0.64101 0.0362247 0.322717 
0.00104059 0.969268 0.0151383 0.014553 
0.0004281 0.633004 0.302457 0.064111 
0.249926 0.535281 0.0125492 0.202244 
0.100732 0.578564 0.129004 0.191699 
0.0018121 0.791852 0.09181 0.114526 
0.000909875 0.768336 0.0913218 0.139432 
0.0744316 0.456711 0.0222223 0.446635 
0.00107552 0.546284 0.179015 0.273626 
2.53391e-05 0.955284 0.0155148 0.0291759 
9.51284e-05 0.979027 0.00525833 0.0156197 
0.0181732 0.621004 0.0217074 0.339115 
0.000383903 0.829737 0.000804835 0.169074 
1.3046e-06 0.512166 0.313351 0.174482 
0.00229278 0.578603 0.00434526 0.414759 
0.000122045 0.917148 0.0114217 0.0713087 
0.00709648 0.731561 0.0290683 0.232274 
0.00597818 0.50674 0.0795531 0.407728 
3.82379e-07 0.565795 0.065019 0.369186 
0.0412338 0.644899 0.0270001 0.286867 
0.000308617 0.629276 0.119926 0.25049 
8.26673e-06 0.586025 0.149331 0.264636 
0.000200189 0.753731 0.0345712 0.211497 
2.19994e-05 0.972165 0.00750591 0.0203071 
0.00819627 0.578479 0.0980339 0.315291 
0.000207339 0.836327 0.063113 0.100353 
0.00202982 0.4827 0.181021 0.334249 
3.2777e-05 0.501118 0.287769 0.211081 
0.016041 0.379645 0.303576 0.300737 
0.00664091 0.573526 0.100791 0.319042 
4.83868e-05 0.962823 0.0113008 0.0258274 
0.0386298 0.656136 0.0214876 0.283747 
1.89087e-05 0.582421 0.213511 0.204049 
0.000523659 0.646278 0.18582 0.167378 
0.00104737 0.878672 0.0191915 0.101089 
5.90878e-05 0.50858 0.483538 0.00782289 
0.00449074 0.670405 0.0848258 0.240278 
0.0161939 0.680925 0.00010842 0.302772 
0.0085064 0.837508 0.00891052 0.145075 
0.0018623 0.632596 0.0536402 0.311902 
0.0196638 0.542531 0.225253 0.212552 
0.00081837 0.667049 0.173183 0.15895 
0.000404145 0.507063 0.0884396 0.404093 
7.36776e-05 0.764877 0.087568 0.147481 
5.23938e-05 0.754618 0.0904032 0.154926 
0.00167459 0.6618 0.0453903 0.291135 
0.0018121 0.791852 0.09181 0.114526 
0.00256325 0.622502 0.0773763 0.297558 
4.79021e-05 0.606738 0.0395906 0.353623 
0.000245979 0.715258 0.117137 0.167359 
0.00208977 0.801268 0.0753415 0.121301 
1.20052e-06 0.868279 0.0408392 0.0908803 
0.109699 0.725994 0.0285979 0.135709 
5.9122e-05 0.99451 0.00235023 0.00308019 
6.12798e-05 0.973892 0.0143688 0.0116774 
0.00113173 0.604617 0.0310608 0.36319 
6.8256e-05 0.451842 0.255619 0.292471 
4.24988e-05 0.457825 0.167833 0.3743 
1.67664e-06 0.816102 0.000491186 0.183405 
0.0484405 0.739309 0.0523875 0.159863 
7.19869e-05 0.642587 0.099133 0.258208 
0.000954868 0.649955 0.105428 0.243662 
0.00104059 0.969268 0.0151383 0.014553 
0.000170882 0.617736 0.143146 0.238947 
4.69893e-05 0.769608 0.0580066 0.172339 
0.00027402 0.716742 0.131572 0.151412 
0.00146518 0.577737 0.0912696 0.329528 
5.85498e-05 0.862839 0.0155421 0.12156 
3.08291e-06 0.486418 0.182901 0.330678 
3.95949e-05 0.499716 0.0128191 0.487425 
0.00027402 0.716742 0.131572 0.151412 
0.00164939 0.586545 0.1443 0.267506 
0.00159522 0.894206 0.0504193 0.0537796 
0.130577 0.609155 0.0455732 0.214695 
0.00551112 0.619216 0.0351127 0.34016 
0.032931 0.4756 0.0994944 0.391975 
0.0104425 0.541664 0.00332213 0.444572 
0.00451108 0.709128 0.205032 0.0813286 
0.000241965 0.672455 0.121861 0.205442 
0.000362252 0.965163 0.0144546 0.02002 
0.0180825 0.846258 0.0950527 0.040607 
0.00228589 0.7679 0.171107 0.0587069 
0.177614 0.779393 0.00957539 0.0334179 
0.000406371 0.763971 0.0700309 0.165591 
6.65995e-05 0.469944 0.389945 0.140045 
0.000205706 0.367489 0.280002 0.352303 
0.000401529 0.767489 0.115694 0.116415 
0.000351815 0.393375 0.232373 0.3739 
0.028277 0.66734 0.0776517 0.226731 
0.000554736 0.755415 0.0678063 0.176224 
0.000457622 0.729722 0.120646 0.149175 
8.27387e-06 0.519401 0.448797 0.0317942 
0.0353997 0.42354 0.239083 0.301977 
0.000441783 0.726571 0.113521 0.159466 
0.000122047 0.58925 0.0350392 0.375589 
0.00588892 0.770663 0.0581021 0.165346 
0.000970471 0.587469 0.156423 0.255137 
0.0148883 0.632473 0.15996 0.192679 
0.00840998 0.471933 0.11004 0.409617 
4.75559e-05 0.598548 0.00178105 0.399623 
0.0162359 0.533668 0.16057 0.289526 
0.00671638 0.691928 0.0207005 0.280655 
0.000459813 0.726913 0.0664206 0.206207 
0.00159522 0.894206 0.0504193 0.0537796 
0.00228805 0.686069 0.138131 0.173512 
0.177614 0.779393 0.00957539 0.0334179 
0.000768902 0.495854 0.259404 0.243973 
0.191952 0.385602 0.249224 0.173222 
0.000408692 0.884425 0.0258244 0.0893419 
0.0127577 0.422442 0.363447 0.201354 
3.08291e-06 0.486418 0.182901 0.330678 
0.076018 0.782781 0.0242318 0.116969 
0.000358192 0.628263 0.0745538 0.296825 
4.79021e-05 0.606738 0.0395906 0.353623 
0.000417239 0.707632 0.127545 0.164405 
0.24426 0.439414 0.0149631 0.301364 
0.000119376 0.373244 0.295795 0.330842 
0.0415627 0.675495 0.00598424 0.276959 
4.79021e-05 0.606738 0.0395906 0.353623 
0.0400902 0.561895 0.120034 0.277981 
0.0027795 0.522917 0.115393 0.358911 
7.57105e-05 0.673456 0.0655084 0.26096 
0.000413643 0.979506 0.00804112 0.0120396 
3.08291e-06 0.486418 0.182901 0.330678 
5.27857e-07 0.993576 0.00321949 0.00320355 
0.0744316 0.456711 0.0222223 0.446635 
0.000163398 0.880765 0.0870828 0.0319893 
0.0523374 0.532622 0.0574823 0.357558 
4.34901e-07 0.69082 0.00949519 0.299684 
0.00104059 0.969268 0.0151383 0.014553 
0.000259171 0.950804 0.00449469 0.0444418 
0.000431279 0.803706 0.00976891 0.186094 
0.000308617 0.629276 0.119926 0.25049 
0.00104059 0.969268 0.0151383 0.014553 
1.33314e-08 0.898259 0.0194615 0.0822793 
0.00024518 0.993407 0.00191204 0.00443564 
0.0400902 0.561895 0.120034 0.277981 
2.53391e-05 0.955284 0.0155148 0.0291759 
0.00199022 0.75492 0.0709698 0.17212 
0.000194944 0.629703 0.0245087 0.345594 
0.000142958 0.530951 0.00563484 0.463271 
0.084356 0.784843 0.0293836 0.101417 
0.00109265 0.659254 0.000126305 0.339527 
0.0105022 0.70232 0.0648199 0.222358 
0.184012 0.514632 0.0165323 0.284823 
0.0018121 0.791852 0.09181 0.114526 
0.00266077 0.473136 0.169318 0.354885 
0.0358315 0.436373 0.294596 0.2332 
0.000153163 0.803402 0.0214488 0.174996 
2.17244e-08 0.994241 0.0057587 2.38395e-09 
0.000101242 0.642287 0.0456535 0.311958 
0.0210197 0.601047 0.0607315 0.317202 
0.063857 0.513036 0.104744 0.318364 
0.00233825 0.710987 0.0478755 0.238799 
3.95302e-07 0.493844 0.0413698 0.464786 
0.000194944 0.629703 0.0245087 0.345594 
1.49826e-06 0.716601 0.00109453 0.282303 
7.38038e-05 0.535793 0.0604947 0.403638 
9.94964e-07 0.798195 0.0206889 0.181115 
2.19994e-05 0.972165 0.00750591 0.0203071 
0.000322357 0.593509 0.3287 0.0774683 
3.82073e-07 0.742921 0.0116804 0.245398 
0.000153412 0.643795 0.18919 0.166862 
0.00125262 0.943581 0.0223156 0.0328505 
0.00283995 0.660078 0.0554443 0.281638 
0.00591576 0.600358 0.198311 0.195416 
6.84836e-07 0.530258 0.01685 0.452891 
0.000259171 0.950804 0.00449469 0.0444418 
0.000299478 0.537946 0.0765576 0.385197 
0.00104783 0.533862 0.298654 0.166436 
0.00395593 0.717695 0.150103 0.128246 
0.000439273 0.66458 0.32388 0.0111004 
0.00796394 0.476838 0.185 0.330198 
0.00163067 0.724757 0.0345419 0.23907 
0.00104059 0.969268 0.0151383 0.014553 
0.000710017 0.680238 0.00394907 0.315103 
0.000202113 0.838214 0.107573 0.0540111 
0.00206357 0.492589 0.0350619 0.470286 
0.000468001 0.915029 0.0160303 0.068473 
0.0536967 0.443186 0.0787957 0.424321 
0.00027678 0.549411 0.0591049 0.391208 
0.00104059 0.969268 0.0151383 0.014553 
0.000153548 0.629578 0.102268 0.268001 
0.0135066 0.66044 0.0750585 0.250995 
0.00623262 0.586354 0.0549048 0.352508 
0.00104059 0.969268 0.0151383 0.014553 
0.00809842 0.587168 0.0420093 0.362724 
