0.000755336 0.167171 0.616481 0.215593 
3.24899e-11 0.0286287 0.698808 0.272563 
0.013761 0.00317858 0.919937 0.0631231 
0.0100834 0.0119048 0.975923 0.00208908 
0.104443 0.104607 0.500221 0.29073 
5.77275e-05 0.146127 0.735515 0.1183 
0.00116724 0.00293914 0.924228 0.071666 
0.0108796 0.0103645 0.976705 0.00205066 
0.0457305 0.0275251 0.841855 0.0848897 
8.2571e-11 0.143925 0.787966 0.0681087 
0.00944852 0.157156 0.561216 0.272179 
8.10826e-05 0.0112462 0.938307 0.0503655 
0.00706947 0.00834442 0.828516 0.15607 
0.01091 0.0138463 0.972525 0.00271854 
0.00244605 0.0042685 0.892695 0.100591 
0.00108049 0.0111272 0.57091 0.416882 
9.59605e-11 0.288993 0.533604 0.177403 
0.0108796 0.0103645 0.976705 0.00205066 
0.0100834 0.0119048 0.975923 0.00208908 
6.98558e-07 0.0176063 0.723113 0.25928 
0.0320287 0.0397551 0.620854 0.307362 
0.00404935 0.04574 0.914914 0.0352964 
0.00380443 0.113669 0.461901 0.420626 
1.06658e-05 0.0073878 0.887423 0.105179 
8.10826e-05 0.0112462 0.938307 0.0503655 
0.00420696 0.182434 0.423664 0.389695 
0.00392703 0.0659415 0.474889 0.455242 
0.000158578 0.260455 0.383226 0.35616 
0.00333623 0.0011849 0.96836 0.0271185 
8.04988e-05 0.0286968 0.666251 0.304971 
0.00197732 0.222392 0.521634 0.253997 
5.77275e-05 0.146127 0.735515 0.1183 
3.77324e-11 0.0293845 0.689593 0.281023 
2.12736e-05 0.00419474 0.995437 0.00034682 
0.000155079 0.0825297 0.645901 0.271414 
0.0108796 0.0103645 0.976705 0.00205066 
0.00125283 0.00150735 0.949877 0.0473625 
0.0108796 0.0103645 0.976705 0.00205066 
4.39801e-08 0.0904172 0.834086 0.0754963 
0.000879409 0.0401169 0.900914 0.0580899 
6.60259e-05 0.0372937 0.699811 0.262829 
0.00778081 0.0961167 0.771689 0.124413 
3.46481e-06 0.104362 0.694916 0.200719 
0.00380443 0.113669 0.461901 0.420626 
0.000293479 0.0470967 0.729837 0.222773 
0.00569948 0.203067 0.601002 0.190231 
0.00644655 0.239334 0.447309 0.30691 
0.0603901 0.191378 0.435764 0.312468 
4.76492e-08 0.305872 0.394741 0.299387 
0.0046808 0.0937986 0.652639 0.248882 
0.000857242 0.0940954 0.686357 0.21869 
0.000609425 0.0255209 0.52636 0.44751 
0.0108796 0.0103645 0.976705 0.00205066 
0.00263559 0.162108 0.432965 0.402291 
3.95931e-05 0.0531487 0.80399 0.142821 
0.00555367 0.0102797 0.562106 0.422061 
0.213566 0.194926 0.524326 0.0671819 
8.10826e-05 0.0112462 0.938307 0.0503655 
4.55138e-06 2.20264e-05 0.970225 0.0297481 
5.626e-05 0.00838774 0.913627 0.0779287 
0.00285503 0.0526286 0.616663 0.327853 
0.013327 0.31075 0.503092 0.172831 
0.000401218 0.010875 0.633367 0.355357 
0.00297596 0.0933644 0.606564 0.297096 
1.35128e-05 0.000560309 0.840436 0.15899 
8.10826e-05 0.0112462 0.938307 0.0503655 
1.17524e-05 0.0178776 0.920659 0.0614513 
3.0896e-08 0.0201531 0.823857 0.15599 
8.64063e-05 0.416364 0.529911 0.0536387 
0.000279705 0.00277025 0.972505 0.0244449 
9.47832e-05 0.0119816 0.722567 0.265357 
8.8288e-05 0.198438 0.79813 0.00334346 
2.52985e-06 0.00891888 0.721322 0.269757 
0.000189745 0.10005 0.865196 0.0345646 
0.0100834 0.0119048 0.975923 0.00208908 
0.00433637 0.213578 0.515202 0.266884 
0.00125283 0.00150735 0.949877 0.0473625 
0.0100834 0.0119048 0.975923 0.00208908 
0.00404935 0.04574 0.914914 0.0352964 
0.0321908 0.0196844 0.47728 0.470845 
0.0308763 0.122376 0.530114 0.316634 
2.33963e-07 0.0109831 0.699109 0.289908 
3.6845e-05 0.00761177 0.914765 0.0775865 
8.10826e-05 0.0112462 0.938307 0.0503655 
0.00488104 0.117327 0.593733 0.284059 
4.23655e-07 0.0222344 0.785691 0.192074 
0.00179279 0.108609 0.624308 0.26529 
8.77335e-05 0.133149 0.480251 0.386512 
0.00404935 0.04574 0.914914 0.0352964 
0.00143537 0.129846 0.718543 0.150176 
0.0134963 0.0817522 0.578059 0.326692 
6.28506e-05 0.0085268 0.907986 0.083424 
4.72624e-05 0.0156402 0.931095 0.0532177 
0.00242615 0.0836208 0.685648 0.228306 
0.000363786 0.0431136 0.791936 0.164587 
0.000172138 0.0489593 0.794017 0.156851 
0.00419928 0.0947147 0.684466 0.21662 
1.30398e-07 6.61914e-05 0.999895 3.86364e-05 
0.00571195 0.0737034 0.784008 0.136577 
0.0118705 0.135121 0.826095 0.0269131 
0.00295948 0.0388027 0.892341 0.0658967 
0.00420696 0.182434 0.423664 0.389695 
0.0021406 0.00518278 0.93088 0.0617963 
7.87776e-05 0.261471 0.565998 0.172453 
3.6845e-05 0.00761177 0.914765 0.0775865 
3.7659e-05 0.0073021 0.851917 0.140743 
1.42306e-07 0.410763 0.588445 0.000791748 
0.000579558 0.105399 0.783658 0.110364 
0.000825095 0.0295117 0.899602 0.0700611 
0.00680674 0.081193 0.624361 0.28764 
0.00606766 0.326592 0.61762 0.0497208 
4.92997e-05 0.0262338 0.647904 0.325813 
0.00177605 0.00404597 0.9393 0.0548779 
0.00301179 0.141974 0.598229 0.256785 
0.100392 0.201892 0.515913 0.181804 
0.00109815 0.0904888 0.73617 0.172243 
0.0108796 0.0103645 0.976705 0.00205066 
0.000828207 0.00695934 0.930384 0.0618284 
0.00748159 0.0085441 0.84297 0.141004 
0.000677761 0.0119955 0.912326 0.0750011 
0.00452704 0.00393488 0.845602 0.145936 
0.00125623 0.0386388 0.711507 0.248598 
0.0199885 0.0621711 0.499577 0.418263 
0.00408318 0.0502477 0.755354 0.190316 
0.00421229 0.062693 0.718421 0.214674 
0.0100834 0.0119048 0.975923 0.00208908 
0.000213764 0.196229 0.457249 0.346309 
0.0691824 0.140355 0.562476 0.227987 
0.0100834 0.0119048 0.975923 0.00208908 
0.00131584 0.390211 0.491296 0.117177 
0.0108796 0.0103645 0.976705 0.00205066 
2.18089e-05 0.0430967 0.859287 0.0975947 
0.00467239 0.00282147 0.916449 0.0760571 
1.1845e-07 0.413899 0.52606 0.0600412 
0.00305603 0.404598 0.47573 0.116616 
1.44529e-05 0.255743 0.699517 0.0447252 
0.00138776 0.036699 0.758126 0.203787 
0.0108796 0.0103645 0.976705 0.00205066 
0.0493921 0.019578 0.804186 0.126844 
0.0388254 0.00269546 0.627035 0.331444 
0.000706773 0.0096212 0.986387 0.00328473 
0.00213324 0.0204671 0.917144 0.0602556 
5.44203e-06 0.0733139 0.801252 0.125429 
0.00344456 0.0570649 0.815169 0.124321 
0.000124985 0.0885812 0.835327 0.0759671 
0.0108796 0.0103645 0.976705 0.00205066 
1.38137e-06 0.000345006 0.971839 0.0278146 
6.7608e-05 0.0157557 0.922257 0.0619198 
0.000819069 0.00240684 0.940112 0.056662 
0.000295047 0.0429728 0.537567 0.419165 
0.0108796 0.0103645 0.976705 0.00205066 
0.00229885 0.0384691 0.816717 0.142515 
0.0042469 0.269633 0.400044 0.326077 
7.32732e-05 0.0026689 0.987264 0.00999421 
0.00912698 0.0704201 0.750657 0.169796 
3.86985e-05 0.0201103 0.852994 0.126857 
0.00748159 0.0085441 0.84297 0.141004 
0.0100834 0.0119048 0.975923 0.00208908 
9.79608e-06 0.0956968 0.76162 0.142674 
8.39622e-05 0.00704854 0.767821 0.225047 
0.0130354 0.230386 0.49825 0.258328 
0.0287289 0.203921 0.504275 0.263075 
5.6121e-12 0.0223338 0.855872 0.121795 
0.0100834 0.0119048 0.975923 0.00208908 
0.0100834 0.0119048 0.975923 0.00208908 
0.00662721 0.0943652 0.5112 0.387807 
0.00453367 0.0964146 0.671972 0.227079 
0.00333967 0.0728672 0.491 0.432793 
0.00122634 0.0830039 0.57613 0.33964 
2.84426e-05 0.0627951 0.694988 0.242188 
0.0106114 0.0451175 0.787598 0.156673 
0.000856875 0.219505 0.656946 0.122692 
0.0108796 0.0103645 0.976705 0.00205066 
3.80399e-05 0.0674398 0.77747 0.155053 
0.00012393 0.0472687 0.520454 0.432154 
5.83553e-05 0.0736248 0.819334 0.106982 
0.0100834 0.0119048 0.975923 0.00208908 
0.242649 0.145254 0.582706 0.0293912 
1.30664e-11 0.00995328 0.984986 0.00506085 
9.71699e-06 0.0460975 0.92502 0.0288729 
0.000342948 0.383805 0.556833 0.0590185 
0.0108796 0.0103645 0.976705 0.00205066 
0.00394332 0.0865609 0.565718 0.343778 
0.0107662 0.0393126 0.913463 0.0364585 
0.000123884 0.149383 0.444276 0.406217 
0.00606543 0.00908979 0.642639 0.342206 
0.0108796 0.0103645 0.976705 0.00205066 
0.0011034 0.0896835 0.846226 0.0629871 
0.000259103 0.297466 0.555315 0.14696 
0.00355775 0.2192 0.521248 0.255994 
0.000559656 0.102192 0.712663 0.184585 
0.00117988 0.137768 0.550097 0.310956 
0.00268668 0.0873767 0.624588 0.285349 
1.0091e-05 0.0153428 0.813323 0.171324 
0.0100834 0.0119048 0.975923 0.00208908 
0.00368115 0.334819 0.386872 0.274628 
0.0122187 0.144521 0.570639 0.272622 
7.88439e-05 0.0131308 0.64544 0.341351 
3.6845e-05 0.00761177 0.914765 0.0775865 
2.21562e-06 0.00387803 0.921589 0.0745309 
0.000132283 0.0613189 0.74394 0.194608 
0.0147146 0.160431 0.649471 0.175383 
0.0107662 0.0393126 0.913463 0.0364585 
3.6845e-05 0.00761177 0.914765 0.0775865 
0.00404935 0.04574 0.914914 0.0352964 
0.00120585 0.093009 0.801335 0.10445 
0.000106548 0.240523 0.551502 0.207869 
0.000754636 0.0317934 0.655343 0.312109 
0.0108796 0.0103645 0.976705 0.00205066 
4.40056e-07 0.220896 0.760618 0.0184859 
3.83941e-06 0.286494 0.425391 0.288111 
0.00523014 0.435957 0.55569 0.00312235 
7.32732e-05 0.0026689 0.987264 0.00999421 
7.6306e-06 0.250894 0.605705 0.143394 
0.00189463 0.167145 0.607306 0.223654 
0.0126026 0.0338568 0.645344 0.308197 
5.626e-05 0.00838774 0.913627 0.0779287 
7.32732e-05 0.0026689 0.987264 0.00999421 
0.00125283 0.00150735 0.949877 0.0473625 
0.0083475 0.02566 0.843706 0.122286 
0.0108796 0.0103645 0.976705 0.00205066 
1.87161e-10 7.56052e-11 0.524764 0.475236 
0.00176474 0.101635 0.747913 0.148687 
0.0108796 0.0103645 0.976705 0.00205066 
0.0158246 0.0187076 0.772526 0.192941 
0.0108796 0.0103645 0.976705 0.00205066 
0.000564804 0.0912307 0.83753 0.0706747 
0.00141824 0.068803 0.734459 0.19532 
7.77616e-05 0.134524 0.775128 0.0902704 
2.79672e-06 0.033641 0.70863 0.257727 
4.33666e-05 0.0798168 0.835116 0.0850242 
7.42425e-07 0.0406079 0.950698 0.00869299 
0.0041678 0.0973806 0.656675 0.241776 
1.06658e-05 0.0073878 0.887423 0.105179 
0.000273669 0.0584573 0.660447 0.280822 
4.78018e-06 0.0043354 0.854181 0.141479 
0.00365639 0.10832 0.671557 0.216467 
0.00706947 0.00834442 0.828516 0.15607 
4.19105e-05 0.147405 0.817808 0.034745 
0.000149412 0.054255 0.55598 0.389616 
5.25044e-07 0.220914 0.488296 0.290789 
0.0100834 0.0119048 0.975923 0.00208908 
8.80101e-05 0.00213449 0.970555 0.0272225 
1.10171e-05 0.0317664 0.762968 0.205254 
5.626e-05 0.00838774 0.913627 0.0779287 
0.00331898 0.0110751 0.95514 0.0304654 
0.0199885 0.0621711 0.499577 0.418263 
0.00634453 0.0344983 0.736418 0.222739 
2.67006e-05 0.308558 0.392565 0.29885 
0.00212282 0.0339404 0.73345 0.230487 
0.00404935 0.04574 0.914914 0.0352964 
0.00295537 0.024872 0.904216 0.0679568 
0.0032977 0.106404 0.623852 0.266446 
0.00173326 0.0685208 0.561495 0.368251 
4.54465e-07 0.0609165 0.686729 0.252354 
0.00077625 0.09604 0.716215 0.186969 
0.00125283 0.00150735 0.949877 0.0473625 
0.00270165 0.024777 0.741817 0.230704 
0.00130989 0.274302 0.499099 0.225289 
0.000498461 0.00761275 0.873166 0.118723 
9.77264e-05 0.0532746 0.649624 0.297003 
1.86898e-06 0.0990389 0.647226 0.253733 
0.00333623 0.0011849 0.96836 0.0271185 
4.78703e-05 0.0215271 0.767073 0.211352 
0.0100834 0.0119048 0.975923 0.00208908 
0.0424906 0.0397082 0.641089 0.276712 
0.0100834 0.0119048 0.975923 0.00208908 
0.000138176 0.096685 0.829199 0.0739783 
0.000138176 0.096685 0.829199 0.0739783 
0.00504803 0.145072 0.525507 0.324372 
0.00365146 0.0846624 0.69461 0.217076 
0.00560458 0.0450448 0.754122 0.195229 
0.0194053 0.0150694 0.89846 0.0670654 
5.626e-05 0.00838774 0.913627 0.0779287 
8.10826e-05 0.0112462 0.938307 0.0503655 
0.0150365 0.0235885 0.929604 0.0317711 
0.0118902 0.0109971 0.852196 0.124917 
4.47413e-11 0.0717653 0.8076 0.120635 
2.59882e-05 0.0124445 0.923913 0.0636163 
0.0194519 0.0548554 0.887601 0.0380916 
0.00125283 0.00150735 0.949877 0.0473625 
0.0100834 0.0119048 0.975923 0.00208908 
0.0108796 0.0103645 0.976705 0.00205066 
0.000401534 0.0184866 0.880868 0.100244 
0.00633342 0.0224613 0.767899 0.203306 
0.00075502 0.025716 0.714653 0.258876 
0.000138176 0.096685 0.829199 0.0739783 
0.00192079 0.125996 0.636876 0.235207 
5.36435e-05 0.000814074 0.986012 0.0131199 
0.0025613 0.0369191 0.740646 0.219874 
4.32075e-05 0.0877987 0.718609 0.193549 
7.32732e-05 0.0026689 0.987264 0.00999421 
0.000101213 0.0178735 0.918191 0.0638338 
0.00118434 0.0507628 0.603801 0.344252 
2.98303e-05 0.0584701 0.814652 0.126848 
5.626e-05 0.00838774 0.913627 0.0779287 
4.85604e-08 0.0646724 0.823939 0.111389 
0.000582071 0.218651 0.626118 0.154649 
0.000735512 0.00293082 0.969844 0.0264898 
0.00420696 0.182434 0.423664 0.389695 
0.00154042 0.00180135 0.937541 0.0591171 
7.20675e-08 0.0882784 0.627093 0.284628 
5.626e-05 0.00838774 0.913627 0.0779287 
0.0182537 0.00939095 0.768641 0.203715 
0.00295537 0.024872 0.904216 0.0679568 
8.10826e-05 0.0112462 0.938307 0.0503655 
3.92472e-05 0.0256118 0.849442 0.124907 
5.626e-05 0.00838774 0.913627 0.0779287 
0.000101213 0.0178735 0.918191 0.0638338 
7.59798e-08 0.0274173 0.96372 0.00886278 
1.50888e-08 0.00585273 0.886656 0.107492 
0.000140647 0.258416 0.486029 0.255415 
0.0108796 0.0103645 0.976705 0.00205066 
0.00270165 0.024777 0.741817 0.230704 
0.0108796 0.0103645 0.976705 0.00205066 
2.6012e-05 0.152252 0.755067 0.092655 
4.98371e-08 0.127652 0.52793 0.344418 
0.00111876 0.16132 0.557346 0.280216 
0.0100834 0.0119048 0.975923 0.00208908 
0.0217859 0.0322243 0.762032 0.183958 
4.78018e-06 0.0043354 0.854181 0.141479 
1.53173e-07 0.0679965 0.786238 0.145766 
0.00452233 0.0105761 0.845863 0.139038 
2.67829e-09 0.0227727 0.975577 0.00165016 
1.87161e-10 7.56052e-11 0.524764 0.475236 
0.00324663 0.000747992 0.992663 0.00334205 
0.000117626 0.0601408 0.476175 0.463567 
0.00125283 0.00150735 0.949877 0.0473625 
0.0111289 0.0128845 0.927563 0.0484231 
3.52826e-09 0.222491 0.441177 0.336331 
2.86297e-06 0.00821893 0.961937 0.0298414 
0.00166381 0.115661 0.67426 0.208415 
0.00125283 0.00150735 0.949877 0.0473625 
3.51126e-05 0.0164324 0.832624 0.150908 
2.23691e-05 0.147822 0.746042 0.106113 
0.000285757 0.0818235 0.698081 0.21981 
0.0100834 0.0119048 0.975923 0.00208908 
2.02036e-06 0.000282211 0.99236 0.00735571 
0.0139657 0.144862 0.651749 0.189423 
8.2571e-11 0.143925 0.787966 0.0681087 
0.0210275 0.114218 0.81826 0.0464945 
5.626e-05 0.00838774 0.913627 0.0779287 
1.51619e-06 0.0377528 0.846029 0.116216 
0.000149942 0.217519 0.591958 0.190373 
0.000335853 0.0345139 0.768107 0.197043 
0.0107662 0.0393126 0.913463 0.0364585 
0.274613 0.0767571 0.430702 0.217928 
0.00104624 0.183246 0.580102 0.235605 
0.000723369 0.0863362 0.856607 0.0563335 
0.00230937 0.133464 0.581195 0.283032 
0.00393895 0.253467 0.66244 0.0801541 
0.0100834 0.0119048 0.975923 0.00208908 
6.80559e-05 0.0711527 0.598609 0.33017 
0.000103279 0.343747 0.346263 0.309886 
0.00270105 0.27651 0.380823 0.339966 
0.000101643 0.0744261 0.857325 0.0681469 
0.000122848 0.0769795 0.720312 0.202585 
0.000343706 0.231325 0.617805 0.150527 
0.00258715 0.287638 0.431916 0.277859 
0.000487287 0.0326799 0.655719 0.311114 
8.10826e-05 0.0112462 0.938307 0.0503655 
5.44375e-07 0.057765 0.831707 0.110527 
0.000151909 0.0103651 0.962481 0.0270024 
0.00110604 0.00110616 0.996682 0.00110623 
0.00531155 0.0180833 0.835486 0.14112 
0.000169088 0.00338317 0.630017 0.366431 
0.0100834 0.0119048 0.975923 0.00208908 
0.0016244 0.0118635 0.917969 0.0685427 
2.23801e-05 0.0101373 0.841189 0.148651 
8.10826e-05 0.0112462 0.938307 0.0503655 
7.05943e-06 0.00245175 0.772141 0.225401 
4.22616e-07 0.254776 0.513698 0.231525 
0.00275014 0.0157957 0.873161 0.108293 
1.06658e-05 0.0073878 0.887423 0.105179 
5.626e-05 0.00838774 0.913627 0.0779287 
5.3916e-06 0.282192 0.377475 0.340327 
0.0516499 0.0271825 0.76981 0.151357 
0.000156176 0.00573811 0.939269 0.0548367 
1.14786e-05 0.00761017 0.838932 0.153446 
0.000362895 0.000971222 0.671156 0.32751 
0.0100834 0.0119048 0.975923 0.00208908 
3.58135e-08 0.0287548 0.919439 0.0518057 
0.00530046 0.140627 0.527749 0.326324 
0.00102638 0.0012339 0.958987 0.0387531 
0.020026 0.142945 0.502707 0.334321 
6.84631e-05 0.0368067 0.87732 0.0858047 
0.00498922 0.0576361 0.751851 0.185523 
0.00258972 0.0796689 0.739625 0.178117 
0.000193363 0.0123276 0.937446 0.0500332 
1.20959e-05 0.360726 0.427793 0.211469 
0.000538359 0.252193 0.610217 0.137051 
0.0108796 0.0103645 0.976705 0.00205066 
4.78018e-06 0.0043354 0.854181 0.141479 
1.0857e-11 0.0288254 0.887538 0.0836371 
4.54465e-07 0.0609165 0.686729 0.252354 
0.00116724 0.00293914 0.924228 0.071666 
0.0019 0.429889 0.554991 0.0132201 
0.0100834 0.0119048 0.975923 0.00208908 
1.0857e-11 0.0288254 0.887538 0.0836371 
2.0131e-05 0.130837 0.731779 0.137364 
0.00125115 0.0990392 0.710825 0.188885 
6.72583e-12 0.0734486 0.822864 0.103687 
0.00991782 0.0614245 0.605 0.323658 
0.0100834 0.0119048 0.975923 0.00208908 
0.0108796 0.0103645 0.976705 0.00205066 
0.000349185 0.167886 0.803663 0.0281024 
0.0107662 0.0393126 0.913463 0.0364585 
0.000521473 0.192975 0.441109 0.365394 
4.77432e-06 0.00434651 0.86203 0.133619 
0.00416692 0.160176 0.49447 0.341187 
3.2413e-05 0.0275085 0.803798 0.168661 
1.11796e-05 0.00174801 0.942427 0.055814 
0.00281613 0.208835 0.540667 0.247682 
1.88161e-07 0.160091 0.613794 0.226115 
0.000102704 0.0227468 0.764092 0.213059 
0.00229276 0.0550584 0.735659 0.20699 
0.000119578 0.0205182 0.872076 0.107286 
6.84631e-05 0.0368067 0.87732 0.0858047 
0.000618448 0.139759 0.641133 0.21849 
6.98558e-07 0.0176063 0.723113 0.25928 
4.85888e-05 0.0447409 0.835358 0.119853 
0.000562759 0.153843 0.580486 0.265108 
8.10826e-05 0.0112462 0.938307 0.0503655 
0.00706947 0.00834442 0.828516 0.15607 
0.0479114 0.0406732 0.634073 0.277342 
0.000217264 0.0132578 0.884562 0.101963 
5.17756e-05 0.0245361 0.590496 0.384916 
3.7659e-05 0.0073021 0.851917 0.140743 
0.00591851 0.19247 0.491616 0.309996 
0.00101341 0.0756893 0.57316 0.350137 
0.00521065 0.159687 0.663002 0.172101 
0.00340894 0.0221043 0.879351 0.0951361 
0.00369421 0.0305369 0.881015 0.0847541 
3.6845e-05 0.00761177 0.914765 0.0775865 
0.0375561 0.185836 0.611636 0.164972 
4.85888e-05 0.0447409 0.835358 0.119853 
0.00590641 0.00699085 0.835194 0.151908 
0.0034346 0.00903008 0.853701 0.133834 
5.22733e-06 0.00964084 0.917517 0.0728373 
0.000292708 0.015902 0.980748 0.00305704 
0.00122786 0.0516713 0.591823 0.355277 
1.2487e-08 0.0136069 0.622942 0.363451 
0.00397697 0.102549 0.827784 0.0656905 
1.462e-11 0.00024129 0.998815 0.000943357 
0.00115925 0.0624132 0.787205 0.149223 
1.11796e-05 0.00174801 0.942427 0.055814 
0.0108796 0.0103645 0.976705 0.00205066 
8.32208e-05 0.135603 0.43506 0.429254 
0.00213324 0.0204671 0.917144 0.0602556 
0.000148533 0.170873 0.565117 0.263861 
0.00765731 0.285221 0.472984 0.234138 
0.0100834 0.0119048 0.975923 0.00208908 
8.5879e-05 0.0317659 0.881268 0.0868803 
4.54465e-07 0.0609165 0.686729 0.252354 
0.000389345 0.0232435 0.901384 0.074983 
2.06738e-05 0.0288329 0.780811 0.190335 
0.000139184 0.0515734 0.587118 0.361169 
0.0108796 0.0103645 0.976705 0.00205066 
8.04617e-05 0.00122111 0.979077 0.0196214 
4.81016e-06 0.117512 0.801289 0.0811942 
0.000156167 0.0147469 0.55905 0.426047 
0.000141841 0.167 0.714627 0.118231 
0.000139917 0.00931286 0.887402 0.103145 
0.0108796 0.0103645 0.976705 0.00205066 
0.00125283 0.00150735 0.949877 0.0473625 
0.000621944 0.0234312 0.877462 0.0984849 
0.00125283 0.00150735 0.949877 0.0473625 
8.03106e-05 0.010882 0.898279 0.0907588 
0.0108796 0.0103645 0.976705 0.00205066 
0.000723369 0.0863362 0.856607 0.0563335 
0.000205339 0.0659012 0.730981 0.202913 
0.00139455 0.096658 0.6421 0.259848 
0.000272093 0.102571 0.554661 0.342496 
0.00514542 0.310325 0.36916 0.315369 
8.10826e-05 0.0112462 0.938307 0.0503655 
0.00370588 0.0836982 0.673456 0.23914 
0.000102754 0.225621 0.428244 0.346032 
1.64606e-05 0.0105211 0.879494 0.109969 
0.00332748 0.0242492 0.76441 0.208013 
1.44529e-05 0.255743 0.699517 0.0447252 
1.05271e-06 0.0205205 0.537652 0.441827 
2.31556e-05 0.0364306 0.679589 0.283957 
0.00295537 0.024872 0.904216 0.0679568 
0.0100834 0.0119048 0.975923 0.00208908 
0.00290217 0.057494 0.790365 0.149239 
1.37782e-05 0.134404 0.786093 0.0794897 
2.34541e-06 0.221434 0.501522 0.277043 
0.0366622 0.0742917 0.6466 0.242446 
1.94337e-05 0.00860107 0.862869 0.12851 
5.15567e-05 0.0598845 0.684898 0.255166 
0.000168753 0.0135743 0.502785 0.483472 
3.79927e-06 0.0812545 0.722373 0.196369 
4.48533e-05 0.10522 0.587811 0.306924 
0.00129895 0.00184003 0.95011 0.0467512 
8.46747e-05 0.0180808 0.741804 0.240031 
6.28506e-05 0.0085268 0.907986 0.083424 
6.51052e-05 0.00899843 0.950642 0.0402941 
9.54417e-05 0.430928 0.485277 0.083699 
0.000162859 0.031536 0.543382 0.424919 
0.0083222 0.182218 0.776286 0.0331743 
0.0100834 0.0119048 0.975923 0.00208908 
7.82354e-05 0.0992147 0.684758 0.215949 
0.0100834 0.0119048 0.975923 0.00208908 
0.000141616 0.00894806 0.900388 0.0905222 
0.00404935 0.04574 0.914914 0.0352964 
0.00014971 0.0598639 0.699016 0.24097 
0.000641303 0.0440736 0.55305 0.402235 
0.0100834 0.0119048 0.975923 0.00208908 
0.00109659 0.00332339 0.952913 0.0426667 
0.0108796 0.0103645 0.976705 0.00205066 
5.77275e-05 0.146127 0.735515 0.1183 
9.47679e-05 0.143098 0.61434 0.242467 
0.0108796 0.0103645 0.976705 0.00205066 
8.10826e-05 0.0112462 0.938307 0.0503655 
0.0217859 0.0322243 0.762032 0.183958 
0.00281551 0.0734142 0.726225 0.197545 
0.000279705 0.00277025 0.972505 0.0244449 
5.09056e-05 0.0330651 0.749079 0.217805 
6.61593e-06 0.144823 0.43987 0.4153 
1.38137e-06 0.000345006 0.971839 0.0278146 
9.70633e-06 0.0158587 0.86234 0.121792 
3.66503e-06 0.0105556 0.777262 0.212178 
2.4607e-06 0.135282 0.705412 0.159303 
1.7242e-05 0.162159 0.49761 0.340215 
0.000168523 0.000799305 0.984205 0.0148273 
0.00125283 0.00150735 0.949877 0.0473625 
0.01091 0.0138463 0.972525 0.00271854 
7.03232e-08 0.0246833 0.50542 0.469896 
3.813e-05 0.0904001 0.772595 0.136967 
0.0108796 0.0103645 0.976705 0.00205066 
0.00118946 0.025047 0.839934 0.133829 
0.000185508 0.0735234 0.626562 0.299729 
0.000704806 0.0506318 0.691426 0.257237 
0.00012033 0.00544436 0.951352 0.0430834 
0.000755336 0.167171 0.616481 0.215593 
2.44959e-05 0.0438583 0.809682 0.146435 
7.32732e-05 0.0026689 0.987264 0.00999421 
0.011338 0.0467392 0.700596 0.241327 
7.81214e-05 0.144655 0.444546 0.410721 
0.000753024 0.14636 0.680316 0.172572 
0.00136876 0.0262044 0.838529 0.133898 
5.626e-05 0.00838774 0.913627 0.0779287 
0.0315623 0.0931852 0.708635 0.166618 
0.0150365 0.0235885 0.929604 0.0317711 
6.47052e-05 0.00441832 0.866924 0.128593 
0.0100834 0.0119048 0.975923 0.00208908 
0.00133445 0.409833 0.426882 0.161951 
0.0100834 0.0119048 0.975923 0.00208908 
6.94362e-05 0.0268334 0.758984 0.214113 
0.0317304 0.00413875 0.754657 0.209474 
2.18089e-05 0.0430967 0.859287 0.0975947 
7.92258e-05 0.0192516 0.871397 0.109272 
0.00231084 0.214807 0.413082 0.3698 
5.34879e-09 0.0229542 0.956915 0.0201312 
3.53122e-06 0.0100859 0.94366 0.0462503 
0.0100834 0.0119048 0.975923 0.00208908 
0.00025302 0.0548292 0.73607 0.208848 
0.0108796 0.0103645 0.976705 0.00205066 
0.0100834 0.0119048 0.975923 0.00208908 
1.05271e-06 0.0205205 0.537652 0.441827 
0.000463371 0.0676645 0.741638 0.190234 
0.0140173 0.129975 0.566062 0.289946 
0.000120496 0.00911742 0.872829 0.117933 
0.0108796 0.0103645 0.976705 0.00205066 
0.00151735 0.420595 0.516932 0.0609557 
5.36435e-05 0.000814074 0.986012 0.0131199 
4.96807e-08 0.163235 0.737525 0.0992393 
0.0108796 0.0103645 0.976705 0.00205066 
0.138332 0.349015 0.495599 0.0170542 
1.59428e-06 0.0507738 0.870714 0.0785105 
0.000723369 0.0863362 0.856607 0.0563335 
0.0441603 0.0719641 0.702989 0.180887 
0.00110236 0.014178 0.918059 0.066661 
4.89399e-11 0.0294794 0.959152 0.0113682 
7.22064e-06 0.0439143 0.583546 0.372532 
0.000135162 0.127539 0.487147 0.385179 
0.0271218 0.00303966 0.867937 0.101902 
0.0490806 0.101118 0.595473 0.254328 
2.02063e-10 0.174007 0.516522 0.309471 
5.36435e-05 0.000814074 0.986012 0.0131199 
3.06575e-06 0.305463 0.490177 0.204357 
0.00906108 0.0813107 0.680568 0.22906 
0.00141093 0.146298 0.746745 0.105546 
0.00156931 0.0251184 0.863284 0.110029 
0.0100834 0.0119048 0.975923 0.00208908 
8.22502e-06 0.10319 0.472828 0.423974 
0.00529265 0.173221 0.572852 0.248634 
0.00010607 0.00483974 0.934912 0.0601425 
9.65278e-06 0.00040314 0.886023 0.113564 
8.99304e-05 0.12581 0.438086 0.436014 
0.00117817 0.0202995 0.928239 0.050283 
1.2799e-06 0.0690803 0.904229 0.0266897 
7.9376e-05 0.16139 0.696661 0.14187 
2.72002e-05 0.0131434 0.830425 0.156405 
0.000437338 0.0664113 0.793438 0.139713 
7.19028e-07 0.00270463 0.926457 0.0708374 
0.00420696 0.182434 0.423664 0.389695 
0.000772922 0.194313 0.608155 0.196759 
0.000141168 0.0351197 0.614218 0.350521 
0.0100834 0.0119048 0.975923 0.00208908 
0.00550927 0.102053 0.691004 0.201434 
0.0108796 0.0103645 0.976705 0.00205066 
0.000138176 0.096685 0.829199 0.0739783 
0.00332964 0.080671 0.801625 0.114374 
1.42634e-09 0.00624308 0.947771 0.0459861 
9.16507e-05 0.349586 0.470373 0.17995 
3.72388e-07 0.00945505 0.922111 0.0684334 
0.000811137 0.0177165 0.923572 0.0578999 
8.04617e-05 0.00122111 0.979077 0.0196214 
0.00131629 0.043299 0.493022 0.462362 
0.00395545 0.00795109 0.850124 0.13797 
0.0100834 0.0119048 0.975923 0.00208908 
1.06241e-07 0.0404174 0.672268 0.287314 
9.46046e-05 0.0011312 0.967312 0.0314623 
0.01091 0.0138463 0.972525 0.00271854 
0.000527024 0.428885 0.509115 0.0614728 
0.000235997 0.18979 0.666347 0.143627 
0.0108796 0.0103645 0.976705 0.00205066 
0.0108796 0.0103645 0.976705 0.00205066 
1.43443e-05 0.0497363 0.757501 0.192748 
1.41179e-06 0.0213586 0.847674 0.130966 
0.121094 0.0258111 0.705518 0.147577 
0.019947 0.284686 0.458562 0.236805 
0.000940051 0.00368133 0.871512 0.123867 
0.000176869 0.0111574 0.735919 0.252747 
0.00318395 0.119454 0.769389 0.107973 
0.00333623 0.0011849 0.96836 0.0271185 
0.0108796 0.0103645 0.976705 0.00205066 
3.65392e-06 0.096439 0.722296 0.181261 
0.000100403 0.0147973 0.899035 0.0860674 
1.16154e-06 0.257427 0.421699 0.320873 
0.00102595 0.00235668 0.957865 0.0387525 
0.0022709 0.0703324 0.62377 0.303626 
0.00288475 0.189652 0.572871 0.234592 
0.00246684 0.00159797 0.943213 0.0527224 
0.00590641 0.00699085 0.835194 0.151908 
7.03669e-05 0.0755193 0.760412 0.163998 
0.027636 0.088855 0.584922 0.298587 
0.00404935 0.04574 0.914914 0.0352964 
9.70633e-06 0.0158587 0.86234 0.121792 
0.00083943 0.0187082 0.814063 0.16639 
4.54465e-07 0.0609165 0.686729 0.252354 
0.00114525 0.0716434 0.775559 0.151652 
7.13446e-05 0.034729 0.538031 0.427168 
1.81291e-05 0.406587 0.433638 0.159757 
2.03576e-11 0.12444 0.874527 0.00103339 
3.6845e-05 0.00761177 0.914765 0.0775865 
0.0116305 0.0277119 0.816975 0.143683 
0.0108796 0.0103645 0.976705 0.00205066 
0.00125283 0.00150735 0.949877 0.0473625 
0.000109118 0.103895 0.694349 0.201647 
0.00125283 0.00150735 0.949877 0.0473625 
0.00125283 0.00150735 0.949877 0.0473625 
0.0260129 0.26694 0.363324 0.343723 
1.63208e-05 0.285257 0.660181 0.0545455 
0.000556557 0.356817 0.436968 0.205658 
0.000877424 0.0128155 0.906021 0.0802856 
8.64063e-05 0.416364 0.529911 0.0536387 
2.64236e-05 0.0316219 0.773541 0.194811 
0.0264077 0.10354 0.633642 0.23641 
0.00982438 0.229291 0.554295 0.20659 
0.00214686 0.103057 0.479777 0.41502 
2.96951e-05 0.00484692 0.865606 0.129517 
2.39286e-05 0.104515 0.7958 0.0996615 
5.28019e-05 0.00810294 0.91152 0.0803245 
0.0108796 0.0103645 0.976705 0.00205066 
0.0108796 0.0103645 0.976705 0.00205066 
2.99516e-07 0.0475669 0.693796 0.258637 
0.00240968 0.20257 0.499684 0.295336 
0.0624156 0.117758 0.686072 0.133755 
0.00211897 0.00279938 0.970148 0.0249338 
0.000179242 0.048435 0.747821 0.203564 
0.00202693 0.0103062 0.939887 0.0477798 
0.00125283 0.00150735 0.949877 0.0473625 
0.00213324 0.0204671 0.917144 0.0602556 
9.44443e-05 0.0856783 0.475927 0.4383 
0.00154042 0.00180135 0.937541 0.0591171 
1.52855e-05 0.00634729 0.894971 0.0986662 
0.00300068 0.0452941 0.914006 0.0376995 
0.00257522 0.054009 0.793852 0.149564 
0.00129015 0.25082 0.512216 0.235675 
0.00125283 0.00150735 0.949877 0.0473625 
1.42634e-09 0.00624308 0.947771 0.0459861 
0.000105336 0.148023 0.548592 0.30328 
0.000279705 0.00277025 0.972505 0.0244449 
1.86002e-06 0.430622 0.443125 0.126251 
0.0545445 0.246761 0.352014 0.34668 
0.0100834 0.0119048 0.975923 0.00208908 
0.0108796 0.0103645 0.976705 0.00205066 
1.56535e-05 0.0369524 0.526159 0.436873 
0.000393826 0.0205104 0.836613 0.142482 
1.37879e-08 0.103465 0.847736 0.0487998 
0.00194734 0.248008 0.58651 0.163535 
1.38124e-06 0.00647228 0.924132 0.0693939 
0.00233378 0.0870331 0.641268 0.269365 
0.0045639 0.327568 0.426962 0.240906 
1.17192e-06 0.0144061 0.662404 0.323189 
0.00111753 0.0222888 0.648297 0.328297 
3.03485e-05 0.0294051 0.803362 0.167203 
2.8971e-08 0.00167361 0.920111 0.078215 
0.00244605 0.0042685 0.892695 0.100591 
2.48871e-05 0.105655 0.614549 0.279771 
0.000509671 0.184381 0.532495 0.282614 
0.0182537 0.00939095 0.768641 0.203715 
5.52046e-05 0.017648 0.9727 0.00959637 
0.00225288 0.0106247 0.869977 0.117145 
0.0444454 0.00135701 0.88962 0.0645775 
0.0118902 0.0109971 0.852196 0.124917 
0.00304449 0.0928743 0.68959 0.214491 
5.626e-05 0.00838774 0.913627 0.0779287 
0.0108796 0.0103645 0.976705 0.00205066 
0.00422541 0.236003 0.524843 0.234928 
0.00105893 0.141471 0.468781 0.388689 
3.16217e-05 0.00136174 0.847866 0.150741 
1.08487e-06 0.253211 0.585366 0.161421 
0.000340012 0.0348924 0.836159 0.128608 
0.00518509 0.0619306 0.748765 0.184119 
0.0100834 0.0119048 0.975923 0.00208908 
3.71288e-05 0.0445378 0.786549 0.168877 
0.010147 0.297386 0.391726 0.300741 
0.00192073 0.01938 0.892329 0.0863706 
8.10826e-05 0.0112462 0.938307 0.0503655 
0.0108796 0.0103645 0.976705 0.00205066 
0.020178 0.300922 0.468011 0.210889 
1.29312e-05 0.146816 0.681183 0.171988 
0.000158406 0.0694623 0.780984 0.149396 
2.5525e-06 0.296831 0.651337 0.0518294 
0.0100834 0.0119048 0.975923 0.00208908 
2.53742e-05 0.0588319 0.858496 0.0826468 
0.000182568 0.0221539 0.946111 0.0315521 
1.75742e-05 0.107877 0.72577 0.166335 
0.00706947 0.00834442 0.828516 0.15607 
0.000740159 0.384932 0.391683 0.222645 
0.00706947 0.00834442 0.828516 0.15607 
3.94832e-06 0.00508756 0.870048 0.12486 
0.0100834 0.0119048 0.975923 0.00208908 
0.000384969 0.23032 0.424262 0.345033 
0.00748159 0.0085441 0.84297 0.141004 
0.0289784 0.333023 0.370178 0.26782 
0.0108796 0.0103645 0.976705 0.00205066 
0.00213283 0.070458 0.853295 0.0741138 
1.11613e-06 0.00809414 0.950418 0.0414865 
9.70329e-05 0.0144455 0.863395 0.122062 
0.00125283 0.00150735 0.949877 0.0473625 
6.05361e-05 0.0914704 0.806748 0.101721 
5.58743e-08 0.073205 0.848307 0.0784877 
0.0112406 0.0381811 0.785687 0.164891 
4.71251e-07 0.326782 0.487755 0.185463 
0.000138176 0.096685 0.829199 0.0739783 
0.00322453 0.256647 0.380493 0.359636 
5.6121e-12 0.0223338 0.855872 0.121795 
0.0100834 0.0119048 0.975923 0.00208908 
0.00231912 0.00114575 0.993044 0.00349101 
0.0372855 0.0705493 0.570114 0.322051 
0.00213283 0.070458 0.853295 0.0741138 
0.000755336 0.167171 0.616481 0.215593 
0.000232677 0.0384004 0.505466 0.455901 
0.000781735 0.365045 0.371745 0.262428 
4.04698e-09 0.0397153 0.92142 0.0388647 
0.00444677 0.0535035 0.736603 0.205447 
0.00369421 0.0305369 0.881015 0.0847541 
0.0118902 0.0109971 0.852196 0.124917 
5.79402e-06 0.0200259 0.527232 0.452736 
0.00012368 0.214353 0.49947 0.286053 
0.0108796 0.0103645 0.976705 0.00205066 
0.0100834 0.0119048 0.975923 0.00208908 
0.0199885 0.0621711 0.499577 0.418263 
0.000296152 0.0645724 0.763053 0.172079 
0.00404935 0.04574 0.914914 0.0352964 
0.00211213 0.0940449 0.567518 0.336325 
0.00180074 0.0010146 0.987395 0.00978943 
5.36435e-05 0.000814074 0.986012 0.0131199 
0.00150466 0.036957 0.894731 0.0668075 
0.0100834 0.0119048 0.975923 0.00208908 
5.68075e-06 0.149863 0.461752 0.388379 
0.0108796 0.0103645 0.976705 0.00205066 
5.77868e-06 0.153361 0.720427 0.126206 
9.40112e-05 0.00738334 0.910644 0.0818791 
0.0691824 0.140355 0.562476 0.227987 
0.000280825 0.0106278 0.755499 0.233593 
0.00125283 0.00150735 0.949877 0.0473625 
0.0108796 0.0103645 0.976705 0.00205066 
4.44218e-05 0.0892354 0.850781 0.0599394 
0.000241026 0.291364 0.517283 0.191112 
0.00237828 0.0596977 0.673778 0.264146 
5.626e-05 0.00838774 0.913627 0.0779287 
0.00872335 0.00098555 0.977054 0.0132372 
8.10826e-05 0.0112462 0.938307 0.0503655 
0.000279704 0.00312098 0.776113 0.220487 
1.03001e-05 0.303885 0.55131 0.144794 
0.0112826 0.308522 0.515962 0.164234 
0.0110793 0.0101527 0.747338 0.23143 
0.0100834 0.0119048 0.975923 0.00208908 
0.0189832 0.240711 0.442713 0.297592 
0.0100834 0.0119048 0.975923 0.00208908 
3.6845e-05 0.00761177 0.914765 0.0775865 
7.9806e-05 0.182807 0.784807 0.0323065 
0.0333901 0.0195694 0.834955 0.112085 
0.0100834 0.0119048 0.975923 0.00208908 
0.000141051 0.0992991 0.596174 0.304386 
