5.05391e-05 0.0648156 0.0700942 0.86504 
2.64923e-05 0.0290897 0.0232145 0.947669 
0.0048796 0.128257 0.115838 0.751026 
0.244664 0.0224651 0.0250971 0.707774 
0.00397498 0.218721 0.114107 0.663197 
0.0111399 0.000693459 0.0129642 0.975202 
0.00933606 0.0145379 0.0475193 0.928607 
0.044974 0.0784949 0.0607761 0.815755 
0.00029794 0.0129258 0.247918 0.738858 
0.000101634 0.114698 0.0733502 0.81185 
2.5765e-08 0.00171258 0.00192257 0.996365 
0.0333557 0.0652685 0.0427222 0.858654 
3.18121e-05 0.0577082 0.084875 0.857385 
0.0651793 0.165161 0.121847 0.647813 
0.000344298 0.000344336 0.447996 0.551315 
0.000247155 0.384347 0.169977 0.445428 
0.000518636 0.0733963 0.147738 0.778347 
0.000633877 0.0384414 0.0418819 0.919043 
0.10812 0.00334622 0.0537938 0.83474 
0.000480344 0.306027 0.204678 0.488815 
0.000379616 0.24145 0.322205 0.435965 
0.0002698 0.2291 0.270297 0.500333 
0.000342778 0.405475 0.159939 0.434243 
0.10812 0.00334622 0.0537938 0.83474 
0.00179958 0.0673308 0.156112 0.774757 
4.17071e-05 0.0402654 0.059195 0.900498 
0.000650276 0.0761871 0.000890504 0.922272 
3.05511e-05 0.0375399 0.0308588 0.931571 
5.21727e-05 0.0197318 0.0525282 0.927688 
5.14975e-09 0.0296121 0.132299 0.838088 
7.72072e-05 0.0159382 0.0806629 0.903322 
0.00070136 0.0570423 0.00317303 0.939083 
0.000212276 0.0366577 0.04038 0.92275 
0.000576543 0.0801168 0.233591 0.685715 
0.00128329 0.0224577 0.0680812 0.908178 
0.0117677 0.00352613 1.7897e-05 0.984688 
0.000192354 0.0763467 0.0732657 0.850195 
0.000288992 0.0819683 0.0596225 0.85812 
0.00231962 0.0633747 0.066663 0.867643 
3.78315e-05 0.088663 0.0404972 0.870802 
0.00519071 0.0164183 0.255854 0.722537 
0.00855704 0.00562902 0.0110341 0.97478 
0.0104603 0.0100266 0.0186966 0.960816 
0.000920452 0.105436 0.0218498 0.871794 
0.00694144 0.0227205 0.147 0.823339 
0.0191834 0.0543744 0.0475556 0.878887 
0.0259995 0.0172235 0.169593 0.787184 
0.000119518 0.0361868 0.0824427 0.881251 
0.000183397 0.0716391 0.41207 0.516108 
0.0223724 0.0288659 0.00739066 0.941371 
8.74967e-06 0.0545541 0.0868825 0.858555 
0.00192776 0.131453 0.422032 0.444588 
0.0647658 0.0726855 0.0234089 0.83914 
0.0169505 0.433068 0.0687838 0.481198 
0.000150032 0.0156249 0.0880433 0.896182 
0.406694 0.0111224 0.0164016 0.565782 
8.90673e-06 0.0029176 0.0122866 0.984787 
0.0248196 0.0829236 0.0971078 0.795149 
1.9347e-06 0.0151723 0.0694927 0.915333 
0.00167609 0.0802632 0.0013885 0.916672 
4.26467e-05 0.00344512 0.0649682 0.931544 
0.00055996 0.00379503 0.00788803 0.987757 
0.00380297 0.0552587 0.0702594 0.870679 
0.00082405 0.305097 0.13608 0.558 
2.70894e-05 0.00264978 0.0441791 0.953144 
0.000198702 0.0549099 0.0134694 0.931422 
7.75708e-06 0.00285632 0.00696078 0.990175 
1.00524e-11 1.53497e-06 4.72112e-06 0.999994 
0.00158749 0.226533 0.363678 0.408201 
0.000142664 0.0197405 0.00296472 0.977152 
0.000120242 0.0271271 0.128521 0.844232 
1.951e-07 0.0272536 0.108206 0.86454 
0.0406739 0.0469388 0.0474703 0.864917 
0.0111399 0.000693459 0.0129642 0.975202 
0.117604 0.131331 0.0965476 0.654518 
0.000784102 0.204189 0.0625957 0.732431 
0.0125595 0.460876 0.0653879 0.461176 
0.0142914 0.232395 0.0693442 0.68397 
0.00517177 0.0491766 0.0520499 0.893602 
0.0017158 0.204094 0.021225 0.772966 
0.0204638 0.128703 0.0861017 0.764732 
0.0617228 0.334537 0.0281123 0.575627 
0.010277 0.13551 0.0915646 0.762649 
0.011923 0.299248 0.106102 0.582727 
9.74091e-05 0.347911 0.105299 0.546692 
0.00564582 0.311479 0.106129 0.576746 
5.9944e-05 0.0274711 0.147613 0.824856 
0.000469664 0.0769027 0.0615643 0.861063 
0.399471 0.0841703 0.00393181 0.512427 
3.22277e-05 0.0113444 0.0888515 0.899772 
0.0380225 0.106509 0.164728 0.690741 
3.05701e-05 0.0202483 0.126786 0.852935 
0.00424488 0.0487344 0.0815399 0.865481 
0.0151543 0.270634 0.21241 0.501802 
0.000414867 0.103779 0.0965438 0.799263 
3.22277e-05 0.0113444 0.0888515 0.899772 
0.000271542 0.0952003 0.0676375 0.836891 
0.136196 0.324357 0.102111 0.437336 
0.0063158 0.0593996 0.0765861 0.857699 
0.000573659 0.200174 0.00863183 0.79062 
0.00211091 1.11055e-06 0.00444343 0.993445 
7.0398e-05 0.0103011 0.0479782 0.94165 
0.000601409 0.0279431 0.027501 0.943955 
0.00146375 0.164315 0.0647347 0.769487 
5.59464e-05 0.023456 0.0470919 0.929396 
0.001077 0.208372 0.141235 0.649316 
0.00406382 0.132018 0.0865915 0.777327 
5.60354e-05 0.183843 0.0137625 0.802338 
0.0170991 0.0926602 0.0251245 0.865116 
1.95938e-05 0.00798887 0.0790796 0.912912 
7.89247e-06 0.304245 0.0226299 0.673117 
3.22277e-05 0.0113444 0.0888515 0.899772 
0.00110248 0.126173 0.0632662 0.809458 
0.00166179 0.0526734 0.0794338 0.866231 
0.072602 0.012483 0.0291166 0.885798 
0.176919 0.343323 0.0547546 0.425004 
7.17565e-05 0.0257147 0.0595189 0.914695 
0.00948644 0.29021 0.0899047 0.610399 
0.000135871 0.0438359 0.160514 0.795515 
0.000154234 0.144361 0.157194 0.698291 
5.93168e-05 0.139741 0.00238837 0.857811 
0.00501697 0.351597 0.0496498 0.593736 
0.00118577 0.200931 0.0411547 0.756728 
0.0410012 0.355822 0.00622502 0.596952 
0.000122752 0.185711 0.20146 0.612706 
0.0223568 0.216461 0.244583 0.516599 
0.00012667 0.302138 0.328761 0.368974 
2.26264e-06 0.207581 2.15607e-05 0.792395 
0.000244129 0.168388 0.0201167 0.811251 
0.000654808 0.102534 0.292383 0.604429 
9.28421e-05 0.0448621 0.0205506 0.934494 
0.00780968 0.0209944 0.0868409 0.884355 
8.7827e-05 0.0578192 0.18673 0.755363 
0.00244973 0.0956768 0.00800114 0.893872 
0.00474385 0.088133 0.0180545 0.889069 
9.42415e-05 0.0679633 0.0458351 0.886107 
0.0150226 0.323299 0.283661 0.378017 
0.00538547 0.113556 0.0803791 0.800679 
0.000513841 0.00456727 0.028449 0.96647 
4.91347e-10 0.0031569 0.0397762 0.957067 
0.000165537 0.135833 0.0413385 0.822663 
0.00990555 0.0255343 0.195852 0.768709 
3.99203e-05 0.007637 0.0659913 0.926332 
0.00140365 0.0902525 0.173204 0.73514 
2.81287e-05 0.28175 0.161257 0.556965 
3.22947e-05 0.052239 0.0600406 0.887688 
0.00130856 0.433403 0.0895736 0.475715 
0.0041839 0.36571 0.0924856 0.53762 
1.56506e-05 0.128754 0.268363 0.602868 
0.0733008 0.401494 0.000902392 0.524303 
0.00118578 0.176248 0.129647 0.692919 
0.000813428 0.0218834 0.0660411 0.911262 
0.000276888 0.046395 0.0244518 0.928876 
0.00332512 0.308622 0.101472 0.586581 
0.0114223 0.0196323 0.151571 0.817374 
0.0274316 0.0712915 0.00482361 0.896453 
7.36675e-05 0.0982584 0.0167916 0.884876 
0.0111401 0.0899232 0.0206623 0.878274 
0.058842 0.20573 0.0938918 0.641537 
8.98919e-05 0.135305 0.304016 0.56059 
0.000282638 0.358406 0.104429 0.536883 
0.00661592 0.136584 0.0595119 0.797288 
0.0241737 0.0847986 0.0461686 0.844859 
0.000147967 0.3052 0.15374 0.540911 
0.000838854 0.0241346 0.0967588 0.878268 
0.0100002 0.0871029 0.166402 0.736495 
6.38973e-05 0.00830452 0.0162105 0.975421 
0.000471367 0.155858 0.0280555 0.815615 
4.47917e-05 0.00456662 0.0437867 0.951602 
0.000316499 0.232576 0.0814699 0.685638 
0.0457798 0.0539923 0.0308332 0.869395 
0.000458066 0.123236 0.059658 0.816648 
1.44785e-08 0.220215 0.0350775 0.744707 
0.00380639 0.0452998 0.0218544 0.929039 
0.0952733 0.304371 0.171817 0.428539 
0.0133603 0.0987557 0.0798752 0.808009 
0.072705 0.0311398 0.0699848 0.82617 
0.00340082 0.327999 0.103686 0.564914 
0.153531 0.380502 0.0481281 0.417839 
0.000749486 0.062057 0.0816344 0.855559 
9.02374e-07 0.0714769 0.0190437 0.909478 
0.0111399 0.000693459 0.0129642 0.975202 
0.00362795 0.0205471 0.0881076 0.887717 
0.00116965 0.195869 0.0588796 0.744081 
0.0147232 0.297232 0.0298406 0.658205 
1.63907e-11 0.00595443 0.319903 0.674143 
0.00470568 0.0432564 0.0784077 0.87363 
0.222089 0.163401 0.0113434 0.603167 
4.90874e-09 0.107912 0.0706344 0.821454 
3.8262e-05 0.031619 0.076164 0.892179 
0.0284879 0.0613052 0.0381672 0.87204 
0.0917505 0.112309 0.00582604 0.790114 
3.22277e-05 0.0113444 0.0888515 0.899772 
0.00629805 0.0692201 0.0233682 0.901114 
0.0113173 0.00739405 0.103278 0.878011 
0.0410592 0.0167344 0.0161579 0.926048 
0.00909173 0.186728 0.123579 0.680601 
1.90073e-05 0.0315851 0.102424 0.865972 
0.000922758 0.0264816 0.0757962 0.8968 
5.07734e-07 0.0434673 0.00385983 0.952672 
6.03909e-06 0.0349185 0.0667295 0.898346 
0.00278191 0.090598 0.244648 0.661972 
0.0201825 0.0456214 0.0681485 0.866048 
8.1021e-05 0.0114297 0.0470161 0.941473 
0.0106946 0.155296 0.102037 0.731972 
5.04244e-06 0.000575113 0.0937626 0.905657 
1.98066e-05 0.145321 0.062722 0.791937 
0.00013656 0.404309 0.0266081 0.568946 
1.75438e-07 0.103091 0.0538466 0.843062 
0.0391763 0.0979514 0.0880912 0.774781 
0.000288406 0.43314 0.123768 0.442803 
2.9218e-06 0.238585 0.200912 0.5605 
0.00083829 0.159472 0.0576035 0.782086 
0.0624001 0.147801 0.0806372 0.709161 
0.00917229 0.0936711 0.061532 0.835625 
0.00317688 0.0613354 0.0426109 0.892877 
1.33602e-09 0.00148512 0.0684967 0.930018 
0.011063 0.125929 0.117223 0.745784 
0.00115632 0.331101 0.0817941 0.585948 
3.95892e-06 0.0429043 7.17196e-05 0.95702 
0.00245786 0.313018 0.169085 0.51544 
5.21388e-05 0.0110948 0.0252663 0.963587 
0.00132349 0.0342361 0.0940739 0.870367 
0.0140549 0.157968 0.181216 0.64676 
0.00123813 0.136385 0.062431 0.799946 
4.81371e-05 0.00263727 0.138799 0.858515 
0.00998924 0.169734 0.0677512 0.752525 
0.00751757 0.0847295 0.143016 0.764737 
0.0106917 0.0863667 0.303241 0.5997 
5.33788e-05 0.00299899 0.0160737 0.980874 
0.00116741 0.0150159 0.10231 0.881507 
0.00220752 0.00904491 0.0551699 0.933578 
0.0376015 0.248763 0.13775 0.575886 
0.00916214 0.0527377 0.0137135 0.924387 
0.0999271 0.338667 0.00332079 0.558085 
0.00126146 0.0250954 0.0232654 0.950378 
0.000487974 0.0936278 0.290015 0.615869 
0.0331198 0.359878 0.147546 0.459456 
7.35253e-05 0.172459 0.134524 0.692943 
0.104743 0.112325 0.0221624 0.760769 
0.0212402 0.151714 0.0489158 0.778131 
3.22277e-05 0.0113444 0.0888515 0.899772 
4.20672e-06 0.0326926 0.00903609 0.958267 
0.000465466 0.0269118 0.0274989 0.945124 
0.0010487 0.256747 0.169613 0.572591 
0.00199359 0.108344 0.0184973 0.871165 
0.0110707 0.223345 0.250957 0.514627 
0.000548171 0.318083 0.098904 0.582465 
0.000460758 0.189986 0.162268 0.647285 
0.00140393 0.120094 0.0443217 0.83418 
8.76508e-05 0.0727884 0.31023 0.616894 
0.000315799 0.0528078 0.158232 0.788644 
0.00150065 0.433226 0.0484135 0.51686 
4.92414e-09 0.00362063 0.00257641 0.993803 
0.0130899 0.0731127 0.059071 0.854726 
0.00553109 0.148665 0.0296454 0.816159 
0.00211711 0.168898 0.0385698 0.790415 
0.000512244 0.188913 0.00626863 0.804306 
0.0110916 0.0003697 0.000662106 0.987877 
0.000298161 0.178277 0.350281 0.471144 
3.10371e-05 0.0227788 0.028224 0.948966 
0.141097 0.0506266 0.0751229 0.733154 
0.000755554 0.0566319 0.032115 0.910498 
0.0136444 0.0386535 0.0773092 0.870393 
0.00229418 0.367718 0.0209743 0.609014 
3.22277e-05 0.0113444 0.0888515 0.899772 
0.000401816 0.0994103 0.0266381 0.87355 
3.47767e-05 0.0588964 0.0334231 0.907646 
0.0123689 0.310762 0.093711 0.583158 
0.000342369 0.0475331 0.185186 0.766938 
0.00101154 0.476923 0.0229225 0.499143 
0.224923 0.228496 0.0275751 0.519006 
0.00413644 0.0682625 0.119432 0.808169 
0.000311054 0.124148 0.00764914 0.867892 
0.00463526 0.0396304 0.0212768 0.934458 
0.0013589 0.336228 0.0357684 0.626645 
0.0799263 0.0315319 0.028694 0.859848 
0.00593728 0.112566 0.0240415 0.857455 
0.000828696 0.185962 0.0271738 0.786035 
0.000343561 0.305402 0.0879026 0.606352 
0.00385703 0.121787 0.119497 0.754859 
0.000130867 0.334729 0.0134038 0.651736 
0.00304204 0.0439223 0.0479151 0.905121 
0.000565499 0.108782 0.0385068 0.852146 
1.37911e-05 0.0360409 0.0600507 0.903895 
0.000612167 0.0206714 0.054887 0.923829 
0.0264356 0.183239 0.183815 0.606511 
0.0204638 0.128703 0.0861017 0.764732 
0.00636506 0.113822 0.130371 0.749442 
0.006249 0.0589803 0.0566653 0.878105 
0.0684585 0.0284032 0.014703 0.888435 
0.000565722 0.0620012 0.0937183 0.843715 
0.0630229 0.394722 0.0217071 0.520548 
0.0584701 0.0635061 0.0157111 0.862313 
0.00128985 0.0415285 0.00730705 0.949875 
0.00859383 0.118036 0.0519825 0.821387 
7.3751e-05 0.0307602 0.0578085 0.911358 
0.000244129 0.168388 0.0201167 0.811251 
0.00199296 0.100596 0.116679 0.780732 
0.000355054 0.258631 0.101646 0.639368 
4.85175e-07 0.0527654 0.000567277 0.946667 
0.000338509 0.0373625 0.115846 0.846453 
0.0234436 0.0263676 0.130124 0.820065 
0.0507572 0.44856 0.0248097 0.475873 
0.206194 0.234106 0.0233164 0.536384 
0.0178594 0.299892 0.033784 0.648464 
3.96417e-05 0.00521661 0.0075677 0.987176 
0.00270792 0.0084608 0.0868863 0.901945 
0.0111399 0.000693459 0.0129642 0.975202 
6.17324e-06 0.116396 0.355232 0.528366 
0.00843536 0.00462139 0.0258456 0.961098 
5.701e-06 0.00698921 0.000466012 0.992539 
0.000145487 0.0063245 0.0103238 0.983206 
0.16594 0.0117176 0.00870917 0.813633 
0.000548171 0.318083 0.098904 0.582465 
0.00425328 0.276135 0.0683534 0.651258 
0.0155794 0.0271254 0.00388929 0.953406 
0.000344368 0.0749412 0.0218359 0.902878 
0.000145606 0.0978498 0.183289 0.718716 
0.0504449 0.0230032 0.0125319 0.91402 
0.0174655 0.0802634 0.0486228 0.853648 
0.000531151 0.0375311 0.0251317 0.936806 
0.0111399 0.000693459 0.0129642 0.975202 
2.5029e-06 0.207114 1.01548e-06 0.792883 
8.41779e-05 0.0435331 0.160884 0.795499 
5.93724e-07 0.00112113 0.027788 0.97109 
0.0513533 0.0127418 0.0031139 0.932791 
0.00366748 0.113605 0.0781935 0.804534 
0.000315432 0.0293132 0.0328442 0.937527 
0.0637746 0.0240654 0.0605412 0.851619 
7.89588e-06 0.16137 0.00024067 0.838382 
0.0664589 0.14301 0.112742 0.677789 
1.48518e-07 0.00295756 2.45141e-06 0.99704 
0.000222761 0.13318 0.0550977 0.8115 
0.00607168 0.403483 0.18618 0.404265 
0.000543112 0.108522 0.0248658 0.866069 
0.000705565 0.0690888 0.0946111 0.835595 
0.19075 0.0178134 0.00942193 0.782014 
0.00893848 0.0384298 0.0358468 0.916785 
0.000200253 0.251434 0.0520178 0.696348 
0.00153952 0.0554772 0.0798641 0.863119 
4.8056e-05 0.0224031 0.018067 0.959482 
6.98909e-05 0.0810122 0.0440804 0.874837 
0.000101696 0.0500187 0.0646483 0.885231 
9.11686e-05 0.0460434 0.0901886 0.863677 
0.000276888 0.046395 0.0244518 0.928876 
2.20646e-09 0.00187493 0.0129109 0.985214 
0.000175145 0.0368484 0.109154 0.853822 
7.24251e-05 0.286262 0.143203 0.570463 
0.072602 0.012483 0.0291166 0.885798 
0.00821025 0.067031 0.0513281 0.873431 
0.00652276 0.0829152 0.03852 0.872042 
0.0415218 0.0169723 0.0145252 0.926981 
0.00671774 0.212684 0.243024 0.537574 
3.22277e-05 0.0113444 0.0888515 0.899772 
0.0356145 0.1026 0.0246155 0.83717 
0.00194298 0.396183 0.090942 0.510931 
5.33788e-05 0.00299899 0.0160737 0.980874 
0.00193863 0.0129832 0.0408648 0.944213 
4.60552e-06 0.0929943 0.10494 0.802061 
0.000139418 0.0711124 0.0642254 0.864523 
0.000268968 0.0486356 0.110127 0.840969 
4.81371e-05 0.00263727 0.138799 0.858515 
0.0111399 0.000693459 0.0129642 0.975202 
0.000124987 0.0422555 0.0737519 0.883868 
0.000131207 0.00537094 0.000321241 0.994177 
0.0342831 0.339893 0.059392 0.566432 
0.00855704 0.00562902 0.0110341 0.97478 
0.00851433 0.0421417 0.033482 0.915862 
0.000802308 0.252232 0.233738 0.513228 
0.000378393 0.136963 0.0124992 0.85016 
0.0551995 0.166067 0.00931309 0.769421 
0.00614573 0.0264955 0.050439 0.91692 
0.000680427 0.252496 0.0308096 0.716014 
0.00065533 0.221637 0.0124564 0.765251 
0.0251898 0.15405 0.203517 0.617242 
0.00063975 0.00615904 0.0467103 0.946491 
7.75117e-05 0.0703736 0.0556247 0.873924 
0.00123955 0.360372 0.0584689 0.579919 
0.000309911 0.241599 0.245384 0.512707 
0.000112756 0.347355 0.047528 0.605005 
0.0284329 0.005451 0.0106803 0.955436 
0.0125762 0.0144627 0.123312 0.849649 
0.0314896 0.0802511 0.0428924 0.845367 
7.22256e-05 0.0823657 0.0735961 0.843966 
4.8092e-05 0.115869 0.0314368 0.852646 
0.000181952 0.0368955 0.0212854 0.941637 
3.22277e-05 0.0113444 0.0888515 0.899772 
0.000108132 0.369602 0.147251 0.483038 
0.00347392 0.365761 0.124821 0.505944 
0.00052973 0.0232467 0.0536304 0.922593 
5.47998e-05 0.00796117 0.0102204 0.981764 
0.00362004 0.1144 0.0852851 0.796695 
2.61881e-05 0.0964016 0.0827192 0.820853 
0.00012457 0.0210418 0.0903742 0.888459 
0.0704166 0.358059 0.0154291 0.556095 
3.22277e-05 0.0113444 0.0888515 0.899772 
0.0128535 0.00855348 0.128742 0.849851 
0.00833347 0.121865 0.0525377 0.817264 
0.00611978 0.394512 0.033702 0.565666 
0.015516 0.455667 0.0118471 0.51697 
0.00043967 0.165392 0.0473823 0.786786 
0.00645267 0.091123 0.077527 0.824897 
0.0250275 0.170077 0.111535 0.693361 
0.00024689 0.037866 0.0215672 0.94032 
0.0276765 0.143982 0.0195867 0.808754 
2.2977e-05 0.0341648 0.167552 0.79826 
1.56404e-07 0.0109703 0.00544689 0.983583 
8.61922e-05 0.0389774 0.18381 0.777126 
0.00348571 0.0209991 0.11102 0.864495 
0.00855704 0.00562902 0.0110341 0.97478 
1.82043e-05 0.0513494 0.0678212 0.880811 
0.00127354 0.107201 0.415886 0.475639 
0.00415714 0.0727762 0.25308 0.669986 
0.000645357 0.0584706 0.0326091 0.908275 
3.22277e-05 0.0113444 0.0888515 0.899772 
0.00077865 0.382924 0.120162 0.496134 
0.0145093 0.0952501 0.0492928 0.840948 
0.000257551 0.040501 0.256422 0.70282 
6.42704e-05 0.0217324 0.486704 0.4915 
0.00578084 0.360567 0.0389557 0.594696 
0.108884 0.0497313 0.0356507 0.805734 
0.10812 0.00334622 0.0537938 0.83474 
0.00586971 0.0395136 0.0427545 0.911862 
0.00190397 0.0195602 0.0130396 0.965496 
0.000409721 0.091328 0.124591 0.783671 
3.12333e-05 0.0332733 0.124603 0.842092 
0.0117261 0.162328 0.00364205 0.822304 
5.43977e-05 0.0118663 0.0610532 0.927026 
0.157732 0.276015 0.0448116 0.521441 
0.000124166 0.0608204 0.034891 0.904164 
0.000447505 0.091236 0.0715877 0.836729 
0.000124289 0.14459 0.0926012 0.762685 
2.08878e-06 0.0288466 0.00240847 0.968743 
0.00082405 0.305097 0.13608 0.558 
0.0310297 0.0239311 0.0868549 0.858184 
0.000124045 0.154115 0.0527584 0.793003 
0.000106145 0.0524972 0.0164118 0.930985 
8.1223e-05 0.00121038 0.0343891 0.964319 
0.0019473 0.13267 0.163597 0.701786 
0.000221586 0.288452 0.0074863 0.703841 
0.00190397 0.0195602 0.0130396 0.965496 
0.00698042 0.0860092 0.0734484 0.833562 
0.000157703 0.00146709 0.0544204 0.943955 
0.000310902 0.0506985 0.0282836 0.920707 
0.0001917 0.0402847 0.0598661 0.899657 
0.000114919 0.245367 0.00847171 0.746047 
0.1855 0.052673 0.0566535 0.705174 
0.0366023 0.0271649 0.0900007 0.846232 
0.00289662 0.0393719 0.0543479 0.903384 
0.00143 0.149877 0.0898997 0.758793 
3.22277e-05 0.0113444 0.0888515 0.899772 
0.00523533 0.0879457 0.055533 0.851286 
5.65839e-05 0.139419 0.187135 0.673389 
3.22277e-05 0.0113444 0.0888515 0.899772 
7.53817e-05 0.0725118 0.03591 0.891503 
3.22277e-05 0.0113444 0.0888515 0.899772 
0.128071 0.0429606 0.0156906 0.813278 
8.83211e-06 0.00449498 0.0421667 0.95333 
6.1256e-05 0.281213 0.169605 0.549121 
0.000837535 0.0944797 0.336554 0.568129 
0.0389059 0.396988 0.00118355 0.562922 
0.0462063 0.0892285 0.0710966 0.793469 
0.000623888 0.134588 0.0494972 0.815291 
0.00139426 0.217088 0.174779 0.606738 
0.00391396 0.0114779 0.0511647 0.933444 
0.0442661 0.156693 0.0890777 0.709963 
1.4311e-05 0.0235062 0.0190099 0.95747 
0.072602 0.012483 0.0291166 0.885798 
0.00568941 0.0447662 0.0226348 0.92691 
4.92414e-09 0.00362063 0.00257641 0.993803 
0.0410012 0.355822 0.00622502 0.596952 
0.00814478 0.00900556 0.10395 0.8789 
2.54217e-05 0.0262624 0.0266816 0.947031 
1.9131e-06 0.00999332 0.0293077 0.960697 
0.0172039 0.289844 0.0416029 0.651349 
4.2358e-05 0.00594546 0.00499777 0.989014 
0.000130942 0.079148 0.0166853 0.904036 
0.00067355 0.144579 0.06985 0.784897 
0.0111399 0.000693459 0.0129642 0.975202 
0.000855483 0.432586 0.0632322 0.503326 
3.22277e-05 0.0113444 0.0888515 0.899772 
0.00027426 0.31379 0.099583 0.586353 
0.000907112 0.114009 0.239478 0.645606 
7.32087e-05 0.131722 0.0362911 0.831914 
0.000390057 0.0508632 0.128434 0.820313 
1.11872e-07 0.0141323 0.183968 0.801899 
0.026803 0.0539878 0.0329128 0.886296 
0.000314282 0.398244 0.0545799 0.546862 
0.00560288 0.074421 0.0612638 0.858712 
3.74582e-05 0.393014 0.0807167 0.526232 
0.00385069 0.0319806 0.116463 0.847706 
0.00623356 0.0173968 0.00266906 0.973701 
0.00309481 0.0110714 0.0397513 0.946082 
0.0023799 0.0351738 0.217924 0.744523 
0.0124519 0.307022 0.130659 0.549867 
0.00414315 0.0916357 0.0461599 0.858061 
9.92506e-05 0.0310808 0.0485781 0.920242 
0.0861902 0.13958 0.0161172 0.758112 
5.22217e-05 0.00275859 0.00177641 0.995413 
0.00018572 0.0418582 0.0167464 0.94121 
0.000680632 0.07359 0.0555801 0.870149 
2.22899e-05 0.0568513 0.00628341 0.936843 
0.0199813 0.112357 0.053819 0.813842 
3.22277e-05 0.0113444 0.0888515 0.899772 
0.0002304 0.222783 0.0365107 0.740476 
0.00375357 0.121132 0.165832 0.709283 
7.63685e-05 0.0399011 0.0949287 0.865094 
4.93041e-05 0.0383292 0.01472 0.946902 
8.13409e-09 0.00610976 0.0142759 0.979614 
0.0609399 0.214376 0.0651296 0.659555 
5.33788e-05 0.00299899 0.0160737 0.980874 
0.000168733 0.0424572 0.0882982 0.869076 
0.0104862 0.0782401 0.0286548 0.882619 
3.39506e-11 0.0146088 1.2296e-08 0.985391 
0.00170328 0.0200896 0.0353903 0.942817 
2.26264e-06 0.207581 2.15607e-05 0.792395 
0.109217 0.0237438 0.0569149 0.810125 
0.000499819 0.291754 0.225172 0.482574 
0.0083909 0.008666 0.11318 0.869763 
1.49516e-05 0.0600339 0.0248066 0.915145 
3.22277e-05 0.0113444 0.0888515 0.899772 
0.0118326 0.0400044 0.0714567 0.876706 
0.00125857 0.428432 0.00986613 0.560443 
0.000144905 0.0663142 0.161499 0.772042 
3.15864e-06 1.43786e-05 0.00223899 0.997743 
0.0675438 0.0792269 0.0358197 0.81741 
0.00544406 0.134721 0.0693012 0.790533 
0.0050748 0.428523 0.0266156 0.539786 
0.0358204 0.0894387 0.0344346 0.840306 
3.92972e-05 0.143572 0.224828 0.631561 
0.182346 0.151243 0.0489519 0.617459 
0.11516 0.418741 0.0228572 0.443242 
1.56251e-05 0.0583027 0.39265 0.549031 
0.0259995 0.0172235 0.169593 0.787184 
2.67355e-05 0.0439717 0.0181889 0.937813 
0.00506705 0.0464367 0.0562688 0.892227 
4.66342e-05 0.0120685 0.037846 0.950039 
0.000648977 0.0810483 0.159256 0.759047 
0.00013339 0.0811368 0.0521022 0.866628 
0.231822 0.0272559 0.0944029 0.646519 
3.22277e-05 0.0113444 0.0888515 0.899772 
0.00451679 0.0128861 0.0436568 0.93894 
2.58859e-07 0.0487339 0.0820145 0.869251 
0.0111399 0.000693459 0.0129642 0.975202 
0.270148 0.0420146 0.0316536 0.656184 
0.0029217 0.126175 0.0445001 0.826403 
0.000568545 0.0114888 0.00994325 0.977999 
5.41837e-05 0.00448774 0.0154791 0.979979 
0.00571773 0.0126688 0.0709562 0.910657 
8.33389e-06 0.00227955 0.0417643 0.955948 
0.0173248 0.177419 0.0855586 0.719698 
0.0558194 0.3845 0.0894802 0.4702 
0.00478683 0.0989532 0.105613 0.790647 
0.00714014 0.0281592 0.0935828 0.871118 
3.18429e-05 0.0555647 0.0135249 0.930879 
0.052767 0.0235367 0.0919822 0.831714 
5.59832e-05 0.00577958 0.032821 0.961343 
0.0032396 0.168435 0.0188935 0.809432 
0.00519708 0.185715 0.0662239 0.742864 
6.13153e-05 0.0416109 3.32429e-05 0.958295 
0.00105813 0.00433656 0.0478194 0.946786 
0.0513953 0.221732 0.0141554 0.712717 
5.33788e-05 0.00299899 0.0160737 0.980874 
0.00390327 0.118225 0.051647 0.826225 
0.00598134 0.085574 0.0896356 0.818809 
0.00399892 0.155541 0.0394415 0.801019 
6.89595e-07 0.0485627 0.0977827 0.853654 
0.00179955 0.00848854 0.0511322 0.93858 
0.00654076 0.267539 0.0363005 0.689619 
0.000103993 0.120701 0.285395 0.5938 
0.0348985 0.174345 0.108549 0.682207 
0.00132836 0.0937317 0.150633 0.754307 
0.00179308 0.00949882 0.147962 0.840746 
0.0392364 0.00403485 4.02443e-06 0.956725 
0.00465373 0.149152 0.393294 0.452899 
0.0199755 0.00502522 0.0410434 0.933956 
0.0198476 0.172455 0.111877 0.69582 
0.000511246 0.112364 0.0327349 0.85439 
0.00503713 0.00204073 0.41769 0.575232 
3.22277e-05 0.0113444 0.0888515 0.899772 
0.000762099 0.150822 0.117567 0.730848 
0.00115905 0.00964409 0.0560484 0.933148 
4.34955e-05 0.0176838 0.10352 0.878753 
9.92506e-05 0.0310808 0.0485781 0.920242 
0.000136003 0.0151218 0.0863829 0.898359 
0.00371374 0.452537 0.0895891 0.45416 
0.000525451 0.342127 0.106046 0.551301 
9.82066e-06 0.141414 0.172638 0.685938 
0.000168037 0.365762 0.050132 0.583938 
0.00212856 0.0449713 0.183771 0.769129 
5.14769e-06 0.0378005 0.017948 0.944246 
0.184082 0.375425 0.0582136 0.38228 
0.00434192 0.00442591 0.0211622 0.97007 
0.0160168 0.054851 0.174977 0.754155 
0.00792402 0.0449883 0.000477245 0.94661 
0.0144282 0.197801 0.0760924 0.711679 
0.000430686 0.0150265 0.0880909 0.896452 
0.000136003 0.0151218 0.0863829 0.898359 
0.000104037 0.00553321 0.0499264 0.944436 
0.0111717 0.120233 0.106103 0.762493 
0.00136712 0.0084687 0.0426412 0.947523 
0.00553109 0.148665 0.0296454 0.816159 
0.00443985 0.317384 0.151771 0.526405 
1.23846e-05 0.0196962 0.0385384 0.941753 
0.153618 0.0785198 0.00945503 0.758407 
0.00272651 0.213637 0.0451152 0.738521 
5.34319e-05 0.363109 0.138755 0.498082 
8.30332e-05 0.161248 0.00129189 0.837377 
4.68553e-05 0.00497014 0.054667 0.940316 
0.0198971 0.0785291 0.162077 0.739497 
2.26264e-06 0.207581 2.15607e-05 0.792395 
0.010025 0.0104601 0.00991972 0.969595 
2.7203e-05 0.0613542 0.267732 0.670887 
6.97988e-09 0.0645548 0.20885 0.726595 
0.000168575 0.00301901 0.317957 0.678856 
0.0511123 0.0424348 0.0870948 0.819358 
0.0259052 0.111443 0.0199613 0.84269 
0.0307402 0.246019 0.170254 0.552988 
0.000916865 0.0729509 0.0810581 0.845074 
0.00105023 0.0752176 0.12956 0.794172 
0.0222318 0.0570458 0.0843865 0.836336 
0.0161567 0.169914 0.0905393 0.72339 
0.0201438 0.384306 0.175039 0.420511 
0.00023424 0.0484073 0.0648958 0.886463 
0.00365994 0.113824 0.129767 0.752749 
0.0006688 0.0998333 0.107452 0.792045 
5.01073e-08 0.376441 0.24254 0.381019 
0.00200606 0.279595 0.104752 0.613647 
0.000615845 0.1123 0.0397052 0.847379 
0.000446356 0.112035 0.0651065 0.822412 
0.000577062 0.151746 0.0105179 0.837159 
0.0046027 0.302938 0.344313 0.348146 
0.0451598 0.194671 0.03444 0.725729 
0.0126192 0.234724 0.128398 0.624259 
0.0282981 0.0534449 0.0453107 0.872946 
0.0179224 0.00876487 0.0041507 0.969162 
4.9583e-05 0.0565679 0.0117306 0.931652 
9.24238e-07 0.432533 0.131267 0.4362 
0.0171435 0.226171 0.14726 0.609425 
0.000161187 0.0564511 0.0195049 0.923883 
0.000278131 0.032426 0.0318551 0.935441 
0.0402218 0.258514 0.00877689 0.692487 
5.03739e-05 0.266136 0.104277 0.629537 
0.0576251 0.0346582 0.157815 0.749902 
0.182798 0.307059 0.0353086 0.474834 
0.000118479 0.00624148 0.0279792 0.965661 
0.0111399 0.000693459 0.0129642 0.975202 
0.00012868 0.0262537 0.0193276 0.95429 
0.00198862 0.00944546 0.123095 0.865471 
0.000257504 0.00449321 0.00219293 0.993056 
0.000528491 0.0312779 0.158571 0.809622 
6.23448e-05 0.00835024 0.0914991 0.900088 
0.000239952 0.0460992 0.00734911 0.946312 
0.00680417 0.271221 0.201619 0.520356 
0.000151537 0.00993795 0.0136632 0.976247 
0.000376056 0.181247 0.0977857 0.720591 
0.0314131 0.0910365 0.076144 0.801406 
0.309795 0.0477102 0.166176 0.476318 
0.00185777 0.0665361 0.0727155 0.858891 
0.000222569 0.132825 0.162337 0.704616 
0.182798 0.307059 0.0353086 0.474834 
9.99014e-05 0.0378824 0.00140427 0.960613 
0.00023204 0.424115 0.0485857 0.527067 
0.000143627 0.00838592 0.065835 0.925635 
0.000384655 0.028023 0.182429 0.789164 
0.000300131 0.024165 0.027558 0.947977 
0.000870037 0.117465 0.233298 0.648367 
3.53694e-05 0.0924882 0.202852 0.704625 
0.0346762 0.065377 0.0248338 0.875113 
0.00309481 0.0110714 0.0397513 0.946082 
0.000192284 0.0245129 0.0287615 0.946533 
0.00608221 0.0568704 0.100618 0.836429 
0.0120745 0.0898325 0.070447 0.827646 
1.42889e-07 0.0249019 0.00323815 0.97186 
0.192705 0.112529 0.0177002 0.677065 
0.0483959 0.156061 0.0257423 0.769801 
1.84462e-05 0.0344846 0.0198294 0.945668 
0.0476244 0.226488 0.0353043 0.690583 
0.0224807 0.166238 0.115224 0.696058 
0.000216662 0.0743998 0.282868 0.642516 
0.0326813 0.0129643 0.0992012 0.855153 
0.0894376 0.35178 0.0236601 0.535122 
0.000576543 0.0801168 0.233591 0.685715 
0.00251201 0.0431212 0.0268421 0.927525 
0.000409181 0.0571784 0.0581872 0.884225 
0.132231 0.0657954 0.1201 0.681873 
0.000186823 0.0394337 0.003377 0.957002 
0.000690818 0.11592 0.128471 0.754918 
1.14789e-06 0.0537401 0.00134615 0.944913 
3.22277e-05 0.0113444 0.0888515 0.899772 
0.10549 0.0668939 0.00114243 0.826474 
2.08885e-05 0.103186 0.0385799 0.858213 
0.0189826 0.398117 0.0213863 0.561514 
0.000744502 0.333767 0.0868095 0.578679 
0.000209983 0.0505056 0.0395369 0.909748 
0.00357481 0.270309 0.129023 0.597093 
0.00061818 0.215593 0.19494 0.588849 
0.000544606 0.0126315 0.106244 0.88058 
0.000101835 0.0542126 0.0156616 0.930024 
0.000100289 0.174315 0.137036 0.688549 
0.0126162 0.0405105 0.159553 0.78732 
9.02374e-07 0.0714769 0.0190437 0.909478 
0.00822197 0.197182 0.0476008 0.746996 
0.0441569 0.0105044 0.0154462 0.929892 
0.00136712 0.0084687 0.0426412 0.947523 
4.0928e-05 0.016328 0.0360035 0.947628 
0.0285172 0.197614 0.0887995 0.685069 
5.01633e-05 0.0602562 0.0888233 0.85087 
7.73724e-06 0.0530663 0.0380941 0.908832 
0.00232302 0.114924 0.0345911 0.848161 
0.000163947 0.117731 0.349611 0.532494 
0.149998 0.0439228 0.0241364 0.781943 
0.0483938 0.165412 5.82648e-07 0.786193 
0.000530975 0.0437307 0.178009 0.777729 
0.000528598 0.0722578 0.0900602 0.837153 
0.000244762 0.0988187 0.0297265 0.87121 
0.0226625 0.0269829 0.0624022 0.887952 
0.000880951 0.0198038 0.0665657 0.91275 
0.00760997 0.253548 0.0523928 0.686449 
0.0111399 0.000693459 0.0129642 0.975202 
3.14547e-05 0.0110205 0.0235107 0.965437 
0.00553109 0.148665 0.0296454 0.816159 
0.00122709 0.0269362 0.057726 0.914111 
0.0349475 0.0252023 0.098976 0.840874 
4.13681e-05 0.0446367 0.15562 0.799702 
0.000209598 0.0341556 0.0457111 0.919924 
0.0120209 0.324373 0.0705069 0.593099 
0.104994 0.0496534 0.2958 0.549553 
2.61454e-05 0.00256852 0.00157089 0.995834 
4.68273e-05 0.0308506 0.272038 0.697064 
0.00644701 0.0540681 0.242333 0.697152 
1.69186e-05 0.435436 0.00589737 0.558649 
0.00162166 0.0623715 0.0379383 0.898069 
0.113035 0.0409671 0.0972393 0.748758 
0.000359282 0.0683071 0.0180565 0.913277 
0.129255 0.299328 0.155808 0.415609 
0.0113953 0.262714 0.033897 0.691994 
0.00132378 0.15898 0.036661 0.803035 
2.23079e-05 0.07795 0.116172 0.805855 
0.00600994 0.0753317 0.0565451 0.862113 
0.000115711 0.00590727 0.000798198 0.993179 
0.00855769 0.37426 0.0193965 0.597786 
0.00473754 0.363431 0.136808 0.495024 
6.56936e-05 0.218053 0.0193673 0.762514 
6.75133e-06 0.0026845 0.0540272 0.943281 
0.000581981 0.0414671 0.0504303 0.907521 
0.00100339 0.0530178 0.0450312 0.900948 
0.000842052 0.0168079 0.0885864 0.893764 
0.0219007 0.3715 0.104044 0.502554 
2.53213e-05 0.495145 0.000168256 0.504661 
0.000200693 0.0961507 0.238305 0.665343 
0.00209385 0.0336964 0.0283271 0.935883 
0.000748694 0.206757 0.0876339 0.704861 
0.0107456 0.0485108 0.0241458 0.916598 
0.0016452 0.0461017 0.0348426 0.91741 
0.000434209 0.384862 0.17031 0.444394 
0.224923 0.228496 0.0275751 0.519006 
7.53673e-05 0.166354 0.328528 0.505042 
0.00341601 0.379345 0.113731 0.503508 
0.00662023 0.100989 0.0892675 0.803123 
0.000124478 0.0138017 0.0583511 0.927723 
0.000119939 0.187228 0.0755022 0.73715 
0.0075188 0.0847447 0.083035 0.824702 
0.224923 0.228496 0.0275751 0.519006 
0.000540181 0.035609 0.0460249 0.917826 
0.000356611 0.0358624 0.0384298 0.925351 
2.29371e-07 0.0462816 0.00578083 0.947937 
0.000125973 0.420842 0.0692137 0.509818 
0.00823765 0.0316819 0.0210708 0.93901 
0.0171255 0.0143113 0.016178 0.952385 
0.00720987 0.338787 0.00518062 0.648823 
6.25233e-06 0.000521542 9.09293e-05 0.999381 
0.00483432 0.0563623 0.130871 0.807933 
0.0096081 0.0566024 0.0200686 0.913721 
0.0752405 0.0862558 0.024023 0.814481 
0.00779987 0.035286 0.0342688 0.922645 
0.000680175 0.100169 0.0498577 0.849293 
3.22277e-05 0.0113444 0.0888515 0.899772 
0.00803124 0.227317 0.269865 0.494787 
0.00384576 0.0476362 0.0465663 0.901952 
0.00210788 0.0140605 0.00613503 0.977697 
0.000390619 0.339942 0.0699027 0.589764 
0.000169083 0.0849696 0.113844 0.801018 
3.47352e-05 0.0143688 0.146688 0.838909 
0.0145629 0.0671591 0.0217269 0.896551 
0.00025675 0.0505263 0.222047 0.72717 
0.00357481 0.270309 0.129023 0.597093 
0.00121888 0.0157251 0.0843968 0.898659 
0.00151906 0.0267887 0.0151687 0.956524 
0.000135208 0.0657587 0.0981186 0.835988 
0.03688 0.0934112 0.0718366 0.797872 
0.0032067 0.0745778 0.110339 0.811877 
0.00238047 0.41001 0.145332 0.442278 
0.00553109 0.148665 0.0296454 0.816159 
0.000420513 0.471347 0.0384133 0.489819 
0.265014 0.302016 0.107064 0.325906 
0.0296549 0.0621214 0.223902 0.684321 
0.000414937 0.068867 0.121396 0.809322 
0.000787794 0.0355988 0.214655 0.748958 
