4.14211e-06 3.50883e-05 0.00373369 0.0510109 0.000140034 0.00412279 7.42555e-05 0.0032046 0.000132445 0.0296589 0.113023 0.000121862 0.515678 0.0584008 0.00114127 0.036121 0.113312 0.00453122 0.000980648 0.000270598 0.0125339 2.75025e-05 0.00672039 0.000936991 0.000894121 0.028358 2.22737e-05 0.00354686 0.00226563 0.00899707 
0.000206217 0.000193756 0.0266677 0.196808 0.00176197 0.0198202 0.000258563 0.00397269 0.00518311 0.0867332 0.028344 0.00631531 0.39552 0.0218592 0.00222578 0.0339959 0.0270018 0.0211373 0.00644985 0.00159854 0.0309825 0.000113114 0.0270047 0.000247717 0.000584033 0.00874271 0.00166943 0.0143582 0.0269185 0.00332623 
4.9294e-07 2.34922e-06 0.00115119 0.12436 8.50629e-07 1.69998e-07 4.68043e-06 0.000178931 2.05329e-05 0.00599315 0.00612728 5.84896e-06 0.790793 0.00694208 0.00778268 0.00417398 0.00433805 0.00748951 0.0050436 0.000188419 0.0208069 1.85902e-07 0.000762779 3.7628e-05 5.77243e-05 0.00688584 5.19561e-07 0.00190429 0.00493587 1.13932e-05 
1.24683e-06 1.24645e-06 1.24863e-06 0.0839007 1.24647e-06 1.24714e-06 0.00249827 0.00287235 1.24817e-06 1.24874e-06 1.24846e-06 1.24691e-06 0.841403 0.0194783 1.24842e-06 1.24875e-06 0.0109879 0.0164835 1.2482e-06 0.00324674 0.016734 1.24664e-06 0.00100004 1.24764e-06 1.24753e-06 1.24808e-06 0.00137119 1.24855e-06 1.24865e-06 1.24676e-06 
0.000719816 0.00383819 0.0403574 0.0116357 0.00364031 0.0160886 0.00747805 0.0206687 0.00657016 0.0349219 0.0239162 0.000134288 0.324295 0.0841035 0.00805663 0.0896472 0.0403267 0.0406571 0.013337 0.0148293 0.0525167 0.000651057 0.00662544 0.00586591 0.00869461 0.0308868 0.00126817 0.0851535 0.0217491 0.00136732 
8.51481e-06 8.92615e-05 0.000889451 0.0166686 0.000255866 0.00206409 5.17674e-05 0.000522584 0.000594093 0.00807637 0.00337875 3.14575e-05 0.854276 0.0142146 0.002466 0.00594868 0.0214882 0.00230426 0.000532645 0.000870662 0.0269541 3.14723e-05 0.00126758 0.0012928 0.0326052 8.02316e-05 9.14919e-05 0.000679813 0.00222517 3.99764e-05 
2.91832e-05 0.000941438 0.00176496 0.00331052 0.000647585 0.000213905 0.000313242 0.00106741 0.000806757 0.00392889 0.000571165 0.00547602 0.939279 0.00627241 0.00156881 0.0105498 0.00604092 0.00319037 0.00282922 0.000739394 0.00385512 6.30288e-05 0.00130619 0.000480615 0.000123517 0.000412062 0.00016572 0.0028026 0.00116787 8.24526e-05 
1.76429e-07 3.3432e-05 0.0372391 0.010626 0.014187 0.000528662 0.000174866 0.000876339 0.000432114 0.108459 0.00743041 7.66802e-06 0.48867 0.0463452 0.0102269 0.0514226 0.0215486 0.0198772 0.00832779 0.00415528 0.0203697 2.99666e-05 0.042043 0.000383077 0.00455458 0.00179134 6.82607e-05 0.0938041 0.00516082 0.00122643 
9.67652e-12 1.14629e-11 1.03454e-08 0.0181713 2.95669e-08 3.61483e-08 0.00539284 2.71169e-12 3.87369e-08 0.0047202 3.72468e-09 0.0525831 0.727384 0.00345956 3.82279e-09 6.48991e-11 0.188047 1.02374e-12 4.3957e-08 8.36199e-08 2.50656e-08 1.05673e-11 8.29067e-09 5.8304e-12 2.4409e-06 1.466e-08 5.73849e-08 1.5287e-12 2.31032e-08 0.000239256 
0.00189244 0.000228168 0.118649 0.00434791 4.71383e-06 0.0846985 2.96857e-05 0.0370332 8.91174e-05 0.0175505 0.0162951 1.99031e-06 0.187105 0.0618057 0.00577356 0.14407 0.00403799 0.0593297 0.00838321 0.00339888 0.0606424 6.97436e-06 0.000111742 0.00606519 0.000282483 0.0948691 1.07605e-05 0.0382502 0.0449216 0.000115383 
2.9204e-06 0.000823249 0.0257235 0.0187107 0.00137145 0.00325321 0.0119076 0.00249701 0.0123892 0.0598608 0.0096696 3.21988e-05 0.390044 0.0818697 0.012363 0.109044 0.036259 0.0376025 0.00792127 0.0357546 0.0305467 0.000851104 0.0352646 0.00379463 0.00886437 0.00780404 3.96943e-05 0.0376886 0.0157182 0.00232859 
9.49457e-08 1.9541e-05 0.000943289 0.0835551 1.11538e-07 5.80515e-05 2.47889e-06 0.00294138 0.00383467 0.00260901 0.00996481 4.06579e-05 0.413947 0.0563175 0.00805994 0.0832276 0.0894563 0.0532494 0.0036701 0.0332286 0.115429 1.03686e-07 0.0270885 0.00133757 5.81655e-06 0.00268013 3.97842e-06 0.00303151 0.00269332 0.00260399 
9.04691e-06 9.4123e-10 0.00326305 0.115611 9.33401e-10 0.000278143 4.8504e-06 0.000873984 2.12094e-05 0.116752 0.0272275 3.58411e-06 0.639016 0.000935161 0.000320998 0.00595819 0.00940439 0.00114309 0.000356399 0.000269444 0.0734526 0.00023895 8.83297e-06 0.000268756 0.000274099 0.000468357 4.71622e-06 0.00251127 0.00132213 1.74916e-06 
1.53291e-05 0.00021275 0.0369055 0.014153 0.00126951 0.000786295 0.00150929 0.0164515 0.0377282 0.0604158 0.0120233 0.00837039 0.208399 0.036696 0.00857305 0.0433943 0.0177229 0.0448924 0.076111 0.0236142 0.0668606 0.000499173 0.0118607 0.0240643 0.0040955 0.0150065 0.00125061 0.0384243 0.182861 0.00583362 
1.73459e-06 2.05481e-06 9.25287e-07 2.69379e-05 2.03772e-06 1.47236e-06 3.10621e-07 6.82361e-06 2.62286e-06 3.07595e-06 4.05381e-05 7.48069e-06 0.999877 1.37708e-06 3.80491e-07 4.74352e-06 4.56772e-06 1.83513e-07 2.84884e-06 5.18649e-07 1.36567e-07 1.89427e-06 2.44734e-06 1.04514e-06 1.13561e-06 6.73653e-07 2.93821e-06 2.74032e-07 1.85706e-07 1.79071e-06 
7.42982e-06 2.22363e-08 0.0030586 0.11552 2.20514e-08 0.000176922 5.81466e-06 0.000149437 2.24381e-05 0.110057 0.0174675 6.46754e-06 0.56051 0.000743415 0.000286303 0.00504429 0.00938526 0.00109787 0.032775 0.000238545 0.0703786 0.000122326 3.73666e-06 0.000237763 0.000299993 0.0689303 9.27729e-06 0.00228179 0.00118032 4.03577e-06 
4.9294e-07 2.34922e-06 0.00115119 0.12436 8.50629e-07 1.69998e-07 4.68043e-06 0.000178931 2.05329e-05 0.00599315 0.00612728 5.84896e-06 0.790793 0.00694208 0.00778268 0.00417398 0.00433805 0.00748951 0.0050436 0.000188419 0.0208069 1.85902e-07 0.000762779 3.7628e-05 5.77243e-05 0.00688584 5.19561e-07 0.00190429 0.00493587 1.13932e-05 
6.69355e-09 7.92922e-09 0.0128133 0.0797271 1.92091e-08 0.0533531 3.00895e-07 7.29253e-06 0.000281631 0.0625476 0.00789588 1.3968e-05 0.580996 0.0576248 2.62549e-05 0.00345865 0.000719031 0.00581206 0.0111196 0.0183786 0.0359938 0.00501082 2.65699e-05 2.06122e-05 0.00041895 0.000326143 0.000307818 0.0390096 0.0241017 8.41076e-06 
4.75986e-06 0.000135766 0.0290921 0.00967574 0.000231806 0.000330022 0.00303795 0.0025318 0.028531 0.0359552 0.00115398 1.16853e-05 0.576173 0.0325145 0.0186904 0.0328551 0.0237775 0.0169399 0.0106949 0.0535339 0.0269678 0.000922399 0.0414161 0.00101414 0.00826202 0.00567503 1.20051e-05 0.0275344 0.011634 0.000691152 
4.9294e-07 2.34922e-06 0.00115119 0.12436 8.50629e-07 1.69998e-07 4.68043e-06 0.000178931 2.05329e-05 0.00599315 0.00612728 5.84896e-06 0.790793 0.00694208 0.00778268 0.00417398 0.00433805 0.00748951 0.0050436 0.000188419 0.0208069 1.85902e-07 0.000762779 3.7628e-05 5.77243e-05 0.00688584 5.19561e-07 0.00190429 0.00493587 1.13932e-05 
3.31417e-08 4.24983e-06 0.000781025 0.00442784 3.89333e-08 6.2699e-05 0.000124178 7.56336e-07 2.26823e-07 0.00101147 0.00748266 0.213353 0.487268 0.0423497 1.63037e-08 1.45725e-05 0.206639 0.0231888 0.000552881 6.58974e-07 0.000550957 3.61925e-08 4.47909e-08 0.00173974 3.40641e-06 0.000464015 0.000268504 0.000720828 1.13975e-05 0.00897868 
3.74806e-07 0.000204731 0.0277534 0.00528564 0.000351893 0.000268896 0.000191032 0.00988393 0.0112727 0.0463517 0.00186015 1.11627e-05 0.521322 0.0513248 0.0572053 0.0728132 0.0295968 0.0230852 0.020041 0.00618279 0.0211508 0.000213013 0.0135026 0.023567 0.0159562 0.000573465 4.85524e-06 0.0194877 0.0187558 0.00178253 
1.16759e-08 1.38313e-08 1.38685e-09 0.000602342 1.37163e-08 4.36173e-05 0.000100572 3.27198e-09 4.67408e-05 7.77001e-05 2.36417e-09 0.0253689 0.971976 0.000311497 2.56116e-09 7.75333e-10 0.00115354 1.23526e-09 5.30393e-05 0.000100897 3.02446e-05 1.27507e-08 1.00037e-05 7.03507e-09 7.64399e-09 1.7689e-05 6.92417e-05 1.84456e-09 2.78768e-05 9.65493e-06 
4.9294e-07 2.34922e-06 0.00115119 0.12436 8.50629e-07 1.69998e-07 4.68043e-06 0.000178931 2.05329e-05 0.00599315 0.00612728 5.84896e-06 0.790793 0.00694208 0.00778268 0.00417398 0.00433805 0.00748951 0.0050436 0.000188419 0.0208069 1.85902e-07 0.000762779 3.7628e-05 5.77243e-05 0.00688584 5.19561e-07 0.00190429 0.00493587 1.13932e-05 
5.49834e-07 2.5866e-05 0.0110686 0.015937 6.39173e-05 2.50736e-05 2.94382e-05 0.00301829 0.000779688 0.195062 0.000689172 1.79826e-05 0.392882 0.0871928 0.000158175 0.0418851 0.0596289 0.0169978 0.000497623 3.00628e-05 0.151937 5.08326e-05 0.0201959 0.000502719 4.0788e-05 6.00941e-05 3.22667e-05 0.00029985 0.000481895 0.000408282 
1.93204e-07 0.000187629 0.000648735 0.199997 1.31486e-05 0.00198335 0.0123322 5.6347e-05 9.99933e-05 0.0373463 0.000266189 0.00139928 0.467903 0.0213287 3.72959e-05 0.000391846 0.167143 0.0207141 0.00589266 0.00423491 0.0113287 0.00896337 8.55095e-05 6.93067e-05 0.000111012 0.000100959 3.89033e-05 0.0327198 0.0043892 0.000216912 
8.27894e-09 0.00120955 0.0128679 0.082107 0.000678662 0.0012895 0.000198197 0.00198639 0.000402926 0.145696 0.0039779 0.036275 0.249583 0.175791 0.00215609 0.0153727 0.0600855 0.0132707 0.00968671 0.00446144 0.0804269 0.000983588 0.0111489 8.77873e-05 0.00145653 0.000473662 4.25746e-06 0.0817587 0.00646288 0.000100261 
2.05458e-08 2.43387e-08 0.00244993 0.223659 2.41362e-08 0.00284852 1.90079e-06 0.000170202 5.18671e-05 0.0588451 0.0486226 6.53484e-06 0.515929 0.00340077 1.32831e-05 0.00180245 0.00695388 0.00428121 0.00151593 0.000753303 0.113339 0.000154576 0.000107331 0.000217606 1.111e-05 0.0107403 1.40806e-05 0.000591057 0.00351388 5.59598e-06 
6.57596e-08 0.000234814 0.00100994 0.0120956 0.0037809 0.0246075 2.3108e-05 0.00125631 0.00797408 0.0494265 0.104581 7.35917e-06 0.324475 0.0473468 0.00727185 0.268415 0.0432905 0.00951861 0.00273353 0.00144392 0.0260546 3.13911e-05 0.00489813 0.0104888 0.000336591 0.0183092 0.000167596 0.0214766 0.00866122 8.39891e-05 
1.03157e-06 0.000198922 0.0207999 0.00901405 0.0488774 0.00203758 0.000233363 0.00100549 0.000450051 0.0462251 0.00255863 2.4782e-05 0.64549 0.0349014 0.00819084 0.0408283 0.0375753 0.024641 0.00697765 0.00337911 0.0213722 9.00107e-05 0.0121458 0.0006041 0.0102843 0.000963731 0.000306865 0.0159484 0.00370464 0.00117004 
3.96684e-10 1.65756e-06 0.0113433 0.098707 4.66006e-10 0.000819349 1.14927e-06 1.27196e-06 5.34192e-07 8.87889e-07 0.0942706 0.000289889 0.455939 0.0661805 8.70146e-11 0.00598401 1.31814e-05 0.0393191 0.00382872 0.0225985 0.02069 4.33201e-10 7.36998e-05 0.0837536 2.59702e-10 0.00641911 7.91664e-07 0.0138011 0.0759625 1.10598e-07 
2.55502e-07 4.39202e-05 0.0690479 0.282643 1.79333e-05 0.000207959 1.68612e-05 0.000180893 0.000229593 0.0446278 0.0168293 0.00585611 0.354564 0.000382356 9.66475e-05 0.0115628 0.0350721 0.0500791 0.0039766 0.000680698 0.0288295 0.000635755 0.00443217 0.076642 0.000233536 0.00111376 8.42554e-05 0.00339847 0.00832288 0.000191364 
4.33067e-07 5.13014e-07 0.0183758 0.0225232 3.07058e-05 0.00260547 9.25448e-06 0.0100266 0.000981424 0.036328 0.020411 6.75594e-05 0.305338 0.197847 0.00566649 0.0184904 0.0192905 0.0528198 0.00989356 0.0080229 0.0516977 4.45555e-06 0.0696435 0.000236519 9.15349e-05 0.0019054 1.18698e-05 0.00111136 0.146565 4.09838e-06 
0.00025959 0.0701344 0.0288666 0.0054604 0.0136505 0.00511298 0.000608981 0.00690814 0.0205651 0.031963 0.0207887 1.02003e-05 0.274904 0.105492 0.00136911 0.17216 0.0156385 0.00688755 0.00188123 0.0183066 0.01619 6.81411e-06 0.00792477 0.015744 0.054673 0.00626601 6.86018e-05 0.0578248 0.0401573 0.000177523 
6.17318e-06 0.000741205 0.00726404 0.0247032 7.52515e-05 0.00375474 8.52739e-05 0.00138671 0.00463286 0.0133736 0.0125454 0.00822783 0.365877 0.0267003 0.0058368 0.0319296 0.0947077 0.0208855 0.00424655 0.000174119 0.0676029 8.80419e-06 0.00110742 2.86857e-05 6.88712e-06 0.000859426 4.03878e-05 0.0193406 0.0102598 0.273591 
6.80563e-09 8.06199e-09 0.0351704 0.00451692 8.73543e-06 5.77678e-09 0.000254622 0.00973505 2.74097e-05 4.74471e-05 0.000582548 1.90155e-06 0.396748 0.171642 1.22491e-05 0.00569873 0.168928 0.0167147 2.56988e-05 3.81439e-05 0.0178529 7.43211e-09 0.000129817 4.58132e-05 0.000345505 0.149193 1.1528e-08 0.0167259 0.00550193 5.23751e-05 
5.41892e-06 0.0223225 0.0118931 0.152532 0.00133267 0.000468746 2.46969e-05 0.00111116 0.000552085 0.0198715 0.142169 4.77976e-06 0.2497 0.108657 0.000780513 0.0221999 0.0120469 0.0896201 0.000956249 0.00555132 0.0231795 2.17796e-05 0.000986673 0.000312141 8.20673e-05 0.0976825 0.00018213 0.0239376 0.0116406 0.000174949 
3.85694e-10 4.56896e-10 4.80275e-06 0.0100588 4.53095e-10 3.8068e-05 6.90679e-11 2.2862e-05 0.00742998 0.285634 0.0248511 5.74068e-08 0.436299 0.0355598 0.000249404 0.0371057 0.0721485 0.00450339 6.54819e-06 2.89084e-07 0.0580914 1.66367e-08 8.83644e-05 2.96138e-05 4.88583e-08 0.000617135 2.65096e-07 3.79564e-05 0.00761424 0.0196081 
2.05342e-05 2.84384e-07 0.0326772 0.0187785 0.00742296 1.86183e-07 2.00812e-08 0.0203579 0.00174952 0.191713 0.059594 5.54541e-06 0.204463 0.0860919 0.00011824 0.0360456 0.02766 0.00803352 0.013607 0.000157747 0.006842 6.61804e-06 0.0217377 0.123591 0.136947 0.000194825 5.20044e-07 1.18096e-06 0.00104993 0.00113261 
0.00203274 0.00557948 0.0240088 0.0252996 0.0385469 0.012939 0.0124366 0.00240556 0.00480844 0.0329318 0.0145442 0.000396474 0.470009 0.0733243 0.00339974 0.10133 0.0363477 0.026175 0.00283981 0.0069167 0.0197948 3.19127e-05 0.00588977 0.00134982 0.003872 0.00689331 0.002299 0.0574938 0.00493285 0.00117049 
1.58905e-05 0.000156931 0.0357959 0.0127248 0.00257866 0.000981824 0.00167969 0.016107 0.0337723 0.0613059 0.0116788 0.00799528 0.209274 0.0309759 0.00806378 0.0525175 0.0168197 0.0397621 0.0751453 0.0190165 0.0647601 0.000488608 0.010742 0.0223727 0.00359059 0.0260032 0.00118649 0.0401191 0.188809 0.00556103 
2.43857e-09 2.88875e-09 0.000758711 0.117472 0.000488747 0.000619405 8.51806e-06 3.28728e-05 0.000102202 0.111541 0.0349721 3.53848e-06 0.60965 0.00460407 7.13528e-06 0.00480513 0.0390708 0.00942358 0.000289141 0.000399689 0.0536264 0.00038003 6.24203e-06 0.00014817 8.68323e-05 0.000793368 6.52881e-07 0.000825634 0.00927721 0.000607051 
4.70785e-06 1.86126e-05 0.0119214 0.215796 0.00256473 0.00102122 0.000272928 0.00297706 0.000731154 0.0800915 0.0114755 2.50399e-05 0.389186 0.0164112 0.00206033 0.0268481 0.0141994 0.0303486 0.0907353 0.00281434 0.0277276 0.000888037 0.0093033 0.00359593 0.000268109 0.0349709 0.00013261 0.00348823 0.0199776 0.00014493 
4.9294e-07 2.34922e-06 0.00115119 0.12436 8.50629e-07 1.69998e-07 4.68043e-06 0.000178931 2.05329e-05 0.00599315 0.00612728 5.84896e-06 0.790793 0.00694208 0.00778268 0.00417398 0.00433805 0.00748951 0.0050436 0.000188419 0.0208069 1.85902e-07 0.000762779 3.7628e-05 5.77243e-05 0.00688584 5.19561e-07 0.00190429 0.00493587 1.13932e-05 
1.47621e-06 1.61349e-05 0.00103946 0.00064541 9.56385e-08 0.000361424 8.66749e-07 0.000354811 0.000241945 0.000758565 0.000153558 7.8179e-08 0.733012 0.168821 6.30906e-05 0.0192046 0.0180723 0.00998354 8.3479e-05 1.2169e-05 0.00157745 0.0360413 6.3978e-06 0.00669394 3.51658e-05 1.37103e-05 0.000109426 0.00262727 1.44233e-05 5.41212e-05 
3.53382e-05 0.000217237 0.00443378 0.0291439 5.27964e-05 0.000479924 0.000925483 0.00225146 0.000870543 0.0169463 0.0251231 0.0291228 0.37515 0.152218 0.0122275 0.0891088 0.081016 0.0424377 0.00154735 0.00199612 0.0541046 4.26996e-05 0.00136702 0.000155366 0.00173107 0.00422769 9.67491e-05 0.0116294 0.00734419 0.053997 
8.39751e-06 2.07001e-08 0.00219891 0.078821 2.05279e-08 0.00018373 3.67921e-06 0.00049863 1.44051e-05 0.0785861 0.0171262 3.49381e-06 0.757171 0.000614133 0.000212489 0.00392866 0.00641591 0.000774585 0.000233453 0.000181495 0.0496324 0.000141614 5.12251e-06 0.000179985 0.000193204 0.000305195 4.83678e-06 0.00167851 0.000881307 1.3991e-06 
2.02069e-06 2.39373e-06 0.0545241 0.162379 0.00160023 0.000591062 3.61854e-07 0.00181587 0.000814984 0.00523966 0.0243453 1.94046e-06 0.289512 0.039276 4.43249e-07 0.00581365 0.00892471 0.0384409 0.00179569 0.0759726 0.0167704 2.2067e-06 0.00630926 0.111075 1.32291e-06 0.0040438 0.000191548 0.0618366 0.0887146 2.08607e-06 
2.17291e-07 0.00015096 0.00243247 0.116493 0.000128854 0.000763973 1.99904e-05 0.00122009 0.000355446 0.189164 0.00195485 1.90196e-05 0.320528 0.0476704 6.74406e-05 0.00273961 0.102759 0.00356876 0.00447406 0.00048936 0.176529 0.00096779 0.00134808 0.00043821 0.000446918 0.000412974 3.48638e-05 0.000284971 0.024269 0.000270239 
0.00021288 0.0176044 0.0514171 0.0130365 0.00827878 0.0187365 0.0137412 0.0217888 0.00475209 0.0477843 0.0236331 0.000761606 0.331821 0.094633 0.00332556 0.116996 0.021338 0.0457932 0.00637217 0.0147146 0.0185019 0.000692704 0.00324665 0.00827767 0.0127305 0.00932857 6.15586e-05 0.0679771 0.0220101 0.000432781 
1.64386e-05 6.87705e-07 3.90971e-05 0.0319502 0.00140028 0.00294675 2.14087e-05 8.10428e-05 8.62451e-06 0.00388737 0.003663 0.0032064 0.402611 0.112846 6.64065e-07 0.00981882 0.244443 0.13961 0.000145437 0.00161313 0.037923 9.27608e-07 3.9121e-07 0.00253264 3.14459e-05 0.000192882 1.39924e-05 2.14366e-05 0.000969564 3.90401e-06 
1.76923e-08 4.99406e-08 0.000362697 0.363063 0.000618164 1.93749e-11 3.24967e-05 0.000406767 0.00013723 0.127455 0.000262557 0.000870349 0.452941 0.00505249 5.00689e-12 8.48661e-05 0.0409198 0.000916345 0.00445612 6.06615e-06 0.00212388 1.15579e-08 1.12045e-08 8.90987e-08 3.50229e-05 3.28203e-08 3.8664e-11 3.60599e-12 0.000255336 2.3564e-11 
1.54193e-05 0.000202432 0.0356355 0.0140304 0.00390969 0.000804482 0.00145702 0.0166828 0.0364486 0.061837 0.0122437 0.00754638 0.200318 0.0351776 0.00857783 0.0492282 0.0177756 0.0456189 0.0727503 0.0228181 0.0672499 0.000566178 0.0110782 0.0280203 0.0039128 0.0144535 0.0011944 0.0374033 0.188358 0.00468585 
0.00111434 0.000346708 8.10807e-08 0.000207557 8.0191e-07 0.000744137 0.000752804 0.000454786 0.00276409 4.57925e-08 0.000236635 6.55515e-07 0.652918 0.103868 0.00123134 0.00314119 0.203885 0.000466883 0.0250961 0.00124623 0.000166929 7.16063e-05 1.29939e-07 4.11299e-07 4.46899e-07 0.00094527 5.61126e-05 0.00028201 7.30814e-08 7.04704e-07 
1.86171e-05 2.2054e-05 2.21132e-06 3.3593e-06 2.18705e-05 1.58027e-05 3.33385e-06 5.21716e-06 6.36936e-06 1.2489e-06 3.76966e-06 1.78779e-05 0.999741 3.14155e-06 4.08375e-06 1.23626e-06 3.58329e-06 1.96962e-06 6.1279e-06 5.56659e-06 1.46576e-06 2.03309e-05 3.54384e-06 1.12174e-05 1.21883e-05 7.23023e-06 3.15354e-05 2.94115e-06 1.99315e-06 1.92194e-05 
4.9294e-07 2.34922e-06 0.00115119 0.12436 8.50629e-07 1.69998e-07 4.68043e-06 0.000178931 2.05329e-05 0.00599315 0.00612728 5.84896e-06 0.790793 0.00694208 0.00778268 0.00417398 0.00433805 0.00748951 0.0050436 0.000188419 0.0208069 1.85902e-07 0.000762779 3.7628e-05 5.77243e-05 0.00688584 5.19561e-07 0.00190429 0.00493587 1.13932e-05 
4.9294e-07 2.34922e-06 0.00115119 0.12436 8.50629e-07 1.69998e-07 4.68043e-06 0.000178931 2.05329e-05 0.00599315 0.00612728 5.84896e-06 0.790793 0.00694208 0.00778268 0.00417398 0.00433805 0.00748951 0.0050436 0.000188419 0.0208069 1.85902e-07 0.000762779 3.7628e-05 5.77243e-05 0.00688584 5.19561e-07 0.00190429 0.00493587 1.13932e-05 
4.9294e-07 2.34922e-06 0.00115119 0.12436 8.50629e-07 1.69998e-07 4.68043e-06 0.000178931 2.05329e-05 0.00599315 0.00612728 5.84896e-06 0.790793 0.00694208 0.00778268 0.00417398 0.00433805 0.00748951 0.0050436 0.000188419 0.0208069 1.85902e-07 0.000762779 3.7628e-05 5.77243e-05 0.00688584 5.19561e-07 0.00190429 0.00493587 1.13932e-05 
2.60166e-10 7.65172e-05 0.0772598 5.97939e-06 3.05631e-10 4.33106e-07 0.000519206 2.56988e-06 0.000650922 0.0376925 0.0053853 0.11135 0.297209 0.0866803 5.70687e-11 0.00666427 0.0728153 0.0362197 5.26562e-07 0.0374037 0.0141433 2.84115e-10 7.36621e-05 0.0149199 2.21442e-06 0.000424476 6.87598e-07 0.0299355 0.170307 0.000257806 
1.52804e-07 0.000335827 0.0337731 0.0183655 0.0535927 0.0105529 0.000325743 0.0260984 0.000554324 0.0919435 0.0451123 0.000152669 0.317471 0.0899083 0.00339528 0.103475 0.0289466 0.0371672 0.0076565 0.00472705 0.0186251 0.000119698 0.0180099 0.00709935 0.016458 0.00271654 0.000337002 0.0540407 0.00830477 0.00073419 
6.80563e-09 8.06199e-09 0.0351704 0.00451692 8.73543e-06 5.77678e-09 0.000254622 0.00973505 2.74097e-05 4.74471e-05 0.000582548 1.90155e-06 0.396748 0.171642 1.22491e-05 0.00569873 0.168928 0.0167147 2.56988e-05 3.81439e-05 0.0178529 7.43211e-09 0.000129817 4.58132e-05 0.000345505 0.149193 1.1528e-08 0.0167259 0.00550193 5.23751e-05 
6.80563e-09 8.06199e-09 0.0351704 0.00451692 8.73543e-06 5.77678e-09 0.000254622 0.00973505 2.74097e-05 4.74471e-05 0.000582548 1.90155e-06 0.396748 0.171642 1.22491e-05 0.00569873 0.168928 0.0167147 2.56988e-05 3.81439e-05 0.0178529 7.43211e-09 0.000129817 4.58132e-05 0.000345505 0.149193 1.1528e-08 0.0167259 0.00550193 5.23751e-05 
1.16231e-12 1.37688e-12 0.00158932 0.168808 1.56539e-09 0.000936363 7.65232e-06 5.84648e-05 7.74463e-05 0.0309582 0.0183124 7.63842e-06 0.68113 0.000139871 9.47538e-05 0.00293518 0.00279384 0.00193464 0.00168357 0.000511226 0.0711395 0.00216389 6.09833e-05 0.000551259 6.30314e-05 0.00165972 1.6648e-05 0.00018841 0.0121746 3.30154e-06 
1.37404e-07 1.36527e-07 2.60979e-07 0.00922012 3.59699e-08 0.000125541 0.00389795 1.27931e-07 0.000209266 0.0112624 1.04432e-07 5.40836e-06 0.733252 0.0620446 1.95635e-07 1.30052e-07 0.147355 1.27063e-07 0.00181936 0.0030222 0.0258394 2.71829e-12 0.000628073 6.75058e-09 9.53339e-08 0.000372965 0.000237675 6.56866e-07 0.000680479 2.55251e-05 
1.9835e-08 1.17645e-05 0.00907845 0.247942 2.56069e-06 0.002174 3.78889e-05 0.00621915 0.00071066 0.159439 0.0416125 0.00435322 0.347556 0.01518 0.0153206 0.0269828 0.008139 0.016091 0.00166331 0.000233622 0.0480759 0.000222159 0.000288247 0.020968 3.46501e-05 0.00177406 3.02133e-05 0.000461758 0.0253816 1.5473e-05 
1.44366e-05 0.000164861 0.0386486 0.0131975 0.00286382 0.000941002 0.0022273 0.0129463 0.0169963 0.0557652 0.0135395 0.00850356 0.216983 0.0243831 0.00587198 0.052932 0.0163871 0.0445636 0.0782571 0.0209597 0.069408 0.000519005 0.00711333 0.0249529 0.00399063 0.0268412 0.00118735 0.0379775 0.195949 0.0059149 
2.2205e-07 0.000568972 0.00620125 0.0501772 2.60854e-07 0.000829504 9.11226e-06 0.000436556 4.29214e-06 7.02422e-06 0.0495665 0.00228877 0.630768 0.0337493 4.87078e-08 0.00326335 0.000104104 0.0211111 0.00253956 0.0870042 0.011755 2.42491e-07 5.95014e-05 0.0453662 1.45372e-07 0.00688912 6.62071e-06 0.00761883 0.0396744 1.09913e-06 
7.13587e-05 0.000522635 0.00645416 0.0418214 3.06134e-05 0.000151448 0.00151893 0.000350401 0.000538831 0.0165595 0.0216912 0.0252764 0.463798 0.0986935 0.00778083 0.031544 0.0748616 0.0368897 0.00192748 0.00300721 0.0453582 2.37726e-05 0.000889983 8.54589e-05 6.76762e-05 0.00210435 4.43325e-05 0.0109024 0.00600591 0.101029 
2.34329e-09 2.77588e-09 0.000597057 0.126508 6.15589e-07 8.94043e-05 5.51663e-05 0.00534968 0.0394916 0.0871714 0.00521962 3.76261e-05 0.262639 0.0674537 0.000209206 0.0435451 0.151951 0.0385061 0.0103697 0.000418325 0.0704423 0.000158741 0.00164526 0.0348267 0.000731558 0.000367729 0.0164101 0.000196049 0.0340356 0.00157457 
5.62989e-09 6.66921e-09 0.291112 0.140771 6.61374e-09 0.0906256 1.00817e-09 5.092e-06 0.000930156 0.000130751 0.0052637 5.40635e-09 0.334269 0.000249231 1.23494e-09 0.00186932 2.19478e-06 0.0964793 1.04599e-06 9.80943e-06 1.85639e-06 1.63528e-05 6.06129e-06 3.39218e-09 2.66455e-06 0.000342013 9.53643e-09 0.00616109 0.0317511 5.81204e-09 
8.27894e-09 0.00120955 0.0128679 0.082107 0.000678662 0.0012895 0.000198197 0.00198639 0.000402926 0.145696 0.0039779 0.036275 0.249583 0.175791 0.00215609 0.0153727 0.0600855 0.0132707 0.00968671 0.00446144 0.0804269 0.000983588 0.0111489 8.77873e-05 0.00145653 0.000473662 4.25746e-06 0.0817587 0.00646288 0.000100261 
0.000357397 1.30207e-06 0.00677738 0.183452 1.29124e-06 0.00146046 4.21457e-06 0.00338426 0.0050561 0.117639 0.00712095 7.27631e-06 0.431606 0.0863829 4.01825e-05 0.0320744 0.0291633 0.0242627 0.000562778 1.04797e-05 0.0116501 0.00350917 0.00155327 0.000590465 9.42057e-06 0.00371996 0.00206497 0.0039194 0.0431986 0.000419719 
3.72085e-10 9.68448e-07 0.0553853 0.0493552 4.37108e-10 0.00242784 8.33834e-07 0.00218533 0.000434186 0.0079102 0.123751 0.00021032 0.227995 0.0794547 8.16186e-11 0.041343 0.116836 0.095778 0.00581816 0.0113 0.0309738 4.06337e-10 3.68981e-05 0.0603189 2.43597e-10 0.00330539 5.74511e-07 0.0335143 0.0516645 8.03278e-08 
4.4805e-07 6.81274e-11 0.0300575 0.145413 1.05324e-06 0.047467 1.93719e-06 0.0126856 0.00204695 0.138286 0.0117429 1.96004e-05 0.249085 0.00358717 0.000250514 0.0267831 0.00129141 0.0151353 0.026659 0.00702165 0.0639532 0.0281434 0.00207006 0.000133986 0.000717593 0.00249353 0.000512127 0.0976197 0.0867292 9.18588e-05 
4.9294e-07 2.34922e-06 0.00115119 0.12436 8.50629e-07 1.69998e-07 4.68043e-06 0.000178931 2.05329e-05 0.00599315 0.00612728 5.84896e-06 0.790793 0.00694208 0.00778268 0.00417398 0.00433805 0.00748951 0.0050436 0.000188419 0.0208069 1.85902e-07 0.000762779 3.7628e-05 5.77243e-05 0.00688584 5.19561e-07 0.00190429 0.00493587 1.13932e-05 
6.35211e-09 7.52476e-09 0.0134704 0.0767604 1.95423e-08 0.0474671 1.41087e-07 5.82209e-06 0.000273374 0.0604866 0.00803455 1.24122e-05 0.60129 0.0518686 1.8102e-05 0.0034508 0.000717108 0.00538299 0.00777359 0.019334 0.0345411 0.00461215 2.17758e-05 1.49539e-05 0.000412855 0.000152358 0.000224492 0.039745 0.0239246 4.75105e-06 
3.95753e-09 4.68811e-09 0.00192487 0.143873 1.34224e-07 0.00144157 1.50184e-06 7.55266e-06 0.000107245 0.0397779 0.00986432 1.52198e-06 0.32853 0.292571 8.68102e-10 0.00332392 0.00373399 0.046085 4.58913e-05 2.6671e-05 0.0803058 0.0208311 0.000186582 5.60708e-06 1.97403e-05 0.00106983 4.17936e-06 0.0094652 0.0166731 0.000122895 
0.00110438 3.59339e-05 0.0517239 0.153769 0.00118342 0.00330311 0.000288073 0.00031607 0.000193521 0.142192 0.0883942 0.0237098 0.304799 0.00260284 0.000333479 0.00324876 0.01356 0.0308384 0.0297713 0.0123881 0.0545136 0.00130951 0.000317377 0.00110334 0.000121924 0.00460596 5.88298e-05 0.0235801 0.0506006 3.37157e-05 
9.64021e-08 0.00109851 0.0128583 0.0867122 0.00281043 0.00134522 1.11241e-07 0.00193364 0.000113104 0.0206694 0.0601556 0.0198935 0.57685 0.00936798 0.000326089 0.00411875 0.0192893 0.00769981 0.0041943 2.88246e-08 0.0822095 2.06787e-05 0.000312425 0.000137766 0.00600639 0.0774023 1.34976e-05 0.00098976 0.00346793 3.26351e-06 
3.96684e-10 1.65756e-06 0.0113433 0.098707 4.66006e-10 0.000819349 1.14927e-06 1.27196e-06 5.34192e-07 8.87889e-07 0.0942706 0.000289889 0.455939 0.0661805 8.70146e-11 0.00598401 1.31814e-05 0.0393191 0.00382872 0.0225985 0.02069 4.33201e-10 7.36998e-05 0.0837536 2.59702e-10 0.00641911 7.91664e-07 0.0138011 0.0759625 1.10598e-07 
2.3582e-06 0.00198569 0.0227265 0.0083688 0.110067 0.00179425 0.00024364 0.00165429 0.00643235 0.117656 0.00832905 6.83766e-06 0.336374 0.0643237 0.0168712 0.0827313 0.0448807 0.0361261 0.00526534 0.00561347 0.0212984 2.03663e-05 0.0285726 0.0005919 0.00940803 0.00146862 0.000426469 0.0523849 0.0133406 0.00103565 
1.61966e-06 0.00354405 0.0226213 0.155747 3.59079e-05 0.00168866 0.00136279 0.000440336 0.000144692 0.0862172 0.0109517 6.08091e-06 0.179094 0.00631566 0.000897797 0.0124574 0.1471 0.134183 0.0469673 0.0280385 0.0828702 0.000429819 0.000875545 0.000340508 0.00376776 0.00313292 0.0015894 0.0641319 0.00490501 0.000141334 
1.06347e-07 2.97811e-06 0.00535839 0.0682122 0.00507091 0.0521362 1.75511e-05 0.0265909 0.000771413 0.0518019 0.0771647 1.96275e-05 0.404556 0.0415469 0.00452618 0.0595664 0.0565684 0.0135192 0.0178178 9.5511e-05 0.013984 0.00119094 0.00223476 0.00133083 3.31441e-05 0.0108418 0.000166351 0.050719 0.0341482 8.05966e-06 
2.05342e-05 2.84384e-07 0.0326772 0.0187785 0.00742296 1.86183e-07 2.00812e-08 0.0203579 0.00174952 0.191713 0.059594 5.54541e-06 0.204463 0.0860919 0.00011824 0.0360456 0.02766 0.00803352 0.013607 0.000157747 0.006842 6.61804e-06 0.0217377 0.123591 0.136947 0.000194825 5.20044e-07 1.18096e-06 0.00104993 0.00113261 
1.12028e-09 1.32709e-09 2.19571e-06 2.02145e-10 1.31605e-09 9.50922e-10 2.00613e-10 3.13941e-10 3.83274e-10 1.03718e-06 6.66928e-06 1.18446e-06 0.970183 0.0181067 2.45739e-10 1.01924e-06 3.16988e-06 9.04329e-06 1.62284e-06 3.24954e-06 1.87878e-06 1.22341e-09 1.70813e-07 6.75003e-10 9.24194e-06 0.00341404 1.89763e-09 0.00825334 2.9146e-06 1.15652e-09 
4.9294e-07 2.34922e-06 0.00115119 0.12436 8.50629e-07 1.69998e-07 4.68043e-06 0.000178931 2.05329e-05 0.00599315 0.00612728 5.84896e-06 0.790793 0.00694208 0.00778268 0.00417398 0.00433805 0.00748951 0.0050436 0.000188419 0.0208069 1.85902e-07 0.000762779 3.7628e-05 5.77243e-05 0.00688584 5.19561e-07 0.00190429 0.00493587 1.13932e-05 
3.87355e-07 4.58863e-07 0.0230171 0.00590495 0.000299569 0.00231416 5.09551e-06 0.00247775 4.23629e-05 0.00340093 0.357352 9.29634e-06 0.383016 0.00776854 0.00459557 0.0114295 0.00225683 0.0352846 0.00114241 0.000259341 0.0223624 3.7791e-05 0.000537369 0.00180935 7.97277e-07 0.0959924 4.82292e-05 0.00928122 0.0127739 0.01658 
4.9294e-07 2.34922e-06 0.00115119 0.12436 8.50629e-07 1.69998e-07 4.68043e-06 0.000178931 2.05329e-05 0.00599315 0.00612728 5.84896e-06 0.790793 0.00694208 0.00778268 0.00417398 0.00433805 0.00748951 0.0050436 0.000188419 0.0208069 1.85902e-07 0.000762779 3.7628e-05 5.77243e-05 0.00688584 5.19561e-07 0.00190429 0.00493587 1.13932e-05 
0.000952911 0.000611229 0.0337556 0.0063352 0.0587725 0.00307276 0.000380561 0.00402811 0.00201818 0.0565868 0.0095234 3.18029e-05 0.399308 0.0584315 0.0109578 0.0506043 0.0222162 0.0422775 0.0157004 0.00483567 0.130402 0.000621471 0.0168858 0.00183968 0.00284328 0.003052 0.002391 0.0354644 0.0234644 0.00263613 
0.000227793 0.063215 0.00764426 0.000275835 0.00256366 0.0129987 8.24975e-05 0.00264191 0.0329929 0.0543052 0.00231622 4.0896e-07 0.50909 0.0540544 0.00117962 0.15452 0.00313121 0.00188399 0.000680596 0.0113643 0.0116346 4.02442e-07 0.00594408 0.000209025 0.0124694 0.000200291 8.95986e-05 0.0528938 0.00106703 0.000323258 
0.000227793 0.063215 0.00764426 0.000275835 0.00256366 0.0129987 8.24975e-05 0.00264191 0.0329929 0.0543052 0.00231622 4.0896e-07 0.50909 0.0540544 0.00117962 0.15452 0.00313121 0.00188399 0.000680596 0.0113643 0.0116346 4.02442e-07 0.00594408 0.000209025 0.0124694 0.000200291 8.95986e-05 0.0528938 0.00106703 0.000323258 
6.55208e-06 7.76164e-06 7.78247e-07 0.000752582 7.69708e-06 5.56157e-06 1.17331e-06 0.00106079 2.24162e-06 4.39537e-07 1.32669e-06 6.29192e-06 0.989519 0.00191406 1.43723e-06 4.35089e-07 0.00278932 0.00226613 0.000603914 1.9591e-06 5.15856e-07 7.15522e-06 1.24721e-06 3.94783e-06 4.28953e-06 2.5446e-06 1.10985e-05 1.0351e-06 0.0010121 6.76406e-06 
3.96684e-10 1.65756e-06 0.0113433 0.098707 4.66006e-10 0.000819349 1.14927e-06 1.27196e-06 5.34192e-07 8.87889e-07 0.0942706 0.000289889 0.455939 0.0661805 8.70146e-11 0.00598401 1.31814e-05 0.0393191 0.00382872 0.0225985 0.02069 4.33201e-10 7.36998e-05 0.0837536 2.59702e-10 0.00641911 7.91664e-07 0.0138011 0.0759625 1.10598e-07 
1.21352e-08 0.0577025 0.0179755 0.162902 0.000180076 0.000197615 2.01617e-05 0.00187937 0.000965016 0.105113 0.0678627 1.87289e-05 0.174264 0.0598118 0.00384188 0.0387679 0.0246111 0.0158995 0.00482754 0.00318746 0.0207091 9.69055e-05 0.00260707 0.0685152 0.000352173 0.0287777 8.52729e-06 0.0394042 0.0989261 0.000575058 
2.52689e-05 0.0238708 0.0706025 0.0443936 9.84409e-05 0.0751772 6.5704e-06 0.00549067 0.0115532 0.0730925 0.0485335 2.80507e-05 0.331619 0.0442513 0.00658209 0.0304453 0.15254 0.0140637 0.0121952 0.000529137 0.0275168 0.000377684 0.00375466 0.000101348 1.38132e-05 0.010063 8.1305e-05 0.00169646 0.0112717 2.54016e-05 
3.71116e-07 0.000651759 0.0578023 0.0474717 0.00438244 0.000338385 4.25855e-05 0.0179179 0.000564741 0.140772 0.00436161 0.00475654 0.374542 0.126195 0.00276936 0.0142941 0.098977 0.0251088 0.00306893 0.00101398 0.0326829 5.05404e-06 0.00642977 0.00206997 0.000406242 0.00170009 1.92957e-05 0.0134028 0.0181515 0.000101151 
3.0001e-10 4.99611e-08 0.0343327 0.0146891 3.52437e-10 2.54656e-10 6.76507e-08 0.0615964 0.00374232 0.0369254 0.210732 4.83571e-06 0.255325 0.0760066 1.03403e-07 0.0807477 0.130128 0.0215173 0.00111795 1.14343e-07 0.00403574 3.27627e-10 2.90604e-06 1.80765e-10 0.000544312 1.13648e-06 0.0258965 0.0373624 0.00529152 3.09716e-10 
8.27894e-09 0.00120955 0.0128679 0.082107 0.000678662 0.0012895 0.000198197 0.00198639 0.000402926 0.145696 0.0039779 0.036275 0.249583 0.175791 0.00215609 0.0153727 0.0600855 0.0132707 0.00968671 0.00446144 0.0804269 0.000983588 0.0111489 8.77873e-05 0.00145653 0.000473662 4.25746e-06 0.0817587 0.00646288 0.000100261 
8.94887e-07 8.94615e-07 0.00439219 0.106994 8.94628e-07 8.95108e-07 8.96092e-07 0.0163967 0.00430099 0.0319974 0.143908 0.00438612 0.603364 0.00466065 8.96033e-07 0.0505501 0.015951 8.96201e-07 0.00501778 8.95915e-07 8.9624e-07 8.94752e-07 0.00806558 8.95467e-07 8.9539e-07 8.95784e-07 8.93865e-07 8.96124e-07 8.96198e-07 8.94839e-07 
1.21352e-08 0.0577025 0.0179755 0.162902 0.000180076 0.000197615 2.01617e-05 0.00187937 0.000965016 0.105113 0.0678627 1.87289e-05 0.174264 0.0598118 0.00384188 0.0387679 0.0246111 0.0158995 0.00482754 0.00318746 0.0207091 9.69055e-05 0.00260707 0.0685152 0.000352173 0.0287777 8.52729e-06 0.0394042 0.0989261 0.000575058 
2.91582e-07 3.45411e-07 0.0452954 0.113171 0.000126217 0.0456566 1.27927e-05 0.000544466 0.00285203 0.00804495 0.0673024 7.00615e-05 0.606161 0.00153262 2.07322e-06 0.0278893 0.00126717 0.0156524 0.00148926 0.000227427 0.0119938 0.000880025 1.29298e-05 0.00952969 0.00325213 0.0103502 9.16933e-06 0.00170283 0.0249367 3.56339e-05 
4.9294e-07 2.34922e-06 0.00115119 0.12436 8.50629e-07 1.69998e-07 4.68043e-06 0.000178931 2.05329e-05 0.00599315 0.00612728 5.84896e-06 0.790793 0.00694208 0.00778268 0.00417398 0.00433805 0.00748951 0.0050436 0.000188419 0.0208069 1.85902e-07 0.000762779 3.7628e-05 5.77243e-05 0.00688584 5.19561e-07 0.00190429 0.00493587 1.13932e-05 
1.49547e-07 3.24992e-05 0.0718648 0.0944286 2.47747e-07 0.000576986 9.81315e-06 0.000175605 0.000292072 0.0279805 0.0318433 5.21441e-05 0.54287 0.000176297 0.000276578 0.0123812 0.00175091 0.0493533 0.00109045 0.000522059 0.0700979 0.00244565 0.00626916 0.0743416 0.000135709 0.000976369 5.10052e-05 0.00420552 0.00579758 2.34937e-06 
2.2284e-11 2.63977e-11 0.000955355 0.17909 5.89269e-08 0.000690695 1.5288e-06 0.00110231 0.000272984 0.233279 0.0363842 8.19737e-06 0.258834 0.0124736 0.00100401 0.0169279 0.0517899 0.0184649 0.00169237 0.000464762 0.160625 3.52724e-05 0.000193769 0.000418488 0.000162256 0.000318561 1.66174e-05 0.00745259 0.0172771 6.43132e-05 
3.96684e-10 1.65756e-06 0.0113433 0.098707 4.66006e-10 0.000819349 1.14927e-06 1.27196e-06 5.34192e-07 8.87889e-07 0.0942706 0.000289889 0.455939 0.0661805 8.70146e-11 0.00598401 1.31814e-05 0.0393191 0.00382872 0.0225985 0.02069 4.33201e-10 7.36998e-05 0.0837536 2.59702e-10 0.00641911 7.91664e-07 0.0138011 0.0759625 1.10598e-07 
1.45153e-05 0.00015843 0.0365026 0.01205 0.00311151 0.000812125 0.00165739 0.0158789 0.0343472 0.0665665 0.0131582 0.00799521 0.20867 0.0335098 0.00825803 0.045896 0.0168516 0.0417078 0.0758602 0.0208761 0.0657161 0.000482733 0.00961238 0.0233941 0.00384881 0.0155421 0.0011952 0.0371138 0.193653 0.00555964 
4.9294e-07 2.34922e-06 0.00115119 0.12436 8.50629e-07 1.69998e-07 4.68043e-06 0.000178931 2.05329e-05 0.00599315 0.00612728 5.84896e-06 0.790793 0.00694208 0.00778268 0.00417398 0.00433805 0.00748951 0.0050436 0.000188419 0.0208069 1.85902e-07 0.000762779 3.7628e-05 5.77243e-05 0.00688584 5.19561e-07 0.00190429 0.00493587 1.13932e-05 
3.18232e-08 3.69911e-06 0.00860747 0.12145 0.000293935 0.0894699 7.02055e-05 0.00299441 0.00378764 0.103506 0.0389195 0.00011462 0.124117 0.111101 0.00455048 0.113323 0.122116 0.0389654 0.00258952 0.000571503 0.0186962 0.0003675 0.00532133 0.000836518 0.000537677 0.00701463 6.42354e-05 0.0194178 0.0590376 0.0021555 
0.000227793 0.063215 0.00764426 0.000275835 0.00256366 0.0129987 8.24975e-05 0.00264191 0.0329929 0.0543052 0.00231622 4.0896e-07 0.50909 0.0540544 0.00117962 0.15452 0.00313121 0.00188399 0.000680596 0.0113643 0.0116346 4.02442e-07 0.00594408 0.000209025 0.0124694 0.000200291 8.95986e-05 0.0528938 0.00106703 0.000323258 
6.76281e-06 4.22758e-08 0.0135584 0.149218 0.0029181 0.0171978 1.0003e-06 0.0131133 0.00382035 0.107948 0.0433273 6.41667e-07 0.461405 0.0113266 2.55737e-05 0.0213786 0.0201844 0.00433512 0.000206175 0.00035032 0.0228237 3.7367e-06 3.69265e-05 0.0102827 1.90438e-05 0.0254185 2.90943e-07 0.00642715 0.0644962 0.00016979 
1.30789e-08 1.54934e-08 0.00343487 0.0512626 1.53645e-08 0.0506542 3.58198e-07 0.0135856 5.23229e-05 0.0358285 0.00312181 0.000125201 0.670627 0.0709622 8.47811e-05 0.0162823 0.0359919 0.00316622 0.00234185 0.000121188 0.0296247 2.54198e-05 4.50494e-05 0.000704444 7.03567e-05 0.00549401 1.41146e-05 0.00161561 0.00476132 1.88217e-06 
3.72826e-07 0.000596219 0.12257 0.0274712 0.00120575 0.0015709 2.45633e-05 0.009158 0.000215508 0.0833904 0.00261762 0.000807402 0.516275 0.103576 0.00203229 0.00635606 0.0605452 0.0138531 0.000482913 0.000737289 0.0217964 1.26115e-05 0.0051284 0.0017647 0.00015161 0.000719461 5.17123e-05 0.0107367 0.00609058 6.27759e-05 
1.21352e-08 0.0577025 0.0179755 0.162902 0.000180076 0.000197615 2.01617e-05 0.00187937 0.000965016 0.105113 0.0678627 1.87289e-05 0.174264 0.0598118 0.00384188 0.0387679 0.0246111 0.0158995 0.00482754 0.00318746 0.0207091 9.69055e-05 0.00260707 0.0685152 0.000352173 0.0287777 8.52729e-06 0.0394042 0.0989261 0.000575058 
1.02349e-06 1.21244e-06 0.0968537 0.0285995 2.55803e-05 8.68768e-07 0.000243709 0.20371 8.19951e-05 6.86596e-08 0.000113656 9.82856e-07 0.363909 0.0883296 5.25717e-05 0.00236276 0.193347 0.000600556 0.000222325 3.06029e-07 8.05814e-08 0.000892177 1.94826e-07 0.000656128 6.66624e-05 0.00760149 0.000115973 0.0122094 1.09576e-07 1.05661e-06 
7.76677e-05 0.000561211 0.0070868 0.0529984 0.000104298 8.51873e-05 0.00159827 0.000392603 0.000797917 0.0180989 0.0256443 0.0248803 0.436252 0.0873307 0.00336638 0.0311011 0.0893047 0.0461958 0.00205864 0.00333812 0.0487268 0.000173374 0.000437971 9.02993e-05 7.40069e-05 0.00226009 4.67305e-05 0.0121923 0.00373649 0.100989 
2.34329e-09 2.77588e-09 0.000597057 0.126508 6.15589e-07 8.94043e-05 5.51663e-05 0.00534968 0.0394916 0.0871714 0.00521962 3.76261e-05 0.262639 0.0674537 0.000209206 0.0435451 0.151951 0.0385061 0.0103697 0.000418325 0.0704423 0.000158741 0.00164526 0.0348267 0.000731558 0.000367729 0.0164101 0.000196049 0.0340356 0.00157457 
3.96684e-10 1.65756e-06 0.0113433 0.098707 4.66006e-10 0.000819349 1.14927e-06 1.27196e-06 5.34192e-07 8.87889e-07 0.0942706 0.000289889 0.455939 0.0661805 8.70146e-11 0.00598401 1.31814e-05 0.0393191 0.00382872 0.0225985 0.02069 4.33201e-10 7.36998e-05 0.0837536 2.59702e-10 0.00641911 7.91664e-07 0.0138011 0.0759625 1.10598e-07 
1.69903e-05 0.000226617 0.0390731 0.0112403 0.00439519 0.000621047 0.00150539 0.0186111 0.0385014 0.044213 0.00860431 0.00850086 0.225674 0.0394166 0.00602773 0.0528712 0.0192668 0.0461672 0.0749489 0.0219684 0.072179 0.000619657 0.00852773 0.0315353 0.00438142 0.0138333 0.00133216 0.0342883 0.166175 0.00527802 
3.85694e-10 4.56896e-10 4.80275e-06 0.0100588 4.53095e-10 3.8068e-05 6.90679e-11 2.2862e-05 0.00742998 0.285634 0.0248511 5.74068e-08 0.436299 0.0355598 0.000249404 0.0371057 0.0721485 0.00450339 6.54819e-06 2.89084e-07 0.0580914 1.66367e-08 8.83644e-05 2.96138e-05 4.88583e-08 0.000617135 2.65096e-07 3.79564e-05 0.00761424 0.0196081 
1.32812e-07 0.000133708 0.0051499 0.00640192 1.13077e-05 1.70599e-05 2.1821e-05 0.0374453 8.1805e-05 0.0193311 0.00212606 4.50888e-06 0.387625 0.0132342 0.00310988 0.0816781 0.00920495 0.0540804 0.000142086 0.00296741 0.00707039 0.00163829 8.01613e-07 0.000171944 1.73339e-05 0.297819 9.05823e-05 0.00793475 0.0624888 1.38106e-06 
1.12949e-07 0.0132541 0.0583177 0.221181 0.00188939 0.0322747 6.37404e-05 0.00564067 0.000885521 0.0248288 0.056962 0.000302017 0.222933 0.0349902 0.00183719 0.034202 0.115424 0.0083891 0.00925007 0.00289129 0.0398046 1.562e-05 0.0260872 0.00135449 0.0515298 0.00827223 0.000136792 0.0149133 0.0122902 7.92102e-05 
