1.34626e-09 1.86198e-05 8.00712e-07 0.00382195 1.9909e-06 1.62637e-06 0.000265796 4.71212e-06 0.0103184 0.0436352 3.11983e-07 5.17225e-05 1.59276e-07 0.497671 7.88029e-05 0.021196 0.406135 8.48702e-06 0.000179087 7.82912e-07 0.0163807 2.43135e-07 1.59168e-05 0.000113808 4.78978e-05 3.42426e-07 7.03085e-07 2.6762e-06 4.50781e-05 2.16674e-06 
6.244e-06 0.000348244 0.0232403 0.014378 7.34386e-05 2.28305e-05 0.0121134 0.000810791 0.000106685 0.150995 0.0018066 0.000161023 0.00112317 0.616014 0.0199191 0.00540892 0.0383772 0.00529681 0.0152104 0.00851029 0.0437201 5.41758e-07 0.0022035 6.53683e-05 0.000516745 0.00281494 0.00195129 0.0211429 0.00366844 0.00999362 
3.54007e-07 5.29422e-10 4.62003e-07 0.00072323 1.62098e-06 6.12012e-06 1.39585e-05 0.00107792 0.303777 0.0194454 4.78633e-07 4.29172e-10 5.94032e-10 0.438233 1.64309e-06 0.0132676 0.0307605 0.0173132 2.43812e-07 0.000609362 0.0084234 4.88058e-10 0.0151436 0.137888 4.45474e-05 0.00172955 1.48739e-07 7.06044e-11 0.0112522 0.000286724 
1.94237e-05 0.000583502 0.0049303 0.00394178 0.000125782 0.000225306 0.000281196 0.0051473 0.00703265 0.0620678 0.0185436 0.000440177 8.02583e-10 0.377068 0.0173461 0.0697018 0.292556 0.0147537 0.0120758 0.00620444 0.0138249 1.89536e-08 0.000729302 0.0158247 2.30696e-05 9.07899e-05 0.00188811 0.00909749 0.0643996 0.00107734 
0.0264293 1.76174e-10 0.000923097 0.000378039 4.75092e-05 1.76557e-05 4.5245e-05 0.00313175 0.0021068 0.0211049 0.000617168 4.62126e-05 1.28388e-08 0.478469 0.00921839 0.10813 0.259408 0.0176474 0.000320079 2.31657e-08 0.0212244 1.6241e-10 0.00295402 0.00103747 0.000706395 0.000307533 1.56633e-05 0.000131765 0.00126437 0.0443173 
1.43327e-10 2.08134e-07 0.00134229 1.41396e-08 0.00563605 0.00210788 6.02305e-05 0.00470865 0.00118532 0.0261419 0.000315658 0.00061352 8.86684e-07 0.467691 0.00234555 0.0429917 0.325262 0.0150397 0.000233677 0.000206627 0.00602616 0.000152676 0.00390265 0.00157646 0.000680358 0.00109218 0.000602983 0.011127 0.00445238 0.0745046 
0.000242623 0.00162573 0.0338667 0.00480968 0.00200446 9.11713e-06 0.0011725 0.0136782 0.00459859 0.0610297 0.0105411 8.39872e-07 0.000207021 0.28737 0.0340414 0.123654 0.187881 0.0330904 0.00254653 0.000365675 0.0406025 0.000109999 0.0039657 0.0210724 0.0716188 0.0022994 0.000981075 0.0257863 0.0307208 0.000108327 
1.06662e-07 0.00109411 0.0414029 0.029043 0.0297802 0.000464473 6.72428e-05 0.00340125 0.000735673 0.147548 0.0425821 1.32707e-05 1.00326e-05 0.369339 0.00155806 0.0597723 0.0971131 0.0623786 0.00832407 0.0116514 0.00180044 6.70501e-07 0.0169471 0.023546 0.000260649 0.00057009 0.0212678 0.00692419 0.0222871 0.000117245 
8.32728e-07 2.10738e-07 0.00417138 0.0101889 0.00396714 0.00644434 9.59747e-05 0.000829033 7.56953e-05 0.0316808 0.00275455 8.67384e-08 0.00234015 0.396558 0.00146191 0.0318007 0.351231 0.0127218 0.000133594 0.000487002 0.0846236 2.2396e-09 0.00284149 0.000615006 1.03861e-05 0.000147327 3.47385e-09 0.0094028 0.0454059 1.02553e-05 
1.73397e-08 1.90462e-06 0.000952379 0.0133457 2.38442e-05 0.000174767 0.000115113 0.000476733 0.00559444 0.0250205 0.0913842 0.00889895 0.00169802 0.315928 0.000906116 0.0972919 0.234018 0.00559192 0.000260114 0.00398105 0.0344753 5.84151e-06 0.00524063 0.0128699 0.000486803 0.0576054 7.5319e-05 0.0187866 0.0618161 0.00297497 
8.56487e-09 0.000266503 0.00268158 0.000848195 3.49545e-05 0.00122879 0.00217937 0.0012322 0.000581976 0.0664867 0.000580147 0.000547887 1.13842e-08 0.410069 0.00918789 0.109897 0.195708 0.0286541 0.0106935 0.00329544 0.0341145 1.78931e-05 0.0628925 0.000638023 0.00417766 8.17562e-05 0.000566884 0.00575711 0.00771194 0.0398681 
0.000179739 0.0011659 0.00830973 0.0116586 1.37102e-05 1.45531e-05 8.43366e-05 0.00607777 0.011011 0.00789034 0.00689192 1.9632e-06 9.7676e-06 0.597371 0.026484 0.0740449 0.114303 0.0215806 0.000888084 0.00349465 0.0353912 2.62542e-05 0.0047272 0.00209791 0.00463378 0.0126341 2.29524e-06 0.0150008 0.0340038 7.17725e-06 
4.15809e-06 0.00474633 0.158801 0.00526248 0.00105013 0.00165929 2.00951e-06 0.0555018 0.00331132 0.0261359 0.00326964 2.48422e-05 7.10462e-08 0.482617 0.00010176 0.04363 0.120968 0.010263 0.000100338 0.000244361 0.0510146 2.96733e-06 0.00874764 0.00295964 3.85055e-05 0.00162157 0.000157785 0.00746719 0.0102952 1.27075e-06 
1.07898e-10 9.83532e-08 0.0100417 1.86832e-05 0.00862384 1.34259e-07 1.93218e-11 0.00175355 1.50815e-05 0.000122572 1.3906e-07 1.03614e-10 1.43416e-10 0.968416 0.00043093 0.00873175 0.000373318 4.71631e-08 0.00057241 1.30195e-07 8.49499e-12 1.17831e-10 0.000506676 1.36801e-07 0.00010587 4.36403e-05 1.82768e-10 0.000213476 2.98716e-05 1.11389e-10 
2.41958e-10 2.96491e-07 0.0169196 0.0984237 0.00168903 1.11343e-05 0.000959962 0.00158638 0.00134285 0.0914912 0.0268157 7.65294e-05 6.71782e-08 0.300409 0.0217706 0.0238219 0.276919 0.0259305 0.00363613 0.00106129 0.0356826 0.000170347 0.00138727 9.90012e-08 0.00956165 0.0029973 0.000154046 0.0402972 0.0164627 0.000421626 
1.90874e-09 1.38395e-06 0.0347077 0.0689325 1.05736e-05 0.000983192 3.73789e-05 0.000808916 0.000924462 0.147484 0.00588808 0.000149741 0.00268711 0.633806 0.0118298 0.0131114 0.0309772 0.00750011 0.00500749 0.000113484 0.0156488 0.00130985 0.00092658 0.00290438 0.00248054 0.00608336 0.000135519 0.00357612 0.00197254 1.52594e-06 
3.35428e-09 0.000650084 0.0422022 0.0373098 1.0835e-06 0.0169849 2.29447e-05 0.00801691 0.0093507 0.0737028 0.0362088 3.18162e-05 4.5483e-05 0.209696 0.00828728 0.0723104 0.115624 0.126188 0.0249178 0.00316512 0.0921064 0.000377914 0.0190612 0.00238744 0.00114975 0.0190843 0.000113328 0.0509421 0.030015 4.72596e-05 
0.000108048 1.48906e-07 0.0022554 0.0837998 0.000700004 3.5711e-05 0.000131012 0.00889906 0.00139103 0.0417608 0.000451348 0.00771857 4.11804e-05 0.470669 0.000151603 0.0457226 0.233832 0.0179657 0.00843182 0.000212603 0.0234477 1.91426e-05 0.00838907 0.012342 0.000149994 0.00269754 4.17073e-05 0.0131286 0.015271 0.000236032 
1.75618e-08 3.44245e-05 0.0809466 0.0631207 0.0374362 0.0134877 0.000938349 0.00249939 0.000371784 0.0232274 0.0365606 3.62002e-05 0.0591638 0.307677 8.76153e-06 0.036696 0.0646713 0.0101721 0.0143045 0.0364746 0.00257366 0.000989716 0.000127225 0.000267207 0.138495 0.0108762 0.016216 0.0115008 0.031124 3.53536e-06 
4.72753e-05 0.00577849 0.155206 0.00231788 2.4329e-06 0.000524572 2.32717e-06 0.0321126 0.000360096 0.00323931 0.00822308 0.000873488 2.57241e-07 0.642439 0.000109997 0.0152298 0.0222239 0.0137038 0.0185722 0.00374188 0.0166636 0.00146418 1.13739e-05 0.0028193 0.00672986 0.0107307 1.02697e-05 0.0280123 0.00885035 1.99796e-07 
2.73175e-08 3.23605e-08 0.00306473 1.23923e-05 7.40393e-05 4.62932e-05 0.000128209 2.05123e-05 2.0476e-05 0.00042841 0.00178881 0.0995813 0.000197948 0.649394 3.86558e-05 1.70839e-05 0.242527 4.7803e-05 1.09969e-06 0.000441307 0.000655196 2.98322e-08 2.10884e-07 1.64596e-08 0.000809425 3.50145e-05 0.000109731 0.000103054 0.000456807 2.26511e-07 
6.31864e-05 0.00851293 0.15942 0.0150701 1.16094e-06 0.146205 0.000498033 0.0158942 0.00184595 0.0028511 0.0148144 1.64978e-07 6.12872e-07 0.344879 0.00314105 0.120491 0.0129064 0.0322871 0.000104595 0.0309514 0.0157455 5.03296e-05 3.10785e-06 0.000467335 0.00496492 0.000659481 6.56111e-05 0.0619605 0.000286193 0.00585908 
3.80717e-08 2.64013e-05 0.014416 0.00603291 0.00115289 0.00133405 0.0364552 0.010173 0.0300916 0.181458 0.0169188 2.36841e-05 0.000119451 0.212369 0.00242071 0.0382355 0.202914 0.0327712 0.00223473 0.0306095 0.0333072 0.000218862 0.00383201 0.00228556 0.000629693 0.00150761 0.00273812 0.108401 0.024333 0.00299054 
2.82783e-05 7.55318e-07 0.00413815 0.035114 3.43797e-05 0.000120833 0.00598104 0.0825275 0.013115 0.00169791 0.0054988 0.00024276 0.000106708 0.568674 0.000128058 0.0930768 0.0461526 0.0226556 0.00197585 4.56464e-05 0.00180074 0.000338662 0.000315256 0.00323881 0.000326305 0.0467672 4.67207e-06 0.00572294 0.0600276 0.000143244 
0.000703304 0.000410762 0.00974748 0.00085622 0.00605333 6.97899e-06 0.000150498 0.00138122 3.14875e-05 0.000828726 0.00398607 1.43502e-07 2.56429e-06 0.884784 0.00438425 0.0102722 0.00556257 0.000324816 0.0065518 0.000616975 0.0170156 1.86505e-05 0.00140454 3.734e-05 0.000300563 0.00013199 0.0161628 0.0281147 0.000157918 6.93151e-08 
9.5225e-07 1.12804e-06 0.00850689 8.8705e-05 0.000246945 0.000874657 2.7854e-05 0.0105947 0.0627176 0.0790781 7.74553e-06 9.1444e-07 1.26571e-06 0.704854 0.000120117 0.0175225 0.0231911 0.0306334 0.00369372 5.5178e-05 0.0184934 4.1245e-06 0.000317278 0.000486041 0.000524859 4.2965e-06 0.00954794 0.000193714 0.0282046 6.47191e-06 
0.00683047 0.000552545 0.0155223 0.01792 4.61467e-05 0.000259849 6.02382e-05 0.00737301 0.00759991 0.116808 0.0181601 5.49114e-05 6.94035e-05 0.26539 0.000574345 0.0915693 0.176918 0.076628 0.0244526 0.00338937 0.0810421 0.000213152 0.00257604 0.00741472 0.00174253 0.000980015 0.000795517 0.0474396 0.0221351 0.0054839 
1.73015e-05 0.000388693 0.107406 0.146038 0.194961 3.62085e-05 1.60517e-05 9.83643e-05 0.00364283 0.0402989 0.000803251 1.76395e-05 2.15911e-07 0.208967 0.00164439 0.0034943 0.192182 0.00581874 0.000187652 0.000176769 0.0725567 3.75571e-05 0.000332158 9.89057e-05 1.69373e-05 0.00043823 1.48987e-05 5.58647e-05 0.0202079 4.53514e-05 
1.60046e-05 0.000216898 0.0651382 0.0100648 1.11987e-06 0.000869829 0.000180899 0.0648535 0.0419755 0.10389 0.000299944 1.73705e-07 0.000269553 0.370205 0.0168059 0.173453 0.0195179 0.0245777 0.000915521 0.000165409 0.0065359 0.00359011 0.000542212 0.00361049 0.00159555 0.0559095 0.000907338 0.0144073 0.0193387 0.000145797 
1.29088e-08 0.000223444 0.00451605 0.0102003 7.00786e-05 0.000916757 1.38798e-05 0.0107953 0.00310444 0.024342 0.00531991 5.06629e-06 9.99448e-07 0.441974 0.0104785 0.0711602 0.14452 0.0292348 0.00164607 0.00282691 0.162783 4.06523e-06 0.000913621 0.000149035 0.00809578 0.000358641 9.36026e-05 0.0467912 0.0194296 3.22238e-05 
4.7244e-11 1.34858e-06 0.0142987 6.70858e-05 0.000558757 3.06676e-07 0.000247198 0.000357329 0.000313149 0.0366962 0.000105457 1.41446e-07 0.000741455 0.511119 0.00670969 0.0622583 0.163265 0.0129412 0.0059723 0.0216718 0.0316351 5.1593e-11 0.00776595 0.00639243 7.23617e-05 0.000350276 0.000680031 0.0203168 0.0203266 0.0751365 
2.01502e-06 2.387e-06 2.39341e-07 0.000129009 0.000397455 9.83741e-06 3.60838e-07 0.00148636 0.048645 0.00095552 1.862e-06 1.93501e-06 2.67831e-06 0.725366 4.42003e-07 0.090632 0.0621808 0.0677955 6.6325e-07 6.02497e-07 1.96821e-05 2.20051e-06 0.0010833 0.000108604 1.31919e-06 2.96739e-05 3.41322e-06 6.64442e-05 0.000180425 0.000893859 
5.92174e-09 3.20114e-06 0.023745 0.00165319 6.95659e-09 0.00141569 0.000111579 0.00104353 0.0279541 0.037086 0.000549174 7.28158e-05 7.87104e-09 0.251049 0.00577702 0.0723391 0.23659 0.245358 4.88774e-07 0.00233366 0.0214316 5.03375e-06 0.00345583 6.59914e-05 0.00119726 2.31599e-07 0.000914893 0.0125975 0.00454024 0.0487091 
9.39445e-06 0.00103246 0.0425794 0.0478076 2.64047e-05 0.0121352 0.00011003 0.00597979 0.0100561 0.112443 0.0355833 3.48334e-05 0.00359382 0.2112 0.00129623 0.0894376 0.124479 0.115114 0.000569529 0.0114138 0.0490743 1.2104e-05 0.0052833 0.00603343 0.0212784 0.0104976 0.000225195 0.0544238 0.0279123 0.000357693 
4.34875e-07 0.000568715 0.0126181 0.0877581 1.24019e-05 7.48902e-05 6.16585e-06 0.0034196 0.000550052 0.0170257 0.0172546 0.000264069 0.106927 0.39949 8.91455e-06 0.0122546 0.20297 0.0388362 8.49653e-06 2.76473e-05 0.00215338 4.78468e-06 0.00673296 0.000724757 2.58618e-06 0.000166393 0.0894039 0.000295154 0.00043643 4.87957e-06 
0.000658718 0.00106817 0.12014 0.0267725 0.000199394 0.000738608 6.30828e-05 0.00847392 0.000275244 0.0292223 0.0413434 8.3461e-07 0.00028518 0.173063 0.00744258 0.07073 0.0215443 0.0787666 0.00259164 0.00518636 0.143318 7.20762e-06 0.0156234 0.0172881 0.000560909 0.13747 0.00110193 0.0789446 0.0160784 0.00104162 
0.000117553 0.201825 0.2412 0.0166656 0.00591702 0.000699683 9.54995e-07 0.020348 0.00682465 0.00391855 0.0622434 6.78633e-06 4.01995e-07 0.292739 0.000904521 0.0120779 0.049087 0.00707871 0.000744481 0.0321623 0.019261 5.07915e-06 4.30403e-05 3.38562e-05 2.45198e-05 0.00428036 5.94309e-07 0.0106674 0.0111226 3.12224e-07 
1.89122e-07 0.000647923 0.0410916 0.028542 7.82542e-05 0.0067772 7.95326e-05 0.00476747 0.0148712 0.0147228 0.00385694 1.53405e-06 0.000496758 0.310938 8.61775e-05 0.0688914 0.00862463 0.0415391 0.000686986 0.000282652 0.041183 0.000337976 0.0138774 0.0628025 3.19723e-06 0.292838 0.000161896 0.0170575 0.0247443 1.17979e-05 
1.33673e-09 1.5835e-09 1.58775e-10 6.35568e-05 1.57033e-09 6.62238e-07 2.61714e-07 0.000306271 0.00248452 0.00368452 1.18548e-07 1.28366e-09 4.16061e-06 0.682841 1.38414e-05 0.177776 0.117091 0.015715 2.50649e-06 2.6823e-06 1.05243e-10 1.45979e-09 2.84412e-07 4.65108e-06 3.89289e-06 1.62538e-07 2.26428e-09 3.33452e-07 5.34865e-06 1.0905e-07 
3.60899e-06 6.61433e-06 0.0491383 0.00281548 0.000119602 2.18354e-06 6.92637e-05 0.00162069 0.000448794 0.0618146 0.000307376 9.30229e-05 3.60735e-07 0.420544 5.20007e-05 0.0148453 0.206221 0.107168 0.000317626 0.00170593 0.0413461 6.46073e-09 0.00022693 0.0137385 0.000337894 0.00575824 0.000223583 0.00171311 0.0133128 0.0560492 
7.86005e-10 7.50367e-05 0.0427994 0.0142965 9.23362e-10 4.43591e-05 0.000549141 0.0421029 0.00359277 0.123108 0.0230456 7.54796e-10 1.04474e-09 0.192975 0.000475433 0.0554618 0.15786 0.116553 0.000804122 0.00541965 0.0839203 1.58119e-07 0.000414672 0.000306481 1.73582e-05 0.00457029 0.00111506 0.083369 0.0471218 1.70696e-06 
5.58941e-11 3.21071e-08 0.000119445 1.00856e-11 1.04131e-07 4.74443e-11 0.000557557 0.00071464 0.00062628 0.00342673 1.8742e-08 0.000813888 1.5248e-07 0.42764 0.00121851 0.0141899 0.286784 0.00180355 6.57496e-07 3.86271e-05 1.55691e-06 6.10394e-11 1.76117e-06 3.69503e-07 0.000438247 7.00461e-08 4.83156e-05 1.14028e-08 0.00277944 0.258797 
2.21217e-06 6.43625e-11 0.102232 0.00828681 0.0269292 0.00147292 2.38504e-05 0.024486 0.00143129 0.0141259 0.00827903 0.000131407 0.000429944 0.409992 0.00469707 0.0702363 0.033722 0.136399 0.00158802 0.00105715 0.0684467 1.28763e-08 0.00593663 0.00119324 0.000682011 0.00602789 7.44741e-05 0.0286078 0.0403067 0.00320216 
3.6162e-06 4.28377e-06 4.29527e-07 0.000371505 4.24814e-06 3.06952e-06 0.000354114 0.000494735 0.00277432 0.00103566 0.000740334 3.27843e-05 4.80656e-06 0.685127 7.93231e-07 0.0305139 0.269159 0.00238622 0.000342787 0.000317473 2.84709e-07 0.000392839 6.88358e-07 2.17887e-06 0.00182084 1.4044e-06 0.00021294 0.00369433 0.000199727 3.73319e-06 
3.49282e-06 1.84248e-06 0.00947476 0.00575175 0.00529384 0.00089469 7.02564e-05 0.0116313 0.0300247 0.0157715 0.000862744 1.31316e-06 2.56039e-06 0.321645 0.000268615 0.295943 0.100437 0.0364727 0.0271157 5.66355e-05 0.00112663 7.86781e-05 0.00488644 0.119856 0.00331769 0.00602817 5.7501e-05 0.000301351 0.00262337 1.30256e-08 
7.39867e-06 0.00579694 0.0116488 0.00897979 0.000361257 0.00751384 8.60978e-06 0.00222323 0.000501525 0.0511913 0.00247799 1.99391e-06 0.052906 0.441898 0.00434729 0.083445 0.218953 0.0198713 0.000906204 0.000986034 0.0455162 7.42811e-05 0.00183919 0.000576326 3.59416e-05 0.00185999 1.20187e-05 0.0238475 0.012213 8.05032e-08 
7.68934e-08 2.84602e-08 0.168137 0.00609 0.000263955 0.000315959 7.78174e-05 0.173527 0.000759596 0.0960262 0.00195299 1.33457e-05 0.000350023 0.1788 0.00715852 0.0394529 0.0500083 0.0609801 0.00282814 0.00192102 0.0759338 1.01529e-05 0.005396 0.0040098 0.000515244 0.00205659 0.000270811 0.0993695 0.0180206 0.00575407 
3.08848e-07 8.51636e-05 0.0041878 0.0166043 0.00809375 0.000624562 0.000474326 0.00166475 0.00248856 0.0454381 0.0434874 7.24331e-05 0.0102378 0.539518 0.00216922 0.0303238 0.0980249 0.00566779 0.0177869 0.00468463 0.0370031 9.94315e-07 0.00597497 0.000148404 0.00368004 0.0342613 4.2007e-06 0.0857287 0.00156294 7.03804e-07 
1.9528e-07 0.00152543 0.039786 2.57005e-05 0.000108631 1.53746e-10 0.000211683 0.0189072 0.0022357 0.100225 0.0159116 2.7629e-07 2.86423e-07 0.246185 0.000366126 0.104207 0.185169 0.0555415 0.0393112 0.00447767 0.0744923 1.00738e-06 0.00238947 0.00119461 0.000285479 0.0260601 0.00133308 0.0232494 0.011701 0.0450984 
2.16118e-08 9.29805e-05 0.00200248 0.000216052 9.95748e-05 1.37669e-06 7.44536e-05 0.00133664 0.000400393 0.126153 0.0030131 1.71067e-05 6.10839e-10 0.425665 0.000454937 0.0166838 0.264726 0.0215432 0.0111514 0.00167617 0.0396311 3.02399e-07 0.00141901 0.00750317 0.000710847 8.69277e-05 7.75007e-05 0.00555883 0.0133855 0.0563198 
3.80214e-06 1.97715e-08 0.00273131 0.343853 3.49175e-05 1.4805e-07 1.0198e-06 1.08435e-05 2.48797e-06 0.000849181 5.75542e-05 2.43946e-06 1.52088e-05 0.561618 3.66111e-09 0.000761584 0.00751792 0.0386312 0.00121347 0.00179903 0.000104872 2.34071e-05 3.17708e-09 0.00195751 3.72833e-06 0.033569 2.82717e-08 1.118e-05 0.00522485 1.54024e-06 
0.00121857 2.14044e-06 0.0972637 0.0109762 0.00184288 8.74743e-06 0.000156013 0.0139122 0.0292261 0.113412 0.0172711 0.000179441 0.00011614 0.284925 0.000641604 0.032416 0.0530482 0.0638096 0.00364073 0.000652862 0.047997 3.55366e-05 0.000531933 0.0153829 0.00166477 0.0393049 4.49566e-05 0.0634862 0.104747 0.00208586 
0.00152541 2.61828e-08 0.0104872 0.00256901 0.000274645 5.1482e-07 1.65239e-05 0.00618021 0.000769665 0.225573 0.000940972 0.00017432 2.25338e-05 0.452516 0.000351556 0.0564239 0.0386179 0.143285 0.00383055 0.000330334 0.0274737 1.74942e-05 0.000276429 0.0180923 0.000572964 0.00149451 7.20447e-06 0.000496437 0.00635715 0.0013224 
4.1075e-07 0.00252826 0.0396742 0.0122299 0.00156213 4.10972e-05 7.29428e-05 0.0031412 0.00204573 0.0432478 0.00753918 3.34684e-06 2.20252e-05 0.475597 0.00900782 0.101384 0.111438 0.106266 0.00622902 0.000831663 0.0161401 2.44497e-06 0.00181144 0.0202431 0.0157864 0.00314535 9.15753e-06 0.0139876 0.00590117 0.000111091 
1.14806e-06 0.0240791 0.0403406 0.0026885 0.00490805 4.62838e-05 5.91033e-05 0.00452887 0.0017368 0.0446166 0.0108133 3.59186e-05 7.47154e-07 0.595813 0.00284798 0.0895124 0.0574727 0.0788683 0.000310952 0.00336702 0.0181165 0.00392161 0.00128849 0.00513199 1.984e-05 2.15832e-05 1.94469e-06 0.00935021 8.60891e-05 1.43686e-05 
5.05088e-05 0.00476105 0.0445497 0.0148403 6.00311e-05 1.89874e-06 2.94108e-06 0.00307224 0.000263122 0.0482363 0.000676305 0.0260565 0.0830706 0.429413 0.0126361 0.0125595 0.0386424 0.00434768 0.0046365 3.1763e-05 0.190186 2.7621e-07 0.0107562 0.00489583 0.000123621 0.00217058 1.69989e-05 0.019174 0.0210392 0.0237291 
6.26972e-05 7.64226e-08 0.0111615 1.14881e-05 0.00127051 0.00724593 3.8052e-06 0.0436467 0.0935638 0.0744348 0.000400476 1.15923e-05 6.19218e-05 0.375083 0.000651428 0.128624 0.0463619 0.0956102 0.0104654 0.00020536 0.0449393 2.0824e-06 0.000433646 0.00126924 0.000469113 0.000222099 1.72674e-05 0.00013324 0.063554 8.26367e-05 
8.04305e-09 1.94892e-10 0.0221304 0.00302329 0.000477847 1.51969e-08 9.18653e-05 0.0265246 0.00170064 0.117733 0.00330137 1.67392e-06 1.15469e-07 0.443636 1.02969e-05 0.0891548 0.165672 0.0407132 0.012021 0.0017292 0.0056646 7.69692e-06 0.000255197 0.0112921 0.000374632 0.00902095 0.016181 0.0167856 0.0124967 8.43863e-08 
7.91538e-06 2.26557e-10 9.89095e-07 1.22765e-06 0.0086361 0.00653418 0.00244468 0.0463028 0.000643084 0.0822844 2.25782e-07 2.00043e-06 3.29273e-07 0.437796 0.00011518 0.0509994 0.242635 0.0295792 0.00398775 0.000924313 0.0354218 2.08856e-10 4.20094e-07 0.000614252 0.000597068 0.0053734 2.94484e-07 0.00676466 0.0254331 0.0129003 
8.70843e-10 1.03161e-09 0.000429072 0.00164424 1.02303e-09 2.5623e-07 0.00257473 1.8223e-06 2.97936e-10 5.84193e-11 2.49887e-05 7.57886e-08 1.1575e-09 0.98585 2.55928e-07 8.05507e-07 1.42573e-07 0.00153775 0.00623091 2.60385e-10 6.85629e-11 9.51008e-10 2.34895e-07 6.89486e-07 5.70125e-10 6.3551e-05 1.47511e-09 0.000371387 0.00126906 8.99018e-10 
5.24367e-07 2.49638e-05 0.0751606 0.00340639 0.00533482 4.81064e-05 4.17587e-05 0.0133032 0.00553723 0.0219492 0.0182333 2.8742e-07 6.55526e-09 0.211717 0.0184604 0.156275 0.140848 0.0264721 0.00163375 0.00429083 0.0806489 7.94592e-06 0.0236902 0.0075523 0.145746 0.0136175 4.02525e-05 0.0180249 0.00792514 8.85566e-06 
2.12517e-09 1.79016e-05 0.0501477 0.00822957 0.000148906 1.26539e-06 9.78623e-05 0.0159709 0.00213221 0.147015 0.000698636 5.43566e-05 0.00188672 0.526724 0.00185635 0.0621137 0.0942758 0.00623164 0.00505878 0.00857949 0.0157649 2.3208e-09 0.0197146 0.000114 0.00700828 0.00293333 0.00215461 0.00538649 0.0139028 0.00177991 
6.38966e-06 0.0018089 0.0345322 0.000880675 4.63936e-05 0.0159945 3.33434e-05 0.00520536 0.0151893 0.00988792 0.022016 1.24392e-05 1.99935e-08 0.512833 0.0211355 0.202829 0.0198924 0.0481834 0.0238294 0.000288724 0.00168101 1.75368e-05 0.00279765 0.006873 0.000829673 0.0171586 0.0210385 0.000700053 0.0142993 1.55287e-08 
4.75515e-06 5.63299e-06 0.00367467 0.0138726 5.58613e-06 0.0185162 0.000147966 1.33256e-06 2.55042e-05 0.00126729 6.71918e-05 9.55944e-05 0.000402504 0.503987 1.27156e-06 4.25796e-05 0.35587 0.000967452 0.000179857 0.00180871 0.00719537 5.19288e-06 3.85794e-05 0.0881366 5.06496e-05 8.15422e-05 0.000735816 7.51223e-07 0.00256405 0.000247942 
1.82781e-11 1.00468e-06 0.0119976 0.00481408 7.20916e-05 1.83222e-09 0.000311027 0.00246605 0.00247931 0.196744 0.00738941 0.000155948 2.93824e-08 0.225098 0.000121395 0.00470706 0.026779 0.0220363 0.192796 0.000742126 0.0894393 2.80856e-08 3.7485e-08 0.00256118 0.00358895 1.98562e-08 0.000429903 0.00772086 0.0351908 0.162359 
2.15897e-07 2.86115e-05 0.0706814 0.0169943 0.000203474 0.00167707 6.24196e-05 0.00765363 0.00137117 0.155602 0.0282488 8.6216e-06 0.00853405 0.215639 0.00224365 0.0805319 0.0874186 0.08556 0.0013669 0.00124985 0.0653659 1.13969e-05 0.00547484 0.000774128 0.00592261 0.00537909 0.0134172 0.134031 0.00443727 0.000111207 
7.41112e-11 0.00375108 0.0082971 0.00101453 0.00555878 2.49658e-05 0.00265074 0.0190318 0.00516088 0.0211714 0.000509388 0.000158264 2.75767e-07 0.593962 0.00226507 0.0974575 0.125872 0.0142096 0.00899049 0.0010017 0.00442845 5.04185e-06 0.00435244 2.7312e-05 0.0061264 0.000840808 0.000182079 0.029711 0.00252389 0.040715 
0.000110227 0.00070307 0.128386 0.0143322 0.000858693 0.000328242 0.000215208 0.00984312 0.00245649 0.125084 0.0291234 4.69752e-06 1.72758e-05 0.137775 0.00671755 0.0395184 0.0268509 0.128803 0.0171721 0.0856632 0.0276294 0.000125986 0.0135782 0.00465301 0.123119 0.0175481 0.000881481 0.0167111 0.0417764 1.44902e-05 
4.04686e-06 0.000317033 0.00769281 0.00538324 0.0418292 0.0026655 7.13524e-05 0.00381064 0.0118597 0.0195283 2.10074e-05 1.81718e-05 3.06698e-05 0.798721 0.00348416 0.0227072 0.0320633 0.0185786 1.53808e-05 0.000404895 0.002909 0.000119595 0.00246327 0.000715117 0.00155962 5.29536e-05 0.00579148 0.00342247 0.00331704 0.0104428 
0.000681071 0.0287945 0.249064 0.00069875 8.66268e-06 3.57521e-08 7.82539e-07 0.0312029 8.54222e-06 0.00225231 0.00574711 7.39429e-06 1.18461e-05 0.461204 0.000639448 0.0548332 0.0115248 2.83135e-06 1.28304e-05 0.00490883 0.00298704 7.05694e-09 1.23008e-09 0.0639386 0.00250451 0.015364 1.24344e-05 0.0293397 0.0342495 6.67115e-09 
1.70561e-06 0.000222496 0.00152013 0.00948567 0.000187731 0.000916656 0.000101168 0.00219441 0.00523757 0.224865 0.00420403 2.74585e-06 4.89845e-05 0.298485 0.00808872 0.0444369 0.0738514 0.00345049 0.00303227 0.0116519 0.0129045 0.00810476 0.00565592 0.000449595 0.0041505 0.0114273 0.000652922 0.247204 0.0172764 0.000188866 
7.68203e-08 1.83412e-06 0.0056149 0.000134673 0.000452439 0.00426585 0.000354818 0.0141095 0.00356417 0.0940748 5.9088e-05 0.00014152 4.51541e-05 0.391042 0.00372318 0.067655 0.10055 0.0131154 0.000229379 0.000291635 0.00760796 1.52872e-07 0.0164804 1.8862e-05 0.00331144 4.24283e-05 0.000179192 0.00196042 0.00824489 0.262729 
2.63385e-07 0.000496599 0.010243 0.00662525 0.00319194 0.000602875 5.51277e-05 0.0218653 0.0576927 0.0370431 0.00301962 3.02502e-07 9.92766e-05 0.219278 0.111404 0.198657 0.0546184 0.0839579 0.00169111 0.0224798 0.0990446 6.80904e-06 0.0366577 0.000574178 0.00156523 0.00201292 9.13129e-05 0.0224315 0.00454558 4.88869e-05 
2.97842e-07 1.29762e-05 0.000343282 0.000997124 9.20006e-05 5.80673e-05 7.01402e-05 0.00428156 0.00723475 0.0317888 0.000711604 7.69843e-06 0.000413701 0.639339 0.000148333 0.030188 0.218481 0.00936848 0.00750299 0.000748382 0.0336062 3.2526e-07 9.40857e-05 0.00646104 0.000180957 1.15671e-07 8.70912e-05 0.000409412 0.00735646 1.5964e-05 
2.33559e-09 4.27541e-07 0.00528398 0.00191811 0.00073517 0.000257422 0.000198047 0.00143251 0.0136887 0.0557064 1.47754e-05 0.000336793 4.90138e-05 0.646248 0.000610707 0.0269024 0.0572618 0.0219514 0.0011817 0.000570056 0.0202302 1.11109e-07 0.00553161 7.39736e-05 0.0101168 0.000724783 0.000132006 0.00645763 0.0256149 0.0967702 
8.52734e-07 0.00326288 0.0153781 0.021615 0.00107013 0.00368731 0.00232602 0.00415012 0.00153596 0.177169 0.0459008 0.000242141 0.000636964 0.201194 0.0159528 0.0406559 0.151416 0.00969786 0.0147806 0.0075508 0.0236089 0.00595867 0.0277724 0.0013491 0.0619962 0.00308346 7.3385e-05 0.155265 0.00143963 0.0012293 
3.56637e-07 4.72339e-07 0.0179046 0.000616412 0.00160155 4.3524e-07 0.00021237 0.00201654 0.00443952 0.0215987 0.00299864 2.66443e-09 3.91688e-05 0.666961 0.00455918 0.137785 0.0026793 0.007469 0.0222282 1.34021e-07 0.00619712 0.0430915 0.00180132 0.00199375 0.000191566 0.00524349 3.87536e-06 0.027051 0.0213167 2.86436e-09 
1.80868e-07 2.14257e-07 0.00784152 0.00533428 5.12856e-05 0.00286637 5.14558e-05 0.00639542 0.000766043 0.017502 0.0136888 2.91135e-06 9.592e-05 0.577053 0.00100901 0.0774077 0.210062 0.0189927 6.34018e-05 0.000303614 0.0557483 1.97517e-07 8.51367e-06 0.00105669 0.000358759 0.000291257 1.35863e-05 0.00182592 0.00120876 1.86719e-07 
3.43019e-07 4.06343e-07 0.00643477 0.00560977 4.02963e-07 0.00279457 2.47521e-06 0.000135351 0.000353277 0.0169876 0.0376106 0.0120047 3.72743e-05 0.753502 0.000164244 0.0122397 0.0482144 0.00313565 0.0143196 0.0076031 0.0264348 1.49213e-05 7.6314e-06 0.00364984 0.00450078 0.00151071 2.44307e-05 0.00841529 0.0340795 0.000211936 
6.75659e-06 0.0069662 0.08315 0.0223312 0.0053583 0.0115806 0.00861038 0.0308887 0.00179709 0.0942219 0.0538072 1.39945e-05 0.00687979 0.357164 0.00964272 0.0286018 0.0678011 0.0328511 0.0195118 0.0239369 0.0412934 0.0003405 0.015031 0.00382132 0.0080485 0.00570924 0.000145074 0.0475828 0.0126888 0.000218028 
0.000121079 1.65352e-07 0.0115732 0.000235341 0.00130831 6.72389e-05 1.335e-05 0.0247423 0.000430468 0.0194148 0.00351864 4.18311e-05 3.03505e-05 0.687008 0.0425409 0.0225551 0.0436165 0.00857759 0.0175005 7.0617e-05 0.0392673 2.53999e-05 0.0229108 0.000711864 1.77724e-06 0.000818656 1.99182e-05 0.0306482 0.00646093 0.0157689 
0.0175329 0.00238132 0.0102831 0.0539964 0.00165045 0.017625 0.000140249 0.00569235 0.017248 0.0634872 0.0032465 2.011e-07 4.55793e-07 0.20132 0.00852257 0.05544 0.177023 0.120223 0.00570674 0.0135091 0.160191 0.000158809 0.00378732 0.000933145 0.00187345 0.00278098 3.24312e-05 0.0303857 0.0248191 9.38433e-06 
7.2396e-05 0.0579965 0.0963444 0.000754867 1.59563e-05 0.00115248 0.000471702 0.0502735 0.000372096 0.0899533 0.000373939 2.90164e-07 0.000230966 0.560698 1.68399e-06 0.0145729 0.00743292 0.00779995 0.000450374 8.93218e-05 0.00871247 7.95574e-08 5.12731e-05 0.030383 0.000694761 0.0318469 1.25345e-05 0.0111545 0.0280864 7.52081e-08 
2.67329e-08 0.000431574 0.0523128 0.0118196 0.0007053 0.00742792 0.000329234 0.00271407 0.00162462 0.033725 0.00546265 0.0010562 1.96144e-06 0.342914 0.0458442 0.0118573 0.147838 0.00786269 0.0966666 0.0917852 0.0396977 1.15718e-05 0.0114333 0.000575574 0.00024954 0.0028496 5.46746e-05 0.000145674 0.0823352 0.000267937 
4.65257e-10 5.51147e-10 0.00620551 0.000153321 5.46563e-10 5.25286e-06 1.06652e-06 1.95702e-07 1.06664e-06 5.65889e-05 2.95819e-06 0.00244378 1.65121e-05 0.483869 1.03077e-08 1.88773e-06 0.476962 0.0301101 7.96349e-06 1.39114e-10 3.1356e-06 5.08086e-10 1.6828e-06 2.62394e-05 3.04596e-10 3.55975e-06 2.28627e-06 3.74933e-07 0.0001145 1.08555e-05 
4.30023e-11 9.17443e-08 0.00252881 0.015374 5.05677e-08 3.32167e-06 0.000436088 0.00232533 5.44362e-07 0.0385866 0.000444456 0.000173654 5.71576e-11 0.471877 8.75369e-07 0.00260339 0.463603 1.75159e-07 6.93705e-08 1.28578e-11 7.58417e-08 4.69608e-11 0.000470884 6.99835e-08 4.93523e-06 5.03858e-06 1.16619e-07 0.00155905 3.79361e-07 1.63372e-06 
1.80812e-07 1.3365e-08 0.00862666 0.000442341 0.00196595 1.88776e-05 9.14841e-05 0.0102098 0.000398806 0.163086 0.00061003 0.000178162 1.94194e-05 0.278222 0.00360183 0.0467951 0.0418948 0.103904 0.0162367 0.000111577 0.175746 1.23208e-08 0.00029194 0.000142421 0.00017239 0.000182898 3.92894e-05 8.90526e-05 0.00262513 0.144297 
3.29255e-05 3.29155e-05 3.29731e-05 3.29698e-05 0.00332451 3.29336e-05 3.29699e-05 3.29645e-05 3.29611e-05 0.0231163 3.29686e-05 3.29276e-05 3.29076e-05 0.557233 3.29677e-05 3.29762e-05 0.240708 0.0198173 3.29618e-05 3.29633e-05 0.0033305 3.29206e-05 3.29693e-05 3.29469e-05 3.2944e-05 3.29585e-05 3.28879e-05 3.2971e-05 0.151713 3.29238e-05 
0.00125383 5.83838e-08 0.00343981 0.037489 0.000454914 0.0037814 4.48961e-05 0.00231532 0.000319119 0.0996925 0.00473435 1.91863e-06 6.5509e-08 0.359298 8.40885e-08 0.015249 0.0740566 0.182843 0.00167888 0.00884473 0.0367786 2.78991e-06 0.00109606 0.00585683 3.22663e-08 0.00166663 0.0204543 0.0337622 0.104871 1.37048e-05 
0.000203972 0.0025462 0.0159572 0.00589409 3.75066e-05 0.00513045 0.079256 0.00641375 0.000155409 0.183913 0.0101219 2.76886e-05 2.59745e-06 0.494552 0.000515717 0.00414464 0.00957047 0.00758614 0.00731245 0.00358348 0.0656054 0.000111901 0.00786859 0.00044892 0.00121342 0.0351178 0.000323056 0.0436619 0.00856106 0.000163457 
2.49575e-05 1.5419e-07 0.0362074 0.000546048 1.49664e-06 0.000764066 2.83813e-05 0.0198275 0.00803237 0.0752615 0.000622931 1.57441e-05 7.774e-09 0.412706 0.000101499 0.167224 0.228149 0.00185854 0.000345878 0.000583374 0.00332745 6.38573e-06 0.00998998 0.00232309 2.9511e-06 2.70438e-06 4.64251e-06 0.0238795 0.00816095 1.16105e-06 
1.05742e-08 0.0103527 0.0193051 0.00880699 4.26831e-06 0.0028988 0.00159761 0.00281102 0.00325548 0.092772 0.014892 8.11647e-05 1.4055e-08 0.52559 0.0266124 0.0981297 0.0372546 0.0714213 0.00183651 0.01178 0.0449031 5.52188e-07 0.00219885 5.67953e-06 0.00260253 0.0192379 2.73239e-05 0.00104453 0.000514604 6.33902e-05 
3.23814e-07 0.00335433 0.0217816 0.00314421 0.00191342 1.61318e-05 0.000130823 0.000162213 4.16039e-05 0.00480427 6.48703e-05 2.22492e-05 4.30405e-07 0.630345 0.00336919 0.0553853 0.203199 0.00836446 0.00435495 0.0126844 0.00923671 3.53622e-07 0.00400893 1.95108e-07 0.00292225 0.00453102 7.28243e-05 0.00990031 0.00761298 0.0085758 
2.49636e-08 0.000251017 0.0328236 0.032059 0.000225701 0.00110287 0.000106101 0.00561349 0.00217075 0.0305157 0.0105417 1.25586e-06 1.98999e-05 0.60131 0.00253093 0.0188153 0.125087 0.0531663 0.00166147 0.0130294 0.0256779 2.72616e-08 0.0148947 0.00104131 0.00156742 0.00264723 0.00192575 0.0153727 0.00578776 5.3432e-05 
0.000518143 0.000116596 0.0573672 0.0075835 0.00460415 0.124762 6.00212e-05 0.0262107 0.000254042 0.125592 0.0205 1.53064e-06 0.000453052 0.214366 2.03005e-05 0.165723 0.0242082 0.0334548 0.0171142 0.0150026 0.0821102 0.000391326 0.000735982 0.00155595 0.00973533 0.010996 1.32922e-06 0.026555 0.0300062 1.18019e-09 
9.01184e-08 0.000194618 0.00361356 0.00325159 0.000799825 0.000469708 0.000128561 0.000655577 0.00389292 0.0483857 0.0563126 2.83462e-05 8.48991e-06 0.542973 0.00208575 0.0312447 0.188126 0.0160532 0.00118868 0.00380607 0.0301803 1.87673e-08 0.00319942 0.000196298 0.00386314 0.0101796 7.02168e-05 0.0080184 0.0177324 0.0233421 
0.000199 0.00132977 0.0314948 0.00459281 0.00116649 0.00121054 0.000465848 0.0107671 0.000676106 0.0246403 0.00314758 0.000217746 0.00545842 0.573159 0.00310667 0.0156053 0.104791 0.0171364 0.0018685 0.00776905 0.0135999 4.08204e-06 0.00126832 0.00363221 0.133205 0.00208792 0.0103329 0.0134879 0.0110058 0.00257417 
0.000602692 0.00264859 0.0847602 0.00825756 1.31804e-05 0.000742924 0.000301407 0.0166923 1.21079e-05 0.0728582 0.00393314 2.27499e-06 3.81014e-06 0.419009 0.00227688 0.0214695 0.110633 0.0620972 0.00208079 0.0168722 0.0475389 1.58226e-07 0.000369613 0.00376448 0.0586609 0.0248806 0.000124649 0.0350326 0.0043402 2.08249e-05 
1.20178e-06 1.42364e-06 0.00281191 0.00742948 0.000553653 0.000176744 7.94929e-06 0.000121898 0.000242228 0.00514994 0.100673 1.50943e-05 2.9162e-05 0.499693 0.00354409 0.0397474 0.0272477 0.0422509 5.16795e-05 0.000339794 0.0437116 0.000262917 0.00769772 0.200654 3.9097e-05 1.1427e-05 1.1505e-05 0.0037442 0.0134901 0.000288445 
1.07795e-06 0.00173085 0.0502959 0.00230764 6.13762e-06 0.0184439 0.000771782 0.00802793 0.0039307 0.127411 0.00801265 6.46754e-10 2.10476e-07 0.313557 4.00753e-07 0.201493 0.0410494 0.138039 0.00499209 0.00654513 0.00912184 0.00016783 0.00176007 0.0190428 0.00234577 0.00200291 0.000154101 0.0364243 0.0023649 1.39365e-07 
9.59494e-08 1.13662e-07 2.00275e-05 1.73133e-08 6.49566e-05 6.85728e-06 1.29636e-06 1.83159e-05 8.36421e-06 4.63783e-06 1.94282e-08 9.21396e-08 1.27534e-07 0.990097 1.01816e-06 6.37149e-09 0.00961044 3.46359e-05 3.15821e-08 2.86892e-08 7.55425e-09 1.04782e-07 9.56918e-05 5.78124e-08 6.43995e-06 1.42865e-05 1.55624e-05 1.51582e-08 1.02724e-08 9.90536e-08 
4.27149e-10 0.0364255 0.0494908 0.000841295 0.0498807 0.0034517 0.00307362 0.00452919 0.00193263 0.13451 0.0019093 0.00156768 0.000272435 0.337929 9.36972e-11 0.0923048 0.119361 0.0316112 0.000102581 0.0673869 8.75697e-07 3.41704e-05 0.000927365 0.000252265 0.0020694 0.0432439 7.43153e-06 0.00746009 0.00883102 0.000592959 
2.14645e-06 0.0552463 0.0214725 0.0127021 0.000114621 0.000372637 5.00419e-05 0.00639603 0.00186406 0.0569549 0.00160324 5.74399e-06 0.0116199 0.449366 0.00884718 0.0160801 0.187088 0.0116626 0.0458766 0.00944392 0.0446189 4.1494e-06 0.00249759 0.000500253 0.00383641 0.00290329 6.82381e-05 0.0164326 0.0323536 1.6374e-05 
8.82264e-08 1.32104e-09 0.0466875 0.00190674 1.31005e-09 0.000208316 1.76409e-05 0.0502628 0.0151677 0.0299505 0.00293973 6.62412e-05 4.45442e-05 0.38185 1.07244e-06 0.0310224 0.0477707 0.263912 0.000325327 0.000937413 0.0455485 1.21783e-09 0.000126701 0.0467117 0.00356622 0.0190369 8.10495e-08 0.0114616 0.00042568 5.191e-05 
1.97517e-09 2.3398e-09 4.05093e-06 9.8657e-06 2.32033e-09 3.49333e-07 1.60922e-05 0.0079203 0.211827 0.0123968 6.25988e-08 2.8649e-05 2.62534e-09 0.451985 0.000823248 0.0344243 0.23285 0.0219304 2.07171e-06 2.70869e-05 1.02427e-05 1.57906e-07 0.000171509 6.7243e-07 2.92657e-05 1.06876e-06 7.47087e-05 1.27097e-05 0.025296 0.00015872 
1.01634e-09 1.20397e-09 0.031564 0.0245788 8.70517e-06 0.00285061 6.74705e-05 0.00362788 0.0289696 0.0751636 0.00189212 8.25575e-05 2.65661e-05 0.276972 0.00411958 0.193395 0.184718 0.0701238 0.0307058 0.00743276 0.0351936 0.000245273 0.00096259 0.000146943 0.00531313 0.00141707 0.000347175 0.00702165 0.00432558 0.0087284 
6.39345e-10 1.34611e-06 0.0181419 0.0155816 1.29925e-05 0.00917914 4.78858e-05 0.00861863 0.0203788 0.0684762 0.00562815 0.000339953 5.00092e-07 0.340121 0.00662218 0.0575894 0.158571 0.103383 0.002967 0.00194066 0.0594312 2.9315e-07 0.00181099 0.0201679 0.00013103 0.00398258 0.000247003 0.0235801 0.0611274 0.011921 
3.08938e-08 2.18088e-05 0.0145912 0.0125726 1.05533e-05 0.000215933 2.32245e-06 0.0135685 0.000291309 0.0374278 0.0344126 5.41542e-07 0.000143314 0.371382 0.016395 0.0967356 0.168838 0.0877263 0.000161477 0.00109098 0.0288472 0.000166282 0.0142494 0.00759616 0.00185991 0.000413598 0.000104013 0.0141619 0.0769607 5.31333e-05 
0.00569897 4.52354e-07 0.0139272 0.0903563 6.75017e-06 0.00302697 6.68668e-05 0.0874467 5.69772e-05 0.0331486 0.0037321 0.000269792 8.9484e-05 0.361057 2.74542e-05 0.00550388 0.177526 0.00530353 0.0735765 0.00205989 0.110384 0.000117739 0.000497559 0.00106899 7.5887e-05 0.00870224 0.000425568 0.00194182 0.0139042 3.94214e-07 
1.03482e-06 0.000935592 0.0237452 0.0544551 0.00540619 0.000180612 1.09882e-05 0.0035444 0.00355598 0.0102411 0.0120119 4.37013e-06 0.000381594 0.492651 0.000382738 0.0207615 0.255821 0.0260373 0.00431073 0.000621224 0.0312592 8.07481e-05 0.00101438 0.0012847 6.93034e-05 0.0272876 0.000360299 0.00897091 0.0143718 0.000241969 
7.40602e-08 7.92375e-05 0.0136882 0.00319402 6.54837e-05 0.000757705 4.71034e-05 0.0646036 0.00577323 0.0176836 0.00947567 3.84154e-07 9.47494e-05 0.284712 0.00174201 0.195494 0.264686 0.0386372 0.00136471 0.000395431 0.0219807 1.92956e-05 0.00766631 0.0040653 0.00131148 0.00130922 4.88588e-05 0.0438137 0.0172804 9.87382e-06 
2.30611e-09 0.000148669 0.0409078 3.73691e-07 0.000170811 4.34434e-06 8.75757e-06 0.0119036 1.06562e-05 0.0265737 0.000790387 2.21455e-09 3.06523e-09 0.777054 0.00179411 0.0426224 0.00234472 0.0816175 8.01464e-07 0.000450559 0.00168696 1.54341e-06 1.02288e-05 0.00771093 0.00202076 3.85693e-05 3.90631e-09 0.00170836 0.000419689 2.38072e-09 
1.03741e-05 2.93725e-05 0.0113035 0.000998292 7.06614e-05 1.18645e-07 9.63301e-07 0.0195218 0.223137 0.00733399 0.00418689 0.000169883 1.01097e-05 0.283214 0.0258695 0.211455 0.000618325 0.0237228 0.000401262 0.00784017 0.012755 0.00169223 0.0772494 0.0028859 0.000531292 0.00910043 4.70291e-05 0.00383189 0.0368162 0.0351968 
6.10208e-06 1.06797e-06 0.00943798 0.000144887 3.72181e-10 3.70447e-08 0.000655204 0.0526704 0.000513984 0.00328025 0.0023722 3.04237e-10 4.21105e-10 0.421658 0.00393419 0.159702 0.15686 0.00722427 1.04281e-10 0.00956211 0.00247136 3.45981e-10 3.94338e-06 0.158691 9.08226e-09 1.2304e-10 3.39231e-07 0.0107923 1.8134e-05 1.9625e-07 
4.0706e-06 2.39003e-06 0.0334553 0.00303372 0.00553678 0.0248933 8.07581e-06 0.0110651 0.102815 0.129087 0.0436541 5.20795e-06 1.0161e-05 0.205621 0.00430915 0.133908 0.0211463 0.175521 0.00485936 0.00174321 0.0166096 0.000860862 0.008592 0.00950656 0.000561022 0.00739896 0.000133969 0.0328268 0.022455 0.000376644 
1.62904e-06 2.1008e-08 0.00063746 0.0254415 9.96384e-07 1.50532e-08 8.86743e-06 0.00615118 0.00105917 0.0210104 0.00123792 9.97987e-06 2.35718e-08 0.410096 3.89008e-09 0.201975 0.257991 0.0619322 5.83727e-09 0.00579522 0.00334146 0.00145942 0.000571362 0.00074337 8.16472e-06 3.27616e-05 0.000157827 0.00029821 2.48165e-05 1.4702e-05 
1.14147e-06 0.00427759 0.00111417 0.00265169 0.00540513 0.0011277 0.000249175 0.00175947 0.00747798 0.104811 0.00267156 0.000456097 1.59414e-06 0.432671 0.0367108 0.0528802 0.226955 0.0102875 0.00394894 0.00740168 0.0550945 3.06503e-07 0.0101504 0.000110818 0.00400945 4.04361e-05 0.000539697 0.0057684 0.00747597 0.013951 
1.3603e-06 0.00312982 0.0131949 0.000647426 0.000628654 0.00107483 4.25333e-05 0.00564074 0.000137077 0.0173488 0.00169137 1.16247e-06 5.48014e-06 0.88016 3.95805e-05 0.00319845 0.000603222 0.0260926 0.000284765 0.000628812 0.00626396 0.00894971 0.000362119 3.02288e-05 0.0106222 0.00178031 6.18923e-05 0.0153278 0.00148357 0.000566891 
0.00322278 7.19976e-10 0.0199767 0.197547 7.13987e-10 0.00391369 0.000162523 0.00299802 0.000152304 0.0556971 0.00419914 0.0910306 0.000449199 0.349214 5.64863e-05 0.00490021 0.116 0.0203786 0.000385 0.00357749 0.0117151 3.84494e-05 0.000156081 0.00025576 0.0543536 0.00844607 0.0010248 0.0367206 0.00649099 0.00693795 
0.000127887 0.00074092 0.0689254 0.0147095 0.00400373 5.46893e-05 0.000223221 0.00671563 0.0323859 0.0980822 0.00786914 1.01719e-06 2.50778e-05 0.312553 0.00738845 0.0259422 0.0374683 0.0689407 0.024331 0.013436 0.0904878 0.00682839 0.00720938 0.0188198 0.0502353 0.0159275 0.0017638 0.0600774 0.0247167 1.0094e-05 
6.01329e-08 8.03242e-07 0.0179894 0.00126862 1.95802e-06 4.46722e-05 0.000157312 0.00216245 0.00139975 0.0241916 0.00277467 8.46406e-05 0.000703889 0.511688 1.413e-06 0.0111497 0.276834 0.0993076 1.39449e-06 1.04954e-06 0.0125679 2.50591e-09 0.0012355 0.000182407 0.000153674 0.000264939 0.0303819 0.000502942 0.00355585 0.00139208 
