2.2073e-05 0.000111966 0.00827703 0.0109492 0.0513495 0.00141859 0.0418173 0.00666706 0.0220892 0.035903 0.00278776 8.48523e-06 2.294e-07 0.00824706 0.300242 0.152927 0.00586322 0.0342582 0.00342697 0.0293344 0.0588402 0.000526923 0.0846506 0.00322822 0.006957 0.0535175 0.000381737 0.0453175 0.0308318 4.84467e-05 
4.63825e-12 5.07292e-08 0.000369339 2.47769e-05 8.63317e-05 2.54719e-05 0.000196721 0.00189194 0.0384087 0.0119201 9.22547e-06 1.29194e-05 6.16504e-12 0.00820577 0.680208 0.138249 0.00201538 0.00224845 0.000401388 6.76171e-05 0.0333762 7.39693e-06 0.0411685 3.03589e-06 3.50354e-05 8.72725e-06 2.13382e-05 0.00321343 0.0195295 0.0182953 
5.45549e-08 0.000128896 0.00843638 0.00880713 0.000253798 0.000417226 6.08105e-05 0.0121159 0.00516177 0.0690007 0.00115127 5.76398e-08 6.23446e-08 0.0197386 0.280376 0.224826 0.00501295 0.104275 0.00353876 0.000244559 0.0502126 0.000512033 0.162341 1.5399e-05 5.94172e-05 0.00059394 2.43267e-06 0.0212743 0.021013 0.000429237 
3.10376e-08 3.24943e-05 0.00110182 0.00107182 2.25859e-05 4.17782e-05 0.000205864 0.00184533 0.0830418 0.00618272 1.15758e-05 3.09734e-05 7.6437e-06 0.149639 0.316593 0.219188 0.0581219 0.0117607 0.00813026 0.00151545 0.0103421 6.95072e-05 0.0476749 0.000835834 0.02419 0.00599589 0.00033626 0.00229087 0.0497024 1.688e-05 
1.41318e-11 0.000147503 0.00369585 0.000149954 0.0306352 9.33886e-09 0.000106387 0.00086801 0.0264653 0.00370988 6.87532e-06 3.56712e-06 0.000262217 0.0115441 0.517905 0.105693 0.00229543 0.00401211 0.00226499 0.00045098 0.0503138 7.79513e-05 0.0591741 0.00095195 0.00875858 0.0292175 3.38862e-05 0.0227319 0.118524 1.08352e-07 
0.000194508 0.0013244 0.0165473 0.0144939 0.000213203 0.00997895 0.0275535 0.00186511 0.0425673 0.164278 0.004227 5.24086e-05 2.46909e-05 0.0270811 0.176516 0.100376 0.0210866 0.0264373 0.0433119 0.0151042 0.106208 0.00080715 0.0310356 0.066213 0.00369131 0.00152753 0.000163799 0.0671756 0.0297148 0.000231107 
2.29019e-10 2.07469e-07 0.00103254 0.000242144 2.69041e-10 3.74879e-06 4.10114e-11 9.64231e-05 0.127148 0.0133578 3.70128e-05 2.19925e-10 0.000105136 0.0139192 0.522243 0.0902359 0.00298418 0.00362261 0.0136765 0.000246623 0.00779254 2.50101e-10 0.00392235 0.19229 0.000220077 1.97698e-07 1.14016e-06 0.000385357 0.00643804 5.78643e-08 
5.57703e-06 0.000849141 0.0348212 0.0506983 0.00234074 0.000444335 0.00497548 0.016569 0.0249263 0.0893982 0.0132801 6.52557e-06 0.000318522 0.0243835 0.212436 0.169153 0.00542866 0.0330247 0.00491729 0.00569911 0.0378976 0.000506352 0.200425 0.00605368 0.000614853 0.00713602 7.56897e-05 0.0231561 0.0303785 8.04401e-05 
4.01639e-10 0.000348204 0.000456944 0.000261431 0.000271837 2.45842e-05 1.56606e-05 0.00251961 0.00412562 0.00927162 0.000137899 5.97874e-08 1.69575e-06 0.00320009 0.781208 0.0387212 0.00436068 0.00255601 0.00057552 7.25091e-05 0.035234 6.15866e-07 0.108047 7.82233e-10 0.000836074 9.23021e-06 4.303e-05 0.00506894 0.00262229 9.17464e-06 
2.90974e-07 0.00419428 3.41635e-05 0.00175713 0.00178182 8.03592e-05 1.16543e-05 0.00249818 0.0143154 0.00047748 0.00696524 2.43727e-07 3.57063e-08 0.00446242 0.48793 0.311867 0.00162672 0.0109951 0.000402852 8.64392e-05 0.0213735 1.18412e-06 0.0394201 0.0695417 1.71141e-07 0.00193614 8.93187e-07 0.000629669 0.0175757 3.41165e-05 
9.16139e-07 0.000130226 0.00652378 0.00185552 0.000642989 0.000423608 7.00031e-05 0.00520703 0.208519 0.0162971 0.00805022 1.53406e-07 4.51035e-06 0.00431978 0.332514 0.0619545 0.00352211 0.00957884 0.00392227 0.00141308 0.0363205 4.51303e-06 0.273901 0.00247661 0.000711372 0.000219386 0.00577402 0.00575401 0.00988387 4.60325e-06 
2.51223e-08 0.000157229 0.000704312 0.00997559 0.000309542 0.000468679 2.65397e-05 0.000341359 0.0220273 0.0216642 0.00154899 9.39205e-06 9.97364e-07 0.00254052 0.612428 0.035217 0.00216017 0.0108358 0.00456605 0.0038351 0.0188491 2.26343e-06 0.136986 0.000141373 0.000127157 0.000144671 2.67571e-05 0.000845555 0.112249 0.001811 
2.56016e-09 8.2034e-06 0.0106872 0.00212495 0.00237376 5.0606e-05 5.51275e-05 0.00546413 0.0080531 0.0968405 0.00255397 1.70833e-05 8.98809e-09 0.00802311 0.336927 0.281422 0.012062 0.0180459 0.00207979 0.0776592 0.053516 0.000128139 0.0389061 0.00174967 0.0160648 1.4583e-05 0.000252282 0.0169987 0.00791045 1.17845e-05 
3.47764e-09 0.000186285 0.00290232 0.0577939 5.12003e-05 1.2611e-05 0.00273023 0.00402972 0.0158723 0.0339591 0.00190997 1.485e-05 9.05348e-09 0.0991841 0.327766 0.183193 0.0251891 0.00195802 0.00048498 0.000143513 0.0632463 2.79523e-09 0.00692082 2.18386e-05 0.0015246 0.000190591 0.000740269 0.132028 0.0375996 0.000347024 
4.69856e-12 4.33616e-05 0.000135403 5.97742e-05 6.48884e-05 3.82017e-05 6.02161e-05 0.00110219 0.0434741 0.00427408 6.54909e-06 2.29513e-07 6.24522e-12 0.00106645 0.797526 0.112611 0.000269336 0.00102833 4.97611e-05 4.52064e-05 0.00927796 1.77728e-05 0.0149084 7.3163e-06 6.66489e-06 8.82595e-07 7.82037e-06 0.0055196 0.00804797 0.000350353 
1.59128e-10 0.00956383 0.00636448 0.0149025 0.000118468 9.25431e-06 2.38605e-05 0.00128659 0.0801092 0.0115462 0.00974753 1.57689e-06 8.00955e-08 0.0792254 0.495715 0.111156 0.0238375 0.00120172 4.85929e-05 0.000476832 0.074113 1.65195e-06 0.0560089 1.56747e-05 0.00593009 0.000836334 1.59421e-06 0.00259615 0.0147585 0.000403463 
4.16393e-12 6.38403e-08 0.00012664 3.30343e-05 2.84863e-05 3.39593e-05 2.47031e-05 0.00109062 0.0423366 0.00403085 5.5432e-06 1.79396e-07 5.5346e-12 0.000987143 0.804931 0.112663 0.000242444 0.000952866 4.54719e-05 4.2425e-05 0.00853041 9.86004e-06 0.0141198 4.04579e-06 2.853e-06 6.27944e-07 7.02629e-06 0.00407314 0.00556256 0.000114345 
8.27029e-08 9.9673e-05 0.000310841 0.000310325 0.000883003 0.000239867 1.49001e-05 0.0011423 0.0032364 0.000243261 0.00238955 1.51922e-07 1.70991e-08 0.00449888 0.487539 0.089427 0.00118987 0.00166917 0.000159231 0.00131972 0.00123689 8.59792e-08 0.398344 0.00022534 0.000903868 0.000102657 4.90794e-06 0.000194672 0.00431145 2.32387e-06 
1.24391e-08 9.52777e-08 0.00264128 0.000646275 5.04896e-05 0.000205322 3.03062e-05 0.00993931 0.0439432 0.0258682 1.13474e-05 3.53315e-06 1.42129e-08 0.00106178 0.554383 0.235936 0.000858883 0.0148017 0.000878705 0.000289503 0.0180099 0.00208029 0.0183552 6.955e-05 2.1021e-05 0.00015345 1.27271e-05 0.0230008 0.0462838 0.00046387 
2.75986e-09 1.31142e-05 0.00488991 0.000724295 0.00358016 2.08069e-05 7.1386e-05 0.00360868 0.004134 0.0416367 0.00243673 1.5353e-05 1.17955e-08 0.00564417 0.421773 0.313496 0.0099308 0.00779206 0.00209793 0.0988356 0.0222463 3.54187e-06 0.0153274 0.0019488 0.0254532 5.03711e-06 0.000261445 0.0126777 0.00135677 1.89109e-05 
4.80875e-08 0.0418087 0.0146415 0.00851679 0.000608941 0.0212539 6.82442e-05 0.00551571 0.0422222 0.0103048 0.00399253 3.17689e-06 1.90534e-06 0.0390971 0.257493 0.252501 0.00354274 0.0276277 0.0510385 0.0142652 0.080817 0.00134222 0.0170935 0.00103769 0.00190787 0.00402755 4.35109e-06 0.0132003 0.0860612 3.76161e-06 
5.62952e-08 0.000358851 0.00350115 0.00139638 0.00036036 4.93516e-05 1.3037e-05 0.0048607 0.00315817 0.00902569 0.000750583 3.82346e-07 7.38949e-05 0.00494233 0.644479 0.0385721 0.00204048 0.00549546 0.00284647 0.0011121 0.0261019 3.4338e-06 0.234339 4.09842e-05 0.00169521 0.000373088 2.50914e-05 0.00427652 0.0101042 4.26748e-06 
4.01639e-10 0.000348204 0.000456944 0.000261431 0.000271837 2.45842e-05 1.56606e-05 0.00251961 0.00412562 0.00927162 0.000137899 5.97874e-08 1.69575e-06 0.00320009 0.781208 0.0387212 0.00436068 0.00255601 0.00057552 7.25091e-05 0.035234 6.15866e-07 0.108047 7.82233e-10 0.000836074 9.23021e-06 4.303e-05 0.00506894 0.00262229 9.17464e-06 
0.000110944 0.000298941 0.00767928 0.00274002 0.00150673 0.000471793 0.000153807 0.0180582 0.00851207 0.0170182 0.00233158 4.4295e-06 3.56138e-05 0.0184169 0.442383 0.062374 0.0695762 0.0382507 0.00353394 0.00331834 0.0363302 1.3762e-05 0.21313 0.00162676 0.00442469 0.00239158 0.000453851 0.014351 0.0297754 0.000727947 
1.09503e-06 0.00489986 0.00208 0.00582573 0.00349909 0.000274143 7.06819e-05 0.00460785 0.0157344 0.0644803 0.000951656 8.34533e-07 0.000541418 0.0653366 0.329828 0.298822 0.00476789 0.010124 0.00375452 0.000490557 0.0597663 7.60403e-05 0.0298479 2.83915e-05 0.00115012 0.000174103 0.0690899 0.016479 0.00712352 0.000174108 
1.00126e-11 7.7134e-05 0.000714111 0.00660952 0.00109008 0.000365173 6.44419e-06 0.000633089 0.0195568 0.0366597 0.00161482 1.163e-09 3.38471e-08 0.0204779 0.444309 0.306022 0.00274119 0.0132554 0.000885167 0.000757078 0.0390755 3.94301e-05 0.0152001 3.43892e-09 1.29709e-07 1.85766e-05 3.05982e-05 0.0480871 0.0399953 0.00177868 
3.42024e-11 3.68682e-05 0.00151801 0.000371702 0.000129267 0.000708991 7.07688e-07 0.0013683 0.0180964 0.0248251 0.000260997 1.75962e-09 5.31113e-08 0.00507457 0.689796 0.127455 0.000291025 0.0117998 9.91842e-05 0.000469211 0.0197411 8.45216e-05 0.0874121 0.000590633 2.03451e-07 7.0515e-06 2.49201e-06 0.00278623 0.00706565 8.58972e-06 
2.30005e-08 0.00684284 0.0404276 0.00177524 0.000188252 0.00139946 0.000115585 0.00201773 0.00235813 0.0377866 0.00105016 0.000279403 0.000171099 0.191104 0.304205 0.0290559 0.0511895 0.00181767 0.00118139 0.00428793 0.01056 1.30682e-06 0.0875851 0.000548196 0.00108734 3.31212e-06 3.3092e-05 0.0109457 0.000421008 0.211562 
2.30005e-08 0.00684284 0.0404276 0.00177524 0.000188252 0.00139946 0.000115585 0.00201773 0.00235813 0.0377866 0.00105016 0.000279403 0.000171099 0.191104 0.304205 0.0290559 0.0511895 0.00181767 0.00118139 0.00428793 0.01056 1.30682e-06 0.0875851 0.000548196 0.00108734 3.31212e-06 3.3092e-05 0.0109457 0.000421008 0.211562 
4.27731e-10 2.28122e-05 0.00250672 0.00114951 1.93724e-08 4.39397e-06 1.18739e-05 0.00156614 0.00268311 0.017477 0.00709347 3.49649e-10 7.83172e-10 0.000671741 0.779419 0.0320907 0.00287071 0.00466942 0.000384471 0.00017566 0.072277 4.2802e-11 0.0672168 5.83959e-13 0.000470425 0.00012405 2.99418e-05 0.000874609 0.00621018 1.58417e-09 
1.3673e-07 0.000653367 0.0239059 0.0036602 0.000291976 0.00250085 2.58812e-05 0.0149919 0.0182327 0.0548193 0.0273341 0.000845206 3.42501e-09 0.029731 0.455858 0.138385 0.0101045 0.0294218 0.00108502 0.00307747 0.103515 1.41789e-06 0.0491178 0.00669766 0.00581316 0.00170428 1.63193e-06 0.00294816 0.0152429 3.41251e-05 
8.74694e-10 1.73164e-05 0.00223304 0.000580888 3.95842e-08 4.39922e-06 6.12742e-07 0.00572042 0.00665801 0.0163187 0.00987058 7.43203e-10 3.58138e-12 0.000469302 0.787581 0.0577027 0.000900277 0.00314128 0.000249024 0.000175678 0.0466521 9.15986e-11 0.0554895 1.62348e-12 0.000394474 4.48789e-05 1.07753e-06 0.000597226 0.00519779 3.00623e-09 
1.19519e-08 2.37571e-07 2.42241e-05 0.00563834 5.12998e-08 0.00111769 0.000108795 0.00605693 0.00273764 0.000613685 0.00198167 9.68353e-09 1.32009e-10 3.17886e-05 0.437265 0.428019 0.00132083 0.0143065 0.00121484 0.0032942 0.000409452 7.49394e-07 0.0519674 0.000907301 8.82771e-06 0.0042742 1.81169e-05 0.00244827 0.0362325 8.87128e-07 
2.30005e-08 0.00684284 0.0404276 0.00177524 0.000188252 0.00139946 0.000115585 0.00201773 0.00235813 0.0377866 0.00105016 0.000279403 0.000171099 0.191104 0.304205 0.0290559 0.0511895 0.00181767 0.00118139 0.00428793 0.01056 1.30682e-06 0.0875851 0.000548196 0.00108734 3.31212e-06 3.3092e-05 0.0109457 0.000421008 0.211562 
9.06572e-07 0.000221127 0.00705135 0.0901839 0.00102618 0.00241925 4.50383e-05 0.00275462 0.0642044 0.0472508 0.0543896 7.11862e-06 0.000272787 0.00536735 0.167094 0.134646 0.0340912 0.0304358 0.0188018 0.0115378 0.148586 3.12265e-05 0.0396852 0.00421516 0.00047965 0.0114832 5.34793e-06 8.82862e-05 0.118442 0.00518293 
3.11006e-07 0.000279608 0.00759224 0.00103844 0.000372499 1.3486e-05 3.69327e-05 0.0599339 0.00226826 0.0327707 0.00045655 8.03324e-08 0.00587398 0.00938637 0.334432 0.194352 0.00560324 0.0087689 0.000332948 0.000111059 0.0327758 1.42585e-06 0.284123 0.00419398 0.000289112 0.00134831 2.84758e-05 0.00966502 0.00394806 2.885e-06 
2.12381e-09 0.000113555 0.000121841 0.010688 6.41773e-06 0.000448486 4.62043e-06 0.000108861 0.0529215 0.00458095 0.00137674 1.27019e-07 1.94908e-12 0.000385983 0.545792 0.0581775 0.000177963 0.00711668 0.00201235 0.00238362 0.00857327 3.82542e-06 0.188709 0.000125927 9.34799e-06 6.77179e-05 1.80981e-05 0.00036177 0.115686 2.83105e-05 
4.72184e-11 4.15833e-08 0.00163235 0.0413321 3.07048e-07 0.00337829 6.14043e-05 0.00204323 0.000579529 0.00134132 0.0179114 4.96871e-08 6.57568e-06 0.000167814 0.394828 0.280405 0.00119856 0.034694 0.000108278 8.46234e-05 0.0370275 3.05867e-06 0.137537 0.00198347 9.5227e-06 0.0135792 0.000608872 0.00225878 0.0272185 3.69467e-07 
0.000152291 0.0419738 0.0106321 0.0126333 0.000734336 0.000375711 5.21219e-05 0.00321157 0.00366679 0.0094357 0.00880213 0.00937278 8.45788e-06 0.0137121 0.359946 0.0923778 0.00441701 0.00703867 0.0048459 0.00386702 0.0368832 0.00476354 0.358247 0.000861246 0.000451544 0.00123748 3.65207e-05 0.00531119 0.00433794 0.000615165 
3.61011e-08 0.000750387 0.00104369 0.000186613 0.00341616 1.36231e-05 0.000129562 0.00241423 0.00621471 0.0054954 0.00012925 3.52733e-08 2.70481e-10 0.00633811 0.703191 0.0815253 0.00502943 0.00136165 0.000112089 0.00229972 0.0469246 4.53997e-07 0.117683 8.35368e-08 0.00145562 0.000109473 7.90587e-05 0.0117724 0.00229771 2.63199e-05 
1.50941e-10 7.78351e-05 0.000589536 0.00222614 1.77873e-05 0.000146156 0.000189154 0.000575624 0.00482152 0.0051245 0.00107217 1.31933e-09 9.65523e-12 0.000967956 0.536977 0.0323201 0.00446457 0.00780301 0.000902845 0.00389788 0.00996802 9.7586e-06 0.362065 0.000599565 0.000126941 0.000114921 1.77902e-05 0.00512057 0.0197823 2.11443e-05 
2.08243e-10 6.41258e-08 3.46661e-05 0.000929585 1.38267e-08 0.000107537 2.33107e-06 1.50334e-05 3.08033e-05 4.15032e-05 0.00236893 2.59367e-09 6.29396e-12 7.99047e-13 0.778454 0.00410891 1.58785e-05 0.00541855 1.46956e-07 0.000743597 0.000173385 1.20503e-08 0.178893 0.000107275 1.34763e-05 2.14988e-06 2.84482e-08 2.6256e-05 0.0284908 2.23975e-05 
2.08525e-05 0.0001246 0.00997428 0.0117186 0.00203695 4.06924e-07 1.41048e-05 0.0126078 0.00979626 0.00882984 0.000783661 1.05152e-06 2.14506e-07 0.00248703 0.460008 0.396624 0.00147682 0.00703401 0.014409 0.00076893 0.0233716 2.14736e-08 0.00962736 3.76431e-05 6.35595e-05 5.24119e-06 3.56125e-07 0.00489788 0.0232757 4.1262e-06 
5.68604e-05 0.0016025 0.00450026 0.00238541 0.000892877 0.00104562 2.01014e-05 0.00574887 0.041426 0.0752184 0.00439811 9.76887e-06 0.000103771 0.0581672 0.275934 0.152014 0.0108726 0.0656965 0.0041053 0.00208846 0.152347 4.33676e-05 0.0427191 0.000289478 0.0029974 0.0105592 1.37788e-05 0.00353658 0.080989 0.00021833 
1.24097e-09 1.08906e-11 0.000165369 2.38412e-05 0.000256652 3.60184e-09 3.51755e-07 0.000306982 0.000250946 2.44652e-09 8.73391e-05 1.51255e-09 1.22197e-11 0.000472852 0.722295 0.0147198 0.000188946 0.00208597 8.28652e-06 2.63932e-07 1.20031e-06 5.56909e-10 0.259059 5.19299e-09 1.52421e-09 1.14046e-08 2.13753e-09 7.68429e-05 1.18494e-08 4.58733e-09 
2.30005e-08 0.00684284 0.0404276 0.00177524 0.000188252 0.00139946 0.000115585 0.00201773 0.00235813 0.0377866 0.00105016 0.000279403 0.000171099 0.191104 0.304205 0.0290559 0.0511895 0.00181767 0.00118139 0.00428793 0.01056 1.30682e-06 0.0875851 0.000548196 0.00108734 3.31212e-06 3.3092e-05 0.0109457 0.000421008 0.211562 
4.16393e-12 6.38403e-08 0.00012664 3.30343e-05 2.84863e-05 3.39593e-05 2.47031e-05 0.00109062 0.0423366 0.00403085 5.5432e-06 1.79396e-07 5.5346e-12 0.000987143 0.804931 0.112663 0.000242444 0.000952866 4.54719e-05 4.2425e-05 0.00853041 9.86004e-06 0.0141198 4.04579e-06 2.853e-06 6.27944e-07 7.02629e-06 0.00407314 0.00556256 0.000114345 
2.30005e-08 0.00684284 0.0404276 0.00177524 0.000188252 0.00139946 0.000115585 0.00201773 0.00235813 0.0377866 0.00105016 0.000279403 0.000171099 0.191104 0.304205 0.0290559 0.0511895 0.00181767 0.00118139 0.00428793 0.01056 1.30682e-06 0.0875851 0.000548196 0.00108734 3.31212e-06 3.3092e-05 0.0109457 0.000421008 0.211562 
8.89431e-07 0.00815254 0.0484935 0.0853939 0.000171697 0.00359595 0.000898601 0.00140167 0.00585296 0.0664736 0.004184 0.000209959 0.0119565 0.135787 0.159516 0.0213035 0.0596568 0.00528257 0.127925 0.0267093 0.0557657 8.69166e-05 0.0509341 0.00100767 0.00950756 0.00107322 7.44091e-05 0.0155292 0.00594909 0.0871064 
2.84919e-10 1.93148e-07 0.00331447 0.00330013 2.5375e-06 0.000214246 5.10216e-11 0.00373776 0.180815 0.00954154 0.000177585 2.73606e-10 7.52212e-05 0.0284566 0.441989 0.0656874 0.0065231 0.0025877 0.0137681 0.00121902 0.0150278 0.000221148 0.00704986 0.203047 0.000623998 0.000560678 8.39533e-07 0.000275312 0.0117835 5.30575e-08 
3.89772e-10 1.72947e-05 0.00200577 0.000580855 1.76583e-08 4.39338e-06 6.09877e-07 0.00128806 0.00220488 0.0140807 0.00662296 3.34859e-10 1.02005e-12 0.000481884 0.782591 0.0221827 0.000900227 0.00314122 0.000249001 0.000175658 0.0456821 4.08345e-11 0.111622 4.62399e-13 0.000394403 4.4865e-05 1.07299e-06 0.000530238 0.00519771 1.41929e-09 
2.08525e-05 0.0001246 0.00997428 0.0117186 0.00203695 4.06924e-07 1.41048e-05 0.0126078 0.00979626 0.00882984 0.000783661 1.05152e-06 2.14506e-07 0.00248703 0.460008 0.396624 0.00147682 0.00703401 0.014409 0.00076893 0.0233716 2.14736e-08 0.00962736 3.76431e-05 6.35595e-05 5.24119e-06 3.56125e-07 0.00489788 0.0232757 4.1262e-06 
3.21336e-09 0.000174529 0.00402882 0.0531269 0.000422865 1.35974e-05 0.00354092 0.00608848 0.0171166 0.0844226 0.00205864 0.000229082 2.94524e-08 0.135453 0.224211 0.153581 0.0344414 0.00290593 0.000868071 0.000841141 0.0507994 2.7313e-09 0.00633905 9.67719e-05 0.0030868 3.74812e-05 0.000298949 0.152608 0.0496908 0.0135169 
1.5909e-07 0.000148749 0.00311125 3.40345e-05 0.00177199 3.6826e-05 0.000169614 0.00349285 0.0224554 0.0162635 0.000483195 8.02617e-07 3.66541e-06 0.0197429 0.63392 0.178501 0.0173128 0.00742713 0.00100783 0.00101122 0.0180334 1.77968e-07 0.0217033 0.00236523 0.0362044 1.77004e-05 1.49924e-05 0.0118338 0.00292128 1.08946e-05 
1.64032e-09 7.56154e-05 0.107462 0.000822367 7.39178e-08 2.57552e-06 3.63965e-07 0.0158899 0.00585716 0.0267174 0.0318137 1.043e-09 1.61822e-11 0.00372741 0.565569 0.1316 0.0017882 0.00840078 0.000145309 0.000357644 0.0553375 1.36749e-10 0.0374106 7.33559e-12 0.000974421 0.000129864 7.82223e-05 0.00170299 0.00413611 7.05984e-09 
1.09697e-08 0.000127507 0.00282006 0.000148959 0.0239289 1.06265e-06 8.53364e-05 0.000664917 0.0200187 0.00281771 9.22886e-06 5.29494e-06 0.000400733 0.00871637 0.635008 0.079421 0.00176382 0.00304836 0.00176688 0.000360821 0.0379526 7.80438e-05 0.0445027 0.000773477 0.00674662 0.0221778 4.19094e-05 0.0171539 0.0894576 1.51033e-06 
7.14074e-10 1.29896e-05 0.00167479 0.00043567 3.23011e-08 3.30003e-06 4.599e-07 0.00554127 0.00558934 0.0122391 0.00740297 6.13984e-10 6.7016e-10 0.0011183 0.746906 0.0697669 0.000675213 0.00235597 0.000186771 0.000131761 0.035167 1.14837e-07 0.106104 1.51988e-12 0.000295864 3.36607e-05 8.08708e-07 0.000458928 0.00389835 1.84972e-07 
8.39546e-09 0.00197863 0.00120129 0.000613399 0.000680754 2.16962e-05 1.34608e-05 0.00228741 0.00266161 0.010917 0.000199329 1.60584e-06 2.56679e-06 0.0128873 0.761166 0.0551407 0.00382625 0.00542145 0.000971446 0.00018149 0.0722129 6.14368e-06 0.0524471 1.72025e-06 0.00198104 2.543e-05 1.91319e-05 0.0104688 0.00265032 1.38186e-05 
8.20448e-10 0.000663162 0.0159507 0.00151371 6.47362e-07 1.65578e-07 0.000103547 0.0116689 0.00581692 0.14939 0.000582243 1.94766e-09 1.20862e-05 0.0243342 0.286623 0.169618 0.00316697 0.0255513 0.000635117 0.00126425 0.143201 5.91125e-05 0.0953341 0.00639925 0.000899711 0.0201408 6.78794e-06 0.0270154 0.0100474 4.91003e-07 
0.00018332 0.000332721 0.0131368 0.00631851 0.0609627 0.00152073 5.71298e-06 0.00953124 0.0486817 0.0299412 0.00410054 1.4219e-05 1.11358e-05 0.0607501 0.410855 0.175616 0.00765448 0.0314753 0.00107581 0.000714534 0.0448069 2.08953e-05 0.0440822 0.00225239 0.00141569 0.00228705 1.47928e-05 0.00322651 0.0389946 1.77245e-05 
3.89772e-10 1.72947e-05 0.00200577 0.000580855 1.76583e-08 4.39338e-06 6.09877e-07 0.00128806 0.00220488 0.0140807 0.00662296 3.34859e-10 1.02005e-12 0.000481884 0.782591 0.0221827 0.000900227 0.00314122 0.000249001 0.000175658 0.0456821 4.08345e-11 0.111622 4.62399e-13 0.000394403 4.4865e-05 1.07299e-06 0.000530238 0.00519771 1.41929e-09 
1.28858e-11 2.59054e-06 0.00166071 4.45237e-08 1.44008e-06 1.09378e-11 1.44643e-07 0.00400825 0.00409445 0.0774175 2.81481e-08 2.72308e-09 1.71275e-11 0.00072486 0.676474 0.123534 6.87443e-08 0.000322831 2.68305e-05 0.000254267 0.0855003 3.23816e-08 0.0181199 3.44282e-06 0.000153108 2.11064e-05 6.09424e-08 0.00683215 0.000847865 1.04465e-09 
1.96097e-05 0.000975602 0.00429406 0.00804749 0.0015574 0.00048861 0.000200577 0.00427731 0.0343418 0.018315 0.00585907 4.7164e-06 1.23686e-05 0.0233093 0.400631 0.108859 0.0084273 0.012149 0.00176254 0.0178897 0.0484484 0.000415006 0.256921 0.00299567 0.000928905 0.000957844 7.33883e-05 0.00469172 0.0287638 0.00438265 
0.000923303 0.00160567 0.0478552 0.0118724 0.000120272 0.00125407 0.000344342 0.00170122 0.00116733 0.0577563 0.00664392 1.21984e-05 9.5097e-06 0.00929535 0.328944 0.101804 0.0105227 0.010767 0.0775553 0.0577363 0.174614 0.000137529 0.00888053 3.42501e-05 0.0314285 0.00275454 8.30434e-05 0.026331 0.0278011 4.39577e-05 
1.28858e-11 2.59054e-06 0.00166071 4.45237e-08 1.44008e-06 1.09378e-11 1.44643e-07 0.00400825 0.00409445 0.0774175 2.81481e-08 2.72308e-09 1.71275e-11 0.00072486 0.676474 0.123534 6.87443e-08 0.000322831 2.68305e-05 0.000254267 0.0855003 3.23816e-08 0.0181199 3.44282e-06 0.000153108 2.11064e-05 6.09424e-08 0.00683215 0.000847865 1.04465e-09 
2.29019e-10 2.07469e-07 0.00103254 0.000242144 2.69041e-10 3.74879e-06 4.10114e-11 9.64231e-05 0.127148 0.0133578 3.70128e-05 2.19925e-10 0.000105136 0.0139192 0.522243 0.0902359 0.00298418 0.00362261 0.0136765 0.000246623 0.00779254 2.50101e-10 0.00392235 0.19229 0.000220077 1.97698e-07 1.14016e-06 0.000385357 0.00643804 5.78643e-08 
8.98303e-08 0.000386285 0.00317166 2.46295e-05 4.1368e-05 0.000345209 0.000233001 0.00145152 0.0104659 0.0772942 0.000240894 0.000731231 1.194e-07 0.0214373 0.55895 0.0219452 0.0114558 0.0135833 0.00854422 0.00252137 0.0555086 0.000589357 0.00222102 0.0027985 0.000244319 7.12665e-06 0.00110571 0.00271931 0.200257 0.00172605 
4.52418e-10 0.000229994 0.00270741 1.01125e-05 1.64603e-05 0.000538428 0.000264253 0.00287487 0.0188146 0.0139832 0.000159214 3.18314e-05 6.01342e-10 0.0658909 0.440947 0.183942 0.0146516 0.00924637 0.00695054 0.0045863 0.0561321 9.4428e-06 0.023518 1.67513e-05 0.00118644 2.88071e-06 7.06582e-05 0.0018121 0.105063 0.0463435 
0.000415018 4.24193e-05 0.00253121 0.00172368 0.000161728 0.000222994 2.6751e-06 0.00415489 0.00276396 0.00543977 0.00322037 1.2798e-06 9.18001e-06 0.0397434 0.33829 0.294981 0.0020867 0.0249568 0.000618115 0.00182734 0.0156731 0.00013555 0.251001 0.00162163 5.52031e-05 0.00063763 5.26364e-07 0.00239081 0.00524805 4.39467e-05 
3.43059e-08 1.47174e-05 0.000767181 0.000229031 4.0301e-08 6.33743e-06 6.14331e-09 7.62925e-05 0.0911853 0.00960964 3.40151e-05 3.29438e-08 0.000102153 0.010152 0.652582 0.0645951 0.00222339 0.00266576 0.00990499 0.00022248 0.00560895 3.74639e-08 0.00285334 0.141752 0.000407223 1.40109e-05 3.23474e-06 0.000288252 0.00470214 9.66956e-07 
2.2182e-06 0.00256041 0.00477708 0.0122263 0.000633267 0.000789947 0.000965047 0.00664071 0.0302231 0.0316976 0.00622475 0.000103648 5.87912e-05 0.0142397 0.351642 0.114277 0.012658 0.0137223 0.00381362 0.0211555 0.0503232 0.0011618 0.26893 0.000724736 0.00112737 0.0010165 0.000294254 0.0134608 0.0329532 0.00159703 
1.06954e-06 0.000941183 0.00230128 0.022365 8.6523e-05 0.000547745 0.000800412 0.00394278 0.0103765 0.0277894 0.0119257 1.72704e-06 4.62381e-09 0.179751 0.184972 0.0652474 0.177457 0.0100604 0.0211446 0.0116661 0.0988071 1.37922e-05 0.100351 0.00166426 0.00651587 0.000139441 0.00193158 0.0439664 0.0144275 0.000805467 
2.08525e-05 0.0001246 0.00997428 0.0117186 0.00203695 4.06924e-07 1.41048e-05 0.0126078 0.00979626 0.00882984 0.000783661 1.05152e-06 2.14506e-07 0.00248703 0.460008 0.396624 0.00147682 0.00703401 0.014409 0.00076893 0.0233716 2.14736e-08 0.00962736 3.76431e-05 6.35595e-05 5.24119e-06 3.56125e-07 0.00489788 0.0232757 4.1262e-06 
4.28828e-10 0.00411892 0.0111837 0.00019717 0.000601893 4.26344e-05 1.33193e-05 0.00520549 0.0108861 0.0516475 0.000312615 3.80255e-07 8.80987e-11 0.00964352 0.677436 0.0835278 0.00149414 0.0146306 0.000615857 0.000337093 0.0841023 0.000260856 0.0291525 0.000532929 0.00393002 6.12001e-05 2.41652e-06 0.00410922 0.00588812 6.57942e-05 
4.81279e-12 0.000989656 0.00162968 0.000129109 0.000316598 2.07818e-05 1.45496e-05 0.00095081 0.00223739 0.00719288 1.31321e-05 8.15136e-07 1.11876e-07 0.0130356 0.894432 0.0383644 0.00109978 0.00338706 0.000196167 0.000215815 0.0105238 1.9522e-05 0.0213428 5.18736e-05 0.000360076 3.56383e-05 9.45357e-07 0.00160986 0.00159076 0.000238787 
2.29925e-06 2.29855e-06 0.0356922 2.30234e-06 0.000232157 2.29982e-06 2.30235e-06 0.0177275 2.30173e-06 0.0504331 2.30226e-06 2.29939e-06 0.0114923 0.0285519 0.211113 0.127346 0.0168091 0.132403 0.0181864 2.30189e-06 0.17547 2.2989e-06 0.110053 2.30074e-06 2.30054e-06 2.30156e-06 2.29662e-06 0.00621884 0.0437521 0.0144868 
9.49345e-14 3.67409e-08 0.000547247 0.000413549 3.92579e-09 3.20727e-09 1.30609e-06 0.00288706 0.0213863 0.0776449 3.24187e-05 6.76061e-07 1.26185e-13 0.00338712 0.384461 0.0606958 0.00166597 0.0303655 0.000307652 7.50506e-05 0.220482 9.58771e-08 0.0145426 1.05828e-09 2.42455e-10 4.02153e-05 1.93775e-06 5.28075e-09 0.181061 4.27315e-09 
1.57803e-08 0.00183167 0.0029525 0.0369111 3.99058e-05 3.3968e-05 0.000138507 0.00568571 0.002786 0.227224 0.00243601 1.70519e-05 3.24049e-06 0.040625 0.231928 0.0839865 0.0624913 0.0433212 0.00248073 0.00330407 0.195467 5.43147e-10 0.00758158 0.000342076 0.0011735 0.00239757 0.000120323 0.00142005 0.0406907 0.00261179 
1.27272e-10 0.000113581 0.00156214 0.00740731 0.00106176 0.000403978 5.54052e-05 0.000439755 0.00162398 0.0309047 0.000906697 1.5624e-05 4.29941e-06 0.00515034 0.680281 0.0168849 0.00518407 0.0147462 0.00699742 0.00344695 0.0283655 3.06286e-07 0.0886494 0.000121201 0.000210031 0.000121544 3.20759e-05 0.0013295 0.100045 0.00393555 
3.03811e-07 0.000138927 0.000587614 0.000200557 0.000743772 3.0731e-05 3.11011e-06 0.00216485 0.000951558 0.000439761 0.000877866 6.91463e-09 4.2807e-08 0.0118969 0.698779 0.0365701 0.001431 0.000491504 3.38342e-05 0.000252186 0.0018051 7.93182e-12 0.240409 7.43578e-05 0.00148895 1.02861e-08 3.65661e-08 0.000623418 2.04424e-06 3.63644e-06 
1.25367e-06 0.000107369 0.00330592 0.0197884 0.000771272 5.27142e-05 0.00113756 0.00570722 0.0345918 0.0449342 0.00140111 8.29759e-05 5.82809e-07 0.0443686 0.484741 0.173436 0.0110071 0.00572724 0.000658818 0.000528937 0.0424676 4.62925e-05 0.00947599 0.000596344 0.000931661 0.000263149 0.000114118 0.0700395 0.0375162 0.00619903 
8.74694e-10 1.73164e-05 0.00223304 0.000580888 3.95842e-08 4.39922e-06 6.12742e-07 0.00572042 0.00665801 0.0163187 0.00987058 7.43203e-10 3.58138e-12 0.000469302 0.787581 0.0577027 0.000900277 0.00314128 0.000249024 0.000175678 0.0466521 9.15986e-11 0.0554895 1.62348e-12 0.000394474 4.48789e-05 1.07753e-06 0.000597226 0.00519779 3.00623e-09 
1.40486e-09 0.00785772 5.49771e-05 0.00348982 0.00354495 0.000107821 1.79755e-05 0.0049755 0.0297541 0.000966335 0.00283105 9.30421e-10 6.97006e-12 0.00308961 0.543398 0.26396 0.00333082 0.0166062 0.000773049 0.000139989 0.0269719 2.00184e-07 0.0823826 0.000105916 2.8837e-10 0.000464135 3.60835e-09 0.000485604 0.00464518 4.62491e-05 
1.66656e-09 0.00174672 0.0225678 0.00998648 0.00111579 0.00022166 0.0202111 0.0189592 0.0506644 0.152906 0.0103062 0.000334068 8.15391e-09 0.0231072 0.227323 0.207277 0.0129046 0.0773964 0.00148092 0.000374193 0.0522111 1.47221e-06 0.0887737 0.0010727 5.84691e-05 0.000104183 1.25492e-06 0.00199243 0.0166178 0.000283702 
3.42024e-11 3.68682e-05 0.00151801 0.000371702 0.000129267 0.000708991 7.07688e-07 0.0013683 0.0180964 0.0248251 0.000260997 1.75962e-09 5.31113e-08 0.00507457 0.689796 0.127455 0.000291025 0.0117998 9.91842e-05 0.000469211 0.0197411 8.45216e-05 0.0874121 0.000590633 2.03451e-07 7.0515e-06 2.49201e-06 0.00278623 0.00706565 8.58972e-06 
4.4858e-06 4.04026e-06 1.68439e-05 0.00353994 8.83005e-07 0.00117096 7.60851e-05 0.00661402 0.00201295 0.000392428 0.00125204 1.75175e-07 1.75278e-08 3.80837e-05 0.5423 0.367784 0.00090312 0.010559 0.000783819 0.00208404 0.000266726 2.34293e-06 0.0324825 0.000594944 7.48278e-06 0.00288282 2.52964e-05 0.00158711 0.0226127 1.22195e-06 
2.29019e-10 2.07469e-07 0.00103254 0.000242144 2.69041e-10 3.74879e-06 4.10114e-11 9.64231e-05 0.127148 0.0133578 3.70128e-05 2.19925e-10 0.000105136 0.0139192 0.522243 0.0902359 0.00298418 0.00362261 0.0136765 0.000246623 0.00779254 2.50101e-10 0.00392235 0.19229 0.000220077 1.97698e-07 1.14016e-06 0.000385357 0.00643804 5.78643e-08 
6.46384e-07 0.000312944 0.00125813 0.000180786 3.41052e-05 0.000152916 0.000959487 0.0156719 0.0799645 0.00687635 6.94134e-05 1.41514e-08 7.22458e-09 0.0126277 0.404604 0.347937 0.00274677 0.00260027 0.000484657 0.0137386 0.0240248 1.30884e-06 0.00984147 1.2139e-05 0.000480443 3.43698e-06 8.27652e-05 0.0578519 0.0174752 6.65056e-06 
1.54229e-06 0.000508887 0.00548019 0.00658356 0.000675529 0.000213615 0.00043661 0.00196791 0.00654411 0.0297482 0.0055253 1.74882e-05 0.00015643 0.0127332 0.402138 0.0550155 0.0056889 0.0120043 0.00317646 0.00239312 0.0181368 0.000166364 0.395407 0.000165757 0.00122975 0.000297174 4.08948e-05 0.004801 0.011645 0.0171017 
8.67466e-08 6.01468e-08 0.0015371 0.000820549 0.000914011 5.17083e-05 4.85231e-05 0.00401648 0.0471576 0.00544365 0.000113368 3.16237e-06 4.58029e-09 0.00387176 0.712463 0.15333 0.000561312 0.00594398 0.000262097 0.000272496 0.0174543 0.000169102 0.0107019 0.000542458 2.144e-06 0.000133375 1.21147e-05 0.0172521 0.0168356 8.57974e-05 
1.24097e-09 1.08906e-11 0.000165369 2.38412e-05 0.000256652 3.60184e-09 3.51755e-07 0.000306982 0.000250946 2.44652e-09 8.73391e-05 1.51255e-09 1.22197e-11 0.000472852 0.722295 0.0147198 0.000188946 0.00208597 8.28652e-06 2.63932e-07 1.20031e-06 5.56909e-10 0.259059 5.19299e-09 1.52421e-09 1.14046e-08 2.13753e-09 7.68429e-05 1.18494e-08 4.58733e-09 
4.81279e-12 0.000989656 0.00162968 0.000129109 0.000316598 2.07818e-05 1.45496e-05 0.00095081 0.00223739 0.00719288 1.31321e-05 8.15136e-07 1.11876e-07 0.0130356 0.894432 0.0383644 0.00109978 0.00338706 0.000196167 0.000215815 0.0105238 1.9522e-05 0.0213428 5.18736e-05 0.000360076 3.56383e-05 9.45357e-07 0.00160986 0.00159076 0.000238787 
1.6754e-10 1.98469e-10 0.00152585 3.02312e-11 0.000167694 1.18735e-07 2.48067e-06 4.14089e-07 0.117822 0.0175013 8.98546e-08 1.69163e-06 1.175e-07 0.175794 0.252898 0.181665 0.000706621 0.00185854 0.00121149 0.00468591 0.00431759 0.000205351 0.00256833 7.81108e-05 0.00176089 1.39227e-07 5.1173e-06 6.39038e-05 0.235159 6.38413e-07 
4.40547e-08 5.9921e-05 0.000261275 0.000233702 0.000602646 0.000144939 2.34278e-05 0.00493339 0.003354 0.000334189 0.000308387 2.70162e-08 4.4814e-06 0.00470412 0.469669 0.0356937 0.0011071 0.00141393 7.02591e-05 0.000175462 0.00430205 1.38759e-07 0.461418 0.000241963 0.00177725 0.000457781 5.30666e-06 0.0040353 0.00466415 3.93003e-06 
2.74426e-06 5.15732e-05 0.0030625 0.00234366 0.00191085 0.00112031 0.0001066 0.0140803 0.00617207 0.0220022 0.00272664 0.00202877 4.90403e-05 0.0291871 0.354461 0.0937853 0.0139176 0.0149718 0.000969109 0.000424995 0.019483 0.000502468 0.35187 0.00028269 0.00182247 0.00178427 1.36277e-05 0.044061 0.0164497 0.000356034 
3.61011e-08 0.000750387 0.00104369 0.000186613 0.00341616 1.36231e-05 0.000129562 0.00241423 0.00621471 0.0054954 0.00012925 3.52733e-08 2.70481e-10 0.00633811 0.703191 0.0815253 0.00502943 0.00136165 0.000112089 0.00229972 0.0469246 4.53997e-07 0.117683 8.35368e-08 0.00145562 0.000109473 7.90587e-05 0.0117724 0.00229771 2.63199e-05 
4.69535e-07 0.000257446 0.00272264 0.000437689 0.00054405 0.00315069 4.05977e-05 0.00331931 0.000735781 0.025312 0.00113465 1.23099e-05 2.24842e-07 0.0202059 0.614681 0.0410211 0.0114566 0.00302479 0.00466795 0.000593193 0.209889 5.04712e-05 0.00874685 0.000207053 0.00150559 0.0135702 3.39066e-05 0.00999891 0.00696063 0.0157195 
9.25751e-07 0.00496233 0.0223504 0.00102751 0.000708677 0.127369 2.28351e-05 0.00306483 0.111953 0.0100231 0.00302793 5.93053e-06 3.89401e-08 0.0292458 0.275129 0.0547144 0.00279438 0.0142811 0.00276546 0.00734345 0.0188636 0.00142571 0.194753 0.000786061 2.19363e-06 0.00235561 9.94937e-05 0.00700532 0.103913 5.67185e-06 
1.5147e-05 0.000235592 0.0269828 0.012463 0.000136841 0.000307838 6.02567e-06 0.00273778 0.0186499 0.0191096 0.029564 1.14206e-05 1.40452e-07 0.0112569 0.352275 0.0733921 0.00425995 0.0555639 0.00219368 0.00507202 0.036601 0.000464014 0.293878 0.0012385 0.000217947 0.00341798 0.000172713 0.00280478 0.046326 0.000645447 
2.36883e-06 0.00448879 0.00582278 0.00792782 0.00135144 0.000291517 4.2635e-05 0.00225586 0.00618075 0.0287147 0.0176889 6.2001e-05 0.00103399 0.0928484 0.42535 0.225848 0.0152162 0.0280027 0.0113759 0.00200387 0.0189114 5.51292e-06 0.0354167 0.0029416 0.00151228 0.0169412 2.49029e-05 0.00604288 0.0412076 0.000486562 
6.95747e-06 2.59764e-05 0.00156249 0.00022245 5.63831e-07 8.06796e-05 0.000148533 0.0111909 0.09164 0.0239499 0.00115312 2.58652e-08 0.00130353 0.0527748 0.355953 0.114397 0.146838 0.00246191 0.0173087 0.00645626 0.0120948 2.15486e-05 0.00603678 0.107834 0.00499688 5.29514e-05 0.0002443 0.0357981 0.00544406 2.05782e-06 
3.59544e-09 0.000216941 0.00504934 0.00284492 0.00020731 6.46502e-05 1.9054e-05 0.000661649 0.00164953 0.00922575 0.00234068 1.40951e-06 6.585e-06 0.00334569 0.841888 0.0116417 0.000696152 0.00606338 0.00728429 0.00438446 0.0307075 9.75752e-06 0.0342167 0.000127982 0.00245893 0.000717655 1.67598e-05 0.00259297 0.0315574 2.78165e-06 
2.12381e-09 0.000113555 0.000121841 0.010688 6.41773e-06 0.000448486 4.62043e-06 0.000108861 0.0529215 0.00458095 0.00137674 1.27019e-07 1.94908e-12 0.000385983 0.545792 0.0581775 0.000177963 0.00711668 0.00201235 0.00238362 0.00857327 3.82542e-06 0.188709 0.000125927 9.34799e-06 6.77179e-05 1.80981e-05 0.00036177 0.115686 2.83105e-05 
4.16393e-12 6.38403e-08 0.00012664 3.30343e-05 2.84863e-05 3.39593e-05 2.47031e-05 0.00109062 0.0423366 0.00403085 5.5432e-06 1.79396e-07 5.5346e-12 0.000987143 0.804931 0.112663 0.000242444 0.000952866 4.54719e-05 4.2425e-05 0.00853041 9.86004e-06 0.0141198 4.04579e-06 2.853e-06 6.27944e-07 7.02629e-06 0.00407314 0.00556256 0.000114345 
3.89772e-10 1.72947e-05 0.00200577 0.000580855 1.76583e-08 4.39338e-06 6.09877e-07 0.00128806 0.00220488 0.0140807 0.00662296 3.34859e-10 1.02005e-12 0.000481884 0.782591 0.0221827 0.000900227 0.00314122 0.000249001 0.000175658 0.0456821 4.08345e-11 0.111622 4.62399e-13 0.000394403 4.4865e-05 1.07299e-06 0.000530238 0.00519771 1.41929e-09 
2.97687e-09 1.95867e-05 0.00244299 0.0025685 0.000640662 0.000190031 0.000156207 0.00433426 0.156836 0.0108479 0.00101636 1.91452e-07 3.31406e-08 0.00441789 0.297316 0.231995 0.00472971 0.0296291 0.00469614 0.0013683 0.0156346 0.010457 0.202974 0.000597637 0.00357597 0.000202281 6.40121e-05 0.00846328 0.00482487 1.48426e-06 
2.20732e-06 9.32423e-05 0.00395516 0.00898232 6.08355e-05 0.000379589 6.31067e-06 0.0117914 0.0194403 0.0130863 0.00400543 2.09396e-05 8.80857e-05 0.0157163 0.521713 0.116513 0.00241975 0.0330259 0.0151367 0.00262985 0.0573057 1.46657e-05 0.106437 0.000151646 0.00211103 0.00138687 1.23093e-05 0.0120354 0.051456 2.28962e-05 
5.8067e-11 6.87866e-11 0.00944834 0.0321704 6.82144e-11 1.47916e-07 1.66665e-05 0.000103544 0.000358733 2.26322e-07 9.67663e-07 5.57614e-11 7.71812e-11 0.243546 0.559012 0.0345681 0.10688 1.50516e-07 2.63778e-07 1.73622e-11 4.57171e-12 6.34123e-11 1.29788e-05 0.00155845 1.59703e-07 0.00206445 9.83592e-11 0.0102563 6.21667e-12 2.43985e-06 
3.61011e-08 0.000750387 0.00104369 0.000186613 0.00341616 1.36231e-05 0.000129562 0.00241423 0.00621471 0.0054954 0.00012925 3.52733e-08 2.70481e-10 0.00633811 0.703191 0.0815253 0.00502943 0.00136165 0.000112089 0.00229972 0.0469246 4.53997e-07 0.117683 8.35368e-08 0.00145562 0.000109473 7.90587e-05 0.0117724 0.00229771 2.63199e-05 
2.12381e-09 0.000113555 0.000121841 0.010688 6.41773e-06 0.000448486 4.62043e-06 0.000108861 0.0529215 0.00458095 0.00137674 1.27019e-07 1.94908e-12 0.000385983 0.545792 0.0581775 0.000177963 0.00711668 0.00201235 0.00238362 0.00857327 3.82542e-06 0.188709 0.000125927 9.34799e-06 6.77179e-05 1.80981e-05 0.00036177 0.115686 2.83105e-05 
1.27907e-06 0.000382283 0.0131044 0.0164349 8.37518e-05 2.3461e-05 0.000505083 0.00347049 0.00647704 0.0537377 0.00108863 0.0017402 0.000598054 0.0143709 0.236556 0.135846 0.0368379 0.0133843 0.184237 0.00825662 0.187727 1.45342e-06 0.0238425 2.07189e-08 0.00392777 0.00048499 7.37637e-05 0.0308398 0.0259607 5.64679e-06 
3.34398e-08 0.0246844 0.00851597 0.000136899 0.000626164 0.00552354 0.000273506 0.00505532 0.0102965 0.15051 0.00261989 3.53916e-07 3.45821e-12 0.0143196 0.286209 0.0612397 0.019612 0.00609784 0.00807009 0.0911401 0.253823 3.74398e-06 0.00929135 4.0582e-07 0.00688831 7.81838e-05 5.82444e-05 0.00521909 0.0297021 4.79889e-06 
4.95806e-08 4.47915e-10 0.00741799 0.00922368 0.00204039 0.00206042 1.34428e-07 0.0056257 0.0320635 0.060532 0.0262817 9.21407e-09 3.06845e-08 0.00924648 0.318527 0.287521 0.0423749 0.0334319 0.00129408 0.000525757 0.0658103 1.47243e-09 0.0344868 0.00361561 0.000164307 0.00718339 1.21444e-08 6.05717e-08 0.05052 5.24291e-05 
0.0102611 0.000302075 0.041417 0.0131444 0.000636061 0.00253303 9.15354e-05 0.0182656 0.0235841 0.0299787 0.00781088 8.3996e-06 7.38668e-06 0.0175385 0.343842 0.304262 0.00765552 0.0169836 0.00515413 0.01723 0.0422527 0.0105963 0.0336556 0.000199834 0.00148642 0.00181531 0.000187471 0.0260741 0.0230152 1.16468e-05 
4.16393e-12 6.38403e-08 0.00012664 3.30343e-05 2.84863e-05 3.39593e-05 2.47031e-05 0.00109062 0.0423366 0.00403085 5.5432e-06 1.79396e-07 5.5346e-12 0.000987143 0.804931 0.112663 0.000242444 0.000952866 4.54719e-05 4.2425e-05 0.00853041 9.86004e-06 0.0141198 4.04579e-06 2.853e-06 6.27944e-07 7.02629e-06 0.00407314 0.00556256 0.000114345 
3.03811e-07 0.000138927 0.000587614 0.000200557 0.000743772 3.0731e-05 3.11011e-06 0.00216485 0.000951558 0.000439761 0.000877866 6.91463e-09 4.2807e-08 0.0118969 0.698779 0.0365701 0.001431 0.000491504 3.38342e-05 0.000252186 0.0018051 7.93182e-12 0.240409 7.43578e-05 0.00148895 1.02861e-08 3.65661e-08 0.000623418 2.04424e-06 3.63644e-06 
4.29762e-05 6.6948e-05 0.00102613 0.00354657 0.000458605 0.000160171 1.20322e-05 0.0969906 0.0496235 0.0142828 0.00547872 7.81649e-06 6.45006e-06 0.0220943 0.421332 0.193727 0.0105633 0.00775403 0.0007386 0.000802577 0.0180317 5.43394e-06 0.122811 0.00024833 0.000438017 0.000346147 1.05557e-05 0.00147868 0.0269838 0.000932077 
4.65245e-08 1.57845e-06 0.00122342 0.00115902 1.49855e-05 0.00100658 5.15313e-05 0.0117175 0.00165206 0.00138423 0.00145692 6.47315e-08 3.61452e-07 0.0133847 0.457139 0.380908 0.00165564 0.0246024 0.000506079 0.000663886 0.000843649 8.54745e-07 0.080605 0.000434163 5.53034e-05 0.00197803 7.75632e-06 4.50782e-05 0.0175009 9.43626e-07 
1.20193e-07 0.000226201 0.00225987 0.00026903 0.000679308 2.06813e-05 2.60204e-05 0.1927 0.0256509 0.0201524 0.000142965 5.16521e-06 4.17032e-07 0.00498575 0.369578 0.275928 0.00371633 0.0111254 0.00120594 8.95991e-05 0.028099 1.35246e-05 0.054627 0.000284518 0.000288916 6.47595e-05 3.99348e-05 0.00209846 0.00569064 3.15979e-05 
3.05961e-12 0.000989541 0.00245361 0.00076275 0.0031601 2.7285e-05 2.50436e-05 0.00143598 0.00238794 0.0190817 0.000148537 1.59117e-06 9.61283e-07 0.0140184 0.83583 0.042504 0.00154635 0.00599547 0.000343739 0.000922769 0.038403 3.55547e-05 0.01774 5.18637e-05 0.000968383 0.000111034 5.01864e-06 0.00607148 0.00473861 0.000238756 
