3.94449e-10 4.67267e-10 0.00632446 0.0017351 4.6338e-10 0.000200221 1.7941e-05 0.0262734 0.00718536 0.0471341 0.00154735 4.80863e-07 1.85194e-07 0.201356 3.24548e-05 0.320889 0.167198 0.0726586 0.0247193 0.00081986 0.0605351 1.42239e-08 0.00767361 0.00162963 8.62337e-05 0.000993637 3.22107e-06 0.0123103 0.0385129 0.000163261 
1.45227e-09 1.72036e-09 1.72498e-10 0.000166768 1.70605e-09 3.45285e-06 1.24313e-05 4.06975e-10 4.96855e-10 2.23977e-05 0.0523165 1.3946e-09 1.93032e-09 0.0570212 5.28844e-06 0.846334 0.0438048 1.53644e-10 4.78019e-10 4.34233e-10 2.14969e-06 1.58595e-09 2.79209e-08 8.75035e-10 6.27607e-06 5.64009e-10 2.45998e-09 0.000134768 1.25954e-06 0.000168217 
4.04694e-06 2.02477e-10 0.0313126 0.0271195 0.00428023 0.00385142 3.28876e-05 0.00788222 0.0957963 0.0223242 0.0040856 2.10304e-06 0.000496269 0.0368583 0.000731552 0.433927 0.0126347 0.071184 0.0134152 0.0170382 0.059102 0.000291612 0.00370511 0.0190286 0.000221382 0.0333525 4.34547e-05 0.00329997 0.0975796 0.000398794 
0.0098431 0.00124329 0.0124994 0.00781929 0.00191869 0.000329606 4.81167e-05 0.0236545 0.108712 0.0235221 0.00665916 4.04713e-06 0.000536015 0.0487778 0.0913458 0.422977 0.0191367 0.0203765 0.00390996 0.00326435 0.0337319 0.00019185 0.0859378 0.0055823 0.00381524 0.00395259 0.000588071 0.0127674 0.0459885 0.00086723 
2.90381e-06 7.53105e-10 0.136034 0.0746928 0.00430862 0.00161598 3.44436e-05 0.0356422 0.00203444 0.173571 0.0936749 4.84544e-05 0.000433889 0.00669155 0.00024397 0.192953 0.00123318 0.0247893 0.0283179 0.0368527 0.0635408 3.29989e-07 0.00110768 0.00131853 0.00024766 0.0328799 3.85648e-05 0.00587119 0.0818195 6.56311e-10 
1.11008e-09 1.315e-09 0.037155 0.00565514 0.000212191 3.13319e-05 5.53738e-08 0.00926727 0.00515095 0.00735078 0.0154779 1.066e-09 6.66578e-07 0.00214072 8.41038e-06 0.383041 0.00646382 0.262551 0.00284392 0.00191355 0.054472 2.41884e-06 0.0375447 0.0242374 0.000423877 0.00550977 1.71338e-05 0.00975442 0.128774 8.81986e-07 
1.86916e-07 5.40049e-05 0.0517639 0.0131675 0.00197486 0.000172889 0.000402302 0.120627 0.0187836 0.0338671 0.0652312 4.59065e-06 1.42255e-07 0.166967 0.00229663 0.188788 0.103837 0.0484828 0.0187086 0.0175668 0.026145 0.00127318 0.0525982 0.00909574 0.00082728 0.0219818 8.72735e-05 0.0134379 0.0141416 0.00771536 
1.25549e-09 1.48726e-09 0.102395 0.00401464 0.0245933 2.11702e-06 0.000114911 0.0316719 4.0573e-06 3.21792e-06 0.00838662 7.80616e-05 3.81708e-06 0.208294 0.00317352 0.402164 0.0972071 0.0809245 2.14124e-06 9.5997e-06 1.42746e-06 3.37808e-06 9.13567e-07 0.00973809 9.0828e-07 0.00134988 1.02577e-06 0.0152184 0.0105832 5.96057e-05 
0.00230136 0.000172627 0.00867875 0.0054734 0.00201275 0.00116359 6.77534e-05 0.0298443 0.0358388 0.0242963 0.00650703 1.74436e-05 0.000184811 0.127285 0.0174945 0.381649 0.0773704 0.117096 0.0121077 0.0130506 0.0615764 0.000287236 0.0145191 0.00348558 0.00494832 0.0100634 0.00382069 0.00958123 0.0276038 0.00150276 
2.09455e-08 3.12347e-12 0.000964776 0.000564472 2.28992e-05 5.28417e-09 7.55446e-06 0.00136361 0.00516651 0.0100917 0.000119401 7.63535e-08 6.36844e-07 0.00135878 0.000142266 0.956156 0.00151013 0.00205171 0.00246565 2.37696e-05 0.000942974 3.98058e-08 0.000498014 0.00425627 3.33246e-05 0.00383109 3.08401e-06 0.000719526 0.00770389 1.50643e-06 
1.79209e-11 4.344e-09 0.00249959 0.000861319 2.10526e-11 6.90584e-08 3.37882e-06 0.000869478 0.160644 0.00526414 0.000780286 1.77448e-08 1.82366e-07 0.0195021 0.00165765 0.730759 0.00376887 0.00182854 5.89873e-12 0.069902 0.000684116 2.5258e-08 4.44593e-08 1.07979e-11 7.71074e-08 6.95984e-12 3.03561e-11 0.00097445 7.82299e-07 1.85007e-11 
1.04758e-06 0.000254754 0.0110422 0.0047198 0.000163344 0.00359822 2.22279e-05 0.132404 0.213231 0.0193284 0.00378675 3.82357e-05 9.69924e-05 0.0356525 0.0372761 0.332872 0.0363076 0.0362949 0.00113217 0.00369156 0.0260435 0.000973981 0.0209545 0.00372898 0.004282 0.00809141 1.33808e-05 0.0129231 0.0506931 0.000382413 
6.3757e-06 0.000419353 0.00999988 0.0324357 0.000433231 0.00354195 2.51004e-06 0.0753691 0.0351746 0.008097 0.057996 5.09409e-05 0.0026188 0.00953217 0.0374984 0.424029 0.0077867 0.162724 0.0262578 0.00257387 0.0187247 0.0131508 0.0134804 0.0184786 0.00143105 0.00588758 0.00071629 0.00558103 0.0259861 1.58462e-05 
8.2393e-06 1.02837e-09 0.013196 0.0987647 1.01982e-09 1.72329e-06 6.00638e-08 0.0121846 0.00915113 0.136691 0.0425496 8.33643e-10 1.42736e-05 0.0403974 0.0315157 0.316397 0.0278987 0.0832291 0.00472799 0.0038297 0.0440449 9.48025e-10 0.10541 0.00446104 0.000236516 0.00909566 0.000575705 0.0022516 0.0132342 0.000133296 
1.02885e-05 0.00115427 0.0213753 0.00504363 0.0114627 0.000599776 4.26857e-05 0.093748 0.0264383 0.0400254 0.000973351 3.98109e-05 1.99179e-05 0.0315858 0.0229303 0.573933 0.0105785 0.0527389 0.00374938 0.00200742 0.0350638 0.000903984 0.00614926 0.00167877 0.0013418 0.00897109 0.00019323 0.0179442 0.0292131 8.3592e-05 
0.0289571 4.66113e-08 0.0333257 0.00279614 0.000325403 3.3624e-05 5.28428e-05 0.0120816 0.134592 0.0187883 0.00474253 3.03988e-07 0.000444912 0.00915562 0.00791503 0.558092 0.00332963 0.024476 0.00575016 0.00855041 0.0527219 0.0409921 0.0306279 0.00104803 4.32343e-05 0.0039189 2.19634e-05 0.00833479 0.00887398 7.69666e-06 
4.40145e-06 6.27824e-05 0.0144153 0.00672748 0.0102508 0.000415079 0.00241956 0.0244432 0.0346446 0.0318157 0.00634454 2.25192e-05 0.000715666 0.0619799 0.0539156 0.391666 0.00687845 0.0600596 0.00602919 0.00206314 0.0487007 6.95041e-05 0.149467 0.00476394 0.00173748 0.0124978 0.000222358 0.00575355 0.0618634 5.04102e-05 
1.79209e-11 4.344e-09 0.00249959 0.000861319 2.10526e-11 6.90584e-08 3.37882e-06 0.000869478 0.160644 0.00526414 0.000780286 1.77448e-08 1.82366e-07 0.0195021 0.00165765 0.730759 0.00376887 0.00182854 5.89873e-12 0.069902 0.000684116 2.5258e-08 4.44593e-08 1.07979e-11 7.71074e-08 6.95984e-12 3.03561e-11 0.00097445 7.82299e-07 1.85007e-11 
5.49198e-09 0.000204332 0.0440178 0.00759835 0.000196357 0.00272516 5.75126e-05 0.0208958 0.12818 0.158879 0.00672929 6.13511e-06 6.35006e-05 0.0907148 0.0229748 0.208571 0.0229455 0.0639456 0.0158197 0.0117297 0.0817926 0.00786185 0.0440295 0.0034999 0.00450763 0.00423986 0.000110825 0.00755005 0.0399491 0.00020526 
0.00244948 0.00176972 0.0244217 0.0285811 0.00358668 0.00429455 0.00302518 0.0384316 0.036122 0.0558505 0.00852004 0.000401442 0.000775573 0.115344 0.0570893 0.302754 0.0400513 0.0519061 0.010387 0.0172336 0.0552509 0.000582557 0.0375261 0.0102704 0.00342643 0.0107364 0.00106901 0.0189496 0.0565002 0.00269428 
5.04159e-07 7.23393e-06 0.0543598 0.00175125 9.44547e-05 0.000310665 2.53309e-06 0.00992325 0.0356714 0.013737 0.00465099 2.13298e-05 2.52801e-05 0.00402553 0.0443657 0.357258 0.000332073 0.072254 0.0562763 0.00706073 0.208816 0.00131855 0.0613328 1.41185e-05 0.00160692 0.0348471 8.81983e-05 0.0031961 0.0266513 3.33618e-07 
9.19831e-06 1.10356e-06 0.00748962 0.0226753 0.00197106 0.00097879 0.0323678 0.0256421 0.0732277 0.0221974 0.0014107 5.33352e-06 3.80614e-06 0.024008 0.0404363 0.513011 0.00474187 0.016338 0.00423062 0.0434816 0.00846274 0.00969267 0.0385822 0.000544995 0.000853281 0.012354 0.000377533 0.0280227 0.0668237 5.88263e-05 
2.39971e-07 0.00401805 0.0135505 0.00465007 0.00055824 0.000667647 1.25023e-05 0.185301 0.0179239 0.0396359 0.00789888 3.66484e-05 1.48907e-06 0.0556723 0.014668 0.491608 0.0339187 0.0409875 0.00145513 0.000508157 0.0199112 0.0174544 0.0188695 0.00433981 0.000479218 0.000410927 0.00213536 0.00881732 0.0119811 0.00252806 
1.59432e-10 5.52e-07 0.00505396 0.000807044 6.40018e-05 0.000458877 1.37399e-07 0.0168889 0.134835 0.0558106 0.000390768 1.53101e-10 1.74138e-07 0.0176127 0.197326 0.425213 0.000880865 0.0164172 0.000699554 0.000855763 0.0904557 5.68563e-07 0.0177754 0.000562507 0.000341625 4.24699e-05 0.00039219 0.0033087 0.0137363 6.91344e-05 
0.000227356 1.1748e-05 0.0273359 0.0825525 1.1282e-07 0.00139012 1.79377e-05 0.0144284 0.00662941 0.085704 0.00131523 0.108321 3.49692e-05 0.070604 0.000283498 0.436232 0.0674763 0.0340552 0.000614941 0.00125364 0.0118945 0.000250397 0.00436881 0.00432557 0.000753547 0.0113675 0.00310761 0.00664474 0.0182756 0.00052248 
1.60363e-08 0.0010558 0.0898659 0.0191079 0.00627371 0.0158662 3.43795e-05 0.0167216 0.0118816 0.0690102 0.0457837 6.82173e-07 7.76942e-05 0.0854936 0.00215457 0.214206 0.0232949 0.176728 0.00204111 0.0299946 0.0437221 5.62068e-05 0.00844356 0.00273918 0.00277954 0.0111315 0.000168764 0.0181092 0.103253 4.76328e-06 
0.000707689 0.000179694 0.00323321 0.00526907 0.0007595 0.000187769 3.89429e-05 0.0814221 0.258614 0.0278075 0.00128253 4.75966e-06 1.66244e-06 0.0167173 0.0142659 0.487947 0.0136955 0.0189598 0.00205466 0.0025899 0.0209375 1.5625e-05 0.01444 0.00334244 0.000333169 0.00278147 3.7691e-05 0.00226397 0.0193771 0.000732783 
2.3824e-06 1.11957e-06 2.08341e-06 0.000742498 1.80369e-07 1.5265e-08 9.15983e-09 0.00899214 0.00101323 8.76967e-07 0.000133004 6.51976e-10 9.02422e-10 0.000466816 0.195588 0.784897 1.30676e-10 0.00532688 1.60411e-05 4.84954e-08 1.47902e-07 7.41432e-10 0.00209709 4.09078e-10 4.44486e-10 0.000169571 3.10563e-07 0.000550362 3.09795e-07 7.00899e-10 
3.06282e-10 4.42824e-05 0.045012 0.0243119 0.000322934 0.000409482 0.000190418 0.0504665 0.00388793 0.119873 0.00951453 8.26603e-05 5.64908e-05 0.0173331 0.00639534 0.183242 0.0124052 0.0870418 0.0515646 0.0826491 0.111183 4.10741e-06 0.00424021 0.00168368 0.00518964 0.00596367 0.000166997 0.00612673 0.164816 0.00582273 
2.65544e-10 3.14565e-10 0.00495777 0.00184194 2.16711e-07 4.93502e-07 7.92628e-05 0.0183563 4.22803e-07 0.0730293 0.00285842 2.55e-10 0.000309842 0.0933405 4.33038e-07 0.35032 0.137254 0.0780713 0.0176152 0.0213561 0.0247858 0.000796917 0.000314735 0.101734 1.48429e-06 4.06286e-05 1.66277e-06 0.0370296 0.035594 0.000309348 
1.19416e-05 9.62956e-05 0.00123256 0.000993775 0.00253383 0.000893826 0.000265783 0.0085915 0.0220109 0.0599581 0.000465834 0.000112817 5.89978e-05 0.223927 0.0440771 0.267379 0.0786916 0.00642104 0.00277832 0.00168426 0.0185532 2.67011e-06 0.0288282 0.000198272 0.018097 4.20811e-05 0.000130331 0.0229042 0.010553 0.178507 
8.25202e-07 0.00315296 0.0241268 0.0619985 1.84919e-05 0.00255092 6.62327e-05 0.0383596 0.071582 0.0237167 0.0220997 1.83809e-05 0.00821217 0.168768 0.00526427 0.305966 0.0433182 0.0145986 0.00285619 0.00267417 0.083673 0.000157259 0.00209343 0.0167536 1.03894e-05 0.000402021 0.0046079 0.0506223 0.039532 0.00279929 
2.04963e-10 9.29753e-12 0.000938754 0.0126801 6.48058e-05 0.00056383 2.84203e-05 0.00254604 0.0642552 0.0294044 0.00486847 1.49425e-07 4.65671e-09 0.0157475 0.019531 0.71857 0.00938113 0.037946 0.00454585 0.000361292 0.00806929 1.32491e-09 0.0425617 0.00682404 7.05041e-06 0.00457016 8.78923e-06 0.00326368 0.0132615 4.04819e-07 
1.08183e-08 0.00063751 0.0054323 0.00506341 3.24583e-06 0.00665228 5.8588e-11 0.254735 0.0251363 0.029221 0.0167535 0.000121527 0.000914684 0.053972 3.47982e-06 0.309389 0.0268163 0.107343 0.00342162 1.4544e-07 0.0969725 3.57289e-10 0.023136 0.0133245 2.14193e-10 0.00195916 0.000343867 0.0148365 0.00380575 5.60332e-06 
4.64739e-09 0.00124979 0.00831545 0.0260541 0.00458496 0.00109022 5.28777e-05 0.0178285 0.0298885 0.0438882 0.0101449 9.1546e-06 7.55313e-05 0.0724287 0.0966791 0.345088 0.0224239 0.0351476 0.00455697 0.00379935 0.10473 3.80863e-05 0.0244911 0.000705205 0.0178905 0.0461844 5.51752e-05 0.0122732 0.0678789 0.00244779 
0.181439 5.82391e-11 0.0108269 0.00389638 5.77546e-11 4.17309e-11 3.02235e-08 0.0198792 0.339128 0.00439893 0.00263105 2.99478e-06 4.28657e-08 0.0073015 7.74932e-06 0.345653 0.00235774 0.00316568 0.002213 0.00187458 0.0367786 5.36889e-11 0.000182899 0.000290115 4.17766e-08 0.0270515 6.65496e-08 0.00700752 0.00391317 9.48976e-08 
3.01281e-05 1.56658e-06 0.0363121 0.0021357 0.00349369 0.00122777 2.24731e-05 0.128575 0.106555 0.0347152 0.0047535 1.66173e-06 3.52318e-06 0.0334054 0.000882964 0.435189 0.00758184 0.0678244 0.00216761 0.00141082 0.0356508 0.000216719 0.0556196 0.0200243 0.00659082 0.00231751 0.00022341 0.00335996 0.00915891 0.000548845 
0.000263638 5.4756e-06 0.00626302 0.00368924 0.000171944 0.000982352 8.60122e-05 0.0167685 0.0315372 0.0533695 0.00176503 1.29931e-05 0.0707576 0.137462 0.0183588 0.306141 0.103313 0.077826 0.0161496 0.000681828 0.103149 1.79022e-05 0.014401 0.00272196 0.000836058 0.0128083 0.000364372 0.00672387 0.0133616 1.04668e-05 
2.68721e-08 1.06778e-07 0.0175805 0.000248898 5.30386e-07 0.0112148 5.50489e-08 0.0422085 0.076033 0.0622757 0.000526233 7.60434e-08 3.091e-10 0.0424205 0.000758696 0.330949 0.00228376 0.199589 0.00235678 0.00046941 0.0133611 7.6055e-06 0.00378648 0.00347232 0.000609357 0.125929 4.91121e-05 0.00035029 0.0635183 2.21042e-08 
2.15573e-07 7.31905e-07 0.04377 0.0033652 1.76467e-05 0.00137551 9.14223e-06 0.0229489 0.00440536 0.0104331 0.0113896 6.32511e-07 0.00454291 0.00394582 0.00323605 0.28771 0.0013072 0.0154057 0.0303035 0.0114663 0.174031 7.98158e-06 0.0141132 0.000602244 0.000361367 0.232487 0.000277952 0.0115811 0.110904 2.6626e-08 
6.44539e-07 0.000141795 0.0260908 0.00212107 6.16918e-06 0.000127225 2.95518e-06 0.0363015 0.00247997 0.0561189 0.070642 8.01441e-06 1.34904e-06 0.133228 0.0183549 0.322425 0.271947 0.0138837 1.00648e-05 7.91379e-05 0.0364635 8.39533e-06 5.76045e-05 0.0072465 0.000244049 2.56993e-06 0.000107356 0.0016233 0.000275685 6.65392e-07 
0.0050295 0.0302391 0.00729506 0.00774391 0.0013026 0.000896466 0.000164961 0.0184878 0.00895872 0.0196071 0.002706 1.57681e-05 0.000225203 0.0335198 0.0195247 0.686875 0.0111933 0.054761 0.00448559 0.011496 0.0255494 0.00117011 0.0160088 0.00316503 0.000858022 0.00244261 9.08099e-05 0.00579209 0.017274 0.0031217 
3.965e-07 5.72781e-05 2.98001e-05 0.0174597 0.00139276 0.138095 3.12667e-06 0.00056614 0.044623 0.00105868 0.00652012 1.14664e-07 2.90192e-07 0.00112951 0.170939 0.467763 0.000230852 0.0117833 0.000935802 0.00433071 0.00233822 0.00131175 0.072424 2.9627e-05 3.25198e-06 0.00240188 4.35374e-06 0.000163813 0.0541617 0.000243415 
0.0333065 0.0332963 0.0333546 0.0333512 0.0332968 0.0333147 0.0333513 0.0333459 0.0333424 0.0333576 0.0333501 0.0333086 0.0332884 0.0333519 0.0333491 0.0333577 0.0333506 0.0333554 0.0333431 0.0333447 0.0333568 0.0333014 0.0333507 0.0333281 0.0333252 0.0333399 0.0332684 0.0333525 0.0333552 0.0333047 
0.000224063 0.15634 0.0121046 0.0213775 0.000419603 0.000671111 0.00268907 0.114614 0.010389 0.0180842 0.00905523 1.21504e-05 0.000421715 0.0132861 0.0457138 0.373008 0.0144711 0.0525188 0.00272525 0.0348281 0.0588147 0.00245448 0.0204613 0.000558397 0.00153429 0.00383941 0.000381339 0.00840457 0.0200935 0.000504053 
6.59923e-10 0.000366875 0.00308774 0.00472649 0.00208225 2.70052e-05 5.06345e-06 0.00219092 0.0732262 0.017185 0.0132255 1.18174e-07 8.77154e-10 0.00204853 0.240935 0.44559 0.00240317 0.0384078 0.00740262 0.00400633 0.0302812 1.96919e-06 0.00887212 0.000434353 0.00115103 0.0206456 1.07432e-05 0.000821656 0.0808561 7.76525e-06 
2.07613e-07 0.00209403 0.00793563 0.000331605 0.000101008 2.23326e-07 4.78292e-06 0.108105 0.0223999 0.0189372 0.00033469 6.71834e-07 1.84638e-09 0.214898 0.00246272 0.420149 0.15064 0.00714802 0.000676717 4.43454e-05 0.00851506 8.85355e-08 0.00412365 0.000215253 0.000124925 0.00211934 0.00422902 0.00756198 0.0160082 0.0008381 
0.00564075 0.00290558 0.0284674 0.0147576 0.000303082 0.00857478 7.89728e-05 0.0782287 0.0225745 0.0508488 0.0111326 3.47812e-05 0.000259037 0.0622084 0.0190786 0.410901 0.0401647 0.0779998 0.00275203 0.00442595 0.0610092 0.00217771 0.0158495 0.0053722 0.00101689 0.0152684 0.000862858 0.0160164 0.0401893 0.000900262 
6.63626e-08 0.000167672 0.0044785 0.00167498 0.00137415 0.000253027 7.22335e-05 0.0492726 0.0101648 0.0448234 0.00132039 4.27521e-06 3.28108e-06 0.0217852 0.0302674 0.717809 0.0135394 0.0085976 0.00430043 0.0022043 0.00697593 2.33739e-05 0.0182052 0.00377299 0.0129371 0.0113922 3.62592e-05 0.00730569 0.0271822 5.63579e-05 
1.24184e-09 1.47109e-09 0.0214136 6.14113e-07 1.45885e-09 0.000665577 3.29255e-05 0.0760113 0.0217316 0.233555 0.00130375 4.20628e-08 1.51348e-06 0.0467892 0.000687529 0.464342 0.0398389 0.0405387 0.00604151 5.69625e-05 0.0208601 6.89357e-08 0.000689829 0.00025399 1.89774e-05 0.000131004 3.01694e-05 0.00296567 0.0220014 3.79013e-05 
0.00510176 0.00257241 0.00785753 0.00717153 0.00304803 0.000812547 0.000216569 0.0225822 0.0416594 0.032163 0.00797476 0.00227174 1.28037e-05 0.0649669 0.0892929 0.527719 0.0317728 0.0245877 0.0024733 0.00768477 0.0272997 0.000195431 0.0378549 0.00327953 0.000785531 0.0035806 0.000326376 0.0150839 0.0286473 0.00100489 
4.03199e-08 0.000492749 0.00919002 0.000622029 0.0210244 2.12452e-08 9.69462e-06 0.024907 0.00497656 0.0198395 7.03396e-05 1.15506e-07 0.000360233 0.0600878 0.0206012 0.614149 0.00942153 0.0268266 0.00113657 7.25248e-08 0.0111162 1.66396e-06 0.118622 0.0212951 1.99631e-05 0.000938519 2.39533e-07 0.019967 0.0117602 0.00256436 
1.54326e-09 6.80742e-08 0.0420615 0.138287 0.000818778 0.00068075 0.00369171 0.000245256 0.0197891 0.0674848 0.0118353 4.01586e-06 0.000154691 0.0286533 0.0813832 0.162368 0.037823 0.00861304 0.00051427 0.0338547 0.0520879 0.00620583 0.0212944 0.00026303 0.000118488 0.120888 1.20842e-05 0.150187 0.0106813 1.31633e-07 
0.0252146 1.48924e-05 0.0874423 0.0246485 1.44756e-07 0.00118392 5.64139e-05 0.0209883 0.0238613 0.0301117 0.0503887 1.28601e-07 1.41735e-05 0.10692 0.00141501 0.246647 0.0250756 0.021076 0.00296047 0.0816669 0.0334495 9.59138e-05 0.00680659 0.0171659 0.000810855 0.05482 7.16108e-05 0.127337 0.00970678 5.03338e-05 
1.54081e-10 4.71428e-07 0.00164055 0.239393 4.75497e-06 0.000228544 6.75353e-05 0.00933443 0.00312431 0.093371 0.000511076 1.48905e-05 2.35226e-05 0.0745929 0.0138991 0.252297 0.0769456 0.0338361 0.00617075 0.00672801 0.067522 4.7507e-05 0.000430605 0.000521113 7.84723e-05 0.00190206 3.39435e-05 0.0242328 0.0925822 0.000466245 
4.0285e-07 0.000104058 0.00528258 0.0580342 0.00321527 0.0568792 6.95753e-05 0.0113893 0.0642748 0.137287 0.0226778 5.7515e-05 0.000155166 0.131143 0.0267776 0.150921 0.137878 0.0388733 0.0189928 0.00121469 0.062784 7.38942e-06 0.00906425 0.0150926 0.000182175 0.000391309 0.000502084 0.0189127 0.011131 0.0167057 
0.00360241 4.08062e-07 0.000419633 0.0237939 0.000219326 0.00253883 4.88857e-06 0.0027688 0.0314447 0.0121279 0.00431263 3.49535e-08 1.30903e-05 0.0183277 0.0198794 0.524653 0.00263595 0.0395106 0.00466292 0.00224005 0.0388074 0.000709335 0.00125945 0.00126847 0.000728493 0.135717 0.000202294 0.00226334 0.125659 0.000228988 
1.37102e-07 2.11309e-10 0.0371088 0.00440014 0.023975 4.76997e-06 2.93545e-07 0.019077 0.0127557 0.0587028 0.00268818 1.71296e-10 0.00101311 0.00559592 0.00523005 0.486934 0.0017578 0.179986 0.000525783 0.00126297 0.0674563 0.000965648 0.0024924 0.000450602 9.81328e-08 0.074833 2.23695e-05 0.002758 0.00977949 0.000223213 
3.19455e-06 1.72083e-05 0.0226649 0.0431124 9.74871e-05 0.0217902 0.000107055 0.0639817 0.00635921 0.0578055 0.00365274 2.10926e-05 0.000628865 0.126615 0.0143701 0.304175 0.123168 0.0838683 0.0213691 0.00663372 0.0417934 0.000114269 0.00797568 0.00583148 0.000328957 0.0046933 0.000662744 0.00898195 0.0291127 6.50738e-05 
4.36024e-06 0.00153765 0.00267134 6.10833e-05 0.00398396 0.000123347 6.54464e-06 0.00621955 0.00729292 0.0241086 0.00174371 4.30137e-06 1.26002e-06 0.308237 0.0144301 0.383263 0.153489 0.0118147 0.000434595 0.000379121 0.00565496 1.23246e-05 0.00324491 0.0017547 1.01418e-05 0.00717556 6.44982e-05 0.0287716 0.0332301 0.000274318 
4.65576e-09 5.35085e-08 0.00136313 2.71601e-05 0.00326661 5.91337e-05 0.000135732 0.10008 0.0425426 0.0267562 0.000106627 4.82129e-05 2.21013e-08 0.00262303 0.00153407 0.533636 0.0147352 0.00881329 0.211828 0.012535 0.0199426 0.000553438 8.35828e-05 0.00144491 0.000109014 0.000367263 2.76741e-05 0.0110533 0.00605422 0.000273875 
1.0769e-10 4.7088e-07 0.00918283 0.00915853 3.71237e-05 0.000179156 3.01216e-05 0.0175727 0.000757822 0.0145918 0.00986567 3.54551e-07 0.000101178 8.70451e-07 0.0247394 0.520999 0.00330235 0.15511 0.019988 0.0186452 0.00214224 2.11829e-06 0.0154393 0.0115119 1.26569e-05 0.018055 3.1994e-05 8.83162e-05 0.148454 4.65542e-08 
2.72535e-11 1.68208e-07 1.22888e-07 0.0050715 0.0179087 0.000864886 1.05737e-05 0.00215016 0.351852 9.27231e-05 0.0106204 2.61714e-11 3.62247e-11 0.00225042 0.0171584 0.537573 6.19428e-05 0.0175369 7.09964e-05 0.0020028 0.00732085 4.10163e-08 0.0133053 0.000365398 0.0004466 0.0112123 7.92945e-06 0.000130147 0.00197865 7.01776e-06 
2.09455e-08 3.12347e-12 0.000964776 0.000564472 2.28992e-05 5.28417e-09 7.55446e-06 0.00136361 0.00516651 0.0100917 0.000119401 7.63535e-08 6.36844e-07 0.00135878 0.000142266 0.956156 0.00151013 0.00205171 0.00246565 2.37696e-05 0.000942974 3.98058e-08 0.000498014 0.00425627 3.33246e-05 0.00383109 3.08401e-06 0.000719526 0.00770389 1.50643e-06 
5.85759e-11 6.93894e-11 0.132819 1.59918e-06 1.51456e-07 3.19212e-06 6.14691e-07 5.77823e-07 0.020388 2.59349e-07 0.0268285 5.625e-11 7.78576e-11 0.00345695 5.65479e-08 0.629914 1.12743e-11 0.0386142 2.13629e-06 5.42598e-06 0.00508563 7.68254e-08 6.71249e-07 0.133418 2.26295e-07 1.04192e-06 9.92212e-11 0.009456 3.22087e-06 6.0471e-11 
8.91694e-11 6.0519e-07 0.00710557 0.00347569 0.0011265 0.00277883 2.84691e-06 0.00733652 0.413486 0.00495447 0.00134764 2.13056e-08 4.34243e-08 0.00454447 0.00739519 0.454309 0.00298281 0.0398941 0.0002328 0.000569158 0.0034086 9.73778e-11 0.0172757 0.000272754 1.89549e-05 0.00112239 0.000140213 0.0176843 0.00846965 6.49104e-05 
2.85556e-05 1.16606e-09 1.62824e-06 0.00176487 0.0222879 8.35537e-10 6.43734e-08 0.0160855 0.0045787 0.00298725 4.26666e-06 6.78847e-08 2.89125e-06 0.00150334 0.00147151 0.937964 1.10627e-07 0.00522539 7.25897e-08 1.13092e-06 1.61894e-07 2.12229e-08 0.00537419 1.00641e-07 6.44434e-10 0.000233916 1.70426e-07 6.75799e-05 0.000416753 1.01619e-09 
9.20791e-09 0.0023004 0.0118582 0.00290888 3.8012e-07 3.97402e-05 9.14838e-05 0.0110477 0.00165975 0.0152171 0.000597368 2.0125e-06 1.58568e-06 0.411253 0.0117401 0.471384 0.0300811 0.00475943 0.00745411 0.000185906 0.00316242 9.24486e-08 0.00393027 3.44897e-05 0.00463253 7.40054e-07 0.000262286 0.00254982 0.000481346 0.00236384 
4.10795e-05 0.000208449 0.00737999 4.48624e-05 0.013221 0.00215207 0.000491467 0.0291497 0.041651 0.00019843 0.00823679 1.59332e-07 9.37343e-07 0.130853 0.0139386 0.283153 0.233692 0.0537996 0.00320639 0.000851025 0.0307853 9.55724e-07 0.0130654 0.0114707 0.00131872 0.0478119 0.00082158 0.0662018 0.00625389 4.22962e-07 
1.09965e-06 0.00186367 0.0023347 0.000127691 0.000246949 0.000896393 0.000422777 0.0216852 0.00172132 0.0776433 0.00110763 1.62012e-07 6.73135e-06 0.0145915 0.243771 0.273895 0.0143984 0.0210582 0.00747663 0.00242053 0.207716 4.25454e-07 0.0113056 0.000539233 0.00141966 0.00910847 9.05319e-05 0.0481652 0.0337188 0.00226717 
7.5057e-10 2.90044e-07 5.12959e-07 6.04203e-06 0.000658422 9.03498e-05 2.94353e-05 0.00135675 0.297098 0.00678156 0.000292641 7.20768e-10 6.68785e-07 0.0830025 0.0140447 0.511053 0.00800217 0.00401654 0.0182832 0.00031972 0.00311097 4.23057e-05 0.0225686 1.73572e-06 0.0058726 3.61663e-06 3.5854e-07 0.014386 0.00221838 0.0067595 
1.20802e-10 9.72267e-09 0.012177 4.48915e-08 2.65365e-07 2.85929e-07 0.000114716 0.0372319 0.0497316 0.0938956 0.000611769 6.88741e-07 1.60566e-10 0.0956122 0.0472448 0.194495 0.0988657 0.0985452 0.00574263 0.00431032 0.0483797 9.68576e-06 0.0249481 0.0308126 4.62076e-05 0.000926491 0.000133023 0.102332 0.0531691 0.00066343 
9.09085e-09 1.07691e-08 0.00181213 0.00067552 1.30825e-05 6.35715e-05 5.08384e-07 0.0775862 6.91148e-05 0.0036386 0.0315388 3.58602e-06 5.90664e-06 0.137314 0.0109603 0.297754 0.00995845 0.217187 0.000220537 0.000310327 0.152125 0.000242752 1.96021e-06 8.02174e-06 7.90312e-06 1.27486e-05 0.00245993 0.0543258 0.00154169 0.000162262 
5.04646e-07 9.03498e-09 0.0258114 0.0072697 2.9694e-05 0.000983878 6.60052e-06 0.00192412 0.00835774 0.0558389 0.0103239 7.28568e-06 1.02323e-05 0.0170454 0.00167638 0.511091 0.0184382 0.0275282 0.0340823 0.00237579 0.0108289 2.17551e-06 0.174581 0.042739 0.00925987 0.00445946 0.00104045 0.000675118 0.0327821 0.000830643 
0.0103266 0.000481767 0.0208154 0.0151975 0.00934268 0.00442871 0.00330371 0.0558052 0.0517699 0.0228383 0.00560044 3.95842e-05 0.000389167 0.0153976 0.0526388 0.518468 0.00713166 0.0410749 0.008121 0.00766053 0.0279179 0.00811372 0.0238067 0.00444642 0.00121775 0.0197342 0.00105761 0.0210404 0.0414823 0.000351533 
8.38584e-06 0.00623417 0.00171931 1.7848e-05 0.000157232 1.02692e-08 0.000388362 0.137445 0.132035 0.0154215 0.000245553 1.6787e-05 0.00208567 0.0698904 0.00116581 0.516305 0.105917 0.00192028 0.000452099 4.29871e-05 0.00168246 1.32118e-08 0.000470307 0.000954085 4.86242e-06 0.000598497 1.05226e-06 0.00284695 0.000415719 0.00155836 
8.48482e-11 4.95836e-08 7.5966e-10 2.59302e-07 4.64707e-05 1.06443e-07 2.90965e-07 0.0476769 0.182512 0.0335864 8.41651e-09 5.46231e-08 1.12778e-10 0.115098 0.0500169 0.312633 0.00147058 0.111299 0.013851 0.00163515 0.0335806 6.04928e-08 9.63555e-06 0.000991144 0.000157102 3.2952e-11 2.13938e-07 0.000235922 0.0951977 1.18963e-06 
0.00010947 4.61452e-07 0.00151694 3.679e-05 0.166712 0.000162642 6.97567e-08 0.0153721 0.0027624 2.61317e-08 7.88754e-08 3.74073e-07 5.17767e-07 1.48077e-05 0.000993778 0.514013 7.49759e-08 4.64408e-05 2.61128e-05 1.151e-06 0.000558259 0.00194609 7.41505e-08 2.3471e-07 2.55025e-07 0.295704 6.59839e-07 6.15399e-08 2.05137e-05 4.02143e-07 
7.47589e-08 8.85599e-08 0.00291641 0.006037 8.78232e-08 0.000386315 8.56421e-05 0.00102893 0.00231773 0.105517 0.00536514 7.17905e-08 0.00101535 0.104712 0.018957 0.457907 0.0878575 0.0135179 0.0201525 0.000159271 0.125048 3.98421e-06 5.75261e-05 0.000299386 2.85795e-05 7.84375e-06 0.000133384 0.00551495 0.0356527 0.00532 
0.000150059 1.38432e-06 0.00390127 0.00769881 1.20952e-05 0.00397097 0.000376146 0.0250782 0.0287777 0.0412976 0.00307848 0.000330041 9.84656e-05 0.0131028 0.00294728 0.351267 0.0365251 0.133997 0.00527095 0.000242789 0.0364657 3.03126e-06 0.00952677 0.0011673 0.000213887 0.00408531 6.63707e-05 0.00571078 0.270531 0.0141067 
0.000427516 0.00126626 0.0202425 0.0138988 0.00436107 0.000949367 0.000632433 0.00783519 0.0296441 0.0692034 0.00413149 6.48999e-05 0.0005566 0.0423221 0.156981 0.316543 0.0313116 0.0167525 0.00967945 0.00694036 0.0548667 0.000205606 0.0767397 0.000716338 0.0109429 0.0146747 0.000207629 0.0407716 0.0655963 0.00153442 
5.53518e-06 2.64666e-10 0.00380025 0.00441302 0.00561843 0.00436636 0.000312178 0.0211869 0.0387893 0.00997388 0.00297691 4.24747e-08 1.90427e-07 0.030402 0.000792523 0.471893 0.0162253 0.102948 0.0101682 0.0968531 0.00965454 3.54185e-05 0.00586533 0.0900073 0.00153186 0.00532751 0.0002228 0.00282859 0.063801 4.7222e-07 
3.60962e-05 0.0015452 0.0223697 0.00890419 0.00144662 7.95492e-05 0.000523171 0.00755605 0.053198 0.0693676 0.0106359 3.16539e-05 0.000477687 0.173185 0.0117066 0.227185 0.145182 0.106073 0.00655658 0.0149132 0.0435824 2.46089e-05 0.010179 0.00661421 0.000960056 0.00631708 0.000951013 0.0164077 0.0501811 0.0038111 
7.9002e-06 0.000155614 0.0661688 0.00776855 0.00289305 0.00206756 3.49922e-05 0.0424097 0.0424564 0.100408 0.0111476 1.46588e-05 0.000146916 0.0232413 0.013446 0.28754 0.0181685 0.182685 0.0124439 0.00799111 0.0308552 0.00512543 0.0169558 0.00960126 0.00771058 0.00992629 0.000530787 0.0210726 0.0757179 0.00130897 
1.79209e-11 4.344e-09 0.00249959 0.000861319 2.10526e-11 6.90584e-08 3.37882e-06 0.000869478 0.160644 0.00526414 0.000780286 1.77448e-08 1.82366e-07 0.0195021 0.00165765 0.730759 0.00376887 0.00182854 5.89873e-12 0.069902 0.000684116 2.5258e-08 4.44593e-08 1.07979e-11 7.71074e-08 6.95984e-12 3.03561e-11 0.00097445 7.82299e-07 1.85007e-11 
1.79209e-11 4.344e-09 0.00249959 0.000861319 2.10526e-11 6.90584e-08 3.37882e-06 0.000869478 0.160644 0.00526414 0.000780286 1.77448e-08 1.82366e-07 0.0195021 0.00165765 0.730759 0.00376887 0.00182854 5.89873e-12 0.069902 0.000684116 2.5258e-08 4.44593e-08 1.07979e-11 7.71074e-08 6.95984e-12 3.03561e-11 0.00097445 7.82299e-07 1.85007e-11 
2.73555e-07 9.64031e-05 0.0192317 0.0123045 0.000176567 0.00213135 0.000104937 0.0136996 0.0321988 0.0388749 0.00741367 3.84014e-05 2.58677e-05 0.0199176 0.0364148 0.623878 0.042428 0.0331884 0.00228021 0.00206351 0.0349087 0.000136696 0.00732778 0.00538689 0.00037785 0.00259177 0.000190496 0.0160548 0.0433774 0.00318001 
1.61259e-09 0.0032685 0.00870394 0.00050025 0.00953965 6.69731e-05 7.4414e-06 0.00673329 0.00665533 0.0128015 0.00211731 1.41844e-06 8.70196e-05 0.0646548 0.0559471 0.741858 0.0105489 0.00330636 0.000165965 0.000287617 0.0115657 3.07213e-07 0.0230902 0.00189939 5.2361e-05 0.000104777 0.000107032 0.0129278 0.0227456 0.000255086 
6.2557e-05 0.000539783 0.00868867 0.0108361 0.00533738 0.00132072 0.000466876 0.0275276 0.161162 0.0195615 0.0112511 2.19883e-06 4.10824e-05 0.0223135 0.0578778 0.41838 0.0173544 0.0288629 0.00915225 0.0130842 0.041055 0.000376177 0.0578885 0.00936825 0.000499612 0.00155083 0.000208251 0.0101071 0.0639729 0.00115073 
1.13481e-06 9.67173e-07 0.00552651 0.017003 5.20244e-05 0.00412047 0.000866679 0.0340828 0.0550832 0.0555714 0.00348133 2.89358e-09 5.31353e-06 0.111699 0.037678 0.451813 0.0200163 0.0486541 0.000288389 0.00625016 0.0199949 8.19447e-05 0.116236 0.000942356 3.02617e-05 0.000389026 5.10358e-05 0.00680416 0.00327611 1.28615e-08 
3.17374e-07 1.99718e-06 0.00377327 0.000362731 8.13027e-05 3.81506e-06 2.20137e-07 0.00562117 0.019629 0.00021195 0.00208197 8.11532e-08 6.32397e-07 0.000778358 0.141007 0.646964 0.00337858 0.128295 0.0018619 1.08693e-05 0.00927863 3.75661e-07 0.00852062 0.000435088 7.73159e-07 0.000964069 8.86491e-07 0.000274564 0.0260734 0.000388567 
1.77703e-05 0.0126907 0.035151 0.00279451 0.000513322 0.000934408 1.51276e-05 0.0329434 0.0232222 0.0346016 0.00965621 5.18652e-06 1.41324e-05 0.0294326 0.0103052 0.591252 0.0246907 0.0239728 0.0107276 0.00660119 0.0885117 1.67387e-05 0.0181953 0.00414552 0.00817451 0.016726 5.47553e-05 0.00314352 0.0111337 0.000356991 
3.56e-05 3.64682e-06 0.00555051 0.0230519 0.00341605 0.000639924 0.00212544 0.00970729 0.0455274 0.0249125 0.00138745 1.58089e-06 4.18329e-06 0.032046 0.0350079 0.621007 0.0204778 0.0194258 0.00246141 0.0240841 0.00929369 0.00250073 0.0239154 0.000216177 0.000542965 0.00104915 0.0368319 0.0199621 0.0347939 2.04797e-05 
8.10959e-10 4.23827e-07 8.76993e-07 0.301417 1.18825e-05 0.00326471 1.59341e-07 1.07475e-06 1.11018e-05 7.10471e-07 0.0266657 7.78759e-10 5.22026e-06 3.07218e-06 1.35742e-06 0.59763 1.56087e-10 0.0304228 4.63574e-07 1.04134e-06 1.59238e-06 8.85611e-10 0.0043669 3.79465e-06 2.43035e-07 1.14494e-06 1.37368e-09 7.05337e-07 0.0361882 8.37196e-10 
0.00723204 6.66323e-05 0.0113159 0.0128628 0.00251038 0.00181107 0.000158376 0.00427466 0.0944504 0.0301859 0.00464764 1.60609e-06 4.05849e-05 0.0220806 0.0378407 0.224199 0.00333686 0.0279862 0.0745143 0.0470399 0.0716952 0.000313278 0.0262488 0.0431557 0.000912372 0.0185058 2.33174e-05 0.0483942 0.184187 8.54942e-06 
0.0333065 0.0332963 0.0333546 0.0333512 0.0332968 0.0333147 0.0333513 0.0333459 0.0333424 0.0333576 0.0333501 0.0333086 0.0332884 0.0333519 0.0333491 0.0333577 0.0333506 0.0333554 0.0333431 0.0333447 0.0333568 0.0333014 0.0333507 0.0333281 0.0333252 0.0333399 0.0332684 0.0333525 0.0333552 0.0333047 
6.21397e-09 2.08804e-06 0.0102161 0.00774104 0.0232221 5.27457e-09 4.93595e-05 0.0234235 0.00367528 0.0879098 0.00576268 5.96723e-09 0.000525734 0.0156931 0.00196883 0.614 0.00721114 0.0283204 0.0154054 0.00936936 0.0351743 0.000377406 0.000368292 0.00221025 0.00294853 0.0741634 0.00198327 0.0246328 0.00360339 4.26855e-05 
1.59889e-10 1.89406e-10 1.89914e-11 0.00149334 1.15917e-07 2.49032e-07 2.48038e-06 1.78996e-07 0.000726437 1.32896e-07 1.51763e-07 1.39035e-07 2.12521e-10 0.0015968 0.00118023 0.979534 0.0062397 0.000523227 5.83436e-07 1.41571e-07 0.000103204 1.74608e-10 9.68579e-07 1.84625e-07 1.04677e-10 3.25263e-07 2.70835e-10 5.42526e-07 0.00859702 1.65062e-10 
4.99862e-06 3.12243e-05 0.0206726 0.0129813 0.0152486 0.0137048 0.000107685 0.144013 0.0144246 0.0202125 0.00489302 7.42064e-05 0.000293565 0.0172069 0.014483 0.581691 0.0313367 0.0350372 0.00360683 0.00226733 0.00489437 3.2495e-05 0.00368637 0.00893947 0.0007111 0.0202682 0.000362416 0.0196901 0.00883308 0.000291226 
0.00936242 0.00179124 0.00687528 0.00249555 0.00103128 4.07063e-05 0.000510051 0.00500267 0.0131986 0.0329958 0.00334786 0.010085 0.0001384 0.109481 0.0392023 0.485487 0.103159 0.0202178 0.000789766 0.00350276 0.0549007 0.00012493 0.0210159 0.00514766 0.00123424 0.00877907 2.3109e-05 0.0437189 0.0162927 4.81134e-05 
8.26688e-07 3.12251e-11 0.00139434 0.00142042 4.0042e-05 4.61546e-06 0.00258957 0.00495925 0.0120947 0.018839 0.000155957 2.52239e-05 4.31569e-07 0.00536097 9.3194e-05 0.871572 0.0015136 0.00661311 0.00364605 0.00044977 0.00298655 6.21121e-06 0.000520542 0.00476266 9.60267e-05 0.0235144 2.0521e-06 0.0015826 0.0357463 9.60604e-06 
0.000131772 0.000121471 0.0123329 0.0116881 9.23127e-06 8.74098e-05 1.52894e-05 0.00254576 0.0298069 0.0542574 0.00201053 2.66581e-07 0.000215779 0.0130868 0.0596856 0.343895 0.00659082 0.031004 0.00817301 0.0401294 0.0645438 5.38384e-07 0.00860191 0.1715 0.00140212 0.000264073 0.00131282 0.00586307 0.130699 2.5266e-05 
6.11272e-09 7.24117e-09 0.00778795 1.10299e-09 7.18094e-09 5.18863e-09 1.09463e-09 1.88446e-05 2.09131e-09 3.21493e-05 4.77774e-05 5.87001e-09 8.12488e-09 0.277936 9.65549e-06 0.567805 2.22376e-05 0.000164133 2.01203e-09 7.12998e-06 9.08151e-05 1.93653e-05 1.16358e-09 3.6831e-09 0.000208503 5.05679e-05 1.03543e-08 1.6128e-05 0.145784 6.31049e-09 
1.5764e-10 1.86741e-10 0.0149994 0.00260123 0.0764386 0.000299827 1.351e-05 0.032649 0.00141286 0.0078419 0.00315288 4.82421e-06 2.57666e-07 0.00164125 0.00471158 0.718814 0.00323264 0.0655837 0.00120825 2.28952e-05 0.0298129 3.47627e-06 0.00306709 0.000229896 0.00258053 0.00360338 6.01725e-05 0.00089337 0.0249618 0.000159268 
1.13722e-08 2.12294e-05 0.00272097 0.0337721 0.0189475 0.00108669 3.24034e-05 0.00328533 0.000888835 0.106407 0.0127983 3.66861e-06 2.29883e-05 0.0494575 0.0453259 0.494408 0.0615578 0.0145579 0.000138889 0.000408322 0.0707535 0.00514269 0.00764863 1.31299e-07 0.00242271 0.000696016 1.08959e-05 0.0597699 0.00768738 2.68814e-05 
1.08187e-10 3.4964e-06 0.020081 0.00242424 9.30186e-05 1.58122e-05 4.88402e-09 0.017307 0.000842379 0.365542 0.000552184 4.50066e-08 1.73706e-05 0.0139677 0.00101148 0.406638 0.00425014 0.0649875 0.0108497 5.15375e-05 0.0727831 3.78663e-07 0.001697 0.00157352 9.07387e-08 0.0001525 1.12453e-06 0.00128545 0.0138727 4.24532e-08 
1.36974e-06 7.41844e-07 0.0178104 0.0747508 0.00146758 0.000799384 0.00493015 0.00286764 0.0249963 0.118823 0.00846751 5.49862e-05 3.92894e-05 0.0268521 0.00515104 0.150412 0.0671624 0.0590455 0.0109478 0.0162933 0.0497956 0.000822401 0.0504133 0.0332192 0.000437241 0.00743504 2.95896e-05 0.106586 0.149822 0.0105664 
1.08536e-09 1.28572e-09 0.0537837 0.0193422 0.00795282 0.00365153 0.000644562 0.00508537 0.0891785 0.0772272 0.0114206 8.57475e-07 1.44263e-09 0.0113451 1.34391e-07 0.188424 0.00085773 0.0575909 0.00391203 0.0820259 0.0661364 0.0159283 0.00676815 0.0357699 0.00148644 0.0119605 3.31975e-05 0.148892 0.100582 1.12047e-09 
2.51062e-06 1.44188e-06 0.00128028 0.0105109 0.00043792 3.07039e-06 4.26006e-05 0.0599249 0.00726285 0.0320074 0.0191838 1.08748e-05 4.65087e-07 0.152673 0.0212367 0.352268 0.106938 0.0805179 0.00299851 0.00413914 0.0618294 4.71755e-07 0.00480764 0.00544651 0.0100112 9.63588e-05 0.00140773 0.00624753 0.0496168 0.00909627 
1.11083e-08 1.31589e-08 0.0495912 0.0111906 0.00556799 7.14297e-05 0.000216385 0.00758494 0.00147207 0.0273154 0.0138909 5.06085e-07 4.42693e-05 0.2109 0.012149 0.413408 0.0211941 0.026155 0.0173218 0.0361718 0.0125545 0.0196513 0.0616631 0.00549543 1.74348e-07 0.000829617 8.92703e-07 0.0305221 0.0150351 2.20694e-06 
0.0505837 6.8239e-07 0.00665819 0.259367 1.07615e-07 0.00198318 1.04104e-05 0.0220494 0.0245256 0.107541 0.00102742 7.93704e-05 0.0233622 0.0246022 0.00307795 0.336856 0.0208523 0.00563899 0.012407 0.0045689 0.0650632 1.63334e-06 0.00403238 0.001617 0.0067549 0.00159264 5.35282e-06 0.00124497 0.0144071 8.9354e-05 
0.00280875 0.00781602 0.0718778 0.0193409 0.00163777 0.00536989 1.91926e-05 0.0634008 0.00209994 0.0452197 0.0097273 4.13059e-07 0.00109803 0.159458 0.00116188 0.2825 0.0446591 0.0737746 0.0139595 0.0032395 0.0870681 0.000350307 0.00564654 0.011401 0.000100369 0.0357834 0.0106014 0.0100519 0.0298232 4.43943e-06 
8.09986e-05 0.00305516 0.034673 0.00861726 0.000678525 0.00205634 0.0083233 0.0588428 0.0881034 0.0395137 0.00202522 4.39861e-05 0.00362818 0.0130918 0.00934119 0.425972 0.0142964 0.0565964 0.00550647 0.00162126 0.0271315 0.000528669 0.00667454 0.0569811 0.000696593 0.0491328 0.000749813 0.0161091 0.0657704 0.000158639 
0.000353962 1.78906e-05 0.0188862 0.0175852 0.00426863 0.00456376 0.00136863 0.021759 0.00799124 0.118091 0.00879916 1.85176e-05 3.77317e-05 0.183333 0.0277818 0.213024 0.150393 0.0714291 0.00129917 0.0194966 0.0319251 0.000208574 0.0301652 0.0148488 5.77642e-05 0.00455892 0.000273122 0.0298699 0.0175855 8.34448e-06 
2.7247e-05 0.000711329 0.0248105 0.0260728 0.00162345 0.000368875 5.13483e-05 0.00828267 0.0780411 0.0323865 0.0157162 1.40501e-05 5.49612e-05 0.0205124 0.0780796 0.415758 0.0110225 0.0515466 0.0233818 0.00298796 0.0994415 0.000119248 0.0503101 0.0029272 0.00560022 0.00389032 0.000809152 0.0149514 0.0299162 0.000585272 
0.00143361 4.83771e-06 0.0392613 0.00228569 2.08694e-08 2.04892e-06 1.82349e-06 0.223631 0.00226223 0.0132083 0.00166654 9.9321e-07 5.52462e-06 0.298592 0.000118932 0.320586 2.11197e-05 7.52985e-06 5.84739e-09 5.31177e-09 1.39866e-09 0.00013621 3.38162e-09 1.07039e-08 9.80388e-06 2.88882e-07 0.0952224 2.04229e-07 0.00153837 3.61628e-06 
2.13751e-11 3.23281e-07 1.78123e-05 0.00281182 3.48735e-06 3.70524e-05 1.66095e-05 0.00122358 0.0221549 0.00454634 0.000623427 1.02558e-07 2.84112e-11 0.00258089 0.0922739 0.546572 0.00107719 0.00305855 0.0042797 8.25565e-05 0.0095421 2.74572e-07 0.00488881 0.000215882 5.71732e-07 2.54464e-06 7.49926e-06 0.00144311 0.302514 2.48062e-05 
1.98615e-11 8.63691e-06 0.0605249 0.00746406 0.000343702 0.000168601 4.97824e-09 0.00832775 0.00222817 0.0073075 0.00108401 1.13499e-06 2.63995e-11 0.000488949 2.68576e-05 0.875977 0.000355011 0.0022153 0.00012124 0.000291342 0.0260224 1.35831e-06 0.000515215 7.64523e-05 8.07972e-05 0.000875992 3.20829e-08 0.00273142 0.00276189 2.55184e-07 
2.3824e-06 1.11957e-06 2.08341e-06 0.000742498 1.80369e-07 1.5265e-08 9.15983e-09 0.00899214 0.00101323 8.76967e-07 0.000133004 6.51976e-10 9.02422e-10 0.000466816 0.195588 0.784897 1.30676e-10 0.00532688 1.60411e-05 4.84954e-08 1.47902e-07 7.41432e-10 0.00209709 4.09078e-10 4.44486e-10 0.000169571 3.10563e-07 0.000550362 3.09795e-07 7.00899e-10 
3.16805e-08 0.000885544 0.00116726 0.00180843 0.0266357 4.0399e-06 2.99379e-05 0.00626254 0.0294166 0.0294437 9.34036e-05 2.22541e-08 0.00138093 0.0118237 0.0338285 0.805026 0.00763079 0.00626956 0.00473026 0.00121698 0.0154952 1.27308e-05 0.00458747 0.00117335 0.000366326 0.00287897 0.00157661 0.00277604 0.00293164 0.000547273 
3.29742e-11 8.17041e-09 3.91664e-12 0.0012921 0.00165138 1.66066e-05 2.90125e-09 0.00407672 0.179653 0.000802052 0.000512538 4.36246e-08 4.38285e-11 0.0104806 0.0228996 0.757128 0.0115338 0.00355321 0.000321719 0.000152947 0.000544965 6.78744e-08 0.00491952 6.96552e-09 2.02439e-08 0.00025487 0.00010021 8.37771e-05 2.1878e-05 3.4041e-11 
0.000602334 0.000517744 0.00569752 0.0167043 0.000204098 0.0048198 0.00567805 0.00899953 0.0616595 0.0598452 0.00862258 0.000147659 4.0462e-06 0.0595265 0.0380001 0.545663 0.0426716 0.0290684 0.0039364 0.00592062 0.0274182 0.000165618 0.0181234 0.0025758 0.000164393 0.00410579 3.59271e-05 0.0202717 0.0251926 0.00365743 
