1.39806e-06 1.68502e-05 0.0327417 0.00646531 0.000452872 0.000908908 8.13862e-05 0.00505846 0.00245278 0.150034 0.00796413 1.37623e-06 5.65291e-06 0.13786 0.000143933 0.153688 0.301614 0.0315042 0.000996712 0.00193284 0.00800317 0.00285378 7.03231e-05 0.0275757 0.0108781 0.01165 7.19932e-05 0.0998935 0.00500883 7.07471e-05 
2.35391e-07 2.65457e-06 0.053546 0.0117967 9.29251e-05 1.39937e-05 0.000285119 0.00933679 0.000550823 0.106426 0.00299668 0.000149838 0.000197066 0.106251 0.000112362 0.0967287 0.268136 0.0469019 0.00684312 0.00374762 0.14766 8.86613e-06 0.00221848 0.00252292 0.00838558 0.00651756 0.000140241 0.0770594 0.0338192 0.00755121 
5.98512e-11 2.62985e-08 3.02776e-06 6.5722e-08 7.36913e-07 7.04213e-07 0.000440282 0.00124542 0.00183304 0.058718 4.53416e-07 0.000432351 7.95528e-11 0.257566 1.51758e-07 0.0130754 0.593885 0.0235964 0.00237678 1.25722e-07 0.0037194 6.53608e-11 0.000551976 0.000507701 0.0181031 2.32441e-11 0.000180238 0.00580398 0.0153379 0.00262149 
0.00011594 0.000172916 0.0929325 0.0857953 1.57572e-05 1.4403e-05 0.000418626 0.00699369 0.000179186 0.0341537 0.000845573 0.000184155 8.90383e-05 0.0450772 0.000326921 0.0173448 0.395577 0.0434017 0.00044815 0.00256817 0.199213 4.21619e-07 0.000748405 0.00195158 1.87756e-05 0.00555297 0.00016897 0.021643 0.0410966 0.00295104 
3.1025e-07 8.86992e-05 0.00432117 0.0158661 3.3545e-06 0.00473117 2.99815e-06 0.0121266 0.000341661 0.00577981 0.0253916 1.29238e-05 5.96228e-06 0.0189619 3.09891e-06 0.000624321 0.812741 0.0150967 0.000179196 1.64958e-05 0.068887 3.3881e-07 0.000395928 0.00106342 4.27966e-06 0.000504223 0.000187851 0.00117202 0.0114526 3.7574e-05 
3.0084e-08 3.56377e-08 0.000173906 2.05948e-06 0.00022131 9.70645e-07 0.000335089 0.00124422 0.000376199 0.012542 0.000297039 4.9256e-05 7.76196e-05 0.418999 0.00015911 0.00982371 0.517598 0.00719653 0.000359991 0.000402086 0.00879925 3.28534e-08 0.000728061 0.000448173 2.9548e-05 1.8148e-05 9.8998e-05 0.00046218 0.00179135 0.0177661 
6.5643e-09 7.77612e-09 0.00680853 0.00163036 0.00115742 0.000228281 9.95452e-06 0.00281316 0.000606458 0.0499754 0.00690004 2.65406e-07 0.00134868 0.302245 0.000611436 0.0348613 0.517813 0.008754 0.00289965 0.00123254 0.00564558 9.21107e-05 0.000710282 0.000151563 0.00679044 0.000147235 0.00223379 0.0362951 0.00318623 0.00485261 
0.00373239 9.07995e-09 0.00371806 0.000184021 0.00485352 2.88704e-06 0.044201 0.000197434 5.27805e-05 0.000920743 0.000297858 1.81272e-07 6.84317e-06 0.00146948 0.00595493 0.00195569 0.824164 0.000760414 0.00115025 0.00306441 0.0087015 3.42069e-10 0.000218997 0.000157628 0.00466572 3.17323e-05 0.00183362 0.0875281 0.000175197 8.43188e-07 
9.47803e-08 1.17833e-07 0.00892653 0.0461006 0.000666087 0.00109803 0.00293544 0.010188 0.0180265 0.0717515 0.0050836 0.00202619 1.04232e-05 0.0776694 0.00427169 0.0506967 0.309108 0.0437921 0.00274083 0.00340558 0.0274364 3.81399e-05 0.00452101 0.0133559 0.00274703 0.00699281 0.00032485 0.1391 0.0168075 0.130179 
2.97994e-06 6.80289e-05 0.130722 0.00809783 0.000715186 0.000666212 6.28063e-05 0.0524665 0.0302344 0.0839039 0.00332777 0.000856797 4.83326e-07 0.0945934 0.000786155 0.0732931 0.212912 0.0879455 0.00325698 0.00802995 0.0293185 0.0173953 0.00186121 0.00330083 0.000234165 0.00481255 1.78809e-05 0.0174534 0.133501 0.000162619 
1.25898e-08 0.00032572 0.00261686 0.0039273 1.95941e-06 1.06865e-08 3.24323e-05 1.58826e-05 0.000435667 0.0358819 0.0021568 1.20899e-08 2.50514e-06 0.231312 0.000328958 0.0237997 0.647639 0.00527798 0.0297752 0.0018596 0.00434453 2.17478e-07 0.000152741 6.79225e-05 0.000803629 0.000843731 1.69164e-06 0.0028867 0.00301005 0.00249883 
4.52982e-10 2.3463e-07 0.0038023 1.00206e-06 0.000574285 7.05941e-07 3.905e-06 0.0112046 0.00217675 0.0300022 8.4677e-05 0.00057298 6.02093e-10 0.0253305 9.93638e-11 0.106156 0.338108 0.168992 0.000745908 0.000358417 0.0299739 0.000621141 0.00425729 0.0108766 0.000135265 6.45062e-07 0.000233635 2.38498e-06 0.265605 0.000179414 
8.39721e-07 0.00104309 0.0518442 2.07618e-05 0.000253766 0.000506442 9.28414e-05 0.00835261 0.000153092 0.000604818 1.51601e-05 0.000156366 1.11614e-06 0.0415447 4.03022e-05 0.000838625 0.877531 0.00346766 4.65084e-05 0.00188005 1.15781e-05 1.80698e-06 0.00245503 1.03783e-05 6.51324e-05 3.26118e-07 9.34171e-06 0.000517846 0.00795952 0.000574883 
1.11296e-10 1.31841e-10 0.00238756 0.000668136 4.09086e-05 1.0531e-05 0.00107693 0.00406506 9.15827e-05 0.137747 2.03157e-05 0.000528525 6.82165e-06 0.205493 0.00110022 0.00266473 0.484629 0.00353541 0.0007038 0.000193266 0.00925271 1.21541e-10 7.44274e-05 0.000172964 0.0040301 1.03898e-05 2.10612e-05 0.00311261 0.00311949 0.135244 
5.29812e-08 0.0430484 0.00752617 0.000935486 0.00166603 2.65582e-05 4.47396e-07 0.00228472 0.0175063 0.0026749 1.54924e-06 6.71643e-06 7.04213e-08 0.149397 4.68308e-05 0.120264 0.558459 0.0271235 9.39082e-06 0.000382127 4.10015e-06 5.78583e-08 0.0441552 0.00360067 0.000142069 0.0114866 1.11384e-05 0.0092334 2.24972e-06 5.825e-06 
1.81963e-07 2.19287e-05 0.00851794 0.00808582 1.11629e-05 1.45878e-06 0.187198 0.00304386 0.00421307 0.0173497 0.000116444 0.00011574 3.27708e-08 0.0208095 0.026742 0.0348568 0.59861 0.00826707 0.00149145 0.000608271 0.0174643 1.86111e-05 0.0196793 0.0033295 0.000512822 0.000458387 0.00170632 0.0353249 0.00141699 2.82848e-05 
2.13487e-10 6.87804e-08 5.74232e-07 1.17979e-06 2.50794e-10 1.29436e-06 0.000567512 7.82344e-07 0.000838353 0.00359986 8.58094e-07 0.000474209 2.83761e-10 0.102383 2.29645e-06 0.000930248 0.881349 0.00367865 0.000218219 0.000548887 6.58978e-07 5.11757e-08 3.05139e-06 5.6523e-07 0.000290233 8.29107e-11 4.53672e-07 1.41607e-07 0.0015858 0.00352393 
7.65501e-07 9.06817e-07 0.0177471 0.000929245 0.062394 9.1935e-05 6.25229e-05 0.0124506 0.00663966 0.0114949 0.000295422 0.000106364 9.34715e-06 0.0959035 0.00130346 0.0159422 0.671179 0.0168996 0.00417665 0.0174296 0.00861565 5.43574e-05 0.00036641 0.00148656 0.000858822 0.00128277 0.000508118 0.00162236 0.0309772 0.0191716 
6.72033e-09 2.55959e-07 1.30746e-05 1.21263e-09 7.89473e-09 5.70438e-09 0.00361551 0.00206388 8.96609e-05 0.000950609 3.70114e-08 0.00166147 6.38137e-07 0.108888 0.00205541 0.0302231 0.755543 8.76029e-07 2.1658e-06 0.0915819 8.76661e-05 4.88025e-07 8.7311e-07 1.75446e-06 0.00270452 0.000229035 3.44113e-06 3.90909e-06 1.64539e-06 0.000277289 
2.84604e-07 0.000127958 0.00513861 0.00436153 0.000874485 4.25177e-05 5.86724e-05 0.000674904 0.00702025 0.0253802 0.00214813 7.9972e-06 1.88978e-06 0.102936 0.0234539 0.0754745 0.356475 0.104556 0.0261159 0.00205279 0.127479 2.53055e-07 0.00986726 2.73538e-05 0.0073683 0.000482997 8.79347e-05 0.0037865 0.0916887 0.0223096 
3.41727e-08 3.41165e-07 0.00730491 0.0294784 0.00114818 0.000788158 2.39811e-05 0.0048993 0.00328086 0.152771 0.00269944 0.000472171 0.00870918 0.110814 0.00239427 0.0647909 0.492082 0.0287932 0.0168604 0.00128722 0.0162386 5.89122e-08 0.00129492 0.00605734 0.0102176 0.000137606 0.00126567 0.00596136 0.0265178 0.00371153 
0.000675833 2.52062e-06 0.0169747 0.00275814 0.000300659 0.0018696 1.09429e-05 0.158975 0.0131981 0.109473 0.000897623 0.000687107 1.19384e-05 0.191562 0.00576659 0.0694004 0.200575 0.0458123 0.00309792 0.000813433 0.0435464 9.92878e-05 0.0512822 0.00258451 0.00129052 0.00990244 1.95733e-05 0.0129585 0.0552441 0.000209345 
8.90511e-11 1.0549e-10 0.000774643 0.000342814 0.00135884 0.00088386 0.000474678 0.00226795 0.00625854 0.0350587 3.84357e-05 5.87978e-05 4.61173e-05 0.218604 0.0029801 0.129614 0.278688 0.0195939 0.0108658 0.000274499 0.0433462 1.76629e-07 0.0021492 5.3656e-11 0.000232964 8.92969e-05 0.000883737 0.0018089 0.00199245 0.241314 
0.00373239 9.07995e-09 0.00371806 0.000184021 0.00485352 2.88704e-06 0.044201 0.000197434 5.27805e-05 0.000920743 0.000297858 1.81272e-07 6.84317e-06 0.00146948 0.00595493 0.00195569 0.824164 0.000760414 0.00115025 0.00306441 0.0087015 3.42069e-10 0.000218997 0.000157628 0.00466572 3.17323e-05 0.00183362 0.0875281 0.000175197 8.43188e-07 
8.72256e-09 1.03328e-08 0.00282708 6.34147e-05 3.97172e-05 1.05911e-06 9.14273e-05 0.00578393 0.000123823 0.0766473 0.00291168 0.000103332 0.000527832 0.042876 0.00102008 0.00753116 0.79081 0.00774761 0.000567244 0.00173946 0.0348059 1.20097e-05 0.000187851 0.000568492 0.00154259 0.000342289 0.000279334 0.0152044 0.00428677 0.0013579 
2.1763e-10 0.000196531 0.00112664 2.03943e-06 0.000237007 0.00225743 1.2056e-05 1.15318e-07 3.93502e-05 0.0752711 0.000820455 3.09279e-07 0.377558 0.0122388 1.65075e-06 0.0038921 0.467499 0.000465267 5.94265e-05 0.000335465 0.00274751 5.76931e-07 0.0126774 0.000503355 0.000603799 0.00401514 7.38711e-05 0.0366582 0.000703081 4.79551e-06 
4.90546e-07 5.81104e-07 9.71938e-05 0.00511849 3.8355e-05 2.77813e-05 0.000124505 0.000145638 0.000320403 1.03174e-05 0.000731385 7.16268e-06 0.00273651 0.127017 0.0213064 0.0177654 0.807456 5.18978e-08 1.61465e-07 1.46675e-07 3.86215e-08 5.35703e-07 0.00240201 3.97927e-05 0.0140889 0.000512444 8.30932e-07 2.4694e-05 5.2518e-08 2.68835e-05 
1.38899e-08 1.6454e-08 0.00383421 0.00842035 2.14293e-05 0.000516895 0.000116089 0.00352951 0.000315561 0.0784783 0.00312261 0.000197797 0.000279913 0.0779783 0.002301 0.00715319 0.682126 0.0226107 0.00494809 0.000505312 0.0749518 6.34155e-05 0.00577493 0.000805394 0.00032509 0.00323906 7.30118e-05 0.00165325 0.0150219 0.0016371 
3.97166e-10 0.00372029 0.00213083 0.00679159 5.85846e-06 3.37124e-10 0.000150348 0.0522621 0.000961271 0.162842 0.0001039 1.9091e-05 0.0053028 0.139134 0.0110643 0.13886 0.18238 0.172364 0.0143509 0.0102994 0.065599 4.33726e-10 0.00502587 0.0171562 1.34753e-05 8.02786e-07 8.47799e-05 0.00463702 0.00474067 1.88831e-07 
8.08854e-10 9.58174e-10 9.60747e-11 1.45951e-10 1.52128e-06 3.57089e-06 3.91226e-07 3.26426e-06 4.33635e-05 6.02844e-06 2.14568e-06 7.76738e-10 1.07511e-09 0.271688 4.84729e-05 0.286504 0.351281 3.63695e-06 1.59769e-06 1.85018e-05 6.07537e-06 8.83312e-10 9.67077e-05 7.31527e-07 5.29542e-10 3.1413e-10 1.37011e-09 1.27783e-10 0.0902907 8.35023e-10 
7.71864e-06 1.99515e-08 0.00674088 0.00114961 2.01352e-05 9.53537e-07 0.000308716 0.00410241 0.0631288 0.0181426 0.000236831 1.61735e-08 2.23863e-08 0.245367 0.00568899 0.0909523 0.448877 0.015396 0.000117745 0.000469614 0.0087796 5.50501e-05 0.0306703 0.0109076 2.67689e-06 0.000662008 9.28206e-07 0.0479622 0.000252378 1.73872e-08 
2.00584e-08 5.00533e-05 0.0105127 0.0297838 2.60401e-05 1.73897e-05 0.00125695 0.00107061 0.00104738 0.154931 0.0600664 0.000386479 0.00175831 0.0499389 0.00391638 0.0106629 0.514119 0.00800239 0.00907332 0.0355168 0.0375827 2.68544e-06 0.000185028 0.000427053 0.0454472 0.0130815 1.35527e-05 0.00209576 0.00436618 0.00466188 
2.97405e-08 1.10905e-05 0.0279966 0.0214886 0.000218399 7.9264e-06 0.000817485 0.000746599 0.00274988 0.0665325 0.000661304 8.14761e-06 3.62815e-07 0.110087 0.000439934 0.00596897 0.524889 0.035038 0.00961407 0.0594148 0.0460807 3.59553e-05 0.000119017 0.00911069 0.00950834 0.00674341 0.00132032 0.00718228 0.0530349 0.000173581 
4.30436e-10 5.09897e-10 0.00216671 0.0832422 2.77198e-06 2.84446e-06 8.12412e-08 4.81252e-05 0.00614581 0.0388565 4.90051e-06 4.13345e-10 5.72125e-10 0.145608 0.00545484 0.308468 0.322109 0.00423879 1.02952e-06 7.22045e-08 1.85647e-05 4.70059e-10 1.2711e-06 0.00683607 0.00121066 0.0310268 3.18559e-06 0.0102085 0.0343358 9.52231e-06 
9.45316e-09 9.13275e-05 0.00175333 0.0347711 1.11051e-08 1.76767e-06 0.000181346 1.86684e-06 3.23415e-09 0.0567957 0.0137073 3.0836e-06 3.00445e-07 0.118916 5.94432e-07 0.00926769 0.606062 0.0998518 0.00674844 0.00303651 2.86059e-06 0.0380315 3.37511e-07 2.66354e-05 4.09901e-05 1.0286e-06 4.7003e-05 0.00960221 0.00105433 3.17774e-06 
0.000596574 0.000117638 0.0473269 0.0246457 0.000377076 0.00331216 0.000273435 0.0465116 0.00428784 0.0991885 0.00257384 3.37577e-07 6.50146e-06 0.189231 0.00149607 0.165107 0.198705 0.0767119 0.00727616 0.0339563 0.0245967 0.000723688 0.00105465 0.0104386 0.0132824 0.00165263 9.20944e-05 0.014639 0.0181463 0.0136728 
6.28387e-07 0.0076174 0.0200967 0.0256637 0.0156128 0.00693076 0.023595 0.00155814 0.0076259 0.171491 0.0453298 2.25829e-05 0.000249569 0.10175 0.0126298 0.0613028 0.173578 0.0267698 0.0257629 0.015941 0.135837 7.98252e-05 0.00871341 0.00105727 0.021157 0.000969331 0.000109541 0.0826807 0.00586446 4.22407e-06 
2.1763e-10 0.000196531 0.00112664 2.03943e-06 0.000237007 0.00225743 1.2056e-05 1.15318e-07 3.93502e-05 0.0752711 0.000820455 3.09279e-07 0.377558 0.0122388 1.65075e-06 0.0038921 0.467499 0.000465267 5.94265e-05 0.000335465 0.00274751 5.76931e-07 0.0126774 0.000503355 0.000603799 0.00401514 7.38711e-05 0.0366582 0.000703081 4.79551e-06 
2.2362e-05 4.61289e-05 0.00499892 0.0868081 0.000455902 0.0505275 0.0138495 4.68428e-05 2.6168e-05 0.207085 0.000628052 0.00184665 1.07062e-06 0.137386 0.00104481 0.123459 0.270748 0.00148265 0.00639889 0.00097848 0.0107967 1.42086e-05 2.34088e-05 2.90343e-05 0.00269411 0.000498694 0.000275228 9.13398e-05 0.077105 0.000632892 
1.85286e-05 8.8953e-08 0.0133251 0.0475943 6.52961e-05 0.000752144 1.95908e-05 0.0064575 0.000751372 0.0643529 0.0027954 3.78861e-06 1.0994e-06 0.230145 1.9852e-05 0.0036241 0.543758 0.00664717 0.00329464 0.000261243 0.00225474 7.53945e-07 0.000145028 0.002995 0.000234877 0.000505123 0.0198164 0.0163107 0.0338506 3.43851e-09 
0.00046584 4.48261e-10 0.028665 0.00279829 8.80889e-05 0.00274041 2.97172e-05 0.0466032 0.00700517 0.157447 0.00131428 0.000240899 0.000293201 0.180115 0.00384683 0.140773 0.239275 0.0725578 0.00423359 0.000453774 0.0716534 2.53581e-05 0.0103138 0.00320725 0.00053556 0.00329967 0.000107338 0.00112867 0.0186303 0.00215255 
4.3032e-10 5.09761e-10 0.00724811 0.00190853 5.0552e-10 4.64829e-07 6.94767e-05 8.38233e-07 0.000232447 2.43127e-06 1.41487e-06 6.05387e-07 2.45203e-07 0.303468 9.43929e-11 0.00183805 0.669896 0.00143684 8.23018e-07 2.99931e-06 2.43954e-07 4.69933e-10 0.001622 9.33618e-07 0.00449585 1.42376e-06 0.000652737 0.000309826 0.00395179 0.00285742 
6.17515e-06 0.00205856 0.0309476 0.0159141 0.00252443 0.0103349 0.000517094 0.0144097 0.0049456 0.0220322 0.0155171 1.52972e-07 2.24742e-05 0.130386 0.0172846 0.0919738 0.500207 0.028293 4.87725e-05 0.00683792 0.0246918 2.39619e-05 0.0107813 0.00717426 0.000748255 0.000660575 0.00539181 0.0442403 0.00869775 0.00332806 
7.5997e-08 6.64762e-05 0.00114852 0.000573113 3.1454e-06 3.53403e-05 9.89836e-06 0.0035338 0.000129947 0.015408 0.188489 6.60636e-09 1.66483e-07 0.0576248 0.282311 0.0272518 0.36204 0.00473565 0.00094113 0.00105701 0.0478923 7.5128e-09 0.00122553 9.48635e-07 0.00188199 1.53289e-07 1.31072e-06 0.000149185 0.00334039 0.000150286 
7.33652e-07 0.00503582 0.010056 0.0101966 1.83079e-05 0.000116273 0.000156825 0.00489251 0.000336619 0.0345796 0.00188498 4.01652e-06 7.52409e-06 0.105909 0.00102473 0.0130745 0.69606 0.0188395 5.01233e-05 0.000693938 0.0229908 1.80713e-06 0.00873499 0.0123861 0.00344843 3.43341e-05 4.05402e-05 0.00535349 0.0431904 0.000880662 
8.88797e-09 1.11757e-06 0.00111095 8.4562e-06 1.04412e-08 7.7792e-07 0.000262339 0.00035197 0.00100823 0.010678 7.51663e-06 4.15901e-05 1.32776e-06 0.175051 3.46344e-05 0.00671526 0.737851 0.0110719 0.000258091 0.00038578 0.0240986 0.000141269 4.64737e-05 0.000335344 4.71448e-05 3.45177e-09 0.000148185 0.00125235 0.0275649 0.00152579 
7.40049e-07 6.85361e-06 0.000297388 0.0210852 1.82243e-05 0.000424021 9.14155e-05 0.00111003 0.00171982 0.0266533 0.000487256 5.33393e-05 5.1416e-06 0.0721099 0.164518 0.0633827 0.488751 0.0192592 0.0403588 0.00201907 0.0519158 5.28889e-06 0.0111335 0.000262589 0.00431186 4.90768e-05 9.48349e-05 0.0249036 0.00435981 0.00061199 
6.18293e-06 0.00241115 0.0354483 0.051686 0.00223919 0.0056478 0.00129844 0.0373051 0.00409488 0.066997 0.0305852 7.07389e-05 0.000718778 0.172181 0.0104174 0.0931564 0.182436 0.0610162 0.0186161 0.0322488 0.0670429 0.000485256 0.0130668 0.00910194 0.00389497 0.0204446 0.000703542 0.0475631 0.0229603 0.0061568 
4.47963e-08 5.65877e-05 0.00430465 0.0851241 4.02348e-05 0.00208106 0.0501072 0.00242935 0.00182887 0.0501967 0.0165085 6.61147e-06 0.000176566 0.0361706 0.129893 0.0820521 0.240271 0.018672 0.0215972 0.00921454 0.106418 0.00211057 0.00552535 0.0271902 0.00200262 0.0188026 0.000190735 0.0444219 0.0425862 2.08878e-05 
8.52571e-08 1.27767e-05 0.000152266 0.0624736 6.35363e-05 0.000782065 0.000180407 0.00129983 0.0455627 0.130339 0.000253833 0.000200134 2.10256e-05 0.116651 0.00915026 0.0264878 0.447486 0.011622 0.00175747 5.37394e-07 0.0460728 0.000216486 0.0159283 0.000185769 4.58513e-05 8.27397e-06 0.000259508 0.00304802 0.0571716 0.0225673 
0.000376685 1.07192e-08 0.0066046 0.0131861 0.000280926 0.0233414 5.74256e-05 0.0146263 0.000603831 3.52382e-06 0.0014796 0.00463219 2.41034e-06 0.246326 0.00154717 0.0675454 0.408728 0.125526 2.80285e-06 0.00484756 0.030315 9.88168e-09 1.72246e-09 4.17928e-06 5.92403e-09 0.0386215 0.000734966 0.00830758 0.00229569 3.93439e-06 
2.15837e-08 2.55681e-08 0.00375302 0.015207 0.000540428 5.7852e-05 0.000113578 0.00245178 0.00262726 0.306824 1.75755e-05 0.00713927 9.77725e-05 0.191578 0.00164968 0.033896 0.324495 0.0175877 0.00718944 5.52403e-05 0.0359628 2.35705e-08 0.00223395 0.00060132 0.000286229 0.00631877 8.18579e-05 0.00942936 0.00680883 0.0229965 
8.49598e-05 2.96821e-07 0.00741891 0.00278308 5.39671e-07 0.000502851 0.00504155 0.000137499 0.000965536 0.071986 0.0175696 5.46326e-06 1.16833e-06 0.0397307 0.000308112 0.0356637 0.365924 0.010609 0.00436546 0.237207 0.0321737 0.000195822 4.42498e-05 5.87862e-05 3.93777e-05 0.000672933 0.00875836 0.141844 0.0159073 7.70862e-09 
2.50519e-06 0.000117177 0.0702971 0.00605443 0.000212128 0.0004733 0.000499277 0.0654631 0.00469743 0.133525 0.00248751 4.8326e-05 0.000752743 0.150185 0.000925512 0.0505079 0.230557 0.067083 0.00389408 0.00330145 0.0518631 0.000275298 0.00683725 0.0023025 0.0201098 0.00206397 0.000221382 0.0776474 0.0427594 0.00483507 
3.12165e-08 0.000388521 0.01054 0.00120127 0.00165131 0.00800474 4.34157e-05 0.0154839 0.00931239 0.0440762 0.00237342 0.000216035 1.48843e-05 0.2047 0.000105598 0.135094 0.417727 0.0571485 0.0200509 0.000811494 0.00661845 8.05912e-06 0.000338945 0.00245433 0.0021999 0.000334984 0.000614562 0.0342879 0.0239744 0.000225689 
9.38465e-10 3.17838e-05 0.0518613 0.0139662 0.00695673 0.0765834 0.000168111 0.00136327 0.00292967 0.124522 0.0174656 4.56532e-05 0.0007805 0.1351 0.0137746 0.0284748 0.175389 0.0193206 0.0887422 0.00586901 0.0380717 0.000218268 0.00196053 0.0119813 0.00879968 0.00448217 0.000464877 0.147844 0.0220626 0.000770053 
1.66065e-09 0.000238451 0.00166242 0.000621266 0.000739032 0.000469462 0.000438472 0.0106524 0.00134067 0.0621895 0.00311144 0.000241501 2.47043e-06 0.382211 0.00198128 0.0287695 0.385364 0.0194199 0.00048054 0.00304416 0.0187759 1.24384e-07 0.00766624 0.0146393 0.00732235 0.000165108 0.000381822 0.0025413 0.00978258 0.0357477 
2.27115e-05 7.47346e-05 0.0232254 0.0014393 0.000218844 0.0570229 0.00011754 0.0194396 0.00165508 0.0995997 0.0536384 0.000474751 0.000147019 0.267433 0.00312755 0.0393456 0.324346 0.00592632 0.00733902 0.0102108 0.00504094 9.0222e-05 0.000753309 0.000445644 0.0200825 0.00419512 1.09911e-05 0.0518958 0.00240876 0.000272736 
7.64635e-09 2.43585e-06 0.0330228 0.00550782 1.20883e-05 6.73556e-05 0.000137447 0.00120474 0.000353284 0.0544962 0.0325296 1.73501e-06 4.73557e-07 0.00568209 5.72035e-07 0.0368769 0.418906 0.082471 0.00310415 0.0478075 0.00299494 1.54283e-06 0.00299753 0.00138399 0.0216436 0.204875 0.00075744 0.0217162 0.0214432 2.61725e-06 
1.5714e-12 1.86149e-12 1.61993e-07 2.01063e-07 1.259e-07 4.67365e-06 0.000407086 0.0494689 0.00281209 0.145927 0.000406742 3.27607e-07 5.38896e-08 0.114358 2.84511e-07 0.046286 0.2944 0.0090446 2.78633e-07 0.00903714 0.0290832 1.71605e-12 0.00194706 0.000393662 0.249159 3.64341e-08 4.81809e-08 0.0015747 0.0164074 0.0292811 
0.00144041 3.20448e-06 0.0285417 0.00135793 0.00254405 1.1502e-05 0.0391575 0.00140689 0.000115242 0.011688 0.00177975 8.66209e-07 2.69241e-06 0.00269058 0.0024424 0.00220862 0.491176 0.0126759 0.00318829 0.0036144 0.00977473 1.54126e-08 0.00018573 0.000513556 0.0028628 0.000289005 0.00452971 0.363073 0.012721 4.86963e-06 
1.18547e-10 2.14127e-08 0.000276903 9.36284e-05 2.08172e-07 3.91116e-07 0.000709164 0.000487778 0.000752655 0.00448753 5.83535e-07 8.63021e-05 1.61684e-07 0.416921 0.00284315 0.0100946 0.539895 0.00879606 0.000989038 0.0025852 0.000414887 1.29459e-10 2.25658e-11 3.91652e-07 8.22879e-05 4.60393e-11 0.000159348 2.59452e-06 0.0011839 0.00913745 
7.5997e-08 6.64762e-05 0.00114852 0.000573113 3.1454e-06 3.53403e-05 9.89836e-06 0.0035338 0.000129947 0.015408 0.188489 6.60636e-09 1.66483e-07 0.0576248 0.282311 0.0272518 0.36204 0.00473565 0.00094113 0.00105701 0.0478923 7.5128e-09 0.00122553 9.48635e-07 0.00188199 1.53289e-07 1.31072e-06 0.000149185 0.00334039 0.000150286 
0.0021356 0.000600606 0.0185122 0.000565766 0.000657755 2.90902e-05 1.72348e-05 0.0959498 0.000478195 0.0133776 0.0508151 5.50342e-08 5.69755e-07 0.12006 0.000180732 0.143635 0.295533 0.00815389 8.21354e-05 0.000850037 0.0619526 1.33038e-07 0.000244617 0.0107667 0.00202975 0.00215147 0.164041 0.004463 0.00270631 1.01397e-05 
9.95046e-08 1.17874e-07 0.000219852 0.00222818 0.000202545 0.000557367 0.000149941 0.000449537 9.51024e-06 0.00729884 0.00520116 0.0420834 0.00195137 0.228851 9.78445e-06 0.00810554 0.694936 0.00232191 0.00236931 0.00011892 0.000134351 1.10024e-05 1.66187e-05 5.99546e-08 0.000422176 0.00100168 4.17799e-05 3.71311e-06 0.00125781 4.65295e-05 
1.68684e-09 0.000326857 0.00914168 0.0228951 0.000211987 0.00367056 0.000544719 0.000355484 0.000704686 0.0566865 0.0181548 0.0570343 0.00282245 0.119322 0.000448589 0.00897319 0.635096 0.00668226 0.00822122 0.00261806 0.0135111 5.68424e-06 0.00147494 0.000438078 0.00174079 0.00162739 0.000260438 0.0107827 0.00829095 0.00795748 
2.45395e-06 3.62977e-05 0.00748215 0.00594235 0.000792017 0.000942369 0.00120768 0.00212739 0.00283768 0.0835798 0.0113605 2.45541e-05 0.00017813 0.200515 0.061692 0.0552576 0.287024 0.0304425 0.00579746 0.00230389 0.0298683 0.00514501 0.0169519 0.000500204 0.0022543 0.000477985 0.000117288 0.146622 0.01698 0.0215377 
3.4732e-10 4.11437e-10 0.0200949 0.00242932 5.23446e-06 0.000426924 6.12819e-07 0.000720883 0.00221565 0.109344 0.000318059 0.00126562 4.61649e-10 0.0694021 0.000176036 0.047254 0.353699 0.0785116 0.0233928 6.63929e-05 0.105466 0.000586871 8.83253e-05 0.00263054 2.03105e-05 0.134166 9.79223e-06 0.00699093 0.00616508 0.0345532 
4.64132e-07 5.49814e-07 0.00277401 0.0186155 7.07979e-05 2.01214e-05 9.12764e-05 0.00368682 0.000144015 0.149555 0.019927 0.000274531 0.000228335 0.0416421 0.00177804 0.00521763 0.664145 0.00396015 0.00138427 0.00145697 0.0242221 8.34958e-06 0.000337594 0.0216818 0.000513554 7.58688e-05 0.000109008 0.00761533 0.00722815 0.0232347 
3.02065e-07 2.03437e-07 0.00406551 0.0082564 0.000529843 1.77219e-05 0.000907643 0.00417667 0.000737155 0.08281 0.00765435 2.035e-05 1.18479e-05 0.073237 0.00215453 0.0259015 0.393903 0.000949869 0.00189015 0.00935886 0.013261 0.00053707 0.0154217 7.87401e-05 0.00197538 0.0067356 0.00195876 0.333699 0.000999047 0.00875049 
1.01661e-09 1.20428e-09 0.0083354 0.0538786 6.60545e-05 0.000203601 2.95978e-06 0.00223227 0.0068325 0.220239 0.00666608 7.63779e-07 4.03089e-05 0.199944 0.00158878 0.0511583 0.275705 0.0731569 0.000138061 0.00423577 0.0815611 4.50889e-05 3.03663e-05 9.26658e-05 2.63944e-05 0.000916861 6.87166e-05 0.00921581 0.00361853 1.61367e-07 
3.92519e-06 8.68015e-06 0.0232043 0.0212794 0.000788001 0.000647191 5.70634e-05 0.0196713 0.00153253 0.0743489 0.0225145 1.98402e-05 0.169782 0.0927864 0.00484542 0.0860707 0.171043 0.0336838 0.00591179 0.00343822 0.030573 0.000127704 0.0144882 0.0167529 0.14775 0.000989252 8.32891e-05 0.0408213 0.0166516 0.000124633 
7.21523e-08 0.000274114 0.0101828 0.00456723 5.23574e-06 4.70585e-05 0.0846426 0.00236365 0.00219024 0.0332234 0.000483492 9.17386e-05 6.18625e-08 0.0348358 0.0169933 0.0238358 0.72038 0.00851368 0.0011999 0.00183954 0.0183925 1.36107e-05 0.011323 0.00190543 0.000781647 0.000297343 0.00170555 0.0178913 0.00200709 1.28784e-05 
5.1203e-10 6.52083e-06 0.00226216 0.0975488 0.0153836 0.0413341 0.00198112 0.000493173 0.00324252 0.0745485 0.0016034 3.31102e-07 2.49578e-06 0.0369813 0.0141939 0.0342852 0.353941 0.00584589 0.0119722 0.0390019 0.162536 0.000348051 0.0027299 0.0001365 0.0041849 0.000312029 4.58315e-05 0.0713775 0.0236793 2.15033e-05 
6.10949e-12 7.23734e-12 0.0175332 1.51035e-07 0.000319844 0.00128486 0.000483538 0.00556495 0.000571412 0.0882613 0.00785047 6.00646e-05 1.39221e-05 0.178528 0.00396186 0.0420159 0.442678 0.0413079 0.000833749 0.000767233 0.0775496 4.30562e-09 0.00600272 0.000204433 0.00779133 0.00012343 0.000259847 0.011126 0.0595901 0.0053163 
0.00110704 0.206342 0.10165 0.0164558 4.25443e-05 0.0110574 0.000130016 0.00343134 0.00112196 0.109252 0.00522688 0.000158905 0.00123144 0.147621 0.0191212 0.0319603 0.21678 0.00415733 0.0244359 0.00206021 0.0642909 1.41162e-06 0.0125745 0.000163225 0.00772399 0.002197 5.10123e-05 0.00564248 0.00393464 7.72411e-05 
0.00373239 9.07995e-09 0.00371806 0.000184021 0.00485352 2.88704e-06 0.044201 0.000197434 5.27805e-05 0.000920743 0.000297858 1.81272e-07 6.84317e-06 0.00146948 0.00595493 0.00195569 0.824164 0.000760414 0.00115025 0.00306441 0.0087015 3.42069e-10 0.000218997 0.000157628 0.00466572 3.17323e-05 0.00183362 0.0875281 0.000175197 8.43188e-07 
2.47217e-05 0.000308505 0.000104308 5.1732e-05 0.000326448 0.000363524 1.83031e-05 0.00375914 0.000484343 0.00162341 0.00296815 7.49863e-06 6.98177e-06 0.108511 0.000931181 0.0668522 0.616324 0.0120572 0.000734594 0.0415222 0.0263026 9.82191e-06 0.00284873 0.0167701 0.000203559 2.52745e-05 1.74753e-05 0.00362086 0.0931941 2.86747e-05 
0.00168294 5.4779e-05 0.00367502 0.048957 0.000370052 0.0025897 0.000363463 0.00197467 0.000582975 0.0428238 0.00512879 0.0326011 0.000586273 0.107587 0.00329603 0.0535084 0.570234 0.0238501 0.00147385 0.000611282 0.0256993 1.00644e-06 0.000550921 0.000544531 9.38127e-05 0.00187921 0.000220702 0.0612021 0.00753304 0.000323837 
1.13775e-07 2.45821e-06 0.0137206 0.0036394 4.55464e-06 0.000806271 0.000155846 0.04351 0.0194936 0.0300143 0.00964649 0.0125039 2.75582e-08 0.0684844 0.0175278 0.123828 0.241719 0.186802 0.00524877 0.00946371 0.00593062 0.00012382 0.0394448 0.0066515 8.64979e-05 0.0016016 0.000297515 0.00659288 0.151069 0.00162949 
0.00373239 9.07995e-09 0.00371806 0.000184021 0.00485352 2.88704e-06 0.044201 0.000197434 5.27805e-05 0.000920743 0.000297858 1.81272e-07 6.84317e-06 0.00146948 0.00595493 0.00195569 0.824164 0.000760414 0.00115025 0.00306441 0.0087015 3.42069e-10 0.000218997 0.000157628 0.00466572 3.17323e-05 0.00183362 0.0875281 0.000175197 8.43188e-07 
5.99085e-08 1.84454e-05 0.0142488 0.00205762 3.97377e-06 0.000620229 0.000215094 0.0465996 0.00579897 0.0277995 0.0226236 0.000197951 7.9629e-08 0.14225 0.000332627 0.153116 0.490173 0.00838274 1.97191e-08 0.00142181 0.0280266 6.54233e-08 0.00197779 3.81433e-05 0.000159634 0.0354727 7.63736e-07 0.0181655 0.000297591 1.13816e-06 
1.70088e-07 1.34581e-09 0.0139315 0.121857 4.31777e-05 0.000804295 0.00545759 0.000380322 6.26314e-05 0.0779313 0.0172917 0.0131752 0.000301745 0.0724141 0.000130801 0.0106381 0.453878 0.0474485 0.00784026 0.0130789 0.0254432 4.26309e-05 5.95876e-05 0.00161687 0.00204888 0.00596848 0.0116121 0.00100458 0.0951718 0.000366683 
3.69885e-11 1.79215e-06 3.45329e-07 4.68334e-06 4.34523e-11 7.53835e-08 6.49188e-08 2.03173e-07 3.01193e-07 0.0472064 0.000559792 3.55198e-11 4.91642e-11 0.381123 8.1136e-12 0.0431054 0.494837 0.0276442 8.16948e-07 1.65565e-06 9.37745e-08 4.03934e-11 0.000278631 6.28508e-07 1.11417e-07 1.4365e-11 5.07564e-07 0.00523484 1.50088e-07 3.81852e-11 
0.00373239 9.07995e-09 0.00371806 0.000184021 0.00485352 2.88704e-06 0.044201 0.000197434 5.27805e-05 0.000920743 0.000297858 1.81272e-07 6.84317e-06 0.00146948 0.00595493 0.00195569 0.824164 0.000760414 0.00115025 0.00306441 0.0087015 3.42069e-10 0.000218997 0.000157628 0.00466572 3.17323e-05 0.00183362 0.0875281 0.000175197 8.43188e-07 
7.39432e-08 0.00188911 0.0122489 0.0362621 0.000243573 0.00068102 0.0481557 0.00407381 0.00613204 0.0447184 0.0160951 5.87873e-05 0.00938635 0.038979 0.00728552 0.0718609 0.330504 0.0190925 0.00579095 0.00943542 0.138766 0.000316852 0.0103615 0.00159513 0.00102899 0.000618522 0.000248615 0.168151 0.0147309 0.00128915 
9.58622e-10 0.011841 0.00342025 0.000348879 7.92173e-05 0.000753037 4.03809e-06 0.0469166 0.00238541 0.0541774 0.00359761 1.42905e-07 0.126029 0.0588976 0.00247657 0.0537434 0.532242 0.0222011 0.00101627 0.00331209 0.011239 2.65976e-07 0.0246935 0.00908585 0.000201564 0.0059272 2.47502e-05 0.0213938 0.00113765 0.00285396 
0.000284487 1.00432e-05 0.00475023 0.0310412 6.35674e-06 0.000188943 5.53284e-05 0.00275637 0.0470866 0.0150739 0.000388093 3.81786e-05 2.2213e-07 0.0905761 0.000404691 0.0335191 0.576653 0.102401 0.00278031 0.00330195 0.0647937 1.82503e-07 1.87063e-06 0.0196356 0.000148829 0.000119773 1.40545e-05 0.0018922 0.00207787 1.72526e-07 
1.82672e-07 3.62219e-08 0.00857765 0.0195123 9.71691e-08 0.000229222 0.0271209 0.0137092 0.0100776 0.115285 0.00154024 0.000169806 2.17642e-10 0.0316335 0.050684 0.0507162 0.468882 0.0232489 0.00910339 0.0170278 0.0333196 7.75932e-06 0.00249177 0.000918713 0.00117478 0.00318692 0.000975405 0.0952093 0.0123102 0.00288823 
6.84387e-11 2.31174e-06 0.00943212 0.145265 1.12668e-05 0.000207533 0.00014738 0.00989385 0.000814366 0.180332 0.00410436 9.9597e-05 0.0038109 0.110843 0.0035777 0.0435945 0.263778 0.0185121 0.0207903 0.00531475 0.019923 6.50805e-08 0.00192057 0.0286426 0.0130831 0.000784343 0.00245227 0.00304592 0.100064 0.00955385 
1.71189e-08 2.02792e-08 2.03336e-09 3.08897e-09 2.01105e-08 1.57724e-05 0.00575322 0.000981208 9.89817e-07 5.01931e-06 3.4663e-09 1.64392e-08 2.27541e-08 0.0709651 1.18236e-06 0.0427567 0.854976 0.00165633 0.000394674 0.00527373 0.0017306 5.04858e-06 2.32804e-06 0.00171583 1.12075e-08 0.0035925 0.000377315 1.96106e-05 0.00977653 1.76728e-08 
3.85484e-07 3.85367e-07 3.86041e-07 0.00999787 3.85372e-07 0.0227496 0.0171776 0.0175607 0.0399409 0.0812306 3.85989e-07 0.000887056 3.85275e-07 0.138231 0.0189905 0.179681 0.205157 0.0273713 0.0194116 0.0115396 0.026253 3.85426e-07 0.014977 0.00297054 0.133993 3.85871e-07 3.85044e-07 0.0152094 0.0101149 0.00655326 
6.92281e-09 2.67282e-06 0.0022661 0.0150154 0.000336992 9.21681e-07 0.000241209 0.0277206 0.00173661 0.0749256 0.000938121 0.000230255 0.0150412 0.0788569 0.00176242 0.0141442 0.713453 0.00808493 0.000281265 0.000526732 0.0015961 4.76714e-11 0.000657303 0.000149146 0.0023714 0.00112346 2.79348e-06 0.0012132 0.0150168 0.0223045 
0.000323273 2.89977e-06 0.0143208 0.0130759 0.000391722 0.00209893 0.00641968 0.00586741 0.00109532 0.295249 0.00217589 0.000951842 2.00652e-05 0.0782504 0.00374899 0.031254 0.324217 0.0168276 0.00449899 0.010635 0.0270679 0.00014913 0.0245691 0.00033918 0.0110929 0.00165805 5.18869e-05 0.0997841 0.00885617 0.0150067 
9.68625e-05 0.0195311 0.0169951 0.0392736 0.00047674 0.00299039 0.124172 0.00982934 0.00668583 0.108918 0.0184201 0.000362941 0.000338712 0.0733251 0.0128317 0.0802888 0.127752 0.0573701 0.0193504 0.0981135 0.0695026 0.000151295 0.00523594 0.00201488 0.00921504 0.01274 0.0027958 0.0510205 0.0248123 0.00538993 
2.07961e-09 1.61628e-05 0.0229067 0.0143491 3.50289e-05 0.000181613 0.000197308 0.000785264 0.0298091 0.0266071 0.000404925 7.34413e-05 2.80306e-05 0.160542 0.010935 0.0677028 0.45991 0.0082532 0.000360495 5.96869e-05 0.0119411 1.50776e-06 0.131376 0.014036 0.000571112 0.000300811 0.000182452 0.000181654 0.037499 0.000752588 
5.5523e-07 6.59387e-05 0.00582209 0.0278068 0.000482104 0.00252105 0.000629415 0.00405074 0.000749935 0.0873215 0.0189917 6.8738e-05 0.000865926 0.212691 0.00209853 0.0253598 0.355861 0.0688163 0.013453 0.00540454 0.02775 1.15368e-06 0.0068964 0.00503152 0.0589428 0.0031351 2.69958e-05 0.0270379 0.035026 0.00309202 
1.37818e-07 2.10935e-05 0.0349884 0.0023394 0.00528651 0.000817878 0.000628557 0.102154 0.00955786 0.0245839 0.0109257 1.47402e-05 1.20427e-07 0.200487 0.0378397 0.126867 0.221346 0.0199132 0.00490001 0.00298924 0.0543179 2.69151e-10 0.0275539 0.00129362 0.0190298 0.000582229 0.00169768 0.026681 0.01883 0.0443536 
3.76696e-07 7.70063e-05 0.00833184 0.000778387 0.000578758 0.000134573 0.00128037 0.0167917 0.000931605 0.0255288 9.9204e-05 2.11815e-09 2.39661e-07 0.0461509 0.000181458 0.104928 0.696492 0.0241296 0.00100241 0.00228484 0.0087888 5.68324e-06 0.00073689 0.0119744 2.91891e-05 0.000227044 0.000168458 0.034429 0.0139298 7.89582e-06 
1.82672e-07 3.62219e-08 0.00857765 0.0195123 9.71691e-08 0.000229222 0.0271209 0.0137092 0.0100776 0.115285 0.00154024 0.000169806 2.17642e-10 0.0316335 0.050684 0.0507162 0.468882 0.0232489 0.00910339 0.0170278 0.0333196 7.75932e-06 0.00249177 0.000918713 0.00117478 0.00318692 0.000975405 0.0952093 0.0123102 0.00288823 
2.70261e-05 1.96423e-10 0.00238088 0.00326409 2.62651e-06 0.00131634 0.00020443 0.0010079 0.00171376 0.127709 0.00368362 0.00255207 5.3299e-07 0.204287 0.00242073 0.027558 0.588682 0.0183408 0.000329887 0.000402156 0.000560519 2.63001e-07 0.00661902 0.000495489 0.00105167 0.000283018 0.000254159 0.000152592 0.00459882 0.000101451 
4.00974e-09 0.00202971 0.00445988 0.00334213 0.00111289 0.000980802 0.000370268 0.01704 0.00118901 0.19554 0.000909574 0.000175746 1.03315e-06 0.226915 0.00683384 0.0531831 0.285404 0.0363489 0.0013418 0.0167651 0.0245108 4.94932e-05 0.0281287 0.000484979 0.0323317 1.61804e-05 0.000183087 0.00322057 0.0192021 0.0379297 
6.45935e-06 0.0299861 0.0244476 0.0808952 3.01254e-05 0.00228842 0.000480254 0.00649707 0.00878819 0.163701 0.00700958 1.60074e-05 0.00140397 0.0708299 0.00348613 0.0590446 0.287092 0.0243309 0.0343071 0.00640684 0.105091 0.000107275 0.00225499 0.00485061 0.0247738 0.00806868 1.25961e-05 0.0209572 0.0219344 0.000901819 
1.22741e-10 2.13742e-06 0.0135327 0.00128924 8.8125e-08 0.0002189 0.000101147 0.00112688 0.000284375 0.0633455 0.00146571 7.74526e-06 8.16683e-09 0.063785 0.00195134 0.00860727 0.810906 0.00940887 0.000150118 0.00269126 0.0131826 7.68318e-06 0.00325068 9.43069e-05 0.000895938 2.745e-05 0.000349081 0.000884359 0.00243296 7.36263e-07 
5.29632e-05 1.81456e-06 0.0040662 0.00646732 0.000182278 0.00604734 0.000244097 0.00119217 0.0367698 0.0420638 0.00178002 0.000238574 1.40114e-07 0.209509 0.00321599 0.0577547 0.488751 0.00618543 0.00297864 0.0365094 0.0303622 3.33732e-05 0.00752396 0.00440466 0.000215159 0.00653734 4.86106e-05 0.00193443 0.00384197 0.0410883 
8.21798e-11 1.10785e-05 0.00326081 0.00167972 4.56138e-07 2.64944e-06 0.00146845 0.00159229 0.00198838 0.105034 1.19765e-06 4.69116e-08 2.54496e-06 0.041586 1.22555e-06 0.0304469 0.72629 3.46732e-07 0.000654087 0.0148844 0.0017905 2.85555e-07 0.00407132 0.000989734 0.0264031 0.000226172 0.00502841 0.0209661 0.011619 5.71426e-07 
7.76294e-09 0.00182296 0.0433613 0.0223947 3.52306e-06 0.00749871 0.00610413 0.000920658 0.0113986 0.0921074 0.0616201 1.1675e-07 6.80153e-05 0.0985121 0.00400774 0.106327 0.277323 0.0416554 0.0219207 0.028833 0.029553 0.000795939 0.0197532 0.0115095 0.0069562 0.00909064 0.000682505 0.0595559 0.0360926 0.000130976 
2.03768e-06 2.33462e-11 0.00155539 0.00141014 0.00199291 3.78582e-05 0.175871 0.00285961 0.00640168 0.0624327 0.0015516 4.33298e-06 2.30074e-06 0.0709859 0.00165805 0.0570493 0.315169 0.0094414 0.00425194 0.00213679 0.0182706 0.0108792 0.0334587 0.00231237 0.000348087 2.0685e-05 4.16538e-05 0.20524 0.0146133 1.94909e-06 
5.19917e-08 8.00066e-06 0.0132736 0.032705 0.00240915 0.00138996 6.53554e-05 0.0395485 0.0330825 0.0885779 0.0100723 5.24686e-05 7.96138e-07 0.174238 0.00151162 0.155765 0.220399 0.0768885 0.00453471 0.00345536 0.094148 0.00224076 0.00151447 0.000221518 0.000643209 0.00108677 6.02757e-05 0.00253518 0.0390591 0.000513094 
1.22741e-10 2.13742e-06 0.0135327 0.00128924 8.8125e-08 0.0002189 0.000101147 0.00112688 0.000284375 0.0633455 0.00146571 7.74526e-06 8.16683e-09 0.063785 0.00195134 0.00860727 0.810906 0.00940887 0.000150118 0.00269126 0.0131826 7.68318e-06 0.00325068 9.43069e-05 0.000895938 2.745e-05 0.000349081 0.000884359 0.00243296 7.36263e-07 
0.0487755 2.32003e-05 0.00427698 0.0404188 0.000246823 0.00163792 4.11994e-05 0.00148349 0.000341574 0.0204735 0.000592657 0.0435958 0.0018257 0.0344386 0.00729226 0.011011 0.678268 0.0324442 0.0111642 0.000482255 0.00572783 5.96523e-07 2.13706e-05 0.00110406 7.78577e-06 0.0438427 0.00267246 0.00622726 0.0014529 0.000109226 
2.20252e-05 0.000674824 0.0106121 0.0296167 8.8852e-05 0.00103814 4.97387e-05 0.0878835 0.00381412 0.0682381 0.0126886 8.49025e-05 0.0016471 0.0618653 0.00261104 0.0515876 0.542252 0.0333871 0.00486893 0.0024382 0.0171668 1.95647e-05 0.0128272 0.0208739 0.00474332 0.00467614 0.000252632 0.0100635 0.00674323 0.0071649 
0.000809974 0.00118609 0.00917509 0.187783 0.00360174 0.00242253 0.000308817 0.00269067 0.00223811 0.128791 0.0153022 0.00254758 0.0115364 0.0770334 0.00234706 0.0423817 0.289697 0.0616195 0.00694391 0.0130508 0.0381107 0.000342473 0.00167068 0.0224888 0.00275233 0.0042414 0.000193267 0.0140823 0.0542686 0.00038229 
0.000130733 0.000196859 0.00311425 0.0292037 0.00859539 0.00207873 3.0799e-05 0.00161692 0.000109604 0.0357266 0.0034551 5.7775e-05 0.000188566 0.145298 0.001485 0.0472565 0.691535 0.00667374 0.00349922 0.000928687 0.00614701 9.26825e-07 0.00018555 0.00283068 0.000134705 0.0027844 0.000237975 6.47751e-05 0.00491935 0.00151394 
1.72825e-06 2.46301e-05 0.00205297 2.90865e-05 0.00109788 0.000422553 3.99821e-05 0.0261613 0.0143588 0.00961476 0.000887821 5.28131e-08 8.72522e-06 0.0304204 0.000541562 0.146381 0.305937 0.151058 0.00122774 0.0053442 0.0096932 2.08567e-06 0.0483328 0.015846 0.0178753 0.000424309 0.00806149 0.00427771 0.199867 1.01333e-05 
3.45408e-06 8.51542e-05 0.0136328 0.00512386 2.5555e-05 0.000317628 2.3851e-06 0.0219334 1.25868e-07 0.0088807 0.00293374 4.49704e-06 7.34293e-08 0.0443147 0.000599947 0.0148878 0.632284 0.116141 0.00168845 0.000230264 0.032788 4.42282e-05 0.000195745 0.0436312 1.38291e-06 0.0129285 0.000366622 0.0251576 0.0192537 0.00254352 
6.47229e-10 5.6471e-05 0.00268007 0.0078111 0.000171877 0.00994677 4.90637e-05 0.00292887 0.00257475 0.0486378 0.0109904 0.000237221 0.00239239 0.17347 0.00216747 0.177091 0.335088 0.167483 0.0020911 0.00152607 0.0373609 7.43018e-05 0.000641772 0.000820785 1.21896e-05 0.000880676 0.000103391 0.00802473 0.00468646 9.32224e-08 
1.28819e-07 2.60196e-07 0.00558722 0.057712 0.000150561 0.0736578 0.000453365 0.00186016 0.00257716 0.0213089 0.0479285 0.0710597 0.000183656 0.0861519 0.00662224 0.102476 0.158494 0.0596753 0.0976771 0.00162584 0.0918028 0.00041866 0.0121984 0.0185884 0.00288471 0.00116048 0.00042692 0.0674017 0.00924673 0.000669864 
3.48228e-05 1.06283e-06 0.000117703 0.000288772 0.000139306 0.000107951 2.39875e-05 0.00097734 9.99607e-05 0.0167826 0.00368316 6.25629e-06 4.50268e-06 0.0494959 2.95087e-05 0.0171798 0.889466 0.00949454 3.46837e-05 8.47256e-05 0.000596719 0.000125139 0.000468342 0.00151925 7.05653e-05 0.000604697 1.86025e-06 0.000883375 0.00762803 4.91764e-05 
1.75091e-07 0.000454395 0.0166073 0.0448808 0.00084871 0.0019649 0.00197643 0.00259606 0.000923491 0.0590398 0.0169813 0.000349278 0.000414151 0.0931457 0.00466029 0.0262907 0.464928 0.020497 0.113171 0.0176196 0.0413138 5.35559e-06 0.0063526 0.00484885 0.0146004 0.00118063 0.000201002 0.0119861 0.0227387 0.00942392 
7.24716e-11 8.58503e-11 0.00831286 0.00213716 9.25566e-08 0.00042077 0.00137326 0.00647542 0.0210304 0.0787015 0.00152111 1.67356e-05 6.09775e-06 0.186738 0.00558819 0.114324 0.432672 0.035562 0.004741 0.0356608 0.0138952 8.30519e-05 0.0053096 0.0141077 0.00822702 0.000543692 0.000203513 0.010822 0.0114695 5.69633e-05 
