8.63962e-10 1.02346e-09 0.00446838 2.18134e-06 3.08088e-06 1.67845e-06 2.72129e-05 0.00475447 0.00640254 0.0590824 0.0042084 8.29657e-10 1.23326e-07 0.00495795 0.000129094 0.0916619 0.00442581 0.508688 0.126457 0.000186862 0.0174934 5.44526e-07 0.0650392 0.00183441 8.16214e-05 2.59618e-07 5.30743e-07 0.00187198 0.09822 3.8546e-07 
6.34892e-05 0.0149993 0.0182657 0.0116676 0.000133482 0.00623832 0.00200883 0.00543505 0.00313587 0.0272424 0.00880152 7.77489e-07 4.24902e-07 0.0859543 0.000279472 0.0833481 0.112381 0.236161 0.0120892 0.156701 0.0159378 6.22211e-05 0.0023037 0.0061174 0.000159634 0.0029924 0.00389022 0.0951141 0.0884568 5.86124e-05 
3.81433e-08 2.65636e-09 0.0478375 0.172229 0.000680833 0.000151193 0.00040258 0.0336042 0.000905979 0.0570907 0.00865099 2.41477e-06 0.00177309 0.078213 0.000386783 0.0799361 0.129521 0.247926 0.00792879 0.000933731 0.0452322 0.00824639 0.00987587 0.00481136 0.000100545 0.0164707 0.000228083 0.00137975 0.04537 0.000111639 
1.75077e-10 2.07397e-10 0.144733 0.0147192 5.44665e-05 0.000178782 1.37708e-05 0.0187759 0.000309395 0.0419022 0.0143536 1.69981e-05 2.1291e-07 0.00125104 3.84039e-11 0.00559231 0.00112974 0.450409 0.0202038 0.0183977 0.0547637 4.61149e-06 0.000110543 0.000390156 0.000403138 0.00120458 1.42988e-05 0.00295865 0.208109 1.80741e-10 
7.64442e-08 0.00289189 0.0837213 0.0250705 0.000311549 0.000772993 0.00586064 0.00768716 0.00245472 0.115592 0.0262352 1.9584e-05 0.000612433 0.0168795 0.00507536 0.0656968 0.0175324 0.251572 0.0171175 0.0092198 0.24856 8.35126e-05 0.00756169 0.00480664 0.000583795 0.00590637 0.000210228 0.0209392 0.0546263 0.00239885 
1.72981e-07 3.05017e-05 0.00992518 0.00722402 9.56412e-05 0.000544954 1.49408e-05 0.0107307 0.000151125 0.0211734 0.0251887 4.70077e-06 4.00295e-06 0.00838257 0.025582 0.0172842 8.33081e-05 0.489809 0.000978206 0.0270327 0.124414 0.000683406 0.0367831 0.000565143 0.000202954 0.0314321 3.2428e-05 0.0310958 0.130439 0.000112079 
2.5509e-08 0.000319969 0.0326215 0.0369833 0.00012916 0.00642346 0.00102281 0.0200058 0.00827504 0.0346995 0.0347482 1.49108e-05 7.9698e-05 0.0091761 0.017543 0.208319 0.00647806 0.304039 0.0117405 0.00557831 0.160965 0.000191482 0.00880814 0.000718389 0.000725494 0.0150737 7.5937e-05 0.00931469 0.0659245 5.72285e-06 
1.99685e-07 4.92077e-06 0.0415898 1.70194e-05 0.00351961 0.000943851 1.40001e-05 0.0203227 0.0677002 0.0541083 0.0168214 1.30351e-07 7.78749e-05 0.162368 5.04406e-05 0.207844 0.0573332 0.296587 0.000824327 5.17174e-06 0.0292663 1.67833e-07 0.00245618 0.000451669 3.1497e-05 0.0147234 4.13265e-09 0.0187428 0.00242868 0.00176752 
0.00273835 0.0546324 0.0711102 0.0265724 0.00533606 3.42038e-06 2.07494e-05 0.0271005 0.00690632 0.129494 0.00579301 8.52097e-06 0.000876517 0.0178747 0.000956929 0.0661806 0.00425863 0.360614 0.0840114 0.00395228 0.0733566 3.10037e-05 0.000974039 0.00853073 2.64181e-05 0.000499064 8.17293e-05 0.0148326 0.0321105 0.00111559 
8.59107e-12 1.85748e-06 0.0115704 0.00274637 0.000211139 0.004252 1.53706e-05 0.0463799 0.00847722 0.0832846 0.015912 2.83416e-06 1.1419e-11 0.0114411 3.32658e-05 0.0830495 0.0149148 0.257382 0.0128283 0.0146554 0.251558 5.20249e-06 0.00190855 0.00255694 0.00038868 0.00553091 0.000452864 0.000953277 0.169439 4.78698e-05 
6.13991e-07 0.000337515 0.00951786 0.0203303 0.000174263 0.000922926 4.58679e-05 0.00186376 0.000161712 0.0607952 0.00857499 1.445e-07 0.000111942 0.0651291 0.000620283 0.0905484 0.152878 0.254098 0.00302409 0.00892447 0.181335 2.3448e-07 0.000255506 0.0065397 6.53335e-05 0.00576759 4.10685e-05 0.108831 0.00831147 0.0107944 
0.00902218 4.80607e-05 0.105066 0.0265383 9.01111e-05 0.000222942 0.000751139 0.0234741 0.00659988 0.0455948 0.0171144 3.38353e-06 1.65431e-06 0.0192455 0.00643628 0.190771 0.0239431 0.264308 0.0334207 0.0151995 0.045993 0.00282766 0.0136104 0.00561375 0.000181425 0.0021736 0.0114453 0.0241652 0.10612 1.95408e-05 
0.000364774 7.69023e-06 0.000613216 0.00280136 0.000484775 7.08482e-05 1.16251e-06 2.03534e-05 9.17466e-05 0.00513718 0.00366414 6.23404e-06 8.62874e-06 0.0172986 0.000209803 0.0484235 0.0139941 0.741174 0.000623852 0.00325229 0.0750729 1.40264e-05 3.89335e-05 0.000117609 4.25006e-06 0.00327903 0.000182391 0.0502886 0.0325738 0.000179766 
5.21747e-11 6.18065e-11 0.0413026 0.0225068 0.000243443 0.000952992 3.66775e-05 0.00621923 0.00259987 0.156391 0.0138209 1.06416e-08 3.01288e-05 0.113093 0.00186874 0.0964092 0.0577989 0.189177 0.0180683 0.000245861 0.163688 2.46591e-09 0.0333844 0.00446527 0.000276394 0.00665258 1.07297e-05 0.00407967 0.066639 3.90909e-05 
7.55464e-11 4.83767e-06 0.0627466 0.0114977 5.17526e-05 0.000771172 2.05519e-06 0.00194854 0.000724777 0.122953 0.0207064 1.9253e-06 6.73997e-06 0.0100837 0.00593297 0.0272463 0.0121262 0.357341 0.00902336 0.0046128 0.213689 0.000688249 0.00436319 0.00163155 0.000269848 0.00340297 1.11592e-05 0.00969971 0.11844 2.3381e-05 
5.12902e-07 1.22966e-06 0.0707093 0.00221117 0.000967163 0.000671642 1.49299e-06 0.0166954 0.0745055 0.0652674 0.0119898 0.000587706 2.71671e-08 0.0471212 0.0185766 0.0758868 0.00601415 0.328128 0.0142037 0.00196223 0.142239 0.000103782 0.000457906 0.0184048 0.000502202 0.00636969 3.29468e-05 0.0534388 0.04293 2.06955e-05 
3.94214e-05 3.94094e-05 3.94784e-05 3.94744e-05 3.94099e-05 3.94311e-05 3.94745e-05 3.9468e-05 3.94639e-05 3.94818e-05 0.00398677 3.94239e-05 3.94e-05 0.0710944 3.94719e-05 3.9482e-05 3.94736e-05 0.923854 3.94648e-05 3.94667e-05 3.9481e-05 3.94154e-05 3.94738e-05 3.94469e-05 3.94435e-05 3.94609e-05 3.93764e-05 3.94759e-05 3.94791e-05 3.94193e-05 
0.000261875 6.18612e-05 0.000449468 4.72532e-05 6.13466e-05 0.000578207 9.35142e-06 0.00143253 1.7866e-05 2.22557e-05 0.000497352 5.01474e-05 6.94107e-05 0.00177064 1.14549e-05 3.46771e-06 0.00100811 0.989262 0.000564655 1.56142e-05 0.000431079 5.7028e-05 9.94045e-06 0.00196842 0.000345304 0.000590236 8.84565e-05 0.000255556 5.59078e-06 5.39104e-05 
7.23286e-11 1.04412e-07 0.163683 0.0473829 2.19714e-05 2.89537e-06 5.38966e-08 0.0065683 0.00127356 0.0142133 0.045946 7.43409e-08 6.14151e-07 0.00475012 4.32529e-05 0.0370695 0.00064209 0.353749 0.0560148 0.0342354 0.0916255 3.4988e-05 0.00098062 6.92259e-07 8.90035e-07 0.0404825 9.7074e-07 0.0725629 0.0287145 1.87955e-07 
4.77587e-08 1.12617e-07 0.000730531 0.062012 0.000941607 0.0115047 0.0027666 0.000648543 0.0117409 0.0471175 0.00282717 6.46838e-11 4.48523e-08 0.00137232 0.227405 0.175851 0.00501097 0.293517 0.00125447 0.0117292 0.0213793 0.0134195 0.0309486 0.000411612 1.20841e-05 0.0156138 2.64919e-05 0.0160831 0.0456762 6.42498e-08 
0.000145693 1.27894e-05 0.0732888 0.0370231 4.00617e-05 0.000767724 0.00147288 0.00278255 0.00594416 0.102666 0.0537693 1.69355e-05 3.84295e-06 0.0192969 0.00185152 0.0169605 0.00512321 0.390932 0.00424267 0.0118595 0.118352 0.00426592 0.0108854 0.00145698 0.0006776 0.0254581 0.000115291 0.0491638 0.0610055 0.000419853 
3.9128e-07 1.78209e-05 0.0194203 0.0493412 2.72374e-07 0.000198658 2.66862e-05 0.0131865 0.00126168 0.13252 0.0452505 1.34845e-06 0.000256749 0.146774 0.0147119 0.157761 0.0614369 0.208796 0.000793249 1.99657e-07 0.0424816 3.21082e-10 0.0254194 0.0130224 0.0440912 0.000603827 4.05577e-05 0.0113758 0.00826181 0.00294853 
1.08822e-05 0.00117782 0.0849214 0.108257 3.1575e-05 0.00694465 0.00738622 0.0123283 0.00706749 0.0440041 0.00767211 1.34703e-05 0.000997738 0.0468187 6.51962e-05 0.103618 0.0594937 0.311546 0.00401648 0.003026 0.0297764 0.00790989 0.000843472 0.0119289 0.000812628 0.0229581 9.0368e-05 0.048041 0.0677787 0.00046287 
1.11656e-06 4.88134e-06 0.000676284 0.0182073 1.31168e-06 0.000141144 0.000288049 0.0350295 0.0187776 0.0411776 5.11714e-05 3.08304e-05 6.95275e-06 0.0345917 0.0919165 0.124197 0.0246303 0.529965 0.000641454 1.86137e-05 0.0578232 1.6484e-06 0.00440658 4.21004e-05 7.58347e-05 0.000592095 0.000683418 0.00102688 0.00284565 0.0121484 
3.66842e-06 7.42546e-08 0.0375736 0.0330294 2.06786e-07 0.000129831 0.0130623 0.000531561 5.80285e-05 0.0824632 0.0246892 4.07289e-05 8.03111e-10 0.00173893 4.02828e-05 0.0193747 0.000753636 0.267357 0.000520103 0.00487938 0.207963 3.53119e-06 0.00272741 0.00101781 6.10213e-06 0.000448567 1.41776e-05 0.188035 0.112194 0.00134516 
9.8023e-08 7.596e-05 0.025776 0.019768 7.08286e-05 0.00289158 6.28719e-05 0.0130505 0.00332218 0.0843291 0.0259613 0.000484967 4.35807e-05 0.0540007 0.0539379 0.0579722 0.0232865 0.34316 0.0101839 0.00135596 0.162125 1.38246e-05 0.0495239 0.001264 0.00140197 0.00121813 0.000168687 0.0208615 0.0394646 0.00422413 
2.31244e-07 2.73933e-07 0.000346575 0.013447 4.95289e-05 0.00159639 3.93474e-06 3.70561e-05 0.000638704 0.0589198 0.0620679 2.30168e-06 3.07363e-07 5.90013e-05 4.8423e-05 0.0288979 0.000207927 0.550247 0.00102815 9.29736e-05 0.0549093 4.30674e-06 0.000232405 3.73584e-05 1.51391e-07 0.126196 0.000169326 0.0617211 0.0390263 1.18429e-05 
0.000272915 0.000420049 0.0822722 0.055401 0.00639249 0.00457279 0.000125461 0.0259314 0.00891881 0.0423869 0.0756022 1.55469e-05 5.7199e-05 0.0471941 0.00495318 0.0589223 0.0153059 0.362338 0.023698 0.0142247 0.0226537 0.00999497 0.00540049 0.00082569 0.0003967 0.0480361 0.00195536 0.0602267 0.0212349 0.00027011 
0.000166783 0.0015104 0.0669224 0.0390596 0.00672612 0.00672413 3.3134e-05 0.0223634 0.00242771 0.0235828 0.0994083 0.000377267 6.19093e-06 0.0117734 0.00320699 0.0525704 0.0148949 0.285988 0.00874329 0.0338354 0.0413377 0.000243465 0.0118247 0.0210759 0.00241117 0.0126292 7.07304e-05 0.0254208 0.204358 0.000308623 
3.56503e-05 1.01888e-06 0.0585756 0.00583268 1.01041e-06 8.92405e-06 2.99418e-06 0.00525929 0.000238802 0.0155733 0.000338806 8.25949e-07 0.00670238 0.0403626 2.08383e-05 0.0184109 0.00921488 0.816017 0.000916434 0.000479275 0.00022615 9.39275e-07 6.80277e-05 0.000439034 3.98638e-05 3.68245e-05 9.22312e-05 0.00176961 0.0193242 1.02189e-05 
1.13397e-10 2.1571e-06 0.00507914 0.0152289 4.65067e-07 4.12121e-06 2.37739e-07 2.4226e-07 8.34081e-07 0.124563 0.00197792 0.000166888 1.50724e-10 0.00377928 1.38683e-05 0.0107205 0.00014839 0.496923 0.0225545 1.17426e-05 0.00691698 0.000125803 0.00158058 0.00018576 8.34969e-07 0.00631547 9.569e-07 6.57989e-08 0.303675 2.39139e-05 
5.59196e-10 1.8222e-07 0.297355 0.00362681 6.56917e-10 1.118e-05 5.91488e-09 3.79563e-05 0.000288893 0.0286733 0.00689312 2.59476e-08 7.4327e-10 0.000160976 0.000114355 0.00570987 0.000179585 0.357711 0.000970261 0.00693237 0.249463 2.50264e-05 0.035291 0.00248302 0.000987273 0.000139052 6.08945e-06 0.00220843 0.000731928 1.42367e-07 
6.8764e-08 3.65694e-06 0.018392 0.0380443 8.81572e-07 1.72112e-07 9.62128e-05 0.0163358 0.0654633 0.0230673 0.000781342 5.35981e-07 3.08977e-07 0.00883119 0.00533143 0.189418 0.0444521 0.434795 0.00332465 0.0132932 0.0158345 3.98261e-05 0.00893512 0.0296906 0.000113173 0.00450232 6.29847e-05 0.00529295 0.0738723 2.42066e-05 
3.7735e-06 0.00267847 0.0849885 0.0152619 0.000196328 0.00288448 0.00177468 0.0126166 0.0046111 0.098962 0.010411 1.13519e-05 6.30715e-05 0.0340009 0.00387897 0.0202415 0.0199858 0.381019 0.0114269 0.00656179 0.180383 0.000114859 0.000917647 0.00160184 0.000947603 0.00625919 5.91748e-05 0.0227506 0.07502 0.000367748 
0.000562578 0.000912765 0.0466333 0.0680777 0.000371436 0.000646695 0.0015658 0.0101982 0.00294689 0.0636382 0.0560679 6.8077e-05 0.000145697 0.0157308 0.00620761 0.0311143 0.00944157 0.238225 0.021649 0.0163006 0.228486 0.000156324 0.00383409 0.00235979 0.00290661 0.0161148 0.000210134 0.0408516 0.114328 0.000248863 
1.2643e-05 0.00109814 0.127822 0.0239727 0.000238542 0.00339661 0.00059783 0.0100242 0.0159708 0.116939 0.0105859 5.00351e-05 0.000256396 0.0240226 0.0151787 0.0501319 0.0307283 0.178071 0.00989067 0.00859427 0.128921 0.000116096 0.0217391 0.0339259 0.00129799 0.00330827 0.000145833 0.0180246 0.161362 0.00357709 
2.52323e-06 0.147196 0.159349 0.0553166 0.000582482 0.000108584 0.000706155 0.00928183 0.0001517 0.0304801 0.0117099 7.83422e-06 0.00230343 0.0486462 2.43257e-05 0.0108651 0.0085694 0.167963 0.0106093 0.0657317 0.0571939 1.50728e-06 7.22848e-05 0.000608833 0.000699163 0.023495 0.00194709 0.132888 0.0532671 0.000221293 
3.50107e-07 1.07482e-10 0.0234216 0.00366947 1.06588e-10 7.70159e-11 3.7276e-08 0.194139 0.00248897 0.100555 0.000655996 8.71298e-11 1.20599e-10 0.012135 0.0869293 0.167287 0.0886674 0.208468 0.00249043 0.000298559 0.08616 9.90847e-11 0.0090621 6.04248e-06 7.5142e-06 0.00555758 0.000376332 0.00501446 0.00253683 7.32862e-05 
0.00013908 0.000327647 0.00837705 0.00796874 5.78149e-05 0.0029888 0.000112847 0.00588656 0.0162544 0.0391595 0.00210108 1.47379e-05 6.40996e-06 0.0406309 0.00925193 0.0910982 0.0123539 0.287462 0.00528919 0.0033805 0.039898 0.000193135 0.0174089 0.217362 0.00316642 0.00173164 9.30074e-05 0.0132352 0.173607 0.000442806 
0.00111486 0.000927244 0.0110281 0.0278401 0.00304799 0.00131533 0.000229977 0.00740479 0.0212698 0.0398794 0.0131206 2.94865e-05 0.00156554 0.0187675 0.020948 0.123796 0.019617 0.497056 0.013259 0.0120995 0.0476793 0.00181489 0.0389341 0.01235 0.000510646 0.00795696 0.000396528 0.00833618 0.0459107 0.00179404 
6.84972e-10 2.08215e-06 0.000870801 8.01319e-07 8.04673e-10 0.000469264 1.13055e-07 0.106243 2.34287e-05 0.000593308 0.00270325 6.57775e-10 9.10449e-10 0.00158913 4.76598e-06 0.150563 0.16476 0.352883 1.01373e-06 0.000565609 0.0271872 7.34803e-06 0.00859892 0.00652312 1.68781e-07 0.0273793 0.000696849 3.11479e-07 0.148332 4.99786e-07 
5.45122e-12 6.45756e-12 0.033668 0.0200533 6.40384e-12 1.67272e-07 9.76174e-13 0.000406867 0.000904853 0.162305 0.00222283 3.96574e-08 0.00273111 0.00160478 0.000614378 0.0188005 0.00781506 0.313825 0.132192 0.00168458 0.245571 3.14115e-06 3.01631e-08 0.00302983 3.58277e-08 0.00541647 0.00145205 0.00426214 0.0412549 0.00018171 
2.80572e-06 0.000840499 0.0435352 0.00113536 2.8794e-05 0.000194392 1.37877e-05 0.0496144 0.00187021 0.0848202 0.000771665 5.83242e-08 1.2132e-05 0.00870622 0.000227841 0.255619 0.00961942 0.3768 6.01216e-05 0.00020824 0.0207767 1.33926e-05 2.18183e-05 0.0130716 0.00100462 0.00377565 9.70391e-05 0.00314265 0.124016 2.16088e-07 
0.00298881 0.000106594 0.0242907 0.0946017 0.0140036 0.00329991 0.000265384 0.00400236 0.00366478 0.0352978 0.0430946 1.58931e-05 0.0100469 0.0124381 0.0697046 0.120867 0.0318898 0.14228 0.0594319 0.0194607 0.105199 8.13498e-06 0.0577163 0.000853172 0.000691967 0.00928081 0.00247484 0.0404173 0.0915852 2.26272e-05 
0.000118086 0.000891318 0.0620898 0.0257172 0.000766662 0.00200953 0.00097305 0.0154283 0.0052513 0.0985507 0.0185132 1.67567e-05 0.000712687 0.0363904 0.00686327 0.0580539 0.0359992 0.253154 0.0157195 0.012166 0.14924 0.000243458 0.010617 0.0339197 0.000759082 0.0105508 0.000507336 0.0290827 0.115298 0.000397152 
0.0238374 0.000194215 0.190798 0.111438 0.000146311 0.000471745 0.00156264 0.0164851 0.00272604 0.121499 0.0414859 3.50612e-05 1.19643e-06 0.00866077 0.00183211 0.0626669 0.00174645 0.239248 0.000361572 0.00690833 0.0633506 8.6944e-06 0.00755544 0.026813 0.0022969 0.0119317 9.19254e-05 0.0386734 0.0171631 1.09679e-05 
1.53464e-10 1.42256e-07 0.0632978 0.00432598 0.000106468 0.00057211 1.23169e-08 0.0118884 0.0205511 0.128753 0.0331524 2.95591e-08 2.50745e-06 0.0908389 0.00249581 0.125816 0.0767106 0.240897 0.000281058 0.00051301 0.0735386 2.19474e-06 0.0896387 0.00282133 0.000354579 0.000774001 1.41071e-05 0.00642427 0.0248829 0.00134654 
0.035793 0.0128308 0.0441578 0.0127644 1.14646e-05 7.28975e-06 0.000106516 0.120814 8.5292e-05 0.0124319 0.00475875 6.01792e-07 4.73819e-07 0.000205667 0.000961412 0.0345947 0.0570611 0.538303 0.000676512 0.0114798 0.0942671 8.90453e-05 0.00108337 0.000180063 6.2186e-05 0.000746677 4.70787e-06 0.00284917 0.0131639 0.000509066 
0.00675707 4.06409e-05 0.147682 0.092387 0.00962544 0.00222432 0.00112161 0.00215599 0.000182706 0.0371976 0.0554817 1.53689e-05 7.76589e-05 0.182717 0.000239345 0.0633063 0.0388011 0.189833 0.0142435 0.0500472 0.0615256 0.00148697 0.000970925 0.0285305 7.49026e-05 0.000877617 0.000478708 0.00949606 0.00242261 5.13572e-08 
8.87179e-10 1.05096e-09 0.058921 0.00234169 5.04968e-06 5.74837e-06 5.07204e-05 0.00306078 4.21638e-05 0.0122479 0.00127435 8.51953e-10 1.17922e-09 3.52943e-05 1.08607e-05 0.00038026 0.00264715 0.601249 0.000111889 0.0319509 0.0439681 6.28704e-06 1.92773e-05 0.131494 0.00696555 0.000307346 1.09318e-05 0.00560985 0.097276 8.33993e-06 
5.55655e-11 6.58232e-11 0.00437549 0.00573064 8.27296e-07 0.00308106 2.70604e-05 0.0129691 0.0934902 0.187961 0.00318739 6.47185e-08 7.38563e-11 0.206201 0.00202303 0.14647 0.0412105 0.243883 0.000114612 2.42691e-05 0.0206109 3.77859e-05 0.000103516 0.00482858 1.50832e-05 0.00112704 1.11887e-06 0.00605119 0.0164758 1.81237e-08 
7.4639e-10 8.84178e-10 0.0536661 0.00170195 8.76824e-10 3.26069e-07 3.70046e-08 0.0130121 0.000948835 0.125376 0.000744961 7.16753e-10 9.92083e-10 0.0266347 1.96158e-05 0.0215977 0.0121171 0.386111 0.00281814 0.000118707 0.104151 2.35384e-08 3.25233e-05 0.0133018 0.00550305 0.0208581 2.22283e-06 0.00142302 0.209783 7.92001e-05 
5.28155e-06 3.62298e-06 0.0251081 0.00196015 0.000794823 0.000679645 3.66441e-05 0.0336094 0.00238862 0.250915 0.0014998 0.000289544 1.99966e-05 0.0255529 0.013791 0.0113556 0.0167166 0.29146 0.0149999 0.0148396 0.140732 0.000264676 0.00482102 0.00313945 0.00115487 0.000168499 0.00308542 0.0598233 0.070905 0.00988003 
2.14174e-09 0.00116256 0.0283604 0.0102035 1.81319e-06 0.000412762 6.70541e-06 0.00478221 0.000616888 0.00934213 0.0143966 6.88809e-08 2.84675e-09 0.00139427 0.000117566 0.00885294 1.58134e-05 0.550468 0.00386193 0.0222856 0.0189357 1.71228e-05 0.00019618 0.00617944 2.85278e-05 0.00858021 2.39658e-06 0.00538051 0.304398 2.99336e-07 
4.58215e-07 0.0013228 0.00896314 0.0335249 7.05944e-06 1.01669e-06 6.16857e-05 0.00258841 0.00311806 0.0388138 0.00165537 4.47062e-05 0.000179356 0.00383241 2.88129e-05 0.0158686 0.0122051 0.736613 0.000615728 0.0156656 0.0564529 5.92423e-06 0.000229759 0.0183624 5.14413e-05 0.000303712 3.71923e-05 0.00876035 0.0406848 1.31524e-06 
2.7183e-06 3.22012e-06 3.22876e-07 4.90495e-07 3.19333e-06 2.30736e-06 0.00112008 7.61762e-07 9.29996e-07 0.00364725 0.0210813 2.61037e-06 3.6131e-06 0.0446778 5.96273e-07 0.00487389 0.0664992 0.83365 9.03685e-05 8.12782e-07 0.00128431 2.96853e-06 5.1744e-07 1.63786e-06 1.77962e-06 1.05569e-06 0.0170412 0.00399421 0.00200834 2.80625e-06 
7.45266e-05 3.44296e-06 0.000925172 0.00303933 0.000562319 0.0406432 5.20465e-07 0.00030187 0.00230952 0.0120313 0.00342304 0.00016982 3.86314e-06 0.169282 0.0302319 0.00128938 0.000175825 0.710856 0.000698074 0.000314442 0.000840497 8.69736e-05 0.0100813 0.00122238 0.000192806 0.000839543 0.000524852 0.00606884 0.0026243 0.00118231 
4.35612e-10 5.16029e-10 0.00780538 0.0352333 2.58094e-07 0.0357001 0.000119554 0.00603132 0.0154698 0.0479878 0.0181843 0.000274567 7.19385e-08 0.155319 0.000802788 0.0804275 0.181171 0.196672 0.00691936 0.0133358 0.110725 8.75784e-07 0.00163873 0.00101144 0.00124681 0.00459849 0.000302756 0.0196921 0.0589089 0.000420246 
1.06578e-07 9.59827e-07 0.0528243 0.0148297 1.16465e-07 6.52084e-10 1.22304e-05 0.00939086 0.00112085 0.0458911 0.00139087 7.37716e-10 1.09035e-07 0.00545191 0.000932274 0.0132928 0.000400651 0.642985 0.000963305 0.0009016 0.0534858 8.38937e-10 8.38867e-05 0.0156389 7.28531e-07 0.00115288 1.80531e-07 0.00281681 0.136282 0.00015015 
7.00054e-09 2.26917e-05 0.00890249 0.0158374 3.93157e-06 0.00210955 6.24387e-06 0.0110461 0.00329513 0.0255805 0.0680677 7.86707e-06 3.60116e-05 0.019194 0.0107104 0.0921234 0.00764557 0.359503 0.0216855 0.00825393 0.237703 3.78068e-07 0.00524475 0.00352515 9.39952e-05 0.020823 9.3371e-05 0.0134831 0.0648882 0.000113707 
1.38547e-10 1.64123e-10 0.0561326 0.00237033 0.000170412 0.00333467 1.06137e-05 0.0336775 0.0116493 0.124247 0.0179467 4.94943e-08 2.68167e-05 0.0444771 0.00383879 0.178108 0.0176186 0.307498 0.0139643 0.0165523 0.0324326 6.20751e-06 0.0195093 0.0116702 0.000732351 0.000458182 0.000564128 0.0168824 0.0855879 0.000532779 
3.35892e-07 0.000702276 0.033891 0.0818485 0.000388505 0.000475344 0.000275727 0.00982223 0.00355997 0.0490672 0.0394079 0.000880497 0.00513429 0.0134145 0.0109994 0.0430155 0.0151045 0.302062 0.0481194 0.0161444 0.203752 0.000125676 0.00608849 0.0039295 0.00104177 0.00172444 0.000392951 0.022324 0.0861974 0.000110661 
2.66612e-07 2.88464e-08 0.00274467 0.00259451 1.28523e-05 0.00345904 2.91518e-06 0.0131327 0.00150321 0.0188259 0.00220714 2.86041e-07 3.38394e-06 0.00754121 0.000236441 0.0525834 0.0189576 0.417085 0.00742843 0.000864704 0.0202157 0.000670272 0.0187028 0.0133579 1.1621e-05 0.002607 4.0974e-05 0.014194 0.380905 0.000110376 
7.22298e-07 0.00168851 0.0198981 0.0294119 0.000170216 0.00171738 5.13875e-05 0.00488844 0.0121217 0.189558 0.0110011 2.52073e-05 4.37475e-07 0.0363941 0.0267538 0.0251159 0.0303935 0.194839 0.0137328 0.0056795 0.185199 1.01327e-05 0.0177483 0.000394969 0.000902165 0.000987984 6.58115e-05 0.00534305 0.17432 0.0115861 
3.67854e-11 1.86159e-06 0.0782019 0.00207822 4.32138e-11 3.12244e-11 1.6798e-07 0.000818987 0.000684495 0.149935 0.140787 3.53248e-11 4.88943e-11 0.201976 4.71822e-09 0.00970004 0.0499728 0.203464 0.000508795 0.00495796 0.0480939 2.64766e-05 8.87837e-05 1.02496e-06 5.86557e-05 0.0107095 0.000181008 0.0170436 0.0780144 0.00269629 
0.00649142 9.08606e-10 0.0375456 0.0059779 3.93114e-07 5.87156e-05 0.000715147 0.000718932 0.000416882 0.0120009 0.0107799 0.00221254 1.01949e-09 0.0714946 3.64344e-05 0.113579 0.188615 0.20003 0.000854433 0.00220845 0.124274 8.37617e-10 3.4004e-05 0.044614 0.00997794 0.108698 5.71389e-05 0.0194435 0.0390805 8.51876e-05 
8.68038e-07 1.02828e-06 0.000223929 0.00115254 1.01973e-06 0.000210629 0.000105512 0.000258304 0.000141779 0.000614385 0.0339774 8.33571e-07 1.15377e-06 0.00226414 0.000110542 0.0168479 0.00201303 0.866643 9.8516e-05 0.000200395 0.0484712 9.47944e-07 1.65234e-07 0.000974094 6.19731e-05 0.000238761 1.47036e-06 0.0222232 0.00184408 0.00131687 
7.5088e-12 8.89497e-12 0.0229059 0.00230997 0.000160973 4.11266e-05 2.00989e-06 0.0122205 0.000649749 0.221771 0.0122299 6.17967e-07 3.73821e-09 0.0259917 1.51729e-08 0.0873917 0.0271423 0.324003 0.00305368 0.00101528 0.106419 3.10358e-06 0.000783075 0.0172689 6.25811e-05 0.00273161 5.86768e-06 0.00511433 0.126712 8.92653e-06 
1.70034e-05 0.000208568 0.00777105 0.102515 1.04029e-05 5.15893e-07 4.20049e-05 0.0206218 0.000956793 0.0519881 0.0172243 1.50167e-05 3.42984e-06 0.112509 0.00273237 0.122533 0.0274306 0.22736 0.0524629 0.00382568 0.0669088 1.50812e-05 0.0216253 0.000457016 0.00125616 0.0806376 3.04998e-05 0.0418021 0.0343214 0.00271816 
6.98815e-07 2.80497e-06 0.0251056 0.00298993 4.25374e-05 0.000744701 7.1841e-06 0.0665039 0.000772724 0.0147454 0.00685828 1.43478e-09 4.62477e-05 0.0340192 0.00154089 0.0950478 6.82898e-07 0.451155 0.00445328 0.000871345 0.121145 5.08443e-05 0.00306771 0.00090307 7.44186e-05 0.0132122 0.000348031 0.00350156 0.152786 3.80903e-06 
3.43189e-11 4.06544e-11 0.0412259 8.11287e-08 7.94271e-07 2.91307e-11 2.2745e-08 0.0077517 0.00152601 0.313858 0.00990702 4.28761e-08 0.0028533 0.0857087 1.41534e-07 8.92661e-07 0.051257 0.343232 4.75581e-07 0.0236303 0.0257767 1.42454e-07 8.55853e-08 0.059969 2.2468e-11 0.000858287 5.93009e-07 0.0324408 1.18456e-06 5.63359e-07 
0.000191718 2.36836e-05 0.0175476 0.0124859 0.000400783 2.7691e-05 3.40802e-05 0.0141835 0.0257007 0.086783 0.00463048 7.46062e-06 1.73377e-05 0.0608877 0.0666476 0.173817 0.0234719 0.240913 0.00578943 0.0128791 0.0546296 4.26686e-05 0.0124529 0.00682874 0.000273155 0.00110183 0.000169523 0.0189665 0.159077 1.82385e-05 
3.41533e-08 9.71155e-08 0.0501281 0.0244594 2.34054e-07 0.00128565 9.69091e-05 0.0209028 0.00315578 0.0855672 0.108464 1.40686e-05 1.14902e-05 0.0511921 0.00278837 0.0745454 0.0114053 0.185561 0.0304781 0.104971 0.0815432 0.000164079 0.00132356 0.0443164 0.000376525 0.0527973 0.000102417 0.0189548 0.0453789 1.53601e-05 
6.82407e-06 0.00215434 0.0503802 0.1668 0.0028205 0.000812265 4.38167e-05 0.00678013 0.0219679 0.0108318 0.0192897 3.45222e-07 3.50199e-08 0.0388512 0.00427389 0.178133 0.0550432 0.345109 0.000397303 0.00112373 0.0252181 0.00113739 0.0027369 0.0131605 7.13365e-06 0.0230972 0.00775141 0.00213257 0.0198819 5.79917e-05 
3.26935e-10 4.9453e-07 0.046794 0.00342319 0.00155238 0.000859979 3.52108e-08 0.00535253 0.000611302 0.0261707 0.00405798 3.13954e-10 4.73345e-07 0.00143859 0.00332277 0.0538609 7.05352e-05 0.256132 0.0441963 0.00188338 0.0779087 2.05324e-07 0.000470287 0.215133 2.14039e-10 0.00743189 1.66945e-06 0.00803048 0.241296 3.37513e-10 
0.00266009 3.56483e-06 0.00525419 0.0383835 6.71011e-05 0.00148244 0.000758689 0.0059005 0.0135938 0.0651981 0.0422941 0.00577043 2.66031e-07 0.018875 0.00702298 0.0566046 0.145211 0.178745 0.00706622 0.0303894 0.103795 6.4657e-06 0.0243766 0.00751323 0.000997843 0.00110619 0.000688169 0.14054 0.0946159 0.00107926 
0.000691772 0.000732616 0.0888742 0.055561 4.17841e-05 0.000398515 0.000822258 0.00607237 0.00474347 0.0517259 0.00683741 1.21412e-05 0.00429562 0.0694019 0.0108192 0.0547543 0.0277047 0.275832 0.015581 0.0276958 0.150516 0.000201697 0.00205171 0.00419144 0.00473423 0.00269866 0.00100629 0.0327247 0.0991322 0.000145852 
9.128e-11 1.08131e-10 0.0118327 0.00654407 5.55906e-07 7.36264e-06 0.000250536 0.000134358 0.0577784 0.0171212 0.00366601 8.76556e-11 1.09155e-07 0.00121184 2.33564e-05 0.00113912 0.00347617 0.418821 0.00978135 0.0501302 0.0604495 9.02124e-07 0.000754776 0.00886473 0.00112387 0.00136506 2.05922e-06 0.00883711 0.336683 7.40617e-07 
5.94981e-07 3.72109e-09 0.000864985 2.13801e-06 3.69014e-09 0.000204061 4.83741e-05 0.00536374 0.00104898 0.0971368 0.000517471 7.08538e-05 4.17521e-09 0.0710537 0.0010713 0.0411451 0.0320553 0.537665 4.65514e-05 9.90989e-05 0.159545 1.01337e-06 0.00264806 0.00361179 0.00137906 7.64643e-05 1.124e-05 2.56994e-07 0.0443179 1.47943e-05 
5.72325e-09 0.000825649 0.0908734 0.0791517 0.000489849 1.21723e-05 6.13544e-08 0.0879121 0.00890677 0.0218007 0.00898969 1.19113e-09 1.23509e-10 0.00228969 0.000380991 0.0677092 0.00743769 0.256936 0.00241698 0.0609402 0.0841125 5.47813e-06 0.000232084 0.0032884 1.60172e-05 0.00409625 5.39586e-05 0.0345034 0.176191 0.00042796 
0.00367589 0.000140468 0.0817335 0.177342 8.45687e-05 0.000310721 0.00408133 0.00896185 0.00224354 0.0842413 0.0302986 0.000639326 0.000338856 0.00756731 0.00699702 0.0376156 0.0124779 0.212017 0.0229729 0.00896234 0.116295 0.000306535 0.00593378 0.00497158 0.000788723 0.0160114 0.000934144 0.0476143 0.104288 0.000154243 
0.000701157 5.04182e-07 0.0654785 0.08559 2.77004e-05 0.00117799 2.10293e-05 0.0109974 0.000797722 0.0990252 0.0819021 1.52368e-06 0.000739426 0.00149104 0.00217413 0.0230868 0.00411344 0.23454 0.00680216 0.0336049 0.182227 5.59456e-05 0.0290699 0.00186792 0.00083229 0.00568516 9.45965e-06 0.0123329 0.115612 3.53645e-05 
0.00175643 1.72798e-06 0.008318 0.0224341 0.0103517 6.78955e-05 1.49876e-06 0.0990083 0.00117668 0.0091989 0.0415372 1.43862e-05 0.000255396 0.278433 0.000372269 0.0799745 0.110439 0.300526 0.0018028 0.00243544 0.00130677 8.61227e-08 2.04907e-06 0.00260732 0.00844691 0.00520466 0.000549499 0.00522002 0.00843404 0.000123795 
5.61514e-10 6.65173e-10 0.00532427 0.00676971 1.595e-07 0.00403384 9.20843e-06 0.0158964 0.000665145 0.049241 0.0601722 7.73058e-06 2.65047e-07 0.057704 4.6231e-05 0.0704358 0.0707801 0.499165 0.00388749 0.00360568 0.0519474 8.69515e-06 0.00154336 0.00357128 0.00280654 0.000773732 9.956e-07 0.0493363 0.0422672 1.65586e-07 
4.70154e-08 3.29264e-05 0.0570123 0.0267354 1.46487e-05 0.00132385 0.0138077 0.00642105 0.00207197 0.0967121 0.0683161 8.42607e-06 5.94972e-06 0.00726946 0.00135089 0.0552 0.00395183 0.226755 0.0299819 0.0193556 0.175514 0.000507025 0.00664425 0.00132147 0.00103053 0.0137117 0.000111836 0.0873665 0.0971868 0.000278893 
5.40087e-08 0.00459605 0.0715965 0.0129535 0.000327073 0.000152816 7.5909e-05 0.0130481 0.0143789 0.116364 0.00124556 1.44861e-05 4.24098e-06 0.0125453 0.0103743 0.13298 0.0275197 0.30698 0.00860962 0.00348465 0.0387262 9.3172e-06 0.019279 0.0153021 7.51883e-05 0.000223854 4.77315e-05 0.000974289 0.188043 6.97044e-05 
0.00105995 0.000208382 0.0225182 0.00476743 0.00255909 0.000240917 0.0152591 0.0064024 0.00153511 0.0209839 0.00627422 7.4619e-05 3.49582e-05 0.0169118 0.00130606 0.109571 0.00661877 0.58262 0.0120336 0.000210389 0.032883 0.034692 0.00101988 0.0273765 0.0022305 0.0247426 5.58227e-06 0.00873362 0.0571158 1.11447e-05 
0.00127031 0.00165883 0.0250212 0.0185361 1.97637e-05 1.93361e-06 2.52857e-05 0.0124797 0.00210714 0.161517 0.0211722 0.000395395 3.07257e-05 0.126451 0.00264122 0.068357 0.174081 0.196735 0.000617451 0.0193967 0.0634483 7.79463e-07 0.000221827 0.0357587 0.00165186 0.00372446 3.7066e-06 0.0548101 0.000952942 0.00691339 
0.000700506 0.00474184 0.0305028 0.0872384 0.00140493 0.00921243 3.28309e-05 0.0167947 0.00423097 0.0962734 0.0387934 3.17477e-05 0.0017886 0.0373654 0.00608861 0.0467395 0.0618727 0.201248 0.0139101 0.0137436 0.0750253 6.34364e-05 0.0324349 0.00133315 0.0098511 0.00468088 0.000400684 0.0176876 0.1846 0.00120773 
8.79405e-08 1.12542e-05 0.00415518 0.00912848 2.61775e-06 1.58139e-05 8.30445e-06 0.00103071 0.0490691 0.116245 0.00117088 8.83002e-05 0.00404064 0.0153251 0.00217755 0.0297621 0.101596 0.454646 0.003347 0.00264746 0.168266 1.91721e-05 0.0067042 0.00930176 4.74482e-07 0.000188314 0.000220066 0.00062531 0.0117736 0.00843391 
4.24746e-05 0.000202334 0.110234 0.0254607 4.46036e-05 0.00271569 0.000240383 0.013956 0.00456679 0.0726305 0.018579 7.92863e-08 0.0112227 0.0272812 0.00747917 0.0917248 0.0590534 0.180022 0.0147363 0.0014805 0.121449 2.836e-05 0.00169553 0.0103045 0.00210504 0.0211364 6.82963e-05 0.0313056 0.170127 0.000107318 
2.86586e-07 3.39491e-07 0.121585 0.011528 6.74518e-06 0.00499904 5.13202e-08 0.0258802 9.80478e-08 1.72923e-05 0.0882477 2.75207e-07 3.80923e-07 0.00959916 6.2864e-08 6.69629e-05 0.018091 0.497106 0.000213704 0.000259761 0.00455542 3.12967e-07 6.07738e-06 0.201284 0.0163871 2.34159e-05 4.85445e-07 7.26101e-05 6.89468e-05 2.95858e-07 
0.00679838 0.000972645 0.138453 0.00148031 2.21633e-07 1.82112e-06 1.914e-05 0.0192243 1.73919e-05 0.0187608 0.0077779 6.17762e-07 8.88039e-07 0.0991632 0.000274046 0.00487156 0.0123779 0.44689 0.00141886 0.000320256 0.0235447 8.56061e-08 8.02009e-05 0.0037335 0.00344915 0.00388602 0.00239372 0.168516 0.035283 0.000291092 
3.59576e-08 0.0142555 0.0656528 0.059049 0.0119976 0.0259019 8.08173e-06 0.0119687 0.00124657 0.0853973 0.0290333 5.86935e-06 4.77939e-08 0.00946693 0.000905642 0.0863994 0.00406621 0.487012 0.00242778 0.00628581 0.0438364 0.000156703 0.000472474 0.0066491 0.000153109 0.0123475 0.000245793 0.00118918 0.0338692 3.71209e-08 
1.03606e-09 2.01466e-06 0.0776978 0.0271258 1.50233e-06 0.0041929 3.47249e-08 0.00110445 4.47838e-07 0.0074238 0.124672 9.94925e-10 1.37711e-09 0.146292 6.45771e-07 0.009805 0.0236198 0.37215 0.00327214 0.000504278 0.0135675 2.11764e-07 4.774e-07 0.0256468 0.158346 0.00177522 9.4069e-08 0.00278189 1.76693e-05 1.06958e-09 
7.63741e-07 0.00050748 0.0604094 0.00605586 0.000122584 0.000168139 5.07598e-06 0.0492103 0.000219194 0.0193776 0.00931484 1.14462e-06 2.48412e-06 0.001406 0.0038722 0.0231539 0.0077583 0.694476 0.000876885 0.00307448 0.0998768 6.49232e-06 0.000933059 9.97147e-05 0.000239434 0.000388211 0.000153528 0.0117859 0.00635995 0.000144627 
2.67701e-05 3.30026e-05 0.0613248 0.0226287 0.000917822 0.00294619 0.000110154 0.0113138 0.00875948 0.025134 0.124972 0.000110969 0.000894229 0.0412344 0.00703931 0.076355 0.0154371 0.237212 0.160649 0.00753274 0.0208268 2.25233e-05 0.00669512 0.00285858 0.000652914 0.0260636 0.00908464 0.0686762 0.0600053 0.000483795 
7.5088e-12 8.89497e-12 0.0229059 0.00230997 0.000160973 4.11266e-05 2.00989e-06 0.0122205 0.000649749 0.221771 0.0122299 6.17967e-07 3.73821e-09 0.0259917 1.51729e-08 0.0873917 0.0271423 0.324003 0.00305368 0.00101528 0.106419 3.10358e-06 0.000783075 0.0172689 6.25811e-05 0.00273161 5.86768e-06 0.00511433 0.126712 8.92653e-06 
4.12548e-05 2.52396e-08 0.0644439 0.00586663 1.01525e-05 0.000182478 4.28239e-05 0.164933 4.98964e-05 0.0384633 0.00347236 3.40474e-06 3.1338e-06 0.0449602 0.000153821 0.0323024 0.0767084 0.166618 0.0376825 0.000527854 0.109389 0.0960756 0.000986518 0.0115613 0.000346148 0.000279364 0.000109141 0.116351 0.0267458 0.00169057 
3.58227e-06 2.74523e-05 0.0338081 0.0398847 0.0308785 0.00231867 0.0156362 0.00935623 0.0112047 0.0784133 0.00404681 1.44064e-05 1.43225e-05 0.074533 0.00364064 0.12465 0.0252965 0.361468 0.0446599 0.00961509 0.0266832 0.000437601 0.00417995 0.00395752 0.000138382 0.00748954 4.86349e-05 0.0236229 0.0639683 4.26971e-06 
1.06912e-09 0.000334862 0.0114992 0.0252968 1.26091e-05 0.000328498 0.000189723 0.00668686 0.00113258 0.138924 0.0105677 4.35944e-05 0.000262696 0.029512 0.00137698 0.0333485 0.0261734 0.236313 0.0143268 0.0347715 0.213669 0.000274872 0.00234051 0.000209129 0.00115167 0.00155146 0.000291272 0.0039198 0.19266 0.0128317 
2.76029e-07 8.13961e-06 0.00754649 0.00110603 5.53647e-07 0.00113554 7.06478e-06 0.0659487 0.00339016 0.043587 0.00143719 1.68653e-06 4.75463e-06 0.00194856 0.000286342 0.0390178 0.102114 0.646081 0.000501243 0.00217382 0.0493313 2.91188e-09 3.16422e-05 0.000113034 5.02836e-05 1.63134e-06 2.49764e-05 0.00275793 0.0301433 0.00124957 
0.000426677 0.00104316 0.0462241 0.0287238 0.00146781 0.00194804 0.00216677 0.0184641 0.00529759 0.120582 0.0258819 3.78865e-05 0.00184809 0.0671097 0.00711191 0.0801839 0.054955 0.229082 0.013132 0.0156457 0.097341 0.000878649 0.0136857 0.0411253 0.0032161 0.00635422 0.000202033 0.0196791 0.0951522 0.00103376 
7.47378e-07 5.12744e-10 0.00190876 7.25352e-07 5.08479e-10 3.67405e-10 8.00792e-05 0.000449693 2.50174e-07 0.00613578 0.000638958 4.15653e-10 0.000559113 0.361771 9.49454e-11 0.00901559 0.0304093 0.571228 2.95722e-06 1.29421e-10 6.80138e-06 4.72684e-10 1.64704e-05 0.00764128 0.000447177 0.00254676 0.0025714 0.00456362 4.89142e-06 7.8091e-07 
2.20745e-09 1.30947e-07 0.113835 0.0182483 0.000383695 0.000347318 0.0675247 0.012436 0.000643455 0.088981 0.013384 2.13969e-06 1.86199e-07 0.0237886 0.0042148 0.163463 0.00725856 0.271653 0.00131005 0.0152101 0.119496 0.00224015 0.00286405 0.000615206 0.00042898 0.00578098 0.000232381 0.00969173 0.055961 5.48627e-06 
4.32464e-11 3.14241e-05 0.0141342 0.000360313 1.96565e-05 6.99427e-05 2.78744e-08 0.00069171 0.000268881 0.0178436 0.0128889 1.02514e-08 5.74821e-11 2.47478e-07 0.032696 0.0233559 0.000321842 0.676652 0.00635538 1.37653e-06 0.00268346 3.32959e-05 0.00659017 0.000555047 9.7899e-08 0.00243771 1.12224e-07 6.79489e-05 0.201941 2.49901e-08 
1.49953e-06 0.000235261 0.0505565 0.113817 0.000584098 0.00275982 0.00283893 0.0161329 0.0105643 0.022947 0.00429667 4.19382e-10 0.0093216 0.0511497 0.00074507 0.072865 0.0215373 0.178729 0.0135295 0.0501761 0.0619657 0.00342003 0.0300029 0.000474382 3.46155e-05 0.00832768 0.0498079 0.155926 0.0668346 0.000419189 
0.0304017 0.00558116 0.105811 0.0531615 0.00546124 0.00467946 0.000129636 0.00531435 0.00384091 0.0111518 0.0277324 3.47105e-05 2.01514e-06 0.00640983 0.00065927 0.0580036 0.000427888 0.305344 0.0039906 0.0715806 0.131347 4.26014e-07 0.00521086 0.0161667 0.00140392 0.0569728 0.000298593 0.0178823 0.0709807 1.89749e-05 
0.000155927 0.000264164 0.0341517 0.0294776 0.000719265 0.000298658 0.00526157 0.00725191 0.0089775 0.0906064 0.0145331 3.81034e-05 3.86507e-06 0.00600416 0.0212439 0.0250319 0.0108192 0.235819 0.0317174 0.0808649 0.189343 0.000335655 0.00223815 0.00621814 0.00150643 0.00396769 0.000306273 0.0267274 0.165641 0.000475249 
2.63323e-06 0.0129415 0.0535408 0.0190312 0.000655666 0.00184757 7.17181e-05 0.0176623 0.00312455 0.101333 0.0235652 1.84132e-06 0.000179042 0.0718173 0.0047038 0.0320702 0.0128342 0.390087 0.00605531 0.0106727 0.135125 0.00279789 0.00164953 0.01097 0.000479288 0.0163113 0.000933213 0.0417278 0.0268469 0.000962037 
2.32953e-10 0.000212122 0.0248131 0.067633 0.00445592 1.634e-05 0.000127611 0.0318195 0.0294287 0.0970902 0.00655426 6.49696e-06 7.25366e-08 0.0111265 0.00621784 0.0481373 0.0125061 0.206631 0.0052313 0.158454 0.105246 7.68169e-07 0.00375883 0.00355277 0.00012206 0.00408622 0.000117587 0.00372712 0.168445 0.000482487 
0.000259071 1.51644e-05 0.0604097 0.0674145 1.17124e-05 0.00116878 0.000438993 0.001078 0.00494238 0.0575485 0.0251864 6.53878e-06 1.40697e-05 0.00809355 0.00698907 0.0278979 0.00538494 0.361288 0.138277 0.0627144 0.0664736 0.000273659 0.00853208 0.0056661 0.00253956 0.00567968 0.000132314 0.0188828 0.0626527 2.82401e-05 
8.05955e-08 0.00020338 0.0555414 0.0113365 4.46834e-05 2.16276e-05 3.05329e-05 0.00345319 0.000123151 0.0321837 0.0471356 1.50916e-05 1.07126e-07 0.00463259 0.00725904 0.0443423 0.00302056 0.647042 0.00202825 0.00211768 0.0735861 1.46283e-06 0.00374028 0.00672452 0.000563305 0.00519427 2.30146e-05 0.0252811 0.0241798 0.000174548 
3.07193e-06 1.33187e-07 0.0206862 0.119442 0.000377327 0.0148164 0.000214937 0.00748199 0.0102191 0.0700059 0.0144404 1.33953e-06 0.00255574 0.00484244 0.0331721 0.0501034 0.0133964 0.289512 0.00549744 0.00399191 0.123427 0.00202442 0.00455545 0.000570321 0.000205763 0.0122385 0.000154044 0.0665055 0.123467 0.00609153 
0.000385092 0.00033831 0.106961 0.070117 0.00106258 0.000648461 0.000386944 0.0203501 0.0213676 0.10214 0.0328443 7.80905e-05 0.00334144 0.0159118 0.0063533 0.0373764 0.0354399 0.316553 0.00331105 0.00343915 0.121757 0.000128437 0.00756288 0.00222342 0.00135555 0.00182845 0.000839538 0.0206984 0.0636374 0.00156354 
1.13009e-07 4.66155e-08 0.0704464 0.000129457 0.000608384 0.00170339 1.3909e-07 0.0296418 0.00502165 0.0391576 0.059598 3.77886e-08 0.000683058 0.0781415 2.78785e-06 0.117806 0.130228 0.307166 0.0368923 0.000141276 0.0200567 1.77966e-05 0.0123434 0.000252 3.44252e-05 0.00141415 2.59804e-07 0.0038712 0.0846424 5.11484e-07 
7.5088e-12 8.89497e-12 0.0229059 0.00230997 0.000160973 4.11266e-05 2.00989e-06 0.0122205 0.000649749 0.221771 0.0122299 6.17967e-07 3.73821e-09 0.0259917 1.51729e-08 0.0873917 0.0271423 0.324003 0.00305368 0.00101528 0.106419 3.10358e-06 0.000783075 0.0172689 6.25811e-05 0.00273161 5.86768e-06 0.00511433 0.126712 8.92653e-06 
4.00049e-05 1.23942e-08 0.0437788 0.00909453 0.00306898 2.10263e-06 9.79797e-07 0.0198636 0.0109965 0.0434485 0.0282977 1.00473e-08 1.39068e-08 0.056859 1.16618e-05 0.111871 0.004163 0.60025 0.000526161 0.00361222 0.0319264 3.30105e-05 0.00164016 0.0207736 0.000112115 2.75249e-06 8.01815e-07 0.00961916 5.26701e-06 1.52655e-06 
2.88713e-07 3.42011e-07 0.0263838 0.000724286 0.0132128 0.00039469 7.84179e-05 0.00416569 0.00448483 0.145051 0.00643102 3.39386e-05 0.000177433 0.0164893 8.49915e-05 0.0176158 0.00390701 0.570806 0.0121793 0.00396501 0.0334169 0.0986645 0.000348194 0.00331127 0.000326035 0.00206951 0.000266127 0.00294895 0.0324028 6.07244e-05 
4.82866e-05 0.00039939 0.0499249 0.0174837 3.56079e-05 0.000302288 6.26985e-05 0.0232646 0.00215359 0.0502248 0.0208631 9.74233e-07 4.02966e-05 0.0140466 0.00222187 0.084271 0.0273731 0.21199 0.00738701 0.0376363 0.118091 0.00049906 0.00586195 0.000928623 7.94821e-05 0.02698 0.00021226 0.116633 0.180888 9.71342e-05 
6.5974e-05 0.0290803 0.105125 0.0789924 0.00344277 0.000724822 0.0041914 0.0165171 0.00228384 0.158754 0.00433524 0.000106248 0.001037 0.0691871 0.00291949 0.0380706 0.131553 0.164538 0.0182444 0.00371274 0.0824705 0.000411018 0.00643719 0.0011635 0.00354973 0.00803742 0.00526719 0.0302083 0.0256429 0.00393131 
3.17241e-09 3.75806e-09 0.0211686 0.0136275 2.2328e-06 0.0257883 7.75851e-07 0.102344 0.00115337 0.00846739 0.00374677 3.04644e-09 0.000679577 0.0508693 3.28803e-06 0.16794 0.0659517 0.453865 0.00170074 0.00121374 0.0193629 0.00548277 0.0105498 0.0108384 4.00797e-05 0.00432629 0.000166433 0.0170169 0.0136945 3.47289e-07 
