4.63656e-06 0.00543574 0.0232861 0.0273504 0.00952905 0.0228474 0.000725283 0.0165903 0.000813071 0.0795366 0.0551918 4.53818e-06 4.11476e-05 0.0787148 0.0111301 0.0519493 0.0105476 0.0657691 0.190786 0.0688961 0.0911964 0.00812999 0.00383711 0.00941341 0.0670351 0.0126696 0.000116399 0.0193512 0.0686474 0.00045467 
6.86415e-13 3.43468e-08 0.000648261 0.110953 7.40411e-09 0.00120111 3.56525e-05 2.02126e-05 0.000287333 0.0101747 0.00595942 9.73167e-06 5.02533e-08 0.000119146 0.0195342 0.00193534 0.000881595 0.00573473 0.657982 0.0277948 0.0169584 6.45273e-09 0.00833254 0.00041686 0.0012515 0.00129824 7.53418e-05 0.000246492 0.128141 8.75188e-06 
2.68788e-07 9.36815e-07 0.0104234 0.00290016 9.10186e-05 0.000940432 1.91728e-05 0.00157126 0.0126772 0.0248024 0.00208371 0.000809547 3.71168e-05 0.0131224 0.00448796 0.0221888 0.0104095 0.09297 0.736077 0.000335054 0.0420942 1.13062e-05 0.00121147 0.00275612 4.75548e-05 0.00125963 3.53688e-05 0.00977321 0.00677644 8.76856e-05 
4.04458e-12 0.000581176 0.0123001 0.155153 8.67754e-05 0.00397182 6.20073e-05 0.000479038 0.000560712 0.0476084 0.0178105 1.32134e-05 7.76722e-05 0.00462287 0.00547499 0.00634729 0.00527854 0.010456 0.450778 0.0541333 0.0797057 2.36958e-05 0.00279534 0.000790334 0.00251229 0.00306499 0.000150031 0.00625206 0.128905 4.75874e-06 
0.00156372 6.32869e-09 0.00758484 0.000548017 6.27605e-09 0.000244343 0.000107928 0.000576678 0.000587733 0.068235 0.000311505 8.3145e-06 9.89888e-06 0.00330454 0.00108893 0.174513 0.0168056 0.0660292 0.509692 0.0604251 0.0524194 2.318e-06 6.11451e-05 0.00873631 6.46035e-07 2.15165e-06 8.73216e-05 0.00912715 0.0179236 3.38978e-06 
1.3793e-11 0.00014258 0.0032074 0.00318034 1.62034e-11 3.60648e-09 0.000101198 0.000685217 0.0513249 0.033334 0.000989231 1.23961e-06 3.88468e-09 0.0476892 0.00111353 0.016166 0.00586984 0.008795 0.441253 0.00528872 0.187368 3.29471e-05 0.000191202 0.00132332 0.000282998 0.000139719 1.24041e-05 0.0213626 0.168273 0.00187317 
6.38415e-12 6.64666e-06 0.0036476 0.00135264 4.39288e-08 8.32984e-05 0.000289429 0.000260678 0.0005249 0.0110266 0.000721752 1.21597e-06 2.64163e-10 0.0165428 0.000137087 0.00516956 0.0195696 0.00040522 0.518025 0.390995 0.00797077 8.64678e-06 0.000184556 0.000481946 0.0107499 0.000251178 1.11431e-05 0.00322934 0.00835257 1.20786e-06 
1.08696e-05 1.03803e-08 0.0021968 0.00191921 1.32248e-05 4.662e-05 0.0340608 0.00112584 0.000889399 0.0135326 0.000178008 4.42392e-05 1.16471e-08 0.00290116 5.03554e-05 0.00759116 0.00336658 0.0123648 0.426745 0.0620249 0.0220446 0.000366392 0.000417569 0.000795166 0.00253697 0.00497795 6.32379e-05 0.000274261 0.399264 0.000197924 
1.11396e-11 0.000142531 0.00409708 0.00113027 1.30863e-11 3.37452e-09 0.000122415 0.000949541 0.0444416 0.0399191 0.000768402 1.54588e-06 3.64638e-08 0.0461736 0.000873985 0.0191686 0.00586981 0.00958843 0.498407 0.0110486 0.155761 2.31612e-06 0.000235942 0.0013233 0.000274974 0.000171911 2.50076e-05 0.0202213 0.138208 0.00107277 
0.00274821 0.000145212 0.00620336 0.104937 0.00290735 2.34852e-06 0.000222109 0.000294781 0.00116887 0.024344 0.000808223 2.01608e-05 3.67726e-05 0.0110301 0.028527 0.0631091 0.106689 0.00433377 0.46861 0.00560209 0.119614 6.26661e-05 0.0123471 0.000206582 0.000201977 0.000111403 0.000270696 0.0334487 0.00199461 2.57193e-06 
4.98766e-11 3.33167e-05 0.0016377 0.190439 1.15436e-05 0.00251969 0.000396007 0.000871653 0.00235597 0.0511102 0.0095866 0.00011173 8.49555e-05 0.0315833 0.0210082 0.0616945 0.130901 0.0340583 0.219295 0.0442768 0.0317364 5.30476e-06 0.00428309 0.000510456 0.0268117 0.00101674 0.000124935 0.00502396 0.128343 0.000168667 
1.41205e-10 3.82544e-05 0.0690458 0.0155288 0.000564174 0.00339419 7.39838e-05 0.0038541 0.197837 0.0133168 0.00196188 0.000757865 2.42154e-05 0.0128231 0.022025 0.0924281 0.00706459 0.0428118 0.298682 0.0155475 0.0846639 7.22624e-06 0.0260269 0.0107292 0.00362224 0.00173298 0.00991152 0.0110149 0.0537924 0.000719202 
3.97807e-09 3.04086e-06 0.187425 0.0016499 7.77283e-06 3.37668e-09 7.1237e-10 0.00192308 6.33417e-05 0.0045721 0.0026063 6.92967e-07 7.25522e-06 0.000396344 0.00205978 0.00443975 0.000360076 0.0961969 0.582751 0.00120511 0.0611384 9.53602e-07 8.64299e-07 2.39034e-06 0.0379028 0.0112862 1.78126e-05 0.00319984 0.000782816 4.10677e-09 
6.82007e-09 3.54813e-06 0.00215401 0.000847613 0.000446561 0.00371287 2.73494e-05 0.0025142 0.0524924 0.063138 0.00390938 3.65941e-06 9.06508e-09 0.00547812 0.00102574 0.0875772 0.00590579 0.0147009 0.419724 0.00278858 0.119193 2.24585e-06 0.0786774 0.000120181 0.000352694 0.00071144 0.000244877 0.000168719 0.134006 7.30647e-05 
8.98591e-07 0.000108709 0.0106314 0.046053 1.57353e-05 0.000278405 0.164744 0.000824438 0.060792 0.0863172 0.0784595 0.00013381 0.00134232 0.000879013 0.00111321 0.0072866 0.0716225 0.00261762 0.198083 0.0154324 0.0576499 0.00037083 0.000309703 0.0812563 0.00120261 0.000232707 0.00016578 0.0247394 0.0808919 0.00644471 
1.26919e-12 3.20343e-05 0.00674529 0.180621 5.45501e-05 0.00738982 8.30493e-05 0.000171418 0.000568036 0.0408744 0.0363812 5.46722e-05 1.99888e-07 0.00205245 0.0169982 0.0121149 0.0048574 0.0311768 0.220371 0.132956 0.0723734 0.000447236 0.00202639 0.000674666 0.00905259 0.00446386 0.000233731 0.00538652 0.211834 4.52639e-06 
1.12325e-05 0.0197864 0.112892 0.0834749 0.00027411 0.00308609 0.00542975 0.00491178 0.00388208 0.0618243 0.00595128 8.90495e-06 0.00613906 0.0249171 0.0296738 0.0555329 0.0130915 0.0135371 0.19851 0.127118 0.0441345 0.00220656 0.0605874 0.0023214 0.00315756 0.0196941 6.7474e-05 0.0403261 0.0574366 1.55531e-05 
6.87588e-07 7.21294e-07 0.00116558 0.147036 7.38708e-07 0.000555074 0.00090243 0.000203541 0.000129385 0.0148386 0.0285222 3.59134e-06 0.00776623 0.00171848 0.000298599 0.0168613 0.117558 0.0200831 0.311641 0.0652139 0.0239547 0.00302516 0.000351683 0.00588549 0.00159237 0.00126238 1.88783e-05 0.000378482 0.22903 1.59318e-06 
5.34698e-13 1.41236e-05 0.00287629 0.0936147 1.1044e-05 0.000127079 5.03587e-05 9.79965e-05 0.000216395 0.0401165 0.00578364 2.47424e-06 6.33622e-11 0.000130546 0.0131992 0.00435873 0.00287102 0.00901711 0.529977 0.0668215 0.019207 3.40987e-09 0.00562187 0.000579049 0.00089494 0.00175387 8.6902e-05 0.000709127 0.201857 5.36127e-06 
1.25158e-07 5.75716e-05 0.0116839 0.0748189 0.00124596 0.0188536 5.43216e-05 0.00475821 0.00503629 0.0893512 0.0115274 0.00132903 0.000680019 0.0487609 0.00015123 0.047228 0.146772 0.0159715 0.412522 0.00601262 0.0133245 0.0002875 0.00113668 0.026908 6.8221e-05 0.0543054 0.000309285 0.0031953 0.00364626 4.68225e-06 
6.99022e-09 0.000405595 0.0784015 0.0397692 0.000148811 0.000277594 0.0331035 0.00450104 0.00316338 0.114583 0.0113506 7.51177e-05 0.000104937 0.00507725 0.00773939 0.0355993 0.00619286 0.0318456 0.277381 0.0240545 0.176494 2.17152e-05 0.0235616 0.000297355 0.00317701 0.00268504 0.00591616 0.0237124 0.0758199 0.0145407 
4.91741e-10 3.3053e-07 0.0085381 0.017484 1.58876e-07 0.00414967 0.000500032 0.00518704 0.00354454 0.021098 0.0111248 2.87154e-06 6.5361e-10 0.0336979 0.00138958 0.0678797 0.0311011 0.00610236 0.650559 0.0306575 0.0126429 1.44494e-07 0.000704163 0.00441154 0.00512421 7.16772e-05 7.09652e-08 0.0229327 0.0610953 4.02676e-07 
5.5238e-12 9.13097e-05 0.0854797 0.0515325 0.000249592 0.000630725 0.0838197 0.00322906 0.00377108 0.0759457 0.00538739 8.51984e-05 0.000133129 0.00178873 0.00296863 0.0530044 0.00507821 0.0369501 0.224835 0.0320692 0.177081 3.81276e-05 0.0272564 0.000753115 0.000285186 0.00445148 0.000311492 0.0510119 0.0543052 0.0174558 
6.38415e-12 6.64666e-06 0.0036476 0.00135264 4.39288e-08 8.32984e-05 0.000289429 0.000260678 0.0005249 0.0110266 0.000721752 1.21597e-06 2.64163e-10 0.0165428 0.000137087 0.00516956 0.0195696 0.00040522 0.518025 0.390995 0.00797077 8.64678e-06 0.000184556 0.000481946 0.0107499 0.000251178 1.11431e-05 0.00322934 0.00835257 1.20786e-06 
1.11396e-11 0.000142531 0.00409708 0.00113027 1.30863e-11 3.37452e-09 0.000122415 0.000949541 0.0444416 0.0399191 0.000768402 1.54588e-06 3.64638e-08 0.0461736 0.000873985 0.0191686 0.00586981 0.00958843 0.498407 0.0110486 0.155761 2.31612e-06 0.000235942 0.0013233 0.000274974 0.000171911 2.50076e-05 0.0202213 0.138208 0.00107277 
8.25647e-12 6.49517e-09 0.00122529 0.122704 1.74665e-08 0.00124736 4.75691e-05 0.000105244 0.00200006 0.0981353 0.00192325 3.27506e-06 3.53198e-07 0.0213509 1.60044e-05 0.00853462 0.0385584 0.00333054 0.546119 0.010499 0.0420478 3.19366e-09 0.000141811 0.000210241 0.00247376 0.000191048 3.80492e-05 0.00482487 0.0942723 1.03894e-08 
8.60696e-12 0.000256833 0.0133426 0.288553 3.70075e-06 6.66458e-05 1.55674e-05 2.94237e-06 0.000207718 0.0275145 0.0028883 1.37772e-07 1.14402e-11 0.00513482 0.000234135 0.000692227 0.00554792 0.00171339 0.402921 0.016762 0.126621 4.00563e-05 2.41718e-06 0.000106191 0.00266083 0.00147464 4.47966e-05 0.00813316 0.0950173 4.15742e-05 
2.9576e-05 9.59413e-07 0.00484919 0.0207588 0.000458703 0.178542 0.000581221 0.000220118 0.000405444 0.00382351 0.0102991 0.0479846 4.93056e-05 0.0263151 7.7765e-05 0.0110903 0.0471757 0.0126322 0.545614 0.016575 0.00573801 0.000174317 0.000857434 0.00202744 5.95605e-05 0.00753969 9.99447e-05 0.0545487 0.00118162 0.000291069 
8.96491e-09 2.61883e-12 0.000918568 0.0316952 0.000100362 9.9612e-07 0.000140624 8.91767e-05 0.00101455 0.0407668 0.00132443 3.46208e-06 2.65519e-08 0.000226492 0.000193934 0.00271047 0.00240175 0.00789 0.831921 0.011821 0.00499101 8.01566e-09 0.00719989 0.000561409 0.000161048 0.000186628 3.94102e-05 0.00266184 0.0509778 2.23079e-06 
6.58369e-08 8.85518e-05 0.0064834 0.00136424 0.0210104 0.00151771 1.37136e-05 0.00190197 0.00741561 0.0961362 0.00162509 3.80216e-07 1.33499e-05 0.00536352 0.0047713 0.0310703 0.00512661 0.0457795 0.452228 0.00259437 0.17552 1.03923e-06 0.0157847 0.000401145 0.000411474 0.000883371 9.07915e-05 0.00166199 0.120672 6.93633e-05 
2.43041e-06 0.000500111 0.00616108 0.163306 1.21316e-05 0.000188945 9.70285e-06 0.000382644 9.94418e-05 0.0523436 0.00160919 5.58239e-05 0.00525679 0.00276939 0.00468739 0.00240639 0.0103919 0.0150086 0.601553 0.00325488 0.0428408 2.47679e-05 0.000323271 0.000282529 0.00238491 0.00144002 0.000254033 0.00632222 0.0760388 8.90991e-05 
1.19737e-07 0.000615725 0.00378125 0.00650854 5.81936e-06 0.00168803 0.000168467 0.000328614 0.00108408 0.0548382 0.0014741 0.00128955 0.00362098 0.0182377 0.00456583 0.0131002 0.0543046 0.0165679 0.742951 0.000624859 0.0586349 1.08961e-07 0.00540264 0.000124033 9.25135e-05 0.00053477 0.000124779 0.00785863 0.00128669 0.000185553 
1.86227e-09 2.20606e-09 1.4095e-06 0.0318375 0.000482192 3.37101e-06 0.000310259 0.00151302 1.01337e-05 0.0140089 2.22002e-07 1.78833e-09 2.47529e-09 8.16351e-05 4.34174e-07 0.00221578 0.16154 0.0438965 0.567886 0.0142673 2.03903e-06 0.000881487 0.0430735 0.0197627 0.000416704 2.16034e-07 1.06613e-06 0.024821 0.072986 1.92252e-09 
6.57517e-05 0.00924706 0.0587073 0.094863 1.30758e-05 0.000109367 0.000103014 0.00845587 0.000658036 0.103436 0.00246333 6.96844e-06 0.00516472 0.0783534 0.00857423 0.0570711 0.0485394 0.025043 0.222966 0.019842 0.183879 2.57204e-06 0.00139488 0.00275506 0.012605 0.0110971 0.000128897 0.0188543 0.025181 0.00041993 
3.147e-06 0.000436596 0.0145526 0.00815958 1.63213e-05 7.07658e-05 1.03782e-05 0.00186605 0.000171646 0.01266 0.000892172 4.85353e-06 0.000223639 0.00280838 0.00623207 0.0177505 0.000689958 0.0090448 0.753006 0.00952317 0.101735 1.01947e-05 0.000200313 4.72581e-05 0.00354257 0.00358306 3.48205e-05 0.00555354 0.0471646 6.03901e-06 
4.18331e-06 0.000978477 0.0154174 0.16811 2.77585e-05 0.000116191 5.28784e-05 0.000306607 2.08159e-05 0.0281082 0.00160382 3.34212e-06 0.0258491 0.00281943 0.00170005 0.00357774 0.00409243 0.00419971 0.62119 0.0254601 0.0606048 9.02755e-05 0.000141055 3.52513e-05 0.00413005 0.000610784 5.56125e-05 0.00462548 0.0260555 1.34518e-05 
2.88746e-06 0.000923318 0.0156523 0.283929 2.41353e-05 0.000299662 6.73194e-05 0.000301418 4.13719e-05 0.037152 0.00172478 5.14729e-06 0.0347061 0.00340736 0.00173757 0.00381231 0.00517828 0.00482133 0.459183 0.0281661 0.0747809 2.32996e-05 0.000169567 5.20809e-05 0.00523942 0.000871408 5.43013e-05 0.00460395 0.0330598 1.0073e-05 
1.20447e-06 0.000381753 0.0819442 0.181305 4.71442e-05 0.00013071 3.1166e-05 0.00273856 4.61074e-05 0.0150749 0.00312962 2.83134e-06 0.0097759 0.00155806 0.00369171 0.0170699 0.00197597 0.0221744 0.491273 0.00852257 0.0528693 4.5583e-05 0.000110822 0.000100439 0.00235092 0.00536252 1.04865e-05 0.00557729 0.0926803 1.77857e-05 
2.34352e-11 2.07039e-08 0.00218723 0.124667 5.56817e-08 0.000678139 6.43301e-05 0.000403435 0.000993456 0.137171 0.00145969 0.000465948 3.50464e-06 0.0177016 0.000312031 0.0133692 0.058656 0.0149016 0.528018 0.0224199 0.0233342 1.38077e-08 0.00262188 0.000579549 0.0023142 0.000361171 7.15187e-05 0.00052903 0.0466156 0.000100011 
1.03595e-08 4.06222e-10 0.00199409 0.0067644 4.71255e-08 0.000417147 3.24204e-06 3.04557e-05 2.20979e-08 0.00389744 0.00280836 1.24541e-07 4.55797e-10 0.000882847 7.52205e-11 0.000103845 0.028469 0.0931652 0.778763 1.5501e-05 0.00695987 1.29176e-06 2.56634e-05 5.03556e-05 1.41071e-06 0.000495189 4.20392e-08 0.00213447 0.0728259 0.000190498 
1.3123e-06 0.000181933 0.011686 0.00994421 4.37621e-05 0.000170076 2.54799e-05 0.00243768 0.000422288 0.0131515 0.000940776 4.65364e-06 9.44892e-05 0.00364799 0.00578198 0.0171978 0.00235327 0.00904668 0.696483 0.0339413 0.0919504 9.89243e-06 0.00110452 0.000235315 0.00353646 0.00229134 5.01098e-05 0.00473133 0.0885318 2.51746e-06 
1.12446e-08 7.55659e-06 0.0208554 0.00215604 0.000511463 0.000777425 9.69071e-06 0.00232528 0.000681509 0.146286 0.00296522 7.94859e-06 2.95735e-05 0.0112799 0.00158295 0.0422067 0.0129362 0.044747 0.29179 0.00528433 0.219474 8.67552e-06 0.00187823 0.0791721 0.000418095 0.00159579 0.000135942 0.00586282 0.104722 0.000290747 
1.11905e-11 1.32564e-11 0.0039443 0.236275 3.34451e-08 2.47956e-07 0.000675529 8.6375e-08 0.000560433 0.0924319 6.91314e-05 0.000372018 5.34247e-08 0.000482486 1.88967e-05 0.00277697 0.0331121 0.0167665 0.467958 0.00602981 0.0124487 8.03469e-08 0.00187854 0.00113016 8.44057e-05 6.30727e-08 6.83e-06 0.0821931 0.0407842 1.15526e-11 
7.81739e-09 2.4583e-12 0.00113281 0.0303025 0.000124722 4.03385e-05 0.000263988 0.000129604 0.00232681 0.034995 0.00106787 2.59713e-06 2.3153e-08 0.0001776 0.000219638 0.00470177 0.00260987 0.00868689 0.808943 0.0142105 0.0054599 3.1819e-06 0.0320052 0.000658683 0.000144801 0.000139974 4.59971e-05 0.00488365 0.0467214 1.67363e-06 
6.38415e-12 6.64666e-06 0.0036476 0.00135264 4.39288e-08 8.32984e-05 0.000289429 0.000260678 0.0005249 0.0110266 0.000721752 1.21597e-06 2.64163e-10 0.0165428 0.000137087 0.00516956 0.0195696 0.00040522 0.518025 0.390995 0.00797077 8.64678e-06 0.000184556 0.000481946 0.0107499 0.000251178 1.11431e-05 0.00322934 0.00835257 1.20786e-06 
5.99917e-07 1.3983e-06 0.00900633 0.196424 3.30255e-08 0.00016472 0.000119638 0.00112058 6.96889e-05 0.0836868 0.00810986 2.39287e-05 0.00141056 0.00258372 1.67662e-05 0.00899189 0.00774211 0.114631 0.229799 0.0129643 0.174583 1.30646e-05 0.000154591 0.000851123 0.000628578 0.00536564 4.11186e-05 0.00314004 0.138347 1.03964e-05 
2.38084e-07 9.45609e-05 0.0257541 0.0348373 0.00137769 0.00145345 0.000431745 0.00258301 0.00153903 0.0567577 0.0211848 8.00849e-05 0.0188204 0.0168089 0.00129869 0.049149 0.00639179 0.0543019 0.338637 0.1302 0.0986803 0.000216274 0.00502991 0.00524439 0.0035953 0.0224277 0.000225431 0.00354689 0.09933 2.35986e-06 
6.22213e-11 7.37078e-11 0.0147185 1.12273e-11 7.91214e-08 3.5861e-05 5.58807e-05 0.00127939 0.00242502 0.0017839 0.0110584 1.38931e-08 8.2703e-11 0.0144299 1.36485e-11 0.0397237 0.0209077 0.0380636 0.380358 0.346792 0.00960248 1.15908e-07 0.00160538 0.015859 0.00092005 0.00764769 0.00114136 0.0206332 0.0709583 5.24404e-09 
0.000103868 0.00108898 0.019654 0.0595992 0.00169565 0.000652678 0.000477644 0.00172365 0.00148201 0.0539912 0.0043844 5.11996e-05 0.00842897 0.0240399 0.00736217 0.0114635 0.0167733 0.0288825 0.236098 0.0560694 0.196314 7.67796e-05 0.005215 0.00041211 0.0888493 0.0453913 0.000197947 0.0101264 0.113908 0.00548669 
5.05989e-06 1.41456e-09 0.0234909 0.00189468 1.78558e-06 0.00101676 0.000369299 0.00306057 2.94662e-05 0.106657 0.0308566 2.91574e-06 1.58719e-09 0.00162082 4.357e-05 0.00202108 1.02681e-06 0.139144 0.308257 0.0261212 0.283025 4.79475e-08 0.00165261 5.98688e-05 0.0106748 0.0061065 0.0114539 0.0331668 0.00926589 1.24275e-06 
1.54152e-07 1.6487e-07 0.00431461 0.0347198 0.000103601 8.75109e-05 9.2036e-05 4.52084e-05 0.000778423 0.103646 0.00822429 5.06476e-05 4.56186e-07 0.00206595 0.00317476 0.00885182 0.00191532 0.117389 0.532932 0.0128183 0.0116125 2.26681e-05 0.0104013 0.00247419 0.000113746 0.00318247 8.1477e-05 0.00304036 0.137853 8.17075e-06 
1.16757e-06 0.00193745 0.0333322 0.00968576 0.00552744 0.00153173 0.00855564 0.00332878 0.00605316 0.111412 0.00622995 1.31878e-05 0.00109707 0.0136255 0.0027738 0.0280883 0.0159022 0.0277881 0.4729 0.0140019 0.0653688 0.037538 0.00966769 0.00106558 0.00234346 0.00806332 0.000247308 0.0767922 0.0348046 0.000323634 
3.30147e-06 0.000941093 0.0119235 0.289194 2.5229e-05 0.00030357 3.67516e-05 0.000114198 0.000135085 0.0330103 0.00393296 4.80867e-06 0.0347326 0.0049676 0.0327802 0.0125677 0.00575991 0.00586028 0.342644 0.00641893 0.0640958 2.86746e-05 0.00231066 0.000172963 0.00170925 0.00066379 8.06218e-05 0.00420386 0.141297 8.12404e-05 
1.4118e-11 1.67242e-11 0.000127237 0.00121402 1.65851e-11 0.000697479 2.46997e-06 2.35345e-09 0.000106221 0.00414234 0.000188233 9.93435e-05 3.50923e-05 0.000213771 1.38393e-05 0.000744075 0.000861076 0.00521712 0.983684 1.38018e-05 0.00205904 1.68011e-09 4.28247e-05 2.39497e-05 1.16285e-08 7.30521e-05 1.86153e-05 0.000363733 4.63242e-05 1.24994e-05 
3.97807e-09 3.04086e-06 0.187425 0.0016499 7.77283e-06 3.37668e-09 7.1237e-10 0.00192308 6.33417e-05 0.0045721 0.0026063 6.92967e-07 7.25522e-06 0.000396344 0.00205978 0.00443975 0.000360076 0.0961969 0.582751 0.00120511 0.0611384 9.53602e-07 8.64299e-07 2.39034e-06 0.0379028 0.0112862 1.78126e-05 0.00319984 0.000782816 4.10677e-09 
8.1335e-07 0.00107389 0.0250862 0.0127056 0.000690435 0.000983251 0.00398384 0.00457633 0.00193687 0.0592937 0.00285038 5.72742e-06 3.82275e-06 0.0404442 0.0155935 0.0636793 0.0446507 0.175147 0.267093 0.0127489 0.0969979 8.2493e-05 0.0401891 0.0308922 9.83682e-05 0.00151839 2.86464e-05 0.00641979 0.0905928 0.000632955 
1.3123e-06 0.000181933 0.011686 0.00994421 4.37621e-05 0.000170076 2.54799e-05 0.00243768 0.000422288 0.0131515 0.000940776 4.65364e-06 9.44892e-05 0.00364799 0.00578198 0.0171978 0.00235327 0.00904668 0.696483 0.0339413 0.0919504 9.89243e-06 0.00110452 0.000235315 0.00353646 0.00229134 5.01098e-05 0.00473133 0.0885318 2.51746e-06 
1.11396e-11 0.000142531 0.00409708 0.00113027 1.30863e-11 3.37452e-09 0.000122415 0.000949541 0.0444416 0.0399191 0.000768402 1.54588e-06 3.64638e-08 0.0461736 0.000873985 0.0191686 0.00586981 0.00958843 0.498407 0.0110486 0.155761 2.31612e-06 0.000235942 0.0013233 0.000274974 0.000171911 2.50076e-05 0.0202213 0.138208 0.00107277 
2.9219e-06 0.00182146 0.0167129 0.105202 0.000528277 0.00133501 0.00294295 0.00179829 0.00258653 0.022657 0.00336095 3.76527e-06 0.0051566 0.00597267 0.00603365 0.0452571 0.00864397 0.0285537 0.370414 0.213541 0.0480505 0.00101166 0.00368347 0.0132537 0.00305833 0.00256837 6.82802e-05 0.0162244 0.0695316 2.50556e-05 
2.77096e-12 8.22842e-09 0.00436897 0.00173006 0.00038301 0.00446974 6.91523e-06 0.00217763 0.0114265 0.131899 0.00279484 1.81077e-06 3.68309e-12 0.00403569 4.29589e-06 0.00883461 0.00236879 0.0305147 0.394357 0.00557902 0.249443 5.20385e-09 0.000573307 9.16492e-05 0.000643612 0.00132747 0.000349614 0.000319194 0.142198 0.000102832 
2.24833e-06 0.000311862 0.0128703 0.00849332 1.16591e-05 5.05486e-05 1.37987e-05 0.00170386 0.000179189 0.0131707 0.000700487 4.04835e-06 0.000161962 0.00200599 0.00445149 0.0171317 0.00049283 0.00788895 0.755556 0.020029 0.0897788 7.28273e-06 0.000197952 3.37572e-05 0.00291484 0.0033318 3.95985e-05 0.00502827 0.0534339 4.3141e-06 
6.6019e-05 0.00142009 0.0448498 0.0156341 0.00322304 0.00216476 0.00191634 0.0154926 0.00153162 0.132266 0.0102579 1.96731e-05 0.000803583 0.0290223 0.0118217 0.0616411 0.014641 0.0795779 0.177242 0.0381758 0.0710391 0.0182007 0.0154667 0.0033006 0.00485726 0.00974274 0.000220951 0.0917328 0.140002 0.0036705 
1.05104e-06 0.000145571 0.0138797 0.0722533 2.39912e-05 0.000241167 2.21546e-05 0.00203727 0.000208903 0.0284679 0.0174265 7.04651e-06 0.00617689 0.00443503 0.00541108 0.0183001 0.000886854 0.0135061 0.554497 0.0445387 0.165049 5.68613e-06 0.000998488 0.000257959 0.00150556 0.00667171 2.56702e-05 0.00359086 0.0394234 4.86425e-06 
8.60779e-07 0.0144543 0.044424 0.103226 9.15549e-05 0.000663225 0.00119273 0.00109351 0.000276542 0.0606207 0.0188728 4.54493e-06 0.00305146 0.0231231 0.0168612 0.0136845 0.0253908 0.0170207 0.327091 0.0563235 0.120624 6.00807e-05 0.00261951 0.000281433 0.00130091 0.00770477 6.40948e-05 0.0400201 0.0998418 1.64904e-05 
8.79522e-09 2.9508e-05 0.0688958 0.0465371 4.13494e-05 0.000105838 9.57683e-05 0.00453031 0.00161195 0.197229 0.0175304 2.64511e-05 7.9636e-06 0.00709279 0.00789084 0.0175193 0.0107824 0.0375746 0.23436 0.0500668 0.0945285 1.08564e-05 0.00663643 0.000343293 0.00493255 0.00445467 0.0207344 0.00910771 0.156913 0.000409613 
1.31414e-10 7.88951e-06 0.043178 0.0121829 0.000255603 1.11547e-10 2.13515e-05 0.000722789 0.000277451 0.0434026 0.000577647 8.78517e-06 3.45087e-09 0.00406667 2.60149e-08 0.0140487 0.0033558 0.161143 0.375264 0.0274014 0.0566217 1.43511e-10 0.0001082 0.001453 2.66057e-05 0.00587874 0.000196728 0.00481876 0.244981 3.68887e-08 
3.47068e-07 0.011342 0.0318358 0.0437862 0.00175266 0.000595396 0.000138739 0.0196521 0.00274554 0.0798869 0.0224759 3.65456e-05 0.00120128 0.0986712 0.0158186 0.061594 0.0308817 0.0511253 0.27596 0.0146763 0.0908886 1.68861e-05 0.00840315 0.00547922 0.000269587 0.0157054 0.000263208 0.00821206 0.106179 0.000406483 
1.33786e-11 1.11109e-08 0.00366391 0.154834 2.98804e-08 0.00135088 2.84688e-05 0.000113613 0.000256729 0.0359402 0.000679233 5.3427e-06 2.55754e-06 0.0035635 2.66163e-08 0.0026878 0.00791918 0.0027841 0.563361 0.028008 0.112795 5.43873e-05 7.10765e-05 0.000433391 0.00262548 0.00531865 0.000711332 0.000701668 0.072091 1.77733e-08 
2.93151e-10 1.53232e-08 0.11595 0.00386922 6.32009e-05 0.0022416 0.000148798 0.00888788 0.00384703 0.0629138 0.0466373 0.0498942 5.8108e-06 0.00426804 0.00894886 0.0536528 0.00412108 0.101958 0.331462 0.00746566 0.116624 0.000100718 0.0137598 0.000668097 0.000767995 0.00728565 0.00103 0.0350461 0.0183619 2.08875e-05 
8.96491e-09 2.61883e-12 0.000918568 0.0316952 0.000100362 9.9612e-07 0.000140624 8.91767e-05 0.00101455 0.0407668 0.00132443 3.46208e-06 2.65519e-08 0.000226492 0.000193934 0.00271047 0.00240175 0.00789 0.831921 0.011821 0.00499101 8.01566e-09 0.00719989 0.000561409 0.000161048 0.000186628 3.94102e-05 0.00266184 0.0509778 2.23079e-06 
2.54623e-06 0.000802823 0.0114294 0.0965954 5.50891e-05 0.000574564 0.000139201 0.000939884 4.49837e-05 0.0200947 0.00358613 1.91118e-05 0.0101735 0.00179577 0.000825915 0.0120115 0.00266539 0.00965309 0.526968 0.0224089 0.143402 9.20056e-05 0.000485017 0.000111845 0.00264443 0.0193057 0.000135549 0.00521031 0.10782 7.37284e-06 
2.27244e-07 0.00143551 0.0432602 0.0126254 0.00952702 0.00142843 1.07383e-05 0.00249537 0.0196627 0.0552626 0.0773253 7.49741e-06 1.95715e-07 0.00369304 0.00191459 0.0166854 0.0021053 0.0321905 0.322776 0.00567249 0.0660221 5.44327e-06 0.0276871 0.000429118 0.000262503 0.00438147 0.00267489 0.00121903 0.289184 5.66398e-05 
4.27749e-11 5.06714e-11 8.26134e-07 0.042373 0.00141205 1.97522e-06 0.000925252 6.88065e-07 5.94008e-06 0.0420037 1.29927e-07 4.10765e-11 5.68553e-11 0.000236554 2.54285e-07 0.00663511 0.0630178 0.131637 0.413163 0.0427678 1.19521e-06 6.40007e-07 0.129124 0.00602178 2.32461e-07 1.66123e-11 6.23194e-07 0.0744301 0.04624 4.41588e-11 
1.74492e-06 0.000866633 0.0082626 0.0392844 0.000249474 0.000222098 4.3726e-05 0.000858106 0.000192938 0.00703107 0.0157272 3.60207e-05 0.000179913 0.0102961 0.00487229 0.00579292 0.00620042 0.0207204 0.720877 0.0335223 0.0630928 3.37793e-05 0.00025928 0.000189313 0.00211107 0.00237927 1.65861e-05 0.0161592 0.0402712 0.000250011 
1.22926e-06 0.0020735 0.00673687 0.271731 9.53651e-06 0.000228834 3.00005e-05 0.000546273 0.0014621 0.0126033 0.00980115 1.80255e-06 0.0139097 0.00381431 0.0321998 0.0280972 0.00745186 0.0102643 0.298886 0.0426831 0.0365277 1.08858e-05 0.00542538 0.178466 0.000652133 0.00236277 3.0713e-05 0.00160478 0.0323558 3.11014e-05 
1.4118e-11 1.67242e-11 0.000127237 0.00121402 1.65851e-11 0.000697479 2.46997e-06 2.35345e-09 0.000106221 0.00414234 0.000188233 9.93435e-05 3.50923e-05 0.000213771 1.38393e-05 0.000744075 0.000861076 0.00521712 0.983684 1.38018e-05 0.00205904 1.68011e-09 4.28247e-05 2.39497e-05 1.16285e-08 7.30521e-05 1.86153e-05 0.000363733 4.63242e-05 1.24994e-05 
3.147e-06 0.000436596 0.0145526 0.00815958 1.63213e-05 7.07658e-05 1.03782e-05 0.00186605 0.000171646 0.01266 0.000892172 4.85353e-06 0.000223639 0.00280838 0.00623207 0.0177505 0.000689958 0.0090448 0.753006 0.00952317 0.101735 1.01947e-05 0.000200313 4.72581e-05 0.00354257 0.00358306 3.48205e-05 0.00555354 0.0471646 6.03901e-06 
1.611e-08 0.000290376 0.0279298 0.140467 8.00306e-06 0.00296795 7.22406e-06 0.00267062 0.000204667 0.00935512 0.00771762 1.25467e-05 0.0826337 0.0328277 0.000268654 0.00143067 0.066087 0.00509169 0.552125 0.00383791 0.0222048 1.61089e-05 0.000764686 0.000213599 0.000483709 0.0243673 7.37593e-05 0.000447599 0.0154939 9.96285e-07 
1.39046e-05 0.000743741 0.0118188 0.0180651 1.97322e-05 0.000687977 3.91221e-05 0.00206174 0.000256782 0.0621269 0.00375231 3.43533e-05 1.22842e-05 0.00489022 0.00146432 0.0125504 0.00208781 0.0163412 0.732128 0.00740026 0.0514234 1.00862e-05 0.000270288 0.000220743 0.0046966 0.00650308 1.50848e-05 0.00621236 0.0535306 0.000622602 
1.11396e-11 0.000142531 0.00409708 0.00113027 1.30863e-11 3.37452e-09 0.000122415 0.000949541 0.0444416 0.0399191 0.000768402 1.54588e-06 3.64638e-08 0.0461736 0.000873985 0.0191686 0.00586981 0.00958843 0.498407 0.0110486 0.155761 2.31612e-06 0.000235942 0.0013233 0.000274974 0.000171911 2.50076e-05 0.0202213 0.138208 0.00107277 
1.4118e-11 1.67242e-11 0.000127237 0.00121402 1.65851e-11 0.000697479 2.46997e-06 2.35345e-09 0.000106221 0.00414234 0.000188233 9.93435e-05 3.50923e-05 0.000213771 1.38393e-05 0.000744075 0.000861076 0.00521712 0.983684 1.38018e-05 0.00205904 1.68011e-09 4.28247e-05 2.39497e-05 1.16285e-08 7.30521e-05 1.86153e-05 0.000363733 4.63242e-05 1.24994e-05 
3.33501e-06 3.47182e-06 0.00690631 0.0308845 9.7694e-06 0.000101081 0.0359614 0.00236221 0.0031799 0.0532493 0.000478598 0.000332219 4.95407e-06 0.0355101 0.0181545 0.0784086 0.182898 0.0146138 0.326279 0.00732887 0.0846662 0.00013678 0.0352839 0.00153398 0.000578123 0.0148628 0.000642622 0.0114902 0.0538387 0.000297505 
2.9576e-05 9.59413e-07 0.00484919 0.0207588 0.000458703 0.178542 0.000581221 0.000220118 0.000405444 0.00382351 0.0102991 0.0479846 4.93056e-05 0.0263151 7.7765e-05 0.0110903 0.0471757 0.0126322 0.545614 0.016575 0.00573801 0.000174317 0.000857434 0.00202744 5.95605e-05 0.00753969 9.99447e-05 0.0545487 0.00118162 0.000291069 
7.84781e-08 0.0018937 0.00754192 0.00527502 2.88287e-05 0.000179686 0.0282466 0.000449561 0.00755349 0.0218818 0.000904603 2.77643e-06 0.000116482 0.00201448 0.00292979 0.00585857 0.00649577 0.00683756 0.65672 0.0297484 0.00656161 5.81691e-06 0.00189174 0.01723 0.000844697 0.000260874 3.7845e-05 0.00358661 0.184844 5.78155e-05 
3.147e-06 0.000436596 0.0145526 0.00815958 1.63213e-05 7.07658e-05 1.03782e-05 0.00186605 0.000171646 0.01266 0.000892172 4.85353e-06 0.000223639 0.00280838 0.00623207 0.0177505 0.000689958 0.0090448 0.753006 0.00952317 0.101735 1.01947e-05 0.000200313 4.72581e-05 0.00354257 0.00358306 3.48205e-05 0.00555354 0.0471646 6.03901e-06 
9.76569e-08 9.93674e-08 0.000536119 0.0508164 5.93473e-05 7.07448e-05 9.83017e-05 5.21528e-05 0.000592478 0.0237821 0.00442932 2.07184e-06 2.89176e-07 0.000681529 0.000358539 0.00721293 0.00529523 0.0122459 0.77895 0.0318109 0.00291193 5.88826e-08 0.00509345 0.0434796 9.423e-05 0.000109132 2.31988e-05 0.00155336 0.0297393 1.35104e-06 
6.13492e-08 1.19283e-07 0.00489508 0.0312588 0.000192314 6.72083e-07 3.13221e-05 0.000889119 0.00115136 0.0120695 0.0090612 1.78285e-05 6.84799e-09 0.000429224 0.00128166 0.0116554 0.000198622 0.00156126 0.634139 0.0412063 0.0908805 5.92007e-06 0.000650298 0.00123456 0.120084 0.00279902 0.00208107 0.00173019 0.030493 2.64953e-06 
3.16492e-08 7.66745e-05 0.00909673 0.218773 7.2362e-08 1.8087e-10 2.90895e-08 0.000414217 1.73015e-05 0.0116005 0.00305114 0.000134102 2.26151e-06 0.259883 0.00545169 0.0161718 0.0591867 0.00249837 0.340268 0.00789094 0.0479767 2.32698e-10 0.000666518 0.00235159 0.000355828 3.06197e-05 0.000181725 0.00635651 0.00756341 2.19977e-10 
2.18986e-10 8.19419e-06 0.000674148 0.0624065 1.76646e-06 0.000590788 2.7591e-05 4.1041e-05 0.00194693 0.0182341 0.00299881 6.12544e-06 1.00066e-05 5.77276e-05 0.00935712 0.002179 0.000422893 0.00374339 0.756817 0.0322737 0.0133214 1.53949e-06 0.00422703 0.000206853 0.000774175 0.000964966 5.64549e-05 0.000288222 0.0883574 5.22159e-06 
2.16679e-06 0.0408497 0.016531 0.0442487 1.16032e-05 5.92541e-06 4.44843e-06 0.00121573 0.000156599 0.00742467 0.00661383 2.68253e-06 0.000388861 0.00439835 0.0167758 0.0309154 0.000594669 0.00350726 0.620736 0.0306888 0.150045 5.25928e-06 0.00103581 4.90537e-06 0.00135289 0.00404231 2.99242e-05 0.00629984 0.0121079 3.85231e-06 
1.11396e-11 0.000142531 0.00409708 0.00113027 1.30863e-11 3.37452e-09 0.000122415 0.000949541 0.0444416 0.0399191 0.000768402 1.54588e-06 3.64638e-08 0.0461736 0.000873985 0.0191686 0.00586981 0.00958843 0.498407 0.0110486 0.155761 2.31612e-06 0.000235942 0.0013233 0.000274974 0.000171911 2.50076e-05 0.0202213 0.138208 0.00107277 
5.55798e-05 0.000237558 0.0106229 0.00650075 9.78209e-05 0.00133991 9.79773e-05 0.00169149 0.00287355 0.0433807 0.00459169 3.06278e-06 2.30424e-05 0.00344297 0.00824924 0.0185443 0.00281535 0.0263588 0.346132 0.133831 0.115047 2.36981e-05 0.00162017 0.000397759 0.00264306 0.00284071 0.000149241 0.00321642 0.263121 5.09515e-05 
1.22441e-06 7.57227e-05 0.00390032 0.00840042 7.70094e-05 0.000387081 0.000585082 0.00107126 0.004134 0.0645002 0.00296719 4.87029e-06 6.24814e-05 0.0113414 0.0108953 0.0162815 0.0219229 0.0248822 0.445052 0.128136 0.0327923 8.88433e-06 0.00568643 0.00804254 0.00265997 0.00110309 0.000160791 0.0419573 0.162902 8.66941e-06 
0.00292811 0.000259694 0.157998 0.0700304 0.00742076 0.00121947 0.000112085 0.0405898 0.00181086 0.0171829 0.0133437 3.05066e-06 0.000549864 0.0242303 0.00107389 0.0235134 0.00606015 0.0115447 0.258825 0.0402956 0.0389963 8.42142e-05 0.00409055 0.000171964 0.207196 0.000864884 2.35004e-05 0.0170842 0.0524119 8.40282e-05 
5.5238e-12 9.13097e-05 0.0854797 0.0515325 0.000249592 0.000630725 0.0838197 0.00322906 0.00377108 0.0759457 0.00538739 8.51984e-05 0.000133129 0.00178873 0.00296863 0.0530044 0.00507821 0.0369501 0.224835 0.0320692 0.177081 3.81276e-05 0.0272564 0.000753115 0.000285186 0.00445148 0.000311492 0.0510119 0.0543052 0.0174558 
3.147e-06 0.000436596 0.0145526 0.00815958 1.63213e-05 7.07658e-05 1.03782e-05 0.00186605 0.000171646 0.01266 0.000892172 4.85353e-06 0.000223639 0.00280838 0.00623207 0.0177505 0.000689958 0.0090448 0.753006 0.00952317 0.101735 1.01947e-05 0.000200313 4.72581e-05 0.00354257 0.00358306 3.48205e-05 0.00555354 0.0471646 6.03901e-06 
3.16492e-08 7.66745e-05 0.00909673 0.218773 7.2362e-08 1.8087e-10 2.90895e-08 0.000414217 1.73015e-05 0.0116005 0.00305114 0.000134102 2.26151e-06 0.259883 0.00545169 0.0161718 0.0591867 0.00249837 0.340268 0.00789094 0.0479767 2.32698e-10 0.000666518 0.00235159 0.000355828 3.06197e-05 0.000181725 0.00635651 0.00756341 2.19977e-10 
6.95573e-10 8.2398e-10 0.013705 0.027313 8.17126e-10 2.95903e-07 0.0530151 0.000419404 6.96533e-05 0.0796031 0.0177929 5.08699e-06 9.24538e-10 7.20396e-05 3.66707e-05 0.00573066 0.000530743 0.00813679 0.538768 0.0136283 0.120654 3.94993e-05 0.000202893 0.00102149 0.000264352 0.00479693 0.000181197 0.0773425 0.0366546 1.6358e-05 
6.51295e-08 1.71874e-08 0.00141756 0.126056 3.9512e-06 0.00232741 8.07748e-05 0.000148299 0.00489659 0.132126 0.0119046 0.00254197 8.00555e-06 0.0608697 0.0610915 0.0569405 0.155533 0.0557769 0.176439 0.0199116 0.0065357 3.27662e-05 0.00695948 0.00354461 7.73089e-05 0.0836673 0.000183106 0.00748595 0.00236813 0.0210727 
5.57103e-06 0.000119115 0.0139884 0.0223766 2.26083e-05 0.00016006 0.00537138 0.00546248 0.000462787 0.0207597 0.00330858 2.67177e-05 0.000158365 0.0201357 0.00412412 0.0311574 0.00297646 0.0378523 0.525565 0.0332823 0.0943381 0.000102397 0.00961963 0.00129525 0.0024285 0.0302245 3.30865e-05 0.00497767 0.129628 3.70184e-05 
2.04263e-07 0.00022814 0.0069241 0.00431801 0.0635303 0.00231473 8.35489e-05 0.0343593 0.0227345 0.0632263 0.0116874 1.80097e-06 4.8133e-06 0.00442211 0.0035803 0.0469694 0.00395573 0.0450342 0.23816 0.0046066 0.158551 2.12572e-06 0.0339474 0.00110092 0.000371421 0.00315905 0.00216928 0.00686096 0.23766 3.68644e-05 
5.05989e-06 1.41456e-09 0.0234909 0.00189468 1.78558e-06 0.00101676 0.000369299 0.00306057 2.94662e-05 0.106657 0.0308566 2.91574e-06 1.58719e-09 0.00162082 4.357e-05 0.00202108 1.02681e-06 0.139144 0.308257 0.0261212 0.283025 4.79475e-08 0.00165261 5.98688e-05 0.0106748 0.0061065 0.0114539 0.0331668 0.00926589 1.24275e-06 
6.04993e-09 1.24822e-11 0.00723881 0.0232146 1.39809e-05 0.000544324 0.000287992 0.0365966 0.00373742 0.0289106 0.00104664 1.26023e-06 1.58533e-05 0.00181357 0.00100679 0.150278 0.0148069 0.00776407 0.377624 0.0492951 0.0285313 0.000108189 0.00104585 0.00124667 0.00102238 0.00505266 0.00185361 0.0408718 0.216031 3.97875e-05 
1.11396e-11 0.000142531 0.00409708 0.00113027 1.30863e-11 3.37452e-09 0.000122415 0.000949541 0.0444416 0.0399191 0.000768402 1.54588e-06 3.64638e-08 0.0461736 0.000873985 0.0191686 0.00586981 0.00958843 0.498407 0.0110486 0.155761 2.31612e-06 0.000235942 0.0013233 0.000274974 0.000171911 2.50076e-05 0.0202213 0.138208 0.00107277 
5.35311e-11 1.69879e-05 0.00353681 0.01025 9.14736e-06 0.00374721 0.00212953 4.47718e-05 0.0033262 0.0533814 0.00306156 0.000110772 3.36359e-05 0.00705497 0.0024276 0.0110793 0.0143627 0.0279844 0.774774 0.00212135 0.0295029 0.000139854 0.0013641 0.000573273 5.98931e-06 0.000800677 7.09436e-05 0.040951 0.00709232 4.61953e-05 
0.000344708 3.0997e-05 0.0073574 0.0573923 0.000259978 9.26845e-05 6.21112e-05 0.00619148 0.00332771 0.0923544 0.0140389 2.7366e-07 1.25609e-05 0.0843619 0.00547201 0.0523393 0.0417247 0.0516115 0.370461 0.0133755 0.0209031 6.22469e-05 0.00278343 0.00663966 0.00655368 0.00171157 5.96739e-05 0.0234523 0.13625 0.000772525 
8.96491e-09 2.61883e-12 0.000918568 0.0316952 0.000100362 9.9612e-07 0.000140624 8.91767e-05 0.00101455 0.0407668 0.00132443 3.46208e-06 2.65519e-08 0.000226492 0.000193934 0.00271047 0.00240175 0.00789 0.831921 0.011821 0.00499101 8.01566e-09 0.00719989 0.000561409 0.000161048 0.000186628 3.94102e-05 0.00266184 0.0509778 2.23079e-06 
1.7231e-12 2.04119e-12 0.00167881 0.0101576 2.02421e-12 3.17133e-10 1.57883e-05 3.54708e-06 0.000124482 0.0218084 0.000611058 9.91424e-07 2.26631e-10 0.00132034 1.77689e-05 0.00273661 0.0012685 0.00292553 0.814584 0.0207233 0.0384029 1.12631e-09 5.11085e-05 1.05108e-08 0.000748806 0.000137875 6.27103e-05 0.00273003 0.0798898 6.91238e-09 
6.04993e-09 1.24822e-11 0.00723881 0.0232146 1.39809e-05 0.000544324 0.000287992 0.0365966 0.00373742 0.0289106 0.00104664 1.26023e-06 1.58533e-05 0.00181357 0.00100679 0.150278 0.0148069 0.00776407 0.377624 0.0492951 0.0285313 0.000108189 0.00104585 0.00124667 0.00102238 0.00505266 0.00185361 0.0408718 0.216031 3.97875e-05 
1.01693e-07 5.17945e-07 0.00508416 0.0173665 2.09244e-05 1.04976e-06 8.14268e-07 0.00112031 0.000333289 0.0154836 0.00922891 6.04237e-06 2.30833e-08 0.000486085 0.000277379 0.0026171 7.22493e-05 0.00311037 0.811664 0.00872008 0.106678 8.91646e-06 0.000148334 3.39307e-08 0.00715628 0.00193476 3.1954e-05 0.00111047 0.00733396 3.98846e-06 
3.97807e-09 3.04086e-06 0.187425 0.0016499 7.77283e-06 3.37668e-09 7.1237e-10 0.00192308 6.33417e-05 0.0045721 0.0026063 6.92967e-07 7.25522e-06 0.000396344 0.00205978 0.00443975 0.000360076 0.0961969 0.582751 0.00120511 0.0611384 9.53602e-07 8.64299e-07 2.39034e-06 0.0379028 0.0112862 1.78126e-05 0.00319984 0.000782816 4.10677e-09 
2.77096e-12 8.22842e-09 0.00436897 0.00173006 0.00038301 0.00446974 6.91523e-06 0.00217763 0.0114265 0.131899 0.00279484 1.81077e-06 3.68309e-12 0.00403569 4.29589e-06 0.00883461 0.00236879 0.0305147 0.394357 0.00557902 0.249443 5.20385e-09 0.000573307 9.16492e-05 0.000643612 0.00132747 0.000349614 0.000319194 0.142198 0.000102832 
3.16492e-08 7.66745e-05 0.00909673 0.218773 7.2362e-08 1.8087e-10 2.90895e-08 0.000414217 1.73015e-05 0.0116005 0.00305114 0.000134102 2.26151e-06 0.259883 0.00545169 0.0161718 0.0591867 0.00249837 0.340268 0.00789094 0.0479767 2.32698e-10 0.000666518 0.00235159 0.000355828 3.06197e-05 0.000181725 0.00635651 0.00756341 2.19977e-10 
1.4118e-11 1.67242e-11 0.000127237 0.00121402 1.65851e-11 0.000697479 2.46997e-06 2.35345e-09 0.000106221 0.00414234 0.000188233 9.93435e-05 3.50923e-05 0.000213771 1.38393e-05 0.000744075 0.000861076 0.00521712 0.983684 1.38018e-05 0.00205904 1.68011e-09 4.28247e-05 2.39497e-05 1.16285e-08 7.30521e-05 1.86153e-05 0.000363733 4.63242e-05 1.24994e-05 
7.04548e-12 7.41522e-06 0.0109462 0.0652513 5.61528e-05 0.00220334 0.0013586 0.00153638 0.00280956 0.163313 0.0237809 7.01405e-05 0.000100877 0.0155772 0.00624088 0.0295296 0.0253582 0.0358341 0.189229 0.176275 0.0531759 0.000178104 0.0038659 0.00137636 0.00647305 0.00212434 0.000563423 0.0454365 0.137288 4.11356e-05 
2.35874e-08 3.59125e-05 0.00942564 0.0183854 0.000332636 0.000664127 0.000457217 0.00215604 0.000673681 0.0282411 0.00402338 1.53806e-05 1.8802e-06 0.0131116 0.00105051 0.0190688 0.00949802 0.02407 0.397422 0.221851 0.0716249 4.45044e-05 0.00526007 0.00199428 0.0355781 0.00469629 0.000530377 0.00974448 0.119639 0.000403851 
4.91741e-10 3.3053e-07 0.0085381 0.017484 1.58876e-07 0.00414967 0.000500032 0.00518704 0.00354454 0.021098 0.0111248 2.87154e-06 6.5361e-10 0.0336979 0.00138958 0.0678797 0.0311011 0.00610236 0.650559 0.0306575 0.0126429 1.44494e-07 0.000704163 0.00441154 0.00512421 7.16772e-05 7.09652e-08 0.0229327 0.0610953 4.02676e-07 
4.52522e-08 5.36061e-08 0.00763213 0.00518619 3.24604e-05 6.0067e-05 0.000291494 0.0011674 0.00399473 0.00262336 0.00101948 1.25067e-05 8.83669e-05 0.0507041 4.70709e-08 0.217849 0.210953 0.0370239 0.410435 4.09971e-05 0.0055909 0.0192292 0.0100962 0.00248382 8.5864e-05 5.11123e-05 0.00139753 3.51632e-06 0.0119476 8.49932e-07 
2.9576e-05 9.59413e-07 0.00484919 0.0207588 0.000458703 0.178542 0.000581221 0.000220118 0.000405444 0.00382351 0.0102991 0.0479846 4.93056e-05 0.0263151 7.7765e-05 0.0110903 0.0471757 0.0126322 0.545614 0.016575 0.00573801 0.000174317 0.000857434 0.00202744 5.95605e-05 0.00753969 9.99447e-05 0.0545487 0.00118162 0.000291069 
0.000146478 0.000303489 0.0169564 0.0678358 0.00255409 0.0145321 0.000229204 0.00409836 0.00178668 0.0844691 0.0232986 5.28652e-06 0.0010298 0.0483699 0.0059555 0.0283346 0.0291971 0.0213661 0.41307 0.0431958 0.090741 1.24539e-05 0.0117128 0.00257841 0.0195403 0.00155513 0.000100138 0.0175876 0.0494201 1.82318e-05 
4.65881e-06 0.00581634 0.0135926 0.180632 1.82439e-05 0.000102301 6.69678e-05 0.000420085 7.32417e-05 0.0410676 0.00325163 2.64907e-06 0.0166337 0.0044128 0.00579148 0.0123644 0.0107049 0.011255 0.473948 0.0267066 0.0994827 1.36146e-05 0.000479439 0.000496596 0.00357549 0.00397173 2.36574e-05 0.00420122 0.0808798 1.01706e-05 
