2.10821e-10 2.4974e-10 0.0037908 4.00745e-06 2.98495e-06 9.6766e-06 6.63023e-07 0.000402547 0.000373348 0.0498371 0.0578526 2.46893e-05 2.80218e-10 0.00123674 4.62446e-11 0.00651154 0.0166907 0.190475 0.00777662 0.501376 0.0512348 2.88635e-05 0.000539746 0.00966184 2.34141e-06 0.00843368 0.000115113 0.0116846 0.0819332 2.17642e-10 
0.000109451 0.00852857 0.0122813 0.0344803 0.000322996 0.000189309 0.00442082 0.00440474 0.00188567 0.0675821 0.00372411 1.11641e-05 0.000109699 0.0491563 0.00690697 0.0328135 0.0452299 0.050211 0.15178 0.291094 0.0868068 0.000206489 0.00258395 0.00585663 0.0403836 0.00120519 5.09331e-05 0.0122893 0.0849005 0.000474383 
6.96294e-12 0.000592686 0.021154 0.0184254 1.07413e-05 0.000692502 3.1451e-05 8.32187e-05 0.000199509 0.199953 0.012761 8.45387e-07 2.24159e-08 0.000627001 0.00257631 0.00900024 0.00024803 0.0734217 0.00486293 0.250355 0.160885 6.24129e-05 0.000832546 0.000671471 4.58351e-05 0.00107842 0.000138669 0.0174263 0.223861 2.33281e-06 
2.46742e-06 0.0252928 0.0725693 0.0225309 0.00013118 0.000262427 0.000669996 0.011791 0.00127066 0.018819 0.011765 5.55923e-09 2.76952e-08 0.00297417 0.00471991 0.0416428 8.45685e-05 0.0342446 0.017826 0.496016 0.0367721 1.06638e-05 0.00218909 0.00448038 0.0042998 0.0231196 3.60397e-05 0.00119007 0.165289 3.2821e-07 
2.87381e-07 0.00035008 0.00814732 0.0120003 0.00670574 0.00259335 0.00791102 0.00206256 0.0014866 0.0268053 0.0172061 8.34499e-06 1.39719e-06 0.0109709 0.0287482 0.0224223 0.0386535 0.0103804 0.0116357 0.351689 0.0419308 0.000376111 0.0198654 0.00157018 0.283724 0.000974522 0.000900176 0.0253155 0.0655638 1.45287e-06 
2.79793e-07 5.93411e-12 0.00261723 0.000381339 5.88475e-12 0.000387723 0.000142268 1.37544e-05 0.000350237 0.00643022 0.00110221 9.02093e-06 3.12822e-09 0.000471277 0.00137342 0.00806716 0.000265215 0.00811751 0.00779059 0.951277 0.00425289 7.08743e-05 2.77736e-05 6.25269e-06 0.000683062 7.35123e-05 7.98781e-05 0.00323605 0.00277278 5.17142e-12 
1.21485e-09 0.000145778 0.0100456 0.0105834 0.000279529 0.00101915 0.00016685 0.00467888 0.000528924 0.0159446 0.0336818 6.135e-06 1.00575e-09 0.00102385 0.00584595 0.0433859 0.00202892 0.0220821 0.0192083 0.575937 0.0154326 9.63647e-05 0.0711775 0.000817524 0.00171994 0.00337306 0.000180552 0.00176976 0.15884 6.30098e-07 
2.79793e-07 5.93411e-12 0.00261723 0.000381339 5.88475e-12 0.000387723 0.000142268 1.37544e-05 0.000350237 0.00643022 0.00110221 9.02093e-06 3.12822e-09 0.000471277 0.00137342 0.00806716 0.000265215 0.00811751 0.00779059 0.951277 0.00425289 7.08743e-05 2.77736e-05 6.25269e-06 0.000683062 7.35123e-05 7.98781e-05 0.00323605 0.00277278 5.17142e-12 
5.56175e-08 0.000120904 0.00256088 0.00732198 5.0058e-06 0.000813528 0.00685229 0.000165053 0.000313933 0.00439392 0.00270918 3.23681e-07 6.65972e-08 0.000561604 0.00260745 0.00594326 0.000616472 0.00994124 0.00451527 0.895418 0.00578673 0.000362073 0.00131311 0.000241413 0.000359882 0.000317601 3.39708e-05 0.00284779 0.0438641 1.33883e-05 
0.00205196 0.00416079 0.0603214 0.0758225 0.000446182 0.00044747 0.000280614 0.00250396 0.0015123 0.0488975 0.0028846 0.00137857 7.69292e-05 0.0125266 0.00422764 0.0668516 0.0351655 0.133297 0.150634 0.223986 0.069996 2.24854e-05 0.00947988 0.000159527 0.00124783 0.00423914 0.000271126 0.0215997 0.0655115 8.14324e-08 
5.51415e-06 0.00312196 0.0309855 0.0127546 0.00523363 0.001178 0.000278899 0.00463192 0.0594935 0.0655857 0.0345365 3.43449e-05 0.00642278 0.0699606 0.0026095 0.0729249 0.0371317 0.0673663 0.0490341 0.173936 0.131041 1.29547e-05 0.00546631 0.00612288 0.0426353 0.00781919 0.00184545 0.0436706 0.064009 0.000151672 
3.63796e-08 0.000198461 0.0203671 0.0614466 2.47165e-05 0.000394516 3.58579e-05 0.00202636 6.95356e-05 0.0489871 0.0211958 1.508e-08 1.1477e-10 0.000760694 1.90587e-05 0.00396593 0.00013099 0.217621 0.00155715 0.283354 0.176604 3.49432e-06 0.000248265 0.000287072 5.44068e-05 0.00540961 0.000927145 0.0294945 0.124816 1.08856e-07 
1.26191e-05 2.41302e-11 1.01885e-06 1.70918e-07 2.39295e-11 0.00236978 0.00305752 6.09653e-07 8.2374e-07 7.48015e-07 5.34546e-07 1.9561e-11 1.40817e-07 5.03568e-07 8.43604e-07 3.37121e-06 0.00448566 0.000438566 1.54211e-06 0.954079 1.5898e-06 2.69185e-07 2.49325e-07 5.08133e-07 8.64172e-07 7.91092e-12 0.000528477 0.0350144 5.94268e-07 2.10288e-11 
1.26191e-05 2.41302e-11 1.01885e-06 1.70918e-07 2.39295e-11 0.00236978 0.00305752 6.09653e-07 8.2374e-07 7.48015e-07 5.34546e-07 1.9561e-11 1.40817e-07 5.03568e-07 8.43604e-07 3.37121e-06 0.00448566 0.000438566 1.54211e-06 0.954079 1.5898e-06 2.69185e-07 2.49325e-07 5.08133e-07 8.64172e-07 7.91092e-12 0.000528477 0.0350144 5.94268e-07 2.10288e-11 
4.984e-08 9.78856e-09 0.00603486 0.00211117 2.6568e-05 0.000772802 0.00045195 0.000936564 0.000733378 0.00452312 0.00342744 5.01721e-07 5.56409e-10 0.00107562 0.00283466 0.0146061 0.00203005 0.0169358 0.0164359 0.733718 0.0200569 4.3019e-05 0.00171956 0.000493389 0.00162328 0.000442473 7.11437e-05 0.00185234 0.167042 5.59324e-07 
3.53169e-06 4.46671e-05 0.00863471 0.00355063 0.00011085 0.00232847 0.00478116 0.0324305 0.0115921 0.159946 0.00451882 1.48449e-06 8.2821e-07 0.0278687 0.000395178 0.0662161 0.105025 0.0385975 0.0341722 0.337743 0.0623347 0.000334921 0.00165709 0.00348105 0.017862 0.000944289 0.000311739 0.0134829 0.0614011 0.000228137 
5.56175e-08 0.000120904 0.00256088 0.00732198 5.0058e-06 0.000813528 0.00685229 0.000165053 0.000313933 0.00439392 0.00270918 3.23681e-07 6.65972e-08 0.000561604 0.00260745 0.00594326 0.000616472 0.00994124 0.00451527 0.895418 0.00578673 0.000362073 0.00131311 0.000241413 0.000359882 0.000317601 3.39708e-05 0.00284779 0.0438641 1.33883e-05 
1.26191e-05 2.41302e-11 1.01885e-06 1.70918e-07 2.39295e-11 0.00236978 0.00305752 6.09653e-07 8.2374e-07 7.48015e-07 5.34546e-07 1.9561e-11 1.40817e-07 5.03568e-07 8.43604e-07 3.37121e-06 0.00448566 0.000438566 1.54211e-06 0.954079 1.5898e-06 2.69185e-07 2.49325e-07 5.08133e-07 8.64172e-07 7.91092e-12 0.000528477 0.0350144 5.94268e-07 2.10288e-11 
1.26191e-05 2.41302e-11 1.01885e-06 1.70918e-07 2.39295e-11 0.00236978 0.00305752 6.09653e-07 8.2374e-07 7.48015e-07 5.34546e-07 1.9561e-11 1.40817e-07 5.03568e-07 8.43604e-07 3.37121e-06 0.00448566 0.000438566 1.54211e-06 0.954079 1.5898e-06 2.69185e-07 2.49325e-07 5.08133e-07 8.64172e-07 7.91092e-12 0.000528477 0.0350144 5.94268e-07 2.10288e-11 
1.31658e-05 0.000605289 0.0254518 0.0742306 0.00121384 0.00128363 0.000871662 0.00462105 0.00366769 0.0635118 0.0784338 8.17791e-06 0.00212352 0.00371815 0.0179214 0.0396992 0.00416307 0.0242727 0.133551 0.222834 0.137268 0.000576698 0.00172234 0.0450527 0.00211819 0.016104 7.27887e-05 0.0233951 0.0707572 0.000737756 
3.30992e-05 1.78874e-05 0.0106233 0.0103958 4.58513e-05 0.00909036 0.00117085 0.00922873 0.000744553 0.00567317 0.084485 6.20134e-06 5.64442e-06 0.00274936 0.00633606 0.112284 0.0846464 0.0467395 0.0151977 0.258829 0.0420668 9.96996e-06 0.0189517 0.00550057 0.00036332 0.00118114 0.000299096 0.0457911 0.227499 3.56847e-05 
6.59e-11 9.69075e-05 0.050853 0.0349338 1.08056e-05 9.97787e-05 0.00365897 0.00260211 0.000177396 0.0821264 0.000922135 6.37982e-08 2.59292e-06 0.0125171 0.000220449 0.0125227 0.00835367 0.0105359 0.0097395 0.426789 0.0409013 0.000449327 0.029854 8.64056e-05 4.0796e-05 0.000470812 0.000162591 0.125342 0.146526 4.96565e-06 
5.56175e-08 0.000120904 0.00256088 0.00732198 5.0058e-06 0.000813528 0.00685229 0.000165053 0.000313933 0.00439392 0.00270918 3.23681e-07 6.65972e-08 0.000561604 0.00260745 0.00594326 0.000616472 0.00994124 0.00451527 0.895418 0.00578673 0.000362073 0.00131311 0.000241413 0.000359882 0.000317601 3.39708e-05 0.00284779 0.0438641 1.33883e-05 
2.00698e-07 3.94456e-12 0.0278474 0.00963353 8.51402e-07 0.00047294 0.000562708 0.000102958 0.000787962 0.0199648 0.00832986 1.33021e-09 2.24356e-09 0.000138258 7.019e-05 0.0156671 0.000348573 0.0363532 0.0292397 0.675479 0.0109912 5.96046e-06 0.000187558 0.00886212 0.000156013 0.000764974 2.08372e-05 0.00604484 0.147967 2.50441e-07 
3.27487e-07 0.00147401 0.00759217 0.116386 4.41442e-06 0.00147763 0.000249309 0.000333781 0.00111007 0.0529598 0.00746505 1.90233e-05 3.52659e-05 0.0101681 0.0101132 0.00883534 0.00295714 0.0165501 0.101513 0.474865 0.0936222 0.000152529 0.00222555 0.000612327 0.00238014 0.000978101 7.85712e-05 0.00325712 0.0825758 8.84827e-06 
4.3501e-07 2.55177e-11 0.0115938 0.00899556 3.3777e-08 0.000680297 0.000159098 0.00032394 0.000166847 0.00458784 0.015902 4.33105e-06 4.88175e-09 0.000988594 0.00319349 0.0359101 0.000839505 0.0666616 0.0067364 0.785352 0.0265408 3.38138e-05 0.00402798 0.000152874 0.000325514 0.00523551 3.8115e-05 0.00729658 0.0142526 2.2238e-11 
2.10982e-07 2.09963e-12 0.0155375 0.00786209 1.81139e-05 0.000130024 0.00085006 0.0017496 0.000583104 0.179119 0.0019979 1.46283e-05 6.67741e-06 0.00671757 0.00150871 0.00888894 0.013266 0.014301 0.0122022 0.603668 0.0360651 4.93574e-05 0.000312258 0.000122481 0.00629141 0.000275981 9.46742e-05 0.0417876 0.0461994 0.00038068 
0.000275307 7.34102e-05 0.00877481 0.00761932 6.77194e-05 0.00193564 0.00716308 0.000710021 0.0151692 0.0185594 0.00437824 4.0256e-06 8.0079e-08 0.000662176 0.00196479 0.0188567 0.00149457 0.0111361 0.0218976 0.778402 0.0150164 0.000503747 0.00193241 0.00186534 0.00827804 0.00237425 0.000620473 0.00682266 0.0634386 4.1232e-06 
0.000295632 5.91569e-05 0.0111276 0.0469632 9.87199e-05 0.00134299 0.0162463 0.00046243 0.0024487 0.0660441 0.00794341 4.30868e-05 2.64426e-05 0.00153967 0.00178858 0.00770303 0.00933456 0.0118528 0.01433 0.575586 0.0246307 0.00141013 0.000989664 0.000331979 0.00124687 0.00115049 0.00191722 0.0957961 0.095567 0.00172327 
1.26191e-05 2.41302e-11 1.01885e-06 1.70918e-07 2.39295e-11 0.00236978 0.00305752 6.09653e-07 8.2374e-07 7.48015e-07 5.34546e-07 1.9561e-11 1.40817e-07 5.03568e-07 8.43604e-07 3.37121e-06 0.00448566 0.000438566 1.54211e-06 0.954079 1.5898e-06 2.69185e-07 2.49325e-07 5.08133e-07 8.64172e-07 7.91092e-12 0.000528477 0.0350144 5.94268e-07 2.10288e-11 
0.00031039 7.72205e-12 0.0255236 0.0212894 1.17734e-05 0.000253427 0.00035161 0.000144386 0.000543087 0.0148529 0.00659063 3.05489e-08 3.72165e-08 7.40767e-05 3.76128e-05 0.0219941 0.000186756 0.0327611 0.057012 0.604101 0.0202665 3.19941e-06 0.0108258 0.00474782 0.00015451 0.00164008 4.40107e-05 0.00669951 0.16958 1.36376e-07 
4.34068e-12 0.000344754 0.00947865 0.0196727 3.30218e-05 0.00168443 0.00785597 0.00559949 0.0046305 0.0687472 0.0033225 2.85783e-05 3.96909e-07 0.00418548 0.00518781 0.0227695 0.0106032 0.0213619 0.045653 0.507872 0.0691986 0.00083682 0.00174693 0.0084448 0.0015713 0.00160987 0.000263173 0.0139643 0.162556 0.000776329 
1.21485e-09 0.000145778 0.0100456 0.0105834 0.000279529 0.00101915 0.00016685 0.00467888 0.000528924 0.0159446 0.0336818 6.135e-06 1.00575e-09 0.00102385 0.00584595 0.0433859 0.00202892 0.0220821 0.0192083 0.575937 0.0154326 9.63647e-05 0.0711775 0.000817524 0.00171994 0.00337306 0.000180552 0.00176976 0.15884 6.30098e-07 
5.28365e-10 0.00282749 0.0042961 0.0781616 1.95717e-07 0.0191942 0.0034661 0.00581619 0.000396678 0.184216 0.000656221 1.39996e-05 4.84108e-08 0.0405215 0.00856059 0.0566675 0.174396 0.0607905 0.0036921 0.18507 0.0215322 0.000614469 0.000893059 0.0561508 7.68152e-05 0.0129822 8.21031e-05 0.0127206 0.0661363 6.7773e-05 
7.81319e-12 3.14279e-09 0.000595216 0.000960241 1.21791e-05 5.60722e-05 0.00281644 8.37638e-05 0.000511562 0.00171387 0.000726054 2.15611e-05 5.78502e-08 0.00056821 0.00695977 0.00787485 0.0011378 0.00115043 4.20693e-05 0.959274 0.000675931 0.000138928 0.000849849 9.83533e-05 1.13548e-05 0.000233489 4.48275e-05 0.0134433 3.13383e-08 4.87112e-08 
3.29618e-07 4.09349e-05 0.00671024 0.00954386 0.000615684 0.000185326 0.00228174 0.00291461 0.0231479 0.0859662 0.00180748 0.000104975 3.22241e-05 0.0770117 0.047547 0.0736822 0.0778936 0.00668697 0.192573 0.210745 0.0256519 2.23622e-05 0.0313234 0.00184408 0.0260692 0.000391318 0.000147698 0.0383752 0.0434046 0.01328 
3.60016e-07 7.92506e-09 0.00946801 0.00201039 0.000102632 0.00179054 0.000177548 0.00216138 0.00137725 0.0277978 0.00621888 1.766e-05 4.03436e-09 0.007605 0.000558552 0.0648047 0.00254195 0.0237363 0.150807 0.625482 0.0136765 3.78748e-05 0.000277743 0.000684897 0.00144905 0.00979208 0.000301676 0.00789969 0.0392231 1.38624e-11 
7.81319e-12 3.14279e-09 0.000595216 0.000960241 1.21791e-05 5.60722e-05 0.00281644 8.37638e-05 0.000511562 0.00171387 0.000726054 2.15611e-05 5.78502e-08 0.00056821 0.00695977 0.00787485 0.0011378 0.00115043 4.20693e-05 0.959274 0.000675931 0.000138928 0.000849849 9.83533e-05 1.13548e-05 0.000233489 4.48275e-05 0.0134433 3.13383e-08 4.87112e-08 
1.10958e-05 3.98719e-07 0.0657101 0.00193726 3.05885e-05 0.00178098 0.000217139 0.0175944 0.000626306 0.0223948 0.017471 5.36451e-06 3.26957e-05 0.0427611 0.00377203 0.0861893 0.0211143 0.102453 0.00761271 0.356136 0.0601026 4.86557e-05 0.00187707 0.0012608 0.00145244 0.00742976 0.00249843 0.0590437 0.118314 0.000120794 
1.65796e-07 3.87377e-12 0.00419287 0.00301591 4.07936e-09 1.729e-08 0.000319289 0.000181345 0.000130671 0.00415458 0.000165876 8.13511e-10 4.78711e-08 6.61649e-09 7.13889e-05 0.00377592 1.15433e-05 0.00406015 0.017659 0.922637 0.0121189 1.34919e-05 3.28886e-05 1.23622e-05 0.000514562 0.000117634 5.69961e-05 0.00188849 0.0248693 2.9654e-08 
1.13206e-06 4.15197e-05 0.0731603 0.0203358 9.53569e-05 0.000262697 0.000184352 0.000818008 0.000416449 0.0772758 0.134685 7.87654e-07 4.19141e-05 0.0170288 0.000286094 0.0206095 0.0120291 0.0375283 0.0874098 0.342587 0.0447521 6.46971e-05 0.0160431 0.0114124 0.00222394 0.000665674 1.58195e-05 0.05657 0.043454 7.00017e-07 
1.65796e-07 3.87377e-12 0.00419287 0.00301591 4.07936e-09 1.729e-08 0.000319289 0.000181345 0.000130671 0.00415458 0.000165876 8.13511e-10 4.78711e-08 6.61649e-09 7.13889e-05 0.00377592 1.15433e-05 0.00406015 0.017659 0.922637 0.0121189 1.34919e-05 3.28886e-05 1.23622e-05 0.000514562 0.000117634 5.69961e-05 0.00188849 0.0248693 2.9654e-08 
4.71886e-08 1.11313e-08 0.00494858 0.0017569 1.89817e-05 0.000552016 0.000538095 0.000705633 0.000791698 0.00383861 0.00302033 3.58771e-07 5.26951e-10 0.000768306 0.00202479 0.0116218 0.00145004 0.012589 0.0124189 0.796094 0.018185 5.39593e-05 0.00136625 0.000420918 0.00150895 0.00031606 5.89243e-05 0.00138082 0.123571 4.00001e-07 
6.95286e-06 0.000145684 0.00938178 0.00978417 0.000213384 0.00109371 0.000238906 0.00379683 0.000595813 0.0139136 0.0247786 4.3812e-06 5.7129e-08 0.00104435 0.00663383 0.0352011 0.00202596 0.020148 0.0177271 0.621087 0.0170874 9.50831e-05 0.0539646 0.000732623 0.00170535 0.00260496 0.000155143 0.00172017 0.154112 6.93753e-07 
6.98373e-08 0.000104459 0.00548582 0.00832954 1.64121e-05 0.00269267 0.0190298 0.000285606 0.000303095 0.00927435 0.00295599 1.371e-06 1.75828e-07 0.000341287 0.000358956 0.0054293 0.00186936 0.00783557 0.0050449 0.873587 0.00994155 0.00127336 0.00064805 0.000151258 0.000438424 0.000687825 0.000174913 0.0113707 0.0323681 8.99188e-08 
1.27074e-06 3.56504e-06 0.00770523 0.0121622 3.01392e-08 0.00968752 0.00331333 0.0029589 0.000575124 0.0763829 0.00192653 2.39385e-05 1.41744e-07 0.00868362 0.00205999 0.037395 0.0156127 0.0407113 0.0128803 0.635117 0.0392163 0.00083335 0.00038071 0.0251838 0.000472042 0.00679513 0.000130383 0.0135837 0.046185 1.87069e-05 
5.13071e-06 9.23914e-06 0.0177388 0.0146483 9.74209e-06 0.00216705 7.47766e-05 0.010932 0.0029206 0.00471997 0.0785313 2.69641e-05 5.90008e-08 0.00450571 0.00375116 0.0688604 0.00181383 0.141319 0.0150513 0.475256 0.0750594 5.21867e-06 0.00548965 0.000417959 0.000193181 0.00102847 9.75828e-05 0.0110645 0.0643025 6.9178e-08 
0.000209807 2.57487e-05 0.0145575 0.00653973 2.47452e-06 0.000472838 0.40123 0.000302805 0.000468774 0.0167196 0.0033386 1.2653e-05 5.9372e-08 0.000448985 0.000644982 0.00792389 0.00239108 0.0154008 0.0122345 0.442745 0.00920065 0.000218294 0.000552247 0.00317469 0.000266912 0.0015558 3.88183e-05 0.0114476 0.0478405 3.55716e-05 
0.000323179 3.23077e-05 0.0613913 0.0151251 3.07777e-06 0.0153218 0.00144252 0.000586525 0.00294484 0.0500144 0.0255411 2.51645e-05 0.000233747 0.13121 0.000103303 0.0503999 0.0662469 0.0650387 0.0202736 0.272596 0.0431265 0.0162353 7.76216e-05 0.0174648 0.00241612 0.00893342 0.00143676 0.0621427 0.0649356 0.00437797 
0.000142403 6.6013e-05 0.0280315 0.00391627 0.000676267 0.000427107 0.00180665 0.00374917 0.0138813 0.0337598 0.0132421 0.000284674 1.44247e-06 0.129261 0.0339241 0.0413509 0.0228586 0.0650326 0.0159733 0.25215 0.0336899 0.000875885 0.00282953 0.0150537 0.0109909 0.000787232 6.10662e-05 0.0264709 0.248703 1.35348e-06 
0.00130777 1.80329e-06 0.0183612 0.00935606 4.13561e-05 0.0137706 0.256347 0.00171102 0.000458332 0.0493236 0.0057611 1.07735e-05 4.4814e-08 0.0011436 0.000682968 0.0108572 0.0101133 0.0223729 0.0177775 0.419939 0.0213693 0.000185696 0.00164204 0.00219031 0.000815897 0.00200056 0.000119819 0.0578124 0.0744654 6.20884e-05 
6.98373e-08 0.000104459 0.00548582 0.00832954 1.64121e-05 0.00269267 0.0190298 0.000285606 0.000303095 0.00927435 0.00295599 1.371e-06 1.75828e-07 0.000341287 0.000358956 0.0054293 0.00186936 0.00783557 0.0050449 0.873587 0.00994155 0.00127336 0.00064805 0.000151258 0.000438424 0.000687825 0.000174913 0.0113707 0.0323681 8.99188e-08 
0.00953192 6.53073e-12 0.161296 0.00282308 0.00127299 0.000152576 0.00112797 0.00646463 0.00155663 0.0871963 0.00349066 0.000142032 3.42772e-05 0.101529 0.00785393 0.116416 0.0381103 0.0216079 0.0133039 0.211541 0.0602441 0.000388622 0.00121034 0.000429592 0.00410493 7.04001e-05 9.7679e-05 0.0527851 0.0110513 0.0841665 
3.11382e-05 2.43352e-09 0.155859 0.0605019 0.000178013 0.000109525 1.63983e-05 0.0103375 7.52593e-05 0.0347933 0.0727505 3.90592e-07 5.86827e-06 0.0170504 7.15325e-05 0.0179417 0.00903946 0.126713 0.0101027 0.221632 0.0672035 6.5704e-06 0.000704128 0.0285331 4.57437e-06 0.0322504 6.12615e-06 0.111466 0.0225811 3.57308e-05 
6.98373e-08 0.000104459 0.00548582 0.00832954 1.64121e-05 0.00269267 0.0190298 0.000285606 0.000303095 0.00927435 0.00295599 1.371e-06 1.75828e-07 0.000341287 0.000358956 0.0054293 0.00186936 0.00783557 0.0050449 0.873587 0.00994155 0.00127336 0.00064805 0.000151258 0.000438424 0.000687825 0.000174913 0.0113707 0.0323681 8.99188e-08 
1.26191e-05 2.41302e-11 1.01885e-06 1.70918e-07 2.39295e-11 0.00236978 0.00305752 6.09653e-07 8.2374e-07 7.48015e-07 5.34546e-07 1.9561e-11 1.40817e-07 5.03568e-07 8.43604e-07 3.37121e-06 0.00448566 0.000438566 1.54211e-06 0.954079 1.5898e-06 2.69185e-07 2.49325e-07 5.08133e-07 8.64172e-07 7.91092e-12 0.000528477 0.0350144 5.94268e-07 2.10288e-11 
3.58396e-11 0.000809915 0.0294434 0.00868912 4.78529e-05 0.000274646 0.00129345 0.00246155 0.00378107 0.0378151 0.00441658 3.89762e-05 9.97863e-08 0.0107157 0.00549089 0.0348197 0.0144121 0.0425078 0.0795938 0.475585 0.0443366 0.000176488 0.0012601 0.00612905 0.00121001 0.00594891 3.38734e-05 0.0136169 0.175074 1.70965e-05 
7.91065e-12 1.20916e-08 0.0119373 0.00422194 0.000644898 0.000461735 0.000359009 0.00200652 0.16411 0.00942626 0.0053382 3.64058e-05 5.57873e-10 0.000407543 9.13749e-05 0.103424 0.00117034 0.00901345 0.0691105 0.452573 0.0210228 4.81485e-06 0.0047848 0.0149808 0.060139 0.0138304 0.00619504 0.00274643 0.0419629 3.5505e-09 
5.53849e-11 0.000106551 0.0129965 0.0113968 0.000427197 0.000108472 0.000219546 0.00224078 0.00426 0.027933 0.00638634 4.2449e-05 2.36188e-08 0.0106281 0.000204987 0.0374403 0.0588354 0.14568 0.00704833 0.458866 0.0315825 7.79181e-06 0.00106272 0.0207611 0.000383293 0.00351624 6.53219e-05 0.00724978 0.150278 0.000272234 
1.21485e-09 0.000145778 0.0100456 0.0105834 0.000279529 0.00101915 0.00016685 0.00467888 0.000528924 0.0159446 0.0336818 6.135e-06 1.00575e-09 0.00102385 0.00584595 0.0433859 0.00202892 0.0220821 0.0192083 0.575937 0.0154326 9.63647e-05 0.0711775 0.000817524 0.00171994 0.00337306 0.000180552 0.00176976 0.15884 6.30098e-07 
1.1041e-05 8.12084e-05 0.0109733 0.0105703 6.64625e-05 0.0794716 0.0067404 0.0029429 0.000467584 0.0347708 0.0228985 2.49579e-06 6.90105e-06 0.00243227 0.002641 0.0192081 0.00924751 0.0226289 0.0281826 0.600163 0.0297355 0.00173506 0.0226373 0.00171718 0.00132732 0.00201155 0.00020266 0.0227048 0.0643975 2.43559e-05 
6.72779e-05 1.49212e-05 0.0574727 0.00968517 4.88695e-05 0.0117722 0.0248314 0.0109574 0.00510681 0.0838254 0.0211692 1.5437e-05 0.000196917 0.017191 0.00125862 0.0325981 0.027984 0.0181785 0.0194329 0.328723 0.0296361 0.00118129 0.0211679 0.0172487 0.00182017 0.017052 0.000247581 0.200801 0.0391232 0.00119176 
0.000355163 8.72608e-05 0.00330195 0.00516879 7.90962e-06 0.000766255 0.00444457 0.000274995 0.000446745 0.0043276 0.00239552 2.84448e-07 8.78419e-08 0.000555713 0.00258671 0.0073295 0.00104969 0.00998367 0.00606708 0.880523 0.00874962 0.000300218 0.00129661 0.000245319 0.00068744 0.000258168 4.15895e-05 0.00287231 0.0558688 7.8399e-06 
0.000360777 0.00268021 0.057605 0.0133135 0.000444407 0.00044662 0.0130577 0.010478 0.00777251 0.0350173 0.00491186 4.74344e-06 3.59202e-05 0.00872802 0.00185462 0.0342458 0.0112461 0.0893841 0.0239926 0.415048 0.0515339 0.00053567 0.0018671 0.0131829 0.000954746 0.0109599 0.000231217 0.0585915 0.131483 3.16825e-05 
1.65796e-07 3.87377e-12 0.00419287 0.00301591 4.07936e-09 1.729e-08 0.000319289 0.000181345 0.000130671 0.00415458 0.000165876 8.13511e-10 4.78711e-08 6.61649e-09 7.13889e-05 0.00377592 1.15433e-05 0.00406015 0.017659 0.922637 0.0121189 1.34919e-05 3.28886e-05 1.23622e-05 0.000514562 0.000117634 5.69961e-05 0.00188849 0.0248693 2.9654e-08 
0.000225813 6.92242e-05 0.0132179 0.00901674 3.5918e-05 0.0019087 0.035341 0.000694019 0.00100002 0.0144816 0.00390076 1.02963e-06 1.34977e-07 0.00108848 0.00106711 0.00969935 0.00610584 0.0162829 0.0207342 0.70528 0.0195233 0.00104964 0.00431879 0.0004361 0.000558223 0.000999192 0.00027139 0.0872515 0.0454354 5.88584e-06 
4.45837e-06 5.59299e-10 0.042477 0.00292206 1.37154e-05 8.74476e-06 6.53343e-05 0.00559711 0.00106583 0.0344587 0.0330166 1.06674e-05 4.72566e-09 0.0384674 0.000617521 0.0939225 0.00476462 0.0268843 0.205881 0.256217 0.017222 0.000300762 0.0718753 0.0120632 0.00053681 0.00829982 1.5511e-05 0.0214962 0.121796 1.67185e-08 
3.71197e-07 0.00162615 0.0107152 0.0869671 2.34427e-05 0.00096908 0.00335426 0.000710834 0.0245777 0.0489862 0.00739617 2.46417e-05 0.00105545 0.00729984 0.00264763 0.0242879 0.0307714 0.0441178 0.107092 0.307572 0.0507477 0.000364028 0.00101117 0.00249284 0.0045943 0.00159356 5.95369e-05 0.00789902 0.218234 0.00280861 
0.000251522 0.00219413 0.0400669 0.0305735 8.67765e-05 0.00123473 0.00725861 0.00157451 0.00317397 0.143538 0.0138275 5.95661e-06 4.56573e-06 0.00416503 0.00837786 0.0320347 0.003803 0.02781 0.0112772 0.53909 0.0359519 0.000451337 0.00392268 0.000955262 0.00114916 0.00268357 8.77262e-05 0.0222653 0.0620558 0.000128567 
7.14651e-07 2.59337e-08 0.0199318 0.0187123 5.77902e-07 4.87015e-05 0.0229525 2.35535e-05 1.09857e-05 0.105346 0.012594 1.09077e-08 7.99263e-09 5.59598e-05 9.00525e-05 0.00500947 0.000855485 0.041434 0.00616428 0.459841 0.0911455 0.000403255 9.44589e-05 0.00170666 0.000805209 0.00491516 0.000333039 0.175462 0.0320587 4.40439e-06 
4.71886e-08 1.11313e-08 0.00494858 0.0017569 1.89817e-05 0.000552016 0.000538095 0.000705633 0.000791698 0.00383861 0.00302033 3.58771e-07 5.26951e-10 0.000768306 0.00202479 0.0116218 0.00145004 0.012589 0.0124189 0.796094 0.018185 5.39593e-05 0.00136625 0.000420918 0.00150895 0.00031606 5.89243e-05 0.00138082 0.123571 4.00001e-07 
9.37113e-13 0.00012315 0.00189993 0.00553169 1.72932e-06 0.000257726 0.0193499 2.86799e-05 0.000130241 0.00531872 0.000284206 3.7265e-07 1.75368e-08 0.000237773 0.000504437 0.00129549 0.00216827 0.00214205 0.0010941 0.937905 0.00260654 0.00142885 0.000203679 4.59725e-05 0.000302889 6.79265e-05 4.66521e-05 0.00808733 0.00893516 1.79619e-06 
0.0002014 0.000114797 0.0134434 0.0110205 0.000341425 0.15882 0.00327551 0.00706392 0.00254552 0.0673128 0.0268789 5.40868e-05 4.09307e-05 0.0635426 0.00315843 0.0249004 0.0538104 0.0274364 0.0309505 0.408903 0.019112 0.000472315 0.00285066 0.00441131 0.0167395 0.000513435 0.000150681 0.0444635 0.00647085 0.00100031 
5.56175e-08 0.000120904 0.00256088 0.00732198 5.0058e-06 0.000813528 0.00685229 0.000165053 0.000313933 0.00439392 0.00270918 3.23681e-07 6.65972e-08 0.000561604 0.00260745 0.00594326 0.000616472 0.00994124 0.00451527 0.895418 0.00578673 0.000362073 0.00131311 0.000241413 0.000359882 0.000317601 3.39708e-05 0.00284779 0.0438641 1.33883e-05 
0.00327389 2.90059e-05 0.0208952 0.0690126 0.00013719 0.0087696 0.0369543 0.0121648 0.00195732 0.0977998 0.0246569 0.000365707 0.00162042 0.0333159 0.00743607 0.0382271 0.0239396 0.133592 0.156411 0.171372 0.0678818 0.000130199 0.00180275 0.00217647 0.00160397 0.00359466 0.000136143 0.0734665 0.00726308 1.39738e-05 
5.32309e-11 6.30577e-11 0.0235695 0.00892251 9.16334e-05 2.00856e-06 0.000313558 0.000203727 0.00246208 0.0252186 0.000669365 3.98207e-09 7.07532e-11 0.00207616 2.62464e-05 0.0146886 0.000221109 0.0348556 0.0160075 0.807153 0.0130952 4.9214e-05 8.95467e-06 0.000421984 0.000255797 0.000363988 3.66836e-05 0.0364506 0.0128368 3.8634e-08 
4.02419e-08 5.9624e-07 0.0396737 0.049042 0.000591302 0.00075345 0.000317239 0.003558 0.0723042 0.127067 0.0304268 0.00034305 3.78624e-10 0.00940353 0.000581681 0.111049 0.0246841 0.0782486 0.0350765 0.186138 0.0619224 2.43944e-05 0.0133717 0.00941709 0.0441297 0.0154463 0.00438536 0.00785953 0.0741844 1.31411e-06 
1.44792e-10 2.32711e-05 0.0155369 0.0820281 4.53627e-05 0.00220883 0.00316914 0.00179588 0.000642709 0.0407177 0.00972693 9.76611e-07 4.28765e-06 0.000227585 0.000881541 0.0307856 0.0033891 0.0333784 0.15111 0.342997 0.147355 0.000211384 0.000265358 0.000464557 0.00130155 0.0111418 0.000104566 0.00770662 0.112777 2.1996e-06 
9.39762e-07 5.57029e-08 0.150803 0.0192195 0.00125604 0.00151081 0.000235368 0.00244038 0.00101319 0.0221709 0.0127231 5.07321e-07 4.58364e-05 0.00971998 5.93204e-05 0.0807008 0.00501338 0.0449252 0.00124411 0.555796 0.0322032 4.2142e-06 0.000583884 0.000628864 0.000599147 0.00083256 0.00012323 0.0126202 0.0435263 1.9508e-08 
0.000212757 0.002182 0.0260705 0.0774995 3.5433e-05 0.00156108 0.00121076 0.00168528 0.000370726 0.0699599 0.0147354 2.74926e-06 0.00351457 0.00649161 0.0078783 0.0118162 0.00760651 0.0145472 0.211632 0.370995 0.0898334 0.000256349 0.00113313 0.000410633 0.00278515 0.00243063 0.000224844 0.0181623 0.0547467 9.47714e-06 
2.98189e-09 0.000647567 0.00368781 0.0268238 0.00395298 0.00144404 0.0184266 0.00755337 0.00143263 0.0084862 0.00170557 8.29866e-06 1.31601e-08 0.0024946 0.00502838 0.0179049 0.00188616 0.00478244 0.00728207 0.590658 0.00403998 0.00146662 0.0082803 0.0156443 0.186613 0.00120814 0.000430962 0.017579 0.0605317 1.02035e-06 
4.03199e-11 0.00195407 0.00754913 0.11554 6.60964e-05 0.00128929 0.00434577 0.000331583 0.0610643 0.181682 0.00271012 0.000102259 6.61215e-07 0.0169061 0.00273277 0.0250271 0.177579 0.0452689 0.0359254 0.185346 0.0533147 0.000662603 0.00570775 0.00134858 0.000822055 0.000659811 0.000123712 0.0169397 0.0549823 1.72586e-05 
2.74135e-07 4.54874e-06 0.0441514 0.00939285 0.000177966 0.00104305 0.000434018 0.00218031 0.00192963 0.224778 0.00431443 3.62764e-05 2.13556e-06 0.00280105 0.00160273 0.0191045 0.00499237 0.0322787 0.0293795 0.410507 0.121388 1.76168e-05 0.00167391 0.00162308 0.00356239 0.00294228 0.00021011 0.0164538 0.0600735 0.00294573 
8.7071e-13 2.29103e-09 0.00340094 0.00590411 2.59049e-06 1.52756e-06 0.00981134 6.5406e-05 0.0013702 0.00767857 0.000549878 1.85041e-07 9.12028e-10 0.000271959 0.000391989 0.00662002 0.00338235 0.00332798 0.00425133 0.916286 0.00501579 0.00202233 0.000107843 2.30965e-05 0.000534148 8.62566e-05 2.45226e-05 0.00835102 0.0205186 4.0734e-08 
0.00128595 5.19548e-12 0.00219612 0.00046269 5.15226e-12 1.21609e-07 7.62844e-05 0.000366365 0.000224139 0.00767786 8.30762e-05 2.81148e-09 3.34055e-07 4.65398e-08 7.79657e-08 0.017044 3.76844e-08 0.00149691 0.219572 0.708075 0.011701 3.88551e-05 0.000253266 4.69628e-08 0.0010684 0.00118286 3.9687e-05 0.00665256 0.0205022 4.52772e-12 
0.000181562 8.03375e-05 0.00539091 0.00704371 7.0517e-05 0.00119654 0.0114542 0.00045403 0.0198907 0.00697436 0.00317743 4.35712e-06 1.00821e-07 0.000451274 0.0015003 0.0189746 0.00116675 0.00943001 0.013295 0.827531 0.00959944 0.000755993 0.00190206 0.00189389 0.00840817 0.00209792 0.000632848 0.00623675 0.0401991 5.78823e-06 
6.98373e-08 0.000104459 0.00548582 0.00832954 1.64121e-05 0.00269267 0.0190298 0.000285606 0.000303095 0.00927435 0.00295599 1.371e-06 1.75828e-07 0.000341287 0.000358956 0.0054293 0.00186936 0.00783557 0.0050449 0.873587 0.00994155 0.00127336 0.00064805 0.000151258 0.000438424 0.000687825 0.000174913 0.0113707 0.0323681 8.99188e-08 
1.75525e-07 1.9392e-12 0.00241862 0.00228055 1.92307e-12 1.83033e-08 0.000355625 0.000158774 0.000225889 0.00570152 0.000167696 7.74571e-10 9.82455e-08 7.00453e-09 6.51538e-05 0.00723205 1.31661e-05 0.00139779 0.0284276 0.926808 0.0124048 1.30915e-05 4.65905e-05 6.37887e-06 0.000604451 2.71489e-05 6.48002e-05 0.00263893 0.00894063 4.52649e-10 
0.0042131 3.93889e-07 0.0241681 0.0016828 9.89567e-07 0.000889619 8.46921e-05 0.0114638 0.00264575 0.01783 0.00318713 6.65658e-06 4.81473e-05 0.00120489 0.0015182 0.0234731 0.000419405 0.0148835 0.00512605 0.82015 0.00594438 0.00122377 0.000334447 0.000504164 0.000725261 0.00270813 8.38058e-05 0.0125513 0.0429269 1.17202e-06 
6.20019e-11 0.000262325 0.0151884 0.017887 7.95739e-05 0.00432007 0.00478061 0.00508416 0.00772004 0.0693308 0.0076833 2.14122e-05 6.27538e-09 0.0350666 0.00212276 0.0291237 0.0172956 0.0345293 0.00145095 0.718097 0.00717607 0.000110939 0.000570816 0.00199308 0.000284783 7.42439e-05 6.15563e-05 0.0114179 0.00593804 0.00232904 
1.21485e-09 0.000145778 0.0100456 0.0105834 0.000279529 0.00101915 0.00016685 0.00467888 0.000528924 0.0159446 0.0336818 6.135e-06 1.00575e-09 0.00102385 0.00584595 0.0433859 0.00202892 0.0220821 0.0192083 0.575937 0.0154326 9.63647e-05 0.0711775 0.000817524 0.00171994 0.00337306 0.000180552 0.00176976 0.15884 6.30098e-07 
0.00306054 0.000272031 0.0584066 0.00922022 1.56423e-05 0.000625366 0.0167252 0.00142329 0.00055548 0.0806849 0.0183223 5.17256e-06 3.82393e-09 0.00519095 0.00168833 0.0098301 0.0129402 0.0401811 0.016879 0.353642 0.0894712 8.02773e-05 0.00653602 0.00125505 0.00766848 0.00280032 0.00149258 0.159191 0.101374 0.000463275 
7.81319e-12 3.14279e-09 0.000595216 0.000960241 1.21791e-05 5.60722e-05 0.00281644 8.37638e-05 0.000511562 0.00171387 0.000726054 2.15611e-05 5.78502e-08 0.00056821 0.00695977 0.00787485 0.0011378 0.00115043 4.20693e-05 0.959274 0.000675931 0.000138928 0.000849849 9.83533e-05 1.13548e-05 0.000233489 4.48275e-05 0.0134433 3.13383e-08 4.87112e-08 
5.53849e-11 0.000106551 0.0129965 0.0113968 0.000427197 0.000108472 0.000219546 0.00224078 0.00426 0.027933 0.00638634 4.2449e-05 2.36188e-08 0.0106281 0.000204987 0.0374403 0.0588354 0.14568 0.00704833 0.458866 0.0315825 7.79181e-06 0.00106272 0.0207611 0.000383293 0.00351624 6.53219e-05 0.00724978 0.150278 0.000272234 
4.71886e-08 1.11313e-08 0.00494858 0.0017569 1.89817e-05 0.000552016 0.000538095 0.000705633 0.000791698 0.00383861 0.00302033 3.58771e-07 5.26951e-10 0.000768306 0.00202479 0.0116218 0.00145004 0.012589 0.0124189 0.796094 0.018185 5.39593e-05 0.00136625 0.000420918 0.00150895 0.00031606 5.89243e-05 0.00138082 0.123571 4.00001e-07 
0.000938104 4.33324e-05 0.0133922 0.00250596 0.00349522 0.00095159 0.0359766 0.00107279 0.000133477 0.0106262 0.0146132 1.66657e-05 1.75952e-05 0.0445346 0.00269911 0.0174592 0.0424133 0.00170048 0.0010935 0.702948 0.0028872 0.000710258 0.000470284 0.000380217 0.020712 0.000545446 1.83729e-05 0.0465333 0.0311115 3.00026e-07 
0.000478143 0.000174048 0.027359 0.00770823 0.00197556 0.000235514 0.011653 0.00180516 0.000448801 0.156056 0.00494418 0.000107457 0.000922976 0.00912295 0.00885998 0.0120363 0.0131344 0.0126057 0.00694885 0.306775 0.0812549 0.000699581 0.00301022 0.00150811 0.000931603 0.00214213 0.00311511 0.263781 0.0530188 0.00718699 
1.44792e-10 2.32711e-05 0.0155369 0.0820281 4.53627e-05 0.00220883 0.00316914 0.00179588 0.000642709 0.0407177 0.00972693 9.76611e-07 4.28765e-06 0.000227585 0.000881541 0.0307856 0.0033891 0.0333784 0.15111 0.342997 0.147355 0.000211384 0.000265358 0.000464557 0.00130155 0.0111418 0.000104566 0.00770662 0.112777 2.1996e-06 
9.75806e-07 7.57885e-05 0.0252008 0.00173693 1.82787e-08 0.000438152 0.0144813 0.000300697 0.000496606 0.0419332 0.00272694 1.58547e-11 5.00876e-06 0.04136 0.000220517 0.0176136 0.23553 0.00372585 0.00420782 0.289099 0.00747388 0.000144331 0.000564381 0.0280357 0.0100443 0.000450762 0.00391482 0.262606 0.00752978 8.25813e-05 
9.75806e-07 7.57885e-05 0.0252008 0.00173693 1.82787e-08 0.000438152 0.0144813 0.000300697 0.000496606 0.0419332 0.00272694 1.58547e-11 5.00876e-06 0.04136 0.000220517 0.0176136 0.23553 0.00372585 0.00420782 0.289099 0.00747388 0.000144331 0.000564381 0.0280357 0.0100443 0.000450762 0.00391482 0.262606 0.00752978 8.25813e-05 
7.81319e-12 3.14279e-09 0.000595216 0.000960241 1.21791e-05 5.60722e-05 0.00281644 8.37638e-05 0.000511562 0.00171387 0.000726054 2.15611e-05 5.78502e-08 0.00056821 0.00695977 0.00787485 0.0011378 0.00115043 4.20693e-05 0.959274 0.000675931 0.000138928 0.000849849 9.83533e-05 1.13548e-05 0.000233489 4.48275e-05 0.0134433 3.13383e-08 4.87112e-08 
4.984e-08 9.78856e-09 0.00603486 0.00211117 2.6568e-05 0.000772802 0.00045195 0.000936564 0.000733378 0.00452312 0.00342744 5.01721e-07 5.56409e-10 0.00107562 0.00283466 0.0146061 0.00203005 0.0169358 0.0164359 0.733718 0.0200569 4.3019e-05 0.00171956 0.000493389 0.00162328 0.000442473 7.11437e-05 0.00185234 0.167042 5.59324e-07 
0.000362878 7.76536e-10 0.0745913 0.00724139 0.0184253 0.00019804 0.00065884 0.0222265 0.00393876 0.0174347 0.0068629 4.36595e-07 5.71064e-06 0.00326565 7.25109e-05 0.0897858 0.0426994 0.143933 0.0161862 0.27007 0.0671998 2.23801e-06 0.000179207 0.00635782 0.000169662 0.00025641 0.00192924 0.0253921 0.180205 0.000348764 
0.000487191 4.08793e-05 0.010638 0.00857723 1.34731e-05 0.00268158 0.00721189 0.000637074 0.000363303 0.0353236 0.00422186 9.67611e-07 1.33596e-07 0.000772551 0.00118108 0.00783171 0.00197577 0.0106113 0.0200573 0.78433 0.0168818 0.000538955 0.000915682 0.000491076 0.000571999 0.000895282 0.000121626 0.00969253 0.0729308 3.03509e-06 
4.71886e-08 1.11313e-08 0.00494858 0.0017569 1.89817e-05 0.000552016 0.000538095 0.000705633 0.000791698 0.00383861 0.00302033 3.58771e-07 5.26951e-10 0.000768306 0.00202479 0.0116218 0.00145004 0.012589 0.0124189 0.796094 0.018185 5.39593e-05 0.00136625 0.000420918 0.00150895 0.00031606 5.89243e-05 0.00138082 0.123571 4.00001e-07 
0.000357535 1.23362e-06 0.0346315 0.0649246 0.000331133 0.000191914 0.000455996 0.00264051 0.0247769 0.0915952 0.0060533 0.00039836 9.93431e-07 0.0312196 0.000208322 0.0336859 0.132273 0.0760043 0.061203 0.238134 0.0666515 8.6863e-05 0.00157225 0.00378997 0.0161784 0.00620728 0.00128955 0.0241214 0.073217 0.00779858 
4.984e-08 9.78856e-09 0.00603486 0.00211117 2.6568e-05 0.000772802 0.00045195 0.000936564 0.000733378 0.00452312 0.00342744 5.01721e-07 5.56409e-10 0.00107562 0.00283466 0.0146061 0.00203005 0.0169358 0.0164359 0.733718 0.0200569 4.3019e-05 0.00171956 0.000493389 0.00162328 0.000442473 7.11437e-05 0.00185234 0.167042 5.59324e-07 
1.53856e-06 4.92498e-05 0.00473401 0.0483085 0.00263467 0.00133323 0.00359223 0.00158817 0.00562774 0.0792184 0.0263372 1.63077e-05 3.98397e-06 0.0103965 0.0131444 0.02966 0.0166353 0.0336088 0.0190399 0.389659 0.125635 0.000277977 0.00280929 0.000406032 0.0022594 0.00150175 7.41028e-05 0.00764666 0.17331 0.000489676 
4.71886e-08 1.11313e-08 0.00494858 0.0017569 1.89817e-05 0.000552016 0.000538095 0.000705633 0.000791698 0.00383861 0.00302033 3.58771e-07 5.26951e-10 0.000768306 0.00202479 0.0116218 0.00145004 0.012589 0.0124189 0.796094 0.018185 5.39593e-05 0.00136625 0.000420918 0.00150895 0.00031606 5.89243e-05 0.00138082 0.123571 4.00001e-07 
7.91065e-12 1.20916e-08 0.0119373 0.00422194 0.000644898 0.000461735 0.000359009 0.00200652 0.16411 0.00942626 0.0053382 3.64058e-05 5.57873e-10 0.000407543 9.13749e-05 0.103424 0.00117034 0.00901345 0.0691105 0.452573 0.0210228 4.81485e-06 0.0047848 0.0149808 0.060139 0.0138304 0.00619504 0.00274643 0.0419629 3.5505e-09 
4.74163e-08 0.000162867 0.00502755 0.0562157 2.36147e-05 0.00247815 0.00513821 0.000480688 0.00082181 0.0202428 0.00660325 6.60583e-06 1.49712e-05 0.00091217 0.0111882 0.0161796 0.00401721 0.011245 0.160885 0.500409 0.0323687 0.000598383 0.00441158 0.00634063 0.00228158 0.00183003 0.000157276 0.00814213 0.141811 5.6399e-06 
0.000379299 4.35558e-06 0.0148936 0.00679752 1.8212e-05 0.0028564 0.000257021 0.00111919 0.000468083 0.0610546 0.00770283 6.04579e-07 1.91662e-08 0.000874684 0.000961326 0.0115294 0.00141542 0.0140253 0.0463795 0.658902 0.0269247 3.24428e-05 0.00114364 0.000946149 0.000895282 0.00166057 0.000115055 0.00491383 0.133725 3.82701e-06 
2.79793e-07 5.93411e-12 0.00261723 0.000381339 5.88475e-12 0.000387723 0.000142268 1.37544e-05 0.000350237 0.00643022 0.00110221 9.02093e-06 3.12822e-09 0.000471277 0.00137342 0.00806716 0.000265215 0.00811751 0.00779059 0.951277 0.00425289 7.08743e-05 2.77736e-05 6.25269e-06 0.000683062 7.35123e-05 7.98781e-05 0.00323605 0.00277278 5.17142e-12 
8.99669e-12 0.000226671 0.00445887 0.0148516 1.07506e-05 0.0014294 0.0166562 0.00011008 0.0208582 0.0128687 0.00311814 6.88128e-07 3.71188e-07 0.00116122 0.00375807 0.00832474 0.0061157 0.0407583 0.00961272 0.634082 0.0179829 0.00158557 0.00201413 0.0150627 0.00031094 0.00112078 3.84548e-05 0.017022 0.166459 1.55889e-06 
1.0141e-11 2.67344e-06 0.00673389 0.00402238 2.64943e-05 0.000611975 0.00236298 0.000497344 0.000856529 0.00777303 0.00608699 1.78999e-05 3.5282e-08 0.00582589 0.0140739 0.0146172 0.0038508 0.0180184 0.000894909 0.851623 0.00919026 0.00015237 0.0028072 0.00673395 0.00299885 0.00108656 6.61779e-05 0.0228559 0.0162051 6.75341e-06 
6.95286e-06 0.000145684 0.00938178 0.00978417 0.000213384 0.00109371 0.000238906 0.00379683 0.000595813 0.0139136 0.0247786 4.3812e-06 5.7129e-08 0.00104435 0.00663383 0.0352011 0.00202596 0.020148 0.0177271 0.621087 0.0170874 9.50831e-05 0.0539646 0.000732623 0.00170535 0.00260496 0.000155143 0.00172017 0.154112 6.93753e-07 
7.81319e-12 3.14279e-09 0.000595216 0.000960241 1.21791e-05 5.60722e-05 0.00281644 8.37638e-05 0.000511562 0.00171387 0.000726054 2.15611e-05 5.78502e-08 0.00056821 0.00695977 0.00787485 0.0011378 0.00115043 4.20693e-05 0.959274 0.000675931 0.000138928 0.000849849 9.83533e-05 1.13548e-05 0.000233489 4.48275e-05 0.0134433 3.13383e-08 4.87112e-08 
7.91065e-12 1.20916e-08 0.0119373 0.00422194 0.000644898 0.000461735 0.000359009 0.00200652 0.16411 0.00942626 0.0053382 3.64058e-05 5.57873e-10 0.000407543 9.13749e-05 0.103424 0.00117034 0.00901345 0.0691105 0.452573 0.0210228 4.81485e-06 0.0047848 0.0149808 0.060139 0.0138304 0.00619504 0.00274643 0.0419629 3.5505e-09 
8.77024e-09 1.17882e-08 0.0167099 0.0151503 1.73596e-05 0.000543713 0.000118925 0.00310174 0.00109513 0.00632816 0.0176265 6.01883e-07 4.01449e-08 0.0020044 0.00021122 0.0142513 0.00015547 0.0677716 0.0746768 0.587397 0.0715579 6.39169e-06 0.000273618 0.00151634 0.00120544 0.0179048 5.92835e-05 0.00601853 0.0942969 2.41003e-07 
7.81319e-12 3.14279e-09 0.000595216 0.000960241 1.21791e-05 5.60722e-05 0.00281644 8.37638e-05 0.000511562 0.00171387 0.000726054 2.15611e-05 5.78502e-08 0.00056821 0.00695977 0.00787485 0.0011378 0.00115043 4.20693e-05 0.959274 0.000675931 0.000138928 0.000849849 9.83533e-05 1.13548e-05 0.000233489 4.48275e-05 0.0134433 3.13383e-08 4.87112e-08 
