1.68924e-06 3.12004e-06 0.326295 0.0486065 4.91491e-05 0.0130198 0.00279131 0.00199178 0.0599729 0.0460258 0.0559539 8.59039e-06 2.55009e-06 0.00162919 0.00740947 0.0302925 0.00294314 0.0287632 0.0776713 0.0336851 0.0897929 0.00214407 0.0260012 0.0199798 0.000232919 0.0125394 0.00011414 0.0421011 0.0491544 0.0208246 
3.41095e-10 7.5341e-06 0.180661 0.0151981 0.00228999 0.0017118 3.64788e-05 0.0168379 0.0012827 0.172919 0.0202509 4.19867e-07 0.0002591 0.0150007 0.00112448 0.0699075 0.00143132 0.0298561 0.0544417 0.0138245 0.160048 0.00351785 0.0176982 0.00189632 0.000232977 0.010482 1.77743e-05 0.132911 0.0761365 1.8471e-05 
2.68143e-06 0.000370616 0.184628 0.125241 0.00530596 0.00126193 0.00643021 0.0538478 0.00456821 0.0876019 0.0659983 7.9327e-06 0.000522892 0.00500482 0.0285661 0.0479363 0.0155297 0.0748604 0.00639373 0.038913 0.123764 0.000298431 0.008558 0.00710152 0.000221687 0.00399307 0.000112622 0.0317781 0.0710957 8.53148e-05 
0.00164601 0.00110058 0.285546 0.0977503 5.39806e-05 0.00572905 5.80552e-06 0.0550164 2.6815e-06 0.0444193 0.00496338 3.90447e-07 4.60712e-09 0.0750719 4.13626e-08 0.00112406 0.0151644 0.0311853 0.000287862 0.00235522 0.0380116 1.66527e-06 0.000296283 0.00428956 2.32513e-07 0.071024 1.37699e-07 0.263733 0.00117603 4.46629e-05 
1.21174e-07 0.000147769 0.431746 0.0161877 9.39215e-05 0.00619018 9.65769e-06 0.000997937 0.000202092 0.272206 0.00827504 6.68233e-06 1.3037e-06 0.00747351 0.00348467 0.0366531 0.00246335 0.00423679 0.0021861 0.000607639 0.0182688 0.000559753 0.0208693 0.000326954 0.000238328 0.0106752 1.83742e-05 0.154004 0.000271863 0.00159672 
5.27835e-11 0.000774874 0.293027 0.026933 0.000492936 2.77949e-05 5.29934e-07 0.00561965 0.000920827 0.110446 0.00187483 1.85257e-07 7.01585e-11 0.0014185 0.0172105 0.0165451 0.000341546 0.213936 0.00029573 0.000420162 0.193353 2.37345e-07 0.00672347 0.00115921 1.66636e-05 0.00238678 8.38947e-07 0.0166697 0.0893981 5.73909e-06 
0.00228812 0.00011425 0.239672 0.0555225 0.00156102 0.00248097 0.000927658 0.0040114 0.00132191 0.093124 0.154252 2.05284e-05 0.000126496 0.00534952 0.00209787 0.0193649 0.00303191 0.116904 0.0179254 0.0123681 0.115065 8.68406e-05 0.00650459 0.00571832 0.00328536 0.0189316 0.000182915 0.0347427 0.0829825 3.49075e-05 
2.27284e-07 6.00041e-06 0.309739 0.012246 0.0132069 0.00389196 1.05086e-05 0.0631224 0.00533763 0.0349829 0.0252001 5.12942e-08 8.56704e-08 0.0637163 0.00336582 0.133586 0.00169868 0.138699 0.00246496 0.00391708 0.0334937 0.00104524 0.0498127 0.00725535 0.000913829 0.0218003 0.000228805 0.0231406 0.047116 1.48865e-06 
1.28604e-09 1.28319e-07 0.2225 0.0308497 7.96234e-07 0.000487337 0.000459815 0.00152778 0.00211022 0.0192623 0.00633478 0.000216949 2.56438e-05 1.36462e-05 6.26514e-05 0.0248668 0.00139306 0.0734588 0.0916931 0.0339081 0.167017 2.29735e-06 0.0019791 8.78033e-05 0.000122185 0.00889869 0.0001224 0.0594619 0.213423 0.0397138 
0.00733784 0.00137973 0.312393 0.0131101 0.00138442 0.00662741 0.000673984 0.0059192 0.0049324 0.18956 0.0629447 3.77619e-05 0.000625207 0.0382609 0.00236452 0.0297609 0.017259 0.0368947 0.0102218 0.00463106 0.151232 0.0104768 0.00699148 0.0139075 0.00461383 0.0049104 0.000390658 0.0364077 0.0244651 0.000285785 
5.80067e-06 0.00306012 0.360049 0.00203225 0.00182837 5.21882e-05 4.48235e-05 0.0746748 0.00622442 0.156158 0.0074198 1.29958e-05 0.000174428 0.142829 0.00535945 0.0233757 0.0126057 0.0641285 0.0103017 0.00234785 0.0200421 7.18507e-06 0.00153309 0.0324849 0.00447603 0.0075217 0.000141909 0.0405008 0.0205704 3.71365e-05 
2.95264e-07 0.0200615 0.788772 0.000121295 0.00472457 0.000541861 2.76696e-05 0.00261171 1.50124e-05 0.0471131 0.0299738 5.20132e-11 0.000795473 0.0159331 0.000452624 0.0116257 0.00227657 0.00262597 0.000666598 0.00185691 0.0503033 5.91498e-11 0.000225106 4.16507e-05 0.000272902 0.00260332 1.04416e-05 0.0155623 0.000785185 6.85165e-08 
3.85392e-09 0.111119 0.645041 0.00422629 0.00115814 0.000530891 2.0874e-06 0.00192294 0.00110135 0.0860858 0.00325305 1.51022e-06 0.00449401 0.078986 5.68595e-05 0.00227455 0.00220278 0.00257452 0.00458951 0.00702032 0.0101471 1.69153e-05 1.54338e-05 0.000284647 0.00109332 0.00126426 0.00055439 0.0163535 0.0135661 6.32561e-05 
3.55441e-07 9.82619e-06 0.441079 0.00143899 4.01885e-05 0.004283 0.0101344 0.00234771 0.000466564 0.0355587 0.176691 5.99981e-06 1.15758e-08 0.000456513 4.07525e-06 0.00906763 3.24683e-05 0.0492727 0.0416084 0.00885119 0.087671 0.000220182 0.000109837 0.000174035 6.42688e-05 0.0128107 0.000223179 0.0820503 0.0353041 2.37307e-05 
8.28253e-06 0.00104154 0.627693 0.000450933 1.94673e-05 0.0015214 1.72141e-06 0.00907455 0.000764981 0.0476999 0.00094283 1.7074e-06 2.16794e-07 0.119738 5.93706e-06 0.0126159 0.0143371 0.0435766 0.000360175 0.00178765 0.0142755 2.35311e-05 6.17586e-05 0.00657796 0.000377175 0.00842395 0.00588948 0.0561342 0.0264485 0.000146079 
1.82499e-06 0.00251769 0.250647 0.00751006 0.0196376 0.0013276 0.00128172 0.00872639 0.0039237 0.104017 0.132272 6.7682e-06 0.00412623 0.0669229 0.00639481 0.0661408 0.0534483 0.0490335 0.00509564 0.00722877 0.0672225 0.00439022 0.0013977 0.00320411 0.0217357 0.0166321 0.000118019 0.0594002 0.0317415 0.00389828 
2.49883e-05 0.031165 0.33403 0.0240379 4.60023e-06 0.00183428 3.98228e-05 0.021262 0.000830527 0.24339 0.0181601 4.1163e-06 9.30585e-06 0.0828386 0.00217507 0.0264265 0.00467955 0.00693198 0.043373 0.00642786 0.0205799 0.000206582 0.013947 0.000151344 0.00328251 0.00242702 0.0575661 0.0291454 0.0250145 3.39727e-05 
7.56738e-06 0.000604259 0.390381 0.0039843 2.49292e-06 0.000152352 0.00454861 0.00895115 0.000145356 0.264031 0.0100097 2.71654e-06 2.4267e-06 0.00600286 0.000900825 0.0169437 0.000963187 0.103663 0.0118465 0.00332515 0.0751313 0.000100036 0.00434087 0.000298984 0.000494228 0.00617202 0.0001162 0.0372561 0.0496064 1.65753e-05 
2.93517e-08 3.83624e-05 0.405891 0.0245415 2.18106e-05 9.99156e-05 3.29663e-05 0.00561255 0.00571191 0.04244 0.00425816 9.95178e-07 0.000117536 0.036426 0.000365077 0.186118 0.0681716 0.0583818 5.11206e-05 0.000240492 0.0458442 3.94216e-06 0.0241015 0.0107847 0.00528423 0.0554279 1.4441e-05 0.0090512 0.0108652 0.000101286 
2.06389e-07 1.57999e-07 0.825529 0.00182852 2.80995e-09 9.3979e-05 4.28336e-10 0.000448035 4.82128e-06 0.091282 0.00318991 1.98733e-07 3.17932e-09 5.67568e-05 2.77923e-06 0.00266935 2.39317e-06 0.0165984 0.000895619 0.000164521 0.0251009 8.53377e-07 0.000135845 0.000159354 1.77058e-05 0.000904691 3.41995e-06 0.00171013 0.0291987 1.23477e-06 
1.722e-08 1.51275e-05 0.329288 0.243717 4.89067e-06 0.000383877 7.91785e-05 0.00343081 0.004235 0.0603878 0.159863 1.32232e-06 6.01807e-08 0.0514725 0.0273044 0.015656 0.00873203 0.00402884 0.00333996 0.00029139 0.0448374 1.32578e-06 0.0154318 9.88187e-05 0.00224607 0.000470218 0.000101704 0.00357315 0.0209384 6.98121e-05 
1.26105e-07 1.49385e-07 0.562769 0.00110546 1.16714e-06 3.76577e-05 1.72284e-06 0.00120101 1.85179e-05 0.079632 0.00246225 3.81404e-07 4.21533e-06 0.0134885 3.35159e-06 0.00506552 0.000616851 0.0182894 0.000136183 0.0026115 0.145477 4.27652e-05 6.7183e-05 0.032295 0.000997273 0.00013167 7.26646e-06 0.103824 0.0296762 3.69539e-05 
0.0228939 0.00185876 0.305253 0.00855788 2.31372e-06 0.0012462 1.4483e-05 0.00264372 0.0025295 0.0514006 0.0136258 6.03392e-07 9.73772e-07 0.00172117 0.000467505 0.040808 0.00467542 0.281572 0.00134551 0.0716855 0.103337 3.35104e-05 0.00784648 0.00383938 0.000368951 0.00762185 7.98021e-06 0.00764231 0.0569967 3.10273e-06 
0.00810771 2.63061e-05 0.259234 0.00894235 0.000895816 0.0005289 4.24121e-05 0.0107404 0.000995516 0.0712896 0.00865284 2.01545e-05 3.11534e-06 0.0203911 0.0157058 0.0263597 0.00528681 0.10508 0.00164325 0.101737 0.103666 0.0001315 0.0226345 0.00753647 0.000449739 0.00252081 1.12992e-05 0.190853 0.0264541 5.93538e-05 
3.26089e-06 0.000759559 0.841514 0.0344047 0.000193365 0.0114325 6.20014e-07 0.00923847 0.00011396 0.00634931 0.00235722 2.36167e-06 6.26918e-06 0.000461505 1.01479e-05 0.0109596 3.29769e-05 0.00544075 0.000208073 0.000146671 0.0372294 0.000166979 1.37443e-05 0.0224862 0.00011628 0.009355 4.02051e-06 0.00449102 0.00187667 0.000625202 
8.39137e-07 3.03798e-05 0.560757 0.00286471 0.000191037 0.000101085 0.00510308 0.00305352 0.00533814 0.0160981 0.0038722 1.75959e-05 5.60887e-08 0.0136403 0.0127046 0.0254558 0.00152241 0.276759 0.000298337 0.000593567 0.0329888 2.00061e-06 0.010403 0.00087236 0.000516969 0.000628049 0.00013793 0.0150154 0.0110265 8.04107e-06 
1.3551e-07 5.85815e-11 0.370924 0.0447938 0.00256793 0.000326237 0.0140579 0.014032 0.00103565 0.131472 0.0121974 1.91793e-05 1.423e-05 0.0593237 0.000150003 0.00302823 0.0655501 0.0596801 0.00155289 0.00224047 0.0369365 1.56461e-05 0.001116 0.000653962 0.00293237 0.0208258 0.00212859 0.142835 0.00957913 1.12479e-05 
1.56982e-10 8.97163e-05 0.337982 0.0151252 1.81789e-07 0.000526909 2.43924e-05 0.00181225 3.45012e-05 0.329339 0.00478853 0.000150716 3.36167e-06 0.0490592 9.4529e-05 0.00370365 0.0280561 0.0853535 0.000101084 0.000355183 0.0348906 3.47663e-06 0.00579634 0.00106995 0.000226731 0.00048179 1.02208e-05 0.0908525 0.00898564 0.00108294 
1.68163e-08 1.99207e-08 0.421501 0.0253668 2.64879e-06 0.00722462 5.40566e-05 0.0013367 3.38921e-06 0.138862 0.0290185 1.61486e-08 2.23518e-08 0.00134746 0.000399504 0.029656 8.72706e-05 0.0456587 0.0728818 0.0507791 0.10182 5.44871e-06 0.00161669 4.89628e-05 9.28157e-05 0.00788467 9.41203e-07 0.00232378 0.062027 1.85399e-07 
0.000338419 0.000284106 0.215694 0.047701 0.000495985 0.0526266 5.86423e-06 0.0153929 0.0012702 0.0967032 0.00783374 8.17859e-06 3.12037e-05 0.0696702 0.00141309 0.0509138 0.00364258 0.016783 0.00668124 0.00941628 0.0490226 0.00200761 0.000152121 0.150151 0.0103432 0.0123512 0.000151383 0.132952 0.0458474 0.000115123 
0.00040474 0.0009452 0.223032 0.0206523 0.000978278 0.00342449 0.0027 0.0192081 0.0042177 0.134568 0.0766426 1.47958e-05 0.000473553 0.0380144 0.00655321 0.0643775 0.0205454 0.10855 0.0234427 0.00610639 0.11061 0.000685468 0.00782075 0.00759381 0.00287872 0.00998985 0.00224148 0.0325019 0.0685357 0.00229156 
1.16245e-05 0.000533587 0.567675 0.00753512 2.73305e-05 0.00191769 2.06828e-05 0.00538855 0.000162146 0.0227558 0.0160638 5.02073e-06 2.16238e-05 0.0670807 0.00135863 0.00705912 0.0276977 0.0667643 0.0039614 0.000932104 0.0152934 2.14075e-05 0.00292434 0.00158051 0.006425 0.0785777 0.000104623 0.018156 0.079903 4.20839e-05 
0.000187182 2.90252e-06 0.227813 0.023966 0.000153437 0.00145597 0.000547424 0.00629465 0.000617109 0.0822868 0.144667 5.95773e-06 1.74315e-07 0.0370759 8.64236e-05 0.0293725 0.0260511 0.0583412 0.00247554 0.00718384 0.00456634 6.42332e-07 0.000481557 0.00152187 0.0493963 0.223005 0.00016963 0.048947 0.0233114 1.67155e-05 
3.10213e-07 0.15613 0.450493 0.00402289 0.000163544 0.00150736 0.0302288 0.00436285 0.00069802 0.0988457 0.0393622 1.63752e-05 4.05424e-06 0.0373668 0.00189587 0.0333443 0.00542639 0.0372811 0.00711468 0.00443489 0.0284288 0.00047424 0.014311 0.00206886 0.00277811 0.00112688 4.43617e-05 0.0151863 0.022863 1.97578e-05 
3.67678e-08 7.98811e-05 0.448604 0.00103381 1.3306e-05 3.12094e-08 3.48982e-07 0.00523434 2.51561e-06 0.0631064 0.0167385 1.21191e-06 4.88709e-08 0.000879919 1.13111e-06 0.00299274 0.00284364 0.127599 0.0024278 1.20074e-06 0.245988 4.01524e-08 1.48135e-06 1.54771e-05 2.24556e-05 0.037389 1.90335e-05 0.0296401 0.0153286 3.59356e-05 
8.29935e-06 0.0626533 0.588799 0.0828502 0.000391505 0.00345434 3.70893e-06 0.005175 0.000261564 0.0191922 0.0301275 0.0117444 1.0867e-07 0.0885395 0.00145569 0.0050797 0.0158265 0.029567 5.71452e-05 0.00300511 0.00243573 0.000100193 0.0133197 0.00921192 0.00813577 0.00816894 5.16523e-05 0.00984236 0.000542308 8.44028e-08 
6.59258e-06 4.49821e-06 0.229947 0.0791162 5.05526e-05 0.00381462 0.00593373 0.00137658 0.0363637 0.191906 0.0274649 5.86431e-09 1.79445e-06 0.00213292 0.0794972 0.0383543 0.00477412 0.0321761 0.00281024 0.0171753 0.0271511 0.00270388 0.00448629 0.0684147 3.99139e-05 0.00111151 0.00011719 0.0420221 0.100841 0.000205952 
1.7163e-06 0.160715 0.431397 0.00102272 0.00565292 0.0057651 0.000802782 0.0122105 0.000177197 0.063906 0.0070251 1.40975e-05 3.12561e-07 0.0252412 0.000462162 0.0105289 0.0444797 0.00647177 0.00943366 0.00433153 0.00939082 0.000101656 0.00411904 0.00236474 0.121035 0.0012962 0.0170102 0.045265 0.00975682 2.19468e-05 
2.60862e-06 4.26569e-09 0.378011 0.00156095 0.000373308 3.05656e-09 6.44835e-10 0.0052061 8.14972e-06 0.00604047 8.15964e-06 1.30011e-06 5.19858e-06 2.04153e-06 7.89883e-10 0.0228357 0.121256 0.118151 0.0952101 4.89971e-06 0.122249 4.5259e-06 1.27579e-06 2.16967e-09 2.35747e-09 5.21768e-06 6.0996e-09 0.128294 0.000721746 4.80269e-05 
7.34799e-06 1.72277e-08 0.559096 0.00168919 3.83937e-06 1.39901e-05 3.77056e-06 0.0252815 0.000387982 0.202881 0.00124454 3.5766e-07 0.00643217 0.0408061 6.10295e-06 0.0368932 0.00487741 0.0533194 0.00209782 1.83001e-06 0.00583871 3.70665e-05 0.000221031 0.00877565 7.90097e-05 0.0233759 6.39121e-06 0.0161957 0.0104274 1.50135e-08 
1.73857e-09 0.0122123 0.200407 0.0121603 2.04239e-09 9.95193e-06 0.00017702 0.00829713 0.000477592 0.0376745 0.00409893 1.1781e-05 1.8458e-06 0.0998453 0.000317466 0.0628587 0.0530537 0.0639079 0.00199311 0.0130985 0.171921 0.000110287 0.000657015 0.0152415 0.000164127 0.000464928 7.23178e-07 0.151012 0.0898245 1.69783e-06 
7.41e-07 1.45347e-07 0.218996 0.0151899 0.000132239 0.00938762 7.74548e-07 0.0541461 0.00277904 0.0376554 0.00716985 1.03985e-07 5.80534e-09 0.0310495 1.9238e-06 0.071191 0.0276433 0.198593 0.00352439 0.0100044 0.0370749 1.06102e-06 5.75938e-05 0.0280471 0.000481307 0.023989 0.00660347 0.046024 0.170214 4.15311e-05 
5.71902e-06 0.0014554 0.325612 0.0355947 1.75906e-05 0.00335313 2.88769e-05 0.0158456 0.0114316 0.219418 0.00486419 2.25763e-05 0.0323385 0.0390057 0.000184753 0.0668277 0.00473139 0.0231762 0.0107118 0.00495147 0.076795 0.00571617 0.00163546 0.0024467 0.00090672 0.0322801 0.00133741 0.0304992 0.0487691 3.66858e-05 
2.00579e-06 0.00705369 0.429549 0.0266126 2.34434e-06 2.84909e-05 1.69205e-05 0.000517388 3.24093e-07 0.122858 0.00210153 2.31075e-09 3.19839e-09 4.61862e-07 9.36192e-06 0.000742648 0.00351851 0.135055 0.000588954 0.0470173 0.0677033 2.9108e-05 3.12658e-05 0.000628063 7.97394e-06 0.0025514 6.35511e-06 0.0323877 0.12098 8.12822e-08 
0.00037525 0.00322668 0.255073 0.0165837 0.00204791 0.00102855 0.00730923 0.0104924 0.00608062 0.177831 0.020527 3.60557e-05 0.000687137 0.0304737 0.0090717 0.0458431 0.0187211 0.0517606 0.0369344 0.058807 0.0854658 0.000330142 0.00697662 0.00958807 0.0305046 0.00702284 0.000252101 0.0546882 0.0512706 0.00099093 
1.30581e-10 1.54687e-10 0.382107 6.37749e-07 1.53401e-10 0.00110479 7.21003e-08 0.000480908 0.000478301 0.0636409 0.0497471 1.25396e-10 3.37291e-07 0.0654934 2.86436e-11 0.00796066 5.81578e-07 0.248306 0.00160156 0.00117781 0.00547019 1.32481e-06 0.000219656 0.129366 0.00175161 0.000256565 2.2119e-10 0.017105 0.023728 1.5875e-06 
6.33395e-05 0.0127996 0.188583 0.0456831 0.000783627 0.0132123 0.00297109 0.0165124 0.00388943 0.0933024 0.0475812 1.52747e-05 0.000159527 0.0175158 0.0190827 0.0333926 0.00987366 0.122151 0.0100322 0.0090301 0.180183 5.48882e-05 0.00750905 0.00146325 0.0014579 0.0146157 0.000102671 0.0299083 0.117937 0.000134523 
1.7291e-08 0.000139951 0.671294 0.0111423 7.41374e-06 3.0062e-06 1.60375e-06 0.06732 0.000229087 0.107066 0.0163651 1.63657e-06 1.65958e-05 0.0302951 5.53926e-05 0.0494665 0.00195557 0.0173263 0.00102287 0.000143391 0.0147639 6.72136e-06 0.00404718 0.00262633 4.39058e-05 9.52635e-05 0.000127393 0.00315977 0.00127247 5.52112e-06 
1.54125e-09 7.27157e-07 0.279899 0.000560975 0.00947995 0.000366875 1.18253e-05 0.000979386 0.000191557 0.154531 0.0109692 1.39125e-05 1.39081e-07 0.00288716 5.2172e-05 0.0107312 0.000616268 0.227889 0.168216 0.0204497 0.0703341 8.01137e-05 9.19018e-05 0.00195766 0.00121797 0.0211718 3.71407e-05 0.00553073 0.0116952 3.71794e-05 
3.8997e-06 0.000954608 0.317844 0.0155283 7.96367e-05 0.00230725 0.000409971 0.0103144 0.0123238 0.0872879 0.0146124 0.000270933 7.99863e-05 0.0106784 0.00664561 0.0398068 0.00692562 0.179291 0.0148681 0.0130148 0.124621 0.000350297 0.0204203 0.0043026 0.000245449 0.00412595 0.000239472 0.0223349 0.0869119 0.00320148 
4.79038e-08 0.00236923 0.554847 0.0137762 4.15441e-05 0.0011133 0.000118116 0.0242694 0.0631858 0.0282679 0.0326203 1.25551e-07 1.89722e-06 0.0474535 0.0126923 0.0508309 0.0126601 0.025367 0.00011405 0.000434945 0.0527251 1.62194e-06 0.00541515 0.00126771 0.0110813 0.02508 9.40606e-05 0.0323121 0.00184805 1.18255e-05 
8.54765e-07 0.000983887 0.308784 0.0231599 0.00180261 0.00118249 0.00563612 0.0113683 0.00236819 0.0774632 0.0587482 3.90207e-05 0.000271255 0.0247728 0.00654856 0.0365995 0.0175958 0.0765262 0.035859 0.0666195 0.102896 0.000405701 0.0205598 0.00615606 0.0300707 0.00435561 0.00016648 0.0139664 0.0619522 0.00314197 
4.72657e-06 0.0219503 0.529509 0.00609008 0.00150307 0.000981629 0.00309672 0.0367359 0.00050987 0.0784536 0.00457491 4.50509e-06 0.000340071 0.0267402 0.00322384 0.0407301 0.00684421 0.0287047 0.00772773 0.00407118 0.0304282 0.00028075 0.00979617 0.00154044 0.000803122 0.0520858 0.000642504 0.0342649 0.0682981 6.3239e-05 
1.1273e-08 0.00144048 0.478516 0.0504779 4.54535e-07 0.000203568 6.3135e-05 0.000354534 0.00954144 0.00302618 0.00379476 2.67234e-06 9.55698e-07 7.85245e-08 1.27017e-05 0.00148749 0.000560071 0.110834 0.000559923 0.120903 0.0144289 4.13665e-06 3.5442e-05 0.0045351 0.00027073 0.00730703 0.00243092 0.0190662 0.0703744 0.0997681 
9.04586e-06 0.0118419 0.518292 0.00927664 0.00133704 0.00147274 0.000177681 0.0169692 0.000967082 0.117012 0.0282812 5.24333e-06 1.90693e-05 0.0318019 0.00119748 0.00761862 0.0169519 0.0369335 0.00585287 0.00502621 0.0491342 0.0169263 0.0166793 0.00155743 0.0153344 0.0158826 0.000379764 0.0627491 0.00958035 0.000732994 
7.57149e-07 0.00198921 0.680722 0.0387395 2.86683e-05 0.000993546 1.08387e-05 0.0017031 1.40668e-05 0.0707758 0.0180943 8.42873e-07 0.000282211 0.0789009 0.000167065 0.00505032 0.00139125 0.00180662 0.0225958 0.00241872 0.0194278 1.01972e-05 0.000293926 6.31739e-05 0.000856736 0.0066388 0.00322443 0.0379922 0.00580713 4.6171e-07 
4.10856e-07 0.000220176 0.273818 0.00911146 1.33485e-05 2.40689e-06 1.03584e-05 0.00875383 0.00121964 0.0786694 0.0507834 2.70199e-07 4.973e-05 0.00288721 0.00887076 0.0273063 0.00323872 0.0349056 0.244472 0.0180707 0.0756763 1.64889e-05 0.000477675 0.000383755 0.00070814 0.00220305 4.3637e-05 0.0167006 0.141375 1.19578e-05 
2.78765e-05 6.05378e-07 0.238578 0.0176771 3.88839e-05 0.00472648 0.000477933 0.017068 0.00166944 0.00213469 0.00788427 2.93023e-06 7.65231e-05 0.115488 0.0138911 0.0926449 0.0944415 0.0486007 0.0472674 0.0251327 0.0226498 0.0201778 0.00012488 0.0072465 0.000908721 0.00976507 0.0075179 0.203154 0.00061773 7.78241e-06 
1.76456e-07 0.000348462 0.386047 0.00768418 0.00140609 1.85453e-05 0.00015835 0.0101358 0.00199273 0.129263 0.0194288 2.20206e-05 0.000117881 0.0158278 0.0033533 0.0502072 0.0108633 0.0815505 0.0184277 0.00613252 0.0913525 6.92919e-05 0.00478871 0.0956847 0.000751856 0.00575832 5.13461e-05 0.0253316 0.0331019 0.000124746 
1.07601e-05 3.17865e-08 0.878441 0.000130733 8.82936e-05 2.27765e-08 4.8051e-09 5.49e-05 9.1802e-09 0.000162726 0.000535722 2.57675e-08 3.56657e-08 0.0166872 5.88594e-09 1.79965e-07 5.21626e-07 0.000251806 9.98126e-05 0.000108321 0.000382172 2.93031e-08 5.10776e-09 0.000237681 0.000321495 0.000108388 4.54521e-08 0.102126 0.000193914 5.82e-05 
3.26969e-06 3.05142e-05 0.472653 0.0139258 0.000114615 0.00123621 1.63205e-05 0.00573367 0.00128396 0.0284061 0.146661 1.04022e-06 0.000637149 0.00964371 5.93933e-06 0.0894138 0.00301526 0.0740625 0.00249903 0.0505978 0.0193745 6.49359e-05 0.00269404 0.0213292 0.00224369 0.0355556 0.000182026 0.0071659 0.0114487 2.01781e-07 
0.00310634 9.5159e-05 0.514778 0.00725405 0.00018469 0.00034512 1.06268e-08 4.09997e-05 3.36388e-06 0.00115737 0.0192899 2.93303e-06 7.88776e-08 0.161698 1.30172e-08 0.000767431 0.169902 0.00365973 0.000867516 2.7637e-05 1.56466e-05 2.47476e-06 1.7216e-06 0.00224821 0.000127664 0.00843673 1.00521e-07 0.105911 6.43606e-06 6.96858e-05 
8.5124e-07 0.00211916 0.628448 0.00402156 0.00031283 8.67005e-06 0.00680682 0.0213319 0.000394071 0.0461311 0.032732 8.06328e-06 2.48876e-06 0.0169176 0.0003326 0.0258407 0.000512576 0.0714385 0.0058055 0.0119507 0.0415211 3.65102e-06 0.00662552 0.000419824 0.000143926 0.00125959 3.37486e-05 0.00239977 0.0723757 0.000101555 
0.0203319 0.0175116 0.236524 0.0142245 0.00436078 0.0164727 0.000170177 0.0491173 0.00948601 0.0269049 0.00819511 3.88209e-06 0.00218225 0.0992729 0.0233626 0.222331 0.0218937 0.0405408 0.0189805 0.00688616 0.0653268 3.75377e-05 0.0570663 0.00122633 0.0010534 0.00988916 0.000490913 0.0176999 0.00744496 0.00101137 
3.50026e-06 0.0178494 0.259748 0.0203323 0.0157501 3.50113e-06 0.00596196 0.151394 3.50404e-06 0.0652082 3.50485e-06 3.50049e-06 3.49836e-06 0.0918357 3.50475e-06 0.0610017 3.5049e-06 3.5054e-06 3.50412e-06 3.50429e-06 0.0150774 3.49974e-06 3.50492e-06 0.00875986 0.0175147 0.132096 3.49627e-06 3.5051e-06 0.137415 3.50008e-06 
1.95766e-08 1.65879e-08 0.493917 0.0016607 1.77249e-05 0.000164063 4.43182e-09 0.000176956 1.86432e-06 0.31667 0.0157116 5.69829e-07 1.68944e-07 0.000954798 2.15048e-05 0.00483939 0.00196797 0.049972 0.00493734 0.000930666 0.011137 4.42543e-05 0.0103081 0.000247703 1.75678e-09 0.00864246 4.20949e-06 0.0105734 0.0670981 2.44682e-08 
0.0157924 5.32621e-09 0.339685 0.00704142 3.60197e-07 0.000105053 3.11086e-06 0.062595 0.00815618 0.0109245 0.0103664 4.31766e-09 2.61309e-07 0.0105353 0.000449954 0.108603 0.00574971 0.0726963 0.000354633 0.000811361 0.00374045 0.00143974 0.000583549 0.00195016 6.43628e-05 0.0516508 2.53849e-06 0.276382 0.010295 2.14721e-05 
2.49577e-09 2.46291e-06 0.308433 0.0608003 2.93191e-09 0.000231909 1.09448e-07 0.00501971 0.000118665 0.011935 0.0950305 2.59983e-07 2.39546e-06 0.000479798 2.17799e-07 0.000579419 0.00124962 0.0989244 0.00134046 0.00042363 0.0625179 1.37923e-07 1.69366e-07 0.00478724 1.63393e-09 0.269798 4.22756e-09 0.0550203 0.0233027 1.47236e-06 
1.95766e-08 1.65879e-08 0.493917 0.0016607 1.77249e-05 0.000164063 4.43182e-09 0.000176956 1.86432e-06 0.31667 0.0157116 5.69829e-07 1.68944e-07 0.000954798 2.15048e-05 0.00483939 0.00196797 0.049972 0.00493734 0.000930666 0.011137 4.42543e-05 0.0103081 0.000247703 1.75678e-09 0.00864246 4.20949e-06 0.0105734 0.0670981 2.44682e-08 
1.99526e-05 0.00011442 0.279024 0.00668139 0.00514322 0.000473445 7.18006e-06 0.032564 0.00456187 0.127857 0.0181633 5.29943e-07 1.75801e-06 0.00309035 0.00913716 0.0376061 0.00458638 0.0958895 0.00923925 0.00655192 0.108524 0.0234303 0.00110704 0.0119449 0.000179535 0.00557338 4.91274e-05 0.0115713 0.196838 6.9886e-05 
2.18188e-05 0.00613703 0.303399 0.0104508 0.000335969 0.000376977 0.00113358 0.00916299 0.00580068 0.155958 0.00382685 1.25027e-05 0.000724982 0.0406185 0.0194739 0.0423163 0.0163726 0.0844071 0.0174862 0.0149115 0.0826689 0.00402388 0.0161799 0.00139922 0.0115854 0.00444002 0.00021382 0.0323183 0.113695 0.000548354 
1.66295e-07 0.00016646 0.391523 0.00864694 1.33965e-05 0.000337495 1.72346e-05 0.00196675 0.000498947 0.0254284 0.0170766 9.39069e-07 3.40005e-08 0.00077048 0.00959956 0.0074199 0.0011003 0.0799986 0.00412376 0.0142803 0.0745579 3.17265e-06 0.0067093 0.000677441 5.08099e-05 0.00202654 4.70207e-06 0.00134663 0.351635 1.91226e-05 
8.1791e-06 1.17154e-10 0.548679 0.0035124 0.00537989 0.00017862 0.000164931 0.00115277 9.18207e-06 0.129113 0.0257384 4.32453e-09 1.31451e-10 0.0060246 3.05995e-07 0.00558024 0.09761 0.00672871 0.00216489 0.00351366 0.118304 6.2186e-05 0.000137885 2.04189e-07 0.0013488 0.000134292 0.000129967 0.0428094 0.00123599 0.000278503 
8.1346e-06 0.00120123 0.277692 0.00658223 0.00693267 0.00203706 0.00283902 0.0103591 0.00027435 0.019761 0.00594773 6.9984e-06 1.42492e-06 0.117887 0.000315882 0.12302 0.2554 0.0490607 0.00292495 0.00282475 0.0350717 0.000946693 0.000654397 0.00826108 0.000293096 0.00235034 0.00203026 0.0469718 0.01812 0.000224486 
9.06635e-07 0.0120912 0.17182 0.0258541 0.000873241 0.0527294 0.00308903 0.00284667 0.00888491 0.152334 0.00137164 0.000110465 0.000190484 0.0624132 0.00624052 0.167192 0.0129429 0.0293362 0.0107251 0.031437 0.0581195 0.00706599 0.00498024 0.00772201 0.00364067 0.00863275 0.00897577 0.119916 0.0283674 9.73423e-05 
1.53403e-05 3.95783e-06 0.408774 0.0247037 3.41278e-07 1.8445e-05 3.18601e-05 0.00445786 0.000108376 0.00710095 0.00572316 1.82315e-08 2.52349e-08 0.0350617 0.000294978 0.0228814 0.0573637 0.106004 0.000382018 0.00350182 0.205792 1.24457e-05 0.00163193 0.000674015 9.78595e-05 0.0103661 0.00237577 0.00689383 0.0954718 0.000256622 
2.18828e-07 0.0117911 0.238564 0.156439 0.000289729 2.32266e-05 6.63382e-05 0.00115864 0.000103329 0.132042 0.0377276 3.03243e-06 3.67837e-05 0.0183234 0.00116423 0.0101564 0.0133384 0.0259899 0.0279145 0.00200568 0.219425 2.21499e-06 0.000206926 0.000517234 0.000255857 0.00682624 4.03802e-05 0.0490784 0.0452998 0.0012103 
8.74179e-09 2.10795e-05 0.764348 0.00323551 9.38754e-09 1.13199e-05 4.16404e-06 0.00310321 0.000182092 0.0233049 0.00688161 1.86267e-08 1.38342e-05 0.000418791 3.91713e-06 0.00817125 0.00155685 0.0877573 0.0157336 0.00469408 0.0580625 5.17826e-06 0.000349272 7.42497e-05 4.19432e-06 0.00099599 3.08696e-05 0.00981761 0.0112142 4.63347e-06 
1.05034e-07 0.000268024 0.226089 0.0234331 0.000183079 0.000772234 0.00750107 0.0149621 0.000552047 0.172866 0.00922268 8.57326e-05 1.78291e-07 0.0027389 0.00137757 0.0452979 0.00293976 0.0890089 0.0109215 0.00970654 0.109638 0.0100821 0.000323041 0.00385362 0.0161303 0.00872622 1.25519e-05 0.207918 0.0251813 0.000207716 
4.09487e-10 4.09027e-05 0.251139 0.00870093 0.00656268 0.00236146 0.00108753 0.0128023 0.0008308 0.121808 0.0257681 2.74907e-09 6.66962e-06 0.239013 0.000488875 0.0593224 0.0238974 0.0624028 0.00844723 0.011402 0.0080185 0.000266236 0.0578084 0.00754249 0.000606363 0.00660604 5.37119e-06 0.0717559 0.0113092 4.22735e-10 
0.00163049 0.00805345 0.227352 0.0276126 0.000628513 0.00107539 0.00525604 0.00977312 0.00426294 0.20385 0.00901644 2.44163e-05 0.000233717 0.0206057 0.0315874 0.0405999 0.016315 0.0828446 0.00936867 0.0766737 0.1193 0.000350655 0.00733302 0.00116976 0.0011282 0.00171365 0.00012189 0.0562291 0.0346948 0.00119499 
4.45541e-08 1.10056e-05 0.26063 0.0424751 7.14349e-05 0.000280899 1.01903e-05 0.0183542 0.000636535 0.110377 0.0344164 3.0073e-07 1.58666e-10 0.00933411 2.27496e-07 0.0343489 0.00384614 0.16236 0.0691177 0.00422256 0.21428 6.46078e-05 0.0011167 0.00011192 0.0002569 0.00453658 2.19749e-05 0.00105762 0.0280598 5.9355e-08 
2.87754e-06 0.0049242 0.227741 0.0120084 0.00195887 0.00827542 0.000351135 0.0032462 0.000786884 0.0175838 0.0334834 1.89382e-06 0.00106249 0.107694 0.0393983 0.0248054 0.0144493 0.171579 0.00386788 0.10417 0.0759483 1.49249e-05 0.00523894 0.00529771 0.00389055 0.00324325 6.52223e-05 0.0318367 0.0970709 2.56604e-06 
4.8381e-08 0.00556241 0.500211 0.00144091 0.000341129 0.000733497 1.67896e-07 0.0127046 0.000498125 0.0561588 0.031696 6.38671e-08 1.40646e-10 0.00412283 0.000349072 0.0104374 0.000355758 0.122764 0.0595383 0.000907193 0.154061 6.98004e-05 4.53052e-05 3.40143e-07 0.00179615 0.0115491 1.98266e-05 0.0199728 0.00466461 1.09238e-10 
2.87443e-07 3.0075e-07 0.254583 0.00550477 0.000616678 4.44708e-07 0.00176741 0.0588033 0.00162098 0.0463908 0.00169289 3.63561e-08 0.00039027 0.188639 0.00258312 0.0565913 0.0301798 0.0910172 0.000630293 0.00550093 0.0017894 6.57105e-05 5.91736e-07 0.116673 0.000942462 0.00790289 0.000225046 0.118409 0.00711178 0.000367119 
3.50649e-07 0.00498905 0.391538 0.00456759 0.0001766 0.000620974 0.016273 0.0377087 9.62304e-05 0.19492 0.00483298 6.79987e-06 1.88013e-07 0.0295729 0.000865392 0.023684 0.0352611 0.0109453 0.00121345 0.00041798 0.00892385 2.35397e-05 0.00601379 0.00130941 0.031008 0.00607637 0.0083922 0.178763 0.00177739 2.15433e-05 
1.07939e-05 0.133283 0.590302 0.00994681 0.0023406 0.0102805 3.96287e-05 0.0110743 0.000603194 0.0154397 0.0248444 3.46291e-06 1.7879e-05 0.0409872 0.00525882 0.0199913 0.00555315 0.0151693 0.0219644 0.00115438 0.0384499 2.71726e-05 0.000189557 0.00315949 0.00245479 0.0230813 0.000121004 0.0230667 0.00117225 1.31067e-05 
0.000376043 0.000195136 0.44881 0.0124035 0.000491159 0.000157494 0.00029126 0.00312859 0.00133491 0.0729717 0.0122052 2.70204e-05 0.00113233 0.03765 0.00279753 0.0246617 0.00687566 0.0564014 0.0209945 0.00932238 0.156492 2.62647e-05 0.00947845 0.0475659 0.000897993 0.00512565 3.7063e-05 0.0634488 0.00469993 5.48584e-07 
3.35922e-06 0.010713 0.55751 0.0895689 7.95561e-06 5.19906e-05 8.46839e-05 0.0126121 0.000731159 0.00968122 0.00381777 0.0325473 0.000279732 0.061247 0.00120575 0.0334321 0.00637565 0.013406 0.0201686 0.00987644 0.0482192 0.00168405 0.00136751 4.6078e-05 0.000622448 0.00215486 2.65928e-05 0.0406111 0.0419308 1.67572e-05 
1.26049e-08 1.49318e-08 0.461095 0.0369889 1.08918e-06 0.000240692 3.8218e-06 0.0357273 4.4508e-05 0.0402731 0.00429571 5.18078e-08 1.0952e-05 0.00950828 6.50531e-06 0.00260808 0.00239164 0.139973 0.00105193 0.0296244 0.0564584 0.00120762 0.00022659 0.000908983 3.35283e-06 0.061153 9.57171e-05 0.0447841 0.0712602 5.77404e-05 
9.62316e-09 3.64589e-06 0.362405 0.0235576 1.29776e-05 1.25072e-07 3.87437e-05 0.0140454 5.20818e-05 0.0696827 0.0129447 1.09481e-06 1.97117e-05 0.000932029 0.00213397 0.0148445 0.00115699 0.0753101 0.0582529 0.00410587 0.0821294 4.16288e-07 0.0369114 7.49036e-08 1.19602e-07 0.00981848 8.71949e-06 0.0057828 0.225789 6.03824e-05 
0.00730247 1.38371e-07 0.249889 0.112334 0.00589682 6.40886e-05 8.59487e-05 0.0026949 0.00554617 0.0170675 0.0206124 5.26389e-05 4.88135e-08 0.00699442 0.0137491 0.0831074 0.00323339 0.110705 0.00106563 0.0476436 0.104449 0.000115812 0.0013955 0.013635 1.71055e-06 0.0165107 0.000215758 0.155155 0.0204769 6.48652e-08 
4.61795e-08 8.22136e-06 0.404895 0.00278711 0.000235954 0.0110325 0.0108682 0.0031486 0.0279297 0.192669 0.0328406 3.1394e-05 3.30975e-06 0.00436189 8.66403e-05 0.0121107 0.0505772 0.021172 0.00801491 0.00679161 0.144589 0.00113119 0.00076439 0.00787387 0.004171 0.000970538 7.6059e-05 0.0389159 0.0118935 5.08498e-05 
0.02249 0.0211748 0.168434 0.0183629 6.73109e-06 0.000654231 8.7891e-05 0.0167122 0.00306829 0.133917 0.0199972 2.33601e-06 1.22097e-05 0.16216 0.000560886 0.0655821 0.0372404 0.0238135 0.00740435 0.067973 0.0398754 0.000103105 0.00915835 0.000685158 0.00654138 0.000952199 0.00037203 0.11219 0.0604615 6.43131e-06 
1.52207e-05 0.0104484 0.204659 0.0187589 0.00317926 0.00389532 5.43505e-05 0.0070378 0.0022095 0.103642 0.0214074 5.39655e-05 4.76497e-05 0.0405646 0.0564739 0.0410704 0.0108196 0.133934 0.0173193 0.00536643 0.196023 0.000270694 0.0117559 0.00505766 0.00363471 0.0157619 0.00024022 0.0146253 0.0705932 0.00107975 
3.47152e-08 0.00430822 0.517615 0.0092353 9.11335e-05 1.47714e-05 0.000785987 0.00155541 2.79592e-05 0.130644 0.00532932 1.11512e-05 0.000303713 0.000449981 0.00447518 0.00448598 0.000252544 0.0278056 0.00320585 0.0191138 0.180931 1.37436e-05 0.00337236 0.00023878 3.53175e-05 0.00682355 4.03905e-05 0.0269799 0.0518291 2.48703e-05 
7.2084e-07 2.89978e-06 0.470615 0.017258 8.80755e-06 0.0010648 0.000438899 0.0023714 0.000787697 0.121795 0.04104 1.51761e-05 1.20521e-05 0.0133319 0.00068492 0.0178581 0.0114201 0.130277 0.00317256 0.0100269 0.084499 0.0134491 0.00274672 0.00211645 7.21032e-05 0.00130895 9.40612e-05 0.0332379 0.0202059 8.80946e-05 
3.01856e-10 3.5758e-10 0.47318 0.0267811 1.38413e-06 0.00258503 7.04522e-06 0.0131601 0.00167156 0.176716 0.0629997 3.08617e-08 1.9715e-06 0.02735 7.29576e-05 0.0309796 0.0009559 0.0225202 0.00319668 0.00806435 0.0449607 5.35018e-08 0.00283803 0.0397164 0.00721521 0.0239272 0.000555157 0.0228912 0.0076255 2.69917e-05 
1.93287e-06 0.00230286 0.296243 0.0231913 0.000259473 0.00096926 0.000241529 0.0031016 0.000410774 0.283061 0.00922366 5.27539e-05 3.47049e-06 0.0150821 0.000515288 0.0114831 0.0203877 0.184596 0.0100236 0.00108493 0.0523845 3.06797e-05 0.0129863 0.0169569 0.00117976 0.00518208 0.024221 0.00462495 0.020182 1.61704e-05 
3.31209e-05 0.00275793 0.601123 0.00118537 7.84744e-06 0.00642381 9.50218e-05 0.00174651 2.34923e-05 0.066671 0.00472967 3.19397e-07 0.000202706 0.0487496 0.000122598 0.0184571 0.0111789 0.0657959 0.000600403 0.0101043 0.0763995 1.03849e-05 9.91159e-05 0.00121909 0.000689231 0.0122972 0.00109237 0.00900465 0.0591765 3.41372e-06 
2.956e-05 0.000453177 0.177494 0.0212052 5.98279e-05 0.00113673 0.0181779 0.118165 0.0145167 0.156068 0.0102082 4.30662e-05 1.01673e-05 0.0363956 0.00575128 0.0342532 0.0223248 0.0868445 0.00613562 0.00783746 0.0889571 0.000400508 0.00265681 0.00255887 0.00254066 0.00679489 0.00053474 0.129776 0.0399161 0.0087547 
0.000990383 6.37493e-05 0.384105 0.00589739 0.00645132 0.00018998 0.0040616 0.0108394 0.0280139 0.0500959 0.0355204 1.05089e-05 1.98452e-05 0.0183245 0.00098312 0.0361408 0.0231388 0.0973798 0.00620735 0.00493184 0.0305622 0.00899481 0.000639458 0.0339771 0.00302714 0.0743575 0.000144333 0.108409 0.00882133 0.0177022 
1.02449e-08 1.3961e-05 0.279908 0.00493515 4.97766e-06 8.69612e-09 4.90365e-05 0.043519 0.00220507 6.38621e-05 8.85132e-06 8.20055e-06 0.013696 0.0103383 0.000404251 0.145984 0.1768 0.221389 0.0240588 0.0063562 0.0220186 1.1188e-08 0.000350582 3.64355e-05 6.46156e-05 0.000104738 0.0129845 0.00182306 0.0328756 1.05763e-08 
9.37406e-08 7.61199e-06 0.509054 0.0050436 0.00170236 0.00228351 0.000195231 0.0443656 0.00132832 0.00769857 0.00418144 5.43003e-06 1.24598e-07 0.020095 0.000301389 0.185961 0.00124707 0.0562264 0.00586148 0.02786 0.0372047 0.00046869 0.000779471 0.00571197 0.00206993 0.0146903 6.99448e-05 0.0085824 0.0570043 9.67734e-08 
3.77048e-09 3.24363e-05 0.460742 0.000402705 0.000568412 0.000187495 3.9703e-07 0.00191777 0.000406586 0.0130944 0.0235234 6.15918e-06 5.01163e-09 0.0148111 4.0482e-06 0.0432013 0.00421246 0.0478467 0.0015375 0.00786001 0.142031 1.91836e-05 0.0349157 0.000900836 9.57905e-05 0.11148 5.61947e-06 0.00728975 0.0826086 0.000299184 
8.40624e-09 0.00285256 0.726972 0.00327584 0.000123159 0.000108403 9.09141e-09 0.00204131 3.49156e-07 0.0340087 0.000913553 1.71126e-08 0.000256622 0.0898687 1.84395e-09 0.000397704 1.8388e-06 0.00315914 0.00010526 0.000360438 6.28986e-07 2.04509e-07 1.30933e-05 3.97246e-06 0.000213428 0.101565 0.000186182 0.00196257 0.03161 8.67821e-09 
0.0409071 9.10092e-06 0.603457 0.00101349 0.000372256 0.00416515 5.5653e-06 0.0120768 0.00163869 0.0264076 0.00162402 3.35135e-05 2.95521e-05 0.00953008 0.000206742 0.0334035 0.00170384 0.0564166 0.00142721 0.00433241 0.0170526 0.000272155 0.00169951 0.0198274 0.000174458 0.141378 2.66776e-05 0.0159728 0.00483596 1.79924e-08 
1.65193e-11 1.95689e-11 0.326141 0.041457 9.80759e-08 0.00458997 3.54234e-06 0.000658588 6.0969e-06 0.282099 0.0731795 1.58634e-11 2.1957e-11 3.74717e-06 3.62359e-12 0.000590335 2.35514e-05 0.147495 0.00096178 0.00253776 0.0905769 1.37771e-08 3.20708e-08 0.000209741 0.00369981 0.0042837 3.82646e-08 0.0206176 0.00086484 2.07313e-08 
5.57019e-05 0.00063115 0.343664 0.0341524 0.005364 0.00254287 0.000338513 0.000991597 0.00121186 0.0821923 0.255555 2.54919e-05 7.69566e-08 0.00647113 0.0190153 0.0257301 0.0220118 0.0151473 0.00263179 0.00186644 0.0262973 2.90919e-05 0.0121931 0.00098379 0.0838321 0.00308717 0.000155852 0.0452435 0.00845652 0.0001236 
3.9504e-09 4.67967e-09 0.430564 0.00977776 0.000226932 2.08955e-05 3.95691e-06 0.000405545 0.000370311 2.59812e-05 0.039288 2.95632e-08 5.39091e-06 0.00213551 8.66539e-10 0.00858072 9.95251e-05 0.193492 0.00291594 0.00482728 0.0560901 2.81455e-05 2.08783e-05 2.63761e-05 0.000435397 0.000162947 1.44136e-06 0.00980821 0.240687 4.07821e-09 
2.12383e-05 8.36866e-07 0.577042 0.0103946 8.29905e-07 0.000448753 0.0392406 0.000715608 0.000681014 0.152936 0.0113272 0.000203598 9.38997e-07 0.0085271 0.000551416 0.00439965 0.0223581 0.0740228 0.0014733 0.00112093 0.0540858 5.18574e-06 0.000125939 0.000540533 0.000189455 0.00989282 0.000200213 0.0147987 0.014693 2.27272e-06 
0.000154883 0.000340051 0.28972 0.0100737 0.000121238 0.0015746 0.00184173 0.00950273 0.000534785 0.261927 0.00709335 1.82521e-06 9.91549e-07 0.0179879 0.0133051 0.0295357 0.00778769 0.0981328 0.00190926 0.0158004 0.129554 0.00158697 0.0274985 0.00150826 0.0016691 0.00349123 2.89062e-05 0.0309906 0.0362856 4.08152e-05 
1.00577e-06 1.50141e-06 0.327338 0.00775865 2.45433e-06 0.000164242 1.3232e-06 0.00450175 0.00266471 0.277588 0.000857357 5.75e-07 8.40283e-06 0.00234691 0.00078966 0.0311828 0.00219223 0.125709 0.00888167 0.000417621 0.0967356 2.37099e-06 0.00540635 0.00120187 0.000634027 0.00391238 1.10884e-05 0.00277594 0.0969075 4.95258e-06 
8.40624e-09 0.00285256 0.726972 0.00327584 0.000123159 0.000108403 9.09141e-09 0.00204131 3.49156e-07 0.0340087 0.000913553 1.71126e-08 0.000256622 0.0898687 1.84395e-09 0.000397704 1.8388e-06 0.00315914 0.00010526 0.000360438 6.28986e-07 2.04509e-07 1.30933e-05 3.97246e-06 0.000213428 0.101565 0.000186182 0.00196257 0.03161 8.67821e-09 
2.63996e-07 4.65814e-08 0.164563 0.0050919 2.42195e-05 0.000209043 5.09044e-06 0.0940295 0.000262308 0.105147 0.154562 0.000101078 0.000245236 0.0219508 0.000205607 0.0523605 0.0044613 0.123463 0.0105573 0.0169373 0.0647357 9.39182e-08 0.00568527 0.00459255 0.000382798 0.00967189 3.71122e-05 0.130681 0.0300368 1.31593e-07 
1.37822e-07 0.00085857 0.26527 0.156161 0.00378051 0.00334206 1.54657e-05 0.0126078 0.00111049 0.0915551 0.0680653 3.32555e-07 0.000655788 0.0152231 0.00221128 0.048243 0.0071055 0.115352 0.0111016 0.00773278 0.0777428 0.00110924 0.0248027 0.00961836 0.0021083 0.0259392 0.000129947 0.0105981 0.0362836 0.00127575 
1.37915e-07 4.88412e-11 0.344867 0.0406587 0.000217719 4.88946e-08 5.20657e-06 0.00166072 3.80316e-08 0.104597 0.016204 6.93866e-06 2.19364e-08 5.86915e-08 9.04398e-12 0.000311768 0.000559699 0.123907 1.99681e-07 0.00292173 0.0424184 7.61537e-05 9.98892e-09 0.000864286 1.2152e-08 0.00347161 3.95607e-07 0.255083 0.0618292 0.000340098 
4.43664e-12 0.0162174 0.682716 0.00135907 6.36285e-09 1.17641e-07 2.86004e-08 0.00406454 3.08603e-08 0.154825 0.00221048 3.9406e-09 5.59232e-10 0.0338258 9.73199e-13 0.000131761 0.000887032 0.0267379 0.000191098 6.07798e-05 0.0348187 7.23582e-06 0.00254697 0.00103727 0.000102886 0.00220462 9.04817e-06 0.026067 0.00978237 0.000196044 
1.56689e-08 2.73933e-06 0.296189 0.0916962 1.06928e-05 0.000282666 0.00145062 0.167359 0.010911 0.0992977 0.00992869 6.5486e-07 2.54496e-06 0.0149653 0.00472661 0.0912943 0.00160713 0.0469689 0.00494027 0.00484645 0.027863 0.00153016 0.0122584 0.0364252 0.000143904 0.00332384 0.000495018 0.040198 0.0312817 1.61758e-08 
4.36462e-06 8.90717e-05 0.366897 0.00935232 0.000103765 0.000152248 0.00359193 0.00165554 0.00132057 0.260423 0.0278745 4.79816e-05 4.43817e-05 0.0260182 0.000434766 0.0253418 0.013029 0.05593 0.00302693 0.010857 0.143096 4.99555e-05 0.00615371 0.00318029 0.000709705 0.000182801 0.000326371 0.00792268 0.0309726 0.00121174 
6.00915e-08 0.000758235 0.304809 0.015942 0.000162597 0.000383922 0.000537144 0.0138556 0.0113344 0.284314 0.0228155 1.08342e-05 0.00013158 0.00547815 0.00881181 0.0182138 0.00168723 0.035751 0.0302697 0.00703939 0.0852374 0.000394943 0.00842125 0.0011868 0.054115 0.00413108 1.60943e-05 0.0391852 0.0448522 0.000153953 
6.26112e-10 2.70378e-06 0.633055 0.00596954 3.33811e-07 2.50259e-05 1.10001e-05 0.00296914 3.16442e-05 0.0561868 0.000710413 7.52127e-08 8.32213e-10 1.08963e-05 1.37341e-10 0.00171699 6.40639e-06 0.0567114 0.00664803 0.000384732 0.04222 7.43766e-06 0.00345914 0.0116359 4.86027e-05 0.00411137 2.76891e-07 0.00339992 0.170653 2.38297e-05 
