5.6874e-06 1.91289e-08 0.259893 0.0059038 1.465e-05 0.000866042 2.20405e-06 0.0229917 0.00273648 0.0298304 0.0246561 7.60954e-09 1.00452e-06 0.00105821 0.000135255 0.0339202 0.00172666 0.0181962 0.00152986 0.0185723 0.470954 0.000385902 0.012593 0.0196875 0.000454089 0.00266185 2.87896e-05 0.00560483 0.0655901 1.43395e-07 
1.73453e-09 0.000700663 0.0219626 0.0057027 0.000424488 7.98216e-07 0.0420897 0.0194262 0.00343281 0.16018 0.00577365 2.31678e-07 2.8318e-08 0.0157219 0.0529722 0.0552694 0.0157055 0.00952438 0.0469898 0.101019 0.34137 2.37934e-05 0.00210495 0.00104327 0.00544561 0.000380041 0.000179785 0.0721863 0.0202824 8.80115e-05 
3.12596e-05 6.37263e-05 0.0301785 0.0765171 0.000600204 0.00120606 5.4082e-05 0.033326 0.00332399 0.138638 0.0134959 2.95097e-05 0.00282635 0.014564 0.00397026 0.0388577 0.015543 0.118369 0.036698 0.0097796 0.349468 0.00133015 0.00916319 0.000706268 0.000825861 0.0323487 0.000312066 0.0234822 0.0418735 0.00241843 
5.70467e-09 3.16335e-07 0.0423484 0.0156733 6.846e-05 0.00201449 0.00489708 0.0140388 0.00125744 0.139102 0.0246413 3.39628e-05 2.07008e-05 0.00988451 0.00127138 0.0369627 0.0277821 0.0866711 0.106256 0.0156736 0.291642 0.00127883 0.000913876 0.00178604 0.00136867 0.00926147 0.000108797 0.0525767 0.109338 0.00312793 
1.65262e-07 0.00224377 0.124863 0.0306607 0.00142142 1.70992e-06 2.82879e-05 0.010079 0.000358567 0.0147558 0.201282 1.89869e-06 5.36431e-05 0.0388442 0.00496825 0.0188485 0.0266244 0.152246 0.0029017 0.00142541 0.313889 7.57455e-07 0.000266996 0.0181372 0.0182843 0.00231189 0.000257543 0.0119313 0.00331262 1.70609e-07 
7.48461e-11 8.86632e-11 0.0254227 0.00436719 0.00014194 0.000307329 9.95196e-06 0.0889899 0.00656504 0.115891 0.00204751 5.61158e-07 9.94836e-11 0.00945391 1.40342e-08 0.103051 0.00450734 0.11355 0.0321342 0.00569541 0.29206 0.000394422 0.00240919 0.000389498 0.000587199 0.014592 0.0302789 0.00173388 0.145322 9.68405e-05 
0.000158457 0.000852242 0.0271012 0.0267483 0.000147942 0.0141818 0.0194028 0.00484231 0.00120564 0.148553 0.0321291 2.72617e-05 2.83796e-06 0.0107656 0.00514134 0.0226295 0.00739695 0.0456939 0.0890239 0.0588564 0.20005 0.00649977 0.00696424 0.00291374 0.00603305 0.0089921 0.0011557 0.0874587 0.164925 0.000147291 
7.33793e-05 0.0032505 0.0493747 0.0151098 0.000849692 0.0270427 0.0186891 0.00477973 0.00353373 0.110451 0.0179778 1.77226e-05 5.4786e-10 0.0230618 0.0111908 0.0372366 0.0134507 0.0307119 0.0954847 0.0640412 0.238518 0.0173949 0.00843891 0.0059987 0.00805363 0.0128309 0.000482079 0.0840926 0.0977996 6.30342e-05 
1.45042e-09 1.71817e-09 0.0799709 0.0197653 7.32977e-07 0.000126406 0.000577519 0.0012062 0.00296263 0.0650291 0.0164225 1.21889e-05 1.92786e-09 0.0116448 3.18156e-10 0.0929932 0.00718479 0.179886 2.08118e-05 0.15382 0.238663 4.43648e-07 0.000840954 0.00523197 5.34331e-06 0.00131138 2.64359e-05 0.0260757 0.0962213 1.49734e-09 
0.000614253 0.028803 2.36502e-07 0.134296 2.36092e-07 2.36219e-07 0.00323999 2.3644e-07 2.36415e-07 0.0363301 0.00822939 0.000141941 0.00224254 0.0345503 0.0322063 0.055252 0.0844686 0.0207655 0.0445654 0.0509277 0.319512 2.36125e-07 0.0300561 0.00621529 0.001418 0.00957431 2.35891e-07 2.36487e-07 0.0965894 2.36148e-07 
2.1427e-06 1.29393e-11 0.0285886 0.000267105 0.000276807 0.000140464 4.52666e-07 0.0208971 0.00110859 0.195923 0.000219986 6.33828e-07 1.45184e-11 0.024927 0.0135511 0.0127122 0.00103959 0.12228 0.00757686 0.000240769 0.428476 8.34656e-08 0.00868589 0.000262984 6.89778e-05 0.00884105 1.25444e-06 0.0376046 0.0863063 5.25872e-07 
9.47387e-11 6.60886e-06 0.00782485 0.0425161 9.02259e-05 0.00412928 2.12236e-05 0.00240525 0.000245648 0.0454804 0.00692444 5.04276e-06 1.82114e-05 0.00140866 0.00361599 0.0144241 0.00239655 0.017573 0.258452 0.0363364 0.340536 2.66972e-05 0.00355874 0.00058697 0.00334617 0.00745402 0.000452608 0.00365111 0.196501 1.22331e-05 
1.12343e-06 0.00064018 0.0193872 0.182395 8.49753e-09 9.40925e-09 2.4736e-09 2.32563e-05 0.00025993 0.155207 0.0584611 3.47875e-09 5.84009e-05 0.000548263 0.000998206 0.00382525 0.00120364 0.0401137 0.0104447 0.0445993 0.254452 0.000135902 0.00206652 0.00203942 7.81542e-05 0.00478898 5.4198e-05 0.078009 0.140175 3.46492e-05 
5.25815e-07 1.82003e-06 0.007083 0.00113279 8.49547e-06 0.000239297 2.70695e-05 0.000948766 0.00555216 0.167824 0.00314399 4.67966e-06 2.56329e-11 0.0261434 0.00284101 0.0551948 0.0263288 0.230959 0.00483574 0.00393932 0.294152 1.07756e-06 0.00427648 0.00139398 0.00112397 0.000304217 0.000265326 0.00197714 0.159796 0.000502193 
2.87807e-05 0.003724 0.0806248 0.144998 8.21724e-05 0.00122502 4.98932e-05 0.010968 0.0076077 0.189191 0.0186266 1.42785e-05 0.000256011 0.0161386 0.00762882 0.0318916 0.0314821 0.0309961 0.025853 0.00964695 0.29457 6.99764e-05 0.0174641 0.0018339 0.000449237 0.00119308 3.33905e-05 0.00925769 0.0631586 0.000936742 
1.49418e-08 0.00123267 0.0446509 0.0418382 0.0005104 0.00012799 7.27551e-06 0.00231292 0.00321608 0.22165 0.000470194 8.92109e-07 1.66147e-05 0.00706411 0.0047387 0.0172013 0.00869294 0.0319717 0.00205919 0.00161766 0.557139 0.00122656 0.00229745 0.000292253 0.000116192 0.00540675 1.94904e-05 0.00539848 0.0384735 0.000251149 
5.8428e-08 1.66563e-07 0.0650723 1.95061e-11 4.01854e-07 9.17598e-11 1.93583e-11 0.00265833 0.000110325 0.003785 0.00724535 1.69845e-07 1.43687e-10 7.13366e-05 2.17365e-08 0.00997423 8.98372e-08 0.273929 0.221412 0.000105591 0.407845 9.68581e-05 3.88756e-08 6.51348e-11 1.54531e-07 0.0057861 0.000559991 0.00103029 0.000316687 1.116e-10 
0.000450228 0.00147761 0.0364823 0.0347134 0.00110051 0.00182768 0.000488049 0.0467644 0.00782983 0.165968 0.0127753 1.8547e-05 0.000354232 0.0342047 0.0203255 0.0682535 0.0273381 0.141577 0.015643 0.00571617 0.201889 0.000775531 0.00949735 0.00622872 0.00131351 0.0176925 0.000484069 0.019301 0.116926 0.00258351 
0.000107898 0.000823044 0.0484245 0.0072038 0.000593882 0.00130487 0.000923389 0.0156123 0.00484924 0.0770371 0.0197868 1.62671e-05 0.000172496 0.0159061 0.00468979 0.0289466 0.0103875 0.246139 0.0239284 0.00896867 0.305562 0.000162905 0.00824893 0.00245696 0.00126882 0.0108951 5.24881e-05 0.0117743 0.143166 0.000591717 
3.54763e-08 3.52501e-08 0.0084481 0.000525196 2.8878e-05 3.29861e-05 1.96994e-05 0.000452724 0.000328115 0.0349089 0.00258969 2.5966e-07 3.05288e-07 0.00572098 0.00143671 0.00936624 0.00480539 0.0524898 0.00693924 0.00199745 0.725035 2.02906e-09 0.00171365 0.000155151 3.74837e-05 0.000957948 3.11522e-05 0.0084482 0.133427 0.000103701 
1.03167e-11 1.67347e-07 0.0304208 0.0130013 0.00346082 0.000301858 1.37948e-06 0.000341572 3.09552e-05 0.0530658 0.00306865 1.53851e-07 0.138098 4.10923e-05 0.000740198 0.0448094 0.000782961 0.0102241 0.000606567 0.000233468 0.551477 7.13163e-06 0.00394164 0.00382285 0.000205176 0.119509 5.20662e-06 0.00296269 0.0188394 1.36173e-08 
8.35901e-07 8.79111e-06 0.00264734 0.0535829 7.12892e-06 0.00010237 4.86095e-08 0.00033539 0.0022454 0.00485359 0.00494794 2.1718e-07 2.82889e-06 0.000260789 0.000427413 0.000898677 0.000329948 0.0725415 0.000459736 0.00390296 0.768585 1.78668e-05 4.30504e-08 5.82961e-05 0.000852742 0.000254852 3.8309e-07 0.00630842 0.0763576 9.04605e-06 
1.92194e-10 2.27675e-10 0.0527691 0.0539425 0.00043042 0.000517092 0.00018879 0.00375518 0.000265098 0.141209 0.0159911 3.17541e-07 2.08616e-08 0.0597976 2.02618e-05 0.0180436 0.0817464 0.184989 0.000440547 0.0220554 0.206461 0.000266366 0.00199389 0.00449947 0.000162482 0.00157909 5.14055e-05 0.00650101 0.142304 2.03995e-05 
7.26679e-09 8.60828e-09 0.0137573 0.13232 2.90333e-05 6.16823e-09 1.30129e-09 1.22388e-06 2.48614e-09 0.321257 0.0468107 6.97825e-09 9.65883e-09 5.39554e-05 1.594e-09 5.16374e-06 1.23096e-05 2.39873e-05 1.96159e-05 2.1728e-09 0.377924 7.93572e-09 1.79962e-06 0.0675118 4.75743e-09 0.0402657 1.23091e-08 5.6264e-06 7.77984e-10 7.50189e-09 
2.99946e-06 0.00119399 0.0266098 0.0121134 7.28537e-05 2.65607e-06 0.000140893 0.0228346 0.00304561 0.110921 0.00115302 0.000424505 2.4305e-05 0.0219863 0.00214085 0.0377931 0.0763306 0.0413926 0.000343828 0.000502798 0.574676 8.04683e-06 0.00276853 4.1087e-05 8.44084e-05 0.00237801 0.00082662 0.00515138 0.0549512 8.46103e-05 
8.65676e-06 8.2148e-09 0.0190729 0.00530395 7.73577e-05 0.0030846 4.03296e-05 0.00239088 0.00562304 0.269739 0.00227349 8.12226e-06 0.000860838 0.0311532 0.000698453 0.0256815 0.0211168 0.0581163 0.0313708 0.0199171 0.315498 0.00157722 0.00240076 0.00421543 0.00025576 0.00443191 0.000132454 0.0579001 0.114824 0.00222733 
5.96706e-05 9.63974e-05 0.0996934 0.0207664 0.00327278 0.0014741 5.96952e-05 0.0254815 0.00251829 0.019992 0.0079669 8.58674e-08 2.0822e-07 0.0905847 0.048778 0.148197 0.0234126 0.0954796 0.000854045 0.0057015 0.231695 6.28138e-08 0.0151112 0.00147307 0.000150434 0.00856222 5.15135e-05 0.114198 0.0343695 1.28507e-07 
1.404e-12 1.66319e-12 0.0509515 0.0479675 0.000925657 1.19531e-05 7.9039e-05 0.00182822 3.4576e-05 0.0808324 0.0158048 1.53005e-09 1.66438e-09 1.08988e-08 0.00304998 0.00234885 7.77605e-05 0.0638822 0.00133497 0.176983 0.329018 3.05335e-05 0.000678842 0.000202218 0.000190091 0.00225483 2.25706e-05 0.0230874 0.198403 1.41109e-09 
9.70386e-06 0.000694217 0.0204162 0.126337 0.000143969 0.000234994 0.000230815 0.00282454 0.00224677 0.0351858 0.0216927 1.16553e-06 8.16767e-05 0.0588403 0.00373703 0.0495955 0.0983959 0.112249 0.0361679 0.0297841 0.235685 3.03444e-07 0.000392637 0.000266743 0.0284923 0.0269951 0.00347688 0.0324436 0.0733325 4.49502e-05 
0.00229221 0.00301328 0.108219 0.0276999 0.000441631 9.39201e-05 0.000149727 0.032046 0.00172213 0.0982466 0.00364087 1.18449e-05 4.81003e-05 0.0506747 0.0082152 0.0648984 0.0233209 0.10115 0.00611831 0.020313 0.299122 5.66365e-05 0.00507933 0.0014412 0.000785536 0.0137795 0.000128151 0.0490418 0.0760563 0.00219439 
0.00887801 0.00807201 0.0197333 0.177719 0.00305946 0.00566281 0.000775784 0.00154129 0.00058991 0.0714371 0.0274339 1.25016e-05 5.28025e-05 0.0626684 0.014289 0.0472141 0.00669218 0.0440379 0.0324897 0.0920053 0.232928 6.6386e-05 0.00375085 0.00183082 0.000339743 0.00718476 8.98171e-05 0.0145023 0.114927 1.58386e-05 
1.76826e-08 3.47591e-06 0.11535 0.0026071 0.000115979 0.00114259 6.70422e-06 0.0456437 0.0168211 0.209879 0.00134882 6.74759e-07 0.000174831 0.00731141 0.00032656 0.05621 0.00344586 0.0920154 0.0143099 0.00159195 0.296116 0.000203129 0.0110605 0.000113906 0.000150905 0.0043248 0.0426495 0.00606523 0.0709338 7.73253e-05 
4.51466e-08 0.000160032 0.0167372 0.0358837 0.000155118 0.0030782 0.000458437 0.0068929 0.00124712 0.0847134 0.00936819 0.000323305 0.000635168 0.0601882 0.0137288 0.0587333 0.0892175 0.0961812 0.0535269 0.0235788 0.28222 0.000144987 0.0278246 6.41212e-05 0.00890454 0.00279668 0.000335711 0.0369972 0.0702712 0.0156335 
3.96304e-09 0.000535184 0.0243317 0.0592487 0.00384886 0.0293744 5.67439e-05 0.00104992 0.000744192 0.0834388 0.0236001 4.92329e-06 1.19965e-05 0.00163119 0.00222201 0.0142851 0.00522206 0.0529362 0.0404343 0.0347198 0.337692 0.0293976 0.00481626 0.00343481 0.000988588 0.00602849 0.00017865 0.0105382 0.229186 4.28568e-05 
3.85379e-09 0.00107203 0.041744 0.0275475 0.000991368 0.00141328 0.00508563 0.0342906 0.0116789 0.155616 0.0201102 2.3129e-05 0.000908195 0.00907711 0.00685214 0.0284471 0.00804587 0.0498295 0.0179855 0.010559 0.375769 0.000638203 0.00261713 0.0111663 0.000156755 0.00952616 0.000134418 0.0208007 0.143534 0.00437984 
0.000132784 0.00076684 0.144586 0.0253869 0.00127308 0.00181835 0.00144612 0.00866155 0.013428 0.190947 0.101631 4.28308e-05 0.00123171 0.014944 0.00756396 0.0441715 0.012243 0.0556891 0.00708979 0.0179736 0.213662 0.000156806 0.0115179 0.0190882 0.00417184 0.00546637 0.00034157 0.0329487 0.0549562 0.00666239 
0.000804268 0.00226795 0.0698248 0.0133465 0.000759183 0.000895684 0.00312566 0.00854773 0.00939836 0.119852 0.0125853 0.000942935 0.00317357 0.0485229 0.00880934 0.0582756 0.074184 0.109936 0.0259642 0.0126967 0.18085 0.000135743 0.00460828 0.0895554 0.00132854 0.015207 0.000109566 0.0293796 0.0863828 0.00853063 
3.18818e-08 0.000249936 0.014688 0.0430162 0.00559431 0.000202201 1.57786e-06 0.0274033 0.00351991 0.0150484 0.106614 1.37145e-08 5.8258e-06 0.000704368 0.00179912 0.146322 0.00393085 0.0764139 0.00582386 0.0274119 0.268998 5.68631e-06 0.00667359 0.00508825 2.85839e-05 0.138068 0.000562352 0.0130788 0.0887476 1.27479e-10 
9.37069e-11 0.000850213 0.132967 0.000633365 0.000227749 0.000296261 2.07293e-05 0.00309604 0.000538929 0.173322 0.217038 3.25946e-06 1.14019e-07 0.00698755 0.000777881 0.0155308 0.0133431 0.0308527 0.00354109 0.00176425 0.327689 0.00228478 0.0318946 0.00161781 0.000290141 0.00122763 9.45384e-06 0.00147557 0.0316506 6.88307e-05 
6.19853e-06 0.00349462 0.0749843 0.0310947 0.0073759 0.00173363 0.000299957 0.0209593 0.00344418 0.119132 0.0152113 5.47917e-06 0.000135998 0.024779 0.0167356 0.0440454 0.0106503 0.159168 0.0203364 0.0136488 0.255299 0.00118682 0.00791195 0.000889249 0.000506514 0.00746343 7.38598e-05 0.0306549 0.128018 0.000754721 
2.68316e-05 0.00092274 0.0318615 0.13556 5.27878e-05 0.00695667 0.000625395 0.00285254 0.00763609 0.0710055 0.11972 1.27443e-05 0.00155697 0.00992513 0.00487471 0.0564483 0.0288805 0.0833311 0.0403003 0.00971532 0.205719 0.000562348 0.00561459 0.00728672 0.00471975 0.0210297 0.000282735 0.033233 0.109049 0.000238703 
2.45103e-05 0.0004001 0.032161 0.0893137 4.01771e-05 0.00362515 0.00171287 0.00303038 0.0016553 0.192542 0.00287963 7.76109e-06 7.02404e-06 0.013037 0.00144041 0.0256987 0.0818471 0.0396407 0.0292119 0.107734 0.240593 0.00505728 0.00561611 0.00105845 0.000375284 0.045556 0.00125162 0.0260157 0.0480922 0.000375023 
3.33489e-06 0.00122539 0.00484179 0.00101312 0.000484425 0.000403665 0.000255758 0.0035624 0.00608036 0.0630141 0.00270518 1.52035e-06 0.00095418 0.130327 0.0437518 0.073023 0.0656675 0.0350692 0.0235627 0.00438268 0.262048 2.79729e-07 0.0113417 0.000797357 0.00396755 0.000176489 0.000137049 0.020915 0.24018 0.00010747 
5.09083e-12 0.000249129 0.0421584 0.0294623 0.00120455 2.47075e-06 0.0434831 0.000318975 6.69998e-05 0.169263 0.00499234 4.77637e-08 1.57656e-09 0.00212647 0.0060699 0.00424326 0.000726328 0.0729872 0.00330338 0.0720781 0.387722 2.43093e-05 0.00133813 0.00014728 0.000129232 0.00152419 6.44142e-05 0.024331 0.131984 1.09745e-09 
7.35373e-09 8.71127e-09 0.00451311 0.0192616 5.62518e-05 0.00337488 4.21419e-06 0.0194434 0.00108152 0.0764306 0.00316994 2.61222e-05 3.97081e-07 0.0184676 0.00446056 0.134359 0.0676518 0.115384 0.00476702 0.00168928 0.469057 0.00363468 0.00283912 0.000676215 0.000140371 0.00909081 4.79008e-06 0.00719406 0.0207267 0.0124941 
0.000213127 0.000458032 0.0187718 0.000891415 0.000225381 0.000479666 0.000133364 0.00723381 0.000735833 0.0749969 0.00539285 0.000127076 0.000103056 0.0511613 0.00512951 0.0186613 0.0305995 0.0235372 0.0253519 0.00425171 0.522309 7.68146e-05 0.010362 0.000141118 0.00126294 0.00236608 0.000419366 0.017542 0.162186 0.0148797 
0.000662646 9.60206e-09 0.049448 0.0224955 2.04547e-05 0.00195199 0.000198644 0.00546894 0.00014852 0.349494 0.00709905 5.44695e-07 2.63328e-09 0.009209 1.513e-05 0.00740088 0.0104229 0.0536915 0.0011185 0.00139367 0.375508 0.000228572 0.00168221 0.00119874 9.74123e-05 0.00249195 9.00986e-05 0.0246894 0.0737123 6.20296e-05 
3.47546e-06 0.00108471 0.0560996 0.0210148 0.00220149 0.00265659 6.3252e-05 0.00311009 0.000385525 0.354839 0.00530177 1.88291e-06 0.00145241 0.00634531 0.0205873 0.0236571 0.0145771 0.0304323 0.0045816 0.00156122 0.404703 3.93281e-06 0.00151627 0.000300465 0.004513 0.00509694 0.000156388 0.0240856 0.00932173 0.000346547 
3.49385e-06 0.000397393 0.156864 0.0220192 0.000256367 0.00105681 0.000108548 0.00468095 0.022116 0.0997091 0.0567624 9.66855e-06 0.00412113 0.086069 0.00190965 0.0473389 0.0550533 0.0932994 0.002386 0.00961886 0.203529 0.0012229 0.00908239 0.0107317 0.000432379 0.00131062 0.0015911 0.0387398 0.0581577 0.0114227 
3.31045e-10 1.63999e-06 0.0102231 0.0256303 0.000171534 6.64837e-07 5.92816e-11 0.00240722 0.0143622 0.011959 0.00788522 4.10574e-08 8.78008e-07 0.109581 0.00235103 0.153654 0.0284486 0.0910678 0.00918898 0.0034221 0.257657 2.44949e-06 3.04915e-06 0.000851326 3.54338e-07 0.116099 2.81458e-05 0.0987237 0.0558758 0.000403406 
0.000147187 0.000450334 0.0134114 0.00714615 8.89961e-05 0.000207118 8.77964e-05 0.00349268 0.00653549 0.0935961 0.00225738 3.93604e-05 0.00129712 0.0425328 0.0103288 0.0216442 0.0285263 0.0229399 0.0259695 0.00715804 0.631351 1.67643e-06 0.00504316 0.000397458 0.00145638 0.00113035 6.80937e-05 0.0108885 0.0595778 0.00222922 
8.22217e-06 0.00240795 0.0404121 0.115481 7.94011e-05 0.00111683 0.00357884 0.00821698 0.00453715 0.038977 0.0493455 1.2625e-05 0.00485885 0.0106477 0.00222729 0.0360327 0.0094249 0.167191 0.0396963 0.0133798 0.212349 0.000216546 0.00670394 0.0151132 0.00266106 0.0320421 0.00026525 0.0925787 0.0891598 0.00127876 
0.0397986 0.000323832 0.293614 0.00955717 0.000338328 3.43665e-05 0.000161024 0.001699 4.65946e-05 0.0500249 0.0985778 9.75782e-08 1.51656e-05 0.00531267 0.000547378 0.01042 0.0263603 0.0392521 0.00409611 0.00675551 0.33678 1.57236e-05 0.00120063 0.000434667 0.000110648 0.00109534 0.000156054 0.0677244 0.00554446 3.14669e-06 
8.99485e-07 1.40647e-06 0.00178344 0.0785984 6.50524e-05 8.12448e-05 1.38742e-06 0.000408242 0.00886989 0.0127242 0.00326678 6.2467e-07 0.000112827 0.013839 0.00190831 0.00621861 0.00143926 0.0434679 0.00114544 0.000591598 0.665617 0.0333708 1.08144e-06 1.69667e-05 0.00179962 0.000271518 1.55267e-07 0.0349914 0.0893385 6.80581e-05 
2.67617e-05 0.00151469 0.0151022 0.0582045 0.00377975 0.000580839 0.00452119 0.0133521 0.000343188 0.0704098 0.00228537 7.66756e-07 7.28432e-06 0.023504 0.200301 0.0507475 0.00512628 0.0170797 0.000794087 0.0164574 0.351287 0.000292234 0.029595 0.00292004 0.0505615 0.00229585 6.00704e-05 0.0701552 0.00868145 1.30978e-05 
5.62028e-11 0.00245138 0.0299496 0.000513839 0.00295476 0.000395676 6.42121e-05 0.00431432 2.86926e-05 0.0147244 0.0199034 1.1685e-05 0.000628941 0.0574378 0.00515998 0.0163949 0.123449 0.016993 4.47454e-07 0.00233426 0.528377 6.13765e-11 8.47908e-05 1.13633e-05 0.00582999 0.0830691 9.59526e-05 0.00918061 0.073594 0.00204736 
8.39854e-11 2.66223e-05 0.011259 0.00378143 3.35655e-05 0.00425446 0.00037239 0.00829778 0.00273833 0.0431943 0.0339274 0.000128337 2.949e-07 0.0560179 0.00142696 0.0364446 0.0449764 0.155248 0.0113213 0.00353911 0.33772 4.66647e-06 0.00977655 0.00329585 0.0662213 0.0129636 0.00246684 0.0583879 0.0921575 1.83955e-05 
6.95233e-05 0.00203436 0.102393 0.0465913 0.000816515 0.00171198 0.00477541 0.00593968 0.00170999 0.238808 0.0162185 0.000213629 0.000699248 0.0143823 0.00472609 0.0277031 0.0119543 0.0652633 0.0313214 0.0308269 0.240503 0.000574444 0.00791565 0.00402105 0.00145879 0.00648915 0.000217899 0.0481015 0.0821093 0.000451378 
2.23481e-07 3.67533e-05 0.0452252 0.175543 2.62535e-07 0.00821187 5.00009e-06 0.0748071 0.000459645 0.0404141 0.012973 1.69822e-05 0.00227239 0.00173705 0.000143606 0.0163101 0.00503504 0.0163894 0.0120576 0.000676511 0.494749 0.00124935 8.39627e-05 0.000290869 1.19274e-05 0.0598712 0.00104791 0.00319234 0.0271866 2.15855e-06 
0.00120976 0.000632014 0.113545 0.0346476 0.00145468 0.00136461 0.00130198 0.0192828 0.00900681 0.101914 0.0490095 3.16851e-05 0.000593104 0.0815709 0.0175026 0.0526347 0.0383291 0.110463 0.0124944 0.0203995 0.173221 0.000328036 0.0103552 0.022805 0.00449426 0.0147391 0.000180523 0.0500566 0.0547704 0.00166346 
0.000276486 0.0010412 0.0508141 0.0425972 0.00217856 0.00436369 0.00506251 0.0107432 0.00957308 0.117846 0.0973374 0.000118055 0.000400811 0.0270038 0.00741973 0.0554894 0.0208097 0.121638 0.0552374 0.0197125 0.134062 0.00169933 0.00961601 0.0174739 0.00584974 0.0154115 0.000790432 0.059463 0.104372 0.00159919 
6.12105e-08 0.000587928 0.0736312 0.0787938 0.000128729 0.002394 0.0492378 0.00413565 0.00260378 0.128116 0.0177865 4.98317e-05 7.26285e-05 0.00432935 0.00360706 0.0576007 0.0129957 0.0338775 0.15466 0.028796 0.179792 2.26268e-05 0.0247902 0.000582089 0.0002069 0.00910139 0.000190075 0.0353121 0.0878273 0.00877084 
3.54763e-08 3.52501e-08 0.0084481 0.000525196 2.8878e-05 3.29861e-05 1.96994e-05 0.000452724 0.000328115 0.0349089 0.00258969 2.5966e-07 3.05288e-07 0.00572098 0.00143671 0.00936624 0.00480539 0.0524898 0.00693924 0.00199745 0.725035 2.02906e-09 0.00171365 0.000155151 3.74837e-05 0.000957948 3.11522e-05 0.0084482 0.133427 0.000103701 
2.9616e-11 0.000408763 0.0166064 0.134937 0.000158796 0.00166183 1.50589e-05 0.00500096 0.000222065 0.139938 0.0193472 0.000156751 0.00983711 0.0173366 0.00732902 0.107676 0.0356571 0.0232043 0.00357953 0.00118487 0.368757 0.000109318 0.00899722 0.00323618 0.000220639 0.00685359 8.02927e-05 0.0127219 0.0732489 0.00151709 
2.40602e-08 0.00240987 0.15482 0.00854683 0.000313564 0.00130502 3.74412e-05 0.00252255 0.000327575 0.185333 0.0213215 3.39869e-06 0.00624714 0.0150581 0.00038836 0.0124776 0.00576275 0.0139914 0.00423918 0.00141717 0.533327 1.67482e-05 0.0094218 0.000214026 9.19525e-05 0.000774886 4.42615e-05 0.0116461 0.00784429 9.6161e-05 
3.8473e-11 4.55754e-11 0.0355369 0.0232044 4.51963e-11 0.00127784 2.64077e-05 0.0309794 0.0780481 0.172575 0.0742316 2.94049e-08 5.11374e-11 0.00375577 1.19577e-08 0.0646065 0.00804763 0.0774768 0.00668139 0.169149 0.221841 0.000158024 0.00670607 0.000592119 0.000255841 0.00270995 1.88091e-05 0.00214209 0.0199801 4.14774e-08 
4.53521e-06 0.00155621 0.0172808 0.0357059 0.000621255 0.00277459 0.00272782 0.00326702 0.00680426 0.0890977 0.00911847 3.62489e-05 0.000117544 0.0264469 0.0149087 0.0306124 0.0240809 0.0703471 0.0301426 0.0840801 0.306025 0.000543562 0.00835441 0.00106177 0.00568121 0.00577652 0.000206518 0.0286261 0.189158 0.00483556 
0.000172773 0.000250086 0.0251124 0.00292961 6.06409e-05 0.000222935 6.71475e-05 0.0072418 0.00135855 0.14773 0.00128371 4.8252e-05 0.000166567 0.0897024 0.0344511 0.0204557 0.0213577 0.0258321 0.0854137 0.00464121 0.296379 8.70233e-08 0.0047967 0.000249169 0.0023871 0.000400528 0.00166001 0.0170383 0.202049 0.00654119 
2.51044e-08 5.61386e-05 0.0133409 0.167717 8.60201e-11 0.00105365 2.01428e-05 0.000283923 0.000263699 0.00620334 0.0128856 7.61531e-08 0.000142914 0.00117467 0.00013054 0.00880493 0.00737493 0.106816 0.0897678 0.0194151 0.29516 0.0060444 7.11851e-05 0.0101907 7.73187e-05 0.00120741 0.000202818 0.0420983 0.209497 7.5593e-11 
4.24553e-12 0.00735988 0.0069204 0.00152493 7.63116e-05 0.00268295 3.76719e-05 0.00291587 0.0120061 0.298306 0.000354518 1.97428e-08 5.64305e-12 0.00636989 0.0588806 0.0389433 0.00395961 0.0273532 0.0064486 0.000463415 0.456215 7.82521e-06 0.00674125 1.71839e-05 0.000188813 0.000380958 1.23568e-05 0.00201668 0.0598017 1.53908e-05 
1.5992e-10 2.27183e-06 0.0189127 0.0135405 1.39485e-06 0.000177884 2.91797e-07 0.000379979 1.26836e-05 0.00696162 0.0014263 3.23729e-08 0.0233275 7.7609e-05 2.68638e-07 0.0370017 1.29931e-05 0.00247675 6.86508e-05 9.60439e-05 0.747163 1.74641e-10 0.000326848 0.00141971 1.0871e-05 0.127164 2.39512e-08 0.000136196 0.0193016 1.65094e-10 
0.000213127 0.000458032 0.0187718 0.000891415 0.000225381 0.000479666 0.000133364 0.00723381 0.000735833 0.0749969 0.00539285 0.000127076 0.000103056 0.0511613 0.00512951 0.0186613 0.0305995 0.0235372 0.0253519 0.00425171 0.522309 7.68146e-05 0.010362 0.000141118 0.00126294 0.00236608 0.000419366 0.017542 0.162186 0.0148797 
3.93446e-08 0.000539816 0.0871156 0.231615 1.32561e-05 0.000199256 4.67197e-06 0.00188076 0.00015361 0.0514362 0.0528534 1.50467e-07 0.00400924 0.00517476 0.012839 0.011579 0.00288865 0.0484913 0.0201222 0.00694582 0.35231 0.00130419 0.000718534 0.000950024 0.000479017 0.0111246 2.49314e-05 0.00924407 0.0859813 1.10714e-06 
2.43939e-08 6.99553e-06 0.0267722 0.00750858 2.74649e-05 3.22692e-07 7.5316e-05 0.022905 0.00401044 0.059613 0.0450688 1.43604e-07 9.24464e-05 0.182388 0.0182766 0.0558794 0.0484113 0.209669 0.0104095 0.000225349 0.218147 2.34361e-05 0.0296248 0.00144975 0.00653171 0.003006 6.47689e-05 0.000255758 0.0467617 0.00279646 
3.15391e-06 0.00365147 0.0282836 0.0839177 5.18839e-05 0.00136307 0.000346295 0.00774034 0.00377243 0.161664 0.0125857 0.000121368 9.80185e-05 0.0113121 0.00748701 0.0716348 0.0203685 0.0421878 0.079404 0.0540881 0.211208 0.000296474 0.0407043 0.000428403 0.0200753 0.000818689 3.74012e-05 0.0821152 0.0541552 7.97158e-05 
2.05123e-09 2.4299e-09 0.0260629 0.000904167 2.81417e-06 3.59621e-06 1.85768e-06 0.00605791 7.01775e-10 0.0300126 0.00305423 3.86036e-05 2.72645e-09 0.06577 0.0291405 1.0312e-06 0.000817546 5.22332e-05 0.00158756 0.00026328 0.488419 2.07989e-06 2.45217e-05 9.31977e-06 0.318612 0.0177323 3.64197e-06 0.00423901 0.00718814 2.11759e-09 
2.8355e-10 3.35895e-10 0.062975 0.00226789 0.000339831 0.000388416 6.7318e-05 0.00133648 0.00482363 0.193414 0.000137746 4.07658e-05 3.99998e-06 0.198435 0.00417526 0.118077 0.0486342 0.022729 0.0103945 0.00607277 0.227087 9.10949e-08 0.00586488 0.00275186 0.000131066 0.00021162 4.51098e-05 0.019416 0.0668171 0.00336352 
8.13623e-10 3.55e-05 0.0629786 0.0391693 8.66244e-05 0.000468773 0.00022933 0.00254733 0.00403945 0.0499849 0.0117074 0.000103348 0.000964109 0.0082804 0.00210046 0.0310875 0.0218845 0.0746489 0.245795 0.0497056 0.254485 0.000201365 0.00798308 0.00275674 0.000192338 0.00355079 0.000172699 0.0195379 0.0902177 0.0150854 
1.99265e-05 0.00232427 0.0211373 0.143324 0.000160633 0.0026806 0.000947638 0.00317699 0.00185694 0.113994 0.0087498 2.4456e-06 0.0091063 0.00573556 0.00204957 0.069385 0.0081151 0.0219234 0.0340733 0.0166173 0.343988 0.00501866 0.00949676 0.00198006 0.00132549 0.0244108 9.89766e-05 0.0232961 0.124981 2.31508e-05 
2.05123e-09 2.4299e-09 0.0260629 0.000904167 2.81417e-06 3.59621e-06 1.85768e-06 0.00605791 7.01775e-10 0.0300126 0.00305423 3.86036e-05 2.72645e-09 0.06577 0.0291405 1.0312e-06 0.000817546 5.22332e-05 0.00158756 0.00026328 0.488419 2.07989e-06 2.45217e-05 9.31977e-06 0.318612 0.0177323 3.64197e-06 0.00423901 0.00718814 2.11759e-09 
2.63885e-08 1.87577e-06 0.0337105 0.0434289 3.11554e-06 9.88745e-05 3.7647e-06 0.00227975 0.00116979 0.124632 0.0182814 3.60348e-06 0.00711175 0.0129403 0.000763395 0.0194252 0.0103379 0.0896096 0.0303043 0.00549331 0.498691 7.62584e-09 9.66305e-06 0.00302864 0.000208915 0.01191 1.03885e-05 0.0137983 0.072463 0.000281042 
2.03414e-08 0.000298274 0.0382609 0.0098427 0.000791976 0.00464731 2.63085e-05 0.00433245 0.00406898 0.148476 0.0026607 8.68843e-07 1.0974e-06 0.023024 0.000108168 0.0281005 0.0277267 0.105107 0.0364021 0.0203067 0.387945 0.000883875 0.00178952 0.00904895 0.00159026 0.00092827 9.1809e-05 0.00366514 0.139848 2.56384e-05 
0.000147187 0.000450334 0.0134114 0.00714615 8.89961e-05 0.000207118 8.77964e-05 0.00349268 0.00653549 0.0935961 0.00225738 3.93604e-05 0.00129712 0.0425328 0.0103288 0.0216442 0.0285263 0.0229399 0.0259695 0.00715804 0.631351 1.67643e-06 0.00504316 0.000397458 0.00145638 0.00113035 6.80937e-05 0.0108885 0.0595778 0.00222922 
1.1814e-05 0.00331943 0.0285522 0.00607542 0.00598731 0.00220736 0.000414679 0.0155195 0.00332877 0.24153 0.0184742 8.61516e-07 0.0023155 0.0128001 0.0115881 0.0268648 0.0072165 0.03926 0.00986787 0.00295495 0.480936 0.000353627 0.00734791 0.000285539 0.00115606 0.00472398 2.43216e-05 0.0343762 0.0324498 5.75568e-05 
3.4367e-08 0.00167175 0.020072 0.0779511 0.000366185 0.000495406 0.000101596 0.0204541 0.0163819 0.0838761 0.00747977 1.60483e-07 0.000851316 0.0168707 0.00424813 0.179299 0.0246968 0.0685037 0.0230225 0.00877772 0.270476 0.00229675 0.0060755 0.0141821 0.000109489 0.00784707 1.40002e-05 0.017461 0.125832 0.000585945 
1.39699e-06 0.00047327 0.0128082 0.00550261 0.00202761 1.9623e-05 4.14806e-06 0.00455034 0.000629157 0.056917 0.00297305 2.99034e-07 0.000264469 0.154751 8.38853e-05 0.0800768 0.0621171 0.228491 0.011377 0.0017792 0.287923 8.77536e-09 0.000488407 0.00465771 0.000191888 0.0053385 1.79292e-05 0.0115354 0.0601992 0.0048012 
5.01168e-06 0.00342412 0.0246266 0.0703427 0.000275403 0.00185042 0.0110462 0.0127695 0.00103714 0.157387 0.00848384 0.0027132 2.30809e-05 0.027929 0.0410803 0.149359 0.0165703 0.0494156 0.0373733 0.0254454 0.212373 2.66877e-06 0.0280825 0.000980521 0.0230241 0.0189254 0.000668408 0.0399045 0.0347563 0.000125511 
3.23074e-05 0.00116692 0.0642582 0.00204761 9.04917e-05 0.00231485 1.39923e-05 0.00284743 0.000576593 0.00289395 0.0114043 1.13442e-05 0.000755303 0.00133408 0.000332331 0.0205755 0.00868615 0.0398926 0.0062273 0.0322053 0.297747 4.43377e-06 0.00386324 0.00142873 7.83526e-05 0.231011 3.47522e-05 0.00969039 0.258464 1.13601e-05 
4.68978e-06 0.000192629 0.00218523 0.0263966 0.00365777 0.00881553 5.58122e-05 0.00185063 0.000554377 0.0612157 0.0105678 1.01866e-09 0.000332455 0.00448203 0.0404248 0.0224184 0.0194423 0.006832 0.000189692 0.000588751 0.752366 5.11875e-06 0.00310632 9.74748e-05 0.00144321 0.00246819 7.36423e-05 0.0248562 0.00537582 9.17419e-07 
1.47845e-08 4.76051e-05 0.013614 0.000743248 7.31632e-06 0.00155443 6.36967e-06 0.00134235 0.00196664 0.0452829 0.00451311 6.22167e-06 1.96512e-08 0.00153294 0.00118115 0.0115771 0.000289675 0.112541 0.0270762 0.000998798 0.5462 8.90226e-06 0.000938847 0.000228746 1.59659e-05 0.0157346 2.31777e-05 0.0105709 0.201965 3.25666e-05 
1.46262e-08 0.00149067 0.0623356 0.0406899 0.0007946 0.000192233 9.85586e-05 0.00323371 0.00149879 0.134047 0.0282167 9.74274e-06 1.08257e-07 0.0866839 0.00652086 0.0237419 0.145304 0.0328349 0.00334341 0.0106402 0.325443 2.99876e-06 0.00452545 0.00265938 0.0118569 0.009982 0.000384134 0.0474592 0.0159782 3.19275e-05 
0.000170655 0.000162971 0.0157782 0.0235989 1.13184e-05 0.0100337 0.00402928 0.00894789 0.0010958 0.160696 0.00954019 1.80628e-05 0.00152222 0.109896 0.00148741 0.0152793 0.0575351 0.103497 0.103298 0.0318641 0.174078 0.000435253 0.0335339 0.00115689 0.0205438 0.0176713 0.0023717 0.0596213 0.0312214 0.000905205 
5.09083e-12 0.000249129 0.0421584 0.0294623 0.00120455 2.47075e-06 0.0434831 0.000318975 6.69998e-05 0.169263 0.00499234 4.77637e-08 1.57656e-09 0.00212647 0.0060699 0.00424326 0.000726328 0.0729872 0.00330338 0.0720781 0.387722 2.43093e-05 0.00133813 0.00014728 0.000129232 0.00152419 6.44142e-05 0.024331 0.131984 1.09745e-09 
9.36775e-06 0.000200682 0.00739137 0.020152 0.00234305 0.000789504 0.000110511 0.0101131 0.00115847 0.16718 0.00850342 0.00790405 0.000274836 0.149837 0.0133879 0.0635216 0.0366774 0.115269 0.015935 0.00936046 0.251466 7.50495e-06 0.0148169 0.00504512 0.00716565 0.0022793 4.29334e-05 0.0248624 0.0582526 0.00594249 
4.95158e-09 2.93189e-08 0.039008 0.00712651 9.79237e-05 0.000481699 7.07834e-06 0.0188092 0.00311027 0.177293 0.000900435 2.11815e-06 0.000192379 0.00623729 0.000468842 0.0859779 0.0202263 0.195361 0.0319442 0.00220985 0.211626 0.0550232 0.00154441 0.0020697 2.73765e-05 0.00494052 0.000494578 0.02205 0.105808 0.0069636 
2.51044e-08 5.61386e-05 0.0133409 0.167717 8.60201e-11 0.00105365 2.01428e-05 0.000283923 0.000263699 0.00620334 0.0128856 7.61531e-08 0.000142914 0.00117467 0.00013054 0.00880493 0.00737493 0.106816 0.0897678 0.0194151 0.29516 0.0060444 7.11851e-05 0.0101907 7.73187e-05 0.00120741 0.000202818 0.0420983 0.209497 7.5593e-11 
6.30108e-07 3.0695e-08 0.0380292 0.0061776 0.000206733 0.00124919 0.000339699 0.14138 0.000536564 0.201532 0.00808582 2.4991e-05 1.27135e-05 0.0173792 1.73835e-05 0.0158258 0.0127359 0.0306843 0.000674187 0.00151907 0.483929 0.000406137 0.000564549 0.00164146 0.000123722 0.00181017 1.47426e-05 0.00829815 0.0266961 0.00010474 
0.00138661 0.00319581 0.103554 0.0386442 0.00100485 0.00121454 7.01228e-05 0.00330733 0.00103978 0.0887876 0.0614771 1.56359e-05 0.00247457 0.0136571 0.0117361 0.0305177 0.0108829 0.048729 0.0144454 0.0270367 0.349798 0.00056146 0.0135285 0.065978 0.00216038 0.00608822 5.23006e-05 0.0164183 0.0822189 1.90676e-05 
1.49478e-08 0.00157984 0.0888684 0.00420252 0.000897469 0.0271044 0.000186534 0.0290216 0.0146853 0.0999846 0.00301464 7.13395e-06 0.00711014 0.138481 0.042675 0.138501 0.0336415 0.0241427 0.00809005 0.000958291 0.229133 0.00116958 0.00286009 0.00409596 0.000797547 0.0283051 1.09654e-05 0.0323116 0.0379715 0.000192567 
3.49032e-08 0.000422154 0.0550393 0.0285053 0.000104573 0.00697891 0.000210148 0.00533384 0.0043961 0.148126 0.00640979 0.000106524 0.00336083 0.0604876 0.00104621 0.10201 0.0210326 0.0593259 0.0621148 0.00335193 0.256283 6.37674e-05 0.00335117 0.000457156 0.000841806 0.0107578 0.000160644 0.0137749 0.0830685 0.0628789 
1.58222e-06 0.0023183 0.017619 0.0796439 0.0003098 0.00109109 2.84051e-05 0.00332997 0.00264233 0.103936 0.0583116 4.92316e-06 0.00213915 0.052765 0.0626473 0.0247224 0.0250492 0.0474899 0.000862351 0.000638963 0.432975 4.18296e-07 0.00353893 0.000462192 0.000397099 0.00277051 8.33385e-06 0.00494171 0.0693107 4.39422e-05 
2.05123e-09 2.4299e-09 0.0260629 0.000904167 2.81417e-06 3.59621e-06 1.85768e-06 0.00605791 7.01775e-10 0.0300126 0.00305423 3.86036e-05 2.72645e-09 0.06577 0.0291405 1.0312e-06 0.000817546 5.22332e-05 0.00158756 0.00026328 0.488419 2.07989e-06 2.45217e-05 9.31977e-06 0.318612 0.0177323 3.64197e-06 0.00423901 0.00718814 2.11759e-09 
6.58677e-06 0.153586 0.0273169 0.0119076 0.000625323 0.000870316 0.000166892 0.00579231 0.000403584 0.022554 0.148806 1.46931e-05 3.29664e-07 0.0252149 0.0742684 0.0687599 0.0574708 0.0155598 0.0213911 0.00278551 0.23913 6.84439e-05 0.00786343 8.89353e-05 0.0197411 0.0106345 0.000506271 0.080184 0.00427743 5.68062e-06 
1.82017e-05 0.00297401 0.062784 0.0260445 0.000612567 0.000374075 0.000248608 0.0034521 0.000842732 0.0809517 0.0314903 1.62515e-05 0.00323644 0.0848607 0.0566874 0.0397084 0.0749561 0.0339149 0.0557489 0.0459743 0.210444 2.73743e-05 0.00528185 0.0010606 0.081568 0.00188387 0.000118603 0.0805873 0.0137177 0.000414436 
2.1018e-07 0.000289563 0.00622382 0.0725929 6.97002e-05 0.000690357 5.51627e-05 0.00247074 0.00213046 0.114531 0.00846339 1.66534e-05 0.00102501 0.00510783 0.0352747 0.029291 0.0128786 0.0212712 0.162935 0.0195074 0.252835 0.000140319 0.00503677 0.000864361 0.00108871 0.0025275 0.000212566 0.00271375 0.239696 6.05011e-05 
3.69532e-07 0.000168067 0.0139281 0.000800588 2.12984e-05 4.00296e-06 0.000113821 0.00280308 0.000333259 0.0419459 0.00213584 3.20768e-05 0.000109762 0.0191916 0.00162705 0.016083 0.00694623 0.0395948 0.025565 0.00154786 0.752125 3.51663e-09 0.00250609 5.75917e-06 0.000249671 0.00135983 2.55448e-05 0.00527893 0.0616017 0.00389556 
1.35004e-12 0.00889261 0.0221006 0.0725074 0.000363547 0.0127878 0.000100445 0.0031655 0.000855732 0.284537 0.00673221 0.000192245 9.40534e-09 0.0624705 0.00427111 0.0112236 0.0361027 0.0249582 0.0652748 0.0120467 0.310303 2.08919e-08 0.00160602 5.10603e-05 0.00162781 0.00184481 6.12517e-05 0.00546153 0.045897 0.00456548 
1.01404e-07 1.20124e-07 0.00495629 0.000610249 0.000382223 1.02067e-05 0.000147085 0.0028344 0.000937555 0.170764 0.000395988 0.000994391 0.000163685 0.00375311 0.00213862 0.0195927 0.00805833 0.0680511 0.00431178 0.000421991 0.653591 1.10739e-07 0.000826262 0.000870974 0.00253825 0.000110616 0.000146394 0.00152765 0.0387975 0.0130672 
9.34345e-13 0.00734429 0.0084146 0.00159263 0.000199997 0.00238028 3.01019e-06 0.00321454 0.00380089 0.399409 0.000718 2.81567e-06 1.24191e-12 0.00581627 0.00740744 0.0131439 0.00492452 0.0172646 0.00445965 0.00126917 0.476815 0.000265897 0.00217297 0.000137399 7.99896e-05 0.000312386 4.74035e-05 0.00130527 0.0373173 0.000181351 
0.000499175 0.00413974 0.0338216 0.0348699 0.000877255 0.00225173 0.00706723 0.0117623 0.00655178 0.142592 0.00824292 1.86842e-05 0.000156035 0.0177303 0.00222811 0.0583821 0.186372 0.166677 0.00466191 0.0118084 0.19591 0.000694624 0.00396986 0.00569294 0.00137036 0.00109206 0.000627181 0.0537827 0.0358342 0.000315102 
1.15549e-07 0.00169704 0.0192531 0.155988 5.95464e-05 0.0024832 0.0210969 0.0101905 0.0230775 0.136205 0.0289208 2.68525e-05 0.0079959 0.00526111 0.0401999 0.0543133 0.0112435 0.0223461 0.00435885 0.00282892 0.326505 0.000132943 0.00956093 0.000245133 0.00026701 0.00133339 2.82672e-05 0.0116188 0.102576 0.000186608 
3.79146e-07 1.18506e-12 0.0384243 0.000777231 9.75535e-09 0.000906169 8.93822e-06 0.00320734 8.9668e-05 0.261614 0.00594275 3.55539e-09 1.32968e-12 0.0326345 0.000101664 0.00459157 0.0140111 0.0908349 0.000691971 0.00441359 0.313678 3.49698e-09 0.00138446 0.0128896 0.121283 0.000420129 1.23479e-05 0.0386324 0.0529474 0.000502569 
2.28556e-06 2.98879e-06 0.00825164 0.000111083 0.000315102 0.00142602 2.25227e-05 0.0115526 0.000382576 0.10317 0.00180599 7.89792e-06 5.37015e-06 0.00790658 0.00137854 0.0180743 0.00624869 0.0265049 0.0498832 0.0105499 0.489351 9.07669e-07 0.0135493 0.000306575 0.00547183 0.00053468 6.10297e-05 0.0123497 0.230478 0.00029508 
5.27135e-07 6.60004e-05 0.0548763 0.0737837 0.000634153 0.000135951 0.000100884 0.00413707 0.00617107 0.0681846 0.0633119 2.89686e-06 0.0100997 0.102625 0.0201452 0.0688492 0.0571799 0.0253624 0.0575846 0.0164591 0.242421 0.000247329 0.0102122 0.000563379 0.00669212 0.0184311 7.34433e-05 0.0515406 0.040108 1.29599e-07 
1.33353e-06 0.000388582 0.135478 0.0732049 0.0027515 0.0021519 1.23331e-05 0.012992 0.00117982 0.043086 0.158298 3.33181e-06 0.000123762 0.00274668 0.00181437 0.0286862 0.00207845 0.0422218 0.0231907 0.0139228 0.268957 0.00061864 0.01088 0.0163542 0.00187108 0.0151084 9.2536e-05 0.00447656 0.137307 1.26356e-06 
1.525e-08 0.00114012 0.013723 0.00488811 0.00571729 3.30387e-05 7.6578e-07 0.0019869 0.00721236 0.0365148 0.00503729 3.9023e-08 0.000250131 0.00304142 0.0026255 0.0348252 0.000508977 0.00509909 0.000106806 7.15614e-05 0.818295 3.52107e-07 0.00370412 0.0123217 5.72535e-06 0.033499 2.32192e-05 0.00447141 0.00485341 4.35706e-05 
7.25399e-06 0.000584 0.0629789 0.0127693 0.000835059 0.000255631 0.0181418 0.0105274 0.0251878 0.0853386 0.0271195 7.48726e-05 0.000358784 0.0311259 0.0161551 0.0902743 0.0162175 0.154447 0.0519469 0.0189143 0.170591 0.000278631 0.0123471 0.0238372 0.00311332 0.0496075 0.000409051 0.0352742 0.0805967 0.00068492 
6.17906e-08 0.00809292 0.0068509 0.00416242 5.62349e-05 0.0018264 0.00115072 0.00973229 0.00565407 0.0941857 0.00193302 2.09244e-05 1.87773e-06 0.0343696 0.0322622 0.0602397 0.0656732 0.0551985 0.0195055 0.0236411 0.383414 3.60287e-05 0.0224684 0.000623974 0.00525 0.00416746 7.85364e-05 0.0521983 0.105875 0.00133074 
9.40714e-10 0.000271423 0.0682366 0.020262 0.000101564 0.00314243 0.00220652 0.00230284 0.00299281 0.0684476 0.128078 3.43593e-05 9.28128e-06 0.0163663 0.00238716 0.0349072 0.0207978 0.0578136 0.00694993 0.133839 0.157665 0.00088424 0.00486776 0.0301624 0.0153727 0.0607062 9.76834e-05 0.0700453 0.0910428 9.35897e-06 
3.04738e-07 0.00434172 0.0308558 0.103194 6.29235e-05 0.0026991 0.000104319 0.0172258 0.0405583 0.148035 0.0321157 7.43556e-07 8.72171e-07 0.00871983 0.103294 0.106306 0.0158462 0.0273598 0.000964513 0.00405507 0.177894 5.92362e-06 0.0196047 0.000149218 0.000214299 0.00031428 3.81614e-05 0.0141561 0.141774 0.000110852 
5.19951e-12 6.15937e-12 0.00985863 1.57995e-07 6.10814e-12 2.33822e-05 0.000239791 0.00119258 0.00805228 0.116683 0.00554534 7.9939e-09 6.91106e-12 0.0458102 1.14054e-12 0.199759 0.0292224 0.233973 1.31798e-08 0.000808285 0.331293 8.52289e-09 0.0027309 0.00199766 1.32791e-08 3.15032e-08 7.05472e-09 5.50361e-08 0.0128093 5.36773e-12 
9.38669e-06 0.000214134 0.0467296 0.0615278 0.000525297 2.48049e-06 0.000140108 0.000611053 0.00119298 0.175296 0.000736111 5.52433e-05 2.32298e-06 0.00530328 0.0171232 0.0905778 0.0412745 0.0258928 0.100466 0.00514177 0.33326 4.13475e-06 0.00477569 0.000535386 0.000174805 0.000123464 0.000108957 0.0649584 0.0232151 2.21811e-05 
0.000380954 0.000768262 0.0466516 0.0841707 6.0518e-05 0.000780186 0.000276154 0.00125493 0.00638677 0.0626796 0.0241652 8.34288e-06 7.44775e-05 0.0106936 0.00400556 0.0568689 0.00743497 0.0386972 0.0579915 0.0743662 0.306493 3.09663e-05 0.00619876 0.0270886 0.0037368 0.040537 6.54424e-05 0.037858 0.100255 2.08006e-05 
