1.14482e-06 1.35617e-06 0.000113271 2.06574e-07 1.34489e-06 9.71755e-07 2.05009e-07 0.00126128 0.000202654 5.51594e-05 2.31808e-07 1.09937e-06 1.52167e-06 0.000142302 2.51123e-07 0.000835402 0.000105742 1.21118e-07 0.000216593 1.01628e-05 9.01339e-08 0.99695 7.52422e-05 6.89791e-07 7.49496e-07 4.44609e-07 1.93921e-06 1.8086e-07 1.86171e-05 1.18186e-06 
3.4064e-08 4.03524e-08 0.0484628 0.0145398 0.00188624 1.70032e-06 6.09999e-09 1.41357e-05 0.000636567 6.35644e-06 0.0348998 2.21801e-07 1.5078e-05 0.0276147 1.27336e-05 0.0343917 0.00248405 0.180009 1.20665e-05 0.011632 0.0119594 0.627476 1.91808e-06 0.00202125 0.000674534 0.000763808 5.77007e-08 8.66093e-05 0.000228691 0.000168959 
1.43815e-06 0.00442234 0.0331878 0.0274856 6.93635e-05 4.46321e-06 3.24021e-07 0.0627582 0.030514 0.011009 0.0051235 1.38105e-06 1.91156e-06 0.0405766 2.39837e-06 0.00754326 0.0108817 0.0473851 0.000252859 4.41805e-06 0.0864325 0.538205 3.97995e-06 2.47146e-05 7.68896e-06 0.0748003 2.43607e-06 0.0183663 4.07886e-05 0.000890515 
3.4064e-08 4.03524e-08 0.0484628 0.0145398 0.00188624 1.70032e-06 6.09999e-09 1.41357e-05 0.000636567 6.35644e-06 0.0348998 2.21801e-07 1.5078e-05 0.0276147 1.27336e-05 0.0343917 0.00248405 0.180009 1.20665e-05 0.011632 0.0119594 0.627476 1.91808e-06 0.00202125 0.000674534 0.000763808 5.77007e-08 8.66093e-05 0.000228691 0.000168959 
2.43201e-06 5.18427e-11 0.0390938 0.0110564 6.80179e-05 5.5583e-05 2.67524e-06 0.0419478 0.00735851 0.241263 0.000123249 4.2026e-11 1.79595e-08 0.0122766 6.75278e-08 0.0574594 8.80543e-05 0.15518 0.0130024 4.10954e-05 0.0479418 0.24676 0.000221237 0.00020293 3.96805e-05 0.000289539 2.28874e-08 0.0524744 0.0730518 8.56159e-08 
1.52118e-07 0.00319307 0.153071 0.00513582 0.0030859 0.000376876 0.0264911 0.0156571 0.00266691 0.00900813 0.0150815 0.000140715 1.1879e-05 0.0204558 0.000636682 0.0466419 0.0198628 0.0709761 0.00271235 0.00250288 0.0178599 0.569777 0.00084855 0.00406782 0.000603287 0.000285995 6.2592e-06 0.000397679 0.00177371 0.00667052 
3.60882e-06 2.0234e-06 0.000336315 5.26806e-06 2.97205e-05 5.65518e-06 1.6767e-06 1.92802e-05 1.27296e-05 0.000255625 1.43344e-05 1.64026e-06 2.27034e-06 0.0114611 3.74676e-07 6.66494e-05 1.41016e-05 0.000188024 5.80273e-05 1.48217e-06 0.00016568 0.986926 3.77637e-06 3.52746e-05 1.32985e-05 5.51272e-06 2.8933e-06 0.000121196 0.000244891 1.76334e-06 
2.79555e-08 3.40813e-06 0.0281846 0.0161488 0.00115931 0.000687151 4.56578e-05 0.000797925 0.00363452 0.04202 0.172356 6.2837e-06 9.61746e-05 0.0254013 0.0193432 0.0580646 0.00239143 0.169001 0.00186494 0.0606635 0.0130538 0.281675 0.0023882 0.0225585 0.000322584 0.0167772 6.93947e-05 0.0131875 0.0480699 2.74493e-05 
7.33988e-08 5.44376e-07 0.258806 0.00391007 0.00288796 7.25074e-06 9.05259e-06 0.000520802 0.000541438 0.00234047 0.000174058 7.70309e-08 9.75599e-08 0.0077537 0.000353479 0.079262 0.00534953 0.0217809 0.148596 0.00137135 0.00379386 0.296629 0.0114657 0.000536322 8.93964e-07 0.0733307 1.4259e-05 0.0473457 0.031417 0.00180209 
2.45688e-07 6.29662e-08 0.000181429 5.22427e-06 2.2834e-05 1.71887e-06 1.93423e-07 2.03796e-05 0.000473112 0.000112985 5.71504e-06 5.10432e-08 8.20961e-06 0.000763496 2.61002e-07 0.000830068 0.00299488 8.14129e-05 0.00447521 0.000432791 0.00011484 0.956404 2.31143e-06 0.00145897 4.3457e-06 3.20155e-06 9.00366e-08 4.09107e-05 0.0315612 5.48734e-08 
3.0878e-07 7.03256e-07 0.131093 0.00053101 1.64557e-10 1.96489e-05 5.38856e-06 0.000905647 0.0170028 0.0308061 0.00861475 1.34516e-10 1.86189e-10 0.00774794 8.26419e-07 0.167352 0.0030565 0.0290141 0.001127 6.45235e-07 0.0548099 0.337191 0.200941 0.0043704 8.37181e-05 9.24019e-07 4.17719e-07 0.00532193 3.18966e-06 1.4461e-10 
8.96526e-05 0.000106203 1.06488e-05 1.6177e-05 0.00010532 7.60993e-05 1.60545e-05 2.51237e-05 3.06723e-05 6.01421e-06 1.81532e-05 8.60928e-05 0.000119164 1.51284e-05 1.96657e-05 5.95336e-06 1.72557e-05 9.48488e-06 2.95095e-05 2.68064e-05 7.05849e-06 0.998731 1.70657e-05 5.40184e-05 5.86939e-05 3.48179e-05 0.000151862 1.41634e-05 9.59822e-06 9.25531e-05 
1.54961e-07 1.03152e-08 0.0268643 9.31956e-05 0.000240589 0.000211708 2.35673e-07 0.0172231 0.00101073 0.00952042 0.00226962 4.05481e-07 6.5393e-05 0.0137512 0.00505937 0.0831318 0.00921055 0.274005 0.00175755 0.0208692 0.0128039 0.364702 0.0454748 0.00115177 0.000342272 0.0451769 3.92174e-05 0.038298 0.0267048 2.13599e-05 
1.97077e-08 0.00150774 0.040448 0.0415524 1.72926e-05 0.000206029 5.89448e-06 6.8282e-06 0.0015204 0.0988995 0.00209605 0.000480632 4.5722e-06 0.00748818 0.000779626 0.00138255 0.013636 0.04122 6.48686e-09 3.65411e-06 0.0110894 0.728708 3.75143e-09 1.18745e-08 0.000205279 2.80139e-05 3.33826e-08 0.00725681 0.00145726 2.03453e-08 
2.08006e-06 1.23427e-06 0.000162092 2.78829e-06 1.58538e-05 3.11245e-06 9.25341e-07 0.00188127 6.64685e-06 0.000123295 7.24658e-06 1.00055e-06 1.3849e-06 4.25088e-05 2.28551e-07 0.00276351 0.0309306 0.000539646 2.93525e-05 8.24356e-07 8.03261e-05 0.877235 1.97263e-06 1.78593e-05 6.93992e-06 0.0435315 0.0424301 6.08389e-05 0.000118323 1.07563e-06 
2.10819e-05 7.00885e-05 0.163453 0.00278331 0.0103588 0.00682505 3.89667e-06 0.0323279 0.00103307 0.129935 0.00517816 0.00083972 0.00617242 0.00676903 0.000119343 0.0515983 0.00230535 0.0847045 0.0471745 0.000610188 0.0500563 0.183651 0.018547 0.0955683 0.00260288 0.0013646 3.80377e-06 0.0341016 0.0618062 1.59496e-05 
2.88317e-07 0.00493784 0.0823461 0.00425549 0.000155301 0.00496752 4.4869e-06 0.282308 0.00439247 0.00252162 0.0153336 6.29821e-06 2.11663e-07 0.0905472 0.0313029 0.0192787 0.000238544 0.0260174 0.00152055 0.000267539 0.00660822 0.393721 0.00067506 0.000869911 0.00011146 0.016981 0.000548866 0.00481331 0.00526843 1.64396e-07 
3.32135e-07 1.17773e-05 0.00864416 0.107672 6.37635e-05 1.14065e-06 0.0739563 0.00132419 0.00196914 0.0231561 0.0294767 2.05565e-05 0.000111029 0.00463695 0.000911193 0.00998346 0.0174538 0.10398 0.00913906 0.00470474 0.080865 0.313503 0.000677313 0.00114775 6.58576e-05 0.0391566 1.95673e-05 0.0211905 0.146064 9.31598e-05 
1.33832e-09 5.88758e-06 0.0389971 0.0105088 0.0136936 1.87358e-07 4.05395e-05 0.000497323 0.000113248 0.129725 0.003077 1.28518e-09 1.77887e-09 0.000403161 0.000664587 0.00372909 0.000459752 0.0260505 0.0168544 0.0056487 0.211263 0.285803 0.000354335 0.00108996 0.000246011 0.000538342 6.16034e-06 0.0224073 0.22782 2.70476e-06 
6.7648e-07 1.55058e-08 0.000384947 1.16431e-05 5.18014e-05 4.18186e-06 5.5691e-07 0.00569163 0.00329146 0.000240327 1.27778e-05 1.25697e-08 1.6869e-05 0.0351729 0.0200643 0.0512356 3.34979e-05 0.000173755 5.59795e-05 2.37317e-06 0.000879313 0.837683 0.0440715 5.35649e-05 1.01265e-05 7.44043e-06 2.2172e-08 0.000461383 0.000376206 1.17931e-05 
1.19877e-08 5.84173e-06 0.085693 0.00123612 5.72649e-05 2.40033e-05 2.68132e-06 0.00127284 0.00160535 0.0114605 0.00747604 4.10529e-07 1.59337e-08 0.0548547 0.000329959 0.0570254 0.000773925 0.0056926 0.00014535 0.000496968 0.0231821 0.710447 0.0229386 0.00571457 0.000126447 0.000399901 4.83813e-06 9.07908e-05 0.008931 1.15942e-05 
2.88317e-07 0.00493784 0.0823461 0.00425549 0.000155301 0.00496752 4.4869e-06 0.282308 0.00439247 0.00252162 0.0153336 6.29821e-06 2.11663e-07 0.0905472 0.0313029 0.0192787 0.000238544 0.0260174 0.00152055 0.000267539 0.00660822 0.393721 0.00067506 0.000869911 0.00011146 0.016981 0.000548866 0.00481331 0.00526843 1.64396e-07 
0.32114 6.75493e-06 0.0178056 0.00182444 0.000127089 0.00128787 0.0222009 0.0109818 0.00460458 0.0107262 0.00165372 0.000797651 4.02092e-09 0.0257256 2.60435e-06 0.0341482 0.0166115 0.0565508 0.0052662 0.000980337 0.00269499 0.368649 0.00041474 0.0067417 0.00943401 0.0471129 0.00270476 0.00703189 0.0227692 5.78757e-06 
3.0878e-07 7.03256e-07 0.131093 0.00053101 1.64557e-10 1.96489e-05 5.38856e-06 0.000905647 0.0170028 0.0308061 0.00861475 1.34516e-10 1.86189e-10 0.00774794 8.26419e-07 0.167352 0.0030565 0.0290141 0.001127 6.45235e-07 0.0548099 0.337191 0.200941 0.0043704 8.37181e-05 9.24019e-07 4.17719e-07 0.00532193 3.18966e-06 1.4461e-10 
1.87857e-09 3.86973e-06 0.00777169 0.00903112 0.00400654 0.000240275 0.00408303 0.000250912 0.000215075 0.0844117 0.00784419 9.94879e-07 2.49695e-09 0.000337192 0.00570235 0.0617985 0.000474082 0.0202804 0.0443364 0.020638 0.00718096 0.364975 0.00296888 0.000739985 0.00523512 0.0812869 0.00107458 0.177463 0.0871659 0.000483905 
0.000299255 3.00805e-10 0.129205 0.0154312 0.000460375 0.000630613 0.0282017 0.0175304 0.00466106 0.0214075 0.0701737 4.22223e-05 5.92838e-06 0.0029509 0.00113931 0.0201748 0.00180875 0.0675529 0.0141338 0.00933991 0.103493 0.263035 0.00155061 0.00364896 0.000514133 0.0470293 0.000291188 0.0642507 0.111036 1.95576e-06 
2.06455e-07 2.15672e-08 0.0284307 0.0157098 3.53195e-05 0.000186977 2.90523e-07 0.0876017 0.00061821 0.00152679 0.000164504 1.74833e-08 2.41993e-08 0.0127957 0.000202423 0.019671 0.00438586 0.0411642 5.29017e-05 0.000100163 0.000194325 0.732799 2.47539e-06 2.69727e-05 1.925e-05 0.0286096 1.29477e-05 0.019075 0.0066133 1.87952e-08 
3.4064e-08 4.03524e-08 0.0484628 0.0145398 0.00188624 1.70032e-06 6.09999e-09 1.41357e-05 0.000636567 6.35644e-06 0.0348998 2.21801e-07 1.5078e-05 0.0276147 1.27336e-05 0.0343917 0.00248405 0.180009 1.20665e-05 0.011632 0.0119594 0.627476 1.91808e-06 0.00202125 0.000674534 0.000763808 5.77007e-08 8.66093e-05 0.000228691 0.000168959 
0.0118685 8.2806e-05 0.0209087 0.0100766 1.90622e-05 0.00276232 0.000215086 0.0681928 0.00193115 0.0318883 0.0550109 1.05322e-06 0.0109712 0.00828628 0.00217977 0.117136 0.011361 0.0218547 0.00240775 0.0742934 0.0444359 0.314863 5.53351e-05 0.0112727 2.61334e-05 0.0229617 4.55653e-06 0.149491 0.00544276 1.38319e-07 
2.88687e-09 0.0447417 0.00863391 0.0155894 0.00927831 0.000670986 0.00181847 0.0192176 0.123787 0.0618006 0.00295719 3.92817e-06 0.019257 0.0617994 0.00113929 0.0363645 0.0928753 0.0511216 0.023281 0.00461896 0.0141586 0.29886 0.0439655 0.00220219 0.000378234 0.00657591 1.50749e-05 0.0300299 0.0248176 4.13482e-05 
1.23348e-08 2.51683e-09 0.0306414 0.00636474 0.000399863 0.000155087 3.33217e-08 0.0209261 0.142428 0.180456 1.64336e-05 2.04025e-09 2.82398e-09 0.00489276 0.00178643 0.0088063 0.00243712 0.0385262 0.00094668 0.00669496 0.0382414 0.48104 0.00141348 6.03262e-05 0.000100388 0.000317064 7.77205e-08 0.00133733 0.032012 2.32348e-07 
0.000532058 1.31395e-06 0.0128041 0.0937034 0.00794046 0.00489957 0.0146285 0.01149 0.00239827 0.00993215 0.00169532 1.41006e-05 5.42684e-06 0.00242752 0.00480994 0.0191977 0.014164 0.0166711 0.00135578 0.0405665 0.0133041 0.522451 0.000125908 0.00698426 3.66115e-05 0.0182706 2.35864e-05 0.0494182 0.130148 6.11181e-08 
6.03357e-07 6.03174e-07 6.0423e-07 0.0039277 0.00898803 6.03506e-07 6.0417e-07 6.04072e-07 0.0244629 6.04283e-07 6.04148e-07 6.03396e-07 6.0303e-07 0.00906331 0.0117207 0.0291875 0.00356514 6.04243e-07 6.04022e-07 0.00169195 6.0427e-07 0.900073 6.04159e-07 6.03749e-07 0.00169096 0.00561746 6.02669e-07 6.04192e-07 6.04241e-07 6.03325e-07 
8.61478e-07 1.02051e-06 0.00394675 0.0129659 5.97619e-05 0.00292895 2.32637e-07 0.00846336 0.0196607 3.54019e-06 0.00697757 8.27272e-07 1.14506e-06 7.5319e-06 0.00127379 0.0347139 2.11358e-06 0.00524008 0.000917159 4.08244e-06 1.35416e-05 0.439191 3.58691e-06 0.0704691 0.00245453 0.38405 1.45925e-06 0.000513008 0.00613379 8.89349e-07 
0.00296217 0.000609045 0.0152884 0.0793537 8.35437e-05 0.00847283 0.000111731 0.036471 0.00225934 0.0871669 0.0566805 1.94531e-05 0.0093428 0.0357443 0.00140256 0.112003 0.108017 0.0479501 0.00711656 0.0701934 0.0493643 0.129117 0.00170072 0.0200337 0.000173375 0.0112728 0.000192307 0.0617666 0.0451183 1.29142e-05 
0.000113468 8.09777e-08 0.40049 0.00236422 0.00246075 4.55807e-07 3.5826e-08 0.0451892 0.000159277 0.0105247 0.00391362 6.5644e-08 8.75226e-06 0.00531056 1.49947e-08 0.00135082 1.31571e-08 0.0552294 2.03522e-06 0.000256368 0.00495351 0.453909 9.54403e-07 0.00203559 0.00155134 5.62631e-06 1.15792e-07 0.00504756 0.00512312 7.05699e-08 
3.36217e-07 4.82903e-10 0.0156942 0.000761196 7.04742e-05 0.200179 7.18386e-06 0.0005091 0.000483459 0.0260069 0.00358454 3.12735e-05 0.000282373 0.0326974 8.94197e-11 0.0058583 0.0123725 0.0218108 0.00145517 3.67372e-07 0.00537857 0.658244 2.82971e-06 0.00267102 0.000161197 0.00415548 0.000111837 0.00687891 0.000591282 4.20837e-10 
1.73505e-07 2.74337e-09 0.000385836 0.0023935 6.56619e-05 2.09491e-06 3.67127e-07 0.00153614 0.000911048 0.00073637 1.01489e-05 2.2239e-09 2.63284e-07 0.012862 0.00570129 0.0139959 0.000208676 0.000198501 7.98133e-05 1.94891e-06 0.00106623 0.904646 0.0534672 4.03024e-05 7.22132e-06 7.4952e-06 3.9228e-09 0.000556106 0.00111914 1.84088e-07 
1.02871e-05 0.000415547 0.168812 0.00244838 0.0260785 0.00640831 2.57887e-07 0.00414356 0.00189752 0.0061316 0.0868733 9.86415e-08 0.00365128 0.0361652 1.26012e-06 0.00972799 0.001313 0.0496301 0.00112636 1.89712e-06 0.00203614 0.346389 2.5936e-06 0.124219 0.000668433 0.0205078 5.53822e-06 0.0709468 0.0303882 1.06043e-07 
1.68523e-06 1.99633e-06 4.73685e-05 5.64736e-06 0.000121557 7.02412e-06 4.36854e-07 2.53004e-05 2.59647e-05 6.11518e-06 5.73301e-06 1.61832e-06 2.23997e-06 1.41711e-05 3.68767e-06 5.51685e-06 3.20067e-06 8.2647e-06 8.06495e-06 7.26545e-06 2.99331e-05 0.999509 6.75768e-06 4.23768e-05 1.36765e-05 1.94049e-05 2.8546e-06 2.33738e-06 6.92816e-05 1.73975e-06 
6.09685e-07 5.90194e-08 0.000654768 1.60921e-05 8.94036e-05 4.2978e-06 7.86957e-07 5.93272e-05 7.09025e-05 0.000570207 1.79906e-05 4.78437e-08 6.62221e-08 0.00076118 1.66726e-06 0.000107343 8.79965e-05 0.000335259 0.000134691 3.03051e-06 0.000492007 0.995141 6.29876e-06 6.8535e-05 1.25178e-05 1.08386e-05 8.4393e-08 0.000724403 0.000628151 5.14338e-08 
3.2484e-07 1.70866e-07 0.0494393 0.00641417 4.90869e-05 3.62717e-06 3.38314e-07 0.00250827 0.0114847 0.0103861 0.00589357 1.37086e-06 2.19228e-09 0.0641247 0.00321097 0.0318659 3.10177e-05 0.0133052 0.00506505 0.00128881 0.000240612 0.549421 0.00170899 5.14334e-05 9.1354e-06 0.0899767 9.32335e-05 0.0529609 0.100465 1.70271e-09 
4.84099e-06 1.43977e-06 0.0243141 0.00016568 0.00259937 0.000817873 3.09424e-05 0.00739627 0.00520236 0.0191338 0.000596638 4.41082e-07 2.73124e-06 0.0336349 2.27202e-05 0.00884488 0.00588445 0.0270046 0.0962285 0.0113729 0.0331681 0.550684 0.00103089 0.0244306 0.0335007 0.00238499 3.80148e-06 0.00575599 0.105501 0.000281377 
2.82199e-06 1.47939e-08 0.239365 0.000187595 4.93273e-05 4.63279e-05 2.19929e-06 0.0163618 0.000414161 0.00554886 1.79241e-05 1.19926e-08 1.13359e-06 0.000434812 4.2157e-06 0.00706435 6.12519e-05 0.0272933 0.0153985 3.44125e-05 0.00615671 0.54345 0.000159544 0.00011865 0.000810428 0.000617761 8.62992e-05 0.0296303 0.106677 5.35229e-06 
8.14964e-07 4.75538e-07 0.00951154 4.04334e-06 2.0029e-05 2.23334e-06 2.21134e-05 1.42088e-05 1.61235e-05 0.00117576 4.453e-06 3.85492e-07 5.33572e-07 0.0136055 6.21902e-07 0.00162443 0.0324794 0.00283498 1.87864e-05 1.21855e-06 0.000152596 0.91125 5.35924e-05 1.78985e-05 4.30832e-06 0.0205567 6.79981e-07 3.0999e-05 0.00659535 4.14419e-07 
0.000749975 2.20449e-07 0.0696959 0.00677918 2.20452e-07 0.00108102 0.00256166 0.00838976 0.00730719 0.113122 0.0072868 2.2053e-07 2.20397e-07 0.0922798 2.20799e-07 0.0379874 0.0282638 0.0601131 0.0259614 2.2077e-07 0.0894665 0.260126 0.00189918 0.00503127 0.00158883 2.20738e-07 2.20265e-07 0.107827 0.07248 2.20505e-07 
1.66327e-11 1.97032e-11 0.000192162 0.0785761 8.57478e-10 0.000615552 3.32172e-06 8.39604e-05 8.03956e-06 0.00720604 0.00771818 8.62543e-07 0.0101339 0.000563427 2.74176e-06 0.00195219 0.0016889 0.00115543 0.000828941 5.85404e-05 0.00524081 0.875063 4.51523e-06 7.57305e-05 1.05322e-05 0.0023514 1.20668e-05 0.000601477 0.0058517 2.58163e-07 
1.88551e-06 6.75514e-07 0.000395499 1.36367e-05 6.43796e-05 6.49171e-06 1.08491e-06 4.89806e-05 5.5251e-05 0.000248284 1.50314e-05 5.47601e-07 7.57954e-07 0.00025964 1.6198e-06 6.54228e-05 3.89667e-05 0.000181129 6.47261e-05 3.54791e-06 0.000251888 0.997695 6.47882e-06 6.07946e-05 1.35111e-05 9.93572e-06 9.6593e-07 0.000107267 0.000385972 5.88693e-07 
3.4064e-08 4.03524e-08 0.0484628 0.0145398 0.00188624 1.70032e-06 6.09999e-09 1.41357e-05 0.000636567 6.35644e-06 0.0348998 2.21801e-07 1.5078e-05 0.0276147 1.27336e-05 0.0343917 0.00248405 0.180009 1.20665e-05 0.011632 0.0119594 0.627476 1.91808e-06 0.00202125 0.000674534 0.000763808 5.77007e-08 8.66093e-05 0.000228691 0.000168959 
1.7619e-07 2.38038e-07 0.175141 0.0469985 2.60261e-06 1.39124e-05 0.000130805 0.0156486 0.000994764 0.00240776 0.00379505 5.75708e-09 5.61262e-09 0.01751 0.00264649 0.138222 0.00291007 0.0685671 0.0259457 0.000229198 0.00479782 0.259322 0.00108948 0.00584537 2.76448e-09 0.10332 3.79208e-05 0.0845371 0.0398418 4.45375e-05 
4.82644e-07 1.50815e-07 0.0104137 0.00111491 3.57885e-05 2.87514e-06 3.42277e-07 2.95534e-05 3.30848e-05 0.000159476 0.00493234 1.22257e-07 1.6922e-07 0.101345 5.96484e-07 4.12776e-05 0.0102057 0.000115285 3.64754e-05 5.81126e-05 0.000162089 0.854706 3.54356e-06 3.58199e-05 6.90731e-06 5.21784e-06 2.15653e-07 0.0161946 0.000250192 0.000109849 
9.308e-07 9.32427e-09 0.0133983 0.207792 0.00809388 6.01421e-06 7.55262e-07 4.87299e-05 5.54285e-05 0.000244759 0.0170824 7.13926e-07 1.04622e-08 0.000252183 1.88312e-06 6.44288e-05 3.63508e-05 0.0430506 6.0536e-05 3.85637e-06 0.000248835 0.583273 6.54694e-06 0.00548552 1.34221e-05 1.06497e-05 1.33329e-08 0.0463006 0.0744677 8.12585e-09 
3.72528e-07 1.41948e-05 0.268585 0.00242143 3.79068e-05 0.00236633 1.62706e-06 0.000393628 0.00596057 0.00863154 0.029189 1.37334e-07 1.90089e-07 0.117392 2.14965e-05 0.00867737 0.0004457 0.010185 0.00238231 6.20867e-05 0.0338382 0.463041 0.0168335 0.0161763 0.00196543 0.0103812 8.29511e-06 0.000871202 0.000116171 1.4764e-07 
3.16013e-06 0.000177283 3.75356e-07 5.70218e-07 3.71237e-06 0.000127031 7.92665e-05 8.85577e-07 1.08115e-06 2.11993e-07 0.0662659 3.03465e-06 4.20037e-06 5.33256e-07 6.93189e-07 2.09848e-07 6.08239e-07 3.34329e-07 1.04017e-06 9.4489e-07 2.48802e-07 0.932732 6.01543e-07 0.000531511 2.06888e-06 1.22728e-06 5.35291e-06 4.9924e-07 5.26177e-05 3.26237e-06 
1.8353e-05 1.04698e-05 0.0166558 0.0113066 0.0253589 0.000315933 2.62092e-05 0.00529049 0.00473606 0.0227764 0.00120414 1.10572e-06 1.63636e-07 0.0247287 0.00519989 0.0182239 0.00327707 0.110425 0.00145738 0.00144484 0.0256383 0.620725 0.000686206 0.0049227 2.50393e-05 0.000602377 0.000644898 0.0349153 0.0593188 6.44309e-05 
3.17753e-07 4.22534e-08 0.000356846 8.73281e-06 4.86214e-05 2.3115e-06 4.16115e-07 3.22637e-05 0.00139322 0.000310768 9.75757e-06 3.42524e-08 4.02773e-06 0.00135315 9.04568e-07 0.000567001 0.0019358 0.000182647 0.00289172 0.00027063 0.00026813 0.96872 3.41643e-06 0.000942831 6.7732e-06 5.88656e-06 6.04189e-08 0.000394595 0.0202891 3.68227e-08 
9.93533e-06 1.53306e-05 0.0191538 0.0093835 0.000117386 0.00235024 3.48352e-05 0.0127689 0.00126056 0.0267362 0.00574389 1.09265e-05 7.12574e-06 0.00300964 0.00946047 0.0473552 0.000929224 0.0778465 0.0239634 0.182406 0.0369745 0.254072 0.0969 0.000864109 0.000451999 0.013222 0.000214468 0.040937 0.133768 3.34978e-05 
1.70066e-06 9.23656e-05 0.097076 0.00707813 3.85318e-05 0.0101995 5.68659e-06 0.0449665 0.000654753 0.0455517 0.00788787 0.00139264 0.0527905 0.0118116 1.57233e-06 0.0539816 0.00643841 0.119396 0.0156374 0.00286117 0.0107133 0.261019 0.00127578 0.112504 2.08466e-05 0.000640466 5.61297e-07 0.0874756 0.0484844 2.00671e-06 
3.45722e-05 0.0957197 0.059167 0.00669064 6.51692e-05 0.00592321 2.5424e-05 0.01578 1.35818e-05 0.056316 0.00830952 0.000258881 0.000627563 0.0989144 0.000266992 0.00424978 0.00883226 0.0538471 0.000433885 0.00160085 0.0422867 0.409106 0.000835711 0.112602 0.00106248 0.00376035 4.58694e-08 0.00167503 0.0115952 2.79554e-08 
0.0229628 1.51205e-08 0.000384982 1.16516e-05 5.18526e-05 4.18987e-06 5.5815e-07 0.00640263 0.00617836 0.000240352 1.2785e-05 1.22573e-08 1.69657e-08 0.0118864 0.000556338 0.0326787 0.00169376 0.00779628 5.60067e-05 2.37903e-06 0.00534614 0.878747 6.94707e-05 0.0029513 1.01377e-05 0.011636 2.1621e-08 9.19755e-05 0.0100936 0.000133915 
4.88e-06 0.000128595 0.00391746 0.00391488 0.000567584 0.00235509 0.00498795 0.0011579 0.00166351 0.00963147 0.001149 2.4909e-05 5.57653e-06 0.00169394 0.00310786 0.0101443 0.00132248 0.00731188 0.00133841 0.00894732 0.00423646 0.902808 0.00651295 0.000530007 0.00019698 0.00219191 0.00011426 0.0136128 0.00603482 0.000386346 
0.000156311 3.60432e-05 0.0687612 0.00966979 0.00268197 0.0013548 0.000509868 0.00287538 0.0261354 0.0198289 0.208407 9.49155e-06 0.000650323 0.0559358 0.0217653 0.148011 0.0161435 0.0402055 0.00673821 0.00990703 0.00522111 0.279896 0.00256321 0.00242842 0.000636752 0.0179654 0.0014197 0.0232491 0.0268357 8.00562e-07 
9.31924e-08 3.4487e-06 0.000306216 8.97783e-05 0.000144777 3.81929e-05 1.37792e-07 1.09424e-05 3.93032e-06 0.000181343 1.00056e-05 2.34394e-08 3.24432e-08 0.00603158 3.56479e-05 0.0112569 0.000280655 0.000153135 2.36978e-05 4.67079e-05 0.000503776 0.980517 6.39896e-05 3.19751e-05 1.25268e-05 1.38268e-05 4.13454e-08 4.64405e-05 0.000193216 2.51982e-08 
8.3084e-05 1.12493e-09 0.177264 1.33562e-05 0.000281183 6.12192e-06 2.93716e-07 0.0560519 0.00613523 0.193956 0.00652392 9.11914e-10 1.26221e-09 0.11895 3.26719e-06 0.00249414 0.00124228 0.0529856 5.24033e-05 4.99072e-06 0.0174818 0.299602 6.73919e-06 0.0257711 0.00557356 0.00376653 1.60855e-09 0.0187852 0.012965 6.95895e-07 
4.44509e-07 0.000483286 0.0624564 0.000218656 3.41049e-05 1.54406e-06 9.77782e-05 0.00616389 0.00107238 0.0417874 0.000309422 1.47899e-06 4.86567e-07 0.298173 0.000110569 0.0618663 0.0150221 0.0126675 0.000584424 0.000466294 0.00943722 0.387902 0.0435094 0.00260413 0.000338194 0.00135146 1.39593e-05 0.0179149 0.0170322 0.0183798 
6.01225e-06 6.88055e-09 0.121192 0.00262396 9.9829e-05 3.50366e-05 0.000188841 0.025877 0.00734511 0.0474449 0.00580775 5.57767e-09 7.72025e-09 0.0170266 0.000426525 0.0201534 0.0379383 0.0943973 0.00282029 0.00570979 0.0236768 0.262218 0.00136946 0.00911073 3.76078e-06 0.0385617 0.000512478 0.169411 0.106041 1.49953e-06 
1.9469e-05 3.16465e-08 0.0337135 1.5689e-05 8.70191e-05 3.89706e-06 6.8382e-07 5.83942e-05 6.97879e-05 0.000568398 0.00101902 2.56541e-08 3.55087e-08 0.000757736 1.53146e-06 0.000106628 8.6777e-05 0.00199153 0.000132728 2.3279e-05 0.00572225 0.936105 6.06304e-06 6.70855e-05 0.000195756 1.0383e-05 4.5252e-08 0.000720856 0.0185168 2.75791e-08 
3.21655e-05 0.000276267 0.0419491 0.0633684 0.00117461 0.00202789 0.00317576 0.0125305 0.00477066 0.0995846 0.0119052 5.7031e-05 0.000245526 0.0123349 0.0101545 0.0733317 0.0185474 0.108246 0.0241028 0.0107738 0.05362 0.262097 0.00354535 0.00221577 0.000424921 0.045946 0.000170704 0.0382106 0.0742494 0.020932 
1.26144e-06 5.36894e-07 0.0919807 0.162343 0.00112248 0.000515899 0.000793205 0.00379075 0.000958273 0.0626226 0.00659225 1.80826e-06 1.48115e-05 0.0151842 0.00186486 0.0649071 0.00713038 0.0442751 0.081026 0.00356507 0.0460715 0.241289 0.00798264 0.00454388 0.000848288 0.040075 1.87146e-05 0.0592244 0.0484991 0.00275676 
7.27431e-06 0.000292834 0.0115179 0.00036484 0.00114848 2.65505e-05 0.0191016 0.0053231 0.00134433 0.00445604 0.000128936 2.43268e-05 8.50283e-08 0.192282 1.40323e-08 0.0231879 1.13867e-06 0.00588338 0.00262403 3.61474e-05 0.00231779 0.481786 0.000264542 0.0043286 0.000351216 0.217091 1.08359e-07 0.00135201 0.0247466 1.08537e-05 
3.38218e-08 0.000124831 0.00578428 0.000270111 0.00234512 2.87088e-08 2.64933e-06 0.0384256 6.47163e-05 9.76555e-06 9.82106e-05 6.41748e-06 4.49551e-08 0.014135 7.41897e-09 0.0538116 0.0921495 0.00397635 0.00083556 3.59488e-05 0.00107221 0.627131 0.00083123 0.00367579 9.21177e-06 0.152388 5.72904e-08 1.14432e-05 0.00280467 3.4916e-08 
7.67343e-07 1.49303e-10 0.00322906 0.00562721 2.71921e-05 0.0457702 6.62262e-05 2.68228e-05 2.96607e-05 0.0145745 0.172565 1.21032e-10 2.91674e-05 0.00512547 5.64511e-08 0.00136244 0.00362975 0.018202 0.0129735 0.00108867 0.00671071 0.669614 0.000483261 0.00432381 0.000494444 0.00269077 1.29841e-07 0.0161373 0.0152178 7.25493e-08 
4.54037e-06 3.95527e-05 0.0428068 0.00840284 0.0123475 0.000527379 0.0576008 0.0157737 0.0068516 0.0276758 0.000409673 2.88422e-06 2.35364e-06 0.147844 0.00627497 0.0485912 0.0106274 0.0175393 0.00208824 0.00496886 0.0144573 0.226332 0.00323581 0.0886367 0.000875342 0.140993 0.0929167 0.00445621 0.0177149 2.04862e-06 
3.4064e-08 4.03524e-08 0.0484628 0.0145398 0.00188624 1.70032e-06 6.09999e-09 1.41357e-05 0.000636567 6.35644e-06 0.0348998 2.21801e-07 1.5078e-05 0.0276147 1.27336e-05 0.0343917 0.00248405 0.180009 1.20665e-05 0.011632 0.0119594 0.627476 1.91808e-06 0.00202125 0.000674534 0.000763808 5.77007e-08 8.66093e-05 0.000228691 0.000168959 
6.90256e-06 2.77233e-09 0.0116381 0.00105008 0.0170167 2.80132e-05 0.0214804 0.00496378 0.00705747 0.0545644 0.00397998 2.77375e-06 2.80602e-07 0.00702013 1.35467e-05 0.285079 0.00173398 0.0375219 0.00875103 6.63392e-05 0.0147487 0.414412 0.000104073 0.0106967 0.000788246 0.00907068 3.9642e-09 0.00160184 0.0865794 2.3123e-05 
1.54583e-07 1.64039e-08 0.000252185 0.00038259 3.05092e-05 2.08188e-06 1.77665e-07 2.78441e-05 3.0975e-05 0.000503174 7.63478e-06 1.32977e-08 1.84059e-08 0.0413385 2.74148e-07 0.0166304 1.99446e-05 0.000112666 3.35036e-05 1.25412e-06 0.00800722 0.931486 0.000136806 3.30745e-05 5.6179e-06 4.19552e-06 2.34563e-08 5.42879e-05 0.000898932 1.42956e-08 
2.34058e-05 9.29743e-09 0.00796358 0.00139363 0.000488355 0.000345072 0.000209599 0.000780246 0.0705126 0.00835462 0.000167128 7.5369e-09 1.98812e-06 0.000185848 1.95416e-06 0.0203714 0.0367116 0.0117627 0.104037 0.008238 0.009478 0.481355 0.0137305 0.00470087 0.000170572 8.83849e-07 4.79788e-06 0.0301724 0.188838 8.10246e-09 
3.24777e-05 1.12424e-07 0.00797336 0.00140948 0.000494382 0.000357454 0.000216683 0.003828 0.0705936 0.00836304 0.000168885 9.11356e-08 1.26144e-07 0.000192752 3.48325e-06 0.10761 0.0612213 0.0117759 0.0379943 0.00124753 0.00948859 0.593405 0.0138608 0.00159825 0.000173279 1.67768e-06 8.6457e-06 0.030208 0.0377732 9.79743e-08 
1.33832e-09 5.88758e-06 0.0389971 0.0105088 0.0136936 1.87358e-07 4.05395e-05 0.000497323 0.000113248 0.129725 0.003077 1.28518e-09 1.77887e-09 0.000403161 0.000664587 0.00372909 0.000459752 0.0260505 0.0168544 0.0056487 0.211263 0.285803 0.000354335 0.00108996 0.000246011 0.000538342 6.16034e-06 0.0224073 0.22782 2.70476e-06 
1.99994e-05 7.67882e-05 0.146453 0.0165721 0.000617049 0.029186 0.00169962 0.00933567 0.00196483 0.108152 0.0726588 1.02161e-05 0.00128313 0.0148244 0.00174753 0.0182723 0.0147583 0.0612646 0.117764 0.0254975 0.0725272 0.204601 0.00465631 0.00677443 0.000804636 0.001304 0.000133273 0.0108628 0.0559515 0.000227657 
2.79092e-07 4.89737e-05 0.0238123 0.0195588 0.0273629 1.90824e-05 2.57192e-06 0.0235347 0.000541137 0.0248531 0.0968027 5.42902e-09 7.51449e-09 0.0232681 0.00068284 0.0388361 0.00251939 0.0349467 0.00197777 0.00265251 0.0149189 0.626524 0.000197851 0.000432029 0.000460037 0.016027 2.16682e-07 0.00622308 0.0137966 5.8364e-09 
2.59434e-06 1.06286e-08 0.00593195 0.000298611 0.000141272 0.0009914 1.0004e-06 0.00230728 0.00924628 0.0133454 0.000642927 8.61601e-09 0.000215276 0.000101929 9.496e-05 0.0135158 0.00610144 0.000809623 0.000253413 0.00100428 0.000748776 0.853435 0.0011593 0.000182046 0.000205531 0.00413907 3.77868e-06 0.0138631 0.0712437 1.41258e-05 
1.20472e-06 0.000684669 0.0412775 0.00208322 0.000125614 0.000644027 1.01183e-06 0.0103705 0.000360241 0.0273747 0.064654 8.94822e-08 7.76818e-07 0.00299841 0.000756786 0.0135753 0.000204417 0.0113351 0.0013857 0.000369907 0.00507828 0.778386 0.00049719 0.000350562 3.96373e-05 0.00191525 4.05521e-06 0.00949531 0.0254956 0.000534893 
2.34058e-05 9.29743e-09 0.00796358 0.00139363 0.000488355 0.000345072 0.000209599 0.000780246 0.0705126 0.00835462 0.000167128 7.5369e-09 1.98812e-06 0.000185848 1.95416e-06 0.0203714 0.0367116 0.0117627 0.104037 0.008238 0.009478 0.481355 0.0137305 0.00470087 0.000170572 8.83849e-07 4.79788e-06 0.0301724 0.188838 8.10246e-09 
0.000130982 0.000130942 0.000131172 0.000131158 0.000130944 0.000131015 0.000131159 0.000131137 0.000131124 0.000131183 0.000131154 0.000130991 0.000130911 0.000131161 0.00013115 0.446155 0.000131156 0.000131175 0.000131126 0.000131133 0.00013118 0.550174 0.000131156 0.000131067 0.000131056 0.000131114 0.000130833 0.000131163 0.000131174 0.000130975 
9.99008e-08 0.0616201 0.246787 0.0643099 6.9389e-05 3.36122e-06 1.4137e-05 0.0011941 1.53112e-05 0.105528 0.0186257 3.03104e-06 1.32786e-07 0.0247089 2.05351e-06 0.00222296 0.00604718 0.00191534 0.000107169 0.0013602 0.0284374 0.400448 0.000287274 2.42668e-05 7.12857e-06 0.016652 1.05238e-05 1.12575e-06 0.0195126 8.52971e-05 
9.35806e-08 9.8245e-11 0.00327449 9.62304e-06 0.0161107 0.000614694 2.54617e-07 0.0504694 0.00984869 0.00926602 0.00136425 7.96417e-11 0.000519634 0.000485432 0.000454171 0.032384 0.0186972 0.000179951 6.35074e-05 0.000426883 0.000256773 0.655407 0.000623634 4.68798e-05 0.000161337 0.00993554 1.40482e-10 0.142132 0.0472683 8.56179e-11 
1.33832e-09 5.88758e-06 0.0389971 0.0105088 0.0136936 1.87358e-07 4.05395e-05 0.000497323 0.000113248 0.129725 0.003077 1.28518e-09 1.77887e-09 0.000403161 0.000664587 0.00372909 0.000459752 0.0260505 0.0168544 0.0056487 0.211263 0.285803 0.000354335 0.00108996 0.000246011 0.000538342 6.16034e-06 0.0224073 0.22782 2.70476e-06 
2.1361e-06 2.53044e-06 0.00809526 0.00118244 2.50939e-06 0.000607222 1.20531e-05 6.13401e-05 7.00016e-05 0.0392014 0.0169834 1.96312e-05 0.0023315 0.0202602 4.11875e-05 0.00791428 0.0260541 0.0166127 0.000237877 2.58182e-05 0.0375321 0.79023 3.28149e-05 0.00263756 2.24923e-05 0.000632597 0.000102229 0.00524906 0.0238326 1.12767e-05 
4.82748e-08 0.000934567 0.104329 0.0120257 0.000994631 0.00271357 4.22773e-05 0.00247392 0.00969618 0.00574749 0.0194455 3.31907e-06 1.23239e-05 0.0303339 0.000204545 0.0632739 0.0413229 0.193085 0.00260537 0.0180985 0.0183666 0.335621 0.000748259 0.00337918 0.054489 0.00171728 3.90304e-05 0.0267552 0.0339201 0.0176218 
8.13811e-07 0.000675396 0.00515332 4.50107e-06 0.000106481 5.05163e-06 2.45637e-07 2.21883e-05 2.17125e-05 4.49397e-06 0.000986045 7.81498e-07 0.00281183 1.21551e-05 2.61812e-06 0.00237763 0.0114164 6.06708e-06 6.43178e-06 5.80791e-06 2.79638e-05 0.976213 5.61273e-06 3.68155e-05 1.06145e-05 1.63779e-05 1.37851e-06 1.66046e-06 6.56822e-05 8.40141e-07 
7.4979e-09 0.00033245 0.0699656 0.000225085 4.19132e-05 0.00100964 1.36102e-08 0.0014371 0.00329517 0.0256964 0.00559922 2.93341e-09 0.000131364 0.0491185 0.000416217 0.00565898 2.53709e-05 0.000905187 0.00480436 0.00393674 0.00821496 0.72506 0.000153676 0.00398937 0.0013264 0.00534852 0.000109824 0.022089 0.0611085 1.78384e-07 
1.33832e-09 5.88758e-06 0.0389971 0.0105088 0.0136936 1.87358e-07 4.05395e-05 0.000497323 0.000113248 0.129725 0.003077 1.28518e-09 1.77887e-09 0.000403161 0.000664587 0.00372909 0.000459752 0.0260505 0.0168544 0.0056487 0.211263 0.285803 0.000354335 0.00108996 0.000246011 0.000538342 6.16034e-06 0.0224073 0.22782 2.70476e-06 
2.56939e-07 3.0483e-09 0.00662289 0.0109987 0.011199 0.000142833 1.3983e-05 0.0392834 0.00350396 0.0155017 0.000433672 2.47109e-09 3.42031e-09 0.0764796 0.0170234 0.14525 0.00153063 0.0593722 0.0123554 0.000752307 0.0138876 0.450835 0.00228605 0.00164534 7.66414e-06 0.000121154 0.000520074 0.0227401 0.107487 6.23941e-06 
7.44641e-06 1.71052e-08 0.0263741 0.111033 4.22877e-06 0.0074696 3.48183e-05 0.000909841 0.00535349 0.100649 0.0376559 0.000270955 7.49071e-06 0.0217136 0.000935636 0.0365386 0.0580455 0.104304 0.0309369 0.00389592 0.0163212 0.255653 0.000369023 0.0204492 0.000149567 0.0122335 4.02814e-05 0.0821906 0.0664017 5.16517e-05 
4.47463e-06 0.0208284 0.0169174 0.0022873 0.000486063 0.000243348 0.000214418 0.0112074 0.0171775 0.00165985 0.0360476 4.95755e-07 6.86191e-07 0.018887 0.000553421 0.262198 0.00920822 0.0366424 0.00100009 0.000178923 0.227153 0.297849 0.000262069 0.00334521 0.00142874 0.00992663 8.51915e-05 0.0204259 0.00377992 5.32956e-07 
5.14838e-07 1.14014e-05 6.11517e-08 9.28981e-08 6.04807e-07 1.44576e-05 0.000156533 1.37863e-06 9.86863e-06 0.000106902 1.90828e-06 0.000239006 0.000820343 1.37071e-06 3.32051e-05 0.0416722 9.90922e-08 0.0204496 0.00321706 0.00198355 4.0534e-08 0.927958 1.15124e-05 3.10205e-07 0.000370415 0.00169455 2.22864e-06 8.13345e-08 0.00124258 5.31494e-07 
1.02871e-05 0.000415547 0.168812 0.00244838 0.0260785 0.00640831 2.57887e-07 0.00414356 0.00189752 0.0061316 0.0868733 9.86415e-08 0.00365128 0.0361652 1.26012e-06 0.00972799 0.001313 0.0496301 0.00112636 1.89712e-06 0.00203614 0.346389 2.5936e-06 0.124219 0.000668433 0.0205078 5.53822e-06 0.0709468 0.0303882 1.06043e-07 
7.98271e-06 5.01562e-07 0.00233769 0.000301729 1.24997e-05 6.97882e-05 2.19095e-06 0.000340184 8.19946e-05 0.00446727 3.14699e-06 4.34782e-07 9.19746e-06 8.21332e-06 3.26603e-05 0.00258833 4.07714e-05 0.00327853 0.00096784 0.000452851 0.000712585 0.961262 9.25214e-05 3.02522e-05 1.40028e-05 0.000410565 2.4321e-05 0.0162407 0.00524786 0.000961125 
2.01835e-06 9.27412e-10 0.0100964 0.00264461 0.000581599 0.000291376 6.42126e-06 0.0149349 0.000835368 0.0267595 0.000597802 2.85214e-07 4.66293e-07 0.00169596 2.98804e-05 0.0113326 0.000556781 0.00737135 0.00154608 0.000237612 0.04884 0.82336 0.00156132 0.000483906 0.000125223 0.000991419 5.5149e-06 0.0157984 0.0289674 0.000345921 
1.26256e-06 3.09883e-07 0.222104 0.000562658 1.54348e-05 0.000312251 8.26534e-07 0.00523108 8.67653e-06 0.0274189 0.101473 2.51205e-07 3.47701e-07 0.0050924 5.73813e-08 0.0146521 0.00142544 0.0262926 4.61585e-05 0.000303643 0.00776834 0.532881 9.84883e-05 2.73705e-05 0.000466805 0.00242823 4.43107e-07 0.0137827 0.0376046 2.70055e-07 
4.82644e-07 1.50815e-07 0.0104137 0.00111491 3.57885e-05 2.87514e-06 3.42277e-07 2.95534e-05 3.30848e-05 0.000159476 0.00493234 1.22257e-07 1.6922e-07 0.101345 5.96484e-07 4.12776e-05 0.0102057 0.000115285 3.64754e-05 5.81126e-05 0.000162089 0.854706 3.54356e-06 3.58199e-05 6.90731e-06 5.21784e-06 2.15653e-07 0.0161946 0.000250192 0.000109849 
9.37407e-07 4.06996e-07 0.0237193 2.1365e-06 9.96981e-06 1.88112e-06 5.3472e-07 0.00821409 5.57436e-06 0.000162256 0.00455233 3.29929e-07 0.00371697 0.0121463 7.53639e-08 0.00530266 0.00288991 0.00299653 2.99442e-05 4.38051e-07 0.064876 0.84391 1.62657e-06 0.0131227 5.71225e-06 0.00197373 5.81972e-07 0.00678603 0.0055702 3.54686e-07 
1.35e-07 4.70221e-11 1.48801e-06 2.19896e-07 9.37285e-09 1.65133e-07 8.24626e-08 4.22712e-07 4.49523e-07 0.181674 2.65244e-07 3.81182e-11 5.27607e-11 0.00112247 8.70714e-12 0.0012699 0.0181906 1.14311e-06 1.53651e-06 7.67921e-07 1.26602e-06 0.552387 6.49889e-08 0.00343614 1.87133e-07 1.54159e-11 4.23666e-07 0.241909 1.39475e-06 4.09785e-11 
3.0878e-07 7.03256e-07 0.131093 0.00053101 1.64557e-10 1.96489e-05 5.38856e-06 0.000905647 0.0170028 0.0308061 0.00861475 1.34516e-10 1.86189e-10 0.00774794 8.26419e-07 0.167352 0.0030565 0.0290141 0.001127 6.45235e-07 0.0548099 0.337191 0.200941 0.0043704 8.37181e-05 9.24019e-07 4.17719e-07 0.00532193 3.18966e-06 1.4461e-10 
2.48025e-06 6.41926e-11 0.0234518 0.0285206 0.000143953 0.000691792 4.4262e-05 0.0717192 0.0121531 0.105797 0.000104978 4.89734e-07 7.45247e-07 0.0157736 6.23589e-05 0.0756972 0.00487681 0.112168 0.0132811 0.000185074 0.0150119 0.313582 0.00104928 0.000390091 0.000261731 0.000745891 9.68293e-06 0.0858943 0.117466 0.000912895 
1.19709e-08 2.18502e-10 0.126251 0.00372412 0.0165785 0.00336197 2.59704e-07 0.00608879 0.00979495 0.0229065 0.0146645 1.77128e-10 2.41643e-05 0.0299403 8.40922e-05 0.0395003 0.00336426 0.0698077 0.0112323 0.000910181 0.0172669 0.282314 0.00292059 0.0180298 3.4443e-05 0.0241788 4.96895e-05 0.187434 0.109466 7.19465e-05 
2.97345e-06 1.74458e-06 0.0220642 0.00280426 0.00147009 0.000613633 0.000635107 0.00138161 0.000644153 0.0107353 0.000116587 1.94395e-07 2.96934e-06 0.0170916 0.00023195 0.0407743 0.000567647 0.00192756 0.000959208 0.00275133 0.00303855 0.856997 0.0005433 0.000180444 4.57967e-05 0.000294602 1.09168e-05 0.0242429 0.00986139 8.63532e-06 
1.82429e-07 4.1042e-09 0.00345734 0.0878801 0.00396594 0.0011344 6.08201e-06 0.0156214 0.000350197 0.0207331 0.000478732 2.73135e-06 3.28758e-06 0.0418624 0.0184994 0.0154044 0.0033269 0.00779415 0.000911463 0.000748593 0.0653932 0.462726 0.107413 0.0105004 0.00319466 0.00309551 3.75892e-06 0.0292585 0.0962309 2.9403e-06 
3.93113e-05 0.171981 0.202198 2.83795e-06 0.0121678 2.07912e-05 5.2024e-07 0.0788239 0.00239895 0.0242613 0.00183392 0.00102036 9.14389e-08 0.0913939 0.000992059 0.00620277 0.000626783 0.00601243 0.00385468 0.0011735 0.00018166 0.350907 0.000467203 1.84036e-05 5.712e-06 3.03238e-06 2.15586e-05 0.0154201 0.0279701 7.10194e-08 
0.0601834 5.22989e-11 0.00924108 0.000666288 6.36131e-05 2.24402e-06 2.5015e-05 0.0243967 0.0215365 0.00441301 0.000527848 4.23958e-11 5.91901e-09 0.0536189 0.00794352 0.119302 0.00775051 0.0176983 0.00149653 0.000106565 0.007788 0.596708 0.0151311 0.00332037 0.000204831 0.0196683 7.47832e-11 0.0109624 0.0172406 4.80814e-06 
3.96935e-06 1.99464e-09 0.0446512 1.21703e-05 5.90887e-05 9.66351e-06 3.01334e-06 5.23168e-05 3.11123e-05 0.000822901 3.93504e-05 1.61694e-09 2.23807e-09 0.000226475 3.6935e-10 0.000210263 2.87502e-05 0.000599528 0.000161551 2.07166e-06 0.000525775 0.951283 8.81178e-06 9.55984e-05 3.09688e-05 1.03396e-05 2.85218e-09 0.000347677 0.000784056 1.73828e-09 
1.6725e-10 0.000127384 0.143398 0.0027797 0.0413749 0.00123176 0.00896075 0.0270898 0.000593866 0.170903 0.0545797 2.76655e-05 4.6015e-08 0.0217385 0.000390625 0.0507002 0.0487595 0.0870122 0.0139347 0.0102184 0.0522715 0.171861 0.00297784 0.00603428 0.00902138 0.00179161 0.000320987 0.0192192 0.032447 0.0202339 
2.73964e-06 3.93615e-09 0.0365931 0.00325805 0.000292177 3.62475e-05 0.155207 0.00109989 0.000215506 0.00599717 0.00661959 0.000120952 3.16334e-06 0.0014096 7.28861e-10 0.00430364 0.000443982 0.0100223 0.00193774 0.000131336 0.0139651 0.703288 6.89239e-05 0.00136484 0.000278382 0.0268419 5.62838e-09 0.000860092 0.025637 2.47328e-06 
7.81956e-07 1.53636e-10 0.0309794 0.0109705 0.000236571 0.0252978 7.03475e-07 0.00845216 0.00113563 0.00594366 0.00244764 1.24544e-10 7.75006e-07 0.000210218 0.000183191 0.025828 3.19754e-05 0.0241614 0.0097128 0.000324074 0.00143783 0.701242 0.00100377 0.000270962 5.55535e-05 0.00536115 9.87663e-07 0.067439 0.0772504 2.1504e-05 
8.96526e-05 0.000106203 1.06488e-05 1.6177e-05 0.00010532 7.60993e-05 1.60545e-05 2.51237e-05 3.06723e-05 6.01421e-06 1.81532e-05 8.60928e-05 0.000119164 1.51284e-05 1.96657e-05 5.95336e-06 1.72557e-05 9.48488e-06 2.95095e-05 2.68064e-05 7.05849e-06 0.998731 1.70657e-05 5.40184e-05 5.86939e-05 3.48179e-05 0.000151862 1.41634e-05 9.59822e-06 9.25531e-05 
1.19449e-06 0.000927141 0.153094 0.0126295 0.00528392 0.00161633 6.46638e-07 0.00197437 0.0281861 0.000164004 9.76636e-06 0.000197623 6.24522e-07 0.0553433 0.00259337 0.0187889 0.00416683 0.000119491 0.0486584 2.48886e-06 0.000166591 0.623122 4.32193e-06 0.0194584 0.00316683 0.00136841 0.014277 0.00380683 0.000255908 0.0006157 
