1.2205e-09 6.45049e-07 0.0118223 0.00157564 9.15275e-05 0.00132701 2.28287e-06 0.01856 0.058284 0.00111134 0.00376458 5.75368e-08 6.96028e-09 0.00515271 0.00315921 0.247626 0.00481902 0.0717288 8.88808e-05 0.00017883 0.000585341 3.60963e-07 0.561671 0.002286 7.99037e-10 0.00058993 2.06739e-09 0.000123927 0.00544969 1.25998e-09 
2.73994e-12 1.07418e-05 0.00118321 0.00049231 4.00079e-05 2.32573e-12 4.90653e-13 0.00530527 0.00019873 0.000568733 2.87452e-05 2.63115e-12 2.32363e-07 0.00136708 0.0429413 0.0231927 8.27038e-05 0.0033263 5.99382e-05 8.42473e-06 0.000392153 2.80096e-10 0.919806 1.02752e-05 1.79379e-12 0.000340307 4.64116e-12 0.000197011 0.000448114 2.82859e-12 
1.29224e-05 1.13667e-09 0.0487261 4.08644e-06 4.77939e-05 6.28332e-06 5.4205e-08 0.00753072 4.0237e-06 0.0287665 0.0746767 9.20158e-06 1.27539e-09 0.0696705 0.0021608 0.197445 2.20707e-06 0.0649519 0.0202681 0.0145731 0.0185213 0.00076166 0.214054 0.0222375 6.19471e-07 0.0196342 3.37354e-07 0.028579 0.167356 9.90577e-10 
2.67698e-12 1.13328e-05 0.000454194 0.000622024 0.000998948 0.00142581 2.88463e-05 0.00172236 0.00753675 0.000307075 0.014332 4.12511e-07 3.55817e-12 0.000362597 0.1903 0.213109 0.000182684 0.00837605 0.00276078 0.00779555 0.00247059 2.76458e-06 0.501929 0.000349046 6.75611e-05 0.00292663 3.27216e-05 7.83539e-05 0.0418174 7.19176e-08 
0.00102633 0.000872623 0.0438968 0.0193012 0.000242053 0.122785 0.000588275 0.0032787 0.00318229 0.0799778 0.0312092 3.04843e-05 0.000767233 0.0274656 0.0162772 0.0718719 0.0130005 0.0718658 0.0231 0.01416 0.0774148 0.0013479 0.290182 0.00117116 0.000400552 0.0300886 0.000241486 0.0161 0.0381453 9.24259e-06 
1.64499e-11 1.94866e-11 0.0605568 0.023879 6.36761e-06 0.00171899 6.98356e-08 0.00712015 0.0233026 0.0137225 0.015377 4.80376e-09 2.18648e-11 0.00201734 8.73361e-06 0.0850904 0.00109366 0.255407 0.0714605 0.0217853 0.103462 0.000239466 0.285076 0.00157466 7.20438e-05 0.000376708 0.000417632 0.0112085 0.0150265 1.69821e-11 
5.30505e-12 5.39958e-05 0.0620809 1.58709e-07 0.000192055 2.94799e-09 1.95748e-07 0.00184002 0.000110053 0.00163939 0.0062378 2.12875e-09 7.05134e-12 0.00123036 0.00182406 0.0117974 0.000200374 0.0109805 2.30513e-05 0.000944907 0.0052472 0.00180509 0.892142 0.00123457 5.91965e-06 0.000379441 3.59825e-06 2.7245e-05 6.85505e-08 5.47668e-12 
2.4814e-06 0.000455207 0.0222738 0.0241283 0.000972922 0.00543405 0.00570473 0.0140074 0.080026 0.0425307 0.0117933 1.30391e-05 0.0263529 0.0378067 0.043723 0.105934 0.0212481 0.0362844 0.003523 0.0703887 0.032445 0.0035428 0.329311 0.00748362 0.00106494 0.0143917 2.86604e-05 0.03827 0.02085 9.46303e-06 
1.14989e-12 1.36217e-12 0.000247893 0.000260519 4.23855e-06 0.000284612 6.05546e-06 0.000537295 0.0150765 0.000606416 9.59139e-10 7.55627e-08 1.5284e-12 0.00018804 0.00249951 0.0137077 0.000198848 0.00349814 0.0013011 5.71612e-05 0.000615267 5.78436e-06 0.960141 9.45505e-09 1.7163e-09 1.61297e-09 3.77377e-05 0.000253087 0.000473311 1.18709e-12 
9.53819e-10 1.82197e-08 0.00457318 0.0065093 9.03424e-05 0.10771 2.3327e-05 0.00927715 0.078399 0.00871245 0.00209064 8.3211e-07 9.34578e-05 0.00054246 0.000341226 0.199176 0.00399636 0.0363408 0.00709147 0.00146032 0.0492657 0.00100879 0.459739 8.62185e-05 1.10216e-05 0.000722336 0.00125137 0.0078163 0.0136704 1.10965e-07 
1.5127e-12 1.79196e-12 0.000371838 0.000390776 6.35717e-06 0.000426915 9.0824e-06 0.00080594 0.022482 0.000909478 1.35274e-09 1.13255e-07 2.01065e-12 0.000273901 0.00027594 0.0196183 0.000298271 0.00519312 0.0018515 6.86884e-05 0.000922899 7.87026e-06 0.944984 1.33353e-08 2.4206e-09 2.27513e-09 5.66032e-05 0.000336717 0.000709965 1.56164e-12 
2.35495e-11 1.26176e-07 0.000225155 8.75516e-08 0.000206331 0.000118046 2.89207e-07 0.00188918 0.0244635 0.000317432 0.000661927 7.25241e-09 3.13014e-11 0.00185607 0.00581398 0.125626 0.000245711 0.00692599 2.9717e-07 1.02751e-05 0.000279606 2.57173e-11 0.829359 0.000129442 1.54174e-11 0.000628348 3.98903e-11 1.96214e-05 0.00122289 2.43114e-11 
8.47256e-13 3.46416e-06 0.0284196 0.000353741 0.000325906 0.000132484 1.90231e-05 0.000108221 0.000249086 0.118156 0.0111708 1.28142e-06 1.10487e-06 0.00017629 0.0012738 0.002554 0.00177993 0.00813568 0.000759117 0.00239848 0.0212537 0.000170958 0.759794 0.000756934 6.63696e-06 0.00172364 3.30006e-05 0.036166 0.00407656 1.181e-09 
2.45046e-11 0.000156874 0.00411923 0.00266442 6.29799e-05 0.0163294 7.14917e-05 0.00251741 0.0575359 0.055827 0.00137573 3.8774e-08 1.49577e-09 0.00152822 0.0238545 0.0864447 0.00118959 0.0174913 0.00531016 0.000766041 0.0122744 4.06113e-05 0.622282 5.4606e-05 1.15556e-05 0.000221475 0.0134634 0.0340316 0.040375 3.91073e-08 
8.87047e-08 2.54158e-07 0.00656539 0.00434324 0.000149536 0.000928903 1.46753e-06 0.0783271 0.00093382 0.131031 0.00202991 4.17041e-10 1.01405e-07 0.0729153 0.0535499 0.18323 0.0476242 0.091843 0.000773458 0.000996157 0.0115543 0.000361066 0.278259 9.91485e-05 4.71827e-05 0.00139743 1.47114e-05 0.0172634 0.0156525 0.000108617 
0.00789888 2.53904e-05 0.0381193 0.0315739 0.000501467 0.00204379 0.00016252 0.00312994 0.000620667 0.146864 0.0357946 0.000174601 3.68485e-06 0.00715975 0.0222233 0.025519 0.0244186 0.0571485 0.00647907 0.0254636 0.0724614 7.93469e-05 0.312559 0.00262416 0.000146684 0.00419438 0.000105989 0.0493051 0.123194 4.9412e-06 
4.07297e-07 1.61175e-07 0.000735748 0.000597575 9.21749e-05 0.0766871 1.06815e-08 0.00287967 0.26088 0.000617832 0.0168745 1.73196e-05 6.85848e-06 0.000646934 0.00797928 0.295093 0.000118082 0.0261246 0.000222292 6.01755e-05 0.00056941 2.69899e-06 0.298462 0.000785542 1.21399e-06 7.66899e-05 0.00693675 0.000278192 0.00325375 3.1596e-07 
8.96254e-06 0.000738395 0.0071274 0.00293542 0.000586389 0.0284863 0.000146637 0.00419166 0.121063 0.0159153 0.00203856 6.28258e-07 5.47407e-05 0.0283436 0.0449076 0.296204 0.00932045 0.041522 0.00618202 0.0107338 0.0317951 0.000546961 0.296663 0.000125155 7.27683e-05 0.00351157 0.00286709 0.00738881 0.0362691 0.00025417 
9.53819e-10 1.82197e-08 0.00457318 0.0065093 9.03424e-05 0.10771 2.3327e-05 0.00927715 0.078399 0.00871245 0.00209064 8.3211e-07 9.34578e-05 0.00054246 0.000341226 0.199176 0.00399636 0.0363408 0.00709147 0.00146032 0.0492657 0.00100879 0.459739 8.62185e-05 1.10216e-05 0.000722336 0.00125137 0.0078163 0.0136704 1.10965e-07 
1.5127e-12 1.79196e-12 0.000371838 0.000390776 6.35717e-06 0.000426915 9.0824e-06 0.00080594 0.022482 0.000909478 1.35274e-09 1.13255e-07 2.01065e-12 0.000273901 0.00027594 0.0196183 0.000298271 0.00519312 0.0018515 6.86884e-05 0.000922899 7.87026e-06 0.944984 1.33353e-08 2.4206e-09 2.27513e-09 5.66032e-05 0.000336717 0.000709965 1.56164e-12 
1.42312e-06 0.000639511 0.00644967 0.0705983 0.00142139 0.000580264 5.08245e-05 0.00257123 0.0182144 0.0074744 0.0083295 1.65709e-06 0.00811372 0.0110312 0.119967 0.123109 0.0187782 0.0194563 0.0518142 0.00838072 0.0139015 1.50699e-05 0.329671 0.0426778 0.000364592 0.00204638 2.18092e-05 0.00100833 0.133285 2.51356e-05 
1.43902e-09 0.000159176 0.00560732 7.66498e-06 4.27743e-06 3.52282e-06 9.84627e-10 0.0001044 0.000148608 0.00957112 0.0160986 3.41821e-07 1.19046e-09 2.11575e-05 0.0179304 0.00348699 0.000114005 0.00350934 0.000446962 0.00364579 0.000707226 6.44224e-05 0.929178 3.25831e-05 2.34019e-05 0.000107728 1.36605e-05 0.000176006 0.00876221 7.48807e-05 
7.39095e-08 0.00619241 0.0433233 0.00538539 0.00130539 0.00585045 0.000542064 0.0136577 0.0152722 0.0336861 0.00117212 2.62022e-05 0.0118349 0.0895213 0.0512254 0.161922 0.0644596 0.0249672 0.0111543 0.0119214 0.0180039 5.36982e-05 0.283509 0.003212 0.00674342 0.00101692 0.00470016 0.119541 0.0097786 2.23946e-05 
5.13905e-08 2.37423e-05 0.00144126 0.00200837 0.00256388 0.149708 4.73623e-05 0.00174909 0.0127033 0.00123257 0.0386332 3.44792e-07 8.45823e-11 0.000985366 0.207072 0.153399 0.000520392 0.0186608 0.00547331 0.0127424 0.00503982 1.84246e-05 0.265075 0.000231746 0.000137232 0.00705015 6.14959e-05 0.00164397 0.111778 2.29316e-07 
9.53819e-10 1.82197e-08 0.00457318 0.0065093 9.03424e-05 0.10771 2.3327e-05 0.00927715 0.078399 0.00871245 0.00209064 8.3211e-07 9.34578e-05 0.00054246 0.000341226 0.199176 0.00399636 0.0363408 0.00709147 0.00146032 0.0492657 0.00100879 0.459739 8.62185e-05 1.10216e-05 0.000722336 0.00125137 0.0078163 0.0136704 1.10965e-07 
9.53819e-10 1.82197e-08 0.00457318 0.0065093 9.03424e-05 0.10771 2.3327e-05 0.00927715 0.078399 0.00871245 0.00209064 8.3211e-07 9.34578e-05 0.00054246 0.000341226 0.199176 0.00399636 0.0363408 0.00709147 0.00146032 0.0492657 0.00100879 0.459739 8.62185e-05 1.10216e-05 0.000722336 0.00125137 0.0078163 0.0136704 1.10965e-07 
3.93194e-11 7.02022e-07 0.000965881 0.00321927 0.00022413 1.88117e-05 0.000574835 0.0124632 0.0553629 0.0149989 0.000838087 3.77582e-11 5.22624e-11 0.0150354 0.256139 0.174097 0.0164721 0.00350529 0.000586186 0.0020456 0.0245477 1.11342e-07 0.381777 0.00550311 0.000246068 0.000450173 2.86804e-05 0.0291174 0.0017813 7.08119e-07 
9.76215e-13 5.90387e-07 0.0265881 0.000217737 0.000303422 0.000283924 1.10217e-05 1.29586e-05 1.74427e-05 0.0840492 0.00759481 1.75086e-06 1.10556e-06 5.01579e-05 0.0013808 0.000473008 0.0005948 0.00531731 0.000586553 0.00147355 0.00438536 8.00795e-05 0.829715 0.000146594 1.76266e-09 0.00238808 1.96474e-05 0.0325464 0.00159275 0.000167348 
3.80009e-11 4.50161e-11 0.00690057 0.00265008 0.000125458 0.00304168 0.000161842 0.00629423 0.191028 0.00107048 0.003803 2.87197e-08 5.05099e-11 0.00329394 0.00422924 0.242425 0.000226949 0.0170879 0.00597419 0.00470684 0.00218627 0.00381017 0.485808 0.00481158 1.90439e-05 0.000599445 1.97662e-05 0.00255966 0.00716643 3.92304e-11 
1.2205e-09 6.45049e-07 0.0118223 0.00157564 9.15275e-05 0.00132701 2.28287e-06 0.01856 0.058284 0.00111134 0.00376458 5.75368e-08 6.96028e-09 0.00515271 0.00315921 0.247626 0.00481902 0.0717288 8.88808e-05 0.00017883 0.000585341 3.60963e-07 0.561671 0.002286 7.99037e-10 0.00058993 2.06739e-09 0.000123927 0.00544969 1.25998e-09 
1.71074e-05 1.72264e-07 0.0541322 0.00214284 0.000355274 0.000136691 7.57606e-05 0.00358484 0.00189865 0.017623 0.00434729 1.86047e-11 1.49185e-06 0.0186824 0.336834 0.0399676 0.0034547 0.00338169 0.00314967 0.000870783 0.0155773 7.90355e-05 0.445451 0.00886635 0.000877535 0.000235281 0.0198656 0.0178432 0.000548697 4.02204e-08 
7.70944e-12 1.56851e-07 0.000965608 0.00144613 1.05917e-07 4.2151e-05 0.000574683 0.00182491 0.0174071 0.0149973 5.53345e-05 7.40332e-12 1.02472e-11 0.00435539 0.291074 0.0716174 0.0164709 0.00350482 0.00058577 0.00229429 0.0245457 4.64414e-08 0.527108 0.000260442 0.000245869 2.61234e-08 2.85657e-05 0.018814 0.00178065 6.21022e-07 
9.53819e-10 1.82197e-08 0.00457318 0.0065093 9.03424e-05 0.10771 2.3327e-05 0.00927715 0.078399 0.00871245 0.00209064 8.3211e-07 9.34578e-05 0.00054246 0.000341226 0.199176 0.00399636 0.0363408 0.00709147 0.00146032 0.0492657 0.00100879 0.459739 8.62185e-05 1.10216e-05 0.000722336 0.00125137 0.0078163 0.0136704 1.10965e-07 
6.16806e-09 6.9018e-09 0.00553093 0.000693726 1.76267e-05 5.66913e-06 7.73203e-07 0.00189701 0.000550451 0.00151801 0.000259788 3.82303e-06 8.50673e-07 0.0236186 0.0027883 0.056038 0.000929231 0.00393282 0.000343203 0.00052213 0.0081614 3.48988e-05 0.888476 1.60377e-05 2.67014e-06 0.000986154 0.000120873 0.000858023 0.00267394 1.87788e-05 
9.89029e-10 9.02199e-09 0.000746229 0.00207167 0.000110197 0.00153344 1.02312e-05 0.000933604 0.179417 0.00232572 0.000490154 1.66758e-07 2.6168e-10 9.46694e-05 0.000462787 0.0376297 0.000363 0.00846321 0.00406309 0.000331861 0.000903727 6.4105e-06 0.741917 8.46545e-05 1.70004e-05 0.000128619 0.0120393 0.0012995 0.00455687 1.68603e-12 
2.86846e-09 3.77959e-07 0.0322379 0.0200724 0.0024199 0.000835582 0.000736132 0.00946795 0.00793171 0.0222251 0.000365201 2.82608e-08 3.2062e-05 0.0133572 0.199132 0.223348 0.0148342 0.0350086 0.000111998 0.000376492 0.0321646 4.87198e-07 0.232246 0.000525193 0.0180736 0.00246549 2.35718e-05 0.106955 0.0239853 0.00106769 
9.53819e-10 1.82197e-08 0.00457318 0.0065093 9.03424e-05 0.10771 2.3327e-05 0.00927715 0.078399 0.00871245 0.00209064 8.3211e-07 9.34578e-05 0.00054246 0.000341226 0.199176 0.00399636 0.0363408 0.00709147 0.00146032 0.0492657 0.00100879 0.459739 8.62185e-05 1.10216e-05 0.000722336 0.00125137 0.0078163 0.0136704 1.10965e-07 
1.44933e-07 0.000283483 0.00523606 0.00130809 0.000202279 0.000457759 1.71202e-05 0.000763042 0.0020216 0.0315485 0.00522978 2.9525e-07 1.86586e-07 0.00132746 0.0946903 0.0661576 0.00185432 0.00518784 0.00103513 0.00162544 0.00977125 1.56196e-05 0.758061 0.000447455 0.000200795 0.000250932 1.1411e-05 0.000310726 0.0119791 5.06473e-06 
9.97457e-05 0.000201134 0.00849663 0.0039141 0.0015119 0.000293467 0.000251415 0.00421084 0.0139927 0.0198639 0.00339843 0.00650851 0.000111113 0.00651319 0.379789 0.0536372 0.00305809 0.00818878 0.00519884 0.00260964 0.0235741 0.00476596 0.425276 0.000965972 0.00112775 0.000432517 0.00223205 0.00853972 0.011225 1.16436e-05 
5.46985e-05 0.000204092 0.0124775 0.00724117 0.00238897 0.00093662 3.98429e-05 0.0139431 0.0534226 0.0278706 0.00346709 1.36622e-05 0.000104337 0.0228405 0.194509 0.189998 0.0121531 0.0258469 0.00220813 0.000949795 0.0242141 0.000122369 0.364854 0.00160714 0.000664974 0.00772793 0.00040875 0.0133037 0.0128735 0.00355419 
2.57564e-12 4.645e-08 3.35233e-06 6.89441e-05 0.000235717 0.000133743 1.17435e-05 0.00020318 0.00555753 6.43583e-08 0.00321776 1.87796e-09 3.42348e-12 4.89292e-05 0.263125 0.146855 6.92035e-05 0.0016688 5.91331e-05 5.42536e-05 9.44178e-05 4.3093e-07 0.565226 9.72604e-05 1.79799e-08 0.000319121 2.06056e-08 1.22826e-06 0.0129501 1.00558e-07 
2.8233e-08 7.80856e-05 0.00207142 0.0038091 3.33736e-05 0.000299295 1.26631e-05 0.00110173 0.0305025 0.0041691 0.00240262 3.14622e-07 3.74562e-06 0.000317831 0.0125865 0.0190892 0.000271687 0.00535546 0.00306697 0.00122304 0.000872545 1.4225e-05 0.904856 4.67395e-05 1.52918e-05 0.000123344 0.00167278 0.000950919 0.00504877 4.60333e-06 
9.52824e-07 9.52535e-07 0.0049628 0.00639346 9.52548e-07 9.5306e-07 0.000764241 9.53952e-07 0.00543792 9.54286e-07 9.54072e-07 9.52885e-07 9.52307e-07 0.130144 0.0526642 0.0365502 0.0214679 0.00935234 0.00257641 9.53919e-07 9.54266e-07 9.52681e-07 0.699636 0.0175443 9.5336e-07 9.5378e-07 9.51737e-07 9.54142e-07 0.00553543 0.00695619 
8.65292e-09 8.788e-09 0.00341888 0.00607335 0.000205594 0.00129539 1.95512e-06 0.0215683 0.00137388 0.0318609 0.000644754 2.74038e-12 9.88441e-09 0.00988092 0.0863102 0.0992201 0.00164041 0.0188082 0.000706271 0.000296161 0.00393171 0.000156906 0.667939 3.43272e-08 6.51041e-05 0.00195064 4.88479e-07 0.0205952 0.0219056 0.000150522 
1.14989e-12 1.36217e-12 0.000247893 0.000260519 4.23855e-06 0.000284612 6.05546e-06 0.000537295 0.0150765 0.000606416 9.59139e-10 7.55627e-08 1.5284e-12 0.00018804 0.00249951 0.0137077 0.000198848 0.00349814 0.0013011 5.71612e-05 0.000615267 5.78436e-06 0.960141 9.45505e-09 1.7163e-09 1.61297e-09 3.77377e-05 0.000253087 0.000473311 1.18709e-12 
1.07709e-09 7.19241e-12 0.00689334 0.0101387 2.59418e-05 0.1374 3.7485e-05 0.0129264 0.0717216 0.0116791 0.00308111 9.54075e-07 0.000146013 0.000871787 3.6663e-06 0.207515 0.00455672 0.04914 0.0107941 0.0023469 0.0791767 0.00162091 0.361115 0.000138536 1.76978e-05 0.000858101 0.00102279 0.00948187 0.0172899 1.10926e-07 
8.47256e-13 3.46416e-06 0.0284196 0.000353741 0.000325906 0.000132484 1.90231e-05 0.000108221 0.000249086 0.118156 0.0111708 1.28142e-06 1.10487e-06 0.00017629 0.0012738 0.002554 0.00177993 0.00813568 0.000759117 0.00239848 0.0212537 0.000170958 0.759794 0.000756934 6.63696e-06 0.00172364 3.30006e-05 0.036166 0.00407656 1.181e-09 
1.44517e-08 4.08998e-05 0.0251281 0.00626133 0.000125603 0.0284822 1.07796e-05 0.0146848 0.041767 0.119613 0.00114338 0.000210253 2.47511e-05 0.0134634 0.0142345 0.183758 0.0145424 0.0754658 0.0117845 0.015022 0.0778875 0.000106788 0.260264 0.000192233 7.87855e-05 0.00220551 0.00803343 0.0264572 0.0590111 1.01051e-06 
3.30226e-10 3.04635e-08 0.0321601 0.00079401 0.000104443 0.00837419 1.723e-05 0.00076144 0.00233816 0.00413074 0.00943385 5.15965e-07 4.38928e-10 3.94644e-05 0.00204528 0.0692804 0.00566955 0.0236201 0.00344529 0.0224834 0.00602517 0.000139184 0.788607 0.00607205 5.23031e-06 0.00670302 0.000175912 0.00420669 0.00290467 0.000462995 
1.173e-10 6.66698e-09 0.0229938 0.000232044 0.00229352 0.00118894 0.00111255 0.0148024 0.0270698 0.169429 0.0122207 1.12642e-10 1.55912e-10 0.125287 0.00992342 0.143443 0.103292 0.0561197 0.00516404 0.00987748 0.022553 2.32883e-07 0.25874 9.80604e-05 2.32346e-06 1.11334e-07 0.00017311 0.0102982 0.00368585 3.13015e-07 
8.66299e-07 4.42709e-05 0.000528873 0.00754828 4.07597e-06 0.000689227 1.50734e-05 0.000525952 0.100578 0.00625878 0.000277831 1.16334e-06 7.17318e-07 8.05626e-05 0.0453025 0.0340177 0.000283194 0.00551801 0.00393608 0.00250767 0.00104448 3.13041e-05 0.778514 1.61235e-05 9.4515e-05 5.14849e-05 8.74018e-05 0.0013996 0.010641 1.09267e-06 
7.70944e-12 1.56851e-07 0.000965608 0.00144613 1.05917e-07 4.2151e-05 0.000574683 0.00182491 0.0174071 0.0149973 5.53345e-05 7.40332e-12 1.02472e-11 0.00435539 0.291074 0.0716174 0.0164709 0.00350482 0.00058577 0.00229429 0.0245457 4.64414e-08 0.527108 0.000260442 0.000245869 2.61234e-08 2.85657e-05 0.018814 0.00178065 6.21022e-07 
2.68333e-09 2.23906e-06 0.00228456 0.00392773 3.08424e-05 0.00668888 2.14795e-05 0.00188594 0.0577944 0.000999444 0.000422832 9.20293e-08 1.89175e-05 0.000212592 0.000448627 0.125817 0.00270705 0.027537 0.0057323 0.0013628 0.00378699 3.79891e-06 0.729108 2.03698e-06 3.71086e-07 0.00028951 0.0161767 0.00652711 0.00621144 2.77014e-09 
8.36174e-09 1.05501e-07 0.00384702 0.00796163 0.0226708 0.00407672 1.43761e-05 0.00237906 0.0416529 0.0249441 0.0174634 1.94472e-08 3.08581e-09 0.00157479 3.39405e-05 0.0734837 0.000700937 0.0134853 0.0554923 0.000354891 0.00194991 2.28409e-06 0.678513 0.00290927 3.12842e-06 0.000646314 0.0102909 0.00514866 0.0304008 4.02786e-11 
1.68283e-07 0.000869884 0.00647048 0.00324782 0.000597657 0.0018482 2.47543e-05 0.00771627 0.030374 0.0411422 0.00391648 1.04845e-05 3.57313e-06 0.0194026 0.287509 0.0833031 0.0179392 0.0132151 0.000892958 0.000682029 0.0273316 0.000158208 0.430681 0.0021491 0.00325468 0.000332616 5.23752e-05 0.00560739 0.0112292 3.85783e-05 
2.42988e-09 7.63839e-07 0.00990601 0.00154802 0.0096956 8.46076e-06 9.48963e-05 0.00808162 0.00802788 0.00152822 0.00760447 2.72406e-11 6.15432e-06 0.00502217 0.0353262 0.43613 0.000515961 0.00447686 0.000244021 0.000104308 0.0019489 6.42108e-06 0.444047 0.0204532 1.80036e-05 0.00192102 0.000152846 0.000594043 0.00253668 8.69891e-07 
1.5127e-12 1.79196e-12 0.000371838 0.000390776 6.35717e-06 0.000426915 9.0824e-06 0.00080594 0.022482 0.000909478 1.35274e-09 1.13255e-07 2.01065e-12 0.000273901 0.00027594 0.0196183 0.000298271 0.00519312 0.0018515 6.86884e-05 0.000922899 7.87026e-06 0.944984 1.33353e-08 2.4206e-09 2.27513e-09 5.66032e-05 0.000336717 0.000709965 1.56164e-12 
3.32502e-07 8.99436e-05 0.00108663 0.00128755 0.000659462 0.00100694 3.85974e-05 0.00253681 0.0607901 0.00206115 0.0016134 6.21621e-07 3.78671e-07 0.00500773 0.186512 0.0615154 0.00262699 0.00535023 0.00171274 0.000816047 0.00252566 1.48909e-06 0.653557 0.000292462 0.00130062 5.70374e-05 0.00353963 0.00201179 0.00200046 8.4276e-07 
1.43902e-09 0.000159176 0.00560732 7.66498e-06 4.27743e-06 3.52282e-06 9.84627e-10 0.0001044 0.000148608 0.00957112 0.0160986 3.41821e-07 1.19046e-09 2.11575e-05 0.0179304 0.00348699 0.000114005 0.00350934 0.000446962 0.00364579 0.000707226 6.44224e-05 0.929178 3.25831e-05 2.34019e-05 0.000107728 1.36605e-05 0.000176006 0.00876221 7.48807e-05 
1.14989e-12 1.36217e-12 0.000247893 0.000260519 4.23855e-06 0.000284612 6.05546e-06 0.000537295 0.0150765 0.000606416 9.59139e-10 7.55627e-08 1.5284e-12 0.00018804 0.00249951 0.0137077 0.000198848 0.00349814 0.0013011 5.71612e-05 0.000615267 5.78436e-06 0.960141 9.45505e-09 1.7163e-09 1.61297e-09 3.77377e-05 0.000253087 0.000473311 1.18709e-12 
3.60415e-12 4.9326e-09 3.02739e-09 6.50338e-13 0.104675 1.02031e-08 1.52732e-08 0.000491547 0.000126932 4.71285e-05 7.2978e-13 2.909e-09 4.79055e-12 0.000138155 0.143003 0.0180047 1.49129e-05 3.52716e-06 2.32894e-05 0.00031399 3.55864e-09 6.38108e-10 0.666661 2.17161e-12 0.0664811 2.20464e-09 1.0078e-07 1.51641e-05 1.69662e-08 2.82718e-08 
6.81141e-12 0.000443619 0.029882 0.0012209 0.00188886 0.000509382 6.94476e-05 0.00170005 0.00186936 0.0707186 0.00319643 4.26116e-06 2.2425e-05 0.00541448 0.232412 0.0471346 0.00279109 0.0231769 0.0134412 0.00720503 0.0287257 0.000192812 0.468952 0.000431201 0.00119076 0.00845992 1.51682e-05 0.0346796 0.0124765 0.00177574 
1.04378e-05 7.05743e-07 0.00743066 0.00626907 0.000251128 0.0668703 6.32181e-05 0.0083375 0.0581613 0.0338698 0.00452623 4.47479e-05 6.30352e-05 0.00235617 0.000115003 0.153751 0.0186192 0.0561919 0.00752575 0.00338904 0.0407836 0.000767893 0.46257 0.000108915 4.95307e-05 0.000861504 0.0127328 0.0358338 0.0176874 0.000757645 
7.6157e-08 0.000425572 0.00137251 0.0205328 0.0012379 0.000172062 1.0204e-05 0.0189635 0.00573447 0.0266738 0.0101075 3.76859e-07 2.21684e-06 0.0194886 0.220179 0.172186 0.0115288 0.0453002 0.00181194 0.000399684 0.04186 4.11406e-07 0.346676 0.00162374 8.44174e-05 0.0266258 7.39503e-06 0.00296304 0.0240266 4.31946e-06 
1.14989e-12 1.36217e-12 0.000247893 0.000260519 4.23855e-06 0.000284612 6.05546e-06 0.000537295 0.0150765 0.000606416 9.59139e-10 7.55627e-08 1.5284e-12 0.00018804 0.00249951 0.0137077 0.000198848 0.00349814 0.0013011 5.71612e-05 0.000615267 5.78436e-06 0.960141 9.45505e-09 1.7163e-09 1.61297e-09 3.77377e-05 0.000253087 0.000473311 1.18709e-12 
9.37739e-11 1.61801e-06 0.0153587 0.00617382 1.10161e-10 7.85158e-07 1.51195e-07 5.82461e-07 0.00288306 0.0393031 0.000528965 5.62708e-08 1.24642e-10 0.00124486 0.000411146 0.0207165 0.00408161 0.307182 0.00447318 0.00481623 0.00184907 0.00121105 0.485646 0.0883481 4.11726e-05 2.56286e-07 6.87292e-05 0.00078619 0.014873 7.63869e-08 
5.64022e-07 0.00126547 0.0330086 0.00380281 0.000729387 0.0175727 0.000198932 0.00306637 0.0242748 0.0156134 0.00267106 0.000115492 9.96976e-07 0.0564336 0.0858094 0.0578076 0.00698869 0.0247072 0.00396981 0.00469835 0.0463336 0.000292137 0.501016 0.000807867 0.00245697 0.0153219 0.00183941 0.0354565 0.0535058 0.000234869 
1.1118e-09 1.63518e-08 0.00224875 0.00386922 2.42474e-05 0.0971909 1.88072e-05 0.00282107 0.0865708 0.00113694 0.000400136 1.15645e-07 1.21795e-05 0.000274268 0.000426434 0.173939 0.00266383 0.0286064 0.00700377 0.00141708 0.00375609 1.51524e-05 0.558419 1.52795e-08 5.36608e-07 0.000283558 0.0159339 0.00680203 0.00616571 5.47001e-12 
1.14315e-07 3.792e-07 0.0180233 0.0317053 2.07755e-05 0.00111474 0.0011819 0.00374602 0.0177331 0.111723 0.000398475 5.83865e-07 1.53153e-07 0.0892597 0.0311502 0.126157 0.0151927 0.147314 0.00905489 0.00693481 0.0915062 0.000469511 0.196007 0.00216505 0.00104259 0.00112087 0.00321965 0.0126712 0.0804797 0.000607005 
1.20873e-09 6.00792e-12 0.00734345 0.0048222 3.45713e-05 0.14234 2.79996e-05 0.0164186 0.0675144 0.011351 0.00306259 1.27087e-06 0.000125708 0.000681601 4.88566e-06 0.176514 0.0029141 0.0475395 0.0133046 0.000662207 0.0831284 0.00216108 0.402007 0.000184699 2.35906e-05 0.000402412 0.000749528 0.00616749 0.0105134 1.23856e-07 
5.89301e-08 0.000483151 0.022536 0.0139722 0.000281574 0.00204117 2.15328e-05 0.0240109 0.0035487 0.271784 0.00294894 1.26117e-05 0.0029687 0.0361614 0.0333978 0.117839 0.0499685 0.0311384 0.00387061 0.00246064 0.0116044 7.20282e-05 0.331097 0.0151543 0.000354211 0.00448521 0.000439939 0.00288297 0.0141849 0.000279662 
2.47999e-09 3.41562e-08 0.0349345 0.0094327 0.00175925 0.085068 7.48554e-05 0.0111633 0.0580798 0.011928 0.00504622 1.25047e-05 9.43499e-05 0.0231755 0.00454358 0.230213 0.0235678 0.0508836 0.00896067 0.00135463 0.0483535 0.00150741 0.346772 0.0001305 4.9523e-05 0.00104959 0.000894769 0.0151102 0.0232368 0.0026039 
1.90925e-12 2.44598e-06 0.000923283 0.000546981 2.74693e-05 6.47001e-05 1.37972e-06 0.00243856 0.00451217 0.000977516 1.00929e-05 1.75874e-08 9.52197e-08 0.000807547 0.0190173 0.0191819 0.000155283 0.00398864 0.000877056 0.000118281 0.000656886 1.44214e-06 0.944157 1.75336e-05 1.06913e-09 9.21499e-05 8.5915e-06 0.000662259 0.00075329 1.97102e-12 
1.07709e-09 7.19241e-12 0.00689334 0.0101387 2.59418e-05 0.1374 3.7485e-05 0.0129264 0.0717216 0.0116791 0.00308111 9.54075e-07 0.000146013 0.000871787 3.6663e-06 0.207515 0.00455672 0.04914 0.0107941 0.0023469 0.0791767 0.00162091 0.361115 0.000138536 1.76978e-05 0.000858101 0.00102279 0.00948187 0.0172899 1.10926e-07 
4.93555e-06 9.87628e-05 0.00823757 0.00313516 0.000595301 0.000854237 0.000230468 0.0038471 0.0706511 0.015617 0.00151723 3.9612e-06 1.27412e-05 0.00449091 0.347605 0.075002 0.00318081 0.013097 0.00543097 0.00522609 0.0185926 0.00029389 0.402867 0.00105964 0.000380972 0.000912393 0.000988679 0.00890358 0.00714799 1.4628e-05 
1.14989e-12 1.36217e-12 0.000247893 0.000260519 4.23855e-06 0.000284612 6.05546e-06 0.000537295 0.0150765 0.000606416 9.59139e-10 7.55627e-08 1.5284e-12 0.00018804 0.00249951 0.0137077 0.000198848 0.00349814 0.0013011 5.71612e-05 0.000615267 5.78436e-06 0.960141 9.45505e-09 1.7163e-09 1.61297e-09 3.77377e-05 0.000253087 0.000473311 1.18709e-12 
1.49284e-06 4.11524e-05 0.00459624 0.00230485 0.00100657 0.000257759 0.000140781 0.0193039 0.136535 0.0260169 0.0012068 4.4426e-06 0.00010329 0.0186353 0.121551 0.158832 0.00585758 0.0146183 0.00194429 0.00067759 0.0122132 3.59489e-05 0.42869 0.00172594 0.000634107 0.000693547 3.86654e-05 0.00479423 0.0167355 0.0208028 
2.1523e-12 2.54962e-12 0.000161969 0.00194102 1.78294e-05 0.00130277 1.27221e-05 0.0034715 0.330456 0.000974492 0.000147099 3.14621e-10 2.86078e-12 0.000260209 0.00759734 0.0838946 0.000328486 0.00706046 0.00417176 0.000909377 0.00158915 0.00882425 0.545189 8.67143e-06 7.06298e-06 3.05841e-05 7.17344e-05 0.000503294 0.00106865 2.22193e-12 
4.16943e-11 4.93913e-11 0.0173907 0.000545835 2.01919e-07 3.53911e-11 7.46638e-12 0.0308444 0.0675926 0.00859274 0.00178197 3.21863e-08 1.18703e-07 0.001388 1.05642e-06 0.236141 9.95417e-08 0.0188771 4.27533e-07 1.97184e-06 0.00202681 0.00968954 0.588577 0.000174966 0.000660586 0.0084954 0.00225695 2.12956e-07 0.00495972 4.30432e-11 
2.1523e-12 2.54962e-12 0.000161969 0.00194102 1.78294e-05 0.00130277 1.27221e-05 0.0034715 0.330456 0.000974492 0.000147099 3.14621e-10 2.86078e-12 0.000260209 0.00759734 0.0838946 0.000328486 0.00706046 0.00417176 0.000909377 0.00158915 0.00882425 0.545189 8.67143e-06 7.06298e-06 3.05841e-05 7.17344e-05 0.000503294 0.00106865 2.22193e-12 
9.53819e-10 1.82197e-08 0.00457318 0.0065093 9.03424e-05 0.10771 2.3327e-05 0.00927715 0.078399 0.00871245 0.00209064 8.3211e-07 9.34578e-05 0.00054246 0.000341226 0.199176 0.00399636 0.0363408 0.00709147 0.00146032 0.0492657 0.00100879 0.459739 8.62185e-05 1.10216e-05 0.000722336 0.00125137 0.0078163 0.0136704 1.10965e-07 
1.14989e-12 1.36217e-12 0.000247893 0.000260519 4.23855e-06 0.000284612 6.05546e-06 0.000537295 0.0150765 0.000606416 9.59139e-10 7.55627e-08 1.5284e-12 0.00018804 0.00249951 0.0137077 0.000198848 0.00349814 0.0013011 5.71612e-05 0.000615267 5.78436e-06 0.960141 9.45505e-09 1.7163e-09 1.61297e-09 3.77377e-05 0.000253087 0.000473311 1.18709e-12 
2.63593e-06 0.0016514 0.0188885 0.0170635 0.00654224 6.31046e-05 0.000159195 0.017763 0.010732 0.0167039 0.00595494 2.58005e-06 9.59915e-05 0.137119 0.0193368 0.20368 0.0130791 0.0546468 0.0116243 0.00574932 0.0498945 0.000102678 0.345616 0.00595933 0.00113614 0.0134177 0.00282847 0.0224673 0.0175439 0.000175223 
1.43902e-09 0.000159176 0.00560732 7.66498e-06 4.27743e-06 3.52282e-06 9.84627e-10 0.0001044 0.000148608 0.00957112 0.0160986 3.41821e-07 1.19046e-09 2.11575e-05 0.0179304 0.00348699 0.000114005 0.00350934 0.000446962 0.00364579 0.000707226 6.44224e-05 0.929178 3.25831e-05 2.34019e-05 0.000107728 1.36605e-05 0.000176006 0.00876221 7.48807e-05 
2.1523e-12 2.54962e-12 0.000161969 0.00194102 1.78294e-05 0.00130277 1.27221e-05 0.0034715 0.330456 0.000974492 0.000147099 3.14621e-10 2.86078e-12 0.000260209 0.00759734 0.0838946 0.000328486 0.00706046 0.00417176 0.000909377 0.00158915 0.00882425 0.545189 8.67143e-06 7.06298e-06 3.05841e-05 7.17344e-05 0.000503294 0.00106865 2.22193e-12 
3.35439e-06 1.7746e-11 0.0123113 0.00844844 5.84947e-05 0.0799166 0.0188432 0.0539396 0.111774 0.0164904 0.000539091 1.18784e-05 8.9831e-06 0.00557263 0.000981617 0.231333 0.00490712 0.0545047 0.0204484 0.00131128 0.0361728 0.00984043 0.243986 0.000672542 0.000294679 0.0193074 0.000497695 0.0140845 0.0535807 0.00015925 
7.8214e-11 1.3001e-05 0.00429961 0.0047119 0.000719571 9.58999e-05 1.22838e-05 0.0047788 0.0361023 0.000847556 0.00813395 8.00692e-09 0.000458362 0.00823243 0.193488 0.195263 0.00852591 0.0213431 0.00213756 0.00205159 0.00450904 3.69859e-08 0.358777 0.0335403 4.13019e-06 0.00345481 8.72593e-08 3.97076e-05 0.108459 1.17548e-06 
9.53819e-10 1.82197e-08 0.00457318 0.0065093 9.03424e-05 0.10771 2.3327e-05 0.00927715 0.078399 0.00871245 0.00209064 8.3211e-07 9.34578e-05 0.00054246 0.000341226 0.199176 0.00399636 0.0363408 0.00709147 0.00146032 0.0492657 0.00100879 0.459739 8.62185e-05 1.10216e-05 0.000722336 0.00125137 0.0078163 0.0136704 1.10965e-07 
9.53819e-10 1.82197e-08 0.00457318 0.0065093 9.03424e-05 0.10771 2.3327e-05 0.00927715 0.078399 0.00871245 0.00209064 8.3211e-07 9.34578e-05 0.00054246 0.000341226 0.199176 0.00399636 0.0363408 0.00709147 0.00146032 0.0492657 0.00100879 0.459739 8.62185e-05 1.10216e-05 0.000722336 0.00125137 0.0078163 0.0136704 1.10965e-07 
9.06818e-11 0.00226754 0.0545744 0.00161817 0.000660801 0.00055963 2.43548e-05 0.0084171 0.000467098 0.203047 0.0110554 9.54244e-07 8.6417e-07 0.00280142 0.00155951 0.007648 0.00922672 0.0539759 0.000884644 0.00351004 0.0458175 0.000136078 0.472155 0.00104798 3.96961e-05 0.00195322 6.44673e-05 0.0279031 0.0885843 3.21322e-08 
3.93194e-11 7.02022e-07 0.000965881 0.00321927 0.00022413 1.88117e-05 0.000574835 0.0124632 0.0553629 0.0149989 0.000838087 3.77582e-11 5.22624e-11 0.0150354 0.256139 0.174097 0.0164721 0.00350529 0.000586186 0.0020456 0.0245477 1.11342e-07 0.381777 0.00550311 0.000246068 0.000450173 2.86804e-05 0.0291174 0.0017813 7.08119e-07 
7.70944e-12 1.56851e-07 0.000965608 0.00144613 1.05917e-07 4.2151e-05 0.000574683 0.00182491 0.0174071 0.0149973 5.53345e-05 7.40332e-12 1.02472e-11 0.00435539 0.291074 0.0716174 0.0164709 0.00350482 0.00058577 0.00229429 0.0245457 4.64414e-08 0.527108 0.000260442 0.000245869 2.61234e-08 2.85657e-05 0.018814 0.00178065 6.21022e-07 
1.38065e-05 6.44622e-05 0.0135168 0.0203266 7.32957e-05 0.0369564 0.000764273 0.0202936 0.0374815 0.0255222 0.0312921 5.12659e-06 0.000278077 0.0556216 0.0124836 0.151018 0.076213 0.0521417 0.0161808 0.00412063 0.0692143 0.00048176 0.293542 0.00242482 0.00947259 0.0017052 0.00123315 0.0325526 0.0345842 0.000422057 
5.41762e-13 4.84671e-06 0.0476744 0.00018602 1.5116e-09 6.93131e-06 5.73997e-11 3.44745e-05 8.00552e-05 0.015235 0.0026882 1.76858e-07 7.20097e-13 2.08113e-05 0.00689141 0.00113492 5.3828e-05 0.00973192 0.000138691 0.000285063 0.0106387 7.68168e-05 0.902187 0.000369031 3.93549e-06 0.000637633 6.1244e-06 0.000438664 0.00147566 3.33721e-09 
4.10172e-09 0.000829979 0.00314125 0.00138823 0.00586352 0.000165808 1.23922e-05 0.0112625 0.00174631 0.011715 0.000129165 2.47534e-06 6.47593e-05 0.0121183 0.350819 0.148306 0.00147779 0.0102803 0.000469727 0.000288498 0.0112623 0.000176684 0.410636 5.28648e-05 0.00106306 0.000893375 2.32207e-06 0.00471646 0.00801333 0.00310237 
3.19948e-11 9.97359e-08 0.000473574 0.000630329 0.000110616 0.00170138 2.78843e-06 0.00347179 0.0237572 0.00142786 0.00120069 6.69652e-09 1.20898e-09 0.00662006 0.00405405 0.318334 0.00103756 0.0410856 0.000113122 0.000229058 0.000751717 7.86201e-08 0.58415 0.00293101 2.09464e-11 0.000755624 5.41957e-11 0.000158803 0.00700283 3.30299e-11 
1.14227e-06 4.32177e-05 0.0309167 0.0184997 0.00158254 0.000346753 4.05272e-05 0.0061779 0.0155411 0.0169547 0.000859855 0.000153876 2.33237e-05 0.0606019 0.0141628 0.117552 0.00493914 0.0475721 0.0024622 0.000768983 0.0562516 0.0015994 0.518084 0.000157431 0.0022439 0.0137272 0.00135913 0.0401585 0.0265758 0.000642159 
3.2826e-10 5.99644e-08 0.000190854 0.000335075 0.000444587 6.8573e-05 1.62775e-06 0.00993536 0.00586229 0.000256267 0.000140379 5.83944e-10 4.3255e-06 0.00170171 0.361867 0.0467934 0.000613919 0.0040286 0.000155172 2.57868e-05 0.0077052 5.06999e-07 0.537148 0.000669316 9.01456e-05 0.00193554 2.9571e-06 0.00132651 0.0186886 8.34344e-06 
0.000402804 0.00064947 0.00496352 0.00413252 0.00132338 0.000489983 4.37646e-05 0.00455438 0.0112998 0.0307519 0.00299643 0.00846913 0.000398326 0.0153323 0.180224 0.10494 0.00591056 0.0109941 0.00422311 0.00182297 0.0159546 0.00771401 0.554379 0.000686788 0.00215436 0.000898002 0.00291996 0.00421989 0.0117719 0.00537877 
1.6518e-07 0.000104305 0.000582695 0.00890391 7.25267e-05 0.00132563 2.3519e-05 0.000662757 0.138705 0.00565542 0.00234189 3.97419e-07 1.79551e-10 0.000408997 0.14195 0.0692021 0.000532577 0.0127729 0.00673598 0.00261108 0.00609515 9.05037e-06 0.540122 0.000182985 2.73234e-05 0.000258857 0.00429855 0.00129502 0.0551125 6.54313e-06 
6.39309e-05 0.00686419 0.00852625 0.00770394 0.00160325 0.0015249 0.000500547 0.00412187 0.0113356 0.0267328 0.00624783 0.0010391 0.000234358 0.0110941 0.302481 0.0605493 0.00596726 0.0127304 0.00404127 0.00937874 0.0301763 0.00116879 0.450432 0.000973011 0.00204062 0.00135524 0.000494719 0.00778838 0.0195243 0.00330608 
1.71074e-05 1.72264e-07 0.0541322 0.00214284 0.000355274 0.000136691 7.57606e-05 0.00358484 0.00189865 0.017623 0.00434729 1.86047e-11 1.49185e-06 0.0186824 0.336834 0.0399676 0.0034547 0.00338169 0.00314967 0.000870783 0.0155773 7.90355e-05 0.445451 0.00886635 0.000877535 0.000235281 0.0198656 0.0178432 0.000548697 4.02204e-08 
5.93147e-05 2.35535e-05 0.0270018 0.00654877 0.00350516 0.00242847 0.0051516 0.00873207 0.0182997 0.0428036 0.0058751 1.96361e-05 0.000728178 0.0402541 0.0496849 0.234091 0.00797722 0.0428217 0.00560229 0.00470093 0.0653949 0.000146469 0.392364 0.00192654 0.00155437 0.00322096 0.00018177 0.00689039 0.0211913 0.000819881 
3.07924e-06 3.07986e-06 0.0351078 0.0303075 0.000110662 0.00184248 8.85143e-05 0.00727902 0.00861204 0.069296 0.019145 4.48918e-05 0.000221561 0.0247151 0.0142608 0.149217 0.0121275 0.181776 0.00283352 0.00448721 0.0406971 2.43038e-05 0.283114 0.0163326 0.00489235 0.00440306 0.000601419 0.0428167 0.0456271 1.2282e-05 
3.01601e-12 3.57278e-12 3.58237e-13 5.44213e-13 9.88226e-08 9.21122e-06 3.80597e-08 0.000109618 0.00141159 2.7277e-12 2.17439e-10 2.89625e-12 4.0088e-12 7.52942e-05 0.330278 0.00773403 1.80885e-08 4.78246e-10 1.01893e-06 6.8843e-05 2.37455e-13 4.96621e-10 0.658371 7.60874e-07 2.37514e-08 1.17131e-12 1.6035e-08 0.00194047 3.84185e-09 2.7449e-10 
1.07709e-09 7.19241e-12 0.00689334 0.0101387 2.59418e-05 0.1374 3.7485e-05 0.0129264 0.0717216 0.0116791 0.00308111 9.54075e-07 0.000146013 0.000871787 3.6663e-06 0.207515 0.00455672 0.04914 0.0107941 0.0023469 0.0791767 0.00162091 0.361115 0.000138536 1.76978e-05 0.000858101 0.00102279 0.00948187 0.0172899 1.10926e-07 
1.50065e-08 0.000273299 0.00130372 0.00191999 0.00487282 4.88042e-05 7.25973e-05 0.00394843 0.0057762 0.00627095 0.00129373 1.25833e-07 5.24008e-07 0.00277523 0.36472 0.054571 0.00284773 0.0031907 0.00040855 0.0021232 0.0204662 1.25526e-05 0.495854 0.000321559 0.00983861 0.000655327 3.61217e-05 0.00576243 0.0105856 4.97829e-05 
1.07709e-09 7.19241e-12 0.00689334 0.0101387 2.59418e-05 0.1374 3.7485e-05 0.0129264 0.0717216 0.0116791 0.00308111 9.54075e-07 0.000146013 0.000871787 3.6663e-06 0.207515 0.00455672 0.04914 0.0107941 0.0023469 0.0791767 0.00162091 0.361115 0.000138536 1.76978e-05 0.000858101 0.00102279 0.00948187 0.0172899 1.10926e-07 
3.82142e-07 3.26152e-06 0.00967065 0.00742455 0.00119881 0.0024202 4.59119e-05 0.00667569 0.0259453 0.0316708 0.0179438 2.15808e-06 2.67876e-07 0.00444884 2.26104e-05 0.0589276 0.0113987 0.0404933 0.0132514 0.00412703 0.0125663 1.42572e-05 0.564711 0.00318376 7.02582e-05 0.000371326 0.00607731 0.00252848 0.174799 7.42126e-06 
2.82035e-08 9.37719e-08 0.00237292 0.0087224 0.00279119 0.000629473 5.18527e-05 0.00137102 0.0257894 0.0104756 0.00133515 1.92487e-07 1.69306e-07 0.000247312 0.075218 0.0763291 0.00182033 0.127068 0.0160149 0.00232066 0.0359938 1.97118e-05 0.512628 4.18137e-05 1.10159e-05 0.000224845 0.0124835 0.0091626 0.0768766 3.47583e-08 
1.17977e-06 0.00014567 0.00718612 0.00442301 0.00104157 0.00243939 0.000319859 0.00500786 0.0153494 0.0341687 0.00302799 1.067e-05 6.87627e-06 0.0106286 0.256891 0.0917843 0.00590923 0.0170613 0.0159894 0.00520199 0.0256029 0.00144232 0.455125 0.000381923 0.0012516 0.000793169 0.000276206 0.00688681 0.030301 0.00134519 
7.8902e-08 7.57946e-05 0.0139765 0.00377071 0.00061574 0.000726465 1.43621e-05 0.0019202 0.0142802 0.0456993 0.0055012 5.04538e-07 1.53763e-06 0.00158026 0.129877 0.0503617 0.00128226 0.0121089 0.00175698 0.0020904 0.0187858 0.000339686 0.661357 0.000377553 1.84545e-05 0.00175692 0.000834771 0.0141393 0.0167188 3.15607e-05 
2.12672e-06 0.000170276 0.0181291 0.00663902 0.00160123 0.00025964 0.000309661 0.00855907 0.0114519 0.0379977 0.00409289 4.89793e-06 0.000234099 0.0332221 0.134084 0.167959 0.020128 0.0224582 0.00154459 0.00128819 0.0190349 3.27925e-05 0.449136 0.000852616 0.00117654 0.00336075 0.00190484 0.0286671 0.0139519 0.0117472 
1.59105e-07 4.34739e-05 0.00545966 0.0135686 0.000762689 0.00340784 0.000124797 0.0106703 0.0109177 0.0325255 0.00437382 7.51727e-06 0.00134194 0.0381544 0.0681149 0.152304 0.0133497 0.150014 0.00525863 0.00320017 0.105765 1.1915e-05 0.325068 0.00324695 5.50781e-05 0.000645616 0.00479544 0.0104536 0.036327 3.13667e-05 
1.91368e-05 3.0603e-05 0.00514572 0.00841171 4.20982e-05 0.000724719 2.82154e-05 0.00279298 0.0497704 0.123298 0.00259285 2.28949e-05 3.40603e-09 0.00823803 0.289003 0.0485247 0.00626502 0.0310633 0.0036845 0.00244232 0.0302698 1.13173e-05 0.310036 0.000379142 0.000399082 0.00015737 3.62398e-05 0.00113982 0.0753668 0.000104653 
0.00064598 0.000608836 0.00477863 0.00553696 8.41649e-05 0.00025932 0.000215015 0.00610945 0.00893236 0.00991051 0.000861712 0.0424765 3.42401e-05 0.0166687 0.153273 0.098432 0.0052577 0.0119381 0.0136089 0.00133753 0.0157474 0.0161307 0.576747 0.000317222 0.000218993 0.000721763 2.64139e-05 0.00590633 0.00320905 5.53487e-06 
4.75003e-09 1.35904e-05 0.000213617 0.000521573 0.000757599 9.30187e-05 4.01722e-06 0.00330503 0.00442268 0.00160786 0.00042154 6.9561e-07 5.47914e-07 0.000873504 0.369916 0.0594629 0.000443406 0.00281124 0.000143867 0.00055734 0.00410342 0.00680611 0.533102 0.000282715 3.86906e-05 0.000842043 2.31241e-06 0.000453775 0.0087963 2.1545e-06 
8.47256e-13 3.46416e-06 0.0284196 0.000353741 0.000325906 0.000132484 1.90231e-05 0.000108221 0.000249086 0.118156 0.0111708 1.28142e-06 1.10487e-06 0.00017629 0.0012738 0.002554 0.00177993 0.00813568 0.000759117 0.00239848 0.0212537 0.000170958 0.759794 0.000756934 6.63696e-06 0.00172364 3.30006e-05 0.036166 0.00407656 1.181e-09 
7.70944e-12 1.56851e-07 0.000965608 0.00144613 1.05917e-07 4.2151e-05 0.000574683 0.00182491 0.0174071 0.0149973 5.53345e-05 7.40332e-12 1.02472e-11 0.00435539 0.291074 0.0716174 0.0164709 0.00350482 0.00058577 0.00229429 0.0245457 4.64414e-08 0.527108 0.000260442 0.000245869 2.61234e-08 2.85657e-05 0.018814 0.00178065 6.21022e-07 
7.27765e-11 8.62115e-11 0.0242743 0.00270558 2.31353e-06 0.00329434 3.23679e-05 0.00145944 0.0148563 0.202723 4.65983e-05 1.25383e-05 9.67327e-11 0.00138148 0.00867729 0.0193368 0.00384841 0.0287309 0.018696 0.00986996 0.0456107 5.7045e-05 0.560937 5.19373e-05 1.56364e-05 0.000310141 0.000232647 0.0447436 0.00809342 6.23826e-07 
