5.65588e-06 7.47931e-09 0.00363945 0.0026825 0.00101362 0.000117682 0.35343 0.00132818 0.000456831 0.000812895 0.000501363 2.52891e-06 2.19137e-06 0.000287631 9.9122e-06 0.0393655 0.00749381 0.00122847 0.0154274 0.00471978 0.000123772 3.20136e-06 0.000237121 0.526404 3.18828e-05 0.00256595 3.87537e-06 0.019493 0.018612 3.32759e-09 
0.0102229 0.000475373 0.278153 0.0154518 0.000219009 0.0011187 0.00202168 0.00986579 0.000918783 0.0377015 0.0243443 5.16134e-07 0.000292142 0.00676018 0.0230416 0.0289121 0.0029199 0.0269915 0.0032755 0.0183513 0.0316746 0.000670827 0.00291506 0.303103 0.000168607 0.0188648 2.67057e-05 0.0980989 0.0534067 3.33137e-05 
1.81971e-07 4.8709e-09 0.00161614 0.00128644 0.0051152 1.13952e-06 3.06918e-06 0.00183966 0.00013701 0.0170478 0.000196055 1.66014e-06 7.58083e-07 0.00423124 0.0297579 0.0613288 0.00184844 0.0165781 0.000888162 0.00217639 0.0648311 9.16501e-06 0.00254085 0.688064 0.000996397 0.000527374 1.21261e-05 0.00248454 0.0964806 4.24486e-09 
7.30158e-08 1.31062e-09 0.000234256 4.20214e-06 0.00784373 9.39117e-10 1.86884e-08 0.014819 0.105294 0.000147157 1.01774e-07 1.06244e-09 1.47056e-09 0.098273 0.00212738 0.117308 0.0122857 0.0453847 6.37009e-07 0.000979906 0.0398416 1.20009e-07 0.00570711 0.309232 0.00392691 2.81222e-05 3.23636e-06 0.00256363 0.233994 1.58304e-06 
5.75297e-07 6.01887e-05 0.0304595 2.61831e-05 0.000484125 0.00144748 0.00189892 0.00648431 1.96823e-07 0.00016909 0.000262872 5.52454e-07 7.64671e-07 0.0471901 0.000193729 0.133183 0.0973887 0.17247 9.17174e-05 0.000384716 0.0150205 0.000120406 0.00029476 0.436777 0.000391021 0.0274227 0.000128543 0.0276477 6.15914e-08 5.9391e-07 
1.8872e-05 0.00028505 0.00259195 0.0203846 1.57203e-05 0.00128028 4.18029e-05 0.00372778 0.00473527 0.00835368 0.0130936 2.93308e-06 6.41051e-08 0.00952729 0.005324 0.0660272 0.0782321 0.147761 0.0906182 0.192368 0.0236474 1.26995e-06 0.00164721 0.276279 0.00246758 0.0094947 5.94969e-05 0.00199946 0.0400114 3.48678e-06 
1.17273e-06 1.17161e-06 0.00527187 0.0056463 1.60243e-06 4.52998e-05 3.60469e-06 0.00192388 0.00025191 0.00324112 0.0166387 7.44545e-10 1.13945e-06 0.0176373 0.111898 0.0546682 0.0082989 0.0337703 0.00611486 0.00439842 0.113093 6.88074e-07 0.00429119 0.587666 1.39814e-05 0.00158022 1.87658e-06 0.00959545 0.013943 3.51783e-07 
2.24984e-06 1.08745e-10 0.0111386 0.0141315 3.92529e-07 0.000602977 0.000650863 0.00189243 0.00126132 0.0882884 0.00204087 8.81537e-11 0.000518733 0.00644699 0.000477054 0.202139 0.0977363 0.0733452 0.0151989 0.135655 0.0441446 0.00161382 0.000284633 0.253494 0.000324278 0.0157689 0.000282804 0.0265139 0.0060443 2.00812e-06 
5.65032e-06 5.7566e-09 0.00316269 0.00104244 0.000352184 3.28708e-08 0.332296 0.000304644 0.0550052 0.00449108 0.000486932 2.50645e-06 1.54683e-11 0.00248525 5.05636e-06 0.0387309 0.0198298 9.34467e-05 0.0941768 0.0018707 0.000907871 5.60666e-07 4.91717e-05 0.411047 1.2828e-05 0.00066092 5.43994e-05 0.029043 0.00388315 5.18197e-09 
8.6398e-06 0.00192771 0.0287182 0.0168449 0.000638434 0.000347033 0.000766154 0.0293474 0.00417295 0.0486895 0.0158967 5.6501e-05 0.000188841 0.0350021 0.00642025 0.0867791 0.018561 0.164733 0.0161736 0.0244756 0.133546 0.000136403 0.00304538 0.297134 0.0013558 0.00922037 0.000318501 0.018715 0.0367153 6.50731e-05 
3.74661e-07 2.67896e-06 0.00190507 5.61223e-05 0.00250035 7.57354e-07 4.81917e-07 0.0036699 0.000175119 0.0130898 0.000154096 4.87518e-10 6.7479e-10 0.0557672 0.000317424 0.0360516 0.00174897 0.00521379 0.000653598 0.000226904 0.000626899 1.83694e-07 0.00239373 0.861176 0.000120366 1.46982e-05 1.19581e-05 0.00186885 0.0122339 1.86735e-05 
6.46879e-10 1.59763e-10 0.0528725 0.00533628 0.00106276 0.000773702 0.000210861 0.000947068 0.00132766 0.0190337 0.00560504 2.81003e-07 1.79261e-10 0.00712252 6.28973e-05 0.0326728 0.00539191 0.01232 0.0464248 0.00348586 0.235071 0.000993768 0.00036205 0.498697 0.00271888 0.00026798 4.45535e-05 0.0241749 0.0429986 2.08548e-05 
2.97937e-05 7.45033e-07 0.00368782 0.00275697 0.00137603 0.00025572 0.349593 0.00142564 0.00048436 0.000783884 0.000741715 2.40489e-06 2.43444e-06 0.000550348 1.54326e-05 0.0445346 0.00714675 0.00148731 0.0152424 0.00562169 0.000164879 3.17873e-06 0.000264195 0.523361 3.34499e-05 0.00269908 3.87711e-06 0.0185416 0.0191901 5.27522e-09 
2.41085e-08 1.35115e-06 6.41521e-05 0.000357903 0.000358268 0.00175019 0.00815934 0.00144506 0.0671651 0.00235838 0.000290191 7.81143e-06 3.34631e-11 0.00780546 0.000115516 0.0704731 0.000276817 0.00403703 0.00312533 0.00209205 0.00297063 1.24017e-05 0.0035439 0.667079 0.0519814 0.0233733 0.000156311 0.000196132 0.0807655 3.82573e-05 
9.89518e-05 1.71394e-05 0.242096 0.00497394 0.00162606 9.1639e-05 0.0188911 0.00199712 0.0346385 0.00235181 0.000601568 9.70551e-07 2.72868e-07 0.0136733 0.00140469 0.0174077 4.64779e-05 0.00770534 0.0266512 0.00105769 0.00809624 0.000355378 0.000288191 0.541333 0.000529487 0.0461661 5.29871e-06 0.00308443 0.0245689 0.000241711 
1.16987e-05 2.10032e-08 0.00412706 0.000774014 0.000651102 0.000330514 7.99887e-07 0.000422858 0.011168 0.0078575 0.00237491 5.02429e-08 4.47324e-08 0.0401027 0.000208239 0.0735354 0.00347382 0.0938631 0.000627431 0.000697468 0.00396395 8.32898e-05 0.00232454 0.741369 0.00699448 7.57214e-05 4.24015e-06 9.76519e-05 0.00486082 1.19731e-08 
7.33777e-10 7.36329e-07 1.99682e-07 0.0171952 8.62007e-10 2.01381e-07 9.97912e-07 5.52884e-07 2.95738e-06 4.92244e-11 0.0029384 7.04641e-10 1.01284e-07 1.75436e-05 0.00153705 0.00700534 0.00088026 0.00228002 0.0865825 0.0391359 4.67466e-07 8.01324e-10 0.000500294 0.841083 4.80391e-10 0.000814695 1.24294e-09 1.15923e-10 2.32347e-05 7.57517e-10 
4.71257e-07 4.55242e-06 4.08169e-05 9.48143e-06 5.5361e-07 4.00014e-07 5.88712e-07 3.84519e-05 5.9423e-06 3.16136e-08 0.268647 4.52545e-07 6.26383e-07 0.0791616 2.41961e-05 0.00219893 0.085471 0.010358 0.00177716 1.40907e-07 1.30152e-05 5.14638e-07 2.37173e-06 0.53395 3.08523e-07 1.76828e-05 7.98258e-07 0.0182567 1.81221e-05 4.86503e-07 
1.09267e-06 0.0146191 0.0143093 0.000720654 0.00153452 0.00190396 0.000824836 0.000891282 1.55182e-05 6.65006e-06 0.000395727 1.33457e-06 8.25305e-06 0.0741985 0.00079655 5.67571e-05 0.000865928 1.6889e-05 4.71661e-06 2.17644e-05 2.27432e-05 9.21418e-06 3.87384e-05 0.793257 0.0660282 0.0205699 7.05092e-06 0.00729848 0.00157118 3.68383e-06 
4.46287e-08 5.89385e-10 0.00106615 0.000463656 0.000174406 1.94114e-06 8.90961e-11 0.0264795 0.00322193 0.00972334 0.00204811 4.6225e-08 6.61314e-10 0.0185564 0.00193231 0.193287 1.79659e-06 0.11903 0.000262821 4.18236e-05 0.00604764 4.95318e-05 0.000188884 0.581435 8.20652e-08 0.000314472 1.47276e-05 0.00101016 0.0346479 5.13634e-10 
0.0102229 0.000475373 0.278153 0.0154518 0.000219009 0.0011187 0.00202168 0.00986579 0.000918783 0.0377015 0.0243443 5.16134e-07 0.000292142 0.00676018 0.0230416 0.0289121 0.0029199 0.0269915 0.0032755 0.0183513 0.0316746 0.000670827 0.00291506 0.303103 0.000168607 0.0188648 2.67057e-05 0.0980989 0.0534067 3.33137e-05 
5.65588e-06 7.47931e-09 0.00363945 0.0026825 0.00101362 0.000117682 0.35343 0.00132818 0.000456831 0.000812895 0.000501363 2.52891e-06 2.19137e-06 0.000287631 9.9122e-06 0.0393655 0.00749381 0.00122847 0.0154274 0.00471978 0.000123772 3.20136e-06 0.000237121 0.526404 3.18828e-05 0.00256595 3.87537e-06 0.019493 0.018612 3.32759e-09 
1.60981e-05 2.69459e-07 0.0208827 0.000127388 0.0351137 6.79016e-05 1.03355e-05 0.0209736 0.000631946 0.00605401 0.174557 4.55711e-06 3.02343e-07 0.000120209 0.000274562 0.0460894 0.0210044 0.145559 0.000153866 0.000498746 0.0343434 5.69276e-06 1.21134e-05 0.491038 1.71824e-05 0.00218369 3.85304e-07 4.09703e-06 0.000249533 5.54242e-06 
1.04297e-08 0.00231231 0.00211394 6.03925e-06 4.30058e-07 2.05974e-11 2.67993e-09 0.00140207 0.00012299 0.00110621 1.46994e-08 2.33022e-11 3.22534e-11 0.0211089 0.00664013 0.0634128 0.00346458 0.03065 0.000134112 0.00262507 0.00211566 1.20456e-05 0.00808192 0.852344 0.000390304 9.12783e-09 9.04028e-06 8.58222e-08 0.00194697 2.93074e-08 
2.08286e-06 5.67e-06 0.0476048 0.000909198 0.000568865 3.53048e-05 4.08477e-07 0.000496299 0.000211299 0.0187732 0.000323718 0.000977168 0.000197753 0.0350962 0.000121353 0.00392284 0.0250847 0.0011691 0.00188705 0.00074548 0.000287739 1.71639e-05 0.000258783 0.818815 0.000114811 0.0248965 3.1233e-06 0.00222569 0.0152478 9.5071e-07 
4.1291e-11 2.00607e-05 0.0300093 0.00350118 0.00170897 3.50488e-11 2.62861e-05 0.0010191 7.80613e-05 0.000103738 0.00519248 8.36555e-07 4.50817e-07 0.000238391 1.37734e-05 0.0156498 0.000299491 0.00145406 0.00123065 0.000165892 0.00950845 1.88275e-05 5.19043e-09 0.835177 7.22536e-05 0.0891755 6.99425e-11 0.00506563 0.000270223 1.76455e-08 
5.65588e-06 7.47931e-09 0.00363945 0.0026825 0.00101362 0.000117682 0.35343 0.00132818 0.000456831 0.000812895 0.000501363 2.52891e-06 2.19137e-06 0.000287631 9.9122e-06 0.0393655 0.00749381 0.00122847 0.0154274 0.00471978 0.000123772 3.20136e-06 0.000237121 0.526404 3.18828e-05 0.00256595 3.87537e-06 0.019493 0.018612 3.32759e-09 
2.26804e-08 8.32981e-07 0.106701 0.0107537 1.17724e-05 0.000317072 3.90535e-05 0.00204806 0.00797489 0.0114358 0.0764621 2.49821e-07 0.000267499 0.00426579 0.000418066 0.00737361 0.00256944 0.0198024 0.0010186 0.00268994 0.143487 3.15129e-05 0.00102634 0.566847 0.00265256 0.00939759 2.40349e-05 0.0111612 0.0112166 5.41305e-06 
5.65588e-06 7.47931e-09 0.00363945 0.0026825 0.00101362 0.000117682 0.35343 0.00132818 0.000456831 0.000812895 0.000501363 2.52891e-06 2.19137e-06 0.000287631 9.9122e-06 0.0393655 0.00749381 0.00122847 0.0154274 0.00471978 0.000123772 3.20136e-06 0.000237121 0.526404 3.18828e-05 0.00256595 3.87537e-06 0.019493 0.018612 3.32759e-09 
4.49385e-07 4.39998e-05 0.218854 0.0522173 0.000393405 0.00531081 4.74135e-05 0.00458356 0.000596288 0.0351694 0.0740387 2.11505e-06 0.000584393 0.00924692 0.000522962 0.0273812 0.00749378 0.0624008 0.00390571 0.00302215 0.155916 0.000848536 0.00273125 0.281534 0.00349591 0.012848 0.000541723 0.0173783 0.0188832 8.23392e-06 
1.75288e-08 0.000397234 0.0698519 0.0105111 0.000445461 0.00019328 0.000177355 0.000655885 0.000146305 0.00518572 0.0431262 1.52849e-06 0.000505952 0.00121641 0.0015783 0.0084748 0.00142179 0.0120844 0.00245445 0.00242495 0.0746568 0.000323956 0.000768294 0.727399 0.00013885 0.00804487 8.11272e-05 0.0245389 0.00315554 4.00367e-05 
1.7665e-07 0.000620437 0.0499 0.00212208 0.00182315 0.00341515 1.07222e-05 0.00969584 0.000858196 0.180397 0.00262569 2.09525e-05 1.63953e-05 0.108686 0.00273152 0.0649853 0.0229724 0.0656445 0.00368066 0.00376241 0.101779 7.98538e-05 0.00221931 0.307725 0.00315123 0.0369503 1.91989e-05 0.0080554 0.0160522 1.67837e-07 
3.74735e-07 1.19197e-06 0.0888209 0.015471 2.8289e-05 0.00081181 7.43252e-05 0.0081135 0.000311367 0.0198994 0.0288546 0.000174069 0.273919 0.0353938 2.7996e-07 0.0615656 0.0236135 0.0128063 0.0301068 0.00314672 0.03394 1.4293e-05 0.000359983 0.281514 0.000613447 0.00108445 0.000117008 0.038905 0.0403175 2.16213e-05 
2.24984e-06 1.08745e-10 0.0111386 0.0141315 3.92529e-07 0.000602977 0.000650863 0.00189243 0.00126132 0.0882884 0.00204087 8.81537e-11 0.000518733 0.00644699 0.000477054 0.202139 0.0977363 0.0733452 0.0151989 0.135655 0.0441446 0.00161382 0.000284633 0.253494 0.000324278 0.0157689 0.000282804 0.0265139 0.0060443 2.00812e-06 
8.27139e-07 5.50887e-05 0.21738 0.00397021 0.000197282 0.000220525 0.000388303 0.00197406 0.010944 0.00702836 0.0124617 2.82874e-06 0.000101045 0.00710365 0.000208765 0.0224469 0.00174986 0.0261378 0.00736898 0.000412104 0.0607784 0.00142701 0.00742897 0.579785 0.000144907 0.00520851 4.61023e-06 0.0192863 0.00563807 0.000145763 
0.000165419 9.1124e-06 0.0784318 0.0197189 0.000492139 0.00252189 3.09532e-06 0.0245397 0.00125094 0.126937 0.0118898 2.31043e-06 4.07587e-06 0.013656 0.000232436 0.0602991 0.00758178 0.0980468 0.00157998 0.00475103 0.108231 0.00100416 0.000666701 0.258153 0.000130562 0.0249686 5.39527e-06 0.072538 0.0821013 8.80658e-05 
2.24984e-06 1.08745e-10 0.0111386 0.0141315 3.92529e-07 0.000602977 0.000650863 0.00189243 0.00126132 0.0882884 0.00204087 8.81537e-11 0.000518733 0.00644699 0.000477054 0.202139 0.0977363 0.0733452 0.0151989 0.135655 0.0441446 0.00161382 0.000284633 0.253494 0.000324278 0.0157689 0.000282804 0.0265139 0.0060443 2.00812e-06 
1.61613e-10 1.88078e-08 0.166681 0.0347865 7.32376e-05 0.000482433 4.67533e-06 0.000994681 0.000625606 0.0615335 0.185093 1.42256e-06 0.000208156 0.000518089 4.23662e-05 0.00687165 0.000677657 0.0191142 0.0020588 0.00682403 0.178003 0.000393148 0.000246283 0.248983 0.00011572 0.0459989 6.37037e-05 0.0196863 0.0199202 4.7276e-09 
9.84247e-05 2.69596e-09 0.224112 0.0267188 1.49535e-05 3.3018e-05 0.00176037 0.0330106 0.000905059 0.00539666 0.00414601 1.95599e-06 3.02497e-09 0.0224467 1.42012e-07 0.0940278 1.08705e-06 0.0828653 0.0183203 0.000646387 0.00789898 0.00235628 7.90797e-05 0.401147 0.000353761 0.0224074 1.85671e-08 0.0379742 0.0128812 0.000396533 
2.24984e-06 1.08745e-10 0.0111386 0.0141315 3.92529e-07 0.000602977 0.000650863 0.00189243 0.00126132 0.0882884 0.00204087 8.81537e-11 0.000518733 0.00644699 0.000477054 0.202139 0.0977363 0.0733452 0.0151989 0.135655 0.0441446 0.00161382 0.000284633 0.253494 0.000324278 0.0157689 0.000282804 0.0265139 0.0060443 2.00812e-06 
1.32999e-07 3.70777e-05 0.0283632 0.0382758 5.84582e-06 4.10434e-05 7.45799e-05 0.000218169 0.000191702 0.00466024 0.00831736 1.27718e-07 2.11471e-05 0.0809234 0.000889718 0.041468 0.0290291 8.91823e-05 0.0040283 0.000400482 4.30066e-05 1.61041e-05 0.000175116 0.68061 1.41493e-05 0.0277589 1.06525e-05 0.0436227 0.0107116 2.68833e-06 
9.2511e-08 3.10682e-07 0.000634152 1.85414e-05 0.000830074 7.21626e-08 1.462e-07 0.011731 6.29581e-05 0.00476791 5.10494e-05 4.19197e-08 2.36331e-10 0.0159904 0.000105253 0.0324943 0.00527452 0.00173686 0.000399836 0.00140638 0.00191688 2.02972e-08 0.000374671 0.912813 0.000100255 6.07527e-06 3.59748e-06 0.000621558 0.00857418 8.55517e-05 
0.000103877 9.18913e-05 0.0662169 0.0388797 0.00206536 0.000690135 0.0559488 0.00492024 0.00184409 0.0118719 0.0209171 2.21464e-06 0.00488244 0.0215213 0.00384638 0.0465317 0.0333534 0.0545637 0.0133302 0.0109167 0.136698 2.54475e-06 0.0026477 0.339661 0.00339767 0.00456781 3.18255e-05 0.0613189 0.0591712 5.35421e-06 
3.86346e-08 3.84303e-10 0.00842128 4.50445e-05 0.00174846 1.25764e-06 1.1143e-05 0.00234786 1.33531e-07 0.019576 4.21806e-05 3.11533e-10 4.31203e-10 0.0010916 0.00101303 0.00653571 0.0128492 0.085914 0.00132134 0.00947245 0.0003573 4.67443e-05 0.00168532 0.830753 0.00142796 0.000942995 7.95308e-06 0.00112099 0.0132671 3.3491e-10 
2.00546e-07 0.000299358 0.00689118 1.51907e-05 0.000440588 1.70432e-05 2.04816e-06 0.0107128 0.00460407 0.0118546 4.6491e-05 0.000144557 4.97849e-07 0.0419934 0.0161381 0.19737 0.0129098 0.0288569 0.000459058 0.000653005 0.01686 6.30363e-05 0.0397027 0.60378 0.00017413 0.000102742 2.73572e-06 0.00119167 0.00450718 0.000206752 
0.000129465 4.0543e-05 0.0733252 0.00554916 0.00962462 5.82939e-05 5.20585e-05 0.00512557 0.000338494 9.47987e-06 0.0260071 4.90653e-07 5.98718e-05 0.000905334 0.000526984 0.00734238 0.129103 0.0103918 0.0146201 0.00253193 0.0106616 1.12757e-06 0.00100477 0.619368 2.71412e-06 0.0059734 7.19627e-06 0.0741912 0.00304649 2.17677e-06 
8.71386e-10 5.85359e-05 0.0489755 0.00048992 5.85976e-07 0.0199898 4.64736e-05 0.0157967 1.89421e-05 0.00162826 0.00525785 2.51369e-08 1.15822e-09 0.0113882 0.000444874 0.0307349 5.88721e-08 0.019156 0.000516629 9.96825e-05 0.0108213 7.07353e-07 0.0010632 0.734899 0.000700156 0.0273826 2.02098e-07 0.0686158 0.00191372 2.83061e-07 
2.14963e-05 0.000179336 0.0222191 0.00293981 0.000343996 2.02468e-07 4.05948e-09 0.0016779 9.00747e-05 0.00558183 0.00425903 1.70525e-10 2.36029e-10 0.0325402 0.00237223 0.0244937 0.0180145 0.113346 0.00039673 0.00242998 0.0384204 5.00268e-07 0.00333551 0.701044 0.000615884 6.816e-05 2.10361e-05 0.0146781 0.0106566 0.000252938 
1.31903e-10 2.0875e-07 0.0484738 0.00254024 3.33449e-07 0.00241164 0.00796502 0.000263413 8.92823e-09 0.00029064 0.00321427 2.51562e-06 1.75322e-10 3.01967e-05 9.59736e-08 7.9463e-07 2.53649e-05 0.00905009 0.000314411 8.15568e-07 0.00140971 1.52306e-06 6.86154e-06 0.760382 1.89282e-07 0.064029 7.68571e-07 0.0984246 0.00116156 2.61379e-07 
2.14963e-05 0.000179336 0.0222191 0.00293981 0.000343996 2.02468e-07 4.05948e-09 0.0016779 9.00747e-05 0.00558183 0.00425903 1.70525e-10 2.36029e-10 0.0325402 0.00237223 0.0244937 0.0180145 0.113346 0.00039673 0.00242998 0.0384204 5.00268e-07 0.00333551 0.701044 0.000615884 6.816e-05 2.10361e-05 0.0146781 0.0106566 0.000252938 
4.70357e-06 6.25337e-08 0.00283177 0.00208756 0.000790609 0.00017983 0.297461 0.00103423 0.0003559 0.00257125 0.00065292 2.00663e-06 1.83176e-06 0.00230995 7.91986e-06 0.0306221 0.0183756 0.000956128 0.0120018 0.0100096 9.64491e-05 2.58283e-06 0.000184843 0.511107 2.50179e-05 0.00199744 3.10516e-06 0.0898401 0.0144784 8.44318e-06 
8.55364e-05 0.000220282 0.0320079 0.00618917 5.32019e-05 0.00423788 0.0145591 0.00136553 0.000651772 0.00564873 0.00551213 2.64957e-05 0.00108208 0.0186195 0.000364897 0.00561385 0.0108576 0.0180674 0.00567141 0.00120308 0.00480172 8.10976e-05 7.02943e-06 0.796454 0.000106235 0.00567208 5.33259e-05 0.0557968 0.00459382 0.000395776 
4.34007e-05 9.15414e-06 0.124644 0.0359553 0.000152287 0.000155459 0.0405761 0.00368496 0.0167147 0.0227721 0.0464186 3.91901e-05 0.000229822 0.00308987 0.00122681 0.0160586 0.00519156 0.0202827 0.03594 0.0105149 0.0691033 6.44061e-06 0.00337551 0.415624 0.000205521 0.0360708 9.70827e-05 0.0616751 0.0301133 2.91551e-05 
1.95262e-06 1.05382e-06 0.117219 0.00186536 1.67906e-06 0.00170356 0.0103827 0.000127567 6.4658e-10 0.00216298 0.0047031 7.9387e-07 2.51201e-09 0.00252302 5.26998e-05 0.0012668 2.95205e-05 0.0156177 0.000774645 0.00495989 0.00813245 1.18724e-05 1.60292e-05 0.65845 1.52859e-06 0.0770485 1.17673e-05 0.0923566 0.000572967 4.0018e-06 
1.18379e-08 2.47363e-10 0.0223278 0.000539259 4.44133e-08 5.66654e-05 3.38128e-06 0.00705236 2.4804e-05 0.196948 0.00515587 4.81829e-05 2.32135e-07 0.0416248 0.000308657 0.0551863 0.00262159 0.0280298 0.0181694 0.000987975 0.00362502 2.28036e-10 9.37485e-05 0.39404 0.00224887 0.000384622 7.22575e-08 0.000411706 0.220108 3.17334e-06 
1.01063e-09 0.000462849 0.0816765 0.0219217 0.000173535 0.00447213 0.00878571 0.00114556 0.000246894 0.0393805 0.0202983 0.00309703 1.3433e-09 0.0162078 0.000103441 0.00287645 0.0032415 0.0278456 9.41314e-05 0.00156293 0.005453 3.85055e-05 2.50587e-05 0.574839 3.29897e-07 0.0141838 0.000318868 0.164989 0.00654023 1.95527e-05 
2.33323e-10 2.97912e-07 0.0526116 0.00221371 4.51584e-07 0.000240483 0.00796709 3.07804e-05 3.91154e-07 0.00206055 0.0173627 1.93847e-06 3.10128e-10 0.00333977 2.6345e-05 0.00416789 0.000395891 0.00100242 0.000190549 6.12713e-05 0.00106901 1.5621e-06 6.05628e-06 0.734526 1.52753e-10 0.0257108 1.99565e-05 0.146724 0.000234697 3.41279e-05 
3.26432e-06 2.19788e-06 0.0422805 0.0649334 4.09002e-05 0.00349107 1.1672e-05 0.00347844 0.00161085 0.0840237 0.0271702 0.00062866 0.00202542 0.0420469 3.89495e-05 0.0610622 0.0115716 0.0493494 0.0195932 0.00835722 0.165318 0.0244745 0.00031561 0.346465 0.00157968 0.0117715 0.000148004 0.0128689 0.0151207 0.000217977 
1.41952e-07 2.68693e-08 0.0117588 0.00357702 0.00119105 0.0001572 0.00378106 0.00276582 0.000210699 0.00261224 0.000867996 1.01679e-08 2.96152e-06 0.00283995 2.02011e-05 0.0568642 0.00987833 0.00154784 0.00618319 0.0128957 0.000351539 2.59627e-06 0.000191705 0.814096 4.25763e-05 0.00437339 0.000174603 0.0429806 0.0206328 4.84573e-11 
5.3384e-06 4.4479e-05 0.0676701 0.00841346 0.00162783 0.00112551 0.00236051 0.00974989 0.00150414 0.0236048 0.00619058 2.59797e-05 1.45438e-07 0.0159747 1.89663e-06 0.033736 0.00124149 0.0641375 0.00954753 0.00380246 0.0103531 0.000444511 0.000406227 0.460745 0.000323022 0.101034 0.000171147 0.0407635 0.134399 0.000596521 
3.86346e-08 3.84303e-10 0.00842128 4.50445e-05 0.00174846 1.25764e-06 1.1143e-05 0.00234786 1.33531e-07 0.019576 4.21806e-05 3.11533e-10 4.31203e-10 0.0010916 0.00101303 0.00653571 0.0128492 0.085914 0.00132134 0.00947245 0.0003573 4.67443e-05 0.00168532 0.830753 0.00142796 0.000942995 7.95308e-06 0.00112099 0.0132671 3.3491e-10 
5.65588e-06 7.47931e-09 0.00363945 0.0026825 0.00101362 0.000117682 0.35343 0.00132818 0.000456831 0.000812895 0.000501363 2.52891e-06 2.19137e-06 0.000287631 9.9122e-06 0.0393655 0.00749381 0.00122847 0.0154274 0.00471978 0.000123772 3.20136e-06 0.000237121 0.526404 3.18828e-05 0.00256595 3.87537e-06 0.019493 0.018612 3.32759e-09 
0.0152345 0.00243009 0.031916 0.0403352 0.03429 9.34804e-07 0.0460439 0.0520247 9.35582e-07 9.36007e-07 9.35797e-07 9.34632e-07 0.000748187 0.12503 9.3577e-07 0.0204059 0.00327628 0.0344437 0.0342439 9.35647e-07 9.35987e-07 9.34432e-07 9.35815e-07 0.341996 0.00635962 0.0630543 9.33506e-07 0.0679447 0.0802113 9.34523e-07 
4.83564e-06 2.82181e-06 0.00996799 0.00402612 0.000248771 0.000273464 0.000677541 0.0104726 0.000265425 0.0376424 0.00150312 1.54094e-06 9.48424e-07 0.0344188 0.000958615 0.0347849 0.300691 0.0206848 0.00330543 0.0266126 0.0292071 5.8699e-05 0.000874161 0.425306 0.000425743 0.000392715 0.000159064 0.014377 0.0424495 0.000206831 
9.117e-10 0.000764715 0.0335514 0.000833812 0.000291168 0.00142814 0.000253962 0.0545569 0.0151605 0.0182148 0.00398577 1.04521e-05 3.46062e-08 0.0611773 0.000714441 0.241585 0.0109471 0.0421705 0.00137973 0.00732869 0.0259695 3.9252e-08 0.00180232 0.422605 0.000214325 0.00146382 5.94574e-08 0.0149289 0.0386601 1.80826e-06 
5.65588e-06 7.47931e-09 0.00363945 0.0026825 0.00101362 0.000117682 0.35343 0.00132818 0.000456831 0.000812895 0.000501363 2.52891e-06 2.19137e-06 0.000287631 9.9122e-06 0.0393655 0.00749381 0.00122847 0.0154274 0.00471978 0.000123772 3.20136e-06 0.000237121 0.526404 3.18828e-05 0.00256595 3.87537e-06 0.019493 0.018612 3.32759e-09 
2.60638e-08 1.08537e-06 0.000100135 0.00117043 0.000286703 0.00140037 0.00652886 0.00171094 0.0537331 0.00188675 0.000232183 6.27573e-06 4.51776e-11 0.0062445 9.24659e-05 0.0702791 0.000221483 0.00322973 0.00250042 0.00167383 0.00240633 1.00044e-05 0.0028353 0.694189 0.0506526 0.02098 0.000125307 0.000156924 0.0773159 3.06402e-05 
0.00136106 0.000615078 0.0621485 0.00251833 3.55503e-06 0.00581711 0.0652878 0.0412432 0.000111892 0.126351 0.0202822 0.000107064 1.3821e-05 0.0166568 7.38546e-05 0.0630009 0.00429532 0.00369993 0.000176203 0.000362392 0.0282397 1.4479e-05 0.000115585 0.388209 7.80423e-05 0.000410548 4.23473e-07 0.163146 0.00538924 0.000270706 
9.78119e-10 0.000114332 0.116668 0.0911838 0.00126292 0.000333707 0.00152121 0.00134237 0.0235361 0.0353241 0.0193115 6.24039e-07 1.16947e-07 0.00564485 0.000501304 0.0184012 0.00973753 0.0144581 0.198244 0.00559754 0.109615 0.0169002 0.000551765 0.257224 0.00069504 0.00145132 0.000148336 0.0383389 0.0316337 0.000257825 
2.71511e-05 8.91938e-11 0.0267247 0.00487907 0.000361347 0.000206829 3.52677e-07 0.0522375 0.0103825 0.0301519 0.00528848 7.74288e-08 4.25016e-08 0.0305966 0.00163683 0.116716 0.00767978 0.0425076 0.000626972 0.000860135 0.0107163 1.67905e-06 0.0207799 0.582956 0.00667683 0.000838812 1.08419e-05 0.00483917 0.0422931 4.31484e-06 
7.17844e-12 7.99267e-09 0.000317435 0.00345402 7.41733e-05 0.00692705 9.89384e-06 0.000899407 0.0202408 0.00408752 0.00226043 8.83958e-09 3.17005e-10 0.0237786 0.000713034 0.0964925 0.00118131 0.0551076 0.00321237 0.00961916 0.00512309 6.86929e-06 0.00440693 0.679827 0.000572665 0.000470544 5.5612e-09 1.76207e-05 0.0811976 2.26552e-06 
0.000343078 2.97313e-05 0.169604 0.0251026 8.60845e-05 0.000421659 0.00318781 0.0301916 0.0104869 0.187872 0.00698083 2.54437e-06 0.00021634 0.0182722 0.00340232 0.0503607 0.0489271 0.0443619 0.0024788 0.0126809 0.0668888 0.000800383 0.0091537 0.223181 0.0001109 0.00264009 0.00036653 0.0251494 0.0559384 0.000761552 
2.06519e-10 2.44644e-10 1.26763e-06 0.000605241 2.42609e-10 0.000374183 6.11715e-08 0.00473564 3.77664e-07 8.02202e-07 1.92231e-06 3.11229e-08 2.86212e-07 0.0118317 4.5301e-11 0.0105538 0.00339158 0.0137662 1.0622e-06 0.000264717 0.000196844 1.12379e-06 3.08941e-07 0.948031 1.32584e-06 0.000333445 3.49821e-10 0.000527311 0.00538007 2.13201e-10 
0.000455059 0.00173257 0.0297635 0.0471563 0.00130578 0.00413425 0.0029814 0.00448929 0.00241856 0.0858519 0.0251052 0.000382629 0.0168862 0.155362 0.00276056 0.0536575 0.078213 0.0351512 0.0361121 0.00575185 0.0490308 0.00129253 0.0259543 0.274054 0.00375233 0.00868406 0.00103968 0.0179078 0.0258704 0.00274401 
0.00181322 0.000668231 0.0231953 0.0206908 0.00255885 0.00112207 0.00190826 0.0138887 0.00693341 0.0933645 0.019118 2.38054e-05 0.000203886 0.0396063 0.0151277 0.113242 0.0295078 0.20032 0.0121177 0.0147169 0.0590683 0.00210613 0.0109943 0.2058 0.00330107 0.0057711 0.000277044 0.0267355 0.0692088 0.0066107 
5.65588e-06 7.47931e-09 0.00363945 0.0026825 0.00101362 0.000117682 0.35343 0.00132818 0.000456831 0.000812895 0.000501363 2.52891e-06 2.19137e-06 0.000287631 9.9122e-06 0.0393655 0.00749381 0.00122847 0.0154274 0.00471978 0.000123772 3.20136e-06 0.000237121 0.526404 3.18828e-05 0.00256595 3.87537e-06 0.019493 0.018612 3.32759e-09 
1.09977e-07 0.000338474 0.0352523 0.00935704 0.000154717 0.00193871 0.0213564 0.00190345 0.000266741 0.0158429 0.00736087 1.75343e-05 6.66385e-05 0.0246985 6.15569e-05 0.00706908 0.00402829 0.00644027 0.00436758 0.000615364 0.00439 3.42115e-05 2.03448e-05 0.755316 1.95282e-05 0.0100991 0.000103338 0.0852434 0.0035463 9.1254e-05 
2.7282e-09 0.000117612 0.278092 0.0225231 1.32209e-05 0.000101797 4.80221e-05 0.0109736 0.000156804 0.0270968 0.0239177 1.4908e-08 0.000188085 0.0375656 0.00244788 0.0568885 0.0113099 0.0599277 0.00120122 0.000142217 0.0703021 1.53233e-05 0.00667934 0.367889 0.000204223 0.00528921 1.86127e-05 0.0108253 0.00601052 5.54617e-05 
8.08081e-07 9.57258e-07 0.254094 1.45811e-07 9.49296e-07 6.85919e-07 1.44707e-07 8.55104e-05 2.76464e-07 0.0536702 0.00113211 7.75995e-07 1.07408e-06 0.279989 0.000135252 0.00122513 4.24845e-05 8.54917e-08 2.65983e-07 2.41619e-07 6.36216e-08 8.82468e-07 1.53821e-07 0.329978 5.29036e-07 3.1383e-07 1.3688e-06 0.0796382 8.65133e-08 8.34225e-07 
1.58931e-06 7.29762e-09 0.0204715 0.00462617 0.000125088 0.000284427 9.52779e-05 0.0152615 0.00269745 0.0801142 0.00831246 3.85586e-06 6.00557e-06 0.0640933 4.18201e-05 0.0779381 0.0765526 0.145358 0.0147731 0.00212416 0.0696316 9.87248e-06 0.00151777 0.31469 1.17503e-05 0.0154576 5.71884e-05 0.0248277 0.0501052 0.0108101 
5.65588e-06 7.47931e-09 0.00363945 0.0026825 0.00101362 0.000117682 0.35343 0.00132818 0.000456831 0.000812895 0.000501363 2.52891e-06 2.19137e-06 0.000287631 9.9122e-06 0.0393655 0.00749381 0.00122847 0.0154274 0.00471978 0.000123772 3.20136e-06 0.000237121 0.526404 3.18828e-05 0.00256595 3.87537e-06 0.019493 0.018612 3.32759e-09 
0.000849485 3.90072e-06 0.0295868 0.00227051 0.000138523 0.0259941 5.37669e-05 0.00110802 2.95436e-05 0.00872734 0.0165142 5.92601e-06 9.63278e-06 0.271982 3.25567e-06 0.00544522 0.000463218 0.257871 0.00234719 0.000116015 0.00700247 4.30087e-05 0.000622718 0.326711 0.00155435 0.00288065 0.00187031 0.00502198 0.0307728 1.37826e-07 
1.79525e-08 6.17345e-07 0.0553931 0.00149406 0.000306895 1.98257e-06 5.77827e-06 0.0106339 0.00193585 0.12945 0.000131312 0.000440603 1.22893e-07 0.0236387 0.000761638 0.107365 0.0167352 0.0792176 0.0015296 0.000124281 0.167674 6.08981e-07 0.00548001 0.370462 0.00104178 0.000617639 4.17728e-06 0.00654584 0.0180757 0.000932647 
4.34122e-07 3.20826e-08 0.0245068 0.0140559 0.00010423 0.0176538 1.51367e-06 0.00912031 0.000221909 0.0141402 0.0752727 2.94511e-05 1.76488e-06 0.000318667 0.00138209 0.00688004 0.00101784 0.0283831 0.0432026 0.000225268 0.0209338 0.024011 4.4946e-05 0.352465 6.69244e-07 0.0236826 0.00212135 0.305247 0.0349697 5.55407e-06 
6.65045e-07 4.04516e-08 0.0429865 0.0657733 0.00157873 8.0074e-11 0.005529 0.00130595 0.000480606 0.0169145 0.011908 4.07266e-09 1.40525e-08 0.00322539 0.00014324 0.0166714 0.000173611 0.035611 0.0437399 0.0285766 0.0242008 7.73963e-05 1.22391e-05 0.32654 0.000130986 0.00593372 1.67333e-05 0.0505221 0.317945 1.8361e-06 
3.47311e-06 6.69643e-07 0.00344198 0.0033504 0.000196225 0.000601446 0.135349 0.00183156 0.0622025 0.0231026 0.0201282 2.869e-05 0.0170261 0.00132677 0.00012178 0.0145258 0.0665169 0.144431 0.0540284 0.00540687 0.0267027 0.000111569 0.00022705 0.25866 0.000689936 0.000585813 4.54274e-05 0.147597 0.0117276 3.29951e-05 
1.34837e-06 2.89394e-08 0.00252613 0.000826563 6.33878e-05 7.73925e-08 0.314081 0.000228476 0.0385796 0.00303705 0.000424836 2.1722e-06 2.10216e-10 0.00119833 4.08981e-06 0.0283007 0.0161221 2.76845e-05 0.0791849 0.00154271 0.000760706 3.97892e-07 3.98603e-05 0.485639 1.04648e-05 0.000180676 4.56268e-05 0.0239302 0.00324204 1.22529e-08 
8.41707e-06 3.0434e-07 0.0148417 0.00594606 0.0154032 0.000431729 9.21594e-05 0.000757645 0.00193521 0.0919513 0.00337742 9.42532e-05 4.7914e-06 0.0118198 0.00130152 0.0134236 0.0501529 0.0115069 0.00397971 0.00699471 0.0226465 0.000116411 0.000941637 0.324518 0.000426265 0.0150857 0.000927126 0.165223 0.00590697 0.230185 
5.65588e-06 7.47931e-09 0.00363945 0.0026825 0.00101362 0.000117682 0.35343 0.00132818 0.000456831 0.000812895 0.000501363 2.52891e-06 2.19137e-06 0.000287631 9.9122e-06 0.0393655 0.00749381 0.00122847 0.0154274 0.00471978 0.000123772 3.20136e-06 0.000237121 0.526404 3.18828e-05 0.00256595 3.87537e-06 0.019493 0.018612 3.32759e-09 
0.000272885 4.27088e-08 0.0092723 0.00416756 0.00149932 0.000113083 0.168789 0.00366766 0.00792403 0.0578571 0.000674657 3.64367e-05 7.92926e-06 0.017379 0.000337095 0.0442578 0.0592045 0.0125538 0.0373979 0.00472158 0.0164227 1.41055e-06 0.000509104 0.336708 0.000616652 0.00138941 0.000113043 0.0423731 0.170269 0.00146373 
0.00170912 1.69884e-05 0.012731 0.00604361 0.00134352 0.000912569 5.8327e-05 0.00892266 0.00589831 0.0130655 0.0133341 0.000117491 5.85585e-05 0.0514178 0.0232418 0.261825 0.0441518 0.125887 0.00485345 0.0016888 0.0127319 3.81661e-06 0.0108328 0.355655 0.0120286 0.0131185 9.87649e-05 0.0127915 0.00523187 0.000229513 
6.08736e-10 9.16127e-09 0.0368564 0.0122123 4.50547e-05 0.0104027 3.14623e-07 7.4046e-08 7.04445e-05 0.0104634 0.0768085 0.000230581 8.09117e-10 0.00130684 2.6859e-07 0.0259926 0.00041404 0.039301 0.00152347 0.007376 0.0109497 0.000152799 0.00025922 0.38477 1.16167e-07 0.014405 1.03113e-09 0.353584 0.0128752 7.54843e-08 
6.88847e-10 7.08774e-08 0.133977 0.0127004 0.0104612 1.72437e-07 0.000157465 0.000168288 4.88868e-05 0.030792 0.0142123 5.82008e-09 5.71584e-07 0.000143244 8.58248e-06 0.00388226 0.00192393 0.0137193 0.0204093 0.000509483 0.0633195 2.22652e-06 6.44537e-07 0.654424 1.26705e-05 0.0132441 1.49565e-05 0.0228972 0.00296068 1.00156e-05 
3.62104e-08 2.15141e-05 0.00010893 0.00136392 4.25382e-08 0.0160781 6.48434e-09 0.000132639 0.00576428 0.00693509 0.00433095 3.47726e-08 4.81299e-08 0.19752 0.00022257 0.0620281 0.100485 0.0348342 0.00160153 3.0587e-05 0.00700219 1.39685e-05 1.4628e-05 0.30672 8.13403e-06 0.00148652 1.72123e-05 0.00120886 0.252068 2.4414e-06 
4.59128e-08 1.17737e-05 0.0244984 0.000376298 0.00231729 2.23314e-05 0.000683737 1.23758e-05 0.000112854 5.13305e-05 0.0165997 4.40898e-08 3.75813e-05 0.000844889 2.53162e-05 0.0048658 1.95312e-05 0.00213032 0.00425406 0.00172553 0.00603814 2.26497e-06 4.69646e-06 0.924386 8.29132e-05 0.00446455 7.77714e-08 0.00565187 0.000780675 4.73983e-08 
3.84596e-08 4.92415e-06 0.00422741 0.000110724 1.57021e-06 4.06355e-10 2.19821e-06 0.0221014 0.000112348 0.00451619 9.75796e-05 4.59718e-10 6.36312e-10 0.00771181 0.0310916 0.0313634 0.0248283 0.077463 3.36418e-07 0.0148322 0.000617952 6.32702e-08 0.0872954 0.677895 0.000708841 0.000111159 7.96285e-06 0.00140375 0.013495 4.94215e-10 
8.28673e-09 1.98138e-06 0.00951415 0.00122411 0.000466785 2.33219e-05 0.000100999 0.000612403 0.00114952 0.028477 0.000370566 4.11567e-07 2.9184e-09 0.0654333 0.00120452 0.0263854 0.0124527 0.00908269 0.167957 0.151225 0.00858768 2.98172e-05 0.00131967 0.382629 0.0137677 0.000117777 1.47086e-05 0.00458806 0.113264 5.10469e-07 
3.45165e-06 5.19143e-05 0.0967436 0.00455558 5.55055e-05 3.07127e-05 2.30528e-05 0.0164003 8.86246e-05 0.00609048 0.0108167 3.29558e-06 0.116476 0.101285 0.000182677 0.0446765 0.00575813 0.0221135 0.000318446 1.60488e-05 0.00962275 2.73265e-06 0.0222249 0.492154 0.00321147 0.0332737 0.000528308 0.0036462 0.00964549 4.47695e-07 
3.20435e-06 6.94531e-05 6.48974e-05 5.78198e-07 0.000216461 2.71993e-06 5.73817e-07 0.000639785 0.000324719 4.90464e-05 6.48828e-07 3.5012e-05 4.25915e-06 0.000155172 7.0289e-07 0.000683805 6.1675e-07 3.39008e-07 0.000103218 9.58113e-07 0.000842853 0.00041105 8.34695e-06 0.964613 0.0144881 0.00444836 5.42782e-06 0.0127113 0.000111899 3.30802e-06 
1.59256e-11 1.19676e-09 0.00103452 7.80397e-05 4.33806e-06 1.35181e-11 4.17693e-06 0.00109005 0.000924937 0.0494112 7.21983e-05 1.52933e-11 3.48996e-06 0.00462747 1.5545e-05 0.0322721 0.0138306 0.00904803 0.000340574 0.00443887 0.00126603 6.4812e-06 1.34704e-05 0.875951 0.000140943 3.77073e-06 6.2891e-05 0.000878211 0.00444947 3.15106e-05 
0.000112323 8.71811e-09 0.0629649 0.0165584 0.00571146 0.00033952 0.000547035 0.0129571 0.000539016 0.00469405 0.0299247 1.49326e-07 0.000804269 0.0293619 0.00632121 0.128201 0.00403765 0.0256757 0.0207194 0.000752159 0.0153034 0.000174547 3.98826e-06 0.304509 0.00020205 0.0120349 0.0286563 0.278879 0.0100131 1.96653e-06 
2.44439e-07 7.93948e-07 0.0171627 0.0163818 9.35142e-06 0.000569349 0.00173315 0.00200375 0.0162481 0.00311243 0.00277572 6.65689e-08 1.46122e-05 0.0315611 0.002954 0.0495318 0.0079181 0.0377149 0.0475572 0.00328194 0.0832452 1.75222e-06 0.0145237 0.560454 0.0032243 0.00285621 0.000348088 0.0692408 0.025575 5.02066e-08 
0.000194378 0.00638488 0.0731949 0.0554018 0.0166254 0.00825163 0.00511183 0.00280446 0.0127544 0.12342 0.0142604 1.36194e-05 0.000491466 0.0210974 0.00345874 0.0531536 0.0230353 0.0347156 0.0239947 0.00785151 0.10079 0.000278729 0.00911871 0.192935 0.000581645 0.048976 0.000310903 0.135388 0.0238256 0.00157912 
0.000177061 1.19844e-05 0.04306 0.0576846 3.10444e-06 1.10054e-06 6.6975e-08 0.00281574 0.000165277 0.00694778 0.00780956 7.32479e-08 6.63114e-09 2.04634e-07 0.000618094 0.0979566 2.15198e-05 0.00716195 0.000191528 0.0106723 0.0244915 3.11656e-06 5.98299e-05 0.685695 3.26615e-09 0.00350506 1.19467e-06 0.0469807 0.00396489 2.10719e-07 
2.41085e-08 1.35115e-06 6.41521e-05 0.000357903 0.000358268 0.00175019 0.00815934 0.00144506 0.0671651 0.00235838 0.000290191 7.81143e-06 3.34631e-11 0.00780546 0.000115516 0.0704731 0.000276817 0.00403703 0.00312533 0.00209205 0.00297063 1.24017e-05 0.0035439 0.667079 0.0519814 0.0233733 0.000156311 0.000196132 0.0807655 3.82573e-05 
2.29111e-07 0.000142985 0.0174231 0.0238018 0.00273214 0.00147909 0.000181002 0.0134238 0.0110768 0.0371738 0.0142252 0.000310854 0.00141022 0.0282432 0.00877907 0.0685257 0.0264246 0.175404 0.00606982 0.0108363 0.127695 0.000111034 0.0218579 0.269472 0.00198884 0.00662748 9.30342e-05 0.00349039 0.119745 0.00125549 
6.91706e-08 1.54928e-07 0.000416107 4.61296e-05 0.000356 2.2291e-07 0.000169376 7.64737e-05 0.0120249 0.000521525 4.99492e-05 1.97148e-10 2.72879e-10 0.00270426 0.00642964 0.0232994 0.00622355 0.304486 5.92188e-05 9.86187e-08 0.000314284 2.24198e-10 0.0138177 0.623859 3.76387e-07 0.000207694 1.05659e-06 0.000184419 0.00473671 1.54243e-05 
2.35383e-08 5.79237e-06 0.0670027 0.0238665 0.000924052 0.00752995 1.98023e-06 0.0015912 0.00164652 0.0255419 0.0270291 5.49413e-08 3.06915e-07 0.0121826 6.35189e-06 0.0208659 0.00349933 0.021103 0.000725977 0.00436126 0.285525 2.40326e-06 0.00321417 0.389498 0.00165024 0.0359265 8.95532e-06 0.0187855 0.0475021 2.88036e-06 
0.0102229 0.000475373 0.278153 0.0154518 0.000219009 0.0011187 0.00202168 0.00986579 0.000918783 0.0377015 0.0243443 5.16134e-07 0.000292142 0.00676018 0.0230416 0.0289121 0.0029199 0.0269915 0.0032755 0.0183513 0.0316746 0.000670827 0.00291506 0.303103 0.000168607 0.0188648 2.67057e-05 0.0980989 0.0534067 3.33137e-05 
5.65588e-06 7.47931e-09 0.00363945 0.0026825 0.00101362 0.000117682 0.35343 0.00132818 0.000456831 0.000812895 0.000501363 2.52891e-06 2.19137e-06 0.000287631 9.9122e-06 0.0393655 0.00749381 0.00122847 0.0154274 0.00471978 0.000123772 3.20136e-06 0.000237121 0.526404 3.18828e-05 0.00256595 3.87537e-06 0.019493 0.018612 3.32759e-09 
4.02774e-09 1.07053e-06 0.000742791 0.0408351 4.7316e-09 2.9434e-07 4.93004e-07 4.04316e-07 0.0356196 2.70195e-10 0.00639517 1.33069e-06 7.85304e-08 0.00180259 0.00675161 0.0788035 0.00988812 0.00351029 0.127564 0.267718 0.0132839 4.39851e-09 0.000239446 0.40058 9.08041e-07 0.00248001 5e-07 7.19328e-07 0.00377463 5.70966e-06 
7.99812e-07 0.000522917 0.011423 0.00430574 0.00730644 0.00206687 1.08918e-05 0.0200148 0.0128087 0.0210958 0.00116822 3.25854e-06 3.55689e-06 0.136553 0.00825857 0.193366 0.0213367 0.0475227 0.0086461 0.0059977 0.0178261 0.000171957 0.025956 0.371965 0.0134202 0.000952631 0.00109293 0.00351807 0.0623974 0.000287509 
6.49211e-08 7.08029e-05 0.00510937 0.0128096 0.00450362 0.000418692 0.000313899 0.00503212 0.000853442 0.00596019 0.0135253 4.2939e-05 0.000260572 0.0153434 0.00244451 0.22134 0.00259174 0.192957 0.00125077 0.00100575 0.00917478 1.03726e-06 0.000567568 0.376831 0.00115222 0.0128238 5.4736e-05 0.0105453 0.0997625 0.00325272 
3.71674e-07 0.000133591 0.0090331 0.00207547 0.0011085 0.00114135 0.00624497 0.0528199 0.0271073 0.00789614 0.00326958 6.1645e-05 1.4052e-05 0.0391202 0.000220339 0.0935573 0.0466757 0.0859143 0.00478601 0.00808639 0.0209171 6.67573e-06 0.00310065 0.34346 0.0237283 0.0140852 0.0179342 0.114575 0.0532186 0.0197083 
6.72457e-07 8.22628e-06 0.00148565 0.00302414 0.000542634 0.000492376 4.62546e-07 0.0018519 0.0120254 0.00580005 0.00329881 3.68324e-09 7.68838e-07 0.00297276 0.00851524 0.150272 0.00220834 0.0230095 0.000393674 0.00045173 0.00187671 0.000494669 0.0438284 0.603566 0.000522154 0.000180385 9.87896e-06 0.00428505 0.128874 7.76576e-06 
4.44716e-12 5.26814e-12 0.00935398 0.003134 5.22432e-12 0.00367363 1.2016e-05 0.00150863 0.000450686 0.0249286 0.00597032 4.27058e-12 5.97016e-10 0.0371515 2.82994e-09 0.0257913 0.0123295 0.36409 0.000465895 0.00365039 0.0215259 3.98284e-08 0.000403457 0.38019 1.81473e-06 0.00042838 9.80044e-09 0.00687368 0.0980663 2.47962e-08 
2.6077e-09 1.33255e-05 0.102772 0.00161023 0.00687325 0.00633216 1.56862e-06 0.00702918 0.0135435 0.00466806 0.00779381 2.50416e-09 1.14834e-06 0.00167289 0.000601083 0.0245775 0.00276056 0.104751 0.0014115 0.00204187 0.0439272 1.43651e-05 0.000947069 0.622053 8.01517e-05 0.0061568 1.50541e-06 0.000224074 0.0381404 5.43754e-08 
2.24984e-06 1.08745e-10 0.0111386 0.0141315 3.92529e-07 0.000602977 0.000650863 0.00189243 0.00126132 0.0882884 0.00204087 8.81537e-11 0.000518733 0.00644699 0.000477054 0.202139 0.0977363 0.0733452 0.0151989 0.135655 0.0441446 0.00161382 0.000284633 0.253494 0.000324278 0.0157689 0.000282804 0.0265139 0.0060443 2.00812e-06 
6.62897e-06 2.8211e-07 0.0097228 0.00819072 0.00110208 0.000191592 2.26732e-05 0.00256664 0.00699973 0.0184365 0.00917715 6.69568e-06 2.8959e-05 0.0322592 0.000227684 0.054771 0.0278774 0.0457721 0.00156956 6.98435e-06 0.0212981 0.0093744 0.000822751 0.709894 0.00199105 0.00014107 0.000270017 0.00301593 0.0342463 1.00665e-05 
5.30404e-08 1.78697e-09 0.000822355 2.54709e-06 0.000217017 1.28044e-09 3.77097e-06 0.00364822 6.81152e-05 0.00112806 7.30784e-08 0.000103836 2.00505e-09 0.0180201 2.71085e-05 0.0654648 0.0047931 0.0011723 0.000170529 2.35921e-07 0.00104587 8.67822e-08 0.000598676 0.900151 0.000211341 1.22927e-05 8.76064e-08 0.00115129 0.0011872 1.13032e-07 
5.65588e-06 7.47931e-09 0.00363945 0.0026825 0.00101362 0.000117682 0.35343 0.00132818 0.000456831 0.000812895 0.000501363 2.52891e-06 2.19137e-06 0.000287631 9.9122e-06 0.0393655 0.00749381 0.00122847 0.0154274 0.00471978 0.000123772 3.20136e-06 0.000237121 0.526404 3.18828e-05 0.00256595 3.87537e-06 0.019493 0.018612 3.32759e-09 
