9.59136e-05 3.01523e-09 0.000209201 0.000120994 0.00282179 2.16055e-09 9.18333e-06 0.00288984 0.00331905 0.000170505 6.50039e-06 2.44428e-09 5.36979e-05 0.00257773 0.00153967 0.116317 5.22993e-05 0.00189898 6.10604e-05 7.61066e-10 0.00149687 2.77965e-09 7.61512e-05 1.53365e-09 4.88422e-07 0.863294 5.66642e-07 0.00277779 0.000207091 4.0746e-06 
0.000578313 0.000128672 0.0274057 0.0610836 0.00144365 0.00480772 0.000765007 0.000698502 0.00422932 0.0484477 0.058793 6.16373e-05 0.0177469 0.000995725 0.00151248 0.0260894 0.000905144 0.0344395 0.00504221 0.014579 0.0271491 0.000338024 0.00367316 0.00112615 6.51954e-05 0.591467 0.000158105 0.0395625 0.026654 5.40281e-05 
3.71211e-08 9.81974e-06 0.0659888 0.0559832 0.000358635 0.00353813 0.0486003 0.0059135 0.000296785 0.0416201 0.0479588 0.000104678 0.000267062 0.00475486 0.00389239 0.0310723 0.0107186 0.0930886 0.00279542 0.0554455 0.0124823 0.0010443 0.00277834 0.0137796 0.00105422 0.432486 1.60565e-05 0.0424518 0.0214897 1.00096e-05 
9.25488e-05 3.85841e-07 0.0291191 0.00199321 0.0122332 3.05451e-06 1.09013e-06 0.0101057 0.000453446 0.0103564 0.00117163 4.0664e-09 0.000439356 0.062662 0.000153821 0.318891 0.0034074 0.00436109 0.00029926 8.63446e-07 0.0249516 8.14299e-08 0.00274087 0.0493633 1.11818e-05 0.449623 9.20641e-05 0.00538799 0.0120753 9.97738e-06 
1.58149e-07 0.000300351 0.0184807 0.0369661 1.58445e-05 0.000252389 0.00305482 0.000102967 0.00015443 0.000187182 0.0300164 9.23274e-05 0.000402393 0.0225769 0.00050817 0.0164275 0.102318 0.0142263 0.0122782 0.00162698 0.00871376 1.72707e-07 0.000138876 3.62393e-05 0.0990999 0.50943 0.00167358 0.0952731 0.0255321 0.000113891 
7.56473e-06 0.00255203 0.00949927 0.00140843 0.000875708 0.000763373 1.44786e-05 0.00121208 0.00417766 0.00389791 0.110549 1.14427e-06 1.93509e-05 0.00291897 0.000854231 0.0221465 0.00165809 0.036016 0.00423151 0.00310644 0.0211946 0.000134534 0.00103434 0.00574845 0.00168887 0.742526 1.65e-05 0.000954207 0.0192175 0.00157566 
4.70021e-08 0.00108016 0.0367345 0.00604489 0.00605336 0.00026406 0.000919487 0.00155565 8.90766e-05 0.0415048 0.00499699 2.79938e-06 0.0155462 0.000875061 0.000389576 0.0431884 0.00191483 0.0386329 0.00111615 0.00272966 0.209686 0.0011306 0.00264228 0.00509453 0.00023379 0.497253 9.71385e-06 0.0439821 0.0363236 6.6128e-06 
1.74966e-06 0.0145841 0.0664756 0.0243061 0.000496513 0.00167645 5.19321e-06 0.00585067 0.00177261 0.026094 0.0489998 2.69584e-06 0.000123054 0.00126509 3.10886e-06 0.0400314 0.000143933 0.0879186 0.00250327 0.00907963 0.104424 0.00027564 0.000953439 0.0622226 0.000188055 0.474415 0.000103628 0.0132332 0.012831 1.91906e-05 
1.78879e-08 1.8918e-12 0.00950147 0.00447686 2.17643e-08 2.84682e-08 0.0352529 0.02623 0.000514725 0.0202327 0.00154584 5.90442e-08 1.46486e-08 0.0632678 3.50307e-13 0.0603331 7.13118e-08 0.153576 0.0145309 2.94149e-08 0.0477653 2.18699e-07 0.0168674 0.0104436 0.000614345 0.322928 4.06039e-09 3.51447e-08 0.21164 0.000278018 
2.62431e-07 3.37739e-05 0.0267342 0.084512 0.000329937 0.00113269 3.77864e-05 0.00500521 0.000977027 0.0225704 0.0467532 3.74487e-06 0.000191866 0.00108202 0.00548979 0.0271331 0.000465328 0.0558425 0.0142848 0.0144742 0.0968135 0.000641522 0.00535606 0.00361951 6.50184e-05 0.482485 1.82931e-05 0.0101243 0.0937805 4.25771e-05 
0.00362305 0.00179455 0.0319159 0.0333817 0.000289001 0.00306595 0.000307876 0.00411463 0.00203699 0.020365 0.0518917 0.00121967 0.00111743 0.00308968 0.000823457 0.0310412 0.00338141 0.0240159 0.00814724 0.00354378 0.0346717 0.000460516 0.000954188 0.00271527 0.000188637 0.656399 4.43526e-05 0.0616438 0.0136394 0.000117159 
3.28295e-07 3.88901e-07 0.020197 0.0238145 3.85666e-07 4.26566e-05 0.00753388 0.00162812 1.68785e-05 0.0130561 6.78854e-05 6.44837e-06 7.55121e-06 0.0178287 0.0287391 0.030205 0.000564517 0.00870942 0.0109741 0.000943925 0.00239154 2.09117e-05 0.125561 0.0459142 3.84018e-06 0.610027 5.668e-05 0.040303 0.010813 0.00057251 
6.0645e-09 0.000409468 0.0237224 0.00545495 0.00378088 0.0102461 2.318e-05 0.00119876 0.00114021 0.00681043 0.266045 8.09606e-08 4.9347e-07 0.0255619 0.0103862 0.0245945 0.00208104 0.0137865 0.00284477 0.0346221 0.0509465 3.99964e-06 0.00515875 0.00063291 0.00787751 0.480155 0.000112434 0.00754622 0.0147861 7.20467e-05 
0.00695404 0.0123832 0.0471563 0.0278634 0.00288799 0.00108921 2.61055e-05 0.00290915 0.00261613 0.0143351 0.0392506 0.00589695 0.00062115 0.00998942 0.000695053 0.0504388 0.00809328 0.0932271 0.00375264 0.00182007 0.0264945 0.000616381 0.000251684 0.00507606 0.00131567 0.505145 0.000518654 0.102799 0.0256318 0.000145573 
6.93787e-10 8.27256e-05 0.0429855 0.0623128 1.24779e-07 0.00435996 0.00261548 2.77849e-06 0.00122253 0.0688194 0.040247 0.0240521 0.00888331 0.0296807 3.36566e-07 0.0112443 0.068685 0.0662504 0.00341257 0.0208805 0.0639354 6.0958e-06 0.000638749 0.0311704 6.17594e-05 0.307622 1.36935e-05 0.0620586 0.0787171 3.87666e-05 
0.00011523 6.86699e-09 0.0703805 0.0665014 6.80987e-09 0.000809789 1.38639e-06 1.62448e-09 0.000110448 0.00840307 0.011632 0.0288529 1.31492e-05 0.0231804 2.65976e-06 0.00784427 0.0140503 0.229996 0.00638009 0.0012151 0.0117597 0.0494144 4.1469e-05 0.0620499 3.79509e-09 0.279628 0.000323372 0.115577 0.00528408 0.00643375 
1.81951e-07 4.33926e-06 0.0731773 0.0291796 0.00010534 0.0478758 0.00180313 0.00976971 0.00159718 0.0851301 0.113273 6.96628e-05 0.000151416 0.0183808 0.00108515 0.060021 0.00795647 0.0506857 0.00288099 0.0134082 0.0786428 8.67166e-05 0.00278022 0.0363968 7.68997e-05 0.258729 0.00086245 0.0738504 0.0319767 4.24176e-05 
3.30685e-08 1.39216e-05 0.0836474 0.00718095 8.34515e-07 7.96949e-07 0.00019 0.00131008 0.000337699 0.027149 0.0113852 0.0820518 0.000409566 0.142442 0.000467011 0.0214642 0.010096 0.0204073 0.00659859 0.00121101 0.00127775 5.00786e-05 0.000859609 0.000375099 3.40372e-06 0.356334 5.90606e-06 0.223402 0.000392204 0.000936951 
2.93279e-09 3.4742e-09 0.0238602 5.29197e-10 0.000166074 0.000288466 1.05114e-05 0.000431917 1.00338e-09 0.000133841 0.142287 1.46224e-06 3.89819e-09 0.0110973 6.43321e-10 0.00217697 2.60068e-06 0.107452 3.5582e-06 1.69056e-05 0.0498743 2.57165e-07 3.54456e-05 0.00550378 0.000202532 0.649891 2.67464e-06 0.00522569 0.00133528 3.02767e-09 
5.4404e-06 0.0209894 0.0874068 0.0034649 0.000160418 0.00775607 0.000846541 0.0264873 0.000739731 0.0168212 0.00198762 0.000324833 6.16579e-05 0.0922969 3.7644e-05 0.0726678 0.0138365 0.116161 0.0108293 0.00841632 0.0161163 0.00169061 0.00101591 0.0138818 0.000323621 0.242018 5.9589e-05 0.046533 0.196881 0.000182468 
3.49361e-07 6.19818e-05 0.0381916 0.0230882 0.00163868 0.000227279 7.72652e-07 0.00569115 0.00307288 0.040258 0.0550511 2.93864e-06 0.0392684 0.00174484 0.00138906 0.010831 0.00348736 0.0386181 0.0130718 0.00185823 0.0668139 0.00113999 0.000159871 0.00469973 0.00014891 0.543458 0.0081894 0.0843968 0.0134389 3.23445e-07 
6.07442e-07 2.52183e-07 0.187618 0.0230463 9.62405e-07 5.53743e-06 1.69462e-07 0.00828572 8.34257e-05 0.0257528 0.00231385 2.21331e-07 1.6157e-05 0.00152206 2.36937e-05 0.0204653 6.58501e-05 0.0168913 0.00108673 0.000388748 0.0132072 0.000513529 0.000143615 0.0131625 1.70003e-05 0.624816 1.82094e-06 0.0200451 0.0405223 3.29461e-06 
2.45593e-07 2.90932e-07 3.20821e-05 0.00829401 2.88512e-07 2.08466e-07 0.00010414 0.00233796 0.000987342 1.64753e-08 0.00051663 2.35842e-07 0.0106508 1.17806e-05 0.000141998 0.0329151 4.727e-08 0.101277 0.000101594 2.02453e-05 0.00236339 2.68201e-07 0.00274689 2.91829e-05 1.60786e-07 0.801597 2.74817e-06 3.04901e-05 0.0358375 2.53539e-07 
4.52212e-07 5.73992e-07 0.00875297 0.00344053 9.52669e-07 0.000208624 1.28124e-05 0.0234443 0.000626618 0.0222358 0.00139692 2.25005e-06 9.98014e-05 0.0441639 0.000607748 0.0628265 0.00286835 0.0220722 0.00199012 0.000343727 0.312513 0.00204947 0.0181477 0.00158424 5.95532e-05 0.340491 2.46858e-05 0.0180695 0.111902 6.32753e-05 
3.00776e-08 0.000164828 0.0274867 0.0531475 0.00540669 0.116823 1.30028e-05 0.000901282 0.00681565 0.0680124 0.0977697 6.61556e-06 0.00161264 0.0350103 0.00153399 0.0227663 0.0199472 0.0120116 0.00466599 0.00349026 0.240697 0.000319297 0.00108376 0.00256201 0.00345445 0.250008 0.000112026 0.0170266 0.00715021 1.62055e-06 
2.5931e-06 1.19997e-05 0.0422277 0.0738717 0.082952 0.00108881 8.19247e-07 0.00636394 0.00247141 0.0184613 0.00614843 2.62266e-05 0.0012487 0.0106766 0.00121521 0.142142 0.00403773 0.146862 0.0499867 0.00117891 0.106091 6.21413e-07 0.000317599 0.017718 2.66559e-05 0.248957 0.000226641 0.0295545 0.00414682 0.00198585 
3.4616e-08 0.0260634 0.0330772 0.00761107 0.00216899 0.147722 0.000261488 0.00467241 0.00135075 0.173447 0.0136214 4.54227e-05 8.00617e-05 0.0345594 0.00226315 0.028196 0.0223588 0.0107489 0.0144578 0.0148244 0.0581619 0.000512259 0.0154195 0.00091601 0.00261757 0.342467 0.000761996 0.00690349 0.0347106 3.5736e-08 
6.52765e-11 6.09243e-06 0.00256049 0.104062 0.00231073 3.83767e-05 1.02573e-05 0.000183851 0.000841301 0.00322108 0.184296 3.71871e-06 1.46688e-06 0.000392673 0.0156184 0.0176364 0.00096785 0.0190853 0.0159855 0.00139603 0.138586 7.2296e-05 0.00803847 0.00133946 0.00810204 0.241477 3.18395e-05 0.00609277 0.227642 1.22326e-08 
5.80138e-09 0.00161204 0.0134206 0.00184794 1.74035e-06 0.00115524 7.52268e-06 0.00343964 0.00039335 0.00191354 0.0131339 4.71824e-05 7.71105e-09 0.0261622 1.31703e-05 0.00342938 0.00291033 0.00689438 0.000742061 0.00199073 0.00145419 2.09064e-06 0.000674611 0.0129096 0.000579161 0.890124 1.44186e-05 0.00759162 0.00739965 0.000135352 
3.3369e-09 2.14076e-07 0.0645516 0.0260441 1.0498e-06 0.00408905 1.09124e-07 0.0135879 0.0016917 0.0180035 0.0119982 1.52793e-07 8.18723e-05 0.000645916 2.25347e-05 0.0526166 0.00310912 0.103926 0.0120516 0.0112413 0.209106 3.37549e-05 0.00283574 0.000145996 1.83731e-05 0.357217 8.01036e-05 0.044721 0.0621797 3.44486e-09 
0.0508356 0.0163536 0.0258547 0.00391179 0.00118971 0.00321577 0.000512434 0.00052373 4.23039e-05 0.0291511 0.164778 3.16888e-06 2.56396e-06 0.0161495 0.00894549 0.00372929 0.0326165 0.0109057 0.0183178 0.000846262 0.0785874 0.000465927 0.000470511 7.71471e-05 0.00121222 0.514493 0.000410811 0.00597597 0.0104223 1.21732e-08 
0.000476125 1.57889e-08 5.37143e-06 2.40499e-09 1.56576e-08 1.13135e-08 2.38677e-09 0.0048114 8.50618e-06 8.94115e-10 1.02552e-05 1.27992e-08 1.77158e-08 0.00383977 2.6422e-06 1.986e-05 1.84886e-06 0.00561926 2.08767e-06 3.98523e-09 0.00128579 6.92299e-06 2.22913e-07 0.000350854 8.72585e-09 0.983548 2.25768e-08 3.00179e-06 3.09564e-06 4.49565e-06 
9.82099e-09 9.46891e-07 0.0839155 0.000303077 0.00201772 0.00992383 4.84809e-07 0.0112387 0.00110834 0.00497691 0.00528968 6.31224e-06 1.73286e-05 0.0320281 2.21963e-07 0.101693 0.0260485 0.0340788 0.0331464 2.89847e-05 0.0161034 0.000211914 0.0014482 0.00474254 0.00221604 0.602579 8.71791e-06 0.00889775 0.0179695 1.01387e-08 
6.34595e-08 0.000457531 0.114108 0.0068484 0.00176002 0.000267576 0.00758945 0.0284611 0.0128321 0.0383886 0.00606337 0.000169273 1.76762e-05 0.0166974 2.23262e-05 0.0453441 0.0167844 0.0218106 0.0435487 0.00320743 0.0141539 4.60511e-05 0.000538086 0.00517795 0.000247877 0.47563 3.64375e-05 0.0158467 0.11099 0.0129545 
0.00104306 0.000150621 0.108399 0.00158696 1.1432e-05 0.00275433 0.0168264 0.00498907 0.000970326 0.142648 0.0326676 0.00121952 1.17231e-06 0.00112404 0.00218182 0.00311665 0.000947558 0.00612884 0.00241318 0.00133707 0.0139 0.00469747 0.000178987 1.98703e-05 5.92355e-05 0.563002 5.41532e-05 0.0840005 0.00356546 5.42436e-06 
6.75286e-05 0.01338 0.0636074 0.0272737 0.000244711 0.00334736 0.000182512 0.00416003 0.000828837 0.0245166 0.0686909 1.41596e-06 0.0426855 0.150657 0.00496631 0.0472903 0.00763586 0.021136 0.000689572 0.0200403 0.0550465 8.76185e-06 0.00167682 0.000424296 0.00719248 0.397675 0.000117158 0.0337097 0.00267189 7.56179e-05 
1.9406e-07 2.36001e-08 0.0558054 0.00484326 0.000108341 0.0386314 2.67021e-07 0.000733784 0.0010919 0.0832683 0.068622 0.000373028 0.000255108 0.138244 0.00160784 0.0230702 0.0175173 0.0458165 0.00409841 0.000996444 0.0130234 6.95049e-05 8.17144e-05 0.0223525 2.38376e-05 0.422642 0.0050091 0.0452358 0.00647484 4.07643e-06 
0.00635105 0.00741059 0.0179479 0.0327409 4.83628e-05 0.00701016 1.30497e-06 0.000270593 0.00274683 0.0101369 0.115353 4.8493e-06 3.28103e-05 0.00665101 0.000846249 0.0637343 0.00100824 0.0310719 0.00185597 0.00325145 0.0698389 3.62009e-05 0.00167499 9.18577e-08 3.76742e-06 0.470893 1.14316e-07 0.133288 0.0156387 0.000151856 
1.6976e-09 0.000194206 0.0597528 0.0200153 0.00104519 0.000398188 1.05265e-07 0.00233442 0.00224506 0.0248017 0.0428595 3.933e-07 0.122459 0.000746299 0.000122986 0.00360483 0.000587205 0.0284393 0.00792455 0.00206489 0.0380072 3.58519e-07 9.11615e-05 0.00103921 0.000115614 0.618303 3.15151e-05 0.00693544 0.0158799 5.63164e-07 
5.26904e-07 7.32177e-06 0.0722491 0.0289391 5.17797e-05 4.4725e-07 1.15524e-05 0.0227458 0.0016834 0.0020657 0.00809127 5.05983e-07 7.00349e-07 0.000827414 0.00670902 0.00460873 8.40317e-05 0.129925 0.000941256 0.00131612 0.0178265 1.31516e-05 0.00715378 0.000140616 0.00338928 0.650891 6.4373e-05 0.0137507 0.0264065 0.000105438 
0.00828159 0.0251661 0.0351947 0.0149428 0.000754883 0.0221223 0.00258091 0.00656504 0.00179065 0.0508102 0.204797 4.36646e-05 0.000534063 0.0410022 0.0037878 0.0737916 0.0178638 0.0379299 0.0103695 0.00655557 0.0303841 0.0157825 0.00216869 0.017948 0.000367682 0.326755 0.000137767 0.0168778 0.0245448 0.000148898 
0.000281184 0.000479665 0.0354958 0.0195452 0.00118077 0.00405891 0.00102227 0.00677509 0.00110328 0.102772 0.0256974 1.04584e-05 0.000630437 0.0109018 0.00135732 0.037788 0.00468327 0.0592745 0.0305036 0.00722695 0.0583317 0.000217845 0.0035844 0.00953317 0.00158471 0.522405 4.5415e-05 0.0139773 0.0392396 0.000293171 
0.000133253 5.99649e-06 0.039637 0.10853 0.00228676 0.0150582 0.000108487 0.000882768 0.000880364 0.0863462 0.112907 6.60199e-05 0.00344555 0.00110336 0.000519007 0.0259759 0.00176783 0.0406117 0.022922 0.022716 0.0282742 0.00145498 0.0125823 0.00405572 0.000182506 0.350562 0.000206412 0.0589468 0.0576766 0.000154755 
6.79602e-07 5.77095e-05 0.115904 0.0219818 0.000298603 5.76863e-07 3.75575e-05 0.000745992 3.63194e-06 9.30197e-05 0.0292604 6.52617e-07 9.0331e-07 0.0588509 1.9463e-05 0.000894022 1.00614e-05 0.00545543 0.000472516 0.000150132 0.0254073 7.42162e-07 2.06186e-05 0.000257553 9.30154e-05 0.729142 3.67581e-06 6.18014e-05 0.0106578 0.000117849 
1.32709e-05 0.000434368 0.0442429 0.0298621 0.000866771 0.0119855 2.94469e-05 0.00165728 0.0040664 0.0116268 0.0912112 2.9393e-06 0.0013119 0.00186515 0.00134506 0.0423034 0.000734105 0.0162538 0.0139389 0.00464355 0.0150381 9.88899e-05 0.00982656 0.00706502 0.000552966 0.668842 2.91417e-05 0.00467028 0.0154823 2.45174e-07 
0.000486057 0.00136866 0.0549515 0.039765 0.000410373 0.00142762 0.00491078 0.00843169 0.00283717 0.0294199 0.0528558 0.00109409 1.47421e-05 0.0161364 0.0128675 0.0565173 0.0140943 0.07055 0.0215276 0.0375601 0.154184 0.000192396 0.00578504 0.00487952 0.0135198 0.20861 0.000254542 0.0312265 0.153365 0.000757325 
9.15808e-07 4.02822e-08 0.0912282 0.00210394 1.50576e-06 0.00295302 1.42867e-06 0.0199291 0.0183413 0.253186 0.00332382 3.26545e-08 1.03353e-06 4.82711e-05 1.32629e-05 0.0110861 0.00073297 0.0645856 0.000633539 0.00439266 0.00839174 0.000628953 0.000159764 0.00672341 6.28295e-05 0.459276 0.00119692 0.0206581 0.0303253 1.45867e-05 
2.68149e-08 7.98554e-06 0.123666 0.0169437 3.15009e-08 4.85676e-06 1.01204e-05 0.00234335 0.000511391 0.00968138 0.174608 2.57502e-08 6.62661e-06 0.0105524 9.35448e-06 0.00851135 0.000211379 0.0340626 0.000484964 0.000438764 0.0327254 0.000100022 0.00347447 0.00150094 4.76581e-05 0.532737 9.41362e-06 0.0376639 0.00968712 2.76824e-08 
7.93321e-07 4.07783e-05 0.067674 0.0309624 0.00020598 1.87545e-05 0.000202686 0.00012617 6.95025e-05 0.0377514 0.157386 4.46406e-10 6.82387e-06 0.00139425 0.000899618 0.00918707 0.000145455 0.0427928 0.000284959 0.00150562 0.143765 2.43379e-08 0.000434975 0.000279293 0.00254848 0.486823 7.43485e-06 0.00541063 0.0100694 6.81356e-06 
1.07374e-06 0.00217432 0.0151984 0.0278591 0.0007449 0.000778799 1.0477e-05 0.000660449 0.00389811 0.022715 0.0424755 3.36915e-05 0.00202119 0.00146309 0.000301122 0.0209461 0.000366545 0.0109116 0.00315182 0.00528264 0.00911834 0.000297433 0.00144073 0.00203145 0.000117882 0.79889 4.27369e-05 0.0145981 0.012433 3.60767e-05 
5.42449e-07 0.00620064 0.0497916 0.0246627 0.000996871 5.95513e-08 0.0712643 0.00642541 0.000667375 0.0339224 0.0501741 0.000417488 3.54606e-07 0.0147489 9.10101e-05 0.0681673 0.00126824 0.0210255 0.000224892 5.95208e-07 0.00487138 0.000112699 0.000352535 2.83352e-06 8.14341e-05 0.578182 0.0126254 0.0510829 0.00170797 0.000930156 
2.32065e-07 6.6071e-07 0.0350981 0.00175979 1.59319e-06 7.94728e-10 1.0816e-05 0.00987789 0.000257595 0.000709763 0.0620106 6.6754e-08 1.24447e-09 0.000472641 1.05398e-07 0.00422387 3.7258e-06 0.0302182 0.0011805 6.4973e-06 0.0273443 0.000215066 1.54165e-07 0.00148368 0.000488132 0.792749 5.94441e-05 0.0301333 0.00165699 3.75588e-05 
4.38221e-07 9.89297e-09 0.00922564 0.00855287 1.4342e-05 0.000102653 4.37436e-05 0.00165633 0.00502857 0.0312404 0.00713427 1.57573e-05 1.11003e-08 0.086857 0.00214394 0.189137 0.151127 0.0498211 0.0862306 0.00879708 0.0311727 3.11589e-07 0.00612216 1.45557e-05 0.0175701 0.215632 0.00373754 0.0107731 0.0778475 8.61729e-07 
9.77375e-11 9.50852e-08 0.0130263 0.0169819 0.000163158 0.000639785 8.2735e-06 0.00100949 0.00114467 0.00256462 0.0751914 2.10851e-06 0.00361275 0.000150048 0.000422955 0.0239844 0.000332495 0.00967897 0.010179 0.00147336 0.0140254 2.8805e-05 0.000157496 0.00241241 0.00024623 0.815824 2.08321e-05 0.000455125 0.00626378 1.06498e-08 
0.000652135 6.30499e-06 0.105973 0.0171028 0.00089766 0.00793451 3.21791e-05 0.002067 0.000107734 0.0410701 0.202857 5.86733e-07 0.000452708 0.00679064 0.00148893 0.0201514 0.00134404 0.0254292 0.0402599 0.0147562 0.080258 0.000115964 0.00454363 0.0753462 9.76977e-05 0.301398 2.30477e-05 0.01964 0.02919 1.26981e-05 
7.66714e-08 9.14561e-07 0.00530197 0.0100936 0.000251867 7.878e-06 8.80829e-07 0.000380953 3.38164e-05 0.00857072 0.000868393 8.3511e-09 0.00108799 0.00194245 0.00025641 0.0147574 6.49512e-05 0.0235964 1.20802e-05 0.000128499 0.359805 0.000133636 0.000257904 0.00120802 8.02753e-07 0.549187 8.78642e-08 0.00101849 0.0210322 9.76434e-08 
0.00469879 4.38402e-09 0.133144 0.0065356 0.00775871 0.00532459 6.10224e-07 0.0135495 0.00333397 0.028742 0.0141149 1.04324e-05 5.50511e-07 0.105054 0.00262377 0.087483 0.0153294 0.100692 0.00120963 0.00140047 0.0270171 0.0891705 0.0105555 0.0418701 0.0241904 0.141302 3.65228e-07 0.0667943 0.0680906 3.52367e-06 
5.96899e-05 0.00194165 4.61298e-05 0.0688434 6.96329e-10 2.43524e-05 1.06145e-10 1.51824e-05 8.69998e-06 0.237636 0.00970016 5.69209e-10 4.25524e-06 3.30775e-05 2.93861e-06 3.14731e-05 0.082247 3.97205e-05 8.50674e-06 1.74222e-05 2.00158e-05 7.25051e-06 5.61911e-06 0.00010418 0.0345441 0.564645 1.00405e-09 1.11997e-05 3.46495e-06 6.11922e-10 
4.1291e-07 4.89136e-07 0.0312927 0.0219991 4.03371e-06 2.64722e-05 2.18699e-06 0.00260137 0.00254586 0.0985358 0.00132882 1.30302e-06 5.4883e-07 0.000419898 0.000517388 0.018454 5.58045e-05 0.00483861 0.0543066 3.64498e-05 0.0541155 1.29246e-05 0.00143 7.03797e-05 0.000586022 0.58584 1.7649e-05 0.0316589 0.0893 4.26269e-07 
0.0012061 0.00631237 0.0802157 0.0184595 0.00133399 0.014447 4.88447e-05 0.00494995 0.00170039 0.0396898 0.0202104 0.000111272 0.000131093 0.0459899 0.00211739 0.0141166 0.047921 0.0725111 0.00278466 0.0570373 0.0380255 0.000125277 0.00446892 0.000184975 0.000585022 0.491887 0.00299858 0.0263397 0.00401289 7.79994e-05 
2.03663e-07 2.30676e-06 0.0474093 0.0187156 0.00256257 0.00187412 5.85192e-06 0.00321495 0.00031989 0.00682876 0.080271 1.5642e-05 0.00395863 0.00204113 0.000331459 0.0321784 0.0105976 0.052964 0.0024058 0.000509002 0.0158913 0.0386057 7.24433e-05 0.100837 0.00220814 0.473294 0.00717824 0.0654623 0.0302099 3.51741e-05 
1.49443e-06 1.73185e-08 0.0924759 0.0031565 1.75559e-06 0.0349681 4.04194e-07 0.00128077 0.00361513 0.00511886 0.0435625 3.84959e-06 1.94321e-08 0.00177377 3.34659e-07 0.00351013 0.00231388 0.0890661 6.91994e-05 0.00027535 0.0743999 9.53717e-05 3.25466e-05 0.0420925 1.11678e-06 0.519131 1.27809e-06 0.0623591 0.020693 1.50926e-08 
1.04755e-05 0.000389288 0.0170385 0.0732637 0.00118323 0.00186463 6.23182e-05 0.000767379 0.00285403 0.0561074 0.0764664 4.68351e-05 0.00511764 0.000807537 0.000350176 0.0205129 0.00102203 0.0259389 0.0125459 0.015615 0.0188178 0.00111951 0.00117348 0.00149725 0.000185899 0.59931 0.000142088 0.0360888 0.0295944 0.000106496 
0.000980682 0.00144393 0.0263365 0.0268828 0.00537881 3.66264e-05 9.5763e-05 0.00720985 0.00988351 0.0118041 0.00908155 2.14591e-05 1.57947e-06 0.039679 0.000899744 0.0193175 0.000458156 0.0338143 0.0142313 0.00747663 0.0358666 0.0842448 6.15918e-05 0.014102 7.25047e-05 0.565 7.76281e-08 0.00655751 0.0790601 1.26804e-06 
1.75828e-05 0.000289918 0.0634874 0.0244681 1.47676e-05 5.06079e-07 1.48145e-06 0.0220205 2.35555e-05 0.0116401 0.0210119 5.04267e-06 1.18644e-05 0.0718776 0.0107623 0.0845113 0.00897884 0.0678825 0.00174642 0.00131478 0.0262616 1.81529e-05 0.0118493 0.00099325 3.88107e-05 0.526704 1.83405e-05 0.0185097 0.011975 0.013565 
2.10285e-06 0.000108062 0.0464704 0.00359592 0.00126011 0.000891345 0.0563198 0.0153275 0.0214843 0.0129705 0.00626518 6.04905e-05 2.73402e-06 0.0136949 0.000283352 0.0473254 0.019242 0.0380605 0.166043 0.0172713 0.00948095 4.2126e-05 0.000349039 0.0441108 0.000435434 0.350624 0.000177545 0.0297316 0.09618 0.00218957 
2.59823e-07 3.07788e-07 0.0281475 0.0230241 3.05228e-07 5.07356e-05 0.00538302 1.01331e-05 0.00090708 0.0335402 0.109268 0.000101581 0.000157997 4.38438e-08 9.85013e-05 0.00276791 0.000632221 0.0427847 0.0031448 0.0243889 0.0281869 9.94788e-05 1.03687e-05 0.000268291 1.70101e-07 0.514454 0.000409379 0.171473 0.00832824 0.00236161 
2.21332e-09 4.72176e-05 0.0532698 0.0252616 0.00271226 0.00033122 6.56419e-05 0.00248339 0.000191251 0.00409221 0.116033 0.000294249 1.28113e-05 0.00156654 0.00384419 0.033841 0.00265078 0.0304705 0.0179946 0.0133269 0.20292 2.9147e-06 0.00317523 0.0105396 0.00709663 0.34971 1.63939e-06 0.0431565 0.0748996 9.02015e-06 
5.0085e-09 5.93311e-09 0.0148091 0.0331134 0.0041227 2.01025e-06 5.13421e-05 0.00760206 0.00486304 0.0112114 0.00131837 6.66443e-06 0.210208 0.0154963 0.00047744 0.214306 0.00782296 0.0275068 0.0350505 0.00539415 0.0223998 0.000895093 0.00011283 0.000737178 5.47332e-05 0.322763 1.19721e-05 0.00209662 0.0575591 7.82327e-06 
3.41717e-07 9.53624e-07 0.0939512 0.106115 0.00112003 0.203101 5.46112e-06 0.038863 0.000303159 0.00763278 0.0101142 9.12436e-07 0.00203313 0.0704961 0.0922123 0.00804487 0.00280599 0.0219156 0.00603479 0.00531729 0.00783345 0.00146853 0.00590257 0.000182334 9.28014e-05 0.258019 5.91742e-06 0.0181804 0.0353713 0.00287564 
0.000106182 0.0088475 0.00628223 0.0143962 0.0013343 0.00396414 0.00732855 0.0032386 0.00102303 0.00395207 0.0124064 3.06009e-05 0.00323848 0.0646606 0.000232654 0.0736636 0.0148185 0.00851908 0.00493414 0.0125422 0.000503331 0.00136802 0.000220835 0.0232042 6.77889e-05 0.714822 0.00313505 0.00208206 0.00907691 5.62638e-07 
1.23961e-06 4.2308e-08 0.0121115 0.0157585 0.000245179 6.10055e-06 7.44108e-07 0.008721 0.000631786 0.0508286 0.012185 2.8701e-06 2.53188e-06 0.00530137 0.00298669 0.0201238 0.00347922 0.0446737 0.00752524 0.000375021 0.071225 0.00534033 8.86657e-05 0.00219479 1.11244e-05 0.392298 0.0287387 0.307934 0.00720961 3.43696e-09 
0.000298782 1.11086e-05 0.0437048 0.0114341 1.34807e-06 0.00300337 6.40449e-08 0.00514882 0.00104418 0.00135544 0.00501382 1.78491e-09 0.000706594 0.0157866 0.0010883 0.108887 0.00688272 0.208189 0.00139123 0.000436088 0.190474 0.000329012 0.00405981 0.00440083 2.38595e-07 0.324835 4.67825e-05 0.0137461 0.0477244 4.31949e-07 
0.000257277 0.00494733 0.0184524 0.100875 0.000174093 0.00678969 1.18096e-05 0.0112483 0.00751445 0.0300479 0.0170561 3.47316e-05 0.000158079 0.0551235 0.00225069 0.165945 0.0181314 0.0350378 0.0268202 0.00470709 0.0530659 1.9465e-05 0.000612383 0.00219273 0.000240047 0.386556 0.000120924 0.0137991 0.0377518 5.78204e-05 
4.36787e-07 5.17421e-07 0.000122522 0.0383905 5.13117e-07 3.70756e-07 1.26109e-05 0.000123613 0.000160795 0.000316635 8.36313e-05 8.67049e-05 5.80567e-07 0.000566599 6.57783e-06 0.000724885 0.000298233 0.000109517 0.00893829 0.000132014 0.0271009 4.76995e-07 2.02986e-05 0.0418678 1.7601e-05 0.772084 2.83093e-05 0.0917324 0.0170727 4.50919e-07 
3.12954e-06 2.0578e-05 0.0464129 0.0206141 0.000530077 0.00316948 4.2555e-05 0.00210618 0.000228618 0.0317209 0.0588739 6.08215e-07 0.000465234 0.011535 0.00567953 0.0247752 0.000697084 0.0287679 0.0735899 0.00646255 0.14124 0.000738165 0.0130686 0.0397445 0.000194484 0.448392 1.15434e-05 0.00625694 0.034654 4.91003e-06 
6.93787e-10 8.27256e-05 0.0429855 0.0623128 1.24779e-07 0.00435996 0.00261548 2.77849e-06 0.00122253 0.0688194 0.040247 0.0240521 0.00888331 0.0296807 3.36566e-07 0.0112443 0.068685 0.0662504 0.00341257 0.0208805 0.0639354 6.0958e-06 0.000638749 0.0311704 6.17594e-05 0.307622 1.36935e-05 0.0620586 0.0787171 3.87666e-05 
2.84141e-05 2.19713e-08 0.00171452 0.0194334 1.35562e-09 0.000621441 2.51243e-08 0.000322015 3.14587e-06 0.000198019 0.000209165 1.10815e-09 1.53382e-09 0.00596272 0.00187969 0.0355121 0.00418543 0.0293681 0.00139612 0.000238947 0.00882407 3.66883e-08 0.019702 0.00018456 0.000510716 0.509261 6.19217e-05 0.0460871 0.314295 5.22495e-07 
1.28595e-06 0.00121234 0.0131323 0.00564454 0.0013157 0.000295653 2.91262e-05 0.00402879 0.00166785 0.00539351 0.0328976 6.97194e-05 0.00432352 0.0133291 0.00368108 0.0143239 0.00839454 0.0208907 0.00833789 0.0024833 0.0299793 2.39042e-06 0.0022617 0.000814146 0.00121897 0.801757 9.70357e-06 0.0188544 0.00359282 5.73671e-05 
2.96211e-09 9.12675e-06 0.0475917 2.45918e-06 3.47975e-09 2.81629e-05 5.30438e-10 8.30086e-10 1.01341e-09 0.00457264 5.99779e-10 2.8445e-09 3.93717e-09 0.338394 3.25527e-07 0.00757571 1.77315e-05 6.86333e-06 1.67708e-05 8.85682e-10 3.38181e-06 3.23479e-09 5.6385e-10 1.49938e-05 2.13336e-05 0.361148 5.0175e-09 1.61918e-05 0.240575 5.81315e-06 
0.018224 0.00644509 0.00943787 0.00568309 0.00550804 0.000513036 6.20015e-06 0.013323 0.00536074 0.00699867 0.0279305 8.73264e-05 8.0865e-05 0.0164602 0.00240587 0.169626 0.011713 0.0777987 0.00210496 0.00230903 0.030307 0.000218977 0.00274738 0.00341248 5.53819e-05 0.48651 0.000685686 0.000978903 0.0929676 0.000101173 
0.00971135 0.00102702 0.00675728 0.00170682 0.000960865 0.187481 0.00876017 0.0170545 2.98153e-06 0.0042824 8.85859e-05 8.21172e-06 4.31213e-07 0.00291463 6.57248e-08 0.0124386 5.29573e-07 0.000580302 0.000876753 0.000207209 6.74785e-06 0.000113161 5.02299e-07 8.8938e-06 0.000667755 0.727709 1.24744e-08 0.0020977 0.0145358 5.57956e-07 
6.33945e-09 7.50976e-09 0.0204906 0.025922 2.33637e-05 0.0480872 1.54809e-05 0.00311452 0.000179851 0.0346862 0.127221 0.000169441 0.000147868 0.0142324 5.28975e-07 0.0204374 0.0199252 0.0215958 0.000639274 0.000958698 0.0586369 0.000390288 0.000628042 0.0586449 3.44532e-07 0.520561 8.0706e-05 0.0214257 0.00178527 6.54455e-09 
6.54725e-07 0.000336614 0.00196624 0.00364003 2.21246e-06 0.00123462 8.33057e-06 0.202823 0.00214724 0.000462175 0.000208093 1.33756e-06 5.14117e-07 0.000574624 0.000160032 0.131598 0.00116609 0.0366064 0.0225895 0.00173751 0.0669697 6.60859e-07 0.00210729 0.000959251 0.000555445 0.268741 0.000235617 0.00103187 0.252137 2.88775e-08 
0.00079648 0.0308865 0.0507267 0.00598879 0.000849023 0.00226861 0.00161904 0.0164154 0.00277784 0.0273488 0.0387474 1.13538e-05 0.000809495 0.055483 0.0085775 0.0279128 0.0204081 0.0373927 0.0296477 0.00428669 0.158141 0.000393743 0.00580959 0.124511 0.00195169 0.290952 3.45979e-05 0.0116729 0.0432077 0.000370579 
1.36206e-08 1.20449e-05 0.154783 0.00221041 0.00148862 0.026246 0.00223192 0.0212101 5.95508e-05 0.016687 0.0383241 1.46945e-06 1.153e-05 0.0255925 0.000101741 0.044538 0.00138099 0.0289041 0.00886755 0.00225891 0.0243548 9.12546e-05 0.000111205 0.00917441 3.46385e-07 0.429667 0.0096559 0.0915109 0.0605168 7.36867e-06 
4.45206e-08 1.58096e-07 0.00402005 0.00158124 4.54048e-06 0.0282012 1.00022e-06 0.0133214 3.07698e-05 0.0128655 0.00305204 5.15075e-06 0.000148029 0.00223815 0.00010586 0.0143055 0.000828372 0.00062531 0.000576405 0.000698996 0.0104413 6.13588e-06 6.64948e-05 0.000159803 1.4876e-05 0.891425 2.90184e-06 0.0133306 0.001943 1.30854e-09 
6.07442e-07 2.52183e-07 0.187618 0.0230463 9.62405e-07 5.53743e-06 1.69462e-07 0.00828572 8.34257e-05 0.0257528 0.00231385 2.21331e-07 1.6157e-05 0.00152206 2.36937e-05 0.0204653 6.58501e-05 0.0168913 0.00108673 0.000388748 0.0132072 0.000513529 0.000143615 0.0131625 1.70003e-05 0.624816 1.82094e-06 0.0200451 0.0405223 3.29461e-06 
1.06277e-05 0.00439304 0.15359 0.0482901 4.39308e-06 0.000829852 7.79271e-06 0.0314766 0.00043546 0.00848639 0.00428754 3.03408e-06 9.45447e-05 0.0118716 0.00477818 0.0244572 0.00173431 0.0636855 0.04716 0.00043064 0.0548135 0.003168 0.00168466 0.00149946 2.39387e-05 0.438561 4.33758e-06 0.0563227 0.0378866 9.32684e-06 
7.06395e-05 1.73974e-06 0.174765 0.00204519 2.72542e-07 1.66592e-08 6.64904e-06 0.0058623 5.24311e-05 3.60033e-05 0.00563748 4.40205e-07 0.000707265 0.000199754 3.58007e-06 0.00280855 0.000226981 0.0222675 1.30628e-05 0.000131372 0.00465346 1.09193e-05 3.73592e-09 0.0548758 8.8019e-05 0.447372 4.90583e-05 0.273868 0.00424663 2.02611e-08 
5.24781e-06 0.00124386 0.0307112 0.114634 0.00328699 0.00166779 0.00032036 0.178984 0.0141711 0.062998 0.0280521 3.30823e-06 0.00102281 0.0198392 0.00281936 0.0661759 0.0364225 0.031731 0.0243417 0.00846444 0.0572148 0.00102 0.00112865 0.00202873 0.00251535 0.184202 0.00017085 0.0482235 0.0765774 2.38062e-05 
1.0954e-05 0.00297581 0.0243402 0.0203753 0.0053149 0.0151674 5.50805e-05 0.00425631 0.000280052 0.0612371 0.0582059 2.16298e-06 0.00021159 0.0195243 0.00546674 0.0567775 0.0123258 0.0186817 0.011887 0.0235727 0.0833225 4.75967e-05 0.00202395 2.71865e-05 0.00371656 0.533417 1.45913e-05 0.0169562 0.0197995 6.22931e-06 
0.0021799 0.000445771 0.0489412 0.0747688 0.0013492 0.0079349 9.85313e-06 0.00141782 0.000198391 0.0123694 0.184516 3.23139e-06 0.000997322 0.00593291 0.0125495 0.0166144 0.00437862 0.0312341 0.0117247 0.0110031 0.0769238 6.55415e-05 0.00320147 0.000202907 0.00197512 0.410645 1.98242e-05 0.035103 0.0428635 0.000430452 
7.77309e-05 0.000137962 0.0844801 0.0188508 0.0180369 0.00103642 8.52486e-05 0.0052877 0.0111946 0.0325563 0.0280266 1.08138e-05 0.000518276 0.00981695 0.00329382 0.0490988 0.0105837 0.0610829 0.00414123 0.00797716 0.0257444 0.000334237 0.00115756 0.00744005 0.0207262 0.530181 4.76883e-05 0.0144728 0.051619 0.00198342 
0.000269033 3.08217e-05 0.0122736 2.35471e-07 9.54421e-07 0.00136435 2.20974e-05 0.00372225 0.000552658 0.000866381 0.0276429 2.12433e-07 1.22103e-09 0.00843726 0.000164479 0.0321867 1.13695e-06 0.0155116 0.0119732 0.00192748 0.0702352 0.00020528 3.52749e-05 4.02189e-06 3.67151e-07 0.789133 1.29429e-07 0.00285681 0.0205827 9.48357e-10 
1.08041e-10 1.17824e-07 1.12907e-06 5.34174e-07 5.8596e-07 3.26644e-06 1.2688e-05 0.000803879 4.14692e-07 0.00179299 2.36076e-06 8.38933e-08 7.67281e-07 0.00125264 2.76853e-08 0.0300232 1.05443e-07 0.0144929 0.0134048 6.18461e-05 0.173813 7.45384e-08 0.00737598 0.00286631 1.00411e-06 0.522758 1.09519e-06 0.000491113 0.230839 5.38712e-08 
1.86042e-07 3.1828e-07 0.00169546 0.00269677 1.29038e-05 2.94979e-07 0.00238763 0.00863373 0.000373578 0.00605028 0.00104002 6.57105e-06 9.91936e-07 0.0209418 4.66916e-05 0.0431781 0.000274012 0.115381 0.0463343 0.0253139 0.127228 0.000245585 0.00139197 0.0119229 0.000129729 0.441889 6.87004e-06 0.00427958 0.138421 0.00011672 
1.47019e-07 1.7416e-07 0.0607591 0.0223812 0.000279958 0.000239867 0.000708332 0.0308388 0.00118572 0.0143138 0.0147629 3.76408e-06 0.00135196 0.00661544 2.32532e-05 0.01234 0.000965869 0.0366885 0.00243246 0.00201795 0.00314692 0.000916305 1.61528e-05 0.00292928 9.32529e-05 0.539752 0.00570217 0.223134 0.0163825 1.84473e-05 
4.23268e-06 0.000262503 0.00603891 0.0226521 0.00837443 0.000594821 1.0281e-05 0.00661151 0.0423323 0.0275806 0.0329602 5.75604e-06 0.000258442 0.0497112 0.0414902 0.174424 0.0103213 0.0446977 0.00184346 0.00302445 0.134859 0.000235747 0.0232173 0.0221717 0.00116184 0.29196 5.30364e-05 0.00747904 0.0455102 0.000153628 
2.58794e-07 3.11476e-08 0.145807 0.000630365 2.78482e-05 3.24936e-07 0.00158302 0.00314454 0.00780805 0.0322885 0.00104365 2.80288e-06 0.00863945 0.00397697 8.97288e-06 0.0841714 0.0816316 0.0715597 0.00800196 0.00370104 0.0516765 2.35358e-06 0.000919708 0.000721535 0.000228603 0.301227 1.41357e-06 0.0138474 0.177338 1.05979e-05 
5.29361e-08 6.27084e-08 1.11845e-06 3.15672e-06 6.21868e-08 5.90371e-07 8.67105e-06 2.09231e-05 1.46278e-06 3.55114e-09 0.0022999 3.15291e-07 9.24463e-07 2.26664e-06 2.37773e-05 5.10414e-06 0.000683113 1.06176e-06 7.19934e-07 7.70641e-07 4.16774e-09 5.7809e-08 6.27011e-06 3.18956e-08 3.46563e-08 0.996937 8.96679e-08 8.36288e-09 2.04494e-06 5.46487e-08 
0.220029 1.10882e-05 0.117402 0.0379515 1.92702e-05 4.79503e-05 3.9354e-06 0.0256931 0.00318522 4.88932e-05 0.0380436 4.04016e-08 1.7929e-05 1.00577e-05 1.80828e-06 0.0205347 3.08424e-07 0.042732 0.00520453 3.10393e-05 0.00752917 5.19774e-05 5.43148e-07 0.0398726 2.01225e-06 0.258974 7.12656e-08 0.001564 0.181033 3.88785e-06 
0.000121099 0.0418975 0.18427 0.00553272 0.0141096 0.00294019 2.6491e-05 0.0254169 0.0330681 0.0883643 0.0154634 1.53211e-06 2.28471e-05 0.0134435 0.00013769 0.0579433 0.00226073 0.0181249 0.00501882 0.00207829 0.0296774 1.23181e-07 9.55939e-05 0.00249917 0.0010967 0.413025 1.2299e-05 0.00938927 0.0339567 6.45763e-06 
5.05292e-08 5.37259e-06 0.0813335 0.076978 6.44786e-06 4.28905e-08 9.04849e-09 0.0572137 0.00175681 0.0285757 0.023171 2.87363e-06 2.65682e-05 0.0283908 0.000113699 0.0217412 0.00435776 0.0740207 0.00595531 0.000134515 0.0390151 5.12197e-05 0.000111284 3.04454e-08 7.67747e-06 0.424162 0.00019244 0.0791185 0.0535574 5.2164e-08 
2.14854e-09 1.24928e-05 0.0591129 0.00460942 2.524e-09 0.000370956 1.66432e-06 0.00474802 1.39081e-06 0.201952 0.000184951 2.65201e-08 7.36339e-05 0.00233916 0.00210433 0.0461987 9.84518e-08 0.0711122 0.0042076 0.0080328 5.59717e-06 0.000185666 5.09443e-07 1.11929e-06 0.000878156 0.490278 2.4091e-07 0.00501727 0.0985716 2.21805e-09 
2.099e-08 7.60524e-07 0.00719026 0.00395776 0.00633888 2.8886e-06 4.62867e-05 0.00140235 0.00467295 1.72203e-06 0.114376 3.40081e-06 0.0555965 0.00498162 0.00165353 0.173912 0.00118177 0.00287158 0.00888137 0.000567712 0.0464927 2.20631e-05 0.0262314 0.000748955 1.20379e-05 0.472302 0.0274048 0.000736929 0.0384104 2.16691e-08 
3.33799e-06 0.000213603 0.0207742 0.0203471 0.000402845 0.000504148 0.0704214 0.000224929 0.00010951 0.00246999 0.0199177 0.000157438 0.000250064 0.00153884 0.000363192 0.00792242 0.00242666 0.0189504 0.0114568 0.00362564 0.0220245 7.72505e-07 0.00221516 0.00381009 0.000862171 0.773993 2.72409e-05 0.0116747 0.00331036 1.88637e-06 
2.25443e-08 5.63035e-07 0.0075907 0.0396323 0.0163634 0.0278739 3.19943e-08 0.00588735 0.000268428 0.00125417 0.0169675 2.16491e-08 1.78228e-06 0.0325976 0.00213759 0.0647642 0.0417621 0.0623759 2.8979e-06 0.00196449 0.145371 2.69234e-05 1.42132e-05 0.0132677 0.00192375 0.483203 3.02895e-05 0.0309282 0.00371996 7.02337e-05 
1.39487e-07 0.000181036 0.020602 0.0452885 0.182161 0.00368506 0.00017268 0.00222992 1.49602e-05 0.0169667 0.117441 3.15244e-05 1.85402e-07 0.0160368 0.000149286 0.0292218 0.000678831 0.0915178 0.00677131 0.000274402 0.0626322 9.1138e-06 0.00236977 0.000869692 0.00252317 0.391552 0.000162867 0.000152222 0.00630502 1.43999e-07 
3.97359e-10 1.03102e-07 0.0202071 0.00572263 0.000137519 0.000983614 1.31898e-05 0.00366047 0.000535977 0.0237535 0.0164886 3.51713e-06 0.000621467 0.0036717 0.00667727 0.0864952 0.00910396 0.0108852 0.0147598 0.0134029 0.146497 4.05642e-05 0.0014709 0.000237454 3.71596e-05 0.484198 0.000374794 0.0468888 0.103131 8.92271e-08 
5.00111e-07 0.12725 0.284442 0.00842634 1.50275e-09 1.08582e-09 0.000258372 0.0377585 0.000189842 0.018611 0.00066681 0.072737 5.99489e-07 0.0303205 0.00369565 0.0159124 0.00775591 0.0203299 0.0019869 0.000462525 0.0161488 1.66736e-07 0.000649707 7.70759e-10 0.00228383 0.303505 0.000616361 0.0434914 0.00249963 2.02277e-07 
0.023122 1.12923e-05 0.0189686 0.135636 0.0174594 0.0724483 0.00731476 2.44477e-05 0.00163885 0.0437387 0.113263 0.0242117 0.0316815 0.0037475 8.70861e-05 0.0255591 0.0341876 0.00840652 0.0173208 0.00137072 0.00225307 0.000208275 0.0245994 0.00171367 0.000108847 0.201314 0.00112663 0.147281 0.00690327 0.0342946 
7.10598e-06 0.000290774 0.0429314 0.0229818 0.000771597 0.0012725 0.00129166 0.0133388 0.00183423 0.0599734 0.0306223 2.80726e-06 0.0339091 0.012645 0.0019916 0.0173892 0.00587703 0.0380428 0.00698176 0.00279535 0.0520657 0.00324026 0.000227433 0.00548265 0.000450441 0.411449 0.0160446 0.201666 0.0141728 0.000250453 
1.25384e-06 0.0162321 0.215109 0.00864322 0.00267054 0.000887515 2.25619e-05 0.0131272 0.00393204 0.00220888 0.00781051 1.37991e-07 7.79358e-06 0.102662 0.000154635 0.0474009 0.00250025 0.0303994 0.00954338 0.0129091 0.147477 5.88794e-06 0.000194941 0.00180104 0.000368396 0.344821 2.88982e-05 0.0224621 0.00661853 1.48345e-07 
1.65783e-05 3.77555e-07 0.062416 0.049689 8.80469e-08 0.000665564 2.75287e-07 0.0056809 2.36452e-06 6.72582e-05 0.0456996 1.07502e-06 5.90931e-06 0.00154836 1.08204e-06 0.00451928 0.0131094 0.00354558 6.55699e-06 3.65242e-05 0.0164649 3.28143e-06 2.47973e-06 0.00456389 2.12375e-06 0.680778 1.26956e-07 0.0053667 0.105799 7.47099e-06 
0.000204626 0.00017322 0.0168873 0.0286306 0.00984327 0.169452 1.27285e-05 0.011989 0.00232015 0.0207049 0.115157 4.53917e-05 0.00346878 0.0226069 0.00679145 0.0920495 0.0219785 0.0214876 0.000451288 0.00217305 0.158713 0.0012553 2.1866e-05 0.0119121 0.00461529 0.23021 0.021596 0.0142989 0.0109498 3.11122e-07 
4.10981e-05 8.00381e-08 0.0555344 0.0262376 0.000765202 7.60209e-06 1.23983e-06 0.0424742 0.00038753 0.0506642 0.105972 1.6706e-05 2.11187e-05 0.000875533 3.92186e-05 0.0443433 0.00199466 0.0718303 0.0022022 0.00018432 0.0144899 5.3113e-06 0.00122242 1.1934e-06 6.04576e-05 0.488249 0.000148471 0.0664173 0.0245029 0.00131018 
3.05242e-08 1.22987e-06 0.0582398 0.106983 9.51795e-05 0.00174775 3.79743e-05 0.0713581 0.00475372 0.0789232 0.00718377 2.72056e-05 2.52014e-06 0.00844778 0.00505069 0.0591202 0.0144567 0.144538 0.0320818 0.00720035 0.0554792 7.36649e-05 0.00175996 0.0333343 0.0037486 0.157071 8.35341e-05 0.0758853 0.0709496 0.0013664 
0.00224296 5.90507e-05 0.0117438 0.00544853 0.00793331 1.45654e-07 1.93748e-05 0.00348548 0.000483824 0.0026342 0.00133738 1.91367e-05 5.27049e-06 0.0313182 0.000214337 0.130033 0.00099209 0.0613865 0.0030755 9.15039e-05 0.0226448 1.23796e-05 0.000915614 0.0052763 1.89251e-05 0.673365 0.000113698 0.0238231 0.0104199 0.000887195 
2.88797e-09 4.79577e-05 0.048737 0.025972 0.0028302 0.000307876 6.52014e-05 0.00293973 0.000182063 0.00559965 0.118134 0.000288799 6.76795e-05 0.00237966 0.0109574 0.040826 0.00210466 0.0380698 0.0178264 0.0128459 0.242046 2.79742e-06 0.00557575 0.0103177 0.00730041 0.291004 1.52629e-06 0.0328922 0.0801776 0.000499705 
7.37355e-07 8.73476e-07 0.152269 0.000132016 0.000423957 0.00352404 5.22433e-05 2.06632e-07 4.98066e-05 0.0010919 4.59704e-05 7.08077e-07 9.80074e-07 0.0464994 4.65346e-06 0.00663255 0.0588224 6.90354e-05 2.76098e-05 8.13948e-05 0.000506542 8.05231e-07 4.68194e-06 4.44279e-07 0.00288869 0.485942 0.000254143 0.233279 0.00688585 0.000508252 
7.30582e-06 2.11613e-06 0.000760082 0.0162968 0.000439541 0.0492893 0.000214927 8.02933e-05 0.000434158 0.0102623 0.363845 3.82808e-09 0.00265029 0.012022 0.000503746 0.0446157 0.0049187 0.00349445 0.00136359 0.000163398 0.0321789 6.68271e-05 9.62152e-05 0.000453679 1.81458e-06 0.445033 7.60155e-05 0.000631756 0.00361347 0.00648477 
