3.31739e-07 0.00502331 0.0185912 0.0120102 5.63042e-05 0.000457377 0.0114921 0.0242221 0.00146028 0.0250108 0.00066609 5.83936e-06 2.21959e-06 0.0111182 0.0226444 0.146823 0.170644 0.0728301 0.0606578 0.0439498 0.0392329 7.61567e-05 0.0115299 0.00130884 0.000132027 0.0022103 0.0234845 0.191316 0.0751321 0.0279117 
6.52431e-09 6.19962e-10 0.00661644 0.0262298 5.43808e-07 0.00945269 0.000144376 0.00166528 0.00234904 0.023689 0.00220205 1.54828e-08 1.07604e-05 0.0458333 0.000102946 0.0261348 0.0616789 0.0130699 0.00218484 0.0128538 0.00721172 1.55848e-05 0.000696959 2.61253e-05 1.39906e-05 0.000292805 0.259758 0.38305 0.114712 3.99232e-06 
6.48415e-12 7.68116e-12 1.90797e-06 8.16903e-07 7.61727e-12 1.35952e-07 0.094178 2.70762e-08 2.21838e-12 0.115699 0.00744861 7.41039e-08 8.61857e-12 7.9885e-09 1.42233e-12 4.34883e-11 1.40029e-07 0.00889396 0.00261167 0.0160045 0.00544589 2.69631e-05 2.77725e-08 7.21608e-07 4.24506e-12 0.00943321 1.10055e-06 0.739187 0.00106611 3.74197e-07 
2.20152e-07 0.0327609 0.0249476 0.00418082 0.056033 1.99768e-06 7.01623e-05 0.11998 0.00146699 0.022469 0.0336474 2.80045e-09 4.6106e-05 0.146551 0.00578336 0.177249 0.00811498 0.0239428 0.00210041 0.00347533 0.00834678 0.00345534 0.00514555 8.63798e-07 0.000560324 0.00283111 1.10731e-05 0.314454 0.00237293 1.18915e-06 
2.18927e-05 3.78537e-05 0.186673 0.0387618 0.00119925 0.000715073 3.77735e-06 0.0109791 0.0060669 0.0201827 0.0234531 0.000448615 8.95876e-08 0.0221555 0.0199737 0.0737893 0.0316114 0.0731316 0.00293266 0.0112799 0.0496619 0.0125267 0.000800053 0.0330093 0.000634577 0.0212406 1.92037e-05 0.3118 0.0468825 7.60373e-06 
3.6626e-05 2.14648e-06 0.0598781 0.154543 0.000289877 0.000465665 0.0250631 0.000619075 9.79979e-05 0.0291328 0.00310477 0.0317667 9.20706e-05 0.00246237 0.000824464 0.00245476 0.00294261 0.0289089 0.00140025 0.0267063 0.0076861 0.000181081 0.00431388 5.23347e-05 2.78503e-07 0.00192891 0.000651399 0.599073 0.0151063 0.000215111 
5.32381e-06 0.00306981 0.0699806 0.0373179 0.000330952 0.00122919 0.00818323 0.00526351 0.00155629 0.0583449 0.00124484 4.20678e-07 0.000811909 0.0407153 0.054736 0.0682707 0.0224264 0.0392965 0.00779843 0.0193554 0.112504 6.13558e-05 0.0121573 0.00287432 0.00682148 0.00381982 5.51121e-05 0.385755 0.0360113 2.96579e-06 
6.56841e-08 0.01289 0.254857 0.0189276 0.00872275 7.43349e-06 8.76316e-05 0.0124689 0.000776528 0.030399 0.0135955 1.15543e-07 0.00398184 0.0111963 0.000165294 0.0587692 0.0470931 0.0851199 0.00593346 0.00599382 0.0297148 0.00123541 0.00246228 0.00120337 7.46624e-05 0.00575051 6.46809e-05 0.326429 0.061305 0.000774834 
0.000233174 8.69749e-05 0.135216 0.034255 3.26661e-11 2.36031e-11 6.3846e-05 0.0116092 0.00199913 0.00443089 0.00152199 2.28734e-08 3.69601e-11 0.0603023 1.36406e-08 0.0218207 0.00962332 0.161104 0.0061894 0.000476514 0.0402601 8.34303e-05 0.000310401 0.00035824 0.000990847 0.0201508 0.000248095 0.264998 0.223668 2.60344e-08 
1.32815e-06 4.36593e-11 0.0170183 0.0113122 3.58687e-05 0.000136772 0.000856692 0.000830874 6.34464e-05 0.23498 0.0064268 0.000225867 2.6905e-07 0.0325719 0.00033914 0.00941963 0.0876905 0.0543763 0.00949068 0.0238139 0.100864 1.23815e-05 0.00624333 0.000277296 6.81623e-07 1.18687e-07 0.000312442 0.393407 0.00929147 3.25986e-07 
4.53362e-10 5.37055e-10 0.0813716 0.0731372 5.32588e-10 2.52327e-07 0.000315801 0.00139391 1.55106e-10 0.0144968 0.0125033 6.44792e-05 6.02597e-10 3.98052e-07 8.87857e-08 0.00142108 0.00177993 0.11795 0.000402114 0.134816 0.10371 1.37915e-05 6.90306e-08 8.5297e-05 2.96808e-10 0.198941 4.1423e-05 0.228032 0.0290781 0.000444907 
2.5038e-07 6.71736e-05 0.0174182 0.0161818 1.37713e-05 0.00897483 0.0258787 0.00287282 0.000131751 0.0132114 0.0151906 1.21352e-07 6.20459e-07 0.00871374 0.000111659 0.0114212 0.0148143 0.0476951 0.00101277 0.00833677 0.0380921 0.00468019 0.000294063 0.00256612 5.20995e-06 0.00482136 0.000236057 0.705075 0.0283732 0.0238094 
8.27779e-06 1.27503e-05 0.0514471 0.015464 4.1822e-06 2.84105e-05 4.24567e-06 0.0261111 0.000740998 0.0187552 4.39052e-05 3.8769e-06 3.83304e-05 0.0634076 0.000422282 0.0826392 0.0148428 0.176352 0.00262201 0.112197 0.0109011 0.000853893 0.000281694 0.00208821 0.000425322 0.00886985 0.000404575 0.401365 0.00966337 1.39915e-06 
2.5081e-06 4.22249e-06 0.0138527 0.00578629 2.75236e-05 0.00129085 0.030197 0.0162729 0.00588499 0.0832926 0.00474666 3.75731e-05 0.000801806 0.0139826 0.00127523 0.0233187 0.0756225 0.0210692 0.00178074 0.0186025 0.0340995 0.0392602 0.000900704 0.000903593 0.000301355 0.000643103 0.00186245 0.577558 0.0186788 0.00794335 
3.03453e-07 5.28696e-05 0.0220553 0.00280214 0.000122765 0.00014265 0.0848706 0.000528617 0.00103354 0.0726076 0.00119559 2.35835e-08 0.00026384 0.00451763 0.0341966 0.0171698 0.00440824 0.00230526 0.000691339 0.0212101 0.0722764 0.00897893 0.00648294 3.32699e-05 0.000135688 0.000452047 0.00034577 0.639554 0.0015536 1.27042e-05 
3.60811e-07 3.05743e-06 0.0425432 0.0283131 4.08634e-05 0.000400513 0.0191943 0.0190812 0.000567423 0.0531851 0.0246863 0.0010001 1.90845e-06 0.0421931 0.00246082 0.0234385 0.174967 0.0199128 0.00182239 0.00517127 0.0160298 0.000221184 0.000939453 0.00127519 0.000520009 0.00197236 0.000790576 0.397422 0.0093188 0.112527 
0.000551508 2.80724e-05 0.0106242 0.00639938 0.00243096 0.000447258 0.0504158 0.00494392 0.000705877 0.0534364 0.000923921 5.73441e-08 0.000366011 0.00442171 0.00592046 0.0179884 0.0538091 0.00660447 0.00508395 0.134996 0.0680778 0.00247657 0.00184013 3.93178e-05 0.000313471 0.00190064 0.00121172 0.545115 0.0174756 0.00145294 
2.96663e-07 1.24869e-06 0.00409292 0.00237834 2.54526e-05 0.0772516 0.0085743 0.00525246 0.000587513 0.0364786 0.00123217 1.44021e-09 2.33448e-05 0.0117363 0.0138387 0.0189719 0.0588285 0.0095811 0.00100328 0.0392738 0.0200329 0.00412815 0.00260143 9.98425e-05 0.000298458 9.02247e-05 0.000522877 0.656379 0.0267152 7.47551e-08 
1.89178e-08 0.0002771 0.0446549 0.0457781 0.00187871 0.00221056 0.00539812 0.0118226 0.000974481 0.038459 0.0238541 1.91209e-05 0.0107933 0.0997853 0.0203906 0.0490824 0.126651 0.010438 0.0014007 0.00989445 0.065339 0.000639425 0.0226857 0.0529677 0.00112767 0.00113992 0.000159184 0.313566 0.0326689 0.00594306 
0.00018584 0.000956777 0.111981 0.0506519 7.12773e-05 0.00951353 0.0229433 0.0105406 0.00138575 0.129667 0.0223539 4.70699e-06 0.000621091 0.0519229 0.00406065 0.0463741 0.0207101 0.0674052 0.0230408 0.0273321 0.0913981 0.00194873 0.00128658 0.0351141 0.00207979 0.0486218 0.000423981 0.151849 0.0648379 0.000717676 
3.88409e-07 5.47181e-08 0.0775202 0.0874792 0.00491539 0.00430158 0.0158747 0.000996843 0.00393434 0.1506 0.0056196 2.37915e-10 0.00144591 0.0835546 3.9293e-07 0.00761772 0.133083 0.0306437 0.000935377 0.0822492 0.0459783 0.00207766 0.000427606 0.00627649 0.000839892 0.00377186 4.10474e-05 0.167233 0.0825822 2.55768e-10 
9.94115e-06 0.0202911 0.207378 0.0102205 2.56346e-07 0.00048805 0.00316755 0.00411437 0.000996837 0.0566885 0.00410976 1.95965e-06 1.1477e-07 0.00785862 0.00350389 0.023612 0.00129311 0.0531243 0.018179 0.0264022 0.0829057 0.000371455 0.00154643 0.00867727 0.000353036 0.0281572 3.0068e-05 0.285151 0.151278 9.00068e-05 
8.74632e-10 9.92705e-09 0.00647582 0.00434516 0.0163833 0.000512481 0.000131761 0.00433693 0.000880161 0.154052 0.0171538 0.00104994 4.91143e-06 0.0387581 7.81731e-05 0.0301649 0.020603 0.0340161 0.00312178 0.00968674 0.0814114 3.36914e-05 0.0140406 0.000216095 8.41331e-05 0.00860306 0.00100551 0.408297 0.144553 6.08393e-08 
1.4403e-06 1.26311e-07 0.00705586 0.0193775 0.00267816 0.00675928 0.0143415 0.000665701 0.000277835 0.162181 0.0465646 3.98684e-05 0.00010782 0.0909083 0.000358031 0.0152914 0.241597 0.0196977 0.00978874 0.0241657 0.00892941 5.24961e-05 0.0106398 0.00302311 0.000384831 0.00749973 0.000219478 0.303188 0.00300485 0.00120121 
9.44589e-07 0.000117071 0.0322188 0.00522287 0.00255891 0.0018159 0.037051 0.00206081 0.00768412 0.21687 0.0105145 2.38064e-06 6.03773e-06 0.033301 0.00895327 0.0318098 0.0446986 0.0120144 0.102059 0.113065 0.0413824 0.00607699 0.0161186 0.00200477 0.00552195 0.00178101 0.00018374 0.224151 0.0404361 0.000319073 
3.77227e-10 4.28448e-09 0.0299149 0.029265 5.37229e-08 0.0310174 5.83651e-08 3.97619e-05 3.46153e-07 0.0241303 0.137143 0.000173131 1.16327e-05 0.00308614 2.03484e-07 0.000499561 0.00148696 0.00353674 0.00486609 0.000377318 0.0184626 0.000917629 2.61388e-05 0.220364 1.03895e-05 0.0412581 0.000143362 0.403038 0.0502252 6.17619e-06 
2.555e-08 3.56255e-05 0.00840804 0.00946308 0.0035598 0.00100549 4.40786e-05 0.00194663 0.278161 0.0257672 0.000637396 5.44005e-11 7.19168e-06 0.022627 0.0140281 0.0304595 0.0117506 0.200335 0.00488584 0.00236502 0.00917452 0.000515511 0.00465706 0.000914554 0.000537021 0.00020782 1.07388e-05 0.355467 0.0129821 4.75912e-05 
1.97604e-08 1.68906e-07 0.212207 0.0141199 1.61768e-07 0.000205506 0.000196508 0.00631179 7.79312e-08 0.241303 0.00320129 2.01785e-07 1.37397e-08 0.00236363 1.14342e-12 0.00209887 0.0524085 0.0148504 0.00153325 0.00386629 0.0960559 0.000568375 0.00062047 9.2367e-08 0.000467551 0.0152564 0.000895451 0.316216 0.0125418 0.00271152 
8.90591e-06 1.02038e-09 0.086205 0.00121894 0.000134664 0.0038266 0.0114739 0.0201225 0.0010753 0.0391613 0.0268617 4.16023e-08 4.78047e-07 0.017698 8.77408e-08 0.0368527 0.0196655 0.0262614 0.00170463 0.0147702 0.0166751 1.52632e-05 0.000930157 0.147614 1.21769e-07 0.0463707 0.000265542 0.453328 0.0277255 3.32776e-05 
0.000129106 0.000193027 0.0050298 0.00392741 0.00121723 0.000190566 0.168454 0.00328679 0.011991 0.027547 0.000718326 1.57299e-05 0.000264349 0.0154787 0.0118234 0.0268558 0.046698 0.0069554 0.101565 0.0598752 0.061576 0.000616968 0.00781175 0.000977142 0.000635829 0.000584842 0.000520208 0.407843 0.0255389 0.00167899 
1.1863e-07 1.0263e-09 0.00384034 0.013138 0.000422573 3.41946e-05 0.119057 0.000124073 2.34192e-05 0.124287 0.00414319 0.000539092 8.84384e-05 0.0236307 0.000726342 0.02595 0.206171 0.0293926 0.00372636 0.000834001 0.0100246 1.38884e-07 0.000154418 1.01649e-05 2.51884e-06 0.00427377 2.13075e-05 0.424078 0.000270309 0.00503628 
0.0002754 0.00382311 0.138911 0.00526279 0.000573321 0.000181885 0.0266417 0.00407389 0.000441789 0.214205 0.00115199 1.75026e-05 0.00852222 0.00748587 0.00220787 0.0214263 0.0288069 0.0496966 0.00532046 0.0955095 0.116583 0.00132686 0.000663128 0.00466567 0.000241709 0.00825484 0.000173339 0.235702 0.016644 0.00121155 
6.40439e-06 0.00286897 0.00478483 0.000991282 0.00385576 0.00114933 9.23973e-06 0.00179956 4.88683e-05 0.288479 0.00828138 9.09141e-05 3.5919e-08 0.0532019 0.000858237 0.0175335 0.201304 0.0177684 0.00177884 0.000969615 0.0328396 4.30393e-06 0.0310486 2.41119e-05 0.0020672 0.00199295 1.35756e-05 0.304733 0.009767 0.0117305 
5.75306e-11 7.82969e-09 0.0347819 0.0106671 6.75843e-11 0.000833689 0.101662 0.000440208 0.000174888 0.231362 0.00587844 0.000172388 7.64683e-11 0.0020547 0.00325611 0.0431815 0.0134108 0.0662949 0.00902416 0.00568617 0.0227848 0.0112337 0.000242182 0.0149977 6.06655e-06 0.00428889 0.000143981 0.393123 0.0237916 0.000506486 
1.48043e-11 1.87508e-06 0.00127085 0.00291215 0.0017238 0.00203436 0.0145149 0.0312818 0.00140044 0.0189171 0.00273267 1.61821e-08 0.000100717 0.0116679 0.0361604 0.0620813 0.093758 0.00435061 0.000434418 0.0115527 0.0226481 0.00080818 0.0144969 0.000436977 0.000385683 0.000285618 0.000187597 0.631381 0.0324741 3.43096e-07 
1.06165e-06 0.0422669 0.0630525 4.43036e-05 0.000288075 0.000229776 0.000240091 0.00314173 0.000752528 0.00558867 2.97767e-05 1.0195e-06 0.000402968 0.0732974 0.129706 0.0622516 0.00709048 0.00021044 0.00151993 0.00460068 0.00607888 2.89775e-05 0.00158146 0.00835309 0.132468 0.000153087 7.79823e-05 0.448018 0.000249304 0.00827533 
2.96663e-07 1.24869e-06 0.00409292 0.00237834 2.54526e-05 0.0772516 0.0085743 0.00525246 0.000587513 0.0364786 0.00123217 1.44021e-09 2.33448e-05 0.0117363 0.0138387 0.0189719 0.0588285 0.0095811 0.00100328 0.0392738 0.0200329 0.00412815 0.00260143 9.98425e-05 0.000298458 9.02247e-05 0.000522877 0.656379 0.0267152 7.47551e-08 
0.000103586 1.22685e-06 0.0414168 0.0186287 0.000147785 0.0107989 0.0105752 0.00952171 0.000386871 0.162604 0.0130293 2.53904e-06 3.43419e-06 0.0394684 0.00213189 0.0433358 0.00564845 0.0505881 0.00369966 0.00677073 0.0579396 0.000233531 0.0022243 0.00636227 0.000622597 0.00217401 0.000106128 0.481284 0.0301197 7.00164e-05 
0.0012297 0.00426925 0.185693 0.00780826 1.32028e-07 0.000103559 2.37116e-05 0.0567719 0.000750724 0.0317455 0.00380873 0.000170266 3.74319e-05 0.152103 0.000550657 0.0450328 0.0688331 0.073204 0.0124771 0.00285297 0.0382928 0.00016964 0.00752301 0.035712 6.94423e-05 0.00730412 0.0018275 0.243104 0.0134128 0.00511887 
0.00671643 0.0034496 0.10716 0.0797949 0.00243198 0.00624489 0.010248 0.00604012 0.00579258 0.0601088 0.0149097 0.00507787 0.00452709 0.0282781 0.00553386 0.0284493 0.0282129 0.0551451 0.0118761 0.0207593 0.0624908 0.000481396 0.0031979 0.00949968 0.0104722 0.00986151 9.89617e-05 0.385433 0.0276474 6.11917e-05 
0.00173089 1.02668e-09 0.0704533 0.131857 0.000439807 0.00248602 0.00877423 0.00884706 0.000304235 0.115124 0.0698219 0.00167488 2.37137e-05 0.00503803 1.18144e-06 0.0055727 0.193598 0.0498748 0.00103424 0.0057354 0.00682236 2.32832e-06 0.000176969 0.00150546 0.000177703 0.00278795 0.000177865 0.277238 0.0382242 0.000495184 
2.06774e-05 7.5475e-05 0.131425 0.0176744 0.000141336 0.00788274 0.0392804 0.00753503 9.44178e-05 0.133734 0.00505125 3.11576e-05 2.08505e-06 0.0162474 0.00019798 0.00227765 0.0624949 0.00612154 0.00243641 0.0116696 0.012912 0.000509422 0.000365408 0.000174541 0.00146516 0.00867204 0.00581775 0.480751 0.0426445 0.00229494 
5.57395e-07 2.31503e-05 0.0586642 0.00692974 6.20509e-05 0.00089506 0.00341564 3.39384e-05 0.0010359 0.0483891 0.00401891 1.61007e-07 1.22203e-08 0.00857628 0.00756838 0.00766099 0.0256449 0.0135335 0.000616326 0.352524 0.0070145 0.00112357 0.00540606 0.00260187 1.80178e-05 3.5936e-05 0.000134724 0.442666 0.00139863 7.92252e-06 
1.48143e-10 5.37884e-06 0.00337396 0.0016547 0.000923758 0.000172214 0.00132134 0.000975439 6.62111e-06 0.225721 0.0369598 0.000178939 0.0429651 0.0307291 0.000975926 0.00679851 0.0870817 0.000998485 0.00216189 0.000394814 0.011618 5.57957e-05 0.0148768 7.70931e-06 4.25343e-05 0.127219 6.52247e-06 0.343974 0.00364272 0.0551581 
0.000529324 2.39691e-07 0.279327 0.00831533 2.43429e-07 1.41003e-05 0.110328 0.0158343 0.00103288 0.00575515 0.0311286 8.97556e-05 1.42143e-06 0.0013004 3.29299e-05 0.0408991 0.000744861 0.023498 0.00163673 0.0119693 0.0398008 0.00317763 0.000597376 0.00578962 0.000228357 0.0110277 5.24302e-06 0.40645 0.000474931 1.09519e-05 
9.57787e-07 2.32428e-07 0.000898987 0.0214241 6.0878e-05 0.000360403 0.00465552 0.00632258 0.00456098 0.00306886 0.000790074 1.77043e-05 2.35251e-08 0.0173234 6.15521e-06 0.00589465 0.126945 0.0451803 0.000330884 0.00803951 0.03385 4.58367e-06 9.45864e-05 0.00213448 3.64494e-05 0.00791392 0.000189975 0.676337 0.0335572 1.55722e-07 
1.56548e-10 3.3341e-07 0.0951837 6.45596e-06 0.000341582 0.00222253 0.00123924 0.000436001 0.000393347 0.0595121 0.0899061 3.50695e-06 3.65485e-07 0.00374847 0.000221575 0.0124186 0.107738 0.0568167 0.1158 0.0663649 0.0298084 3.39769e-05 1.89408e-07 0.0184246 0.0448399 0.00573141 2.84006e-05 0.27519 0.0135884 2.43697e-07 
5.57395e-07 2.31503e-05 0.0586642 0.00692974 6.20509e-05 0.00089506 0.00341564 3.39384e-05 0.0010359 0.0483891 0.00401891 1.61007e-07 1.22203e-08 0.00857628 0.00756838 0.00766099 0.0256449 0.0135335 0.000616326 0.352524 0.0070145 0.00112357 0.00540606 0.00260187 1.80178e-05 3.5936e-05 0.000134724 0.442666 0.00139863 7.92252e-06 
2.47896e-05 3.33002e-07 0.00634019 0.0412469 0.000506673 0.000533608 0.000597794 0.0321954 0.00173708 0.0387296 0.0715871 8.48428e-05 3.73642e-07 0.0607271 0.036484 0.192502 0.10457 0.118404 0.00320463 0.000378047 0.00608939 0.000682607 7.06825e-07 0.00121018 0.00132281 0.00050685 0.000317671 0.269548 0.00878344 0.00168366 
2.5081e-06 4.22249e-06 0.0138527 0.00578629 2.75236e-05 0.00129085 0.030197 0.0162729 0.00588499 0.0832926 0.00474666 3.75731e-05 0.000801806 0.0139826 0.00127523 0.0233187 0.0756225 0.0210692 0.00178074 0.0186025 0.0340995 0.0392602 0.000900704 0.000903593 0.000301355 0.000643103 0.00186245 0.577558 0.0186788 0.00794335 
9.33077e-06 0.000798717 0.122379 0.0335244 0.000871453 0.00121252 0.0536225 0.00725515 0.000965009 0.130998 0.00660026 0.000195403 7.07153e-06 0.0166561 0.000413445 0.00558101 0.0270884 0.0395781 0.0191632 0.00192082 0.033614 6.98105e-05 0.00107306 0.00261579 0.000756771 0.0044744 0.000465982 0.445009 0.0349277 0.00815383 
5.82462e-07 0.00114704 0.0116839 0.01165 6.13017e-09 0.0114372 0.00261653 0.010724 7.63292e-05 0.0319365 0.176729 4.13248e-06 5.99001e-05 0.00348886 0.00762186 0.0223679 0.00481036 0.047885 0.000974654 0.00292398 0.00887735 2.49117e-05 0.00238621 0.00320441 0.0051777 0.0143285 1.56012e-05 0.608084 0.00973112 3.24596e-05 
7.58875e-07 2.81399e-05 0.020683 0.00230763 0.000555776 0.0016351 0.0107601 0.00477284 0.00255749 0.0196314 0.00333635 5.68583e-06 9.06805e-06 0.0304323 0.000982345 0.008657 0.0420939 0.0173619 0.00128997 0.00246596 0.00730083 2.13636e-07 0.000347252 0.000611026 0.297249 0.000407661 0.0228278 0.469385 0.0321439 0.000161244 
2.64555e-08 2.45102e-06 0.0197178 0.0298494 3.96687e-06 0.0138526 0.00175639 0.000443109 0.00624512 0.0203849 0.0112737 2.5475e-05 8.95051e-05 0.00182127 0.000363218 0.112196 0.0160949 0.0474984 0.00467923 0.178394 0.0514007 0.000315304 0.0093641 7.33295e-05 0.000120915 0.000651104 0.00258174 0.462712 0.00808977 2.73114e-08 
7.18592e-06 1.37347e-06 0.00935933 0.00501334 3.25737e-06 0.000325507 0.000115252 0.052963 0.000417451 0.236075 0.00173731 5.96966e-09 1.58993e-05 0.0341553 0.00109984 0.0341052 0.0367221 0.0269455 0.00119678 0.00316059 0.0134338 0.000123144 0.00268025 4.07331e-06 0.00011661 0.000857296 0.00529455 0.491373 0.0417312 0.000966628 
1.10527e-12 1.07344e-08 0.0229615 0.00630849 0.00159015 0.000273354 0.00595569 5.15802e-05 0.000495066 0.161634 0.00769718 4.30001e-09 2.4789e-08 0.0187665 3.25984e-07 0.00655551 0.00287837 0.0171942 0.000545486 0.00311686 0.0119843 8.1243e-05 0.00173782 0.00024861 9.50239e-08 0.000196574 0.000735181 0.724499 0.0043134 0.000179054 
1.6545e-06 1.17689e-06 0.025361 0.0232138 2.67797e-05 0.00163833 0.00206588 0.0755856 0.0207447 0.0575414 0.0132271 4.58909e-06 1.49831e-05 0.0157098 0.000417528 0.0562172 0.188009 0.086147 0.00136484 0.00383086 0.0316636 0.00590858 0.00149225 0.0151123 0.000152174 0.00317482 0.000109774 0.250442 0.120785 3.67487e-05 
1.38708e-06 1.56887e-07 0.194464 0.0412839 8.84233e-05 0.00442714 0.00199193 0.0458124 0.00215363 0.229666 0.00609369 3.94679e-07 4.28083e-06 0.0284897 0.000737799 0.0189445 0.00620706 0.00975894 0.00118355 0.0130286 0.0533502 0.00137507 0.0608054 0.00104962 6.94492e-05 0.0079302 3.9592e-05 0.249334 0.0216948 1.37481e-05 
1.26345e-09 1.49669e-09 0.00388679 0.00306094 0.00192321 0.000362769 1.58097e-05 0.00203205 0.00828732 0.104398 0.0112852 8.38206e-07 1.81831e-05 0.185505 2.77143e-10 0.0128216 0.023595 0.0658474 0.00155184 0.0312753 0.00533023 5.4343e-06 0.0836448 3.46321e-05 4.76238e-05 0.0238922 3.7047e-06 0.43112 9.09975e-08 5.37021e-05 
1.22501e-09 1.77973e-05 0.0265379 0.0197152 0.000713173 0.0032117 0.0460687 0.00720855 0.000915763 0.09896 0.00481846 1.55651e-05 6.28526e-08 0.0138503 0.00769772 0.0297926 0.0979726 0.0169125 0.000471818 0.0119957 0.0211922 0.00817853 0.0111318 0.000487848 0.00463134 0.00153507 0.000333415 0.537248 0.012617 0.0157683 
0.000102403 4.75686e-05 0.0866713 0.0283254 5.84605e-05 0.0486756 0.00492817 0.00812988 0.0053606 0.0188374 0.0164612 5.75763e-06 2.16358e-06 0.0305988 0.0106878 0.145446 0.0661862 0.022715 0.0500497 0.0668094 0.00112901 0.000469079 0.00501177 0.0352286 8.64086e-05 0.0327993 2.55868e-05 0.251664 0.0631936 0.000294778 
0.0242673 0.000643007 0.0871335 0.0528198 0.00024525 0.00132828 0.000911483 0.00115298 0.00188565 0.0480982 0.00912068 6.65504e-06 2.49259e-05 0.0212195 0.00574715 0.06171 0.00965589 0.085601 0.00245408 0.0107 0.121895 0.00521151 0.000990879 0.00342658 0.000200803 0.0264904 1.76304e-05 0.304815 0.111666 0.000560705 
3.32085e-10 5.8004e-07 0.00211542 0.0163868 0.00118287 0.000365923 0.000471091 1.65405e-05 0.000394247 0.0499884 0.000247826 3.18899e-10 2.49387e-06 0.0552266 2.86571e-07 0.00686373 0.178729 0.00809208 0.00025624 0.0751369 0.00810464 4.17648e-07 0.000141537 0.0837008 0.019575 8.36051e-07 0.000118583 0.489054 0.00318505 0.000641317 
1.07653e-09 1.95382e-08 0.0263284 0.00354985 0.000112273 0.00900837 1.92779e-10 1.60155e-07 3.68308e-10 0.0052394 0.0709224 0.000575671 1.4309e-09 8.97706e-07 2.36143e-10 0.00387848 0.000165719 0.0228444 8.52876e-07 0.000562937 0.00301984 0.000292928 1.78129e-08 0.301249 7.04787e-10 0.00643641 1.82353e-09 0.543949 0.00186277 1.69243e-07 
2.38105e-06 0.000220215 0.0134772 0.000528936 0.00139666 6.60849e-06 3.14947e-05 0.00403514 0.000171706 0.249854 0.000745941 4.91615e-07 3.72949e-10 0.0336097 3.24723e-06 0.0124135 0.0532044 0.00308547 0.00275148 0.0302528 0.00812313 1.69893e-06 0.000103302 0.266412 0.000138436 0.000134447 0.000310185 0.27699 0.0359478 0.00604752 
2.5936e-06 1.72466e-05 0.0181214 0.15525 8.02596e-06 3.25167e-05 3.91257e-05 0.000415869 0.000131941 0.140908 0.00419798 1.37496e-06 5.22334e-05 3.6422e-05 2.7636e-05 0.000694329 0.000303156 0.0316007 0.0034905 0.0850936 0.0246943 7.35228e-05 2.56048e-05 0.00124426 1.2004e-05 0.0031785 0.001023 0.446644 0.0826101 7.06353e-05 
3.07172e-06 3.94723e-08 0.194189 0.020998 3.22643e-07 0.00349676 6.03474e-05 0.0116535 0.000205816 0.0599479 0.0141119 1.92574e-07 5.10056e-05 0.0262967 7.70774e-05 0.0169812 0.00275736 0.219091 0.0100274 0.00769657 0.0381096 0.000132859 0.00232017 0.0122996 0.0193548 0.0282053 2.87559e-06 0.268486 0.041948 0.00149585 
8.74632e-10 9.92705e-09 0.00647582 0.00434516 0.0163833 0.000512481 0.000131761 0.00433693 0.000880161 0.154052 0.0171538 0.00104994 4.91143e-06 0.0387581 7.81731e-05 0.0301649 0.020603 0.0340161 0.00312178 0.00968674 0.0814114 3.36914e-05 0.0140406 0.000216095 8.41331e-05 0.00860306 0.00100551 0.408297 0.144553 6.08393e-08 
1.48023e-05 1.07867e-05 0.0455845 0.00772655 0.00964615 6.59762e-05 0.000165606 2.26484e-05 1.68808e-08 0.0148418 0.00161338 1.47056e-08 2.03546e-08 0.079635 0.00277799 0.0204054 0.192297 0.0617173 0.00214064 0.0139608 0.105438 2.43995e-07 3.74147e-08 1.37831e-08 0.000111805 0.00327326 0.000234108 0.425725 0.0125076 8.44231e-05 
3.54364e-06 4.28651e-10 0.006234 0.000262757 0.000526692 2.86638e-07 0.195228 0.00042941 0.00107851 0.0890878 0.000343905 5.60948e-08 4.96157e-08 0.00209531 0.00262903 0.0521806 0.113516 0.00983738 0.0140615 0.00370311 0.00129038 4.19035e-06 0.000617266 0.21894 3.6428e-05 0.000275366 5.03432e-05 0.2743 0.0131386 0.000129634 
1.26345e-09 1.49669e-09 0.00388679 0.00306094 0.00192321 0.000362769 1.58097e-05 0.00203205 0.00828732 0.104398 0.0112852 8.38206e-07 1.81831e-05 0.185505 2.77143e-10 0.0128216 0.023595 0.0658474 0.00155184 0.0312753 0.00533023 5.4343e-06 0.0836448 3.46321e-05 4.76238e-05 0.0238922 3.7047e-06 0.43112 9.09975e-08 5.37021e-05 
4.12987e-06 0.000108644 0.012824 0.0043383 0.000264461 0.000197138 0.28721 0.0080532 0.00339576 0.0585321 0.000506203 0.000100225 1.76421e-05 0.00948801 0.00591182 0.0231696 0.050251 0.0114776 0.0119117 0.0101543 0.0160038 0.00107501 0.012315 0.000400292 0.000624586 0.000942509 0.000408369 0.463201 0.00581294 0.00130078 
0.000403671 2.11705e-05 0.0182377 0.0491058 0.000101025 0.00345697 0.0325002 0.000812044 0.00202521 0.126469 0.0060912 0.00671029 0.000248376 0.0203148 0.000223648 0.0105482 0.17337 0.0687514 0.00308366 0.0102125 0.068641 3.75307e-06 0.000464325 0.00216501 0.000376802 0.0237744 0.00255995 0.277693 0.0877404 0.00389517 
1.03615e-08 2.39797e-06 0.0442048 0.00284788 0.000121209 2.89658e-05 0.00422904 0.00217528 4.02614e-05 0.0263095 0.0026595 5.98921e-07 7.95415e-11 0.00109547 8.94627e-07 0.000366488 0.0302426 0.0359059 0.00323661 0.00151039 0.00397207 3.06224e-08 1.00196e-05 0.000164635 0.000204585 0.000626964 0.00208171 0.778928 0.0590252 8.98774e-06 
0.000845053 0.000284049 0.0495867 0.0454102 7.59086e-05 0.000338431 0.00127012 0.000133988 0.000456884 0.0828873 0.00912775 0.01659 4.30091e-06 0.0193236 8.34221e-09 0.00165652 0.174795 0.0136792 0.00096642 0.00058393 0.00885112 1.4154e-05 0.0192451 1.04612e-05 0.000956005 0.0270851 0.000940876 0.417935 0.00392993 0.103017 
4.29159e-11 5.07043e-05 0.000973932 0.00131984 0.0014133 0.00181439 0.00678414 0.0214216 0.00550362 0.0160143 0.00219653 4.68802e-07 6.19014e-05 0.0130236 0.0560287 0.0735224 0.0643981 0.00762742 0.00144539 0.0104226 0.0401827 0.000333789 0.0151846 0.000543228 0.000520851 0.000391348 0.0010866 0.394129 0.263603 1.98335e-06 
3.50224e-07 1.49836e-06 0.0030055 0.00325604 0.000385219 0.00189394 0.00882823 0.00468265 0.00213606 0.0107962 0.000434009 5.79342e-10 3.41493e-05 0.00190684 0.0227191 0.0230561 0.00201377 0.00353381 0.000493736 0.0112598 0.00978303 0.00406351 0.0136969 0.000328989 0.000232076 0.000162828 0.00029089 0.8449 0.0261049 3.06502e-07 
2.5081e-06 4.22249e-06 0.0138527 0.00578629 2.75236e-05 0.00129085 0.030197 0.0162729 0.00588499 0.0832926 0.00474666 3.75731e-05 0.000801806 0.0139826 0.00127523 0.0233187 0.0756225 0.0210692 0.00178074 0.0186025 0.0340995 0.0392602 0.000900704 0.000903593 0.000301355 0.000643103 0.00186245 0.577558 0.0186788 0.00794335 
2.2717e-06 5.46882e-09 0.00793484 0.0207974 2.64294e-05 0.000459159 0.000159312 0.0069982 0.000122497 0.0694896 0.000863851 5.32752e-08 3.21349e-05 0.0929787 1.44924e-05 0.0073069 0.0254999 0.127405 0.00371803 0.00487009 0.181594 2.63821e-06 0.0071556 0.129236 2.16181e-06 0.00037787 0.00051088 0.185046 0.127145 0.000251138 
2.53984e-06 6.2895e-06 0.0359845 0.00279676 6.78634e-05 1.64013e-06 0.00702507 0.0257547 0.000480717 0.0823171 0.000957528 0.000496656 6.99783e-05 0.0155117 0.00024269 0.0498731 0.0882595 0.0147979 0.00538847 0.00190381 0.0151191 2.09322e-05 4.62971e-05 0.0713421 0.000168206 0.00821658 0.000648294 0.536371 0.0360605 6.81041e-05 
6.23478e-09 4.31397e-05 0.0569991 0.0101806 0.00538424 0.000520627 0.00488431 0.0211849 0.000722592 0.0512067 0.0124679 1.52501e-07 2.55733e-05 0.0170962 0.0378252 0.0552634 0.0458929 0.129245 0.00170499 0.0209714 0.132626 0.000487887 0.00915412 0.00370992 0.000317563 0.0025174 0.000441012 0.306698 0.0723595 6.99841e-05 
0.000533043 5.72453e-05 0.00988061 0.0445507 2.68459e-05 0.000533543 0.0075082 0.000595731 0.000192982 0.206473 0.00736344 0.00308003 1.01425e-05 0.00365172 0.00106187 0.00543365 0.0366244 0.0102075 0.00806085 0.0362098 0.0447744 0.00484153 0.00333558 0.000293599 0.00547831 0.00339866 0.000222237 0.500001 0.0289737 0.0266255 
1.27989e-09 0.00160552 0.0353906 0.0444855 0.00113397 0.000415117 0.000788293 0.083676 0.0787148 0.0556175 0.00217879 0.000328275 2.51766e-05 0.0868883 0.0272864 0.105203 0.0231585 0.0684302 0.00156089 0.00282123 0.0397917 1.06863e-06 0.00243555 0.000218701 0.00274007 0.0188323 2.55102e-05 0.229554 0.0486533 0.0380397 
1.12812e-05 1.91819e-05 0.0219743 0.0224397 3.73582e-05 0.000448704 0.00259601 0.028732 8.33332e-05 0.161891 0.00561226 6.70188e-06 2.8077e-06 0.0363453 0.000225377 0.0254971 0.0189847 0.0610425 0.0012654 0.0152941 0.0711077 0.000235155 0.0012239 0.00142739 0.00220211 0.0121957 0.000207693 0.495014 0.0138304 4.6818e-05 
3.31938e-09 1.42642e-06 0.029742 0.0213048 9.46374e-05 0.0214269 0.00451041 0.0181271 0.00334284 0.141659 0.0598981 2.08497e-05 0.000998763 0.124619 0.00644411 0.123495 0.136473 0.0476695 0.00965246 0.00807071 0.0561465 0.000270257 0.000658948 0.00324239 0.00328201 0.00583478 0.000704356 0.164609 0.00680806 0.000893203 
1.68272e-08 0.000888583 0.00370992 0.0143981 0.0046151 0.000439551 6.17396e-05 0.00376242 0.0014144 0.125604 0.0139598 0.0117882 0.0678803 0.11652 0.000711796 0.0488171 0.168201 0.0435089 0.00151982 0.00495373 0.0671447 1.97968e-05 0.0134493 0.00101268 0.000275197 0.00273856 0.000836513 0.186784 0.0948697 0.000115289 
8.35011e-07 1.5065e-07 0.0475776 0.0793754 5.21111e-06 0.000176306 0.0776118 4.54054e-05 7.94623e-05 0.0137856 0.00489181 5.77488e-05 6.45533e-08 0.00269085 5.51333e-05 0.0104131 0.0123171 0.0580635 0.00240409 0.0175985 0.0435913 0.000139274 0.000106655 0.0005455 9.37842e-06 0.00595345 0.000110172 0.598109 0.0242785 6.67963e-06 
3.50224e-07 1.49836e-06 0.0030055 0.00325604 0.000385219 0.00189394 0.00882823 0.00468265 0.00213606 0.0107962 0.000434009 5.79342e-10 3.41493e-05 0.00190684 0.0227191 0.0230561 0.00201377 0.00353381 0.000493736 0.0112598 0.00978303 0.00406351 0.0136969 0.000328989 0.000232076 0.000162828 0.00029089 0.8449 0.0261049 3.06502e-07 
0.000193161 0.116432 0.0671092 0.00258969 0.00699789 0.0012248 0.00421769 0.00405205 0.000271004 0.0176157 0.0074656 1.92116e-07 5.35402e-08 0.0307273 0.0313391 0.0221346 0.0189058 0.00314393 0.00793898 0.0020369 0.0394085 0.0010506 0.000912017 4.90452e-05 0.00245713 0.0035991 0.000174939 0.605222 0.00262494 0.000106849 
2.78572e-09 1.0074e-07 0.0225898 0.000880482 0.000129591 0.000276331 0.231483 0.00311403 0.00017572 0.20775 0.000979934 9.93436e-05 3.39185e-06 0.00504984 3.28952e-05 0.00122262 0.13547 0.00171343 0.00645258 0.00562351 0.00638188 4.78348e-06 0.000129194 0.00190427 0.00015276 0.00188893 0.0101433 0.337315 0.0161674 0.0028663 
3.18828e-11 4.09288e-06 0.034221 0.0391822 0.00013234 0.0028254 8.50823e-06 0.000365831 0.000263946 0.307226 0.0341799 3.24056e-05 5.00853e-08 0.0100182 0.00113622 0.023456 0.00670552 0.0278943 0.00138656 0.00882919 0.0731333 0.000351915 0.00203889 0.00264501 0.0121905 0.00034056 2.5517e-05 0.368205 0.0432015 6.03619e-08 
2.88803e-07 1.2921e-06 0.010668 0.067361 1.39472e-05 0.00111575 0.0258914 5.27433e-06 7.17024e-05 0.3085 0.00516671 0.000479779 6.20791e-05 0.0180308 6.92103e-06 0.000493653 0.119421 0.00538788 0.00211706 0.00328244 0.0558587 0.000768122 9.50572e-05 0.00013442 9.39351e-06 0.0116019 0.000186701 0.353865 0.00910801 0.000296077 
2.96002e-08 0.0122626 0.0104961 0.0105769 2.71776e-05 0.0254944 0.000266641 0.000123212 5.96085e-05 0.0161941 0.0693758 2.96846e-05 5.28751e-06 0.065438 0.0011534 0.0111292 0.0548889 0.0705851 0.00710471 0.00937295 0.0329712 0.00934219 0.00278401 0.00268765 0.0435292 0.0253056 0.000249343 0.39033 0.00746916 0.120748 
9.96271e-05 2.51772e-05 0.0985947 0.0555292 0.00972937 0.00164839 0.000279317 0.0265539 0.00019953 0.0105709 0.0101936 1.79487e-07 1.58963e-05 0.0576133 0.000129843 0.00526935 0.0276003 0.316148 4.3444e-06 0.000247541 3.75179e-05 2.04114e-07 0.000405719 0.00939593 0.000428003 0.00280614 0.00223489 0.361275 0.00288486 8.01341e-05 
2.78572e-09 1.0074e-07 0.0225898 0.000880482 0.000129591 0.000276331 0.231483 0.00311403 0.00017572 0.20775 0.000979934 9.93436e-05 3.39185e-06 0.00504984 3.28952e-05 0.00122262 0.13547 0.00171343 0.00645258 0.00562351 0.00638188 4.78348e-06 0.000129194 0.00190427 0.00015276 0.00188893 0.0101433 0.337315 0.0161674 0.0028663 
8.74632e-10 9.92705e-09 0.00647582 0.00434516 0.0163833 0.000512481 0.000131761 0.00433693 0.000880161 0.154052 0.0171538 0.00104994 4.91143e-06 0.0387581 7.81731e-05 0.0301649 0.020603 0.0340161 0.00312178 0.00968674 0.0814114 3.36914e-05 0.0140406 0.000216095 8.41331e-05 0.00860306 0.00100551 0.408297 0.144553 6.08393e-08 
4.21079e-05 0.00575112 0.103093 0.0414537 0.0589335 0.00838324 0.00417994 0.0139339 5.26156e-05 0.123533 0.0111926 4.2062e-06 1.25951e-06 0.103427 0.000889319 0.0103377 0.0244794 0.0567179 0.00259828 0.0157571 0.0315091 0.00148358 0.00016607 0.00732624 0.00119245 0.00645104 0.000170321 0.362706 0.00289159 0.00134409 
3.93812e-05 5.6315e-06 0.0293739 0.00357295 0.00029505 0.000447724 0.000293957 0.00599528 0.000187401 0.296635 0.0161555 0.000490287 1.46827e-05 0.0762355 0.00303052 0.0179759 0.0773887 0.0218565 0.0038746 0.00170349 0.021058 1.37233e-05 0.0213027 0.00112441 0.00227874 0.00397847 0.000571758 0.38627 0.00598437 0.00184619 
0.00127718 0.0236667 0.0761597 0.109773 0.0035193 0.000203672 0.00122709 0.0169495 0.00302272 0.150716 0.00483144 3.64978e-05 0.000148775 0.0491791 0.00657215 0.0262106 0.0813728 0.0912247 0.010193 0.00586511 0.06281 0.0029174 0.000930526 0.00780093 0.00112841 0.025924 5.86827e-05 0.186932 0.0487253 0.000624253 
4.37609e-05 0.000203962 0.00623298 0.00656007 0.00100832 0.000355076 0.159724 0.00399099 0.00220673 0.0222202 0.00381378 1.39023e-06 0.000367573 0.0170897 0.0181929 0.0813196 0.0959345 0.0318052 0.0244104 0.0527884 0.0393405 0.000877131 0.00812864 0.160154 0.000668843 0.00585083 0.000478121 0.249674 0.00653146 2.76033e-05 
5.16654e-10 1.56301e-06 1.43076e-06 0.0192219 4.12362e-05 4.38549e-10 1.46851e-07 2.35727e-05 2.42542e-07 0.00239306 0.000664449 4.9614e-10 6.86724e-10 1.14359e-06 1.13331e-10 3.43083e-11 0.013876 0.233402 0.00323928 0.0200217 0.0412 5.64214e-10 5.56247e-08 0.00608739 3.38244e-10 1.00748e-06 1.8126e-06 0.658525 0.00129414 3.09794e-06 
2.06829e-09 1.15673e-05 0.00289748 0.00389585 0.00307124 0.00357897 2.01293e-05 0.0147715 0.00190298 0.040186 0.00634825 1.7173e-07 3.75323e-05 0.111393 0.0189877 0.0617494 0.0751775 0.0938612 0.000717126 0.00122636 0.0147929 0.00121235 0.00483596 0.000807968 0.00061285 3.31385e-06 0.000261452 0.497553 0.0400478 3.8416e-05 
0.00056707 2.02075e-06 0.00659194 0.0340747 0.000589821 0.000521909 0.0343132 0.00340121 0.0128156 0.0374231 0.00719012 0.00805037 7.92457e-06 0.0253887 0.00629771 0.0497018 0.149867 0.0770768 0.00319352 0.00978271 0.0276844 0.00241936 0.0117675 0.0155393 0.000128813 0.0110803 0.000102977 0.343571 0.120044 0.000805506 
0.00108033 3.07257e-08 0.0361527 0.14655 8.53649e-08 0.00323862 0.00219589 0.0288903 0.00250751 0.0165696 0.0152687 1.71608e-07 4.83605e-06 0.00157337 5.7734e-05 0.0876366 0.00280371 0.130002 0.00570146 0.0244745 0.0268742 0.0032148 0.00173282 0.000371698 8.11396e-07 0.00354492 0.00056534 0.422702 0.0362462 3.91869e-05 
0.00366121 0.00189253 0.0472209 0.0361297 0.00545577 0.0148343 0.00338533 0.0112563 0.00144523 0.09107 0.0519666 4.82243e-06 0.000192055 0.0506985 0.0045982 0.0354891 0.0267019 0.0789222 0.0540836 0.0217867 0.049648 0.0023566 0.00178904 0.0104772 0.0390451 0.0345255 0.00192006 0.181348 0.137729 0.000366645 
0.000141259 0.000190822 0.01159 0.0289453 0.000176173 0.00435325 0.024853 0.00276839 0.000543183 0.0481548 0.00572228 7.7409e-10 9.93417e-07 0.00359883 0.00144668 0.0197619 0.0614913 0.0051464 0.0139483 0.18559 0.0185202 0.00486247 0.000854316 3.61163e-05 8.22129e-05 0.000556538 0.000262097 0.549575 0.00674462 8.38741e-05 
2.5081e-06 4.22249e-06 0.0138527 0.00578629 2.75236e-05 0.00129085 0.030197 0.0162729 0.00588499 0.0832926 0.00474666 3.75731e-05 0.000801806 0.0139826 0.00127523 0.0233187 0.0756225 0.0210692 0.00178074 0.0186025 0.0340995 0.0392602 0.000900704 0.000903593 0.000301355 0.000643103 0.00186245 0.577558 0.0186788 0.00794335 
2.31392e-08 1.91418e-08 0.0317671 0.0232362 4.90166e-05 0.00546923 0.0112002 0.0136071 0.00230962 0.168281 0.0107465 6.06618e-06 1.37137e-06 0.0565531 0.000786394 0.0266852 0.0478312 0.032907 0.00539429 0.0090806 0.0397984 0.00282089 0.00105124 0.0096174 0.00138793 0.0242297 0.000161371 0.459249 0.0150039 0.000768609 
1.48043e-11 1.87508e-06 0.00127085 0.00291215 0.0017238 0.00203436 0.0145149 0.0312818 0.00140044 0.0189171 0.00273267 1.61821e-08 0.000100717 0.0116679 0.0361604 0.0620813 0.093758 0.00435061 0.000434418 0.0115527 0.0226481 0.00080818 0.0144969 0.000436977 0.000385683 0.000285618 0.000187597 0.631381 0.0324741 3.43096e-07 
4.45924e-07 9.19013e-11 0.0270866 0.00138308 3.14974e-05 0.00016634 1.35461e-08 0.120042 0.0015535 0.0774616 0.00343835 7.44992e-11 1.36297e-07 0.0613703 0.00275479 0.22608 0.019371 0.0466311 0.00321443 0.00150791 0.119425 8.26083e-08 0.000354126 0.000334579 1.31648e-07 0.000466213 6.42983e-07 0.254654 0.0324427 0.000228817 
5.27667e-07 1.96142e-07 0.0207788 0.00352061 1.26907e-05 0.000333384 0.000373727 0.00285277 0.000457513 0.0770977 0.00285615 5.60373e-06 0.000219465 0.173638 0.0002005 0.0651911 0.15855 0.0482695 0.000454173 0.000167808 0.0337968 2.10838e-08 0.000462332 0.0134315 0.00111144 0.0338625 6.33471e-06 0.3342 0.0120649 0.0160846 
2.51545e-06 0.000224971 0.00156009 0.00162454 0.000502691 0.000205218 0.378723 0.00206993 0.00262704 0.00210606 0.000272509 8.13661e-08 7.83489e-06 0.00773625 0.0105932 0.0205886 0.0490665 0.00304601 0.0177441 0.0162872 0.0114942 8.6597e-05 0.0165559 0.000370795 0.000494143 6.34797e-05 0.000311002 0.45432 0.00129969 1.60717e-05 
6.47335e-10 0.00156832 0.0721799 0.00767963 0.000348082 0.000103954 0.000626649 0.00463123 0.00011015 0.190891 0.00900228 1.83255e-05 2.8973e-06 0.0329229 0.000860428 0.00768459 0.233228 0.0170436 0.0156432 0.0084022 0.029085 9.40537e-05 0.000280032 8.60694e-05 0.00881648 0.00402788 0.000496903 0.305036 0.00970211 0.0394275 
0.000654167 0.00910227 0.02813 0.0477319 0.00166501 0.00239531 0.00421751 0.014698 0.00559406 0.0725226 0.022208 0.000962261 6.32197e-07 0.018888 0.0151526 0.0316099 0.027326 0.0647452 0.0138708 0.0251269 0.253477 0.000224849 0.00230286 0.000846691 0.00135281 0.0119171 0.000181459 0.265895 0.0570027 0.000198631 
8.38006e-06 0.000664217 0.0432846 0.0604061 0.00284622 0.00496013 0.00468012 0.00325664 0.0026382 0.131617 0.0170579 1.73535e-05 0.000517457 0.0204659 0.0115564 0.0508137 0.00662802 0.15303 0.0417106 0.012093 0.0906997 0.00158392 0.0041906 0.000339795 0.00141063 0.00322727 3.88009e-05 0.191726 0.138131 0.00039999 
4.07306e-06 0.000572888 0.0204474 0.187177 0.00137518 0.0013656 0.00851203 0.00164317 0.0029592 0.0686633 0.0181528 0.000648784 0.0370127 0.0128958 0.00754089 0.0154283 0.0584924 0.0213545 0.0866462 0.100169 0.0502216 0.00170536 0.00690328 4.06399e-05 0.000211799 0.00344042 4.10473e-05 0.272544 0.0133631 0.0004683 
0.000233575 0.000154072 0.00500729 0.00677528 0.000489977 0.000143044 0.273766 0.0333998 0.00229106 0.0178121 0.00463071 8.84092e-05 9.26652e-05 0.0117012 0.0177104 0.040689 0.0961523 0.0193931 0.015903 0.0158618 0.0153094 5.97347e-05 0.0240245 0.000416745 0.00106627 0.000856847 0.00230925 0.386262 0.00474887 0.00265101 
3.54946e-06 1.25243e-10 0.0559148 0.00419324 1.04526e-05 0.000467287 0.0390371 0.00233666 0.0018578 0.148817 0.00232873 3.81629e-07 1.40528e-10 0.0308065 8.86966e-08 0.00557151 0.0534949 0.0470864 0.00483018 0.0132657 0.0880593 4.07332e-05 0.00829082 0.000756248 0.00138532 0.000839543 0.0039946 0.318279 0.00436885 0.163963 
1.0114e-06 0.000407881 0.00428773 0.00771951 0.000884685 0.00010995 0.229367 0.0254865 0.0144152 0.0437284 0.00360248 1.79908e-05 0.000349178 0.117753 0.00875236 0.0456088 0.106104 0.0167372 0.0147148 0.0141454 0.022244 0.000928274 0.0328627 0.00103871 0.00116875 0.000928025 0.00125188 0.279683 0.00504052 0.000661359 
3.52074e-05 0.00135216 0.0303934 0.00969497 4.22958e-06 0.00201527 1.59473e-05 0.0660115 0.00232955 0.0132936 0.00737034 1.58006e-07 4.39275e-05 0.0112745 0.000140172 0.0856652 0.0101909 0.0659995 0.00519775 0.00281932 0.0273656 0.000145753 0.000247468 0.00101345 0.00480721 0.0897994 0.000204652 0.506173 0.0562456 0.000150214 
0.00179357 1.0016e-10 0.0228088 0.0104163 1.87994e-05 0.000833145 0.0948574 0.00887437 0.000646733 0.147487 0.00324206 2.60141e-05 2.15553e-05 0.0014558 0.000491239 0.0626478 0.0209204 0.0381998 0.00251711 0.00173532 0.0317384 9.17749e-05 0.000652073 0.00811654 7.95558e-05 0.00366906 0.0001696 0.482848 0.0517632 0.00187814 
0.0014105 2.38668e-05 0.248904 0.00386544 1.84876e-08 0.000300162 0.00503169 0.00153462 0.000499417 0.181232 0.00904422 2.83405e-07 2.09178e-08 0.0324806 5.28999e-06 0.00148025 0.00032411 0.00622472 0.000201902 0.000754849 0.00310832 0.00113247 2.12164e-05 0.00142304 5.30912e-05 0.0640735 0.0109299 0.42443 0.00139426 0.000117033 
