4.61925e-08 4.3399e-08 0.0921428 0.00570946 2.15435e-07 0.0281911 0.00396878 0.000487643 1.52426e-07 0.0972814 0.124847 5.27141e-06 8.73106e-06 0.0020615 1.01926e-08 0.00267962 0.000273951 0.00533556 0.00947204 0.0235079 0.0712178 1.47974e-05 0.0010659 0.0270991 0.000158532 0.1012 0.000574148 0.185774 0.216922 1.5472e-07 
7.98759e-09 4.832e-07 0.00253009 0.0174322 1.19713e-05 0.000148387 3.07851e-05 0.00119117 0.00669813 0.0649758 0.00419726 2.34971e-05 3.03054e-06 0.032272 0.00613227 0.0368977 0.0167284 0.0281427 0.09261 0.000760094 0.102174 3.53081e-06 0.00822817 0.000250154 0.000192789 0.000397843 5.83542e-05 0.00373816 0.5408 0.033371 
7.52062e-12 0.00123145 0.00651669 0.0223132 0.000113049 0.00119224 3.69159e-05 0.00443986 0.00212526 0.0337595 0.00183444 3.7253e-07 0.000107586 0.00416544 0.00822127 0.0123702 0.00709512 0.0200109 0.00188442 0.00899505 0.0720748 7.60965e-05 0.00908844 0.000120437 0.000895225 0.000215178 0.000235414 0.0110908 0.769789 1.4573e-06 
1.40443e-09 1.6637e-09 0.000692621 0.0139659 1.64986e-09 0.000750457 5.31091e-05 6.73121e-05 0.00212436 0.119358 0.000100352 3.2928e-06 1.86673e-09 0.00441112 6.8536e-05 0.0152034 0.0324576 0.094976 0.139577 0.00214377 0.119981 3.25379e-06 8.11532e-05 0.0105982 0.000128854 1.19116e-05 0.00426025 0.00279222 0.435759 0.000430974 
1.8818e-08 2.35991e-06 0.0109157 0.0628917 6.69796e-05 0.00148488 4.39959e-05 0.00476663 0.000694501 0.00721262 0.029776 7.47025e-07 4.6765e-07 0.0107144 0.000675565 0.0233471 0.00186156 0.15072 0.0728117 0.0604264 0.164757 3.07203e-06 0.00108456 0.00368809 0.000727866 0.0517409 9.80679e-05 0.029951 0.309536 2.69428e-11 
1.53427e-11 1.81751e-11 0.0144484 1.67322e-07 4.6217e-06 1.97669e-07 2.46496e-06 0.0107943 0.0133919 0.157211 0.00195395 1.56949e-08 3.29777e-06 0.00559017 0.000773513 0.104032 0.01246 0.224089 0.000966184 3.17486e-05 0.0403391 2.19246e-07 0.000450378 0.000903582 8.42279e-05 1.42974e-05 2.35296e-07 0.000812973 0.411621 2.10658e-05 
9.01213e-07 9.00939e-07 0.127165 0.0145299 9.00951e-07 9.01435e-07 9.02426e-07 0.0148885 9.02186e-07 9.02595e-07 0.00451287 9.0127e-07 9.00724e-07 0.0604646 9.02367e-07 0.0175113 9.02407e-07 0.148378 0.0379837 9.02248e-07 0.103165 9.01077e-07 9.0241e-07 0.00541171 0.000812451 9.02117e-07 9.00184e-07 0.0747245 0.390437 9.01165e-07 
8.03958e-07 4.95059e-05 0.0225531 0.0196847 0.000475146 8.19728e-05 0.000136229 0.00251512 0.00179544 0.0555969 0.00730847 3.46048e-07 1.5295e-06 0.00409134 0.0285022 0.0211181 0.00109362 0.0836923 0.00363704 0.0318386 0.136001 1.74393e-06 0.0187751 0.000120997 1.2647e-05 0.0022688 0.000205425 0.00699973 0.551425 1.66398e-05 
1.15589e-08 7.97246e-07 0.000156475 0.0182786 1.3868e-05 1.17728e-07 4.7108e-05 0.000580217 0.0175453 0.0218291 0.00468831 1.97294e-05 2.19678e-06 0.0300855 0.0202367 0.0721172 0.0149671 0.0114405 0.00755182 0.000171478 0.0423694 2.90968e-06 0.0283939 0.000106507 3.82978e-05 0.000459345 6.76909e-05 0.000860373 0.577334 0.130635 
2.63785e-09 0.00011355 0.00122826 0.000999302 7.28185e-05 0.000593215 0.00745115 0.00180128 0.00870678 0.00555837 0.00160718 1.36803e-05 1.24961e-12 0.00215391 0.0223688 0.0282572 0.000950464 0.0232003 0.0143488 0.0110932 0.0325493 5.99698e-05 0.00322466 0.00185208 0.000339631 0.00615071 3.69832e-05 0.000343167 0.824908 1.70215e-05 
8.89569e-11 1.05379e-10 0.00616947 0.0179483 1.04502e-10 8.95855e-09 1.2912e-05 0.0353118 0.0742606 0.193077 0.00861224 8.54247e-11 1.18239e-10 0.0291449 0.026985 0.00932861 0.00346122 0.133356 0.0299381 0.0169127 0.0104211 0.000224022 0.000811698 0.000248519 2.47112e-05 0.00333646 4.22195e-09 0.0170775 0.375321 0.00801574 
2.89795e-07 2.87816e-09 0.0393503 0.0307155 0.00306884 0.000477805 6.49706e-06 0.00181922 0.000940915 0.0368811 0.0610846 2.2843e-07 5.51869e-07 0.00481815 0.0069478 0.0143428 0.00607335 0.0693845 0.00113818 0.0100387 0.210104 0.000323435 0.00695893 0.0050706 9.77223e-05 0.0173513 5.25179e-06 0.0132481 0.45975 9.43966e-07 
8.80865e-06 3.05748e-07 0.00466247 0.037294 2.31025e-06 0.00109235 0.0054169 0.00313475 0.00396821 0.0191657 0.00112151 6.14997e-05 3.2451e-05 0.0127443 0.00434171 0.072875 0.0165043 0.0506758 0.00842215 0.00365459 0.00892911 5.93697e-05 0.0165417 0.00123631 0.000657373 0.144364 3.02818e-05 0.0148718 0.568014 0.000116768 
9.86579e-13 0.000158964 0.00056121 0.000104742 6.74047e-05 0.000668419 3.89455e-05 0.000418558 0.00858693 0.00453784 0.00170575 2.20487e-06 1.31134e-12 0.00145281 0.0313162 0.0186704 0.00133064 0.0173405 0.0124518 0.0141542 0.0362275 3.03656e-06 0.00368156 0.000962929 0.000150223 0.000144435 5.17736e-05 0.000480431 0.844728 2.09904e-06 
5.60834e-06 0.000664674 0.00700693 0.0278886 9.96018e-05 0.000221076 5.96479e-05 0.00159092 0.0204886 0.0212888 0.00376782 1.52795e-07 5.48051e-05 0.0121036 0.0550101 0.026104 0.00538038 0.0418023 0.00357834 0.00969092 0.264377 1.28391e-08 0.00992576 0.000279302 0.000197878 0.000682343 0.000915559 0.0325185 0.45428 1.67297e-05 
3.54532e-07 0.00321216 0.00548152 0.0621781 0.000154657 0.0367674 4.24234e-05 0.000981523 0.00770359 0.039203 0.00939265 4.61221e-06 0.000342293 0.00873265 0.0678002 0.0227737 0.0105401 0.0325158 0.0135726 0.00880826 0.237907 0.000523596 0.0102066 0.00021525 0.00269432 0.00138746 7.44038e-05 0.0179584 0.398732 9.32066e-05 
8.38036e-08 2.5277e-10 0.017502 0.0189763 1.01956e-07 0.000342348 0.009858 0.000318455 0.000160642 0.019701 0.0288876 1.18943e-06 2.83618e-10 0.00168 4.68057e-11 0.0059721 0.0118144 0.339615 0.00715376 0.000242407 0.0148014 0.151274 1.14832e-07 0.00383848 3.72955e-07 0.0118309 2.71015e-07 0.00519476 0.341837 0.00899609 
6.59826e-07 3.11402e-05 0.00588472 6.2153e-05 6.40845e-06 5.81198e-09 2.08075e-05 0.000904914 0.0224113 0.0173057 0.000478648 3.03756e-09 1.5229e-06 0.000339729 4.06311e-05 0.00155967 0.000410063 0.0507695 0.0481458 0.021383 0.257504 1.12473e-05 2.6787e-05 5.04257e-05 7.80349e-05 0.00125017 1.49881e-06 0.00175961 0.569545 1.70631e-05 
7.95975e-09 9.42917e-09 2.3323e-05 0.00648471 9.35074e-09 0.0419994 2.96255e-07 3.74895e-06 0.0125399 0.0296745 7.33002e-06 7.6437e-09 1.05799e-08 0.00531619 0.00145132 0.0313073 0.142656 2.6741e-05 4.04389e-07 6.77552e-06 2.17753e-05 3.67548e-05 3.58143e-07 0.0664026 0.210159 1.3701e-06 6.38567e-07 1.55042e-05 0.451863 1.59067e-06 
3.29564e-11 3.90404e-11 0.014433 0.00124001 8.99872e-06 0.000457655 6.50778e-06 0.00596843 0.0109192 0.0748632 0.00783025 1.08862e-05 1.584e-06 0.00703272 0.00036843 0.10899 0.0426162 0.304952 0.00381976 0.00181623 0.0274753 1.07438e-07 0.000757976 0.00313922 4.01541e-05 0.000441788 8.05653e-05 0.011061 0.371659 1.00584e-05 
1.44635e-12 0.000113556 0.00118838 0.00815988 4.81516e-05 0.00322374 5.56858e-05 0.00072146 0.00825434 0.0183259 0.0109602 5.9879e-06 4.71701e-07 0.00175369 0.0252971 0.0232851 0.00255682 0.01839 0.016649 0.0110366 0.065728 0.000304005 0.00341979 0.00274166 0.000175277 0.00258047 0.000129155 0.000788259 0.774103 4.43093e-06 
4.54924e-05 1.64269e-12 0.0682411 0.0333252 3.73907e-05 3.39182e-10 0.000633655 0.0134324 0.00111567 0.133567 0.0209924 3.32083e-08 5.46402e-09 0.0111049 0.0127792 0.01079 0.0174678 0.128816 0.0031256 0.0567557 0.0468596 1.9983e-06 0.00430178 0.000162587 0.00136006 0.00154065 0.00019316 0.00655906 0.42562 0.0011711 
6.76083e-12 0.000144374 0.0069148 0.0402228 0.00225188 0.00236981 0.00290333 0.00024886 0.0119858 0.191993 0.00256561 1.19464e-06 3.58795e-05 0.0176426 0.0276302 0.056909 0.0201673 0.023061 0.00301451 0.0460164 0.132131 0.000793033 0.0163734 0.000225937 1.05315e-05 0.000637662 4.81304e-05 0.0394763 0.353961 0.000264748 
9.86579e-13 0.000158964 0.00056121 0.000104742 6.74047e-05 0.000668419 3.89455e-05 0.000418558 0.00858693 0.00453784 0.00170575 2.20487e-06 1.31134e-12 0.00145281 0.0313162 0.0186704 0.00133064 0.0173405 0.0124518 0.0141542 0.0362275 3.03656e-06 0.00368156 0.000962929 0.000150223 0.000144435 5.17736e-05 0.000480431 0.844728 2.09904e-06 
7.52062e-12 0.00123145 0.00651669 0.0223132 0.000113049 0.00119224 3.69159e-05 0.00443986 0.00212526 0.0337595 0.00183444 3.7253e-07 0.000107586 0.00416544 0.00822127 0.0123702 0.00709512 0.0200109 0.00188442 0.00899505 0.0720748 7.60965e-05 0.00908844 0.000120437 0.000895225 0.000215178 0.000235414 0.0110908 0.769789 1.4573e-06 
2.41925e-12 2.86586e-12 0.00134708 0.000219104 8.58793e-09 2.66001e-09 7.34966e-06 8.04518e-05 0.000749611 0.19604 4.69252e-05 5.91832e-07 3.21561e-12 0.00949951 0.0001632 0.00703807 0.0216273 0.124382 0.00995478 0.00102599 0.174598 6.78398e-06 0.00019534 0.00286775 2.15412e-09 3.55111e-09 6.36724e-05 0.000450931 0.449356 0.000278501 
5.83375e-10 2.21695e-05 0.00332895 0.0148092 1.81631e-06 0.000514712 3.5718e-07 9.84474e-05 0.000486947 0.0183716 0.394904 5.38437e-07 7.12487e-05 0.000211848 0.0168921 0.00161935 0.000158212 0.00142128 0.00224637 6.01058e-05 0.0831202 3.31413e-05 0.0013002 9.32851e-06 3.33618e-05 0.0533765 3.01809e-06 1.50615e-06 0.406682 0.000221803 
8.78578e-13 1.04077e-12 0.000262301 0.0792132 3.1171e-08 1.71227e-07 2.9399e-05 1.19635e-05 0.00314955 0.0357044 0.0217515 1.35843e-08 2.68603e-08 0.0137723 0.0351981 0.202574 0.00760553 0.0353237 0.00593667 0.00110414 0.0550649 4.12661e-09 0.0215725 0.00106449 2.99016e-05 0.000126036 4.98426e-05 0.0029212 0.476941 0.0005926 
1.8844e-07 1.37725e-05 0.00236232 0.0336825 0.000106776 0.00050398 1.04393e-05 0.0005008 0.00363095 0.0268714 0.00603906 1.26268e-06 2.28815e-08 0.00794048 0.0118254 0.0441217 0.00648004 0.0817784 0.00522158 0.0017534 0.0480561 7.82457e-07 0.00291423 0.000783091 8.50862e-05 0.00392635 0.000142828 0.0534342 0.657687 0.000125629 
2.24842e-12 6.62642e-05 0.00118242 0.0514427 2.08698e-05 0.000546082 0.000120315 0.000719328 0.0374023 0.0219773 0.00753841 2.30999e-05 7.39123e-06 0.00501069 0.0147972 0.0258215 0.0110917 0.0756727 0.00432942 0.009644 0.0352099 2.80074e-06 0.00316427 0.00209508 8.00384e-05 0.00137326 5.68679e-06 0.000559472 0.676554 0.0135419 
4.68094e-09 1.01394e-05 0.00988293 0.265376 5.56942e-06 0.000302696 6.27458e-06 0.0014128 0.00105901 0.0255652 0.093153 0.000180356 1.24622e-05 0.0010099 0.00114767 0.0416869 0.00399131 0.0700546 0.000319603 0.00481793 0.175393 1.05914e-06 0.00366791 0.0126954 0.000674455 0.00262792 2.1936e-06 0.00211076 0.282829 3.54692e-06 
3.49565e-05 0.00274335 0.0125085 0.0442164 3.77348e-05 0.000939617 0.00291786 0.00283229 0.00512387 0.0884414 0.012855 2.11191e-05 0.00358516 0.00945288 0.0205513 0.0475851 0.0117136 0.162655 0.00832108 0.0116893 0.186289 0.000780803 0.0145527 0.00231228 0.000286475 0.00571361 0.000126461 0.0261523 0.301233 0.0143283 
1.53427e-11 1.81751e-11 0.0144484 1.67322e-07 4.6217e-06 1.97669e-07 2.46496e-06 0.0107943 0.0133919 0.157211 0.00195395 1.56949e-08 3.29777e-06 0.00559017 0.000773513 0.104032 0.01246 0.224089 0.000966184 3.17486e-05 0.0403391 2.19246e-07 0.000450378 0.000903582 8.42279e-05 1.42974e-05 2.35296e-07 0.000812973 0.411621 2.10658e-05 
1.02974e-11 4.66222e-08 0.00628599 0.00822742 8.4215e-07 9.23317e-05 4.77309e-05 4.86693e-05 0.000165629 0.0215051 0.00823148 1.09632e-06 1.36871e-11 0.000930111 0.00224174 0.0043135 0.00210733 0.0368607 0.0740813 0.00828172 0.0331757 7.0846e-06 0.000753643 0.00042925 0.000217066 0.00382704 1.92179e-05 0.000630673 0.787414 0.000103964 
9.90947e-06 0.00303085 0.00287335 0.0336276 5.94797e-05 0.00220466 3.22807e-05 0.000338953 0.0309044 0.0118871 0.0329559 5.973e-06 1.77863e-09 0.00957417 0.00689083 0.0341274 0.000399705 0.031164 0.0137743 0.028681 0.00687205 3.16181e-05 0.0476094 0.00185737 7.64035e-05 0.00538724 0.000112983 0.000366856 0.687593 0.00755136 
9.39015e-12 2.08995e-05 0.00430529 0.0266896 8.49479e-06 0.000123961 3.10912e-05 0.00364706 0.00928003 0.0953362 0.000175906 1.26237e-05 1.93897e-05 0.0494497 0.00713363 0.048591 0.101795 0.0801346 0.000730384 0.000183781 0.0388294 1.50766e-07 0.00159528 0.00152717 2.13535e-08 1.90318e-05 4.58963e-06 0.00124724 0.527884 0.00122456 
8.43886e-11 9.99673e-11 0.00464811 0.0248532 0.000119628 0.000110517 3.6974e-05 0.00946812 0.0445999 0.12645 0.00173841 1.61387e-06 0.000128478 0.0503518 0.000391173 0.0829506 0.1932 0.0713432 0.0108395 0.0104485 0.0589983 3.68403e-06 0.00083548 0.0864913 0.000109123 0.000769759 9.90102e-05 0.000908455 0.219992 0.000114229 
0.000414161 0.000310505 0.0637726 0.0362367 1.49261e-06 0.000136464 0.000127034 0.00697876 0.00020758 0.0467552 0.0031952 2.30693e-07 1.81204e-07 0.000231542 0.00120161 0.00479584 0.0029038 0.0177866 0.0300669 0.010117 0.0182496 0.000118118 0.00103448 0.000258555 8.60919e-05 0.00247134 0.000121723 0.0753652 0.677027 2.84619e-05 
5.37759e-07 0.00034278 0.0447949 0.0601991 0.000428825 0.00356056 0.00182616 0.00653561 0.00603825 0.0958969 0.0400104 7.48537e-05 2.86318e-05 0.00467728 0.00682242 0.0311983 0.00876384 0.203155 0.0294632 0.0237013 0.122896 0.0203558 0.00177487 0.0067347 0.000487511 0.00846267 4.4062e-05 0.0293965 0.239563 0.00276535 
1.31804e-11 5.25618e-08 0.0190854 0.141482 8.29691e-06 0.0031099 4.27992e-05 0.000386129 0.00140326 0.0193943 0.0215545 4.29953e-07 0.000222782 0.000568625 0.000298752 0.0327921 0.00222472 0.0975261 0.0133969 0.124782 0.0479581 0.000441512 0.00682548 0.00189015 0.000362519 0.00287503 0.000262954 0.00742248 0.45368 2.92678e-06 
1.78754e-12 2.11754e-12 0.109642 0.0278016 2.88202e-05 1.23523e-05 4.2495e-05 0.00143054 0.000133602 0.0122006 0.00755912 1.49233e-10 2.37596e-12 0.0024848 7.71351e-06 0.00163782 0.000822916 0.257898 0.000418084 0.0639097 0.115389 1.7945e-05 3.39671e-05 0.0127196 0.0103215 0.000663915 5.32493e-06 0.0294116 0.345404 4.0743e-06 
1.42529e-07 6.97795e-07 0.103144 0.0691944 3.36783e-05 0.00128178 0.000805045 0.0084189 0.00477794 0.0237335 0.0130823 1.47888e-08 5.90445e-05 0.00523633 0.000395151 0.0365126 0.000879365 0.222501 0.0626105 0.0299123 0.0362801 0.00160591 0.00117582 0.00384729 0.000425449 0.0136807 0.00335441 0.0218406 0.334836 0.000374711 
6.59826e-07 3.11402e-05 0.00588472 6.2153e-05 6.40845e-06 5.81198e-09 2.08075e-05 0.000904914 0.0224113 0.0173057 0.000478648 3.03756e-09 1.5229e-06 0.000339729 4.06311e-05 0.00155967 0.000410063 0.0507695 0.0481458 0.021383 0.257504 1.12473e-05 2.6787e-05 5.04257e-05 7.80349e-05 0.00125017 1.49881e-06 0.00175961 0.569545 1.70631e-05 
4.90983e-10 1.75824e-05 0.111247 0.183332 0.000110119 0.00106193 8.97354e-05 0.00959581 0.000579971 0.0253319 0.113166 2.29415e-06 2.49345e-05 0.000721954 0.00962904 0.0250571 0.000564225 0.0480691 0.0119159 0.126 0.026318 0.000294234 0.00150425 0.0089802 0.000596236 0.0232371 8.40316e-05 0.0130208 0.259448 1.74639e-07 
2.15157e-06 9.89614e-12 0.0471448 0.23804 0.0289531 0.00107652 3.48206e-05 0.0108735 0.00149028 0.116547 0.0514408 4.46802e-08 5.63048e-06 0.000457401 0.0391425 0.0588515 0.00779708 0.0428129 0.019003 0.00369987 0.0310501 0.00377624 0.0164515 0.00169348 0.000192964 0.0038308 3.04372e-05 0.0365983 0.23874 0.000263689 
6.19137e-12 1.36665e-07 0.00173785 0.0610252 1.46089e-08 0.000518311 1.28186e-05 0.000231387 0.00796246 0.037353 0.00135192 5.34427e-06 1.3493e-07 0.00294376 0.0055833 0.0131527 0.00504407 0.0474735 0.0323039 0.00190267 0.185684 7.72268e-06 0.00203668 0.000148001 8.45074e-05 0.000699443 2.03111e-05 0.000783617 0.591886 4.72901e-05 
1.04713e-06 0.000362078 0.0125291 0.025393 0.000653971 0.0042922 0.00022049 0.0988812 0.00616347 0.0537622 0.00590606 8.35046e-06 0.00036215 0.0132953 0.03322 0.127686 0.0154573 0.0780948 0.00814751 0.0124943 0.0512731 0.00528968 0.0134541 0.00131641 0.000761991 0.014893 0.000223509 0.0387901 0.376712 0.000355277 
2.2377e-12 9.73221e-08 0.0141764 0.0085491 1.8115e-05 8.11558e-06 0.000537004 0.0224942 0.00470049 0.118659 0.000495991 5.93956e-08 9.77254e-09 0.00369483 0.000785044 0.010417 0.00801634 0.054178 0.0554753 0.193877 0.168428 2.62303e-06 0.000291095 0.000376814 0.00175969 0.000447369 0.000230879 0.00620369 0.32233 0.00384723 
7.01036e-10 2.22581e-07 0.00141381 0.0216558 3.27539e-05 0.00404134 1.18745e-05 0.00197555 0.0136393 0.0291757 0.00892342 5.60025e-08 3.72375e-08 0.0614007 0.000352616 0.0999566 0.101656 0.146123 0.00527347 0.00147103 0.0168149 2.6105e-06 0.00177519 0.0726953 0.000107985 0.000330947 9.1451e-06 0.00159244 0.409456 0.000111891 
8.79318e-05 0.00024798 0.015967 0.0454054 0.000116965 0.00048025 0.000457194 0.0269296 0.00633334 0.15774 0.00373816 1.93972e-05 0.000184504 0.0152401 0.0170853 0.0375425 0.0499692 0.0744624 0.127695 0.0081034 0.0807089 9.33329e-05 0.0113937 0.0166819 0.0012491 0.000517384 8.34243e-05 0.0114765 0.289223 0.000767602 
1.53444e-05 1.53918e-05 0.079027 0.0479104 2.51263e-05 0.00186164 0.00141688 0.00510432 0.018656 0.116132 0.0114649 0.000207177 0.000671572 0.00759699 0.00276726 0.0660138 0.0144088 0.107303 0.0843465 0.0193549 0.143175 1.63358e-05 0.00945798 0.000702864 0.000513141 0.00741159 0.000109419 0.0288148 0.181353 0.0441478 
1.6715e-10 9.20118e-05 0.0775768 0.140367 0.000137193 0.00211866 2.46464e-05 0.0221577 0.00124004 0.0185215 0.0777201 4.04055e-06 2.75605e-06 0.000378782 0.0002518 0.0321341 0.00179458 0.203683 0.00563982 0.017962 0.0946851 0.000115674 0.000376636 0.00331788 4.80422e-05 0.0416136 0.000175965 0.00477991 0.253078 2.54935e-06 
4.17746e-12 4.94864e-12 0.00537966 0.00199422 1.32219e-08 3.76926e-09 4.64558e-06 0.000215199 0.000334554 0.170176 0.000223009 9.05706e-09 5.55257e-12 0.00616416 9.87079e-05 0.00453986 0.0166963 0.199338 0.00643582 0.00138933 0.275665 6.78896e-06 1.58379e-05 0.00225562 6.02921e-06 2.72906e-08 4.80999e-05 0.00099724 0.307977 3.90277e-05 
7.3996e-09 8.7218e-08 0.0129157 0.168279 3.07773e-05 0.000903018 4.43566e-06 5.69914e-05 0.00121067 0.082779 0.0357806 0.00220403 1.53606e-11 0.000168099 0.00404803 0.00791235 0.00784266 0.0775639 0.0179361 0.0175585 0.0174215 2.83945e-06 0.030374 0.00277793 5.97697e-05 0.00942649 4.01081e-05 0.0028173 0.499884 2.50095e-06 
9.05631e-13 8.1656e-08 0.00133561 0.0570155 2.72963e-07 0.000257278 1.85352e-05 4.85404e-05 0.00488497 0.0357918 0.00144581 3.13678e-06 2.02941e-07 0.00142188 0.00546883 0.0152517 0.00208747 0.0191682 0.187706 0.00457475 0.138067 0.000224152 0.00154689 0.000378759 0.00083647 0.000215145 3.34155e-05 0.00170587 0.520437 7.52193e-05 
2.1386e-08 2.71265e-10 0.00614066 0.000314149 0.00012394 2.99143e-07 2.99145e-05 0.00574469 0.00675518 0.0185375 3.12019e-05 1.74582e-06 3.0437e-10 0.120529 0.0388651 0.181024 0.0609461 0.0671264 0.00212652 4.86177e-05 0.106287 1.86399e-09 0.153923 0.000974881 1.33887e-06 8.2125e-05 0.000138198 8.08086e-05 0.230118 4.80429e-05 
4.52366e-12 0.000262933 0.00084397 2.48648e-05 3.04902e-06 1.11593e-05 7.58426e-06 0.010527 0.0540714 0.10723 6.39229e-06 4.92618e-06 6.01274e-12 0.0255995 0.0360478 0.104328 0.00779864 0.0463487 0.00951562 0.000289314 0.0953776 3.23134e-06 0.00571119 0.000308936 4.22681e-07 0.00254179 0.00010622 0.000639979 0.492178 0.000211584 
1.02974e-11 4.66222e-08 0.00628599 0.00822742 8.4215e-07 9.23317e-05 4.77309e-05 4.86693e-05 0.000165629 0.0215051 0.00823148 1.09632e-06 1.36871e-11 0.000930111 0.00224174 0.0043135 0.00210733 0.0368607 0.0740813 0.00828172 0.0331757 7.0846e-06 0.000753643 0.00042925 0.000217066 0.00382704 1.92179e-05 0.000630673 0.787414 0.000103964 
1.21246e-08 2.05999e-09 0.00495857 0.0366621 0.000331381 7.44718e-05 0.0111616 0.00162056 0.0152252 0.0649877 0.0158828 7.04054e-05 1.43218e-05 0.00499575 0.0103471 0.0136317 0.0173853 0.177647 0.0227109 0.0130314 0.079314 0.000384513 0.0256602 0.00263027 0.000244807 0.0234984 3.03734e-06 0.00601668 0.450531 0.000978597 
1.15589e-08 7.97246e-07 0.000156475 0.0182786 1.3868e-05 1.17728e-07 4.7108e-05 0.000580217 0.0175453 0.0218291 0.00468831 1.97294e-05 2.19678e-06 0.0300855 0.0202367 0.0721172 0.0149671 0.0114405 0.00755182 0.000171478 0.0423694 2.90968e-06 0.0283939 0.000106507 3.82978e-05 0.000459345 6.76909e-05 0.000860373 0.577334 0.130635 
2.2377e-12 9.73221e-08 0.0141764 0.0085491 1.8115e-05 8.11558e-06 0.000537004 0.0224942 0.00470049 0.118659 0.000495991 5.93956e-08 9.77254e-09 0.00369483 0.000785044 0.010417 0.00801634 0.054178 0.0554753 0.193877 0.168428 2.62303e-06 0.000291095 0.000376814 0.00175969 0.000447369 0.000230879 0.00620369 0.32233 0.00384723 
1.69674e-08 1.03484e-07 0.00903627 0.105843 1.48736e-08 2.80251e-07 0.000249728 0.00150533 0.0135593 0.0576175 0.00567846 0.000892373 3.5262e-10 0.00854358 0.00235892 0.0850241 0.123268 0.145463 0.0042748 0.000445905 0.0199399 1.97803e-07 0.00411233 0.00143362 4.40372e-05 0.000592658 6.24123e-05 0.0184276 0.391501 0.000126618 
5.64561e-09 1.95612e-06 0.00190275 0.141304 0.000121671 0.000899263 2.52775e-05 0.00382858 0.00198926 0.0318759 0.00921977 1.02359e-05 0.0636465 0.0490844 0.0323007 0.077483 0.00168338 0.12046 0.0444457 0.00730543 0.170084 0.000524852 0.00267876 0.000160553 0.000407839 0.001428 2.16506e-05 6.33963e-05 0.237033 1.0267e-05 
8.6414e-12 1.05774e-07 0.00291141 0.00752273 5.35754e-05 0.00175936 0.00067065 0.000344894 0.010108 0.0280942 0.00331512 1.19659e-05 7.9066e-08 0.0128895 0.00681518 0.0240397 0.0243754 0.0225812 0.0338594 0.0152353 0.24898 9.2353e-06 0.00217123 0.000934506 4.4238e-05 9.56171e-05 0.000482198 0.0257682 0.526927 1.23096e-08 
1.02974e-11 4.66222e-08 0.00628599 0.00822742 8.4215e-07 9.23317e-05 4.77309e-05 4.86693e-05 0.000165629 0.0215051 0.00823148 1.09632e-06 1.36871e-11 0.000930111 0.00224174 0.0043135 0.00210733 0.0368607 0.0740813 0.00828172 0.0331757 7.0846e-06 0.000753643 0.00042925 0.000217066 0.00382704 1.92179e-05 0.000630673 0.787414 0.000103964 
1.71813e-10 2.03531e-10 0.217004 0.00268999 8.46023e-08 0.0175247 1.29072e-05 0.140063 3.04062e-05 0.0114109 0.00369609 1.64991e-10 2.2837e-10 0.00349827 2.38056e-06 0.0191894 0.00227932 0.211102 0.000431266 0.0242172 0.0324479 9.15496e-06 0.000131723 0.0106082 0.00202396 0.0165912 6.8721e-05 0.0210536 0.263913 1.42648e-06 
4.99877e-12 2.83823e-06 0.00180411 0.0208266 5.93868e-05 0.000705799 2.17418e-05 0.000952135 0.00268151 0.00494461 0.000895462 2.9509e-07 0.000191631 0.00179928 0.0109242 0.00934813 0.0014395 0.0115314 0.00206427 0.0091226 0.0616187 5.71105e-05 0.00342325 6.46867e-05 0.000785863 0.000165828 0.00019573 0.0133464 0.841024 2.85437e-06 
3.8674e-08 0.000181575 0.0297299 0.0247288 8.65783e-05 0.00199788 5.71062e-05 0.00132071 0.00439457 0.0304632 0.0240691 2.2335e-06 0.000319059 0.00685142 0.0192746 0.0230153 0.00275879 0.0697546 0.0145386 0.031564 0.154326 0.000150955 0.0226923 0.00368803 0.00215878 0.00286167 0.000151031 0.00561429 0.523123 0.00012577 
5.49574e-10 1.77714e-05 0.0146034 0.00264253 1.57533e-07 0.00105665 5.9286e-06 0.0094548 0.00368634 0.0353641 0.00381729 2.80479e-05 0.000184556 0.0315871 0.0166548 0.0710065 0.0410255 0.0332889 0.0021057 0.00753905 0.0409897 5.02516e-05 0.00668175 0.000292978 9.78304e-05 0.0300809 6.50845e-05 0.0436007 0.60382 0.000251577 
1.3407e-07 0.00253527 0.0159029 0.00654034 3.69289e-05 0.00102329 2.40877e-05 0.00249442 0.0087615 0.0729897 0.00634147 2.29532e-06 8.36564e-06 0.0112295 0.00260351 0.0106604 0.00742559 0.138646 0.0155712 0.0283473 0.178024 9.58675e-05 0.00152558 0.00348088 0.000204316 0.00175027 3.14298e-05 0.00680131 0.47686 8.21445e-05 
4.51406e-05 2.43028e-09 0.00161084 0.0370221 0.000660891 2.83976e-07 0.00189391 0.00239397 0.000134192 0.00643912 0.00328719 1.11281e-06 2.72687e-09 0.00513122 5.00585e-07 0.0313799 0.0250656 0.0769765 0.00144991 0.00254194 0.00627155 1.0797e-05 4.5534e-05 0.0015611 2.60999e-05 0.00259776 4.54335e-07 0.000793317 0.792429 0.000229969 
0.000127431 0.000677068 0.0226645 0.0333155 0.000851509 0.00200174 0.000523425 0.0119602 0.00400142 0.0589402 0.0159533 1.53451e-05 0.000532411 0.0140631 0.00877181 0.0393845 0.0135446 0.121077 0.0173143 0.0124634 0.234638 0.00938892 0.00821221 0.0118984 0.0071943 0.0142419 0.000316137 0.0215119 0.313289 0.0011268 
1.31144e-09 0.000413453 0.00611924 0.154457 5.65066e-06 0.00198842 0.000483684 0.00154626 0.000437993 0.0484133 0.0759195 6.75237e-05 1.55133e-05 0.0323964 0.00779552 0.0375361 0.0564875 0.0520099 0.023798 0.179852 0.0431903 1.19366e-05 0.00631743 0.0036886 0.00642203 0.00184212 3.13613e-05 0.00359292 0.254818 0.000343187 
1.90683e-10 1.48654e-11 0.0174025 0.132647 1.02687e-08 0.000189477 1.3217e-05 0.00219665 0.000536933 0.216139 0.000552061 4.92403e-05 4.90244e-05 0.00803574 9.80453e-05 0.0140088 0.0155584 0.0267553 0.104764 0.00486705 0.219127 1.39854e-05 0.000162842 0.000608042 0.000470568 0.000506316 0.000144576 0.000372453 0.234729 2.91358e-06 
4.28618e-05 0.000119974 0.0451015 0.00957465 0.000156724 2.18728e-07 2.70727e-05 0.01435 0.00328572 0.0210305 0.000598075 0.000331114 2.96032e-10 0.0520081 2.67758e-08 0.0729005 0.155109 0.215476 0.00351821 0.000646094 0.0481311 0.0014944 0.00241066 0.00476722 0.000758089 0.00483992 0.00074718 0.0534742 0.289022 7.85909e-05 
4.99877e-12 2.83823e-06 0.00180411 0.0208266 5.93868e-05 0.000705799 2.17418e-05 0.000952135 0.00268151 0.00494461 0.000895462 2.9509e-07 0.000191631 0.00179928 0.0109242 0.00934813 0.0014395 0.0115314 0.00206427 0.0091226 0.0616187 5.71105e-05 0.00342325 6.46867e-05 0.000785863 0.000165828 0.00019573 0.0133464 0.841024 2.85437e-06 
4.55957e-07 3.20809e-05 0.0411278 0.0336741 0.00022092 0.000688786 9.60058e-06 0.0111432 0.000617386 0.0716068 0.0566228 4.81905e-06 7.475e-08 0.0179528 0.00664861 0.00853535 0.000125248 0.081889 0.0260446 0.0173137 0.0999653 0.000778344 0.013781 0.000724461 9.25844e-05 0.0566267 0.00127496 0.0734617 0.379023 1.33679e-05 
7.52062e-12 0.00123145 0.00651669 0.0223132 0.000113049 0.00119224 3.69159e-05 0.00443986 0.00212526 0.0337595 0.00183444 3.7253e-07 0.000107586 0.00416544 0.00822127 0.0123702 0.00709512 0.0200109 0.00188442 0.00899505 0.0720748 7.60965e-05 0.00908844 0.000120437 0.000895225 0.000215178 0.000235414 0.0110908 0.769789 1.4573e-06 
0.000107928 7.28807e-06 0.038648 0.06112 0.00736987 0.00363879 0.00813947 0.00123944 0.011419 0.0616037 0.0819353 3.48891e-05 0.000408506 0.0049894 0.0131511 0.0208102 0.0122138 0.0503722 0.00606811 0.121914 0.120399 0.00225595 0.0118581 0.00619254 0.0586625 0.0140805 0.000132053 0.112907 0.166046 0.00227505 
1.02974e-11 4.66222e-08 0.00628599 0.00822742 8.4215e-07 9.23317e-05 4.77309e-05 4.86693e-05 0.000165629 0.0215051 0.00823148 1.09632e-06 1.36871e-11 0.000930111 0.00224174 0.0043135 0.00210733 0.0368607 0.0740813 0.00828172 0.0331757 7.0846e-06 0.000753643 0.00042925 0.000217066 0.00382704 1.92179e-05 0.000630673 0.787414 0.000103964 
1.97172e-09 5.30658e-05 0.010338 0.0653246 6.43469e-05 0.000727327 0.000149979 0.00281597 0.0293782 0.0550994 0.0140521 4.77066e-05 1.89972e-08 0.00169508 0.0151415 0.0248484 0.00570738 0.101757 0.00886794 0.00769964 0.106977 0.000719034 0.00520895 0.00212658 8.42784e-05 0.00338243 1.02825e-05 0.00077929 0.524655 0.0122897 
1.07838e-06 3.85543e-05 0.0312936 0.000681636 9.13107e-06 0.141702 5.24208e-05 0.0744389 0.13101 0.0829902 0.0257151 1.00667e-05 4.39484e-05 0.0464573 0.0012562 0.0513915 0.010356 0.0195258 0.00574941 0.00319389 0.0933403 7.23323e-06 0.0018 0.00113681 0.00115086 0.0574832 0.00948286 0.0182418 0.191431 8.996e-06 
2.41954e-07 2.04583e-10 2.89033e-06 0.0069246 2.02881e-10 1.46593e-10 3.09263e-11 7.98595e-07 7.09612e-08 1.15854e-11 0.00779985 1.65844e-10 2.2955e-10 1.95257e-06 3.78828e-11 0.00171342 8.6458e-08 0.123158 0.00813941 5.16382e-11 0.0299967 1.88599e-10 3.28743e-11 6.24453e-07 1.01871e-07 6.7071e-11 2.92537e-10 2.2591e-06 0.822259 1.78288e-10 
5.3295e-06 0.000836183 0.0288729 0.0517649 0.000528889 0.00202716 0.000253624 0.00198288 0.00115645 0.0388071 0.00544684 8.7038e-09 1.1541e-11 0.0260546 0.0328228 0.0249173 0.00678484 0.0917494 0.108139 0.0808051 0.214265 6.46574e-05 0.00602332 5.09477e-05 0.00868833 0.00344499 2.4862e-05 0.0498772 0.214606 1.61865e-09 
1.15591e-08 2.84423e-08 0.00667255 0.157012 7.58676e-06 0.00424962 0.00231264 0.000155182 0.0215402 0.0280661 0.00342914 6.22175e-09 0.000253563 0.0019346 0.00263371 0.0431266 0.00275296 0.0575898 0.00301395 0.109486 0.046271 0.0049609 0.00498514 9.08724e-05 9.37982e-05 0.00348154 0.000294905 0.0296139 0.465929 4.18316e-05 
6.58549e-12 7.80122e-12 6.41858e-05 0.0899842 3.38815e-08 0.000153697 3.21144e-05 2.10302e-06 0.00147107 0.0411527 0.00424598 8.36339e-06 6.44364e-05 0.0135603 0.00587379 0.0580752 0.0903602 0.0324086 0.00183028 0.000184094 0.0141812 4.49072e-09 0.00622177 0.0107712 5.02006e-06 6.47751e-05 1.88469e-05 0.000486981 0.628208 0.000571368 
9.86579e-13 0.000158964 0.00056121 0.000104742 6.74047e-05 0.000668419 3.89455e-05 0.000418558 0.00858693 0.00453784 0.00170575 2.20487e-06 1.31134e-12 0.00145281 0.0313162 0.0186704 0.00133064 0.0173405 0.0124518 0.0141542 0.0362275 3.03656e-06 0.00368156 0.000962929 0.000150223 0.000144435 5.17736e-05 0.000480431 0.844728 2.09904e-06 
5.48794e-07 0.00371546 0.0274296 0.0682552 3.09281e-05 0.000290563 0.000116324 0.000983806 0.0264726 0.0555581 0.00644398 2.41133e-05 0.00152487 0.0125351 0.010143 0.017326 0.0322576 0.0586158 0.154603 0.0307412 0.0927378 4.17663e-06 0.00216372 0.00135087 0.00243287 0.001562 4.08138e-05 0.00409686 0.383206 0.00533686 
2.17806e-09 0.000100908 0.0174604 0.0178035 0.00170301 0.000412632 0.000861523 0.0263346 0.00572599 0.0712266 0.0123371 0.000218918 3.24313e-07 0.0747755 0.0153201 0.0940467 0.0489845 0.0818229 0.0375272 0.0101346 0.127714 0.000943685 0.00913534 0.00728911 0.000723667 0.00169588 0.00797765 0.0142675 0.300058 0.0133985 
2.55784e-12 1.19596e-06 0.0220207 0.00122671 4.658e-05 0.000871293 0.000155786 0.00561264 0.00307819 0.178415 0.00285361 0.000354244 2.17655e-09 0.0199049 0.0176051 0.05428 0.0264358 0.0597826 0.0296367 0.0127036 0.114879 3.60807e-06 0.0240864 0.00294056 0.00199772 0.00134502 6.97848e-05 0.000161536 0.410934 0.00859726 
5.63442e-09 0.000647924 0.0153235 0.0454652 0.0017305 5.58251e-05 1.05183e-05 0.000577084 0.000242111 0.0605325 0.0777297 8.05974e-07 4.66426e-09 0.000394134 0.0045103 0.00595346 0.00048929 0.010164 0.0571715 0.0264134 0.00181639 5.10813e-06 0.0105401 0.000302993 9.37867e-05 0.00373762 0.000143218 0.000590371 0.675355 4.10103e-06 
7.57657e-06 3.92977e-05 0.0120651 0.0833433 1.28998e-05 0.00581666 0.00319736 0.00221226 0.00972584 0.0418041 0.0123672 9.31621e-05 3.72653e-05 0.00161393 0.0164469 0.0253606 0.00504222 0.065156 0.011771 0.00610767 0.166585 0.00312753 0.0063294 0.00428617 0.000517819 0.0572264 6.35779e-05 0.0193841 0.440257 2.67109e-06 
2.00605e-06 4.93879e-05 0.0103078 0.0480417 0.00160031 0.000866044 0.00180564 0.0807423 0.00860634 0.0921353 0.00981481 4.60457e-05 5.63194e-05 0.012218 0.00463034 0.0803466 0.0134244 0.0513672 0.0233321 0.00821243 0.124215 0.000185383 0.0103834 0.00760302 0.000386842 0.0519609 8.92352e-05 0.0386889 0.31801 0.000872399 
4.99877e-12 2.83823e-06 0.00180411 0.0208266 5.93868e-05 0.000705799 2.17418e-05 0.000952135 0.00268151 0.00494461 0.000895462 2.9509e-07 0.000191631 0.00179928 0.0109242 0.00934813 0.0014395 0.0115314 0.00206427 0.0091226 0.0616187 5.71105e-05 0.00342325 6.46867e-05 0.000785863 0.000165828 0.00019573 0.0133464 0.841024 2.85437e-06 
0.000234768 4.21126e-11 0.0733749 0.040745 0.00137264 0.000348973 0.000257421 0.0119715 0.00160857 0.113051 0.116295 2.68772e-06 2.13674e-07 0.00261024 0.00201941 0.0330671 0.000851705 0.191733 0.00485405 0.00212116 0.0457417 1.10105e-05 0.0424299 0.054643 0.00108579 0.0276018 7.7391e-06 0.0183369 0.205981 0.00764244 
6.20593e-07 0.000544056 0.078613 0.00545668 0.000231066 0.00192513 3.91624e-05 0.0188098 0.00546612 0.0620107 0.0057058 3.95455e-06 0.00271374 0.0131112 0.00489807 0.0622801 0.00982158 0.129537 0.0275737 0.00539446 0.261636 0.000772826 0.001586 0.00162028 0.00305995 0.00882627 3.22821e-05 0.00891985 0.27932 9.05286e-05 
4.34299e-09 1.25366e-05 0.0252197 0.0100983 0.000186 0.001042 1.32526e-05 0.00247531 0.00849192 0.0800005 0.0101029 0.000125427 4.20464e-07 0.00823946 0.00234182 0.0184668 0.00848551 0.114725 0.0844782 0.0149982 0.275497 3.73066e-05 0.000723278 0.000120826 0.000272184 0.00177861 0.000141099 0.00367923 0.327758 0.000489589 
1.65898e-05 0.00105031 0.0164912 0.0930553 4.73036e-05 0.000627542 0.016493 0.00181654 0.00219082 0.0932322 0.00711586 1.63258e-05 0.000690732 0.00300057 0.000687028 0.0101676 0.00295364 0.0398544 0.0793698 0.00370284 0.0242136 8.30612e-05 0.00250191 0.0092972 0.000201811 0.0139949 1.04569e-05 0.00115081 0.570582 0.00538462 
4.99877e-12 2.83823e-06 0.00180411 0.0208266 5.93868e-05 0.000705799 2.17418e-05 0.000952135 0.00268151 0.00494461 0.000895462 2.9509e-07 0.000191631 0.00179928 0.0109242 0.00934813 0.0014395 0.0115314 0.00206427 0.0091226 0.0616187 5.71105e-05 0.00342325 6.46867e-05 0.000785863 0.000165828 0.00019573 0.0133464 0.841024 2.85437e-06 
9.86579e-13 0.000158964 0.00056121 0.000104742 6.74047e-05 0.000668419 3.89455e-05 0.000418558 0.00858693 0.00453784 0.00170575 2.20487e-06 1.31134e-12 0.00145281 0.0313162 0.0186704 0.00133064 0.0173405 0.0124518 0.0141542 0.0362275 3.03656e-06 0.00368156 0.000962929 0.000150223 0.000144435 5.17736e-05 0.000480431 0.844728 2.09904e-06 
9.6187e-08 0.000548305 0.00477594 0.247433 3.42543e-06 0.000650346 5.15036e-05 0.00015279 0.000430447 0.0149106 0.0264165 1.30517e-05 0.00187648 0.000197537 0.00796856 0.00671965 0.0012039 0.0279712 0.0117772 0.0268453 0.0791041 5.62802e-06 0.00563328 0.0030985 0.000704719 0.00334796 2.08755e-05 0.00155062 0.526582 6.40871e-06 
1.27503e-07 0.0719739 0.0121295 0.0249536 5.12627e-06 4.95316e-07 0.000238433 0.00306156 0.00763901 0.0574869 0.00204198 7.32451e-06 8.68761e-07 0.0467504 0.00751541 0.0376198 0.0292319 0.0166268 0.00582332 6.15119e-05 0.0424446 1.14232e-06 0.0101438 0.000119274 2.24797e-05 0.000164659 2.45968e-05 0.00384597 0.573385 0.0466805 
1.15259e-11 1.36537e-11 0.00480757 6.79169e-05 6.27184e-09 1.72311e-05 1.23816e-06 3.31709e-05 0.000312114 0.0802894 0.000344138 5.73436e-06 1.532e-11 0.0205464 0.000163252 0.00414556 0.00985661 0.103462 0.0049967 0.000764632 0.1039 1.6027e-08 0.000307002 0.00120166 6.72795e-09 0.00078984 0.000204231 0.0190105 0.643401 0.00137195 
0.000414161 0.000310505 0.0637726 0.0362367 1.49261e-06 0.000136464 0.000127034 0.00697876 0.00020758 0.0467552 0.0031952 2.30693e-07 1.81204e-07 0.000231542 0.00120161 0.00479584 0.0029038 0.0177866 0.0300669 0.010117 0.0182496 0.000118118 0.00103448 0.000258555 8.60919e-05 0.00247134 0.000121723 0.0753652 0.677027 2.84619e-05 
1.15589e-08 7.97246e-07 0.000156475 0.0182786 1.3868e-05 1.17728e-07 4.7108e-05 0.000580217 0.0175453 0.0218291 0.00468831 1.97294e-05 2.19678e-06 0.0300855 0.0202367 0.0721172 0.0149671 0.0114405 0.00755182 0.000171478 0.0423694 2.90968e-06 0.0283939 0.000106507 3.82978e-05 0.000459345 6.76909e-05 0.000860373 0.577334 0.130635 
3.0855e-11 3.6551e-11 4.74977e-07 2.37739e-07 3.6247e-11 2.61905e-11 3.75778e-08 3.37227e-07 0.00232635 0.0135504 6.24762e-12 2.96595e-08 4.10117e-11 1.20482e-06 1.23046e-06 1.96041e-06 0.00211742 4.87789e-06 3.16158e-06 5.80311e-07 0.150644 3.36953e-11 1.23165e-06 5.59611e-07 2.02002e-11 1.95334e-07 2.56151e-07 4.8745e-12 0.831343 2.63111e-06 
1.02974e-11 4.66222e-08 0.00628599 0.00822742 8.4215e-07 9.23317e-05 4.77309e-05 4.86693e-05 0.000165629 0.0215051 0.00823148 1.09632e-06 1.36871e-11 0.000930111 0.00224174 0.0043135 0.00210733 0.0368607 0.0740813 0.00828172 0.0331757 7.0846e-06 0.000753643 0.00042925 0.000217066 0.00382704 1.92179e-05 0.000630673 0.787414 0.000103964 
1.58956e-09 0.00016331 0.00424871 0.000468884 0.000931388 0.000197083 3.1834e-05 0.000453292 0.00572922 0.04477 0.00731239 1.52086e-06 2.11281e-09 0.0334177 0.0150023 0.0213603 0.0208287 0.0909287 0.00771961 0.0481453 0.0597651 6.02277e-06 0.00720995 0.00533618 0.00182875 0.000114201 3.2645e-05 0.00601252 0.617869 0.000115511 
1.62196e-07 2.16909e-07 0.0195101 0.123373 6.12753e-05 8.50169e-09 7.73453e-05 0.0204136 0.000225151 0.0131584 0.0222736 4.43918e-09 5.56709e-12 0.00485283 0.000716212 0.0503931 0.00291467 0.0912095 0.00199434 0.0775118 0.0663435 1.16836e-08 1.38924e-05 1.2686e-08 1.9805e-05 0.00236263 8.17707e-05 0.0527262 0.449761 6.26615e-06 
8.94999e-10 0.000598173 0.0285491 0.0140466 2.44008e-06 5.21871e-05 3.30392e-05 0.0329957 0.00257443 0.0145811 0.000527098 1.23313e-07 1.4957e-08 0.000206313 0.00820894 0.0205586 0.000535036 0.271038 0.0338338 0.0435243 0.138796 2.82077e-06 0.000711664 0.000682614 1.66299e-05 0.00251546 0.000112866 0.00716976 0.378126 6.2504e-07 
1.08322e-08 8.02923e-09 0.0050425 0.140214 1.18622e-05 0.006408 0.00849696 0.000387828 0.0198935 0.0197235 0.004372 3.98834e-07 2.9131e-05 0.000639413 0.00225474 0.0405808 0.00534133 0.0953274 0.0394681 0.252995 0.0316513 0.00417179 0.0197966 0.00586783 0.000110862 0.000296988 4.1117e-05 0.0410765 0.2558 1.28241e-06 
2.33305e-07 0.00136547 0.0141198 0.06062 0.00102357 6.59133e-05 5.5561e-06 0.000357772 0.000172188 0.0394371 0.163995 7.55043e-07 1.93499e-07 0.000583513 0.00446264 0.0030747 0.000333716 0.0066016 0.276938 0.0134279 0.00301871 3.71489e-06 0.00517509 0.000148678 6.88156e-05 0.00300509 7.29164e-05 0.000284766 0.401634 2.66513e-06 
1.01138e-08 3.35963e-09 0.00884432 0.0152456 0.000381277 0.00113929 0.0291171 0.00071785 0.0158206 0.124368 0.0522379 1.67659e-05 3.82966e-06 0.0135504 1.2678e-05 0.00799393 0.00740231 0.151485 0.0211001 0.049208 0.0433754 0.000477651 0.0197625 0.00235597 9.3852e-05 0.0459069 8.7168e-05 0.148766 0.240496 3.41308e-05 
1.28548e-05 0.000144806 0.00529569 0.0216488 0.000387318 0.00261768 6.98963e-05 0.00457488 0.00524419 0.140053 0.00952126 3.12887e-05 0.00352809 0.0283333 0.0185244 0.0346226 0.0254602 0.047175 0.0446229 0.00919313 0.218123 0.00117911 0.0116435 0.00225052 0.00884266 0.00208025 0.000115843 0.0277696 0.325803 0.0011311 
6.04546e-08 4.79351e-07 0.00855577 0.017877 7.69287e-08 0.00194196 6.16731e-05 0.0367062 0.00154187 0.0617041 0.00264361 6.38253e-05 7.06628e-10 0.0492179 0.0031694 0.0855578 0.136717 0.219271 0.00682621 0.00221955 0.0811291 1.01933e-05 0.00355119 0.00765422 5.8909e-05 0.00214477 4.26916e-05 0.0166749 0.254397 0.000261436 
4.99877e-12 2.83823e-06 0.00180411 0.0208266 5.93868e-05 0.000705799 2.17418e-05 0.000952135 0.00268151 0.00494461 0.000895462 2.9509e-07 0.000191631 0.00179928 0.0109242 0.00934813 0.0014395 0.0115314 0.00206427 0.0091226 0.0616187 5.71105e-05 0.00342325 6.46867e-05 0.000785863 0.000165828 0.00019573 0.0133464 0.841024 2.85437e-06 
7.52062e-12 0.00123145 0.00651669 0.0223132 0.000113049 0.00119224 3.69159e-05 0.00443986 0.00212526 0.0337595 0.00183444 3.7253e-07 0.000107586 0.00416544 0.00822127 0.0123702 0.00709512 0.0200109 0.00188442 0.00899505 0.0720748 7.60965e-05 0.00908844 0.000120437 0.000895225 0.000215178 0.000235414 0.0110908 0.769789 1.4573e-06 
4.42131e-09 0.00245925 0.0111349 0.0408906 2.59043e-06 0.00486661 0.000117934 0.00118692 0.101496 0.0336529 0.00580608 1.05699e-06 7.94172e-06 0.0386993 0.0147555 0.0391873 0.0202259 0.0163366 0.223852 0.0262861 0.153859 0.00010717 0.00455749 0.00319934 0.002472 0.00221257 6.88859e-05 0.00546038 0.247084 1.36038e-05 
3.52836e-05 0.00162749 0.0229698 0.0724455 0.0001971 0.0076574 0.000942056 0.004217 0.00771883 0.18118 0.0059226 1.87004e-05 0.00768351 0.0241905 0.00383524 0.0388936 0.0118577 0.0448186 0.0536864 0.0524529 0.0524202 0.0969692 0.00660969 0.000587973 0.00111797 0.00566061 0.000341311 0.0802118 0.212326 0.00140542 
2.62674e-07 0.00308005 0.0225923 0.0523943 0.000134909 0.00103717 2.3968e-05 0.00401917 0.0217939 0.124812 0.0076868 5.15804e-05 1.5721e-06 0.0189786 0.0101744 0.0423665 0.0146748 0.0598944 0.0532135 0.0165522 0.211782 0.000231918 0.00144965 0.000752608 0.00161452 0.00373462 8.05566e-05 0.0148634 0.310734 0.00127437 
1.08079e-07 0.00388779 0.0664419 0.0230467 0.000440845 0.00085042 0.0066815 0.00293585 0.00128066 0.0564568 0.0283311 2.49861e-06 6.90208e-07 0.00570988 0.0113592 0.0395429 0.00552029 0.0527569 0.0331013 0.0140987 0.0504516 0.000189138 0.00427371 0.0210434 0.000643797 0.0288861 9.3752e-05 0.235791 0.306124 5.71839e-05 
