3.21212e-11 3.8051e-11 1.84006e-08 0.512258 3.77345e-11 2.20321e-05 2.37536e-05 0.0004407 0.0437571 0.105914 0.0012012 0.000140485 0.0457185 0.0110398 0.00464898 0.168695 0.0345755 0.000203828 0.0111776 0.00271668 0.0486408 1.23327e-08 0.00379258 1.24123e-05 3.78422e-05 0.00170562 3.26345e-08 9.68831e-08 0.00310656 0.000170147 
0.000125826 4.95153e-05 0.0609273 0.556292 8.0447e-07 1.60156e-05 3.4132e-05 0.00578188 2.62517e-05 0.0731486 0.088221 3.41196e-06 4.487e-06 0.00815485 0.00231552 0.0120923 0.0085469 0.0147212 0.00412218 0.00572642 0.00986763 4.5348e-07 0.00168902 0.00107271 0.000226951 0.0012269 1.05009e-05 0.0193773 0.126211 6.79377e-06 
1.20924e-05 1.88688e-07 0.0059827 0.302408 0.000105634 0.000152301 0.000111138 0.000287767 0.000325731 0.0903224 0.052763 0.00974935 0.00328268 0.0672471 0.000739041 0.0241289 0.168429 0.112267 0.0392168 0.00112713 0.0517643 4.75946e-07 0.00135421 0.00241059 0.000143052 0.000451999 0.000764041 0.0199385 0.0304274 0.014088 
9.05572e-08 0.000122015 0.00876361 0.242147 3.03729e-06 0.000379644 0.00145587 0.00101543 0.00452426 0.0611531 0.037045 0.175058 0.00182216 0.0288459 0.0030239 0.0152808 0.0970138 0.0162159 0.0510218 0.043212 0.0154956 2.31442e-06 0.00681812 0.00138665 0.00821546 0.00763817 0.000513615 0.00159521 0.170189 4.1951e-05 
1.91088e-06 4.8968e-08 0.00674571 0.400903 0.00179049 5.67453e-05 9.74704e-05 0.000300701 3.22324e-05 0.109266 0.00366197 2.23267e-05 0.00231152 0.00401284 0.000358237 0.00720487 0.111537 0.00472236 0.155211 0.0170224 0.129554 6.05742e-06 3.05126e-05 0.00084456 0.000261637 0.000612884 0.00195445 0.00729045 0.034186 5.68595e-09 
7.45347e-06 8.57851e-06 0.00315862 0.285139 0.000283719 1.45624e-05 0.00012638 0.00200078 0.000918318 0.0876704 0.00314697 0.00950974 0.000227489 0.247809 5.89278e-05 0.00189913 0.140509 0.0715888 0.0348388 0.000578074 0.0317915 8.69774e-05 0.000142335 0.00124229 0.00064308 0.00328499 2.04166e-05 0.00941827 0.0624357 0.00144082 
3.12101e-07 0.00053677 0.167797 0.294682 4.44161e-06 0.0378479 8.58106e-06 0.000486318 0.000398704 0.157264 0.117264 1.62564e-06 7.79908e-07 0.00596089 0.000993799 0.0220072 0.00137645 0.0134091 0.00625522 0.0185727 0.0561034 0.00137765 0.0447172 0.00674048 0.00303734 0.00861439 7.10831e-06 0.00478897 0.0297416 4.58345e-06 
0.000125826 4.95153e-05 0.0609273 0.556292 8.0447e-07 1.60156e-05 3.4132e-05 0.00578188 2.62517e-05 0.0731486 0.088221 3.41196e-06 4.487e-06 0.00815485 0.00231552 0.0120923 0.0085469 0.0147212 0.00412218 0.00572642 0.00986763 4.5348e-07 0.00168902 0.00107271 0.000226951 0.0012269 1.05009e-05 0.0193773 0.126211 6.79377e-06 
2.60114e-09 1.444e-07 0.0243365 0.236792 2.53231e-05 1.69861e-07 2.66554e-05 0.0111092 0.00449622 0.0322706 0.214544 6.29167e-06 0.00140996 0.000214134 0.00102346 0.0754741 0.00505111 0.0421496 0.0967262 0.0659613 0.0649747 0.0022001 9.61133e-06 7.25791e-05 0.000506046 0.00271638 1.27242e-05 0.00725788 0.110558 7.43268e-05 
1.11892e-06 4.04704e-05 0.0035335 0.431242 3.0496e-06 0.00185515 0.0171896 2.47706e-05 0.000596628 0.0604444 0.0114218 0.00720245 0.0249294 0.00150098 0.000755693 0.00476008 0.0297366 0.00374899 0.02463 0.28424 0.0137248 0.000400358 0.00275284 0.000914273 0.000934596 0.000534022 0.000147371 0.0264316 0.0462953 7.87089e-06 
6.28926e-05 5.3105e-06 0.0533707 0.341671 0.000138004 0.00634657 0.0348499 0.00967964 0.000930391 0.0879676 0.0270315 3.40694e-05 2.02606e-05 0.0198672 0.00119041 0.0217719 0.00560636 0.0174766 0.00384392 0.00594044 0.0165076 0.0157344 0.000145954 0.048544 0.000206957 0.0746269 7.86219e-06 0.0726454 0.133777 5.37553e-08 
0.00431 5.98696e-05 0.0458914 0.33501 0.000375859 0.0045879 0.00314856 0.00136437 0.00083857 0.0409106 0.0289644 0.0885478 0.0046035 0.00716833 0.00184131 0.0172641 0.0154304 0.0506511 0.00875768 0.090699 0.0358943 0.000756095 0.00425397 0.00213707 0.000546542 0.0149338 0.000192316 0.103431 0.0872745 0.000155924 
6.4002e-07 0.00374155 0.0238345 0.349873 0.000160199 3.71963e-05 4.85068e-05 0.00624785 0.000103952 0.0647747 0.0509048 2.843e-05 0.0128975 0.0250597 0.000856665 0.00974812 0.111497 0.027487 0.0156088 0.00752208 0.164979 8.05293e-06 0.00287427 0.0421473 0.000707154 0.00383784 0.000510142 0.00668405 0.0677765 4.35764e-05 
3.48213e-08 0.000293624 0.0120614 0.201279 0.00127195 0.00288921 0.000637054 0.00456872 0.00239127 0.0628362 0.0321705 0.00190008 1.5773e-05 0.148165 0.000433414 0.0485719 0.157867 0.0618683 0.0367126 0.0127728 0.15691 0.000332807 0.0001742 0.0012417 0.000223783 0.00426985 3.43241e-05 0.0119735 0.0359736 0.000160542 
1.56411e-08 7.39401e-07 0.0434368 0.375573 5.40918e-06 0.00703302 4.69497e-05 0.000131588 0.00373279 0.117736 0.206982 0.000108525 0.000108724 0.00964622 7.45431e-05 0.00495574 0.032081 0.0563998 0.0129147 0.00593795 0.0194193 6.79501e-05 0.000859592 0.000139347 3.22074e-05 0.0108097 9.12836e-05 0.0165898 0.0750695 1.54321e-05 
0.000195075 0.00122343 3.9404e-06 0.256446 2.00839e-07 1.12332e-05 2.37397e-06 4.79097e-08 9.31491e-05 0.0579877 0.16521 0.078403 2.2724e-07 0.00103754 9.72867e-05 7.30556e-05 0.0368656 0.215764 4.84974e-06 0.00111331 0.00837046 5.39553e-07 0.000240548 1.0301e-07 1.11926e-07 5.92578e-05 2.63522e-06 0.176764 1.85491e-05 1.18988e-05 
6.31957e-05 0.000513122 0.059596 0.315914 6.62867e-06 0.00115727 0.000133887 0.00124638 0.000201233 0.279448 0.0155983 3.40058e-06 0.0225487 0.00970987 0.000734051 0.00292258 0.0243459 0.0138461 0.0151156 0.001636 0.190031 1.236e-05 0.00393115 0.000204853 0.000806298 0.00488651 5.40884e-05 0.0135138 0.0217758 4.4564e-05 
4.25761e-07 1.46579e-05 0.0154842 0.453996 9.2967e-05 0.00061858 7.96275e-05 0.00165393 0.0142679 0.0739118 0.197172 4.27078e-07 0.00059616 0.0167049 0.00817415 0.0508155 0.0435291 0.0274073 0.00519474 0.00310543 0.0352314 0.00469776 0.0027333 0.000571324 0.0020611 0.000119166 0.000113783 0.0154855 0.0261626 4.23879e-06 
3.49795e-08 1.84123e-06 0.00546579 0.64487 3.82116e-06 1.21252e-05 0.0019854 0.0110568 0.00107286 0.00974604 0.000367904 3.24882e-05 8.36804e-10 0.0170911 0.000441639 0.0313891 0.00430757 0.0251139 0.0205092 0.00212269 0.0209474 0.000231212 0.000126722 0.0375465 0.00470507 0.0945291 1.14071e-06 0.00467522 0.061637 1.05275e-05 
1.77675e-12 6.70168e-08 0.00168433 0.429657 2.08724e-12 0.00322729 6.5545e-06 0.000107997 0.00139213 0.167351 0.00381427 4.37613e-05 0.0312073 0.00349413 0.000810052 0.00324948 0.0207429 0.00661418 0.0392771 0.00375601 0.238243 7.91161e-06 0.0018959 0.000228372 0.000386754 0.000876467 2.59259e-05 0.000110083 0.0417486 4.17354e-05 
9.58418e-05 0.000641745 0.0409978 0.237679 0.00332501 0.00616147 0.00038049 0.00349917 0.000273623 0.042753 0.137649 1.78213e-05 2.22175e-06 0.0102422 0.00371915 0.0131471 0.0111878 0.00850504 0.00933145 0.0356092 0.00492932 8.53003e-06 0.0117051 0.000447215 0.182506 0.00151545 1.76306e-05 0.0402844 0.193347 2.11642e-05 
8.50991e-12 2.03751e-05 0.0553279 0.27682 1.55242e-05 0.00166994 0.01547 0.00127652 0.000104253 0.159156 0.0666639 3.71029e-09 3.27388e-09 0.00321238 0.00572021 0.0102865 0.00689153 0.0163046 0.0319844 0.051377 0.0764143 6.97507e-07 0.000914834 2.39555e-08 0.062277 0.00182458 6.11157e-05 0.0767026 0.0795043 8.78523e-12 
1.47698e-07 1.74071e-07 0.00544327 0.462376 3.08548e-06 0.000273686 0.000159804 0.00073795 0.000408638 0.0290099 0.0131606 2.30635e-06 0.216175 0.0569927 0.00207826 0.00668069 0.094288 0.00498458 0.000744113 0.00158415 0.0255708 8.52461e-07 0.000724433 0.0443475 0.0122518 0.000831378 0.000293791 0.000622441 0.0202209 3.32639e-05 
0.000125826 4.95153e-05 0.0609273 0.556292 8.0447e-07 1.60156e-05 3.4132e-05 0.00578188 2.62517e-05 0.0731486 0.088221 3.41196e-06 4.487e-06 0.00815485 0.00231552 0.0120923 0.0085469 0.0147212 0.00412218 0.00572642 0.00986763 4.5348e-07 0.00168902 0.00107271 0.000226951 0.0012269 1.05009e-05 0.0193773 0.126211 6.79377e-06 
6.47149e-08 0.000382521 0.0541164 0.309287 0.00110555 0.0219309 0.000170861 0.00326668 8.90345e-05 0.180845 0.00548957 2.01946e-05 0.00110256 0.026796 0.000394371 0.00741365 0.076419 0.020827 0.0430453 0.0173221 0.0901823 0.00190052 0.00514363 0.00135367 0.00757095 0.022832 0.000183906 0.00830271 0.0920781 0.000428862 
0.000125826 4.95153e-05 0.0609273 0.556292 8.0447e-07 1.60156e-05 3.4132e-05 0.00578188 2.62517e-05 0.0731486 0.088221 3.41196e-06 4.487e-06 0.00815485 0.00231552 0.0120923 0.0085469 0.0147212 0.00412218 0.00572642 0.00986763 4.5348e-07 0.00168902 0.00107271 0.000226951 0.0012269 1.05009e-05 0.0193773 0.126211 6.79377e-06 
8.69848e-09 5.68762e-12 0.00485129 0.632278 5.64032e-12 0.00999947 3.02159e-05 2.16292e-08 0.000213494 0.26128 0.00897199 3.26704e-05 3.35393e-05 0.00853121 7.01548e-07 0.002205 0.0409995 0.00255328 0.00284593 0.00107014 0.00144933 0.000208232 4.777e-05 0.000330289 0.000184888 0.00362877 8.89157e-09 5.10779e-08 0.0182511 2.79317e-06 
2.915e-05 0.00195666 0.0159556 0.616232 0.00192382 0.00844396 0.000279921 0.00183987 0.00202583 0.0788845 0.0152855 7.48268e-05 0.00479392 0.013803 0.00728587 0.0214813 0.0286034 0.0335451 0.0200464 0.00625335 0.0598064 0.00183783 0.00907575 0.000695705 0.000573791 0.00215087 2.2489e-05 0.00708181 0.0365312 0.00348068 
3.05729e-08 4.8049e-07 0.018161 0.690511 1.23177e-06 1.5267e-06 5.89137e-06 6.46921e-05 5.18771e-05 0.00506943 0.000654702 2.35157e-07 4.06367e-08 0.0053145 0.000152273 0.00082611 0.248251 0.000854892 0.00873011 0.000547094 0.00463304 3.33872e-08 0.000328401 4.19199e-05 1.57029e-05 6.41148e-05 0.000267576 3.06378e-05 0.0153819 3.90157e-05 
8.42351e-09 0.00140652 0.0564641 0.228773 0.000143819 0.00329344 3.28401e-05 0.0119146 0.00257208 0.129811 0.060901 2.21716e-05 0.00227558 0.0249359 0.000818347 0.0197362 0.0200616 0.187797 0.0484839 0.0178355 0.110112 0.000110535 0.000770087 0.00361733 0.000566889 0.017469 6.87284e-05 0.00523032 0.0423536 0.0024224 
2.51253e-08 2.97635e-08 0.0166415 0.326286 4.22512e-06 0.00256107 0.00168686 0.000650992 0.00109707 0.198035 0.00627866 0.0929707 0.000985141 0.0290819 0.00957984 0.0242912 0.118047 0.0317855 0.00136582 0.00390435 0.0581225 0.000153588 0.00133284 3.9611e-05 0.00567916 0.0015131 4.6405e-05 0.0209647 0.0318258 0.015069 
9.9503e-06 0.0111121 0.103299 0.245949 0.00242061 0.0056825 3.28315e-06 0.046792 0.00330772 0.0643445 0.0139783 5.61246e-06 0.00191461 0.0446895 8.23437e-06 0.0992307 0.00898728 0.0711284 0.00491363 0.00315573 0.0558654 0.00432909 0.000460709 0.116648 0.000282669 0.020048 5.95964e-05 0.0144281 0.0531232 0.00382232 
4.47237e-08 0.0187691 0.000930339 0.430014 2.67163e-06 0.000228287 0.00322624 7.19478e-11 1.82107e-05 0.0657199 0.00646147 0.000851319 0.0247648 0.0133965 0.00400086 0.0186598 0.0219663 0.0369589 0.0230913 0.0413304 0.0640411 7.26066e-06 0.00208215 0.00135716 0.000615639 0.00222362 3.47322e-08 0.0149354 0.127344 0.077003 
4.48726e-10 5.31564e-10 0.00776505 0.496758 5.27142e-10 0.000125492 6.14865e-07 3.19986e-06 0.000110647 0.241225 0.00607155 6.82675e-06 0.172249 0.0298168 2.85631e-05 0.01661 0.0023304 0.000761381 1.2494e-05 1.32654e-06 0.015187 0.00013307 1.70729e-06 0.000187823 9.32382e-06 0.00115774 5.19538e-06 0.000261557 0.00917185 8.83569e-06 
4.53613e-07 6.38882e-07 0.10401 0.34541 6.69997e-06 0.000543686 0.00362994 0.0027488 0.00751057 0.112638 0.0159237 2.70154e-07 3.00708e-05 0.00707837 0.000526606 0.0315134 0.0111603 0.0327086 0.0324174 0.0549141 0.0946586 0.000162157 0.00502168 0.000148215 0.000827888 0.0283514 0.000474737 0.0225994 0.0849825 9.41623e-07 
5.62051e-09 2.8594e-07 0.0016318 0.464934 8.02701e-05 0.000114941 0.000129385 0.000184563 0.000185709 0.098048 0.011241 0.0284316 0.00388862 0.0167435 2.26883e-07 0.0035083 0.130077 0.0580601 0.00130277 0.00684855 0.0216186 0.000229154 0.000703382 0.00130225 5.53184e-05 0.000249024 3.27647e-05 0.0100729 0.140023 0.000303525 
0.000328762 0.00132462 0.0167997 0.596004 0.00031375 0.000853903 0.089731 0.0200273 0.00319529 0.0282101 0.000311649 0.00952477 3.43372e-06 0.0369283 0.00239931 0.00692409 0.0126217 0.00683307 0.0339325 0.0182883 0.0174018 0.000422733 0.000662279 0.000484204 0.00470251 0.00996591 0.000101138 0.0569101 0.0241705 0.000623652 
2.21369e-07 7.82024e-08 0.0204631 0.372976 2.0664e-05 5.93586e-05 3.82382e-06 0.0494122 0.000832399 0.138257 0.00394063 9.21281e-07 2.53711e-07 0.00425496 9.35123e-07 0.0490676 0.00420893 0.0847012 0.0152136 0.00491663 0.025062 0.000434413 0.000141264 0.00187478 8.90232e-05 0.0629495 7.09884e-06 0.0901715 0.0709142 2.51392e-05 
1.2058e-07 0.00205785 0.0346617 0.235735 3.94343e-06 0.00116702 0.000114256 0.000203963 0.0016678 0.0912478 0.0452447 5.34191e-05 0.00336677 0.0458029 0.0183483 0.0365561 0.0216445 0.081129 0.000424311 0.0104854 0.142991 0.000293509 0.0111588 0.0242134 0.00328423 0.00686772 4.85972e-05 0.0138314 0.167395 1.74237e-06 
0.000298297 0.000122462 0.0104053 0.284479 0.00209348 0.00173471 0.000951456 0.00731708 0.0057842 0.0975018 0.039854 0.000346946 0.112987 0.00970442 0.00637466 0.0600867 0.0170319 0.0585025 0.0855502 0.00598385 0.0446291 0.00117111 0.00903223 0.00366721 0.000623757 0.0728702 4.98496e-05 0.00862711 0.0514431 0.000777017 
1.28975e-08 0.0032782 0.00245466 0.376022 0.00267473 0.000298704 0.00114972 0.00341327 0.000735014 0.010533 0.0461352 0.295583 0.00107561 0.000755654 0.0122551 0.00669957 0.0154164 0.0250363 0.0022029 0.0235243 0.0128834 1.25836e-06 0.0078624 0.00570553 0.0504833 0.00190889 0.000356399 0.00167227 0.0896411 0.000241596 
0.000407726 5.07327e-06 0.051725 0.385135 3.45024e-05 0.000757051 9.49445e-05 0.0316227 0.00253249 0.0312285 0.00821274 0.0101372 3.92033e-09 0.00382951 0.0106771 0.0464035 0.0126287 0.060501 0.00682296 0.00999628 0.0427461 5.16856e-06 0.000168785 0.141808 5.2524e-05 0.00918469 3.46689e-05 0.0424778 0.0848141 0.00595628 
2.88226e-07 6.44437e-06 0.00962831 0.367995 0.161232 1.29578e-05 5.59892e-05 0.00180498 0.000274489 0.0909266 0.00197476 7.61906e-05 4.55291e-05 0.129385 0.00035237 0.00903766 0.149944 0.00544488 0.00229226 0.00380562 0.00500294 6.26415e-06 0.000644225 0.000228269 0.00778646 0.000293534 7.10058e-05 0.00151203 0.0461975 0.00396192 
6.70825e-05 0.000488105 0.0354188 0.303672 0.000249158 0.0104309 0.00171891 0.00570935 0.00240845 0.1727 0.0209136 0.0116637 0.0327168 0.012291 0.0093029 0.0292646 0.031167 0.0297235 0.0550713 0.0108947 0.117258 0.00380696 0.0126263 0.000607376 0.000628679 0.00458761 0.000104611 0.0421247 0.0346475 0.00773706 
4.82626e-06 0.000228116 0.0155215 0.669269 8.09228e-05 1.91978e-05 3.11146e-06 0.000160689 9.45096e-05 0.0687474 0.0151369 5.28224e-06 4.18223e-06 0.000449496 6.60176e-05 0.00201524 0.0191905 0.0814378 0.000320577 0.00469332 0.00356638 5.00086e-05 0.000531687 0.000117828 0.000107295 0.000116966 2.05609e-05 0.0499725 0.0668427 0.00122531 
2.139e-06 0.000262519 0.0443145 0.328742 0.00069685 0.0143865 5.04534e-05 0.00825158 0.000969721 0.0453015 0.119767 1.34557e-06 0.00133706 0.0545564 0.00623603 0.0750739 0.0401192 0.0540974 0.0126018 0.00917766 0.0500948 8.5388e-06 0.0309493 0.000899142 0.00105019 0.0169013 4.74506e-05 0.0349626 0.0491344 6.45519e-06 
0.000522448 4.1075e-07 0.0203174 0.413478 0.000728893 0.00363964 0.000114274 0.00360399 0.00324388 0.105757 0.0102315 4.74687e-05 4.36661e-06 0.0355049 0.000127087 0.0255112 0.0298934 0.0385003 0.000954109 0.00406583 0.053272 0.00095531 0.00494153 0.00100583 2.83198e-05 0.00862323 6.98407e-05 0.209608 0.0245841 0.000665981 
1.28652e-11 8.37198e-06 0.00284304 0.537079 2.65174e-08 3.32703e-08 0.000216887 0.00181314 0.000232694 0.0944355 0.000236614 4.2342e-06 2.32331e-08 0.00430387 3.23858e-06 0.00564839 0.050342 0.0156695 0.0186441 2.46696e-07 0.22947 3.53557e-08 0.00220452 0.000111578 0.000765935 0.00743457 0.00109728 0.000439126 0.026993 3.28044e-06 
0.000125826 4.95153e-05 0.0609273 0.556292 8.0447e-07 1.60156e-05 3.4132e-05 0.00578188 2.62517e-05 0.0731486 0.088221 3.41196e-06 4.487e-06 0.00815485 0.00231552 0.0120923 0.0085469 0.0147212 0.00412218 0.00572642 0.00986763 4.5348e-07 0.00168902 0.00107271 0.000226951 0.0012269 1.05009e-05 0.0193773 0.126211 6.79377e-06 
2.71932e-08 0.000892974 0.00807545 0.492902 5.27015e-05 0.000183889 0.000114138 0.000833226 0.0011165 0.0412125 0.0389105 3.26492e-05 0.00065101 0.0243378 0.00762347 0.00225529 0.034547 0.0049076 0.062107 0.0349859 0.0916864 6.33623e-05 0.0180896 9.0633e-05 0.000223751 0.00112629 8.04803e-05 0.0118042 0.120965 0.000129351 
0.0131034 3.94034e-07 0.0243517 0.524198 0.000160154 0.00344927 0.0101145 0.00044067 0.000140598 0.0296091 0.0729049 0.0132941 0.0114089 0.00127361 0.00379496 0.0071891 0.00292243 0.061085 0.00366765 0.0165858 0.0603242 0.00387525 0.00909165 0.000723006 2.54834e-05 0.0082487 0.000159227 0.0853744 0.0324045 7.94643e-05 
0.000125826 4.95153e-05 0.0609273 0.556292 8.0447e-07 1.60156e-05 3.4132e-05 0.00578188 2.62517e-05 0.0731486 0.088221 3.41196e-06 4.487e-06 0.00815485 0.00231552 0.0120923 0.0085469 0.0147212 0.00412218 0.00572642 0.00986763 4.5348e-07 0.00168902 0.00107271 0.000226951 0.0012269 1.05009e-05 0.0193773 0.126211 6.79377e-06 
0.000125826 4.95153e-05 0.0609273 0.556292 8.0447e-07 1.60156e-05 3.4132e-05 0.00578188 2.62517e-05 0.0731486 0.088221 3.41196e-06 4.487e-06 0.00815485 0.00231552 0.0120923 0.0085469 0.0147212 0.00412218 0.00572642 0.00986763 4.5348e-07 0.00168902 0.00107271 0.000226951 0.0012269 1.05009e-05 0.0193773 0.126211 6.79377e-06 
2.91385e-10 0.00774551 0.00395418 0.285704 0.0633686 7.65823e-05 0.000498974 0.00230224 0.00278464 0.117807 0.000480591 0.000109657 1.92531e-05 0.100288 0.00295859 0.002607 0.151258 0.0130255 0.0373757 0.0744024 0.00802586 1.07955e-07 0.00115104 0.000581793 0.00122537 0.000260298 6.4458e-05 0.0071918 0.110716 0.00401531 
1.74214e-10 7.38064e-05 0.0417429 0.366571 2.85849e-07 0.000124709 1.99842e-05 0.0468257 0.000102072 0.124114 0.000561785 2.94674e-05 0.000329872 0.00115294 0.000134679 0.00708886 0.00895366 0.11208 0.0267481 0.00399365 0.126086 2.43353e-07 1.6701e-05 5.51193e-05 1.38679e-05 0.00754257 0.0108776 0.00665885 0.108102 1.38113e-07 
2.62269e-11 0.000360646 0.00260044 0.372605 0.000460744 0.000352079 1.6444e-05 0.0203493 0.00560996 0.0608411 0.0536131 2.69755e-07 0.0162815 0.0134741 0.00109252 0.0779519 0.0226011 0.0190592 0.0120802 0.00445021 0.258379 3.70548e-05 0.0395185 0.000311078 0.000323694 0.00118174 0.00028019 0.00779754 0.00718946 0.00118205 
4.06663e-09 0.00582571 0.00498475 0.415321 9.41792e-05 0.00227927 0.000124346 0.00114088 0.0422446 0.0797028 0.0218217 0.000132715 0.0137919 0.0538652 0.000116131 0.00567653 0.156053 0.0399684 0.00469696 0.00274135 0.00884331 1.52536e-05 0.000667704 0.0188499 0.000225877 0.0043016 8.54919e-06 0.00183615 0.103256 0.0114145 
2.0533e-08 1.97325e-09 0.0065423 0.769026 1.85801e-08 1.52547e-05 5.27596e-06 0.000522015 4.80029e-05 0.0254451 0.0354174 6.95423e-08 2.21406e-09 0.000395435 0.000583887 0.0958711 0.00441139 8.30508e-07 0.000299027 0.00043304 0.0171352 1.81908e-09 9.12146e-09 1.00366e-09 0.000261889 0.0360547 6.98582e-05 0.000145458 0.00731635 9.4238e-08 
1.52802e-09 2.9156e-07 0.00107995 0.55618 0.00128158 1.80961e-05 1.87575e-05 0.000340417 9.23586e-05 0.105173 0.00970549 0.00031851 0.0906411 0.0181018 0.000274648 0.00281441 0.144055 0.00279037 0.0301491 0.00197409 0.0200367 1.33611e-07 0.000557326 0.00019475 0.000302208 0.000132023 3.7606e-05 0.00501953 0.00871068 1.26308e-07 
2.95412e-05 1.55513e-05 0.0457073 0.256315 0.00181961 0.00542954 3.28992e-05 0.0191561 0.011821 0.137978 0.00100708 7.0938e-07 7.8977e-05 0.0826388 0.0011025 0.0550467 0.0650635 0.0525333 0.0169247 0.0138951 0.00806558 0.000773402 0.0185445 0.0583964 0.00046433 0.0252332 4.98795e-05 0.0993295 0.0225351 1.18076e-05 
1.61358e-06 9.24113e-06 0.000790059 0.678736 1.38178e-05 0.000494037 0.00874605 3.38847e-05 0.0636935 0.0395345 0.000772573 0.000137032 0.000138443 0.00667939 0.000352312 0.0354181 0.0155747 0.0391945 0.000340126 0.00157138 0.00990138 0.000625051 0.00171937 0.000968063 4.50647e-05 0.000725713 3.72453e-05 0.0348345 0.0482399 0.0106725 
2.17701e-10 0.00141533 0.00720284 0.436396 7.41044e-05 0.000296863 0.000185284 0.000700773 0.000719824 0.0420906 0.000635587 4.55099e-07 0.00108313 0.00144645 0.0112458 0.00382371 0.00153566 0.00833148 0.0764948 0.0594799 0.144969 9.83058e-05 0.0307078 0.000141623 0.000337445 0.000344274 0.000114186 0.0200407 0.150081 6.6558e-06 
0.00277069 0.0027876 0.0608588 0.192909 0.000334077 8.66729e-05 0.000159986 0.0178201 0.000626832 0.16472 0.0195149 7.93875e-05 0.000230649 0.0703218 0.00193578 0.0297574 0.108009 0.0464501 0.0110549 0.0213744 0.142874 1.90022e-06 0.010622 0.00742507 0.00181288 0.0143538 0.00022834 0.0592227 0.0113476 0.000310607 
5.42559e-07 0.00143233 0.0440906 0.240642 0.000584626 0.000631606 1.5758e-05 0.0213704 0.000501841 0.171648 0.00895348 5.22971e-06 5.46409e-08 0.0290879 0.0269202 0.0405198 0.00881734 0.0441724 0.0139862 0.00314931 0.212299 6.58995e-06 0.00924157 0.00151935 0.00771613 0.0529876 0.0038032 0.0111745 0.0442267 0.000496321 
7.25315e-09 1.25519e-05 0.00718483 0.43623 0.000358183 0.00152278 7.45487e-05 0.0041124 0.056807 0.029183 0.0147887 1.51401e-06 0.00438415 0.00790723 0.00633649 0.114937 0.00764274 0.146252 0.00556642 0.0297742 0.0364521 1.58402e-05 0.000738098 0.00287537 0.0223119 0.000782004 8.26746e-06 0.00768627 0.0560528 1.64752e-06 
1.33808e-07 0.00112297 0.0445391 0.269503 0.00625129 0.000832023 0.000269555 0.00284634 0.0200753 0.0623107 0.0890205 2.801e-05 2.37923e-05 0.0595426 0.0039407 0.0477284 0.0276135 0.0989791 0.0141963 0.0215111 0.0243536 2.43942e-05 0.0216217 0.00558066 0.000319139 0.0527226 3.44934e-05 0.00307069 0.117488 0.00445095 
4.30479e-05 4.4805e-07 0.00406569 0.561786 0.000116443 0.00297219 0.0030879 1.38586e-05 0.00111714 0.0265494 0.00692673 0.00672304 0.000395131 0.00863403 0.000136256 0.00460327 0.0136319 0.026235 0.000504066 0.0174685 0.0056305 0.00179214 6.25677e-05 0.000138044 6.173e-06 0.00337596 3.02212e-05 0.254472 0.0488054 0.000677793 
3.07301e-12 3.1414e-09 0.000289879 0.355015 8.44953e-09 0.000214825 0.000252252 1.34752e-05 0.000168003 0.153902 0.000498882 0.000344496 4.08457e-12 0.00241477 5.79753e-09 0.00123617 0.0439987 0.00511942 0.283386 0.00526558 0.0519425 3.3648e-08 8.13015e-05 0.000249988 0.00175903 0.000206542 8.46112e-05 0.0129506 0.0801893 0.000416936 
4.51827e-11 5.35237e-11 1.35887e-06 0.7542 5.30785e-11 5.02453e-07 9.97403e-05 3.0516e-07 0.000358534 0.048604 6.3465e-06 1.25871e-07 2.0425e-07 0.0267156 1.65524e-07 3.12066e-08 0.159059 1.05881e-06 0.00227177 3.72884e-07 0.00772261 1.92482e-07 2.26207e-07 2.88602e-07 0.000952133 1.84249e-06 2.0672e-07 7.138e-12 2.40316e-06 4.66445e-11 
4.49029e-06 0.018087 0.0293411 0.295445 1.14556e-05 0.00231403 0.0075526 0.000658403 0.000904964 0.0923289 0.0375184 0.00334194 0.0417963 0.0176263 0.00434174 0.0323841 0.0281439 0.0128242 0.0338424 0.193239 0.0568149 0.000622856 0.00381791 0.00865881 0.00203548 0.0140118 9.95073e-05 0.038067 0.0241557 9.57648e-06 
2.60114e-09 1.444e-07 0.0243365 0.236792 2.53231e-05 1.69861e-07 2.66554e-05 0.0111092 0.00449622 0.0322706 0.214544 6.29167e-06 0.00140996 0.000214134 0.00102346 0.0754741 0.00505111 0.0421496 0.0967262 0.0659613 0.0649747 0.0022001 9.61133e-06 7.25791e-05 0.000506046 0.00271638 1.27242e-05 0.00725788 0.110558 7.43268e-05 
2.17701e-10 0.00141533 0.00720284 0.436396 7.41044e-05 0.000296863 0.000185284 0.000700773 0.000719824 0.0420906 0.000635587 4.55099e-07 0.00108313 0.00144645 0.0112458 0.00382371 0.00153566 0.00833148 0.0764948 0.0594799 0.144969 9.83058e-05 0.0307078 0.000141623 0.000337445 0.000344274 0.000114186 0.0200407 0.150081 6.6558e-06 
3.24209e-05 8.71734e-05 0.0101953 0.245188 0.000438468 0.00149033 0.00085561 0.00687664 0.000360337 0.166913 0.0269905 0.00100515 0.00166122 0.03531 0.00756815 0.0243236 0.0503376 0.0389604 0.0127159 0.123643 0.136276 0.000407941 0.00488583 0.000802063 0.0224203 0.000239749 3.68048e-05 0.0125091 0.0673327 0.000136492 
5.04429e-10 0.000385706 0.00236336 0.468865 3.35351e-09 0.000798253 3.20761e-08 5.73135e-08 4.27881e-08 0.00789447 0.391398 3.32845e-05 0.000552398 1.35157e-05 2.01862e-09 0.000120283 0.000543619 0.00596137 9.77976e-07 0.0023009 0.00802764 0.0189848 1.41499e-05 9.65589e-05 4.20895e-07 0.0229066 8.9764e-08 0.0118103 0.0569282 5.30897e-08 
7.0094e-05 0.000109543 0.00907129 0.355665 0.000122787 0.00226925 2.82558e-05 0.00308927 0.00235227 0.124596 0.00711992 1.22288e-05 0.00017358 0.0317999 0.000104277 0.0612536 0.0245205 0.0338272 0.00737488 0.0285892 0.159134 3.28804e-06 0.00833593 0.000820518 0.000541636 0.000384192 1.30998e-05 0.00476561 0.082793 0.0510602 
0.00185665 0.00252008 0.00783676 0.509868 0.000148178 3.40461e-05 0.000251733 0.000182788 5.31469e-06 0.0732886 0.00149968 2.26637e-05 0.000543906 0.0074705 0.00814285 0.010223 0.0818595 0.00460309 0.0304033 0.00680599 0.238781 7.0673e-07 0.00119769 0.000140046 0.00020986 0.000427567 1.96925e-05 0.00338781 0.00825875 1.05858e-05 
1.43293e-05 0.000279916 0.00934573 0.323593 3.8955e-05 0.00406013 0.000296579 0.00466298 0.0241667 0.103398 0.0378011 0.000267049 0.000119982 0.00931414 0.00800727 0.100559 0.0345137 0.0692696 0.00450872 0.0356026 0.0326193 0.000188973 0.0185694 0.00095803 0.000138273 0.0227662 0.000251633 0.0467118 0.107966 1.02052e-05 
3.92508e-09 0.00042227 0.0218442 0.644397 3.39736e-06 0.00146344 7.68474e-06 2.48013e-05 0.00155033 0.00111683 0.158861 8.59518e-05 5.21712e-09 0.0086337 1.61059e-07 0.0116963 0.00015704 0.0506697 1.73515e-05 0.0114595 0.059386 4.3528e-07 3.37157e-06 0.00482389 0.000440964 0.0119578 6.34818e-06 0.00466628 0.00630382 4.05207e-09 
1.42974e-10 5.90458e-07 0.00128928 0.832522 3.90923e-06 3.07596e-05 1.71033e-05 5.83178e-05 9.2714e-06 0.0376212 0.000232924 2.42497e-06 6.66526e-07 0.00228811 4.4322e-10 4.29618e-05 0.0190373 0.00464816 0.0173391 0.00125276 0.0165542 3.24113e-07 4.83066e-05 0.000112777 0.000181493 0.0111516 1.5437e-05 0.00345038 0.0520682 1.99677e-05 
9.3888e-12 3.72858e-09 0.0192908 0.43444 1.00173e-08 0.000908164 2.3894e-05 0.000296311 3.32188e-05 0.321696 0.0109358 2.92482e-06 0.00808718 0.00341959 4.3423e-07 0.000324692 0.0121214 0.00193477 0.0279671 0.00324822 0.129581 2.43229e-06 5.58819e-05 0.00284347 0.000696305 0.00240799 9.13605e-06 0.00578657 0.0138746 1.14624e-05 
0.000125826 4.95153e-05 0.0609273 0.556292 8.0447e-07 1.60156e-05 3.4132e-05 0.00578188 2.62517e-05 0.0731486 0.088221 3.41196e-06 4.487e-06 0.00815485 0.00231552 0.0120923 0.0085469 0.0147212 0.00412218 0.00572642 0.00986763 4.5348e-07 0.00168902 0.00107271 0.000226951 0.0012269 1.05009e-05 0.0193773 0.126211 6.79377e-06 
1.2759e-06 0.00425984 0.00690317 0.385523 9.82839e-06 0.00213929 3.42119e-05 0.000654979 0.000264607 0.102371 0.01291 3.976e-06 3.64371e-06 0.0068728 0.00576444 0.00411668 0.00527997 0.00783021 0.0812059 0.0422802 0.129397 4.00021e-05 0.0045047 0.000899421 0.0010085 0.00196058 2.95495e-05 0.00770894 0.185991 3.09348e-05 
1.94698e-05 1.07974e-05 0.104419 0.240156 0.000212833 0.000129017 0.00246989 0.000107609 0.000142573 0.12567 0.0166877 1.4836e-06 0.00065049 0.0194837 0.000354918 0.0972137 0.0304689 0.0933271 0.0308261 0.0362324 0.0630964 5.61893e-06 0.00184056 0.00163452 9.06349e-05 0.0266077 9.24427e-06 0.0684133 0.0397173 8.77951e-08 
5.86802e-12 1.2606e-08 0.181334 0.411899 3.39199e-08 3.20432e-05 0.000109624 0.0007855 0.000287985 0.101892 0.0989274 5.84184e-09 7.79963e-12 0.00203948 2.39069e-07 0.00325472 0.000927324 0.00267905 0.0648186 0.00290526 0.0571211 6.4082e-12 0.00401857 2.89063e-08 0.00469092 0.000809615 0.0349249 1.57317e-05 0.0265259 2.01729e-08 
3.11888e-09 3.54756e-07 0.00338558 0.271286 0.000249241 2.02535e-05 0.00011778 0.0054064 0.00353943 0.0898085 0.000678227 2.38522e-05 6.12448e-08 0.0640477 0.00227908 0.11719 0.239616 0.0239822 0.0323901 0.00193783 0.0501536 1.69139e-08 0.00605154 0.000214788 0.000120449 0.00421432 0.000408126 0.000763548 0.0819864 0.000128133 
2.17701e-10 0.00141533 0.00720284 0.436396 7.41044e-05 0.000296863 0.000185284 0.000700773 0.000719824 0.0420906 0.000635587 4.55099e-07 0.00108313 0.00144645 0.0112458 0.00382371 0.00153566 0.00833148 0.0764948 0.0594799 0.144969 9.83058e-05 0.0307078 0.000141623 0.000337445 0.000344274 0.000114186 0.0200407 0.150081 6.6558e-06 
4.58479e-12 3.12368e-07 0.0247599 0.327774 0.0007335 0.000946997 2.01162e-05 0.000444735 0.000181761 0.222312 0.00256355 1.22805e-05 0.0568052 0.00838479 8.77204e-05 0.0256949 0.0106539 0.0298602 0.0480003 0.000579544 0.206664 1.60369e-09 0.000540018 0.00299368 0.000199995 0.00513341 1.46532e-05 0.00105239 0.023586 1.40597e-08 
0.00683109 0.0092318 0.0417507 0.384699 3.32777e-05 0.00108685 4.84674e-05 0.0030313 0.000526755 0.0815018 0.09996 2.65181e-06 0.000477672 0.0175528 0.00263023 0.0424851 0.00697117 0.125569 0.0197683 0.00756218 0.0698242 0.0461968 0.00135626 0.00791161 0.000756781 0.00657574 6.37376e-05 0.00770622 0.00788352 5.33149e-06 
0.00176262 9.19447e-08 0.0107847 0.365304 0.000524188 0.0171266 0.000148283 0.000101125 6.36318e-05 0.10196 0.0832935 0.000114043 0.0185028 0.00416917 0.000192111 0.00320834 0.034159 0.0103892 0.00149426 0.00360488 0.0517213 0.000813461 0.000400214 0.000149673 0.000602152 0.042425 3.94242e-06 0.244718 0.00225896 5.29005e-06 
1.19338e-05 4.24802e-10 0.00506216 0.476286 0.00036431 0.0772078 4.64174e-06 6.0192e-05 0.00528445 0.176794 0.0431419 0.000173644 0.00975857 0.010242 2.58519e-05 0.0328474 0.0202876 0.00391582 0.0306473 0.000461148 0.0171971 7.95962e-05 0.000179829 0.000896856 2.15499e-05 0.0303652 0.00364847 0.0134318 0.0415779 2.44983e-05 
3.1986e-09 0.000924834 0.0293962 0.503595 2.28107e-05 0.000468853 2.13806e-05 0.00595537 0.00233791 0.0173707 0.0262694 5.90699e-06 4.2515e-09 0.00750038 8.18307e-06 0.0111412 0.00147991 0.111948 0.00400923 0.00581585 0.143315 2.42558e-07 0.000933012 0.00103954 0.000259133 0.0230452 8.31882e-06 0.00393612 0.0991922 1.28855e-07 
3.33546e-07 5.03843e-08 0.0770868 0.431117 0.00368177 0.000200811 0.000570198 0.0463256 0.0015586 0.00236346 0.0235207 9.88394e-06 5.65332e-08 0.0684515 0.000981075 0.10649 0.0221355 0.100922 6.37239e-05 0.00467174 5.22105e-05 4.16027e-05 0.000267334 0.0350629 7.29215e-05 0.0221918 3.8158e-05 0.0264946 0.0218859 0.00374077 
5.8818e-08 4.11656e-08 0.0466011 0.588756 3.52884e-06 0.00053824 0.00278706 0.00104602 0.00495264 0.0367206 0.0132195 6.12359e-08 3.88544e-05 0.0025993 0.00127249 0.00906689 0.137718 0.0284039 0.00429222 0.0152658 0.0175018 0.00430255 0.00110741 0.000277746 0.000347288 0.00236822 0.000472486 0.0227122 0.0576243 3.62153e-06 
1.23295e-06 4.87281e-05 0.00845414 0.581199 4.44333e-05 4.73671e-07 3.30033e-05 0.00672581 1.33904e-07 0.0206171 0.000464006 6.74303e-07 2.90201e-05 0.0761591 4.38893e-05 0.000896751 0.0978265 0.00181785 0.154417 0.00784366 0.0365704 6.74752e-08 0.000166852 3.21679e-07 0.00136958 0.0006001 0.000403998 0.000783788 0.00347291 8.79424e-06 
4.90364e-05 9.528e-06 0.0180417 0.372046 2.81786e-11 0.00186149 3.39514e-05 0.000597152 0.000403968 0.280245 0.00609198 0.000323252 0.000620865 0.00884421 8.77784e-05 0.0175304 0.0318295 0.0536458 0.0376743 0.0026729 0.0666388 4.24284e-05 0.000164957 0.00239097 0.000421241 0.0141505 0.00017477 0.012908 0.0701969 0.000303073 
5.81844e-05 0.000188293 0.100056 0.38778 4.87763e-05 0.00136426 3.34878e-05 0.00563931 0.00011452 0.255467 0.0586957 9.60994e-06 0.000363299 0.0145009 0.00320963 0.0143413 0.00937845 0.0159332 0.0042905 0.00555295 0.0124245 0.00013867 0.00726326 0.0024332 0.000459572 0.00701066 3.79741e-05 0.0177817 0.0754215 3.85206e-06 
2.76778e-08 0.00103694 0.0173815 0.279179 0.000228097 0.000103147 5.64998e-05 0.00084449 0.00401263 0.200338 0.022175 0.000476696 2.33748e-05 0.028323 0.000954406 0.0227723 0.0572514 0.0471945 0.0271926 0.00227653 0.117815 9.11605e-06 0.00837439 0.00335229 6.73371e-05 0.00433925 7.89888e-05 0.00701289 0.14531 0.00182123 
6.03064e-09 4.17125e-05 0.00253649 0.23248 1.8945e-07 0.00177112 0.000129921 0.00561124 0.0297666 0.0258227 0.00988688 1.03219e-06 6.08357e-05 0.0385611 0.00263497 0.154118 0.0387348 0.120618 0.171505 0.00718391 0.0513098 4.13319e-06 0.00129511 0.0305576 0.000910904 0.00161363 2.1228e-05 0.0348644 0.0379581 1.14672e-07 
0.000125826 4.95153e-05 0.0609273 0.556292 8.0447e-07 1.60156e-05 3.4132e-05 0.00578188 2.62517e-05 0.0731486 0.088221 3.41196e-06 4.487e-06 0.00815485 0.00231552 0.0120923 0.0085469 0.0147212 0.00412218 0.00572642 0.00986763 4.5348e-07 0.00168902 0.00107271 0.000226951 0.0012269 1.05009e-05 0.0193773 0.126211 6.79377e-06 
7.35959e-11 8.71822e-11 0.070945 0.170236 6.05274e-05 0.000433603 5.34157e-05 0.019127 0.00224384 0.0907721 0.0298775 4.26236e-05 2.52627e-05 0.074795 0.00385995 0.0755722 0.0754661 0.150278 0.00616275 0.00281629 0.0838863 0.00131085 0.00141153 0.00135235 0.000718089 0.00464101 1.71347e-06 0.0276183 0.10627 2.34054e-05 
0.000493848 0.00284887 0.0430606 0.590997 2.77213e-05 0.00044669 0.000132082 0.000537611 0.000210229 0.0343972 0.00146504 7.69152e-06 1.11968e-06 0.00198972 0.00214027 0.0104232 0.00570508 0.134814 0.00115032 0.00639782 0.0172923 5.12411e-05 0.00659456 0.00168861 0.000261357 0.0051671 8.16865e-05 0.0106686 0.12056 0.000389659 
1.91275e-08 0.000431514 0.0305956 0.227618 0.0011115 0.0104389 0.000195818 0.00185917 0.000550171 0.216417 0.126039 0.0051532 0.0763647 0.0189843 0.0144871 0.0314769 0.0214239 0.0162061 0.0100731 0.0162201 0.0478651 2.77431e-05 0.00743752 0.000884732 0.00492416 0.0384166 0.000144141 0.00645164 0.0681877 1.41837e-05 
0.000119797 1.31465e-08 0.0253484 0.298134 7.36519e-05 0.0076534 1.56862e-05 0.00021255 4.75799e-05 0.111561 0.0493568 3.46328e-07 3.15788e-11 0.00946248 0.000156635 0.00739846 0.0108172 0.0455055 0.0154711 0.00154613 0.0856077 2.59452e-11 1.50707e-05 0.00218455 0.000992845 0.00563352 0.000446584 0.195504 0.126734 1.47812e-06 
8.4775e-13 1.00425e-12 0.000277932 0.773739 9.95897e-13 0.000125394 8.55257e-06 5.72563e-09 2.37129e-05 0.055113 0.00373915 7.40904e-09 0.000102326 0.00426552 3.13674e-07 3.43965e-09 0.0428144 0.0110376 0.0022143 6.99632e-09 0.00161061 3.61149e-09 8.06452e-05 0.000506846 1.48747e-08 0.000681064 1.12519e-05 1.33928e-13 0.103648 1.97799e-08 
1.96027e-05 0.00346675 0.0245015 0.267183 2.81743e-06 0.000260931 2.25894e-05 0.00257301 0.000824196 0.0770971 0.038729 2.07011e-05 7.29722e-05 0.0439532 0.00696836 0.0249955 0.0201717 0.0245679 0.248663 0.064964 0.0728145 1.95147e-05 0.00521653 9.99363e-05 0.00217686 0.00428963 2.83907e-05 0.0259569 0.0403381 1.91507e-06 
4.98419e-08 1.13012e-06 0.0539991 0.594311 4.75644e-06 0.000408901 0.00208987 2.12123e-05 6.32744e-05 0.190639 0.00687653 2.82547e-06 5.22253e-06 0.00104388 8.03823e-07 0.000457219 0.0263609 0.00375617 0.00760939 0.014718 0.0290922 0.00113486 0.000177707 0.0202448 7.8122e-05 0.00444034 1.95925e-05 0.0186452 0.023791 6.2768e-06 
1.09927e-07 4.68962e-05 0.0165594 0.408093 1.29137e-07 0.000561451 2.6516e-07 0.00266728 0.000703673 0.0232047 0.168182 0.00279873 0.0166569 0.111626 0.000146999 0.0468709 0.00529167 0.0205549 0.0641619 2.36812e-05 0.0727987 0.00190976 0.00150796 0.00264118 2.34239e-05 0.00488717 0.00445555 0.0224595 0.00115661 9.68308e-06 
1.25573e-06 3.02516e-07 0.00334047 0.49845 4.78685e-06 0.000119975 4.64005e-05 0.000497285 0.000155788 0.0158779 0.0346391 8.36825e-07 0.0243737 0.000118202 0.00109864 0.105545 0.00250733 0.0916792 0.00633843 0.00950875 0.016211 0.000541138 0.0337558 0.00142932 5.36867e-05 0.0449278 9.06926e-06 0.00614405 0.102624 3.18842e-07 
0.00103069 1.21705e-07 0.0677318 0.348105 8.32341e-06 0.00160743 0.000457235 0.00677167 0.00182341 0.0521293 0.110393 0.00607953 2.24728e-06 0.0107629 0.0236423 0.0436155 0.0206322 0.0341715 0.00690485 0.00230925 0.0245976 4.107e-06 0.0422789 2.67175e-05 0.000695833 0.000682826 0.0159052 0.028152 0.149189 0.000290326 
0.000400415 0.00161785 0.0156735 0.555108 0.000383057 0.00104299 0.0887289 0.0110569 0.00254194 0.0344781 0.000380747 0.0116372 8.78241e-09 0.0383816 0.00293196 0.00846238 0.0154255 0.00835103 0.0399568 0.0223507 0.0212681 0.000515507 0.000809144 0.000591499 0.00574651 0.012179 0.000123323 0.0695549 0.0295407 0.000761506 
5.20236e-06 7.1934e-05 0.0760457 0.407164 3.18591e-05 0.00114135 0.000171324 0.0105471 0.000550897 0.115175 0.0372867 2.664e-05 2.40847e-05 0.007485 0.00157206 0.0187109 0.0163756 0.02319 0.0331234 0.0126813 0.0410099 1.10632e-06 0.0101116 0.0525435 0.000525463 0.00605266 5.55569e-05 0.0216541 0.106358 0.00030742 
3.06778e-10 7.14173e-08 0.0275062 0.32035 3.60388e-10 1.91296e-07 0.0900653 0.00101316 5.84951e-07 0.247 0.00465356 0.00114896 4.07761e-10 0.0203287 6.72932e-11 8.08773e-11 0.0272365 0.00180908 7.80779e-07 0.00343105 0.00786179 0.000170343 3.90833e-08 1.0142e-06 2.00842e-10 0.0285248 0.000724577 0.217603 3.32873e-07 0.000570428 
3.34493e-08 1.70485e-07 0.0328925 0.185682 0.000132158 0.174478 3.58793e-05 0.0114376 0.00821862 0.100678 0.072867 1.54297e-08 3.82175e-08 0.0035092 0.0144574 0.059008 0.00382778 0.0436031 0.0124051 0.00278628 0.0322451 0.00174315 0.00522939 0.0013776 0.000134465 0.00718514 9.65432e-05 0.015171 0.18205 0.0287484 
1.47698e-07 1.74071e-07 0.00544327 0.462376 3.08548e-06 0.000273686 0.000159804 0.00073795 0.000408638 0.0290099 0.0131606 2.30635e-06 0.216175 0.0569927 0.00207826 0.00668069 0.094288 0.00498458 0.000744113 0.00158415 0.0255708 8.52461e-07 0.000724433 0.0443475 0.0122518 0.000831378 0.000293791 0.000622441 0.0202209 3.32639e-05 
0.000288001 0.000793967 0.0289581 0.42033 0.000330941 0.00397942 5.42883e-05 7.90919e-05 9.64066e-05 0.072725 0.0313289 1.35538e-05 0.00558943 0.00948173 0.00589218 0.00404443 0.00512661 0.0304037 0.0920299 0.0196123 0.157095 1.91968e-05 0.000514856 0.00055499 0.00172964 0.0199413 3.11961e-05 0.0338908 0.0550493 1.55922e-05 
3.99745e-10 4.7354e-10 0.00094167 0.350801 3.40642e-07 4.89096e-07 5.66033e-09 0.0352602 6.13077e-05 0.00495685 0.0504579 3.63477e-08 0.271471 0.00988752 2.60307e-07 0.0753374 0.00216752 0.00254927 0.0131115 0.000732177 0.179837 1.73849e-07 4.76754e-05 3.21889e-05 1.53746e-05 0.00118602 1.57317e-06 0.00114369 1.43048e-07 4.12678e-10 
1.96746e-09 1.31484e-05 0.0541117 0.252296 0.00351095 0.00277495 6.76004e-05 0.00182127 0.000832436 0.125323 0.0749656 0.000149187 0.00679645 0.0193512 0.00161848 0.0249 0.00157284 0.213147 0.00622051 0.0182398 0.0177939 2.8432e-05 0.00317292 0.000133518 0.000262702 0.000881858 3.62539e-05 0.0062787 0.163692 7.84797e-06 
5.28019e-07 0.000312715 0.0107457 0.439064 1.43039e-05 0.00017516 0.000143152 0.0045166 0.000672306 0.0337378 0.0565942 9.73392e-07 3.17084e-08 0.0222769 0.0482669 0.0156074 0.0247257 0.0337145 0.0157479 0.0202832 0.0344226 4.09768e-06 0.0109526 8.12859e-05 0.000249215 0.000746476 0.00154522 0.0013698 0.223996 3.22917e-05 
6.69984e-06 2.95008e-05 0.00830333 0.285933 1.16432e-05 0.0217057 0.00468597 0.00152623 0.00414339 0.25 0.0129292 6.47344e-06 4.21984e-06 0.016382 0.0216682 0.0218614 0.0735871 0.0119884 0.0120762 0.0146005 0.126073 0.00122332 0.00440806 0.000995563 0.000813243 0.00571919 0.000221009 0.0285347 0.0705098 5.19035e-05 
2.16299e-06 1.54998e-05 0.0134141 0.367448 3.4893e-05 0.000900325 4.71289e-05 0.000121257 0.000381818 0.0636122 0.0343941 6.33243e-05 0.000657671 0.0199751 0.000165857 0.00821452 0.102131 0.117068 0.00818039 0.00952617 0.0412894 0.00167474 0.00061005 0.000314814 0.000454683 0.00506503 2.16191e-05 0.116955 0.0870846 0.000175669 
2.64468e-09 0.000134383 0.00123973 0.487924 1.22798e-05 0.000369283 3.1381e-05 2.10419e-05 2.81424e-05 0.0472722 0.0109506 1.0597e-06 2.18792e-09 0.000848849 5.01079e-05 0.00078117 0.00959133 0.0104333 0.0326424 0.0189642 0.0213998 8.21254e-09 0.000505223 1.74321e-05 0.00183131 0.000288786 0.00015025 0.0100193 0.344488 4.46644e-06 
1.92587e-11 2.2814e-11 0.0964624 0.289881 0.000143031 0.000449278 3.03752e-05 1.84746e-08 0.000126266 0.099129 0.275346 1.8494e-11 2.55982e-11 0.00217578 2.96446e-07 0.00814994 0.00148349 0.0292633 0.00876778 0.0199255 0.0414973 5.88336e-08 0.000113045 8.51914e-08 0.0633154 0.00376123 4.90167e-08 0.0173003 0.0426796 1.98818e-11 
