0.000128379 0.000787838 0.0324493 0.00840146 0.000631391 0.000480856 0.00171992 0.376994 0.0107511 0.0253736 0.0221617 1.05706e-05 0.00153953 0.0724487 0.0154533 0.11323 0.05686 0.0459016 0.0276654 0.0242515 0.0718823 0.000120329 0.00367177 0.00838126 0.0181385 0.00515041 4.94652e-05 0.0206705 0.0346805 1.43512e-05 
5.44681e-08 0.000300451 0.127228 0.0283115 0.000182729 0.000141751 6.06771e-07 0.368107 0.00319521 0.0124308 0.00322525 2.17212e-08 7.76237e-09 0.000825696 0.000138985 0.024204 0.0128277 0.151935 0.00087123 0.073817 0.0300611 3.1436e-06 8.48736e-05 0.00118394 0.00106246 0.00147021 2.63222e-05 0.0123407 0.145867 0.000156629 
1.07035e-05 0.000382788 0.0110971 0.00720131 4.67899e-06 5.80873e-06 2.51751e-05 0.611821 0.00349583 0.0362087 0.00633344 3.33741e-05 6.91671e-05 0.035264 0.00299477 0.041545 0.0968386 0.0369966 0.00196776 0.000576031 0.0448703 3.0224e-08 0.00214998 4.06593e-05 0.00382827 0.000956267 2.66844e-05 0.0104317 0.0153126 0.0295116 
3.03783e-07 0.000133584 0.195446 0.00877828 3.13537e-05 1.17639e-05 0.000113372 0.356647 0.00145436 0.0210405 0.00441771 0.000450563 2.3464e-07 0.0427121 0.000710779 0.220061 0.0527054 0.0216301 0.00110888 0.000574878 0.0188419 3.9531e-05 0.00213948 0.00350179 4.09131e-05 0.00282543 3.04233e-06 0.0211986 0.0228306 0.000550371 
1.65682e-05 4.24091e-08 0.0103857 0.000547712 2.45815e-05 0.000138494 5.08924e-05 0.508929 0.0383661 0.00681599 0.00886295 8.70128e-06 4.33293e-07 0.00665064 0.000425809 0.359851 0.0126993 0.0057187 0.00070603 0.00366229 0.0122032 4.07003e-05 0.00229718 0.00193835 0.000146848 0.000641409 0.00139109 0.00746137 0.00843497 0.00158318 
1.2617e-09 1.49462e-09 0.00828024 0.0063654 0.0204735 1.03738e-06 1.95839e-07 0.404991 0.0116235 1.88933e-06 0.00019782 1.03529e-07 1.67702e-09 0.024909 0.0321215 0.378786 0.00154969 0.0431294 0.000154733 3.77253e-10 0.000169942 1.37784e-09 3.09385e-05 0.00174815 8.26012e-10 0.0487992 9.54303e-06 0.00950366 0.0071533 1.30252e-09 
6.00265e-10 7.16819e-08 0.0325161 0.00719162 0.000136485 0.0461473 0.000171725 0.348895 0.0129254 0.0266014 0.00407283 3.58294e-06 2.33654e-09 0.0223913 0.0233846 0.20048 0.0317364 0.0994583 0.0143508 0.0134042 0.0179861 1.36961e-05 0.0351084 0.000747045 0.000322078 0.00191704 9.87823e-06 0.0327139 0.0270318 0.000283064 
5.57165e-10 0.00168711 0.00428151 0.00179149 9.74626e-05 4.72935e-10 6.32153e-06 0.493206 0.000860493 0.0119379 0.00146366 5.35042e-10 3.12181e-05 0.0171794 0.000296259 0.0652862 0.35113 0.0248174 0.000506671 0.000385792 0.00592793 3.69531e-07 0.00115002 0.00157356 0.00230153 0.00232316 0.000619237 0.00148294 0.00964061 1.63545e-05 
2.22797e-05 2.30057e-11 0.00314386 0.000892431 2.28143e-11 7.15106e-06 1.30967e-05 0.748411 0.0679432 0.013621 0.00102364 5.12212e-09 1.01466e-07 0.00512565 0.00649969 0.11855 0.00202301 0.00977777 0.000192103 0.000174646 0.013361 7.49842e-10 6.02976e-05 0.000445132 0.000190169 6.3627e-05 1.73919e-06 0.000758369 0.00746559 0.00023336 
1.88272e-07 0.00591755 0.0570536 0.038874 3.95122e-05 0.000626834 0.0180503 0.536351 0.00110946 0.024528 0.00207145 1.27465e-05 0.0462492 0.0593111 0.0013478 0.048391 0.0250457 0.00970108 0.00223608 0.0022637 0.00309606 0.00015596 6.71607e-05 0.0123257 0.0360288 0.0180529 3.36363e-06 0.00568776 0.0446973 0.00070479 
5.38999e-11 6.38502e-11 2.60248e-06 9.72579e-12 6.33191e-11 4.57516e-11 1.35226e-08 0.2215 0.186926 0.162729 4.80318e-08 5.17598e-11 7.16425e-11 0.0621198 3.88985e-06 0.0964302 0.0212648 0.1455 0.00213032 0.000294913 0.094109 1.00124e-07 0.00697896 3.24764e-11 3.2115e-07 8.39405e-09 7.31318e-08 2.3851e-08 9.07015e-06 1.78115e-07 
1.78556e-05 3.2678e-07 0.00257962 0.00157652 3.49557e-08 1.95515e-05 3.47246e-06 0.557382 0.108668 0.0187135 0.00098615 4.82291e-07 1.07075e-08 0.00800952 0.0638253 0.128689 0.00232394 0.0192793 0.000114575 0.000181379 0.043292 3.99788e-08 0.00107256 0.000399838 0.000165092 0.000136861 6.21461e-08 0.000679596 0.0418655 1.83577e-05 
5.57165e-10 0.00168711 0.00428151 0.00179149 9.74626e-05 4.72935e-10 6.32153e-06 0.493206 0.000860493 0.0119379 0.00146366 5.35042e-10 3.12181e-05 0.0171794 0.000296259 0.0652862 0.35113 0.0248174 0.000506671 0.000385792 0.00592793 3.69531e-07 0.00115002 0.00157356 0.00230153 0.00232316 0.000619237 0.00148294 0.00964061 1.63545e-05 
2.69557e-06 0.000460932 0.0644243 0.00171728 6.66751e-05 0.000484404 0.00413642 0.302538 0.0227062 0.0176781 0.0157437 4.30905e-07 5.30498e-05 0.0368995 0.00661103 0.247971 0.0158165 0.0930905 0.00473344 0.00197675 0.032889 4.48681e-05 0.0326263 0.00831167 0.000712007 0.008281 0.00442818 0.0347584 0.04071 0.000127997 
4.76083e-08 1.30217e-08 0.0673035 0.00468874 6.67736e-05 1.50494e-05 0.000197653 0.336451 0.00393846 0.0620298 0.00831688 0.000138177 1.46108e-08 0.00408259 0.000421039 0.0778964 0.0430786 0.197127 0.00133578 0.041534 0.0127768 4.04771e-06 0.000266999 0.000767214 0.000287597 0.00201298 0.000380207 0.0264581 0.108354 7.08429e-05 
1.39329e-10 1.65051e-10 0.00631302 6.38606e-07 1.63678e-10 0.000637556 8.82521e-07 0.867032 0.000918104 8.8801e-07 2.35563e-06 1.04542e-07 1.85193e-10 0.0102664 0.000109353 0.0206385 0.00737483 0.0143474 0.0113163 0.00265567 0.00601409 2.13872e-07 3.89987e-05 0.0168744 3.30836e-05 1.16546e-06 2.02821e-07 0.0129076 0.0225165 3.68738e-08 
5.13107e-09 0.00119953 0.00411382 0.00126409 7.16007e-05 4.35538e-09 4.50285e-06 0.445311 0.000608441 0.0180328 0.0420813 4.92734e-09 0.000138103 0.0448653 0.000463918 0.0587103 0.331401 0.0175165 0.000401539 0.000378507 0.00692991 0.00721098 0.000811758 0.00165251 0.00162656 0.00188944 0.000502855 0.00389292 0.00890957 1.17097e-05 
2.88175e-05 8.94584e-06 0.0520734 0.00407271 0.00183427 3.11299e-05 0.000720448 0.573077 0.00255815 0.0138019 0.00292125 6.69572e-05 0.000143415 0.0138259 0.00676778 0.0256817 0.0291927 0.0264099 0.004785 0.104586 0.0147822 1.99042e-06 0.00146587 0.00302337 0.000476295 0.00107705 4.7994e-05 0.0715708 0.0449662 2.0211e-07 
3.05654e-05 0.00508158 0.0238503 0.00685946 5.07499e-07 2.77899e-07 9.90894e-08 0.595538 0.00923152 0.0273373 0.000860628 3.70853e-05 3.93919e-06 0.00555612 0.00254416 0.195916 0.00238577 0.0214045 0.00606554 0.0010224 0.0619682 1.4559e-05 0.00145179 0.0136732 1.95861e-05 0.00801935 1.86302e-05 0.00516507 0.00566099 0.000282756 
6.47835e-06 0.00208772 0.00362555 0.0281218 8.88074e-06 3.73655e-08 3.16296e-05 0.474667 0.0722693 0.0749427 1.4325e-05 1.7153e-05 0.000246103 0.00764465 6.3955e-05 0.00986162 0.175326 0.121927 0.000499337 0.000598084 0.00246343 1.71668e-07 0.000972743 0.00171458 0.00161447 2.6076e-05 2.11169e-05 6.95435e-09 0.021228 2.65376e-07 
7.33902e-10 8.69385e-10 0.0118884 0.00132087 1.37024e-06 6.22954e-10 3.44969e-07 0.43413 0.000462407 0.0347432 0.00666199 8.72479e-07 9.75484e-10 0.00984854 1.60985e-10 0.153565 0.00755616 0.200001 0.00445543 0.00764726 0.0161151 0.000196207 2.36735e-08 4.42198e-10 0.00980628 0.000144163 1.24315e-09 0.0303158 0.0711387 3.10332e-07 
1.68314e-06 0.00430055 0.0836888 0.0045822 0.00798536 0.00996318 0.00258427 0.337095 0.00349908 0.0212461 0.00331307 8.96199e-06 3.97814e-06 0.0471568 0.00232949 0.111342 0.0228017 0.0470229 0.0278602 0.0189372 0.0372426 0.00175107 0.00761089 0.0106172 0.0589063 0.0269371 0.000745474 0.0272632 0.073041 0.000163117 
3.88485e-06 0.000207411 0.0310297 0.0173859 0.00513544 0.00162233 0.00029006 0.550715 0.00980835 0.0458153 0.00572182 0.000192043 0.000108852 0.0374461 0.000980469 0.128678 0.0195073 0.0567554 0.00230609 0.0011069 0.0202598 0.000463368 0.000413064 0.00246928 0.000138314 0.00529605 6.8723e-05 0.0320527 0.0238745 0.00014834 
5.43942e-09 3.66788e-06 0.054899 0.010228 4.40348e-05 0.00668061 0.00594087 0.382473 0.00248239 0.0490787 0.00362697 1.5033e-08 4.26004e-05 0.0694404 0.00100004 0.145885 0.0432305 0.0182994 0.00102036 0.0551952 0.0143947 1.00412e-05 0.00148749 0.00327279 0.00464295 0.000541345 3.74806e-05 0.114565 0.0114779 1.53246e-07 
5.00161e-09 5.92494e-09 0.0135904 0.0026464 5.70514e-07 4.46577e-07 0.00039524 0.231681 0.0155967 0.0724913 0.00457826 5.2854e-07 6.64802e-09 0.0548417 0.0034979 0.125683 0.0375517 0.147121 0.00735893 0.00577108 0.0484925 1.7722e-06 0.00121125 0.0150463 0.000252837 0.0164043 0.00021727 0.152876 0.042203 0.000488029 
6.55476e-05 0.000208054 0.195772 0.00234693 2.83803e-06 2.05063e-06 5.39838e-06 0.743582 0.000184033 0.0197105 0.000464117 2.31992e-06 3.21109e-06 0.0039034 1.30261e-05 0.00743027 6.34513e-05 0.000349953 4.64229e-05 1.45385e-05 0.00374222 2.63824e-06 9.4729e-06 0.00104436 0.000542789 0.00019351 8.2362e-05 0.0199031 0.000297028 1.33564e-05 
6.81377e-11 8.07163e-11 0.000322548 1.85644e-06 8.00449e-11 5.78369e-11 6.0497e-08 0.527744 0.0219065 0.0354153 1.37968e-11 1.80898e-08 9.05669e-11 0.00338414 0.00670231 0.139409 0.0037955 0.0792789 0.000464932 0.000187623 0.045172 1.96865e-08 0.00191567 0.000888513 2.39454e-07 0.000120643 5.85009e-07 1.07644e-11 0.132733 0.000556523 
2.36199e-06 0.000851785 0.0395932 0.00175367 0.000205022 0.00104182 0.000334518 0.465613 0.00472128 0.0347665 0.00583184 0.000159094 1.69323e-06 0.0165244 0.0107684 0.079344 0.0143394 0.0384194 0.00544438 0.0445647 0.103332 0.0026102 0.00274555 0.00279003 0.00296484 0.014472 0.0107212 0.012747 0.0832458 9.06168e-05 
9.75347e-10 2.41289e-07 0.00183342 2.42965e-05 4.11779e-06 8.27898e-10 3.76897e-08 0.761889 0.0150277 0.0133812 0.000527332 1.23548e-08 4.60023e-08 0.00155217 0.0548555 0.0912261 0.00532182 0.0247835 0.00038041 1.81286e-05 0.00946055 2.15305e-08 0.00250318 1.68223e-08 7.20748e-05 0.00217546 0.000209096 0.00264052 0.00346691 0.00864677 
6.0926e-07 0.00385398 0.0115005 0.0104854 8.92336e-05 0.00363842 0.0220724 0.255369 0.00691589 0.0349995 0.006516 0.000272246 3.22957e-06 0.0100422 0.0163827 0.105548 0.0197089 0.0426628 0.0114654 0.254036 0.0425545 0.00300229 0.00257915 0.00143207 0.000497039 0.0256133 0.00699013 0.01352 0.0881977 5.25669e-05 
1.22544e-08 0.000873144 0.00260335 0.00105659 0.0706412 4.67318e-11 0.000572243 0.767647 0.0452604 0.00187546 0.000556875 9.16848e-08 7.31774e-11 0.0028433 6.33209e-05 0.0477686 0.00392912 0.00695962 0.00100335 0.00100581 0.00096345 6.01227e-11 3.00436e-07 0.000334866 0.00185012 0.00517769 3.15833e-05 0.0359971 0.000985058 5.68359e-11 
3.60396e-07 0.00130825 0.0113296 0.0117174 1.30999e-06 0.000118467 0.000150662 0.410044 0.0148725 0.0064213 0.00249951 1.39536e-05 1.47699e-06 0.0744964 0.00313427 0.178329 0.0344514 0.053792 0.0566975 0.00174695 0.0508969 6.49172e-08 0.017916 0.000992875 0.0011591 0.00158341 6.72648e-05 0.0260103 0.0402245 2.33871e-05 
1.54108e-07 0.000707777 0.0114188 0.000416904 0.000110995 1.07318e-06 0.251593 0.292031 0.0883512 0.0141917 0.000322507 6.39063e-06 1.01524e-10 0.00132232 7.84524e-05 0.00852288 0.0396493 0.00174881 0.00274824 0.019523 0.00245312 4.0537e-07 0.000382502 0.00289666 4.67699e-05 0.000167016 0.00168769 0.162672 0.0969326 1.60006e-05 
0.00127391 0.00192874 0.0270259 0.00687658 0.00455087 0.00428954 0.00101075 0.536212 0.02957 0.0273368 0.00287485 1.72828e-05 5.52442e-05 0.040694 0.0050393 0.151368 0.0204093 0.046963 0.00483182 0.00148343 0.0298771 0.00155629 0.00978597 0.00130539 0.00452369 0.00620453 0.00048646 0.00670697 0.0216273 0.00411426 
4.8945e-06 6.70839e-07 0.0132225 0.00151556 4.85921e-05 0.000317904 3.76687e-05 0.728749 0.001345 0.0228659 0.00982507 3.30858e-05 0.000178035 0.068042 6.36897e-05 0.0820848 0.0017923 0.0360546 0.00552056 7.98114e-05 0.000145642 3.59516e-05 0.000423407 0.00753711 0.000150401 0.00344711 9.59245e-07 0.00314983 0.0133269 5.84618e-07 
4.32026e-07 3.30278e-05 0.0976576 0.00405492 0.000344283 9.84537e-07 0.0001862 0.358092 0.00134432 0.125706 0.00012865 0.000147289 1.45989e-05 0.00865415 0.00359752 0.257589 0.0123804 6.28772e-05 0.00121114 0.000795255 0.0744452 1.15599e-07 1.84789e-05 0.000247436 0.000566963 0.000387021 2.59038e-05 0.0350606 0.0160916 0.00115526 
9.74491e-08 0.000278853 0.0819461 0.0368672 0.00114803 4.06877e-05 0.0146438 0.258689 0.0651683 0.0423115 0.0010197 0.000392692 1.73161e-06 0.0376474 0.000694934 0.162566 0.00248093 0.0243067 0.000313128 0.000354973 0.016705 0.000727415 0.000118229 0.00628824 5.08359e-05 0.174046 3.34159e-07 0.00215908 0.0656475 0.00338624 
3.64451e-08 6.32572e-10 0.000905835 0.000206833 1.57035e-06 9.83339e-09 4.23459e-05 0.768288 4.77562e-06 0.0421451 4.07343e-07 6.07456e-06 1.69529e-07 0.00444771 0.000212226 0.0274213 0.0648595 0.005328 5.8116e-05 0.0007441 0.00459792 5.83149e-10 0.000147137 3.21747e-10 8.81214e-08 1.3084e-07 0.00125579 0.0640289 0.00923334 0.00606414 
4.40739e-07 5.33707e-11 0.000703246 0.0132296 1.56854e-07 8.61395e-07 3.79187e-08 0.499917 2.693e-05 0.0504558 0.0212324 0.000251895 1.35175e-07 0.0179589 0.000870156 0.138503 0.0556399 0.123412 0.000219657 0.000253519 0.0337899 2.08033e-08 0.00105354 0.00121506 1.87817e-07 5.37424e-08 4.64925e-08 0.000121792 0.0404349 0.000709716 
0.00029174 0.000171556 0.0001909 0.00032727 1.51006e-06 0.000317636 0.000411352 0.605701 0.00753171 0.00462754 0.000814708 5.64605e-06 0.000389767 0.113301 0.0022414 0.153114 0.0219833 0.0117564 0.000792825 0.000121358 0.0178809 7.06726e-09 0.00241315 0.000393867 0.000144132 0.0361387 0.00416648 0.00315747 0.00602898 0.00558311 
1.54108e-07 0.000707777 0.0114188 0.000416904 0.000110995 1.07318e-06 0.251593 0.292031 0.0883512 0.0141917 0.000322507 6.39063e-06 1.01524e-10 0.00132232 7.84524e-05 0.00852288 0.0396493 0.00174881 0.00274824 0.019523 0.00245312 4.0537e-07 0.000382502 0.00289666 4.67699e-05 0.000167016 0.00168769 0.162672 0.0969326 1.60006e-05 
0.00059438 0.00015039 0.00303414 2.27706e-05 0.000296966 2.66883e-05 4.03108e-06 0.724466 0.0184354 0.0256803 0.000254091 7.55639e-07 1.04591e-06 0.1005 0.00179654 0.022471 0.0104618 0.059218 0.000335037 0.000326062 0.0219389 1.42523e-06 0.0019744 0.000436665 0.00011093 0.000334289 0.000130894 0.000866908 0.00606921 6.05204e-05 
2.6355e-09 1.3946e-06 0.00259307 0.000862618 0.0683134 4.62291e-11 0.000348339 0.786771 0.036928 0.00186936 0.000533776 7.48796e-09 7.23903e-11 0.00046047 4.73295e-05 0.0493609 0.00366075 0.00708857 0.000812465 0.000964687 0.000917375 5.9476e-11 6.8731e-09 0.000234679 0.000477913 0.00384005 2.96528e-05 0.0328902 0.000993567 5.62246e-11 
4.25191e-09 0.00081034 0.0271842 0.0237013 0.00596346 2.03386e-06 4.30809e-06 0.254247 0.0303833 0.00927799 0.000524534 1.45983e-07 0.000378884 0.0364186 0.00199774 0.243116 0.012679 0.226413 0.00193453 0.00174362 0.00949047 5.73683e-07 0.000471717 0.000296716 3.29164e-05 0.0070632 4.0928e-05 0.00669011 0.0991051 2.81901e-05 
2.22797e-05 2.30057e-11 0.00314386 0.000892431 2.28143e-11 7.15106e-06 1.30967e-05 0.748411 0.0679432 0.013621 0.00102364 5.12212e-09 1.01466e-07 0.00512565 0.00649969 0.11855 0.00202301 0.00977777 0.000192103 0.000174646 0.013361 7.49842e-10 6.02976e-05 0.000445132 0.000190169 6.3627e-05 1.73919e-06 0.000758369 0.00746559 0.00023336 
1.54108e-07 0.000707777 0.0114188 0.000416904 0.000110995 1.07318e-06 0.251593 0.292031 0.0883512 0.0141917 0.000322507 6.39063e-06 1.01524e-10 0.00132232 7.84524e-05 0.00852288 0.0396493 0.00174881 0.00274824 0.019523 0.00245312 4.0537e-07 0.000382502 0.00289666 4.67699e-05 0.000167016 0.00168769 0.162672 0.0969326 1.60006e-05 
1.47579e-06 1.16734e-05 0.0477538 0.00418175 0.000566061 0.000405252 6.00381e-05 0.264534 0.0324666 0.051261 0.00845803 6.23292e-06 2.21576e-06 0.0152008 0.0516559 0.0950404 0.097878 0.104763 0.00654992 0.00622161 0.149953 8.27764e-09 0.0246853 0.00186399 0.00145151 0.000994549 0.00413861 0.0148853 0.0138496 0.00116096 
2.66245e-07 2.17715e-05 0.0110635 0.00142567 0.000168222 0.000222004 1.41703e-05 0.368222 0.0498677 0.0291576 0.00350521 1.17209e-07 2.69816e-06 0.00582046 0.0214646 0.321059 0.00483252 0.0373641 0.000450003 0.0017763 0.0365811 0.000204983 0.0521698 0.00093358 5.23432e-05 0.0171477 0.00185624 0.00536525 0.0292322 1.84155e-05 
0.000174477 6.17522e-07 0.0255135 0.000838835 0.0001682 1.18372e-05 0.000181323 0.709453 0.000826845 0.0118607 0.00281584 1.1328e-05 4.46686e-10 0.00960418 0.0212716 0.0102143 0.00319015 0.0270671 0.0020353 0.000604486 0.0370174 3.87694e-05 4.80839e-05 0.000566451 0.0205046 0.00878046 3.84929e-05 0.0111628 0.0959994 8.75751e-08 
8.86184e-05 0.0821796 0.191823 0.0182494 0.000220904 0.00842291 5.37847e-05 0.324425 0.00199046 0.0293652 0.00699845 2.12637e-08 0.000717815 0.0818743 0.00235182 0.0447401 0.00434657 0.052368 0.016914 0.00692441 0.065461 1.70515e-06 0.00750715 0.00395184 0.000175259 0.0120906 9.54663e-06 0.0329176 0.00382365 7.33782e-06 
4.45877e-08 1.81095e-10 0.0054429 0.000223445 7.07312e-08 8.0182e-05 1.24605e-08 0.822787 0.000214189 0.00356817 2.00573e-05 1.46803e-10 5.09593e-08 0.00166425 0.000184371 0.100446 0.000347707 0.0127265 5.18127e-07 0.000957232 0.00238234 3.23998e-06 5.43411e-07 0.000124714 1.34619e-05 0.0180997 0.00531435 0.00594291 0.0193953 6.07396e-05 
2.43722e-09 0.000644591 0.0247368 0.0214044 0.00010185 2.24325e-06 0.000146442 0.511114 0.0252809 0.0078732 0.0029229 6.02912e-06 0.000101039 0.00286063 0.000161756 0.0659686 0.00535993 0.171643 0.00446487 0.0117026 0.0336729 2.56465e-06 0.000173909 0.0136807 6.38048e-06 0.00480611 1.61499e-05 0.0117865 0.0768654 0.00249395 
1.93988e-08 2.10585e-10 0.000827732 1.95087e-07 8.92115e-07 6.95726e-07 2.03108e-07 0.789815 0.00109695 5.10618e-07 2.04362e-07 5.5544e-08 2.36285e-10 0.00898175 7.17145e-08 0.0880628 0.0148703 0.0110847 4.31852e-07 0.00304998 0.00018427 1.94132e-10 3.38388e-11 0.0506619 2.23476e-07 8.93874e-07 1.22394e-07 0.0011592 0.0302006 1.83519e-10 
1.4058e-11 1.66532e-11 1.66979e-12 5.88195e-09 5.67887e-08 1.19327e-11 2.51742e-12 0.981533 0.00280688 1.45549e-09 2.8465e-12 1.34998e-11 1.86855e-11 2.37221e-12 5.48414e-09 0.0150588 2.71148e-08 1.97504e-07 1.4104e-08 4.20338e-12 0.000149001 3.80549e-09 1.58381e-05 8.47035e-12 9.2035e-12 5.45962e-12 2.38127e-11 2.22089e-12 0.000436524 1.45128e-11 
5.43942e-09 3.66788e-06 0.054899 0.010228 4.40348e-05 0.00668061 0.00594087 0.382473 0.00248239 0.0490787 0.00362697 1.5033e-08 4.26004e-05 0.0694404 0.00100004 0.145885 0.0432305 0.0182994 0.00102036 0.0551952 0.0143947 1.00412e-05 0.00148749 0.00327279 0.00464295 0.000541345 3.74806e-05 0.114565 0.0114779 1.53246e-07 
0.000108168 9.80916e-11 0.00414845 0.000123528 9.72757e-11 8.69338e-08 1.48283e-11 0.65786 0.00143069 0.0147832 6.81124e-05 1.18986e-06 9.85075e-08 0.000578961 0.000111074 0.0147492 0.000305007 0.0270488 0.00130136 5.14868e-05 0.0532392 9.04277e-11 7.86446e-06 0.00232332 5.32086e-05 0.000416524 1.40263e-10 0.000242822 0.221048 2.6716e-07 
0.000108168 9.80916e-11 0.00414845 0.000123528 9.72757e-11 8.69338e-08 1.48283e-11 0.65786 0.00143069 0.0147832 6.81124e-05 1.18986e-06 9.85075e-08 0.000578961 0.000111074 0.0147492 0.000305007 0.0270488 0.00130136 5.14868e-05 0.0532392 9.04277e-11 7.86446e-06 0.00232332 5.32086e-05 0.000416524 1.40263e-10 0.000242822 0.221048 2.6716e-07 
1.54108e-07 0.000707777 0.0114188 0.000416904 0.000110995 1.07318e-06 0.251593 0.292031 0.0883512 0.0141917 0.000322507 6.39063e-06 1.01524e-10 0.00132232 7.84524e-05 0.00852288 0.0396493 0.00174881 0.00274824 0.019523 0.00245312 4.0537e-07 0.000382502 0.00289666 4.67699e-05 0.000167016 0.00168769 0.162672 0.0969326 1.60006e-05 
2.76866e-05 1.99547e-05 0.0139751 0.0017554 0.0229958 0.00144895 1.60721e-08 0.279924 0.00991224 0.0119444 0.0112971 8.61875e-08 1.25646e-05 0.205246 0.0039367 0.152776 0.199142 0.0436584 0.00163895 0.000274297 0.0165449 5.75086e-07 0.000343512 1.72489e-05 0.00988592 0.000166932 8.18087e-05 0.0120702 0.000901472 9.41579e-07 
7.42753e-07 1.31424e-05 8.75996e-06 3.18508e-07 9.7359e-05 6.30467e-07 1.35867e-06 0.924964 0.019417 0.00136947 1.85261e-05 2.3662e-05 9.87249e-07 0.01284 4.32018e-05 0.00806785 0.0236965 0.000186845 0.00238916 2.22086e-07 0.000436256 9.29744e-07 0.000460593 3.53501e-05 6.47256e-05 1.80093e-05 1.25814e-06 1.17341e-07 0.00551343 0.00032967 
4.1852e-06 0.00204497 0.00436415 0.000863164 8.70923e-08 6.2929e-08 1.3276e-08 0.972747 0.00231388 4.97335e-09 0.000336795 7.1193e-08 9.85407e-08 0.000285725 0.000339565 0.00964123 0.000378021 0.00188767 3.11046e-05 3.0011e-06 0.00216143 3.02117e-07 0.000162814 2.50042e-06 3.08822e-05 9.00423e-06 1.25579e-07 0.000675764 0.00171619 7.65352e-08 
0.000172141 0.00848755 0.00980265 0.00671395 0.07464 1.55815e-05 2.71733e-05 0.325236 0.00275804 0.0288339 0.00121823 2.31743e-07 4.56322e-05 0.0082956 0.0106164 0.171012 0.00385728 0.0279091 0.0730495 0.0117555 0.0648451 3.90748e-07 0.000943189 0.00097622 0.000569823 0.0221038 1.02374e-05 0.0207029 0.125364 3.69627e-05 
2.65171e-06 5.50176e-07 0.0255145 0.00758423 1.66737e-05 0.0024427 4.34187e-05 0.173359 0.00266834 0.0294207 0.00700037 9.95743e-06 0.000185655 0.158341 0.00858508 0.128897 0.147274 0.120568 0.0043836 0.0147964 0.0724 4.89132e-05 0.00585537 0.00565709 0.00664976 0.00367327 4.7435e-05 0.0201121 0.0543894 7.16864e-05 
4.44334e-05 0.0320805 0.0147538 0.0940882 1.85382e-06 1.45514e-05 3.29751e-05 0.409303 0.0021019 0.0166067 0.00935573 5.37132e-08 7.43462e-08 0.102239 0.00300141 0.121517 0.0282488 0.0645106 0.000590735 0.00044167 0.0254784 1.98994e-05 0.0410287 0.00101806 1.50764e-05 0.00398543 9.07545e-05 0.00728826 0.0214803 0.000662102 
3.6315e-06 0.000254126 0.037387 0.00957714 0.00128494 9.44571e-05 0.0401022 0.180131 0.018818 0.0416362 0.0175314 1.20229e-05 0.00057701 0.0606738 0.00798205 0.0743068 0.116534 0.0687213 0.0116683 0.077052 0.0689539 4.96747e-06 0.00644482 0.00770573 0.000373395 0.00450511 0.000646738 0.106079 0.0407137 0.00022535 
4.14098e-07 0.00014917 0.0599324 0.000575494 0.00113834 0.000114078 4.81297e-05 0.682158 0.000110042 0.00181907 0.000171367 1.04364e-06 3.00373e-06 0.0324379 2.04938e-05 0.0644926 0.0341006 0.0206999 0.00012453 0.00277161 0.0326154 3.33075e-05 0.015607 0.00652475 0.00247591 0.00125331 0.000164854 0.0339079 0.00329235 0.00325664 
4.84498e-07 1.17516e-05 0.0627723 0.0370464 0.00107667 4.11254e-07 8.07605e-06 0.27029 0.00468771 0.0205932 6.67877e-05 4.6526e-07 6.43983e-07 0.0901046 0.000674416 0.134421 0.0386257 0.101827 0.00861052 0.00572073 0.000760441 1.05599e-05 0.000162248 2.91925e-07 0.024768 0.000828346 0.00394484 0.192234 0.000751916 5.00173e-07 
1.96974e-06 0.000252655 0.0802632 0.00489758 4.75148e-05 0.00147473 0.00154797 0.253855 0.0188777 0.0186647 0.00480318 1.7638e-06 9.52543e-05 0.0712509 0.000304328 0.0687561 0.0260057 0.0767923 0.00940992 0.00318815 0.0642615 0.00018723 0.0011791 0.0202503 0.00721529 0.04748 0.00255824 0.1616 0.0547483 2.8953e-05 
4.05927e-05 1.36731e-10 0.00194025 3.60247e-05 0.000113695 0.000130498 0.00338427 0.314256 0.146313 0.00308187 0.000461782 1.92095e-06 2.04582e-06 0.000597837 0.000387731 0.0278516 0.0289245 1.37376e-07 0.000583795 0.148396 0.00141582 4.2363e-08 0.000242216 0.000722638 7.81064e-05 4.44358e-05 0.000577281 0.283769 0.0366468 1.19157e-10 
4.04731e-07 9.73566e-10 0.165054 0.00572389 9.65468e-10 6.97605e-10 1.47172e-10 0.297384 0.000628448 0.0190385 2.76382e-07 7.89215e-10 2.23869e-07 0.011689 0.024859 0.18121 0.00974552 0.150053 0.000516376 1.16643e-05 0.0366413 8.97502e-10 0.000701902 2.28023e-06 0.000366684 0.0703415 1.31079e-05 0.00143399 0.024207 0.000378206 
1.76666e-10 4.22187e-08 0.0336966 0.00505396 0.000614293 0.000900953 0.00127956 0.451052 0.00879358 0.117185 0.0320773 1.47332e-05 1.70155e-06 0.000752234 0.000512876 0.109493 0.005205 0.0142824 0.0210897 0.00865908 0.0641006 0.00016356 0.00453109 0.00133023 0.000368517 0.0142267 0.000614662 0.050984 0.0530144 2.38795e-06 
6.52732e-08 7.36796e-05 0.00203652 1.60549e-05 1.40069e-05 7.9399e-05 4.70922e-05 0.429649 0.00139979 0.115396 0.000424062 3.12099e-07 1.00247e-06 0.0113994 0.00121013 0.325629 0.0512137 0.00390982 0.00061856 0.00647884 0.00677122 1.89925e-06 0.00502499 0.000740763 0.02395 1.38416e-05 3.51733e-06 0.000392226 0.0134583 4.77613e-05 
6.00082e-07 0.00745981 0.265892 0.00173576 2.71799e-06 0.000874435 1.75313e-06 0.418225 0.000153158 0.0080901 0.000557655 1.47091e-07 0.000267193 0.0146928 0.000266938 0.152845 0.000845894 0.0022355 2.78143e-05 0.000942486 0.0860926 2.10711e-05 1.73491e-06 0.000528098 0.00188869 0.00110241 5.0512e-06 0.0123599 0.0227231 0.000160602 
0.000184475 5.99982e-06 0.00211441 0.000703762 0.00148184 8.72384e-06 9.91279e-06 0.64282 0.0529623 0.0103435 0.000447985 2.35302e-05 2.64945e-05 0.089994 0.0511471 0.0789003 0.0498526 0.000551018 3.45406e-05 8.80828e-06 0.00769983 1.03459e-06 0.000522602 0.000145249 0.00066241 8.53993e-05 1.0384e-06 0.000706915 0.00540956 0.00314493 
0.00523079 3.82589e-05 0.0188349 0.0264111 0.00212812 0.00469863 0.0100652 0.298579 0.00146206 0.0102758 0.00582225 1.23445e-06 8.51099e-06 0.0177669 0.00312539 0.0950887 0.0176839 0.0808851 0.00520191 0.0435694 0.0484518 0.00606622 0.000573601 0.0389324 0.0314393 0.00763005 6.41119e-05 0.183022 0.0369229 1.99088e-05 
3.10244e-07 1.15483e-05 0.0234709 0.037189 8.5569e-05 0.000388458 7.72106e-05 0.281649 0.00313611 0.0356739 0.00559292 6.62845e-05 0.00101083 0.0923554 0.000772842 0.0441424 0.275304 0.0240097 0.00746762 0.00884482 0.0312486 6.52272e-05 0.000848167 0.000427337 0.0010665 0.012348 0.000285455 0.0576414 0.052652 0.00216807 
8.12602e-07 0.00266816 0.0859165 0.00172737 4.31296e-05 9.58932e-05 8.89096e-05 0.557455 0.0097476 0.148736 0.000805266 7.52736e-08 4.01527e-09 0.00290787 0.00136775 0.0782794 0.005582 0.0223445 0.000957384 0.000983103 0.0566018 3.67171e-07 0.00353595 0.000116365 0.000351355 7.53688e-06 0.00016041 0.00669633 0.0128236 1.99539e-07 
5.06041e-07 2.79574e-05 2.86948e-06 0.231312 3.69368e-09 0.000109616 4.75089e-07 0.2582 9.09259e-05 0.0134286 0.00225153 7.74988e-06 2.44655e-06 0.128966 0.00859936 0.0751182 0.162873 0.0484796 0.0152828 1.24584e-05 0.0273424 3.43366e-09 0.00210964 0.000510312 7.61838e-07 0.00838861 5.32597e-09 5.83871e-06 0.0168623 1.41279e-05 
4.05927e-05 1.36731e-10 0.00194025 3.60247e-05 0.000113695 0.000130498 0.00338427 0.314256 0.146313 0.00308187 0.000461782 1.92095e-06 2.04582e-06 0.000597837 0.000387731 0.0278516 0.0289245 1.37376e-07 0.000583795 0.148396 0.00141582 4.2363e-08 0.000242216 0.000722638 7.81064e-05 4.44358e-05 0.000577281 0.283769 0.0366468 1.19157e-10 
2.82148e-06 5.64253e-06 0.0150982 0.00089568 8.27993e-05 3.89192e-05 5.51455e-05 0.746871 0.00373642 0.0367269 0.00105109 7.22441e-08 4.22193e-07 0.0271 0.000115439 0.0573777 0.0290995 0.0356987 0.000316267 0.00177354 0.0101496 3.70635e-06 0.000514253 0.0014077 0.000108397 0.00055817 8.46227e-05 0.0221774 0.00893897 1.09459e-05 
0.000780859 0.00346677 0.0262557 0.00578818 0.000332068 0.00420968 9.23615e-05 0.578357 0.00807534 0.0454936 0.0071927 7.44553e-06 0.00331308 0.0474266 0.00463289 0.078764 0.0224993 0.0428626 0.00401349 0.00372723 0.0433943 0.000360954 0.0124232 0.00558677 0.00402061 0.00264975 0.000151362 0.0207752 0.0233126 3.40318e-05 
0.00110807 1.48364e-05 0.0285366 0.0597216 0.000126559 0.00171043 0.00830898 0.213898 0.00617586 0.0583938 0.0092787 1.10216e-06 0.000121202 0.0177177 0.00548671 0.114872 0.0208527 0.0459811 0.0192722 0.0977967 0.0847203 0.00674073 0.00134034 0.00424632 0.000691663 0.0280533 0.0183274 0.103582 0.0427811 0.000141393 
0.000214554 9.19262e-07 0.0308419 0.0223527 1.27336e-05 0.000371315 6.66838e-06 0.314577 0.00313807 0.036156 0.0010939 7.6646e-06 1.17146e-05 0.0152715 0.00106054 0.102269 0.0184717 0.129692 0.00416406 0.000943597 0.0759561 0.00189947 0.00238472 0.00202675 0.000292235 0.00464068 0.000195347 0.0236896 0.208 0.000257526 
7.61051e-06 2.09694e-06 0.00557218 0.000934813 4.08781e-07 6.00569e-05 5.23171e-06 0.886432 0.00104267 0.00350644 0.000197438 3.69688e-10 1.35724e-06 0.00296929 7.75907e-05 0.0246808 0.00416291 0.033865 0.000728994 0.000424158 0.00523283 1.11601e-05 0.000747535 0.000278693 2.06672e-05 0.00104447 2.30984e-05 0.0159511 0.0120195 3.19026e-07 
4.86201e-06 3.2896e-11 0.000728763 0.000532721 0.000523427 1.57867e-06 8.04796e-05 0.573085 0.0713214 0.0498068 8.7066e-05 3.62545e-05 4.96802e-08 0.00537282 0.0334661 0.215346 0.00513138 0.0118774 7.37202e-05 0.000147898 0.011184 4.22548e-08 0.00349551 2.49983e-05 0.00119539 0.000453257 0.00410212 0.000566248 0.00822633 0.00312821 
4.49537e-06 3.50689e-06 0.0494486 0.00514887 4.13336e-05 0.00755759 0.00037893 0.259425 0.00985623 0.0723476 0.00357286 8.1287e-07 0.000784649 0.0933365 0.0014903 0.216432 0.0146815 0.0575223 0.00603466 0.0110334 0.0484787 0.0103544 0.00641597 0.00670747 0.000189689 0.019095 0.00876094 0.0496713 0.0410208 0.000204909 
1.4058e-11 1.66532e-11 1.66979e-12 5.88195e-09 5.67887e-08 1.19327e-11 2.51742e-12 0.981533 0.00280688 1.45549e-09 2.8465e-12 1.34998e-11 1.86855e-11 2.37221e-12 5.48414e-09 0.0150588 2.71148e-08 1.97504e-07 1.4104e-08 4.20338e-12 0.000149001 3.80549e-09 1.58381e-05 8.47035e-12 9.2035e-12 5.45962e-12 2.38127e-11 2.22089e-12 0.000436524 1.45128e-11 
5.59515e-06 4.14623e-10 0.00381252 0.0101222 3.55398e-05 0.000558429 5.9028e-05 0.421034 0.0875739 0.0396716 0.0034554 1.01088e-06 1.12334e-06 0.0256229 0.00701941 0.264637 0.0304134 0.0365954 0.00124 0.000758357 0.0220626 1.5915e-05 0.00168223 0.000838372 0.000214715 0.00674074 6.34215e-06 0.00702897 0.0285739 0.000220176 
1.4058e-11 1.66532e-11 1.66979e-12 5.88195e-09 5.67887e-08 1.19327e-11 2.51742e-12 0.981533 0.00280688 1.45549e-09 2.8465e-12 1.34998e-11 1.86855e-11 2.37221e-12 5.48414e-09 0.0150588 2.71148e-08 1.97504e-07 1.4104e-08 4.20338e-12 0.000149001 3.80549e-09 1.58381e-05 8.47035e-12 9.2035e-12 5.45962e-12 2.38127e-11 2.22089e-12 0.000436524 1.45128e-11 
2.06814e-06 6.75578e-05 0.0266932 9.19081e-05 1.69214e-08 4.9484e-05 1.02484e-06 0.236861 8.1171e-06 0.223392 0.0121311 1.38323e-08 6.56981e-05 0.0439644 3.15964e-09 0.00191034 0.0965531 0.140198 0.00619371 0.113522 0.0328179 1.57302e-08 2.74191e-09 0.0277396 5.5098e-06 0.00686042 1.60567e-06 0.0306915 0.000178376 1.48703e-08 
1.31857e-09 3.47377e-05 0.0151068 1.45474e-06 3.56147e-06 7.41246e-07 2.09577e-06 0.740972 0.000850648 0.00741467 6.4209e-05 1.26621e-09 9.36345e-09 0.121437 0.00184928 0.035199 0.0454048 0.00690601 0.00894013 0.00834481 0.0026891 1.43995e-09 0.000214158 7.94479e-10 6.37216e-07 0.000148083 1.73846e-05 0.0010593 0.000806424 0.00253291 
3.33993e-06 3.17694e-11 0.00071964 0.000453549 0.000922345 2.84401e-05 8.95656e-05 0.507705 0.0443133 0.0357837 0.000205709 3.10733e-05 5.53108e-08 0.00309542 0.0733366 0.284272 0.00519485 0.0158467 0.000515802 0.000423239 0.0105618 2.66929e-07 0.00413966 0.000154781 0.000578511 0.000297345 7.98412e-05 0.000830044 0.00732439 0.00309279 
1.41492e-08 1.658e-06 0.0011136 0.000421012 1.18378e-06 3.94891e-09 3.44816e-07 0.775534 0.00418455 0.0063591 0.0013299 1.85633e-08 2.28706e-11 0.0402299 0.00170812 0.0858391 0.00114691 0.0191372 0.00229026 0.000182203 0.00500062 1.87906e-11 3.41069e-09 1.03675e-11 0.00454417 0.00476404 0.0222545 0.0125074 0.0114503 7.92853e-08 
9.14905e-06 3.68529e-06 0.0766238 0.00189891 7.568e-08 0.000678799 2.36287e-05 0.469578 0.0655184 0.00793848 0.044484 8.74326e-10 1.62156e-06 0.0061926 0.000190287 0.10158 0.00673651 0.0845675 0.000956739 0.000165422 0.0168901 3.42719e-06 0.000335104 0.0028779 0.000365388 0.0423879 6.99468e-08 0.045878 0.0241148 2.5752e-07 
3.43987e-08 4.07489e-08 5.38186e-07 0.220894 2.28729e-06 0.00669635 5.49402e-07 0.475539 0.00348653 0.0219875 0.00635219 1.0122e-06 1.98186e-06 0.00259386 0.00146472 0.101486 0.00849026 0.0991593 0.00259762 0.00071124 0.00247307 3.34963e-07 7.96136e-05 4.35567e-06 2.71343e-06 0.00521485 0.000101095 0.00452617 0.0360718 6.10365e-05 
4.21588e-12 4.99416e-12 5.00757e-13 1.22901e-09 1.24131e-08 3.57854e-12 7.02393e-09 0.977675 0.00549453 1.36726e-05 8.53646e-13 4.04848e-12 5.60365e-12 7.11409e-13 3.45377e-06 0.0159492 5.20044e-05 2.11838e-05 3.412e-07 7.81907e-09 0.000140514 7.9945e-10 9.48934e-06 2.5402e-12 2.76006e-12 1.6373e-12 1.74063e-08 1.57117e-08 0.000640903 4.35228e-12 
9.72273e-08 0.000174081 0.0938327 0.0154027 7.47976e-05 0.0011312 1.27407e-07 0.376764 0.000520912 0.0325629 0.00403338 3.89695e-05 0.000123889 0.0875185 1.21372e-05 0.0111024 0.0208043 0.0671792 0.0399222 0.00120863 0.00358316 0.000107952 0.0059226 0.0340635 0.00083676 0.00635634 0.0678371 0.104261 0.0245894 3.49781e-05 
3.66423e-06 0.000806931 0.0534793 0.0138218 0.00229103 0.0011726 7.63268e-05 0.494475 0.0203687 0.0494142 0.00553317 1.49419e-05 0.000175718 0.0300356 0.00312102 0.0826707 0.0133565 0.0704574 0.00564233 0.00384071 0.0671549 0.0026659 0.00497778 0.0054707 0.00244779 0.00375677 0.000561619 0.0269143 0.0346789 0.000614017 
2.07921e-05 0.000226554 0.00502947 0.00083121 0.000653277 1.54218e-05 9.76947e-06 0.692282 0.0440861 0.0208516 0.000989386 2.10795e-05 1.47448e-06 0.0191741 0.0461644 0.0739009 0.0385981 0.00255584 8.10524e-05 0.000951479 0.0157178 4.20933e-06 0.000758583 5.90811e-06 0.000182235 0.000132025 1.18998e-05 0.00148799 0.0292164 0.00603911 
1.41812e-08 6.29419e-07 0.0268526 0.00770885 0.00208388 0.000209016 1.1556e-05 0.411959 0.000429327 0.066091 0.0546302 1.26246e-05 5.21598e-05 0.00759911 1.47092e-07 0.0565239 0.00289875 0.293235 0.00328888 0.0021769 0.0075472 4.02851e-07 0.000135912 0.0009772 0.00362436 0.00299345 0.00019326 0.00482419 0.0439385 2.38201e-06 
1.87472e-06 2.2208e-06 0.000276583 0.000321558 2.20233e-06 1.59131e-06 3.35714e-07 0.919669 1.14819e-05 0.000114408 3.796e-07 1.80028e-06 2.49183e-06 0.0363325 4.11229e-07 0.0395762 0.00162697 2.03981e-07 6.17071e-07 5.60548e-07 1.73512e-06 2.04729e-06 1.48397e-06 1.12958e-06 1.22734e-06 0.000523323 3.17557e-06 2.9617e-07 0.00123239 0.00028935 
0.000438672 0.000287049 0.00801125 0.00166637 8.95125e-05 4.07112e-05 4.47503e-05 0.367917 0.258731 0.0197717 0.000369223 7.68277e-05 7.26051e-07 0.0105856 0.0171719 0.188972 0.0164153 0.018769 0.00195419 0.00137288 0.0527826 1.04188e-05 0.0026806 0.00525334 0.000146244 0.000985215 1.04635e-05 0.00116954 0.0216656 0.00260983 
7.59151e-08 0.000270929 0.186744 0.0957469 0.00043821 0.00193661 0.000140382 0.20342 0.00398707 0.108041 0.0157995 3.86859e-06 4.91333e-05 0.0163055 0.000264723 0.0352404 0.0717042 0.044781 0.0397831 0.0463418 0.0488829 6.04289e-06 0.000939311 0.00252136 0.0111231 0.00925617 0.000291523 0.0106623 0.0452459 7.24171e-05 
1.26277e-06 6.25576e-06 0.153784 0.00409486 0.0147366 0.000253198 5.48881e-06 0.190419 0.00154535 0.102806 0.00365728 8.33778e-07 1.44267e-06 0.177689 0.000459151 0.0309341 0.000837175 0.022116 0.00202227 0.0827567 0.0747648 0.00242649 0.0768159 0.00322578 5.31205e-05 0.00127664 4.24634e-05 0.0177611 0.0355011 6.88866e-06 
4.05927e-05 1.36731e-10 0.00194025 3.60247e-05 0.000113695 0.000130498 0.00338427 0.314256 0.146313 0.00308187 0.000461782 1.92095e-06 2.04582e-06 0.000597837 0.000387731 0.0278516 0.0289245 1.37376e-07 0.000583795 0.148396 0.00141582 4.2363e-08 0.000242216 0.000722638 7.81064e-05 4.44358e-05 0.000577281 0.283769 0.0366468 1.19157e-10 
5.66533e-09 1.09859e-05 0.0705689 0.00581056 0.00159478 0.000806734 0.00117886 0.557875 0.00321254 0.0195621 0.00739821 1.28756e-05 5.77349e-06 0.0106141 0.000993806 0.118485 0.0283958 0.0614328 0.00234049 0.0107619 0.0149939 0.000181244 0.00419746 0.00237538 0.000687988 0.00344605 0.00015748 0.0478517 0.0250472 9.83549e-08 
1.46293e-08 3.70835e-11 0.0171709 0.000881511 2.32149e-08 0.000126812 9.15925e-07 0.554567 0.0342577 0.0325103 7.91576e-06 3.00615e-11 4.60692e-06 0.00448924 0.000630361 0.169444 0.00199901 0.080707 0.000617026 0.00147531 0.0108656 3.6141e-05 0.00194507 0.000148166 1.52185e-05 0.00576171 2.31209e-05 0.0110681 0.0712441 2.94167e-06 
3.06324e-09 2.27706e-08 0.00676334 0.000871959 0.000672861 0.000229475 9.11463e-05 0.303186 0.00432018 0.070171 0.0041959 3.0856e-05 5.77846e-06 0.0172527 0.04592 0.0996369 0.0118489 0.100162 0.0590657 0.00959065 0.0518722 1.02236e-05 0.00684498 0.00492839 0.0774616 0.00581762 0.000383957 0.00614983 0.07751 0.0350058 
6.00082e-07 0.00745981 0.265892 0.00173576 2.71799e-06 0.000874435 1.75313e-06 0.418225 0.000153158 0.0080901 0.000557655 1.47091e-07 0.000267193 0.0146928 0.000266938 0.152845 0.000845894 0.0022355 2.78143e-05 0.000942486 0.0860926 2.10711e-05 1.73491e-06 0.000528098 0.00188869 0.00110241 5.0512e-06 0.0123599 0.0227231 0.000160602 
1.30109e-05 0.00665773 0.116896 0.0102267 5.72323e-05 0.0266559 5.10569e-05 0.401197 0.0082492 0.0292433 0.00820941 5.30876e-07 0.000802593 0.0301568 0.000267309 0.0356309 0.00786543 0.0589003 0.0012574 0.065525 0.0285925 5.00739e-05 8.57432e-05 0.010101 0.000622323 0.0340746 2.56765e-05 0.0721981 0.0461049 0.000281749 
1.35333e-06 0.000878326 0.00753663 0.00849184 0.00024265 0.000479771 2.27673e-05 0.222087 0.0458151 0.0532576 0.0016366 0.000585264 1.18391e-05 0.0446985 0.00672262 0.15998 0.157524 0.0593819 0.00315609 0.00141168 0.103434 0.000322372 0.0330642 0.00300253 0.000241593 0.000791618 1.42181e-05 0.0058871 0.0748654 0.00445631 
2.00239e-05 0.00510475 0.0232633 0.0181359 1.04855e-10 5.97201e-08 3.98139e-06 0.70699 0.0211935 0.0156411 0.00428537 8.57134e-11 1.18639e-10 0.00436465 0.0112408 0.0445546 0.00545789 0.01492 0.00179472 0.00334475 0.080346 9.74739e-11 0.0021283 6.76315e-08 0.000274789 0.000528493 6.45206e-05 0.00790105 0.0283437 9.79643e-05 
5.94363e-09 5.70993e-08 0.00842777 0.00193655 0.000155827 0.0025053 2.88375e-05 0.606764 0.00215271 0.0186501 0.00109673 1.20102e-06 1.40299e-05 0.012358 0.000113649 0.0918855 0.011567 0.0322625 0.017344 0.0118164 0.0287954 0.000412378 0.00139457 0.00514146 0.000354627 0.00267182 0.000624926 0.0198659 0.12164 1.92144e-05 
2.8731e-07 0.00187546 0.226714 0.0321716 2.20184e-05 3.99014e-06 5.6773e-05 0.364256 0.00113377 0.0875348 2.35105e-05 2.29272e-05 2.61327e-06 0.0223971 0.00022289 0.00877185 0.0153812 0.0210426 0.00205966 0.00161937 0.0996889 9.44209e-05 0.000631353 2.29985e-05 0.00104244 0.00810508 0.0030574 0.0322762 0.040812 0.0289572 
1.19038e-05 6.14486e-07 0.0359476 0.0122548 6.64785e-06 0.000555591 1.63872e-06 0.372672 0.000869196 0.00318871 0.0013856 1.34248e-10 2.06622e-06 0.00266054 0.000121446 0.114724 0.0013053 0.0427171 0.00333585 0.000943321 0.0306474 0.00089825 0.000378619 0.00417295 4.17741e-05 0.103397 0.0019346 0.0962091 0.169617 1.34239e-07 
3.54774e-10 4.20267e-10 0.2921 1.01114e-05 3.79318e-07 8.36043e-07 6.35309e-11 0.354658 2.49172e-07 0.0482944 0.0108909 3.40687e-10 4.71557e-10 5.98663e-11 2.79965e-07 0.0954244 4.72264e-07 0.0340519 8.15902e-07 0.0122866 1.4099e-05 3.87432e-10 1.4871e-07 2.9562e-06 7.83948e-07 0.0183649 4.73791e-07 0.0407781 0.0931181 7.17447e-07 
1.40478e-05 3.75517e-05 0.116197 0.00498727 1.48969e-09 4.56658e-06 0.000387037 0.593908 0.0792568 0.0129205 0.00326433 0.000438769 8.57738e-05 0.000625809 0.00190071 0.0344515 0.0168654 0.0285229 8.7807e-05 0.00158922 0.0303275 6.11574e-07 3.22888e-06 0.00617451 6.66876e-05 0.00591007 0.00169638 0.0110901 0.0451887 0.00399732 
2.89306e-09 8.86554e-07 0.018848 0.0165579 1.27678e-05 0.0031159 0.000113103 0.227547 0.00106205 0.0311567 0.00144289 4.89433e-05 9.2881e-05 0.00880586 0.0294283 0.0649948 0.0139185 0.197774 0.00220386 0.110483 0.047199 1.71852e-06 0.00164335 8.75359e-07 0.00138818 0.0450573 0.000301681 0.0220304 0.153346 0.00142315 
1.23082e-07 1.30719e-09 0.0141805 0.00169931 8.13352e-06 9.6535e-06 3.43277e-08 0.880708 0.000292768 0.00142875 0.000460182 1.05079e-06 1.40798e-07 0.000208394 5.26063e-05 0.0162939 6.70251e-05 0.00428941 0.000641998 0.000233824 0.0255075 8.89482e-06 6.1593e-05 4.84703e-07 9.87504e-06 0.0125863 0.00383529 0.0232116 0.0142024 6.6716e-07 
0.000368313 0.00220902 0.0251565 0.000343491 0.000595742 5.66007e-05 0.0077593 0.6628 0.00155399 0.0104228 0.0161305 3.04071e-05 2.74352e-08 0.0042284 0.000691215 0.0260394 0.00258764 0.02434 0.00564978 0.000771381 0.0381258 4.81618e-05 8.92957e-06 0.000350651 0.000615217 0.0323788 5.81323e-07 0.002194 0.134503 4.00731e-05 
3.00403e-07 0.000997107 0.000841823 0.00239068 0.00300676 2.9918e-05 3.77119e-05 0.635044 0.00111031 0.150049 0.00619751 0.00014789 0.00010417 0.0252934 0.000452444 0.0318851 0.0173305 0.0274812 0.00323936 0.00204649 0.079397 7.57672e-05 0.00112126 0.000125539 0.000219231 0.000269104 3.22389e-05 0.00162737 0.00759904 0.00184696 
