6.95612e-13 1.77585e-10 1.74277e-05 5.78926e-05 1.35524e-08 1.88296e-07 2.05501e-05 2.75499e-05 0.995978 9.6241e-05 2.13338e-06 1.73802e-06 2.56428e-09 8.79209e-06 9.37668e-05 0.00247494 5.49492e-05 8.96429e-07 6.82981e-05 2.24051e-05 2.04026e-05 7.59646e-13 0.000125829 0.000143736 6.09463e-06 5.94234e-05 1.19272e-06 6.04822e-06 0.000241193 0.00047015 
0.000497922 1.42801e-06 0.000128461 0.000512987 5.02907e-07 5.67173e-06 1.59449e-05 0.0044128 0.816524 0.00540763 7.80852e-06 7.95635e-07 7.06822e-09 0.00128594 0.0115678 0.115626 0.000758785 0.00594535 0.000241073 8.48515e-05 0.00516361 4.29835e-06 0.00796712 0.000707369 6.61813e-06 0.00290857 1.93194e-06 8.05405e-05 0.0172694 0.00286502 
2.97089e-08 1.63051e-05 0.00203124 0.00182353 6.99416e-05 0.000104039 5.16776e-05 0.00420279 0.814047 0.0121078 0.000143561 1.34748e-06 3.30431e-06 0.000601014 0.00979582 0.0510502 0.000692852 0.0117934 0.00300428 0.000502123 0.00778409 0.00915875 0.0418362 0.00211549 0.000244249 0.000717519 0.000342427 0.00061089 0.0229254 0.00222229 
8.73904e-10 9.232e-08 0.000958123 0.00111067 0.000603224 1.41339e-05 0.00122914 0.00042675 0.667873 0.000639038 0.000863368 8.40826e-05 1.88547e-06 8.76721e-06 0.00604252 0.203008 7.16328e-05 0.00218485 0.00898281 0.00565805 0.00173722 9.5435e-10 0.00139546 0.0183959 0.0405548 0.00173632 0.000824018 0.000188094 0.0218053 0.0136027 
0.000196358 0.000169408 0.0258269 0.0177277 0.00042663 0.00183262 0.00237789 0.0151688 0.41494 0.0491817 0.0243192 6.11676e-06 6.82557e-06 0.117464 0.0140237 0.124913 0.048608 0.0260856 0.00837989 0.0120941 0.0116502 0.00738125 0.011327 0.00697523 0.00200695 0.00151259 0.00495158 0.0264006 0.0227641 0.0012817 
0.00370503 0.002024 0.0131999 0.00622344 0.00340733 0.000195928 0.000128349 0.0210217 0.213923 0.0397516 0.00481461 1.79397e-06 0.00114135 0.0541298 0.169686 0.149844 0.0231634 0.0345436 0.0220809 0.00441777 0.15118 2.61964e-06 0.0500789 0.000439142 0.00098579 0.000694005 0.000130043 0.0153946 0.0133507 0.000340763 
1.83921e-06 0.000192047 0.00023639 0.0287593 2.23616e-06 0.00993856 1.36317e-05 0.00154193 0.350717 0.00842556 0.000959009 3.30054e-07 1.73273e-07 0.002465 0.039746 0.333917 0.000744889 0.00381913 0.000372113 0.00445213 0.0864655 0.000593623 0.00163841 0.000729265 1.09794e-08 0.000142246 7.21783e-05 0.0897017 0.0343512 2.46418e-06 
9.51871e-07 0.0127264 0.000197817 0.00420494 0.000528776 0.0017654 8.07849e-06 0.000569323 0.415266 0.00357113 0.000654021 5.55736e-07 1.14191e-05 0.0161336 0.0887979 0.25196 0.00221964 0.00302353 0.00315941 0.0028756 0.0198793 0.000336117 0.0255833 0.000109234 6.25075e-05 0.000339557 4.72454e-05 0.0058403 0.136955 0.00317258 
1.19544e-07 5.91493e-11 0.00237415 0.00171057 1.31264e-07 3.05964e-05 1.99231e-05 0.275489 0.547137 0.00475019 0.00276459 3.32787e-09 1.13237e-07 0.00207831 0.00773643 0.118273 0.00260384 0.00325306 0.000457684 0.000662284 0.0164029 1.2414e-09 0.000323542 0.00678851 7.10028e-05 0.000349373 5.93348e-06 0.000295736 0.00628763 0.000134606 
3.37684e-08 0.000221308 0.00152617 0.0100861 3.76215e-05 0.00013461 0.000645092 0.00423815 0.644229 0.035688 0.000827871 2.83502e-05 6.96593e-06 0.0169614 0.06945 0.113416 0.00831952 0.0119251 0.00165811 0.00316765 0.0171184 2.23796e-06 0.0143407 0.000590555 0.000602018 0.000482612 4.85114e-05 0.0134336 0.023317 0.00749645 
1.62509e-12 1.9251e-12 0.000199458 0.000167242 2.08262e-05 0.000302864 4.21408e-06 0.00230549 0.94373 0.00547438 0.000186522 4.68018e-10 5.3208e-10 0.00158008 0.000369673 0.0173817 0.00124574 0.00464105 0.00132116 0.000513882 0.0101511 1.77469e-12 0.00426433 0.000436506 5.8912e-06 4.16042e-05 1.71819e-05 0.000111014 0.00552597 2.31886e-06 
2.34402e-09 4.46999e-06 0.000212252 0.00199567 1.57619e-06 3.33066e-06 2.53578e-05 0.00427846 0.846575 0.0154507 2.16914e-05 1.10368e-06 6.68314e-09 0.00122338 0.0162961 0.0437857 0.00176893 0.01221 0.000509917 3.86272e-05 0.010897 1.7669e-05 0.00625171 0.000226052 4.90187e-06 0.00026573 1.50352e-06 0.000141902 0.036741 0.00105048 
4.01292e-11 1.54443e-07 1.77475e-07 0.000394005 0.00119073 0.00391007 3.74509e-06 0.000193654 0.521191 0.00261335 0.000374934 2.65647e-08 4.63008e-08 0.00712259 0.0584592 0.275972 0.000678184 0.00126936 0.000649429 0.000260399 0.000918238 0.000451843 0.038503 8.1053e-05 7.10397e-05 5.00619e-05 4.60354e-05 0.00362476 0.0819607 1.08879e-05 
4.15899e-12 4.92677e-12 0.00255652 3.24954e-08 5.52144e-08 3.53025e-12 0.000131469 0.00301347 0.517824 0.0645584 9.93793e-09 0.000486496 5.52803e-12 0.0180126 0.0292288 0.163274 0.0243411 0.000203558 0.0182082 0.00384587 0.0384089 4.54184e-12 0.0545664 2.50592e-12 0.000406217 0.000423562 0.000362631 0.000367567 0.0404079 0.0193726 
5.06196e-11 5.99644e-11 0.00169995 1.28797e-07 5.94656e-11 1.71911e-07 3.26419e-08 0.00567742 0.524794 1.63234e-06 1.02496e-11 7.78243e-08 6.72824e-11 0.0269705 3.38673e-07 0.315021 0.115906 6.93524e-07 3.04925e-07 5.7863e-05 3.09666e-07 5.52794e-11 0.00183493 5.97829e-07 0.0014474 1.96589e-11 2.65893e-07 7.99693e-12 0.00658589 2.97919e-07 
9.31466e-11 2.87422e-09 0.000278194 0.00694629 2.8154e-07 0.000679983 0.000135136 0.00114191 0.868153 0.00560016 0.000765358 1.30522e-06 3.0737e-08 0.00115574 0.000448274 0.0414641 0.00898682 0.00103929 4.85028e-05 4.38166e-05 0.0489571 9.74795e-08 0.00226496 0.000871878 0.000131556 0.00168184 7.97055e-05 0.00088033 0.00819937 4.4528e-05 
1.62509e-12 1.9251e-12 0.000199458 0.000167242 2.08262e-05 0.000302864 4.21408e-06 0.00230549 0.94373 0.00547438 0.000186522 4.68018e-10 5.3208e-10 0.00158008 0.000369673 0.0173817 0.00124574 0.00464105 0.00132116 0.000513882 0.0101511 1.77469e-12 0.00426433 0.000436506 5.8912e-06 4.16042e-05 1.71819e-05 0.000111014 0.00552597 2.31886e-06 
4.26642e-10 2.56886e-06 0.000151718 0.000940339 9.13916e-07 1.03672e-05 1.52925e-05 0.000997135 0.919125 0.00991377 1.42947e-05 1.43245e-06 1.12545e-09 0.000368742 0.0135192 0.0135203 0.000584377 0.00546737 0.000441848 0.000155017 0.00656839 2.9231e-08 0.004585 0.000131832 1.02731e-05 4.9681e-05 3.5186e-06 0.000135025 0.0225933 0.000693789 
1.62509e-12 1.9251e-12 0.000199458 0.000167242 2.08262e-05 0.000302864 4.21408e-06 0.00230549 0.94373 0.00547438 0.000186522 4.68018e-10 5.3208e-10 0.00158008 0.000369673 0.0173817 0.00124574 0.00464105 0.00132116 0.000513882 0.0101511 1.77469e-12 0.00426433 0.000436506 5.8912e-06 4.16042e-05 1.71819e-05 0.000111014 0.00552597 2.31886e-06 
4.33647e-11 3.69273e-08 5.60256e-05 0.00237542 5.09428e-11 7.77724e-08 7.7655e-12 0.00843189 0.502312 0.00176136 0.000541692 1.7972e-08 1.05252e-05 0.0105901 0.00487552 0.350615 0.00529761 0.00315829 2.01662e-06 0.000105072 0.00194939 6.11764e-09 0.000645407 2.66805e-05 3.84447e-08 0.105199 5.63184e-08 0.00132271 0.000723799 1.27632e-07 
1.81753e-09 1.44167e-06 0.00524602 0.0029995 1.22259e-05 0.000395051 0.000184731 0.00414295 0.806131 0.00714053 0.00106549 8.03095e-07 1.03891e-08 0.00137256 0.00887587 0.0847155 0.000337659 0.0127844 0.00218816 0.00356949 0.00693424 2.24343e-07 0.00532715 0.00993456 4.38428e-05 0.000470613 1.9392e-06 0.00106145 0.0346178 0.000445075 
4.12543e-05 0.00776758 0.00560777 0.00915356 0.0022786 0.00727992 0.000941206 0.0171252 0.439322 0.0073664 0.00390158 1.09841e-05 2.19477e-05 0.0128991 0.0336604 0.322037 0.00745271 0.0221367 0.00847595 0.00974795 0.0203806 0.00163248 0.0131401 0.00337666 0.00106082 0.00547629 9.61754e-05 0.00856534 0.0277978 0.00124592 
2.74897e-09 1.51401e-05 0.00279474 0.0250631 0.0017007 0.000628539 4.6616e-05 0.00287589 0.282803 0.0169317 0.000731415 1.27057e-07 4.54863e-05 0.0048598 0.0552171 0.247256 0.00357978 0.016685 0.0238362 0.00488279 0.0312633 0.00804219 0.237732 0.000406271 4.89827e-05 0.000282629 0.000181064 0.00296174 0.0290694 5.92365e-05 
3.0704e-11 8.71802e-08 0.000500138 4.86846e-07 0.000766839 0.000157778 5.94618e-09 0.00136352 0.468528 7.75644e-05 0.00115906 2.94849e-11 2.54796e-09 6.70514e-06 1.08446e-08 0.117168 2.72155e-05 0.0114681 1.92914e-05 1.6988e-06 4.33215e-05 3.35304e-11 0.388402 1.85001e-11 7.2505e-09 0.00011382 0.00754161 0.000361713 0.0022931 3.16974e-11 
1.83921e-06 0.000192047 0.00023639 0.0287593 2.23616e-06 0.00993856 1.36317e-05 0.00154193 0.350717 0.00842556 0.000959009 3.30054e-07 1.73273e-07 0.002465 0.039746 0.333917 0.000744889 0.00381913 0.000372113 0.00445213 0.0864655 0.000593623 0.00163841 0.000729265 1.09794e-08 0.000142246 7.21783e-05 0.0897017 0.0343512 2.46418e-06 
3.96358e-10 2.05805e-06 0.000128543 0.000752274 7.31532e-07 8.29427e-06 1.22343e-05 0.000823132 0.932889 0.00793103 1.14361e-05 1.14628e-06 1.03586e-09 0.000319069 0.01132 0.0123529 0.000495123 0.0043739 0.000353481 0.000124396 0.00525471 2.34428e-08 0.00379442 0.000105467 9.67988e-06 3.97457e-05 2.81529e-06 0.000108021 0.0181352 0.000651037 
1.48504e-10 1.19733e-05 0.000948331 0.00280429 0.0079506 1.43766e-05 3.4596e-05 0.017979 0.678909 0.0223639 0.000194225 7.54897e-07 7.69184e-05 0.00406976 0.023857 0.190613 0.00337559 0.00939113 0.000808649 0.000184413 0.0153347 7.58955e-06 0.00373136 3.64593e-05 0.000113105 0.000832366 5.59907e-05 0.00186479 0.00621017 0.00822557 
4.01292e-11 1.54443e-07 1.77475e-07 0.000394005 0.00119073 0.00391007 3.74509e-06 0.000193654 0.521191 0.00261335 0.000374934 2.65647e-08 4.63008e-08 0.00712259 0.0584592 0.275972 0.000678184 0.00126936 0.000649429 0.000260399 0.000918238 0.000451843 0.038503 8.1053e-05 7.10397e-05 5.00619e-05 4.60354e-05 0.00362476 0.0819607 1.08879e-05 
4.13779e-09 0.000106401 0.00292177 0.00331749 0.00207956 0.00136266 5.59139e-05 0.00155519 0.439258 0.0251341 0.00472441 4.10713e-06 2.13521e-06 0.00559348 0.0880891 0.273395 0.00337835 0.01696 0.0071102 0.00330346 0.0143835 8.89985e-05 0.0183319 0.00188867 0.00222688 0.00566507 5.57755e-05 0.00353985 0.0745512 0.00091675 
7.63451e-08 6.44027e-05 0.0121512 0.00591448 0.0169576 0.000203282 2.80132e-05 0.0141897 0.345578 0.0286069 0.00290442 1.5491e-06 7.01281e-06 0.00595941 0.122276 0.139625 0.00321115 0.0140139 0.00204746 0.00575045 0.0139298 0.000177193 0.213811 0.00080238 3.10762e-05 0.000555852 7.20824e-05 0.0147487 0.034125 0.00225626 
3.0443e-09 3.6063e-09 2.89639e-07 5.49318e-10 3.5763e-09 2.58408e-09 5.45156e-10 8.53117e-10 0.492304 2.04222e-10 1.11017e-06 2.92342e-09 4.04641e-09 0.0557351 1.21543e-05 0.451922 5.85944e-10 1.38524e-06 4.51019e-06 9.10256e-10 2.39683e-10 5.98748e-06 8.05554e-06 1.83428e-09 3.98809e-06 1.1823e-09 5.15671e-09 4.80941e-10 9.78094e-07 3.14279e-09 
1.73857e-11 5.77717e-08 0.0068759 7.93223e-05 0.00655711 4.65016e-06 6.20598e-06 0.0184799 0.889313 0.0177725 6.6915e-05 2.40737e-05 3.99968e-08 0.00259339 0.000355408 0.0363322 0.00247711 0.00938903 9.41998e-05 3.51684e-05 0.00112974 1.34458e-09 0.000932897 0.000349395 0.000843157 0.000402502 0.00032376 0.00242513 0.00171923 0.00141842 
3.02428e-12 3.23065e-09 0.000274927 0.00026411 3.76116e-05 0.000352914 3.98837e-06 0.0022705 0.943144 0.0072722 0.000254177 1.39148e-08 1.48852e-08 0.00153557 0.000357021 0.0150741 0.00122652 0.00527851 0.00143411 0.000482065 0.00966955 3.30267e-12 0.00393571 0.000960735 5.72535e-06 8.70919e-05 2.94628e-05 0.000100049 0.00594645 3.16668e-06 
4.70707e-08 0.00052636 0.00517612 0.0052176 9.01963e-06 0.000375812 0.0229285 0.00772283 0.671835 0.0832876 0.000689567 0.000969431 1.01777e-06 0.00648846 0.0240851 0.0776572 0.00783898 0.0170732 0.00247155 0.00106777 0.016099 7.63165e-05 0.0263956 0.000276685 0.000232964 0.000325905 2.89905e-05 0.00161976 0.0172356 0.00228787 
5.11128e-12 8.02548e-09 0.000354364 0.000262599 3.32342e-05 0.000198293 2.76064e-06 0.00180167 0.953301 0.00566548 0.000297235 7.09073e-10 8.63843e-10 0.00134277 0.000241994 0.011534 0.00115219 0.00612924 0.00132073 0.000394565 0.00664443 5.58179e-12 0.00309801 0.000541391 3.86274e-06 0.00013245 4.45726e-05 7.39113e-05 0.00542814 1.52628e-06 
3.13972e-10 3.71933e-10 0.00287792 0.109905 7.6095e-07 2.38436e-06 6.01731e-08 0.00128824 0.264649 0.0373654 0.0123266 3.01505e-10 4.17324e-10 0.00208707 0.0445768 0.156802 0.0124167 0.158579 0.0448291 0.000422582 0.1006 3.42874e-10 3.3338e-06 1.89178e-10 2.05552e-10 1.21936e-10 1.86897e-06 0.00753989 0.0437256 3.2413e-10 
1.62509e-12 1.9251e-12 0.000199458 0.000167242 2.08262e-05 0.000302864 4.21408e-06 0.00230549 0.94373 0.00547438 0.000186522 4.68018e-10 5.3208e-10 0.00158008 0.000369673 0.0173817 0.00124574 0.00464105 0.00132116 0.000513882 0.0101511 1.77469e-12 0.00426433 0.000436506 5.8912e-06 4.16042e-05 1.71819e-05 0.000111014 0.00552597 2.31886e-06 
6.95612e-13 1.77585e-10 1.74277e-05 5.78926e-05 1.35524e-08 1.88296e-07 2.05501e-05 2.75499e-05 0.995978 9.6241e-05 2.13338e-06 1.73802e-06 2.56428e-09 8.79209e-06 9.37668e-05 0.00247494 5.49492e-05 8.96429e-07 6.82981e-05 2.24051e-05 2.04026e-05 7.59646e-13 0.000125829 0.000143736 6.09463e-06 5.94234e-05 1.19272e-06 6.04822e-06 0.000241193 0.00047015 
9.46691e-10 1.12146e-09 0.00123518 0.00182092 1.11213e-09 2.98874e-06 2.90243e-07 0.00926137 0.482504 7.71302e-05 0.000579317 9.09102e-10 3.0381e-05 1.25027e-06 0.00276374 0.424941 0.00765823 0.019993 0.0165074 9.58345e-05 0.000611758 3.80721e-06 0.0187243 0.0101681 0.00017614 0.000986597 2.69731e-05 2.46385e-07 0.00183017 9.7732e-10 
8.97123e-09 1.02187e-06 0.00249171 0.0021348 4.91596e-05 0.000486826 4.75667e-06 0.00742524 0.627602 0.00386362 0.00130061 5.49698e-07 9.15692e-05 0.000388107 0.100065 0.137097 0.00100951 0.0605417 0.00119684 0.000135373 0.00544265 1.50705e-08 0.0337988 0.00145157 9.02242e-05 0.000889391 1.63408e-06 5.43288e-05 0.0121337 0.000252619 
8.70134e-05 4.73419e-06 0.0124157 0.0295969 0.000529862 0.00154005 0.0058993 0.0241867 0.275954 0.0269809 0.00679697 5.50468e-06 1.26878e-06 0.0189094 0.174712 0.154546 0.0167061 0.0362077 0.00304943 0.029612 0.042832 0.00666311 0.018806 0.00496027 0.000241252 0.00694444 7.38822e-05 0.0446412 0.057063 3.35437e-05 
3.25695e-08 5.35164e-05 0.0144839 0.00263908 0.000470472 0.000109603 4.53139e-05 0.0100285 0.543656 0.00552443 0.00156329 1.06742e-07 9.01162e-07 0.00601785 0.000331313 0.338032 0.00142733 0.0148491 0.00167839 0.00144651 0.0275536 3.55677e-08 0.00188315 0.00676731 5.81678e-05 0.000535453 3.05263e-07 0.00367441 0.0171697 3.83908e-07 
3.96358e-10 2.05805e-06 0.000128543 0.000752274 7.31532e-07 8.29427e-06 1.22343e-05 0.000823132 0.932889 0.00793103 1.14361e-05 1.14628e-06 1.03586e-09 0.000319069 0.01132 0.0123529 0.000495123 0.0043739 0.000353481 0.000124396 0.00525471 2.34428e-08 0.00379442 0.000105467 9.67988e-06 3.97457e-05 2.81529e-06 0.000108021 0.0181352 0.000651037 
6.95612e-13 1.77585e-10 1.74277e-05 5.78926e-05 1.35524e-08 1.88296e-07 2.05501e-05 2.75499e-05 0.995978 9.6241e-05 2.13338e-06 1.73802e-06 2.56428e-09 8.79209e-06 9.37668e-05 0.00247494 5.49492e-05 8.96429e-07 6.82981e-05 2.24051e-05 2.04026e-05 7.59646e-13 0.000125829 0.000143736 6.09463e-06 5.94234e-05 1.19272e-06 6.04822e-06 0.000241193 0.00047015 
1.62509e-12 1.9251e-12 0.000199458 0.000167242 2.08262e-05 0.000302864 4.21408e-06 0.00230549 0.94373 0.00547438 0.000186522 4.68018e-10 5.3208e-10 0.00158008 0.000369673 0.0173817 0.00124574 0.00464105 0.00132116 0.000513882 0.0101511 1.77469e-12 0.00426433 0.000436506 5.8912e-06 4.16042e-05 1.71819e-05 0.000111014 0.00552597 2.31886e-06 
6.82343e-05 0.00215766 0.00448552 0.0957655 0.000101707 0.0038706 0.000290379 0.00591501 0.40408 0.0375251 0.00188433 0.00354699 0.00413316 0.0160531 0.0475275 0.108752 0.0303833 0.0216554 0.0215646 0.0120015 0.0586403 8.17799e-05 0.00841773 0.00226413 0.000625694 0.00169742 4.43984e-05 0.0112379 0.0902996 0.00492991 
4.33028e-08 2.41108e-05 0.000148998 0.000945958 1.09485e-06 9.53237e-06 1.39118e-05 0.00128031 0.920179 0.00970567 1.15991e-05 1.72899e-06 1.48818e-07 0.000368455 0.0141464 0.0133233 0.000504355 0.00523554 0.000386488 0.000155774 0.00599623 3.14623e-08 0.00426444 0.000135505 9.97563e-06 4.29392e-05 3.11006e-06 0.000124977 0.0196924 0.00328831 
3.96358e-10 2.05805e-06 0.000128543 0.000752274 7.31532e-07 8.29427e-06 1.22343e-05 0.000823132 0.932889 0.00793103 1.14361e-05 1.14628e-06 1.03586e-09 0.000319069 0.01132 0.0123529 0.000495123 0.0043739 0.000353481 0.000124396 0.00525471 2.34428e-08 0.00379442 0.000105467 9.67988e-06 3.97457e-05 2.81529e-06 0.000108021 0.0181352 0.000651037 
3.4966e-06 7.38327e-06 0.00390533 0.00882342 5.73447e-05 0.000339394 9.18041e-05 0.116727 0.408463 0.0194726 0.00229188 1.38396e-06 4.37108e-06 0.00981286 0.123428 0.198306 0.00384647 0.0111597 0.000749905 0.00481159 0.0334144 0.000136215 0.0305621 0.000822013 0.000106941 0.00202851 3.08851e-05 0.00372658 0.0144992 0.00237046 
6.39684e-08 7.57774e-08 5.66e-06 1.15426e-08 0.00504298 5.42979e-08 2.39217e-07 0.101781 0.891779 1.74936e-07 1.29525e-08 6.14284e-08 8.50252e-08 9.58605e-05 1.57307e-05 0.00115636 4.40558e-05 6.7676e-09 1.50375e-05 2.30779e-05 8.34054e-06 5.16273e-06 2.70726e-06 3.85429e-08 9.56854e-06 2.48431e-08 1.08355e-07 1.01058e-08 1.13332e-05 2.6921e-06 
7.60904e-05 0.00206329 0.029461 0.00720654 4.44714e-07 0.0155528 6.77903e-08 0.0096963 0.561182 0.0329857 0.00687576 3.63528e-07 0.00271763 0.0211251 0.00187676 0.0201005 0.00772349 0.0253677 0.00543287 0.0111268 0.0127832 0.00463057 0.00358867 0.0665352 0.0137799 0.128745 6.41238e-07 0.00715275 0.00221291 3.90807e-07 
3.96358e-10 2.05805e-06 0.000128543 0.000752274 7.31532e-07 8.29427e-06 1.22343e-05 0.000823132 0.932889 0.00793103 1.14361e-05 1.14628e-06 1.03586e-09 0.000319069 0.01132 0.0123529 0.000495123 0.0043739 0.000353481 0.000124396 0.00525471 2.34428e-08 0.00379442 0.000105467 9.67988e-06 3.97457e-05 2.81529e-06 0.000108021 0.0181352 0.000651037 
0.00131316 0.00158564 0.00637992 0.00329388 0.00210982 0.000494936 0.00088547 0.0188534 0.357751 0.0142642 0.00469439 1.76036e-06 9.25637e-05 0.0131211 0.123706 0.242525 0.0212742 0.0194292 0.00276744 0.00412638 0.0263375 0.000232372 0.0617054 0.0309554 0.00257732 0.00560394 0.000397638 0.00608796 0.0269951 0.000437373 
1.63745e-12 1.93973e-12 0.000223784 0.000201231 2.96806e-05 0.000422256 4.65393e-06 0.00255598 0.936482 0.00805416 0.000197593 1.74792e-08 1.88171e-08 0.00175597 0.000423948 0.0178483 0.00131168 0.00498911 0.00151098 0.000544379 0.0114044 1.78818e-12 0.00452232 0.00103473 7.03848e-06 4.6246e-05 2.14112e-05 0.000118583 0.00628517 4.04846e-06 
2.28569e-06 0.00601813 0.0362991 0.0258017 0.000385816 0.0026267 0.00334659 0.0053371 0.315286 0.143468 0.00390283 2.26495e-05 0.00216536 0.0489851 0.0304042 0.0563393 0.04459 0.0204722 0.0351938 0.0523974 0.0430991 0.00442166 0.00692796 0.00327291 0.0232657 0.0119908 0.0018092 0.0405773 0.0292867 0.0023046 
0.00474375 1.54376e-05 0.000853778 0.00805204 1.25544e-05 0.000719349 0.00417782 0.154884 0.261226 0.0379015 0.0005834 3.76316e-06 4.55621e-06 0.074084 0.000752418 0.154103 0.173745 0.0149644 0.00800327 0.000870377 0.0176226 1.4339e-08 0.00177569 0.00464922 2.65987e-05 0.0464263 2.52494e-07 0.0115216 0.0181196 0.000157511 
2.21898e-06 0.000281553 0.00264589 0.00850324 0.00268576 0.00208669 0.0010415 0.00427585 0.308523 0.0132597 0.00220998 8.84805e-05 2.24043e-05 0.0279953 0.0964184 0.240285 0.0276088 0.0169607 0.0028138 0.0328923 0.00673337 0.00106028 0.0687215 0.000777063 0.000196506 0.000415836 7.82989e-05 0.0362749 0.0945934 0.000548859 
2.20508e-08 0.000363538 0.00141063 0.00330385 0.000828345 0.00681504 2.33823e-05 0.00145792 0.376569 0.0145078 0.00287453 4.40766e-07 4.88236e-07 0.0377471 0.0282767 0.202968 0.0061284 0.00929267 0.00443026 0.00125597 0.00629539 0.00798124 0.205992 0.000656773 0.000193696 0.00125867 0.00015045 0.00448463 0.0740589 0.000673879 
3.96358e-10 2.05805e-06 0.000128543 0.000752274 7.31532e-07 8.29427e-06 1.22343e-05 0.000823132 0.932889 0.00793103 1.14361e-05 1.14628e-06 1.03586e-09 0.000319069 0.01132 0.0123529 0.000495123 0.0043739 0.000353481 0.000124396 0.00525471 2.34428e-08 0.00379442 0.000105467 9.67988e-06 3.97457e-05 2.81529e-06 0.000108021 0.0181352 0.000651037 
1.36038e-09 1.7137e-06 0.000563042 0.00226373 8.46616e-05 6.53424e-05 1.0017e-05 0.00413127 0.910605 0.00648912 4.63489e-05 9.45633e-07 4.24709e-09 0.00182518 0.0144669 0.0103465 0.0012667 0.00357874 0.000591634 0.000569755 0.00853223 0.00120837 0.00469462 0.000998736 5.43909e-05 0.000299635 2.31198e-06 8.83974e-05 0.0266816 0.000533086 
3.96358e-10 2.05805e-06 0.000128543 0.000752274 7.31532e-07 8.29427e-06 1.22343e-05 0.000823132 0.932889 0.00793103 1.14361e-05 1.14628e-06 1.03586e-09 0.000319069 0.01132 0.0123529 0.000495123 0.0043739 0.000353481 0.000124396 0.00525471 2.34428e-08 0.00379442 0.000105467 9.67988e-06 3.97457e-05 2.81529e-06 0.000108021 0.0181352 0.000651037 
3.96358e-10 2.05805e-06 0.000128543 0.000752274 7.31532e-07 8.29427e-06 1.22343e-05 0.000823132 0.932889 0.00793103 1.14361e-05 1.14628e-06 1.03586e-09 0.000319069 0.01132 0.0123529 0.000495123 0.0043739 0.000353481 0.000124396 0.00525471 2.34428e-08 0.00379442 0.000105467 9.67988e-06 3.97457e-05 2.81529e-06 0.000108021 0.0181352 0.000651037 
0.000178467 0.0131938 0.0130315 0.0229855 0.000816651 0.00158859 0.000162174 0.162528 0.190372 0.0211421 0.0106479 4.02579e-05 0.00168937 0.0311842 0.108035 0.177865 0.00886676 0.0263982 0.0321928 0.00943422 0.0391352 0.00083602 0.0265325 0.00605724 0.00294769 0.00630988 0.000613039 0.00922185 0.0756697 0.000324542 
6.95612e-13 1.77585e-10 1.74277e-05 5.78926e-05 1.35524e-08 1.88296e-07 2.05501e-05 2.75499e-05 0.995978 9.6241e-05 2.13338e-06 1.73802e-06 2.56428e-09 8.79209e-06 9.37668e-05 0.00247494 5.49492e-05 8.96429e-07 6.82981e-05 2.24051e-05 2.04026e-05 7.59646e-13 0.000125829 0.000143736 6.09463e-06 5.94234e-05 1.19272e-06 6.04822e-06 0.000241193 0.00047015 
2.0934e-07 9.4833e-07 0.0144197 0.00172545 1.20193e-05 0.00269377 0.000162041 0.0453638 0.560802 0.0755627 0.000518163 8.41249e-07 8.68021e-07 0.00189494 0.00570805 0.0508638 0.00200672 0.0576022 0.0209503 0.000832117 0.0388638 0.00124709 0.0104873 0.00153137 0.00114232 0.0103975 0.000230494 0.0037571 0.0886979 0.0025241 
2.37243e-05 0.000596658 0.0127315 0.0222506 0.00476324 0.00195073 0.00156159 0.0167295 0.312067 0.0434352 0.00885431 5.85317e-06 1.56208e-05 0.0167266 0.0142567 0.257753 0.0080962 0.0254303 0.00678372 0.0099647 0.00914165 0.00342079 0.115745 0.00438706 0.044091 0.00798111 0.00061455 0.0149866 0.0352432 0.000392361 
1.18455e-11 1.40323e-11 5.98273e-08 0.000602733 9.90129e-08 0.000446182 2.52484e-09 0.00897666 0.381803 0.000611109 0.000245409 1.13752e-11 1.57447e-11 0.000646642 0.00953573 0.180308 0.00054472 0.0110138 5.37073e-05 0.000127861 0.000887405 0.0969948 0.306659 5.1403e-09 7.75503e-12 0.000201789 1.32808e-08 1.70983e-08 0.000340851 1.22287e-11 
3.50384e-07 1.60844e-05 0.002943 0.0155514 0.000576867 0.00193785 0.00059301 0.00665664 0.398819 0.00880429 0.00373264 5.89202e-07 4.76141e-06 0.000826296 0.100278 0.304043 0.00100059 0.00609892 0.0025423 0.00485416 0.00860788 0.00326667 0.0981415 0.00050416 2.34208e-05 0.00265536 0.00140645 0.00535485 0.0207016 5.87261e-05 
4.70745e-06 4.31492e-06 0.00454082 0.0401869 0.000246861 0.00393053 5.9048e-05 0.00617083 0.452901 0.0309268 0.00511307 2.42075e-05 3.61705e-06 0.0128246 0.0802939 0.0779585 0.0119931 0.0225052 0.07303 0.0122849 0.0668074 2.48058e-05 0.0306667 0.00345385 0.000427861 0.00330132 0.000167378 0.00421293 0.0559179 1.70443e-05 
8.68546e-10 0.000126153 0.00411743 0.00183031 5.53965e-06 9.3213e-06 1.84787e-05 0.00469012 0.655156 0.0153025 0.000240335 5.21019e-07 6.23685e-09 0.000767497 0.148047 0.106332 0.000643786 0.0150923 0.00105256 0.000102549 0.00735259 2.37079e-08 0.0174649 0.000105526 5.32998e-06 0.000123522 9.31626e-06 0.00050824 0.0204052 0.000490598 
4.27172e-10 5.0603e-10 0.0151242 0.151628 5.01821e-10 0.0365932 0.000539952 0.000718067 0.174973 0.0891403 0.00755158 0.0845584 0.04053 0.029418 0.00118073 0.0431125 0.135115 0.00605378 0.0230887 0.0102018 0.0263517 2.08684e-08 0.00228346 0.00129788 0.013058 0.0103363 0.00327928 0.055105 0.02316 0.0156008 
0.000780215 0.000100041 0.00568249 0.00934926 0.00018775 0.000158191 3.75922e-05 0.133529 0.429635 0.0408634 0.000977036 1.71073e-05 0.00147373 0.00590349 0.00326902 0.278477 0.00589774 0.00767108 0.0123591 0.000635151 0.0143874 0.000247433 0.00345828 0.0111316 0.000427734 0.000175671 0.00378949 0.00222029 0.0244295 0.00272975 
2.43439e-10 1.39338e-06 0.000158858 0.000530408 2.48258e-07 7.42125e-06 1.60268e-05 0.00131321 0.946042 0.00814997 9.45319e-06 2.05997e-06 1.95708e-07 0.000238078 0.00616422 0.00881809 0.000400563 0.00438423 0.000327515 9.65432e-05 0.00364168 2.01937e-08 0.00320568 0.000145823 1.08872e-05 4.50494e-05 1.81703e-06 6.56736e-05 0.0120622 0.00416046 
1.36758e-08 5.73306e-05 0.00879493 0.00772555 2.70269e-06 0.0406336 0.000644568 0.00386232 0.412922 0.0969251 0.0022068 5.90818e-05 1.76687e-06 0.0454981 0.000120462 0.0496839 0.01674 0.0169493 0.00798353 3.49283e-06 0.039402 5.00992e-06 0.00450687 0.0420536 0.159761 0.0044516 0.00441901 0.00776509 0.0183697 0.00845092 
1.07075e-06 0.000176706 0.00228014 0.0297165 1.39474e-05 0.118772 6.60145e-05 0.00480796 0.550647 0.0275671 0.000384668 0.00134341 0.000388908 0.038062 0.0109004 0.0626824 0.0225079 0.0337498 0.00738785 0.00302067 0.0274 7.99398e-06 0.0068813 0.00225518 0.00124184 0.000334476 7.28589e-05 0.00284005 0.0423734 0.00211672 
2.35403e-10 3.20402e-05 0.062645 0.00306227 9.58716e-05 0.00231965 4.11909e-05 0.00476861 0.287579 0.0160353 0.02477 0.000586584 3.43833e-08 0.0252796 0.145617 0.187 0.00432409 0.0504219 0.0324947 0.00147396 0.0810331 1.54806e-05 0.0344198 0.00692811 0.000687056 0.00594569 0.00371344 0.00204937 0.0164039 0.000258053 
1.2325e-09 3.0432e-05 0.000825813 0.00249717 9.13327e-05 0.000109026 1.4013e-05 0.00243871 0.755521 0.00694939 0.000743438 1.89267e-06 6.03917e-06 0.00143458 0.00443636 0.129098 0.0013196 0.0108645 0.000200094 0.00261826 0.00303094 1.96735e-07 0.0659615 2.95229e-05 1.44332e-05 8.95936e-05 0.00115883 0.000533496 0.00979971 0.000182445 
2.46226e-10 2.91681e-10 0.00229556 0.000327478 3.43813e-05 0.000390825 4.329e-05 0.00632274 0.859971 0.0173092 0.000761571 1.4961e-08 1.95257e-08 0.0117524 0.00254008 0.0390825 0.000816934 0.0172303 0.0016488 0.00074522 0.0227463 7.95182e-06 0.0055608 0.00217078 4.07494e-06 0.000101023 1.19299e-05 0.000376708 0.00774638 1.78986e-06 
0.191283 6.78887e-11 0.0105737 0.00354477 6.7324e-11 4.86454e-11 1.65982e-06 0.0188092 0.347613 0.00658763 0.00250473 3.14476e-06 6.62035e-07 0.0101029 9.68775e-06 0.324733 0.00291572 0.00305144 0.00456166 0.00177698 0.033506 6.25846e-11 0.000203391 0.000333228 8.89067e-07 0.026807 8.93268e-07 0.00698258 0.00405663 3.66111e-05 
2.02597e-10 9.08085e-09 0.00179716 0.00386678 0.00175851 0.000140656 8.64131e-05 0.223944 0.308526 0.0341185 0.00107012 0.00030068 0.000332207 0.0104745 0.00177997 0.264998 0.0467854 0.0184869 0.00425008 0.000319119 0.0283965 2.07937e-07 0.00245919 0.0153387 0.00241981 0.00259617 9.36414e-06 0.00145011 0.0178564 0.00643871 
2.71964e-08 3.05276e-05 0.00224284 0.00330109 0.000161744 0.000127689 9.77918e-05 0.00349384 0.672533 0.0496343 0.000258027 1.87011e-05 2.76895e-06 0.0129815 0.0330667 0.0993262 0.0125603 0.0207702 0.00495591 0.00482533 0.0178616 2.45982e-05 0.0136008 0.0168851 0.00211058 0.000108591 6.81324e-05 0.00343186 0.0218219 0.00369818 
1.46233e-10 0.000134602 0.0029033 0.00285378 2.52766e-05 0.0130256 3.07983e-07 0.00756161 0.810786 0.00306252 0.00138687 1.40427e-10 1.9437e-10 0.0620128 0.000392225 0.0510208 0.00969946 0.0210004 5.2205e-05 0.000463244 0.00347897 7.01224e-06 0.000731841 0.0030177 0.000118902 0.000884298 9.59911e-08 0.00346419 0.0019155 1.43356e-07 
2.67878e-07 0.00011228 0.00359574 0.000932067 0.00245839 0.000146201 0.000146959 0.00983394 0.314988 0.0223801 0.000593856 2.39096e-06 1.2382e-07 0.0230055 0.1391 0.104196 0.00969922 0.00816867 0.00124253 0.00558283 0.0422444 3.3466e-06 0.293164 0.000830636 0.000595091 0.000230407 0.000126107 0.00597317 0.00964109 0.00100676 
1.62509e-12 1.9251e-12 0.000199458 0.000167242 2.08262e-05 0.000302864 4.21408e-06 0.00230549 0.94373 0.00547438 0.000186522 4.68018e-10 5.3208e-10 0.00158008 0.000369673 0.0173817 0.00124574 0.00464105 0.00132116 0.000513882 0.0101511 1.77469e-12 0.00426433 0.000436506 5.8912e-06 4.16042e-05 1.71819e-05 0.000111014 0.00552597 2.31886e-06 
4.17207e-10 2.56828e-06 0.000160677 0.000940339 9.13841e-07 8.43617e-06 1.52925e-05 0.000992193 0.91795 0.00991377 1.42946e-05 1.43239e-06 1.10316e-09 0.000319071 0.0136642 0.0147927 0.000438245 0.00526412 0.000429618 0.000155493 0.00642208 2.92204e-08 0.00474301 0.000131832 9.70309e-06 4.96809e-05 3.51853e-06 0.000116029 0.022669 0.000792253 
1.789e-09 4.33323e-05 0.000105199 0.00542955 6.05614e-07 6.80682e-06 1.00232e-05 0.00125164 0.900801 0.00648918 0.000116864 9.51212e-07 6.61474e-09 0.00051647 0.00926211 0.0190486 0.000470663 0.00870382 0.000289289 0.000101825 0.00880379 2.03352e-08 0.00310471 0.00020508 7.94071e-06 3.2556e-05 2.31869e-06 0.000288192 0.0343738 0.000533378 
3.78798e-09 3.08767e-06 0.0099418 0.00502986 3.95271e-05 0.000666327 0.0154834 0.00446663 0.33508 0.0130447 0.0163493 0.000417172 2.10095e-05 0.00638272 0.0154654 0.15765 0.000654457 0.0377607 0.00608291 0.00489469 0.0572618 1.40603e-06 0.252656 0.00414167 3.27474e-05 0.00681748 2.72971e-05 0.00303894 0.0465854 3.13507e-06 
1.62509e-12 1.9251e-12 0.000199458 0.000167242 2.08262e-05 0.000302864 4.21408e-06 0.00230549 0.94373 0.00547438 0.000186522 4.68018e-10 5.3208e-10 0.00158008 0.000369673 0.0173817 0.00124574 0.00464105 0.00132116 0.000513882 0.0101511 1.77469e-12 0.00426433 0.000436506 5.8912e-06 4.16042e-05 1.71819e-05 0.000111014 0.00552597 2.31886e-06 
1.00048e-09 3.47761e-05 0.00114025 0.00225745 0.000168663 5.01804e-05 0.00017303 0.00530822 0.760986 0.0123469 0.000334996 4.87346e-07 5.59514e-07 0.00198093 0.0495647 0.0591046 0.00418125 0.0041086 0.00119076 0.00145132 0.0193147 4.14422e-07 0.0504486 0.00794107 7.24949e-05 0.000587569 1.09398e-05 0.00278512 0.0139861 0.000469353 
1.05833e-07 1.40269e-05 0.00065182 0.00203631 8.90698e-06 2.08734e-05 6.88305e-05 0.00218104 0.677624 0.0142928 0.000118035 3.22886e-06 2.55347e-06 0.00126996 0.00917762 0.240574 0.00190032 0.00594952 0.00280902 0.000235437 0.00522522 5.72545e-08 0.00460703 0.0036258 4.80459e-05 0.00186069 6.13451e-06 0.000574259 0.0229546 0.00215962 
1.64724e-12 1.95133e-12 0.000228143 0.000203813 3.01092e-05 0.000420096 4.74712e-06 0.00253012 0.936894 0.00779456 0.000193024 1.62649e-08 1.7527e-08 0.00167427 0.000425007 0.0178401 0.00130455 0.0048995 0.00151888 0.000543162 0.0115113 1.79887e-12 0.00448396 0.00096406 6.81299e-06 4.48401e-05 2.038e-05 0.000118525 0.00634232 3.76638e-06 
5.11128e-12 8.02548e-09 0.000354364 0.000262599 3.32342e-05 0.000198293 2.76064e-06 0.00180167 0.953301 0.00566548 0.000297235 7.09073e-10 8.63843e-10 0.00134277 0.000241994 0.011534 0.00115219 0.00612924 0.00132073 0.000394565 0.00664443 5.58179e-12 0.00309801 0.000541391 3.86274e-06 0.00013245 4.45726e-05 7.39113e-05 0.00542814 1.52628e-06 
2.07659e-07 1.90644e-06 6.68429e-06 0.000505923 0.000181774 0.00515899 1.03969e-05 5.76024e-05 0.532771 0.00164081 0.00525265 4.2375e-06 1.43766e-05 0.00109775 0.00686322 0.314507 0.000455526 0.103005 1.18758e-05 0.000408148 0.00851237 2.26775e-07 0.013472 8.67064e-05 5.52726e-07 1.38399e-05 2.21551e-06 0.0001616 0.00573471 5.94349e-05 
2.44816e-05 2.93375e-06 0.00347308 0.00261901 2.97459e-05 0.000128305 0.0116927 0.00508723 0.52687 0.00665754 0.000627198 0.000111533 6.38273e-05 0.0537489 0.000397397 0.28751 0.000876113 0.00856873 0.000268103 0.0200677 0.00192071 0.000444134 0.000215664 0.000275584 0.000401265 0.0663322 1.65957e-06 0.000244036 0.0012783 6.18834e-05 
7.50527e-07 2.61693e-06 0.00461684 0.00628196 1.20967e-05 0.000192772 3.41233e-05 0.0133276 0.701252 0.0374599 0.000498024 6.59149e-07 3.33569e-06 0.0014774 0.0145921 0.0383105 0.000647756 0.0321444 0.00576372 0.000925799 0.0493907 2.62604e-05 0.0121811 0.00110914 4.38234e-05 0.000732739 4.63417e-06 0.00729175 0.0685779 0.00309787 
1.64002e-09 0.00113535 0.00317056 0.000941905 0.00474797 0.000919084 7.19792e-05 0.0127962 0.455732 0.0296647 0.000478297 3.7804e-07 4.00451e-06 0.0860172 0.0326857 0.21415 0.0130352 0.006268 0.00221368 0.00289467 0.02202 1.30582e-05 0.0638723 0.000996387 0.00031338 0.000420203 7.19997e-05 0.0157956 0.0295443 2.53388e-05 
1.70458e-12 2.64231e-10 1.2451e-05 8.59993e-05 2.44258e-08 1.35226e-07 1.4682e-05 1.96826e-05 0.991448 6.8749e-05 1.52644e-06 9.42388e-06 2.6301e-06 1.20806e-05 0.000214043 0.00438083 5.62935e-05 0.00022437 4.87941e-05 2.76752e-05 1.45768e-05 1.8615e-12 0.000146338 0.000400182 4.3561e-06 4.24548e-05 1.3236e-06 4.32186e-06 0.000373509 0.00238591 
5.11128e-12 8.02548e-09 0.000354364 0.000262599 3.32342e-05 0.000198293 2.76064e-06 0.00180167 0.953301 0.00566548 0.000297235 7.09073e-10 8.63843e-10 0.00134277 0.000241994 0.011534 0.00115219 0.00612924 0.00132073 0.000394565 0.00664443 5.58179e-12 0.00309801 0.000541391 3.86274e-06 0.00013245 4.45726e-05 7.39113e-05 0.00542814 1.52628e-06 
1.98498e-07 0.000239097 0.00968691 0.00112103 1.23139e-05 7.0217e-05 6.17063e-05 0.0401048 0.578756 0.0346289 0.00870342 2.18572e-05 0.000127612 0.00688292 0.0106177 0.075323 0.00639249 0.126319 0.00255305 0.000139642 0.0422897 2.71579e-08 0.00967349 0.00342671 2.17835e-05 0.000797126 1.68991e-05 0.00740832 0.0345951 9.60764e-06 
6.95612e-13 1.77585e-10 1.74277e-05 5.78926e-05 1.35524e-08 1.88296e-07 2.05501e-05 2.75499e-05 0.995978 9.6241e-05 2.13338e-06 1.73802e-06 2.56428e-09 8.79209e-06 9.37668e-05 0.00247494 5.49492e-05 8.96429e-07 6.82981e-05 2.24051e-05 2.04026e-05 7.59646e-13 0.000125829 0.000143736 6.09463e-06 5.94234e-05 1.19272e-06 6.04822e-06 0.000241193 0.00047015 
3.96358e-10 2.05805e-06 0.000128543 0.000752274 7.31532e-07 8.29427e-06 1.22343e-05 0.000823132 0.932889 0.00793103 1.14361e-05 1.14628e-06 1.03586e-09 0.000319069 0.01132 0.0123529 0.000495123 0.0043739 0.000353481 0.000124396 0.00525471 2.34428e-08 0.00379442 0.000105467 9.67988e-06 3.97457e-05 2.81529e-06 0.000108021 0.0181352 0.000651037 
1.62509e-12 1.9251e-12 0.000199458 0.000167242 2.08262e-05 0.000302864 4.21408e-06 0.00230549 0.94373 0.00547438 0.000186522 4.68018e-10 5.3208e-10 0.00158008 0.000369673 0.0173817 0.00124574 0.00464105 0.00132116 0.000513882 0.0101511 1.77469e-12 0.00426433 0.000436506 5.8912e-06 4.16042e-05 1.71819e-05 0.000111014 0.00552597 2.31886e-06 
5.32637e-12 1.90845e-06 0.000372563 0.00030886 4.45723e-05 0.000295611 3.35931e-06 0.00195192 0.947374 0.0070512 0.000326486 1.21317e-08 1.30962e-08 0.00135852 0.000301085 0.0126435 0.00118597 0.00625869 0.00145561 0.000418206 0.00806926 5.81669e-12 0.00339065 0.000901256 4.33436e-06 0.000167832 4.7488e-05 8.32536e-05 0.0059813 2.33364e-06 
5.27991e-10 4.39278e-06 0.000212225 0.0014442 1.56524e-06 1.50337e-05 2.53472e-05 0.00157592 0.873972 0.0156648 2.168e-05 1.09246e-06 1.42691e-09 0.000553161 0.0203671 0.0179903 0.000819153 0.00936377 0.00062156 5.72849e-05 0.0108968 4.98962e-08 0.00731041 0.000225991 1.14003e-05 4.12852e-05 1.4949e-06 0.000157097 0.0375951 0.00104984 
3.96358e-10 2.05805e-06 0.000128543 0.000752274 7.31532e-07 8.29427e-06 1.22343e-05 0.000823132 0.932889 0.00793103 1.14361e-05 1.14628e-06 1.03586e-09 0.000319069 0.01132 0.0123529 0.000495123 0.0043739 0.000353481 0.000124396 0.00525471 2.34428e-08 0.00379442 0.000105467 9.67988e-06 3.97457e-05 2.81529e-06 0.000108021 0.0181352 0.000651037 
3.96358e-10 2.05805e-06 0.000128543 0.000752274 7.31532e-07 8.29427e-06 1.22343e-05 0.000823132 0.932889 0.00793103 1.14361e-05 1.14628e-06 1.03586e-09 0.000319069 0.01132 0.0123529 0.000495123 0.0043739 0.000353481 0.000124396 0.00525471 2.34428e-08 0.00379442 0.000105467 9.67988e-06 3.97457e-05 2.81529e-06 0.000108021 0.0181352 0.000651037 
3.65288e-08 0.00443589 0.00981057 0.00138801 0.0141469 0.000606349 0.000148157 0.0168444 0.265861 0.0049853 0.00146073 5.40017e-07 4.05687e-06 0.0315172 0.203105 0.0746082 0.00664433 0.0140747 0.00365371 0.00647291 0.0273823 2.75469e-07 0.213657 0.00616966 0.057875 0.00314483 2.96675e-05 0.012096 0.0198263 5.07156e-05 
1.2006e-10 0.000215468 0.0203861 0.00142244 0.00114464 0.00751583 2.18371e-05 0.00107601 0.526448 0.00481853 0.0019106 0.000292358 2.30635e-06 0.0148589 0.032441 0.226874 0.00245769 0.020813 0.0187808 0.00210694 0.0172109 0.000270083 0.025561 0.00482127 0.000986208 0.000976897 0.00362533 0.00442966 0.0582872 0.000244703 
4.26642e-10 2.56886e-06 0.000151718 0.000940339 9.13916e-07 1.03672e-05 1.52925e-05 0.000997135 0.919125 0.00991377 1.42947e-05 1.43245e-06 1.12545e-09 0.000368742 0.0135192 0.0135203 0.000584377 0.00546737 0.000441848 0.000155017 0.00656839 2.9231e-08 0.004585 0.000131832 1.02731e-05 4.9681e-05 3.5186e-06 0.000135025 0.0225933 0.000693789 
2.05627e-07 1.14716e-05 8.18572e-05 0.000165842 2.44709e-06 1.06625e-05 4.39997e-07 0.000838786 0.935541 0.00762254 2.36022e-06 2.72838e-07 4.16428e-10 0.000394453 0.0135344 0.012863 0.000407734 0.00386587 0.000184195 0.000147688 0.00522617 2.50429e-07 0.0044487 2.60652e-06 9.78424e-06 8.38001e-06 4.36431e-06 0.000112922 0.0145008 1.04136e-05 
2.85886e-07 3.8799e-05 0.00217745 0.00652606 0.000406375 0.000317609 0.00358175 0.0143446 0.250243 0.00480861 0.00174209 4.64944e-06 0.000143008 0.0298299 0.00749772 0.24715 0.0165553 0.0363159 0.00686058 0.00140857 0.0134322 5.80019e-05 0.220236 0.00136217 3.49206e-05 0.112479 0.00149436 0.00460403 0.0162263 0.000121803 
3.05783e-07 1.84741e-07 0.00269066 0.00337697 0.000133232 6.07009e-05 4.65672e-05 0.0263944 0.333761 0.0253434 1.58483e-05 2.43605e-05 4.96071e-06 0.0100371 0.167436 0.11196 0.0032516 0.0246661 0.0098774 0.000618698 0.0101711 3.72032e-06 0.230254 3.77964e-05 5.27717e-05 0.00107361 0.0005554 0.00433551 0.0219404 0.0118753 
4.75982e-07 2.53537e-08 0.00208633 0.0339392 0.000305439 0.00211464 0.000379465 0.000411235 0.488226 0.00946234 0.00150831 3.43798e-07 3.02412e-05 0.000752987 0.0159664 0.336954 0.00472305 0.0107295 0.00067457 0.0355242 0.0222997 0.00105018 0.00762487 0.000765675 9.64898e-06 0.0071717 4.87276e-05 0.00722838 0.0100115 1.30442e-06 
6.63056e-05 0.00333148 0.0337267 0.0134351 0.00441574 0.00794314 0.00111378 0.00200787 0.187027 0.0795189 0.182005 6.1211e-06 7.19284e-05 0.0399439 0.0402573 0.177092 0.0147136 0.021824 0.000560562 0.00334653 0.0158881 0.0231881 0.102929 6.64056e-05 0.00067308 0.00205382 0.00304017 0.0336286 0.00612586 5.56356e-07 
3.66858e-10 4.34582e-10 2.95006e-06 6.61963e-11 4.30967e-10 2.24832e-05 4.86207e-07 1.04872e-06 0.308939 7.03606e-06 2.71138e-06 1.41269e-07 4.87618e-10 0.274959 0.00622053 0.168575 0.221485 8.69428e-07 1.20753e-10 0.0197696 2.88833e-11 4.00628e-10 1.79477e-06 1.19385e-06 6.60506e-06 1.42474e-10 6.21417e-10 3.88893e-06 3.92758e-11 6.0634e-07 
4.26642e-10 2.56886e-06 0.000151718 0.000940339 9.13916e-07 1.03672e-05 1.52925e-05 0.000997135 0.919125 0.00991377 1.42947e-05 1.43245e-06 1.12545e-09 0.000368742 0.0135192 0.0135203 0.000584377 0.00546737 0.000441848 0.000155017 0.00656839 2.9231e-08 0.004585 0.000131832 1.02731e-05 4.9681e-05 3.5186e-06 0.000135025 0.0225933 0.000693789 
3.0704e-11 8.71802e-08 0.000500138 4.86846e-07 0.000766839 0.000157778 5.94618e-09 0.00136352 0.468528 7.75644e-05 0.00115906 2.94849e-11 2.54796e-09 6.70514e-06 1.08446e-08 0.117168 2.72155e-05 0.0114681 1.92914e-05 1.6988e-06 4.33215e-05 3.35304e-11 0.388402 1.85001e-11 7.2505e-09 0.00011382 0.00754161 0.000361713 0.0022931 3.16974e-11 
6.28965e-11 6.27277e-05 0.00126355 5.38874e-07 0.00172962 0.000112852 7.27018e-09 0.0106215 0.409932 0.000900355 0.000828073 3.54651e-08 3.07416e-09 0.000251516 1.48114e-08 0.258964 1.94883e-05 0.0081918 0.000291133 1.22221e-06 3.09891e-05 4.51903e-07 0.280313 7.47926e-07 9.00522e-06 0.0151834 0.00539051 0.000833164 0.00506713 6.49314e-11 
3.96358e-10 2.05805e-06 0.000128543 0.000752274 7.31532e-07 8.29427e-06 1.22343e-05 0.000823132 0.932889 0.00793103 1.14361e-05 1.14628e-06 1.03586e-09 0.000319069 0.01132 0.0123529 0.000495123 0.0043739 0.000353481 0.000124396 0.00525471 2.34428e-08 0.00379442 0.000105467 9.67988e-06 3.97457e-05 2.81529e-06 0.000108021 0.0181352 0.000651037 
