2.88998e-08 5.34947e-06 0.0156184 0.0355042 7.09543e-05 2.0209e-09 1.12784e-05 0.002111 0.00262839 0.311944 0.00552676 6.30301e-05 8.79374e-06 0.0209874 0.000502467 0.0130338 0.034081 0.186751 0.0011722 0.0159326 0.111094 1.64643e-06 0.000296673 0.010224 0.00048855 0.00125133 0.00235829 0.031377 0.19194 0.0050153 
1.31541e-11 0.000698062 0.0508443 0.0290461 8.24391e-05 0.00408045 8.64796e-05 0.00920337 0.000817862 0.685878 0.00662341 4.68668e-05 0.00239912 0.0289907 0.000675491 0.0349051 0.0344016 0.00963769 0.0103544 0.00179064 0.0312789 0.000719848 0.00165344 0.0104941 0.000697918 0.0106826 0.000514281 0.00660897 0.0214489 0.00533915 
9.12883e-07 1.35469e-11 0.0177268 0.000143026 2.34987e-08 3.51187e-05 0.0539014 0.101788 0.0203775 0.460971 0.00120734 1.42387e-05 3.22442e-07 0.0360747 0.0019082 0.0336243 0.0084818 0.0877974 0.00776701 0.000263334 0.127926 2.01897e-06 0.00725999 3.54382e-05 5.91342e-05 0.000577161 1.03166e-06 0.00853575 0.0208383 0.00268207 
3.5593e-07 1.42626e-05 0.0543265 0.00401046 0.00685598 0.00224796 0.0135046 0.0170069 0.0464525 0.207952 0.00966365 5.0598e-05 5.38166e-05 0.0773028 0.00305468 0.206424 0.0497534 0.12943 0.0155054 0.008573 0.0551064 0.000191814 0.00409947 0.0125117 0.0171624 0.0175974 0.000250323 0.0147416 0.026139 1.76712e-05 
0.00020229 0.00382604 0.026594 0.147137 0.000493569 0.00405849 0.00010991 0.00904418 0.0044988 0.218896 0.00849804 3.91385e-05 0.00198599 0.103176 0.00508946 0.0409108 0.151835 0.053773 0.0252056 0.00751085 0.0524768 0.000206648 0.00409758 0.00182017 0.00475725 0.00401338 0.000848563 0.0253681 0.0934037 0.000123007 
2.10749e-08 9.02179e-07 0.02788 0.0338205 5.30083e-06 0.00361566 7.35689e-05 0.00439034 0.00369123 0.282766 0.0191031 0.000134665 0.000101471 0.0252375 0.0132822 0.0635005 0.0279903 0.102408 0.0160918 0.0179229 0.0923965 0.000247661 0.0212838 0.00683623 0.00109738 0.00778994 0.000317176 0.00148614 0.226322 0.000207543 
2.65128e-12 0.0564353 0.0473131 0.032601 0.00386736 0.0503824 0.00943794 0.00253121 0.00061471 0.392991 0.0130538 1.28767e-09 7.51742e-06 0.045539 0.00342355 0.0281543 0.0700308 0.00408025 0.00477144 0.0328789 0.109052 0.0012047 0.00625797 0.000256281 0.000585889 0.00369732 8.57219e-05 0.0717515 0.00899582 2.73706e-12 
1.69389e-07 0.000130583 0.101932 0.0138983 0.000113796 9.16576e-05 3.18503e-05 0.0815286 0.00022462 0.522441 0.00354821 0.000262529 3.55417e-06 0.0642711 0.00108536 0.00788713 0.0194239 0.0248512 0.0359066 0.00230487 0.0202139 2.32352e-06 0.00835315 1.25856e-05 0.000355304 0.0169851 0.00293584 0.0348913 0.0361436 0.000169127 
8.68175e-07 0.00170074 0.119242 0.000927 0.000455913 0.00294651 0.000228742 0.003664 0.000497995 0.562805 0.00112859 0.000114168 4.55437e-05 0.10879 0.00356759 0.00680669 0.028321 0.00998093 0.000820875 0.00509933 0.014579 5.79968e-06 0.00106068 0.00167041 0.061033 0.00193726 0.000808191 0.0528489 0.00611236 0.0028005 
5.94718e-13 7.04507e-13 0.0101226 0.00542501 1.73507e-08 4.60049e-10 9.50545e-05 0.00878697 0.00478864 0.423698 0.000863382 7.67971e-05 7.42705e-09 0.0625485 0.0244075 0.130392 0.0382784 0.0393318 0.0209185 0.00238418 0.141732 9.51535e-11 0.00216038 0.000554653 0.000349429 0.00456271 2.58098e-05 0.00535183 0.0731458 5.93332e-07 
6.11554e-12 7.2445e-12 0.00817864 0.000497739 0.000462523 0.000539127 5.08592e-06 0.0272822 0.00436276 0.493657 0.00044931 4.21875e-09 3.85789e-08 0.0720169 0.00119068 0.0772809 0.0334401 0.0565982 0.00117617 0.000937215 0.166174 0.00118444 0.0277743 0.00553688 2.26887e-05 6.85413e-05 7.81788e-05 0.00372848 0.0158977 0.00145987 
5.61593e-05 3.76909e-09 0.0478873 0.00202631 5.36856e-06 0.000802653 0.00519116 0.0479718 0.0159679 0.42227 0.00191133 2.79392e-05 2.91256e-06 0.0171871 0.00344355 0.109259 0.0232494 0.100276 0.0053474 0.00176707 0.106651 0.00221057 0.00772805 0.00448298 0.000960954 0.0071567 1.1641e-05 0.0102056 0.0545723 0.00137055 
0.000286734 0.000320147 0.0559848 0.0241863 0.000777849 0.00194971 0.00754563 0.00932808 0.00511027 0.349714 0.0120646 2.64578e-05 0.00051952 0.0136563 0.0171186 0.027949 0.017664 0.0579638 0.0271638 0.026123 0.227888 0.000265751 0.00817885 0.00126083 0.00232576 0.00645109 0.000170975 0.0337421 0.0629771 0.00128759 
5.87299e-05 0.00211194 0.0194916 0.00177395 7.69925e-05 0.000257925 0.000223305 0.0315114 0.000926887 0.619508 0.00128792 0.00011394 0.000596596 0.0788034 0.000365976 0.00546821 0.00932907 0.0346983 0.142707 0.000684954 0.0201673 0.00016824 0.00136302 0.000271971 0.00147655 0.00377805 0.000217694 0.0207862 0.00177495 1.76504e-07 
1.0344e-05 0.0127588 0.074176 0.268434 6.29381e-05 0.00157485 0.00224367 0.000898352 0.000142938 0.275213 0.0539576 2.35765e-06 0.00700065 0.00341179 0.0178728 0.0182733 0.00722155 0.0122572 0.0432121 0.0545612 0.0503626 0.000906023 0.0117699 0.000102894 0.00145382 0.000437769 9.23568e-05 0.0506836 0.030861 4.45575e-05 
1.25648e-07 2.22337e-07 0.0167364 0.0125965 7.66596e-05 0.000847603 2.23663e-05 0.0146265 0.00142324 0.435867 0.00293866 8.86583e-07 0.000128095 0.00407958 0.00184126 0.0601325 0.0191115 0.0291288 0.0039734 0.0010904 0.353441 0.000509937 0.0112281 0.00043261 0.000937949 0.000246025 2.79869e-05 0.0022152 0.0244966 0.00184387 
0.0004462 0.0186918 0.124943 0.021823 0.00214329 0.00659904 0.00255185 0.0102698 0.00248949 0.266023 0.0732379 2.24167e-05 0.000927236 0.0242159 0.00636583 0.0333498 0.0179334 0.0816512 0.0315505 0.0208168 0.0916239 0.00072142 0.0452032 0.0026652 0.00711962 0.0109498 7.38028e-05 0.03512 0.0595433 0.000928347 
2.68891e-07 0.00676568 0.120444 0.0255493 0.000990779 0.00503625 0.000810767 0.00533107 0.00167727 0.406925 0.0112559 1.27787e-05 0.00243318 0.0207728 0.00627649 0.045904 0.00804405 0.0318109 0.0115239 0.00308543 0.222289 2.41106e-05 0.00739745 0.00281854 0.00261996 0.00397163 4.34904e-05 0.0243332 0.0213012 0.000551509 
0.00047648 9.18186e-08 0.0168131 0.00277815 0.00334127 0.00173113 0.00014278 0.0583881 0.0250983 0.372907 0.000726453 0.000344417 1.29466e-06 0.0583716 0.0267251 0.0924781 0.0783992 0.0451665 0.0017338 0.00277387 0.100974 0.00016874 0.00580655 0.0016408 0.000692276 0.000857459 2.4355e-05 0.0317256 0.0646744 0.005039 
3.24834e-11 3.84801e-11 0.0243176 0.000377123 2.12101e-05 9.08338e-05 2.49138e-06 0.00281128 0.00141668 0.304483 0.00643651 5.1011e-09 0.00241118 0.0102929 0.00518007 0.133151 0.00183586 0.0715542 0.00659442 0.000711168 0.302853 0.000174152 0.00848219 0.00167849 0.00439843 0.0703464 0.000167554 0.0340817 0.00613047 3.35344e-11 
0.00907983 2.03971e-05 0.0574271 0.00310814 0.000842569 0.000815091 9.53309e-05 0.0143341 0.00761409 0.287978 0.00107095 4.31244e-06 0.000441674 0.14746 0.000826158 0.0532669 0.094264 0.174342 0.010918 0.000837979 0.0806609 0.000201202 0.000838772 0.00150742 0.0085531 0.0020771 0.000200055 0.0286142 0.0105447 0.00205638 
0.0016416 0.000548649 0.0106614 0.000558435 0.000176454 0.031722 1.02887e-05 0.00584976 0.0155974 0.442201 0.000411338 0.000805317 3.67233e-07 0.0182607 0.000138301 0.02659 0.0898379 0.0362631 0.00154163 0.00031434 0.0110195 1.22018e-05 0.00413739 0.000619084 0.0114654 0.000156463 7.13137e-05 0.00188399 0.287488 1.62615e-05 
3.46739e-07 4.20273e-07 0.0205929 0.000712229 4.81585e-06 0.000670674 1.33652e-05 0.0736793 0.0110443 0.355583 0.00400923 6.81329e-07 2.09031e-06 0.0197025 0.00264809 0.0788581 0.175482 0.0741488 0.00180726 0.00143258 0.131007 3.09625e-05 0.00646908 0.00115012 0.000730507 0.00080597 6.91937e-05 0.00776517 0.031079 0.000500055 
8.5243e-07 1.16279e-06 0.0376278 0.0655523 0.000431653 0.0177506 4.92434e-05 0.001454 8.79649e-05 0.72569 0.0240673 1.05203e-05 0.00423668 0.0157333 0.000240324 0.0118798 0.0129026 0.0127082 0.00354369 0.000889574 0.0266725 0.00014332 0.0133335 9.76243e-05 0.00017305 0.00124528 0.00258794 0.0119401 0.00890256 4.64281e-05 
5.93354e-10 1.60266e-08 0.125323 0.00645686 6.31005e-12 0.00111018 0.0384319 0.0085284 0.00102478 0.26853 0.0289886 1.37351e-07 5.90408e-05 0.0441545 0.000148665 0.106027 0.00300093 0.214746 0.00430302 0.00503448 0.0343066 0.000713005 0.00282817 0.0846152 0.00281645 0.00468008 9.09854e-12 0.00748562 0.00668711 1.38036e-07 
5.44684e-09 3.18568e-09 0.0349572 0.000827475 0.000698479 0.000191829 0.000518641 0.0803336 0.00319665 0.643549 0.00406948 0.000160453 4.32247e-11 0.0164475 0.000467807 0.0246904 0.0629743 0.0101329 0.00410011 0.00390706 0.0647943 4.46858e-05 0.00155533 0.000502674 0.000159778 1.26296e-11 5.57423e-05 0.00776688 0.0336752 0.000222127 
1.86496e-08 2.20924e-08 0.278839 1.04216e-05 6.54541e-06 1.88616e-07 2.51415e-06 1.23404e-05 5.30474e-06 0.384326 1.91955e-06 1.69931e-05 2.81701e-06 2.84913e-05 0.0260735 5.12589e-06 3.97082e-05 1.21429e-05 1.44437e-05 7.20953e-06 0.288891 2.03664e-08 3.56838e-06 4.25985e-06 0.021444 1.89507e-06 2.52798e-06 7.41994e-06 1.73519e-05 0.000223108 
7.87454e-07 0.0162298 0.06578 0.0105128 0.00218805 0.008566 4.87449e-05 0.0747373 0.00172218 0.313479 0.0127974 4.67575e-05 0.000467764 0.059062 0.00180098 0.0517935 0.0324164 0.0170421 0.0166585 0.0590493 0.0538915 4.73472e-05 0.00377071 0.00266491 0.00267167 0.00922241 2.3219e-05 0.164754 0.0184845 7.07338e-05 
1.73192e-07 9.40734e-09 0.0277478 0.0133714 0.000124911 0.00284851 5.38863e-05 0.00693507 0.00106339 0.363439 0.00567203 0.0001526 0.00437111 0.261782 0.000174959 0.0220251 0.0712651 0.0217173 0.024056 0.00737632 0.107749 0.000176346 0.000572777 0.000335509 0.000247617 0.0054395 0.00149065 0.0243762 0.022034 0.00340165 
5.27761e-05 0.00131931 0.0722196 0.0287254 0.000159218 0.00192346 0.00114034 0.011101 0.00518271 0.174055 0.0240306 2.90052e-05 8.42042e-05 0.0138953 0.00663847 0.0510067 0.0156052 0.163705 0.0150218 0.0312548 0.152791 0.00121432 0.00680374 0.00272856 0.00132306 0.0172543 0.000410243 0.0642082 0.135306 0.000811296 
2.26137e-07 1.10295e-05 0.220294 0.0279316 0.00146633 0.00264627 0.00638617 0.00389495 0.000310821 0.366052 0.0744763 2.26078e-05 2.39817e-05 0.0195377 0.00121021 0.0382048 0.00845199 0.0243511 0.00515095 0.00344139 0.101002 0.00151685 0.0348279 0.000529185 0.00545136 0.00222452 5.33567e-05 0.026753 0.0227339 0.0010438 
2.60965e-06 1.24337e-05 0.126152 0.00643017 3.74115e-06 0.00137934 0.00121157 0.000340106 1.84166e-05 0.704289 0.00729755 2.62028e-06 1.48275e-05 0.00152659 4.90723e-06 0.000400945 0.00114055 0.00300821 0.00143771 0.00490074 0.033733 3.1524e-05 0.000422693 0.000767137 0.000137765 0.00861333 5.67353e-05 0.090543 0.00610507 1.61185e-05 
3.69603e-12 1.18911e-07 0.129019 0.188376 4.34193e-12 0.000840958 2.49586e-07 0.000220775 0.000262656 0.529975 0.0350624 7.62223e-05 0.00428764 0.00530417 7.79457e-05 0.00202072 0.00373513 0.0188445 0.0284235 0.00289245 0.0162164 1.21005e-05 0.00018583 9.59258e-05 0.00063259 0.0125656 0.000665268 0.00816463 0.0120414 3.16255e-08 
3.08989e-13 1.48851e-08 0.00846895 0.0101106 0.000437011 1.01975e-05 3.31908e-05 0.012354 0.00172796 0.402802 0.000611605 7.01656e-05 5.14237e-09 0.0069009 0.00597114 0.0173597 0.0192232 0.0196486 0.00359926 0.00318557 0.39816 1.93748e-07 0.00991003 0.00039743 0.00122006 0.000222241 4.21076e-05 0.00220687 0.047875 0.0274518 
7.28336e-10 8.62791e-10 0.0706186 0.0180584 0.0015455 0.014358 5.81195e-06 0.0139816 0.00143939 0.319507 0.0202633 0.000411524 0.000174678 0.0365366 0.000229021 0.0548197 0.0190291 0.0535509 0.0236323 0.0146345 0.0550645 0.0374862 8.10683e-05 0.0375355 9.51125e-05 0.0377519 0.000424039 0.107294 0.0277458 0.0337255 
1.45943e-12 1.72885e-12 0.0263858 0.032231 6.45899e-05 0.000103105 3.72551e-06 0.00231298 0.0183454 0.582941 0.00360945 3.35005e-06 6.14779e-07 0.00322443 6.3325e-05 0.0044795 0.00575355 0.0663398 0.00485158 0.000399014 0.214963 3.09799e-07 0.00138527 0.000348118 4.72103e-05 0.000128271 3.8748e-05 0.00387415 0.0281009 1.10656e-06 
2.44273e-05 8.52684e-05 0.0125347 0.00510706 0.000107571 0.00154675 0.000158344 0.0316379 0.0201782 0.328051 0.00616645 0.000323504 5.94394e-06 0.106872 0.0566207 0.056955 0.0804412 0.0381336 0.0018568 0.002073 0.137465 2.71476e-07 0.0173937 0.00176215 0.0142488 0.000110725 3.27246e-05 0.0101955 0.0646945 0.00521695 
1.78609e-06 5.29188e-05 0.0217885 0.0158544 0.000226684 0.000813363 0.00917773 0.000222893 0.0014331 0.309905 0.00824308 5.5098e-06 1.73278e-05 0.00601302 0.00054442 0.0023003 0.0180346 0.0108121 0.00222795 0.142086 0.138187 0.000584341 0.00144968 0.000890026 5.98569e-05 0.00294205 0.000253483 0.264721 0.0409196 0.000232248 
0.000326576 2.84782e-07 0.0356171 0.00640434 0.00142883 0.00120271 0.0148197 0.030931 0.0172871 0.355825 0.00288552 1.81999e-05 1.06856e-09 0.0115896 0.00131819 0.0515559 0.00460172 0.0759938 0.0110869 0.00151093 0.0880734 0.082222 0.0198447 0.00217754 0.00613634 0.0184031 4.87054e-06 0.00322611 0.155292 0.000216442 
1.36379e-07 1.31107e-05 0.0685564 0.167636 0.000155961 0.000932162 6.39154e-05 0.00195511 0.0141351 0.489851 0.00130891 0.000212389 0.0026455 0.0302773 0.00156602 0.025452 0.0304353 0.0229692 0.00371911 0.00180852 0.0204491 2.63436e-05 0.001093 0.000750526 0.0018453 0.00371726 0.000155826 0.0656264 0.0158231 0.0268199 
1.46535e-06 0.000523572 0.139883 0.103523 2.83518e-06 0.00637718 2.17626e-05 0.00745828 0.000729788 0.511741 0.0157578 2.74109e-06 7.47447e-06 0.00228615 0.00111966 0.0422248 0.000980891 0.0203613 0.0113667 0.0111267 0.0139018 0.00155636 0.00279585 6.69951e-05 0.000793693 0.00514812 6.56163e-06 0.0216721 0.0785229 3.91103e-05 
1.08086e-05 1.30672e-10 0.111551 0.104623 0.000308319 0.000871248 0.00774486 0.00633617 0.000862605 0.234065 0.0217281 7.25371e-06 0.00422077 0.0055115 0.000129858 0.0180302 0.00254967 0.0765449 0.00643439 0.0177114 0.162373 0.00532481 0.000823892 0.00163357 0.00196113 0.00816611 2.01064e-05 0.0194413 0.180908 0.00010725 
8.81186e-08 0.00278257 0.0430831 0.0260878 1.26798e-05 7.19861e-05 6.59668e-06 0.0057373 0.0118054 0.67407 0.0101518 2.36495e-06 0.000102643 0.00254339 0.00101608 0.0223101 0.0050394 0.0210363 0.00306946 0.00735853 0.104142 0.000124492 0.002425 0.000810975 0.00018251 0.00152003 0.00120959 0.00782596 0.0448286 0.000643554 
4.22636e-07 4.22508e-07 0.00791515 4.23204e-07 0.0118308 4.22741e-07 0.0236999 0.0176875 4.23093e-07 0.323093 0.00943755 4.22663e-07 4.22407e-07 0.104534 4.23178e-07 0.0723823 0.133435 0.0651396 4.23102e-07 0.00215835 0.13384 0.00283166 0.0191713 4.2291e-07 4.22874e-07 4.2306e-07 0.000760298 0.0433382 0.0287395 4.22614e-07 
1.29212e-11 3.15846e-05 0.032821 0.00886425 5.28362e-07 1.689e-05 4.64046e-06 0.000194171 1.80029e-06 0.830289 0.0011565 3.99824e-09 4.35189e-09 5.20511e-05 0.00573567 0.00116197 0.00017872 0.000471782 0.000931215 0.00623663 0.0540398 2.00875e-08 0.000118523 1.68799e-05 0.00013431 0.00026819 4.04599e-06 0.0541731 0.0030962 2.75971e-07 
4.40576e-08 5.21909e-08 0.00570888 0.00145652 0.000113712 3.39919e-06 5.54601e-06 0.000664872 0.00112094 0.617185 0.00543793 5.41862e-06 9.42903e-07 0.0805194 0.00155413 0.0942863 0.0068559 0.0119842 0.00271996 7.38281e-05 0.0226806 1.5904e-05 0.000323862 0.000274031 3.49649e-05 0.0025655 8.65277e-07 0.00616282 0.0250723 0.113172 
9.36372e-11 2.73295e-05 0.0971967 0.00748131 0.0322929 0.00195695 0.00326504 0.000395914 0.000100508 0.345846 0.0145405 1.15092e-05 1.2446e-10 0.00156928 0.000731163 0.0450327 0.0011712 0.0213721 0.0107444 0.0317193 0.205544 0.00057415 0.000649838 0.00346853 9.54028e-05 0.00623978 0.000438956 0.133596 0.0339187 1.93526e-05 
7.82416e-06 0.00103586 0.0486117 0.0330013 0.000157592 0.0219266 0.00517046 0.0116707 0.00325186 0.234673 0.00558178 2.40873e-05 1.87373e-05 0.209194 0.00762098 0.17728 0.0413833 0.0160649 0.0402246 0.0123372 0.0148745 0.0062388 0.028139 0.000601903 0.000340274 0.0076114 3.19611e-05 0.0620481 0.0108765 3.80542e-11 
6.17263e-06 0.000313613 0.12963 0.0181874 0.000734521 0.00435443 0.00895383 0.00298671 0.000671253 0.48274 0.015976 5.90328e-06 0.000145716 0.00678202 9.13031e-05 0.0208085 0.0108569 0.029671 0.0145873 0.010327 0.0684557 0.0103539 0.00143528 0.00641758 0.000186658 0.0129273 0.000380632 0.073582 0.068275 0.000156331 
3.61233e-07 2.66892e-05 0.0748881 0.0281624 1.62799e-06 0.000712398 0.00214379 0.000176208 8.15851e-05 0.635657 0.00885124 2.6618e-06 0.000280723 0.00323727 1.21041e-06 0.000591236 0.00123792 0.0117216 0.020242 0.00618624 0.110475 0.00907733 5.41031e-05 0.000428747 0.000424328 0.00215705 6.39562e-05 0.0559729 0.027115 2.92032e-05 
5.51826e-07 2.33262e-09 0.00653229 0.0036414 1.37028e-06 0.00495736 3.05132e-07 0.0412465 0.0320681 0.37781 0.00112792 3.69187e-06 6.29596e-08 0.00695881 0.00096601 0.211855 0.00492677 0.0497307 0.00557402 0.00141287 0.115766 0.000427211 0.0130053 0.000306553 0.00252182 0.000495392 0.00285011 0.00074404 0.114575 0.000496078 
3.01735e-05 2.89505e-08 0.0870496 0.00470181 0.00023266 0.000288715 1.34429e-05 0.00248725 0.000287517 0.530708 0.0089808 7.62775e-09 3.81235e-08 0.125995 0.000264814 0.0145769 0.0217868 0.0834144 0.000263524 0.00355974 0.058544 0.000242108 0.00484653 0.026545 0.000250076 0.0119841 6.57921e-05 0.0122522 0.000610011 1.82173e-05 
3.7487e-12 1.52838e-08 0.00671795 0.000696936 0.00113546 0.00013879 2.72936e-05 0.000637594 0.017611 0.395839 0.000769796 5.94528e-09 3.52917e-08 0.0599797 0.00396511 0.0292034 0.0258614 0.0923989 0.00714815 0.00211427 0.107619 4.58814e-05 0.00422489 0.000373023 0.000369482 2.96807e-09 0.000514458 0.0911152 0.151359 0.000134662 
3.25392e-10 1.70363e-05 0.0143024 0.0427189 7.59607e-05 0.00314805 0.00158541 0.00936772 0.00304804 0.448593 0.0605167 0.000229871 3.8274e-05 0.028202 0.00414548 0.0221929 0.0226994 0.0393424 0.0256282 0.0286337 0.0328935 0.00192534 0.00309351 0.000299913 0.00140729 0.00708227 0.000366983 0.160913 0.0373485 0.000184577 
1.30298e-05 2.00129e-05 0.0853671 0.0172051 0.00249032 0.00602658 0.00152494 0.00424965 0.00117061 0.350864 0.0220028 0.000143947 0.00046253 0.0465046 0.00747959 0.0286768 0.0464677 0.0802299 0.00648621 0.00231047 0.106085 6.87645e-05 0.105606 0.00537143 0.0017149 0.00130541 0.000355291 0.0189094 0.0399151 0.0109732 
0.032865 5.11938e-05 0.0313029 0.00148879 0.20919 9.48235e-05 0.000484586 0.000458657 0.0731021 0.336464 0.0692104 2.20466e-06 2.02176e-07 0.0625013 0.00661321 0.00662672 0.00879884 0.0237545 0.000497231 4.55525e-05 0.09159 8.78701e-06 0.000429959 0.000671086 0.000189512 0.0344869 2.75351e-05 0.00493382 0.00401893 9.05125e-05 
6.0432e-05 0.000197568 0.102738 0.0115982 0.0002342 0.000271622 2.23978e-05 0.00979645 0.00319786 0.538486 0.00279763 1.85288e-06 0.000274806 0.0371621 0.000104177 0.0223599 0.0253247 0.0320294 0.00318758 0.0061515 0.0474636 0.000195151 0.0020167 0.00361282 0.000565844 0.0171283 1.10345e-05 0.121441 0.011505 6.37601e-05 
0.000764696 0.000694423 0.0991835 0.00994782 6.14427e-06 0.0496329 0.00271185 0.00695505 0.000496618 0.656764 0.00493721 8.30581e-06 7.95977e-05 0.0112738 0.00019421 0.020709 0.00456696 0.0359045 0.00682181 0.00311736 0.0149071 8.22923e-05 0.000359809 0.00249254 0.00401078 0.00343812 8.45194e-05 0.047916 0.0119293 9.55423e-06 
1.03378e-05 6.84171e-10 0.0354473 0.00120068 0.000131309 0.000643438 6.8064e-06 0.00777368 0.00244196 0.785516 0.00189794 8.31703e-06 9.12331e-05 0.00886879 0.00024874 0.0114531 0.0236566 0.0378424 0.00126852 0.000747325 0.0485819 2.71914e-05 0.00154646 0.00232148 5.37534e-05 0.000600425 0.000476307 0.0135554 0.013333 0.000249209 
5.58414e-12 6.61501e-12 0.00115512 0.0282146 0.000247822 2.75106e-05 3.78403e-05 0.0152319 0.00909058 0.737859 0.00157373 0.00015454 3.47799e-08 0.0096167 0.000831577 0.012226 0.0403248 0.0217297 0.0149775 0.000363688 0.0106421 9.77078e-08 0.00125243 0.000118441 0.00100612 1.30834e-07 9.73146e-06 0.000148568 0.0931379 2.24052e-05 
2.02477e-07 1.88421e-07 0.0197723 0.00557139 0.0150734 0.000328178 1.31149e-05 0.0245905 0.0258616 0.252039 0.0021595 1.17245e-05 4.7035e-05 0.0251204 0.0123774 0.0644806 0.0324929 0.106392 0.0501628 0.00330073 0.171001 0.00147353 0.00846904 0.00686873 0.000682446 0.0122603 5.17648e-05 0.0318359 0.110254 0.0173081 
6.36838e-07 0.0181275 0.0402285 0.0144186 0.000409736 0.0056022 0.0102654 0.0062954 0.00387106 0.233359 0.0107516 3.89567e-06 9.31114e-08 0.0309016 0.000603661 0.130953 0.0888522 0.035664 0.0130306 0.0630034 0.0912914 0.00185357 0.0120501 0.00182004 0.00206805 0.00106097 0.00105351 0.0312571 0.151074 0.000128463 
5.27207e-07 5.64913e-05 0.098681 0.00485638 0.00122701 0.000429463 2.00278e-05 0.00511669 0.00114312 0.683097 0.00586768 1.36243e-05 7.20517e-06 0.016175 0.000284703 0.0199904 0.0051475 0.013659 0.00550737 0.00299989 0.0223637 0.000500851 0.00111997 0.00158263 0.00044257 0.00963646 3.16103e-05 0.0753151 0.0240112 0.000715363 
7.38839e-10 1.92973e-08 0.0660483 0.0680782 2.56474e-08 0.00635262 0.000365624 0.00435939 0.00466502 0.370293 0.0103559 0.0292241 3.93669e-05 0.0565845 0.00207436 0.056575 0.056894 0.0539349 0.0148927 0.00369662 0.145982 5.21869e-05 0.00223215 0.00805268 0.000134372 0.0190657 0.00120876 0.00988641 0.00883465 0.000117054 
7.62659e-06 0.00086895 0.0325513 0.00322176 0.00061403 0.00837641 0.00076839 0.00997686 6.43293e-05 0.640781 0.00704369 5.90744e-05 0.0118054 0.0548551 0.000650358 0.00520171 0.039347 0.0088572 0.00326349 0.00320883 0.0565914 3.9854e-06 0.0017511 0.000744859 0.0123549 0.00104112 3.47839e-05 0.0942255 0.00102159 0.000708024 
0.00041304 0.000398505 0.0136393 0.072424 9.85227e-06 0.00195188 0.000423204 0.00279899 0.000155132 0.286759 0.0123422 8.56055e-05 8.96899e-07 0.00868633 0.000514614 0.00396157 0.0389533 0.0479421 0.166556 0.0114242 0.259452 9.16113e-07 0.00411236 0.00012662 0.0094151 0.00178269 0.00318155 0.0149541 0.0366693 0.00086598 
1.13442e-07 0.0004774 0.0380748 0.01671 4.89004e-05 0.00271526 0.0122952 0.00735989 0.00101784 0.64828 0.00991175 0.000168474 5.42508e-06 0.0318631 0.00331098 0.0193394 0.0441006 0.0226703 0.00219497 0.00940026 0.0211438 0.00031434 0.0637208 0.00102987 0.000920068 0.000469693 0.000143635 0.0282213 0.0112757 0.00281567 
1.32675e-12 5.37117e-09 0.030966 0.0048794 7.56583e-09 0.000295591 1.92396e-06 0.0114958 0.00762497 0.479845 0.000511903 5.4613e-10 1.5547e-10 0.00212104 0.00252358 0.0283111 0.00155861 0.107521 0.00152243 0.000126586 0.305701 8.6925e-07 0.00412635 9.02229e-05 1.31294e-06 0.000210906 1.89229e-06 0.00114276 0.00927497 0.000145504 
4.40494e-07 4.4036e-07 0.0692139 0.0361695 4.40366e-07 0.00154255 0.00202944 0.053628 0.00352819 0.353819 4.41071e-07 0.00017665 4.40255e-07 0.0239078 0.0155698 0.241366 4.41078e-07 0.06326 4.40978e-07 4.4541e-05 0.0968791 4.40427e-07 0.00705771 4.40779e-07 4.40741e-07 0.00463025 4.39991e-07 0.0208204 0.00635284 4.4047e-07 
1.84156e-06 0.000382459 0.0650579 0.0378741 3.28105e-05 0.0731375 0.00524092 0.000419105 0.0016918 0.363478 0.00407062 4.26859e-07 6.14537e-05 0.0339433 0.00253108 0.0815071 0.0518968 0.00688273 0.00383745 0.00859507 0.0296042 0.0145442 0.0400722 0.00892823 0.00688338 0.00408387 2.88835e-05 0.11619 0.0371844 0.00183791 
3.27833e-06 0.00178223 0.0242412 0.0299231 0.000451107 0.00195824 0.00145376 0.00559669 0.00829374 0.376178 0.0113344 3.1123e-05 0.000349287 0.00773887 0.0149997 0.0197744 0.0107554 0.0532216 0.0125683 0.00876971 0.306454 0.000605441 0.00707679 0.000943805 0.000902276 0.0013517 7.637e-05 0.0109692 0.0802077 0.00198859 
1.27307e-06 0.000121011 0.117973 0.00444173 3.19307e-08 7.9422e-05 8.62937e-06 0.00115805 0.000123676 0.826717 0.00241776 7.89806e-05 3.12862e-05 0.0118516 0.000146465 0.00168431 0.00413093 0.00642398 0.000520498 0.00122629 0.00229481 3.0771e-06 1.19294e-05 0.00928636 0.000653719 0.000888015 3.22281e-05 0.00601654 0.00167634 1.09152e-06 
2.88987e-11 4.9446e-05 0.0171794 0.011404 6.31675e-05 0.00193421 0.0247861 0.000199191 0.00045587 0.576726 0.0208354 4.14085e-05 4.22232e-06 0.00235577 0.000211216 0.0129065 0.0118366 0.00428464 0.00616769 0.0236718 0.0855891 0.00250487 0.00534684 7.1905e-05 0.000172433 0.00588631 6.9176e-05 0.169486 0.0157577 2.47774e-06 
3.7487e-12 1.52838e-08 0.00671795 0.000696936 0.00113546 0.00013879 2.72936e-05 0.000637594 0.017611 0.395839 0.000769796 5.94528e-09 3.52917e-08 0.0599797 0.00396511 0.0292034 0.0258614 0.0923989 0.00714815 0.00211427 0.107619 4.58814e-05 0.00422489 0.000373023 0.000369482 2.96807e-09 0.000514458 0.0911152 0.151359 0.000134662 
3.47833e-06 1.08719e-11 0.00606506 0.00466583 0.000465473 7.6968e-07 1.41356e-08 0.00955876 0.00100387 0.308948 0.0204825 3.26176e-08 1.21987e-11 0.232801 3.21503e-07 0.0622804 0.0979053 0.0603667 1.47599e-06 5.07397e-07 0.105152 3.20817e-08 0.0217447 0.000823959 0.00624968 0.00432052 8.70726e-08 0.0473661 0.00979212 8.53664e-07 
3.38427e-10 4.00902e-10 0.00207354 1.67096e-06 4.10759e-05 2.87265e-10 1.73252e-07 0.00578236 0.000756363 0.815384 0.000120255 6.10357e-07 4.79366e-07 0.00284797 0.000201169 0.0294909 0.0291716 0.0699654 0.0259503 4.90575e-07 0.0123624 3.6958e-10 2.05823e-07 2.68861e-05 3.22818e-06 1.01647e-06 2.48894e-07 0.000569586 0.00524669 1.50779e-06 
5.5767e-05 8.25094e-12 0.0520711 0.096703 2.48477e-06 0.000325529 0.000283913 0.0027268 7.83926e-05 0.341977 0.0251298 2.49036e-06 9.25788e-12 0.00550832 0.000535221 0.00420112 0.0137596 0.0334927 0.00552539 0.0150423 0.151745 3.43398e-05 0.00527205 0.000738642 0.00145636 0.00166613 0.000342394 0.191914 0.0486391 0.000770225 
4.18434e-12 4.95679e-12 0.0320209 0.0136739 0.000212354 6.09719e-10 2.67391e-05 0.00101661 8.47351e-05 0.714235 0.0108336 5.95564e-08 0.00218001 0.00759467 5.17194e-08 0.0135077 0.0117138 0.0921764 0.0334587 0.000941309 0.0528158 7.87932e-09 0.000322222 0.0015313 7.88845e-05 0.000885291 1.88222e-05 0.00214146 0.00852927 7.82646e-07 
2.19633e-09 0.000136452 0.0060283 0.153811 0.000973451 0.00240727 3.89127e-05 0.001323 0.000623812 0.384023 0.0169558 5.20259e-05 0.000611735 0.008211 0.00860653 0.0112452 0.010136 0.0131919 0.00336425 0.00604661 0.0738376 0.0014392 0.0144338 0.000114392 0.00587229 0.0016735 8.85249e-05 0.0999103 0.168816 0.0060276 
2.60233e-06 4.13304e-07 0.0212895 0.114842 8.31704e-05 0.0021994 3.66078e-05 0.00147036 0.00303422 0.305299 0.0898081 9.53923e-06 1.07681e-06 0.0651029 0.00122127 0.0287462 0.123351 0.0319328 0.00231868 0.00568605 0.0207014 6.66701e-06 0.143719 0.00554825 0.000195714 0.00060566 0.000692986 0.0020542 0.0294908 0.000551759 
7.71464e-05 0.000527799 0.0536828 0.0157368 0.000836598 0.000475567 0.000500627 0.00771416 0.00403824 0.267631 0.00710427 2.70882e-05 0.00041626 0.0242975 0.0250517 0.0549479 0.0228024 0.0887553 0.0109616 0.0122244 0.217195 0.000237349 0.0249688 0.00187713 0.00142206 0.0010214 2.54408e-05 0.0209304 0.128782 0.00573101 
2.51176e-11 2.26615e-05 0.0177249 0.0194906 3.93217e-06 2.13204e-11 1.5265e-05 0.00172088 0.00123782 0.252717 0.000467942 7.75952e-08 5.55915e-09 0.0348802 0.00224942 0.0984085 0.0456567 0.154279 0.0216396 0.00321258 0.154731 8.02003e-07 0.000157143 0.00912844 0.000435163 0.00220782 1.86431e-05 0.049178 0.116074 0.0143429 
6.15766e-10 1.64851e-08 0.0432649 0.00561695 2.73038e-08 6.83053e-05 0.0305413 0.0374697 0.00532618 0.33911 0.00483606 1.21393e-07 2.17112e-08 0.0803268 0.00539342 0.276856 0.00958559 0.0583303 0.00105093 0.00148514 0.0474644 2.61858e-05 0.0349669 0.00563522 0.000442848 0.00269816 3.74977e-08 0.00470115 0.0040087 0.000794499 
2.15642e-08 0.000988647 0.039747 0.0118131 9.37867e-05 0.000754466 6.12888e-05 0.00160994 0.00253396 0.597213 0.00865511 0.000470286 0.000104013 0.0444989 0.00111919 0.0427542 0.195874 0.0112488 0.000374357 0.00318222 0.0158243 3.72751e-05 0.000993323 0.00106735 0.00173623 0.000447708 0.000291588 0.00680782 0.00929842 0.000400567 
5.50037e-08 0.000587485 0.0138728 0.0352164 7.42966e-05 0.0130429 0.0100226 0.00213436 0.000683726 0.533467 0.00501583 7.5924e-07 7.81111e-07 0.00822015 0.00493201 0.015368 0.0379251 0.00982015 0.00754288 0.0438839 0.0994206 0.00176444 0.039368 0.000218586 0.00319402 0.000466295 0.000108707 0.0772508 0.036397 1.34992e-08 
2.28442e-05 0.000353447 0.168179 0.032759 0.00023166 0.00242706 0.000948727 0.00738247 0.000432422 0.509448 0.00285741 4.46093e-07 1.18382e-05 0.0123039 0.000239324 0.00539677 0.00653027 0.011565 0.00740853 0.0232244 0.0249667 0.00635232 0.000959866 0.000208869 0.000336414 0.00963037 1.47293e-05 0.0662893 0.0995066 1.27136e-05 
7.96844e-12 1.24017e-06 0.0133861 4.06555e-08 0.000126678 4.70338e-08 1.22005e-05 0.0128238 0.00158606 0.46982 0.000239436 7.65204e-12 7.44104e-09 0.00846648 0.000168276 0.180587 0.0251712 0.0798767 0.00948936 0.00104561 0.0765716 8.70196e-12 0.000103367 0.00850205 0.00328694 0.000120354 3.83835e-08 0.000596513 0.107834 0.000185047 
3.21321e-06 0.000212599 0.0129887 0.0418275 0.000814063 9.16318e-05 0.000697059 0.0108735 0.00695399 0.362354 0.00717572 3.92584e-06 5.12299e-05 0.0186667 0.00768124 0.0361421 0.0365726 0.0718842 0.000835116 0.00321197 0.296909 2.09556e-05 0.0024364 0.00273432 4.37884e-05 0.000212529 0.000262504 0.0420315 0.0361547 0.000153503 
9.22463e-07 4.85954e-05 0.0399384 0.0401795 0.000179765 0.000602547 0.0250024 0.0146706 0.0142383 0.326612 0.00360827 0.00018202 2.20015e-05 0.00931295 0.00452448 0.0110916 0.0266619 0.0947267 0.042966 0.0350839 0.141793 0.0021567 0.00451467 0.000791722 0.000469492 0.00386496 3.41883e-05 0.0184383 0.137559 0.000725022 
2.17791e-05 0.00457942 0.0295404 0.0715535 0.00135093 0.0191333 0.019015 0.0061177 0.00613967 0.178201 0.0234823 0.0022488 0.00101637 0.0893583 0.0159123 0.050538 0.0986665 0.0347204 0.0237266 0.0479527 0.0584363 0.00157524 0.0126586 0.000877156 0.0212607 0.0053606 0.00139386 0.129599 0.0384111 0.00715236 
1.18575e-07 0.0020941 0.0897735 0.0223781 0.000546372 0.00285103 3.14584e-05 0.0016869 0.000194714 0.697539 0.00687295 2.53053e-07 0.000468985 0.00708697 0.00488839 0.00756325 0.0164651 0.0256369 0.00230155 0.00408337 0.0406017 0.000299034 0.00175383 0.00803212 0.000372958 0.00676529 0.000307032 0.0301663 0.0191924 4.59142e-05 
7.62659e-06 0.00086895 0.0325513 0.00322176 0.00061403 0.00837641 0.00076839 0.00997686 6.43293e-05 0.640781 0.00704369 5.90744e-05 0.0118054 0.0548551 0.000650358 0.00520171 0.039347 0.0088572 0.00326349 0.00320883 0.0565914 3.9854e-06 0.0017511 0.000744859 0.0123549 0.00104112 3.47839e-05 0.0942255 0.00102159 0.000708024 
9.10474e-12 2.59948e-05 0.0163007 0.0100412 0.000263833 0.0167921 0.00352884 8.12121e-05 0.000858818 0.50783 0.000823278 2.12427e-07 3.84755e-05 0.0213942 0.000272761 0.00663982 0.0353473 0.0420373 0.00810476 0.0165611 0.126587 0.00140821 0.00235163 0.00119282 5.0061e-05 0.000467782 0.000100089 0.0636828 0.117218 2.08474e-08 
0.000783575 0.00533729 0.035604 0.0480662 0.0120245 0.000606597 0.0100221 0.00389189 0.00231703 0.273379 0.0183106 1.31036e-05 9.57428e-05 0.0276946 0.00333513 0.0368097 0.0117751 0.0585565 0.0133084 0.00521712 0.263127 0.00647907 0.00277829 0.0059083 0.000752873 0.0105957 0.000363327 0.0889643 0.0530189 0.000864017 
1.93526e-07 2.29252e-07 0.00231485 0.0729166 0.000255598 0.00178284 1.11448e-05 0.00083938 0.000120906 0.331331 1.05143e-05 2.20431e-05 0.00130827 0.114807 0.000477842 0.031727 0.00532438 0.0232191 0.00010456 0.000347029 0.0552858 0.239192 2.50555e-06 0.000266219 0.00012712 0.0570594 0.00662055 0.0523244 0.00218454 1.64501e-05 
6.99866e-07 1.70378e-08 0.0828126 0.00700472 1.90702e-07 5.91157e-12 1.95872e-05 0.00960277 0.000399072 0.233539 0.00202386 2.73368e-09 1.42195e-06 0.0100771 0.0446702 0.0281977 0.000797673 0.0769463 0.00258345 2.0431e-05 0.206421 3.34043e-10 0.0556167 4.19628e-12 3.82067e-09 0.00744262 6.50521e-06 0.0429776 0.188839 7.18974e-12 
0.000279698 3.90911e-05 0.161625 0.000537815 0.000184084 0.00101027 4.78115e-05 0.00273792 0.000357026 0.667046 0.00181745 0.000166873 2.75461e-05 0.0292104 0.00119006 0.00520601 0.00776302 0.0017536 0.000761388 0.00504305 0.0109257 1.50621e-05 0.0116912 0.000323352 0.00165123 0.00517634 2.83836e-06 0.0793748 0.00403402 5.78333e-07 
0.0022495 1.39242e-06 0.0442364 0.0831645 3.98437e-08 0.000194322 0.000219239 0.000323062 0.000984263 0.445911 0.00107794 0.0265169 1.47065e-06 0.00770437 0.000357479 0.0018417 0.0135462 0.0314084 0.0127123 0.00119055 0.0595509 7.05248e-06 0.000302965 2.59453e-08 0.00654638 0.00630971 6.37983e-05 0.232577 0.00342844 0.0175731 
0.0102742 8.89929e-09 0.148907 0.003714 0.000228096 0.000254407 6.81678e-05 0.0336861 0.00360036 0.385325 0.0272932 3.08968e-06 1.39494e-06 0.131473 0.00286011 0.0882884 0.0136236 0.0301813 0.00287561 0.0084988 0.0144968 2.83998e-05 0.000738989 0.0207515 0.0014334 0.00109285 0.000135877 0.0686794 0.00141402 7.27068e-05 
0.000523717 0.00222199 0.164749 0.0349039 0.0019177 0.00433285 0.00404741 0.00750345 0.00265345 0.240111 0.0984635 0.000121339 0.00173848 0.0288033 0.0042339 0.0304047 0.0190423 0.0660028 0.0110433 0.0225271 0.107939 0.000860773 0.00784435 0.00655724 0.00326927 0.0162313 0.000419895 0.0820329 0.0287978 0.000702409 
8.83813e-12 1.04697e-11 0.0043461 0.237187 2.03729e-05 0.00052039 4.14269e-05 0.000199497 0.000687671 0.463889 0.00471537 3.44084e-05 0.103628 0.0102436 0.00198691 0.0114667 0.04695 0.0104395 0.00762132 0.00111966 0.0835069 1.95734e-05 0.00530228 0.00148819 0.000335436 0.000203948 0.00021124 0.000106488 0.00370067 2.88267e-05 
9.70753e-08 1.45459e-07 0.0127167 0.00296676 4.97073e-05 0.00343693 2.70239e-05 0.00539088 0.000144939 0.685045 0.00361832 2.27669e-06 5.45056e-10 0.0170544 0.00256978 0.0114833 0.0287638 0.00438815 0.00532626 0.00290297 0.0984978 1.19986e-05 0.0700464 7.07895e-05 0.00618768 0.000223802 3.88835e-05 0.00974539 0.0292898 2.38245e-08 
4.18434e-12 4.95679e-12 0.0320209 0.0136739 0.000212354 6.09719e-10 2.67391e-05 0.00101661 8.47351e-05 0.714235 0.0108336 5.95564e-08 0.00218001 0.00759467 5.17194e-08 0.0135077 0.0117138 0.0921764 0.0334587 0.000941309 0.0528158 7.87932e-09 0.000322222 0.0015313 7.88845e-05 0.000885291 1.88222e-05 0.00214146 0.00852927 7.82646e-07 
4.48456e-11 2.28966e-08 0.0668155 0.0799901 0.00146439 7.29715e-05 0.04504 0.0015362 0.00040164 0.367167 0.0134118 4.57133e-05 5.19233e-08 0.00504936 0.000104118 0.0225128 0.00628317 0.0352159 0.0367426 0.012479 0.20902 5.38084e-05 0.000404384 0.000378183 1.41801e-05 0.0154102 1.05388e-05 0.054267 0.0260492 6.0275e-05 
1.7768e-07 0.00120771 0.0316057 0.0711404 3.46602e-05 0.000350328 1.76151e-05 0.029032 0.012259 0.295378 0.00475533 0.00019691 9.02906e-06 0.00988975 0.0146969 0.0434722 0.0195975 0.134121 0.00273761 0.000129428 0.246419 1.38089e-06 0.0247144 0.00042403 0.000311732 0.000350215 0.000161291 0.00956807 0.0470278 0.000390969 
9.91612e-08 0.00606654 0.0254129 0.0410941 0.000376803 0.00299373 0.00117884 0.025337 0.000726658 0.251283 0.00531228 2.47155e-05 5.22449e-05 0.0819041 0.00688092 0.0818963 0.0431482 0.0622708 0.00646194 0.0238071 0.23868 7.99236e-05 0.0107748 0.00137334 0.0109485 0.012006 0.00287275 0.0254751 0.0260773 0.00548361 
2.34145e-05 0.0021604 0.0735345 0.0462942 0.00208574 0.00572182 0.00126818 0.00890929 0.00468494 0.297358 0.0266852 2.51061e-05 0.000603206 0.0408587 0.0158401 0.0602339 0.0184664 0.104828 0.0193126 0.0136556 0.112799 0.000411795 0.00713416 0.00124122 0.0243357 0.00972184 7.52555e-05 0.0465983 0.0550563 7.77431e-05 
3.19133e-12 2.36396e-07 0.00794921 0.174183 1.55491e-08 2.15462e-05 0.000448961 0.00125284 0.00153249 0.243397 0.00173334 0.000192762 0.0202143 0.0720942 0.000464869 0.00715079 0.0433022 0.0195245 0.0452138 0.000936238 0.179649 6.91874e-06 0.00329817 0.00129632 0.0014501 0.00340132 4.4017e-05 0.000174497 0.122717 0.0483499 
6.3759e-07 1.41057e-06 0.0210866 0.110609 0.000132617 9.4069e-05 0.000181305 0.0168456 0.0281021 0.23126 0.0514586 2.6636e-08 1.61439e-05 0.0450653 0.00571845 0.0412712 0.148828 0.0214471 0.0073538 0.00966711 0.0887476 3.9038e-05 0.0104591 0.000678206 0.000555516 0.00220727 0.0013027 0.0481453 0.108726 1.02782e-06 
1.60201e-13 1.89776e-13 0.00898244 2.0498e-08 1.28352e-08 3.40093e-10 4.94008e-09 0.0266335 0.00372369 0.558207 0.000214479 3.33989e-08 2.75246e-06 0.0130543 0.00837966 0.0316419 0.024342 0.0208442 0.0076015 0.000184276 0.15167 1.74948e-13 0.000576546 8.35929e-09 4.34208e-08 3.75189e-05 1.032e-05 0.000312306 0.0155456 0.128036 
2.97073e-11 0.00239079 0.0777594 0.00515602 0.000157302 0.00127174 6.40522e-05 0.00035595 0.00215209 0.778684 0.000664779 1.57604e-06 3.99235e-07 0.00976219 0.00183701 0.00821421 0.021428 0.00922066 0.000373911 0.000521274 0.0225363 0.000174825 0.0120483 0.000320885 0.00117652 0.0012166 0.000340832 0.0328793 0.00928988 7.87619e-07 
4.76715e-05 0.000513067 0.03056 0.00304161 0.000794554 0.00190505 0.000103498 0.00565628 0.0138873 0.254695 0.0207226 0.000548312 2.14489e-05 0.230019 0.00418732 0.0725009 0.0892839 0.0517311 0.00154104 0.0214374 0.130341 1.97416e-05 0.0258269 0.00216389 0.00157413 0.000243373 7.97986e-05 0.0148399 0.0206094 0.00110542 
6.99866e-07 1.70378e-08 0.0828126 0.00700472 1.90702e-07 5.91157e-12 1.95872e-05 0.00960277 0.000399072 0.233539 0.00202386 2.73368e-09 1.42195e-06 0.0100771 0.0446702 0.0281977 0.000797673 0.0769463 0.00258345 2.0431e-05 0.206421 3.34043e-10 0.0556167 4.19628e-12 3.82067e-09 0.00744262 6.50521e-06 0.0429776 0.188839 7.18974e-12 
9.45371e-12 0.00245682 0.0898758 0.026066 6.43451e-05 0.00795369 8.95476e-05 0.00439669 0.000575826 0.674923 0.00831331 4.30823e-07 3.68894e-05 0.0254613 0.000167573 0.0162839 0.0394541 0.0109575 0.00333654 0.00165185 0.0228323 0.00037386 0.00286387 0.0226736 0.000419634 0.0107983 0.000768533 0.00623294 0.0209064 6.52626e-05 
1.26702e-09 1.50092e-09 0.0105404 0.00558332 7.24076e-06 0.00790517 1.55257e-05 0.0122489 0.0257167 0.282082 0.00223363 5.20972e-05 2.17645e-06 0.0482826 0.00110756 0.20648 0.126619 0.0714531 0.0041045 0.000187921 0.106777 1.09738e-05 0.000252518 0.00168936 0.0197878 0.000284492 0.000182244 0.00248555 0.0500178 0.0138908 
7.47374e-09 0.000871774 0.00181471 0.132483 0.000360119 0.000118474 1.49945e-05 0.00308168 0.0479292 0.31075 0.0165654 2.38705e-06 9.78725e-07 0.0263887 0.019552 0.0726752 0.0183191 0.0731894 0.00381234 0.00369887 0.187903 6.22654e-05 0.00652057 1.1845e-05 9.49426e-05 0.000128425 0.000215886 0.001619 0.0718104 5.21623e-06 
9.34954e-06 5.05868e-06 0.0190152 0.053012 1.00677e-05 0.000789614 0.00858602 0.011561 0.00472469 0.316619 0.00549818 0.00107618 0.000528628 0.144849 0.000760702 0.0245894 0.0821393 0.0168241 0.00223438 0.00115727 0.021234 0.000626049 0.00487126 0.00277165 0.000431483 0.0190706 0.000123286 0.21656 0.0257695 0.0145525 
3.52361e-05 7.63786e-07 0.0526103 0.00491972 0.000202582 0.00200624 1.00777e-05 0.00565726 0.000400307 0.483288 0.0250261 2.11841e-05 1.66982e-08 0.0369538 0.000179673 0.00311623 0.0107356 0.038366 0.027925 0.00768085 0.197749 8.296e-05 0.00149133 0.00649739 0.000431032 0.00156853 4.603e-05 0.0474597 0.0455341 5.70721e-06 
1.20794e-06 0.00228283 0.0775497 0.0450416 0.000411617 0.00557718 3.24063e-05 0.00217762 0.000116707 0.310607 0.0634971 1.66386e-05 4.20794e-06 0.144959 0.00214718 0.0157417 0.0223114 0.0479023 0.00715548 0.0084356 0.102278 7.64904e-05 0.013352 0.000819245 0.00428511 0.000652905 0.000713934 0.00281266 0.0969784 0.0220629 
1.93037e-06 0.00271154 0.117072 0.00952975 0.000166933 0.0010142 0.000328047 0.0032664 0.000193679 0.221789 0.00464092 5.7522e-05 0.00071093 0.151519 0.0200931 0.0138014 0.158472 0.00671366 0.0513451 0.0103494 0.1096 2.67626e-06 0.00515513 8.62301e-05 0.0626226 0.00145951 9.96536e-05 0.0235543 0.0227238 0.000920124 
3.33482e-08 0.00449392 0.0116534 0.00522613 0.000112077 0.000889571 2.00061e-05 0.0161815 0.0224582 0.391392 0.0011733 1.42661e-06 2.47438e-07 0.00708789 0.0317707 0.0362922 0.012652 0.0308763 0.00187493 0.00084233 0.301055 0.000392006 0.0277845 0.000196502 0.000791978 0.000200974 2.29282e-05 0.00236651 0.0919751 0.000217045 
2.91719e-07 0.000670006 0.00397613 0.0115108 0.00251611 3.06302e-05 5.54161e-07 0.00476424 0.000832956 0.253555 0.00124204 3.15445e-07 3.86482e-07 0.232577 0.00077364 0.102251 0.229294 0.0358401 0.00273768 5.31286e-05 0.00645573 8.57604e-07 0.00254597 0.0817434 0.000583946 0.00180842 1.73922e-05 0.00820285 0.0145045 0.0015114 
