0.687416 0.0449317 0.0123775 0.0522028 0.025228 0.177844 
0.301301 0.128475 0.000197261 0.0277899 0.280851 0.261386 
0.548164 0.100895 0.0315867 0.0608721 0.0847789 0.173703 
0.405462 0.106457 0.0186226 0.131318 0.0659829 0.272157 
0.364288 0.0835607 0.0948315 0.311081 0.0156933 0.130545 
0.455116 0.28391 1.04551e-05 0.00633537 0.142493 0.112135 
0.653134 0.0963913 0.00304145 0.0579481 0.0473614 0.142124 
0.554652 0.173371 0.00333676 0.0135042 0.0419082 0.213229 
0.415089 0.344479 0.00191969 0.0938966 0.0464605 0.0981559 
0.489996 0.14277 0.0521513 0.121098 0.0143792 0.179606 
0.387082 0.255358 0.00281503 0.0224011 0.139864 0.19248 
0.828747 0.075293 6.49082e-06 0.0076177 0.0373488 0.0509867 
0.533183 0.0927492 0.000517149 0.224374 0.0211884 0.127988 
0.441798 0.0224651 0.0604691 0.0609238 0.0214672 0.392877 
0.305052 0.258651 0.013512 0.121261 0.0947303 0.206793 
0.43559 0.212448 0.0071259 0.0626226 0.0383624 0.243852 
0.425281 0.136738 0.0800721 0.0700481 0.0432569 0.244604 
0.997867 0.00134012 1.40014e-05 9.85019e-05 0.000269492 0.000410828 
0.377386 0.138384 0.0795632 0.10529 0.0802539 0.219123 
0.490796 0.19963 0.000343089 0.00377223 0.144863 0.160596 
0.48595 0.284262 6.82453e-06 0.0136187 0.064421 0.151742 
0.645338 0.0165454 3.2356e-05 0.019382 0.0180973 0.300604 
0.579626 0.127644 0.0257265 0.0549233 0.0391667 0.172914 
0.641937 0.0513506 0.00189163 0.0248787 0.0755382 0.204404 
0.570323 0.216588 5.08001e-05 0.00953397 0.0401847 0.16332 
0.494477 0.0935162 0.00433262 0.0180002 0.131861 0.257813 
0.502055 0.274825 0.000471998 0.0101365 0.0961425 0.116369 
0.648198 0.0200085 3.03444e-05 0.0400045 0.171709 0.12005 
0.485854 0.0981942 0.0214538 0.0144528 0.0331058 0.34694 
0.410278 0.0474337 0.000756994 0.0202705 0.155631 0.365629 
0.474318 0.0536749 0.0110116 0.214568 0.00769923 0.238728 
0.543864 0.0402317 0.0762338 0.134929 0.0854434 0.119299 
0.522804 0.0912977 8.27734e-05 0.0136517 0.135085 0.237078 
0.400535 0.0724775 0.0128146 0.0744326 0.0475254 0.392214 
0.351304 0.196287 0.047708 0.0956664 0.0364179 0.272617 
0.469719 0.182922 0.00144112 0.0809567 0.1314 0.13356 
0.685714 0.0167886 0.000415526 0.0116329 0.268419 0.0170299 
0.470319 0.275233 0.00210109 0.0102555 0.0292046 0.212887 
0.702133 0.0616399 0.000570996 0.00422136 0.081775 0.14966 
0.61763 0.0635959 0.000360425 0.0171225 0.0521424 0.249149 
0.319071 0.147212 0.000410204 0.134728 0.144505 0.254073 
0.558107 0.063728 0.00716601 0.00894826 0.0418435 0.320207 
0.331197 0.159674 0.0522166 0.156168 0.0291457 0.271599 
0.756397 0.0699097 0.00035651 0.0386368 0.000333388 0.134366 
0.53907 0.325704 0.00109318 0.0106474 0.056007 0.0674791 
0.494332 0.0974068 0.0534069 0.0872409 0.153109 0.114505 
0.38863 0.0967769 0.00192657 0.0967135 0.151863 0.26409 
0.681788 0.0944204 0.000601388 0.00506884 0.0241255 0.193996 
0.518257 0.103356 0.000450183 0.0541847 0.0885267 0.235225 
0.622168 0.0430703 0.0142509 0.123547 0.00414955 0.192814 
0.457919 0.072561 0.00219245 0.0697474 0.0775047 0.320076 
0.512407 0.107458 0.00456559 0.0488264 0.154688 0.172055 
0.266169 0.245612 0.00725274 0.191934 0.124572 0.16446 
0.524158 0.106352 0.000431247 0.028415 0.0949686 0.245675 
0.321805 0.167216 0.0182349 0.110577 0.0672417 0.314926 
0.503439 0.120217 0.00731665 0.0730807 0.082228 0.213719 
0.48638 0.288324 0.00526986 0.0391281 0.0583375 0.122561 
0.417514 0.132603 0.014864 0.12959 0.0627855 0.242643 
0.650464 0.134903 0.0217752 0.00970419 0.0949721 0.0881814 
0.402755 0.239636 0.00242467 0.0760372 0.0381555 0.240992 
0.359933 0.242824 0.000136918 0.00234784 0.0666147 0.328144 
0.552483 0.234779 0.000151487 0.00861775 0.0678079 0.136162 
0.386108 0.0706048 0.0599793 0.0301327 0.129324 0.323851 
0.650443 0.123628 2.61539e-05 0.0096001 0.0710264 0.145276 
0.48638 0.288324 0.00526986 0.0391281 0.0583375 0.122561 
0.481502 0.0459676 1.41615e-05 0.0048836 0.302363 0.16527 
0.404805 0.0871688 0.0734823 0.077764 0.0310902 0.32569 
0.366705 0.228481 0.00103955 0.00192447 0.134263 0.267587 
0.457908 0.203489 0.0027914 0.0180732 0.105961 0.211777 
0.408124 0.0549625 0.0333853 0.00963931 0.232803 0.261086 
0.451393 0.115276 0.000486485 0.0103489 0.041367 0.381129 
0.558685 0.105124 0.0221816 0.080103 0.0285607 0.205346 
0.438984 0.0581158 0.000167488 0.0256378 0.165429 0.311666 
0.651074 0.0230485 2.34324e-05 0.0104069 0.0123761 0.303071 
0.39695 0.204705 0.00408139 0.278757 0.0347585 0.0807474 
0.360455 0.0730425 0.0781307 0.0398402 0.141902 0.30663 
0.293213 0.196703 0.0181703 0.184273 0.112668 0.194972 
0.84764 0.0576203 5.34522e-10 0.000289964 0.0561546 0.0382948 
0.45821 0.205524 0.00493461 0.0374584 0.0736942 0.220179 
0.641124 0.205852 1.47717e-05 0.0131903 0.0364711 0.103348 
0.541074 0.0506016 0.00956434 0.124704 0.0272279 0.246829 
0.540652 0.112156 0.00919453 0.0175961 0.0460894 0.274312 
0.59914 0.0525573 0.00372497 0.0237147 0.0311376 0.289726 
0.575052 0.119788 0.00434928 0.0199906 0.0742952 0.206524 
0.420999 0.172604 1.68904e-05 0.0147243 0.0947279 0.296928 
0.717377 0.0207095 0.000399865 0.00802803 0.051098 0.202388 
0.373199 0.129157 0.00886798 0.138533 0.0288118 0.321432 
0.361657 0.194503 0.0134377 0.0635598 0.108146 0.258697 
0.474052 0.106336 0.024535 0.205554 0.0120687 0.177455 
0.48638 0.288324 0.00526986 0.0391281 0.0583375 0.122561 
0.400545 0.119972 0.00607281 0.148533 0.0549126 0.269965 
0.506376 0.0277519 0.00204821 0.0403365 0.34439 0.0790973 
0.405462 0.106457 0.0186226 0.131318 0.0659829 0.272157 
0.349739 0.0526698 0.161035 0.187086 0.0124456 0.237024 
0.685714 0.0167886 0.000415526 0.0116329 0.268419 0.0170299 
0.343373 0.264038 0.00872475 0.0292919 0.0645692 0.290003 
0.289985 0.27262 0.0211751 0.0510249 0.0809139 0.284281 
0.713477 0.0323488 0.0378404 0.0606141 0.0026769 0.153043 
0.441319 0.0882181 0.0621687 0.02946 0.0229583 0.355876 
0.637686 0.0300181 0.0205416 0.025101 0.0659029 0.22075 
0.522432 0.0991242 0.0158748 0.0131499 0.0733594 0.276059 
0.525893 0.0576553 9.86759e-05 0.0127619 0.0949663 0.308625 
0.373928 0.148331 0.0121501 0.0628668 0.0850877 0.317637 
0.671056 0.0162256 0.000216603 0.00983055 0.110414 0.192257 
0.50284 0.180056 0.00523506 0.0495504 0.0404762 0.221843 
0.375089 0.142469 0.0214926 0.139893 0.0784632 0.242593 
0.606754 0.152053 0.014927 0.0861509 0.0246483 0.115466 
0.347172 0.220144 0.0168815 0.0295405 0.106617 0.279646 
0.915461 0.0288636 0.0025005 0.00909873 0.0107371 0.033339 
0.43267 0.0291669 0.00257823 0.0188541 0.182637 0.334093 
0.339443 0.251539 0.0127286 0.0466341 0.0792311 0.270424 
0.465736 0.130033 1.64239e-05 0.0262388 0.113189 0.264786 
0.541257 0.103479 0.0090561 0.030403 0.0666293 0.249176 
0.431879 0.118833 0.000430141 0.0292281 0.100486 0.319144 
0.550813 0.143977 1.09578e-05 0.0182216 0.0349677 0.252009 
0.492424 0.142065 0.0347359 0.0920293 0.044891 0.193855 
0.523588 0.0634978 0.0820931 0.138216 0.0215675 0.171037 
0.564003 0.0759929 0.104987 0.0944386 0.0183055 0.142273 
0.423767 0.186989 0.0012325 0.0432572 0.212811 0.131944 
0.390656 0.185672 0.0152177 0.212562 0.0534121 0.14248 
0.382719 0.11299 0.0314596 0.0866917 0.13836 0.24778 
0.339443 0.251539 0.0127286 0.0466341 0.0792311 0.270424 
0.605914 0.113089 0.0116215 0.156881 0.0194027 0.0930924 
0.407024 0.0721483 0.0801554 0.326517 0.00531236 0.108842 
0.590961 0.0948953 0.00130392 0.0384683 0.0716903 0.202681 
0.356095 0.209928 0.00122571 0.0479696 0.0602493 0.324532 
0.54075 0.0390482 0.00781952 0.0498315 0.0661176 0.296433 
0.376036 0.13599 0.0148238 0.0208525 0.108833 0.343465 
0.48638 0.288324 0.00526986 0.0391281 0.0583375 0.122561 
0.42005 0.130629 9.31705e-05 0.143719 0.0563115 0.249198 
0.391654 0.0969483 0.0150564 0.106721 0.0717416 0.317878 
0.573703 0.0495058 0.000127622 0.00598623 0.0603959 0.310281 
0.372839 0.23404 0.00817333 0.11374 0.0263697 0.244839 
0.75312 0.0874583 0.000459899 0.00266102 0.0516375 0.104663 
0.395565 0.0631507 0.000575676 0.0259135 0.182138 0.332657 
0.400471 0.0318942 0.00547251 0.162226 0.0701716 0.329765 
0.352378 0.1285 0.0122285 0.133376 0.0721365 0.301381 
0.509695 0.0173978 0.051497 0.0178189 0.00555222 0.39804 
0.68592 0.224428 5.59026e-05 0.00428144 0.0438106 0.0415032 
0.726086 0.11583 0.00759415 0.0170048 0.0431243 0.09036 
0.42247 0.138287 0.0391812 0.0780286 0.0176995 0.304334 
0.625902 0.057498 0.00730314 0.0631476 0.0439736 0.202176 
0.338461 0.242453 0.00377719 0.0342745 0.108282 0.272752 
0.524624 0.0429003 0.0110827 0.194865 0.0724732 0.154055 
0.603978 0.161503 0.000582294 0.0197629 0.0300678 0.184106 
0.557463 0.117432 0.0268802 0.0161401 0.0965109 0.185574 
0.770302 0.0210688 1.15575e-05 0.00302641 0.0663049 0.139287 
0.549338 0.0471663 0.00849189 0.0449366 0.0209177 0.329149 
0.392118 0.347249 0.00470276 0.011586 0.11796 0.126385 
0.654285 0.109054 4.46889e-06 4.16815e-05 0.185399 0.0512156 
0.549094 0.149354 0.0161107 0.0690984 0.058758 0.157585 
0.456338 0.136251 0.0090857 0.0911022 0.0324355 0.274788 
0.485683 0.117575 0.0333075 0.0792339 0.0543836 0.229817 
0.386802 0.0931264 0.0127026 0.139034 0.151677 0.216658 
0.330149 0.288702 0.00536616 0.0406821 0.0579863 0.277115 
0.625711 0.280057 0.00208473 0.00659865 0.0180553 0.0674935 
0.340901 0.0781628 0.0366984 0.215102 0.0223088 0.306828 
0.537336 0.117901 0.00859311 0.0509678 0.0711723 0.214031 
0.576621 0.234948 0.00263556 0.00525322 0.0608627 0.11968 
0.645338 0.0165454 3.2356e-05 0.019382 0.0180973 0.300604 
0.524158 0.106352 0.000431247 0.028415 0.0949686 0.245675 
0.317478 0.139287 0.018772 0.14155 0.0741489 0.308763 
0.399258 0.271574 0.000508693 0.192887 0.0401618 0.0956112 
0.351315 0.22527 0.0275911 0.0782308 0.0770922 0.240501 
0.533959 0.132754 0.0088955 0.072344 0.0753868 0.176661 
0.302367 0.0929944 0.0019604 0.282724 0.14957 0.170384 
0.756529 0.05584 0.000163874 0.00602542 0.123695 0.0577464 
0.396724 0.197484 0.00139927 0.0114618 0.122547 0.270383 
0.405182 0.066636 0.0359127 0.0887504 0.0424747 0.361044 
0.583836 0.0741738 0.00511474 0.0297803 0.060438 0.246657 
0.462794 0.126351 0.0021122 0.0236188 0.0613358 0.323787 
0.444382 0.0106266 1.54837e-05 0.0201777 0.121368 0.40343 
0.355227 0.311464 0.00643646 0.0204404 0.0502439 0.256188 
0.536701 0.157659 1.83767e-05 0.0486334 0.12198 0.135008 
0.953714 0.0355218 3.77358e-07 0.000543012 0.0093264 0.000894287 
0.583317 0.0374987 8.86108e-05 0.0137423 0.0524974 0.312856 
0.44556 0.145868 0.00232149 0.0392703 0.10209 0.26489 
0.475377 0.171273 0.00493629 0.0131362 0.0552321 0.280045 
0.351714 0.149842 0.00289116 0.190214 0.0462557 0.259084 
0.515353 0.128386 0.00300069 0.0273236 0.110765 0.215172 
0.445693 0.1026 0.0107271 0.105691 0.0950445 0.240244 
0.303722 0.234313 0.0107651 0.147848 0.156908 0.146443 
0.290284 0.28227 0.00210793 0.0732848 0.11989 0.232163 
0.590666 0.193219 0.000910377 0.0149732 0.0687128 0.131519 
0.232438 0.142895 0.194201 0.0840465 0.189523 0.156897 
0.359934 0.180645 0.00553287 0.0397745 0.0894847 0.324628 
0.372569 0.188204 0.0233617 0.135613 0.015462 0.26479 
0.512735 0.06209 0.0306778 0.0880245 0.0320115 0.274461 
0.437194 0.115012 0.0004532 0.0361447 0.0474637 0.363733 
0.387069 0.111768 0.00773688 0.0602157 0.0731834 0.360027 
0.355721 0.25067 0.00416387 0.0195992 0.138181 0.231664 
0.522577 0.188559 0.0214869 0.0266597 0.0548073 0.185911 
0.326586 0.238734 0.000551528 0.00325861 0.260218 0.170651 
0.432577 0.101613 0.105214 0.0738239 0.0807928 0.205979 
0.493354 0.125976 0.00438485 0.0305697 0.0853788 0.260336 
0.581359 0.0742222 0.0119584 0.0744247 0.0392652 0.218771 
0.583092 0.043257 0.0228877 0.0484164 0.0458105 0.256537 
0.434992 0.156254 0.000401278 0.00813121 0.11987 0.280351 
0.454518 0.0600224 0.00114965 0.00111263 0.0609875 0.422209 
0.378181 0.143325 0.0604511 0.191919 0.0251205 0.201004 
0.529382 0.137964 0.00142724 0.0162183 0.0361716 0.278836 
0.382296 0.0800088 4.50218e-05 0.0253708 0.168416 0.343863 
0.58943 0.114995 0.0119912 0.0603176 0.0242388 0.199028 
0.52126 0.261948 0.00073969 0.0304511 0.0676409 0.117961 
0.718463 0.064129 1.76983e-05 0.0140412 0.0373595 0.16599 
0.685714 0.0167886 0.000415526 0.0116329 0.268419 0.0170299 
0.40174 0.171903 0.00468442 0.0667767 0.133718 0.221179 
0.331567 0.120311 0.00630165 0.108879 0.109625 0.323316 
0.555695 0.100337 0.0108766 0.0884055 0.0596582 0.185028 
0.824513 0.0229297 0.00306917 0.0212996 0.0139191 0.11427 
0.416328 0.329946 0.0153894 0.00354663 0.0518486 0.182942 
0.430587 0.127578 2.36884e-05 0.0236722 0.153817 0.264323 
0.625711 0.280057 0.00208473 0.00659865 0.0180553 0.0674935 
0.305856 0.174566 0.0814448 0.108593 0.0601633 0.269377 
0.373199 0.129157 0.00886798 0.138533 0.0288118 0.321432 
0.782109 0.12329 0.000162093 0.00249388 0.0420273 0.0499184 
0.368224 0.0756478 0.00365493 0.106138 0.161586 0.284749 
0.433981 0.12597 0.00352735 0.00496187 0.106414 0.325146 
0.720577 0.0327217 0.00219766 0.0375986 0.032836 0.174069 
0.365373 0.142731 0.00685158 0.203596 0.0324291 0.24902 
0.348958 0.224553 0.00774663 0.0524263 0.0955029 0.270813 
0.378691 0.123095 0.0202877 0.0537341 0.10028 0.323912 
0.436567 0.266283 0.00799214 0.0367052 0.017668 0.234785 
0.32513 0.17843 0.0149258 0.0943423 0.0754576 0.311715 
0.654179 0.267705 2.69027e-05 0.00829773 0.0254904 0.044301 
0.355602 0.112659 0.00842945 0.0202515 0.186869 0.31619 
0.371784 0.358439 0.0338141 0.0886686 0.0179671 0.129327 
0.544168 0.0805806 0.00430466 0.0334336 0.0626399 0.274873 
0.507694 0.0676808 0.000206258 0.00295563 0.201896 0.219568 
0.334774 0.179262 0.00170581 0.0522435 0.161302 0.270713 
0.625711 0.280057 0.00208473 0.00659865 0.0180553 0.0674935 
0.660632 0.140611 0.000582546 0.0123484 0.110916 0.07491 
0.507735 0.123533 0.0188049 0.0331568 0.0527686 0.264001 
0.589812 0.208326 0.000318492 0.0409615 0.0554878 0.105094 
0.321756 0.235594 0.00158201 0.120792 0.189533 0.130743 
0.372004 0.147954 0.0169593 0.0221076 0.088471 0.352504 
0.502884 0.0351565 0.00431707 0.0361084 0.124003 0.297531 
0.303671 0.242253 0.0311485 0.158851 0.0100219 0.254055 
0.403354 0.145539 0.00424132 0.0252161 0.209364 0.212286 
0.685714 0.0167886 0.000415526 0.0116329 0.268419 0.0170299 
0.494389 0.0989019 0.00603903 0.0467458 0.148331 0.205593 
0.725127 0.0736477 0.000462454 0.0551138 0.0404013 0.105247 
0.399017 0.151266 7.93135e-05 0.0484769 0.0234841 0.377677 
0.591834 0.0828526 0.00404837 0.11073 0.0330015 0.177533 
0.520618 0.0574754 0.00751941 0.0521311 0.0480124 0.314244 
0.382723 0.335532 0.000512934 0.0376526 0.0416025 0.201978 
0.746081 0.0517186 0.000362733 0.0408277 0.00725868 0.153752 
0.447389 0.13938 0.00461617 0.0817487 0.0293491 0.297517 
0.675843 0.0392997 1.10456e-05 0.0869517 0.017168 0.180726 
0.474762 0.100057 0.0363332 0.0831964 0.166551 0.139101 
0.672014 0.226069 8.28469e-06 0.0119309 0.0405564 0.0494221 
0.645585 0.0717176 0.0244136 0.0726007 0.0172743 0.168409 
0.564379 0.16847 0.00166701 0.0711923 0.0725265 0.121765 
0.574044 0.0707295 0.0336831 0.056364 0.0870325 0.178146 
0.400608 0.0205419 0.0187227 0.305426 0.0633859 0.191315 
0.42983 0.0311173 0.00528537 0.0832314 0.0248635 0.425673 
0.35379 0.0973861 0.00607106 0.138985 0.133874 0.269894 
0.307519 0.235929 0.0219066 0.131123 0.082904 0.220618 
0.379344 0.143169 0.0299198 0.0524067 0.120775 0.274386 
0.422358 0.274607 0.0029644 0.0816548 0.064824 0.153592 
0.6494 0.0915366 0.00513521 0.0783314 0.0829158 0.0926814 
0.636151 0.128796 0.0016271 0.0295333 0.0455111 0.158382 
0.485683 0.117575 0.0333075 0.0792339 0.0543836 0.229817 
0.446865 0.118552 0.00380894 0.0622642 0.128029 0.240481 
0.373199 0.129157 0.00886798 0.138533 0.0288118 0.321432 
0.443353 0.186831 0.0862156 0.0711896 0.00341239 0.208999 
0.609669 0.080541 0.00686533 0.120035 0.0653963 0.117494 
0.826938 0.0321085 0.000199138 0.0232062 0.0067635 0.110784 
0.488564 0.0762287 0.000693658 0.0557974 0.0941388 0.284578 
0.388589 0.20465 0.014525 0.0582055 0.115294 0.218737 
0.666997 0.135999 5.72177e-05 0.0391534 0.0181422 0.139651 
0.424766 0.0885507 0.000297739 0.0160348 0.176615 0.293736 
0.547706 0.0564412 0.0134205 0.0400189 0.0458607 0.296552 
0.636136 0.0397535 0.00345218 0.0447266 0.0536261 0.222306 
0.405462 0.106457 0.0186226 0.131318 0.0659829 0.272157 
0.420019 0.125694 0.0371884 0.08591 0.0252694 0.305919 
0.403867 0.162202 0.00477132 0.0902606 0.0476476 0.291251 
0.425323 0.0932394 1.57586e-05 0.0210878 0.0819817 0.378352 
0.41026 0.0335855 0.0018367 0.0197539 0.188041 0.346524 
0.354049 0.0999024 4.932e-05 0.0350656 0.239967 0.270966 
0.346139 0.270054 0.00793597 0.174323 0.022809 0.178739 
0.580758 0.0741675 0.0025229 0.111413 0.0379124 0.193226 
0.639303 0.299745 3.81203e-05 0.0404931 0.00388676 0.0165344 
0.401829 0.095436 0.0140769 0.0581681 0.106449 0.324042 
0.482827 0.140428 0.00547406 0.0485548 0.0617768 0.260939 
0.382049 0.261395 0.00242641 0.0081206 0.154639 0.19137 
0.349148 0.209686 0.0215834 0.103756 0.0699785 0.245847 
0.576181 0.133692 0.000773979 0.012192 0.0731694 0.203991 
0.490082 0.212089 0.00111025 0.0227314 0.0853933 0.188594 
0.528975 0.0924239 0.00215618 0.0370453 0.089028 0.250372 
0.707161 0.0346041 0.00163188 0.0695489 0.0468825 0.140171 
0.757588 0.0888046 0.000605576 0.0188889 0.047771 0.0863416 
0.611749 0.0996618 0.0112805 0.0499419 0.0396358 0.187731 
0.411913 0.134672 0.0427176 0.101605 0.0424843 0.266608 
0.494477 0.0935162 0.00433262 0.0180002 0.131861 0.257813 
0.49054 0.148413 0.000362001 0.0326581 0.0988366 0.22919 
0.524624 0.0429003 0.0110827 0.194865 0.0724732 0.154055 
0.545372 0.11434 3.8249e-05 0.00469238 0.0453591 0.290198 
0.420831 0.0895648 0.00775871 0.0994075 0.0346789 0.347759 
0.575568 0.142355 0.00244188 0.03735 0.0633437 0.178942 
0.636189 0.0291397 5.3956e-05 0.00324721 0.0306321 0.300738 
0.570829 0.0584249 0.00490328 0.0522866 0.0428537 0.270703 
0.513716 0.141212 0.0366327 0.0523213 0.0612553 0.194863 
0.51567 0.120284 0.000404649 0.00847603 0.0810744 0.27409 
0.75964 0.233685 1.95568e-06 0.0005994 0.00600309 7.00958e-05 
0.515323 0.0457541 0.00531306 0.0480565 0.0661075 0.319445 
0.596625 0.041015 0.00623309 0.0443929 0.055307 0.256426 
0.527564 0.0244365 0.00285224 0.0629453 0.0522504 0.329952 
0.651394 0.0949914 0.00327129 0.0970086 0.0325222 0.120813 
0.346922 0.242778 0.00821644 0.0118161 0.106724 0.283543 
0.620017 0.144982 0.00567806 0.00111145 0.089021 0.139191 
0.621507 0.117693 0.0147862 0.0839398 0.0371331 0.124942 
0.407402 0.39745 0.00800082 0.046948 0.0190853 0.121114 
0.362645 0.300316 0.00180912 0.045612 0.061555 0.228063 
0.545334 0.0874793 0.00349714 0.0229027 0.0631638 0.277623 
0.33222 0.265964 0.0107996 0.0236995 0.0884661 0.278851 
0.391787 0.185755 0.000430694 0.0194133 0.103095 0.299518 
0.507214 0.16121 0.00268489 0.0715681 0.0233317 0.23399 
0.338761 0.276914 0.0179193 0.0691827 0.0478376 0.249386 
0.682148 0.0804706 0.00778119 0.010782 0.0612517 0.157566 
0.405462 0.106457 0.0186226 0.131318 0.0659829 0.272157 
0.298951 0.21268 0.0187198 0.0398388 0.182868 0.246943 
0.273745 0.18169 0.0079611 0.0138718 0.254414 0.268318 
0.408359 0.0454812 0.00867026 0.0149879 0.292062 0.230439 
0.483347 0.0195159 0.0644814 0.031643 0.1027 0.298313 
0.309442 0.258002 6.76249e-05 0.019814 0.192082 0.220593 
0.513716 0.141212 0.0366327 0.0523213 0.0612553 0.194863 
0.517328 0.0791561 0.00231325 0.0385032 0.0759921 0.286707 
0.405462 0.106457 0.0186226 0.131318 0.0659829 0.272157 
0.696986 0.0601113 8.33264e-05 0.00616413 0.047134 0.189521 
0.279508 0.185742 0.0185321 0.144767 0.13974 0.23171 
0.427048 0.253787 0.00050847 0.0147835 0.106868 0.197004 
0.680821 0.0484474 0.00701443 0.0723786 0.0472555 0.144083 
0.545712 0.0870227 0.00901412 0.0154041 0.22628 0.116567 
0.347811 0.101387 0.000110996 0.00886553 0.199217 0.342609 
0.378562 0.138916 0.0193814 0.0819818 0.0547959 0.326363 
0.548164 0.100895 0.0315867 0.0608721 0.0847789 0.173703 
0.421016 0.118426 0.0377151 0.0293984 0.16339 0.230055 
0.324064 0.154455 0.0361026 0.153989 0.0422879 0.289102 
0.272244 0.0744382 0.000353846 0.247173 0.182698 0.223093 
0.328847 0.281348 0.0111838 0.0714568 0.0901199 0.217044 
0.400587 0.157322 0.0322109 0.14616 0.0186273 0.245093 
0.480886 0.0991965 0.00569015 0.0504159 0.121084 0.242727 
0.374714 0.240946 0.0216347 0.0588623 0.0109149 0.292929 
0.361249 0.208312 0.00154687 0.0192294 0.0600314 0.349631 
0.61681 0.0463767 0.0559044 0.110251 0.0146809 0.155977 
0.338223 0.10374 0.000336694 0.0358572 0.245468 0.276376 
0.446747 0.16785 0.00875749 0.0291515 0.0414115 0.306083 
0.402146 0.10117 0.00218963 0.0574954 0.107084 0.329916 
0.365382 0.272972 0.00305777 0.158826 0.0540152 0.145747 
0.416476 0.148545 0.0212279 0.125952 0.0419961 0.245803 
0.536618 0.0948563 0.00491736 0.0297547 0.0683419 0.265511 
0.369628 0.165962 0.0406457 0.173289 0.0212166 0.229258 
0.287614 0.13931 0.00321463 0.0314735 0.253028 0.285359 
0.581648 0.111116 0.00461227 0.0641329 0.0611129 0.177377 
0.802074 0.0165635 3.31304e-05 0.00289084 0.0764354 0.102003 
0.408635 0.073216 0.00198551 0.0244419 0.0859481 0.405773 
0.48638 0.288324 0.00526986 0.0391281 0.0583375 0.122561 
0.612105 0.0505081 0.00132662 0.0230109 0.0604183 0.252631 
0.62712 0.0983601 7.38027e-05 0.021334 0.0968207 0.156292 
0.554044 0.119439 2.02212e-05 0.0473704 0.0669771 0.21215 
0.279826 0.223396 0.00108389 0.0925765 0.167251 0.235866 
0.534632 0.0515505 0.0290092 0.0865334 0.0355807 0.262695 
0.586715 0.11381 0.00236886 0.0800274 0.0603318 0.156747 
0.416236 0.117447 0.00143711 0.0290936 0.0426174 0.393169 
0.518505 0.153176 0.00381183 0.0222719 0.0508871 0.251349 
0.544272 0.154254 0.0112988 0.12187 0.0618142 0.106491 
0.418426 0.139391 0.0209082 0.125581 0.0790853 0.216609 
0.333283 0.299881 0.00692972 0.0114371 0.099769 0.2487 
0.513233 0.231167 2.79724e-05 0.00348784 0.0477384 0.204346 
0.625711 0.280057 0.00208473 0.00659865 0.0180553 0.0674935 
0.369628 0.165962 0.0406457 0.173289 0.0212166 0.229258 
0.356812 0.260899 0.000561107 0.00334038 0.11211 0.266277 
0.619874 0.0487337 0.0246058 0.0129258 0.0902567 0.203604 
0.469782 0.0721114 0.0126969 0.13865 0.124506 0.182254 
0.229774 0.210809 0.0139538 0.184417 0.156814 0.204232 
0.634778 0.0993559 0.000349599 0.185315 0.0162023 0.0639994 
0.332662 0.320339 0.00144132 0.0817155 0.0958348 0.168008 
0.541191 0.116548 0.0202439 0.175161 0.0129328 0.133923 
0.598329 0.119062 0.0133457 0.026473 0.0841972 0.158594 
0.425827 0.119721 0.046844 0.158705 0.0338018 0.215101 
0.340901 0.0781628 0.0366984 0.215102 0.0223088 0.306828 
0.655589 0.320324 5.51012e-05 0.00307556 0.00662805 0.0143286 
0.629712 0.139006 0.0135556 0.0675952 0.067404 0.0827271 
0.693578 0.0428937 0.000157698 0.0111945 0.0369667 0.215209 
0.371047 0.161685 0.00985461 0.0759454 0.0307604 0.350707 
0.543356 0.0429978 0.00205953 0.0206967 0.0847679 0.306122 
0.560071 0.179364 0.0151959 0.0422911 0.0476411 0.155437 
0.506501 0.0833933 0.00190477 0.00434787 0.0674448 0.336408 
0.416928 0.105312 0.00554424 0.168329 0.0106747 0.293212 
0.437763 0.0538015 0.0459104 0.0660883 0.0518035 0.344633 
0.459188 0.112055 0.00213618 0.0164339 0.0860147 0.324172 
0.603637 0.198738 0.0303206 0.0501008 0.0161413 0.101062 
0.309137 0.257101 0.0187707 0.0762244 0.0627916 0.275976 
0.474318 0.0536749 0.0110116 0.214568 0.00769923 0.238728 
0.296324 0.108723 0.200028 0.236876 0.000704557 0.157345 
0.309137 0.257101 0.0187707 0.0762244 0.0627916 0.275976 
0.64427 0.0825324 0.00525868 0.0357316 0.0389378 0.19327 
0.387114 0.178279 0.000808495 0.132608 0.102176 0.199016 
0.516039 0.108372 0.00599146 0.00555512 0.0701319 0.29391 
0.542903 0.16972 0.0128326 0.0639094 0.0492325 0.161403 
0.512182 0.159814 0.0117235 0.0494169 0.0525676 0.214295 
0.354503 0.174398 0.00948355 0.110127 0.060074 0.291414 
0.45024 0.0538367 0.000709909 0.0128864 0.0383174 0.44401 
0.509678 0.264613 0.00176892 0.0327739 0.0521622 0.139004 
0.35984 0.0812359 0.00814075 0.171092 0.0887144 0.290977 
0.69577 0.130667 0.0257719 0.0264019 0.0468957 0.0744933 
0.391054 0.267103 0.0106327 0.0848469 0.0327968 0.213567 
0.46112 0.0764415 0.00315931 0.0110004 0.10101 0.347269 
0.364242 0.101568 0.000656997 0.0269766 0.16964 0.336916 
0.39187 0.112367 0.00284783 0.0209018 0.133354 0.338659 
0.523285 0.0136501 0.000295609 0.204184 0.0713993 0.187186 
0.330436 0.326142 0.0236864 0.101305 0.0618297 0.156601 
0.326372 0.297598 0.000239699 0.0215062 0.112474 0.24181 
0.829614 0.114367 1.56512e-05 0.00060449 0.0294977 0.0259004 
0.662714 0.0720825 0.000149198 0.00860891 0.0506146 0.205831 
0.359038 0.125238 0.0119347 0.151201 0.0455005 0.307088 
0.507155 0.144456 0.00295743 0.0739735 0.0348493 0.236609 
0.556514 0.149156 0.00419993 0.0359444 0.0832722 0.170914 
0.499751 0.11705 0.0424974 0.0838431 0.0179154 0.238943 
0.313309 0.167124 0.00325567 0.139292 0.111459 0.26556 
0.558423 0.0715031 0.0100436 0.0499289 0.0533469 0.256755 
0.497801 0.0471648 0.0567334 0.0858703 0.0143654 0.298065 
0.394549 0.153007 0.00120758 0.030556 0.165493 0.255188 
0.422845 0.151857 0.000122518 0.0575245 0.0318826 0.335768 
0.55009 0.0580339 0.00262206 0.0100422 0.0401919 0.33902 
0.321607 0.275449 0.00911515 0.0591436 0.0641273 0.270558 
0.439786 0.190818 0.00285773 0.0544437 0.0708632 0.241231 
0.369292 0.162916 0.00128165 0.023605 0.0981913 0.344715 
0.342701 0.168614 0.00629678 0.0213432 0.2883 0.172745 
0.668922 0.0555543 0.00591618 0.143939 0.0175593 0.108109 
0.539772 0.025318 0.000162189 0.0229404 0.0419331 0.369874 
0.367989 0.148251 0.00240075 0.0449828 0.0718951 0.364482 
0.483171 0.0180928 0.000569073 0.0367419 0.00592821 0.455497 
0.38022 0.272197 0.00224194 0.026271 0.0653288 0.25374 
0.359207 0.117977 0.0345962 0.128354 0.100243 0.259624 
0.365338 0.115466 0.00584572 0.0560405 0.116984 0.340325 
0.331045 0.213802 0.00643739 0.0605103 0.0608656 0.32734 
0.473275 0.0815509 0.00901315 0.0938925 0.0341576 0.308111 
0.513933 0.160304 0.00500013 0.0169459 0.137035 0.166782 
0.341878 0.128526 0.00551663 0.0314968 0.193917 0.298666 
0.48638 0.288324 0.00526986 0.0391281 0.0583375 0.122561 
0.55644 0.153375 0.0975964 0.010433 0.0114386 0.170716 
0.635074 0.0496884 0.00139607 0.0196875 0.167254 0.126899 
0.405462 0.106457 0.0186226 0.131318 0.0659829 0.272157 
0.470513 0.143522 0.00206531 0.0335802 0.112031 0.238288 
0.436662 0.244362 0.000319797 0.0479535 0.081355 0.189348 
0.493678 0.243766 9.30006e-06 0.000185329 0.0326547 0.229707 
0.447539 0.196349 0.00534335 0.0420428 0.0593717 0.249353 
0.481594 0.0629109 0.00390791 0.0491776 0.0811617 0.321248 
0.360685 0.346959 0.000231846 0.0151844 0.0335121 0.243428 
0.527525 0.173098 0.0225426 0.0374856 0.0647678 0.174581 
0.741496 0.0204245 0.0148758 0.0728096 0.0170515 0.133343 
0.552046 0.0684032 0.0171618 0.0921435 0.0250839 0.245162 
0.541681 0.0301386 0.00246846 0.0780539 0.041228 0.30643 
0.551764 0.218156 0.00460621 0.0342378 0.0378305 0.153406 
0.345748 0.119825 0.0633394 0.163069 0.0392624 0.268756 
0.365619 0.133739 0.01274 0.0165022 0.210813 0.260586 
0.741031 0.100471 0.00472291 0.0348727 0.0182036 0.100699 
0.460832 0.221041 0.000719923 0.0433794 0.108277 0.165751 
0.595177 0.0868026 0.00057249 0.00405973 0.0486469 0.264741 
0.576998 0.256617 1.00209e-05 0.0124104 0.0893453 0.0646194 
0.279824 0.164618 0.0111698 0.224917 0.0958888 0.223583 
0.431003 0.182354 0.000668034 0.111464 0.0327934 0.241718 
0.305296 0.0988844 0.0337141 0.174478 0.174927 0.212701 
0.460213 0.0654666 0.0218151 0.0587912 0.0228137 0.370901 
0.618268 0.146444 0.0159841 0.0301672 0.0746192 0.114517 
0.523307 0.155961 0.0030831 0.0730875 0.0452167 0.199345 
0.685714 0.0167886 0.000415526 0.0116329 0.268419 0.0170299 
0.463505 0.220442 0.0507174 0.106758 0.0161188 0.142458 
0.360721 0.171668 0.0433511 0.0949648 0.0223279 0.306967 
0.500877 0.082294 0.0127215 0.121088 0.162571 0.120449 
0.455261 0.0449964 0.0135499 0.0351524 0.0872066 0.363833 
0.405462 0.106457 0.0186226 0.131318 0.0659829 0.272157 
0.357265 0.172716 0.0248058 0.0359505 0.0834501 0.325813 
0.365789 0.247258 0.00666058 0.0282193 0.119924 0.232148 
0.305669 0.235135 0.0281246 0.164508 0.0508606 0.215703 
0.463529 0.157955 0.000512889 0.154851 0.0997462 0.123406 
0.777814 0.110288 0.00189658 0.01489 0.019877 0.0752341 
0.380258 0.246244 0.00845475 0.0505653 0.0386265 0.275851 
0.470736 0.209547 0.00831788 0.0748113 0.0563577 0.180229 
0.420399 0.219132 8.56542e-05 0.192425 0.0391451 0.128813 
0.586884 0.0172614 7.09637e-06 0.0272234 0.177123 0.191501 
0.479466 0.079797 3.02671e-05 0.0129319 0.03809 0.389685 
0.603258 0.072094 0.00851235 0.0472516 0.0163645 0.252519 
0.56773 0.0253823 0.0209848 0.0146104 0.0471217 0.32417 
0.716345 0.136082 0.000134743 0.0183303 0.0154148 0.113693 
0.553678 0.118058 0.000198186 0.0447518 0.0752639 0.20805 
0.373199 0.129157 0.00886798 0.138533 0.0288118 0.321432 
0.459214 0.115517 0.01226 0.0605427 0.0358964 0.31657 
0.516972 0.0737925 0.040314 0.0469499 0.0582405 0.263731 
0.312749 0.298212 3.745e-06 0.0285862 0.283688 0.0767608 
0.435447 0.19713 0.00301388 0.0152098 0.0892367 0.259963 
0.410957 0.213613 0.000832184 0.0280863 0.144387 0.202125 
0.521071 0.0643742 0.000370347 0.0210822 0.0813538 0.311748 
0.297072 0.120421 0.0632614 0.141384 0.086413 0.291449 
0.340901 0.0781628 0.0366984 0.215102 0.0223088 0.306828 
0.559757 0.193064 0.000596431 0.00943843 0.0689054 0.168239 
0.507318 0.0573283 0.00144897 0.0133244 0.0693768 0.351203 
0.405206 0.125937 0.0232046 0.110369 0.0975149 0.237768 
0.685714 0.0167886 0.000415526 0.0116329 0.268419 0.0170299 
0.38656 0.179223 0.0029406 0.0844225 0.0375926 0.309262 
0.361856 0.217295 0.000620569 0.0317406 0.0888994 0.299588 
0.450918 0.206207 0.013474 0.0770009 0.105902 0.146498 
0.521212 0.0768377 0.0237593 0.0437892 0.0290434 0.305358 
0.522442 0.112546 0.0258719 0.102042 0.0477569 0.189341 
0.456929 0.0719112 0.0124437 0.0994704 0.102791 0.256454 
0.524158 0.106352 0.000431247 0.028415 0.0949686 0.245675 
0.485501 0.176976 0.00247622 0.170363 0.0497784 0.114906 
0.61274 0.108686 0.0058637 0.029254 0.0953015 0.148155 
0.263563 0.214156 0.0789114 0.164896 0.103549 0.174925 
0.412198 0.102443 0.00241988 0.0104553 0.143568 0.328916 
0.549851 0.0774306 0.0255766 0.145692 0.068272 0.133177 
0.342514 0.0959406 0.00701659 0.0526684 0.322897 0.178964 
0.398539 0.237745 0.00974406 0.0133187 0.101923 0.23873 
0.454016 0.167046 0.00337575 0.028421 0.0866728 0.260468 
0.500163 0.045449 0.0109719 0.215728 0.0261488 0.20154 
0.494477 0.0935162 0.00433262 0.0180002 0.131861 0.257813 
0.436222 0.0412857 0.0018891 0.0407518 0.0807177 0.399134 
0.448714 0.110914 0.0152473 0.0368796 0.0198845 0.36836 
0.523307 0.155961 0.0030831 0.0730875 0.0452167 0.199345 
0.524624 0.0429003 0.0110827 0.194865 0.0724732 0.154055 
0.494924 0.287357 0.00296775 0.0148207 0.0925863 0.107344 
0.735524 0.0751302 0.000134906 0.0154651 0.0614313 0.112314 
0.368496 0.046925 0.154813 0.191212 0.00820681 0.230348 
0.526943 0.0349286 0.0045736 0.136449 0.114886 0.18222 
0.433464 0.242415 0.0511855 0.108587 0.0240319 0.140316 
0.557475 0.0251405 0.000803244 0.00402359 0.114371 0.298186 
0.283336 0.262983 0.0230302 0.0719922 0.119344 0.239315 
0.38455 0.185711 0.0151963 0.0591314 0.0162683 0.339143 
0.513291 0.0717513 0.0360525 0.0134797 0.132533 0.232893 
0.380367 0.153304 1.40401e-06 0.000827887 0.231651 0.233848 
0.529994 0.179255 0.0103046 0.0150987 0.102079 0.163268 
0.783233 0.0208893 4.13302e-05 0.0133624 0.0106975 0.171776 
0.691502 0.0223027 0.000401768 0.00598291 0.0281283 0.251682 
0.594785 0.104181 0.000415996 0.0316341 0.0841061 0.184878 
0.44653 0.119019 0.00184005 0.0246661 0.165668 0.242277 
0.376072 0.313923 0.00146941 0.0129404 0.0809434 0.214651 
0.50877 0.415592 2.86467e-05 0.0755712 2.23314e-05 1.54093e-05 
0.338804 0.285252 0.00161574 0.0202496 0.0827626 0.271316 
0.433488 0.217431 0.000337869 0.0190101 0.105935 0.223798 
0.55537 0.0759619 0.000423341 0.00969225 0.0728914 0.285662 
0.509168 0.239732 2.15008e-06 0.051414 3.49054e-05 0.199649 
0.376856 0.16897 0.000452857 0.0322206 0.0783717 0.343129 
0.338033 0.0961702 0.0235274 0.319701 0.0148934 0.207675 
0.368519 0.119808 0.137132 0.028638 0.0793857 0.266518 
0.690976 0.0459697 0.0124373 0.0280629 0.0539778 0.168577 
0.507407 0.086302 0.0105261 0.0655046 0.0495579 0.280702 
0.601466 0.0532913 0.0129655 0.0300984 0.135044 0.167134 
0.713981 0.133688 0.000546961 0.0171916 0.072801 0.0617921 
0.529284 0.0744141 0.00986023 0.0335654 0.0666004 0.286276 
0.605953 0.024583 0.000247988 0.0162091 0.0562342 0.296773 
0.686627 0.0632997 0.00864278 0.0510414 0.0358398 0.15455 
0.514519 0.0975225 0.00873078 0.0543155 0.0519017 0.273011 
0.584361 0.189013 8.52238e-06 0.00809834 0.0690062 0.149513 
0.446436 0.150229 0.0219245 0.100771 0.0598976 0.220741 
0.400324 0.265767 0.00478897 0.0714808 0.0505044 0.207135 
0.431044 0.179281 0.0123971 0.059435 0.0305128 0.28733 
0.418851 0.202388 0.00590552 0.0128669 0.064654 0.295335 
0.343652 0.196128 0.0465143 0.119235 0.0289916 0.265479 
0.463988 0.11346 0.00682201 0.157085 0.108653 0.149992 
0.390376 0.096296 0.00831072 0.047743 0.137954 0.319321 
0.38203 0.291351 0.0130642 0.0641399 0.0697358 0.179679 
0.352514 0.174321 0.00502237 0.0489121 0.0702191 0.349012 
0.687534 0.0805112 5.20267e-06 0.0108212 0.0980678 0.123061 
0.39386 0.133631 0.00142779 0.0217283 0.0641226 0.38523 
0.675192 0.132266 0.000476336 0.00480959 0.125549 0.0617075 
0.490719 0.0570324 0.00877905 0.133263 0.0459298 0.264276 
0.508148 0.0932795 0.00770526 0.0412048 0.0884739 0.261188 
0.383794 0.144278 0.00280469 0.0339142 0.146278 0.288931 
0.622797 0.135092 0.00395375 0.0559412 0.0276508 0.154566 
0.385236 0.149386 0.0394844 0.155985 0.119365 0.150543 
0.763585 0.0927191 0.000189886 0.00548766 0.0555336 0.0824843 
0.370006 0.216731 0.0254758 0.0913418 0.0384207 0.258025 
0.432493 0.235155 0.00284912 0.0366903 0.0499572 0.242856 
0.304908 0.110175 0.0127761 0.269002 0.0241865 0.278952 
0.705243 0.160271 0.0237244 0.0432476 0.0152966 0.0522172 
0.387335 0.0557465 0.00041717 0.0378989 0.262879 0.255723 
0.620635 0.154411 0.000520489 0.0473644 0.0648082 0.112262 
0.329948 0.292781 0.0130994 0.132972 0.0710446 0.160155 
0.309986 0.138919 0.0117936 0.180084 0.100606 0.258612 
0.35812 0.21137 0.0342926 0.0794214 0.105322 0.211473 
0.396943 0.124293 0.0170822 0.0129889 0.0783375 0.370355 
0.394909 0.238092 0.0654485 0.108876 0.0383302 0.154344 
0.521631 0.208399 0.0002389 0.0152481 0.134783 0.1197 
0.462873 0.107398 0.0168199 0.074887 0.0637223 0.2743 
0.322953 0.178132 0.000448386 0.00336668 0.225421 0.269678 
0.370435 0.183434 0.00782816 0.0398131 0.0494322 0.349057 
0.923582 0.0202702 7.64962e-05 0.00398488 0.0109653 0.0411215 
0.358021 0.265658 0.00679637 0.0785959 0.0549062 0.236022 
0.801399 0.025575 0.0322239 0.0619363 0.0112224 0.0676432 
0.707076 0.0636057 5.81021e-05 0.00641829 0.134163 0.0886789 
0.374381 0.258392 0.00108802 0.0209767 0.0411829 0.303979 
0.597077 0.037942 0.00215189 0.0155087 0.00849114 0.338829 
0.399686 0.318714 0.000443405 0.073541 0.0957161 0.1119 
0.447849 0.125136 0.000432785 0.0361612 0.0608384 0.329583 
0.517137 0.0613419 0.0742588 0.114932 0.124288 0.108042 
0.78395 0.0191038 0.00844301 0.129819 0.00894736 0.0497363 
0.728418 0.0742125 0.0382601 0.0480668 0.024147 0.0868956 
0.542391 0.0743399 0.00397564 0.119151 0.00757384 0.252569 
0.699401 0.0653348 0.0042497 0.00712428 0.0661819 0.157708 
0.33834 0.247051 0.0151968 0.166234 0.00184598 0.231332 
0.448705 0.080079 0.00309947 0.0457802 0.0860558 0.336281 
0.735078 0.083651 0.000383997 0.0341126 0.0323443 0.114431 
0.537078 0.0600229 0.00457899 0.0809931 0.0677705 0.249557 
0.546196 0.162121 0.0031404 0.133815 0.0636564 0.0910715 
0.604045 0.110809 0.00213264 0.091361 0.0495046 0.142148 
0.355569 0.170354 0.000972731 0.0265329 0.0963754 0.350196 
0.685714 0.0167886 0.000415526 0.0116329 0.268419 0.0170299 
0.425927 0.136675 0.00300098 0.113206 0.0585424 0.262649 
0.773964 0.135375 0.000333991 0.0224916 0.0253137 0.0425214 
0.56331 0.149384 0.00149362 0.00853863 0.0890523 0.188221 
0.32814 0.237255 0.0239684 0.140679 0.0468875 0.22307 
0.511269 0.0544725 3.15525e-05 0.0246901 0.0486468 0.36089 
0.540743 0.193265 0.00508804 0.0229701 0.0715329 0.166401 
0.501128 0.0574587 0.029959 0.107704 0.0461617 0.257589 
0.482665 0.0801364 0.00326065 0.0309612 0.0462714 0.356706 
0.39138 0.147745 0.0413361 0.0953685 0.106516 0.217654 
0.685714 0.0167886 0.000415526 0.0116329 0.268419 0.0170299 
0.436281 0.113609 0.0390865 0.0320519 0.132387 0.246585 
0.345437 0.276517 0.00806126 0.0843284 0.0622941 0.223362 
0.500187 0.0734136 0.0194405 0.0667694 0.0659958 0.274194 
0.530081 0.225964 0.000618581 0.0350834 0.0655445 0.142708 
0.399586 0.157732 0.015365 0.029163 0.105508 0.292645 
0.374969 0.0920532 0.000680757 0.0451043 0.357216 0.129977 
0.768713 0.0343047 0.00429426 0.0898515 0.0315842 0.0712524 
0.321756 0.235594 0.00158201 0.120792 0.189533 0.130743 
0.505603 0.15345 0.00727567 0.0756467 0.0237419 0.234284 
0.414849 0.0729555 0.00484274 0.147581 0.0582695 0.301502 
0.571249 0.00528359 6.32088e-06 0.209504 0.0478326 0.166124 
0.326899 0.243258 0.00355707 0.0408896 0.124311 0.261086 
0.502424 0.0885666 0.0466758 0.235612 0.00554358 0.121178 
0.605044 0.092597 9.97386e-05 0.0495449 0.0283645 0.22435 
0.293765 0.281236 0.00506123 0.191142 0.0109336 0.217861 
0.650097 0.0213488 0.000118303 0.013161 0.0216248 0.29365 
0.486395 0.156869 0.0339712 0.0971608 0.0422853 0.183319 
0.341487 0.206388 0.00025219 0.174802 0.0226546 0.254416 
0.602557 0.138352 0.0027866 0.0517928 0.0237164 0.180795 
0.408323 0.101633 0.0189947 0.082611 0.0195854 0.368854 
0.504054 0.132463 0.0489688 0.0932005 0.0617504 0.159563 
0.613849 0.102537 7.5748e-05 0.0121897 0.0864541 0.184895 
0.61681 0.0463767 0.0559044 0.110251 0.0146809 0.155977 
0.6623 0.00563377 0.0725391 0.00202916 0.0818409 0.175657 
0.339443 0.251539 0.0127286 0.0466341 0.0792311 0.270424 
0.442767 0.0566615 0.00259744 0.0599138 0.0752763 0.362784 
0.425264 0.0860448 0.00960295 0.0603924 0.0539405 0.364755 
0.378966 0.0588496 0.00936854 0.257717 0.0623091 0.23279 
0.418144 0.113088 0.00614702 0.0612408 0.103948 0.297433 
0.405462 0.106457 0.0186226 0.131318 0.0659829 0.272157 
0.408698 0.081625 0.0174371 0.12216 0.0642668 0.305812 
0.431238 0.260356 0.0091153 0.0253826 0.0728885 0.20102 
0.821977 0.0113708 8.07418e-05 0.00193575 0.145361 0.0192743 
0.912549 0.0267603 0.00280355 0.00769655 0.0177614 0.0324289 
0.725375 0.114415 0.000195865 0.0233787 0.0226721 0.113963 
0.448755 0.175075 0.00537316 0.0908049 0.0625621 0.21743 
0.484556 0.21345 0.000356694 0.0422784 0.0642629 0.195096 
0.355721 0.25067 0.00416387 0.0195992 0.138181 0.231664 
0.324748 0.204096 0.00744981 0.0470227 0.0974262 0.319257 
0.299565 0.273456 0.0394818 0.134988 0.0436133 0.208896 
0.496954 0.066694 0.0058251 0.00406157 0.146054 0.280412 
0.455826 0.103487 0.0209 0.147922 0.062524 0.209341 
0.336326 0.217108 0.00165548 0.0407215 0.12487 0.27932 
0.4923 0.148702 0.000492318 0.0519105 0.123078 0.183518 
0.476664 0.102327 0.00134328 0.0711964 0.112075 0.236394 
0.586781 0.115694 0.00444442 0.0745902 0.0984904 0.12 
0.303671 0.242253 0.0311485 0.158851 0.0100219 0.254055 
0.530608 0.0695811 0.00187708 0.0316145 0.0684297 0.29789 
0.37227 0.272953 0.00524784 0.0132379 0.159286 0.177006 
0.338358 0.237297 0.00496827 0.120572 0.0313798 0.267425 
0.377566 0.139192 0.000372474 0.0520018 0.101885 0.328983 
0.411967 0.159281 0.0219988 0.0721121 0.0431094 0.291531 
0.608494 0.0718492 1.30545e-05 0.00238246 0.067921 0.24934 
0.317827 0.29086 0.017706 0.0928221 0.098357 0.182427 
0.569386 0.166039 0.00453051 0.0248029 0.0673489 0.167893 
0.625711 0.280057 0.00208473 0.00659865 0.0180553 0.0674935 
0.354834 0.155254 0.0344867 0.0896175 0.0771802 0.288628 
0.789898 0.0682189 4.63408e-06 0.0150297 0.0475006 0.0793481 
0.516962 0.0676342 0.0163459 0.0453764 0.145425 0.208257 
0.494448 0.216825 0.0127453 0.077436 0.0733489 0.125197 
0.490363 0.229222 0.000424488 0.00939673 0.0623475 0.208247 
0.45704 0.0944068 0.00557742 0.0734761 0.0507799 0.318719 
0.467631 0.0436034 0.000464274 0.0170782 0.40347 0.0677524 
0.617919 0.193162 0.000836014 0.0223776 0.0637243 0.101982 
