0.0444574 0.607413 0.0154315 0.062417 0.0970097 0.173271 
0.176176 0.505684 6.10361e-05 0.0219945 0.0715593 0.224525 
0.034815 0.516096 0.0194322 0.100758 0.0705685 0.258331 
0.0423863 0.743778 0.0312791 0.0380891 0.0242118 0.120256 
0.0516964 0.405879 0.00524602 0.0217558 0.119725 0.395699 
0.0746193 0.344178 0.0471254 0.188381 0.0394719 0.306224 
0.0702809 0.545371 0.0100526 0.162414 0.0429 0.168982 
0.00235059 0.92223 0.000151643 0.0014907 0.0129301 0.0608468 
0.0921359 0.478716 0.00141196 0.0114987 0.128775 0.287462 
0.0304713 0.496586 0.000235417 0.0424386 0.0762097 0.354059 
0.0243413 0.486212 0.00272219 0.0100921 0.0583729 0.418259 
0.0182119 0.606625 0.000571892 0.0297558 0.0907026 0.254133 
0.0382994 0.401177 0.0167849 0.334387 0.119845 0.0895062 
0.090452 0.403892 0.00279097 0.0988251 0.125421 0.278619 
0.0952154 0.376493 0.00326644 0.306869 0.0775265 0.14063 
0.202351 0.253772 0.00561072 0.157455 0.136375 0.244436 
0.0432177 0.565598 0.00064816 0.0265857 0.157248 0.206703 
0.0250051 0.484023 0.00189931 0.0376394 0.151297 0.300136 
0.0466406 0.469739 0.000588377 0.0177235 0.273449 0.19186 
0.0368906 0.560335 0.143994 0.13555 0.0488288 0.0744019 
0.0515743 0.585799 0.000723536 0.037431 0.0757444 0.248727 
0.0249488 0.447227 0.000542672 0.0118052 0.155602 0.359874 
0.0596721 0.627734 0.00871802 0.0251576 0.130033 0.148685 
0.0218112 0.825668 0.00928183 0.0219048 0.0388264 0.0825082 
0.0106828 0.7185 0.000172422 0.00322009 0.153279 0.114146 
0.0583757 0.348855 0.0654235 0.326541 0.0210502 0.179755 
0.046885 0.637867 0.000439563 0.0200818 0.0717663 0.22296 
0.0233193 0.822636 0.00014479 0.00629313 0.0454206 0.102186 
0.0408826 0.545661 0.0704762 0.193914 0.053689 0.0953774 
0.0509273 0.556119 0.104549 0.00992524 0.0214341 0.257045 
0.0145744 0.762763 0.00244618 0.0345694 0.100244 0.0854024 
0.0536958 0.503106 0.0572976 0.114899 0.0427901 0.228211 
0.00634905 0.746583 0.000114627 0.00223513 0.151043 0.0936754 
0.0312867 0.443618 0.000257473 0.037911 0.0950825 0.391844 
0.0675595 0.522773 0.000792589 0.0843809 0.0833569 0.241137 
0.0421992 0.545435 0.000759198 0.0380889 0.0972578 0.27626 
0.13399 0.415114 0.0213934 0.082467 0.0637952 0.283241 
0.00407516 0.872623 0.001891 0.0273975 0.00864092 0.0853726 
0.0244359 0.833447 0.000362656 0.00310087 0.0389535 0.0996998 
0.0422082 0.836405 0.00192507 0.0498031 0.0472504 0.0224077 
0.0618841 0.643609 5.98698e-05 0.0317268 0.082407 0.180313 
0.0123196 0.560036 8.42508e-05 0.00940949 0.0322631 0.385887 
0.0293488 0.52434 0.000598137 0.0265045 0.159722 0.259487 
0.0555733 0.314208 0.0615696 0.24553 0.080521 0.242598 
0.0425416 0.35803 0.00434124 0.0190897 0.255913 0.320084 
0.0600644 0.37874 0.00841512 0.0337476 0.166064 0.352968 
0.024505 0.553335 0.000744658 0.169449 0.0700247 0.181942 
0.155932 0.458928 0.0100897 0.0459602 0.083782 0.245308 
0.301428 0.317632 0.00341546 0.0829728 0.0554008 0.239151 
0.0218112 0.825668 0.00928183 0.0219048 0.0388264 0.0825082 
0.254908 0.383361 0.027116 0.0691962 0.0185231 0.246896 
0.0850346 0.53312 0.000792113 0.0111133 0.092378 0.277562 
0.0218112 0.825668 0.00928183 0.0219048 0.0388264 0.0825082 
0.0258038 0.872326 4.82228e-05 0.00396598 0.0498141 0.0480414 
0.0841236 0.590292 0.0119858 0.175163 0.0560022 0.0824334 
0.0427487 0.663813 0.000101741 0.0283895 0.0957985 0.169149 
0.0784705 0.359226 0.000465046 0.0288601 0.246057 0.286921 
0.0186442 0.824097 0.000233695 0.0119942 0.102401 0.0426293 
0.0411542 0.619444 0.00664167 0.115709 0.0691329 0.147918 
0.0167779 0.688906 0.163135 0.00234208 0.016435 0.112403 
0.130686 0.392684 7.00895e-05 0.0216222 0.0749862 0.379951 
0.0668426 0.607685 0.00366782 0.0615165 0.0484698 0.211818 
0.155721 0.451494 0.0389109 0.152245 0.0171478 0.184481 
0.0400163 0.4279 0.016086 0.0674551 0.0498389 0.398703 
0.0238225 0.67201 0.000167987 0.00835019 0.0950976 0.200552 
0.134908 0.607283 0.0573374 0.0747971 0.0429669 0.0827078 
0.256208 0.348081 0.0245911 0.021332 0.0537813 0.296007 
0.0665606 0.358311 0.00831766 0.279557 0.0755134 0.21174 
0.023034 0.683459 6.94581e-05 0.0388438 0.0367745 0.21782 
0.0218668 0.772275 8.89765e-05 0.0233012 0.0352348 0.147234 
0.205226 0.380461 0.0023462 0.129699 0.0804215 0.201847 
0.0892376 0.429083 0.0105066 0.173042 0.053683 0.244448 
0.16314 0.508224 0.0133088 0.0385299 0.061008 0.215789 
0.0793121 0.404593 0.144807 0.18945 0.0727065 0.109132 
0.0187088 0.572024 0.00329916 0.0614678 0.103444 0.241056 
0.0938932 0.548206 0.0161357 0.0232738 0.0807098 0.237782 
0.0408826 0.545661 0.0704762 0.193914 0.053689 0.0953774 
0.0071868 0.691877 4.11441e-05 0.00575888 0.0973716 0.197765 
0.142669 0.35593 0.00421205 0.0835916 0.162969 0.250628 
0.0155066 0.722126 0.000119278 0.00390449 0.131308 0.127035 
0.177827 0.468688 0.000307856 0.133201 0.0512608 0.168715 
0.0406112 0.573713 0.000899927 0.0657588 0.0966527 0.222364 
0.059685 0.674363 0.00611068 0.0351295 0.0523948 0.172317 
0.00896614 0.703315 0.000343549 0.00904352 0.0586746 0.219658 
0.0375537 0.465302 0.124793 0.149134 0.091045 0.132173 
0.0875334 0.587385 0.0281916 0.0664982 0.0564918 0.1739 
0.0752912 0.495746 0.037958 0.0144137 0.0673667 0.309224 
0.034713 0.479263 0.000937262 0.0736211 0.0857807 0.325685 
0.0464319 0.67251 0.000264628 0.0193812 0.0825415 0.178871 
0.0270694 0.537104 0.0106498 0.0438739 0.192888 0.188415 
0.0408829 0.502597 0.000245505 0.0123788 0.0787855 0.365111 
0.0354451 0.490951 0.00547778 0.0250709 0.110947 0.332109 
0.0579637 0.58734 6.12846e-05 0.0253354 0.0860797 0.24322 
0.196134 0.515569 8.10811e-06 0.0113715 0.229087 0.0478292 
0.0584957 0.499161 0.00605564 0.107329 0.140911 0.188048 
0.0748335 0.574796 0.0105967 0.154579 0.0824189 0.102776 
0.0423863 0.743778 0.0312791 0.0380891 0.0242118 0.120256 
0.0813913 0.550407 0.00203774 0.0213191 0.176282 0.168563 
0.0226393 0.614436 0.000298238 0.00813617 0.111532 0.242958 
0.127288 0.359297 0.157426 0.111261 0.0227287 0.222 
0.0537374 0.677731 3.10287e-05 0.00814195 0.149988 0.11037 
0.0777597 0.579804 0.00679732 0.0817539 0.0435182 0.210367 
0.102369 0.443708 0.000947595 0.143365 0.0829443 0.226666 
0.245865 0.27033 0.0219014 0.130547 0.0818581 0.2495 
0.292707 0.336968 0.00263978 0.0485232 0.0922849 0.226877 
0.0309838 0.428023 0.00131931 0.0459879 0.109322 0.384364 
0.0093509 0.781083 0.000145708 0.0100344 0.0932853 0.106101 
0.0542117 0.386379 0.00286409 0.0150211 0.171201 0.370323 
0.0250552 0.608055 0.00813588 0.00671088 0.0154597 0.336584 
0.0450947 0.657752 0.000156023 0.00793502 0.0719034 0.217159 
0.0235552 0.464287 5.67815e-05 0.0144146 0.104472 0.393214 
0.0182506 0.75111 0.000512443 0.0772498 0.0739336 0.0789434 
0.106155 0.516211 0.000269844 0.0967387 0.108225 0.172401 
0.0901687 0.482591 0.00279189 0.0297579 0.10322 0.291471 
0.0207807 0.777553 0.00186096 0.00546183 0.0797859 0.114558 
0.127828 0.450425 0.0049806 0.127558 0.104775 0.184433 
0.242195 0.430311 0.000928493 0.00555694 0.110765 0.210243 
0.127013 0.478947 0.00584162 0.0549006 0.032584 0.300714 
0.0137373 0.700844 9.83273e-05 0.0183471 0.0673117 0.199662 
0.0174243 0.782668 0.000972171 0.0167126 0.0415421 0.140681 
0.190577 0.347602 0.148605 0.0913066 0.0149871 0.206923 
0.0218112 0.825668 0.00928183 0.0219048 0.0388264 0.0825082 
0.179825 0.302236 0.0015583 0.171738 0.228039 0.116604 
0.0628 0.650059 0.0108666 0.0260655 0.0510647 0.199144 
0.0362837 0.577604 0.000445587 0.0194874 0.107098 0.259082 
0.0320551 0.636005 0.000845256 0.00598435 0.045743 0.279367 
0.17857 0.484483 0.00809405 0.0884881 0.0540775 0.186287 
0.234833 0.293763 0.00114786 0.0239193 0.267382 0.178955 
0.063938 0.524504 0.000113882 0.00372549 0.008831 0.398887 
0.192534 0.348033 0.00195284 0.0375338 0.204729 0.215217 
0.039375 0.594544 0.0217976 0.0574167 0.0430445 0.243822 
0.0637985 0.505115 0.00201916 0.0405878 0.158043 0.230437 
0.140494 0.679671 0.0459038 0.0261786 0.030557 0.077196 
0.157204 0.479762 0.00245257 0.0594401 0.101559 0.199583 
0.0652014 0.500357 0.00159301 0.0122139 0.0415246 0.37911 
0.0979256 0.581166 0.00526351 0.0983161 0.0846627 0.132666 
0.000692932 0.683377 5.05597e-05 0.00316183 0.247708 0.0650094 
0.0806154 0.594685 0.044208 0.0456444 0.0759354 0.158912 
0.158313 0.327962 0.0236404 0.150483 0.0993147 0.240287 
0.185355 0.359093 0.00686714 0.101239 0.0265696 0.320875 
0.0402788 0.597151 4.51191e-05 0.0156746 0.157155 0.189696 
0.125215 0.478546 0.00668127 0.0990384 0.0457136 0.244806 
0.129566 0.31912 0.0197132 0.180683 0.0810306 0.269888 
0.0441389 0.490232 0.00260347 0.020909 0.0915758 0.350541 
0.0979467 0.513127 0.000375893 0.00165745 0.145749 0.241144 
0.143096 0.518369 0.000901254 0.0873304 0.0416916 0.208611 
0.0500535 0.588429 0.0049302 0.0193451 0.0690195 0.268223 
0.0218112 0.825668 0.00928183 0.0219048 0.0388264 0.0825082 
0.0591293 0.60163 0.000154606 0.0250831 0.109853 0.20415 
0.11737 0.387644 0.00936785 0.0933975 0.0513228 0.340897 
0.0233485 0.780137 0.000101829 0.0043603 0.11729 0.0747625 
0.0177599 0.392656 0.0123113 0.304646 0.0720011 0.200626 
0.0988024 0.40705 0.00521524 0.0314767 0.096911 0.360545 
0.0541709 0.329868 0.0129 0.284757 0.0769842 0.241319 
0.00924864 0.885124 9.86096e-05 0.00135115 0.0195009 0.0846768 
0.034356 0.520699 0.00393491 0.147486 0.212633 0.0808912 
0.00806942 0.733097 0.000114254 0.00710043 0.0466501 0.204969 
0.0812635 0.368436 0.0648735 0.112688 0.0140689 0.358671 
0.0479727 0.484252 0.00336286 0.0395578 0.108403 0.316451 
0.134461 0.4337 0.00838742 0.038158 0.110946 0.274348 
0.0423863 0.743778 0.0312791 0.0380891 0.0242118 0.120256 
0.135711 0.634748 2.93385e-05 0.0183916 0.0410302 0.17009 
0.0305372 0.377107 0.0126 0.181226 0.0702318 0.328298 
0.0685344 0.634501 0.0181775 0.0944996 0.0686887 0.115598 
0.0910479 0.521555 0.000112464 0.0528975 0.149579 0.184808 
0.0285818 0.497165 0.00894619 0.0153558 0.0278052 0.422146 
0.0716217 0.591238 0.000274333 0.0272249 0.120785 0.188856 
0.0331315 0.618391 8.4236e-05 0.00843941 0.122885 0.217068 
0.0408826 0.545661 0.0704762 0.193914 0.053689 0.0953774 
0.014201 0.775956 0.0109001 0.0180664 0.0637455 0.117131 
0.0397934 0.840736 9.4451e-05 0.00883346 0.0271745 0.0833686 
0.0212839 0.732535 0.0101474 0.121721 0.00935317 0.10496 
0.108209 0.542324 0.00217056 0.0163726 0.0566219 0.274302 
0.0737502 0.467953 0.00210982 0.0118852 0.163811 0.28049 
0.0306701 0.717212 0.00069521 0.0464814 0.0541367 0.150805 
0.0218112 0.825668 0.00928183 0.0219048 0.0388264 0.0825082 
0.0596941 0.580315 7.01013e-05 0.0145553 0.090376 0.25499 
0.0308313 0.584733 0.000467358 0.0378328 0.0847468 0.261389 
0.0432475 0.684226 0.00152614 0.0604112 0.0601404 0.150449 
0.0934409 0.377806 0.00222144 0.00547512 0.172863 0.348193 
0.0233267 0.585713 4.34799e-05 0.00392026 0.128082 0.258914 
0.039129 0.404686 0.00118123 0.0391019 0.121912 0.39399 
0.0218112 0.825668 0.00928183 0.0219048 0.0388264 0.0825082 
0.0293488 0.52434 0.000598137 0.0265045 0.159722 0.259487 
0.0847734 0.803672 0.000123887 0.0178245 0.0312914 0.0623153 
0.0411767 0.453613 5.30809e-05 0.0128092 0.24842 0.243928 
0.0218112 0.825668 0.00928183 0.0219048 0.0388264 0.0825082 
0.0213615 0.739111 0.021295 0.0303593 0.0481032 0.13977 
0.0472739 0.788708 0.00172538 0.0183331 0.0311531 0.112806 
0.0976063 0.620271 0.00912973 0.0879634 0.0926027 0.0924269 
0.0273186 0.538488 0.032382 0.0147486 0.0842897 0.302773 
0.00106713 0.950568 6.62096e-05 0.00398053 0.0225591 0.0217592 
0.113727 0.325791 0.0162423 0.22985 0.112963 0.201427 
0.0218112 0.825668 0.00928183 0.0219048 0.0388264 0.0825082 
0.118387 0.688423 0.00585098 0.0342133 0.0468251 0.106301 
0.0160465 0.534613 0.0482331 0.119295 0.0608778 0.220935 
0.0839978 0.526829 6.70547e-05 0.00795527 0.22415 0.157001 
0.118279 0.476453 9.13384e-05 0.0318457 0.0468983 0.326433 
0.141881 0.33935 0.012471 0.0767675 0.164355 0.265175 
0.0511471 0.344823 0.0301204 0.148575 0.105707 0.319627 
0.127686 0.525939 0.00159805 0.0767948 0.0667053 0.201277 
0.026551 0.558761 0.00153317 0.0185676 0.122359 0.272228 
0.132289 0.582976 0.00993947 0.0083158 0.103012 0.163467 
0.00234906 0.722066 0.000180349 0.173179 0.0449655 0.0572598 
0.204415 0.393582 0.000648745 0.0370376 0.195728 0.168589 
0.0453091 0.45204 0.0436203 0.116714 0.0587372 0.283579 
0.0455636 0.528519 0.000524966 0.0590478 0.159317 0.207028 
0.0219549 0.496225 0.000696419 0.0668065 0.0984729 0.315844 
0.194714 0.470402 0.00775962 0.0264867 0.14854 0.152097 
0.00484191 0.80174 0.000283725 0.00921616 0.0807229 0.103195 
0.107204 0.524878 0.000582746 0.00870663 0.151303 0.207327 
0.026914 0.476243 0.000540897 0.0151655 0.0707483 0.410388 
0.0159485 0.482831 0.00743056 0.0562377 0.111301 0.326252 
0.0218112 0.825668 0.00928183 0.0219048 0.0388264 0.0825082 
0.0376132 0.468191 7.73335e-05 0.0178518 0.103635 0.372631 
0.0748062 0.39064 0.0928564 0.212895 0.040432 0.188371 
0.0610074 0.419141 0.00766375 0.247461 0.134522 0.130205 
0.0695793 0.381928 0.00666439 0.343627 0.0926639 0.105538 
0.0436014 0.582687 0.0189687 0.138988 0.0852234 0.130532 
0.0606621 0.48365 0.000542035 0.0366582 0.0631244 0.355364 
0.0432475 0.684226 0.00152614 0.0604112 0.0601404 0.150449 
0.0140059 0.642734 0.000211326 0.0188122 0.210027 0.11421 
0.0372183 0.562362 0.00496371 0.014061 0.0601838 0.321211 
0.0218112 0.825668 0.00928183 0.0219048 0.0388264 0.0825082 
0.267758 0.539973 0.00971264 0.0172912 0.0775617 0.0877033 
0.0372287 0.354102 0.000507439 0.345592 0.116954 0.145616 
0.10801 0.468661 0.00459104 0.0173798 0.0885826 0.312775 
0.0248946 0.575568 0.00107566 0.0488516 0.137722 0.211888 
0.0814628 0.582776 0.107283 0.0623845 0.0388045 0.12729 
0.0542966 0.498348 0.00272134 0.0580511 0.155166 0.231417 
0.178713 0.37718 0.00472377 0.038015 0.10486 0.296509 
0.118804 0.401987 0.000421581 0.0130541 0.178833 0.286901 
0.0874731 0.454636 0.00159569 0.0555376 0.110215 0.290543 
0.202351 0.253772 0.00561072 0.157455 0.136375 0.244436 
0.0218112 0.825668 0.00928183 0.0219048 0.0388264 0.0825082 
0.0143572 0.568286 0.000685225 0.0655645 0.198909 0.152198 
0.160636 0.474702 0.0538277 0.0814921 0.0717872 0.157555 
0.0695036 0.756001 3.19299e-05 0.024198 0.024792 0.125473 
0.163701 0.454057 0.0258599 0.066463 0.0913453 0.198574 
0.134818 0.530442 0.00139992 0.00815215 0.0311961 0.293991 
0.00625855 0.802964 9.65661e-05 0.0142515 0.044311 0.132119 
0.0182216 0.598058 0.000598218 0.0136948 0.0932028 0.276224 
0.0900936 0.425272 0.0945751 0.209202 0.0292541 0.151603 
0.00913679 0.69696 2.22215e-05 0.0305542 0.18721 0.0761171 
0.00952992 0.796576 0.000144134 0.0100458 0.075823 0.107881 
0.0753236 0.38617 0.000471918 0.0892693 0.0626309 0.386134 
0.108899 0.413818 0.0193278 0.261895 0.0363014 0.159759 
0.0218112 0.825668 0.00928183 0.0219048 0.0388264 0.0825082 
0.0403587 0.348404 0.33848 0.0137032 0.0486767 0.210377 
0.0118254 0.679277 0.0544901 0.0166355 0.106812 0.13096 
0.0729328 0.405926 0.00714468 0.243769 0.0351725 0.235055 
0.0131305 0.480499 0.0007843 0.000739023 0.211323 0.293524 
0.0125085 0.883144 0.000102714 0.021442 0.0169099 0.0658932 
0.0679453 0.519616 0.000252242 0.034345 0.12967 0.248171 
0.0320145 0.432749 0.000863974 0.0431587 0.184626 0.306587 
0.0218112 0.825668 0.00928183 0.0219048 0.0388264 0.0825082 
0.033533 0.786531 8.36243e-05 0.027924 0.0283653 0.123563 
0.0979256 0.581166 0.00526351 0.0983161 0.0846627 0.132666 
0.0137264 0.843042 0.000372799 0.00724522 0.0318197 0.103794 
0.0339008 0.658316 0.000805659 0.0148602 0.0537254 0.238392 
0.0472405 0.491077 0.00669903 0.0738209 0.0903751 0.290788 
0.0218112 0.825668 0.00928183 0.0219048 0.0388264 0.0825082 
0.0340775 0.510949 0.000198902 0.0221806 0.134111 0.298483 
0.0467395 0.652855 0.0122583 0.102626 0.0484368 0.137084 
0.0598858 0.467493 0.000294131 0.0280266 0.30095 0.14335 
0.0427934 0.744156 7.32015e-05 0.00355438 0.0789142 0.130509 
0.127288 0.359297 0.157426 0.111261 0.0227287 0.222 
0.0770796 0.432666 0.00966899 0.0102636 0.132738 0.337584 
0.0238434 0.695131 0.00028095 0.00198907 0.0704481 0.208307 
0.0899201 0.622929 0.0027472 0.0152432 0.0881902 0.18097 
0.0533559 0.463404 0.00139237 0.0201129 0.111737 0.349998 
0.0894138 0.578428 0.000583016 0.0887391 0.0543101 0.188525 
0.0533721 0.483637 0.0256302 0.0242277 0.0557949 0.357338 
0.030989 0.52478 0.00426303 0.0228723 0.247812 0.169283 
0.190225 0.352813 0.00246215 0.0227538 0.0968098 0.334936 
0.0331774 0.758424 0.000138387 0.00916313 0.129008 0.0700894 
0.0241609 0.642962 0.000616969 0.0258833 0.095365 0.211012 
0.0830293 0.482908 0.00962975 0.0816473 0.0274079 0.315378 
0.0144944 0.873735 0.00138175 0.0122353 0.0323372 0.0658163 
0.162103 0.407882 0.0098528 0.227767 0.047293 0.145102 
0.0753666 0.656391 0.00445822 0.0759544 0.0943564 0.0934737 
0.1442 0.570365 0.000487195 0.0301146 0.0638299 0.191004 
0.0593041 0.456259 0.0357414 0.0595399 0.0865188 0.302637 
0.120701 0.431947 0.000700284 0.0584135 0.212958 0.175279 
0.173437 0.391128 0.0091333 0.0782483 0.0938002 0.254253 
1.50301e-05 0.782542 3.16195e-07 0.122629 0.0947869 2.72938e-05 
0.065518 0.694092 0.00283782 0.134949 0.0199236 0.0826795 
0.0361267 0.394686 0.00463086 0.100255 0.178025 0.286277 
0.0309461 0.870258 0.000498587 0.00301077 0.0382053 0.057081 
0.0714234 0.4948 0.00285185 0.0199365 0.0528035 0.358184 
0.0262206 0.421919 0.000767752 0.0697507 0.175785 0.305558 
0.0456727 0.692115 0.0011714 0.0102634 0.0552429 0.195534 
0.0486833 0.35291 0.00257829 0.0198973 0.308003 0.267928 
0.0358536 0.323412 0.00538147 0.256015 0.185042 0.194297 
0.0190922 0.762849 8.22124e-05 0.0112873 0.0935727 0.113116 
0.0579832 0.480373 0.00326061 0.0224544 0.0547918 0.381137 
0.0100125 0.686564 3.56789e-05 0.00314773 0.0571156 0.243125 
0.0218112 0.825668 0.00928183 0.0219048 0.0388264 0.0825082 
0.155721 0.451494 0.0389109 0.152245 0.0171478 0.184481 
0.00175004 0.831047 0.000265152 0.000409138 0.00760986 0.158918 
0.113662 0.740885 2.17864e-05 0.0117529 0.0337757 0.0999025 
0.0453091 0.45204 0.0436203 0.116714 0.0587372 0.283579 
0.016438 0.893098 5.51091e-05 0.0143628 0.0403016 0.0357449 
0.117378 0.531628 0.00138446 0.0274187 0.163229 0.158962 
0.0410749 0.617976 0.00526192 0.0207632 0.0737507 0.241174 
0.038811 0.687284 0.000302527 0.036126 0.0816031 0.155873 
0.0354451 0.490951 0.00547778 0.0250709 0.110947 0.332109 
0.0218112 0.825668 0.00928183 0.0219048 0.0388264 0.0825082 
0.112167 0.599303 9.74725e-05 0.00464079 0.0154262 0.268366 
0.0218112 0.825668 0.00928183 0.0219048 0.0388264 0.0825082 
0.0157692 0.692061 0.0010402 0.0256388 0.0911393 0.174351 
0.083002 0.510682 0.00810492 0.0503651 0.117204 0.230642 
0.0415722 0.6096 0.0203858 0.140562 0.0494293 0.13845 
0.0960776 0.36762 0.00314934 0.0488054 0.197165 0.287183 
0.0358859 0.650379 0.00265536 0.0551497 0.0595138 0.196416 
0.210873 0.362654 0.00286263 0.0206243 0.158272 0.244714 
0.0772194 0.606115 0.000184214 0.0234297 0.0880098 0.205041 
0.038831 0.343443 0.0200253 0.0291563 0.229474 0.339071 
0.0898687 0.467955 0.0199894 0.0207151 0.199781 0.201691 
0.0604298 0.657017 0.000596386 0.0275162 0.0777377 0.176703 
0.0693276 0.460698 0.0236151 0.250392 0.0353734 0.160594 
0.0810231 0.466801 0.00648375 0.0986138 0.151944 0.195134 
0.104082 0.437788 0.00331028 0.0634144 0.186309 0.205097 
0.205226 0.380461 0.0023462 0.129699 0.0804215 0.201847 
0.0325171 0.617319 0.0038685 0.0453475 0.0912396 0.209708 
0.0537671 0.513972 0.000668199 0.00582059 0.226613 0.199159 
0.0380086 0.484557 3.59654e-05 0.0176555 0.293716 0.166027 
0.0300182 0.55951 0.00324359 0.0107376 0.104659 0.291832 
0.0166289 0.476259 0.376803 0.00263082 0.0135184 0.11416 
0.0488204 0.503278 0.0135482 0.129588 0.0995409 0.205225 
0.0228836 0.613423 0.000100685 0.0179438 0.231277 0.114372 
0.0650497 0.560168 0.000191443 0.0231884 0.148863 0.20254 
0.0218112 0.825668 0.00928183 0.0219048 0.0388264 0.0825082 
0.048769 0.640689 0.0217751 0.0205255 0.127943 0.140299 
0.0259282 0.661662 0.00579747 0.0841959 0.0961844 0.126232 
0.0664268 0.72572 0.00119289 0.0119265 0.0174895 0.177244 
0.233363 0.389645 0.00747969 0.036964 0.0801978 0.25235 
0.0578003 0.655237 0.000304341 0.0183387 0.0846188 0.183701 
0.0923156 0.388959 0.0825251 0.156635 0.0674529 0.212112 
0.10667 0.569625 0.0141599 0.123766 0.0493425 0.136436 
0.0247509 0.747341 0.00541575 0.0224134 0.0775636 0.122515 
0.0300949 0.694608 7.76804e-05 0.0138807 0.079801 0.181537 
0.0500561 0.377424 0.00861796 0.0316057 0.161576 0.37072 
0.0674485 0.465882 0.00196049 0.0356098 0.0551311 0.373968 
0.0677628 0.740354 0.00555072 0.0320701 0.0554111 0.0988514 
0.0306701 0.717212 0.00069521 0.0464814 0.0541367 0.150805 
0.0373602 0.708486 0.0028176 0.0375431 0.0380526 0.17574 
0.029255 0.643022 0.000798182 0.0247382 0.0963112 0.205875 
0.000856035 0.615992 4.18387e-05 0.0116455 0.259262 0.112203 
0.202137 0.478954 0.0610743 0.0217881 0.0796721 0.156375 
0.00912565 0.735011 0.000891713 0.0132113 0.16299 0.0787696 
0.0198294 0.564646 0.299401 0.0125391 0.0268558 0.0767281 
0.0382994 0.401177 0.0167849 0.334387 0.119845 0.0895062 
0.195878 0.38424 0.000483983 0.022936 0.0430048 0.353457 
0.0248816 0.624244 0.00389255 0.00895114 0.122287 0.215744 
0.054337 0.477414 0.00799426 0.0135826 0.0770639 0.369608 
0.0218112 0.825668 0.00928183 0.0219048 0.0388264 0.0825082 
0.294003 0.386052 0.0115895 0.0644702 0.0282113 0.215674 
0.0132115 0.722577 8.72404e-05 0.0196787 0.0521459 0.192299 
0.0573248 0.624645 0.000702027 0.0558238 0.0624312 0.199073 
0.0218112 0.825668 0.00928183 0.0219048 0.0388264 0.0825082 
0.0261674 0.478411 0.0065647 0.0215839 0.0833051 0.383968 
0.0482438 0.40323 0.0109634 0.318963 0.0341663 0.184433 
0.0378669 0.621664 0.00111078 0.0299015 0.102456 0.207 
0.278129 0.280772 0.0100821 0.0564283 0.13105 0.243538 
0.0730736 0.409339 0.0521146 0.27313 0.0542763 0.138067 
0.134908 0.607283 0.0573374 0.0747971 0.0429669 0.0827078 
0.0242406 0.74661 0.00930744 0.0247322 0.0891845 0.105926 
0.0296938 0.325495 0.308806 0.0725589 0.082671 0.180775 
0.0473347 0.771904 0.00490071 0.0364917 0.0280877 0.111281 
0.0452364 0.372884 0.00271511 0.0573841 0.151004 0.370776 
0.0339594 0.782944 0.00561609 0.0333244 0.0598084 0.0843473 
0.0353139 0.511219 0.000106901 0.0404447 0.108026 0.304889 
0.0136909 0.755084 0.00312962 0.0247395 0.0718981 0.131457 
0.0499874 0.414682 0.0129363 0.120284 0.0776514 0.324459 
0.0120964 0.742046 0.0135076 0.104157 0.0170418 0.111152 
0.0550663 0.505598 0.00919507 0.13629 0.0599801 0.233871 
0.126057 0.684407 0.00639231 0.103082 0.0199369 0.0601257 
0.0809842 0.725723 0.000395895 0.0514106 0.0718337 0.069653 
0.0585518 0.833986 0.000109292 0.0198382 0.0126656 0.0748492 
0.00348212 0.452459 0.00098754 0.0100121 0.222206 0.310854 
0.167103 0.393118 0.000201251 0.0180237 0.0767531 0.3448 
0.109657 0.643234 0.0197306 0.0941607 0.0246572 0.10856 
0.077101 0.718894 0.00386653 0.0332442 0.0436244 0.12327 
0.118646 0.749423 0.000477171 0.0126162 0.0422314 0.0766063 
0.0240273 0.5368 0.00483676 0.00273111 0.0671787 0.364426 
0.0486632 0.486155 0.000928157 0.0386155 0.0327573 0.392881 
0.211584 0.336687 0.0189702 0.150016 0.0269932 0.255749 
0.0342371 0.545184 0.000929681 0.0257501 0.116192 0.277707 
0.0303292 0.639644 0.000185338 0.0150429 0.0806516 0.234147 
0.0078059 0.895579 0.000158473 0.0019036 0.0293551 0.0651982 
0.0162058 0.634826 0.00036603 0.0220588 0.191294 0.13525 
0.0875334 0.587385 0.0281916 0.0664982 0.0564918 0.1739 
0.00927934 0.577374 6.01957e-05 0.00246098 0.0551858 0.35564 
0.0375537 0.465302 0.124793 0.149134 0.091045 0.132173 
0.0539391 0.60212 0.000110831 0.0153999 0.050723 0.277707 
0.0593702 0.48082 4.69594e-05 0.0189351 0.0763651 0.364463 
0.0652747 0.510191 0.00811478 0.174296 0.0604548 0.181668 
0.0517098 0.380743 0.0175492 0.0386786 0.138297 0.373022 
0.0774887 0.781136 7.27416e-05 0.00284228 0.119977 0.0184835 
0.0457971 0.431232 0.0133876 0.142357 0.0685887 0.298637 
0.0466644 0.566181 0.0226071 0.166389 0.0767439 0.121415 
0.0341792 0.7177 0.00136985 0.0178873 0.0722369 0.156627 
0.0531033 0.582986 0.0222325 0.082943 0.0461752 0.21256 
0.0869025 0.343132 0.00421689 0.0357843 0.254389 0.275575 
0.0804258 0.484948 0.00282896 0.0503742 0.13183 0.249593 
0.0568385 0.458953 0.00192125 0.0207937 0.0730896 0.388404 
0.0212568 0.587008 0.00296743 0.0686288 0.0815984 0.23854 
0.176923 0.552102 1.51214e-05 0.0652607 0.0142332 0.191466 
0.0213601 0.7571 0.000150457 0.0777736 0.0441666 0.0994496 
0.00542477 0.466564 2.29352e-05 0.0121699 0.334197 0.181621 
0.0242684 0.701558 0.000666015 0.0166431 0.096885 0.159979 
0.0445448 0.474884 0.00844376 0.085015 0.0903536 0.296759 
0.0213776 0.709618 0.0178237 0.102349 0.0157854 0.133046 
0.155629 0.607203 0.000800971 0.0199436 0.0796806 0.136743 
0.157263 0.382848 0.0153296 0.161422 0.0545833 0.228555 
0.0172573 0.614065 0.0315632 0.0941129 0.0187022 0.224299 
0.0859848 0.633521 0.000934286 0.0044035 0.168341 0.106815 
0.0137248 0.457415 0.00106276 0.0342804 0.0976757 0.395842 
0.040131 0.692672 0.0291293 0.0183255 0.0814248 0.138317 
0.00401967 0.693584 8.12602e-05 0.00893016 0.0552419 0.238143 
0.0631057 0.486212 0.0582196 0.0820724 0.0564979 0.253892 
0.0860294 0.373286 0.00217361 0.0591785 0.136012 0.343321 
0.0251888 0.430534 0.00159812 0.0175746 0.187553 0.337552 
0.0080366 0.73563 0.000181754 0.0162917 0.113111 0.126749 
0.0736777 0.435067 0.00974349 0.0589519 0.0855986 0.336961 
0.0935106 0.542309 0.00247352 0.0168697 0.10214 0.242697 
0.00524205 0.567695 0.00157867 0.0040333 0.0394409 0.38201 
0.00749789 0.607826 0.00143924 0.00317183 0.102406 0.277659 
0.0765003 0.460089 0.000514605 0.0444091 0.0999368 0.31855 
0.0269535 0.4417 0.000822446 0.0946236 0.0585935 0.377307 
0.0218112 0.825668 0.00928183 0.0219048 0.0388264 0.0825082 
0.202566 0.366141 0.0090054 0.162 0.0729263 0.187361 
0.0864052 0.714505 7.72275e-05 0.0403294 0.0672506 0.0914325 
0.0473347 0.771904 0.00490071 0.0364917 0.0280877 0.111281 
0.0218112 0.825668 0.00928183 0.0219048 0.0388264 0.0825082 
0.0395529 0.643608 4.62645e-05 0.00501255 0.101127 0.210653 
0.0214883 0.539949 0.000631615 0.0546236 0.0650649 0.318242 
0.0861304 0.550515 0.00348366 0.0939543 0.10984 0.156077 
0.0225936 0.463003 0.00107281 0.0195485 0.181491 0.312292 
0.045406 0.687203 0.0224985 0.017684 0.0869708 0.140238 
0.0596466 0.387865 0.0118504 0.148276 0.138893 0.253469 
0.074395 0.390384 0.00447693 0.0640272 0.142429 0.324287 
0.0284764 0.618663 0.000523856 0.00988268 0.0667242 0.27573 
0.125768 0.363638 0.038756 0.199572 0.0495448 0.222722 
0.125639 0.575405 0.00432374 0.00667631 0.0835503 0.204407 
0.0156083 0.544943 0.00174848 0.00363157 0.0835318 0.350537 
0.0624688 0.418344 0.00879144 0.0283902 0.164344 0.317662 
0.0218112 0.825668 0.00928183 0.0219048 0.0388264 0.0825082 
0.0385418 0.569784 0.00103634 0.0411959 0.0844153 0.265027 
0.0139605 0.818439 1.04408e-05 0.0115229 0.102386 0.0536811 
0.0741799 0.657459 0.00539405 0.0620187 0.0563968 0.144551 
0.151613 0.496643 0.00623458 0.0460092 0.0627989 0.236701 
0.0597279 0.583735 0.00158631 0.0328378 0.109668 0.212445 
0.118279 0.476453 9.13384e-05 0.0318457 0.0468983 0.326433 
0.0258007 0.517595 0.00151995 0.0882693 0.117421 0.249394 
0.0471425 0.586132 0.00207235 0.0515617 0.0455554 0.267536 
0.0642467 0.55687 0.00263096 0.237732 0.0495359 0.0889837 
0.0456776 0.438145 0.0558438 0.085875 0.0680498 0.306409 
0.0218112 0.825668 0.00928183 0.0219048 0.0388264 0.0825082 
0.0407793 0.59431 0.00707136 0.0588757 0.136896 0.162068 
0.128186 0.440657 0.0233769 0.101702 0.0536745 0.252404 
0.0913711 0.489806 0.000937305 0.0494094 0.0701344 0.298342 
0.0522164 0.505694 0.00158845 0.0356983 0.141752 0.263051 
0.152004 0.569172 0.127288 0.0412423 0.0224084 0.0878857 
0.0415596 0.553115 0.000136335 0.0335005 0.0693771 0.302311 
0.0506695 0.654486 0.0191687 0.0280835 0.0554138 0.192179 
0.032647 0.44472 0.000628035 0.00967145 0.29179 0.220544 
0.10401 0.526641 0.000703848 0.0381865 0.0717955 0.258664 
0.0417607 0.65024 9.67825e-05 0.0453597 0.0889786 0.173564 
0.0438025 0.651338 0.01611 0.0234306 0.0712382 0.194081 
0.0218112 0.825668 0.00928183 0.0219048 0.0388264 0.0825082 
0.0589699 0.675005 0.00613411 0.0967022 0.0488175 0.114372 
0.171441 0.557857 3.04012e-05 0.00781489 0.169362 0.0934936 
0.0482614 0.682236 0.000205618 0.0385612 0.0524078 0.178328 
0.0194837 0.594378 0.00187814 0.0980678 0.0501147 0.236078 
0.0299571 0.776778 0.000845593 0.0113658 0.103426 0.0776271 
0.0522765 0.62575 0.00348098 0.0239419 0.157538 0.137012 
0.172055 0.487554 2.69582e-08 0.00528952 0.233431 0.10167 
0.0459823 0.406753 0.00273724 0.0339245 0.147102 0.363501 
0.00439883 0.696617 0.000110292 0.0295674 0.0637351 0.205572 
0.0801654 0.436097 0.106091 0.137572 0.0627263 0.177348 
0.0838819 0.754214 0.0026342 0.0401311 0.0452808 0.073858 
0.0637146 0.441403 0.000928528 0.0312892 0.266747 0.195917 
0.0328287 0.613705 0.00127485 0.0260796 0.0800492 0.246063 
0.114703 0.452824 0.00152948 0.0077687 0.141217 0.281957 
0.0252331 0.473922 0.0017934 0.0254545 0.22756 0.246037 
0.0898546 0.502098 0.00853099 0.0552285 0.146208 0.198079 
0.0881152 0.581166 0.000301535 0.0231379 0.0379746 0.269304 
0.123678 0.724229 0.00011225 0.00523335 0.0339306 0.112817 
0.0548132 0.461707 0.00893648 0.0627083 0.063475 0.34836 
0.186566 0.335952 0.0420638 0.0717438 0.0987607 0.264914 
3.67247e-05 0.988484 7.30023e-05 1.49024e-08 0.0113877 1.82005e-05 
0.0218112 0.825668 0.00928183 0.0219048 0.0388264 0.0825082 
0.0454784 0.631807 0.00383449 0.0186752 0.0992424 0.200962 
0.0218112 0.825668 0.00928183 0.0219048 0.0388264 0.0825082 
0.277882 0.391759 0.00024835 0.00775691 0.102492 0.219862 
0.0271339 0.689292 0.000936811 0.0103553 0.0606756 0.211606 
0.0142317 0.682941 0.0013607 0.00704533 0.0882048 0.206216 
0.0218112 0.825668 0.00928183 0.0219048 0.0388264 0.0825082 
0.0270231 0.582097 0.0425394 0.119691 0.0582536 0.170395 
0.106781 0.402599 0.000916289 0.0240893 0.121737 0.343877 
0.0247563 0.679295 0.00392542 0.209644 0.0374693 0.0449099 
0.045415 0.61499 0.0121136 0.0531097 0.100344 0.174027 
0.000504941 0.820214 2.98733e-05 0.00211012 0.146874 0.0302665 
0.0534549 0.406307 0.000863462 0.0401295 0.136356 0.36289 
0.0322351 0.607786 0.00250053 0.0352109 0.14982 0.172448 
0.0408819 0.756664 0.000373 0.0757843 0.0269004 0.0993962 
0.011627 0.490383 0.000576682 0.0106955 0.132263 0.354455 
0.0213615 0.739111 0.021295 0.0303593 0.0481032 0.13977 
0.0480059 0.512365 0.0334469 0.122868 0.0709195 0.212395 
0.228604 0.403613 0.0576736 0.101735 0.0624289 0.145945 
0.0276615 0.658431 0.000250168 0.0136468 0.0991854 0.200825 
0.0209758 0.656981 0.00424007 0.0669524 0.153372 0.0974789 
0.0428776 0.58148 0.000619551 0.0161197 0.105771 0.253132 
0.0718398 0.601671 0.000745112 0.0375708 0.121916 0.166257 
0.0818944 0.462799 0.0023542 0.180526 0.107804 0.164622 
0.0187088 0.572024 0.00329916 0.0614678 0.103444 0.241056 
0.0432198 0.579265 0.00789904 0.0719835 0.0661148 0.231518 
0.0330061 0.372271 0.149041 0.15987 0.0645929 0.22122 
0.0758529 0.754641 0.000885543 0.0135373 0.0591585 0.0959252 
0.0595052 0.400764 0.000332932 0.0217228 0.269832 0.247843 
0.0218112 0.825668 0.00928183 0.0219048 0.0388264 0.0825082 
0.0767853 0.680246 0.00954935 0.0530666 0.0463715 0.133981 
0.022233 0.540368 0.000362831 0.0154388 0.0981817 0.323416 
0.0676043 0.420795 4.69811e-05 0.0503915 0.212242 0.24892 
0.046069 0.38535 0.000687836 0.0767469 0.154451 0.336695 
0.0160624 0.736947 0.000300029 0.00876709 0.109523 0.1284 
0.0219056 0.770576 0.000866223 0.00683457 0.0160925 0.183725 
0.0183794 0.661374 0.000496962 0.00539166 0.0788311 0.235527 
0.0341422 0.543023 0.124127 0.110396 0.0592333 0.129078 
0.063678 0.71486 0.0292766 0.036043 0.0460447 0.110098 
0.0182058 0.577326 0.00162366 0.0192925 0.0744065 0.309145 
0.0218112 0.825668 0.00928183 0.0219048 0.0388264 0.0825082 
0.123227 0.449389 0.0201248 0.0736793 0.0384783 0.295102 
0.109917 0.43152 0.000833055 0.0141197 0.0895517 0.354059 
0.0887905 0.657019 0.00135175 0.0202776 0.0661518 0.166409 
0.0548121 0.772514 0.00216298 0.0136445 0.056779 0.100087 
0.0944918 0.566204 0.0211113 0.0083098 0.0662237 0.24366 
0.0181581 0.417546 0.000830547 0.00989636 0.32062 0.232949 
0.00929051 0.71351 0.0024336 0.00427338 0.133016 0.137476 
0.0218112 0.825668 0.00928183 0.0219048 0.0388264 0.0825082 
0.102408 0.328894 0.0306422 0.274674 0.0660451 0.197337 
0.132093 0.349894 0.00362487 0.133942 0.0856514 0.294794 
0.0170851 0.668555 0.00199313 0.0355698 0.0522841 0.224513 
0.0692504 0.407434 0.00772286 0.057996 0.0552878 0.402309 
0.0210659 0.591211 0.00576683 0.0634338 0.0922153 0.226308 
0.0603559 0.598521 0.00189143 0.070364 0.109903 0.158965 
0.0300978 0.663592 0.00352471 0.0598765 0.0438064 0.199102 
0.0494853 0.427519 0.0022471 0.0398564 0.0740444 0.406848 
0.0146673 0.473932 0.022714 0.00359707 0.228807 0.256283 
0.0155142 0.679885 0.00173452 0.0233429 0.0688708 0.210652 
0.0320571 0.393596 0.00173825 0.0435527 0.151207 0.377849 
0.0141419 0.83234 0.000837053 0.0160219 0.0332063 0.103453 
0.0432146 0.499363 0.00299778 0.00609441 0.181317 0.267014 
0.106644 0.326999 0.000250532 0.041089 0.263936 0.261082 
0.0369057 0.707411 9.30227e-05 0.0212011 0.122577 0.111812 
0.0117618 0.582366 0.00266828 0.0328091 0.22521 0.145184 
0.0801378 0.420532 0.00183541 0.036402 0.172318 0.288775 
0.0373879 0.625772 0.0146947 0.0243516 0.0696261 0.228168 
0.0885997 0.741637 1.2592e-05 0.00427955 0.149752 0.0157187 
0.014835 0.46465 0.396973 0.00220694 0.0127259 0.108609 
0.130035 0.504004 0.0255638 0.0782675 0.0452768 0.216853 
0.141008 0.400264 0.001745 0.0885638 0.0851573 0.283262 
0.0229316 0.390466 0.328099 0.171502 0.0483433 0.0386577 
0.0465745 0.528234 0.0012408 0.0320117 0.204631 0.187308 
0.0290324 0.615277 0.00140939 0.0174041 0.113744 0.223133 
0.039313 0.549854 0.000141077 0.029542 0.0498293 0.33132 
0.0577498 0.569891 7.56125e-05 0.0538248 0.200125 0.118335 
0.202886 0.46294 0.00427617 0.0441766 0.0577883 0.227932 
0.0360072 0.632128 0.000163699 0.0435395 0.0845191 0.203642 
0.0221249 0.536381 0.00276438 0.00298683 0.033734 0.402009 
0.0684013 0.353183 0.0023517 0.0255504 0.329101 0.221413 
0.0707791 0.484144 0.1936 0.0430995 0.051254 0.157124 
0.0195084 0.522247 0.00573315 0.0153066 0.0600933 0.377111 
0.046068 0.470565 0.00426631 0.0453679 0.118955 0.314777 
0.051917 0.521215 1.6353e-05 0.061624 0.0373967 0.327831 
0.0132565 0.737915 0.0161189 0.00739152 0.0706759 0.154643 
0.0380628 0.54139 0.000579271 0.140483 0.0566776 0.222807 
0.0322735 0.724492 0.000177986 0.069815 0.051793 0.121448 
0.13048 0.546186 0.010575 0.100565 0.0828532 0.129341 
0.0703547 0.57233 0.00091556 0.168912 0.0388537 0.148634 
0.103859 0.523855 0.00030739 0.0403253 0.0739524 0.257701 
0.0218112 0.825668 0.00928183 0.0219048 0.0388264 0.0825082 
0.122151 0.524652 0.00658338 0.0988787 0.0717481 0.175986 
0.0301527 0.647104 0.0223237 0.00877426 0.151031 0.140615 
0.0258202 0.465839 0.000112595 0.00867344 0.0675411 0.432014 
0.26447 0.272073 0.00174379 0.0295251 0.265258 0.166931 
0.0661981 0.554822 0.0192926 0.0362628 0.0648019 0.258622 
0.0184623 0.413258 0.403608 0.0327503 0.0339593 0.0979618 
0.0182818 0.578629 0.00035341 0.0482003 0.0440949 0.310441 
0.047999 0.348026 0.0737521 0.306385 0.0431162 0.180722 
0.0218112 0.825668 0.00928183 0.0219048 0.0388264 0.0825082 
0.0558265 0.482246 0.000111052 0.0453431 0.114161 0.302313 
0.0186372 0.708951 0.00188883 0.0116317 0.0823843 0.176507 
0.116732 0.387913 0.0033346 0.098138 0.0788481 0.315035 
0.0765425 0.34445 0.0979745 0.23972 0.0952488 0.146064 
0.0262287 0.561551 0.00010494 0.0216934 0.0609151 0.329507 
0.02061 0.703407 0.000112344 0.0158557 0.119408 0.140607 
0.0189463 0.544835 0.00105927 0.0139802 0.069451 0.351728 
0.0551385 0.508863 0.0150023 0.155232 0.105845 0.159919 
0.0904859 0.440549 0.120299 0.11954 0.055503 0.173622 
0.142284 0.30618 0.0201481 0.140335 0.0955467 0.295506 
0.0356194 0.521398 0.000313218 0.0388109 0.087365 0.316494 
0.0689656 0.655515 0.00188864 0.040946 0.106965 0.12572 
0.056192 0.365959 0.00128811 0.0824553 0.192904 0.301201 
0.059906 0.57291 0.00620511 0.0402065 0.0763464 0.244426 
0.0324366 0.434497 0.00188115 0.0894691 0.176865 0.264852 
0.0228828 0.933274 2.10587e-06 0.00612105 0.0103622 0.0273581 
0.168399 0.373846 0.0274904 0.100381 0.0420663 0.287817 
0.0223642 0.538803 0.000788026 0.0356177 0.128941 0.273485 
0.150825 0.471966 0.0176196 0.106687 0.043994 0.208909 
0.0390765 0.34265 0.0109619 0.26627 0.134795 0.206246 
0.31488 0.344014 0.00963238 0.0698076 0.0884833 0.173183 
0.238116 0.391629 0.0208971 0.0759957 0.140168 0.133194 
0.0155942 0.616831 0.00100029 0.0364211 0.11291 0.217244 
0.0289944 0.460745 0.0001192 0.00957185 0.120483 0.380086 
0.0423863 0.743778 0.0312791 0.0380891 0.0242118 0.120256 
0.0122979 0.731532 0.00028787 0.0482865 0.0688094 0.138786 
0.0352481 0.569403 0.00170842 0.0171554 0.171298 0.205187 
0.0662342 0.610104 9.85515e-05 0.151303 0.0346582 0.137602 
0.163948 0.452388 0.00303456 0.0133133 0.0972622 0.270054 
0.094209 0.388524 0.0765743 0.104681 0.0373253 0.298686 
0.0698133 0.624891 5.61398e-05 0.00778389 0.10184 0.195615 
0.0573991 0.391219 0.0002552 0.0128243 0.181937 0.356366 
0.0213615 0.739111 0.021295 0.0303593 0.0481032 0.13977 
0.030295 0.492394 0.00391262 0.0115257 0.254433 0.20744 
0.0287807 0.345741 2.63898e-05 0.0341396 0.29437 0.296943 
0.0355531 0.481165 0.00241846 0.0237874 0.223474 0.233602 
0.014232 0.632519 2.11275e-05 0.0463971 0.0730737 0.233757 
0.0150734 0.720626 0.00189133 0.0155529 0.0585708 0.188286 
0.0866447 0.498697 0.00215377 0.0659614 0.198941 0.147602 
0.00303412 0.875023 5.91485e-06 0.000257864 0.110719 0.0109598 
0.0122947 0.624176 0.000198094 0.0472271 0.247998 0.0681063 
0.0617305 0.708261 0.000585329 0.0160114 0.0519277 0.161484 
0.102271 0.58933 0.0571205 0.0628123 0.0532669 0.135199 
0.0413935 0.520448 0.000982681 0.0177306 0.135147 0.284299 
0.0140629 0.6073 7.31059e-05 0.0184017 0.112064 0.248099 
0.0496236 0.434445 0.00696365 0.0411243 0.0842211 0.383622 
0.0430557 0.576949 0.000472257 0.0914305 0.14775 0.140342 
0.0554904 0.818146 0.00521055 0.0106638 0.0225022 0.0879867 
0.110723 0.442346 0.011055 0.0351639 0.123415 0.277297 
0.0282863 0.619252 0.00256006 0.0172913 0.114097 0.218514 
0.140654 0.461025 0.0128788 0.125485 0.0687797 0.191177 
0.0529966 0.449655 0.000256545 0.0196628 0.289095 0.188334 
0.144598 0.651427 0.00077645 0.0461185 0.0534105 0.103669 
0.0136909 0.755084 0.00312962 0.0247395 0.0718981 0.131457 
0.0545274 0.657611 0.00603814 0.0908807 0.0505211 0.140421 
0.0361161 0.561431 0.000392391 0.0319199 0.183806 0.186335 
0.0218112 0.825668 0.00928183 0.0219048 0.0388264 0.0825082 
0.0212063 0.718897 0.00103497 0.00374304 0.233819 0.0212991 
0.0887905 0.657019 0.00135175 0.0202776 0.0661518 0.166409 
0.0737823 0.634106 5.85483e-05 0.0186608 0.0783546 0.195038 
0.0300453 0.560026 0.00109704 0.0275381 0.078 0.303294 
0.0218112 0.825668 0.00928183 0.0219048 0.0388264 0.0825082 
0.0235779 0.570689 0.00234261 0.0494299 0.145782 0.208178 
0.0136909 0.755084 0.00312962 0.0247395 0.0718981 0.131457 
0.0996184 0.342251 0.0195921 0.142161 0.216324 0.180053 
0.101585 0.556106 0.0360588 0.110517 0.0750391 0.120695 
0.0218112 0.825668 0.00928183 0.0219048 0.0388264 0.0825082 
0.0553473 0.686399 0.0598381 0.00518584 0.0270957 0.166134 
0.134908 0.607283 0.0573374 0.0747971 0.0429669 0.0827078 
0.126993 0.439677 0.0245104 0.210851 0.064482 0.133487 
0.0443063 0.340401 0.00474791 0.338205 0.217812 0.0545285 
0.0225833 0.559112 6.19838e-05 0.0131002 0.0890444 0.316098 
0.131074 0.545897 0.00049502 0.0157085 0.080175 0.226651 
0.03005 0.623874 0.0199714 0.0141792 0.0996405 0.212285 
0.233363 0.389645 0.00747969 0.036964 0.0801978 0.25235 
0.0394984 0.49624 9.59653e-05 0.0100909 0.0639715 0.390103 
0.19709 0.270365 0.0154749 0.234399 0.0224351 0.260237 
0.0748998 0.639509 0.0130634 0.0461371 0.0802058 0.146185 
0.209607 0.338559 0.000490079 0.053805 0.0948847 0.302655 
0.0716407 0.548848 0.00422515 0.0541782 0.0572271 0.26388 
0.111076 0.482461 0.00381603 0.0316811 0.0539793 0.316987 
0.0524322 0.671906 0.000220678 0.0473291 0.10039 0.127722 
0.0334548 0.461861 0.000427413 0.0413806 0.108161 0.354715 
