0.0206852 0.0973326 9.64472e-05 0.0261017 0.49338 0.362404 
0.0129842 0.0163004 0.00077964 0.0213761 0.807461 0.141098 
0.0349897 0.203859 0.00131562 0.0292818 0.529527 0.201027 
0.0448481 0.0344365 0.000871489 0.0361428 0.818086 0.0656152 
0.0347035 0.102408 0.00168595 0.0121253 0.454373 0.394704 
0.0440543 0.282066 0.00076578 0.0278517 0.422632 0.22263 
0.0355471 0.247691 0.000289782 0.0156929 0.409845 0.290934 
0.00682014 0.321472 0.000955879 0.00744412 0.573401 0.0899073 
0.0275278 0.0353026 0.00763947 0.0425343 0.608153 0.278842 
0.0731824 0.0625391 0.00299413 0.0519254 0.406725 0.402634 
0.13523 0.15574 3.91055e-05 0.0694084 0.390432 0.24915 
0.00989099 0.0193876 0.000727151 0.0189175 0.811165 0.139912 
0.0506697 0.223557 0.00545048 0.011008 0.426293 0.283022 
0.0187294 0.301066 7.48419e-06 0.0642163 0.563391 0.0525906 
0.0806723 0.141281 0.00688993 0.0196084 0.60606 0.145489 
0.0193607 0.241202 8.32146e-06 0.0676476 0.568079 0.103702 
0.0187294 0.301066 7.48419e-06 0.0642163 0.563391 0.0525906 
0.0334701 0.195081 0.000470615 0.00847057 0.406048 0.35646 
0.0652749 0.231055 0.00273415 0.0485383 0.398355 0.254043 
0.00739061 0.118934 0.00133226 0.005146 0.735713 0.131484 
0.0789773 0.0860004 0.00303897 0.0351184 0.603096 0.193769 
0.0295965 0.138232 1.01163e-05 0.0443158 0.64868 0.139165 
0.0246538 0.13097 0.00598967 0.0596672 0.7167 0.0620194 
0.0842058 0.170568 0.0981141 0.0549889 0.347934 0.24419 
0.0126336 0.201073 3.12962e-05 0.0132098 0.567693 0.205359 
0.124401 0.0766654 5.56184e-05 0.00818014 0.699057 0.091641 
0.0967113 0.10784 0.00247946 0.0192241 0.639842 0.133902 
0.00816856 0.129987 0.00145583 0.00568571 0.709378 0.145325 
0.0272239 0.0590892 0.00232814 0.00531744 0.777502 0.128539 
0.0246538 0.13097 0.00598967 0.0596672 0.7167 0.0620194 
0.0369793 0.152965 0.0144841 0.0183154 0.468278 0.308978 
0.0766704 0.00313189 5.47616e-06 4.64336e-05 0.916263 0.00388326 
0.0252762 0.14659 0.000120653 0.0255593 0.606081 0.196373 
0.073987 0.1059 0.00836224 0.0073777 0.665224 0.13915 
0.0190994 0.0591735 0.00296275 0.00650725 0.782408 0.12985 
0.0382137 0.110619 0.00580558 0.0432669 0.576064 0.226031 
0.0477225 0.230933 0.00242266 0.0354364 0.495458 0.188027 
0.00816856 0.129987 0.00145583 0.00568571 0.709378 0.145325 
0.0167783 0.0274343 0.00316866 0.013839 0.725679 0.2131 
0.0844775 0.113923 8.93675e-06 0.0209433 0.456966 0.323682 
0.0363953 0.10551 0.000373361 0.00814594 0.819848 0.0297284 
0.0251722 0.0711823 0.00827271 0.0479398 0.638637 0.208796 
0.0588769 0.138262 0.0017803 0.038619 0.492504 0.269959 
0.0282569 0.101359 0.00030624 0.076769 0.590208 0.203101 
0.00467329 0.0526434 3.38748e-06 0.042497 0.783511 0.116672 
0.00739061 0.118934 0.00133226 0.005146 0.735713 0.131484 
0.0413421 0.0428775 0.000107546 0.0284698 0.585188 0.302015 
0.0186081 0.244339 3.3213e-05 0.0195625 0.57133 0.146127 
0.0341483 0.102551 0.00306408 0.0228336 0.66115 0.176253 
0.0778764 0.119324 0.00290723 0.0320121 0.55569 0.21219 
0.0246538 0.13097 0.00598967 0.0596672 0.7167 0.0620194 
0.0424511 0.151341 0.0025207 0.00784478 0.542002 0.25384 
0.0176117 0.0393934 0.00537179 0.0249649 0.790596 0.122062 
0.0102446 0.0221302 0.000302579 0.0159352 0.820748 0.13064 
0.0085562 0.0581772 0.000259068 0.0109568 0.835024 0.087027 
0.112896 0.113618 0.00142575 0.0130416 0.488924 0.270095 
0.0888316 0.317174 0.00124523 0.0578082 0.322493 0.212447 
0.00994645 0.0347205 0.000840153 0.0109916 0.810025 0.133476 
0.201417 0.175137 0.000486153 0.0151713 0.343306 0.264482 
0.0098516 0.0351409 0.00126631 0.0210862 0.781299 0.151356 
0.0466798 0.0311127 0.000319116 0.0199416 0.720562 0.181385 
0.0789053 0.206092 0.00132546 0.0359567 0.431505 0.246215 
0.0149518 0.0958628 0.000772389 0.00666606 0.761769 0.119978 
0.0688289 0.216674 0.000760802 0.0214513 0.52538 0.166905 
0.0439372 0.155858 0.00111468 0.0516101 0.392283 0.355197 
0.0734219 0.229471 0.00132571 0.033958 0.461403 0.200421 
0.0145355 0.114257 0.00502392 0.0543574 0.703487 0.108339 
0.0568548 0.367687 0.000527899 0.0228773 0.385491 0.166563 
0.00806993 0.129857 0.00157901 0.0054066 0.732727 0.12236 
0.0231237 0.258715 0.000227645 0.00623755 0.552983 0.158713 
0.05045 0.247837 0.00110021 0.00825731 0.364918 0.327438 
0.00832711 0.0256834 5.38038e-05 0.0439642 0.805368 0.116603 
0.0488925 0.101398 0.0017573 0.0247955 0.486983 0.336173 
0.0754943 0.181022 0.00112261 0.0335235 0.542678 0.16616 
0.0479818 0.0750385 0.000412247 0.0184426 0.767998 0.0901271 
0.0494423 0.250628 0.00291934 0.00995817 0.448726 0.238327 
0.0751627 0.0256596 0.00010846 0.00354946 0.77701 0.11851 
0.232361 0.220654 0.000305932 0.0268944 0.298076 0.221709 
0.0345477 0.10781 0.00761123 0.105722 0.450876 0.293433 
0.0291061 0.146746 0.00285077 0.045113 0.562309 0.213876 
0.0478796 0.122424 0.00125832 0.013615 0.633611 0.181212 
0.0842849 0.249984 2.39886e-05 0.00561801 0.407115 0.252974 
0.0193937 0.0943114 0.00188855 0.00964736 0.777374 0.0973848 
0.0174152 0.0916787 0.000417724 0.00743621 0.79485 0.0882023 
0.0522183 0.143251 0.00348195 0.0665357 0.563224 0.17129 
0.0151762 0.163312 0.00710116 0.0111116 0.632109 0.17119 
0.0115176 0.153008 0.000271897 0.127082 0.424947 0.283174 
0.0142935 0.0329735 6.61799e-05 0.091449 0.678252 0.182966 
0.0197324 0.221273 0.00101498 0.00521124 0.618723 0.134045 
0.0262559 0.0729076 7.62478e-05 0.010951 0.749215 0.140594 
0.0305863 0.00815185 0.000235222 0.00296456 0.813084 0.144978 
0.0219586 0.131234 0.0136348 0.11507 0.382128 0.335975 
0.183476 0.121138 0.176641 0.0649584 0.312876 0.14091 
0.202448 0.144495 0.0021137 0.0174248 0.424283 0.209235 
0.0104648 0.123972 0.00252043 0.0087223 0.749818 0.104502 
0.163124 0.174628 0.00300449 0.0122513 0.498458 0.148534 
0.0265385 0.207792 0.000885025 0.014777 0.489086 0.260922 
0.0320148 0.126126 0.000979985 0.0403142 0.722979 0.0775865 
0.0958795 0.0276048 0.000126059 0.00240103 0.787688 0.0863008 
0.0677369 0.071401 0.000923991 0.0198166 0.670484 0.169638 
0.0520749 0.0642799 0.000594154 0.0252199 0.61393 0.243901 
0.0105187 0.052183 0.00103933 0.00693063 0.783415 0.145913 
0.0375874 0.126663 0.00648501 0.045527 0.600367 0.183371 
0.012563 0.296579 2.65803e-05 0.00340284 0.557498 0.129932 
0.0641671 0.0801496 0.00331532 0.00923942 0.643961 0.199167 
0.0306498 0.263697 0.00268013 0.0462192 0.51101 0.145743 
0.0157329 0.111354 4.69262e-05 0.0181854 0.697079 0.157602 
0.0104942 0.207418 0.00119966 0.00689455 0.58273 0.191264 
0.070526 0.188103 0.000181173 0.0288133 0.502569 0.209808 
0.090637 0.206726 0.000530422 0.0447414 0.409177 0.248188 
0.0246538 0.13097 0.00598967 0.0596672 0.7167 0.0620194 
0.0154501 0.0399496 0.000261408 0.0160294 0.829803 0.0985067 
0.0951884 0.0656309 0.00350216 0.126053 0.434249 0.275377 
0.00739061 0.118934 0.00133226 0.005146 0.735713 0.131484 
0.0246538 0.13097 0.00598967 0.0596672 0.7167 0.0620194 
0.00739061 0.118934 0.00133226 0.005146 0.735713 0.131484 
0.0251061 0.03963 0.00213155 0.0638831 0.707778 0.161471 
0.0668938 0.10553 0.000463276 0.0179714 0.573685 0.235456 
0.0322459 0.183919 0.000531117 0.0168097 0.591687 0.174807 
0.0190721 0.0291452 0.00685164 0.0870024 0.688301 0.169628 
0.0263579 0.287979 5.46316e-05 0.0294754 0.429441 0.226692 
0.0157329 0.111354 4.69262e-05 0.0181854 0.697079 0.157602 
0.0246856 0.111863 0.0016764 0.0276968 0.695643 0.138435 
0.040307 0.104875 0.0011266 0.0624136 0.474864 0.316414 
0.164967 0.0847697 0.0113207 0.115597 0.466998 0.156347 
0.0849254 0.0459627 0.00108622 0.119878 0.4895 0.258648 
0.0183941 0.0472524 0.00113132 0.0311978 0.782993 0.119032 
0.073871 0.142632 0.00817287 0.0560725 0.421022 0.298229 
0.0636951 0.288184 1.434e-05 0.0374926 0.522662 0.0879512 
0.0547539 0.0845876 0.0018201 0.0136849 0.447955 0.397199 
0.0889745 0.0544434 0.0366986 0.0400746 0.441018 0.338791 
0.0425694 0.168349 0.000166316 0.0166548 0.548289 0.223972 
0.0118163 0.0242494 0.000349126 0.0183868 0.794489 0.15071 
0.036633 0.140069 0.00181091 0.0226275 0.574367 0.224493 
0.0175651 0.177624 0.00257291 0.0372793 0.539758 0.2252 
0.0472082 0.117944 0.015256 0.0413191 0.404472 0.373801 
0.0465683 0.120771 0.21071 0.0956943 0.313345 0.212912 
0.0554878 0.194219 0.001459 0.0166239 0.534116 0.198094 
0.200086 0.125963 0.000187172 0.0114268 0.376897 0.28544 
0.0317951 0.0394516 0.00200701 0.028783 0.667459 0.230505 
0.0567064 0.174269 0.000306498 0.0394995 0.546524 0.182695 
0.0578188 0.212838 0.00691493 0.028754 0.551995 0.14168 
0.00453462 0.0995798 0.000992415 0.0463992 0.760379 0.0881147 
0.0123698 0.0607134 0.00329104 0.00733841 0.783567 0.13272 
0.0142285 0.261713 0.00352344 0.0552347 0.455673 0.209627 
0.0385453 0.0440512 0.00234058 0.010664 0.763523 0.140876 
0.0246538 0.13097 0.00598967 0.0596672 0.7167 0.0620194 
0.0358556 0.213879 0.000614044 0.0181454 0.547414 0.184092 
0.0090646 0.424019 4.92927e-05 0.00650482 0.463888 0.0964746 
0.0241736 0.243117 0.00376792 0.0218551 0.495267 0.211819 
0.0579766 0.230289 3.95643e-05 0.0506318 0.50972 0.151344 
0.0160536 0.132919 5.4268e-05 0.0264667 0.732934 0.0915728 
0.0437398 0.201356 0.000688029 0.0415845 0.465937 0.246695 
0.0560239 0.232147 0.00196069 0.0540687 0.412686 0.243114 
0.0148267 0.189459 0.00282283 0.0154896 0.651295 0.126107 
0.0180977 0.0632521 0.000129026 0.0054978 0.758371 0.154652 
0.0213306 0.0132817 1.39383e-06 0.00194307 0.824914 0.138529 
0.0779326 0.0851634 0.000494982 0.0101464 0.510266 0.315997 
0.0466798 0.0311127 0.000319116 0.0199416 0.720562 0.181385 
0.0185818 0.167071 0.159077 0.00450406 0.435375 0.215391 
0.00832711 0.0256834 5.38038e-05 0.0439642 0.805368 0.116603 
0.0558169 0.190511 0.00384613 0.0292779 0.509698 0.210851 
0.0100158 0.0560272 0.00115916 0.0052954 0.805173 0.122329 
0.0405617 0.192265 0.00530374 0.0336596 0.533402 0.194808 
0.234759 0.21194 0.00269362 0.0186354 0.386373 0.145599 
0.129006 0.292139 0.00317606 0.0168519 0.292783 0.266045 
0.047533 0.183988 0.00313011 0.0302967 0.49969 0.235363 
0.107625 0.103654 6.32083e-05 0.0125702 0.668884 0.107204 
0.0286497 0.0526801 0.000557567 0.0196538 0.703617 0.194842 
0.0145799 0.0299876 0.00110824 0.040781 0.686017 0.227526 
0.0762237 0.202764 0.000725077 0.0217525 0.479502 0.219032 
0.062569 0.279442 0.00143797 0.0314692 0.326464 0.298618 
0.0134352 0.108324 6.21635e-05 0.0174739 0.749482 0.111222 
0.0571484 0.247991 0.00366991 0.0381882 0.351997 0.301006 
0.115074 0.190107 0.000730494 0.0547382 0.332794 0.306556 
0.0563599 0.169794 0.00508006 0.0346507 0.520282 0.213834 
0.0305863 0.00815185 0.000235222 0.00296456 0.813084 0.144978 
0.0488825 0.221042 0.00103275 0.00720695 0.586512 0.135324 
0.016802 0.0474504 0.000298599 0.00296392 0.820894 0.111591 
0.01253 0.445772 0.00229611 0.00536462 0.481568 0.0524698 
0.0839104 0.145991 0.0138595 0.0464182 0.420267 0.289555 
0.0305863 0.00815185 0.000235222 0.00296456 0.813084 0.144978 
0.0965118 0.0924371 0.00141625 0.0101385 0.555952 0.243545 
0.0623892 0.278261 0.000352897 0.00205545 0.482457 0.174484 
0.0410327 0.334075 0.000629073 0.0293818 0.383802 0.211079 
0.00739061 0.118934 0.00133226 0.005146 0.735713 0.131484 
0.0331725 0.266989 0.0114004 0.017256 0.343634 0.327548 
0.0388948 0.195441 0.000346343 0.0241639 0.400731 0.340423 
0.0401609 0.102583 0.00321269 0.0057373 0.558808 0.289498 
0.0174152 0.0916787 0.000417724 0.00743621 0.79485 0.0882023 
0.0177877 0.0847216 0.000342692 0.0237283 0.639108 0.234311 
0.0145621 0.0526709 0.00148154 0.0242323 0.710238 0.196815 
0.0263046 0.149667 0.000622405 0.0368664 0.569986 0.216553 
0.0187284 0.0521946 0.000170342 0.0102489 0.875783 0.0428744 
0.0531344 0.200801 0.00219434 0.0112389 0.586038 0.146593 
0.0404417 0.237871 0.00251663 0.0687054 0.41443 0.236035 
0.0478611 0.242806 0.00671352 0.041096 0.36142 0.300103 
0.0123698 0.0607134 0.00329104 0.00733841 0.783567 0.13272 
0.0093988 0.0969645 0.00159282 0.00274095 0.700299 0.189004 
0.0217756 0.0726033 0.00070734 0.027016 0.536842 0.341055 
0.082567 0.204573 0.0043054 0.0318664 0.460935 0.215753 
0.0300326 0.130911 0.00854529 0.0202154 0.471651 0.338645 
0.0188979 0.127962 0.0100071 0.0496386 0.628718 0.164776 
0.024531 0.0781159 0.000466545 0.00907945 0.677434 0.210373 
0.0486595 0.139524 0.00222838 0.0332087 0.594559 0.181821 
0.108264 0.0930483 0.0462322 0.0175638 0.367547 0.367345 
0.0263822 0.113531 0.00185027 0.0283693 0.659864 0.170003 
0.0882973 0.16414 2.85971e-06 0.0168329 0.522957 0.207769 
0.0315781 0.0815953 0.0122892 0.143417 0.538008 0.193113 
0.0526428 0.210023 0.0266255 0.0622347 0.364006 0.284468 
0.0145799 0.0299876 0.00110824 0.040781 0.686017 0.227526 
0.0247661 0.272902 0.000708445 0.0350175 0.606074 0.0605328 
0.00739061 0.118934 0.00133226 0.005146 0.735713 0.131484 
0.0354228 0.231699 0.000524169 0.0310294 0.559646 0.141679 
0.0883611 0.11875 0.000311248 0.0238872 0.620416 0.148274 
0.047174 0.0540916 7.67929e-05 0.010896 0.703398 0.184364 
0.0236822 0.123474 0.00618245 0.117248 0.551656 0.177758 
0.0273026 0.0926092 5.56374e-05 0.0317114 0.708366 0.139956 
0.0465968 0.144017 0.0141256 0.0348211 0.468837 0.291602 
0.0623795 0.054763 0.00360898 0.0417543 0.690481 0.147013 
0.0129255 0.130661 0.000561556 0.00127748 0.727263 0.127311 
0.0976179 0.0664757 0.000279799 0.00255178 0.669018 0.164057 
0.177136 0.153408 0.00136799 0.00765084 0.550998 0.109438 
0.0272239 0.0590892 0.00232814 0.00531744 0.777502 0.128539 
0.00739061 0.118934 0.00133226 0.005146 0.735713 0.131484 
0.0434843 0.0648471 0.000924545 0.0395604 0.594527 0.256657 
0.032401 0.0435527 0.00255212 0.0186298 0.505653 0.397212 
0.0193607 0.241202 8.32146e-06 0.0676476 0.568079 0.103702 
0.0856986 0.109833 0.0109418 0.0531817 0.621647 0.118697 
0.0302845 0.0876631 1.00725e-05 0.018689 0.659625 0.203729 
0.0573234 0.281215 0.00309566 0.0158367 0.407643 0.234887 
0.0601861 0.129596 0.00249553 0.0145241 0.586318 0.20688 
0.0400541 0.055809 0.00633289 0.0111279 0.701712 0.184964 
0.0160745 0.0506642 0.000270622 0.0382582 0.764169 0.130563 
0.00896174 0.12305 0.00165631 0.00646082 0.71871 0.141161 
0.0246538 0.13097 0.00598967 0.0596672 0.7167 0.0620194 
0.030214 0.397675 0.000953645 0.0289948 0.476236 0.0659265 
0.0234738 0.0755826 1.02019e-05 0.0253738 0.79815 0.0774098 
0.0319165 0.0957986 0.00705212 0.0460437 0.602069 0.21712 
0.0793063 0.0964852 0.00125382 0.00691968 0.620059 0.195976 
0.0123698 0.0607134 0.00329104 0.00733841 0.783567 0.13272 
0.0767606 0.332647 0.0184897 0.0157479 0.389278 0.167077 
0.0487934 0.0742405 3.38429e-05 0.0174687 0.599259 0.260204 
0.0246918 0.105268 0.00298109 0.0371837 0.671005 0.158871 
0.0631158 0.405793 0.00541304 0.01179 0.437402 0.076486 
0.0343595 0.111983 0.00043926 0.0112007 0.735003 0.107014 
0.055331 0.0818821 0.000785137 0.00451137 0.450026 0.407465 
0.00578774 0.0164021 0.000983337 0.0146607 0.870557 0.0916093 
0.0473248 0.11341 0.00489003 0.0966908 0.389921 0.347763 
0.0242625 0.093077 0.00113989 0.0401176 0.626374 0.215029 
0.0551361 0.084492 0.00440177 0.0239841 0.602441 0.229545 
0.0206754 0.146581 0.0074885 0.0291893 0.54824 0.247825 
0.0317008 0.322305 0.000260264 0.00760625 0.515315 0.122813 
0.0332767 0.196522 0.00637089 0.0439776 0.548348 0.171505 
0.114623 0.224787 0.0018382 0.0186823 0.552279 0.0877904 
0.0221871 0.337471 0.000631552 0.0141997 0.416978 0.208533 
0.0828822 0.0394967 5.73871e-05 0.00930795 0.639385 0.228871 
0.0305318 0.166622 0.000429532 0.0103386 0.535669 0.256409 
0.0270486 0.156899 1.22494e-05 0.0278499 0.584209 0.203982 
0.10255 0.277846 0.00101412 0.0891062 0.329347 0.200137 
0.0165464 0.0945823 0.00187872 0.0101238 0.778856 0.0980129 
0.00816856 0.129987 0.00145583 0.00568571 0.709378 0.145325 
0.0174152 0.0916787 0.000417724 0.00743621 0.79485 0.0882023 
0.0771688 0.362236 0.000805829 0.0345714 0.407116 0.118102 
0.0201358 0.0410571 0.0082776 0.0985963 0.636501 0.195432 
0.0601412 0.217753 0.000126676 0.0107659 0.35752 0.353693 
0.0126195 0.0597508 0.00340043 0.00740266 0.785313 0.131514 
0.00650556 0.0332339 0.000291405 0.0201997 0.845698 0.094071 
0.124246 0.128593 0.26476 0.0409954 0.265703 0.175703 
0.106401 0.195385 0.000908265 0.044433 0.411694 0.24118 
0.00693516 0.097429 0.0028488 0.0218261 0.681502 0.189459 
0.0507926 0.0797252 0.00318046 0.00799428 0.673298 0.18501 
0.0174695 0.0532932 0.00314409 0.0328217 0.729611 0.163661 
0.183476 0.121138 0.176641 0.0649584 0.312876 0.14091 
0.0564125 0.291886 0.00159087 0.0120309 0.424426 0.213654 
0.0243944 0.110373 0.00093233 0.0185222 0.671921 0.173857 
0.0195498 0.0629919 0.00041256 0.0085466 0.779267 0.129232 
0.109365 0.205996 0.000237713 0.0195463 0.548558 0.116298 
0.0262722 0.075842 0.000334336 0.0140916 0.479058 0.404402 
0.038316 0.0525179 0.00641915 0.0279075 0.711255 0.163585 
0.0762237 0.202764 0.000725077 0.0217525 0.479502 0.219032 
0.0451422 0.127419 8.28966e-05 0.0104263 0.598604 0.218326 
0.0448481 0.0344365 0.000871489 0.0361428 0.818086 0.0656152 
0.0808012 0.0718526 0.00823536 0.0172364 0.599656 0.222218 
0.0421088 0.0678711 0.00278471 0.0610952 0.635768 0.190373 
0.012367 0.105156 0.00170133 0.0256807 0.654927 0.200167 
0.00976663 0.130902 0.00177787 0.00635972 0.699912 0.151282 
0.0281909 0.226655 0.000528404 0.0177579 0.481423 0.245444 
0.0634852 0.177614 0.000642475 0.025697 0.537491 0.19507 
0.0190652 0.0876175 0.00169891 0.0110841 0.762547 0.117988 
0.0672834 0.128447 0.00386995 0.0486023 0.483568 0.268229 
0.0765626 0.0118816 0.00914872 0.045299 0.659704 0.197404 
0.0346775 0.338683 6.17683e-05 0.0168996 0.485142 0.124536 
0.0315781 0.0815953 0.0122892 0.143417 0.538008 0.193113 
0.00983819 0.0515915 0.000349301 0.0181823 0.781496 0.138543 
0.09756 0.293303 0.000377966 0.00911265 0.532707 0.0669389 
0.0192676 0.0173208 2.12787e-05 0.000750594 0.830661 0.131978 
0.0367386 0.191323 9.77431e-06 0.023384 0.524975 0.22357 
0.0255974 0.264229 0.00207167 0.0112084 0.382023 0.314871 
0.14726 0.132536 0.00055814 0.0454907 0.346589 0.327567 
0.0419934 0.0697004 0.00227658 0.016435 0.625634 0.24396 
0.124246 0.128593 0.26476 0.0409954 0.265703 0.175703 
0.0181585 0.145039 0.0112518 0.051573 0.610485 0.163493 
0.00739061 0.118934 0.00133226 0.005146 0.735713 0.131484 
0.1911 0.121523 0.221831 0.0496276 0.271831 0.144088 
0.0171784 0.0278858 0.00515229 0.0210336 0.73732 0.19143 
0.0466798 0.0311127 0.000319116 0.0199416 0.720562 0.181385 
0.181049 0.160421 0.000111985 0.01024 0.476481 0.171697 
0.055331 0.0818821 0.000785137 0.00451137 0.450026 0.407465 
0.0093988 0.0969645 0.00159282 0.00274095 0.700299 0.189004 
0.0286747 0.0903375 0.000106063 0.0747246 0.714416 0.0917413 
0.0289412 0.29029 0.00229557 0.0297913 0.43973 0.208952 
0.0793317 0.280636 0.0066082 0.0552363 0.450405 0.127783 
0.0343069 0.156027 0.00540032 0.0364917 0.541533 0.226241 
0.00525578 0.0175528 0.00105686 0.0103973 0.900106 0.0656318 
0.0444867 0.257505 0.00225079 0.0135259 0.404404 0.277828 
0.00983819 0.0515915 0.000349301 0.0181823 0.781496 0.138543 
0.0103761 0.193874 1.32979e-05 0.000276219 0.759899 0.0355608 
0.0148267 0.189459 0.00282283 0.0154896 0.651295 0.126107 
0.0194817 0.0950208 4.39684e-05 0.0156092 0.614833 0.255011 
0.0258316 0.0506473 0.00174324 0.0154614 0.604036 0.30228 
0.0460664 0.217211 0.00144923 0.00903065 0.417359 0.308884 
0.087827 0.176871 0.00328848 0.0274456 0.471779 0.232789 
0.0526428 0.210023 0.0266255 0.0622347 0.364006 0.284468 
0.0148267 0.189459 0.00282283 0.0154896 0.651295 0.126107 
0.0305863 0.00815185 0.000235222 0.00296456 0.813084 0.144978 
0.031457 0.270281 0.00449497 0.0367896 0.43554 0.221438 
0.0894097 0.0311391 0.00186608 0.0065248 0.744887 0.126173 
0.0246538 0.13097 0.00598967 0.0596672 0.7167 0.0620194 
0.0158892 0.103794 0.000468836 0.0125813 0.778068 0.0891989 
0.00739061 0.118934 0.00133226 0.005146 0.735713 0.131484 
0.0424869 0.157458 0.000338716 0.0615991 0.422131 0.315986 
0.0301479 0.18281 0.000453246 0.0304744 0.420974 0.33514 
0.0171123 0.0943325 4.0216e-05 0.0235279 0.624404 0.240583 
0.26434 0.0433662 0.000306071 0.00572731 0.462167 0.224094 
0.0305863 0.00815185 0.000235222 0.00296456 0.813084 0.144978 
0.0272239 0.0590892 0.00232814 0.00531744 0.777502 0.128539 
0.0167783 0.0274343 0.00316866 0.013839 0.725679 0.2131 
0.0544554 0.0626455 0.00528275 0.0864787 0.47373 0.317408 
0.0070029 0.0245265 0.00404664 0.0112039 0.897713 0.0555066 
0.100437 0.303142 0.00226347 0.00698571 0.350921 0.23625 
0.0158172 0.0313627 0.0061644 0.040738 0.695031 0.210887 
0.0123698 0.0607134 0.00329104 0.00733841 0.783567 0.13272 
0.0138737 0.0841174 7.69569e-06 0.0247237 0.729246 0.148032 
0.0130113 0.40241 0.000310072 0.0322037 0.403452 0.148613 
0.00849365 0.0239168 5.85778e-05 0.0143604 0.792181 0.16099 
0.0480947 0.116254 0.00288101 0.0362859 0.604222 0.192263 
0.0289869 0.195539 0.0010892 0.0355724 0.492511 0.246301 
0.0126147 0.187059 0.00306227 0.0988725 0.473185 0.225207 
0.0193607 0.241202 8.32146e-06 0.0676476 0.568079 0.103702 
0.131142 0.161239 1.42881e-05 0.0289839 0.493132 0.185489 
0.0293775 0.0675185 0.000199512 0.00670773 0.58554 0.310657 
0.00420335 0.0565023 9.76735e-05 0.0425931 0.852427 0.0441768 
0.0190994 0.0591735 0.00296275 0.00650725 0.782408 0.12985 
0.0285753 0.0393233 0.00162132 0.042111 0.638715 0.249654 
0.0415699 0.15034 0.00195842 0.0168777 0.474507 0.314747 
0.0444503 0.156942 0.00500183 0.0360634 0.56073 0.196812 
0.0837062 0.216223 0.000110382 0.023523 0.453014 0.223423 
0.0463956 0.144665 0.000118212 0.0277961 0.60988 0.171146 
0.0416154 0.170675 0.000411937 0.00374991 0.674591 0.108957 
0.0927443 0.169416 0.000111397 0.0133326 0.433183 0.291213 
0.0417145 0.0996624 0.00206296 0.0476446 0.664708 0.144207 
0.0123698 0.0607134 0.00329104 0.00733841 0.783567 0.13272 
0.0101941 0.0527667 0.00463578 0.00168686 0.772508 0.158209 
0.0689385 0.0696421 0.00115023 0.0327283 0.615292 0.212249 
0.0832637 0.059545 0.00184677 0.0292041 0.506443 0.319697 
0.0287927 0.115342 0.00402302 0.0262207 0.617853 0.207769 
0.0658382 0.22967 0.132409 0.0270006 0.355171 0.189912 
0.148694 0.102057 1.38968e-05 0.0260137 0.552773 0.170448 
0.0485424 0.152992 0.000571712 0.0503105 0.385018 0.362565 
0.0248248 0.034527 0.00713306 0.0574784 0.639378 0.236659 
0.0193937 0.0943114 0.00188855 0.00964736 0.777374 0.0973848 
0.0444011 0.280104 0.00112718 0.0297965 0.420665 0.223906 
0.0126195 0.0597508 0.00340043 0.00740266 0.785313 0.131514 
0.0246538 0.13097 0.00598967 0.0596672 0.7167 0.0620194 
0.0119082 0.199336 0.0168822 0.0248126 0.707384 0.0396772 
0.0416626 0.1357 0.000850622 0.0047992 0.477674 0.339314 
0.00739061 0.118934 0.00133226 0.005146 0.735713 0.131484 
0.0187294 0.301066 7.48419e-06 0.0642163 0.563391 0.0525906 
0.062799 0.0805839 0.000115312 0.0120068 0.547205 0.29729 
0.0527919 0.144678 0.00878648 0.0426197 0.480301 0.270823 
0.0567533 0.131542 0.00235923 0.0237559 0.551954 0.233635 
0.00964059 0.100385 0.000581585 0.15663 0.589617 0.143146 
0.016507 0.0819255 0.00131322 0.0100604 0.620546 0.269648 
0.139149 0.0472947 1.63046e-05 0.00225725 0.686907 0.124376 
0.109146 0.252478 0.00275429 0.0659937 0.366951 0.202678 
0.0345851 0.13923 0.000922159 0.034059 0.630342 0.160862 
0.0171784 0.0278858 0.00515229 0.0210336 0.73732 0.19143 
0.0856986 0.109833 0.0109418 0.0531817 0.621647 0.118697 
0.0224972 0.0276685 0.00462414 0.0216829 0.635508 0.288019 
0.0174152 0.0916787 0.000417724 0.00743621 0.79485 0.0882023 
0.0244836 0.166252 0.00305268 0.00893001 0.591347 0.205935 
0.0994752 0.344321 0.0156196 0.00371561 0.359326 0.177542 
0.0238812 0.0509957 2.22134e-07 0.00358175 0.909836 0.0117056 
0.0381079 0.100734 0.00351588 0.0477002 0.594025 0.215917 
0.00739061 0.118934 0.00133226 0.005146 0.735713 0.131484 
0.0293775 0.0675185 0.000199512 0.00670773 0.58554 0.310657 
0.10087 0.0953604 0.000904061 0.0201082 0.583034 0.199723 
0.0214372 0.176504 0.00202573 0.0115849 0.632678 0.15577 
0.0214682 0.107344 0.00278271 0.0449184 0.644834 0.178653 
0.0750524 0.202034 0.00479689 0.035178 0.402233 0.280706 
0.0320556 0.378637 0.000321543 0.0172236 0.387757 0.184005 
0.0553871 0.140487 0.001258 0.0248591 0.620452 0.157557 
0.0496171 0.151621 8.92149e-06 0.0167278 0.5858 0.196224 
0.0624683 0.0673729 0.00394102 0.106374 0.457593 0.30225 
0.25899 0.171474 0.000830814 0.0206776 0.371616 0.176412 
0.0686025 0.174859 0.00137362 0.0193836 0.398755 0.337026 
0.0382967 0.12398 0.00590594 0.0525292 0.544006 0.235282 
0.0362889 0.379093 0.00301912 0.0150362 0.460917 0.105646 
0.0118369 0.220427 0.000143782 0.00950338 0.511829 0.24626 
0.0405639 0.18819 0.00734821 0.0364722 0.502182 0.225243 
0.0556657 0.0446382 2.99424e-05 0.0444728 0.665553 0.18964 
0.0203323 0.0776971 0.00314656 0.0306782 0.702534 0.165612 
0.0590563 0.050456 8.52911e-05 0.00906414 0.739664 0.141675 
0.0473066 0.294829 0.000792661 0.0165736 0.429287 0.211211 
0.0148789 0.0283101 7.73712e-06 0.00394492 0.882496 0.0703628 
0.00994645 0.0347205 0.000840153 0.0109916 0.810025 0.133476 
0.0586893 0.0791895 0.00184597 0.11191 0.43299 0.315375 
0.144419 0.0629817 4.2882e-05 0.0137283 0.501343 0.277485 
0.0454557 0.0646443 3.21128e-05 0.00706046 0.67684 0.205967 
0.0246538 0.13097 0.00598967 0.0596672 0.7167 0.0620194 
0.0672613 0.120185 0.00165291 0.0220896 0.56882 0.219991 
0.022532 0.217307 0.00294043 0.00746544 0.605278 0.144477 
0.00849365 0.0239168 5.85778e-05 0.0143604 0.792181 0.16099 
0.0646965 0.34776 0.000587833 0.0309831 0.353455 0.202518 
0.00739061 0.118934 0.00133226 0.005146 0.735713 0.131484 
0.0174152 0.0916787 0.000417724 0.00743621 0.79485 0.0882023 
0.00983819 0.0515915 0.000349301 0.0181823 0.781496 0.138543 
0.0369349 0.0501661 0.00793186 0.0449525 0.644505 0.21551 
0.22458 0.0877405 0.0012002 0.00248861 0.466839 0.217151 
0.0629797 0.271257 0.000299919 0.0210484 0.489946 0.15447 
0.0123698 0.0607134 0.00329104 0.00733841 0.783567 0.13272 
0.0626143 0.216288 0.00616228 0.0444118 0.422369 0.248155 
0.00739061 0.118934 0.00133226 0.005146 0.735713 0.131484 
0.0248898 0.0412172 0.000477449 0.0738133 0.58598 0.273622 
0.0123698 0.0607134 0.00329104 0.00733841 0.783567 0.13272 
0.0189078 0.285453 0.00128134 0.0469786 0.369151 0.278228 
0.0215479 0.262954 0.00484614 0.0460085 0.555196 0.109448 
0.0112871 0.0499313 3.74546e-05 0.0230778 0.793834 0.121833 
0.0172808 0.084507 0.000378813 0.00930206 0.776222 0.112309 
0.0432475 0.0972875 0.0022964 0.0130352 0.620328 0.223805 
0.01349 0.0269475 0.00501409 0.0374954 0.716295 0.200758 
0.0154552 0.0408717 4.80523e-05 0.00209216 0.637729 0.303804 
0.0264509 0.044958 0.000986304 0.0529053 0.569027 0.305672 
0.0200802 0.144845 0.00164414 0.0356389 0.637437 0.160354 
0.0187568 0.13136 0.00682928 0.121345 0.383668 0.338041 
0.141497 0.113272 7.00092e-05 0.00599933 0.547945 0.191216 
0.0320556 0.378637 0.000321543 0.0172236 0.387757 0.184005 
0.0527198 0.175994 0.00712254 0.0521886 0.412973 0.299002 
0.0441133 0.261715 0.00198893 0.0688852 0.411906 0.211392 
0.0411283 0.0475101 0.00435746 0.0400868 0.744296 0.122621 
0.0668653 0.0998841 0.00749997 0.0759046 0.567902 0.181944 
0.0166888 0.108844 0.00256091 0.0500459 0.481543 0.340317 
0.0272239 0.0590892 0.00232814 0.00531744 0.777502 0.128539 
0.0411546 0.149543 0.00299502 0.0254573 0.557336 0.223514 
0.0466798 0.0311127 0.000319116 0.0199416 0.720562 0.181385 
0.0831703 0.185676 0.00341904 0.0343391 0.414127 0.279269 
0.0750397 0.111148 0.00119481 0.0124153 0.59755 0.202653 
0.0363304 0.280821 0.000451374 0.0329054 0.443191 0.206301 
0.0302333 0.0605015 0.00237671 0.0192356 0.639901 0.247752 
0.0322958 0.133522 0.00616599 0.257042 0.472498 0.0984765 
0.0259652 0.120709 0.000730892 0.0215203 0.56663 0.264445 
0.0362889 0.379093 0.00301912 0.0150362 0.460917 0.105646 
0.0246538 0.13097 0.00598967 0.0596672 0.7167 0.0620194 
0.0135109 0.439086 0.00230755 0.00536461 0.480529 0.0592022 
0.143536 0.113088 0.000845422 0.00590117 0.592812 0.143818 
0.0658564 0.246783 0.00213007 0.0396668 0.440396 0.205168 
0.0623637 0.156192 0.000145699 0.115369 0.353401 0.312528 
0.0246538 0.13097 0.00598967 0.0596672 0.7167 0.0620194 
0.0394271 0.0661601 0.00520411 0.09414 0.436381 0.358687 
0.300793 0.0439482 6.16337e-05 0.0357787 0.516567 0.102851 
0.0174152 0.0916787 0.000417724 0.00743621 0.79485 0.0882023 
0.061264 0.239811 0.000947663 0.0635811 0.346675 0.287721 
0.0573934 0.0939497 4.73545e-05 0.00379175 0.670575 0.174243 
0.1153 0.0997715 0.0038883 0.0207867 0.636812 0.123442 
0.0154283 0.0297807 1.37106e-05 0.000193367 0.941708 0.0128764 
0.0308215 0.101819 4.80358e-05 0.0145084 0.6367 0.216103 
0.0135663 0.0545946 2.85707e-06 0.000125284 0.873447 0.0582635 
0.0143788 0.0572212 0.000224428 0.0183263 0.726784 0.183065 
0.0145767 0.0412997 0.00428399 0.0670996 0.671837 0.200903 
0.0919149 0.185348 0.00239291 0.0274911 0.484038 0.208815 
0.0280035 0.188537 0.0164231 0.112691 0.353355 0.30099 
0.0571745 0.142852 0.0001441 0.00598063 0.700512 0.0933364 
0.00816856 0.129987 0.00145583 0.00568571 0.709378 0.145325 
0.0163349 0.0232089 0.00301134 0.0141737 0.658725 0.284546 
0.0246538 0.13097 0.00598967 0.0596672 0.7167 0.0620194 
0.0608366 0.185053 0.000288432 0.0355034 0.472564 0.245755 
0.0286986 0.0587604 0.00238226 0.00514707 0.77973 0.125281 
0.0148814 0.0590241 0.00275639 0.0205478 0.819864 0.0829267 
0.0765948 0.0976395 0.00714022 0.0429679 0.614805 0.160853 
0.0699252 0.168647 0.0100185 0.0440726 0.441745 0.265592 
0.0430203 0.10137 2.6128e-05 0.0116662 0.694572 0.149346 
0.0074573 0.0245462 0.000645727 0.0741938 0.803407 0.0897497 
0.0145799 0.0299876 0.00110824 0.040781 0.686017 0.227526 
0.00994645 0.0347205 0.000840153 0.0109916 0.810025 0.133476 
0.16227 0.046527 8.77929e-05 0.0264492 0.629534 0.135132 
0.0192165 0.181524 0.00595371 0.0742766 0.477177 0.241852 
0.00371654 0.0100055 0.000124552 0.013021 0.880271 0.0928612 
0.0104648 0.123972 0.00252043 0.0087223 0.749818 0.104502 
0.013181 0.10541 0.00108186 0.00580287 0.726028 0.148497 
0.0630165 0.160506 0.004062 0.050572 0.541144 0.1807 
0.026657 0.0513677 0.00348158 0.0242911 0.702176 0.192026 
0.0194929 0.245087 0.000320257 0.0540769 0.622486 0.0585367 
0.020641 0.234424 0.000563484 0.020049 0.462299 0.262024 
0.0523972 0.132353 0.00253583 0.01121 0.599694 0.20181 
0.0208599 0.0648599 0.00476712 0.0424021 0.687634 0.179477 
0.00925622 0.112723 0.000672739 0.157313 0.603092 0.116943 
0.0263878 0.0964137 0.0011115 0.0301781 0.770273 0.0756362 
0.0187294 0.301066 7.48419e-06 0.0642163 0.563391 0.0525906 
0.031397 0.0373851 0.010156 0.0720692 0.576215 0.272777 
0.00537231 0.164783 9.73878e-05 0.0565716 0.596374 0.176801 
0.0145799 0.0299876 0.00110824 0.040781 0.686017 0.227526 
0.0332699 0.0648523 4.70808e-05 0.00791467 0.680312 0.213604 
0.0181645 0.0855137 2.35002e-06 0.000802326 0.87289 0.0226268 
0.0762237 0.202764 0.000725077 0.0217525 0.479502 0.219032 
0.0203613 0.203722 0.000294935 0.0259387 0.460089 0.289594 
0.0512659 0.236697 0.00458148 0.0305228 0.42808 0.248853 
0.0228285 0.0613943 3.40975e-05 0.00573915 0.491392 0.418612 
0.0272239 0.0590892 0.00232814 0.00531744 0.777502 0.128539 
0.0194224 0.275999 0.000464563 0.0287875 0.602261 0.0730649 
0.0844803 0.264159 0.00501825 0.0285884 0.316845 0.300909 
0.00839048 0.0174831 0.00085483 0.0150459 0.854124 0.104102 
0.0833777 0.0769781 0.00182492 0.015826 0.768729 0.0532644 
0.0670976 0.0776269 0.000446995 0.0105269 0.661197 0.183105 
0.00977258 0.192361 0.000202303 0.00631369 0.637562 0.153789 
0.0924697 0.345987 0.00369644 0.0813959 0.348223 0.128228 
0.00983819 0.0515915 0.000349301 0.0181823 0.781496 0.138543 
0.0475673 0.224371 0.00647152 0.0457141 0.378817 0.297059 
0.0434456 0.0547389 7.26e-05 0.0373783 0.762571 0.101793 
0.020622 0.0356083 0.0129249 0.0880741 0.689498 0.153272 
0.00896174 0.12305 0.00165631 0.00646082 0.71871 0.141161 
0.0539511 0.113807 0.0036895 0.0696837 0.559402 0.199466 
0.0359743 0.0288158 0.000193917 0.0245658 0.700517 0.209933 
0.0438966 0.169977 0.0053021 0.0158789 0.402504 0.362441 
0.0335071 0.0952547 0.000482973 0.0968256 0.572443 0.201487 
0.0210381 0.0678274 0.000659377 0.00505748 0.664484 0.240933 
0.0256254 0.128398 0.00567573 0.277902 0.298187 0.264212 
0.00739061 0.118934 0.00133226 0.005146 0.735713 0.131484 
0.0309445 0.130186 0.000645961 0.0109217 0.656039 0.171263 
0.00968137 0.0869242 0.0013655 0.00437469 0.679967 0.217687 
0.0151214 0.114385 0.0138954 0.01773 0.621708 0.217161 
0.284674 0.0591124 7.16339e-05 0.00618207 0.419018 0.230942 
0.0246538 0.13097 0.00598967 0.0596672 0.7167 0.0620194 
0.0386979 0.026108 3.29132e-05 0.246061 0.368237 0.320863 
0.0246538 0.13097 0.00598967 0.0596672 0.7167 0.0620194 
0.0580357 0.0396691 0.0137112 0.0200111 0.72511 0.143463 
0.0180566 0.0381471 0.00178419 0.00759167 0.744179 0.190241 
0.0974696 0.090063 0.00170291 0.0252555 0.482154 0.303355 
0.0500947 0.154167 0.000753213 0.0195047 0.477674 0.297806 
0.099335 0.204867 0.0127893 0.0931283 0.324025 0.265855 
0.0247106 0.189573 0.000368553 0.052419 0.388186 0.344743 
0.0215402 0.0598114 0.000333554 0.0136254 0.752903 0.151786 
0.0123698 0.0607134 0.00329104 0.00733841 0.783567 0.13272 
0.0285094 0.0692237 0.00092102 0.00798791 0.838683 0.0546751 
0.242393 0.217113 0.00288991 0.0126397 0.327586 0.197378 
0.0663859 0.0485355 7.94081e-05 0.0191472 0.439346 0.426506 
0.0152849 0.019869 0.00224882 0.0140348 0.681673 0.26689 
0.0362789 0.145995 0.0014323 0.0299278 0.52271 0.263656 
0.0728823 0.16355 0.000169781 0.0118466 0.402047 0.349504 
0.0459768 0.179286 0.00154931 0.0171116 0.538171 0.217905 
0.0835017 0.107429 3.85767e-06 0.0228696 0.559672 0.226523 
0.087453 0.0287544 0.000126495 0.00414099 0.749797 0.129728 
0.0198452 0.0924985 0.000817892 0.0119474 0.73424 0.140651 
0.0772281 0.0887859 0.003573 0.125451 0.547282 0.15768 
0.075468 0.129264 0.00048854 0.176713 0.42151 0.196556 
0.0148267 0.189459 0.00282283 0.0154896 0.651295 0.126107 
0.0425443 0.124055 0.00155383 0.0197732 0.437394 0.374679 
0.0348021 0.0256122 2.98813e-05 0.00717809 0.829644 0.102734 
0.0372244 0.0359796 0.000494659 0.0117865 0.608869 0.305645 
0.0686602 0.210747 0.00338703 0.0440893 0.540582 0.132534 
0.0951884 0.0656309 0.00350216 0.126053 0.434249 0.275377 
0.0134546 0.117209 6.71829e-05 0.015647 0.763465 0.0901565 
0.0128797 0.116828 0.00118367 0.00442524 0.737134 0.12755 
0.049405 0.0814474 0.0601148 0.248641 0.369364 0.191027 
0.0421618 0.257434 0.000523207 0.0250663 0.412688 0.262127 
0.0230107 0.357987 1.32207e-05 0.0372693 0.424545 0.157175 
0.0635763 0.216029 0.000949341 0.0436513 0.346186 0.329608 
0.0295965 0.138232 1.01163e-05 0.0443158 0.64868 0.139165 
0.0187294 0.301066 7.48419e-06 0.0642163 0.563391 0.0525906 
0.0673551 0.130485 0.00180715 0.0344575 0.491118 0.274777 
0.0209575 0.0331548 0.00297743 0.0131037 0.553145 0.376661 
0.0344289 0.329854 6.63746e-05 0.010247 0.342697 0.282707 
0.0729206 0.0593789 0.00100273 0.0293941 0.674258 0.163046 
0.0100359 0.0967075 3.24243e-05 0.00823397 0.675409 0.209581 
0.0517044 0.255498 0.00351353 0.00575595 0.468683 0.214845 
0.0292675 0.128036 0.0103884 0.0159021 0.705107 0.111298 
0.0105003 0.064265 0.00190927 0.0301524 0.788582 0.104591 
0.0203401 0.360623 8.71043e-07 0.00226341 0.460499 0.156274 
0.178176 0.12341 0.200825 0.060522 0.294612 0.142456 
0.0267434 0.0489466 0.00456202 0.0374031 0.73238 0.149965 
0.0272239 0.0590892 0.00232814 0.00531744 0.777502 0.128539 
0.0386074 0.185803 0.00120918 0.020935 0.644858 0.108588 
0.0215542 0.165487 0.0172928 0.0121932 0.63823 0.145243 
0.019301 0.0532004 0.000624668 0.0110109 0.868486 0.047377 
0.0305863 0.00815185 0.000235222 0.00296456 0.813084 0.144978 
0.0344176 0.178596 0.00178597 0.00256628 0.502335 0.2803 
0.0401798 0.0541467 3.83524e-05 0.00582116 0.74163 0.158184 
0.159145 0.128435 8.18905e-05 0.00315847 0.564902 0.144277 
0.0159151 0.0771809 5.89527e-05 0.0096742 0.564819 0.332352 
0.00433863 0.0833722 1.70957e-06 0.0317632 0.583552 0.296972 
0.140291 0.28356 0.00466297 0.057098 0.333525 0.180864 
0.0475533 0.269513 0.000716114 0.0306939 0.414889 0.236634 
0.0412023 0.102756 8.30127e-05 0.00541232 0.658956 0.19159 
0.00896174 0.12305 0.00165631 0.00646082 0.71871 0.141161 
0.0958795 0.0276048 0.000126059 0.00240103 0.787688 0.0863008 
0.0358015 0.0997806 0.00821358 0.0789371 0.633466 0.143801 
0.185307 0.193195 0.00519009 0.010768 0.408181 0.19736 
0.0074573 0.0245462 0.000645727 0.0741938 0.803407 0.0897497 
0.0179897 0.307983 0.00130533 0.0712741 0.378666 0.222781 
0.0330597 0.0321656 0.000306544 0.0385893 0.812032 0.0838468 
0.00325524 0.105458 1.43957e-06 0.0287617 0.612206 0.250318 
0.202262 0.154746 0.0307295 0.0413028 0.336343 0.234617 
0.0246538 0.13097 0.00598967 0.0596672 0.7167 0.0620194 
0.0250549 0.0497858 0.000457943 0.0184499 0.638041 0.26821 
0.0162169 0.0558893 0.00092729 0.0265105 0.742015 0.158441 
0.00712892 0.115699 0.00137987 0.00508943 0.741912 0.128791 
0.165326 0.129473 0.0151198 0.0906703 0.456222 0.143189 
0.015842 0.0931065 0.000202708 0.00839412 0.716646 0.165808 
0.0248248 0.034527 0.00713306 0.0574784 0.639378 0.236659 
0.0156469 0.108913 1.78433e-05 0.00357614 0.65075 0.221096 
0.0500873 0.354306 0.000232705 0.00569712 0.355974 0.233703 
0.00739061 0.118934 0.00133226 0.005146 0.735713 0.131484 
0.0223246 0.198193 0.0348923 0.0214199 0.56692 0.156249 
0.0649747 0.253808 0.000620361 0.018312 0.358324 0.303961 
0.274522 0.0695461 2.06634e-05 0.0763378 0.355198 0.224376 
0.0152296 0.101682 0.00516214 0.0102842 0.712015 0.155628 
0.124282 0.236908 0.00287859 0.0144605 0.377451 0.24402 
0.0323663 0.249781 0.00361001 0.0184739 0.475568 0.220201 
0.0510945 0.180779 0.00403039 0.0287693 0.522763 0.212564 
0.0558962 0.0309157 0.0499517 0.0313604 0.676 0.155876 
0.0433639 0.0437227 0.00904535 0.0569685 0.663876 0.183024 
0.0366225 0.161371 5.68806e-05 0.0150115 0.425669 0.361269 
0.0475915 0.0429141 0.000456558 0.0176743 0.63387 0.257494 
0.0232786 0.084348 0.00263444 0.015411 0.770249 0.104078 
0.0699147 0.183712 0.00146967 0.0188662 0.405168 0.32087 
0.205794 0.0431183 0.000324277 0.0183434 0.4957 0.236721 
0.17909 0.128438 0.000239739 0.0249617 0.523547 0.143724 
0.0416499 0.0852955 0.00208738 0.0819039 0.466636 0.322427 
0.0844211 0.174679 0.000470858 0.0634917 0.363797 0.31314 
0.0414418 0.334585 0.00299112 0.0120842 0.337405 0.271492 
0.0177618 0.18834 0.0103622 0.223019 0.323389 0.237127 
0.0149524 0.0323223 0.00597307 0.11587 0.719854 0.111028 
0.0201726 0.0409012 0.0138023 0.169536 0.631936 0.123652 
0.0576846 0.149272 0.0219803 0.0414303 0.440932 0.288701 
0.0141832 0.0402844 6.21977e-05 0.023363 0.830163 0.0919442 
0.124548 0.0201501 2.16791e-05 0.015935 0.523262 0.316083 
0.00832711 0.0256834 5.38038e-05 0.0439642 0.805368 0.116603 
0.0163349 0.0232089 0.00301134 0.0141737 0.658725 0.284546 
0.0241654 0.181698 0.00106863 0.0175179 0.594561 0.180989 
6.27144e-06 0.281818 1.58756e-05 9.48848e-06 0.696239 0.0219116 
0.0165551 0.115669 1.57485e-05 0.00276264 0.727677 0.137321 
0.0483021 0.218086 0.00709673 0.11779 0.314368 0.294357 
0.0752634 0.263209 0.00226058 0.032096 0.349296 0.277875 
0.0230036 0.0378252 0.00700602 0.0494995 0.681554 0.201111 
0.0317008 0.322305 0.000260264 0.00760625 0.515315 0.122813 
0.0570692 0.0401535 0.0126439 0.0302504 0.698906 0.160977 
0.0279728 0.201372 0.00310717 0.0301729 0.556329 0.181046 
0.015039 0.0924812 0.000937109 0.0661654 0.648262 0.177115 
0.0448481 0.0344365 0.000871489 0.0361428 0.818086 0.0656152 
0.118824 0.308683 0.0054422 0.0345814 0.328595 0.203875 
0.159899 0.236281 0.00131117 0.0247624 0.303593 0.274153 
0.0466798 0.0311127 0.000319116 0.0199416 0.720562 0.181385 
0.0320556 0.378637 0.000321543 0.0172236 0.387757 0.184005 
0.0383405 0.188476 0.000323249 0.0631387 0.442273 0.267448 
0.00676643 0.0171716 0.00289438 0.0142079 0.787904 0.171055 
0.00612484 0.02143 0.000101029 0.0814484 0.801369 0.0895264 
0.0606992 0.133814 0.00924856 0.0504858 0.493456 0.252296 
0.124246 0.128593 0.26476 0.0409954 0.265703 0.175703 
0.0193607 0.241202 8.32146e-06 0.0676476 0.568079 0.103702 
0.106432 0.287608 0.00508613 0.0191859 0.408452 0.173236 
0.0121951 0.0804071 0.000239874 0.00735579 0.810884 0.0889186 
0.343852 0.0652188 0.00198527 0.015082 0.513673 0.0601885 
0.0505678 0.0872234 0.00184628 0.0259734 0.56986 0.264529 
