0.0312552 0.325832 0.0022689 0.0432326 0.119562 0.477849 
0.0835052 0.163037 0.00405273 0.0525105 0.0770524 0.619842 
0.104546 0.303673 0.00518863 0.0898387 0.0539631 0.442791 
0.0290965 0.107722 2.66122e-05 0.0232177 0.0992942 0.740643 
0.0468546 0.133343 0.00279984 0.015347 0.0463292 0.755326 
0.0211141 0.161924 0.000670074 0.00960479 0.150521 0.656166 
0.1194 0.271807 0.00181487 0.0236492 0.137743 0.445586 
0.0983647 0.105463 0.019751 0.13406 0.0389203 0.603441 
0.0266574 0.327393 0.000592413 0.0388031 0.0473564 0.559197 
0.018171 0.115539 0.00119207 0.0943604 0.10614 0.664598 
0.0604965 0.275426 0.000201513 0.03326 0.143494 0.487122 
0.129366 0.209974 0.00363017 0.217059 0.0498153 0.390155 
0.0166835 0.0173502 5.21397e-05 0.105849 0.0434221 0.816643 
0.0558473 0.0651409 0.0059023 0.0968107 0.0908599 0.685439 
0.0494466 0.339039 0.00945629 0.0681968 0.0896022 0.444259 
0.101499 0.198411 0.0112153 0.0960181 0.0716574 0.5212 
0.240052 0.187083 0.00569346 0.0479808 0.11205 0.407141 
0.0245314 0.0449026 0.00731042 0.0875146 0.131606 0.704135 
0.0373563 0.180614 0.00786251 0.0824714 0.190755 0.500941 
0.329809 0.155073 0.00384335 0.0292745 0.0653889 0.416611 
0.0331936 0.22888 0.000706343 0.0780785 0.0783252 0.580817 
0.187655 0.139918 0.0307874 0.0538559 0.0509594 0.536824 
0.0488536 0.0581895 0.109338 0.116929 0.116628 0.550063 
0.0618913 0.304003 0.00124056 0.0195286 0.0719569 0.54138 
0.0381555 0.322656 0.00272112 0.0348487 0.139098 0.46252 
0.249488 0.123868 0.0124363 0.219261 0.0469287 0.348018 
0.0732961 0.298991 0.0112222 0.138404 0.0796974 0.398389 
0.0235171 0.176878 0.0117975 0.0413916 0.0785828 0.667833 
0.0256158 0.248374 0.00204722 0.0361774 0.11839 0.569396 
0.0351807 0.116497 0.0057078 0.104896 0.0641379 0.673581 
0.072975 0.127207 0.0018998 0.0260986 0.111749 0.66007 
0.0832381 0.227325 0.0171085 0.0387443 0.107692 0.525892 
0.0558026 0.0769057 0.0793718 0.10837 0.154084 0.525466 
0.381146 0.0298648 0.00292705 0.0351754 0.0807029 0.470183 
0.177031 0.0828332 0.00110951 0.0199429 0.0582663 0.660817 
0.0539701 0.184696 0.00678778 0.0322615 0.128252 0.594033 
0.0168004 0.0803433 0.000354796 0.012147 0.0752917 0.815063 
0.0422638 0.299869 0.0180855 0.042114 0.03228 0.565387 
0.0259494 0.278483 0.000262348 0.0527604 0.0366987 0.605846 
0.0550553 0.182503 0.0110219 0.0444568 0.10298 0.603984 
0.05592 0.313753 0.00810218 0.0437618 0.0632927 0.51517 
0.0373386 0.0308158 0.00397571 0.0417792 0.124745 0.761346 
0.245843 0.0790964 0.00876469 0.0177842 0.153366 0.495146 
0.335676 0.177762 5.18007e-07 0.00455419 0.0439124 0.438095 
0.0395609 0.318797 0.000488909 0.00974709 0.265588 0.365818 
0.0402735 0.324925 0.00189157 0.0130778 0.0887933 0.531039 
0.176217 0.136054 0.0407372 0.0861089 0.0484154 0.512467 
0.0666472 0.0589887 5.21702e-05 0.0317868 0.258496 0.584029 
0.0344312 0.178567 0.00596196 0.149238 0.078509 0.553293 
0.0643821 0.0879317 2.08867e-05 0.0100985 0.282825 0.554742 
0.013649 0.0203932 0.000365005 0.0445599 0.112943 0.80809 
0.144564 0.159449 0.0253059 0.0936112 0.151035 0.426034 
0.0680393 0.163915 0.0072851 0.0373027 0.117134 0.606325 
0.14043 0.178709 0.00864879 0.0381519 0.161284 0.472776 
0.0345549 0.198665 0.00452744 0.02901 0.163216 0.570027 
0.0280124 0.0947092 0.00277566 0.0207962 0.114274 0.739432 
0.118119 0.150985 0.000399483 0.0515916 0.242619 0.436287 
0.0584722 0.119241 0.000950326 0.0292871 0.0835207 0.708529 
0.0179243 0.0181433 0.000514461 0.0166239 0.070041 0.876753 
0.17137 0.0952136 0.00215094 0.0590431 0.0683777 0.603844 
0.0779293 0.0574427 0.00352926 0.0845548 0.0571811 0.719363 
0.0581141 0.279283 0.00166418 0.0296341 0.0983041 0.533001 
0.118052 0.259177 0.0432935 0.159512 0.0608071 0.359158 
0.136557 0.0148836 0.00130716 0.0982286 0.103359 0.645665 
0.0992583 0.168219 0.0059868 0.0572082 0.115664 0.553664 
0.167459 0.19865 0.0104507 0.0839852 0.0899794 0.449476 
0.209323 0.227658 0.00131129 0.0150622 0.0887971 0.457848 
0.111936 0.159677 0.00883003 0.0566564 0.120687 0.542213 
0.185151 0.149257 0.00807889 0.0335243 0.0799412 0.544047 
0.0757347 0.183426 0.00152936 0.00620932 0.0291863 0.703915 
0.0550204 0.121236 0.000570074 0.0328985 0.0500719 0.740203 
0.107233 0.240445 0.0435373 0.263605 0.0676781 0.277501 
0.0558473 0.0651409 0.0059023 0.0968107 0.0908599 0.685439 
0.0820956 0.160605 0.000813575 0.113112 0.0967315 0.546642 
0.044699 0.140653 0.000907579 0.17665 0.0641451 0.572946 
0.0166157 0.133733 0.000412478 0.00183969 0.146366 0.701032 
0.132629 0.337688 0.00357326 0.0355646 0.116003 0.374543 
0.480526 0.00776537 0.00132247 0.00697965 0.0106389 0.492768 
0.176112 0.309789 0.00545095 0.041039 0.0545466 0.413063 
0.0320284 0.0874141 0.000141595 0.0633102 0.100226 0.716879 
0.12783 0.124042 0.00450152 0.0387959 0.204528 0.500302 
0.130849 0.166097 0.00267158 0.0631965 0.127192 0.509995 
0.0558473 0.0651409 0.0059023 0.0968107 0.0908599 0.685439 
0.0570578 0.150825 0.00658583 0.0325376 0.0302762 0.722718 
0.153085 0.0847666 0.00297156 0.294753 0.0730756 0.391348 
0.213844 0.0730355 0.00284853 0.11995 0.018931 0.571391 
0.0315327 0.17344 0.00404828 0.16702 0.0692784 0.554681 
0.0488536 0.0581895 0.109338 0.116929 0.116628 0.550063 
0.0187908 0.0589292 0.000824828 0.0774827 0.0644078 0.779565 
0.0915849 0.334093 0.00136681 0.0108461 0.0308644 0.531244 
0.0641739 0.0912138 0.00326602 0.0665871 0.0964703 0.678289 
0.385713 0.104852 0.019824 0.0188335 0.0408822 0.429895 
0.0140122 0.0756075 0.000815618 0.0809655 0.0519205 0.776679 
0.134785 0.220692 0.0155223 0.124288 0.0130857 0.491628 
0.0239402 0.00305116 0.000129559 0.0440938 0.0366449 0.89214 
0.0481015 0.163641 6.79873e-05 0.0142957 0.212588 0.561306 
0.0763555 0.11956 0.0207659 0.103903 0.0860971 0.593318 
0.0801175 0.0871662 0.0298927 0.0355946 0.105073 0.662156 
0.0377426 0.257857 0.00396882 0.0996099 0.0168669 0.583955 
0.04763 0.0517273 0.0021163 0.104175 0.0766695 0.717681 
0.0545941 0.266265 0.026469 0.0265505 0.0911475 0.534974 
0.0946987 0.181762 0.0183081 0.0409976 0.152098 0.512136 
0.0904384 0.274924 0.0197512 0.028809 0.0562899 0.529788 
0.109819 0.109443 0.0121276 0.0313524 0.345591 0.391666 
0.0484934 0.0534411 0.00298401 0.0179887 0.328658 0.548435 
0.0529551 0.220554 0.00527837 0.0319514 0.089935 0.599326 
0.0317952 0.171973 0.0023458 0.0341832 0.0690445 0.690658 
0.0926882 0.0615116 0.0074535 0.0644147 0.094112 0.67982 
0.0106903 0.0247117 0.000638436 0.0291977 0.175108 0.759654 
0.0243186 0.0729727 0.000482817 0.0262883 0.116634 0.759303 
0.0135606 0.211373 0.000975701 0.0116206 0.152063 0.610407 
0.0489976 0.318959 0.00208881 0.0353904 0.0781053 0.516459 
0.0464199 0.069696 0.000156297 0.0135476 0.122088 0.748092 
0.00791235 0.318754 0.000454939 0.00539346 0.0777753 0.58971 
0.0398543 0.312729 0.00163447 0.0424759 0.0992962 0.50401 
0.0558473 0.0651409 0.0059023 0.0968107 0.0908599 0.685439 
0.0630008 0.256999 0.00787345 0.0237881 0.0570726 0.591266 
0.0918761 0.34444 0.00805578 0.0493029 0.116075 0.39025 
0.0395358 0.0670757 0.00791309 0.199869 0.075436 0.610171 
0.013649 0.0203932 0.000365005 0.0445599 0.112943 0.80809 
0.0208968 0.0132079 0.000109128 0.0563972 0.107373 0.802016 
0.0602678 0.182406 0.00778354 0.138612 0.125256 0.485675 
0.131204 0.179164 0.000687955 0.113718 0.090551 0.484675 
0.0680185 0.167818 0.0310581 0.0214925 0.251137 0.460476 
0.106256 0.359648 0.000729377 0.0136599 0.0327139 0.486992 
0.022083 0.0427533 0.0133595 0.0140869 0.122512 0.785205 
0.146547 0.0664907 0.0120878 0.0342337 0.223397 0.517244 
0.252097 0.223793 0.000631132 0.135748 0.104527 0.283204 
0.0598936 0.0568872 0.0107488 0.145164 0.203877 0.523429 
0.0691089 0.369402 0.00192536 0.0289649 0.0621571 0.468442 
0.0910904 0.0432599 0.000455274 0.0322653 0.061936 0.770993 
0.0629772 0.029058 0.00039723 0.0843531 0.0751645 0.74805 
0.0353404 0.0539152 0.00016961 0.00896553 0.0799913 0.821618 
0.116944 0.174715 0.0200725 0.00502366 0.0576931 0.625552 
0.117588 0.124852 0.0107099 0.117042 0.0883259 0.541482 
0.0333377 0.273052 0.00197361 0.0143616 0.150793 0.526481 
0.165092 0.112963 0.00342897 0.0351842 0.0754518 0.60788 
0.0752485 0.106968 0.0225713 0.307124 0.0518074 0.436281 
0.0351807 0.116497 0.0057078 0.104896 0.0641379 0.673581 
0.0579893 0.0800677 0.00564775 0.0354954 0.240501 0.580299 
0.013649 0.0203932 0.000365005 0.0445599 0.112943 0.80809 
0.057388 0.231492 0.0128093 0.061619 0.0350764 0.601616 
0.0376077 0.0771305 0.00362294 0.0340343 0.116099 0.731506 
0.045095 0.0662782 0.00347672 0.0537833 0.0554675 0.775899 
0.14655 0.28636 0.00368723 0.0372868 0.107976 0.418141 
0.0315066 0.154619 0.0154477 0.137114 0.11411 0.547203 
0.0193318 0.012417 0.000394289 0.0271208 0.0674362 0.8733 
0.0343418 0.125286 0.000401423 0.186852 0.272204 0.380915 
0.0609468 0.132838 0.000188046 0.0505262 0.0646194 0.690882 
0.00550566 0.264142 6.61743e-05 0.0130879 0.2283 0.488899 
0.0422164 0.249046 0.0213521 0.0746831 0.119591 0.493112 
0.0351807 0.116497 0.0057078 0.104896 0.0641379 0.673581 
0.0481697 0.128527 0.0151165 0.0483073 0.0709545 0.688925 
0.0935165 0.147902 0.00076192 0.0744145 0.102973 0.580432 
0.0552504 0.326456 0.00672822 0.0669988 0.08866 0.455907 
0.112053 0.0671798 0.000330449 0.0288243 0.143348 0.648265 
0.119557 0.244964 0.0406823 0.103726 0.0667796 0.424291 
0.023945 0.394862 0.0107174 0.028798 0.0027774 0.5389 
0.165297 0.193435 0.00612128 0.0775202 0.0564639 0.501163 
0.274856 0.263006 0.00670717 0.0301282 0.125077 0.300225 
0.0637121 0.187586 0.000897257 0.0314208 0.301043 0.415341 
0.045442 0.0450432 0.000977701 0.0221695 0.183892 0.702476 
0.173977 0.179809 0.00033114 0.0226074 0.0839585 0.539317 
0.0560307 0.118767 0.00874449 0.106235 0.0840121 0.62621 
0.0535937 0.103216 0.00103937 0.06868 0.158153 0.615318 
0.0503791 0.111443 0.0032518 0.029553 0.0991189 0.706255 
0.0141294 0.0848328 0.000383726 0.0506826 0.0983064 0.751665 
0.101601 0.034884 0.00169612 0.0365945 0.0488873 0.776337 
0.0558473 0.0651409 0.0059023 0.0968107 0.0908599 0.685439 
0.0481697 0.128527 0.0151165 0.0483073 0.0709545 0.688925 
0.0394009 0.309258 0.0108907 0.0140577 0.0667192 0.559673 
0.197283 0.254396 0.00891712 0.0812065 0.0820057 0.376192 
0.0606322 0.319782 0.0011312 0.014715 0.113376 0.490364 
0.0238503 0.12945 0.000274855 0.0191877 0.122005 0.705232 
0.0179243 0.0181433 0.000514461 0.0166239 0.070041 0.876753 
0.0328709 0.343604 0.00653488 0.0277744 0.243745 0.345471 
0.0281083 0.0439764 0.00168347 0.270723 0.0504265 0.605082 
0.0629896 0.339438 0.00850747 0.185741 0.0561778 0.347146 
0.0772259 0.0782495 0.0104524 0.0202463 0.0832032 0.730623 
0.142704 0.0653415 0.0108751 0.148276 0.0703009 0.562503 
0.0496103 0.117067 0.00496073 0.083816 0.178615 0.565931 
0.0310208 0.0621651 0.00495298 0.0157144 0.104639 0.781508 
0.0694231 0.119284 0.00538983 0.0210864 0.103086 0.681731 
0.0871319 0.158652 0.00224476 0.0148911 0.149141 0.587939 
0.0982229 0.209543 0.00675516 0.0463296 0.0604598 0.57869 
0.013649 0.0203932 0.000365005 0.0445599 0.112943 0.80809 
0.0514256 0.135153 0.00352571 0.157591 0.0769903 0.575315 
0.101847 0.0974838 0.00250218 0.0248122 0.108152 0.665203 
0.130166 0.156084 0.000975979 0.0670677 0.0768273 0.568879 
0.0241798 0.0293497 0.000436409 0.0263846 0.0894082 0.830241 
0.093167 0.1955 0.0175448 0.0699675 0.0816971 0.542124 
0.0604945 0.358068 0.000197843 0.0624903 0.104984 0.413764 
0.057421 0.246133 0.00887512 0.0218817 0.13037 0.535319 
0.0409581 0.186479 0.00501095 0.0177794 0.100872 0.648901 
0.0382282 0.391799 0.00102876 0.0148582 0.0741503 0.479936 
0.0718844 0.185036 0.0017085 0.0337715 0.182883 0.524716 
0.0781491 0.10633 0.00350037 0.0606985 0.373862 0.37746 
0.0604965 0.275426 0.000201513 0.03326 0.143494 0.487122 
0.0179243 0.0181433 0.000514461 0.0166239 0.070041 0.876753 
0.0668134 0.289696 0.00332545 0.0747075 0.0795288 0.485929 
0.111661 0.241196 0.00339081 0.0483593 0.200875 0.394518 
0.0183464 0.138545 0.000267973 0.0570842 0.0806232 0.705133 
0.076375 0.154198 0.000833466 0.0713791 0.144095 0.553119 
0.00648902 0.21315 2.23172e-05 7.65701e-05 0.132984 0.647278 
0.013649 0.0203932 0.000365005 0.0445599 0.112943 0.80809 
0.0446151 0.186845 0.00863868 0.0909221 0.05365 0.61533 
0.113701 0.122502 0.00515976 0.0400036 0.058218 0.660415 
0.0806089 0.156126 0.0271239 0.128167 0.0358155 0.572159 
0.0834377 0.26383 0.00411129 0.0386899 0.0842788 0.525652 
0.0558473 0.0651409 0.0059023 0.0968107 0.0908599 0.685439 
0.0526488 0.0481391 0.00124122 0.0615213 0.0449681 0.791481 
0.072114 0.34396 0.00906023 0.0299852 0.105294 0.439586 
0.0921884 0.148059 0.00127373 0.0147849 0.163038 0.580655 
0.0390302 0.339162 0.00346635 0.00774175 0.0689449 0.541655 
0.0558473 0.0651409 0.0059023 0.0968107 0.0908599 0.685439 
0.0726584 0.23097 0.00605391 0.0448353 0.100932 0.544551 
0.0429313 0.066095 0.0197322 0.107128 0.167659 0.596454 
0.0558473 0.0651409 0.0059023 0.0968107 0.0908599 0.685439 
0.0194472 0.182144 0.0016456 0.0273104 0.11011 0.659343 
0.0545057 0.262859 0.00460732 0.0300616 0.0456699 0.602296 
0.0708669 0.197143 0.00710827 0.252731 0.044215 0.427936 
0.0543152 0.210093 0.0704202 0.265916 0.0470864 0.352169 
0.373438 0.113816 0.00705208 0.0497777 0.069605 0.386311 
0.166036 0.105008 0.00345445 0.114248 0.15666 0.454594 
0.0245314 0.0449026 0.00731042 0.0875146 0.131606 0.704135 
0.0470314 0.17799 3.5944e-05 0.0449118 0.0354018 0.694629 
0.0537347 0.0713909 0.0175681 0.0418214 0.116524 0.698961 
0.0606658 0.0956298 0.00172765 0.0153281 0.121426 0.705222 
0.0584613 0.171005 0.000139534 0.0204611 0.330897 0.419036 
0.0082595 0.299621 0.000374742 0.0169849 0.0957057 0.579054 
0.13261 0.131495 0.000857578 0.118717 0.0616494 0.554672 
0.0626952 0.127982 0.00284882 0.0413137 0.126954 0.638206 
0.108009 0.36272 0.00107027 0.0096056 0.0591098 0.459485 
0.100297 0.0986417 0.015847 0.354158 0.0693943 0.361663 
0.0264007 0.0176851 8.46729e-05 0.0227541 0.11462 0.818455 
0.0666472 0.0589887 5.21702e-05 0.0317868 0.258496 0.584029 
0.0218011 0.158775 2.57775e-05 0.00956698 0.183952 0.625878 
0.0780108 0.274141 0.00205235 0.0108072 0.0470501 0.587939 
0.178591 0.134169 0.0723729 0.0896524 0.0264951 0.498719 
0.0994811 0.135137 0.000448269 0.0299993 0.223035 0.5119 
0.309877 0.0681382 0.0684639 0.0487377 0.0934225 0.41136 
0.0881431 0.120698 0.00035603 0.0207666 0.166535 0.603501 
0.196069 0.0444392 0.00088795 0.0211401 0.056339 0.681124 
0.0106903 0.0247117 0.000638436 0.0291977 0.175108 0.759654 
0.0984394 0.0251989 0.000582648 0.032912 0.143844 0.699023 
0.0172878 0.302576 0.00173972 0.125809 0.133154 0.419433 
0.0920355 0.0534158 0.00967143 0.350762 0.0664273 0.427688 
0.091008 0.0930258 0.0211834 0.0415432 0.0967023 0.656537 
0.0610537 0.293074 0.00054247 0.0538301 0.0693086 0.522192 
0.0714843 0.201119 0.0282878 0.0847694 0.0666013 0.547738 
0.0597495 0.038319 0.000994352 0.0587121 0.0997183 0.742507 
0.0308164 0.198401 0.000593403 0.0158497 0.117645 0.636695 
0.0256195 0.193843 0.0126557 0.114317 0.143283 0.510282 
0.0355139 0.00864401 0.000514145 0.0339094 0.0543817 0.867037 
0.167387 0.221468 0.00727031 0.051108 0.0773537 0.475413 
0.106256 0.359648 0.000729377 0.0136599 0.0327139 0.486992 
0.0558473 0.0651409 0.0059023 0.0968107 0.0908599 0.685439 
0.0242007 0.22071 0.00103813 0.019212 0.0981692 0.63667 
0.0895843 0.264233 0.00816071 0.027741 0.064979 0.545302 
0.119913 0.0709779 6.67857e-05 0.0244689 0.0722008 0.712373 
0.0456883 0.0376348 0.00491268 0.0999251 0.0568514 0.754988 
0.341892 0.181618 0.0053855 0.0138262 0.0501005 0.407179 
0.085291 0.217699 0.00916197 0.0335876 0.0696319 0.584628 
0.261013 0.214224 0.0394128 0.125174 0.0367022 0.323474 
0.013649 0.0203932 0.000365005 0.0445599 0.112943 0.80809 
0.251026 0.287974 0.0101928 0.0745577 0.0581189 0.31813 
0.091813 0.113741 0.00490114 0.032252 0.0997583 0.657534 
0.190103 0.103302 0.0166356 0.124942 0.0233584 0.541659 
0.122123 0.343542 0.0194204 0.0691837 0.0632354 0.382495 
0.148549 0.154798 0.0284327 0.233009 0.0261815 0.40903 
0.118264 0.0738012 0.0617797 0.320816 0.0292043 0.396135 
0.0994083 0.0693584 0.0296092 0.122058 0.079444 0.600122 
0.025397 0.0305653 0.00115196 0.0918917 0.0648602 0.786134 
0.0157852 0.064496 0.00539525 0.374924 0.0457722 0.493627 
0.0952565 0.240822 0.00387682 0.0244404 0.0853671 0.550237 
0.0487022 0.0595165 0.0154119 0.377823 0.0366318 0.461915 
0.0110681 0.320195 0.00327469 0.0230189 0.0657371 0.576706 
0.0104609 0.437619 0.000421577 0.00981338 0.0483422 0.493343 
0.0471793 0.207071 0.0121349 0.0362025 0.321603 0.375809 
0.0430233 0.104684 0.0129122 0.08334 0.177181 0.57886 
0.0640018 0.0523106 0.0704645 0.101637 0.0376713 0.673915 
0.135497 0.292178 0.0111128 0.0990578 0.137982 0.324172 
0.045795 0.179435 0.00615131 0.0315016 0.124023 0.613094 
0.0586864 0.0616171 0.0104006 0.0748087 0.126063 0.668424 
0.0847815 0.115901 0.0135522 0.257985 0.12118 0.4066 
0.0326476 0.0626333 0.01635 0.100864 0.103572 0.683933 
0.166213 0.306064 0.0180408 0.0628696 0.0653669 0.381446 
0.27417 0.106844 0.0070171 0.0469829 0.0671484 0.497837 
0.0817588 0.378882 0.0572419 0.069038 0.0207715 0.392307 
0.0351917 0.271263 0.0017729 0.0423578 0.0949143 0.5545 
0.1376 0.0871281 0.00493469 0.0135498 0.13135 0.625437 
0.0294623 0.249379 0.0385435 0.10944 0.19355 0.379625 
0.0313837 0.0512647 0.00127338 0.0514191 0.0873383 0.777321 
0.0530902 0.151279 0.0137872 0.184362 0.0667098 0.530772 
0.251896 0.167895 0.0155695 0.0580124 0.0846789 0.421949 
0.0480911 0.32659 0.000431781 0.0024375 0.275013 0.347436 
0.0558473 0.0651409 0.0059023 0.0968107 0.0908599 0.685439 
0.0178325 0.0642671 0.00155795 0.0616887 0.147271 0.707382 
0.168511 0.201902 0.0303347 0.0982668 0.0289424 0.472043 
0.0558473 0.0651409 0.0059023 0.0968107 0.0908599 0.685439 
0.045068 0.209665 0.00151843 0.0919286 0.0848122 0.567008 
0.0985315 0.308762 0.000595099 0.0225988 0.134122 0.435391 
0.203172 0.0371097 0.000731364 0.0157854 0.200781 0.542421 
0.0699677 0.0865018 0.00338612 0.102329 0.0657825 0.672033 
0.0891424 0.298988 0.00796753 0.0475592 0.0637745 0.492568 
0.0551255 0.308133 0.035262 0.036841 0.03391 0.530728 
0.0381281 0.242207 0.00984882 0.0576839 0.0615457 0.590586 
0.114343 0.202596 0.00408694 0.0410935 0.0921076 0.545773 
0.0744538 0.188591 0.00273829 0.0419059 0.0341794 0.658131 
0.0558473 0.0651409 0.0059023 0.0968107 0.0908599 0.685439 
0.00888419 0.0120471 2.18096e-05 0.0159933 0.0680377 0.895016 
0.0688838 0.340257 0.000128702 0.0293243 0.148736 0.41267 
0.0728479 0.221511 0.00648831 0.0304185 0.088825 0.57991 
0.0210339 0.0147606 4.35004e-05 0.0532886 0.136695 0.774178 
0.0484459 0.00887469 0.000669952 0.0510218 0.0450999 0.845888 
0.0565435 0.0911564 8.4712e-05 0.0141716 0.12887 0.709173 
0.0558473 0.0651409 0.0059023 0.0968107 0.0908599 0.685439 
0.0279879 0.120188 0.00689814 0.00431519 0.114661 0.725949 
0.0486954 0.100005 0.000556016 0.0755548 0.0801221 0.695067 
0.0558473 0.0651409 0.0059023 0.0968107 0.0908599 0.685439 
0.176053 0.14314 0.0692389 0.115898 0.028363 0.467307 
0.148133 0.241264 0.0141339 0.0591411 0.0801171 0.457211 
0.2786 0.0505757 0.00658177 0.0574826 0.0921218 0.514639 
0.17533 0.238903 0.0021329 0.0323339 0.0903657 0.460934 
0.0320759 0.024765 0.0107855 0.0595082 0.149538 0.723327 
0.197172 0.252857 0.041595 0.13878 0.0860188 0.283577 
0.238308 0.151051 0.000410589 0.0518133 0.215243 0.343174 
0.200312 0.194354 0.0151653 0.0907686 0.077777 0.421623 
0.0179243 0.0181433 0.000514461 0.0166239 0.070041 0.876753 
0.0697135 0.0547905 0.00130141 0.0442543 0.126331 0.703609 
0.0425659 0.382505 0.00181738 0.0587426 0.12379 0.390579 
0.200182 0.143277 0.0125736 0.146023 0.0701537 0.42779 
0.0630452 0.0746292 0.0149559 0.0698 0.0531888 0.724381 
0.0383177 0.184352 0.000328276 0.0104945 0.0792006 0.687307 
0.0369464 0.0657222 0.00304188 0.0501875 0.0991992 0.744903 
0.156959 0.195924 0.0032706 0.0224595 0.104333 0.517054 
0.150215 0.171641 0.00876843 0.0323401 0.0853158 0.551719 
0.0488101 0.285917 0.000832596 0.0542539 0.080452 0.529735 
0.102095 0.0865865 0.0038355 0.0419171 0.140783 0.624783 
0.0651353 0.21607 0.000569136 0.051809 0.0954066 0.57101 
0.134589 0.194782 0.0204722 0.0562794 0.0575537 0.536324 
0.126311 0.0861447 0.00125869 0.0624599 0.0513525 0.672473 
0.0220257 0.396398 0.0330003 0.0428988 0.0610854 0.444592 
0.128762 0.0737612 0.00492853 0.0632084 0.112637 0.616702 
0.0376494 0.242132 0.000854192 0.023939 0.118897 0.576528 
0.131757 0.068433 0.0306329 0.227354 0.0650171 0.476806 
0.0541201 0.210085 0.00354745 0.0263899 0.237267 0.46859 
0.272188 0.0881003 0.0290823 0.0640362 0.0740554 0.472538 
0.0468269 0.247938 0.00403857 0.0271242 0.0983144 0.575758 
0.0339026 0.234288 0.00203652 0.0380606 0.0845575 0.607155 
0.0873303 0.139433 0.0063768 0.0754078 0.077474 0.613978 
0.0351807 0.116497 0.0057078 0.104896 0.0641379 0.673581 
0.0297809 0.278532 0.00872679 0.109177 0.091899 0.481884 
0.0370474 0.0702594 0.00210309 0.116518 0.117729 0.656344 
0.0558473 0.0651409 0.0059023 0.0968107 0.0908599 0.685439 
0.0378131 0.343679 0.00785876 0.00744444 0.120733 0.482472 
0.013649 0.0203932 0.000365005 0.0445599 0.112943 0.80809 
0.391046 0.0408559 0.000158855 0.0669833 0.0402873 0.460669 
0.212146 0.132266 0.000134478 0.060001 0.0331199 0.562332 
0.0668202 0.303633 0.00229276 0.0226442 0.0742951 0.530315 
0.0446511 0.0627721 0.0202246 0.150914 0.0634635 0.657975 
0.0558473 0.0651409 0.0059023 0.0968107 0.0908599 0.685439 
0.108882 0.0822081 0.00287912 0.0427984 0.072967 0.690266 
0.0370923 0.088888 0.0750231 0.0278294 0.0328598 0.738307 
0.169083 0.15467 0.0116421 0.0963103 0.209969 0.358325 
0.0861908 0.17865 0.0094791 0.039519 0.141472 0.544689 
0.066315 0.284395 0.000489671 0.0306661 0.20358 0.414555 
0.249451 0.204815 0.0435198 0.136232 0.0723492 0.293633 
0.0570341 0.0541544 0.00107074 0.0528421 0.0575888 0.77731 
0.0769545 0.152573 0.00129689 0.0177175 0.155285 0.596173 
0.0339216 0.318683 0.0090005 0.0961411 0.0951965 0.447058 
0.0341067 0.231897 6.08914e-05 0.00515949 0.277589 0.451187 
0.0809047 0.251616 0.0021528 0.0618794 0.100713 0.502734 
0.0461339 0.182496 0.01228 0.106064 0.0981603 0.554865 
0.0467503 0.113818 4.01509e-05 0.0159413 0.201535 0.621915 
0.0318529 0.205199 0.00118944 0.0412298 0.10952 0.611009 
0.0299207 0.0837511 0.00338008 0.0280463 0.12579 0.729112 
0.0127978 0.184177 0.000510072 0.0153489 0.0892822 0.697884 
0.0909901 0.23116 0.0081514 0.0220451 0.061159 0.586494 
0.0247984 0.280362 0.00480497 0.04727 0.123625 0.519139 
0.164707 0.142919 0.0191772 0.270049 0.0643469 0.3388 
0.347535 0.0809534 0.000454682 0.0163846 0.012653 0.542019 
0.00791235 0.318754 0.000454939 0.00539346 0.0777753 0.58971 
0.00883498 0.209535 9.174e-05 0.00636402 0.130169 0.645005 
0.0321436 0.208035 0.00029289 0.00540394 0.0988882 0.655237 
0.0409495 0.312945 0.000558915 0.00563117 0.0391985 0.600717 
0.12845 0.362853 0.0148847 0.0718416 0.0347186 0.387252 
0.0873445 0.257695 0.0115135 0.0524732 0.197819 0.393155 
0.0775895 0.126697 0.000304661 0.0129045 0.0774679 0.705036 
0.10623 0.121731 0.0275596 0.101642 0.110045 0.532793 
0.033982 0.0511137 0.000590437 0.0736528 0.0960498 0.744611 
0.0656959 0.156785 0.0191309 0.145684 0.0558709 0.556833 
0.00938321 0.15546 3.19892e-05 0.0135036 0.0868038 0.734817 
0.130088 0.119446 0.00868365 0.0991601 0.0501603 0.592461 
0.100616 0.189872 0.00442282 0.0472098 0.133529 0.524351 
0.0957881 0.345092 0.00849714 0.0478455 0.144529 0.358248 
0.0990836 0.0804221 0.00360161 0.0671035 0.153654 0.596136 
0.0666591 0.145641 0.00308255 0.0528712 0.0890365 0.64271 
0.0430574 0.196576 0.00263733 0.0110737 0.0786758 0.66798 
0.0968082 0.193318 0.00657096 0.0313095 0.0715581 0.600435 
0.0586696 0.101035 8.49711e-05 0.0011877 0.200916 0.638106 
0.0646431 0.183938 0.000753848 0.25214 0.243858 0.254668 
0.0140122 0.0756075 0.000815618 0.0809655 0.0519205 0.776679 
0.0804736 0.201784 0.0064118 0.1655 0.0861561 0.459674 
0.0646815 0.373651 0.0173199 0.0600263 0.02897 0.455351 
0.0886545 0.11668 0.0054928 0.027565 0.123764 0.637843 
0.151838 0.148049 0.00101494 0.0306565 0.12969 0.538751 
0.153809 0.0462782 0.00250237 0.181762 0.167396 0.448253 
0.0444968 0.375433 0.00918377 0.0212242 0.154773 0.39489 
0.182411 0.0429907 0.000728139 0.0908705 0.107053 0.575947 
0.111402 0.0889257 0.000574338 0.0168718 0.0419626 0.740263 
0.100988 0.306868 0.0563663 0.0513112 0.0619348 0.422533 
0.0753228 0.136451 0.0100745 0.0639607 0.089456 0.624735 
0.0958108 0.332904 0.0482227 0.0100988 0.0475099 0.465454 
0.0553069 0.0960937 0.00204314 0.0250846 0.0880116 0.73346 
0.076235 0.0294218 0.00041165 0.0571344 0.0523287 0.784469 
0.0158223 0.183977 0.000108791 0.0156171 0.14533 0.639144 
0.174978 0.136495 0.00586106 0.0782741 0.112001 0.492391 
0.0520287 0.107233 0.00272214 0.015642 0.139957 0.682417 
0.0486425 0.243465 0.00603358 0.127333 0.108721 0.465805 
0.0273696 0.0866253 4.58933e-05 0.0326887 0.134975 0.718296 
0.0875554 0.376086 0.00382101 0.0328913 0.110364 0.389283 
0.0464594 0.256731 0.00245427 0.0293909 0.0962849 0.568679 
0.209667 0.257746 0.00293317 0.0480635 0.196896 0.284694 
0.265118 0.0691005 0.0021444 0.0194299 0.309056 0.335151 
0.136006 0.37558 0.00107282 0.027333 0.0449284 0.415079 
0.0420378 0.368558 0.0070722 0.0213948 0.0964751 0.464462 
0.070902 0.245647 0.0036522 0.02282 0.0952217 0.561758 
0.135137 0.231261 0.00836076 0.045096 0.101758 0.478388 
0.0451188 0.190979 0.0052141 0.0543012 0.0741998 0.630187 
0.0773769 0.170847 0.0160618 0.104769 0.03839 0.592556 
0.227649 0.280474 0.00247864 0.0347556 0.164282 0.29036 
0.048535 0.228369 0.000392419 0.170787 0.205053 0.346864 
0.0817354 0.18923 0.00633791 0.0837108 0.0988267 0.540159 
0.0644442 0.211977 0.0351174 0.0681436 0.0555797 0.564738 
0.0673855 0.109059 0.0403363 0.239748 0.0446589 0.498812 
0.0591094 0.225135 0.00419953 0.0701624 0.066404 0.574989 
0.0196344 0.0449093 0.000765144 0.0210048 0.134909 0.778777 
0.0558473 0.0651409 0.0059023 0.0968107 0.0908599 0.685439 
0.0316777 0.047149 0.0107997 0.118604 0.154043 0.637727 
0.304983 0.101621 0.00461624 0.0592251 0.0725518 0.457003 
0.107565 0.0642275 0.0556112 0.00783365 0.0584035 0.70636 
0.0546471 0.216802 0.0129986 0.155961 0.226849 0.332742 
0.111371 0.102724 0.0352632 0.137701 0.072632 0.540309 
0.0590163 0.188021 0.00266385 0.038294 0.106963 0.605042 
0.0540813 0.0656451 0.000248559 0.0962643 0.0728095 0.710951 
0.0718323 0.2594 0.024768 0.076884 0.0759952 0.49112 
0.0944575 0.226855 0.00510477 0.0421714 0.107827 0.523584 
0.124416 0.101774 0.0011606 0.0316285 0.160142 0.580878 
0.0371033 0.209093 0.0016252 0.0330884 0.330826 0.388264 
0.0100559 0.314265 0.00293125 0.0198337 0.0649316 0.587983 
0.0355916 0.195626 0.00728686 0.0264593 0.0826994 0.652337 
0.112371 0.217068 0.0123193 0.211047 0.110182 0.337013 
0.0786148 0.136409 2.70413e-07 0.0333167 0.320549 0.43111 
0.143085 0.131757 0.000506362 0.0287354 0.0858156 0.610101 
0.092563 0.0955502 0.00628783 0.224462 0.0915645 0.489572 
0.255555 0.281227 0.00946432 0.10177 0.0545582 0.297425 
0.13592 0.0613231 0.00980278 0.0353824 0.116717 0.640854 
0.0558473 0.0651409 0.0059023 0.0968107 0.0908599 0.685439 
0.113727 0.195314 0.0406503 0.209738 0.0812742 0.359296 
0.107233 0.240445 0.0435373 0.263605 0.0676781 0.277501 
0.0338417 0.220692 0.0011887 0.033199 0.169679 0.541399 
0.0307034 0.384878 0.000633042 0.0425965 0.0235857 0.517603 
0.271458 0.141134 0.00756161 0.0383875 0.078093 0.463365 
0.0668111 0.0878339 0.0012546 0.0248405 0.316279 0.502981 
0.240241 0.026576 0.00755683 0.0783367 0.0864124 0.560877 
0.0579915 0.21292 5.89307e-11 0.30566 0.0854969 0.337932 
0.0196549 0.206219 0.0004467 0.00446947 0.0886531 0.680557 
0.114803 0.259082 0.0116867 0.0343008 0.0901617 0.489965 
0.196633 0.199833 0.00776656 0.043969 0.112808 0.43899 
0.125372 0.261033 0.00939449 0.0478097 0.111537 0.444854 
0.0696532 0.11641 0.00235162 0.0223543 0.332405 0.456826 
0.257177 0.0965964 0.0206521 0.118001 0.122562 0.385012 
0.122774 0.21487 0.00936907 0.0613308 0.0756245 0.516032 
0.0829426 0.155579 0.0914029 0.036572 0.0999134 0.53359 
0.0373563 0.180614 0.00786251 0.0824714 0.190755 0.500941 
0.077286 0.265556 0.000276562 0.171637 0.176754 0.30849 
0.252691 0.134521 0.0143882 0.129692 0.0632299 0.405477 
0.260422 0.274242 3.41349e-05 0.0596907 0.0372062 0.368405 
0.131757 0.068433 0.0306329 0.227354 0.0650171 0.476806 
0.0227773 0.0668122 3.41032e-05 0.00741453 0.132166 0.770796 
0.203993 0.114418 0.00195339 0.0442677 0.0899595 0.545408 
0.0407499 0.386886 0.00956754 0.0466506 0.0906761 0.42547 
0.0511086 0.303056 0.0111006 0.0226406 0.0756397 0.536455 
0.0162429 0.035896 6.17678e-05 0.0106524 0.0357702 0.901377 
0.103602 0.293022 0.0143106 0.145691 0.144758 0.298617 
0.0983744 0.15116 0.0121901 0.263601 0.0246416 0.450033 
0.068965 0.0465352 0.00114564 0.0383743 0.0747309 0.770249 
0.17557 0.066084 0.00131768 0.0696753 0.187524 0.499829 
0.115413 0.240712 0.0062933 0.0245822 0.141247 0.471753 
0.151673 0.156333 0.000763656 0.273536 0.103612 0.314083 
0.216698 0.302647 0.00456518 0.107271 0.0525723 0.316246 
0.0558473 0.0651409 0.0059023 0.0968107 0.0908599 0.685439 
0.0936177 0.106856 0.000286242 0.0243961 0.10274 0.672105 
0.0325765 0.24731 0.00133629 0.00885623 0.167111 0.54281 
0.143085 0.131757 0.000506362 0.0287354 0.0858156 0.610101 
0.17371 0.132855 0.0151685 0.109827 0.0677937 0.500645 
0.0915753 0.0477524 0.0196707 0.0678762 0.112543 0.660583 
0.013649 0.0203932 0.000365005 0.0445599 0.112943 0.80809 
0.0162557 0.0235999 0.000398117 0.0195693 0.0990868 0.84109 
0.0522688 0.0860751 0.0393016 0.144078 0.133181 0.545096 
0.0487022 0.0595165 0.0154119 0.377823 0.0366318 0.461915 
0.0604012 0.204895 0.00533144 0.0574044 0.0949385 0.57703 
0.0312711 0.071445 0.0264372 0.0563146 0.0773839 0.737148 
0.0574579 0.164407 0.000420074 0.0757938 0.16371 0.538211 
0.0110681 0.320195 0.00327469 0.0230189 0.0657371 0.576706 
0.0942199 0.279091 0.000870971 0.0193027 0.0540094 0.552506 
0.0769007 0.130201 0.00177699 0.0243662 0.290306 0.476448 
0.101388 0.26851 0.00327099 0.0670478 0.0603623 0.499421 
0.0923594 0.140988 0.00316677 0.0486858 0.12586 0.58894 
0.120144 0.155738 0.00202484 0.027385 0.0856277 0.609081 
0.013649 0.0203932 0.000365005 0.0445599 0.112943 0.80809 
0.186775 0.195005 0.00550198 0.0424223 0.0966881 0.473608 
0.0296201 0.0589356 0.00234487 0.0499691 0.101079 0.758052 
0.120604 0.205 0.00797943 0.0714953 0.0949425 0.499979 
0.102745 0.258019 0.0348935 0.0654312 0.0735897 0.465321 
0.13254 0.122236 0.0192886 0.0998764 0.0799958 0.546063 
0.0181423 0.0952879 3.15066e-05 0.0264452 0.0539739 0.806119 
0.101536 0.33961 0.00535157 0.118554 0.0844545 0.350494 
0.0486988 0.314386 0.00197981 0.0251592 0.0327252 0.577051 
0.0756224 0.0519 0.00396507 0.0399797 0.0744975 0.754035 
0.017765 0.096412 0.000375092 0.0078311 0.0631536 0.814463 
0.120538 0.30871 0.0151097 0.153962 0.0629256 0.338754 
0.0787061 0.277011 0.0278161 0.039627 0.0971248 0.479715 
0.0166157 0.133733 0.000412478 0.00183969 0.146366 0.701032 
0.0230202 0.236842 6.2043e-05 0.00451011 0.0919847 0.643581 
0.187101 0.0564378 0.00392841 0.0475772 0.129683 0.575273 
0.0413219 0.220759 0.000475196 0.0383313 0.0987492 0.600363 
0.226196 0.164459 0.00298489 0.0849155 0.0551474 0.466296 
0.17272 0.223485 0.00340006 0.0388082 0.064961 0.496625 
0.144512 0.155145 0.00026768 0.0293442 0.0535792 0.617153 
0.260745 0.172733 0.0108033 0.0760852 0.107676 0.371957 
0.055783 0.149892 0.00959247 0.0935929 0.0624502 0.62869 
0.0395496 0.288828 0.0048531 0.110208 0.0854482 0.471113 
0.0551591 0.314803 0.00392465 0.022064 0.100284 0.503766 
0.0612491 0.105971 0.00064322 0.0152908 0.0900457 0.7268 
0.0623389 0.171084 0.006623 0.0293207 0.0965928 0.634041 
0.0396022 0.0133824 6.52566e-06 0.0960057 0.0395108 0.811492 
0.0172397 0.18916 0.000129877 0.0208224 0.372961 0.399687 
0.180803 0.307681 0.0359239 0.0667352 0.0647335 0.344123 
0.0197695 0.110809 2.94062e-05 0.0178344 0.39803 0.453528 
0.050624 0.0798505 0.0094118 0.0213692 0.183111 0.655633 
0.0578953 0.417695 0.0170151 0.0268191 0.0534807 0.427095 
0.0229525 0.0782608 0.0012885 0.0393466 0.0896865 0.768465 
0.108271 0.142346 0.00418073 0.049701 0.238413 0.457088 
0.232421 0.0697169 0.00537138 0.0300349 0.0658798 0.596576 
0.0602839 0.0477552 8.58581e-05 0.0548414 0.182386 0.654648 
0.0751626 0.18531 0.0137732 0.0704372 0.142988 0.512329 
0.119947 0.0562991 0.0199533 0.319003 0.0684159 0.416381 
0.172624 0.192588 0.000622221 0.0924292 0.230766 0.31097 
0.0513493 0.262448 0.00479845 0.0472559 0.0980742 0.536074 
0.222145 0.102585 0.00230184 0.00766924 0.183886 0.481414 
0.050624 0.0798505 0.0094118 0.0213692 0.183111 0.655633 
0.0597402 0.290882 0.0168076 0.0431356 0.125068 0.464366 
0.146076 0.196599 0.00664869 0.0476527 0.0813137 0.52171 
0.0524057 0.0666213 0.0128643 0.172889 0.185545 0.509675 
0.173629 0.128358 0.00659187 0.120207 0.265891 0.305324 
0.0773099 0.196022 0.00871613 0.0491455 0.0613294 0.607478 
0.183438 0.12368 0.000244164 0.0234597 0.103505 0.565673 
0.107373 0.0387318 0.000804 0.0242306 0.0663924 0.762469 
0.378797 0.0913831 5.91814e-06 0.00474192 0.0954715 0.429601 
0.0351503 0.136006 0.00932981 0.219074 0.124258 0.476182 
0.156645 0.0889248 0.00766378 0.0677638 0.0472104 0.631792 
0.069673 0.383801 0.0143501 0.0426546 0.0475672 0.441954 
0.0719633 0.0491151 0.0166114 0.0281513 0.0992487 0.73491 
0.0490828 0.421757 0.000152098 0.0126224 0.041095 0.475291 
0.0472562 0.115023 0.000468834 0.113724 0.11379 0.609737 
0.0741566 0.0796452 2.06606e-05 0.0738707 0.164135 0.608171 
0.0558473 0.0651409 0.0059023 0.0968107 0.0908599 0.685439 
0.131757 0.068433 0.0306329 0.227354 0.0650171 0.476806 
0.0532323 0.240687 0.00878099 0.0457228 0.131521 0.520056 
0.0855451 0.159846 0.0210996 0.0836143 0.0842131 0.565682 
0.0354361 0.275139 0.000242004 0.0377266 0.149312 0.502144 
0.0106903 0.0247117 0.000638436 0.0291977 0.175108 0.759654 
0.0909901 0.23116 0.0081514 0.0220451 0.061159 0.586494 
0.0193318 0.012417 0.000394289 0.0271208 0.0674362 0.8733 
0.125125 0.105306 0.00724919 0.0795958 0.0939039 0.58882 
0.0287891 0.161009 0.000568174 0.0228579 0.0359357 0.75084 
0.00149987 0.0852918 1.27049e-05 0.00226196 0.0404678 0.870466 
0.0951718 0.0288561 0.0171841 0.0965672 0.0662691 0.695952 
0.0738226 0.14933 0.00126488 0.0550753 0.0924144 0.628093 
0.109527 0.104798 0.00266828 0.0622349 0.153104 0.567668 
0.0987395 0.142789 0.0166941 0.0433123 0.18853 0.509935 
0.0856568 0.341618 0.00191025 0.0222169 0.128638 0.41996 
0.0558473 0.0651409 0.0059023 0.0968107 0.0908599 0.685439 
0.0367982 0.0489804 0.00173926 0.068414 0.252221 0.591847 
0.0678638 0.22201 0.00965499 0.105866 0.0932364 0.501369 
0.23172 0.26434 0.000235285 0.0349041 0.111877 0.356923 
0.0435219 0.157226 0.00898598 0.023838 0.155216 0.611213 
0.200617 0.0533487 0.00429421 0.0418897 0.0751149 0.624735 
0.210564 0.204269 0.0117508 0.0641481 0.08803 0.421238 
0.151 0.148548 0.00952052 0.0666906 0.124578 0.499663 
0.196182 0.279042 0.00372523 0.0223407 0.185169 0.313541 
0.024717 0.0725887 0.00104271 0.0581304 0.0398268 0.803694 
0.0665576 0.0522108 0.00278615 0.0380289 0.105003 0.735413 
0.0273891 0.0283845 0.00558888 0.0572847 0.188153 0.693199 
0.0442221 0.165852 0.00709414 0.0784166 0.071585 0.63283 
0.0433957 0.214964 0.00684731 0.0179915 0.140595 0.576207 
0.134355 0.0212517 1.08351e-05 0.0233015 0.0124297 0.808651 
0.242699 0.0291338 0.000920112 0.0327829 0.0676713 0.626793 
0.173203 0.310624 0.0121875 0.144145 0.025642 0.334198 
0.0238972 0.41706 0.000401836 0.0307716 0.0769853 0.450884 
0.0690418 0.268943 0.00387819 0.0564693 0.0372768 0.564391 
0.156645 0.0889248 0.00766378 0.0677638 0.0472104 0.631792 
0.105231 0.193644 0.00308785 0.0613617 0.14755 0.489125 
0.0452602 0.345142 0.0319268 0.0498615 0.0774628 0.450347 
0.0925154 0.262196 0.0174431 0.0679215 0.13564 0.424284 
0.00967359 0.0463554 4.38344e-05 0.0225555 0.126408 0.794964 
0.0446475 0.211863 0.00989222 0.0653861 0.238931 0.42928 
0.118879 0.0364315 4.67324e-05 0.0012864 0.103527 0.739829 
0.0179187 0.119918 0.000862292 0.0192246 0.0758878 0.766189 
0.0221655 0.169271 0.00136392 0.0150422 0.212767 0.57939 
0.132084 0.187587 0.0290349 0.0740473 0.0787758 0.498471 
0.28881 0.247676 0.000179763 0.0265551 0.106109 0.33067 
0.114809 0.244035 0.00266086 0.0250827 0.119781 0.493631 
0.0173402 0.233566 0.00583549 0.029279 0.140025 0.573954 
0.00681181 0.00897968 3.52562e-05 0.0174561 0.207311 0.759406 
0.0315066 0.154619 0.0154477 0.137114 0.11411 0.547203 
0.0646385 0.131128 4.83134e-05 0.0287439 0.102934 0.672507 
0.118615 0.267452 0.0162615 0.127862 0.0509761 0.418833 
0.0558473 0.0651409 0.0059023 0.0968107 0.0908599 0.685439 
0.0728572 0.259119 0.00280259 0.030425 0.06993 0.564866 
0.0242636 0.112969 0.000284247 0.012311 0.0661433 0.784029 
0.0663552 0.234131 0.00191754 0.0412844 0.118237 0.538075 
0.0289503 0.145722 0.000789439 0.00120655 0.208938 0.614394 
0.0878262 0.0316181 2.13973e-05 0.0603588 0.121785 0.69839 
0.0502553 0.117072 0.0210404 0.0908239 0.0336852 0.687123 
0.144014 0.263315 0.0119145 0.0566759 0.101959 0.422122 
0.0558473 0.0651409 0.0059023 0.0968107 0.0908599 0.685439 
0.128338 0.11935 0.0144551 0.137081 0.0736655 0.527111 
0.0440441 0.250914 0.00339063 0.047497 0.225956 0.428199 
0.0783478 0.0903135 0.000580925 0.0502463 0.111834 0.668678 
0.0193318 0.012417 0.000394289 0.0271208 0.0674362 0.8733 
0.0183464 0.138545 0.000267973 0.0570842 0.0806232 0.705133 
0.0516415 0.126328 0.0041702 0.0808259 0.080545 0.656489 
0.156645 0.0889248 0.00766378 0.0677638 0.0472104 0.631792 
0.059797 0.223336 0.000320567 0.0203542 0.0737508 0.622442 
0.0941044 0.24059 0.0124314 0.0722377 0.0605599 0.520077 
0.103224 0.21138 0.0164991 0.0522631 0.105055 0.511579 
0.0691843 0.137341 0.00285979 0.0452414 0.0958396 0.649534 
0.0517214 0.0601619 0.000133995 0.122988 0.12 0.644995 
0.224759 0.130814 0.00183353 0.0180926 0.0329143 0.591586 
0.0406299 0.0826864 0.000530179 0.0685349 0.0494064 0.758212 
0.0582606 0.21708 0.00022594 0.0191594 0.151881 0.553393 
0.0756357 0.0782883 0.223666 0.0394379 0.139625 0.443346 
0.266003 0.177893 0.012566 0.086509 0.0744791 0.38255 
0.22193 0.0583573 0.00861332 0.0290025 0.037072 0.645025 
0.269753 0.207689 0.00632207 0.0175151 0.10307 0.395651 
0.0325109 0.0946865 0.000476789 0.0459212 0.20874 0.617664 
0.00696221 0.0172284 5.38902e-05 0.0237421 0.157002 0.795012 
0.0481493 0.091365 0.00642831 0.343994 0.0740037 0.436059 
0.200182 0.143277 0.0125736 0.146023 0.0701537 0.42779 
0.0939237 0.299055 0.00268333 0.0778367 0.0624721 0.46403 
0.107373 0.0387318 0.000804 0.0242306 0.0663924 0.762469 
0.0246928 0.0778378 0.00978109 0.0847125 0.159309 0.643667 
0.0558473 0.0651409 0.0059023 0.0968107 0.0908599 0.685439 
0.079629 0.244244 0.0135107 0.019757 0.104624 0.538235 
0.0559565 0.0753991 5.6213e-05 0.0261898 0.0843417 0.758057 
0.0571499 0.168411 0.0156726 0.00514216 0.249392 0.504232 
0.0481697 0.128527 0.0151165 0.0483073 0.0709545 0.688925 
0.00696221 0.0172284 5.38902e-05 0.0237421 0.157002 0.795012 
0.0285456 0.0559091 0.00800281 0.101124 0.0889357 0.717483 
0.0337544 0.0396721 0.000919591 0.0344735 0.200677 0.690503 
0.137854 0.0897209 0.0178514 0.148346 0.0950498 0.511178 
0.0832708 0.113635 0.00347347 0.020563 0.0944733 0.684584 
0.0242007 0.22071 0.00103813 0.019212 0.0981692 0.63667 
0.233316 0.193256 0.0180229 0.0427359 0.0750929 0.437577 
0.0218491 0.422359 0.000573318 0.0103211 0.088545 0.456353 
0.0434827 0.0537232 0.00106806 0.00148426 0.224352 0.67589 
0.0493582 0.0778004 3.80363e-05 0.0712177 0.0165785 0.785007 
0.0312966 0.21665 0.00474678 0.107217 0.148495 0.491594 
0.248172 0.0957507 0.00290899 0.0559427 0.0793628 0.517863 
0.0427905 0.0478215 0.0037579 0.2836 0.114211 0.507819 
0.140574 0.15676 0.00784063 0.0304371 0.0553567 0.609032 
0.0938404 0.0461914 0.00142836 0.0170008 0.0601834 0.781356 
0.0601021 0.0318722 0.00847524 0.137969 0.0620351 0.699547 
0.0959893 0.220908 0.00286062 0.045133 0.0773267 0.557783 
0.134065 0.0975147 0.0012361 0.0293757 0.201397 0.536411 
0.0528848 0.399017 0.00484532 0.0114345 0.0479775 0.483841 
0.021415 0.309877 0.000809516 0.0113099 0.161265 0.495323 
