0.000118974 0.0101344 0.0888009 0.0110917 0.0896519 0.0117824 0.0186452 0.152009 0.0125113 0.159308 0.051866 0.352436 0.0416443 
9.20409e-05 0.014768 0.0312902 0.0331824 0.126451 0.0277477 0.0948209 0.0528037 0.00995739 0.134114 0.0211069 0.441778 0.0118881 
0.000532471 0.00617748 0.0686791 0.0290388 0.124483 0.0110653 0.040777 0.0174685 0.00676578 0.222706 0.00278352 0.460782 0.00874066 
0.000368462 0.000510197 0.00317992 0.00179359 0.0197794 0.0217959 0.0182576 0.00182309 0.00313509 0.0616727 0.000286365 0.854492 0.0129058 
0.000807243 0.00953086 0.0198034 0.0104317 0.0362607 0.00773581 0.00705898 0.00520868 0.00534819 0.171367 0.000175474 0.722676 0.00359578 
0.000442228 0.000612787 0.0551928 0.0128321 0.148405 0.0797567 0.0282723 0.0317054 0.0199432 0.207535 0.000264255 0.409546 0.00549245 
0.0232983 0.00400588 0.0469625 0.0338989 0.142275 0.0374963 0.0360157 0.215571 0.0145927 0.188929 0.00329428 0.225105 0.0285566 
0.000166497 0.0118175 0.0432946 0.00920504 0.103304 0.115816 0.0373101 0.0885971 0.0821359 0.161486 0.00588871 0.324631 0.0163471 
0.000179754 0.00205841 0.26873 0.0053622 0.0730796 0.0373981 0.015425 0.0577193 0.0301212 0.0616715 0.00815234 0.437375 0.00272811 
0.000445061 5.99658e-05 0.0285929 0.009227 0.114942 0.00989286 0.0210237 0.012025 0.00824165 0.0768376 8.3083e-05 0.694273 0.024356 
0.000212992 0.0053177 0.124029 0.0679929 0.0902705 0.0269126 0.0155769 0.025085 0.0167158 0.131077 0.000263856 0.474559 0.0219863 
0.000182065 0.0140597 0.0643531 0.00834916 0.10574 0.0950952 0.00393244 0.0655075 0.0112801 0.230951 9.70134e-05 0.397699 0.0027528 
2.0133e-05 0.00191242 0.0437949 0.0443289 0.131805 0.0233889 0.0897954 0.0209776 0.0146376 0.150016 0.00288994 0.466796 0.00963767 
2.77281e-05 0.000520415 0.08176 0.108113 0.047122 0.117466 0.0285668 0.160665 0.0048106 0.101467 0.000308636 0.278812 0.070362 
0.000198915 0.010709 0.0500037 0.00804258 0.133459 0.0687879 0.015562 0.0504826 0.0141153 0.209653 0.000554965 0.43437 0.00406067 
0.000114238 0.007473 0.0556433 0.0304712 0.104398 0.0268938 0.0277908 0.0116406 0.00640862 0.0996913 0.00033427 0.61194 0.0172011 
0.000216502 0.00477649 0.0747101 0.0231955 0.0681941 0.0565564 0.00837168 0.00883751 0.0182421 0.0411835 2.56432e-05 0.691937 0.0037536 
0.000134782 0.00265477 0.184071 0.172233 0.16476 0.0258651 0.0729013 0.01192 0.0280171 0.0920367 0.000366901 0.226484 0.0185559 
0.000692319 0.0279097 0.149101 0.0292753 0.0786655 0.0163589 0.00516565 0.0218127 0.00516646 0.0848896 1.36543e-05 0.578891 0.00205868 
0.0630248 0.00887651 0.0218158 0.0272947 0.0312831 0.0192463 0.0272744 0.0493459 0.00389113 0.0941915 0.000449899 0.643943 0.00936257 
0.000305556 0.030816 0.0199913 0.0167333 0.103416 0.0291911 0.0253475 0.0342237 0.00397536 0.330464 0.0165146 0.377127 0.0118951 
0.00100008 0.000290381 0.0781731 0.0307433 0.141367 0.0453165 0.0175747 0.0364215 0.0158247 0.0373998 6.83301e-05 0.594603 0.0012178 
0.000301229 0.00157009 0.0710369 0.0251728 0.0917033 0.103544 0.0166258 0.0315779 0.0391088 0.110456 0.00128483 0.484685 0.0229345 
0.000185846 0.0199972 0.0543339 0.0226949 0.0604249 0.0442484 0.00861679 0.0248549 0.0361941 0.195295 3.6293e-05 0.518987 0.0141307 
0.000222253 0.0118681 0.0425297 0.00906228 0.0572587 0.0242217 0.0120613 0.0159977 0.0169342 0.229329 0.00371298 0.500166 0.0766361 
0.000191057 0.029456 0.0867774 0.0505735 0.257659 0.0197017 0.003063 0.00962719 0.0087954 0.0663437 0.00152787 0.462829 0.00345477 
0.000713364 0.0118983 0.0666758 0.0139779 0.0781861 0.0497467 0.0125027 0.0120339 0.0252212 0.131669 0.000464493 0.566875 0.0300358 
0.000155747 6.27947e-07 0.0811284 9.18493e-06 0.0958343 0.0412966 6.73927e-09 0.118986 0.16958 0.00673092 8.28431e-09 0.369148 0.117129 
7.98087e-05 0.0203958 0.0168853 0.0186678 0.0420641 0.0183978 0.0399825 0.0672863 0.0777101 0.0726956 0.00524439 0.539412 0.0811781 
3.14926e-05 0.00633771 0.0822007 0.0053115 0.0442541 0.021968 0.0386091 0.165114 0.025876 0.127007 0.203685 0.255912 0.0236929 
1.72583e-05 0.00406297 0.119992 0.0106214 0.0813974 0.00592638 0.0270309 0.0135078 0.0255295 0.265906 0.000522744 0.444819 0.00066648 
0.000547845 0.00948529 0.141224 0.0138095 0.0537089 0.0188215 0.0109236 0.0133902 0.0168613 0.330585 9.07399e-05 0.388585 0.00196693 
0.000461512 0.00147715 0.0952627 0.00390917 0.200242 0.0388892 0.004488 0.0676538 0.112189 0.167285 3.68337e-05 0.302184 0.00592127 
9.77029e-05 0.0211297 0.0240226 0.0114939 0.0255288 0.00814928 0.00557309 0.00933345 0.00858875 0.0915281 3.34298e-05 0.791473 0.00304799 
0.000982939 0.00245976 0.0321135 0.0123546 0.113684 0.0601826 0.00723239 0.0612214 0.0992906 0.124002 0.00036183 0.485025 0.00108875 
6.1733e-05 0.0288721 0.0403898 0.00784604 0.0458771 0.0188267 0.0722283 0.0775984 0.00556354 0.214854 0.0173925 0.467453 0.0030364 
0.000406509 0.022227 0.1892 0.0234754 0.113033 0.0245314 0.00154167 0.0174788 0.140058 0.185263 6.6491e-06 0.277749 0.00502927 
0.00146047 0.0266461 0.100668 0.0867759 0.0996158 0.0120712 0.0111945 0.0235255 0.0108431 0.119696 0.000217396 0.500451 0.00683491 
6.95746e-05 0.00554056 0.0822278 0.0249986 0.0309055 0.0714665 0.0443785 0.185957 0.00896929 0.0814363 0.00807588 0.398025 0.0579494 
0.000107244 0.000684886 0.0312579 0.0638024 0.019372 0.00566239 0.0403887 0.0239868 0.0106173 0.0606864 0.00103434 0.512107 0.230293 
0.000459889 0.0125504 0.113908 0.0335858 0.13001 0.0669539 0.0408297 0.0438998 0.0219698 0.169299 0.006238 0.335749 0.024547 
0.000174674 0.0136565 0.05146 0.0314472 0.0676527 0.0251027 0.0409186 0.0555173 0.00999609 0.139044 0.0047342 0.490866 0.0694301 
0.00016291 0.0205963 0.0551712 0.00825843 0.0305735 0.0141712 0.00824216 0.0229042 0.010636 0.0783848 0.000602041 0.746464 0.00383301 
0.000193548 0.00939811 0.045368 0.0076023 0.045022 0.0123615 0.0103874 0.00921435 0.00964688 0.113174 0.000102779 0.549332 0.188197 
0.000260489 0.00847146 0.0413373 0.0252134 0.0679539 0.00297356 0.00140626 0.0191791 0.0475791 0.0661709 5.64863e-05 0.708118 0.0112798 
0.00725244 0.0225409 0.0388126 0.0187083 0.0583468 0.0187371 0.000888376 0.0307671 0.00950275 0.304223 0.000931854 0.488584 0.00070494 
0.0114047 0.0224434 0.040977 0.0209605 0.0857052 0.0113796 0.0322209 0.0224163 0.00597513 0.150401 0.000444695 0.585955 0.00971641 
0.00433015 0.00161921 0.0470485 0.0173053 0.055234 0.043633 0.0189675 0.0375397 0.0408126 0.0219161 2.59548e-05 0.702874 0.00869371 
0.000572947 0.00556912 0.0582174 0.0275986 0.153114 0.0507205 0.0454639 0.0526663 0.0447663 0.198695 0.0085008 0.343703 0.0104129 
0.00053556 0.00443643 0.0341145 0.00274541 0.0723046 0.0782504 0.0283363 0.093229 0.00715055 0.203141 0.00783141 0.463801 0.00412408 
1.90984e-06 0.0028805 0.148355 0.0129605 0.0877628 0.00901969 0.00955202 0.132118 0.0879095 0.186686 0.000107398 0.294458 0.0281882 
0.000103003 0.0041549 0.0427167 0.010569 0.0397447 0.0211129 0.0722447 0.00766975 0.00512304 0.113226 0.00332465 0.670261 0.00975003 
0.000281389 0.0340294 0.0765265 0.0496486 0.0707206 0.0330593 0.00364169 0.00854813 0.00150977 0.183572 0.00348905 0.52483 0.0101432 
8.24821e-05 0.00942593 0.0286484 0.00620406 0.0512595 0.0367241 0.0419587 0.119593 0.0152314 0.293745 0.016022 0.369246 0.011859 
0.00678234 0.0101323 0.0593403 0.0153384 0.117857 0.0359229 0.0702313 0.0217617 0.0034342 0.259917 0.000203499 0.394688 0.00439012 
0.000207146 0.0175596 0.137741 0.028753 0.0608712 0.0686611 0.00638099 0.0283141 0.165977 0.109463 2.83913e-05 0.373406 0.00263821 
0.00854028 0.00183403 0.110297 0.00968091 0.0295948 0.00693343 0.00770792 0.0114105 0.0137651 0.0058755 0.000264982 0.790022 0.00407389 
0.000102776 0.00211069 0.0256524 0.00391276 0.0711518 0.0142229 0.00399959 0.0288205 0.0243334 0.12859 0.00349357 0.692122 0.00148704 
0.00147385 0.00238167 0.0492028 0.0119814 0.0864208 0.0183792 0.00865148 0.00606936 0.00328153 0.0965758 0.00212878 0.712911 0.000542732 
0.000156307 0.0197133 0.244028 0.00293872 0.101298 0.0287626 0.00263992 0.0184974 0.0690606 0.0553772 5.11406e-07 0.451404 0.00612264 
6.92204e-06 0.00591806 0.0940229 0.00440825 0.071397 0.020941 0.00245377 0.121023 0.193446 0.106527 0.00215224 0.324619 0.0530857 
0.000840829 0.0101372 0.0371881 0.0135485 0.0585929 0.119508 0.0225989 0.120755 0.0184791 0.087055 0.0109957 0.499234 0.00106691 
2.10492e-05 0.0273893 0.0635874 0.0500814 0.0592322 0.0140889 0.0244332 0.0383941 0.00708936 0.0811519 0.000933092 0.627408 0.00618998 
0.00435568 7.99348e-05 0.0212771 0.000587937 0.154397 0.0508601 0.00145857 0.109285 0.0331978 0.05222 9.39009e-05 0.571058 0.00112931 
6.10744e-05 0.000995712 0.0907809 0.0267491 0.0934616 0.00689631 0.0293413 0.00513634 0.000796733 0.0911475 0.000134599 0.652613 0.00188542 
1.01567e-05 0.0136303 0.118709 0.0211447 0.0558288 0.0103868 0.00514733 0.0299738 0.00819547 0.142592 1.82827e-05 0.593499 0.000864021 
0.000215963 0.0183883 0.0697583 0.0263075 0.0859388 0.0317611 0.0188578 0.0132821 0.0181175 0.0942358 0.00217295 0.611467 0.00949654 
0.000110506 0.0174417 0.151261 0.0797592 0.092446 0.0898428 0.0180935 0.0172324 0.0725673 0.215125 0.000529788 0.240193 0.00539889 
0.000826005 0.0111576 0.0112959 0.00832638 0.0306494 0.0169734 0.0184997 0.0244156 0.0871173 0.244286 1.42524e-05 0.543705 0.00273366 
0.000219995 0.023337 0.0200121 0.004453 0.0707038 0.0259876 0.0200633 0.03339 0.0101175 0.136743 0.00172546 0.647404 0.0058426 
7.96984e-05 0.00181556 0.032452 0.035395 0.275277 0.136407 0.00324399 0.00274273 0.00662426 0.0604669 3.68917e-06 0.409993 0.0354985 
0.000476686 0.00523226 0.0291513 0.00614722 0.134563 0.0209991 0.0199404 0.111325 0.0186699 0.294092 0.0318115 0.32652 0.00107176 
0.000362136 0.0221601 0.17318 0.0850029 0.147504 0.0201656 0.040562 0.0487404 0.0105005 0.176323 0.0125745 0.248727 0.0141983 
0.000477647 0.0113175 0.0863346 0.0147026 0.189686 0.0416873 0.014661 0.0253927 0.0137976 0.269222 0.000622072 0.327351 0.0047483 
1.51657e-05 0.0281152 0.0542928 0.0169599 0.0261729 0.0184562 0.0263439 0.0899001 0.00586451 0.123997 0.00880673 0.550001 0.0510744 
0.000186207 0.00562837 0.0333417 0.00863611 0.0731496 0.0785191 0.0117471 0.00841124 0.0177715 0.187655 3.65769e-05 0.572843 0.00207397 
0.000705893 0.00903672 0.0740232 0.00704366 0.088773 0.0328274 0.0231551 0.00553391 0.023719 0.0762669 4.31379e-05 0.654998 0.00387399 
0.123144 0.00293241 0.0208332 0.00956983 0.0667402 0.15544 0.0190315 0.022229 0.0100832 0.257333 0.00803281 0.298575 0.00605584 
0.00130324 0.0219079 0.0495007 0.0114619 0.0317728 0.0264406 0.0589695 0.0538543 0.0284859 0.124916 0.00433271 0.488519 0.0985352 
9.32009e-05 0.0223467 0.0886531 0.0241913 0.0379248 0.00790902 0.0449182 0.0165703 0.0125688 0.0717796 0.000981483 0.669341 0.00272285 
0.000206167 0.00711517 0.0918068 0.0169383 0.0870535 0.064352 0.0328847 0.0303195 0.0388725 0.126424 0.00127312 0.488541 0.014213 
0.0625635 0.0276357 0.0955919 0.014197 0.0857366 0.0437198 0.0234139 0.0165112 0.0217289 0.171577 0.000972251 0.432605 0.00374744 
0.0004844 0.143465 0.0604715 0.0384154 0.0840951 0.0109667 0.00710873 0.0169114 0.0204318 0.146763 0.00807972 0.453973 0.00883341 
4.40774e-06 0.0038484 0.196762 0.00924164 0.14478 0.01655 0.015171 0.0179703 0.0790233 0.103246 4.06072e-05 0.407047 0.006315 
0.000213438 0.0104441 0.175597 0.0128357 0.0939194 0.024206 0.00941733 0.0114964 0.0133141 0.138509 0.00241763 0.479948 0.0276826 
0.000313244 0.00370461 0.0722197 0.0089985 0.074541 0.026959 0.00926078 0.0234253 0.0561341 0.302303 0.00237505 0.414188 0.00557724 
0.000238927 0.0129093 0.0818055 0.046161 0.192511 0.0615931 0.0049691 0.0273813 0.0151633 0.245015 0.00932756 0.291835 0.0110899 
0.000329143 0.00822265 0.0512425 0.00559281 0.205663 0.108051 0.00635826 0.0683204 0.0097769 0.177651 0.00147651 0.354432 0.0028848 
0.140144 0.00114685 0.025002 0.00538904 0.0714497 0.0794326 0.029327 0.0455708 0.00259005 0.0924724 0.00600939 0.501228 0.000238476 
6.72592e-05 0.0046557 0.148133 0.0176487 0.135893 0.0249736 0.0155211 0.0270867 0.0224091 0.135884 0.000982437 0.460984 0.00576033 
0.000660153 0.00169198 0.198948 0.0221273 0.0684145 0.0800045 0.00300186 0.083241 0.000592178 0.094854 2.51195e-06 0.446027 0.000434981 
0.00069049 0.0173012 0.0865301 0.0579208 0.182247 0.0216368 0.00924108 0.0757619 0.068799 0.201303 0.00294266 0.271954 0.0036719 
0.0102783 0.00853264 0.0932934 0.137285 0.260312 0.0206131 0.00481119 0.0130109 0.0111466 0.0608359 0.00121343 0.345425 0.0332424 
0.000207324 0.0226777 0.077926 0.084973 0.0642489 0.00394358 0.00256335 0.00610109 0.00410425 0.0521409 8.71542e-05 0.674787 0.00623938 
0.000159677 0.0103234 0.0517909 0.0396795 0.14038 0.0130293 0.0199767 0.00754954 0.00598265 0.149018 0.000269153 0.550108 0.0117331 
6.89448e-05 0.00296281 0.108018 0.00944586 0.165989 0.0267759 0.00811777 0.0138105 0.0579278 0.0481057 2.5749e-05 0.55363 0.00512209 
0.000169986 0.0131156 0.020261 0.00965602 0.0674056 0.0422786 0.0324033 0.0405846 0.0033769 0.0962126 0.00440567 0.625421 0.044709 
0.00219049 0.0154819 0.0888073 0.0406377 0.0435831 0.030137 0.0505712 0.094198 0.0114315 0.140289 0.0138603 0.4565 0.0123129 
0.00202581 0.011585 0.0177523 0.0199175 0.0630313 0.0244497 0.0106269 0.0287517 0.0051186 0.214688 0.00480371 0.554813 0.0424358 
0.000381503 0.000885073 0.178834 0.00862993 0.05178 0.0101647 0.0099694 0.0508239 0.0257149 0.0353504 4.61024e-06 0.62065 0.00681214 
0.032539 0.017862 0.0565244 0.0272609 0.0361114 0.0352474 0.0183624 0.0544289 0.0108326 0.0893143 0.00334602 0.611083 0.00708813 
0.00021851 0.00101467 0.035226 0.03661 0.274429 0.0125286 0.00949663 0.0141397 0.00921293 0.101286 2.3373e-05 0.503819 0.00199634 
9.42951e-05 0.00167274 0.0272337 0.0313483 0.068534 0.0246686 0.00787652 0.0246486 0.0491708 0.103843 0.00396997 0.650687 0.00625228 
3.08783e-05 0.0454768 0.0710544 0.0141777 0.0527529 0.021393 0.0543392 0.0419621 0.00560588 0.141607 0.0102773 0.498634 0.042688 
0.000647818 0.00254699 0.0507162 0.00982455 0.0422277 0.025878 0.00350986 0.0160473 0.0402258 0.223146 8.84682e-05 0.578095 0.00704609 
0.000312064 0.00758602 0.062862 0.0341604 0.183329 0.0607938 0.0816817 0.0371521 0.016045 0.201987 0.00385934 0.30439 0.00584165 
1.11342e-05 0.00531267 0.0450273 0.04645 0.0474816 0.0234011 0.104265 0.0779261 0.016575 0.0984765 0.0149318 0.509809 0.0103325 
0.150096 4.40247e-05 0.0105232 0.0523598 0.017365 0.0410709 0.00279432 0.00180201 0.00157406 0.250357 9.00401e-05 0.471923 3.27679e-08 
0.000762398 0.0514561 0.0161107 0.0104255 0.0270321 0.0231572 0.0525167 0.0325812 0.00329273 0.304862 0.00375303 0.465866 0.00818424 
0.00365624 0.0172369 0.0254583 0.0479061 0.0468399 0.0173677 0.00499843 0.0967211 0.0185337 0.268747 0.0308409 0.401595 0.0200987 
3.44894e-05 0.0104005 0.0337129 0.0133466 0.0221772 0.0595725 0.0245166 0.0355189 0.0433182 0.266035 0.00356888 0.32802 0.159779 
7.72209e-05 0.0209751 0.0189889 0.0141785 0.0371215 0.0626455 0.113095 0.0660043 0.00621854 0.275342 0.0656564 0.303527 0.0161703 
6.29672e-06 0.000587423 0.0587991 0.00425103 0.0358778 0.0173791 0.00607218 0.0195118 0.0112652 0.199649 0.000367821 0.641142 0.00509204 
0.000151994 0.0120749 0.0862319 0.039118 0.109557 0.132261 0.0153345 0.029368 0.00699632 0.138634 0.00208934 0.408297 0.019885 
0.000231687 0.00495601 0.0507846 0.0160115 0.0283943 0.00746274 0.0171207 0.0229503 0.0170657 0.133707 0.00693018 0.684595 0.00979037 
0.00209427 0.0214634 0.118751 0.0908853 0.0621724 0.004967 0.0062581 0.00468742 0.00392437 0.155285 0.000266742 0.517675 0.0115707 
0.000496508 0.0274379 0.0508581 0.00405974 0.24813 0.0374411 0.0390257 0.0637179 0.0692373 0.200341 0.000728314 0.258171 0.000355209 
0.00234784 0.0124543 0.114224 0.0275456 0.093929 0.0187483 0.0196854 0.0282308 0.0279451 0.122939 0.00509797 0.516592 0.0102604 
0.000425489 0.047297 0.0362358 0.0101943 0.0511263 0.0223191 0.0119169 0.0153568 0.00532907 0.149252 0.000685706 0.649052 0.000810045 
6.37464e-05 0.00272277 0.172882 0.0279002 0.0885408 0.0282019 0.0180479 0.040054 0.110932 0.179725 0.00187824 0.316859 0.0121925 
0.000197699 0.0318458 0.120953 0.0236349 0.141253 0.0352322 0.0114066 0.0195922 0.0108915 0.106115 0.00386378 0.491828 0.00318643 
0.000217172 0.1433 0.13044 0.0225458 0.0371036 0.0497577 0.0193948 0.0121456 0.0568479 0.0911381 0.00279435 0.430866 0.00344828 
0.000669576 0.00341231 0.0309679 0.0430339 0.0254426 0.0151631 0.311481 0.027842 0.0190209 0.0430471 0.00650184 0.45517 0.0182483 
0.00212502 0.0440612 0.0537481 0.0128616 0.0805733 0.022123 0.0256825 0.285174 0.0298939 0.146495 0.000998228 0.29513 0.00113381 
0.00124504 0.00446717 0.0301411 0.0140477 0.118218 0.274025 0.0361582 0.0098332 0.00729068 0.105196 0.000478673 0.396278 0.00262052 
0.000432061 0.0186078 0.0100704 0.00362192 0.0167798 0.0237525 0.00774058 0.00411766 0.010625 0.0742809 0.0029322 0.822961 0.0040784 
8.38028e-05 0.00264744 0.0761671 0.0098164 0.154972 0.036154 0.0347756 0.0361741 0.0282795 0.208857 0.0017245 0.407369 0.00297937 
0.000136071 0.00610222 0.0677428 0.0288665 0.0272151 0.0226688 0.0215114 0.0716215 0.0740168 0.103612 0.00673662 0.525213 0.0445573 
0.000146845 0.00697294 0.0980043 0.0172313 0.162496 0.130746 0.0227652 0.0300141 0.00344647 0.211029 0.0597783 0.251046 0.0063241 
0.000780407 0.00819107 0.134604 0.0438653 0.0686524 0.0302989 0.012409 0.0307374 0.0420618 0.166181 6.99564e-05 0.460203 0.00194591 
0.00190436 0.0493831 0.0577845 0.0471785 0.0615221 0.00718828 0.0276439 0.000556603 0.000585272 0.209821 0.00216713 0.529058 0.00520747 
0.00153347 0.0129309 0.0544314 0.00756486 0.0732621 0.130776 0.00281339 0.0423701 0.0299901 0.243289 0.00768877 0.387621 0.00572961 
0.000212255 0.0175805 0.0107558 0.0130151 0.0336108 0.0159866 0.0530873 0.0509471 0.0137915 0.123524 0.0466338 0.609555 0.0112999 
0.000984869 0.0034232 0.114815 0.0170717 0.164365 0.0445002 0.0347129 0.207705 0.0114813 0.119325 0.00169412 0.272486 0.00743623 
0.000371839 0.0024295 0.121809 0.0637565 0.0693407 0.0389996 0.0317279 0.0485792 0.0206825 0.109593 0.00121443 0.419279 0.0722171 
0.000137371 0.0408572 0.0697241 0.0153872 0.0821138 0.0379308 0.00820809 0.0155001 0.0148208 0.197012 0.000492782 0.495686 0.0221299 
7.85671e-05 0.000692095 0.0865017 0.0206553 0.142039 0.0952208 0.0122979 0.0343231 0.0554874 0.247684 0.000243492 0.303674 0.00110285 
0.00245071 0.0175359 0.0472738 0.00374968 0.0540509 0.088949 0.0331362 0.170245 0.0764135 0.148707 0.000177603 0.346425 0.010885 
0.000277601 0.0103177 0.0870774 0.0232249 0.168818 0.0229662 0.0111555 0.0298198 0.0152351 0.291728 0.000739069 0.314084 0.0245571 
1.66033e-05 0.009782 0.0861108 0.0399346 0.11619 0.0275925 0.0537447 0.153785 0.0291721 0.146754 0.0210909 0.301533 0.014293 
0.000466727 0.0101551 0.0565545 0.0417541 0.161299 0.074869 0.034833 0.0457251 0.0271484 0.248343 0.00589144 0.286789 0.00617136 
4.36231e-05 0.00469142 0.0597003 0.0766399 0.101367 0.0197632 0.0297498 0.0332055 0.054189 0.185531 0.00799581 0.422517 0.00460661 
0.000431258 0.00363622 0.0485215 0.0257582 0.0700201 0.0281102 0.013534 0.00431406 0.0188815 0.0528261 0.000401268 0.713531 0.0200342 
2.7078e-05 0.00570542 0.0237348 0.0024641 0.0235793 0.00726882 0.033354 0.0143561 0.0241888 0.160515 0.000918102 0.701664 0.00222465 
6.3119e-05 0.00573246 0.0298095 0.0104738 0.0229081 0.00983436 0.0635212 0.132196 0.0100664 0.0973999 0.0149847 0.597652 0.00535825 
0.000284539 0.0119502 0.0398836 0.0213191 0.161783 0.040506 0.0599622 0.0205272 0.0112292 0.20326 0.00226568 0.4096 0.0174291 
1.69417e-05 0.0105582 0.0484467 0.0243846 0.0591918 0.0140199 0.156272 0.0348654 0.0130662 0.0979397 0.0117939 0.503215 0.0262302 
1.92593e-05 0.00331772 0.0178534 0.00905575 0.0481758 0.0436505 0.0464752 0.115318 0.0115583 0.149262 0.0930541 0.397885 0.0643754 
1.77333e-05 0.018081 0.0435384 0.026924 0.0398553 0.0613357 0.0294699 0.0737247 0.00687907 0.0877743 0.0115114 0.579541 0.021348 
0.00166423 0.0351379 0.0399627 0.0310032 0.0719562 0.0152746 0.00767331 0.00552374 0.00524109 0.189212 0.0005493 0.594546 0.00225512 
1.87506e-06 0.0119229 0.0207898 0.00737952 0.034612 0.0541167 0.119477 0.0900804 0.00196108 0.130347 0.0237778 0.491113 0.014421 
0.00325183 0.00761161 0.0554106 0.0279159 0.0751872 0.0446241 0.012569 0.0217974 0.019047 0.070453 0.00366714 0.614072 0.0443928 
8.34275e-05 0.0147014 0.0710078 0.0101136 0.0136744 0.0543704 0.0133718 0.0511941 0.0223167 0.0467363 0.000125391 0.679408 0.0228968 
0.000696465 0.00190674 0.0789641 0.00312365 0.0757311 0.108691 0.0095695 0.0150468 0.067503 0.0995296 1.24661e-05 0.539021 0.000204066 
0.00101829 0.00654506 0.026637 0.0197196 0.13657 0.0277889 0.0379472 0.0214586 0.0127631 0.252414 0.00416838 0.451247 0.00172325 
0.0140959 0.00993979 0.0570952 0.0193602 0.078141 0.0977179 0.0521557 0.101755 0.0252075 0.225582 0.0105326 0.305455 0.00296201 
6.71396e-05 0.00565762 0.0367418 0.00498074 0.042795 0.0158781 0.0376011 0.254111 0.0528913 0.206798 0.000937837 0.33602 0.00552055 
0.000233793 0.00156432 0.0762522 0.0157394 0.0826761 0.0365385 0.0710081 0.0172803 0.045581 0.241761 0.00107321 0.387018 0.0232748 
0.00209805 0.00781019 0.0573569 0.00160963 0.0351566 0.134304 0.00517353 0.0454363 0.0663432 0.0514266 8.85504e-06 0.591786 0.00149044 
4.49684e-05 0.00821992 0.20518 0.0274421 0.173095 0.0225109 0.0114354 0.0352943 0.0186042 0.175691 0.0151745 0.300571 0.00673635 
7.73729e-05 0.0096767 0.0607517 0.0281121 0.0547679 0.0186224 0.0387984 0.115009 0.0135763 0.108953 0.134226 0.405154 0.0122759 
0.000682419 0.0565794 0.0353081 0.0260061 0.110635 0.0580045 0.00358146 0.00337202 0.000700752 0.237147 0.000917437 0.455735 0.0113305 
0.000255665 0.00490441 0.0850225 0.0428453 0.284591 0.0621055 0.0135742 0.0100251 0.018823 0.165952 0.000206932 0.305681 0.00601249 
0.000277499 0.0004241 0.0119569 0.0345773 0.21933 0.145869 0.00360272 0.00236091 0.00218734 0.203736 1.41978e-05 0.375568 9.51914e-05 
3.14926e-05 0.00633771 0.0822007 0.0053115 0.0442541 0.021968 0.0386091 0.165114 0.025876 0.127007 0.203685 0.255912 0.0236929 
0.0020495 0.000177405 0.174768 0.102606 0.0899167 0.0484461 0.0120334 0.0129074 0.0885729 0.16713 0.000388515 0.278554 0.02245 
0.0011213 0.0210786 0.032151 0.0137718 0.0413247 0.0288731 0.0169653 0.0138456 0.00749339 0.169422 0.0212481 0.623141 0.00956401 
2.05141e-05 0.00381427 0.0352506 0.0133143 0.0258647 0.00694609 0.0567344 0.0688966 0.00632859 0.0615643 0.27769 0.417663 0.0259134 
9.33906e-05 0.00378918 0.0795947 0.0107538 0.064558 0.0279579 0.00832119 0.220877 0.199329 0.125095 0.0145053 0.232935 0.0121908 
0.00130508 0.0124134 0.0434786 0.0281626 0.0521292 0.0206469 0.0261118 0.00949 0.00443856 0.146912 0.0019256 0.631128 0.021858 
0.0405909 0.0097816 0.0353484 0.0198982 0.0903108 0.12083 0.0440807 0.0425877 0.00645878 0.192996 0.0115511 0.379149 0.00641721 
0.000146697 0.012235 0.0482763 0.00597202 0.0700605 0.0189178 0.00783836 0.0528665 0.0591914 0.183659 0.000404073 0.535918 0.00451491 
0.00178069 0.00241287 0.0661828 0.0505449 0.0865991 0.0175441 0.00918225 0.0445179 0.00912051 0.148496 0.000278081 0.558589 0.00475188 
3.3944e-06 0.00541723 0.0529807 0.0149297 0.0175921 0.0129603 0.00917298 0.00420094 0.00428594 0.0720701 3.40052e-05 0.802685 0.00366773 
0.000289127 0.000646106 0.0684797 0.0233158 0.0890935 0.047378 0.00269301 0.0141913 0.0345928 0.33383 0.000179524 0.384145 0.00116614 
0.000273325 0.0185533 0.0797742 0.007396 0.043645 0.0271539 0.103776 0.0356082 0.0111637 0.186644 0.00942699 0.469901 0.00668499 
0.12365 0.0136968 0.0148472 0.00514665 0.048663 0.0595187 0.00723136 0.0222922 0.00314488 0.15253 0.0249868 0.520831 0.00346141 
0.000579962 0.0122151 0.0324723 0.0101672 0.139853 0.0307815 0.079574 0.0138114 0.00207544 0.251972 0.00231674 0.405948 0.0182331 
0.000807243 0.00953086 0.0198034 0.0104317 0.0362607 0.00773581 0.00705898 0.00520868 0.00534819 0.171367 0.000175474 0.722676 0.00359578 
0.000135177 0.0703674 0.0440778 0.00794232 0.0447515 0.0896624 0.0053149 0.0269263 0.0111294 0.158021 0.0151605 0.525442 0.00106911 
0.000419238 0.0124988 0.0305409 0.0102771 0.0491909 0.0215954 0.013938 0.0135242 0.0210525 0.0862243 0.000161594 0.711653 0.0289236 
0.000273417 0.00314074 0.100677 0.00753901 0.0520633 0.00865351 0.0784585 0.00333647 0.00216132 0.240342 1.76559e-05 0.502292 0.00104451 
0.000140477 0.0205966 0.130641 0.0488819 0.138421 0.0423344 0.0144411 0.0263796 0.0373669 0.0885952 0.000519524 0.438971 0.012711 
0.000289137 0.00117141 0.0318466 0.0243255 0.220723 0.0624461 0.165076 0.0584099 0.0172508 0.133107 0.00806668 0.271244 0.00604391 
7.35127e-05 0.0152346 0.0758786 0.0323054 0.0604511 0.0219653 0.00355079 0.0144885 0.0206502 0.162879 0.001805 0.588585 0.00213289 
0.000414236 0.0198856 0.0308238 0.0332765 0.133084 0.0565983 0.0402444 0.00691827 0.00780871 0.237309 0.000799437 0.428996 0.0038412 
2.543e-05 0.00391925 0.0268892 0.0141052 0.0775034 0.0307685 0.0248169 0.261623 0.00205932 0.139626 0.00428312 0.400075 0.0143064 
0.00186118 0.00589944 0.0865719 0.0793864 0.298905 0.025758 0.00666765 0.0170555 0.0240221 0.117588 0.00712357 0.321167 0.00799368 
2.30035e-05 0.0288959 0.0715635 0.0404387 0.11231 0.0270909 0.040905 0.0594749 0.0180241 0.128815 0.00281163 0.458574 0.0110743 
0.000352509 0.00718806 0.0497933 0.0200041 0.0449528 0.0274899 0.0525608 0.0353574 0.0190337 0.0947674 0.0190919 0.582805 0.0466034 
0.00054358 0.00738363 0.0467835 0.020866 0.0877287 0.19984 0.0293112 0.0283611 0.0627894 0.232002 0.00116775 0.275214 0.00800853 
7.99329e-05 0.0202548 0.198182 0.0792244 0.171079 0.0116036 0.0180007 0.0213368 0.0129471 0.136942 0.00126302 0.207456 0.121631 
0.000709421 0.0133857 0.0744046 0.0268817 0.142142 0.0576446 0.0865189 0.0350661 0.0170464 0.236472 0.00724371 0.291541 0.010944 
0.000126986 0.0461357 0.0297925 0.0530409 0.0517039 0.0461341 0.0896318 0.169405 0.0113837 0.101618 0.105025 0.275972 0.0200303 
0.00464829 0.0127257 0.0451412 0.028019 0.0805381 0.0514554 0.0460931 0.0907528 0.0199474 0.146485 0.00987692 0.448395 0.0159224 
0.000841732 0.00497633 0.0415404 0.0160247 0.0790024 0.0446221 0.0321771 0.00382885 0.00362539 0.236835 0.00026342 0.533928 0.00233421 
0.000311665 0.00634517 0.0536619 0.00313196 0.0731581 0.0149219 0.0123906 0.0143287 0.190504 0.0693034 0.00020293 0.560634 0.00110585 
0.000971463 0.00380438 0.0545498 0.0125839 0.0990752 0.0257024 0.00790264 0.0268514 0.0170408 0.131193 0.00246483 0.592012 0.0258478 
0.000651978 0.00225151 0.0966122 0.00791736 0.0689377 0.0211409 0.0071671 0.00702277 0.0145405 0.112511 0.000138564 0.660934 0.000174665 
0.0469546 0.0110897 0.0304736 0.0146948 0.110854 0.09606 0.0159145 0.0196195 0.0200931 0.297358 0.000976378 0.33188 0.00403171 
6.58187e-05 0.130108 0.19901 0.04388 0.120922 0.0230968 0.018387 0.0161074 0.00984386 0.191115 0.000958695 0.237131 0.0093741 
9.82104e-06 5.17906e-05 0.0195443 0.0726102 0.0522672 0.0205138 0.0232268 0.00320605 0.00722861 0.0658632 4.24434e-05 0.716147 0.0192891 
0.00285149 0.00564502 0.0370953 0.0143468 0.0178984 0.0160354 0.199059 0.0319009 0.0137793 0.0527004 0.0643935 0.531987 0.0123079 
8.70854e-05 0.0233777 0.031176 0.0225312 0.0727301 0.011614 0.00745121 0.0081692 0.00588805 0.0669685 0.000620155 0.747848 0.00153905 
0.000129011 0.006424 0.0930046 0.038414 0.129728 0.11931 0.0340381 0.0352731 0.0112869 0.247652 0.00438395 0.270295 0.0100603 
0.000372796 0.00650354 0.0425086 0.0166859 0.246651 0.0130875 0.0890867 0.0205603 0.00245526 0.16951 8.28018e-05 0.386222 0.0062735 
0.00190874 0.00142836 0.110837 0.00589329 0.0475099 0.0520612 0.0176672 0.0184498 0.0237886 0.0963186 4.0039e-05 0.615346 0.00875099 
0.000320417 0.00703268 0.104984 0.00886225 0.101941 0.0226625 0.00711999 0.0109845 0.030708 0.175824 0.00084376 0.512301 0.0164153 
0.0162097 0.00510682 0.0568655 0.0221071 0.024885 0.029736 0.0359552 0.110845 0.0274491 0.0618295 0.00718702 0.54195 0.0598739 
0.000824352 0.0135934 0.0804529 0.0105886 0.116949 0.0614628 0.067118 0.0972358 0.0122354 0.116593 0.0307285 0.376083 0.0161353 
0.000332836 0.00567561 0.0688904 0.0139591 0.149465 0.0805293 0.0200013 0.0903813 0.0421268 0.122923 0.00227761 0.40041 0.00302778 
0.00039226 0.0184433 0.0338325 0.00916563 0.120782 0.135549 0.0273594 0.0476309 0.0117589 0.216926 0.00901962 0.359822 0.00931797 
0.000464986 0.000227729 0.0305751 0.0293438 0.0378388 0.0274681 0.0285576 0.146628 0.0170691 0.227465 0.0160561 0.437933 0.000373019 
0.000353171 0.00467153 0.101565 0.020513 0.109685 0.018906 0.0488111 0.00937594 0.0519523 0.119945 0.0010144 0.507713 0.00549468 
0.000150592 0.0388557 0.0381531 0.0561635 0.0630004 0.0119438 0.0340575 0.070749 0.0129206 0.102508 0.00604627 0.51848 0.0469709 
2.3844e-05 0.023778 0.0382003 0.0570862 0.0762423 0.0263314 0.0558551 0.100223 0.0166026 0.131952 0.00634414 0.430454 0.0369069 
0.00270292 0.00131365 0.230975 0.00431509 0.028211 0.0211008 0.0134494 0.0100475 0.0137529 0.0619952 2.96933e-05 0.611822 0.000285071 
0.000153256 0.00107458 0.0695272 0.0431434 0.0957307 0.0198667 0.0943535 0.022678 0.0191701 0.203368 0.000157647 0.427903 0.00287453 
0.00118819 0.00529024 0.120041 0.0221941 0.0409041 0.0150314 0.0176134 0.138754 0.0141003 0.175368 0.000277313 0.441525 0.00771275 
0.000203328 0.0253952 0.0778695 0.0649298 0.139777 0.00707569 0.00114956 0.00789582 0.00431357 0.228495 0.000208001 0.440974 0.00171354 
0.00228649 0.00220032 0.110832 0.00935218 0.111455 0.126716 0.0184179 0.0993975 0.0184951 0.160456 0.0133577 0.314191 0.0128425 
0.000149841 0.043869 0.0987532 0.064083 0.106309 0.0218474 0.0226856 0.0479335 0.0191949 0.168815 0.00305729 0.400095 0.00320619 
0.000670007 0.00209607 0.100432 0.0389121 0.114873 0.0505665 0.0361103 0.0262615 0.00230586 0.070881 1.92728e-05 0.55632 0.00055251 
0.000387094 0.0105727 0.0958043 0.0251287 0.0972989 0.0368941 0.017966 0.0292251 0.00904025 0.23596 0.000263969 0.430441 0.0110179 
0.0936272 0.00123227 0.0987555 0.0229286 0.174327 0.038266 0.00550361 0.00865286 0.0143744 0.118019 0.00156031 0.360994 0.0617589 
0.000607378 0.00873271 0.0726743 0.0173816 0.0662639 0.0313098 0.030229 0.0343224 0.154489 0.12212 0.00418619 0.447457 0.0102265 
0.000694004 0.00918704 0.0306178 0.0266699 0.167776 0.0250815 0.0325678 0.00553766 0.00814213 0.146844 0.000474539 0.541331 0.00507659 
0.000121585 0.00226315 0.289673 0.0120493 0.0629227 0.0359012 0.0319864 0.0207575 0.0614575 0.0618692 0.00217104 0.396508 0.0223189 
0.00092116 0.041963 0.0333007 0.0102323 0.0499125 0.0157101 0.00911107 0.0103027 0.026891 0.162206 0.000453118 0.610988 0.0280075 
0.000499946 0.0235815 0.0230737 0.00547566 0.0474553 0.0207139 0.0160635 0.00580192 0.00191906 0.141559 0.000133337 0.713331 0.000392239 
0.000234275 0.0912759 0.0795526 0.0417129 0.0601757 0.0350537 0.0504739 0.0323623 0.0295577 0.123892 0.00299254 0.446924 0.00579269 
0.000334398 0.0185661 0.119542 0.102245 0.154295 0.0290075 0.0521634 0.0279875 0.00404175 0.221202 0.00767985 0.26192 0.00101546 
0.000188575 0.00741811 0.0597447 0.0423109 0.141312 0.0188734 0.00694254 0.0414562 0.0235625 0.112004 2.03098e-05 0.526788 0.0193796 
9.94978e-05 0.0192416 0.0671348 0.00726164 0.0343581 0.000329945 0.000703791 0.0453157 0.0150615 0.321537 1.54629e-05 0.484899 0.00404185 
0.00547915 0.0170219 0.0953446 0.0115802 0.0678286 0.021591 0.0429515 0.0469157 0.00443987 0.27103 0.00845593 0.403513 0.00384865 
0.000175459 0.0223277 0.0530625 0.0205774 0.0613231 0.0427978 0.00907506 0.0252689 0.0343552 0.192503 3.65385e-05 0.523732 0.0147653 
0.000265651 0.00890936 0.0464789 0.0215405 0.151914 0.0447522 0.0148854 0.0556906 0.0135839 0.253947 0.00466039 0.368268 0.0151048 
0.00101376 0.00607524 0.0747282 0.0269128 0.0748745 0.139655 0.0153783 0.0380617 0.00991312 0.0736692 0.00156872 0.533525 0.00462437 
0.000722663 0.00878609 0.0374519 0.0169044 0.0827238 0.052286 0.00609366 0.00798827 0.0184232 0.222392 0.000311274 0.536051 0.00986528 
0.000410999 0.0102575 0.141391 0.0048549 0.040279 0.00797304 0.0344635 0.00904726 0.0224383 0.0898605 0.000949068 0.613838 0.0242375 
0.0478574 0.0126242 0.0448686 0.0198258 0.0768257 0.0641343 0.0174018 0.0156537 0.0088867 0.25424 0.00243054 0.428576 0.00667558 
0.000882804 0.00420413 0.0246831 0.0135257 0.0950519 0.0456214 0.131298 0.0111064 0.00361176 0.235104 0.00266428 0.424209 0.00803672 
0.00208182 0.0067853 0.0718902 0.0259114 0.186608 0.146492 0.016026 0.0180654 0.0174237 0.223033 0.00137274 0.277934 0.00637736 
0.0131996 0.00961276 0.0617437 0.0244131 0.177063 0.119052 0.0716129 0.0915585 0.0337101 0.156977 0.0353048 0.198338 0.00741395 
1.4869e-05 0.0134385 0.139287 0.0681956 0.0595385 0.0214794 0.0566852 0.111137 0.0380182 0.181071 0.00542662 0.23069 0.0750185 
0.000447847 0.00574859 0.0402237 0.0128403 0.103346 0.0359478 0.0468334 0.00678994 0.00341105 0.158524 0.000383329 0.575207 0.0102967 
0.000668262 0.00149029 0.0341838 0.204285 0.0433415 0.191096 0.0116092 0.00434056 0.00224731 0.064476 0.000267009 0.435903 0.00609154 
0.000313161 0.0370879 0.114347 0.0239443 0.160159 0.0576476 0.126063 0.0148949 0.0114153 0.208227 0.00599919 0.237863 0.00203816 
0.000110283 0.00302497 0.096744 0.00538389 0.043441 0.0729849 0.0489705 0.0551321 0.0194101 0.172693 0.00370072 0.473421 0.00498358 
0.000533542 0.0130763 0.132547 0.0393426 0.120834 0.0595067 0.0129135 0.0184587 0.0113577 0.126537 0.000963917 0.454219 0.00970966 
0.00016082 0.0018465 0.0456075 0.0120938 0.0867139 0.0607829 0.0217269 0.0425278 0.0243642 0.241836 0.00154128 0.453084 0.00771456 
8.29323e-05 0.0446613 0.0349372 0.0091316 0.0605894 0.0389653 0.0921027 0.0831605 0.0143818 0.145339 0.124491 0.345631 0.00652521 
0.00105885 0.00215822 0.0840838 0.0588084 0.198211 0.0132833 0.00251583 0.0148673 0.028517 0.190087 0.000219646 0.403114 0.00307588 
4.07857e-05 0.00140703 0.0479895 0.0254698 0.0579108 0.0581714 0.0460664 0.222436 0.0126214 0.14347 0.00537933 0.325137 0.0539002 
0.000262824 0.00102856 0.0666515 0.01331 0.12001 0.0777337 0.030378 0.0268024 0.0149696 0.253237 0.0171367 0.348564 0.0299153 
1.21522e-05 0.047719 0.200471 0.0898364 0.13035 0.035258 0.0106037 0.0269279 0.0422668 0.144578 3.21355e-05 0.239087 0.0328585 
0.000231687 0.00495601 0.0507846 0.0160115 0.0283943 0.00746274 0.0171207 0.0229503 0.0170657 0.133707 0.00693018 0.684595 0.00979037 
0.0018288 0.0508122 0.0284046 0.0234046 0.0446709 0.0634914 0.0124039 0.17099 0.0121008 0.133426 0.0156908 0.428688 0.0140871 
0.0428209 0.0474557 0.0751458 0.0171642 0.0855204 0.178239 0.0139699 0.0168609 0.0159045 0.0916041 0.00141468 0.397102 0.0167978 
0.000483689 0.00104983 0.0399018 0.0038011 0.0687861 0.0365995 0.00145751 0.0875874 0.0810702 0.0542308 0.000801042 0.564501 0.0597303 
0.000302046 0.00207592 0.295724 0.0504034 0.0230334 0.00336094 0.000950315 0.00529704 0.01275 0.266382 2.09347e-05 0.330154 0.00954611 
0.00159903 0.0254131 0.0332465 0.0218442 0.0297603 0.137405 0.00101137 0.00450308 0.00666378 0.0748095 8.17756e-05 0.663493 0.000169698 
2.62513e-06 0.00251969 0.0542081 0.00123813 0.0933011 0.0443575 0.0121842 0.00914815 0.0362284 0.0784588 0.000116362 0.666816 0.00142078 
0.00195082 0.0203551 0.187472 0.044381 0.0437565 0.0309119 0.0278359 0.0225828 0.0202842 0.0589956 0.000458167 0.53305 0.00796507 
0.012811 0.00555702 0.125815 0.0557434 0.160821 0.0192928 0.0205707 0.0265633 0.00815468 0.216585 0.0046806 0.337607 0.00579808 
0.00111427 0.00119336 0.0387411 0.048161 0.129931 0.0378305 0.0143385 0.00929659 0.022578 0.250051 0.00343444 0.439887 0.00344297 
0.000172888 0.0216751 0.0969859 0.0246728 0.105349 0.0157267 0.0036258 0.0194778 0.0491604 0.213766 0.0054811 0.442122 0.0017834 
0.000545278 0.0041299 0.0761504 0.00260049 0.0432164 0.0597973 0.00608447 0.014752 0.013207 0.209762 0.000545611 0.567333 0.00187634 
1.3578e-05 0.00685197 0.0487428 0.0108623 0.0621461 0.0152925 0.00935828 0.147778 0.0214185 0.143386 0.000538287 0.529352 0.00425896 
0.00024197 0.00626064 0.0352222 0.022414 0.229727 0.102 0.0531619 0.0342347 0.00939739 0.228537 0.00235746 0.266008 0.0104373 
0.000198915 0.010709 0.0500037 0.00804258 0.133459 0.0687879 0.015562 0.0504826 0.0141153 0.209653 0.000554965 0.43437 0.00406067 
0.0003881 0.0103 0.057431 0.0457472 0.122882 0.0525787 0.0261095 0.0232512 0.0144233 0.163108 0.00155173 0.466402 0.0158271 
0.0186638 0.0345238 0.0639285 0.0349257 0.064517 0.066963 0.00480206 0.00742891 0.00409726 0.281203 7.62237e-05 0.417899 0.000971649 
0.00187323 0.00476277 0.0318448 0.00407908 0.0441475 0.0352929 0.118221 0.175251 0.00311267 0.11534 0.0182348 0.442527 0.00531243 
0.000207928 0.0120075 0.055986 0.0360669 0.0553741 0.0244938 0.0313114 0.0243928 0.00631056 0.126094 0.000890256 0.623259 0.00360612 
0.000212255 0.0175805 0.0107558 0.0130151 0.0336108 0.0159866 0.0530873 0.0509471 0.0137915 0.123524 0.0466338 0.609555 0.0112999 
8.88225e-06 0.00449376 0.0097787 0.00275964 0.0513546 0.0024793 0.000571735 0.0080664 0.0533272 0.0563689 6.22847e-05 0.810583 0.000145018 
8.43991e-05 0.00976079 0.0294789 0.0326753 0.0465258 0.026579 0.0616688 0.166086 0.0118187 0.0857919 0.0184102 0.445564 0.0655562 
0.000584017 0.0168249 0.0862763 0.0286284 0.110866 0.0463793 0.0189924 0.0202515 0.0380191 0.28922 0.00363817 0.329906 0.0104148 
0.000163747 0.00418711 0.0571748 0.00913326 0.130355 0.0290944 0.0470317 0.0491774 0.00901431 0.19111 0.00971941 0.460345 0.00349431 
0.0772364 0.000453406 0.0620005 0.00335752 0.113171 0.106326 0.00294114 0.0317658 0.0127627 0.0867607 0.00183981 0.501279 0.00010636 
5.36852e-05 0.00175811 0.0786962 0.0159642 0.0875811 0.0216568 0.0197741 0.00531106 0.00399918 0.18805 2.46957e-05 0.573075 0.00405599 
0.000192046 0.0176774 0.0327326 0.0226999 0.0437653 0.012715 0.0857991 0.0332734 0.0279431 0.218258 0.00667105 0.455933 0.0423397 
6.58589e-05 0.0171373 0.0340576 0.00910533 0.0416639 0.038328 0.0308037 0.0474363 0.0224342 0.123026 0.0085647 0.478066 0.149311 
6.79646e-05 0.0177052 0.040002 0.0342609 0.0453236 0.0205755 0.12022 0.17522 0.022871 0.0941577 0.0111829 0.266456 0.151957 
0.200022 0.00108092 0.0907849 0.00374371 0.0518668 0.0625596 0.0805051 0.123389 0.0348632 0.0778859 0.0103226 0.260747 0.00222941 
0.00019926 0.0131802 0.147341 0.0132513 0.122559 0.102656 0.0916918 0.0487585 0.00646332 0.122005 0.000154255 0.319536 0.0122034 
0.000185731 0.00718699 0.049353 0.0238862 0.0411197 0.0270028 0.00723044 0.0135732 0.0240851 0.106821 0.00027038 0.693747 0.00553841 
0.013093 0.012661 0.0659885 0.0311447 0.0559507 0.0302081 0.0376728 0.0306396 0.0170248 0.156208 0.00408248 0.541763 0.0035633 
0.000353439 0.0053422 0.0321384 0.00739369 0.104856 0.107316 0.0298646 0.0443304 0.0385325 0.173618 0.0137411 0.43209 0.0104227 
0.0015574 0.0209695 0.0553153 0.0099337 0.0558566 0.0256282 0.0176425 0.0172035 0.0476908 0.18087 0.000456417 0.563533 0.00334323 
8.22745e-05 0.00915451 0.200451 0.0649583 0.0882277 0.0387468 0.0299424 0.0360117 0.0305369 0.135082 0.00422912 0.351322 0.0112556 
9.1412e-05 0.0183057 0.0673155 0.0760812 0.152456 0.0386248 0.0455845 0.0450078 0.0133667 0.116841 0.00719551 0.415769 0.00336095 
0.000482794 0.0470249 0.0396942 0.0283201 0.060182 0.0106658 0.0161247 0.0485647 0.0179859 0.0751257 0.0015181 0.600109 0.0542023 
0.00193916 0.00122622 0.0261361 0.0267549 0.0433325 0.04969 0.00501292 0.00877594 0.00728364 0.0638393 0.000548716 0.762662 0.00279831 
0.000225456 0.0165975 0.0630645 0.0417768 0.107834 0.0560034 0.0246545 0.049585 0.0375134 0.234361 0.0030822 0.328673 0.0366301 
0.000311329 0.00744361 0.0335872 0.0213954 0.0406787 0.0189602 0.0430183 0.0392477 0.0048451 0.0748931 0.0301033 0.632147 0.0533694 
0.000209276 0.00458126 0.0428252 0.0100466 0.0376545 0.0267999 0.108386 0.0908246 0.0156653 0.0656797 0.00680197 0.546652 0.0438738 
0.000211861 0.0152585 0.0363648 0.0229517 0.115285 0.0259262 0.046855 0.150369 0.0109836 0.0827721 0.00583334 0.334278 0.152912 
0.000250477 0.00702113 0.0557595 0.0195375 0.0373328 0.0299221 0.0585848 0.0949073 0.00957136 0.238731 0.00796899 0.431894 0.00851822 
0.00376125 0.0100692 0.0388785 0.015303 0.0728633 0.0216674 0.00251321 0.0440386 0.0173677 0.183521 0.00267298 0.584227 0.00311613 
0.000104548 0.00987171 0.0175842 0.0106851 0.0343157 0.00402626 0.000930332 0.0105839 0.00819305 0.0868249 4.66012e-05 0.813747 0.00308644 
