0.0430345 0.000721501 0.459124 0.0148277 0.148527 0.0225391 0.039055 0.0407134 0.0107135 0.142015 0.000435603 0.0710191 0.0072747 
0.000236241 0.00341244 0.486975 0.0809233 0.0810989 0.0635492 0.00897085 0.0296482 0.0841815 0.0452955 0.000350743 0.0918677 0.0234904 
9.74747e-05 0.00823473 0.319503 0.176677 0.0834461 0.0420895 0.0603136 0.0630183 0.0141258 0.0807709 0.00274917 0.135878 0.013096 
8.77888e-05 0.00478539 0.455252 0.0386058 0.170143 0.0230196 0.0121604 0.0125336 0.00753347 0.103461 0.000557738 0.16113 0.010729 
5.30891e-07 0.00114391 0.770506 0.0264761 0.0420484 0.0198305 0.00503132 0.0137206 0.0372933 0.0739611 0.000148805 0.00918794 0.000651411 
0.000465579 0.00758311 0.348552 0.0623934 0.150864 0.0228371 0.0203563 0.0346606 0.018238 0.125786 0.00317319 0.199299 0.00579139 
0.000393623 0.214137 0.42022 0.0566927 0.105227 0.0453693 0.00805259 0.00689462 0.00649351 0.0978369 0.000392448 0.026301 0.0119889 
0.00171409 0.00140198 0.239869 0.00785093 0.192125 0.0325132 0.00773268 0.0631671 0.152412 0.106717 0.00611668 0.185646 0.00273362 
5.39837e-05 0.00380438 0.514364 0.0975195 0.13937 0.0233871 0.0223589 0.0187837 0.020709 0.0960868 0.000511881 0.0563445 0.00670595 
0.000188607 0.0115471 0.367199 0.110549 0.137742 0.0468645 0.0279053 0.0217243 0.0118325 0.159334 0.00150164 0.0946303 0.00898101 
0.000227434 0.0137804 0.208246 0.0643209 0.183381 0.0574296 0.0135326 0.0934039 0.172443 0.12694 0.000144823 0.0625282 0.00362179 
2.76966e-05 0.00572713 0.555175 0.0955804 0.169835 0.00966787 0.00321424 0.00831896 0.00459315 0.0784097 1.29064e-05 0.0632033 0.006234 
0.000211535 0.000726499 0.439169 0.0336314 0.0991932 0.0221723 0.016495 0.0122592 0.0127763 0.0681791 0.000211219 0.289579 0.0053967 
0.00847001 0.00163565 0.239066 0.0402668 0.116091 0.0705182 0.00276169 0.0287688 0.145572 0.149334 0.000188085 0.19117 0.00615689 
0.000262029 0.0108939 0.382602 0.136379 0.101839 0.0276095 0.0277395 0.0276973 0.0163306 0.124363 0.00222729 0.135689 0.00636882 
5.4571e-05 0.000859841 0.384564 0.0677415 0.131545 0.242953 0.0177777 0.0396626 0.0236141 0.0326792 0.00210313 0.047485 0.00896 
8.85883e-05 0.0299192 0.439917 0.0484328 0.185681 0.0283086 0.00728079 0.0335878 0.0273094 0.118588 0.00339716 0.0734185 0.00407178 
0.00196916 0.000930273 0.359769 0.00927539 0.285769 0.0192479 0.0256638 0.0226665 0.0759777 0.0721534 0.00783948 0.108787 0.00995098 
0.00453638 0.00869893 0.309398 0.046915 0.0950287 0.0811525 0.0261227 0.0504917 0.0692727 0.118724 0.000909404 0.184007 0.00474283 
0.00017138 0.00887157 0.83024 0.0606742 0.0241106 0.00823758 0.0114058 0.00568083 0.0148274 0.0143932 0.000322794 0.0190493 0.00201553 
0.000798364 0.001559 0.20842 0.17267 0.194603 0.0500426 0.0959207 0.0327687 0.0107455 0.0750781 0.00189553 0.136835 0.0186634 
0.00353335 0.00592686 0.348037 0.1267 0.111056 0.0805966 0.023068 0.0324528 0.0179287 0.1299 0.00259241 0.112621 0.0055874 
2.29265e-05 0.00938999 0.527686 0.0185586 0.0860165 0.0113555 0.00226545 0.0121277 0.0137275 0.157251 0.00230208 0.154406 0.00489008 
0.00116684 0.00404162 0.273209 0.0192597 0.213496 0.0614949 0.0244589 0.0341163 0.0101165 0.12688 0.0105112 0.214595 0.00665487 
0.000277266 6.59636e-05 0.387405 0.237374 0.090006 0.0260596 0.0219725 0.0246003 0.014623 0.111269 0.000202402 0.0784722 0.00767318 
0.0834582 0.000816733 0.364195 0.0886305 0.200801 0.102705 0.0158654 0.0144847 0.00628051 0.066346 0.000293376 0.0524706 0.0036537 
0.00045039 0.00605168 0.435532 0.0754028 0.0889757 0.0300632 0.0190615 0.0268017 0.0127114 0.107875 0.00137106 0.165582 0.0301214 
1.06706e-05 0.000528903 0.554441 0.0186827 0.192132 0.0164691 0.0212578 0.0486224 0.0156369 0.0641938 0.000246852 0.0629932 0.00478522 
6.90516e-05 0.00131989 0.274183 0.0133077 0.0905435 0.0503135 0.026642 0.013898 0.0110764 0.0145778 0.00972942 0.250939 0.243401 
2.5405e-06 0.00242627 0.643341 0.0268776 0.00801803 0.00368406 0.0725098 0.00794753 0.00838659 0.0971561 8.566e-06 0.12935 0.000291907 
0.000119505 0.00359662 0.510283 0.114225 0.142707 0.063511 0.0078944 0.0152049 0.00786938 0.0838052 0.00175335 0.0440246 0.00500699 
0.00330398 0.00290848 0.386029 0.101648 0.202585 0.121655 0.00898913 0.0114608 0.029854 0.0662251 0.000794601 0.0307563 0.0337907 
0.00020234 0.00203992 0.281062 0.0225659 0.12332 0.108209 0.0460667 0.0760102 0.0208063 0.153787 0.000496546 0.16444 0.000995044 
0.00422877 0.00170403 0.382713 0.0350832 0.197646 0.0165258 0.0185055 0.0269664 0.0202027 0.110134 0.00105301 0.17833 0.00690751 
0.000157355 0.00711143 0.375046 0.328617 0.102055 0.0215763 0.0199456 0.0170125 0.00180614 0.0654589 0.000905903 0.0579858 0.00232133 
0.000934219 0.00513308 0.450709 0.0117481 0.0449147 0.125585 0.00307876 0.0516073 0.0746087 0.0308298 6.94873e-05 0.200001 0.000781237 
1.37427e-06 0.0029106 0.461856 0.157045 0.152688 0.00803707 0.106236 0.00938116 0.0104516 0.024803 0.000262932 0.0620768 0.00425148 
0.000988897 0.00760544 0.213892 0.0409083 0.183089 0.0769935 0.013058 0.0102463 0.177542 0.120988 9.0652e-05 0.150449 0.00414965 
8.65665e-05 0.00501436 0.392087 0.147196 0.149925 0.0290013 0.0189641 0.0128851 0.0222306 0.11481 0.000175085 0.102476 0.00514843 
4.07493e-05 0.0207497 0.307545 0.0446643 0.0790963 0.0289344 0.0286704 0.0224599 0.0103944 0.182119 0.00184539 0.26893 0.00454989 
0.000113545 0.00529611 0.458791 0.116862 0.110092 0.0375491 0.0208583 0.0204167 0.017678 0.0842069 0.00107636 0.119181 0.00788024 
5.92892e-05 0.0106708 0.456466 0.0654435 0.0708966 0.0125425 0.00592399 0.0196686 0.0104302 0.180105 0.000410337 0.143787 0.0235961 
0.00046226 0.00132837 0.505443 0.0918149 0.189042 0.019275 0.0120728 0.0319481 0.00442619 0.0638721 0.000404729 0.0645201 0.0153903 
0.00102261 0.00292409 0.518204 0.0969014 0.124313 0.0200049 0.00370219 0.0162699 0.0156672 0.0871016 0.0188043 0.0920858 0.00299927 
0.000674167 0.00730131 0.383115 0.180096 0.0920877 0.0331812 0.0262584 0.0186439 0.0192089 0.112636 0.00167983 0.117023 0.00809527 
3.30432e-06 0.00274209 0.476952 0.0378058 0.186682 0.0352543 0.019465 0.0373581 0.0217391 0.11576 1.04957e-05 0.0642014 0.00202684 
0.000694052 0.0393736 0.298013 0.0428476 0.128106 0.0321389 0.0471752 0.00835068 0.00807105 0.160175 0.00010832 0.229649 0.00529844 
0.000188379 0.00449696 0.400939 0.0301496 0.157551 0.0368503 0.0155472 0.0381306 0.0346406 0.125282 0.00156524 0.1459 0.00875893 
1.52766e-05 0.0102718 0.79456 0.0234425 0.034883 0.00905496 0.00505833 0.0130049 0.00365694 0.0644801 0.000446296 0.0397442 0.00138193 
6.58583e-05 0.00762298 0.421095 0.160252 0.120572 0.0196958 0.0207809 0.0312009 0.0131379 0.082578 0.00100741 0.0968873 0.0251042 
2.5405e-06 0.00242627 0.643341 0.0268776 0.00801803 0.00368406 0.0725098 0.00794753 0.00838659 0.0971561 8.566e-06 0.12935 0.000291907 
0.000470521 0.00794923 0.584266 0.0955922 0.102226 0.0150756 0.00451985 0.0107317 0.00868289 0.130001 0.000393209 0.0371972 0.00289456 
2.5405e-06 0.00242627 0.643341 0.0268776 0.00801803 0.00368406 0.0725098 0.00794753 0.00838659 0.0971561 8.566e-06 0.12935 0.000291907 
0.000168252 0.0267306 0.489641 0.0100626 0.139835 0.0228684 0.0175203 0.0174393 0.00972433 0.103451 0.000695085 0.147387 0.0144764 
0.000162663 0.00339229 0.385242 0.012763 0.173912 0.0949974 0.00323027 0.0393273 0.00987718 0.098968 9.74767e-05 0.174985 0.00304553 
0.228424 0.000474436 0.346844 0.0134203 0.016589 0.0197257 0.00874119 0.0128849 0.0288112 0.030195 0.000844652 0.292339 0.000706523 
0.000353988 0.00454567 0.596529 0.132633 0.146703 0.0286698 0.00932729 0.00574514 0.00543245 0.0433059 0.0027135 0.0171912 0.00684956 
0.000208709 0.00134822 0.426636 0.0280014 0.283684 0.0177071 0.00497225 0.00999902 0.039907 0.0913162 0.0044066 0.0886861 0.00312817 
0.000110242 0.00103002 0.810484 0.00692034 0.0187643 0.00249499 0.00242354 0.00191401 0.0081748 0.0304154 1.77122e-05 0.116235 0.00101553 
0.00018486 0.00160728 0.319343 0.0172526 0.307045 0.0303113 0.0387672 0.0181583 0.0110705 0.155978 3.25515e-05 0.0555468 0.0447027 
0.000197674 0.000632809 0.470403 0.0465141 0.127878 0.0936562 0.0517067 0.0415912 0.0236493 0.100078 0.00125546 0.0396251 0.00281182 
1.06706e-05 0.000528903 0.554441 0.0186827 0.192132 0.0164691 0.0212578 0.0486224 0.0156369 0.0641938 0.000246852 0.0629932 0.00478522 
0.000858181 0.00855754 0.394135 0.198006 0.123471 0.0452349 0.016049 0.0541217 0.0568859 0.0800244 0.00031309 0.0207868 0.00155678 
3.16856e-06 3.21316e-05 0.570531 0.0557026 0.086748 0.00784602 0.00456235 0.00244357 0.0280716 0.205005 3.31668e-06 0.0390508 3.61966e-08 
0.00330398 0.00290848 0.386029 0.101648 0.202585 0.121655 0.00898913 0.0114608 0.029854 0.0662251 0.000794601 0.0307563 0.0337907 
4.02594e-05 0.00645135 0.293477 0.0461069 0.0547789 0.0374587 0.0122393 0.280103 0.0079511 0.0670888 0.0187239 0.169408 0.00617243 
0.000742965 0.0245851 0.432154 0.0883431 0.201873 0.0393098 0.0222138 0.042642 0.00357132 0.108978 0.000726267 0.0289507 0.00591043 
0.000265638 0.000831179 0.51138 0.00617609 0.212485 0.0418053 0.0754124 0.0190603 0.0138234 0.0253619 0.000182671 0.0849485 0.00826749 
0.00179839 0.0031044 0.277021 0.0439013 0.141316 0.175493 0.0210677 0.0126035 0.0117367 0.172215 0.000254391 0.137087 0.00240144 
6.3378e-05 0.0151997 0.275584 0.13682 0.0832885 0.0326776 0.0842369 0.0104176 0.013424 0.137478 0.000618816 0.202478 0.00771471 
0.000120867 0.00872262 0.247057 0.0553613 0.210061 0.0444613 0.0198153 0.0694335 0.0386586 0.182166 0.00255481 0.107539 0.0140497 
3.26624e-05 0.00442507 0.522855 0.0877322 0.0622354 0.0142109 0.0249209 0.0193566 0.0164923 0.106858 2.98357e-05 0.135302 0.00554971 
0.000418082 0.0168456 0.607107 0.0203598 0.108724 0.00884541 0.0108465 0.0284406 0.0289262 0.0595511 0.0111952 0.0611912 0.0375491 
0.0031311 0.00470356 0.539101 0.0413717 0.0973664 0.0330645 0.0116249 0.0196512 0.0167859 0.0999127 0.00413954 0.119897 0.0092505 
0.000226195 0.0055053 0.380467 0.0581501 0.185035 0.024242 0.027629 0.0363014 0.0313291 0.0817961 0.0012336 0.156604 0.0114808 
0.000321241 0.000231337 0.332459 0.0107352 0.227569 0.0211648 0.0102093 0.0197857 0.0109256 0.192393 0.000499622 0.172503 0.00120387 
0.000355325 0.00238951 0.420228 0.130736 0.100224 0.0256312 0.0149179 0.0137723 0.0297954 0.177788 0.000936001 0.0672712 0.0159551 
8.252e-09 0.00337275 0.833352 0.116461 0.00619154 0.00589444 0.000402903 0.000192769 0.00516378 0.0177433 2.38303e-06 0.00785211 0.00337181 
9.91357e-05 0.0703797 0.256613 0.148751 0.125982 0.05098 0.0264233 0.0221516 0.0133364 0.149672 0.00218362 0.108199 0.0252298 
0.000115651 0.000690589 0.289086 0.0088527 0.228662 0.185581 0.00239334 0.0595161 0.102823 0.100008 3.542e-06 0.021934 0.000334029 
1.34795e-05 0.00940875 0.775914 0.0241808 0.0486944 0.0125385 0.00589562 0.0131674 0.00338298 0.0679404 0.000421273 0.0363046 0.00213757 
2.70571e-06 0.00335144 0.308609 0.251464 0.0421508 0.00697289 0.00420488 0.0373117 0.0233211 0.15341 2.28338e-05 0.132419 0.0367592 
4.47024e-07 0.0023412 0.412705 0.197612 0.138597 0.015076 0.0178668 0.000592977 0.000685274 0.119438 1.1859e-06 0.0764772 0.0186068 
0.000113134 0.00390018 0.584496 0.0377241 0.187554 0.0463703 0.00723398 0.0267998 0.0123534 0.0488396 1.77498e-05 0.0410158 0.00358161 
2.6509e-05 0.000677371 0.507052 0.350595 0.0723044 0.0152903 0.00580701 0.013028 0.00834228 0.00791197 0.00170423 0.0159282 0.00133209 
0.000204078 0.00227024 0.479741 0.0160653 0.136998 0.0817622 0.0198072 0.0394243 0.0555474 0.104289 0.00132604 0.0439238 0.0186411 
0.000190553 0.0048608 0.336596 0.135461 0.284545 0.0316028 0.0100951 0.0117109 0.00603922 0.146064 0.0049954 0.0266457 0.00119259 
0.000125838 0.00242992 0.268528 0.135229 0.117676 0.0054479 0.00899979 0.00986793 0.00354485 0.0837329 0.000103593 0.254578 0.109737 
0.000141301 0.0194271 0.285791 0.108827 0.112172 0.0127248 0.00867772 0.0176735 0.0266815 0.0782233 0.00375278 0.0403357 0.285572 
0.0003314 0.00278915 0.362551 0.0362822 0.1863 0.0995185 0.00590359 0.0452781 0.126408 0.0496019 1.53874e-05 0.0789721 0.0060496 
0.000157405 0.00627136 0.282718 0.0617155 0.222778 0.0353591 0.0185693 0.149458 0.0439419 0.11451 0.0184956 0.0397332 0.00629336 
0.000222803 0.00219492 0.364987 0.112015 0.122729 0.0565681 0.0358442 0.0263142 0.0403272 0.107367 0.000514067 0.125857 0.00505973 
0.000417716 0.010437 0.398953 0.132806 0.120507 0.0290577 0.0397509 0.0209373 0.0133666 0.124818 0.00371392 0.0990742 0.00616076 
5.77131e-05 0.00299112 0.385638 0.0367787 0.141106 0.137976 0.0130189 0.00850488 0.0166374 0.154003 1.74836e-05 0.0993034 0.00396782 
4.345e-05 0.00255861 0.646238 0.00793816 0.0185792 0.00831367 0.0129806 0.00469767 0.0219437 0.0823044 0.000164544 0.192107 0.00213094 
0.000109886 0.000221229 0.498688 0.110685 0.0587663 0.16954 0.00768377 0.0260487 0.00509889 0.109103 2.75113e-05 0.0139118 0.000115525 
0.00051243 0.0146422 0.377018 0.0672814 0.150009 0.0327652 0.0023157 0.0123247 0.0276029 0.105172 0.000229598 0.1874 0.0227267 
0.00116271 0.00145399 0.349536 0.0697133 0.144441 0.0311271 0.0147542 0.0176357 0.0151855 0.129959 0.00123629 0.190827 0.0329681 
0.000354942 0.0100758 0.448974 0.117694 0.137598 0.0357956 0.0316717 0.0315325 0.0195677 0.100816 0.00291136 0.0577415 0.00526624 
6.75495e-05 0.123007 0.332847 0.171691 0.0867508 0.0123384 0.00989002 0.0153082 0.00348705 0.112929 0.000357601 0.122791 0.00853667 
2.23843e-05 0.000638909 0.35683 0.00928984 0.188522 0.0755698 0.0206845 0.0326092 0.104187 0.143447 0.00253951 0.0616204 0.00403935 
4.57677e-07 0.000980539 0.795979 0.0258311 0.0375919 0.0183663 0.00431261 0.0117606 0.0319659 0.0645285 0.000127581 0.00797377 0.000581234 
0.000194499 0.0120978 0.225586 0.0660707 0.0679475 0.0706962 0.0244224 0.0520319 0.148 0.196514 0.000172428 0.132026 0.00424063 
0.000113741 0.00486468 0.339436 0.0814616 0.114859 0.0786106 0.0052194 0.00770603 0.0637631 0.119018 1.78604e-05 0.18321 0.00172087 
2.38116e-08 0.000611331 0.78662 0.0989561 0.0621773 0.0197525 0.00622754 0.0073276 0.0082104 0.00323252 3.39686e-06 0.00646248 0.000418427 
0.000231129 0.000575343 0.662213 0.122369 0.143361 0.0169112 0.00220321 0.00515865 0.021055 0.02015 0.000143486 0.00439125 0.00123832 
0.000739062 0.00313373 0.417243 0.023403 0.0721322 0.0308528 0.0116644 0.0103261 0.0367598 0.10308 0.000130635 0.250474 0.040061 
0.000440432 0.117444 0.266545 0.0883534 0.185118 0.035227 0.000840811 0.0585878 0.0180576 0.124305 6.12563e-05 0.0999525 0.00506699 
2.42741e-05 0.000770183 0.438674 0.122161 0.0995384 0.020227 0.0221469 0.00955788 0.0717244 0.0184893 0.000240504 0.184582 0.0118644 
3.11415e-06 0.00866166 0.526103 0.0765725 0.220816 0.0153032 0.00543087 0.0314933 0.0570915 0.0221307 0.000504771 0.0282491 0.00764037 
5.95949e-05 0.00108206 0.482916 0.0429794 0.163575 0.172442 0.0015953 0.0118301 0.00550419 0.0696427 0.000318359 0.046547 0.00150829 
0.000288813 0.0157583 0.271999 0.0299569 0.17181 0.0544635 0.0172469 0.0204436 0.0701623 0.158759 0.00134767 0.181756 0.00600829 
0.00015898 0.000307173 0.353893 0.0132568 0.341811 0.0100419 0.0132183 0.0538593 0.0403516 0.068754 0.0094359 0.0877233 0.00718849 
0.000153627 0.00815344 0.43387 0.0214734 0.102555 0.0207525 0.00912534 0.017881 0.0360135 0.0644994 0.00150424 0.269717 0.0143012 
8.34719e-05 0.0021362 0.310231 0.0191209 0.124047 0.0322575 0.0304485 0.155988 0.0898501 0.0923914 0.0192515 0.113685 0.0105096 
0.000159443 0.0055742 0.299589 0.0977584 0.145726 0.0631604 0.0249012 0.0364736 0.0266441 0.139269 0.00529128 0.138667 0.016786 
6.90516e-05 0.00131989 0.274183 0.0133077 0.0905435 0.0503135 0.026642 0.013898 0.0110764 0.0145778 0.00972942 0.250939 0.243401 
0.000445636 0.00396831 0.500272 0.0438348 0.0965948 0.0152266 0.0026672 0.014765 0.10499 0.0887693 0.00165154 0.114174 0.0126407 
0.000402401 0.0191397 0.364157 0.118087 0.152411 0.0337601 0.0106839 0.0117264 0.00437886 0.146161 0.000651501 0.136196 0.00224556 
0.0001591 0.00118706 0.573587 0.0100529 0.131798 0.0205612 0.0118738 0.0797345 0.042404 0.0461856 0.00175465 0.0676855 0.0130161 
0.0430345 0.000721501 0.459124 0.0148277 0.148527 0.0225391 0.039055 0.0407134 0.0107135 0.142015 0.000435603 0.0710191 0.0072747 
0.00024344 0.00515062 0.422709 0.0280315 0.0784547 0.0308466 0.0331847 0.13476 0.00928572 0.0886029 0.0849432 0.05898 0.0248084 
8.62354e-05 0.0159613 0.281314 0.0744978 0.154589 0.050155 0.00110315 0.00945938 0.0507001 0.149361 9.20275e-06 0.212493 0.000270085 
0.000129404 0.188988 0.408313 0.133849 0.119135 0.023566 0.00959148 0.0103175 0.00328426 0.0591557 0.000362018 0.0401597 0.00314864 
0.000205189 0.00390619 0.294664 0.103763 0.144349 0.0267271 0.0370228 0.00901612 0.0132674 0.142498 0.00351445 0.216764 0.00430344 
6.53154e-05 0.00153921 0.363112 0.261597 0.0672438 0.00521544 0.0347877 0.00792333 0.0109061 0.0663303 0.000336615 0.171786 0.00915726 
0.000283663 0.00230838 0.343504 0.0791298 0.15602 0.0380071 0.0437423 0.020826 0.00811102 0.141821 0.00058156 0.160906 0.00475916 
6.6265e-05 0.00425572 0.441247 0.303078 0.0664202 0.018945 0.0181417 0.0106975 0.0236291 0.0782628 0.000396764 0.0328926 0.00196755 
0.000159127 0.00736788 0.284555 0.251166 0.0862928 0.0415407 0.0102007 0.0186556 0.0185553 0.160797 0.000872425 0.113654 0.00618334 
0.000651608 0.000570147 0.291754 0.0342017 0.226909 0.0197299 0.0172437 0.00838542 0.0186662 0.220931 1.32683e-05 0.159065 0.00187957 
0.00069479 0.0990512 0.340769 0.0377749 0.101823 0.0296696 0.00503119 0.0139518 0.0556331 0.106738 1.46459e-05 0.207276 0.00157321 
0.0004324 0.0989844 0.352765 0.0837638 0.161707 0.0389992 0.0170582 0.0228261 0.00999835 0.127637 0.00115032 0.0819247 0.00275371 
2.17702e-05 0.00200613 0.71801 0.0708657 0.0887353 0.0228393 0.00601949 0.0266582 0.0154127 0.0135465 7.95473e-06 0.0340959 0.00178139 
8.55503e-05 0.0141303 0.231862 0.0328502 0.211597 0.0275292 0.0283642 0.0228316 0.0189521 0.186726 0.0260781 0.187675 0.0113188 
5.54425e-05 0.00316027 0.326869 0.088613 0.0803242 0.0822617 0.00726832 0.0248016 0.0103509 0.20865 0.000236871 0.166483 0.000925636 
7.05939e-05 0.00399989 0.390131 0.0509467 0.137656 0.0226537 0.0108305 0.0785107 0.038601 0.138182 0.000265473 0.120749 0.00740362 
0.000202503 0.0028711 0.422115 0.0327347 0.124296 0.0109066 0.00881593 0.0277395 0.0359161 0.245919 0.000141873 0.0823411 0.00599936 
1.21697e-05 0.033424 0.528816 0.0949664 0.0307597 0.0137512 0.00649563 0.0221437 0.0045015 0.0609802 0.000660007 0.183336 0.0201539 
6.90516e-05 0.00131989 0.274183 0.0133077 0.0905435 0.0503135 0.026642 0.013898 0.0110764 0.0145778 0.00972942 0.250939 0.243401 
0.00012001 0.0158947 0.652352 0.061401 0.0453753 0.0034764 0.000521005 0.00797621 0.0055231 0.0451929 0.00162004 0.156901 0.00364604 
0.000542121 0.0981217 0.35666 0.15918 0.0820972 0.018656 0.00979921 0.00891753 0.00795452 0.146138 0.000986144 0.10296 0.00798747 
0.0007338 0.00223492 0.399486 0.0640567 0.276025 0.031084 0.00238347 0.0263249 0.0159026 0.0849946 0.000213338 0.0910606 0.00549965 
5.33083e-05 0.0354135 0.459572 0.0165568 0.121373 0.0434111 0.00616026 0.0610838 0.0806162 0.0852908 0.000609753 0.088257 0.00160298 
0.00200602 0.00798649 0.379409 0.108123 0.146161 0.0730566 0.0176593 0.0324559 0.0137685 0.0994482 0.00580179 0.108405 0.00571932 
0.000226739 0.00236296 0.486124 0.0869268 0.161917 0.123484 0.00988093 0.00784326 0.00881009 0.0842683 2.86043e-05 0.0267141 0.00141304 
0.000509008 0.00845683 0.273335 0.0449074 0.149295 0.0622983 0.0142629 0.0314099 0.0445793 0.189437 0.000934317 0.177859 0.00271672 
0.000150714 0.00307642 0.550752 0.0356095 0.167595 0.0208703 0.010801 0.0135217 0.00340033 0.027149 0.00580001 0.0186816 0.142592 
0.0158413 0.0110108 0.357466 0.0836277 0.175428 0.0459577 0.0305872 0.0265299 0.0188236 0.104605 0.00236311 0.116692 0.0110686 
0.0202188 0.00304592 0.216761 0.190841 0.139359 0.106592 0.0219862 0.0252011 0.0128568 0.134417 0.00376036 0.118611 0.006351 
0.000119693 0.0413013 0.547824 0.0348679 0.0910772 0.0287241 0.0357348 0.0247203 0.0183278 0.0872566 0.00253617 0.0837945 0.00371607 
0.000163319 0.0057069 0.481869 0.0685336 0.0800647 0.0258753 0.0239116 0.0205526 0.0231236 0.141553 0.00171983 0.121087 0.00583989 
4.76916e-05 0.000833187 0.359021 0.122671 0.171477 0.234049 0.00923495 0.0283339 0.0105255 0.0426725 0.00020405 0.0175641 0.00336655 
0.000471904 0.0027746 0.306352 0.107905 0.273726 0.0972616 0.0505685 0.00909749 0.00680592 0.0690385 0.000440794 0.0732745 0.00228282 
0.000132382 0.00163113 0.294909 0.0527051 0.18227 0.0569911 0.0295049 0.0461899 0.00785168 0.1099 0.000265348 0.213129 0.00451958 
4.75979e-05 0.00551862 0.37689 0.217734 0.0488893 0.00616852 0.0937437 0.0065707 0.00603241 0.0759145 0.000234956 0.126889 0.035366 
0.000440287 0.0191519 0.363538 0.0893737 0.110001 0.0337892 0.0195606 0.0243176 0.0165959 0.141826 0.00206078 0.166686 0.0126586 
0.000219503 0.0229177 0.289298 0.279108 0.176808 0.0155401 0.0219914 0.0192781 0.0173034 0.0599657 6.26289e-05 0.0782866 0.0192212 
0.000283332 0.0101465 0.427776 0.0452173 0.133446 0.0242757 0.0345733 0.0553406 0.0271791 0.101291 0.00198681 0.113012 0.0254735 
3.46011e-05 0.00162431 0.378138 0.302403 0.165238 0.0317028 0.0344751 0.0151654 0.00996586 0.0315355 0.000193531 0.0251947 0.00432824 
3.85136e-05 0.0208845 0.298888 0.0905203 0.214923 0.0563271 0.0401341 0.0472156 0.0282107 0.0709929 0.00807542 0.11067 0.0131197 
0.000113406 0.00158899 0.569665 0.0172615 0.0949418 0.0217843 0.0873741 0.0164404 0.0144051 0.0589189 9.97361e-05 0.113164 0.00424351 
8.76454e-05 0.00253658 0.38055 0.0104311 0.225943 0.0397227 0.00933622 0.0126826 0.0182988 0.12323 0.000776299 0.171251 0.00515452 
0.00150887 0.00131076 0.354971 0.0529109 0.106953 0.039391 0.042391 0.0318772 0.030887 0.0971392 0.00624261 0.225922 0.00849615 
0.00108909 0.00904317 0.243137 0.0136916 0.227318 0.075798 0.0220009 0.0441246 0.0543584 0.195995 0.00391934 0.105453 0.00407136 
1.81537e-06 0.000734905 0.330813 0.134617 0.0326548 0.0213582 0.00257574 0.013507 0.0149083 0.110189 0.000949072 0.324369 0.0133224 
6.61633e-05 0.000217702 0.418478 0.0433096 0.2067 0.0537417 0.0410004 0.0341326 0.0169689 0.0636595 5.01063e-05 0.117373 0.00430226 
9.48367e-05 0.00434459 0.493872 0.00458522 0.0780646 0.0142975 0.0272912 0.0249431 0.0196349 0.166353 0.00105435 0.160205 0.00526075 
0.00010492 0.0012418 0.527943 0.123698 0.0838915 0.0893492 0.0144218 0.0168721 0.0279167 0.0738307 0.000661719 0.0378563 0.00221193 
0.0104312 0.00173964 0.236255 0.0408043 0.220617 0.118135 0.0169407 0.0389476 0.0150899 0.187694 0.00208919 0.108161 0.00309581 
0.000440628 0.0155387 0.426943 0.147085 0.12088 0.0301143 0.0179236 0.0165724 0.0126793 0.119058 0.00152477 0.0837504 0.00748985 
0.000671082 0.00214179 0.319686 0.11947 0.0930533 0.0346507 0.0177236 0.0185488 0.0265587 0.254199 0.000868717 0.100536 0.0118924 
5.97533e-05 0.00877716 0.74875 0.0270973 0.0315929 0.0157908 0.0183755 0.00968813 0.00379715 0.0724982 0.000439032 0.0610256 0.00210874 
7.36594e-05 0.017855 0.457095 0.176538 0.122651 0.03023 0.0601823 0.0280212 0.0145585 0.0545722 0.00276427 0.0336668 0.00179152 
0.00022244 0.00468547 0.446496 0.0083002 0.153689 0.0600958 0.0115186 0.0777695 0.039345 0.0910772 0.00328553 0.0965923 0.00692339 
5.25283e-05 0.0641703 0.398991 0.119911 0.060576 0.0319552 0.0190249 0.0251806 0.0168078 0.0929165 0.00734762 0.145633 0.0174324 
0.0013329 0.0112231 0.379859 0.132605 0.110497 0.0436825 0.0334804 0.02599 0.0126873 0.111149 0.00255184 0.120714 0.0142278 
6.21567e-05 0.145583 0.234506 0.206019 0.138243 0.026707 0.0322409 0.0434456 0.00737264 0.0850893 0.0219275 0.0413578 0.0174456 
5.38258e-06 0.0028824 0.588575 0.0372765 0.0544106 0.00626519 0.00161774 0.0120817 0.107023 0.0753985 0.000433038 0.107889 0.00614225 
4.63714e-06 0.00466043 0.421755 0.1182 0.110919 0.0386103 0.0225916 0.0396244 0.00914365 0.144172 0.00185806 0.0561194 0.0323418 
0.000341999 0.189837 0.387883 0.124612 0.100529 0.0185785 0.00413031 0.0115005 0.0151963 0.0651222 0.00368331 0.0765532 0.00203249 
0.0001024 0.00848667 0.740747 0.0065085 0.103651 0.00772421 0.000407116 0.00849449 0.00900944 0.0701475 0.0017459 0.037074 0.00590152 
0.000198464 0.00657867 0.525148 0.105425 0.148646 0.0256399 0.00907738 0.0155909 0.0130021 0.0700859 4.65064e-05 0.0412902 0.0392702 
9.1379e-05 0.00448756 0.469297 0.0331334 0.0558933 0.0593056 0.0346643 0.0312977 0.00813734 0.112402 0.000422943 0.186697 0.00417122 
0.000140839 0.0255011 0.278425 0.0503031 0.0806585 0.0763787 0.0119638 0.11762 0.0060027 0.0950383 0.0219792 0.224944 0.0110447 
0.00141967 0.0284311 0.340456 0.150962 0.108949 0.02848 0.0224939 0.0249312 0.01614 0.107288 0.00128838 0.162771 0.0063893 
2.95656e-05 0.00103677 0.452596 0.0565439 0.108779 0.139943 0.0123004 0.00591552 0.0156258 0.0371476 2.79533e-05 0.134133 0.0359214 
0.000287395 0.00109372 0.480727 0.097932 0.0526381 0.0385575 0.00786081 0.0793162 0.0131062 0.0587779 1.56586e-05 0.16693 0.00275774 
0.000175961 0.00328539 0.330146 0.270918 0.0949654 0.0228864 0.00588518 0.00770307 0.011524 0.115901 0.000902988 0.133595 0.00211191 
0.000127316 0.000241357 0.587501 0.080174 0.181087 0.0107901 0.000208534 0.0591813 0.00684772 0.0236027 1.96483e-05 0.0456312 0.00458795 
0.000109588 0.0181125 0.407891 0.0615851 0.131539 0.0250723 0.00964261 0.0607343 0.0367504 0.134262 1.30942e-05 0.103082 0.0112061 
0.000775537 0.00289435 0.55715 0.0454919 0.156518 0.028256 0.00311637 0.0339664 0.0384708 0.0648375 0.00708861 0.0541869 0.00724739 
0.00232504 0.00618425 0.581719 0.0749209 0.0808917 0.0136638 0.00172065 0.0102821 0.00557241 0.0733718 0.00052997 0.133647 0.0151717 
0.000637993 0.00879377 0.228784 0.131511 0.0871404 0.0324824 0.0432086 0.0192895 0.00663847 0.170209 0.0013086 0.164875 0.105121 
0.000213115 0.000683512 0.471285 0.0690711 0.162398 0.0344929 0.0369087 0.015638 0.0342702 0.0705734 0.0011502 0.0918648 0.0114514 
2.10744e-06 0.000999238 0.367064 0.268055 0.103157 0.00891572 0.00226496 0.0759433 0.0386328 0.0896135 0.00132587 0.0436425 0.000383986 
0.000386136 0.00293358 0.562009 0.0864315 0.132871 0.0206714 0.00255875 0.0416196 0.0134442 0.0716951 0.00282978 0.0410446 0.0215052 
2.5405e-06 0.00242627 0.643341 0.0268776 0.00801803 0.00368406 0.0725098 0.00794753 0.00838659 0.0971561 8.566e-06 0.12935 0.000291907 
0.000546001 0.00292981 0.331665 0.076934 0.161958 0.0526426 0.0384005 0.031258 0.019806 0.158575 0.00482241 0.108355 0.0121086 
0.00038958 0.00207522 0.457115 0.0553973 0.162182 0.163108 0.00352229 0.0130654 0.00732072 0.0821556 0.00317766 0.0478788 0.00261236 
1.56095e-11 6.46401e-12 0.346127 0.00599739 0.15259 0.190587 1.93729e-07 0.0856874 0.0814171 0.0158676 2.9591e-08 0.121726 1.72862e-07 
0.00150392 0.00221918 0.517103 0.218163 0.0969383 0.0118099 0.0416336 0.00542668 0.00493102 0.0316933 7.02239e-05 0.0651229 0.00338444 
0.000199534 0.0159957 0.24611 0.0256143 0.162371 0.102487 0.0112499 0.0463816 0.0361799 0.155382 5.38097e-05 0.187894 0.0100817 
4.57677e-07 0.000980539 0.795979 0.0258311 0.0375919 0.0183663 0.00431261 0.0117606 0.0319659 0.0645285 0.000127581 0.00797377 0.000581234 
0.000665865 0.0120901 0.308409 0.071416 0.0983378 0.0544971 0.0285628 0.0365834 0.0376592 0.135463 0.0028138 0.197368 0.0161339 
0.000522585 0.0058729 0.583548 0.113399 0.122218 0.0238555 0.0100756 0.0164514 0.00493868 0.0746735 0.000229269 0.0256891 0.0185259 
0.00021806 0.00334851 0.501962 0.0790211 0.105892 0.0242311 0.00802054 0.0389545 0.0540663 0.0825006 0.00124779 0.0973009 0.00323605 
0.000182518 0.0145101 0.226035 0.0489299 0.0960537 0.0244563 0.0114266 0.0508557 0.0768647 0.150534 0.00212293 0.175899 0.12213 
0.00201099 0.00120823 0.373242 0.0136704 0.0436906 0.150433 0.00566096 0.0116407 0.143472 0.0933786 0.000257856 0.161191 0.000144363 
0.000133608 0.0256419 0.577364 0.0734804 0.0655593 0.0204311 0.026702 0.0157066 0.0430306 0.0977041 0.000326253 0.0376541 0.0162657 
0.00210055 0.00820965 0.311724 0.0806853 0.158387 0.0966907 0.0418965 0.0226623 0.00845082 0.118366 0.00039776 0.144323 0.00610659 
0.00011175 0.00375656 0.358378 0.0816459 0.239323 0.053931 0.0284731 0.0359572 0.0162599 0.075109 0.00121257 0.0968648 0.00897668 
0.000210383 0.00328882 0.346245 0.0359355 0.11112 0.0974332 0.0302498 0.020147 0.0116442 0.107822 0.00232715 0.223209 0.010369 
2.85539e-06 0.00132877 0.464677 0.0791823 0.127911 0.0218997 0.0381714 0.0154343 0.0716027 0.0944134 0.00605713 0.0788383 0.000481661 
1.75434e-05 0.0168223 0.279082 0.103443 0.0482373 0.0131091 0.0206179 0.0349845 0.0405857 0.131049 0.00248305 0.273931 0.0356368 
0.000231129 0.000575343 0.662213 0.122369 0.143361 0.0169112 0.00220321 0.00515865 0.021055 0.02015 0.000143486 0.00439125 0.00123832 
0.000231129 0.000575343 0.662213 0.122369 0.143361 0.0169112 0.00220321 0.00515865 0.021055 0.02015 0.000143486 0.00439125 0.00123832 
1.12744e-05 0.0293134 0.33589 0.0909739 0.158767 0.0350211 0.00111477 0.00548664 0.0386646 0.0750347 0.000181108 0.223842 0.00569966 
0.000412808 0.00348294 0.370734 0.0513599 0.0846111 0.0147181 0.0120961 0.0121848 0.00951873 0.195136 0.000169225 0.234466 0.0111106 
1.52766e-05 0.0102718 0.79456 0.0234425 0.034883 0.00905496 0.00505833 0.0130049 0.00365694 0.0644801 0.000446296 0.0397442 0.00138193 
0.000159748 0.0039961 0.375439 0.0531636 0.264226 0.0101947 0.000864845 0.0106327 0.0570477 0.0777336 0.00012485 0.0751061 0.0713104 
0.000133695 0.00213366 0.403976 0.144131 0.140943 0.0317372 0.033426 0.0122023 0.0119382 0.0911586 0.000505033 0.12228 0.0054351 
0.000233192 0.00525825 0.471616 0.0626319 0.0880233 0.026539 0.0151947 0.0148121 0.0158319 0.141264 0.00039343 0.149892 0.00830981 
0.000739488 0.00902676 0.357835 0.090751 0.0410322 0.06701 0.0100756 0.0686913 0.0041568 0.154616 0.000224105 0.192943 0.0028986 
8.647e-06 0.00490591 0.882358 0.0131309 0.0175725 0.00660756 0.0102733 0.00393881 0.00154667 0.0327623 3.18528e-05 0.0266019 0.000262163 
9.63812e-05 0.00402834 0.497076 0.0636746 0.0962321 0.0112801 0.0016754 0.0348298 0.018763 0.0652729 0.00287889 0.194475 0.00971751 
0.0111246 0.0122057 0.320939 0.14158 0.194484 0.0329583 0.0128833 0.015974 0.0248276 0.103682 0.00268328 0.105549 0.0211093 
0.000222346 0.019521 0.34673 0.191954 0.148685 0.0363946 0.030378 0.015412 0.0122943 0.102299 0.00139436 0.0868427 0.00787173 
0.000100435 0.00155084 0.501204 0.171398 0.139777 0.053389 0.0107222 0.0068176 0.0160695 0.0495478 2.76409e-05 0.0489992 0.000396634 
2.26075e-05 0.0264349 0.41293 0.0773027 0.145318 0.0512868 0.00279739 0.00676645 0.00675259 0.0499749 0.000475692 0.180653 0.0392843 
0.000313548 0.00161266 0.444713 0.00847527 0.157904 0.0101582 0.00170722 0.0365361 0.176696 0.121174 0.00386511 0.0352456 0.00159835 
0.000426248 0.00720997 0.345721 0.116207 0.107253 0.0637482 0.0211911 0.0251824 0.0342004 0.112152 0.0039888 0.150858 0.0118625 
0.000276306 0.00589147 0.350752 0.023782 0.246962 0.0776693 0.011606 0.0775788 0.0127003 0.0825272 0.0427912 0.0655135 0.00195065 
0.00257201 0.00465287 0.35203 0.0282796 0.102209 0.0383741 0.0111177 0.0249603 0.0560475 0.161017 0.00360786 0.209682 0.0054502 
0.00124873 0.00134261 0.48045 0.107166 0.154453 0.129831 0.00908385 0.00518078 0.0170596 0.0533841 0.0014546 0.0247648 0.0145813 
0.000656952 0.00853017 0.480147 0.093894 0.147054 0.0218757 0.0402814 0.00500788 0.00679846 0.128505 1.85138e-05 0.0666894 0.000542599 
2.25818e-05 0.000207008 0.549346 0.0830002 0.204503 0.0109701 0.000210936 0.063944 0.00737152 0.0237321 2.04957e-05 0.0516318 0.00504002 
7.4476e-05 0.0270154 0.425349 0.0658775 0.219859 0.0193105 0.00726169 0.0294785 0.0238762 0.0695567 0.00145535 0.093468 0.0174177 
2.5405e-06 0.00242627 0.643341 0.0268776 0.00801803 0.00368406 0.0725098 0.00794753 0.00838659 0.0971561 8.566e-06 0.12935 0.000291907 
0.000258479 0.0130803 0.621589 0.0553152 0.10052 0.0422852 0.00969398 0.0125796 0.00886047 0.0777142 0.00682765 0.0490495 0.0022261 
0.000329492 0.0082331 0.252535 0.0166479 0.106145 0.0873819 0.025164 0.106561 0.189699 0.0947051 0.00379838 0.103697 0.00510296 
9.64114e-06 0.157051 0.361015 0.0740068 0.098956 0.0438521 0.0119607 0.0425587 0.0173263 0.0944846 0.0112058 0.075944 0.0116289 
2.53702e-05 0.00805063 0.757978 0.0199489 0.0460452 0.0216593 0.0235515 0.0109953 0.00295124 0.0622792 5.02154e-05 0.0447757 0.00168967 
7.88376e-05 0.00183968 0.60298 0.11026 0.100242 0.0548968 0.00650074 0.0163117 0.0145562 0.0502124 5.36697e-05 0.0377953 0.00427258 
6.30086e-06 0.00060036 0.581365 0.0207663 0.10375 0.0438581 0.0286653 0.0495843 0.0122892 0.0719428 4.8072e-05 0.0853144 0.00180937 
9.89728e-05 0.0157751 0.452534 0.0560362 0.11497 0.0318363 0.0131103 0.0115788 0.0769822 0.0958433 0.0016983 0.103728 0.0258089 
0.000133469 0.0656413 0.356169 0.082845 0.110418 0.0432057 0.0253809 0.0473315 0.0196961 0.114101 0.00258876 0.120416 0.0120735 
5.22632e-07 0.017539 0.649097 0.0794818 0.0371812 0.0114718 0.00094255 0.0103469 0.00787536 0.0387304 0.00025758 0.139845 0.00723061 
0.000408168 0.009717 0.595832 0.0939951 0.0947433 0.0320048 0.017029 0.0285403 0.0130108 0.0610004 0.00813271 0.0328291 0.0127578 
9.41599e-05 0.0102177 0.378213 0.197338 0.144752 0.0257841 0.0107633 0.0417811 0.0089043 0.111018 0.0105518 0.0531055 0.00747817 
0.000120992 0.00449872 0.499417 0.0800199 0.089771 0.0290367 0.0113518 0.0162233 0.03795 0.102314 0.000205422 0.117883 0.0112077 
0.000559038 0.00217936 0.257694 0.116034 0.0682432 0.0222049 0.152814 0.164159 0.0512551 0.0607914 0.00643915 0.0644232 0.0332036 
0.000793065 0.00281995 0.680493 0.0571623 0.0686435 0.00873505 0.00170481 0.0012736 0.00716067 0.0964247 0.000142695 0.0741652 0.000481367 
0.000375912 0.0466461 0.537132 0.0344912 0.0556618 0.011126 0.00187768 0.01827 0.0855598 0.0528487 0.00683934 0.142711 0.00646093 
0.000205402 0.0167929 0.612993 0.0815118 0.092908 0.0127823 0.00213316 0.00590378 0.0297572 0.0822213 0.00129994 0.05357 0.00792078 
0.00025071 0.00255452 0.403138 0.0874635 0.0739753 0.0416874 0.123625 0.0151967 0.0111049 0.061305 0.000362352 0.173774 0.00556266 
1.55677e-05 0.00115661 0.254364 0.0158983 0.153545 0.078384 0.0213228 0.0106256 0.00982855 0.202973 0.000392609 0.23182 0.0196746 
2.07008e-06 0.00143331 0.44792 0.100971 0.076133 0.00129715 0.00553766 0.0454947 0.000199012 0.189294 7.35206e-06 0.126163 0.00554708 
0.000222668 0.00100112 0.920159 0.0132875 0.00843878 0.00733271 0.0118087 0.00571681 0.00998372 0.0128366 0.00044647 0.00788811 0.000878074 
0.00031922 0.00449155 0.344968 0.0713556 0.0946822 0.0365896 0.0404327 0.0134707 0.0244584 0.161099 0.000296219 0.198796 0.00903966 
0.000286577 0.00305542 0.428748 0.0261285 0.105503 0.0393227 0.00354082 0.0138595 0.0117772 0.20996 0.00286181 0.139376 0.0155808 
0.000147806 0.0305253 0.289365 0.247484 0.176691 0.0291572 0.00729597 0.011358 0.0426012 0.0659721 0.00226955 0.0887682 0.00836495 
0.00051939 0.00189926 0.813588 0.0878507 0.0231206 0.00539461 0.00963704 0.000211451 0.000126813 0.0478631 8.07966e-10 0.00978066 7.9812e-06 
0.000468982 0.00500901 0.342081 0.127369 0.105928 0.0189146 0.0155891 0.013703 0.00583827 0.120086 0.00161435 0.221725 0.0216747 
0.000436955 0.000186161 0.696528 0.185829 0.0474217 0.00722079 0.0303198 0.00114948 0.00837339 0.0130689 6.72558e-06 0.00622889 0.00323042 
0.00326368 0.00122204 0.573865 0.0348379 0.175882 0.0543045 0.0177522 0.0126992 0.0139151 0.0535253 0.0114598 0.0199429 0.027331 
0.000574755 0.126041 0.21932 0.163798 0.112602 0.0236953 0.0248516 0.0122173 0.00469762 0.126893 0.000378517 0.18306 0.00186956 
0.00114274 0.00731999 0.336004 0.103939 0.136347 0.0496822 0.025735 0.0300012 0.0223185 0.139082 0.00290341 0.139022 0.00650358 
0.000266248 0.00352651 0.470675 0.147144 0.0975599 0.0404026 0.0282503 0.0187944 0.0151625 0.0871412 0.00737504 0.0736354 0.0100673 
0.000246404 0.0173084 0.322908 0.187909 0.105162 0.0187492 0.00267501 0.00506475 0.00695675 0.0531229 0.00267412 0.0379474 0.239276 
7.93572e-05 0.00136771 0.803398 0.0086949 0.0377003 0.0322111 0.0157819 0.0130026 0.019106 0.0503268 0.000214091 0.0160573 0.00205981 
0.000729643 0.00384885 0.590257 0.0630065 0.163339 0.0275785 0.00763841 0.00909482 0.0414089 0.0484617 0.000145049 0.0279478 0.0165435 
0.00332181 0.00286462 0.526739 0.093107 0.0536711 0.0157921 0.00619753 0.0160623 0.00504882 0.0399795 0.00329119 0.144058 0.089867 
0.00136322 0.0012409 0.379116 0.0168353 0.239001 0.0549976 0.0322156 0.0613357 0.0532644 0.0894908 0.000696985 0.0601893 0.0102538 
0.000133941 0.0414395 0.351358 0.0662037 0.204927 0.0412546 0.034994 0.0598427 0.01119 0.0929902 0.00160673 0.0880885 0.00597156 
5.60787e-06 0.0149239 0.65488 0.0742876 0.0274009 0.0202991 0.00976386 0.00658716 0.00165545 0.0717403 0.00103841 0.116196 0.0012223 
0.000616193 0.00394011 0.327206 0.0532753 0.108966 0.0230674 0.0201451 0.0276203 0.100012 0.118097 0.00195581 0.213417 0.00168266 
0.000166704 0.0101089 0.24545 0.0354252 0.0714714 0.0190714 0.00738934 0.0287991 0.123795 0.21216 0.00977831 0.233966 0.00242047 
4.345e-05 0.00255861 0.646238 0.00793816 0.0185792 0.00831367 0.0129806 0.00469767 0.0219437 0.0823044 0.000164544 0.192107 0.00213094 
0.00037666 0.00386251 0.345723 0.0160373 0.193864 0.0322857 0.0343857 0.0622436 0.035215 0.146598 0.00207731 0.104353 0.0229788 
0.000168252 0.0267306 0.489641 0.0100626 0.139835 0.0228684 0.0175203 0.0174393 0.00972433 0.103451 0.000695085 0.147387 0.0144764 
0.000166442 0.173033 0.275142 0.219483 0.145536 0.0213579 0.0275727 0.0132441 0.00385126 0.0528878 0.00104911 0.0614337 0.00524328 
0.000535436 0.0032046 0.489326 0.0106782 0.097327 0.027576 0.0112913 0.0132395 0.032116 0.229404 0.00135859 0.0803569 0.00358647 
2.50695e-05 0.0265457 0.393762 0.100386 0.058378 0.00680184 0.010917 0.0180676 0.00323438 0.0685161 0.000272252 0.171683 0.141411 
0.000251964 0.00294202 0.383058 0.07413 0.210143 0.14865 0.0145896 0.0153144 0.00791893 0.111874 2.15127e-05 0.0267883 0.00431829 
0.000161696 0.00879272 0.508222 0.035567 0.0618044 0.0318826 0.00944299 0.00940863 0.00937119 0.07334 0.000181516 0.216417 0.0354089 
0.000100435 0.00155084 0.501204 0.171398 0.139777 0.053389 0.0107222 0.0068176 0.0160695 0.0495478 2.76409e-05 0.0489992 0.000396634 
9.22242e-06 0.00515374 0.43783 0.0241754 0.079697 0.0202398 0.0330456 0.14516 0.00769327 0.0809348 0.0865134 0.0614794 0.0180676 
0.000231129 0.000575343 0.662213 0.122369 0.143361 0.0169112 0.00220321 0.00515865 0.021055 0.02015 0.000143486 0.00439125 0.00123832 
0.000148738 0.0110908 0.369248 0.01678 0.194205 0.0397798 0.00483261 0.0175563 0.0330695 0.167137 8.48849e-06 0.144516 0.00162811 
0.00012001 0.0158947 0.652352 0.061401 0.0453753 0.0034764 0.000521005 0.00797621 0.0055231 0.0451929 0.00162004 0.156901 0.00364604 
0.00032774 0.00257921 0.324329 0.0763107 0.17687 0.0636095 0.00524534 0.140792 0.068808 0.0293472 0.00069542 0.106047 0.00503942 
1.92944e-05 0.0154614 0.306685 0.0533116 0.047431 0.0509369 0.00629334 0.0871452 0.0570673 0.0950376 0.00212253 0.274436 0.00405272 
2.5405e-06 0.00242627 0.643341 0.0268776 0.00801803 0.00368406 0.0725098 0.00794753 0.00838659 0.0971561 8.566e-06 0.12935 0.000291907 
0.000934384 0.000642354 0.495505 0.0506947 0.149016 0.0260782 0.007221 0.0116264 0.0298962 0.124036 0.000481815 0.0967493 0.00711828 
4.47024e-07 0.0023412 0.412705 0.197612 0.138597 0.015076 0.0178668 0.000592977 0.000685274 0.119438 1.1859e-06 0.0764772 0.0186068 
0.0011683 0.000988374 0.239529 0.137172 0.18911 0.0797148 0.0220984 0.0373634 0.140064 0.0961592 0.000117994 0.0503018 0.00621384 
0.0142267 0.00684511 0.315456 0.0360742 0.21428 0.0236974 0.0212816 0.0197737 0.012219 0.12085 0.000686105 0.210712 0.00389869 
5.14272e-05 0.00585523 0.27694 0.117037 0.176982 0.0474544 0.0096823 0.0174079 0.0619648 0.224749 0.000347054 0.0601739 0.00135481 
0.000449676 0.000183029 0.713568 0.101391 0.0271557 0.0721086 0.00513612 0.0533089 0.00167366 0.0142539 0.000275484 0.00941719 0.00107809 
0.000554792 0.00590795 0.373292 0.309161 0.100152 0.022088 0.0136565 0.0224988 0.0233563 0.0811954 0.000782335 0.0402514 0.0071042 
0.000322514 0.000871869 0.448921 0.17891 0.149349 0.03831 0.00978871 0.0337377 0.00942752 0.0965047 0.000246884 0.0306738 0.00293582 
