2.18099e-05 0.00194964 0.0992146 0.714472 0.0542084 0.00710408 0.052375 0.00291818 0.00331012 0.0356697 0.000654992 0.0205747 0.007527 
0.00209792 0.00859308 0.191033 0.319425 0.143967 0.0190084 0.0230991 0.00554905 0.0378611 0.0811069 0.00151943 0.0698663 0.0968738 
1.17279e-05 0.00152848 0.0976179 0.614986 0.194864 0.00992268 0.00754338 0.0112251 0.00405158 0.0198392 6.62989e-05 0.0182289 0.0201154 
0.000342075 0.00190801 0.103438 0.699023 0.0701111 0.0127446 0.0135582 0.00160795 0.00516908 0.0715538 0.000491832 0.0193262 0.000726167 
0.00440398 0.00219672 0.145139 0.559451 0.0971897 0.032066 0.0140414 0.00280778 0.00696265 0.107112 0.000717649 0.0218952 0.00601693 
0.00073544 0.00181065 0.030493 0.652382 0.0390124 0.0389752 0.00697887 0.00787912 0.0147071 0.0248491 0.00352217 0.104727 0.0739277 
7.93049e-05 0.0103121 0.219434 0.283597 0.0868616 0.0226205 0.154724 0.0124215 0.00577286 0.145986 0.0170797 0.0352304 0.00588134 
0.000254699 0.00881834 0.127765 0.571948 0.0833814 0.023834 0.0161751 0.00426878 0.00802228 0.0630495 0.00144952 0.033699 0.0573346 
0.00159599 0.0014629 0.118203 0.477653 0.130004 0.0863011 0.0187379 0.0361402 0.00268862 0.0949209 0.00339534 0.0234573 0.00543996 
0.00111445 0.00898547 0.216176 0.260376 0.111558 0.0276554 0.0185511 0.0245539 0.0244816 0.144621 0.0023701 0.148994 0.0105622 
0.000117169 0.001363 0.177835 0.276847 0.151515 0.0550313 0.0632692 0.00405465 0.00608562 0.100286 0.000979725 0.15189 0.0107257 
0.00127454 0.0010757 0.0475658 0.242385 0.212855 0.0795021 0.0428429 0.0622734 0.0553201 0.200795 0.0016064 0.0511207 0.00138348 
0.000136296 0.00649371 0.149837 0.219851 0.139323 0.0357719 0.0544436 0.0295494 0.0053793 0.214936 0.00174595 0.102076 0.0404566 
6.0254e-09 0.000181528 0.247013 0.668197 0.000669768 0.000315067 5.06726e-05 1.73677e-05 0.0232313 0.00136822 8.32736e-06 0.0563321 0.00261539 
0.000171499 0.00113248 0.106812 0.291885 0.142695 0.0685784 0.112576 0.00426082 0.0051162 0.0991554 0.0013672 0.155625 0.0106252 
0.00028038 0.0227175 0.335919 0.358995 0.108678 0.0334695 0.0228718 0.014361 0.00661795 0.0623607 0.000791408 0.0271898 0.00574769 
0.000104188 0.00332062 0.0957787 0.498142 0.162431 0.0425729 0.0124925 0.00792024 0.0105016 0.0515103 1.82025e-06 0.1063 0.00892409 
0.000461521 0.00553105 0.289341 0.42174 0.0673834 0.0794525 0.0384248 0.00707084 0.0056837 0.0564877 0.00375079 0.0239447 0.000727556 
0.000342075 0.00190801 0.103438 0.699023 0.0701111 0.0127446 0.0135582 0.00160795 0.00516908 0.0715538 0.000491832 0.0193262 0.000726167 
0.00027572 0.00608423 0.0843531 0.63766 0.0875548 0.0514383 0.00906011 0.00871301 0.0221037 0.07551 0.000169366 0.0157704 0.00130758 
0.000201066 0.00273257 0.103287 0.344697 0.141561 0.117046 0.0454051 0.1386 0.00362726 0.0560581 0.0146292 0.0250009 0.00715452 
0.000367175 0.0145412 0.14315 0.245668 0.0786421 0.0273589 0.0231826 0.0204566 0.0123477 0.211183 0.00469317 0.186441 0.0319683 
6.84284e-05 0.00263364 0.207773 0.508338 0.122728 0.027465 0.0431094 0.0113559 0.00445757 0.0488793 0.00596193 0.0164469 0.000782755 
0.000165395 0.00264816 0.0730063 0.688807 0.0954195 0.0212801 0.0147812 0.00665282 0.00705752 0.0461213 0.0028762 0.0308179 0.0103667 
6.0344e-05 0.0028386 0.21404 0.453625 0.139853 0.0342264 0.0393369 0.0131451 0.00431373 0.0796982 0.000985406 0.0174514 0.000426228 
0.000193949 0.113105 0.244343 0.279246 0.118003 0.0247855 0.00965142 0.0230459 0.0121293 0.0776174 0.00213441 0.0435619 0.0521837 
7.36908e-05 0.00244417 0.0808628 0.767907 0.0542671 0.00713973 0.0106801 0.00446603 0.00219953 0.0421518 0.000298556 0.0234004 0.00410894 
2.14305e-05 0.0106052 0.304774 0.324739 0.115972 0.00870649 0.00756687 0.00290231 0.0251938 0.0833996 3.40499e-06 0.0910854 0.0250295 
4.8445e-05 0.244864 0.131223 0.365694 0.0899618 0.0104408 0.0278048 0.00485151 0.00311853 0.0631761 0.00106171 0.0467002 0.011056 
0.000113974 0.000652305 0.263968 0.313768 0.158101 0.0298491 0.00886609 0.00874717 0.00653848 0.170721 0.000162136 0.0366531 0.00186031 
0.000254118 0.00734695 0.203005 0.321481 0.154566 0.043652 0.028374 0.0178547 0.0113655 0.110231 0.0019635 0.0912111 0.00869498 
0.00113906 0.0145938 0.238286 0.431157 0.0534189 0.010578 0.0083479 0.0117192 0.00488195 0.0902399 0.00767652 0.121991 0.00597074 
0.000379721 0.00232372 0.117327 0.444554 0.106483 0.0303583 0.0813625 0.0466644 0.00470934 0.143728 0.00027572 0.0202422 0.00159129 
0.000254366 0.00289062 0.0748091 0.752396 0.0602094 0.0122528 0.00962293 0.00710958 0.00556647 0.0279995 0.00865529 0.0337801 0.00445389 
0.000256629 0.00686979 0.250261 0.376993 0.115929 0.0260324 0.0269576 0.0205191 0.0197728 0.0845495 0.000695434 0.0680143 0.00314981 
9.3226e-06 0.0132592 0.295545 0.503266 0.0506054 0.0169868 0.0182712 0.0177792 0.0122741 0.0431854 0.000100266 0.0240836 0.00463496 
0.000528119 0.0174288 0.105873 0.279799 0.151938 0.0483529 0.0415589 0.0838285 0.00695429 0.14328 0.0049691 0.10885 0.00664052 
3.38695e-05 0.000934342 0.115011 0.546397 0.123047 0.0109447 0.0245936 0.0133062 0.0106039 0.10948 2.30151e-05 0.0341708 0.0114541 
0.00104274 0.00931189 0.0508621 0.527472 0.0410269 0.0238435 0.00265102 0.106751 0.00135448 0.0328764 1.23919e-05 0.16113 0.0416663 
2.57846e-07 0.00890038 0.244178 0.579829 0.0537283 0.0570927 0.000387562 0.00303408 0.0012779 0.0423685 0.00049477 0.00854289 0.000165525 
0.000243114 0.000757174 0.0968811 0.648604 0.0477193 0.0218445 0.0123499 0.00484572 0.0167455 0.101667 0.00170421 0.041049 0.00558996 
2.06305e-05 0.000638682 0.152934 0.69568 0.0903521 0.00456661 0.0039426 0.0066431 0.00216444 0.0284692 4.4118e-05 0.0132627 0.00128111 
0.000192945 0.00596919 0.291846 0.32697 0.0934817 0.0129387 0.0153194 0.00994542 0.00463912 0.0938653 0.00232248 0.139749 0.00276122 
0.000165409 0.00846077 0.0827564 0.384323 0.0724926 0.0478797 0.0308213 0.0241806 0.0115272 0.126573 0.00309488 0.158507 0.0492188 
2.18099e-05 0.00194964 0.0992146 0.714472 0.0542084 0.00710408 0.052375 0.00291818 0.00331012 0.0356697 0.000654992 0.0205747 0.007527 
0.000369701 0.00737867 0.0981729 0.659221 0.0799384 0.028418 0.0130044 0.00406459 0.0119126 0.0748265 0.00128517 0.0204638 0.000944435 
0.000342075 0.00190801 0.103438 0.699023 0.0701111 0.0127446 0.0135582 0.00160795 0.00516908 0.0715538 0.000491832 0.0193262 0.000726167 
7.8432e-05 0.00194408 0.260507 0.397876 0.147002 0.0374414 0.0512131 0.00637495 0.0034699 0.0785599 7.93863e-05 0.0152329 0.000221729 
0.000219841 0.00107865 0.0391032 0.442486 0.0895239 0.0279054 0.0510804 0.0890299 0.0140533 0.221054 0.00264605 0.020351 0.00146756 
0.000129107 0.00119907 0.162907 0.276421 0.211975 0.0793323 0.0185942 0.0384913 0.00937525 0.123967 0.00297504 0.0725236 0.00211093 
0.000293809 0.00370491 0.157928 0.450959 0.0584834 0.0407166 0.0270842 0.064251 0.0355314 0.113392 0.000236544 0.0449781 0.00244148 
1.30395e-05 0.00452336 0.166556 0.221971 0.114241 0.0225064 0.0610094 0.00798438 0.00574661 0.188195 3.29446e-05 0.201719 0.00550184 
0.000439722 0.00484214 0.172405 0.281249 0.162096 0.0110272 0.0113272 0.0427111 0.0130191 0.140219 0.000796786 0.104865 0.0550039 
6.62689e-05 0.0018043 0.170198 0.58687 0.122806 0.0275135 0.0131748 0.0111404 0.00449086 0.0403203 0.00599908 0.0148028 0.000814165 
5.55663e-07 0.00100582 0.385955 0.386247 0.0913848 0.00129021 0.00015796 0.0333085 0.0030123 0.0557739 5.19257e-07 0.0401164 0.00174698 
0.000178771 0.000449384 0.0618251 0.737169 0.0605204 0.0243834 0.00825995 0.00253298 0.00267172 0.0531934 0.000249372 0.0454852 0.00308159 
7.41316e-05 0.00188986 0.335129 0.447101 0.0494593 0.0193862 0.00987888 0.00849591 0.0368448 0.0560541 0.00122945 0.0310648 0.00339219 
0.000318602 0.00852205 0.0950477 0.674939 0.0740085 0.0268156 0.013365 0.00619734 0.00630118 0.047698 0.00462862 0.0335278 0.00863092 
0.000225048 0.0167923 0.0709765 0.709669 0.0870264 0.0041214 0.00348842 0.00896156 0.00208971 0.0339479 0.000125199 0.053565 0.00901164 
0.000178771 0.000449384 0.0618251 0.737169 0.0605204 0.0243834 0.00825995 0.00253298 0.00267172 0.0531934 0.000249372 0.0454852 0.00308159 
0.00029983 0.00437605 0.221555 0.370584 0.145657 0.0266394 0.00429901 0.0869362 0.00367148 0.0697029 7.1876e-06 0.0592804 0.00699115 
0.00027572 0.00608423 0.0843531 0.63766 0.0875548 0.0514383 0.00906011 0.00871301 0.0221037 0.07551 0.000169366 0.0157704 0.00130758 
2.38657e-07 0.000702197 0.126422 0.655245 0.0521682 0.00184217 0.0310159 0.00112793 0.0028849 0.110105 0.0011601 0.0146012 0.00272499 
5.96336e-05 0.00619414 0.165042 0.352515 0.0963261 0.0192521 0.0140301 0.0326089 0.0600068 0.104888 0.00722721 0.107069 0.0347803 
0.000342075 0.00190801 0.103438 0.699023 0.0701111 0.0127446 0.0135582 0.00160795 0.00516908 0.0715538 0.000491832 0.0193262 0.000726167 
2.38657e-07 0.000702197 0.126422 0.655245 0.0521682 0.00184217 0.0310159 0.00112793 0.0028849 0.110105 0.0011601 0.0146012 0.00272499 
6.78603e-07 0.000200797 0.351177 0.445827 0.0865741 0.00165879 0.000203063 0.000231241 0.00387285 0.0622596 6.65965e-07 0.0472668 0.0007272 
0.000366238 0.055628 0.123493 0.452707 0.174028 0.00334467 0.00810861 0.00437328 0.00230243 0.0523713 0.00039859 0.0980547 0.0248245 
0.000398014 0.0040401 0.0872945 0.651878 0.0704294 0.0203335 0.0391832 0.0169936 0.00468439 0.0698763 0.00699751 0.0204117 0.00748008 
0.000342075 0.00190801 0.103438 0.699023 0.0701111 0.0127446 0.0135582 0.00160795 0.00516908 0.0715538 0.000491832 0.0193262 0.000726167 
0.000251475 0.0074951 0.246045 0.511855 0.0492171 0.0113577 0.00627198 0.00775614 0.0113216 0.0483867 0.0014635 0.0965001 0.00207826 
0.000149549 0.0045864 0.0936722 0.558511 0.0848706 0.0184054 0.0284851 0.0514107 0.0082011 0.0901293 0.00772973 0.0437007 0.0101484 
0.00416211 0.0110684 0.265089 0.337654 0.100003 0.0154948 0.0212526 0.0161852 0.00912019 0.0792848 0.000399817 0.0847168 0.0555704 
3.95802e-05 0.017866 0.211829 0.304291 0.0336607 0.0115397 0.0368709 0.0240266 0.00889677 0.0579536 0.0283268 0.259203 0.00549543 
0.00031456 0.00607652 0.0656674 0.626942 0.0598243 0.0251122 0.0610709 0.0408062 0.0036346 0.0591658 0.0132616 0.0203941 0.0177296 
0.00125587 0.00431293 0.106316 0.291504 0.0459969 0.0408384 0.00779244 0.0953551 0.0389312 0.0658047 1.1971e-05 0.275218 0.0266622 
0.000208617 0.00124281 0.101063 0.7102 0.0627771 0.0132995 0.00572318 0.00709003 0.00630274 0.0246392 0.0019555 0.0465842 0.018914 
0.00073544 0.00181065 0.030493 0.652382 0.0390124 0.0389752 0.00697887 0.00787912 0.0147071 0.0248491 0.00352217 0.104727 0.0739277 
4.04557e-05 0.000179863 0.275573 0.564061 0.0676797 0.00133615 0.000171026 0.000197477 0.00324127 0.048563 1.66859e-06 0.0372098 0.00174529 
0.000946755 0.00414128 0.125532 0.491024 0.10968 0.0293626 0.0338485 0.0146189 0.00804908 0.0983688 0.00290696 0.0759284 0.00559257 
5.43596e-05 0.00292923 0.204506 0.355995 0.125956 0.0309151 0.0383403 0.0232514 0.0106184 0.0823354 0.000775491 0.12256 0.00176401 
7.5597e-05 0.00151405 0.151116 0.580837 0.074063 0.0130781 0.0107428 0.0109642 0.0127094 0.0942653 2.97794e-05 0.0496222 0.000983 
8.12184e-05 0.00382115 0.231281 0.347688 0.177726 0.041966 0.0523528 0.011875 0.00580691 0.104789 0.00132648 0.02076 0.000525278 
0.00073544 0.00181065 0.030493 0.652382 0.0390124 0.0389752 0.00697887 0.00787912 0.0147071 0.0248491 0.00352217 0.104727 0.0739277 
0.000342075 0.00190801 0.103438 0.699023 0.0701111 0.0127446 0.0135582 0.00160795 0.00516908 0.0715538 0.000491832 0.0193262 0.000726167 
0.000176497 0.00114906 0.111905 0.638963 0.08859 0.0043875 0.00937416 0.00511794 0.0080784 0.0924424 0.000144979 0.0291953 0.0104766 
6.0344e-05 0.0028386 0.21404 0.453625 0.139853 0.0342264 0.0393369 0.0131451 0.00431373 0.0796982 0.000985406 0.0174514 0.000426228 
0.000374689 0.00720081 0.0749553 0.622393 0.0702921 0.0298589 0.0217018 0.0272699 0.014992 0.074681 0.00790551 0.0252958 0.0230792 
1.50116e-05 0.0282855 0.231334 0.550772 0.0598064 0.0176684 0.0182835 0.0189216 0.00276437 0.0538831 4.56158e-05 0.0136725 0.00454863 
6.0344e-05 0.0028386 0.21404 0.453625 0.139853 0.0342264 0.0393369 0.0131451 0.00431373 0.0796982 0.000985406 0.0174514 0.000426228 
0.000234572 0.00156333 0.184002 0.609934 0.103144 0.0410714 0.0114543 0.00723455 0.00969115 0.0187364 0.000127611 0.00973049 0.00307624 
0.00152576 0.0115008 0.274004 0.383872 0.0682409 0.0074588 0.0392674 0.0276177 0.00956732 0.0623376 0.000142292 0.114073 0.000392677 
0.00040011 0.0100041 0.0664916 0.451346 0.24403 0.0612952 0.0228619 0.00569894 0.00344792 0.0981108 0.000282023 0.033704 0.00232781 
6.15624e-05 0.00705681 0.11008 0.661586 0.0631559 0.0031231 0.0370014 0.0033863 0.00164512 0.0679409 0.00112189 0.0410161 0.00282521 
0.00026802 0.0130347 0.251365 0.299728 0.141141 0.0315265 0.00377651 0.00619957 0.013051 0.0594008 0.0162601 0.0395586 0.124691 
0.000282662 0.00838731 0.106587 0.526909 0.0531772 0.0141759 0.0185392 0.0355121 0.0044048 0.0783219 0.0105538 0.0301719 0.112977 
5.28766e-07 0.000235037 0.368914 0.387792 0.119761 0.00596093 0.000845728 0.000687917 0.00333117 0.0709158 1.74572e-06 0.0394005 0.00215344 
0.000189185 0.00316838 0.132526 0.265109 0.133645 0.0843169 0.0319388 0.0152727 0.0154077 0.11059 0.000405465 0.194251 0.0131796 
0.000305931 0.0171806 0.0919279 0.595641 0.0698881 0.0275348 0.0179669 0.0100574 0.00780989 0.0831982 0.00199535 0.0677295 0.00876414 
0.00073544 0.00181065 0.030493 0.652382 0.0390124 0.0389752 0.00697887 0.00787912 0.0147071 0.0248491 0.00352217 0.104727 0.0739277 
2.06305e-05 0.000638682 0.152934 0.69568 0.0903521 0.00456661 0.0039426 0.0066431 0.00216444 0.0284692 4.4118e-05 0.0132627 0.00128111 
0.000254366 0.00289062 0.0748091 0.752396 0.0602094 0.0122528 0.00962293 0.00710958 0.00556647 0.0279995 0.00865529 0.0337801 0.00445389 
0.000336296 0.010457 0.0753503 0.29973 0.219158 0.0191883 0.033646 0.0430322 0.00370165 0.154968 0.0124843 0.0918352 0.0361131 
6.0344e-05 0.0028386 0.21404 0.453625 0.139853 0.0342264 0.0393369 0.0131451 0.00431373 0.0796982 0.000985406 0.0174514 0.000426228 
0.002209 0.000343431 0.379907 0.428693 0.0513034 0.0331139 0.00510351 0.00688193 0.00714113 0.0404015 0.000318772 0.0319024 0.0126813 
2.18099e-05 0.00194964 0.0992146 0.714472 0.0542084 0.00710408 0.052375 0.00291818 0.00331012 0.0356697 0.000654992 0.0205747 0.007527 
0.000322999 0.0041008 0.146313 0.429225 0.0743102 0.0132452 0.0216419 0.00741806 0.00538485 0.140622 0.00112495 0.115189 0.041102 
0.000803041 0.0121718 0.171715 0.31025 0.13536 0.0689223 0.0229678 0.0155189 0.0159384 0.0788686 0.00169249 0.159278 0.00651315 
0.000345945 0.0173401 0.103833 0.539363 0.17498 0.0445798 0.0177416 0.00712164 0.00577018 0.0659268 0.00512165 0.0164123 0.00146441 
0.000249056 0.00719224 0.191319 0.302479 0.112067 0.0509745 0.0211153 0.0183754 0.02533 0.150077 0.00833823 0.10406 0.00842334 
0.000241554 0.0121531 0.0970722 0.50412 0.270942 0.0332693 0.0100276 0.00992373 0.00469689 0.0362047 0.00262791 0.0159095 0.00281113 
0.000178771 0.000449384 0.0618251 0.737169 0.0605204 0.0243834 0.00825995 0.00253298 0.00267172 0.0531934 0.000249372 0.0454852 0.00308159 
2.18099e-05 0.00194964 0.0992146 0.714472 0.0542084 0.00710408 0.052375 0.00291818 0.00331012 0.0356697 0.000654992 0.0205747 0.007527 
7.8432e-05 0.00194408 0.260507 0.397876 0.147002 0.0374414 0.0512131 0.00637495 0.0034699 0.0785599 7.93863e-05 0.0152329 0.000221729 
0.000234205 0.0044215 0.0770893 0.50521 0.0781539 0.0315831 0.0614177 0.0462054 0.00775553 0.115639 0.012265 0.0455475 0.0144781 
0.000241554 0.0121531 0.0970722 0.50412 0.270942 0.0332693 0.0100276 0.00992373 0.00469689 0.0362047 0.00262791 0.0159095 0.00281113 
0.000340016 0.0066754 0.110137 0.498924 0.112437 0.0275001 0.0295628 0.0176371 0.00909899 0.108829 0.00301366 0.0703873 0.00545732 
0.000269005 0.00202812 0.288929 0.360035 0.100223 0.0294099 0.0394073 0.0261083 0.0207729 0.0832649 0.000542755 0.043359 0.00565063 
2.57846e-07 0.00890038 0.244178 0.579829 0.0537283 0.0570927 0.000387562 0.00303408 0.0012779 0.0423685 0.00049477 0.00854289 0.000165525 
0.00073544 0.00181065 0.030493 0.652382 0.0390124 0.0389752 0.00697887 0.00787912 0.0147071 0.0248491 0.00352217 0.104727 0.0739277 
0.000628321 0.00797441 0.251939 0.263226 0.11509 0.0478725 0.0278902 0.0292602 0.0192296 0.128783 0.00412358 0.0881085 0.0158753 
0.00073544 0.00181065 0.030493 0.652382 0.0390124 0.0389752 0.00697887 0.00787912 0.0147071 0.0248491 0.00352217 0.104727 0.0739277 
0.000322881 0.00510045 0.0945315 0.62429 0.082965 0.0374535 0.0188202 0.0259431 0.0202089 0.0591708 0.00532774 0.0208414 0.00502432 
0.000497091 0.00551114 0.12166 0.591918 0.142527 0.0209851 0.0146384 0.0039211 0.00578746 0.0679467 0.00171703 0.02146 0.00143093 
0.00073544 0.00181065 0.030493 0.652382 0.0390124 0.0389752 0.00697887 0.00787912 0.0147071 0.0248491 0.00352217 0.104727 0.0739277 
0.000481598 0.00181324 0.12502 0.537441 0.11475 0.0518266 0.0540221 0.00666932 0.00952593 0.050175 0.000399257 0.0430338 0.00484193 
0.000253005 0.0320114 0.0791708 0.608901 0.0850722 0.0373121 0.0325905 0.0191911 0.00302529 0.0877463 0.00387601 0.0104396 0.000410391 
0.000358048 0.00327716 0.139617 0.465122 0.0906065 0.0287166 0.0123045 0.0104261 0.00729432 0.0759503 0.00203884 0.0599965 0.104292 
3.80789e-05 0.00456694 0.0731007 0.319671 0.108472 0.0352489 0.0914876 0.0180313 0.0125529 0.0949465 0.000125695 0.112667 0.129092 
0.000275946 0.0093668 0.0908354 0.471576 0.186305 0.0425508 0.0371125 0.0304104 0.00651388 0.0824947 0.00540347 0.0279654 0.00918865 
0.000208617 0.00124281 0.101063 0.7102 0.0627771 0.0132995 0.00572318 0.00709003 0.00630274 0.0246392 0.0019555 0.0465842 0.018914 
0.000297119 0.000417841 0.0831936 0.545126 0.0558895 0.0287413 0.0188681 0.021623 0.0656523 0.0752929 0.000444112 0.0987058 0.00574796 
0.000285906 0.00183913 0.111152 0.457372 0.147764 0.0566746 0.0540527 0.0139534 0.00723121 0.0905627 0.00404166 0.0453669 0.0097035 
0.000297915 0.0044778 0.3624 0.388902 0.0993396 0.0220461 0.0178677 0.0234194 0.00302524 0.0328271 0.00020794 0.0410508 0.00413846 
0.00106461 0.00569048 0.201575 0.36964 0.14773 0.0414517 0.0334236 0.020445 0.0129087 0.0958256 0.002176 0.0555332 0.0125357 
2.06305e-05 0.000638682 0.152934 0.69568 0.0903521 0.00456661 0.0039426 0.0066431 0.00216444 0.0284692 4.4118e-05 0.0132627 0.00128111 
7.36908e-05 0.00244417 0.0808628 0.767907 0.0542671 0.00713973 0.0106801 0.00446603 0.00219953 0.0421518 0.000298556 0.0234004 0.00410894 
0.000178771 0.000449384 0.0618251 0.737169 0.0605204 0.0243834 0.00825995 0.00253298 0.00267172 0.0531934 0.000249372 0.0454852 0.00308159 
0.00122186 0.0044688 0.185214 0.429586 0.0716772 0.0287986 0.05566 0.0149931 0.0120963 0.0859851 0.00100811 0.100765 0.00852593 
5.54015e-05 0.00234578 0.218544 0.467723 0.124182 0.0364813 0.0345274 0.0122621 0.00464953 0.0763284 0.00516935 0.0173365 0.00039469 
0.000200084 0.0031414 0.0448937 0.496846 0.140408 0.044163 0.0509754 0.0451294 0.00983724 0.117416 0.0067209 0.0280212 0.0122479 
0.000340559 0.00249708 0.122778 0.556577 0.0830658 0.0243433 0.0110928 0.00756091 0.0127251 0.0662107 0.00149208 0.0944147 0.0169024 
0.000248898 0.00715568 0.0261048 0.502718 0.0408235 0.0284855 0.0190749 0.141641 0.0326507 0.160982 0.00944109 0.0253401 0.00533439 
0.000197726 0.00328394 0.0862487 0.40541 0.0432912 0.0206074 0.00577481 0.0169429 0.024079 0.0991198 0.00217806 0.137922 0.154945 
0.000207003 0.00110622 0.0798618 0.698344 0.0642829 0.00800288 0.00498462 0.00759234 0.0079836 0.0544716 0.00288428 0.0581412 0.0121378 
0.00155886 0.0803068 0.201682 0.351001 0.049933 0.0105488 0.00872304 0.00860133 0.00542412 0.102716 0.000654443 0.176737 0.00211386 
0.000176817 0.00140238 0.0716509 0.478055 0.0469468 0.0144173 0.00631536 0.00765373 0.017353 0.201439 0.00680778 0.145278 0.00250372 
8.7859e-07 0.000780592 0.107161 0.776617 0.0747701 0.00209121 0.00237862 0.00189312 0.000567651 0.0221153 3.13661e-05 0.0103285 0.00126457 
0.000234205 0.0044215 0.0770893 0.50521 0.0781539 0.0315831 0.0614177 0.0462054 0.00775553 0.115639 0.012265 0.0455475 0.0144781 
0.000277852 0.00188018 0.113398 0.739023 0.0813399 0.00412618 0.00623161 0.00300737 0.00154164 0.0328768 0.000637679 0.0130179 0.00264229 
0.00073544 0.00181065 0.030493 0.652382 0.0390124 0.0389752 0.00697887 0.00787912 0.0147071 0.0248491 0.00352217 0.104727 0.0739277 
0.00073544 0.00181065 0.030493 0.652382 0.0390124 0.0389752 0.00697887 0.00787912 0.0147071 0.0248491 0.00352217 0.104727 0.0739277 
0.00027572 0.00608423 0.0843531 0.63766 0.0875548 0.0514383 0.00906011 0.00871301 0.0221037 0.07551 0.000169366 0.0157704 0.00130758 
0.00032602 0.0048867 0.125532 0.569726 0.160446 0.0307624 0.011079 0.00558507 0.00483246 0.0611638 0.00175894 0.0206549 0.00324637 
0.000150641 0.00192015 0.13628 0.447968 0.166438 0.0991404 0.0119019 0.0102728 0.00522979 0.0657972 0.0108215 0.0420402 0.00204063 
0.00073544 0.00181065 0.030493 0.652382 0.0390124 0.0389752 0.00697887 0.00787912 0.0147071 0.0248491 0.00352217 0.104727 0.0739277 
0.000101906 0.00100249 0.0604343 0.302079 0.055067 0.0376247 0.019097 0.0012322 0.253408 0.0445619 9.37682e-05 0.221059 0.00423958 
0.00073544 0.00181065 0.030493 0.652382 0.0390124 0.0389752 0.00697887 0.00787912 0.0147071 0.0248491 0.00352217 0.104727 0.0739277 
0.00073544 0.00181065 0.030493 0.652382 0.0390124 0.0389752 0.00697887 0.00787912 0.0147071 0.0248491 0.00352217 0.104727 0.0739277 
0.000425023 0.000747973 0.363774 0.507486 0.0409573 0.00395885 0.00544949 0.000860075 0.0199558 0.0374356 8.77411e-05 0.015121 0.0037412 
0.000425393 0.00645578 0.25615 0.31116 0.171347 0.0642236 0.0277347 0.0115536 0.0251013 0.0832618 0.000585845 0.0397924 0.00220835 
0.000283048 0.0062133 0.0824014 0.627411 0.0878253 0.0281118 0.0271724 0.0108821 0.00632087 0.0767126 0.00452371 0.0325678 0.00957473 
6.11058e-05 0.0146534 0.361321 0.367405 0.0393932 0.00438083 0.00890261 0.011783 0.00585316 0.0660337 0.000592053 0.114845 0.00477477 
0.000494769 0.00111332 0.157895 0.458226 0.068793 0.031793 0.0624448 0.0326007 0.0152578 0.0995935 0.00073342 0.0490698 0.0219852 
0.000600643 0.00928137 0.165319 0.478554 0.0689871 0.00835922 0.0188563 0.0110452 0.005992 0.0538656 0.000624006 0.170017 0.00849833 
0.000101118 0.00683092 0.213225 0.363262 0.0855425 0.0085118 0.0787151 0.00486592 0.00429476 0.0604848 0.00041626 0.102145 0.0716054 
0.000144144 0.0054188 0.0900131 0.731948 0.0618642 0.00627627 0.0163433 0.0048689 0.00387795 0.0401532 0.000492432 0.0331021 0.00549743 
6.59004e-07 1.2635e-06 0.000312924 0.871165 0.00027224 0.00249225 0.000101468 0.00850158 0.052376 0.00162138 2.11076e-07 0.0631433 1.21368e-05 
0.000142813 0.0326151 0.112515 0.238583 0.110737 0.0428806 0.0624485 0.034195 0.0200746 0.19012 0.00529714 0.143156 0.00723555 
0.000465504 0.00507272 0.15241 0.30385 0.14691 0.0376001 0.0815614 0.0346921 0.0235904 0.128697 0.00243653 0.0758994 0.00681616 
0.00155886 0.0803068 0.201682 0.351001 0.049933 0.0105488 0.00872304 0.00860133 0.00542412 0.102716 0.000654443 0.176737 0.00211386 
1.56908e-05 0.00051288 0.211803 0.450755 0.036912 0.0181598 0.0114454 0.0070441 0.0136288 0.0531393 0.000726833 0.178254 0.0176036 
0.000581913 0.00079825 0.157288 0.518373 0.0875537 0.0126991 0.00706561 0.0115377 0.00775369 0.0887307 0.000195245 0.103246 0.00417771 
0.000590606 0.009619 0.168874 0.498142 0.0876468 0.0330385 0.0252698 0.011569 0.011728 0.0806851 0.00646875 0.0638601 0.00250859 
0.000111905 0.00324904 0.0805066 0.337551 0.0966037 0.0361583 0.0280485 0.120419 0.0133475 0.165853 0.020546 0.0515063 0.046099 
0.00159599 0.0014629 0.118203 0.477653 0.130004 0.0863011 0.0187379 0.0361402 0.00268862 0.0949209 0.00339534 0.0234573 0.00543996 
0.000163048 0.00224039 0.208757 0.320999 0.146807 0.0236819 0.0202224 0.0397306 0.113124 0.0817229 5.62875e-05 0.0283292 0.0141664 
0.000125723 0.0118352 0.367787 0.396334 0.0662054 0.0138383 0.00526956 0.0273125 0.00409212 0.0753121 0.000192245 0.0232108 0.00848457 
0.000289856 0.0145445 0.110978 0.410902 0.325131 0.0399231 0.0119632 0.0119085 0.00563626 0.0434457 0.00315347 0.0187516 0.00337334 
0.000243148 0.00818638 0.223554 0.415807 0.159127 0.0382548 0.00604304 0.011125 0.0301418 0.0445377 0.00281263 0.0580417 0.00212546 
0.00027572 0.00608423 0.0843531 0.63766 0.0875548 0.0514383 0.00906011 0.00871301 0.0221037 0.07551 0.000169366 0.0157704 0.00130758 
8.72142e-05 0.00538617 0.282333 0.35059 0.0587095 0.0106598 0.00738632 0.0128584 0.0615235 0.0436429 0.00167014 0.163035 0.00211814 
1.50116e-05 0.0282855 0.231334 0.550772 0.0598064 0.0176684 0.0182835 0.0189216 0.00276437 0.0538831 4.56158e-05 0.0136725 0.00454863 
0.000997889 0.0100437 0.255217 0.328732 0.120005 0.033239 0.0415773 0.0224934 0.015325 0.0947699 0.00273486 0.0685247 0.00634056 
0.000295077 0.00693287 0.0991705 0.533185 0.113326 0.024841 0.0507306 0.00992774 0.00605129 0.0876445 0.00386464 0.0560953 0.0079357 
9.42926e-05 0.00384639 0.157909 0.558312 0.133088 0.0273145 0.031566 0.00887938 0.014567 0.0408141 0.000789139 0.0220888 0.000732059 
6.0344e-05 0.0028386 0.21404 0.453625 0.139853 0.0342264 0.0393369 0.0131451 0.00431373 0.0796982 0.000985406 0.0174514 0.000426228 
0.000342075 0.00190801 0.103438 0.699023 0.0701111 0.0127446 0.0135582 0.00160795 0.00516908 0.0715538 0.000491832 0.0193262 0.000726167 
0.000501254 0.0159183 0.238168 0.240421 0.134695 0.0242415 0.00526032 0.00419497 0.0184492 0.200894 0.0154046 0.0993017 0.00255151 
0.000266935 0.00683435 0.0940781 0.358889 0.12456 0.0360764 0.0255184 0.0293302 0.0247146 0.195435 0.00332166 0.0870929 0.0138823 
0.000376043 0.0271933 0.209107 0.241294 0.0564943 0.0582158 0.0022879 0.00496268 0.0671494 0.168217 0.00385245 0.107197 0.0536535 
0.000208617 0.00124281 0.101063 0.7102 0.0627771 0.0132995 0.00572318 0.00709003 0.00630274 0.0246392 0.0019555 0.0465842 0.018914 
0.000340705 0.00252717 0.133894 0.608987 0.104047 0.01411 0.013605 0.00173449 0.00608986 0.0907185 0.000519821 0.0226098 0.000817414 
4.04013e-05 0.0179656 0.217341 0.258033 0.0537558 0.012847 0.00469913 0.0149963 0.165674 0.0674174 0.00887738 0.16211 0.0162431 
0.000342075 0.00190801 0.103438 0.699023 0.0701111 0.0127446 0.0135582 0.00160795 0.00516908 0.0715538 0.000491832 0.0193262 0.000726167 
0.000531037 0.0126788 0.118408 0.368764 0.347239 0.0398628 0.00938281 0.0102928 0.00697136 0.059187 0.00232288 0.021721 0.00263919 
0.000294171 0.00507033 0.150698 0.50068 0.11263 0.022933 0.0115893 0.0166205 0.00739559 0.0365632 0.000570586 0.045888 0.0890665 
0.000277837 0.000593778 0.102075 0.737564 0.0497006 0.00694587 0.000900687 0.00252577 0.0129054 0.0509249 7.20511e-05 0.0350841 0.000429314 
0.00023725 0.00125537 0.341859 0.3922 0.160421 0.0138904 0.0243717 0.0185649 0.00122635 0.0135582 0.000202895 0.0288292 0.00338344 
1.98497e-09 0.0175088 0.170475 0.525224 0.0394924 1.01877e-08 8.28183e-09 7.95274e-10 6.89171e-10 0.0305873 3.43312e-10 0.216713 6.44397e-10 
5.51759e-05 0.00361562 0.0852434 0.54479 0.1411 0.0321835 0.0246396 0.0119182 0.0106008 0.0672653 0.00581531 0.0517126 0.0210602 
0.000369685 0.0113193 0.28789 0.38998 0.151858 0.0264782 0.0239699 0.00947207 0.00470608 0.0487601 0.00130417 0.0395053 0.00438736 
0.000792885 0.000405747 0.121422 0.739078 0.0307126 0.00433263 0.00383342 0.0104483 0.0110916 0.0341503 7.44599e-05 0.0401381 0.00351983 
0.00139996 0.00173399 0.186327 0.222282 0.145062 0.0255811 0.0045617 0.027687 0.0193565 0.198418 0.000665999 0.16597 0.000954408 
0.000536467 0.0144035 0.195814 0.249451 0.0965306 0.0408297 0.0272489 0.0215722 0.007219 0.152432 0.00943145 0.158308 0.0262242 
0.000382233 0.00451429 0.0926896 0.570233 0.088188 0.0269636 0.0297336 0.0147284 0.00732733 0.093553 0.00321462 0.0554072 0.013065 
6.0344e-05 0.0028386 0.21404 0.453625 0.139853 0.0342264 0.0393369 0.0131451 0.00431373 0.0796982 0.000985406 0.0174514 0.000426228 
0.000377677 0.0209899 0.0858203 0.499321 0.0766273 0.0300481 0.0265444 0.0421861 0.00828922 0.177929 0.00847288 0.0207489 0.00264483 
0.000106983 0.00474956 0.31337 0.363656 0.0965886 0.0300097 0.0253216 0.018617 0.009048 0.06801 0.00141101 0.0477269 0.0213848 
4.41503e-05 0.00955847 0.143402 0.363705 0.0333247 0.011303 0.0316087 0.0103683 0.0268708 0.0436138 0.0296972 0.284805 0.0116989 
0.00027104 0.0211572 0.101675 0.611415 0.0876783 0.0412556 0.0223465 0.00384533 0.00583672 0.0851271 0.00375523 0.0149073 0.000729716 
0.000316935 0.0115097 0.124353 0.423836 0.104187 0.0366753 0.0341549 0.0192377 0.00877796 0.091414 0.00156396 0.137489 0.00648467 
0.00027104 0.0211572 0.101675 0.611415 0.0876783 0.0412556 0.0223465 0.00384533 0.00583672 0.0851271 0.00375523 0.0149073 0.000729716 
0.00073544 0.00181065 0.030493 0.652382 0.0390124 0.0389752 0.00697887 0.00787912 0.0147071 0.0248491 0.00352217 0.104727 0.0739277 
0.000201331 0.010345 0.0911426 0.672423 0.0721788 0.0229087 0.0367033 0.00381376 0.00500614 0.0587664 0.00266526 0.0194806 0.00436525 
8.85878e-05 0.0903747 0.0517356 0.524998 0.0165001 0.00991313 0.00239582 0.0123639 0.00454436 0.089249 0.00017774 0.181779 0.0158799 
0.000869722 0.000161815 0.291085 0.42879 0.0221735 0.0285506 0.0087073 0.00928357 0.0477255 0.0568513 0.000403062 0.0924621 0.0129364 
0.000416278 0.00286131 0.281145 0.323368 0.0994397 0.0336464 0.0145203 0.0332221 0.0183575 0.103141 0.0127197 0.0744269 0.00273507 
0.000167638 0.00335383 0.073151 0.646009 0.0895299 0.0229811 0.0340507 0.0132637 0.00598234 0.0598161 0.00559239 0.0338318 0.0122708 
0.00279936 0.00519074 0.155369 0.335165 0.195103 0.0656502 0.0150434 0.0120165 0.0138731 0.152994 0.000886644 0.0424176 0.00349195 
0.00111534 0.00266366 0.186035 0.369672 0.132488 0.0507963 0.0710398 0.029043 0.00711378 0.0817683 0.00329419 0.0591692 0.00580131 
8.7859e-07 0.000780592 0.107161 0.776617 0.0747701 0.00209121 0.00237862 0.00189312 0.000567651 0.0221153 3.13661e-05 0.0103285 0.00126457 
0.00027572 0.00608423 0.0843531 0.63766 0.0875548 0.0514383 0.00906011 0.00871301 0.0221037 0.07551 0.000169366 0.0157704 0.00130758 
0.000234205 0.0044215 0.0770893 0.50521 0.0781539 0.0315831 0.0614177 0.0462054 0.00775553 0.115639 0.012265 0.0455475 0.0144781 
2.50034e-06 0.000391298 0.343773 0.350644 0.146484 0.0069029 0.0662943 0.00363445 0.00292357 0.0468945 0.000556787 0.00907281 0.0224256 
0.00073544 0.00181065 0.030493 0.652382 0.0390124 0.0389752 0.00697887 0.00787912 0.0147071 0.0248491 0.00352217 0.104727 0.0739277 
7.80188e-07 0.0183351 0.192757 0.234359 0.185054 0.00754993 0.00271764 0.0312001 0.00277806 0.139912 0.00100679 0.175219 0.00911216 
0.00017522 0.000406108 0.166077 0.621995 0.0783547 0.0392056 0.00857695 0.00789684 0.00724401 0.0379466 0.000204806 0.0274294 0.00448773 
7.64241e-05 0.000174816 0.102564 0.345562 0.0927169 0.017713 0.0015037 0.00838044 0.0275987 0.107703 8.46108e-06 0.277634 0.0183644 
0.000254366 0.00289062 0.0748091 0.752396 0.0602094 0.0122528 0.00962293 0.00710958 0.00556647 0.0279995 0.00865529 0.0337801 0.00445389 
1.8646e-05 9.43612e-05 0.0711377 0.743354 0.071151 0.0245618 0.00617937 0.00198211 0.00201263 0.0561374 3.20246e-05 0.021472 0.00186654 
0.000584695 0.0346526 0.115062 0.507696 0.0443311 0.0180574 0.0301971 0.0131053 0.00765189 0.0810954 0.00061571 0.134149 0.0128026 
2.79157e-05 0.000654813 0.431345 0.445434 0.0555392 0.0148866 0.00802431 0.0133821 0.00207602 0.00751284 0.00505694 0.0156413 0.000418382 
0.000318548 0.0197053 0.0825135 0.554887 0.0510174 0.0153379 0.0229329 0.0178082 0.00598776 0.10207 0.00207328 0.104529 0.0208191 
7.05022e-06 0.00646824 0.231431 0.428245 0.161452 0.0362252 0.00342891 0.0101532 0.0291125 0.0343997 0.000416328 0.0573648 0.00129623 
0.00017528 0.0148542 0.0917072 0.470242 0.0871394 0.035578 0.0612453 0.0497898 0.00576118 0.0929096 0.00571788 0.073448 0.0114316 
0.000263515 0.0150172 0.0519048 0.644505 0.0610312 0.0120556 0.00824814 0.0533679 0.0130352 0.0864368 0.00282874 0.0442043 0.00710122 
7.82243e-06 0.000923141 0.218081 0.543154 0.0898585 0.0345904 0.0442239 0.00717074 0.00137691 0.0529881 0.00102948 0.00591929 0.000676441 
0.000379721 0.00232372 0.117327 0.444554 0.106483 0.0303583 0.0813625 0.0466644 0.00470934 0.143728 0.00027572 0.0202422 0.00159129 
6.0344e-05 0.0028386 0.21404 0.453625 0.139853 0.0342264 0.0393369 0.0131451 0.00431373 0.0796982 0.000985406 0.0174514 0.000426228 
0.00107438 0.00152255 0.101522 0.372575 0.0750663 0.00890856 0.0859692 0.0187081 0.00452971 0.102814 0.000262601 0.162483 0.0645652 
0.000246576 0.00368428 0.229795 0.547152 0.0459233 0.0197676 0.0061264 0.00253761 0.0111366 0.0746439 0.000164547 0.0567051 0.00211662 
9.26849e-05 0.00215453 0.234289 0.357473 0.178689 0.0468911 0.0563461 0.00545898 0.00410709 0.101591 0.000104868 0.0119683 0.000834502 
2.18099e-05 0.00194964 0.0992146 0.714472 0.0542084 0.00710408 0.052375 0.00291818 0.00331012 0.0356697 0.000654992 0.0205747 0.007527 
0.000240473 0.00189641 0.106058 0.598286 0.181681 0.0253984 0.00909894 0.00846019 0.00604382 0.0410882 0.00284544 0.0169514 0.00195129 
9.62419e-05 0.0023399 0.212866 0.393101 0.129339 0.0645572 0.0110163 0.00691939 0.00365518 0.101992 0.00122796 0.0718 0.00109074 
0.00073544 0.00181065 0.030493 0.652382 0.0390124 0.0389752 0.00697887 0.00787912 0.0147071 0.0248491 0.00352217 0.104727 0.0739277 
0.00245773 0.00370804 0.216619 0.31019 0.108978 0.00628405 0.0460789 0.0122127 0.00668453 0.137618 0.00260945 0.134082 0.0124774 
0.00109387 0.0004141 0.368815 0.423269 0.0421205 0.00327781 0.00943444 0.0204383 0.0226242 0.0317107 0.00177376 0.0744267 0.000601413 
6.0344e-05 0.0028386 0.21404 0.453625 0.139853 0.0342264 0.0393369 0.0131451 0.00431373 0.0796982 0.000985406 0.0174514 0.000426228 
7.5597e-05 0.00151405 0.151116 0.580837 0.074063 0.0130781 0.0107428 0.0109642 0.0127094 0.0942653 2.97794e-05 0.0496222 0.000983 
0.000101118 0.00683092 0.213225 0.363262 0.0855425 0.0085118 0.0787151 0.00486592 0.00429476 0.0604848 0.00041626 0.102145 0.0716054 
0.000194833 0.00447777 0.295445 0.395081 0.177932 0.0195431 0.0274514 0.014246 0.00328966 0.0315044 0.000207931 0.0287341 0.0018922 
0.000121779 0.000105516 0.113817 0.525532 0.00612626 0.0229179 0.00599302 0.0154084 0.00413114 0.141486 2.14333e-05 0.16401 0.000329133 
0.000297915 0.0044778 0.3624 0.388902 0.0993396 0.0220461 0.0178677 0.0234194 0.00302524 0.0328271 0.00020794 0.0410508 0.00413846 
0.000461687 0.00230504 0.157232 0.501806 0.0613506 0.0153097 0.00829484 0.0674929 0.00133096 0.0209613 7.29008e-06 0.143777 0.0196719 
0.000208643 0.0032685 0.208004 0.468306 0.127449 0.0344476 0.0382372 0.0124378 0.00486956 0.0788085 0.0059359 0.0172632 0.000764295 
0.00073544 0.00181065 0.030493 0.652382 0.0390124 0.0389752 0.00697887 0.00787912 0.0147071 0.0248491 0.00352217 0.104727 0.0739277 
0.000130112 0.000459447 0.135023 0.575733 0.067065 0.0345851 0.00952581 0.00557731 0.0413316 0.100194 0.000165783 0.0259845 0.0042254 
6.5765e-05 0.002497 0.221941 0.528867 0.0718934 0.0319705 0.0457111 0.0136971 0.00306376 0.0550792 0.00934971 0.0150869 0.000778188 
0.000810846 0.00422984 0.189059 0.275215 0.228048 0.0488561 0.0530545 0.0695501 0.0061391 0.063904 0.00715861 0.0471679 0.00680718 
0.00015534 0.0124467 0.150728 0.304894 0.0923244 0.00838644 0.00443722 0.0045935 0.0181557 0.0763389 0.00176324 0.0295181 0.296259 
0.000342075 0.00190801 0.103438 0.699023 0.0701111 0.0127446 0.0135582 0.00160795 0.00516908 0.0715538 0.000491832 0.0193262 0.000726167 
8.05113e-05 0.00117699 0.118701 0.489414 0.153391 0.0581351 0.0235907 0.0469976 0.00179969 0.0695118 0.00122707 0.034528 0.00144589 
0.000342075 0.00190801 0.103438 0.699023 0.0701111 0.0127446 0.0135582 0.00160795 0.00516908 0.0715538 0.000491832 0.0193262 0.000726167 
0.000171499 0.00113248 0.106812 0.291885 0.142695 0.0685784 0.112576 0.00426082 0.0051162 0.0991554 0.0013672 0.155625 0.0106252 
0.000368404 0.00894385 0.0964921 0.57161 0.0879899 0.0243015 0.0224021 0.0145753 0.00961843 0.0853312 0.00264489 0.0665222 0.00919972 
0.000277852 0.00188018 0.113398 0.739023 0.0813399 0.00412618 0.00623161 0.00300737 0.00154164 0.0328768 0.000637679 0.0130179 0.00264229 
2.18099e-05 0.00194964 0.0992146 0.714472 0.0542084 0.00710408 0.052375 0.00291818 0.00331012 0.0356697 0.000654992 0.0205747 0.007527 
0.000234205 0.0044215 0.0770893 0.50521 0.0781539 0.0315831 0.0614177 0.0462054 0.00775553 0.115639 0.012265 0.0455475 0.0144781 
2.06305e-05 0.000638682 0.152934 0.69568 0.0903521 0.00456661 0.0039426 0.0066431 0.00216444 0.0284692 4.4118e-05 0.0132627 0.00128111 
0.000207352 0.00110678 0.0754542 0.702898 0.0642837 0.00800348 0.00498502 0.00759278 0.00798414 0.0544723 0.00273119 0.058142 0.0121387 
0.00224578 0.00599462 0.0725223 0.414481 0.0520398 0.0345734 0.00715046 0.117484 0.00279344 0.0530561 0.000207286 0.203954 0.0334974 
0.000708893 0.0327746 0.325845 0.392102 0.091273 0.0674944 0.00210008 0.00364498 0.00449721 0.0588912 6.19767e-05 0.019676 0.000929752 
0.000264516 0.00150037 0.119911 0.601119 0.0751727 0.0119751 0.01992 0.00477928 0.00677978 0.0704898 0.00118499 0.0718075 0.0150959 
0.000955734 0.00370022 0.172895 0.248803 0.142495 0.0380334 0.0126289 0.124351 0.0221458 0.0960853 0.00431986 0.127959 0.00562772 
0.000178771 0.000449384 0.0618251 0.737169 0.0605204 0.0243834 0.00825995 0.00253298 0.00267172 0.0531934 0.000249372 0.0454852 0.00308159 
0.000101958 0.00193056 0.252462 0.254442 0.144874 0.0379733 0.0778629 0.0238433 0.051696 0.0847276 0.00488768 0.0427603 0.0224382 
0.00209517 0.0231611 0.109335 0.403102 0.152366 0.036378 0.0408458 0.0171422 0.00857851 0.118199 0.00248496 0.0841747 0.00213662 
0.000123005 0.00169665 0.0717874 0.60721 0.058303 0.0121059 0.031513 0.00620372 0.0118612 0.112886 0.00383868 0.0762271 0.00624363 
9.51969e-05 0.0139261 0.197123 0.521313 0.0764372 0.0172146 0.0751134 0.00271453 0.0121584 0.0594737 0.000914831 0.0214519 0.00206372 
0.000266769 0.0014445 0.0917442 0.734535 0.0413872 0.0122886 0.0164672 0.0150377 0.00462778 0.0346122 0.00276165 0.0404439 0.00438306 
0.00293311 0.0043339 0.143462 0.495689 0.0902774 0.0287016 0.0638091 0.0132239 0.018437 0.0730845 0.00511352 0.0550315 0.00590296 
0.00073544 0.00181065 0.030493 0.652382 0.0390124 0.0389752 0.00697887 0.00787912 0.0147071 0.0248491 0.00352217 0.104727 0.0739277 
5.32457e-05 0.00250466 0.2126 0.483527 0.125619 0.032842 0.0347091 0.0119239 0.00380624 0.0712363 0.00498258 0.0157935 0.000402364 
0.000322999 0.0041008 0.146313 0.429225 0.0743102 0.0132452 0.0216419 0.00741806 0.00538485 0.140622 0.00112495 0.115189 0.041102 
0.00093796 0.0353501 0.149851 0.454479 0.182558 0.00705002 0.0199791 0.00372539 0.00273926 0.0474975 0.00157387 0.087834 0.00642417 
0.00195863 0.00520315 0.0628622 0.492417 0.0451089 0.0299758 0.00620181 0.101849 0.00242526 0.0459902 0.000181502 0.176775 0.029051 
0.00134709 0.00250216 0.233336 0.422033 0.116959 0.0423291 0.0351234 0.0140781 0.00734063 0.0936906 0.00548675 0.0221502 0.00362369 
6.0344e-05 0.0028386 0.21404 0.453625 0.139853 0.0342264 0.0393369 0.0131451 0.00431373 0.0796982 0.000985406 0.0174514 0.000426228 
0.000178771 0.000449384 0.0618251 0.737169 0.0605204 0.0243834 0.00825995 0.00253298 0.00267172 0.0531934 0.000249372 0.0454852 0.00308159 
0.000505522 0.00239365 0.229101 0.37325 0.14508 0.0438505 0.0162531 0.00781884 0.00894802 0.0822397 0.0112279 0.0654251 0.0139063 
0.000172306 0.000377394 0.0956468 0.715165 0.0648363 0.0288783 0.00895076 0.00247835 0.00300923 0.0577152 0.00024023 0.0194402 0.00309014 
0.000378999 0.00284435 0.209498 0.48533 0.11623 0.0754661 0.0248849 0.0104517 0.0065364 0.0375087 0.000286805 0.0266803 0.00390295 
0.00251251 0.00439881 0.28361 0.304088 0.138989 0.0666118 0.0180512 0.0386415 0.00356715 0.0678108 0.00211252 0.0656982 0.00390903 
0.000344367 0.00203565 0.141927 0.303745 0.268307 0.0368733 0.0337851 0.10021 0.0155227 0.0615358 0.0017855 0.0310215 0.00290731 
0.000338598 0.00128972 0.141357 0.612404 0.0530786 0.0664246 0.0172349 0.0104703 0.0064356 0.0373729 0.0239017 0.0255448 0.0041472 
0.000277837 0.000593778 0.102075 0.737564 0.0497006 0.00694587 0.000900687 0.00252577 0.0129054 0.0509249 7.20511e-05 0.0350841 0.000429314 
0.00061022 0.00023275 0.10026 0.557277 0.13316 0.0604072 0.0679785 0.00483448 0.00774827 0.0304292 3.58743e-05 0.0303397 0.00668707 
