0.000169306 0.00554487 0.0840819 0.0398992 0.618624 0.0249755 0.00524248 0.00785503 0.00604042 0.109057 0.000135775 0.098015 0.000359843 
0.000406437 0.000689807 0.0211888 0.0455685 0.36682 0.149326 0.336481 0.00370618 0.00484409 0.0449539 8.65055e-05 0.0200926 0.00583659 
3.57528e-05 0.000910059 0.0177262 0.0114674 0.563509 0.0475116 0.13524 0.0747392 0.0191815 0.047749 0.00608288 0.010357 0.0654901 
0.000238938 0.00047961 0.0606835 0.0114661 0.636343 0.0406948 0.0400375 0.0193221 0.0866818 0.0661451 0.000160683 0.0304927 0.00725405 
0.000378733 0.0046709 0.0463671 0.0352931 0.428701 0.0354165 0.0188968 0.0503076 0.107799 0.242816 0.00174426 0.0240366 0.00357234 
8.59922e-05 0.00717505 0.0565729 0.0404888 0.642749 0.0277549 0.0104905 0.00399563 0.00111086 0.111023 0.00021386 0.098038 0.000301494 
0.000321994 0.00236009 0.237222 0.0200694 0.52309 0.0090346 0.000436682 0.0444937 0.00698838 0.0953146 2.25227e-05 0.0600344 0.00061173 
1.34518e-05 0.000977945 0.139887 0.022518 0.635259 0.0325704 0.0239335 0.0487981 0.00860206 0.0683183 4.394e-05 0.0183427 0.000735691 
0.00024679 0.000536425 0.0256727 0.0293844 0.814446 0.0403966 0.0207214 0.00664436 0.0044789 0.0380207 0.000392177 0.0163947 0.00266518 
0.000119498 0.00295428 0.0685138 0.0319488 0.438939 0.0753046 0.0206405 0.0822102 0.0583443 0.167794 0.00377216 0.0460836 0.00337567 
0.000169306 0.00554487 0.0840819 0.0398992 0.618624 0.0249755 0.00524248 0.00785503 0.00604042 0.109057 0.000135775 0.098015 0.000359843 
4.60862e-05 0.00488085 0.114899 0.0351901 0.288436 0.0472913 0.00833271 0.0220362 0.0471296 0.171884 0.000118009 0.255467 0.00428937 
0.000103083 0.00348595 0.103927 0.0429344 0.292901 0.178208 0.0376762 0.0265191 0.043082 0.112728 0.000595781 0.143199 0.0146415 
0.000239865 0.00366885 0.0596046 0.029575 0.389381 0.104659 0.0334813 0.0872315 0.018697 0.182314 0.00787429 0.071558 0.0117157 
0.000441088 0.0113159 0.0724718 0.0592291 0.297667 0.144736 0.0424399 0.0306428 0.0105536 0.184226 0.00647284 0.12363 0.0161743 
0.00147373 0.000554602 0.0276494 0.0164926 0.333565 0.154156 0.265574 0.0102356 0.0140591 0.0919721 0.000299544 0.0805165 0.00345185 
0.000157851 0.000323977 0.238276 0.139011 0.386035 0.0322149 0.0141814 0.0273125 0.0423175 0.0921523 8.91878e-06 0.0192679 0.00874081 
0.00124799 0.00343049 0.065956 0.061926 0.320573 0.0369003 0.0596085 0.033104 0.0259248 0.263256 0.000415919 0.12227 0.00538737 
0.000868044 0.00765131 0.0919982 0.0427506 0.283195 0.0487278 0.026424 0.0414802 0.0324682 0.258395 0.00489751 0.140679 0.0204651 
0.000215381 0.0130634 0.0625897 0.0266037 0.284992 0.0772752 0.0987592 0.055196 0.0199929 0.27171 0.0157597 0.0690055 0.00483707 
0.00172868 0.00263257 0.12419 0.0693881 0.291301 0.122549 0.0363382 0.0983493 0.014378 0.169136 0.00594031 0.0372475 0.0268222 
2.77351e-05 0.0119101 0.10135 0.0154983 0.470871 0.0477933 0.00387192 0.01586 0.00763291 0.225265 0.00250162 0.0887886 0.00862935 
0.000626927 0.0148561 0.0542288 0.0232382 0.398955 0.0590819 0.00857755 0.100742 0.0302083 0.209161 0.030503 0.067493 0.00232818 
0.00024679 0.000536425 0.0256727 0.0293844 0.814446 0.0403966 0.0207214 0.00664436 0.0044789 0.0380207 0.000392177 0.0163947 0.00266518 
2.94472e-05 0.00106929 0.0478781 0.0540457 0.794971 0.0336744 0.0193294 0.00324928 0.00180763 0.0192838 3.72636e-05 0.0200394 0.00458505 
0.000440337 0.000367865 0.0826871 0.00807976 0.641587 0.0403162 0.0393082 0.022419 0.0126776 0.0881935 0.00042861 0.0620897 0.00140463 
0.000299174 0.00512671 0.10571 0.079409 0.366205 0.0876574 0.0192763 0.0171604 0.036207 0.151468 0.000249443 0.126399 0.00483285 
0.000215111 0.00245584 0.0264596 0.00838095 0.384862 0.061264 0.04089 0.0373938 0.0221867 0.303433 0.00180044 0.105913 0.00474553 
0.00419119 0.0160146 0.156668 0.0313607 0.286017 0.0196618 0.0123988 0.0113862 0.00984222 0.261242 0.000458528 0.186393 0.00436681 
3.59145e-05 0.00337661 0.070393 0.0681476 0.687756 0.0268605 0.0264222 0.0141444 0.00439787 0.0415016 1.83472e-05 0.0365659 0.0203796 
3.9155e-05 0.0053891 0.178801 0.0649182 0.268235 0.0654438 0.0313241 0.0613223 0.00766307 0.142276 0.0263049 0.13892 0.00936306 
0.000315853 0.00385594 0.0138957 0.0250128 0.304911 0.0841657 0.107227 0.0572148 0.0162981 0.292703 0.0672955 0.0178752 0.00922887 
0.000425195 0.0110967 0.0590299 0.0370977 0.603424 0.0804911 0.0308015 0.0130346 0.00850426 0.0793423 0.0032886 0.0674594 0.00600454 
0.000136166 9.192e-05 0.138829 0.00200757 0.421587 0.0594472 0.0075837 0.0587057 0.150436 0.0946322 4.74238e-05 0.064785 0.00171005 
0.00023791 0.000331428 0.0144675 0.0540897 0.629998 0.142335 0.0196577 0.0144415 0.0100925 0.0715696 0.000158395 0.0393638 0.00325744 
0.000291829 0.0451595 0.0840689 0.0369929 0.39136 0.0816532 0.00574157 0.0221589 0.0261157 0.0812942 0.00284235 0.213948 0.00837214 
0.000162796 0.00813077 0.029539 0.0150616 0.279243 0.107847 0.139996 0.00523882 0.00240499 0.169034 2.56124e-05 0.242449 0.000868148 
0.000507436 0.00222368 0.0836295 0.0511754 0.334658 0.082839 0.0512597 0.0637761 0.124119 0.159084 0.00296505 0.0397224 0.00404082 
0.00138189 0.00606742 0.0988819 0.0371691 0.283169 0.0645132 0.0249739 0.0453234 0.0515045 0.233861 0.00432464 0.14307 0.00575923 
2.40993e-05 0.000874885 0.072906 0.0490143 0.770206 0.0357 0.016227 0.00543286 0.00240166 0.0185689 3.04898e-05 0.0248619 0.00375143 
0.000380512 0.00944459 0.0410482 0.0338196 0.435141 0.0564691 0.0699487 0.0189538 0.00581727 0.224443 0.00678563 0.0723015 0.025447 
0.000843054 0.00549377 0.129874 0.0577541 0.298027 0.0653336 0.0256845 0.0420376 0.0202345 0.162987 0.00327436 0.179858 0.00859868 
5.01184e-05 0.0022585 0.0621049 0.00653962 0.507635 0.0287163 0.0172107 0.158205 0.0903393 0.105746 0.00118926 0.0169511 0.00305454 
0.000540755 0.00219891 0.0894987 0.0826112 0.22711 0.117181 0.178413 0.0342283 0.0243439 0.100152 0.00606781 0.134125 0.00352901 
3.29193e-06 0.00130886 0.0629524 0.0724378 0.635301 0.0252634 0.00194875 0.0398018 0.00776364 0.108123 0.000573808 0.0443089 0.000212405 
0.000120375 0.00310458 0.0700617 0.036219 0.299707 0.0510591 0.0220317 0.0349005 0.0311386 0.254151 0.00135963 0.192231 0.00391638 
0.000147679 0.000665097 0.10291 0.0366197 0.427286 0.0823075 0.0402322 0.0353941 0.00625471 0.110339 0.000542539 0.137855 0.019446 
0.000649425 0.00166926 0.172023 0.0267326 0.478873 0.0639129 0.0117393 0.0112959 0.00536853 0.0625248 0.00151495 0.151486 0.0122104 
1.94885e-05 0.00109954 0.0872224 0.021128 0.234472 0.114083 0.116332 0.18679 0.0163865 0.1016 0.0124524 0.0712417 0.0371728 
0.000194727 0.00270093 0.0548825 0.00671973 0.479599 0.0497342 0.0367129 0.00591062 0.00254861 0.271546 2.01463e-05 0.0888228 0.000608144 
0.000191706 0.00148822 0.0395547 0.0405476 0.409945 0.0961755 0.0406965 0.0633135 0.0884393 0.183601 0.00574595 0.02412 0.00618049 
0.000378486 0.00814037 0.104702 0.0434178 0.254615 0.115467 0.0553881 0.0280284 0.0812963 0.221745 0.00217965 0.0788891 0.00575305 
8.64299e-06 0.00210709 0.108151 0.0456154 0.630803 0.010374 0.00305175 0.00155589 0.0062632 0.15623 0.00166769 0.0339344 0.000238399 
6.82004e-05 0.000495668 0.019694 0.16649 0.235596 0.0688126 0.000297384 0.0261836 0.229199 0.223912 0.00061987 0.0281712 0.000460722 
0.000316876 0.0056807 0.135855 0.0370943 0.27353 0.110649 0.0230449 0.0496739 0.0573739 0.158378 0.00718823 0.134527 0.0066875 
0.00015397 0.00230145 0.0624277 0.0467801 0.456039 0.0825017 0.129882 0.0055914 0.00349003 0.114525 0.000736001 0.0916956 0.00387668 
0.000290544 0.0113777 0.210679 0.0477101 0.314866 0.0352035 0.0190629 0.0107133 0.0418756 0.150468 0.00032015 0.156714 0.000720188 
0.000423148 0.00683127 0.0855144 0.0186892 0.634407 0.048633 0.00768412 0.0394579 0.0286178 0.0707942 0.00509336 0.0520865 0.0017676 
0.298475 0.00626785 0.018299 0.0133081 0.340312 0.0348085 0.00300074 0.00889783 0.0128853 0.0445355 0.00178347 0.216352 0.00107474 
0.000539898 0.000535404 0.0402567 0.0692897 0.408112 0.105319 0.139493 0.0131599 0.0209043 0.104758 0.000493507 0.0922554 0.00488307 
0.0241106 0.00532761 0.106886 0.0299916 0.250317 0.0503366 0.0835529 0.0614995 0.0435732 0.20214 0.0446321 0.0880504 0.00958219 
0.00024679 0.000536425 0.0256727 0.0293844 0.814446 0.0403966 0.0207214 0.00664436 0.0044789 0.0380207 0.000392177 0.0163947 0.00266518 
0.000110555 0.000248684 0.0705632 0.0179315 0.708301 0.0707302 0.0287789 0.00608372 0.0126611 0.0469196 1.01986e-05 0.0302444 0.00741699 
3.04558e-05 0.00183068 0.145723 0.0580434 0.440615 0.0884539 0.00867311 0.0371122 0.0144655 0.0520845 0.00591125 0.14236 0.00469741 
0.0677529 0.00701439 0.0612996 0.0563029 0.403418 0.0600168 0.0304416 0.0527541 0.00934659 0.127657 0.0030443 0.0973811 0.0235702 
0.000688319 0.000904054 0.0287984 0.0219523 0.418797 0.226523 0.0464244 0.0166675 0.0179432 0.158973 0.00281676 0.0543062 0.00520528 
1.29159e-07 2.13283e-06 0.244097 0.0224642 0.373753 0.172726 0.0061651 0.0432901 0.0639138 0.060172 1.66038e-06 0.01283 0.000584596 
0.000169307 0.00085297 0.0402693 0.0377035 0.394307 0.212596 0.146511 0.00862195 0.00664598 0.114706 3.41825e-05 0.0304598 0.00712263 
0.000368933 0.00747579 0.0387568 0.0181868 0.401676 0.0505041 0.0503203 0.0791747 0.0100278 0.220821 0.00279774 0.110914 0.00897557 
4.15581e-05 0.00600964 0.169336 0.0189245 0.272186 0.0440831 0.0249536 0.124713 0.109056 0.149326 0.00455728 0.0677946 0.00901976 
0.0484155 0.00503486 0.0733708 0.034069 0.327368 0.0774931 0.071965 0.0558702 0.01295 0.145345 0.00771297 0.136554 0.00385231 
2.28318e-05 0.00124484 0.158971 0.0219819 0.194187 0.074226 0.00824454 0.169442 0.0924259 0.121371 0.00156585 0.152125 0.00419204 
0.000431253 0.00265726 0.0671488 0.0243651 0.543829 0.0638069 0.0391532 0.0182791 0.0090246 0.189585 0.00212484 0.0374459 0.00214889 
0.000236084 0.012803 0.150754 0.0120176 0.402919 0.0176846 0.00494963 0.0239979 0.00387559 0.295271 0.000260617 0.0738097 0.00142111 
1.59611e-06 9.78625e-07 0.0636834 6.63416e-07 0.580194 0.0184073 6.17433e-12 0.124403 0.144471 0.00584123 0.000133713 0.0628614 1.97539e-06 
0.000298584 0.00730602 0.134709 0.0439142 0.350926 0.0411108 0.0654471 0.0359323 0.0212434 0.181057 0.00980782 0.102638 0.00560975 
0.000150562 4.24856e-07 0.0391805 0.0309875 0.604995 0.188141 0.0173643 0.0147622 0.00198931 0.0514327 1.76087e-05 0.0500057 0.000973545 
8.99273e-05 0.000302677 0.0828854 0.0153474 0.640735 0.0197025 0.00716187 0.00641747 0.0075003 0.142338 1.10503e-05 0.0771659 0.000342709 
0.000126212 0.00783678 0.136196 0.0131869 0.251489 0.0352825 0.0217787 0.187221 0.0559515 0.127382 0.015413 0.12643 0.0217069 
0.000175761 0.00690791 0.113636 0.0703886 0.405398 0.0289762 0.00765074 0.0287997 0.0472342 0.23928 0.00131376 0.048342 0.00189723 
0.000216031 0.0138015 0.147878 0.0636445 0.258947 0.0319545 0.0220645 0.0264824 0.00914645 0.213735 0.00158086 0.207925 0.0026243 
0.000160789 0.0024723 0.0864007 0.024325 0.483407 0.0246964 0.00281512 0.0216463 0.0467351 0.223137 2.0343e-05 0.08115 0.00303449 
0.000202023 0.0130382 0.1202 0.0525233 0.30571 0.125045 0.0275402 0.038528 0.0418351 0.199154 0.00993624 0.062905 0.00338281 
0.000130894 0.00120125 0.0717161 0.0167809 0.27779 0.221419 0.00386444 0.117579 0.00562564 0.229052 1.78471e-05 0.0541517 0.000671345 
0.000319068 0.00313138 0.0748507 0.0224697 0.494279 0.138299 0.0363679 0.041962 0.0165614 0.097031 0.00628295 0.0582853 0.0101597 
0.000336534 0.00300028 0.111399 0.027253 0.355537 0.0846528 0.0101914 0.0268245 0.0157924 0.1588 0.000105875 0.185205 0.0209025 
0.000712199 0.00921061 0.0615493 0.0234406 0.502848 0.0884893 0.0454738 0.0141644 0.00910233 0.199593 0.000509568 0.0416359 0.00327124 
0.000332917 0.00967525 0.0586409 0.0364792 0.471366 0.0429708 0.0232801 0.0121084 0.00712789 0.241576 0.00140667 0.0914626 0.00357309 
0.000113526 0.00416952 0.0280293 0.0149951 0.370845 0.0803398 0.066331 0.193492 0.00665737 0.157334 0.0133291 0.0554814 0.00888351 
0.000241195 0.00327128 0.0770208 0.0654508 0.219939 0.09239 0.138408 0.0435801 0.017801 0.213294 0.00206537 0.103275 0.0232631 
0.000252606 0.00436741 0.108273 0.0545166 0.383388 0.0677119 0.0276996 0.0871631 0.018894 0.167547 0.012811 0.0620032 0.00537336 
0.000374649 0.00115452 0.0459522 0.0426646 0.698427 0.0659183 0.0453285 0.0076345 0.00441255 0.0680596 0.00028858 0.0160006 0.00378457 
0.000134006 0.0140607 0.235786 0.0219948 0.248077 0.128316 0.0305092 0.0888462 0.0303945 0.0820144 0.0028687 0.107345 0.00965327 
0.000132445 0.0108049 0.0748401 0.0459163 0.395826 0.0886366 0.0824968 0.031579 0.0691296 0.146815 0.00160809 0.0493851 0.00283022 
0.000397281 0.00931875 0.0872253 0.028023 0.322756 0.073993 0.0522266 0.037614 0.0275232 0.262422 0.00400438 0.0905512 0.0039462 
0.000310675 0.00481028 0.02527 0.00723938 0.537391 0.0552027 0.00713308 0.0219377 0.00371486 0.161445 0.000434923 0.173422 0.00168817 
0.00024679 0.000536425 0.0256727 0.0293844 0.814446 0.0403966 0.0207214 0.00664436 0.0044789 0.0380207 0.000392177 0.0163947 0.00266518 
2.83348e-05 0.00392392 0.022057 0.107006 0.206053 0.0961275 0.120669 0.157705 0.0286801 0.116792 0.0182117 0.115932 0.00681242 
4.25849e-05 0.00402748 0.0405937 0.0208692 0.493868 0.0379112 0.0157632 0.0369073 0.0098628 0.285663 0.0180725 0.0323556 0.00406374 
0.000350226 0.00445709 0.0797854 0.0263913 0.395321 0.0609762 0.0221632 0.0294402 0.0247425 0.284798 0.00200963 0.0627469 0.00681751 
0.00147373 0.000554602 0.0276494 0.0164926 0.333565 0.154156 0.265574 0.0102356 0.0140591 0.0919721 0.000299544 0.0805165 0.00345185 
3.17482e-05 0.000700938 0.291986 0.0115966 0.509501 0.0509394 0.0142291 0.0258513 0.0172036 0.0342409 0.000873829 0.037293 0.0055525 
0.000725148 0.00195696 0.0323279 0.134822 0.391748 0.0208588 0.0273933 0.239574 0.0354543 0.043222 0.00131407 0.0669761 0.00362725 
0.000344716 0.00232793 0.0627998 0.0275061 0.368083 0.119786 0.096669 0.0696089 0.0511026 0.146055 0.00373927 0.0459952 0.00598312 
0.00024605 0.00348793 0.148862 0.0250156 0.462591 0.0609713 0.018302 0.0662137 0.00915693 0.13427 0.0029598 0.0620506 0.00587278 
0.0032206 0.004069 0.129877 0.0463358 0.289095 0.0747991 0.0662053 0.0735068 0.0318856 0.112403 0.0159796 0.120201 0.0324226 
7.68154e-05 0.00303151 0.0651695 0.026486 0.327476 0.0433865 0.0609455 0.0590029 0.177019 0.121364 0.00239764 0.107396 0.00624816 
0.00120434 0.0618531 0.0482006 0.0523825 0.500756 0.042864 0.00614758 0.00486119 0.0043602 0.151377 0.00381573 0.119507 0.00267084 
0.000250056 0.00290501 0.0516224 0.0125277 0.402502 0.0878545 0.222456 0.0361759 0.00831284 0.104052 0.0203969 0.0480255 0.00291887 
0.00219265 0.0208327 0.0554264 0.0196036 0.280442 0.0745854 0.163225 0.0705777 0.0313987 0.200431 0.0500266 0.0299274 0.00133122 
0.000332917 0.00967525 0.0586409 0.0364792 0.471366 0.0429708 0.0232801 0.0121084 0.00712789 0.241576 0.00140667 0.0914626 0.00357309 
0.00012628 0.000456459 0.0649825 0.0299354 0.332648 0.125175 0.281865 0.0147889 0.0222185 0.0748414 0.000193164 0.0466746 0.00609547 
0.000247681 0.00065795 0.0400928 0.018473 0.353667 0.195863 0.25701 0.00887054 0.00896582 0.0805336 0.000577079 0.0305876 0.00445406 
0.000260272 0.00238412 0.0974763 0.0453076 0.466172 0.084895 0.0370846 0.0260437 0.0281592 0.146948 0.000210381 0.0560189 0.00904067 
0.000357887 0.00124128 0.076391 0.0390938 0.579717 0.0497849 0.0445256 0.0128765 0.0172963 0.0769413 0.00221825 0.0968285 0.00272791 
8.59922e-05 0.00717505 0.0565729 0.0404888 0.642749 0.0277549 0.0104905 0.00399563 0.00111086 0.111023 0.00021386 0.098038 0.000301494 
0.00203739 0.000834665 0.0710616 0.0149516 0.490104 0.0595734 0.0238328 0.0207761 0.0197872 0.228901 0.000334339 0.0600104 0.00779552 
0.000141056 0.0016764 0.317271 0.0330086 0.352071 0.0365267 0.0433485 0.0458784 0.0231955 0.083655 0.0115611 0.0354937 0.0161723 
0.000888513 0.00418549 0.0808318 0.0356106 0.448735 0.117688 0.0319156 0.048305 0.0323894 0.126618 0.00185602 0.0631637 0.00781279 
6.07712e-05 0.000673384 0.0380735 0.019505 0.661623 0.0421526 0.019336 0.0762915 0.0337637 0.0795397 0.00053437 0.0268042 0.00164267 
0.00155293 0.00151111 0.0462182 0.0524868 0.622199 0.0843716 0.0016537 0.0060015 0.00193982 0.085847 0.000470308 0.0954633 0.000285339 
0.000499854 0.00517735 0.0632804 0.0342284 0.422454 0.0476177 0.0251127 0.0517707 0.0620144 0.190853 0.00689871 0.0767234 0.0133694 
0.00147373 0.000554602 0.0276494 0.0164926 0.333565 0.154156 0.265574 0.0102356 0.0140591 0.0919721 0.000299544 0.0805165 0.00345185 
7.83293e-05 0.00158429 0.0732761 0.0357744 0.482768 0.149245 0.0115598 0.0908763 0.0140812 0.0943422 0.00156397 0.0429773 0.00187334 
0.000205727 0.00107934 0.0559582 0.0149094 0.571314 0.058282 0.0108716 0.0101912 0.0029145 0.0592731 1.53448e-05 0.213551 0.00143503 
0.00102618 0.00454288 0.0514344 0.0225424 0.454002 0.0662502 0.0162522 0.035693 0.0186669 0.241157 0.00134141 0.0816027 0.00548801 
0.00154658 0.000321518 0.176054 0.00645831 0.330801 0.0676155 0.00966682 0.0329725 0.00668261 0.236562 0.000724725 0.128352 0.00224186 
0.000391769 0.0646961 0.0768087 0.00479011 0.226476 0.14298 0.0987744 0.124088 0.0308127 0.181095 0.0100773 0.036839 0.00217039 
9.39034e-05 0.00482434 0.0870835 0.0177187 0.46809 0.0873796 0.0299586 0.0777191 0.0224277 0.150729 0.000860035 0.0492637 0.00385197 
0.000153974 0.0035773 0.102344 0.0356809 0.343416 0.257446 0.0165751 0.0486915 0.0413925 0.114996 0.000414246 0.0286138 0.00669837 
0.000166104 0.0142881 0.0449981 0.0201809 0.363138 0.0278742 0.00777032 0.0155963 0.0042696 0.245547 0.00364388 0.249241 0.00328664 
0.000157739 0.000537752 0.0329146 0.0173524 0.814468 0.0356368 0.0495022 0.00815577 0.00644798 0.0226115 8.12475e-05 0.00728089 0.00485265 
0.000376336 0.00567062 0.0429555 0.0113229 0.270706 0.0617147 0.162486 0.127208 0.0183291 0.189858 0.0157739 0.067816 0.0257824 
0.000886909 0.00271875 0.0334148 0.015125 0.318961 0.0488809 0.0887814 0.0977603 0.0128452 0.254597 0.0217831 0.0922431 0.012003 
0.00024679 0.000536425 0.0256727 0.0293844 0.814446 0.0403966 0.0207214 0.00664436 0.0044789 0.0380207 0.000392177 0.0163947 0.00266518 
0.000332917 0.00967525 0.0586409 0.0364792 0.471366 0.0429708 0.0232801 0.0121084 0.00712789 0.241576 0.00140667 0.0914626 0.00357309 
0.000198131 0.000177337 0.247957 0.0261088 0.346293 0.0314382 0.0164554 0.0198571 0.0216847 0.102533 0.00254141 0.149732 0.0350237 
0.000583621 0.00326636 0.149702 0.049834 0.333364 0.0469914 0.0313783 0.0510364 0.0957798 0.109051 0.00439563 0.100331 0.0242877 
5.13977e-05 0.00343822 0.0444022 0.0362171 0.707594 0.083564 0.0200532 0.0150586 0.00158532 0.0510158 0.00193321 0.0350069 7.99989e-05 
6.90109e-06 0.000417458 0.214035 0.0601977 0.545407 0.0383335 0.0201124 0.0259971 0.0149328 0.042319 1.14367e-05 0.0227796 0.0154501 
3.48733e-05 0.00329536 0.0375016 0.0170749 0.532723 0.0310184 0.0128974 0.0359764 0.00972954 0.269621 0.0147869 0.0302936 0.00504646 
0.000155697 0.0063712 0.0681776 0.0463645 0.498989 0.104506 0.0688093 0.0362661 0.0119188 0.102866 0.00177476 0.0466526 0.00714777 
0.00017334 0.00818545 0.094503 0.0243844 0.347665 0.0183751 0.00307396 0.00845466 0.00506419 0.21994 3.73584e-05 0.268332 0.00181162 
8.8247e-05 0.00217785 0.130269 0.0414068 0.569894 0.0118951 0.00391077 0.0137784 0.0116406 0.16242 0.00274414 0.0490276 0.000748408 
0.000220096 0.00136445 0.208688 0.092768 0.445787 0.0514656 0.0174948 0.023889 0.0121258 0.113492 0.00227886 0.0269231 0.0035026 
3.68444e-05 0.00188655 0.033758 0.00779348 0.317573 0.0761149 0.106869 0.284987 0.0526442 0.0670696 0.0130773 0.0292523 0.00893743 
0.000842105 0.00266541 0.0590513 0.0605656 0.298293 0.0969855 0.146611 0.0240414 0.00395717 0.170414 0.0108318 0.117054 0.0086873 
0.000169306 0.00554487 0.0840819 0.0398992 0.618624 0.0249755 0.00524248 0.00785503 0.00604042 0.109057 0.000135775 0.098015 0.000359843 
0.000374649 0.00115452 0.0459522 0.0426646 0.698427 0.0659183 0.0453285 0.0076345 0.00441255 0.0680596 0.00028858 0.0160006 0.00378457 
0.000574719 0.00124463 0.0309495 0.0148175 0.358793 0.123026 0.207491 0.00845567 0.0214025 0.0817823 2.06677e-05 0.14903 0.00241204 
0.00029753 0.00108119 0.0188122 0.00961271 0.830479 0.0165747 0.0242873 0.00851964 0.00928753 0.0441064 0.000235538 0.0104092 0.026297 
0.000355706 0.00211152 0.114102 0.05948 0.492017 0.0879778 0.048658 0.0141999 0.0140277 0.0620535 0.000430081 0.0994269 0.00516012 
0.000349376 0.00150878 0.0549845 0.0874699 0.614439 0.068595 0.0651915 0.0128649 0.00656373 0.0577533 0.000279662 0.0169878 0.0130123 
2.09447e-05 0.00356414 0.170074 0.0371087 0.208629 0.195743 0.0349008 0.0617618 0.00681097 0.170777 0.000415941 0.104238 0.00595536 
0.000252115 0.00300078 0.0676641 0.0281488 0.523028 0.0687425 0.0499525 0.0462392 0.0163321 0.129313 0.0085157 0.0528067 0.00600532 
0.0996835 0.00655759 0.0507987 0.025981 0.450762 0.043675 0.0273045 0.0218525 0.0132736 0.0933638 0.00885514 0.144665 0.0132278 
0.000102273 0.00040579 0.107905 0.0062387 0.574969 0.0205854 0.0201971 0.0214208 0.0238748 0.160214 0.00168403 0.0561208 0.00628167 
0.000158409 0.000968168 0.0824584 0.0523934 0.430961 0.0859237 0.0491624 0.0450371 0.105435 0.091468 0.00150164 0.0506449 0.00388779 
0.000419327 0.031833 0.157489 0.0371673 0.282578 0.0376326 0.0101102 0.032222 0.0159589 0.258034 0.00180368 0.130106 0.00464617 
0.000374649 0.00115452 0.0459522 0.0426646 0.698427 0.0659183 0.0453285 0.0076345 0.00441255 0.0680596 0.00028858 0.0160006 0.00378457 
0.000405045 0.00189337 0.0681806 0.00980105 0.541004 0.0556096 0.0640767 0.0570888 0.0295109 0.0989749 0.000238346 0.0607256 0.012491 
8.48246e-05 0.00279091 0.0561019 0.0114078 0.403154 0.0543 0.00543742 0.113203 0.21043 0.0783952 0.00337735 0.0577312 0.00358574 
0.00141394 0.0168251 0.071567 0.0420467 0.321123 0.0644561 0.0285399 0.0517592 0.0199385 0.279996 0.00423242 0.0934328 0.00466887 
0.000772484 0.00914732 0.0819456 0.0142454 0.307127 0.0802894 0.0250245 0.0337072 0.0112135 0.284949 0.00420323 0.138948 0.00842748 
0.000131273 0.0212239 0.057356 0.0138651 0.247343 0.0254376 0.0670518 0.202304 0.0120995 0.221836 0.0442632 0.0760373 0.0110511 
0.00027835 0.000301411 0.107106 0.0618413 0.475265 0.117081 0.0112231 0.0244988 0.0192608 0.121423 1.22578e-05 0.0609531 0.00075677 
0.000869415 0.00327056 0.0556203 0.0220654 0.259489 0.0868612 0.0567595 0.163559 0.0610096 0.207091 0.00786558 0.0707798 0.00475916 
4.07043e-05 0.00089287 0.0557092 0.0287248 0.611123 0.0792655 0.00774866 0.0133012 0.00970694 0.0966564 9.97299e-06 0.0790187 0.0178015 
0.000389237 0.0160123 0.0932779 0.0325536 0.390116 0.0300843 0.00659206 0.111218 0.076795 0.119483 0.00647331 0.113681 0.00332402 
0.000501104 0.034707 0.0539033 0.0243524 0.283879 0.0817222 0.155404 0.059824 0.00885296 0.193829 0.0216992 0.0729313 0.00839522 
7.92881e-05 0.00100701 0.0490441 0.0178919 0.422239 0.074334 0.25684 0.0256807 0.0177397 0.0828004 0.00240009 0.0401329 0.00981032 
0.000257369 0.00965241 0.111276 0.0621533 0.587388 0.0254363 0.0029867 0.0137196 0.0116407 0.0693947 0.000210206 0.105574 0.000310165 
0.00034331 0.00230976 0.0566845 0.0687007 0.739211 0.0381604 0.0250298 0.00481933 0.00332586 0.0304895 0.000597531 0.0238552 0.00647286 
0.000373277 0.0251529 0.130744 0.0217909 0.328741 0.0500803 0.047097 0.173641 0.0355636 0.118298 0.0120327 0.0552697 0.00121485 
2.88289e-05 0.00363723 0.0461674 0.019929 0.446676 0.113576 0.0801077 0.112094 0.00748513 0.0964822 0.0192738 0.0445272 0.0100151 
0.000347611 0.0100506 0.0309259 0.0325619 0.413567 0.0538937 0.0639936 0.0485962 0.00732254 0.11032 0.0372046 0.0543402 0.136876 
0.000106603 0.000425177 0.160358 0.0271448 0.581767 0.0138936 0.000870692 0.0193552 0.0328989 0.0833311 9.36287e-06 0.0795689 0.000270493 
6.44404e-05 0.0113069 0.0799389 0.041898 0.164206 0.15023 0.0451133 0.149358 0.0666916 0.143714 0.0100366 0.119388 0.018054 
0.000243572 0.00555236 0.048568 0.0431605 0.322816 0.0550363 0.0481548 0.0769516 0.0147907 0.29283 0.00815082 0.080177 0.0035682 
0.00140482 0.0074974 0.0456774 0.0340625 0.356022 0.0653807 0.0344629 0.0568698 0.0700721 0.247943 0.00358832 0.071604 0.00541503 
0.000234402 0.00157265 0.0775893 0.0608896 0.326987 0.00406236 0.0078473 0.00224179 0.00751459 0.264802 0.00025804 0.240411 0.00558899 
0.000372553 0.000270146 0.028554 0.0783101 0.401055 0.191394 0.0678417 0.0113384 0.0274374 0.101583 0.000522931 0.0885765 0.00274425 
0.000523789 0.00676816 0.0788626 0.0222773 0.382055 0.0358462 0.0757709 0.0312628 0.0206285 0.238989 0.0049011 0.0914061 0.0107087 
0.000297277 0.00151996 0.0262288 0.114627 0.684423 0.0653306 0.0256866 0.0072477 0.00209773 0.0355747 0.000155864 0.0343937 0.00241711 
0.00050893 0.00248114 0.0813187 0.186961 0.298307 0.0193604 0.0225261 0.0239674 0.00932405 0.276182 0.00440809 0.0728324 0.00182265 
2.35176e-05 0.00413098 0.173029 0.136199 0.226446 0.118156 0.0336035 0.00894148 0.00779514 0.210545 9.96517e-05 0.0800105 0.00102102 
0.000116369 0.000614223 0.121564 0.0205641 0.451914 0.0184929 0.016164 0.0220543 0.0566819 0.210961 3.98169e-05 0.0803376 0.000496261 
0.00020603 0.000649544 0.060127 0.0344658 0.490458 0.0833337 0.0221388 0.050993 0.0147079 0.0761583 0.00149631 0.160205 0.00506033 
8.99273e-05 0.000302677 0.0828854 0.0153474 0.640735 0.0197025 0.00716187 0.00641747 0.0075003 0.142338 1.10503e-05 0.0771659 0.000342709 
0.000179791 0.00312889 0.144991 0.0422744 0.361376 0.0597824 0.0177782 0.047847 0.0810462 0.150429 0.0044652 0.0820146 0.00468793 
4.48567e-06 0.00663496 0.0676093 0.044192 0.411974 0.146201 0.0456896 0.18226 0.0052193 0.0628755 0.00984291 0.0102753 0.00722156 
0.000200152 0.00073738 0.0263516 0.0296131 0.413709 0.194522 0.0365023 0.0750442 0.0110849 0.184322 0.000312645 0.0222418 0.00535876 
0.000550721 0.0120561 0.0567637 0.0144536 0.555642 0.0605662 0.0119301 0.013766 0.0258714 0.162936 0.000421356 0.0837776 0.00126563 
0.000257369 0.00965241 0.111276 0.0621533 0.587388 0.0254363 0.0029867 0.0137196 0.0116407 0.0693947 0.000210206 0.105574 0.000310165 
0.00061043 0.00101416 0.0452862 0.0358945 0.568958 0.0633026 0.0611349 0.0227128 0.0181866 0.097435 0.000150561 0.0824299 0.00288403 
1.24135e-05 0.00135165 0.15817 0.023847 0.280453 0.223802 0.00509584 0.00840902 0.00966898 0.257564 7.51806e-06 0.0304896 0.00112938 
0.000637295 0.000355695 0.0386572 0.0259715 0.51336 0.0637236 0.232438 0.00985117 0.0140143 0.0666986 0.000328497 0.0253018 0.00866233 
0.000285519 0.020322 0.0605533 0.0150001 0.42104 0.0500399 0.200633 0.0146379 0.0358798 0.0854665 0.0367128 0.0542197 0.00520941 
0.000775426 0.0045741 0.100029 0.035538 0.355219 0.0886396 0.0537648 0.0379362 0.0353029 0.127876 0.0202254 0.132291 0.00782957 
4.06837e-05 0.000606442 0.0358119 0.0210564 0.673855 0.0349847 0.0334362 0.00960859 0.00277882 0.132638 0.000433597 0.0473749 0.00737412 
3.95231e-05 0.00306809 0.0520307 0.00933735 0.673909 0.0865942 0.0412431 0.0357699 0.0166739 0.0450221 0.0211005 0.0144403 0.000771896 
0.000314873 0.00457531 0.242237 0.1899 0.347375 0.0175492 0.00852296 0.0255312 0.028297 0.0654794 0.000327947 0.0659444 0.00394552 
7.92159e-05 0.00296308 0.0450904 0.0190313 0.561462 0.0277638 0.0149292 0.0514411 0.00864759 0.225689 0.0149342 0.0248271 0.00314092 
0.000278878 0.00116319 0.111652 0.0246757 0.289485 0.136635 0.00950434 0.0307374 0.118297 0.216415 0.0301738 0.0274137 0.00356829 
0.000220096 0.00136445 0.208688 0.092768 0.445787 0.0514656 0.0174948 0.023889 0.0121258 0.113492 0.00227886 0.0269231 0.0035026 
2.88289e-05 0.00363723 0.0461674 0.019929 0.446676 0.113576 0.0801077 0.112094 0.00748513 0.0964822 0.0192738 0.0445272 0.0100151 
0.000350458 0.0104697 0.0672519 0.0165969 0.349509 0.0299493 0.12297 0.0787214 0.00931159 0.190854 0.00479783 0.104094 0.0151235 
0.000618271 0.00304247 0.0691895 0.030848 0.480237 0.153087 0.0332267 0.0850361 0.0148096 0.0753761 0.021844 0.0282329 0.00445289 
0.000332917 0.00967525 0.0586409 0.0364792 0.471366 0.0429708 0.0232801 0.0121084 0.00712789 0.241576 0.00140667 0.0914626 0.00357309 
7.8558e-08 2.60521e-08 0.0232096 0.0031686 0.340992 0.0218816 0.00142283 0.227763 0.114933 0.262918 2.96781e-06 0.00355028 0.000156767 
0.000899181 0.00298963 0.0441846 0.0258121 0.332629 0.282197 0.0243741 0.0404745 0.0161164 0.174196 0.0132977 0.0317105 0.0111194 
0.000135809 0.00139104 0.0388099 0.0170962 0.640556 0.0750473 0.0260245 0.0680133 0.0146197 0.0776259 0.00114105 0.0364706 0.00306857 
5.40326e-05 0.0019935 0.222564 0.222439 0.288481 0.0146023 0.0305492 0.00633606 0.00484347 0.0717014 0.000296496 0.130857 0.00528305 
0.00050893 0.00248114 0.0813187 0.186961 0.298307 0.0193604 0.0225261 0.0239674 0.00932405 0.276182 0.00440809 0.0728324 0.00182265 
0.000637295 0.000355695 0.0386572 0.0259715 0.51336 0.0637236 0.232438 0.00985117 0.0140143 0.0666986 0.000328497 0.0253018 0.00866233 
0.000479829 0.00214597 0.109577 0.017004 0.549161 0.0384049 0.0415583 0.0604647 0.00496646 0.115493 0.00262006 0.0545675 0.00355787 
0.000151772 0.00017537 0.170423 0.0395056 0.264931 0.0390778 0.00385353 0.0593049 0.0144553 0.264207 3.99816e-05 0.142167 0.00170739 
0.000249001 0.000345607 0.0312913 0.0143168 0.777735 0.0312645 0.00361623 0.00287007 0.00332058 0.060428 4.71603e-06 0.0706985 0.00385967 
0.000186887 0.00238318 0.151256 0.087398 0.29732 0.189402 0.0303853 0.0179942 0.0100662 0.1559 0.000602525 0.0522635 0.00484228 
1.83482e-06 0.0168851 0.0571906 0.0254583 0.383475 0.106591 0.050847 0.060668 0.0192306 0.0759836 0.0246301 0.0354453 0.143594 
0.000286589 0.011361 0.084596 0.0547883 0.512708 0.080306 0.0841323 0.0412306 0.0079224 0.0770796 0.0193957 0.0232868 0.00290621 
8.76023e-05 0.0044492 0.0975232 0.0346251 0.307399 0.0539962 0.133532 0.0886879 0.0142837 0.129097 0.00611153 0.128316 0.00189171 
0.000605551 0.000545187 0.0594311 0.0705633 0.492765 0.00825393 0.0297687 0.00421304 0.0044872 0.277478 8.73874e-06 0.0518034 7.65544e-05 
0.000113774 0.00377919 0.0768774 0.106883 0.389054 0.147302 0.0205611 0.0182946 0.0139844 0.187692 0.00128847 0.028564 0.00560566 
0.000102591 0.00275094 0.0897444 0.0731745 0.508394 0.0813017 0.0399119 0.0295276 0.0254773 0.118246 0.00256567 0.023066 0.00573728 
5.0882e-05 0.00114344 0.0252804 0.0190367 0.471605 0.034661 0.325601 0.0295871 0.00205436 0.0578152 0.00295049 0.0229303 0.00728438 
0.000286589 0.011361 0.084596 0.0547883 0.512708 0.080306 0.0841323 0.0412306 0.0079224 0.0770796 0.0193957 0.0232868 0.00290621 
0.00124816 0.00132954 0.0442406 0.0245434 0.620995 0.0416484 0.0131774 0.00735256 0.0155672 0.180622 6.39232e-05 0.0486364 0.000575617 
0.000302516 0.0170711 0.0634981 0.0181131 0.25816 0.0354733 0.120474 0.0573212 0.0117258 0.237672 0.00337249 0.16484 0.0119762 
0.000200882 0.00765785 0.108975 0.0708305 0.443749 0.0558704 0.0207792 0.0405534 0.0306703 0.107272 0.00203552 0.103842 0.00756378 
6.9532e-05 0.0163705 0.0602084 0.022368 0.480162 0.0275952 0.0237106 0.0820996 0.0132732 0.192097 0.00269119 0.0742561 0.00509843 
0.000386661 0.0031758 0.0411795 0.0289206 0.370796 0.108212 0.0727722 0.0927891 0.0168687 0.185661 0.0100027 0.058866 0.01037 
0.000853265 0.00244523 0.0577019 0.0251581 0.498531 0.0671313 0.0324657 0.00886917 0.0120193 0.198953 0.000616977 0.0913722 0.00388301 
0.000181137 0.00754754 0.0739314 0.0420674 0.391066 0.0733376 0.0403289 0.0804955 0.0146945 0.197297 0.00584599 0.0640215 0.00918605 
0.00488253 0.00335509 0.120231 0.0295916 0.215381 0.0823672 0.021515 0.0692037 0.125291 0.155679 0.0141747 0.155545 0.00278246 
0.000472066 0.00994378 0.073241 0.0149822 0.62727 0.0515887 0.0497785 0.0236076 0.00932216 0.0758668 0.00325312 0.0578647 0.00280955 
0.000250029 0.000242057 0.0499489 0.00884043 0.560122 0.0529348 0.0690095 0.0905215 0.0408146 0.0903828 0.000288397 0.03336 0.0032845 
2.06633e-05 0.00100404 0.0742584 0.0206566 0.514117 0.0343483 0.057958 0.015583 0.00556721 0.239412 0.000822645 0.0280216 0.00823031 
0.000712199 0.00921061 0.0615493 0.0234406 0.502848 0.0884893 0.0454738 0.0141644 0.00910233 0.199593 0.000509568 0.0416359 0.00327124 
0.000301928 0.00192057 0.0583571 0.0788406 0.278026 0.083512 0.135028 0.0320232 0.0155079 0.0615853 0.202868 0.044356 0.00767349 
0.000124971 0.00693192 0.0826048 0.0435178 0.52961 0.0419249 0.0294412 0.0173294 0.00549568 0.148572 0.00172695 0.0838717 0.00884866 
0.000169306 0.00554487 0.0840819 0.0398992 0.618624 0.0249755 0.00524248 0.00785503 0.00604042 0.109057 0.000135775 0.098015 0.000359843 
0.000705438 0.00569912 0.0659459 0.0162775 0.446804 0.0617413 0.0133474 0.0407041 0.0216979 0.209246 0.00601973 0.100348 0.0114638 
0.000297256 0.0148376 0.0472857 0.024717 0.338459 0.0528769 0.018451 0.038195 0.0912508 0.241228 0.000286768 0.129691 0.00242497 
2.70258e-07 2.7037e-07 0.313897 0.0291254 0.314416 0.067013 0.00335349 0.06566 0.0230126 0.0512491 2.70414e-07 0.132273 2.70376e-07 
0.000226894 6.3919e-05 0.0306504 0.0167695 0.544685 0.0616298 0.243385 0.00840543 0.0118827 0.0534166 1.97423e-05 0.0221572 0.00670768 
0.000286889 0.00379969 0.0545742 0.0467036 0.56012 0.0737094 0.0430382 0.044619 0.0110078 0.0993579 0.00270086 0.0510668 0.0090154 
0.00130635 0.00346752 0.055701 0.108987 0.664042 0.0523617 0.0131952 0.0204782 0.00924077 0.0451422 0.00116173 0.0196611 0.00525476 
3.41467e-05 0.00280163 0.0421212 0.0723194 0.428218 0.0751631 0.0789318 0.0909094 0.016409 0.167965 0.00747675 0.0135843 0.00406645 
0.000581095 0.00775032 0.0510151 0.0363401 0.219367 0.05799 0.150972 0.174771 0.0124287 0.196697 0.00346041 0.0858088 0.00281861 
0.000437499 0.00153908 0.0664858 0.0305521 0.482308 0.0275284 0.00818671 0.00723416 0.00174547 0.251306 1.80879e-05 0.11774 0.00491873 
0.000903038 0.001776 0.0373628 0.0105576 0.480997 0.0343511 0.00619585 0.0699212 0.025323 0.137204 0.000337435 0.167975 0.0270962 
0.000198733 0.00322004 0.10542 0.0955063 0.299087 0.187327 0.0117508 0.0388136 0.00207849 0.138702 4.01761e-05 0.10654 0.0113162 
0.000495091 0.0129712 0.0518919 0.00830381 0.408032 0.115892 0.073166 0.114954 0.0147328 0.142896 0.00543804 0.0472041 0.00402392 
1.30626e-05 0.00199806 0.0496169 0.00548739 0.246935 0.162727 0.0776597 0.0585936 0.0665131 0.205713 8.00796e-05 0.121581 0.00308243 
0.000160043 0.00114432 0.0607552 0.0170426 0.412965 0.0622872 0.0261832 0.0156753 0.00734397 0.319148 0.000168171 0.0735723 0.00355427 
0.0026815 0.00275282 0.110213 0.0468831 0.516455 0.0638987 0.0157841 0.0149434 0.0288703 0.125049 0.00147734 0.064536 0.00645501 
0.000442291 0.0013599 0.0784359 0.0287187 0.580783 0.0424578 0.135718 0.0296413 0.0239419 0.0594587 0.000686625 0.0145414 0.00381432 
8.59922e-05 0.00717505 0.0565729 0.0404888 0.642749 0.0277549 0.0104905 0.00399563 0.00111086 0.111023 0.00021386 0.098038 0.000301494 
0.000505834 0.0107253 0.0775587 0.0365949 0.316729 0.0632334 0.0217418 0.0336006 0.0178751 0.285125 0.00414078 0.109991 0.0221787 
0.000507433 0.00118638 0.143446 0.0205449 0.387526 0.0487201 0.247194 0.0273098 0.00351288 0.0568522 0.00104772 0.0596739 0.00247843 
0.000116299 0.000654467 0.0291176 0.03138 0.755232 0.0307229 0.0238228 0.00526318 0.00755723 0.0873884 0.000141549 0.026546 0.00205784 
0.000129747 0.00308214 0.065215 0.0195174 0.238677 0.16616 0.12616 0.216472 0.0244231 0.0776019 0.00957892 0.0473076 0.00567538 
0.000169306 0.00554487 0.0840819 0.0398992 0.618624 0.0249755 0.00524248 0.00785503 0.00604042 0.109057 0.000135775 0.098015 0.000359843 
0.000290475 0.0119811 0.0442882 0.0230301 0.435795 0.0253741 0.195791 0.0132389 0.00590655 0.136829 0.000819959 0.086298 0.0203573 
0.000244219 0.00298266 0.0620318 0.050668 0.367682 0.122811 0.0647396 0.0306558 0.00161338 0.192968 0.0355737 0.059461 0.00856875 
0.000429146 0.000934253 0.0910826 0.0336644 0.632952 0.0596288 0.0280102 0.0493255 0.0310882 0.0475611 0.000256829 0.0210003 0.00406664 
0.000777497 0.0102519 0.0565474 0.0188351 0.266312 0.129071 0.0847427 0.0425521 0.0140536 0.19484 0.0125506 0.161193 0.00827316 
0.0325782 0.00365264 0.0611839 0.0274539 0.335846 0.231993 0.0357365 0.0324927 0.0220161 0.151778 0.00308571 0.0553535 0.00682949 
0.000119663 0.0039699 0.140542 0.0367379 0.249688 0.105007 0.0253128 0.0720769 0.0498186 0.212143 0.013157 0.0866962 0.00473076 
0.000271144 0.00413603 0.0556512 0.0238683 0.360914 0.0268536 0.0728786 0.00760993 0.0113761 0.292242 0.00164551 0.141603 0.000950985 
0.000226641 0.000649207 0.0457921 0.0221081 0.30107 0.0466777 0.0526962 0.158859 0.122627 0.178278 0.0256025 0.0412837 0.00412962 
0.000360598 0.0159579 0.0392159 0.00448437 0.371974 0.101052 0.00590642 0.117432 0.0579327 0.154222 0.00081303 0.128869 0.00177982 
0.000120619 0.0006405 0.0212351 0.00828773 0.392504 0.0487336 0.373082 0.0183722 0.00235693 0.0885562 0.00238695 0.0417677 0.00195628 
0.00022399 0.0103409 0.105732 0.0308254 0.377517 0.0521809 0.0177575 0.0445288 0.0402265 0.166792 0.00170479 0.149275 0.00289512 
0.00337337 0.00574223 0.0659308 0.0493755 0.276257 0.0467397 0.0250562 0.0608519 0.031026 0.158517 0.00488279 0.270354 0.00189337 
0.000907448 0.000867936 0.064073 0.0252694 0.544681 0.175203 0.0385272 0.0272112 0.0101169 0.0737981 0.000772558 0.0290191 0.00955332 
0.000113797 0.0186818 0.0777599 0.0893711 0.600897 0.0308448 0.00403976 0.0080106 0.00233599 0.0514577 0.000264801 0.116053 0.000170367 
0.000406437 0.000689807 0.0211888 0.0455685 0.36682 0.149326 0.336481 0.00370618 0.00484409 0.0449539 8.65055e-05 0.0200926 0.00583659 
0.000374237 0.000341108 0.0496179 0.0193176 0.587117 0.0505312 0.159111 0.0136138 0.00772077 0.0800185 0.000434024 0.0253546 0.00644819 
0.000230699 0.00220622 0.0487225 0.0318643 0.274695 0.138164 0.0403323 0.0174074 0.0050684 0.239588 0.00189591 0.19385 0.00597608 
0.000260761 0.0030475 0.0205069 0.0430772 0.428421 0.132457 0.195134 0.013793 0.00427759 0.101274 0.00553787 0.04722 0.00499358 
0.000278149 0.0135731 0.0389203 0.027837 0.25715 0.0297596 0.0474406 0.0984092 0.00753572 0.22726 0.00974868 0.107033 0.135055 
0.000486979 0.00528003 0.0907373 0.0235718 0.422664 0.0587742 0.019705 0.0098187 0.00302731 0.243476 0.000224938 0.11482 0.00741329 
4.06837e-05 0.000606442 0.0358119 0.0210564 0.673855 0.0349847 0.0334362 0.00960859 0.00277882 0.132638 0.000433597 0.0473749 0.00737412 
0.000257369 0.00965241 0.111276 0.0621533 0.587388 0.0254363 0.0029867 0.0137196 0.0116407 0.0693947 0.000210206 0.105574 0.000310165 
0.000179428 0.00724949 0.201859 0.224088 0.264839 0.0541944 0.00977268 0.0236668 0.0166426 0.137233 0.00146151 0.0529832 0.00583069 
0.000523408 0.00311436 0.0323482 0.0427436 0.433843 0.0810309 0.247717 0.00912768 0.00926746 0.0991574 0.00448687 0.0298993 0.00674097 
3.41813e-05 0.00127508 0.126054 0.0301976 0.641628 0.0329449 0.0146372 0.0123964 0.00543252 0.0557525 5.57082e-06 0.0747428 0.00489917 
0.00104149 0.00554486 0.0517892 0.0156555 0.350808 0.0423537 0.0330418 0.0224385 0.00600355 0.226088 0.00117969 0.242394 0.00166181 
2.42309e-05 0.00164018 0.0252725 0.009745 0.3331 0.0572191 0.110515 0.173908 0.00551975 0.188491 0.0566158 0.0331721 0.00477736 
0.000215024 0.000752072 0.0448155 0.016413 0.397663 0.0353303 0.00904884 0.0850355 0.239857 0.109781 0.00168766 0.0581545 0.00124621 
0.000312443 0.00664801 0.0876271 0.0223689 0.426437 0.0334576 0.00433134 0.0211891 0.0073782 0.223306 0.00101971 0.164608 0.00131593 
0.00034331 0.00230976 0.0566845 0.0687007 0.739211 0.0381604 0.0250298 0.00481933 0.00332586 0.0304895 0.000597531 0.0238552 0.00647286 
0.0167893 0.00315296 0.11145 0.0378499 0.32275 0.103471 0.0130865 0.0437112 0.0423233 0.130948 0.00215535 0.120725 0.0515878 
0.000246069 0.00236755 0.0734493 0.0269028 0.398149 0.166704 0.0358838 0.0451474 0.0327183 0.1598 0.00249849 0.0524703 0.00366303 
0.000117204 0.00763284 0.101261 0.0377118 0.489205 0.0433314 0.0293151 0.0108379 0.0117837 0.204562 0.00381802 0.0598247 0.000599544 
0.000661795 0.00249258 0.0294115 0.0159165 0.439814 0.152498 0.14853 0.0199146 0.0254569 0.0961901 0.000345612 0.0664155 0.00235311 
0.000466329 0.00156288 0.0274177 0.0342729 0.407866 0.318109 0.0538194 0.0321341 0.0141039 0.0907813 0.00520796 0.0093226 0.00493514 
4.66456e-05 0.0022456 0.0691875 0.020681 0.507833 0.0406706 9.93794e-05 0.0211912 0.129604 0.130524 4.23953e-06 0.0733648 0.00454805 
