0.0024986 0.00295686 0.0369047 0.0167549 0.0721131 0.13079 0.106388 0.473899 0.0628524 0.0362203 0.0284701 0.0220143 0.0081379 
0.00034615 0.00356873 0.0744876 0.0278883 0.267311 0.107504 0.0437041 0.282307 0.0289882 0.111061 0.000799109 0.0501259 0.00190863 
2.00199e-05 0.00253447 0.151298 0.0110199 0.240505 0.0445088 0.0230193 0.301773 0.0214384 0.092894 0.023966 0.0736474 0.0133757 
0.0246074 0.00505497 0.0292084 0.0102417 0.105254 0.0525438 0.0414057 0.384314 0.0850524 0.141754 0.0349782 0.0809275 0.00465682 
7.58788e-06 0.000386744 0.0969327 0.0579715 0.217529 0.143068 0.0552681 0.282682 0.025659 0.080718 1.96725e-05 0.0377969 0.00196014 
6.5841e-05 0.00538019 0.0559969 0.0276882 0.218292 0.0777141 0.0851743 0.335742 0.0355203 0.0947527 0.0177291 0.0388807 0.00706381 
0.000311191 0.0057076 0.0440894 0.00803079 0.0638968 0.016848 0.0929067 0.278592 0.0079323 0.155909 0.067912 0.239651 0.0182131 
0.000639767 0.0184474 0.0395896 0.0326877 0.0662675 0.0221157 0.188714 0.241967 0.0144929 0.0986935 0.011845 0.237454 0.0270871 
6.36924e-05 0.00224261 0.0322009 0.00822104 0.107705 0.233243 0.0460654 0.271613 0.0125418 0.0820233 0.0022836 0.157599 0.0441973 
0.000266177 0.0936923 0.0757678 0.00655023 0.061985 0.00445256 0.00815843 0.550785 0.00560875 0.0518187 0.00622715 0.132911 0.00177614 
0.000124805 0.0108554 0.0446997 0.0330949 0.103929 0.0866501 0.0848685 0.214663 0.0307754 0.18869 0.0351596 0.141463 0.0250263 
6.15651e-05 0.00236892 0.0147996 0.00594584 0.231415 0.0660522 0.0190811 0.329826 0.123137 0.146041 0.0488293 0.00627731 0.00616444 
0.000393686 0.0605012 0.0390503 0.0106068 0.0959113 0.0175678 0.0313566 0.339751 0.0188795 0.150329 0.0105614 0.223941 0.00114928 
0.000526296 0.00115441 0.115637 0.0208195 0.113168 0.0676381 0.00963233 0.414803 0.0891589 0.0582789 0.00296693 0.0956264 0.0105898 
4.03324e-05 0.0032243 0.0669769 0.0147558 0.102202 0.157275 0.0421264 0.320069 0.0327333 0.0825141 0.0741063 0.096237 0.00773917 
0.000311191 0.0057076 0.0440894 0.00803079 0.0638968 0.016848 0.0929067 0.278592 0.0079323 0.155909 0.067912 0.239651 0.0182131 
3.78466e-05 0.00438979 0.120815 0.0305608 0.117864 0.0217759 0.041063 0.264146 0.0352933 0.129682 0.0507549 0.177909 0.00570849 
5.49371e-06 0.00270464 0.00574455 0.0220105 0.0791912 0.150646 0.0458557 0.595139 0.0235489 0.0431701 0.0199488 0.00669914 0.00533553 
4.15347e-05 0.00470306 0.0136534 0.0345906 0.169313 0.164165 0.0655499 0.409977 0.00367635 0.0629008 0.0370716 0.0224655 0.011893 
0.000204099 0.00328201 0.0645787 0.0311679 0.0683666 0.0935867 0.0270471 0.392205 0.0135905 0.174972 0.0115738 0.10063 0.0187959 
0.000181989 0.007902 0.070153 0.0155729 0.210594 0.0861224 0.0288372 0.285431 0.0183613 0.153477 0.00893782 0.107775 0.00665448 
0.000113574 0.00809203 0.110658 0.033664 0.171326 0.0762334 0.0317258 0.263065 0.0637545 0.139731 0.00989668 0.082687 0.00905252 
0.00120272 0.00103568 0.11727 0.0162312 0.207733 0.0653453 0.0147511 0.21269 0.0577731 0.119957 0.0103343 0.152137 0.02354 
5.36772e-06 0.00102084 0.0278657 0.00457229 0.0527437 0.0906357 0.0626923 0.311674 0.0293264 0.175987 0.00287706 0.152893 0.0877061 
5.37516e-05 0.00295193 0.107427 0.0174667 0.0721472 0.0604266 0.0389194 0.302138 0.0550226 0.158634 0.0148447 0.0962395 0.0737288 
2.52384e-06 0.00321378 0.0136147 0.00291368 0.0521542 0.0157208 0.0200021 0.64153 0.10144 0.051851 0.0153752 0.0719062 0.0102761 
0.00140553 0.000393922 0.0743118 0.000592374 0.120581 0.145361 0.00701769 0.312264 0.118603 0.0530729 4.66596e-06 0.161205 0.0051863 
0.00034615 0.00356873 0.0744876 0.0278883 0.267311 0.107504 0.0437041 0.282307 0.0289882 0.111061 0.000799109 0.0501259 0.00190863 
1.84493e-06 0.00320162 0.00878412 0.0213462 0.157387 0.162787 0.0617348 0.451321 0.00303749 0.0595839 0.0349173 0.0233856 0.0125112 
0.000100497 0.00334978 0.0530921 0.0219186 0.184188 0.0718113 0.0570254 0.234168 0.0823029 0.192498 0.0142308 0.0817334 0.00358157 
9.21623e-05 0.00793929 0.0976774 0.00436453 0.168052 0.0567433 0.015569 0.240373 0.0238145 0.228232 0.0446086 0.0979079 0.0146267 
0.000549429 0.00798603 0.0338534 0.00918291 0.0297255 0.196916 0.0565199 0.246705 0.00554049 0.230916 0.020034 0.150283 0.0117891 
7.00505e-05 0.00497342 0.0394935 0.00650407 0.0838041 0.0847912 0.0501775 0.338666 0.0622383 0.166269 0.0439436 0.11301 0.00605976 
0.00200675 0.00180414 0.0271324 0.0276562 0.0414043 0.0183747 0.108183 0.414821 0.0125797 0.177169 0.0455829 0.10975 0.013536 
1.77006e-06 0.00308508 0.0081893 0.0219233 0.157753 0.163059 0.0616015 0.459481 0.00263165 0.0557132 0.0328455 0.0221938 0.011522 
5.31562e-05 0.00205012 0.0150759 0.00610487 0.100692 0.0197544 0.0415708 0.4569 0.0222438 0.197715 0.0405379 0.0917546 0.00554759 
0.000819639 0.00459773 0.0456521 0.0235165 0.170433 0.0738388 0.162299 0.197956 0.0812233 0.139538 0.014564 0.0775563 0.00800674 
1.40541e-05 0.00204872 0.0333634 0.00580932 0.114302 0.130925 0.0860285 0.241511 0.0620933 0.162241 0.0191374 0.13146 0.0110669 
1.38644e-05 0.000314391 0.00526104 0.000648736 0.0879241 0.0962198 0.0243417 0.658454 0.0175947 0.0768749 0.0106344 0.0192408 0.00247763 
0.00034615 0.00356873 0.0744876 0.0278883 0.267311 0.107504 0.0437041 0.282307 0.0289882 0.111061 0.000799109 0.0501259 0.00190863 
0.000223165 0.0162024 0.0112642 0.0516301 0.127091 0.117173 0.0431819 0.336367 0.0131298 0.162368 0.010139 0.106821 0.00441045 
5.96389e-05 0.00542524 0.0658636 0.0157033 0.0663298 0.0317293 0.0323262 0.578843 0.0622313 0.0823419 0.0131323 0.036106 0.00990828 
0.00627304 0.00490059 0.0514338 0.0188299 0.123697 0.0748115 0.0808522 0.2159 0.104186 0.191606 0.0127526 0.0996104 0.0151455 
1.11943e-05 0.00135808 0.0317362 0.0113862 0.0827763 0.148928 0.0316702 0.373235 0.101395 0.124635 0.0182078 0.0586749 0.0159863 
3.88209e-05 0.00473465 0.01759 0.00241658 0.0821336 0.0396374 0.0661633 0.369019 0.0662207 0.208857 0.0428127 0.0932087 0.00716824 
0.000549429 0.00798603 0.0338534 0.00918291 0.0297255 0.196916 0.0565199 0.246705 0.00554049 0.230916 0.020034 0.150283 0.0117891 
0.000230746 0.00254438 0.0472958 0.0353687 0.0893387 0.0513396 0.0416443 0.341655 0.0795522 0.206614 0.0144361 0.0746887 0.0152914 
0.000196206 0.0102218 0.083538 0.0276699 0.0440342 0.0179413 0.185755 0.240874 0.0692079 0.155603 0.0581954 0.0888992 0.0178643 
0.0122437 0.00230258 0.0243802 0.00916857 0.0609955 0.120455 0.205279 0.303095 0.0297374 0.100361 0.00573748 0.124431 0.00181321 
0.000275438 0.00125143 0.0833378 0.0873867 0.117912 0.188652 0.0564523 0.344005 0.00697689 0.0500091 0.00745182 0.045907 0.0103821 
0.120451 0.102502 0.0557399 0.0132166 0.0777746 0.0398399 0.037084 0.242581 0.0399183 0.104025 0.000966907 0.161191 0.00470922 
0.00143171 0.00381056 0.0351405 0.0405755 0.116321 0.166693 0.0710846 0.302309 0.0179355 0.16221 0.00521093 0.0699142 0.00736402 
0.000331952 0.00448795 0.0257456 0.0257095 0.174457 0.0241473 0.0109096 0.401521 0.0356472 0.249212 0.0170971 0.0252672 0.00546757 
0.00485679 0.103596 0.0192885 0.00315488 0.0465669 0.0348279 0.0111849 0.395646 0.0488635 0.169158 0.0271577 0.109397 0.0263026 
0.000266177 0.0936923 0.0757678 0.00655023 0.061985 0.00445256 0.00815843 0.550785 0.00560875 0.0518187 0.00622715 0.132911 0.00177614 
0.000464835 0.0058215 0.024384 0.00951993 0.103778 0.0716884 0.0329328 0.391896 0.0402939 0.219007 0.0534294 0.0382588 0.0085263 
0.0510386 0.0844986 0.0165782 0.00235952 0.046133 0.0372405 0.030108 0.277278 0.0380907 0.204057 0.0259831 0.183532 0.00310342 
0.00018827 0.0198938 0.0455776 0.00730297 0.106689 0.0320483 0.0151712 0.320377 0.043551 0.201989 0.0120307 0.184255 0.0109258 
0.000469192 0.00210431 0.275134 0.0705618 0.100934 0.0748829 0.0125097 0.278407 0.027069 0.0583471 0.00752538 0.0786652 0.0133896 
0.000689621 0.117544 0.015168 0.0303499 0.0359435 0.0223066 0.0109626 0.335416 0.00833147 0.0890504 0.0421601 0.282605 0.00947304 
0.000181867 0.00347718 0.0521397 0.0937533 0.126569 0.0254063 0.0793458 0.250181 0.0473367 0.132301 0.0240437 0.162699 0.00256552 
8.2132e-05 0.00104799 0.0213263 0.0568376 0.239861 0.085038 0.0309974 0.425879 0.071587 0.0367244 0.0107644 0.0180362 0.00181858 
0.00010398 0.00247755 0.0243857 0.0071327 0.0793018 0.0308566 0.0214621 0.531567 0.095941 0.127553 0.0213878 0.0523164 0.00551404 
1.21403e-05 0.00814931 0.0780609 0.00932956 0.209543 0.0515272 0.0723031 0.229971 0.0973848 0.1554 0.0125596 0.0644199 0.0113395 
0.00040259 0.0049426 0.0338528 0.0197693 0.0519755 0.0932615 0.0182437 0.312461 0.00982212 0.256099 0.00099569 0.196689 0.0014847 
0.000507529 0.00099278 0.0109515 0.016551 0.0469446 0.06297 0.0208232 0.394355 0.00457824 0.332606 0.0305638 0.0775495 0.000607386 
0.00563798 0.00094055 0.09641 0.0356361 0.126752 0.0530104 0.0902494 0.288063 0.0572169 0.141872 0.00164705 0.0940463 0.00851872 
0.000549429 0.00798603 0.0338534 0.00918291 0.0297255 0.196916 0.0565199 0.246705 0.00554049 0.230916 0.020034 0.150283 0.0117891 
0.000126624 0.00297873 0.0427037 0.016022 0.0521556 0.0327791 0.0038732 0.335236 0.22631 0.238268 0.0102825 0.0314817 0.00778308 
8.76083e-05 0.00406969 0.0469238 0.00402891 0.0550836 0.0182012 0.0216438 0.577904 0.0598938 0.092445 0.0365943 0.0756892 0.00743507 
0.000170649 0.00289469 0.0288753 0.0559083 0.0636563 0.0159156 0.0758378 0.252572 0.02269 0.218005 0.0429705 0.187629 0.0328754 
0.000266177 0.0936923 0.0757678 0.00655023 0.061985 0.00445256 0.00815843 0.550785 0.00560875 0.0518187 0.00622715 0.132911 0.00177614 
0.000651918 0.00346738 0.0112963 0.0339077 0.0698581 0.0525601 0.131302 0.370994 0.0031128 0.190102 0.0291882 0.0685834 0.034977 
2.67095e-06 0.00412175 0.0943836 0.0241646 0.138778 0.135034 0.0360849 0.368748 0.031718 0.0794688 0.0109012 0.0696002 0.00699466 
0.000182577 0.0101987 0.046946 0.0258378 0.0420545 0.0310326 0.0796254 0.299735 0.0128387 0.11635 0.101264 0.226211 0.00772489 
7.26411e-07 0.000941361 0.03294 0.0126054 0.169965 0.09057 0.0657878 0.361201 0.0236081 0.133897 0.00619932 0.0923185 0.0099657 
2.31652e-05 0.0100521 0.103799 0.0277687 0.0382626 0.0187079 0.0617702 0.207994 0.00886895 0.144098 0.152899 0.189893 0.0358627 
0.00116654 0.0018958 0.0317565 0.00554227 0.109765 0.0858981 0.0935325 0.361962 0.0328865 0.209951 0.00835268 0.0534963 0.003795 
6.93124e-06 0.00100262 0.0555611 0.00876607 0.0710465 0.0247483 0.178469 0.329189 0.0461938 0.100465 0.0831694 0.0942316 0.00714995 
0.0122437 0.00230258 0.0243802 0.00916857 0.0609955 0.120455 0.205279 0.303095 0.0297374 0.100361 0.00573748 0.124431 0.00181321 
0.000622071 0.123286 0.109301 0.0188153 0.0929053 0.0184849 0.0123438 0.262359 0.0339942 0.160011 0.0196598 0.140505 0.00771316 
1.49527e-05 0.00262286 0.12529 0.0234752 0.14281 0.072006 0.125204 0.243196 0.032753 0.122099 0.0094789 0.0799951 0.0210544 
3.84797e-06 0.00522616 0.0814962 0.0301943 0.0276921 0.0294667 0.0202976 0.477599 0.0876807 0.168824 0.00744306 0.0547761 0.00929976 
0.00171873 0.0036597 0.0448176 0.0302263 0.0638491 0.10348 0.127168 0.250996 0.0476155 0.186857 0.020009 0.0926262 0.0269763 
0.001123 0.00398475 0.0224854 0.0130441 0.0598704 0.0321249 0.179145 0.32319 0.00749582 0.148091 0.0185544 0.166155 0.0247358 
0.120451 0.102502 0.0557399 0.0132166 0.0777746 0.0398399 0.037084 0.242581 0.0399183 0.104025 0.000966907 0.161191 0.00470922 
3.87731e-05 0.00651482 0.0450017 0.0108327 0.0813682 0.0536696 0.0336347 0.343017 0.163702 0.159655 0.0158395 0.0797132 0.00701282 
2.29782e-06 0.000420074 0.00339245 0.000326156 0.0692066 0.0550915 0.00459001 0.748703 0.0268991 0.0541669 0.0257339 0.00891508 0.00255303 
0.000549429 0.00798603 0.0338534 0.00918291 0.0297255 0.196916 0.0565199 0.246705 0.00554049 0.230916 0.020034 0.150283 0.0117891 
8.06662e-05 0.0328159 0.047677 0.0176224 0.150031 0.0153459 0.050477 0.293937 0.0211299 0.145139 0.0170893 0.197713 0.0109428 
0.000160723 0.00265152 0.0666564 0.00894742 0.117428 0.0616151 0.00788739 0.439489 0.172984 0.0937639 0.01755 0.00602548 0.00484163 
8.10128e-05 0.000128466 0.114566 0.00314859 0.0928199 0.114767 0.011519 0.567442 0.0385099 0.0377806 7.57917e-05 0.0176028 0.00155851 
1.75348e-05 0.000848326 0.102559 0.131352 0.0225479 0.00298566 0.00253847 0.504309 0.0195275 0.096039 8.3838e-06 0.114111 0.00315646 
0.000651918 0.00346738 0.0112963 0.0339077 0.0698581 0.0525601 0.131302 0.370994 0.0031128 0.190102 0.0291882 0.0685834 0.034977 
0.000697021 8.83228e-05 0.0154438 0.000715127 0.0663825 0.113156 0.0240359 0.317347 0.0136841 0.242402 0.0118873 0.190974 0.00318666 
0.00127558 0.00094212 0.0423324 0.00607549 0.021408 0.0220275 0.0154598 0.747062 0.0124564 0.0837139 0.00139338 0.0242638 0.0215897 
3.15086e-06 0.00800508 0.00545319 0.00482561 0.0482574 0.0242054 0.0349471 0.612648 0.0767402 0.0676171 0.0824031 0.016727 0.0181675 
0.000721003 0.0265348 0.04292 0.0722818 0.128212 0.0470254 0.0352141 0.366194 0.0313932 0.142874 0.0191958 0.0605717 0.0268623 
9.96836e-05 0.108026 0.0370881 0.00372197 0.0173272 0.0137917 0.0250381 0.341605 0.0449597 0.211263 0.0529165 0.138198 0.00596482 
9.49114e-06 0.00194619 0.0159504 0.00543648 0.021522 0.0396309 0.0325766 0.624559 0.0988141 0.0483042 0.0276013 0.0682086 0.0154407 
3.37236e-05 0.00169685 0.00977802 0.00325425 0.0196181 0.0190358 0.014672 0.744262 0.128415 0.031839 0.00834668 0.00779958 0.0112486 
1.33654e-06 7.6948e-05 0.050476 0.0228745 0.0429558 0.00124075 0.00445813 0.425714 0.0018144 0.415658 3.78285e-06 0.0346652 6.05718e-05 
0.00015364 0.0622857 0.0195122 0.00752356 0.0833593 0.0299422 0.0451835 0.334347 0.0274468 0.0938223 0.140127 0.151717 0.00457978 
0.000549429 0.00798603 0.0338534 0.00918291 0.0297255 0.196916 0.0565199 0.246705 0.00554049 0.230916 0.020034 0.150283 0.0117891 
0.00096509 0.00380867 0.029807 0.0194175 0.0773986 0.101882 0.0520826 0.348621 0.0209898 0.311395 0.00290015 0.0298186 0.000913832 
0.000393686 0.0605012 0.0390503 0.0106068 0.0959113 0.0175678 0.0313566 0.339751 0.0188795 0.150329 0.0105614 0.223941 0.00114928 
1.41383e-05 0.000190818 0.00983042 0.00255989 0.0119542 0.0515542 0.00283651 0.856345 0.0166233 0.0190978 0.00173996 0.0253756 0.00187871 
1.30505e-06 0.00268323 0.0186369 0.0249516 0.201405 0.177724 0.0608088 0.401578 0.00192069 0.0568691 0.0228088 0.0166809 0.013932 
3.60656e-05 0.00277659 0.0135943 0.0136767 0.0382036 0.0839739 0.0399135 0.3453 0.0213995 0.273232 0.0188878 0.143007 0.00599974 
0.001123 0.00398475 0.0224854 0.0130441 0.0598704 0.0321249 0.179145 0.32319 0.00749582 0.148091 0.0185544 0.166155 0.0247358 
5.31562e-05 0.00205012 0.0150759 0.00610487 0.100692 0.0197544 0.0415708 0.4569 0.0222438 0.197715 0.0405379 0.0917546 0.00554759 
5.31562e-05 0.00205012 0.0150759 0.00610487 0.100692 0.0197544 0.0415708 0.4569 0.0222438 0.197715 0.0405379 0.0917546 0.00554759 
0.000549429 0.00798603 0.0338534 0.00918291 0.0297255 0.196916 0.0565199 0.246705 0.00554049 0.230916 0.020034 0.150283 0.0117891 
0.00173134 0.00377615 0.0680838 0.0140791 0.113769 0.164404 0.0405989 0.280372 0.103708 0.147486 0.00589472 0.044842 0.0112553 
0.000486949 0.113695 0.0177275 0.0149561 0.0218939 0.00972951 0.0106472 0.417251 0.0358718 0.134094 0.0164546 0.204074 0.00311866 
2.86067e-07 0.00359666 0.17841 0.0045965 0.237703 0.0461868 0.0302884 0.268797 0.0479185 0.128911 0.026709 0.0104768 0.016406 
3.15808e-06 0.0157061 0.289144 0.00227154 0.154277 0.0216535 0.00755706 0.305694 0.103545 0.0539799 0.000846504 0.0241936 0.0211281 
6.93124e-06 0.00100262 0.0555611 0.00876607 0.0710465 0.0247483 0.178469 0.329189 0.0461938 0.100465 0.0831694 0.0942316 0.00714995 
0.000343035 0.000405476 0.00520573 0.00813399 0.0463555 0.0602328 0.0241478 0.551054 0.0260664 0.205576 0.000590694 0.0671691 0.00471985 
2.90012e-06 0.000163488 0.0374168 0.00951205 0.172778 0.0524186 0.0226461 0.224816 0.0714943 0.200636 0.00227455 0.205463 0.000377439 
0.000401328 0.00685534 0.054446 0.0575906 0.173879 0.16964 0.042233 0.195285 0.00698043 0.174192 0.0260171 0.080598 0.0118826 
0.000486949 0.113695 0.0177275 0.0149561 0.0218939 0.00972951 0.0106472 0.417251 0.0358718 0.134094 0.0164546 0.204074 0.00311866 
0.0121897 0.00243289 0.0539794 0.112777 0.0308595 0.0706627 0.0967302 0.215014 0.00179297 0.165005 0.00586074 0.18342 0.0492763 
5.41637e-05 0.00250251 0.0350825 0.0419346 0.0932291 0.149498 0.0994393 0.365218 0.0757132 0.0652407 0.0294205 0.0134897 0.029178 
0.000461194 0.00426467 0.0376004 0.00956396 0.0765333 0.0180597 0.263481 0.269394 0.0397127 0.0708349 0.00473183 0.195825 0.00953773 
0.000651918 0.00346738 0.0112963 0.0339077 0.0698581 0.0525601 0.131302 0.370994 0.0031128 0.190102 0.0291882 0.0685834 0.034977 
1.85335e-05 0.00273175 0.026648 0.00355043 0.0294227 0.0458425 0.0412669 0.325407 0.129048 0.314279 0.00203509 0.0650584 0.0146918 
0.000310882 0.00304581 0.0775254 0.0203614 0.240925 0.0160757 0.00322366 0.425078 0.0378775 0.116391 0.016406 0.0404006 0.00237909 
9.54905e-06 0.00178482 0.0139577 0.00605711 0.0706773 0.135283 0.0757712 0.546402 0.0402217 0.0712518 0.0107076 0.019215 0.00866159 
0.000117194 0.00339669 0.0603317 0.0257777 0.111105 0.0478456 0.021296 0.278047 0.0986504 0.268722 0.0112816 0.0570661 0.016363 
0.000143313 0.0272122 0.104714 0.0483884 0.0577689 0.0366496 0.0685045 0.222129 0.0833106 0.195711 0.00524081 0.108169 0.0420576 
5.4581e-07 4.9171e-05 0.00191011 0.00110271 0.246746 0.0266351 0.0041182 0.407618 0.112049 0.155929 0.0409234 0.00229412 0.000624855 
1.96827e-06 0.00230154 0.0190813 0.0059766 0.20744 0.0413895 0.0322003 0.331514 0.1607 0.12118 0.0222657 0.0447392 0.0112109 
0.000549429 0.00798603 0.0338534 0.00918291 0.0297255 0.196916 0.0565199 0.246705 0.00554049 0.230916 0.020034 0.150283 0.0117891 
9.64386e-05 0.00152325 0.0505041 0.00365992 0.0436926 0.00770874 0.0762832 0.546438 0.0261162 0.0991055 0.0131117 0.129085 0.00267493 
3.97143e-06 0.0116726 0.111889 0.0218857 0.0548063 0.0175225 0.0758236 0.304637 0.0254999 0.204229 0.0440391 0.115988 0.012004 
8.67748e-05 0.00961208 0.0344458 0.0312533 0.024362 0.0183003 0.018463 0.391917 0.105176 0.217058 0.0218689 0.107716 0.0197408 
0.000524284 0.0437064 0.0187053 0.00280666 0.10423 0.146484 0.0623678 0.445341 0.00809886 0.102868 0.0293001 0.0304253 0.00514155 
0.000689621 0.117544 0.015168 0.0303499 0.0359435 0.0223066 0.0109626 0.335416 0.00833147 0.0890504 0.0421601 0.282605 0.00947304 
0.000513366 0.000154336 0.112308 0.0535815 0.142923 0.0499993 0.0348278 0.250422 0.0452343 0.23794 4.29969e-05 0.0688479 0.00320612 
5.31562e-05 0.00205012 0.0150759 0.00610487 0.100692 0.0197544 0.0415708 0.4569 0.0222438 0.197715 0.0405379 0.0917546 0.00554759 
5.85998e-05 0.00470551 0.0656182 0.0430206 0.200742 0.0403693 0.202736 0.211027 0.0149301 0.128651 0.0139515 0.0638599 0.0103299 
4.41166e-05 0.00212604 0.128444 0.0198217 0.0989968 0.0179333 0.00297878 0.369417 0.152263 0.121687 0.0256039 0.0588396 0.00184525 
6.32141e-05 0.000690323 0.0718811 0.0112165 0.191096 0.054845 0.0248961 0.390478 0.0868982 0.14291 0.00289433 0.0185715 0.00356005 
0.283775 0.00669829 0.017519 0.0142071 0.0906661 0.0431543 0.0132983 0.319494 0.0542738 0.0357584 0.00423086 0.114582 0.00234209 
0.000335345 0.0327548 0.0280735 0.0412731 0.057633 0.0107741 0.0593975 0.35948 0.0152098 0.0433852 0.00840507 0.304874 0.0384044 
2.14041e-06 0.00194798 0.0664189 0.028228 0.213719 0.0179659 0.0411932 0.231132 0.087741 0.20249 0.00699895 0.0999561 0.00220708 
0.000331952 0.00448795 0.0257456 0.0257095 0.174457 0.0241473 0.0109096 0.401521 0.0356472 0.249212 0.0170971 0.0252672 0.00546757 
0.000549429 0.00798603 0.0338534 0.00918291 0.0297255 0.196916 0.0565199 0.246705 0.00554049 0.230916 0.020034 0.150283 0.0117891 
0.000131627 0.00603103 0.0265764 0.00644186 0.0838692 0.0342158 0.110266 0.308652 0.196439 0.123983 0.0400806 0.0552818 0.00803106 
0.00023815 0.00198893 0.00707282 0.0250313 0.0657358 0.0486757 0.133393 0.410493 0.00176879 0.182288 0.0203582 0.0685515 0.0344057 
1.8689e-06 0.00337229 0.00848954 0.0201983 0.148898 0.156682 0.0600242 0.457719 0.0032274 0.0655813 0.037171 0.0251212 0.0135141 
0.00238468 0.0078919 0.0347745 0.0140297 0.12024 0.0622455 0.0601083 0.342567 0.0645532 0.160157 0.041915 0.0709665 0.0181666 
0.000651918 0.00346738 0.0112963 0.0339077 0.0698581 0.0525601 0.131302 0.370994 0.0031128 0.190102 0.0291882 0.0685834 0.034977 
2.46603e-07 0.00205475 7.21181e-06 0.00055331 0.0216914 0.00870365 0.0214982 0.561525 0.00224791 0.0410885 0.331345 0.00272248 0.00656269 
0.00388269 0.0457599 0.00499841 0.0601165 0.0246865 0.026459 0.0108107 0.531762 0.0369779 0.120855 0.0151345 0.0877818 0.0307753 
0.000622071 0.123286 0.109301 0.0188153 0.0929053 0.0184849 0.0123438 0.262359 0.0339942 0.160011 0.0196598 0.140505 0.00771316 
0.0218469 0.00142952 0.13002 0.0901503 0.220155 0.0127775 0.00556958 0.278226 0.0274328 0.134723 0.000161686 0.0772565 0.000250846 
8.39076e-06 0.010515 0.0203616 0.0594332 0.204638 0.0593411 0.0326238 0.287688 0.0283263 0.240398 0.0253766 0.0253471 0.00594372 
6.79726e-05 0.0117612 0.0630139 0.0156207 0.103193 0.035994 0.111184 0.288692 0.00975041 0.126917 0.0120495 0.217288 0.00446971 
4.40272e-05 0.000636606 0.0737102 0.0103063 0.0811835 0.140227 0.0190189 0.578131 0.0364439 0.0272716 0.00109752 0.0257504 0.00617914 
0.000114883 0.00249171 0.04909 0.0108926 0.0816106 0.247755 0.0445678 0.25616 0.0573874 0.154457 0.0449198 0.0461003 0.00445287 
0.000152092 0.00109632 0.0201116 0.0123136 0.14576 0.130062 0.0675321 0.408118 0.0396348 0.109614 0.0305341 0.0317674 0.0033033 
0.00124911 0.00437776 0.0598408 0.11264 0.0316042 0.0923498 0.0479795 0.347291 0.148051 0.06741 0.00735889 0.0456794 0.0341679 
0.0317201 0.0911727 0.0159816 0.0306688 0.0426087 0.0607018 0.00217158 0.364746 0.0663505 0.11967 0.00132161 0.171848 0.00103957 
6.91256e-05 0.00594347 0.0201154 0.0186277 0.0994859 0.0393272 0.134327 0.344122 0.0546413 0.182581 0.0266647 0.0669352 0.00716017 
9.51027e-06 0.000988084 0.0430451 0.000302098 0.00313512 0.0245524 0.000878912 0.848399 0.00308938 0.0162898 0.000308842 0.0575224 0.00147914 
0.000107646 0.00153978 0.264222 0.0846153 0.0778082 0.0800992 0.0339798 0.272896 0.00400509 0.0888462 7.83307e-06 0.084051 0.00782224 
0.000328032 0.00105513 0.0593499 0.0143146 0.186107 0.0618578 0.0352536 0.288178 0.124922 0.1223 0.0116019 0.0813908 0.0133417 
0.000413871 0.000986582 0.0443862 0.0903322 0.143979 0.115626 0.0287582 0.326411 0.00146245 0.0397749 0.00482389 0.201451 0.00159574 
6.93522e-05 0.00272527 0.103885 0.0280762 0.244434 0.0739749 0.10806 0.264113 0.02264 0.0715547 0.02365 0.0477173 0.00909986 
0.0017741 0.00347413 0.107677 0.0107435 0.199514 0.10502 0.0701881 0.30612 0.0466579 0.113057 0.0076352 0.0242972 0.00384159 
3.17873e-05 0.0233869 0.025159 0.0307001 0.00869219 0.0110656 0.0422996 0.285511 0.00948463 0.081441 0.205207 0.205142 0.0718792 
3.42127e-06 1.97735e-06 0.11949 0.00736861 0.264795 0.0510134 0.0414121 0.400644 0.0970772 0.0050525 0.00854709 0.00323069 0.00136445 
4.74904e-05 0.00901031 0.0579349 0.00980982 0.135496 0.0542983 0.0445785 0.34028 0.015536 0.148372 0.0768797 0.0945179 0.0132393 
0.000304635 0.000474603 0.109248 0.0242769 0.104563 0.138034 0.00738192 0.231868 0.210631 0.126512 0.000182561 0.0347223 0.0118021 
0.00478222 0.00368288 0.0211287 0.0141451 0.0216294 0.0157152 0.0137582 0.62839 0.00746047 0.0879358 0.0306631 0.146114 0.00459557 
5.86552e-05 0.0027821 0.00703025 0.0165631 0.0669626 0.0228276 0.105243 0.295269 0.227491 0.138128 0.0408745 0.062522 0.0142487 
0.000549429 0.00798603 0.0338534 0.00918291 0.0297255 0.196916 0.0565199 0.246705 0.00554049 0.230916 0.020034 0.150283 0.0117891 
0.000549429 0.00798603 0.0338534 0.00918291 0.0297255 0.196916 0.0565199 0.246705 0.00554049 0.230916 0.020034 0.150283 0.0117891 
0.00189262 0.0235166 0.178737 0.0478934 0.0835054 0.0394367 0.0549505 0.281116 0.118055 0.0943413 0.009549 0.0535955 0.01341 
2.2372e-05 0.000200643 0.0325222 0.0272064 0.117887 0.027489 0.0388096 0.533025 0.00369495 0.187992 0.000146637 0.0285431 0.00246059 
0.0132035 0.000205174 0.0696355 0.031378 0.133012 0.0553866 0.101807 0.242393 0.185088 0.0966894 0.00172141 0.0668139 0.00266588 
0.000156299 4.42798e-05 0.0853916 0.00184436 0.10805 0.0980558 0.0167541 0.492451 0.0190938 0.099164 5.85751e-05 0.0781958 0.000740731 
6.34736e-05 0.00189022 0.0576088 0.0179696 0.229498 0.051926 0.00459818 0.296506 0.0488265 0.0634597 0.0300644 0.191028 0.00656108 
0.0317201 0.0911727 0.0159816 0.0306688 0.0426087 0.0607018 0.00217158 0.364746 0.0663505 0.11967 0.00132161 0.171848 0.00103957 
0.000301667 0.0226313 0.0211824 0.0316774 0.074594 0.0138684 0.0492033 0.321538 0.0164491 0.0644276 0.0661257 0.28189 0.0361107 
6.82779e-06 0.00232438 0.0715541 0.0167514 0.0894912 0.00835804 0.0339479 0.298313 0.189726 0.213529 0.0215642 0.0404086 0.0140252 
0.000572254 0.000557274 0.0795516 0.0228145 0.0986266 0.024587 0.0365128 0.341508 0.0130993 0.20396 0.00495179 0.169319 0.00393947 
2.2372e-05 0.000200643 0.0325222 0.0272064 0.117887 0.027489 0.0388096 0.533025 0.00369495 0.187992 0.000146637 0.0285431 0.00246059 
0.000393686 0.0605012 0.0390503 0.0106068 0.0959113 0.0175678 0.0313566 0.339751 0.0188795 0.150329 0.0105614 0.223941 0.00114928 
1.34625e-05 0.00307201 0.0412961 0.0017635 0.0501928 0.0159594 0.0191607 0.614032 0.0586002 0.0840817 0.0303657 0.0750302 0.00643213 
8.93481e-06 0.00279371 0.051399 0.00522609 0.0738795 0.0548342 0.0451358 0.464816 0.0648491 0.151892 0.0203432 0.0375338 0.027289 
4.96955e-06 0.000930896 0.0174641 0.00164866 0.215021 0.0553762 0.0442484 0.277547 0.0292527 0.232121 0.033502 0.0724116 0.0204721 
0.000212281 0.00546252 0.0611035 0.00774875 0.182867 0.0335423 0.00579946 0.349988 0.0185267 0.116366 0.00708333 0.209562 0.00173751 
2.47289e-05 0.00112599 0.0106731 0.00414304 0.0425207 0.0596585 0.0617795 0.24304 0.0640128 0.115869 0.0162996 0.223388 0.157465 
0.00034615 0.00356873 0.0744876 0.0278883 0.267311 0.107504 0.0437041 0.282307 0.0289882 0.111061 0.000799109 0.0501259 0.00190863 
0.000549429 0.00798603 0.0338534 0.00918291 0.0297255 0.196916 0.0565199 0.246705 0.00554049 0.230916 0.020034 0.150283 0.0117891 
5.52351e-06 0.00206176 0.0160978 0.0153868 0.0566885 0.0204827 0.0265741 0.351451 0.0109456 0.168154 0.0151554 0.310775 0.00622217 
1.31731e-05 0.000389255 0.138745 0.0396511 0.144744 0.00765128 0.00259115 0.455638 0.0487601 0.0197616 0.00188611 0.136059 0.00411138 
0.000514567 0.0156626 0.0174838 0.0120472 0.172759 0.0644093 0.0169911 0.254632 0.00930821 0.254587 0.0224968 0.153003 0.00610576 
6.06019e-06 0.000768186 0.0475935 0.000623798 0.194358 0.0765143 0.0581489 0.368643 0.0894607 0.122394 0.0199952 0.0174804 0.00401434 
0.000537858 0.0211677 0.0747795 0.112463 0.0753719 0.0275916 0.0543989 0.286932 0.0287237 0.137501 0.00404713 0.15111 0.025376 
0.000266177 0.0936923 0.0757678 0.00655023 0.061985 0.00445256 0.00815843 0.550785 0.00560875 0.0518187 0.00622715 0.132911 0.00177614 
0.000393686 0.0605012 0.0390503 0.0106068 0.0959113 0.0175678 0.0313566 0.339751 0.0188795 0.150329 0.0105614 0.223941 0.00114928 
0.0514476 0.0100075 0.099108 0.0643047 0.203225 0.0122333 0.0588918 0.309509 0.00417183 0.0882475 0.000164097 0.0967148 0.00197488 
0.000132615 0.0196588 0.0838895 0.00589465 0.107985 0.0130292 0.00235641 0.420227 0.00796951 0.305056 5.53342e-05 0.0302132 0.00353302 
0.120451 0.102502 0.0557399 0.0132166 0.0777746 0.0398399 0.037084 0.242581 0.0399183 0.104025 0.000966907 0.161191 0.00470922 
0.000152092 0.00109632 0.0201116 0.0123136 0.14576 0.130062 0.0675321 0.408118 0.0396348 0.109614 0.0305341 0.0317674 0.0033033 
0.0317201 0.0911727 0.0159816 0.0306688 0.0426087 0.0607018 0.00217158 0.364746 0.0663505 0.11967 0.00132161 0.171848 0.00103957 
0.000393686 0.0605012 0.0390503 0.0106068 0.0959113 0.0175678 0.0313566 0.339751 0.0188795 0.150329 0.0105614 0.223941 0.00114928 
7.85266e-05 0.00779104 0.0489499 0.0130039 0.104618 0.0406323 0.0629149 0.337635 0.0340641 0.136866 0.00685167 0.194898 0.0116958 
0.000183739 0.00699754 0.00401206 0.0262513 0.0221863 0.0827123 0.030411 0.595929 0.00256712 0.152212 0.0431165 0.0204775 0.0129433 
3.55413e-05 0.00188536 0.00356256 0.0207982 0.0382676 0.0425262 0.0502228 0.362894 0.0219131 0.299742 0.0151854 0.136683 0.00628405 
1.80649e-06 0.0128256 0.0642048 0.0103123 0.0933016 0.0488171 0.0253769 0.510383 0.0532994 0.0912997 0.021951 0.0556428 0.012584 
0.000126624 0.00297873 0.0427037 0.016022 0.0521556 0.0327791 0.0038732 0.335236 0.22631 0.238268 0.0102825 0.0314817 0.00778308 
1.22141e-05 0.00123585 0.112283 0.0349033 0.0688973 0.0536555 0.172815 0.196755 0.00848807 0.100715 0.0663793 0.179511 0.00434886 
4.84082e-05 0.00613434 0.0832442 0.0173436 0.0566216 0.0390438 0.0124027 0.567254 0.134365 0.0475272 0.00765773 0.0229161 0.00544142 
4.74904e-05 0.00901031 0.0579349 0.00980982 0.135496 0.0542983 0.0445785 0.34028 0.015536 0.148372 0.0768797 0.0945179 0.0132393 
1.85943e-06 0.00317356 0.00862024 0.0213995 0.158749 0.163852 0.0621165 0.451251 0.00289781 0.0581092 0.0345046 0.0232804 0.012044 
0.000226106 0.00417395 0.0423087 0.0205838 0.0986792 0.045444 0.0410693 0.386368 0.00740344 0.208328 0.00753245 0.11739 0.0204932 
0.00120419 0.00286335 0.0126251 0.0060067 0.152493 0.0809715 0.131179 0.275201 0.00700633 0.234146 0.0183296 0.0635395 0.0144361 
4.50565e-05 0.00149236 0.0171746 0.00391167 0.11687 0.0882499 0.0836457 0.409962 0.0340931 0.170879 0.0308945 0.0398619 0.00292065 
0.000131363 0.000972549 0.0693079 0.00216312 0.115998 0.0495821 0.0173075 0.388115 0.0765737 0.139784 0.00376645 0.11884 0.0174578 
1.3635e-05 0.00307738 0.00479783 0.00194147 0.0886165 0.059111 0.0334871 0.483837 0.17912 0.0935199 0.0288636 0.0170179 0.0065969 
0.000100441 0.00552674 0.0398095 0.0140927 0.154053 0.175157 0.0382261 0.263035 0.0301761 0.151784 0.00921701 0.11495 0.00387153 
0.000131429 0.00593665 0.122796 0.00613213 0.15409 0.072118 0.0174923 0.218973 0.130894 0.19518 0.0160141 0.0440636 0.016178 
0.0169864 0.00113848 0.0375497 0.0106305 0.138326 0.034455 0.198718 0.243077 0.000887642 0.0491681 0.180619 0.0285756 0.0598688 
0.000689621 0.117544 0.015168 0.0303499 0.0359435 0.0223066 0.0109626 0.335416 0.00833147 0.0890504 0.0421601 0.282605 0.00947304 
0.0190297 0.000408282 0.0148368 0.00289518 0.0759207 0.0448812 0.0153395 0.562561 0.0585007 0.0506639 0.00725884 0.143154 0.00455005 
0.000564468 0.000977296 0.0124522 0.00252397 0.0816371 0.0699151 0.0887464 0.445584 0.0203356 0.240223 0.00482922 0.0283086 0.00390222 
1.92873e-05 0.00114524 0.0212732 0.016947 0.0559553 0.117166 0.0475265 0.601962 0.00377648 0.035794 0.00863078 0.0559975 0.0338068 
0.00182855 0.000414522 0.0242931 0.00180497 0.0366939 0.0458703 0.0224703 0.571945 0.00819334 0.112028 0.0282674 0.141601 0.00458888 
6.88952e-05 0.00256939 0.0523222 0.0206605 0.122139 0.0611105 0.0508478 0.372888 0.101467 0.129947 0.017667 0.0567792 0.0115338 
0.000374344 0.00739001 0.0171728 0.0446054 0.0520894 0.0712804 0.0830798 0.289591 0.0763542 0.18869 0.0165755 0.103143 0.0496539 
0.000331952 0.00448795 0.0257456 0.0257095 0.174457 0.0241473 0.0109096 0.401521 0.0356472 0.249212 0.0170971 0.0252672 0.00546757 
0.00116654 0.0018958 0.0317565 0.00554227 0.109765 0.0858981 0.0935325 0.361962 0.0328865 0.209951 0.00835268 0.0534963 0.003795 
6.84439e-08 0.000232081 0.0562287 0.0218696 0.234636 0.00384478 0.035581 0.276031 0.00389557 0.105116 0.00346118 0.25874 0.000363596 
1.12685e-05 0.00272735 0.00827143 0.0137917 0.068032 0.0542149 0.202707 0.309993 0.00596427 0.169928 0.017035 0.143874 0.00344913 
2.75145e-05 0.00681202 0.0152753 0.00359552 0.0963878 0.315498 0.0173636 0.45748 0.0125769 0.0369815 0.0194872 0.0140209 0.00449387 
0.000188636 0.0610065 0.0265732 0.00197301 0.0780293 0.0301153 0.0341481 0.474819 0.0132543 0.114823 0.0261153 0.132949 0.0060043 
2.202e-05 0.0117679 0.143333 0.0114465 0.0943828 0.0707123 0.0342698 0.221208 0.18281 0.0669932 0.012414 0.133442 0.0171985 
0.00282704 0.0533178 0.0315548 0.0175637 0.0675924 0.0343595 0.0112113 0.26681 0.0066119 0.231128 0.0154001 0.26042 0.00120314 
1.77109e-06 0.00321528 0.0079913 0.0211331 0.150759 0.157768 0.0597054 0.465027 0.00282044 0.0611397 0.034506 0.0234624 0.0124709 
3.19048e-05 0.000252259 0.00822709 0.000856686 0.129805 0.109818 0.0574383 0.59425 0.00532667 0.0556464 0.00265982 0.0337425 0.00194486 
0.000211934 0.00219579 0.0606527 0.0173864 0.0566249 0.0135298 0.0298921 0.367586 0.223333 0.101456 0.00162772 0.115872 0.00963249 
5.23332e-06 0.00171695 0.0102389 0.00195083 0.0981722 0.00717728 0.00766694 0.608379 0.0691366 0.120941 0.00975473 0.0626176 0.00224271 
6.70713e-05 0.00140045 0.150627 0.013016 0.116197 0.016384 0.00516628 0.378674 0.0571527 0.13415 0.00375768 0.12211 0.00129801 
8.9009e-05 0.00237897 0.0318818 0.00617527 0.0687634 0.24781 0.060424 0.341172 0.00621906 0.17941 0.0210371 0.0254205 0.00921885 
0.000331952 0.00448795 0.0257456 0.0257095 0.174457 0.0241473 0.0109096 0.401521 0.0356472 0.249212 0.0170971 0.0252672 0.00546757 
8.28137e-05 0.00588978 0.00698856 0.0647058 0.0820018 0.266826 0.0953339 0.382619 0.0246603 0.0387739 0.018741 0.00508727 0.00829045 
2.2026e-05 0.00294269 0.00144543 0.0394795 0.0162376 0.0440726 0.0165362 0.522825 0.00165099 0.0908033 0.19657 0.0628437 0.00457159 
0.000672208 0.00590641 0.0836399 0.00836014 0.0708674 0.0364659 0.0849192 0.257299 0.0617532 0.185206 0.0177734 0.174901 0.0122363 
0.000517627 0.00294354 0.0920952 0.0106752 0.143255 0.210356 0.0149607 0.28259 0.0158176 0.143026 0.0559241 0.0218329 0.00600678 
8.23285e-05 0.00926773 0.0249506 0.0205578 0.125667 0.0563238 0.130895 0.258775 0.011828 0.138236 0.107538 0.100028 0.0158503 
8.46287e-05 0.00657395 0.0723353 0.00546929 0.10981 0.115923 0.0252918 0.391518 0.074703 0.102228 0.0126038 0.06506 0.0184 
7.17317e-05 0.00168918 0.05002 0.0247859 0.119185 0.0377861 0.105841 0.285696 0.0229135 0.0664748 0.0821292 0.1728 0.0306074 
0.000689621 0.117544 0.015168 0.0303499 0.0359435 0.0223066 0.0109626 0.335416 0.00833147 0.0890504 0.0421601 0.282605 0.00947304 
0.000549429 0.00798603 0.0338534 0.00918291 0.0297255 0.196916 0.0565199 0.246705 0.00554049 0.230916 0.020034 0.150283 0.0117891 
0.000143634 0.0418689 0.0891791 0.00962064 0.0907855 0.0165949 0.0227562 0.395804 0.00992708 0.130655 0.0291006 0.155088 0.00847586 
9.98867e-05 0.00437753 0.0230126 0.0017482 0.0589168 0.0291855 0.0498196 0.333527 0.0376845 0.269073 0.0312684 0.154036 0.00725116 
6.5841e-05 0.00538019 0.0559969 0.0276882 0.218292 0.0777141 0.0851743 0.335742 0.0355203 0.0947527 0.0177291 0.0388807 0.00706381 
6.29115e-05 2.82255e-05 0.0175501 0.00755325 0.150073 0.115933 0.0501992 0.349092 0.160667 0.116157 0.0227666 0.00973302 0.000184797 
0.000266177 0.0936923 0.0757678 0.00655023 0.061985 0.00445256 0.00815843 0.550785 0.00560875 0.0518187 0.00622715 0.132911 0.00177614 
6.68505e-05 0.00189066 0.0838091 0.00919973 0.0452772 0.150362 0.02306 0.184957 0.170814 0.161028 0.0148067 0.144817 0.00991072 
0.00263026 0.00275871 0.0585776 0.00530074 0.112729 0.0503341 0.03726 0.435174 0.0258098 0.108145 0.0109565 0.134143 0.0161827 
1.55984e-05 0.0031376 0.105118 0.0103516 0.0913243 0.0760359 0.175284 0.237879 0.0590793 0.151283 0.0240835 0.0597867 0.00662105 
1.80639e-06 0.00311135 0.00850388 0.0219445 0.160193 0.165062 0.0624651 0.453297 0.00272842 0.0553804 0.0333974 0.0222883 0.0116261 
0.000335345 0.0327548 0.0280735 0.0412731 0.057633 0.0107741 0.0593975 0.35948 0.0152098 0.0433852 0.00840507 0.304874 0.0384044 
0.00380573 0.00397812 0.048212 0.0138455 0.162979 0.180139 0.0226779 0.185523 0.147853 0.173452 0.000439521 0.0383551 0.0187397 
3.24723e-05 0.0511098 0.0286345 0.0183134 0.0319431 0.049232 0.0449558 0.338387 0.019108 0.266904 0.00772037 0.129814 0.0138458 
0.00013122 0.0007069 0.0859535 0.00113855 0.0714667 0.0886657 0.0505442 0.372706 0.0717378 0.135515 0.0104297 0.100246 0.0107579 
6.93124e-06 0.00100262 0.0555611 0.00876607 0.0710465 0.0247483 0.178469 0.329189 0.0461938 0.100465 0.0831694 0.0942316 0.00714995 
0.000346336 0.00196997 0.0445732 0.00525935 0.0465381 0.064518 0.0237887 0.477958 0.0132312 0.0982406 0.0582387 0.156289 0.00904844 
0.000742471 0.00202315 0.0415611 0.00550252 0.115803 0.0440523 0.168439 0.202421 0.111341 0.16905 0.00892657 0.128886 0.00125119 
0.000159203 0.0031407 0.0181389 0.0031247 0.0775324 0.0292449 0.0311678 0.601248 0.0856367 0.0768448 0.0251523 0.0434006 0.0052091 
1.12378e-05 0.00134058 0.0165393 0.0233169 0.0788258 0.0150615 0.0354367 0.507512 0.0153298 0.225508 0.0515363 0.0261828 0.00339933 
1.82064e-06 0.00318491 0.00848034 0.02162 0.155753 0.162492 0.0618316 0.453959 0.00293524 0.0596008 0.034511 0.0232618 0.0123689 
0.000206046 0.00376339 0.0476784 0.0208483 0.199047 0.0601064 0.0635049 0.237847 0.00877093 0.12954 0.0138199 0.210258 0.0046101 
0.0121897 0.00243289 0.0539794 0.112777 0.0308595 0.0706627 0.0967302 0.215014 0.00179297 0.165005 0.00586074 0.18342 0.0492763 
6.93124e-06 0.00100262 0.0555611 0.00876607 0.0710465 0.0247483 0.178469 0.329189 0.0461938 0.100465 0.0831694 0.0942316 0.00714995 
1.17084e-05 7.45363e-05 0.0920204 0.0198052 0.0962069 0.0636988 0.0459297 0.310448 0.00990605 0.247676 0.00438673 0.103043 0.00679353 
5.31562e-05 0.00205012 0.0150759 0.00610487 0.100692 0.0197544 0.0415708 0.4569 0.0222438 0.197715 0.0405379 0.0917546 0.00554759 
0.000689621 0.117544 0.015168 0.0303499 0.0359435 0.0223066 0.0109626 0.335416 0.00833147 0.0890504 0.0421601 0.282605 0.00947304 
1.175e-06 0.0116896 0.000572839 0.00423598 0.0142423 0.015773 0.013257 0.756242 0.0305325 0.0352366 0.0109401 0.0821482 0.0251285 
9.31309e-05 8.32809e-05 0.0855879 0.000626793 0.163632 0.0145682 0.0411999 0.407953 0.181279 0.0223415 0.000265265 0.0817537 0.000615958 
3.02105e-05 0.00785462 0.0237299 0.0210987 0.0386723 0.0449561 0.0175305 0.438686 0.00733763 0.206427 0.0374711 0.148178 0.00802762 
0.00226376 0.000311163 0.0639853 0.0131459 0.198791 0.132017 0.0723974 0.388741 0.0274353 0.0394805 0.0122543 0.0473513 0.00182641 
0.00020043 0.0316038 0.0347278 0.0320571 0.147544 0.14776 0.032958 0.171051 0.149853 0.115901 0.0342519 0.0992108 0.0028819 
5.76029e-05 0.0108509 0.0897351 0.0481192 0.115997 0.0256908 0.0442032 0.263595 0.0958259 0.201037 0.0112747 0.0791686 0.0144457 
0.00128717 0.00326121 0.0590862 0.0299097 0.157246 0.0512149 0.13587 0.223542 0.0416043 0.122103 0.0240421 0.139805 0.0110285 
7.31917e-08 0.000370205 0.048298 0.00472871 0.066318 0.0223105 0.184908 0.361028 0.0459236 0.0921496 0.072345 0.0956339 0.00598612 
0.00367816 0.0299207 0.0202974 0.00599262 0.0186422 0.0322473 0.0731757 0.350217 0.0468759 0.215717 0.0863414 0.109523 0.00737056 
9.86413e-05 0.0030975 0.0137883 0.0109397 0.025101 0.120215 0.0265433 0.602047 0.0216292 0.135332 0.0179678 0.0178463 0.00539511 
0.000140534 0.00241352 0.0214527 0.0215824 0.0821759 0.123044 0.0177172 0.408402 0.0558145 0.18463 0.0305196 0.04501 0.00709731 
5.13099e-05 0.00394366 0.030604 0.00248165 0.106915 0.155345 0.017391 0.231348 0.0981019 0.188174 0.0237791 0.132767 0.00909861 
7.42771e-06 0.003394 0.00053894 0.00755478 0.0111464 0.0790967 0.0185748 0.709371 0.000480087 0.124246 0.0231057 0.0144847 0.00799966 
0.00015317 0.0020306 0.0452197 0.0126579 0.106108 0.061861 0.00902877 0.47015 0.0947437 0.0853745 0.0289996 0.0766809 0.00699202 
0.000486949 0.113695 0.0177275 0.0149561 0.0218939 0.00972951 0.0106472 0.417251 0.0358718 0.134094 0.0164546 0.204074 0.00311866 
0.000102222 0.010077 0.164571 0.117344 0.10605 0.0788132 0.0762156 0.185235 0.0279301 0.135216 0.0128933 0.0766115 0.00894131 
4.88808e-05 0.00357098 0.0525168 0.0767167 0.112057 0.0333604 0.0178077 0.22445 0.0375438 0.210535 0.000546242 0.195282 0.0355639 
0.00162042 0.0169126 0.0596502 0.0132606 0.0678111 0.0718558 0.0623187 0.343196 0.0131181 0.142122 0.0225376 0.182043 0.00355412 
0.000266177 0.0936923 0.0757678 0.00655023 0.061985 0.00445256 0.00815843 0.550785 0.00560875 0.0518187 0.00622715 0.132911 0.00177614 
4.55701e-05 0.00203478 0.0243855 0.013828 0.112854 0.0485163 0.16484 0.218046 0.0323755 0.162761 0.013551 0.054336 0.152426 
0.000346336 0.00196997 0.0445732 0.00525935 0.0465381 0.064518 0.0237887 0.477958 0.0132312 0.0982406 0.0582387 0.156289 0.00904844 
