0.000348307 0.00122563 0.08482 0.0383219 0.133417 0.112213 0.0101434 0.0439574 0.253811 0.126167 8.49709e-05 0.184819 0.0106716 
3.2858e-05 0.00542574 0.0863716 0.0679331 0.179658 0.0575172 0.00531853 0.0399961 0.318988 0.134189 0.00305857 0.0978442 0.00366681 
6.91578e-05 0.00300845 0.115455 0.01031 0.119019 0.158196 0.0359474 0.047825 0.327712 0.114292 0.000383903 0.0654663 0.00231593 
9.26927e-05 0.00175815 0.0599905 0.0236239 0.0968785 0.0384621 0.0102317 0.0248682 0.639117 0.0570998 0.00037604 0.0370427 0.0104586 
5.46202e-05 0.0228395 0.0425707 0.0180016 0.0577222 0.0552597 0.00827579 0.232831 0.275731 0.146767 0.000208385 0.135893 0.00384613 
1.30989e-05 6.92707e-05 0.149801 0.0147687 0.057687 0.030339 0.0393005 0.0197576 0.569446 0.0283707 0.000219865 0.0873058 0.0029212 
5.93337e-05 0.00249138 0.0700434 0.0147782 0.0402316 0.152463 0.00646627 0.183826 0.26298 0.122597 0.0302015 0.0511302 0.062733 
1.64114e-06 0.00759896 0.0653757 0.0359564 0.0899818 0.0228407 0.00156698 0.183564 0.302196 0.02827 1.81763e-05 0.260034 0.00259502 
0.00161484 0.00734068 0.0621515 0.0156821 0.11793 0.0776754 0.0469621 0.0450202 0.332509 0.0677126 0.00279796 0.126222 0.0963822 
0.00141628 0.00564054 0.0463459 0.0308999 0.0423091 0.0257324 0.00591009 0.0203168 0.485102 0.116565 0.00125238 0.182186 0.0363235 
6.99459e-06 0.00124763 0.0432887 0.00098144 0.0572017 0.0126396 0.00551947 0.0359687 0.753569 0.0134847 6.58683e-06 0.0734417 0.00264403 
6.70949e-05 0.0430562 0.0954836 0.015335 0.226232 0.0221316 0.00280403 0.0283136 0.437114 0.0595126 0.0237313 0.0423175 0.0039008 
0.000115688 0.0311905 0.0574673 0.0114725 0.0886555 0.0406677 0.102703 0.115557 0.204068 0.19551 0.013601 0.129223 0.00976955 
2.45354e-05 0.00772845 0.04293 0.00551398 0.0909237 0.0378093 0.0357437 0.148201 0.255678 0.241653 0.00686532 0.116131 0.010798 
8.13912e-05 0.0015845 0.103859 0.0605647 0.0896375 0.0544725 0.00200043 0.0206959 0.391577 0.0658402 0.000406981 0.196171 0.0131094 
0.000269396 0.00655677 0.105546 0.012901 0.0779522 0.0519432 0.00985081 0.0919346 0.347396 0.196827 0.000661314 0.0880792 0.0100828 
3.11452e-05 1.28975e-05 0.000207909 3.46949e-06 0.000380517 0.000208322 4.79754e-05 0.000160967 0.997731 1.16422e-06 5.73169e-06 0.00105649 0.000152354 
0.00432083 0.00294316 0.0769861 0.0307664 0.0769874 0.0498442 0.0109096 0.137335 0.276265 0.112575 0.00642586 0.118941 0.0957007 
4.60377e-06 1.90646e-06 0.000609466 5.12849e-07 7.10119e-05 4.3766e-07 9.06949e-05 0.000188348 0.964943 8.34421e-06 8.47238e-07 0.0340788 1.76405e-06 
0.00902662 0.0138781 0.013068 0.00171522 0.0415878 0.032359 0.0261591 0.0150773 0.622483 0.0205394 1.0894e-05 0.183015 0.0210805 
0.0024992 0.000533285 0.037667 0.00255471 0.0430309 0.0665995 0.00445192 0.0584778 0.457228 0.132508 0.000219783 0.0158521 0.178378 
0.000372625 0.00432309 0.0837138 0.0456284 0.0867542 0.0223923 0.00990461 0.0101401 0.581109 0.087158 0.000142789 0.0673735 0.000987331 
7.49575e-05 0.00782896 0.0536816 0.0139978 0.126051 0.0108937 0.000999426 0.0243597 0.509848 0.154497 0.0069438 0.088141 0.0026828 
3.23971e-05 0.00663451 0.0451668 0.0217546 0.198873 0.0320169 0.0114339 0.0361107 0.378905 0.107387 2.34726e-05 0.159651 0.00201083 
0.000379028 0.00426658 0.0521448 0.00594019 0.0493439 0.0538778 0.0191461 0.0692989 0.465099 0.20179 0.0262826 0.0396027 0.0128289 
0.00220287 0.00164624 0.0448261 0.005171 0.100972 0.0140903 0.00509879 0.0181223 0.512352 0.126666 2.65941e-05 0.165553 0.00327292 
4.64021e-05 0.00632502 0.104852 0.0139877 0.178949 0.0422519 0.0242053 0.0103248 0.456413 0.0900132 0.0187201 0.0449678 0.00894325 
3.40455e-05 0.00262157 0.0518413 0.00307541 0.0827682 0.0477474 0.015498 0.0390149 0.519882 0.0466849 0.000178367 0.189215 0.00143897 
0.000560479 0.00124098 0.0867953 0.0122501 0.0805926 0.0335543 0.00604583 0.0221171 0.638135 0.0299231 8.94069e-05 0.0806718 0.00802436 
0.000156745 0.00227703 0.0403679 0.016515 0.18026 0.128492 0.0152414 0.0241095 0.381565 0.139297 0.0023048 0.0478635 0.0215504 
0.0224624 0.000710536 0.0292891 0.0256324 0.0272867 0.0967113 0.0222124 0.0252204 0.477936 0.13355 2.50068e-05 0.131108 0.0078557 
3.89557e-05 0.00364358 0.0680513 0.0136115 0.152708 0.193567 0.0186769 0.0383036 0.349998 0.103545 0.00345444 0.0516362 0.00276565 
0.0004958 3.87333e-05 0.0630652 0.00694259 0.0592436 0.188414 0.047005 0.12238 0.360174 0.0398698 0.00150329 0.110545 0.000322076 
0.000303771 0.00164652 0.064998 0.0173852 0.170851 0.0576632 0.153978 0.080806 0.196263 0.169191 0.0042977 0.0686211 0.0139966 
0.000101972 0.03933 0.109506 0.0331474 0.154047 0.0620085 0.036927 0.119259 0.252675 0.118536 0.0113211 0.0483168 0.0148247 
9.30098e-06 0.000181735 0.122683 0.000156038 0.0328701 0.0103954 0.00182015 0.018357 0.711 0.0106513 4.97614e-05 0.0918154 1.08426e-05 
6.02595e-05 0.016633 0.0846899 0.0254496 0.134686 0.0506953 0.0156887 0.0433107 0.473094 0.0930787 0.00139762 0.0561342 0.00508227 
2.28315e-05 0.00369652 0.0328315 0.0183939 0.060356 0.278464 0.0580182 0.0482809 0.367702 0.0793557 0.00875739 0.0276951 0.0164258 
9.44707e-06 0.00126772 0.115463 0.015474 0.0447186 0.0608734 0.0131514 0.0924012 0.256856 0.211283 0.00828476 0.16803 0.0121877 
0.000308397 0.000927365 0.0351175 0.00971186 0.127038 0.0418526 0.0110147 0.154436 0.261912 0.259153 0.00421251 0.0892249 0.0050915 
0.00259537 0.001886 0.0268055 0.00610024 0.0540354 0.0546283 0.0110714 0.142833 0.503932 0.160402 0.0086522 0.0251703 0.0018886 
0.000917024 0.00369267 0.0677575 0.00765411 0.209929 0.0635168 0.00339435 0.033825 0.33379 0.154987 0.000463769 0.0989227 0.0211502 
1.18369e-07 4.90175e-08 0.0529731 0.00408648 0.052962 0.0317434 0.000926842 0.176436 0.459803 0.011046 0.000111325 0.209304 0.000607019 
7.47678e-05 0.00536992 0.01659 0.00620737 0.1655 0.0102834 0.00174138 0.0207062 0.443344 0.200592 2.00367e-05 0.115698 0.0138735 
9.05038e-06 0.000137381 0.0624643 0.00391147 0.11748 0.0611428 0.0354213 0.0515712 0.431318 0.0385062 0.000303255 0.170194 0.0275415 
1.36558e-05 0.000210483 0.0903676 0.0104357 0.301706 0.0651899 0.00536787 0.0140984 0.308649 0.103733 0.0010486 0.0954827 0.00369705 
0.003851 0.00322499 0.0774556 0.0271401 0.118661 0.0572961 0.00387118 0.0304361 0.366386 0.211243 0.00328659 0.0752857 0.0218628 
0.000196176 0.0240071 0.0596726 0.0119176 0.0362536 0.0255603 0.0225128 0.115277 0.348437 0.249666 0.00513505 0.0912859 0.0100785 
8.04037e-05 0.00364523 0.154933 0.019253 0.0817202 0.00371021 0.000107124 0.0175875 0.518979 0.100835 9.81236e-06 0.0947183 0.00442049 
0.000228503 0.000530106 0.0860436 0.0119382 0.224742 0.0461375 0.00555692 0.0226544 0.300493 0.187406 0.000356802 0.110794 0.0031178 
0.000452953 0.00483346 0.0732161 0.0291508 0.179038 0.0313763 0.0352068 0.0786295 0.289512 0.191073 0.00631666 0.0764143 0.00477987 
4.81333e-06 0.000841099 0.128207 0.00128386 0.0628113 0.0491238 0.00053128 0.0772884 0.60157 0.028955 1.20933e-06 0.0489572 0.000425222 
0.0311434 0.00130468 0.0190263 0.00502711 0.0407897 0.0753645 0.0225926 0.104468 0.426586 0.146169 0.00107482 0.116988 0.00946656 
6.18909e-05 0.000443342 0.0668706 0.00282166 0.0370149 0.0535269 0.00846661 0.0164196 0.580074 0.0550921 0.0001595 0.174915 0.00413358 
2.95912e-05 0.000791936 0.0324159 0.0103086 0.069981 0.153014 0.000849166 0.0959055 0.530771 0.0784024 0.00371968 0.0226772 0.00113345 
0.000311753 0.0198632 0.0658066 0.0258664 0.228437 0.107783 0.0225906 0.0674105 0.239352 0.104186 0.0602145 0.0559984 0.00217948 
0.000204289 0.00598977 0.0605549 0.0385559 0.174391 0.0285134 0.0474268 0.0699892 0.355066 0.161691 0.0030399 0.0478924 0.0066857 
0.000179464 0.0587448 0.061402 0.00638624 0.0364032 0.0144631 0.0255078 0.0757563 0.309638 0.212129 2.17349e-05 0.197249 0.00211885 
0.00011737 0.000682537 0.0496956 0.00612832 0.101031 0.0539656 0.0300839 0.0208909 0.268872 0.197168 0.00456988 0.260968 0.00582781 
3.3089e-05 0.000617976 0.0230242 0.010072 0.0365052 0.0276804 0.0156371 0.117747 0.583666 0.139703 0.00019138 0.0330028 0.0121194 
1.25567e-05 0.00415186 0.133173 0.0232409 0.128761 0.0445595 0.0163716 0.189205 0.307134 0.0895807 0.0164553 0.0394687 0.00788628 
4.905e-05 0.00370391 0.0493954 0.0198772 0.0611638 0.0210874 0.00138252 0.0616379 0.594394 0.109336 8.8359e-06 0.0767887 0.00117464 
0.000275291 0.00113248 0.0232146 0.000625322 0.093214 0.187711 2.68947e-05 0.247851 0.426226 0.0102014 0.000168597 0.00920109 0.000151552 
0.000196176 0.0240071 0.0596726 0.0119176 0.0362536 0.0255603 0.0225128 0.115277 0.348437 0.249666 0.00513505 0.0912859 0.0100785 
6.48358e-05 6.19801e-05 0.0266789 0.00223693 0.0376979 0.0229635 0.0318156 0.0656542 0.691953 0.0702738 0.00163128 0.0466649 0.00230262 
0.000196176 0.0240071 0.0596726 0.0119176 0.0362536 0.0255603 0.0225128 0.115277 0.348437 0.249666 0.00513505 0.0912859 0.0100785 
6.0683e-06 0.000998008 0.0533104 0.00335223 0.0807885 0.0372597 0.00281608 0.0200057 0.689908 0.0258031 0.000348594 0.0783711 0.00703243 
1.29269e-05 0.00208574 0.0692785 0.0282689 0.320702 0.0295697 0.00232242 0.0599011 0.336667 0.125496 6.17597e-05 0.0247029 0.000931537 
0.000156135 0.00350639 0.0361093 0.0163233 0.242204 0.0428851 0.0214003 0.113093 0.277032 0.214561 0.00454193 0.0241669 0.00402045 
1.84608e-05 0.00176074 0.0269123 0.0546716 0.0560914 0.0438355 0.0640511 0.0580615 0.424726 0.172176 0.00589903 0.0825176 0.0092791 
0.000817411 0.00303311 0.0242689 0.0126671 0.17356 0.0201125 0.00191707 0.0265437 0.43325 0.26469 0.000212697 0.0264355 0.0124923 
0.00117138 0.000984474 0.0342968 0.00900795 0.0912071 0.112315 0.0467989 0.0597972 0.420425 0.0944161 0.00124305 0.127245 0.00109158 
0.000232538 0.00666957 0.0357101 0.01458 0.0553601 0.0378747 0.00623569 0.30132 0.452237 0.0498048 0.00189006 0.0333975 0.00468791 
0.000105516 0.00012692 0.0450605 0.0102532 0.330967 0.0246271 0.0022238 0.0276306 0.347193 0.190146 4.4877e-06 0.0179802 0.00368218 
1.27367e-05 0.0016502 0.0444459 0.00776024 0.0196969 0.0151086 0.0214717 0.094695 0.527252 0.195786 0.0250457 0.0447036 0.00237218 
0.000128788 0.001619 0.057132 0.0227643 0.068884 0.0413943 0.0278674 0.100974 0.331315 0.063725 0.0603956 0.0685103 0.155291 
8.10014e-05 0.0055146 0.0906322 0.0267329 0.182928 0.0699459 0.0475629 0.0687507 0.296826 0.105969 0.000356655 0.0969736 0.007726 
0.000305232 0.00523171 0.112259 0.0477361 0.159853 0.0751546 0.0111766 0.0361137 0.347839 0.155685 0.000260156 0.0456538 0.00273228 
2.08274e-09 3.1609e-06 0.0583642 0.000618007 0.0399435 0.020672 3.11805e-10 0.0333946 0.812173 0.00252817 3.83289e-10 0.0323029 9.03897e-07 
0.000126824 0.00125942 0.0378169 0.00678383 0.0660205 0.029138 0.0478591 0.058186 0.617362 0.0760611 0.000285068 0.0548701 0.00423095 
6.96674e-05 0.00344491 0.0792669 0.00441192 0.0850491 0.0833654 0.0244888 0.0758625 0.44914 0.10915 4.38297e-05 0.0654896 0.0202177 
0.000194107 0.000437164 0.0372124 0.0098874 0.156878 0.0329423 0.00158714 0.0725178 0.476611 0.159172 0.00114106 0.0399664 0.0114528 
7.42776e-05 0.11652 0.14865 0.0220689 0.103661 0.0340885 0.0321213 0.0209238 0.172476 0.0716947 0.166845 0.094484 0.0163921 
0.000124731 0.00356383 0.212195 0.00919044 0.0695237 0.116984 0.0625653 0.0331939 0.259112 0.0725073 0.00313708 0.153536 0.00436692 
0.00138607 0.00215509 0.020201 0.00919101 0.0714235 0.0402586 0.00799165 0.0593687 0.634432 0.117164 0.00198348 0.0327362 0.0017085 
0.000338129 0.00233029 0.0724183 0.0459547 0.084886 0.0395455 0.0054619 0.0868612 0.387873 0.13105 0.00919791 0.130195 0.00388795 
6.76806e-05 0.000457804 0.0285541 0.00427472 0.13238 0.0433839 0.0319023 0.257266 0.273216 0.197627 2.1411e-05 0.0303686 0.000479858 
0.000479393 0.00352242 0.118678 0.0186149 0.167586 0.0413214 0.0146607 0.0417297 0.262405 0.197993 0.00110199 0.126313 0.00559412 
9.96472e-05 0.000882069 0.0909256 0.00654949 0.0815985 0.154933 0.00576849 0.0370083 0.539034 0.0381563 0.00248968 0.038427 0.0041279 
0.000805535 0.00251045 0.0685227 0.0141226 0.197695 0.0619837 0.0165288 0.021356 0.256414 0.241978 0.00114359 0.10635 0.0105901 
0.000109191 0.000846152 0.106141 0.0104824 0.210965 0.0474457 0.0281805 0.0771636 0.236165 0.177364 0.000105362 0.088192 0.0168408 
0.000278542 0.0324677 0.0867751 0.0201863 0.10489 0.0652841 0.0321737 0.140301 0.225491 0.186439 0.0117762 0.085078 0.00885951 
0.0272809 0.00107654 0.121433 0.0281052 0.0607853 0.026487 0.00451517 0.0164113 0.46007 0.0645151 0.00250392 0.182387 0.00443029 
0.00112323 0.00228092 0.0854198 0.0145094 0.119614 0.194458 0.00785819 0.0639157 0.413727 0.0361444 0.00189418 0.0494054 0.00964917 
1.22894e-05 0.00125697 0.115693 0.00835999 0.099814 0.126567 0.0222832 0.248452 0.29044 0.0440796 0.00770564 0.0255511 0.0097854 
0.000438931 0.00260642 0.0310786 0.00679395 0.0343876 0.0191579 0.0101757 0.0283559 0.548147 0.179082 0.00217509 0.136087 0.00151402 
0.000196176 0.0240071 0.0596726 0.0119176 0.0362536 0.0255603 0.0225128 0.115277 0.348437 0.249666 0.00513505 0.0912859 0.0100785 
0.000196176 0.0240071 0.0596726 0.0119176 0.0362536 0.0255603 0.0225128 0.115277 0.348437 0.249666 0.00513505 0.0912859 0.0100785 
8.45959e-07 0.000106099 0.0784007 0.00666808 0.0382944 0.126146 0.000201383 0.015147 0.323306 0.312994 0.000502989 0.0824866 0.0157465 
7.84994e-05 0.00185615 0.0359124 0.0333042 0.066116 0.140705 0.0850711 0.129707 0.265189 0.126764 0.0470705 0.049626 0.0186007 
3.23077e-06 0.00025943 0.023801 0.00297485 0.153403 0.0100865 0.00198259 0.0800573 0.563616 0.0344318 6.56479e-05 0.12513 0.00418828 
0.000367423 0.000105367 0.0220169 0.00729864 0.0150629 0.0155831 0.00432756 0.0186722 0.861698 0.0326478 1.94787e-05 0.0179142 0.00428664 
3.77445e-05 0.00207969 0.0468047 0.0590715 0.0632085 0.0348171 0.0442146 0.166482 0.317643 0.145667 0.00926795 0.0908315 0.019875 
5.93663e-05 0.00738627 0.0407745 0.0346718 0.0995554 0.0439281 0.000268219 0.0619835 0.513512 0.0555356 9.5396e-06 0.14118 0.00113541 
0.000127704 4.39266e-05 0.0058355 0.00100607 0.00999546 0.0138214 0.000825383 0.00111918 0.89098 0.0188681 4.76482e-06 0.0571756 0.000196763 
8.36448e-05 0.00169268 0.0885719 0.0102051 0.210045 0.048646 0.0130028 0.0816127 0.396856 0.106855 0.000397052 0.0364936 0.00553799 
0.000392249 0.00157272 0.0777933 0.0171446 0.262156 0.0714048 0.0102665 0.0757025 0.349364 0.087125 0.000101119 0.0463623 0.000614601 
0.000217621 0.0052747 0.0373489 0.0382029 0.102615 0.0299624 0.00984135 0.0266862 0.442499 0.213491 0.00184202 0.0881594 0.00385867 
2.11831e-05 0.000718502 0.0501243 0.0377849 0.160017 0.0241917 0.005155 0.0522723 0.442499 0.14244 0.000205745 0.0743418 0.0102278 
0.000328543 0.00280652 0.0417722 0.0118916 0.191979 0.0901403 0.00395347 0.0713364 0.292721 0.220383 0.00944857 0.0611617 0.00207702 
0.000689423 0.00192575 0.0315229 0.0143318 0.0798664 0.031046 0.0645013 0.0735582 0.355418 0.182905 0.0423749 0.0860855 0.0357747 
0.000372875 0.00766355 0.0892226 0.0248824 0.12372 0.0876951 0.0213135 0.0525032 0.233148 0.184772 0.0150674 0.152249 0.00739007 
0.000178419 0.0110765 0.0585221 0.0139004 0.113414 0.0525717 0.0219324 0.203934 0.344617 0.112754 0.0168178 0.0435528 0.00672949 
0.000357216 1.88665e-06 0.0117364 0.00214066 0.310702 0.0384337 0.0142514 0.00412839 0.559497 0.0416814 6.47927e-06 0.0104495 0.00661378 
1.46469e-05 0.00028837 0.17617 0.0203049 0.233317 0.180272 0.00745153 0.0505538 0.249885 0.0554823 0.00316849 0.0185833 0.0045093 
7.42776e-05 0.11652 0.14865 0.0220689 0.103661 0.0340885 0.0321213 0.0209238 0.172476 0.0716947 0.166845 0.094484 0.0163921 
0.000147098 0.00160319 0.0589673 0.033578 0.115707 0.0739323 0.023278 0.149991 0.199323 0.169248 0.0126069 0.151642 0.00997587 
0.000269684 0.000400887 0.044477 0.0492833 0.189167 0.0193569 0.0206876 0.0525258 0.382272 0.132985 1.95258e-05 0.0911486 0.0174075 
3.02093e-05 0.00526013 0.0497759 0.00918245 0.0178278 0.0160715 0.151579 0.0817623 0.484865 0.0446364 0.00435906 0.120287 0.0143632 
6.00345e-07 0.0016968 0.156353 0.00607262 0.184168 0.0214533 0.0232109 0.133036 0.19781 0.112308 0.0143844 0.052008 0.0974984 
0.000110511 0.00410288 0.0494849 0.0150904 0.111556 0.176404 0.00703585 0.0599162 0.405656 0.0721622 0.00890157 0.0793967 0.010184 
9.50444e-05 0.000791711 0.116636 0.00778722 0.210042 0.0878501 0.0275479 0.0641814 0.274275 0.102422 0.000222159 0.0970126 0.0111372 
3.26136e-05 0.0081101 0.0597329 0.000888985 0.166276 0.0427489 0.0178069 0.0692625 0.50835 0.0976321 1.26651e-05 0.0286457 0.000500572 
7.42776e-05 0.11652 0.14865 0.0220689 0.103661 0.0340885 0.0321213 0.0209238 0.172476 0.0716947 0.166845 0.094484 0.0163921 
0.00098437 0.00146393 0.0479034 0.0310333 0.133229 0.087426 0.0354884 0.216427 0.247852 0.127547 0.00873605 0.0516747 0.0102352 
6.18528e-05 0.00123584 0.0609552 0.0219456 0.056283 0.077011 0.0398187 0.126672 0.283451 0.1379 0.00484819 0.170648 0.0191701 
0.000303409 0.000885225 0.0406977 0.0171 0.0962515 0.158634 0.011385 0.0972872 0.481396 0.0404637 0.00388601 0.0485009 0.00320974 
0.00634314 0.0135582 0.0790556 0.0210091 0.195369 0.0409012 0.0243967 0.0211471 0.268166 0.239975 0.000147331 0.083963 0.00596873 
0.000247106 0.000616299 0.0863649 0.160157 0.0564177 0.0740142 0.00169114 0.143249 0.33376 0.111654 5.90627e-05 0.0305007 0.00126875 
0.000179036 0.000572671 0.0739064 0.0150771 0.313503 0.0126298 0.00442848 0.0086078 0.315472 0.134217 0.000177848 0.119801 0.00142905 
0.000226864 0.00602208 0.0754873 0.0068214 0.119281 0.132525 0.0073792 0.0589038 0.239629 0.199451 0.00636154 0.140893 0.00701951 
1.25017e-05 5.98881e-05 0.00506584 7.48675e-05 0.0491415 6.25604e-05 1.48104e-05 0.0698001 0.755933 0.047788 2.70744e-05 0.0714684 0.000551161 
1.0604e-05 0.00278038 0.01191 0.00293709 0.0162161 0.00915789 0.0178317 0.173386 0.482456 0.103096 0.00304647 0.147911 0.0292609 
0.000458206 0.0775594 0.133961 0.0181213 0.0817347 0.018228 0.0325747 0.0979504 0.183995 0.150146 0.0536372 0.149262 0.00237262 
0.000497992 3.71142e-05 0.0242462 0.0103868 0.131761 0.00609187 0.00771028 0.0082613 0.633346 0.0131409 1.11871e-05 0.161154 0.00335513 
5.42071e-06 0.00760262 0.0126146 0.00791663 0.0479973 0.0263333 0.0998144 0.072385 0.500574 0.0589227 0.00288243 0.151407 0.0115443 
0.000196176 0.0240071 0.0596726 0.0119176 0.0362536 0.0255603 0.0225128 0.115277 0.348437 0.249666 0.00513505 0.0912859 0.0100785 
0.000196176 0.0240071 0.0596726 0.0119176 0.0362536 0.0255603 0.0225128 0.115277 0.348437 0.249666 0.00513505 0.0912859 0.0100785 
0.00117834 0.00325751 0.0944244 0.0345842 0.092361 0.0588249 0.0151285 0.0960888 0.266939 0.176377 0.00820108 0.135112 0.017523 
0.000208809 0.00947191 0.178838 0.0550426 0.139714 0.0138678 0.00226584 0.00534263 0.366034 0.0589473 0.000624354 0.165148 0.00449525 
3.55829e-05 0.00223979 0.0480389 0.0035771 0.116644 0.0193855 0.000930281 0.0377063 0.670199 0.0103473 0.000239803 0.0890333 0.00162307 
2.11577e-05 0.00205645 0.0372412 0.00592454 0.0341796 0.0432264 0.00047104 0.0139276 0.601312 0.0327722 5.15504e-05 0.223955 0.00486137 
8.02747e-05 0.00417339 0.0962002 0.0454322 0.15152 0.202519 0.0326383 0.0794806 0.238611 0.0957741 0.00203386 0.0455394 0.00599778 
2.43965e-05 0.0018792 0.0657471 0.0141668 0.0759924 0.0348971 0.0472804 0.218814 0.256761 0.139308 0.0738395 0.0652973 0.00599232 
9.4633e-05 0.00765045 0.0668096 0.0112326 0.246539 0.0929206 0.0186361 0.0474143 0.292087 0.153196 0.00548992 0.0540603 0.00386972 
0.00027432 0.00486024 0.133853 0.0151808 0.113614 0.0548291 0.0152084 0.0501476 0.388233 0.0587623 0.105173 0.0544981 0.00536639 
0.000819864 0.00014233 0.0417951 0.0182789 0.0914727 0.0263641 0.0176893 0.0302519 0.706954 0.0533113 6.78559e-06 0.0125166 0.000396791 
0.000196176 0.0240071 0.0596726 0.0119176 0.0362536 0.0255603 0.0225128 0.115277 0.348437 0.249666 0.00513505 0.0912859 0.0100785 
0.000606611 0.00636401 0.0395968 0.00974916 0.138863 0.0188094 0.0348485 0.0400628 0.513706 0.102761 0.00164951 0.0922195 0.000763675 
1.11545e-09 1.86653e-07 1.01893e-05 1.24259e-10 7.30588e-06 1.06041e-10 4.92439e-07 0.0321073 0.952894 0.00294484 2.05278e-10 0.0120359 2.22772e-07 
0.000111459 4.4899e-08 0.0953675 0.00503993 0.127029 0.014193 0.0510972 0.01146 0.460821 0.0196232 2.35641e-05 0.213725 0.0015086 
0.000101165 0.00289199 0.218186 0.0300174 0.210421 0.0589633 0.0119533 0.033436 0.234525 0.137913 0.00147978 0.0558337 0.00427847 
0.00933193 0.000602808 0.0312252 0.0198505 0.0281637 0.0564444 0.00946905 0.100115 0.614709 0.0424064 0.0247761 0.0466562 0.0162498 
4.2388e-05 0.00253897 0.0618249 0.0108194 0.206191 0.140316 0.00161768 0.0177227 0.329675 0.197036 0.00191639 0.0295146 0.000784489 
0.00197142 0.00940897 0.0946237 0.0105714 0.147887 0.0573251 0.00630453 0.0450549 0.315155 0.142313 0.000713439 0.165713 0.00295989 
1.41468e-05 0.0002521 0.00200921 0.00472902 0.00909818 0.00353502 0.000117734 0.0849563 0.788033 0.00696723 0.000612364 0.0938288 0.0058471 
0.0323668 0.00353302 0.0673585 0.0437382 0.211619 0.062585 0.00662639 0.0931728 0.212769 0.101375 0.0110485 0.1505 0.00330682 
0.00074035 0.000109027 0.0341162 0.00266967 0.124025 0.0827033 0.0111527 0.205852 0.484367 0.0416774 4.72664e-05 0.0125136 2.63522e-05 
6.37588e-06 0.000932955 0.0156991 0.000687951 0.0350817 0.00658386 0.00309393 0.0204898 0.820657 0.00744306 5.7414e-06 0.0874777 0.0018412 
0.000472428 0.0047095 0.04863 0.0181029 0.0645627 0.177656 0.0137837 0.154921 0.310249 0.122908 0.00758586 0.0694084 0.00701137 
0.000461653 0.00643493 0.0807656 0.00923311 0.172978 0.0297925 0.00151399 0.0197742 0.354079 0.291549 0.00198238 0.0304628 0.000972595 
0.00024026 0.0054156 0.11013 0.0124512 0.224392 0.024827 0.0149474 0.0311748 0.254401 0.188142 2.12161e-05 0.131242 0.00261607 
2.39744e-06 7.98027e-07 0.00268963 5.97153e-08 0.0315074 0.0392275 0.00773897 0.397014 0.457996 3.72787e-06 3.99194e-06 0.0638156 1.62076e-09 
3.33676e-06 0.000346355 0.0682635 0.0252335 0.246014 0.0133873 0.0339482 0.0489583 0.443864 0.0795134 0.000827233 0.0370315 0.00260951 
9.2102e-05 0.00521296 0.0387404 0.00586978 0.0659872 0.0246172 0.10661 0.0575989 0.437966 0.0452671 0.000501215 0.199291 0.0122455 
0.00129122 0.0043119 0.0169903 0.0077596 0.0827425 0.0189285 0.0936234 0.126094 0.445278 0.12888 0.0111268 0.0535896 0.0093845 
0.00501767 0.000852801 0.051209 0.00329633 0.0940357 0.0974097 0.00356427 0.0358112 0.467329 0.112324 0.00173013 0.119569 0.00785218 
0.00080342 0.00242147 0.216513 0.0230961 0.0641711 0.00553938 0.00351519 0.210182 0.323226 0.03804 0.0222395 0.0885568 0.00169598 
0.000237859 0.00828455 0.149389 0.00712258 0.118595 0.0234055 0.0114683 0.110971 0.300731 0.16277 0.000350581 0.0859648 0.0207097 
0.00117806 0.000158443 0.185649 0.0276848 0.0612183 0.0294484 0.0615195 0.0238534 0.456715 0.00612319 0.00217125 0.12933 0.0149506 
0.000304134 0.0132134 0.127414 0.0263461 0.176967 0.160157 0.0169947 0.0366494 0.188567 0.150454 0.00173964 0.0913861 0.00980695 
0.00159904 0.000736236 0.0860167 0.0290973 0.218847 0.0288864 0.0079683 0.0209845 0.372503 0.175371 9.22958e-05 0.0457555 0.0121429 
0.000872855 0.000491971 0.0984465 0.0273897 0.0929593 0.0446368 0.0253102 0.0122183 0.475132 0.157445 0.000363415 0.0629396 0.00179539 
0.000184599 0.000912999 0.0060649 0.00267579 0.0126423 0.0147485 5.65341e-05 0.00129057 0.943876 0.00741276 6.12155e-06 0.0100112 0.000118019 
0.00311899 0.00332902 0.0581125 0.0540381 0.220494 0.065597 0.0215862 0.106589 0.326525 0.0825086 0.00149732 0.0475358 0.00906801 
0.000483387 0.00293861 0.090173 0.0455727 0.118938 0.0886821 0.017173 0.0434496 0.326355 0.19432 0.0048735 0.0584939 0.00854713 
0.000357216 1.88665e-06 0.0117364 0.00214066 0.310702 0.0384337 0.0142514 0.00412839 0.559497 0.0416814 6.47927e-06 0.0104495 0.00661378 
0.00129122 0.0043119 0.0169903 0.0077596 0.0827425 0.0189285 0.0936234 0.126094 0.445278 0.12888 0.0111268 0.0535896 0.0093845 
0.000308397 0.000927365 0.0351175 0.00971186 0.127038 0.0418526 0.0110147 0.154436 0.261912 0.259153 0.00421251 0.0892249 0.0050915 
0.000403754 0.000184437 0.0432814 0.00249687 0.0305719 0.026744 0.00316716 0.0186047 0.701595 0.0234682 0.0010962 0.139961 0.00842557 
0.0001536 0.00494045 0.113237 0.0214355 0.137214 0.0878482 0.00851676 0.0577334 0.403496 0.0930659 0.00443781 0.0626283 0.0052931 
6.73992e-06 0.00187361 0.0276049 0.00444031 0.0978782 0.0201078 0.00458283 0.0352686 0.403938 0.0580377 0.00192882 0.191352 0.152981 
4.2388e-05 0.00253897 0.0618249 0.0108194 0.206191 0.140316 0.00161768 0.0177227 0.329675 0.197036 0.00191639 0.0295146 0.000784489 
0.000347846 0.0204445 0.0578978 0.0302753 0.165147 0.0780137 0.0399486 0.0522011 0.277503 0.18664 0.00547497 0.0730943 0.0130118 
0.000256713 0.0135858 0.0806351 0.0402899 0.0671337 0.0375834 0.0348396 0.0260439 0.35383 0.21436 0.00379534 0.121743 0.00590404 
0.000196176 0.0240071 0.0596726 0.0119176 0.0362536 0.0255603 0.0225128 0.115277 0.348437 0.249666 0.00513505 0.0912859 0.0100785 
0.000101715 0.00113963 0.0411129 0.010889 0.0821242 0.0223136 0.010241 0.0504597 0.413407 0.0542211 0.00197847 0.169167 0.142845 
0.000318605 5.19434e-05 0.0386524 0.0459548 0.207652 0.0198724 0.0144359 0.0312593 0.516005 0.092753 9.50222e-05 0.0318571 0.00109284 
8.1479e-06 0.0106477 0.0368859 0.0182978 0.0326042 0.0104387 0.0158766 0.0871397 0.51034 0.189354 0.00541844 0.074437 0.00855134 
4.90217e-05 0.000961209 0.127479 0.00585796 0.182769 0.0762482 0.0136563 0.0825445 0.187287 0.174608 0.00046039 0.144857 0.00322289 
7.66685e-08 2.88618e-05 0.0383218 0.00034121 0.0350473 0.0110892 0.000916982 0.181055 0.5725 0.114528 2.17932e-05 0.0312858 0.0148636 
4.33718e-06 0.000578157 0.076647 0.013783 0.0928915 0.055749 0.0243996 0.0959717 0.434284 0.137719 5.26175e-05 0.0458314 0.0220887 
0.000182843 0.0100725 0.166255 0.0147619 0.0814641 0.103503 0.00800831 0.0417695 0.231315 0.21392 0.00383087 0.12004 0.00487707 
9.85463e-05 0.00418066 0.051023 0.0119826 0.0984635 0.0373229 0.0182896 0.0872765 0.342329 0.145248 0.000479946 0.196174 0.007132 
0.000119783 0.000991742 0.0696199 0.0134019 0.0601806 0.0534833 0.0562592 0.174904 0.228052 0.158034 0.0136521 0.11319 0.0581115 
0.00818982 0.00136942 0.0831844 0.0161838 0.143229 0.0518679 0.0175182 0.211089 0.217694 0.0696358 0.0842933 0.0876079 0.00813742 
0.000387094 0.0108508 0.0589113 0.0257533 0.142468 0.235576 0.0202829 0.0939315 0.237075 0.08199 0.00442103 0.0853193 0.00303422 
0.000903672 0.00594602 0.197731 0.0101967 0.149984 0.0486913 0.0286451 0.067394 0.224367 0.152549 0.033713 0.0687804 0.0110999 
0.00118359 0.00255181 0.034109 0.0214355 0.240339 0.209239 0.000151841 0.042847 0.287575 0.11672 0.000219832 0.0423454 0.00128216 
2.15303e-05 0.000126188 0.0558398 0.0225484 0.180469 0.0508255 0.169344 0.0798031 0.272803 0.0750878 0.0807356 0.0112044 0.0011925 
8.45959e-07 0.000106099 0.0784007 0.00666808 0.0382944 0.126146 0.000201383 0.015147 0.323306 0.312994 0.000502989 0.0824866 0.0157465 
0.000343815 0.00177333 0.0420445 0.02938 0.171198 0.0461416 0.0613726 0.107624 0.274868 0.153428 0.00200442 0.107422 0.00239918 
0.000491799 0.00220513 0.0448361 0.0210211 0.0491758 0.0196259 0.00634143 0.0231409 0.506788 0.114402 0.000644872 0.170648 0.040679 
9.63271e-06 0.000155124 0.0255422 0.00243086 0.122944 0.117532 0.0124298 0.0262829 0.600181 0.0300031 8.05111e-06 0.0564285 0.00605305 
0.00359269 0.012569 0.0946411 0.0400875 0.15987 0.0243284 0.0225555 0.0306708 0.259193 0.209522 0.0011047 0.136814 0.00505116 
0.000147354 0.00453801 0.0580247 0.058414 0.162116 0.0278962 0.0174324 0.0669407 0.332489 0.1282 0.00461371 0.106884 0.0323044 
2.3941e-05 0.016423 0.0831418 0.0110163 0.0809504 0.0362398 0.159302 0.0593371 0.372764 0.0509492 0.00144507 0.10489 0.0235172 
1.83558e-06 2.59956e-05 0.175577 0.0619232 0.141851 0.0449785 0.00603713 0.100628 0.283848 0.0762237 1.98108e-05 0.108104 0.000781653 
1.61306e-05 7.06857e-05 0.0496401 0.0133967 0.0658704 0.183684 0.00707741 0.0188696 0.430129 0.0748836 0.000520695 0.141367 0.0144751 
0.000524241 0.0028377 0.144879 0.117493 0.194315 0.0463126 0.00150574 0.0562166 0.370216 0.0428903 0.0056793 0.0124027 0.00472707 
0.000340558 0.000874012 0.0301772 0.00803632 0.214761 0.062635 0.00568074 0.011541 0.514302 0.094744 0.00127888 0.0499029 0.00572664 
0.000298296 0.00679272 0.0561723 0.0398943 0.17867 0.0468533 0.00113996 0.0851646 0.300141 0.239483 0.00299144 0.0407503 0.0016487 
6.34847e-06 0.00022256 0.0101341 0.00674457 0.0113079 0.00819492 0.00738308 0.0559842 0.587008 0.29474 0.000295868 0.0155306 0.00244843 
0.000141089 0.00429022 0.057241 0.0150287 0.059167 0.05303 0.0226104 0.0602774 0.27102 0.258577 0.000374515 0.19264 0.00560152 
6.04456e-05 0.00112145 0.120166 0.00318393 0.228396 0.179051 0.000844054 0.0331022 0.402532 0.0159678 0.000234855 0.0151088 0.000231729 
6.88982e-05 0.000311317 0.0562717 0.0196147 0.0829562 0.121688 0.00933021 0.0212856 0.444366 0.0726524 0.00214163 0.149189 0.0201249 
0.0010842 0.0010874 0.028476 0.0110903 0.0682144 0.0291715 0.0382464 0.0968454 0.407124 0.247467 9.42065e-05 0.0694107 0.00168877 
0.000256898 0.00434256 0.052682 0.0133608 0.235858 0.0764975 0.0115901 0.0483845 0.256911 0.190903 0.029556 0.0775895 0.00206826 
7.93841e-05 0.00100943 0.00608404 0.0035793 0.0151861 0.0440581 0.0295497 0.228716 0.325912 0.233664 0.00494152 0.0939546 0.0132654 
7.78081e-05 0.00466101 0.115442 0.0166074 0.16371 0.0511509 0.0994114 0.113263 0.296794 0.111517 1.22273e-05 0.0247367 0.00261616 
0.000114621 0.00270097 0.0407532 0.01999 0.140014 0.0276561 0.0391657 0.0847689 0.371968 0.242106 0.0033605 0.0263225 0.00107876 
0.000210884 0.0014039 0.169694 0.0532698 0.122968 0.0523203 0.00375101 0.00694808 0.447951 0.101742 0.000629781 0.0386176 0.000493477 
2.91686e-05 0.000686667 0.0362034 0.0200301 0.0805031 0.0744756 0.0309244 0.0763804 0.340781 0.239916 0.0181171 0.0782607 0.0036929 
7.47865e-06 2.85122e-05 0.0358363 0.00307089 0.02149 0.107648 0.00201323 0.0398294 0.611652 0.00165223 6.93036e-05 0.17548 0.0012231 
0.000470786 0.00488674 0.0375814 0.0149562 0.0416336 0.144199 0.041158 0.0951033 0.283773 0.0836543 0.00936675 0.227346 0.0158706 
0.000259103 0.00599685 0.0737706 0.0161419 0.0925496 0.047726 0.00439855 0.11941 0.289707 0.186068 0.00154817 0.117409 0.0450158 
0.000169545 0.00702219 0.131593 0.0150786 0.198823 0.0985101 0.0422395 0.0746483 0.248649 0.0978316 0.0284958 0.0478068 0.00913212 
0.000471708 0.000789924 0.0233161 0.00592701 0.146584 0.023558 0.0921696 0.121328 0.325754 0.153017 0.00397983 0.0873336 0.0157705 
4.03808e-05 0.00238663 0.144588 0.0128373 0.116195 0.0448666 0.0307573 0.0117606 0.27432 0.14039 0.000108243 0.216384 0.00536539 
0.00284018 0.00162943 0.247458 0.0189693 0.0528506 0.0846911 0.0016167 0.0518084 0.447154 0.0446171 0.000185051 0.0445426 0.0016381 
0.000200518 0.00181807 0.125468 0.0364977 0.121156 0.0154595 0.00933899 0.0308518 0.378134 0.208758 9.25564e-05 0.0695491 0.00267553 
0.000232465 0.00246555 0.0229968 0.0131615 0.0165618 0.00465595 0.000581416 0.00645223 0.712468 0.0224172 3.28571e-06 0.197075 0.000928692 
2.73336e-05 0.000403327 0.0890944 0.0230773 0.201135 0.0324845 0.012338 0.0303507 0.271973 0.199163 0.000421263 0.133778 0.00575521 
7.59158e-05 0.00157949 0.0263225 0.00266122 0.247053 0.0271056 0.00177665 0.0469445 0.560841 0.0577053 0.00478489 0.0223167 0.000833678 
7.1229e-05 0.0075649 0.103501 0.0453455 0.162668 0.057833 0.0535006 0.149525 0.169067 0.153401 0.0166752 0.0709184 0.00992858 
3.6437e-05 2.28185e-05 0.0211717 0.00514695 0.034351 0.0349227 0.00486826 0.182427 0.561461 0.0630604 0.00252402 0.0891377 0.000869881 
0.00021184 0.00149574 0.117011 0.0509096 0.083824 0.0395353 0.00287568 0.0862273 0.348906 0.160917 0.00691071 0.079735 0.0214408 
6.43348e-05 0.00394284 0.0583693 0.0150259 0.0789475 0.0131962 0.00532187 0.0944765 0.331594 0.278786 0.00169135 0.112771 0.00581336 
0.000168504 0.00534905 0.0441479 0.0280065 0.139747 0.0321033 0.0116378 0.0437385 0.293369 0.288225 0.00174947 0.108525 0.00323295 
6.02554e-05 0.000524244 0.199374 0.00289708 0.0959765 0.0330998 0.000143598 0.0297203 0.402404 0.158469 7.07361e-05 0.0767957 0.00046506 
2.22905e-06 9.23068e-07 0.0322899 0.000825756 9.26569e-08 0.000116503 3.3371e-07 2.56187e-07 0.821782 8.33232e-08 4.10216e-07 0.143325 0.00165724 
0.000115868 0.0011874 0.0759161 0.0198488 0.0654758 0.0956505 0.00206689 0.135181 0.260249 0.106662 0.000699606 0.225856 0.0110909 
8.11126e-05 0.0121585 0.0627302 0.0416583 0.0670951 0.0644635 0.0369829 0.123018 0.39609 0.122044 0.00613002 0.0605582 0.00698998 
1.30019e-06 0.00124651 0.0951968 0.00179172 0.107144 0.0361059 0.00539238 0.0479246 0.556499 0.0357787 6.55427e-06 0.110218 0.0026943 
3.24561e-05 0.000152994 0.0356575 0.000446245 0.0131257 0.109834 0.00107122 0.032273 0.538301 0.0166869 0.000376234 0.249105 0.00293676 
2.07406e-05 0.00372311 0.110076 0.0123648 0.0740466 0.0192838 0.0233198 0.143602 0.321138 0.113116 0.0108657 0.118072 0.0503719 
0.000249412 0.000285323 0.0374683 0.0150016 0.0579297 0.0566128 0.00495753 0.0383444 0.533717 0.0844001 0.00566704 0.162003 0.00336398 
6.10128e-05 0.00294873 0.0893166 0.0114793 0.063387 0.113524 0.00424693 0.242703 0.252168 0.145542 0.000163199 0.0715737 0.00288611 
3.19152e-05 0.0150076 0.0457336 0.027151 0.202841 0.0414661 0.00752816 0.0237304 0.265212 0.107735 2.35407e-05 0.259945 0.00359399 
0.000292264 3.89631e-06 0.0176957 0.00892473 0.0802809 0.207074 0.0162642 0.02091 0.303583 0.201644 1.38215e-05 0.143052 0.000262204 
0.00304449 0.00243004 0.0737593 0.0186621 0.131285 0.0516437 0.0119241 0.0335812 0.482696 0.114776 0.00411741 0.0613155 0.0107653 
0.000245587 0.000108174 0.00962298 0.000317535 0.0186172 0.374711 0.0152187 0.0576597 0.467505 0.0304226 0.000175081 0.0245928 0.000803964 
1.07174e-05 0.00393102 0.053853 0.0291475 0.135642 0.231942 0.0278345 0.123079 0.246204 0.0858079 0.000701162 0.0593378 0.0025089 
0.000103006 0.00226576 0.0146128 0.0575792 0.0864546 0.0455939 0.0347775 0.0962003 0.332482 0.146799 0.00321803 0.023585 0.156329 
9.10114e-05 0.100971 0.145952 0.023029 0.117894 0.0379044 0.0368554 0.0253512 0.148517 0.0893677 0.148036 0.106601 0.019431 
0.000305232 0.00523171 0.112259 0.0477361 0.159853 0.0751546 0.0111766 0.0361137 0.347839 0.155685 0.000260156 0.0456538 0.00273228 
4.64436e-05 1.92326e-05 0.00208846 0.00221325 0.00067244 0.00111374 0.000411912 0.000725486 0.9878 0.00213036 0.000105586 0.0026549 1.77961e-05 
0.000148197 0.00151889 0.0557829 0.00973491 0.122205 0.117128 0.0233018 0.0888121 0.250342 0.155988 0.00453852 0.107562 0.0629384 
2.95556e-06 0.000111763 0.0031819 0.000363177 0.183815 0.0861647 0.00436472 0.0927958 0.374884 0.245867 0.000520014 0.00492596 0.00300324 
6.80294e-05 0.0110763 0.187515 0.0665259 0.166518 0.055767 0.022863 0.0366936 0.192339 0.123949 0.00746013 0.124643 0.00458137 
0.000515761 0.000405003 0.140047 0.0464069 0.0723441 0.179523 0.00604175 0.0318511 0.401918 0.0274347 0.00016726 0.0800977 0.0132481 
0.000561503 0.000272256 0.0491095 7.03396e-05 0.0593305 0.0776638 1.40436e-05 0.212326 0.380049 0.0280658 1.81816e-06 0.191043 0.00149227 
1.81285e-05 0.000558636 0.0321437 0.00679357 0.22484 0.0796711 0.0397585 0.0318481 0.366173 0.134069 0.0309702 0.0472498 0.00590656 
0.000194064 0.00595379 0.0711511 0.0134494 0.120413 0.0591522 0.00944215 0.0266808 0.407407 0.15205 0.0100131 0.119574 0.00451932 
0.000256912 0.00704724 0.0319049 0.00338776 0.0865098 0.0488893 0.00978766 0.0291531 0.40127 0.158378 0.00207437 0.218173 0.00316752 
3.09399e-06 0.000653323 0.0277727 0.00162839 0.0699456 0.0364185 0.0111287 0.0208098 0.726269 0.0265994 6.34113e-05 0.0759899 0.00271816 
0.000280809 0.000105683 0.117429 0.00834834 0.114217 0.0623896 0.0145156 0.0563637 0.43399 0.0178514 0.009203 0.11223 0.0530769 
0.00018857 0.00215473 0.0347325 0.0098145 0.329449 0.0203965 0.0112236 0.0570127 0.338027 0.175049 0.0102199 0.00907107 0.00266091 
0.000141875 0.00263442 0.0606869 0.0119843 0.107958 0.031425 0.00609658 0.0995951 0.327613 0.281457 0.00307516 0.0604884 0.00684385 
0.000684261 0.00506245 0.195146 0.00775428 0.14935 0.0480637 0.0268807 0.0687606 0.233136 0.151303 0.0344917 0.0693917 0.00997656 
0.000456839 0.00557267 0.061361 0.0288874 0.154777 0.0877118 0.0274396 0.112428 0.293492 0.124676 0.0107707 0.0841302 0.00829642 
0.000279235 0.00393447 0.16709 0.0452388 0.0748677 0.0273907 0.0069669 0.0690156 0.233841 0.21502 0.00197448 0.151552 0.00282826 
0.000239568 0.0285031 0.0982532 0.0517659 0.198447 0.0549561 0.0214996 0.0430744 0.226927 0.133195 0.000253195 0.121287 0.0215993 
7.98563e-05 0.00345944 0.0796321 0.0224327 0.211817 0.0205934 0.0036595 0.0603729 0.345282 0.190816 7.17146e-06 0.0581124 0.00373581 
0.000752329 0.0028451 0.0660626 0.0147899 0.055691 0.0303157 0.00039106 0.0207256 0.606216 0.0988785 0.00172284 0.100924 0.000685863 
0.000297717 0.00167186 0.0497148 0.0323395 0.0736341 0.0472733 0.032741 0.0735817 0.322735 0.0710097 0.0683491 0.074233 0.15242 
0.000204385 0.0136264 0.0433424 0.00602809 0.188818 0.0510023 0.00461783 0.0669714 0.368466 0.194284 0.000378801 0.0607151 0.00154529 
0.00102834 0.00209951 0.0293496 0.0104453 0.0537613 0.0580665 0.044982 0.104116 0.415366 0.229498 0.0102045 0.0319462 0.00913625 
0.00095953 0.000134828 0.0383066 0.00610608 0.0623789 0.0499072 0.0366734 0.0575688 0.408488 0.146705 0.00012838 0.172018 0.0206253 
4.37461e-05 0.00632416 0.0600145 0.0101785 0.0946298 0.0450494 0.0169637 0.230959 0.338094 0.10824 0.0104518 0.0751912 0.00386117 
0.000422492 0.0291157 0.0467038 0.0108994 0.126442 0.0676143 0.0263775 0.0522483 0.400774 0.155564 0.000148421 0.0748176 0.00887332 
0.0089631 0.00371626 0.0545587 0.0219335 0.0460333 0.0628772 0.0228108 0.0879881 0.519027 0.0693263 0.0196351 0.0770938 0.00603682 
0.000387262 0.00255127 0.0403036 0.00758435 0.231709 0.0274431 0.0520521 0.0666205 0.501961 0.0421472 0.000239651 0.0249178 0.00208303 
0.000261512 0.00217633 0.0572572 0.0200918 0.125405 0.0251766 0.00999809 0.021579 0.510527 0.15931 0.000273775 0.0659717 0.00197152 
8.49775e-06 0.000928609 0.0393819 0.00137887 0.0388441 0.0282856 0.0214325 0.024312 0.672577 0.0271976 0.000176531 0.137716 0.0077609 
0.000539467 1.51206e-06 0.00901426 4.06753e-07 0.000461178 0.00321102 5.46644e-07 0.0112557 0.83148 1.3649e-07 6.71967e-07 0.143304 0.000731397 
8.19731e-06 0.000328112 0.069727 0.0185011 0.157539 0.0540084 0.00896408 0.0266906 0.32697 0.239661 0.000298031 0.0939506 0.00335361 
3.31944e-05 0.00108911 0.0627557 0.00798577 0.113105 0.0265687 0.00484009 0.278363 0.300753 0.156188 0.0188018 0.027994 0.00152232 
2.28616e-05 0.00112602 0.0817287 0.0338884 0.0199671 0.021984 0.00535882 0.0159188 0.416061 0.0427229 0.000864203 0.32457 0.0357868 
7.40893e-05 0.000686179 0.0111431 0.0114709 0.0683109 0.011212 0.038263 0.095028 0.554933 0.11736 0.000306328 0.0340994 0.0571135 
9.86341e-05 0.00290869 0.0991707 0.0145971 0.2495 0.030647 0.0139305 0.113437 0.280122 0.0956097 0.0352197 0.0337834 0.0309759 
1.78989e-05 0.00926114 0.0706919 0.0474564 0.100637 0.0511634 0.00582208 0.016896 0.567317 0.0659598 0.00659395 0.0550522 0.00313053 
7.34749e-05 0.01147 0.0159581 0.00910679 0.0621679 0.0144623 0.0403692 0.123356 0.507733 0.104381 0.000462648 0.0446909 0.0657685 
0.000268061 0.00157358 0.110053 0.0172551 0.14616 0.0716221 0.0119643 0.0651648 0.230724 0.175677 0.00768726 0.158212 0.0036373 
0.00022511 0.00224953 0.168181 0.0612478 0.125109 0.0415285 0.120379 0.0217404 0.220207 0.194635 0.000152488 0.042357 0.00198893 
1.71944e-08 1.91818e-06 0.000565127 5.45653e-07 0.0784231 0.00835659 0.00235999 0.132988 0.516594 0.108267 0.00113913 0.141746 0.00955843 
8.1308e-05 0.00225777 0.117516 0.0271631 0.156906 0.0642016 0.0127831 0.0179845 0.28097 0.179504 2.05306e-05 0.13745 0.00316128 
0.000257358 0.00076612 0.0713923 0.0156797 0.109522 0.10809 0.106414 0.163353 0.192881 0.0963627 0.0060056 0.071708 0.0575681 
0.00139275 0.00602516 0.0856796 0.00971337 0.136873 0.0321974 0.0175527 0.0592475 0.338413 0.199116 0.000978026 0.108432 0.00437931 
0.000615326 0.00719595 0.0986041 0.0280731 0.162153 0.0232828 0.00317362 0.0331486 0.390045 0.189401 1.51175e-05 0.0621374 0.00215482 
0.0167559 0.00025585 0.0265613 0.00401921 0.0792406 0.0506774 0.0209838 0.0913056 0.469652 0.0618268 0.000114026 0.176565 0.0020428 
