0.000160023 0.0303635 0.105716 0.0335709 0.213148 0.0166375 0.00343511 0.0270291 0.0245314 0.436457 0.000381432 0.107685 0.000885575 
0.000661611 0.0037176 0.0393377 0.0247287 0.0841101 0.100668 0.200716 0.167299 0.0289237 0.206322 0.00949796 0.119478 0.01454 
0.00228059 0.0543054 0.0873725 0.0112231 0.135555 0.0156748 0.0162013 0.00981672 0.00565328 0.37055 0.000423588 0.289361 0.00158314 
7.29768e-05 0.00451773 0.0815695 0.00903209 0.131185 0.0110054 0.0110263 0.229351 0.00416568 0.360965 8.02069e-05 0.155223 0.00180582 
0.000515576 0.00483624 0.0346211 0.0317876 0.0865186 0.123243 0.0330264 0.0381264 0.0283858 0.535233 0.00397631 0.0733679 0.00636208 
0.000144792 0.00337644 0.0399653 0.0567971 0.145302 0.0709177 0.0163373 0.0583623 0.0246953 0.440117 0.00324027 0.134849 0.00589571 
0.000144546 0.00134295 0.063564 0.0358112 0.17423 0.182898 0.165071 0.0233569 0.0220888 0.189602 0.000621914 0.135485 0.00578396 
0.00596271 0.00360971 0.00823845 0.011843 0.183459 0.139007 0.0144103 0.0606648 0.00693382 0.522361 0.0152669 0.0216506 0.00659289 
0.00013721 0.00707187 0.16026 0.0126712 0.234734 0.0425904 0.0128141 0.0588486 0.0325003 0.270507 0.00162952 0.157873 0.00836255 
0.00106523 0.0372141 0.139383 0.0599025 0.105985 0.095838 0.0182353 0.0161133 0.0431827 0.27991 0.0016287 0.199898 0.00164486 
0.00035216 0.0210722 0.0489009 0.0303868 0.146352 0.0336257 0.0271956 0.059537 0.0206462 0.42578 0.00487521 0.168171 0.0131055 
0.000152858 0.00607102 0.0653625 0.0294389 0.202593 0.0272618 0.0134405 0.0144877 0.0126801 0.514061 0.000347401 0.111023 0.00307966 
0.00183327 0.00353114 0.0692394 0.0212218 0.279071 0.0375899 0.0106004 0.047043 0.0261565 0.426816 0.00398737 0.0696272 0.0032827 
5.64543e-05 0.00136703 0.0946385 0.00400516 0.0709681 0.0926741 0.0417547 0.0681287 0.0187658 0.345051 0.0109978 0.249407 0.00218577 
0.000280616 0.00598274 0.0716213 0.0253012 0.283501 0.0408852 0.0146602 0.055562 0.0285403 0.380047 9.74139e-05 0.0891424 0.0043779 
3.68308e-05 0.00291504 0.0882465 0.033116 0.0777725 0.0120032 0.0435715 0.102398 0.0190732 0.492177 0.0131514 0.113362 0.00217616 
0.000511732 0.0189115 0.0282995 0.0169265 0.0925357 0.031262 0.0168094 0.00699413 0.00612827 0.47358 0.00148833 0.305201 0.00135245 
0.000187524 0.00448883 0.0345412 0.0181144 0.0840393 0.0172623 0.0082667 0.0125761 0.0193182 0.588086 0.000440442 0.211153 0.00152621 
0.000216074 0.0200433 0.0664162 0.02829 0.200149 0.0152841 0.00674207 0.0136579 0.009644 0.441029 0.00201506 0.193154 0.00335893 
0.00114063 0.0311377 0.0878521 0.0667052 0.124037 0.0231027 0.00629945 0.0128331 0.0214527 0.542444 0.00044486 0.076892 0.00565815 
0.000203156 0.0153994 0.0843508 0.0229154 0.145122 0.00981629 0.00775658 0.0210004 0.0486392 0.471762 0.00202458 0.158966 0.0120442 
0.000210252 0.00440963 0.0761493 0.0418068 0.255346 0.0263038 0.007307 0.0130696 0.0161017 0.44569 0.00155277 0.109259 0.00279376 
0.000734118 0.00538761 0.0667703 0.0455574 0.220635 0.112841 0.105332 0.0281833 0.0159032 0.277328 0.000195633 0.113854 0.00727905 
6.11644e-05 0.00576969 0.152796 0.166665 0.178168 0.0405555 0.0212404 0.0689618 0.0324271 0.181721 4.94286e-05 0.148723 0.00286198 
0.000105774 0.00553003 0.0129633 0.000466262 0.0174065 0.0207867 0.00637151 0.17001 0.0216446 0.690918 6.89779e-06 0.0518427 0.00194851 
3.38982e-06 0.00154976 0.0376081 0.0394282 0.100548 0.0444811 0.10476 0.131565 0.0204844 0.397853 0.0737553 0.0446092 0.0033553 
0.00039762 0.00239947 0.0327092 0.0298067 0.0633942 0.0843524 0.0834432 0.0561778 0.0553862 0.468555 0.0375486 0.0791215 0.00670781 
3.25632e-05 0.0136509 0.0196136 0.0480958 0.0662149 0.0685647 0.0237773 0.1635 0.0403304 0.458038 0.00445581 0.0728431 0.0208835 
0.000488529 0.0101684 0.0551135 0.0280204 0.172844 0.0350858 0.0127567 0.0634894 0.151518 0.378473 0.00510478 0.0807213 0.00621614 
0.000760097 0.00360725 0.0695691 0.019235 0.0820475 0.0432118 0.0415348 0.138764 0.0157418 0.372808 0.00402967 0.18751 0.021181 
0.00421565 0.0101603 0.0350931 0.0325308 0.0921264 0.0690371 0.026021 0.0872621 0.0782006 0.407725 0.0269829 0.122833 0.00781139 
0.00185014 0.0103616 0.0471423 0.0176925 0.140818 0.0687805 0.018342 0.0120548 0.0163985 0.511623 0.000758182 0.14734 0.00683858 
0.000354374 0.0185001 0.0526792 0.0167763 0.156909 0.212868 0.048689 0.0464018 0.0309868 0.239228 0.00450383 0.162874 0.00922881 
0.000434831 0.00223833 0.0833952 0.0349573 0.262392 0.0870603 0.0131658 0.0400484 0.0147473 0.362301 0.00360807 0.0884958 0.00715583 
7.79613e-06 0.0011588 0.222217 0.0294634 0.188371 0.128186 0.0270155 0.00445932 0.000559238 0.276703 1.63931e-05 0.119677 0.00216605 
0.000667743 0.0158262 0.0495049 0.0169185 0.156694 0.127322 0.120167 0.0491958 0.0185448 0.334371 0.0104026 0.0949901 0.00539576 
5.79116e-05 0.0216705 0.0249615 0.0107105 0.0508014 0.0279679 0.0225234 0.13891 0.010791 0.421959 0.0180315 0.234961 0.0166542 
0.000901385 0.00063972 0.0392422 0.0229186 0.0649532 0.16778 0.00655351 0.034968 0.0277293 0.560338 0.000289528 0.0713633 0.00232356 
0.000394265 0.00168318 0.120387 0.0229644 0.264112 0.0410806 0.00885319 0.0102041 0.0151095 0.36146 0.000242642 0.146333 0.00717568 
0.000317733 0.0175536 0.122331 0.0233807 0.0737889 0.0401919 0.0523964 0.0281147 0.0184315 0.393398 0.00464234 0.223465 0.00198794 
0.000368278 0.0202417 0.0465517 0.0153261 0.0514939 0.0746073 0.0837578 0.220667 0.0148185 0.335333 0.00914822 0.122924 0.00476253 
0.000527109 0.01539 0.0585725 0.0215271 0.258596 0.0880879 0.0261764 0.0467219 0.0236961 0.372008 0.0125326 0.071691 0.00447323 
0.000366572 0.00993345 0.0790553 0.0240029 0.246249 0.0784387 0.0375928 0.0760676 0.0441878 0.27974 0.010513 0.107967 0.00588662 
0.000276632 0.00640529 0.0763065 0.0375252 0.310526 0.0516911 0.00989733 0.0258966 0.0280483 0.310593 0.00460951 0.122134 0.01609 
0.000563437 0.0123348 0.0338671 0.0180373 0.264867 0.0221982 0.0141132 0.00956698 0.00332518 0.440155 0.00268166 0.166771 0.0115187 
3.8698e-05 0.00494736 0.0261468 0.0196088 0.0802904 0.0421706 0.0128468 0.24795 0.0396161 0.331935 0.0231255 0.144056 0.0272682 
3.01213e-05 0.0134192 0.0684466 0.0128226 0.0571993 0.0130526 0.0249967 0.0249774 0.0101273 0.388273 0.00673869 0.377314 0.00260318 
0.00419221 0.00263841 0.147527 0.0436739 0.139799 0.0784913 0.0210621 0.142648 0.128535 0.190278 0.00790466 0.0778106 0.0154387 
0.00124393 0.00289313 0.0649895 0.0227035 0.219026 0.141627 0.0196035 0.0445894 0.050305 0.345602 0.00789553 0.0621452 0.0173759 
8.22477e-05 0.0100083 0.0898293 0.0202773 0.246877 0.0254069 0.00704031 0.0104894 0.0218883 0.34783 0.00738949 0.212032 0.000848827 
0.000567558 0.00424331 0.054072 0.0440085 0.118867 0.0383516 0.0301801 0.0249802 0.0195841 0.573206 0.0147896 0.0503456 0.0268038 
0.000211684 0.00229019 0.038816 0.0190157 0.33585 0.00558721 0.00181971 0.002137 0.00426132 0.501174 0.000629705 0.0877423 0.000465129 
0.000692432 0.0500618 0.033098 0.0189791 0.0265584 0.0226465 0.0158233 0.050011 0.00776121 0.429452 0.00486509 0.334059 0.00599159 
1.64755e-05 0.000257716 0.155729 0.0523163 0.123494 0.012129 0.00255503 0.0537856 0.0593613 0.37347 0.000589873 0.165019 0.00127749 
0.000599603 0.0027761 0.0491327 0.0548985 0.102206 0.151218 0.0293159 0.0790816 0.00567955 0.26032 0.000116575 0.259223 0.00543259 
0.00187803 0.00528969 0.0946377 0.0183006 0.195645 0.116108 0.0508328 0.20098 0.0246487 0.206436 0.0081885 0.0661455 0.010909 
0.00145658 0.0113661 0.0553198 0.0176091 0.185131 0.134428 0.0577477 0.0639696 0.167113 0.211368 0.0166005 0.0578145 0.0200752 
0.0001687 0.00725032 0.0530561 0.0281156 0.198688 0.067928 0.0352271 0.0723213 0.0941835 0.318562 0.005414 0.108336 0.0107495 
0.000606405 0.0130643 0.057751 0.0311143 0.205284 0.0638893 0.0334395 0.0573601 0.0293233 0.399484 0.00905897 0.0913203 0.00830418 
0.00186095 0.0328714 0.037203 0.010999 0.172948 0.115338 0.0331244 0.0658859 0.0126114 0.240627 0.0431224 0.229213 0.00419592 
8.83114e-05 0.00859828 0.0570852 0.0294082 0.23358 0.0809864 0.0422628 0.0495053 0.00956645 0.312042 0.0112123 0.155927 0.00973867 
0.000336068 0.0414732 0.111709 0.0636352 0.234515 0.0198999 0.00155328 0.00633981 0.00661767 0.309436 8.86435e-06 0.203322 0.00115423 
0.000221924 0.00568763 0.0576373 0.020483 0.0978251 0.0196109 0.0068045 0.0342601 0.0158888 0.624674 0.0101737 0.103807 0.00292587 
0.033409 0.107669 0.0429624 0.0113171 0.0395077 0.00709261 0.0110277 0.0281083 0.0158724 0.364964 0.000856653 0.335352 0.00186121 
0.00102177 0.0215015 0.0545955 0.0209499 0.130673 0.0253034 0.01292 0.0151388 0.00987792 0.532234 0.00565811 0.159905 0.0102222 
0.000464067 0.0106924 0.0358451 0.0203356 0.312371 0.0162131 0.0116881 0.0073853 0.00335278 0.401018 0.00244525 0.172966 0.00522321 
0.000600918 0.00720448 0.0473463 0.0149865 0.259997 0.0745923 0.0131362 0.0510342 0.0261976 0.374961 0.00804022 0.117511 0.004392 
0.00113239 0.0058675 0.0654892 0.0224146 0.252059 0.0207768 0.0104566 0.0206967 0.00519195 0.524316 4.72329e-05 0.07113 0.00042287 
0.000136512 0.00604435 0.0249557 0.0135401 0.0672783 0.0286219 0.0507667 0.175763 0.0204141 0.506079 0.0160125 0.0709511 0.0194367 
0.000808658 0.00337396 0.232426 0.110091 0.0485584 0.135312 0.0215762 0.0443614 0.00985497 0.284795 0.0104482 0.0944885 0.00390593 
0.000207359 0.0133859 0.0421131 0.0105048 0.092949 0.148306 0.0577453 0.162164 0.114709 0.175444 0.0529473 0.121412 0.00811288 
0.000570135 0.0040847 0.0509232 0.0216566 0.157857 0.0827583 0.0254623 0.0519646 0.0489548 0.269251 0.0204276 0.261397 0.0046926 
0.00044307 0.0035682 0.0409227 0.00714029 0.193483 0.12986 0.151725 0.0111076 0.0172417 0.370814 0.00136666 0.0663294 0.00599852 
0.000146604 0.00519231 0.0553867 0.0249752 0.171553 0.0231511 0.0114349 0.0123159 0.0107847 0.588092 0.000316333 0.0940111 0.0026405 
6.86547e-05 0.00530369 0.0214246 0.0134858 0.0639082 0.0468902 0.0507978 0.23878 0.0104801 0.445816 0.030766 0.0633552 0.00892382 
0.000576993 0.0305168 0.0353653 0.0177315 0.224002 0.0707028 0.102437 0.0195491 0.012162 0.340631 0.00291753 0.134152 0.00925651 
0.000814482 0.00223959 0.0450861 0.0111264 0.15653 0.0579605 0.0882809 0.00978668 0.0194396 0.45858 0.0290934 0.12 0.00106234 
0.000950062 0.0271437 0.176198 0.028632 0.153499 0.0124467 0.0379401 0.0104483 0.00348285 0.271046 0.000994784 0.265178 0.0120404 
0.000566396 0.00515412 0.129995 0.0470812 0.208073 0.0306079 0.00575549 0.0244404 0.0258506 0.424592 0.00473795 0.0832807 0.00986478 
0.000455772 0.0213377 0.0753148 0.0256519 0.19149 0.0390196 0.0172187 0.043397 0.0134812 0.296417 3.24403e-05 0.26968 0.00650367 
0.00022648 0.00039055 0.107555 0.0463137 0.142164 0.0232877 0.0989503 0.0306831 0.0621549 0.264485 0.000266492 0.221051 0.00247206 
0.00130942 0.0283672 0.0338199 0.0677786 0.0799624 0.023668 0.00498559 0.0107193 0.0120278 0.419725 0.00208378 0.313465 0.00208769 
7.49214e-07 0.00013872 0.0233496 0.00119945 0.341766 0.0251686 0.00223285 0.025455 0.0273989 0.508051 7.25631e-05 0.0433294 0.00183683 
0.000756711 0.00213633 0.0611114 0.0501275 0.224658 0.0356889 0.0231303 0.110767 0.0195743 0.399874 0.00386123 0.0634871 0.00482773 
0.000723125 0.112201 0.094794 0.118358 0.208867 0.0156617 0.00357539 0.0322737 0.0228005 0.271311 0.00498906 0.110863 0.00358169 
0.000252592 0.00248701 0.0621596 0.0254562 0.316396 0.0280836 0.0342577 0.0263613 0.0053727 0.399219 1.39755e-05 0.0980191 0.00192155 
0.000377097 7.69473e-05 0.0484917 0.00956779 0.164591 0.272545 0.0193252 0.0019654 0.0225841 0.392805 1.34948e-05 0.0671019 0.000555309 
0.0158452 0.0144394 0.0296558 0.0221581 0.104283 0.0923489 0.0518949 0.0706269 0.00619729 0.53283 0.0129151 0.0379539 0.00885144 
0.00184169 0.00606778 0.0823164 0.059938 0.171052 0.095004 0.0597128 0.0624884 0.0148416 0.325644 0.0220772 0.0915553 0.00746022 
0.00066454 0.0020571 0.0684533 0.0264258 0.121577 0.0322801 0.00789645 0.0108493 0.00781299 0.357872 0.00131111 0.353624 0.00917621 
0.0167623 0.0338964 0.0390573 0.0257235 0.105736 0.0223932 0.173441 0.041641 0.0105002 0.304149 0.00409296 0.171726 0.0508815 
0.000369358 0.0102744 0.0614377 0.0230432 0.182704 0.0201611 0.0162157 0.0383796 0.00782403 0.4737 0.00947275 0.119005 0.0374133 
0.00204057 0.00340291 0.0103112 0.0226739 0.0474601 0.0180126 0.0374105 0.0943308 0.0216656 0.576112 0.00956574 0.154012 0.00300222 
0.000140642 0.00309422 0.0234158 0.0320219 0.0773654 0.0609488 0.0692122 0.158022 0.0205001 0.281693 0.0755251 0.19152 0.00654097 
0.000211352 0.0209507 0.0824669 0.0372385 0.155708 0.114056 0.0202389 0.0370067 0.101818 0.262378 0.00499317 0.15326 0.00967249 
0.000390307 0.0151823 0.0459711 0.0205557 0.168878 0.0325878 0.0242001 0.0641395 0.00586476 0.509754 0.0217685 0.0825582 0.00814992 
3.68308e-05 0.00291504 0.0882465 0.033116 0.0777725 0.0120032 0.0435715 0.102398 0.0190732 0.492177 0.0131514 0.113362 0.00217616 
7.26094e-06 0.0172548 0.0692636 0.0539177 0.118761 0.0448094 0.0400093 0.130615 0.0392819 0.256924 0.005965 0.203384 0.0198068 
0.00331704 0.00419122 0.0268542 0.0315601 0.125458 0.0655933 0.0496731 0.0876237 0.00812564 0.526472 0.0239169 0.0425257 0.00468913 
0.000169071 0.00540107 0.0820401 0.00656954 0.149306 0.0590937 0.01904 0.0465501 0.0153642 0.535115 2.06138e-05 0.0807109 0.000619521 
0.00110737 0.00623618 0.0523845 0.0633073 0.210603 0.168635 0.0336638 0.0209169 0.0120419 0.284093 0.000175343 0.137945 0.00889105 
0.000872099 0.0261421 0.138513 0.0281856 0.246674 0.0455906 0.01676 0.0338362 0.0268472 0.286286 0.000215779 0.14815 0.00192796 
0.005362 0.00408966 0.0796652 0.0297799 0.188191 0.134556 0.0299527 0.0948293 0.041862 0.290616 0.0115428 0.0827122 0.00684081 
0.000793335 0.00810877 0.0553364 0.0243736 0.165673 0.112424 0.021203 0.0596637 0.0176253 0.38933 0.00761721 0.129794 0.0080584 
0.000409153 0.0113915 0.0368987 0.00828943 0.102368 0.0731674 0.0311122 0.204145 0.012581 0.378158 0.0174866 0.114678 0.00931511 
0.0167623 0.0338964 0.0390573 0.0257235 0.105736 0.0223932 0.173441 0.041641 0.0105002 0.304149 0.00409296 0.171726 0.0508815 
0.000251245 0.0302221 0.0694259 0.0927403 0.161032 0.0362691 0.0360583 0.0158644 0.0216317 0.361624 0.000144591 0.155638 0.0190978 
0.000758855 0.00719839 0.0534272 0.016577 0.122512 0.0472846 0.00413146 0.0341673 0.0327604 0.564598 0.0056832 0.10862 0.00228191 
0.000278035 0.0175398 0.0431648 0.0328799 0.0580625 0.0188651 0.0112795 0.0692818 0.0185991 0.631294 0.000408538 0.0946959 0.00365064 
1.76007e-05 0.0100504 0.0111035 0.00720918 0.0270922 0.0159975 0.124371 0.038619 0.00479771 0.558427 0.00792312 0.176836 0.0175558 
0.000354066 0.00283399 0.175204 0.0456375 0.170613 0.168043 0.0479841 0.0725739 0.0054801 0.204887 0.00580498 0.098558 0.00202631 
0.00102061 0.0137683 0.0672773 0.0311377 0.179284 0.0904996 0.0406157 0.094601 0.0735413 0.253073 0.00557641 0.140145 0.00946032 
0.000168009 0.00290165 0.0343637 0.00705777 0.108996 0.0622168 0.00831464 0.0660743 0.0138562 0.580459 0.0109591 0.0964565 0.00817646 
0.000366269 0.00373378 0.0834093 0.0157257 0.270775 0.032337 0.0148943 0.0225454 0.101238 0.363708 0.00456859 0.0790924 0.00760587 
0.000806812 0.0139271 0.0768496 0.0438463 0.276788 0.0277417 0.0440746 0.00599625 0.0041047 0.318391 0.000221567 0.185367 0.00188561 
0.000467359 0.0429582 0.058624 0.225353 0.0432846 0.0163083 0.0207347 0.0507724 0.00584404 0.290309 0.00446523 0.232514 0.00836534 
0.000189 0.00399475 0.0619789 0.0121206 0.251011 0.0659509 0.0718585 0.0814093 0.0222699 0.315793 0.00312203 0.10408 0.00622141 
0.000563437 0.0123348 0.0338671 0.0180373 0.264867 0.0221982 0.0141132 0.00956698 0.00332518 0.440155 0.00268166 0.166771 0.0115187 
0.000577464 0.00400979 0.105299 0.0338549 0.263859 0.0671223 0.034629 0.0297255 0.00864385 0.32233 0.00513738 0.107973 0.0168385 
0.00023066 0.00271852 0.103109 0.0240441 0.0949561 0.0813456 0.0484104 0.142788 0.0467511 0.366345 0.00788796 0.0567865 0.0246276 
0.000245556 0.00389952 0.162002 0.0498095 0.145925 0.0644193 0.112995 0.00787723 0.00358798 0.299694 9.41429e-05 0.12976 0.0196908 
0.000716316 0.00851268 0.0624383 0.0689157 0.162206 0.0833837 0.0178138 0.0443285 0.0134876 0.351544 0.00170154 0.175474 0.00947694 
0.00010291 0.0119342 0.0306934 0.0160912 0.0754077 0.0179336 0.319112 0.0493071 0.00501426 0.328061 0.0326698 0.102204 0.0114679 
9.49418e-05 0.00264712 0.052624 0.0231006 0.056767 0.0160498 0.0330329 0.0226051 0.00948439 0.651045 0.000764349 0.127654 0.00413115 
0.000448422 0.00971806 0.0661554 0.0169061 0.0629137 0.0349975 0.0408102 0.114229 0.220853 0.287534 0.0097642 0.12038 0.0152911 
0.000173003 0.00290012 0.0299097 0.0175291 0.232921 0.0576592 0.0218776 0.08929 0.245193 0.270705 0.00551036 0.0204158 0.00591644 
0.000864676 0.00414253 0.0371185 0.0228165 0.240916 0.12673 0.153196 0.033746 0.0102481 0.276481 0.00225454 0.0862147 0.00527211 
5.88564e-05 0.0186898 0.0396177 0.0300259 0.166303 0.0226721 0.0048109 0.0191863 0.0160995 0.566283 0.000421279 0.114342 0.00148841 
0.000323344 0.0248378 0.0690766 0.0717573 0.320281 0.0423076 0.017066 0.0297286 0.0141252 0.321664 0.00347724 0.0816481 0.00370714 
0.000328375 0.00905919 0.0855019 0.0203668 0.115253 0.147326 0.0169933 0.0321065 0.0603731 0.401936 0.0364506 0.0677029 0.00660262 
0.000229461 0.01137 0.0577864 0.00645417 0.117773 0.0723367 0.0149639 0.111938 0.0188186 0.354144 0.01416 0.21696 0.00306531 
0.000600918 0.00720448 0.0473463 0.0149865 0.259997 0.0745923 0.0131362 0.0510342 0.0261976 0.374961 0.00804022 0.117511 0.004392 
0.000466566 0.0152761 0.0353051 0.0113498 0.0495184 0.0228901 0.0050511 0.0050148 0.00463638 0.551214 2.8524e-05 0.297737 0.00151214 
0.00229674 0.0108748 0.0766775 0.0283963 0.226568 0.0747262 0.0344564 0.04538 0.0246675 0.251444 0.00951521 0.206516 0.00848187 
0.000212767 0.00485011 0.0787688 0.0201172 0.232461 0.0329162 0.0145199 0.0138276 0.00821048 0.475079 0.00255191 0.113657 0.0028283 
0.000103415 0.00891264 0.0516074 0.00530923 0.103431 0.0147554 0.0186026 0.019033 0.00892307 0.489516 3.02507e-05 0.277269 0.00250812 
0.000300007 0.00574607 0.0426647 0.0298495 0.109492 0.0794343 0.0412981 0.111844 0.114155 0.365306 0.00895533 0.0854552 0.00549938 
0.000187371 0.0307517 0.0799322 0.014124 0.188693 0.0161483 0.0190484 0.0402004 0.00843211 0.387268 0.00451158 0.208518 0.00218501 
1.97192e-05 0.0120974 0.0904301 0.0503693 0.14021 0.126087 0.060261 0.108882 0.0745216 0.18408 0.0144933 0.117837 0.0207117 
0.0017196 0.00132784 0.0210197 0.0248637 0.107203 0.234362 0.0038369 0.0150243 0.00549586 0.439629 0.000218273 0.137647 0.00765281 
0.000494772 0.00434457 0.0596423 0.0880119 0.1254 0.127232 0.00916374 0.0116253 0.00736404 0.395576 0.000494845 0.16903 0.00162143 
0.00204057 0.00340291 0.0103112 0.0226739 0.0474601 0.0180126 0.0374105 0.0943308 0.0216656 0.576112 0.00956574 0.154012 0.00300222 
0.00163869 0.0465301 0.0369719 0.01262 0.0830779 0.0352778 0.0122719 0.0177508 0.00729823 0.554318 0.000537313 0.18804 0.00366751 
0.000441409 0.0510087 0.0387358 0.0127223 0.0212239 0.0133204 0.00400572 0.0778887 0.0508827 0.522157 0.000745175 0.205274 0.00159465 
0.000363214 0.00677857 0.0379298 0.0353461 0.164932 0.0870435 0.0229632 0.048604 0.00616267 0.529767 0.0136404 0.0382662 0.00820284 
0.000276915 0.00966816 0.01807 0.0145935 0.0552497 0.0550086 0.0520656 0.0647845 0.00382771 0.435207 0.0191379 0.253696 0.0184143 
0.000406258 0.00361138 0.0472684 0.0198494 0.121334 0.15763 0.0718806 0.114685 0.0234083 0.314572 0.028089 0.0696272 0.0276388 
0.00180439 0.0115383 0.0358566 0.0434871 0.215159 0.0410428 0.0249999 0.0330894 0.124029 0.316269 0.00146028 0.139366 0.0118981 
1.1899e-05 0.136225 0.0459523 0.00559585 0.0661741 0.0127424 0.0141524 0.211821 0.00899157 0.34015 0.0512151 0.10259 0.00437891 
9.49418e-05 0.00264712 0.052624 0.0231006 0.056767 0.0160498 0.0330329 0.0226051 0.00948439 0.651045 0.000764349 0.127654 0.00413115 
0.000728529 0.012409 0.128658 0.0125929 0.138426 0.0380384 0.107663 0.0862173 0.0151162 0.254927 0.0150323 0.184676 0.00551465 
0.000213452 0.00276024 0.0848249 0.0384543 0.27466 0.0195911 0.00777865 0.00729544 0.0516613 0.434272 6.94396e-06 0.0755846 0.00289749 
0.000312383 0.00334498 0.169201 0.0188418 0.0482924 0.120206 0.00760162 0.0381152 0.0165166 0.385759 1.32807e-05 0.172529 0.0192672 
0.000252879 0.0205894 0.0333038 0.014759 0.24165 0.0393644 0.0185715 0.0878004 0.00986354 0.413125 0.00782207 0.101012 0.0118863 
1.79206e-05 0.00123616 0.119435 0.0120086 0.169385 0.0176063 0.00907655 0.00290436 0.0251126 0.514275 0.000780854 0.127429 0.000732284 
0.00193328 0.00744761 0.0496332 0.0172877 0.167037 0.156243 0.0200809 0.0274412 0.0132293 0.354612 0.000693379 0.178191 0.00616904 
1.24573e-05 0.00184275 0.0254813 0.0548055 0.252006 0.0184335 0.0257786 0.0634769 0.179967 0.354731 0.0049586 0.0161958 0.00231033 
0.000352764 0.00157828 0.131471 0.022869 0.276854 0.0450229 0.00960479 0.0103933 0.0137989 0.346124 0.000220204 0.133263 0.00844843 
0.00345421 0.00627868 0.0298831 0.014188 0.256943 0.051112 0.090685 0.16193 0.0253175 0.267738 0.0166887 0.038802 0.0369797 
4.94944e-05 0.0178278 0.119887 0.0111096 0.127387 0.0100882 0.0347038 0.028282 0.00755589 0.380833 0.000498048 0.258915 0.00286352 
6.69432e-05 0.00672343 0.0361669 0.0317434 0.0917677 0.0319339 0.0311177 0.0643605 0.0223446 0.493271 0.0328762 0.146952 0.0106762 
0.000469727 0.00180908 0.126387 0.0212429 0.0862837 0.0538637 0.0367559 0.0414935 0.0112542 0.305307 0.00762352 0.304464 0.00304563 
0.000731063 0.0023576 0.0746585 0.023545 0.239119 0.154963 0.0239441 0.0279151 0.0140668 0.305093 0.000782754 0.130865 0.00195952 
0.000474916 0.0102687 0.0674759 0.0596248 0.224043 0.0293257 0.0251188 0.0314324 0.11827 0.335974 0.00815085 0.0847821 0.00505923 
0.000407436 0.00596091 0.059974 0.0210635 0.179367 0.245307 0.0184329 0.0871919 0.0537417 0.250912 0.00677865 0.0566482 0.0142152 
0.00036357 0.0438977 0.0617361 0.0304844 0.230811 0.0438339 0.0142293 0.040456 0.0277513 0.352348 0.00791436 0.135781 0.0103922 
0.000808748 0.00606777 0.041626 0.029323 0.0908581 0.0484361 0.0940154 0.131723 0.00934301 0.404965 0.00299491 0.137816 0.00202237 
0.000124162 0.0138384 0.0629157 0.0263832 0.329216 0.0501346 0.0115395 0.0164932 0.0498876 0.367343 0.00534241 0.0622347 0.00454779 
0.000584593 0.00539093 0.0676351 0.0576768 0.0683125 0.074579 0.0521086 0.0712189 0.0113435 0.245649 0.00768 0.0988468 0.238975 
0.000368325 0.0282541 0.0156965 0.00616031 0.0272179 0.050017 0.0429162 0.186767 0.0161864 0.444859 0.0146753 0.0758062 0.0910761 
0.000185991 0.00705827 0.0375355 0.0176118 0.20583 0.21075 0.0407564 0.0703248 0.0200304 0.259841 0.0058044 0.0981579 0.0261138 
0.00021081 0.0520266 0.0547039 0.0379399 0.121628 0.0434984 0.0139544 0.0635077 0.0113561 0.39604 0.00162273 0.190171 0.0133409 
0.000445127 0.0266187 0.118042 0.0580869 0.222997 0.0367793 0.0333332 0.0357267 0.0134437 0.353949 0.0164805 0.0794748 0.00462304 
0.000356684 0.00419377 0.0269926 0.00857461 0.13278 0.165545 0.0719747 0.185059 0.00776522 0.284225 0.0534409 0.0531966 0.00589643 
0.0012316 0.00107536 0.0428484 0.0100512 0.150139 0.125945 0.0100352 0.0235735 0.0118959 0.439228 0.000563644 0.17808 0.00533378 
0.000355418 0.00905386 0.0279517 0.0142601 0.126151 0.0366561 0.0205667 0.050153 0.0247809 0.441212 0.00162717 0.227314 0.0199183 
0.000926988 0.00203283 0.0503257 0.0265989 0.195282 0.161188 0.0162894 0.0114415 0.00827101 0.4494 0.000143322 0.0757722 0.00232723 
0.000501185 0.0110381 0.040209 0.00804087 0.178094 0.106842 0.0168045 0.0364319 0.0142232 0.47747 0.0023543 0.103601 0.0043904 
0.000204938 0.0223815 0.231344 0.0304286 0.0869621 0.0128075 0.00472709 0.0072704 0.0129186 0.303218 0.000463796 0.248578 0.038696 
0.000392216 0.0133713 0.0592254 0.0274184 0.0809523 0.0961819 0.0234174 0.0372841 0.0409079 0.316174 0.00511001 0.287417 0.0121482 
0.000364425 0.0251487 0.0328567 0.034284 0.12224 0.0509952 0.0252481 0.0295837 0.0632699 0.410702 0.00226788 0.192857 0.0101825 
0.00299768 0.00822651 0.0275557 0.0188751 0.074297 0.0303117 0.00736851 0.0307725 0.00662722 0.525993 0.00456772 0.257981 0.00442545 
0.000676342 0.00257171 0.0401964 0.0244669 0.219471 0.126404 0.113783 0.104967 0.0159414 0.269607 0.0117741 0.0648227 0.00531831 
0.00066886 0.0141113 0.0154388 0.0147144 0.0504104 0.0481765 0.0426916 0.210857 0.00477215 0.455292 0.0113651 0.121889 0.00961191 
0.000350536 0.0109372 0.0464446 0.0222017 0.224585 0.0688167 0.130611 0.0633265 0.032785 0.235172 0.00818886 0.138629 0.0179516 
0.000292475 0.0131438 0.0207823 0.0179016 0.0595664 0.0537826 0.0653841 0.0749742 0.00593157 0.650451 0.00770338 0.0246859 0.00540108 
4.13659e-05 0.00466328 0.031314 0.0114118 0.111542 0.0334541 0.0137623 0.123662 0.0422521 0.514645 0.0209366 0.0874104 0.00490571 
0.000526266 0.00833225 0.0561262 0.0540897 0.262346 0.108968 0.026693 0.0244386 0.00753517 0.390104 0.00538986 0.0525108 0.00294002 
1.07436e-05 0.000722374 0.0176767 0.00957737 0.0594422 0.00989535 0.000116181 0.00140411 0.000874888 0.708075 0.00177023 0.152998 0.0374366 
0.000174177 0.00470313 0.0330899 0.0208942 0.184216 0.0887159 0.130064 0.0568729 0.0751864 0.204305 0.00905634 0.177161 0.0155606 
0.00060537 0.00254817 0.0469352 0.0974785 0.128247 0.0575559 0.0729785 0.0515261 0.0286405 0.276713 0.000285234 0.227335 0.00915112 
0.000563437 0.0123348 0.0338671 0.0180373 0.264867 0.0221982 0.0141132 0.00956698 0.00332518 0.440155 0.00268166 0.166771 0.0115187 
0.000328142 0.0181096 0.0429811 0.0390375 0.251019 0.072774 0.0304037 0.0424901 0.0059161 0.252722 0.00505492 0.155204 0.0839609 
0.000685926 0.0141108 0.0640298 0.0634762 0.30785 0.0313657 0.0475396 0.0157608 0.00645769 0.354983 0.000250798 0.0926596 0.000830464 
0.000459464 0.0116736 0.04711 0.0253989 0.100097 0.0575866 0.0772199 0.0209398 0.0150843 0.447676 0.0970725 0.0979054 0.00177663 
0.000298588 0.0115601 0.0441082 0.018457 0.156905 0.103621 0.0293699 0.0579714 0.0181847 0.459364 0.00621549 0.0864564 0.00748753 
0.00038366 0.0102464 0.0389007 0.025216 0.0662771 0.0753114 0.0405397 0.076052 0.00823222 0.560056 0.00237625 0.0887855 0.00762313 
2.0594e-05 0.0189865 0.0426187 0.0114947 0.0765664 0.028335 0.0165873 0.0180593 0.0258049 0.467326 0.00181542 0.288887 0.00349814 
0.00143213 0.00550455 0.0652425 0.0155692 0.182691 0.16306 0.018204 0.0476511 0.0234182 0.299806 0.0196431 0.100297 0.0574823 
0.000286237 0.00312005 0.0274387 0.00563773 0.100812 0.10284 0.127503 0.112771 0.00144751 0.255857 0.00377192 0.250655 0.00786186 
0.000214948 0.0109346 0.0785459 0.0794513 0.114306 0.0453188 0.0271549 0.0998607 0.0621994 0.21954 0.0118132 0.219192 0.0314679 
0.00153965 0.0129253 0.0635611 0.055053 0.249259 0.0185354 0.0364307 0.00450586 0.00458456 0.445644 0.000362922 0.106821 0.000777822 
2.87697e-05 0.0320531 0.0732146 0.0143621 0.177202 0.230081 0.043272 0.0457178 0.0306679 0.281796 0.00106957 0.0584014 0.0121335 
0.00016372 0.0038965 0.0534515 0.0259739 0.164279 0.0399775 0.0388538 0.101126 0.0533179 0.424823 0.00832357 0.0804968 0.00531724 
0.000553132 0.00473914 0.073423 0.017074 0.212374 0.0757939 0.142686 0.0154054 0.0247039 0.328918 0.000432531 0.0989119 0.00498558 
0.000906822 0.00555818 0.0555688 0.0261871 0.30466 0.0633658 0.0327199 0.0480485 0.0322183 0.335007 0.00675031 0.0785281 0.0104805 
0.00232898 0.00784097 0.091314 0.0204255 0.0986744 0.039102 0.0131397 0.0121232 0.0109637 0.510521 0.00370565 0.128535 0.0613262 
0.00014852 0.00585379 0.0359063 0.0302614 0.219839 0.0252847 0.00832789 0.0905182 0.0587859 0.455259 0.0044497 0.0568818 0.00848377 
0.000356197 0.0135439 0.0323757 0.0214004 0.0929354 0.0419237 0.013604 0.0488303 0.0173518 0.54758 0.0108459 0.147822 0.0114299 
0.000387017 0.00823944 0.0792876 0.0264269 0.185294 0.0149357 0.0146646 0.0166363 0.0529389 0.322896 0.00467635 0.270281 0.00333633 
0.000331935 0.0026617 0.0514269 0.0200276 0.219358 0.0812612 0.0894215 0.149422 0.0929312 0.237126 0.00324925 0.0468434 0.00593859 
1.75095e-05 0.00775816 0.0374151 0.00534199 0.0615238 0.0353107 0.00944895 0.0531704 0.00791551 0.545264 0.0223759 0.211092 0.00336497 
0.000149153 0.00394321 0.0348404 0.0170424 0.204552 0.151783 0.183188 0.0762329 0.00442983 0.248953 0.0223875 0.0462571 0.0062401 
0.000676708 0.00961357 0.0534479 0.0182202 0.203276 0.0433381 0.0298212 0.0163721 0.0107088 0.489521 0.000277501 0.118384 0.00634337 
0.000153337 0.00369794 0.0448519 0.0372665 0.160482 0.109235 0.0435135 0.159233 0.166189 0.220744 0.00810614 0.033772 0.012755 
0.000584963 0.00639646 0.0619161 0.0583517 0.140068 0.138237 0.00959639 0.0988159 0.0141754 0.364651 0.00936435 0.091119 0.00672435 
0.00134723 0.00967775 0.0624095 0.0402083 0.152468 0.0763538 0.141436 0.0907317 0.0285547 0.240756 0.012859 0.129107 0.0140913 
0.00034299 0.00648916 0.0349826 0.0231288 0.128896 0.100671 0.14958 0.0795614 0.00905187 0.361934 0.0171722 0.0793693 0.00882082 
0.000310733 0.0113948 0.0902517 0.0219533 0.148768 0.0194083 0.011712 0.0114804 0.010117 0.431762 0.0183287 0.223088 0.00142535 
4.87294e-05 0.00365232 0.0423622 0.0143734 0.314876 0.0511548 0.063637 0.0766043 0.00628902 0.323828 0.00722932 0.0886274 0.0073176 
0.000987351 0.00783704 0.0502388 0.0173838 0.219094 0.0724214 0.0165439 0.0068717 0.00249199 0.311789 3.44362e-05 0.294216 8.99562e-05 
0.000857847 0.00781301 0.0727635 0.0360239 0.235891 0.0588146 0.0862212 0.0662852 0.0437122 0.262877 0.00642035 0.110399 0.0119212 
0.000636866 0.00599828 0.0491918 0.0331469 0.189414 0.0331008 0.0171904 0.0287447 0.0276632 0.565763 0.00248875 0.0430083 0.0036524 
0.0167623 0.0338964 0.0390573 0.0257235 0.105736 0.0223932 0.173441 0.041641 0.0105002 0.304149 0.00409296 0.171726 0.0508815 
0.000187674 0.0203804 0.076531 0.0340195 0.203774 0.0402225 0.0862767 0.164331 0.0692681 0.235498 0.00786877 0.0561269 0.00551456 
0.000584593 0.00539093 0.0676351 0.0576768 0.0683125 0.074579 0.0521086 0.0712189 0.0113435 0.245649 0.00768 0.0988468 0.238975 
0.000128709 0.00609449 0.0377552 0.0313495 0.0936549 0.036212 0.125695 0.153068 0.0501951 0.268351 0.0288785 0.141684 0.0269333 
0.00736562 0.011631 0.0564503 0.0170791 0.198061 0.0168445 0.00742635 0.0180493 0.017278 0.506001 0.00286337 0.138585 0.00236529 
0.000476079 0.00758639 0.0816736 0.0442369 0.217006 0.0554927 0.0123307 0.0563 0.0151381 0.351426 0.00827977 0.141086 0.00896898 
0.000506279 0.00572669 0.0564812 0.0179365 0.209248 0.0459924 0.0393546 0.0982238 0.0583984 0.271209 0.0034202 0.141384 0.0521201 
5.2325e-05 0.0151804 0.00594492 0.00596121 0.0230124 0.0182837 0.0480165 0.261639 0.0167291 0.534453 0.0306023 0.0238391 0.016286 
0.00201587 0.00142579 0.0548802 0.0452255 0.163885 0.10152 0.134231 0.0265621 0.0224523 0.309876 0.0262399 0.081425 0.0302612 
0.000101158 0.00234819 0.0370173 0.00808511 0.0639927 0.00818147 0.0120026 0.183761 0.134458 0.358607 0.01124 0.169028 0.0111776 
0.00038811 0.00258057 0.0600873 0.0103503 0.115441 0.211118 0.0299876 0.0148628 0.00790926 0.295274 0.00130213 0.249588 0.00111104 
0.000338344 0.00650647 0.0844056 0.0223454 0.09283 0.0486367 0.0188037 0.0120957 0.0215517 0.364318 0.000105123 0.326653 0.0014106 
1.333e-05 0.00595453 0.170129 0.0474366 0.16166 0.0663722 0.0329249 0.00921293 0.10477 0.272899 1.51375e-05 0.117955 0.0106569 
0.000335792 0.0037407 0.0955064 0.0565322 0.193765 0.0123171 0.00934955 0.00556019 0.0133794 0.536376 7.11557e-06 0.0717603 0.0013706 
0.0157239 0.00351842 0.0431149 0.00885855 0.139577 0.0807117 0.0523522 0.137755 0.00837969 0.404318 0.00255545 0.0986382 0.00449631 
0.000245856 0.0155414 0.0618005 0.0241263 0.171733 0.0898608 0.00763489 0.0376303 0.0202499 0.442736 0.00659025 0.119097 0.00275468 
4.55418e-05 0.00757464 0.0444648 0.032926 0.150218 0.0691623 0.0365115 0.181873 0.160257 0.215782 0.0283379 0.0557897 0.0170575 
0.000477549 0.00716849 0.06821 0.0182683 0.141429 0.0267577 0.021735 0.0253138 0.0241887 0.448519 0.00345929 0.210125 0.00434854 
7.25523e-05 0.00919226 0.0487001 0.0264526 0.0560454 0.0849883 0.196726 0.139262 0.0213326 0.218343 0.0440289 0.144657 0.0101989 
0.000241857 0.018002 0.0207972 0.000951026 0.0262039 0.0332359 0.0679703 0.342082 0.0243587 0.350224 0.0212379 0.0860427 0.00865211 
0.00100622 0.00760149 0.0563062 0.0183725 0.22181 0.0492399 0.017031 0.0176969 0.010602 0.432812 0.00308616 0.161009 0.00342683 
0.00129327 0.0147533 0.0540687 0.0360721 0.172626 0.123483 0.0303186 0.054846 0.0334924 0.301472 0.00513069 0.0973337 0.0751102 
0.000146657 0.000406276 0.124613 0.0319763 0.163107 0.132423 0.0576646 0.016861 0.0199225 0.369421 2.4014e-05 0.074811 0.00862432 
0.000446623 0.003564 0.0353139 0.0118516 0.106866 0.231314 0.0975192 0.100856 0.00901089 0.270747 0.00473163 0.101563 0.0262165 
0.000158052 0.00350324 0.030978 0.0108301 0.16705 0.116473 0.119909 0.0361325 0.0130942 0.417402 0.0034426 0.0788908 0.00213751 
0.000288534 0.00633218 0.0452741 0.0168628 0.19444 0.0709543 0.0411811 0.0500888 0.0315931 0.455327 0.00247632 0.0777837 0.00739796 
0.000235026 0.00178967 0.0689397 0.00433253 0.203029 0.0679074 0.0707078 0.199448 0.00291435 0.223293 0.067155 0.0817185 0.00852987 
0.000266838 0.0103169 0.0435218 0.0256925 0.0997768 0.095051 0.0385462 0.0546886 0.00862545 0.48276 0.0162195 0.113269 0.0112657 
0.00108843 0.00218827 0.039991 0.0213828 0.196806 0.287383 0.0268961 0.0135925 0.00263575 0.294897 0.0545537 0.0562074 0.00237838 
1.76573e-05 0.00400591 0.053737 0.00925169 0.0575396 0.0293058 0.0300452 0.0799294 0.0150678 0.591227 0.045597 0.0745027 0.00977354 
0.000318322 0.00450515 0.0396886 0.0211657 0.125341 0.133456 0.0378609 0.116125 0.0123939 0.400744 0.00963419 0.0867439 0.012024 
6.35414e-05 0.00373855 0.0264866 0.00780427 0.123365 0.0589366 0.00930077 0.259177 0.0163856 0.295263 0.0333176 0.15693 0.00923155 
0.000125616 0.00784894 0.0726103 0.0204832 0.224732 0.0130575 0.00675721 0.0130671 0.0131021 0.439567 0.000189003 0.186617 0.0018435 
9.49418e-05 0.00264712 0.052624 0.0231006 0.056767 0.0160498 0.0330329 0.0226051 0.00948439 0.651045 0.000764349 0.127654 0.00413115 
0.000480296 0.00400112 0.067452 0.0641337 0.254804 0.0531663 0.00798598 0.0134252 0.0250862 0.417943 0.000228033 0.0862026 0.00509209 
0.000156145 0.000456596 0.191857 0.0326875 0.13781 0.219717 0.0216859 0.0489038 0.0136407 0.234161 2.3752e-05 0.0914029 0.00749746 
0.000310918 0.00699046 0.0852293 0.00770963 0.161613 0.0661027 0.0262671 0.0340375 0.011368 0.277023 0.00503249 0.2518 0.0665158 
0.000403843 0.00138587 0.0449708 0.0269875 0.194045 0.0851671 0.0224604 0.0137631 0.0244535 0.460012 0.000147342 0.12311 0.00309384 
0.000808658 0.00337396 0.232426 0.110091 0.0485584 0.135312 0.0215762 0.0443614 0.00985497 0.284795 0.0104482 0.0944885 0.00390593 
7.1716e-05 0.00881535 0.0679383 0.0486737 0.157186 0.0857638 0.0637475 0.144536 0.0470659 0.25366 0.00847898 0.10875 0.00531298 
0.00183863 0.00266382 0.0826924 0.0565391 0.296366 0.0347216 0.00150912 0.0021288 0.00826922 0.481069 0.000316207 0.0313434 0.000542819 
0.00113967 0.0276612 0.0310574 0.0345532 0.138264 0.100417 0.015674 0.0412664 0.00672665 0.392314 0.00438669 0.204348 0.00219155 
0.000186807 0.00933343 0.0568871 0.0597579 0.262964 0.0443778 0.0539211 0.0354274 0.00748182 0.367676 0.0313669 0.0644129 0.00620763 
0.000419606 0.0141446 0.0870885 0.0449373 0.183749 0.168528 0.0390565 0.0172141 0.00947913 0.320247 0.000704952 0.112028 0.00240336 
6.72004e-05 0.00352619 0.0528128 0.0193952 0.105988 0.0416444 0.2267 0.0812483 0.0288066 0.299856 0.0115952 0.0901949 0.0381651 
0.00107534 0.00562179 0.0572904 0.0211641 0.188054 0.0906487 0.0773399 0.0694037 0.0173988 0.32222 0.00705601 0.136495 0.00623178 
0.000207269 0.00488695 0.0346344 0.0186268 0.157207 0.139103 0.0737484 0.0490636 0.00480414 0.337887 0.00757267 0.164305 0.0079536 
2.33191e-05 0.00628952 0.056603 0.00854302 0.0971237 0.133213 0.0855806 0.0821826 0.0118029 0.335378 0.0129694 0.145506 0.024785 
0.000139494 0.0286373 0.0364117 0.0173451 0.0706775 0.0338321 0.042525 0.0583953 0.0188596 0.357681 0.00749724 0.273306 0.0546922 
1.59771e-05 0.0214422 0.073316 0.0104052 0.0852175 0.0487542 0.0117337 0.0946439 0.0326278 0.416297 0.00254071 0.190966 0.0120398 
0.000461845 0.0154053 0.110484 0.042943 0.206741 0.0191301 0.0111238 0.0154437 0.113245 0.268811 0.000380775 0.192437 0.00339216 
0.000628373 0.00256302 0.0521699 0.0104444 0.167972 0.065947 0.0211139 0.0716348 0.0149327 0.42966 0.0134104 0.148375 0.00114899 
0.00024368 0.00998909 0.0632592 0.0111602 0.190343 0.0227498 0.0266143 0.0159791 0.0215566 0.38 0.010476 0.244573 0.00305545 
0.000390125 0.0033531 0.0553538 0.0163185 0.159441 0.0510223 0.0212973 0.0108351 0.0128042 0.521971 0.000250286 0.145735 0.00122839 
0.00171223 0.0359804 0.0715168 0.0169562 0.111632 0.0614794 0.0119362 0.0104013 0.00379013 0.340356 8.46893e-05 0.333793 0.000360873 
0.000451117 0.0682752 0.0713356 0.0308317 0.190188 0.0105118 0.0139475 0.0190175 0.0134949 0.327647 0.00770654 0.244173 0.00242006 
0.000616776 0.0068696 0.0522388 0.0458726 0.154865 0.0420431 0.0231537 0.0437231 0.022343 0.42531 0.00644559 0.154322 0.0221965 
9.49418e-05 0.00264712 0.052624 0.0231006 0.056767 0.0160498 0.0330329 0.0226051 0.00948439 0.651045 0.000764349 0.127654 0.00413115 
0.000341013 0.00253399 0.0384936 0.0314237 0.120683 0.161721 0.109842 0.143204 0.0102867 0.295576 0.0193399 0.0610154 0.00553995 
0.000193671 0.00286623 0.0407805 0.0185976 0.21066 0.0627992 0.075054 0.0408274 0.0263507 0.409488 0.0027314 0.0824656 0.0271858 
0.00174321 0.00863984 0.0482358 0.0335945 0.0612122 0.0293853 0.0805855 0.0953283 0.0122927 0.432668 0.0120178 0.151072 0.0332246 
0.000388704 0.0119796 0.0468856 0.0203343 0.111855 0.257497 0.0296332 0.0645577 0.00982105 0.354124 0.0155628 0.0685996 0.00876166 
0.000428306 0.00235218 0.0175546 0.0221051 0.222802 0.10776 0.0181906 0.0957327 0.0313841 0.454727 0.00529473 0.0181603 0.00350832 
0.000188449 0.00499869 0.0131172 0.00762342 0.0427404 0.114386 0.03014 0.291919 0.00420275 0.402442 0.0305831 0.0469213 0.010738 
0.000842006 0.0102575 0.0539593 0.0298281 0.221575 0.0616416 0.0218029 0.0253015 0.0180561 0.417997 0.00228804 0.130885 0.00556566 
0.000461727 0.00430803 0.0396333 0.0252264 0.187104 0.0448984 0.0232099 0.238034 0.0109577 0.317419 0.0151641 0.0864911 0.00709241 
0.00038366 0.0102464 0.0389007 0.025216 0.0662771 0.0753114 0.0405397 0.076052 0.00823222 0.560056 0.00237625 0.0887855 0.00762313 
3.92397e-05 0.00581124 0.0729916 0.0545627 0.0649947 0.0831048 0.0770828 0.054725 0.193815 0.274019 0.0154855 0.0840726 0.0192955 
3.33224e-05 0.00287541 0.229731 0.0242364 0.0356954 0.00913336 0.00601621 0.0810925 0.0721784 0.30562 0.000138608 0.229712 0.00353797 
0.000816932 0.0104473 0.0630829 0.0218263 0.106866 0.0748791 0.0129314 0.030524 0.0179216 0.396604 0.004453 0.25379 0.00585772 
0.00451893 0.00315427 0.0818293 0.0184663 0.26827 0.0416941 0.0799547 0.0177366 0.0103653 0.322286 0.0012748 0.14694 0.00351004 
5.78575e-05 0.00264329 0.0442009 0.0721779 0.0473413 0.0380481 0.0770991 0.206059 0.0140835 0.324046 0.0330677 0.0835001 0.0576752 
0.00139056 0.011644 0.0330752 0.00813573 0.124322 0.0516219 0.240887 0.0796616 0.0264128 0.299481 0.0238558 0.0943283 0.00518389 
0.000111157 0.0155802 0.0693489 0.0155244 0.167954 0.0573713 0.0936061 0.0863191 0.0208563 0.320472 0.0318193 0.117597 0.00344026 
4.51639e-05 0.0099871 0.0275808 0.0347182 0.102547 0.0374962 0.0830925 0.156977 0.0331088 0.372701 0.0174307 0.10017 0.0241456 
0.000304018 0.0282262 0.0302051 0.0201778 0.0675678 0.0506207 0.0383898 0.118356 0.119721 0.368054 0.00310784 0.148436 0.00683367 
0.000348193 0.00627026 0.106206 0.0504555 0.142099 0.0739828 0.0171234 0.0341074 0.0155152 0.406232 0.000152893 0.142549 0.00495816 
0.000915965 0.000539515 0.0386228 0.0256823 0.0728645 0.0191994 0.0444491 0.198754 0.122967 0.286353 0.0228885 0.163257 0.00350716 
7.65145e-05 0.00435185 0.0299903 0.0373008 0.0735513 0.1369 0.0436953 0.131106 0.0506262 0.349243 0.0157436 0.114341 0.0130742 
0.000418349 0.00604053 0.0723152 0.0240251 0.175633 0.0451942 0.0588022 0.160856 0.0247345 0.313851 0.0105022 0.100916 0.00671242 
2.88921e-05 0.00353689 0.08146 0.0151566 0.279839 0.0644856 0.029614 0.0443743 0.0145959 0.373376 0.00413053 0.0829043 0.00649888 
