5.79818e-06 0.410823 0.00962255 0.316956 0.000167055 0.00368553 0.00184146 0.0158092 0.00010269 0.0214261 0.0375971 3.11864e-10 0.0483153 0.00279054 0.00130446 3.84137e-08 1.81193e-05 0.00291474 0.126616 4.37096e-06 
0.00224044 0.224328 0.0299341 0.220895 0.00090415 0.0184354 0.00965934 0.0669963 0.0344053 0.0481845 0.0535493 3.81406e-09 0.158956 0.00639345 0.000807468 2.73247e-05 0.000106022 0.000393372 0.116542 0.00724196 
0.00167235 0.32124 0.0117992 0.154479 0.00128301 0.00134911 0.0291316 0.0291077 0.0212289 0.0402578 0.0377997 3.82566e-06 0.149509 0.00179084 0.0460336 0.000164216 4.02237e-05 0.000206368 0.152903 1.69168e-06 
0.000464889 0.512623 0.223773 0.0308948 0.00604662 0.00159074 0.00101743 0.048327 0.000505345 0.00582132 0.0054211 7.02218e-11 0.0134545 0.00572603 0.00137211 6.06752e-05 0.13847 0.000451523 0.00397923 5.8202e-11 
4.35481e-06 0.553507 0.0117128 0.00414398 7.55069e-06 0.00187027 0.0522049 0.0192313 0.000123167 0.02636 0.0723833 2.63189e-09 0.108591 0.00242272 0.0458006 1.97505e-05 0.000223783 6.79437e-05 0.101315 1.07308e-05 
0.000488069 0.404685 0.0153436 0.0931428 0.0640151 0.0339114 0.0684427 0.00424308 5.42252e-05 0.014716 0.0818174 3.13048e-06 0.135957 0.00481626 0.0183306 6.78326e-05 0.000159986 0.00163664 0.0530366 0.0051326 
4.32426e-06 0.39092 0.0247826 0.0684404 0.00237294 0.116777 0.00113626 0.008852 0.01567 0.0191765 0.0142266 2.7202e-09 0.137879 0.172108 0.00708594 8.32851e-05 8.27118e-05 4.27566e-05 0.0203389 2.03785e-05 
3.15841e-05 0.51104 0.268646 0.00881872 0.0238858 0.0248257 0.00727339 0.000325392 2.29002e-05 0.00371372 0.0207148 2.46311e-11 0.100319 0.00230684 9.62969e-05 1.69363e-05 0.000239785 4.80573e-09 0.0277236 1.73045e-08 
0.000390992 0.506238 0.00393869 0.0189788 9.00846e-05 0.0048045 0.00321545 0.000288668 6.79136e-05 0.0104601 0.0802375 0.000116315 0.191985 0.00015505 0.000419113 0.00010543 2.78733e-05 0.0049765 0.173396 0.000108476 
0.000180825 0.88155 0.00190762 0.0123679 0.00194581 8.98007e-05 0.000453016 0.00173869 0.00819816 0.00248004 0.00271296 1.53022e-08 0.0235849 0.000754006 0.00166519 0.000117833 0.00253524 1.55766e-06 0.0577163 2.46839e-08 
0.000211312 0.824355 0.0123444 0.0308795 0.00539875 0.0100733 0.00120883 0.00715472 0.00448527 0.0130993 0.00287154 8.10114e-09 0.0478515 0.029721 0.000240835 1.62388e-05 0.000145274 0.00276986 0.00717077 2.24662e-06 
4.40708e-05 0.631796 0.0305774 0.0706337 5.34228e-05 0.0130372 0.0104764 0.00357844 0.0214579 0.0101426 0.0176022 0.00102467 0.0409129 0.0398262 0.000460101 7.79198e-06 0.000604088 0.00118548 0.106543 3.74085e-05 
0.000247612 0.707968 0.00730021 0.0286821 0.00195895 0.00178119 0.0057296 0.00232987 0.000975367 0.00672331 0.0529379 2.27435e-08 0.141456 0.00113752 0.00359297 0.000134308 0.000366794 0.000120984 0.0365259 3.07033e-05 
1.42517e-05 0.906015 0.0011465 3.48582e-05 0.00233691 0.0631826 0.000225055 0.00154103 0.00100604 0.00888852 0.00681291 2.74676e-06 0.000289998 0.00511968 3.39311e-05 0.000246112 0.000393477 1.60179e-06 0.00269748 1.08737e-05 
6.81358e-06 0.42331 0.00113651 0.0860682 4.4556e-06 0.0479808 0.0171028 3.46942e-06 1.1405e-10 0.0987243 1.44733e-11 0.168494 0.00315985 0.0109895 5.37443e-07 1.24733e-07 7.38402e-08 1.16015e-06 0.143017 1.41155e-10 
0.000378757 0.370396 0.0154243 0.0756421 0.0149846 0.00505703 0.0196973 0.00735718 3.44476e-12 0.00301713 0.303332 1.77788e-08 0.140112 0.000241222 0.0312966 2.30771e-05 6.44776e-05 4.39064e-09 0.0129764 1.94415e-08 
0.00253234 0.87894 0.00249629 0.00764807 0.0010049 0.00679517 0.00177802 0.00596981 1.10917e-07 0.001576 0.00351157 1.7119e-10 0.0711915 0.00400078 0.000758315 7.7116e-06 0.000201536 8.15331e-06 0.0115692 1.07219e-05 
0.00144544 0.691944 0.0179466 0.0514758 0.000181616 0.000398444 0.0345713 0.000195446 0.000655867 0.00100491 0.0197593 0.0322682 0.0299836 0.000175145 0.00924054 0.000677355 0.000176657 1.45525e-05 0.107787 9.80301e-05 
0.000460593 0.80897 0.0432818 0.0182844 0.0446824 0.00782079 0.000191113 0.00103068 0.0217466 0.000433845 0.0289773 5.1253e-08 0.0185092 6.56769e-05 6.25176e-05 6.07176e-05 0.000805998 6.44586e-05 0.00453572 1.56972e-05 
0.000382848 0.197874 0.0609074 0.177947 7.36043e-06 0.0053046 0.0176291 0.074872 0.000636579 0.179502 0.0274143 3.93555e-08 0.061055 0.00226214 0.000238779 2.97162e-06 1.25298e-05 0.000524071 0.193422 4.73745e-06 
0.000495132 0.761634 0.010036 0.0199457 3.60441e-07 0.00583059 0.00188472 6.65114e-05 2.17234e-05 0.0218223 0.0270029 9.04002e-07 0.0775752 0.00291082 2.65365e-05 3.18395e-06 5.11132e-05 9.44902e-05 0.0703783 0.000219762 
8.81507e-06 0.41457 0.00318518 0.185046 0.0011204 0.00797956 0.0073381 0.01888 0.000730065 0.0212842 0.00656587 2.56077e-08 0.184235 0.0235466 0.0019681 7.50554e-05 0.000112823 3.31863e-05 0.120982 0.00233886 
1.87675e-05 0.250318 0.010418 0.153195 0.012587 0.00905527 0.0858223 0.0981156 1.58669e-05 0.0365202 0.0189582 1.34181e-08 0.0963593 0.00987213 0.00154043 7.14298e-06 0.000304044 0.000733832 0.215193 0.000966257 
0.000120608 0.737534 9.59431e-05 0.023671 0.000995013 4.35946e-07 0.00019421 8.086e-06 0.14148 1.66137e-06 0.00651248 5.07991e-10 0.0333388 0.0348659 3.32587e-06 0.0141379 7.12105e-07 2.5298e-07 0.00703908 4.21039e-10 
2.3022e-06 0.484372 2.60336e-05 1.85382e-06 0.39388 3.01317e-06 3.81948e-06 1.13284e-05 8.54926e-05 1.06208e-09 0.0205712 4.75034e-09 3.82687e-06 0.0922707 1.74837e-09 6.43413e-07 0.00876732 3.575e-09 2.58171e-10 4.53625e-07 
1.10052e-06 0.672385 0.0103574 0.204526 1.10139e-06 0.00925618 1.1019e-06 0.00407797 0.00627636 0.0262212 1.10192e-06 1.10036e-06 0.0213794 0.0046257 1.10144e-06 1.10073e-06 1.10174e-06 1.10078e-06 0.0408843 1.10066e-06 
0.00155559 0.953717 0.00918424 0.0267354 0.00171781 4.09762e-07 0.00105695 3.15041e-07 1.73803e-06 0.00131248 0.00297808 2.59533e-06 0.00136523 0.0003643 9.55214e-07 2.03995e-06 4.97114e-07 1.95318e-06 1.41051e-07 2.15109e-06 
0.000328579 0.384756 0.0183673 0.137416 0.0101611 0.00694179 0.0479915 0.0192546 0.0163565 0.00164958 0.109861 3.74468e-08 0.129579 0.00482343 0.0305633 0.000465359 0.000270928 7.32769e-05 0.0811403 5.23474e-07 
0.0537718 0.278534 0.0136101 0.0652401 0.0014146 0.0186584 0.0117124 0.00438902 0.000467822 0.0245239 0.24326 6.28848e-05 0.0961547 0.00218663 0.000797736 0.000332621 0.000159846 0.000602631 0.183958 0.00016322 
0.0145083 0.336665 0.0500884 0.0791548 0.0014308 0.0307427 0.0673473 0.0266848 0.00067884 0.0114433 0.0490384 0.000125928 0.204016 0.00972154 0.00212123 6.35111e-05 0.00610092 0.00127484 0.107688 0.00110624 
0.00133375 0.346173 0.325041 0.00330445 0.00038138 8.61303e-07 0.00958364 0.00909086 0.000410595 7.68057e-05 5.69766e-07 4.06589e-10 0.0342921 0.0021813 3.07989e-05 0.267689 5.71588e-06 5.93297e-05 0.000344655 5.43411e-07 
0.00170914 0.672625 0.00662087 0.0486526 5.49348e-05 0.00135701 0.0153579 0.000949339 0.000350254 0.0427498 0.063899 0.00600392 0.0292176 0.00200738 0.00373936 1.01122e-05 0.00212773 7.77502e-05 0.102339 0.000150835 
0.00038274 0.424089 0.0174177 0.137917 0.000742534 0.00423551 0.00223015 0.0155207 0.00198366 0.0652001 0.211201 1.72796e-06 0.0661624 0.00638119 0.000820879 1.23431e-06 0.000989448 0.00196903 0.0426028 0.000151102 
0.0118144 0.851306 0.00026603 0.0237514 0.00194581 0.0036785 0.00747996 0.0159109 3.61331e-07 0.0436211 0.00620043 5.39561e-07 0.022542 1.99631e-05 0.0048058 1.85505e-06 0.000103954 2.81553e-06 0.00643924 0.000108814 
0.00207077 0.411942 0.0183744 0.122714 8.6956e-05 0.115747 0.00357704 0.0367357 0.000253493 0.0350388 0.00513631 0.0439629 0.108333 0.00305739 0.000401735 1.71185e-05 0.000106875 0.000294378 0.087255 0.00489535 
6.01336e-08 0.646085 0.00154218 0.122071 4.26959e-08 0.000246624 0.0023807 0.000819876 0.032328 0.0138831 0.0149936 9.28445e-06 0.0143393 0.008204 0.000982867 0.000210641 3.072e-05 2.87119e-06 0.14187 3.7318e-10 
0.00102372 0.774946 0.00811373 0.0144561 0.000330377 0.00182244 0.00392566 0.00160445 0.026592 0.00246156 0.0120438 3.70372e-10 0.101333 0.00795258 0.000126388 9.71163e-06 0.00011047 5.08223e-05 0.0430338 6.27748e-05 
0.000469924 0.758464 0.00443362 0.12835 0.005178 0.0091656 0.0517227 0.000135039 0.0013778 0.00323753 0.00385578 1.23005e-06 0.00689575 0.0049392 0.00225649 1.87223e-05 4.53855e-05 0.000471307 0.018566 0.000415359 
0.000116683 0.46183 0.000163821 0.0983903 0.000402806 0.0033692 0.000905977 0.0007595 0.0425058 0.13867 0.0539822 1.20259e-07 0.0622764 0.00508318 0.000666067 6.80202e-06 2.44961e-06 0.00193976 0.128928 9.22652e-07 
0.000403077 0.442178 0.0287454 0.295428 0.0013808 0.0208827 0.000705527 0.0671202 0.00973705 0.0111164 0.000552976 4.23716e-10 0.0690833 0.0132626 0.00112422 0.0102711 0.000152966 0.000367203 0.0274711 1.70478e-05 
0.00194982 0.56407 0.0657635 0.136903 0.0119532 0.00597035 0.00818553 0.00331989 0.0123901 0.0438627 0.0073953 1.66165e-10 0.070554 0.0276007 0.000701702 0.000124364 0.000373097 0.000601721 0.0382381 4.37956e-05 
0.0051003 0.599249 0.028327 0.0697801 0.0299794 0.0197302 0.00957429 0.00585952 0.000482925 0.0626341 0.0465544 8.10223e-09 0.0658097 0.000680899 0.00546327 1.6279e-06 0.00841557 0.00076548 0.0415392 5.36322e-05 
0.00457492 0.458344 0.0103482 0.0673457 0.00200067 0.00274202 0.111511 0.00165394 0.00173953 0.0102244 0.0605137 1.62914e-10 0.0684477 0.00131273 0.00491149 0.000464931 7.02829e-05 5.53431e-05 0.193703 3.60273e-05 
0.00107099 0.475214 0.00812444 0.0352028 0.0130275 0.00788497 0.0425411 0.0109563 0.00148521 0.0118881 0.14927 1.17635e-05 0.0756481 0.0432244 0.0449634 9.37351e-05 0.0467616 0.000400672 0.0311515 0.00107852 
0.00160252 0.60264 0.0100914 0.0351139 0.00640799 0.00616942 0.0212799 0.00583343 0.000154115 0.00403924 0.0415014 5.28868e-05 0.18763 0.0254843 0.0128931 0.00146006 0.000433801 0.000358502 0.036467 0.000386675 
1.72956e-05 0.568195 0.0249621 0.0501058 0.00445601 0.0112746 0.00768391 0.00578726 0.00247903 0.00513868 0.00842095 4.67644e-06 0.107704 0.081832 0.00301601 2.20274e-05 0.000190887 6.17204e-05 0.118535 0.000113734 
1.6611e-06 0.64637 0.0168582 0.0559372 0.000259125 4.90723e-05 0.000886542 0.00210105 0.0210606 0.00357222 0.0575991 1.47646e-06 0.120058 0.00369033 0.00228354 1.15184e-05 0.000433902 0.00718886 0.0616098 2.75563e-05 
0.000124809 0.47999 0.0403099 0.196615 0.00253909 0.00568718 0.0244003 0.0128132 0.0182959 0.0123376 0.0203969 0.000344424 0.0530671 0.00991512 0.0327814 0.0177615 0.000478324 0.000336629 0.0715654 0.000239882 
0.00291039 0.31886 0.0219058 0.0358481 0.179224 0.00891985 0.018467 0.0148694 0.000327712 0.00446574 0.194094 2.87263e-07 0.0851857 0.00242773 0.00133432 4.06947e-05 0.00777816 0.000980948 0.101918 0.000441701 
0.00242267 0.498888 0.15516 0.104001 0.0239037 0.0342338 0.0195075 0.00131119 5.07282e-05 0.00180584 0.00475535 0.000232274 0.0919498 0.00789509 0.00105861 7.76737e-08 0.000601482 0.00158701 0.0503425 0.000293734 
0.000228963 0.266879 0.0185563 0.234823 0.00194629 0.0274858 0.0655442 0.0517183 0.0011859 0.0257091 0.0268227 5.20885e-07 0.0721462 0.00633875 0.0311209 0.0010629 0.000108976 0.00527326 0.162362 0.000686952 
0.000604239 0.39376 0.0194828 0.0160679 3.95959e-05 0.00327248 0.0682025 0.000572675 0.0244174 0.00188936 0.065448 2.35357e-05 0.064496 0.00274483 0.0113274 0.299681 0.00440809 0.000228145 0.0233328 8.46733e-07 
1.33717e-06 0.669871 0.0157589 0.00469354 0.000146001 0.00160602 0.00340805 0.000212995 0.000269039 0.00244602 0.00835556 6.78604e-07 0.021322 0.00160251 0.0107406 0.251958 0.00327193 0.000579175 0.00375663 3.30966e-10 
0.000131812 0.500826 0.18511 0.0400198 0.00113195 0.00465478 0.00621193 1.42418e-05 1.08183e-09 0.023563 0.0244936 1.40203e-06 0.13832 0.0049129 0.00179748 1.26976e-09 8.17926e-05 6.75274e-05 0.0686328 2.97097e-05 
1.48237e-09 0.889895 0.00134628 0.0405729 0.0322701 7.79067e-07 0.000454869 5.70046e-05 1.88777e-07 0.00965117 3.88822e-06 1.63336e-09 0.0102683 0.0011078 0.00026721 1.28383e-09 2.00222e-07 1.22923e-09 0.014104 1.35378e-09 
7.20242e-05 0.660141 0.0229701 0.0430071 0.0187169 0.0289245 0.0177484 0.0316713 1.03212e-07 0.00716411 0.00256508 1.54122e-07 0.0678625 0.0395031 0.000549608 3.41017e-05 0.000277486 3.94537e-05 0.0587325 2.05707e-05 
8.78503e-09 0.896115 0.000146596 0.0015396 0.000162606 0.000936447 0.0865573 1.17501e-09 3.52893e-06 8.76417e-06 8.14774e-06 9.6798e-09 0.00566563 5.78625e-06 3.56266e-09 7.6084e-09 0.00581085 9.03022e-05 0.00294896 3.71323e-07 
0.000780741 0.729726 3.13426e-05 0.0261322 4.38968e-09 1.0619e-05 0.00434589 0.00158176 0.000266605 0.00324269 0.0886494 1.10095e-08 0.114599 0.0207122 0.00282372 2.74752e-05 9.75567e-06 8.05436e-06 0.0070272 2.52522e-05 
0.00022543 0.316741 0.132933 0.043581 0.0253522 0.0019975 0.00874144 0.00479616 0.000513467 0.0083986 0.118213 4.20233e-11 0.190235 0.00267225 0.00541711 4.57816e-05 0.011644 6.78916e-05 0.128096 0.000329188 
0.00029303 0.794247 0.0120912 0.0581179 0.00953136 0.00336249 0.0447686 3.48024e-05 0.00195025 0.000643351 0.00335435 0.00189197 0.0472663 0.00281439 0.00133052 0.0164917 0.000150538 7.11484e-06 0.00159784 5.56189e-05 
8.98882e-09 0.809165 0.00803565 2.66893e-07 3.94903e-09 3.88269e-06 0.0284494 1.01846e-06 9.87785e-05 0.0182057 0.135969 9.90434e-09 5.1552e-05 8.0143e-06 3.6453e-09 7.78489e-09 1.14067e-06 7.45378e-09 1.00419e-05 8.20902e-09 
0.000601896 0.415482 0.055266 0.0608623 2.74517e-05 0.00151709 0.0516876 0.00737045 0.0100791 0.0260144 0.096641 1.49852e-06 0.0928917 9.79516e-05 0.00147627 5.3547e-06 8.64379e-05 8.96066e-05 0.179778 2.40214e-05 
1.73948e-06 0.797667 0.0101713 0.0702161 1.31299e-05 0.00609118 0.00593753 0.000523302 3.81125e-05 0.00361943 0.0145571 3.29487e-07 0.0288032 0.0455055 0.000509224 2.76501e-06 0.000179265 0.000116999 0.0136231 0.00242343 
0.0528455 0.353161 0.0207681 0.136322 0.00557034 0.0136081 0.0129372 0.000309778 1.42477e-05 0.273613 0.000617954 0.00238584 0.0426661 0.0350589 0.0152544 6.49418e-07 1.16197e-05 5.0737e-05 0.0348022 1.88021e-06 
0.000197616 0.66847 0.0293123 0.101601 0.000502816 0.0107552 0.00182233 0.0030654 0.00490024 0.0107703 0.000726808 1.2706e-08 0.0535068 0.00491322 9.23252e-06 6.7466e-05 7.20872e-05 9.54226e-05 0.109181 3.10848e-05 
0.00825207 0.462753 0.0650319 0.156215 5.14836e-05 0.0287386 0.0147705 0.0279144 0.000910295 0.0144082 0.0142715 0.000324179 0.0132026 0.0376104 0.00687874 0.000309949 0.000431805 0.00124189 0.14667 1.30197e-05 
0.000966088 0.469781 0.00857937 0.0228329 0.00397148 0.00360206 0.0294866 0.00992575 0.00553755 0.0254497 0.080441 7.61378e-06 0.243909 0.00450516 0.00659377 0.00377215 0.000830442 9.43095e-05 0.0786846 0.00102992 
7.79668e-05 0.933191 9.81841e-05 0.0107037 0.00043802 0.000189355 1.20482e-07 0.00216426 0.0326145 0.00342252 2.08644e-06 7.49333e-10 3.62697e-06 0.00127056 0.00011899 9.25903e-07 0.000623538 5.15678e-06 0.0150758 6.2107e-10 
3.50554e-10 0.916393 7.53127e-11 0.0053468 2.00364e-07 1.97529e-05 0.00393525 4.68871e-11 2.58668e-10 1.72805e-07 0.0622842 3.86258e-10 0.0103034 1.21835e-06 3.129e-07 0.00170509 1.6284e-07 9.97095e-06 2.83417e-07 2.88448e-07 
0.00308607 0.317936 0.221221 0.0410735 0.00239536 0.0131234 0.0214395 0.00519561 0.000197976 0.000960473 0.126472 2.42566e-07 0.0331136 0.000780328 0.00818673 6.59482e-06 9.62247e-07 0.00210253 0.199098 0.0036111 
0.00209348 0.477928 0.00323821 0.0537137 0.0173134 0.0349469 0.0798497 0.0109968 0.000198341 0.0145578 0.0290763 1.8568e-07 0.0847871 0.0447543 0.00126859 6.24569e-07 0.000112117 0.00520426 0.139956 4.8362e-06 
0.00881783 0.323832 0.0324698 0.15269 0.00577164 0.0112092 0.132146 0.10091 0.00109264 0.00276613 0.0256895 0.000645298 0.0875458 0.00340134 0.00191838 2.47704e-05 0.00521554 0.000381579 0.100869 0.00260185 
0.000661478 0.377579 0.0878201 0.0621117 0.00821904 0.217105 0.0227887 0.00530434 0.0002152 0.0375181 0.0152127 4.01e-05 0.0926923 0.027864 0.00551802 9.68797e-05 0.000184501 0.000451863 0.0348588 0.00375727 
0.000163538 0.536873 0.0443056 0.0933465 0.0134316 0.00442495 0.00717157 0.00243258 0.0546749 0.0519178 0.0176022 2.58759e-08 0.0748026 0.000986761 3.21604e-06 8.72514e-05 6.67951e-05 9.23401e-06 0.0976717 2.8162e-05 
0.000969488 0.751908 0.00726407 0.0343078 0.0101621 0.00292145 0.0348589 0.00564909 0.0127224 0.00355802 0.0113662 2.51806e-08 0.0444992 0.00518423 0.0229701 3.18197e-05 0.00015919 1.07344e-05 0.0514575 2.08704e-08 
0.000507153 0.394396 0.0219956 0.0722623 4.77953e-05 0.00464247 0.00177481 0.00851287 0.00946008 0.0354316 0.0229345 8.28622e-05 0.198463 0.00848515 0.00817138 0.000116535 0.000189508 0.000421795 0.209074 0.00303046 
5.02959e-05 0.597543 0.129525 0.0076866 0.00364068 0.0251684 0.0345116 0.00149654 2.73203e-07 0.0263351 0.0290752 1.38298e-05 0.0385317 0.0118559 0.00265895 0.00231675 0.000639822 0.04528 0.0427639 0.000905652 
0.00202357 0.506277 0.0282983 0.0196093 0.150768 0.0589976 0.0358055 0.00112673 1.62953e-05 0.0215666 0.00697747 0.000509169 0.0760869 0.00861299 0.00171361 9.11026e-07 0.00029062 0.00438822 0.0769314 6.35228e-08 
0.000619531 0.305856 0.000845507 0.0638103 0.0221782 0.0168259 0.0428444 0.0025856 0.00312654 0.00532157 0.165535 2.90287e-09 0.256008 0.00172886 0.00129302 6.22924e-05 0.00056218 0.00362683 0.107148 2.19556e-05 
0.00176277 0.406123 0.0849894 0.0795006 0.000197862 0.00133644 0.00133959 0.000268945 0.0114626 0.0626979 0.0715617 3.43806e-07 0.134564 0.000753333 0.00176544 2.45817e-05 0.000160554 0.000710389 0.140721 5.99014e-05 
0.00141682 0.559458 0.000588639 0.0365646 0.00506508 0.0160982 0.000686049 0.00184394 0.0591335 0.000482246 0.0557166 8.70128e-10 0.156368 0.0685966 0.00101253 0.000185491 0.000201311 3.05105e-06 0.0343632 0.00221569 
4.14069e-05 0.315754 0.0335647 0.056099 0.0157615 0.00773325 0.0938434 0.0267273 0.00120435 0.00455297 0.104679 6.18555e-05 0.213989 0.000561766 0.0118346 0.000424551 0.0112251 0.000250265 0.100006 0.0016859 
1.90289e-06 0.223512 0.0453842 0.138367 0.0013416 0.0236878 0.00320394 0.0878983 0.00859211 0.0128241 0.0276695 3.11639e-08 0.219782 0.0134965 0.00120992 1.15994e-05 0.000146293 0.000299427 0.187328 0.0052435 
0.000237649 0.320385 0.0105683 0.0896962 0.00129962 0.00977418 0.0101242 0.0085677 0.00404807 0.00955512 0.070815 7.91473e-07 0.192155 0.00561814 0.00404317 5.28718e-06 1.83407e-05 0.000663935 0.262339 8.52402e-05 
0.000559197 0.577147 0.00215401 0.0355946 0.000428359 0.000118616 8.22888e-06 0.00399923 0.00950981 0.00206226 0.0192717 6.93553e-07 0.111429 9.15844e-05 1.19794e-11 9.47615e-06 0.000317363 5.14339e-06 0.236617 0.000676502 
5.76498e-06 0.939275 0.00201848 0.00281643 0.00323859 0.00148952 0.00110537 0.000689975 0.00379465 0.000395337 0.00324934 2.66329e-11 0.0261169 0.000730056 0.000147029 0.000788792 0.0106706 0.0018866 0.00158107 1.04336e-09 
0.0368827 0.732909 6.32461e-05 0.0178518 0.0204182 0.129199 0.00958271 7.94667e-06 3.78568e-06 0.0102005 0.00563252 2.49952e-05 0.0183672 0.000317098 6.24244e-06 0.000122636 1.85735e-05 8.95118e-07 0.0183802 1.01114e-05 
0.00023506 0.635819 0.00445443 0.115759 7.98611e-05 0.00777281 0.00489863 0.00680987 0.00832384 0.00763252 0.0177968 0.000338969 0.0954453 0.026353 0.00118844 0.000236636 5.24289e-05 0.000277783 0.0665235 2.83474e-06 
2.22255e-06 0.661497 0.00192441 1.8221e-06 0.000547662 2.20401e-07 1.04399e-05 5.21136e-07 0.00121037 1.52264e-06 0.21321 2.93065e-08 7.10636e-06 0.00193564 0.0762678 0.000418326 0.000476921 3.24501e-06 0.0334064 0.00907803 
1.35172e-08 0.381366 0.0846635 0.0119689 1.40517e-06 0.0804252 0.0467515 1.80794e-09 1.57672e-06 0.0124645 0.0596967 1.61652e-07 0.0280843 0.0717156 0.0067793 0.0592819 1.14196e-05 1.12088e-08 0.156788 1.23445e-08 
5.03445e-06 0.337801 0.00169126 0.113042 9.25374e-11 0.00499538 0.00260161 0.0858981 0.0169558 0.0631493 0.0265363 1.15129e-06 0.212306 0.00192773 8.13716e-05 1.82423e-10 0.000128085 0.0002684 0.132611 1.92361e-10 
0.00250404 0.519522 0.0451641 0.160639 0.00415424 0.00457487 0.00788347 0.0635557 0.0213984 0.0321676 0.0253642 1.41034e-05 0.0469036 0.00502068 0.00374463 0.000890439 0.00579014 0.000270992 0.049785 0.000652423 
0.000671946 0.613466 0.00059792 0.0137171 7.24629e-05 0.00525537 0.0164633 4.82413e-05 1.13024e-05 0.0909931 0.0776599 0.00530155 0.108629 0.0231231 0.004319 0.000131293 6.43801e-05 8.10399e-05 0.0392897 0.000103507 
0.00136256 0.41917 0.011734 0.139357 0.0016201 0.00447001 0.0258246 0.0161222 4.95934e-05 0.0212604 0.0412207 6.76366e-11 0.131474 0.00190944 0.116252 2.61344e-05 3.38058e-05 0.000832019 0.0672263 5.49127e-05 
0.000302221 0.450067 0.00798031 0.0584362 0.000932415 0.0202042 0.00337272 0.0351378 0.152178 0.00535015 0.0191973 6.8305e-12 0.0608082 0.017057 0.00153699 0.000264371 0.000130947 0.000345435 0.166676 2.21755e-05 
1.28733e-05 0.609569 0.0245955 0.312269 0.000776269 0.00606344 2.97819e-07 0.0054592 9.03228e-11 0.00589461 0.00332053 2.41864e-07 1.05681e-06 0.00175917 1.31445e-07 5.83854e-06 1.65464e-07 0.00275958 0.0275116 1.44074e-06 
0.00185185 0.283421 1.06534e-05 0.215236 4.07732e-05 0.134048 0.00762023 3.20907e-06 1.27986e-05 0.0759121 0.0327135 4.41866e-09 1.2633e-05 0.00792247 4.14032e-06 4.78852e-07 2.47221e-06 4.48751e-06 0.241182 9.87652e-07 
7.03214e-07 0.668971 0.0114007 0.213062 8.28975e-07 0.00341849 0.000673079 0.00137628 1.84719e-08 0.0487816 2.63789e-05 3.88546e-10 0.0140867 0.014551 0.000332796 6.28938e-08 0.00152457 0.0104914 0.0113023 3.22039e-10 
0.000459702 0.435357 0.0105016 0.0713453 0.0297947 0.0026265 0.00336794 0.0495987 0.00789791 0.0101627 0.00697631 3.63455e-10 0.100854 0.00594647 0.000917967 5.05241e-06 6.42499e-05 8.77712e-05 0.264033 2.55992e-06 
1.43625e-05 0.838746 0.0117228 0.0456079 0.00392138 0.00128811 0.000853039 0.00570793 0.000316095 0.00138962 0.00132898 0.000150834 0.0559482 0.0118265 0.00652386 0.000423581 0.000257346 2.5472e-05 0.0139367 1.08987e-05 
0.000257417 0.44245 0.0631666 0.0356875 0.00691593 0.0228766 0.0129522 0.0102088 0.010333 0.0276291 0.0403525 0.00107449 0.144378 0.0112056 0.00341643 0.000184017 0.0016017 0.000267016 0.16504 2.85684e-06 
5.76498e-06 0.939275 0.00201848 0.00281643 0.00323859 0.00148952 0.00110537 0.000689975 0.00379465 0.000395337 0.00324934 2.66329e-11 0.0261169 0.000730056 0.000147029 0.000788792 0.0106706 0.0018866 0.00158107 1.04336e-09 
9.9679e-05 0.657216 0.0142654 0.0500252 0.000242082 0.0366421 0.00390095 0.0575145 0.0437133 0.00731154 0.00311069 2.81076e-05 0.0550066 0.0106431 0.00245387 6.9705e-05 0.0010523 0.000655152 0.0560483 1.19635e-06 
0.000253824 0.748812 0.00297473 0.0823773 0.000105518 0.000243376 0.0123883 0.00064514 0.000181659 0.00148757 0.0231287 3.81234e-08 0.0917093 0.000706599 0.0027998 0.000396147 0.000221639 5.39117e-05 0.0314753 3.88226e-05 
0.000166886 0.215531 0.130595 0.0181697 0.000897326 0.0104878 0.0540376 0.00422513 0.000146616 0.00970147 0.156231 2.62783e-07 0.209276 0.00497155 0.0171789 2.71078e-06 0.153829 0.00185469 0.00953063 0.00316726 
8.77416e-08 0.814333 0.00161767 0.0935468 6.42119e-05 0.0110459 0.00217424 0.00160793 1.96758e-05 0.0247964 0.0022886 1.3614e-09 0.0297328 0.0131875 0.000217131 2.00856e-07 8.31983e-05 0.000169667 0.00509909 1.55469e-05 
0.000279473 0.787874 0.00313443 0.0725787 0.0596834 0.0058231 0.00118119 0.000192584 0.000248906 0.00331231 0.00136449 2.45531e-06 0.000631921 0.000453203 0.00612308 4.3347e-06 0.00691845 0.000236963 0.0498997 5.72678e-05 
0.000403736 0.362965 0.0211573 0.161711 0.00159438 0.00539709 0.00115578 0.00489873 0.0167744 0.0709218 0.0131324 0.00947096 0.105512 0.073312 4.80581e-05 0.00032191 0.000198134 0.000100985 0.150234 0.000690068 
2.93366e-07 0.42504 0.0310893 0.254988 1.62474e-05 0.00721156 0.00307888 2.22167e-06 4.81262e-06 0.150321 1.89621e-06 2.69147e-10 0.0907191 2.60828e-06 0.0229561 3.81004e-07 2.43851e-06 3.99051e-06 0.0145613 2.23077e-10 
0.00693194 0.711199 0.0250238 0.019208 0.00057653 0.0392366 0.038325 0.000261453 0.00169359 0.0238556 0.0172016 1.57358e-09 0.0363591 0.00315624 0.0138007 0.0396251 0.000204435 0.000359817 0.0229798 2.18378e-06 
1.11742e-09 0.770749 8.06214e-05 0.150017 4.90915e-10 0.00288608 1.20091e-10 0.000780737 0.000102695 0.00248971 1.04635e-10 4.77149e-07 0.000348538 0.0599647 4.53158e-10 9.6776e-10 2.35833e-10 9.26599e-10 0.0125803 1.02049e-09 
2.07505e-06 0.993848 4.45801e-07 0.000812303 9.11624e-07 3.60986e-07 2.23009e-07 2.7754e-07 1.53114e-06 0.00209638 0.000641405 2.28639e-06 1.17994e-07 1.311e-06 0.0010948 1.79712e-06 4.3794e-07 1.72069e-06 0.00149125 1.89503e-06 
3.08009e-05 0.293969 0.253485 0.0179618 0.00374585 0.014568 0.112464 0.00904501 9.99396e-05 0.00897358 0.0302529 1.47518e-06 0.115349 0.00908425 0.00172653 1.29593e-05 0.0718101 0.0101204 0.0446294 0.00266915 
0.000587363 0.393195 0.0414134 0.0340852 0.00354072 0.0259648 0.0838433 0.00242922 0.00124185 0.0115121 0.0252295 9.65614e-08 0.237596 0.0388415 0.00133521 1.13066e-06 9.15943e-05 0.000365253 0.0983595 0.000366685 
0.000122692 0.612129 0.00257855 0.0569032 6.51868e-06 0.0744523 0.00167598 0.00785104 1.98681e-09 0.0314489 4.5663e-06 2.30679e-06 0.184664 4.751e-06 1.09194e-09 2.33195e-09 5.68272e-10 3.33574e-05 0.02811 1.37325e-05 
6.02393e-06 0.795971 1.16237e-05 1.1208e-06 1.74278e-05 3.10562e-06 3.27572e-05 3.10181e-07 1.02255e-08 3.89079e-06 0.148816 1.52693e-08 0.0550904 5.38368e-06 2.12959e-05 1.9134e-06 2.47608e-06 1.44516e-06 1.15983e-05 1.7169e-06 
3.02681e-07 0.85071 0.0651947 0.000796702 0.000175514 0.042184 0.0126931 0.000133709 8.03034e-06 0.00240009 0.00015182 3.3351e-07 0.00862516 0.000826382 2.36009e-05 1.27875e-05 1.4334e-05 2.52636e-05 0.0160179 6.66985e-06 
1.3786e-05 0.739951 0.00945605 0.0508981 0.0207924 9.25702e-05 0.0150353 0.0105876 3.55816e-06 0.0435218 0.0246064 0.00470868 0.0259156 0.00200913 0.00145503 2.5532e-08 0.00156888 0.0014117 0.0479633 9.36872e-06 
0.000158548 0.662953 0.115292 0.0512231 0.00143346 0.00729935 0.00145368 0.00235038 0.000469952 0.0372378 0.00242805 0.00311215 0.0600771 0.0120639 3.18969e-05 3.11974e-09 4.41988e-06 0.000236898 0.0421747 6.04653e-10 
2.70842e-05 0.358737 0.112405 0.11394 0.000448861 0.0543051 0.0280249 0.0284709 0.00190769 0.00749546 0.0373375 3.21803e-10 0.22709 0.00135313 0.00313749 0.000134082 0.000612585 0.000912101 0.0234539 0.000206439 
2.3022e-06 0.484372 2.60336e-05 1.85382e-06 0.39388 3.01317e-06 3.81948e-06 1.13284e-05 8.54926e-05 1.06208e-09 0.0205712 4.75034e-09 3.82687e-06 0.0922707 1.74837e-09 6.43413e-07 0.00876732 3.575e-09 2.58171e-10 4.53625e-07 
0.000361959 0.329768 0.0860337 0.150859 0.00478936 0.0897216 0.0116964 0.0118884 0.00651032 0.0267124 0.0155013 2.31328e-08 0.0582736 0.0206199 0.000346024 5.41262e-07 1.6301e-05 0.00159305 0.185221 8.75495e-05 
4.78874e-05 0.709251 0.00250124 0.00788524 0.000226058 0.0029552 0.00568349 0.00257883 0.000165525 0.00976739 0.0696069 2.82153e-06 0.140499 0.00536383 0.00228989 0.000714906 6.54436e-05 7.57094e-06 0.0403815 6.01926e-06 
2.10773e-06 0.899219 0.000834507 0.0332088 0.000329033 0.00235611 0.00313315 0.00504954 1.95895e-05 0.00596523 0.00440793 1.21871e-05 0.00694706 0.00152888 0.00895359 1.69745e-06 2.03816e-05 6.11558e-06 0.0279375 6.7169e-05 
1.16444e-10 0.883802 2.96201e-06 0.0217963 5.11571e-11 0.0675884 0.00234831 5.76272e-07 1.29751e-06 5.74008e-08 1.34336e-06 1.28304e-10 0.00861467 0.0126675 4.72225e-11 6.6731e-05 2.45756e-11 3.31207e-06 0.00310682 1.06342e-10 
0.000150688 0.98488 0.000110124 0.00414616 0.000199144 1.13991e-07 3.69236e-08 2.11468e-06 1.62073e-05 4.34463e-07 6.39772e-07 1.09724e-11 0.00678534 0.0011176 4.03839e-12 0.00184466 0.000745028 6.60689e-08 1.88188e-06 9.09423e-12 
0.000581991 0.293603 0.0212441 0.035847 0.00275245 0.00753119 0.204116 0.0012991 6.88845e-06 0.0119038 0.0658993 1.67336e-09 0.214701 0.00660715 0.0140433 4.89575e-05 0.00503754 0.00741432 0.107016 0.000346734 
1.08393e-05 0.816424 0.0242062 0.142265 5.96954e-09 1.11098e-05 1.04123e-06 0.000149311 1.59053e-05 4.01024e-05 0.00330529 1.49719e-08 1.60324e-05 8.58476e-09 5.51042e-09 1.1768e-08 1.28817e-05 1.12675e-08 0.0135402 1.91067e-06 
0.00448891 0.492306 0.00857059 0.0854217 0.0030476 0.0174789 0.00797608 0.00259799 6.3154e-05 0.0163493 0.0947752 0.00229074 0.0528944 0.0139875 8.4815e-05 1.5016e-05 1.51009e-05 0.000849211 0.196691 9.64087e-05 
9.64539e-06 0.567247 0.000725416 0.00624048 2.5902e-05 0.0004511 0.0318883 4.67721e-05 0.000900204 0.00521683 0.0267968 3.57148e-05 0.316965 0.0028965 0.00114958 0.000272025 5.83857e-05 0.000353871 0.038719 1.56696e-06 
1.4015e-06 0.934154 3.24182e-07 0.00955696 2.63391e-08 3.1006e-06 0.00764046 7.62378e-05 4.9819e-05 0.00248086 0.0272976 6.60596e-08 0.000677716 0.0105135 0.00129208 0.000181415 2.31809e-06 1.1259e-05 0.00546326 0.000597523 
0.0032945 0.614136 0.00727214 0.0441216 0.0220624 0.00445342 0.00119222 0.0321756 0.018761 0.0192797 0.0235866 3.77678e-11 0.16265 0.0118808 0.000528428 7.11558e-05 0.000476569 0.000353602 0.0336781 2.62144e-05 
5.53968e-05 0.989014 1.06977e-05 1.00516e-05 8.04627e-06 1.81684e-05 7.01063e-06 2.82633e-05 1.01079e-10 1.42275e-05 1.61405e-05 1.50937e-10 6.30553e-05 4.72551e-06 1.34327e-05 3.44167e-07 0.00437934 5.79432e-07 0.00635514 1.37623e-06 
0.0647455 0.593739 0.010599 0.117275 0.000851666 0.00873642 0.0405042 0.000188288 7.03223e-07 0.0662864 0.0204368 0.00362511 0.000487667 0.00816582 0.027046 5.74946e-07 9.32072e-05 0.0112024 0.0260152 8.63895e-07 
0.00750502 0.512439 0.110419 0.0887754 0.00898802 0.00491181 0.0114379 0.0142239 0.015645 0.0018849 0.0706258 1.86115e-07 0.0715703 0.00401067 0.000904401 2.47958e-05 0.000361192 0.000499154 0.075767 7.18846e-06 
0.000885844 0.532497 0.0412805 0.0707889 0.000493602 0.0446625 0.0940848 0.00396016 8.84883e-05 0.0265236 0.0139576 0.000456542 0.0334156 0.0401324 0.00324942 1.41297e-07 5.54018e-05 0.000401914 0.0930242 4.12224e-05 
2.48682e-06 0.742891 0.000515944 0.0515172 0.00235398 0.099172 0.00131562 0.00714898 2.27088e-09 0.0197738 2.47617e-07 3.39101e-09 0.0211305 0.00162783 0.000469489 2.66536e-09 1.22029e-07 0.0030976 0.0485919 0.000391037 
0.00468254 0.357465 0.0514034 0.102793 0.16143 0.0407189 0.0492064 0.0255127 2.98927e-06 0.0243827 0.00173243 3.70154e-08 0.0478241 0.013512 0.00192864 3.707e-08 8.31287e-05 0.00108162 0.116069 0.000171887 
1.00554e-05 0.384476 0.0145958 0.0344817 0.0147316 0.290031 0.0392257 2.04534e-06 6.39298e-06 0.00313017 0.0349069 5.64215e-07 0.101759 0.00303706 0.0140009 2.189e-06 0.00251272 3.49395e-05 0.0621927 0.000863096 
0.00035837 0.707583 0.000653295 0.0267383 6.94467e-06 0.0411014 0.00730389 0.0313981 0.000938918 0.0141804 0.00767669 1.43336e-07 0.0409428 0.00248468 0.000403589 2.60898e-06 8.54505e-06 0.000321381 0.0738466 0.0440508 
7.38761e-05 0.537121 0.0139792 0.0758053 0.00776341 0.0204838 0.0363945 0.0285956 0.0114646 0.0161558 0.0753511 0.00454272 0.0841261 0.0113047 0.00775807 0.0299434 0.00286109 0.00682786 0.0286765 0.000770987 
0.000883181 0.45872 0.00376028 0.0229943 0.00265379 0.303922 0.0173322 0.00428483 2.7293e-07 0.0273932 0.0622927 9.13902e-09 0.0308194 0.00429601 0.0139905 0.00341642 0.000714407 0.00222653 0.0402998 2.11744e-07 
0.000381523 0.509716 0.00459453 0.0675967 2.92025e-05 0.0894107 0.0857268 0.00072791 0.0016972 0.00444354 0.0300475 1.77174e-07 0.12222 0.0308154 0.0102549 3.23834e-08 0.000195725 0.0011976 0.0409393 5.19129e-06 
6.17732e-05 0.917419 0.000383276 0.00832215 4.20297e-06 0.00189061 0.00144321 0.000112374 0.00161219 0.0056003 0.00434171 1.11229e-07 0.0257992 0.000415432 0.00151157 0.00030412 0.00013267 5.61103e-05 0.0305845 5.02311e-06 
3.49922e-05 0.292117 0.0109372 0.194449 0.000155344 0.00960374 0.0227249 0.0202323 0.000796588 0.201682 0.0165211 1.10926e-05 0.13565 0.00641687 0.00555497 0.000333688 2.20747e-05 0.000207261 0.082502 4.72941e-05 
4.84091e-10 0.987945 1.34939e-06 0.00325336 2.12674e-10 0.000679628 6.36956e-07 6.47478e-11 3.57203e-10 3.89548e-07 0.00328347 5.33396e-10 1.05932e-06 3.68481e-06 1.01514e-06 4.19254e-10 1.02168e-10 4.17486e-07 0.00482917 8.62938e-07 
0.00767458 0.475405 0.098712 0.0346773 0.00250282 0.0237922 0.00904113 0.00124209 0.000906516 0.0150338 0.0577551 5.29364e-05 0.217646 0.00724455 0.012255 0.0208586 0.000902915 0.00118357 0.0129178 0.000196601 
5.76498e-06 0.939275 0.00201848 0.00281643 0.00323859 0.00148952 0.00110537 0.000689975 0.00379465 0.000395337 0.00324934 2.66329e-11 0.0261169 0.000730056 0.000147029 0.000788792 0.0106706 0.0018866 0.00158107 1.04336e-09 
4.05154e-11 0.66591 0.0619229 0.0174281 0.000698881 0.00788095 0.074696 1.05862e-06 0.000745425 8.44192e-08 0.0448276 2.74321e-05 0.0818177 0.00071349 0.00124186 0.0125319 0.000401408 5.53395e-05 0.0290053 9.49893e-05 
0.00133375 0.346173 0.325041 0.00330445 0.00038138 8.61303e-07 0.00958364 0.00909086 0.000410595 7.68057e-05 5.69766e-07 4.06589e-10 0.0342921 0.0021813 3.07989e-05 0.267689 5.71588e-06 5.93297e-05 0.000344655 5.43411e-07 
0.00612432 0.229683 0.225169 0.0803251 0.00365121 0.0286789 0.0432552 0.00696433 0.00039817 0.00289647 0.18155 8.89183e-07 0.0854144 0.00220998 0.00474868 6.87164e-05 0.00103821 0.00599886 0.0915788 0.000245137 
0.00108894 0.49051 0.0158594 0.156002 0.000537422 0.0302652 0.0194352 0.00667001 1.55963e-05 0.006182 0.0484061 0.000501307 0.101922 0.0169247 0.00428301 1.38363e-05 7.71298e-05 0.00138229 0.0999192 4.42365e-06 
1.8557e-07 0.95595 1.45473e-06 5.01423e-07 0.0169291 0.00131044 2.92765e-06 5.66111e-08 7.18694e-07 8.31199e-07 1.93255e-06 6.38769e-11 0.00207098 0.0232996 4.51415e-07 1.50673e-07 0.000407575 1.7859e-05 4.96887e-06 5.29432e-11 
0.000402638 0.807423 0.0290243 0.0638708 0.000156644 0.00656179 0.0015059 1.57841e-05 3.19007e-05 0.010117 0.00493379 5.46675e-07 0.00220265 0.0596414 0.000187339 4.52876e-05 1.04711e-07 0.000279296 0.0135923 7.75124e-06 
7.47836e-05 0.575588 0.00249943 0.0340221 1.67565e-05 0.000342841 0.00936416 0.019004 0.0540593 0.00127787 0.0808491 1.04215e-08 0.122701 0.000611 0.0295334 7.88771e-05 0.000617703 4.31232e-05 0.0679518 0.00136431 
0.000843784 0.325221 0.240812 0.0833922 0.0722293 0.0146855 0.154379 3.14931e-05 4.89946e-05 0.0226115 0.00398017 6.70146e-11 0.0259509 0.0343658 0.00172599 0.000292122 0.00121584 4.15782e-07 0.018214 1.93924e-07 
1.06131e-09 0.844456 0.00333867 0.0212273 2.84724e-05 0.0283688 0.00126471 0.00830896 0.00027885 0.00267344 3.65001e-05 2.93523e-06 0.0391073 3.31953e-05 0.000452796 2.18995e-06 2.71949e-05 1.27479e-06 0.0503826 8.65272e-06 
0.000240968 0.451815 0.00675991 0.0410225 0.00065974 0.0069174 0.0103902 0.00148434 0.00499684 0.00276663 0.0497858 3.28277e-10 0.264571 0.00319788 0.0972794 0.00342991 8.20892e-05 7.15078e-05 0.0545274 2.46574e-06 
0.00145112 0.239026 0.217992 0.0726976 5.3653e-05 0.000620925 0.131398 0.0975441 0.000450098 0.00233938 0.142434 1.10034e-08 0.0374104 0.000504783 0.00227532 9.52247e-05 3.26053e-05 0.00117489 0.052401 9.9626e-05 
2.67576e-05 0.542987 0.00453754 0.0313242 0.000388208 0.00765405 0.000554587 0.0920175 0.0375058 0.00747381 0.00139143 1.1613e-09 0.138211 0.00236944 0.000395767 2.95758e-05 0.000178854 5.35193e-07 0.132635 0.000318808 
2.40051e-05 0.866058 3.46325e-05 0.0111868 0.00069778 0.00026432 0.00604832 0.00658635 0.00885241 0.00279948 0.000291201 1.7455e-06 0.0117598 0.000410556 0.0557812 1.79795e-05 4.64074e-05 1.25953e-05 0.0291127 1.31694e-05 
2.67576e-05 0.542987 0.00453754 0.0313242 0.000388208 0.00765405 0.000554587 0.0920175 0.0375058 0.00747381 0.00139143 1.1613e-09 0.138211 0.00236944 0.000395767 2.95758e-05 0.000178854 5.35193e-07 0.132635 0.000318808 
0.000435277 0.642934 0.00348061 0.0605466 0.0111519 0.0208714 0.00782624 0.00185173 2.96943e-05 0.0277584 0.0323476 1.05928e-08 0.112681 0.0135973 0.000959334 1.73717e-05 0.000213175 4.35594e-06 0.0632027 9.15214e-05 
0.00035837 0.707583 0.000653295 0.0267383 6.94467e-06 0.0411014 0.00730389 0.0313981 0.000938918 0.0141804 0.00767669 1.43336e-07 0.0409428 0.00248468 0.000403589 2.60898e-06 8.54505e-06 0.000321381 0.0738466 0.0440508 
6.3564e-05 0.378111 0.245004 0.00887108 0.000125119 0.00532888 0.00743204 0.00245507 0.0706633 0.0012541 0.00702154 1.03853e-10 0.0433815 0.000449637 0.00035502 0.000300519 0.212598 0.00357503 0.0130106 3.22598e-07 
0.0030216 0.617382 0.0259784 0.0790185 0.000910639 0.011777 0.010238 0.0133061 0.000289815 0.0863169 0.0101047 0.000142536 0.068273 0.00789855 0.00484433 0.000177759 2.35256e-05 0.000566666 0.058485 0.00124474 
0.000146405 0.866949 0.000638372 0.054751 0.000502861 0.0226438 0.00229189 0.000196959 2.01012e-05 0.00620343 0.0053137 2.59291e-05 0.0287554 0.0100089 3.58348e-09 1.65174e-06 0.000260918 2.39596e-05 0.00126463 1.16591e-06 
0.000525784 0.373758 0.0121264 0.116023 0.0108526 0.0143503 0.0720173 0.00909781 0.00299306 0.0245827 0.0205515 7.38831e-11 0.152944 0.0217818 0.0577462 1.51961e-05 8.02303e-05 0.000560091 0.109692 0.000302239 
0.0142385 0.551557 0.0165361 0.0902239 0.00531789 0.00389733 0.0021489 0.0070486 0.00244017 0.0235977 0.00810517 1.19277e-06 0.172272 0.0586049 0.00105578 1.38963e-05 0.000129659 0.000242434 0.042459 0.00011083 
0.00049425 0.457378 0.0262899 0.0894451 0.00724033 0.0946558 0.130672 0.000116469 0.00073858 0.0687849 0.00296841 1.67412e-05 0.0409105 0.032872 0.000787505 9.37939e-08 0.000104903 0.000148265 0.0455763 0.000799773 
0.0117346 0.52714 0.00404561 0.154593 0.00186905 0.00176839 0.0027457 0.0228253 0.000158681 0.0225604 0.0139171 6.88314e-07 0.179525 0.00199856 0.00353864 3.32897e-05 0.000144154 6.18452e-06 0.0513961 2.17159e-07 
0.000872822 0.275908 0.0699708 0.106183 0.000100488 0.0717689 0.0535561 0.0189558 0.000544795 0.00862432 0.104275 3.25109e-06 0.0963505 0.00935615 0.00340775 2.1497e-06 9.92006e-05 0.00335386 0.176123 0.000543887 
0.000282413 0.703038 0.00530015 0.0491082 0.0127218 0.00991004 0.0160805 0.00042826 1.53813e-05 0.00166972 0.0385048 3.84299e-06 0.029629 0.0588785 0.01959 0.000108959 2.98307e-05 0.00593912 0.0487485 1.28653e-05 
0.00220839 0.562074 0.0309639 0.0493497 0.0263343 0.0198494 0.0603282 0.000799417 0.000142576 0.00559022 0.0130514 4.113e-05 0.132094 0.012392 0.00804275 0.000315118 4.61418e-05 0.000103 0.0760232 0.000251759 
8.98727e-05 0.536582 0.000701362 0.0369936 5.89975e-06 0.0460734 0.000457178 0.0196536 0.100745 0.0150848 0.0146943 1.73564e-10 0.116343 0.0343171 0.000182416 5.719e-05 0.000116124 2.44214e-05 0.0778789 2.6296e-07 
0.000320014 0.510082 0.0185961 0.117576 0.000422904 0.00467623 0.0723347 0.00856895 0.00175232 0.0113281 0.0550097 0.00179415 0.0801384 0.00207513 0.0679942 0.00646901 0.000115555 0.000397778 0.0383253 0.00202361 
4.32426e-06 0.39092 0.0247826 0.0684404 0.00237294 0.116777 0.00113626 0.008852 0.01567 0.0191765 0.0142266 2.7202e-09 0.137879 0.172108 0.00708594 8.32851e-05 8.27118e-05 4.27566e-05 0.0203389 2.03785e-05 
5.33524e-05 0.538758 0.00740609 0.181776 0.000474959 0.00251047 0.00328048 0.00924096 0.00153842 0.00917506 0.00686751 0.0202843 0.0848743 0.00485342 0.00259702 2.46207e-05 6.39723e-05 4.21162e-06 0.126008 0.000209285 
5.69398e-05 0.684826 6.10821e-05 0.102564 7.02181e-09 3.91715e-05 0.000389104 0.00212402 0.00114706 0.0263072 0.0496185 1.7611e-08 0.0389487 0.00688778 0.000102932 3.83469e-06 5.92046e-06 1.32536e-08 0.0862784 0.000639646 
0.00607833 0.31826 0.00360686 0.117967 5.02314e-06 0.0185272 0.101112 0.000584138 4.4651e-08 0.00441992 0.0922597 0.0991227 0.194514 0.00512601 0.000871024 1.17857e-06 5.45044e-07 0.00588763 0.00752353 0.0241328 
7.71214e-06 0.957968 0.00153318 0.00689811 0.00114387 0.00510464 0.000299192 1.3864e-05 1.29953e-05 0.00576379 2.77322e-05 8.23959e-06 0.00483684 0.0143104 0.00160817 0.000141634 6.54487e-05 8.68351e-05 0.000168406 1.27897e-06 
0.000101441 0.251628 0.00159416 0.206306 0.00766237 0.00611825 0.0108043 0.0226633 0.0352652 0.0213153 0.02406 7.56575e-10 0.122598 0.0020608 0.0435433 3.74058e-05 3.44905e-05 0.00133718 0.242843 2.84977e-05 
0.00253234 0.87894 0.00249629 0.00764807 0.0010049 0.00679517 0.00177802 0.00596981 1.10917e-07 0.001576 0.00351157 1.7119e-10 0.0711915 0.00400078 0.000758315 7.7116e-06 0.000201536 8.15331e-06 0.0115692 1.07219e-05 
0.00106656 0.396716 0.159099 0.0801307 0.00488675 0.0756666 0.0316847 0.00748556 0.00148111 0.0101083 0.0190124 1.64538e-08 0.145326 0.00727805 0.000800843 0.00197435 0.000326965 0.000725347 0.0549144 0.00131565 
