0.00110737 0.00454392 0.0159613 0.0223944 0.313072 0.00331178 0.0112215 0.00342626 4.76638e-05 0.00188065 0.54474 3.89698e-13 0.0161668 1.73333e-05 0.000401315 3.05827e-07 0.000895678 0.00625782 0.0544855 6.82549e-05 
4.5249e-08 0.0163108 0.00105682 0.0444317 8.81322e-08 0.00203321 0.217117 0.0053261 5.9652e-12 0.000357787 0.36869 1.24711e-08 0.116993 5.10755e-12 0.0440896 1.78291e-08 1.52346e-05 6.70365e-12 0.183579 1.3636e-08 
9.09889e-05 0.00155319 8.92053e-05 0.00582073 0.00205047 0.0154587 0.0829532 0.0277818 9.33021e-06 0.00222348 0.593234 1.47192e-07 0.055504 0.000603759 0.188141 7.15081e-07 4.77447e-06 2.20949e-06 0.0244752 3.09754e-06 
0.000481739 0.0950932 0.000732157 0.0106984 0.00055688 0.00214666 0.0106102 0.00269069 0.00136716 0.00293084 0.617782 2.2438e-08 0.056142 7.82989e-05 0.0020521 9.43949e-05 1.84167e-05 1.41548e-08 0.196523 1.75145e-06 
0.000451815 0.00227057 0.00882405 0.0106584 0.00837039 0.00868901 0.0492072 0.00491669 2.69444e-06 0.000830502 0.348164 7.46073e-10 0.320983 2.92854e-07 0.0019393 1.35208e-07 3.16053e-05 1.97304e-05 0.234633 6.62329e-06 
4.69192e-05 0.00363638 0.0447487 0.00487978 0.000344348 0.0578968 0.0270787 0.00203369 6.34954e-05 0.0109621 0.710809 0.000290706 0.0830609 0.00113574 0.000349264 4.61416e-08 7.803e-05 0.000186664 0.0523102 8.89622e-05 
5.41653e-05 0.0215293 0.0113437 0.020896 0.0365924 0.011303 0.00447445 0.000473537 0.00287286 0.0218137 0.464504 1.8371e-12 0.175638 4.11892e-05 4.41654e-05 5.27242e-08 0.000576967 0.000129433 0.227707 6.64579e-06 
0.000379408 0.00833804 0.0022389 0.054917 0.00214097 0.00210536 0.101364 0.0470256 1.46144e-05 0.011673 0.422403 1.00241e-07 0.047671 1.50658e-08 0.027339 6.80906e-05 1.44396e-05 0.000385906 0.27192 2.6187e-06 
1.24769e-05 0.00511334 0.00363732 0.0329788 0.0004808 0.00159808 0.0159377 7.51458e-06 2.69904e-06 0.00662149 0.678419 4.56811e-05 0.00596558 1.73533e-08 2.41513e-06 1.13741e-08 0.0487284 0.000413505 0.197879 0.00215582 
0.000153147 0.0316574 0.000249484 0.0252204 0.00145208 0.0587728 0.0358909 0.0494019 0.00214874 0.0585874 0.401143 6.49806e-06 0.144367 0.000353923 0.00568969 0.000116944 0.0513671 3.21747e-05 0.133158 0.00023139 
0.001105 0.251307 0.00361961 0.0814477 0.0190007 0.00370297 0.0595546 0.0032231 0.00057587 0.00778744 0.435152 1.32452e-05 0.00532195 0.000423578 0.000849471 5.46447e-07 7.20812e-05 0.0354968 0.0913429 2.8743e-06 
0.00196435 0.0120868 0.0542356 0.0538919 0.0319083 0.00160771 0.0355337 0.0219283 7.77838e-05 0.000783705 0.640186 2.75913e-08 0.0408988 5.23866e-06 0.00341504 6.4748e-07 0.00900591 0.00184686 0.0867914 0.00383233 
7.24274e-05 0.00717856 0.000338349 0.00560074 0.0005521 0.00199474 0.0214356 0.00258741 0.000122383 0.000545369 0.785744 1.17731e-11 0.028097 9.74254e-06 0.000425809 5.2387e-07 4.37538e-05 1.24993e-05 0.14523 8.98081e-06 
0.00694076 0.168644 0.0642371 0.106414 0.0091132 0.0568885 0.113429 0.00641275 0.00141139 0.021353 0.236695 1.22982e-06 0.0645493 0.00199894 0.00874732 1.31678e-05 0.00131499 0.00578238 0.125711 0.000343236 
0.00102568 0.0597099 0.110146 0.142379 0.00745349 0.027769 0.151656 0.0180143 0.000165615 0.015768 0.155803 5.7774e-12 0.123527 0.000396821 0.00227983 2.6552e-06 0.0854165 0.00072032 0.0962161 0.00155189 
0.000549441 0.00604591 0.016924 0.0179518 0.00287297 0.000204713 0.00474722 0.0153619 0.00109851 0.00222457 0.825363 6.76462e-10 0.0179662 4.17337e-05 0.0010287 3.40028e-07 4.10318e-06 5.42665e-05 0.0873181 0.000242077 
0.00271991 0.00406922 0.000662374 0.0368392 0.00115972 9.42924e-05 0.00223549 0.0274665 0.00313564 0.0015679 0.768388 1.28674e-12 0.00795639 2.64055e-05 9.09428e-05 6.77522e-07 2.1547e-05 1.86932e-05 0.143542 5.05172e-06 
0.000494497 0.100506 0.029867 0.0640658 0.0102138 0.0908271 0.0240128 0.00833674 0.012661 0.0077158 0.349534 1.70442e-10 0.138037 0.00121137 0.000350154 0.00014381 0.000157404 3.59924e-05 0.161117 0.000712732 
2.10193e-05 0.0166916 0.0105928 0.085685 0.00631088 0.00586621 0.169151 0.000289206 6.55436e-07 0.0142577 0.430276 4.05073e-11 0.0482909 2.98495e-08 0.131014 3.52402e-05 2.64069e-06 0.000139333 0.066724 0.0146523 
0.000463004 0.0813635 0.00465048 0.0377176 0.00244156 0.0152047 0.019399 0.0187478 0.000599116 0.000518303 0.517312 4.96484e-08 0.129073 0.000760398 0.00514677 0.000389941 2.03683e-05 0.00288934 0.163239 6.36903e-05 
0.000841158 0.011463 0.00598911 0.0252685 0.00388131 0.00229622 0.166516 0.0010865 1.51788e-05 0.00934951 0.444293 2.20186e-11 0.0352572 0.00178117 0.0091873 3.7054e-07 6.86184e-05 0.00141726 0.281287 2.17299e-06 
1.24769e-05 0.00511334 0.00363732 0.0329788 0.0004808 0.00159808 0.0159377 7.51458e-06 2.69904e-06 0.00662149 0.678419 4.56811e-05 0.00596558 1.73533e-08 2.41513e-06 1.13741e-08 0.0487284 0.000413505 0.197879 0.00215582 
0.000157324 0.00539346 9.06782e-05 0.0264916 0.000447776 0.0176915 0.0340882 0.0116944 0.00195381 0.00141208 0.832534 0.000232967 0.0392367 8.25782e-05 0.00671994 4.3419e-07 4.81039e-06 1.35495e-08 0.0217545 1.31949e-05 
0.00114789 0.0165567 0.028866 0.0478642 0.000603913 0.00208406 0.0312989 0.0559033 0.0117851 0.00286997 0.41149 6.97613e-06 0.0629955 0.000726713 0.000172877 1.80199e-05 1.13743e-05 0.000214741 0.325381 2.80279e-06 
0.000386634 0.00261764 0.00589094 0.015233 0.14138 0.00844154 0.118565 0.000308302 5.03329e-05 0.00583558 0.560746 1.94812e-05 0.0257088 0.000385434 0.00108843 1.67387e-07 0.000275307 0.000698871 0.112355 1.35972e-05 
0.000918176 0.0243352 0.0117092 0.305152 0.00450336 0.0652958 0.0115621 0.0291138 0.0186925 0.00465442 0.319486 5.78319e-08 0.0446541 0.00231711 0.00098217 0.00312046 7.59016e-05 0.00183594 0.151567 2.37232e-05 
0.000115203 0.00382824 0.030883 0.0501598 0.00704856 0.00105102 0.03594 0.00590663 0.00266741 0.00039067 0.719746 2.54538e-08 0.0562406 4.96258e-08 0.0140272 1.3827e-06 0.00193822 0.000619794 0.0649776 0.00445826 
0.001434 0.090326 0.0185158 0.0706035 0.00061741 0.0153236 0.10634 0.00132123 0.000288187 0.0362366 0.305323 2.71334e-09 0.206543 5.57224e-05 0.000487821 9.56316e-06 1.68513e-05 0.0142788 0.132181 9.70538e-05 
0.00170986 0.00455566 0.0126999 0.0459259 0.0150924 0.00816478 0.0999211 0.0297151 0.00767665 0.00333863 0.519311 1.11352e-08 0.0760626 0.000236522 0.00551831 1.50619e-06 0.00332109 0.000674023 0.163801 0.00227426 
0.000258875 0.0193384 0.030091 0.0521282 0.015103 0.0247305 0.082984 0.0122918 0.000101348 0.0201862 0.330166 2.15592e-05 0.175659 0.00168522 0.0185313 0.000187702 0.0223966 0.00357362 0.190533 3.23923e-05 
0.000625219 0.0499042 0.0232626 0.0580288 0.0856168 0.0164331 0.0321835 0.00907522 0.00748755 0.0167852 0.426916 0.000265104 0.108492 0.0006608 0.00186328 0.000452663 0.0231923 0.0212782 0.114893 0.00258502 
0.000482469 0.012181 0.010178 0.0740682 0.000551412 0.00327099 0.0791468 0.0202703 4.57349e-05 0.00251236 0.414123 2.19819e-07 0.1495 4.49835e-05 0.0363385 2.08492e-06 1.19539e-05 0.002169 0.192777 0.00232533 
2.72983e-06 0.00319461 0.00147717 0.0271879 0.00392019 0.00300765 0.00568898 0.00426466 5.19481e-05 0.00395258 0.482542 1.31648e-11 0.0925043 0.000918646 0.00021676 9.68616e-09 5.7256e-05 1.21951e-07 0.371012 9.46262e-09 
9.00106e-05 0.00625016 0.0407008 0.0246507 0.022114 0.0017177 0.029972 0.010751 0.000356209 0.00147121 0.659387 1.75162e-06 0.0673699 1.53286e-05 0.000281481 6.50371e-10 0.00605432 0.00191248 0.123587 0.00331711 
7.9718e-05 0.0108419 0.302007 0.0129857 0.104024 0.0202546 0.046671 0.0097028 3.04877e-06 0.000511144 0.368955 2.19379e-09 0.0515425 3.47764e-05 0.00072572 7.78071e-06 0.00635145 0.00384951 0.0610492 0.00040383 
7.68023e-08 0.242068 0.0106556 0.0148168 0.000189523 0.0114489 0.00767875 0.00163677 3.47866e-06 0.000374891 0.382189 6.32804e-07 0.100872 5.21172e-05 0.0622164 0.000147313 0.000559175 6.14743e-05 0.164078 0.000951044 
0.0488334 0.140959 0.000511429 0.0572353 5.81909e-06 0.0139953 0.0167408 0.0198213 0.0343329 0.00527952 0.461965 1.7785e-05 0.100721 0.000592925 0.00032438 3.71472e-06 0.000118867 0.00010628 0.0984326 1.80534e-06 
0.000600002 0.00444415 0.0588097 0.0298019 0.317315 0.00510091 0.0296 0.00727429 1.58867e-06 0.00103651 0.445089 5.10081e-12 0.0384026 0.00303996 0.00186447 2.35635e-06 0.0213055 0.000665554 0.0335742 0.00207291 
3.07304e-05 0.00850261 0.00168949 0.00227599 0.00146766 0.00243138 0.0133973 9.89952e-05 1.28655e-06 0.00114911 0.650626 5.68297e-08 0.162219 3.25858e-08 0.00840022 5.88908e-06 4.73052e-05 0.000125591 0.147324 0.000207202 
0.000107244 0.00879804 0.119067 0.00848109 0.0674819 0.0224197 0.0605722 0.00483385 2.38028e-06 0.000576619 0.529487 3.3558e-09 0.128649 8.76048e-05 0.00488653 3.45508e-05 0.0242501 0.00248974 0.0163585 0.00141759 
1.24769e-05 0.00511334 0.00363732 0.0329788 0.0004808 0.00159808 0.0159377 7.51458e-06 2.69904e-06 0.00662149 0.678419 4.56811e-05 0.00596558 1.73533e-08 2.41513e-06 1.13741e-08 0.0487284 0.000413505 0.197879 0.00215582 
0.000976269 0.0696432 0.0154525 0.0419454 0.00254708 0.0403485 0.0700343 0.0130291 0.0049442 0.0086418 0.342334 1.88869e-05 0.195475 0.000390016 0.00535669 9.59822e-05 0.000817886 0.00186477 0.185688 0.000396153 
0.00108344 0.0170843 0.0015073 0.0175285 0.00150904 0.00225099 0.0173842 0.0107184 0.00135551 0.00253147 0.698105 5.34464e-08 0.0306999 0.000303076 0.00333618 3.96762e-06 2.24394e-05 5.04923e-05 0.194459 6.7134e-05 
0.000230493 0.0424365 0.00192078 0.084149 0.00691466 0.0228925 0.033933 0.00556783 0.00186561 0.00582349 0.458994 0.000727677 0.11935 0.00825277 0.0813949 4.60338e-05 2.85341e-05 2.57286e-05 0.125438 8.98627e-06 
0.00107742 0.0815686 0.0316765 0.0403196 0.00713448 0.138881 0.111314 0.0199102 0.000105824 0.0137067 0.24283 1.56247e-05 0.227036 0.0018592 0.0129221 6.17925e-06 0.00215452 0.00351139 0.0631961 0.000773648 
7.01997e-05 0.0372927 0.0803817 0.0384832 0.00616549 0.00215204 0.0337758 0.0252843 8.20002e-05 0.00168606 0.399198 1.08035e-07 0.218341 0.00025406 0.00464459 3.97574e-05 8.3689e-05 0.00018427 0.147042 0.00483888 
0.000198881 0.160747 0.0172982 0.031589 0.00646671 0.0149993 0.0886529 0.0186155 0.000143196 0.00649802 0.321974 2.30953e-06 0.142589 0.0134946 0.0943414 1.02823e-05 3.56168e-05 0.00295378 0.0793633 2.70869e-05 
8.19782e-05 0.0150377 0.00863904 0.0042055 0.0143401 0.0154788 0.0172339 0.00130239 8.95914e-10 0.000430998 0.809362 1.01488e-06 0.0861324 0.000283877 0.00329065 0.000553433 6.44599e-05 0.00112473 0.0223768 6.00246e-05 
7.83291e-05 0.0927769 0.208324 0.0862169 0.0154959 0.00584642 0.058928 0.0030665 0.000201273 0.136524 0.235812 7.15107e-10 0.1212 3.28245e-05 0.000410531 4.77328e-06 0.00396376 0.000129502 0.0280768 0.00291205 
5.41653e-05 0.0215293 0.0113437 0.020896 0.0365924 0.011303 0.00447445 0.000473537 0.00287286 0.0218137 0.464504 1.8371e-12 0.175638 4.11892e-05 4.41654e-05 5.27242e-08 0.000576967 0.000129433 0.227707 6.64579e-06 
0.00147488 0.00864954 0.0163486 0.0447936 0.00622025 0.0027448 0.0668383 0.0126802 4.15328e-05 0.00172778 0.592332 1.80681e-06 0.140958 1.661e-08 0.00450392 0.000117887 0.00237902 0.00042302 0.0974145 0.000349767 
2.57562e-06 0.0113135 0.0020178 0.0241189 0.000881021 0.00175198 0.0101349 0.00466957 0.000150923 0.00604061 0.427723 7.51853e-09 0.129596 1.66428e-05 0.00174873 5.52772e-07 2.66052e-06 0.00186288 0.377964 2.7032e-06 
0.00209636 0.0408514 0.00637308 0.00684203 0.00117787 0.170461 0.0695439 0.00197416 1.514e-09 0.0015585 0.384789 2.26079e-09 0.101906 0.000789436 0.012254 3.79129e-06 1.71827e-05 0.000306412 0.198208 0.000847595 
1.98307e-05 0.109301 0.00838584 0.005095 1.27102e-07 8.48802e-05 0.0157839 0.00439275 1.1555e-11 0.00689543 0.445871 1.72547e-11 0.3049 0.000111335 0.00028551 0.000618993 0.000200268 5.01383e-05 0.0980046 1.24471e-08 
9.57499e-06 0.000936532 0.00153945 0.0228321 0.00119896 0.000680542 0.00210421 1.72053e-05 0.000118202 0.00203987 0.560644 1.16852e-06 0.0410931 1.57144e-05 4.34683e-05 3.38969e-09 1.04466e-05 0.000228516 0.366462 2.50257e-05 
5.293e-05 0.00982375 0.0261094 0.0357277 0.00253297 0.000756639 0.0180677 0.00236167 0.00260827 0.0137583 0.570346 5.77215e-08 0.0248587 0.000930922 0.000331165 6.24971e-07 0.00110206 0.000288365 0.28888 0.0014632 
0.000108593 0.136595 0.00285365 0.00199993 1.45919e-05 0.0418668 0.00634787 5.01048e-06 0.000357714 0.000831509 0.619182 4.69119e-07 0.0972078 0.0246617 0.0113831 0.000274696 1.50426e-06 0.0228195 0.0333748 0.000114138 
0.00162683 0.101504 0.0509798 0.0476218 0.0223143 0.0363763 0.0346296 0.0204302 0.00866298 0.00626527 0.419083 1.18722e-09 0.118517 0.00151756 0.0013385 1.02232e-06 0.00733364 0.00137093 0.119619 0.000808392 
0.000213018 0.00244861 8.30827e-05 0.000418023 0.0027294 1.53007e-05 0.000434337 0.00123567 6.48987e-05 6.10355e-05 0.987259 0.000100738 0.000875386 5.55678e-05 0.000775317 0.000169443 0.000129276 0.000240018 0.00261197 8.03224e-05 
0.000732047 0.0178899 0.00695227 0.0366631 0.00116265 0.0204488 0.060688 0.0302223 0.00161148 0.00791185 0.340732 0.000190434 0.159941 0.000630383 0.0106454 3.89647e-05 2.04901e-05 0.00039042 0.302474 0.000655119 
0.0170269 0.0349499 0.00373214 0.087201 0.00158727 0.0244222 0.0168948 0.0571393 0.00190709 0.00975231 0.469998 8.42732e-07 0.0469857 0.00146414 0.000842877 3.08015e-07 3.52634e-05 0.0107057 0.215248 0.000106817 
0.000448715 0.023212 0.0290443 0.0803474 0.18597 0.0145915 0.0395105 0.0144888 0.0273872 0.00283498 0.300995 1.53737e-11 0.124095 0.000975658 0.114652 3.42894e-06 0.000318651 0.00113855 0.0394753 0.000511618 
7.45998e-05 0.0395126 0.0357441 0.0793002 0.00101185 0.00668126 0.019956 0.0123068 0.00810663 0.00330378 0.371015 0.00491978 0.219811 0.00238686 0.00442769 1.00068e-05 9.03887e-06 3.1787e-05 0.191364 2.67794e-05 
0.00358515 0.0520695 0.0274589 0.0481808 0.00478314 0.00751954 0.0261881 0.0261178 0.00251831 0.0201612 0.338043 0.0954059 0.101329 0.00329669 0.00510917 7.19004e-05 7.51823e-05 0.000316025 0.237236 0.000534604 
0.000119746 0.00397085 0.0011569 0.00138448 0.00384452 2.89221e-05 0.0173203 0.0126692 3.17725e-05 3.05381e-05 0.912004 8.94482e-13 0.0297714 1.42408e-05 0.00506959 2.35462e-05 2.21691e-05 3.49519e-05 0.0125032 3.89185e-09 
1.73314e-05 0.0520106 0.00318573 0.0379891 0.000389673 0.0013084 0.0606458 0.0300344 0.000813846 0.0113067 0.428158 6.99747e-06 0.0650351 0.000921505 0.00291507 2.73874e-05 0.0124134 0.000188128 0.292197 0.000435839 
3.48436e-05 5.55187e-05 0.0154276 0.00191605 0.00795138 0.0217746 0.00483504 1.4916e-05 2.32469e-07 0.0209612 0.842553 4.27331e-12 0.00734822 1.14017e-08 9.40631e-07 3.35886e-12 5.49478e-05 0.000812807 0.0762558 2.54223e-06 
2.48955e-06 0.071108 1.30203e-07 0.0371299 9.35427e-07 0.114603 0.147759 3.42474e-07 1.16425e-06 0.0560544 0.297237 9.4449e-07 9.32567e-07 0.00405451 6.9343e-06 5.10693e-07 0.000149444 1.48947e-06 0.271872 1.70515e-05 
0.000192166 0.174438 0.00269723 0.0699885 0.00299432 0.00541899 0.0233861 0.00927253 0.00228139 0.0108216 0.338157 1.77845e-06 0.052151 0.00167149 0.000739992 1.96342e-05 5.80766e-05 9.56579e-07 0.305531 0.000178236 
0.000662027 0.0488753 0.00271008 0.0475331 0.00087021 0.013251 0.0382304 0.00652973 0.00467582 0.020398 0.581867 6.02974e-06 0.052252 0.00546926 0.00260404 1.45779e-05 0.00994535 0.00203303 0.161218 0.000855371 
0.00773577 0.0234135 0.00190166 0.0184094 0.00195417 0.0138578 0.0248631 0.0142671 6.34338e-05 0.00866361 0.499393 0.000957532 0.217125 0.000879415 0.0028585 1.19319e-05 8.67381e-05 0.000151282 0.163339 6.85062e-05 
0.000244164 0.122714 0.0301175 0.0526226 0.0753685 0.006094 0.0505817 0.000785317 0.0002177 0.00401847 0.50029 4.88928e-10 0.0382267 0.000552714 8.01849e-05 2.52957e-05 0.000461765 0.00161565 0.115928 5.61159e-05 
0.00299647 0.0393615 0.0274741 0.0366015 5.94098e-05 6.09324e-05 0.00601486 0.0068233 0.00158096 0.000441583 0.576686 2.51192e-05 0.0739391 6.90948e-05 0.00467457 8.00502e-06 0.000363113 3.22409e-06 0.222807 1.05489e-05 
0.000149728 0.000381282 0.00782268 0.0305342 0.00763874 0.195948 0.04365 1.3039e-05 6.0427e-06 0.239011 0.254861 2.48124e-07 0.0274451 0.00365215 4.0246e-05 2.24175e-10 7.94095e-05 0.0165015 0.172253 1.22004e-05 
0.0099346 0.153771 0.00724711 0.0507863 0.00177659 0.10718 0.159052 0.00590819 0.000319969 0.0395341 0.163918 0.00400064 0.159706 0.00189981 0.00274417 1.47623e-05 3.16463e-05 0.0138641 0.118194 0.000116202 
6.16143e-05 0.0443762 0.000212653 0.000675408 0.00241488 0.000186697 0.00423835 8.11992e-05 2.04784e-07 7.79485e-05 0.920158 1.05309e-07 0.0217975 1.58336e-07 0.000155213 6.98746e-06 3.59267e-05 5.89197e-09 0.00551917 2.24058e-06 
0.000866176 0.00324567 0.0137923 0.0188597 0.398426 0.00283191 0.00956952 0.00244736 3.40513e-05 0.00134334 0.484055 5.60503e-13 0.0140442 1.23839e-05 0.000385452 2.18759e-07 0.00114098 0.00446991 0.044386 8.95633e-05 
0.00115438 0.0207043 0.0163294 0.00728286 0.000384545 0.00222838 0.105971 0.000229588 2.84686e-06 0.00204595 0.497825 1.0719e-05 0.0658292 5.4102e-08 0.00485674 1.55089e-07 2.01403e-05 0.00097516 0.270305 0.00384482 
9.05272e-07 0.0507564 0.165458 0.0247379 0.00500109 1.07349e-06 0.00462767 0.0685413 3.49712e-11 5.21907e-07 0.522229 2.61628e-08 0.0836423 0.00230415 1.07826e-06 6.16102e-08 1.06528e-06 8.13559e-07 0.0726967 4.63166e-07 
0.00124928 0.0753681 0.0256005 0.044293 0.0119074 0.00908734 0.065552 0.0177492 0.00112136 0.00365021 0.292661 1.65738e-06 0.233911 0.000239021 0.00928124 0.000115911 0.00240968 0.000974828 0.203791 0.00103543 
0.000114269 0.00609512 0.0308721 0.0659414 0.00704172 0.00200955 0.0394451 0.00590306 0.00352523 0.000709593 0.66377 3.41187e-09 0.0633202 6.65683e-09 0.0107729 1.26728e-06 0.001926 0.000617391 0.0934856 0.00444914 
9.05272e-07 0.0507564 0.165458 0.0247379 0.00500109 1.07349e-06 0.00462767 0.0685413 3.49712e-11 5.21907e-07 0.522229 2.61628e-08 0.0836423 0.00230415 1.07826e-06 6.16102e-08 1.06528e-06 8.13559e-07 0.0726967 4.63166e-07 
0.00155546 0.0102534 0.114904 0.00920761 0.0290694 0.0306608 0.0899701 0.00116231 7.56734e-10 0.00145569 0.287223 3.07298e-12 0.279922 0.000397363 0.00161959 2.86318e-06 0.0540302 0.00896895 0.0795472 5.03915e-05 
0.00027298 0.0300258 0.00171144 0.016691 0.00875496 0.000285621 0.00753166 0.00680611 0.0553604 0.00106866 0.748017 2.31881e-09 0.0389489 4.61121e-05 0.000879819 6.25803e-05 0.000565026 0.00012879 0.0828231 2.00488e-05 
0.00668792 0.0355962 0.00851507 0.032855 0.198419 0.00778843 0.0168615 0.0208144 0.0123617 0.0033615 0.424778 4.21201e-11 0.0668724 0.00479291 0.0245005 1.80473e-05 0.000276288 0.00100245 0.134451 4.71494e-05 
0.00108015 0.0161981 0.0244913 0.0417778 0.00548699 0.00161328 0.0135998 0.065172 0.00213835 0.00189251 0.448079 9.12164e-09 0.099513 0.000608062 0.0465548 9.67615e-06 1.50361e-05 0.000127438 0.231111 0.000531389 
0.000471541 0.0149584 0.00681853 0.00354124 0.0110605 0.00228941 0.0285758 0.00798012 1.92073e-05 0.00185379 0.644841 2.90084e-06 0.206683 0.00147222 0.0107478 2.33769e-05 2.47388e-05 0.000227261 0.0583855 2.36785e-05 
0.000205598 0.106658 0.0519282 0.0255237 0.0160037 0.0024719 0.0303692 0.000441676 0.000174202 0.00171603 0.430277 0.00294128 0.182199 0.00172427 0.00286338 6.07673e-05 0.000152617 0.00156773 0.14265 7.14884e-05 
0.000371923 0.0435505 0.0188839 0.0299878 0.132397 0.00752396 0.0257945 0.00221404 0.00944487 0.00129391 0.597717 2.31777e-07 0.0548344 0.00040609 0.00266743 0.000432513 0.00449085 0.00039169 0.0671366 0.000460765 
0.00013879 0.0850422 0.000953481 0.0887338 1.07054e-05 0.00698533 0.0113647 0.036237 0.0598435 0.00192941 0.533973 2.18553e-05 0.0295339 0.000118469 0.000604064 6.67252e-06 1.50966e-05 4.02977e-06 0.144481 3.18997e-06 
3.57875e-05 0.020841 0.221993 0.0199713 0.00941631 0.00982974 0.0269241 0.0818172 7.89868e-08 2.82746e-05 0.27288 0.0120597 0.269853 0.00013737 0.00152632 8.27136e-05 0.0130984 0.000141286 0.039319 4.56527e-05 
0.000359258 0.153031 0.0685347 0.010528 0.000831026 0.0172173 0.211247 0.00263291 0.00414154 0.00330329 0.350372 2.77424e-08 0.075256 2.33641e-05 0.019308 2.12366e-05 0.00187497 0.0323848 0.0440717 0.00486213 
0.00135133 0.0768837 0.0386874 0.0358925 0.0169474 0.027729 0.0262408 0.0154169 0.00682326 0.00491019 0.559279 3.94602e-07 0.0895827 0.00142379 0.0010921 1.26514e-05 0.00573563 0.00114923 0.0900659 0.000776536 
0.00200305 0.108007 0.0365886 0.0763496 0.0529782 0.00552248 0.070451 0.00610041 0.000175696 0.042266 0.370791 4.75788e-06 0.108977 0.0550435 0.00153655 8.01777e-05 0.000312982 0.0074121 0.0548437 0.000556156 
0.000587167 0.0342944 0.000758303 0.0119982 0.00251046 0.00375114 0.117432 0.00734387 1.17244e-05 0.00269816 0.450214 2.00698e-08 0.0814458 0.000308248 0.240927 2.55119e-05 2.75288e-05 0.000138641 0.0451688 0.000358509 
0.000378753 0.0122893 0.000266935 0.0273217 0.00159072 0.000884091 0.00405697 0.000201576 0.00137024 0.00334867 0.413136 1.65522e-07 0.206571 0.000218526 0.00191594 9.02956e-07 8.08721e-06 2.35224e-06 0.326431 7.4238e-06 
0.000218971 0.0236139 0.0212619 0.00110707 0.00093944 0.000822122 0.00341835 0.00383765 0.00490171 0.00131405 0.618683 2.63432e-08 0.192778 0.000595793 0.000512451 0.000569792 0.000162219 3.34956e-05 0.12506 0.000170907 
0.000673217 0.204365 0.0618643 0.0834034 0.0311266 0.00692074 0.0156972 0.00443851 2.04876e-05 0.000597799 0.308841 1.00369e-08 0.225367 0.00039848 0.00377554 0.000126048 0.00551224 0.000108074 0.045937 0.000827216 
0.000155914 0.0152046 0.0525241 0.132738 0.00615935 0.003229 0.0108425 0.00125127 0.000231322 0.0582517 0.642579 8.94095e-12 0.0271906 0.000328657 0.000357858 2.99228e-06 9.34462e-05 0.00030231 0.0484938 6.34145e-05 
0.00014098 0.08638 0.00153811 0.0685239 0.000138926 0.00110435 0.00562405 0.0186185 0.0314934 0.00151453 0.502496 9.05141e-06 0.105181 0.00010334 0.00152438 1.59812e-05 2.58343e-05 1.06527e-05 0.175546 1.21465e-05 
0.000145287 0.00469875 0.0637317 0.00132935 0.00124909 0.0670956 0.0838622 0.000712667 0.000293701 0.00181274 0.390231 4.53111e-10 0.256918 0.000715306 0.00029424 8.37544e-07 0.00240591 0.000863355 0.123592 4.79819e-05 
2.15557e-06 4.29135e-05 0.0147641 0.0030401 0.000929631 0.00462204 0.0189071 9.51996e-06 8.20895e-08 0.158896 0.448559 3.09981e-09 0.00199591 1.77741e-09 1.20957e-07 2.43648e-09 1.28905e-05 0.00019151 0.348018 8.32974e-06 
0.00759074 0.0188385 0.0134462 0.00776629 0.0108567 0.0129746 0.0623769 0.0023374 3.93784e-06 0.00209456 0.684818 2.41147e-09 0.0387444 0.000390941 0.00620076 3.84378e-06 0.000909579 0.00027896 0.130145 0.000222428 
0.000155914 0.0152046 0.0525241 0.132738 0.00615935 0.003229 0.0108425 0.00125127 0.000231322 0.0582517 0.642579 8.94095e-12 0.0271906 0.000328657 0.000357858 2.99228e-06 9.34462e-05 0.00030231 0.0484938 6.34145e-05 
0.000289063 0.00618491 0.139014 0.0061532 0.285855 0.0173979 0.0175922 0.000378593 1.24684e-07 0.00132603 0.461873 6.27159e-09 0.038917 3.92458e-05 0.00016473 1.59682e-07 0.00531907 0.00739999 0.0116899 0.000405296 
2.21299e-05 0.0012361 0.0016245 0.00325377 0.0461281 0.0058219 0.0277445 0.000879975 0.000240636 0.00241819 0.716501 3.48494e-09 0.0868634 9.78559e-05 0.0140944 2.71208e-05 7.52418e-07 1.44638e-05 0.0930142 1.69152e-05 
0.000378753 0.0122893 0.000266935 0.0273217 0.00159072 0.000884091 0.00405697 0.000201576 0.00137024 0.00334867 0.413136 1.65522e-07 0.206571 0.000218526 0.00191594 9.02956e-07 8.08721e-06 2.35224e-06 0.326431 7.4238e-06 
0.000604917 0.10217 0.00213122 0.0286819 0.000104674 1.39833e-05 0.0166658 0.0267034 0.00040897 0.000621936 0.67413 1.21004e-11 0.0546862 8.41628e-05 0.00383584 0.000329152 1.45239e-05 1.93317e-05 0.0887875 5.70436e-06 
0.000246946 0.105378 0.0126356 0.0228092 0.000170601 0.000297326 0.0198731 0.000502106 9.8249e-05 0.00345636 0.643287 7.83072e-06 0.0341016 0.0025545 0.0118426 0.000509691 2.81424e-05 2.64493e-05 0.14212 5.47957e-05 
0.000208114 0.0903007 0.000241502 0.127272 9.59995e-06 0.00174318 0.00734538 0.0543551 0.0897636 0.000795321 0.491354 3.21756e-05 0.0329015 4.19181e-05 0.000905991 9.98118e-06 2.26261e-05 6.03028e-06 0.102686 4.77427e-06 
0.000670353 0.0424243 0.0254258 0.0261801 0.0124245 0.0105471 0.084774 0.00306073 8.06565e-05 0.0187272 0.285087 4.22946e-08 0.192147 0.00123922 0.0331542 7.70244e-05 0.00044968 0.00395847 0.257606 0.00196652 
0.000119746 0.0291761 0.00520672 0.00325011 0.0497491 0.00789877 0.00731783 0.000806019 6.33361e-06 0.000338848 0.764637 2.086e-06 0.077803 4.69504e-05 0.000885191 0.000444587 4.90534e-05 0.000317527 0.0519419 2.97603e-06 
1.24769e-05 0.00511334 0.00363732 0.0329788 0.0004808 0.00159808 0.0159377 7.51458e-06 2.69904e-06 0.00662149 0.678419 4.56811e-05 0.00596558 1.73533e-08 2.41513e-06 1.13741e-08 0.0487284 0.000413505 0.197879 0.00215582 
0.000244164 0.122714 0.0301175 0.0526226 0.0753685 0.006094 0.0505817 0.000785317 0.0002177 0.00401847 0.50029 4.88928e-10 0.0382267 0.000552714 8.01849e-05 2.52957e-05 0.000461765 0.00161565 0.115928 5.61159e-05 
5.11865e-08 0.0652178 4.74452e-06 0.0560748 3.1484e-05 0.00151915 0.000208685 2.05379e-05 8.30471e-06 0.00268801 0.532207 4.85641e-09 0.0401408 0.00271541 7.15338e-05 8.14088e-07 5.43929e-07 3.65482e-09 0.29909 1.23108e-06 
0.00173121 0.0467122 0.0218192 0.0178846 0.00235956 0.0344438 0.127887 0.0159632 6.91451e-05 0.0164079 0.474475 0.00112282 0.108188 0.000490178 0.00892435 0.000413215 0.0113807 0.000790671 0.105744 0.00319263 
0.000679068 0.07114 0.00346631 0.0840648 0.00153413 0.00153447 0.00385208 0.0767562 0.0126346 0.00641514 0.370994 1.34846e-12 0.204173 0.000162831 9.86799e-05 1.94264e-05 6.57084e-05 4.08358e-05 0.162347 2.22681e-05 
0.000127249 0.000278104 0.0256715 0.0152999 0.426989 0.00815561 0.012214 6.07552e-05 1.90847e-09 0.0166734 0.430336 2.39345e-11 0.0287566 1.37239e-11 1.10352e-05 1.4919e-09 0.000549478 0.002856 0.0320033 1.86348e-05 
6.39866e-05 0.255597 0.0230567 0.0211569 0.000150103 0.00118393 0.00229864 0.00265818 0.000474879 0.00139855 0.300513 6.8583e-07 0.300462 0.00189858 0.000985851 0.00017433 0.000644741 0.000122594 0.0870645 9.56395e-05 
0.0767931 0.0297018 0.154214 0.0122672 0.00380564 0.00123617 0.0536865 0.00388113 0.0345502 0.00076667 0.287847 1.2023e-05 0.11013 0.000331246 0.014628 1.70603e-06 0.106589 0.0682579 0.0391875 0.00211375 
7.7334e-05 0.0364816 0.000624728 0.00128597 0.000318338 0.00189495 0.102392 0.00523719 7.87938e-09 0.000846017 0.615545 1.00853e-09 0.1402 9.48476e-05 0.0718327 2.40015e-05 3.86039e-05 3.78709e-05 0.0229455 0.000123716 
9.36749e-06 0.0378429 0.0286431 0.0646233 0.00237884 0.00914308 0.098758 0.000359344 3.11332e-06 0.0549855 0.346183 1.67316e-09 0.101803 9.59378e-10 0.0011481 4.94907e-09 1.92992e-05 3.48256e-05 0.254064 1.15249e-06 
0.000866176 0.00324567 0.0137923 0.0188597 0.398426 0.00283191 0.00956952 0.00244736 3.40513e-05 0.00134334 0.484055 5.60503e-13 0.0140442 1.23839e-05 0.000385452 2.18759e-07 0.00114098 0.00446991 0.044386 8.95633e-05 
7.95732e-05 0.0182353 0.0412248 0.0413536 0.200822 0.00366547 0.00934281 0.00014469 7.84239e-06 0.000428805 0.585152 3.51791e-12 0.0621693 0.00050481 0.000863203 2.96092e-06 0.00725614 0.000882914 0.0245035 0.00336094 
0.00157529 0.0113005 0.0553014 0.0570249 0.000182607 0.00135596 0.116786 0.0109689 0.00070035 0.0102618 0.485128 3.9211e-07 0.035877 0.000468969 0.000489515 4.83059e-08 8.63949e-06 0.0188357 0.191698 0.00203557 
4.71116e-06 0.025471 0.111412 0.101346 0.00582294 0.0058749 0.0800556 0.0619151 0.0817928 0.00139114 0.269673 7.3537e-11 0.103826 1.62444e-06 0.00065363 0.00032595 0.00159611 7.84475e-07 0.148812 2.4695e-05 
0.00144124 0.0679621 0.0864133 0.0514813 0.0246578 0.0248271 0.0331325 0.0185783 0.000466761 0.0523969 0.425124 5.12502e-07 0.120135 0.00231161 0.00429341 2.09851e-06 8.29843e-05 0.0010654 0.0842174 0.00141004 
1.04909e-05 0.308349 0.0186763 0.0282355 0.000576721 5.00277e-05 0.00754884 2.43186e-05 0.000278035 0.00389085 0.523379 3.91567e-09 0.00424634 0.000602632 0.000984137 1.07468e-05 1.34282e-05 0.00036496 0.102757 1.51868e-06 
0.0143028 0.152594 0.0111569 0.0297803 0.000854504 0.0873936 0.0200423 0.00185493 0.000130063 0.00351367 0.268728 7.229e-10 0.159637 0.00362699 0.00660778 3.18982e-07 2.33101e-05 0.00422909 0.232891 0.00263412 
1.69849e-05 0.00526006 0.00897867 0.0267037 0.0134902 0.0146793 0.0121539 0.00589738 2.58244e-05 0.00411728 0.706578 1.77739e-12 0.0613369 0.0011731 0.00159576 3.22871e-05 1.58897e-05 0.000789845 0.137146 8.6669e-06 
0.000264952 0.0046021 0.00158568 0.0156394 0.000478223 0.00118115 0.00251298 0.0589745 0.00344186 0.00119774 0.657854 4.6312e-09 0.0345181 0.000137292 0.000131453 2.10979e-08 3.30025e-06 3.43284e-05 0.217357 8.64275e-05 
0.00271991 0.00406922 0.000662374 0.0368392 0.00115972 9.42924e-05 0.00223549 0.0274665 0.00313564 0.0015679 0.768388 1.28674e-12 0.00795639 2.64055e-05 9.09428e-05 6.77522e-07 2.1547e-05 1.86932e-05 0.143542 5.05172e-06 
0.000226859 0.00243361 0.0141262 0.0106732 0.00220042 0.0426302 0.027537 0.00502133 0.000918746 0.0169993 0.581743 1.8612e-11 0.0251921 6.06715e-05 0.000281528 3.15222e-05 2.22826e-05 0.00070857 0.269173 2.07195e-05 
1.04321e-06 0.0222529 0.0011254 0.00948274 5.25471e-05 2.63956e-07 0.163382 1.3514e-07 1.80453e-07 0.000627255 0.535397 2.996e-07 0.0160328 1.38174e-10 0.00592779 5.82908e-07 3.49984e-05 1.81353e-10 0.217304 0.0283776 
7.85636e-07 0.0179665 0.00136544 0.108407 0.000149945 0.00888012 0.000294373 0.0111967 8.55694e-07 0.0102702 0.441204 7.48669e-07 0.0429102 0.00366419 0.00657695 5.08187e-07 1.92068e-05 4.43788e-07 0.347087 4.54372e-06 
0.00086722 0.0150591 0.191619 0.011991 0.202597 0.0144074 0.0845386 0.00189445 2.37015e-05 0.000375106 0.32558 2.15172e-06 0.0612767 1.09831e-05 0.00138032 0.000760107 0.0189859 0.00364188 0.0637987 0.00119117 
1.30692e-05 0.000235751 0.000210415 0.0016857 0.000231563 3.17135e-05 0.00125671 7.39234e-07 0.000751831 0.000699751 0.58112 8.7214e-09 0.0276593 3.36072e-05 7.83192e-05 1.55969e-06 1.25836e-07 6.23995e-06 0.38598 3.27758e-06 
0.00189045 0.00495174 0.000859032 0.0319796 0.000504861 5.59022e-05 0.0077217 0.0183771 0.00358215 0.000731374 0.720192 6.00441e-09 0.0217597 9.56691e-05 0.000128391 4.25151e-07 1.29593e-05 5.1121e-06 0.187149 2.09474e-06 
0.000244164 0.122714 0.0301175 0.0526226 0.0753685 0.006094 0.0505817 0.000785317 0.0002177 0.00401847 0.50029 4.88928e-10 0.0382267 0.000552714 8.01849e-05 2.52957e-05 0.000461765 0.00161565 0.115928 5.61159e-05 
8.68689e-05 0.00513123 0.00828365 0.00539941 0.00139443 0.000385131 0.00592899 0.012377 1.59538e-05 0.000262554 0.877226 4.31381e-10 0.0699346 0.00024003 0.00175156 7.15795e-06 0.000175309 0.000204767 0.0111103 8.53034e-05 
0.00305844 0.0096608 0.00232329 0.00322875 0.0047562 0.00520984 0.185083 0.0155988 8.24504e-06 0.000826033 0.59534 9.55337e-06 0.0539681 0.000343422 0.0367005 8.78676e-06 1.64923e-05 0.000652622 0.0831513 5.59827e-05 
0.000456421 0.150312 0.0111108 0.050938 0.00439287 0.00833416 0.0263937 0.0171564 0.00112675 0.0526319 0.372014 6.99166e-07 0.0826041 0.000567277 0.00478363 4.36414e-06 0.00385496 0.000142851 0.212434 0.000740516 
1.69849e-05 0.00526006 0.00897867 0.0267037 0.0134902 0.0146793 0.0121539 0.00589738 2.58244e-05 0.00411728 0.706578 1.77739e-12 0.0613369 0.0011731 0.00159576 3.22871e-05 1.58897e-05 0.000789845 0.137146 8.6669e-06 
0.000549441 0.00604591 0.016924 0.0179518 0.00287297 0.000204713 0.00474722 0.0153619 0.00109851 0.00222457 0.825363 6.76462e-10 0.0179662 4.17337e-05 0.0010287 3.40028e-07 4.10318e-06 5.42665e-05 0.0873181 0.000242077 
0.0217931 0.0526429 0.00362859 0.101004 0.00105639 0.00278031 0.0237105 0.00971593 0.000961586 0.046779 0.412643 3.81501e-05 0.0481397 0.00040099 0.00122172 2.07198e-06 8.36609e-06 9.47258e-05 0.272056 0.00132307 
0.00244148 0.00684449 2.28959e-05 0.180752 0.00538126 0.00240285 0.0760106 0.122847 6.08274e-06 0.0106965 0.299609 2.56313e-10 0.003958 1.00959e-07 0.000327414 2.56682e-07 6.3124e-05 3.93092e-05 0.288584 1.3151e-05 
0.0108754 0.0313801 0.0914443 0.0955994 0.000221402 0.0101031 0.0205744 0.000519655 0.000461784 0.00339489 0.475607 2.00499e-09 0.0125476 0.00121966 0.0244057 4.38641e-05 0.00059571 0.000479992 0.0387842 0.181742 
1.24769e-05 0.00511334 0.00363732 0.0329788 0.0004808 0.00159808 0.0159377 7.51458e-06 2.69904e-06 0.00662149 0.678419 4.56811e-05 0.00596558 1.73533e-08 2.41513e-06 1.13741e-08 0.0487284 0.000413505 0.197879 0.00215582 
0.000549441 0.00604591 0.016924 0.0179518 0.00287297 0.000204713 0.00474722 0.0153619 0.00109851 0.00222457 0.825363 6.76462e-10 0.0179662 4.17337e-05 0.0010287 3.40028e-07 4.10318e-06 5.42665e-05 0.0873181 0.000242077 
0.000720643 0.175761 0.00120557 0.0615046 0.00122667 0.00143439 0.00656409 0.012488 0.0424353 0.00722883 0.31491 2.3584e-07 0.104637 0.00113217 0.000436357 3.76133e-06 4.84453e-05 5.18489e-05 0.268187 2.42423e-05 
0.000507729 0.033276 0.0059926 0.110744 0.000204493 0.0277014 0.0388493 0.0394352 0.000852809 0.0272233 0.401035 3.28598e-06 0.0861732 0.000845748 0.00487367 0.000133231 0.019215 0.00287632 0.199793 0.000264371 
0.000651234 0.0066778 0.000842001 0.0177135 0.000756648 4.56223e-06 0.00632535 0.00555534 0.00288169 0.000286721 0.760934 7.28343e-13 0.0628894 1.2017e-05 0.00109167 4.29965e-06 5.61149e-06 4.18852e-05 0.133184 0.000141784 
0.048229 0.0244739 0.00178054 0.00956619 0.00210175 0.00932333 0.0574938 0.00385051 0.000403924 0.0052702 0.429679 1.09837e-11 0.0567067 0.000931822 0.00293174 6.49886e-07 5.60435e-06 0.000237364 0.346999 1.53051e-05 
2.78849e-05 0.0006969 0.0086333 0.000146414 0.004079 2.02324e-05 0.00305666 4.68166e-06 4.65073e-07 0.00010392 0.958829 1.14327e-09 0.00528404 9.67466e-06 6.4147e-05 1.11562e-06 2.29101e-05 0.000156229 0.0188618 1.71658e-06 
0.00515997 0.03012 0.0391157 0.0953451 0.0717355 0.0358013 0.114206 0.00269485 0.00480272 0.0718976 0.193825 0.00239656 0.122459 0.00120779 0.00577239 4.70295e-06 0.0155552 0.0531556 0.134655 8.97698e-05 
0.000170359 0.123278 0.0317451 0.0204147 0.00285626 0.001455 0.0183505 0.00717545 0.0213179 0.00117537 0.406341 8.0549e-08 0.144136 0.00571814 0.00230655 6.47966e-05 4.82491e-05 4.51912e-05 0.213393 8.7298e-06 
0.000608028 0.025717 0.022701 0.104752 0.000216274 0.00417955 0.138238 0.0441264 0.000250562 0.0769426 0.289351 5.29833e-08 0.112464 5.34177e-06 0.0120804 4.96414e-07 8.02969e-06 7.65107e-10 0.168357 2.75017e-06 
1.57932e-05 0.322592 2.56078e-05 0.000289175 3.73779e-06 2.47564e-05 0.00680831 0.000243316 0.000335119 0.000188294 0.495291 1.17488e-07 0.0373909 0.120549 0.00238882 1.15907e-05 8.48084e-07 3.23527e-06 0.0138336 4.03043e-06 
0.00271991 0.00406922 0.000662374 0.0368392 0.00115972 9.42924e-05 0.00223549 0.0274665 0.00313564 0.0015679 0.768388 1.28674e-12 0.00795639 2.64055e-05 9.09428e-05 6.77522e-07 2.1547e-05 1.86932e-05 0.143542 5.05172e-06 
0.00305435 0.0132417 0.049231 0.00134196 0.0248355 0.111322 0.169272 0.000168158 3.8122e-05 0.00153571 0.267795 7.06081e-05 0.180429 0.000393218 0.000459744 6.53154e-07 0.00206696 0.00461157 0.169958 0.000174264 
0.000228154 0.00366585 0.00057715 0.00301859 0.001472 0.00192546 0.0305749 0.00364786 0.00014623 0.000836306 0.602435 1.20164e-11 0.194372 5.89993e-09 0.00015813 4.78553e-07 3.31496e-05 1.74857e-05 0.156824 6.74713e-05 
0.000461605 0.0429681 0.000163273 0.0271889 4.21893e-08 0.000144869 0.0195871 0.0149898 0.102957 0.00148846 0.617493 7.63816e-13 0.05724 1.97652e-08 0.00178196 0.000108773 0.000200741 7.57863e-05 0.113146 4.86188e-06 
9.05272e-07 0.0507564 0.165458 0.0247379 0.00500109 1.07349e-06 0.00462767 0.0685413 3.49712e-11 5.21907e-07 0.522229 2.61628e-08 0.0836423 0.00230415 1.07826e-06 6.16102e-08 1.06528e-06 8.13559e-07 0.0726967 4.63166e-07 
0.000520126 0.214078 0.00522074 0.050987 0.00761675 0.0158393 0.0119744 0.000917479 1.61829e-05 0.00402455 0.646535 1.0449e-07 0.0247685 8.08097e-05 0.00196753 7.09736e-06 0.000409682 0.00195649 0.0130797 8.66048e-08 
0.000520562 0.172042 0.0352582 0.0842725 0.0856181 0.0391581 0.0335574 0.00975453 0.000562705 0.0138932 0.433617 3.47293e-06 0.0166003 0.0029523 0.00113771 3.01783e-06 0.00236052 0.00189435 0.0666907 0.000103865 
6.17489e-05 1.79902e-05 5.76535e-09 6.54485e-06 1.17896e-08 4.20209e-05 0.000176796 3.5893e-09 1.98016e-08 2.57894e-05 0.99878 2.95689e-08 0.000238204 1.69546e-08 1.08829e-08 2.32414e-08 5.66368e-09 2.22529e-08 0.000596844 5.39413e-05 
0.000337442 0.00312852 0.0222122 0.0999099 0.166927 0.0603829 0.0778926 0.00987265 1.49475e-06 0.0509104 0.268015 6.0819e-10 0.144032 0.000155742 0.00139761 8.35853e-08 0.00025665 0.00239533 0.0919574 0.000214435 
8.48597e-05 0.0213602 0.00861981 0.0045593 0.0164764 0.0154131 0.0270589 0.00143085 3.13573e-09 0.000420561 0.743092 3.75352e-09 0.120695 0.000267055 0.0119775 0.00117409 8.54635e-05 0.00121038 0.0260298 4.39495e-05 
0.000810131 0.155077 0.0359346 0.049947 0.11418 0.0138364 0.0316954 0.00271866 7.01872e-05 0.00166328 0.258885 8.59244e-10 0.176463 0.00601352 0.00145103 0.000240938 0.000307462 0.000979898 0.149571 0.000154288 
0.0017537 0.0778573 0.00363533 0.0155714 0.0435716 0.000913875 0.00187946 0.00705938 0.000463002 0.00294609 0.479037 9.10317e-12 0.0741408 0.000541806 0.0007838 4.32238e-07 0.000117861 0.000650493 0.289072 4.21287e-06 
1.13518e-05 0.0812621 0.0233229 0.0231939 0.0023757 0.00328406 0.137264 0.000334122 9.44387e-10 0.00322289 0.277554 0.058381 0.127597 0.000215133 0.104653 1.12448e-05 0.000174414 1.15494e-06 0.157142 1.02459e-08 
9.73471e-05 0.00292551 0.000544455 0.00775025 0.000645231 0.000330432 0.00376168 0.00485449 0.00018923 0.000198153 0.827653 2.59143e-08 0.019595 1.31628e-06 0.00028578 1.41798e-07 6.6697e-06 2.64093e-05 0.131129 6.05662e-06 
0.000102798 0.010836 0.033232 0.0385541 0.0125539 0.0292939 0.0635937 0.00917049 0.0202921 0.0151519 0.384562 0.000101192 0.25232 0.0108677 0.00849252 5.54559e-06 3.39349e-05 0.0130369 0.0977267 7.26016e-05 
7.24274e-05 0.00717856 0.000338349 0.00560074 0.0005521 0.00199474 0.0214356 0.00258741 0.000122383 0.000545369 0.785744 1.17731e-11 0.028097 9.74254e-06 0.000425809 5.2387e-07 4.37538e-05 1.24993e-05 0.14523 8.98081e-06 
0.140734 0.0940671 0.118217 0.0491058 0.156812 0.00311497 0.0290768 0.0283264 0.00251194 0.000730864 0.198654 0.00142737 0.143066 0.0010085 0.00635013 0.000806915 0.00365221 0.00143325 0.0198419 0.00106298 
0.000190485 0.014553 0.0922605 0.0559747 0.205398 0.0143447 0.0450932 0.00996688 0.00234195 0.0183446 0.300118 3.25549e-09 0.114671 5.00201e-05 0.0143614 3.5638e-07 0.0272829 0.0020387 0.0802508 0.00275879 
5.94166e-05 0.0596407 0.034285 0.0408611 0.237932 0.0491162 0.0161854 0.0012539 9.54671e-06 0.00156982 0.312443 7.10752e-07 0.183613 0.000163248 0.00122638 1.01011e-06 0.00795018 0.00045653 0.0521415 0.00109065 
2.35737e-06 0.187259 0.0168371 0.0431833 6.69246e-05 0.032852 0.0121086 0.00475402 0.000156237 0.00222936 0.452243 9.60581e-07 0.157302 0.00311652 0.00244901 4.42068e-06 2.13605e-05 0.00101505 0.0843341 6.5115e-05 
0.000549441 0.00604591 0.016924 0.0179518 0.00287297 0.000204713 0.00474722 0.0153619 0.00109851 0.00222457 0.825363 6.76462e-10 0.0179662 4.17337e-05 0.0010287 3.40028e-07 4.10318e-06 5.42665e-05 0.0873181 0.000242077 
0.000673217 0.204365 0.0618643 0.0834034 0.0311266 0.00692074 0.0156972 0.00443851 2.04876e-05 0.000597799 0.308841 1.00369e-08 0.225367 0.00039848 0.00377554 0.000126048 0.00551224 0.000108074 0.045937 0.000827216 
3.07436e-05 0.0508282 0.0321487 0.0851274 0.00345374 0.00261503 0.00443954 0.000457542 0.00072297 0.00122873 0.513865 3.20228e-07 0.0866949 0.00418017 0.000254485 7.26107e-07 0.000169994 0.00133413 0.212334 0.000113631 
4.38086e-05 0.174158 0.000426466 0.0626196 0.000212182 0.0111861 0.013532 0.000205428 2.0101e-09 0.0217367 0.435607 3.0016e-09 0.018169 7.55914e-06 0.0057311 7.01891e-08 1.02113e-07 1.32491e-05 0.256342 8.76573e-06 
7.24274e-05 0.00717856 0.000338349 0.00560074 0.0005521 0.00199474 0.0214356 0.00258741 0.000122383 0.000545369 0.785744 1.17731e-11 0.028097 9.74254e-06 0.000425809 5.2387e-07 4.37538e-05 1.24993e-05 0.14523 8.98081e-06 
1.612e-07 0.00229765 0.0145049 0.003173 0.00161342 0.00309406 0.0708457 9.91818e-06 1.1918e-05 0.0011472 0.372172 5.09793e-11 0.260714 7.97864e-06 1.03479e-05 2.04869e-08 5.90367e-07 3.08136e-06 0.270394 4.22532e-11 
