1.47661e-05 0.00419558 0.142075 0.0146948 0.00020063 0.0212006 0.0597346 0.00791218 4.03266e-12 0.00150228 0.0184129 6.02181e-12 0.616682 2.88246e-09 0.00549331 2.78525e-09 0.00327668 0.000917057 0.102715 0.000972736 
0.00116995 0.169213 0.0217236 0.0106981 0.00342143 0.0804114 0.139053 0.00539861 0.000212873 0.0151687 0.110373 2.45522e-08 0.273233 0.00681169 0.000199959 1.22742e-05 1.93782e-05 0.000672655 0.161802 0.00040644 
0.00106621 0.0509269 0.00203792 0.0153869 0.000302579 0.00432761 0.192944 0.000695481 1.05367e-05 0.00198315 0.192258 7.47502e-09 0.32117 0.000499057 0.0436883 1.73699e-05 1.82713e-05 4.05495e-05 0.172246 0.000381592 
0.000414959 0.0592489 0.12473 0.0504597 0.000843855 0.139309 0.0545032 0.0065455 0.00440532 0.0358849 0.0551205 8.59098e-05 0.312883 0.00345338 0.00182004 0.0123413 0.00535046 0.00328349 0.128549 0.000767311 
0.000729144 0.212056 0.0262617 0.0799347 0.000100349 0.00477153 0.0106161 0.00991195 0.00376147 0.085818 0.0105496 0.000464277 0.360315 0.000659765 0.000375741 1.36805e-05 1.55888e-05 0.000446625 0.193179 2.01477e-05 
0.00251071 0.100943 0.00875178 0.0898163 1.67525e-05 0.189497 0.0252601 0.00312903 3.29897e-07 0.0893995 0.00175866 1.7271e-09 0.206665 0.0307684 0.000827386 4.21248e-07 0.114216 0.0003692 0.130349 0.00572142 
0.000891047 0.0452599 0.324292 0.00366577 0.00547417 0.0439373 0.0452791 0.0020665 5.54554e-06 0.000224836 0.0332683 7.44906e-08 0.338118 0.00114966 0.00114285 0.000804897 0.0823902 0.00269357 0.0585954 0.0107409 
0.000326196 0.0230134 0.0168378 0.0275481 0.000654082 0.0776438 0.0490964 0.00904962 0.00169242 0.0259821 0.0587058 7.19363e-07 0.551618 0.000682251 0.00200686 3.56974e-06 0.0018411 0.000740341 0.152471 8.60454e-05 
0.00282656 0.0670126 0.178851 0.0166568 0.063694 0.0517054 0.100352 5.17428e-05 6.98306e-05 2.2158e-06 0.0904964 0.00220127 0.249091 1.23578e-06 2.03186e-08 1.19859e-07 5.69542e-05 0.000346164 0.152615 0.0239692 
8.7345e-07 0.21047 0.000252845 0.00632756 1.11696e-08 0.00138394 0.00037042 0.000462366 0.00989852 0.00841775 0.00497937 0.0636715 0.514514 5.05525e-07 2.51188e-05 2.20191e-08 1.09539e-06 2.10826e-08 0.179223 1.8313e-06 
0.00412982 0.235651 0.00365539 0.0178402 0.000373779 0.0104677 0.00210537 0.0477298 0.00163724 0.00546412 0.0147014 8.71993e-13 0.634193 0.00693038 0.00143949 1.78736e-05 0.000206691 1.04208e-05 0.0134218 2.3888e-05 
0.00024243 0.0125415 0.00415738 0.169159 0.000303373 0.0238897 0.0306614 0.0142419 0.0436483 0.0149325 0.0355135 1.59999e-11 0.472954 0.000266736 0.00581988 0.000350814 0.0230827 0.0010518 0.146584 0.000599795 
0.000117855 0.163996 0.00176982 0.0475541 9.52168e-05 0.00525603 0.0014571 0.0180176 0.00977353 0.0140035 0.0226704 8.34861e-08 0.540062 0.00455904 0.000750897 1.70401e-05 2.79243e-05 2.78574e-05 0.169843 1.07706e-06 
0.000134446 0.21865 0.290821 0.00843644 0.00053877 0.0236115 0.0236468 0.0043059 6.37793e-08 0.00106116 0.0321792 1.26498e-06 0.320055 1.82324e-07 0.000726716 6.76887e-05 0.000663181 6.22799e-05 0.075032 7.28855e-06 
6.69612e-05 0.0522568 0.0256518 0.00637856 0.00313117 0.00503472 0.0189822 0.000932222 5.84577e-05 0.00135033 0.0574377 1.5094e-08 0.550778 0.000235084 0.000162208 4.40779e-07 0.000964954 0.00022372 0.276332 2.24628e-05 
0.00106718 0.0684249 0.102055 0.0972293 0.00589046 0.0314178 0.0440264 0.043648 0.000829414 0.0109364 0.0387741 0.000279909 0.503179 7.6761e-05 0.00108434 5.39129e-07 0.0046775 0.00428504 0.0343306 0.00778839 
0.000964736 0.0514488 0.024455 0.112488 0.00164058 0.0271433 0.0299194 0.0470391 0.00421464 0.00724127 0.128967 9.90346e-06 0.36163 0.00138314 0.0197779 1.57845e-05 3.25183e-05 0.000316316 0.181182 0.000131 
0.000441301 0.013801 0.047543 0.0551112 0.0412577 0.0320815 0.219631 0.00917971 0.00320023 0.00413674 0.18563 1.99389e-05 0.230604 0.000770803 0.00464594 3.80245e-05 0.00509052 0.00483454 0.138969 0.00301419 
0.000549984 0.0366736 0.00846268 0.0555788 0.000710752 0.218986 0.0329053 0.0015601 0.00190514 0.0202005 0.0182767 1.18184e-05 0.466375 0.00352863 0.0199385 3.79532e-06 2.46535e-06 0.000893159 0.110252 0.00318444 
0.000687936 0.0158848 0.306349 0.00740764 0.00549754 0.0181558 0.116354 0.00202767 7.34765e-05 0.00190555 0.144333 0.00106294 0.31712 8.6402e-05 0.000906962 0.000804385 0.00277223 0.000334381 0.0579546 0.000281506 
0.000116336 0.0343164 0.0106116 0.00159837 0.000128673 0.201453 0.0160277 2.89694e-05 1.89788e-06 0.00948036 0.0639977 3.76062e-11 0.634541 0.00141498 0.000374018 2.20636e-07 1.39248e-05 1.29896e-08 0.0258937 4.71126e-07 
0.00151164 0.015005 0.0394978 0.00157942 0.000699681 0.277434 0.0620944 6.05904e-05 5.24754e-08 0.00405988 0.0156971 1.12018e-06 0.570157 2.29884e-06 0.000624209 0.000758425 6.45472e-06 1.45214e-08 0.0108034 6.8153e-06 
3.65527e-05 0.0576324 0.00115768 0.00656485 0.00303347 0.103068 0.0480848 0.0013154 1.43562e-07 0.00561358 0.139108 2.09811e-10 0.48981 1.6415e-06 0.0458688 0.000103079 0.000141525 0.000543266 0.0964961 0.00142045 
8.64701e-05 0.021968 0.088352 1.81633e-08 0.000690173 0.0685831 0.0823593 7.24848e-05 1.23352e-08 0.00102948 0.0396294 8.64733e-13 0.587462 1.36359e-08 0.00423373 8.70065e-09 0.021832 1.48248e-07 0.0836987 3.31547e-06 
0.000302578 0.0526547 0.0460504 0.0145423 0.000330728 0.000750966 0.237527 0.00184503 0.0665611 0.000802803 0.187578 2.49167e-08 0.254477 8.28974e-05 0.0888291 0.000963262 0.0128038 0.000640922 0.0237672 0.00949085 
0.000205545 0.0464232 0.0660239 0.0180379 0.0998714 0.022024 0.0204078 0.0265491 0.000310993 0.00180817 0.0378394 8.72123e-09 0.534044 0.000628871 0.0146473 0.000121217 0.0301234 0.000100373 0.0800038 0.000830052 
0.0218518 0.108234 0.0740107 0.0457734 0.0197177 0.0408514 0.0601822 0.00682405 9.91177e-05 0.102159 0.0349036 1.4593e-07 0.43436 0.00512721 0.0024009 5.35695e-05 8.7143e-05 0.00281602 0.0396866 0.000860364 
0.0180794 0.00905064 0.000270577 0.0380109 0.000339031 0.00238575 0.00242026 0.0205896 0.0229722 0.00578219 0.188938 8.23677e-09 0.403216 0.000291624 0.000698489 4.49349e-05 6.60677e-06 6.79932e-06 0.286895 1.75466e-06 
6.2574e-06 0.0832147 0.0386554 0.108221 0.000467784 0.0240632 0.0157933 0.0180111 0.000127175 0.00665788 0.0791043 0.0004817 0.379718 0.00204566 0.00163357 0.000181187 7.70504e-05 0.000904483 0.24029 0.000346356 
0.00330595 0.153296 0.0107359 0.079047 0.0016714 0.0144576 0.0274997 0.0162746 0.00366423 0.0121095 0.0830089 5.84285e-07 0.312106 0.00186686 0.00751814 6.88654e-05 5.57392e-05 0.000310409 0.27285 0.000152281 
0.000155195 0.00422549 0.0299978 0.000453 0.000470778 0.097452 0.0615021 0.000212485 5.14069e-06 0.00110819 0.00666283 6.60157e-09 0.781064 6.0329e-05 0.000321772 7.9586e-07 0.00236916 0.000892425 0.0130067 3.96748e-05 
0.000187882 0.00305564 0.211647 8.12014e-07 0.000145561 0.135128 0.138931 0.000907788 4.36954e-08 0.00013897 0.00373098 2.19174e-10 0.495839 0.000234733 0.000321129 2.79656e-08 0.00843661 0.000521462 0.000685867 8.68997e-05 
0.000716348 0.0667446 0.0889422 0.022245 0.000754444 0.119887 0.0366839 0.0244487 0.000606594 0.0101761 0.0357538 0.000310107 0.430385 0.00110911 0.0141594 0.00386788 0.0304888 0.00165726 0.110793 0.000271426 
1.32408e-05 0.0546638 0.0132365 0.0166453 0.000283215 0.0100308 0.0430732 0.0306624 0.000323945 0.00146038 0.155286 1.85396e-09 0.563571 2.31095e-05 0.00165149 0.00011437 1.38683e-05 5.76582e-05 0.108879 1.04469e-05 
0.000291343 0.090927 0.0101252 0.038028 0.00015585 0.0145328 0.00381974 0.0129672 0.00257368 0.015315 0.0588164 0.00100785 0.635805 0.00855473 0.00081994 6.72687e-05 4.29599e-05 0.000132885 0.105929 8.83894e-05 
0.000101246 0.202269 0.0283062 0.0562862 0.000646938 0.0048553 0.00348029 0.0403662 0.0102499 0.00224322 0.0439274 1.61072e-07 0.437863 0.000296052 0.000991527 0.000329751 7.13631e-05 6.00606e-05 0.167386 0.000270328 
8.92145e-08 0.0266731 0.00123107 0.0547734 6.74813e-08 0.0317009 0.00176986 0.000353546 0.00279318 0.0109491 0.00245552 1.33019e-07 0.465878 4.42152e-05 8.96077e-05 2.61747e-08 1.09623e-09 4.44166e-05 0.401244 6.78579e-12 
0.000299657 0.0151947 0.000966372 0.0986314 0.00141457 0.00367836 0.000618973 0.0327189 0.00148833 0.012505 0.0195471 0.000463898 0.574422 0.00109301 0.00186042 1.78738e-07 2.07112e-06 2.0719e-06 0.235091 1.69882e-06 
0.000133303 0.0834005 0.209978 0.0745854 0.000428622 0.00789719 0.0163909 0.00907989 0.0796581 0.0403407 0.0295472 8.12443e-06 0.32967 0.00105093 0.000885547 3.22097e-05 5.25005e-05 2.10238e-05 0.114292 0.00254763 
2.65671e-05 0.0375757 0.0323276 0.0147569 0.00918952 0.0197479 0.13859 0.0272416 0.00245416 0.00398569 0.141004 1.47645e-07 0.421671 0.000378317 0.040294 0.000144514 0.00436342 0.000325614 0.10587 5.38543e-05 
0.000299657 0.0151947 0.000966372 0.0986314 0.00141457 0.00367836 0.000618973 0.0327189 0.00148833 0.012505 0.0195471 0.000463898 0.574422 0.00109301 0.00186042 1.78738e-07 2.07112e-06 2.0719e-06 0.235091 1.69882e-06 
1.78817e-05 0.141071 0.00182039 0.0204399 3.33462e-05 0.0176049 0.00588906 0.0317858 0.0315519 0.0217004 0.0190066 1.49769e-07 0.404886 0.0077081 0.000407603 2.734e-05 2.34776e-05 0.00031054 0.295716 5.13464e-08 
1.32375e-05 0.328095 0.0168219 0.00177273 0.000724716 0.00779911 0.00187657 0.000943092 0.00304837 0.00361235 0.0262503 2.15509e-11 0.559831 0.00309015 0.00101793 0.000138184 0.000177422 9.25159e-09 0.0447878 1.70136e-09 
0.000326883 0.0239097 0.0118269 0.0356787 0.00264838 0.0151416 0.0552509 0.00709857 0.00980236 0.0577374 0.135018 2.64489e-05 0.389949 0.00159196 0.00517807 0.000124391 0.00455402 0.0048523 0.238729 0.000555212 
0.0264449 0.0302396 0.0234586 0.0406723 0.0022104 0.000220955 0.0536512 0.0381387 5.34771e-08 0.000644488 0.0066206 5.16847e-08 0.514776 0.00325844 0.00245339 1.29535e-05 1.88235e-05 0.000234423 0.256717 0.000226495 
0.000806645 0.0951484 0.0220455 0.138453 0.00865315 0.0236255 0.0985541 0.0119954 0.00353992 0.0181734 0.0931151 1.96334e-06 0.311408 0.0048433 0.00414424 0.000187244 0.000133549 0.000795267 0.164352 2.41368e-05 
2.18239e-06 0.0103981 0.00939397 0.0189138 0.00580711 0.000609433 0.0828745 0.00233994 1.2323e-09 0.000282015 0.172413 1.84014e-09 0.483793 0.00479923 0.0437048 0.000107896 0.00113148 0.000230073 0.158121 0.00507848 
3.26064e-05 0.024272 0.00303642 0.00863307 0.00341032 0.030006 0.170934 0.0040816 0.00396836 0.109415 0.0260869 1.54764e-11 0.36196 0.00176787 0.000695711 0.000232468 7.55931e-05 1.24769e-08 0.251381 1.10488e-05 
0.000320046 0.0212788 0.249677 0.0132112 0.00801739 0.116103 0.160033 0.00107207 0.000276534 0.0114034 0.0211113 0.000522619 0.281947 0.000115257 0.00114229 2.29071e-06 0.0326686 0.00192721 0.0767011 0.00246913 
2.32034e-10 0.0073712 0.000412692 0.0294253 1.01939e-10 0.182332 0.000343564 0.00147972 0.000386427 0.00831064 0.00101003 2.2518e-05 0.374438 1.1758e-06 0.000323384 6.65082e-07 0.176153 1.87401e-05 0.21797 1.64435e-07 
0.000551577 0.336155 0.00565057 0.0383216 0.00138408 0.0489772 0.0132262 0.00127093 0.00478777 0.00327274 0.00982199 5.47041e-10 0.513299 0.00752942 0.00364654 0.000427955 0.00014013 9.1805e-06 0.0115235 4.56782e-06 
0.001239 0.00741103 0.0101915 0.00144302 0.000112008 0.0174661 0.019058 0.00132376 4.06279e-05 0.0026998 0.0261879 1.44849e-08 0.806734 3.35428e-05 0.000487406 2.47748e-10 7.2382e-10 0.00333583 0.102213 2.35484e-05 
3.25391e-05 0.0756571 0.263871 0.0348206 0.00870354 0.0593956 0.0416489 0.0239612 0.000262016 0.00502379 0.0132784 2.17289e-11 0.34878 0.00777573 0.00492049 5.23722e-05 0.00454218 0.000139346 0.106673 0.00046122 
0.000423656 0.0384012 0.0193186 0.0181296 0.00109492 0.0149735 0.0715622 0.00299591 0.0164557 0.00616623 0.0299373 2.20741e-06 0.685591 0.00102624 0.00115934 4.94816e-05 3.59815e-05 5.68747e-05 0.0925297 9.00686e-05 
0.00497298 0.181466 0.00873826 0.102445 0.00322695 0.0211281 0.0102835 0.0440713 0.0268444 0.12056 0.0955096 1.66225e-05 0.188931 0.00287953 0.000684141 0.000135167 6.83828e-05 0.00249844 0.185473 6.8416e-05 
4.79638e-05 0.229353 0.0234626 0.109873 0.000177835 0.0110186 0.00789251 0.00323891 0.00671062 0.0765648 0.0529656 3.21591e-07 0.326176 0.000531561 0.000297587 4.98259e-05 1.27638e-05 5.9845e-05 0.151533 3.34653e-05 
0.00136364 0.0770285 0.0422364 0.0500685 0.0112625 0.0450474 0.0294122 0.0248512 0.000593519 0.01902 0.0264502 1.93792e-07 0.473546 0.000427267 0.123026 4.81505e-06 0.0264552 0.000298142 0.0450057 0.00390249 
0.00228979 0.196251 0.100498 0.0127036 0.00930176 0.00831464 0.00929904 0.0335144 0.00154998 0.00105236 0.0137339 2.4536e-06 0.57665 0.00115479 0.0066266 0.00326282 0.000115787 3.07021e-06 0.0236458 2.99824e-05 
2.22933e-05 0.00461477 0.083128 0.0204633 0.00179622 0.050182 0.0787821 0.0341857 5.30867e-09 0.0074143 0.0124697 1.25341e-11 0.556374 0.00191161 0.104475 2.95107e-07 9.55834e-06 6.94833e-05 0.0439941 0.000106913 
0.00120081 0.180186 0.00604092 0.062604 0.000301915 0.0374136 0.0536638 0.00226076 0.00015463 0.00444369 0.0312235 0.000248632 0.464654 0.000239462 0.00869336 0.0378025 0.000222282 0.000425808 0.108146 7.39876e-05 
0.000565589 0.0371851 0.0286286 0.0557552 0.00912897 0.0265598 0.0187398 0.0629556 7.38079e-05 0.0154886 0.0199821 3.99663e-11 0.531087 0.000454172 0.00066726 1.57376e-06 0.00202867 0.000391498 0.186064 0.00424215 
0.000193874 0.199439 0.0254563 0.152963 0.0016974 0.0204159 0.0140366 0.0178935 0.00572922 0.015564 0.0178229 1.70609e-05 0.271747 0.00224881 0.00334852 0.000140294 5.07994e-05 6.4449e-05 0.251066 0.000104222 
8.23776e-07 0.347204 0.00899409 0.0816649 9.68244e-08 0.00429638 0.00726253 0.0344831 0.000320943 0.00696515 0.00175018 2.36493e-07 0.404516 7.8957e-08 0.00272931 0.000247334 0.000122782 5.09066e-09 0.0982337 0.00120901 
0.000190505 0.241691 0.00533006 0.163525 2.41094e-08 0.00196724 0.0054396 0.0008796 5.37317e-08 0.0169531 0.12483 1.29201e-12 0.281218 0.0006418 0.0193989 1.33045e-08 1.12356e-08 0.000856304 0.13708 1.02814e-08 
0.00010077 0.00600415 0.0105437 0.00155236 0.000358294 8.0809e-05 0.00806437 0.279578 4.44544e-07 0.000474472 0.0082796 1.61946e-11 0.629903 0.00615068 0.000990796 1.1493e-05 7.95181e-06 3.57727e-08 0.0478454 5.39114e-05 
0.00479278 0.0737873 0.00665509 0.00289188 0.00407906 0.00993256 0.0351568 0.0047426 0.00119243 0.00397144 0.167757 0.000508961 0.492642 0.000799696 0.00285186 0.000141952 0.000675228 2.58834e-06 0.187418 3.3448e-07 
9.80251e-05 0.182337 0.0556002 0.00768504 0.19113 0.00866968 0.107267 0.0145287 1.04466e-06 0.000563403 0.00972846 2.70833e-08 0.258565 0.000118097 0.0170856 1.50463e-05 0.0498746 0.000241762 0.0960147 0.000476242 
0.000353774 0.0177647 3.29617e-08 0.0171258 3.33e-05 0.00125188 0.00053698 0.048983 3.59397e-05 0.00769413 0.0844851 7.21841e-13 0.598856 4.67802e-05 0.000886987 1.45921e-07 6.6032e-06 1.78553e-09 0.221923 1.57291e-05 
2.12063e-05 0.115314 0.0887993 0.0234438 0.0061332 0.0208803 0.0875976 0.0115817 6.2033e-05 0.00536721 0.00597056 1.60018e-07 0.458631 0.00406368 0.00741697 0.000126089 0.000248096 6.40331e-05 0.162428 0.00185127 
0.000455129 0.0591048 0.00529383 0.00560207 4.09529e-05 0.0126985 0.0241556 0.00300937 0.000127451 0.0102718 0.0663673 7.55932e-05 0.662761 0.00051341 0.000579367 0.000104227 0.0752809 0.000597796 0.0722649 0.000696124 
4.02928e-05 0.000357734 0.0224178 0.0123524 0.241362 0.00262028 0.155379 0.000222252 1.13337e-07 0.00150245 0.0553911 0.00172282 0.360385 5.26762e-05 0.00100213 2.52726e-06 0.000225514 0.00924008 0.135723 6.58686e-08 
4.96348e-05 0.00907096 0.00341656 0.0301705 0.00589941 0.037208 0.0162724 0.00136544 2.52584e-05 0.0110666 0.0237823 2.3421e-06 0.844738 0.00113439 0.00203079 1.84091e-06 0.000152591 0.00105074 0.0124197 0.000142126 
3.19168e-05 0.014934 0.0853938 0.00789897 0.00112271 0.0348615 0.145839 0.00700414 0.000431414 0.000944519 0.0799928 4.9598e-06 0.473764 0.0011576 0.00193716 3.34534e-05 0.00533367 0.000224399 0.126745 0.0123451 
3.47939e-09 0.0884856 0.00147688 0.0284949 6.75219e-09 0.0027649 0.000122898 0.00467087 0.0384673 0.0278297 0.00862843 2.2017e-08 0.665674 0.000284527 0.000179369 3.26619e-08 6.0125e-09 2.74452e-05 0.132893 3.49951e-10 
0.001917 0.125829 0.0101374 0.148056 0.000104767 0.132807 0.0195568 0.000357042 7.11626e-07 0.0193021 0.0734152 0.0731711 0.200206 0.00859428 3.21293e-05 8.15933e-11 2.45509e-05 3.62164e-06 0.186476 8.85653e-06 
0.0003875 0.176978 0.0739716 0.0656609 0.0211602 0.0131016 0.0281181 0.0193919 0.00209937 0.00932272 0.0380352 0.000103195 0.358585 0.00281785 0.00229817 2.70582e-05 0.000203959 0.000770737 0.186219 0.000748349 
0.000279988 0.00294363 0.00245374 0.0989702 0.00152569 0.000333646 0.000975977 0.00180574 0.116678 0.00270029 0.0701731 1.94318e-07 0.463726 8.25437e-06 8.09597e-05 1.62649e-05 3.16843e-06 7.56703e-08 0.237135 0.000189311 
0.00011468 0.210211 0.0711198 0.0127687 0.00084506 0.0431038 0.0211356 0.00544405 0.000741665 0.00614759 0.0122714 0.00014012 0.54164 0.00665299 0.0259153 0.000816909 0.000323771 7.24154e-05 0.0401738 0.000361061 
0.000211573 0.0335213 0.126968 0.00285333 0.00071882 0.0238403 0.0839711 0.00477301 1.20391e-05 0.00426572 0.070237 0.00270173 0.526028 1.97982e-05 0.0112792 1.33188e-06 0.000194683 6.48813e-05 0.108315 2.27604e-05 
0.000527143 0.0600627 0.0149867 0.0181291 0.00356771 0.0579304 0.067067 0.00329419 0.00125948 0.0184702 0.0887773 2.1199e-08 0.535535 0.00309616 0.0121668 0.000553966 0.00238126 0.00263148 0.10945 0.000113414 
0.00108171 0.0177665 0.0450755 0.00523156 0.000373348 0.0270783 0.0572904 0.0241593 0.000119277 0.0010824 0.0157626 2.7331e-12 0.656096 1.18796e-05 0.00127341 3.56758e-06 0.126974 0.00713621 0.012526 0.000958119 
0.000448755 0.0535593 0.0123893 0.240085 0.000369318 0.0428974 0.0125244 0.00957937 0.000131091 0.186174 0.0294545 1.37608e-11 0.312247 0.00242657 0.0117276 1.16806e-05 1.55107e-09 0.00401226 0.0787341 0.00322753 
0.000126027 0.0819051 0.0958816 0.0039005 5.72304e-05 0.055894 0.00276323 0.0010332 4.09184e-05 0.000432738 0.143482 6.60868e-06 0.447021 0.0353236 0.00168812 2.11374e-05 6.29892e-06 7.8284e-07 0.130416 2.74445e-08 
0.000232463 0.0804364 0.0987511 0.014974 0.00024533 0.00411629 0.296095 0.00628311 1.72797e-05 0.000617163 0.0210062 4.20927e-07 0.454555 6.90303e-05 0.0210992 2.32373e-05 6.52526e-05 0.000170014 1.575e-07 0.00124417 
6.92317e-05 0.0732998 0.00200416 0.0452876 3.92394e-09 0.000263289 3.31174e-05 0.000340879 0.000423023 0.00525378 0.104905 1.31892e-07 0.407688 0.000157498 1.65563e-08 2.49634e-09 3.18843e-06 1.39172e-05 0.360244 1.37946e-05 
6.06095e-06 0.295271 0.00283321 0.0263461 0.000113358 0.00715305 0.0741126 0.000256289 0.00456678 0.0112318 0.128681 2.12155e-10 0.378231 0.014175 0.00458406 0.00012678 6.06025e-05 2.09668e-05 0.0522208 9.27608e-06 
0.00366709 0.041622 0.00185082 0.0491618 0.00333187 0.0464123 0.0500323 0.0339753 9.48191e-05 0.0243254 0.0580661 1.20047e-05 0.368773 0.000231316 0.0320861 5.0957e-06 2.47259e-05 0.000140656 0.285563 0.000624369 
3.56586e-05 0.00722675 0.000355672 0.0126668 0.00176192 0.0436197 0.0860452 0.0212684 3.08666e-05 0.00340473 0.0182349 7.60911e-08 0.330532 0.00052605 0.155883 2.25748e-06 1.85499e-06 0.000820904 0.317156 0.000426532 
0.00041026 0.0428119 0.0777483 0.00732986 0.0132173 0.0158364 0.155193 0.0413523 8.13752e-05 0.00807277 0.183048 1.105e-06 0.368078 0.00174185 0.002751 9.37766e-06 0.00301188 0.000448024 0.0779642 0.000892338 
0.000739586 0.118094 0.124084 0.0139522 0.000984647 0.0135871 0.0647844 0.00982205 0.00122941 0.0079594 0.0315852 2.67918e-05 0.502252 0.00179137 0.00915233 1.28047e-05 0.00231649 0.00361089 0.0886533 0.00536123 
0.000153821 0.0105129 0.00204211 0.00348484 0.000134571 0.00620373 0.025362 0.000518885 0.000106296 0.000760828 0.241044 4.37314e-13 0.547378 1.95395e-05 0.000142075 4.13235e-07 1.56829e-05 3.94281e-08 0.16212 3.37124e-09 
0.00412982 0.235651 0.00365539 0.0178402 0.000373779 0.0104677 0.00210537 0.0477298 0.00163724 0.00546412 0.0147014 8.71993e-13 0.634193 0.00693038 0.00143949 1.78736e-05 0.000206691 1.04208e-05 0.0134218 2.3888e-05 
0.0698746 0.165521 0.156192 0.0471718 0.00552752 0.006235 0.0645383 0.0239283 0.0015538 0.00517949 0.114613 0.0014166 0.219386 0.00383774 0.02013 0.00046373 0.0737594 0.0013181 0.015649 0.00370571 
0.000147536 0.155565 0.0120255 0.0626019 0.0138543 0.00750236 0.0594118 0.000160983 0.00221676 0.00509997 0.0531903 2.94099e-11 0.5656 0.00148811 0.00876935 0.000132419 2.92016e-05 3.34102e-06 0.0521863 1.45414e-05 
4.47833e-10 0.0139509 0.00185899 0.0383383 0.000316293 0.0392991 0.00220192 6.04813e-05 0.000746407 0.0156266 0.00453842 1.87082e-07 0.8562 0.00118667 4.81851e-05 2.81956e-07 6.26185e-06 6.20483e-06 0.0256149 1.31424e-08 
0.000468208 0.0302907 0.117059 0.0682846 0.00236388 0.0760993 0.119487 0.0137809 0.00200382 0.0242873 0.0634575 0.000565415 0.239358 0.00213839 0.0144314 5.40818e-05 0.00527588 0.00200395 0.217794 0.000797005 
0.00377697 0.137778 0.0476689 0.0918332 0.00244097 0.175753 0.067427 0.00202774 0.00155666 0.0538181 0.00248878 0.0105322 0.371179 0.00378884 0.000967024 9.56005e-07 4.71786e-05 0.00126639 0.0255176 0.000131342 
0.0543945 0.0782551 0.00523698 0.126335 1.99891e-05 0.000199038 0.000891879 0.00225519 5.25288e-05 0.00103213 0.00837027 2.61444e-10 0.450572 6.50808e-05 0.19687 5.71427e-08 0.000137157 3.91602e-07 0.0753128 4.42151e-08 
0.00112457 0.0495948 0.0204246 0.0615031 0.00484872 0.0331123 0.0439458 0.0211531 0.00264896 0.00745917 0.0565636 0.00170561 0.419777 0.00224574 0.00892352 7.80566e-05 0.0019111 0.000906362 0.260515 0.00155919 
0.000162267 0.0253517 0.00622244 0.00750591 0.000200914 0.134832 0.22396 1.10057e-06 4.41353e-08 0.00987999 0.0859249 0.000543172 0.457543 4.86022e-07 0.0168241 5.83205e-08 2.51478e-06 3.09418e-07 0.0306529 0.0003925 
3.38687e-05 0.101858 0.00427775 0.133011 0.00686263 0.00190301 0.00254051 0.12592 0.000939312 0.00516303 0.0576528 1.16414e-06 0.345635 0.00256321 0.000547545 7.26809e-05 7.95308e-05 2.06141e-05 0.210919 2.09579e-07 
0.001217 0.175467 0.0179989 0.186802 0.000891022 0.0108939 0.0282772 0.121185 0.0181897 0.0203394 0.0553623 6.62193e-08 0.192285 0.00458657 0.00200901 0.000329289 0.000338405 0.000813445 0.161683 0.00133125 
6.47642e-06 0.00277734 0.018283 0.00150459 0.00158067 0.155615 0.119161 0.00034884 7.28014e-11 0.00126935 0.0390661 2.8687e-09 0.645145 3.02959e-06 0.0017909 7.41199e-07 0.00395586 0.000999342 0.00847293 1.98806e-05 
0.000133127 0.0662275 0.00336624 0.0057662 5.69167e-06 0.000956813 0.000965364 0.00267689 9.63904e-05 0.00207104 0.0442092 4.49423e-12 0.516075 3.62133e-06 0.00017976 3.79448e-08 9.60616e-06 6.55298e-08 0.357257 5.6059e-09 
0.0301387 0.169024 0.0156444 0.0715782 0.00125383 0.173371 0.0241134 0.028756 0.00746072 0.100182 0.115277 3.82306e-05 0.175252 0.0217064 0.00344537 1.77959e-05 8.26952e-06 7.41444e-06 0.0627222 3.45352e-06 
1.05534e-05 0.0187434 0.00185859 0.0365156 9.40617e-06 0.046129 0.00836568 0.00243455 0.00208965 0.00848465 0.00265209 2.98409e-05 0.492122 2.94801e-05 9.62861e-05 8.86676e-07 7.62083e-10 8.46291e-05 0.380344 2.97413e-09 
0.000378678 0.0197194 0.0258515 0.0202361 0.00118965 0.0278446 0.0755882 0.000231534 0.000112295 0.00472304 0.0693453 1.7805e-07 0.540975 0.00149888 0.00468687 2.65088e-05 0.0485311 0.000258179 0.158719 8.46899e-05 
0.000795187 0.0166377 0.000461875 0.0256566 0.00019613 0.000696823 0.00179389 0.0320005 0.00770012 0.00436902 0.0253208 3.5763e-08 0.575231 0.000190281 0.000112988 7.09529e-06 1.39969e-05 3.22862e-06 0.308684 0.000129023 
0.000374924 0.0212724 0.0159841 0.0177195 0.000415581 0.00894555 0.132563 0.100655 2.7189e-06 0.00890687 0.0672333 3.73408e-12 0.539735 0.000514028 0.00360514 1.40316e-05 4.37564e-05 9.91491e-06 0.0819588 4.64071e-05 
0.000114441 0.0136367 0.00823399 0.00630708 0.000693951 0.00480025 0.13499 0.00947813 5.85458e-09 0.00100507 0.175478 3.9198e-12 0.504557 3.9678e-05 0.0352182 1.69983e-06 7.1741e-05 1.51015e-05 0.105353 4.76814e-06 
0.00128212 0.191316 0.0601462 0.0670362 0.000583847 0.00386726 0.0388687 0.0150113 0.00631433 0.0177634 0.138812 3.41997e-07 0.357952 3.72994e-05 0.0232897 6.33614e-08 2.65224e-05 7.46154e-05 0.0775015 0.000115788 
3.62116e-07 0.0122191 0.130179 3.62592e-07 0.000725167 0.0244353 0.0199416 0.00358966 3.62248e-07 0.00206661 0.0502897 3.62064e-07 0.588671 3.62304e-07 0.00503798 3.62185e-07 3.62517e-07 3.62202e-07 0.162841 3.6216e-07 
2.90167e-05 0.109511 0.00741692 0.0342147 0.0012946 0.0391943 0.130924 0.0715461 0.0180656 0.0460565 0.0804454 0.00077389 0.26973 0.000469455 0.0179684 2.06387e-05 1.91706e-05 0.000619525 0.171701 8.29408e-07 
0.00104505 0.0766378 0.00121894 0.126202 5.66364e-05 0.000741269 0.0188236 0.0222848 0.0036462 0.00255715 0.139744 1.28744e-08 0.422933 0.00168418 0.00714355 4.33927e-06 2.53847e-06 7.89395e-09 0.1752 7.46223e-05 
0.00119832 0.0757401 0.114461 0.0414369 0.0365457 0.0513975 0.0347625 0.0118342 1.33056e-05 0.015419 0.0697994 8.49186e-09 0.425025 0.000611994 0.0129617 3.65817e-07 0.0443655 0.000542155 0.0399031 0.0239816 
0.0264449 0.0302396 0.0234586 0.0406723 0.0022104 0.000220955 0.0536512 0.0381387 5.34771e-08 0.000644488 0.0066206 5.16847e-08 0.514776 0.00325844 0.00245339 1.29535e-05 1.88235e-05 0.000234423 0.256717 0.000226495 
0.000192325 0.018193 0.0353251 0.0333813 0.0024196 0.0134347 0.0448833 0.0367605 0.000116504 0.00171936 0.05199 2.79493e-08 0.464093 0.00323825 0.00224074 2.81709e-07 0.00778754 0.000220879 0.283564 0.000439613 
4.21539e-06 0.0155289 0.00190715 0.00990299 5.44388e-05 0.0405018 0.0257772 0.0011699 0.00338491 0.00668873 0.00245182 8.22003e-08 0.819202 0.000100291 0.000783141 6.63072e-05 0.0140678 9.77375e-06 0.0583625 3.6227e-05 
6.83656e-05 0.00597179 0.0682231 0.0278908 0.134966 0.0183812 0.0273685 0.00139831 9.40042e-06 0.0431226 0.112504 2.85812e-08 0.502092 4.81348e-05 0.000346051 2.40291e-06 0.00399823 0.000275069 0.0529354 0.000398644 
0.000573134 0.0882869 0.0225335 0.0194201 0.0129027 0.144199 0.0203208 0.00345985 4.51299e-09 0.00713331 0.0222696 5.06301e-05 0.637777 9.51734e-05 0.00106782 2.3656e-06 0.0108593 8.89311e-05 0.00817625 0.000783758 
0.00412982 0.235651 0.00365539 0.0178402 0.000373779 0.0104677 0.00210537 0.0477298 0.00163724 0.00546412 0.0147014 8.71993e-13 0.634193 0.00693038 0.00143949 1.78736e-05 0.000206691 1.04208e-05 0.0134218 2.3888e-05 
1.85566e-07 0.211214 0.0224859 0.10096 0.000633822 0.229764 0.0342869 0.000275758 0.000144917 0.017915 0.0208887 4.69201e-09 0.289149 0.018764 0.00482444 1.60407e-05 0.00430022 0.000364643 0.0439611 5.11881e-05 
5.48469e-05 0.195849 0.058133 0.0292955 0.000254379 0.0312233 0.105269 0.000573733 0.00426466 0.00555466 0.0898031 1.50837e-06 0.279976 0.0720153 0.0170526 9.14395e-07 0.00161408 0.0249789 0.0825038 0.00158133 
5.29161e-05 0.0677868 0.000773762 0.0329731 1.24839e-05 0.000197266 0.00187237 0.0163355 2.98222e-05 0.00240463 0.0490345 2.39662e-07 0.683126 0.000112957 0.00223359 2.3534e-05 1.6792e-05 6.67263e-06 0.143007 2.78328e-07 
0.00024243 0.0125415 0.00415738 0.169159 0.000303373 0.0238897 0.0306614 0.0142419 0.0436483 0.0149325 0.0355135 1.59999e-11 0.472954 0.000266736 0.00581988 0.000350814 0.0230827 0.0010518 0.146584 0.000599795 
0.000488782 0.0120118 0.00331211 0.00483774 0.000133915 0.00794594 0.0138932 0.00062195 0.000223259 0.00207399 0.0159718 2.03383e-08 0.798563 6.85136e-05 0.000197128 9.13043e-08 4.31705e-06 0.000567826 0.139058 2.59522e-05 
0.000989299 0.0168309 0.00210103 0.00728762 0.00175272 0.0143819 0.065818 0.0776699 4.36954e-05 0.00302803 0.0657766 1.52223e-07 0.442147 0.000257662 0.170087 1.01292e-06 6.85589e-06 2.06353e-06 0.131812 6.04561e-06 
0.000805337 0.047173 0.00824055 0.0308108 0.000487762 0.0528427 0.0378791 0.0206582 0.0058687 0.00747159 0.0538594 3.10847e-05 0.615142 0.000601917 0.00307439 3.71e-05 3.73683e-05 0.000240254 0.114676 6.22882e-05 
0.00014825 0.0109017 0.00149482 0.030631 0.00021952 0.00385138 0.00361359 0.0151168 0.000249964 0.0043964 0.0326178 3.41069e-08 0.639063 0.000217843 0.00342198 9.36431e-06 2.09366e-05 0.000138803 0.253803 8.37248e-05 
0.00412982 0.235651 0.00365539 0.0178402 0.000373779 0.0104677 0.00210537 0.0477298 0.00163724 0.00546412 0.0147014 8.71993e-13 0.634193 0.00693038 0.00143949 1.78736e-05 0.000206691 1.04208e-05 0.0134218 2.3888e-05 
0.00137793 0.00590545 0.042106 0.0487935 0.0854265 0.0197999 0.0386232 0.00978937 1.26697e-06 0.00356983 0.172202 5.01012e-09 0.321769 0.00145798 0.012117 0.000105596 0.0623097 0.008453 0.166177 1.66176e-05 
4.21539e-06 0.0155289 0.00190715 0.00990299 5.44388e-05 0.0405018 0.0257772 0.0011699 0.00338491 0.00668873 0.00245182 8.22003e-08 0.819202 0.000100291 0.000783141 6.63072e-05 0.0140678 9.77375e-06 0.0583625 3.6227e-05 
0.000101146 0.0495356 0.0574466 0.0099223 0.00825223 0.0770128 0.167306 0.000172013 2.72369e-05 0.0146965 0.0836746 7.79206e-07 0.277235 1.08712e-05 0.0836597 6.05888e-06 0.0537039 0.0021246 0.114926 0.000186701 
3.31229e-05 0.0440151 0.0211295 0.00829983 0.00273827 0.0270486 0.0180458 0.00746799 0.000975357 0.000954622 0.0739038 2.77663e-12 0.55735 0.000500101 0.00233621 8.94894e-05 0.00259512 0.000776829 0.229787 0.00195247 
0.000633373 0.025631 0.000400531 0.0112713 0.000196157 0.000854375 0.124664 0.000116068 6.32151e-05 0.00119531 0.223735 4.9048e-07 0.427046 1.51593e-05 0.0821732 0.0024093 3.60624e-06 3.49355e-05 0.0994887 6.91252e-05 
0.000404123 0.0161008 0.0165794 0.0257149 0.00221974 0.146717 0.109195 0.0113621 0.000120497 0.0078831 0.137804 2.68578e-07 0.380235 0.000102133 0.0222672 7.06305e-07 2.5238e-05 0.000304039 0.122906 5.74618e-05 
0.000202817 0.2019 0.0324991 0.0642414 0.0310596 0.0278086 0.00309375 0.055531 0.000351809 0.0278425 0.0120047 9.52822e-11 0.450491 0.00853097 0.000369275 0.000103321 5.07681e-05 4.83783e-06 0.083469 0.000445217 
2.9327e-05 0.12469 0.0537113 0.00394554 4.02366e-05 0.00792519 0.132426 0.00995194 0.0722024 0.00113515 0.0454056 0.000879866 0.490417 0.000606004 0.00306872 0.000282145 0.0149887 0.000117763 0.0381196 5.70552e-05 
2.15374e-05 0.0372835 0.0532786 0.0140515 0.00416739 0.0220508 0.00709936 0.00778986 0.000711494 0.00210027 0.0193535 4.7235e-08 0.709441 0.000212224 0.00170069 4.09173e-06 0.00167214 7.20757e-05 0.114457 0.00453301 
6.37519e-06 0.0589115 0.00661231 0.0521572 0.00667344 0.0297822 0.00819007 0.00491691 0.0100561 0.0329011 0.0301262 3.79599e-08 0.545593 0.00104636 0.00416982 9.91001e-05 0.00916704 7.88776e-05 0.199339 0.000173192 
5.57389e-05 0.0290271 0.0336867 0.00114289 0.000976909 0.0162492 0.129409 0.0189811 0.000376026 0.00115553 0.0264846 5.93367e-06 0.711848 0.000697465 0.00269419 5.71577e-05 2.65749e-05 0.000363808 0.0266954 6.65378e-05 
0.000130259 0.102602 0.0153753 0.0951657 0.00580743 0.0030225 0.004604 0.00133644 0.000665567 0.0118478 0.143908 3.71011e-07 0.398278 0.00145083 0.00137165 1.67291e-06 0.00021641 1.62446e-05 0.214199 1.71818e-06 
8.27578e-05 0.199535 0.0116082 0.0307474 0.00021572 0.00422555 0.0286561 0.00298902 0.00164703 0.00567981 0.0762324 6.90431e-11 0.52757 0.00037215 0.0100236 0.000149874 0.00807874 0.000149337 0.0716228 0.0204148 
0.000384684 0.109766 0.000878253 0.0497148 4.88061e-05 0.00259268 0.000164289 0.115603 0.0875621 0.00611034 0.0354177 1.25934e-10 0.371788 0.000577263 0.000578873 0.000440576 7.14769e-05 3.63451e-06 0.218297 1.0131e-06 
4.04117e-05 0.1323 0.00247541 0.119925 2.3716e-05 0.0225723 0.00363441 0.00884413 0.00538636 0.0220438 0.0496484 0.000824722 0.406158 0.000635392 0.000572191 4.62408e-07 1.49369e-06 2.96956e-05 0.224884 2.15643e-08 
5.18953e-05 0.081864 0.0372656 0.0299238 0.000566186 0.0688271 0.0388207 0.000589681 0.000500132 0.00464302 0.009297 1.85103e-11 0.641306 0.00966553 0.0143765 4.82472e-06 0.00410282 0.000138497 0.0578812 0.000175838 
5.01779e-05 0.0993691 0.0518338 0.0265003 0.000386621 0.0766616 0.0214076 0.000278853 5.4715e-05 0.0115745 0.0077468 2.6115e-12 0.687419 0.00134926 0.00340924 3.7653e-05 4.47602e-05 0.000310456 0.0110787 0.00048664 
0.000518694 0.273522 0.147024 0.00946675 0.0221932 0.0261061 0.102727 1.2598e-05 4.044e-10 1.36826e-05 0.0160105 6.03874e-10 0.327942 0.00119536 0.00366554 4.25972e-07 0.00489618 0.00117408 0.0632434 0.000288495 
0.000182716 0.0315633 0.0110361 0.031465 0.000846238 0.0169148 0.00528494 0.0569075 0.00106547 0.00138814 0.0698544 6.04652e-11 0.443751 0.00069446 0.000588277 4.58154e-06 7.16788e-06 0.00062591 0.327819 1.76425e-06 
0.00063685 0.19499 0.0167949 0.0235933 0.00281536 0.03265 0.0073531 0.0266211 0.0697254 0.0169316 0.0573224 2.92078e-08 0.406415 0.00723375 0.00189747 0.00690412 0.00522015 0.000423704 0.122402 7.01465e-05 
3.72144e-06 0.123174 0.140056 0.0124706 0.00653934 0.0190957 0.0251954 0.000199128 2.22325e-05 0.0225183 0.00252179 2.31228e-10 0.385638 0.245732 0.00126005 7.35822e-05 0.0107685 5.1769e-05 0.00465649 2.37757e-05 
1.03548e-05 0.000592114 0.112152 0.000883452 0.000655968 0.0127142 0.038425 0.00122035 3.05e-12 0.000168539 0.0238916 4.55444e-12 0.734075 1.53048e-07 0.00120008 3.17626e-09 0.00105352 1.43563e-07 0.0729002 5.70935e-05 
0.00382962 0.114055 0.0128131 0.0682258 0.0266291 0.0224462 0.0794606 0.0673472 2.18657e-05 0.00891518 0.140598 6.71789e-07 0.285402 0.00616478 0.00571056 1.10958e-06 0.000109247 0.00203809 0.153455 0.00277705 
0.000329105 0.200696 0.0281107 0.0126928 8.92119e-05 0.069556 0.0763721 0.0158687 0.000129081 0.00139427 0.0193305 0.00135862 0.513801 0.00286193 0.0063951 5.07789e-05 0.000581381 9.78426e-05 0.0498151 0.000470099 
0.00014825 0.0109017 0.00149482 0.030631 0.00021952 0.00385138 0.00361359 0.0151168 0.000249964 0.0043964 0.0326178 3.41069e-08 0.639063 0.000217843 0.00342198 9.36431e-06 2.09366e-05 0.000138803 0.253803 8.37248e-05 
2.62053e-06 0.0742909 0.00534049 0.0531545 4.36592e-08 0.0128358 0.0034715 0.00993139 0.00771445 0.108351 0.00541361 0.00167111 0.443163 0.00148022 0.000312191 1.60707e-06 0.058395 1.81044e-05 0.214452 5.56331e-07 
6.58626e-08 0.0548207 0.0049452 0.227512 6.59147e-08 0.00588181 0.0018795 0.0158527 0.00901996 0.0806023 0.0194279 0.0082449 0.348161 0.000751292 0.00281475 6.58751e-08 6.59355e-08 0.000942127 0.219144 6.58707e-08 
0.00973738 0.0225914 0.0184563 0.0205818 0.00061835 0.0102925 0.0634756 0.0148814 0.00234631 0.0116262 0.157876 0.000291723 0.390999 0.000183742 0.0054274 2.97779e-06 6.11009e-05 0.00199531 0.268415 0.000140701 
0.000135583 0.00753899 0.00760552 0.0399039 0.00116025 0.111459 0.083772 0.00284015 2.84919e-05 0.018392 0.121233 2.63319e-09 0.554132 4.27827e-05 0.0164728 5.55771e-06 1.36926e-05 0.000277156 0.0327969 0.00219065 
0.00126246 0.0348009 0.221332 0.0144425 0.00138103 0.0423974 0.107895 0.00833364 0.000659121 0.0030992 0.0464965 0.00242293 0.39187 0.00100063 0.0333681 7.15607e-05 0.0265416 0.0002576 0.0610556 0.0013116 
8.63637e-07 0.125523 0.0566413 0.064079 0.0193887 0.10662 0.0629521 0.0190737 0.000154282 0.00922418 0.00261417 0.00152297 0.25764 0.00138546 0.000309954 1.8914e-11 0.0223886 0.00117373 0.249195 0.000112574 
4.50474e-05 0.0899516 0.00520541 0.0508627 7.44823e-05 0.0324079 0.00119146 0.00495832 0.00282647 0.0128049 0.00355719 5.32772e-08 0.650911 5.83711e-05 5.15912e-05 1.23568e-05 0.0120495 0.000189828 0.132839 2.77019e-06 
0.00402209 0.0304588 0.0109514 0.179351 0.0669553 0.0148836 0.0328593 0.0077465 0.0149223 0.0148688 0.144071 6.39095e-07 0.326844 0.000906505 0.0611669 7.47375e-05 0.000336053 0.00211193 0.0871411 0.000327827 
0.000190505 0.241691 0.00533006 0.163525 2.41094e-08 0.00196724 0.0054396 0.0008796 5.37317e-08 0.0169531 0.12483 1.29201e-12 0.281218 0.0006418 0.0193989 1.33045e-08 1.12356e-08 0.000856304 0.13708 1.02814e-08 
0.00652477 0.125077 0.051927 0.0964424 0.00195409 0.0494694 0.18263 0.0214772 0.00218546 0.0451454 0.0594668 1.99634e-06 0.227964 0.0636276 0.00304636 5.03551e-08 9.57001e-07 0.0106533 0.0483287 0.00407721 
0.000213577 0.0278885 0.00528456 0.0449527 0.0175724 0.0393665 0.0844316 0.043666 0.000922842 0.00327618 0.0959257 0.000772652 0.406341 6.95821e-05 0.0335536 0.00586514 0.00149955 1.59025e-05 0.188378 3.75879e-06 
0.00342989 0.0908231 0.0241671 0.0518949 0.00128115 0.0408513 0.214011 0.0115146 0.000202533 0.0227123 0.036032 9.89817e-06 0.399028 0.00245408 0.00867198 5.25075e-05 0.00205123 0.00211705 0.0882778 0.000417616 
4.06907e-05 0.00931426 0.00149821 0.000501717 0.000229454 0.00369855 0.0418043 0.000305052 1.12829e-08 0.00190506 0.351329 9.87595e-09 0.536882 2.54992e-05 0.00176852 0.000416964 2.1152e-05 0.000773425 0.0494624 2.34996e-05 
0.000541637 0.0498373 0.0048956 0.00286282 1.56117e-05 0.000211611 0.0541084 8.69542e-05 4.34019e-05 0.000174261 0.116205 0.000344498 0.549957 7.88829e-06 0.0661588 0.145849 0.00016622 0.000854316 0.00725278 0.000426828 
0.000885172 0.0448444 0.0592983 0.0206607 0.0631514 0.0581698 0.0399433 0.00661915 0.000644379 0.0096696 0.100955 5.92289e-05 0.483539 0.00760871 0.00251759 0.000652039 0.00193141 0.00224754 0.0951687 0.00143376 
0.000787933 0.0602904 0.0278146 0.032411 0.0037388 0.0120083 0.0501165 0.0457792 0.00820425 0.00395938 0.075998 6.91128e-07 0.517521 0.00116677 0.00494607 7.11459e-05 0.0161781 6.00835e-05 0.138815 0.000133485 
0.000214538 0.0504419 0.087842 0.0644384 0.0218348 0.136732 0.0605658 0.0123004 0.00289983 0.00575612 0.0487813 1.12254e-05 0.316026 0.0015845 0.015352 0.000109941 0.00473662 0.000422651 0.169302 0.000648401 
0.000519146 0.0657002 0.0866538 0.0487266 0.0532603 0.053468 0.0671953 0.0220707 0.000669935 0.00698133 0.168999 4.36642e-09 0.30708 0.000704358 0.00160206 3.6476e-05 0.00440424 0.00340999 0.107386 0.00113333 
0.000368465 0.211961 0.0428685 0.0232432 7.02237e-07 0.143399 0.0928009 0.0223963 0.00127455 0.00463989 0.0248526 0.000592163 0.285801 0.00286179 0.000177118 6.49351e-08 2.83116e-05 0.000139045 0.142595 8.11815e-07 
0.000434359 0.0385783 0.00439971 0.0338202 0.000612709 0.00562808 0.0364915 0.00905028 0.000422072 0.00666696 0.197411 0.000489946 0.526535 0.000279103 0.0252116 0.000315515 2.25635e-05 5.32008e-05 0.111735 0.00184357 
0.000318958 0.0157035 0.0147002 0.0794073 0.00237778 0.028154 0.11535 0.0308871 0.000347681 0.0097811 0.0471601 3.62362e-11 0.425331 0.000626219 0.0556957 6.59859e-05 0.00219825 0.000678041 0.170793 0.000424452 
0.000110502 0.081652 0.00438682 0.027102 0.00336622 0.13574 0.0899577 0.0252396 0.0123572 0.00970317 0.0471102 3.81545e-06 0.353753 0.00283593 0.0751591 8.06439e-05 0.000221393 0.00397609 0.127225 1.97237e-05 
0.000645409 0.0551589 0.147241 0.0252711 0.0159472 0.0304482 0.0723041 0.00820002 0.00293776 0.0197917 0.177967 0.000807726 0.225213 0.00458221 0.00239394 4.37878e-05 0.00297977 0.0046325 0.202387 0.0010478 
0.00125443 0.176496 0.0499172 0.0641109 0.00347286 0.008762 0.0591552 0.0394504 0.000390892 0.0113301 0.0901207 1.08373e-07 0.302823 0.00569973 0.00512775 4.98644e-05 0.000107335 0.000290273 0.180784 0.000657978 
0.000969305 0.0365683 0.0265315 0.0389415 0.00529408 0.0838106 0.0641695 0.0143605 0.00347882 0.0107976 0.0530843 0.000642942 0.445016 0.00463532 0.00693604 7.76677e-05 0.00312898 0.00702861 0.193379 0.00114944 
6.05327e-06 0.0107047 0.0271995 0.00238769 0.00938242 0.162113 0.0537711 0.00107853 6.33587e-08 0.000441047 0.199583 8.89086e-06 0.5153 5.05291e-05 0.00759405 4.61821e-07 0.00274556 0.000334345 0.00704825 0.000251155 
0.000299657 0.0151947 0.000966372 0.0986314 0.00141457 0.00367836 0.000618973 0.0327189 0.00148833 0.012505 0.0195471 0.000463898 0.574422 0.00109301 0.00186042 1.78738e-07 2.07112e-06 2.0719e-06 0.235091 1.69882e-06 
2.56823e-10 0.000657201 0.00431634 0.000123455 0.000956782 0.211492 0.00541963 1.89815e-06 1.11015e-12 0.000436988 0.000656968 1.65775e-12 0.775849 6.70152e-07 1.04286e-06 5.46695e-10 2.05402e-05 5.32765e-09 6.79726e-05 3.88018e-09 
7.26752e-05 0.0336026 0.0116768 0.0303792 0.000677898 0.0249175 0.00252277 0.0486721 0.0215056 0.00422135 0.0441875 5.60187e-10 0.528583 0.00051338 0.000375455 3.06719e-05 1.32715e-05 0.000144392 0.247904 9.88708e-08 
0.000348508 0.0273083 0.0023684 0.00621136 0.000721998 0.0435241 0.0245189 0.0462949 0.000748659 0.00447032 0.0286934 0.0109187 0.644781 0.000620418 0.000178405 1.1112e-05 6.46635e-05 0.000152261 0.157775 0.000289517 
