4.11139e-07 0.0790726 0.012922 0.0513775 7.65634e-08 0.0120378 0.000369793 0.000935297 0.000288863 0.383276 0.00742096 3.3038e-06 0.0128047 0.430216 2.53218e-05 9.87346e-10 1.15651e-07 2.2548e-05 0.00922718 3.70949e-08 
2.0083e-07 0.00956985 4.31461e-08 0.00797774 1.44401e-05 0.00703518 0.0516417 2.68612e-08 1.48189e-07 0.0060672 0.00279537 2.21285e-07 2.43663e-06 0.906339 8.14441e-08 1.73931e-07 4.23853e-08 5.10216e-05 0.00783222 0.000672415 
0.000227628 0.0380221 0.00647435 0.0789372 0.00143197 0.00017842 0.00651474 0.0300579 2.16641e-05 0.00598892 0.0663506 4.84054e-06 0.00531536 0.721666 0.00103239 0.0342021 0.00135001 0.00013553 0.00201125 7.73562e-05 
0.000366284 0.133621 0.00462854 0.263555 0.00780463 0.00178908 0.00120765 0.0144073 0.00120579 0.0132943 0.0363521 1.30177e-07 0.00516539 0.428975 0.00171649 1.84593e-05 0.000113073 0.000667401 0.0841336 0.000978065 
0.00121704 0.068018 0.0282525 0.0835758 0.0042454 0.0989631 0.0708315 0.00187406 0.000136484 0.0126935 0.00648001 0.201371 0.013961 0.266487 0.0182955 4.5743e-05 4.5178e-06 0.00654813 0.116993 6.2127e-06 
3.72586e-05 0.193026 0.0283505 0.117303 0.00754312 0.0433449 0.00350057 0.197996 0.0021948 0.00920829 0.0117754 1.61203e-06 0.0681539 0.206549 0.00243778 3.96467e-07 5.11693e-06 3.13851e-06 0.108554 1.5323e-05 
0.000762671 0.199802 0.033992 0.0243244 0.0166227 0.0816917 0.0183006 0.000476555 4.88827e-05 0.0184486 0.0121217 0.0210133 0.0254147 0.529395 0.00348127 1.46622e-05 6.47586e-05 0.00124234 0.012761 2.10552e-05 
0.00581959 0.112613 0.00265746 0.0225819 0.00494289 0.0525751 0.013522 0.025152 0.000234783 0.00868142 0.000755925 9.76881e-11 0.0744387 0.635372 0.00921146 6.70202e-06 5.28643e-05 0.000127063 0.0312547 2.67879e-09 
0.00581959 0.112613 0.00265746 0.0225819 0.00494289 0.0525751 0.013522 0.025152 0.000234783 0.00868142 0.000755925 9.76881e-11 0.0744387 0.635372 0.00921146 6.70202e-06 5.28643e-05 0.000127063 0.0312547 2.67879e-09 
0.000255392 0.0276772 0.00447025 0.0192112 0.00451069 0.0757965 0.011357 0.0165613 4.09188e-06 0.0120248 0.00846654 0.000468029 0.027702 0.765897 0.000815861 3.30358e-05 0.000138153 0.0105467 0.0140123 5.14429e-05 
2.6166e-07 0.000491611 0.000209038 0.00062903 1.14954e-07 0.00891065 0.0276121 3.49973e-08 1.93074e-07 0.000290407 0.000375976 0.000442911 5.20898e-07 0.949144 1.65875e-06 2.26614e-07 9.28765e-07 2.16976e-07 0.0118898 2.3896e-07 
0.000111163 0.210422 0.00511315 0.0291012 0.0591619 0.0769056 0.0913989 5.54082e-05 7.01803e-05 0.00808217 0.0556465 1.26116e-08 0.0387146 0.305826 0.0552245 0.00859007 0.000281838 0.0171964 0.0349899 0.00310814 
7.416e-07 0.347005 0.0140247 0.000176934 0.000305603 0.00365981 0.00077832 2.57428e-05 3.67853e-07 0.000182425 0.0015424 1.36355e-08 0.00148661 0.509424 0.00355082 0.117753 4.4472e-05 1.02617e-08 3.95697e-05 1.13015e-08 
5.12289e-09 0.122203 0.00108296 0.00928553 4.9625e-05 0.22592 0.00577795 9.29318e-07 1.66068e-07 0.00405469 1.87874e-05 5.64466e-09 0.0193562 0.606831 0.00367372 3.24259e-06 6.17464e-05 9.7982e-05 0.00158183 4.67847e-09 
1.49831e-06 0.0536447 3.21896e-07 0.000635991 6.5825e-07 1.88994e-05 1.61026e-07 2.00401e-07 1.10558e-06 0.000844982 1.79984e-05 1.65092e-06 0.000907218 0.943611 6.07623e-07 1.29763e-06 3.1622e-07 1.24244e-06 8.97239e-08 0.000310118 
7.68529e-06 0.15892 0.00923269 0.0140604 0.0178494 0.0807651 0.0302325 0.000560606 0.00858732 0.0148295 0.0158806 0.00592831 0.037457 0.539738 0.00826174 0.0126737 0.000691754 0.00232952 0.0419944 5.62467e-07 
0.000975733 0.211422 0.00941296 0.0996362 4.21978e-05 0.059659 0.000462974 1.98788e-05 0.00174144 0.111583 0.0117437 0.000532665 0.0041232 0.428198 1.55415e-07 0.0544004 0.00559428 3.17786e-07 0.000451158 3.49985e-07 
9.98919e-05 0.251338 8.67162e-06 0.00240789 6.59365e-09 5.74373e-06 0.00156578 0.000241264 0.0003125 2.95327e-05 0.156883 1.95447e-05 0.0626268 0.303176 0.0010614 4.99585e-05 7.34741e-07 1.24455e-08 0.220105 6.78325e-05 
6.89956e-07 0.00972793 0.00265982 0.0864863 3.48101e-05 0.274045 0.00594631 0.00107153 0.00015718 0.0120453 0.000560703 0.000163658 0.0165952 0.408625 0.000275309 5.97546e-07 2.50695e-06 0.000469314 0.181133 6.30101e-07 
0.000139417 0.369037 0.0130724 0.00832618 2.0633e-12 0.123883 0.00137627 1.13817e-05 0.000495697 0.00875753 0.0081394 5.17484e-12 0.0708696 0.395109 0.000725183 1.53958e-05 4.204e-05 1.94763e-08 2.76574e-07 1.37293e-08 
0.00277649 0.222327 0.0108353 0.0288979 0.00206426 0.0374411 0.0128937 0.00719579 0.00110721 0.0141735 0.0116992 0.000312188 0.0396606 0.560194 0.00917558 0.000502638 0.000103975 0.00206786 0.0362088 0.000363393 
0.00785133 0.0152974 0.000619506 0.0014383 6.16135e-05 0.00252317 0.0213446 1.35082e-05 2.62631e-06 0.00504433 0.0214673 2.76694e-06 0.00696267 0.896118 0.000397655 1.19818e-06 3.33125e-05 1.53488e-05 0.0207797 2.53314e-05 
3.23306e-05 0.2278 1.61505e-05 0.0408782 0.00595377 0.0826334 0.0287961 4.98968e-05 4.27586e-05 0.248878 0.00260367 7.74355e-08 0.0184897 0.325735 3.86051e-06 5.53782e-05 1.48321e-08 7.58799e-06 0.0180218 2.89107e-06 
0.00108542 0.111489 0.00274649 0.15062 0.00370951 0.0022232 0.0114745 0.00141411 3.1039e-07 0.00277562 0.122546 4.79471e-09 0.000874236 0.5608 0.00223466 8.94415e-08 2.02265e-05 0.000250502 0.0257368 3.974e-09 
0.00404768 0.12204 0.00129555 0.0320489 2.37227e-06 0.00965079 0.0264028 0.0114992 0.00102548 0.0876768 0.0295271 1.77326e-08 0.0698106 0.37541 0.0171108 0.191887 0.000338242 0.000259337 0.0199628 5.05418e-06 
0.00645856 0.118338 0.0471112 0.0633407 0.00205816 0.0058467 0.0809375 7.24904e-05 0.00489736 0.0793889 0.0838442 9.74041e-06 0.108183 0.177581 0.00114188 0.0339224 0.000147084 0.0412833 0.14461 0.000828397 
0.000377253 0.145946 0.000171288 0.000248224 0.0911139 0.211802 8.18916e-05 5.15947e-05 0.000205768 0.000389433 0.00129486 4.35354e-08 0.00954378 0.537872 6.65612e-05 7.67775e-06 3.97449e-05 7.21331e-05 0.000700763 1.58575e-05 
1.60911e-05 0.0070815 0.000823681 0.0510813 0.00643333 0.131041 0.0140979 8.66935e-06 0.000413865 0.0160746 0.00657068 9.55023e-09 0.0104933 0.450705 0.00176231 4.06849e-07 0.113452 0.000736524 0.189201 7.66882e-06 
2.57632e-05 0.205591 4.11518e-05 0.0169738 2.3993e-05 0.0392766 2.42122e-06 3.66662e-08 8.46293e-05 1.14051e-05 0.0111273 5.40131e-07 7.77574e-05 0.726231 1.11173e-07 2.3742e-07 6.05068e-07 2.27322e-07 0.000130437 0.000401222 
2.79015e-06 0.170327 0.00563528 0.0332275 1.22579e-06 0.00407776 2.99862e-07 0.00138116 0.0117372 0.0163598 2.61269e-07 3.07433e-06 0.00307811 0.747961 1.13151e-06 2.41645e-06 5.88864e-07 2.31367e-06 0.00619896 2.5481e-06 
0.00554242 0.16341 0.0111959 0.102809 0.00293919 0.103483 0.0411939 0.0060533 0.000907886 0.0262702 0.015498 6.71909e-05 0.0324266 0.325633 0.00465788 4.52613e-05 7.07257e-05 0.000730613 0.157048 1.74115e-05 
0.00371474 0.122355 0.0100456 0.0346055 0.00455394 0.00783098 0.0348084 0.0279044 0.00502577 0.0270196 0.201924 1.04128e-05 0.0955806 0.245133 0.00377227 9.59622e-05 3.11235e-05 0.00109357 0.162834 0.0116608 
7.45067e-07 0.118885 0.000263023 9.04934e-05 3.27328e-07 0.000471937 0.000200436 9.96536e-08 5.49772e-07 0.00254073 1.37972e-05 8.20953e-07 0.0114922 0.865833 7.80464e-05 6.45275e-07 1.57247e-07 6.1783e-07 0.000127338 6.80431e-07 
0.151923 0.0942034 0.00719403 0.0486137 0.0054965 0.207608 0.0323457 1.22039e-06 1.69345e-06 0.00906888 0.0243448 0.000113992 0.0218375 0.285807 0.0352747 1.65199e-05 7.31401e-06 0.00149332 0.0736146 0.00103454 
0.000290103 0.0153535 0.00123611 0.0022078 0.000249286 0.0217373 0.0215855 5.46551e-05 1.06496e-05 0.0120422 0.00661032 0.000461747 0.0415491 0.838987 0.000876771 4.87598e-06 7.18229e-05 0.00250285 0.0341468 2.12991e-05 
5.37258e-07 0.101963 0.000704688 0.208734 1.86413e-06 0.00865083 0.023461 0.000133381 3.96433e-07 0.12981 0.00869385 5.91978e-07 0.0184849 0.476456 0.00148956 2.60822e-05 4.3021e-05 0.00169796 0.019647 4.90649e-07 
8.21949e-07 0.2425 0.00052561 0.00212415 0.0247601 0.0238684 0.146261 9.8682e-09 9.61282e-05 0.114895 0.0438997 8.12948e-08 0.000128657 0.283678 2.70375e-06 3.80427e-06 1.59459e-06 3.464e-06 0.113433 0.00381699 
0.000149471 0.196795 0.0761556 0.0107445 0.0484372 0.214869 0.0159848 0.00382681 0.000266521 0.0090858 0.00645616 6.54811e-05 0.0645944 0.307718 0.00410051 0.000133518 0.000297643 0.000150923 0.0401606 7.55296e-06 
2.75633e-06 0.0929867 0.0114248 0.174672 8.48095e-05 0.155483 0.0612401 0.000598233 6.21618e-06 0.093987 0.0493257 1.7992e-08 0.112798 0.177339 0.0603582 2.77809e-07 3.44622e-09 0.000286191 0.00811383 0.00129366 
0.000119783 0.255948 0.0315038 0.206559 0.00041354 0.0797609 0.0347414 0.000613832 6.29555e-06 0.0543606 0.00196431 7.05075e-08 0.0174121 0.294212 0.00236695 1.07604e-05 0.000625268 0.000544624 0.0169991 0.00183698 
7.73343e-05 0.147198 7.74195e-05 7.74361e-05 7.73955e-05 7.74239e-05 0.0155636 7.74284e-05 7.73627e-05 7.74162e-05 7.74328e-05 7.73234e-05 7.74366e-05 0.588126 7.7399e-05 7.73491e-05 7.74199e-05 7.73528e-05 0.247874 7.73438e-05 
4.61487e-05 0.0545724 0.00696571 0.00585721 5.173e-05 0.0327993 0.00385173 0.000459389 5.25351e-05 0.00222911 0.00192599 2.79117e-05 0.0264614 0.857966 4.61699e-05 2.60567e-08 1.29551e-05 0.000461777 0.00618272 2.93526e-05 
0.000128089 0.170297 0.00682562 0.0306701 0.0210139 0.0816406 0.0360477 0.000174887 0.000189854 0.0160956 0.0597335 2.41781e-08 0.0381889 0.42842 0.0744107 6.97798e-05 0.000176925 0.000397982 0.0330223 0.00249632 
1.11309e-07 0.084861 0.0512851 0.0466718 2.58705e-06 0.0600098 0.0421302 0.00107075 8.21328e-08 0.00011066 0.0568472 1.22646e-07 0.000124937 0.654268 0.00183506 9.64004e-08 3.4705e-05 0.000709068 3.32072e-05 5.65374e-06 
0.00815007 0.113286 0.00272019 0.0219023 0.00836406 0.0559692 0.0134655 0.0258197 0.000232357 0.00874374 0.000779496 1.00553e-10 0.074255 0.626076 0.00893011 9.00401e-06 5.27863e-05 0.000165209 0.031079 1.46423e-08 
6.02226e-05 0.0545467 0.000815813 0.0341181 0.0149299 0.216564 0.0623645 0.000133899 2.40692e-05 0.0529719 0.0697931 0.000116094 0.00886241 0.449663 0.0228015 1.61797e-07 0.000730317 0.00341961 0.00807814 5.81913e-06 
0.00156551 0.108693 0.0773494 0.0587571 0.00068498 0.0296188 0.0742439 0.000951319 0.00433561 0.00786273 0.0092482 0.0017194 0.0717663 0.491246 0.0037473 0.000743619 0.00010728 0.000123176 0.0569248 0.000311571 
8.26719e-05 0.091816 0.000462222 0.0450233 3.85615e-05 0.00315873 0.00434162 0.0256336 0.101161 0.0314723 0.00107639 0.00174909 0.0699902 0.564654 2.83456e-05 3.61392e-07 7.97727e-06 0.000338776 0.0589639 3.81081e-07 
0.0129851 0.142884 0.0481035 0.0473678 0.111163 0.0337902 0.0379589 0.0167419 0.00276919 0.0369252 0.130856 0.000289498 0.13752 0.148711 0.00129734 0.00347752 0.00776925 0.00261515 0.0681616 0.00861364 
0.000902697 0.0375651 0.00491947 0.0198392 0.0473904 0.113826 0.00660441 0.000665356 7.94018e-06 0.00314984 0.00583589 2.90946e-09 0.0826523 0.608314 0.00866118 2.28686e-09 4.55445e-07 0.000480828 0.0590449 0.000139154 
1.0967e-05 0.248047 0.00377549 0.0975352 3.26055e-06 0.133069 0.0776315 5.29146e-07 9.03485e-07 4.81078e-06 0.0172296 5.50365e-10 0.113518 0.255154 1.84016e-06 7.19717e-07 9.2933e-05 0.00394548 0.0499747 2.44698e-06 
4.11139e-07 0.0790726 0.012922 0.0513775 7.65634e-08 0.0120378 0.000369793 0.000935297 0.000288863 0.383276 0.00742096 3.3038e-06 0.0128047 0.430216 2.53218e-05 9.87346e-10 1.15651e-07 2.2548e-05 0.00922718 3.70949e-08 
0.00251679 0.239107 0.00863103 0.137498 0.0148583 0.0105532 0.00644658 0.00653188 0.0043227 0.00541152 0.0132511 3.61985e-07 0.0435246 0.42063 0.00571608 2.217e-05 6.92272e-05 0.000253051 0.079733 0.000923332 
0.000846721 0.189322 0.0276519 0.0246584 0.0014406 0.0462658 0.00827955 0.0784192 0.000767144 0.0164766 0.00114105 1.56482e-07 0.0199948 0.578791 0.00342966 3.05032e-06 0.000303393 0.000774688 0.00132829 0.000105458 
5.12289e-09 0.122203 0.00108296 0.00928553 4.9625e-05 0.22592 0.00577795 9.29318e-07 1.66068e-07 0.00405469 1.87874e-05 5.64466e-09 0.0193562 0.606831 0.00367372 3.24259e-06 6.17464e-05 9.7982e-05 0.00158183 4.67847e-09 
0.000149719 0.00830396 0.0109517 0.0729488 0.10715 0.00367058 0.0180436 0.0150123 0.00242146 0.0499764 0.0133902 7.35292e-05 0.0228813 0.624367 0.0261023 1.15289e-05 6.86595e-05 0.000140365 0.023549 0.000787775 
0.00581959 0.112613 0.00265746 0.0225819 0.00494289 0.0525751 0.013522 0.025152 0.000234783 0.00868142 0.000755925 9.76881e-11 0.0744387 0.635372 0.00921146 6.70202e-06 5.28643e-05 0.000127063 0.0312547 2.67879e-09 
0.000221145 0.192811 0.00791359 0.0540847 0.246695 0.00865211 0.0132377 0.00566942 0.000100201 0.0183365 0.0284437 1.15345e-06 0.034326 0.305295 0.00281158 1.35837e-05 0.000265273 0.000275556 0.0808443 1.53551e-06 
0.000511901 0.179034 0.00170004 0.0021121 0.0238667 0.0313441 0.0276223 0.000168611 0.00050991 0.00138328 0.0353023 4.41835e-05 0.0215311 0.588977 0.0348127 0.000256595 0.000349833 0.000198188 0.0466798 0.00359547 
0.000805214 0.017054 0.000512016 0.0117792 6.66261e-09 0.0825618 0.0320608 1.13341e-07 1.11904e-08 0.0603642 0.00044869 0.0076535 0.00508667 0.767753 0.00193047 2.77267e-05 5.84989e-06 0.000850462 0.0107367 0.000369452 
4.11139e-07 0.0790726 0.012922 0.0513775 7.65634e-08 0.0120378 0.000369793 0.000935297 0.000288863 0.383276 0.00742096 3.3038e-06 0.0128047 0.430216 2.53218e-05 9.87346e-10 1.15651e-07 2.2548e-05 0.00922718 3.70949e-08 
0.0036737 0.0245986 0.0154475 0.0062063 8.14487e-06 0.0463066 0.00374604 0.000472024 2.17215e-05 0.00103633 0.00288425 1.80611e-05 0.0103714 0.862349 0.000487482 3.1276e-07 1.09729e-05 0.000189876 0.0220458 0.000126367 
0.000420052 0.132757 0.00829419 0.0165685 0.000256649 0.110944 0.0876497 0.000429395 0.000502155 0.0669161 0.119211 1.06192e-06 0.0449588 0.255494 0.000434138 2.93221e-07 1.99625e-05 0.000738153 0.154231 0.000173022 
0.00038536 0.0417782 0.00605396 0.0338826 5.19265e-05 0.00158397 0.0571541 1.20453e-06 0.000192473 0.0151593 0.00568352 7.40198e-07 0.00776861 0.78243 0.029911 1.84891e-05 1.04266e-05 6.95702e-05 0.0178517 1.31613e-05 
0.00581959 0.112613 0.00265746 0.0225819 0.00494289 0.0525751 0.013522 0.025152 0.000234783 0.00868142 0.000755925 9.76881e-11 0.0744387 0.635372 0.00921146 6.70202e-06 5.28643e-05 0.000127063 0.0312547 2.67879e-09 
0.000929644 0.0124482 0.0133693 0.0267096 0.0139545 0.0588593 0.0362042 0.00107204 0.000385686 0.0805722 0.100977 0.000336984 0.053966 0.407828 1.36139e-06 1.37411e-06 1.79107e-05 0.000125038 0.122413 0.0698294 
0.00581959 0.112613 0.00265746 0.0225819 0.00494289 0.0525751 0.013522 0.025152 0.000234783 0.00868142 0.000755925 9.76881e-11 0.0744387 0.635372 0.00921146 6.70202e-06 5.28643e-05 0.000127063 0.0312547 2.67879e-09 
0.00142487 0.0392077 0.0210195 0.03354 0.00407814 0.276354 0.0214691 0.000111864 6.38052e-06 0.0721639 0.0713743 1.56819e-06 0.011543 0.362286 0.00803224 2.94604e-09 3.29599e-07 0.0761261 0.00126154 3.10654e-09 
4.40269e-07 0.0419685 0.000170368 0.135735 0.00248812 0.0749146 0.0732733 1.9646e-06 3.24867e-07 0.104658 4.12267e-08 0.000121629 0.134397 0.289772 2.03792e-05 0.00572785 3.68904e-06 0.0163405 0.120405 4.02075e-07 
0.00213495 0.001011 2.25105e-05 0.057836 0.000379169 0.389482 0.0141677 0.00328985 4.24101e-05 0.0300217 3.91158e-07 1.10232e-08 0.00555094 0.483126 0.0014605 1.95239e-06 5.13542e-07 0.00018254 0.0112891 9.13638e-09 
0.00213495 0.001011 2.25105e-05 0.057836 0.000379169 0.389482 0.0141677 0.00328985 4.24101e-05 0.0300217 3.91158e-07 1.10232e-08 0.00555094 0.483126 0.0014605 1.95239e-06 5.13542e-07 0.00018254 0.0112891 9.13638e-09 
0.000910274 0.00117059 4.65514e-08 1.80878e-05 9.51936e-08 0.000331753 8.15274e-05 2.89813e-08 1.59885e-07 5.33793e-08 1.21942e-05 2.3875e-07 0.000154027 0.789748 8.78721e-08 5.64853e-05 3.20571e-05 0.000269696 0.207215 1.97883e-07 
0.00195437 0.0528035 0.0101872 0.12256 7.70586e-10 0.0159589 0.0220465 0.00559056 9.82008e-08 0.0129042 0.0334784 0.000298039 0.0228817 0.628109 0.00214093 7.71864e-08 1.74657e-06 1.75178e-05 0.0230069 0.0460597 
4.83387e-08 0.00640586 0.000777811 0.012077 2.12365e-08 0.0196673 0.0275869 0.000143912 4.02803e-05 0.0252772 0.00161124 0.000227868 0.00122075 0.877365 0.000411361 4.28274e-06 1.79975e-07 0.00406122 0.0231137 7.94072e-06 
0.00103959 0.0941843 0.0710444 0.0584194 0.166062 0.00013325 0.0112495 0.00338958 0.000190167 0.00198887 0.0718935 6.04186e-06 0.0080078 0.476806 6.57756e-05 7.35828e-05 0.000203048 1.68774e-06 0.0349253 0.000316596 
0.000807934 0.0523358 0.0126215 0.0253284 0.0488591 0.0244156 0.00348417 3.23992e-05 1.46808e-05 0.0211716 0.00103124 8.52151e-09 0.00408155 0.798156 0.00177401 2.48536e-07 0.000159615 0.00167003 0.00405639 3.65802e-08 
4.7392e-05 0.122079 0.00331232 0.0272809 0.012879 0.0402947 0.0295087 0.000504011 0.00119627 0.0044584 0.00466473 3.79453e-07 0.0360733 0.65319 0.00292519 0.000111712 0.000138515 6.06236e-05 0.061212 6.29394e-05 
0.00581959 0.112613 0.00265746 0.0225819 0.00494289 0.0525751 0.013522 0.025152 0.000234783 0.00868142 0.000755925 9.76881e-11 0.0744387 0.635372 0.00921146 6.70202e-06 5.28643e-05 0.000127063 0.0312547 2.67879e-09 
0.00150174 0.243885 0.00883388 0.0575351 0.0028779 0.0321247 0.0485212 0.0251819 0.00093158 0.00798944 0.0752677 0.000531642 0.0907383 0.305051 0.0245949 0.000854322 0.00266291 0.0036374 0.0657728 0.00150656 
6.26709e-11 0.0263465 6.84572e-05 0.0147659 2.63598e-05 0.0135583 1.71862e-07 0.000568022 4.62438e-11 0.000915452 2.29346e-06 6.9054e-11 9.01105e-08 0.943128 5.57148e-08 5.4277e-11 1.32267e-11 5.19685e-11 0.000620338 5.72341e-11 
0.00227699 0.0689772 0.00377215 0.0502498 6.46403e-05 0.0193869 0.0466849 0.000584441 2.83075e-06 0.0041707 0.0309065 0.00182666 0.0186273 0.623727 0.00249366 2.81463e-06 3.38063e-05 0.00288903 0.123214 0.000109155 
0.000824262 0.390987 0.0130543 0.0163681 0.0334433 0.0292985 0.00923982 0.00377239 0.000198207 0.0170217 0.00783824 0.000110622 0.0305245 0.413494 0.00520022 0.000250308 0.000351901 0.00499417 0.0229934 3.46699e-05 
1.09242e-07 0.14891 2.34694e-08 0.00136024 4.79929e-08 3.4587e-05 3.34952e-06 1.46112e-08 6.97787e-06 1.58488e-05 2.97465e-07 4.52607e-07 6.64521e-06 0.849626 4.43017e-08 9.46104e-08 7.86707e-07 9.05864e-08 2.04414e-05 1.41436e-05 
5.82814e-06 0.000467032 1.25211e-06 3.73956e-07 2.56046e-06 1.01389e-06 6.2636e-07 7.79521e-07 4.30049e-06 1.43577e-06 0.000873737 6.42175e-06 3.31408e-07 0.998615 2.36353e-06 5.04754e-06 1.23003e-06 4.83286e-06 3.49008e-07 5.32254e-06 
5.12289e-09 0.122203 0.00108296 0.00928553 4.9625e-05 0.22592 0.00577795 9.29318e-07 1.66068e-07 0.00405469 1.87874e-05 5.64466e-09 0.0193562 0.606831 0.00367372 3.24259e-06 6.17464e-05 9.7982e-05 0.00158183 4.67847e-09 
8.63074e-07 0.210282 0.0136337 0.00241467 0.000593156 0.00632399 0.00270304 0.00115947 0.000443612 0.00477978 0.0109169 2.4978e-05 0.0554235 0.67752 0.00255703 9.72438e-08 2.72108e-05 0.000164484 0.0110311 1.42875e-07 
3.36528e-06 0.0183656 0.00666099 0.0283922 0.00059229 0.104049 0.0128856 0.0175318 9.04092e-10 0.00365822 0.000441262 9.71734e-05 0.0208989 0.759594 0.000431115 5.06632e-05 0.000193591 0.0150026 0.0111012 5.02727e-05 
3.8134e-05 0.0687118 0.00437603 0.0118705 0.00010522 0.0574372 0.00417534 0.0121926 0.0163116 0.00561913 0.0010556 0.000146255 0.0567857 0.722631 5.25612e-05 0.000223609 2.00889e-05 0.000613045 0.0376274 7.50197e-06 
0.000257531 0.277932 0.000640492 0.0133353 4.70735e-06 0.00896904 0.00382382 0.00494018 0.0493526 0.0034679 0.180085 2.98982e-05 0.0888404 0.345011 0.000312383 7.66028e-05 1.61206e-05 1.93773e-06 0.0228157 8.80997e-05 
0.00656331 0.194443 0.0159322 0.0287865 0.00202243 0.0178084 0.0219127 0.0258175 0.0116209 0.0570998 0.102958 6.30445e-08 0.0867716 0.378996 2.65456e-05 0.000264829 4.04146e-05 0.000733372 0.021629 0.0265733 
0.0262489 0.0157994 0.000422156 0.0606153 9.64614e-11 0.000174028 0.000125459 0.0199439 0.000703619 0.0025962 0.00935052 1.0227e-05 0.000424387 0.78179 2.88549e-08 1.90158e-10 0.000190526 1.99198e-08 0.0816055 2.00518e-10 
0.00019898 0.1747 0.0237482 0.068754 0.00212915 0.0466527 0.0219333 0.00258089 0.000690886 0.00405748 0.0109901 0.000590628 0.0220084 0.601284 0.000549663 1.46965e-06 0.000564923 0.0011692 0.0173478 4.87006e-05 
0.000867297 0.343417 0.0322457 0.0387463 0.00462993 0.0603037 0.0147858 0.00745218 0.000950379 0.00612215 0.0224235 0.000889248 0.0464568 0.374073 0.0157056 0.000552712 0.000311393 0.00203569 0.0263179 0.00171401 
4.11139e-07 0.0790726 0.012922 0.0513775 7.65634e-08 0.0120378 0.000369793 0.000935297 0.000288863 0.383276 0.00742096 3.3038e-06 0.0128047 0.430216 2.53218e-05 9.87346e-10 1.15651e-07 2.2548e-05 0.00922718 3.70949e-08 
0.000103363 0.000521745 0.00013196 0.00112514 0.00053108 0.000149249 1.17601e-08 1.46358e-08 8.07433e-08 0.0125515 1.34066e-05 1.20571e-07 6.22231e-09 0.961453 4.43762e-08 9.47695e-08 3.69881e-06 4.52554e-05 0.0233704 9.99326e-08 
4.00278e-06 0.0422417 0.022221 0.0904151 2.2367e-06 0.102004 0.099661 0.000126877 2.37004e-05 0.0278745 0.0268471 1.53085e-07 0.00210134 0.464507 0.00108555 5.45967e-06 2.58278e-06 0.0384778 0.0823974 2.03459e-06 
1.08457e-06 0.0205523 3.55063e-05 0.000207519 4.76482e-07 0.0338145 0.000289359 0.00023026 1.2179e-06 0.0131423 0.0014427 0.000887328 0.0104343 0.917463 0.000129334 2.05194e-06 2.289e-07 1.75161e-06 5.76487e-05 0.00130669 
0.00204963 0.0330717 0.00081619 0.0559443 0.00426378 0.0270775 0.1138 0.0352422 0.0011733 0.041499 0.192789 7.23129e-07 0.145514 0.226032 0.0696233 9.50889e-06 0.0008073 0.0102584 0.0398609 0.000167802 
0.0091238 0.0798224 0.00297901 0.0415667 0.00235173 0.0337527 0.0253827 0.000402196 5.63283e-05 0.00675315 0.0598975 7.37001e-07 0.0273723 0.653981 0.00114118 8.72314e-05 0.000324166 2.5722e-05 0.0549659 1.34128e-05 
1.35936e-07 4.75932e-08 5.92296e-09 0.0538722 1.79952e-07 0.0591867 0.00596118 0.0279692 0.00083454 0.0262999 1.58577e-07 2.0238e-11 1.87818e-06 0.812775 0.0075336 1.43324e-08 7.79163e-10 0.00374602 0.00181939 1.67739e-11 
0.00338054 0.235568 0.0165235 0.0387204 0.00413451 0.0509862 0.0137944 0.00671386 0.00154738 0.0141313 0.0112416 0.000716225 0.0356849 0.521237 0.00443029 0.0007203 0.000520651 0.00256947 0.0364135 0.000966931 
3.19716e-10 0.000200928 6.86875e-11 0.002062 1.4046e-10 0.075976 0.00168458 4.07773e-07 2.35913e-10 5.6361e-07 1.16367e-06 3.5228e-10 4.95341e-05 0.920022 1.29657e-10 2.76894e-10 6.74763e-11 2.65118e-10 2.34997e-06 2.9198e-10 
0.000750849 0.181738 8.59206e-06 0.135479 6.43684e-05 0.0519165 0.107074 0.000912577 0.00345079 0.00737587 2.12515e-05 7.13942e-08 6.34533e-05 0.302779 0.0385974 5.61164e-08 1.59801e-05 0.000920128 0.161166 0.00766569 
0.000107087 0.0610958 0.0971014 0.118549 0.0381952 0.0996967 0.0998945 0.0182839 1.94845e-09 0.0178858 0.00395489 2.90954e-09 0.0761055 0.226306 0.000494714 5.75821e-07 0.000123139 0.0524113 0.0892409 0.000553117 
0.00146077 0.100233 1.69171e-06 0.104388 5.7272e-07 0.0496526 0.0247054 0.0371371 4.3099e-10 0.0564384 0.00379108 6.4358e-10 5.56351e-06 0.622184 5.41685e-07 8.02705e-07 1.23273e-10 1.49482e-06 2.09196e-08 5.33419e-10 
0.000514144 0.395125 0.0240715 0.0187752 0.00139889 0.0101747 0.00695349 0.00153615 0.00847198 0.00442048 0.00392635 4.81586e-07 0.00378561 0.510957 0.00132142 4.348e-05 0.000256011 0.000791556 0.00746684 9.51142e-06 
0.00259029 0.0197973 0.108731 0.0069407 1.15449e-05 0.0986749 0.125079 0.00051643 3.67143e-06 0.0386947 0.00226615 9.33063e-05 0.0419063 0.473695 0.0259533 5.15833e-08 0.000143105 0.00879952 0.046104 5.43936e-08 
0.00154897 0.358195 0.0253695 0.0657115 0.000209597 0.0368648 0.000186396 5.72555e-05 2.12833e-05 0.0107936 2.85593e-05 0.0487983 0.0285633 0.392906 1.03177e-05 2.88475e-07 4.32669e-05 0.0274996 0.00315313 3.90975e-05 
3.88077e-06 0.128153 0.000297461 0.0112643 1.40447e-07 0.0107927 0.000606952 0.24348 0.000400612 0.00147403 6.97193e-05 1.07078e-05 0.000762273 0.59797 0.000109541 3.72052e-06 2.34601e-05 2.63069e-05 0.00275466 0.00179553 
9.85649e-05 0.317059 0.000194739 0.0046284 0.000178067 0.00535287 0.00307713 0.0388186 0.037625 0.00104947 0.0471089 1.34699e-07 0.116028 0.417113 0.00174735 0.000291136 0.000243377 0.000400719 0.00896147 2.35145e-05 
0.091549 0.134257 0.0047724 0.0540801 0.00177258 0.0414526 0.178297 0.00591922 1.49733e-06 0.0284851 0.0124083 2.42164e-08 0.0884025 0.210077 0.0146272 0.000206433 3.3085e-06 0.0377713 0.0957901 0.000126865 
6.18692e-07 0.400144 1.66122e-06 0.0123818 1.06908e-08 0.0106335 0.000194144 0.000461595 0.00215034 0.00106628 0.000406454 2.68131e-08 0.00478738 0.566469 6.42541e-05 2.10753e-08 4.55933e-07 2.01789e-08 0.0012386 2.22235e-08 
0.00581959 0.112613 0.00265746 0.0225819 0.00494289 0.0525751 0.013522 0.025152 0.000234783 0.00868142 0.000755925 9.76881e-11 0.0744387 0.635372 0.00921146 6.70202e-06 5.28643e-05 0.000127063 0.0312547 2.67879e-09 
0.00581959 0.112613 0.00265746 0.0225819 0.00494289 0.0525751 0.013522 0.025152 0.000234783 0.00868142 0.000755925 9.76881e-11 0.0744387 0.635372 0.00921146 6.70202e-06 5.28643e-05 0.000127063 0.0312547 2.67879e-09 
0.00108542 0.111489 0.00274649 0.15062 0.00370951 0.0022232 0.0114745 0.00141411 3.1039e-07 0.00277562 0.122546 4.79471e-09 0.000874236 0.5608 0.00223466 8.94415e-08 2.02265e-05 0.000250502 0.0257368 3.974e-09 
0.000393926 0.0948359 0.00345893 0.0588519 4.37001e-06 0.139912 0.0896879 0.0239263 2.34425e-06 0.0150936 0.027574 7.62043e-05 0.0564887 0.330218 0.000835094 2.18925e-09 1.61898e-05 0.00156937 0.157053 2.86043e-06 
0.0275046 0.0460669 0.00262555 0.132269 0.00484546 0.014584 0.00957775 0.0122987 0.000351231 0.112395 0.0146124 0.000548331 0.0054439 0.424263 0.000410427 3.51774e-08 0.000236867 0.00011728 0.191732 0.0001182 
6.24544e-06 0.0831425 0.0147051 0.00271498 0.000666028 0.00247565 0.0418657 4.28979e-05 0.000231345 1.16572e-05 0.188 1.8361e-06 0.0248543 0.477954 0.120914 8.30148e-06 0.00839276 4.34988e-05 0.00720637 0.0267628 
3.43827e-07 0.325868 0.0156638 0.00500676 4.3543e-05 0.0171417 0.00328466 0.000604102 1.80342e-06 0.00327265 0.0142578 3.57343e-09 0.100076 0.440401 0.00787598 4.03402e-06 3.76655e-07 2.94459e-06 0.0664908 3.76133e-06 
0.000902697 0.0375651 0.00491947 0.0198392 0.0473904 0.113826 0.00660441 0.000665356 7.94018e-06 0.00314984 0.00583589 2.90946e-09 0.0826523 0.608314 0.00866118 2.28686e-09 4.55445e-07 0.000480828 0.0590449 0.000139154 
8.55839e-05 0.245521 0.00354621 0.000983377 4.08218e-07 0.000525995 0.00269298 0.0575584 0.000328602 0.000111978 8.70091e-08 1.02383e-06 0.0151959 0.671001 1.2684e-05 9.56368e-06 1.33431e-05 7.70511e-07 0.00159885 0.000812558 
3.66542e-06 0.0342301 0.000244791 0.0043642 9.95735e-09 0.0192057 0.0712216 2.70545e-05 1.04712e-05 5.58353e-09 0.0138892 2.49735e-08 0.0989459 0.745828 2.11693e-05 0.000555052 2.303e-05 1.14032e-06 0.0113867 4.27541e-05 
0.00195437 0.0528035 0.0101872 0.12256 7.70586e-10 0.0159589 0.0220465 0.00559056 9.82008e-08 0.0129042 0.0334784 0.000298039 0.0228817 0.628109 0.00214093 7.71864e-08 1.74657e-06 1.75178e-05 0.0230069 0.0460597 
3.81931e-05 0.022287 5.00168e-06 0.0602068 0.00704046 0.0422641 0.00980388 0.00158677 2.72496e-05 0.00650371 0.0267981 4.83226e-08 0.0162165 0.72863 0.0280671 8.0711e-07 5.47745e-06 0.000602445 0.0497412 0.000174721 
1.35936e-07 4.75932e-08 5.92296e-09 0.0538722 1.79952e-07 0.0591867 0.00596118 0.0279692 0.00083454 0.0262999 1.58577e-07 2.0238e-11 1.87818e-06 0.812775 0.0075336 1.43324e-08 7.79163e-10 0.00374602 0.00181939 1.67739e-11 
0.000236263 0.00607355 2.91412e-05 0.0014928 0.000168183 0.000250396 8.11072e-05 0.00464514 0.0356014 0.00095435 0.00140534 2.41021e-08 0.00244303 0.941308 8.87082e-09 0.00062329 0.000409033 0.000145128 0.00413378 1.99766e-08 
3.05612e-05 0.112271 0.00581764 0.0204373 0.303341 0.00737388 0.0505495 0.000765265 0.00126236 0.00304653 0.00245259 2.25934e-09 0.0633376 0.414209 8.65825e-05 1.37325e-07 1.68383e-05 8.78865e-07 0.0149983 2.1414e-06 
0.000393926 0.0948359 0.00345893 0.0588519 4.37001e-06 0.139912 0.0896879 0.0239263 2.34425e-06 0.0150936 0.027574 7.62043e-05 0.0564887 0.330218 0.000835094 2.18925e-09 1.61898e-05 0.00156937 0.157053 2.86043e-06 
1.05219e-05 0.0389985 0.0154273 0.019226 1.91155e-06 0.0477643 0.0294725 0.00487117 7.78378e-05 0.011415 0.00375347 3.69521e-07 0.0135736 0.778756 0.000135339 6.14385e-06 7.83799e-08 0.00504656 0.0314452 1.86677e-05 
8.63074e-07 0.210282 0.0136337 0.00241467 0.000593156 0.00632399 0.00270304 0.00115947 0.000443612 0.00477978 0.0109169 2.4978e-05 0.0554235 0.67752 0.00255703 9.72438e-08 2.72108e-05 0.000164484 0.0110311 1.42875e-07 
8.89456e-06 0.0202531 0.00180932 0.0696367 0.000362749 0.0381514 0.0021849 0.0396775 0.000313519 0.00690903 0.034222 7.73983e-05 0.0880813 0.522511 0.000700077 1.63535e-05 1.51471e-06 0.000503639 0.174572 6.74711e-06 
1.18344e-05 0.286554 0.0012006 0.00207866 0.000386835 0.000979863 0.00233128 0.004981 0.000632488 2.44818e-06 0.047136 8.12934e-08 0.0115428 0.623162 1.41913e-05 3.77295e-07 2.23036e-06 6.11796e-08 0.0189764 7.48322e-06 
1.05524e-05 0.126046 0.00863899 0.315554 1.17026e-06 0.000717055 0.000331418 0.000217052 0.004371 0.0269023 0.0155635 7.13699e-07 0.142574 0.32764 0.000126222 4.53702e-08 1.84476e-05 5.97525e-06 0.0312666 1.46389e-05 
1.52979e-06 0.436884 3.28658e-07 9.8157e-08 0.000101343 6.70339e-07 1.64409e-07 2.04611e-07 0.000208516 3.76864e-07 1.43249e-07 1.6856e-06 1.01184e-06 0.515965 6.20386e-07 0.0002982 0.0465332 1.26854e-06 9.16087e-08 1.39707e-06 
0.00149144 0.0941469 9.93138e-07 0.0242252 6.31244e-06 0.00250715 0.002348 0.00756481 6.31895e-05 0.00117197 0.00177765 5.95864e-10 0.00915847 0.84661 0.00107414 3.68067e-05 0.000137038 0.00219446 0.00548566 4.93871e-10 
4.23323e-05 0.0227645 0.0633167 0.139814 0.0311307 0.046127 0.0311985 0.0147994 0.000310728 0.0184807 0.00489951 6.62834e-07 0.00232289 0.54375 0.0323775 1.1273e-06 0.0201652 8.99966e-06 0.0284306 5.94919e-05 
2.6198e-07 0.139855 0.123365 0.04289 0.0634369 0.0127061 0.00309545 0.00184072 1.99353e-05 0.0264018 4.37533e-05 2.88663e-07 0.038481 0.464391 9.07843e-05 2.26892e-07 0.0615854 7.89248e-05 0.021562 0.000155614 
0.000536692 0.0633732 0.00947406 0.0196244 0.000329872 0.0909567 0.105372 9.68991e-05 0.000648384 0.00987513 0.165236 2.49905e-06 0.0250055 0.32879 0.0005355 7.56846e-07 2.80425e-05 0.000936905 0.178945 0.000232891 
6.04734e-07 0.255689 0.00867283 0.00117941 2.12611e-05 0.0359436 0.054411 2.40714e-06 0.00356625 0.0181566 0.0829442 6.66327e-07 0.0748176 0.413756 0.00781163 0.00343261 8.50684e-06 0.0307839 0.00880123 5.52272e-07 
0.00163901 0.0223548 0.00560753 0.051645 0.0428872 0.0193356 0.025081 0.0139809 0.0038456 0.0168538 0.103787 0.00141723 0.05434 0.554104 0.00960536 0.00043228 0.000102429 0.00184151 0.047058 0.0240819 
0.00581959 0.112613 0.00265746 0.0225819 0.00494289 0.0525751 0.013522 0.025152 0.000234783 0.00868142 0.000755925 9.76881e-11 0.0744387 0.635372 0.00921146 6.70202e-06 5.28643e-05 0.000127063 0.0312547 2.67879e-09 
0.00202552 0.0662312 0.0110148 0.0422356 0.00170156 0.0482048 0.0029169 0.00218261 1.31281e-05 0.00294998 0.00136508 6.75128e-07 0.00493401 0.798814 0.00047027 1.78008e-06 4.00442e-07 2.83494e-05 0.00155014 0.0133597 
0.0240906 0.0138182 0.000327884 0.0631236 1.54198e-08 0.00261112 0.00158729 0.0112345 0.000407396 0.00403801 0.0120667 2.36504e-05 0.00618563 0.70925 3.72503e-05 1.86483e-10 0.000171539 1.8711e-06 0.151024 7.34051e-07 
4.13353e-07 0.00304643 0.000124504 0.0166134 1.81597e-07 0.00254856 0.0375136 3.2149e-05 0.000111134 0.00261417 0.0106716 1.98548e-06 5.61022e-05 0.846017 2.9005e-05 6.80751e-06 7.04216e-07 3.06014e-05 0.0803143 0.000266893 
0.0262489 0.0157994 0.000422156 0.0606153 9.64614e-11 0.000174028 0.000125459 0.0199439 0.000703619 0.0025962 0.00935052 1.0227e-05 0.000424387 0.78179 2.88549e-08 1.90158e-10 0.000190526 1.99198e-08 0.0816055 2.00518e-10 
1.2809e-06 0.0129854 0.00241095 0.0314966 0.0140711 0.204725 0.000121443 0.00112935 0.000577136 0.0961845 0.00021476 0.000963569 0.00111617 0.567492 5.19455e-07 1.10934e-06 2.70336e-07 0.0661807 0.000326896 1.16978e-06 
1.05286e-08 1.63693e-05 0.0353944 0.0620851 1.84503e-05 0.285424 0.0245209 1.01924e-06 7.76886e-09 0.000555564 0.176176 0.000295583 0.0756866 0.322328 4.26974e-09 9.11842e-09 2.22206e-09 8.7306e-09 0.0174984 9.6152e-09 
0.00583396 0.109553 0.00523605 0.137918 0.0024924 0.0170007 0.0467667 0.00713509 0.000292594 0.0198087 0.0131327 0.000602136 0.028233 0.48549 0.00267496 6.87308e-07 5.281e-05 0.0223833 0.0901631 0.00523084 
1.35936e-07 4.75932e-08 5.92296e-09 0.0538722 1.79952e-07 0.0591867 0.00596118 0.0279692 0.00083454 0.0262999 1.58577e-07 2.0238e-11 1.87818e-06 0.812775 0.0075336 1.43324e-08 7.79163e-10 0.00374602 0.00181939 1.67739e-11 
6.12519e-07 0.234998 0.04207 0.0591112 0.0035658 0.0295895 0.00820996 0.00334463 5.59312e-08 0.0430507 0.0353223 6.08652e-05 0.017852 0.46569 0.00173613 9.69376e-06 1.59975e-08 0.0001701 0.053321 0.00189816 
2.07932e-05 0.00394036 0.013267 0.0117469 0.000780102 0.0633608 0.0229347 2.62497e-05 5.23265e-05 0.00276957 2.57025e-05 4.22236e-07 0.0233513 0.853664 0.000268245 3.3188e-07 2.75495e-06 0.000679279 0.0029919 0.000117684 
0.000125318 0.378866 0.00436238 0.0220722 0.0491353 0.00479102 0.00610438 1.14353e-05 0.000187827 0.000399755 0.00326948 6.143e-07 0.00902351 0.424711 8.47235e-05 4.72348e-07 0.000520694 1.22955e-05 0.0963223 2.56643e-09 
1.51936e-06 0.103941 3.2821e-11 0.211077 5.70895e-07 0.0025331 5.21183e-06 0.00423104 0.0200206 1.48662e-05 0.0607686 5.76505e-07 5.69104e-07 0.440169 1.41305e-09 0.000623315 0.145866 9.09043e-07 0.0107353 1.04058e-05 
0.059216 0.0611805 0.000806048 0.0286302 0.000173436 0.0449748 0.00120361 0.0994387 2.27248e-06 0.00300412 0.000381892 1.78352e-05 0.0323994 0.660044 0.000142208 1.45553e-06 1.1209e-06 0.00237482 0.00583012 0.000177666 
0.00117426 0.0864054 0.000955619 0.000819893 0.154886 0.0334284 0.000118368 0.000180363 0.000122204 0.000303002 0.00162665 2.05414e-10 0.0022123 0.717594 9.53212e-07 2.97996e-06 0.000168007 1.5459e-10 1.02688e-06 6.07585e-07 
6.18692e-07 0.400144 1.66122e-06 0.0123818 1.06908e-08 0.0106335 0.000194144 0.000461595 0.00215034 0.00106628 0.000406454 2.68131e-08 0.00478738 0.566469 6.42541e-05 2.10753e-08 4.55933e-07 2.01789e-08 0.0012386 2.22235e-08 
0.00108542 0.111489 0.00274649 0.15062 0.00370951 0.0022232 0.0114745 0.00141411 3.1039e-07 0.00277562 0.122546 4.79471e-09 0.000874236 0.5608 0.00223466 8.94415e-08 2.02265e-05 0.000250502 0.0257368 3.974e-09 
0.00656331 0.194443 0.0159322 0.0287865 0.00202243 0.0178084 0.0219127 0.0258175 0.0116209 0.0570998 0.102958 6.30445e-08 0.0867716 0.378996 2.65456e-05 0.000264829 4.04146e-05 0.000733372 0.021629 0.0265733 
2.23325e-05 6.43094e-05 2.13309e-05 0.00574157 0.00012043 0.212031 0.0655903 0.0688375 0.00109122 0.00100624 4.11434e-05 1.57756e-06 0.0373668 0.598307 0.000118715 1.23998e-06 3.02169e-07 0.00153716 0.00800861 9.07802e-05 
0.0250311 0.107432 0.0667118 0.100378 0.00953558 0.033498 0.0931743 0.0479861 0.00011023 0.0734927 0.00535071 3.53538e-07 0.0323786 0.331098 0.00942912 0.000870781 0.00608832 0.000920335 0.054843 0.00167154 
0.0062277 0.29144 0.0351054 0.117235 0.00153235 0.00558044 0.00873003 0.0258932 0.00663896 0.00550215 0.0195376 1.719e-06 0.0854589 0.302876 0.000813282 0.00021249 0.00575969 0.000154477 0.0796869 0.0016141 
5.22276e-07 0.00296412 0.00012583 0.000149978 2.2945e-07 0.0190828 0.0258976 6.9855e-08 0.000193597 0.00266454 6.87346e-05 2.46773e-06 0.00101226 0.942808 1.56805e-06 4.52324e-07 8.73273e-07 0.00329617 0.00172959 4.76967e-07 
0.000237719 0.0827079 0.00276517 0.0176569 0.00605226 0.0825544 0.0539274 0.000118612 0.000150125 0.00358272 0.129897 7.62476e-06 0.0393224 0.47614 0.0688107 0.000153882 0.000167067 0.000362664 0.028728 0.00665811 
0.000100063 0.122313 0.00220571 0.0374655 0.00937772 0.102506 0.0316201 0.000116454 0.000516416 0.0847283 0.00853154 7.18196e-05 0.00732342 0.555524 2.93408e-06 2.71824e-07 1.61519e-05 0.000719569 0.0368454 1.58194e-05 
0.000107087 0.0610958 0.0971014 0.118549 0.0381952 0.0996967 0.0998945 0.0182839 1.94845e-09 0.0178858 0.00395489 2.90954e-09 0.0761055 0.226306 0.000494714 5.75821e-07 0.000123139 0.0524113 0.0892409 0.000553117 
0.000153774 0.062494 0.00601755 0.0100373 0.0191783 0.0589689 0.0463656 0.000763917 7.83864e-06 0.014577 0.0259924 0.00033183 0.00468299 0.689348 0.0101213 8.90513e-06 2.84005e-05 0.00714875 0.0429114 0.000862058 
0.000388838 0.0211322 0.0111946 0.0200769 0.000323029 0.0242127 0.0355428 0.00198482 0.00243921 0.00308374 0.00315724 0.000219656 0.0402891 0.807336 0.000570028 1.22078e-05 6.78983e-05 0.00361091 0.0243341 2.39498e-05 
6.83774e-05 0.173499 0.00754859 0.0803068 0.11982 0.118437 0.0534635 0.0147306 0.000513045 0.0280996 0.0420945 9.88555e-06 0.0362635 0.264914 0.00588406 0.000502319 0.0240258 2.82528e-05 0.0288225 0.000968345 
3.02781e-09 0.00217869 0.103399 0.00196711 1.3302e-09 0.00747503 0.177216 4.04973e-10 2.23417e-09 0.000938944 0.0105429 3.33619e-09 4.10223e-06 0.658447 0.00206087 6.13038e-05 9.151e-07 0.0356935 1.3245e-05 1.31129e-06 
1.94921e-06 3.91957e-05 0.000209802 1.25069e-07 8.56341e-07 3.39095e-07 2.09485e-07 2.60709e-07 1.43829e-06 4.80189e-07 1.82523e-07 2.14774e-06 1.10839e-07 0.999736 7.90478e-07 1.68814e-06 4.11382e-07 1.61634e-06 1.16725e-07 1.78011e-06 
0.00195437 0.0528035 0.0101872 0.12256 7.70586e-10 0.0159589 0.0220465 0.00559056 9.82008e-08 0.0129042 0.0334784 0.000298039 0.0228817 0.628109 0.00214093 7.71864e-08 1.74657e-06 1.75178e-05 0.0230069 0.0460597 
0.0038006 0.155719 0.00499265 0.0937084 0.00945471 0.0291518 0.0268505 0.056852 1.60109e-08 0.000445471 0.00458748 0.000366183 0.0292087 0.42657 0.00729929 2.05527e-06 1.17283e-05 2.31718e-05 0.150914 4.18656e-05 
0.000135492 0.0973963 0.000900638 0.0103511 7.11172e-05 0.135379 0.212725 0.000213769 0.000142931 0.0441106 0.0220994 4.17016e-07 0.0706617 0.303812 0.0635401 5.05702e-06 1.81988e-05 0.00269157 0.0344987 0.00124749 
0.00302073 0.0262942 0.0922054 0.0809096 0.113016 0.0761526 0.0210852 0.00241946 1.0691e-06 0.133297 0.0676116 1.22972e-05 0.0536164 0.219025 0.000232802 0.000250136 0.000790739 0.0352215 0.0422603 0.0325776 
2.44992e-05 0.0405239 0.00907875 0.00971042 0.0144611 0.195172 0.00112102 0.028434 7.60972e-05 0.0985116 0.000141158 3.09911e-07 0.0111178 0.578312 8.62098e-05 4.72892e-06 0.000125826 0.00111172 0.011342 0.000644795 
0.000107765 0.161669 0.00816343 0.0471583 6.26777e-05 0.0178684 0.00397063 0.0205976 0.000147728 0.00274154 0.0021699 3.83288e-10 0.00747686 0.707395 0.000393683 2.86524e-05 0.000104172 1.36376e-06 0.019932 1.13818e-05 
0.00010407 0.11263 0.00289048 0.00236736 0.000234453 0.12914 0.00116841 0.000156294 0.000680124 0.000327892 4.35789e-05 1.03019e-07 0.00107805 0.748378 0.000242496 0.000275004 0.000224139 7.75296e-08 5.91572e-05 8.53851e-08 
1.35936e-07 4.75932e-08 5.92296e-09 0.0538722 1.79952e-07 0.0591867 0.00596118 0.0279692 0.00083454 0.0262999 1.58577e-07 2.0238e-11 1.87818e-06 0.812775 0.0075336 1.43324e-08 7.79163e-10 0.00374602 0.00181939 1.67739e-11 
1.04076e-06 0.00408508 2.23597e-07 0.00230652 0.000228915 0.00320799 0.000125858 1.39203e-07 7.67962e-07 0.00241293 9.74568e-08 1.14677e-06 0.000275429 0.72409 0.260632 9.01367e-07 2.19654e-07 0.00160893 0.000872643 0.000149359 
1.05524e-05 0.126046 0.00863899 0.315554 1.17026e-06 0.000717055 0.000331418 0.000217052 0.004371 0.0269023 0.0155635 7.13699e-07 0.142574 0.32764 0.000126222 4.53702e-08 1.84476e-05 5.97525e-06 0.0312666 1.46389e-05 
0.000317188 0.133147 0.00119195 0.101884 0.000559352 0.0857216 0.0214624 0.00570457 3.42958e-05 0.00455771 0.016526 0.000138553 0.08214 0.455516 0.000223213 0.000795615 0.000106244 2.62421e-05 0.0898791 6.92167e-05 
4.49482e-06 0.000816372 0.00396978 0.00929461 2.17317e-05 0.226215 0.0134146 0.0264009 5.9373e-08 0.0791527 0.0886573 8.86592e-08 0.0416233 0.304145 7.74033e-05 7.3756e-07 2.63725e-06 0.00131686 0.204885 7.34835e-08 
0.000261735 0.0113966 0.00278868 0.0775696 4.31175e-06 0.148412 0.203279 0.000273986 9.37924e-09 0.0165727 0.0213901 0.010978 0.00306806 0.469709 0.00406862 1.01686e-06 3.34362e-06 0.013461 0.0167618 1.16083e-08 
