0.00349274 0.0129449 0.0245755 0.0326096 0.00116476 0.0565392 0.0871505 0.0130427 1.42648e-05 0.0107867 0.0558325 0.00278189 0.0692899 0.000864835 0.00137167 3.8075e-07 0.00315951 0.532997 0.0907905 0.000591118 
0.00022325 0.00556569 0.00770583 0.0302788 7.16313e-05 0.0817761 0.0737398 0.0419501 6.5115e-08 0.0104744 0.0170778 1.34014e-10 0.0246655 0.000587762 0.000189625 2.0564e-08 7.95122e-07 0.596882 0.108485 0.000325567 
4.76682e-07 0.000159089 0.000105033 0.0113282 0.000138857 3.39308e-05 0.000356422 0.000154346 7.30695e-11 4.39401e-05 0.000596047 5.61272e-11 0.000255374 1.97078e-08 3.67915e-09 5.52868e-06 7.9325e-09 0.986566 0.000254708 2.45299e-06 
1.49799e-05 0.0114937 0.0682055 0.0648203 2.73326e-05 0.00207746 0.00171989 1.00625e-05 0.032249 0.000330796 0.039833 1.08713e-11 0.0079385 0.00470037 2.02955e-05 5.19822e-08 0.334165 0.427997 0.00413852 0.000257687 
4.76682e-07 0.000159089 0.000105033 0.0113282 0.000138857 3.39308e-05 0.000356422 0.000154346 7.30695e-11 4.39401e-05 0.000596047 5.61272e-11 0.000255374 1.97078e-08 3.67915e-09 5.52868e-06 7.9325e-09 0.986566 0.000254708 2.45299e-06 
1.7054e-05 0.0168326 0.0102907 0.0190249 0.000138962 0.191302 0.209457 0.00149302 3.4369e-06 0.0012785 0.00106103 4.38967e-06 0.159022 0.0027223 0.0260437 2.65896e-08 0.000732979 0.348415 0.0120961 6.55367e-05 
0.0495834 0.265329 0.0723206 0.0407368 2.94947e-06 0.00114894 0.0287774 0.000551215 0.0067152 0.0825736 0.0101951 7.28564e-07 0.00788501 0.0173143 0.000461146 6.61488e-06 1.82853e-05 0.349229 0.0671263 2.44227e-05 
0.00023888 0.0202625 0.0156106 0.0375446 0.00115679 0.0228714 0.0262826 0.00017938 9.09779e-05 0.00127661 0.0911441 5.57105e-07 0.106875 0.0016953 0.000643626 2.0246e-07 0.000216179 0.465648 0.207674 0.000588689 
0.000124308 0.00328036 0.0355174 0.0494393 0.000132875 0.000557846 0.00893206 9.36864e-05 6.48864e-05 0.00434048 0.041356 2.15381e-05 0.00197086 0.0062333 9.49214e-06 7.22233e-08 0.357268 0.48499 0.00566788 5.2394e-08 
6.82074e-05 0.00855785 0.00245113 0.0434627 0.000567676 0.20361 0.0369089 0.000952095 0.0122076 0.0104024 0.0744435 1.011e-05 0.00809839 0.00401073 1.27348e-06 2.33532e-07 0.0415552 0.479087 0.0727967 0.000808331 
0.000641125 0.0137945 0.000112242 0.101239 0.000166052 0.01323 0.0126226 0.00160116 1.20132e-07 0.0354277 0.00302515 1.58701e-07 0.00879739 9.29727e-06 0.000639246 4.04111e-06 2.64353e-08 0.788883 0.0197959 1.11073e-05 
4.48644e-07 0.0141727 0.000122155 0.0163763 0.00203569 7.56519e-08 0.0288188 0.00150878 2.7146e-06 8.94426e-07 0.163158 1.04787e-09 5.40777e-11 6.00842e-10 3.2995e-07 8.23636e-10 5.25314e-08 0.7729 0.000903088 8.68508e-10 
4.74275e-05 0.0126701 0.000665001 0.103674 0.00198143 0.00120967 0.00112281 0.0190193 0.00479975 0.00160656 0.0116555 1.82723e-08 0.00359831 5.84155e-06 2.13418e-05 4.60703e-05 1.34522e-05 0.828273 0.00958685 3.48753e-06 
0.000113532 0.00419237 0.000169331 0.000303463 3.07952e-06 0.00166286 0.00265672 9.37545e-07 5.17228e-06 0.00209234 0.000176876 0.000477212 3.9859e-07 0.00711584 2.84266e-06 6.07077e-06 1.47938e-06 0.978621 0.00239251 6.40152e-06 
0.00589557 0.0218575 0.00135849 0.00879539 0.0415911 0.0183829 0.0187874 4.36965e-05 3.81467e-06 1.64499e-05 0.000547556 2.11547e-09 0.00246355 0.171158 1.86032e-05 1.06519e-06 0.000415883 0.707908 0.0007523 2.8409e-06 
7.38098e-05 0.00341069 0.0372826 0.0444533 9.50429e-05 0.000537165 0.00781887 8.04487e-05 5.62993e-05 0.00405639 0.0410302 3.78468e-08 0.00201835 0.00491958 8.4651e-06 5.4957e-09 0.361818 0.486645 0.00569505 1.67914e-09 
0.00117486 0.000343978 0.000896537 0.0114814 0.000140104 0.228364 0.0379334 2.25402e-05 1.05844e-05 0.0417451 0.00129875 0.00347655 0.060552 0.000194433 0.0002663 1.47443e-06 1.21489e-06 0.576989 0.0343589 0.000749319 
0.00056037 0.027982 0.00246101 0.188619 6.81446e-07 0.00491626 0.00192433 0.000119369 0.000726741 0.00239725 0.0116998 1.7091e-06 0.0185465 0.0131243 0.000478215 0.000158916 7.20426e-05 0.723532 0.00255113 0.000128013 
0.0174977 0.0355496 0.037604 0.0319451 5.14894e-06 0.0669659 0.0437912 5.15113e-06 5.14675e-06 0.0679893 5.15141e-06 5.14414e-06 0.0499764 0.00463794 5.14917e-06 5.14585e-06 5.15056e-06 0.450289 0.193707 5.1455e-06 
0.000110714 0.000803932 0.0174092 0.00246601 0.000845834 0.0298762 0.352773 0.0152367 4.10341e-07 0.00104759 0.118025 3.90552e-06 0.0344386 1.37377e-07 0.00217089 5.81271e-09 0.00316024 0.393766 0.0277863 7.92898e-05 
0.00198197 0.0962063 0.00222569 0.00646788 0.000138164 0.064365 0.00681208 0.000392787 6.18084e-05 0.00105951 0.0123781 0.000509575 0.0125798 0.0125101 1.39083e-05 0.000766576 1.64335e-07 0.762282 0.0190948 0.000153675 
2.41963e-06 0.00160061 0.00326235 0.0235727 3.85888e-05 0.0143104 0.0657883 2.54082e-08 9.72547e-09 0.0074093 0.00287558 5.90466e-08 0.00100351 0.00456826 0.00271051 5.93661e-06 0.000154606 0.837123 0.0328375 0.00273641 
0.0146755 0.00163047 0.0186642 0.000552095 4.09594e-05 0.0259482 0.0602906 1.2867e-06 2.94711e-06 0.000745128 0.00138241 1.15921e-07 0.0146845 5.66899e-05 3.15365e-06 1.95078e-10 0.00424214 0.853796 0.0029525 0.000330703 
0.00299472 0.16245 0.0307944 0.0788146 0.00591764 0.0492425 0.0771131 0.0134826 0.00217406 0.0249803 0.0293048 0.000545971 0.0454947 0.0101674 0.00814984 0.000229026 0.00319062 0.375955 0.0772073 0.00179138 
4.45031e-06 0.00216204 0.00610892 0.0231878 4.42905e-06 0.0823538 0.101385 0.000101321 4.97161e-06 0.0361452 0.0287626 4.52225e-06 0.0355817 9.46008e-05 0.000336468 3.88153e-07 4.65493e-08 0.577023 0.10624 0.000497706 
1.62367e-08 0.0230562 0.000219498 0.0338081 0.000468441 0.00215883 0.0315432 2.03388e-05 6.63892e-06 6.78005e-05 2.21276e-05 4.44438e-08 0.00295941 0.00182783 0.0108094 1.4062e-08 8.1882e-08 0.892292 2.37663e-05 0.000716658 
4.48644e-07 0.0141727 0.000122155 0.0163763 0.00203569 7.56519e-08 0.0288188 0.00150878 2.7146e-06 8.94426e-07 0.163158 1.04787e-09 5.40777e-11 6.00842e-10 3.2995e-07 8.23636e-10 5.25314e-08 0.7729 0.000903088 8.68508e-10 
0.000335993 0.0094518 0.00631743 0.0175375 0.00570622 0.0457735 0.133433 0.000972112 1.99168e-05 0.00281411 0.0144629 3.30791e-08 0.0560988 0.000118772 0.00928108 4.02536e-07 2.69604e-05 0.558608 0.138954 8.82564e-05 
0.00036053 0.102087 0.00470108 0.0445004 9.9608e-05 0.024613 0.0424492 5.13644e-05 0.00207904 0.0195767 0.0665555 3.23283e-07 0.0344131 0.00243154 0.181039 0.000810521 6.68738e-05 0.392382 0.0817821 1.0476e-06 
7.38098e-05 0.00341069 0.0372826 0.0444533 9.50429e-05 0.000537165 0.00781887 8.04487e-05 5.62993e-05 0.00405639 0.0410302 3.78468e-08 0.00201835 0.00491958 8.4651e-06 5.4957e-09 0.361818 0.486645 0.00569505 1.67914e-09 
2.19317e-05 0.0554724 0.00537762 0.00307312 3.66132e-07 0.00897044 0.0393161 2.25644e-07 1.56703e-09 0.00111464 0.00256157 1.43694e-06 0.00134652 0.0228862 8.61231e-10 1.83924e-09 0.000106331 0.847411 0.0123399 3.69111e-08 
0.000674892 0.00367629 0.0159735 0.00899728 0.000112937 0.0404846 0.0922114 0.000328644 2.15929e-05 0.00150501 0.00695741 1.10338e-07 0.0283966 0.00149159 0.00374918 2.79673e-06 0.000126761 0.717746 0.0772206 0.00032335 
0.00036053 0.102087 0.00470108 0.0445004 9.9608e-05 0.024613 0.0424492 5.13644e-05 0.00207904 0.0195767 0.0665555 3.23283e-07 0.0344131 0.00243154 0.181039 0.000810521 6.68738e-05 0.392382 0.0817821 1.0476e-06 
0.00725804 0.0138607 0.00466714 0.0290101 0.0122592 0.0267753 0.071728 0.0168376 4.57392e-06 0.00421031 0.00974925 2.8208e-08 0.0376427 0.040518 0.0194549 3.37705e-06 0.064393 0.586268 0.0550371 0.000322565 
9.47574e-05 0.0298415 0.00115336 0.0078771 0.000528243 0.0217385 0.36671 0.000396186 0.000128076 0.00798157 0.00650885 4.57334e-06 0.00225527 0.00361984 0.00414585 7.35971e-05 2.41727e-05 0.536343 0.0105688 6.07039e-06 
4.76682e-07 0.000159089 0.000105033 0.0113282 0.000138857 3.39308e-05 0.000356422 0.000154346 7.30695e-11 4.39401e-05 0.000596047 5.61272e-11 0.000255374 1.97078e-08 3.67915e-09 5.52868e-06 7.9325e-09 0.986566 0.000254708 2.45299e-06 
4.05904e-05 0.0124948 0.0108879 0.0336672 0.000249681 0.115306 0.0684317 0.00673593 0.00267838 0.0031159 0.00933055 7.56088e-06 0.0308059 0.00224096 0.00169836 4.6627e-05 0.000320799 0.580538 0.119475 0.00192772 
4.76682e-07 0.000159089 0.000105033 0.0113282 0.000138857 3.39308e-05 0.000356422 0.000154346 7.30695e-11 4.39401e-05 0.000596047 5.61272e-11 0.000255374 1.97078e-08 3.67915e-09 5.52868e-06 7.9325e-09 0.986566 0.000254708 2.45299e-06 
3.56166e-05 0.00077352 0.000816373 0.0002454 0.000113977 0.0337915 0.0199051 5.92703e-09 7.51718e-08 4.98737e-05 0.000572859 9.12076e-11 0.00236168 5.07273e-07 5.55035e-05 7.16899e-11 2.88398e-06 0.921346 0.0199283 6.68754e-07 
0.000273982 0.00166433 0.0335246 0.0890645 0.00275081 0.00889107 0.157547 0.00137045 0.00279298 0.00442133 0.110604 0.000693206 0.133267 0.000302011 0.00323384 3.53165e-06 0.00679778 0.26478 0.177235 0.000783088 
5.559e-05 0.018555 0.0800682 0.0139745 0.0286492 0.120968 0.173328 0.000744255 1.80009e-07 0.000463726 0.0233326 1.65551e-05 0.00376851 8.86005e-05 0.000677548 0.000200913 5.14865e-08 0.52693 0.0079051 0.000273281 
4.76682e-07 0.000159089 0.000105033 0.0113282 0.000138857 3.39308e-05 0.000356422 0.000154346 7.30695e-11 4.39401e-05 0.000596047 5.61272e-11 0.000255374 1.97078e-08 3.67915e-09 5.52868e-06 7.9325e-09 0.986566 0.000254708 2.45299e-06 
0.00243208 0.0515192 0.011987 0.10121 5.87791e-05 0.180729 0.148053 3.02426e-05 4.99125e-05 0.181105 0.013271 0.000142653 0.0111589 0.000367944 0.000856929 3.13968e-07 9.11366e-05 0.186329 0.10471 0.00589721 
0.000279163 0.00515195 0.000678777 0.000184987 2.44729e-07 0.148097 0.0120014 1.79989e-05 4.11041e-07 0.0145937 0.010158 6.13791e-07 0.00535473 0.00907296 2.25907e-07 4.82444e-07 1.88377e-05 0.670928 0.123386 7.45849e-05 
5.66436e-05 0.150405 0.0348245 0.0370251 0.000241096 0.0296129 0.0403407 0.0785508 0.000154201 0.00115369 0.00779016 3.87975e-08 0.15296 0.00258685 0.00348178 1.17548e-05 0.000103392 0.423928 0.0350267 0.00174661 
0.00013457 0.016007 0.00133705 0.0185195 0.000778786 0.154878 0.0108311 0.00354439 1.99017e-05 0.0036543 0.00232207 0.00102605 0.0847793 0.0119321 0.00202907 2.37154e-06 2.66084e-05 0.639609 0.0485658 3.09612e-06 
0.00180709 0.0604105 0.221662 0.0124789 0.00456768 0.050693 0.0689249 0.00276736 4.83404e-06 0.00629363 0.00497987 0.0680643 0.00316869 2.11598e-06 0.00182901 5.96319e-09 2.94237e-05 0.434548 0.0577605 9.02238e-06 
0.000571724 0.0625218 0.0131 0.113073 0.00025546 0.0738378 0.0596771 0.00183794 0.000161898 0.0627201 0.0279477 0.000777755 0.0330911 0.00388642 0.0614076 5.37315e-05 3.16028e-06 0.349247 0.134646 0.00118255 
0.00302762 0.00310101 0.00670482 0.0338655 0.000371351 0.0203654 0.0700222 0.000267164 2.28029e-07 0.0206913 0.00150158 1.03549e-09 0.0155567 0.0157315 5.05632e-05 8.13906e-10 1.16274e-05 0.78325 0.0254813 4.63099e-07 
0.000352583 0.172099 0.0206642 0.103512 0.00289252 0.0227699 0.0359104 0.0404664 0.00497099 0.00316651 0.0337502 4.10554e-06 0.0773117 0.00312061 0.00378333 0.000105408 0.00480288 0.419426 0.0488752 0.00201496 
3.57604e-05 0.000752421 0.0142497 2.6033e-05 2.68683e-05 0.0270731 0.0991922 7.09038e-09 6.52693e-11 0.0012831 0.00210878 9.7464e-11 0.0124095 0.000500788 1.21761e-07 7.66074e-11 0.00452512 0.827332 0.0104847 1.61658e-07 
8.99398e-05 0.00152955 0.000612176 0.0122793 2.93031e-05 0.0245183 0.106262 0.000190283 9.31563e-06 0.00254807 0.0190589 3.78887e-11 0.0781108 6.76462e-07 0.0102655 7.52917e-07 1.45854e-06 0.588916 0.155087 0.000490967 
5.8007e-05 0.0105497 0.128851 0.034579 0.000384703 0.000418331 0.00608298 6.28044e-05 4.40494e-05 0.0031569 0.031915 2.89622e-07 0.0054066 0.00382905 6.69964e-06 4.2534e-08 0.281423 0.488802 0.00443029 1.28909e-08 
8.38087e-05 0.0336147 0.0118239 0.00780219 2.50137e-05 0.0213243 0.0372583 0.000115078 0.00046507 0.00175471 0.00949562 5.61136e-05 0.0168322 0.00714882 0.00105871 1.13586e-05 0.00899074 0.822238 0.0198428 5.84763e-05 
0.000302008 0.00670859 0.0535711 0.0276843 0.000456782 0.0461262 0.178319 0.00474147 0.00756488 0.00918252 0.0804434 2.41579e-05 0.0476812 0.00116136 0.00348371 3.45828e-05 0.0476514 0.346679 0.138181 3.66729e-06 
0.000456761 0.00116516 0.0258056 0.001183 3.59235e-05 0.0744537 0.127195 5.19694e-05 9.07609e-10 0.000987437 0.000923062 8.34056e-05 0.0168301 0.00115053 1.59137e-05 1.06527e-09 0.00591766 0.724195 0.0195239 2.60073e-05 
9.03534e-07 0.0318009 9.61935e-05 0.042584 0.000202596 0.0569593 0.0163323 0.00261326 0.000111421 0.00860366 0.00338953 1.38893e-07 0.0085341 0.00592819 0.00512726 8.63188e-06 0.00889399 0.787469 0.0210174 0.000326754 
5.57196e-06 0.134399 0.000215801 0.0808999 0.000134719 0.000124408 0.0436765 0.0786362 0.00301536 0.00154989 0.14874 0.000397449 0.0483778 0.00454662 0.00449884 0.000170979 6.17879e-05 0.33712 0.113429 1.26647e-07 
9.60261e-05 0.025228 0.0390665 0.00593727 1.96904e-05 0.0495543 0.15388 2.71915e-05 1.10607e-05 0.00268461 0.0121508 1.20364e-09 0.0783549 0.00464362 0.00528445 0.000656759 0.0089478 0.58555 0.0278846 2.1982e-05 
2.58459e-06 0.0338118 0.00127677 0.045173 6.19791e-08 0.130616 0.163518 0.00771362 0.000257689 0.00120275 0.00266237 2.9609e-05 0.0245529 0.00695072 0.00201922 1.22182e-07 1.40725e-05 0.547526 0.0326725 1.28839e-07 
5.75239e-05 0.0048932 0.0209859 0.00357103 1.37769e-07 0.0289095 0.16947 5.50762e-06 1.18181e-07 8.02474e-05 0.00110917 2.09704e-10 0.0140397 0.00050153 9.85321e-05 1.11001e-07 0.00452904 0.750098 0.00165033 2.23488e-07 
3.05579e-05 0.067877 0.100563 0.0640171 0.00800837 0.091998 0.0640844 0.000765755 2.96552e-05 0.0177544 0.0107886 0.00819462 0.0187967 0.0225625 0.0337729 1.13941e-06 9.96395e-05 0.316162 0.174489 5.06453e-06 
0.000370021 0.0108297 0.0665887 0.0680335 0.000260197 0.00340816 0.0195175 7.95055e-05 1.16288e-07 0.00985325 0.0427054 1.66399e-07 0.00564535 0.0106393 5.8014e-05 2.10918e-08 0.00480438 0.750416 0.00679071 7.40036e-09 
0.00234346 0.0211361 0.0223709 0.0325901 0.000469491 0.0330532 0.169816 0.000165211 0.00141236 0.0370487 0.0962699 1.31499e-05 0.0172319 0.00426102 8.8717e-05 9.62268e-06 0.00390765 0.312877 0.24225 0.00268496 
9.48377e-05 0.00455028 0.0588926 0.00324945 0.00122558 0.0114173 0.164939 0.000492555 6.65221e-07 0.0018971 0.0229858 0.00010429 0.195158 0.00458751 0.00318945 6.01366e-08 0.116492 0.375621 0.034524 0.000578574 
7.38098e-05 0.00341069 0.0372826 0.0444533 9.50429e-05 0.000537165 0.00781887 8.04487e-05 5.62993e-05 0.00405639 0.0410302 3.78468e-08 0.00201835 0.00491958 8.4651e-06 5.4957e-09 0.361818 0.486645 0.00569505 1.67914e-09 
5.51471e-07 0.00186186 0.28779 9.51698e-07 0.000600496 0.0199025 0.21762 9.5605e-07 6.41718e-10 2.42678e-05 0.0404739 3.0057e-08 0.0301376 5.17785e-07 0.00265921 1.57996e-08 1.84887e-05 0.379834 0.0172296 0.00184588 
0.00233782 0.0605561 0.0420177 0.0482041 9.35495e-07 9.35838e-07 0.0453933 9.35893e-07 9.35098e-07 0.0814107 0.105295 0.0140203 0.033603 0.144122 9.35537e-07 9.34934e-07 0.0472584 0.2833 0.091728 0.00074883 
5.81398e-09 0.0349691 0.0629014 0.0396165 0.00138437 0.052615 0.0054098 0.000165701 0.000132424 0.131947 0.0210565 5.72707e-06 0.0132003 2.00259e-06 2.35779e-09 3.2686e-07 6.16198e-07 0.612165 0.0244278 6.34854e-08 
3.12545e-07 0.00552962 0.0200998 0.00211763 6.74539e-05 0.0533337 0.110308 0.00255492 4.43952e-05 0.00833598 0.0126196 5.17395e-11 0.0346358 0.00197117 1.50833e-05 7.12352e-07 1.23824e-05 0.646825 0.101526 3.02184e-06 
7.38098e-05 0.00341069 0.0372826 0.0444533 9.50429e-05 0.000537165 0.00781887 8.04487e-05 5.62993e-05 0.00405639 0.0410302 3.78468e-08 0.00201835 0.00491958 8.4651e-06 5.4957e-09 0.361818 0.486645 0.00569505 1.67914e-09 
0.00609431 0.0121548 0.000613871 0.00264987 7.58193e-05 0.0369097 0.0233983 9.11978e-06 4.49198e-06 0.000587302 0.00366132 1.26731e-07 0.00720546 0.000216647 0.00715157 1.27549e-06 7.09108e-07 0.892877 0.00632247 6.61953e-05 
0.00889073 0.0181854 4.75394e-05 0.0578327 0.000718791 0.0438697 0.0433008 0.00141478 2.22333e-09 0.0146799 0.0111136 3.32001e-09 0.00615861 0.000129775 0.00284364 2.60955e-09 1.09593e-06 0.510878 0.279917 1.79077e-05 
0.000732199 0.00104038 0.000105641 0.251896 7.02714e-11 0.00106914 0.00972821 0.0216413 0.000882026 0.00454184 0.0105167 1.76244e-10 0.0129332 1.01057e-10 6.48667e-11 1.51342e-06 4.34431e-07 0.664827 0.0200839 3.73886e-08 
0.0143059 0.0243279 0.00369622 0.0536805 0.000118247 0.127474 0.0217177 0.00010616 8.39062e-05 0.0403752 0.00258135 2.57885e-05 0.193281 0.00160627 0.00187594 2.10563e-05 0.005594 0.48145 0.0276679 1.16934e-05 
7.38098e-05 0.00341069 0.0372826 0.0444533 9.50429e-05 0.000537165 0.00781887 8.04487e-05 5.62993e-05 0.00405639 0.0410302 3.78468e-08 0.00201835 0.00491958 8.4651e-06 5.4957e-09 0.361818 0.486645 0.00569505 1.67914e-09 
0.000147672 0.0241247 0.0125938 0.00827669 5.12907e-06 0.0157958 0.0643952 8.76082e-05 2.05256e-05 0.00187731 0.00590059 9.34726e-08 0.0392526 0.0153281 0.000220266 1.27068e-07 0.0135777 0.791308 0.00705119 3.7119e-05 
6.08824e-05 0.00558878 0.00352571 0.118993 6.74651e-12 0.00642633 0.0253388 0.000391432 0.00177254 0.0162836 0.0597518 9.85469e-08 0.00493455 0.0110273 5.77142e-05 1.12333e-08 0.0023771 0.704994 0.0384768 4.36947e-09 
0.0590644 0.0296133 0.0048072 0.0433609 0.0151151 0.0515245 0.0407611 0.0147916 3.23174e-06 0.0244221 0.00642756 1.43272e-09 0.0470542 0.0325706 0.00444092 1.34147e-06 0.0610952 0.525875 0.0376693 0.00140206 
0.000331572 0.0114444 0.0102367 0.0465258 0.000840099 0.073139 0.137311 0.0153432 0.00014068 0.0251043 0.00775069 3.20091e-09 0.0910769 7.84916e-06 0.00139566 1.57774e-07 4.37114e-06 0.425093 0.15425 4.58456e-06 
7.38098e-05 0.00341069 0.0372826 0.0444533 9.50429e-05 0.000537165 0.00781887 8.04487e-05 5.62993e-05 0.00405639 0.0410302 3.78468e-08 0.00201835 0.00491958 8.4651e-06 5.4957e-09 0.361818 0.486645 0.00569505 1.67914e-09 
1.6275e-06 0.00553433 0.00769278 0.00979111 2.40692e-06 0.0193813 0.270247 0.00138401 1.17242e-06 0.0126291 0.055458 2.80589e-08 0.025238 0.00101447 0.00341192 4.0987e-06 8.54389e-07 0.525412 0.0541871 0.00860874 
0.000245782 0.064017 0.161003 0.0505871 0.000956671 0.000211567 0.0767045 0.000381543 0.0238285 0.00235018 0.0437156 9.28401e-08 0.0203665 0.000364872 0.00110725 3.20326e-05 0.171544 0.23326 0.149284 3.99355e-05 
0.0368991 0.0496687 0.00590001 0.0342836 0.0105418 0.0463399 0.0998433 0.00799047 1.55143e-06 0.0310985 0.0867033 1.61018e-09 0.174595 0.0201443 0.0103447 4.02896e-05 0.0371811 0.286374 0.0613191 0.000731322 
1.19818e-05 0.00858058 0.0561455 0.0495491 2.23206e-05 0.00158225 0.00145861 7.52245e-06 0.019841 0.00024076 0.0337357 1.27102e-10 0.00610654 0.00351021 1.2277e-05 9.55377e-08 0.316909 0.498752 0.00352672 7.42631e-06 
0.0282738 0.0637111 0.000866472 0.157745 0.0255791 0.0384238 0.117166 0.000869567 1.05604e-05 0.00458182 0.0220085 0.0289827 0.017202 0.0185527 0.0133074 0.000109838 0.00168959 0.43854 0.0205186 0.00186031 
0.00021089 0.0031528 0.117745 0.0332202 0.00326621 0.0215531 0.172358 0.000665657 0.000295691 0.0615333 0.0248685 3.47545e-06 0.0619899 0.0162393 0.000481571 1.36902e-06 0.00925645 0.38902 0.080529 0.00360966 
4.48644e-07 0.0141727 0.000122155 0.0163763 0.00203569 7.56519e-08 0.0288188 0.00150878 2.7146e-06 8.94426e-07 0.163158 1.04787e-09 5.40777e-11 6.00842e-10 3.2995e-07 8.23636e-10 5.25314e-08 0.7729 0.000903088 8.68508e-10 
7.38098e-05 0.00341069 0.0372826 0.0444533 9.50429e-05 0.000537165 0.00781887 8.04487e-05 5.62993e-05 0.00405639 0.0410302 3.78468e-08 0.00201835 0.00491958 8.4651e-06 5.4957e-09 0.361818 0.486645 0.00569505 1.67914e-09 
1.94884e-05 0.00469387 0.0137255 1.12451e-06 6.28682e-06 0.178372 0.102147 4.24057e-07 2.25515e-08 0.00242767 0.000343013 3.36752e-08 0.0184445 0.0201647 0.000481087 2.6469e-08 0.0226969 0.611909 0.0245584 1.00341e-05 
0.000135293 0.0455495 0.0827927 0.0709801 0.000202544 0.00234261 0.00457741 0.000447085 0.0518505 0.00538473 0.137309 2.89911e-07 0.0692715 0.0153904 3.25103e-05 1.29245e-05 0.17591 0.250882 0.0869285 1.73232e-07 
0.0105208 0.0214082 0.0055319 0.015409 0.0100178 0.0278858 0.0624797 0.00200366 0.000131375 0.00309434 0.0273301 0.00130537 0.318868 0.000475436 0.0277619 6.17254e-05 0.00285881 0.402016 0.0604135 0.000426099 
1.25691e-05 0.0376453 0.0202844 0.00281344 5.45705e-05 0.126895 0.0891147 5.264e-05 0.00019931 0.00372133 0.0146043 4.03631e-07 0.0476904 0.00126529 0.00181117 0.00285171 0.00586299 0.603384 0.0416889 4.80194e-05 
0.00160865 0.00868376 0.0128134 0.0069091 3.10623e-05 0.0483828 0.142153 0.000282373 7.14113e-05 0.00174555 0.010771 4.16769e-06 0.111378 0.00235482 0.00668184 5.11234e-07 0.000376899 0.51259 0.132875 0.000286972 
1.18991e-05 0.00921371 0.0542882 0.052404 2.23553e-05 0.00147721 0.00134786 8.30399e-06 0.0261374 0.000269352 0.0301907 2.01973e-10 0.00629669 0.00374122 1.71384e-05 1.29328e-07 0.317563 0.493644 0.0031513 0.000215381 
7.38098e-05 0.00341069 0.0372826 0.0444533 9.50429e-05 0.000537165 0.00781887 8.04487e-05 5.62993e-05 0.00405639 0.0410302 3.78468e-08 0.00201835 0.00491958 8.4651e-06 5.4957e-09 0.361818 0.486645 0.00569505 1.67914e-09 
0.00940293 0.00162015 0.00292894 0.00672202 0.00024659 0.0125767 0.0785575 7.58157e-05 1.79108e-05 0.000142698 0.00323255 6.14361e-06 0.00165466 0.00721461 0.000450782 1.04012e-06 0.00146802 0.858358 0.0153197 3.37977e-06 
2.5697e-06 0.00948538 0.00507084 0.00416804 1.70808e-07 0.00403998 0.115972 1.33346e-07 9.46441e-10 0.0246288 0.00464559 0.000128948 0.00172152 0.018108 7.71389e-07 2.39594e-08 5.04176e-08 0.803909 0.0080973 2.17806e-05 
0.00418895 0.0198642 0.00828928 0.307402 0.00109075 0.0791425 0.0318798 0.00239934 9.21308e-05 0.069499 0.0589866 4.81829e-05 0.00921089 0.00580291 0.00633181 5.48424e-05 0.000709154 0.33453 0.0601893 0.000288605 
4.76682e-07 0.000159089 0.000105033 0.0113282 0.000138857 3.39308e-05 0.000356422 0.000154346 7.30695e-11 4.39401e-05 0.000596047 5.61272e-11 0.000255374 1.97078e-08 3.67915e-09 5.52868e-06 7.9325e-09 0.986566 0.000254708 2.45299e-06 
2.78059e-05 0.00574991 0.234997 0.123197 0.000168773 0.0394012 0.074066 3.19743e-05 1.73557e-05 0.0181205 0.0198475 0.0102815 0.0236693 0.0502123 0.0172098 4.03751e-07 0.000364247 0.316447 0.0659247 0.000265986 
0.000255886 0.0776936 0.0401819 0.0872367 0.00142841 0.0289432 0.0298922 0.0149078 0.000549321 0.00251486 0.0930551 1.67942e-08 0.0125266 0.013285 0.000229231 3.80793e-08 0.00246374 0.434238 0.160594 4.33795e-06 
3.23501e-05 0.0088942 0.000111194 0.0132416 3.53595e-10 0.0341885 0.179866 0.00383233 2.2025e-06 0.000591363 0.00691642 8.8683e-10 0.0836857 4.94562e-06 0.00206983 6.97056e-10 3.39974e-07 0.584046 0.0825152 2.10048e-06 
3.26491e-05 0.000538092 0.0017916 0.18343 0.00303133 0.00353931 0.0142192 0.0214734 2.1159e-05 0.000938826 0.0157339 4.4562e-08 0.00382516 3.76064e-06 6.18581e-06 4.37695e-06 8.09284e-06 0.736096 0.0153008 5.64711e-06 
0.00519994 0.0229821 0.00160912 0.0316912 0.00138721 0.0306105 0.20237 0.00117555 3.82328e-06 0.00376185 0.0330234 3.79221e-07 0.0875159 0.0069266 0.000564593 4.51098e-08 2.82184e-06 0.32313 0.24804 5.06983e-06 
0.00349274 0.0129449 0.0245755 0.0326096 0.00116476 0.0565392 0.0871505 0.0130427 1.42648e-05 0.0107867 0.0558325 0.00278189 0.0692899 0.000864835 0.00137167 3.8075e-07 0.00315951 0.532997 0.0907905 0.000591118 
4.76682e-07 0.000159089 0.000105033 0.0113282 0.000138857 3.39308e-05 0.000356422 0.000154346 7.30695e-11 4.39401e-05 0.000596047 5.61272e-11 0.000255374 1.97078e-08 3.67915e-09 5.52868e-06 7.9325e-09 0.986566 0.000254708 2.45299e-06 
7.38098e-05 0.00341069 0.0372826 0.0444533 9.50429e-05 0.000537165 0.00781887 8.04487e-05 5.62993e-05 0.00405639 0.0410302 3.78468e-08 0.00201835 0.00491958 8.4651e-06 5.4957e-09 0.361818 0.486645 0.00569505 1.67914e-09 
6.66385e-06 0.000181014 0.000431381 0.0115443 0.00251202 3.99047e-05 0.000486431 0.000195779 4.24735e-10 4.85555e-05 0.00110086 1.87881e-10 0.000348705 2.42854e-07 3.63891e-07 8.06301e-06 3.22736e-06 0.982786 0.000303614 2.9155e-06 
0.000314919 0.00988637 0.014508 0.00981814 0.000650399 0.215912 0.0468846 0.000686761 5.43417e-05 0.00702602 0.0152365 4.45334e-10 0.127301 0.000895689 0.00121372 8.83583e-08 3.50693e-05 0.508286 0.0408875 0.00040284 
0.000140171 0.0192805 0.111038 0.0587398 0.00201828 0.00654732 0.0412837 0.00250512 0.00414935 0.0185748 0.180094 3.02553e-05 0.0216083 0.00357847 0.00737186 5.22238e-06 0.174012 0.287379 0.0609891 0.000654429 
4.76682e-07 0.000159089 0.000105033 0.0113282 0.000138857 3.39308e-05 0.000356422 0.000154346 7.30695e-11 4.39401e-05 0.000596047 5.61272e-11 0.000255374 1.97078e-08 3.67915e-09 5.52868e-06 7.9325e-09 0.986566 0.000254708 2.45299e-06 
4.45031e-06 0.00216204 0.00610892 0.0231878 4.42905e-06 0.0823538 0.101385 0.000101321 4.97161e-06 0.0361452 0.0287626 4.52225e-06 0.0355817 9.46008e-05 0.000336468 3.88153e-07 4.65493e-08 0.577023 0.10624 0.000497706 
1.1446e-06 0.0557947 0.0363094 0.0227609 0.0415881 0.0431693 0.166535 5.1303e-07 2.14645e-09 0.0154161 0.00264355 8.11898e-07 0.00136813 0.0425874 1.17968e-09 1.26087e-06 6.13933e-10 0.560062 0.0116409 0.00012141 
9.03097e-05 0.0166898 0.0111542 0.00552135 7.90654e-05 0.0989076 0.0420275 5.25779e-05 0.00010082 0.00298785 0.00809479 1.081e-07 0.0379522 0.00788902 0.000302111 1.21567e-07 0.00675579 0.737792 0.0235763 2.69621e-05 
1.10731e-05 0.000535316 1.93097e-07 0.12168 3.61564e-07 9.89743e-07 1.85041e-07 0.000131721 1.16387e-09 0.0464246 0.000941476 8.86494e-10 2.74917e-05 1.09482e-07 1.28911e-11 4.50426e-08 6.70879e-12 0.830245 8.47003e-07 2.90299e-11 
1.97509e-06 0.00222402 0.0151726 0.0024995 0.0113733 0.00483782 0.0143462 0.000125215 2.30012e-08 0.000933327 0.099028 6.48135e-10 0.0214329 9.29474e-05 0.00280285 1.17634e-06 0.00436112 0.783998 0.036211 0.000558378 
2.00983e-05 0.00111303 0.025955 4.54541e-09 1.68888e-07 0.0508588 0.0713363 1.20066e-08 4.54558e-11 0.000180329 0.00506069 6.78773e-11 0.0173528 0.00120024 2.06352e-07 5.33521e-11 0.0108531 0.807766 0.00830342 2.73935e-07 
3.36886e-05 0.00014419 0.000461297 0.0657789 0.000149159 0.00435417 0.107101 0.000118231 2.50037e-08 0.00253191 0.00637628 8.99568e-11 0.00323856 0.00453458 8.4947e-05 1.97723e-07 0.000720038 0.781733 0.0226307 8.87074e-06 
0.00889073 0.0181854 4.75394e-05 0.0578327 0.000718791 0.0438697 0.0433008 0.00141478 2.22333e-09 0.0146799 0.0111136 3.32001e-09 0.00615861 0.000129775 0.00284364 2.60955e-09 1.09593e-06 0.510878 0.279917 1.79077e-05 
0.0212388 0.00131865 0.00152781 0.000884714 1.56645e-05 0.00805721 0.0217452 2.14352e-06 4.57946e-06 0.000728876 0.000312203 2.35013e-07 0.00368675 6.40239e-06 2.48319e-05 4.14412e-10 7.81775e-08 0.936956 0.00319087 0.000298752 
0.00119708 0.0921265 0.00528458 0.0077223 0.00155078 0.111102 0.0700408 2.62425e-07 1.5964e-09 0.00111473 0.0031375 1.67109e-06 0.00803762 0.0367916 5.27125e-05 1.87372e-09 0.000192001 0.629315 0.0323325 4.26544e-08 
0.0086321 0.0359912 0.00223468 0.152912 0.000498783 0.122862 0.184613 0.00809622 0.0632107 0.0338612 0.0102514 4.47276e-10 0.0840868 0.00216915 0.000153702 3.51563e-10 0.000161585 0.206666 0.0835984 3.0975e-07 
0.00333483 0.0171524 0.0101626 0.0474455 0.000198217 0.127034 0.139805 0.00251263 0.0194553 0.0141995 0.00862752 4.38155e-10 0.0578183 0.0106458 9.36771e-05 3.44393e-10 0.0115635 0.471087 0.0588459 1.86042e-05 
0.000367641 0.00215521 0.00441737 0.0152248 0.000192823 0.0823758 0.212916 0.00115621 6.39938e-05 0.0107688 0.0132884 4.55412e-07 0.0155827 0.000216784 0.000380715 1.99425e-07 0.00197166 0.530269 0.0694612 0.0391897 
0.000204382 0.0202906 0.00359261 0.00683887 0.000909204 0.0439356 0.207109 7.59971e-08 2.00577e-06 0.0643838 0.0784325 0.000271094 0.0975949 0.00593208 0.0025048 1.02595e-09 4.79074e-05 0.365183 0.102747 1.96572e-05 
0.000119086 0.0545008 0.0408145 0.0244536 0.00291164 0.045171 0.0345094 0.00864154 3.80598e-05 0.00768705 0.0237052 1.97988e-10 0.0622476 0.0322376 0.000117517 1.41722e-08 0.00111918 0.420269 0.241415 4.28822e-05 
1.19818e-05 0.00858058 0.0561455 0.0495491 2.23206e-05 0.00158225 0.00145861 7.52245e-06 0.019841 0.00024076 0.0337357 1.27102e-10 0.00610654 0.00351021 1.2277e-05 9.55377e-08 0.316909 0.498752 0.00352672 7.42631e-06 
0.00349274 0.0129449 0.0245755 0.0326096 0.00116476 0.0565392 0.0871505 0.0130427 1.42648e-05 0.0107867 0.0558325 0.00278189 0.0692899 0.000864835 0.00137167 3.8075e-07 0.00315951 0.532997 0.0907905 0.000591118 
7.38098e-05 0.00341069 0.0372826 0.0444533 9.50429e-05 0.000537165 0.00781887 8.04487e-05 5.62993e-05 0.00405639 0.0410302 3.78468e-08 0.00201835 0.00491958 8.4651e-06 5.4957e-09 0.361818 0.486645 0.00569505 1.67914e-09 
6.43201e-05 0.022658 0.00108846 0.0163756 0.0506456 0.000346342 0.0374485 0.00099925 2.22814e-06 7.34141e-07 0.402797 6.14818e-10 7.81023e-07 3.52532e-10 0.000124829 4.83252e-10 3.24924e-05 0.466513 0.000902888 5.0958e-10 
0.0127568 0.0695752 0.0413504 0.0326095 0.00856228 0.0492804 0.0740311 0.00603096 0.0137443 0.00780621 0.0821664 0.0048681 0.0507967 0.00719373 0.00369579 1.01947e-05 0.0004613 0.366867 0.168016 0.000177079 
0.000732199 0.00104038 0.000105641 0.251896 7.02714e-11 0.00106914 0.00972821 0.0216413 0.000882026 0.00454184 0.0105167 1.76244e-10 0.0129332 1.01057e-10 6.48667e-11 1.51342e-06 4.34431e-07 0.664827 0.0200839 3.73886e-08 
5.23274e-05 0.0807719 0.0218888 0.0539881 0.00063212 0.0164062 0.0111029 0.0487799 0.00208964 0.00189376 0.0281881 6.98009e-06 0.0600244 0.00264735 0.000741755 1.4011e-05 0.00243576 0.630013 0.0364744 0.00184869 
7.38098e-05 0.00341069 0.0372826 0.0444533 9.50429e-05 0.000537165 0.00781887 8.04487e-05 5.62993e-05 0.00405639 0.0410302 3.78468e-08 0.00201835 0.00491958 8.4651e-06 5.4957e-09 0.361818 0.486645 0.00569505 1.67914e-09 
0.00140485 0.00485025 0.0103974 0.00152598 4.02509e-06 0.103056 0.16772 6.21281e-05 4.60576e-05 0.000473741 0.00543586 2.50527e-08 0.170692 0.0187417 0.000164883 8.77889e-10 0.00703924 0.491569 0.0167053 0.000111105 
1.19818e-05 0.00858058 0.0561455 0.0495491 2.23206e-05 0.00158225 0.00145861 7.52245e-06 0.019841 0.00024076 0.0337357 1.27102e-10 0.00610654 0.00351021 1.2277e-05 9.55377e-08 0.316909 0.498752 0.00352672 7.42631e-06 
0.111252 0.170443 0.0225566 0.115916 0.00255505 0.0240907 0.023544 0.0237006 0.000230402 0.00455757 0.0907818 1.09249e-08 0.0126503 0.0161665 0.00030452 2.22945e-08 0.00112736 0.195821 0.184269 3.38598e-05 
6.77869e-05 0.00113247 0.0454861 0.0290703 4.66983e-07 0.263624 0.11944 3.33002e-08 0.00243005 0.00183777 0.0385319 1.27756e-09 0.00130674 7.32542e-10 5.70443e-07 1.00417e-09 4.79189e-05 0.478972 0.0180511 7.57642e-07 
4.76682e-07 0.000159089 0.000105033 0.0113282 0.000138857 3.39308e-05 0.000356422 0.000154346 7.30695e-11 4.39401e-05 0.000596047 5.61272e-11 0.000255374 1.97078e-08 3.67915e-09 5.52868e-06 7.9325e-09 0.986566 0.000254708 2.45299e-06 
7.38098e-05 0.00341069 0.0372826 0.0444533 9.50429e-05 0.000537165 0.00781887 8.04487e-05 5.62993e-05 0.00405639 0.0410302 3.78468e-08 0.00201835 0.00491958 8.4651e-06 5.4957e-09 0.361818 0.486645 0.00569505 1.67914e-09 
0.0114442 0.15132 0.0109396 0.0908189 0.00427501 0.0220335 0.00748032 0.0481158 0.00116629 0.01345 0.0335355 7.11838e-07 0.063545 0.00470556 0.000865175 1.25131e-05 0.000167006 0.490766 0.0448522 0.000507038 
2.29315e-05 0.00344347 3.38114e-05 0.000207277 2.42083e-08 0.0041095 0.00322808 6.08027e-11 5.77034e-06 0.00162165 7.84809e-05 5.00896e-10 0.00068744 0.000341302 3.55156e-05 3.01617e-07 2.28309e-07 0.983029 0.00315563 4.15158e-10 
5.81398e-09 0.0349691 0.0629014 0.0396165 0.00138437 0.052615 0.0054098 0.000165701 0.000132424 0.131947 0.0210565 5.72707e-06 0.0132003 2.00259e-06 2.35779e-09 3.2686e-07 6.16198e-07 0.612165 0.0244278 6.34854e-08 
1.43134e-05 0.00344879 0.00389405 0.000116639 0.000103867 0.298722 0.00920412 1.59445e-07 7.73265e-07 0.00213659 0.00528273 4.22986e-10 0.0111434 0.000703473 0.000150941 3.3247e-10 0.000124091 0.620884 0.0440697 3.68982e-07 
7.38098e-05 0.00341069 0.0372826 0.0444533 9.50429e-05 0.000537165 0.00781887 8.04487e-05 5.62993e-05 0.00405639 0.0410302 3.78468e-08 0.00201835 0.00491958 8.4651e-06 5.4957e-09 0.361818 0.486645 0.00569505 1.67914e-09 
9.09364e-05 0.0139997 0.0539174 0.0599136 3.93514e-05 0.00354276 0.00250355 0.000925034 0.0421704 0.000794888 0.0454598 1.31008e-11 0.0222969 0.00157348 1.74577e-05 3.8067e-09 0.35861 0.366336 0.0275491 0.000259871 
4.76682e-07 0.000159089 0.000105033 0.0113282 0.000138857 3.39308e-05 0.000356422 0.000154346 7.30695e-11 4.39401e-05 0.000596047 5.61272e-11 0.000255374 1.97078e-08 3.67915e-09 5.52868e-06 7.9325e-09 0.986566 0.000254708 2.45299e-06 
0.00347243 0.0109853 0.0194344 0.0316089 0.00171294 0.0628708 0.0978232 0.00841044 2.17436e-05 0.0249988 0.0473145 0.00216164 0.0570019 0.0018034 0.00281635 7.24436e-07 0.00245462 0.415947 0.208693 0.000468241 
0.000256697 0.0990092 0.0232028 0.0978418 5.92628e-05 0.000462363 0.0170545 0.0118867 0.000122953 0.00503973 0.0704453 0.000710188 0.0113575 0.00957865 0.000382114 0.00446791 0.289761 0.349083 0.00927786 8.63106e-09 
7.38098e-05 0.00341069 0.0372826 0.0444533 9.50429e-05 0.000537165 0.00781887 8.04487e-05 5.62993e-05 0.00405639 0.0410302 3.78468e-08 0.00201835 0.00491958 8.4651e-06 5.4957e-09 0.361818 0.486645 0.00569505 1.67914e-09 
1.69587e-06 0.0572448 0.00185925 0.00465043 3.85533e-06 0.261356 0.0294641 0.000624119 4.58046e-06 0.00225529 0.000752397 2.31654e-08 0.044068 0.00490233 0.00144473 1.08076e-06 7.56748e-06 0.571382 0.0198903 8.73941e-05 
9.48377e-05 0.00455028 0.0588926 0.00324945 0.00122558 0.0114173 0.164939 0.000492555 6.65221e-07 0.0018971 0.0229858 0.00010429 0.195158 0.00458751 0.00318945 6.01366e-08 0.116492 0.375621 0.034524 0.000578574 
1.10731e-05 0.000535316 1.93097e-07 0.12168 3.61564e-07 9.89743e-07 1.85041e-07 0.000131721 1.16387e-09 0.0464246 0.000941476 8.86494e-10 2.74917e-05 1.09482e-07 1.28911e-11 4.50426e-08 6.70879e-12 0.830245 8.47003e-07 2.90299e-11 
0.00119169 0.00288156 0.00520491 0.0152783 0.000234123 0.0531113 0.195747 2.71889e-05 2.51572e-05 0.00174329 0.0857443 1.08548e-06 0.0704019 0.00144433 0.00394363 1.18234e-06 0.000418653 0.322797 0.239522 0.000280968 
0.000519406 0.00730643 0.000640692 0.216065 0.000537981 0.00736405 0.0247474 0.0207375 1.5518e-09 0.0472621 0.165552 1.79773e-06 0.0378431 3.39214e-08 0.0207469 1.09541e-05 4.682e-06 0.413323 0.0373059 3.01633e-05 
9.0468e-08 0.133959 0.197157 0.116539 0.00193264 0.097929 0.0419704 0.0571125 1.63301e-07 0.00345367 0.0148486 1.73213e-10 0.0441935 0.00546698 0.000156374 7.71351e-06 4.24261e-05 0.200211 0.08502 1.38529e-07 
0.000169493 0.0042298 0.0379664 0.0390913 0.000114515 0.00557563 0.0314552 5.44335e-05 1.73282e-05 0.00651691 0.0177818 2.03141e-05 0.00188538 0.00582466 0.000808902 2.26214e-06 0.116355 0.713225 0.01817 0.000735552 
0.000525001 0.0174204 0.00191238 0.0185315 0.000898642 0.0360772 0.381857 0.000624573 9.26311e-05 0.00830866 0.0179855 0.00245017 0.0131669 0.00189713 0.00756313 3.48876e-05 1.88516e-05 0.44063 0.0497915 0.000214128 
0.000300789 0.0229704 0.00578294 0.00711364 0.000237543 0.0133321 0.00833348 5.48039e-06 4.59321e-06 0.00316238 0.00569301 5.15342e-11 0.00941068 0.00970045 2.55563e-05 4.05063e-11 0.00039169 0.890067 0.0234682 2.52411e-09 
0.000705833 0.0249564 0.0315733 0.00213448 4.32091e-06 0.229147 0.0753697 0.000150852 5.82799e-07 0.00398069 0.000730963 3.04317e-05 0.0918469 0.00302466 1.03165e-05 9.80486e-07 0.00516156 0.426045 0.105114 1.25726e-05 
0.000952919 0.0454661 0.0105437 0.00946615 0.00157431 0.0225526 0.0497651 7.68342e-05 0.00122951 0.00338193 0.105683 1.15192e-10 0.136138 0.00825855 0.0222537 1.2294e-05 0.0017313 0.498933 0.0819458 3.56161e-05 
0.00266944 0.0173438 0.112671 0.0488036 9.7258e-05 0.0555998 0.219549 0.00113866 0.0025749 0.077874 0.0763717 2.30302e-10 0.0472153 0.012431 1.70901e-05 2.75788e-07 1.18161e-07 0.237706 0.0857525 0.00218456 
8.99398e-05 0.00152955 0.000612176 0.0122793 2.93031e-05 0.0245183 0.106262 0.000190283 9.31563e-06 0.00254807 0.0190589 3.78887e-11 0.0781108 6.76462e-07 0.0102655 7.52917e-07 1.45854e-06 0.588916 0.155087 0.000490967 
0.000609727 0.123578 0.02642 0.0432134 0.000154008 0.16289 0.0928015 0.000325623 0.00354272 0.0235559 0.0101516 0.0135299 0.0321834 0.0458103 0.0137324 0.00160926 0.000282026 0.207375 0.198225 1.03355e-05 
0.0646152 0.0312864 0.00344257 0.0363448 0.0150657 0.0576077 0.039138 0.0145216 2.97218e-06 0.0126806 0.00619706 5.75454e-10 0.0569361 0.0382968 0.00267542 1.47843e-06 0.0677057 0.509023 0.0441926 0.000266012 
2.27888e-05 0.0019292 0.012632 0.0406222 4.72525e-07 0.0409364 0.221445 0.000689277 0.000172438 0.00453226 0.00622252 1.4093e-07 0.0306524 7.38177e-06 0.00315796 2.92816e-10 0.137431 0.497296 0.00224969 7.66466e-07 
4.22409e-05 0.000231834 0.00223364 0.0932405 0.000178336 0.0213248 0.169704 0.000167587 2.72223e-08 0.00692864 0.00598414 2.53765e-10 0.00747986 0.0112952 0.00144002 1.2301e-06 0.000551054 0.653356 0.0258285 1.2892e-05 
2.2364e-07 0.00562933 0.0147786 0.00196605 4.49777e-05 0.0931566 0.108245 0.00170334 2.96124e-05 0.0101742 0.00841317 5.10618e-11 0.0432672 0.00375305 1.00644e-05 4.77926e-07 8.25795e-06 0.615705 0.0931128 2.01874e-06 
0.000255742 0.00282502 0.00698248 1.40022e-05 6.44677e-07 0.0301723 0.00723791 7.98523e-09 0.000198378 1.17155e-07 0.00364148 6.59446e-11 0.00386196 0.00203909 3.50909e-05 5.18329e-11 0.000129992 0.913334 0.0292721 5.46569e-11 
1.72143e-05 0.00221991 0.0223209 0.0352225 0.000810325 0.0233307 0.183458 0.000229946 7.22855e-08 0.000496095 0.0312611 4.39092e-07 0.174251 0.000373145 0.109789 4.47089e-06 0.00036383 0.22805 0.187504 0.000297588 
0.000326966 0.00300391 0.135838 0.00950629 0.0187363 0.0638386 0.249543 0.0246635 7.98091e-05 0.00664064 0.0173742 3.23169e-06 0.0353531 0.0158694 0.000151032 3.29946e-06 0.00692828 0.357308 0.0547921 3.99723e-05 
7.38098e-05 0.00341069 0.0372826 0.0444533 9.50429e-05 0.000537165 0.00781887 8.04487e-05 5.62993e-05 0.00405639 0.0410302 3.78468e-08 0.00201835 0.00491958 8.4651e-06 5.4957e-09 0.361818 0.486645 0.00569505 1.67914e-09 
0.000331572 0.0114444 0.0102367 0.0465258 0.000840099 0.073139 0.137311 0.0153432 0.00014068 0.0251043 0.00775069 3.20091e-09 0.0910769 7.84916e-06 0.00139566 1.57774e-07 4.37114e-06 0.425093 0.15425 4.58456e-06 
3.67737e-05 0.0251363 0.0183997 0.00525488 3.86346e-05 0.10215 0.231322 1.21272e-05 2.5266e-09 0.018785 0.00973861 1.54826e-06 0.068921 0.0849275 0.0356636 2.96551e-09 0.0018335 0.331571 0.0661571 4.99312e-05 
6.82928e-08 0.0122938 0.0279864 0.0483885 3.81924e-05 0.0258807 0.125969 0.218275 3.48519e-05 0.0185372 0.00464115 7.52485e-08 0.00241237 0.00716052 1.18681e-05 5.91459e-08 1.44132e-08 0.502146 0.00615875 6.58229e-05 
0.000237849 0.0532427 0.00680719 0.0308568 0.000215709 1.17677e-05 0.284618 0.000108044 1.84752e-08 0.0140824 0.030183 1.67283e-06 0.0042186 0.0961304 2.10721e-06 7.68094e-07 3.16918e-06 0.466311 0.0123918 0.000576481 
4.48644e-07 0.0141727 0.000122155 0.0163763 0.00203569 7.56519e-08 0.0288188 0.00150878 2.7146e-06 8.94426e-07 0.163158 1.04787e-09 5.40777e-11 6.00842e-10 3.2995e-07 8.23636e-10 5.25314e-08 0.7729 0.000903088 8.68508e-10 
0.00036053 0.102087 0.00470108 0.0445004 9.9608e-05 0.024613 0.0424492 5.13644e-05 0.00207904 0.0195767 0.0665555 3.23283e-07 0.0344131 0.00243154 0.181039 0.000810521 6.68738e-05 0.392382 0.0817821 1.0476e-06 
0.135282 0.0713042 0.144496 0.0817264 0.00768394 0.00456595 0.0780506 0.00660539 1.85488e-05 0.00663417 0.0132641 9.95552e-07 0.0186379 0.000681065 0.00946208 0.00669438 0.000268738 0.403657 0.010962 4.18764e-06 
0.00200049 0.0414383 0.0168256 0.104664 0.00579788 0.0570776 0.140373 0.00381726 0.00473831 0.0278649 0.0363963 0.0180972 0.121777 0.0166567 0.00341201 0.00016455 0.000287218 0.24889 0.149595 0.000126739 
0.00356019 0.0168769 0.114404 0.0326969 0.162217 0.0279808 0.163677 0.00111001 2.31817e-05 0.00704796 0.0402785 3.76745e-06 0.0588724 0.00332666 0.0074269 3.05426e-05 0.00335167 0.262721 0.0917558 0.00263942 
0.00266944 0.0173438 0.112671 0.0488036 9.7258e-05 0.0555998 0.219549 0.00113866 0.0025749 0.077874 0.0763717 2.30302e-10 0.0472153 0.012431 1.70901e-05 2.75788e-07 1.18161e-07 0.237706 0.0857525 0.00218456 
