0.000227903 0.0924908 0.0015484 0.00422791 0.000190188 0.0129122 0.0868112 0.000146682 2.31602e-08 0.0151349 0.0259808 0.000239056 0.337048 0.00418945 0.00302301 1.0393e-08 4.97674e-06 0.000714984 0.415108 1.53135e-06 
8.67008e-05 0.0529623 0.0237055 0.0919854 0.00936631 0.0162475 0.139483 0.00563093 0.017211 0.0402578 0.068084 0.00371851 0.072409 0.00174495 0.0033043 0.000718559 0.00077697 0.0021362 0.450151 2.00683e-05 
0.000658966 0.0733626 0.00853253 0.0474734 0.0016871 0.0390884 0.0259484 0.0233491 0.00589278 0.0161497 0.1353 1.20436e-07 0.165557 0.00547806 0.00106561 2.77994e-05 1.76913e-05 0.00117308 0.446308 0.00292956 
9.68863e-06 0.0376097 0.032595 0.0305182 0.188471 0.0155215 0.0168111 0.0249501 1.46705e-05 0.00211073 0.169227 2.64444e-11 0.0738701 0.00377419 0.0081502 3.34789e-09 0.000324834 0.00144866 0.394294 0.000300425 
0.000935907 0.00669557 0.0132212 0.169007 0.00471136 0.0165 0.146318 0.0156907 5.67522e-08 0.00422886 0.180454 2.80851e-07 0.135365 0.000779499 0.000932779 6.49493e-07 2.27754e-05 0.076786 0.22832 2.99748e-05 
0.00256472 0.20215 0.0217581 0.0857361 0.00467473 0.00315542 0.0068942 0.0468749 0.00107298 0.00457415 0.193248 2.52575e-07 0.124639 0.014552 0.000837264 4.59605e-05 0.000248567 0.000201937 0.286772 7.25525e-08 
4.01894e-07 2.25654e-07 0.0172009 0.000687408 0.00119406 0.11297 0.0941508 2.35073e-07 1.37366e-07 0.00459236 0.127515 2.6345e-09 0.00594639 0.000973613 2.04026e-07 3.91176e-07 9.60571e-07 6.46633e-06 0.63476 5.03237e-07 
0.00179385 0.0152142 0.0156728 0.0234985 0.00460173 0.0906671 0.13387 0.00393635 4.83416e-06 0.0127461 0.00730837 1.35134e-07 0.0301442 0.0160409 0.0795758 4.35374e-05 2.25262e-05 0.000173203 0.564685 1.19126e-06 
0.000220533 0.123776 0.0344313 0.127085 0.000131381 0.070539 0.0687862 0.0257628 0.00783562 0.0363761 0.0335411 2.14101e-07 0.125237 0.000396714 0.00594455 9.83719e-07 4.43147e-07 0.00550043 0.334414 2.15564e-05 
0.000212293 0.244846 0.000356073 0.0464712 0.00148468 0.000910273 0.00885438 0.0233583 0.111601 0.0144391 0.147695 2.48576e-11 0.0775869 0.000552452 0.000752691 5.24288e-05 1.50286e-05 0.000386688 0.320103 0.000323203 
0.000815515 0.0110981 0.00178958 0.0104389 0.0116475 0.0133982 0.111816 0.00769601 1.04074e-06 0.00259599 0.216827 4.87858e-07 0.132714 0.000423078 0.0147478 2.3357e-05 6.92331e-06 0.000646842 0.46036 0.00295446 
0.000850488 0.166009 0.00203363 0.0437512 0.0416718 2.36454e-07 0.0269113 0.062286 2.36268e-07 0.00108782 0.236766 2.38509e-05 0.104199 2.36304e-07 0.0124101 0.000732536 0.00357052 0.00137041 0.296326 2.3621e-07 
8.62142e-07 0.00144714 0.00410837 0.170507 0.000673751 0.00378003 0.0148642 0.0615617 0.00101802 0.0128883 0.0778049 2.65998e-10 0.0307602 0.000950301 7.90276e-08 2.09077e-10 5.09498e-11 2.00184e-10 0.619052 0.000583763 
0.000635908 0.0310004 0.013642 0.0373778 0.00197808 0.00998105 0.0211732 0.0284763 0.019007 0.00664825 0.252003 5.87407e-05 0.280912 0.000339243 0.00171281 1.97235e-05 6.1215e-05 0.000953686 0.294016 3.81984e-06 
0.000148547 0.0446536 0.0102252 0.0798072 2.16949e-05 0.00810445 0.026497 0.0152951 0.00241809 0.0181476 0.174358 1.8592e-12 0.253197 0.000418871 0.00201066 2.24647e-05 0.00776087 0.000124637 0.35642 0.000368854 
9.6046e-11 0.0054414 9.6927e-05 0.00203515 0.00293895 0.143083 0.361832 1.28463e-11 7.08707e-11 0.000352231 0.00937972 5.59703e-07 0.0971611 0.000205561 0.00269992 1.72199e-07 2.02706e-11 9.35974e-08 0.374773 2.53075e-07 
0.000455305 0.0306143 0.00287175 0.105678 0.00229178 0.011596 0.0130121 0.116271 0.00196729 0.0123389 0.110504 0.00777592 0.265095 0.000682391 0.0051559 1.05527e-05 2.97668e-05 5.28013e-05 0.31359 6.28741e-06 
0.00365713 0.233026 0.0171432 0.130636 0.0191665 0.0893748 0.0537994 0.0318898 0.0018116 0.0166884 0.0530435 1.01703e-05 0.0753262 0.00816512 0.0112739 4.94375e-05 0.000132867 0.00134745 0.252717 0.00074175 
0.000115832 0.0276506 0.00082712 0.0235913 0.000104769 0.0433966 0.108708 0.00164949 3.0288e-07 0.0285024 0.0157306 1.42636e-10 0.178465 0.00537791 0.00341263 1.12113e-10 2.30456e-06 0.000100805 0.562353 1.11109e-05 
3.17679e-05 0.00745597 0.00431072 0.00333408 4.07645e-05 0.00928465 0.010466 0.000466797 0.000691875 0.0182144 0.370487 9.80218e-09 0.0386108 0.000158342 7.57917e-05 6.4637e-10 3.75844e-08 0.000107904 0.536079 0.000184073 
0.000269004 0.13843 0.0294283 0.0703773 0.00222856 0.0636434 0.139617 0.000422841 0.00159707 0.0314475 0.096915 9.81521e-06 0.0496683 0.00133687 0.00201611 0.000261221 0.00496512 0.000368158 0.318274 0.0487246 
0.000906348 0.0811507 0.025794 0.096108 0.0154826 0.0264794 0.0299516 0.0142556 8.42182e-05 0.153474 0.0595692 3.37158e-06 0.127646 0.00224329 0.00634133 1.22893e-05 6.20427e-05 0.00151723 0.358844 7.4572e-05 
0.000129833 0.00492683 0.0273087 0.114045 0.00114354 0.0191254 0.259293 0.0226184 1.8681e-05 0.00279815 0.166099 8.85065e-07 0.0750162 2.29588e-08 0.00099638 3.34002e-09 0.00826766 0.000166653 0.298034 1.03567e-05 
3.46103e-05 0.029637 0.000118507 0.0456073 2.36827e-05 0.0174052 0.0654489 0.00708535 0.00714887 0.0133072 0.336686 2.81746e-08 0.0585438 7.02434e-05 0.000830486 1.40129e-06 3.42107e-06 4.78669e-05 0.417999 6.3826e-07 
0.000216896 0.22297 0.202355 0.0278319 0.00161332 0.100825 0.0363195 0.0130227 0.0001069 0.00354109 0.0746952 4.21966e-07 0.0601715 0.00465192 0.00327101 0.00168297 0.000147862 0.000898033 0.244415 0.00126306 
0.000171589 0.00456001 0.00110144 0.00252352 1.22898e-05 0.347092 0.10402 1.11756e-06 2.23966e-08 0.0135338 0.00287738 3.3444e-08 0.124597 6.46816e-06 0.000355274 6.21907e-07 6.5664e-06 3.65557e-06 0.399137 2.77194e-08 
0.000333903 0.240824 0.0212515 0.0984271 0.0106246 0.00683681 0.0236718 0.0201003 0.00109974 0.00691843 0.0883149 4.33351e-05 0.145929 0.000785829 0.00389137 3.19633e-05 0.0176387 0.000175945 0.313091 1.02029e-05 
0.000415718 0.0312522 0.0025102 0.0134294 0.0065411 0.0234317 0.0725155 0.00160731 5.90216e-05 0.00732477 0.113604 1.69309e-05 0.273882 0.000904241 0.00144306 6.95615e-08 4.49752e-06 0.00220963 0.448587 0.000262541 
0.000236245 0.113096 0.00232996 0.017901 0.00206307 0.00327082 0.00315425 0.000297457 0.00595289 0.00342999 0.2665 3.2231e-11 0.157889 0.00404086 0.0013618 4.13772e-05 8.2981e-05 7.5132e-06 0.418343 2.4613e-06 
0.000630116 0.0668382 0.00557606 0.0329106 0.00239795 0.00998063 0.0276424 0.0355417 0.0279999 0.00676338 0.130826 1.73122e-05 0.209969 0.00135087 0.000876441 4.84265e-05 7.99097e-05 0.00261441 0.437685 0.000252146 
5.54126e-06 0.107331 0.00114917 0.0735015 0.000409414 4.43233e-05 0.0141245 1.90092e-05 3.82683e-07 0.0281214 0.0369466 4.34863e-06 0.260479 0.0130961 0.0379264 1.5803e-06 5.68493e-07 8.29226e-05 0.426733 2.34932e-05 
0.00068867 0.0114187 0.00967525 0.0321207 0.013 0.0173268 0.0478809 0.0341108 2.64134e-06 0.00640125 0.222955 6.00451e-08 0.245117 0.000306481 0.0670442 2.86043e-06 1.90651e-05 8.23273e-05 0.285636 0.00621081 
0.00402281 0.0495282 0.00251167 0.0612195 0.000279786 0.0449562 0.0589729 0.00169279 8.42774e-05 0.00583176 0.0342666 2.16639e-06 0.279144 0.0257843 0.00358827 2.50862e-06 9.64244e-05 1.98372e-05 0.427996 3.02411e-07 
0.000491519 0.0249569 0.0122518 0.0381621 0.00185286 0.0178925 0.112411 0.00570244 0.00427899 0.0118953 0.292374 0.00019374 0.138592 0.00186033 0.00646407 9.29473e-05 0.00166759 0.00252319 0.305716 0.0206215 
0.000232028 0.00587082 0.0715974 0.0192679 0.00641633 0.063724 0.0665849 0.0208292 3.11275e-11 0.00382614 0.0523818 9.77793e-07 0.327092 0.000807793 0.00662624 8.00945e-07 0.0110181 7.09127e-05 0.343578 7.46575e-05 
4.71958e-05 0.0469287 0.00381815 0.0057668 0.00888969 0.00646467 0.130805 0.0922453 0.000763422 0.00359012 0.189177 1.89371e-09 0.154922 0.000505514 0.000418979 5.30913e-07 2.93068e-05 5.20322e-05 0.354393 0.00118169 
0.000406864 0.107249 0.0334405 0.0243396 0.000191704 0.0463172 0.092005 0.000350166 0.000163081 0.00425514 0.0127684 1.46385e-05 0.115652 0.00197514 0.0133454 0.00133216 4.24964e-06 0.000796462 0.540787 0.004607 
0.00407964 0.0190141 0.0200659 0.143044 0.00486403 0.0215643 0.22418 0.028999 1.1364e-05 0.00696467 0.0763053 1.08398e-05 0.104723 0.000424535 0.0252586 1.59871e-05 0.00184014 0.00446685 0.314098 6.9502e-05 
0.00196524 0.0491383 0.0145807 0.123627 0.0373431 0.0436527 0.0958333 0.00617788 0.000388333 0.0211587 0.178362 7.57102e-05 0.109191 0.00257153 0.0488941 5.34088e-07 0.00151066 0.0128926 0.251604 0.0010334 
0.000822494 0.0669256 0.00770651 0.0424387 0.00546166 0.0492451 0.0193866 0.0617955 0.055471 0.00144982 0.0640429 3.59466e-10 0.267806 0.00884278 0.0421131 5.23025e-05 9.80286e-05 0.000244384 0.305782 0.000315492 
0.000562517 0.00356006 0.0230111 0.0587294 0.000322522 0.18621 0.0736687 0.000148756 1.82193e-07 0.0159251 0.0103371 6.22645e-11 0.293658 0.00107979 0.000828927 4.16734e-06 1.65991e-08 0.00290836 0.329043 2.2127e-06 
0.00140568 0.018535 0.00348069 0.0955148 0.0117206 0.0684289 0.0429123 0.161803 8.92292e-06 0.0124157 0.234384 7.01365e-10 0.0464013 0.00179707 0.00331183 2.21425e-05 2.89985e-05 0.000303612 0.297435 9.12255e-05 
0.000206573 0.00535799 0.0243058 0.00921373 0.0622591 0.00350402 0.0282646 0.00907921 0.000252553 0.000264705 0.272857 1.67231e-10 0.145362 2.26418e-06 0.000990011 2.82286e-05 0.000114357 0.000107389 0.43782 1.11032e-05 
0.000159758 0.101778 0.0109646 0.0177227 0.00144497 0.0188488 0.00977974 0.0187762 0.00605048 0.0146109 0.0819407 0.000266113 0.155299 0.00171701 0.00141346 0.000378448 0.000109213 6.02166e-05 0.558607 7.24528e-05 
6.04646e-05 0.00731963 2.78387e-05 0.00564306 0.000174274 0.177273 0.0660577 0.113542 3.71343e-08 0.00656443 0.0216667 5.54512e-08 0.0982535 0.000180639 0.00568443 4.3585e-08 2.20515e-05 0.000316091 0.497113 0.000100884 
0.00113379 0.0460044 0.0230846 0.028407 0.0188402 0.115563 0.108525 0.0092846 0.000513479 0.015998 0.140769 8.30388e-05 0.13131 0.00153161 0.0213593 2.09773e-05 0.00524965 0.0241558 0.304996 0.00317075 
0.00082621 0.0387976 0.027397 0.0547678 0.0331461 0.0481139 0.267759 0.0184704 4.72488e-05 0.0134943 0.0563468 1.43488e-05 0.120266 0.00321886 0.0207674 2.34762e-06 0.00324206 0.00127354 0.291736 0.000312795 
0.000698943 0.105333 0.00278139 0.0369352 0.000134114 0.00448273 0.000653544 0.0302709 0.0895336 0.0062679 0.0887382 2.39624e-13 0.31069 0.00068312 0.000604942 0.000263282 5.46299e-05 1.42795e-09 0.321874 1.10391e-06 
1.39491e-06 0.00498107 0.00117779 0.00345761 8.64594e-07 0.0453032 0.295779 0.00950188 1.23123e-06 0.000842022 0.00387542 2.6604e-06 0.26342 0.000232908 0.000348135 4.3079e-07 1.18627e-08 0.000146208 0.370895 3.38235e-05 
0.00107158 0.0230044 0.00997566 0.126694 0.000669219 0.00123544 0.0483523 0.0703423 0.00254828 0.00513465 0.0766012 7.11979e-08 0.192669 0.000212963 0.0735278 1.09974e-05 2.22488e-06 1.45373e-05 0.366991 0.000942216 
0.00803412 0.00350996 0.0119386 0.00129845 0.0083313 0.0144574 0.0782362 0.00176298 6.3362e-05 0.00504476 0.143883 5.60992e-06 0.273348 0.000278374 0.00241784 1.35623e-06 0.000987003 2.20676e-07 0.446402 3.36271e-08 
0.000491827 0.0161245 0.00142073 0.0252863 0.0160385 0.0103161 0.0563659 0.00113 2.19916e-05 0.0134827 0.0152417 7.88154e-06 0.00912073 5.77709e-05 0.00187258 2.36632e-06 7.15184e-06 9.18664e-07 0.832952 5.82853e-05 
6.50433e-06 0.000470401 0.000512753 0.0494198 9.52846e-05 0.000107428 0.308261 0.000420769 7.4235e-08 0.00102303 0.00530522 0.00514808 0.0365202 0.00192092 0.0011984 2.51582e-06 2.17767e-08 2.0107e-08 0.589334 0.000253566 
5.6786e-08 0.282145 0.00894599 0.0102073 3.28215e-12 7.10933e-08 0.00164415 9.69358e-09 8.21437e-08 0.000895278 0.0796967 8.23178e-12 0.115897 1.23198e-07 0.00680817 6.47024e-12 1.19847e-08 4.46105e-08 0.49376 6.82275e-12 
0.0115581 0.14432 0.00589336 0.0697243 0.00411636 0.0117305 0.0157942 0.0399814 0.00124751 0.00628406 0.0852047 0.174281 0.104537 0.00753529 0.000294279 4.74007e-05 0.00360429 0.000502472 0.313139 0.000205711 
0.00123755 0.00279877 0.000734963 0.0162781 0.00535987 0.0038357 0.0908666 0.0202644 1.01492e-05 0.00246385 0.241967 1.27065e-12 0.177461 1.09787e-05 0.0542877 2.6868e-06 3.41936e-05 0.000995597 0.38137 2.14216e-05 
0.000664351 0.00587606 0.000255441 0.0501276 0.000522457 0.0023991 0.0469917 0.0221986 0.000183232 0.0124376 0.0643936 4.20594e-11 0.336642 2.51009e-05 0.000641644 2.01131e-06 4.18416e-06 1.11364e-07 0.456626 9.59097e-06 
7.31031e-05 0.0253958 0.00153121 0.0650154 0.0305061 0.00668435 0.0147742 0.0169411 0.00828899 0.0167261 0.129418 3.09919e-11 0.23902 0.00155831 0.00730059 5.39846e-05 0.000111688 4.67606e-05 0.436555 1.05042e-07 
0.00373144 0.0871075 0.0114965 0.0350377 0.0414188 0.175052 0.0755953 0.0305516 4.68782e-06 0.00917223 0.0617402 6.97411e-06 0.0307165 0.0541351 0.00917623 2.44243e-05 0.00041789 0.00138916 0.372984 0.00024199 
9.56779e-05 0.0761941 0.0098393 0.0316319 0.00128425 0.0163142 0.0305972 0.0120364 0.00549644 0.00449035 0.0653559 0.0961891 0.272842 0.00553785 0.00290557 1.27493e-05 0.000882501 0.00191527 0.366155 0.000223926 
0.00121917 0.0647247 0.028532 0.0359283 0.0157635 0.0104936 0.0329932 0.0199336 0.0101777 0.00543842 0.282669 3.08612e-06 0.146461 0.00153852 0.00426924 7.99482e-05 0.002281 0.000720994 0.336356 0.000417744 
0.00105769 0.163032 0.020464 0.113187 0.000425224 0.0206943 0.059609 0.0312474 0.0114926 0.015956 0.0665681 0.00016189 0.204466 0.00691161 0.00435815 4.78871e-05 5.50432e-06 0.00227139 0.27783 0.000214614 
6.73991e-05 0.000321339 5.6891e-05 0.058484 0.00107836 0.000131388 0.115847 0.000107899 1.03504e-10 0.000908243 0.00757683 4.45395e-07 0.0474041 9.11174e-07 0.0475805 1.37796e-07 2.10608e-08 6.54975e-08 0.720435 1.28103e-10 
0.000170186 0.0111728 0.000117964 0.0142809 1.49434e-09 0.00282608 0.0419511 0.00519398 6.98221e-09 0.000850157 0.0184236 6.10974e-09 0.21972 1.70343e-09 1.71231e-05 6.25422e-07 1.25966e-09 2.993e-05 0.685227 1.79998e-05 
0.00865868 0.0136311 0.011436 0.0367651 0.00621814 0.0207464 0.0695913 0.0155115 0.00102128 0.0259823 0.29183 4.47861e-06 0.160433 0.00199029 0.0062536 5.96163e-06 2.04231e-05 0.00351534 0.325264 0.00112035 
3.4656e-06 0.0787716 0.0031686 0.0710497 0.00116935 0.0889024 0.00717739 0.00155514 9.78041e-07 0.141819 0.0106572 1.3359e-06 0.2129 2.18882e-05 0.0119954 2.68427e-06 9.65244e-05 0.00159294 0.369114 2.61685e-07 
0.000756796 0.0117884 0.0239523 0.040045 0.00050239 0.00556744 0.0793543 0.054831 0.0139505 0.00156139 0.198234 6.26244e-06 0.124421 0.00057354 0.000350795 8.23371e-06 4.63586e-06 0.000544788 0.443547 2.98995e-08 
1.28476e-05 0.00867855 0.000109218 0.0139437 0.000121645 0.233938 0.0132876 0.0133395 5.2894e-09 0.000359979 0.0107841 5.59703e-06 0.125441 0.000480326 0.00183234 6.20824e-09 0.000345728 0.0017129 0.57559 1.58758e-05 
6.45089e-06 0.0012289 0.00821631 0.0321921 0.000412748 9.24567e-08 0.082751 0.0630342 2.83089e-08 0.00406312 0.172928 3.43657e-07 0.0760013 5.99817e-06 0.00117207 2.31472e-06 0.211189 1.33828e-07 0.346794 1.87179e-06 
0.000399706 0.015151 0.00630097 0.0275209 0.00283733 0.019858 0.158201 0.0243764 0.000129509 0.0167777 0.153866 0.00070434 0.174145 6.25748e-05 0.0391766 7.43227e-07 2.33357e-05 0.00336658 0.357079 2.33215e-05 
2.69195e-05 0.0249714 0.0198291 0.0205617 0.00101256 0.20492 0.100706 0.00335087 0.000164141 0.00439558 0.0152107 2.33313e-05 0.190814 0.000877041 0.0213846 2.29154e-05 0.000254669 0.00586179 0.370156 0.0154572 
4.50526e-07 0.115345 2.88568e-07 0.169958 1.36919e-06 0.0623791 0.0618899 0.0353287 0.00575611 0.0816142 0.0365134 2.86253e-09 0.0321179 0.00172779 0.0133099 1.01174e-08 8.02498e-06 0.000341504 0.383708 6.18251e-07 
0.000130959 0.0844099 0.0018857 0.00917086 1.29523e-05 0.00402467 0.0216942 0.00283657 6.28038e-08 0.00937436 0.258321 1.67893e-11 0.0480134 7.2821e-08 0.0211105 1.55603e-08 8.20118e-05 7.37858e-05 0.538845 1.40049e-05 
0.000683098 0.0289769 0.00806704 0.13372 0.00108822 0.0936291 0.00634722 0.00389846 4.29823e-07 0.239224 0.00697835 5.87005e-07 0.114565 3.52553e-05 0.000399823 0.000173722 5.84419e-05 8.55773e-05 0.362069 2.07148e-10 
0.00161858 0.00539936 0.00110949 0.183547 0.0185548 0.00285753 0.0626704 0.00296926 8.00097e-05 0.00493358 0.182767 0.000134977 0.167585 7.48531e-05 0.0108458 5.56889e-06 1.82811e-05 0.00075379 0.352071 0.00200364 
0.000138358 0.176633 0.0504398 0.115555 0.0254666 0.0264693 0.024215 0.000249978 0.000895227 0.00767093 0.0887636 1.19179e-10 0.231619 0.00320042 0.00313117 0.00129574 0.000268462 1.0157e-05 0.243978 1.0362e-06 
0.000499727 0.119551 0.00962792 0.0682248 0.00148029 0.00322675 0.0232532 0.00275395 0.000320244 0.0062509 0.160074 1.57593e-09 0.173924 0.00293707 0.00413932 3.53765e-06 2.81256e-05 5.77262e-06 0.423647 5.18145e-05 
0.000455345 0.00894553 0.00340583 0.00679623 0.0031249 0.0727075 0.0612195 6.36746e-05 0.000183726 0.0284001 0.12989 7.79308e-11 0.0407714 6.52782e-05 0.00436301 1.33558e-05 2.39983e-05 2.02185e-05 0.639533 1.70658e-05 
0.000523814 0.0211146 0.0147914 0.0463602 0.013437 0.0463113 0.045464 0.0141678 0.00010575 0.00889991 0.252745 5.47181e-05 0.243053 0.000920284 0.00535755 0.000541604 4.89902e-05 0.00403808 0.282003 6.25374e-05 
0.000167889 0.0354873 0.00682617 0.0683677 0.00418425 0.0179438 0.0133033 0.0140389 0.00164359 0.00778011 0.142485 4.97927e-05 0.277173 0.000364507 0.00621285 1.34162e-05 0.00462275 0.00173314 0.397572 3.02866e-05 
0.0194555 0.0098498 0.0133834 0.0122234 0.000793994 0.00011824 0.302457 0.00596312 1.25602e-05 0.00513324 0.0714365 2.75151e-07 0.206482 4.8212e-05 0.00529942 2.44362e-05 1.8765e-06 4.2455e-05 0.345951 0.00132377 
0.0331064 0.0374351 0.0721107 0.0503672 0.0221736 0.0725783 0.12749 0.0305082 8.56813e-05 0.0155283 0.0870773 0.00173253 0.185365 0.0199523 0.00124003 1.70157e-05 0.00863183 0.000919724 0.218769 0.0149121 
8.67669e-09 0.00743919 0.0106252 0.0415694 3.92274e-07 0.00243661 0.00632703 5.80573e-05 1.34392e-05 6.50063e-05 0.443184 5.05334e-09 0.0168813 4.94809e-12 0.000171751 6.78284e-12 0.000155015 0.000474319 0.470595 4.45527e-06 
5.47435e-05 0.108262 0.00299149 0.0799135 1.68874e-05 0.0102623 0.0387706 0.000489433 9.91976e-06 0.0248666 0.0491297 7.56615e-12 0.21869 0.00616936 0.000366498 1.16828e-06 3.3688e-06 0.00036166 0.45963 1.09731e-05 
0.000353979 0.129272 0.0043482 0.0247831 0.000119491 0.000571078 0.00287921 0.000429602 0.00487742 0.00498789 0.232455 5.31177e-11 0.165164 0.00117554 0.000226517 4.9657e-06 5.02391e-06 5.88516e-05 0.428245 4.29078e-05 
0.00698197 0.194323 0.0100693 0.100737 7.07925e-05 4.53733e-06 3.25419e-06 0.00399769 0.000842741 7.06352e-06 0.00233843 1.56195e-07 0.00518024 0.324996 0.00307248 5.772e-07 0.000145333 5.30925e-05 0.346801 0.000375548 
5.35296e-05 0.118294 0.000286942 0.165737 2.95245e-06 0.00290546 0.00483543 0.0523916 8.84516e-05 0.0433007 0.0396534 0.000328532 0.10202 0.00154498 0.000670589 0.000960571 2.36109e-07 0.00770701 0.456425 0.00279297 
0.0734256 0.279582 0.0171996 0.119754 0.00290537 0.0240143 0.0700574 0.00951008 0.00191374 0.0137409 0.0335582 0.000252777 0.0421788 0.00614321 0.00361608 0.000115183 3.6459e-05 0.000500884 0.300543 0.00095315 
0.000224293 0.0127883 0.0138291 0.0329351 0.00039651 0.0181257 0.0180033 0.00270761 3.46173e-05 0.0139059 0.0539595 0.000273294 0.198437 0.00113376 0.00282318 6.53068e-05 0.000217048 0.0027793 0.627 0.000362174 
0.000449911 0.0187952 0.11815 0.0720307 0.0012496 0.0312743 0.132014 0.0175036 0.0026573 0.0215414 0.056447 0.000781022 0.109045 0.000517121 0.00100911 3.56644e-05 0.000377849 0.0045816 0.409859 0.00168067 
0.0010165 0.164761 0.000298457 0.0802958 9.51205e-06 0.0313265 0.031253 0.0169453 0.00141502 0.00908742 0.0186891 4.30054e-08 0.228257 0.0107074 0.000328455 1.75463e-06 2.6067e-05 0.000279915 0.405302 9.59889e-08 
0.0057056 0.0164489 0.00132462 0.0842847 2.21464e-05 0.1109 0.0354733 0.000122611 6.09539e-05 0.0388196 0.202953 2.57802e-11 0.0551687 0.00290525 4.52605e-05 8.1484e-07 6.27029e-06 0.00581544 0.438563 0.00137963 
0.000291046 0.0204778 0.0219392 0.0545769 0.000882484 0.028746 0.0576863 0.0167235 0.0140599 0.0171167 0.114655 2.08848e-05 0.171283 0.000527702 0.00607713 0.000391911 9.09685e-05 0.00240922 0.471879 0.000165396 
0.0363725 0.0122431 0.00161502 0.036908 2.24432e-05 0.00150503 0.000316879 0.0452944 0.00587407 0.0115879 0.127395 2.16173e-11 0.16972 9.28036e-05 5.84805e-05 3.22567e-08 2.44059e-07 3.13142e-05 0.550963 1.71533e-08 
1.51335e-05 0.0280887 0.000400915 0.0010562 0.283447 4.98079e-05 0.0174564 0.0120054 1.96275e-09 0.00893756 0.00197636 2.93089e-09 0.0625785 0.00799441 0.000233237 2.83581e-05 2.59258e-06 2.20572e-09 0.575725 4.48886e-06 
0.000575964 0.0688845 0.00782527 0.0531768 0.00102423 0.0316753 0.0439379 0.0220425 0.00860264 0.0351681 0.211534 0.000144785 0.1492 0.0024568 0.00368484 1.0888e-05 0.000778947 0.00165596 0.355704 0.00191633 
0.000169141 0.083028 0.012378 0.0309647 0.00483176 0.000604111 0.00177145 0.0270827 0.00678304 0.18412 0.103149 1.11701e-05 0.0632994 0.000345947 0.000587639 1.74662e-05 9.83811e-05 0.00032683 0.479547 0.00088379 
9.5236e-05 0.0189028 0.00172262 0.0715937 5.85306e-05 0.00320757 0.113381 0.0013332 6.79043e-06 0.0504801 0.291215 2.00904e-05 0.00484794 0.00360114 2.65993e-06 3.74502e-06 0.00817345 0.00780404 0.396459 0.0270908 
7.91051e-07 0.000539349 0.00249315 0.000588162 4.13369e-05 0.0550365 0.0862596 5.30245e-07 1.19385e-05 0.00585223 0.0958995 2.962e-10 0.160749 1.69839e-10 7.27925e-05 9.33572e-05 5.9145e-06 0.000349387 0.474613 0.117394 
9.1783e-05 0.027369 0.00562335 0.0467251 0.00224473 0.00698119 0.00635335 0.0079062 0.000128634 0.0353508 0.10027 0.000243251 0.135228 0.00136412 0.000411052 1.70569e-05 5.61183e-06 4.67233e-05 0.623407 0.000233875 
4.48616e-05 0.124511 0.273853 0.00695217 0.0001376 0.00609162 0.139573 4.5465e-05 0.00112344 0.0151051 0.0276118 7.93285e-07 0.0956818 0.0186399 0.000337046 4.33584e-05 0.00169483 0.000121437 0.288405 2.74146e-05 
7.09854e-05 0.148081 0.0082949 0.121281 0.00242383 0.00350043 0.00721313 0.00225409 0.00657476 0.0293889 0.202422 5.70784e-08 0.177278 0.000915098 0.00175344 2.99739e-05 0.000163779 0.000182224 0.288171 1.13538e-06 
0.000129541 0.0576824 0.0102508 0.0863302 0.00174497 0.0171378 0.00380023 0.00376337 0.000115141 0.0116753 0.0856947 0.000569216 0.177272 0.00384011 0.000886823 0.000131103 8.84786e-05 3.66495e-05 0.538851 3.51455e-07 
3.48138e-08 0.150858 3.77581e-08 0.199724 1.86498e-12 0.000682822 0.0137316 0.000559872 3.13237e-12 0.00273429 0.00442093 4.67744e-12 0.167369 8.48969e-05 0.000530899 6.25373e-09 0.000135008 3.52014e-12 0.459169 1.08589e-08 
0.00256472 0.20215 0.0217581 0.0857361 0.00467473 0.00315542 0.0068942 0.0468749 0.00107298 0.00457415 0.193248 2.52575e-07 0.124639 0.014552 0.000837264 4.59605e-05 0.000248567 0.000201937 0.286772 7.25525e-08 
0.00120969 0.0898147 0.000640755 0.318767 0.000288635 0.0147606 0.0113069 0.00167818 6.86646e-06 0.0104744 0.0569063 0.000646467 0.132835 0.00114286 0.000947833 6.04812e-05 5.24228e-06 0.0146952 0.343592 0.000220469 
0.0194732 0.0220249 0.000943949 0.0394951 0.00123561 0.0238223 0.185475 0.00228057 4.91076e-05 0.0058179 0.0268533 0.000137999 0.238337 0.000768682 0.00634429 2.80633e-05 1.71022e-05 0.0158871 0.410572 0.000436388 
0.000125503 0.0213664 0.00853524 0.0469948 0.000493299 0.0047524 0.11514 0.0839841 1.45106e-08 0.0080202 0.0969414 5.8775e-05 0.0928186 0.000397832 0.00135925 2.59781e-06 0.124246 0.00125148 0.392912 0.000600291 
0.000199731 0.0221652 0.0430105 0.0793505 0.000772376 0.0173546 0.00916795 0.00572685 0.00024302 0.0836803 0.0852635 2.84339e-06 0.213219 0.000337389 0.000518089 9.42415e-07 1.91235e-06 0.00436458 0.432124 0.00249617 
0.000114801 0.00209061 0.000255331 0.00684337 3.1234e-05 0.00264137 0.00827915 0.000598357 9.24636e-06 0.00196693 0.158998 3.415e-12 0.123101 3.20386e-05 2.34999e-05 3.13428e-07 2.97828e-07 8.37192e-05 0.694927 3.90388e-06 
9.09828e-07 0.00748855 1.32961e-11 6.87382e-06 2.71894e-11 0.00510225 0.11247 5.24392e-06 4.61232e-09 0.072598 0.01586 6.81921e-11 1.43235e-07 3.91009e-11 2.50982e-11 5.35995e-11 1.30617e-11 6.87739e-07 0.786467 5.65197e-11 
4.87845e-05 0.0121189 0.00566021 0.00942634 0.000115949 0.00065377 0.0112096 0.00260815 2.17289e-05 0.000961854 0.0632698 4.922e-08 0.114804 9.1337e-08 0.000226461 0.000105621 1.84524e-08 5.9992e-06 0.778763 3.65054e-09 
0.00499499 0.0799711 0.00672944 0.154432 0.00297398 0.0571193 0.0342809 0.0129095 3.38938e-05 0.0574721 0.0785788 0.0100723 0.15207 0.00159998 0.00451334 6.90283e-06 1.69877e-05 0.00319514 0.33195 0.00707959 
0.000182294 0.0530935 0.00841837 0.0244822 8.98626e-05 0.00453721 0.0141784 0.000830927 7.03816e-06 0.0168197 0.0172981 4.10489e-11 0.346907 6.25124e-07 1.05229e-07 8.18143e-07 1.50608e-07 4.80972e-08 0.513152 9.39534e-07 
6.31315e-05 0.0415651 0.0131228 0.127019 0.000359441 0.0224725 0.0175336 0.111592 0.00412245 0.0241949 0.0410539 9.61288e-12 0.24614 1.06854e-05 0.00199619 7.24608e-06 0.0142209 6.11656e-05 0.333728 0.000737235 
4.87845e-05 0.0121189 0.00566021 0.00942634 0.000115949 0.00065377 0.0112096 0.00260815 2.17289e-05 0.000961854 0.0632698 4.922e-08 0.114804 9.1337e-08 0.000226461 0.000105621 1.84524e-08 5.9992e-06 0.778763 3.65054e-09 
0.00242203 0.0113597 0.000823854 0.101993 0.0883783 0.0102247 0.0425629 0.00421348 0.00021398 0.0169359 0.214977 2.76207e-11 0.0763582 0.000734099 0.000575367 5.48266e-06 0.000228555 0.000839851 0.427127 2.6468e-05 
1.39491e-06 0.00498107 0.00117779 0.00345761 8.64594e-07 0.0453032 0.295779 0.00950188 1.23123e-06 0.000842022 0.00387542 2.6604e-06 0.26342 0.000232908 0.000348135 4.3079e-07 1.18627e-08 0.000146208 0.370895 3.38235e-05 
0.000381547 0.0576795 0.0200183 0.0574241 0.00473696 0.0401135 0.0369536 0.0159984 0.00108757 0.0198091 0.256071 2.86597e-05 0.180399 0.00106172 0.00571637 2.96371e-05 0.00241819 5.55335e-05 0.299907 0.000110197 
0.00125307 0.0405818 0.012603 0.0255434 7.30071e-05 0.000995909 0.007466 0.000204152 7.17973e-05 0.0382172 0.0776517 2.24768e-05 0.287218 0.00454741 0.000650086 3.70253e-05 7.41687e-05 0.00027471 0.501563 0.000951724 
4.87845e-05 0.0121189 0.00566021 0.00942634 0.000115949 0.00065377 0.0112096 0.00260815 2.17289e-05 0.000961854 0.0632698 4.922e-08 0.114804 9.1337e-08 0.000226461 0.000105621 1.84524e-08 5.9992e-06 0.778763 3.65054e-09 
1.69202e-06 0.00987639 0.0266419 0.0209163 0.00113583 0.000191144 0.0210185 0.000297234 0.000135847 0.000285149 0.136904 6.79461e-08 0.0923578 0.00114288 0.00941186 2.5574e-06 3.91507e-09 1.56019e-05 0.650644 0.0290214 
1.2522e-07 0.00083833 6.05221e-06 0.224938 2.83973e-09 0.000657832 0.240281 6.657e-05 0.000454118 0.0609946 0.0524418 1.37374e-08 0.000657936 5.98062e-08 0.00264339 2.40102e-08 2.78408e-06 2.8668e-07 0.412046 0.00397059 
4.76022e-06 0.00566094 0.000689509 0.0441771 2.24208e-08 0.000400126 0.0124117 0.0288104 0.00131225 0.05509 0.0118728 2.52306e-09 0.00647116 1.89886e-05 0.00973193 7.82146e-08 2.5902e-06 0.0474463 0.775899 2.09119e-09 
0.000355492 0.0166538 7.39018e-06 0.0271845 6.13165e-09 0.0107499 0.119427 4.93619e-07 1.02986e-08 0.00105412 0.0795003 6.50632e-06 0.0682921 0.0181293 2.85213e-06 1.20876e-08 1.88115e-07 2.04175e-05 0.658514 0.000101285 
3.49669e-08 0.006906 2.77501e-11 0.0381233 5.67465e-11 0.00357626 0.00234851 0.000163122 0.000602369 0.00754891 0.0104419 1.42323e-10 0.405805 1.76136e-06 5.88914e-06 1.11867e-10 2.72607e-11 1.07109e-10 0.524477 1.17961e-10 
4.82767e-05 0.0302989 0.00306765 0.0718599 0.000283635 0.00466302 0.00683885 0.0908296 0.000456456 0.0321135 0.0750117 0.000906608 0.11044 0.000510148 0.00014331 6.49136e-06 0.0036482 0.000102322 0.568617 0.000154451 
0.000833145 0.221153 0.0236101 0.0113557 4.5234e-05 0.181061 0.0990149 0.000113354 4.45012e-05 0.0232123 0.0206203 7.76538e-05 0.107619 0.00622717 0.000283539 4.21161e-07 0.0213298 0.00161964 0.260443 0.0213371 
5.98162e-05 0.0313136 0.0398983 0.00375758 1.04869e-05 0.0544274 0.0336694 8.48005e-05 0.000110101 0.00582342 0.154577 5.74551e-08 0.292824 3.73327e-05 0.000813136 2.09257e-06 0.00113912 0.00170654 0.379664 8.18538e-05 
3.31103e-05 0.0363671 0.0034576 0.0185131 0.000220183 0.00460958 0.00965016 0.0079144 0.00366978 0.00524434 0.00673748 4.04558e-07 0.400022 4.44167e-05 0.0154252 7.43595e-06 1.52689e-05 0.000121661 0.487947 5.98754e-08 
0.0243224 0.019457 0.0185645 0.13664 7.73816e-05 0.229288 0.0332158 0.000641966 0.0918313 0.0755421 0.0640606 5.00992e-09 0.0397759 0.0123489 0.000245197 0.000177783 9.18254e-05 1.07349e-06 0.253665 5.30591e-05 
0.00128005 0.0257535 0.00488913 0.0441364 0.00916691 0.00223036 0.183235 0.00191447 0.000123092 0.00142781 0.271124 1.42737e-07 0.045082 0.000352377 0.000875404 2.17976e-06 0.00196725 0.000749537 0.405546 0.000144108 
7.88174e-05 0.0169825 0.0158746 0.066202 0.000256107 0.168403 0.174263 0.00180238 0.00068096 0.0403871 0.0417895 0.0014727 0.169725 0.000735027 0.000450458 1.72387e-07 1.31411e-06 0.00485742 0.293666 0.00237218 
0.000815515 0.0110981 0.00178958 0.0104389 0.0116475 0.0133982 0.111816 0.00769601 1.04074e-06 0.00259599 0.216827 4.87858e-07 0.132714 0.000423078 0.0147478 2.3357e-05 6.92331e-06 0.000646842 0.46036 0.00295446 
0.00111432 0.112103 0.0236191 0.0446154 0.136508 0.0130101 0.0346454 0.0178234 0.0482374 0.0179774 0.137375 9.2769e-05 0.148814 0.0328676 0.000549525 0.000259876 0.00183892 0.00152959 0.222381 0.00463804 
5.47435e-05 0.108262 0.00299149 0.0799135 1.68874e-05 0.0102623 0.0387706 0.000489433 9.91976e-06 0.0248666 0.0491297 7.56615e-12 0.21869 0.00616936 0.000366498 1.16828e-06 3.3688e-06 0.00036166 0.45963 1.09731e-05 
0.106089 0.106409 0.000884193 0.208093 0.00497077 0.00379794 0.0368358 0.00647552 0.00555 0.00837993 0.0726437 1.42715e-08 0.104089 0.000977252 0.00221758 9.71878e-06 0.000108388 0.00538055 0.317466 0.00962347 
3.65233e-05 0.0384644 0.0111134 0.0175666 0.00472988 0.0133039 0.110189 0.0174991 0.000912588 0.0138333 0.0914145 2.32923e-05 0.236864 0.000486127 0.00158043 1.33552e-05 9.89528e-05 0.000132538 0.441708 3.01198e-05 
0.00145031 0.0619461 0.00910181 0.0273665 7.4948e-05 0.0159828 0.00524658 0.0503914 0.0163586 0.00236863 0.0149642 0.000132086 0.21276 0.0127888 0.00129178 0.000172809 7.30835e-05 0.000210668 0.567317 1.7548e-06 
0.00056792 0.0978339 0.00615358 0.180987 0.000928406 0.00316976 0.0154625 0.0052098 0.000198078 0.116292 0.173266 1.10193e-10 0.150556 0.00016884 0.0546857 0.00107732 5.03095e-05 0.000197245 0.193196 6.41831e-08 
0.00151978 0.115728 0.0253928 0.0389533 0.000178708 0.00802557 0.0129861 0.0061719 0.0327475 0.0190211 0.0559723 7.33402e-05 0.174048 0.000733353 0.00216061 9.43976e-06 1.44728e-05 0.0021654 0.472911 0.0311877 
0.0196793 0.0901342 0.0180705 0.0472896 0.000161171 0.00474293 0.0248356 0.0279958 0.00645461 0.112722 0.155233 0.004172 0.139187 0.00353932 0.022652 1.22973e-05 5.00614e-05 7.25545e-05 0.320691 0.00230474 
0.00671212 0.127055 0.0300497 0.0941805 0.00915791 0.014129 0.0540142 0.0159386 0.000608518 0.017706 0.121888 0.00045746 0.164762 0.00499997 0.0125785 3.54515e-05 0.0132862 0.0256939 0.286287 0.000460725 
0.000223048 0.0116827 0.269595 0.0241891 0.00946102 0.0847809 0.0460511 0.0177161 0.000312449 0.0374936 0.147785 0.00293372 0.0516666 0.000353238 0.000343195 2.2011e-05 0.0183062 0.00182959 0.274996 0.000258602 
0.000202368 0.00576643 0.00308766 0.0600989 0.00355085 0.00878522 0.0285888 0.0618058 0.00010178 0.00240413 0.0118541 2.45063e-11 0.182594 3.05283e-05 0.000232748 5.53988e-08 2.78623e-06 0.000603854 0.630235 5.53029e-05 
2.17011e-05 0.0367236 0.0227387 0.188911 0.000936176 0.0435671 0.0286533 0.0542888 0.000536296 0.0239826 0.0045592 0.0173904 0.047048 0.0254015 0.000214387 2.15288e-05 6.70087e-05 0.0109171 0.494019 2.59345e-06 
0.00109411 0.0239662 0.000712459 0.0336302 0.00205463 0.0116674 0.00225175 0.0638476 0.00247996 0.00269473 0.0484609 1.38573e-11 0.271014 0.000323573 0.000854763 3.12808e-08 4.277e-06 0.024294 0.51065 2.21992e-08 
9.20798e-06 0.189632 0.00586622 0.106591 0.000125323 0.0821798 0.0153544 0.00381848 9.35773e-09 0.0871744 0.0123632 0.000241172 0.13017 0.052096 0.0222761 3.40173e-05 0.000103493 0.00374369 0.288221 3.00633e-08 
0.00209939 0.0979476 0.00219458 0.127197 0.000205056 0.0116395 0.0123756 0.000623761 8.54134e-05 0.0166414 0.028936 0.00274596 0.182955 0.000999791 0.00149863 2.28819e-07 6.59971e-06 1.13115e-05 0.511757 8.05994e-05 
0.000881254 0.0848845 0.0026549 0.05282 0.00175763 0.0265763 0.0801739 0.0268798 7.87837e-08 0.00197749 0.125255 7.63472e-08 0.263134 1.69965e-05 0.00145434 1.10533e-08 7.8312e-07 0.0309217 0.300313 0.000298411 
0.00963051 0.00679968 0.0234319 0.251783 0.00170706 0.0175147 0.101974 0.0178939 1.84186e-05 0.0170115 0.136601 4.48871e-06 0.0139201 0.00604344 0.00468557 1.43512e-07 3.67837e-05 0.00965628 0.380867 0.000418936 
0.0242481 0.00915136 0.0072678 0.0141149 0.000755602 0.00392336 0.0185609 0.00472396 0.00407214 0.0037488 0.130556 9.53747e-08 0.195779 0.00103676 0.00196341 1.94381e-06 1.50707e-05 0.00186598 0.573996 0.00421894 
8.76016e-05 0.00467749 0.000622416 0.0607327 0.00483945 0.0017998 0.0450962 0.00673803 1.49884e-06 0.00585571 0.0556379 5.4618e-05 0.0761036 0.000466448 0.0520978 1.08732e-06 1.41912e-05 8.32607e-05 0.678482 0.00660783 
0.013063 0.0443588 0.0165093 0.100222 0.00283169 0.141775 0.0665227 0.00138172 8.23146e-06 0.0221415 0.0148906 0.000344315 0.182927 0.00133141 0.00509524 7.57855e-06 1.04966e-05 0.000573771 0.385997 6.9576e-06 
0.000771743 0.0243123 0.0558256 0.0928446 0.00150616 0.0443579 0.0729765 0.0561524 0.000160355 0.0681026 0.140092 0.00148299 0.0579775 0.0121023 0.00124547 0.000147846 0.00320334 0.000736938 0.364705 0.00129711 
0.00056539 0.0445064 0.00188737 0.150378 0.00191139 0.0184138 0.0143387 0.00203068 0.00120939 0.0949389 0.048862 1.1675e-06 0.162856 0.00217894 0.000588084 2.50423e-07 5.74902e-07 0.0017025 0.450534 0.00309656 
0.000174557 0.0307059 0.0222694 0.0383857 0.000847191 0.024453 0.193012 0.0161907 0.000201598 0.00861491 0.0255798 6.5122e-09 0.270561 0.000232841 0.00107612 3.44469e-05 0.000339565 0.000214265 0.367106 1.543e-06 
0.000375172 0.00608039 0.00190051 0.0354853 0.00154842 0.0254909 0.0757477 0.00250305 2.10251e-05 0.0146775 0.0546912 0.000149081 0.124178 0.00151637 0.057075 1.99425e-05 0.00277285 4.8521e-05 0.595566 0.000152223 
5.47435e-05 0.108262 0.00299149 0.0799135 1.68874e-05 0.0102623 0.0387706 0.000489433 9.91976e-06 0.0248666 0.0491297 7.56615e-12 0.21869 0.00616936 0.000366498 1.16828e-06 3.3688e-06 0.00036166 0.45963 1.09731e-05 
0.000106154 0.189982 3.96655e-06 0.0152715 0.00310548 0.0530044 0.0162391 9.66623e-05 0.000133148 0.0136478 0.0826055 1.78265e-06 0.202774 0.0069221 0.0152621 9.64535e-07 0.000281648 0.00108926 0.399036 0.000436574 
0.00047504 0.0507295 0.0142287 0.101966 0.00185926 0.00152694 0.0110328 0.0155817 0.000141376 0.024095 0.118502 1.41066e-09 0.165438 0.00123776 0.000741792 3.95317e-06 5.00342e-05 1.39228e-05 0.492348 2.87684e-05 
0.000235731 0.0859308 0.0112171 0.0257265 0.00144413 0.00960131 0.00712624 0.0153093 0.0114463 0.00455956 0.0669746 0.000161219 0.218508 0.00340155 0.000589509 0.000312182 7.19808e-05 0.00047903 0.536903 1.99032e-06 
0.000157881 0.0340639 0.0128232 0.107055 0.00174405 0.0231125 0.072978 0.0238485 0.00578259 0.00717669 0.0819263 0.000421441 0.126419 0.00799306 0.00551189 2.71331e-05 5.42902e-05 0.00235673 0.473498 0.0130495 
7.14951e-05 0.0322926 0.00451908 0.028199 0.00260418 0.186702 0.235216 0.0145879 0.000328816 0.0370344 0.111702 6.54759e-05 0.102948 0.00199512 0.00295882 2.80437e-07 4.58208e-06 0.000825844 0.237905 4.02863e-05 
0.00610941 0.0442546 0.0182032 0.131819 0.000333892 0.0468054 0.0569252 0.0049222 0.0122992 0.0205674 0.0278599 5.90819e-07 0.10429 0.00484879 0.00489804 0.000386675 1.06301e-06 0.00546233 0.509954 5.92532e-05 
0.000168945 0.0755946 0.00147959 0.0101278 3.04305e-09 2.18436e-05 2.50692e-05 0.000231712 0.000217123 0.000522268 0.22066 2.42571e-12 0.200825 4.13506e-05 1.6691e-08 1.71455e-07 1.59515e-06 4.32372e-09 0.490076 6.90113e-06 
0.000142459 0.189547 0.00825912 0.013826 5.74062e-09 0.0230815 0.00946152 0.00352715 0.000107492 0.00555781 0.0937556 0.00098247 0.215883 0.00687098 0.00253385 1.9535e-05 1.28064e-05 0.000332734 0.426087 1.20246e-05 
6.16723e-08 0.039852 0.000245822 0.00155918 3.95382e-05 6.53559e-08 0.2021 0.171912 9.29217e-06 0.00367249 0.238232 1.31722e-11 6.37644e-07 1.06778e-07 8.518e-05 0.000225465 1.06761e-07 3.78845e-08 0.342002 6.37073e-05 
0.000302414 0.0538269 0.00123799 0.00637842 4.1785e-09 0.000178997 0.00190409 0.000139051 0.000130329 0.000849621 0.212214 6.43954e-12 0.222407 2.48316e-05 0.000284791 1.04661e-07 9.67084e-06 2.97619e-05 0.500077 4.1497e-06 
0.00956968 0.0418458 0.000293875 0.0741829 3.31121e-06 0.00863093 0.0787361 0.00228065 1.55944e-05 0.115132 0.175863 1.31213e-06 0.0911325 0.00274962 0.000593014 5.9247e-06 1.53239e-06 0.00124822 0.396832 0.000881757 
0.00255218 0.00744189 1.11038e-06 0.00422146 1.11004e-06 0.00999513 0.0680776 1.11051e-06 1.10957e-06 0.00433142 0.31507 1.109e-06 0.17337 1.10974e-06 1.11009e-06 1.10937e-06 1.11039e-06 1.10943e-06 0.412488 0.00244157 
0.0016054 0.0655096 0.00680542 0.0547918 0.00268521 0.0558951 0.150149 0.00395448 0.000127276 0.0105332 0.159336 1.64308e-05 0.0744937 0.000750019 0.0333021 0.014471 0.000414522 0.00324311 0.359293 0.00262333 
4.69207e-05 0.0184484 0.00244461 0.026002 0.000797281 0.149283 0.0828495 0.00710936 0.00136386 0.0115999 0.0614632 3.30943e-08 0.174595 0.00875574 0.00490433 0.000173358 1.17755e-05 0.00118048 0.448947 2.51968e-05 
0.00119266 0.0183295 0.0105576 0.0741308 0.000661926 0.0320114 0.067176 0.0585796 0.00199866 0.0589541 0.17506 9.36772e-06 0.210772 0.00518013 0.00120413 2.56332e-06 0.00842778 0.00119204 0.271372 0.00318787 
2.25165e-05 0.00777639 0.00334841 0.0305895 0.00101231 0.00285548 0.00479014 0.000111447 1.51355e-05 0.238535 0.24464 4.60295e-12 0.0944109 7.40939e-05 0.000166847 8.97984e-06 9.6056e-06 3.12242e-05 0.371602 4.67034e-08 
0.000306013 0.0850354 0.00669067 0.173868 0.00175083 0.0108289 0.0545134 0.00645048 0.00259258 0.0198131 0.0491679 0.000277996 0.122969 0.000359173 0.000383577 1.94859e-06 6.90493e-05 0.00582052 0.271198 0.187903 
8.45615e-07 0.00100289 0.00216083 0.0388819 0.000119355 0.0431591 0.0869143 0.0782862 8.80954e-08 0.00912676 0.0800813 1.74693e-06 0.0446747 2.51799e-07 0.000612271 1.33659e-07 1.16701e-08 6.04493e-05 0.614912 4.69778e-06 
0.000288836 0.0615643 0.0433609 0.0484754 0.00378559 0.077164 0.0964394 0.00438407 0.000150032 0.0167205 0.264836 1.17938e-06 0.0872994 0.00779479 0.00150459 2.55227e-06 7.28939e-05 0.000132933 0.285911 0.000111543 
0.0019983 0.285351 0.0317069 0.106634 3.54344e-06 0.00343759 0.0184845 0.00376027 0.000574521 0.0108199 0.0537855 7.12318e-05 0.0453097 0.00766009 0.000377848 3.17049e-09 3.40453e-05 0.000134779 0.428854 0.00100296 
0.00361596 0.112533 0.0210847 0.0399198 0.0526128 0.0685165 0.0455285 0.00808226 5.46039e-06 0.00416623 0.208908 7.67122e-05 0.0923622 0.00106223 0.0063797 3.68999e-05 0.0758136 0.00644067 0.252641 0.000214048 
0.000118373 0.0231405 0.00274607 0.0773127 0.00298758 0.00462473 0.0075575 0.0169324 0.000655388 0.0105798 0.0395759 0.02737 0.36575 0.00121255 0.00899664 1.57788e-05 1.52502e-05 4.96773e-06 0.410395 9.61814e-06 
0.00321639 0.207516 0.00556749 0.0661764 0.00644259 0.0161054 0.0553593 0.00539874 4.17901e-05 0.00504382 0.148886 6.91928e-11 0.0617731 0.000736562 0.00163683 9.4152e-08 9.7684e-05 0.00190807 0.413777 0.000317514 
3.05665e-05 0.0510577 0.159384 0.0612201 0.0147284 0.0236916 0.0189315 0.00396991 2.16333e-06 0.00409519 0.0632383 0.0614825 0.186347 0.0165102 0.0116131 1.16141e-06 8.44147e-05 0.0102966 0.311521 0.00179484 
0.000270051 0.0464319 0.0763416 0.0751718 0.0116863 0.0489948 0.0634454 0.00250637 1.05243e-05 0.00344153 0.0672996 0.0218797 0.0612576 0.00786822 0.0270122 1.66358e-06 5.81315e-05 0.0198098 0.465354 0.00115845 
0.00404253 0.0200289 0.0162517 0.0320541 0.00139192 0.0330574 0.1895 0.00828112 0.00144251 0.00718458 0.115262 0.00189344 0.109532 0.000795553 0.0138196 0.000117839 0.000838281 0.0223943 0.421246 0.00086579 
