1.20377e-06 0.00314876 0.00414251 0.18767 1.15974e-09 0.000184437 0.042202 5.91682e-05 0.000937402 0.0171072 1.36691e-06 0.000361648 2.32915e-05 1.66782e-09 4.83171e-05 2.28625e-09 5.63524e-06 6.79362e-06 0.0269513 0.717149 
0.00381389 0.0174656 0.00335699 0.000460582 0.000674584 0.00310833 0.00248811 0.000183403 0.000253144 0.0269079 0.00212002 0.024101 0.00943804 0.0208898 0.00110011 2.05631e-06 5.01102e-07 0.00296584 0.0131067 0.867563 
0.000363074 0.0354409 0.0129636 0.175309 1.29323e-06 0.0200534 0.00704485 0.0303339 0.000504845 0.0580132 0.00691254 1.82568e-06 0.00518477 0.0126895 0.000357134 1.24267e-07 5.30126e-08 8.60638e-06 0.0144899 0.620328 
2.86318e-06 0.0486219 0.00452807 0.0204077 8.38176e-06 0.0399436 0.23563 1.08646e-06 0.012602 0.079831 0.00349601 3.59214e-08 1.62256e-05 1.97681e-05 8.13735e-07 2.82345e-08 5.18879e-08 9.03385e-06 0.0271765 0.527704 
0.000368307 0.0731886 0.00130559 0.0258712 0.000480731 0.0362272 0.103858 0.000159049 6.97945e-10 0.00246104 0.00488814 1.04221e-09 0.245466 0.000109428 0.128128 2.69345e-06 1.99628e-10 4.26089e-05 0.0347336 0.34271 
2.20536e-06 0.00505055 0.00453883 0.0165901 0.0226057 0.229122 0.0250868 0.0142322 1.6273e-06 0.00712863 0.00553167 2.42998e-06 0.0398828 0.00162762 0.00023956 2.18435e-05 3.85166e-05 0.000647112 0.217112 0.410538 
0.00658266 0.000113436 1.7289e-05 0.0522104 0.000209793 0.0162089 0.162002 0.00328767 4.94773e-05 6.9603e-05 0.0185434 2.10016e-07 3.63401e-05 8.06976e-05 0.000119396 1.27184e-06 1.41285e-05 0.000588095 0.0228389 0.717027 
4.36457e-05 0.0369233 0.00372293 0.0727027 0.00773184 0.0056239 0.165507 0.000599058 8.44127e-05 0.024731 0.179561 0.122905 0.0229905 0.0766603 0.00137796 2.17276e-05 0.00219075 0.00373639 0.068082 0.204804 
0.000343473 0.0533355 0.118452 0.15128 0.014241 0.0713959 0.134072 0.014045 0.000120692 0.0104429 0.0452355 3.26821e-05 0.0781493 0.00612015 0.00203176 0.000131077 0.00018865 0.0213765 0.0715741 0.207432 
1.77078e-06 0.00437912 6.57663e-05 9.01313e-05 5.62531e-06 0.00042204 6.26523e-05 5.91593e-07 2.4026e-06 4.83112e-05 0.000269013 9.07071e-06 0.000445949 0.00293695 4.00696e-06 1.53361e-06 4.63288e-07 2.18847e-05 0.000578968 0.990654 
7.73924e-06 0.0347998 2.6148e-05 0.0128373 6.80886e-07 0.0258482 0.0158175 6.83572e-06 3.55496e-06 0.0148993 0.0434919 5.71234e-10 0.0655123 0.00685905 3.00616e-06 0.000597199 1.09415e-10 4.7693e-06 9.69539e-06 0.779275 
0.00367993 0.0519592 0.00106545 0.108975 0.00131625 0.023692 0.117829 0.0165984 4.51845e-05 0.00128362 0.228302 9.80101e-06 0.0620359 0.018924 0.0129611 8.32349e-07 1.02925e-05 0.00744485 0.0559725 0.287895 
3.03799e-06 0.000934874 7.29197e-06 8.47793e-05 0.000573826 1.21256e-05 1.19983e-05 4.06334e-07 2.24168e-06 0.000118752 1.86395e-05 3.34741e-06 0.00060943 0.00881594 1.23202e-06 5.30753e-06 2.87736e-06 0.000121864 1.50925e-05 0.988657 
3.96805e-05 0.00646356 0.0460001 0.0756119 1.84319e-05 0.26172 0.0337909 0.00939714 2.09043e-06 0.0444049 0.178129 4.17344e-07 0.00831591 0.0112588 7.44583e-05 8.71957e-07 1.413e-05 0.000198482 0.0379991 0.28656 
4.4673e-07 0.0096398 2.84118e-05 0.00119161 2.8259e-06 0.000718371 2.57317e-05 2.87458e-07 0.00038681 4.16523e-05 0.0307185 7.85467e-07 0.000244216 8.60532e-05 1.18044e-06 4.99099e-08 2.22676e-08 9.26187e-06 0.00270199 0.954202 
2.08717e-09 0.000129082 0.000125074 0.307761 1.50983e-05 0.00134883 0.265088 0.00187964 3.41502e-06 0.0883539 0.000860859 1.3621e-05 0.00144653 0.00049961 6.2919e-06 1.80763e-09 2.79392e-07 5.79811e-05 0.00189217 0.330518 
0.000457709 0.078084 6.34902e-05 0.0167102 0.000346418 0.0797116 0.00129537 3.80128e-07 2.0971e-06 0.00391646 2.34276e-05 9.9782e-06 0.00304053 0.142377 0.000791365 2.4614e-06 5.99816e-07 0.000700671 0.0122964 0.66017 
2.40557e-07 0.0094503 1.39139e-05 0.272865 4.92009e-07 0.113981 0.0105584 0.132349 1.46167e-10 0.00155064 5.12511e-06 1.51523e-06 0.0727921 0.00465176 0.00215277 1.71558e-10 1.29955e-07 0.00158637 0.0684824 0.309558 
0.00179076 0.121942 0.179189 0.28868 1.97934e-06 0.0245896 0.058145 0.00092219 0.000126609 0.00012141 0.00408299 6.95322e-08 0.0109477 1.48958e-06 0.00107127 1.33451e-05 3.03484e-05 8.22307e-05 0.000630756 0.307631 
0.00019489 0.0313249 0.0737931 0.0916915 0.0013498 0.0235147 0.0154023 0.129505 4.0855e-05 0.0599705 0.0292474 9.92564e-07 0.0145661 0.00121183 0.000114881 3.88252e-06 4.15292e-06 5.08953e-06 0.191725 0.336332 
0.0405639 0.0168313 3.04114e-05 0.0061552 2.71644e-06 0.000200413 0.0163591 2.96633e-07 1.22906e-06 2.28861e-05 0.00224285 0.0027033 0.000211962 0.00628667 3.46037e-05 8.33958e-07 2.45602e-07 0.000114675 0.000275325 0.907962 
0.000368307 0.0731886 0.00130559 0.0258712 0.000480731 0.0362272 0.103858 0.000159049 6.97945e-10 0.00246104 0.00488814 1.04221e-09 0.245466 0.000109428 0.128128 2.69345e-06 1.99628e-10 4.26089e-05 0.0347336 0.34271 
0.000176381 0.0186163 0.00901101 0.0646096 0.00035652 0.118414 0.221378 0.00139067 3.60442e-05 0.0540667 0.0180358 1.24352e-07 0.0798476 0.016013 0.00291579 5.932e-07 8.31718e-06 0.000286618 0.168471 0.226366 
6.02127e-05 0.0271157 0.0183759 0.0159025 0.000327544 0.00108615 0.115885 0.000457667 0.000195334 0.00236854 0.193781 8.84175e-07 0.0438192 0.000197767 0.00275433 6.05425e-06 0.0591679 9.48848e-05 0.206253 0.31215 
0.000660786 0.0246645 1.02304e-06 0.00341077 3.90779e-07 2.52409e-05 0.0348681 8.03987e-07 2.15417e-06 3.30108e-05 8.32921e-08 9.80091e-07 0.0026742 0.000568223 0.000607647 7.70359e-07 1.87729e-07 7.37594e-07 6.38217e-05 0.932417 
1.25909e-06 0.00251934 0.00123277 0.08944 6.74957e-06 0.00326998 5.55322e-05 0.0221446 0.000134084 0.00546632 0.000492979 2.62182e-06 0.000924889 0.0103007 3.061e-06 1.09146e-05 3.49576e-08 2.13984e-05 0.00276451 0.861208 
5.30632e-05 0.0259144 6.26671e-05 0.045703 0.000236096 0.0275112 0.0349456 0.014528 9.34654e-05 0.0205121 0.00192642 1.72269e-08 0.0636135 0.0457836 0.00161724 5.93805e-07 3.12399e-06 0.00210594 0.0280124 0.687377 
0.000545209 0.0634836 0.0195664 0.0477376 0.000230454 0.0159284 0.00433061 0.000306762 0.00156136 0.0510419 0.014616 0.329454 0.00934829 0.00370038 0.000157218 7.23134e-06 0.021356 5.3307e-05 0.0525718 0.364003 
0.000719492 0.00657046 6.60332e-05 0.352669 8.59053e-05 0.000514874 0.000224924 0.00436236 1.26914e-07 0.0132673 0.00182976 1.89516e-07 0.00348957 0.00748237 9.48944e-05 1.48961e-07 3.63002e-08 0.00139279 0.00101216 0.606218 
1.50201e-07 0.0275966 4.34047e-05 8.746e-05 6.59876e-08 0.0027779 0.00601741 6.65626e-05 1.10831e-07 0.00311609 2.55815e-06 1.655e-07 8.54096e-09 0.0117212 6.09124e-08 1.30084e-07 3.17001e-08 8.85383e-06 2.38345e-06 0.948559 
1.00181e-05 0.00105339 1.95593e-08 0.303948 5.45167e-05 3.23735e-08 0.00102404 0.00303752 0.279421 0.00379419 1.31504e-07 8.09707e-11 1.65811e-05 5.93342e-05 2.12391e-07 3.50416e-07 0.000470959 0.000184934 0.00231872 0.404606 
2.40557e-07 0.0094503 1.39139e-05 0.272865 4.92009e-07 0.113981 0.0105584 0.132349 1.46167e-10 0.00155064 5.12511e-06 1.51523e-06 0.0727921 0.00465176 0.00215277 1.71558e-10 1.29955e-07 0.00158637 0.0684824 0.309558 
0.000145483 0.00159315 0.12669 0.0651857 0.0149454 0.00497481 0.164722 0.00742955 0.000120408 0.000835297 0.118157 2.23073e-09 0.0650354 0.00272627 0.000161893 1.09734e-07 0.00855054 0.000543509 0.0346854 0.383498 
0.000250852 0.00369622 0.0334358 0.0324866 0.000991437 0.0402221 0.218709 0.000828447 0.000217478 0.02847 0.0950058 0.000753746 0.057725 0.000322675 0.00327108 1.86042e-05 0.0262424 0.00206089 0.197588 0.257704 
3.93381e-05 0.0206603 0.00343904 0.0254007 3.70214e-06 0.028634 0.0322104 3.2656e-07 5.78143e-06 0.146752 0.00740528 1.31497e-06 0.00047723 0.000837582 4.32036e-05 1.90557e-08 3.79782e-06 0.000341948 0.0279909 0.705753 
0.00324985 0.0449179 0.109149 0.133585 0.0115608 0.011119 0.0787141 7.42525e-05 2.22069e-07 0.0714216 0.0944442 0.00273974 0.0691643 0.000172481 0.000980286 8.1414e-07 0.000111798 0.0115168 0.0401822 0.316895 
0.000276534 0.141074 0.0580289 0.0745675 0.00142748 0.00460862 0.0123145 0.0947321 0.0196254 0.025403 0.0786764 2.29655e-07 0.0604003 0.0248925 0.0017322 0.0661602 0.00102927 0.000564544 0.0637086 0.270778 
0.211944 0.00449294 0.0660079 0.0244875 0.00218968 0.0135253 0.110379 0.00370346 0.000227637 0.0102228 0.085694 0.00686367 0.0665738 2.99737e-07 0.00179291 6.9853e-07 0.0106048 0.000571827 0.00519075 0.375528 
3.76908e-05 0.0124601 0.00181417 0.024684 0.00105422 0.0125952 0.00317995 0.00126816 0.137864 0.0287447 0.0163845 4.00833e-08 0.205721 5.17467e-05 4.83197e-07 2.18557e-09 6.0234e-09 9.26425e-06 0.0830116 0.471119 
5.05251e-05 0.0350128 0.0327492 0.0325165 0.00209752 0.00579811 0.0358928 0.000993935 1.01773e-05 0.0049767 0.243831 0.00035292 0.0227482 0.00227021 0.00159929 8.63191e-06 0.0216109 0.00968191 0.0331303 0.514669 
4.69226e-07 0.201692 1.00808e-07 0.00112328 0.000181789 8.16289e-08 5.04285e-08 6.27595e-08 3.46234e-07 1.15594e-07 4.39382e-08 5.17017e-07 0.000352624 2.96454e-07 1.90289e-07 0.000131718 9.90304e-08 3.89095e-07 1.52511e-05 0.7965 
6.03211e-07 0.00579874 6.03876e-07 0.0581662 0.00313978 6.09949e-05 0.00277884 0.00622122 0.00374189 6.03849e-07 0.00881868 6.03126e-07 6.04009e-07 0.00887242 6.03716e-07 6.03326e-07 6.03879e-07 6.03355e-07 6.04008e-07 0.902395 
0.00016469 0.00322828 7.02242e-07 0.0322972 7.07405e-06 9.16442e-06 0.0984862 9.67213e-07 1.00413e-05 0.0125075 0.00603036 1.17108e-06 1.17985e-05 1.60763e-05 0.00054716 9.20481e-07 2.71317e-07 0.0286925 0.00373797 0.81425 
0.00930143 0.0388089 0.000788252 0.111062 0.17269 0.000632554 0.0188471 0.000216024 3.67652e-05 0.00148078 0.0863905 5.92205e-07 0.0414906 0.0216022 0.0445793 0.000103815 3.17109e-05 0.00148898 2.10644e-05 0.450428 
5.65885e-08 0.0038239 0.000705755 0.00130381 0.000107154 0.432194 0.0156663 1.50207e-07 4.0672e-05 0.02249 0.0070395 0.000109266 0.0215295 0.00274186 0.000561127 4.90092e-08 3.35976e-08 0.00357778 0.0433825 0.444726 
0.180904 0.0459058 0.00145334 0.00733275 5.61915e-06 0.0293581 0.021922 1.06963e-07 4.38178e-06 0.00134094 0.00440645 3.4953e-06 0.027676 0.00406748 0.00109191 5.60532e-05 6.65983e-09 1.78477e-05 0.014511 0.659943 
6.65679e-07 0.00261504 0.000948747 0.0247422 6.33226e-06 0.00211315 5.32443e-05 0.0330095 4.28847e-05 0.00151369 0.00181681 1.61429e-06 0.00183036 0.00280753 0.00372283 2.34634e-07 4.96055e-09 1.42318e-05 0.00134296 0.923418 
2.77152e-06 0.124242 0.00682124 0.160627 0.000977146 0.00246256 0.0739203 0.00843665 2.182e-06 5.04825e-10 1.45346e-06 4.37506e-07 0.00201707 0.00848957 0.000543922 1.77475e-09 1.43951e-07 0.0419116 0.00244024 0.567104 
1.32587e-06 0.0153052 0.00941582 0.025878 0.0142636 0.0736717 0.0673437 4.47148e-07 5.38933e-06 0.00282552 0.0313611 9.60435e-07 0.00932268 0.0110238 0.0409311 5.65718e-08 3.04414e-08 0.128863 0.0911197 0.478667 
4.74665e-07 0.0931962 8.68582e-05 0.0990593 0.0929541 0.0225249 0.0575624 0.0329514 5.56948e-07 0.0126228 0.00743402 7.87593e-05 0.0266086 0.0105622 0.000482853 4.72617e-06 7.12877e-06 0.000363825 0.00810815 0.535391 
7.48544e-06 9.83003e-06 1.68548e-06 4.92505e-05 1.89205e-05 2.53308e-05 9.51848e-06 2.48919e-06 2.5881e-05 4.24965e-05 8.27204e-05 2.22053e-06 3.08114e-05 4.30809e-05 2.36428e-06 1.74535e-06 5.67618e-07 2.1751e-05 7.22869e-05 0.99955 
1.36418e-06 0.000501218 0.00101203 0.000255506 9.39735e-06 0.000894782 8.73431e-05 8.25692e-07 1.45653e-05 0.000122495 0.000859134 3.69927e-06 0.00120779 0.000312143 3.94182e-06 5.15998e-08 3.24042e-08 2.56688e-05 0.00134807 0.99334 
1.07362e-06 0.0336703 0.0512962 0.0752377 6.05579e-06 0.0671756 0.109416 0.00106045 6.7769e-06 0.00882334 0.0614884 1.19474e-06 0.000511699 0.00977177 2.35337e-06 6.11674e-07 2.19313e-08 0.00987348 0.0293394 0.542317 
0.000916397 0.0278496 0.00670057 0.0156977 0.0115826 0.080257 0.00227907 0.000375122 0.00606374 0.0121782 0.1908 2.23817e-05 0.0178726 0.0195593 0.000133447 2.46933e-07 1.24268e-05 0.00438261 0.0764675 0.526849 
2.32374e-06 0.000246727 0.00873183 0.00626198 0.000195656 0.194765 0.00159969 4.16916e-05 1.46164e-05 0.0283044 0.106315 1.03772e-06 0.0238566 0.000129923 4.78076e-07 2.33232e-07 1.74594e-08 0.0400578 0.099412 0.490063 
1.37733e-06 0.125703 0.00380372 4.98738e-05 3.22719e-06 0.0106231 0.00110381 3.48764e-05 4.44703e-06 0.0110304 0.00242963 2.04908e-06 0.00143052 0.00880116 1.57784e-06 3.9116e-07 2.32397e-05 0.000388553 0.00699665 0.827569 
2.20531e-07 0.0854311 0.101909 0.0442084 2.20705e-07 0.0745154 0.0157216 2.20799e-07 2.20612e-07 0.0128045 0.0861384 0.00216111 0.160119 0.0195714 0.00271502 2.20573e-07 2.20775e-07 0.00249281 0.141172 0.251039 
0.00658266 0.000113436 1.7289e-05 0.0522104 0.000209793 0.0162089 0.162002 0.00328767 4.94773e-05 6.9603e-05 0.0185434 2.10016e-07 3.63401e-05 8.06976e-05 0.000119396 1.27184e-06 1.41285e-05 0.000588095 0.0228389 0.717027 
3.55083e-05 0.00658764 0.000126484 0.00166192 2.90678e-06 8.14256e-06 0.0363367 4.33588e-06 1.00891e-06 0.000157861 0.0250502 4.86945e-06 0.0165177 2.07835e-05 0.0280769 7.23936e-06 2.79107e-06 2.85458e-05 0.00391168 0.881457 
3.14613e-06 0.000183905 9.37817e-05 0.00017756 9.48237e-06 0.000440666 5.94941e-05 1.17609e-06 1.22588e-05 9.6888e-05 0.000504937 5.92816e-06 0.000529488 0.000206937 4.86322e-06 5.90584e-07 2.08022e-07 2.72647e-05 0.000736128 0.996905 
2.70976e-05 2.71091e-06 5.82163e-06 1.73869e-06 1.19047e-05 4.71404e-06 2.91223e-06 3.62434e-06 1.99949e-05 6.67551e-06 2.53741e-06 2.98575e-05 1.54086e-06 1.71201e-05 1.09891e-05 2.34683e-05 5.71897e-06 2.24701e-05 1.62269e-06 0.999797 
4.69305e-05 0.00991796 0.0449354 0.143312 1.78285e-09 0.125132 0.116298 0.00200391 2.8583e-05 0.0718266 0.110287 4.47146e-09 0.00745249 0.0109885 0.00348719 3.5146e-09 3.78896e-07 0.00617844 0.0710724 0.277032 
1.08195e-06 0.0497692 0.0146733 0.000114866 4.7393e-06 0.000281211 0.0595083 5.27881e-07 5.48185e-06 6.00439e-05 0.00032819 1.668e-06 0.000734923 0.0467898 2.0244e-06 1.14431e-07 5.16269e-08 1.44165e-05 0.00292212 0.824788 
0.0753114 0.0592176 0.017437 0.156038 0.00456304 0.0122365 0.0181104 0.0209266 0.00347606 0.00829473 0.00731217 6.08736e-05 0.0405175 0.00341108 0.00235392 0.00120828 6.42241e-05 0.000634152 0.0272383 0.541589 
1.87535e-06 0.00574111 7.80569e-05 0.000174387 7.78732e-06 0.00042937 0.146338 8.90972e-07 9.61753e-06 9.26944e-05 0.0488261 3.50207e-06 0.00201712 0.000194842 3.64411e-06 5.38733e-09 5.87814e-07 2.34859e-05 0.0132481 0.782809 
2.17611e-05 0.0849974 2.17851e-05 0.429279 2.17783e-05 2.17863e-05 2.17883e-05 2.17876e-05 2.17691e-05 2.17841e-05 2.17888e-05 2.1758e-05 2.17899e-05 2.17724e-05 2.17793e-05 2.17652e-05 2.17852e-05 2.17663e-05 2.17898e-05 0.485353 
4.60142e-06 0.026869 7.03295e-06 0.01453 0.0028386 0.177826 0.0570542 0.0109905 0.00244197 0.00496162 0.000121441 0.00266681 0.0464724 0.100178 0.00116671 8.81693e-08 3.50734e-06 0.0414126 0.0260144 0.48444 
0.00153982 0.0273099 0.0198965 0.0246758 4.76402e-05 0.0135091 0.0221723 0.00184148 0.00125348 0.0095462 0.0264544 3.67724e-05 0.0398113 0.00350256 0.000109662 6.58753e-07 3.75456e-06 0.000743232 0.121633 0.685912 
0.000107256 1.07301e-05 2.30427e-05 6.88193e-06 4.71203e-05 1.86587e-05 1.15269e-05 1.43456e-05 7.91421e-05 2.64225e-05 1.00434e-05 0.00011818 6.09892e-06 6.77634e-05 4.34962e-05 9.28902e-05 2.26364e-05 8.89394e-05 6.42282e-06 0.999198 
0.000325991 0.0365747 0.0489031 0.0367142 0.0232409 0.0511548 0.024824 0.00459854 0.000753803 0.0102607 0.0217979 0.0756002 0.0244273 0.165823 0.0100908 0.00111254 0.000572873 0.000990579 0.0171935 0.445041 
0.00167142 0.241786 0.000144484 0.0762828 6.91185e-05 0.0992031 0.0797811 0.000178696 2.93895e-06 0.00447039 0.031651 8.58489e-08 0.0139322 0.000143313 0.00550656 2.00813e-06 5.46672e-06 0.0367874 0.106107 0.302274 
0.000328816 0.00342648 0.0708287 0.199517 0.0349505 0.0062476 0.239454 0.0171854 4.43171e-05 0.0149582 0.0530452 4.71956e-10 0.00958818 0.00827676 0.000275469 2.91321e-08 0.0207589 0.00101847 0.0768533 0.243242 
7.24312e-07 0.00634638 0.000550939 0.000844651 5.07522e-06 0.00120949 4.75139e-05 4.43237e-07 0.00250772 6.65906e-05 0.0198459 1.90831e-06 0.000658305 0.000169545 2.09129e-06 3.403e-08 1.84113e-08 1.38376e-05 0.00223528 0.965494 
0.211944 0.00449294 0.0660079 0.0244875 0.00218968 0.0135253 0.110379 0.00370346 0.000227637 0.0102228 0.085694 0.00686367 0.0665738 2.99737e-07 0.00179291 6.9853e-07 0.0106048 0.000571827 0.00519075 0.375528 
0.0271564 0.0490564 0.0227517 0.198327 0.00245471 0.00953813 0.0289971 0.033769 0.0142458 0.00819166 0.00731423 0.000329402 0.0385058 0.00267363 0.00430686 0.000355751 0.000124181 0.00154125 0.0278794 0.522482 
0.000467955 0.0372484 0.0481131 0.0486872 1.06352e-05 0.0992685 0.0559857 0.000729295 0.00146612 0.0792977 0.039367 4.49416e-07 0.0574379 0.139116 2.07266e-07 0.000133704 6.74665e-07 0.000795379 0.150523 0.241351 
0.000196111 0.162378 0.0183673 0.0117396 0.000363674 0.154594 0.0929151 3.0385e-05 0.000260504 0.00674329 0.023878 0.000636732 0.0320311 0.0048856 0.000143091 6.12559e-05 0.00946651 0.00163533 0.0826572 0.397018 
0.000259452 0.00105461 3.18942e-08 0.351545 6.52209e-08 2.58262e-08 0.236207 1.18712e-05 1.09543e-07 3.65723e-08 0.000280515 1.63577e-07 2.50394e-07 9.37937e-08 3.11202e-05 1.28573e-07 3.13318e-08 1.23104e-07 2.19408e-05 0.410588 
0.000368307 0.0731886 0.00130559 0.0258712 0.000480731 0.0362272 0.103858 0.000159049 6.97945e-10 0.00246104 0.00488814 1.04221e-09 0.245466 0.000109428 0.128128 2.69345e-06 1.99628e-10 4.26089e-05 0.0347336 0.34271 
1.85098e-06 0.0126437 2.52821e-05 1.85998e-06 1.67302e-09 0.000681897 0.051067 5.09344e-10 0.000805612 5.16216e-07 0.00461414 4.19601e-09 4.68822e-06 2.40596e-09 0.090955 3.29809e-09 8.03711e-10 1.33215e-06 0.410937 0.42826 
0.000220366 0.00914956 6.97867e-05 0.054561 6.77015e-06 0.000423234 0.00654693 7.08712e-05 0.00186902 0.0113043 0.00328901 0.0461207 0.000517724 0.000188156 3.06623e-06 1.36051e-08 1.56049e-06 2.14265e-05 0.0248048 0.840832 
0.00070322 0.00342211 0.0128677 0.0135236 0.00259687 0.00266178 0.00840091 0.00816097 0.000362473 0.00193261 0.0136138 1.10758e-05 0.0136874 0.000411488 0.00087042 2.11939e-05 0.00556465 0.000651505 0.0100464 0.90049 
0.00428831 0.053868 0.0165345 0.35332 0.00107852 0.0244362 0.00622799 0.0441533 2.62289e-08 0.039459 0.00362451 1.07034e-05 0.0172796 0.000326983 0.000756191 4.64582e-06 4.01795e-09 7.48639e-05 0.0131792 0.421378 
2.91068e-08 0.00417863 2.5543e-06 0.0140573 1.19575e-05 0.000303679 0.000100978 0.000113251 5.70848e-07 0.000385098 0.000187891 3.09517e-07 0.000306515 0.000133505 1.39968e-07 2.52083e-08 3.15041e-08 1.4731e-05 0.000853272 0.97935 
0.000368307 0.0731886 0.00130559 0.0258712 0.000480731 0.0362272 0.103858 0.000159049 6.97945e-10 0.00246104 0.00488814 1.04221e-09 0.245466 0.000109428 0.128128 2.69345e-06 1.99628e-10 4.26089e-05 0.0347336 0.34271 
6.37433e-06 0.085633 0.00238819 0.00998474 1.0348e-05 0.168924 0.0333675 1.77731e-06 0.00188112 0.0479859 0.000493233 0.000189999 0.222793 0.027204 0.000559015 1.04235e-09 4.28749e-08 0.000540756 0.0991559 0.298881 
3.18698e-05 0.180958 0.0145435 0.0898011 0.000109413 0.0729061 0.00252033 0.0312594 0.000223445 0.00910184 0.0102887 2.48609e-06 0.044585 0.00883368 8.43103e-05 1.17025e-06 5.82443e-05 0.000912126 0.0300225 0.503757 
0.00413584 0.0160433 0.0809033 0.064344 1.98208e-07 0.0159746 0.0670342 7.25626e-08 0.00027235 0.0259689 0.0676256 2.00231e-07 0.227961 1.65223e-07 2.19386e-05 3.16261e-05 0.0528055 3.66733e-05 0.0775592 0.299281 
2.92969e-05 0.0610755 0.136895 0.0309406 1.32583e-05 0.138577 0.0631142 0.00219756 0.000491945 0.0512092 0.0968786 4.54804e-07 0.0306137 0.00308439 2.92055e-05 3.83352e-09 0.000165265 0.0049141 0.123024 0.256747 
1.11231e-06 0.000498778 0.00100629 0.000254365 0.000409885 0.0144047 0.00507904 7.51076e-07 1.37495e-05 0.000121024 0.000856403 3.04808e-06 0.00120503 0.000307878 3.58118e-06 2.603e-08 1.94952e-08 0.000477285 0.0406402 0.934717 
1.79761e-05 0.0140739 0.0596524 0.00823397 0.00257151 0.183734 0.0572315 0.000280374 3.31005e-05 0.0148463 0.0726301 3.47474e-06 0.105113 0.000316101 0.00216295 1.46179e-05 0.0325381 0.00249618 0.0611263 0.382924 
0.00180113 0.0564829 0.026255 0.0758389 0.00161852 0.0198584 0.110136 0.00788491 0.00247856 0.021413 0.118871 0.000113381 0.153941 0.000650753 0.00396157 0.00015162 0.00316562 0.000581585 0.122102 0.272695 
3.15982e-05 0.0167795 0.0493073 0.0597222 0.00035723 0.0774892 0.0763573 0.00773422 0.000642827 0.0203184 0.197949 8.94083e-09 0.154493 0.0103989 0.00565623 9.70116e-06 0.000476531 0.00253928 0.0713927 0.248345 
1.28897e-05 0.00139277 0.000117384 0.0235187 5.26901e-05 0.0113626 0.00444588 9.23987e-05 1.36818e-05 0.024454 0.0174583 1.40098e-05 0.00115661 0.178935 2.4965e-07 5.49474e-06 0.0203653 0.000895159 0.0142594 0.701447 
9.76702e-06 0.010166 2.1374e-06 0.0236138 1.0484e-05 0.00378794 0.00230877 4.84914e-05 5.64398e-09 0.0268508 0.000380871 8.16199e-05 4.90947e-05 0.105288 0.000592289 8.67594e-07 8.67125e-06 0.00119308 0.00757951 0.818028 
0.0299552 0.0146375 0.0106078 0.00131915 0.00084757 0.000271308 0.169559 0.00018086 5.2862e-05 0.000590995 0.0255048 3.35774e-05 0.0319677 0.000113935 0.0314241 1.33296e-10 4.40968e-05 0.000910817 0.0218887 0.66009 
0.0499184 0.0501791 4.11921e-05 0.216523 4.7094e-05 0.0452981 0.0635199 6.72255e-06 0.000458161 0.00378985 0.0648305 6.16693e-07 0.0252982 0.0211686 0.181006 0.000359335 4.76739e-05 4.4458e-07 0.0140097 0.263497 
0.000677784 0.0954261 0.000927923 0.0703773 0.000261901 0.00052266 0.000102439 0.0103362 0.00102358 9.14701e-05 0.000177051 1.09225e-06 0.000350829 0.0145726 7.17563e-05 3.99505e-06 2.09211e-07 5.96335e-05 0.00962431 0.795391 
0.250542 0.0668878 0.00704788 0.0786226 0.000755243 0.0248245 0.0461629 0.00284366 9.2271e-05 0.0286816 0.0207296 1.24175e-05 0.0409494 0.0110396 0.000134995 2.41135e-06 0.0661577 0.00891832 0.069317 0.276278 
0.207988 0.0791049 1.16444e-05 0.0319435 1.18861e-06 0.15067 2.87561e-05 8.68637e-08 2.73885e-07 3.8084e-11 2.00928e-06 9.63433e-05 7.02548e-06 5.95887e-07 8.15646e-06 1.33887e-10 5.87609e-08 2.74345e-06 9.25752e-12 0.530135 
2.9273e-06 0.00941289 0.00222123 0.258804 0.000256581 0.0064319 0.0247783 2.00032e-05 0.000121804 0.0186971 0.0492375 2.02937e-05 0.0469193 0.00900809 5.47633e-06 2.09273e-06 0.0184033 9.01813e-05 0.0867743 0.468792 
6.91716e-07 0.05895 3.67431e-05 0.0418323 4.15655e-06 0.000909074 3.59678e-05 1.50363e-05 4.40483e-06 5.81665e-05 0.00144296 7.0985e-07 0.000493439 0.000119181 0.000270768 2.44608e-08 2.29282e-08 1.29179e-05 0.0127186 0.883095 
0.000328816 0.00342648 0.0708287 0.199517 0.0349505 0.0062476 0.239454 0.0171854 4.43171e-05 0.0149582 0.0530452 4.71956e-10 0.00958818 0.00827676 0.000275469 2.91321e-08 0.0207589 0.00101847 0.0768533 0.243242 
0.000359791 0.0205973 0.0349371 0.0692111 0.00101349 0.00703257 0.00158709 0.00298121 0.000198696 0.000945222 0.363333 3.63755e-06 0.0184251 0.00100527 0.000115367 2.63336e-07 3.41246e-05 0.000473402 0.0220594 0.455686 
5.75211e-07 0.0204208 0.0019291 0.0368451 0.000763573 0.0109766 0.140771 0.000403444 8.29438e-06 0.019513 0.0119591 1.9841e-06 0.0248886 0.00099926 0.00388345 3.57615e-09 4.59523e-07 1.27591e-05 0.0350137 0.691609 
7.88582e-07 0.0037485 6.57951e-05 0.0374768 0.00479024 0.000428169 0.0219767 7.03992e-07 2.43096e-06 0.0837054 0.146314 0.00251951 0.000449165 0.094353 0.259644 6.82962e-07 3.17539e-07 2.51735e-05 0.046094 0.298404 
2.29097e-05 0.00828727 0.0050096 0.0294446 0.000213046 0.00457715 0.00791172 0.000175554 0.000325205 0.00982952 0.0523363 8.69961e-09 0.0231083 4.53516e-05 2.50757e-06 6.61863e-05 2.76388e-08 0.000160816 0.00373957 0.854744 
0.0230026 0.0705653 0.0445052 0.15412 0.00320808 0.0100621 0.032503 0.0365778 0.00783783 0.00592792 0.00893309 0.00031755 0.0524455 0.00219164 0.00367422 0.000268391 0.000212172 0.00318585 0.0249727 0.515489 
1.50092e-05 0.0888306 0.00541111 0.189472 0.00073308 0.144569 0.00706678 0.00232464 0.0105374 0.0082542 0.0186716 1.99549e-05 0.0263628 0.00239322 0.000284308 7.24001e-06 0.00288994 0.000819619 0.0733555 0.417982 
0.168621 0.0111906 0.0541309 0.0191782 0.00722217 0.0126229 0.106758 0.00607152 0.000168431 0.00904315 0.180865 0.00974387 0.116819 4.59512e-05 0.00304014 0.000128755 0.0102819 0.000431418 0.00857522 0.275062 
1.74107e-06 0.00351101 0.00310639 0.0125385 0.000196116 0.0108306 0.07261 0.00147489 9.94013e-05 0.017301 0.0171824 9.30719e-05 0.0406807 9.88286e-05 0.0184737 1.94754e-07 3.67382e-07 0.000724054 0.0218201 0.779257 
0.000359791 0.0205973 0.0349371 0.0692111 0.00101349 0.00703257 0.00158709 0.00298121 0.000198696 0.000945222 0.363333 3.63755e-06 0.0184251 0.00100527 0.000115367 2.63336e-07 3.41246e-05 0.000473402 0.0220594 0.455686 
0.000131153 0.000131319 0.000131298 0.223385 0.000131257 0.000131305 0.000131317 0.000131313 0.000131201 0.236456 0.00013132 0.000131135 0.000131327 0.000131221 0.000131263 0.000131178 0.000131298 0.000131185 0.000131326 0.537928 
0.000134592 0.041463 0.000304951 0.00236148 0.200738 0.023695 0.0725063 8.28053e-05 0.000394559 0.0052782 0.0514825 7.02554e-08 0.190024 2.27681e-05 0.00333483 6.03565e-06 9.07261e-06 1.0809e-05 0.0260806 0.382071 
8.2065e-07 0.0115285 0.100725 0.0566931 0.000165645 0.00526809 0.00654664 5.95175e-05 0.000104325 0.0665975 0.0354888 9.06379e-07 0.017072 0.00483571 4.9115e-06 6.32118e-11 4.63781e-09 1.60822e-05 0.000814416 0.694078 
3.4718e-06 0.00563553 5.00041e-05 0.000844265 1.3544e-05 0.00211861 5.40835e-06 1.56358e-06 1.6473e-05 3.5852e-05 7.64683e-05 3.49886e-07 2.70357e-05 3.23703e-05 0.00101393 2.75013e-07 1.49229e-07 1.44897e-05 6.6456e-05 0.990044 
0.000410214 0.237519 0.0797492 0.00138445 4.96091e-07 0.00176737 0.00368311 0.000110769 0.00164232 0.00143746 0.00187385 0.000132708 0.00940419 0.0180633 1.46541e-05 9.77964e-07 4.89754e-05 0.000235486 0.004032 0.638489 
3.32479e-05 0.000598273 0.000123382 0.0558404 1.24333e-05 0.0476177 0.00307037 4.57856e-06 0.000301697 0.0150405 0.263572 1.26533e-05 1.62701e-05 0.00315199 3.19576e-07 6.99383e-06 0.0348291 0.000645658 0.00524955 0.569873 
0.000268021 0.007134 0.00974465 0.0126313 0.00136639 0.0499165 0.0168143 9.17352e-05 3.01692e-05 0.00353801 0.0645682 2.00991e-08 0.072466 0.0422604 1.20979e-05 2.87468e-09 8.41758e-07 0.0013038 0.0107089 0.707145 
0.000391358 0.0687692 0.0190768 0.207232 5.3923e-06 0.00420062 0.011614 0.00251248 8.46963e-06 0.016654 0.00947585 8.84654e-07 0.021113 0.00226938 9.788e-05 1.64768e-09 4.02869e-08 1.26573e-05 0.125744 0.510823 
0.000202402 0.111372 0.0292431 0.0415794 0.000312398 0.00996288 0.192436 0.000845137 0.000969123 0.00196971 0.102457 7.72266e-05 0.117319 0.000982921 0.0173167 0.000497875 7.06129e-05 0.00763607 0.11595 0.2488 
0.0355072 0.0119129 0.107914 0.267636 0.000977065 5.13213e-06 0.0664991 0.000843826 1.27556e-06 0.0167589 0.00245096 9.96133e-07 0.0668115 0.018168 0.000128989 2.62435e-05 0.000880109 0.00926396 0.104758 0.289455 
7.45755e-06 1.9572e-05 6.59517e-08 0.0288098 0.000268882 1.6585e-06 0.000705251 2.57557e-05 2.26517e-07 0.000755593 0.0039777 3.38248e-07 4.69767e-05 1.93949e-07 1.24493e-07 1.07537e-05 9.04382e-05 2.54558e-07 0.00429276 0.960986 
1.32587e-06 0.0153052 0.00941582 0.025878 0.0142636 0.0736717 0.0673437 4.47148e-07 5.38933e-06 0.00282552 0.0313611 9.60435e-07 0.00932268 0.0110238 0.0409311 5.65718e-08 3.04414e-08 0.128863 0.0911197 0.478667 
3.29483e-05 0.0875777 0.0495487 0.034792 0.0165794 0.0193468 0.0447936 0.00631997 1.0026e-05 0.028919 0.00756965 8.45533e-06 0.0429319 0.170395 0.00398075 1.16512e-05 0.0522975 0.00260552 0.0535705 0.378708 
0.000158257 0.0612994 0.0120496 0.0248739 3.89836e-06 0.0766237 0.0113187 0.011216 0.00654917 0.100308 0.10853 7.17829e-08 0.0548746 0.00472695 0.00600279 1.66148e-06 2.36937e-05 4.93906e-05 0.245374 0.276015 
4.00706e-05 7.74992e-05 0.0186165 0.00204064 8.91587e-06 0.00173414 0.00123504 8.73736e-05 0.000256809 0.000950737 0.00564102 5.57801e-07 0.00602986 6.1983e-06 2.05299e-07 2.36786e-06 1.06842e-07 0.000108327 0.00770075 0.955463 
1.80146e-05 0.00219779 0.0133093 0.0120406 0.00013858 0.00680762 0.00366932 0.000924532 3.67968e-05 0.0214906 0.0202984 0.000204071 0.0515442 0.000924163 0.000210462 4.62093e-07 6.99469e-07 0.000316939 0.0670887 0.798779 
3.21264e-07 0.00569908 0.0101618 0.00518803 0.00049569 0.179327 0.0152978 2.49241e-07 8.74317e-07 0.0394782 0.0134142 4.17125e-06 0.0620121 0.00082365 0.0960337 2.78235e-07 1.1988e-07 0.00105015 0.0547051 0.516307 
1.08195e-06 0.0497692 0.0146733 0.000114866 4.7393e-06 0.000281211 0.0595083 5.27881e-07 5.48185e-06 6.00439e-05 0.00032819 1.668e-06 0.000734923 0.0467898 2.0244e-06 1.14431e-07 5.16269e-08 1.44165e-05 0.00292212 0.824788 
4.58787e-07 0.0100949 0.00998885 0.0120124 2.07706e-06 0.0185568 0.00809896 6.41703e-05 7.62576e-07 0.0959141 0.000170024 2.92827e-06 0.00164636 0.00304799 0.000678623 3.97338e-07 1.31481e-07 0.0106107 0.0161905 0.812919 
1.32105e-06 0.060492 0.00124124 0.0686546 0.00484085 0.0262748 0.010012 2.91781e-05 9.74781e-07 0.00122763 0.000752657 0.000193628 2.18666e-05 0.00425636 5.35736e-07 1.14411e-06 2.78809e-07 1.09545e-06 0.000401008 0.821597 
2.40557e-07 0.0094503 1.39139e-05 0.272865 4.92009e-07 0.113981 0.0105584 0.132349 1.46167e-10 0.00155064 5.12511e-06 1.51523e-06 0.0727921 0.00465176 0.00215277 1.71558e-10 1.29955e-07 0.00158637 0.0684824 0.309558 
2.81871e-05 0.0420437 0.0517157 0.0919645 3.37055e-05 0.0270444 0.0235392 0.000700218 0.000538074 0.104887 0.133583 6.97714e-08 0.12187 0.000638228 1.34502e-05 1.9694e-05 8.84196e-06 0.000949182 0.101371 0.299053 
7.99919e-05 0.00642253 0.0127736 0.186422 0.00201112 0.00208282 0.0332905 0.0565518 4.35718e-08 0.00568853 0.0910344 9.05254e-06 0.0148161 0.00103269 0.000558789 2.47626e-05 0.000114613 7.44504e-05 0.172358 0.414655 
0.000231237 0.0200478 0.00299143 0.0963541 0.202778 0.0101383 0.102789 0.00682008 2.15496e-06 4.11093e-05 0.000158762 0.00218755 0.101883 7.77022e-06 0.00865499 4.142e-07 1.00936e-07 6.26711e-05 0.0129814 0.43187 
0.00161936 0.00834757 0.124237 0.0706788 3.31787e-05 0.0590003 0.108095 0.000416341 0.000167086 0.0322449 0.0583606 7.69606e-11 0.0465096 0.00471822 9.34771e-08 2.77373e-09 3.72427e-09 0.00425089 0.0935434 0.387778 
3.12284e-05 0.00116386 0.0239768 0.0403514 0.000626234 0.029342 0.0028805 0.000541098 7.05466e-05 0.00249604 0.0168084 0.00014787 0.0167103 0.0210917 9.83471e-05 7.14107e-07 0.000226363 0.000334127 0.00610529 0.836997 
0.000353951 0.0523209 0.0221455 0.0276636 0.00245903 0.00285741 0.0047613 0.0809475 1.87137e-05 0.0216674 0.226122 1.59484e-06 0.0393629 0.00247354 7.27021e-05 6.48092e-05 5.73205e-09 0.00127234 0.0406704 0.474764 
0.000368307 0.0731886 0.00130559 0.0258712 0.000480731 0.0362272 0.103858 0.000159049 6.97945e-10 0.00246104 0.00488814 1.04221e-09 0.245466 0.000109428 0.128128 2.69345e-06 1.99628e-10 4.26089e-05 0.0347336 0.34271 
7.23479e-08 0.0806384 0.0109135 0.0288073 0.0288641 0.182343 0.0218491 0.00143315 3.34869e-07 0.142284 0.000269905 6.97394e-05 0.0430675 0.0146056 1.06888e-06 0.00108763 3.59932e-08 0.000585663 0.036834 0.406346 
9.59633e-05 0.0364754 0.010322 0.172355 6.07686e-06 0.0101281 0.0121844 0.0104585 0.00404547 0.0307599 0.0108562 0.0812085 0.00620094 0.00816785 2.33094e-06 4.00354e-09 5.95794e-06 0.000255736 0.0390541 0.567418 
1.45958e-09 0.000119958 0.00010366 0.000279649 7.57457e-06 0.00132224 0.00018902 5.54486e-07 1.71352e-06 0.000134785 0.000845258 1.12886e-05 0.00143047 0.000470734 5.21455e-06 1.26409e-09 1.4025e-07 0.0114892 0.00187317 0.981715 
3.18095e-06 0.00266549 0.000334122 0.00270931 7.62978e-05 0.0187098 0.0440527 5.05086e-06 9.97123e-06 0.00434644 0.017103 4.97484e-05 0.00932771 0.000293948 0.000360589 5.00419e-05 0.114604 7.56351e-05 0.0230951 0.762128 
0.000850177 0.000122994 0.054124 0.0319855 5.31142e-05 0.0207748 0.044698 0.000767386 0.000276492 0.0147604 0.0759914 0.000171639 0.00846448 7.10101e-05 3.52757e-05 5.26338e-08 6.91948e-09 0.000244885 0.0286557 0.717953 
0.000821083 0.000850329 0.0403264 0.0062069 0.0001974 0.0199944 0.042343 0.000173598 9.16301e-05 0.000957166 0.0118187 0.0104882 0.0412533 1.29543e-05 0.000888565 5.59049e-06 4.28909e-07 0.000848615 0.000245959 0.822476 
9.60961e-09 0.297942 0.0146123 0.0240667 9.92526e-06 0.0246941 0.00441102 0.000270528 1.55104e-06 0.0156249 0.0999275 1.05529e-06 0.00420751 0.15086 4.86491e-07 8.32253e-09 9.3321e-05 1.74605e-05 0.0356971 0.327563 
2.70976e-05 2.71091e-06 5.82163e-06 1.73869e-06 1.19047e-05 4.71404e-06 2.91223e-06 3.62434e-06 1.99949e-05 6.67551e-06 2.53741e-06 2.98575e-05 1.54086e-06 1.71201e-05 1.09891e-05 2.34683e-05 5.71897e-06 2.24701e-05 1.62269e-06 0.999797 
0.000105988 0.0147862 0.002097 0.0328169 3.95364e-05 0.0122082 0.0133804 0.00938134 0.0303958 0.0320592 0.170692 1.29675e-05 0.0262246 0.00117409 0.000622567 1.07915e-05 0.00439718 0.000793879 0.0625575 0.586244 
0.000164266 0.0297399 0.00123697 0.0551297 5.87159e-06 0.179422 0.00367728 0.000836467 7.94686e-06 0.000511584 0.0133159 7.84812e-05 0.0086418 0.0850421 0.000160176 0.000122118 1.06913e-07 1.665e-05 0.00150599 0.620384 
