0.000140958 0.0700748 0.00791392 0.437931 0.00506202 0.116681 0.0157138 0.0395102 0.00148089 0.0406254 0.0200541 0.0115315 0.120821 0.00923655 0.0045098 3.16956e-05 2.81525e-05 0.00145417 0.0913606 0.0058388 
0.000121761 0.0497252 0.0645913 0.450561 0.0122154 0.0175732 0.0174753 0.0263879 0.00126104 0.0829237 0.00996239 0.00655331 0.134686 0.00295253 0.000678641 3.43279e-05 0.0250554 0.0120315 0.0825432 0.00266673 
1.24503e-05 0.0101427 0.0408676 0.624686 0.007513 0.0239679 0.00171163 0.170579 0.0311555 0.0116005 0.000108504 4.66824e-11 0.0500972 0.000986967 5.65879e-05 2.41944e-09 2.32518e-08 2.08118e-05 0.024231 0.00226302 
0.0137368 0.0225628 0.00865763 0.486133 0.000783243 0.00669416 0.060322 0.185526 0.000235781 0.0418917 0.0356952 2.48708e-06 0.0238922 0.00296158 0.0018473 3.87531e-05 2.13244e-05 0.00396125 0.104515 0.000521714 
0.00412219 0.0419251 0.00911285 0.253652 0.00903736 0.000291051 0.0695397 0.115009 0.000748371 0.000218471 0.100748 0.00442469 0.152219 0.000114561 0.00126302 0.00316188 0.000861323 3.34181e-05 0.23169 0.00182788 
0.00100365 0.0730684 0.0117689 0.604031 0.00309016 0.00754702 0.01463 0.0438103 0.00467614 0.114364 0.0342115 5.04829e-06 0.0253606 0.00117529 0.00115156 6.26064e-05 1.98391e-05 0.00110578 0.0576365 0.00128174 
0.00254911 0.0564362 0.00117319 0.764857 2.53639e-05 0.000243665 0.00400598 0.0583901 0.0243049 0.00482308 0.0104603 1.63664e-10 0.0172057 0.0167015 2.0856e-05 4.04943e-06 7.40756e-05 0.00237391 0.03629 6.13441e-05 
0.000838932 0.0368949 0.00154611 0.463859 2.58219e-09 0.0102602 0.241418 0.000790123 4.33698e-09 0.0142699 0.00485392 0.000527174 0.00783349 0.0437633 3.06819e-05 5.09038e-09 6.69511e-06 0.0583747 0.114626 0.000106803 
0.00421037 0.0104787 2.86893e-05 0.670375 0.000142905 5.57901e-05 0.00601589 0.234289 0.00258994 0.00536312 0.0153178 2.87431e-06 0.00200275 0.000315966 0.00164555 2.93102e-06 1.59904e-05 8.39699e-07 0.0469514 0.000194763 
0.0581872 0.0443517 0.00572948 0.365268 0.00621008 0.113118 0.140371 0.00767849 0.000318179 0.0262474 0.0450484 0.0117717 0.0855445 0.0198268 0.011241 6.06095e-05 2.0423e-06 0.000202316 0.0588056 1.811e-05 
0.00146096 0.0688307 0.0263245 0.568274 0.00841526 0.0131814 0.018369 0.0654187 0.00853933 0.0544986 0.0239324 0.000715915 0.0479628 0.00318806 0.005157 3.45971e-05 0.00121024 0.00582855 0.065887 0.0127711 
0.00210283 0.174769 0.00171258 0.419438 2.81557e-05 0.0159033 0.0190087 0.0113876 0.0743156 0.00927241 0.0305691 7.52507e-10 0.0908256 3.01363e-06 2.1142e-07 3.66751e-06 8.14858e-05 0.000101535 0.150476 2.55107e-07 
0.0220303 0.0526216 0.00207697 0.573536 8.0792e-05 0.000393507 0.00442984 0.0435058 0.0418843 0.00299575 0.141881 3.99274e-06 0.0119584 0.00047672 4.72048e-05 6.83304e-06 2.7251e-05 1.47538e-05 0.101787 0.00024234 
2.07849e-07 0.00681441 0.000346609 0.551204 3.85594e-12 2.07832e-08 0.0005212 0.323217 6.50287e-07 0.0632935 0.0193804 9.67086e-12 0.00761082 0.000168819 4.82053e-09 1.29869e-09 7.12385e-07 0.000208854 0.027189 4.37593e-05 
0.00176411 0.00540988 0.00129989 0.911841 4.53565e-05 8.20976e-06 0.000479334 0.00218723 0.0202254 0.000941169 0.0171877 1.49676e-09 0.0180766 4.23384e-05 0.00020318 2.77187e-09 8.88968e-06 5.69353e-07 0.0202791 4.54822e-12 
0.00681471 0.159114 0.0190297 0.351031 0.006121 0.0261329 0.0228472 0.0703573 0.0109201 0.0511124 0.0795374 0.00196799 0.0699953 0.0119268 0.00588755 0.000413875 0.00295389 0.00521685 0.0966208 0.00199961 
0.000556338 0.0458353 0.0123013 0.565675 0.00989932 0.00675718 0.00615387 0.237188 0.00676189 0.00798729 0.00968622 8.00754e-06 0.0199429 0.0339755 0.00117234 0.000634269 6.00903e-05 0.00112109 0.0337193 0.000564949 
0.000501787 0.0277216 0.019585 0.400655 0.0508649 0.0157265 0.0672032 0.00902502 0.000380083 0.0089103 0.192606 9.47663e-06 0.1293 0.00311156 0.00670714 1.77089e-05 0.00208092 0.0132643 0.0512754 0.00105443 
1.5949e-11 0.0211652 0.00379196 0.879759 0.0522325 0.000905061 0.00176513 2.43883e-08 0.0288363 0.00230049 9.69968e-09 1.75735e-11 0.00757277 0.000168531 0.00118578 1.80752e-06 1.74475e-08 1.32254e-11 0.000315901 4.93601e-09 
0.000666611 0.117641 0.00321082 0.483827 0.000176505 0.000720624 0.0133311 0.168643 0.00782573 0.00731955 0.0246703 0.00276905 0.0612009 0.00475106 0.018505 3.43327e-06 1.82687e-05 7.2157e-06 0.0846237 8.89258e-05 
4.58435e-05 0.0299633 0.0312699 0.860488 5.70096e-06 0.0060369 0.00314169 0.00179352 6.28103e-06 0.00725664 0.0185935 1.2766e-06 0.00483954 0.0103162 4.05757e-05 2.61252e-08 1.34513e-05 2.63517e-05 0.0261613 1.2713e-08 
0.000192293 0.0729639 0.0882795 0.280995 0.00139522 0.0401657 0.0312757 0.267094 0.00216069 0.0151446 0.0383892 3.27279e-07 0.0705136 0.00101663 0.000562422 2.78831e-07 9.22201e-06 0.000542968 0.0886622 0.000636439 
6.14083e-07 0.00446033 0.000590331 0.961618 1.61255e-05 0.000677277 0.00113215 0.000130803 1.16283e-08 0.00301497 0.00947363 1.78584e-09 0.0105159 0.00189824 1.65768e-05 6.25706e-07 7.95585e-06 0.00125118 0.00518699 8.63936e-06 
9.12205e-11 0.0609442 0.00700179 0.790406 1.84977e-05 5.03706e-05 0.00189081 0.0238021 0.000301194 0.0055914 0.00112734 1.00511e-10 0.0681762 0.000207675 0.000242729 1.65845e-07 2.94554e-05 0.00025289 0.0399248 3.21096e-05 
0.000332757 0.0112917 0.00181081 0.468207 0.000135918 0.000108706 0.00236933 0.0190267 0.415048 0.0246225 0.00541389 2.94131e-07 0.0242027 0.0004629 0.000172745 1.69797e-06 2.53063e-05 0.000529819 0.0256652 0.000572269 
0.000178733 0.0009871 0.010026 0.530816 6.76014e-05 0.0070952 0.214886 5.34197e-05 3.41653e-06 0.0729689 0.0425961 8.70412e-10 0.0026115 0.00041908 0.000165681 2.76635e-08 0.000947022 0.0379865 0.0781919 3.39648e-07 
3.2854e-05 0.00539577 0.0121154 0.446749 0.000981178 0.0202337 0.0184833 0.103607 0.0208135 0.314016 0.00184604 2.69639e-10 0.0173133 0.00424216 0.000108889 1.55029e-06 2.20545e-07 0.000438652 0.0331225 0.000499405 
7.89824e-07 0.0363467 0.00129566 0.788849 1.94296e-08 3.17912e-13 6.02962e-09 0.0973041 0.0719131 0.00371311 1.1545e-06 2.01357e-12 4.8473e-07 0.000574965 1.83059e-08 4.90789e-09 5.78564e-09 1.51537e-12 9.42769e-07 2.75387e-08 
0.00115503 0.00542306 0.000850933 0.922413 2.97217e-05 0.000119825 0.00138065 0.00143174 0.0132397 0.000740986 0.0183786 2.67611e-09 0.0162603 8.23032e-05 0.00013304 5.03406e-09 5.82608e-06 3.87387e-07 0.018355 1.70131e-11 
8.90005e-05 0.0144595 0.0198205 0.452247 7.4315e-05 0.0826022 1.63993e-05 0.0008983 0.00319023 0.161875 0.0131957 3.53816e-06 0.187778 0.000676655 0.00241102 0.000185209 9.32182e-05 7.48794e-06 0.0603754 1.55012e-06 
0.00175558 0.0304018 0.0126388 0.535914 0.00136422 0.00125823 0.024746 0.0491924 0.0570118 0.0231065 0.113438 5.30916e-05 0.0334057 0.00169142 0.000978881 0.0188892 0.00355899 0.000462904 0.0892764 0.000856208 
0.00766817 0.0538999 0.00467597 0.359152 1.32544e-10 5.24848e-11 0.016103 0.0142421 0.0259755 0.000789866 0.228361 3.32426e-10 0.151078 3.68147e-07 0.000661644 2.61289e-10 1.57692e-08 2.50176e-10 0.137393 2.75524e-10 
0.00130167 0.0546691 0.0109155 0.454241 0.00256319 0.0219594 0.0192171 0.102501 0.0144567 0.109537 0.0220101 1.74832e-06 0.0710225 0.00443851 0.00498572 0.00013057 0.00248957 0.00236412 0.0973968 0.00379896 
0.000253581 0.216462 0.162345 0.232068 0.00733431 0.0090376 0.0364415 0.000274475 9.70898e-08 0.00303228 0.0614854 1.23348e-10 0.0833172 2.24024e-06 0.0151853 1.04499e-08 0.000844307 0.0103813 0.158679 0.00285629 
0.00364291 0.0691327 0.00321912 0.297769 0.0293057 0.0201604 0.0253338 0.0215493 3.86137e-07 0.0732839 0.0636762 0.00716324 0.106855 0.0980865 0.0106896 3.64665e-06 4.3189e-05 0.000196989 0.169515 0.0003729 
0.00227482 0.0686228 0.0167914 0.445472 0.00751812 0.0204756 0.0200738 0.187918 0.00326979 0.0704101 0.0218882 0.000341008 0.0445448 0.00511096 0.00342772 2.22009e-05 0.00243481 0.00250433 0.0763237 0.000576117 
0.000577602 0.00316306 0.000239888 0.416867 7.06936e-05 0.000778171 0.00487728 0.0982154 0.404429 0.00826113 0.0123623 3.49987e-09 0.00555473 2.7124e-05 0.000622805 4.4984e-07 2.97869e-06 1.67844e-05 0.0439333 8.84732e-08 
1.71153e-05 0.112077 0.0233583 0.564128 5.18601e-05 0.012094 0.00838591 0.0203933 8.72716e-05 0.0589014 0.0658001 6.71321e-07 0.0729574 0.00509444 0.00260794 4.67331e-07 3.36011e-05 0.000417768 0.0521416 0.00145102 
0.00361966 0.054535 0.0268735 0.366768 0.000189029 0.0188941 0.0131985 0.125571 0.00637599 0.059009 0.0527216 1.97557e-05 0.0996941 0.000500634 0.0347541 0.000145618 4.30356e-05 3.67253e-05 0.136667 0.000383295 
0.000192944 0.137293 0.0271207 0.531003 0.00194337 0.00230993 0.0153784 0.0341458 0.00240394 0.0116541 0.0136749 0.00120185 0.0920492 0.00114528 0.00245157 1.00549e-05 3.13564e-05 0.00404502 0.121542 0.00040324 
0.00048723 0.0672285 0.00274758 0.362259 5.9046e-05 0.0268171 0.0223156 0.0751301 0.00392847 0.352455 0.0106112 2.11997e-07 0.0348869 0.00515362 0.000953192 4.34938e-05 2.38672e-05 0.00136078 0.0335149 2.43248e-05 
0.000847802 0.371006 0.0035665 0.408805 1.00956e-06 0.0172191 0.00191312 0.0084126 0.00814193 0.127004 0.00877208 7.66482e-08 0.0200969 0.0110783 5.07771e-05 3.36514e-07 2.90385e-06 0.000186769 0.0128784 1.65231e-05 
9.11984e-05 0.225183 2.26414e-07 0.719698 0.00345999 4.33201e-08 0.00395515 4.93167e-07 9.71495e-07 0.00805927 0.00235221 4.92388e-08 0.00973732 0.000929213 0.0125852 4.14191e-07 6.72727e-12 0.000710358 0.0132294 7.15097e-06 
0.000178379 0.322107 0.0493405 0.400087 0.00292662 0.00791608 0.00589959 0.0153415 0.007931 0.0894036 0.0239424 0.000139913 0.0249797 0.000618626 0.000722876 1.6964e-05 0.0001723 0.00251763 0.0456183 0.000140605 
0.000483544 0.00275438 0.00257142 0.543653 0.000241192 9.02771e-06 2.16395e-05 0.219463 0.00473414 0.00058005 0.00257153 5.77809e-07 0.0114491 9.59192e-05 3.11254e-05 5.69511e-07 3.3559e-06 1.18447e-06 0.21133 5.36292e-06 
1.5949e-11 0.0211652 0.00379196 0.879759 0.0522325 0.000905061 0.00176513 2.43883e-08 0.0288363 0.00230049 9.69968e-09 1.75735e-11 0.00757277 0.000168531 0.00118578 1.80752e-06 1.74475e-08 1.32254e-11 0.000315901 4.93601e-09 
0.000911725 0.035346 0.00195342 0.380405 0.00363127 0.00897587 0.0262172 0.0498571 0.0017659 0.00762068 0.0330962 0.00901853 0.0896264 0.000854719 0.0301 4.98186e-05 2.86566e-06 4.17229e-06 0.320496 6.79117e-05 
0.000997508 0.00268343 0.00074135 0.516234 0.00276167 0.00976548 0.0155899 0.0171709 0.000683244 0.014369 0.0623288 4.2049e-08 0.0252967 0.000165964 0.00398412 3.20748e-07 3.73485e-05 0.000112406 0.259434 0.0676435 
0.0011065 0.13057 0.0390976 0.276901 0.0261789 0.0522776 0.223993 0.00543345 0.000347324 0.0326507 0.0407728 0.0114374 0.0638046 0.00198983 0.00983777 1.42086e-06 5.61231e-05 0.0290355 0.0544397 6.93718e-05 
0.000459745 0.0775557 0.00161332 0.751166 0.000158853 0.0153477 0.0229548 0.00140805 0.0145262 0.0108479 0.010398 4.10728e-07 0.00598676 6.30906e-05 0.000316421 0.000255798 1.1875e-05 2.6312e-05 0.0868637 3.98364e-05 
0.000550723 0.155666 0.00263961 0.43893 0.00328991 0.00669673 0.0103208 0.00912042 0.107779 0.0128971 0.0493694 4.21787e-11 0.0539786 0.000453591 0.0643653 0.000472128 0.000330998 0.0194811 0.0621713 0.00148798 
0.00708686 0.0569217 0.010831 0.409655 0.00322565 0.0119763 0.0276216 0.278651 0.00896151 0.0281698 0.0247212 0.000617135 0.0465308 0.00755905 0.00420668 0.000110516 0.000971251 0.00281878 0.0678273 0.00153666 
0.000713884 0.0426298 0.00235778 0.378364 0.000693837 0.00916396 0.0368246 0.0347137 0.0279223 0.174101 0.0571042 3.25425e-07 0.0302813 0.00013703 0.00413584 4.74248e-07 4.07694e-05 0.0254137 0.175251 0.000150984 
0.00453048 0.0288939 0.0130659 0.514065 0.0011619 0.00173817 0.0605252 0.00135098 0.0268189 0.00698062 0.125057 0.00014454 0.13611 1.68128e-05 0.0534122 2.78976e-05 2.12538e-05 6.74016e-05 0.0258607 0.000151082 
0.000144821 0.0248453 3.99537e-05 0.91535 2.58134e-06 0.00085108 0.000867779 0.014192 0.00156087 0.0122272 0.00125488 4.09832e-07 0.000704027 0.0268919 7.34066e-05 6.40456e-06 2.5423e-06 1.49487e-05 0.000939113 3.07351e-05 
1.22626e-05 0.00124231 0.00100657 0.874712 4.48648e-05 0.0452429 0.0112436 0.000245276 1.62094e-08 0.00902887 0.00249367 1.96826e-07 0.0285264 0.000509373 0.000713522 7.2703e-09 5.03243e-09 0.000112794 0.0241758 0.000689344 
0.0036677 0.00616676 0.0164095 0.891052 1.45709e-07 0.00101629 0.0102677 0.0107967 0.0174404 0.0064527 0.00835188 9.23449e-11 0.00875936 9.37357e-05 0.000575567 5.99662e-09 1.19746e-06 6.94967e-11 0.0189479 2.61414e-07 
8.18523e-05 0.0569414 0.00849855 0.310681 0.00147386 0.00237741 0.0153369 0.00758747 2.06626e-05 0.241371 0.116019 2.03247e-05 0.126903 0.000187171 0.0472211 4.34749e-06 0.00495197 0.00409731 0.049511 0.00671453 
0.000784756 0.0984362 0.109498 0.333303 0.00299074 0.0124835 0.00105293 0.182679 0.00139497 0.0197263 0.0066001 0.00502078 0.129031 0.0153532 0.00257944 0.000184295 1.33024e-08 4.49918e-06 0.0788654 1.20248e-05 
0.000138839 0.0248349 0.000891817 0.720036 0.000267287 0.00771181 0.00644079 0.0689269 0.00524891 0.013009 0.0149635 2.5573e-07 0.0738171 0.0042336 0.0017195 4.52293e-05 0.00907408 0.000354666 0.0480421 0.000243661 
2.83003e-10 0.101796 2.51718e-06 0.371939 1.49321e-07 0.203654 0.0916022 0.0120323 2.08823e-10 4.3923e-06 2.59441e-06 3.11827e-10 0.132712 2.02062e-06 8.22901e-06 2.45099e-10 1.45145e-06 2.34674e-10 0.0862429 2.58452e-10 
0.00929875 0.350281 0.00321898 0.357463 0.00185586 0.0315581 0.0394662 0.00123699 0.00228111 0.0077155 0.0118851 2.75035e-09 0.0785975 0.00183955 0.00100414 4.31941e-07 5.7201e-06 0.00240269 0.0960834 0.00380588 
1.60165e-05 0.00265014 0.000259954 0.488901 1.62102e-05 0.00557796 0.0146394 0.43797 0.000148874 0.011479 0.00226736 3.8545e-09 0.00391923 0.0128061 0.00128337 3.66973e-07 0.000115569 0.00871484 0.00914719 8.70176e-05 
0.000253581 0.216462 0.162345 0.232068 0.00733431 0.0090376 0.0364415 0.000274475 9.70898e-08 0.00303228 0.0614854 1.23348e-10 0.0833172 2.24024e-06 0.0151853 1.04499e-08 0.000844307 0.0103813 0.158679 0.00285629 
0.00224091 0.0245223 0.0188393 0.563613 0.0035489 0.012978 0.0374838 0.055522 0.00864999 0.0901797 0.0489262 0.00252082 0.032307 0.00287421 0.00236928 2.78188e-05 0.0025972 0.0136754 0.0657133 0.0114104 
0.0071724 0.0511197 0.0486706 0.311822 0.00999834 0.0365607 0.0287252 0.00958338 2.34577e-06 0.0392994 0.0279605 3.72529e-05 0.105643 0.0253488 8.27571e-05 5.14315e-07 2.55045e-05 0.000199983 0.297635 0.000113198 
0.00452997 0.10575 0.000943287 0.431812 0.000183981 0.041124 0.242791 0.00229782 0.000247364 0.00569211 0.0130255 9.42284e-09 0.0234903 0.000385216 0.001091 1.50819e-07 2.32324e-06 0.00559327 0.121038 2.73932e-06 
0.000340192 0.226487 0.0117075 0.289127 2.45224e-07 0.0181203 0.00411346 0.0600801 0.000271761 0.0156446 0.0202696 4.47523e-07 0.181397 0.000296061 0.00119629 1.1683e-10 0.000148804 0.000499307 0.168991 0.00130907 
2.72804e-05 0.165569 0.0282374 0.406526 0.00029573 0.0169003 0.00347794 0.0222387 2.08197e-05 0.0886815 0.045866 0.0167087 0.0419232 0.00131043 0.00028237 0.00100398 9.13621e-05 0.03449 0.125866 0.000482992 
0.00881548 0.0111266 0.00457773 0.697478 0.00111894 0.00413973 0.0153149 0.00244735 0.000222885 0.137584 0.0670588 3.18063e-05 0.00491276 0.00725663 0.00202453 2.76512e-07 0.000100865 0.000638035 0.0204776 0.0146738 
0.00635032 0.0320776 0.0211918 0.490552 0.00165846 0.00831127 0.0139307 0.0701831 0.00309625 0.135311 0.0429931 2.75209e-05 0.044556 0.00160073 0.00120146 0.000381218 6.34643e-05 0.00117847 0.125317 1.81506e-05 
2.07762e-07 0.164555 0.00418325 0.387076 1.42803e-05 0.00476216 0.0953592 0.000277709 3.29712e-06 0.0329259 5.63609e-06 4.6363e-06 0.0962458 0.0238289 0.0155728 3.98863e-10 5.74347e-05 4.7537e-07 0.17512 7.32402e-06 
0.00115503 0.00542306 0.000850933 0.922413 2.97217e-05 0.000119825 0.00138065 0.00143174 0.0132397 0.000740986 0.0183786 2.67611e-09 0.0162603 8.23032e-05 0.00013304 5.03406e-09 5.82608e-06 3.87387e-07 0.018355 1.70131e-11 
0.0182184 0.251278 0.000272128 0.483554 3.06526e-05 0.0144227 0.0255946 0.0220485 1.92624e-06 0.00441788 0.0116251 2.91034e-07 0.0911753 0.00133365 0.0516304 3.81427e-05 1.36015e-05 3.48558e-06 0.024341 3.53896e-07 
0.00325664 0.192 0.010229 0.365707 0.011963 0.0242523 0.020333 0.0144591 0.00108162 0.0315564 0.0707607 7.82096e-05 0.106071 0.00535087 0.000391985 4.66067e-05 0.00705158 0.0158611 0.119424 0.000125997 
0.00392336 0.0532995 0.0141612 0.349626 0.00884842 0.0744125 0.0405677 0.0233185 0.0032803 0.0660337 0.0668597 5.61968e-06 0.10039 0.00328681 0.00506096 6.5039e-06 3.34395e-05 0.000577294 0.181374 0.00493371 
0.000630656 0.18647 0.0336913 0.407996 0.0133988 0.014462 0.0146266 0.0405566 0.0103601 0.0306602 0.0367449 6.68239e-05 0.0801606 0.00412353 0.00264279 0.000866107 0.0012722 0.0111961 0.106349 0.00372632 
0.000404996 0.0828302 0.00694166 0.674693 0.00102022 0.00738432 0.0157089 0.0100895 0.00089262 0.0985959 0.0118736 0.002559 0.033075 0.0026867 0.00238351 9.39294e-05 0.000586896 0.00328804 0.0443383 0.000554173 
0.18896 0.0255201 0.000150036 0.605175 0.000520869 0.00117183 0.000132283 0.104237 0.00053824 0.000123094 0.0208011 3.83068e-10 0.0249474 0.00082632 4.26098e-06 3.01094e-10 7.33735e-11 7.42385e-06 0.0268855 1.26442e-09 
0.00638246 0.0229715 0.0499788 0.454938 0.000144556 0.00502046 0.0120237 0.229804 0.00378151 0.00836109 0.031423 2.75495e-05 0.0556547 0.000107538 0.0447478 0.000241091 3.84343e-05 5.20323e-05 0.0731935 0.00110759 
0.00302355 0.0055881 0.00155611 0.897256 4.83988e-05 1.0601e-05 0.000530046 0.00260292 0.0256596 0.00107174 0.0195571 3.66594e-08 0.0207971 4.20282e-05 0.000206441 4.2047e-08 9.14677e-06 3.82281e-06 0.0220374 4.64921e-12 
4.16116e-05 0.124876 0.00327512 0.519069 0.000163804 0.0014183 0.00791682 0.00802535 0.000221255 0.100492 0.0301452 5.87044e-05 0.0198102 0.00183388 0.000287855 2.04793e-05 1.59725e-05 0.000637783 0.180794 0.00089601 
0.000180397 0.0200977 0.01633 0.614353 0.0209552 0.023264 0.00503114 0.0901008 2.41551e-05 0.0389342 0.0024633 1.32085e-06 0.0441993 0.00860214 0.00114883 4.24958e-07 9.48295e-05 0.00404486 0.104659 0.00551573 
0.000232737 0.08067 0.000543349 0.250608 2.55554e-12 0.00647107 0.00114649 0.0893268 0.0223518 0.142239 0.100402 6.40941e-12 0.0809135 0.000962359 3.3026e-05 4.08959e-07 1.55752e-06 6.21853e-05 0.224035 9.43095e-07 
0.00013941 0.289088 0.000415483 0.315976 3.37775e-05 0.000245019 0.00175393 0.231464 3.34097e-06 0.0121626 0.0132082 1.09559e-09 0.0193777 0.000514137 1.23345e-06 3.96731e-06 5.50171e-06 8.24514e-10 0.115608 9.08056e-10 
3.12664e-05 0.00705859 0.000127385 0.913523 0.000175252 0.00557932 0.00588446 0.0244544 0.0135333 0.000873519 0.000863093 7.06386e-09 0.0131844 0.000170822 0.00153436 8.05359e-09 1.33974e-05 0.000122521 0.0128682 2.63655e-06 
0.00523742 0.0537396 0.00651046 0.523519 0.00284229 0.0155359 0.0375306 0.0755973 0.00689499 0.0256128 0.0647663 7.28789e-05 0.050303 0.00322693 0.0121202 7.34384e-05 0.00182349 0.0466165 0.0637 0.00427692 
0.000931947 0.0233978 0.00431209 0.773983 0.0101053 0.00250851 0.0192843 0.024727 0.00259264 0.0289274 0.0531908 7.62016e-09 0.0263818 4.90188e-05 6.02059e-05 1.76472e-07 1.36264e-05 0.00113276 0.024746 0.00365531 
0.000650923 0.189863 0.00772468 0.505024 0.000596802 0.00417664 0.0132165 0.127086 9.86708e-07 0.020721 0.0098389 1.56982e-08 0.0764491 0.000123672 0.00408203 5.75931e-08 0.00101292 0.00620739 0.0331844 4.07025e-05 
4.23222e-05 0.00127989 0.00129736 0.702649 0.00250749 0.00168441 0.0330745 0.0123504 0.000545357 0.0537666 0.121441 2.1432e-09 0.016301 1.054e-05 0.000689331 4.44329e-07 3.59031e-05 0.014582 0.03619 0.00155227 
0.00340371 0.173893 0.0108959 0.38964 0.0151724 0.0239949 0.0207381 0.0144434 0.00123817 0.0365286 0.0716228 7.74725e-05 0.0903186 0.00703999 0.000381468 4.79624e-05 0.00745606 0.0179507 0.115025 0.000131085 
6.14083e-07 0.00446033 0.000590331 0.961618 1.61255e-05 0.000677277 0.00113215 0.000130803 1.16283e-08 0.00301497 0.00947363 1.78584e-09 0.0105159 0.00189824 1.65768e-05 6.25706e-07 7.95585e-06 0.00125118 0.00518699 8.63936e-06 
0.00942198 3.33187e-06 1.83152e-10 0.696654 9.86373e-07 0.00023035 0.167775 2.76707e-06 5.64375e-06 1.13875e-06 0.0910731 9.39339e-10 1.03268e-06 5.3861e-10 0.00100217 7.38328e-10 2.70849e-07 0.0046962 0.0291272 5.05074e-06 
4.16343e-07 0.0832908 4.16802e-07 0.425146 0.000417089 0.00904555 4.16864e-07 0.0847458 4.16496e-07 0.0221316 0.00525301 4.16284e-07 0.043524 0.00241645 4.16691e-07 0.00520568 4.16804e-07 0.283389 0.0318092 0.00362304 
0.302292 0.0183048 0.000144235 0.433092 0.000380478 0.000886951 0.000110208 0.191312 0.000579051 9.94199e-05 0.0149416 3.67997e-08 0.0179295 0.00060836 1.31934e-05 2.89249e-08 7.04869e-09 1.85605e-05 0.0192873 6.60059e-08 
0.0971616 0.127081 0.000238779 0.358946 0.00586999 0.000129218 0.00516156 0.0443503 0.00202171 0.0139544 0.160535 1.59495e-10 0.00105343 0.00117653 7.68915e-08 8.95055e-09 3.19438e-05 6.61166e-05 0.182216 6.3965e-06 
0.00145741 0.000366165 0.000610061 0.784389 0.00555947 6.01469e-05 0.0267277 0.0144963 5.17508e-08 0.00590536 0.0469961 7.34419e-07 0.00364889 0.00787491 0.00117705 2.31826e-08 9.48234e-06 8.34777e-06 0.100687 2.58736e-05 
0.000282804 0.0606604 0.0253818 0.509953 0.000182251 0.0103453 0.00906216 0.0953756 0.00270523 0.0452805 0.118096 5.21272e-08 0.0425958 0.00170435 0.00125048 7.57993e-08 2.76691e-05 0.000197129 0.0700024 0.00689708 
1.30903e-05 0.0106169 0.00132858 0.885761 3.36668e-05 0.00108455 0.00573411 0.000161045 0.000331653 0.0204676 0.0339412 2.23979e-06 0.0167137 0.00138603 1.09434e-05 8.38931e-06 0.00323102 0.00105018 0.0170931 0.00103146 
5.95039e-11 0.00587997 0.000726465 0.578647 3.27697e-05 0.00198559 0.00483771 0.0497529 0.000299793 0.0177224 0.0466217 1.2459e-06 0.130895 1.94944e-05 0.0022183 4.6976e-09 3.10352e-06 6.91849e-06 0.160324 2.54917e-05 
0.161331 0.0324008 0.00581457 0.347446 0.0102959 0.00316272 0.00670251 0.035869 0.00685904 0.00985324 0.139019 3.51836e-09 0.0738248 0.000927888 0.000538629 5.02237e-08 4.8282e-06 0.024367 0.141582 1.1741e-06 
1.5949e-11 0.0211652 0.00379196 0.879759 0.0522325 0.000905061 0.00176513 2.43883e-08 0.0288363 0.00230049 9.69968e-09 1.75735e-11 0.00757277 0.000168531 0.00118578 1.80752e-06 1.74475e-08 1.32254e-11 0.000315901 4.93601e-09 
2.92875e-05 0.126617 0.0504919 0.462562 0.00207057 0.00169379 0.0235614 0.0384227 0.00010177 0.00330729 0.00766537 3.12174e-11 0.138035 0.000202106 0.00269767 4.15085e-07 9.82653e-06 2.46167e-05 0.0643646 0.0781426 
0.0001719 0.00167214 0.00129563 0.646094 0.000328318 0.002171 0.0517929 0.0155617 0.000679473 0.0635051 0.121434 9.92367e-10 0.0131513 1.04422e-05 0.00191102 4.21546e-07 4.11806e-05 0.00612513 0.0585232 0.0155317 
0.00156463 0.00450255 0.000854381 0.886312 3.91331e-05 0.000152445 0.00112799 0.00398825 0.0201984 0.00174374 0.0149293 6.92616e-08 0.0283776 0.00301641 0.000232149 8.2654e-08 0.000248051 4.33397e-05 0.0326649 4.63604e-06 
2.9659e-08 0.0108065 0.00403008 0.739465 1.69954e-05 0.00313681 0.0167488 8.82444e-12 0.00179514 0.00689346 0.00845815 0.165685 0.0249305 0.000556553 0.000109412 7.04392e-06 4.06076e-06 0.00306965 0.0134112 0.000875108 
8.69918e-05 0.0787489 0.000726258 0.382858 0.000381649 0.00254636 0.00582886 0.00380799 0.189058 0.251944 0.0183432 1.69249e-10 0.0249748 0.000257649 0.00154687 0.000292807 0.000132491 0.00815645 0.0298274 0.000481287 
0.000496524 0.0344618 0.0250123 0.471244 0.00196229 0.00204019 0.00216673 0.0848232 0.247604 0.0263078 0.0105754 7.87137e-07 0.0340048 0.00180903 0.000183843 5.03994e-05 0.000295032 0.0240085 0.0325758 0.000377826 
0.00272817 0.037917 0.0106727 0.507961 0.00288228 0.0132884 0.041415 0.110988 0.0122087 0.00795648 0.0439636 1.0162e-05 0.0614084 0.00193913 0.00323791 1.55692e-05 5.13748e-05 0.00160809 0.139575 0.000173246 
1.5949e-11 0.0211652 0.00379196 0.879759 0.0522325 0.000905061 0.00176513 2.43883e-08 0.0288363 0.00230049 9.69968e-09 1.75735e-11 0.00757277 0.000168531 0.00118578 1.80752e-06 1.74475e-08 1.32254e-11 0.000315901 4.93601e-09 
1.8272e-05 0.00116216 0.00122438 0.820987 0.0328693 0.00722504 0.00213014 0.0730508 0.000104036 0.00324417 0.00461973 1.64019e-07 0.0216621 0.0030531 0.00130069 4.73737e-06 5.92865e-05 0.00174124 0.0251772 0.000366761 
0.000720293 0.134409 0.00950709 0.500507 4.02685e-05 4.55504e-05 0.00120276 0.0565105 0.00115987 0.129513 0.0368099 9.53777e-07 0.0621726 0.000351461 0.000589003 7.25216e-07 5.19387e-06 6.55891e-08 0.0662429 0.000211289 
0.000931947 0.0233978 0.00431209 0.773983 0.0101053 0.00250851 0.0192843 0.024727 0.00259264 0.0289274 0.0531908 7.62016e-09 0.0263818 4.90188e-05 6.02059e-05 1.76472e-07 1.36264e-05 0.00113276 0.024746 0.00365531 
0.000310985 0.0123304 0.0135176 0.388656 0.00029673 0.00758711 0.00974282 0.199097 0.0101767 0.0966974 0.0724511 2.40722e-05 0.0307054 0.00075858 0.0317493 3.48523e-05 0.00967458 0.000283851 0.102828 0.0130773 
0.00148989 0.0315111 0.0121208 0.339768 0.00108589 0.0209734 0.00149425 0.00821633 4.52705e-06 0.140653 0.0083504 6.18255e-06 0.137019 3.24111e-07 0.00085632 1.27215e-05 2.6442e-05 0.00464873 0.291762 2.09946e-09 
2.13057e-05 0.0745981 0.0146819 0.408951 0.000730472 0.0264379 0.0162475 0.155723 0.000296239 0.0333815 0.0598597 1.23974e-05 0.0514457 0.021498 0.00690153 1.06988e-06 0.0074652 0.000190969 0.104871 0.0166849 
0.000177258 0.0759812 0.0128861 0.621486 0.00901568 0.00488376 0.00236257 0.0219682 0.0190836 0.0226305 0.0480175 2.44589e-05 0.047215 0.0068111 0.0196021 8.73709e-07 0.00258474 0.000100214 0.0847764 0.000392394 
0.0163844 0.0155285 0.00577478 0.770274 0.000193438 0.00445322 0.0067586 0.0373768 0.00649224 0.0757359 0.0131835 1.16788e-06 0.0100716 0.0337047 0.00071475 1.24594e-07 4.39279e-05 0.000552435 0.00221561 0.000540533 
0.0011661 0.0281799 0.00715064 0.32605 2.66318e-05 0.0109006 0.0686169 0.0655352 0.182751 0.0088743 0.0249631 1.74142e-11 0.110695 0.0786785 0.00153231 0.000171398 0.000179154 0.00248923 0.0820402 5.0597e-08 
0.00512319 0.256606 0.0162721 0.312575 0.00375409 0.0538785 0.0491805 0.00567842 0.0022441 0.0849138 0.0404127 2.57942e-08 0.0298523 0.00970384 0.000454636 0.00175479 4.91707e-05 0.0104453 0.116181 0.000920192 
0.000382857 0.0962465 0.00935211 0.287681 0.00561104 0.0115294 0.0982049 0.0281868 0.000265754 0.00994148 0.216476 0.000258978 0.0880202 0.00115162 0.0370371 4.38232e-06 0.00112842 0.00719608 0.0985744 0.00275162 
0.000550391 0.00907477 0.000234282 0.510811 0.00239357 0.00659091 0.024602 0.0343009 7.8328e-08 0.0720213 0.235447 1.04824e-10 0.0111025 8.62895e-05 0.00127437 1.81821e-07 3.1224e-05 0.00233736 0.0891425 1.06716e-07 
9.23203e-05 0.0103113 0.00509029 0.854942 0.00794609 0.020739 0.00850807 8.42679e-05 5.23569e-10 0.00276693 0.00331274 2.4417e-08 0.0219595 0.000798845 0.0115339 1.69e-08 7.44292e-06 0.0032297 0.0486771 7.55699e-07 
0.000157834 0.145663 0.000826126 0.668881 0.00463765 0.0179224 0.0728512 0.00140878 8.46359e-07 0.0284374 0.0116544 5.66092e-09 0.0190483 0.000184262 0.000650623 8.16061e-07 0.000103518 3.66099e-06 0.0272175 0.000350175 
0.00183193 0.0576302 0.0606091 0.210476 0.000445817 0.011765 0.108303 0.00536431 0.0290027 0.0395184 0.103368 0.00908695 0.0789435 0.00139898 0.0944154 0.00156432 0.000551191 0.000584247 0.18513 1.03959e-05 
0.00114533 0.169448 0.000470573 0.367198 4.07656e-07 9.54308e-05 0.101469 0.0724163 0.000304967 0.000337316 0.0912044 1.11134e-05 0.0597207 7.12258e-06 0.00520943 7.09241e-06 1.83611e-05 1.95291e-10 0.130937 1.66626e-07 
1.72553e-05 0.0530384 0.00378429 0.688 2.70465e-05 0.00109478 0.00259379 0.00972881 0.0404073 0.017625 0.0253134 3.95065e-06 0.0883886 6.49313e-05 0.000142793 2.61899e-08 0.000116793 0.000661623 0.0689911 3.64408e-07 
0.090588 0.0907633 0.00913872 0.515602 0.00754918 0.00633487 0.0314752 0.0385625 0.000727593 0.0386877 0.027591 3.15454e-05 0.0520339 0.000722537 0.0390604 0.000602217 2.35566e-05 0.00158835 0.0470523 0.00186526 
0.000482845 0.00614148 0.0101267 0.422665 0.00011645 0.00282476 0.00556306 0.346701 0.00446668 0.00787136 0.0323567 1.6737e-06 0.0270418 5.05913e-05 0.0603011 2.22701e-05 8.66761e-06 7.65785e-05 0.0715357 0.00164583 
2.32287e-05 0.0589966 0.0312939 0.580324 1.22805e-05 0.0202582 0.0714294 0.0054818 0.0377664 0.0428428 0.0164574 0.0111171 0.0142972 0.000122055 6.46474e-06 6.01354e-08 3.21813e-06 0.00181618 0.104802 0.00294937 
0.00176411 0.00540988 0.00129989 0.911841 4.53565e-05 8.20976e-06 0.000479334 0.00218723 0.0202254 0.000941169 0.0171877 1.49676e-09 0.0180766 4.23384e-05 0.00020318 2.77187e-09 8.88968e-06 5.69353e-07 0.0202791 4.54822e-12 
1.61471e-05 0.0411664 0.0133615 0.291242 0.000356862 0.00500616 0.014872 0.0004209 7.03831e-05 0.0641009 0.042964 1.50812e-10 0.184404 0.00057459 0.17902 8.92661e-06 8.55986e-05 0.00375344 0.157191 0.00138558 
0.0691767 0.0184861 0.0247645 0.60137 0.000303668 0.00819191 0.0382827 0.00516667 0.0018361 0.0178829 0.0237848 5.21626e-05 0.115167 0.00537252 0.000412371 2.54474e-06 0.0507461 0.000295792 0.0183457 0.000359355 
0.000243467 0.15636 0.0303591 0.270326 0.00530118 0.00861669 0.0800722 0.188564 1.77932e-07 0.00637297 0.0775775 0.000152601 0.132917 0.00285266 0.0119738 9.2125e-05 7.19487e-09 6.11888e-08 0.0280812 0.000137255 
0.000684544 0.200364 0.000508883 0.498203 0.0091451 0.0266496 0.0019473 0.0562623 0.00232103 0.00816734 0.0481268 1.86981e-08 0.0620745 0.00118422 0.000657768 8.67362e-07 0.000115421 0.00288934 0.0806885 9.13681e-06 
6.93425e-07 0.0911991 4.96778e-08 0.597301 5.97219e-11 0.00850289 3.50645e-07 1.81821e-11 1.00307e-10 0.121955 1.69683e-06 1.49785e-10 0.00484875 0.000242653 0.00361155 1.29623e-07 5.7409e-08 1.12725e-10 0.172336 1.73929e-07 
0.00138016 0.0229152 0.060482 0.549389 0.0106337 0.00799949 0.0107085 0.00616819 0.000132161 0.208298 0.0391293 1.12215e-05 0.0381861 0.00681813 0.000129684 2.56424e-07 0.000167528 0.000127636 0.032167 0.00515701 
0.00564298 0.136802 0.0127831 0.289042 0.00272665 0.0190649 0.0388647 0.0429562 0.00326152 0.151299 0.0591792 0.0024739 0.103399 0.00149371 0.00650202 0.00017982 0.00143052 0.00410819 0.112955 0.00583612 
0.00487681 0.0513408 0.00495151 0.549651 6.23226e-05 0.002274 0.0455489 0.209903 0.0219869 0.0266226 0.0234584 7.52997e-06 0.00389551 0.00188435 0.00123994 1.16814e-06 0.00339666 3.81001e-05 0.0482755 0.000585944 
0.000101487 0.155656 0.00788828 0.395888 0.00195071 0.00166067 0.00612821 0.0515071 0.0113679 0.12191 0.0188725 1.19004e-10 0.133837 0.00156299 0.00293792 1.7367e-05 1.80443e-05 0.000751839 0.086987 0.000957703 
0.00168913 0.130867 0.0010505 0.825376 8.05533e-05 0.00912531 0.00681563 0.000615987 9.65862e-08 0.00310412 0.00376152 3.22992e-10 0.00503534 0.00055271 0.00163812 7.72668e-08 2.77316e-06 8.22092e-05 0.0101863 1.61061e-05 
0.00100969 0.123316 0.0217417 0.53671 0.00401573 0.00089463 0.00254636 0.0325332 0.000847624 0.00531992 0.0144561 4.94901e-11 0.106185 0.0021741 0.00551453 8.85532e-06 3.65353e-05 3.39374e-05 0.142583 7.18139e-05 
2.60835e-05 0.183001 0.00017738 0.357731 1.65183e-08 0.000635802 0.00176566 0.0621578 0.00900289 0.102254 0.0430919 1.16071e-07 0.0733216 0.000875423 0.000166001 3.80717e-08 2.5284e-06 5.19711e-11 0.16579 3.62466e-08 
0.00357521 0.0948985 0.00762296 0.563798 0.00652289 0.00883006 0.0182348 0.0805227 0.0420936 0.0352335 0.0244439 5.53763e-05 0.0376855 0.00815408 0.00222109 5.80734e-05 4.8452e-05 0.0015021 0.0614694 0.00302959 
0.000900871 0.286763 0.018686 0.367291 0.00844272 0.0117 0.0318138 0.0123002 0.0260686 0.0325453 0.0383918 0.00454711 0.0552287 0.00574815 0.00404541 7.91421e-05 0.000223891 0.0029253 0.0921425 0.000155468 
0.000288648 0.041826 0.0263179 0.34881 0.000575857 0.023234 0.0119123 0.0896143 0.000118862 0.134771 0.0656442 2.76629e-11 0.154605 6.02296e-05 1.19981e-05 6.58567e-06 9.33492e-05 0.00273063 0.0833159 0.016063 
7.00397e-05 0.16281 0.004622 0.401315 0.023918 0.00578016 0.0190221 0.0355965 0.000267093 0.0238932 0.0630879 2.44357e-05 0.094721 0.000412415 0.00181286 8.58198e-06 0.000451132 0.000211903 0.161961 1.50142e-05 
0.0392069 0.0454173 0.0475593 0.545212 0.0430224 0.00555182 0.00520521 0.0327494 2.71137e-12 0.0154445 0.0707089 4.04877e-12 0.138094 0.00216593 0.000614779 1.4613e-06 0.000414976 0.000973147 0.00762764 3.00095e-05 
0.0143464 0.138358 0.0997197 0.278297 0.00972071 0.0482753 0.111518 0.0127337 0.0199277 0.0215134 0.0401963 5.64717e-09 0.0208252 0.0531383 1.30031e-05 3.60417e-06 0.00198223 0.0847845 0.0445919 5.53208e-05 
3.90794e-05 0.0184722 0.0334287 0.583357 0.00264536 0.0427898 0.0579334 0.00217949 0.000222304 0.0440355 0.0522274 2.05154e-06 0.0536154 0.00414792 0.000237109 1.07417e-05 8.09831e-05 0.011187 0.0933123 7.64804e-05 
0.00573567 0.0181616 0.0279104 0.385867 6.17032e-05 0.0421657 0.0915323 0.110756 0.00698397 0.0371041 0.0993367 1.07924e-08 0.0407974 0.000607365 0.000715107 2.56054e-07 5.03889e-05 0.000108788 0.129713 0.00239208 
0.000125905 0.00118008 0.00360121 0.798672 0.000274376 3.76931e-07 0.000784866 0.000529528 4.44981e-08 0.148015 0.0322781 2.23277e-11 6.46882e-05 0.00119274 8.21775e-12 1.75498e-11 1.42137e-05 0.00015923 0.0131079 1.96201e-07 
1.22626e-05 0.00124231 0.00100657 0.874712 4.48648e-05 0.0452429 0.0112436 0.000245276 1.62094e-08 0.00902887 0.00249367 1.96826e-07 0.0285264 0.000509373 0.000713522 7.2703e-09 5.03243e-09 0.000112794 0.0241758 0.000689344 
0.00219664 0.0377133 0.0181829 0.490287 0.00989301 0.0174638 0.0338086 0.106653 0.00458785 0.122039 0.0303502 0.00181237 0.0465353 0.00489716 0.0029331 2.21758e-05 0.00132711 0.00212549 0.0643175 0.00285468 
0.00156686 0.00721887 0.0568737 0.39886 0.0253452 0.0126601 0.0106675 0.334237 0.000856596 0.00617243 0.00434881 7.26155e-08 0.0227507 5.10087e-05 8.27255e-05 3.76151e-06 0.000446755 1.32628e-05 0.117681 0.000163272 
0.00052382 0.0258198 0.0050176 0.44222 0.00134275 0.00938315 0.0289118 0.267567 0.00458091 0.107572 0.0294264 1.78312e-05 0.0215799 0.000753717 0.00793702 1.90576e-05 2.8076e-05 0.00154637 0.0456395 0.000113838 
0.000482845 0.00614148 0.0101267 0.422665 0.00011645 0.00282476 0.00556306 0.346701 0.00446668 0.00787136 0.0323567 1.6737e-06 0.0270418 5.05913e-05 0.0603011 2.22701e-05 8.66761e-06 7.65785e-05 0.0715357 0.00164583 
0.022273 0.0185869 0.0217685 0.304443 0.0011514 0.00845786 0.0264506 0.116048 0.00506016 0.184222 0.0836949 0.000152908 0.057867 0.0118522 0.0582896 1.94809e-05 0.000118049 0.00125018 0.0777224 0.000572226 
0.00207447 0.0875132 0.00718934 0.62926 0.000189267 0.00210373 0.00413514 0.0858453 0.00150094 0.0345301 0.0260233 9.54936e-06 0.0298063 0.00022455 0.0338143 1.69075e-05 2.58363e-05 0.000224504 0.0547843 0.000728615 
3.71547e-05 0.0130576 0.0301236 0.646629 0.000640422 0.0033323 0.0429659 0.00651525 3.11886e-05 0.205321 0.00981591 3.29672e-06 0.000942471 0.00290637 0.000111256 4.95166e-07 4.22221e-05 0.00158151 0.0293589 0.00658366 
0.00404065 0.116061 0.0170863 0.613116 3.74968e-07 6.44206e-12 7.832e-09 0.0324368 0.0239741 0.0806435 1.4989e-06 2.01463e-06 0.036719 0.0305361 2.37806e-08 6.40195e-09 7.54763e-05 2.1172e-08 0.0453066 3.57852e-08 
0.0109029 0.086572 0.0115692 0.580403 5.49644e-05 0.0107358 0.0114349 0.0478522 0.00328176 0.00338969 0.0163871 5.08472e-09 0.0320439 0.0466732 0.0648469 1.1319e-05 5.65326e-06 0.000561084 0.0691352 0.00413906 
0.000245649 0.0587121 0.0140216 0.574956 0.00531821 0.00594005 0.0193455 0.146813 0.000303497 0.00591599 0.0159919 4.01799e-05 0.0536644 0.00121156 0.00397543 5.06753e-06 0.000145368 0.0089144 0.0778372 0.00664338 
0.000470247 0.18268 0.0187524 0.505717 0.00763431 0.0145366 0.0161495 0.0106974 0.00347606 0.0949426 0.0335662 7.32926e-06 0.0447824 0.000668871 0.00024479 1.32054e-05 5.55405e-05 0.00427324 0.0612749 5.70799e-05 
1.5949e-11 0.0211652 0.00379196 0.879759 0.0522325 0.000905061 0.00176513 2.43883e-08 0.0288363 0.00230049 9.69968e-09 1.75735e-11 0.00757277 0.000168531 0.00118578 1.80752e-06 1.74475e-08 1.32254e-11 0.000315901 4.93601e-09 
0.00204542 0.0755023 0.013675 0.559567 0.00353953 0.0118732 0.0226583 0.0526277 0.0250414 0.0671499 0.0310121 0.00110098 0.0599354 0.00459364 0.00366035 0.00034357 0.00121481 0.00229348 0.0610226 0.00114314 
0.00123827 0.0525832 0.0198153 0.425499 0.00201065 0.0215311 0.00549024 0.181056 0.0238516 0.00964822 0.14018 1.06272e-05 0.0597029 0.0247179 0.00105282 1.00299e-07 7.30732e-05 0.00547674 0.0260522 1.07293e-05 
8.69455e-05 0.0617696 0.00903804 0.511714 0.000450344 0.0232608 0.0146867 0.047415 0.000848245 0.124318 0.070364 3.49116e-10 0.00494365 0.000127031 0.00431951 1.79154e-06 2.70697e-07 0.000547757 0.125819 0.000290483 
0.000339439 0.0364022 0.00274831 0.434875 0.000949328 0.00835867 0.0686042 0.00699545 0.0277568 0.0137472 0.118813 0.000172408 0.0596332 0.00353002 0.000699809 5.22476e-06 4.41107e-05 0.0328237 0.18301 0.000491812 
0.000503191 0.0962589 0.0219637 0.356435 0.00225559 0.0375906 0.0404283 0.121844 0.0252836 0.0177665 0.0729238 6.17623e-08 0.103558 0.00211951 0.0047053 2.33941e-05 0.000130656 0.000159613 0.0924628 0.00358742 
0.00792047 0.0607473 0.0021547 0.487863 0.00266801 0.00189709 0.0223915 0.0152139 0.0051057 0.17256 0.116457 2.80397e-06 0.0210326 0.00130354 0.00231326 4.74771e-07 2.80098e-05 0.000953168 0.0793843 2.49916e-06 
0.00106287 0.164154 0.0122784 0.490659 0.0261457 0.0127252 0.0291348 0.0674621 0.0309597 0.00857914 0.0148064 0.000104426 0.0432963 0.0109417 0.00388024 0.000238883 0.000149977 0.000179675 0.0828421 0.000399156 
0.000259776 0.0330663 0.00393295 0.588227 0.000795244 0.0111572 0.0179567 0.110878 0.00102615 0.0292109 0.0270965 2.87222e-05 0.0677135 0.00811504 0.000639606 9.42479e-05 0.0105921 0.00012921 0.0890012 7.9323e-05 
0.00020071 0.00611479 0.00295432 0.76778 0.000202241 0.00222686 0.00625218 0.0980111 0.0025616 0.0128741 0.031103 1.19987e-07 0.0190585 0.000904532 0.00107013 5.65412e-07 1.31766e-05 0.00381785 0.0438923 0.00096162 
0.00028895 0.0265541 0.00957736 0.501264 0.000821613 0.0019328 0.0147678 0.189799 0.00472114 0.0536328 0.0581839 4.94618e-07 0.0402914 0.000856134 0.00082502 2.18583e-06 0.00540236 0.00295598 0.0873488 0.00077373 
0.00129645 0.0275836 0.00481941 0.628304 0.00470252 0.00613838 0.0123267 0.112374 0.0120048 0.0563711 0.0300708 0.000686424 0.0352465 0.00174351 0.0017847 3.54361e-05 7.84039e-05 0.00247854 0.0608512 0.00110361 
0.00143853 0.0275584 0.00333487 0.878986 1.43615e-05 0.000734033 0.00817998 0.00467993 0.00199712 0.00372583 0.0308219 6.78424e-08 0.00709689 0.000510694 0.000166555 2.11391e-07 2.44417e-06 0.000577368 0.0293813 0.000793436 
0.00438713 0.0212085 0.0145254 0.436571 0.00016579 0.00474289 0.0142516 0.320116 0.0166845 0.00626628 0.0705639 1.34295e-10 0.0344175 0.00035193 0.000764621 4.32371e-06 3.91848e-05 2.77084e-06 0.0543854 0.000551361 
1.5949e-11 0.0211652 0.00379196 0.879759 0.0522325 0.000905061 0.00176513 2.43883e-08 0.0288363 0.00230049 9.69968e-09 1.75735e-11 0.00757277 0.000168531 0.00118578 1.80752e-06 1.74475e-08 1.32254e-11 0.000315901 4.93601e-09 
0.00131608 0.0203295 0.0126948 0.540918 0.00652245 0.00435173 0.0203833 0.0213749 0.178162 0.0716404 0.0267415 2.06133e-06 0.0425983 0.00032156 0.00438812 5.44974e-05 3.78167e-05 0.00194958 0.0455123 0.000701645 
0.00302355 0.0055881 0.00155611 0.897256 4.83988e-05 1.0601e-05 0.000530046 0.00260292 0.0256596 0.00107174 0.0195571 3.66594e-08 0.0207971 4.20282e-05 0.000206441 4.2047e-08 9.14677e-06 3.82281e-06 0.0220374 4.64921e-12 
0.00284295 0.190126 0.00333172 0.423709 0.000631928 0.0159739 0.00948919 0.00260991 0.051613 0.141725 0.0605489 1.07131e-06 0.0560914 0.00628363 1.73826e-05 6.30438e-05 0.000202767 0.000643678 0.0254845 0.00861143 
0.0019876 0.33133 0.00795246 0.583808 5.68462e-05 0.00767389 0.000952441 0.0177716 2.83894e-05 0.000871638 0.00867982 2.83726e-05 0.0153717 0.00798987 7.72028e-05 1.30427e-08 1.86703e-05 0.00199792 0.0114488 0.00195485 
0.00113104 0.0186087 0.00652866 0.295287 0.000192546 0.001616 0.0378456 0.0323582 0.000183541 0.0194739 0.263938 2.31702e-07 0.0571697 1.35764e-05 0.00335116 0.0424595 5.52502e-05 0.000176014 0.219582 2.94349e-05 
0.000143328 0.0484045 8.92284e-10 0.514126 0.00228273 9.53768e-06 0.249999 0.0149288 2.08652e-07 0.13943 0.00870295 4.57628e-09 0.00455165 1.29793e-05 0.00567539 3.59699e-09 8.76549e-10 0.0114676 0.000263781 1.11046e-06 
