0.00392429 0.112905 0.0242687 0.0617251 0.0058342 0.330656 0.203836 0.0186129 6.10892e-05 0.00958713 0.00644131 8.42868e-09 0.0423312 0.0362035 0.0272316 0.000734535 6.78451e-05 0.0190682 0.0964997 1.22175e-05 
0.000285941 0.00944148 0.0366216 0.0281941 0.000474302 0.471518 0.0364869 0.00053308 0.000259167 0.150341 0.0595847 8.10242e-06 0.0813357 0.00231457 0.0037365 1.36762e-07 2.85853e-06 0.0644835 0.0532956 0.00108199 
0.000238801 0.00267164 0.000366942 0.0147068 0.00066745 0.865886 0.0595956 0.000493067 3.09526e-07 0.00208164 0.00165979 4.62203e-07 0.00122022 0.000555749 0.00443064 4.11007e-06 2.09016e-05 0.0154287 0.0298978 7.33494e-05 
0.00562332 0.068492 0.107698 0.000652554 3.07611e-05 0.334758 0.240181 0.000122404 2.10568e-06 0.0820622 0.00298824 0.00223559 0.0642394 0.0294157 0.000485876 1.65434e-08 3.99852e-07 0.00249635 0.0564271 0.00208867 
0.00306285 0.0043858 0.0177778 0.0481439 0.00145455 0.44255 0.243972 8.76303e-05 3.64782e-05 0.019657 0.00676904 0.00209905 0.0640882 0.00036135 0.0432514 4.46056e-09 3.9731e-05 0.0707162 0.0168008 0.0147464 
0.000261688 0.129269 0.0105468 0.0569098 0.00168711 0.48411 0.0823043 0.0018669 4.09492e-06 0.000789748 0.000201147 1.29742e-07 0.153036 0.000920578 0.0757644 1.41029e-06 8.51415e-07 0.000151384 0.000670034 0.00150413 
1.35421e-07 3.47445e-07 9.62156e-06 8.04473e-13 3.23336e-07 0.499959 0.000596457 2.29758e-08 9.25143e-12 9.76057e-08 8.85222e-07 1.38148e-11 0.491268 7.9213e-12 3.95075e-07 1.08585e-11 3.32142e-05 2.36838e-06 0.00812849 5.24427e-07 
1.38627e-05 0.0972069 0.0181248 0.0383126 0.0026864 0.42224 0.0292541 0.00402256 0.00200938 0.0963324 0.0231987 8.69725e-07 0.161527 0.0331243 0.00132692 3.05997e-05 4.75447e-05 0.0048113 0.0656796 5.0362e-05 
2.59738e-05 0.00536388 0.00684952 0.0107429 0.00147136 0.786418 0.0480423 0.000327195 3.08916e-11 0.00181732 0.000542921 0.000123502 0.0969394 0.00246161 0.00465627 9.33937e-07 1.62753e-05 6.02152e-05 0.0339492 0.000191705 
2.1975e-06 0.0229209 0.00147779 2.00988e-05 0.000740173 0.739158 0.0940651 2.17897e-06 1.6215e-06 7.11382e-05 0.000163107 3.23803e-06 0.140207 4.60686e-05 1.44943e-06 1.90318e-06 0.000594095 1.82223e-06 0.00050311 1.87942e-05 
0.00460484 0.0363421 0.0924418 0.0537297 0.00189439 0.211975 0.130828 0.00360061 0.000134476 0.0235029 0.0759689 0.00234619 0.205048 0.0225714 0.00679358 3.86337e-06 0.00707638 0.0116023 0.108963 0.000572559 
1.03198e-09 0.0456062 0.000357859 0.0478038 5.56655e-07 0.48507 0.187356 9.72789e-06 2.92427e-06 0.0487876 0.000375839 1.13709e-09 0.110778 0.000624987 3.0442e-07 8.93761e-10 9.8672e-05 8.55747e-10 0.0731262 1.31258e-06 
0.000192085 0.0102391 0.0142577 0.00491536 0.000254061 0.512333 0.0452034 7.35661e-05 1.57607e-05 0.0022002 0.0148501 1.50432e-07 0.185428 0.00117911 0.000362106 5.51949e-07 2.2342e-06 0.0461965 0.162277 2.00762e-05 
0.000109072 0.0470318 0.000500256 0.00219026 6.49206e-05 0.380544 0.246274 0.00208438 3.11087e-05 0.000670336 0.0339635 1.36156e-09 0.215815 9.81239e-05 0.00331159 1.0249e-05 3.26419e-05 1.0087e-06 0.0672679 5.84789e-07 
7.57733e-05 0.0393808 0.0403705 0.0324956 0.00127047 0.22433 0.17943 0.0182702 0.00432593 0.0221035 0.0456752 8.05439e-05 0.180272 0.0117743 0.0157141 4.33522e-05 0.0212252 0.00848843 0.153787 0.000887855 
3.38284e-07 0.0899336 0.00915885 0.0320972 0.0021582 0.540311 0.00833822 0.000633183 0.000231616 0.0130275 0.0132814 9.30026e-07 0.153332 0.0219997 0.000598794 2.92975e-07 5.86476e-05 2.80514e-07 0.114709 0.000128962 
7.12016e-05 0.141903 0.00656333 0.0248331 0.000101674 0.636403 0.00663847 0.000471954 2.05246e-06 0.0134225 0.113781 1.15308e-09 0.00366423 0.0390801 0.000170059 2.86806e-05 0.0031195 1.26323e-06 0.00973384 1.13731e-05 
5.23653e-05 0.171728 0.00681714 0.146773 0.00011321 0.387643 0.0276461 0.00131904 0.00736815 0.0339772 0.0545784 2.23801e-07 0.0727687 0.0175563 0.000854091 0.000320301 4.85427e-05 0.00240984 0.0420819 0.0259445 
1.05146e-05 0.0976548 0.140115 0.00726434 0.00103784 0.31 0.0968148 0.00133659 0.000120601 0.0215372 0.019955 2.40933e-05 0.198969 0.0234628 0.0023457 5.18622e-05 0.00465541 0.00112282 0.0730391 0.000481821 
2.41615e-08 0.0044729 0.106938 0.000257906 1.81882e-05 0.236925 0.148083 6.84646e-07 2.74389e-08 0.0119405 0.0635348 1.63765e-07 0.210716 3.89906e-08 0.00184422 4.45457e-08 5.91704e-06 0.00746922 0.207669 0.000124017 
0.0217393 0.0427371 0.0230546 0.000516022 5.78804e-05 0.523431 0.0363602 2.27407e-05 5.10728e-05 0.000578767 0.0179568 1.58214e-06 0.15639 0.000532223 0.0149263 4.45369e-06 0.000310387 0.000317469 0.160941 7.13084e-05 
1.60701e-05 0.000278421 0.00273443 0.0247972 0.00143226 0.636867 0.0578513 0.00409505 0.000704138 0.0493103 0.0241061 6.96061e-08 0.0920844 0.0179365 0.000784697 4.01267e-07 1.39339e-05 0.000186219 0.086443 0.000358741 
6.44724e-05 0.0229354 0.00646923 0.00455058 0.000318446 0.740037 0.0362966 1.7399e-05 6.48148e-05 0.011677 0.000311557 4.5078e-08 0.027713 0.00325232 0.00117422 1.08218e-06 1.69331e-06 0.000252858 0.144861 1.18105e-06 
0.000242969 0.235623 0.000693406 0.0149338 0.000101551 0.401052 0.00310852 0.00187858 0.00430724 0.0151515 0.00379088 0.000457665 0.193108 0.000531582 0.000362414 4.40919e-05 4.47242e-05 0.00602402 0.115767 0.00277783 
4.34701e-05 0.0339983 0.0107945 0.0320225 0.00319064 0.629419 0.0249388 0.0124795 2.87881e-05 0.00609115 0.0341515 1.0472e-06 0.0958405 0.00372585 0.0288498 2.73169e-06 0.0203548 0.000975789 0.0626232 0.000468568 
4.20214e-06 0.0364814 0.00403163 0.00753944 1.03053e-05 0.659972 0.168288 0.0111865 7.57841e-06 0.00263253 0.00798386 1.24456e-07 0.0526824 0.0193231 0.00307223 0.0212883 4.28258e-05 0.00321359 0.00223399 6.46152e-06 
7.90853e-06 0.00919991 0.00625546 0.000527622 5.15979e-06 0.632733 0.0124259 0.00156249 8.11601e-05 0.00683668 0.00325775 1.69365e-08 0.231468 0.00391841 0.000559044 1.9553e-09 2.04368e-08 0.000411376 0.0907356 1.4837e-05 
0.000231388 0.36103 0.0133246 0.0242586 0.00122526 0.392018 0.0340857 0.000443448 1.50128e-06 0.00693841 0.00226207 9.65254e-05 0.0513752 0.10024 0.00116243 3.95911e-09 0.000269436 0.000257609 0.00683439 0.00394498 
0.000325644 0.0960926 0.00107189 0.0285065 7.74695e-06 0.510643 0.0655742 0.000166758 5.79618e-07 0.0469485 0.00729833 1.47953e-08 0.190353 0.000720758 0.000729749 2.10968e-06 6.07946e-07 0.0100605 0.0414711 2.61964e-05 
0.000530675 0.0422322 0.0284623 0.0473176 0.0622396 0.343199 0.106185 0.00578739 0.000108538 0.0164962 0.0916787 1.79885e-05 0.0828568 0.0039546 0.00204382 9.94583e-05 0.000264112 0.0138948 0.151927 0.000705222 
0.00077097 0.0538294 0.000648837 0.0465097 0.00126195 0.390252 0.178212 0.000551089 7.28643e-06 0.0514152 0.0162471 3.2562e-07 0.00952919 0.0364882 0.0119364 2.64915e-05 3.06218e-05 0.000230049 0.20204 1.44925e-05 
1.44017e-07 0.00524205 0.000468628 2.77001e-05 2.08935e-08 0.980187 0.000561969 2.14665e-07 7.48519e-10 1.73513e-06 0.0108085 1.11773e-09 5.7683e-11 1.16444e-05 1.22373e-07 1.44425e-07 0.00265077 8.4118e-10 3.93399e-05 4.34324e-08 
0.00816477 0.0347743 0.0143903 0.0584116 0.000399476 0.400889 0.0174147 0.0198379 0.00302762 0.0164137 0.0304547 0.000150177 0.190228 0.0133216 0.00237927 3.66141e-06 6.08121e-05 0.000511127 0.188607 0.000560075 
0.00205296 0.0129725 0.0388548 0.0527372 0.000440731 0.510963 0.144467 0.000284918 2.56219e-06 0.0184264 0.0363154 0.00484402 0.0979159 0.000591992 0.00186945 8.01264e-06 7.63096e-06 0.00034816 0.0768947 2.29692e-06 
0.00148573 0.0714794 0.0193048 0.0180184 0.0109982 0.654948 0.0552688 0.00242669 0.000635535 0.00526396 0.00823208 2.84921e-05 0.107667 0.00850311 0.00174303 7.27417e-07 6.56493e-06 0.000159296 0.0326398 0.00119074 
3.88313e-05 0.0228995 0.0013087 0.0344903 6.78433e-06 0.660009 0.00603897 0.00204905 1.21296e-06 0.0656933 0.019275 1.36699e-08 0.153754 0.00220177 0.0159293 1.07447e-08 3.05047e-06 0.00141875 0.0148715 1.13224e-05 
0.000581109 0.0564864 0.014889 0.0370794 0.0529894 0.235938 0.063817 0.0257522 0.00142311 0.018575 0.137517 2.38093e-07 0.155555 0.00555994 0.0220795 6.67188e-05 0.00539931 0.00279899 0.162889 0.000603102 
0.00127127 0.0705317 0.0296647 0.192829 0.00102609 0.332207 0.0112767 4.75328e-05 8.2373e-06 0.23801 0.0132274 6.26983e-06 0.0125752 0.00928406 0.00074801 4.85598e-07 9.03313e-06 0.00457945 0.0826468 5.19154e-05 
0.000687215 0.0297408 0.0108947 0.0323054 0.00219486 0.255641 0.0666697 0.0120902 0.0025563 0.0234121 0.145251 2.49795e-05 0.164474 0.0028015 0.00244669 3.09275e-05 4.0466e-05 0.00618279 0.226077 0.0164791 
0.00648979 0.147157 0.015787 0.170529 0.00197738 0.26668 0.0635799 0.00806486 0.00125625 0.0187973 0.0944758 1.58446e-05 0.0627152 0.00680562 0.000717482 5.81523e-05 8.27326e-06 0.0054735 0.129397 1.4324e-05 
0.000231388 0.36103 0.0133246 0.0242586 0.00122526 0.392018 0.0340857 0.000443448 1.50128e-06 0.00693841 0.00226207 9.65254e-05 0.0513752 0.10024 0.00116243 3.95911e-09 0.000269436 0.000257609 0.00683439 0.00394498 
0.144394 0.110214 0.00578041 0.149567 0.00643051 0.242205 0.0349416 0.00051837 0.000133606 0.0690223 0.00310564 0.00223564 0.0534793 0.00300377 0.0086272 5.91892e-05 1.54884e-05 0.00023292 0.145571 0.0204632 
7.66313e-06 0.0234866 0.0166734 0.00602737 0.00174699 0.662831 0.10888 0.00028065 7.38835e-09 0.00294779 0.0277108 1.44833e-07 0.10346 0.0260543 0.00561414 7.2672e-05 5.72165e-06 0.000125644 0.0140393 3.59311e-05 
4.83772e-10 0.000178732 3.15471e-06 0.0819445 0.00395285 0.273982 0.116956 0.0002074 1.2115e-06 0.0776583 0.106002 5.33045e-10 0.0924947 0.00804431 2.52645e-06 4.18977e-10 1.87725e-05 0.0175573 0.220226 0.000770127 
0.00050645 0.0502991 0.0830446 0.0450141 3.3688e-07 0.329258 0.133123 0.000394728 1.38959e-10 0.19631 0.00618436 2.7301e-05 0.134747 1.73609e-06 2.31136e-06 1.63098e-10 3.47903e-08 0.000366378 0.0203487 0.00037244 
0.00121821 0.229767 0.00366992 0.0366028 0.00363093 0.431459 0.0107933 0.00689318 1.33484e-05 0.00192314 0.109378 4.2667e-06 0.118507 0.00373435 0.0213151 1.97985e-05 0.000286178 0.000402744 0.0200792 0.000303671 
0.000206831 0.0185393 0.00107761 0.0275594 0.00243866 0.447243 0.0310538 0.0108701 6.3606e-05 0.0203603 0.0177384 9.49653e-06 0.198885 0.00410788 0.00356953 2.70382e-06 9.88003e-06 0.0128495 0.203394 2.11069e-05 
2.23202e-06 1.64006e-05 4.79525e-07 0.00067599 0.000106368 0.668348 0.131547 2.98535e-07 1.64697e-06 0.000844046 0.00683833 2.45935e-06 4.24381e-05 0.070334 0.0211921 1.93307e-06 1.49108e-06 0.00208742 0.0979553 2.03839e-06 
3.32543e-07 0.0185965 0.00195433 0.00301955 0.000157578 0.862952 0.00136881 2.178e-06 2.3913e-09 0.0266941 0.00037858 4.76817e-09 0.061218 0.0230098 0.000192063 1.41315e-10 1.90363e-06 7.94204e-05 0.000371798 2.63912e-06 
0.000528127 0.0236229 0.0688618 0.00262721 0.0217331 0.375951 0.0718173 0.0547556 0.00154075 0.000454456 0.0586196 0.000119035 0.165063 0.00115429 0.0138622 0.000774883 0.000120557 0.000102192 0.138292 1.45083e-07 
3.50079e-06 0.0245399 3.50464e-06 0.0382122 3.50356e-06 0.267073 0.0581893 3.50505e-06 3.50207e-06 0.234454 0.153183 3.50029e-06 0.050832 0.057096 3.50371e-06 3.50145e-06 3.50466e-06 3.50162e-06 0.116383 3.50122e-06 
3.84398e-05 0.0327651 0.00458832 0.0527245 0.00155141 0.632462 0.0855484 0.0173824 0.000135104 0.00272365 0.00257227 1.71277e-07 0.0413217 0.00351612 0.000109484 5.51455e-05 0.0290424 0.0300101 0.0632098 0.000243329 
1.30623e-06 0.00271831 0.0873256 0.0415675 0.000543495 0.349845 0.298981 0.000648322 1.98022e-06 0.0202846 0.00212458 9.73051e-05 0.0274614 0.000165063 0.00433244 9.86346e-06 0.0966238 0.00876831 0.0550362 0.00346456 
0.000155497 0.092077 0.162392 0.0237495 0.00023649 0.325017 0.0646384 0.00116194 5.23823e-05 0.0317916 0.0420243 5.77475e-09 0.100874 0.0413281 0.0335684 3.2669e-07 0.00199609 0.000279749 0.0772642 0.00139361 
6.98221e-05 0.0140577 0.00382085 0.0333021 0.01403 0.587941 0.0152926 0.0182993 0.00149809 0.0241255 0.0456776 2.11152e-05 0.0851988 0.00154487 0.000671973 3.13172e-05 0.000884956 0.00110079 0.110758 0.0416741 
1.56756e-05 0.00614242 0.00808578 0.00605264 0.000164789 0.771176 0.0721706 0.000622142 4.30529e-07 0.0038552 0.00608022 6.20985e-10 0.0712895 0.00402454 0.000691952 1.26256e-06 6.41062e-05 4.57161e-06 0.0495569 1.01268e-06 
0.00127836 0.0305934 0.0415869 0.0620775 0.00308395 0.517604 0.0917381 0.000274436 5.96803e-07 0.0713081 0.0113223 0.000135309 0.0281037 0.00534367 0.000137175 2.40395e-05 7.13352e-05 0.0197541 0.115562 5.25429e-07 
2.04763e-05 0.0438725 0.00742075 0.00890883 0.00373272 0.446238 0.0975013 0.000285434 1.87453e-09 0.0489899 0.0207406 6.57619e-06 0.26691 0.00427265 0.00148725 0.00031104 3.28339e-06 0.00232913 0.0469608 8.76279e-06 
0.00100663 0.0201577 0.00542086 0.0163106 0.000442758 0.23051 0.11412 0.00483286 2.88251e-05 0.0326463 0.180529 0.000310915 0.208364 0.0425431 0.000355337 2.47423e-06 0.0114578 0.000468654 0.130285 0.000206333 
0.0030849 0.062006 0.193985 0.0158679 0.0278065 0.263437 0.0843139 0.0140285 0.00164641 0.0160198 0.0524302 0.000506933 0.18377 0.00184843 0.000936057 0.000165727 0.000169006 0.000161958 0.0778033 1.2106e-05 
1.64639e-05 0.167893 0.0429112 0.0923933 0.0733082 0.202881 0.0815471 0.0430038 0.0097867 0.0302169 0.0115448 2.58011e-08 0.0735588 0.0133731 0.00815852 0.00505918 0.00536464 7.46348e-05 0.125128 0.013781 
8.8367e-05 0.00799817 0.0152226 0.0333299 9.28344e-05 0.374394 0.0687295 0.0119642 0.000258475 0.0152127 0.111414 2.08658e-09 0.0621007 0.00124222 0.000934442 6.61234e-06 2.60763e-05 0.0400019 0.256519 0.000464021 
0.00229562 0.0198568 0.149048 0.013412 0.00389272 0.519112 0.023778 0.000473284 1.9164e-06 0.00516842 0.0196507 1.66022e-07 0.212849 0.00045431 0.000122028 1.33264e-06 5.2173e-05 0.00839687 0.0201888 0.00124597 
0.000136892 0.0937715 0.0045102 0.0079977 0.0149996 0.230917 0.12013 0.0618302 1.296e-05 0.00845422 0.0478105 1.93798e-08 0.224844 0.0127874 0.105737 1.86241e-06 5.06938e-05 1.46749e-05 0.0659828 1.07015e-05 
7.03226e-07 0.00089752 0.000381362 0.0338372 6.47195e-05 0.509995 0.0248289 0.0211592 2.24481e-06 0.0833263 0.0354944 1.037e-07 0.0425338 0.000323821 0.00011708 1.23266e-08 1.78345e-06 0.00585662 0.24118 5.6313e-08 
6.07389e-05 0.114714 0.0160615 0.0391368 0.0130518 0.511407 0.0135177 0.000535828 0.00046597 0.0530773 0.00478946 2.2958e-05 0.0941718 0.120402 0.000726967 0.00244206 1.5013e-05 1.65063e-05 0.0153842 2.92463e-07 
0.00315902 0.157763 0.00584619 0.129657 3.94629e-07 0.430696 0.0553298 0.00137849 7.13598e-10 0.0136791 0.0275485 4.14023e-05 0.00438508 0.00172107 0.00197485 8.37559e-10 0.00131576 0.10405 0.0614385 1.54803e-05 
0.000181837 0.197089 0.169115 0.049407 0.00827576 0.276551 0.111002 0.0154574 0.00234412 0.00798205 0.00243463 1.3347e-06 0.0876831 0.0040258 0.00383652 0.000124241 0.0115543 2.66229e-05 0.0524454 0.000463043 
5.71572e-06 0.00573915 0.0374443 0.0405455 0.0023636 0.26321 0.190972 0.000179489 3.52725e-08 0.105822 0.136944 2.24636e-07 0.0586968 0.000128734 0.00127375 4.22739e-07 1.23455e-05 0.0158977 0.140753 1.25003e-05 
4.21401e-07 0.00270294 0.016554 0.0242534 6.28642e-06 0.892472 0.0131573 1.72566e-06 2.56972e-10 0.00198337 0.000449336 3.83726e-10 0.0313974 0.00146995 0.000332902 7.21679e-08 0.00778736 0.000527802 0.00690354 3.18044e-10 
2.05812e-08 0.183658 0.137904 0.0830953 0.00197719 0.348996 0.0352825 0.00102987 0.000714701 0.0614405 0.000710946 2.26774e-08 0.0425174 0.0262537 0.00076338 2.89872e-07 0.000102381 0.0166272 0.0589059 2.10655e-05 
1.44017e-07 0.00524205 0.000468628 2.77001e-05 2.08935e-08 0.980187 0.000561969 2.14665e-07 7.48519e-10 1.73513e-06 0.0108085 1.11773e-09 5.7683e-11 1.16444e-05 1.22373e-07 1.44425e-07 0.00265077 8.4118e-10 3.93399e-05 4.34324e-08 
0.00234551 0.0365059 0.0151401 0.0490436 0.00421811 0.487486 0.0823407 0.00670035 8.37242e-05 0.0274823 0.120625 3.89487e-05 0.0566538 0.0124972 0.00290558 1.37776e-07 4.55408e-05 0.00443159 0.091272 0.000183783 
0.000455328 0.100189 0.00761727 0.0593462 0.0523579 0.635007 0.0123415 0.00189941 1.06206e-06 0.0329841 4.50576e-05 1.58593e-06 0.0394992 0.00973045 0.00321502 6.44633e-06 3.16634e-05 1.67285e-05 0.0451796 7.4994e-05 
4.61803e-05 0.0014161 0.0134238 0.00995576 0.011969 0.733978 0.0841901 0.00129958 4.86112e-05 0.0806812 0.0219633 6.01624e-06 0.0189889 0.000898733 0.00124003 1.69453e-06 2.06891e-08 0.00018393 0.0196059 0.000103716 
1.9299e-07 0.000247966 0.001147 0.00117561 0.000617255 0.382454 0.224855 2.43741e-06 1.07879e-07 0.00232405 0.0130489 4.11287e-08 0.34838 2.43221e-05 0.000182837 3.24195e-08 7.18738e-06 0.000434082 0.0249649 0.000134239 
3.88909e-06 0.0500578 0.00458142 0.017373 0.00206463 0.327333 0.0309022 0.00301602 8.92075e-06 0.0101177 0.0262303 0.00340553 0.234794 0.00388767 0.00150175 3.67439e-05 2.26454e-05 0.000285069 0.284214 0.000163109 
0.00196779 0.0313911 0.142937 0.0162918 0.0103981 0.243613 0.161703 0.00197243 0.000277965 0.0191275 0.0409894 2.29262e-06 0.0809041 0.000826515 0.00309307 5.07246e-06 4.62081e-05 0.00326374 0.240822 0.000368719 
1.78273e-05 0.0278546 0.023087 0.0306523 0.00521318 0.478037 0.0146919 0.00194218 2.93833e-05 0.0293698 0.0810817 1.76781e-06 0.0490469 0.0284425 0.0100383 0.0510432 0.000292904 0.0746773 0.0922144 0.00226561 
0.000368308 0.018426 0.0148642 0.00211682 0.019656 0.367103 0.0993572 0.000100053 0.00214722 0.104669 0.0777968 2.72628e-07 0.0495287 0.000294247 0.000237712 7.39977e-08 4.25753e-06 0.00159449 0.240749 0.000986834 
4.69238e-07 0.00156812 0.0334636 0.00414657 0.00203536 0.785314 0.0374936 0.00106962 2.29329e-06 0.0011311 0.000982433 4.66959e-08 0.0591399 0.000240138 0.0148868 4.6758e-05 0.00163281 0.00010908 0.0567142 2.29256e-05 
0.000750838 0.0344789 0.0386115 0.0303689 0.00307507 0.488389 0.0564741 0.0106536 0.000298605 0.00894877 0.0250709 0.00289455 0.134119 0.00857735 0.00345785 0.000428304 0.00121178 0.00252861 0.148761 0.000901854 
3.30148e-06 0.000563659 0.00119027 0.000229379 1.45043e-06 0.836868 0.0195161 3.64639e-05 7.69596e-05 0.000239817 0.0116973 3.63774e-06 0.000472417 9.48987e-05 0.000414641 3.99674e-05 3.17009e-05 2.73768e-06 0.128461 5.612e-05 
0.000532421 0.0648924 0.0111171 0.0747759 0.00284929 0.379646 0.0344681 0.00609788 0.000186781 0.150816 0.038683 7.55686e-06 0.100623 0.00996023 0.00457704 1.53723e-05 4.5149e-05 0.000723909 0.119374 0.000608163 
0.00148054 0.129938 0.0313352 0.0317673 0.0509408 0.260392 0.0469934 0.00956915 0.0015282 0.00676234 0.102459 0.000294567 0.246093 0.00701925 0.0101238 0.000315814 0.000239652 0.00968491 0.0530574 6.00606e-06 
0.0048684 0.401995 0.00448034 0.0165934 0.000581015 0.468282 0.0061956 0.000766642 1.8898e-10 0.00227028 0.00218849 9.93822e-08 0.0318221 0.000277375 0.000499678 2.9411e-08 3.63683e-08 0.000205792 0.0589548 1.92341e-05 
0.000214071 0.0307508 0.0124832 0.0398531 0.0034931 0.302202 0.0786181 0.0148834 0.000208983 0.0299316 0.0414653 3.15715e-05 0.130161 0.00241713 0.0249792 0.00028379 0.00174916 0.0162523 0.269988 3.38017e-05 
5.49304e-07 0.00109414 0.228782 1.15628e-06 3.0165e-07 0.763462 0.00288352 5.45583e-10 3.6658e-07 3.96583e-06 0.000818187 4.45005e-11 9.59036e-07 0.00295075 1.73627e-07 3.49777e-11 8.5237e-12 3.349e-11 1.65523e-06 3.68834e-11 
0.000223772 0.0142189 0.00186217 0.0463088 0.00173392 0.407636 0.121405 0.0229699 0.00270825 0.0174931 0.0583352 1.61632e-07 0.0531438 0.00476557 1.57971e-05 6.58889e-07 4.81875e-06 0.00131261 0.236447 0.00941504 
3.32543e-07 0.0185965 0.00195433 0.00301955 0.000157578 0.862952 0.00136881 2.178e-06 2.3913e-09 0.0266941 0.00037858 4.76817e-09 0.061218 0.0230098 0.000192063 1.41315e-10 1.90363e-06 7.94204e-05 0.000371798 2.63912e-06 
3.32543e-07 0.0185965 0.00195433 0.00301955 0.000157578 0.862952 0.00136881 2.178e-06 2.3913e-09 0.0266941 0.00037858 4.76817e-09 0.061218 0.0230098 0.000192063 1.41315e-10 1.90363e-06 7.94204e-05 0.000371798 2.63912e-06 
6.02307e-07 0.00788271 4.27936e-05 8.23305e-09 1.43809e-06 0.490672 2.62658e-05 0.0634186 4.65006e-07 4.34119e-07 3.93718e-06 6.14437e-11 0.437785 9.19575e-07 1.75716e-06 4.82952e-11 0.000147726 1.05338e-05 1.65832e-06 2.33248e-06 
2.41615e-08 0.0044729 0.106938 0.000257906 1.81882e-05 0.236925 0.148083 6.84646e-07 2.74389e-08 0.0119405 0.0635348 1.63765e-07 0.210716 3.89906e-08 0.00184422 4.45457e-08 5.91704e-06 0.00746922 0.207669 0.000124017 
0.00552579 0.176439 6.66409e-05 0.0104571 2.2417e-06 0.587219 0.0460374 0.00093801 0.00159841 0.00196579 0.00663805 0.000124103 0.0697408 0.00598409 7.42676e-05 4.41914e-06 1.0769e-06 0.000137709 0.0870415 4.65991e-06 
2.19797e-05 0.0514364 0.0306741 0.0586335 0.000193543 0.37179 0.118693 2.1819e-06 6.2405e-05 0.054399 0.00793775 1.27402e-05 0.121476 0.0221915 0.0664552 5.34195e-07 7.08263e-05 0.000763806 0.0951857 4.27114e-07 
0.000215798 0.0450129 0.000535577 0.0167831 3.70976e-06 0.503725 0.0184161 0.0141184 4.48537e-06 0.0136747 0.00272841 4.42166e-08 0.204666 0.0133835 0.000281638 3.47546e-08 2.4898e-05 0.0289086 0.137515 1.62044e-06 
0.000376741 0.0169769 0.00231259 0.0335223 0.00409227 0.490789 0.0137104 0.0220083 0.000976983 0.00465615 0.025788 5.18825e-05 0.103171 0.000745151 0.00208985 4.82366e-05 3.74978e-05 0.00214376 0.271484 0.00501985 
8.82464e-05 0.0651777 0.0107175 0.00174037 0.0769278 0.533756 0.0037324 1.15834e-06 2.9187e-07 0.0152933 0.0817868 9.38396e-05 0.193711 0.0104382 1.83943e-06 7.61407e-06 0.000124961 1.37973e-06 1.07169e-05 0.00638898 
1.31275e-05 0.0245571 0.033442 0.0363235 0.000225001 0.381012 0.0726614 0.00121077 2.8516e-05 0.0367573 0.130561 1.16542e-07 0.0183112 3.92142e-05 0.0068085 0.000212759 2.23226e-08 0.0317969 0.225694 0.00034554 
0.000231388 0.36103 0.0133246 0.0242586 0.00122526 0.392018 0.0340857 0.000443448 1.50128e-06 0.00693841 0.00226207 9.65254e-05 0.0513752 0.10024 0.00116243 3.95911e-09 0.000269436 0.000257609 0.00683439 0.00394498 
1.54269e-07 0.0231305 0.00288388 0.0106544 5.24995e-07 0.353964 0.312595 0.000206549 3.65311e-05 0.0133006 0.000858115 0.00221456 0.110745 0.000490667 0.00245944 1.43042e-10 1.29552e-08 0.00421831 0.162242 1.50835e-10 
4.71841e-06 0.0308681 0.0136582 0.0533103 0.00243162 0.372023 0.00399813 0.0744102 0.00416111 0.00608971 0.0350186 2.45186e-09 0.255802 0.00605645 0.037914 2.53075e-05 4.68537e-05 0.000536009 0.10348 0.000166164 
0.000198022 0.112416 0.000234827 0.103705 4.49029e-06 0.655061 0.0700053 0.000212984 8.61202e-07 1.53864e-05 1.09289e-07 0.000343311 0.00480365 0.000708514 9.89728e-05 1.0108e-06 1.29676e-06 0.0166878 0.0353235 0.000177789 
0.000322231 0.0731731 0.00157515 0.0264347 0.00201201 0.276887 0.0898629 0.0302804 2.00356e-05 0.0133002 0.0680444 3.76291e-09 0.068161 0.0277478 0.250061 1.82811e-06 9.23953e-05 0.0030041 0.0690137 5.77438e-06 
1.44017e-07 0.00524205 0.000468628 2.77001e-05 2.08935e-08 0.980187 0.000561969 2.14665e-07 7.48519e-10 1.73513e-06 0.0108085 1.11773e-09 5.7683e-11 1.16444e-05 1.22373e-07 1.44425e-07 0.00265077 8.4118e-10 3.93399e-05 4.34324e-08 
1.70517e-05 0.165602 0.00380281 0.0694312 0.000680208 0.222099 0.0238741 0.000225647 4.22428e-06 0.131158 0.131017 6.92931e-06 0.0280594 8.65356e-05 9.54156e-06 1.42121e-06 0.00256925 0.0689641 0.152376 1.50666e-05 
0.00131411 0.196139 0.00885711 0.00640103 0.00564859 0.365459 0.00852273 0.00571091 1.3723e-08 0.00338251 0.0741916 1.09152e-07 0.303076 0.00453516 0.00662099 5.03755e-06 4.38084e-05 0.000113457 0.00987151 0.000107038 
0.000438937 0.0126035 0.00342035 0.0682158 0.00920467 0.489484 0.155011 8.40972e-05 0.00991945 0.0365497 0.0247434 4.64572e-07 0.11148 0.00592675 0.0037456 4.22451e-06 2.01446e-05 0.000256898 0.0678059 0.00108543 
2.73897e-06 0.189746 0.00192763 0.010254 4.07206e-05 0.522722 0.156737 2.12612e-05 0.00204536 0.0123408 0.00477757 2.90712e-08 0.0440384 0.00342898 9.84898e-06 3.74764e-06 1.10488e-07 0.0224505 0.0294523 1.53743e-06 
1.61808e-05 0.0198128 0.00393444 0.0250092 0.000293597 0.45522 0.0644373 0.0148223 3.89025e-05 0.00751426 0.0297684 8.72131e-08 0.101048 0.00994799 0.00192874 1.17626e-06 1.55211e-06 0.00271866 0.263466 2.02327e-05 
2.1588e-06 0.0449205 0.00963281 0.0403737 0.0145667 0.475 0.0179417 0.0368587 0.0012849 0.0199638 0.079861 2.28122e-06 0.0847278 0.0232472 0.00277437 1.52726e-05 7.90364e-06 0.000233186 0.147195 0.00139104 
0.0055898 0.0266391 0.0124277 0.0472265 0.010452 0.272947 0.174944 0.00957421 7.72696e-05 0.0490396 0.0826738 0.00328146 0.053531 0.0159593 0.00646374 1.64428e-05 0.000237906 0.00296458 0.225726 0.000228121 
0.00129422 0.0721021 0.0165604 0.0694225 0.00715417 0.316397 0.0533793 0.0168469 0.000666807 0.0481759 0.0658103 0.000355397 0.127342 0.0153062 0.012808 0.000188372 0.00425598 0.00244216 0.16827 0.00122233 
0.00246011 0.0439342 0.0789577 0.0422771 0.00487051 0.264175 0.110977 0.0259038 2.91513e-05 0.00944449 0.068346 0.00038948 0.191738 0.00582337 0.0294635 1.33823e-05 0.0505565 0.00520162 0.0642088 0.00123056 
2.48097e-07 0.0272755 0.0152137 0.0239106 0.000939479 0.59592 0.0701623 0.00349849 1.32688e-05 0.0633503 0.00649894 0.000663553 0.0276051 0.00854422 0.000530889 0.0727672 0.000545746 0.00127401 0.0612262 0.0200598 
1.75106e-06 0.00411863 0.0073154 0.0242773 9.46238e-06 0.681164 0.00909382 0.0126388 4.31265e-06 0.211723 0.00211188 2.18977e-06 0.0338222 0.00252541 0.00019988 1.57361e-07 1.16675e-05 0.00332566 0.00742905 0.000225178 
1.94898e-05 0.039694 0.0144801 0.204627 0.000521163 0.388026 0.0131527 0.000255398 0.0149457 0.0233701 0.0463193 8.60868e-08 0.0411763 0.00127045 0.000928323 4.00013e-06 7.50038e-06 2.83798e-05 0.211028 0.000146504 
0.00153281 0.00689857 0.0045397 0.00897166 0.00235073 0.661921 0.0279666 0.00073577 5.77342e-05 0.00564653 0.0295134 0.000368089 0.0358939 0.0123982 0.0394089 1.95952e-07 2.72216e-05 0.00862312 0.149813 0.00333312 
0.000124312 0.00860434 0.262 0.00342447 2.95216e-05 0.43232 0.0909429 5.20284e-05 9.78192e-07 0.0214821 0.00449184 0.000152667 0.0760553 0.000662055 0.00316643 2.56437e-07 0.0326909 0.0059387 0.0577911 7.00363e-05 
0.0540234 0.165604 0.0184654 0.0323098 0.0133389 0.221053 0.104567 0.00714701 1.22919e-05 0.0592652 0.166719 0.00801202 0.0855498 0.00514843 0.00341486 7.50219e-05 0.000831516 0.0150883 0.0371227 0.00225129 
0.00668843 0.219268 0.0114959 0.0540377 0.00113042 0.226721 0.107136 0.000407867 2.82519e-08 0.00386915 0.0623587 0.00395029 0.198414 0.00150055 0.0671477 9.08114e-07 2.86075e-05 0.000293673 0.0201057 0.0154464 
8.87014e-05 0.17315 0.0123691 0.011119 0.0026383 0.212062 0.0176956 0.0109765 2.10663e-05 0.0231179 0.00410468 0.0685897 0.202377 0.00242569 0.0114369 1.18733e-06 5.17795e-05 0.183412 0.0643603 1.86808e-06 
6.66125e-06 0.0982971 0.000897377 0.109834 0.000951931 0.348484 0.0121837 0.00546733 6.84117e-05 0.0307633 0.0506891 5.14952e-08 0.0600575 0.000665667 0.00194428 2.18473e-06 1.33545e-05 0.00163175 0.278034 7.84287e-06 
3.90062e-07 0.0303907 0.00628652 0.00188966 4.23283e-05 0.881016 0.000693499 1.3808e-05 5.01988e-06 0.00107223 0.00119371 4.2979e-07 0.0027769 0.0126506 0.000204397 3.93769e-06 6.29828e-06 3.2345e-07 0.0617493 4.36914e-06 
1.44017e-07 0.00524205 0.000468628 2.77001e-05 2.08935e-08 0.980187 0.000561969 2.14665e-07 7.48519e-10 1.73513e-06 0.0108085 1.11773e-09 5.7683e-11 1.16444e-05 1.22373e-07 1.44425e-07 0.00265077 8.4118e-10 3.93399e-05 4.34324e-08 
1.77153e-05 0.0391545 0.00628393 0.0158503 9.59518e-05 0.5082 0.0427873 8.49488e-05 1.04358e-08 0.0411231 0.0169295 8.00296e-05 0.273762 0.00432065 0.00464255 1.01048e-05 3.34189e-07 0.00021578 0.0463687 7.26811e-05 
0.00437711 0.0681033 0.170381 0.112857 0.00111249 0.533397 0.0197661 2.76695e-06 2.57034e-07 0.00113089 0.00770225 3.83819e-07 5.0873e-05 0.0141231 2.48859e-05 3.01684e-07 0.000100637 2.88853e-07 0.0668683 3.18121e-07 
7.14208e-05 0.0335567 0.0274034 0.101517 0.00216437 0.371784 0.0213838 0.0281381 0.00770734 0.064825 0.036255 4.36892e-06 0.149057 0.0125447 0.0155582 2.17095e-06 1.44784e-05 0.00132992 0.112961 0.0137219 
1.89346e-05 0.000704529 0.00250061 0.00174787 6.76903e-05 0.519121 0.0800616 0.000644711 3.62742e-06 0.00399637 0.0319441 3.65972e-08 0.179461 4.07877e-06 0.000542629 4.46593e-09 2.19532e-06 0.000564211 0.178615 1.99233e-08 
1.44017e-07 0.00524205 0.000468628 2.77001e-05 2.08935e-08 0.980187 0.000561969 2.14665e-07 7.48519e-10 1.73513e-06 0.0108085 1.11773e-09 5.7683e-11 1.16444e-05 1.22373e-07 1.44425e-07 0.00265077 8.4118e-10 3.93399e-05 4.34324e-08 
1.92343e-06 0.00821418 0.0617307 0.017998 7.71797e-09 0.611588 0.0257022 2.3497e-09 7.31332e-06 0.0383486 0.00223312 3.90345e-05 0.0754295 0.044704 0.00233641 6.61178e-07 8.01351e-07 0.000622015 0.0330714 0.0779718 
1.44017e-07 0.00524205 0.000468628 2.77001e-05 2.08935e-08 0.980187 0.000561969 2.14665e-07 7.48519e-10 1.73513e-06 0.0108085 1.11773e-09 5.7683e-11 1.16444e-05 1.22373e-07 1.44425e-07 0.00265077 8.4118e-10 3.93399e-05 4.34324e-08 
0.000142728 0.211175 0.026673 0.0315484 0.000385451 0.401654 0.0132553 0.00838421 0.00353405 0.0662707 0.0457257 2.25616e-09 0.114469 0.0152266 0.00115951 0.0170485 0.000211979 0.000296295 0.0427797 5.96765e-05 
7.97451e-05 0.0387253 0.0058138 0.0161834 0.00166312 0.549706 0.0778492 0.000312448 1.36267e-06 0.0242449 0.00285106 0.000501166 0.260417 0.0175014 5.81565e-05 3.15351e-06 1.91031e-05 1.87101e-06 0.00404559 2.20105e-05 
0.000190166 0.0545374 0.00194923 0.0123056 0.0001224 0.436882 0.212837 5.38743e-05 0.00105609 0.0215456 0.128796 0.00117476 0.0113818 0.000235736 0.0369276 0.00133357 2.01344e-05 0.000414992 0.0778472 0.000388508 
0.00203702 0.0158077 0.0286438 0.0362327 0.00116086 0.474819 0.0723165 0.00575554 0.000417413 0.0149822 0.0382002 8.95646e-07 0.14938 0.0148238 0.00398128 1.16323e-06 0.00172841 0.00265587 0.063807 0.0732483 
0.00147425 0.0838777 0.0122727 0.0524263 0.000700364 0.292444 0.143837 0.0231079 2.29138e-05 0.00888893 0.0554804 0.000126932 0.237717 0.00215647 0.061332 2.73018e-05 0.000136634 0.000213129 0.0220135 0.00174499 
2.22623e-06 0.0137786 0.153192 0.00343997 0.00854201 0.619931 0.0280915 0.000903901 9.95945e-07 0.0652383 9.92321e-06 2.31112e-06 0.0684404 0.0105543 4.85116e-05 1.13915e-05 0.00757028 0.0172653 0.00297145 6.49504e-06 
4.04305e-05 0.0187772 0.0157885 0.327212 3.97161e-07 0.429475 0.0106584 0.0267663 4.22588e-10 0.019812 0.00319484 0.000235232 0.124336 0.00986583 5.70557e-05 0.000176061 1.04789e-06 0.000301169 0.0133005 1.50401e-06 
0.000134655 0.146773 0.00840005 0.0106684 0.000617852 0.286239 0.180938 0.00273546 1.88495e-05 0.00391286 0.00319071 0.000404908 0.12269 0.000753083 0.00913837 0.00162188 5.57238e-05 0.000189596 0.219399 0.00211838 
0.000308998 0.0364108 0.0431195 0.00524212 0.0384056 0.735744 0.0105046 0.000207543 1.72762e-07 0.00235997 0.052633 3.73642e-05 0.0471907 0.0117333 0.000804297 1.46275e-06 0.000158342 0.000183413 0.0147098 0.000245255 
4.16509e-06 0.01326 0.00287289 0.0894222 0.000282887 0.395696 0.0649564 0.0137343 9.72265e-06 0.100343 0.0197917 3.3062e-05 0.0462378 0.000340987 0.00791666 2.27802e-06 2.68047e-05 0.00808601 0.236945 3.86299e-05 
3.32543e-07 0.0185965 0.00195433 0.00301955 0.000157578 0.862952 0.00136881 2.178e-06 2.3913e-09 0.0266941 0.00037858 4.76817e-09 0.061218 0.0230098 0.000192063 1.41315e-10 1.90363e-06 7.94204e-05 0.000371798 2.63912e-06 
0.000443003 0.00925286 0.00121973 0.0788615 0.00107209 0.443287 0.045452 0.00321064 0.000183672 0.0205849 0.0482984 6.47004e-07 0.0215342 0.00162744 0.00180279 1.18976e-07 8.86692e-06 0.00103123 0.321997 0.000131565 
6.07389e-05 0.114714 0.0160615 0.0391368 0.0130518 0.511407 0.0135177 0.000535828 0.00046597 0.0530773 0.00478946 2.2958e-05 0.0941718 0.120402 0.000726967 0.00244206 1.5013e-05 1.65063e-05 0.0153842 2.92463e-07 
7.77116e-06 0.00485208 0.00942751 0.0144154 2.96172e-05 0.428652 0.033327 0.00320463 0.00209708 0.0203448 0.00173683 2.15292e-05 0.40331 0.000382612 0.000216308 1.02685e-05 8.14307e-06 0.000353189 0.0775274 7.57606e-05 
1.77785e-06 0.0957285 0.146416 0.0208006 0.0269457 0.498328 0.000454375 1.09985e-07 4.06062e-05 0.000358514 0.00291592 0.000174508 0.137727 0.0670893 3.09425e-08 7.79136e-07 0.00081022 7.04863e-06 0.00219594 4.81499e-06 
0.000417215 0.0520182 0.000396302 0.0224295 0.000777427 0.715047 0.0146159 3.57873e-07 1.97433e-06 6.59151e-07 0.000231604 2.94818e-06 3.51957e-06 0.185754 0.00778595 2.31729e-06 5.64701e-07 0.000296789 0.000214853 2.44354e-06 
1.30623e-06 0.00271831 0.0873256 0.0415675 0.000543495 0.349845 0.298981 0.000648322 1.98022e-06 0.0202846 0.00212458 9.73051e-05 0.0274614 0.000165063 0.00433244 9.86346e-06 0.0966238 0.00876831 0.0550362 0.00346456 
0.000264193 0.0975237 0.0110698 0.0653437 0.00561009 0.419333 0.118611 0.0143008 0.000102646 0.0117818 0.0335971 1.97145e-06 0.113402 0.0206519 0.00852728 8.00248e-06 2.51168e-05 0.0229202 0.0555389 0.00138688 
0.000210379 0.0519453 0.000479372 0.0288808 0.000324278 0.681225 0.0493366 4.91089e-05 0.000114979 0.00100065 0.0733334 1.56243e-06 0.0349678 0.00010586 0.00810917 8.89467e-05 3.21716e-05 0.000938882 0.0686048 0.000250777 
0.000575857 0.0478057 0.0182328 0.0456418 0.00187408 0.339653 0.0428431 0.0149363 0.00200596 0.014937 0.0565626 0.00138105 0.199891 0.00321864 0.00386933 5.89472e-05 0.00295288 0.00311615 0.199546 0.000897624 
1.09794e-06 0.0233263 0.0551441 0.027981 0.00378207 0.424541 0.0772053 0.00237822 7.25232e-07 0.0534954 0.120841 5.8304e-08 0.0622287 0.00313965 0.0118765 7.93402e-05 0.00387754 0.000555597 0.129503 4.31351e-05 
8.95187e-07 0.236243 0.0268575 0.0305132 0.00133098 0.434063 0.054359 5.99995e-05 1.23762e-06 0.0172446 0.00893478 4.94237e-08 0.105355 0.0451592 0.00011406 2.98036e-09 0.000305801 1.42943e-05 0.0392139 0.00022923 
0.00076304 0.220852 0.0832999 0.0237226 0.00337556 0.421667 0.0371334 0.0611487 4.24693e-05 0.00881826 0.00248977 0.0109513 0.0587015 0.0634165 0.00212937 6.60168e-08 2.63309e-05 4.12676e-05 0.00125739 0.000163429 
1.44017e-07 0.00524205 0.000468628 2.77001e-05 2.08935e-08 0.980187 0.000561969 2.14665e-07 7.48519e-10 1.73513e-06 0.0108085 1.11773e-09 5.7683e-11 1.16444e-05 1.22373e-07 1.44425e-07 0.00265077 8.4118e-10 3.93399e-05 4.34324e-08 
0.000207703 0.0246425 0.0884822 0.0422603 0.0124938 0.379382 0.00924418 0.00105544 2.2556e-05 0.0102454 0.0324454 0.00194157 0.227068 0.0053183 0.014894 0.000308432 2.86285e-05 0.000126471 0.148671 0.00116238 
4.07002e-05 0.0264474 0.00620081 0.0275999 0.000952051 0.462768 0.0331373 0.00215877 0.000558987 0.0039204 0.120725 2.65855e-07 0.141335 0.00108903 0.00431455 1.99523e-05 0.00301676 0.00527983 0.160372 6.26133e-05 
0.00126627 0.207259 0.0328232 0.0298455 0.00684046 0.348924 0.0203194 0.000765302 0.000297397 0.0447727 0.00399264 3.0724e-05 0.176377 0.0654108 0.000530591 4.28489e-05 1.44424e-05 0.000628404 0.0598412 1.79869e-05 
1.24402e-05 0.000136343 0.00101053 0.000261308 0.0111415 0.427625 0.0750047 0.0336708 7.77378e-07 0.00545256 0.0253904 1.64234e-08 0.298537 2.78591e-06 1.16189e-06 7.61462e-07 1.71475e-06 0.00588024 0.115835 3.59525e-05 
0.000247591 0.0298013 0.126852 0.0413521 0.0141045 0.255732 0.239294 0.00417346 0.000111783 0.0163772 0.0732281 0.00896342 0.0665107 0.00188618 0.00472481 5.28743e-05 0.00444347 0.00120484 0.107283 0.00365675 
6.87638e-05 0.022197 0.0492129 0.00537384 0.00141921 0.677865 0.0165998 0.00117826 0.000204614 0.0190297 0.0261437 2.14585e-05 0.0956057 0.00775945 0.00415498 9.19242e-06 2.12978e-05 0.00145989 0.069156 0.00251933 
1.3098e-05 0.0915492 7.73588e-05 0.00892098 0.0316051 0.563497 0.0189407 8.11575e-06 3.78363e-05 0.00435664 0.028086 0.000105676 0.194018 0.021414 0.000219833 1.40088e-05 2.83928e-06 8.48804e-06 0.0371238 1.04459e-06 
6.27607e-07 0.00326621 0.00318242 0.0365732 0.000286043 0.285719 0.070012 0.116244 2.37727e-05 0.0176989 0.270973 3.16398e-07 0.0178858 0.000888547 0.0179502 1.3077e-07 5.17244e-05 0.00346261 0.155777 4.21415e-06 
0.000244212 0.0132544 0.0941217 0.0309419 0.00485719 0.380788 0.0482946 0.00501986 2.37315e-05 0.0123914 0.187334 0.000213519 0.177019 0.00041438 0.00348234 4.89125e-07 0.00727149 0.00523844 0.028469 0.000621238 
5.46204e-06 0.0010831 1.17346e-06 7.98253e-05 2.39962e-06 0.980484 0.0144272 2.84691e-05 4.03035e-06 4.00361e-05 5.11464e-07 6.01836e-06 5.48094e-06 0.000202996 6.75826e-05 4.73047e-06 1.15277e-06 0.000734424 0.00281656 4.9882e-06 
0.0194778 0.0283671 0.0260571 0.0535274 0.00818071 0.423063 0.0887657 0.0357806 0.00267912 0.00915885 0.0242396 0.00068152 0.0546241 0.00211527 0.0090216 0.000299272 0.000477071 0.0311695 0.180412 0.00190255 
1.44017e-07 0.00524205 0.000468628 2.77001e-05 2.08935e-08 0.980187 0.000561969 2.14665e-07 7.48519e-10 1.73513e-06 0.0108085 1.11773e-09 5.7683e-11 1.16444e-05 1.22373e-07 1.44425e-07 0.00265077 8.4118e-10 3.93399e-05 4.34324e-08 
0.00088517 0.0316462 0.00755916 0.0654436 0.000811474 0.495244 0.112241 0.0428 0.000158739 0.0136169 0.0747059 5.3885e-05 0.095799 0.00573754 0.0104143 0.000167008 0.00204002 0.00415578 0.0362986 0.000222052 
0.00214051 0.138539 0.0156911 0.0941897 0.0100063 0.234257 0.0560463 0.0249386 0.00015762 0.0124299 0.167907 1.18861e-05 0.126518 0.00162309 0.00292158 4.26967e-05 0.000245043 0.00886912 0.103421 4.36112e-05 
0.000556947 0.0672202 0.00886948 0.0539754 0.000530083 0.689174 0.0254144 0.0107526 9.62664e-05 0.00445436 0.0200152 2.71795e-05 0.0360723 0.00269757 0.00483992 6.85686e-05 5.74459e-06 0.00116722 0.074061 2.04605e-06 
1.23151e-07 2.14019e-07 1.08249e-06 0.00301469 0.000643424 0.548393 0.017727 0.000104382 2.95829e-07 0.00604737 0.0311619 2.59492e-07 0.134967 0.000112149 3.23326e-07 3.09742e-08 4.19427e-06 0.000522294 0.2573 1.40969e-07 
9.34666e-07 0.00058968 0.018269 0.0280346 4.61177e-05 0.413529 0.0309564 0.0138724 2.04037e-06 0.117429 0.0271579 2.0317e-07 0.117969 0.000215063 7.8999e-05 4.09139e-08 1.3497e-06 0.0296154 0.202233 1.1751e-07 
8.46507e-10 0.00137138 6.80209e-07 0.0956244 1.15506e-05 0.672839 0.0648865 0.000544817 6.24623e-10 0.0219181 0.0878455 7.26635e-08 0.0226258 0.00232801 0.0109668 7.33128e-10 2.40511e-06 0.00139766 0.0175972 3.98081e-05 
0.0288281 0.0628651 0.00202962 0.0311896 0.155661 0.366627 0.105028 0.012843 0.0419037 0.00924822 0.0127299 1.34544e-09 0.0150055 0.109373 0.00222001 2.79094e-05 0.000165796 0.00793667 0.0345372 0.00178051 
0.000656629 0.0614908 0.0107745 0.027494 0.00135291 0.338442 0.0209592 0.0113967 0.00156685 0.0175235 0.0407137 0.000895716 0.215917 0.0209095 0.0114141 3.16527e-05 0.00295666 0.000333023 0.214515 0.000656251 
3.81576e-05 0.00497653 0.026277 0.0237189 0.00962389 0.277404 0.109628 0.00117778 4.42958e-06 0.00282598 0.181774 3.25776e-10 0.145829 0.00384421 0.000480889 2.56063e-10 0.000628862 0.0145342 0.197234 8.36872e-08 
5.90006e-06 0.021845 1.10559e-06 0.0310208 1.93673e-06 0.379191 0.205481 8.31843e-07 1.87696e-06 0.00201014 0.152072 9.57293e-07 1.29953e-05 0.0104366 1.09893e-09 4.0431e-07 0.196608 2.67156e-06 0.00103675 0.00026981 
3.32543e-07 0.0185965 0.00195433 0.00301955 0.000157578 0.862952 0.00136881 2.178e-06 2.3913e-09 0.0266941 0.00037858 4.76817e-09 0.061218 0.0230098 0.000192063 1.41315e-10 1.90363e-06 7.94204e-05 0.000371798 2.63912e-06 
2.33711e-05 0.0325117 0.0195074 0.285801 0.00102449 0.515233 0.00234443 0.0186016 0.00118083 0.0492721 0.0041362 1.96899e-07 0.0547482 0.00264013 0.00126909 1.22033e-06 1.39369e-05 5.35038e-05 0.0113506 0.000286271 
2.41615e-08 0.0044729 0.106938 0.000257906 1.81882e-05 0.236925 0.148083 6.84646e-07 2.74389e-08 0.0119405 0.0635348 1.63765e-07 0.210716 3.89906e-08 0.00184422 4.45457e-08 5.91704e-06 0.00746922 0.207669 0.000124017 
5.63168e-05 0.00639656 0.0343335 0.0278113 0.000479169 0.619114 0.0643834 0.0231775 1.29402e-06 0.052623 0.0360578 5.91754e-07 0.0687142 0.00717433 0.00286608 1.33596e-08 5.85032e-06 0.000709035 0.0559919 0.000103727 
1.44017e-07 0.00524205 0.000468628 2.77001e-05 2.08935e-08 0.980187 0.000561969 2.14665e-07 7.48519e-10 1.73513e-06 0.0108085 1.11773e-09 5.7683e-11 1.16444e-05 1.22373e-07 1.44425e-07 0.00265077 8.4118e-10 3.93399e-05 4.34324e-08 
3.32543e-07 0.0185965 0.00195433 0.00301955 0.000157578 0.862952 0.00136881 2.178e-06 2.3913e-09 0.0266941 0.00037858 4.76817e-09 0.061218 0.0230098 0.000192063 1.41315e-10 1.90363e-06 7.94204e-05 0.000371798 2.63912e-06 
