0.00250161 0.00180659 0.0218993 0.00322669 0.000624121 0.0301233 0.509704 0.000832125 6.47032e-07 0.0016113 0.108004 8.53151e-11 0.124744 0.00282266 0.000450882 1.11175e-08 0.0044236 0.0741748 0.11302 3.05424e-05 
0.00497161 0.0106855 0.00732503 0.0536875 0.00406927 0.0582428 0.406869 0.0298256 0.0385977 0.00259534 0.140495 7.11195e-09 0.132634 0.000203277 0.00470224 8.22142e-06 0.00325314 0.0118748 0.0875509 0.00240926 
0.000255047 0.0410885 0.0150356 0.059641 0.00397148 0.0420112 0.292319 0.0322732 0.000164074 0.0761538 0.10441 6.60801e-06 0.157511 0.000566373 0.0177992 9.08264e-06 0.00593858 0.00202718 0.145846 0.00297297 
0.000481576 0.0713239 0.112308 0.0650741 0.00018245 0.085966 0.305152 0.0143342 0.00339345 0.0186969 0.0655314 2.14409e-06 0.0726699 0.00376953 0.0031679 7.38537e-07 3.90725e-06 0.0361931 0.131832 0.00991738 
0.00121382 0.0382941 9.68841e-05 0.0150166 0.000654643 0.0223894 0.746306 7.796e-05 2.3745e-09 0.00627902 0.0234834 2.37629e-06 0.00631919 0.00111868 0.000139098 1.07347e-05 2.52152e-06 0.00364006 0.134744 0.00021191 
0.000156003 0.0230308 0.0310494 0.0380123 0.0109234 0.044545 0.669102 0.00431416 1.60756e-07 0.00905176 0.0215469 1.54755e-06 0.042827 0.000172733 0.0028794 3.61409e-05 0.0155777 0.00710763 0.078028 0.00163838 
0.000251623 0.00533696 0.0987269 0.00854973 0.0327644 0.00676926 0.340089 0.00338957 7.82279e-05 0.00443485 0.336121 7.33094e-05 0.0429185 0.00167871 0.00298803 2.01543e-06 0.000100129 7.20435e-05 0.115646 9.42115e-06 
0.00235675 0.00598695 0.00028055 0.179631 8.49437e-07 5.55292e-05 0.379331 0.209362 0.000135948 0.00120858 0.0582181 3.18012e-06 0.017827 1.16426e-05 0.00128195 6.55931e-09 9.43773e-06 0.030924 0.113374 8.18794e-07 
0.00231057 0.0920394 0.0800087 0.0560218 0.00208967 0.137731 0.457506 0.00851618 8.89108e-05 0.014928 0.0102328 0.00507186 0.0011662 0.00796196 0.0135614 3.77174e-06 4.17274e-05 0.0330453 0.077374 0.000301239 
0.00938306 0.109742 0.109998 0.105259 0.000336419 0.0538916 0.354729 0.00947677 0.000946059 0.00364455 0.0762991 0.00176904 0.071521 0.0138225 0.00133571 0.000307313 6.50838e-05 0.0198821 0.057201 0.000390403 
0.000789558 0.0175241 0.00683464 0.00845141 0.00200281 0.0199341 0.418055 0.000494323 5.48573e-05 0.0022513 0.0932913 0.00053426 0.329876 8.28339e-12 0.0954239 2.70655e-06 4.56913e-06 5.65009e-08 0.0024305 0.00204483 
0.000626424 0.173817 0.0192635 0.029641 0.0974908 0.00751581 0.208458 0.000664319 0.000372961 0.000797309 0.0803031 0.000537874 0.0790721 0.0140155 0.0885038 2.32275e-05 0.0024718 0.000115534 0.195048 0.00126282 
0.00162576 0.00173358 0.00297018 0.0408594 0.00121448 0.0468321 0.386938 0.000466294 5.90505e-05 0.0121423 0.0401786 0.0146468 0.0468463 0.000101349 0.0133555 1.1949e-06 6.53512e-06 0.195439 0.193656 0.000927457 
8.30383e-05 0.000433118 0.00750427 0.00944488 0.000478075 0.234992 0.326118 1.24189e-05 3.69414e-07 0.00519061 0.0356533 4.68794e-07 0.0775214 0.000153093 0.00375152 8.57829e-07 0.0108995 0.00893289 0.278512 0.000318397 
0.00222745 0.0946047 0.0322189 0.0520258 0.00410288 0.0568244 0.253529 0.0119722 0.00192415 0.0215871 0.0808387 9.8629e-05 0.0914816 0.0044956 0.0583149 8.54653e-05 0.00184807 0.0406599 0.188178 0.00298267 
0.00496825 0.00751963 0.0209335 0.0463871 0.000889756 0.0191461 0.769794 0.00111011 0.000203197 0.00950978 0.0210343 0.00371115 0.0318399 0.0006815 0.0120725 0.000798042 0.000364944 0.00221937 0.0464679 0.000348841 
5.25226e-07 0.0374178 1.27247e-08 0.0801956 0.000124705 0.0111329 0.747843 0.00682588 4.69693e-05 3.63495e-06 5.54616e-09 6.52613e-08 0.00331708 7.13926e-06 2.36418e-05 5.12959e-08 2.6437e-07 1.89742e-05 0.113038 3.68701e-06 
0.00599167 0.020136 0.00213852 0.0257023 0.018417 0.0149022 0.773911 0.0130799 3.59213e-05 0.00296283 0.0166091 9.58069e-05 0.0194322 0.0072165 0.0257398 2.34093e-08 1.81691e-05 0.00155997 0.0518429 0.000208367 
0.000291325 0.132943 0.0485017 0.0819691 0.00308659 0.0314135 0.461221 0.00302457 1.58809e-07 0.0110273 0.0453157 8.43343e-06 0.0287575 6.92385e-06 0.0114692 6.11334e-08 0.0418805 0.0165598 0.0773848 0.00513904 
0.0227642 0.102429 0.00670853 0.0131165 0.00035862 0.0160867 0.522861 0.000227251 0.000365569 0.000511275 0.0719225 4.99133e-10 0.0917663 0.000251106 0.000891632 0.0140061 0.00397362 0.0184833 0.113277 1.13408e-07 
0.000111647 0.0290023 0.0244633 0.0271132 0.000242274 0.0192613 0.28168 0.000399119 1.91231e-06 0.0230325 0.273689 5.25162e-05 0.165026 0.0147345 0.0220719 3.20011e-05 0.0345332 0.035178 0.0305942 0.018781 
0.000584554 0.280615 0.000756943 0.0626431 0.000625883 0.00052447 0.333546 0.000525965 0.0211917 0.0177725 0.0157277 8.43082e-08 0.0751208 4.37415e-05 0.173311 3.94242e-05 0.000281439 0.000141722 0.0158539 0.000694448 
0.103712 0.00812275 0.0062996 0.0253061 0.00117079 0.00555962 0.34786 0.000333136 0.000254456 0.00490088 0.0312953 1.96041e-05 0.126965 8.98463e-05 0.229013 5.6759e-07 0.000183034 0.0808675 0.0273872 0.000659822 
0.00124334 0.0677615 0.0423315 0.079372 0.00148495 0.0615986 0.357973 0.0090572 0.00104779 0.0467719 0.0846735 0.00131609 0.0768452 0.00527123 0.00410808 4.90126e-06 8.5795e-05 0.000183202 0.145447 0.0134228 
0.00035498 0.0855999 0.00718421 0.240619 0.0013957 0.0103597 0.306728 0.0507941 0.00082907 0.00853115 0.0689213 1.06739e-06 0.0845438 0.0158941 0.0224796 1.29169e-05 1.58469e-05 0.000674618 0.0900589 0.00500215 
2.27519e-05 0.0247136 0.00112023 0.00239764 1.62793e-07 0.0215209 0.7103 0.000141998 9.85485e-09 0.00282242 0.0478385 1.47158e-08 0.0531588 8.43796e-09 0.0533586 0.0732436 0.00108975 2.47762e-05 0.0082448 1.79304e-06 
7.36078e-06 0.0333526 0.0359161 0.00404678 0.000315891 0.011026 0.625938 0.000668707 9.07666e-07 0.000813212 0.0142075 1.7979e-05 0.0722099 2.59216e-06 0.000312616 7.08319e-08 0.00359564 0.149016 0.0485426 9.42202e-06 
0.00290353 0.0123415 0.00815721 0.114893 0.000298003 0.0104116 0.507055 0.0136976 2.4411e-05 0.000142408 0.122934 0.000266884 0.10101 0.000134941 0.0157453 4.24268e-10 0.000133281 0.00410869 0.0857428 1.55427e-08 
0.000210843 0.045543 0.0864067 0.0128033 0.000758996 0.0589094 0.522263 0.000677334 1.38741e-05 0.00964959 0.0603161 2.95738e-05 0.0652411 0.000592578 0.0231638 1.78743e-05 2.86912e-05 0.000108655 0.113226 3.95015e-05 
0.0011266 0.00142617 0.334497 0.0386779 5.77473e-07 0.0498129 0.335098 0.000195004 2.00825e-10 0.00820815 0.142268 2.29666e-08 0.00241717 0.00430489 2.00039e-06 6.48165e-08 5.74402e-11 0.000728574 0.0808062 0.000430775 
0.000570996 0.00741315 0.0018048 0.0344577 0.000722419 0.0762371 0.391695 0.0197803 0.00661576 0.00884182 0.072529 1.01301e-06 0.0440048 0.000619816 0.0113426 4.00823e-07 0.0040297 0.0597901 0.259477 6.61251e-05 
0.0015309 0.0147919 0.0079335 0.00634574 0.000673781 0.0793925 0.356911 0.00712445 6.36685e-06 0.00680045 0.160879 7.96663e-06 0.172009 9.59168e-05 0.0315491 9.60639e-06 2.30983e-05 0.00317339 0.150678 6.39167e-05 
0.00116086 0.01482 0.00790314 0.0311287 0.000629398 0.142304 0.248989 0.00227401 9.22071e-06 0.00928247 0.0224478 0.000173373 0.0845616 0.00264624 0.0204695 1.17164e-06 4.73375e-05 0.201396 0.208652 0.001104 
0.00682555 0.140295 0.0011685 0.0339342 5.13245e-06 0.0031126 0.428616 8.17699e-06 0.00412419 0.00120249 0.0714585 0.000206202 0.0219414 0.220842 0.0054073 0.000691321 3.02169e-06 0.010525 0.0421057 0.00752759 
6.82763e-07 0.0430751 0.0026122 0.274439 0.000325033 0.0770287 0.531377 0.0158163 0.000706947 0.00142798 0.000922933 0.00728675 0.0189023 0.00247541 0.00128866 8.4708e-09 1.60048e-07 1.70127e-05 0.0222969 8.04163e-07 
5.93586e-06 0.052549 0.0580133 0.0485934 0.0143316 0.105853 0.559683 0.00145789 1.50237e-07 0.0171034 0.00301752 2.24343e-07 0.0387907 0.00313572 0.020842 2.7139e-05 0.0013366 0.000164511 0.0750319 6.30931e-05 
5.36529e-05 0.0107711 0.0223715 0.000642883 6.72049e-07 0.00638648 0.510182 1.22516e-05 1.70306e-05 0.000145725 0.0186624 9.46135e-09 0.0397636 0.000251521 0.0062663 5.66141e-05 3.10359e-08 0.361034 0.0227909 0.000591038 
0.000184413 0.0169199 0.00123961 0.140216 3.44673e-05 0.0201343 0.593625 0.00210172 7.63945e-06 0.00621972 0.0494056 0.000406547 0.00371225 0.0147936 0.00503734 3.89385e-05 1.00766e-06 1.41358e-05 0.145904 3.05255e-06 
0.0019449 0.0846314 0.00198131 0.024438 0.00445771 0.0281479 0.247881 0.00142485 0.00258796 0.0135953 0.158944 7.78847e-05 0.213907 0.00104704 0.0474572 0.000391052 4.98645e-05 0.000415925 0.166267 0.000352912 
0.000324218 0.00243596 0.000612511 0.0215875 0.00891701 7.89954e-05 0.652325 0.0179993 0.000236686 0.00106984 0.117463 6.08655e-11 0.0198083 0.000941726 0.00330654 3.76754e-06 9.51144e-06 0.000634864 0.152209 3.55562e-05 
7.04553e-05 0.0131864 0.0107692 0.00202556 0.00288738 0.00263186 0.335599 0.00393696 2.56484e-06 0.000273788 0.309105 7.93722e-10 0.145104 1.23809e-07 0.00483873 2.90123e-06 0.0884985 0.00018992 0.077922 0.00295463 
0.000189919 0.0505809 0.1811 0.0316308 0.000157617 0.0368011 0.351784 0.000278199 0.000112784 0.0176394 0.0349772 9.88641e-06 0.093603 0.0489687 0.000910594 9.38846e-08 0.0107013 0.0892229 0.0513259 4.83394e-06 
0.000214849 0.00766736 0.00357417 0.0940703 9.80977e-05 0.0132425 0.432201 0.000777308 1.06682e-07 0.0139234 0.0234296 3.76739e-05 0.0264822 0.00018385 0.000658551 4.8569e-08 1.12806e-07 0.000277138 0.383109 5.26262e-05 
0.000226714 0.0263563 0.068848 0.0146416 0.000124675 0.244378 0.306465 1.1499e-06 0.000849432 0.0539618 0.0201214 3.67839e-08 0.0420952 0.0324058 0.00471269 1.52131e-05 0.00219237 0.12959 0.053014 3.04876e-08 
0.000960178 0.146272 0.0109863 0.0351756 0.0128484 0.0507453 0.252528 0.00303279 0.00128594 0.011331 0.214441 1.29927e-07 0.187171 0.00597128 0.0190386 1.26317e-05 0.000877012 0.000732816 0.0415615 0.00502921 
1.92223e-05 0.0133513 0.0163868 0.00724443 0.00649632 0.00682284 0.376428 0.00327269 1.91133e-07 0.00581414 0.0311353 0.257107 0.0587822 0.0103031 0.1362 1.58882e-05 0.000269199 3.262e-05 0.0697168 0.00060185 
1.9172e-05 0.0196096 0.0130372 0.00825056 6.81227e-06 0.00298199 0.569926 0.000131399 4.55596e-05 0.000165453 0.0195503 7.93271e-11 0.254461 9.39304e-06 0.0325664 1.42828e-05 6.93889e-06 0.00182353 0.0772833 0.000111245 
0.0196287 0.0588835 0.0287415 0.0318233 0.0207231 0.022668 0.403631 0.00539284 4.10076e-05 0.00886789 0.00151123 1.85774e-05 0.0850935 0.00881926 0.227674 1.39933e-06 6.82037e-05 0.00268446 0.0735686 0.000160382 
0.000649995 0.0103733 0.00305345 0.00283594 0.000118232 0.0614287 0.66592 0.000426904 1.13653e-06 0.00103222 0.0452416 1.05747e-05 0.115897 0.000311283 0.0373234 0.000101789 2.47251e-05 0.00150782 0.0529774 0.000764962 
5.30815e-05 0.00213463 0.0274559 0.00406488 0.000123628 0.140114 0.705362 0.00104906 0.000200962 0.00541765 0.00594069 0.000277821 0.0775684 4.93001e-05 4.10096e-05 0.003222 0.0077075 0.00210794 0.0128953 0.00421366 
0.00189483 0.0128643 0.0153273 0.0290045 0.0209155 0.0108792 0.684919 0.00542539 0.000918845 0.00943441 0.0609973 0.000926641 0.0228697 0.000632602 0.0828061 4.0206e-05 0.00518602 0.000977196 0.027866 0.0061148 
5.70879e-05 0.0805128 0.0553615 0.0458712 0.000885052 0.0393984 0.498061 0.00314789 0.00017253 0.00481676 0.0239463 0.000176711 0.156298 0.0145805 0.0202095 2.91286e-05 0.00577675 0.000449743 0.0499869 0.00026229 
0.00707893 0.126446 0.0205913 0.0502738 0.00246612 0.00425739 0.421861 0.000134059 0.00013379 0.00837818 0.0681334 2.32393e-06 0.185039 0.0160668 0.0113449 2.12254e-07 0.00239913 0.00920524 0.0657121 0.000476024 
9.69099e-06 0.0093451 0.0269547 0.00336182 0.000186748 0.0135437 0.45417 2.36702e-06 2.69332e-06 0.001037 0.0210315 0.000150242 0.0445023 0.000156414 0.00442908 4.2748e-06 0.00400161 0.37146 0.0445295 0.00112127 
7.81671e-05 0.0223516 0.00856321 0.0281424 0.0266772 0.157264 0.306498 0.00355232 0.000293925 0.00345426 0.0939071 1.20236e-05 0.272862 0.000658514 0.0333341 9.59176e-07 6.80792e-05 0.00100058 0.0408192 0.000462963 
0.0403 0.0187234 0.000117686 0.000894371 1.22403e-05 0.0588613 0.791552 2.28998e-05 3.9594e-05 0.00352002 0.0105808 1.65518e-05 0.0282972 0.000700122 0.00774571 5.5424e-06 4.37403e-05 0.000170962 0.0381617 0.000234188 
0.000257495 0.0102913 0.000824348 0.0168906 0.0023897 0.0458558 0.313142 0.00125912 1.11868e-05 0.0203216 0.0867919 8.90879e-11 0.247444 0.000244402 0.0100283 5.5e-06 0.0140694 0.000905088 0.229263 5.76016e-06 
0.00337937 0.0286407 0.00838781 0.244382 0.00862255 0.0193147 0.315788 0.0161842 0.000637749 0.0324514 0.140397 0.00135557 0.0517062 0.00372573 0.0112445 0.000783566 0.000226896 0.0268392 0.0774638 0.0084689 
0.000286551 0.0718242 0.00496619 0.0198577 0.00100924 0.0181716 0.321363 0.00888389 0.00212549 0.00528444 0.0763938 1.57908e-06 0.292074 0.000451274 0.0200144 2.65276e-05 9.92679e-05 0.000113985 0.157007 4.52574e-05 
0.015084 0.0034277 0.00112339 0.0529806 0.00129862 0.0172586 0.787594 0.00910555 0.000103282 0.00414095 0.0319479 2.04997e-06 0.0172086 0.000887654 0.0300686 3.07225e-06 5.28057e-05 0.00256432 0.0249719 0.000175809 
0.00157832 0.0864249 0.00039846 0.0898134 0.00242195 0.0274969 0.556538 0.00131818 2.44545e-05 0.000864828 0.0499496 3.04024e-08 0.0214858 0.000286671 0.0144816 5.44927e-05 0.000346517 1.09949e-06 0.146515 2.51985e-08 
0.00180472 0.0196565 0.0325675 0.020079 0.0664206 0.0088672 0.286596 0.0124257 0.00361928 0.00276828 0.241574 0.000977282 0.119804 0.002233 0.0183396 0.000953361 0.00312086 0.00458267 0.152356 0.00125443 
0.000311589 0.021223 0.0379177 0.0311648 0.00260718 0.0152748 0.527794 0.00117084 0.0106316 0.0073958 0.070485 0.000171434 0.094047 0.00320057 0.0642975 0.00210683 0.00182085 0.0547564 0.0532151 0.00040828 
1.88435e-05 0.000548199 2.96104e-05 0.0177868 3.78276e-09 0.00231512 0.62319 0.00146873 1.25861e-06 0.0113968 0.0172171 0.18597 0.020612 5.43997e-09 0.00213184 7.45711e-09 6.01948e-06 0.000140103 0.114471 0.0026967 
0.00116996 0.0089559 0.00808489 0.0470423 0.0138175 0.0602962 0.357515 0.00273435 0.000205668 0.0303886 0.0453326 4.28333e-05 0.0635397 0.0350521 0.0134542 3.79201e-06 7.48698e-05 0.00254769 0.309628 0.000113417 
7.65489e-05 0.0490313 0.0869016 0.00646832 0.000150349 0.273962 0.298052 0.00249229 0.000539462 0.00908989 0.0340374 9.95912e-09 0.166472 0.000219939 0.000258429 1.82735e-07 2.62167e-07 0.0042051 0.0628811 0.00516123 
3.56239e-05 0.165656 0.242875 0.0463126 5.9552e-05 0.0244972 0.254937 0.00432798 0.00355013 0.00670147 0.0560259 0.0147463 0.086978 0.0214316 0.00543191 0.00963311 0.0033588 2.39363e-05 0.0531607 0.000256841 
0.000735973 0.055771 0.0095173 0.0558229 0.0012625 0.0188388 0.368879 0.105838 1.55516e-06 0.0199521 0.0603322 2.35991e-05 0.132166 0.00433628 0.0263103 2.4516e-06 7.43318e-06 0.00481099 0.133857 0.00153446 
4.26102e-05 0.190388 0.0227981 0.0529694 0.00311088 0.0286737 0.308157 2.1192e-05 0.000251424 0.00525499 0.0224752 0.147561 0.0332829 0.0114244 0.000239509 0.00412078 0.000646539 0.0125246 0.156028 2.95445e-05 
0.00013331 7.15315e-05 0.0148807 0.0373563 0.0174909 0.0181431 0.329 2.79953e-08 1.75499e-10 0.000840079 0.142385 0.00931284 0.223028 3.05251e-09 0.000198299 4.80517e-06 3.91544e-08 0.0275009 0.179655 1.94688e-08 
0.00165149 0.00653858 0.00281621 0.0132408 0.00203595 0.0181655 0.577854 0.00943287 7.77101e-06 0.00173727 0.0557723 0.000303983 0.0399489 9.18127e-05 0.12001 8.86195e-06 0.000444066 0.0611651 0.0878519 0.00092308 
4.58941e-05 0.0115359 0.00367178 0.0251309 2.16089e-09 0.000701276 0.676159 0.00030242 0.000116728 0.00121461 0.00661747 6.51484e-07 0.0330271 1.80997e-07 0.221135 4.67498e-05 4.04577e-08 0.00126914 0.0179992 0.00102531 
0.0110858 0.0121642 0.021122 0.0133391 0.000991129 2.47014e-05 0.561281 0.008511 3.32081e-08 0.00292488 0.0539017 3.10104e-10 0.0951256 3.58035e-07 0.00406556 2.63264e-05 9.25675e-08 1.33647e-05 0.215302 0.000120245 
0.000346295 0.0151726 0.0155216 0.0510322 0.00640148 0.000824291 0.365584 0.0328351 0.00485531 0.00354306 0.254025 6.13899e-08 0.0617781 0.000534705 0.00799126 2.09419e-05 0.00305415 0.00652465 0.167416 0.00253877 
0.00026755 0.347966 7.46735e-05 0.0137812 9.23639e-09 0.00603634 0.404924 0.000185377 0.00091291 0.00301238 0.115698 3.2195e-05 0.0876418 0.00394772 0.0017642 7.90114e-05 0.000256001 2.52156e-06 0.0134122 6.18088e-06 
0.000622077 0.107485 0.0197135 0.121489 0.00299134 0.147095 0.164218 0.0080618 0.000428063 0.0542006 0.0140647 0.00463122 0.0548559 0.0183143 0.00012031 9.33356e-07 9.34485e-07 0.0319854 0.155234 0.0944881 
0.0165542 0.00381944 0.000694673 0.000209085 0.000407346 7.05425e-08 0.729678 2.63922e-05 3.38536e-07 2.37077e-06 0.0538991 1.4648e-06 0.0352419 3.65771e-10 0.151373 1.41771e-06 1.94278e-05 0.00612187 1.50567e-05 0.00193535 
0.00140133 0.0907782 0.0555271 0.0704566 0.000658637 0.0317432 0.257917 0.00666787 0.00899734 0.00026033 0.129118 4.76403e-05 0.183269 0.00836643 0.00307017 1.02517e-05 0.00160459 0.0130468 0.133198 0.00386161 
0.00225819 0.0417698 0.0569401 0.0257757 0.00546803 0.121613 0.291769 0.0035632 3.47759e-08 0.00539924 0.117757 0.00149584 0.148403 0.00060585 0.0328646 1.93674e-06 0.0397294 0.0317702 0.0693366 0.00347935 
0.00283352 0.0131643 0.0462641 0.0421996 0.000943227 0.0168319 0.625572 0.000166961 3.87061e-05 0.00971573 0.0219743 0.000253694 0.0092955 0.00702717 0.0108923 1.54249e-05 6.82259e-06 0.0521166 0.109311 0.0313768 
0.0179731 0.0195644 0.000924396 0.0140528 0.000209088 0.0099687 0.548134 2.94578e-05 1.51762e-06 0.0257259 0.114068 1.24798e-06 0.0823893 6.00587e-06 0.0542085 2.02837e-06 0.00481272 0.0105588 0.0969619 0.00040875 
8.7628e-05 0.0114519 0.00366324 0.0262118 6.24522e-07 0.0276245 0.71576 4.78111e-07 1.01486e-08 0.0360709 5.1192e-06 7.45118e-07 0.00780931 0.00253691 0.000410575 1.53535e-06 1.21492e-05 0.085688 0.0825623 0.000102413 
0.00814561 0.131691 0.0143983 0.0877101 0.00435779 0.0605836 0.363961 0.0168285 3.85561e-05 0.0244152 0.0324894 5.2041e-06 0.0632645 0.00277755 0.027908 3.18068e-08 1.03343e-05 0.0161541 0.145174 8.74636e-05 
0.001947 0.0836128 0.00738701 0.0814593 0.0294632 0.0262015 0.259392 0.00178309 0.000110063 0.0257089 0.106985 9.00833e-08 0.106418 0.000864484 0.0109984 1.49275e-05 0.000115661 0.0140492 0.243265 0.000224986 
4.54228e-08 0.0454573 1.39522e-06 0.203733 7.85391e-06 0.00815725 0.51568 6.84108e-05 1.19951e-05 0.0125604 0.00666372 6.34641e-06 2.58289e-09 0.0571845 0.00106172 0.136697 9.5865e-09 3.76658e-08 0.00793873 0.00477056 
3.58241e-05 0.00394714 0.0369925 0.0331614 0.0128884 0.0136481 0.488681 0.00677305 4.3687e-06 0.00801029 0.0493492 6.76634e-05 0.0247845 0.00212349 0.0038435 0.000122643 5.20148e-05 0.00371503 0.298711 0.0130888 
0.000710083 0.028447 0.0217302 0.0347453 0.00730345 0.0440617 0.293218 0.0109648 0.00072256 0.00800161 0.14089 0.000495905 0.173541 0.00116434 0.0232379 4.34234e-05 0.00755956 0.00228465 0.197187 0.00369237 
8.85196e-10 0.0158103 1.24947e-05 0.00297632 0.00131245 0.00937055 0.544691 1.18396e-10 6.53171e-10 0.000616742 3.0934e-07 4.40406e-08 0.0298514 0.00033686 8.6239e-06 9.3953e-05 1.86821e-10 0.391002 0.00370149 0.000215308 
0.000626174 0.0443033 0.0121561 0.0251291 0.000114834 0.0620063 0.290087 0.0922475 1.33955e-06 0.167484 0.130303 0.102919 0.0204058 0.0156097 0.00389405 2.75705e-05 1.0517e-06 0.000113314 0.031696 0.00087638 
0.00249548 0.00806731 0.00278299 0.0428028 0.0766087 0.0324509 0.529614 0.0177171 4.71511e-05 0.00361095 0.0191177 4.923e-06 0.109257 0.00864544 0.0341259 1.44845e-06 0.0148182 0.00163138 0.0961917 8.86016e-06 
0.000189262 0.00428061 4.05766e-05 0.0177668 0.000357225 0.00367806 0.876856 9.74479e-07 1.89193e-07 0.000903397 0.0246633 2.4217e-08 0.000328389 0.00278811 0.000255669 0.0016889 1.22558e-05 0.000425288 0.0657647 3.78927e-07 
0.000126063 0.0128262 0.0979914 0.111303 0.00806927 0.115445 0.262443 0.00759919 2.95e-08 0.00498872 0.0330292 0.0127862 0.0816746 0.00241311 0.000594745 1.67492e-05 7.41102e-05 0.0633616 0.184636 0.000621816 
0.00490869 0.0749681 0.00375889 0.253026 0.000582555 0.0137436 0.265836 0.00115381 0.000195388 0.082536 0.109155 0.00277623 0.0545868 0.00616931 0.0055181 4.53219e-05 1.3814e-05 0.00615776 0.11309 0.00177949 
0.000759174 0.0594644 0.155301 0.0420829 0.00719024 0.0735062 0.19311 0.0225998 0.0025085 0.0193512 0.147902 6.51143e-05 0.149294 0.000988088 0.0319246 2.7984e-05 0.00624537 0.00197763 0.0836547 0.00204696 
2.24636e-05 0.0117391 0.000735008 0.00652453 0.00444906 0.136986 0.360065 0.0266868 3.53632e-10 0.0247791 0.0528093 5.28064e-10 0.136324 0.001566 0.0371665 4.07624e-06 1.38648e-07 0.000737041 0.199259 0.000146796 
5.09571e-06 0.0107385 0.0280377 0.000653057 0.00943206 0.0908617 0.354217 7.35492e-05 6.62999e-06 0.00112286 0.175773 3.65481e-06 0.120819 2.90567e-08 0.000768612 4.44273e-06 0.0680793 0.00768997 0.13169 2.4805e-05 
0.000219254 0.00236784 0.127005 0.0333653 0.0178522 0.148654 0.209785 0.00319486 3.72435e-06 0.00361063 0.113754 1.02161e-05 0.167781 0.000231865 0.00256308 1.61099e-05 2.73032e-05 9.65266e-05 0.16936 0.000102286 
2.82316e-06 0.130879 4.52697e-05 0.000512211 0.00231895 0.0522818 0.331852 0.000262442 0.00369747 0.000760895 0.0578077 3.00081e-10 0.294965 0.0100207 0.0108513 5.92516e-05 3.4233e-07 0.000119272 0.103404 0.000158767 
3.14092e-05 0.0414651 0.00507426 0.0345629 0.00227151 0.00595587 0.788178 0.00497744 0.000443874 0.0162866 0.00320982 0.0269182 0.00622808 0.0011608 0.000828066 0.00112879 0.000100913 0.00255918 0.0586034 1.53856e-05 
0.000824713 0.14926 0.0235762 0.0312669 0.000804067 0.135686 0.381565 0.0291578 0.000350054 0.00139154 0.066644 0.000627703 0.0463502 8.28673e-05 0.00677329 0.0535934 3.11762e-05 0.000881964 0.071125 7.92556e-06 
0.000382024 0.0703081 0.0169717 0.0365566 0.000761137 0.269704 0.343677 0.025355 9.25448e-06 0.00451075 0.0296009 4.52528e-05 0.107621 0.000314455 0.0712238 3.11233e-06 0.000554537 0.0011564 0.0212113 3.36987e-05 
0.0101445 0.00733258 0.000318504 0.00420898 0.0032945 0.00816594 0.780769 0.00589797 3.8161e-05 0.00223269 0.00953224 0.00158315 0.0190602 0.00112204 0.0776011 3.38965e-08 6.49415e-05 0.00518147 0.0632482 0.000203364 
0.00271023 0.0579706 0.0148259 0.0759682 0.0041483 0.0236134 0.297729 0.0315922 0.00842306 0.0125418 0.0928982 0.000436004 0.151272 0.000991498 0.0215836 2.02524e-05 0.000229454 0.00461402 0.198366 6.67106e-05 
0.00117502 0.0135167 0.0291255 0.0242514 0.00483107 0.00581771 0.514267 0.0046019 0.000111346 0.0181363 0.149451 0.000319489 0.0922031 0.000203505 0.0176889 0.00516145 0.00230101 0.0169729 0.099163 0.000701594 
2.29777e-06 0.00737776 0.00031153 0.0231317 0.00571164 0.005181 0.626137 3.17867e-07 9.98656e-07 0.115507 0.0410983 0.0434012 0.00201777 0.00656458 0.113015 1.69623e-06 0.00810699 0.000111901 0.00165382 0.000666797 
0.00309048 0.0149017 0.020398 0.0433436 0.00814668 0.0189472 0.329898 0.0110833 0.00108469 0.019155 0.234484 0.00257346 0.0716963 0.00137189 0.0154356 0.00435537 0.00159225 0.00433211 0.192509 0.00160109 
0.00431052 0.0536403 0.00674488 0.116831 0.0154396 0.0146352 0.358085 0.0138871 0.000403102 0.0755083 0.0747883 0.000185773 0.0661146 0.0209785 0.0105775 0.00102926 0.00504301 0.0209466 0.137635 0.00321646 
1.71834e-09 0.237691 0.0894309 3.1549e-06 7.54913e-10 0.139706 0.257023 3.4818e-07 1.26793e-09 0.054636 1.60905e-10 1.89335e-09 0.190677 1.08564e-09 0.00977697 1.48819e-09 3.62657e-10 7.12027e-06 0.0210479 1.56927e-09 
4.74526e-06 0.0034035 2.39312e-05 0.0127296 8.25425e-06 0.00478721 0.877811 0.0210422 7.48491e-05 0.000250643 0.00489421 4.01167e-10 0.0130524 4.90137e-07 0.0458786 3.32866e-08 1.74516e-08 1.30581e-06 0.0145236 0.00151383 
0.000516203 0.00229172 0.000117123 0.017012 8.09612e-05 0.000147212 0.535172 0.000312768 1.93623e-06 0.000974543 0.346835 9.3004e-10 0.00338784 5.33278e-10 0.00513647 2.52954e-05 4.67869e-07 7.09171e-08 0.0160605 0.0719276 
0.153378 0.0701758 0.0375707 0.0261818 0.0679662 0.00177175 0.371526 0.0125866 0.00021538 0.00297524 0.0424355 1.20316e-08 0.0774192 0.00522391 0.0560164 8.3308e-05 0.0128714 0.00450876 0.0345844 0.0225103 
1.97943e-08 0.0101607 0.0272571 0.000438002 0.00781537 0.00730575 0.407645 8.12261e-08 1.99604e-06 0.00360744 0.234083 4.1423e-09 0.0661649 0.000229651 0.00130003 1.8108e-08 1.75377e-05 0.00177727 0.232196 1.4007e-08 
0.00205382 0.0239342 0.0204029 0.0198984 0.00127024 0.190347 0.239627 0.00888914 0.00026872 0.0583781 0.071537 9.82177e-05 0.130236 0.00300927 0.00463316 1.18632e-05 0.000141549 0.0154271 0.209171 0.000664673 
4.40584e-06 0.00458444 9.46546e-07 2.82695e-07 1.9356e-06 7.66462e-07 0.985216 5.89286e-07 0.000653449 0.00521092 0.00198071 4.85457e-06 2.50531e-07 2.78358e-06 0.00232453 3.81573e-06 9.29854e-07 3.65344e-06 2.63836e-07 4.02362e-06 
0.000445061 0.0298792 0.118206 0.00426515 0.00461831 0.0631563 0.754758 9.83882e-08 1.87498e-05 0.00178746 0.000114296 0.000379338 0.0109709 0.00546566 0.000115845 1.19742e-07 0.000115536 0.0049892 0.00066591 4.85366e-05 
0.000505686 0.0701478 0.0333813 0.0521327 0.00331293 0.0401072 0.327926 0.0272715 0.000563982 0.0062948 0.112027 1.45076e-06 0.188971 0.00153187 0.0210857 2.34286e-06 0.000940523 0.00116648 0.111665 0.000964074 
0.00171127 0.0794347 0.00347347 0.0493451 4.47337e-05 0.0208407 0.469182 0.000105189 0.000109936 0.0443705 0.103993 1.07576e-05 0.0989396 8.34157e-06 0.032282 0.000281926 1.52603e-06 0.000106403 0.0957455 1.26882e-05 
0.00398584 0.240726 0.0480629 0.0617411 0.0459461 0.0219986 0.33505 0.0194232 7.03055e-08 4.37788e-05 0.0231202 5.67998e-10 0.064157 3.73576e-05 0.0966633 5.52843e-05 1.70696e-05 2.77943e-07 0.0388111 0.000160698 
0.000497165 0.251141 0.00230741 0.0449702 0.00244558 0.0103503 0.579735 0.00639908 0.000352926 0.00146862 0.00766152 0.00190479 0.00917273 0.00567467 0.0139989 0.000110471 0.000195291 0.000241101 0.0610718 0.00030122 
0.00328625 0.0369444 0.0238988 0.0349119 0.00118796 0.0692162 0.514326 0.000704725 0.000477062 0.0111652 0.0358009 1.66721e-05 0.0472329 0.0150567 0.00307829 0.000248737 5.64579e-05 0.0208467 0.181462 8.29491e-05 
0.0135301 0.0750765 0.100428 0.0424877 0.0681568 0.042329 0.204448 0.00316126 9.69019e-05 0.0160823 0.150689 0.00348944 0.11889 0.00753382 0.0182471 1.09618e-05 0.00176078 0.00231129 0.123338 0.00793427 
0.000416125 0.111054 0.0542484 0.030783 4.0196e-05 0.0133844 0.483033 0.0234169 7.37553e-06 0.000548219 0.00151441 0.000296957 0.24574 0.000633345 0.00342084 9.50641e-05 1.49059e-05 0.0019304 0.0293744 4.85941e-05 
0.0680608 0.0334512 0.0247823 0.033685 0.0650475 0.060868 0.261033 0.013711 3.38289e-05 0.0940463 0.202885 1.97514e-05 0.0655307 0.000647914 0.00500809 3.87552e-08 0.000247803 0.00855782 0.0621223 0.000262003 
2.03127e-07 0.0143108 0.000319853 1.2958e-06 5.90786e-05 0.00931374 0.350867 2.49187e-07 3.68612e-11 1.74134e-08 0.0127751 5.50433e-11 0.246347 3.15614e-11 0.251393 4.32644e-11 5.35849e-08 0.005903 0.108709 4.07735e-09 
0.000263072 0.0225211 0.23841 0.0249532 0.000971978 0.0810868 0.244857 0.023854 1.87509e-06 0.0145963 0.0156999 1.31252e-07 0.224979 2.00157e-05 0.016622 1.08024e-05 0.00405184 0.00185342 0.084813 0.000434724 
0.00526397 0.0211315 0.00483807 0.0340457 0.000610262 0.0278447 0.640655 0.0036851 4.71755e-05 0.00315095 0.0198961 0.00053068 0.0220762 0.00178904 0.126731 0.000322133 0.00251563 0.011806 0.0726172 0.000443657 
1.88435e-05 0.000548199 2.96104e-05 0.0177868 3.78276e-09 0.00231512 0.62319 0.00146873 1.25861e-06 0.0113968 0.0172171 0.18597 0.020612 5.43997e-09 0.00213184 7.45711e-09 6.01948e-06 0.000140103 0.114471 0.0026967 
3.73352e-06 0.135175 0.136313 0.0666903 5.71619e-05 0.00152336 0.351605 5.42451e-06 1.53162e-06 0.0263118 0.0681343 1.67539e-05 0.144328 0.0266439 8.65927e-06 6.29794e-05 0.00032524 0.000103247 0.0426008 9.0062e-05 
0.00080069 0.0137397 0.0436314 0.00958379 0.00180656 0.0565994 0.461208 0.00298245 4.13546e-06 0.00509311 0.166528 0.00312421 0.1281 0.00243605 0.0159025 0.000718674 0.0243834 0.000923077 0.0605483 0.00188706 
6.47387e-05 0.252452 0.00457749 0.00374647 1.85722e-05 0.000765071 0.332776 0.000590238 2.05197e-05 0.00144389 0.082559 1.57925e-05 0.177937 0.000128986 0.020564 0.094232 0.000135491 1.49784e-05 0.02766 0.000297369 
0.00061115 0.00688586 0.141024 0.0179625 0.00168286 0.0572777 0.340262 0.00245155 0.000671511 0.0225826 0.286662 1.84971e-08 0.00787676 0.000853826 0.00111191 8.46834e-07 6.38533e-06 0.0105707 0.10147 3.55096e-05 
3.13673e-05 0.015833 0.00339386 0.0257613 0.00121923 0.00150874 0.535359 0.00331379 4.71499e-07 0.000531422 0.124361 1.97083e-07 0.0480384 5.26884e-05 0.177839 6.31545e-06 6.48772e-06 1.09274e-05 0.0618858 0.000846481 
0.00669776 0.00359052 0.00796715 0.0481647 0.000937007 0.0129087 0.765931 0.0033798 0.00020422 0.00256592 0.0280943 0.00181102 0.0549581 0.000397936 0.0126644 0.00565155 0.000523448 0.000496317 0.042157 0.000898966 
2.08612e-06 0.0126573 0.00230628 0.00449381 1.75911e-06 0.082142 0.631995 0.00526261 1.22346e-10 0.00251964 0.0502363 0.00561857 0.164532 1.15287e-07 0.000687513 0.000321282 3.41557e-08 1.37491e-10 0.0372034 2.09149e-05 
0.000567118 0.0132819 0.11035 0.0176931 3.82266e-05 0.0408829 0.358016 0.00106111 0.000444879 0.0236579 0.0465693 5.2351e-07 0.102408 3.64552e-06 0.0934399 2.58484e-06 0.00113032 1.45514e-06 0.19043 2.07682e-05 
5.67859e-05 0.00646458 0.0217818 0.0307556 0.0128093 0.157777 0.340442 0.00542054 3.91722e-06 0.0232813 0.0923525 1.2041e-05 0.106273 0.003455 0.00267605 1.00848e-05 0.0333412 0.00091843 0.132168 0.0300012 
0.000157163 0.066154 0.00026802 0.0888845 0.000277744 0.0374968 0.435929 0.00660579 0.000340657 0.0233356 0.0283988 0.171906 0.0036548 0.0009332 4.49122e-06 1.60951e-05 0.0204223 0.0105951 0.0284442 0.0761751 
2.02857e-05 0.0020652 1.29924e-05 0.000784963 0.000108487 0.000183926 0.513592 0.000409025 1.39148e-05 0.00326216 0.424867 0.00069693 0.0142168 6.64219e-05 0.00877444 2.81152e-07 1.51449e-06 1.16027e-05 0.0309097 1.71582e-06 
0.00165084 0.0329024 0.00986797 0.0367784 0.000782344 0.0352495 0.484202 0.0106881 5.1097e-06 0.0184748 0.0590142 3.30511e-06 0.0967436 0.00120591 0.0187188 1.35e-06 3.0932e-05 0.00268039 0.19043 0.000570505 
0.000616834 0.0142613 0.00312362 0.128837 0.00779728 0.0095606 0.443544 0.0058949 0.00105043 0.0266709 0.031491 0.0258337 0.0366642 0.00192576 0.0125628 2.97831e-05 2.22469e-05 0.000442492 0.249248 0.000423644 
0.00283299 0.201348 0.00474816 0.0672566 0.0748227 0.0717108 0.256914 0.00169937 0.000378855 0.00662199 0.107989 2.13764e-07 0.0233051 0.00151452 0.00466847 2.57444e-06 0.00201439 0.00742494 0.158501 0.0062468 
1.46169e-05 0.00755623 0.125551 0.0123082 0.0111668 0.0276938 0.247066 0.00317158 1.43556e-07 0.0107023 0.094447 1.42493e-10 0.229594 4.29388e-06 0.00582624 3.16103e-08 0.0433333 0.000738088 0.174216 0.00660991 
0.0614309 0.052795 0.151078 0.0707408 0.106569 0.00886473 0.29301 0.035756 5.91202e-05 0.0100043 0.035962 3.70838e-05 0.147555 0.000671993 0.00767653 0.000374255 0.00766221 0.00164386 0.00671804 0.00139154 
1.70967e-05 0.0684071 0.00932957 0.0576895 0.000621405 0.00181097 0.696275 0.000536573 0.000245267 0.0302801 0.00170401 0.0103567 0.0168029 0.00825557 0.000271364 1.87574e-06 0.00478126 1.05014e-05 0.0925758 2.78754e-05 
2.91586e-07 0.079172 0.0878386 0.00413856 0.0293965 0.0499152 0.46559 7.68961e-05 1.30224e-08 0.0218801 0.106067 2.69109e-05 0.0791681 0.000672992 0.00119677 2.40439e-09 7.33619e-05 0.025403 0.0493036 7.97423e-05 
0.00552669 0.018881 0.0183513 0.0134628 0.00221068 0.0117643 0.321454 0.0042149 0.00631761 0.00913499 0.202761 8.19422e-06 0.19848 0.000183697 0.107104 0.00040935 0.000667852 0.00238295 0.0762963 0.000389223 
6.93927e-05 0.14485 0.0277193 0.0833821 0.00402656 0.0520576 0.219339 0.0131093 6.37107e-06 0.0179863 0.115192 3.01942e-06 0.0866211 0.000334082 0.115134 9.76203e-06 5.04693e-05 0.000585482 0.119514 8.42301e-06 
0.00865396 0.00632366 0.00160341 0.0220796 0.000452353 0.0148259 0.516644 0.0106216 1.38895e-05 0.00246518 0.0360044 0.00051645 0.0318356 0.00097605 0.20028 4.98919e-05 0.00130745 0.117976 0.0272677 0.000102886 
0.000325022 0.0412969 0.116842 0.0128489 0.0129031 0.00804293 0.445095 0.0279889 1.62135e-05 0.000394667 0.0271498 1.16248e-09 0.219191 0.00312792 0.00676568 8.79196e-06 0.0195025 0.000729896 0.0572851 0.00048502 
0.00220012 0.000925107 7.33951e-05 0.0309378 2.10754e-05 0.00215873 0.439098 0.000250369 0.00193665 8.56984e-07 0.419508 0.00105802 0.0559612 1.65849e-06 0.0129731 3.24511e-09 7.908e-10 1.63598e-06 0.0327567 0.000137805 
0.0470872 0.0242586 0.0920311 0.00654022 0.000153618 0.00695823 0.581549 1.56584e-07 0.000167438 0.0238903 0.0743573 1.3186e-06 0.110675 0.00328086 0.00275865 9.41983e-06 8.97516e-07 0.00407488 0.022206 2.30978e-07 
0.0068978 0.00437579 0.197387 0.000666608 0.00758696 0.0169196 0.443247 5.76135e-05 8.96022e-07 0.000338107 0.0819054 2.37319e-06 0.154021 5.26671e-06 0.00527191 1.30214e-07 0.034682 0.00908976 0.0366683 0.000875781 
0.000262079 0.0322827 0.000153384 0.0018915 0.000318937 0.00615439 0.720907 0.000107495 4.20534e-08 0.000497378 0.0145807 9.30068e-11 0.129303 4.88121e-06 0.0581884 1.62209e-06 1.55382e-10 0.000199821 0.0351284 1.79882e-05 
0.000386271 0.0273182 0.0148385 0.0358675 0.000377466 0.0439403 0.378312 0.0052843 1.12629e-05 0.0142873 0.0305026 6.12829e-07 0.162067 7.57735e-06 0.00409534 1.93372e-07 0.000527369 0.000394741 0.28129 0.00049159 
0.000166254 0.184484 1.97536e-05 0.0825932 1.88115e-05 0.0794592 0.39598 0.00619334 1.23365e-08 0.123976 0.000462265 2.43553e-07 0.0116047 3.14208e-06 0.100517 1.44795e-08 1.14589e-07 0.00226253 0.0122571 1.61718e-06 
2.702e-05 0.00123326 0.0678455 0.0108739 4.8701e-05 0.101512 0.684781 0.000602713 6.94697e-05 0.00620945 0.0275539 7.90533e-05 0.0271482 1.20146e-05 0.0504185 1.25894e-05 3.11157e-05 3.36903e-07 0.0213981 0.0001426 
5.40275e-05 0.0300879 0.00838444 0.0629017 1.26635e-08 0.0270333 0.681748 2.49222e-06 2.12692e-08 0.0057319 0.00111975 9.17095e-06 0.0293915 0.00505326 0.0246509 2.4964e-08 6.08346e-09 0.000620655 0.123199 1.13533e-05 
2.94338e-05 0.0210219 0.206184 0.00430259 0.00445491 0.074731 0.316712 0.000250502 3.75073e-05 0.0117479 0.0913279 0.00380877 0.0694274 0.000418809 0.0120117 0.00208319 0.00723933 0.00179303 0.172204 0.000213539 
0.000565676 0.0679103 0.0119353 0.0260146 0.00250914 0.0218606 0.421112 0.0112752 8.02979e-05 0.0105979 0.0145629 0.000609167 0.0611702 0.0691448 0.0110083 0.000606115 1.38607e-05 0.0221183 0.244655 0.00224992 
0.0113555 0.0243716 0.0216052 0.0447226 0.00149871 0.0722726 0.568405 0.000503825 0.000117544 0.017373 0.105329 0.000710441 0.0222961 0.00230813 0.0107343 7.83675e-06 3.82056e-05 0.000352736 0.0944206 0.00157689 
0.00325333 0.0353689 0.00318926 0.0917377 0.000390877 0.0273744 0.355873 0.000808162 1.57308e-09 0.00494203 0.0114998 7.79226e-06 0.00685068 0.0784237 0.000195232 1.19609e-07 0.00017376 0.00385529 0.245135 0.130922 
0.000466145 0.0393179 0.0450288 0.074391 0.00846279 0.00747164 0.309141 0.00131232 0.000395316 0.00443666 0.230102 1.72043e-06 0.0694291 0.00128324 0.00307538 0.0013723 0.00386635 0.00369604 0.184931 0.0118196 
0.000660678 0.0532639 0.250143 0.00095466 0.0177845 0.0261542 0.330623 0.000872581 1.13191e-05 0.000148546 0.0666432 7.22892e-06 0.181513 8.4815e-07 0.0207964 4.93666e-10 6.06697e-05 2.06295e-07 0.0503357 2.66819e-05 
0.00278898 0.0269026 0.00987053 0.0355265 0.00471008 0.0218565 0.288262 0.0144698 0.0040103 0.0170974 0.187283 8.43284e-06 0.0985504 0.000340047 0.00729359 5.45011e-06 0.00127718 0.0122276 0.266192 0.00132735 
0.000895642 0.0149896 0.000667259 0.0225312 0.0150118 0.052172 0.548189 0.083122 8.11214e-06 0.0025597 0.0580998 1.33663e-07 0.103214 0.000618199 0.0062002 7.07866e-07 4.26597e-06 0.000163531 0.091511 4.13918e-05 
0.00534393 0.0330754 0.0126248 0.0432372 0.00282027 0.0441966 0.298761 0.00257465 0.000612655 0.00649595 0.0790301 0.00358159 0.14877 0.0034617 0.0185093 5.47059e-05 0.00147035 0.120601 0.174657 0.000122677 
9.257e-05 0.0220299 0.000572422 0.00689034 0.0010053 1.03127e-06 0.616618 0.000540607 8.03133e-10 0.000482959 0.28636 1.19929e-09 0.0244254 2.59901e-07 0.00766176 3.21125e-06 9.66598e-07 4.10804e-07 0.0332866 2.86241e-05 
0.000175662 0.00125488 0.0467114 0.000202606 0.000115721 0.0188163 0.734616 4.27185e-05 2.81199e-08 6.01575e-05 0.0163707 4.19904e-08 0.176126 0.000142193 0.00495435 3.30048e-08 2.24122e-05 3.1601e-08 0.000288129 0.000100777 
0.00519128 0.0622968 0.00841624 0.0281637 0.000822147 0.00182293 0.64588 0.000110063 1.04121e-06 0.00276342 0.00314945 4.9134e-05 0.00865206 0.00538115 0.0140986 1.87534e-07 0.000841286 0.169233 0.0430233 0.000103839 
3.68612e-07 0.0794628 3.69019e-07 0.00450335 3.68904e-07 0.00199318 0.353093 3.69061e-07 3.68748e-07 3.69003e-07 0.142687 0.00106919 0.292106 0.0048317 0.0716818 0.00298669 3.6902e-07 3.68701e-07 0.0432219 0.00235977 
2.91586e-07 0.079172 0.0878386 0.00413856 0.0293965 0.0499152 0.46559 7.68961e-05 1.30224e-08 0.0218801 0.106067 2.69109e-05 0.0791681 0.000672992 0.00119677 2.40439e-09 7.33619e-05 0.025403 0.0493036 7.97423e-05 
0.000200042 0.0392029 0.0540157 0.0368933 0.00382607 0.11495 0.254917 0.00104828 0.000142741 0.0287558 0.0774631 9.34721e-06 0.0996463 0.00512012 0.0236427 3.01058e-05 0.0015569 0.044754 0.213545 0.000280151 
0.0203127 0.0402694 0.0808835 0.0776553 0.00145189 0.0135691 0.379809 0.0043125 0.000138563 0.0425471 0.0368246 2.96642e-07 0.129243 0.00275784 0.0877068 0.000482942 0.0105305 0.000358395 0.0683036 0.00284224 
0.000135461 0.0874222 0.006235 0.171377 0.00528349 0.00198876 0.426101 0.11672 1.79393e-05 0.000143911 0.0518414 8.30169e-08 0.0824332 1.22546e-05 0.0313049 0.00265443 8.92261e-05 3.47505e-06 0.01623 6.5623e-06 
0.000163306 0.0201732 0.17175 0.028571 0.00426762 0.100916 0.251713 0.00747265 3.62174e-06 0.0245659 0.0729764 7.16567e-06 0.134018 0.00930416 0.00282247 1.76584e-06 0.0225426 0.00645315 0.141339 0.000939261 
0.00104557 0.133841 0.0343713 0.0126065 3.67726e-05 0.0437145 0.458081 0.000207557 2.71229e-05 0.00462098 0.00775829 0.000638369 0.0855953 0.000511579 0.010304 1.2981e-06 1.06685e-05 3.14923e-05 0.206449 0.00014797 
0.00364729 0.0117772 0.00941264 0.0371248 0.00128505 0.0561745 0.385108 0.000514919 4.05073e-05 0.000366058 0.0173925 0.00153075 0.0862647 0.0018551 0.00137148 7.33277e-06 1.95239e-06 0.365474 0.0162747 0.00437637 
8.58767e-07 0.0328923 0.0520172 0.0251543 0.0272267 0.0917853 0.215905 1.04863e-06 3.43776e-09 0.0860501 0.0855129 5.13346e-09 0.2023 0.0423205 0.0184855 2.04079e-05 0.000239481 0.00826185 0.111827 1.31707e-07 
8.43634e-06 0.00933601 0.00819125 0.0126747 6.14693e-05 0.00977325 0.591855 0.00106254 0.0452897 0.000446604 0.0371468 9.58997e-05 0.211443 1.14678e-06 0.00889404 9.77816e-05 5.24632e-05 3.34766e-05 0.0631676 0.000368445 
0.00405497 0.0854096 0.0001756 0.0572921 0.00134905 0.29106 0.300661 2.35324e-06 1.36034e-05 0.00123045 0.00732899 5.9906e-08 0.000426327 1.0818e-05 7.0673e-07 2.63708e-07 3.94191e-07 0.105226 0.145678 8.06684e-05 
0.00287715 0.0834167 0.00970241 0.041711 0.000524832 0.0637798 0.333194 0.00808617 0.00084612 0.100991 0.0294887 2.33184e-05 0.129167 0.0336209 0.042345 4.5148e-05 0.00418411 0.00736333 0.105088 0.00354654 
0.000192487 0.114798 0.000435101 0.0175328 0.00436897 0.0114021 0.318828 0.00158158 7.69878e-06 0.000497925 0.111137 1.90332e-08 0.120131 0.000293197 0.151761 1.67818e-05 6.71448e-06 2.57588e-05 0.146915 6.79039e-05 
0.00357842 0.130551 0.0325671 0.00736294 0.000104716 0.0157994 0.631995 0.000623991 0.000220788 0.00776085 0.00917871 3.59667e-06 0.0559998 0.000690714 0.0785757 1.26865e-05 1.19096e-05 0.00128249 0.0133896 0.0102903 
0.00424669 0.00167218 7.14569e-07 0.034699 0.00166028 0.0017861 0.53155 0.000140262 0.000526653 0.0190636 0.00849938 0.0291614 3.64951e-07 0.00361991 4.33865e-06 1.2025e-06 2.86661e-06 0.307931 0.0539543 0.00148018 
0.000458613 0.0157575 0.000327692 0.134999 0.00018689 0.0122761 0.470316 0.0033804 0.000503052 0.00605534 0.0983744 1.11268e-05 0.0187692 9.86001e-07 0.00758264 4.13088e-06 6.75633e-06 0.000363932 0.230626 5.96683e-08 
0.000830671 0.145646 0.00101454 0.107332 0.00395271 0.000401486 0.216752 0.00485625 5.31315e-05 0.0874581 0.109384 3.49488e-07 0.0791888 0.005522 0.0272805 0.0678269 0.000432588 0.00102744 0.140553 0.000488111 
