0.000174792 0.0387001 0.00101838 0.312673 0.000847179 0.00516884 0.00827617 0.4273 0.140706 0.00392214 0.0256699 3.35036e-08 0.0248115 0.000451828 0.00118952 1.21853e-05 4.58362e-05 0.000293423 0.00872716 1.27537e-05 
0.000286371 0.00282507 0.000261713 0.345511 0.00142318 0.00386508 0.0339302 0.461244 0.000139122 0.00113309 0.0412996 2.75959e-10 0.0117148 0.000436507 0.00139425 2.52244e-06 0.0606341 5.28439e-05 0.033837 8.59335e-06 
0.000118937 0.0083717 0.012345 0.0855743 0.00162104 0.000304831 0.000251255 0.81847 0.000648659 0.00360033 0.00324063 1.8517e-12 0.0232941 0.000126857 7.69212e-05 1.35909e-06 6.29385e-06 1.01219e-06 0.0419301 1.72172e-05 
0.000279377 0.0221689 3.47717e-05 0.334152 1.51991e-05 0.0243509 0.0123339 0.529229 6.16178e-05 0.0433003 0.00663198 1.60929e-09 0.00113899 0.000419638 0.00501312 5.53325e-08 1.59627e-06 0.000486966 0.0203654 1.61754e-05 
0.00016931 0.00686821 0.0297542 0.146471 0.0111249 0.00106593 0.000534228 0.733327 0.000671017 0.0025574 0.000782754 3.88159e-11 0.0190562 0.000541627 7.92606e-05 4.52294e-08 6.75393e-05 1.86449e-06 0.0467573 0.000170105 
0.000401301 0.0603574 0.103152 0.0310783 0.000923434 0.0103799 0.106577 0.254716 0.00232755 0.00388073 0.0281314 0.00147052 0.230055 0.000213695 0.019117 0.000192808 8.58108e-05 0.000119523 0.145986 0.000833678 
2.80515e-05 0.0423566 0.0197557 0.271514 0.000125629 0.00765737 0.00723248 0.417135 8.12033e-05 0.0234238 0.0114332 1.56484e-10 0.0754724 6.28802e-05 0.000814962 2.22312e-07 2.78809e-05 4.09903e-07 0.121763 0.00111506 
6.67185e-05 0.00204435 4.90112e-06 0.0162714 0.000649956 0.0625621 0.0159479 0.866544 3.27017e-06 0.00528117 9.18721e-08 7.48891e-12 0.0064284 0.00155778 0.00094426 2.70843e-09 4.7743e-06 0.000480475 0.0182804 0.00292798 
9.68948e-06 0.000890422 0.000886882 0.0439444 1.83698e-05 0.000500133 4.87896e-05 0.943993 0.000377884 0.000696807 0.0040094 2.38811e-10 0.00163208 4.93561e-05 4.60288e-05 2.60461e-07 4.61036e-06 2.58403e-07 0.00286342 2.80124e-05 
2.9874e-12 0.00110993 0.000184266 0.026835 1.31244e-12 0.001008 0.000602008 0.949676 2.20435e-12 0.0135652 0.000867555 3.29166e-12 0.000976541 0.000808845 0.000564686 9.3869e-10 6.30492e-13 1.10538e-05 0.00379126 3.3114e-10 
1.45334e-05 0.00131529 0.00121362 0.062722 2.75537e-05 0.000750198 7.31839e-05 0.919637 0.000566822 0.00104521 0.00576799 3.40967e-10 0.00238051 7.40328e-05 6.90422e-05 3.90571e-07 6.91483e-06 3.87069e-07 0.00429513 4.00721e-05 
0.000118937 0.0083717 0.012345 0.0855743 0.00162104 0.000304831 0.000251255 0.81847 0.000648659 0.00360033 0.00324063 1.8517e-12 0.0232941 0.000126857 7.69212e-05 1.35909e-06 6.29385e-06 1.01219e-06 0.0419301 1.72172e-05 
0.0215197 0.00831898 0.0305684 0.162852 3.48949e-05 0.00516218 0.00720181 0.620547 0.00273095 0.00165448 0.0344154 1.54015e-06 0.0713872 7.48127e-05 0.00210208 2.39478e-08 5.35961e-05 4.21008e-06 0.0312696 0.000101282 
0.000818822 0.00899794 0.000620882 0.0664667 0.000210335 0.000590459 0.00412069 0.705632 0.0223309 0.000771441 0.126234 5.1834e-10 0.026624 0.000115306 0.00020293 6.35864e-06 2.50811e-05 2.7969e-05 0.0361355 6.8265e-05 
0.00516061 0.0366623 0.0141158 0.182011 0.0116249 0.00430385 0.00406599 0.656511 0.000539313 0.0028203 0.00349578 2.24208e-11 0.0426791 0.00183999 0.00132966 1.01582e-05 9.81602e-05 0.000164555 0.0324334 0.000134599 
4.89289e-05 0.11317 0.00148303 0.246854 0.00315262 0.00560234 0.00990594 0.467816 0.0326508 0.00107796 0.0106527 1.31986e-09 0.0228092 0.00178185 0.00647783 1.2227e-06 8.76807e-06 6.92009e-06 0.0764562 4.33872e-05 
0.000280959 0.00172657 0.010657 0.448681 1.36027e-05 3.11323e-06 5.30944e-05 0.506939 0.00141421 0.000922211 0.00418283 6.85479e-12 0.00831767 1.20119e-05 5.45422e-06 2.56333e-07 3.82845e-06 1.10248e-07 0.0167566 3.10338e-05 
3.71739e-08 0.00318112 4.18658e-08 0.0660626 1.67396e-08 0.000547295 0.000761932 0.859983 1.17829e-05 0.00103387 0.000867874 3.12001e-10 0.000971065 5.59429e-05 4.24974e-05 1.91746e-06 1.95501e-06 2.40851e-08 0.00404773 0.0624293 
0.000297868 0.00606125 0.000302756 0.111186 0.00385343 0.000413846 0.0014659 0.867554 3.20845e-05 0.000839794 0.00272936 1.07478e-08 0.000465379 0.000724149 0.000551111 3.84867e-08 1.74182e-05 4.36175e-05 0.00345015 1.21037e-05 
3.09449e-06 0.00505257 0.00230743 0.0644868 0.0023134 0.000918171 0.00166543 0.867417 1.55859e-05 0.00161464 0.00161557 2.19732e-09 0.0177478 0.000167279 0.00386562 2.30703e-05 4.14983e-06 5.70029e-06 0.0265294 0.00424767 
1.45334e-05 0.00131529 0.00121362 0.062722 2.75537e-05 0.000750198 7.31839e-05 0.919637 0.000566822 0.00104521 0.00576799 3.40967e-10 0.00238051 7.40328e-05 6.90422e-05 3.90571e-07 6.91483e-06 3.87069e-07 0.00429513 4.00721e-05 
2.97988e-05 0.00070614 0.000102623 0.00600918 0.000339599 0.00521745 0.0209322 0.928822 0.000106894 0.000430739 0.0137248 2.79388e-09 0.0192 8.83841e-07 0.00111497 1.00724e-06 5.68421e-07 1.18476e-09 0.00315065 0.000110827 
0.112222 0.00290992 0.00174073 0.204462 0.000962586 0.00123554 0.0492461 0.4541 0.000196867 0.00096286 0.14339 9.53527e-07 0.00312803 0.000690586 0.0016537 3.10719e-08 4.50938e-05 0.000608403 0.0223882 5.59551e-05 
0.00862595 0.00417045 0.0118513 0.42767 2.73964e-05 0.00268877 0.00375819 0.449597 0.0038844 0.0023519 0.0259156 3.26774e-10 0.0045772 4.46568e-06 0.0349292 1.13258e-05 4.47741e-06 2.25794e-05 0.0198454 6.46298e-05 
0.000118937 0.0083717 0.012345 0.0855743 0.00162104 0.000304831 0.000251255 0.81847 0.000648659 0.00360033 0.00324063 1.8517e-12 0.0232941 0.000126857 7.69212e-05 1.35909e-06 6.29385e-06 1.01219e-06 0.0419301 1.72172e-05 
0.00038918 0.0807902 0.0223337 0.0973856 0.00567862 0.00228919 0.00793914 0.617168 0.00313431 0.0236888 0.0333507 0.000191441 0.0267841 0.00730469 0.000423735 5.52733e-05 7.23841e-05 0.000215847 0.0707265 7.89583e-05 
0.000298939 0.0518525 0.00351465 0.0974415 0.0069611 0.00340227 0.0107198 0.572905 0.000611214 0.00356964 0.0956738 9.85419e-10 0.0676764 0.00662446 0.00298476 4.44306e-06 8.85293e-05 0.00404497 0.071603 2.32259e-05 
0.00132653 0.204857 0.0264296 0.079276 0.0232458 0.0101255 0.0180944 0.265464 0.000118183 0.00185135 0.0172559 1.22482e-07 0.139308 0.0020775 0.012149 2.60322e-05 0.00175733 0.000321482 0.195586 0.00073007 
3.71739e-08 0.00318112 4.18658e-08 0.0660626 1.67396e-08 0.000547295 0.000761932 0.859983 1.17829e-05 0.00103387 0.000867874 3.12001e-10 0.000971065 5.59429e-05 4.24974e-05 1.91746e-06 1.95501e-06 2.40851e-08 0.00404773 0.0624293 
0.000673744 0.00682355 0.000543282 0.259146 2.16943e-05 0.00101988 0.000995168 0.658656 0.00160511 0.00190877 0.00738753 4.49783e-11 0.0342476 2.19669e-05 5.29099e-05 3.36024e-08 1.77775e-09 7.53905e-05 0.0264323 0.000389265 
3.50643e-05 0.0975796 0.0156595 0.0416095 0.00160896 0.0403866 0.00245045 0.435936 0.0444826 0.00421607 0.00154025 8.48559e-10 0.0770227 0.224323 0.00020625 0.00161355 9.8564e-05 0.00339272 0.00783738 1.35832e-06 
2.15981e-09 0.00112983 0.000136531 0.0287461 1.08851e-05 0.000186434 3.69036e-05 0.968043 7.05252e-06 0.000276774 4.3507e-05 2.44062e-09 1.42584e-05 8.46288e-07 5.523e-05 7.74848e-10 3.16284e-07 4.26895e-09 0.00131207 5.18465e-08 
0.000279377 0.0221689 3.47717e-05 0.334152 1.51991e-05 0.0243509 0.0123339 0.529229 6.16178e-05 0.0433003 0.00663198 1.60929e-09 0.00113899 0.000419638 0.00501312 5.53325e-08 1.59627e-06 0.000486966 0.0203654 1.61754e-05 
3.41011e-08 0.0212009 0.0299103 0.113224 0.000937131 0.000406205 0.000146358 0.783772 0.000248685 0.00190444 0.00321936 7.44734e-12 0.0240032 2.48791e-08 1.44572e-05 2.02254e-10 0.000366553 1.51311e-06 0.0206448 3.11468e-08 
0.00205385 0.0580304 0.00206312 0.242526 0.00437814 0.0145692 0.0209486 0.407319 0.000370872 0.0133675 0.00691549 1.0785e-05 0.0763354 0.00191383 0.0156734 9.30626e-05 2.1861e-05 0.000763151 0.132619 2.76677e-05 
0.000130914 0.035809 0.0349573 0.314575 0.000710504 0.00237815 0.00842696 0.321322 0.00768014 0.125383 0.033422 5.19659e-08 0.0314377 0.00174635 0.000125815 3.57422e-07 0.0337968 0.00160042 0.0434196 0.00307866 
1.03186e-05 0.014894 0.000548168 0.0780242 1.76454e-05 0.0118418 0.00313251 0.856427 9.88627e-10 0.00372565 0.00276358 2.75846e-05 0.00429066 0.00226853 8.73729e-05 4.26425e-06 4.07578e-06 0.000105156 0.0218125 1.44467e-05 
1.18823e-05 0.102158 0.106903 0.213768 0.000119371 0.0218055 0.0163011 0.377294 0.00518356 0.0202649 0.013986 2.05809e-09 0.0356431 0.000644083 0.00034094 4.4395e-07 0.000182411 3.3703e-05 0.0851182 0.000242333 
2.48456e-06 0.00179234 0.00163831 0.143739 0.00168968 0.000614222 0.00246786 0.733154 1.49538e-05 0.00810912 0.00287316 1.04101e-10 0.0383426 3.92982e-05 0.00967878 2.61542e-10 5.84374e-07 1.60213e-09 0.0558433 2.29444e-08 
0.000211431 0.0482011 0.0285507 0.279091 4.99229e-05 0.00886733 0.0181624 0.344585 0.000913455 0.0265564 0.0288152 2.5276e-05 0.0689039 0.000431581 0.0130364 0.000280859 0.000186077 1.25386e-05 0.13311 8.9772e-06 
0.000280959 0.00172657 0.010657 0.448681 1.36027e-05 3.11323e-06 5.30944e-05 0.506939 0.00141421 0.000922211 0.00418283 6.85479e-12 0.00831767 1.20119e-05 5.45422e-06 2.56333e-07 3.82845e-06 1.10248e-07 0.0167566 3.10338e-05 
0.00190218 0.0420016 0.00918263 0.248764 0.00052874 0.0104848 0.0162519 0.538387 0.0145225 0.0213423 0.0133956 9.8459e-05 0.0350059 0.00355441 0.00184353 1.39885e-05 3.22909e-05 0.000676467 0.0417009 0.000310297 
0.000429431 0.0271249 0.00978651 0.000461063 2.34523e-06 0.000409768 0.000541109 0.724831 3.93898e-06 4.92119e-05 0.000789729 7.68452e-05 0.0815909 0.131738 0.000862092 4.62324e-06 1.12663e-06 4.4266e-06 0.0212876 4.87512e-06 
0.0293352 0.0692175 0.000631647 0.0801463 0.000187051 0.00377665 0.0228565 0.672114 0.0127426 0.00196774 0.020528 1.19117e-07 0.0551067 0.000863302 0.00170211 2.01092e-05 1.60523e-05 6.51155e-06 0.0287383 4.37743e-05 
1.83645e-05 0.00026136 2.12319e-05 0.175321 6.57399e-08 2.57489e-05 0.00254432 0.811613 3.31217e-05 2.18047e-08 0.00854305 9.70261e-11 1.32473e-05 2.79703e-08 0.000149142 3.48843e-10 1.50511e-05 6.42989e-06 0.0014351 5.91631e-07 
7.20991e-05 0.0164973 0.00566555 0.118687 0.0236572 0.0213009 0.0161979 0.701153 0.000676838 0.00398791 0.011775 1.66207e-06 0.018672 0.00240774 0.00567487 0.00873972 4.54001e-05 0.00166404 0.0385305 0.00459395 
0.00016931 0.00686821 0.0297542 0.146471 0.0111249 0.00106593 0.000534228 0.733327 0.000671017 0.0025574 0.000782754 3.88159e-11 0.0190562 0.000541627 7.92606e-05 4.52294e-08 6.75393e-05 1.86449e-06 0.0467573 0.000170105 
0.00160434 0.00139688 0.00165676 0.0503187 8.91459e-05 0.00238451 0.00406174 0.899455 0.00563664 0.002259 0.0173313 2.36548e-07 0.00689954 0.000140815 0.00188116 4.97539e-07 9.40431e-06 6.42611e-06 0.00483125 3.65063e-05 
6.58256e-05 0.0054923 0.00806503 0.0548734 0.000737573 0.000283223 0.00208862 0.877506 6.38894e-05 0.00102209 0.0224262 2.04078e-09 0.00796092 1.42531e-08 0.000196076 1.57739e-09 0.000135681 8.82859e-05 0.018986 9.0432e-06 
9.67792e-08 1.66574e-05 8.51253e-05 0.0103733 8.8034e-05 5.0304e-05 0.00259444 0.948711 2.09991e-07 0.000220769 0.0319406 3.30419e-09 0.000101764 2.8931e-12 0.000444288 5.91035e-10 3.3161e-06 2.48685e-08 0.00537051 1.62452e-08 
3.41759e-05 0.0137769 0.0138594 0.103079 2.66441e-05 0.00454776 0.00488359 0.733985 0.000154286 0.0460631 0.011932 2.97108e-12 0.0349873 0.000176078 0.0011905 1.79076e-09 7.11927e-10 5.64597e-08 0.0282532 0.00305089 
9.68948e-06 0.000890422 0.000886882 0.0439444 1.83698e-05 0.000500133 4.87896e-05 0.943993 0.000377884 0.000696807 0.0040094 2.38811e-10 0.00163208 4.93561e-05 4.60288e-05 2.60461e-07 4.61036e-06 2.58403e-07 0.00286342 2.80124e-05 
0.000370844 0.0426851 0.0355783 0.13105 0.00197605 0.0240281 0.0268234 0.444248 0.00071681 0.0181165 0.0750307 4.45276e-06 0.0615872 0.002322 0.00194265 4.7093e-05 0.00124083 0.072494 0.0579398 0.00179828 
0.000841936 0.00152626 0.000366999 0.143571 2.89538e-05 1.16966e-05 0.00518354 0.595718 0.0263979 0.000487782 0.182381 9.27376e-10 0.0107569 8.38862e-06 0.000183052 9.61158e-08 3.66725e-06 6.17504e-05 0.0324578 1.34911e-05 
2.15981e-09 0.00112983 0.000136531 0.0287461 1.08851e-05 0.000186434 3.69036e-05 0.968043 7.05252e-06 0.000276774 4.3507e-05 2.44062e-09 1.42584e-05 8.46288e-07 5.523e-05 7.74848e-10 3.16284e-07 4.26895e-09 0.00131207 5.18465e-08 
3.50643e-05 0.0975796 0.0156595 0.0416095 0.00160896 0.0403866 0.00245045 0.435936 0.0444826 0.00421607 0.00154025 8.48559e-10 0.0770227 0.224323 0.00020625 0.00161355 9.8564e-05 0.00339272 0.00783738 1.35832e-06 
0.000107805 0.00721958 0.0342896 0.194357 0.000536989 0.0169739 0.0399467 0.295598 0.00292423 0.00386344 0.0563224 3.67887e-10 0.106098 6.51943e-09 0.102332 7.27205e-05 0.0710802 0.000697188 0.0669395 0.00064039 
0.0789132 0.00576247 0.00426074 0.272786 9.68815e-08 0.00450485 0.0263992 0.410954 8.18672e-06 0.00085502 0.116715 3.61938e-07 0.0392883 0.0183725 0.0117591 4.33433e-09 1.0792e-05 0.000429705 0.00898033 3.23429e-08 
0.00372529 0.0397241 0.00718452 0.144815 0.00297677 0.00486262 0.00509353 0.690168 0.000513461 0.00862624 0.0081497 3.13238e-12 0.0502658 0.00118546 0.0018689 2.09535e-05 2.10697e-05 0.000199126 0.0302042 0.000394936 
0.000140949 0.134752 0.019631 0.0421213 0.0151991 0.0443497 0.0187152 0.236152 0.0180583 0.00229459 0.159467 8.73243e-08 0.16954 0.102768 0.00414304 0.00479961 0.000868101 0.00338376 0.0235606 5.61729e-05 
0.00355876 0.0393759 0.00151634 0.158816 0.00663907 0.0041857 0.00557026 0.673942 0.00351494 0.00584473 0.0214261 1.01038e-10 0.0355087 0.00621249 0.00217479 0.000198106 3.55245e-05 0.000113331 0.0312199 0.00014716 
1.41659e-06 0.0015985 0.00167 0.056984 0.00168956 0.000508375 0.00246775 0.837294 1.49432e-05 0.00193476 0.00287309 3.69484e-11 0.0359806 3.92801e-05 0.00462552 1.06675e-10 5.81686e-07 6.2021e-10 0.0523176 1.9793e-08 
0.000260883 0.0213829 0.16475 0.0649918 0.0779439 0.0114499 0.0399206 0.216107 1.04015e-05 0.0197666 0.0259589 1.78472e-05 0.194564 0.00827697 0.00191117 1.06769e-06 0.00210335 0.00143672 0.14801 0.00113742 
0.00037381 0.00112634 8.44106e-05 0.0207412 0.00180422 0.00393694 0.137873 0.325698 1.42597e-06 0.000573075 0.20933 2.91682e-06 0.0282369 2.50993e-05 0.251073 1.36686e-07 1.40829e-06 1.17906e-08 0.0191155 2.64628e-06 
0.0108467 0.0129106 0.0328567 0.0287122 0.00118294 0.00688367 0.123053 0.687008 0.00177209 0.00390062 0.00530989 0.000107574 0.0388846 3.0524e-05 0.00170487 2.06103e-06 1.82485e-05 6.40283e-05 0.0441676 0.000583441 
1.45871e-06 0.00401231 0.0018723 0.221047 0.00264482 0.0726645 0.0147881 0.496115 8.75131e-06 0.0166628 0.00167608 2.09497e-10 0.065242 0.000175157 0.0215248 3.2615e-10 3.45255e-07 3.44672e-06 0.0815616 1.87206e-08 
0.000339858 0.00801997 0.0202279 0.1832 0.00874026 0.00222056 0.00138497 0.51968 0.00199082 0.00274285 0.0658958 1.03888e-08 0.00777182 0.000447696 0.000130256 2.32287e-06 3.56416e-05 2.99961e-05 0.146817 0.0303228 
1.8638e-06 0.00143436 0.00126866 0.1421 0.00126726 0.00050061 0.0018509 0.764222 1.27112e-05 0.00683719 0.00215487 8.22777e-11 0.0288061 0.00010157 0.00725912 1.43619e-08 4.38458e-07 1.26512e-09 0.0421781 4.4954e-06 
0.000280087 0.00422021 0.000686795 0.0636702 4.93917e-05 0.000116011 0.000376371 0.881077 0.00112143 0.0160609 0.0144856 3.66146e-12 0.00123496 0.000200605 9.23911e-05 3.29191e-10 6.67561e-07 7.29789e-06 0.0157993 0.000520781 
1.41659e-06 0.0015985 0.00167 0.056984 0.00168956 0.000508375 0.00246775 0.837294 1.49432e-05 0.00193476 0.00287309 3.69484e-11 0.0359806 3.92801e-05 0.00462552 1.06675e-10 5.81686e-07 6.2021e-10 0.0523176 1.9793e-08 
0.00071401 0.0240663 0.00700339 0.173284 0.00665289 0.0032266 0.00799805 0.633531 0.00597439 0.00511382 0.0393814 3.87666e-06 0.0309359 0.0031239 0.00140774 2.89643e-06 0.000340442 0.00035598 0.0562699 0.000613019 
1.87983e-07 0.000669234 0.00703559 0.342651 0.00924523 0.00125929 9.80039e-05 0.447377 1.08733e-07 0.00386679 5.65694e-05 1.77384e-11 0.139187 1.71138e-08 4.43428e-08 2.47162e-09 1.24133e-07 4.25873e-07 0.0485531 6.6748e-08 
9.68948e-06 0.000890422 0.000886882 0.0439444 1.83698e-05 0.000500133 4.87896e-05 0.943993 0.000377884 0.000696807 0.0040094 2.38811e-10 0.00163208 4.93561e-05 4.60288e-05 2.60461e-07 4.61036e-06 2.58403e-07 0.00286342 2.80124e-05 
2.43947e-06 0.0183701 0.00448262 0.11078 0.0019589 0.001472 0.000296078 0.824753 1.08061e-05 0.00210188 0.00119992 7.28038e-12 0.0123839 0.000449449 1.01932e-05 5.95037e-05 1.02891e-05 4.55555e-05 0.0213749 0.000237878 
0.00090415 0.0296252 0.0290492 0.0662156 9.84942e-07 0.00783863 0.0113265 0.538383 0.00115443 0.000759667 0.0558576 1.66949e-10 0.0646306 2.4124e-07 0.000104038 5.76847e-08 5.77474e-07 1.05684e-05 0.192789 0.0013497 
0.000307684 0.0299776 0.0264455 0.102834 0.00384822 0.0538473 0.0156464 0.56933 0.000789183 0.00538799 0.0482836 1.73966e-06 0.0247074 0.0194313 0.0035312 8.21665e-05 0.000127042 0.000244274 0.09491 0.000266885 
0.00862595 0.00417045 0.0118513 0.42767 2.73964e-05 0.00268877 0.00375819 0.449597 0.0038844 0.0023519 0.0259156 3.26774e-10 0.0045772 4.46568e-06 0.0349292 1.13258e-05 4.47741e-06 2.25794e-05 0.0198454 6.46298e-05 
0.00240213 0.135461 0.0180368 0.126361 0.00893891 0.0340797 0.00873733 0.208466 0.00357121 0.0579891 0.128406 3.88823e-08 0.131374 0.000484758 0.000300621 6.28585e-07 0.000101913 0.000122029 0.134647 0.000520872 
4.08481e-05 0.0133347 0.00063538 0.0588256 0.00591306 0.000917078 0.000253829 0.914377 1.82175e-05 0.00205227 4.91019e-05 1.80093e-08 0.00086339 4.43503e-05 0.000774447 6.40192e-09 3.18134e-06 3.13605e-05 0.00186563 4.61344e-08 
0.00118006 0.125532 0.00343514 0.131166 0.000167223 0.0192828 0.0128535 0.33169 0.000953237 0.0398084 0.023237 9.68141e-08 0.257613 0.0148241 0.0101804 1.26779e-05 1.84839e-05 0.000422904 0.0275453 7.73849e-05 
6.96614e-06 0.0285044 0.0202928 0.163249 1.31746e-05 0.00518158 0.00364476 0.732552 0.00153766 0.0113879 0.00595985 7.58642e-06 0.0139732 0.00480353 3.29374e-05 1.94811e-07 3.32801e-06 0.0001412 0.00861434 9.30038e-05 
9.1503e-05 0.00982639 0.0159769 0.0330482 0.00123039 0.00980232 0.0126122 0.765938 0.000183229 0.00588614 0.0133815 2.82326e-12 0.0912299 0.000670055 0.00146033 1.81849e-06 1.88618e-05 0.00043142 0.037134 0.00107718 
0.000152917 0.0107232 0.0157271 0.107188 0.00208419 0.000391924 0.000323041 0.769891 0.000833984 0.00462899 0.00405957 2.2327e-12 0.0297926 0.0001631 9.8898e-05 1.74725e-06 8.09193e-06 1.30111e-06 0.0539101 2.04942e-05 
3.57401e-05 0.00814529 0.00739883 0.0412535 0.000698993 0.00300976 0.00846632 0.871707 0.000340795 0.0011126 0.0123535 2.64608e-09 0.0321253 6.25764e-06 0.00054544 2.96142e-07 8.39417e-05 2.45775e-05 0.0126113 8.06316e-05 
6.82566e-06 0.000841779 0.00622102 0.0442866 0.00083154 0.000212991 0.000942262 0.908029 2.58609e-05 0.00114924 0.00121998 3.4456e-11 0.0138355 1.50041e-05 0.00176627 1.08435e-10 1.00655e-05 4.0519e-09 0.0206062 8.92068e-08 
0.000306572 0.00143125 0.00117459 0.322658 5.10836e-05 0.000295086 0.000623757 0.599471 0.0375918 0.002355 0.0121141 3.25689e-10 0.00220858 1.79856e-05 0.0004597 7.63519e-10 7.48007e-06 1.00611e-08 0.00559046 0.0136436 
6.84717e-08 0.00444733 9.80185e-08 0.366446 0.00282416 0.0125897 0.0164396 0.415439 1.18715e-06 0.134772 0.021316 2.71696e-09 0.0142663 8.48925e-08 7.76831e-08 3.73509e-08 1.61328e-06 3.44849e-11 8.62366e-07 0.011456 
1.43667e-05 0.000689863 0.00104769 0.0138844 0.00980881 0.00418735 0.00406074 0.950277 7.74298e-05 0.000437438 0.00197583 2.64204e-07 0.00680484 0.000560119 0.000960051 3.83635e-07 1.46766e-05 1.63629e-05 0.00512854 5.38063e-05 
0.000306572 0.00143125 0.00117459 0.322658 5.10836e-05 0.000295086 0.000623757 0.599471 0.0375918 0.002355 0.0121141 3.25689e-10 0.00220858 1.79856e-05 0.0004597 7.63519e-10 7.48007e-06 1.00611e-08 0.00559046 0.0136436 
9.68948e-06 0.000890422 0.000886882 0.0439444 1.83698e-05 0.000500133 4.87896e-05 0.943993 0.000377884 0.000696807 0.0040094 2.38811e-10 0.00163208 4.93561e-05 4.60288e-05 2.60461e-07 4.61036e-06 2.58403e-07 0.00286342 2.80124e-05 
2.53524e-10 0.0673645 0.00283994 0.030367 1.1138e-10 0.200579 0.00151545 0.420044 3.5449e-07 0.0711197 0.00331995 2.79345e-10 0.0219433 0.133742 0.0200655 9.19707e-07 5.35063e-11 5.97399e-07 0.027098 2.3153e-10 
6.25978e-05 0.0011384 3.11069e-05 0.184284 5.55027e-05 0.0014494 0.0128798 0.759846 0.000200487 0.00464163 0.0130847 5.10237e-06 0.000799105 6.0928e-06 0.000115971 3.59698e-10 1.51678e-06 1.2474e-06 0.0213934 3.83579e-06 
2.29957e-06 0.0640109 2.3021e-06 0.133552 0.000922855 0.00207431 2.30245e-06 0.312203 0.00345291 0.0227921 0.0513478 2.29924e-06 0.0957906 0.00253314 2.30149e-06 2.3e-06 2.30211e-06 0.013343 0.297959 2.29985e-06 
0.00153044 0.0855917 0.0176092 0.242858 0.00282743 0.0273017 0.0352855 0.341858 0.00149296 0.02475 0.0282052 0.00156675 0.0258601 0.0561427 0.000989729 6.48922e-06 7.11856e-05 0.000538808 0.105366 0.000147833 
0.000916214 0.0216921 0.00101913 0.0302197 0.000296365 0.00175221 0.00371621 0.723631 0.0122712 0.00118672 0.111306 3.58337e-12 0.0418463 0.000309274 0.000220307 5.33939e-06 5.00933e-05 1.17102e-05 0.049424 0.000126578 
4.58239e-05 0.0144705 0.0163501 0.211583 0.0017759 0.000326383 9.17986e-05 0.525897 0.00393095 0.019885 0.00440706 2.40628e-08 0.0488171 0.000140742 7.22648e-05 6.66455e-06 0.000169305 9.44059e-07 0.15203 1.39098e-07 
1.54427e-05 5.943e-06 0.000125136 0.0280822 0.0592966 3.22584e-09 2.59695e-09 0.905622 0.00014844 0.00198294 5.08519e-05 4.21448e-12 0.000304185 0.00433734 1.55114e-12 3.70866e-09 2.23622e-08 3.17172e-12 4.74196e-06 2.43422e-05 
0.000795913 0.0220642 0.0112295 0.0106625 0.000283711 0.0352298 0.0403668 0.425733 1.26464e-05 0.0218231 0.0825522 8.42007e-11 0.265985 7.14789e-05 0.00173592 1.42623e-06 4.26233e-05 0.000201342 0.0807035 0.000505288 
0.000953508 0.0111671 3.72192e-05 0.411201 1.52457e-07 5.95191e-08 0.00200999 0.490578 0.00495615 0.00497302 0.013052 7.87688e-07 0.00408836 0.000388606 0.00286314 2.88502e-07 2.06808e-05 8.96927e-08 0.0533999 0.000310049 
1.31382e-07 0.0331794 0.0287198 0.273803 0.000995042 0.000271602 0.00237221 0.591428 0.00182999 0.0174185 0.00321996 3.94293e-11 0.0239653 0.000467344 0.000351526 9.38652e-10 0.000366687 0.00202335 0.0195887 7.45839e-08 
0.00037555 0.0532562 0.000517287 0.268592 0.000636906 0.0255472 0.0106838 0.2928 0.0162273 0.0232331 0.0113435 1.79944e-07 0.158772 0.00480274 0.00457754 0.000100198 0.0232285 1.06064e-06 0.105198 0.000107993 
3.41011e-08 0.0212009 0.0299103 0.113224 0.000937131 0.000406205 0.000146358 0.783772 0.000248685 0.00190444 0.00321936 7.44734e-12 0.0240032 2.48791e-08 1.44572e-05 2.02254e-10 0.000366553 1.51311e-06 0.0206448 3.11468e-08 
0.000293465 0.149505 0.0357809 0.217014 0.00903674 0.0123861 0.0272915 0.280314 0.00216586 0.021206 0.0591396 0.000305874 0.0427674 0.0029078 0.0500885 2.30766e-05 0.000394984 0.00192884 0.0868509 0.000599319 
7.62909e-06 0.000198896 0.000138212 0.00253201 5.19905e-05 0.0284781 0.0155133 0.886592 2.05172e-05 0.00045791 0.000995917 2.98585e-09 0.0409551 2.75264e-05 0.000145722 1.09054e-07 3.75613e-07 0.000172627 0.0235706 0.000141035 
6.47255e-06 0.0111136 0.00450807 0.151728 0.00118237 0.00226643 0.00126692 0.757901 0.000238175 0.0206484 0.00376962 3.29172e-11 0.0128036 0.00633992 0.000556648 5.65923e-05 8.0096e-06 5.09035e-05 0.0250886 0.000466936 
0.000345469 0.0140333 4.41532e-05 0.429567 1.4501e-08 0.00123758 0.00209149 0.506065 7.70321e-05 0.00849279 0.00852144 3.9376e-11 0.00146324 0.000535701 0.00070425 9.11678e-09 1.94308e-06 0.000622303 0.0261777 1.96663e-05 
0.00016931 0.00686821 0.0297542 0.146471 0.0111249 0.00106593 0.000534228 0.733327 0.000671017 0.0025574 0.000782754 3.88159e-11 0.0190562 0.000541627 7.92606e-05 4.52294e-08 6.75393e-05 1.86449e-06 0.0467573 0.000170105 
8.38427e-06 0.0303445 0.0221338 0.172899 0.00131837 0.0457297 0.0225537 0.471986 0.000172383 0.00912857 0.0237089 0.000249644 0.032896 0.0293438 0.000360749 0.000152225 3.4583e-05 9.96023e-05 0.136378 0.00050248 
0.000518345 0.0525111 0.011526 0.143959 0.00334473 0.00854524 0.00185263 0.42326 0.0137445 0.00778125 0.0886038 1.16767e-08 0.0506988 0.00555325 0.0114473 1.21514e-07 0.000199297 0.000314453 0.175987 0.000153331 
0.000280959 0.00172657 0.010657 0.448681 1.36027e-05 3.11323e-06 5.30944e-05 0.506939 0.00141421 0.000922211 0.00418283 6.85479e-12 0.00831767 1.20119e-05 5.45422e-06 2.56333e-07 3.82845e-06 1.10248e-07 0.0167566 3.10338e-05 
0.000655729 0.0099607 0.00793772 0.205271 0.000841693 0.0370267 0.00729905 0.511004 0.000781453 0.00433773 0.113582 8.83892e-07 0.0184659 0.026441 0.0146215 8.8008e-07 1.38375e-05 0.000280846 0.0395305 0.00194668 
0.000302057 0.0197401 0.00117807 0.171125 0.000754107 0.011328 0.0451948 0.596554 0.00112629 0.00464747 0.0396339 9.45376e-05 0.0346289 0.000489219 0.00707771 7.2819e-06 9.35428e-06 0.000803929 0.0650528 0.000252216 
0.000280087 0.00422021 0.000686795 0.0636702 4.93917e-05 0.000116011 0.000376371 0.881077 0.00112143 0.0160609 0.0144856 3.66146e-12 0.00123496 0.000200605 9.23911e-05 3.29191e-10 6.67561e-07 7.29789e-06 0.0157993 0.000520781 
0.000684873 0.117379 0.00483009 0.305898 0.00119769 0.0102549 0.0399827 0.375237 0.00191363 0.00484411 0.0459212 2.83304e-06 0.0295127 0.00191125 0.00700162 5.98338e-05 2.8953e-05 0.000239685 0.0530314 6.89787e-05 
7.06807e-05 0.059776 0.0393337 0.199334 0.000651135 0.0313844 0.0611768 0.245408 0.000497928 0.011606 0.0473169 8.87573e-07 0.106594 0.00277868 0.00791888 7.62078e-06 6.41643e-05 0.00873488 0.177214 0.000131574 
4.88064e-05 0.0772339 0.00378406 0.0251053 0.00797673 0.0134103 0.172139 0.271248 0.00020737 0.00130064 0.185967 2.03967e-06 0.156194 0.000663072 0.0206755 5.11808e-05 0.00534359 0.000458593 0.0564198 0.0017712 
0.000679206 0.00260934 0.00472812 0.229266 9.19456e-05 0.00573764 0.0504183 0.297734 0.01362 0.0195597 0.252684 0.00120983 0.0259526 3.29528e-05 0.0002503 1.83092e-06 0.00381412 0.000207854 0.0883658 0.00303649 
0.000601394 0.00109019 0.000277 0.115115 2.06853e-05 8.35554e-06 0.00370254 0.698648 0.0188557 0.00034842 0.130272 7.81216e-10 0.00768348 5.99258e-06 0.000130755 6.87302e-08 2.61979e-06 4.41101e-05 0.0231842 9.63748e-06 
1.41659e-06 0.0015985 0.00167 0.056984 0.00168956 0.000508375 0.00246775 0.837294 1.49432e-05 0.00193476 0.00287309 3.69484e-11 0.0359806 3.92801e-05 0.00462552 1.06675e-10 5.81686e-07 6.2021e-10 0.0523176 1.9793e-08 
9.33616e-05 0.0114794 0.00904875 0.38314 0.00442117 0.00109304 0.00287144 0.502603 0.0067983 0.00367408 0.0094406 2.46165e-09 0.0109719 0.00166735 0.000335743 2.32767e-07 7.42942e-05 2.08353e-06 0.0357994 0.0164866 
0.000520166 0.0282598 0.00632488 0.165212 0.00204679 0.00192241 0.0106942 0.57811 0.00330347 0.0156882 0.0705061 7.2111e-08 0.0234981 0.000171252 0.000885212 9.37296e-06 5.49996e-06 0.000263346 0.0925669 1.2358e-05 
3.17195e-08 5.32586e-05 0.00214302 0.0157544 1.97785e-08 1.49454e-09 2.75444e-13 0.981893 2.75319e-05 0.000115136 5.8546e-06 2.82398e-12 5.32082e-08 1.61925e-12 1.03937e-12 2.21967e-12 2.09459e-08 8.69658e-11 7.94252e-06 5.16672e-10 
0.00016931 0.00686821 0.0297542 0.146471 0.0111249 0.00106593 0.000534228 0.733327 0.000671017 0.0025574 0.000782754 3.88159e-11 0.0190562 0.000541627 7.92606e-05 4.52294e-08 6.75393e-05 1.86449e-06 0.0467573 0.000170105 
0.000148462 0.00550521 0.00304569 0.0403389 0.00330698 0.00322473 0.00162348 0.848749 7.39479e-05 0.00136591 0.0227487 4.41543e-12 0.0291181 0.00220362 0.000213043 1.56267e-06 5.97964e-06 0.000200266 0.03811 1.67011e-05 
3.41011e-08 0.0212009 0.0299103 0.113224 0.000937131 0.000406205 0.000146358 0.783772 0.000248685 0.00190444 0.00321936 7.44734e-12 0.0240032 2.48791e-08 1.44572e-05 2.02254e-10 0.000366553 1.51311e-06 0.0206448 3.11468e-08 
0.021676 0.0260689 0.00488538 0.120031 0.000231371 0.00760903 0.0229006 0.454824 0.00185046 0.00919051 0.238035 1.70462e-06 0.0359686 0.00108987 0.00123604 6.9725e-07 2.97464e-05 0.000509497 0.0538376 2.31433e-05 
3.58446e-05 0.0134354 0.00287926 0.370147 2.55248e-05 0.00369125 0.000795933 0.414018 0.0974874 0.0231776 0.0241846 6.76296e-06 0.0221779 0.000412464 3.4448e-05 1.69179e-05 2.50231e-05 2.0511e-05 0.0267364 0.000691999 
2.85827e-05 0.0820751 0.0336525 0.197743 0.00709495 0.00549238 0.00965136 0.20086 5.00623e-05 0.0044585 0.151159 1.84376e-07 0.146555 0.000236188 0.000868376 0.0142365 0.000703779 6.37471e-05 0.14507 1.03005e-06 
4.08481e-05 0.0133347 0.00063538 0.0588256 0.00591306 0.000917078 0.000253829 0.914377 1.82175e-05 0.00205227 4.91019e-05 1.80093e-08 0.00086339 4.43503e-05 0.000774447 6.40192e-09 3.18134e-06 3.13605e-05 0.00186563 4.61344e-08 
0.000344147 0.0408815 0.00157547 0.305786 0.000656173 0.000585719 0.0033258 0.447072 0.0151019 0.109154 0.0229819 2.57184e-07 0.0202352 0.000850762 0.0018469 3.68374e-06 9.17005e-06 0.000321634 0.0292643 4.23001e-06 
1.4334e-05 0.0194322 0.00634611 0.115024 0.00047708 0.00338189 0.00332484 0.729867 0.000169544 0.00830837 0.011567 1.43628e-08 0.0168774 0.00179155 0.00186478 0.0397972 0.000248558 0.00542307 0.0226595 0.0134257 
1.56057e-05 0.0204946 0.0113915 0.116582 0.00352285 0.00171329 0.00138233 0.745406 1.08005e-05 0.00300659 0.00469207 4.64943e-12 0.0422566 0.00367586 0.000107934 0.000108328 1.38162e-05 4.55463e-05 0.0452254 0.00034867 
0.000103462 0.00239573 0.000350261 0.0764444 0.000229704 0.000173185 0.000701002 0.887967 0.000261554 0.00366654 0.0080494 2.16022e-09 0.00237989 0.000314947 0.000111655 2.47301e-07 5.38254e-06 5.69515e-06 0.00638811 0.0104514 
5.91979e-05 0.00463335 0.0178129 0.00360772 0.000225645 0.0129981 0.037946 0.699628 2.61677e-05 0.000562098 0.00377621 1.14025e-12 0.190034 5.48361e-05 0.00218253 1.98601e-06 4.19467e-05 0.000366606 0.0253251 0.000717186 
0.000280959 0.00172657 0.010657 0.448681 1.36027e-05 3.11323e-06 5.30944e-05 0.506939 0.00141421 0.000922211 0.00418283 6.85479e-12 0.00831767 1.20119e-05 5.45422e-06 2.56333e-07 3.82845e-06 1.10248e-07 0.0167566 3.10338e-05 
0.00016931 0.00686821 0.0297542 0.146471 0.0111249 0.00106593 0.000534228 0.733327 0.000671017 0.0025574 0.000782754 3.88159e-11 0.0190562 0.000541627 7.92606e-05 4.52294e-08 6.75393e-05 1.86449e-06 0.0467573 0.000170105 
0.00292614 0.0320847 0.0120362 0.266109 0.00300487 0.00330526 0.00961254 0.481389 0.0465857 0.00585879 0.0549499 0.000125403 0.0445657 0.00171614 0.00386145 0.000477785 0.000446184 0.0003781 0.0298682 0.000698214 
0.000211634 0.00840805 0.0370731 0.148551 0.0139061 0.00125682 0.000667782 0.702653 0.000820017 0.00277703 0.000978439 4.38801e-11 0.023783 0.000446916 9.90741e-05 2.217e-08 8.44233e-05 2.33e-06 0.058162 0.00011885 
0.000370205 0.00434024 0.00242079 0.0273181 0.00595378 0.00357611 0.00466101 0.819628 2.8423e-05 0.00150824 0.0639596 2.64894e-12 0.0236168 0.00182521 0.00043703 1.69392e-06 1.33393e-05 0.000301049 0.0400099 3.01042e-05 
3.17195e-08 5.32586e-05 0.00214302 0.0157544 1.97785e-08 1.49454e-09 2.75444e-13 0.981893 2.75319e-05 0.000115136 5.8546e-06 2.82398e-12 5.32082e-08 1.61925e-12 1.03937e-12 2.21967e-12 2.09459e-08 8.69658e-11 7.94252e-06 5.16672e-10 
6.80348e-05 0.0376796 0.0115651 0.0480118 0.00113117 0.0116288 0.0149412 0.711662 0.00170785 0.00512316 0.0594619 9.12292e-12 0.051258 0.00522131 0.00345057 2.2738e-06 0.00231695 0.000316081 0.0335076 0.000946532 
0.0204436 0.00214546 0.0505135 0.138944 0.000221464 0.00457047 0.0178334 0.578971 0.103718 0.000605155 0.0342541 8.64017e-09 0.0346544 6.01385e-06 0.000593275 1.92122e-08 6.08841e-06 0.00100339 0.00941749 0.00209879 
1.41659e-06 0.0015985 0.00167 0.056984 0.00168956 0.000508375 0.00246775 0.837294 1.49432e-05 0.00193476 0.00287309 3.69484e-11 0.0359806 3.92801e-05 0.00462552 1.06675e-10 5.81686e-07 6.2021e-10 0.0523176 1.9793e-08 
0.00073901 0.122054 0.0126265 0.341534 0.00237888 0.0139714 0.0159111 0.347769 0.000422763 0.0294554 0.0189 1.46001e-05 0.0324188 0.0071124 0.00149946 7.06619e-05 0.00641264 0.000185536 0.0464819 4.27723e-05 
0.000323991 0.00787953 0.00733199 0.152777 0.000484204 0.00016705 0.0025138 0.705033 0.0096793 0.000994039 0.0611818 2.17694e-08 0.0208079 9.79984e-06 9.61618e-05 4.92091e-08 0.00016482 0.000158579 0.0303811 1.58961e-05 
1.54509e-05 0.00178524 0.0157219 0.289411 0.000473138 0.000210479 0.000298644 0.650432 2.06598e-05 0.00657452 0.00352917 3.05613e-10 0.0101923 0.000234306 3.42086e-05 6.32073e-07 8.97291e-05 1.6775e-05 0.0209562 3.77592e-06 
0.000673744 0.00682355 0.000543282 0.259146 2.16943e-05 0.00101988 0.000995168 0.658656 0.00160511 0.00190877 0.00738753 4.49783e-11 0.0342476 2.19669e-05 5.29099e-05 3.36024e-08 1.77775e-09 7.53905e-05 0.0264323 0.000389265 
4.08481e-05 0.0133347 0.00063538 0.0588256 0.00591306 0.000917078 0.000253829 0.914377 1.82175e-05 0.00205227 4.91019e-05 1.80093e-08 0.00086339 4.43503e-05 0.000774447 6.40192e-09 3.18134e-06 3.13605e-05 0.00186563 4.61344e-08 
0.0834304 0.00615365 0.00552774 0.262156 1.72166e-05 0.00457463 0.0305975 0.403985 0.000103708 0.00084628 0.119285 2.02758e-06 0.0407339 0.0204501 0.0124293 2.10495e-08 3.08465e-05 0.000833696 0.00884306 9.45861e-07 
4.44807e-05 0.00140031 5.47304e-06 0.0126554 0.000433306 0.0417081 0.0106319 0.909041 2.18032e-06 0.00352079 2.9042e-05 5.65635e-12 0.00437624 0.00103853 0.000629511 1.83092e-09 3.18307e-06 0.000320321 0.012187 0.00197363 
0.000133432 0.00689221 0.0456208 0.363899 0.00299852 0.000450401 0.00157692 0.395854 0.000405769 0.00280567 0.0019109 1.19046e-11 0.0691004 2.67194e-05 0.000110256 3.36958e-06 2.87613e-06 9.10586e-08 0.108052 0.000157102 
0.00430568 0.0211269 0.00720148 0.0914482 0.0271093 0.00395493 0.00994232 0.591025 0.000488743 0.00389727 0.0877666 6.25606e-06 0.0561923 0.000602605 0.00601865 1.60773e-06 0.000951061 0.000667134 0.0852444 0.00204952 
0.00020663 0.0121434 0.00613562 0.103227 0.00248115 0.00562529 0.00586752 0.745681 0.00181339 0.00545343 0.021252 5.09425e-06 0.0529732 0.00207593 0.00203688 8.04128e-06 0.000160187 0.000424066 0.0301113 0.00231953 
0.000306572 0.00143125 0.00117459 0.322658 5.10836e-05 0.000295086 0.000623757 0.599471 0.0375918 0.002355 0.0121141 3.25689e-10 0.00220858 1.79856e-05 0.0004597 7.63519e-10 7.48007e-06 1.00611e-08 0.00559046 0.0136436 
0.00181817 0.0116481 0.00242368 0.104859 1.91577e-05 0.00389131 0.0154475 0.585028 0.0175988 0.00171513 0.126672 9.21736e-05 0.0383008 0.0160333 0.00122392 1.23528e-07 2.25755e-06 3.56366e-05 0.0731828 8.11627e-06 
4.40138e-05 0.00283759 0.0137497 0.0354134 0.00638855 0.00168441 0.0300796 0.672625 5.55386e-06 0.0021933 0.108965 3.6559e-11 0.0475939 5.43163e-05 0.0200677 3.3766e-08 0.000948465 6.88865e-05 0.0570655 0.000215514 
0.0325239 0.0164074 0.00605316 0.276766 0.000300537 0.0162774 0.0295313 0.417941 0.00228315 0.0176802 0.0774269 1.4706e-07 0.0293647 0.00268564 0.00324882 8.30751e-08 3.89358e-05 0.000363006 0.0710822 2.57596e-05 
0.0015554 0.025797 0.00216868 0.148264 0.00497656 0.012085 0.0102063 0.722478 0.000442935 0.00443726 0.0102746 1.48853e-06 0.0180701 0.00358921 0.00458692 7.31323e-05 1.89848e-05 0.000570152 0.0303455 5.9163e-05 
2.9874e-12 0.00110993 0.000184266 0.026835 1.31244e-12 0.001008 0.000602008 0.949676 2.20435e-12 0.0135652 0.000867555 3.29166e-12 0.000976541 0.000808845 0.000564686 9.3869e-10 6.30492e-13 1.10538e-05 0.00379126 3.3114e-10 
6.49161e-05 0.00353216 0.0135326 0.00273325 0.00018477 0.00985771 0.0285977 0.773338 2.71966e-05 0.000447257 0.00290039 1.61472e-09 0.142903 5.17864e-05 0.0017002 4.3078e-06 3.84518e-05 0.000341914 0.0191674 0.000576624 
2.22571e-05 0.0595179 0.00138318 0.0742728 6.31879e-06 0.0135147 0.000401542 0.775642 0.0045154 0.00653194 0.00121893 5.63758e-12 0.0347588 0.0120003 8.4644e-05 3.46266e-06 6.19255e-05 0.00010891 0.0159153 3.92822e-05 
2.43947e-06 0.0183701 0.00448262 0.11078 0.0019589 0.001472 0.000296078 0.824753 1.08061e-05 0.00210188 0.00119992 7.28038e-12 0.0123839 0.000449449 1.01932e-05 5.95037e-05 1.02891e-05 4.55555e-05 0.0213749 0.000237878 
3.50643e-05 0.0975796 0.0156595 0.0416095 0.00160896 0.0403866 0.00245045 0.435936 0.0444826 0.00421607 0.00154025 8.48559e-10 0.0770227 0.224323 0.00020625 0.00161355 9.8564e-05 0.00339272 0.00783738 1.35832e-06 
2.9874e-12 0.00110993 0.000184266 0.026835 1.31244e-12 0.001008 0.000602008 0.949676 2.20435e-12 0.0135652 0.000867555 3.29166e-12 0.000976541 0.000808845 0.000564686 9.3869e-10 6.30492e-13 1.10538e-05 0.00379126 3.3114e-10 
0.000148462 0.00550521 0.00304569 0.0403389 0.00330698 0.00322473 0.00162348 0.848749 7.39479e-05 0.00136591 0.0227487 4.41543e-12 0.0291181 0.00220362 0.000213043 1.56267e-06 5.97964e-06 0.000200266 0.03811 1.67011e-05 
0.00070269 0.0482792 0.00851262 0.36385 0.00255744 0.00608153 0.0151535 0.380601 0.00987206 0.00482443 0.052642 1.33226e-07 0.0276558 0.000963634 0.00132405 0.000228147 0.0123271 0.000862747 0.0634704 9.14541e-05 
4.89289e-05 0.11317 0.00148303 0.246854 0.00315262 0.00560234 0.00990594 0.467816 0.0326508 0.00107796 0.0106527 1.31986e-09 0.0228092 0.00178185 0.00647783 1.2227e-06 8.76807e-06 6.92009e-06 0.0764562 4.33872e-05 
0.0016581 0.126424 0.0108658 0.0738703 0.00077753 0.0252336 0.00596671 0.430415 0.0181271 0.0131618 0.131265 1.51484e-06 0.0864502 0.00518437 0.000649247 5.19304e-06 0.000248695 0.00232149 0.0660719 0.00130185 
0.000242226 0.00238624 0.00139865 0.173441 0.00106772 0.00119124 0.00857422 0.623462 0.00494932 0.00500062 0.0524569 4.49124e-09 0.0435279 2.2802e-05 0.00524545 2.47075e-08 3.32375e-06 7.81626e-05 0.0768776 7.38751e-05 
0.000137287 0.0345876 0.000672291 0.072257 0.0015394 0.00498621 0.00124376 0.77162 0.000989827 0.00815159 0.00250632 1.27592e-05 0.0667341 0.000875638 0.000576554 6.17461e-05 2.66049e-05 3.19133e-05 0.0241788 0.00881104 
0.09716 0.0062598 0.00415016 0.216579 2.12857e-05 0.00303233 0.0263642 0.487339 0.0120843 0.00806186 0.0988846 6.6836e-05 0.025233 0.00244795 0.00266823 6.74668e-08 2.32728e-05 0.000618666 0.00899283 1.19267e-05 
0.000574094 0.0207593 0.012619 0.14305 0.00552037 0.00156044 0.000769032 0.67619 0.0800226 0.00304752 0.0149036 6.76915e-06 0.0199413 0.00193564 0.000144717 5.81178e-06 9.3768e-05 0.0023727 0.0164096 7.38108e-05 
5.91979e-05 0.00463335 0.0178129 0.00360772 0.000225645 0.0129981 0.037946 0.699628 2.61677e-05 0.000562098 0.00377621 1.14025e-12 0.190034 5.48361e-05 0.00218253 1.98601e-06 4.19467e-05 0.000366606 0.0253251 0.000717186 
0.000131007 0.0226048 0.00376415 0.0651388 0.00797679 0.00435526 0.00523147 0.363133 8.21494e-05 0.0107692 0.132164 1.58693e-12 0.0836229 9.21516e-05 8.9774e-05 8.61239e-06 0.000115667 1.91883e-08 0.300671 4.86331e-05 
8.66968e-05 0.0264612 0.113832 0.017259 0.00338217 0.00730177 0.054471 0.477248 7.82593e-06 0.00105287 0.00781047 8.52768e-05 0.217577 0.000871557 0.00923297 0.000431207 0.000243281 3.94243e-05 0.0623904 0.000215865 
0.00116145 0.112296 0.00736575 0.208178 0.00656679 0.00332862 0.00406159 0.575429 0.00571442 0.0185107 0.0169824 2.22499e-06 0.00754159 0.00329382 0.000499399 0.000138592 3.04923e-05 0.000254876 0.0284893 0.000154854 
0.00342079 0.00183566 0.00176403 0.417635 0.000344198 0.0037933 0.0182953 0.501504 3.05206e-05 0.0105808 0.00565143 9.02102e-07 0.00316954 0.000506819 0.00141627 1.53015e-06 6.96228e-06 0.000660858 0.0293816 4.13947e-07 
0.000185514 0.00575024 0.0130658 0.0907453 0.00308379 0.000527654 0.0004654 0.825866 0.00109895 0.00929879 0.00643826 1.18507e-11 0.0117699 0.000469599 0.000185731 2.51585e-07 1.67513e-05 7.79537e-06 0.0307754 0.000248668 
0.000519569 0.012249 0.00507382 0.337616 0.00374005 0.00392484 0.0064705 0.531253 0.0114754 0.0179431 0.019482 0.000704785 0.0184693 0.00255309 0.00146352 0.000193827 3.71699e-05 0.000873125 0.0218034 0.00415471 
0.000148462 0.00550521 0.00304569 0.0403389 0.00330698 0.00322473 0.00162348 0.848749 7.39479e-05 0.00136591 0.0227487 4.41543e-12 0.0291181 0.00220362 0.000213043 1.56267e-06 5.97964e-06 0.000200266 0.03811 1.67011e-05 
0.000964895 0.0204261 0.0139818 0.147283 0.0270966 0.0139003 0.0311213 0.435232 0.00026902 0.0414732 0.114962 0.000775173 0.0688359 0.00151852 0.0018031 4.18566e-06 8.64821e-05 0.0102258 0.0672953 0.00274536 
0.000246295 0.00572265 6.24897e-05 0.192758 9.35455e-06 0.0124206 0.00269895 0.661345 0.00217801 0.0215163 0.00063599 4.7256e-11 0.00692736 0.084499 0.00191845 2.51301e-07 3.08206e-07 0.00075768 0.00630262 2.6462e-08 
