0.00229266 0.0135136 0.000790847 0.0579088 2.24432e-07 0.00231178 0.0039493 0.000138325 3.26222e-05 0.895806 0.00406862 4.78497e-11 0.000298025 0.0027254 2.66805e-07 8.36668e-07 9.16522e-12 2.92733e-08 0.0161629 2.09006e-07 
0.000547643 0.15736 0.0262219 0.13951 0.0462569 0.0234231 0.0206109 0.0134548 0.000326921 0.336676 0.0617775 0.000193794 0.0451085 0.00766029 0.00635868 8.5289e-05 0.00156625 0.00974616 0.102853 0.000262997 
0.000167339 0.00785355 0.0200294 0.028246 0.0122916 0.0495291 0.0204322 9.25913e-05 0.000328412 0.396907 0.294293 2.13616e-08 0.0430738 0.000903349 0.00256972 4.74848e-09 5.50457e-07 0.00101157 0.122268 2.12209e-06 
1.49391e-05 0.192254 0.00480701 0.039819 0.000480225 0.00939604 0.00955636 0.00332063 0.0106509 0.604039 0.00871208 3.65385e-08 0.0380409 0.000640894 0.00456537 6.03622e-05 3.81728e-05 0.000987046 0.0726167 2.35905e-07 
1.04692e-05 0.00742767 0.245572 0.0154322 0.194555 0.0403631 0.0301345 2.38301e-06 0.000132388 0.26811 0.147305 4.47316e-06 0.0439151 0.000101729 1.9547e-05 3.51594e-06 0.000874842 0.00119306 0.00483042 1.30588e-05 
8.86238e-10 0.0147286 0.00294107 0.336812 3.89348e-10 6.22392e-06 0.033915 0.0332372 0.000522681 0.540476 0.00436554 9.76502e-10 0.00145064 0.0182067 3.59403e-10 7.67538e-10 1.36155e-07 3.08635e-05 0.0133068 9.15633e-07 
2.96439e-05 0.0300867 0.000211993 0.236447 3.91822e-05 0.00147906 0.000768223 0.334531 0.018267 0.337502 0.00643953 0.000284819 0.0106693 0.00107666 2.41728e-07 2.28936e-07 9.0266e-07 9.28733e-09 0.0221667 3.67035e-07 
5.00698e-05 0.171316 0.00656844 0.0113074 0.115482 0.203844 0.0845372 4.04209e-06 0.00213273 0.334802 0.00668175 0.00111436 0.00796005 0.0379746 0.002502 5.61794e-07 5.11532e-05 5.20797e-06 0.0136662 8.4212e-07 
0.000725827 0.341676 0.00124671 0.0508161 0.000425512 0.0189211 0.00347008 0.00102289 6.45868e-05 0.543263 0.00861469 6.87444e-10 0.00715609 0.0029047 0.00128432 5.40337e-10 1.05569e-05 2.02308e-07 0.0182625 0.000135227 
2.34822e-06 0.0127394 0.00580881 0.311731 2.44548e-08 0.118825 0.0071854 0.0321129 1.73335e-09 0.477359 2.72608e-06 4.57067e-05 0.0192441 2.24352e-05 9.52641e-10 9.25521e-07 2.14288e-07 2.43353e-06 0.0149157 1.90106e-06 
0.000370919 0.025727 0.00290433 0.218717 0.000266089 0.0163424 0.00468632 0.00261154 0.000316005 0.585376 0.00745612 0.000169606 0.046471 0.000130492 0.00141349 4.10403e-05 8.80817e-06 0.00644918 0.0805101 3.26006e-05 
6.66629e-05 0.35654 6.16066e-07 0.0557223 0.000184073 0.0106559 0.000317904 0.000235188 0.00114097 0.482804 0.0238775 5.25084e-06 0.0495448 0.00113527 1.70634e-05 5.51821e-05 2.85644e-05 1.02491e-06 0.0176681 3.60492e-08 
0.000283441 0.0229591 0.00415228 0.040163 0.00258675 0.0911739 0.00524024 0.000581868 4.23193e-05 0.77158 0.00885973 2.15449e-08 0.0120911 0.0111467 0.00125963 3.13803e-06 1.10597e-07 0.000136969 0.0277308 9.39041e-06 
6.4701e-10 0.0470916 0.0130584 0.119331 0.0104124 0.0151647 0.00200439 8.65384e-11 4.77418e-10 0.509555 0.0305829 4.89221e-07 0.0351195 4.08777e-10 0.00543229 8.4573e-07 4.34322e-07 3.0673e-07 0.211954 0.000292173 
7.6958e-07 0.00155378 6.01539e-05 0.0185247 3.08841e-07 0.00165268 0.00178522 4.0596e-05 4.62301e-07 0.710818 0.0439983 9.25865e-11 0.026674 4.23633e-05 3.40766e-11 2.1107e-06 3.58012e-08 0.000465311 0.194381 7.9677e-09 
0.0101364 0.185187 0.00962534 0.132407 0.0317893 0.107526 0.00466288 0.00057782 0.00148161 0.290332 0.0100647 0.00135557 0.0285471 0.1203 0.00036517 2.6141e-06 3.42784e-05 0.0456142 0.0193367 0.000653322 
4.53303e-06 0.00766631 0.00999084 0.115807 0.000276597 0.00383468 0.000193434 0.000187422 0.0057529 0.822435 0.00314189 3.87488e-11 0.0064055 0.000331593 1.80156e-05 7.06825e-06 4.01071e-05 5.6696e-06 0.0239016 8.19789e-10 
0.00049221 0.069395 0.0220879 0.127555 0.000341239 0.020349 0.0175874 0.000558871 0.00154351 0.580734 0.020128 2.50771e-06 0.0518813 0.0223861 0.0104071 0.000255461 0.000246355 0.000714633 0.0526526 0.000681728 
4.92871e-05 0.015082 0.00324625 0.00918058 0.000815397 0.114606 0.00726122 7.75853e-05 9.21886e-05 0.645309 0.00417105 3.12419e-07 0.0438757 0.0317493 0.00015961 3.4914e-06 4.84933e-07 0.00174401 0.122576 1.17109e-06 
3.49703e-06 0.210992 0.0255681 0.127246 0.000120869 0.00638661 0.0893473 0.0017666 0.00164587 0.261355 0.015699 5.59831e-09 0.120153 1.34508e-06 0.000272026 2.07178e-08 0.00528962 0.0212948 0.112857 6.23882e-07 
2.5117e-06 0.0152403 3.28719e-06 0.142517 2.96951e-11 2.44133e-05 9.81283e-07 0.00438335 0.0151839 0.568644 0.0358043 7.44765e-11 0.0375031 4.27043e-11 2.74112e-11 1.09397e-08 1.0888e-07 1.90321e-07 0.180692 6.17284e-11 
0.000404252 0.0336364 0.0278481 0.121202 0.122915 0.0089387 0.0241678 0.00928195 0.000530402 0.28962 0.197911 1.98128e-05 0.0453298 0.00235082 0.00472015 7.54287e-05 0.021621 0.000513483 0.0857977 0.00311585 
0.00207096 0.160554 0.0100224 0.20115 0.00295628 0.00618313 0.0209257 0.0181607 0.000745645 0.405636 0.0513764 0.000689933 0.0188631 0.00260519 9.0829e-05 2.10729e-05 9.72093e-05 0.000177605 0.0976735 5.514e-08 
6.08808e-08 0.132993 0.00451607 0.159601 7.215e-06 0.0035653 0.0104492 0.0593367 0.000148088 0.283939 0.00213057 7.31689e-11 0.108115 0.0145838 0.000451981 5.75113e-11 4.61395e-08 4.10176e-06 0.22016 6.06446e-11 
6.91836e-07 0.0283161 0.000212865 0.117354 1.08563e-08 0.00179877 0.0173739 0.000417534 0.0279681 0.676623 0.0683919 3.95022e-05 0.0294174 1.29825e-05 0.00213022 1.61434e-06 7.95826e-07 0.000134226 0.0298063 3.85843e-10 
0.001075 0.0686083 0.00425367 0.200987 0.000595813 0.0322047 0.00993821 0.0115716 0.0065909 0.525043 0.0186407 0.000633199 0.0327629 0.0123837 0.0032428 2.23577e-05 0.00105492 0.00214591 0.0658278 0.00241654 
0.00316705 0.0349552 0.00170871 0.100656 0.00169229 0.30436 0.110293 2.56608e-05 3.18243e-07 0.354949 0.00320364 4.7522e-07 0.0609998 0.0167799 0.00114954 2.73766e-06 4.26786e-06 0.000424639 0.00554712 8.04511e-05 
0.00227895 0.0597685 0.00910855 0.0629633 0.000526596 0.101831 0.0937348 0.000153384 0.0280721 0.307264 0.197234 1.75071e-07 0.0469927 0.0199565 0.00232697 0.000116579 0.0100284 0.00448446 0.0526277 0.000531563 
0.00298541 0.096488 0.0630254 0.0187617 0.000672967 0.135179 0.0889763 2.41647e-07 0.000412446 0.300548 0.0421985 5.36156e-07 0.048677 0.00392182 7.9143e-06 1.04247e-06 5.93576e-08 7.72039e-10 0.196793 0.00135003 
6.79064e-05 0.0709302 0.000923658 0.151677 8.9506e-05 0.000124112 0.0142272 0.00233035 0.0194081 0.667677 0.00252957 0.000614209 0.0136825 0.0359602 0.00183728 3.20779e-06 0.000279924 5.75412e-05 0.017428 0.000152601 
7.77019e-08 0.0051263 0.0382167 0.0743959 0.00137448 0.00190399 0.00506585 4.40131e-06 0.00700644 0.836463 0.00119913 1.51918e-08 0.00400788 0.0221539 0.000127832 1.55606e-05 8.49655e-05 4.05435e-11 0.00285349 4.46515e-11 
7.49116e-06 0.152659 0.00171591 0.295479 0.0237678 0.0014587 0.000657336 0.0102028 1.00047e-07 0.323819 0.0102456 1.61647e-11 0.160868 0.00235244 0.000286316 7.4296e-07 9.00474e-05 1.74922e-08 0.0163895 4.15354e-08 
0.00146863 0.112077 0.0148 0.212568 0.00290801 0.0165409 0.0351395 0.00402403 0.00122149 0.301685 0.0482847 0.00119672 0.125668 0.00805204 0.00307854 0.00022004 4.64127e-05 0.0055561 0.104902 0.000562477 
0.000904164 0.0370464 0.0096031 0.101646 0.00269254 0.0438197 0.0152849 0.00488648 0.00138569 0.671242 0.0200793 0.000661948 0.0282684 0.00345464 0.00257444 8.01434e-05 0.00105463 0.0012292 0.0514083 0.00267837 
0.000522541 0.160454 0.0129943 0.146252 0.00203434 0.0267697 0.0157921 0.0616448 0.00122809 0.27631 0.0155227 8.77887e-07 0.0884705 0.000505074 0.000545806 9.96945e-06 3.4956e-05 0.000593975 0.190315 7.60756e-09 
2.57895e-06 0.00121211 0.00344776 0.00312097 1.133e-06 0.0126364 0.0147245 4.45649e-06 1.90296e-06 0.861395 0.00196467 2.84162e-06 1.46648e-07 0.101373 2.64403e-05 2.23353e-06 5.44288e-07 1.96044e-05 5.22772e-05 1.17131e-05 
0.0016865 0.0361315 0.00222509 0.073299 0.000879256 0.0076811 0.00638021 0.000584747 0.00485055 0.373843 0.114509 3.47446e-06 0.0578227 0.0027983 0.000242547 4.26842e-07 0.000961425 5.08473e-05 0.263011 0.0530397 
0.00106802 0.024816 0.0101788 0.00814684 0.000414519 0.354815 0.0456765 0.000136114 0.00709667 0.361929 0.0150989 2.94577e-05 0.105111 0.000159857 1.83454e-05 1.23291e-07 4.23438e-06 0.00055653 0.0634299 0.00131395 
0.00122478 0.115139 0.0108133 0.260311 0.00256129 0.0196673 0.0349669 0.010942 0.00040246 0.332096 0.0415039 1.51354e-05 0.0227646 0.0100521 0.00955981 5.37806e-05 0.00183695 0.0322898 0.0830385 0.0107611 
4.45236e-10 9.04256e-07 9.66202e-07 0.0390261 3.09074e-06 0.0968812 0.104284 4.94332e-07 1.61014e-06 0.477899 0.0511237 4.90584e-10 2.53176e-11 0.109074 4.1547e-07 1.93187e-07 9.39674e-11 0.121703 2.20499e-06 4.06611e-10 
0.000702441 0.0453116 0.0612477 0.00923061 1.68473e-07 0.249677 0.00595864 6.94827e-08 9.98247e-09 0.361856 2.00088e-11 0.00216861 0.0766589 0.185043 1.88486e-07 1.85059e-10 0.000312795 4.54287e-08 0.00183199 1.95141e-10 
7.62905e-08 0.00133605 0.00769674 0.0655921 5.13304e-05 0.00348876 0.000964396 0.000144845 1.7257e-07 0.894101 0.0046647 1.24739e-10 0.00420757 0.000123393 3.91928e-08 7.42851e-09 6.98138e-07 2.31504e-07 0.0176257 2.09535e-06 
0.000147586 0.114904 0.041983 0.0810398 0.00548359 0.0128676 0.0448794 0.00102349 1.37356e-07 0.637826 2.07926e-05 2.05108e-07 1.05851e-08 0.042062 1.60513e-07 0.00149989 0.000123036 6.75911e-07 0.0161387 1.7e-07 
5.60209e-05 0.017981 0.00755569 0.0821846 0.00174754 0.0140153 0.0248028 0.000105074 0.00501753 0.592344 0.112199 2.34596e-09 0.0148875 0.00149922 4.10135e-05 1.23617e-05 9.63423e-05 0.000930943 0.124523 1.55458e-06 
9.06584e-05 0.233673 0.00114303 0.0452038 3.23819e-05 0.132759 0.107354 0.0177795 7.07861e-06 0.32818 0.0139586 3.11259e-07 0.0284356 0.0375331 0.0252807 7.74559e-06 1.11927e-05 0.00265464 0.0258858 1.0139e-05 
0.0399967 0.0356906 0.00214986 0.0846043 9.14983e-08 4.94433e-07 0.000702483 1.81363e-11 1.714e-07 0.815458 0.0117335 1.01585e-07 0.000575935 4.42626e-07 2.87361e-07 4.86482e-08 7.35215e-08 1.12441e-10 0.00908657 1.23834e-10 
0.004797 0.033422 0.0604092 0.002654 3.98588e-08 0.103555 0.00982383 1.21348e-08 6.69458e-08 0.737487 0.00294173 9.99675e-08 0.0241634 0.00192549 0.00552513 7.85752e-08 1.11407e-05 6.0836e-06 0.0132783 8.28561e-08 
1.00106e-05 0.00898989 0.000843232 0.232159 0.000148514 0.000644459 0.00097593 0.000858821 0.0150468 0.689984 0.00307958 1.37505e-07 0.0169542 9.08279e-05 0.00124861 7.69643e-07 8.70065e-06 0.000264755 0.0286923 7.66065e-10 
0.000444883 0.0759989 0.169467 0.134378 0.0117505 0.0225839 0.0202897 0.00255552 4.66966e-08 0.377923 0.0190052 2.78175e-08 0.0827796 0.0511682 0.00542347 1.91464e-07 0.00282582 0.00277746 0.0206222 6.63996e-06 
3.9587e-08 0.000194744 4.50201e-08 0.0539852 6.24585e-08 5.02262e-08 3.15174e-06 0.000217841 1.92911e-05 0.93417 0.00159467 1.8668e-07 0.000121951 3.82101e-05 9.6923e-08 6.88481e-09 4.77063e-09 7.26897e-08 0.00965331 1.01688e-06 
0.000330916 0.124868 0.108394 0.0879373 0.000120504 0.0299495 0.0425153 0.0196142 0.0117473 0.171455 0.125439 0.0166065 0.0874846 0.00163437 0.000244407 0.00859827 0.000456301 0.000258628 0.162222 0.000124566 
0.00240062 0.227563 0.00900158 0.00647473 0.000168096 0.0506549 0.198698 0.00455914 0.000272218 0.320363 0.0161985 4.64473e-06 0.130027 0.000143683 0.000616274 7.78074e-05 4.2411e-05 0.00461262 0.0269756 0.00114614 
7.6958e-07 0.00155378 6.01539e-05 0.0185247 3.08841e-07 0.00165268 0.00178522 4.0596e-05 4.62301e-07 0.710818 0.0439983 9.25865e-11 0.026674 4.23633e-05 3.40766e-11 2.1107e-06 3.58012e-08 0.000465311 0.194381 7.9677e-09 
4.20248e-06 0.0194999 0.00827422 0.302874 0.000331579 0.00174037 0.000925866 0.12087 0.0131298 0.46723 0.00405595 2.68112e-05 0.0182146 4.03281e-05 0.00141422 3.45401e-08 0.000113118 0.000132716 0.0411227 1.51752e-07 
0.000194326 0.0574028 0.141576 0.0680364 6.18834e-05 0.158088 0.121378 4.19021e-05 2.48488e-07 0.191978 0.056944 3.7655e-07 0.0377271 0.00291738 0.0019318 2.92998e-10 1.40113e-05 0.000820449 0.160887 1.61731e-07 
0.000596948 0.0304481 0.00054873 0.186273 0.00029097 0.00703596 0.0179474 0.00165677 0.00266246 0.354652 0.0820355 0.0002396 0.0146172 0.00865334 8.25999e-05 5.0206e-07 0.00550317 0.0144699 0.272206 7.98002e-05 
9.02745e-06 0.0169775 0.0167933 0.148674 0.0141941 0.00446737 0.00565785 0.0028305 5.95164e-05 0.331024 0.123694 2.64054e-07 0.0279248 0.135371 2.80731e-05 1.65879e-06 1.43614e-05 0.00346065 0.168818 9.51342e-08 
0.000840242 0.0354032 0.169577 0.0917079 0.1086 0.00552015 0.00517394 0.0013037 0.000110679 0.229163 0.223863 6.01636e-09 0.0947863 0.000135755 0.000290441 8.49842e-07 0.00576783 0.000668707 0.0239146 0.0031725 
1.65607e-05 0.00289778 0.00714609 0.0164612 0.00125119 4.82488e-05 0.0427034 0.00290182 6.27896e-06 0.588726 0.019428 6.06773e-07 0.108669 7.23241e-05 0.000280316 8.7767e-07 1.2881e-06 0.00332312 0.206062 4.43286e-06 
0.000478381 0.0526669 0.0391521 0.0559715 0.00285308 0.0491678 0.00785707 0.0141985 5.49795e-06 0.68725 0.000722841 2.99471e-05 0.00688201 0.0124893 0.00020976 1.14189e-06 5.08886e-06 0.00120972 0.0688225 2.66293e-05 
0.000943531 0.0833817 0.0255431 0.0349788 0.00120729 0.0830369 0.0139097 0.000327414 0.000246209 0.312246 0.0256457 4.65082e-10 0.309311 0.0149393 2.11778e-05 4.16794e-06 1.3592e-06 0.00222789 0.0916505 0.000377871 
2.66709e-06 0.0122688 0.000621514 0.339803 3.83557e-05 0.0496202 0.00383559 0.00513219 0.00023623 0.439426 0.0357106 4.38866e-06 0.00506645 3.96639e-07 0.0030306 2.65041e-07 0.0169431 6.23519e-06 0.0882082 4.54375e-05 
0.0594482 0.0257505 0.00423816 0.0298162 0.000544416 0.0132299 0.00212802 0.016217 0.000383971 0.780105 0.00741847 1.23299e-05 0.0432531 0.000380805 0.000460032 6.15713e-05 0.000271018 0.000785429 0.0139265 0.00156936 
4.6392e-05 0.0916383 0.00103971 0.261377 0.0520708 0.000890717 0.000400789 0.00614416 2.4098e-06 0.459983 0.00616703 6.27088e-10 0.108717 0.00143113 0.00018239 9.35696e-07 5.60973e-05 4.48963e-07 0.0098501 1.06586e-06 
1.12797e-05 0.00650043 0.0438665 0.071935 0.00215802 0.0020104 0.0057462 5.49914e-06 0.0166836 0.818869 0.00122326 4.00691e-07 0.00402939 0.0236383 0.000159514 5.18465e-05 0.000200583 4.15469e-11 0.00291072 4.57565e-11 
0.00124043 0.00799982 0.00587341 0.137289 0.00545764 0.19661 0.00509802 0.000200065 6.88448e-06 0.485636 0.0122168 3.14207e-06 0.0287191 0.00316343 0.000774446 1.23318e-07 5.06484e-07 0.000911256 0.108782 1.70696e-05 
0.000315732 0.132097 0.000582209 0.185618 0.000125208 0.00119921 0.000155609 0.0185717 0.027827 0.604897 0.00310035 3.22776e-09 0.00865037 0.010789 0.000186762 3.80336e-06 8.61034e-06 0.000638894 0.00523398 2.49207e-07 
2.96418e-07 0.13976 0.0237839 0.16568 7.82183e-06 0.00321323 0.0371121 0.0126478 0.0240619 0.474028 0.031644 3.94919e-07 0.017307 0.00130808 3.47884e-06 4.92853e-05 8.28483e-05 1.32464e-06 0.0693011 7.71277e-06 
5.23164e-05 0.0451187 0.00646491 0.0331436 1.44304e-05 0.0193597 0.0304946 5.13259e-06 1.16347e-06 0.771825 0.000906863 8.83953e-06 0.00777993 0.000569066 0.00172579 3.57046e-06 1.81627e-07 0.000156311 0.0823608 8.63458e-06 
2.95877e-05 0.00771469 0.0043918 0.225577 0.000145382 0.00203226 0.00180796 0.00173949 0.0130556 0.671883 0.00921326 1.10826e-07 0.026254 8.55133e-05 0.000998893 9.2492e-07 6.96071e-06 0.000406736 0.0346499 6.55627e-06 
6.97063e-06 0.00513774 0.0026985 0.00355134 8.11873e-06 0.122695 0.109552 1.03428e-07 5.70597e-07 0.568996 0.0193697 8.5205e-07 0.0921517 0.00391963 6.70087e-05 2.5866e-06 1.63203e-07 0.00862435 0.0632166 7.06205e-07 
7.35575e-07 0.10177 0.0291096 0.126373 0.0435796 0.0980049 0.0165035 0.00733533 3.13975e-09 0.406784 0.0195068 3.38649e-06 0.0200102 0.0283012 0.00851729 1.47565e-06 7.10731e-05 3.13022e-05 0.0940973 6.85191e-08 
5.64799e-05 0.111875 0.0208931 0.0573607 0.00173862 0.0057953 0.0226558 0.00239144 0.00138289 0.398618 0.0938493 1.40408e-06 0.138855 0.000177646 0.0208096 1.74531e-05 9.05941e-05 0.00969568 0.113597 0.000140335 
0.000591297 0.0572798 0.056705 0.106291 0.0305235 0.0124168 0.0850999 0.00711591 0.000566376 0.273538 0.114696 0.00118635 0.121298 0.0016092 0.00277895 3.52364e-05 0.00868113 0.00971693 0.104735 0.005135 
7.8427e-07 0.312956 0.0147456 0.0372609 0.00438088 0.0168772 0.000741703 0.000249455 0.00273798 0.383305 0.000898912 1.89344e-06 0.0278179 0.150905 0.000236301 2.2357e-07 2.11256e-05 0.000178014 0.0466847 1.80523e-07 
0.0011139 0.0447844 0.0150817 0.0845526 0.000174974 0.0172307 0.024272 0.00272327 0.000354184 0.378502 0.122125 0.000453061 0.0591168 0.000480235 0.000691744 1.6749e-05 6.94939e-07 0.00174847 0.244771 0.00180619 
3.68882e-05 0.0135993 0.00886893 0.0249921 4.28948e-05 0.00468608 0.00304688 0.000384946 1.50085e-05 0.907558 0.00639526 4.27306e-10 0.00536462 5.95946e-06 0.000119974 1.0812e-08 2.87666e-06 0.000184367 0.0245764 0.000119512 
9.6574e-06 0.0836494 0.00485718 0.347953 0.00019479 0.00126354 0.0197437 0.00366928 0.0192609 0.408409 0.0127995 2.67011e-07 0.0383427 0.000257 0.00250586 9.95182e-07 4.03208e-05 0.00053161 0.0565057 5.06623e-06 
2.26112e-06 0.00877601 0.00269206 0.0339503 7.92609e-05 0.0025264 0.000383838 0.00356247 5.51106e-06 0.914429 0.00163627 0.000210216 0.0166662 5.6873e-05 0.000243727 1.84348e-07 5.57244e-07 1.12595e-06 0.0147779 2.25512e-07 
4.8505e-12 0.0550315 0.0194893 0.156328 3.78033e-07 0.014884 0.00314346 0.000681447 0.00171279 0.668372 0.00771463 5.34453e-12 0.0146586 0.0104386 7.19965e-08 0.0003824 9.72527e-08 5.26946e-08 0.0471627 2.66226e-09 
2.25088e-07 0.388663 4.83578e-08 1.44425e-08 9.88874e-08 3.91575e-08 0.00054915 4.21782e-05 1.66089e-07 0.61034 2.10772e-08 2.48014e-07 1.27993e-08 1.42209e-07 9.12818e-08 1.94941e-07 4.7505e-08 9.35112e-05 0.000310031 2.05561e-07 
1.59364e-07 0.00359698 0.00559797 0.357285 2.76795e-05 0.000644865 0.00231729 0.000160997 0.000757954 0.565336 0.0151794 9.78954e-09 0.0170787 2.14541e-07 2.71679e-07 6.49602e-07 3.66374e-09 1.75608e-07 0.0318228 0.000193293 
6.83837e-06 0.161786 0.0959794 0.136037 0.243739 0.0187 0.00711464 0.00010769 0.000215275 0.265879 0.00911043 3.82622e-07 0.0323384 0.00130878 0.000800099 1.01656e-05 0.000704888 1.43138e-05 0.0234599 0.00268832 
3.21595e-05 0.023867 0.0157763 0.09502 0.00302322 0.0724915 0.130911 0.000195912 0.0116588 0.537382 0.00671823 5.45896e-07 0.0217062 0.000216988 7.70684e-07 5.30293e-07 3.41944e-06 0.000211674 0.0807804 2.75441e-06 
8.84932e-05 0.0218826 0.00914564 0.0249449 0.000613362 0.038374 0.0379963 0.00410731 7.66638e-05 0.576812 0.00620691 8.66142e-07 0.0969948 0.000164812 0.00289791 3.02727e-06 5.75136e-06 0.00112539 0.17855 9.68241e-06 
0.000271529 0.0590228 0.020334 0.0816068 0.00268156 0.0137101 0.123542 0.00188077 0.000454144 0.284428 0.225318 5.77204e-05 0.0998985 0.000612478 0.0188048 7.65063e-06 0.000257311 0.00146972 0.0640663 0.00157648 
2.10161e-06 0.0710208 4.51508e-07 0.0311822 1.38339e-05 0.000600865 4.85974e-05 2.81093e-07 0.000177354 0.888902 0.000502106 2.31566e-06 4.89405e-05 0.00731656 2.84615e-05 1.82013e-06 4.43546e-07 1.74271e-06 1.82398e-06 0.000146992 
0.000513299 0.0343197 0.00118792 0.319907 0.000495596 0.00360343 0.000936651 0.00924546 0.146405 0.365903 0.0119759 0.000763818 0.0278592 0.00209061 0.000553725 7.36695e-05 5.53722e-05 0.00022448 0.0738813 4.53729e-06 
0.00238135 0.0246601 0.00730414 0.101115 0.00884145 0.0357031 0.0223273 0.00418448 0.000436689 0.507213 0.140701 4.55918e-07 0.024518 0.00161411 0.000576651 3.6636e-06 0.00925147 0.00464611 0.0934104 0.0111123 
0.000102742 0.0882438 0.00807881 0.182465 0.00127839 0.00797735 0.0166481 0.00142827 0.0151392 0.593981 0.00505228 0.00019788 0.0143777 0.0204208 0.00570245 4.6358e-06 0.000181272 3.01537e-05 0.0386887 1.80892e-06 
0.000437044 0.0234665 0.0676897 0.106359 0.00187102 0.0217526 0.027783 0.00439223 4.63793e-05 0.612984 0.0159699 1.52414e-08 0.0574857 0.0100234 0.0042437 8.697e-06 0.000972334 0.000826837 0.0435768 0.000110496 
9.42458e-05 0.0123288 0.00580942 0.1622 6.11715e-05 0.00881416 0.00163424 0.00199839 0.00139892 0.651506 0.0178221 2.65783e-11 0.0369396 4.48774e-05 7.52859e-06 2.57694e-09 2.85052e-09 8.07103e-08 0.0984526 0.000887497 
0.00090942 0.0426464 0.00261601 0.167427 5.18496e-05 0.00555187 0.0119261 0.00055884 3.42227e-07 0.707172 0.00315273 5.11033e-07 0.00707146 0.000183246 0.000218215 1.5183e-05 2.05906e-05 0.000937221 0.0478424 0.0016984 
8.44122e-05 0.00242201 0.0933829 0.0618888 0.00117807 0.248524 0.0457663 0.00190241 4.99093e-05 0.308235 0.0440881 4.07328e-09 0.0997243 0.000891674 0.0015233 1.42377e-06 0.00146505 0.0024757 0.0837753 0.00262122 
1.14672e-05 0.0587213 0.0599782 0.00276434 7.8482e-06 0.0116582 0.0140557 2.48787e-05 4.29308e-05 0.607818 0.129258 0.000300814 0.037027 0.00172619 2.87942e-05 1.07957e-06 4.12454e-05 0.000195509 0.0754005 0.000938394 
2.90408e-06 0.198623 2.4267e-06 0.0619249 2.17028e-06 8.88295e-06 0.0198806 0.000259007 1.17343e-05 0.623022 9.33572e-05 3.52612e-07 0.0958406 2.23056e-06 1.39752e-05 6.84057e-07 7.78171e-07 2.65368e-07 0.000310103 2.92256e-07 
4.32887e-06 0.136341 0.00276655 0.0481552 1.16901e-05 0.0388203 0.00795405 0.00242319 0.00530657 0.677523 0.000360518 0.00574495 0.0462072 0.000694827 7.9758e-05 3.74908e-06 9.13611e-07 1.37351e-05 0.0187661 0.00882144 
0.000401703 0.0177723 0.0025622 0.20766 2.06435e-05 0.0110395 0.00492965 0.00451858 0.00519073 0.619694 0.0271428 1.68695e-07 0.0257085 0.000255367 9.08296e-05 9.77565e-05 7.22106e-06 0.00364466 0.0690834 0.000179558 
0.000312448 0.0936361 0.175299 0.188211 3.5049e-07 0.00600577 0.0273282 0.0022226 1.78677e-05 0.22565 0.0108205 0.00029986 0.0929406 0.000160487 0.00465136 6.03079e-11 7.66635e-09 0.000229373 0.172199 1.48091e-05 
3.74807e-06 0.0293147 0.0205769 0.00894113 0.000378485 0.245595 0.00142705 0.00106868 0.0237807 0.378944 0.0245589 5.61616e-09 0.0908061 0.00237839 0.00391273 2.30275e-05 7.15583e-05 7.45505e-06 0.168066 0.000144904 
0.000471233 0.00653304 0.0235671 0.0748359 5.12363e-05 0.020588 0.0533517 0.000207721 1.09917e-07 0.616953 0.0805658 2.65045e-07 0.00998779 0.000442261 0.000394469 2.48575e-07 6.23738e-07 0.00586674 0.105309 0.000874255 
1.74599e-05 0.00207769 1.55779e-07 3.96042e-05 0.000237302 0.149538 0.00487983 4.21544e-06 1.58469e-05 0.723619 0.0601977 0.000141227 0.0019039 0.000549747 0.0215995 6.27978e-07 1.53032e-07 6.01269e-07 0.0351772 6.62191e-07 
2.87948e-10 0.000235525 0.0128523 0.0721508 0.000390989 0.0255672 0.135681 4.48751e-08 1.08053e-08 0.495523 0.0392445 3.17275e-10 0.102653 2.48005e-05 0.000210181 2.49381e-10 6.07715e-11 7.70224e-06 0.115459 1.92216e-07 
0.0306797 0.00644826 0.0222288 0.0687576 3.41889e-07 0.026843 0.0422561 0.00142579 0.0114456 0.685566 0.0210982 3.67108e-07 0.0357196 4.30729e-05 4.03125e-06 0.000297029 3.08927e-06 0.00471168 0.042471 3.64929e-07 
2.23675e-07 4.05317e-05 0.0153199 0.0116003 1.1623e-05 0.00659115 0.00708459 0.00013438 5.04544e-07 0.91146 0.0042996 1.38555e-09 0.0153053 0.000111155 1.2977e-07 1.1668e-06 3.32309e-08 6.767e-07 0.0280324 6.11871e-06 
4.93877e-05 0.0040419 0.0030817 0.0296887 0.00464327 0.0165978 0.00710473 9.34926e-05 6.37086e-05 0.765275 0.0500445 3.18212e-05 0.0190039 0.00133306 0.00249731 4.17936e-06 0.00196277 0.000964959 0.0930777 0.000440039 
3.2443e-05 0.062946 0.00132379 0.0367177 0.000939541 0.00137285 0.0045105 0.00135403 0.00415925 0.73574 0.00665462 2.7232e-07 0.0753803 0.000825657 0.00258413 0.000258045 4.46412e-05 3.95134e-05 0.0637751 0.00134113 
0.000253897 0.0243957 0.0768871 0.0793472 7.51583e-05 0.0622472 0.100988 0.00019369 0.000355309 0.482038 0.0520198 7.66887e-06 0.0192525 0.00133705 0.000412421 4.17423e-07 1.32734e-05 0.00079644 0.0992488 0.000130832 
1.20575e-07 7.36423e-06 0.000630906 0.021327 1.14781e-09 6.02923e-05 0.0106518 3.49447e-10 1.92784e-09 0.667031 0.00817333 2.87877e-09 0.0299679 5.92051e-05 4.247e-05 2.26273e-09 5.51404e-10 0.0269763 0.235067 4.75011e-06 
0.00102119 0.0766501 0.0505946 0.0410607 1.59653e-11 6.32194e-12 3.90555e-12 4.86056e-12 2.68149e-11 0.432909 3.40289e-12 0.100911 0.0127341 0.27731 1.47374e-11 3.1473e-11 0.001398 1.48081e-05 0.00539722 3.31877e-11 
0.00134865 0.0658514 0.000233912 0.0262011 0.00401706 0.00442486 0.0117562 4.88641e-05 0.00724293 0.750448 0.00546226 5.86591e-05 0.104907 0.000189517 4.09444e-07 8.74405e-07 2.13083e-07 0.000115829 0.0176915 9.22044e-07 
0.00030126 0.153422 0.0229068 0.110674 0.00331311 0.159753 0.0244584 0.000163112 6.46649e-05 0.443755 0.0358612 2.87178e-05 0.0165354 0.000717098 0.000788902 2.80294e-06 4.88201e-05 0.000159454 0.0268345 0.000211091 
0.00241331 0.0430336 0.0126063 0.0583205 0.058865 0.081388 0.0191602 0.00467301 0.0011862 0.505359 0.0472581 0.00138483 0.0621652 0.0174664 0.00127789 3.1295e-05 0.00210718 0.000428711 0.0802797 0.000595388 
7.42001e-06 0.17725 0.0767231 0.106112 0.000712141 0.115572 0.00610131 0.00405071 1.0047e-09 0.194109 1.275e-10 1.50028e-09 0.0500938 3.0136e-06 0.143908 1.17924e-09 8.67778e-07 1.12908e-09 0.124827 0.000530243 
0.00577829 0.0555652 0.00719796 0.123253 6.35659e-07 0.0206165 0.00497961 0.00482968 0.00108682 0.694295 0.00889987 1.16326e-05 0.0190087 0.00796234 0.000408907 3.27286e-06 2.6848e-07 0.000305728 0.0457298 6.7082e-05 
3.89662e-07 0.023165 0.0727551 0.0176258 0.00245203 0.0160874 0.0386284 2.18533e-11 0.00120491 0.44104 0.12884 1.80029e-10 0.0261818 0.000935809 9.49539e-08 5.45495e-08 3.44831e-11 0.00112204 0.227539 0.00242227 
0.00124043 0.00799982 0.00587341 0.137289 0.00545764 0.19661 0.00509802 0.000200065 6.88448e-06 0.485636 0.0122168 3.14207e-06 0.0287191 0.00316343 0.000774446 1.23318e-07 5.06484e-07 0.000911256 0.108782 1.70696e-05 
0.000455273 0.145229 0.000850655 0.219538 0.000181887 0.00114109 0.000227378 0.0272199 0.0407574 0.533412 0.00453492 4.6559e-10 0.0126696 0.004898 0.000271661 1.96317e-06 1.18945e-05 0.000933574 0.00766481 1.16034e-07 
0.000328436 0.280019 0.000750762 0.0213289 9.17574e-05 0.000231232 0.0181445 0.00173578 5.46228e-05 0.338207 0.0113686 0.00383099 0.170417 7.08647e-05 0.0259428 0.000140144 4.64986e-05 3.61772e-05 0.125333 0.001921 
2.34822e-06 0.0127394 0.00580881 0.311731 2.44548e-08 0.118825 0.0071854 0.0321129 1.73335e-09 0.477359 2.72608e-06 4.57067e-05 0.0192441 2.24352e-05 9.52641e-10 9.25521e-07 2.14288e-07 2.43353e-06 0.0149157 1.90106e-06 
0.000170358 0.0528741 0.0118802 0.144809 0.00263094 0.127115 0.0545311 0.022421 0.000385807 0.264602 0.181009 2.15506e-06 0.05709 0.00347587 0.0101911 1.46648e-06 0.00343314 0.000230436 0.0608389 0.00230859 
0.000136018 0.0481582 0.0661078 0.0689215 3.95684e-05 0.00579069 0.0107498 0.0447773 0.00031329 0.445434 0.0146766 2.48756e-05 0.0318195 0.00157142 0.000102415 2.12741e-05 0.00437912 0.00105974 0.255907 9.35992e-06 
0.00628842 0.10589 0.00131825 0.319576 0.0142648 0.000875897 0.000394682 0.00612272 0.000893479 0.390593 0.0455295 5.43725e-11 0.0965237 0.00141231 0.000172272 4.66458e-07 5.41324e-05 0.000255449 0.00983441 7.0842e-08 
0.000247732 0.0127094 0.00104997 0.0612753 0.00221057 0.0145346 0.0255665 0.00616659 0.000370114 0.537966 0.110985 3.74939e-07 0.0223345 0.00448514 0.000332486 3.77117e-08 0.000150529 0.0288056 0.170807 3.32814e-06 
0.000796499 0.0183691 0.00287451 0.0488705 7.3918e-05 0.0110645 0.0242302 0.00180184 0.0106083 0.420025 0.04304 0.000499518 0.236799 0.00048141 0.00471155 1.057e-05 1.18626e-05 0.000256245 0.166578 0.0088982 
0.00212799 0.00355693 0.0173252 0.0292663 0.000309391 0.104835 0.0128212 0.000776429 0.000566105 0.607528 0.0640524 2.62603e-06 0.0686449 0.000225482 2.75346e-05 2.94469e-07 5.26182e-06 0.00191005 0.0791297 0.00688848 
0.000212007 0.169466 0.0387153 0.100083 0.0455191 0.00675051 0.0812444 0.000245774 0.00017882 0.229186 0.180195 3.16754e-06 0.00905048 0.000224601 0.0266927 7.23849e-05 2.31137e-06 7.12224e-07 0.110933 0.0012245 
0.00129605 0.00112271 0.000478039 0.000588293 5.38129e-05 4.25328e-08 2.62758e-08 0.00028126 1.80405e-07 0.995836 0.000270172 2.69392e-07 1.39025e-08 1.54467e-07 9.915e-08 2.11744e-07 7.22913e-05 2.02738e-07 1.46409e-08 2.2328e-07 
0.00130653 0.0180032 0.0017114 0.236165 2.89365e-05 0.00256627 0.000849159 0.000777623 3.79779e-06 0.563459 0.0185215 7.10152e-11 0.025062 0.00126299 1.05606e-05 5.58185e-11 7.14139e-07 4.79983e-08 0.129899 0.000372334 
0.000372821 0.0660123 0.013118 0.0977951 0.000491307 0.0259548 0.0390776 0.0280445 0.00143306 0.450341 0.0543323 2.38041e-05 0.120432 0.00285559 0.00830999 8.90385e-05 0.000122264 0.00157814 0.0892801 0.000336946 
0.00163254 0.143806 0.00636753 0.061941 0.0040803 0.00526449 0.0174891 0.000684863 0.000343635 0.392564 0.0670783 8.80216e-06 0.127588 0.000302017 0.0569834 0.000491963 5.80764e-05 1.60498e-05 0.113273 2.64738e-05 
9.37848e-06 0.00718737 0.00872539 0.0293596 0.000140991 0.00817561 0.0294352 0.000352412 0.00639175 0.471294 0.108048 1.21843e-10 0.0643272 0.000100016 7.2879e-08 2.28286e-08 2.3338e-11 9.18618e-06 0.266443 4.21036e-09 
0.000109854 0.175299 0.00286968 0.287936 3.0433e-06 0.00125423 0.0218625 0.00389624 0.00548322 0.349952 0.0213842 0.0438969 0.0313743 0.000238505 0.000591046 6.11012e-06 4.53648e-06 0.000779448 0.0529873 7.20742e-05 
5.24869e-05 0.374626 0.0114455 0.0278364 8.16453e-05 0.0652584 0.00313423 0.00037482 0.000127101 0.434938 0.0178184 3.08926e-07 0.0357094 0.00931706 0.00726235 1.30392e-05 8.79451e-05 0.00119568 0.0107201 1.4665e-06 
0.000536549 0.00957568 0.0151477 0.288416 0.00297905 0.0957815 0.0167009 8.91474e-05 5.64131e-06 0.352185 0.145591 1.47957e-05 0.00432017 0.00391136 0.00198004 2.36312e-05 0.00254966 0.00150607 0.0586269 5.91851e-05 
2.95877e-05 0.00771469 0.0043918 0.225577 0.000145382 0.00203226 0.00180796 0.00173949 0.0130556 0.671883 0.00921326 1.10826e-07 0.026254 8.55133e-05 0.000998893 9.2492e-07 6.96071e-06 0.000406736 0.0346499 6.55627e-06 
7.6958e-07 0.00155378 6.01539e-05 0.0185247 3.08841e-07 0.00165268 0.00178522 4.0596e-05 4.62301e-07 0.710818 0.0439983 9.25865e-11 0.026674 4.23633e-05 3.40766e-11 2.1107e-06 3.58012e-08 0.000465311 0.194381 7.9677e-09 
0.000573035 0.140689 0.0498597 0.051805 0.00682825 0.0393757 0.0271286 0.00124898 0.000264091 0.530574 0.0229377 0.000100336 0.0370333 0.0217428 0.00550357 1.35754e-05 0.000132962 4.46109e-05 0.064007 0.000138079 
0.000135478 0.00469413 0.046682 0.0547819 0.00253082 0.0742228 0.0882238 0.000137938 4.17246e-07 0.545055 0.0669544 3.58605e-08 0.0530016 1.93979e-05 0.000824772 1.40692e-05 4.11537e-05 0.0349466 0.0277328 3.15767e-07 
1.07389e-05 0.14855 0.00220116 0.0620643 0.000440911 0.0221518 0.00438708 0.00780544 0.00954794 0.623042 0.000917309 1.5658e-08 0.0506501 0.00153511 3.77491e-05 2.10973e-06 1.3991e-05 0.000148411 0.0664893 5.10188e-06 
0.000295304 0.0288222 0.00603316 0.180495 0.00201654 0.0510765 0.0984978 0.000178041 0.000212311 0.305954 0.017272 3.38318e-05 0.0963674 0.010013 0.00166797 9.65372e-07 9.81146e-06 0.000247517 0.200807 4.17712e-07 
8.81358e-05 0.00502983 0.00545304 0.356025 0.00175309 0.00664848 7.70796e-05 3.16852e-05 1.43919e-07 0.592882 0.000134785 2.88356e-07 0.0146881 0.00768405 2.03511e-05 4.21002e-08 6.15328e-08 1.89631e-06 0.00948289 1.84387e-09 
1.24158e-05 0.0312144 0.00598371 0.121944 0.000151619 0.000986643 0.00153517 0.00011651 0.00188391 0.792842 0.000165331 8.49687e-11 0.0095586 1.70215e-05 0.0293562 6.67861e-11 1.91775e-06 0.000192128 0.00403841 9.99988e-08 
1.08483e-08 0.0923278 0.0361296 0.0413512 0.00331245 0.179729 0.0118177 0.00074618 0.000955446 0.327147 0.0177319 3.43812e-06 0.0482816 0.00420049 7.88904e-05 0.000105818 0.000254522 7.00875e-06 0.235732 8.73702e-05 
0.000760882 0.126365 0.0658587 0.0293294 0.00188355 0.0416168 0.0469054 0.00142857 3.38535e-05 0.441746 0.0381615 1.09226e-07 0.0625821 0.00162253 0.0014053 4.00416e-07 3.90453e-05 5.74801e-05 0.140203 1.04372e-07 
0.00167592 0.0864157 0.00075521 0.0319053 0.00299756 0.00368428 0.0225782 0.00126667 0.00240856 0.324525 0.171219 0.000129225 0.127712 0.00156567 6.71302e-06 4.32875e-07 0.00151282 3.46431e-05 0.219589 1.82719e-05 
0.00654535 0.019724 0.0109517 0.0945143 0.00386272 0.00329922 0.00605145 8.04612e-05 4.00975e-05 0.754452 0.00677976 1.48328e-05 0.0522183 0.000623019 7.70109e-06 5.47089e-07 3.79066e-07 0.00295699 0.0377963 8.07969e-05 
0.00257064 0.0387887 0.0209919 0.0960045 0.0016089 0.00348304 0.00952433 0.00114699 0.000192838 0.545403 0.121556 7.85541e-12 0.0341722 0.00161421 0.000437041 2.72943e-06 2.99255e-06 0.00306758 0.119037 0.000395774 
0.000528728 0.0137962 0.00840235 0.0912031 0.00188566 0.0261106 0.0386926 4.3688e-05 4.11924e-05 0.444562 0.206095 8.02005e-11 0.0233425 0.000668156 0.000681843 1.12591e-08 3.36379e-05 0.00648638 0.137424 1.78465e-06 
0.004328 0.195116 0.0586421 0.0724403 0.00495857 0.0353756 0.00494332 0.00842093 0.00470115 0.288988 0.0245213 0.0120639 0.123199 0.00296819 0.000546503 0.0030265 0.000562453 0.00965766 0.145496 4.45019e-05 
1.62379e-11 2.51878e-08 3.48854e-12 0.0265659 7.13376e-12 2.82483e-12 1.74512e-12 5.23368e-09 0.000266053 0.972868 0.000110398 1.78918e-11 1.39542e-09 2.09957e-08 6.58509e-12 1.40631e-11 3.42702e-12 1.34649e-11 0.000189644 1.48292e-11 
0.000147586 0.114904 0.041983 0.0810398 0.00548359 0.0128676 0.0448794 0.00102349 1.37356e-07 0.637826 2.07926e-05 2.05108e-07 1.05851e-08 0.042062 1.60513e-07 0.00149989 0.000123036 6.75911e-07 0.0161387 1.7e-07 
0.117717 0.0735391 0.0119422 0.0887215 0.000302441 0.00383952 0.085868 2.13795e-05 5.34305e-05 0.358094 0.163879 0.000550432 0.00256058 0.00916424 3.4723e-05 6.03331e-07 5.03804e-05 0.000337072 0.0644113 0.0189125 
0.0415182 0.184128 0.01509 0.193809 4.28075e-05 0.00666051 0.00344617 0.0865652 0.0154917 0.230783 0.0154613 3.38382e-08 0.0636309 0.00367345 0.000140643 0.00148817 3.32395e-05 0.000203147 0.106138 0.0316958 
0.000207205 0.00703867 0.0149673 0.0435397 0.00548675 0.0220261 0.0249294 0.0065211 3.68144e-05 0.758278 0.0387325 1.59053e-08 0.0244811 0.00306548 3.53382e-05 2.37565e-05 3.12568e-06 0.00356119 0.0466311 0.000435219 
0.000325384 0.0194004 0.0023903 0.292917 0.00115229 0.0139833 0.0469677 0.000179081 3.1356e-10 0.575837 0.0265701 7.06336e-06 0.00430118 0.00144658 0.00121586 9.8471e-07 7.88633e-06 0.00546785 0.00782944 5.84881e-07 
6.12874e-06 0.144185 0.00475773 0.118727 0.000180584 0.00958604 0.00126756 0.000878455 1.1532e-06 0.405871 0.0862181 3.12765e-09 0.180519 0.0017681 8.5187e-06 6.2635e-06 1.13287e-06 0.00331112 0.0427073 2.59229e-09 
0.0010603 0.0365882 0.0094091 0.0688936 0.00125775 0.0603348 0.00958483 0.0123445 1.18452e-05 0.60273 0.0271082 7.34773e-06 0.0267615 0.00237625 0.000390106 7.8332e-08 3.05263e-06 0.00208266 0.13869 0.000366769 
4.96528e-09 1.87812e-05 7.55363e-08 0.0338648 2.23242e-12 1.37138e-09 5.46112e-13 1.15781e-09 0.000556484 0.965161 0.000147334 5.599e-12 1.57648e-06 4.64488e-09 2.06072e-12 4.40086e-12 3.75742e-09 4.21368e-12 0.00025045 4.64062e-12 
9.42594e-08 0.0132592 0.00591737 0.0485913 0.00305674 0.00225564 0.00968127 0.00712402 0.00374433 0.792302 0.0133914 1.38274e-09 0.0360296 4.13392e-07 0.000905329 2.14744e-07 1.63387e-05 4.67581e-05 0.0636776 1.14605e-09 
9.82242e-05 0.238811 0.0300756 0.0303451 0.0126085 0.0194097 0.03412 0.00269313 0.000182971 0.513193 0.0346014 5.2686e-06 0.0062538 0.00962906 0.000377136 5.37043e-06 0.0282502 0.00525169 0.00462995 0.0294589 
0.00339534 0.0325211 0.00479154 0.0836606 0.00205683 0.046595 0.0348447 0.00105787 0.0022781 0.604679 0.0287581 0.00800527 0.0198654 0.0118274 0.0019556 1.2173e-06 1.5254e-05 0.00122086 0.11247 9.35272e-07 
0.000229737 0.156032 0.0205943 0.0724839 0.00588693 0.0546569 0.0222444 0.00437048 0.000256993 0.44637 0.0364672 0.00237993 0.0807262 0.0097906 0.0151712 0.00191334 3.66629e-05 0.00033263 0.069985 7.20627e-05 
0.000531489 0.00612664 0.0142045 0.068241 2.99973e-05 0.0139403 0.0345029 0.00032037 0.000101463 0.693414 0.0609702 4.56836e-07 0.0137144 0.000536468 0.000230418 6.68794e-07 3.75892e-07 0.00366549 0.0889488 0.000519975 
0.000725827 0.341676 0.00124671 0.0508161 0.000425512 0.0189211 0.00347008 0.00102289 6.45868e-05 0.543263 0.00861469 6.87444e-10 0.00715609 0.0029047 0.00128432 5.40337e-10 1.05569e-05 2.02308e-07 0.0182625 0.000135227 
0.000508924 0.00364622 0.0463968 0.0414033 1.57972e-06 0.0344461 0.124391 0.00228803 0.00157928 0.53665 0.071546 8.68985e-07 0.0257795 0.000187985 1.67642e-05 2.01496e-05 6.1233e-05 0.000279984 0.110692 0.000104101 
1.6792e-06 0.0180349 0.00356823 0.154307 7.74655e-06 8.96335e-06 0.0159973 7.38275e-06 7.59749e-08 0.718646 0.0466521 9.21339e-08 0.00553781 0.000835156 0.00496154 9.37468e-10 2.28451e-10 2.46616e-05 0.0314094 9.88543e-10 
0.000248468 0.126641 0.0328821 0.159411 0.000329947 0.0152829 0.0205519 0.00113431 0.0102386 0.260442 0.0478644 4.96332e-06 0.145949 0.00340081 0.000933859 7.67392e-06 9.43599e-06 7.36814e-05 0.174327 0.000266141 
1.00106e-05 0.00898989 0.000843232 0.232159 0.000148514 0.000644459 0.00097593 0.000858821 0.0150468 0.689984 0.00307958 1.37505e-07 0.0169542 9.08279e-05 0.00124861 7.69643e-07 8.70065e-06 0.000264755 0.0286923 7.66065e-10 
2.16297e-07 0.000898366 0.000199275 0.00969247 0.0329303 0.0274194 0.00470225 1.47448e-08 8.13448e-08 0.366912 0.319467 1.21469e-07 0.0254615 0.000168232 1.41281e-05 9.54755e-08 2.32664e-08 0.000974471 0.211148 1.20608e-05 
0.000213704 0.194814 0.0154117 0.00695881 1.62615e-05 0.258821 0.0978636 0.000195215 3.48934e-06 0.337799 0.00840967 0.000276101 0.0039156 0.037161 0.00158322 7.40093e-07 0.000103465 1.63814e-05 0.0364369 7.80414e-07 
3.53927e-05 0.0678663 0.00272441 0.0958996 0.00433112 0.0851804 0.00809116 0.00316309 4.56643e-05 0.406302 0.0529598 0.00101753 0.0931556 0.000547211 0.00136332 4.04404e-06 0.0020601 3.39864e-05 0.175178 4.04598e-05 
7.10615e-05 0.082466 0.0529271 0.0986111 0.000349932 0.167157 0.0687559 0.0323147 0.00176329 0.244606 0.0272883 0.00158118 0.0460032 0.0332812 0.0129953 6.63014e-06 1.60103e-05 0.00440966 0.125373 2.27314e-05 
0.00284994 0.033114 0.0503353 0.0420546 0.0025443 0.036774 0.0224785 0.0012455 5.33225e-05 0.623196 0.00965875 2.70786e-05 0.0649987 0.00573284 0.00168774 6.6108e-06 0.000434066 0.00248151 0.100234 9.23967e-05 
0.000769193 0.0328675 0.10358 0.0194552 0.000137745 0.282462 0.0157377 1.42932e-05 1.81645e-05 0.331514 0.000452136 0.0040096 0.0821756 0.114374 0.000111834 1.21572e-10 0.000213913 4.47707e-07 0.0121081 1.28195e-10 
0.000143204 0.20471 0.0260468 0.176675 0.000217578 0.00177144 0.00874059 0.064944 0.00110015 0.477967 0.00104325 7.1313e-07 0.00959934 0.00295759 0.00187707 8.49553e-08 1.45931e-05 0.000760775 0.0214048 2.63219e-05 
0.000106654 0.269145 0.00616638 0.0545377 8.9464e-05 0.00339979 0.00108824 9.71115e-05 0.000233509 0.436436 0.0154504 2.59617e-07 0.0798151 5.9398e-07 0.00201687 3.2375e-05 3.57928e-06 0.000105096 0.131276 2.25559e-09 
0.00107899 0.107065 0.0160141 0.120637 3.65744e-07 0.0323035 0.0273356 0.0368996 1.52171e-05 0.34223 0.0187404 1.55623e-06 0.155301 1.35163e-06 0.00459082 1.76897e-06 3.25647e-07 1.04071e-07 0.137783 1.91069e-08 
0.00106386 0.0607662 0.00957066 0.165591 0.00164475 0.0348038 0.0622163 0.00666543 0.000397507 0.546451 0.000557672 1.34922e-05 0.010874 0.000274047 0.0252145 3.9513e-08 7.89542e-06 3.49085e-05 0.0738454 6.71741e-06 
0.00100954 0.137415 0.00347693 0.116284 0.0037337 0.0103618 0.0178896 0.0135673 0.0015774 0.487018 0.0475527 2.49747e-08 0.0622178 0.00223844 0.00823152 0.0012942 3.99347e-05 0.0340688 0.0513231 0.000699805 
0.000166017 0.12277 0.0206694 0.268479 0.000480612 0.049645 0.00999605 0.0126115 0.00474797 0.305098 0.0844652 6.16505e-05 0.00882611 0.000868712 0.00166085 4.18465e-06 2.80753e-05 0.000154871 0.109255 1.24147e-05 
6.55718e-08 0.0143771 3.55803e-05 0.435264 3.73352e-10 0.00271615 2.09714e-05 0.0491574 0.00572133 0.458044 0.000551714 9.36381e-10 0.0160044 9.56311e-05 3.44636e-10 3.1416e-06 4.3832e-08 1.65098e-06 0.017994 1.2883e-05 
3.61511e-06 2.87711e-05 0.00836905 2.31959e-07 0.00148437 0.0141888 0.000319272 4.83525e-07 2.66753e-06 0.973522 0.000222982 3.98331e-06 3.21282e-05 2.284e-06 1.46606e-06 3.13091e-06 7.62971e-07 0.00171643 9.40078e-05 3.30149e-06 
0.0004738 0.123444 0.00835894 0.0410597 0.000470372 0.00790355 0.021741 0.0131358 0.00035403 0.685166 0.0237251 9.13509e-07 0.00791539 0.0213389 0.000142792 5.18929e-07 0.00313821 0.000406098 0.0411263 9.93359e-05 
