0.010777 1.1826e-07 4.95433e-06 0.0938277 0.1345 0.0101842 0.0517908 0.000115716 0.00343366 0.115561 0.239236 0.227524 0.0807711 0.0168669 0.0154058 
0.0506785 0.0048147 1.65417e-05 0.171003 0.0230779 4.67281e-05 0.00316797 0.00397266 0.00959469 0.00281524 0.339357 0.338737 0.0197287 0.0194006 0.0135889 
0.0164037 0.00602012 1.68528e-05 0.0612044 0.0304676 8.86275e-05 0.00107239 0.0041059 0.00239672 0.0104941 0.661114 0.136382 0.0153685 0.0420845 0.012781 
0.0115026 0.0409805 1.21467e-05 0.0431382 0.0335417 0.000106769 0.0139054 0.000734011 0.00407214 0.00137795 0.361703 0.355704 0.0454599 0.0395665 0.0481951 
0.023058 4.51235e-05 5.40941e-05 0.163791 0.0859501 0.000143891 0.0382682 0.000155961 0.0233516 0.0173795 0.453687 0.104179 0.0234697 0.031459 0.0350084 
0.000161244 1.349e-05 6.81853e-05 0.151844 0.0405031 0.000541435 0.00313421 0.000795532 0.00156833 0.0404513 0.589675 0.146943 0.0100196 0.0132118 0.00106938 
0.00129803 1.89195e-05 8.2533e-05 0.123426 0.0193878 8.37429e-05 0.00419229 2.74019e-05 9.0658e-06 0.00369967 0.776118 0.064607 0.00286929 0.00305212 0.00112825 
0.00134112 0.001047 2.32125e-06 0.0960248 0.0461977 2.06351e-05 0.000271185 0.000404395 0.0124017 0.0187021 0.565869 0.223043 0.0255858 0.0036429 0.00544557 
0.014169 2.23217e-05 0.000841264 0.194391 0.0612563 0.000601798 0.266309 0.000176854 0.00920027 0.0108115 0.29296 0.121199 0.0175714 0.00486191 0.00562907 
0.000560308 2.45088e-05 8.93317e-05 0.0634359 0.0235489 6.53222e-05 0.0017325 0.00032936 0.000281994 0.0176722 0.778338 0.0790321 0.00583059 0.0221731 0.00688581 
0.0185638 2.5047e-05 0.000277583 0.151479 0.119915 0.0479955 0.0201284 0.0108643 0.000190071 0.00477992 0.512543 0.0186151 0.0235585 0.0709815 8.38434e-05 
0.000526811 1.55587e-05 4.39405e-05 0.211053 0.0429635 0.000255109 0.00494741 5.77205e-05 0.0368172 0.032378 0.40137 0.185562 0.00744379 0.0759176 0.000647426 
0.01186 0.00150941 0.00022148 0.278922 0.0624122 0.000669427 0.0188022 0.0190029 0.018801 0.010379 0.326415 0.153772 0.0572077 0.0297308 0.0102945 
0.00692963 0.0205653 0.000318234 0.113959 0.0379359 6.9471e-05 0.00934999 0.000850841 0.107839 0.0460091 0.402348 0.214334 0.0216314 0.0160712 0.00178825 
0.0124752 0.000866653 0.000329774 0.099607 0.00928088 0.00027409 0.0135472 0.000828966 0.000484702 0.0091288 0.561726 0.218849 0.014601 0.0128845 0.0451168 
0.0202855 0.0124446 8.43773e-05 0.0878009 0.0471433 0.000281246 0.00522663 0.00240191 0.0358869 0.00933349 0.390329 0.276831 0.0796324 0.0181971 0.0141218 
0.00371248 1.59189e-06 4.18411e-06 0.0294153 0.282223 4.29433e-05 0.00409358 0.000241811 0.00036522 0.0520743 0.422878 0.0612347 0.00780888 0.134691 0.00121336 
0.00310782 0.000122598 0.000118436 0.0953166 0.143558 0.00045382 0.0417006 0.00427848 0.0373481 0.035146 0.312579 0.021507 0.0175793 0.236648 0.0505353 
0.00176997 0.000196651 0.000378219 0.0141319 0.00686101 0.00187606 0.0720796 0.00016689 0.00511643 0.000433852 0.660293 0.102441 0.0932896 0.00821309 0.0327528 
0.0219256 0.122265 1.89648e-07 0.0502395 0.0100127 5.6367e-05 6.66177e-05 0.00811053 0.00297417 0.0641821 0.493673 0.0832744 0.0120534 0.00902559 0.122141 
0.00102824 4.45521e-05 0.00310475 0.053395 0.237537 0.000177174 0.00826186 6.64484e-05 0.034223 0.0539559 0.329967 0.0439099 0.00751928 0.217229 0.00958041 
0.000163095 0.000126645 0.000271099 0.0766152 0.0481111 0.00652708 0.00140245 0.000147373 0.0174384 0.0125052 0.715579 0.0631995 0.0308716 0.0225102 0.00453189 
0.0182891 0.00134784 1.17224e-05 0.159322 0.0573665 0.000546198 0.0248236 0.000723951 0.00881554 0.00940785 0.405731 0.19224 0.0254691 0.0901874 0.005718 
0.0083418 0.0988046 7.1668e-05 0.0566761 0.0362543 0.00015134 0.0213685 8.6549e-05 0.0237165 0.293158 0.390841 0.0214723 0.00841267 0.00457927 0.0360645 
0.000840078 0.000113241 0.000157534 0.0160329 0.00898144 0.000167279 0.00954367 0.000140708 8.85656e-05 0.00127346 0.804797 0.0528255 0.0325418 0.0188357 0.053661 
0.0121004 3.81085e-05 0.000251206 0.214509 0.0393071 0.000176032 0.00230098 4.40667e-05 0.000348858 0.0458484 0.60008 0.0147096 0.0337937 0.0320941 0.00439907 
0.00346169 7.70065e-05 0.000973714 0.0974343 0.014416 0.00709068 0.0268715 0.000483869 0.00175672 0.00312683 0.507055 0.17169 0.158411 0.00580974 0.00134227 
0.00259776 0.000121922 0.000237223 0.0166671 0.0124535 0.000581583 0.00675844 7.05931e-05 9.71168e-05 0.000186174 0.613562 0.0534506 0.140704 0.0141667 0.138345 
0.00719022 3.69719e-05 0.00149335 0.274816 0.0854076 0.000196594 0.0224161 4.72551e-05 8.85742e-05 0.00372006 0.423837 0.10791 0.00966523 0.0590654 0.00410933 
0.00139672 1.32138e-05 0.000247016 0.295189 0.0352542 0.00113846 0.00966685 0.000122663 0.00154423 0.00271219 0.556867 0.0352248 0.0382083 0.0222786 0.00013671 
0.00343628 0.00154577 0.0136267 0.0810347 0.0326418 0.0363513 0.00327168 0.00127136 0.00751687 0.00747479 0.450603 0.188488 0.156301 0.0145485 0.00188862 
0.000584025 1.26215e-05 7.87153e-05 0.098341 0.0217254 0.00644222 0.0161597 0.000608971 0.00496587 0.0110897 0.526297 0.25998 0.0315804 0.00721913 0.0149156 
0.0125898 8.24545e-06 7.02006e-05 0.251395 0.0710817 0.000226518 0.00527714 8.33628e-05 0.00588111 0.0903228 0.377629 0.153463 0.0155115 0.0155021 0.000958671 
0.0108225 0.00420734 5.77182e-05 0.0688071 0.160072 0.0276832 0.00930842 0.00123575 0.00114137 0.00110125 0.404824 0.0999357 0.103833 0.0758936 0.0310769 
0.0181392 0.00845204 0.000115388 0.108524 0.0422187 0.00116878 0.01371 0.00168641 0.0973934 0.0186883 0.330977 0.209331 0.101524 0.0295082 0.0185636 
0.00113486 3.65831e-05 0.000864485 0.129286 0.00356707 1.91259e-05 0.0359836 7.0392e-05 1.41003e-06 0.000900031 0.44219 0.292221 0.0884963 0.00489129 0.00033736 
0.0316578 0.0297839 9.31387e-05 0.0438719 0.0254386 0.000947479 0.00504664 0.0264589 0.00320982 0.00746067 0.333186 0.121984 0.0251992 0.0148964 0.330765 
0.00105009 2.75672e-05 0.000126984 0.107973 0.173863 0.0264053 0.0301838 0.000175605 0.0109638 0.00669043 0.326088 0.255877 0.0195648 0.0403798 0.000630957 
0.00568794 0.000221839 3.85304e-05 0.1285 0.0362007 0.00152166 0.005152 0.000306048 0.000672852 0.00653066 0.43388 0.330249 0.0139986 0.0359283 0.00111246 
0.00516917 0.00109564 4.35932e-05 0.129117 0.0424146 0.000407821 0.0186927 0.00138901 0.0108049 0.00825089 0.266514 0.228937 0.259837 0.0175851 0.00974199 
0.00150643 0.000170222 0.000148616 0.00856664 0.00858671 0.00136526 0.0432276 0.000155572 0.00387281 0.000710012 0.758903 0.0823509 0.0386883 0.00608716 0.0456604 
0.00230817 0.000269714 0.000175495 0.12511 0.0988301 0.00234083 0.00900898 0.000868778 0.0290736 0.0166987 0.424649 0.164805 0.029912 0.0912118 0.00473787 
0.0179266 0.000592517 9.07268e-07 0.0175114 0.0248964 4.65866e-05 0.00309613 0.000828383 0.0244387 0.00429258 0.559185 0.239543 0.0677169 0.00461269 0.0353115 
0.00840963 0.00193831 0.000278934 0.166957 0.114275 0.000842671 0.0040189 0.00262783 0.00317798 0.028085 0.423213 0.186335 0.0264029 0.0248174 0.00862059 
2.93369e-05 2.85904e-06 5.97479e-07 0.313471 0.0579832 7.55686e-05 1.37192e-05 9.59987e-06 0.00409037 0.00203109 0.501806 0.0574672 0.0521572 0.0106883 0.000173348 
7.01387e-05 1.97356e-05 2.06208e-05 0.0406351 0.00786152 8.46819e-05 0.000812706 7.40378e-05 0.00111498 0.00208361 0.878139 0.0430321 0.0104479 0.00890825 0.00669545 
0.0136332 0.00434565 0.000139913 0.0702471 0.0616435 0.00137082 0.0235555 0.000890333 0.0267567 0.0102212 0.577972 0.145191 0.0281397 0.0171347 0.0187585 
0.0154609 0.00848471 0.0002449 0.106086 0.0342008 0.0385261 0.00759041 0.00178064 0.00843026 0.00276207 0.473677 0.150004 0.101636 0.0311398 0.0199758 
0.00715377 0.00116307 0.000379866 0.0871641 0.0337882 0.000195949 0.0306839 0.000958672 0.00976444 0.0100712 0.52654 0.158317 0.0985944 0.0130347 0.0221912 
0.0235146 0.00078609 0.000174014 0.187434 0.0384793 0.000449572 0.00386717 0.0014101 0.0390462 0.0255152 0.330451 0.220131 0.0944322 0.0316711 0.00263836 
0.057984 0.0601638 7.5544e-06 0.0318389 0.0350637 5.2963e-05 0.00289442 0.00507263 0.00571153 0.0642301 0.604882 0.103226 0.00948842 0.00121549 0.0181687 
0.0261381 0.000193328 3.21764e-07 0.103878 0.0325447 1.42787e-07 0.0159674 0.0010253 0.0410584 0.00832269 0.347811 0.345302 0.0728274 0.00393643 0.000994565 
0.0124754 0.0108037 0.000291644 0.109849 0.0623565 0.000550245 0.0108943 0.00196036 0.0225833 0.0145631 0.429445 0.123703 0.135717 0.0332383 0.0315695 
0.00529455 0.000604178 4.76853e-05 0.0802995 0.0398645 0.000962228 0.00137342 0.02028 0.0678309 0.0294284 0.41465 0.257324 0.059834 0.011757 0.0104498 
0.0142891 0.000632487 0.00022728 0.12587 0.0500094 0.00108672 0.00907744 0.00111371 0.00505449 0.016095 0.441752 0.240449 0.0309089 0.0341459 0.0292875 
0.000652792 3.21429e-05 3.96224e-05 0.0605197 0.0473353 0.000180137 0.00127767 9.56104e-05 0.000248856 0.0151151 0.792014 0.013956 0.00686367 0.0537689 0.00790026 
0.00110883 0.000139194 4.2249e-05 0.0929301 0.0836443 0.00164612 0.00953947 0.000583474 0.0248092 0.0178554 0.486296 0.224516 0.0252568 0.0304804 0.00115211 
0.000474126 3.19322e-05 1.49346e-05 0.172454 0.0476672 7.0245e-05 0.00411595 5.69112e-05 0.0263431 0.0021434 0.536478 0.165209 0.0300264 0.000905293 0.0140098 
0.175864 0.000360908 0.00215691 0.0554994 0.0917324 3.89869e-05 0.210002 0.000430278 0.00742283 0.00341227 0.276795 0.0810823 0.0493595 0.00943449 0.0364079 
0.000191481 5.43954e-05 3.51803e-05 0.0613501 0.0171465 0.000473298 0.00167217 7.23482e-05 0.000773301 0.0034362 0.843683 0.0303414 0.0162236 0.0180169 0.00652989 
0.0816538 0.00537685 0.000233404 0.0364317 0.044557 0.00010033 0.125088 0.0012348 0.00409081 0.0654265 0.235741 0.213564 0.156109 0.0207791 0.00961345 
0.00292134 0.00170166 0.00789578 0.155013 0.0858197 0.00356672 0.0395236 0.00594186 0.0249273 0.0396251 0.31314 0.171526 0.0751186 0.0705668 0.00271212 
0.0787606 5.01385e-06 0.000108103 0.0205244 0.104786 4.10486e-05 0.0648053 4.79577e-05 0.00491188 0.208796 0.426999 0.0115267 0.0595459 0.0191351 6.43535e-06 
0.0717338 0.0118909 0.000166686 0.0666644 0.0638432 0.000594064 0.00584789 0.00309759 0.0630385 0.0134803 0.358255 0.148475 0.0369547 0.0546923 0.101265 
0.00928568 0.00229594 0.000183196 0.226081 0.0553532 0.000934197 0.00625141 0.00895068 0.0126554 0.0479772 0.406557 0.157561 0.0320269 0.0223325 0.0115552 
0.0116694 2.57494e-05 0.000105161 0.0576717 0.0364188 8.89777e-05 0.00488689 0.000139104 0.000724585 0.0129321 0.7608 0.0521241 0.0171504 0.0405967 0.00466604 
0.012872 0.0108314 2.77366e-05 0.228185 0.0445675 0.000144631 0.00234992 0.00632707 0.00451177 0.00620114 0.357183 0.183727 0.0747323 0.0217208 0.0466187 
0.0075624 0.000166429 0.000113905 0.0804798 0.0391788 0.000240344 0.0143044 0.00874018 0.00242974 0.0701872 0.67004 0.0422025 0.032577 0.0170427 0.0147344 
0.00630577 0.00146826 0.000216051 0.141636 0.0317168 0.000146073 0.0105571 0.00383768 0.00620318 0.0090641 0.564771 0.191806 0.0143059 0.0126512 0.00531506 
0.00385867 0.000504233 0.000160011 0.192146 0.154321 0.00409315 0.00861426 0.000706587 0.00308341 0.00971116 0.435757 0.0519688 0.0429371 0.0808116 0.0113279 
0.00633999 0.000563061 6.77899e-05 0.0622058 0.0402124 0.000152674 0.00929783 0.199274 0.00377541 0.0056708 0.4694 0.0911737 0.075291 0.00426006 0.0323151 
0.00119709 2.61559e-05 0.000233979 0.0927622 0.0249606 0.000277267 0.018314 0.0305209 0.0045049 0.0101356 0.692472 0.0395564 0.0750962 0.0094093 0.000533619 
0.0304514 0.0138549 1.44111e-05 0.0336583 0.0636952 0.000640964 0.00398053 0.00754525 0.0217209 0.0219519 0.391544 0.21246 0.0268342 0.0244434 0.147204 
0.00951367 0.0237019 0.075504 0.120452 0.0507369 0.00109179 0.0373906 0.00106372 0.0207913 0.0103009 0.330872 0.0965703 0.149133 0.0405857 0.0322915 
0.00961271 0.00045361 0.111676 0.242998 0.0355153 0.000734695 0.0229693 0.000202937 0.00144038 0.0201899 0.345916 0.167651 0.012016 0.0258849 0.00273882 
0.0141215 0.007376 0.000149599 0.153791 0.09463 0.00192417 0.00883117 0.0124367 0.011854 0.0185708 0.386238 0.176946 0.0557556 0.0499455 0.00743052 
0.000707547 1.91434e-05 4.24632e-05 0.178207 0.0363308 0.000108472 0.00621605 0.000150707 0.000500403 0.0216753 0.558157 0.140295 0.0161214 0.0410756 0.000393774 
0.00683507 0.144519 7.18837e-05 0.0547307 0.0369189 0.00109026 0.000493931 0.00797153 0.00127254 0.00691012 0.442237 0.128944 0.0539465 0.105007 0.00905134 
0.0169298 0.000737948 0.000112307 0.0538804 0.0252769 0.000108566 0.00997433 0.00348356 0.0203049 0.00523591 0.563192 0.13915 0.114069 0.0282685 0.0192754 
0.027735 0.0176 0.000121388 0.0650648 0.0654439 0.0422731 0.0064123 0.0107201 0.00535511 0.00423396 0.348403 0.259688 0.0786867 0.0366726 0.0315903 
0.00161956 0.000190132 0.000286333 0.154629 0.0743968 0.0126918 0.00812672 0.000907785 0.0101501 0.0150742 0.53755 0.143774 0.0151667 0.0242699 0.00116752 
0.00709292 5.24133e-06 7.73567e-05 0.246479 0.190132 0.0016463 0.00590122 0.00190363 0.0188422 0.118929 0.321902 0.06806 0.0105015 0.00779145 0.000736217 
0.00674907 0.00356023 0.000231418 0.192193 0.0517251 0.00118395 0.0125869 0.00140043 0.0184544 0.0167444 0.388068 0.203517 0.0570105 0.0223996 0.0241757 
0.00525117 0.00367258 0.000140132 0.238755 0.0611313 0.000401568 0.00943735 0.000740629 0.0490998 0.00791363 0.329096 0.199349 0.0308097 0.047575 0.0166278 
0.00136409 2.05378e-05 0.000139851 0.12314 0.100955 0.0022281 0.00756054 0.000129868 0.0236399 0.0146626 0.471468 0.143794 0.0124288 0.0973583 0.00111044 
0.0372472 0.00319481 0.000231461 0.19992 0.0197938 0.000250858 0.0197406 0.00550577 0.00239925 0.00886078 0.332102 0.302039 0.0457068 0.00996097 0.0130466 
0.00808613 5.71169e-05 0.000335884 0.206185 0.0272467 0.000221735 0.000971808 0.00069456 0.000778909 0.0419334 0.576709 0.0471578 0.0601583 0.0242814 0.00518276 
0.067241 0.00120446 6.30842e-06 0.0961296 0.078308 0.00809976 0.00301011 0.00455309 0.0450122 0.0184943 0.2644 0.261152 0.0435824 0.0421013 0.0667051 
0.0222456 0.00706497 0.00061276 0.0769523 0.0238591 0.00119287 0.00136852 0.00330647 0.00790279 0.00655216 0.423769 0.124596 0.0423851 0.00275172 0.255441 
0.0181344 0.00230678 0.0010066 0.0348789 0.0154521 0.00710156 0.0185036 0.00333524 0.000956839 0.00304038 0.639163 0.100523 0.0684979 0.0665302 0.0205691 
0.00779381 0.000571291 0.000320535 0.138682 0.0647695 0.00485529 0.0217584 0.00672174 0.018121 0.0104623 0.393873 0.159116 0.106132 0.0528078 0.0140151 
0.0159511 5.18424e-05 0.000535096 0.0782137 0.091932 0.000223939 0.000835499 0.00140412 0.176101 0.0124705 0.247788 0.245508 0.102409 0.0226933 0.00388382 
0.00583506 0.00102302 0.000181995 0.0424654 0.0332112 0.00319296 0.00299917 0.00133993 0.00664765 0.00872479 0.40697 0.360796 0.0782668 0.00801149 0.0403346 
0.00140752 0.0111904 0.000108379 0.236246 0.0511304 0.000215947 0.00599705 0.000114476 0.00133592 0.0219396 0.566889 0.0197077 0.0454227 0.0322861 0.00600899 
0.00677548 0.000253484 2.30673e-05 0.130992 0.0370987 0.000114867 0.00248352 0.000871844 0.0733758 0.0186319 0.363615 0.329422 0.0134614 0.0212437 0.00163787 
0.00150758 0.000171558 0.000124126 0.0208405 0.0165386 0.0132074 0.0466646 7.84502e-05 0.00366383 0.000821519 0.727131 0.0796572 0.0490727 0.00749579 0.0330251 
0.0077011 0.00404929 3.65058e-05 0.0977564 0.0729597 0.000774972 0.00167426 0.0117426 0.00569951 0.00602757 0.441281 0.252953 0.0476887 0.0266193 0.0230354 
0.00696821 0.000149905 6.42482e-05 0.0421472 0.0213696 0.00240924 0.00227566 0.000392323 0.0449626 0.00774178 0.718657 0.114371 0.0194474 0.015293 0.00375097 
0.00366106 0.000242673 0.000110351 0.108064 0.0333285 0.0045439 0.013533 0.000558486 0.00316089 0.00918982 0.597091 0.163029 0.0441605 0.0133788 0.00594781 
0.0102651 0.073568 7.26453e-06 0.0344678 0.00871899 5.77975e-05 0.00333205 0.00313675 0.00811278 0.00116227 0.429882 0.330755 0.0305519 0.0134806 0.0525015 
0.0455226 0.0107204 0.000183969 0.0600896 0.0463578 0.000914925 0.0115611 0.0269708 0.0228839 0.0245129 0.518754 0.104497 0.0901157 0.0154652 0.0214501 
0.0182184 0.00140491 2.42048e-05 0.14466 0.179827 0.00235754 0.00326718 0.00518847 0.0127444 0.0195044 0.327936 0.167542 0.0350445 0.062778 0.0195041 
0.00315991 3.4266e-05 0.000176045 0.0657439 0.0125008 0.0001298 0.000944541 6.2748e-05 0.122735 0.0121474 0.631945 0.112709 0.0329453 0.00408295 0.00068382 
0.0158615 0.000524753 0.00018234 0.220318 0.0725346 0.000558762 0.0214232 0.00242706 0.00987024 0.0249591 0.374302 0.201416 0.0220566 0.0268652 0.00670064 
0.000289711 1.29061e-05 9.44334e-05 0.263553 0.0867858 0.000617379 0.0143302 0.000844951 0.000192832 0.0278773 0.328888 0.185866 0.0523349 0.0367425 0.00157125 
0.0078976 1.60393e-05 0.000225091 0.184927 0.0517931 0.0310066 0.0160356 0.00711422 0.0036033 0.00471339 0.414002 0.163286 0.0995291 0.0156214 0.000229336 
0.00183193 0.00748749 0.000195695 0.0388156 0.0390241 0.00116589 0.0220171 0.000235914 0.00625067 0.00424791 0.749251 0.0466024 0.0209847 0.0193278 0.0425617 
0.0183029 0.0117657 0.000219762 0.0868781 0.0139443 0.000159897 0.00351291 0.00734744 0.0123913 0.0243052 0.539982 0.161961 0.0730907 0.00854849 0.0375907 
0.056362 0.00752525 0.000241157 0.229753 0.0949942 0.0148706 0.00622274 0.00173917 0.00500542 0.00731341 0.336271 0.130977 0.035247 0.0679814 0.00549711 
0.00233614 1.10589e-05 0.000177582 0.111395 0.0469536 0.0017494 0.0586198 2.01321e-05 0.0079772 0.00472503 0.3673 0.163483 0.169811 0.0626405 0.00280071 
1.11304e-05 9.64121e-06 8.1402e-05 0.107541 0.0731683 0.00012854 0.00208795 0.00051053 0.00803861 0.00263378 0.508563 0.130698 0.146559 0.0139492 0.00601911 
0.000806494 0.0107263 6.62524e-05 0.130755 0.0889174 0.00041789 0.00713578 0.00105579 0.0119347 0.0671244 0.582851 0.0226252 0.0552625 0.0187606 0.00156142 
0.0034904 0.000276934 0.000560703 0.143947 0.0494984 0.0011537 0.0217644 0.000573872 0.00380519 0.0154414 0.499013 0.156132 0.0812231 0.0211322 0.00198863 
0.00167077 0.00370336 1.18403e-06 0.0386723 0.158932 0.0294344 0.00387218 0.00279902 0.255035 0.00727063 0.29613 0.0524292 0.126448 0.0174223 0.00617838 
0.000182494 7.75818e-06 0.000311688 0.215625 0.10325 0.000490191 0.00112191 2.29386e-05 0.0103144 0.00574522 0.554391 0.033317 0.0537487 0.0214175 5.41771e-05 
0.0161038 0.00232816 0.000361263 0.0839324 0.0318963 0.000202791 0.0267655 0.0204168 0.00101174 0.00322406 0.41034 0.216111 0.059913 0.0112819 0.116112 
0.0464363 0.0142184 0.0048157 0.144409 0.0273989 0.000296929 0.078033 0.00432712 0.00589903 0.00496409 0.261158 0.167757 0.183809 0.0290558 0.0274205 
0.000596986 2.6211e-05 0.000271826 0.134672 0.195622 0.000142543 0.00280044 0.000151903 0.00262647 0.00657704 0.399351 0.203301 0.0112435 0.0400167 0.00260028 
0.0172475 0.000413502 0.000154626 0.0746827 0.0390684 0.000998972 0.0159489 0.000910447 0.00635067 0.0136567 0.515001 0.165398 0.109576 0.0115682 0.0290235 
0.0329247 2.50591e-05 0.000239513 0.0579285 0.0435567 0.000248688 0.00930885 0.000222247 0.00142419 0.00837337 0.656703 0.0628209 0.0430471 0.0773087 0.00586896 
0.000458898 7.71e-06 0.000278142 0.044947 0.0346582 0.000122172 0.00383404 0.00111368 0.0278867 0.0276328 0.409174 0.375983 0.0611813 0.0117252 0.000997061 
0.0258596 0.00154507 0.000187076 0.0773269 0.0316402 0.00969976 0.0323064 0.000586724 0.00305511 0.00387309 0.465943 0.138095 0.0666396 0.022565 0.120678 
0.0142365 3.33288e-05 5.32682e-07 0.173718 0.155232 9.82572e-05 0.0134783 0.000802245 0.027333 0.0225328 0.332204 0.205853 0.0382351 0.014934 0.00130907 
0.0123431 0.000572098 0.000397474 0.270191 0.0440968 0.000480517 0.00615005 0.000183728 0.00319696 0.00285516 0.296348 0.035056 0.0400453 0.0018935 0.286191 
0.0253921 0.000301704 5.93698e-05 0.103047 0.0736139 0.000363981 0.00474034 0.00118341 0.0169316 0.0142431 0.492821 0.104615 0.129289 0.028033 0.00536573 
0.00137354 1.11538e-05 0.000143456 0.298558 0.0279444 0.000161437 0.0143603 2.60166e-05 0.00164225 0.00353024 0.355303 0.244632 0.0198797 0.0323961 3.84621e-05 
0.0117059 0.0381396 4.88095e-05 0.104128 0.0461928 0.00491696 0.00436024 0.00173982 0.00292923 0.0307928 0.293626 0.265702 0.00979882 0.057384 0.128535 
0.000700839 5.6797e-05 6.16096e-05 0.061231 0.0276527 3.88742e-05 0.000729914 8.09951e-05 0.00989344 0.0195335 0.788313 0.0526422 0.00810136 0.00986054 0.0211036 
0.00110532 2.24401e-06 1.18469e-05 0.0636936 0.0361118 9.74061e-05 0.000687816 3.89732e-05 0.000989668 0.00666939 0.762663 0.0977682 0.00254952 0.0264892 0.00112227 
0.0137656 0.000868076 5.69199e-05 0.070674 0.0205595 0.000892019 0.00583323 0.000710039 0.00343482 0.00523778 0.703571 0.130819 0.0146934 0.0235908 0.00529396 
0.0114474 2.41513e-05 0.000231258 0.175196 0.0753787 0.0155045 0.0134704 0.00361408 0.000151616 0.00594288 0.598571 0.0495851 0.0134784 0.0367358 0.000668524 
0.000566568 8.11458e-05 2.03602e-05 0.0330185 0.0265037 9.19139e-05 0.000650723 4.88098e-05 0.00321372 0.0142932 0.821225 0.0327523 0.00349461 0.0273745 0.0366652 
0.00375616 0.00034817 0.000161125 0.0608399 0.0357087 0.000776643 0.0178365 0.000894803 0.0503277 0.00802158 0.595535 0.170603 0.0270588 0.0175942 0.0105379 
0.0425562 0.0134905 4.78703e-05 0.0974252 0.00659516 0.000328038 0.015787 0.00770411 0.00266062 0.00124679 0.427755 0.264055 0.080052 0.0135601 0.0267365 
0.00504094 0.000678553 1.59098e-05 0.0760347 0.136612 0.0136246 0.0334781 0.000631165 0.0118971 0.149471 0.345092 0.0804938 0.00794891 0.0152707 0.123711 
0.0281905 0.0994226 4.70432e-05 0.0124785 0.00760215 3.42784e-05 0.00308213 0.00361076 0.00423301 0.000729916 0.530802 0.219392 0.0411031 0.00788842 0.0413836 
0.0375753 0.0219898 2.68379e-05 0.0605904 0.0641166 0.000150975 0.0170205 0.00160263 0.00460473 0.0294582 0.46385 0.238611 0.0142281 0.00946934 0.0367054 
0.00416786 0.00129494 0.000755491 0.0810478 0.0240732 0.000163559 0.00344813 0.0148195 0.0311287 0.00738275 0.650485 0.0726391 0.0951646 0.0117535 0.00167537 
0.00525213 3.28635e-05 3.56165e-05 0.0618248 0.046113 0.000130052 0.00609235 0.00597435 0.00132673 0.0109022 0.733826 0.0539839 0.0110689 0.0564659 0.00697115 
0.0192855 3.83693e-05 0.000104709 0.0401108 0.186754 0.000932437 0.0217355 0.00194779 0.0348104 0.0285395 0.326383 0.0520747 0.02186 0.252818 0.0126054 
0.000740388 0.0016685 1.81013e-05 0.0659712 0.0156122 7.71771e-05 0.0188745 0.00100416 0.0529697 0.0485107 0.621924 0.0154146 0.0598627 0.0148315 0.0825207 
0.00473958 0.00221213 0.00018943 0.13164 0.0995631 0.0168578 0.0049371 0.0186843 0.0237498 0.0248066 0.347342 0.224072 0.067395 0.0191649 0.0146462 
0.0416551 0.00808902 0.000475168 0.133316 0.0601316 0.00189998 0.0158706 0.00707206 0.0122522 0.0254101 0.369099 0.214608 0.0510576 0.0161069 0.0429558 
0.0404409 2.88475e-05 0.00025652 0.236872 0.0347275 8.39642e-05 0.19433 0.000774163 0.00604348 0.152764 0.268991 0.0107979 0.0175483 0.0273841 0.00895756 
0.000405144 1.4814e-05 9.02038e-06 0.164841 0.0140934 0.00171475 0.00917952 2.19308e-05 0.0114591 0.00154911 0.632198 0.150816 0.00326092 0.0103983 3.96507e-05 
0.00508469 0.000413897 0.00248227 0.244427 0.0238025 0.000139391 0.0309565 0.000778569 0.00564697 0.0140254 0.359841 0.253384 0.0450663 0.0132465 0.000704557 
0.00150758 0.000171558 0.000124126 0.0208405 0.0165386 0.0132074 0.0466646 7.84502e-05 0.00366383 0.000821519 0.727131 0.0796572 0.0490727 0.00749579 0.0330251 
0.00137595 7.47977e-06 0.000278848 0.232179 0.0277177 0.000964957 0.00370961 0.00102547 0.00260465 0.0123128 0.382167 0.273141 0.0237849 0.0383621 0.000369206 
0.00583541 0.00305593 0.000537456 0.136957 0.0335 0.00200453 0.00677792 0.000727259 0.141013 0.00973864 0.284215 0.235528 0.0712268 0.0252633 0.0436199 
0.00408246 0.000125124 0.000457811 0.244992 0.12651 0.000257443 0.132808 0.000133485 0.000989527 0.0137265 0.339713 0.0748848 0.0260044 0.0320258 0.00328928 
0.00550182 8.28965e-06 0.000247737 0.148875 0.041461 0.000356751 0.033391 0.000189981 0.00328466 0.00798326 0.397328 0.332197 0.00617425 0.0215119 0.00148994 
0.0153852 0.000122857 2.15165e-05 0.0614886 0.0556853 0.058572 0.0892931 0.000194485 0.00565732 0.00354697 0.461426 0.159118 0.0537109 0.0328297 0.0029479 
0.0445631 4.22533e-05 8.6618e-05 0.128736 0.0360569 0.000283787 0.0925871 9.78714e-06 0.00687285 0.00269248 0.363249 0.255051 0.00770144 0.0614083 0.000659919 
0.000652792 3.21429e-05 3.96224e-05 0.0605197 0.0473353 0.000180137 0.00127767 9.56104e-05 0.000248856 0.0151151 0.792014 0.013956 0.00686367 0.0537689 0.00790026 
0.0104735 0.00539806 1.39112e-05 0.0809888 0.0748228 0.115825 0.00510827 0.00918301 0.00331234 0.00586953 0.350628 0.205005 0.0271422 0.0615418 0.0446878 
0.00011235 2.82954e-05 2.74862e-05 0.0617682 0.0193136 0.000192303 0.00109425 0.000110578 0.00043019 0.00539779 0.832409 0.0291648 0.0114046 0.0295892 0.00895691 
0.00472078 2.30071e-05 0.000203648 0.0949084 0.0515947 0.00063867 0.0111286 8.99083e-05 0.0102863 0.00356387 0.613253 0.163262 0.0216429 0.0146803 0.0100034 
0.00149368 4.14379e-06 7.35167e-05 0.113587 0.0246748 7.70306e-05 0.000594487 0.000100405 0.0254203 0.00689147 0.697111 0.0983742 0.0196039 0.0101546 0.00183989 
0.000321274 2.23531e-05 7.40319e-05 0.175265 0.0496544 0.0179114 0.00311523 0.00080964 0.00492044 0.0135083 0.53746 0.149624 0.0241726 0.015321 0.00782026 
0.0300233 8.72926e-05 0.000302375 0.118565 0.0412263 0.000164995 0.013393 0.00567256 0.0019908 0.0042214 0.677338 0.0621197 0.0175013 0.0152859 0.012108 
0.000480686 4.15618e-05 6.82788e-05 0.0324589 0.024166 0.000380817 0.00109692 8.38335e-05 0.00220859 0.00184161 0.741479 0.035615 0.131215 0.01974 0.00912461 
0.0340938 6.69751e-06 0.000179975 0.0242708 0.160142 0.0352255 0.00764244 0.00171945 0.154409 0.0136842 0.262068 0.243699 0.0305027 0.0153914 0.0169652 
0.00507784 0.000607359 0.00013635 0.0944467 0.0529707 0.000259254 0.00974923 0.000600851 0.0148677 0.00971719 0.626815 0.0813362 0.0602177 0.0332885 0.00990977 
0.142749 0.00144481 0.00187857 0.138153 0.0663894 7.32422e-05 0.0649863 0.00097183 0.0021552 0.00363593 0.477488 0.0408599 0.0576423 0.000185065 0.00138722 
0.0068336 0.000131087 9.56321e-05 0.135942 0.0956583 0.000676397 0.0124414 0.000360999 0.0361211 0.0240333 0.429544 0.159175 0.0461428 0.0457138 0.00713028 
0.0140432 0.00259492 0.000370294 0.10696 0.0256709 0.000220101 0.0143227 0.00216861 0.00518 0.00359572 0.524285 0.192122 0.0463552 0.0156379 0.0464731 
0.0519292 0.00923988 2.31094e-06 0.0110733 0.00329614 0.000370237 0.208135 0.00451849 0.0145279 3.74611e-05 0.313653 0.197083 0.035978 0.0181912 0.131964 
0.034277 0.00534465 1.16147e-05 0.037762 0.0474663 0.000895464 0.00490248 0.00790374 0.034035 0.00244475 0.340226 0.198382 0.0512747 0.0107666 0.224307 
0.033349 0.00276345 9.12688e-05 0.142747 0.0373807 0.00158945 0.0159173 0.000936178 0.0659943 0.0158239 0.373056 0.148355 0.109439 0.0197738 0.0327842 
0.0816538 0.00537685 0.000233404 0.0364317 0.044557 0.00010033 0.125088 0.0012348 0.00409081 0.0654265 0.235741 0.213564 0.156109 0.0207791 0.00961345 
0.0238344 0.00827715 0.00024931 0.255616 0.0783126 0.000977374 0.0177107 0.00954573 0.00258857 0.0135621 0.319829 0.0810211 0.0169096 0.0863366 0.0852296 
0.194978 0.0984812 0.000113717 0.0510302 0.0245434 0.000593184 0.00878868 0.00277709 0.0132205 0.0027803 0.302691 0.21126 0.0458809 0.0209944 0.0218672 
0.0021435 3.15941e-05 1.51187e-07 0.286054 0.145908 0.0001041 0.00789099 3.98732e-05 0.00504745 0.179996 0.30368 0.0469231 0.00516805 0.0137837 0.00322979 
0.0143293 0.0614884 2.82763e-05 0.149579 0.0767263 0.000275898 0.0185523 0.00113092 0.0485872 0.0757887 0.370249 0.119349 0.0485841 0.0081983 0.00713343 
0.0401415 0.0273365 0.000132117 0.128151 0.0255295 0.00100572 0.0138701 0.00170065 0.0295392 0.0111473 0.514001 0.0822838 0.0123183 0.0193831 0.0934608 
0.00407306 0.000526899 0.000261617 0.0340146 0.00843408 0.000148831 0.00924406 0.000157924 0.000319381 0.00252977 0.834956 0.0374722 0.0174764 0.0264591 0.0239262 
0.0932514 0.000774315 1.76923e-06 0.151346 0.0530735 7.85115e-07 0.0467345 0.00791047 0.198099 0.0141281 0.219249 0.051616 0.117504 0.0449147 0.00139634 
0.00489776 0.000107313 0.000146487 0.0742602 0.0690733 0.000133975 0.00727847 0.000546032 0.0248016 0.00884174 0.266487 0.110602 0.213422 0.0112047 0.208197 
2.17707e-05 7.27933e-06 6.88956e-05 0.0740477 0.018552 0.000225436 0.000210129 0.00027704 0.000804103 0.0116604 0.823836 0.0477243 0.00422085 0.0183124 3.14065e-05 
0.00172907 0.000213573 0.000302483 0.0110508 0.0088676 0.00150825 0.0545533 0.000161299 0.00383733 0.000779305 0.686472 0.0964903 0.0732998 0.00645291 0.054282 
0.00589531 0.0019275 0.000256837 0.0633308 0.0219643 0.000296408 0.0201307 0.000747467 0.110796 0.000856752 0.328777 0.171612 0.261591 0.00275869 0.00905874 
3.12384e-06 4.49899e-06 5.01141e-06 0.238187 0.0342382 0.000104166 0.0016065 0.000285413 0.0395707 0.108466 0.451566 0.11372 0.00911685 0.00247554 0.00065091 
0.0016467 7.41151e-05 0.00020776 0.0932126 0.0346921 0.000345523 0.0159354 0.000134748 0.00321042 0.00527579 0.620679 0.144643 0.0448138 0.0324217 0.00270789 
0.00484732 0.00255929 0.000286669 0.0392863 0.0210591 0.000250002 0.00679962 0.00457819 0.0433899 0.00925078 0.4478 0.119481 0.219351 0.0543662 0.0266944 
0.0105345 0.00329334 0.0173049 0.143459 0.0477868 0.000264179 0.00985587 0.00198068 0.0291336 0.0137055 0.378115 0.123993 0.0731495 0.104101 0.0433221 
0.0119801 0.00061188 0.000168584 0.0430792 0.0502238 0.000252955 0.0410149 0.0043103 0.00895408 0.00466164 0.420586 0.312694 0.0609958 0.0293183 0.0111478 
0.10744 0.000759519 0.000103023 0.18329 0.047276 6.12952e-05 0.0099984 0.00148585 0.0544817 0.0121005 0.429271 0.0883519 0.0380056 0.0168007 0.0105737 
0.00371759 1.2512e-05 0.00024369 0.126486 0.287926 0.000283835 0.00952995 0.00179827 0.00788278 0.0102487 0.306375 0.121868 0.0927966 0.0275396 0.0032918 
0.000652792 3.21429e-05 3.96224e-05 0.0605197 0.0473353 0.000180137 0.00127767 9.56104e-05 0.000248856 0.0151151 0.792014 0.013956 0.00686367 0.0537689 0.00790026 
0.00494162 0.000305786 4.04792e-05 0.133601 0.0325088 0.00990496 0.0195219 0.000687642 0.00551049 0.00620693 0.464984 0.264236 0.0481801 0.00587351 0.00349692 
0.0154536 0.0130908 0.000132499 0.18009 0.0390347 0.000317182 0.0381777 0.00421168 0.0054903 0.0309748 0.457496 0.0997707 0.0674131 0.0263749 0.0219724 
0.00157418 0.00017674 2.23416e-06 0.0617847 0.0429722 0.000145369 0.00353929 4.55111e-05 0.0223364 0.0208992 0.74466 0.0578446 0.00233003 0.0223351 0.0193549 
0.0249731 0.000428962 7.16281e-05 0.0739235 0.0343049 0.000733114 0.0119675 0.000734257 0.0845984 0.00758175 0.515197 0.0897088 0.140964 0.0108602 0.00395246 
0.0220117 3.05974e-05 0.000354281 0.242632 0.0827623 0.000997998 0.0139346 0.000177882 0.00126631 0.0448917 0.355244 0.175904 0.00795623 0.0518024 3.45895e-05 
0.0431554 3.11459e-05 0.00169481 0.269085 0.0685272 0.000107115 0.0463975 0.000130879 0.00533961 0.0340129 0.338391 0.107014 0.0127619 0.0723057 0.00104549 
0.0262431 0.00103524 0.000379182 0.159156 0.0269077 0.000259906 0.0316876 0.00062283 0.0553442 0.015102 0.444759 0.168894 0.0238151 0.0396074 0.00618756 
0.0065088 0.00249544 0.000568652 0.148836 0.0295557 0.002392 0.0102504 0.00280859 0.00412198 0.0432449 0.405049 0.191072 0.108031 0.0288383 0.0162277 
0.0208793 0.00459224 2.98006e-07 0.0424774 0.0581418 0.00205418 0.00423705 0.00847811 0.0448725 0.00369518 0.41423 0.209738 0.146001 0.00972671 0.030877 
0.0017861 3.2732e-05 0.000312887 0.00712906 0.0124561 0.014541 0.0176243 0.00014589 0.00252521 0.00174798 0.707962 0.107827 0.0779189 0.0142531 0.0337373 
0.00172907 0.000213573 0.000302483 0.0110508 0.0088676 0.00150825 0.0545533 0.000161299 0.00383733 0.000779305 0.686472 0.0964903 0.0732998 0.00645291 0.054282 
0.000581579 0.00300104 3.06304e-05 0.20101 0.179764 0.00189452 0.00490424 0.000129195 0.000439611 0.00571694 0.463273 0.0581094 0.0101005 0.0528503 0.018195 
0.0344081 0.0255067 1.13856e-09 0.0539792 0.00585539 5.31267e-05 0.000107613 0.0049744 0.00367198 0.0636083 0.475037 0.123397 0.0140823 0.0164987 0.17882 
0.0722667 0.00519181 0.00136816 0.0976829 0.0283588 0.00571772 0.07705 0.0015998 0.00272332 0.0179921 0.263979 0.158894 0.247148 0.00253938 0.0174879 
0.0328618 0.00952502 0.00132515 0.124957 0.0631551 0.00110623 0.0115826 0.00679742 0.0693909 0.00826397 0.281981 0.276718 0.0722327 0.0194583 0.0206453 
0.0140722 5.68727e-05 0.00012066 0.131004 0.047352 0.00179598 0.00929484 0.000332331 0.0159899 0.00898332 0.523496 0.111086 0.040741 0.0847868 0.0108882 
0.000576867 2.28463e-06 0.000581862 0.0662403 0.0391482 0.000104535 0.00239996 0.000288903 0.00691863 0.00859142 0.657317 0.172829 0.0259426 0.0188371 0.000220989 
0.000902436 1.83133e-05 0.000106667 0.0598615 0.0314535 0.00014639 0.00275613 0.000104921 0.000306867 0.0141717 0.794686 0.0374022 0.0213292 0.0328364 0.00391738 
0.0100122 0.000478363 0.000203976 0.106505 0.0432702 0.00127259 0.0139021 0.000562485 0.0023346 0.0276443 0.442997 0.244214 0.0157701 0.0887561 0.00207701 
0.00789638 0.000205356 0.000912961 0.257608 0.0489324 0.000305702 0.0494704 0.000357765 0.00325954 0.0160552 0.390039 0.153929 0.0528453 0.0101036 0.00807974 
0.0226446 0.0200098 0.101895 0.158647 0.0253207 0.00559186 0.070282 0.00128546 0.00468472 0.00752938 0.193799 0.109203 0.136425 0.00687366 0.135808 
0.00100038 0.0102966 0.000204882 0.0970874 0.0637979 0.0823492 0.00271598 0.000458865 0.0523296 0.0136184 0.315184 0.308011 0.0361354 0.0140963 0.00271423 
0.000385054 7.82441e-06 8.01358e-05 0.0589153 0.136634 0.171899 0.00442284 0.000931035 0.00338113 0.0082997 0.392042 0.144873 0.0362306 0.0362549 0.00564275 
2.96812e-05 7.81945e-06 5.7985e-06 0.106998 0.0352833 0.103602 0.0241095 0.000136163 0.0405819 0.0209495 0.480072 0.129544 0.0223457 0.0362882 4.61728e-05 
0.000848685 1.73714e-05 2.42591e-05 0.0942446 0.0922656 0.000348218 0.00254605 0.000939223 0.0621174 0.023917 0.435796 0.213307 0.0485101 0.0194369 0.00568121 
0.0116694 2.57494e-05 0.000105161 0.0576717 0.0364188 8.89777e-05 0.00488689 0.000139104 0.000724585 0.0129321 0.7608 0.0521241 0.0171504 0.0405967 0.00466604 
0.000191481 5.43954e-05 3.51803e-05 0.0613501 0.0171465 0.000473298 0.00167217 7.23482e-05 0.000773301 0.0034362 0.843683 0.0303414 0.0162236 0.0180169 0.00652989 
0.0219256 0.122265 1.89648e-07 0.0502395 0.0100127 5.6367e-05 6.66177e-05 0.00811053 0.00297417 0.0641821 0.493673 0.0832744 0.0120534 0.00902559 0.122141 
0.0116694 2.57494e-05 0.000105161 0.0576717 0.0364188 8.89777e-05 0.00488689 0.000139104 0.000724585 0.0129321 0.7608 0.0521241 0.0171504 0.0405967 0.00466604 
0.000667518 1.91206e-05 4.23415e-05 0.147343 0.0446927 0.000135816 0.00694519 0.000115488 0.000451286 0.0159875 0.44254 0.24491 0.00604954 0.0899145 0.000185893 
0.0449448 0.00946165 0.0321368 0.143816 0.0438666 0.000448674 0.01868 0.00241228 0.0633951 0.0107296 0.336614 0.184231 0.0752104 0.0259755 0.00807778 
0.0160598 0.00249471 3.85062e-05 0.049744 0.0742277 0.000869931 0.000992896 0.0031586 0.001316 0.02093 0.674979 0.0721179 0.0423415 0.0254402 0.0152897 
0.00610718 0.00405401 1.45075e-06 0.0333636 0.00885635 2.0389e-05 0.000546298 0.000496754 0.000909967 0.000274816 0.332719 0.280685 0.296119 0.0033915 0.0324546 
0.0067996 0.000707477 0.000115803 0.270616 0.0948207 0.00017634 0.0223196 0.0010791 0.00202927 0.0188194 0.469307 0.0771241 0.0184271 0.00815258 0.00950643 
0.0228479 0.0407628 3.96507e-05 0.185061 0.0290025 0.000398448 0.00302458 0.0042245 0.00804547 0.063508 0.431137 0.0868078 0.0185928 0.0289947 0.0775536 
0.00149449 0.000112369 0.000158882 0.230562 0.0893341 0.000788507 0.00182465 0.000666607 0.00425136 0.00740917 0.546832 0.0199954 0.0512357 0.0377997 0.0075353 
0.00446095 7.66929e-05 0.000412543 0.127885 0.0205933 5.02431e-05 0.000289371 0.000336969 0.0570056 0.046043 0.446485 0.272893 0.0166084 0.00518381 0.00167573 
0.0783754 4.97932e-05 0.000537676 0.131333 0.0618151 0.000136121 0.133722 0.00124551 0.00924655 0.0332599 0.330913 0.158662 0.0320718 0.0274975 0.00113526 
0.0026401 1.68581e-06 1.07866e-05 0.267068 0.0405887 6.15455e-05 0.0296125 0.0598986 0.0343914 0.00302341 0.32541 0.187574 0.0344272 0.00521211 0.0100797 
0.0124062 0.00770784 2.06302e-07 0.0547271 0.0513031 0.265756 0.000946065 0.00201373 0.0239332 0.00521049 0.314412 0.138065 0.0407619 0.0190225 0.0637342 
0.00124578 2.55528e-05 1.04268e-05 0.0340755 0.0169132 2.48023e-05 0.00416107 0.000410377 0.00104865 0.00726003 0.831627 0.0286172 0.00587145 0.0649439 0.00376476 
0.00011561 1.07636e-06 9.66752e-05 0.269086 0.0117292 5.41891e-05 0.000402777 5.55286e-05 0.00128452 0.00410673 0.668895 0.0180237 0.0182642 0.00786073 2.3951e-05 
0.00808123 4.82182e-05 5.4262e-05 0.0774709 0.0394326 1.09593e-07 0.000266858 0.0012931 0.000146383 0.0356299 0.775867 0.0276254 0.025903 0.00406411 0.00411726 
0.00845109 0.00588784 0.000329823 0.130942 0.0461865 0.00947876 0.0107519 0.00208245 0.0322846 0.00839593 0.466871 0.119602 0.121332 0.0251046 0.0122999 
0.0158007 0.00140211 0.000219091 0.165519 0.0550938 0.000633379 0.0214331 0.00632561 0.0281856 0.0117865 0.439399 0.173604 0.0453256 0.0290068 0.00626605 
0.00545342 0.000109835 0.000112095 0.076159 0.0535323 0.00504184 0.0404015 0.000704056 0.0205139 0.0156048 0.423679 0.296634 0.0211552 0.0350934 0.00580503 
0.0453783 5.98715e-05 0.000845736 0.143476 0.0394111 0.00047758 0.0518094 0.000237959 0.0055688 0.0109303 0.445145 0.20907 0.0209432 0.0251635 0.00148345 
0.00610331 0.00299797 0.000163054 0.178062 0.0264487 0.000458004 0.0437995 0.000927376 0.0369977 0.0110718 0.595615 0.0368175 0.0527807 0.00436461 0.00339298 
0.0329247 2.50591e-05 0.000239513 0.0579285 0.0435567 0.000248688 0.00930885 0.000222247 0.00142419 0.00837337 0.656703 0.0628209 0.0430471 0.0773087 0.00586896 
0.0184623 0.0136268 0.000159969 0.0896881 0.0422982 0.000254229 0.00496701 0.00365869 0.00964118 0.0106924 0.373851 0.33025 0.0451081 0.0409431 0.0163981 
0.00185684 0.000472499 1.79209e-05 0.140085 0.0984768 0.00570626 0.00467489 0.00232458 0.0327305 0.0102282 0.484489 0.178263 0.0296676 0.00753477 0.00347262 
0.0135222 0.00030361 5.71512e-05 0.044595 0.036827 5.28211e-05 0.00243595 0.00044025 0.00136596 0.0128037 0.509956 0.0639078 0.266905 0.039532 0.00729553 
0.0229221 0.000331173 3.77348e-05 0.0462762 0.036701 0.000203759 0.000523266 0.00451802 0.00769858 0.0147282 0.648667 0.153198 0.0511701 0.00728595 0.00573909 
0.0144036 0.00280531 0.00117329 0.221113 0.0432603 0.00322687 0.0102337 0.0126478 0.0046612 0.0116844 0.368734 0.234241 0.0276542 0.0366601 0.00750129 
0.0182891 0.00134784 1.17224e-05 0.159322 0.0573665 0.000546198 0.0248236 0.000723951 0.00881554 0.00940785 0.405731 0.19224 0.0254691 0.0901874 0.005718 
0.000555446 1.09461e-05 4.99061e-05 0.0421224 0.0366252 5.54527e-05 0.00314974 0.000128672 0.000503289 0.0105749 0.830776 0.0389923 0.0108682 0.0242834 0.00130395 
0.00831306 0.0016262 0.000174224 0.0488784 0.0155244 0.00130471 0.00527211 0.000978728 0.00499864 0.00235703 0.544503 0.214163 0.116643 0.0264306 0.00883277 
0.00339018 0.000570224 1.37312e-05 0.0311648 0.190006 0.00726017 0.00179586 0.000366885 0.0723318 0.0258502 0.570183 0.0323326 0.0424231 0.00809445 0.014217 
0.00154748 5.19456e-05 0.000219535 0.0116038 0.0252385 0.0134354 0.0144546 0.0001038 0.00296392 0.002243 0.707004 0.083111 0.083941 0.010295 0.0437874 
0.0193194 0.00969264 0.000443924 0.127603 0.0617812 0.00153125 0.0367791 0.00267355 0.00861534 0.0368733 0.460766 0.11433 0.0508125 0.0287018 0.0400771 
0.02046 0.00198574 0.000443394 0.100059 0.0631446 0.000273817 0.0211346 0.00468113 0.0635233 0.0207537 0.281188 0.149889 0.187985 0.0268783 0.0576014 
0.0120215 0.0276365 0.000191453 0.122186 0.0394305 0.00100743 0.00743133 0.00291915 0.0102549 0.0304329 0.432147 0.193817 0.0653269 0.029868 0.0253286 
0.00314738 0.000157759 0.000352331 0.0216033 0.0530965 4.61006e-05 0.0377929 0.000154889 0.000690942 0.00872089 0.718433 0.0991493 0.012055 0.00114845 0.0434513 
0.00309165 0.000242475 0.000216032 0.0780564 0.0185572 0.000538739 0.0168662 0.000149642 0.000924214 0.00526557 0.748214 0.0416141 0.0118453 0.0341766 0.0402418 
0.000417715 2.67315e-05 0.000171849 0.080649 0.0485103 0.000249591 0.00187449 0.000201214 0.000674709 0.0186712 0.752284 0.0290788 0.00877809 0.0539766 0.00443599 
