0.167139 0.04894 0.000612612 0.0182771 0.0360957 1.0636e-05 0.00033274 0.00170142 0.393219 0.000480875 0.0734225 0.0734035 0.145647 0.0011024 0.0396151 
0.0671158 2.17923e-06 2.25567e-05 0.0213578 0.0125937 8.27146e-08 1.12722e-06 7.33472e-05 0.467063 0.0262749 0.055593 0.161247 0.1858 0.00191303 0.000942954 
2.91161e-05 1.252e-07 7.26819e-07 0.0301796 0.0206779 0.00729487 0.0439291 4.9681e-06 0.847744 5.77728e-05 0.00369828 0.00812737 0.0380725 7.48819e-08 0.000184019 
0.160741 0.0543783 1.83489e-06 0.0546766 0.0351312 9.1427e-06 0.00294767 0.0022743 0.313365 0.0104206 0.0689103 0.17326 0.087078 0.0120398 0.0247659 
0.0498125 0.00560333 2.35928e-07 0.120362 0.0430193 1.24659e-05 0.105486 0.00330424 0.374665 0.00759813 0.0569369 0.04741 0.053337 9.92168e-05 0.132354 
0.00234401 2.43721e-05 1.78347e-05 0.00338059 0.00570584 1.60501e-05 0.0622785 0.000185415 0.458238 0.00166334 0.0206293 0.375691 0.0168886 3.57154e-05 0.0529017 
0.00126044 0.000202391 0.000241247 0.0495928 0.0268028 0.000231308 0.178488 5.35093e-05 0.628401 0.00466358 0.020737 0.0440398 0.00892063 0.0205111 0.0158538 
0.1677 0.000124941 3.69444e-06 0.321126 0.0451395 0.000524802 0.0347057 6.17428e-05 0.321224 0.00834686 0.00191196 0.0754634 0.00430543 0.0166098 0.00275251 
0.000883952 0.0230405 6.05346e-05 0.0464933 0.0429259 6.62411e-05 0.0123173 0.000663467 0.461703 0.1176 0.221168 0.0476907 0.0118174 0.00713366 0.00643701 
0.00264356 0.000268673 3.1037e-06 0.0933922 0.0339504 0.000762422 0.030174 1.40976e-05 0.45885 0.0036379 0.0726805 0.0813803 0.0563469 0.00108084 0.164815 
0.0315991 0.0159521 3.08984e-06 0.0440856 0.0336792 0.000593497 0.00214209 0.00365374 0.408544 0.00292605 0.129279 0.185917 0.0720931 0.0135086 0.0560236 
0.000663987 4.73292e-06 7.93774e-05 0.227844 0.0217413 0.000145852 0.0131647 9.42375e-05 0.554842 0.0137478 0.0758626 0.0796809 0.00724652 0.00450712 0.000374952 
0.000305996 0.00767375 0.00012949 0.127853 0.0449221 0.000475652 0.00574697 7.33628e-05 0.351473 0.015069 0.194029 0.191167 0.0136138 0.046332 0.0011356 
0.00737666 3.81115e-05 0.030523 0.17997 0.0233854 2.55164e-06 0.0134048 0.0202213 0.461949 0.00122147 0.0918249 0.0306742 0.13896 0.00021472 0.000234102 
0.000952818 3.42132e-05 2.86359e-06 0.0538096 0.0144857 4.86282e-05 0.060263 3.75372e-06 0.831507 1.88843e-05 0.0200759 0.00213265 0.0113232 1.31442e-05 0.00532859 
0.00337876 0.0153014 0.00013508 0.081565 0.0924662 0.000184085 0.0778463 0.000295004 0.453671 0.0101454 0.0351243 0.158631 0.0231205 0.0469707 0.00116515 
0.00119553 9.43478e-06 2.96145e-05 0.330899 0.017719 0.000190375 0.00377234 2.46749e-05 0.472776 0.00523047 0.0446477 0.101391 0.0186906 0.00280245 0.000620802 
3.13542e-05 0.0702075 3.58465e-05 0.02996 0.00516228 5.8224e-05 0.00128855 7.24768e-05 0.735928 0.000458851 0.00395282 0.114197 0.0365298 6.8873e-05 0.00204886 
0.00166636 0.000507341 2.69225e-05 0.0203966 0.0423264 0.00681088 0.0149757 0.000342888 0.645282 0.00434102 0.0989938 0.110872 0.045232 0.00541135 0.00281468 
0.000498972 0.108259 0.0013521 0.210085 0.0974677 0.0178001 0.00532515 4.21115e-05 0.323574 0.0188324 0.132006 0.0714275 0.00480572 0.00366469 0.00485977 
0.00289304 0.000452791 6.89607e-05 0.0578721 0.0170116 0.00034376 0.00413873 0.000259233 0.417238 0.0110349 0.230997 0.0803584 0.157306 0.00664596 0.0133797 
0.0165838 0.0101124 0.00402572 0.166968 0.043649 0.00174681 0.0128528 0.00327364 0.234176 0.0152796 0.221804 0.133653 0.109862 0.01394 0.0120735 
0.000627738 1.42736e-06 4.12076e-05 0.0640529 0.051765 0.0653002 0.0269293 0.000817205 0.6847 0.00254481 0.0347713 0.00606238 0.0581151 0.00109593 0.00317509 
0.00147872 7.39579e-05 1.11174e-05 0.0799697 0.0116744 0.000189006 0.0423413 1.45816e-05 0.806684 7.34008e-05 0.00558307 0.0190698 0.0220897 5.10904e-05 0.010696 
0.10063 0.052741 9.39855e-09 0.0766995 0.0256264 0.000582807 0.00598188 0.00188226 0.313742 0.00421722 0.0446553 0.230994 0.113 0.00170441 0.0275433 
0.0301827 0.00609333 4.88494e-06 0.0127437 0.0221835 0.00141576 0.0236315 0.00655011 0.318966 0.00119162 0.169502 0.0721545 0.303257 0.0162996 0.0158238 
0.000984185 6.05573e-05 1.27855e-06 0.0584402 0.00348723 9.3292e-06 0.000605708 1.17312e-05 0.816667 0.000369861 0.0735264 0.024713 0.0200783 4.95816e-05 0.000995166 
0.0107454 0.00456209 2.17586e-05 0.0271586 0.176043 1.11092e-05 0.083438 0.00210809 0.245233 0.00555617 0.0339994 0.20544 0.184772 0.000755129 0.0201561 
0.000760433 0.00677379 7.44784e-07 0.321474 0.120254 3.2152e-05 0.000196665 0.0014856 0.363791 0.0144212 0.124144 0.0285471 0.0157764 0.000869172 0.00147315 
0.000245634 1.68662e-05 3.50306e-05 0.104338 0.0968841 3.92186e-05 0.00892882 5.88861e-05 0.359239 0.0441824 0.0968808 0.242913 0.0267727 0.0190922 0.00037322 
0.0530633 0.00531793 2.07989e-05 0.0445271 0.0761066 0.00223167 0.00016496 0.00130316 0.235063 0.0912523 0.0689992 0.206813 0.0496582 0.0010776 0.164401 
0.00747071 0.0105124 0.00659201 0.00448854 0.00552307 0.0030294 0.00389735 0.00318471 0.603868 0.00733879 0.0300051 0.210207 0.0987914 0.00351523 0.00157578 
0.0358526 0.0023321 4.50193e-06 0.015383 0.00831747 0.00046966 0.00240113 5.87645e-05 0.657961 0.000553593 0.0309613 0.23104 0.00509559 0.00884923 0.000719807 
0.000850358 1.04036e-05 0.000346083 0.0950816 0.00198306 0.000274332 0.00788035 0.000182708 0.724316 0.000860758 0.110868 0.050032 0.00670187 0.000441553 0.000170423 
0.00102309 3.89934e-05 2.63303e-07 0.0888066 0.0068095 0.000310299 0.0076407 0.000201004 0.887481 5.1587e-05 0.00475701 0.00214243 0.000289907 1.43485e-07 0.000447151 
0.027605 0.00215627 5.92007e-07 0.0246224 0.0092497 2.1988e-05 0.173317 0.00469962 0.382882 0.00702179 0.22714 0.0998955 0.0345752 0.00306255 0.00374953 
0.0373335 3.14268e-05 0.000295981 0.0582693 0.0217515 0.000103766 0.00239548 0.000454369 0.484368 0.00373827 0.149843 0.0857506 0.153419 0.00216502 8.10631e-05 
0.00403924 0.000100671 0.00016656 0.126457 0.0361779 0.000125817 0.00412412 0.000199336 0.46549 0.00951126 0.110575 0.196778 0.018965 0.0161028 0.0111871 
0.0155254 0.00590244 4.2355e-05 0.034646 0.0528972 0.0031826 0.0294643 0.00129621 0.319319 0.056623 0.229013 0.206592 0.0183243 0.0192208 0.00795095 
0.141974 0.0114494 1.11252e-05 0.0412491 0.0686425 1.81427e-05 0.0297602 0.0908628 0.214556 0.00454276 0.06475 0.12634 0.0679086 0.00982178 0.128113 
0.0063861 0.00121173 4.24675e-05 0.0683096 0.0382982 0.000507751 0.00614247 0.00117894 0.259531 0.00860201 0.225109 0.256172 0.0797046 0.014769 0.034035 
0.000662976 0.000336453 8.3699e-05 0.013985 0.0039185 0.00391867 0.0618844 0.000844668 0.634217 0.00310838 0.140782 0.0458018 0.0852684 0.000996067 0.0041922 
0.0179276 0.0307111 7.03814e-07 0.0238118 0.0399121 3.25594e-05 0.00220259 0.00228729 0.571744 0.00014888 0.0811602 0.11193 0.088537 0.00126931 0.0283253 
0.00153526 2.29177e-05 1.20908e-05 0.00230302 0.0588602 0.0149284 0.000744634 5.98416e-05 0.717808 0.000638019 0.0363321 0.120116 0.00623651 0.0119271 0.0284769 
0.000742987 0.0407783 0.000209919 0.0664238 0.0507541 0.000446587 0.0163839 6.51974e-05 0.552232 0.00428063 0.0447511 0.139716 0.049711 0.0250935 0.00841123 
0.00150939 5.15322e-05 4.95939e-05 0.114648 0.106599 3.44072e-06 0.135233 0.0282826 0.454544 0.000130876 0.0215508 0.136776 2.64998e-05 1.76043e-05 0.000577361 
0.000512017 0.00335973 0.000123616 0.0463299 0.0512235 0.0291531 0.0264866 0.000206359 0.722739 0.0146264 0.0337487 0.0381394 0.0270188 0.00388711 0.00244601 
0.00481367 6.8397e-09 1.89554e-08 0.104467 0.162254 0.00405181 0.0111035 0.000344449 0.348159 0.0064814 0.0181159 0.313829 0.0152482 0.00572651 0.00540554 
0.015247 0.00664177 6.30073e-08 0.0687235 0.107272 9.02033e-05 0.00217427 0.00678622 0.443851 0.0287242 0.101796 0.14173 0.0526898 0.0143766 0.00989692 
0.000668799 8.54341e-06 0.000231161 0.146346 0.0123198 0.000923966 0.00503021 0.00434697 0.661376 0.00122064 0.0646959 0.0642023 0.0365106 0.00142013 0.000698571 
0.0769064 0.0526528 1.24849e-05 0.00765316 0.00536569 1.57577e-05 0.00424231 0.00117506 0.643398 0.000162874 0.00760796 0.0613889 0.110553 0.000654799 0.0282109 
0.00695218 0.000175945 5.70248e-06 0.0281149 0.0173429 0.010311 0.000904077 0.000935321 0.433764 0.00761586 0.167184 0.0264918 0.299507 0.000199988 0.00049597 
0.0425492 0.0132806 2.77783e-05 0.0577946 0.155918 0.000624523 0.00769917 0.00190174 0.506821 0.00757019 0.128369 0.0225229 0.0162681 0.00134058 0.0373123 
0.00386946 5.53741e-08 2.06481e-08 0.255127 0.185158 1.62363e-08 0.0690571 5.35138e-08 0.3014 0.00462732 0.00560248 0.13382 0.0213668 0.00566651 0.0143049 
0.0515248 0.113676 8.87002e-05 0.0646359 0.047403 0.000685791 0.00719926 0.000976467 0.361162 0.0337835 0.235225 0.0656726 0.00681266 0.00360254 0.00755229 
0.0560393 0.0109178 9.39072e-05 0.0938594 0.0492613 0.00258831 0.0318811 0.016267 0.236128 0.00322271 0.175331 0.0934307 0.0444537 0.0036298 0.182896 
0.00345145 2.6123e-07 9.72346e-07 0.0148862 0.119342 0.00225248 0.10148 2.21508e-08 0.616037 0.0385254 0.00851019 0.0366186 0.0210283 0.0206823 0.0171844 
0.00220984 7.99942e-06 6.73654e-07 0.0129342 0.00481279 3.14075e-09 0.0394642 6.8327e-05 0.549415 0.012588 0.000202569 0.368964 0.00260737 1.83046e-05 0.00670652 
0.0550298 0.00862163 8.98155e-06 0.0487799 0.0349772 1.58942e-05 0.103958 0.00199185 0.326036 0.0087214 0.0564877 0.295576 0.0256766 0.000398652 0.0337202 
0.00415712 4.71032e-06 3.71106e-05 0.181501 0.201172 0.000201716 0.00951288 0.0525373 0.227506 0.0165676 0.159405 0.0837005 0.028731 0.0302445 0.00472152 
0.000291044 3.57728e-06 4.76116e-05 0.0803282 0.0134572 5.57709e-06 0.0112596 1.72022e-05 0.437738 0.00132784 0.160934 0.272948 0.0124867 0.0015695 0.00758551 
0.0029646 0.000506126 4.25936e-06 0.0380954 0.0140071 0.000143173 0.00391549 0.00052431 0.404834 0.00212995 0.124317 0.336942 0.0550044 0.000203919 0.016408 
0.0778958 0.13406 6.98861e-05 0.0102433 0.0497036 0.000459045 0.011143 0.00259917 0.383957 0.0110431 0.0178315 0.230907 0.0475017 0.000567742 0.0220193 
0.0602909 0.00495683 3.75132e-07 0.0193645 0.0367608 0.0244102 0.00139802 0.00186346 0.280811 0.00240619 0.248414 0.170458 0.0398052 0.00132035 0.10774 
0.00186567 0.00119055 3.41336e-05 0.281504 0.147004 1.20931e-06 0.0514644 0.00214798 0.39318 0.000517147 0.071363 0.0231267 0.0223814 0.00246651 0.00175317 
0.00220984 7.99942e-06 6.73654e-07 0.0129342 0.00481279 3.14075e-09 0.0394642 6.8327e-05 0.549415 0.012588 0.000202569 0.368964 0.00260737 1.83046e-05 0.00670652 
0.0153906 0.00016058 0.000109215 0.124473 0.0364099 0.000222292 0.00400804 0.000586714 0.313917 0.00748346 0.298399 0.171399 0.0163553 0.0108739 0.000212784 
0.0489811 0.0653375 0.000129337 0.0226687 0.0133485 0.000476771 0.0458454 0.00160591 0.546596 0.00114726 0.02262 0.122627 0.0774699 0.000637555 0.0305095 
0.0840471 0.0065836 3.39805e-07 0.0304146 0.013884 0.000992621 0.00306908 0.0487689 0.39984 0.000333194 0.102755 0.154216 0.0782431 0.000827964 0.0760242 
0.0034454 1.13092e-07 1.72105e-05 0.000942049 0.00102275 5.08551e-07 0.000479534 0.000820946 0.887884 4.30852e-05 0.000540001 0.0706447 0.0230946 1.7296e-07 0.0110649 
0.00597513 0.00332746 5.34803e-06 0.209236 0.0790701 0.000234961 0.0127309 0.000762694 0.336575 0.00786517 0.117363 0.127621 0.0757618 0.0183796 0.0050908 
0.000858913 0.000200601 0.000104239 0.105303 0.0518583 0.00121708 0.0466301 0.000248175 0.32864 0.0126869 0.20269 0.140342 0.0483915 0.0149879 0.0458413 
7.41918e-07 5.47379e-10 3.17767e-09 0.0299063 0.060525 1.9988e-07 0.0167512 4.19052e-05 0.8109 0.00751054 0.0453187 0.00562216 0.022498 0.000520471 0.000404733 
0.00312282 6.86782e-06 5.08376e-08 0.04986 0.0803273 4.05145e-05 0.00425175 0.000176391 0.413647 0.00476847 0.0316131 0.328844 0.034383 0.00166739 0.0472905 
0.00171574 3.49974e-05 4.69277e-06 0.285465 0.028554 6.03562e-05 0.0294386 0.000397564 0.575331 3.86819e-05 0.0428199 0.00719725 0.0222402 0.000619345 0.00608242 
5.92844e-05 0.00731225 0.000495907 0.0470235 0.196757 0.009446 0.078243 0.00543185 0.420269 0.0161836 0.0520308 0.0289103 0.0785466 0.00344221 0.0558488 
0.0454066 0.0110196 1.7228e-05 0.0432766 0.0991581 0.00203598 0.00343726 0.00318699 0.427481 0.0250686 0.185667 0.0804046 0.0499626 0.00523251 0.0186455 
0.00244842 0.000318761 0.0431552 0.0134634 0.051556 0.000473979 0.0661158 0.00128441 0.376279 0.00483382 0.238138 0.125739 0.0662433 0.00320009 0.00675071 
0.0298055 0.0735857 4.71187e-06 0.0190108 0.000666439 0.000238748 0.00791033 0.00294691 0.630201 0.000407251 0.0356263 0.136672 0.0284504 0.0004732 0.0340014 
0.0125582 0.00221799 0.000343883 0.0132497 0.0102101 0.0048713 0.00365591 4.21611e-05 0.531949 0.000773759 0.0887807 0.282642 0.0443569 0.00378505 0.000563331 
0.0411547 0.00779625 1.59595e-06 0.142776 0.0118886 0.000158035 0.0176608 0.00286951 0.574036 0.0019512 0.0100053 0.111463 0.033464 0.000328311 0.0444471 
0.0291244 0.00165151 0.000292023 0.0898073 0.0388889 0.00251266 0.0276934 0.00104273 0.328783 0.00637338 0.176465 0.237 0.037376 0.0168197 0.00617019 
0.000519323 9.88128e-06 0.00014407 0.0545912 0.00751694 0.0001572 0.000648469 0.000594889 0.566187 0.00383348 0.134818 0.215474 0.00948452 0.00524391 0.000777756 
0.006061 5.02844e-05 0.000162218 0.151128 0.10137 0.00320755 0.0551551 0.00126668 0.269159 0.0397293 0.132424 0.201309 0.0243818 0.00948905 0.00510695 
0.000494909 0.00316373 6.59336e-05 0.164595 0.0460692 0.000209073 0.0120322 8.09426e-05 0.515816 0.00878619 0.0815055 0.0279557 0.122369 0.00588461 0.0109721 
0.00241671 0.000229139 0.00242478 0.115862 0.0416299 0.00948606 0.0384687 0.000498931 0.2596 0.0264459 0.242832 0.19022 0.0551459 0.00660963 0.00812984 
0.00325061 2.53403e-05 7.92076e-05 0.0345971 0.0431972 0.00193388 0.0188104 0.00089838 0.348588 0.0783563 0.2661 0.17171 0.0180285 0.00338119 0.0110442 
0.0711561 0.00834477 0.000128094 0.0961302 0.0513258 0.000211205 0.00708758 0.0054396 0.335012 0.0533158 0.109894 0.158777 0.0832307 0.00481702 0.0151299 
0.027496 0.00287482 5.32435e-06 0.0134992 0.0792848 1.72196e-05 0.0100533 0.00120805 0.422474 0.000816382 0.0114313 0.349425 0.0470713 0.0126411 0.0217022 
0.00220984 7.99942e-06 6.73654e-07 0.0129342 0.00481279 3.14075e-09 0.0394642 6.8327e-05 0.549415 0.012588 0.000202569 0.368964 0.00260737 1.83046e-05 0.00670652 
8.31409e-05 4.72501e-06 2.58502e-07 0.0366056 0.0839108 0.0012027 0.000642564 1.32244e-06 0.337636 0.00186287 0.0400686 0.211429 0.276395 0.00593423 0.00422336 
0.0266146 0.0985064 4.12211e-05 0.0213508 0.0221237 0.000752591 0.00913293 0.00156576 0.249232 0.00685434 0.0712337 0.216254 0.193429 0.0158847 0.0670249 
0.00650086 6.10214e-06 2.92466e-07 0.0485727 0.0811137 1.12669e-05 0.0306976 0.000157799 0.730379 0.00443321 0.0703955 0.00859888 0.0183289 0.000116451 0.000687545 
1.00523e-07 5.07068e-08 1.36726e-06 0.183864 0.017744 6.06737e-07 0.085907 7.02588e-07 0.358973 1.53755e-06 0.117615 0.198216 0.0320278 0.00540879 0.000239875 
0.00718152 0.00509909 9.10599e-05 0.0996803 0.04694 0.0058545 0.0490623 0.00175813 0.267339 0.0154305 0.228786 0.0844032 0.144158 0.0203684 0.023848 
0.130282 0.0050772 5.82435e-07 0.0370747 0.0189335 2.86618e-05 0.000290088 0.00294386 0.481712 0.00118435 0.0708069 0.206671 0.0328764 0.00459611 0.00752224 
0.000879086 5.08267e-06 9.44506e-06 0.0263566 0.0570139 7.32987e-05 0.000918925 0.000548384 0.557226 0.00495699 0.214809 0.0962114 0.0366277 0.00409859 0.000265425 
0.00125881 0.000444244 2.58151e-05 0.159178 0.0170233 0.00041387 0.0106388 0.00193118 0.373428 0.00569461 0.0984425 0.295319 0.013055 0.0207948 0.00235158 
0.0286909 0.000238158 0.000164189 0.10299 0.0170662 0.000270739 0.0256501 0.000234069 0.577387 0.010815 0.048789 0.079691 0.092143 0.015457 0.000414109 
0.0301766 0.0284776 8.91383e-07 0.0368357 0.0446394 0.00141745 0.00506671 0.00447857 0.264651 0.00191064 0.0883004 0.220949 0.238403 0.00183562 0.0328568 
0.000120313 0.00454679 4.98994e-07 0.00759187 0.0947918 1.02148e-06 7.93719e-06 1.99873e-06 0.732755 0.00296242 0.0757529 0.000822036 0.0712468 9.53428e-05 0.00930375 
0.000406935 5.07734e-06 6.32122e-09 0.244643 0.0722554 1.76443e-07 0.000209959 5.95384e-06 0.539397 0.00461364 0.0869387 0.0187654 0.0275084 0.000995865 0.00425521 
0.000361731 1.99936e-06 0.000368773 0.165872 0.0667909 3.37882e-05 0.0458395 2.30522e-05 0.292743 0.0117142 0.0243609 0.102887 0.28826 0.000546853 0.000196433 
0.0878622 0.0147061 3.11167e-07 0.0466426 0.00121855 3.02272e-05 0.0085265 0.000979474 0.512646 0.00015526 0.00492021 0.0771192 0.209704 0.000161557 0.0353275 
0.0374175 0.0132364 3.86596e-05 0.0717486 0.00266984 4.59643e-07 0.0382 0.00105367 0.634861 0.000608867 0.021752 0.0461451 0.0486743 0.00180978 0.0817835 
0.0456157 0.0369979 0.00061719 0.0287717 0.00721344 0.00195521 0.0245229 0.00381203 0.424345 0.0240823 0.0685604 0.242651 0.0688614 0.0122559 0.00973819 
0.00746954 0.0193484 0.00101382 0.140743 0.076246 0.00213709 0.0305914 0.000588238 0.288041 0.0049859 0.10923 0.186863 0.110661 0.0137763 0.00830535 
0.00306633 0.00612044 1.2843e-05 0.0167576 0.0192827 0.000121846 0.000453723 0.0373107 0.658425 0.00221835 0.103393 0.0945189 0.0501241 0.00303788 0.00515645 
0.0315991 0.0159521 3.08984e-06 0.0440856 0.0336792 0.000593497 0.00214209 0.00365374 0.408544 0.00292605 0.129279 0.185917 0.0720931 0.0135086 0.0560236 
0.137997 1.26327e-05 4.73452e-06 0.159372 0.178647 0.00183477 0.00562391 0.000102842 0.205413 0.019205 0.0809079 0.178528 0.0277107 0.000555895 0.00408314 
0.0429031 0.0328181 1.55616e-05 0.0254339 0.0174851 3.72349e-05 0.00860676 0.00284506 0.514922 0.0356463 0.0472986 0.16552 0.0773705 0.00327264 0.0258253 
0.00127051 1.29891e-05 0.00015939 0.0454917 0.0147057 9.53531e-05 0.00686966 3.28988e-05 0.443854 0.00325359 0.259289 0.199754 0.0233036 0.00133041 0.000576788 
0.139759 0.00469691 2.4847e-05 0.0308508 0.00614507 1.90359e-05 0.0517142 0.000845506 0.466599 0.00156284 0.028104 0.244416 0.010047 0.000562581 0.0146536 
0.150197 0.00968384 2.83724e-08 0.168963 0.00963327 8.78134e-05 0.0288069 0.00187988 0.51545 0.0150799 0.0360671 0.037174 0.0101959 0.000221921 0.0165603 
0.0711225 0.0207443 6.7528e-05 0.0604127 0.0338028 0.000151241 0.0111524 0.00250476 0.207476 0.0770886 0.115383 0.202761 0.0267245 0.00657886 0.16403 
0.0144614 0.003002 9.88137e-07 0.033874 0.0540832 5.04625e-06 0.0689247 0.00210184 0.515788 0.000155804 0.0286235 0.122783 0.116728 0.0157148 0.0237538 
0.00332835 0.000126854 2.91947e-05 0.137775 0.0274724 0.000496519 0.0427531 5.5628e-05 0.407668 0.00566227 0.0305356 0.276283 0.012308 0.0164027 0.0391029 
0.0382535 0.00145333 3.13636e-06 0.0639785 0.0832183 0.00282562 0.00833427 0.0020747 0.426722 0.0267905 0.14233 0.105659 0.084079 0.00065801 0.01362 
0.000930347 1.83358e-05 0.000198786 0.145318 0.0732411 0.000125902 0.0530444 0.00340829 0.282704 0.0170585 0.0764789 0.187527 0.156277 0.000136531 0.00353296 
0.229282 0.0185195 9.07723e-07 0.00566526 0.107224 1.19618e-05 0.0246231 0.00739639 0.252726 3.88494e-05 0.0725462 0.0822495 0.0314032 0.000761282 0.167551 
1.19889e-05 1.91182e-06 0.000103032 0.0126734 0.000531271 1.47595e-09 0.00265231 1.04413e-05 0.979872 0.000315716 0.0022962 0.000944433 0.000564427 1.54788e-10 2.33038e-05 
0.000142623 1.48367e-05 2.70399e-05 0.0405304 0.0510527 0.0537933 0.0492834 0.000130046 0.620155 0.0824108 0.0407801 0.00469202 0.0319715 0.0233098 0.00170689 
0.00319025 0.00641195 3.57079e-07 0.0120831 0.0172475 8.76386e-05 0.000133304 0.0421832 0.697259 0.00142327 0.0823522 0.084586 0.0460476 0.00153395 0.00546058 
0.00220984 7.99942e-06 6.73654e-07 0.0129342 0.00481279 3.14075e-09 0.0394642 6.8327e-05 0.549415 0.012588 0.000202569 0.368964 0.00260737 1.83046e-05 0.00670652 
0.0367024 0.0215167 4.90134e-06 0.00573366 0.00902757 2.21261e-05 0.00209069 0.00447254 0.510032 0.0025603 0.0984488 0.249037 0.0347271 0.00983019 0.0157944 
0.00844324 0.000526981 0.000169057 0.186779 0.0817485 0.00193764 0.0348798 0.00137733 0.338224 0.00329386 0.0669494 0.186533 0.0526286 0.0115523 0.024957 
0.0248573 0.0125478 1.5175e-05 0.050077 0.0382433 0.000520352 0.00274456 0.00291091 0.364371 0.00684959 0.220414 0.155269 0.0653334 0.0112283 0.0446196 
0.000847531 2.36108e-05 0.00477619 0.102887 0.0333974 5.6016e-05 0.0127132 0.000325714 0.438388 0.00466281 0.262455 0.0453369 0.0891417 0.00461529 0.000373994 
0.000254979 5.7494e-07 3.33767e-06 0.00233444 0.192242 0.114722 0.00377155 2.28001e-06 0.61422 0.00369324 0.00323887 0.00218596 3.30391e-07 0.000220906 0.063109 
0.0843243 0.0350297 1.1096e-06 0.0339526 0.00718017 0.000944652 0.00336585 0.0201694 0.3418 0.0133092 0.16424 0.232695 0.0429153 0.00366883 0.0164033 
0.094367 0.0817636 8.22542e-06 0.0579672 0.0313313 0.000261421 0.00197855 0.00232786 0.344193 0.0221707 0.0659395 0.247549 0.0295091 0.000894085 0.0197394 
0.050935 0.0026477 9.33896e-06 0.0259967 0.0372041 1.21741e-06 0.105904 0.00243762 0.583429 0.00507638 0.024798 0.106768 0.0224845 0.00544274 0.0268655 
0.00289029 0.00225384 5.83551e-05 0.0671119 0.0798669 0.00020271 0.00568383 0.000965719 0.278631 0.0335774 0.209792 0.252702 0.0460699 0.014581 0.00561299 
0.0435442 9.17617e-05 0.000114515 0.121547 0.165652 0.000583917 0.0339685 5.48939e-05 0.20835 0.00674959 0.164258 0.132001 0.0284199 0.0845658 0.0100991 
0.0132596 0.0119059 3.41147e-06 0.0427465 0.0768411 3.75662e-05 0.00381738 0.000273479 0.532873 0.000815519 0.104733 0.135401 0.0719893 0.00344753 0.00185575 
1.70194e-05 8.11437e-06 0.000201733 0.00933267 0.0703066 0.000313727 0.028451 2.54198e-05 0.766147 0.0220546 0.0190543 0.0373589 0.0366466 0.00942987 0.00065277 
0.000601534 3.36033e-05 1.91246e-05 0.010115 0.0396712 0.0115986 0.0315605 1.93672e-05 0.670353 0.0140299 0.0611235 0.128808 0.0143119 0.0165086 0.00124616 
0.000403507 0.000445749 0.000322549 0.0306873 0.0187174 0.000206761 0.0313303 0.000462152 0.620315 0.0174882 0.172926 0.0875267 0.014215 0.0021685 0.00278442 
0.213773 0.0490742 4.76881e-07 0.0114882 0.00602903 0.0113731 0.0116864 0.00436056 0.276557 0.00203098 0.090841 0.228016 0.0351044 0.00273982 0.0569267 
0.0184315 0.0017425 0.000312871 0.135552 0.0380654 6.24109e-05 0.0162531 0.000700993 0.320429 0.0115492 0.275389 0.0630446 0.104646 0.00476127 0.00906119 
0.0126484 0.01018 0.00224547 0.0303979 0.0168705 4.93756e-08 0.0120026 0.000270067 0.75678 0.000359422 0.0076389 0.0451375 0.0866775 0.0110651 0.00772659 
0.00514629 0.00115515 0.00367241 0.159461 0.0643945 0.000276307 0.0695089 0.000513195 0.39868 0.012884 0.136231 0.0909464 0.0456345 0.00991983 0.00157646 
0.0922418 0.0752966 1.26592e-05 0.0403978 0.0404089 9.47306e-05 0.0169438 6.7852e-05 0.573493 0.00271151 0.0361785 0.060744 0.0111444 0.0151787 0.0350854 
0.000316765 1.92541e-06 5.19943e-06 0.0322345 0.000109995 3.81419e-06 0.0505915 5.1572e-07 0.87382 0.00270897 0.00350754 0.0164744 0.015856 7.77808e-08 0.00436902 
0.0316414 0.00266342 0.000615914 0.076072 0.0277853 0.0179465 0.0180241 0.000504489 0.342019 0.00300509 0.170806 0.152748 0.0771898 0.000745756 0.0782326 
3.32434e-07 2.87895e-07 1.6713e-06 0.013844 0.00431624 1.64187e-06 0.0323648 1.14169e-06 0.938505 3.74861e-07 0.00295914 0.00622852 0.00174294 1.72189e-07 3.33059e-05 
0.00144835 0.0025352 1.67067e-05 0.0280596 0.14969 2.26069e-05 0.00158034 2.58801e-05 0.539643 0.00670306 0.115717 0.0209102 0.124357 0.00233618 0.00695538 
0.191971 0.00288232 2.75789e-06 0.0344088 0.00863244 2.99715e-05 0.00027603 0.0146447 0.317031 0.00405482 0.0812791 0.273863 0.0596589 8.59795e-05 0.0111791 
0.0160872 8.5848e-05 5.06125e-08 0.0439275 0.25033 0.0014529 0.0382774 2.41212e-05 0.267894 0.00417437 0.252796 0.061222 0.00431796 0.0587795 0.000631995 
0.000834747 1.28273e-06 2.3881e-06 0.0147955 0.00268191 6.89551e-05 5.73252e-05 0.000297746 0.697631 0.000942648 0.00326117 0.186321 0.0325849 0.00204411 0.0584758 
0.00868757 0.000639608 1.1037e-06 0.11666 0.00568905 5.80502e-05 0.00340181 0.0011785 0.578932 0.0220372 0.218119 0.0315812 0.006741 0.00434971 0.00192412 
0.0451904 0.000563015 0.000269976 0.247459 0.0581196 0.0115982 0.0422957 0.00378803 0.402158 0.0135753 0.087954 0.0447599 0.026722 0.00320371 0.0123434 
0.0530633 0.00531793 2.07989e-05 0.0445271 0.0761066 0.00223167 0.00016496 0.00130316 0.235063 0.0912523 0.0689992 0.206813 0.0496582 0.0010776 0.164401 
0.00776234 6.92449e-05 0.00400857 0.100375 0.0202486 0.00011664 0.140993 0.00212389 0.28097 0.0187301 0.0509916 0.262726 0.108214 0.00225095 0.000419089 
1.37286e-05 0.000159609 1.28082e-06 0.00473106 3.1143e-05 1.25827e-06 0.00953995 8.74944e-07 0.981231 3.48814e-05 0.00121108 0.000203467 0.00282696 1.31959e-07 1.31502e-05 
0.0518185 0.0269214 1.67837e-05 0.0422371 0.181361 0.00781083 0.00446685 0.00269467 0.288737 0.0330832 0.188735 0.0707344 0.0792609 9.66514e-05 0.0220254 
0.00853446 0.00266586 4.42682e-05 0.172483 0.00967543 2.0761e-05 0.0488901 0.0076606 0.474145 0.000110438 0.0432417 0.0383839 0.0587658 0.000627742 0.134751 
0.0697553 0.000212749 4.02681e-06 0.00639641 0.00418263 0.0104835 0.00169419 3.17825e-09 0.804581 1.04355e-09 0.0316209 0.0240971 0.0469723 4.79342e-10 1.5192e-07 
0.0112156 0.00740189 6.99069e-07 0.0030636 0.00527055 0.0205488 0.0407044 0.0032898 0.469106 0.00175246 0.0771148 0.289264 0.0178644 0.000477149 0.0529251 
0.0312639 0.006854 4.47668e-05 0.0623868 0.0405082 0.000197848 0.0117086 0.00631548 0.314523 0.0039326 0.187112 0.178708 0.119893 0.00745554 0.0290968 
0.0166507 0.000268812 0.000244009 0.182195 0.078241 0.0114947 0.14755 0.00073199 0.213617 0.0340572 0.0762667 0.138358 0.0534141 0.0295911 0.0173187 
0.000273589 4.39045e-05 2.10588e-05 0.0472596 0.0554013 0.00142716 0.0608971 5.85313e-05 0.556831 0.0117858 0.039547 0.157009 0.0615832 0.00642087 0.00144103 
0.00883681 5.36822e-05 9.36722e-05 0.12153 0.0478029 0.0039654 0.0102234 0.00406783 0.390921 0.00328049 0.0779335 0.0905278 0.168159 0.0061409 0.0664632 
0.0558888 0.0193666 0.0113931 0.018292 0.0255379 2.01318e-07 0.0155886 0.000174981 0.474285 0.000893711 0.035495 0.144424 0.0719684 0.0776577 0.049034 
0.00736911 3.92172e-05 1.26583e-05 0.123817 0.0691787 2.46641e-05 0.000841696 3.08089e-05 0.358072 0.0305649 0.188054 0.121668 0.0690684 0.0288456 0.00241345 
0.00118425 5.06675e-07 8.40078e-07 0.0875553 0.0249468 6.51418e-05 0.152781 3.00105e-08 0.662218 0.00808072 0.0247637 1.89624e-06 0.0372296 0.000155677 0.0010167 
0.176617 0.0435016 8.54533e-05 0.0184141 0.00257447 3.89727e-05 0.0350076 0.00178928 0.337843 0.000773872 0.0831017 0.239955 0.0259395 0.0109109 0.0234486 
3.73566e-07 5.55496e-07 4.76793e-07 0.285262 0.0548813 3.26601e-06 7.77246e-09 1.86724e-06 0.560472 0.00368871 0.0437586 0.0150285 0.0287821 0.000257772 0.00786335 
0.0001542 5.43092e-05 0.000154566 0.0352063 0.0544872 0.000972825 0.000224692 0.000896674 0.632357 0.006534 0.182119 0.0110525 0.064349 0.00507854 0.00635942 
0.0209653 0.0794806 2.48248e-05 0.056433 0.0502328 7.67437e-05 0.161464 0.00104358 0.519075 0.0101992 0.0469456 0.0152356 0.0102857 0.00866509 0.0198732 
0.0112156 0.00740189 6.99069e-07 0.0030636 0.00527055 0.0205488 0.0407044 0.0032898 0.469106 0.00175246 0.0771148 0.289264 0.0178644 0.000477149 0.0529251 
0.0192368 2.36778e-05 4.14658e-05 0.11674 0.0748977 0.0149981 0.0783576 3.15367e-05 0.428448 0.0071097 0.114132 0.0645057 0.0518132 0.0285946 0.00107008 
0.015076 0.0226051 2.97687e-06 0.0172241 0.0446366 0.000831448 0.00364471 0.00519244 0.462679 0.00947057 0.0226097 0.0942624 0.11297 0.0760074 0.112788 
0.055895 0.0612799 2.51598e-05 0.0245169 0.0202753 0.00640173 0.000346285 0.00719941 0.277142 0.00125071 0.112947 0.222441 0.165642 0.00109903 0.0435374 
0.0431036 0.0235616 1.91687e-06 0.0264548 0.000375473 1.11362e-06 0.000814636 0.00290395 0.70344 0.000196121 0.0502138 0.102149 0.0262207 0.000736656 0.0198265 
0.00144345 9.3991e-06 9.0561e-06 0.162533 0.0171962 0.00407922 0.0140112 2.1825e-05 0.605033 0.00162344 0.0531717 0.034415 0.00558317 0.0088323 0.0920378 
0.0513416 0.00160847 0.00982294 0.025273 0.079724 0.000441943 0.00793453 0.00230202 0.465589 0.00177891 0.0842849 0.184218 0.0621597 0.0176344 0.00588661 
0.0358526 0.0023321 4.50193e-06 0.015383 0.00831747 0.00046966 0.00240113 5.87645e-05 0.657961 0.000553593 0.0309613 0.23104 0.00509559 0.00884923 0.000719807 
0.0545917 7.30765e-05 6.01187e-05 0.162929 0.0211744 0.0036883 0.0230406 0.000377956 0.322114 0.00151125 0.106043 0.114603 0.148894 0.0189333 0.0219671 
0.0772387 0.00604534 2.53309e-05 0.024705 0.0211582 0.000377369 0.0257647 0.00206406 0.431883 0.00122023 0.0170519 0.0800627 0.0863535 0.00162538 0.224424 
0.0306108 0.00317485 1.99994e-06 0.0105258 0.0185497 5.13851e-06 5.87087e-05 0.0195246 0.512536 0.00225064 0.141486 0.15651 0.0643864 0.00220863 0.0381703 
0.00113627 0.000104892 6.09416e-05 0.0832086 0.0548604 2.12496e-05 0.00422681 8.90053e-05 0.423608 0.00246846 0.0729807 0.248163 0.0412817 0.000774313 0.0670153 
0.061163 0.00525158 4.08474e-05 0.0424514 0.0251686 0.000363962 0.00104861 0.00684817 0.547268 0.00468805 0.0748178 0.126516 0.0397801 0.00196681 0.0626275 
0.00382764 0.000205374 8.57802e-06 0.0609164 0.0617481 0.00481098 0.0798107 0.00152648 0.354773 0.0150051 0.0540633 0.301306 0.0272804 0.0270964 0.00762123 
0.0341802 0.00545777 1.84993e-05 0.0317453 0.0245768 0.000493158 0.000360869 0.00446671 0.418231 0.0386687 0.22321 0.11901 0.0816817 0.0105158 0.0073833 
0.0253793 0.0054354 5.61437e-08 0.012511 0.00969677 0.000909671 0.00291562 0.00231304 0.692717 0.0010269 0.0493544 0.0639851 0.0799174 0.000340519 0.053498 
0.00220984 7.99942e-06 6.73654e-07 0.0129342 0.00481279 3.14075e-09 0.0394642 6.8327e-05 0.549415 0.012588 0.000202569 0.368964 0.00260737 1.83046e-05 0.00670652 
0.00666462 0.0101529 3.58452e-05 0.0145182 0.00385292 7.75623e-05 0.122434 0.00189079 0.494861 0.00325018 0.022621 0.257556 0.0124768 0.000171315 0.0494364 
0.00774914 2.91014e-05 8.94905e-05 0.0592656 0.310533 0.00124879 0.025714 0.000121385 0.385975 0.0291505 0.0207248 0.122869 0.00577619 0.0285226 0.00223108 
0.057296 0.0229727 2.35314e-06 0.0300437 0.0311959 0.000227468 0.00178422 0.0106081 0.368607 0.00414271 0.0726297 0.30013 0.0542416 0.00139625 0.0447218 
0.00141176 0.000678549 4.07362e-05 0.102236 0.0122711 0.0117015 0.282317 2.10023e-05 0.353488 0.0114497 0.071133 0.0237103 0.126119 0.00338242 4.04769e-05 
0.00220984 7.99942e-06 6.73654e-07 0.0129342 0.00481279 3.14075e-09 0.0394642 6.8327e-05 0.549415 0.012588 0.000202569 0.368964 0.00260737 1.83046e-05 0.00670652 
0.234024 0.0037827 6.76237e-08 0.0246399 0.0120099 2.2459e-05 0.0092291 0.00613793 0.355162 0.000664872 0.0154101 0.248478 0.0460151 0.00034063 0.0440828 
0.0193581 0.00398823 5.15333e-07 0.0375244 0.0596106 0.00169945 0.0388372 0.00131185 0.268662 0.0125084 0.197286 0.197908 0.120187 0.0124472 0.0286704 
0.00767179 3.57941e-05 1.92599e-08 0.039014 0.031406 2.93308e-09 0.00550482 6.77673e-06 0.704089 0.0022649 0.0203939 0.157264 0.0256913 3.10468e-08 0.00665806 
0.0259019 0.00279907 2.7087e-05 0.080585 0.0631306 0.00108278 0.109517 0.00110915 0.420796 0.000274861 0.0506614 0.0706988 0.159986 0.00214406 0.011286 
0.000465874 2.90595e-05 0.000278761 0.0470452 0.0232222 0.00580247 0.0321215 0.000168737 0.650555 0.000533964 0.0356609 0.194035 0.00929449 0.000255612 0.000531342 
0.0122674 0.00264734 5.34764e-06 0.290399 0.0364756 1.61339e-05 0.0222528 0.000233196 0.377903 0.00910715 0.144011 0.0546191 0.0182035 0.0153709 0.0164883 
0.034703 1.17656e-05 9.20784e-07 0.0277492 0.0313801 0.000155674 0.00340318 0.00222304 0.425823 0.00919578 0.0921494 0.316612 0.0488107 0.0015859 0.00619633 
0.0540665 0.0957706 6.08318e-05 0.136509 0.0547286 0.00034794 0.0137012 0.00205086 0.251163 0.0222152 0.136036 0.071612 0.118619 0.00679631 0.0363239 
0.00592993 0.00329404 5.83963e-06 0.139475 0.0629551 7.41199e-06 0.0931846 0.000309101 0.519137 0.0677088 0.0722305 0.00924369 0.00643249 0.0146415 0.00544425 
0.00241357 0.0355117 3.0035e-05 0.124053 0.0569616 6.19727e-05 0.00127969 0.000130269 0.497272 0.0221871 0.181703 0.0232796 0.0434234 0.00535761 0.00633614 
0.00583633 0.00064749 3.12289e-06 0.0872052 0.0578921 4.76746e-05 0.138462 0.000111516 0.244873 0.0400239 0.241195 0.133994 0.0222652 0.0043435 0.0230998 
0.0992419 0.0918457 2.61187e-05 0.0640986 0.0488587 0.0208165 0.00837887 0.000282321 0.299011 0.00714397 0.153231 0.134244 0.0508081 0.00693205 0.015081 
0.00100714 7.69273e-07 2.07312e-05 0.0639085 0.0352063 1.0878e-05 0.0211951 0.0304971 0.581966 0.00439289 0.0344049 0.209563 0.0105509 0.00199523 0.00528046 
0.000670219 4.31791e-05 0.00026269 0.078848 0.0277704 0.000370907 0.00486002 0.000335351 0.578831 0.0159731 0.14632 0.0829101 0.00983018 0.047983 0.00499194 
0.0314053 0.0287144 1.36804e-06 0.0245342 0.0320678 7.82596e-06 6.7603e-05 0.0712428 0.254249 0.0063582 0.208133 0.231783 0.103326 0.000402998 0.00770734 
0.00332835 0.000126854 2.91947e-05 0.137775 0.0274724 0.000496519 0.0427531 5.5628e-05 0.407668 0.00566227 0.0305356 0.276283 0.012308 0.0164027 0.0391029 
0.0181847 3.59545e-06 4.77478e-07 0.115257 0.0762492 0.000113961 0.0131203 0.00188742 0.251822 0.0854635 0.248529 0.163147 0.0146284 0.00921172 0.0023817 
0.0112156 0.00740189 6.99069e-07 0.0030636 0.00527055 0.0205488 0.0407044 0.0032898 0.469106 0.00175246 0.0771148 0.289264 0.0178644 0.000477149 0.0529251 
0.0680822 5.92771e-05 2.01358e-08 0.0568217 0.0766218 0.00477353 0.245451 2.02029e-06 0.300456 0.000128649 0.00112251 0.112023 0.0212381 0.0415078 0.0717122 
0.000104736 2.94905e-06 0.000389039 8.55068e-05 0.0936801 0.0114564 0.0142361 3.76175e-05 0.402429 0.0252762 0.192481 6.33235e-05 0.259687 6.51996e-05 5.56965e-06 
0.00815664 0.000142158 0.000750874 0.0372843 0.0259642 6.2349e-05 0.00593831 7.33682e-05 0.681893 0.000709888 0.100416 0.104225 0.0247679 0.00587279 0.00374283 
0.0604872 0.00277925 3.05246e-06 0.0247565 0.0418357 3.43268e-05 0.0960935 0.00311204 0.250686 0.0261591 0.0324015 0.214497 0.00678968 0.0310342 0.209332 
0.0106 0.00450389 1.61659e-05 0.00656626 0.00300776 4.08038e-05 0.000614185 0.00129949 0.701354 0.00149862 0.0988775 0.078067 0.0738499 0.00387502 0.015829 
0.0358526 0.0023321 4.50193e-06 0.015383 0.00831747 0.00046966 0.00240113 5.87645e-05 0.657961 0.000553593 0.0309613 0.23104 0.00509559 0.00884923 0.000719807 
0.000287836 5.2293e-05 6.31569e-07 0.0775619 0.142036 0.00599372 0.0227647 0.00218092 0.346203 0.00477629 0.148847 0.104023 0.0737587 0.0649877 0.00652636 
0.0358526 0.0023321 4.50193e-06 0.015383 0.00831747 0.00046966 0.00240113 5.87645e-05 0.657961 0.000553593 0.0309613 0.23104 0.00509559 0.00884923 0.000719807 
0.0244883 0.00628781 1.34526e-06 0.0231582 0.0131998 1.21157e-05 0.1176 0.00196281 0.557949 0.00203286 0.0209378 0.181178 0.0164299 0.000219956 0.0345423 
0.000101156 1.44195e-05 0.000159509 0.0834913 0.016819 6.22272e-05 0.0549137 8.46084e-05 0.625285 0.0175589 0.0690515 0.0711762 0.0584277 0.000424988 0.00243003 
0.0342982 0.101684 3.18991e-06 0.0277814 0.000898794 0.000160238 0.010987 0.00306798 0.496964 0.000615119 0.0510659 0.194882 0.0409433 0.000551454 0.0360971 
0.087863 0.000142246 0.000780261 0.0965407 0.0975283 0.000742172 0.0389149 0.000487844 0.320343 0.0031065 0.134058 0.197388 0.0171624 0.00191763 0.00302461 
0.0102458 0.0114478 8.28007e-06 0.0388322 0.000722527 1.85976e-05 0.00064039 0.00351702 0.471516 0.000154535 0.0962081 0.150664 0.145058 0.000639505 0.0703277 
0.0116686 0.000764148 9.29983e-05 0.0812005 0.0595388 3.30056e-05 0.0338659 0.00359654 0.417184 0.00754446 0.0550523 0.232337 0.0765386 0.015021 0.00556259 
0.00320289 0.00662584 0.000125645 0.0802009 0.009514 6.24207e-05 0.0156802 7.18835e-05 0.319461 0.00951062 0.0978373 0.267725 0.17771 0.0104624 0.00180914 
0.0937734 0.0206623 7.06986e-05 0.0512256 0.0101196 7.1086e-05 0.0234641 0.170271 0.279536 0.00333658 0.040615 0.232706 0.0259453 0.011563 0.0366402 
0.00201423 0.000402929 4.33434e-06 0.14693 0.0495885 6.07626e-05 0.0121046 0.000285602 0.496648 0.0130078 0.156481 0.0472949 0.0544835 0.0182811 0.0024124 
0.00564175 1.05955e-05 7.13305e-06 0.0402544 0.000730705 6.81105e-05 0.0125999 5.23162e-06 0.925996 6.2354e-06 0.000295544 0.0138529 0.0003161 2.37697e-06 0.000213232 
1.86931e-06 3.47555e-05 2.30486e-06 0.27247 0.0976948 0.00656887 0.0111726 8.68252e-06 0.373761 0.0114308 0.0629462 0.0797671 0.0442123 0.0397282 0.000199904 
0.00462887 3.8319e-06 0.000315521 0.0822505 0.12261 0.00394211 0.0438639 0.000161591 0.409412 0.0114316 0.0468172 0.187133 0.0461768 0.0349178 0.00633575 
0.000271897 3.90804e-06 8.13623e-05 0.0401576 0.010786 0.000194832 0.00644965 0.286482 0.42397 0.00616614 0.0925012 0.112956 0.015894 0.00285393 0.00123134 
0.0126467 1.33472e-06 2.54509e-06 0.012428 0.0777865 0.0011261 0.00309435 0.000570478 0.401108 0.0730976 0.278782 0.12122 0.015702 0.00135584 0.00107877 
0.0290164 0.000701688 8.02457e-05 0.164028 0.115412 0.000101462 0.00741093 4.11136e-05 0.444496 0.0535604 0.132341 0.0249948 0.0136957 0.00433371 0.00978683 
0.00460167 1.68509e-05 6.19559e-05 0.210245 0.0131583 0.000340487 0.102483 1.08211e-06 0.280596 0.00858556 0.0294263 0.241024 0.059405 0.0228323 0.0272231 
0.00302119 1.78533e-06 1.7906e-07 0.106111 0.0470072 5.66339e-05 0.239139 6.69346e-06 0.44595 0.010417 0.00959346 0.00252545 0.135036 2.26827e-07 0.00113453 
0.0379111 0.00897791 2.17369e-05 0.0563242 0.153972 0.00118495 0.0151735 0.00224736 0.304903 0.0287716 0.0802373 0.0965774 0.172255 0.00373908 0.0377035 
0.00257361 0.000226077 4.95305e-06 0.020729 7.72205e-05 1.06268e-06 0.00526738 0.00015133 0.315275 2.37569e-05 0.295389 0.29309 0.0638673 0.000474444 0.0028503 
0.0116448 0.00299992 8.68981e-05 0.0739631 0.086412 0.00119209 0.00351049 0.00116857 0.445908 0.0224996 0.145618 0.101086 0.0611594 0.0313849 0.0113656 
0.0311374 0.0289712 6.02621e-06 0.0504957 0.152836 2.57324e-05 0.0032329 0.00134329 0.346463 0.00516582 0.239749 0.0706967 0.0526218 0.00645028 0.0108058 
0.00363767 1.88415e-05 0.000315583 0.0868362 0.308645 0.00260781 0.0251469 0.0183014 0.311546 0.0148797 0.100685 0.0466277 0.0613659 0.0191562 0.000229595 
0.00558464 1.99641e-05 4.99691e-06 0.138316 0.0168098 1.93533e-05 0.00719012 3.66456e-06 0.78813 8.04945e-05 0.00766886 6.09718e-05 0.035809 9.35897e-05 0.000207887 
0.0431036 0.0235616 1.91687e-06 0.0264548 0.000375473 1.11362e-06 0.000814636 0.00290395 0.70344 0.000196121 0.0502138 0.102149 0.0262207 0.000736656 0.0198265 
0.00701457 1.0997e-05 4.27051e-06 0.0211633 0.00711281 0.000806592 0.0552228 0.000533774 0.753198 0.0160417 0.0103987 0.104556 0.00604785 4.65689e-05 0.0178426 
0.0372008 0.012602 5.99901e-06 0.0577947 0.0281872 0.000213311 0.00148735 0.0037028 0.333982 0.00517403 0.151801 0.175955 0.149291 0.0215259 0.0210776 
0.0354939 0.00231612 0.000351119 0.0878465 0.0120627 2.04645e-05 0.00208694 0.00105823 0.43329 6.94622e-05 0.0566011 0.340189 0.0143453 0.000963117 0.013306 
0.000503606 6.1028e-06 0.000140496 0.0680187 0.00788504 0.00026731 0.000819569 9.24744e-05 0.607993 0.001713 0.249157 0.042888 0.0199445 0.000474852 9.66037e-05 
0.00677866 0.00370646 1.05639e-05 0.0259641 0.127313 3.02896e-05 0.00275488 2.98488e-05 0.713995 0.107441 0.00220846 0.00529306 0.00189234 0.000305435 0.0022769 
0.000109174 7.86695e-07 2.1148e-05 0.112497 0.0770019 0.000420445 0.00360875 0.0020757 0.501551 0.0170597 0.044152 0.156041 0.066628 0.0168863 0.001947 
0.0303788 0.00118001 4.80533e-06 0.0243989 0.0333489 6.02476e-05 0.00171281 0.0024693 0.355625 0.066746 0.315253 0.139013 0.0105314 0.0145352 0.00474258 
0.0174772 0.00383685 1.33895e-06 0.046632 0.0638811 0.000119016 0.0192663 0.0709439 0.510696 0.00773107 0.102903 0.083324 0.056077 0.00967743 0.00743379 
0.000856887 3.42837e-05 0.000193251 0.132744 0.0231897 3.21611e-05 0.0157531 0.000422819 0.37519 0.0049776 0.145572 0.255084 0.0110119 0.0268114 0.00812628 
0.0198603 9.01475e-06 0.000221304 0.205234 0.0464602 0.000212525 0.0335485 0.000595128 0.355598 0.0260734 0.157128 0.119424 0.0182054 0.0171054 0.000325426 
0.139667 0.00041161 1.8171e-09 0.0437598 0.0499991 1.78511e-09 0.0882977 3.21178e-05 0.510405 0.0390958 5.35219e-06 0.0870668 0.00365716 1.87211e-10 0.0376026 
0.0199435 0.118403 0.000103868 0.140031 0.0149321 9.77932e-05 0.0204306 7.94658e-05 0.365594 0.121273 0.125599 0.0359974 0.0329752 0.00154499 0.00299392 
