0.663075 0.00059829 0.119406 0.0114676 0.0608042 0.144649 
0.532541 8.26094e-05 0.0723472 0.0693985 0.0415385 0.284092 
0.55299 0.00437881 0.0167269 0.032503 0.320617 0.0727843 
0.839592 7.24768e-06 0.00642314 0.000557791 2.23043e-05 0.153398 
0.966494 0.00061383 0.00892793 0.00494107 0.00540697 0.0136166 
0.840665 0.00644701 0.0546618 0.0271459 0.00616079 0.0649194 
0.819239 0.000257658 0.15301 0.00197133 0.0101017 0.0154206 
0.684738 0.000299408 0.153075 0.0134404 0.0987039 0.0497434 
0.817876 0.0322398 0.00706511 0.0211639 0.00500399 0.116651 
0.533299 0.00235633 0.194388 0.000317773 0.0107373 0.258901 
0.515056 0.218319 0.208941 0.00470751 0.0129438 0.0400329 
0.433104 0.156488 0.354463 0.00275159 0.0117578 0.0414356 
0.741276 0.00161775 0.0842753 0.0102252 0.0325244 0.130081 
0.845009 9.89027e-05 0.0998864 0.00265363 0.0159072 0.0364453 
0.842091 0.000112453 0.0691862 0.0109562 0.0124391 0.0652155 
0.446271 0.0992647 0.446066 3.70047e-06 0.00489034 0.0035043 
0.895998 1.08033e-11 0.0614411 4.86974e-07 5.13097e-07 0.04256 
0.796298 0.0657955 0.0505402 0.0181418 0.000221068 0.0690038 
0.55867 4.17519e-05 0.00783144 0.114246 0.2917 0.0275114 
0.602627 0.000707043 0.377483 0.000912095 0.00452348 0.0137477 
0.489331 0.00029199 0.304345 0.0536087 0.00646535 0.145958 
0.690062 0.00178159 0.154171 0.0157956 0.0127677 0.125422 
0.77997 9.78273e-06 0.0776501 0.0477036 0.0159173 0.0787489 
0.91904 1.63887e-06 0.00199695 2.99656e-05 0.0115271 0.0674046 
0.667888 0.021058 0.182652 0.00163389 0.000519478 0.126249 
0.980258 1.52258e-06 7.82517e-06 1.00339e-06 0.00167109 0.0180603 
0.492392 0.192012 0.0505149 0.000902534 0.157401 0.106777 
0.787228 0.0134345 0.0499514 0.00786773 0.111776 0.0297421 
0.865485 0.0108851 0.00510458 0.00678771 0.0369757 0.0747621 
0.903964 0.000968047 0.0475249 0.016236 0.00339173 0.0279149 
0.500939 0.00189772 0.258371 0.00386982 0.210264 0.0246593 
0.865169 6.0738e-05 0.00347712 0.0464482 0.0319016 0.0529433 
0.638326 1.85489e-05 0.00149009 0.000173142 0.310156 0.0498365 
0.689404 0.00198842 0.111866 0.015022 0.0300584 0.151661 
0.869358 0.00791256 0.00792272 0.0169219 0.0205496 0.0773356 
0.802338 0.001113 0.131454 0.00880899 0.00683631 0.0494498 
0.860406 0.000748235 0.0115068 0.0835857 0.00632119 0.0374325 
0.933382 1.91016e-05 0.0271274 0.000950799 0.00925733 0.0292629 
0.835575 0.000319704 0.0504928 0.0233886 0.0268367 0.0633867 
0.707349 0.000514055 0.163273 0.0465833 0.00143169 0.0808483 
0.6789 0.000804912 0.220987 0.00395929 0.0315849 0.0637641 
0.918407 2.15828e-05 0.0442299 0.000336926 8.54294e-09 0.0370041 
0.632751 0.000189553 0.2365 0.0187693 0.0370434 0.0747473 
0.55867 4.17519e-05 0.00783144 0.114246 0.2917 0.0275114 
0.999583 6.0871e-06 0.000261666 4.57545e-06 0.000126865 1.73469e-05 
0.447729 0.0120986 0.314 0.00715164 0.0515601 0.167461 
0.747722 0.00450095 0.181458 0.00471839 0.0326806 0.0289206 
0.752901 6.79446e-10 0.0296984 4.9927e-06 0.217171 0.000224473 
0.774961 0.00029712 0.180485 0.00439644 5.4344e-05 0.0398055 
0.847793 2.91349e-05 0.0803568 0.00136873 0.00103463 0.0694179 
0.620487 0.00197756 0.303295 0.0217491 0.0370336 0.0154571 
0.511373 0.0245381 0.374399 0.000163223 0.0167915 0.0727347 
0.934714 1.26363e-05 0.00197476 0.0182489 0.0363137 0.00873651 
0.928894 0.000525948 0.00444188 0.0214876 0.00242411 0.042226 
0.811602 0.000876209 0.0959419 0.0124934 0.000495221 0.078591 
0.681545 0.000481112 0.168761 0.00745805 0.0369049 0.10485 
0.696058 0.0212098 0.216108 0.003829 0.0239168 0.0388786 
0.884692 3.57347e-05 0.00116295 0.0071873 0.0164996 0.0904229 
0.499098 0.119017 0.215098 0.100165 0.0229548 0.0436674 
0.895096 5.27907e-05 0.00171771 0.00338398 0.00138807 0.0983617 
0.895085 4.0083e-05 0.0109703 0.024622 0.014174 0.0551086 
0.521979 0.00270496 0.248806 0.00998158 0.00277812 0.21375 
0.321935 0.260571 0.30339 0.0347535 0.00820654 0.0711447 
0.623652 0.00143301 0.270812 0.00865193 0.0187407 0.0767104 
0.84391 0.000216816 0.0443173 0.0147696 0.0236865 0.0730999 
0.868106 0.00574211 0.0298969 0.0167768 0.0176262 0.061852 
0.777395 0.00615992 0.0754995 0.0325364 0.00476215 0.103647 
0.769274 0.117101 0.052642 0.0108747 0.00217018 0.047938 
0.924237 2.09815e-08 0.0125791 0.00137262 9.57555e-05 0.0617158 
0.785435 0.000196641 0.0177147 4.39974e-08 0.0135021 0.183151 
0.634594 0.00803918 0.0748983 0.0211895 0.130565 0.130714 
0.926615 0.00493007 0.0356639 0.00176544 0.000317035 0.0307086 
0.940139 3.74693e-05 0.0256224 0.000940295 0.000456478 0.032804 
0.887136 8.66041e-05 0.00739516 0.0220442 0.00684127 0.0764968 
0.598664 1.65995e-05 0.19601 0.0587041 0.00885511 0.137749 
0.873128 2.28611e-09 0.00458622 0.0012152 0.105111 0.0159592 
0.880315 0.0614723 0.0243263 0.00705701 0.000799025 0.0260308 
0.535783 0.410864 0.0243589 0.00584267 0.000685812 0.0224657 
0.765028 0.0590561 0.171045 3.40402e-06 0.00124777 0.00362006 
0.546786 8.8804e-05 0.0289991 0.00592189 0.00366834 0.414536 
0.55867 4.17519e-05 0.00783144 0.114246 0.2917 0.0275114 
0.46701 0.0321874 0.326339 0.00356768 0.003937 0.166959 
0.623652 0.00143301 0.270812 0.00865193 0.0187407 0.0767104 
0.576128 5.94841e-07 0.125071 0.0126094 0.00200872 0.284182 
0.435514 0.112898 0.248437 0.00170277 0.00532199 0.196127 
0.892541 5.39761e-05 0.0227985 0.0373292 0.00625374 0.0410238 
0.748293 2.58085e-05 0.0198771 0.0204021 0.000651099 0.210751 
0.891342 0.000151819 0.00875991 0.00190497 0.0406 0.0572417 
0.906481 5.64337e-05 0.0343205 0.00329355 0.00329872 0.0525494 
0.619047 0.00186551 0.0242923 0.0105175 0.319166 0.025111 
0.802758 5.76978e-05 0.0386563 0.00052007 0.00102353 0.156984 
0.44545 0.00200418 0.318156 0.0058282 0.0380046 0.190557 
0.904328 2.1741e-05 0.0023827 0.00863711 3.41242e-06 0.0846269 
0.887484 0.000350956 0.0112882 0.0343449 0.0432888 0.0232432 
0.964035 0.000240365 0.00858904 0.00411144 0.00675748 0.0162664 
0.570383 0.0214832 0.152317 0.0395439 0.171955 0.0443184 
0.42533 0.103069 0.372488 0.0217445 0.00295815 0.0744098 
0.952569 3.29762e-05 0.0128769 0.000200981 0.000968924 0.0333512 
0.65185 0.000301836 0.307681 5.15083e-07 0.00172882 0.0384379 
0.929974 1.65396e-05 0.0186243 0.000656447 0.0218863 0.0288421 
0.831491 0.000115689 0.0258164 0.0162583 0.0771926 0.0491265 
0.761124 1.15438e-05 0.0363883 0.0481441 0.000109376 0.154223 
0.836373 0.000130938 0.0598507 0.027959 0.0083566 0.0673294 
0.508891 0.00302081 0.474622 4.37581e-05 0.0134051 1.75349e-05 
0.902164 0.0518936 0.0139148 0.000284395 0.012843 0.0189006 
0.818246 0.000218729 0.0848888 0.0139558 0.00232162 0.0803693 
0.722142 0.000116094 0.0867352 0.0682811 0.00730694 0.115419 
0.653951 0.000535959 0.119306 0.0128791 0.0509878 0.16234 
0.479633 0.000962953 0.359799 0.00404672 0.0255236 0.130035 
0.549952 0.000234618 0.287327 0.0273938 0.0142472 0.120846 
0.958569 8.45528e-09 0.0292368 0.00238203 0.00726397 0.00254803 
0.497272 0.00021612 0.350767 0.00176988 0.00323186 0.146743 
0.520848 0.000354064 0.0446204 0.00167106 0.367895 0.064612 
0.858621 0.000116538 0.0934517 0.00018443 0.00317638 0.0444503 
0.950317 0.000232755 0.0371756 0.00220872 0.00417114 0.00589504 
0.886718 0.000794611 0.00908081 0.000193377 0.00488465 0.0983288 
0.795724 0.0489535 0.0336127 0.00204271 0.0562997 0.0633678 
0.618216 0.000760952 0.142963 0.0798651 0.00101237 0.157182 
0.719231 0.0517035 0.130203 0.00453257 0.00362491 0.0907057 
0.728425 0.000285988 0.137026 0.0426539 0.00298953 0.0886198 
0.737435 0.00296556 0.0858885 0.0215741 0.077153 0.074984 
0.364317 0.16308 0.351861 0.0148491 0.00743503 0.0984576 
0.775696 0.000181174 0.170191 0.00644146 0.015263 0.0322275 
0.765953 0.000212402 0.0321256 0.048636 0.00877514 0.144298 
0.777752 0.00742814 0.0416479 0.0453127 0.00691467 0.120945 
0.846281 0.0963431 0.0260766 0.00685939 0.00358299 0.0208565 
0.858534 0.023668 0.0937305 0.000397975 0.000836713 0.0228327 
0.898121 1.25287e-05 0.00767861 0.00141558 0.000112071 0.0926606 
0.487317 0.191277 0.0639546 0.00252047 0.154863 0.100068 
0.943999 6.49239e-05 0.000639787 9.6144e-05 1.57949e-05 0.055184 
0.920039 0.0125772 0.0261605 0.00431214 0.000492937 0.0364185 
0.97068 5.91287e-08 0.00599741 0.0034891 0.00193108 0.0179028 
0.964654 9.41832e-05 0.00872014 0.00151405 0.0130436 0.0119741 
0.79811 0.0910666 0.022985 0.026038 0.0219604 0.03984 
0.833225 0.000713028 0.12293 0.00964423 0.00170239 0.0317853 
0.717257 0.000109009 0.061334 0.0310634 0.00297081 0.187266 
0.817449 3.90768e-05 0.0402847 0.0100701 0.0408847 0.0912728 
0.61928 0.127488 0.0685648 0.0370912 0.0218704 0.125706 
0.498314 0.000996623 0.402677 0.00122918 0.00645446 0.0903288 
0.615398 0.00291504 0.00656588 4.25963e-05 0.341362 0.0337163 
0.619569 0.0167174 0.228202 0.0211081 0.0190807 0.0953228 
0.669413 0.000532834 0.0564142 0.000615268 0.00302908 0.269996 
0.585609 0.000823183 0.101317 0.0435405 0.258348 0.0103618 
0.962893 0.000105762 0.000634285 1.42603e-05 0.0351547 0.00119795 
0.810781 0.00196712 0.0579792 0.0147852 0.0289907 0.0854965 
0.629068 0.00232974 0.291201 0.02321 0.00886817 0.0453228 
0.9207 0.00554485 0.0018205 0.00296235 0.0213019 0.0476708 
0.46965 0.000431651 0.100377 0.15978 0.00787949 0.261881 
0.870766 0.000100576 0.00572072 0.00220336 0.00178014 0.119429 
0.55867 4.17519e-05 0.00783144 0.114246 0.2917 0.0275114 
0.809145 3.17194e-05 0.0436476 0.00744531 0.00848082 0.131249 
0.809027 0.00106358 0.097555 0.0248534 0.0453349 0.0221657 
0.55867 4.17519e-05 0.00783144 0.114246 0.2917 0.0275114 
0.506321 9.4539e-05 0.037159 0.0152559 0.0805155 0.360654 
0.92213 0.0232583 0.034339 0.000209755 5.43087e-05 0.0200089 
0.945131 3.54208e-05 0.00601459 0.000143718 0.0392805 0.00939526 
0.893836 0.000114142 0.00780217 0.00369329 0.0189617 0.0755928 
0.462676 3.69259e-05 0.0419141 0.000486737 0.0405204 0.454365 
0.472372 0.000119101 0.306017 0.0504061 0.00776681 0.163319 
0.792056 6.46075e-05 0.0514303 0.0191017 0.0129648 0.124382 
0.793397 0.00174047 0.0195774 0.044074 0.0979919 0.0432189 
0.419264 0.0273426 0.117764 0.0215159 0.348424 0.0656898 
0.781975 0.00033683 0.0151027 0.0055389 0.168491 0.028555 
0.507336 0.000591092 0.321626 0.0717206 0.0196408 0.0790856 
0.775564 0.000101369 0.10337 0.0465154 0.000542043 0.0739071 
0.644469 3.85752e-05 0.328355 0.000885985 0.00381545 0.0224363 
0.740875 0.00556897 0.234793 0.00199055 0.000860937 0.015912 
0.831608 0.000141846 0.0200228 0.0649986 0.00807266 0.0751559 
0.669267 0.00209836 0.0311719 0.0154625 0.240626 0.0413744 
0.978746 0.000120045 0.00177071 0.00383773 0.00217052 0.0133549 
0.96605 0.000889813 0.0280389 0.000119999 0.000595851 0.00430495 
0.38463 0.00838181 0.201571 0.00209355 0.0221219 0.381202 
0.82834 0.000316117 0.0839808 0.00510094 0.0105102 0.0717514 
0.963264 5.32074e-05 0.00358777 0.000481761 0.0238101 0.00880273 
0.439055 5.83246e-05 0.332766 0.00566578 0.00287582 0.219579 
0.411103 0.00132996 0.209257 0.0585243 0.163173 0.156613 
0.436615 0.000833666 0.215384 0.00479439 0.260502 0.0818713 
0.818285 0.000126928 0.0952253 0.0329254 0.00187368 0.0515637 
0.652492 5.50876e-05 0.0576088 0.0462661 0.0294169 0.214161 
0.894439 5.92408e-09 0.0357498 0.000537468 0.00726436 0.0620098 
0.768167 0.000152318 0.0802649 0.000173666 0.0279622 0.12328 
0.750331 0.000827873 0.179409 0.0128367 0.0234344 0.033161 
0.768414 0.0961936 0.0467507 0.0345961 0.00206685 0.0519788 
0.948045 0.0369573 0.00818417 0.002718 0.00303528 0.00105994 
0.582646 0.000563506 0.364062 0.00911295 0.00737904 0.0362367 
0.55867 4.17519e-05 0.00783144 0.114246 0.2917 0.0275114 
0.923257 0.0114864 0.0298332 0.000924209 0.0147092 0.0197903 
0.937112 1.91655e-11 0.00279869 0.000158193 0.000902437 0.0590282 
0.521107 0.0014251 0.272374 0.0129464 0.000132781 0.192015 
0.665313 0.000907894 0.116012 0.000328688 0.00940008 0.208038 
0.700037 0.0441808 0.0082828 0.00752642 0.228667 0.0113058 
0.7866 0.00140896 0.15063 0.00105572 0.000322048 0.059983 
0.472065 8.95833e-05 0.398159 0.00399678 0.00100345 0.124687 
0.966801 0.000375196 0.000818019 0.00710323 0.0126644 0.0122384 
0.798304 4.46278e-05 0.0714575 0.020107 0.00738231 0.102705 
0.920152 0.000356448 0.0328082 0.000129229 0.000281169 0.0462732 
0.907748 0.0295536 0.0361841 0.00955079 0.00274602 0.0142179 
0.813585 0.00042361 0.107048 0.00164478 0.0110931 0.0662056 
0.888049 0.000370074 0.0805648 0.000551801 0.00399153 0.0264732 
0.771398 0.00514686 0.0505474 0.0368107 0.00510628 0.130991 
0.906963 0.000126826 0.0384874 0.00528497 0.00343843 0.045699 
0.92838 0.0048518 0.037841 0.00636794 0.00352746 0.0190321 
0.711946 0.11491 0.0436813 0.0978068 0.00307984 0.0285757 
0.835676 0.00652439 0.0564953 0.0780153 0.00326116 0.0200274 
0.723645 0.00390736 0.0131574 0.0474162 0.00233534 0.209539 
0.776142 0.000202895 0.0700814 0.00112524 0.00173939 0.150709 
0.945573 0.000145503 0.0514946 0.000523434 0.000600428 0.00166331 
0.518657 0.246743 0.152267 0.00780867 0.0484409 0.0260829 
0.838317 0.00800523 0.00409677 0.00632513 0.0039312 0.139324 
0.954505 0.000114274 0.00405667 0.00130012 0.0232079 0.0168164 
0.51057 0.00137831 0.308616 0.0166325 0.0325467 0.130256 
0.958946 0.000520794 0.024495 8.10635e-08 0.0105702 0.00546808 
0.737044 0.00644159 0.0905519 0.016248 0.10833 0.0413838 
0.89119 6.65041e-06 0.0375129 0.0312862 0.00993574 0.0300687 
0.995091 1.46369e-05 0.0013255 0.0012047 0.0008578 0.00150606 
0.90818 0.000114789 0.023853 2.37265e-05 0.0634676 0.00436094 
0.926692 2.82593e-05 0.0300578 1.3992e-05 0.000315516 0.042892 
0.830161 0.00917393 0.0263223 0.000483056 0.00134831 0.132511 
0.960373 9.23488e-05 0.0193746 0.00352882 0.00191801 0.0147129 
0.811961 0.00011875 0.0960478 0.0145355 0.00446727 0.0728702 
0.511409 3.74107e-06 0.0317009 0.001423 0.000123619 0.45534 
0.995584 1.15677e-11 1.2613e-06 2.73901e-06 1.01667e-08 0.00441206 
0.926615 0.00493007 0.0356639 0.00176544 0.000317035 0.0307086 
0.624791 0.0094084 0.0232522 0.000780191 0.315083 0.026685 
0.60455 0.000385009 0.339978 0.0160548 0.00145231 0.03758 
0.944442 2.32725e-05 0.0217608 7.63459e-05 2.20954e-06 0.033695 
0.930648 5.72586e-08 0.0346893 0.0180964 0.00120813 0.0153586 
0.809302 0.000857042 0.0755985 0.00227128 0.111557 0.000414767 
0.685051 0.004919 0.0783301 0.018871 0.0331973 0.179632 
0.90389 0.00362579 0.0322178 0.0048298 0.0070968 0.0483402 
0.390882 0.00357173 0.336331 0.010508 0.00130208 0.257405 
0.8421 0.00243182 0.0405713 0.0115733 0.0383785 0.0649456 
0.898143 0.000124846 0.0110328 0.00311732 0.00737706 0.080205 
0.920152 0.000356448 0.0328082 0.000129229 0.000281169 0.0462732 
0.565783 0.000546678 0.135621 0.00503796 0.00374508 0.289267 
0.872496 7.2746e-05 0.00697433 0.00208645 0.113441 0.00492983 
0.929778 0.000142974 0.010755 0.0179184 0.000686459 0.0407191 
0.731768 0.00622352 0.00862462 0.00233139 0.00168703 0.249365 
0.663668 0.00117927 0.0181422 0.0156502 0.277715 0.023646 
0.844046 6.69735e-05 0.0636992 0.0112191 0.01586 0.0651091 
0.663792 0.000318691 0.261099 0.00347123 0.00438424 0.0669351 
0.48843 0.00103274 0.374741 0.00451657 0.0296822 0.101598 
0.681893 2.21659e-05 0.127301 0.020729 0.0103415 0.159713 
0.996444 0.000711085 0.000711183 0.000711141 0.00071113 0.000711212 
0.874627 0.00419573 0.0506735 0.0120499 0.0204742 0.0379796 
0.82881 0.00282093 0.0435514 0.00937987 0.0264746 0.0889632 
0.774831 0.000522935 0.0162121 0.00674888 0.00910417 0.19258 
0.710035 0.000111608 0.141838 0.00482367 0.0648763 0.0783148 
0.912382 1.42587e-05 0.000607823 0.00855084 4.36116e-06 0.0784409 
0.9276 0.000144444 0.0191424 0.00439813 0.0036182 0.0450967 
0.796059 0.0932669 0.0212144 0.0293765 0.00854719 0.0515362 
0.800916 0.00290162 0.0172951 0.0184608 0.021476 0.13895 
0.844812 0.000121214 0.0758387 0.0166703 0.00456864 0.0579888 
0.811268 1.65266e-05 0.00177737 0.0170682 0.143803 0.0260671 
0.631502 0.000303972 0.188431 0.0363733 0.0366504 0.10674 
0.742163 0.00587466 0.142876 0.0307118 0.0241758 0.0541992 
0.711335 6.5298e-05 0.131436 0.00471895 0.00591285 0.146532 
0.620257 0.00103351 0.248281 0.0258732 0.0458486 0.0587069 
0.553972 6.75502e-06 0.0662508 0.0161397 0.0188903 0.34474 
0.727757 0.00106725 0.107986 0.00651887 0.106049 0.0506223 
0.794313 2.27831e-05 0.111366 0.0632504 0.000419298 0.0306284 
0.883254 3.80335e-05 0.0536108 0.00541901 7.81309e-05 0.0576005 
0.992068 0.000243039 0.000425309 3.67682e-05 0.00112989 0.00609685 
0.478949 3.04646e-05 0.0865242 0.000805984 0.000824134 0.432866 
0.966474 6.67241e-08 0.00404055 0.00251383 0.000271246 0.0266999 
0.734081 2.87783e-05 0.0703875 0.0402657 0.00338744 0.151849 
0.865503 0.000153884 0.116151 6.5609e-05 1.44568e-07 0.0181261 
0.921027 1.48034e-06 0.00216144 0.000600673 0.00460636 0.071603 
0.602053 0.24241 0.0412572 0.0381306 0.0201584 0.0559906 
0.827672 0.00688221 0.0324763 0.00113955 0.00758381 0.124247 
0.41119 1.67372e-07 0.0787539 0.000192083 0.106509 0.403354 
0.821236 0.068752 0.0682128 0.0232272 0.00185902 0.0167133 
0.77088 2.61976e-05 0.0526647 0.00193852 0.026577 0.147913 
0.865301 0.052115 0.01392 0.0259497 0.00396538 0.0387488 
0.71406 0.00114853 0.275035 0.000682099 0.00287133 0.00620268 
0.484223 0.000110498 0.326678 0.0842297 0.00637209 0.0983866 
0.871956 0.000101021 0.00194887 0.0365009 0.000424003 0.0890691 
0.461571 0.00042682 0.141625 0.00555418 0.000198667 0.390624 
0.882072 0.000213109 0.0440051 0.0185242 0.0119689 0.0432166 
0.538264 0.000164725 0.0210165 0.0455733 0.30258 0.0924015 
0.321813 0.200866 0.235986 0.00352735 0.182961 0.0548463 
0.842398 0.000514184 0.0186082 0.0366083 0.0241245 0.0777465 
0.496088 0.000127412 0.284828 0.00314986 0.02664 0.189166 
0.545082 0.000116353 0.327848 0.00952618 0.024749 0.0926786 
0.946411 9.99543e-06 0.0174221 0.000188936 0.000210865 0.0357567 
0.997408 9.11602e-05 0.00111126 0.00097592 7.53063e-05 0.000338415 
0.855801 0.00420726 0.0768818 0.015781 0.00797621 0.039353 
0.787456 0.000543032 0.0374805 0.0109177 0.10064 0.0629634 
0.831956 5.72513e-06 0.0390728 0.00619974 0.00553538 0.11723 
0.713981 0.0124639 0.178028 0.0473992 0.0309557 0.0171723 
0.495239 0.0050732 0.304147 6.1822e-07 0.0202099 0.17533 
0.849925 0.000178826 0.0205395 0.0103989 0.00761972 0.111338 
0.853684 0.0680113 0.0374523 0.000390413 0.00048242 0.0399798 
0.726305 0.000293982 0.148055 0.00655297 0.00609678 0.112696 
0.827121 0.000831954 0.129015 0.000706777 0.00523413 0.0370909 
0.515737 0.0583125 0.224795 0.0629326 0.0031874 0.135035 
0.800818 0.000365625 0.0230792 0.0042106 0.0087359 0.162791 
0.966671 0.000191504 0.00829146 0.0197837 0.000356957 0.00470518 
0.630747 0.000340691 0.148563 0.0192084 0.00119808 0.199943 
0.848376 0.000176787 0.0558611 0.0507556 0.00390525 0.0409256 
0.874517 0.000191476 0.00809742 0.00260023 0.0316466 0.0829478 
0.765856 0.00771521 0.0273983 0.00650846 0.116891 0.0756317 
0.967708 7.54639e-05 0.0109023 0.000136285 0.016139 0.00503882 
0.784169 0.124571 0.021664 0.0164777 0.00409308 0.0490254 
0.868498 0.0025967 0.0135731 0.00897184 0.0358185 0.0705424 
0.784583 0.0321428 0.1133 0.00485524 0.0522093 0.0129099 
0.605276 0.0144619 0.191521 0.00389984 0.0131839 0.171657 
0.854461 0.0935744 0.0207788 0.00788423 0.00111408 0.0221877 
0.851772 0.000403817 0.0121168 0.015793 0.095696 0.0242187 
0.461098 0.00061465 0.310666 0.0188384 0.051497 0.157286 
0.660238 0.00014917 0.285079 0.0211261 0.00848538 0.0249225 
0.969311 0.0153254 0.0152787 1.47547e-05 8.14951e-06 6.18132e-05 
0.62158 0.21092 0.0118884 0.110698 0.0157881 0.0291253 
0.661323 0.08051 0.0637952 0.0630055 0.00366838 0.127698 
0.55867 4.17519e-05 0.00783144 0.114246 0.2917 0.0275114 
0.845535 0.00982262 0.00752418 0.00614215 0.048359 0.0826166 
0.851038 3.7311e-05 0.017355 0.000319129 0.0502929 0.0809576 
0.808434 0.000758769 0.139806 0.000459398 0.0244769 0.026065 
0.747117 0.0059722 0.0732852 0.0284886 0.105735 0.0394019 
0.763303 4.01841e-05 0.0190145 0.0133375 0.00023991 0.204065 
0.635715 0.0138792 0.136797 0.048896 0.0173952 0.147318 
0.584337 0.00114147 0.376309 0.00678478 0.00531719 0.0261108 
0.584337 0.00114147 0.376309 0.00678478 0.00531719 0.0261108 
0.890921 0.0147576 0.0198476 0.0170621 0.013262 0.0441493 
0.920305 0.000349198 0.0213361 0.0115925 0.00631272 0.0401047 
0.708282 0.000381514 0.284012 9.22645e-08 0.000699647 0.0066253 
0.931297 0.000176961 0.00800599 0.0170244 0.000634103 0.0428616 
0.556288 0.000174069 0.106864 0.0809297 0.073849 0.181895 
0.705192 0.000474747 0.0373367 0.0279992 0.0482976 0.1807 
0.441337 0.00061389 0.423156 0.00901438 0.0243477 0.101531 
0.819672 0.055796 0.117284 7.32265e-05 0.00639726 0.000777644 
0.968047 0.000188685 0.0189835 0.000190325 0.00615562 0.00643537 
0.92196 0.00220399 0.0225226 0.00266638 0.00802159 0.0426259 
0.671377 0.000116594 0.0758225 0.00241499 0.0826365 0.167633 
0.728943 0.0504912 0.115136 0.00464551 0.0308931 0.0698915 
0.943416 5.33003e-08 0.00138164 0.000394705 0.0178691 0.0369385 
0.898165 6.76098e-05 0.0308873 0.00944576 0.00494836 0.0564856 
0.889648 0.000683962 0.0585222 0.00125596 0.00482816 0.0450613 
0.836927 0.00876342 0.0342585 0.0129255 0.00725145 0.0998741 
0.931297 0.000176961 0.00800599 0.0170244 0.000634103 0.0428616 
0.647804 3.49364e-06 0.0262094 0.0583004 0.0435023 0.224181 
0.880899 0.0496738 0.0260259 0.0127701 0.0139526 0.0166782 
0.829419 0.000596083 0.0814157 0.0139173 0.00113658 0.0735157 
0.824108 0.000435085 0.0891828 0.000697108 0.0126542 0.0729231 
0.620822 0.000169969 0.010524 0.0285714 0.0406299 0.299283 
0.899138 3.51347e-05 0.0553054 0.00680725 0.0029964 0.035718 
0.738547 0.000214483 0.0221269 0.00139744 0.00520217 0.232512 
0.966474 6.67241e-08 0.00404055 0.00251383 0.000271246 0.0266999 
0.668468 0.0329533 0.0177427 0.0119547 0.0985847 0.170296 
0.490244 6.39489e-05 0.11718 0.100972 0.137655 0.153884 
0.838712 1.51419e-11 0.00066626 7.65369e-07 0.0103089 0.150312 
0.844266 0.00279144 0.0365696 0.0252219 0.0221353 0.0690154 
0.859359 0.000328784 0.022499 0.0108475 0.00594285 0.101023 
0.768144 0.00524101 0.0548113 0.0215057 0.0962665 0.0540314 
0.898124 5.42981e-05 0.0295987 5.88671e-06 0.0336549 0.0385627 
0.807641 0.00331885 0.172024 0.000363267 0.00026688 0.0163861 
0.802268 0.000188212 0.0731452 0.0199156 0.0377695 0.0667131 
0.838294 0.00122379 0.0392726 0.0150877 0.0576802 0.0484419 
0.713123 0.000158131 0.0323079 0.0142027 0.149239 0.0909698 
0.612248 0.000101776 0.30281 0.00382631 0.0178553 0.0631582 
0.978883 7.05454e-05 0.00112706 0.00631956 0.000302197 0.013298 
0.749043 4.0381e-05 0.106655 0.00784572 0.000274928 0.136141 
0.853857 0.0203806 0.0569778 0.0274422 0.0122935 0.0290493 
0.904328 2.1741e-05 0.0023827 0.00863711 3.41242e-06 0.0846269 
0.552482 0.216964 0.159091 0.00168359 0.0395917 0.0301875 
0.58104 2.62133e-06 0.254613 0.00142541 0.00246617 0.160453 
0.966831 5.88149e-05 0.00339692 0.00360827 0.000119448 0.0259855 
0.914427 0.000549125 0.0137648 0.025666 0.00960933 0.0359839 
0.880925 6.80401e-05 0.0282392 0.00705033 0.000761353 0.082956 
0.454561 0.000188577 0.276533 0.0334478 0.0289218 0.206348 
0.628667 0.00122139 0.0848962 0.0154869 0.104293 0.165435 
0.881794 7.65019e-05 0.0456038 0.0615674 0.000419273 0.0105388 
0.931297 0.000176961 0.00800599 0.0170244 0.000634103 0.0428616 
0.889356 0.00017835 0.0345929 0.00563697 0.0262963 0.0439396 
0.801104 0.0114087 0.0716197 0.0348757 0.00825071 0.0727415 
0.908667 4.11975e-05 0.0177806 0.0161677 0.000158498 0.0571851 
0.494435 0.00207835 0.0244859 0.210336 0.00856184 0.260103 
0.634297 6.13881e-05 0.0745705 0.0390551 0.0160866 0.235929 
0.833321 0.000330842 0.0400283 0.0487201 0.0280611 0.0495385 
0.791993 3.13665e-05 0.04652 0.00956993 0.136596 0.01529 
0.60994 0.0016811 0.177201 0.129018 0.00212154 0.0800381 
0.888053 0.000564025 0.0115918 0.00288013 0.0374756 0.0594359 
0.953954 0.00384496 0.00954287 0.000286218 0.00275205 0.0296202 
0.892978 0.0157022 0.0249356 0.0127928 0.0100871 0.0435044 
0.823085 0.0949522 0.0326734 0.000637513 0.000174372 0.0484776 
0.745542 8.83072e-05 0.0098613 0.000239896 0.112245 0.132024 
0.834224 4.67494e-06 0.0229071 0.000105066 3.82821e-09 0.142759 
0.543642 0.000109744 0.292637 0.000140179 0.147209 0.0162627 
0.526768 0.00313278 0.0260504 0.00152506 0.00588532 0.436638 
0.844766 0.00444642 0.0245962 0.00193424 0.0506039 0.0736532 
0.928849 8.28469e-05 0.0151707 2.59219e-05 0.0548862 0.0009853 
0.468931 0.00173322 0.0671012 5.52539e-05 0.365744 0.096436 
0.79945 0.000265727 0.0145011 0.0273492 0.0563963 0.102038 
0.913861 1.26081e-06 0.00873865 0.0186987 0.00028694 0.0584134 
0.911637 0.0214248 0.0167253 0.00426846 0.0128928 0.0330513 
0.871516 2.70265e-05 0.00417879 0.0536377 0.00308306 0.067557 
0.883817 0.000240469 0.0276753 0.00348193 0.0207075 0.0640779 
0.913788 0.000496567 0.00566348 0.00776766 0.0126152 0.0596696 
0.954575 6.78868e-05 0.00164351 0.0134549 0.00275275 0.0275059 
0.72689 0.0399637 0.0587591 0.0044718 0.00491775 0.164997 
0.777408 0.000140455 0.137094 0.00386398 0.000422 0.0810711 
0.781858 7.26091e-05 0.0966623 0.0283151 0.060307 0.0327846 
0.823659 0.000558942 0.128833 0.00237753 0.0344089 0.0101631 
0.927961 0.0251286 0.00656626 0.000117718 0.00263182 0.0375951 
0.926615 0.00493007 0.0356639 0.00176544 0.000317035 0.0307086 
0.651656 0.000286904 0.0214283 0.00101544 0.252626 0.072987 
0.750587 0.00138845 0.0517219 0.0193391 0.145457 0.031506 
0.964147 5.12519e-05 0.0116191 0.00188759 0.006224 0.0160708 
0.812336 0.000132973 0.0518475 0.00125525 0.0235166 0.110912 
0.916976 0.0199499 0.0047104 2.02902e-06 0.0564337 0.00192808 
0.482783 0.000128379 0.0413242 0.0233448 0.00281014 0.449609 
0.445083 0.000348665 0.0948111 8.3782e-05 0.409434 0.050239 
0.518481 7.1241e-06 0.010351 0.00232123 0.0689957 0.399844 
0.626962 0.0222678 0.243497 0.0359696 0.00433258 0.066971 
0.871956 0.000101021 0.00194887 0.0365009 0.000424003 0.0890691 
0.910159 0.000326779 0.0351606 1.30541e-05 0.0511395 0.00320087 
0.863829 0.000337014 0.066275 0.00358542 0.00394592 0.0620272 
0.931295 2.75314e-05 0.0399401 8.99686e-08 0.0282813 0.000455893 
0.942616 6.75554e-05 0.0139034 0.000104448 0.00570876 0.0376 
0.906284 0.00255331 0.0643151 0.00520281 0.00281866 0.0188264 
0.431095 0.00175425 0.0988921 0.118878 0.0236602 0.325721 
0.960553 0.00221521 0.00769267 2.30498e-06 0.0261346 0.00340185 
0.51525 0.00698538 0.0659373 0.012005 0.28953 0.110293 
0.826094 8.12015e-08 0.00292603 0.0106654 0.00615811 0.154157 
0.788145 3.89585e-05 0.0184176 0.0789064 0.000134192 0.114358 
0.573666 0.0885153 0.0169837 0.00528888 0.00690407 0.308642 
0.944442 2.32725e-05 0.0217608 7.63459e-05 2.20954e-06 0.033695 
0.834871 1.62303e-08 0.00407246 0.000189969 7.42538e-05 0.160792 
0.32676 0.0012126 0.316664 0.0217927 0.0618541 0.271717 
0.877148 7.39989e-05 0.0117044 0.0561747 0.01187 0.0430294 
0.684702 0.0252339 0.0968382 0.00599883 0.0264671 0.16076 
0.626559 0.0155613 0.127922 0.000444474 0.0115261 0.217987 
0.666653 0.10019 0.0498221 0.0293724 0.0481514 0.105811 
0.817267 0.0119332 0.119046 0.00198549 0.00854763 0.0412209 
0.86577 6.464e-05 0.0421072 0.0481659 0.0231714 0.0207207 
0.953211 0.000747418 0.025349 3.07689e-05 0.0154433 0.00521835 
0.510679 1.43765e-06 0.0154945 0.0590873 0.0243717 0.390366 
0.75767 0.000619002 0.0686514 0.00581987 0.0120871 0.155153 
0.55142 0.0017848 0.0648395 0.0390205 0.121059 0.221876 
0.634245 0.00132717 0.0420974 0.0602301 0.0665555 0.195545 
0.930909 3.9496e-05 0.0318195 0.001279 0.0236691 0.0122838 
0.935757 0.000119049 0.00692285 0.024591 0.00482338 0.0277869 
0.738786 5.71762e-05 0.123983 0.0216794 0.0030219 0.112472 
0.953954 0.00384496 0.00954287 0.000286218 0.00275205 0.0296202 
0.738532 0.000111971 0.0360333 0.0560277 0.15625 0.0130447 
0.856185 0.0327918 0.0169792 0.0460373 0.0046985 0.0433083 
0.55867 4.17519e-05 0.00783144 0.114246 0.2917 0.0275114 
0.88122 0.000170727 0.0426037 0.00277857 0.0683099 0.00491662 
0.808588 1.45166e-05 0.0980617 0.0432803 0.0147401 0.0353154 
0.795336 0.153698 0.0306411 0.00184762 0.00203928 0.0164382 
0.662315 0.000103391 0.0741764 0.00234567 0.000127624 0.260931 
0.618913 0.00502611 0.287207 0.0252575 0.0324646 0.0311317 
0.6663 7.56144e-05 0.120599 0.0491897 0.000214348 0.163622 
0.570089 8.99899e-05 0.16584 0.00657162 0.025147 0.232263 
0.383663 0.189522 0.312396 0.068714 0.00327448 0.0424307 
0.695266 0.000641636 0.175263 0.00040416 0.0614279 0.0669973 
0.524237 7.87159e-07 0.394648 6.37094e-06 0.0781684 0.00293901 
0.48389 0.00619317 0.355979 0.0421881 0.0345328 0.077217 
0.773229 0.00114893 0.0741394 0.0378884 0.0933686 0.0202255 
0.907306 0.00705154 0.0203649 0.00382664 0.00258659 0.0588642 
0.342903 0.0409542 0.075733 0.124212 0.273282 0.142916 
0.82346 0.000709956 0.0585899 0.001376 0.000415546 0.115449 
0.548055 7.24746e-05 0.360399 0.0217006 0.000241878 0.069531 
0.759974 0.000203882 0.0326475 0.00159399 0.0243509 0.18123 
0.367301 0.0191014 0.339459 0.124514 0.0311856 0.118439 
0.862754 0.00015759 0.085457 4.20484e-05 0.00120251 0.0503865 
0.833039 4.75356e-05 0.0274744 0.0196651 0.0977906 0.0219835 
0.555086 0.00403498 0.0267243 0.139756 0.0323137 0.242084 
0.574876 0.0119943 0.0744594 0.000683301 0.302131 0.0358563 
0.771479 0.00196868 0.035428 0.0083655 0.019982 0.162777 
0.706027 6.94296e-05 0.105892 0.013462 0.0410642 0.133486 
0.750331 0.000827873 0.179409 0.0128367 0.0234344 0.033161 
0.920132 0.000153671 0.0378246 0.000185282 0.0011778 0.0405267 
0.858053 0.000118232 0.0422975 0.0460343 0.00551648 0.0479808 
0.536974 0.000221773 0.00965004 0.355524 0.000299674 0.09733 
0.889782 0.00392985 0.0386681 0.00671941 0.00904733 0.0518533 
0.929281 1.45284e-05 0.0243237 0.0181566 0.000197388 0.0280267 
0.822418 0.00520451 0.0214917 0.0219687 0.00193357 0.126984 
0.725667 7.79009e-05 0.102947 0.0599206 0.000315129 0.111072 
0.881985 3.21385e-05 0.0663181 0.0184528 0.00351208 0.0297002 
0.469607 3.32986e-05 0.105484 0.00134257 0.246589 0.176944 
0.759149 1.9068e-05 0.198458 0.000302281 2.03202e-07 0.0420716 
0.774235 5.7938e-06 0.0233511 0.011348 0.0790346 0.112026 
0.766924 0.00785162 0.0999551 0.0294011 0.0281702 0.0676979 
0.617508 0.0144606 0.220622 0.0178102 0.0920799 0.0375201 
0.829187 0.00590194 0.0574711 0.0745907 0.0116346 0.0212149 
0.923018 0.00040182 0.00332203 0.0175713 0.04129 0.0143964 
0.363426 0.00350017 0.341319 0.00503539 0.0186833 0.268036 
0.794091 1.80567e-06 0.01261 0.0624178 9.04372e-05 0.130789 
0.75439 0.00843596 0.0132192 0.0184187 0.104629 0.100907 
0.807074 0.0185207 0.0335417 0.00234726 0.0870759 0.0514401 
0.578037 0.0171238 0.121856 0.0151807 0.00833152 0.259471 
0.881577 0.0306794 0.0309753 0.0209765 0.0186707 0.0171211 
0.925858 3.34666e-08 0.00506562 0.00369136 0.000197775 0.0651868 
0.949416 3.74698e-06 0.00634496 0.00701122 0.00310082 0.0341235 
0.429802 0.00168344 0.119894 0.0686628 0.0173314 0.362626 
0.810107 0.00314553 0.0378501 0.0243711 0.0576155 0.0669108 
0.730865 0.000572359 0.169321 0.00390165 0.031682 0.0636587 
0.85526 0.000515128 0.0474138 0.000934745 0.0596309 0.0362454 
0.853443 0.0597421 0.0391192 0.000105306 0.0466307 0.000959386 
0.842811 0.0696707 0.0240746 0.00719419 0.00132389 0.0549258 
0.711564 0.185742 0.031955 0.0186667 0.00339286 0.0486795 
0.708653 0.00172559 0.186649 0.0295309 0.00420995 0.0692311 
0.646338 0.0469274 0.294035 0.00075653 0.00336171 0.00858133 
0.545561 0.063118 0.127303 0.032672 0.0284577 0.202889 
0.832603 0.00143785 0.0220204 0.00481116 0.00208277 0.137045 
0.880828 0.00838997 0.0520599 0.0135494 0.0126966 0.0324767 
0.4312 7.11771e-05 0.134213 0.00950138 0.0325205 0.392494 
0.795648 8.90934e-06 0.0106883 0.00232396 0.000147751 0.191183 
0.85759 0.000541606 0.0446292 0.0381557 0.00956201 0.0495219 
0.581396 0.000227091 0.289844 0.0521376 0.00389646 0.0724995 
0.883165 0.00138129 0.0282097 0.0122611 0.0124465 0.0625364 
0.58264 0.00270728 0.172781 0.0491838 0.0215672 0.17112 
0.724453 0.00303701 0.0430667 0.000751371 0.191153 0.0375394 
0.945426 6.89446e-06 0.00449172 2.69465e-05 0.0373679 0.012681 
0.978883 7.05454e-05 0.00112706 0.00631956 0.000302197 0.013298 
0.942319 4.18619e-06 0.00588068 1.30248e-10 0.0134265 0.03837 
0.844207 0.000359662 0.0928873 0.0106016 0.013163 0.0387818 
0.893357 0.0251775 0.0421618 0.0197922 0.00299055 0.0165205 
0.722361 2.52706e-05 0.0577696 0.111378 0.0673796 0.041086 
0.498077 8.05915e-06 0.0337932 8.73324e-05 0.04873 0.419304 
0.89513 0.00059435 0.0558156 0.00137671 0.00219018 0.0448933 
0.871638 1.80938e-05 0.101701 6.55682e-05 0.0180327 0.00854478 
0.913081 0.0638827 0.00275043 0.000104495 0.00139648 0.018785 
0.714591 0.0162898 0.0957279 0.0108548 0.0990172 0.0635192 
0.958167 0.0139795 0.00948773 0.000490707 0.00199394 0.0158808 
0.698855 2.552e-05 0.016285 0.00256456 0.00535347 0.276916 
0.749254 0.00177573 0.0772983 0.00834502 0.15114 0.0121869 
0.879345 0.00578336 0.0608394 0.0042612 0.0140055 0.0357658 
0.325774 0.169748 0.259854 0.00374008 0.00416716 0.236716 
0.907889 0.00693489 0.0246935 0.00334132 0.0056245 0.0515167 
0.891342 0.000151819 0.00875991 0.00190497 0.0406 0.0572417 
0.51027 0.409795 0.0490322 0.00309468 0.0128884 0.0149194 
0.766037 0.00100543 0.0540532 0.00175434 0.0183196 0.15883 
0.689259 0.0439639 0.141617 0.0178363 0.010776 0.0965476 
0.881085 0.0130058 0.0427784 0.00086422 0.00901134 0.0532552 
0.645324 0.000592792 0.0107584 3.61766e-05 0.0112669 0.332021 
0.817876 0.0322398 0.00706511 0.0211639 0.00500399 0.116651 
0.649129 0.000256786 0.270192 0.0109598 0.00510915 0.0643525 
0.844927 0.00100633 0.0897673 0.00572053 0.0313192 0.0272592 
0.739828 0.000167838 0.0253734 0.0267409 0.0210494 0.18684 
0.738737 0.00602869 0.053894 0.0133498 0.0985554 0.0894347 
0.839836 7.7875e-06 0.0242092 0.000101656 0.000279476 0.135565 
0.624078 0.0923081 0.0324096 0.0118071 0.0723742 0.167023 
0.774829 4.56727e-06 0.0148329 0.000717601 0.0417728 0.167843 
0.957549 9.87494e-05 0.00900662 0.00094157 0.0167829 0.0156207 
0.649599 0.000659916 0.045159 0.196576 0.038574 0.0694316 
0.881045 0.00185274 0.0279478 9.76653e-05 0.00122383 0.0878325 
0.707508 0.0119612 0.0429789 0.0467304 0.0272986 0.163523 
0.47289 0.00410717 0.0351432 0.160359 0.101475 0.226025 
0.863352 0.0329345 0.0161138 0.000145978 0.0027954 0.0846586 
0.57012 0.00729885 0.0673016 0.00868216 0.0014149 0.345183 
0.516934 0.0013379 0.36479 0.0880699 0.0170328 0.0118355 
0.694785 0.000437236 0.0879273 0.0114418 0.0597834 0.145625 
0.758941 6.35391e-05 0.106575 0.00889078 0.00216899 0.123362 
0.539522 2.70199e-05 0.00226602 0.138227 0.0350436 0.284914 
0.978746 0.000120045 0.00177071 0.00383773 0.00217052 0.0133549 
0.880468 3.09506e-05 0.00255526 0.0845032 0.00597614 0.0264662 
0.521295 0.000322845 0.193185 0.0482453 0.0343508 0.202601 
0.646481 0.0424096 0.141495 0.0682496 0.0476593 0.0537047 
0.471552 0.00012938 0.299014 0.000107483 0.013979 0.215218 
0.832916 0.00090584 0.0384277 0.000319018 0.0197707 0.107661 
0.4531 0.0123245 0.31313 0.023331 0.0147416 0.183374 
0.929626 1.9435e-05 0.00652244 0.000619401 0.00865605 0.0545569 
0.961057 0.000209551 0.00475472 0.00394697 0.0231933 0.00683858 
0.893357 0.0251775 0.0421618 0.0197922 0.00299055 0.0165205 
0.402172 0.0140866 0.23481 0.0129608 0.163044 0.172927 
0.747087 0.0159142 0.0981113 0.00717444 0.00988561 0.121827 
0.868277 0.00558836 0.0115168 0.00860901 0.00269991 0.103309 
0.862865 8.60928e-05 0.0959221 0.00124337 0.0192612 0.0206226 
0.55867 4.17519e-05 0.00783144 0.114246 0.2917 0.0275114 
0.841011 0.0131592 0.0559762 0.029039 0.00558772 0.0552269 
0.660375 4.28858e-09 0.00621398 0.028985 0.000629463 0.303797 
0.55867 4.17519e-05 0.00783144 0.114246 0.2917 0.0275114 
0.476876 0.000591404 0.451577 0.00760413 0.019269 0.0440833 
0.931295 2.75314e-05 0.0399401 8.99686e-08 0.0282813 0.000455893 
0.793426 0.000677942 0.107606 0.0480753 0.00422993 0.0459849 
0.910088 5.1998e-05 0.00177072 0.000551125 0.0193792 0.0681592 
0.879094 6.05499e-05 0.00612806 0.011331 0.000942419 0.102444 
0.956843 0.00701558 0.0202561 0.000659286 0.014276 0.000950065 
0.933799 3.74191e-05 0.0125571 0.0138336 0.00423782 0.0355354 
0.789868 0.000520718 0.0279838 0.0507512 0.0133345 0.117542 
0.834044 0.000441051 0.0503269 0.00122081 0.000263084 0.113704 
0.911528 0.000159446 0.078757 0.00563792 0.000454997 0.00346308 
0.960239 1.16296e-05 0.0223413 0.00138662 0.00905432 0.00696714 
0.540522 0.0788555 0.0391583 0.0138583 0.020302 0.307303 
0.532541 8.26094e-05 0.0723472 0.0693985 0.0415385 0.284092 
0.722093 0.00023751 0.189259 0.0096739 0.00700947 0.0717269 
0.966494 0.00061383 0.00892793 0.00494107 0.00540697 0.0136166 
0.784207 8.36826e-05 0.051044 0.0201529 0.0188269 0.125685 
0.704774 0.000246483 0.0901845 0.0221518 0.0378863 0.144756 
0.673661 0.060393 0.0492966 0.0112257 0.000793154 0.20463 
0.899034 0.0047857 0.044383 0.00992195 0.0197861 0.0220891 
0.924652 7.28878e-08 0.0023211 0.0112385 0.0175226 0.0442656 
0.547597 0.0020714 0.412239 0.00375539 0.00132327 0.0330142 
0.771351 1.3959e-08 0.00456107 0.00634434 0.129813 0.0879309 
0.759487 0.00048581 0.0812146 0.00521512 0.0861826 0.0674149 
0.403269 0.00013827 0.360794 0.138113 0.000699351 0.0969863 
0.944442 2.32725e-05 0.0217608 7.63459e-05 2.20954e-06 0.033695 
0.848757 0.000140952 0.0762904 1.21063e-05 0.00420326 0.070596 
0.836763 0.00011543 0.0260307 0.0365515 0.00525185 0.0952873 
0.654769 0.000630244 0.221747 0.0137635 0.00197055 0.10712 
0.967129 2.29063e-07 0.00469097 0.0157212 0.00342988 0.00902858 
0.765355 0.111779 0.0704961 0.0194699 0.00100288 0.0318969 
0.822786 0.0124033 0.0420227 0.0221756 0.0129177 0.0876949 
0.920039 0.0125772 0.0261605 0.00431214 0.000492937 0.0364185 
0.646581 0.00121648 0.0106643 0.118275 0.205455 0.0178085 
0.656401 0.0174262 0.0620006 0.0100352 0.116829 0.137309 
0.958417 0.000275161 0.0145978 0.00355989 0.00394632 0.0192039 
0.753321 0.00523123 0.133568 0.0218268 0.0674453 0.0186077 
0.882221 0.0663505 0.0155625 0.00659256 0.0145105 0.0147629 
0.450943 4.52456e-05 0.0362 0.00877013 0.434345 0.0696965 
0.850539 0.00125247 0.0512805 0.00516085 0.0018822 0.0898853 
0.787969 5.23065e-05 0.0762928 0.033144 0.0043931 0.0981489 
0.810087 0.00152232 0.0891437 0.0770177 0.0129621 0.00926679 
0.966474 6.67241e-08 0.00404055 0.00251383 0.000271246 0.0266999 
0.718993 0.000161428 0.0779486 0.0317919 0.0975013 0.0736041 
0.884004 0.00132788 0.105396 0.00019655 0.00503228 0.0040436 
0.55867 4.17519e-05 0.00783144 0.114246 0.2917 0.0275114 
0.795336 0.153698 0.0306411 0.00184762 0.00203928 0.0164382 
0.845972 7.83531e-05 0.0153929 0.00291355 0.00893917 0.126704 
0.648197 0.000452243 0.0395527 0.000804944 0.270107 0.0408866 
0.522042 0.0526949 0.205469 0.000750199 0.199869 0.019175 
0.4849 0.00417797 0.299461 0.0431332 0.0144216 0.153906 
0.777174 0.000192359 0.073071 0.028631 0.00534357 0.115588 
0.482067 1.77099e-06 0.388288 0.0137833 0.019761 0.0960999 
0.724059 0.00667919 0.0937392 0.024473 0.0657441 0.0853058 
0.817309 0.00156648 0.0340973 0.0231117 0.00969477 0.11422 
0.772992 0.000206613 0.0483739 0.00277767 0.0411183 0.134532 
0.737033 0.133956 0.00330733 0.00539431 0.108199 0.0121095 
0.573777 4.81712e-05 0.132461 0.000390218 0.0451997 0.248124 
0.694816 5.13018e-05 0.0448394 0.00650097 0.046589 0.207204 
0.913261 5.94211e-06 0.00753606 2.32779e-05 0.0122203 0.0669537 
0.774434 0.000171187 0.167315 0.00115834 0.0127843 0.0441367 
0.673661 0.060393 0.0492966 0.0112257 0.000793154 0.20463 
0.978883 7.05454e-05 0.00112706 0.00631956 0.000302197 0.013298 
0.949573 2.6457e-07 0.0289606 0.000233912 0.00860794 0.0126245 
0.82518 0.000308082 0.0394031 0.000570662 0.0546037 0.0799345 
0.929391 6.22108e-06 0.0396842 0.000258097 0.0077069 0.0229534 
0.824801 0.0287009 0.0459082 0.00206333 0.0282762 0.0702502 
0.357717 0.000391918 0.0324172 0.332575 0.0196151 0.257284 
0.55867 4.17519e-05 0.00783144 0.114246 0.2917 0.0275114 
0.633539 0.00535026 0.0463599 0.00615411 0.00988957 0.298707 
0.655999 0.0364428 0.0271208 0.0149506 0.00525862 0.260228 
0.586072 0.00277899 0.276957 0.0338118 0.0365532 0.0638269 
0.88053 0.000105608 0.0311236 0.00636353 0.0604489 0.0214283 
0.911484 2.14541e-05 0.0322379 0.00186479 0.00436084 0.0500306 
0.774601 0.00295602 0.119801 0.00343222 0.0127259 0.0864841 
0.748188 0.055069 0.112037 0.0150084 0.055151 0.0145467 
