0.0561296 0.000375128 0.834399 0.0301103 4.08209e-05 0.0789455 
0.196617 0.000241512 0.582821 0.0939268 0.0502756 0.0761182 
0.145562 0.000329305 0.793469 0.00165047 0.00412072 0.0548689 
0.407779 0.000504576 0.568312 0.00285935 0.000990451 0.0195545 
0.355343 8.9378e-05 0.6108 0.00097865 0.0104912 0.0222972 
0.163832 0.000164002 0.714857 0.0172481 0.0746079 0.0292904 
0.305382 0.215567 0.306295 0.00223145 0.00826857 0.162257 
0.427014 0.00711344 0.473249 0.00436694 0.0147173 0.0735391 
0.323626 0.0722904 0.530723 0.017096 0.00574515 0.0505198 
0.0101437 6.24085e-05 0.976413 0.00342417 0.00499885 0.00495815 
0.0362872 1.84714e-05 0.928438 9.54593e-06 5.56977e-05 0.0351914 
0.0320599 0.0024078 0.937079 0.00520291 0.00101334 0.0222367 
0.196617 0.000241512 0.582821 0.0939268 0.0502756 0.0761182 
0.0179003 8.83287e-06 0.809939 0.0214259 0.00320362 0.147522 
0.0935078 0.000527283 0.86768 0.0142937 0.00659337 0.0173981 
0.354757 0.00846791 0.579303 0.0186817 0.00164407 0.0371465 
0.0789191 0.0010851 0.916752 0.00074745 0.000353211 0.00214354 
0.0320599 0.0024078 0.937079 0.00520291 0.00101334 0.0222367 
0.319221 0.000205483 0.379509 0.0535109 0.247116 0.000437308 
0.202784 0.00050762 0.721491 0.0152565 0.00126029 0.0587 
0.000464717 1.47867e-06 0.961921 0.000155549 1.08209e-06 0.0374559 
0.199109 0.000731149 0.730381 0.000236368 0.0498232 0.0197192 
0.00165936 0.000212303 0.990973 0.000119653 4.25398e-05 0.00699329 
0.218799 0.0755027 0.669239 0.0112817 0.0232312 0.00194596 
0.337669 0.000975335 0.415741 0.00188893 0.15891 0.0848157 
0.115089 0.000724606 0.680977 0.01143 0.00126592 0.190514 
0.3072 0.00267742 0.395899 0.00169316 0.0807851 0.211746 
0.17031 0.216902 0.590134 0.00749667 0.00429002 0.0108674 
0.146583 2.19977e-05 0.853213 1.53717e-05 8.55094e-06 0.000157985 
0.244924 0.0148704 0.559041 0.00536405 0.0469789 0.128822 
0.259366 0.000134489 0.720484 0.000161955 0.000331485 0.019522 
0.280808 1.68375e-05 0.497023 0.0580725 0.0084359 0.155644 
0.311288 0.000689909 0.45286 0.000810988 0.151877 0.082474 
0.187517 2.35802e-05 0.637754 0.00631687 0.0585492 0.109839 
0.251791 0.000330428 0.518598 0.0162971 0.0900692 0.122913 
0.254558 0.0467213 0.483149 0.00168626 0.00251184 0.211374 
0.113064 6.01838e-07 0.828164 2.52805e-06 2.18776e-06 0.058767 
0.136031 0.000674169 0.726477 0.015497 0.00144828 0.119872 
0.0852483 7.90123e-06 0.775605 1.75818e-06 0.13619 0.00294727 
0.05556 0.00177532 0.889833 0.038982 0.000232214 0.0136178 
0.054168 0.0003217 0.928438 0.00151814 0.00111033 0.014444 
0.236594 0.000161718 0.517226 0.00490845 0.025242 0.215869 
0.195898 0.120632 0.429619 0.00282755 0.00249237 0.248531 
0.391573 0.000413232 0.554984 0.00202627 0.00180535 0.0491982 
0.233857 0.000121969 0.63465 0.00181324 0.000651841 0.128905 
0.0320599 0.0024078 0.937079 0.00520291 0.00101334 0.0222367 
0.339297 0.000697318 0.594294 0.00699794 0.00423558 0.0544772 
0.166604 0.000185961 0.671514 8.97405e-06 0.161635 5.20504e-05 
0.0481079 0.000493667 0.94787 0.00130054 0.000946635 0.00128105 
0.0320599 0.0024078 0.937079 0.00520291 0.00101334 0.0222367 
0.296878 0.207494 0.340061 0.0680361 0.00468425 0.0828474 
0.0880767 0.000278781 0.778778 0.0206602 0.000481521 0.111725 
0.112422 0.00259781 0.786713 0.0550129 0.00520189 0.038053 
0.0379833 0.000166737 0.911379 0.0097417 0.00518156 0.0355476 
0.0337289 0.0116027 0.946856 0.000943516 0.00128342 0.00558572 
0.288974 0.00402287 0.575342 0.00561655 0.00386099 0.122184 
0.137226 0.00145801 0.783028 0.0053383 0.0140205 0.0589287 
0.157854 0.000374972 0.515179 0.000523184 0.000457309 0.325611 
0.0320599 0.0024078 0.937079 0.00520291 0.00101334 0.0222367 
0.359595 0.000751208 0.463204 0.00997302 0.0150741 0.151402 
0.277139 0.00050333 0.446252 0.0107442 0.0210198 0.244341 
0.288348 0.00149466 0.639879 0.03235 0.000157383 0.0377707 
0.00648258 0.000346168 0.986243 0.00484856 0.000590681 0.00148896 
0.315773 0.0961928 0.535993 0.0026389 0.0337581 0.0156439 
0.326856 3.30321e-06 0.592224 6.46207e-06 0.0422182 0.0386921 
0.186679 1.00823e-05 0.733596 0.00190084 0.0674215 0.0103926 
0.213375 0.00660067 0.464788 0.000769464 0.00225386 0.312213 
0.169304 0.000324539 0.712972 0.0134159 0.000203577 0.10378 
0.280808 1.68375e-05 0.497023 0.0580725 0.0084359 0.155644 
0.10838 0.000274752 0.708356 0.00364655 0.0611885 0.118154 
0.268609 0.000180653 0.432035 0.0778886 0.0327411 0.188545 
0.190116 0.000220062 0.646967 0.0090683 0.00455907 0.149069 
0.354619 6.14654e-06 0.625302 7.78123e-05 0.00725917 0.0127358 
0.0320599 0.0024078 0.937079 0.00520291 0.00101334 0.0222367 
0.231556 0.00530939 0.73828 0.00381305 0.00791551 0.0131255 
0.106815 0.000220637 0.787137 0.0343901 0.0141276 0.0573094 
0.0101437 6.24085e-05 0.976413 0.00342417 0.00499885 0.00495815 
0.0491927 0.000126656 0.921885 0.000483727 0.0192757 0.00903656 
0.0320599 0.0024078 0.937079 0.00520291 0.00101334 0.0222367 
0.172217 0.000173287 0.719285 0.0102026 0.0478261 0.0502967 
0.393496 0.00013181 0.418729 0.0751556 0.0132909 0.0991968 
0.00982685 0.000484554 0.974901 0.00172793 0.0031103 0.00994888 
0.330262 0.0369267 0.523757 9.11636e-05 0.0183286 0.0906345 
0.0935078 0.000527283 0.86768 0.0142937 0.00659337 0.0173981 
0.0263102 0.000365732 0.852287 0.0404157 0.013068 0.0675536 
0.0478798 0.00270407 0.800098 0.0158402 0.00520737 0.128271 
0.227941 0.000519315 0.685491 0.00136486 0.001758 0.0829259 
0.352139 9.98263e-05 0.535021 0.0152753 0.00892835 0.0885368 
0.338123 0.0155426 0.464184 0.00171925 0.0543928 0.126038 
0.254819 0.00127247 0.70942 0.00284203 0.00134186 0.0303048 
0.153756 0.000120282 0.845455 2.65879e-06 0.000663805 2.61558e-06 
0.293185 6.03006e-05 0.476321 4.22475e-05 0.0179809 0.212411 
0.0941712 0.000739464 0.815036 0.0297747 0.0242294 0.0360496 
0.187365 0.202213 0.339977 0.0847734 0.00157526 0.184097 
0.0622115 1.58307e-05 0.715826 0.00111619 8.84274e-06 0.220822 
0.0337289 0.0116027 0.946856 0.000943516 0.00128342 0.00558572 
0.0320599 0.0024078 0.937079 0.00520291 0.00101334 0.0222367 
0.103509 0.000705581 0.770705 0.0191167 0.0146835 0.0912804 
0.280808 1.68375e-05 0.497023 0.0580725 0.0084359 0.155644 
0.144538 1.0291e-05 0.74545 0.00459921 0.000193273 0.105209 
0.276185 3.53944e-05 0.436991 0.00202206 6.35555e-05 0.284703 
0.0987311 0.00113662 0.802376 0.0113933 0.00319086 0.0831725 
0.164302 0.000785738 0.526515 0.0353296 0.0201726 0.252895 
0.0362901 0.10328 0.830715 6.71679e-05 0.000563913 0.0290844 
0.280808 1.68375e-05 0.497023 0.0580725 0.0084359 0.155644 
0.126292 0.182468 0.415867 9.68662e-05 0.118903 0.156374 
0.159552 0.00538913 0.748283 0.0411763 0.00123793 0.0443613 
0.425901 0.000263542 0.445208 0.000433353 0.0303908 0.097803 
0.35957 0.215512 0.408006 0.0114831 0.000692456 0.00473665 
0.0740361 0.000177701 0.779562 0.0163983 0.000881154 0.128944 
0.211773 0.00138163 0.576357 0.0189616 0.180466 0.0110611 
0.181699 2.37817e-06 0.736393 0.000240686 0.0201377 0.0615274 
0.340188 0.0135433 0.407839 0.0244378 0.0102915 0.2037 
0.386253 0.000545311 0.466751 0.000464427 0.0281946 0.117792 
0.331745 0.000144236 0.337075 0.0383697 0.0548643 0.237802 
0.234394 0.000707491 0.642011 0.0182444 0.00940991 0.0952323 
0.314376 0.000286847 0.379163 0.154226 0.0597253 0.0922231 
0.11183 0.00128011 0.571772 0.0110663 0.0253581 0.278694 
0.222117 0.000681285 0.665394 0.000363261 0.000589829 0.110855 
0.259828 0.000295677 0.707623 0.0228314 0.00330303 0.0061191 
0.00500456 0.000491531 0.992146 0.000208813 3.24944e-07 0.00214848 
0.290427 0.0966146 0.372744 0.00764954 0.00937498 0.223189 
0.172586 6.79192e-05 0.798718 0.000544235 0.015929 0.0121552 
0.362725 0.000325755 0.586135 0.00789447 0.00872137 0.0341982 
0.0130609 2.68838e-10 0.736686 0.00842705 1.96736e-10 0.241826 
0.0101437 6.24085e-05 0.976413 0.00342417 0.00499885 0.00495815 
0.244925 0.00023314 0.628557 0.00405264 0.0516889 0.0705427 
0.354146 0.0238613 0.393108 0.101237 0.009762 0.117885 
0.0337289 0.0116027 0.946856 0.000943516 0.00128342 0.00558572 
0.422474 1.11199e-05 0.463343 0.00137214 0.00483162 0.107968 
0.0140397 0.00119503 0.968414 0.0138225 0.000724427 0.00180451 
0.177885 0.000353211 0.702499 0.0106263 0.000925269 0.107711 
0.302559 0.000398167 0.534115 0.0418057 0.0697055 0.0514167 
0.216078 6.848e-06 0.783513 3.41339e-07 1.7799e-05 0.000384601 
0.230381 0.0956179 0.54622 0.0024441 0.00348364 0.121854 
0.287283 0.000294224 0.63962 0.00744914 0.0147261 0.050628 
0.0132152 0.000827264 0.982162 0.000645354 0.000433211 0.00271747 
0.362662 0.000112554 0.481013 0.021428 0.00290147 0.131882 
0.280808 1.68375e-05 0.497023 0.0580725 0.0084359 0.155644 
0.0865063 0.000647465 0.824779 0.0193558 0.00434711 0.0643641 
0.223846 2.4171e-05 0.362849 0.00125185 0.316566 0.0954629 
0.137669 0.000246226 0.835767 0.00803027 0.00105856 0.0172286 
0.280808 1.68375e-05 0.497023 0.0580725 0.0084359 0.155644 
0.145461 0.000657858 0.524039 0.027738 0.00306817 0.299037 
0.280213 7.83876e-05 0.532392 0.000755972 0.00673576 0.179825 
0.0317683 0.000394295 0.960659 0.00278795 4.92644e-05 0.00434066 
0.0140397 0.00119503 0.968414 0.0138225 0.000724427 0.00180451 
0.202249 0.00326568 0.536697 0.00404536 0.0746877 0.179055 
0.08323 9.04452e-10 0.911667 1.68785e-06 0.00509463 6.76727e-06 
0.317639 0.000443489 0.329947 0.00318904 0.211065 0.137716 
0.0745503 0.00130576 0.891326 3.07804e-06 0.0199401 0.0128748 
0.134538 0.000250888 0.800182 0.00792437 0.00461343 0.0524911 
0.217016 0.00102503 0.720134 0.000338996 0.00196311 0.0595226 
0.324002 0.000609576 0.497628 0.00459347 0.0392112 0.133956 
0.187365 0.202213 0.339977 0.0847734 0.00157526 0.184097 
0.137446 0.000145793 0.662511 0.0115081 0.0582415 0.130147 
0.0320599 0.0024078 0.937079 0.00520291 0.00101334 0.0222367 
0.0320599 0.0024078 0.937079 0.00520291 0.00101334 0.0222367 
0.0320599 0.0024078 0.937079 0.00520291 0.00101334 0.0222367 
0.103131 0.00350631 0.747437 0.00212838 0.00651089 0.137287 
0.202159 0.12114 0.648512 0.00102165 0.00177042 0.0253959 
0.0320599 0.0024078 0.937079 0.00520291 0.00101334 0.0222367 
0.396635 0.000905374 0.583704 0.0064196 0.00584329 0.00649301 
0.15451 0.000227065 0.74319 0.0123324 0.0321551 0.057585 
0.248362 0.00167078 0.726431 0.00448747 0.00573954 0.0133096 
0.176173 0.270778 0.381908 0.030577 0.000770627 0.139793 
0.154381 0.00180563 0.797854 0.0318645 0.00174326 0.0123524 
0.0603889 0.000521752 0.689197 0.00700127 0.239142 0.00374981 
0.0320599 0.0024078 0.937079 0.00520291 0.00101334 0.0222367 
0.293712 0.000168127 0.371593 0.00655917 0.00958752 0.318381 
0.192172 0.0676597 0.598327 0.0548073 0.0581816 0.0288533 
0.0320599 0.0024078 0.937079 0.00520291 0.00101334 0.0222367 
0.222638 0.000400838 0.543573 0.0185176 0.0203314 0.194539 
0.164067 0.000615223 0.722621 0.0482009 0.00535346 0.0591426 
0.198227 0.000364906 0.6407 0.0268339 0.0876531 0.0462217 
0.280808 1.68375e-05 0.497023 0.0580725 0.0084359 0.155644 
0.254093 0.00214733 0.625908 0.00523656 0.0049987 0.107616 
0.0680119 5.18175e-06 0.900529 0.000153529 3.87352e-08 0.0313 
0.348943 0.00271192 0.459867 0.00474453 0.15569 0.0280423 
0.283944 0.00254196 0.633657 0.00140215 0.0133574 0.0650974 
0.218667 0.000154257 0.528445 0.0122902 0.0191187 0.221325 
0.280808 1.68375e-05 0.497023 0.0580725 0.0084359 0.155644 
0.000440925 6.84241e-07 0.997086 4.50917e-07 5.00727e-07 0.00247129 
0.406194 0.00231427 0.425944 0.0425522 0.103299 0.0196956 
0.00163262 3.68881e-05 0.997972 8.85491e-06 0.00019642 0.000153151 
0.16667 0.00136366 0.615839 0.00436719 0.00280519 0.208955 
7.95119e-05 3.81006e-07 0.99976 1.3892e-05 2.7882e-07 0.000145919 
0.319673 0.157201 0.441038 0.00153759 0.00408917 0.0764614 
0.230803 0.000716159 0.737157 0.0142046 0.00424677 0.0128726 
0.0655143 0.00115458 0.812194 0.0017646 0.000300179 0.119072 
0.308891 0.0354798 0.581425 0.00378583 0.00281983 0.0675986 
0.0320599 0.0024078 0.937079 0.00520291 0.00101334 0.0222367 
0.0274507 0.000171882 0.790216 0.000232121 0.155346 0.0265833 
7.71328e-05 5.64864e-05 0.770151 0.000748396 8.03148e-07 0.228966 
0.0320599 0.0024078 0.937079 0.00520291 0.00101334 0.0222367 
0.283083 4.30827e-05 0.421647 0.0145421 0.0209908 0.259694 
0.00782518 0.00122569 0.932768 0.0462174 0.000592793 0.0113707 
0.182441 0.000552626 0.724185 0.000277178 0.0209791 0.0715657 
0.0551426 0.000448491 0.865311 0.0430985 0.000721345 0.0352784 
0.353177 0.00478698 0.545003 7.9544e-05 0.0449555 0.0519977 
0.280808 1.68375e-05 0.497023 0.0580725 0.0084359 0.155644 
0.0714222 0.0959326 0.810753 0.0151289 0.00189428 0.00486882 
0.129089 0.000659252 0.829006 0.00235862 0.0205826 0.0183039 
0.0320599 0.0024078 0.937079 0.00520291 0.00101334 0.0222367 
0.108495 0.000150346 0.619683 0.0532633 0.010075 0.208333 
0.280808 1.68375e-05 0.497023 0.0580725 0.0084359 0.155644 
0.0362872 1.84714e-05 0.928438 9.54593e-06 5.56977e-05 0.0351914 
0.34067 0.00198683 0.380729 0.00831993 0.207903 0.0603909 
0.280808 1.68375e-05 0.497023 0.0580725 0.0084359 0.155644 
0.331156 0.000111931 0.581621 0.000861929 0.0220482 0.0642009 
0.031306 0.15279 0.794733 0.0176011 0.000440336 0.0031296 
0.121879 0.0607527 0.750679 0.00831442 0.000863336 0.0575117 
0.213672 0.000446804 0.456676 0.0560139 0.0505886 0.222603 
0.225568 2.5055e-05 0.774331 2.5057e-05 2.50566e-05 2.50595e-05 
0.196828 6.08403e-05 0.76263 5.34457e-05 0.0103122 0.0301153 
0.14962 0.0115388 0.813523 3.72128e-06 3.72122e-06 0.0253109 
0.171709 0.000545663 0.537885 0.0283449 0.0172582 0.244257 
0.0320599 0.0024078 0.937079 0.00520291 0.00101334 0.0222367 
0.13363 0.000115817 0.678257 1.11592e-05 0.00505242 0.182934 
0.0320599 0.0024078 0.937079 0.00520291 0.00101334 0.0222367 
0.221228 1.46691e-06 0.763299 9.66695e-07 0.000107508 0.0153634 
0.0362872 1.84714e-05 0.928438 9.54593e-06 5.56977e-05 0.0351914 
0.199859 0.00370783 0.662918 0.0120263 0.00389036 0.117598 
0.207728 0.00103246 0.766577 0.000690707 0.00150686 0.022465 
0.176173 0.270778 0.381908 0.030577 0.000770627 0.139793 
0.187912 0.00253127 0.37203 0.253176 0.0151188 0.169231 
0.160939 0.0183462 0.584786 0.00624946 0.0673314 0.162348 
0.242006 1.81615e-05 0.644535 0.00859001 0.00366976 0.101182 
0.176173 0.270778 0.381908 0.030577 0.000770627 0.139793 
0.435309 0.000115136 0.52402 0.00477552 0.000467155 0.035313 
0.0320599 0.0024078 0.937079 0.00520291 0.00101334 0.0222367 
0.335333 0.00355556 0.582973 0.00385194 0.0204869 0.0537993 
0.202583 0.0844558 0.375232 6.26154e-06 0.335587 0.00213531 
0.31771 3.5314e-06 0.464401 0.000112294 0.109196 0.108577 
0.435309 0.000115136 0.52402 0.00477552 0.000467155 0.035313 
0.102436 0.000445935 0.841084 0.00228143 0.000611859 0.0531401 
0.280808 1.68375e-05 0.497023 0.0580725 0.0084359 0.155644 
0.204446 0.000655322 0.673454 0.0216724 0.00977355 0.0899991 
0.0133418 2.76028e-06 0.935828 7.43376e-05 4.43962e-05 0.0507088 
0.326998 0.118394 0.463892 0.00288309 0.0103077 0.0775242 
0.031306 0.15279 0.794733 0.0176011 0.000440336 0.0031296 
0.0956534 2.65941e-05 0.893786 0.00308355 0.000605622 0.0068446 
0.115204 2.47085e-09 0.870289 0.00137943 2.14577e-06 0.0131253 
0.00881013 0.000551519 0.987913 0.000430248 0.000288815 0.00200611 
0.332318 0.00188199 0.490472 0.0297 0.0109771 0.134651 
0.450553 0.00163781 0.455954 0.00275693 0.000926583 0.0881714 
0.0548576 0.299896 0.632801 0.00814964 0.000594902 0.00370113 
0.280808 1.68375e-05 0.497023 0.0580725 0.0084359 0.155644 
0.32567 0.0894996 0.537236 0.000805847 0.0230074 0.0237813 
0.377793 0.000112583 0.447491 0.00199781 0.022217 0.150389 
0.0320599 0.0024078 0.937079 0.00520291 0.00101334 0.0222367 
0.0917199 0.00166946 0.761726 0.002104 0.0950469 0.0477338 
0.0320599 0.0024078 0.937079 0.00520291 0.00101334 0.0222367 
0.0979679 0.28704 0.456111 0.088317 0.00321007 0.0673538 
0.0320599 0.0024078 0.937079 0.00520291 0.00101334 0.0222367 
0.0100042 0.000126568 0.984758 9.42291e-05 0.0011915 0.00382536 
0.188385 0.000246681 0.57698 0.00190208 0.0298126 0.202674 
0.258718 4.7378e-05 0.363541 0.00221747 0.0137273 0.361749 
0.0320599 0.0024078 0.937079 0.00520291 0.00101334 0.0222367 
0.0132152 0.000827264 0.982162 0.000645354 0.000433211 0.00271747 
0.280808 1.68375e-05 0.497023 0.0580725 0.0084359 0.155644 
0.313396 0.000452507 0.606091 0.0078071 0.0186309 0.0536226 
0.0233481 0.00507576 0.720535 0.0875832 0.140872 0.022586 
0.370635 0.0974853 0.467596 0.00278652 0.0188634 0.0426332 
0.226782 0.0151956 0.538902 0.0120421 0.0341382 0.17294 
0.129913 9.90674e-08 0.411894 1.13366e-07 0.125394 0.332799 
0.280808 1.68375e-05 0.497023 0.0580725 0.0084359 0.155644 
0.394035 0.000156865 0.474796 0.00245076 0.0057575 0.122804 
0.427816 0.000281041 0.500492 0.00187591 0.00369746 0.065838 
0.0355317 0.000112354 0.953043 8.45407e-05 0.00179857 0.00942987 
0.358534 0.0002446 0.479268 0.0382395 0.047207 0.0765077 
0.110175 0.000276638 0.490195 0.121589 0.0677164 0.210048 
0.0451697 0.194581 0.707476 0.0438463 0.0020529 0.0068737 
0.0608495 6.06182e-06 0.66839 3.73963e-06 0.252561 0.0181893 
0.203944 0.00145732 0.737361 0.00108941 0.00955414 0.0465938 
0.305354 0.000297633 0.513221 0.0203494 0.0562775 0.104501 
0.0320599 0.0024078 0.937079 0.00520291 0.00101334 0.0222367 
0.111594 0.000319459 0.787047 0.00420105 0.000132876 0.0967061 
0.435309 0.000115136 0.52402 0.00477552 0.000467155 0.035313 
0.124953 0.00040459 0.79248 0.0422249 0.00369463 0.0362422 
0.355292 0.000378867 0.437517 0.00222116 0.012575 0.192016 
0.0728157 0.000130906 0.915485 0.0105838 1.33429e-05 0.000971104 
0.414494 1.56756e-06 0.584328 3.55901e-07 0.000817381 0.00035916 
0.196726 0.175599 0.570951 0.00120832 0.00488038 0.0506348 
0.366895 0.000215369 0.560509 0.0183982 0.0299317 0.0240505 
0.08002 1.90219e-05 0.759585 3.41406e-05 0.160142 0.000199639 
0.353483 0.0144175 0.495203 0.048604 0.0304175 0.057875 
0.248362 0.00167078 0.726431 0.00448747 0.00573954 0.0133096 
0.0342868 0.000196902 0.947703 0.00323486 0.00476276 0.00981587 
0.0844461 0.000309108 0.839114 0.00518336 0.00745825 0.063489 
0.00299894 0.000147199 0.995624 0.000330751 0.000138362 0.000760782 
0.00613513 1.24154e-08 0.876535 0.000602201 6.00971e-05 0.116667 
0.0485891 0.000586362 0.561457 0.0187833 0.00146309 0.369121 
0.133375 0.000149568 0.553654 0.0315924 0.0732057 0.208024 
0.433563 0.000183487 0.480074 0.00692126 0.00636302 0.0728948 
0.31349 0.000148201 0.556434 0.000631762 0.00305689 0.12624 
0.196059 3.5778e-05 0.415771 0.00111528 0.361082 0.0259367 
0.0559424 0.000998826 0.505875 0.163852 4.15493e-05 0.273291 
0.0337289 0.0116027 0.946856 0.000943516 0.00128342 0.00558572 
0.180004 0.000697148 0.767588 0.00577319 0.00122714 0.0447105 
0.0701351 0.00134116 0.756331 0.140419 0.00601306 0.0257606 
0.195377 0.00272881 0.67442 0.0203914 0.00974796 0.0973353 
0.291671 0.00359587 0.586687 0.000178619 0.00231499 0.115553 
0.0963553 0.000150685 0.584508 0.00142849 0.215016 0.102541 
0.0140397 0.00119503 0.968414 0.0138225 0.000724427 0.00180451 
0.280808 1.68375e-05 0.497023 0.0580725 0.0084359 0.155644 
0.00251598 0.00791829 0.911014 0.0317559 0.00572582 0.04107 
0.149822 0.00026473 0.841224 0.00132521 0.00603664 0.00132748 
0.0320599 0.0024078 0.937079 0.00520291 0.00101334 0.0222367 
0.0159385 3.32504e-05 0.977119 9.37937e-08 0.000129187 0.00678045 
0.248189 0.000352779 0.71515 0.00736243 0.00613399 0.022812 
0.0320599 0.0024078 0.937079 0.00520291 0.00101334 0.0222367 
0.227396 2.34613e-05 0.50392 0.00424015 0.0771131 0.187307 
0.0129623 7.60986e-05 0.97049 0.00149416 0.000623328 0.0143537 
0.017186 0.00105649 0.975727 4.46605e-06 2.24021e-06 0.0060236 
0.0320599 0.0024078 0.937079 0.00520291 0.00101334 0.0222367 
0.341966 0.0039365 0.565784 0.0457292 0.0161713 0.0264128 
0.137669 0.000246226 0.835767 0.00803027 0.00105856 0.0172286 
0.354966 0.000892363 0.513163 0.00547681 0.0630267 0.0624751 
0.218872 0.0422407 0.710494 0.00146073 0.00778479 0.0191477 
0.300138 0.00790141 0.6257 0.00316117 0.0439889 0.0191102 
0.0520032 0.000408832 0.84816 0.0157334 0.00561015 0.0780848 
0.295308 0.000707506 0.674146 0.000102277 0.000760085 0.028976 
0.12378 0.0002127 0.856894 0.010643 0.000157689 0.00831277 
1.29525e-05 1.07912e-06 0.893 0.0877858 0.0111432 0.00805646 
0.0483876 0.0389182 0.400769 0.0370866 0.355269 0.11957 
0.212647 2.93329e-07 0.570153 5.79411e-05 0.000101125 0.217041 
0.263988 0.000373074 0.638033 0.000864805 0.0627985 0.0339428 
0.0320599 0.0024078 0.937079 0.00520291 0.00101334 0.0222367 
0.280808 1.68375e-05 0.497023 0.0580725 0.0084359 0.155644 
0.245654 0.000444478 0.511276 0.000113265 0.0162937 0.226218 
0.249462 0.000549837 0.592896 0.00649294 0.0159586 0.134641 
0.0320599 0.0024078 0.937079 0.00520291 0.00101334 0.0222367 
0.280808 1.68375e-05 0.497023 0.0580725 0.0084359 0.155644 
0.0935078 0.000527283 0.86768 0.0142937 0.00659337 0.0173981 
0.031306 0.15279 0.794733 0.0176011 0.000440336 0.0031296 
0.435864 0.000190992 0.492838 2.11658e-07 0.0591423 0.0119639 
0.222254 1.08809e-05 0.347605 0.00378305 0.239272 0.187076 
0.00322615 0.00028017 0.991786 5.66144e-06 7.71266e-07 0.0047013 
0.0310524 0.00148749 0.959305 1.56664e-08 0.00136113 0.00679418 
0.280808 1.68375e-05 0.497023 0.0580725 0.0084359 0.155644 
0.203666 0.00164676 0.70712 0.0210957 0.0350882 0.0313832 
0.340643 8.90046e-06 0.396818 4.39622e-05 0.153526 0.108961 
0.101473 0.000646899 0.777692 0.00611456 0.00885652 0.105217 
0.014571 0.000245028 0.774685 0.00269388 0.000100204 0.207705 
0.0921167 8.6527e-06 0.864705 8.4541e-07 0.0407667 0.00240188 
0.0320599 0.0024078 0.937079 0.00520291 0.00101334 0.0222367 
0.327383 0.000284585 0.402106 0.0556598 0.0799695 0.134596 
0.00500456 0.000491531 0.992146 0.000208813 3.24944e-07 0.00214848 
0.280808 1.68375e-05 0.497023 0.0580725 0.0084359 0.155644 
0.175795 0.000619757 0.78482 0.00481773 0.00395187 0.0299959 
0.403405 0.000456036 0.487113 0.0272879 0.000783115 0.0809542 
0.0320599 0.0024078 0.937079 0.00520291 0.00101334 0.0222367 
0.0101437 6.24085e-05 0.976413 0.00342417 0.00499885 0.00495815 
0.0140397 0.00119503 0.968414 0.0138225 0.000724427 0.00180451 
0.095729 0.0643002 0.824356 3.28297e-06 0.0116208 0.00399066 
0.251269 0.000184938 0.449475 0.0222059 0.12313 0.153735 
0.344176 0.00454083 0.52898 0.00394545 0.00168644 0.116672 
0.0395038 7.99922e-05 0.894206 2.10676e-07 2.90694e-05 0.0661811 
0.255381 0.000394892 0.564722 0.0270638 0.0146114 0.137827 
0.357379 0.0179319 0.585368 0.000783776 0.00642924 0.0321074 
0.0627771 0.000977762 0.730566 1.57076e-06 0.0841236 0.121554 
0.410104 0.00086555 0.544697 0.000811645 0.000518635 0.0430024 
0.166588 0.00044707 0.777528 0.0141536 0.0171522 0.0241314 
0.218799 0.0755027 0.669239 0.0112817 0.0232312 0.00194596 
0.224947 0.00292848 0.390271 0.00175093 0.35514 0.0249623 
0.428996 0.0814044 0.489582 2.96095e-06 7.58548e-07 1.36497e-05 
5.45392e-05 0.0283705 0.971527 4.28614e-05 1.63202e-06 3.32571e-06 
0.285875 0.000697247 0.58408 0.0250511 0.00189484 0.102401 
0.125687 0.000426925 0.668795 0.00515221 0.0250489 0.17489 
0.254527 0.00271962 0.558254 0.000496392 0.175821 0.00818193 
0.333968 0.0428498 0.366823 0.0322021 0.0263896 0.197767 
0.00414955 0.00991042 0.916629 0.00908372 5.74053e-08 0.0602268 
0.237215 3.48311e-05 0.685725 0.00172216 0.0149049 0.0603974 
0.428996 0.0814044 0.489582 2.96095e-06 7.58548e-07 1.36497e-05 
0.0805115 8.67085e-05 0.77658 0.00134028 0.00220606 0.139275 
0.0166827 0.00276197 0.943821 0.00304774 0.00308264 0.0306044 
0.169157 0.143885 0.672796 0.00711405 0.00239775 0.00464974 
0.23194 0.0146204 0.571396 0.0429984 0.00552665 0.133518 
0.0605142 0.000568708 0.873273 0.000364489 0.00213187 0.0631472 
0.0861662 9.70907e-08 0.600899 0.000154209 7.1051e-08 0.31278 
0.0667812 0.00869289 0.884465 0.000262965 0.00510604 0.0346918 
0.29368 0.0433835 0.627367 0.0021381 0.00619478 0.0272363 
0.295553 0.00645959 0.442105 0.0146083 0.201799 0.0394743 
0.375096 0.000231445 0.521129 0.0126018 0.0224128 0.0685292 
0.346696 0.000287981 0.514092 0.0018906 0.0148194 0.122214 
0.05556 0.00177532 0.889833 0.038982 0.000232214 0.0136178 
0.168119 0.000240773 0.75966 0.000409185 0.00346571 0.0681053 
0.131269 0.000667698 0.77079 0.0411728 0.0124731 0.0436278 
0.0337289 0.0116027 0.946856 0.000943516 0.00128342 0.00558572 
0.0490785 2.25054e-11 0.849769 3.23335e-07 2.5694e-07 0.101152 
0.192848 0.00770717 0.407561 0.00124438 0.0492866 0.341353 
0.0320599 0.0024078 0.937079 0.00520291 0.00101334 0.0222367 
0.428996 0.0814044 0.489582 2.96095e-06 7.58548e-07 1.36497e-05 
0.204549 0.000394704 0.780297 0.00473194 0.000411991 0.00961451 
0.160088 8.41666e-05 0.773287 0.00339209 0.0179038 0.0452441 
0.00880146 6.29464e-09 0.93945 4.14819e-09 1.3454e-06 0.0517474 
0.0337289 0.0116027 0.946856 0.000943516 0.00128342 0.00558572 
0.0491927 0.000126656 0.921885 0.000483727 0.0192757 0.00903656 
0.0329594 0.000689229 0.944308 2.44365e-05 0.0110793 0.0109397 
0.356259 0.00860827 0.461743 0.0024307 0.000628871 0.17033 
0.370642 0.00014853 0.40942 0.0156865 0.0157112 0.188392 
0.275214 0.000105829 0.622903 0.00683355 0.000806526 0.0941366 
0.243158 6.65275e-05 0.572929 0.00333132 0.160922 0.0195927 
0.0692454 0.000144521 0.87172 0.000156352 0.00648616 0.0522474 
0.347599 0.00133596 0.476916 0.0152809 0.0015181 0.157349 
0.15441 7.06285e-05 0.60312 0.000337951 0.0026408 0.239421 
0.278227 8.52229e-06 0.596074 0.0179334 0.0242813 0.0834756 
0.112244 0.00028763 0.724585 0.0933075 0.0270551 0.0425203 
0.192443 0.000125299 0.654842 0.00544718 0.0010435 0.146099 
0.386999 3.58973e-05 0.406097 4.09575e-05 0.17277 0.0340567 
0.0825368 0.000205388 0.838072 1.32161e-06 0.00187057 0.0773135 
0.154381 0.00180563 0.797854 0.0318645 0.00174326 0.0123524 
0.294718 0.00138034 0.436573 0.0218173 0.0225279 0.222983 
0.287473 0.0168128 0.508876 0.000907239 0.04134 0.144591 
0.435309 0.000115136 0.52402 0.00477552 0.000467155 0.035313 
0.435309 0.000115136 0.52402 0.00477552 0.000467155 0.035313 
0.233428 0.00158282 0.527148 0.0007832 0.00391795 0.23314 
0.281519 0.000110521 0.463428 1.58224e-06 0.00255751 0.252383 
0.249581 0.000392346 0.581395 0.0401585 0.00720646 0.121267 
5.28139e-05 4.25995e-05 0.98641 0.0131851 0.000166574 0.000143356 
0.0105992 5.14438e-09 0.823873 5.66686e-05 3.76465e-09 0.165471 
0.0750532 3.99838e-05 0.5499 0.0514869 0.00469871 0.318821 
0.444119 0.000957311 0.504118 5.12663e-10 0.00427932 0.0465263 
0.175738 0.104353 0.642794 0.0033324 0.0597966 0.0139853 
0.186702 0.00268296 0.738624 0.00234938 0.0443323 0.025309 
0.392688 0.00669889 0.51314 0.00391602 0.0200839 0.0634733 
0.213303 0.0274841 0.608651 0.0161175 0.0888834 0.0455612 
0.031306 0.15279 0.794733 0.0176011 0.000440336 0.0031296 
0.0901519 4.34076e-05 0.805523 0.0136998 0.0203513 0.0702309 
0.0320599 0.0024078 0.937079 0.00520291 0.00101334 0.0222367 
0.288849 0.000353415 0.608848 0.0144678 0.0291971 0.0582853 
0.111332 0.000275691 0.854255 0.0173385 0.0074049 0.00939346 
0.222767 0.000460581 0.72818 0.00712975 0.00330598 0.0381569 
0.271515 0.000897216 0.512276 0.000453819 0.0412155 0.173643 
0.42165 0.000663074 0.447398 0.00516963 0.000496228 0.124623 
0.245699 0.000182524 0.670395 0.0266737 0.00108834 0.0559619 
0.0578447 0.00013432 0.906173 0.000575352 0.0260949 0.00917783 
0.240754 0.00010448 0.720307 0.00398402 0.0146336 0.0202163 
0.0362872 1.84714e-05 0.928438 9.54593e-06 5.56977e-05 0.0351914 
0.089272 0.000312432 0.766976 0.0201864 0.00410231 0.119151 
0.293185 6.03006e-05 0.476321 4.22475e-05 0.0179809 0.212411 
0.27884 0.000549453 0.5698 0.00604068 0.00293331 0.141836 
0.248151 0.000575908 0.529228 0.0608909 0.00293742 0.158217 
0.0632645 0.000108871 0.914922 0.0034573 0.000347077 0.0179001 
0.00299894 0.000147199 0.995624 0.000330751 0.000138362 0.000760782 
0.031306 0.15279 0.794733 0.0176011 0.000440336 0.0031296 
0.0627771 0.000977762 0.730566 1.57076e-06 0.0841236 0.121554 
0.0603889 0.000521752 0.689197 0.00700127 0.239142 0.00374981 
0.154381 0.00180563 0.797854 0.0318645 0.00174326 0.0123524 
0.177857 0.000341633 0.644684 0.0291544 0.00655951 0.141404 
0.280808 1.68375e-05 0.497023 0.0580725 0.0084359 0.155644 
0.435309 0.000115136 0.52402 0.00477552 0.000467155 0.035313 
0.280808 1.68375e-05 0.497023 0.0580725 0.0084359 0.155644 
0.140147 1.49078e-09 0.506263 0.00115569 0.00597119 0.346463 
0.15978 0.0374679 0.628845 0.00108281 0.00547404 0.16735 
0.158158 0.000481274 0.668837 0.0228946 0.0621591 0.0874702 
0.217827 1.64374e-05 0.622851 4.4298e-06 0.102395 0.0569059 
0.031306 0.15279 0.794733 0.0176011 0.000440336 0.0031296 
0.187365 0.202213 0.339977 0.0847734 0.00157526 0.184097 
0.0759506 8.39071e-05 0.880417 0.00779492 0.00277674 0.0329772 
0.117057 2.16738e-05 0.873696 9.22044e-06 0.00817293 0.0010435 
0.25491 2.68018e-05 0.382481 0.00418013 0.00772848 0.350674 
0.284399 0.00061785 0.388781 0.0199389 0.17745 0.128813 
0.068876 0.00103898 0.822216 0.00530501 0.00523874 0.0973252 
0.369218 4.48371e-05 0.419829 0.00796104 0.000700899 0.202247 
0.0596072 0.000374295 0.806576 0.008154 9.28356e-05 0.125195 
0.119749 0.000280827 0.802378 0.000382166 0.0161192 0.0610914 
0.187365 0.202213 0.339977 0.0847734 0.00157526 0.184097 
0.191311 8.35847e-05 0.790214 4.36138e-06 0.00243126 0.0159559 
0.136405 1.8356e-05 0.801397 0.00205562 0.0149068 0.0452174 
0.400448 0.00286057 0.560127 0.0037077 0.00247435 0.0303826 
0.309743 0.000276087 0.577662 0.000254623 0.030335 0.0817288 
0.224105 0.0369832 0.669563 0.0252894 0.0177253 0.0263334 
0.189194 9.09124e-07 0.65172 0.0498503 0.00172905 0.107506 
0.123039 0.000820687 0.819472 1.48909e-06 0.0344384 0.0222282 
0.239126 0.0180078 0.401422 0.00415957 0.00503772 0.332247 
0.125312 0.000553284 0.681682 0.00288424 0.0107217 0.178846 
0.00680685 0.000443144 0.991866 0.000436681 0.000233109 0.00021376 
0.085818 0.000129268 0.794825 0.0232319 0.000299049 0.0956964 
0.0140397 0.00119503 0.968414 0.0138225 0.000724427 0.00180451 
0.40969 0.000404485 0.496886 0.00150757 0.00860897 0.0829032 
0.20177 0.000120362 0.619614 0.0262004 0.000364218 0.151932 
0.28173 0.000638181 0.599453 0.0086632 0.0449683 0.0645467 
0.178601 0.000995466 0.792874 1.19126e-10 0.00230799 0.025222 
0.328589 0.00293303 0.456746 0.0831314 0.00088286 0.127718 
2.02433e-07 2.08258e-06 0.999994 1.37243e-06 1.52403e-06 5.23986e-07 
0.207147 0.0022414 0.746583 0.000897702 0.000633925 0.0424966 
0.0320599 0.0024078 0.937079 0.00520291 0.00101334 0.0222367 
0.0320599 0.0024078 0.937079 0.00520291 0.00101334 0.0222367 
0.141181 0.000159981 0.756689 0.000468336 0.0210322 0.0804693 
0.275114 0.000105727 0.370832 0.0339052 0.0386376 0.281406 
0.0325604 0.000817656 0.925372 0.0164568 0.00207727 0.0227158 
0.0705399 0.000338515 0.919134 0.00558889 0.000114006 0.00428476 
0.00248069 6.9235e-06 0.930762 1.46867e-06 0.000349535 0.0663998 
0.27382 3.28319e-05 0.44618 0.00419028 0.0177237 0.258053 
0.0320599 0.0024078 0.937079 0.00520291 0.00101334 0.0222367 
0.42165 0.000663074 0.447398 0.00516963 0.000496228 0.124623 
0.0500351 0.000200388 0.929126 0.00637433 0.00138209 0.0128818 
0.127685 0.000993141 0.663279 0.0179728 0.0240797 0.165991 
0.167893 0.000795415 0.414695 0.00815738 0.0028289 0.405631 
0.0320599 0.0024078 0.937079 0.00520291 0.00101334 0.0222367 
0.222818 6.1346e-05 0.685122 1.4384e-06 0.00505996 0.0869374 
0.340864 0.118599 0.454117 0.00791362 0.0314955 0.0470114 
0.218275 0.000213531 0.747796 0.00181929 0.00280949 0.0290863 
0.39207 0.0062644 0.473416 0.0167127 0.010658 0.100879 
0.00932347 3.66921e-05 0.953386 0.000738884 0.000339218 0.0361762 
0.32939 0.00121618 0.576808 0.0186814 0.0166907 0.0572135 
0.0140397 0.00119503 0.968414 0.0138225 0.000724427 0.00180451 
0.350169 0.000189156 0.56587 0.000491389 0.00124006 0.0820406 
0.106295 0.000218211 0.684194 0.00370767 0.0134305 0.192154 
0.0418482 9.22897e-07 0.951312 5.89966e-05 0.00184119 0.00493843 
0.477561 0.000648507 0.497729 0.0096497 0.00203054 0.0123816 
0.00500456 0.000491531 0.992146 0.000208813 3.24944e-07 0.00214848 
0.23223 0.000276521 0.615992 0.00250725 0.00116677 0.147827 
0.154381 0.00180563 0.797854 0.0318645 0.00174326 0.0123524 
0.211533 1.92998e-05 0.6523 0.0023086 0.0136033 0.120236 
0.216616 0.000301206 0.722867 0.0237122 0.000765484 0.0357383 
0.428996 0.0814044 0.489582 2.96095e-06 7.58548e-07 1.36497e-05 
0.00251598 0.00791829 0.911014 0.0317559 0.00572582 0.04107 
0.476395 4.8197e-05 0.480301 2.13403e-05 0.0351937 0.00804067 
0.0750053 5.27391e-05 0.833089 0.00655574 0.000151398 0.0851463 
2.22357e-05 0.000228756 0.999373 0.000150751 0.000167404 5.75559e-05 
0.0934663 0.000727259 0.705241 0.0197694 0.00280846 0.177988 
0.18637 0.000355765 0.569881 0.0186125 0.00648921 0.218291 
0.0320599 0.0024078 0.937079 0.00520291 0.00101334 0.0222367 
0.031306 0.15279 0.794733 0.0176011 0.000440336 0.0031296 
0.0675374 0.000816021 0.929092 9.86283e-06 4.76272e-05 0.00249721 
0.254263 0.00274065 0.645006 0.00901034 0.0006316 0.0883493 
0.1708 0.0192956 0.498851 0.0292543 0.00289486 0.278904 
0.157852 0.00105751 0.794912 0.00158803 2.16896e-06 0.0445889 
0.146798 0.0407005 0.72879 0.00421911 0.0128653 0.0666269 
0.315169 0.00164937 0.588201 0.0236582 0.0049884 0.0663345 
0.293185 6.03006e-05 0.476321 4.22475e-05 0.0179809 0.212411 
0.0941712 0.000739464 0.815036 0.0297747 0.0242294 0.0360496 
0.280808 1.68375e-05 0.497023 0.0580725 0.0084359 0.155644 
0.396197 0.00363469 0.496426 0.00815623 0.00203367 0.0935527 
0.144965 0.000128369 0.680997 0.014175 0.0126426 0.147093 
0.183199 0.000546718 0.368227 0.0895982 0.00589834 0.35253 
0.231978 0.0468254 0.381011 0.00142784 0.280721 0.0580372 
0.216078 6.848e-06 0.783513 3.41339e-07 1.7799e-05 0.000384601 
0.348943 0.00271192 0.459867 0.00474453 0.15569 0.0280423 
0.095265 0.000162455 0.759591 0.00420806 0.000511704 0.140262 
0.267138 0.0430699 0.326982 0.0894234 0.00378675 0.269601 
0.0395038 7.99922e-05 0.894206 2.10676e-07 2.90694e-05 0.0661811 
0.289134 0.00677904 0.678538 9.13971e-05 0.00179731 0.0236594 
0.242777 1.71515e-06 0.542799 6.71527e-06 0.178393 0.0360222 
0.348725 0.00284686 0.454445 0.000840854 0.128145 0.0649969 
0.348943 0.00271192 0.459867 0.00474453 0.15569 0.0280423 
0.125317 0.000409438 0.643543 0.000106046 0.00303374 0.227591 
0.326998 0.118394 0.463892 0.00288309 0.0103077 0.0775242 
0.100287 0.0136998 0.809988 0.0349085 0.0193147 0.0218022 
0.168806 0.00132442 0.829853 7.61077e-06 5.9213e-06 3.66606e-06 
0.195557 0.000945794 0.591235 0.0159862 0.0605505 0.135726 
0.241491 0.000677699 0.650054 0.0482382 0.00189594 0.0576438 
0.182201 0.000555516 0.688994 0.0373518 0.00309133 0.0878061 
0.00500456 0.000491531 0.992146 0.000208813 3.24944e-07 0.00214848 
0.280808 1.68375e-05 0.497023 0.0580725 0.0084359 0.155644 
0.258074 0.0712696 0.50633 0.00191647 0.0452473 0.117163 
0.428996 0.0814044 0.489582 2.96095e-06 7.58548e-07 1.36497e-05 
0.144538 1.0291e-05 0.74545 0.00459921 0.000193273 0.105209 
0.220668 5.62563e-05 0.70094 0.00990212 0.0229066 0.0455266 
8.71433e-09 2.83004e-11 0.980695 0.0100406 2.07102e-11 0.00926465 
0.0961618 0.000142141 0.820383 0.0123646 0.0087237 0.0622253 
0.103775 0.000644257 0.869919 0.000940482 0.00251662 0.022205 
0.0935078 0.000527283 0.86768 0.0142937 0.00659337 0.0173981 
0.121351 9.75948e-05 0.7352 0.00155126 0.00193313 0.139867 
0.135482 0.0011407 0.410143 0.0127121 0.346074 0.0944482 
0.100486 0.356783 0.462272 9.62184e-06 0.00324773 0.0772017 
0.280344 6.26545e-06 0.65766 0.00242137 0.00634148 0.0532265 
0.1423 1.31583e-07 0.827862 8.67137e-08 0.005663 0.0241746 
8.45945e-06 0.000543157 0.999425 1.16105e-05 5.82445e-06 6.2373e-06 
0.185851 0.00247715 0.65734 0.00228124 0.0244943 0.127556 
0.191107 0.0337505 0.624043 0.00165516 0.00183309 0.147611 
0.0814908 0.00272339 0.826393 0.00135225 0.00270405 0.0853369 
0.288619 3.35841e-05 0.398563 0.00423276 0.160584 0.147968 
0.0225583 0.00021646 0.602588 0.132751 0.0062747 0.235611 
0.0362872 1.84714e-05 0.928438 9.54593e-06 5.56977e-05 0.0351914 
0.399588 0.00867523 0.442596 0.00219178 0.120993 0.0259564 
0.234394 0.000707491 0.642011 0.0182444 0.00940991 0.0952323 
0.247806 0.000362449 0.561085 0.000252296 0.00336105 0.187133 
0.0513788 4.23832e-05 0.635839 0.0208286 4.30774e-06 0.291907 
0.186288 0.0409869 0.742231 0.0102997 0.0123108 0.00788292 
0.304964 3.25954e-05 0.677297 0.000199118 2.07201e-05 0.0174867 
0.435309 0.000115136 0.52402 0.00477552 0.000467155 0.035313 
0.107301 0.000288221 0.874556 0.00292101 0.00132217 0.013612 
0.417777 0.0147076 0.532787 0.0147481 0.000229317 0.0197509 
0.0320599 0.0024078 0.937079 0.00520291 0.00101334 0.0222367 
0.0320599 0.0024078 0.937079 0.00520291 0.00101334 0.0222367 
0.330262 0.0369267 0.523757 9.11636e-05 0.0183286 0.0906345 
0.0101437 6.24085e-05 0.976413 0.00342417 0.00499885 0.00495815 
0.0320599 0.0024078 0.937079 0.00520291 0.00101334 0.0222367 
0.0320599 0.0024078 0.937079 0.00520291 0.00101334 0.0222367 
0.151549 1.43624e-05 0.59578 0.0484809 0.00924939 0.194927 
0.198406 3.93653e-05 0.741758 0.00177855 0.00425522 0.0537631 
0.18266 0.000266199 0.649118 0.0347387 0.00591073 0.127307 
0.250699 5.59438e-05 0.514431 0.0123576 0.155398 0.0670586 
0.05556 0.00177532 0.889833 0.038982 0.000232214 0.0136178 
0.139559 0.00785213 0.819253 0.00279136 0.000191169 0.0303534 
0.181662 0.00010026 0.53837 0.00417011 0.0241549 0.251543 
0.0116705 1.53507e-05 0.903572 0.0633113 0.000598286 0.0208326 
0.270437 2.22615e-05 0.389328 0.0120588 0.0162133 0.311941 
0.313639 0.000160265 0.534858 0.000250133 0.00907662 0.142016 
0.357918 0.00687923 0.448515 0.00380908 0.00910909 0.17377 
0.170367 0.206693 0.41095 0.0741157 0.0170199 0.120854 
0.0115347 0.000238716 0.954249 0.00610153 4.526e-05 0.0278304 
0.0320599 0.0024078 0.937079 0.00520291 0.00101334 0.0222367 
0.0315773 9.1415e-05 0.942993 0.00382649 0.000546995 0.0209647 
0.0320599 0.0024078 0.937079 0.00520291 0.00101334 0.0222367 
0.05556 0.00177532 0.889833 0.038982 0.000232214 0.0136178 
0.406933 0.00351748 0.487754 0.000399442 0.0705717 0.0308248 
0.0834445 0.00506764 0.869888 0.0024105 0.032985 0.00620477 
0.401575 0.0003023 0.574691 0.0149462 0.00154268 0.00694226 
0.216464 0.0015358 0.738946 0.00462303 0.000713907 0.0377176 
0.341919 0.000846201 0.622454 0.00659175 0.00260707 0.0255817 
0.151735 0.000155381 0.799981 0.00238499 0.022424 0.0233198 
0.0320599 0.0024078 0.937079 0.00520291 0.00101334 0.0222367 
0.0140397 0.00119503 0.968414 0.0138225 0.000724427 0.00180451 
0.0320599 0.0024078 0.937079 0.00520291 0.00101334 0.0222367 
7.192e-06 0.00263949 0.995317 1.43479e-05 0.00201647 5.74954e-06 
0.0925961 6.33552e-06 0.837984 1.8545e-06 0.00691081 0.0625012 
0.370265 0.110078 0.42411 0.0238666 0.00731597 0.0643648 
0.238184 0.0108723 0.637889 0.00668726 0.0143205 0.0920464 
0.194149 0.000148371 0.759543 1.81916e-05 0.0213851 0.0247556 
0.191026 0.00021125 0.768404 0.00285788 0.0215126 0.0159875 
0.288318 1.52589e-05 0.47858 0.0207258 0.0368301 0.175531 
0.233003 0.03414 0.466457 0.00523523 0.18802 0.0731455 
0.235839 0.000566961 0.616607 0.0170711 0.000163083 0.129753 
0.0654174 0.00103818 0.804121 0.00112458 0.113611 0.0146883 
0.125269 0.000653033 0.36246 0.000276195 0.280945 0.230396 
0.0667812 0.00869289 0.884465 0.000262965 0.00510604 0.0346918 
0.280808 1.68375e-05 0.497023 0.0580725 0.0084359 0.155644 
0.473421 0.000529649 0.494505 0.0139297 0.00555694 0.0120576 
0.00186033 0.000353513 0.996968 0.000198698 1.74053e-06 0.000618025 
0.031306 0.15279 0.794733 0.0176011 0.000440336 0.0031296 
0.368541 0.0156228 0.517733 0.0226089 0.0211362 0.0543576 
0.222641 0.000530417 0.537756 0.0455204 0.0277364 0.165816 
0.00672021 0.000299565 0.944576 0.000534739 0.0229611 0.0249086 
0.166396 0.000415699 0.782103 0.00147587 0.00126877 0.0483405 
0.114111 2.0926e-05 0.436856 0.0288951 0.00841702 0.4117 
0.213113 3.76249e-05 0.752039 0.00701042 0.000263755 0.0275364 
0.197101 0.00836374 0.774256 0.000676704 0.000567952 0.0190339 
0.352817 0.009907 0.53281 0.00431851 0.0331158 0.0670318 
0.0379189 0.00019922 0.869535 0.0141082 0.01565 0.0625892 
0.112422 0.00259781 0.786713 0.0550129 0.00520189 0.038053 
0.0961791 0.00398626 0.534074 0.0174351 0.000481493 0.347844 
0.36319 9.42652e-07 0.396841 0.000274626 0.0186779 0.221015 
