0.10477 5.50632e-09 0.0181573 0.00245801 0.00361518 0.871 
0.051858 0.000105573 0.00198308 4.18229e-07 0.000460316 0.945593 
0.0748022 4.68234e-07 0.00882674 0.407065 0.00159614 0.50771 
0.109151 0.000212626 0.187342 0.15764 0.00762244 0.538032 
0.267683 0.0410203 0.0963811 0.0753948 0.00670032 0.51282 
0.0342965 0.000204241 0.00712254 0.000687737 0.000362763 0.957326 
0.30801 0.000164728 0.174781 0.00118527 0.0108437 0.505015 
0.341494 0.00104848 0.156826 0.0419727 0.00422238 0.454437 
0.242255 9.96973e-07 0.00453738 0.00128875 0.0364722 0.715445 
0.0766714 2.23193e-08 0.037324 0.157135 3.39485e-05 0.728836 
0.0668166 2.67966e-08 8.94131e-05 0.0198457 0.000200698 0.913048 
0.14911 0.00100694 0.0462647 0.0931514 0.00744035 0.703026 
0.0541665 4.83075e-05 0.00196525 0.0036424 0.000169194 0.940008 
0.0730092 0.0136669 0.0760485 0.00147176 0.00153047 0.834273 
0.337378 0.000157643 0.29871 0.00473758 0.0208914 0.338124 
0.188519 0.00350582 0.0731555 0.078533 0.00823576 0.648051 
0.148735 0.000203888 0.0110977 0.0489846 0.00560472 0.785374 
0.382194 0.00574552 0.10102 0.00563317 0.00280736 0.5026 
0.208334 0.00052322 0.0510761 0.353679 0.0061324 0.380255 
0.415214 0.000151809 0.0962207 0.0588448 0.00468837 0.42488 
0.259554 0.000301588 0.151048 0.0219648 0.0971332 0.469998 
0.0730092 0.0136669 0.0760485 0.00147176 0.00153047 0.834273 
0.0781253 0.000118296 0.100696 0.351903 0.00978838 0.459369 
0.278718 0.0013276 0.0630887 0.0688953 0.0234817 0.564489 
0.0242906 0.000226957 0.000946331 0.253968 0.00464598 0.715922 
0.110835 7.4389e-05 0.0417621 0.0472941 0.000283837 0.799751 
0.292305 0.000105533 0.0202272 0.111103 0.00431328 0.571946 
0.250525 0.0110979 0.238183 0.00206435 0.00754367 0.490587 
0.0108781 1.08293e-06 0.107843 0.00062101 1.76276e-05 0.880639 
0.325022 0.000195866 0.0366727 0.219078 0.00219773 0.416833 
0.0914136 8.00146e-05 0.0531525 0.00532326 0.000508975 0.849522 
0.0474075 0.000513205 0.0355161 0.199491 0.00315239 0.71392 
0.0294567 2.20375e-05 0.00333108 0.000578153 0.000356695 0.966255 
0.252919 0.000902123 0.0725431 0.0566955 0.059187 0.557754 
0.304086 0.000276331 0.123753 0.00737236 0.0263175 0.538194 
0.284835 0.00486795 0.0666502 0.139234 0.00914308 0.49527 
0.0366031 0.00260567 0.0815731 1.55299e-05 0.00433272 0.87487 
0.266049 1.34607e-05 0.0337707 0.0422557 0.00124204 0.656669 
0.311676 0.000101118 0.102861 0.101346 0.00813854 0.475877 
0.40909 7.15121e-05 0.0533511 0.0226038 0.00293469 0.511949 
0.277528 0.010204 0.171886 0.0969409 0.0228751 0.420566 
0.365208 5.18749e-05 0.0645638 3.5493e-05 0.00179176 0.56835 
0.116816 1.91604e-07 0.0672438 3.54372e-08 0.00156645 0.814373 
0.202384 0.07803 0.0274588 0.0117269 0.0223418 0.658058 
0.0541665 4.83075e-05 0.00196525 0.0036424 0.000169194 0.940008 
0.14376 0.00107674 0.179399 6.8627e-06 9.14844e-06 0.675748 
0.201717 7.88475e-05 0.0522774 0.0264634 0.239466 0.479998 
0.00117049 0.000182741 0.00309726 0.000202399 0.00015445 0.995193 
0.0228545 0.000148076 0.0362927 0.0553582 0.00156168 0.883785 
0.17695 9.10322e-06 0.007104 0.152591 0.0104206 0.652924 
0.19018 1.67179e-05 0.00973165 0.0434154 0.0217066 0.73495 
0.00117049 0.000182741 0.00309726 0.000202399 0.00015445 0.995193 
0.0395389 2.34114e-05 0.184236 0.0550611 0.00284047 0.7183 
0.0755292 0.00028152 0.0398689 0.43005 0.00206728 0.452203 
0.201311 0.00199122 0.156905 0.0849015 0.00515237 0.549739 
0.43269 0.000170804 0.0851723 0.00228241 0.00207801 0.477606 
0.0294567 2.20375e-05 0.00333108 0.000578153 0.000356695 0.966255 
0.0455616 3.72723e-05 0.00244887 0.0151133 0.00261911 0.93422 
0.202957 1.37902e-05 0.0104617 0.0596907 0.029954 0.696923 
0.478745 0.00218228 0.0212101 0.000329528 0.00112477 0.496408 
0.203112 0.000193024 0.00401127 0.196671 0.00212729 0.593886 
0.134042 2.83201e-05 0.00500993 0.31952 0.001527 0.539873 
0.117747 0.0116564 0.0547417 0.0491089 0.000540811 0.766205 
0.41705 4.27492e-05 0.0588172 0.0198283 0.0430497 0.461212 
0.29085 0.000212066 0.181501 0.0139739 0.0119156 0.501547 
0.00111908 3.24427e-07 0.00127461 3.88286e-06 1.40837e-05 0.997588 
0.134042 2.83201e-05 0.00500993 0.31952 0.001527 0.539873 
0.327867 2.76305e-05 0.249803 0.00113612 0.00554203 0.415624 
0.0294567 2.20375e-05 0.00333108 0.000578153 0.000356695 0.966255 
0.332825 0.00742487 0.0174911 0.00105451 0.0139265 0.627278 
0.00241742 1.29429e-05 0.0327317 0.000104645 4.94075e-07 0.964733 
0.329639 5.78565e-05 0.12556 0.00802554 0.00137674 0.53534 
0.0414716 8.49845e-05 0.00388196 0.020233 7.59694e-05 0.934252 
0.227458 2.40029e-05 0.339216 0.000375518 0.0222195 0.410707 
0.343369 4.65649e-07 0.012146 0.245375 8.98565e-07 0.399108 
0.0698352 0.000491664 0.0116817 0.000352251 0.00185393 0.915785 
0.138427 0.00191768 0.0375621 0.0670517 0.00614518 0.748896 
0.20045 8.5922e-05 0.00512428 0.0212077 0.000737518 0.772395 
0.265631 0.00184047 0.325726 0.00901843 0.00182199 0.395962 
0.143974 3.7967e-08 0.00765089 0.20347 0.00212888 0.642776 
0.323487 0.00656675 0.0845698 0.0225858 0.0389162 0.523874 
0.0517691 0.00020139 0.194237 0.216866 0.0101661 0.52676 
0.0714611 0.000491664 0.0114332 0.000334925 0.00183677 0.914442 
0.0762947 0.00250099 0.0814521 0.0943089 0.000370359 0.745073 
0.0386829 4.87732e-07 0.000134714 0.00776986 0.0317754 0.921637 
0.0716844 2.44934e-05 0.0946834 0.00470278 0.00335119 0.825554 
0.243824 1.40424e-05 0.0787771 0.0243928 0.00194175 0.65105 
0.0414716 8.49845e-05 0.00388196 0.020233 7.59694e-05 0.934252 
0.0659762 4.16687e-07 0.389157 0.0975548 4.16714e-07 0.447311 
0.0648543 9.79465e-08 0.00231924 0.00404823 0.0466797 0.882098 
0.24061 0.000268889 0.126241 0.110455 0.0522611 0.470165 
0.170655 0.000512814 0.0920999 0.014287 0.00172701 0.720719 
0.0656374 0.000840477 0.0105036 0.185918 0.00324582 0.733855 
0.000464591 1.30231e-07 0.000100448 8.58226e-08 0.00129621 0.998139 
0.173489 0.00480852 0.0446774 0.111678 0.0112971 0.65405 
0.305472 0.000111541 0.0236373 0.0315034 0.00677564 0.6325 
0.217518 0.00225876 0.0476626 0.083114 0.0264192 0.623028 
0.0350647 2.35946e-11 7.86733e-06 0.00304545 0.00477897 0.957103 
0.0745978 4.42938e-08 0.00396475 0.397862 0.000398165 0.523177 
0.0328363 4.08146e-06 0.0561413 0.00101244 0.00507601 0.90493 
0.165986 0.000287726 0.158404 0.0202638 0.0167446 0.638313 
0.0635228 8.89309e-05 0.238252 0.0128099 0.01121 0.674116 
0.0518395 0.000101809 0.00406626 0.0252913 8.91857e-05 0.918612 
0.0841099 0.00013966 0.0143343 0.177329 0.000765751 0.723321 
0.402279 2.66111e-06 0.154274 1.85959e-06 0.000910282 0.442533 
0.0414716 8.49845e-05 0.00388196 0.020233 7.59694e-05 0.934252 
0.335887 2.05988e-05 0.00635791 0.000117845 0.0116657 0.645951 
0.309621 2.53316e-05 0.0356749 0.0214384 0.0512193 0.582021 
0.353218 9.86512e-05 0.0762685 0.0099696 0.0391811 0.521264 
0.000887279 2.05235e-06 0.0914613 4.02408e-05 4.25046e-05 0.907567 
0.253382 0.00262024 0.302248 0.0212846 0.0142952 0.40617 
0.146094 1.17122e-08 0.00455571 0.01985 0.0128239 0.816676 
0.0527904 0.000248372 0.218733 7.8593e-06 0.015498 0.712723 
0.0713656 0.00025661 0.089244 0.00797717 0.000748304 0.830408 
0.187615 0.0393041 0.275422 4.70431e-05 0.000353236 0.497259 
0.215051 0.0529155 0.0228997 0.0260546 0.0322518 0.650827 
0.326135 5.51382e-06 0.0349999 0.00609547 0.000381122 0.632383 
0.333297 2.69684e-05 0.236129 0.00996616 0.0228098 0.397771 
0.231935 3.1956e-05 0.0743315 0.049136 0.0104773 0.634088 
0.342234 0.000379437 0.0617818 0.175194 0.00063416 0.419776 
0.193452 7.45834e-06 0.0767034 0.00544116 0.0150343 0.709362 
0.0732796 5.0067e-12 0.00259293 9.35361e-06 0.0061095 0.918009 
0.181284 0.00190348 0.0361956 0.0374452 0.00615533 0.737016 
0.249746 0.0172308 0.105671 0.0210712 0.0111752 0.595106 
0.160643 5.48299e-07 0.0370082 0.0354429 0.0445194 0.722386 
0.0567749 0.000156921 0.00461363 0.0260104 0.00389406 0.90855 
0.0376241 9.43902e-05 0.252623 0.00851635 0.000367267 0.700775 
0.18138 3.61723e-06 0.0247923 0.00274813 0.0534891 0.737587 
0.140346 0.00267668 0.133674 0.0435961 0.00902223 0.670685 
0.0452434 0.000151876 0.403222 0.0138311 0.00212175 0.53543 
0.0834596 7.56637e-06 0.00751961 0.0394219 0.00253155 0.86706 
0.0671082 8.16075e-05 0.00645674 0.129752 0.000415526 0.796186 
0.202591 0.000117274 0.316847 0.000549083 0.11586 0.364035 
0.193452 7.45834e-06 0.0767034 0.00544116 0.0150343 0.709362 
0.37876 2.05361e-06 0.0985849 0.0107054 0.0159968 0.495951 
0.00603877 6.66378e-08 0.0221959 0.0129646 0.000818326 0.957982 
0.0355103 2.21973e-05 0.00945975 0.470677 0.000721563 0.483609 
0.290578 4.3018e-05 0.0262778 0.00269225 0.304056 0.376352 
0.363256 0.000114549 0.0885901 0.0958949 0.0035662 0.448579 
0.201297 0.000744888 0.157753 0.00464577 0.0539808 0.581579 
0.0591071 5.82032e-05 0.408904 0.000125505 3.64548e-09 0.531806 
0.0617663 0.000194762 0.103055 0.127971 2.20319e-09 0.707013 
0.158279 0.000324557 0.235589 0.0342378 0.00471946 0.56685 
0.253373 0.132563 0.0391599 0.000188253 0.0116922 0.563024 
0.0796011 0.0194792 0.0877064 0.0955014 0.0016158 0.716096 
0.0766714 2.23193e-08 0.037324 0.157135 3.39485e-05 0.728836 
0.0265506 0.00189523 0.0591756 1.16835e-05 0.00314585 0.909221 
0.0786738 0.000121906 0.0306606 0.0228016 0.0100105 0.857732 
0.172831 0.00141915 0.308959 0.0438224 0.0521048 0.420863 
0.0185759 0.00349585 0.0183933 0.00255995 0.000725597 0.956249 
0.0052628 1.0861e-08 0.000466278 0.141518 3.93569e-05 0.852714 
0.393644 0.000656951 0.157607 0.0234023 0.00192229 0.422768 
0.0372953 0.00104167 0.339488 0.00406568 0.0032944 0.614815 
0.203546 0.01422 0.119046 0.0593383 0.0257654 0.578084 
0.348189 5.81836e-05 0.195177 0.0181846 0.0360665 0.402324 
0.0195554 0.000484755 0.000690051 0.442152 7.44003e-05 0.537043 
0.419795 6.52239e-05 0.0493095 0.0251886 0.0234879 0.482154 
0.345882 0.00890826 0.108363 0.0491263 0.00691631 0.480805 
0.0627158 0.00021412 0.00648159 0.00622235 0.000279775 0.924086 
0.247346 0.000130337 0.242732 0.0241053 0.141868 0.343819 
0.159453 8.18657e-05 0.0443317 0.0512856 0.00852227 0.736326 
0.000713944 8.85991e-12 5.30799e-05 5.83872e-12 6.48368e-12 0.999233 
0.0414716 8.49845e-05 0.00388196 0.020233 7.59694e-05 0.934252 
0.265023 0.00117312 0.304749 0.00322882 0.000484452 0.425341 
0.117892 0.00242561 0.0218712 0.0590572 0.00297256 0.795782 
0.0929493 1.17444e-05 0.0278067 0.000214302 0.00739868 0.871619 
0.112483 0.0108151 0.0168038 0.185514 0.000925289 0.67346 
0.274376 0.000212074 0.0850265 0.00357991 0.0143425 0.622463 
0.0179544 3.54419e-06 0.0690782 0.000483881 0.00602773 0.906452 
0.293165 0.0062698 0.0205831 0.0152539 0.00227282 0.662456 
0.0371523 8.47987e-05 0.0153633 0.0640035 0.00121573 0.88218 
0.1679 0.000132063 0.0839327 0.0958829 0.00141843 0.650734 
0.00181326 3.86696e-08 0.000115614 1.693e-12 1.88001e-12 0.998071 
0.147183 8.72393e-05 0.0221278 0.0105697 0.0200002 0.800033 
0.0361736 0.019368 0.0213329 0.371594 9.43018e-06 0.551522 
0.207957 0.000104382 0.0388746 0.0326304 0.0148857 0.705548 
0.0577155 0.00012967 0.0380737 0.00786001 0.00071137 0.89551 
0.0642982 0.000494699 0.129853 0.349558 0.00116653 0.45463 
0.283485 0.000871696 0.0480087 0.0977436 0.0120537 0.557837 
0.268852 0.00111591 0.140732 0.0588285 0.01916 0.511312 
0.199707 0.000273129 0.027068 0.120328 0.00335176 0.649273 
0.265227 0.00117783 0.0714986 0.140656 0.00945647 0.511984 
0.0639175 0.000529824 0.072184 0.0795129 0.00012811 0.783728 
0.232523 0.00305876 0.0816608 0.0982116 0.0237988 0.560747 
0.191996 0.000102076 0.279452 0.126976 0.00298443 0.39849 
0.136509 1.74434e-05 0.00373153 0.0315399 1.04668e-07 0.828202 
0.17403 0.000886654 0.0275137 0.201961 0.00621461 0.589394 
0.17695 9.10322e-06 0.007104 0.152591 0.0104206 0.652924 
0.28019 5.49168e-05 0.0934264 5.49212e-05 5.49203e-05 0.626218 
0.0414716 8.49845e-05 0.00388196 0.020233 7.59694e-05 0.934252 
0.173355 0.00108459 0.0341865 0.0795882 0.00357261 0.708213 
0.381976 7.24467e-05 0.103033 0.00155684 0.00147245 0.511889 
0.217443 0.357084 0.0645568 2.97822e-05 0.000860406 0.360027 
0.0496124 9.49724e-06 0.00710416 0.00545183 0.000671772 0.93715 
0.23219 0.0134861 0.0202554 0.0290408 0.00454416 0.700484 
0.350761 0.131461 0.0133182 0.000132608 0.00731344 0.497015 
0.180409 0.000461841 0.122995 0.0789633 0.165046 0.452125 
0.323828 0.000318682 0.21714 0.030977 0.00565898 0.422078 
0.37336 0.172176 0.0312043 0.00670682 0.0208155 0.395738 
0.0541665 4.83075e-05 0.00196525 0.0036424 0.000169194 0.940008 
0.148775 0.000504837 0.0311107 0.0460546 0.0230091 0.750546 
0.285748 0.00109936 0.00518172 1.91812e-07 0.0183248 0.689646 
0.114723 0.000324445 0.00830313 0.00805758 0.0144942 0.854098 
0.25229 3.93618e-05 0.0919432 0.00948887 0.000612938 0.645626 
0.268264 0.0073046 0.0388319 0.00717381 0.00741886 0.671007 
0.14528 0.00210371 0.00980737 0.329423 0.000240606 0.513145 
0.0316317 1.07994e-05 0.0926003 0.000277323 7.83603e-06 0.875472 
0.234327 0.000274519 0.0481191 0.00139347 0.00236873 0.713517 
0.0328363 4.08146e-06 0.0561413 0.00101244 0.00507601 0.90493 
0.283453 0.000299533 0.00958031 0.000237232 0.00398847 0.702442 
0.0447693 1.82236e-06 0.0367062 0.121835 0.0276391 0.769048 
0.0435305 0.000110894 0.0584786 0.0313329 0.00385587 0.862691 
0.187206 0.00203157 0.044884 0.197088 0.0100446 0.558746 
0.360322 0.0022198 0.12933 0.0100498 0.00364638 0.494432 
0.150927 0.00637947 0.0212898 0.099396 0.00172603 0.720282 
0.13674 2.56024e-05 0.329687 0.0507999 9.518e-05 0.482652 
0.0415099 0.00158784 0.00881537 0.123975 0.000203883 0.823908 
0.0294567 2.20375e-05 0.00333108 0.000578153 0.000356695 0.966255 
0.24939 5.75406e-06 0.240709 0.000187339 0.00408387 0.505624 
0.1688 0.000770559 0.0322741 0.226196 0.00394853 0.568011 
0.253101 0.001358 0.298563 0.00777256 0.00279919 0.436406 
0.189167 0.0139324 0.0572 0.0269411 0.013397 0.699362 
0.0409765 1.95113e-07 0.0363202 0.034584 0.011692 0.876427 
0.101574 5.57687e-05 0.0912045 0.0828036 0.00201042 0.722352 
0.0657242 0.240582 0.192765 0.105662 0.00165489 0.393612 
0.0372428 1.8186e-05 0.00276772 0.0507649 0.00195751 0.907249 
0.224694 2.02356e-05 0.0318884 0.0243745 0.000583746 0.71844 
0.0102412 4.00597e-06 0.0139132 0.00802996 1.21731e-05 0.967799 
0.138191 0.000156138 0.00371521 0.30244 0.00150367 0.553994 
0.0874516 0.000389176 0.0618701 0.354415 0.0272443 0.46863 
0.0541665 4.83075e-05 0.00196525 0.0036424 0.000169194 0.940008 
0.0342965 0.000204241 0.00712254 0.000687737 0.000362763 0.957326 
0.229249 0.000322112 0.216043 0.121176 0.00738171 0.425828 
0.122112 1.90404e-05 0.155596 0.000397149 0.0237574 0.698118 
0.0789054 0.000904654 0.0101626 0.170665 0.00185835 0.737504 
0.193578 0.000417306 0.0130182 0.243161 0.00539318 0.544432 
0.0558513 0.000237344 0.027952 7.67231e-08 0.00114933 0.91481 
0.0560513 4.78396e-05 0.282309 0.123729 0.000233725 0.53763 
0.0414716 8.49845e-05 0.00388196 0.020233 7.59694e-05 0.934252 
0.168095 4.9831e-07 0.234622 0.000440952 8.75164e-05 0.596754 
0.277496 0.00048977 0.0322497 0.0555737 0.00409431 0.630097 
0.0884201 0.000114594 0.0131662 0.0464752 9.63724e-05 0.851728 
0.302264 0.000274691 0.111766 0.219589 0.00272878 0.363378 
0.375739 5.06118e-05 0.0656051 0.0936036 0.00159738 0.463405 
0.0506576 7.34126e-05 0.207324 0.0693745 0.000147904 0.672423 
0.117267 0.000168402 0.0704398 6.77725e-10 0.158365 0.653759 
0.0602545 7.1181e-05 0.437637 0.0219072 0.00209776 0.478032 
0.0980452 0.00109987 0.299569 0.0233939 0.00189854 0.575994 
0.0657131 1.92e-08 0.24356 0.0111678 2.05782e-05 0.679539 
0.330169 2.26782e-05 0.0432189 0.000499578 0.0028643 0.623225 
0.150088 0.00388635 0.17893 0.0801063 0.0170528 0.569937 
0.0861378 0.0222709 0.0453158 0.13152 0.00132001 0.713436 
0.28931 0.00215407 0.0586011 0.141312 0.00184557 0.506778 
0.285234 1.12712e-05 0.100338 0.0372091 1.12719e-05 0.577196 
0.0536501 3.16376e-05 0.00173604 0.00238425 0.000323959 0.941874 
0.330114 9.30137e-05 0.0270463 0.000298391 0.0280811 0.614368 
0.0883296 1.49635e-05 0.00799733 0.0149329 0.00954462 0.879181 
0.0159236 7.31109e-06 0.000559565 0.00176445 0.00161341 0.980132 
8.2788e-07 3.14986e-11 0.43677 3.07965e-05 8.60767e-08 0.563199 
0.0873519 0.000162475 0.00847199 0.0236846 0.000159694 0.880169 
0.125317 3.3896e-06 0.00666016 0.0504939 2.25993e-08 0.817525 
0.00120594 0.000130548 0.00327951 0.000542397 0.000110336 0.994731 
0.159619 1.70933e-07 0.16125 3.08202e-06 0.00206721 0.67706 
0.0766714 2.23193e-08 0.037324 0.157135 3.39485e-05 0.728836 
0.254191 9.1027e-05 0.103891 0.0220791 0.0185293 0.601219 
0.232531 6.06125e-06 0.0367045 0.00282478 0.136804 0.59113 
0.0672433 4.908e-06 0.0795692 0.0408968 0.000946221 0.81134 
0.124172 9.22691e-06 0.0375332 0.0387191 0.305561 0.494005 
0.0849521 8.0405e-05 0.010682 0.00615754 0.000425822 0.897702 
0.246331 1.29521e-05 0.11751 0.00058516 0.00821424 0.627347 
0.00133362 0.000182734 0.00193701 0.00136301 0.000154444 0.995029 
0.0974801 0.000231243 0.0594122 0.0493913 0.00907648 0.784409 
0.0185759 0.00349585 0.0183933 0.00255995 0.000725597 0.956249 
0.184801 8.11333e-05 0.0626123 3.74236e-11 2.82349e-06 0.752503 
0.36493 1.18365e-07 0.0516715 0.0407413 0.0192186 0.523438 
0.0541665 4.83075e-05 0.00196525 0.0036424 0.000169194 0.940008 
0.117896 0.00299264 0.00544412 0.162633 0.0766918 0.634343 
0.360322 0.0022198 0.12933 0.0100498 0.00364638 0.494432 
0.299268 0.000581751 0.0303566 0.00124215 0.000725467 0.667826 
0.0332762 7.12075e-07 0.00173878 0.0314469 0.000975683 0.932562 
0.247428 2.50903e-06 0.267131 0.0128469 5.37844e-05 0.472537 
0.253128 0.00016843 0.136969 0.0133449 0.0398585 0.556531 
0.254034 4.05123e-05 0.00782904 0.155621 0.00347732 0.578998 
0.0580011 0.000156946 0.0189596 0.0565855 0.00395711 0.86234 
0.184954 0.00117358 0.0464158 0.107499 0.0120802 0.647878 
0.162989 0.00101143 0.0135335 0.144071 0.000207644 0.678187 
0.354078 0.0010073 0.093798 0.00790268 0.0760507 0.467163 
0.0328363 4.08146e-06 0.0561413 0.00101244 0.00507601 0.90493 
0.0294567 2.20375e-05 0.00333108 0.000578153 0.000356695 0.966255 
0.114483 0.0396811 0.00769279 9.94602e-08 0.00551543 0.832628 
0.1698 0.000234217 0.0777253 0.116381 0.0290464 0.606813 
0.185489 6.40961e-06 0.00221849 0.00904308 0.000246728 0.802996 
0.146586 0.000228495 0.0131991 0.240962 0.00581589 0.593209 
0.0818071 0.000162446 0.00694432 0.0401995 0.0001201 0.870767 
0.0052628 1.0861e-08 0.000466278 0.141518 3.93569e-05 0.852714 
3.34405e-05 3.34332e-05 0.401288 3.34359e-05 0.130431 0.468181 
0.108383 5.98536e-06 0.214125 0.0085168 0.116564 0.552405 
0.000397193 0.000790562 0.0133348 0.000245362 0.000510099 0.984722 
0.377188 0.000142621 0.0518586 0.00156684 0.0111359 0.558108 
0.0580961 4.50004e-05 0.0019459 0.00357447 0.000295942 0.936043 
0.436196 2.35866e-06 0.010668 0.0464491 0.00586367 0.50082 
0.264949 5.02083e-05 0.176852 0.0412015 0.00123172 0.515716 
0.0372428 1.8186e-05 0.00276772 0.0507649 0.00195751 0.907249 
0.29491 0.000113267 0.127575 0.00212973 0.012723 0.562549 
0.409673 7.68268e-05 0.0305714 0.027717 0.000887654 0.531074 
0.106587 0.000114755 0.01229 0.248773 0.0103 0.621935 
0.114902 0.00039217 0.0548578 0.00556175 0.00406249 0.820224 
0.162343 0.00255164 0.00399685 0.290384 0.00103594 0.539689 
0.12396 0.00023741 0.0113095 0.420647 0.00716872 0.436677 
0.0196362 0.000148212 0.00683837 0.0174171 0.00196015 0.954 
0.0489168 0.000360696 0.00238098 0.290481 0.0020339 0.655826 
0.335887 2.05988e-05 0.00635791 0.000117845 0.0116657 0.645951 
0.172464 0.00114638 0.0355668 0.373432 0.00675202 0.410639 
0.00117049 0.000182741 0.00309726 0.000202399 0.00015445 0.995193 
0.0963255 4.30977e-06 0.0630681 0.00226521 0.000541559 0.837795 
0.0725195 0.000230994 0.0111805 0.00426118 0.0272022 0.884606 
0.128336 0.000165177 0.0212259 0.000723593 0.00429982 0.845249 
0.168988 0.000197788 0.333216 0.00828521 0.00249044 0.486823 
0.0623927 0.000105893 0.0199196 0.0165606 8.02249e-05 0.900941 
0.135144 4.05717e-07 0.166341 0.00287179 0.0162353 0.679407 
0.2674 0.00115465 0.308124 0.00022772 0.000377686 0.422716 
0.25229 3.93618e-05 0.0919432 0.00948887 0.000612938 0.645626 
0.168742 0.00057637 0.0586089 0.0143456 0.0310315 0.726695 
0.0703226 5.82503e-06 0.030216 0.0224836 0.00849583 0.868476 
0.0537262 1.19407e-05 0.0444135 0.0691304 0.0015212 0.831197 
0.356806 0.0477048 0.182203 0.00699871 0.00901204 0.397275 
0.291658 8.54031e-05 0.175585 0.00337884 0.00672385 0.522569 
0.187765 4.72725e-10 0.00029457 0.244618 0.0279813 0.53934 
0.245721 0.000117307 0.177199 0.00161652 0.0500285 0.525318 
0.138191 0.000156138 0.00371521 0.30244 0.00150367 0.553994 
0.459786 6.1173e-05 0.0313586 0.0240287 0.000164541 0.484601 
0.0541665 4.83075e-05 0.00196525 0.0036424 0.000169194 0.940008 
0.345008 0.00165003 0.00997055 0.0847608 0.00425554 0.554355 
0.194822 1.25357e-05 0.0605216 0.0498848 0.00315105 0.691608 
0.160072 9.34427e-05 0.0685324 0.217248 0.0262227 0.527832 
0.172874 2.00271e-05 0.0562251 0.0204894 0.00664843 0.743743 
0.0412512 0.00143094 0.323172 0.0249586 0.00829555 0.600892 
0.325293 8.88908e-05 0.0263237 0.047549 0.00407986 0.596666 
0.23219 0.0134861 0.0202554 0.0290408 0.00454416 0.700484 
0.210392 1.06646e-06 0.0266932 0.00422895 0.000410542 0.758274 
0.166567 0.00410825 0.112531 0.0401611 0.0215572 0.655076 
0.189559 0.000168094 0.056368 0.112108 0.00471178 0.637085 
0.0393905 0.00102951 0.00862885 0.0154917 0.00017851 0.935281 
0.147499 0.000435798 0.141653 0.0392496 0.000441259 0.670721 
0.0052628 1.0861e-08 0.000466278 0.141518 3.93569e-05 0.852714 
0.248471 2.4915e-05 0.26302 0.0472797 0.00776708 0.433437 
0.0541665 4.83075e-05 0.00196525 0.0036424 0.000169194 0.940008 
0.191328 0.000557271 0.025471 0.113814 0.0213408 0.647489 
0.0821174 0.000378402 0.412236 0.0696828 5.81303e-05 0.435527 
0.099904 0.000365643 0.0499502 0.119248 0.00843218 0.7221 
0.233451 5.84513e-09 0.031335 0.0300251 0.00094698 0.704242 
0.101381 0.00189713 0.00384268 0.0190749 0.0046059 0.869198 
2.17846e-05 2.17798e-05 0.0588355 2.17816e-05 2.17812e-05 0.941077 
0.221533 0.00250898 0.0651968 0.024605 0.0189835 0.667173 
0.0414716 8.49845e-05 0.00388196 0.020233 7.59694e-05 0.934252 
0.0502826 9.78614e-06 0.00733669 0.253942 0.00472372 0.683705 
0.0752091 3.27079e-06 0.0104076 0.0175445 0.00340055 0.893435 
0.101214 0.000292299 0.025446 0.292558 0.00497284 0.575516 
0.266768 0.0365893 0.0657489 0.0297672 0.0518889 0.549238 
0.00117049 0.000182741 0.00309726 0.000202399 0.00015445 0.995193 
0.0458185 0.000282697 0.00256778 0.239552 7.99557e-05 0.711699 
0.206812 0.00166468 0.30817 8.30344e-05 0.0252176 0.458053 
0.255784 0.000128298 0.125015 0.066136 0.0278759 0.52506 
0.0766714 2.23193e-08 0.037324 0.157135 3.39485e-05 0.728836 
0.189004 0.000315003 0.0698681 0.0353787 0.00191972 0.703515 
0.0436662 0.00207474 0.17634 0.0100218 0.00207922 0.765818 
0.321876 6.71315e-06 0.0182937 0.000389059 0.000246518 0.659188 
0.097364 3.65583e-09 0.00238856 0.000238448 0.00469055 0.895318 
0.118878 0.00179816 0.00320375 0.331049 0.0013424 0.543729 
0.0368134 0.000105968 0.188944 0.035509 9.56323e-05 0.738532 
0.0541665 4.83075e-05 0.00196525 0.0036424 0.000169194 0.940008 
0.438913 0.000742178 0.0929822 0.00133263 0.00130972 0.46472 
0.244933 3.10582e-05 0.16559 0.0574579 0.00113059 0.530858 
0.0192226 9.67637e-06 0.0199633 0.151422 2.57446e-09 0.809382 
0.226812 7.98361e-05 0.0175541 0.0919149 0.00116769 0.662471 
0.218825 0.000296106 0.0620153 0.160722 0.014377 0.543765 
0.139706 5.76419e-05 0.113359 0.022696 0.175397 0.548785 
0.276719 0.000162082 0.0479646 0.00551841 0.00143876 0.668197 
0.10739 0.0708521 0.00690859 9.96502e-05 0.00520767 0.809542 
0.361774 0.000479435 0.0248169 0.00135179 0.00281581 0.608762 
0.193452 7.45834e-06 0.0767034 0.00544116 0.0150343 0.709362 
0.0732842 0.000593543 0.16465 0.10133 0.0132949 0.646848 
0.196293 1.40609e-05 0.0106721 0.00118897 0.0162721 0.77556 
0.0522787 1.64953e-05 0.00159819 0.0143362 0.00161652 0.930154 
0.0575015 0.00114437 0.130581 0.0316655 0.0234431 0.755664 
0.060849 0.000425156 0.0179109 0.100263 0.00389259 0.81666 
0.0975745 9.00949e-05 0.0157112 0.0581049 0.00254836 0.825971 
0.417703 0.000116206 0.0169335 0.0795597 0.000638689 0.485049 
0.0501971 0.000348018 0.00582858 4.73935e-08 0.000311948 0.943314 
0.0877468 9.20511e-05 0.024755 0.0126406 0.190815 0.68395 
0.168675 0.000685154 0.0730086 0.291169 0.00671082 0.459751 
0.021701 0.000733372 0.00303066 0.229654 0.00182653 0.743055 
0.0414716 8.49845e-05 0.00388196 0.020233 7.59694e-05 0.934252 
0.0153976 9.12866e-09 0.00963573 0.00388242 0.0357145 0.93537 
0.0671082 8.16075e-05 0.00645674 0.129752 0.000415526 0.796186 
0.137147 0.0136798 0.0995243 0.00106006 0.00278048 0.745808 
0.06804 0.000178989 0.310671 0.00833979 0.00219431 0.610576 
0.0163373 3.06537e-09 0.0113763 0.0275317 0.0016532 0.943101 
0.375739 5.06118e-05 0.0656051 0.0936036 0.00159738 0.463405 
0.114426 0.00011346 0.35682 2.45807e-05 0.00267545 0.525941 
0.0408702 7.40609e-05 0.359464 0.000595106 0.000878452 0.598119 
0.101381 0.00189713 0.00384268 0.0190749 0.0046059 0.869198 
0.0328363 4.08146e-06 0.0561413 0.00101244 0.00507601 0.90493 
0.13733 1.76121e-06 0.0942096 0.0143909 0.00323299 0.750835 
0.243748 3.57509e-06 0.312533 0.00203941 0.0143291 0.427348 
0.127527 0.000410236 0.210982 0.149589 0.00661094 0.504881 
0.297076 2.31122e-05 0.0901523 0.0154375 0.259216 0.338096 
0.0195554 0.000484755 0.000690051 0.442152 7.44003e-05 0.537043 
0.184449 0.000558785 0.0585529 0.176045 0.00211065 0.578284 
0.222978 0.00124851 0.0884198 0.141956 0.0146994 0.530698 
0.126322 0.000366865 0.172367 0.0312608 0.00277457 0.666909 
0.414123 0.00113576 0.0701318 0.00346063 0.0705791 0.44057 
0.0541665 4.83075e-05 0.00196525 0.0036424 0.000169194 0.940008 
0.315312 0.000659735 0.210256 0.0856635 0.000442666 0.387666 
0.220571 0.000343102 0.183481 0.0426028 0.00021041 0.552792 
0.423038 6.98917e-05 0.00283004 0.00255185 0.00321671 0.568294 
0.028958 3.91928e-07 0.0343113 0.0144095 0.000919229 0.921402 
0.0495075 3.22237e-07 0.0023414 0.0525433 6.96748e-06 0.895601 
0.213677 1.46431e-05 0.0119717 9.87048e-05 0.00376519 0.770472 
0.320524 0.000205369 0.199357 0.00498529 0.00101514 0.473913 
0.275877 0.0085408 0.0532912 0.0133962 0.143915 0.50498 
0.0592542 3.72419e-05 0.00327107 0.0273916 0.000249304 0.909797 
0.112087 0.0268373 0.0961383 0.00153066 0.235283 0.528124 
0.302563 0.030543 0.205242 0.0758127 0.040035 0.345805 
0.24055 0.00153992 0.055999 0.183304 0.0125409 0.506065 
0.0498901 0.000333216 0.0153608 0.149549 0.00149058 0.783376 
0.0803121 0.0097463 0.0102838 0.0169288 0.000465334 0.882264 
0.0185759 0.00349585 0.0183933 0.00255995 0.000725597 0.956249 
0.0129342 6.47656e-08 0.0280886 0.0125344 0.00011128 0.946331 
0.0517995 0.000123761 0.00586322 0.0265111 0.000100277 0.915602 
0.114336 0.00118498 0.0194408 0.0410547 0.00152122 0.822462 
0.241932 3.49541e-05 0.0200874 0.291171 0.0196782 0.427096 
0.142703 0.00078757 0.0604889 0.307639 5.05767e-07 0.488381 
0.293001 3.55481e-05 0.290445 0.000238394 1.22931e-05 0.416267 
0.215524 0.00250432 0.0771427 0.0859815 0.0116163 0.607231 
0.0585579 4.94717e-05 0.00206722 0.0039018 0.00022863 0.935195 
0.312142 5.31637e-06 0.099754 0.0023164 0.000115974 0.585667 
0.316229 0.00014612 0.0185408 0.0833273 0.0146299 0.567127 
0.0952155 2.83645e-05 0.02802 0.0414779 0.000400368 0.834858 
0.149487 6.88626e-05 0.0159434 0.225225 0.0119595 0.597316 
0.131356 0.00141022 0.0277861 0.0603137 0.0258146 0.753319 
0.0671082 8.16075e-05 0.00645674 0.129752 0.000415526 0.796186 
0.0713428 0.000145715 0.127126 0.000393328 1.31793e-05 0.800979 
0.237486 1.34563e-05 0.0273456 0.0619802 0.0128428 0.660332 
0.299477 1.10402e-05 0.203761 0.0121998 0.00347333 0.481077 
0.125249 0.00233219 0.0965897 0.151233 0.0320165 0.59258 
0.0372428 1.8186e-05 0.00276772 0.0507649 0.00195751 0.907249 
0.0235976 2.05244e-05 0.00268842 0.000473852 0.000293203 0.972926 
0.163751 0.000296346 0.00759759 0.125861 0.0015803 0.700914 
0.261029 0.00253406 0.0505033 0.146654 0.00932964 0.52995 
0.299514 0.000295593 0.130706 0.134105 0.00174459 0.433635 
0.0395397 1.5589e-05 0.00445325 0.0887731 0.0015549 0.865663 
0.0592573 0.00816612 0.00486241 0.23484 0.00213423 0.69074 
0.188612 0.000496051 0.0147352 0.00129936 0.0481485 0.746709 
0.272677 0.0050724 0.106823 0.0660095 0.0118647 0.537553 
0.131675 1.75585e-09 0.0113868 0.0540047 0.00594711 0.796986 
0.271027 0.000135309 0.0283082 0.000499471 0.00256251 0.697467 
0.0190301 0.00220649 0.101371 0.0154167 0.00117098 0.860805 
0.216105 5.62931e-05 0.0620589 0.0282515 0.031863 0.661666 
0.2135 0.0259708 0.237098 0.229505 0.0045657 0.289361 
0.178548 7.51455e-08 0.232211 0.0182514 0.0202209 0.550768 
0.208485 0.000139385 0.229079 0.00204886 0.0249115 0.535336 
0.1224 1.61664e-07 0.00482134 0.000187464 0.00100305 0.871588 
0.2674 0.00115465 0.308124 0.00022772 0.000377686 0.422716 
0.0294567 2.20375e-05 0.00333108 0.000578153 0.000356695 0.966255 
0.0177398 0.00145007 0.00934027 8.45376e-09 0.423507 0.547963 
0.116651 4.48978e-05 0.0235714 0.0358802 0.00846137 0.815391 
0.114483 0.0396811 0.00769279 9.94602e-08 0.00551543 0.832628 
0.00353246 5.12367e-07 0.00662116 0.0142851 3.38811e-11 0.975561 
0.0917628 0.0496746 0.0770389 0.379213 0.00120531 0.401105 
0.14472 0.00176048 0.413982 0.0135305 0.0100661 0.415941 
0.0598505 5.36877e-05 0.00205252 0.00417266 0.000186747 0.933684 
0.0361162 0.000207023 0.00351149 0.0165543 9.3326e-05 0.943518 
0.177656 0.001794 0.092503 0.0555393 0.000528474 0.671979 
0.322438 3.10389e-05 0.185982 0.0522851 0.00148418 0.43778 
0.108784 0.0615243 0.00709354 7.0614e-05 0.0052646 0.817263 
0.0294567 2.20375e-05 0.00333108 0.000578153 0.000356695 0.966255 
0.134151 2.76905e-05 0.0603661 0.381755 0.00810766 0.415592 
0.445878 7.15363e-09 0.0130528 0.00256392 3.15316e-09 0.538505 
0.173162 0.00749545 0.0704544 0.0268768 0.025735 0.696276 
0.253007 4.61744e-05 0.0611236 0.0167213 0.00041388 0.668688 
0.0185759 0.00349585 0.0183933 0.00255995 0.000725597 0.956249 
0.0615068 0.000220468 0.108251 0.0435365 0.00399365 0.782492 
0.213677 1.46431e-05 0.0119717 9.87048e-05 0.00376519 0.770472 
0.193582 0.0613834 0.0115527 0.00659097 0.00493251 0.721958 
0.315784 2.89629e-05 0.296079 0.0111884 0.00848613 0.368434 
0.177179 2.751e-05 0.258502 0.00952449 0.0120893 0.542678 
0.236775 0.000170865 0.099592 0.112218 0.00267802 0.548566 
0.329984 0.000630165 0.124991 0.00663961 0.00829967 0.529455 
0.0630177 5.20491e-08 0.0576859 9.41169e-07 9.65192e-08 0.879295 
0.0946431 5.23855e-05 0.0471519 0.338951 0.00342392 0.515778 
0.112188 2.20449e-05 0.00655358 0.305376 0.00293229 0.572928 
0.28814 0.000139372 0.205776 0.00171649 0.00249348 0.501735 
0.414544 0.00111128 0.0402146 0.00274528 0.00241404 0.538971 
0.122705 0.00130957 0.287474 0.125821 2.40062e-07 0.46269 
0.0518395 0.000106228 0.00467546 0.0249707 9.49597e-05 0.918313 
0.143974 3.7967e-08 0.00765089 0.20347 0.00212888 0.642776 
0.0663037 3.73534e-05 0.0151722 0.00323358 0.0667047 0.848549 
0.187615 0.0393041 0.275422 4.70431e-05 0.000353236 0.497259 
0.115199 4.55825e-05 0.0240801 0.0232836 0.0260405 0.811351 
0.242588 0.000106719 0.105281 0.000156866 2.11129e-05 0.651846 
0.123634 0.000857208 0.0589466 0.142537 0.00247878 0.671546 
0.17695 9.10322e-06 0.007104 0.152591 0.0104206 0.652924 
0.213453 0.000166309 0.25533 0.0997128 0.0055758 0.425761 
0.138191 0.000156138 0.00371521 0.30244 0.00150367 0.553994 
0.241932 3.49541e-05 0.0200874 0.291171 0.0196782 0.427096 
0.146094 1.17122e-08 0.00455571 0.01985 0.0128239 0.816676 
0.0803257 5.34014e-06 0.00446414 0.255891 0.00124418 0.65807 
0.231941 3.67603e-06 0.052336 0.0513586 0.00109456 0.663266 
0.0630374 0.000310897 0.0124479 0.00322953 0.000361446 0.920613 
0.057381 6.50578e-06 0.0171063 0.406247 0.0241713 0.495088 
0.0621363 8.848e-05 0.00336391 0.0409302 0.000504689 0.892976 
0.248087 0.000216005 0.109673 0.000144029 0.0596949 0.582185 
0.0414716 8.49845e-05 0.00388196 0.020233 7.59694e-05 0.934252 
0.0185759 0.00349585 0.0183933 0.00255995 0.000725597 0.956249 
0.171368 1.22596e-05 0.373584 0.00748188 0.00245232 0.445101 
0.202863 9.67335e-05 0.0884479 0.0349126 0.00945229 0.664227 
0.127914 0.00192788 0.0144572 0.133291 0.00638241 0.716027 
0.346281 0.000640725 0.0727988 0.0463193 0.009492 0.524468 
0.157698 0.0605651 0.070247 1.21708e-10 0.338893 0.372597 
0.191964 0.0673243 0.0267789 0.00910465 0.0202575 0.684571 
0.302055 0.0670558 0.248097 0.000851551 0.000313655 0.381627 
0.124718 5.8506e-10 0.0841187 0.319698 6.48784e-07 0.471464 
0.0241789 4.60617e-06 0.00318333 0.0256586 1.04711e-05 0.946964 
0.0192226 9.67637e-06 0.0199633 0.151422 2.57446e-09 0.809382 
0.243526 2.56666e-07 0.015351 0.278813 0.000564957 0.461745 
0.0414716 8.49845e-05 0.00388196 0.020233 7.59694e-05 0.934252 
0.256557 1.105e-05 0.0145368 0.0295739 0.000727222 0.698594 
0.44454 0.000697524 0.0867126 0.000330806 0.00344328 0.464276 
0.263499 0.00065674 0.0278056 0.0311868 0.0135184 0.663333 
0.126373 0.000412023 0.18744 0.294728 0.000378791 0.390668 
0.258165 0.00614987 0.096945 0.0611595 0.00767766 0.569903 
0.271258 7.02399e-05 0.0494183 0.00266991 0.0203433 0.656241 
0.144262 0.000304465 0.0239031 0.177816 0.0196655 0.63405 
0.0294567 2.20375e-05 0.00333108 0.000578153 0.000356695 0.966255 
0.392829 0.000113437 0.0255296 0.0212639 0.000630127 0.559634 
0.115634 0.000295544 0.295042 0.00592212 0.00338181 0.579724 
0.0630177 5.20491e-08 0.0576859 9.41169e-07 9.65192e-08 0.879295 
0.12162 1.07259e-05 0.0459395 0.0611113 0.0021184 0.7692 
0.153677 4.68909e-08 0.00499598 0.0923809 0.0142089 0.734737 
0.00609572 0.00204528 0.0126156 0.000751548 0.000330159 0.978162 
0.27903 0.00190945 0.0382241 0.0487109 3.78789e-05 0.632088 
0.214924 3.81929e-05 0.194332 0.00220136 0.00983375 0.57867 
0.108842 9.81885e-05 0.214281 0.00626364 0.00284645 0.66767 
0.405642 0.000126099 0.122426 0.0317318 0.00272031 0.437354 
0.304348 0.000478285 0.311743 0.00361156 0.00194738 0.377873 
0.0336151 1.10232e-05 0.229555 0.0032192 0.0077815 0.725819 
0.371064 6.61469e-05 0.0872881 0.0115966 0.00183307 0.528152 
0.0518081 2.77465e-12 0.00713572 0.0110242 1.86826e-08 0.930032 
0.193088 0.00118679 0.0580138 0.030271 0.00758099 0.709859 
0.32375 0.03439 0.114838 0.0133762 0.0191154 0.494531 
0.0408088 1.33291e-05 0.00119442 0.00324126 0.00309123 0.951651 
0.105189 9.69005e-05 0.0586322 0.0153867 0.00809578 0.812599 
0.158358 0.00288123 0.248718 3.62626e-07 5.51555e-07 0.590042 
0.250598 4.30707e-05 0.0317814 0.00333771 0.0206762 0.693564 
0.0536501 3.16376e-05 0.00173604 0.00238425 0.000323959 0.941874 
0.0314319 5.13144e-05 0.0083716 0.014589 0.00394472 0.941611 
0.121182 7.37425e-05 0.0465973 8.30115e-09 0.000809438 0.831338 
0.108784 0.0615243 0.00709354 7.0614e-05 0.0052646 0.817263 
0.230446 0.000126851 0.17039 0.0213901 0.000120631 0.577527 
0.327812 0.00609197 0.0181819 0.00395268 0.00900913 0.634952 
0.000197811 0.000394415 0.00471398 0.000148627 0.000254409 0.994291 
0.105294 5.12247e-05 0.0960899 0.0162317 0.0147456 0.767587 
0.275076 1.10116e-05 0.0117922 0.0685609 0.0315353 0.613025 
0.176723 3.11047e-06 0.222996 2.12888e-06 0.00201091 0.598265 
0.196439 0.00127729 0.115566 0.0970817 0.00603896 0.583596 
0.324059 0.000481814 0.0993125 0.000344178 0.000394542 0.575408 
0.0192226 9.67637e-06 0.0199633 0.151422 2.57446e-09 0.809382 
0.280069 0.0545845 0.00781528 0.0400409 0.0013097 0.616181 
0.23952 0.000123373 0.13368 0.0581304 0.0163209 0.552225 
0.0414716 8.49845e-05 0.00388196 0.020233 7.59694e-05 0.934252 
0.247586 7.9016e-06 0.00345458 0.0239952 0.105762 0.619194 
0.376833 6.99085e-06 0.225147 0.00243264 0.00525611 0.390324 
0.0153976 9.12866e-09 0.00963573 0.00388242 0.0357145 0.93537 
0.0386821 6.70621e-06 0.387369 0.00253104 0.000804101 0.570607 
0.0185759 0.00349585 0.0183933 0.00255995 0.000725597 0.956249 
0.204032 0.000564036 0.170039 1.23471e-05 0.00757696 0.617775 
0.0192226 9.67637e-06 0.0199633 0.151422 2.57446e-09 0.809382 
0.290578 4.3018e-05 0.0262778 0.00269225 0.304056 0.376352 
0.390044 0.0486681 0.0793812 5.02506e-08 0.0134402 0.468466 
0.277812 0.000258472 0.157699 0.00525229 0.0236514 0.535327 
0.109734 8.31289e-05 0.240555 0.173977 0.00200478 0.473645 
0.0462655 0.000263658 0.164279 0.046609 0.149 0.593582 
0.0498908 0.000264488 0.0950503 0.000183481 0.000317093 0.854294 
0.125822 1.94437e-05 0.0742623 0.0090706 0.000964509 0.789861 
0.242159 5.87551e-05 0.00274673 0.0126024 0.000393228 0.74204 
0.274909 1.61679e-06 0.00692005 0.193343 0.000419376 0.524407 
0.158078 8.49281e-05 0.0481453 0.0730631 0.0432921 0.677336 
0.415628 2.87675e-05 0.0348951 0.0847612 0.00290998 0.461777 
0.301511 0.00381614 0.08459 0.0406468 0.0117018 0.557735 
0.0414716 8.49845e-05 0.00388196 0.020233 7.59694e-05 0.934252 
0.303221 1.296e-05 0.211123 0.0829075 0.0117475 0.390988 
0.0798442 0.00213762 0.0195113 0.140844 0.136886 0.620776 
0.115299 0.000194142 0.0194032 0.155377 0.00386451 0.705863 
0.257655 0.00599619 0.175614 0.00808013 0.171691 0.380964 
0.343248 0.0384396 0.119992 0.0173114 0.0136132 0.467397 
0.328251 8.00188e-05 0.172162 5.00878e-05 0.0577842 0.441672 
0.0185759 0.00349585 0.0183933 0.00255995 0.000725597 0.956249 
0.0541665 4.83075e-05 0.00196525 0.0036424 0.000169194 0.940008 
0.251036 0.00194685 0.366025 0.000433543 0.000830243 0.379728 
0.095968 0.000318366 0.057144 0.0642112 0.00139026 0.780968 
0.0268214 4.51846e-07 0.000812665 0.0177532 1.10237e-05 0.954601 
0.133176 0.00198447 0.0920051 0.268982 0.00643333 0.49742 
0.217317 0.0248673 0.00755635 4.76472e-05 0.086333 0.663879 
0.3451 0.00127533 0.015823 8.35432e-05 0.000357629 0.637361 
0.297593 5.1621e-08 0.0444241 0.00147418 0.0204696 0.636039 
0.224711 3.92787e-08 0.154952 0.00860679 0.00891147 0.602819 
0.159032 0.0021956 0.0748108 0.232973 0.0162454 0.514742 
0.221965 7.72846e-05 0.174205 0.0394262 0.00169418 0.562632 
0.327917 1.88492e-05 0.0611895 0.12988 0.0102144 0.47078 
0.0875346 0.00190121 0.00483469 0.00860844 0.00107231 0.896049 
0.00013148 0.000131452 0.00013147 0.000131463 0.00013146 0.999343 
0.297126 1.31974e-05 0.0615592 0.0584298 0.131896 0.450975 
0.466378 5.11425e-06 0.00431378 0.00268017 0.0267878 0.499835 
0.236501 4.02562e-06 0.0176731 0.092761 0.000655474 0.652405 
0.148589 0.00025016 0.226035 0.219225 0.00132176 0.404579 
0.171433 0.000566115 0.0919467 0.0841752 0.0273974 0.624482 
0.049379 3.10692e-05 0.0141278 0.0294155 0.000207824 0.906839 
0.300878 0.0794062 0.0327576 0.027244 0.0846704 0.475044 
0.263518 0.000134943 0.0865795 0.0436171 0.0337062 0.572444 
0.333388 0.000108091 0.218527 0.0805397 0.0183593 0.349079 
0.269613 0.00849318 0.0278668 0.151308 0.169888 0.372831 
0.322698 2.44454e-07 0.205418 0.00201876 7.0716e-05 0.469794 
0.0366031 0.00260567 0.0815731 1.55299e-05 0.00433272 0.87487 
0.074067 2.08805e-05 0.0633842 0.00204671 0.000371276 0.86011 
0.0818158 0.00301248 0.0534414 0.0730457 0.00663352 0.782051 
0.145408 0.000306038 0.0140637 0.030693 0.00334299 0.806186 
0.139592 9.85809e-06 0.408761 0.00562357 0.00113858 0.444875 
0.349481 4.51239e-05 0.234406 0.0113528 0.00487518 0.399841 
0.0849887 6.83539e-06 0.00500449 0.00315951 0.00338017 0.90346 
0.00966895 2.60157e-05 0.00523994 0.022427 0.000568718 0.962069 
0.0414716 8.49845e-05 0.00388196 0.020233 7.59694e-05 0.934252 
0.027464 5.19988e-05 0.00361525 0.00165716 0.000175952 0.967036 
0.335887 2.05988e-05 0.00635791 0.000117845 0.0116657 0.645951 
0.0763783 6.79989e-05 0.0028572 0.377975 0.00606922 0.536653 
0.108794 0.00214173 0.058624 0.0377634 0.213418 0.579258 
0.389235 2.03335e-05 0.163706 0.00010578 0.0490042 0.397929 
0.350993 0.0290646 0.0758393 0.0598014 0.00828864 0.476013 
0.17797 0.00291338 0.041545 0.190056 0.0138752 0.57364 
0.0416055 6.34016e-08 0.0383083 0.0997809 0.0416998 0.778605 
0.23868 0.000104249 0.198718 0.00909405 0.0494308 0.503973 
0.0558513 0.000237344 0.027952 7.67231e-08 0.00114933 0.91481 
0.085742 0.000158213 0.00786916 0.230409 0.00408165 0.67174 
0.100348 0.000444602 0.0669443 0.0185114 0.0159017 0.79785 
0.0568328 1.60273e-05 0.032475 0.0337476 0.000396178 0.876532 
0.0558513 0.000237344 0.027952 7.67231e-08 0.00114933 0.91481 
0.119848 0.000999664 0.038181 0.0412662 0.00840402 0.791301 
