0.000439843 0.545486 0.154897 0.0376945 0.00983052 2.29282e-05 0.00105545 0.00216761 0.0656825 0.034058 0.000614286 0.066402 0.0368157 0.0165143 0.0272569 0.0010617 
1.71677e-06 0.800285 0.116826 0.0423022 0.000248288 1.07902e-05 5.60283e-05 1.02188e-06 0.0102964 0.000701125 2.5677e-09 0.00528328 0.0176455 0.000173086 0.0061424 2.79029e-05 
2.41097e-09 0.463668 1.45008e-06 0.000486993 0.00985603 3.65272e-08 5.65292e-07 2.94402e-06 0.267964 0.0230026 1.501e-09 0.227449 6.56319e-06 1.30599e-05 0.00740685 0.000141861 
0.000313516 0.390198 0.0777158 0.0196504 0.0104021 2.87981e-05 0.0035117 0.000835822 0.133813 0.211188 0.00213029 0.118354 0.0106878 0.00647893 0.0135714 0.00111967 
1.20636e-06 0.342667 0.214937 0.0582334 0.000424051 2.34675e-06 2.20807e-09 1.49529e-05 0.0394727 0.00217085 5.97464e-07 0.00107681 0.300554 0.0314798 0.00895637 9.07642e-06 
3.83754e-10 0.536962 0.136736 0.0176673 0.00084272 3.24663e-07 4.88551e-06 1.05624e-05 0.216441 1.88948e-05 3.18136e-10 8.25064e-06 0.0906901 5.84131e-05 0.000552482 7.31214e-06 
0.00622248 0.521039 0.0834385 0.0405512 0.000711011 7.5525e-07 6.20193e-05 3.44534e-06 0.33366 0.000728609 1.6936e-12 0.000100169 0.0100159 0.000227071 0.00314835 9.22348e-05 
7.84036e-05 0.484191 0.136509 0.0220868 0.00610068 2.60428e-07 2.60435e-07 2.6071e-07 0.19226 0.010482 0.000104498 2.60744e-07 0.139686 2.60739e-07 0.00849985 2.60557e-07 
3.35885e-06 0.37115 0.234389 0.0897474 0.0278531 7.8168e-05 3.77242e-05 0.000204751 0.16392 0.00341917 2.19192e-07 0.000952839 0.0933921 0.00166658 0.0128607 0.000325883 
7.64945e-11 0.68197 0.0562146 0.00131155 0.00920306 1.56112e-07 0.00142676 2.23342e-06 0.00231277 0.176024 5.79626e-08 0.0470677 0.0220993 3.40305e-05 0.00233321 9.15882e-07 
0.000886643 0.388697 0.084778 0.0780104 0.00807064 0.000150797 0.0192092 1.40427e-05 0.178834 0.020333 0.0030599 0.12956 0.0348675 0.00133788 0.0518554 0.00033474 
8.08027e-05 0.444068 0.00669671 0.0814516 0.00190187 1.57712e-06 4.03798e-05 5.08443e-05 0.220364 0.0261406 1.76154e-06 0.00832354 0.0610386 0.0619714 0.0870713 0.000797468 
0.00160812 0.487665 0.122309 0.035853 0.00279445 0.000288977 0.00151822 0.00203844 0.124243 0.0620952 0.00657186 0.0581771 0.0616575 0.00178466 0.0255709 0.00582506 
3.00651e-05 0.361291 0.069351 0.0324964 0.112698 5.2551e-06 6.59894e-05 3.25407e-05 0.049715 0.0207663 0.00237545 0.250822 0.0257528 0.0362758 0.0368705 0.00145268 
0.00183162 0.230143 0.0226252 0.0241786 2.59248e-08 4.31915e-08 2.59325e-08 0.0344192 0.218503 0.0391118 0.00773622 0.164342 0.0512085 0.000859043 0.203893 0.00114846 
0.000309772 0.632163 0.223759 0.0191694 0.0032274 3.87381e-07 0.00264427 2.26865e-05 0.0673843 0.00980787 0.000252243 0.00619842 0.0107739 0.0168606 0.00541811 0.00200779 
0.000582162 0.469174 0.0979809 0.0353897 0.00209911 0.000320586 0.000831832 8.09076e-06 0.088951 0.0110219 0.00779662 0.108179 0.101479 0.0179275 0.0581579 0.000101404 
0.000212557 0.546519 0.111139 0.056605 0.0205085 1.09125e-07 1.55764e-07 1.23846e-06 0.0740058 0.132748 3.6786e-06 0.00715584 0.00164269 0.00473911 0.0440856 0.000633584 
5.54519e-08 0.289448 0.0979757 0.0262303 0.0592711 2.47671e-07 6.72005e-05 0.000453998 0.2158 0.00146736 3.36965e-11 0.00245367 0.189159 0.112575 0.00509811 8.64887e-08 
1.1401e-06 0.502345 0.0819999 0.0233233 0.00647564 8.0528e-10 0.00881889 1.70787e-08 0.197145 0.0171675 0.0010851 0.0986776 0.034814 0.0161638 0.0113269 0.000656696 
0.000285966 0.493613 0.129447 0.004312 0.0149994 6.71188e-07 3.11311e-08 3.49072e-05 0.159568 0.0482115 2.40622e-05 0.0799048 0.0499499 0.00657886 0.0130703 1.07109e-11 
0.00050366 0.656098 0.105028 0.00953912 0.00048955 5.72972e-05 0.00414972 2.51973e-05 0.00681233 0.00303866 0.000541367 0.0477543 0.119944 0.00221673 0.043771 3.07728e-05 
0.000187423 0.273148 0.132233 0.0855004 0.0401766 7.08767e-05 0.00966692 0.00249779 0.204758 0.0347629 0.000397182 0.0417426 0.13868 0.0181265 0.01565 0.00240017 
8.84105e-05 0.697689 0.0972232 0.0248017 0.000877575 8.1418e-05 0.00565458 2.10793e-05 0.0966079 0.00845574 0.00042861 0.0222201 0.0176139 0.0025585 0.0236163 0.00206199 
7.19546e-05 0.523242 0.361177 0.0300694 0.000718772 5.41461e-07 0.000775745 5.95519e-06 0.0550444 0.000829874 0.00210322 0.00132131 0.0146936 0.00752392 0.00233024 9.2968e-05 
2.57582e-08 0.62494 0.00320553 0.00436192 0.000315636 6.81622e-08 0.000175409 3.45384e-06 0.0161046 0.0145399 2.011e-05 0.316015 0.00642893 0.00125243 0.0126367 1.28984e-08 
0.0024031 0.482925 0.0228994 0.0593521 0.00250681 3.87826e-09 0.000261582 3.41832e-05 0.261749 0.0118944 2.34983e-05 0.0162462 0.101132 0.0259509 0.0126044 1.71819e-05 
0.002461 0.320699 0.0237663 0.0633898 0.00662553 6.34847e-05 0.000515801 4.61258e-05 0.157407 0.0144665 0.000812086 0.0835847 0.065093 0.0163583 0.244441 0.000270547 
0.00028013 0.394612 0.084337 0.0735239 0.00592405 3.66393e-05 0.00295326 4.88324e-05 0.22695 0.0687992 0.00408003 0.0116392 0.0584973 0.0326164 0.0350477 0.000655151 
3.35885e-06 0.37115 0.234389 0.0897474 0.0278531 7.8168e-05 3.77242e-05 0.000204751 0.16392 0.00341917 2.19192e-07 0.000952839 0.0933921 0.00166658 0.0128607 0.000325883 
0.00371159 0.240135 0.0416308 0.221507 0.0144497 1.01194e-06 2.36125e-05 0.000253916 0.0221844 0.0157732 1.72539e-06 0.131658 0.0858819 0.16143 0.055046 0.00631245 
8.56699e-05 0.421043 0.291287 0.0276871 0.00324201 1.33298e-05 0.000973063 0.00469362 0.166697 0.0175653 0.000505024 0.0115905 0.0164819 0.0258286 0.0121202 0.000186475 
2.04838e-05 0.301033 0.067086 0.273593 0.00926285 5.72677e-05 6.49636e-12 1.70952e-05 0.201423 0.00212876 0.000234203 0.0093935 0.0371054 0.0700732 0.0279873 0.000586178 
0.000222335 0.38218 0.168706 0.0147958 0.0404021 1.44171e-05 0.000160059 8.29511e-05 0.122038 0.161695 8.48346e-08 0.0874792 0.016524 0.00124785 0.00436577 8.57268e-05 
1.79701e-06 0.420098 0.360295 0.109057 0.000194096 1.22681e-05 0.0030931 2.63257e-06 0.0438067 0.000587097 0.0011008 0.00121432 0.0159705 0.0344109 0.0101152 4.00961e-05 
6.23294e-08 0.38092 0.0675621 0.134001 0.0036036 1.70945e-08 0.000167247 1.07378e-08 0.0285561 0.0298459 8.07786e-10 0.0235508 0.233476 0.0763513 0.0219375 2.8102e-05 
2.7691e-06 0.331829 0.221501 0.0215183 0.0186977 0.00112661 0.00453119 9.86607e-06 0.249871 0.0218869 1.29031e-05 0.015116 0.110121 0.000597627 0.00300387 0.000174244 
7.88264e-05 0.420583 0.184255 0.0355563 0.0185967 0.0112979 0.00648611 0.00344601 0.038843 0.0456819 0.0187437 0.103147 0.0352395 0.0149151 0.0621 0.00102907 
3.00409e-05 0.450657 0.0452781 0.0401013 0.00518315 2.6982e-06 0.000141879 2.64802e-06 0.379938 0.0513939 0.00157581 0.00684191 0.0105497 0.000412499 0.00667723 0.00121486 
4.48911e-06 0.528506 0.00851752 0.0494815 0.0180893 1.26569e-06 0.00247171 5.52632e-05 0.0784498 0.0075283 0.107495 0.00258074 0.0393857 0.00122256 0.156189 2.19054e-05 
0.000997136 0.255693 0.00763172 0.0489223 0.221845 2.93512e-08 0.00152409 0.0347541 0.147183 0.0857702 3.28297e-05 0.0968331 0.0620054 0.00601759 0.0271318 0.00365862 
0.00237388 0.258582 0.167831 0.0582791 0.0596535 8.60299e-06 0.0101535 0.00812199 0.173526 0.0240029 0.0127466 0.0856944 0.0242283 0.0567272 0.0506966 0.00737457 
1.20205e-09 0.676097 0.00462135 0.000330074 0.0378688 6.53829e-07 0.00220482 3.31505e-05 0.0955843 0.00397792 7.48358e-10 0.0463396 0.127401 2.90922e-05 0.00384388 0.00166854 
6.24606e-07 0.810393 0.0195281 0.0166892 0.0141224 0.000475402 0.00189714 3.3863e-05 0.0741568 0.0208506 3.8886e-07 0.00678121 0.0297643 9.15937e-05 0.0052055 9.54222e-06 
4.15158e-05 0.428816 0.205158 0.0137508 0.00210846 1.49424e-07 0.000145158 7.67666e-06 0.239839 0.0184434 9.88636e-05 0.0423644 0.0127789 0.00279167 0.0335748 8.1669e-05 
5.82569e-06 0.363597 0.254572 0.13885 0.000370931 1.13532e-06 0.000231359 2.53626e-06 0.087298 0.00124169 1.17931e-07 0.00751115 0.119671 0.0085688 0.0180729 5.37105e-06 
3.83754e-10 0.536962 0.136736 0.0176673 0.00084272 3.24663e-07 4.88551e-06 1.05624e-05 0.216441 1.88948e-05 3.18136e-10 8.25064e-06 0.0906901 5.84131e-05 0.000552482 7.31214e-06 
8.573e-05 0.405585 0.15581 0.041589 0.00689404 2.56761e-05 0.00237241 0.0027775 0.21061 0.0554534 0.0056883 0.0353381 0.0271392 0.0261382 0.024103 0.000389198 
0.000786496 0.645774 0.13002 0.0184728 0.00470764 2.37636e-05 6.40131e-08 0.000201409 0.0337476 0.0122647 0.000161811 0.00342595 0.0430361 0.000321109 0.106826 0.000230187 
0.00118143 0.352724 0.0726552 0.065202 0.012369 7.5321e-05 8.54395e-05 7.21135e-05 0.346585 0.0381262 0.000112845 0.00858965 0.072968 0.0215405 0.0072452 0.000467505 
4.72878e-06 0.265157 0.0640823 0.023051 0.00822538 2.72125e-05 0.0010953 0.011163 0.216901 0.232743 4.51148e-05 0.126884 0.0341064 0.0047371 0.0112623 0.000515022 
2.99992e-09 0.293105 0.166476 0.0220752 0.000507163 1.66755e-07 1.42652e-07 5.66487e-05 0.218948 0.0467485 4.5211e-07 0.0721719 0.0708006 0.0781022 0.0294365 0.00157093 
0.000966858 0.296238 0.231254 0.0332774 0.0126229 7.52117e-05 0.00217384 0.00255872 0.294384 0.0325829 0.000300491 0.0427677 0.0216844 0.014976 0.0139082 0.000229022 
0.000271508 0.316618 0.0813479 0.0488992 0.0490421 1.12682e-05 0.000826544 0.00323236 0.132306 0.204087 1.05086e-05 0.0696306 0.0334356 0.0221163 0.0274058 0.0107591 
0.00112774 0.516821 0.0426151 0.0330725 0.005024 3.96769e-06 1.10323e-08 2.84077e-06 0.183175 0.00681197 3.24216e-07 0.123424 0.00519205 0.0331822 0.0494984 4.95128e-05 
0.00099427 0.337897 0.154141 0.102049 0.0188983 1.93324e-06 0.000516355 1.03961e-05 0.0726551 0.10243 0.0171535 0.135348 0.0205029 0.0144906 0.02287 4.11003e-05 
0.00052944 0.328244 0.152677 0.0830706 0.0420154 4.99982e-06 2.85832e-08 5.44772e-06 0.181181 0.0404682 4.7905e-06 0.00365563 0.115558 0.0413218 0.00979476 0.00146971 
2.53958e-07 0.475549 0.000907089 0.00073044 0.0139804 2.88088e-08 1.1407e-06 4.61335e-06 0.240625 0.0427664 6.29764e-08 0.217819 3.25291e-05 1.13327e-05 0.00718624 0.000386431 
3.40506e-05 0.610598 0.00925031 0.00816402 0.0031691 1.29942e-06 2.0794e-05 2.9922e-05 0.20732 0.0232138 4.62863e-07 0.113535 0.00161629 0.0173123 0.0057101 2.37064e-05 
9.63793e-05 0.412922 0.296044 0.0302749 0.00133323 0.000461564 9.80614e-05 7.64932e-06 0.0366275 0.00558597 1.52189e-08 0.176948 0.036809 0.000329295 0.00234365 0.000118354 
7.12786e-05 0.409336 0.309166 0.038131 0.0034745 0.000607439 0.00645384 6.48955e-05 0.102331 0.0132554 0.00241212 0.0318717 0.0522505 0.0114878 0.016626 0.00246015 
6.37125e-05 0.42162 0.0153772 0.0319199 0.00486466 4.90308e-06 0.000110143 2.7744e-05 0.0915683 0.0291234 7.85987e-05 0.361777 0.0122598 0.0130905 0.0181008 1.26202e-05 
3.83754e-10 0.536962 0.136736 0.0176673 0.00084272 3.24663e-07 4.88551e-06 1.05624e-05 0.216441 1.88948e-05 3.18136e-10 8.25064e-06 0.0906901 5.84131e-05 0.000552482 7.31214e-06 
6.91077e-08 0.768603 5.85129e-09 0.0595217 1.89402e-08 7.99363e-08 0.00010014 1.72513e-08 0.0177446 0.00961999 4.30243e-08 0.00848892 0.00395832 0.0123388 0.119557 6.67479e-05 
0.000140033 0.318126 0.209154 0.045258 0.00985904 8.18137e-05 0.000481688 5.4036e-05 0.302481 0.0129676 0.00100823 0.00239003 0.0636425 0.0184824 0.0132848 0.00258816 
0.000550568 0.281202 0.218739 0.0399532 0.040938 2.0578e-05 0.000573987 0.0010563 0.143349 0.131114 0.00110908 0.0554134 0.0448756 0.0249583 0.0134481 0.00269832 
1.62794e-05 0.445514 0.0189572 0.0438652 0.0798905 3.90178e-07 6.34834e-06 1.57413e-06 0.0183122 0.0854255 9.785e-07 0.253685 0.0119113 0.0170464 0.0253277 3.88783e-05 
0.000330355 0.472558 0.26546 0.00696886 0.00324747 0.00199716 8.6101e-05 1.55678e-05 0.164852 0.0395687 8.54225e-06 0.0329979 0.0071836 0.0025562 0.00211921 5.07211e-05 
0.00114787 0.321846 0.0802903 0.0143018 0.222543 3.69501e-08 0.000392696 1.8958e-07 0.0746958 0.0102562 0.0018011 0.218377 0.0171638 0.000375505 0.0364184 0.000390085 
1.42471e-06 0.355754 0.0998856 0.0269329 0.000556857 5.07615e-09 2.68332e-06 2.86017e-05 0.119382 0.219191 1.26123e-06 0.166283 0.00359806 0.00618048 0.00220174 8.1295e-11 
7.984e-05 0.304434 0.109604 0.129615 0.00540299 0.000699513 0.000641138 7.26165e-05 0.162027 0.0425583 0.00397098 0.049724 0.129275 0.00757864 0.0529009 0.00141659 
0.00105637 0.517975 0.0327549 0.126946 0.0016431 9.21537e-06 8.48978e-05 2.02477e-05 0.0391614 0.0298381 3.83595e-05 0.0706126 0.12861 0.0058326 0.044793 0.000624911 
2.95953e-05 0.470699 0.112809 0.0194356 0.00982917 1.55201e-05 7.83716e-05 2.29634e-05 0.300855 0.00374517 3.44247e-05 0.00129987 0.0425403 0.011042 0.026639 0.000924561 
1.81198e-07 0.403398 0.201729 0.153026 0.00300556 2.08536e-06 2.4705e-07 9.93228e-06 0.132761 0.00340304 2.86106e-09 0.00610434 0.0484713 0.0198608 0.0281984 2.98073e-05 
0.000142435 0.342411 0.147427 0.0478009 0.0380662 3.00686e-06 9.46565e-06 0.000399026 0.31978 0.00774623 9.83968e-05 0.0164722 0.0546965 0.0156901 0.00850275 0.000755073 
3.10573e-05 0.352835 0.0921282 0.0340877 0.00471667 5.31721e-05 6.73353e-07 6.28513e-05 0.0478497 0.00208965 1.41146e-05 0.142776 0.160707 0.00025804 0.161989 0.000401482 
0.0117218 0.430664 0.211037 0.0560792 0.00715799 0.000146133 0.000839606 0.000132361 0.133005 0.019765 0.000855777 0.0424498 0.0476336 0.022511 0.0154741 0.000528177 
0.000132499 0.290809 0.0770344 0.0065437 0.131761 4.82821e-05 7.98785e-07 9.62525e-05 0.227448 0.00184658 1.79578e-06 0.00980502 0.236535 0.00342097 0.014516 2.19513e-09 
7.02186e-06 0.536119 0.00971157 0.00683229 0.00853744 2.48983e-05 1.1626e-07 1.54004e-05 0.320713 0.0319952 4.36772e-11 0.0522819 0.00656169 8.38763e-05 0.0265924 0.000524336 
1.08391e-06 0.588394 0.0415139 0.0145887 0.00225652 2.75598e-06 6.9174e-06 2.64357e-05 0.0923287 0.133138 2.84029e-05 0.0457534 0.0377305 0.0361081 0.00795994 0.00016313 
0.000553153 0.417078 0.0715154 0.0610487 0.00351848 9.98396e-08 0.000314699 1.5807e-05 0.124811 0.0041699 0.000242874 0.00872121 0.285417 0.000486387 0.0214909 0.000616282 
3.12925e-05 0.301826 0.109395 0.0105712 0.0352339 2.12396e-05 9.09113e-05 5.13226e-05 0.218218 0.0198291 5.76732e-06 0.00856896 0.228957 0.000189058 0.0661015 0.000910249 
0.00186621 0.466196 0.208624 0.0547928 0.00398264 2.7846e-05 4.37265e-05 5.37893e-05 0.101501 0.0120373 0.0014459 0.0100706 0.104608 0.0228029 0.0117785 0.000168737 
3.86563e-05 0.353571 0.344943 0.0507053 0.0064221 0.00032713 0.00103999 2.13645e-05 0.101571 0.00966773 0.00137324 0.0316586 0.072367 0.0128645 0.013157 0.000271754 
0.000270471 0.381789 0.192825 0.00816093 0.00294644 2.61637e-06 1.02414e-05 3.32857e-06 0.368484 0.00349954 1.17784e-08 0.0306829 0.00690396 0.00206904 0.00235219 2.70586e-08 
0.0007533 0.306997 0.0580827 0.0988462 0.00201149 5.18713e-06 0.00332498 7.12735e-06 0.164428 0.189016 0.000282932 0.0668904 0.0320809 0.00101339 0.0749488 0.00131137 
9.84989e-10 0.562164 0.290616 2.70876e-08 0.000279245 5.67397e-09 5.55961e-12 9.78758e-09 3.39053e-07 3.64527e-07 4.14946e-08 0.146935 4.23606e-06 8.91988e-07 1.11262e-07 3.61896e-12 
0.00079964 0.510325 0.0696218 0.027418 0.00263792 3.62948e-06 0.000149841 3.08791e-05 0.126095 0.0476586 4.35867e-08 0.148095 0.0505845 0.00220483 0.0126287 0.00174687 
0.000172645 0.383047 0.0937304 0.10352 0.00551411 0.000116245 8.95421e-06 1.03741e-05 0.275856 0.00291886 1.10957e-05 0.0042058 0.120729 0.00168039 0.00846653 1.26975e-05 
0.0036143 0.365873 0.302731 0.0638151 0.00395533 2.38577e-06 5.6881e-05 6.38649e-06 0.0299194 0.0146285 1.01848e-05 0.150848 0.0423197 0.00170951 0.0200104 0.000498837 
7.3296e-05 0.575013 0.0446496 0.079449 0.000139436 7.06306e-08 0.000386212 7.57803e-06 0.125386 0.00241052 7.02853e-05 0.129374 0.0112764 6.79966e-05 0.0316336 6.34448e-05 
0.000494051 0.392641 0.254221 0.138761 0.00424304 3.03346e-06 0.00128158 2.6567e-05 0.0438923 0.00329239 0.00126785 0.00599814 0.0443313 0.0981009 0.0105596 0.000886848 
1.04953e-06 0.474249 0.114111 0.0593238 4.24819e-05 3.87293e-06 0.000135692 6.71274e-06 0.0773556 0.0120929 0.00011021 0.0197572 0.162979 0.0176674 0.0621606 3.1333e-06 
8.1646e-05 0.396009 0.0694177 0.025599 0.0784887 8.67792e-07 0.00197502 7.27396e-05 0.350811 0.0105813 3.16377e-05 0.0325615 0.0139805 0.00752737 0.0108545 0.00200721 
0.00438634 0.402008 0.199163 0.0442109 0.0110947 0.000149601 0.00249914 0.000842908 0.141392 0.0317108 0.0012849 0.0613308 0.0500978 0.0133758 0.0336919 0.00276165 
9.94063e-05 0.602422 0.0744949 0.0117059 0.000133852 1.60474e-06 0.000123067 4.7098e-06 0.0429593 0.220687 0.000535595 0.0161029 0.00745339 0.0185958 0.00416656 0.000513382 
3.41522e-08 0.456847 0.0751133 0.0468944 0.000377642 5.78656e-08 3.59843e-08 4.11816e-06 0.311053 6.63774e-05 5.73386e-08 0.000424526 0.0152661 0.0442611 0.0496742 1.80862e-05 
0.00324793 0.323146 0.102488 0.0334695 0.0763172 3.62391e-05 0.000759518 0.0161044 0.26939 0.0806439 0.000376242 0.0338863 0.030887 0.0170482 0.00949191 0.00270709 
3.83754e-10 0.536962 0.136736 0.0176673 0.00084272 3.24663e-07 4.88551e-06 1.05624e-05 0.216441 1.88948e-05 3.18136e-10 8.25064e-06 0.0906901 5.84131e-05 0.000552482 7.31214e-06 
0.000245256 0.69548 0.0543142 0.0104536 0.00266646 7.50363e-07 1.3674e-05 1.83374e-05 0.208155 0.00621627 2.77997e-08 0.00119718 0.0163718 0.00316673 0.00169434 6.81804e-06 
2.27209e-09 0.579892 0.0143443 0.00514617 0.0036164 1.05118e-06 1.40014e-05 8.82122e-06 0.033768 0.00175262 1.86773e-09 0.35182 0.00109373 8.60438e-05 0.00845093 5.95519e-06 
5.79814e-07 0.247712 0.136601 0.0889251 0.0294072 1.61552e-09 1.58454e-09 4.52766e-06 0.201954 0.0346023 0.000250727 0.132269 0.0707991 0.00116799 0.0562116 9.40647e-05 
2.66968e-05 0.37242 0.320187 0.0313968 0.0123574 4.19844e-07 0.000278793 0.00976127 0.118854 0.0219364 6.5839e-05 0.0443967 0.0245924 0.0391852 0.00381416 0.000726634 
1.24081e-08 0.618995 0.174049 0.066137 0.00019088 8.23273e-06 3.71532e-05 9.98587e-05 0.017893 1.32497e-05 1.87336e-06 0.00160473 0.116239 0.00109806 0.0036126 2.02234e-05 
3.66129e-06 0.256565 0.0500418 0.0179166 0.00115258 3.58809e-05 0.000813286 0.000188751 0.114321 0.000117997 0.00231213 0.251985 0.0609549 0.00108311 0.242298 0.000210386 
0.00361852 0.336704 0.0785064 0.119468 0.0119186 0.000852283 0.000195298 0.0058388 0.151921 0.0430807 0.00357653 0.0369411 0.0927333 0.0458373 0.0676915 0.00111634 
0.000148087 0.563241 0.0743298 0.0404024 0.000490566 2.42854e-05 8.21106e-05 7.25367e-06 0.100257 0.012535 0.00031595 0.0862485 0.0410997 0.0587598 0.0220466 1.23398e-05 
2.2473e-05 0.517017 0.217891 0.0218224 0.0252535 0.000115009 4.45624e-05 0.00012653 0.0637441 0.017525 0.00755458 0.0318175 0.0658537 0.000931983 0.0300569 0.000224307 
0.000143667 0.274456 0.215702 0.0713513 0.00593031 3.07482e-05 2.91961e-05 1.82922e-05 0.129196 0.157932 0.000162183 0.0186962 0.0749418 0.0308523 0.0204393 0.000118809 
9.58391e-06 0.410217 0.271362 0.0129226 0.00149727 2.65572e-05 2.55116e-05 6.27217e-05 0.173759 0.0193742 3.9591e-12 0.00253455 0.105388 0.000486997 0.00223865 9.62966e-05 
9.51496e-07 0.48809 0.162089 0.00394189 0.00147703 9.91945e-07 1.19103e-06 9.9009e-06 0.112365 0.000358789 1.83934e-08 1.59712e-06 0.231142 3.75314e-06 0.000494499 2.4049e-05 
0.000203642 0.463236 0.21635 0.0318527 0.00445507 9.57428e-06 0.000238057 2.24121e-05 0.0831235 0.0155586 9.59189e-05 0.0771696 0.076316 0.0221272 0.00796381 0.00127783 
1.62749e-05 0.28856 0.102611 0.0603133 0.0723311 0.00114047 1.36167e-07 0.00282627 0.188467 0.140222 0.0143979 0.0480963 0.065921 0.00123279 0.0110845 0.00278029 
2.98833e-09 0.315548 0.0241338 0.0431848 0.00043201 3.45658e-09 0.00237648 2.70029e-05 0.0168365 0.151167 3.24056e-05 0.314589 0.105235 9.78844e-08 0.0243853 0.00205243 
0.00023666 0.510814 0.32879 0.00931284 0.0013497 4.13998e-07 6.08374e-06 5.31699e-05 0.0523418 0.00171051 1.79671e-05 0.0612246 0.0297649 0.00180011 0.00257644 1.69572e-09 
0.000177886 0.314084 0.0338088 0.196491 0.0111542 0.00790757 0.00684578 6.77653e-05 0.143428 0.00518809 2.3181e-07 0.141943 0.0840569 0.0132145 0.0410187 0.000613829 
0.00251616 0.462091 0.323 0.0425438 0.00271848 1.15895e-05 0.000182944 0.00772748 0.0926249 0.00724688 0.00185272 0.0156636 0.0263968 0.00999526 0.00525536 0.000172526 
0.00288312 0.245478 0.112835 0.0420831 0.0283196 0.000694177 0.00028026 0.00125483 0.119081 0.185158 0.00599401 0.15332 0.0629898 0.00741933 0.0315063 0.000702296 
1.23842e-09 0.38945 0.386642 0.0098206 0.00150341 7.50586e-06 0.00148984 2.44444e-05 0.137007 9.60359e-05 1.10308e-07 0.00133241 0.0643117 0.00558834 0.00272691 5.59003e-10 
1.51452e-09 0.555837 0.343696 0.0128362 0.000650312 0.000174176 7.20578e-08 0.015623 0.00576 0.00883035 0.00152661 0.0352135 0.0150744 0.00118744 0.00358881 2.04115e-06 
2.42856e-05 0.292504 0.128354 0.0598237 0.0310086 8.26486e-05 0.000108451 6.31519e-05 0.0983976 0.0670574 0.00125601 0.0355792 0.233739 0.00309574 0.0485964 0.000309049 
2.36197e-12 0.568616 0.210807 6.73541e-07 3.76759e-08 4.10084e-09 2.67968e-12 1.18514e-10 0.00369935 0.000384221 1.47049e-12 0.012304 0.137207 0.0514226 0.0155233 3.5933e-05 
0.000293468 0.26925 0.262822 0.0343114 0.0146723 6.43911e-05 0.000238381 0.00284193 0.0985579 0.0984862 0.00476285 0.108514 0.0741903 0.00801892 0.0218728 0.00110293 
0.000611299 0.510637 0.00391161 0.0471267 0.0127189 1.11316e-06 3.1918e-09 1.62953e-06 0.100759 0.012381 1.75152e-09 0.00587539 0.00445868 0.0270256 0.274491 6.77623e-07 
4.77592e-08 0.453428 0.062833 0.00801356 6.33474e-05 5.95294e-08 4.17632e-05 3.96175e-05 0.066959 0.247489 1.62212e-05 0.108557 0.0137206 0.0309606 0.0068478 0.00102977 
2.0852e-06 0.536558 0.0384385 0.0058619 0.000228573 1.75624e-09 5.0051e-09 9.68032e-07 0.405099 0.00131893 7.71691e-12 0.00278692 0.00461449 0.000425623 0.0045012 0.000163473 
2.07416e-07 0.368503 0.0817627 0.0600051 0.0139378 1.82548e-08 2.66006e-07 3.23543e-06 0.335832 0.0496615 2.29959e-07 0.00969305 0.000319641 0.00321041 0.0770707 8.99672e-08 
5.59919e-05 0.560922 0.300721 0.0237184 0.00133057 4.22795e-07 0.000603602 4.63426e-06 0.0883245 0.00123883 0.0018126 0.00159252 0.0114284 0.00585202 0.00232211 7.23285e-05 
9.31856e-06 0.246087 0.244042 0.0298241 0.0418797 2.58823e-05 0.00053399 0.0269014 0.171257 0.0133648 0.00190409 0.0371277 0.152111 0.0287663 0.00559276 0.000573339 
2.95953e-05 0.470699 0.112809 0.0194356 0.00982917 1.55201e-05 7.83716e-05 2.29634e-05 0.300855 0.00374517 3.44247e-05 0.00129987 0.0425403 0.011042 0.026639 0.000924561 
1.22505e-05 0.408513 0.0707364 0.064525 0.00355298 8.15701e-08 3.34369e-05 6.61585e-06 0.0882135 0.0245536 0.00402945 0.27891 0.014889 0.00181815 0.0400187 0.000188515 
0.00156215 0.353057 0.0654475 0.0363228 0.0264975 0.000501179 0.000532964 0.00216124 0.150524 0.0506612 0.00154939 0.246572 0.0315608 0.0194759 0.0133152 0.000259324 
0.000345515 0.353381 0.228162 0.0284242 0.0117925 0.000288554 0.000566915 0.00244012 0.236514 0.00987705 0.00151716 0.0470746 0.0527137 0.0110847 0.0141668 0.00165139 
0.00113775 0.453513 0.149185 0.0264674 0.00509844 2.80524e-07 2.3998e-07 2.32688e-05 0.177706 0.0446466 0.00383095 0.0572791 0.0397938 0.00697593 0.0341593 0.000182158 
0.000679654 0.645101 0.256906 0.041814 0.00128545 8.22896e-10 2.60401e-06 4.17836e-06 0.0316906 0.00660749 2.49456e-12 0.00116939 0.0131486 0.000455562 0.00111988 1.63556e-05 
0.00580282 0.384555 0.120113 0.121004 0.000912484 1.97927e-05 2.02164e-06 4.06426e-05 0.0173246 0.0391478 0.00332146 0.162487 0.123633 0.00105615 0.0205752 4.99256e-06 
1.49065e-07 0.695767 0.00296509 0.0604748 0.000559672 1.72422e-07 1.69116e-07 5.77247e-06 0.0527777 0.0233988 9.28031e-08 0.082947 0.00888491 0.0205187 0.0513248 0.000375697 
1.87041e-05 0.348083 0.0949773 0.0560217 0.0260521 1.43348e-05 0.00086372 1.44221e-05 0.31335 0.0208116 0.059002 0.0200828 0.0271319 0.013541 0.019962 7.32636e-05 
0.00309002 0.227 0.191329 0.0560669 0.162977 7.8844e-07 0.000288877 0.0064356 0.0574705 0.02032 0.000644292 0.0521131 0.192789 0.00936793 0.0183409 0.00176683 
7.51451e-05 0.418887 0.0772684 0.0265814 0.00593135 8.80598e-07 0.00704548 3.2178e-05 0.357391 0.0173267 3.206e-05 0.0327294 0.0228222 0.0254321 0.00825815 0.000186733 
1.30906e-05 0.363836 0.330753 0.071593 0.000530266 1.03229e-06 8.66697e-05 3.47226e-05 0.107212 0.00129877 0.00168089 0.0024151 0.0278809 0.0675772 0.0249228 0.000164043 
1.13121e-06 0.519965 0.100371 0.0766521 0.00188657 4.25964e-05 2.72383e-06 7.53721e-06 0.131176 0.0150363 3.51466e-12 0.0181484 0.102386 0.000437857 0.0337983 8.89362e-05 
0.000358015 0.391972 0.118429 0.0272993 0.00229174 2.00759e-05 0.000797077 6.96671e-05 0.182818 0.104184 0.000764619 0.0897857 0.0387992 0.00855535 0.0228407 0.0110154 
1.74492e-05 0.43207 0.411564 0.0347853 0.000792444 7.87458e-06 3.69862e-12 2.40619e-05 0.0789576 0.00430319 9.73641e-08 0.00619992 0.0118756 0.0150299 0.00434292 2.95838e-05 
6.17983e-07 0.742968 0.00159494 0.0293069 1.50089e-06 2.25169e-07 7.76175e-10 1.70784e-10 0.0333098 0.0114645 4.41226e-07 0.000208143 0.00550271 0.0101104 0.165532 7.66802e-09 
0.00140539 0.604956 0.0767491 0.018707 0.00616857 1.27877e-05 0.000350481 1.15212e-05 0.197565 0.0290212 3.67904e-05 0.0107711 0.0263155 0.0027066 0.0246913 0.000530752 
0.000432181 0.429739 0.107712 0.0116387 0.00785087 3.31098e-07 4.95305e-06 0.000495104 0.242107 0.129991 0.00128331 0.0488156 0.0056291 0.00919431 0.00393983 0.00116561 
1.75558e-05 0.287224 0.23912 0.0266419 0.0258052 4.96237e-06 0.000183907 0.00903537 0.202811 0.126652 0.000860165 0.0532712 0.010039 0.0026308 0.0155168 0.000185692 
0.000175948 0.532505 0.188801 0.0017212 0.00139034 1.21189e-06 8.83019e-07 8.60843e-07 0.14262 0.129252 6.94944e-05 0.000647267 0.00178602 4.36502e-05 0.000817332 0.00016751 
0.000946582 0.500765 0.0232205 0.0377988 0.00581282 1.78964e-05 0.000941525 2.33418e-05 0.264754 0.0391204 0.000747586 0.0845144 0.00797607 0.000787282 0.0320348 0.000538609 
8.77531e-09 0.401804 0.172521 0.203112 7.45086e-09 9.06199e-13 8.88822e-13 1.9557e-13 0.0325747 4.83896e-08 5.80465e-09 1.01325e-07 0.0303304 0.00276727 0.156891 1.18034e-08 
0.0155417 0.421631 0.10752 0.0205163 0.00360277 9.30815e-07 5.89784e-05 2.45836e-05 0.367694 0.0215209 0.00115513 0.0143609 0.0150499 0.00479035 0.00605243 0.000479543 
0.00017601 0.193805 0.139979 0.182285 0.00521249 7.79198e-11 6.8317e-07 4.4842e-06 0.0784238 0.0238857 0.00725701 0.161449 0.065647 0.0182473 0.123501 0.000126211 
1.26477e-06 0.385175 0.252458 0.0173152 0.0327412 0.000343801 0.000234221 0.000249289 0.107857 0.00601961 7.65403e-07 0.00689753 0.184808 0.00297074 0.002587 0.000341553 
0.000457524 0.303018 0.181258 0.00485885 0.0091971 0.116943 0.000312483 0.000352283 0.116604 0.201462 6.2265e-05 0.0397026 0.00605758 0.0167398 0.00296393 1.12604e-05 
0.000205446 0.490268 0.0703697 0.0502113 0.00557787 1.55816e-05 1.13328e-05 2.41897e-05 0.275195 0.0117627 0.000158645 0.0287451 0.0385072 0.00396705 0.0227767 0.00220431 
3.44477e-05 0.39249 0.151837 0.0713133 0.00147646 0.000105314 0.00275937 0.00986871 0.0270609 0.0214575 0.00752183 0.132893 0.11091 0.0283819 0.0393346 0.0025566 
0.000159355 0.324556 0.0769321 0.0896505 0.054746 0.0213736 0.00207407 0.00111754 0.107483 0.0427083 0.000274014 0.0748798 0.13509 0.00650349 0.0612104 0.00124229 
1.42907e-06 0.260524 0.209016 0.114739 0.00529358 1.4288e-06 1.42884e-06 1.43035e-06 1.43064e-06 1.43052e-06 1.42972e-06 0.0906973 0.114306 0.0170245 0.188389 1.42951e-06 
0.00525629 0.524071 0.250136 0.0157212 0.00528772 1.05103e-05 3.88198e-08 0.000251122 0.084968 0.0250241 0.00119246 0.00427556 0.0726764 0.0008541 0.0102758 8.06319e-08 
4.98978e-06 0.322048 0.158078 0.0416851 0.00850815 1.51266e-05 0.000139333 5.53434e-05 0.264465 0.00231043 5.98471e-05 0.00719649 0.143715 0.0426783 0.00886433 0.000176505 
2.05408e-08 0.535653 0.253947 0.0450398 0.00118125 1.58434e-08 1.10918e-11 4.02715e-08 0.0488874 5.02557e-07 7.31009e-09 1.40178e-06 0.0287414 0.0784377 0.00811022 7.22007e-12 
3.86134e-06 0.697635 0.0611346 0.0287804 0.00593849 3.96219e-06 0.000601185 2.05294e-06 0.119624 0.0021419 0.000304115 0.000770537 0.0176069 0.059464 0.00593429 5.40079e-05 
1.45847e-06 0.463871 0.0695 0.00715578 1.45973e-06 1.45819e-06 1.45823e-06 1.45977e-06 0.0699388 0.0410257 1.45912e-06 0.243523 0.0700824 0.0013154 0.0335781 1.45891e-06 
0.00188243 0.417987 0.0647029 0.0944457 0.0101576 1.4092e-05 0.00205197 0.000101176 0.18542 0.0473635 0.0152008 0.02765 0.041132 0.0331254 0.0584337 0.00033196 
2.43103e-06 0.549997 0.242807 0.0418476 8.22092e-05 0.00204315 0.000292019 2.47274e-05 0.0504726 0.0119899 0.000255826 0.0174853 0.0659734 0.000572668 0.0159924 0.000162508 
2.19908e-11 0.389527 0.133239 0.283466 1.20025e-07 9.44917e-06 2.49488e-11 1.94241e-06 0.0972093 0.0124033 1.36908e-11 0.0351248 0.00398684 0.00105921 0.0439374 3.5343e-05 
3.96037e-05 0.425058 0.116594 0.116128 0.0199647 3.89866e-05 0.000470202 0.0069977 0.150873 0.0353693 0.00126821 0.0225727 0.0792009 0.0218597 0.00324904 0.000316446 
2.78813e-06 0.340331 0.0399837 0.0244356 0.00350864 1.03225e-06 3.89611e-05 0.000160477 0.215492 0.00372709 0.000273337 0.0186519 0.0084814 0.00539446 0.339484 3.35859e-05 
0.00631487 0.3413 0.232401 0.0526939 0.0221653 8.22462e-06 0.00228165 0.000175136 0.0666918 0.145026 9.00298e-08 0.0276476 0.0612711 0.000664824 0.036743 0.00461587 
0.000204736 0.319996 0.14484 0.0176376 0.00501506 7.08055e-05 0.000159578 9.17054e-05 0.177811 0.0909022 0.00132817 0.122921 0.0824123 0.00780482 0.00755091 0.0212548 
5.04563e-05 0.334344 0.270167 0.0263459 0.031102 1.57755e-05 0.0150449 3.01563e-05 0.139233 0.00912854 0.00332098 0.0139362 0.135607 0.015919 0.00547279 0.000283034 
1.62794e-05 0.445514 0.0189572 0.0438652 0.0798905 3.90178e-07 6.34834e-06 1.57413e-06 0.0183122 0.0854255 9.785e-07 0.253685 0.0119113 0.0170464 0.0253277 3.88783e-05 
3.80264e-12 0.503638 0.0891975 0.192419 2.11574e-08 9.68107e-09 4.31414e-12 0.000256075 0.041648 0.00897097 2.36741e-12 0.000540826 0.153567 0.000838887 0.00892382 2.80824e-12 
5.64459e-08 0.428244 0.165397 0.074368 0.000543176 3.14338e-06 2.68903e-06 0.000174893 0.088375 0.00301172 8.52269e-06 0.000155639 0.101989 0.084373 0.0533186 3.41084e-05 
6.42821e-05 0.22148 0.157826 0.0872162 0.0344861 2.77639e-05 0.00338247 0.000410298 0.195687 0.056138 0.000321829 0.048998 0.140556 0.0107725 0.0311522 0.0114812 
0.000199558 0.504322 0.0436081 0.169148 0.00489616 0.000672005 6.93585e-07 1.97555e-06 0.0551912 0.0389413 4.55019e-07 0.0933937 0.0583836 0.00306255 0.0279979 0.000181297 
4.89599e-05 0.306063 0.0749293 0.0565517 0.0440551 0.00127466 0.000382687 3.08878e-05 0.110318 0.0417139 0.0287376 0.179772 0.0445287 0.000631102 0.109522 0.00144133 
7.76027e-05 0.312998 0.105733 0.0328346 0.0158205 6.16399e-07 0.000291725 6.79164e-06 0.137389 0.277529 0.000726942 0.0484615 0.0356258 0.000979217 0.0303966 0.0011286 
3.35885e-06 0.37115 0.234389 0.0897474 0.0278531 7.8168e-05 3.77242e-05 0.000204751 0.16392 0.00341917 2.19192e-07 0.000952839 0.0933921 0.00166658 0.0128607 0.000325883 
0.000728889 0.391246 0.233634 0.0369675 0.0185126 0.000110809 0.00281148 0.00946179 0.122073 0.0374676 0.000659925 0.0653615 0.0451398 0.018137 0.0153122 0.0023751 
8.12947e-06 0.375473 0.0654474 0.00402936 0.0184899 1.42372e-08 0.00117631 1.75485e-05 0.0462247 0.0973709 1.82031e-05 0.366917 0.0104152 0.00435408 0.00999999 5.88238e-05 
1.74492e-05 0.43207 0.411564 0.0347853 0.000792444 7.87458e-06 3.69862e-12 2.40619e-05 0.0789576 0.00430319 9.73641e-08 0.00619992 0.0118756 0.0150299 0.00434292 2.95838e-05 
0.0066965 0.22125 0.098028 0.0897175 0.0110448 2.96012e-05 0.00197293 0.000574429 0.116348 0.219053 0.00604629 0.0862112 0.0775552 0.0169054 0.0465127 0.00205386 
0.000141276 0.30722 0.180118 0.049991 0.00371912 1.31453e-06 4.33073e-05 6.0072e-05 0.168152 0.0349696 3.9861e-05 0.050629 0.130248 0.000420858 0.074213 3.32781e-05 
2.95604e-08 0.388581 0.273833 0.0521802 0.00103912 6.89921e-08 2.99408e-12 7.98229e-06 0.0205636 0.0308733 6.45459e-05 0.149363 0.0366993 0.00286166 0.0439335 3.97609e-08 
2.7691e-06 0.331829 0.221501 0.0215183 0.0186977 0.00112661 0.00453119 9.86607e-06 0.249871 0.0218869 1.29031e-05 0.015116 0.110121 0.000597627 0.00300387 0.000174244 
7.88302e-05 0.303135 0.18691 0.0321017 0.0276214 8.87666e-06 0.000406302 2.40557e-05 0.204172 0.0274457 0.00164291 0.0878409 0.0677403 0.0349455 0.023164 0.00276217 
0.000363604 0.391275 0.21796 0.0514296 0.0220673 3.07936e-05 0.00457662 0.00695748 0.123419 0.0196148 0.00228844 0.0323356 0.0876645 0.0209531 0.017979 0.00108439 
0.00122521 0.52739 0.301711 0.00772587 0.00918981 9.93568e-07 2.56488e-05 2.11763e-06 0.0431695 0.00588694 2.0339e-08 0.0493429 0.0533745 0.000107091 0.000831603 1.70541e-05 
6.83134e-11 0.381295 0.0101094 0.195254 2.68403e-07 6.30026e-06 7.75024e-11 3.32335e-05 0.214567 0.00396182 1.06031e-06 0.00130592 0.0786243 0.000466797 0.114375 1.08354e-07 
0.00010723 0.368771 0.325865 0.0203659 0.00750396 7.14902e-05 5.10292e-08 0.000842921 0.13527 0.0174368 5.10605e-08 0.0525715 0.0237372 0.0385467 0.00890943 5.10532e-08 
0.000365273 0.241132 0.105928 0.0268809 0.115867 5.3322e-05 0.000184178 0.023436 0.198475 0.0427663 0.000970683 0.18281 0.0337198 0.00914842 0.0166174 0.0016459 
4.84687e-08 0.661317 0.0987052 0.036873 0.0013402 3.79732e-08 2.1788e-06 2.99292e-06 0.0965169 0.00435629 6.34429e-12 0.00637678 0.0211765 0.0654751 0.00768174 0.000175922 
0.000140033 0.318126 0.209154 0.045258 0.00985904 8.18137e-05 0.000481688 5.4036e-05 0.302481 0.0129676 0.00100823 0.00239003 0.0636425 0.0184824 0.0132848 0.00258816 
0.00265265 0.378572 0.0460889 0.0837096 0.00125498 1.77966e-05 2.56022e-05 0.0312629 0.19811 0.117335 0.000106578 0.0521494 0.016389 0.00192933 0.0703812 1.45887e-05 
1.97598e-06 0.516724 0.153944 0.061945 0.00145361 3.30985e-05 1.10154e-05 0.0146209 0.0652562 0.0117395 3.4168e-05 0.0130457 0.0717923 0.0233842 0.0659861 2.79894e-05 
9.28518e-08 0.512969 0.342829 0.0456759 0.000840039 3.09572e-06 1.20027e-10 0.00891881 0.0127788 0.0176283 0.000161905 0.00603853 0.0339948 0.00177186 0.0160508 0.000338318 
1.26322e-06 0.57981 0.000172722 1.68643e-05 1.01617e-05 5.73539e-05 4.90983e-05 8.03993e-06 4.48486e-05 1.89532e-06 0.000154905 1.39024e-05 0.392528 0.0145762 0.0125426 1.25316e-05 
2.99992e-09 0.293105 0.166476 0.0220752 0.000507163 1.66755e-07 1.42652e-07 5.66487e-05 0.218948 0.0467485 4.5211e-07 0.0721719 0.0708006 0.0781022 0.0294365 0.00157093 
3.98933e-05 0.446423 0.0335923 0.00251899 0.00770745 1.6605e-10 9.06111e-08 1.21785e-08 0.120767 0.344104 7.92628e-09 0.0396459 0.000423838 4.10128e-08 0.00476819 9.41658e-06 
1.54598e-12 0.406217 0.114753 0.0209594 2.00066e-08 6.65814e-07 1.21265e-08 3.17765e-06 0.387639 3.49238e-05 9.62479e-13 0.000240827 0.0513982 0.00972863 0.00902574 1.82703e-08 
3.17421e-05 0.679539 0.152613 3.94436e-05 0.0029429 0.000243392 0.000130477 5.41151e-05 0.031057 0.0108181 0.00332573 0.0470213 0.0572913 5.89163e-05 0.0140058 0.000827409 
0.000199558 0.504322 0.0436081 0.169148 0.00489616 0.000672005 6.93585e-07 1.97555e-06 0.0551912 0.0389413 4.55019e-07 0.0933937 0.0583836 0.00306255 0.0279979 0.000181297 
1.56403e-09 0.627551 0.109609 0.0276875 0.0046443 1.56056e-06 0.00164298 1.85531e-08 0.161556 0.00124738 1.39029e-07 0.00132041 0.00819416 0.0517721 0.00476835 5.0408e-06 
0.000456744 0.522561 0.066591 0.0556366 0.00594057 0.0593238 0.000484177 0.000255326 0.0995342 0.0532539 0.000114604 0.0782346 0.0147689 0.0197579 0.0229916 9.46681e-05 
0.000202636 0.430987 0.0521722 0.0153346 0.0260615 0.000161389 9.62641e-05 1.59466e-05 0.330935 0.0262557 1.51247e-10 0.071145 0.00875467 0.0108644 0.0267396 0.000274023 
0.000294616 0.42732 0.209147 0.0210418 0.0223937 6.69775e-06 0.000449225 8.74327e-05 0.179086 0.0371107 0.000665984 0.0505207 0.0306954 0.00639706 0.0143556 0.000427554 
1.17305e-05 0.397732 0.113678 0.109436 0.00302479 0.00207568 6.79014e-05 3.97619e-05 0.240892 0.00839003 5.42815e-06 0.00514977 0.0763493 0.0249072 0.0157075 0.00253331 
2.80062e-10 0.346276 0.00675026 0.218281 0.12113 3.23946e-10 3.17734e-10 8.03209e-08 0.0327707 0.0144963 1.74358e-10 1.67975e-07 0.26029 1.77366e-07 2.18258e-06 3.21319e-06 
0.000363891 0.526985 0.160311 0.0126035 0.0296426 7.14033e-07 6.023e-06 5.08021e-06 0.0294012 0.168939 6.74868e-09 0.0621187 0.00382556 0.0021998 0.00322162 0.000375737 
0.00733967 0.613185 0.0923119 0.07344 0.000424442 6.25474e-05 3.0443e-05 3.94591e-05 0.0886742 0.000259586 1.1596e-06 0.000374019 0.105239 0.000716361 0.017862 3.97395e-05 
0.0006049 0.516674 0.153238 0.0243726 0.00358499 0.000608052 0.000558413 0.00668931 0.164572 0.0312406 0.000614015 0.0185978 0.0650524 0.00537403 0.00808598 0.000133372 
0.000439118 0.566219 0.0957719 0.00112608 4.91707e-05 4.22749e-07 1.763e-08 2.52542e-06 0.0507833 0.0973952 0.000161018 0.13997 0.00984252 0.00392896 0.00856242 0.0257481 
0.0138826 0.531396 0.0390248 0.0337315 0.000975683 2.79336e-06 2.28878e-05 1.59086e-06 0.0013431 0.00924125 0.000118389 0.110159 0.0533668 0.0426068 0.150192 0.0139351 
0.00131298 0.618689 0.0507924 0.0120073 0.00618647 3.56594e-05 0.00160378 1.08601e-05 0.167809 0.0568688 8.94699e-11 0.0426051 0.00373228 0.000501095 0.0331407 0.00470484 
1.56111e-06 0.295481 0.0934801 0.142534 0.0198796 2.21952e-05 4.16076e-06 3.36135e-05 0.121506 0.00782887 0.0239448 0.00381351 0.196975 0.0328009 0.061526 0.000168303 
0.000170734 0.603615 0.0515074 0.00693336 0.00347425 5.7231e-06 0.000246613 7.51666e-05 0.205182 0.0609982 3.44439e-07 0.0429317 0.00869542 0.00412148 0.00896268 0.00308046 
1.36108e-08 0.508834 0.0297539 0.00378531 0.00803068 3.92855e-11 0.00964009 9.39883e-06 0.0081842 0.0609796 0.000560722 0.289165 0.0685289 0.00602767 0.00600596 0.000494237 
1.14334e-05 0.273231 0.0611403 0.201018 0.00337176 7.45291e-08 3.68021e-10 5.6522e-05 0.209276 0.0286155 0.000214549 0.00249258 0.108199 0.0900785 0.0221456 0.000149225 
1.32888e-06 0.413686 0.313556 0.0510341 0.00144136 2.4107e-06 0.00012966 8.51545e-06 0.116634 0.00175763 7.88174e-12 0.021031 0.0328284 0.0445101 0.00332399 5.58007e-05 
0.0204161 0.556161 0.234687 0.0321242 0.00158757 6.31657e-05 0.00211152 2.12272e-05 0.0711037 0.00258591 0.00121763 0.0134278 0.0485389 0.00409697 0.0117082 0.0001491 
5.55208e-07 0.545306 0.0537202 0.147054 0.000116103 8.60773e-05 1.48594e-11 5.13232e-06 0.194061 0.00232503 8.83908e-09 0.000549452 0.0408095 0.000595126 0.0153351 3.65528e-05 
2.0449e-06 0.565361 0.0887411 0.0229687 0.000875154 6.9546e-07 8.75904e-07 7.01951e-05 0.0737243 0.00693703 1.0166e-07 0.0336745 0.0973444 0.00115729 0.109142 2.00961e-07 
8.32546e-07 0.431441 0.0706701 0.0428039 0.00445077 1.22137e-07 0.000288752 5.60914e-06 0.382185 0.00797236 1.76903e-07 0.0125429 0.031026 0.0123919 0.00412876 9.1717e-05 
0.00139351 0.435843 0.0313423 0.0856637 0.000132182 6.91261e-05 1.26884e-05 3.43989e-06 0.218038 0.0597701 2.17652e-06 0.0240311 0.128523 0.00496123 0.00992086 0.000292479 
7.84036e-05 0.484191 0.136509 0.0220868 0.00610068 2.60428e-07 2.60435e-07 2.6071e-07 0.19226 0.010482 0.000104498 2.60744e-07 0.139686 2.60739e-07 0.00849985 2.60557e-07 
7.19546e-05 0.523242 0.361177 0.0300694 0.000718772 5.41461e-07 0.000775745 5.95519e-06 0.0550444 0.000829874 0.00210322 0.00132131 0.0146936 0.00752392 0.00233024 9.2968e-05 
0.000106902 0.566051 0.0129923 0.0334221 0.0062419 3.9752e-06 0.00653116 7.21163e-06 0.112117 0.0396488 0.00304765 0.166745 0.029651 0.0114283 0.0115261 0.00048001 
5.65384e-05 0.470065 0.213141 0.0301529 0.00369827 1.68545e-06 0.000210468 1.61018e-06 0.14561 0.031181 5.85048e-06 0.0248909 0.0671005 0.00116015 0.0126751 4.85973e-05 
0.000452403 0.238205 0.111452 0.0641111 0.0192639 0.0121347 0.00658908 2.47523e-05 0.043796 0.00553043 3.26237e-07 0.21057 0.236538 0.00373325 0.0448603 0.00273864 
3.88527e-08 0.585632 0.396042 1.21962e-06 0.00153381 1.36142e-11 1.33532e-11 2.49771e-08 3.72055e-06 0.000677103 7.32761e-12 0.0135718 1.92371e-07 6.63654e-08 0.00253776 2.9641e-07 
2.24326e-05 0.290891 0.119119 0.112888 0.000516238 7.58417e-11 1.55028e-05 1.52731e-05 0.0660653 0.0111144 7.76664e-08 0.0281502 0.166945 0.0758119 0.128212 0.000233553 
0.207826 0.243039 0.11269 0.0768115 0.00570539 5.21924e-05 0.000122898 6.02771e-05 0.0997028 0.0299398 6.05501e-05 0.0227083 0.18354 0.00774615 0.00981979 0.000174968 
