0.000126678 0.0693962 0.0349431 0.0350392 0.00605812 5.09346e-07 1.89816e-05 0.00192736 0.095608 0.031003 0.0105389 0.654593 0.0137541 0.014878 0.0320061 0.00010845 
0.00131987 0.0842612 0.0453224 0.0482618 0.000938959 4.26436e-06 2.87338e-10 9.16761e-06 0.056317 0.143454 0.0265904 0.583672 0.00141715 0.000207488 0.00822415 7.82272e-09 
0.000651897 0.0887957 0.0447795 0.000628674 0.0242797 0.0103759 0.00235898 6.94587e-06 0.0114048 0.0442382 0.00108094 0.618896 0.0604397 0.000132069 0.091931 2.58316e-08 
0.000126678 0.0693962 0.0349431 0.0350392 0.00605812 5.09346e-07 1.89816e-05 0.00192736 0.095608 0.031003 0.0105389 0.654593 0.0137541 0.014878 0.0320061 0.00010845 
0.000114473 0.244236 0.0383774 0.0273669 0.00270421 8.16199e-07 0.00270839 9.45209e-06 0.0129428 0.0643019 3.73325e-08 0.409318 0.100931 0.000807723 0.0961811 2.01786e-07 
0.000741017 0.0998514 0.133984 0.0319265 0.00474231 0.000172065 0.005565 6.20998e-05 0.0321656 0.010989 2.9405e-06 0.452299 0.119145 0.00510918 0.0994009 0.00384425 
3.97227e-05 0.0309599 0.0167636 0.0519076 4.92619e-05 1.45499e-07 0.00227914 1.53018e-05 0.0183763 0.0161065 3.46391e-08 0.675336 0.0968376 0.00528616 0.0802592 0.00578359 
9.59986e-07 0.354666 0.00710473 0.0099115 9.61256e-05 8.24637e-06 1.64698e-05 1.9057e-05 0.132126 0.0330031 4.10104e-06 0.406005 0.00245603 0.00116703 0.0532199 0.000196034 
1.35141e-06 0.00109854 0.157317 1.44807e-05 0.000657583 1.56317e-06 0.00203628 0.000516507 0.0168248 0.0156406 7.11825e-06 0.799545 0.00614817 1.1212e-06 0.000113412 7.64858e-05 
6.6265e-12 5.6831e-07 0.401577 3.03365e-07 3.15404e-06 1.15049e-08 0.0873629 1.10169e-07 0.000280119 0.0147024 4.12545e-12 0.439558 0.0450901 0.00905928 0.00236473 2.03283e-06 
0.0011688 0.0328201 0.0811135 0.038121 0.0534658 7.30282e-06 0.00373797 0.00444585 0.0973536 0.00680613 0.000624675 0.609598 0.0367401 0.0050569 0.0273803 0.00155984 
0.284787 0.0337507 0.0215972 0.0147879 0.00503228 3.23631e-05 0.0047196 9.671e-05 0.0104612 0.00699019 0.000204346 0.425783 0.119732 0.0166427 0.0149044 0.0404777 
0.00319045 0.0521681 0.102166 0.0879462 0.111201 4.61567e-05 0.000357596 0.000776967 0.181043 0.0662021 0.000786572 0.355232 0.0208775 0.000456418 0.0135054 0.00404454 
0.000122095 0.122768 4.71578e-06 0.0123563 0.0218653 3.31349e-06 3.21456e-11 1.93809e-07 0.0326936 0.347324 1.76401e-11 0.447015 4.84982e-07 1.18521e-07 0.0158474 1.04834e-08 
0.000252108 0.0229021 0.0652381 0.0155431 0.00355858 4.47086e-06 0.00167251 0.000403671 0.115506 0.0486404 7.90647e-06 0.517222 0.0364616 0.000403787 0.101118 0.0710662 
3.41661e-06 0.216072 0.0500972 0.0247729 2.53384e-10 1.0694e-09 1.04889e-09 0.000132448 0.00558848 0.036334 5.75583e-10 0.53909 0.0642209 1.06983e-05 0.0636772 8.49048e-07 
0.00354017 0.14846 0.273693 0.0777849 7.64946e-05 4.53379e-05 2.66138e-06 2.25894e-06 0.00882423 0.0337529 1.46979e-06 0.308345 0.0232698 0.00133425 0.120549 0.000318541 
8.43917e-05 0.0324817 0.0573968 0.193664 0.00673353 2.43426e-07 4.41608e-05 8.28007e-06 0.218929 0.009455 0.000144402 0.360314 0.0687775 0.00982346 0.0394787 0.00266521 
4.41882e-05 0.129878 0.288155 0.00615029 0.0129748 2.73323e-06 1.35177e-05 0.0116574 0.032229 0.0312247 0.00613345 0.383614 0.068299 0.000271297 0.00680656 0.0225459 
0.000838653 0.0914127 0.123735 0.0585217 0.0777226 2.0915e-06 9.1666e-11 0.01014 0.0899959 0.0788303 0.0034723 0.201971 0.16463 0.00591565 0.0928124 2.53521e-08 
2.25141e-06 0.0188353 0.0102348 0.0026487 0.00408143 6.8368e-07 0.000103674 0.0029337 0.142599 0.212432 0.000742259 0.587667 0.00054859 0.0149678 0.00218945 1.25048e-05 
4.58549e-06 0.0145365 0.0204113 0.00419288 0.000245832 5.304e-06 4.46646e-05 1.14467e-06 9.54109e-05 0.00245061 2.20214e-05 0.889923 0.000954656 5.22878e-05 0.0670127 4.73407e-05 
9.87629e-06 0.107917 0.00196845 0.0711993 0.00274687 0.00029468 0.000131028 0.097465 0.0610916 0.00283815 1.75697e-08 0.455759 0.0112734 7.81098e-05 0.186742 0.000484629 
0.00446731 0.133801 0.0431369 0.075223 0.0190848 2.79906e-05 0.0011507 0.000113793 0.173736 0.0967295 0.017301 0.287684 0.077382 0.00903767 0.0611053 1.85728e-05 
0.00480611 0.0585357 0.212437 0.0251602 0.0634365 4.67695e-07 0.000276299 0.0185914 0.0364646 0.0116094 0.0297557 0.422393 0.0768483 0.0139914 0.0246535 0.00103979 
0.000443704 0.0482247 0.0124494 0.076489 0.000139689 0.00122397 0.00131759 3.12442e-05 0.0797247 0.0518585 0.00928895 0.437928 0.196291 0.0114668 0.0729531 0.000169503 
0.00198626 0.188893 0.0481152 0.0354134 0.105842 0.00406846 0.000530469 0.00282127 0.115173 0.0975367 0.000470385 0.27905 0.0738729 0.00757518 0.0379856 0.000666016 
1.87239e-05 0.12896 0.0648314 0.0259243 0.00382686 9.07273e-06 0.00245607 0.015655 0.0212434 0.044342 0.000324663 0.620986 0.0439387 0.0168492 0.00823174 0.00240318 
2.82869e-05 0.00875928 0.00250257 0.000688843 0.00137884 3.65437e-08 2.67893e-05 7.88664e-09 0.00111096 0.015023 0.145898 0.806827 0.0071243 4.09919e-07 0.0104795 0.00015146 
1.14403e-05 0.0445883 0.069962 0.00812943 0.0169586 1.42331e-05 0.0163408 0.000531437 0.0256329 0.0128766 7.02221e-06 0.58045 0.0795979 0.00299253 0.0252665 0.116641 
0.0083587 0.158237 0.0549794 0.0120728 0.092367 9.99817e-07 1.78281e-06 0.00735849 0.230552 0.0588283 0.00209886 0.305301 0.0283148 0.0097292 0.0317686 3.08337e-05 
8.4296e-07 0.142852 0.0217313 0.14159 0.00120262 4.57747e-08 1.72285e-07 7.65972e-08 0.00630926 0.0156292 1.873e-08 0.366311 0.270987 2.31768e-06 0.0333804 4.19167e-06 
0.000135709 0.0199083 0.226193 0.0405869 0.0585029 1.6416e-09 2.54353e-06 0.0287828 0.0468243 0.0089977 0.000268704 0.379435 0.102943 5.80387e-08 0.0815201 0.00589812 
0.00062764 0.0649397 0.0286603 0.0497257 0.00637561 0.000441958 0.000897692 3.16892e-05 0.0921456 0.244291 3.46521e-09 0.404688 0.089018 3.18019e-05 0.0180739 5.09055e-05 
2.58204e-05 0.0564938 0.0253239 0.0123819 0.00771413 1.07043e-05 0.000809682 0.0498828 0.0259219 0.0270173 0.0038587 0.641115 0.024866 0.0179524 0.0863981 0.0202278 
0.000482837 0.040439 0.0105514 0.0264182 0.0023617 6.07335e-05 0.0102383 2.47061e-05 0.0680431 0.0999919 4.48506e-08 0.571924 0.064012 0.0006612 0.104452 0.000338997 
0.000452891 0.117661 0.223263 0.0691637 0.00428673 2.53406e-05 0.00123509 7.02324e-05 0.105892 0.0401909 6.1718e-05 0.367618 0.0323341 0.00225053 0.0326801 0.00281451 
0.000309851 0.0223431 0.00518068 0.00889703 0.0202561 3.63272e-06 0.000102072 1.68862e-06 0.00735466 0.125636 6.28113e-07 0.761021 0.0122978 0.000259188 0.0298033 0.00653383 
0.000798011 0.0266945 0.00302363 0.181923 4.40515e-05 1.38984e-08 2.53381e-05 1.6128e-05 0.05844 0.000885404 0.0122036 0.636473 0.0763944 0.00119328 0.00116393 0.000721737 
0.000798011 0.0266945 0.00302363 0.181923 4.40515e-05 1.38984e-08 2.53381e-05 1.6128e-05 0.05844 0.000885404 0.0122036 0.636473 0.0763944 0.00119328 0.00116393 0.000721737 
0.000882916 0.0620547 0.293601 0.0133809 0.00139381 0.000452989 4.12301e-05 0.00011877 0.0658592 0.0288764 1.47641e-05 0.323621 0.164503 0.0132067 0.0319782 1.44643e-05 
5.92029e-06 0.00264359 0.00302254 0.00724031 0.0132004 0.000152802 3.53016e-07 7.7675e-08 0.0345253 0.0236939 5.56383e-05 0.898243 0.0121539 0.000542357 0.00211134 0.00240848 
2.86995e-05 0.246593 0.212962 0.00958057 0.0081376 9.20212e-06 0.00170917 5.41689e-05 0.0462005 0.0489068 8.65361e-05 0.327917 0.0618593 0.00117495 0.00290907 0.0318706 
7.97736e-06 0.0646189 0.00975043 0.135871 0.00105623 5.52717e-07 0.00410448 6.43565e-05 0.0227993 0.00463148 1.08881e-05 0.561166 0.0698303 0.000199809 0.124178 0.00170979 
0.000671916 0.115759 0.0812244 0.000962344 0.00872671 5.89811e-08 0.013352 1.04171e-06 0.0425454 0.0339535 0.000416926 0.448862 0.107413 0.00800747 0.138036 6.79537e-05 
0.0148636 0.10546 0.0823868 0.0346933 0.0120158 2.99104e-06 0.0199598 0.00313015 0.086963 0.00827769 0.000132632 0.536189 0.0258106 0.0178553 0.0507462 0.00151351 
0.000772367 0.0939906 0.000136839 0.00942427 0.00239786 1.17238e-06 1.1499e-06 2.20193e-05 0.0698814 0.120782 2.32592e-05 0.672963 0.00241483 0.0129357 0.00997457 0.00427948 
2.8056e-06 0.215518 0.0262103 0.0403163 0.000529448 4.46157e-10 4.37602e-10 4.19506e-05 0.176856 0.0127175 0.000366383 0.342725 0.00590701 0.000448211 0.174141 0.00422041 
0.00241967 0.0477823 0.00847725 0.0964698 0.17548 6.56729e-06 0.00614915 0.000196753 0.0612613 0.0174778 0.00159583 0.463391 0.0886006 0.00403277 0.0237665 0.00289273 
0.000535747 0.0245816 0.00253169 0.0347371 0.00484069 2.52253e-07 0.00189188 1.67574e-05 0.0114022 0.044915 2.50463e-07 0.823419 0.00731766 0.00010424 0.0423396 0.00136647 
0.00165262 0.165475 0.103499 0.00570358 0.0327549 2.08899e-05 4.42496e-06 9.39083e-06 0.193569 0.176605 1.00963e-05 0.201826 0.102021 0.0128737 0.00396216 1.36318e-05 
0.00193141 0.10949 0.239108 0.0280659 0.0371137 4.74872e-07 0.00752435 2.54411e-05 0.0675914 0.00430641 0.000168562 0.39711 0.0135204 0.00848643 0.0849911 0.000566551 
6.25933e-06 0.221231 0.0936101 0.000264533 0.00846514 3.15639e-11 3.09587e-11 5.24914e-06 0.119528 0.0252861 0.000190252 0.517907 0.00347953 9.94713e-08 0.0100115 1.43143e-05 
0.00106657 0.043317 0.0510878 0.0222302 0.0123509 0.0215599 5.60138e-06 0.000192569 0.070206 0.016449 0.00046391 0.549093 0.0975355 0.00424252 0.109558 0.000641656 
6.02894e-09 0.00590197 0.000214587 0.000100838 0.00255384 2.95779e-07 5.68909e-05 0.000529127 0.0101162 0.0432592 5.0773e-08 0.927227 0.00128572 3.88284e-09 0.00853829 0.000215607 
0.000281307 0.0794408 0.0480338 0.0157244 0.0187372 3.46629e-06 2.28969e-05 0.000597856 0.0116842 0.0150239 0.00480939 0.691869 0.0405826 0.00848685 0.0627846 0.00191718 
7.73249e-05 0.151222 0.0449712 0.00611675 0.00839339 1.45627e-06 0.00096222 0.0100188 0.0765713 0.192534 2.71955e-05 0.415299 0.0557013 0.00139626 0.0366978 1.00091e-05 
1.29133e-05 0.0261562 0.0622453 0.0249255 0.218023 2.80406e-06 0.000319303 0.00788705 0.0273163 0.00343003 0.00697076 0.59679 0.0148079 0.000670809 0.00272302 0.00771908 
0.0240167 0.0437481 0.266351 0.00175719 0.00242162 3.33779e-05 0.000864786 0.00663985 0.0281158 0.065331 0.00012286 0.509616 0.0410864 0.000971805 0.00843219 0.000490958 
2.03199e-09 0.0103714 0.0400532 0.0682862 0.000592491 0.000231754 0.000169823 0.135733 0.00891462 0.316223 0.000264825 0.316405 0.0173192 0.00015276 0.0842558 0.00102603 
7.71251e-10 0.204681 2.11967e-05 0.144872 8.20156e-06 8.921e-10 8.74993e-10 9.62827e-07 0.252567 0.0721401 4.80156e-10 0.285993 7.18859e-05 8.0356e-06 0.0396135 2.37516e-05 
1.03833e-07 0.302939 0.00671146 0.0352945 2.84574e-08 0.000668043 0.00012826 1.47212e-06 0.157394 0.00146834 6.46434e-08 0.372333 0.0802407 0.00049549 0.0408737 0.0014515 
4.66776e-06 0.162582 0.0347813 0.0421882 0.000156667 3.42384e-06 0.00113457 3.94842e-05 0.00813528 0.151573 1.26793e-09 0.323819 0.255139 0.00523096 0.0129366 0.00227622 
2.099e-05 0.0644678 0.26899 0.00236035 0.0020359 0.000446828 0.0299786 2.54784e-06 0.0366257 0.0399438 0.000297369 0.436256 0.0460042 0.000871899 0.0709976 0.000700943 
0.0117931 0.0936617 0.191785 0.149155 0.0385676 0.000204663 0.00686579 0.00371638 0.0752135 0.0088888 0.010218 0.295907 0.0753253 0.010655 0.0274748 0.000569617 
7.54988e-05 0.105591 0.014345 0.0434997 0.140392 1.81659e-05 0.00679243 0.000169912 0.136724 0.0172938 0.000919101 0.331229 0.138649 0.0018175 0.0590198 0.00346432 
1.11807e-07 0.000972653 0.0604024 8.19669e-07 0.0422714 1.70511e-10 1.67242e-10 1.5277e-05 0.0663826 0.033154 0.00170108 0.79248 0.00257407 8.64203e-07 4.4032e-05 2.86275e-07 
0.00386482 0.114754 0.0524069 0.0260833 0.0265636 1.35032e-05 0.000185095 0.00184104 0.0198284 0.0200637 0.000915723 0.500045 0.188646 0.000698944 0.0424379 0.00165138 
0.000232207 0.0650386 0.0671935 0.0426531 0.185336 0.0120934 0.0186158 0.00515799 0.0349557 0.00868686 0.000394816 0.474953 0.0580196 0.022754 0.00350517 0.000409398 
6.74307e-05 0.336017 0.0152151 0.0120862 0.0077791 2.7289e-06 1.65041e-06 1.19694e-05 0.0463899 0.0579125 0.0042298 0.482884 0.00921266 1.39989e-05 0.0281179 5.87725e-05 
4.13779e-05 0.218045 0.0685037 0.0639457 0.0313074 0.000306505 0.00231239 0.00312696 0.105774 0.0602523 0.00183123 0.354923 0.039226 0.00784162 0.0344329 0.00813049 
0.000798011 0.0266945 0.00302363 0.181923 4.40515e-05 1.38984e-08 2.53381e-05 1.6128e-05 0.05844 0.000885404 0.0122036 0.636473 0.0763944 0.00119328 0.00116393 0.000721737 
0.00492329 0.143165 0.0379517 0.116059 0.004158 1.57283e-09 0.00362885 0.00159743 0.0448752 0.06475 0.000129103 0.270513 0.242692 0.0036922 0.0618635 2.63138e-07 
2.05058e-05 0.00396512 0.0719925 0.00255115 0.000147938 3.77738e-08 0.0246822 2.28411e-06 0.000530845 0.000958061 3.37583e-08 0.833671 0.0390092 1.42193e-05 0.0224257 2.87388e-05 
0.00206864 0.143015 0.132243 0.0395119 0.0378416 0.0031791 0.00258238 0.00620653 0.0854912 0.0552438 0.00573232 0.398262 0.0523656 0.00963062 0.0246162 0.00201001 
3.14963e-10 0.0189344 0.0196217 0.0159205 0.000709055 3.12543e-07 0.00061814 0.00919486 0.000642019 0.0023123 1.96086e-10 0.925521 0.00447601 1.19422e-05 0.00203486 2.85371e-06 
0.0125373 0.0949517 0.0673736 0.0229996 0.0824121 1.12149e-06 5.38288e-07 0.0108334 0.0278756 0.01027 9.61348e-06 0.337699 0.122499 0.000103413 0.134055 0.0763789 
5.46452e-05 0.0857318 0.0430432 0.0529626 0.061685 5.61466e-07 0.00317652 0.000143505 0.00123905 0.0147415 1.30689e-05 0.363311 0.276837 0.00105033 0.0957029 0.00030832 
0.00014472 0.118418 0.0143977 0.120454 0.00118749 6.75262e-08 0.000722261 1.32339e-06 0.0223831 0.000904983 0.000151874 0.366623 0.0135193 0.000259236 0.339278 0.00155569 
4.50874e-05 0.268093 0.160404 0.00520666 0.0298587 4.60965e-07 0.000868394 3.31335e-05 0.109914 0.00170345 0.000491055 0.282959 0.0849875 0.000549088 0.0548729 1.3817e-05 
0.000226561 0.0374465 0.0185385 0.00867274 0.00180507 3.68795e-07 0.000138478 1.23848e-06 0.0189037 0.0279431 4.02414e-05 0.827893 0.00308835 0.000258429 0.0434375 0.0116068 
5.76123e-10 0.139099 0.32582 0.00109149 0.00127758 4.25695e-08 6.02134e-05 8.53543e-06 0.0303953 0.0826761 4.58248e-05 0.416514 0.000115185 1.00632e-05 0.00285768 2.99595e-05 
0.000442056 0.146286 0.0218433 0.0021537 0.0222328 1.15578e-07 3.84138e-07 3.33737e-06 0.139044 0.019758 0.00387651 0.565973 0.0127026 0.000155828 0.0655273 1.04162e-06 
7.31376e-07 0.0500086 0.0171691 0.00152382 4.48265e-05 1.19344e-06 5.98529e-05 4.67433e-07 0.0329769 0.00844873 4.55331e-07 0.827694 0.00843776 7.07267e-05 0.0535552 8.01013e-06 
0.000532938 0.0270838 0.132911 0.00147802 0.0181214 3.42002e-05 6.12182e-05 9.27465e-05 0.0174301 0.0242185 2.46962e-05 0.75741 0.0139488 0.00243255 0.00418641 3.38967e-05 
0.000601386 0.269836 0.0225166 0.0951818 0.0512873 9.74847e-05 0.00248018 0.000116623 0.0702089 0.0904215 0.00786682 0.358136 0.0145779 0.00695551 0.00844609 0.00127021 
7.69709e-07 0.0994798 0.123721 0.0668097 0.0551501 2.01944e-05 0.00433814 0.00011127 0.0953174 0.0266581 0.0240666 0.266758 0.197067 0.00947831 0.0280046 0.00301953 
0.00564357 0.0981281 0.151384 0.0108793 0.0895215 0.000115866 0.000163367 0.00215027 0.0314284 0.0565116 0.000658599 0.514447 0.0188279 0.00228928 0.0171916 0.000659861 
2.00906e-06 0.199064 0.135659 0.0165062 0.0129068 4.35507e-06 0.00108879 0.00064266 0.02003 0.0131116 6.99184e-11 0.35519 0.145975 0.000452884 0.0977008 0.00166596 
0.000108902 0.0766527 0.000512005 2.68863e-05 0.000140307 3.0044e-07 2.94679e-07 6.4839e-08 0.00637349 8.36879e-05 3.55866e-05 0.915912 7.25186e-05 1.04709e-05 7.07005e-05 1.91818e-07 
0.000606171 0.234826 0.185821 0.0267047 0.0103529 4.32785e-08 4.23184e-05 5.65723e-06 0.0122441 0.149295 1.62588e-10 0.323074 0.0208408 0.00150173 0.033016 0.00166945 
3.21639e-06 3.18856e-06 0.000594248 0.00193149 3.97126e-07 4.45677e-09 8.82686e-06 1.09553e-06 0.0170727 0.0429889 3.02959e-05 0.873675 0.0109672 3.48924e-06 0.0527152 4.34024e-06 
0.00083402 0.0985253 0.179664 0.0269445 0.0706087 3.15414e-05 0.00735051 0.000123619 0.120909 0.0252607 0.00111656 0.276 0.175719 0.0107588 0.00391308 0.00224093 
4.55171e-06 0.24061 0.143209 0.00367043 0.00287113 0.000261488 0.010707 2.42918e-05 0.02289 0.00608327 0.000745599 0.348833 0.208286 0.00664287 0.00409571 0.0010666 
1.11788e-05 0.171219 0.117088 0.00828469 0.019699 1.94951e-05 2.28873e-06 3.90027e-05 0.0950364 0.0410403 0.00156321 0.52904 0.00585596 0.000241856 0.0108569 3.74281e-06 
8.57009e-12 0.0293157 0.102135 0.00368844 5.83524e-08 9.91295e-12 0.000543648 5.49231e-06 0.0664975 0.0312327 5.33547e-12 0.7281 0.00395996 0.000844328 0.0330942 0.000582349 
0.000798011 0.0266945 0.00302363 0.181923 4.40515e-05 1.38984e-08 2.53381e-05 1.6128e-05 0.05844 0.000885404 0.0122036 0.636473 0.0763944 0.00119328 0.00116393 0.000721737 
6.25933e-06 0.221231 0.0936101 0.000264533 0.00846514 3.15639e-11 3.09587e-11 5.24914e-06 0.119528 0.0252861 0.000190252 0.517907 0.00347953 9.94713e-08 0.0100115 1.43143e-05 
6.52687e-05 0.0565641 0.0258952 0.0103984 0.0314019 4.36084e-08 0.00022686 6.45212e-06 0.0150688 0.00749712 2.34714e-08 0.807018 0.0198029 0.000852805 0.025202 2.78421e-08 
9.51143e-05 0.0358153 0.0424025 0.0299699 0.115008 3.56188e-08 0.0575731 0.00237092 0.00797027 0.00737873 0.0092341 0.648276 0.0193273 0.0144371 0.00875748 0.00138424 
0.000137993 0.159886 0.0377834 0.078143 0.00532457 0.000837487 0.00280138 6.15626e-05 0.00771377 0.0271782 0.0233084 0.515383 0.0837307 0.0422934 0.0144267 0.000990209 
1.28867e-09 0.0335297 0.13326 3.49821e-06 3.53183e-10 1.49059e-09 1.46201e-09 3.2169e-10 0.0238944 0.0876964 8.02285e-10 0.513571 0.164465 3.72664e-07 0.0435798 9.5168e-10 
0.000650157 0.173942 0.060941 0.0217558 0.0470956 2.75492e-06 0.000725286 0.000692281 0.151466 0.213675 0.000888816 0.264396 0.0333625 0.00761804 0.0196975 0.00309064 
3.47846e-07 0.0635325 0.0967692 0.0466581 0.000424575 0.000422909 0.0067665 8.03977e-05 0.0419866 0.260548 3.82844e-07 0.352644 0.0593719 0.000666112 0.0700434 8.42269e-05 
0.000190822 0.0614917 0.0486493 0.161909 0.0206564 4.64193e-05 7.15517e-05 4.08149e-05 0.00488213 0.00713537 7.8992e-05 0.474604 0.116288 0.101294 0.00219681 0.00046486 
8.28757e-06 0.0938797 0.142665 0.00914647 0.0164201 6.94279e-07 1.22552e-09 0.00101699 0.274301 0.0183603 0.0073371 0.413963 0.0131424 0.000640135 0.00847117 0.00064852 
2.46277e-06 0.153203 0.0799697 0.0724674 0.00399625 4.4512e-05 0.000364397 3.50333e-05 0.132982 0.00515671 0.000717872 0.198906 0.197044 0.0340955 0.119784 0.00123086 
0.000181548 0.0306574 0.0538853 0.0395007 0.0232329 5.65254e-07 1.09945e-05 0.00661376 0.111481 0.051571 0.00132448 0.638125 0.0285796 0.000693652 0.0140719 7.09647e-05 
0.000915625 0.301119 0.0511562 0.0165982 0.0131827 2.08883e-05 0.00109077 0.000122842 0.107707 0.0633765 0.000497858 0.382737 0.029405 0.00818952 0.0235026 0.000378371 
0.000139444 0.232153 0.0243839 0.0877793 0.0398989 2.10261e-08 1.55668e-06 1.16534e-05 0.226641 0.0182782 0.000263408 0.300202 0.0513141 0.00197846 0.0169523 2.33333e-06 
1.07682e-05 0.0613561 0.0264847 0.060819 0.00104139 2.86069e-05 0.00252099 2.99307e-07 0.0306935 0.255825 3.14924e-08 0.398008 0.139253 0.000126511 0.023801 3.11979e-05 
2.4915e-09 0.136184 0.0458434 0.0203669 0.00974715 2.52884e-05 0.0341197 3.64264e-05 0.0376443 0.0159905 2.43759e-06 0.6411 0.0162207 0.0171518 0.0154756 0.0100916 
2.33067e-05 0.0990312 0.0763605 0.0164448 0.00161135 2.84083e-06 0.00163486 0.0174145 0.00192028 0.0230972 0.00134758 0.698715 0.0388975 0.00167104 0.0211337 0.000693943 
3.87523e-05 0.111684 0.035861 0.252428 0.00739465 4.34876e-08 0.000161592 4.89857e-05 0.017207 0.067172 2.91908e-05 0.416372 0.0350127 0.00227808 0.0542414 7.07352e-05 
1.40222e-05 0.175382 0.102877 0.0287757 0.0265885 2.8299e-07 0.011204 6.23338e-06 0.0393199 0.00707302 0.000456847 0.265578 0.124669 0.0587722 0.159248 3.40579e-05 
0.0270421 0.136673 0.0291003 0.00026609 0.0022016 1.05981e-05 6.98216e-06 0.00100309 1.48005e-05 0.105146 1.54534e-06 0.343495 0.298524 0.000154167 0.0556582 0.000703031 
7.3456e-06 0.212774 0.14954 0.0131999 0.0501561 0.00245061 1.77166e-09 0.000121505 0.0519646 0.0895842 7.92606e-05 0.240564 0.174516 6.84289e-05 0.0149744 1.15324e-09 
1.74651e-09 0.0793058 0.409629 0.017727 0.000357181 9.12101e-09 0.000124538 5.80717e-06 0.0207053 0.0184488 6.5104e-08 0.448174 0.000804212 0.00143079 0.00328537 2.73384e-06 
0.00283283 0.140323 0.0515381 0.0385385 0.0017998 3.13776e-05 0.000153142 8.65751e-06 0.162354 0.20613 4.06665e-07 0.268525 0.0966964 0.00943833 0.0215708 6.02728e-05 
1.25967e-08 0.133063 0.0421339 0.013101 0.000146083 6.91786e-06 6.13825e-07 9.19686e-08 4.67999e-06 0.0379998 3.39032e-07 0.558848 0.207343 1.87632e-05 0.00723558 9.86884e-05 
0.0354437 0.0118817 1.57498e-05 0.0349447 0.0665971 0.000141109 0.0896295 0.000838166 0.000945257 0.0042412 1.01665e-05 0.586883 0.139972 0.000973331 0.0218965 0.00558692 
1.01933e-10 0.191415 0.0660616 0.107717 0.00779362 1.17905e-10 3.42023e-06 2.69987e-05 0.212009 0.0147299 6.34602e-11 0.310299 0.0164061 0.00207189 0.0684108 0.00305681 
0.000900794 0.238944 0.0907139 0.0259016 0.0383866 1.47991e-05 0.000837707 0.00193546 0.0729066 0.14064 0.0034097 0.287874 0.0460465 0.0088495 0.0382649 0.00437337 
0.00258232 0.226626 0.0067354 0.217577 0.00965534 2.99777e-06 2.47714e-07 6.59299e-08 0.0320964 0.00401048 0.00793401 0.424192 0.0403966 0.00624922 0.0161834 0.00575879 
0.00240848 0.137345 0.144291 0.0344066 0.0567936 1.15205e-05 0.00119189 0.0602073 0.0512412 0.10715 0.00513669 0.300575 0.0534906 0.0277147 0.0152683 0.00276883 
0.00946134 0.246723 0.00671549 0.149954 0.0398946 6.83878e-05 0.00151501 7.49496e-06 0.100032 0.0248477 2.17174e-05 0.326711 0.0455024 0.00393588 0.0444693 0.000141122 
0.000294604 0.0776784 0.0412955 0.0234713 0.11265 1.23082e-05 0.000331302 0.00424104 0.0924012 0.0130845 2.32112e-05 0.299899 0.0580779 0.00431019 0.269389 0.00284079 
0.00677735 0.130672 0.163954 0.0486 0.0620972 3.64245e-06 0.000682328 0.0273132 0.114891 0.102553 0.000607798 0.230379 0.0582464 0.00804869 0.0424061 0.00276739 
8.90152e-05 0.0339742 0.151616 0.00646948 0.0238279 3.6318e-06 0.000111737 0.0232575 0.0280208 0.00578232 0.0037734 0.575809 0.143751 0.00265167 0.000862741 2.06523e-08 
0.000131887 0.0665257 0.194303 0.0249248 0.029254 0.0238741 1.38614e-06 0.00839416 0.0351815 0.121968 0.00853876 0.348349 0.122258 0.0110027 0.00529279 2.68573e-07 
1.44076e-06 0.105131 0.101703 0.00790446 0.00472996 1.18811e-06 0.000183678 1.28724e-05 0.0106501 0.0130914 0.0649746 0.433394 0.230637 0.00885161 0.0181364 0.000598489 
0.000223678 0.0610208 0.0173453 0.0778145 0.010721 3.32839e-07 0.00906235 1.64477e-05 0.0879895 0.0391255 0.00010012 0.549432 0.0268537 0.000301145 0.1198 0.000194336 
0.000110131 0.193032 0.160578 0.0123491 0.00111714 2.21567e-05 0.000560462 1.01916e-06 0.0248773 0.0152106 6.00065e-05 0.509555 0.04139 0.000141563 0.040981 1.46127e-05 
0.00906327 0.257313 0.0519855 0.101618 0.0157494 1.11292e-07 0.0148952 2.4235e-05 0.036462 0.0263441 1.17056e-05 0.36111 0.0561646 0.0311329 0.0371036 0.00102279 
0.00019143 0.108806 0.112246 0.157218 0.0534531 0.000128231 9.90278e-05 0.00258853 0.184414 0.033131 0.00769491 0.204846 0.0351373 0.000689389 0.0986129 0.000744984 
9.12993e-05 0.0832576 0.140383 0.0376729 0.0555845 4.31799e-10 0.000872242 0.000757424 0.0229948 0.0435724 0.000136417 0.248637 0.245803 0.0344007 0.0854606 0.000375324 
9.09542e-05 0.13878 0.0444481 0.0516664 0.00345281 3.84829e-06 0.000208887 6.92472e-07 0.0583796 0.0593262 0.000165056 0.28808 0.0886838 0.214375 0.0521138 0.000223984 
1.37403e-05 0.0292843 0.119364 0.0532605 0.273601 2.79737e-08 4.47612e-08 0.110485 0.031968 0.0200309 0.000492643 0.298165 0.0564573 0.000486093 0.00638077 1.05865e-05 
0.000181532 0.0746582 0.00718349 0.0169924 0.00357703 1.54503e-07 4.98149e-05 0.00124473 0.0334552 0.0428886 0.0182354 0.783728 0.00213516 0.00131517 0.014322 3.3359e-05 
0.00015625 0.0270458 0.167173 0.00482121 0.163053 5.2426e-09 1.84997e-05 0.00507902 0.0165732 0.00360002 0.00723438 0.536155 0.0671188 0.00104672 0.000678369 0.000247332 
0.000544046 0.0644287 0.0436095 0.0130776 0.0178602 2.07887e-07 4.4556e-06 1.31576e-05 0.0153801 0.0561159 1.22624e-05 0.679726 0.0530862 0.000762067 0.0552671 0.000112371 
0.00126704 3.69862e-07 0.000127089 0.116304 0.000177017 6.58261e-06 0.0448162 1.42062e-06 0.00242812 1.87637e-05 3.54297e-06 0.589933 0.0120331 0.0025312 0.135688 0.0946647 
0.00537161 0.0975505 0.00823072 0.0856751 0.177424 3.69833e-06 2.3176e-06 0.000242982 0.188754 0.0536289 0.00218318 0.332287 0.0137811 0.000102944 0.0296472 0.00511496 
1.66422e-05 0.000261927 1.40908e-06 0.000123912 4.56108e-06 1.92499e-05 0.0016296 4.15438e-06 1.25225e-06 0.000306801 1.03609e-05 0.99587 0.000577155 8.62151e-05 0.00107446 1.22902e-05 
0.000107228 0.112815 0.100174 0.10178 0.0185028 2.69808e-05 1.65598e-06 0.000843571 0.146685 0.0704375 0.0337824 0.211404 0.117516 0.0354778 0.0502011 0.000244939 
0.000497018 0.0839943 0.217611 0.0134301 0.235088 3.95477e-06 0.00345926 0.00365714 0.0674308 0.0495935 4.42731e-06 0.246829 0.0386556 0.0221516 0.0146684 0.00292634 
0.00302354 0.0642241 0.203823 0.0404073 0.055565 1.58536e-05 0.000924294 0.0151888 0.0457457 0.0644691 0.00586267 0.36805 0.0693304 0.0181209 0.0385859 0.00666294 
2.77519e-05 0.0803504 0.0708909 0.0369846 0.0931657 0.00128019 0.000596971 7.78095e-05 0.0789594 0.02973 0.000188399 0.402822 0.174923 0.00200015 0.0266217 0.00138123 
0.000798011 0.0266945 0.00302363 0.181923 4.40515e-05 1.38984e-08 2.53381e-05 1.6128e-05 0.05844 0.000885404 0.0122036 0.636473 0.0763944 0.00119328 0.00116393 0.000721737 
9.24661e-05 0.0420552 0.038274 0.0159834 0.0074292 7.17913e-06 0.000648462 0.0513399 0.0144363 0.0083328 0.00320801 0.551644 0.0440265 0.0150947 0.185806 0.0216225 
3.35961e-05 0.119539 0.0672433 0.0176265 0.0354116 0.00253423 0.000963809 0.00214263 0.102105 0.0753346 0.00133196 0.481677 0.0494196 0.000353836 0.0133481 0.0309354 
0.000394644 0.159689 0.0358394 0.14629 0.0101989 1.09808e-05 7.9097e-05 0.000344575 0.134041 0.0128452 0.00636952 0.357101 0.0866882 0.00435632 0.0454969 0.000254799 
1.08561e-06 0.182303 0.315379 0.011977 0.001239 3.85303e-07 3.68621e-07 6.71506e-07 0.0210331 0.00185968 0.000202398 0.344275 0.0485307 0.0537548 0.019402 4.18894e-05 
0.000192478 0.230138 0.0425995 0.0237085 0.0802744 3.25597e-05 0.00016199 0.0204084 0.223219 0.0094017 0.00843506 0.272601 0.0220125 0.0217913 0.040597 0.00442676 
0.000377151 0.148798 0.133608 0.0748108 0.00947113 6.28021e-07 2.83658e-05 1.90773e-05 0.037655 0.00823424 4.6302e-08 0.254299 0.192797 0.0114191 0.128398 8.37805e-05 
1.69134e-06 0.0432933 0.216366 0.0133395 0.0188735 0.00140104 0.00279234 1.29691e-05 0.0286376 0.0490637 4.65367e-06 0.433292 0.153358 0.000172476 0.0393524 3.88598e-05 
3.68692e-05 0.0432571 0.0307182 0.00789483 0.100416 2.03151e-06 4.64603e-06 0.00564846 0.0454004 0.0270782 1.624e-06 0.68643 0.0309664 0.00254823 0.0147621 0.00483411 
4.00244e-06 0.0584513 0.342072 0.00298867 0.0109054 2.391e-05 0.000122104 0.00345113 0.00648866 0.00482894 0.000110161 0.528865 0.027019 0.00122445 0.00928506 0.00415946 
2.29661e-06 0.0858883 8.71546e-05 0.133765 0.0147439 4.45961e-05 0.000273301 0.000197778 0.115226 0.0344175 3.40146e-05 0.39715 0.027529 1.54692e-07 0.186736 0.0039058 
6.50388e-05 0.0440469 0.0394478 0.00331319 0.00100068 2.78573e-09 8.05362e-05 0.00170972 0.0246663 0.0789505 3.94073e-05 0.704992 0.0306605 2.66949e-05 0.0709917 9.02609e-06 
6.55558e-05 0.0166911 0.230095 0.155052 8.28904e-08 0.000180981 0.00385157 0.000311816 5.51687e-05 3.18488e-07 2.46354e-08 0.257594 0.217019 0.11337 6.48284e-07 0.00571329 
3.34003e-07 0.0351276 0.119062 0.00388317 0.194722 1.35037e-05 8.94428e-06 0.0293938 0.0427248 0.00282328 7.79676e-05 0.547721 0.00835843 0.0155556 0.000310161 0.000218063 
2.56142e-06 0.255326 0.0150753 0.0175383 4.7752e-11 2.01535e-10 1.97671e-10 4.3494e-11 0.168612 0.0293121 1.08473e-10 0.332633 0.0680524 1.86896e-07 0.113446 1.44125e-06 
3.80924e-07 8.38351e-06 1.08961e-05 2.1179e-06 0.0991501 9.06912e-05 5.76782e-09 2.81004e-06 0.00640146 0.175379 3.16512e-09 0.41476 0.00820487 7.78949e-10 0.295989 2.81312e-07 
0.000461688 0.139809 0.168568 0.0224739 0.0101439 4.90137e-05 0.000499958 4.83002e-05 0.0178447 0.0331081 1.98985e-05 0.396604 0.138216 0.00381663 0.0661504 0.00218675 
0.00193139 0.13126 0.298932 0.0213036 0.0755154 7.14247e-05 0.00011657 0.00341772 0.049697 0.0312398 0.00143524 0.342496 0.0226367 0.00661017 0.012136 0.00120133 
0.00154724 0.000746365 0.0190846 0.00710472 1.4745e-06 6.32355e-05 0.0151662 1.44575e-05 0.000518301 0.00130866 6.11986e-06 0.757177 0.191095 7.51031e-05 0.00405206 0.00204031 
0.000798011 0.0266945 0.00302363 0.181923 4.40515e-05 1.38984e-08 2.53381e-05 1.6128e-05 0.05844 0.000885404 0.0122036 0.636473 0.0763944 0.00119328 0.00116393 0.000721737 
5.75784e-06 0.0194696 0.299654 0.0205396 0.0602378 7.59293e-06 1.25605e-05 0.00439088 0.00811752 0.00841909 0.000149305 0.548401 0.0291526 0.000819966 2.03484e-06 0.000620379 
0.000407051 0.204095 0.0698772 0.0294826 0.00997991 1.9954e-06 0.0228323 0.00188316 0.15881 0.135456 0.000169419 0.279087 0.0385838 0.00120227 0.0433726 0.00476031 
0.000728897 0.0807666 0.0617035 0.0342356 0.0236318 1.05004e-05 0.00168697 0.00528033 0.149717 0.0661798 0.0123741 0.503791 0.0303197 0.00436342 0.0188362 0.00637433 
4.67442e-05 0.0756927 0.0621996 0.0212291 0.00355102 0.000119789 0.0180275 0.000200057 0.0281854 0.042891 0.00105864 0.284913 0.251515 0.0257941 0.171927 0.0126497 
5.73632e-05 0.0938341 0.0763903 0.00433385 0.00147765 0.000182964 0.00230461 5.70229e-05 0.0411481 0.00620182 0.0051032 0.726535 0.0288007 0.00124973 0.0113793 0.000944422 
5.18971e-05 0.138067 0.0853778 0.028301 0.0752081 3.46262e-06 1.32233e-05 0.0179537 0.0819676 0.0167546 5.47356e-06 0.264482 0.0942628 0.0219657 0.0160243 0.159562 
0.000566691 0.0365536 0.0510634 0.0393643 0.0137084 1.26824e-07 0.000751272 5.61575e-06 0.165813 0.0175785 0.00404194 0.547735 0.0205174 0.00150104 0.100391 0.000407938 
5.20935e-10 0.0191692 0.0578623 0.0484413 0.00344831 6.02562e-10 0.016489 4.84923e-07 0.0990205 0.0319899 9.72885e-05 0.431982 0.275736 2.92591e-07 0.0157629 8.57202e-07 
0.000294742 0.230596 0.000246798 0.0761676 0.0044656 7.01323e-07 0.000165107 2.58864e-06 0.0211609 0.0128821 2.02437e-08 0.574505 0.0729836 4.55464e-06 0.00632169 0.00020301 
0.00129595 0.0182705 0.17227 0.0227703 0.0140205 0.0107546 0.0805964 0.00098114 0.16608 0.0840155 0.000421362 0.241712 0.167736 0.0136151 0.00499561 0.000465934 
6.54879e-06 0.101968 0.0593437 0.0691083 0.00420881 3.50222e-05 0.0122792 2.06365e-05 0.0104386 0.039385 7.61458e-05 0.637488 0.0190551 0.000195624 0.0458572 0.000534895 
0.00234277 0.0615596 0.0729751 0.05806 0.00386415 5.68287e-05 0.000342929 0.00173842 0.0792449 0.0474014 0.000728056 0.578717 0.0374312 0.0308703 0.0237098 0.00095773 
2.29848e-05 0.311061 0.0944308 0.0528992 0.0142819 0.000112291 0.000936219 0.00379168 0.0443083 0.0501111 0.00307498 0.348433 0.042378 0.00865545 0.0226744 0.0028284 
0.00132872 0.129377 0.284972 0.0190364 0.015157 0.000168709 0.00208506 0.000415679 0.0516762 0.0168884 0.00130657 0.298234 0.125421 0.0112614 0.0281327 0.0145397 
2.32767e-05 0.156953 0.117766 0.0270686 0.0105263 3.47392e-06 0.00249145 2.64107e-05 0.125755 0.0802927 9.86422e-05 0.330751 0.0610672 0.0126837 0.0744636 2.91019e-05 
5.79573e-05 0.045011 0.0136003 0.00352663 0.000275887 3.73769e-09 3.66602e-09 4.49846e-07 0.107999 0.28304 3.83094e-07 0.527847 0.00882902 1.67478e-05 0.00963321 0.00016187 
0.000125377 0.0126467 0.0698772 0.0293637 0.0414381 6.27232e-07 5.35924e-06 0.02334 0.0105317 0.0335282 0.000213371 0.675984 0.102085 0.000187181 0.000664991 8.2488e-06 
0.00355254 0.264357 0.14169 0.0297871 0.00253614 4.40654e-05 0.0100199 0.00312723 0.0741302 0.0204719 0.000781284 0.332486 0.0880779 0.0128089 0.0142316 0.00189846 
0.00532632 0.0619854 0.0927236 0.0698697 0.0389131 4.75091e-06 7.83208e-05 0.00283398 0.0506659 0.0970589 0.00425751 0.442418 0.106007 0.00429034 0.0232298 0.000337193 
0.000797199 0.0196277 0.356045 0.00427931 0.000513853 0.000725827 0.000941458 0.000156839 0.0020579 0.000758758 0.0019339 0.557103 0.0520263 0.000712326 0.00197164 0.000349802 
1.52049e-11 0.0249895 0.377832 0.00612102 0.0013542 6.19619e-09 0.00035934 7.12097e-05 0.0110426 0.00106124 2.45975e-06 0.570853 0.00566046 3.23879e-06 0.000463393 0.000186189 
3.94476e-06 0.0223225 0.0835025 0.0245299 0.0445901 1.62931e-07 0.000109468 0.000520474 9.66506e-05 0.0160757 0.0208288 0.761821 0.0208847 0.00308083 0.00139854 0.000235093 
0.000155105 0.199866 0.0433218 0.0337544 0.00098809 3.82205e-08 0.0131549 1.83897e-06 0.00363867 0.0166723 5.99943e-07 0.542074 0.0754471 0.0239225 0.0456506 0.00135269 
7.2694e-05 0.0328399 0.0749393 0.00116245 0.221262 0.161635 0.00061689 0.0183857 0.0459242 0.0279268 0.0151489 0.350427 0.0246081 3.93741e-05 0.0238143 0.00119679 
4.58294e-05 0.0457518 0.217264 0.0593794 0.12189 2.36916e-05 0.00856289 0.00031576 0.0986506 0.0128684 2.70509e-08 0.343649 0.00977683 0.0087508 0.0690419 0.00402902 
1.04742e-05 0.0439135 0.176344 0.03602 0.043071 1.09967e-07 1.18712e-06 0.000536999 0.14444 0.0115448 0.00113239 0.525356 0.0139842 0.00308801 0.000510761 4.7389e-05 
1.40678e-05 0.0260644 0.0229421 0.0556925 0.00749823 7.41611e-05 0.0211708 0.000134756 0.0502279 0.00226715 6.41327e-07 0.616268 0.110127 0.000105542 0.0621895 0.0252238 
7.2694e-05 0.0328399 0.0749393 0.00116245 0.221262 0.161635 0.00061689 0.0183857 0.0459242 0.0279268 0.0151489 0.350427 0.0246081 3.93741e-05 0.0238143 0.00119679 
2.91461e-06 0.0912848 0.0481474 0.0264594 0.00453087 2.20581e-08 0.00186141 8.0774e-07 0.0564848 0.0230554 5.84458e-07 0.655782 0.00961122 0.0266331 0.0560307 0.000114012 
3.92108e-07 0.0109584 0.0233611 0.0101228 0.00936668 1.79464e-05 0.00164308 0.00634299 0.0144154 0.0326036 0.000105062 0.833624 0.0471109 4.33866e-05 0.0100337 0.000250558 
0.00883102 0.0224752 0.00702958 0.0205425 0.00484442 5.30277e-07 0.00238998 2.07502e-06 0.128023 0.23418 1.06792e-05 0.397151 0.0378859 0.109423 0.0258969 0.00131482 
0.000123775 0.0546266 0.159562 0.0204982 0.0240171 0.0203891 1.85518e-05 0.00697764 0.0290024 0.100008 0.00715414 0.463716 0.100408 0.00908637 0.00440792 4.10535e-06 
5.63185e-06 0.131662 0.123817 0.0566768 0.0605551 0.000531489 0.000463871 0.03293 0.0761865 0.087413 0.00376759 0.372005 0.0350862 0.00762673 0.0112114 6.17937e-05 
0.00084275 0.0561099 0.0315182 0.00470974 0.0048078 2.03868e-08 0.000137672 4.39975e-09 0.00038888 0.0166103 0.00110028 0.766898 0.0810383 0.000110069 0.0327945 0.00293379 
0.0178389 0.235651 0.0576644 0.0475548 0.0217692 3.23629e-06 0.00204853 0.000269313 0.0357359 0.068913 0.00063352 0.427203 0.0589541 0.00574081 0.01925 0.000770296 
0.000137635 0.057753 0.0164765 0.0159075 7.06312e-05 3.95007e-09 0.00128564 2.62747e-05 0.00782884 0.00809179 2.12605e-09 0.80673 0.0304131 2.80162e-08 0.0517024 0.00357675 
0.00584383 0.130816 0.146276 0.0814435 0.0268362 0.0089303 3.21255e-05 0.0050234 0.104277 0.0986963 0.0105939 0.218582 0.0871332 0.0403412 0.0350601 0.000114962 
0.000327022 0.0339996 0.233663 0.0754538 0.0407929 4.99418e-06 0.00132965 0.00187543 0.0668906 0.00820086 0.00188054 0.410688 0.0971365 0.0161121 0.0111315 0.000513186 
2.29447e-05 0.00162016 0.0665589 4.38302e-05 0.05435 1.72831e-08 8.04555e-06 0.0238925 0.0323678 0.00316896 0.0001563 0.807083 0.01072 5.7769e-06 1.90851e-06 1.10345e-08 
6.16928e-06 0.305832 0.0873551 0.0046066 0.0108969 1.45345e-05 0.00127371 0.00648969 0.0939917 0.137236 0.0019378 0.344407 0.00342448 0.000599833 0.00188026 4.81358e-05 
0.000382629 0.101068 0.0452048 0.0305627 0.00286239 9.72101e-08 3.61831e-06 3.02796e-06 0.076992 0.0459131 0.000558188 0.491039 0.0104897 0.00251654 0.192258 0.000146023 
5.24441e-08 0.054831 0.0551927 0.0523523 0.0747293 1.19627e-08 0.00666682 0.00840746 0.012416 0.0153633 3.90813e-05 0.55584 0.0488552 0.000506516 0.0164155 0.0983854 
0.0258381 0.161908 0.241988 0.0353128 0.0413264 6.54503e-05 0.00273849 0.00338286 0.0556102 0.0303419 0.00133736 0.2731 0.0846415 0.0076938 0.0290552 0.00565987 
2.57393e-10 0.0255693 0.0119554 0.120677 0.0366944 1.53445e-06 0.000173693 0.000989869 0.0466289 0.0309156 0.00256815 0.38606 0.0681741 0.00500293 0.26459 1.90084e-10 
0.000338011 0.12667 0.139713 0.016235 0.000191818 1.29705e-05 0.00382569 5.39404e-08 0.0400141 0.0359123 4.67855e-05 0.393511 0.0161669 4.60528e-07 0.225835 0.00152682 
1.66323e-05 0.0216951 0.0705719 0.0895798 0.159839 2.30351e-06 0.000592972 0.00238506 0.0506245 0.0331653 0.00123108 0.51851 0.00696038 0.0213393 0.0225254 0.000961666 
1.44076e-06 0.105131 0.101703 0.00790446 0.00472996 1.18811e-06 0.000183678 1.28724e-05 0.0106501 0.0130914 0.0649746 0.433394 0.230637 0.00885161 0.0181364 0.000598489 
1.63097e-06 0.0780551 0.050211 0.0515933 7.69652e-05 2.59051e-07 2.03553e-05 5.18169e-06 0.0160966 0.237281 1.3943e-07 0.515112 0.0121759 0.00420104 0.0342237 0.000946321 
0.000114998 0.0305313 0.00461571 0.001024 0.000913157 0.00055962 0.0181057 0.000176014 0.053291 0.0580633 1.59492e-07 0.675187 0.154902 0.000457756 0.00186086 0.0001969 
5.28213e-05 0.0645191 0.153829 0.00188609 9.5005e-05 1.82011e-05 9.49805e-05 1.87265e-05 0.0593909 0.100724 8.19119e-05 0.52452 0.0381597 0.00130348 0.0551847 0.000121382 
1.89242e-05 0.169535 0.133744 0.0115607 0.0042661 2.69641e-07 2.20604e-05 0.00766921 0.0151572 0.0841611 0.0384349 0.520362 0.00300448 0.003085 0.00800735 0.000971927 
1.94949e-07 0.00470997 0.0024351 9.81869e-06 0.000205563 2.25496e-07 5.444e-06 4.86652e-08 0.00552906 0.234549 7.74953e-05 0.496446 4.90872e-05 2.98695e-08 0.255966 1.70662e-05 
0.00445374 0.026019 0.0562637 0.0842368 0.0141265 9.19764e-10 1.33932e-06 0.000728234 0.207442 0.102382 3.19574e-07 0.407188 0.0624479 2.43773e-08 0.0347091 3.54651e-07 
4.93794e-08 0.00262508 0.0184806 0.00329723 0.000224764 5.71168e-08 0.00360186 0.000175661 1.57519e-06 0.00111715 0.000168785 0.416746 0.408778 7.25491e-05 0.143305 0.00140503 
3.66273e-05 0.277372 0.286051 0.0147295 0.000454974 2.82644e-06 0.00149875 4.25691e-07 0.0759101 0.00448917 6.2814e-11 0.303975 0.0203765 0.00749583 0.00757533 3.16212e-05 
0.000450972 0.078046 0.0411116 0.0659467 0.00237876 0.135933 0.00569315 0.000708175 0.0116968 0.0250911 3.83297e-05 0.385485 0.10494 0.136274 0.00443554 0.00177137 
0.00036381 0.273745 0.0111782 0.0661141 0.00623068 9.68508e-06 5.79181e-05 9.3108e-05 0.15206 0.15942 3.573e-06 0.308632 0.00835844 0.00139935 0.0120605 0.000274262 
2.20045e-05 0.0915147 0.00405786 0.0315307 0.0357646 2.57006e-06 2.96805e-05 1.70729e-06 0.0494932 0.00634429 5.35799e-08 0.713266 0.00526772 3.01835e-05 0.0626107 6.41804e-05 
4.34851e-06 0.000447395 0.235127 0.00738826 0.000911615 7.36646e-05 4.62169e-08 0.00354413 0.0225445 0.0227266 5.20378e-05 0.408673 0.296926 0.000166976 0.00141074 3.70399e-06 
4.3208e-05 0.00195404 0.0518054 0.0128598 0.0111586 9.76567e-05 0.000200401 0.00313257 0.0284179 0.0507219 4.62523e-05 0.471593 0.308873 0.0209457 0.0378113 0.000339416 
8.90152e-05 0.0339742 0.151616 0.00646948 0.0238279 3.6318e-06 0.000111737 0.0232575 0.0280208 0.00578232 0.0037734 0.575809 0.143751 0.00265167 0.000862741 2.06523e-08 
0.000231578 0.0895308 0.00858081 0.0294597 0.00240606 5.52099e-08 0.000119411 4.9012e-07 0.0862792 0.00567486 0.000136016 0.458738 0.000932661 4.76861e-05 0.317835 2.73712e-05 
0.00270762 0.0993463 0.0924133 0.0368112 0.007884 0.0051494 0.00281255 4.49007e-05 0.0168301 0.0162571 0.000412334 0.597988 0.0880726 0.0104556 0.0191848 0.00362964 
0.00022708 0.147233 0.0201257 0.0363692 0.00341638 3.12627e-07 5.92059e-07 0.00332061 0.0340459 0.196632 7.50434e-05 0.503481 0.00675074 0.000285324 0.0466613 0.00137555 
0.000100918 0.0760896 0.121448 0.0176268 0.0744161 1.24796e-05 0.0013238 0.126896 0.149371 0.023439 0.00327724 0.349764 0.0327998 0.00265027 0.020744 4.14624e-05 
0.00347315 0.0334663 0.29569 0.0129698 0.0433839 2.08005e-05 0.000182333 0.00180536 0.0362415 0.114495 0.000877807 0.412778 0.00841831 0.00570606 0.0302511 0.000239466 
9.64209e-06 0.0570598 0.173147 0.00536636 0.0932017 6.28553e-07 5.5695e-05 0.0209587 0.063672 0.184065 0.00152778 0.361553 0.0291416 0.0067976 0.00252431 0.000918439 
