2.41727e-05 0.0703124 0.146782 0.0298443 0.00301124 0.000255307 0.000522364 0.000158815 0.0579975 0.002986 0.000156619 0.00267073 0.654853 0.00759834 0.0227852 4.1309e-05 
4.00498e-08 0.0373057 0.0392147 0.0314144 3.01647e-05 4.01391e-06 4.02061e-05 0.000169148 0.00734475 0.000110274 0.0115717 0.00189076 0.812523 0.00376508 0.0516148 0.00300147 
0.00162548 0.121744 0.043349 0.113482 0.000783815 5.11801e-06 0.000322984 0.000329647 0.0955532 0.00821171 0.00177813 0.0922197 0.374877 0.0774258 0.0636623 0.00462973 
1.61301e-08 0.138876 0.110942 0.00571548 0.00434848 0.000273449 0.000131828 0.000532788 0.0863957 0.00135077 2.68886e-06 0.00691148 0.634955 0.00507306 0.00400243 0.000488356 
0.00640523 0.027218 0.0200948 0.0477587 0.0163358 0.000397076 5.20934e-10 0.000561311 0.0521632 0.20155 0.000894979 0.0372435 0.580172 0.00133776 0.00479448 0.00307246 
0.0136372 0.124685 0.0851115 0.120128 0.0140716 0.000140454 0.000615131 0.00012869 0.0310835 0.00721386 4.7104e-05 0.00257379 0.533872 0.0442446 0.0222654 0.000181731 
0.000945852 0.0104452 0.0208115 0.0126105 0.013564 0.000285098 0.192976 6.12154e-05 0.0156991 0.0122578 0.00899771 0.114596 0.518691 0.000583332 0.044737 0.0327392 
0.179918 0.0561304 0.108449 0.016785 0.112123 0.0246743 0.000134308 0.0978123 0.0622874 0.0528958 0.05242 0.0325182 0.199864 0.000428917 0.00350057 5.80027e-05 
1.43981e-05 0.0437904 0.0115277 0.0914819 0.00338048 2.01255e-07 4.35035e-06 5.37759e-05 0.0496908 0.0165884 2.46968e-06 0.0140079 0.711513 0.0291626 0.0224697 0.00631226 
0.000207056 0.0190749 0.0105469 0.0765322 0.0231891 5.05157e-06 0.0719668 3.45089e-05 0.0329981 0.0143422 0.000263541 0.0168518 0.463098 0.000338156 0.059773 0.210779 
0.000388263 0.0590608 0.0985671 0.0152638 0.00126837 0.00205054 5.73913e-07 0.000236421 0.073679 0.0391477 1.70777e-06 0.00204016 0.691884 0.000506004 0.0159017 3.91498e-06 
1.8026e-05 0.0397696 0.0214275 0.0518136 0.00140862 0.000514397 1.09833e-05 8.80387e-05 0.00612279 1.37642e-05 0.00515635 0.000437319 0.868598 0.00337242 0.000737342 0.000511342 
1.17849e-05 0.00655672 0.00846681 0.0259858 0.00132921 4.10452e-06 4.20762e-05 1.95404e-05 0.00105762 0.000188869 0.0077361 0.000727973 0.938249 0.000720083 0.00296151 0.00594283 
7.59185e-05 0.10042 0.0730403 0.0361411 0.00505688 2.28959e-05 0.000334101 9.48254e-05 0.0926567 0.0251977 9.78712e-09 0.0108782 0.620423 0.0207848 0.014817 5.69101e-05 
0.000271874 0.149195 0.000220801 6.40075e-05 6.45165e-05 1.96856e-07 1.00672e-06 3.27227e-06 0.0782277 0.00800198 1.05954e-07 0.000126835 0.762791 2.67277e-05 0.000221611 0.000783801 
0.00116182 0.0438301 0.181632 0.00731501 0.210307 5.50369e-05 5.2664e-05 0.000573513 0.0297643 0.0179126 0.0338203 0.0608555 0.382725 0.000719037 0.021974 0.00730209 
1.93988e-05 0.05484 0.0692539 0.0337653 0.000883665 1.17227e-05 7.67202e-05 0.000208976 0.0465488 0.00300825 0.000215666 0.00115536 0.774183 0.00396901 0.0114457 0.000414697 
4.50104e-07 0.0672731 0.0265333 0.0175346 0.00166661 0.00031608 0.000832422 5.81567e-05 0.0150675 0.0054987 5.28195e-05 0.0329183 0.818644 0.00318443 0.0100905 0.000328566 
0.00188474 0.0722228 0.0489282 0.00461612 1.38379e-06 8.69656e-06 3.83678e-06 6.60808e-05 0.141187 0.0567308 5.73554e-08 0.0400479 0.628703 2.90443e-07 0.00559413 5.13743e-06 
3.84447e-05 0.122109 0.0304633 0.0459405 0.000612766 0.000903767 0.0001114 0.00103178 0.0757185 0.00204556 0.0503033 0.0264283 0.606411 0.023216 0.00708404 0.00758237 
8.50291e-09 0.000528126 0.00128331 0.0312289 0.0719566 0.00483994 2.1747e-07 0.00617631 0.00167575 3.03842e-07 5.29364e-09 0.00214596 0.87274 0.0018992 0.00300955 0.00251541 
1.04553e-05 0.0442963 0.156032 0.0159936 0.00343232 1.36134e-06 0.00143546 0.000215327 0.0127871 0.00321266 1.18946e-05 0.0992072 0.555386 0.0868569 0.0187603 0.00236146 
1.48654e-05 0.133946 0.0710725 0.0205946 0.00489904 1.11461e-05 0.000137907 3.65854e-05 0.0839082 0.00454308 1.60455e-05 0.00417728 0.654046 0.00446898 0.0177815 0.000346952 
0.00489927 0.27194 0.0868826 0.146312 0.00837275 0.00208535 0.011321 5.44295e-05 0.0348828 0.0362577 0.00293701 0.0402771 0.284447 0.00638695 0.0355296 0.0274137 
0.0172218 0.0660864 0.0511594 0.00523469 0.365786 2.0757e-05 2.41708e-07 8.6831e-05 0.0300602 0.0319284 6.895e-07 0.0290553 0.392536 0.00108516 0.0097311 7.13492e-06 
2.51172e-05 0.134432 0.0367962 0.0930034 0.0186751 1.11113e-05 0.000638029 0.000125806 0.00568619 0.12217 8.43531e-06 0.0499491 0.481577 0.000819785 0.0550403 0.00104357 
0.000209899 0.00470718 8.52503e-05 0.122264 7.06433e-07 2.98147e-06 2.9243e-06 6.43442e-07 0.00248297 3.19268e-05 1.60472e-06 9.86606e-05 0.862859 0.000491663 0.00675854 1.90354e-06 
0.000168366 0.0697861 0.157168 0.0740664 0.00603173 3.99129e-05 0.00104949 0.000237138 0.0739488 0.087457 0.000327008 0.0670651 0.426747 0.00413761 0.022756 0.00901405 
8.90015e-05 0.0585298 0.0621387 0.00479337 0.0640866 0.000104548 0.000335588 5.51356e-05 0.00378173 0.00257635 0.000283437 0.00144898 0.793293 0.00100684 0.0071499 0.000326963 
4.99754e-06 0.0478957 0.0753559 0.06723 0.000455837 3.15042e-07 1.54343e-08 0.000491554 0.102794 0.00129968 0.0151002 0.0225444 0.574254 0.00228749 0.0888599 0.00142599 
1.06315e-05 0.0237466 0.0263609 0.131265 0.0888471 2.01643e-05 0.000155655 0.00055645 0.0313998 0.00742111 0.00292023 0.0186451 0.62802 0.0310099 0.00954681 7.48657e-05 
2.13466e-06 0.000359634 0.000178624 0.00261353 0.000702564 6.80897e-05 0.000472963 3.70624e-05 0.121658 7.74004e-07 0.00161907 2.9744e-07 0.871587 0.000456301 0.000219083 2.48085e-05 
0.00567683 0.0198086 0.320569 0.00595678 0.0707262 0.0288537 0.000156429 0.00300094 0.0308561 0.070825 0.0142356 0.0818044 0.321134 0.0208614 0.00550073 3.42568e-05 
5.04901e-06 0.0156913 0.171766 0.0307493 0.00213886 0.00217095 0.000107987 0.000200477 0.153047 0.0187857 0.0275099 0.00561856 0.451451 0.0212591 0.0980733 0.00142681 
2.64396e-07 0.0405413 0.209016 0.0042714 0.000612836 4.85224e-05 6.75215e-06 0.0012214 0.0753246 0.00178293 5.2245e-10 8.04979e-05 0.666382 0.000597441 9.97375e-05 1.41399e-05 
5.33851e-05 0.029359 0.197686 0.00725987 0.00316919 0.000710786 0.00521967 0.000133412 0.0340755 0.0114614 1.52282e-06 0.011342 0.695467 0.00185805 0.00218006 2.32312e-05 
3.67287e-06 0.0165902 0.0131934 0.16578 0.0168449 1.28761e-08 1.26292e-08 0.000319306 0.00218135 0.000717366 3.65714e-06 0.0258702 0.722693 0.0303257 0.00547569 1.47418e-06 
0.0135889 0.0163497 0.290362 0.00760075 0.0441851 3.35128e-05 0.000301262 0.0138893 0.0192643 0.0663108 0.000441214 0.104731 0.411941 0.00895404 0.00192732 0.00011957 
7.09648e-05 0.0816405 0.0538528 0.00638469 0.111816 3.82286e-05 0.00521848 0.000311527 0.0683747 0.00368793 1.14025e-07 0.0507481 0.607897 0.000225692 0.00905861 0.00067451 
3.46943e-06 0.135063 0.101029 0.0138814 0.129713 4.12969e-07 4.39911e-10 0.000358344 0.21795 0.0199617 0.000300939 0.0571704 0.303236 0.0126774 0.00832259 0.000332461 
1.31254e-07 0.0720875 0.0334058 0.0329445 0.000467913 0.000174388 7.52459e-05 0.00057605 0.0385056 0.00204584 2.50784e-07 0.00091462 0.810922 0.00104946 0.00679154 3.97508e-05 
1.40641e-05 0.0619613 0.0413572 0.13355 0.0833736 0.000633575 0.000670159 4.56021e-05 0.0249994 0.00516892 1.88527e-06 0.00502863 0.626509 0.000209553 0.016435 4.24343e-05 
0.0260802 0.024382 0.055695 0.0376303 0.0445186 9.98898e-05 1.34347e-06 0.00037033 0.0142209 0.0945832 1.9819e-05 0.0272187 0.664382 0.00727511 0.00254119 0.000981951 
0.000368177 0.0195669 0.0146941 0.0824842 0.00322869 1.45287e-05 0.00064396 0.000452284 0.00494929 0.025846 1.23865e-05 0.149077 0.585721 0.000724903 0.111915 0.000301859 
0.000179151 0.0351558 0.0521355 0.070366 0.270162 0.000131418 0.000373471 0.0134302 0.117895 0.004148 0.00025709 0.0696034 0.331087 0.00887909 0.0116164 0.0145805 
0.000667441 0.00597592 0.0316274 0.0134489 0.00100422 3.49469e-06 0.000180459 0.00010947 0.0335914 0.0122413 1.11026e-05 0.000866684 0.75016 0.0200979 0.129984 3.08993e-05 
8.4597e-05 0.106597 0.168088 0.0366418 0.00490356 0.000380162 0.00706166 0.000222401 0.0783507 0.00614435 3.85854e-09 0.075314 0.356227 0.00313195 0.0686103 0.0882428 
5.75429e-06 0.0273144 1.23524e-05 0.00307829 6.313e-07 0.00312338 1.25241e-06 0.000231604 0.171662 1.49713e-05 0.00456322 4.01034e-10 0.703814 0.00291691 0.0832594 1.61029e-06 
1.26938e-07 0.092445 0.0202674 0.0348674 1.15526e-06 6.52716e-06 0.0205022 9.13475e-07 0.00465828 7.89443e-05 1.76722e-05 0.110592 0.709499 2.84531e-06 0.00586434 0.00119682 
0.00111608 0.0139685 0.0288654 0.00154955 0.103512 0.000335188 0.00097431 7.31948e-05 0.0029317 0.0057856 6.49925e-05 0.0634664 0.771592 0.00353579 0.00143584 0.000793423 
0.000304383 0.109952 0.112476 0.0552978 0.0216093 0.00149489 0.000160344 0.00693203 0.121714 0.0254072 0.0290535 0.0304189 0.428459 0.0245917 0.0214528 0.0106765 
0.000578339 0.0407203 0.0449282 0.07303 0.0164806 0.00220486 0.000276517 0.00347887 0.0306603 0.00463815 0.201478 0.00917789 0.549238 0.0155603 0.00368522 0.00386462 
0.00497171 0.0396953 0.0956836 0.241355 0.000956198 1.89019e-06 0.00726564 3.01836e-05 0.0418699 0.00234331 1.48212e-05 0.0107394 0.318243 0.0386627 0.162688 0.0354796 
2.61301e-06 0.0333806 0.127203 0.0195525 0.262483 0.00140653 1.10232e-10 0.00880485 0.051198 0.00618151 1.72273e-06 0.0313173 0.432044 0.0121535 0.01298 0.00129076 
1.72774e-06 0.0359325 0.0591652 0.051577 0.0139613 0.000297662 9.7982e-10 3.52789e-05 0.0869109 0.0473573 2.05419e-07 0.185976 0.45976 0.000741528 0.058166 0.000117218 
0.000469842 0.067939 0.143143 0.0858283 0.0122781 9.18236e-05 0.000678537 0.0128897 0.0665329 0.030514 0.00128087 0.0117285 0.498718 0.0183148 0.0492139 0.000379124 
1.20598e-05 0.10159 0.0855609 0.046953 0.0112521 1.94932e-05 0.00853431 0.000127487 0.186497 0.0849155 3.03966e-05 0.0880217 0.266256 0.0503397 0.0681976 0.00169254 
0.00106712 0.0379528 0.0149087 0.0975788 0.192631 7.83607e-08 1.10278e-05 0.00023171 0.0194766 0.0638682 0.000128302 0.0778369 0.461698 0.0127926 0.0194097 0.000408154 
0.0892862 0.160366 0.00234012 0.195393 0.0139644 0.000736583 3.07779e-05 0.00154946 0.0943506 0.0217457 5.91689e-08 0.0171767 0.311267 0.00342638 0.087575 0.000791747 
2.00713e-07 0.0396356 0.0235029 0.0152408 0.0289799 2.39044e-05 4.87878e-08 0.000262251 0.00793712 0.00257945 0.00198034 0.0111408 0.867232 1.22952e-06 0.00148366 6.27278e-08 
1.62579e-06 0.0862396 0.0099272 0.00351097 1.10694e-05 6.23763e-05 0.0206465 8.76659e-06 4.85615e-05 2.09035e-06 0.000167824 1.50834e-05 0.876643 2.70428e-05 0.00267464 1.37545e-05 
0.000461317 0.0545453 0.0904513 0.0679583 0.00538364 0.000199863 0.000233658 0.000101973 0.0352577 0.015209 7.21309e-06 0.0209443 0.693023 0.00503088 0.0107674 0.000425589 
1.35774e-07 0.053613 0.0379498 0.0644475 0.00570613 4.89866e-06 0.000367467 3.61927e-06 0.0244577 0.000973543 7.31535e-09 0.0167742 0.775901 0.000421244 0.0127675 0.00661286 
4.7788e-06 0.0959034 0.0374148 0.0333352 0.260827 9.00953e-05 0.0005147 0.00425175 0.21727 0.0113942 8.08596e-05 0.0150833 0.29779 0.0171884 0.00649216 0.00235893 
0.00177832 0.0681863 0.0919817 0.0340944 0.0052389 0.00132007 0.00390917 0.00134976 0.057538 0.0517524 0.00576565 0.030713 0.603675 0.00578428 0.0338982 0.00301473 
4.95984e-05 0.0425914 0.0833533 0.0361953 0.0120922 0.0378082 0.000154706 0.00688053 0.10921 0.0781315 0.00820092 0.226579 0.347875 0.00381584 0.00699534 6.81088e-05 
7.53974e-06 0.0910482 0.0592157 0.0398685 0.0583785 0.0037517 0.00355011 0.00165344 0.216028 0.0719514 2.47666e-08 0.00883216 0.41112 0.0174855 0.0169702 0.0001396 
2.0197e-09 0.0382192 0.0801993 0.0523292 0.000192994 0.000443472 0.000136472 0.00052888 0.00750382 9.23716e-06 0.165603 0.00320021 0.605868 0.0295171 0.0140271 0.00222179 
7.29835e-06 0.122254 0.0624454 0.060152 0.0734673 1.97511e-10 0.00074281 9.95222e-06 0.00817517 0.000221777 0.00493083 0.00453161 0.631584 0.0030218 0.0277887 0.000667599 
0.00285716 0.113778 0.172227 0.0320441 0.148222 0.00219532 0.000169501 0.0760525 0.0718188 0.0348759 0.0019283 0.0938951 0.225626 0.0139292 0.0079548 0.00242666 
4.39007e-05 0.0866246 0.124202 0.044832 0.00101024 0.053461 0.00116169 0.000254376 0.0269135 0.0147458 0.00122008 0.0174277 0.614186 0.00452955 0.00876214 0.000624844 
3.24645e-05 0.109604 0.0259424 0.0671679 0.0026256 0.00103295 0.00749429 0.0002926 0.0685101 0.00158101 0.000662976 0.00470087 0.68748 0.0184753 0.00252576 0.00187189 
0.000615002 0.031288 0.0466071 0.0519969 0.0782551 0.000180783 0.000312708 0.000167021 0.0431823 0.00523884 1.01948e-05 0.00314106 0.724202 0.00418815 0.00310787 0.00750742 
8.4917e-07 1.52819e-06 0.0256522 0.0107964 0.0184471 0.0017601 1.40804e-07 0.000598651 0.00290509 0.0036352 1.55443e-10 7.55902e-07 0.934714 3.29281e-07 0.00148723 1.84389e-10 
2.15129e-05 0.0130197 0.0413883 0.125736 0.00980711 0.00025799 0.00140731 0.000337568 0.0380877 0.00587465 0.000573054 0.00422622 0.668693 0.0632762 0.0271786 0.000115273 
0.108782 0.00574977 0.18731 0.263446 0.00913002 2.70681e-06 0.000451308 0.000277756 0.00496081 0.00190903 7.33742e-06 0.0859178 0.30576 0.0261151 6.66707e-05 0.000113744 
0.000146558 0.000146721 0.264239 0.000146719 0.000146685 0.000146531 0.000146534 0.000146689 0.000146719 0.000146706 0.000146624 0.000146708 0.631014 0.102841 0.000146697 0.000146603 
0.0004806 0.0641894 0.105161 0.110691 0.0247882 0.000445046 9.76159e-05 2.26103e-05 0.100684 0.0119844 1.7932e-05 0.0269532 0.434302 0.0705238 0.0421101 0.00754926 
0.000178546 0.0046412 0.054665 0.0559084 0.0231456 0.0460124 0.000103763 0.000132002 0.0053419 0.0308439 0.000873341 0.0159648 0.758576 5.18465e-05 0.00353926 2.15743e-05 
9.3071e-10 0.0510638 0.177956 0.33901 0.00152697 0.00118219 8.32002e-05 0.000131997 0.0143225 0.0277956 2.40456e-07 0.00464423 0.377567 0.00124936 0.00343269 3.39715e-05 
0.000149846 0.100396 0.0472259 0.139558 0.178871 4.14059e-06 0.00521309 0.00272213 0.0585131 0.0169374 0.000146188 0.0726583 0.271832 0.0303218 0.0720447 0.00340568 
4.07263e-05 0.0676598 0.331083 0.0285672 0.00266933 0.000220421 0.000401013 0.000415363 0.0708701 0.00228868 0.00049149 0.0749422 0.409464 0.0017362 0.00806868 0.00108129 
3.29526e-05 3.29892e-05 3.29886e-05 3.29888e-05 3.29811e-05 3.29465e-05 0.0494539 3.29821e-05 0.221058 3.29859e-05 3.29675e-05 0.0132276 0.715865 3.29858e-05 3.29838e-05 3.29627e-05 
0.000986862 0.1412 0.0621695 0.0899109 0.0570606 6.05318e-05 0.00356089 0.000312079 0.0572695 0.0301341 1.36354e-08 0.0332874 0.449329 0.0359575 0.0334132 0.00534734 
0.000145533 0.0112138 0.024707 0.0056536 0.00859744 0.000238802 0.00982734 0.000125264 0.00517984 0.00403246 0.000608684 0.0242108 0.850384 0.000668242 0.0295087 0.0248985 
4.61707e-07 0.0481777 0.0586757 0.0449073 0.000479535 0.000388082 0.000214207 0.000129082 0.00643517 0.0861982 0.00486579 0.0072733 0.7113 0.000802682 0.0301424 1.01909e-05 
0.00371831 0.0807995 0.0805717 0.109191 0.0247594 0.00160725 0.000286994 0.000184371 0.0516943 0.0077837 0.00486212 0.0251068 0.545352 0.0223315 0.0374018 0.00434906 
0.00733351 0.0492303 0.114506 0.0769853 0.158272 0.000219248 0.00134098 0.0421995 0.0590155 0.00966975 0.000348394 0.0670877 0.345052 0.05119 0.0110656 0.00648347 
0.0010126 0.0475462 0.18357 0.0352817 0.000842951 2.84728e-05 1.29081e-05 4.51831e-05 0.0504211 0.00659314 4.20168e-05 0.148989 0.359489 0.00168664 0.0112801 0.153159 
3.69845e-06 0.0745924 0.0638952 0.0068379 0.00162563 7.93461e-05 6.15816e-05 4.10543e-05 0.00949873 2.89003e-05 1.0313e-05 0.000390466 0.828714 0.000962355 0.0132529 5.41446e-06 
6.11966e-06 0.0651627 0.0725038 0.0278625 0.00196612 1.64833e-05 0.000398431 0.000133721 0.0358647 0.0296212 0.000132703 0.0234065 0.631515 0.00178247 0.107124 0.0025036 
0.00445338 0.0203702 0.0256688 0.0296624 7.96473e-05 4.48515e-07 5.00768e-06 1.08557e-05 0.000228903 3.4923e-06 4.77749e-06 0.00409912 0.909259 0.000254059 0.00588733 1.21423e-05 
0.00954875 0.135793 0.0911585 0.00656092 0.00241143 0.000118083 0.000118465 0.000298056 0.0206511 0.00464526 0.0209315 0.0113379 0.687259 0.00277571 0.00631 8.1682e-05 
0.0315376 0.0290298 0.00312123 0.0106143 0.00253772 0.0238433 0.000829757 0.000513097 0.085253 0.013359 1.25313e-07 8.98461e-05 0.774951 2.02442e-05 0.0242551 4.47564e-05 
0.000217618 0.0372959 0.0141214 0.0806711 0.0091043 3.75237e-05 0.000100392 0.00011554 0.194701 0.00876927 0.000524317 0.036623 0.522782 0.0238125 0.0590759 0.0120481 
0.00165964 0.0317651 0.160293 0.0760306 0.195342 4.89768e-05 5.60622e-07 0.156789 0.0108043 0.00622405 1.56243e-05 0.0259773 0.285892 0.0462394 0.00254949 0.000368801 
7.84163e-05 0.064233 0.12159 0.0503507 0.0016354 0.000256836 9.4996e-05 0.00043629 0.101337 0.0071455 4.72959e-08 0.00295309 0.598055 0.0347113 0.0144095 0.00271306 
2.71184e-07 0.0360896 0.163933 0.0753695 0.189302 0.000182963 0.000122752 0.0206757 0.0408957 0.0042373 0.000312883 0.0200831 0.419444 0.0151757 0.0139631 0.000212223 
1.26072e-11 0.0256471 1.27292e-06 0.07632 2.86819e-08 0.000140904 1.28742e-07 0.000469317 0.00891639 1.09846e-05 0.0103977 1.75667e-12 0.812374 0.0582265 0.00749565 1.65735e-07 
2.12443e-05 0.0785332 0.0124974 0.0516039 0.00753484 9.59248e-05 0.00141226 1.67482e-05 0.0713665 0.00983877 3.34616e-08 0.0677003 0.604001 0.000614243 0.0734094 0.0213545 
0.0331527 0.117368 0.0167535 0.0729391 0.0025153 0.000118665 0.00472658 0.000250821 0.0797304 0.00452271 0.0479428 0.040875 0.567771 0.00863388 0.00241947 0.000279792 
5.60449e-05 0.0119021 0.00870273 0.00299794 0.000300192 0.000184917 0.000599259 7.21319e-05 0.00560846 8.24516e-05 0.000501263 0.0412901 0.926646 0.000311138 0.000701932 4.35278e-05 
0.00232079 0.0315051 0.0470292 0.271239 0.00926078 0.00156412 0.000106483 3.05278e-05 0.0177555 0.0204131 1.47738e-09 0.0274068 0.52389 0.00396996 0.0352324 0.0082761 
5.91907e-05 0.1001 0.0160965 0.0387485 0.00127989 5.7214e-05 0.000624355 0.00012936 0.0486185 0.00370564 0.0120454 0.109928 0.569901 0.0440438 0.0544664 0.000196268 
1.61184e-05 0.0222252 0.0197126 0.0244271 0.0149442 6.67437e-06 0.000164402 0.00524024 0.0318101 0.110586 0.000906091 0.125736 0.552904 0.0509236 0.0147053 0.0256934 
8.448e-06 0.0324222 0.0519197 0.0276248 0.00267739 0.000740953 0.000259326 0.00029824 0.00288477 0.00593971 0.000209636 0.00112869 0.849652 0.0134951 0.00267945 0.00805942 
0.00325707 0.026122 0.111613 0.0162274 0.0142241 7.98978e-05 3.46205e-06 0.000722232 0.090725 0.0249222 7.60159e-07 0.00747347 0.652862 0.00877106 0.01342 0.0295759 
0.000883307 0.0452359 0.0263163 0.113303 0.000138244 0.000122359 3.69596e-07 0.00013692 0.355566 0.0261177 0.00317175 0.00336028 0.423731 7.16012e-05 0.00131208 0.000532618 
1.1263e-05 0.0934205 0.204688 0.00230104 0.146488 2.27342e-05 0.00011277 0.174799 0.0218775 0.000825434 0.000889682 0.0549554 0.280248 0.0113192 0.00192199 0.00612023 
0.000492894 0.0477449 0.0589287 0.0268273 0.0117912 0.000631007 2.28347e-05 0.00044027 0.0425298 0.000833513 2.83177e-06 0.0045137 0.748391 0.0394917 0.0130249 0.00433321 
1.19224e-06 0.0223184 0.106051 0.0820669 0.000265015 0.000503366 0.000283109 0.000218381 0.0409013 0.0143634 0.000211208 0.000756762 0.72952 0.000591555 0.00146139 0.000487595 
1.98476e-06 0.18167 0.229976 0.0688631 0.000887757 0.000218483 2.15027e-06 1.90658e-05 0.0588069 0.00169513 1.46564e-06 0.00063815 0.433539 0.00144011 0.0222062 3.42776e-05 
0.000350089 0.0604484 0.00411129 0.0578429 0.00903427 0.000295462 5.76995e-09 0.000241015 0.105133 5.95204e-06 3.16628e-09 2.46886e-06 0.762535 3.97439e-07 1.03376e-09 3.75588e-09 
8.87249e-07 0.108755 0.316215 0.058088 0.0184696 5.14387e-05 0.00012282 0.000247583 0.134718 0.0055056 0.00152772 0.0182766 0.326812 0.000739321 0.0100298 0.000440454 
1.04198e-12 0.10139 0.116069 0.0641723 0.000234019 0.00143682 3.01202e-05 0.000250984 0.0402007 9.18867e-05 0.00803128 0.00155543 0.602623 0.0545564 0.00877546 0.000582678 
0.00306984 0.182411 0.0365295 0.132427 7.61924e-05 2.70636e-08 1.95445e-06 1.8892e-07 0.16337 0.0697407 4.08176e-06 0.0277983 0.247424 0.00736008 0.1297 8.77563e-05 
6.64403e-08 0.0738623 0.0717081 0.0106914 0.0013074 0.00288087 0.00697241 0.000810202 0.0220847 1.36994e-06 0.0148334 0.00519347 0.773264 0.00315159 0.0132015 3.69183e-05 
1.96434e-05 0.121965 0.0743199 0.135857 0.000227632 0.000362499 0.0200333 0.000134298 0.0592905 0.00192132 1.41926e-09 0.0578125 0.523212 0.000562478 0.00425671 2.44808e-05 
0.00618614 0.0656381 0.00887548 0.241101 0.0378074 3.25542e-05 8.31286e-05 0.000463 0.0524203 0.0081845 8.20703e-06 0.00963419 0.527224 0.0351424 0.0035626 0.00363742 
0.00686695 0.170841 0.140151 0.13387 0.00595616 0.00103561 0.000478671 9.21897e-05 0.0655305 0.0418725 0.000338878 0.0279432 0.314792 0.0274316 0.059177 0.00362337 
0.000107587 0.0669825 0.0248369 0.0164611 0.0212133 4.40979e-06 0.016727 2.61359e-05 0.223915 0.00627296 1.82701e-05 0.0421412 0.551183 0.0066771 0.02299 0.000443148 
8.17833e-07 0.0886108 0.00380133 0.0292533 0.00621566 2.64255e-07 1.61853e-05 4.65986e-05 0.00756099 0.00041392 1.59713e-05 0.000248884 0.846615 0.000728457 0.0150165 0.00145583 
0.0011612 0.0795563 0.0939399 0.0876488 0.00259335 0.000915553 0.000390124 2.06046e-05 0.0505523 0.00110566 0.00149971 0.0181482 0.425985 0.0447126 0.191236 0.000534961 
7.53168e-08 0.00354202 0.00169374 0.00225417 2.06419e-08 0.000139476 8.54478e-08 0.000547138 0.000901094 0.000247299 4.68899e-08 0.0010673 0.976282 0.0102405 0.00186159 0.00122373 
0.00849544 0.210221 0.0486504 0.0474526 0.0137909 0.000462323 9.56416e-05 0.000203041 0.0811307 0.0241067 0.000611432 0.0200329 0.5103 0.00612369 0.025682 0.00264147 
0.00296755 0.0732649 0.13567 0.0201491 0.266904 4.79785e-07 7.99217e-05 0.000575271 0.00635059 0.00143398 6.52572e-05 0.0711602 0.359269 0.0415432 0.0158028 0.00476392 
0.000137036 0.0559946 0.267772 0.0206291 0.113771 0.000978119 0.00067016 0.123591 0.0388945 0.0239445 0.000126624 0.0196385 0.313817 0.0139083 0.0059052 0.000222064 
0.00784226 0.0800663 0.0663629 0.0328544 0.00683245 0.00161333 0.0154136 0.000140965 0.101724 0.00484265 0.0134025 0.0141913 0.591764 0.0418897 0.0165481 0.0045111 
0.107343 0.00109115 0.0574759 0.0143026 0.0159473 0.016829 3.13291e-07 0.000104384 0.0151476 0.000605916 1.55888e-10 0.00491248 0.765885 7.08307e-09 0.000316611 3.94766e-05 
0.000448015 0.0640164 0.0911135 0.235088 0.0420474 5.82625e-07 1.72125e-08 0.00224044 0.0987679 0.0910498 0.00272692 0.0341047 0.245836 0.0739463 0.0178721 0.000741833 
1.54271e-06 0.00654914 0.0100346 0.0157042 4.08839e-05 0.000336236 1.42233e-06 0.000425094 1.18967e-05 0.00225069 0.000261381 0.0689776 0.865077 7.22738e-05 0.0288404 0.00141526 
0.00169022 0.118527 0.0393297 0.0421074 0.012485 4.75356e-05 0.000654595 8.98314e-06 0.206594 0.0213816 1.87124e-09 0.011453 0.530468 0.000403012 0.0147662 8.48857e-05 
8.02344e-05 0.00826237 0.0106611 0.351997 0.000173096 0.000520931 1.41366e-05 8.88045e-06 0.0199828 0.0116674 0.000899412 0.00792463 0.449763 0.00148422 0.13643 0.000130636 
0.000138296 0.0272533 0.125074 0.0617993 0.0270036 0.000644932 0.000529969 4.08159e-06 0.0183385 0.0134884 2.94967e-07 0.118148 0.583672 0.00498755 0.0163033 0.00261367 
0.000522586 0.0282452 0.0398967 0.0212998 0.035605 0.00992962 7.16522e-05 0.00135366 0.0225089 0.00676385 0.000163504 0.0335694 0.740271 0.00389804 0.0264204 0.0294805 
1.37039e-05 0.0412433 0.024882 0.0318843 0.0223115 0.000107025 6.27859e-05 0.000468183 0.00355577 0.00682422 4.51232e-06 0.00252172 0.801656 0.0437259 0.0151448 0.00559373 
0.00114238 0.104068 0.106064 5.73252e-06 6.23689e-06 3.28551e-06 3.94509e-06 7.69217e-07 1.20938e-05 3.30555e-06 1.07167e-10 5.29119e-06 0.788679 1.2027e-06 3.32748e-06 1.4112e-06 
0.000959054 0.072825 0.0522283 0.142695 0.00261044 0.000631406 0.00638411 0.00549661 0.0571261 0.0138953 5.60824e-05 0.0467209 0.412593 0.0194713 0.163502 0.00280588 
0.006684 0.0586729 0.0833844 0.182809 0.00105479 2.50657e-07 1.98909e-06 4.55605e-05 0.0299796 0.0412688 1.68485e-05 0.0125944 0.557014 0.000555807 0.0248612 0.00105553 
0.00196136 0.105323 0.12874 0.0419541 0.114068 7.2512e-06 0.000708628 0.00113398 0.158026 0.0171728 0.00592186 0.0474483 0.254986 0.0107173 0.111155 0.000676125 
0.000364063 0.0404399 0.0403592 0.119888 0.0194698 0.000101527 9.05482e-05 5.07855e-05 0.0182101 0.0251299 3.31659e-07 0.0550119 0.419692 0.0238136 0.237242 0.000136339 
2.60273e-06 0.00752764 0.0579728 5.16974e-05 1.27965e-08 4.85841e-06 0.000159151 8.74806e-05 0.0636215 0.00302575 2.90683e-08 0.000109741 0.867034 1.54015e-07 0.000401781 6.63694e-07 
1.97778e-06 1.24366e-05 0.0772085 9.38729e-07 1.31682e-05 2.46377e-06 3.92774e-06 2.2228e-06 0.390638 0.00216668 1.10711e-08 4.5922e-06 0.529933 2.82621e-07 1.94143e-06 9.44268e-06 
1.31571e-05 0.0073901 0.220686 0.0178477 0.0843958 8.0559e-08 0.149595 0.00152858 0.0125727 0.000421859 5.70399e-08 0.00359393 0.489196 0.00287841 0.00964395 0.000237061 
7.14763e-05 0.00637778 0.0177888 0.165095 8.61063e-08 0.000166743 3.10403e-06 6.04886e-05 0.272187 0.0626694 1.95598e-07 1.46555e-05 0.426132 8.46862e-05 0.0492738 7.50786e-05 
0.000554437 0.17181 0.0364702 0.073806 0.0041479 0.000313295 5.15284e-07 0.000148215 0.187307 0.0396846 7.31973e-08 0.0482784 0.356531 0.0134718 0.0674762 1.13998e-07 
9.03926e-12 0.364236 0.0540506 0.00797402 0.00305825 1.04556e-11 0.0115129 4.921e-05 0.04426 0.0318701 5.62756e-12 0.0289991 0.441269 0.000243209 0.011744 0.000734119 
2.71184e-07 0.0360896 0.163933 0.0753695 0.189302 0.000182963 0.000122752 0.0206757 0.0408957 0.0042373 0.000312883 0.0200831 0.419444 0.0151757 0.0139631 0.000212223 
0.000447488 0.126613 0.0651227 0.139254 0.00526325 0.000222266 0.00828644 0.000249224 0.091491 0.00486039 3.7002e-06 0.130673 0.375458 0.0163805 0.0297221 0.00595228 
2.37345e-05 0.0404587 0.173963 0.0322342 0.0217708 5.72112e-05 0.000621314 0.000135411 0.182011 0.217637 0.00072258 0.0385685 0.250482 0.00313644 0.0311339 0.00704435 
2.10023e-08 0.0660498 0.00246763 0.00215758 3.37988e-07 0.000562709 0.000108554 0.00720824 0.0180165 0.000712844 1.57928e-06 0.00871102 0.884904 2.69574e-05 0.00869131 0.000380789 
1.48494e-09 0.0594407 0.00337067 0.0298631 0.00265341 0.000467606 0.000170702 5.34617e-05 0.0259998 0.0169031 0.000544366 0.0107058 0.709783 0.00232719 0.0870348 0.0506819 
0.000234166 0.117178 0.0313925 0.0150901 0.000694799 0.000184587 0.000506443 0.000142235 0.0391814 0.00625615 0.0560945 0.100525 0.497585 0.0441508 0.0907843 1.26032e-07 
0.0010781 0.0671432 0.0579767 0.114321 0.15045 0.000771113 5.27608e-05 0.000199554 0.10044 0.0050827 0.000517631 0.00501992 0.475165 0.0145561 0.00697193 0.000253841 
0.00435959 0.0780132 0.0460492 0.0393119 0.000727188 0.0982708 0.0103929 0.000423602 0.0524428 0.0426261 3.89779e-05 0.0267595 0.593176 0.000557083 0.00628652 0.00056423 
6.20175e-07 0.0160844 0.000339699 0.130283 0.00423451 1.27603e-07 4.83238e-07 1.49878e-05 0.133279 0.0115527 6.05954e-09 0.00453667 0.682054 0.00195041 0.0127779 0.00289106 
0.00155101 0.0168076 0.104521 0.0283546 2.9084e-05 0.000128077 9.3631e-06 1.39315e-05 0.0664266 0.00193086 1.22618e-07 4.25412e-05 0.750728 0.0178193 0.011613 2.48796e-05 
0.00372913 0.0339542 0.210973 0.142638 0.00802956 0.136756 5.76492e-06 0.000734501 0.0523438 0.119441 0.0005957 0.0126279 0.242497 0.0107831 0.0248304 6.10138e-05 
0.00438499 0.053153 0.0129722 0.0305564 0.00666339 2.06874e-05 1.39011e-05 0.000599205 0.0171681 0.00392872 9.78855e-06 0.00731772 0.849109 0.00859174 0.00487347 0.000637407 
1.44367e-05 0.193297 0.269942 0.0360265 0.00478752 0.000160604 0.000243188 1.71246e-05 0.150563 0.0048331 2.33477e-09 0.0196646 0.30784 0.000491312 0.0116082 0.000511665 
0.00171312 0.0240146 0.0433849 0.0322528 0.00422552 0.00493247 0.0071935 9.27763e-05 0.0362821 0.0168792 0.000382739 0.0188348 0.787102 0.00748223 0.0148449 0.000382732 
4.07796e-08 0.115325 3.97102e-05 9.34575e-05 1.11764e-08 4.71694e-08 4.62649e-08 1.01798e-08 0.125389 1.22898e-05 2.53881e-08 5.68215e-09 0.759131 1.00032e-05 8.28891e-09 3.01156e-08 
7.58581e-05 0.0161716 0.137709 0.0803965 0.0108234 8.36936e-05 1.65097e-05 0.000826956 0.119355 0.021047 7.06976e-06 0.0350961 0.519483 0.000551059 0.0583174 3.97572e-05 
8.88008e-05 0.0446592 0.0218351 0.200473 0.0133534 9.48588e-06 0.00523814 8.36261e-06 0.0128117 0.00168112 4.84201e-06 0.0349758 0.6059 0.0101502 0.0245942 0.0242167 
2.56911e-06 0.0800633 0.229539 0.0430165 0.0034847 0.000244561 0.000133887 0.00011313 0.0192922 0.00340275 9.29692e-06 0.00844574 0.500779 0.00809099 0.083168 0.0202145 
0.0048163 0.0927362 0.0836998 0.125501 0.00585171 0.000393712 0.0127861 0.000163269 0.0456863 0.0821562 0.000104695 0.0319522 0.4451 0.0642416 0.00272921 0.00208206 
0.0263942 0.251887 0.000727053 0.0119129 0.00187957 0.00237746 4.84638e-06 5.68938e-05 0.0212546 0.0370983 0.000547647 0.148928 0.462455 0.0218831 0.0124431 0.000149152 
0.00624167 0.0409201 0.0186958 0.0569932 0.00100317 0.0105181 0.00239892 0.00024917 0.0657211 0.00159649 9.21115e-10 0.0038881 0.760146 0.0218341 0.00613283 0.0036611 
3.87193e-05 0.0562555 0.243755 0.184263 0.00190429 0.0316269 3.19909e-05 0.000232865 0.0542295 0.00787895 0.00505878 0.00205104 0.351256 0.0259657 0.0354223 2.97027e-05 
0.000188876 0.0647222 8.07478e-05 0.109044 0.00216084 4.77727e-07 0.0050747 5.62089e-07 0.00510885 6.84039e-05 0.000106051 0.000700514 0.768986 0.00296111 0.0394875 0.0013095 
3.3462e-05 0.00194222 0.0058621 0.00187437 0.0390582 1.87919e-06 1.0916e-05 1.58286e-06 0.0461086 0.0660307 6.28463e-07 0.000651803 0.832331 0.00567952 0.000398679 1.4714e-05 
0.000179083 0.100011 0.293267 0.0294411 0.0516364 0.00178554 0.012453 0.000186852 0.0584616 0.00687276 6.31465e-06 0.031237 0.389766 0.00521976 0.00795233 0.0115247 
0.00165415 0.00905467 0.0323456 0.00347493 0.00416079 0.00456878 0.00115817 0.000183044 0.00738795 0.00193414 2.99515e-07 0.0102172 0.858412 0.00487653 0.00138017 0.0591913 
0.000315327 0.0503128 0.175449 0.085937 0.00473701 2.25752e-05 0.0278295 0.000126308 0.0230722 0.00186964 0.00159679 0.00364766 0.582986 0.00625035 0.0227542 0.0130938 
0.0159947 0.25606 0.0853492 0.185745 0.00571046 3.13451e-05 0.0037041 3.23851e-05 0.0802945 0.00244266 0.000478605 0.0356164 0.303202 0.00874565 0.0157247 0.000869157 
1.59882e-05 0.0641673 0.18964 0.0220563 0.218787 2.66296e-05 1.21446e-06 0.0333286 0.0961077 0.0261198 0.00476696 0.10547 0.222792 0.000795006 0.0158717 5.34247e-05 
1.16559e-07 0.080933 0.011704 0.157148 0.0338045 4.52504e-07 8.70101e-08 0.00014298 0.110167 0.0328388 3.82374e-07 0.0186884 0.542835 0.000387385 0.0113472 3.6913e-06 
1.34909e-05 0.018328 0.0227439 0.0276515 0.000254216 0.00022733 0.0183704 9.86018e-06 0.016502 0.00708227 6.8818e-05 0.0189458 0.860415 0.0020013 0.00209041 0.00529535 
1.98401e-05 0.0694091 0.0624233 0.0160294 0.00849605 0.000111333 0.0528525 0.000186582 0.005253 0.00268481 0.000393137 0.0156635 0.711899 0.00457444 0.0203606 0.0296438 
1.10334e-06 0.151106 0.276039 0.0359115 0.0048192 8.64677e-05 0.000109434 6.20378e-05 0.108822 0.0977557 0.000877293 9.44256e-05 0.315812 0.0067222 0.00173753 4.46057e-05 
9.03838e-05 0.113097 0.0274005 0.203706 0.0167788 1.68964e-06 1.59442e-05 7.3591e-05 0.132534 0.0315147 0.00040684 0.0142027 0.368402 0.0110384 0.0778434 0.00289392 
1.61573e-05 0.0982768 0.111716 0.00425299 0.0136445 5.36954e-06 1.96166e-05 4.25442e-05 0.0035386 0.00203397 1.99313e-05 0.031398 0.670671 0.00649316 0.0144555 0.0434158 
2.99199e-06 0.0364649 0.0784926 0.0104641 0.00578082 6.78099e-05 0.000241456 0.000540564 0.0473114 0.0109064 0.00411883 0.00225621 0.786675 0.0107963 0.00578863 9.1813e-05 
2.02616e-06 0.0381908 0.0528285 0.02273 0.00295074 2.93073e-09 0.235432 0.000505357 0.118157 0.00873722 1.57741e-09 0.0162246 0.447288 1.07881e-05 0.0302515 0.0266919 
0.000251825 0.0940486 0.150771 0.0595646 0.0377935 0.000969662 0.00391447 6.8418e-05 0.0533928 0.00941448 0.000612563 0.0231488 0.548524 0.00263982 0.00540559 0.00947904 
0.00190664 0.0626227 0.0687376 0.000542797 0.00241152 1.83624e-06 0.000619982 0.000121964 0.0263757 0.0229394 1.52571e-06 0.0623799 0.748015 0.000151832 0.00313945 3.18414e-05 
0.000622992 0.0616848 0.117156 0.0262723 0.00263981 0.000358823 0.0293846 0.0001812 0.171549 0.204942 2.15909e-05 0.0910948 0.253807 0.00885885 0.0276756 0.00375095 
0.00017825 0.0463054 0.057696 0.131147 0.000370108 5.50224e-05 0.000245837 3.67159e-05 0.0333059 0.00126489 0.0248614 0.0289708 0.592565 0.0459666 0.0369519 7.97034e-05 
0.00106873 0.0177017 0.0103079 0.0140317 0.0249782 6.53826e-05 0.000262459 0.000314784 0.000400865 0.0170915 1.73058e-06 0.0519595 0.858922 0.00184722 0.000943957 0.000102281 
0.00126714 0.10766 0.316187 0.0125147 0.0159011 7.03472e-08 3.45307e-05 0.000706211 0.070735 0.0172443 9.45089e-10 0.00156902 0.325903 0.030589 0.0994113 0.000277963 
0.000114377 0.112068 0.0430932 0.107504 0.00770191 0.0448194 0.000274171 0.000218337 0.105351 0.0273854 9.7019e-06 0.0265836 0.509395 0.000311182 0.0148492 0.000321813 
2.01233e-06 0.0889492 0.13455 0.0323774 0.00163376 0.00299535 0.000296265 0.000146416 0.0258411 0.000293728 0.0180263 0.00326892 0.646167 0.0074117 0.037958 8.24484e-05 
0.019927 0.0777689 0.0544242 0.104164 0.00237635 6.93704e-07 0.00358751 0.000147943 0.0589253 0.0431413 8.21273e-06 0.175386 0.435264 0.00516365 0.018946 0.000768645 
1.59168e-06 0.00582698 0.00507812 0.153296 0.0373726 4.56027e-06 0.000215649 3.67624e-06 0.0621298 0.000335767 2.74439e-09 4.42079e-05 0.642126 0.0107092 0.0130301 0.0698261 
0.000129717 0.0315087 0.123581 0.0104698 0.00468339 2.0477e-05 0.000160881 0.000301803 0.00469417 0.0219044 3.83462e-05 0.0511112 0.683216 0.0672623 0.000802183 0.000116523 
0.00166628 0.0514765 0.0163154 0.148494 0.000457263 8.55221e-05 0.0010115 0.000135655 0.0191326 0.00854885 0.00720363 0.000283964 0.692403 0.0505576 0.00207318 0.000154751 
3.86489e-05 0.14669 0.00121634 0.0683752 0.00534362 2.59011e-07 1.34444e-05 0.000131541 0.00900856 0.0035754 0.0016795 0.22387 0.534411 0.000126775 0.00551955 1.65368e-07 
1.01968e-06 0.0256258 0.100185 0.0164689 0.00316444 0.00347305 1.65746e-06 2.48528e-05 0.0502817 0.00599466 1.24851e-06 0.00204937 0.785079 0.00289379 0.00467651 7.91466e-05 
0.170487 0.000592478 0.0247557 0.0333598 1.23147e-07 0.000434807 5.09772e-07 2.21042e-06 0.00633178 0.00947207 2.79739e-07 0.0268768 0.720329 0.0073168 3.99565e-05 3.3183e-07 
3.03045e-05 0.197799 0.043843 0.0405102 5.83056e-08 1.36089e-08 4.91082e-09 0.000130692 0.17976 0.0108641 5.23747e-09 0.0035283 0.437799 0.0269404 0.058795 2.13385e-08 
0.00186621 0.0480873 0.116738 0.0179264 0.0189911 0.0745366 0.156567 0.00187208 0.124708 0.0208853 0.032146 0.102757 0.220012 0.0481706 0.01414 0.000596424 
1.66845e-07 1.71523e-07 0.00829186 0.00774233 0.0065552 0.000112822 9.95713e-09 0.000498676 0.00528 0.00018225 1.41144e-11 0.00011506 0.835941 0.0003297 0.00253078 0.13242 
5.60449e-05 0.0119021 0.00870273 0.00299794 0.000300192 0.000184917 0.000599259 7.21319e-05 0.00560846 8.24516e-05 0.000501263 0.0412901 0.926646 0.000311138 0.000701932 4.35278e-05 
8.39434e-05 0.0266246 0.027292 0.00989494 0.000823189 0.000166868 2.35396e-05 2.15662e-05 0.0214443 0.0290006 3.55588e-08 0.00369142 0.877505 2.70482e-05 0.0025116 0.000889463 
0.000525282 0.0187817 0.0559711 0.0412756 0.0175538 2.93625e-05 3.72023e-05 0.000629129 0.0583713 0.0312054 2.24406e-05 0.0119791 0.739326 0.00275122 0.0192509 0.0022906 
4.34347e-05 0.13591 0.260551 0.0666184 0.0160379 0.00392738 0.000907909 0.000550158 0.0738559 0.00599429 0.00333471 0.0643009 0.274031 0.01191 0.0727607 0.00926682 
7.78761e-08 0.0474483 0.00631625 0.0176386 2.13433e-08 3.46501e-07 8.83514e-08 3.23807e-07 0.0226649 0.00665107 4.84832e-08 0.116481 0.755321 0.000114841 0.0273565 6.19683e-06 
0.00496771 0.093423 0.0172639 0.318736 1.16274e-06 1.1105e-10 1.35221e-06 3.80983e-08 0.0277343 0.0244381 2.25919e-06 0.101369 0.353494 0.000164733 0.0288402 0.0295642 
1.06742e-05 0.0761158 0.0879902 0.0736319 0.000972546 0.000110687 0.0425318 0.000148241 0.0241434 0.0370175 0.00299725 0.0148987 0.573778 0.0383274 0.0257004 0.00162534 
1.31571e-05 0.0073901 0.220686 0.0178477 0.0843958 8.0559e-08 0.149595 0.00152858 0.0125727 0.000421859 5.70399e-08 0.00359393 0.489196 0.00287841 0.00964395 0.000237061 
0.122042 0.0316791 0.0181103 0.0139729 0.00127931 0.000236389 9.40359e-05 0.000205046 0.0154184 0.0587457 2.45996e-05 0.00368668 0.729973 2.74999e-06 0.00398554 0.000543789 
3.40104e-08 0.19873 0.0748312 0.240435 0.00157357 0.00194906 4.3348e-06 2.15434e-05 0.0391451 0.0456997 2.25021e-07 0.018762 0.362546 0.00251177 0.00808593 0.00570484 
0.00322334 0.0268033 0.118546 0.0129202 0.0111397 0.000915408 5.04935e-05 0.00429089 0.0197988 0.0102433 4.84726e-05 0.0111593 0.76672 0.00343901 0.00220332 0.00849831 
0.00738934 0.0378726 0.107426 0.053949 0.0360356 0.00036202 0.00311462 0.000477337 0.0988666 0.117027 0.00370248 0.00866648 0.516985 0.00307262 0.00470675 0.000346707 
2.98423e-07 0.104895 0.00676594 0.171948 0.00221311 2.98827e-08 0.000612499 7.46864e-05 0.207199 0.0282057 4.61556e-05 0.0758508 0.235571 0.0230183 0.13915 0.00444959 
5.75192e-05 0.0206829 0.0306361 0.0592119 0.0268837 0.00400067 0.0190339 0.000883517 0.026116 0.0342821 9.06738e-07 0.068249 0.70491 0.000839831 0.00219427 0.00201794 
0.000918823 0.036499 0.0274106 0.00521358 0.00208499 0.000220638 0.0110555 0.000287158 0.0231984 0.0186605 0.0014119 0.142937 0.705195 0.00123141 0.0216708 0.00200471 
0.00020431 0.162176 0.0858079 0.0557677 0.0496277 5.85204e-05 0.000330498 0.000169726 0.1508 0.0102641 2.32912e-05 0.00101504 0.450835 0.0289744 0.00389058 5.48343e-05 
3.88952e-06 0.0533779 0.00729028 0.0273357 0.0023093 0.000145728 2.36846e-06 0.000252169 0.0129489 0.000393053 0.000848453 5.90819e-05 0.891471 0.000632491 0.0026169 0.000313175 
0.00416936 0.047285 0.0232734 0.00291511 0.000281037 6.45159e-06 4.79514e-08 5.69e-07 0.0244848 0.0742878 3.10093e-09 0.0337839 0.788906 9.82096e-06 0.000594439 2.02751e-06 
0.00049317 0.154057 0.13361 0.0779461 0.000306788 0.000433999 0.000249133 3.42536e-05 0.0473226 0.0116108 1.3902e-06 0.0691433 0.450526 0.0281768 0.0256143 0.000474473 
0.000245093 0.125535 0.143171 0.107903 0.0289459 9.70167e-05 0.000156235 0.000110789 0.0995271 0.0820449 0.00402612 0.0101464 0.365135 0.0111059 0.0212191 0.000630974 
0.00174933 0.059136 0.0323744 0.147229 0.00111393 0.0013852 0.00133792 0.0123201 0.0303978 0.00558901 0.000108406 0.0223316 0.546762 0.00242115 0.134937 0.000806755 
7.44762e-10 0.00213097 0.00246592 0.0121035 2.61069e-05 4.95884e-05 0.000129799 6.89207e-07 0.00267221 1.12169e-10 4.63665e-10 0.000283162 0.962385 0.000121491 0.0110011 0.00663051 
0.0021585 0.235135 0.0399801 0.0925119 0.0237431 7.84795e-09 5.04737e-06 2.86372e-05 0.148641 0.0106898 0.000199157 0.0173378 0.385823 0.00600501 0.0377414 2.06885e-07 
0.00463479 0.0267417 0.0824442 0.079512 0.0382621 0.000137707 0.000397936 0.000265936 0.0615625 0.019827 0.0151425 0.0306561 0.575891 0.0282408 0.0181504 0.0181335 
1.047e-07 0.0225826 0.0167163 0.011048 0.00976804 2.77946e-06 7.6598e-08 0.000368383 0.0062203 0.0163462 3.64781e-10 0.00197266 0.896081 5.19668e-07 0.0188923 5.70631e-07 
0.000757245 0.147586 0.165578 0.165043 0.011189 5.46128e-05 0.000695868 0.0010244 0.11348 0.0150444 0.00612161 0.0304028 0.313345 0.00911801 0.0191776 0.00138212 
4.78681e-05 0.0747435 0.0316 0.192498 0.0349048 0.000159013 0.00293417 5.9319e-05 0.0529249 0.000878617 0.00205801 0.00324148 0.516859 0.0680419 0.0175512 0.00149826 
0.00197074 0.0909057 0.087288 0.0215145 0.000397845 0.000168221 0.0247865 1.88361e-05 0.00658722 0.00973829 1.55264e-05 0.00810867 0.708741 0.03756 0.00164791 0.000551449 
1.63362e-10 0.0022395 0.0325817 0.00357415 2.32372e-06 3.2142e-07 1.85336e-10 0.000649977 0.00531574 3.86307e-07 7.01857e-07 5.82744e-07 0.955633 1.07631e-06 2.82278e-07 2.41406e-07 
0.00267922 0.12903 0.00574579 0.0768333 0.000289772 6.53987e-07 0.000411782 0.000195064 0.0649757 0.000107303 0.000510417 0.00682161 0.47906 0.0166922 0.216155 0.000492705 
0.00163233 0.00818741 0.035092 0.318896 0.0575726 4.69135e-05 2.01477e-05 0.0153599 0.0114016 0.0154784 4.58789e-06 0.0619717 0.433793 0.00766365 0.00449653 0.0283827 
