4.41578e-06 0.00340475 0.000916167 0.0216404 2.32324e-05 1.15312e-08 1.1409e-08 9.27845e-11 0.00143309 0.000344541 1.59169e-12 0.00137235 0.00243818 0.954951 0.0134718 1.17239e-08 
0.00140313 0.0648302 0.0462415 0.196768 0.0752241 6.59826e-06 0.00411308 0.0646349 0.0616685 0.0103611 0.000626533 0.013134 0.0198518 0.395002 0.0404767 0.00565839 
4.8853e-05 0.0333144 0.0106831 0.434804 0.00141757 9.29717e-06 9.49716e-09 0.000103578 0.0169231 7.82608e-06 0.000804733 0.00015546 0.0158564 0.484305 0.00152468 4.23193e-05 
7.27278e-07 0.0251013 0.00569475 0.28963 0.000232695 5.03087e-07 1.09377e-08 1.36764e-07 0.0404095 6.98876e-07 0.000133271 0.00124953 0.0402116 0.312058 0.28527 7.06479e-06 
1.3179e-07 0.00294138 0.000986296 0.0536854 0.000281324 3.91253e-07 1.83942e-09 6.7048e-06 0.00654305 2.27253e-05 5.07888e-10 0.000446269 0.00114301 0.93326 0.000664744 1.81809e-05 
0.000679462 0.0189758 0.029437 0.142379 0.00111751 3.05986e-05 1.75226e-05 5.33501e-05 0.0065435 0.00692106 3.91818e-06 0.00335269 0.0436364 0.692184 0.0101546 0.0445132 
0.000249411 0.0351076 0.0198439 0.0885735 0.0034379 3.18279e-07 1.63221e-05 2.18152e-05 0.0086713 0.000219797 1.83527e-09 0.0010037 0.0117526 0.826353 0.00399086 0.000758363 
6.47792e-05 0.0643891 0.173754 0.00356868 0.0031094 4.56066e-06 5.25706e-06 7.0661e-05 0.00680023 0.0182687 4.93839e-05 0.0243281 0.00329981 0.701531 0.000730227 2.64452e-05 
8.71152e-07 0.0530276 0.0184896 0.274334 0.000313903 6.29531e-07 0.000473959 3.92409e-05 0.0318116 0.0168487 9.03833e-11 0.00507105 0.132986 0.465004 0.00150217 9.58265e-05 
5.97442e-07 0.00346959 5.42538e-07 0.0590213 0.000338664 3.82821e-06 2.70329e-09 1.79839e-06 0.00275674 0.000324076 0.00106541 0.000437666 0.00252687 0.924801 0.0052516 1.91185e-08 
9.01863e-05 0.0016146 0.000311556 0.0945795 0.00113464 1.51318e-07 2.00325e-05 1.86926e-05 0.00592107 0.00258387 6.81923e-07 0.000632235 0.00782208 0.881191 0.00227287 0.00180691 
0.000546644 0.0293683 0.0105899 0.0603584 0.00203058 1.30229e-06 7.68196e-06 7.71586e-06 0.00515222 0.00469455 0.000260285 0.000966868 0.00596704 0.877823 0.00151183 0.00071362 
3.55172e-09 0.00437668 0.00141338 0.0769702 0.000301613 5.86744e-07 2.62681e-09 1.00565e-05 0.00981456 3.40875e-05 7.25757e-10 0.000669401 0.00168324 0.903702 0.000997114 2.72705e-05 
1.0207e-10 0.00846075 0.012116 0.00504031 0.000810671 3.91614e-06 4.00459e-05 1.21709e-09 0.013775 0.019206 3.63923e-05 0.00292381 0.000568588 0.936557 0.000440433 2.08437e-05 
0.0489767 0.0371943 0.0429429 0.165287 0.0608389 2.69152e-05 1.2816e-05 0.000249443 0.034693 0.00375262 5.85615e-06 0.119552 0.104641 0.345984 0.0286746 0.00716784 
0.0879604 0.00526846 0.00220758 0.172967 0.00263356 2.30824e-07 8.15434e-06 7.2766e-05 0.204458 0.0494332 3.36485e-05 0.00408607 0.0038266 0.458631 0.00752861 0.000884284 
0.000200598 0.0245457 0.0158166 0.053508 0.00245329 1.46929e-06 3.47645e-05 1.3182e-05 0.0265962 0.00117667 2.90633e-08 0.00371255 0.00921393 0.854516 0.00592838 0.00228296 
0.0008605 0.0450642 0.0195011 0.133361 0.00167395 1.3614e-05 0.000283036 1.45049e-05 0.00400442 0.00140461 0.00235568 0.0696669 0.0709537 0.555701 0.0611732 0.0339686 
0.000249411 0.0351076 0.0198439 0.0885735 0.0034379 3.18279e-07 1.63221e-05 2.18152e-05 0.0086713 0.000219797 1.83527e-09 0.0010037 0.0117526 0.826353 0.00399086 0.000758363 
0.000409064 0.0514516 0.024511 0.0899976 0.00989879 1.67241e-05 0.000108241 0.000164207 0.0535008 0.00471597 0.00105895 0.00595748 0.0811072 0.617447 0.0552601 0.00439577 
0.00118483 0.0440559 0.034516 0.0937736 0.042732 3.51865e-06 0.000376166 0.000177111 0.0154878 0.0102115 2.47979e-05 0.024538 0.282709 0.398933 0.0425212 0.00875588 
1.01352e-08 0.0683474 0.0207487 0.147453 0.00112427 5.87281e-10 1.07452e-05 1.01201e-06 0.0080849 0.00867068 1.72546e-12 0.000304561 0.0031684 0.738942 0.00280798 0.000336589 
5.97442e-07 0.00346959 5.42538e-07 0.0590213 0.000338664 3.82821e-06 2.70329e-09 1.79839e-06 0.00275674 0.000324076 0.00106541 0.000437666 0.00252687 0.924801 0.0052516 1.91185e-08 
4.39642e-06 0.000711243 4.69104e-06 0.0257063 0.000330475 2.04462e-09 7.91194e-12 7.43696e-08 0.000149889 0.000110198 7.14658e-09 0.000162951 0.00111993 0.971364 0.000334556 1.18628e-06 
4.69793e-05 0.0934336 0.0266375 0.0782052 0.0011242 3.12731e-08 1.07307e-05 2.01615e-05 0.0124752 0.00721973 5.78643e-13 0.000399598 0.00611646 0.772403 0.00150322 0.000404686 
0.000732929 0.0290419 0.02826 0.349917 0.0142206 2.00704e-06 3.59644e-05 4.05184e-05 0.0495306 0.00280983 0.0060549 0.0235445 0.0361981 0.395806 0.0633479 0.000457369 
7.92446e-05 0.0140392 0.000626287 0.0227489 0.00223639 0.000231201 0.00397693 0.00104903 0.00572625 1.70708e-06 0.00567773 1.1018e-07 0.33232 0.605185 0.00602018 8.21135e-05 
0.044057 0.0203243 0.00903281 0.218325 0.00174235 2.4898e-08 4.36066e-06 1.16788e-05 0.107013 0.0262643 5.08723e-07 0.0021198 0.00212321 0.484085 0.0708502 0.0140471 
1.88799e-09 0.0266973 0.0152309 0.108146 0.0235669 6.52287e-12 6.39779e-12 0.000334023 0.00562421 0.000149433 8.22668e-09 0.0010919 0.02468 0.792886 0.0014263 0.000166652 
2.15676e-05 0.144767 0.0535994 0.222805 0.00106177 9.28833e-05 0.000144281 2.47109e-05 0.0286303 0.0256641 1.77894e-06 0.0132431 0.0667499 0.418214 0.0243199 0.000659497 
3.41504e-05 0.0177789 0.00181591 0.0592964 9.07503e-05 4.45337e-06 0.000111944 3.00465e-06 0.00843212 0.000983622 4.98807e-07 0.0135968 0.0203248 0.868822 0.00868706 1.74276e-05 
5.54606e-06 0.00454324 0.00477755 0.311659 0.0024421 1.65541e-06 0.00839964 1.73797e-05 0.023961 0.00173329 4.4266e-07 0.00135832 0.00160919 0.638074 0.00134736 7.05963e-05 
0.00165885 0.0547255 0.044204 0.177753 0.0396027 5.62073e-08 2.16689e-06 0.000364414 0.0441357 0.00598691 1.07968e-06 0.0393214 0.128399 0.422337 0.0413794 0.000128856 
1.01352e-08 0.0683474 0.0207487 0.147453 0.00112427 5.87281e-10 1.07452e-05 1.01201e-06 0.0080849 0.00867068 1.72546e-12 0.000304561 0.0031684 0.738942 0.00280798 0.000336589 
0.00525453 0.0270871 0.059159 0.0323615 0.00898031 0.000236771 0.125482 0.000100822 0.00210332 0.00116256 0.00344161 0.0534582 0.161602 0.516401 0.0013019 0.0018682 
0.000466876 0.046698 0.0414355 0.130135 0.00992623 9.98311e-07 1.12247e-05 1.3587e-05 0.00500905 0.0023157 2.61602e-06 0.00539796 0.0157123 0.624721 0.117962 0.000192616 
3.76688e-05 7.95258e-05 7.4837e-06 0.15114 0.000267158 1.14122e-09 2.94334e-09 1.85489e-05 0.0104138 0.0032595 3.7402e-07 2.02236e-08 0.000435755 0.832738 0.00152109 8.11016e-05 
0.000197731 0.0405569 0.0156212 0.145912 0.028257 5.52188e-08 0.000151585 8.59279e-05 0.00640503 0.000399971 1.91191e-06 0.00160295 0.0108647 0.744623 0.00319239 0.00212777 
6.64667e-06 0.00630096 0.006005 0.0753592 0.00196524 3.47413e-06 0.00120999 1.10293e-05 0.0178042 0.00426742 3.43051e-06 0.00177815 0.00161027 0.881289 0.00234886 3.68969e-05 
1.14654e-06 0.0125075 0.00515017 0.0467582 0.00971874 8.59335e-10 2.20957e-09 0.000121902 0.0319334 0.00171432 1.81283e-07 0.00074267 0.00595897 0.883618 0.00170924 6.56225e-05 
0.0011447 9.5418e-07 9.63698e-05 0.0457055 9.53945e-07 9.52943e-07 9.52967e-07 9.53974e-07 0.0106876 9.54085e-07 9.5355e-07 0.0141216 0.159437 0.740846 0.0279538 9.53413e-07 
0.00352245 0.105905 0.0687985 0.0158474 0.165217 0.0026285 0.00562946 0.00903399 0.193123 0.0249656 0.00179528 0.00816009 0.122053 0.270148 0.00306768 0.000106735 
2.77046e-08 0.00070658 0.000100045 0.00663161 0.000455482 1.89833e-09 4.89469e-09 3.09572e-06 0.0403458 0.00326971 6.68094e-10 3.36258e-08 3.26149e-06 0.947413 0.00107169 1.54505e-08 
0.000271592 0.0160234 0.034562 0.0998488 0.002046 1.5066e-10 2.61237e-12 1.06176e-06 0.0287994 0.00173551 0.00130521 0.0142484 0.0178363 0.742965 0.0403213 3.58858e-05 
1.3179e-07 0.00294138 0.000986296 0.0536854 0.000281324 3.91253e-07 1.83942e-09 6.7048e-06 0.00654305 2.27253e-05 5.07888e-10 0.000446269 0.00114301 0.93326 0.000664744 1.81809e-05 
6.47792e-05 0.0643891 0.173754 0.00356868 0.0031094 4.56066e-06 5.25706e-06 7.0661e-05 0.00680023 0.0182687 4.93839e-05 0.0243281 0.00329981 0.701531 0.000730227 2.64452e-05 
0.00241508 0.0621348 0.0528313 0.101633 0.0373165 2.58677e-06 0.000280838 0.00139379 0.0838672 0.01448 0.000239635 0.0405371 0.0883592 0.484742 0.0295252 0.000241902 
0.0044813 0.141967 0.0744944 0.25581 0.00715628 8.10127e-05 0.000944591 3.34764e-05 0.123441 0.0026136 3.62061e-08 0.0355434 0.0868648 0.25732 0.00916144 8.67302e-05 
4.39642e-06 0.000711243 4.69104e-06 0.0257063 0.000330475 2.04462e-09 7.91194e-12 7.43696e-08 0.000149889 0.000110198 7.14658e-09 0.000162951 0.00111993 0.971364 0.000334556 1.18628e-06 
0.00211749 0.0875196 0.0274225 0.251189 0.00868911 7.59129e-06 0.00040945 5.26933e-05 0.042191 0.0151277 0.00874774 0.0182077 0.0977323 0.272759 0.162458 0.005368 
0.00575869 0.0538203 0.00546378 0.0934607 0.0346551 1.40089e-06 3.64268e-06 2.50654e-06 0.0109353 0.0365397 4.74624e-05 0.020742 0.00622952 0.72894 0.00336522 3.42345e-05 
5.38572e-05 0.0022504 0.00250642 0.00065357 0.00108275 0.000386265 7.49173e-05 0.000198877 0.00794564 0.00155239 3.35298e-05 7.50438e-06 0.00418033 0.977682 0.000690396 0.000700767 
4.22827e-05 0.167505 0.00702687 0.143012 2.33092e-07 1.89295e-06 2.00133e-10 2.26065e-05 0.224195 1.353e-05 1.09824e-10 8.21961e-05 0.21066 0.232693 0.0146876 5.7312e-05 
0.00525453 0.0270871 0.059159 0.0323615 0.00898031 0.000236771 0.125482 0.000100822 0.00210332 0.00116256 0.00344161 0.0534582 0.161602 0.516401 0.0013019 0.0018682 
7.28623e-05 0.014065 0.00334737 0.333784 0.00842201 4.58074e-06 0.00175618 2.94803e-05 0.032556 0.00254499 6.8254e-05 0.00374422 0.00489374 0.59108 0.0036197 1.1678e-05 
0.000386366 0.0355769 0.041751 0.134281 0.00281684 1.65774e-05 2.48331e-05 2.73148e-05 0.0154747 0.00451562 0.00012672 0.00666858 0.0448479 0.696373 0.0144632 0.00264929 
1.4684e-06 0.0526016 0.039069 0.022134 0.0292804 1.09875e-05 4.67595e-07 2.06688e-05 0.0128504 0.0931751 0.00114073 0.025892 0.0143502 0.693472 0.0160007 1.80535e-08 
1.87353e-06 0.123092 0.0311619 0.337956 0.00500036 0.000752102 9.15945e-05 0.0446122 0.0148436 0.0141852 7.00289e-09 0.022139 0.0190752 0.361319 0.00949907 0.0162709 
1.52532e-08 0.149305 0.0186359 0.211286 0.000655961 6.84218e-10 6.83383e-05 5.95792e-07 0.00570784 0.0320208 7.0967e-12 0.0558283 0.00667339 0.510714 0.00871198 0.000391086 
5.60265e-07 0.0517629 0.0155615 0.141915 0.00087897 4.68755e-10 8.05989e-06 7.59249e-07 0.00606368 0.00650303 2.94034e-09 0.000228422 0.00272442 0.771282 0.00281796 0.000252447 
0.000724348 0.00600716 0.00146367 0.0618923 0.000200079 3.07838e-10 2.12527e-10 1.00487e-06 0.0227065 0.000335381 1.10256e-09 0.000231255 0.00392079 0.879223 0.0229152 0.000379732 
0.000241096 0.0502766 0.0195265 0.150863 0.0351942 6.89623e-08 0.000189477 0.000107409 0.00800628 0.000499962 2.18738e-09 0.00200368 0.0129129 0.714254 0.00326521 0.0026597 
9.59701e-07 0.0115621 0.00750027 0.421703 0.00053252 8.44428e-09 1.18506e-09 1.82852e-07 0.0427272 0.00197945 0.0422255 0.000931128 0.0333253 0.423213 0.0134405 0.000858648 
1.41209e-05 2.82456e-10 0.000284126 0.0253025 0.000358862 2.47731e-09 4.20344e-06 1.93551e-08 3.30995e-08 1.82584e-09 1.26026e-08 1.24696e-05 0.00075349 0.870962 0.00151975 0.100788 
0.00252116 0.0557612 0.0675322 0.05494 0.00417853 3.76325e-06 2.95179e-06 0.000119106 0.0285707 0.0118146 4.6533e-05 0.0223068 0.0112791 0.735832 0.00384762 0.0012437 
1.0207e-10 0.00846075 0.012116 0.00504031 0.000810671 3.91614e-06 4.00459e-05 1.21709e-09 0.013775 0.019206 3.63923e-05 0.00292381 0.000568588 0.936557 0.000440433 2.08437e-05 
3.58918e-07 0.000988355 0.000398552 0.0398826 0.00555186 1.31081e-07 1.23551e-09 3.32149e-05 0.00225774 8.38269e-06 3.45728e-10 0.000233213 0.000667491 0.949572 0.000373009 3.3231e-05 
1.3179e-07 0.00294138 0.000986296 0.0536854 0.000281324 3.91253e-07 1.83942e-09 6.7048e-06 0.00654305 2.27253e-05 5.07888e-10 0.000446269 0.00114301 0.93326 0.000664744 1.81809e-05 
0.000194984 0.0261733 0.00468424 0.310885 0.00166502 8.11444e-07 0.00022657 3.06503e-06 0.016508 0.00572287 1.84755e-05 0.00214695 0.0275118 0.58329 0.0174047 0.00356382 
0.000144979 0.054875 0.0228302 0.091394 0.00676399 0.00012235 0.00383943 0.000249373 0.0872618 0.00772368 0.00529632 0.070684 0.0502269 0.583478 0.012896 0.00221436 
0.000674929 0.129818 0.0762644 0.138123 0.00899705 1.51853e-07 2.22224e-09 0.000440361 0.20465 0.00134054 0.000115804 0.0495843 0.150528 0.207947 0.0315007 1.57637e-05 
0.000244887 0.265224 0.0404523 0.0631032 0.010432 2.79783e-06 1.40789e-12 0.000132614 0.215039 0.00172823 4.67522e-09 0.00304411 0.02405 0.363509 0.0120387 0.000998628 
8.93799e-09 0.0701215 0.0152984 0.00266279 0.000264576 3.61359e-07 2.53678e-06 4.42257e-07 0.00262713 0.00542452 3.68586e-05 0.0179953 0.000155686 0.88487 0.000529002 1.06298e-05 
0.000118222 0.00194981 0.000741427 0.0492562 0.000750595 8.72337e-09 6.06493e-05 5.12096e-06 0.000436258 0.000946958 6.40599e-09 0.00121431 0.0153567 0.925354 0.00234041 0.00146907 
0.00110242 0.00552665 0.00180428 0.201446 0.00125826 1.11231e-06 9.5569e-09 6.54338e-06 0.0249265 0.00797089 5.76525e-08 0.000237435 0.0041812 0.726543 0.0211077 0.00388776 
0.000222911 0.0467812 0.0384496 0.164931 0.0204875 0.000137678 0.00076147 0.000803259 0.0653288 0.01063 0.00115993 0.00719223 0.0361762 0.596197 0.00969543 0.00104491 
0.000418929 0.0471689 0.256539 0.111758 0.002036 0.00209913 0.000296415 2.31928e-05 0.0298041 0.011662 0.000198604 0.0167591 0.132914 0.337706 0.050111 0.000506182 
0.000109183 0.0814884 0.155735 0.206186 0.00192685 2.73286e-08 0.000390806 2.63988e-05 0.0592583 0.000880713 2.15061e-07 0.0650532 0.0306152 0.2437 0.12968 0.024949 
1.18985e-08 0.0235742 0.0205761 0.0375115 0.00850916 1.0732e-06 1.09408e-05 7.72117e-05 0.0152117 0.00716044 1.96272e-05 0.00300898 0.00841261 0.87485 0.000986137 9.009e-05 
1.3179e-07 0.00294138 0.000986296 0.0536854 0.000281324 3.91253e-07 1.83942e-09 6.7048e-06 0.00654305 2.27253e-05 5.07888e-10 0.000446269 0.00114301 0.93326 0.000664744 1.81809e-05 
6.15538e-05 0.023723 0.0232942 0.317671 0.0020202 5.79096e-06 0.000363989 0.000106137 0.0228919 0.00178546 0.00205433 0.00406156 0.036982 0.545039 0.0193404 0.000599044 
0.00701378 0.0242334 0.00719164 0.101227 0.000327852 1.38058e-06 1.7399e-08 3.28852e-05 0.00433948 2.51682e-05 3.16671e-06 0.00304305 0.0213193 0.828921 0.00137328 0.000947351 
5.13488e-05 0.00448 0.00145759 0.468363 0.00272849 2.95679e-07 2.33044e-09 5.40306e-06 0.0147639 0.00052334 0.000392809 0.00031088 0.00174179 0.502881 0.00224629 5.44618e-05 
0.0092386 0.0324248 0.0189981 0.0557597 2.09167e-05 0.000100714 2.93064e-10 5.47873e-08 0.00795723 0.00161907 1.6082e-10 0.158211 0.21847 0.407352 0.0896866 0.000161142 
1.80516e-05 0.00954017 0.000259229 0.153907 6.87183e-05 3.42248e-07 2.5784e-06 7.24284e-07 0.0262772 0.00905631 4.09587e-10 0.00253066 0.00129464 0.777957 0.0190871 9.41282e-09 
0.000593418 0.0254755 0.0114084 0.0447369 0.000510746 0.000105307 0.000923169 6.31053e-05 0.0391281 0.00378672 2.99663e-05 0.0354205 0.0407773 0.768227 0.0255118 0.00330184 
5.13488e-05 0.00448 0.00145759 0.468363 0.00272849 2.95679e-07 2.33044e-09 5.40306e-06 0.0147639 0.00052334 0.000392809 0.00031088 0.00174179 0.502881 0.00224629 5.44618e-05 
0.000118222 0.00194981 0.000741427 0.0492562 0.000750595 8.72337e-09 6.06493e-05 5.12096e-06 0.000436258 0.000946958 6.40599e-09 0.00121431 0.0153567 0.925354 0.00234041 0.00146907 
0.00056628 0.0137902 0.000386043 0.283926 0.00280835 1.38926e-06 1.40187e-08 7.9911e-06 0.112708 0.0154624 2.89883e-08 0.00468171 0.024073 0.525521 0.0159077 0.000160111 
0.000393647 0.0332343 0.019716 0.261875 0.000923135 2.32804e-08 7.6761e-09 7.25242e-07 0.0135143 0.000290028 2.44612e-05 0.00298936 0.00973185 0.654899 0.00237134 3.6805e-05 
2.14153e-06 0.000161763 0.00110904 0.371381 0.00522274 1.29511e-06 1.74676e-06 3.61539e-05 0.0462807 0.00348562 1.07802e-06 0.000111399 0.0012892 0.519186 0.051729 1.19794e-06 
0.000354469 0.0812286 0.0342592 0.235699 0.0195037 4.6032e-05 0.000946299 0.000646969 0.0896829 0.0449266 0.00420008 0.0176227 0.171339 0.268608 0.0225065 0.00842978 
4.39642e-06 0.000711243 4.69104e-06 0.0257063 0.000330475 2.04462e-09 7.91194e-12 7.43696e-08 0.000149889 0.000110198 7.14658e-09 0.000162951 0.00111993 0.971364 0.000334556 1.18628e-06 
6.67446e-06 0.153407 0.199229 0.103897 0.000129666 2.26542e-05 1.97389e-05 0.000245067 0.131686 7.25405e-05 0.000567183 0.000193273 0.158411 0.236849 0.0151079 0.000155566 
0.00190676 0.027794 0.0279981 0.127035 0.00947897 0.00374298 5.51594e-06 7.70945e-05 0.0221547 0.00316405 0.000317377 0.011674 0.0734779 0.668797 0.0211386 0.00123818 
0.00107546 0.0747561 0.0385561 0.145182 0.000761245 0.000174637 0.00153341 0.000107022 0.0724436 0.00747334 0.000613544 0.0716348 0.0516939 0.506006 0.0236163 0.00437227 
4.6923e-05 0.0118383 0.0109688 0.166819 0.000144004 2.88413e-07 0.000173152 2.43326e-05 0.0153677 0.000536935 1.48623e-06 0.0142525 0.032067 0.739052 0.00848191 0.0002259 
8.81994e-06 0.00348527 0.0030696 0.0573642 0.000644651 1.11215e-06 1.11415e-05 6.82623e-06 0.0209793 0.0114733 1.11663e-05 0.00099714 0.000694861 0.900201 0.000981254 7.01981e-05 
0.000724348 0.00600716 0.00146367 0.0618923 0.000200079 3.07838e-10 2.12527e-10 1.00487e-06 0.0227065 0.000335381 1.10256e-09 0.000231255 0.00392079 0.879223 0.0229152 0.000379732 
0.00106152 0.0255833 0.0313162 0.12504 0.00193677 0.00855748 0.00247091 5.80541e-05 0.0221461 0.00541308 0.00419419 0.00443415 0.0278917 0.728545 0.00765574 0.00369547 
1.7944e-05 0.00762803 0.00575471 0.240739 0.00195652 6.17191e-07 0.00211792 1.50571e-05 0.0818514 0.00340865 1.48182e-07 0.000813152 0.00157301 0.653034 0.00105596 3.34842e-05 
0.000858263 0.0365316 0.031947 0.0845551 0.00861354 0.00106785 0.000852569 0.00049454 0.0403783 0.0107417 0.00103042 0.00791251 0.0222361 0.742526 0.0079961 0.00225888 
0.00102601 0.0275001 0.019187 0.0374966 0.00679142 1.55596e-11 0.000325279 3.94384e-05 0.00263938 0.00570307 0.000183537 0.0696999 0.0242965 0.779652 0.0252546 0.000205631 
0.00062263 0.0990021 0.041353 0.254004 0.00382039 1.40034e-05 0.000464363 0.00585489 0.04819 0.0118047 0.000580228 0.0233746 0.0570521 0.428034 0.0233929 0.00243677 
8.07996e-06 0.0235929 0.0171272 0.027676 0.00190605 1.628e-06 1.96035e-05 1.23787e-05 0.0877464 0.00332062 2.20714e-10 0.00616365 0.00723449 0.818132 0.0022783 0.00478078 
0.000154737 0.173492 0.0685991 0.173989 0.0195553 1.67103e-05 0.000758834 6.71397e-05 0.0689199 0.0404476 5.86609e-06 0.0862889 0.0698165 0.280013 0.0174538 0.000422593 
0.000430375 0.0278227 0.0122522 0.273079 0.00871287 2.00624e-05 0.00016351 0.00419821 0.069906 0.0176426 0.00164145 0.0302263 0.0280815 0.395592 0.129906 0.000325224 
1.99925e-05 0.00790846 0.00481683 0.162334 0.000490962 2.84474e-08 7.08653e-07 6.02513e-06 0.150854 0.00249856 1.91628e-10 0.000316425 0.00111219 0.669105 0.000531499 4.82841e-06 
3.95429e-09 0.0650488 0.0188657 0.0558849 0.00112419 2.40221e-10 1.07284e-05 1.00829e-06 0.00808481 0.00570397 4.23228e-13 0.00030454 0.00279219 0.840828 0.00101499 0.000336502 
4.8877e-05 0.0593252 0.0226721 0.161255 0.00105555 2.34412e-05 1.27759e-05 5.29945e-06 0.108211 0.00738188 2.4111e-09 0.0066363 0.030328 0.582478 0.018767 0.00179875 
1.05437e-07 2.12086e-10 5.63534e-06 0.0156236 0.00104724 2.55478e-12 2.50579e-12 1.83624e-08 8.09246e-10 2.48012e-10 1.37507e-12 3.50503e-05 0.000145097 0.983073 7.01622e-05 3.47178e-08 
0.000162863 0.0433987 0.044274 0.0900831 0.00408757 5.09572e-06 0.000274563 0.000193553 0.0305301 0.00760314 0.00152279 0.00930481 0.0367115 0.723882 0.00687959 0.00108629 
2.40488e-06 0.0936561 0.0411706 0.225586 2.40696e-06 0.052419 2.40449e-06 0.00938985 2.40753e-06 0.0180572 0.0173253 2.40734e-06 0.209449 0.278528 0.0544044 2.40562e-06 
0.000668618 0.0189536 0.0105271 0.0773939 0.00851912 3.83761e-07 2.67567e-05 5.36918e-05 0.0163276 0.00191462 5.36594e-06 0.00114639 0.00764717 0.839186 0.00688995 0.0107394 
1.60104e-06 0.0276461 0.0217562 0.041724 0.00109834 1.23475e-06 1.54206e-05 6.03318e-06 0.0384006 0.000958456 2.14024e-12 0.00487965 0.0100271 0.847205 0.0019078 0.00437195 
1.88799e-09 0.0266973 0.0152309 0.108146 0.0235669 6.52287e-12 6.39779e-12 0.000334023 0.00562421 0.000149433 8.22668e-09 0.0010919 0.02468 0.792886 0.0014263 0.000166652 
2.17866e-05 0.053458 0.0118891 0.148654 0.00508105 1.55479e-07 0.00239648 2.07015e-05 0.18367 0.00221086 2.99886e-06 0.00233748 0.00524701 0.582655 0.00203197 0.000322709 
0.000232863 0.17462 0.0820808 0.181859 0.0142057 0.0088132 2.42055e-05 0.00074725 0.197504 0.00500882 2.10403e-11 0.0198973 0.0850224 0.223321 0.00343999 0.00322312 
0.000677271 0.0464141 0.0420577 0.185444 0.0136253 6.16221e-06 0.000164194 0.000196738 0.0250713 0.00733832 0.0010953 0.0187963 0.0698626 0.558814 0.0284475 0.0019894 
0.00271288 0.149408 0.0456851 0.177839 0.00605362 1.25414e-05 4.6115e-05 7.62977e-05 0.0723125 0.00884357 3.09112e-06 0.00365236 0.104142 0.383496 0.0455908 0.000126524 
0.000230393 0.0250388 0.00969975 0.110468 0.0055947 0.0450351 0.000452552 0.000214172 0.0172313 0.00310569 0.00661187 0.003951 0.0217755 0.735548 0.0082267 0.00681612 
2.7699e-09 0.138426 0.213616 0.0311903 0.00774697 1.79177e-06 1.92773e-05 8.03777e-05 0.0675994 0.00426767 0.000490245 0.0418672 0.143953 0.315595 0.0330716 0.00207464 
0.00719567 0.0453678 0.0311325 0.107013 0.00221267 2.1151e-06 1.26874e-08 4.03572e-05 0.0147327 0.000372197 3.16325e-06 0.00524871 0.0248783 0.753177 0.00273419 0.00588991 
6.47792e-05 0.0643891 0.173754 0.00356868 0.0031094 4.56066e-06 5.25706e-06 7.0661e-05 0.00680023 0.0182687 4.93839e-05 0.0243281 0.00329981 0.701531 0.000730227 2.64452e-05 
0.000197731 0.0405569 0.0156212 0.145912 0.028257 5.52188e-08 0.000151585 8.59279e-05 0.00640503 0.000399971 1.91191e-06 0.00160295 0.0108647 0.744623 0.00319239 0.00212777 
1.99925e-05 0.00790846 0.00481683 0.162334 0.000490962 2.84474e-08 7.08653e-07 6.02513e-06 0.150854 0.00249856 1.91628e-10 0.000316425 0.00111219 0.669105 0.000531499 4.82841e-06 
0.00199963 0.0618389 0.0367359 0.346523 0.0137324 0.000136007 0.00404386 0.00163004 0.0525823 0.0159837 0.000451048 0.0106829 0.0391658 0.382774 0.028096 0.00362475 
2.0787e-07 0.0640205 0.0158927 0.327301 0.000809953 4.343e-08 0.147534 3.8526e-07 0.0157862 0.00635041 6.26754e-05 0.00404533 0.0420924 0.374853 0.00123759 1.33679e-05 
0.000241096 0.0502766 0.0195265 0.150863 0.0351942 6.89623e-08 0.000189477 0.000107409 0.00800628 0.000499962 2.18738e-09 0.00200368 0.0129129 0.714254 0.00326521 0.0026597 
0.000306336 0.0930512 0.204397 0.0598572 0.00767356 3.86876e-06 2.15965e-09 6.51791e-05 0.046548 0.000555199 2.29437e-06 0.0355253 0.0095274 0.540463 0.00201389 9.76816e-06 
8.07996e-06 0.0235929 0.0171272 0.027676 0.00190605 1.628e-06 1.96035e-05 1.23787e-05 0.0877464 0.00332062 2.20714e-10 0.00616365 0.00723449 0.818132 0.0022783 0.00478078 
3.95429e-09 0.0650488 0.0188657 0.0558849 0.00112419 2.40221e-10 1.07284e-05 1.00829e-06 0.00808481 0.00570397 4.23228e-13 0.00030454 0.00279219 0.840828 0.00101499 0.000336502 
0.00392083 0.00169487 0.00229158 0.122337 0.000616529 4.11504e-06 1.46407e-08 6.22234e-05 0.0010936 4.76403e-06 8.03415e-09 0.000163745 0.018886 0.848502 0.000261688 0.000161258 
0.00110507 0.0177061 0.0268417 0.122276 0.0115861 3.17163e-05 0.00017608 2.94105e-05 0.129623 0.0188501 2.76132e-07 0.00761508 0.0153034 0.639646 0.00744273 0.00176667 
3.95429e-09 0.0650488 0.0188657 0.0558849 0.00112419 2.40221e-10 1.07284e-05 1.00829e-06 0.00808481 0.00570397 4.23228e-13 0.00030454 0.00279219 0.840828 0.00101499 0.000336502 
8.4318e-05 0.0244391 0.0178903 0.140966 0.00373059 1.93361e-05 0.000208701 0.000105308 0.037668 0.0108326 0.00025951 0.00496207 0.0254551 0.620082 0.0201458 0.0931513 
1.01352e-08 0.0683474 0.0207487 0.147453 0.00112427 5.87281e-10 1.07452e-05 1.01201e-06 0.0080849 0.00867068 1.72546e-12 0.000304561 0.0031684 0.738942 0.00280798 0.000336589 
6.81343e-05 0.019479 0.00664264 0.269355 0.0125548 2.98313e-07 4.14947e-06 7.91857e-05 0.00728017 0.000249571 4.27078e-08 0.000793174 0.00270405 0.673348 0.00719389 0.000248118 
0.000393647 0.0332343 0.019716 0.261875 0.000923135 2.32804e-08 7.6761e-09 7.25242e-07 0.0135143 0.000290028 2.44612e-05 0.00298936 0.00973185 0.654899 0.00237134 3.6805e-05 
0.000118222 0.00194981 0.000741427 0.0492562 0.000750595 8.72337e-09 6.06493e-05 5.12096e-06 0.000436258 0.000946958 6.40599e-09 0.00121431 0.0153567 0.925354 0.00234041 0.00146907 
5.5068e-10 0.0389092 0.0011357 0.0106995 7.16676e-05 1.11841e-07 4.02928e-05 1.53589e-06 5.30018e-06 0.00735791 0.0004152 0.0191156 0.00163906 0.91574 0.00461234 0.00025677 
0.000105351 0.00827784 0.0035421 0.185872 0.001213 8.48737e-07 2.34626e-06 6.00429e-06 0.0461228 0.0017488 5.84739e-05 0.000875371 0.00212328 0.745924 0.00410342 2.3896e-05 
1.63154e-05 0.139758 0.262499 0.0500872 0.0606715 4.08466e-05 5.37646e-05 0.0116609 0.0979922 0.00808501 0.00311853 0.0161591 0.0651717 0.279096 0.00510742 0.000482503 
0.000219368 0.0200183 0.0796902 0.219529 0.00668459 1.31076e-07 0.00160481 0.000142097 0.0622757 0.00303674 2.80116e-09 0.0141168 0.00816343 0.582127 0.00238096 1.06472e-05 
1.01503e-05 0.0438951 0.0363155 0.0341508 0.0166581 1.64778e-07 1.74831e-05 0.00113409 0.135769 0.0470026 3.39923e-06 0.00477991 0.00338301 0.674884 0.00161331 0.000383629 
0.000249411 0.0351076 0.0198439 0.0885735 0.0034379 3.18279e-07 1.63221e-05 2.18152e-05 0.0086713 0.000219797 1.83527e-09 0.0010037 0.0117526 0.826353 0.00399086 0.000758363 
3.95429e-09 0.0650488 0.0188657 0.0558849 0.00112419 2.40221e-10 1.07284e-05 1.00829e-06 0.00808481 0.00570397 4.23228e-13 0.00030454 0.00279219 0.840828 0.00101499 0.000336502 
0.000742431 0.0309245 0.012189 0.127423 0.00171252 1.47838e-05 0.00236833 1.97321e-05 0.019365 0.0112029 0.000129276 0.00880964 0.0310257 0.739679 0.00941641 0.00497841 
6.08117e-05 0.0364364 0.139503 0.000852262 0.00260297 4.47614e-06 2.03679e-06 5.24843e-05 0.00334282 0.0137942 0.00010033 0.021626 0.00150951 0.779725 0.000375426 1.21005e-05 
1.0207e-10 0.00846075 0.012116 0.00504031 0.000810671 3.91614e-06 4.00459e-05 1.21709e-09 0.013775 0.019206 3.63923e-05 0.00292381 0.000568588 0.936557 0.000440433 2.08437e-05 
0.00525453 0.0270871 0.059159 0.0323615 0.00898031 0.000236771 0.125482 0.000100822 0.00210332 0.00116256 0.00344161 0.0534582 0.161602 0.516401 0.0013019 0.0018682 
0.000679729 0.0339283 0.0547893 0.0468712 0.00224088 9.47277e-07 2.76767e-05 1.89122e-05 0.0234643 0.00341622 0.000700602 0.013018 0.0141553 0.795264 0.00990332 0.0015214 
0.00056628 0.0137902 0.000386043 0.283926 0.00280835 1.38926e-06 1.40187e-08 7.9911e-06 0.112708 0.0154624 2.89883e-08 0.00468171 0.024073 0.525521 0.0159077 0.000160111 
8.62009e-05 0.0233772 0.0363543 0.0156965 5.34697e-05 1.01827e-11 7.52228e-08 3.7311e-08 0.00480624 0.000168615 5.41795e-09 0.00126178 0.000729452 0.917137 0.000329227 6.50119e-12 
1.88799e-09 0.0266973 0.0152309 0.108146 0.0235669 6.52287e-12 6.39779e-12 0.000334023 0.00562421 0.000149433 8.22668e-09 0.0010919 0.02468 0.792886 0.0014263 0.000166652 
0.000668804 0.0536941 0.0198032 0.32763 0.00833139 4.30005e-05 0.000205822 0.0126631 0.0734858 0.0139316 0.0031458 0.00819997 0.05242 0.409681 0.0151828 0.000914145 
5.13488e-05 0.00448 0.00145759 0.468363 0.00272849 2.95679e-07 2.33044e-09 5.40306e-06 0.0147639 0.00052334 0.000392809 0.00031088 0.00174179 0.502881 0.00224629 5.44618e-05 
0.00795231 0.0456999 0.125835 0.0349348 0.0568366 0.000802534 0.00016025 0.00649267 0.0946039 0.015278 0.000784199 0.0604862 0.221155 0.310413 0.0183683 0.000196412 
1.0207e-10 0.00846075 0.012116 0.00504031 0.000810671 3.91614e-06 4.00459e-05 1.21709e-09 0.013775 0.019206 3.63923e-05 0.00292381 0.000568588 0.936557 0.000440433 2.08437e-05 
8.71152e-07 0.0530276 0.0184896 0.274334 0.000313903 6.29531e-07 0.000473959 3.92409e-05 0.0318116 0.0168487 9.03833e-11 0.00507105 0.132986 0.465004 0.00150217 9.58265e-05 
0.000794287 0.0679943 0.062764 0.0500225 0.0102348 7.11812e-06 0.0012059 0.000189613 0.149385 0.00381625 0.00221928 0.0257063 0.148086 0.460806 0.0166894 7.99802e-05 
2.14474e-05 0.0375421 0.0500754 0.0817513 0.000684481 0.000105333 0.000169138 2.65266e-05 0.00738574 0.0011089 0.00488773 0.00265047 0.0331762 0.771845 0.00780884 0.000761317 
0.000871675 0.0181377 0.0226166 0.333414 0.00389968 1.76626e-06 0.0326209 3.153e-05 0.0885086 0.0242569 8.13842e-07 0.00528745 0.00753483 0.448813 0.0137644 0.000240775 
9.32588e-05 0.0148404 0.0164819 0.251493 0.00941909 8.12837e-06 0.000328056 9.44176e-05 0.0190724 0.000485065 6.806e-05 0.00395647 0.0250721 0.651093 0.00288241 0.0046122 
0.000197731 0.0405569 0.0156212 0.145912 0.028257 5.52188e-08 0.000151585 8.59279e-05 0.00640503 0.000399971 1.91191e-06 0.00160295 0.0108647 0.744623 0.00319239 0.00212777 
1.1322e-05 0.0423274 0.0225355 0.256421 0.00327792 1.37236e-06 2.06319e-05 4.64432e-06 0.0902527 0.0810129 4.72888e-05 0.0456162 0.0270772 0.42421 0.0069592 0.000225078 
6.31556e-09 0.000787074 7.65113e-07 0.422164 0.000238365 1.27397e-10 1.24954e-10 2.74939e-11 0.000203357 0.000297068 6.85689e-11 0.00147069 0.00136381 0.534781 0.0347218 0.00397296 
3.52676e-06 0.0385586 0.0838713 0.345303 0.00577657 6.47042e-07 0.000111398 5.95571e-06 0.033264 0.00200296 1.37131e-08 0.00627005 0.0019236 0.467939 0.0100628 0.00490646 
2.45284e-06 0.0229573 0.0135995 0.114278 0.00642 5.58103e-07 0.000653143 6.46494e-05 0.0214041 0.00249964 2.92683e-07 0.00211436 0.00811769 0.805556 0.00146734 0.000865017 
8.07996e-06 0.0235929 0.0171272 0.027676 0.00190605 1.628e-06 1.96035e-05 1.23787e-05 0.0877464 0.00332062 2.20714e-10 0.00616365 0.00723449 0.818132 0.0022783 0.00478078 
6.47792e-05 0.0643891 0.173754 0.00356868 0.0031094 4.56066e-06 5.25706e-06 7.0661e-05 0.00680023 0.0182687 4.93839e-05 0.0243281 0.00329981 0.701531 0.000730227 2.64452e-05 
4.41578e-06 0.00340475 0.000916167 0.0216404 2.32324e-05 1.15312e-08 1.1409e-08 9.27845e-11 0.00143309 0.000344541 1.59169e-12 0.00137235 0.00243818 0.954951 0.0134718 1.17239e-08 
0.0004723 0.020992 0.00190592 0.386836 0.00363756 1.6393e-05 0.00119709 5.02615e-06 0.0127373 0.0108519 1.89903e-07 0.00553928 0.00286178 0.51842 0.0343602 0.000166477 
0.000735408 0.0234475 0.0104583 0.0906883 0.00863107 1.58863e-07 4.45724e-05 2.72155e-05 0.0125326 0.000344464 6.96556e-07 0.00108796 0.00786951 0.832186 0.0109023 0.00104434 
0.00209145 0.0192983 0.0147796 0.341857 0.00443869 2.16359e-05 6.67799e-05 3.1128e-05 0.0271966 0.004121 0.0024246 0.00612372 0.0142093 0.536041 0.0241586 0.0031403 
0.000933467 0.0364918 0.033405 0.22187 0.0114175 5.38015e-06 0.00373407 0.00118519 0.0862381 0.0079684 0.00294355 0.00584023 0.0262853 0.548507 0.011513 0.00166168 
0.000496336 0.0726332 0.0466211 0.107588 0.0620431 9.85962e-06 7.84412e-05 4.08857e-05 0.125879 0.0139335 0.00182526 0.0175654 0.0271146 0.439502 0.0833281 0.00134123 
0.000552609 0.133496 0.0748597 0.0382822 0.117671 0.00027587 5.9767e-07 0.000701666 0.199982 0.01794 0.00686154 0.00954828 0.104086 0.277877 0.0176593 0.000206113 
0.000101647 0.0298716 0.00506754 0.301824 0.00408122 8.38356e-07 0.00123294 3.75008e-05 0.0285111 0.00537326 3.25652e-06 0.00273456 0.0250897 0.58781 0.00812491 0.000136315 
6.47792e-05 0.0643891 0.173754 0.00356868 0.0031094 4.56066e-06 5.25706e-06 7.0661e-05 0.00680023 0.0182687 4.93839e-05 0.0243281 0.00329981 0.701531 0.000730227 2.64452e-05 
0.00525453 0.0270871 0.059159 0.0323615 0.00898031 0.000236771 0.125482 0.000100822 0.00210332 0.00116256 0.00344161 0.0534582 0.161602 0.516401 0.0013019 0.0018682 
3.55172e-09 0.00437668 0.00141338 0.0769702 0.000301613 5.86744e-07 2.62681e-09 1.00565e-05 0.00981456 3.40875e-05 7.25757e-10 0.000669401 0.00168324 0.903702 0.000997114 2.72705e-05 
2.79867e-05 0.0110718 0.00674355 0.203106 0.000687338 3.96948e-08 9.91478e-07 8.43452e-06 0.211196 0.00349797 2.35579e-10 0.000442992 0.00152356 0.560943 0.000744092 6.75829e-06 
0.000197731 0.0405569 0.0156212 0.145912 0.028257 5.52188e-08 0.000151585 8.59279e-05 0.00640503 0.000399971 1.91191e-06 0.00160295 0.0108647 0.744623 0.00319239 0.00212777 
1.22737e-05 0.0446483 0.0293843 0.15192 0.00264398 1.05229e-06 0.19388 2.07979e-05 0.00154809 0.027242 4.12113e-07 0.0692888 0.176 0.297381 0.00590783 0.000120626 
1.0207e-10 0.00846075 0.012116 0.00504031 0.000810671 3.91614e-06 4.00459e-05 1.21709e-09 0.013775 0.019206 3.63923e-05 0.00292381 0.000568588 0.936557 0.000440433 2.08437e-05 
5.13488e-05 0.00448 0.00145759 0.468363 0.00272849 2.95679e-07 2.33044e-09 5.40306e-06 0.0147639 0.00052334 0.000392809 0.00031088 0.00174179 0.502881 0.00224629 5.44618e-05 
2.95788e-05 0.0308475 0.0290133 0.217652 0.0128612 3.14378e-06 0.000419318 0.00160822 0.113384 0.0102679 0.00422901 0.00646594 0.0331872 0.535533 0.00389853 0.000601109 
9.91546e-05 0.0395211 0.0163518 0.0290887 0.000153725 0.000332753 0.00292082 0.000131912 0.0408118 0.00765822 6.76438e-05 0.0910839 0.0799871 0.668429 0.0200175 0.00334471 
4.64948e-05 0.0442032 0.0113607 0.182354 0.000449779 2.80917e-08 0.000151836 2.8879e-07 0.00188733 0.00610104 0.000199735 0.00568167 0.0203413 0.718515 0.00864618 6.22247e-05 
0.000692519 0.0487256 0.0390794 0.302819 0.00453514 4.27483e-05 0.00349902 0.000593568 0.0353687 0.0219452 0.00348409 0.00766021 0.0497081 0.446754 0.0315475 0.00354481 
0.000253195 0.0601575 0.021539 0.101656 0.00279979 4.20196e-06 0.000822975 1.95654e-05 0.0567503 0.00610172 0.00639498 0.0257855 0.010056 0.699876 0.00724275 0.000540768 
1.3179e-07 0.00294138 0.000986296 0.0536854 0.000281324 3.91253e-07 1.83942e-09 6.7048e-06 0.00654305 2.27253e-05 5.07888e-10 0.000446269 0.00114301 0.93326 0.000664744 1.81809e-05 
0.000592727 0.0300512 0.0693052 0.047154 0.00537053 4.44714e-05 0.000578889 0.000675212 0.0149094 0.00808539 0.0102364 0.0150416 0.11719 0.668104 0.00879073 0.00387 
0.00387439 0.00322406 0.00565434 0.361201 0.000701135 1.5381e-09 6.03201e-13 4.38676e-05 4.10084e-07 1.7858e-09 3.31009e-13 0.00018924 0.0539217 0.571118 9.81284e-08 7.10054e-05 
0.0103338 0.047412 0.0528588 0.136923 0.0250304 3.56222e-05 7.35384e-05 0.000204943 0.202237 0.0152719 1.73048e-07 0.0224352 0.125314 0.274653 0.012402 0.0748147 
4.6923e-05 0.0118383 0.0109688 0.166819 0.000144004 2.88413e-07 0.000173152 2.43326e-05 0.0153677 0.000536935 1.48623e-06 0.0142525 0.032067 0.739052 0.00848191 0.0002259 
6.08117e-05 0.0364364 0.139503 0.000852262 0.00260297 4.47614e-06 2.03679e-06 5.24843e-05 0.00334282 0.0137942 0.00010033 0.021626 0.00150951 0.779725 0.000375426 1.21005e-05 
4.41578e-06 0.00340475 0.000916167 0.0216404 2.32324e-05 1.15312e-08 1.1409e-08 9.27845e-11 0.00143309 0.000344541 1.59169e-12 0.00137235 0.00243818 0.954951 0.0134718 1.17239e-08 
0.000305851 4.12766e-05 0.00435973 0.00818178 0.000796288 5.60281e-05 6.20776e-07 0.000154431 0.019712 0.00126809 3.99393e-05 0.000864551 0.125652 0.838495 4.96958e-05 2.19562e-05 
0.00154987 0.0415865 0.0311113 0.204865 0.0318165 5.58051e-05 0.00229115 0.00530773 0.0760202 0.00641742 0.00134595 0.0114051 0.0669609 0.471095 0.0381396 0.0100315 
8.74411e-05 0.0527588 0.0318775 0.314617 0.000228753 1.8996e-05 0.00825579 1.42767e-05 0.0337432 0.00141447 8.43297e-06 0.000481122 0.16778 0.376006 0.0126529 5.5319e-05 
6.91484e-05 0.0200826 0.0335237 0.312961 0.0121485 0.000157098 0.00017796 0.00187625 0.086295 0.0165455 0.00136273 0.00776312 0.0464821 0.432239 0.0277603 0.000556695 
0.000525159 0.0632523 0.0225259 0.199104 0.133802 1.32057e-06 0.000101506 0.000255757 0.0245293 0.00778675 8.647e-07 0.0148912 0.0563399 0.455566 0.00487001 0.0164483 
0.012655 0.0427256 0.0176285 0.322353 0.0242175 8.35027e-06 0.0249215 6.6619e-05 0.00363298 0.000832154 0.000186552 0.00944822 0.207646 0.32759 0.00558079 0.000507794 
5.54606e-06 0.00454324 0.00477755 0.311659 0.0024421 1.65541e-06 0.00839964 1.73797e-05 0.023961 0.00173329 4.4266e-07 0.00135832 0.00160919 0.638074 0.00134736 7.05963e-05 
0.000471917 0.0217 0.00820323 0.093473 0.00127523 5.70384e-07 0.0001766 1.90117e-05 0.0297394 0.00415144 2.2851e-05 0.00149585 0.0138134 0.820013 0.0037949 0.00164994 
0.000722727 0.024195 0.0199422 0.0839806 0.00420799 4.17523e-07 1.32061e-05 2.68801e-05 0.0215157 0.00529493 4.05271e-06 0.00209482 0.0050684 0.825436 0.00701175 0.000484878 
0.000153517 0.022359 0.00629594 0.151282 0.000558229 0.267009 3.94217e-05 6.33905e-05 0.00161121 0.000268611 0.0360862 0.0029179 0.0374676 0.434796 0.0390925 2.31735e-07 
1.01352e-08 0.0683474 0.0207487 0.147453 0.00112427 5.87281e-10 1.07452e-05 1.01201e-06 0.0080849 0.00867068 1.72546e-12 0.000304561 0.0031684 0.738942 0.00280798 0.000336589 
0.000157258 0.05189 0.0298238 0.131891 0.00668412 0.000409234 0.00247759 0.000155221 0.0338354 0.0247095 0.00245099 0.00934393 0.0689715 0.623216 0.0132271 0.000756705 
5.61316e-06 0.068785 0.09328 0.0816249 0.00338094 9.72416e-06 0.00120471 3.76427e-05 0.0833438 0.000692265 8.64287e-06 0.0513992 0.262345 0.352142 0.00165853 8.17562e-05 
0.00703976 0.00626709 0.000559286 0.407881 9.2223e-05 3.34034e-08 0.00159787 5.64099e-06 0.00795661 0.00432107 7.53852e-08 0.00427041 0.00211307 0.534269 0.0233828 0.000243978 
0.012655 0.0427256 0.0176285 0.322353 0.0242175 8.35027e-06 0.0249215 6.6619e-05 0.00363298 0.000832154 0.000186552 0.00944822 0.207646 0.32759 0.00558079 0.000507794 
0.0940543 0.0395458 0.018707 0.185644 0.0325252 6.5775e-06 4.22272e-08 0.0195679 0.150153 0.00117704 7.69649e-05 0.0104684 0.137309 0.277706 0.0244354 0.00862374 
1.0207e-10 0.00846075 0.012116 0.00504031 0.000810671 3.91614e-06 4.00459e-05 1.21709e-09 0.013775 0.019206 3.63923e-05 0.00292381 0.000568588 0.936557 0.000440433 2.08437e-05 
0.0215121 0.0237173 0.0425 0.284548 0.0194461 5.90462e-05 0.00653089 0.00791547 0.0532384 0.0541617 0.00177328 0.0297262 0.0344825 0.365348 0.0547181 0.000323211 
2.62887e-07 2.63179e-07 2.63174e-07 0.177617 2.63114e-07 2.62838e-07 2.62845e-07 2.63122e-07 0.0048427 2.63153e-07 2.63005e-07 0.000947629 0.00263192 0.813537 2.63136e-07 0.000421012 
8.26312e-05 0.0903048 0.0158285 0.148048 0.0117004 5.43928e-06 0.000612671 4.8819e-05 0.0271106 0.00699424 0.000165149 0.0105949 0.0219751 0.652263 0.0126449 0.00162141 
1.0207e-10 0.00846075 0.012116 0.00504031 0.000810671 3.91614e-06 4.00459e-05 1.21709e-09 0.013775 0.019206 3.63923e-05 0.00292381 0.000568588 0.936557 0.000440433 2.08437e-05 
1.88799e-09 0.0266973 0.0152309 0.108146 0.0235669 6.52287e-12 6.39779e-12 0.000334023 0.00562421 0.000149433 8.22668e-09 0.0010919 0.02468 0.792886 0.0014263 0.000166652 
2.79867e-05 0.0110718 0.00674355 0.203106 0.000687338 3.96948e-08 9.91478e-07 8.43452e-06 0.211196 0.00349797 2.35579e-10 0.000442992 0.00152356 0.560943 0.000744092 6.75829e-06 
1.11988e-07 0.0722899 0.0551809 0.331613 0.00251081 1.11967e-07 1.1197e-07 1.12088e-07 0.0179603 1.12101e-07 1.12039e-07 0.00126688 0.139932 0.335002 0.0436609 0.00058263 
4.39642e-06 0.000711243 4.69104e-06 0.0257063 0.000330475 2.04462e-09 7.91194e-12 7.43696e-08 0.000149889 0.000110198 7.14658e-09 0.000162951 0.00111993 0.971364 0.000334556 1.18628e-06 
4.69793e-05 0.0934336 0.0266375 0.0782052 0.0011242 3.12731e-08 1.07307e-05 2.01615e-05 0.0124752 0.00721973 5.78643e-13 0.000399598 0.00611646 0.772403 0.00150322 0.000404686 
0.000325263 0.0703165 0.0510308 0.0902368 0.00123002 0.000285246 0.0024279 5.79276e-05 0.0241636 0.000739451 0.00286391 0.0101676 0.280263 0.374097 0.0904704 0.001325 
0.00038552 0.0241661 0.0346942 0.0761738 0.00298776 6.037e-05 3.53564e-05 6.22884e-05 0.00545385 0.00366001 0.0037219 0.00274102 0.058537 0.78133 0.00413582 0.00185515 
0.0119634 0.0376779 0.0498009 0.120322 0.0356422 0.000145956 0.000856435 0.00122259 0.053093 0.0102089 0.00119557 0.0131743 0.0386766 0.617344 0.00728621 0.00139047 
1.0207e-10 0.00846075 0.012116 0.00504031 0.000810671 3.91614e-06 4.00459e-05 1.21709e-09 0.013775 0.019206 3.63923e-05 0.00292381 0.000568588 0.936557 0.000440433 2.08437e-05 
0.000848412 0.0175181 0.0401542 0.0233325 0.00239424 9.1923e-07 4.1517e-07 2.16028e-05 0.0134314 0.00429337 2.06158e-05 0.00582849 0.00376909 0.879188 0.009022 0.000176948 
