0.000828901 0.0911542 0.0321138 0.113107 0.0398365 1.21615e-05 0.00205434 0.000978596 0.0903556 0.0194215 3.82234e-05 0.0391094 0.156974 0.0153087 0.385903 0.0128046 
7.65089e-05 0.0492581 0.0167608 0.19896 0.00139712 7.19006e-06 0.0146693 6.86048e-08 0.0269488 0.0159282 9.00303e-05 0.0312705 0.0449506 0.0468843 0.552737 6.13625e-05 
3.37518e-07 0.207239 0.00899022 0.027998 0.0772802 1.02988e-07 0.00139257 4.25311e-07 0.176883 0.0112406 5.1278e-09 0.0981448 0.0189783 0.000139719 0.37043 0.00128249 
5.5816e-05 0.0784314 0.0445909 0.0504946 0.000419696 0.000104849 0.000122036 5.12712e-05 0.0201489 0.0116203 0.00267926 0.0223429 0.192918 0.00331043 0.572312 0.000397519 
0.000109857 0.0323365 0.148876 0.071356 0.00021772 8.05708e-08 4.3408e-06 3.25075e-05 0.0872791 0.00421714 1.21874e-05 0.0204919 0.0116963 0.0197428 0.601427 0.00220071 
0.00101394 0.224457 0.0392785 0.0714651 0.019268 6.6368e-05 0.00231124 0.000627476 0.111725 0.028756 6.52098e-05 0.0417278 0.089425 0.00802495 0.360324 0.0014635 
5.55705e-05 0.0249291 0.00956803 0.0400868 0.00104963 1.70492e-05 0.0176901 2.26813e-05 0.00983286 0.00274701 4.02459e-10 0.00246127 0.331784 0.00115046 0.558579 2.66862e-05 
0.00014855 0.00561962 0.0105598 0.027071 0.001963 1.15249e-09 8.1602e-05 8.00463e-07 0.0236026 0.000143338 7.02443e-06 0.00652063 0.170014 0.00135928 0.751445 0.00146339 
1.65616e-05 0.0552972 0.00800578 0.269815 0.00350089 7.04894e-09 0.00135786 7.40407e-07 0.0196481 0.0730845 2.66945e-05 0.0673267 0.0467076 0.00189614 0.452964 0.000352606 
0.047472 0.0137134 0.0169072 0.0253592 0.000586206 0.0011411 0.00820803 0.0125884 0.0693334 0.00585243 4.63195e-07 0.0926435 0.111974 0.000305946 0.578494 0.0154202 
7.56757e-05 0.0335905 0.00571762 0.00158413 0.0554402 6.5417e-10 2.80234e-07 2.34368e-06 0.0484045 0.000238195 2.19463e-07 0.0155621 0.042155 0.00339988 0.793108 0.000721223 
0.000109857 0.0323365 0.148876 0.071356 0.00021772 8.05708e-08 4.3408e-06 3.25075e-05 0.0872791 0.00421714 1.21874e-05 0.0204919 0.0116963 0.0197428 0.601427 0.00220071 
0.0026758 0.127333 0.00848848 0.27909 0.00920931 2.90163e-06 9.83965e-05 0.00173847 0.0516021 0.0209076 6.74876e-06 0.0920885 0.0682367 0.0355183 0.301537 0.00146645 
0.000109857 0.0323365 0.148876 0.071356 0.00021772 8.05708e-08 4.3408e-06 3.25075e-05 0.0872791 0.00421714 1.21874e-05 0.0204919 0.0116963 0.0197428 0.601427 0.00220071 
0.00148044 0.000862867 0.00387173 0.152308 0.000243428 2.62576e-06 4.16408e-11 0.00768932 0.0960453 0.00123735 7.8775e-08 0.0005073 0.00905214 0.00243821 0.645971 0.0782908 
1.35748e-05 0.0300579 0.0117563 0.0342104 0.0017378 2.28187e-06 0.0116845 1.87417e-07 0.009935 0.0068734 4.76426e-07 0.0900295 0.0330955 0.000728986 0.769185 0.000688707 
1.8202e-08 0.095933 0.00691253 0.146377 0.0163715 2.20868e-07 4.961e-07 6.23504e-08 0.142743 0.00870946 2.90182e-07 0.0578562 0.197202 0.0157951 0.311908 0.000190605 
0.000113988 0.0871887 0.00324881 0.0563826 0.00825495 1.47402e-07 3.04499e-05 9.10744e-07 0.0471507 0.001322 0.0536044 0.00498233 0.0929608 0.00151117 0.643248 9.35037e-11 
0.000481489 0.101528 0.0527246 0.113942 0.00557098 1.23532e-06 7.30671e-10 4.78384e-07 0.101229 0.00555684 7.82181e-07 0.0296144 0.0406565 9.86778e-11 0.547871 0.0008231 
2.2674e-05 0.062 0.0174187 0.290231 0.000623281 6.96025e-05 0.00166246 2.63671e-05 0.0916512 0.0336035 0.00033979 0.00867033 0.0734741 0.00170966 0.417979 0.000518033 
0.000144094 0.0761143 0.171872 0.0340458 0.00285215 3.10902e-05 0.0210849 0.00064794 0.158863 0.0326856 0.000743062 0.0277378 0.0210678 0.00265154 0.449093 0.000365922 
1.51999e-05 0.0522071 0.0381103 0.0741712 0.0300869 9.9187e-06 4.14064e-05 3.82982e-06 0.0824679 0.0779677 0.00143608 0.0295472 0.153838 0.00163543 0.455818 0.00264387 
0.00732473 0.0868562 0.0249331 0.0843017 0.0292944 1.06666e-05 0.00459744 0.00168819 0.118727 0.00812501 0.0028021 0.0896308 0.0703624 0.00866303 0.407015 0.0556684 
2.69003e-05 0.0294341 0.0062578 0.172062 0.00996846 7.1157e-09 0.000141423 2.33344e-05 0.00756185 3.97837e-06 2.21877e-08 0.00356411 0.0103768 0.000298141 0.760068 0.000212561 
3.32185e-05 0.0515018 0.0511454 0.0289748 0.0026375 0.000946961 0.00208345 1.22079e-05 0.20665 0.0196509 5.03688e-05 0.0309376 0.194671 0.0127151 0.39744 0.000550199 
7.75189e-05 0.0623138 0.0509267 0.123276 0.00828305 0.000164796 0.00129921 0.000220828 0.0302706 0.0115038 0.00184057 0.0368542 0.0781126 0.000918404 0.590717 0.0032209 
0.000109857 0.0323365 0.148876 0.071356 0.00021772 8.05708e-08 4.3408e-06 3.25075e-05 0.0872791 0.00421714 1.21874e-05 0.0204919 0.0116963 0.0197428 0.601427 0.00220071 
0.087697 0.0532529 0.0266163 0.163721 9.98875e-05 9.46612e-08 1.1579e-07 3.79257e-11 0.291866 0.000153103 1.22289e-07 0.00758477 0.0458176 0.00039298 0.322341 0.00045733 
1.74943e-05 0.154436 0.0106444 0.00998258 0.000778579 8.82965e-05 0.00543925 0.000160229 0.0266227 0.00631225 1.70269e-07 0.0687266 0.0413192 0.000114084 0.674942 0.00041623 
0.0318869 0.157276 0.00997313 0.0295691 0.000207867 7.48147e-06 7.1767e-05 1.18097e-05 0.000356023 0.1529 2.22119e-07 0.00509675 0.0586935 0.000177445 0.553746 2.65718e-05 
0.01986 0.0133364 0.00513031 0.000116586 0.00131934 1.67029e-06 0.000999851 2.47354e-05 0.0222934 0.00930148 6.62769e-06 0.00801365 0.111651 7.29612e-06 0.807532 0.000405421 
0.000604791 0.117954 0.00559053 0.0567347 0.0112569 4.7758e-08 0.000585477 0.000178649 0.0574728 0.0112636 7.55903e-07 0.00908878 0.0768488 0.00249746 0.648108 0.00181484 
5.16727e-08 0.0644081 0.0839301 0.163153 0.000921181 1.53436e-07 4.0154e-09 0.00203479 0.156323 0.00800264 4.21731e-07 0.1623 0.157302 0.00238062 0.199243 3.34739e-07 
7.56757e-05 0.0335905 0.00571762 0.00158413 0.0554402 6.5417e-10 2.80234e-07 2.34368e-06 0.0484045 0.000238195 2.19463e-07 0.0155621 0.042155 0.00339988 0.793108 0.000721223 
0.00060741 0.00954984 0.00199279 0.153664 0.0365969 3.40851e-07 3.0104e-05 0.000172841 0.000665692 0.00150113 3.49125e-11 0.0104267 0.0115443 2.16048e-05 0.743273 0.0299528 
0.000109857 0.0323365 0.148876 0.071356 0.00021772 8.05708e-08 4.3408e-06 3.25075e-05 0.0872791 0.00421714 1.21874e-05 0.0204919 0.0116963 0.0197428 0.601427 0.00220071 
0.000173335 0.0863159 0.22485 0.0302553 0.00608378 1.97297e-05 0.00979097 0.000145284 0.0985039 0.017035 0.00908964 0.0353358 0.0646959 0.0143522 0.402168 0.0011852 
0.000109857 0.0323365 0.148876 0.071356 0.00021772 8.05708e-08 4.3408e-06 3.25075e-05 0.0872791 0.00421714 1.21874e-05 0.0204919 0.0116963 0.0197428 0.601427 0.00220071 
0.00118126 0.0380122 0.0620044 0.0731576 0.00137179 3.54245e-06 0.00568183 1.79862e-06 0.0189738 0.0558425 9.72392e-06 0.176103 0.0758183 4.89043e-05 0.491587 0.000202129 
0.000311282 0.168477 0.0133048 0.0701294 0.00493086 5.65981e-05 0.0152691 0.00342437 0.16292 0.0106665 0.00072944 0.25615 0.0317455 0.00100908 0.260268 0.000608549 
0.000109857 0.0323365 0.148876 0.071356 0.00021772 8.05708e-08 4.3408e-06 3.25075e-05 0.0872791 0.00421714 1.21874e-05 0.0204919 0.0116963 0.0197428 0.601427 0.00220071 
1.1594e-07 0.0123187 0.00215815 0.0026732 0.00042833 7.03095e-06 0.00447778 3.6074e-05 0.00770114 0.000739014 0.00387311 0.0555541 0.0275673 1.28698e-07 0.882331 0.000134553 
0.000422644 0.0275046 0.010271 0.149936 0.00154943 0.000358594 7.68686e-05 3.13828e-06 0.0106269 0.000222052 7.68531e-07 0.00541934 0.122885 0.0658991 0.604606 0.000218736 
0.000109857 0.0323365 0.148876 0.071356 0.00021772 8.05708e-08 4.3408e-06 3.25075e-05 0.0872791 0.00421714 1.21874e-05 0.0204919 0.0116963 0.0197428 0.601427 0.00220071 
0.000109857 0.0323365 0.148876 0.071356 0.00021772 8.05708e-08 4.3408e-06 3.25075e-05 0.0872791 0.00421714 1.21874e-05 0.0204919 0.0116963 0.0197428 0.601427 0.00220071 
1.76453e-08 0.0507106 0.116985 0.0496663 0.000598523 0.000435721 2.13594e-08 0.000205608 0.0517458 0.0140802 1.28484e-07 0.0106058 0.272912 0.0199199 0.411064 0.00107114 
0.00370567 6.80023e-05 1.75981e-05 0.001413 0.000393055 4.00505e-06 0.0304556 8.64345e-07 0.00890549 0.00396186 4.47854e-06 0.0929463 0.0476748 3.05072e-05 0.807578 0.00284028 
0.00851193 0.0703003 0.0271387 0.259066 0.00616136 5.61343e-05 0.00126052 1.80615e-05 0.0631302 0.0206185 7.91846e-05 0.0587229 0.209299 0.00960706 0.265963 6.68982e-05 
2.87793e-05 0.095806 0.00532517 0.0171124 0.0138346 3.6317e-10 8.36441e-05 5.8221e-07 0.0572321 0.00870444 0.000281447 0.0286102 0.191572 0.0109525 0.569873 0.000583187 
1.00855e-06 0.165864 0.140952 0.119658 0.0190743 1.68163e-05 3.95236e-05 9.79208e-06 0.0771251 0.0211742 2.17303e-06 0.0822951 0.154999 0.00537097 0.213389 2.86759e-05 
0.000440092 0.237098 0.142039 0.0627649 0.00399309 2.07167e-05 0.000127054 2.16143e-05 0.0668867 0.00499472 0.000143346 0.0481133 0.0998842 0.0101551 0.323265 5.28765e-05 
0.000109857 0.0323365 0.148876 0.071356 0.00021772 8.05708e-08 4.3408e-06 3.25075e-05 0.0872791 0.00421714 1.21874e-05 0.0204919 0.0116963 0.0197428 0.601427 0.00220071 
1.16167e-05 0.00264769 0.00720329 0.0104929 0.010821 1.56389e-05 0.00967647 9.35956e-06 0.00342506 0.00529507 0.00405932 0.00469208 0.0201423 0.000203727 0.919773 0.00153167 
0.000210985 0.125327 0.0416037 0.0336016 0.0212949 3.75271e-08 0.00651402 3.63026e-05 0.0574479 0.0172106 0.00232432 0.20602 0.0581375 0.0149084 0.415034 0.000328557 
0.000109857 0.0323365 0.148876 0.071356 0.00021772 8.05708e-08 4.3408e-06 3.25075e-05 0.0872791 0.00421714 1.21874e-05 0.0204919 0.0116963 0.0197428 0.601427 0.00220071 
0.000109857 0.0323365 0.148876 0.071356 0.00021772 8.05708e-08 4.3408e-06 3.25075e-05 0.0872791 0.00421714 1.21874e-05 0.0204919 0.0116963 0.0197428 0.601427 0.00220071 
0.00171311 0.0140009 1.0878e-08 0.0585433 0.0575538 2.1397e-05 1.45758e-07 0.00010968 1.23103e-05 0.0189733 7.99856e-08 0.0225884 0.0996641 0.00102889 0.72297 0.00281999 
0.00495461 0.103165 0.00569588 0.292141 0.00350085 1.34098e-08 8.95966e-06 3.81284e-07 0.0183086 0.0125972 1.22501e-07 0.0202394 0.0389752 0.00158888 0.498751 7.3832e-05 
1.90596e-11 0.000147771 1.7089e-09 0.0385107 5.22362e-12 2.2046e-11 2.16233e-11 7.4428e-07 3.25607e-05 2.87056e-12 1.18659e-11 2.65573e-12 2.77795e-07 1.76226e-05 0.96129 2.76695e-08 
1.99174e-05 0.0279656 0.0396024 0.111874 0.139825 2.43247e-08 0.00485718 0.00265558 0.0204212 0.0120232 3.90583e-06 0.11592 0.115623 0.0027494 0.404722 0.00173805 
0.000109857 0.0323365 0.148876 0.071356 0.00021772 8.05708e-08 4.3408e-06 3.25075e-05 0.0872791 0.00421714 1.21874e-05 0.0204919 0.0116963 0.0197428 0.601427 0.00220071 
0.000109857 0.0323365 0.148876 0.071356 0.00021772 8.05708e-08 4.3408e-06 3.25075e-05 0.0872791 0.00421714 1.21874e-05 0.0204919 0.0116963 0.0197428 0.601427 0.00220071 
0.030861 0.122456 0.0211456 0.1859 0.00200159 2.77423e-05 3.55663e-05 1.86589e-05 0.191273 0.0160533 2.08722e-08 0.0138738 0.139942 0.00280052 0.273606 5.37318e-06 
1.25038e-06 0.00984284 0.000247081 0.00978159 0.000296141 2.42411e-05 0.000263946 7.58121e-07 0.0157271 0.00644474 0.000180436 0.0600278 0.0150531 3.14356e-05 0.88189 0.000187529 
0.000109857 0.0323365 0.148876 0.071356 0.00021772 8.05708e-08 4.3408e-06 3.25075e-05 0.0872791 0.00421714 1.21874e-05 0.0204919 0.0116963 0.0197428 0.601427 0.00220071 
1.28895e-05 0.00304861 0.000504171 0.0421321 2.89482e-07 4.94155e-05 0.000103873 9.82167e-06 0.00048689 1.59081e-07 6.57583e-07 1.47175e-07 0.0540946 0.000209336 0.899346 7.80032e-07 
1.21655e-08 0.00330921 0.0235539 0.0467154 0.124207 1.91482e-07 2.09013e-05 1.13226e-06 0.0507772 0.00299765 7.57387e-09 0.0903918 0.0344809 0.000154293 0.62339 3.86547e-07 
8.55117e-07 0.058672 0.0106639 0.124386 0.0117215 9.89107e-07 8.13317e-05 7.44706e-06 0.122335 0.00220321 5.32369e-07 0.157763 0.0867894 0.000681676 0.42378 0.000913644 
3.35311e-10 0.171661 0.0335257 0.159428 0.00276298 1.16608e-08 0.000257845 2.55319e-06 0.0871179 0.00184272 2.08754e-10 0.0135747 0.0852538 0.0148657 0.429573 0.000134255 
0.0788806 0.0373002 0.0378763 0.175676 0.000190845 4.00227e-05 2.29635e-05 7.34362e-05 0.172329 0.124275 1.65786e-06 0.00515389 0.012879 0.00012889 0.354963 0.000209745 
0.00118832 0.036782 0.00965939 0.0375418 0.00271505 7.69952e-05 7.78583e-05 0.00530307 0.0998193 0.00497434 0.000521651 0.0267063 0.0233631 0.000969196 0.749982 0.000319797 
0.000112878 0.0623968 0.0181956 0.0920651 0.0754155 9.01991e-07 2.70703e-05 0.00280318 0.193085 0.0230087 0.00392021 0.0832176 0.0586364 0.00275285 0.321687 0.062675 
3.39579e-06 0.0406056 7.7938e-06 0.0145788 0.00736553 6.25827e-06 0.000150592 1.12257e-07 0.0130608 0.0158068 1.33327e-05 0.0497959 0.0300608 0.00029572 0.828248 3.32097e-07 
0.000109857 0.0323365 0.148876 0.071356 0.00021772 8.05708e-08 4.3408e-06 3.25075e-05 0.0872791 0.00421714 1.21874e-05 0.0204919 0.0116963 0.0197428 0.601427 0.00220071 
0.00813036 0.176189 0.0387413 0.0773996 0.0387302 4.62336e-05 5.80961e-05 9.29007e-05 0.191782 0.029022 9.00514e-08 0.0147836 0.158886 0.0170104 0.249034 9.46472e-05 
0.0273528 0.00571194 0.00673535 0.0656407 0.0496688 0.000211043 0.0130436 0.000263815 0.0313762 0.0904711 0.00247423 0.0247304 0.045991 0.00111733 0.627375 0.00783687 
0.000109857 0.0323365 0.148876 0.071356 0.00021772 8.05708e-08 4.3408e-06 3.25075e-05 0.0872791 0.00421714 1.21874e-05 0.0204919 0.0116963 0.0197428 0.601427 0.00220071 
0.000109857 0.0323365 0.148876 0.071356 0.00021772 8.05708e-08 4.3408e-06 3.25075e-05 0.0872791 0.00421714 1.21874e-05 0.0204919 0.0116963 0.0197428 0.601427 0.00220071 
1.13794e-05 0.0211262 0.00484248 0.0212298 0.00298683 5.12353e-10 3.22403e-05 5.6377e-06 0.0126027 0.000557705 1.85013e-06 0.0145902 0.0120562 0.000650227 0.909287 1.98333e-05 
9.369e-07 0.0166357 0.0013196 0.0070322 0.0571211 6.74404e-10 4.86466e-05 2.00052e-08 0.031368 0.000262125 3.62986e-10 0.00467064 0.0546394 0.0691301 0.757161 0.00061068 
8.967e-06 0.016846 0.047515 0.388848 0.00135436 4.33153e-07 3.70546e-07 3.98478e-05 0.00684637 0.00016413 0.00115326 0.00030142 0.0208554 0.0188832 0.496851 0.000332274 
0.000988297 0.127537 0.0394607 0.0178232 0.0096774 1.47804e-05 0.00798464 2.12714e-06 0.0532806 0.0174093 5.87458e-05 0.3379 0.0192921 0.00229631 0.363431 0.00284308 
0.00197154 0.135391 0.0626876 0.0865709 0.068754 1.53444e-11 3.6759e-08 5.69569e-05 0.115058 0.036278 4.27482e-08 0.135104 0.169883 0.00294386 0.182773 0.00252808 
1.90596e-11 0.000147771 1.7089e-09 0.0385107 5.22362e-12 2.2046e-11 2.16233e-11 7.4428e-07 3.25607e-05 2.87056e-12 1.18659e-11 2.65573e-12 2.77795e-07 1.76226e-05 0.96129 2.76695e-08 
0.000109857 0.0323365 0.148876 0.071356 0.00021772 8.05708e-08 4.3408e-06 3.25075e-05 0.0872791 0.00421714 1.21874e-05 0.0204919 0.0116963 0.0197428 0.601427 0.00220071 
0.0314273 0.174593 0.0253563 0.164074 0.0130388 1.03218e-05 0.00329187 4.58032e-05 0.0315846 0.0437692 0.00227369 0.0630468 0.1209 0.00528771 0.311509 0.0097917 
5.30157e-07 0.0746828 0.0183768 0.192082 9.9483e-07 1.92602e-08 1.25335e-07 1.093e-07 0.00866975 5.75875e-08 3.1404e-12 0.0110722 0.096039 0.00153469 0.590214 0.00732742 
7.52009e-05 0.0755198 0.0283757 0.0361621 0.00791304 2.32307e-05 0.000187421 2.93989e-05 0.0196755 0.00346109 0.00333444 0.0329441 0.135191 0.00222705 0.654075 0.000806609 
0.00127689 0.0475837 0.00268922 0.143683 0.000587399 0.000220871 0.00692681 9.43843e-06 0.145863 0.140003 0.0120744 0.0102685 0.0355135 0.00431042 0.448424 0.000566133 
0.0110379 0.0982543 0.0555647 0.0471992 0.0669911 7.52646e-06 3.88704e-06 0.00215754 0.125889 0.0267098 0.0135768 0.0460155 0.0164351 0.00389154 0.486164 0.000101947 
0.000109857 0.0323365 0.148876 0.071356 0.00021772 8.05708e-08 4.3408e-06 3.25075e-05 0.0872791 0.00421714 1.21874e-05 0.0204919 0.0116963 0.0197428 0.601427 0.00220071 
0.000109857 0.0323365 0.148876 0.071356 0.00021772 8.05708e-08 4.3408e-06 3.25075e-05 0.0872791 0.00421714 1.21874e-05 0.0204919 0.0116963 0.0197428 0.601427 0.00220071 
0.0019919 0.0249723 0.0212121 0.146336 0.00363558 1.27751e-06 0.00971139 1.00422e-05 0.0922619 0.0044413 4.56178e-07 0.0126768 0.203472 0.0348919 0.438322 0.00606291 
6.46608e-08 0.142282 0.0228807 0.00269414 0.00555875 2.4175e-05 0.0117597 2.55219e-05 0.0499608 0.0129142 0.00580588 0.333261 0.0572386 0.000695005 0.354868 3.15765e-05 
0.000936941 0.0472441 0.0177135 0.0915657 0.0721048 1.17284e-05 1.06307e-08 0.00169198 0.0571418 0.00724965 0.000569507 0.020463 0.149076 0.00140433 0.491972 0.0408552 
5.85724e-05 0.0173783 0.0284214 0.0157572 0.000814756 1.303e-05 3.0688e-05 1.62568e-06 0.0165631 0.383073 0.00688407 0.0211155 0.00404824 0.00019485 0.505621 2.42205e-05 
1.76004e-09 0.0527264 0.0865981 0.230023 0.04257 1.31159e-06 1.99679e-09 9.47412e-05 0.103513 0.00153319 6.90057e-06 0.145407 0.05695 0.00667836 0.273838 6.07937e-05 
0.000109857 0.0323365 0.148876 0.071356 0.00021772 8.05708e-08 4.3408e-06 3.25075e-05 0.0872791 0.00421714 1.21874e-05 0.0204919 0.0116963 0.0197428 0.601427 0.00220071 
0.000462389 0.128742 0.0545694 0.119959 0.0120861 0.000534344 0.00133453 4.51598e-05 0.054378 0.0093354 0.0026086 0.0536322 0.0527979 0.00612703 0.501426 0.0019613 
7.21939e-08 0.0183554 0.0310652 0.00605241 0.0316889 8.35061e-08 0.000338389 0.000335913 0.00400425 0.0648428 0.000626079 0.269225 0.0498268 0.000395808 0.523179 6.35052e-05 
3.46304e-06 0.107546 0.0147523 0.271257 0.00136165 3.03601e-07 4.44143e-06 6.44152e-05 0.0982872 0.0426932 2.66725e-10 0.0202715 0.0352939 0.00887372 0.394423 0.00516807 
0.000109857 0.0323365 0.148876 0.071356 0.00021772 8.05708e-08 4.3408e-06 3.25075e-05 0.0872791 0.00421714 1.21874e-05 0.0204919 0.0116963 0.0197428 0.601427 0.00220071 
1.21655e-08 0.00330921 0.0235539 0.0467154 0.124207 1.91482e-07 2.09013e-05 1.13226e-06 0.0507772 0.00299765 7.57387e-09 0.0903918 0.0344809 0.000154293 0.62339 3.86547e-07 
0.000221622 0.0125266 0.000700567 0.0449046 0.00252837 3.52876e-11 4.98345e-08 3.56884e-09 0.0283761 0.000107486 1.89929e-11 0.00346177 0.119776 0.0340154 0.752723 0.000658459 
0.000419939 0.0852756 0.008032 0.132387 0.017184 2.49692e-06 7.33215e-05 4.61164e-05 0.104774 0.0290571 4.51608e-06 0.0364071 0.11612 0.018675 0.45082 0.000721921 
0.000109857 0.0323365 0.148876 0.071356 0.00021772 8.05708e-08 4.3408e-06 3.25075e-05 0.0872791 0.00421714 1.21874e-05 0.0204919 0.0116963 0.0197428 0.601427 0.00220071 
9.85533e-06 0.0719692 0.00288055 0.0575928 0.0685837 6.21499e-06 4.17605e-05 7.61706e-05 0.207602 0.0115898 0.000335437 0.103814 0.044177 0.00159336 0.428627 0.00110119 
1.17612e-10 0.0513733 1.28659e-06 0.170592 6.67267e-07 1.90592e-07 1.33432e-10 2.02609e-07 4.92043e-06 0.0393495 0.00474748 0.315285 0.0908536 7.15413e-07 0.326902 0.000889096 
0.000532845 0.0103803 0.0102627 0.068706 0.000182587 4.09533e-07 7.9518e-07 2.6306e-05 0.0302094 0.0211712 8.33153e-10 0.00255218 0.188713 0.00970654 0.655366 0.00218947 
0.000308862 0.053989 0.00559419 0.0748661 0.00263325 2.33121e-09 9.92893e-06 3.86152e-06 0.159588 0.0116416 0.00034674 0.163318 0.00417972 0.000383269 0.522915 0.000222188 
0.0902367 0.104463 0.104848 0.0188127 0.0387131 1.52689e-05 3.28293e-06 0.000105435 0.21221 0.0162006 1.75188e-08 0.0367522 0.017952 4.5312e-07 0.359619 6.85075e-05 
0.00353878 0.108267 0.0410758 0.178526 0.00977422 1.63415e-05 5.59141e-06 5.43309e-05 0.048224 0.0218367 0.000267786 0.19785 0.110642 0.0016246 0.277716 0.000581446 
0.0242842 0.0821875 0.0344959 0.0559566 0.0992094 4.67487e-06 3.70148e-05 5.8285e-05 0.291832 0.00436199 1.26967e-06 0.0474932 0.031103 0.0169607 0.311792 0.000221938 
0.00255082 0.00470441 7.81962e-07 0.21559 2.13491e-09 9.01031e-09 3.74916e-05 1.94455e-09 0.0119818 0.00116747 5.66636e-06 0.0173216 0.100756 8.21729e-07 0.645881 1.47482e-06 
0.000109857 0.0323365 0.148876 0.071356 0.00021772 8.05708e-08 4.3408e-06 3.25075e-05 0.0872791 0.00421714 1.21874e-05 0.0204919 0.0116963 0.0197428 0.601427 0.00220071 
0.0008517 0.0859456 0.0485669 0.0332708 0.000894137 0.000251214 0.000901677 5.34224e-05 0.0131294 0.00352905 0.000714084 0.00120541 0.129981 0.0019173 0.678714 7.40139e-05 
6.79018e-07 0.0182862 0.0111769 0.423342 2.05353e-05 1.46715e-05 0.000660168 1.23314e-07 0.0101275 0.0108303 0.00173199 0.0571191 0.0244925 0.00852275 0.433617 5.69367e-05 
0.00403523 0.0571021 0.0252884 0.270834 0.00186324 0.000112844 0.000139872 5.41858e-05 0.125684 0.00469541 1.60866e-05 0.00829637 0.176438 0.043068 0.276344 0.00602888 
0.000109857 0.0323365 0.148876 0.071356 0.00021772 8.05708e-08 4.3408e-06 3.25075e-05 0.0872791 0.00421714 1.21874e-05 0.0204919 0.0116963 0.0197428 0.601427 0.00220071 
0.000141052 0.0370423 0.0109915 0.0896073 0.00933812 2.17922e-05 0.000498541 6.20504e-05 0.024364 0.213321 0.000203331 0.0330914 0.253331 0.000173058 0.326661 0.00115266 
1.21655e-08 0.00330921 0.0235539 0.0467154 0.124207 1.91482e-07 2.09013e-05 1.13226e-06 0.0507772 0.00299765 7.57387e-09 0.0903918 0.0344809 0.000154293 0.62339 3.86547e-07 
2.52072e-07 0.000918703 0.000664804 0.00352476 0.000251468 4.06972e-11 7.47954e-08 5.35459e-09 0.0193333 1.95225e-08 2.19045e-11 6.39634e-07 0.0332554 0.000501139 0.940699 0.0008502 
0.000100296 0.00608014 6.71269e-05 0.166029 0.0248704 3.74468e-09 6.43588e-06 1.85929e-05 0.00636647 0.000608777 1.0786e-07 0.0231707 0.245466 0.00494034 0.518505 0.00377078 
0.00116592 0.0461663 0.0319447 0.183942 0.00358454 3.86623e-06 0.00327853 3.72983e-05 0.0272505 0.0304425 0.000140551 0.0866162 0.0632015 0.00072101 0.521499 5.58527e-06 
0.00659166 0.0965424 0.000107166 0.00010923 0.00012542 2.49515e-06 2.4473e-06 5.38487e-07 7.42334e-05 0.000351379 1.34297e-06 3.00573e-07 0.297835 3.30511e-07 0.598255 1.59304e-06 
2.54693e-11 2.59222e-07 1.20783e-08 0.101488 6.98032e-12 2.94601e-11 2.88952e-11 9.5432e-09 3.43237e-07 3.83593e-12 1.58564e-11 8.1659e-09 0.00114923 7.56781e-06 0.897355 1.95633e-07 
1.41661e-10 0.123152 0.0241439 0.0172833 5.6074e-06 6.02798e-08 3.21183e-07 1.19162e-08 0.267305 0.00094137 0.00835452 0.0904443 0.0513381 2.17048e-11 0.415464 0.00156712 
0.000387712 0.0109538 0.00273756 0.0644274 0.00103075 7.49448e-05 0.000330054 0.00718958 0.0640977 0.0917977 0.116062 0.0395785 0.0514056 0.00839945 0.541278 0.000248797 
0.000109857 0.0323365 0.148876 0.071356 0.00021772 8.05708e-08 4.3408e-06 3.25075e-05 0.0872791 0.00421714 1.21874e-05 0.0204919 0.0116963 0.0197428 0.601427 0.00220071 
0.000438505 0.0387091 0.010854 0.182012 0.00229675 4.53452e-06 1.65302e-05 9.63671e-08 0.019615 0.00595366 5.00945e-05 0.00607936 0.285409 0.000322242 0.446985 0.00125348 
0.000109857 0.0323365 0.148876 0.071356 0.00021772 8.05708e-08 4.3408e-06 3.25075e-05 0.0872791 0.00421714 1.21874e-05 0.0204919 0.0116963 0.0197428 0.601427 0.00220071 
5.30841e-07 0.0107527 8.27618e-06 0.0131196 6.61228e-06 4.04036e-05 0.00100304 2.2819e-06 0.0316371 0.0105592 2.80456e-06 0.0333611 0.0115953 8.9374e-05 0.887816 5.28335e-06 
0.00361619 0.0375823 0.0173321 0.0553468 0.0166125 1.62915e-07 0.000468532 0.000103912 0.00446621 0.00686208 0.000142676 0.0218413 0.0590413 0.00410045 0.768012 0.00447102 
0.000109857 0.0323365 0.148876 0.071356 0.00021772 8.05708e-08 4.3408e-06 3.25075e-05 0.0872791 0.00421714 1.21874e-05 0.0204919 0.0116963 0.0197428 0.601427 0.00220071 
0.000702664 0.26367 0.0097806 0.199274 0.00118857 6.0103e-08 1.18493e-07 1.15754e-05 0.0692302 0.00204604 1.01854e-10 0.00186176 0.10077 0.00188915 0.349575 8.18148e-08 
0.000152417 0.0718414 0.0408205 0.131735 0.00767657 3.31406e-06 0.00804161 0.00371911 0.200015 0.0503982 0.000508197 0.109411 0.0619121 0.0272824 0.285472 0.00101071 
6.09921e-07 0.0177317 0.0894071 0.329544 0.00262429 2.909e-05 9.93692e-08 5.82259e-05 0.052342 0.000282761 1.74971e-08 0.000772166 0.0912146 0.00520162 0.356355 0.0544363 
1.74823e-05 0.0645366 0.00554029 0.065058 0.00128776 0.000241958 6.01937e-05 0.0180562 0.061875 0.00793546 0.0142039 0.0582251 0.188786 0.00635369 0.506204 0.00161754 
0.000109857 0.0323365 0.148876 0.071356 0.00021772 8.05708e-08 4.3408e-06 3.25075e-05 0.0872791 0.00421714 1.21874e-05 0.0204919 0.0116963 0.0197428 0.601427 0.00220071 
5.86351e-07 0.0949501 0.164977 0.271631 0.00186559 2.87024e-05 3.06539e-08 5.81294e-05 0.0319787 0.00125838 1.15698e-05 0.00431656 0.0987686 0.0140926 0.302779 0.0132832 
0.000197071 0.0410059 0.00261757 0.0466814 0.0508243 6.13938e-06 0.0086849 0.000138511 0.0483301 0.00390294 3.44708e-08 0.0205169 0.0943932 0.00022269 0.681465 0.00101294 
0.000109857 0.0323365 0.148876 0.071356 0.00021772 8.05708e-08 4.3408e-06 3.25075e-05 0.0872791 0.00421714 1.21874e-05 0.0204919 0.0116963 0.0197428 0.601427 0.00220071 
2.37259e-05 0.103502 0.0896641 0.0901756 0.00625811 0.000110797 0.00118427 9.33816e-05 0.0697094 0.0271673 0.000129821 0.0373576 0.0719226 0.0317585 0.469522 0.00142065 
1.04941e-10 0.300946 0.0316674 0.0633051 0.0022467 3.94722e-08 2.45116e-06 2.7466e-07 0.246205 0.00486199 6.53328e-11 0.0112575 0.00933786 0.000333288 0.329667 0.000169646 
9.82726e-05 0.160443 0.024694 0.0550264 0.0164898 7.15807e-06 0.000166614 0.00308556 0.239389 0.0190133 1.84089e-05 0.0712187 0.0404859 0.0247634 0.344958 0.00014226 
0.00214538 0.0678411 0.00580256 0.237643 0.000694464 5.91116e-06 2.00851e-05 1.00027e-05 0.0653199 0.18473 3.01301e-05 0.00407615 0.00577848 0.117818 0.307883 0.000201922 
0.00152034 0.06763 0.146234 0.133132 0.000120424 3.74676e-07 2.26892e-06 4.38437e-10 0.00470727 0.149502 1.40401e-06 0.0329187 0.0143129 0.000246439 0.441429 0.00824306 
0.000109857 0.0323365 0.148876 0.071356 0.00021772 8.05708e-08 4.3408e-06 3.25075e-05 0.0872791 0.00421714 1.21874e-05 0.0204919 0.0116963 0.0197428 0.601427 0.00220071 
7.87465e-07 0.0306912 0.103235 0.18866 0.0264993 5.38032e-09 1.48222e-05 0.00100607 0.0494007 0.019455 8.10161e-05 0.033261 0.0835588 0.0074555 0.456562 0.00011907 
0.00162833 0.0536875 0.00109407 0.05771 0.0807399 3.8905e-06 0.00029846 0.000963978 0.0593868 0.153032 3.6679e-05 0.0491841 0.112736 4.85165e-05 0.429343 0.000106496 
0.000982278 0.128939 0.144385 0.0255015 0.0485111 0.000988642 0.000308722 0.000107812 0.114165 0.0824765 2.16007e-08 0.0612257 0.052444 0.0101647 0.325859 0.003941 
0.000109857 0.0323365 0.148876 0.071356 0.00021772 8.05708e-08 4.3408e-06 3.25075e-05 0.0872791 0.00421714 1.21874e-05 0.0204919 0.0116963 0.0197428 0.601427 0.00220071 
2.79033e-06 0.00587589 0.00855264 0.00628858 0.0208017 3.22755e-06 0.00696764 6.9655e-07 0.0127238 0.00403485 1.73717e-06 3.888e-07 0.0131972 4.27526e-07 0.887958 0.0335908 
5.18858e-07 0.114645 0.0220431 0.0829268 0.00166013 3.16682e-06 1.63541e-05 1.78156e-05 0.00373692 0.00272921 1.60686e-06 0.00828564 0.165511 0.00745441 0.590308 0.000659518 
0.0016402 0.0248196 0.0542368 0.132697 0.00242376 0.000652911 2.34807e-06 2.12806e-05 0.0808953 0.0518065 1.3684e-06 0.000408148 0.161623 0.0597475 0.428554 0.000470942 
0.000122334 0.00743105 8.20107e-05 0.132515 0.0265665 3.62099e-09 7.81164e-06 2.26769e-05 0.00251561 0.000743985 1.29901e-07 0.0283182 0.287023 0.00603797 0.507924 0.000689769 
0.000410822 0.0777191 0.206115 0.10773 0.00678463 0.00017558 0.000313168 1.42772e-05 0.0456195 0.0431253 0.000233613 0.00758276 0.249647 0.00110406 0.253406 2.00422e-05 
0.00259519 0.13922 0.0675738 0.109706 0.00222547 2.39159e-05 0.00243764 1.89691e-05 0.122349 0.0475761 1.15644e-06 0.0892231 0.0420831 0.00106037 0.372851 0.00105576 
0.000151812 0.0782846 0.018393 0.191639 0.00369006 0.00127681 6.99644e-05 0.000219754 0.152325 0.0537441 4.81797e-06 0.15576 0.0581457 0.00208139 0.259786 0.0244282 
0.00142236 0.0249587 0.0420858 0.0155468 0.00354838 9.39424e-06 0.00515644 9.89956e-05 0.00649969 0.0216296 0.00145898 0.05794 0.0367387 0.00232294 0.779793 0.000790115 
7.56757e-05 0.0335905 0.00571762 0.00158413 0.0554402 6.5417e-10 2.80234e-07 2.34368e-06 0.0484045 0.000238195 2.19463e-07 0.0155621 0.042155 0.00339988 0.793108 0.000721223 
7.26515e-07 0.173742 0.048945 0.0211545 0.01333 1.19343e-06 0.0017048 7.19701e-05 0.0507963 0.0250071 1.02233e-09 0.087428 0.134599 0.00205937 0.440986 0.000174242 
0.00120099 0.0765885 0.0288033 0.101053 0.0259302 2.13102e-06 3.569e-09 3.74861e-06 0.168688 0.00185197 1.99516e-07 0.019026 0.0425227 0.0013211 0.532382 0.000626217 
0.00344214 0.0724108 0.0121773 0.122284 0.0175844 1.09674e-05 0.000615993 1.06546e-05 0.321843 0.0204009 2.90847e-06 0.0100336 0.0815597 0.0115589 0.325168 0.000896624 
0.000109857 0.0323365 0.148876 0.071356 0.00021772 8.05708e-08 4.3408e-06 3.25075e-05 0.0872791 0.00421714 1.21874e-05 0.0204919 0.0116963 0.0197428 0.601427 0.00220071 
2.87455e-05 0.229349 0.0846013 0.0806912 0.00803177 6.71633e-05 0.000184615 1.23066e-05 0.156661 0.00273705 0.000355931 0.0167678 0.0246659 0.0559852 0.328363 0.0114986 
0.000109857 0.0323365 0.148876 0.071356 0.00021772 8.05708e-08 4.3408e-06 3.25075e-05 0.0872791 0.00421714 1.21874e-05 0.0204919 0.0116963 0.0197428 0.601427 0.00220071 
0.000157344 0.0250802 0.00638567 0.0699115 0.0435605 3.60704e-08 1.47716e-07 4.17727e-05 0.0230501 0.000276687 5.70328e-06 0.00741085 0.0336405 0.00161915 0.788312 0.000548157 
0.0241329 0.00143376 0.000642844 0.449354 0.000103382 6.02667e-07 5.91111e-07 1.30064e-07 0.00205772 0.000625763 0.00211719 0.00558187 0.0169352 0.00371245 0.491382 0.00191949 
8.40567e-06 0.0378264 0.00414966 0.265712 6.26622e-06 2.90054e-06 2.54867e-09 5.08711e-07 0.00283712 1.50968e-06 2.61274e-05 0.132001 0.0218175 0.0348071 0.500803 1.19659e-06 
0.000197882 0.124877 0.032864 0.0267329 0.004514 0.000102974 0.000159104 2.89894e-05 0.0337406 0.00773955 0.0006529 0.310177 0.0374728 0.000740904 0.418547 0.00145171 
0.00171311 0.0140009 1.0878e-08 0.0585433 0.0575538 2.1397e-05 1.45758e-07 0.00010968 1.23103e-05 0.0189733 7.99856e-08 0.0225884 0.0996641 0.00102889 0.72297 0.00281999 
2.83831e-06 0.0624825 0.0435492 0.067744 0.00690272 3.07679e-05 0.00102515 1.5186e-05 0.266636 0.00194041 4.95751e-10 0.0105345 0.0506418 0.00310032 0.324975 0.16042 
6.4486e-08 0.0087051 7.89632e-05 0.0697432 4.69934e-08 3.8803e-09 7.91262e-12 5.06727e-07 0.0028359 7.90718e-08 6.36036e-07 5.76145e-06 0.000208488 0.000923065 0.917443 5.50162e-05 
3.88683e-06 0.11867 0.00594599 0.064003 0.00116533 7.96409e-10 2.48286e-07 3.33971e-09 0.0210815 0.000853576 2.2145e-07 0.000392558 0.00131508 0.000171297 0.786397 6.54851e-08 
3.38111e-05 0.103917 0.0585196 0.0541633 0.00349778 2.67837e-05 0.00048977 8.86547e-06 0.0523627 0.00197444 0.00397856 0.0220421 0.0407196 0.00196378 0.655394 0.000908243 
0.00912788 0.0154181 1.95826e-06 0.00658048 8.0562e-06 6.56135e-07 0.00124005 4.90196e-06 0.00768427 0.0319894 8.89701e-07 0.0265596 0.127623 0.000555974 0.773065 0.000139499 
0.000109857 0.0323365 0.148876 0.071356 0.00021772 8.05708e-08 4.3408e-06 3.25075e-05 0.0872791 0.00421714 1.21874e-05 0.0204919 0.0116963 0.0197428 0.601427 0.00220071 
6.6464e-07 0.0427066 0.0018715 0.0137512 9.59434e-05 1.86741e-06 8.52372e-07 2.67587e-05 0.354602 0.0208016 2.44697e-10 0.0145044 0.00441311 0.00211285 0.544531 0.000579964 
6.67082e-12 8.86346e-05 9.43228e-05 0.0677522 1.51033e-07 7.71609e-12 7.56813e-12 4.52691e-07 1.95152e-05 1.00469e-12 4.15304e-12 9.29501e-13 3.00248e-05 1.0559e-05 0.932004 6.55272e-09 
0.000109857 0.0323365 0.148876 0.071356 0.00021772 8.05708e-08 4.3408e-06 3.25075e-05 0.0872791 0.00421714 1.21874e-05 0.0204919 0.0116963 0.0197428 0.601427 0.00220071 
0.000109857 0.0323365 0.148876 0.071356 0.00021772 8.05708e-08 4.3408e-06 3.25075e-05 0.0872791 0.00421714 1.21874e-05 0.0204919 0.0116963 0.0197428 0.601427 0.00220071 
0.000322901 0.0215086 2.86225e-08 0.00545225 0.0104323 5.90644e-07 8.90554e-09 1.03251e-05 0.0480701 0.161153 0.0324316 0.0700479 0.000362725 8.57981e-05 0.648639 0.00148295 
0.000708573 0.0717581 2.99891e-06 0.042667 0.00312051 3.91779e-07 3.84267e-07 0.000512283 0.000378985 0.138713 2.10868e-07 0.0831356 0.0119921 0.00341289 0.642439 0.00115837 
2.54693e-11 2.59222e-07 1.20783e-08 0.101488 6.98032e-12 2.94601e-11 2.88952e-11 9.5432e-09 3.43237e-07 3.83593e-12 1.58564e-11 8.1659e-09 0.00114923 7.56781e-06 0.897355 1.95633e-07 
0.000766699 0.0610477 0.030807 0.0122553 0.0276052 1.27294e-05 1.39784e-05 6.74905e-06 0.0724733 0.000857963 1.10285e-07 0.0196817 0.156486 0.0253662 0.591833 0.000786362 
0.0040151 0.102348 0.0291636 0.0922559 0.00354798 1.12896e-05 0.00451318 0.00112226 0.06069 0.00382894 0.00157963 0.113556 0.0624795 0.00416628 0.515047 0.00167546 
0.000114352 0.109979 0.0077726 0.0682509 0.00465788 4.73634e-06 0.00268266 9.60178e-06 0.0471326 0.0125487 0.00658248 0.0580234 0.0453408 0.000624138 0.635734 0.000542574 
7.86711e-05 0.131403 0.00465047 0.0207324 0.00671068 7.25025e-06 0.000100849 0.000102676 0.0724333 0.147054 1.24925e-05 0.0107132 0.0366301 0.00102361 0.568313 3.42169e-05 
0.0166304 0.065233 0.0401525 0.190041 0.00681175 0.00568163 6.2899e-07 7.83514e-06 0.225142 0.0392082 0.00054357 0.0071852 0.0354341 0.04697 0.315788 0.00517049 
0.000555637 0.198667 0.0152655 0.00771349 6.09577e-06 3.44604e-05 0.000918394 4.81833e-06 0.287463 0.000571757 9.3427e-05 0.0132358 0.125597 1.50395e-05 0.349112 0.000746588 
4.63461e-05 0.0428681 0.00191215 0.00971823 0.000170343 7.53352e-06 5.94362e-05 1.69016e-05 0.268442 0.017279 1.95587e-08 0.011921 0.00144246 0.00190637 0.644 0.000210621 
7.56757e-05 0.0335905 0.00571762 0.00158413 0.0554402 6.5417e-10 2.80234e-07 2.34368e-06 0.0484045 0.000238195 2.19463e-07 0.0155621 0.042155 0.00339988 0.793108 0.000721223 
0.00739305 0.211793 0.0337964 0.159442 0.00187508 5.45315e-06 1.19035e-05 2.68315e-05 0.166671 0.00840391 0.000286559 0.0590183 0.137343 0.000874384 0.21236 0.000698595 
0.000180862 0.0613404 0.00530095 0.0834598 0.00153691 9.56843e-08 5.91728e-06 2.27989e-06 0.129649 0.00679216 0.000203037 0.12209 0.00573551 0.000471119 0.583055 0.000176652 
5.55705e-05 0.0249291 0.00956803 0.0400868 0.00104963 1.70492e-05 0.0176901 2.26813e-05 0.00983286 0.00274701 4.02459e-10 0.00246127 0.331784 0.00115046 0.558579 2.66862e-05 
0.000133161 0.044015 0.00286396 0.00491847 0.000713385 9.67372e-08 6.25954e-06 2.91639e-07 0.0357386 0.0101126 3.00902e-06 0.0309003 0.0445031 0.0029967 0.820199 0.00289604 
0.00130025 0.177848 0.116104 0.179901 0.0115719 1.90993e-05 0.000257895 1.57946e-05 0.0686927 0.00786678 3.13912e-05 0.0316882 0.129684 0.00166795 0.273281 6.94952e-05 
3.42397e-06 0.241311 0.00477974 0.00830972 9.84135e-09 4.1535e-08 7.91724e-06 7.86481e-07 0.268059 0.000324958 5.11243e-06 0.0523754 0.00196998 1.8279e-07 0.314704 0.108148 
0.00246861 0.0778373 0.0456279 0.0475559 0.00120803 5.94681e-07 0.000154242 1.95223e-05 0.0704858 0.020358 4.51895e-05 0.032801 0.252626 0.00779355 0.439536 0.00148224 
0.00077572 0.337021 0.043661 0.0831411 0.00629873 5.12568e-06 8.75219e-06 0.00535824 0.0632446 0.00543572 4.85773e-06 0.024882 0.0548353 0.00450353 0.37069 0.00013417 
0.00135694 0.163293 0.0215592 0.0921576 0.0284421 0.000229463 0.0105377 3.28863e-05 0.0443331 0.0575359 0.00114017 0.173768 0.113257 0.0389128 0.251935 0.0015094 
0.000109857 0.0323365 0.148876 0.071356 0.00021772 8.05708e-08 4.3408e-06 3.25075e-05 0.0872791 0.00421714 1.21874e-05 0.0204919 0.0116963 0.0197428 0.601427 0.00220071 
0.00217227 0.14983 0.00128511 0.0637162 0.000859147 2.43151e-05 1.76807e-05 2.84215e-09 0.00241821 2.24737e-05 9.77965e-08 0.00337168 0.287375 0.000329633 0.488558 1.94772e-05 
0.00661578 0.0226513 0.00230038 0.0158241 0.0150747 2.97902e-05 0.000380979 3.37117e-05 0.0193792 0.0225141 2.18481e-06 0.00625377 0.0770904 0.000284716 0.810475 0.00108971 
5.86576e-07 0.0507799 0.1088 0.288653 0.00364633 2.87036e-05 3.14958e-08 0.000131399 0.103126 0.00490543 5.54452e-09 0.00502494 0.0890691 0.00793159 0.312477 0.0254253 
0.00849917 0.0613911 0.0430364 0.115512 0.00488601 0.000188548 0.0011239 2.16457e-05 0.0642087 0.0168875 4.02233e-05 0.0110319 0.117102 0.0124731 0.514245 0.0293525 
0.000140888 0.149489 0.00713247 0.0467899 0.19828 1.04932e-05 0.0264264 2.49651e-06 0.0470439 0.0176924 2.75153e-07 0.0320156 0.188611 0.00636152 0.279939 6.43899e-05 
1.28014e-05 0.0896502 0.00259898 0.20694 0.0101221 2.66929e-05 3.27316e-05 4.02852e-05 0.129161 0.00474603 0.00240295 0.0398774 0.146863 0.0142442 0.353124 0.000158232 
0.000409055 0.0622471 0.0521876 0.196659 0.00725692 3.34059e-06 1.24845e-09 0.0245049 0.140687 0.0129878 4.88286e-05 0.00965414 0.104566 0.0174702 0.370905 0.00041249 
0.00096752 0.00426181 0.00897682 0.0249912 0.00127855 1.23858e-06 0.000150427 0.00257136 0.0653149 0.000822868 3.80536e-06 0.0696581 0.118811 0.0932416 0.608947 1.84575e-06 
0.000109857 0.0323365 0.148876 0.071356 0.00021772 8.05708e-08 4.3408e-06 3.25075e-05 0.0872791 0.00421714 1.21874e-05 0.0204919 0.0116963 0.0197428 0.601427 0.00220071 
9.36083e-08 0.0121012 0.000285361 0.056989 7.69066e-05 1.68157e-08 7.95015e-05 8.81329e-10 0.0139018 0.00159696 4.17157e-11 0.0104366 0.029801 0.000284345 0.873028 0.00141889 
0.000109857 0.0323365 0.148876 0.071356 0.00021772 8.05708e-08 4.3408e-06 3.25075e-05 0.0872791 0.00421714 1.21874e-05 0.0204919 0.0116963 0.0197428 0.601427 0.00220071 
0.000202397 0.0876949 0.0233562 0.0196862 0.00318347 0.00039165 0.00503217 0.000115795 0.0450882 0.131125 0.000128569 0.115365 0.0413569 0.000113677 0.526677 0.000483441 
0.000257338 0.0392686 0.0103421 0.273047 0.000575649 2.13002e-05 0.000217267 8.78018e-06 0.131522 0.0490352 8.14176e-05 0.0233742 0.0191508 0.0199641 0.432808 0.00032569 
8.6183e-07 0.0597889 0.00262002 0.0134902 0.000134207 2.60394e-06 1.10527e-06 1.70887e-05 0.375324 0.0239445 2.86915e-10 0.0165711 0.00197974 0.00255947 0.503316 0.000250675 
0.000109857 0.0323365 0.148876 0.071356 0.00021772 8.05708e-08 4.3408e-06 3.25075e-05 0.0872791 0.00421714 1.21874e-05 0.0204919 0.0116963 0.0197428 0.601427 0.00220071 
2.52072e-07 0.000918703 0.000664804 0.00352476 0.000251468 4.06972e-11 7.47954e-08 5.35459e-09 0.0193333 1.95225e-08 2.19045e-11 6.39634e-07 0.0332554 0.000501139 0.940699 0.0008502 
0.00148044 0.000862867 0.00387173 0.152308 0.000243428 2.62576e-06 4.16408e-11 0.00768932 0.0960453 0.00123735 7.8775e-08 0.0005073 0.00905214 0.00243821 0.645971 0.0782908 
0.000109857 0.0323365 0.148876 0.071356 0.00021772 8.05708e-08 4.3408e-06 3.25075e-05 0.0872791 0.00421714 1.21874e-05 0.0204919 0.0116963 0.0197428 0.601427 0.00220071 
1.23404e-06 0.0144688 0.00127804 0.00470041 0.000113423 9.59904e-07 0.00250766 1.47178e-05 0.0119406 0.0158611 8.78231e-06 0.0501699 0.0180161 0.000329042 0.880563 2.65699e-05 
2.3828e-05 0.167513 0.0980744 0.0488832 0.00367909 5.74226e-07 0.000782179 1.85182e-09 0.0469832 0.00536258 0.000117776 0.177284 0.0265269 0.0347766 0.389956 3.67955e-05 
1.5943e-09 0.202904 0.0744167 0.0780571 5.48309e-05 2.0555e-06 8.68484e-06 4.13816e-06 0.182772 0.000787603 9.92558e-10 0.00239055 0.100533 0.00181738 0.35622 3.13053e-05 
3.1973e-07 0.0170983 0.109061 0.308652 0.000418428 6.07605e-11 7.92564e-08 1.47443e-05 0.0197488 0.000697852 1.23373e-06 0.00673727 0.0351728 0.0567047 0.441447 0.00424595 
7.73142e-07 0.00355072 0.000317311 0.0138727 0.00464908 1.97617e-07 2.29755e-07 1.65177e-08 0.0265442 5.99087e-08 3.2444e-10 0.00059203 0.0771445 0.000240245 0.872682 0.000406274 
0.0010052 0.111938 0.0315803 0.166262 0.00367365 9.49182e-06 4.4271e-05 6.73934e-07 0.175527 0.00712713 4.97569e-06 0.0689227 0.018816 0.0427479 0.371699 0.000642328 
0.00018896 0.0301213 0.00248307 0.203986 0.000978682 2.04608e-07 0.0041293 4.78462e-06 0.0705977 0.00130763 1.32805e-06 0.00493531 0.0547274 0.0225279 0.602976 0.00103422 
0.000109857 0.0323365 0.148876 0.071356 0.00021772 8.05708e-08 4.3408e-06 3.25075e-05 0.0872791 0.00421714 1.21874e-05 0.0204919 0.0116963 0.0197428 0.601427 0.00220071 
0.00122059 0.109193 0.0424315 0.25444 0.0165335 2.14741e-08 4.26425e-08 9.16859e-06 0.0295237 0.00073871 2.65187e-05 0.0157651 0.0641456 0.0103474 0.454502 0.00112322 
0.000109857 0.0323365 0.148876 0.071356 0.00021772 8.05708e-08 4.3408e-06 3.25075e-05 0.0872791 0.00421714 1.21874e-05 0.0204919 0.0116963 0.0197428 0.601427 0.00220071 
0.000109857 0.0323365 0.148876 0.071356 0.00021772 8.05708e-08 4.3408e-06 3.25075e-05 0.0872791 0.00421714 1.21874e-05 0.0204919 0.0116963 0.0197428 0.601427 0.00220071 
0.00354125 0.0688181 0.0257234 0.0774308 0.00306028 1.27929e-05 0.000897762 7.98678e-05 0.0128159 0.0210253 0.000336866 0.0187329 0.104253 0.0131535 0.64969 0.000428488 
