5.11042e-05 0.141548 0.289193 0.0196044 0.0437612 0.00254037 0.000125414 0.000781299 0.139978 0.0592611 0.000564954 0.0193925 0.275507 0.00146402 0.00616356 6.44051e-05 
9.87279e-07 0.0860291 0.458713 0.00339171 0.00884376 4.2487e-07 0.00666336 3.39268e-05 0.254357 0.0523186 2.01327e-08 0.0981271 0.0157813 0.0106298 0.00384171 0.00126848 
5.83071e-06 0.0543717 0.388616 0.191227 0.0118748 0.000108146 1.05612e-05 0.0275436 0.119999 0.10004 0.0004685 0.0303838 0.0617879 0.010252 0.00326642 4.47685e-05 
7.67405e-05 0.0398288 0.741283 0.00221972 0.00023396 0.000113913 0.00046875 2.14733e-05 0.00512474 0.00264374 0.000299701 0.181053 0.0244852 9.2354e-05 0.00200635 4.85465e-05 
0.00135641 0.205069 0.293309 0.0625505 0.00816955 0.000390708 0.000722481 8.57378e-05 0.253528 0.0528883 0.000141563 0.0131418 0.0588887 0.0239662 0.0246492 0.00114404 
0.00021209 0.252743 0.357221 0.0263857 0.0496251 2.99172e-07 0.000156849 0.0156566 0.196785 0.0234419 1.61512e-11 0.0173543 0.0218758 0.0307555 0.00458463 0.00320226 
0.000119431 0.196042 0.714678 0.0190618 0.00047767 1.02437e-05 7.62208e-06 5.59078e-06 0.0105022 0.00220639 0.0167004 0.00397985 0.0341462 3.92297e-05 0.00200679 1.7173e-05 
0.00250618 0.0735995 0.441337 0.00343175 0.0838192 3.51052e-05 6.39328e-05 0.108966 0.0584517 0.0170915 0.0124836 0.124546 0.0692172 0.00268226 0.00114079 0.000628306 
1.82161e-08 0.0863036 0.395252 0.0636972 0.00715223 1.1036e-05 1.94804e-06 3.13836e-05 0.0270411 0.00809285 0.0347603 0.00328603 0.331913 0.0253982 0.0170586 8.2452e-09 
0.000250508 0.0957563 0.500827 0.0288021 0.0108807 8.62806e-06 8.12734e-05 0.000266221 0.241878 0.0049137 0.00477394 0.0369091 0.031955 0.0301717 0.0122697 0.000256312 
8.0437e-09 0.201331 0.37335 0.00115969 0.0121765 1.09236e-06 5.99827e-05 0.0252731 0.123491 0.0185372 0.00266271 0.160531 0.0802139 1.193e-05 0.0011451 5.59814e-05 
0.000687575 0.138198 0.512612 0.0255638 0.0106035 0.000254673 0.00093925 0.00292601 0.0668674 0.0549341 0.00627207 0.0879697 0.0532585 0.0288405 0.0090078 0.00106515 
0.00596916 0.216965 0.609367 0.0238675 0.00833394 1.04111e-07 3.88921e-05 1.65878e-05 0.0417767 0.0485148 1.04983e-05 0.00542471 0.0176334 0.0173226 0.00403848 0.000720296 
0.0181993 0.186247 0.579798 0.022568 0.0122286 3.07777e-05 0.000797159 0.00621533 0.0186075 0.0221875 9.36309e-05 0.0677058 0.0523187 0.00557538 0.00703203 0.000395722 
9.23788e-06 0.0253152 0.229902 0.00447121 0.209565 3.99295e-05 1.78101e-05 0.115954 0.125631 0.00602103 0.00345142 0.196217 0.078348 0.00210383 0.00286954 8.40964e-05 
0.00105007 0.0508222 0.320669 0.187818 0.00753441 1.34392e-06 1.88446e-07 0.000200008 0.100024 0.0152215 5.16688e-06 0.0469433 0.0300716 0.00296061 0.0538901 0.182789 
0.00304662 0.0855148 0.294604 0.02468 0.15862 0.00253445 0.00139414 0.0333918 0.1057 0.0257126 0.00812953 0.171351 0.0517006 0.0219658 0.00867393 0.00298086 
1.97464e-05 0.0273152 0.273838 0.0445652 0.112027 1.57778e-05 9.52311e-07 0.000171606 0.199392 0.130128 3.76623e-08 0.131893 0.0514605 0.00910482 0.0171108 0.00295879 
1.72076e-08 0.190142 0.673335 0.00136993 0.000104131 0.000229285 6.40637e-12 3.95988e-05 0.0536564 0.0407552 3.51552e-12 0.0142917 0.0254062 2.78756e-05 0.000642296 4.17015e-12 
1.70048e-05 0.205921 0.462033 0.00671416 0.0306677 9.47752e-05 0.000125099 0.0170414 0.163999 0.0141771 0.0070266 0.0191511 0.0469631 0.0232466 0.00258576 0.000235955 
6.00201e-05 0.190075 0.274558 0.0383148 0.0171587 1.35779e-05 0.000702361 0.00775681 0.07278 0.232189 0.00216914 0.0786833 0.0374376 0.0382495 0.00930186 0.000551603 
0.000195789 0.105529 0.376783 0.000327703 0.00366041 5.41247e-06 0.000232047 0.000663511 0.0396344 0.0542064 6.87637e-05 0.362516 0.0405093 3.70963e-05 0.0156214 1.00747e-05 
3.72039e-05 0.109298 0.332448 0.0520958 0.00994969 2.49203e-05 7.67974e-05 2.50437e-05 0.0734909 0.0581189 0.000248145 0.067203 0.243227 0.00369204 0.0499832 8.09096e-05 
1.88355e-08 0.0249294 0.751635 0.00105481 0.000222034 1.1489e-06 0.00531881 4.92484e-06 0.00396669 0.00620766 1.17264e-08 0.196013 0.00481998 1.46256e-05 0.00560926 0.000202924 
8.04286e-05 0.271834 0.287683 0.0733562 0.0163681 7.91843e-06 0.000524477 0.0142778 0.155296 0.00395488 0.00246537 0.0119622 0.049495 0.0316564 0.0805271 0.000511171 
2.33143e-06 0.145979 0.462818 0.0111488 0.00577579 3.03522e-06 0.00345223 8.04349e-05 0.0308037 0.00672044 0.000240567 0.0303129 0.276813 0.0099152 0.0158227 0.000111697 
2.02773e-05 0.0511309 0.506514 0.0350376 0.00417114 7.50633e-07 0.0876588 4.37339e-05 0.0327009 0.0385085 0.0560946 0.036695 0.0605083 0.0155883 0.0713035 0.00402376 
5.89216e-07 0.00312158 0.871596 0.000965798 3.55683e-06 0.000132969 0.00173974 2.38735e-05 0.0316462 0.00495441 5.36791e-05 4.83029e-06 0.0856067 8.65343e-06 2.93857e-05 0.000112301 
0.00341434 0.275301 0.378578 0.0330858 0.00802992 3.55829e-05 1.67117e-05 0.00787538 0.0390967 0.0882205 0.000327994 0.0875729 0.0362794 0.0337146 0.00565458 0.00279652 
0.00231201 0.156063 0.351213 0.0600383 0.0172797 0.000311613 0.0038571 3.37354e-05 0.0935616 0.0483599 0.0471199 0.127522 0.0771094 0.000363225 0.0133341 0.00152182 
0.0017081 0.0931753 0.501014 0.0102886 0.00402011 1.03049e-05 0.000195878 0.000136889 0.0888953 0.0447779 3.92142e-06 0.00483355 0.239791 0.00253758 0.0081837 0.000427949 
1.19206e-07 0.0303871 0.632896 0.00382743 0.00600769 1.29041e-08 4.57075e-06 6.36859e-05 0.00481812 0.00024017 5.56883e-08 0.312033 0.00225031 1.3951e-05 0.000795648 0.0066625 
5.5803e-09 0.0343715 0.908424 0.000838935 0.00496815 2.2844e-09 6.88111e-09 3.22597e-06 0.00878969 0.00252635 5.21832e-12 0.0387663 0.000211589 0.000627314 0.0004725 1.69926e-07 
2.85405e-07 0.210635 0.636045 0.0187549 0.000141147 6.44931e-05 0.000111235 4.0911e-05 0.106311 0.000432929 0.000510294 0.00261194 0.0136869 0.00107154 0.00958064 1.33775e-06 
3.77803e-06 0.0763963 0.359711 0.061949 0.0675629 1.04288e-05 6.03659e-11 0.105365 0.075726 0.0135596 0.00736924 0.198816 0.0274447 0.00169892 0.00438717 3.12497e-08 
2.87022e-06 0.269804 0.326316 0.0540202 0.0113819 0.000474576 4.58857e-06 2.64393e-05 0.107646 0.0229395 4.36762e-09 0.0147733 0.16833 0.000501638 0.0237233 5.51007e-05 
0.00014608 0.0322102 0.290958 0.0738834 0.129596 3.85e-06 5.16273e-10 0.00533641 0.155094 0.00992075 0.00540644 0.0424402 0.0844527 0.00377709 0.164624 0.00215183 
6.46942e-05 0.240305 0.340024 0.0123259 0.019134 6.69123e-07 0.00240491 0.00253553 0.0509518 0.0162132 0.000488577 0.223351 0.0707482 0.0133906 0.00806095 7.3001e-07 
3.52024e-05 0.183359 0.590076 0.029219 0.00102672 0.000352214 2.84156e-05 4.32483e-05 0.0488046 0.0202278 0.00264787 0.00744877 0.106763 0.00283658 0.00712243 9.44203e-06 
0.000904219 0.15326 0.423423 0.118348 0.0341399 1.90379e-06 5.89877e-06 1.40821e-05 0.0205484 0.0301633 2.47563e-09 0.0171725 0.147731 0.0371127 0.0171751 1.76798e-09 
7.11391e-05 0.000934742 0.907238 1.15363e-05 0.0415842 3.5761e-08 3.50753e-08 7.71771e-09 0.000213326 0.000664002 1.73422e-05 0.00051221 0.0483152 4.73695e-09 9.55255e-05 0.000342501 
0.000511214 0.168271 0.407426 0.0422123 0.0145566 3.40491e-05 0.00334825 0.00181715 0.133937 0.0369101 0.000487552 0.0670768 0.060549 0.0284596 0.0309527 0.003451 
2.06476e-06 0.315426 0.496467 0.0201243 0.0174323 9.03492e-06 1.46461e-05 3.27605e-05 0.0666399 0.00149486 0.00593616 0.0232381 0.043662 0.00482183 0.00458386 0.000114951 
0.0430635 0.0242924 0.492644 0.00850436 0.00410706 0.00015833 1.19205e-05 0.000257476 0.14025 0.200332 0.000379288 0.0155437 0.0655248 0.00283385 0.00174671 0.000351167 
1.85582e-07 0.292206 0.294276 0.0045377 0.0404077 1.20589e-07 0.000591031 0.0385575 0.278457 0.0111999 2.33094e-12 0.0258085 0.00263776 0.00811304 0.00219889 0.00100788 
0.000174809 0.152256 0.625553 0.0194803 0.00648524 0.00011601 0.000170102 4.81782e-05 0.0670573 0.0370899 0.00583155 0.0328931 0.0361176 0.00400535 0.0125848 0.000136464 
1.18981e-06 0.206796 0.522975 0.00834495 0.0137072 8.02855e-07 0.00024625 0.00337088 0.132992 0.0026948 0.00452357 0.0193927 0.0731852 0.00832082 0.00332788 0.00012044 
8.81521e-06 0.189871 0.243114 0.125819 0.0031026 4.5443e-05 8.45593e-05 1.84899e-05 0.108558 0.00191117 0.00804393 0.0259322 0.241584 0.00343644 0.0484058 6.31005e-05 
6.24932e-11 0.360423 0.435168 0.0187875 0.0325235 7.22854e-11 7.08993e-11 0.000896 0.0606963 0.051462 3.89063e-11 2.26836e-06 0.0389179 3.35221e-08 0.00112336 1.52345e-07 
1.06918e-07 0.34517 0.443378 0.0523403 0.000716645 0.000116006 0.000118205 1.00548e-05 0.0784909 0.00575801 2.11265e-07 0.0193715 0.0120452 0.00300952 0.0394131 6.23431e-05 
6.18369e-06 0.302617 0.312409 0.114304 0.0178876 6.52559e-08 0.000234748 7.43745e-06 0.145906 0.0314311 6.54556e-06 0.00220528 0.0391595 0.0198902 0.00174507 0.0121894 
0.0557912 0.0331816 0.29351 0.0102854 0.118778 7.74434e-06 0.00117726 0.00962004 0.120841 0.136018 0.00445464 0.0798579 0.0709749 0.0523748 0.00995333 0.00317421 
8.20537e-09 0.0400591 0.672403 0.0308668 0.000318574 0.000281061 3.81378e-06 3.443e-05 0.172732 0.0021055 2.75286e-12 0.000443425 0.0618428 0.00184012 0.015851 0.00121825 
0.000412435 0.324185 0.413475 0.0443545 0.00187127 1.26521e-06 0.000273608 2.97048e-05 0.100583 0.054533 0.000286851 0.0180057 0.0139308 0.0189565 0.00849216 0.000608947 
2.56924e-05 0.0763538 0.244828 0.179534 0.00636802 2.64607e-08 7.78292e-05 0.00250881 0.121768 0.117243 0.00343849 0.0809262 0.0336575 0.010723 0.122547 8.98072e-08 
1.47568e-05 0.298998 0.448529 0.0127507 0.00161629 0.00014093 6.79208e-05 0.0101095 0.12318 0.0121562 0.000972215 0.0150527 0.0674422 0.00104635 0.00624709 0.00167619 
2.61657e-05 0.227789 0.522793 0.000201883 0.000122097 4.49224e-07 3.10791e-07 7.79639e-08 0.220842 0.00361746 2.28296e-08 0.00825547 0.0159948 7.60567e-05 0.000258269 2.20677e-05 
0.000858092 0.361124 0.369204 0.0471169 0.00418172 0.000118621 0.000174048 5.33059e-05 0.103109 0.0158856 9.43286e-05 0.00358434 0.0594561 0.024857 0.00967688 0.000506164 
0.0128312 0.0196904 0.442064 0.0130272 0.00241145 0.0601996 0.000102791 0.00103842 0.0503058 0.00830622 3.82461e-05 0.00159059 0.348193 0.031767 0.000532894 0.00790137 
0.000262943 0.0687567 0.481495 0.0242226 0.0486611 1.33166e-05 0.00170195 0.000427581 0.0220671 0.0420976 0.000819895 0.0289055 0.254238 0.0115863 0.0130455 0.00169924 
0.0149433 0.170388 0.571579 0.0388812 0.0109603 9.77975e-10 0.000112646 3.51945e-05 0.0590053 0.0545416 9.02688e-07 0.00339032 0.0292363 0.0395107 0.00531825 0.00209769 
0.00114034 0.25991 0.264909 0.0594762 0.042926 0.00011929 0.000396753 0.000255771 0.0837325 0.015473 0.00122175 0.0403593 0.191431 0.0246225 0.0102575 0.00376852 
2.94427e-07 0.320792 0.544593 0.0550776 1.26136e-06 1.68604e-05 3.52385e-10 3.43425e-07 0.00284913 0.000118715 1.93373e-10 0.000803408 0.0659634 1.45986e-05 0.00976612 2.91971e-06 
9.49928e-06 0.197193 0.491312 0.00331607 0.0516499 9.99028e-05 3.41071e-07 0.000299676 0.0931295 0.0568019 0.00108731 0.069533 0.0272258 0.00468945 0.00365269 7.06668e-07 
1.46953e-11 0.258309 0.685807 0.00412705 0.000138033 1.69979e-11 5.83257e-08 4.81223e-09 0.0351832 0.00358455 3.74776e-08 0.00218645 0.00968575 9.16073e-05 0.000887108 3.36814e-08 
2.56829e-05 0.259171 0.328664 0.00403455 0.0653959 2.58338e-05 0.00877074 2.22581e-05 0.168507 0.00346308 0.0001839 0.062388 0.0963329 0.0008449 0.000577992 0.00159183 
3.33067e-05 0.0465016 0.44615 0.140985 0.00034946 0.00879606 4.44344e-06 0.000409859 0.0901558 0.0475156 1.45275e-05 0.0270277 0.137679 0.0506403 0.00252825 0.00120931 
8.12005e-05 0.0449524 0.509982 0.00615319 0.00482637 0.000258515 0.000414884 0.000484638 0.260998 0.0262352 0.00090117 0.00461733 0.129855 0.00888161 0.00130385 5.4997e-05 
0.00026334 0.0753071 0.506777 0.00654113 0.0205034 9.24873e-08 0.000404825 0.00152067 0.144861 0.00855931 0.00281196 0.205789 0.0133077 0.000771094 0.0120874 0.000494613 
3.79325e-09 0.0547023 0.721559 1.95092e-09 0.0999834 1.18552e-12 1.16279e-12 3.25119e-06 0.0191115 0.0079405 3.30535e-08 0.0957797 0.000782078 2.63863e-05 0.000111498 7.56906e-13 
0.000107907 0.0211029 0.467647 0.0326251 0.0184755 0.000238548 3.98737e-06 0.00438391 0.115884 0.0539142 0.00176682 0.122438 0.0766757 0.0098394 0.0731208 0.00177616 
3.79739e-05 0.00858081 0.343121 0.00244049 0.0320384 0.0174938 4.43828e-06 0.00287065 0.00969783 0.0594739 0.0824459 0.168878 0.256375 0.0121497 0.0039708 0.000421172 
0.000397191 0.154664 0.355493 0.0352109 0.023254 5.09807e-05 6.88045e-05 0.00300871 0.15326 0.0442463 0.0184986 0.0410589 0.127874 0.0403614 0.00237953 0.00017365 
6.69247e-07 0.000907617 0.921573 1.58167e-06 0.000125581 2.32315e-09 2.2786e-09 0.00683209 0.00436421 0.000867393 1.25039e-09 2.94839e-07 0.0648697 7.53724e-07 0.000456783 1.48323e-09 
0.00138642 0.0136923 0.719831 0.00187094 0.00993547 2.62452e-06 0.000219876 0.00023132 0.00385551 0.00390088 0.0119827 0.0694801 0.151691 0.0100662 0.00184145 1.2265e-05 
9.47995e-05 0.136085 0.418967 0.100153 0.147965 5.50072e-08 2.37247e-06 0.00290434 0.0779588 0.00438391 0.000118371 0.0323218 0.0295124 0.0475582 0.00173862 0.000236608 
2.14271e-05 0.211592 0.605259 0.0153366 0.0250877 2.49699e-06 0.000108355 0.00154614 0.0385906 0.0021018 0.00597132 0.0467792 0.0373407 0.00815875 0.00198148 0.000122246 
5.81342e-06 0.0189947 0.638029 0.00479683 0.00136037 2.83304e-05 6.35315e-09 3.25388e-06 0.0179316 0.251673 5.05555e-06 0.000384948 0.0122744 0.000103881 0.0542823 0.000126033 
0.00405429 0.147548 0.299275 0.0965695 0.0261951 0.000306605 6.43705e-05 0.000114463 0.0640617 0.0315561 0.00737556 0.0310542 0.250876 0.0276796 0.0103288 0.00294017 
0.00928536 0.199841 0.356701 0.0459216 0.0140669 3.29948e-06 0.00291671 3.41989e-05 0.0368655 0.0262084 1.4736e-06 0.153072 0.134776 0.00602965 0.011453 0.00282355 
0.00674374 0.0561285 0.213791 0.0407797 0.161375 0.00074202 0.00150771 0.0111627 0.0474425 0.019655 0.127959 0.16462 0.132039 9.21673e-05 0.0156743 0.000288529 
7.17149e-07 1.75505e-06 0.489361 0.000516943 0.00234726 1.09831e-08 1.07725e-08 2.3703e-09 2.33391e-06 0.106839 0.000224464 0.398758 0.00193231 1.45484e-09 1.32599e-05 2.71012e-06 
0.000810388 0.164953 0.366896 0.0564769 0.0219919 0.000150954 0.000853027 0.00460836 0.0757361 0.0304139 0.00369138 0.137818 0.0940788 0.0235369 0.0161932 0.00179053 
1.58995e-06 0.0512748 0.691896 0.00473887 0.000990848 8.45206e-06 0.000614006 2.68614e-05 0.0128165 0.00914249 0.000767865 0.192313 0.0224612 0.00629458 0.00632334 0.00032894 
5.92046e-05 0.109427 0.34978 0.0164171 0.0381509 6.85933e-05 0.000873294 0.0223138 0.220082 0.0139616 0.0220899 0.0609726 0.140506 0.00314119 0.0013563 0.00080068 
0.000104721 0.035361 0.409394 0.0394758 0.000623461 2.36656e-05 4.25836e-05 0.000114831 0.169028 0.253168 1.09624e-06 0.000531352 0.0394936 0.051282 0.00103153 0.000323936 
0.000100896 0.294319 0.518362 0.0495605 0.00358741 0.000657014 0.00219609 1.96358e-05 0.0174847 0.0014448 0.00148479 0.00741537 0.0750145 0.0235633 0.00443558 0.000354555 
0.00133362 0.301964 0.490694 0.00866672 0.00596874 3.29823e-07 2.88601e-08 6.08258e-05 0.0560738 0.00681134 0.00127337 0.0192321 0.0666491 0.0319361 0.00867827 0.000657249 
0.000386989 0.239634 0.441467 0.0851045 0.0143309 9.20534e-07 1.63778e-06 1.26871e-05 0.0781051 0.0159559 3.30101e-05 0.00984059 0.0707938 0.0261879 0.0181157 2.8807e-05 
0.0108713 0.2653 0.364113 0.0321739 0.0107323 6.36018e-07 0.0002169 8.76769e-05 0.205492 0.0521543 6.21077e-07 0.00362524 0.0194681 0.0266999 0.00753156 0.001532 
1.62708e-05 0.212249 0.51284 0.00482416 0.0274328 0.000105624 5.20118e-05 0.0206919 0.134291 0.0149822 0.00878323 0.0113652 0.0392455 0.0104737 0.00253271 0.000114762 
0.000856828 0.0704499 0.32246 0.00110327 0.211027 0.0202823 0.00799694 0.0144017 0.0513743 0.0503814 0.0104075 0.208564 0.0298016 0.00014631 0.000722551 2.42225e-05 
0.00180494 0.0567036 0.709622 0.00150536 0.00381903 5.38327e-05 2.5402e-05 0.011442 0.117824 0.0202627 6.53112e-05 0.0653195 0.0089361 0.000374875 0.00206449 0.000176161 
6.64841e-05 0.214875 0.484901 0.0068442 0.00529282 2.48253e-05 1.07073e-05 0.00397566 0.00507358 0.029033 0.0436371 0.112028 0.0309536 0.049887 0.013389 8.91112e-06 
1.17198e-08 0.0571352 0.339319 0.00834958 0.000407471 0.00043882 1.29182e-05 0.000421111 0.339214 0.0633895 0.00139903 0.00309811 0.18159 0.00264968 0.00243331 0.000141773 
1.39602e-05 0.225973 0.680044 0.000965315 0.00204554 2.45868e-10 2.9462e-13 6.24668e-10 0.0239362 0.00393517 4.83584e-09 0.0582684 0.00255884 0.000791446 0.00146862 1.91779e-13 
0.000458935 0.150942 0.52557 0.0187725 0.0236804 1.8646e-05 0.000160746 0.00546893 0.0835313 0.0765538 0.00360865 0.0768408 0.0178567 0.0062462 0.00939364 0.000896828 
8.40504e-07 0.0465569 0.562085 0.0447267 0.0915379 0.00219485 0.00072974 0.000163551 0.0355085 0.0253652 0.000842898 0.122623 0.0451168 0.00474746 0.017323 0.00047759 
0.000899555 0.0673362 0.261146 0.0206005 0.0319054 0.00419455 4.66744e-05 0.00828078 0.229503 0.102995 0.000576918 0.0115976 0.234069 0.0175549 0.00467709 0.00461598 
0.00339858 0.026642 0.293104 0.0332773 0.156914 2.603e-11 2.55308e-11 5.61762e-12 0.0424729 0.00992715 0.000215654 0.144811 0.0291532 0.000287719 0.259735 6.0201e-05 
1.40175e-06 0.0637725 0.62462 0.0161719 0.00212247 0.00328901 9.29573e-05 0.000220008 0.0168843 0.00159761 8.1011e-05 0.0041308 0.203783 0.048907 0.0140185 0.000307559 
4.86082e-06 0.226856 0.583783 0.0328769 0.00020274 4.31941e-05 1.81815e-07 1.8705e-05 0.085812 0.0026998 4.21786e-05 8.42166e-05 0.0482372 0.016704 0.00263451 7.49665e-07 
0.0157555 0.0307902 0.260011 0.0215693 0.00425917 0.218248 0.00255912 0.000481176 0.215577 0.0305749 6.39936e-06 0.00983969 0.181964 0.00656954 0.00151982 0.000274337 
0.00217155 0.153418 0.354085 0.0403376 0.00734025 7.66887e-05 0.000456557 0.000646145 0.168749 0.0545959 0.000104305 0.16682 0.0332692 0.00656639 0.00801965 0.00334416 
5.10647e-05 0.116313 0.238867 0.159395 0.0250595 0.000134826 0.000343775 6.98552e-05 0.238088 0.116705 3.74408e-05 0.0323135 0.0412101 0.0173684 0.0108881 0.00315477 
0.000936874 0.100598 0.404797 0.050134 0.0157309 4.75003e-05 0.00182911 0.00798215 0.115078 0.0734331 0.000765358 0.0915268 0.0969976 0.0139516 0.0235595 0.00263296 
0.000102908 0.0588758 0.686187 0.0146767 0.00260407 0.000232929 0.00012657 0.000112854 0.0297953 0.0296778 2.14268e-05 0.0699033 0.0877782 0.00235247 0.016201 0.00135199 
1.22983e-06 0.0256822 0.563963 0.0269837 0.0012212 2.49879e-06 0.000341002 1.23072e-05 0.0527941 0.0503491 0.000142919 0.226782 0.0025957 0.0107075 0.0383252 9.53756e-05 
0.0023626 0.148964 0.287787 0.0966286 0.00780364 0.00137923 0.000577168 6.6707e-05 0.176504 0.00937398 2.33738e-12 0.00634103 0.184746 0.0750077 0.00221698 0.000241525 
0.000198749 0.0365827 0.511882 0.00578071 0.0288028 8.29041e-05 5.04918e-05 4.32497e-05 0.330147 0.00701382 0.00158681 0.0575108 0.00903749 0.00797107 0.0029089 0.000400378 
8.62008e-07 0.0407565 0.817932 0.0118996 0.00325011 3.24227e-10 1.57633e-07 1.17365e-05 0.010813 0.000812732 1.19388e-07 0.0109568 0.0578816 0.00679399 0.0349097 0.00398055 
4.05538e-09 0.111557 0.72918 3.06872e-05 0.0451768 5.35266e-12 1.751e-08 3.47283e-06 0.0255963 0.00681566 3.5309e-08 0.0813325 0.000260724 8.80297e-06 3.71818e-05 3.41744e-12 
4.24285e-07 0.220428 0.509129 0.00382632 0.00240104 3.15969e-05 1.93376e-06 3.59405e-05 0.0977453 0.152067 6.12218e-06 0.000478622 0.0117009 0.00143083 0.000276311 0.000441508 
2.1994e-07 0.00626029 0.592345 0.000322003 0.00726386 4.98068e-10 2.96706e-07 0.000139726 0.0751662 0.00704485 3.90202e-07 0.204067 0.0971068 2.66995e-05 0.0102344 2.22626e-05 
0.000115224 0.290067 0.334989 0.0326038 0.00306957 3.16151e-06 0.000117868 1.72183e-06 0.0922396 0.185222 1.93493e-05 0.0181868 0.0249363 0.0158478 0.00153379 0.00104757 
7.00233e-05 0.165088 0.470843 0.0167768 0.002381 0.000333762 0.000684518 0.00179687 0.238344 0.023895 0.00193799 0.0148314 0.0315471 0.0233784 0.00701916 0.00107338 
4.23413e-06 0.0610789 0.495654 0.0141138 0.108962 0.000392764 4.93428e-05 0.0859786 0.0250348 0.00325691 0.00275851 0.136079 0.028524 0.00144178 0.036595 7.59066e-05 
3.21185e-05 0.0601366 0.691933 0.018064 0.0125903 3.49684e-07 8.22901e-09 1.74359e-05 0.0631084 0.0535693 2.02755e-05 0.0182505 0.0413815 0.0350556 0.00482643 0.00101391 
0.000103736 0.0816327 0.57549 0.0140086 0.0236911 4.61755e-06 0.000457965 0.00730343 0.132952 0.0671668 0.014308 0.0148917 0.0343357 0.0240675 0.00781673 0.0017696 
3.43261e-05 0.00470362 0.45815 0.00272357 0.078525 0.00129533 5.32783e-05 0.0476606 0.00696336 0.0194417 0.126935 0.0951405 0.147885 0.00836338 0.000862126 0.00126337 
2.32963e-06 0.272461 0.276791 0.0657921 7.44055e-05 0.000705432 7.8951e-05 8.9795e-05 0.109815 0.000194533 0.00122116 0.00059277 0.112519 0.153387 0.00617002 0.00010506 
0.0012838 0.15557 0.282002 0.0583767 0.0193832 0.000438449 0.00184696 0.00141539 0.0812014 0.087609 6.67553e-05 0.0442451 0.204942 0.0207677 0.0396607 0.0011919 
0.00200033 0.0909764 0.218448 0.0293023 0.00422617 3.38392e-05 0.000185088 0.000638256 0.055018 0.0195957 0.000290522 0.125835 0.12538 0.00488953 0.129585 0.193596 
0.000166565 0.201195 0.331996 0.0360142 0.00599468 0.0080215 0.00699636 0.00520236 0.0969751 0.00200926 0.0404339 0.0161999 0.204376 0.0264622 0.0152365 0.00272097 
0.000378049 0.086217 0.336026 0.0101509 0.0659554 1.46589e-07 0.00128885 0.00657066 0.0378207 0.0553887 2.02844e-06 0.144823 0.255115 6.51805e-05 0.000186464 1.19419e-05 
0.00312772 0.189313 0.218668 0.0582708 0.0243931 3.20865e-06 6.01116e-05 0.000105839 0.200146 0.059295 6.76178e-05 0.035375 0.103161 0.0770025 0.0175863 0.0134241 
0.00877996 0.0027775 0.358295 0.0286468 0.0825161 0.00022063 5.40763e-05 0.0014166 0.0337335 0.268557 0.0270541 0.0694635 0.106147 0.0115227 0.000739395 7.57957e-05 
0.0114646 0.204831 0.246121 0.0172121 0.0110476 6.30769e-06 0.00284911 0.000381875 0.004739 0.135405 8.99923e-06 0.193454 0.126558 0.0381621 0.00769639 6.29719e-05 
0.00112151 0.0460572 0.517106 0.00682061 0.00161025 0.00012778 2.30818e-05 6.55271e-05 0.323047 0.0529095 5.2871e-10 0.00527738 0.0439972 0.000763072 0.000952539 0.000120824 
4.97126e-05 0.0708959 0.631991 0.00541169 0.00610827 0.00104262 0.000470668 9.43021e-05 0.0638693 0.0103008 0.00223277 0.110793 0.0748916 0.00887258 0.0123713 0.000604323 
6.69247e-07 0.000907617 0.921573 1.58167e-06 0.000125581 2.32315e-09 2.2786e-09 0.00683209 0.00436421 0.000867393 1.25039e-09 2.94839e-07 0.0648697 7.53724e-07 0.000456783 1.48323e-09 
6.69247e-07 0.000907617 0.921573 1.58167e-06 0.000125581 2.32315e-09 2.2786e-09 0.00683209 0.00436421 0.000867393 1.25039e-09 2.94839e-07 0.0648697 7.53724e-07 0.000456783 1.48323e-09 
1.07948e-06 0.000505792 0.622251 0.0194024 0.000915705 0.00299249 2.55969e-07 0.000188301 0.0153233 0.000529293 8.11284e-07 0.00213038 0.328978 0.00501503 0.00176588 6.47702e-08 
1.70048e-05 0.205921 0.462033 0.00671416 0.0306677 9.47752e-05 0.000125099 0.0170414 0.163999 0.0141771 0.0070266 0.0191511 0.0469631 0.0232466 0.00258576 0.000235955 
0.000116635 0.041292 0.755939 0.00924331 0.00214827 9.81755e-07 0.00184754 1.6761e-05 0.0120608 0.00808675 0.015272 0.10617 0.0184163 0.00537795 0.0237973 0.000214734 
0.000232401 0.13096 0.277374 0.181501 0.0723933 0.000102395 0.00132212 0.000186684 0.179361 0.0471407 0.00790164 0.0150942 0.027756 0.00798178 0.0279913 0.022702 
1.70048e-05 0.205921 0.462033 0.00671416 0.0306677 9.47752e-05 0.000125099 0.0170414 0.163999 0.0141771 0.0070266 0.0191511 0.0469631 0.0232466 0.00258576 0.000235955 
4.05538e-09 0.111557 0.72918 3.06872e-05 0.0451768 5.35266e-12 1.751e-08 3.47283e-06 0.0255963 0.00681566 3.5309e-08 0.0813325 0.000260724 8.80297e-06 3.71818e-05 3.41744e-12 
9.37186e-05 0.0471966 0.510672 0.0145697 0.000444039 0.00880449 0.00910083 0.000147583 0.00668969 0.00429026 0.00161312 0.0475961 0.330248 0.00562908 0.01248 0.000424769 
6.69247e-07 0.000907617 0.921573 1.58167e-06 0.000125581 2.32315e-09 2.2786e-09 0.00683209 0.00436421 0.000867393 1.25039e-09 2.94839e-07 0.0648697 7.53724e-07 0.000456783 1.48323e-09 
9.81795e-06 0.302781 0.378689 0.130595 0.00032368 3.52943e-06 0.000253541 1.71614e-05 0.0547457 0.00441606 0.000249693 0.0218838 0.0618287 0.0270341 0.0171662 3.74036e-06 
0.00102467 0.0102083 0.715798 0.00521539 0.0717151 1.92557e-06 3.21878e-06 0.000101009 0.00942581 0.0171122 5.51327e-05 0.0994015 0.0226042 0.0468807 0.000186273 0.000266287 
6.69247e-07 0.000907617 0.921573 1.58167e-06 0.000125581 2.32315e-09 2.2786e-09 0.00683209 0.00436421 0.000867393 1.25039e-09 2.94839e-07 0.0648697 7.53724e-07 0.000456783 1.48323e-09 
2.13915e-05 0.0552846 0.225574 0.0228341 0.185976 0.000135087 0.00532609 0.168541 0.060266 0.00345755 0.00351299 0.0365875 0.219716 0.0067928 0.00569776 0.000276653 
0.000763744 0.240755 0.26133 0.0377955 0.0280558 6.01108e-05 0.000627349 0.00621151 0.0939363 0.0605996 0.0026935 0.153769 0.0892995 0.00609724 0.0119513 0.00605469 
0.00106762 0.212071 0.222688 0.0374931 0.0239572 0.00422044 0.000290547 0.0658168 0.0999328 0.146579 9.0965e-05 0.038814 0.0872251 0.0396483 0.0200863 1.95894e-05 
1.33772e-06 0.0166655 0.481199 0.000809378 0.00526563 0.000265233 4.48961e-09 0.00195344 0.251554 0.212423 0.000545759 0.0112197 0.0175643 8.85607e-05 0.000127666 0.000318226 
3.1938e-05 0.0551497 0.443384 0.0333536 0.0946893 2.9259e-06 0.00101674 0.0301275 0.206288 0.00764164 0.000512493 0.0988556 0.00730494 0.00134085 0.0197623 0.000538818 
0.00419002 0.0792241 0.352805 0.039691 0.00109877 0.000521284 0.000323593 0.000181699 0.270039 0.208158 0.00214036 0.00588609 0.0271623 0.00374471 0.00482136 1.25926e-05 
0.00399708 0.131949 0.475836 0.053664 0.00253997 0.00165129 0.000691207 1.65833e-05 0.111031 0.0613545 2.20904e-08 0.00440426 0.141731 0.00506705 0.00593239 0.000134778 
7.34705e-07 0.250315 0.263315 0.0881764 0.00390858 5.48989e-08 0.000238115 0.000118415 0.0484762 0.000574255 9.88868e-10 0.184581 0.155576 0.000919195 0.00380039 2.85964e-07 
0.000574169 0.233691 0.449715 0.0171285 0.0189034 2.79565e-05 1.13423e-05 0.0409847 0.116147 0.0355822 2.76695e-06 0.0607626 0.019139 0.000447236 0.00682696 5.6754e-05 
5.01937e-05 0.0382079 0.531277 0.0333479 0.000724095 6.36898e-05 0.0204609 0.000689976 0.00713628 0.000706469 0.000320227 0.0877394 0.23955 0.0364077 0.00324426 7.35077e-05 
0.00124454 0.138386 0.230954 0.0712223 0.137291 0.00159331 0.00127663 0.000695262 0.0304796 0.00889027 0.0423309 0.0944836 0.215999 0.00782174 0.016461 0.00087101 
0.00051435 0.220528 0.409571 0.0882091 0.00232942 0.000254281 0.00148569 7.07294e-06 0.152661 0.00654582 1.94969e-05 0.00646406 0.0402718 0.0330473 0.0379696 0.000122337 
0.000828599 0.0628678 0.350399 0.00870412 0.0616356 5.85501e-05 0.0047773 0.0304234 0.301118 0.0333857 0.00244908 0.0559812 0.0758198 0.00577336 0.00264985 0.00312869 
0.00122981 0.155506 0.479466 0.0341371 0.00151208 0.000117334 0.000804329 3.3708e-05 0.226162 0.0475585 0.000630591 0.00861024 0.0268842 0.00975367 0.00710085 0.000493617 
7.97211e-05 0.133944 0.276221 0.0660001 0.0949932 0.000210834 0.000297355 0.0346027 0.18292 0.0130846 0.000140645 0.0395363 0.134188 0.0176526 0.00449483 0.00163489 
0.000171699 0.0437983 0.376284 0.0804113 0.0440388 2.98255e-05 1.47126e-05 0.00561599 0.173893 0.0882465 0.00527908 0.00471363 0.154382 0.0117614 0.0100854 0.0012746 
0.0607336 0.0514959 0.30175 0.0803645 0.00867996 0.0853578 9.92205e-05 0.000573314 0.0585234 0.0306012 0.0109543 0.0533462 0.245406 0.000387616 0.0116632 6.44629e-05 
8.62008e-07 0.0407565 0.817932 0.0118996 0.00325011 3.24227e-10 1.57633e-07 1.17365e-05 0.010813 0.000812732 1.19388e-07 0.0109568 0.0578816 0.00679399 0.0349097 0.00398055 
0.0138758 0.0520367 0.659104 0.0184214 0.0216776 0.000523251 2.0246e-06 1.17916e-05 0.09121 0.0140964 5.02526e-05 0.0813025 0.0389304 0.00289575 0.00467147 0.00119045 
0.00018904 0.0353338 0.744248 0.00620321 0.0173461 0.00015619 0.000903368 0.000164776 0.0322811 0.0469494 0.000247289 0.0294969 0.035079 0.0425993 0.00443573 0.004367 
6.58968e-06 0.0239335 0.458704 0.0268137 0.0666681 1.68299e-07 0.00030039 0.0055592 0.0123426 0.00705213 0.0113184 0.0790756 0.301571 0.00289509 0.00155945 0.00220003 
1.26422e-05 0.170052 0.259771 0.00637215 0.009877 4.12118e-08 0.0028974 0.0352388 0.0579823 0.176555 0.0240772 0.216551 0.00933292 0.000546759 0.0304989 0.000234599 
3.81591e-05 0.250552 0.367805 0.017009 0.0370956 2.7619e-05 0.00775524 3.25855e-05 0.175982 0.038213 0.00215016 0.0607689 0.0171882 0.0158449 0.00910233 0.000435274 
2.40376e-07 0.273523 0.530739 0.0820185 0.000871561 2.45494e-05 2.8552e-05 1.93488e-05 0.0252814 0.00017644 1.48547e-11 0.026516 0.0168501 0.00987064 0.0340048 7.60545e-05 
1.01358e-08 0.0821408 0.777054 2.3886e-05 0.0151003 1.67981e-11 1.6476e-11 0.00285791 0.0208301 0.00364152 8.82256e-08 0.0980465 0.000233825 9.65243e-06 6.1218e-05 1.05543e-08 
3.75352e-05 0.00616143 0.443019 0.0038009 0.00234411 0.00434567 7.78149e-06 3.25556e-05 0.108196 0.149668 1.08951e-08 0.00285823 0.278082 0.000663415 0.000475289 0.000308181 
9.2462e-07 0.0199609 0.376539 0.338816 0.00338757 4.36216e-06 3.73391e-06 0.0681942 0.0430037 0.0477232 0.0154923 0.0345728 0.0378374 0.00456211 0.00988849 1.36898e-05 
3.94551e-05 0.238476 0.532735 0.0217011 0.0048406 2.04229e-09 3.83197e-08 5.1912e-09 0.0795861 0.00233223 6.40243e-08 0.0481738 0.0488099 0.00611912 0.0171866 4.04866e-08 
0.00017681 0.03861 0.668318 0.00458591 0.00360029 0.000175426 0.000160035 0.00012218 0.00490391 0.00280024 0.00615833 0.216236 0.0352841 0.0142165 0.00403288 0.000619639 
6.01677e-05 0.0143339 0.736701 0.000461431 0.00326264 0.00175341 0.102915 0.000473433 0.0168292 0.00870933 0.000139758 0.0386529 0.0612126 0.0111692 0.0032935 3.27695e-05 
1.4129e-05 0.186214 0.704517 0.00744458 0.00551894 1.09071e-07 2.21559e-09 1.24271e-05 0.0221304 0.0232221 3.62433e-06 0.0258773 0.0145521 0.00631517 0.00411872 5.88141e-05 
2.23554e-08 0.050362 0.231856 0.0439713 0.00944671 4.45444e-06 0.00020043 2.64217e-05 0.146673 0.122744 6.2675e-07 0.0144665 0.221872 0.00309094 0.155231 5.3838e-05 
5.5803e-09 0.0343715 0.908424 0.000838935 0.00496815 2.2844e-09 6.88111e-09 3.22597e-06 0.00878969 0.00252635 5.21832e-12 0.0387663 0.000211589 0.000627314 0.0004725 1.69926e-07 
6.69247e-07 0.000907617 0.921573 1.58167e-06 0.000125581 2.32315e-09 2.2786e-09 0.00683209 0.00436421 0.000867393 1.25039e-09 2.94839e-07 0.0648697 7.53724e-07 0.000456783 1.48323e-09 
1.17537e-05 0.268241 0.388236 0.0318887 0.00288715 1.34461e-08 0.00104528 1.07651e-05 0.112799 0.0418138 1.02384e-11 0.0495285 0.0817199 0.00178582 0.0181112 0.00192094 
7.6206e-07 0.176893 0.379018 0.0125647 0.00535873 0.00104167 0.000304418 6.99289e-05 0.294332 0.0639933 0.000116169 0.0127641 0.0323591 0.0157408 0.00519443 0.000248693 
0.000326154 0.275055 0.283901 0.048135 0.0230142 0.000396001 0.000207805 0.00181231 0.173543 0.0410614 4.88222e-06 0.0709744 0.06716 0.000463972 0.0137465 0.000198613 
2.92903e-05 0.300507 0.323303 0.0490731 0.0313219 9.17762e-05 0.000652086 0.00163538 0.063835 0.00995496 0.000170454 0.163644 0.0333385 0.0122435 0.00964869 0.000550822 
0.000668915 0.151351 0.198502 0.0796258 0.00782814 6.4261e-06 0.000305396 0.00194097 0.145595 0.124544 0.0454418 0.0476636 0.0356171 0.0556703 0.105216 2.40005e-05 
5.29866e-06 0.125609 0.404527 0.0265197 4.1877e-07 5.90702e-08 7.92746e-11 0.000458943 0.0362321 0.153553 1.41637e-07 0.0855278 0.152934 0.0057763 0.00876543 9.09857e-05 
0.00197077 0.0553358 0.616345 0.000939902 0.0278952 3.50352e-05 0.000337351 4.766e-05 0.0192864 0.0138034 6.72266e-12 0.252371 0.00821046 7.20517e-05 0.00332546 2.43683e-05 
1.79359e-06 0.174283 0.29625 0.0274131 0.00580951 1.61829e-05 0.00106739 0.00084986 0.0593667 0.0306764 3.57964e-08 0.203966 0.183032 0.010409 0.00641697 0.000442214 
2.85405e-07 0.210635 0.636045 0.0187549 0.000141147 6.44931e-05 0.000111235 4.0911e-05 0.106311 0.000432929 0.000510294 0.00261194 0.0136869 0.00107154 0.00958064 1.33775e-06 
0.00147903 0.188837 0.365662 0.028426 0.0126028 0.000277851 5.68544e-05 0.000723205 0.222484 0.0709055 5.71123e-05 0.0190696 0.059186 0.0091075 0.0194802 0.00164514 
1.26892e-09 0.196626 0.512355 0.0995311 1.93444e-08 1.26765e-09 5.10324e-09 5.56372e-09 0.0467943 1.661e-08 8.9769e-10 2.67605e-08 0.0488418 0.0294956 0.0663559 1.52885e-08 
0.0002849 0.0658664 0.63637 0.00639446 0.064285 3.28513e-06 2.35071e-05 0.0030604 0.0395505 0.0470977 0.000717481 0.0999781 0.0294438 0.00361079 0.00327341 4.04276e-05 
0.000557735 0.270473 0.28445 0.0356994 0.00792376 0.000842218 0.00316747 0.00200758 0.0766048 0.0129249 0.0016579 0.10541 0.153697 0.0119271 0.0290917 0.00356503 
0.00043623 0.100921 0.470491 0.026173 0.0404911 0.00204749 0.000681351 0.00433146 0.100563 0.0616531 0.00173456 0.104971 0.0538664 0.0179628 0.0113611 0.00231478 
1.0741e-06 0.162921 0.292138 0.0326888 0.00312193 3.03822e-07 4.6335e-05 7.02814e-05 0.211726 0.00257731 3.02783e-05 0.00473733 0.233029 0.00514184 0.046724 0.00504715 
3.52256e-05 0.217733 0.403698 0.0492062 0.0180728 8.94458e-05 0.00352841 0.0174936 0.124881 0.0143916 0.020148 0.0193737 0.0630174 0.0420852 0.00581073 0.00043525 
0.00121126 0.222188 0.349326 0.0232359 0.0144326 2.29754e-05 0.00449944 0.000918399 0.055709 0.0368271 0.00171357 0.211139 0.0348628 0.0353067 0.00466469 0.00394245 
0.00120697 0.211731 0.510873 0.0263915 0.0168283 5.68756e-05 0.00118374 0.00244791 0.092717 0.0260379 0.00194113 0.0530894 0.0280018 0.0187476 0.00827733 0.00046876 
7.84832e-08 0.1406 0.776905 0.0018378 0.000882954 8.75845e-07 0.00323778 2.69311e-05 0.00884241 0.00216376 1.01839e-08 0.0328004 0.0215093 0.00718307 0.00394155 6.86316e-05 
2.43136e-06 0.145702 0.385885 0.0144506 0.00224798 3.77572e-08 3.46513e-05 1.05988e-05 0.0409625 0.00111309 1.019e-07 0.375904 0.00187899 0.00143881 0.0302975 7.21679e-05 
1.55107e-06 0.359517 0.368798 0.0287419 0.00267177 8.11342e-06 1.25201e-08 0.000149421 0.0409356 0.0349168 2.20841e-09 0.00694781 0.124267 0.0158025 0.0172218 2.14265e-05 
8.19607e-05 0.186551 0.483111 0.0179404 0.102821 4.38692e-06 0.000452233 0.0142474 0.147829 0.00721415 2.13426e-05 0.0137788 0.0171843 0.00301121 0.00471596 0.00103656 
8.45723e-07 0.0220934 0.314443 0.00584596 0.202146 0.000454694 0.00392538 0.000380646 0.162294 0.00632651 9.03486e-09 0.0161287 0.25606 0.00553397 0.00278255 0.00158433 
0.00154199 0.216862 0.288532 0.0516475 0.0243991 2.11602e-05 0.00296772 0.0116744 0.270357 0.0284092 0.00269432 0.049301 0.0139265 0.0320469 0.00548203 0.000137389 
9.60885e-12 0.302815 0.355791 0.0313493 0.000171793 7.4442e-05 3.65574e-08 0.0564929 0.0357385 0.00583855 5.51039e-09 0.0534318 0.142082 0.000597053 0.0155933 2.33664e-05 
0.0114803 0.282345 0.391126 0.0417766 0.00326093 2.80822e-05 0.000119112 5.2665e-06 0.0422948 0.0366895 5.04247e-06 0.141672 0.035211 0.00131373 0.0123159 0.000356165 
0.00129093 0.284491 0.309784 0.0374678 0.0111872 0.000556752 0.00120221 0.00519925 0.217247 0.0160622 0.00286257 0.0359551 0.0433809 0.0204062 0.0124168 0.000490579 
0.00156546 0.0682006 0.258049 0.0571294 0.0178362 0.0003494 8.72488e-10 3.85313e-06 0.11113 0.207611 0.0233666 0.0929375 0.128848 0.0108635 0.0203024 0.00180735 
5.32777e-09 0.156165 0.585462 0.0160214 0.000951304 1.84356e-05 8.18287e-05 1.81599e-05 0.150277 0.061512 9.59723e-06 0.0105726 0.0135158 0.00376635 0.00156066 6.76149e-05 
4.3378e-05 0.0108777 0.22495 0.010091 0.13354 0.00502367 6.9061e-06 0.221053 0.0103391 0.0433897 0.0896074 0.0779579 0.131183 0.0406799 0.00113352 0.000123327 
7.59005e-07 0.0443494 0.657008 0.0132086 0.0124777 1.41176e-07 9.26394e-05 0.00830661 0.0265492 0.00371148 0.00257483 0.146858 0.0670806 0.00430697 0.0125488 0.00092632 
8.62008e-07 0.0407565 0.817932 0.0118996 0.00325011 3.24227e-10 1.57633e-07 1.17365e-05 0.010813 0.000812732 1.19388e-07 0.0109568 0.0578816 0.00679399 0.0349097 0.00398055 
0.00094671 0.160083 0.278767 0.0416402 0.0690479 0.00027946 0.00174341 0.0453738 0.158992 0.0546383 0.00118757 0.105934 0.0424046 0.0232101 0.014412 0.00134047 
0.0710079 0.0880324 0.297568 0.0135705 0.0373338 0.000183553 8.13894e-05 0.00315606 0.249374 0.0957297 0.00076356 0.0273946 0.0623569 0.0359083 0.0172321 0.000307746 
1.94623e-05 0.0312057 0.865232 0.00278182 0.000366455 0.000416282 2.46806e-05 9.69938e-05 0.0396596 0.0204826 7.14647e-05 0.00178695 0.0361885 0.000200081 0.00141045 5.71828e-05 
0.000147698 0.026188 0.543403 0.0159433 0.134908 6.13741e-10 5.37479e-06 0.00330815 0.0495368 0.00288453 0.0083164 0.195493 0.0112334 0.0017913 0.00665096 0.000190215 
9.24576e-05 0.016617 0.30292 0.0148617 0.0958178 4.16311e-06 0.00174488 0.169726 0.116811 0.0509004 0.000964136 0.0165392 0.187426 0.00470877 0.0200051 0.000861165 
0.00108584 0.0855231 0.6025 0.0250967 0.00390073 6.34001e-05 0.000108259 8.35888e-05 0.00937626 0.0115218 0.000115226 0.221614 0.0198334 0.0182176 0.000675619 0.000284863 
5.85578e-06 0.104158 0.302467 0.0774816 0.0103735 7.80694e-07 0.00132663 9.8556e-05 0.00572825 0.0222057 0.0138753 0.226922 0.149516 0.00307365 0.0820391 0.000727775 
0.0050933 0.209593 0.382438 0.0341436 0.0109755 0.000116394 0.00153001 0.00423197 0.0914391 0.0272358 0.000776399 0.0820658 0.093804 0.0232101 0.0331105 0.000236771 
2.0624e-06 0.150625 0.321742 0.0135355 0.00298904 0.0260827 5.8733e-05 3.90637e-05 0.242455 0.0559084 0.0030312 0.0683307 0.0833471 0.000108088 0.0314734 0.000272455 
0.0450931 0.152915 0.459836 0.015675 0.0405362 0.000398835 0.000970394 0.000200849 0.133905 0.0211531 0.000135568 0.0751244 0.0454855 0.0046947 0.00288776 0.000987905 
0.000184844 0.0862198 0.682068 0.0123358 0.00115792 0.00085853 6.7388e-05 0.000113614 0.030969 0.0206989 5.21464e-07 0.0476917 0.100411 0.00884731 0.00789141 0.00048434 
4.45039e-07 0.110105 0.321078 0.0139265 0.0206573 5.09816e-07 0.00555153 0.000106753 0.145169 0.0477536 1.48097e-07 0.0145222 0.319875 0.000141034 0.00111242 5.27536e-12 
0.00118433 0.322153 0.392323 0.0358322 0.00688364 4.26983e-05 0.00016863 4.76339e-05 0.10112 0.0451666 6.61441e-06 0.0524985 0.0248626 0.009696 0.00569959 0.0023157 
6.76552e-05 0.0929132 0.592452 0.0269668 0.0233286 0.000280506 0.00158089 0.00232518 0.0186666 0.00261994 0.00245345 0.073763 0.0641768 0.0950991 0.00255326 0.000753413 
0.0031956 0.0783556 0.44834 0.0210449 0.0423543 0.000150669 0.000464035 0.0173693 0.0873214 0.0204516 0.000227367 0.161593 0.0893462 0.0150317 0.0142455 0.000509055 
6.67364e-06 0.200814 0.264649 0.104794 0.000129663 1.06219e-06 2.31074e-09 3.09451e-05 0.143036 0.000245381 4.06486e-10 0.000194066 0.0386575 0.228529 0.0188831 3.0525e-05 
8.08977e-09 0.0232842 0.361378 0.00521278 0.127504 4.66999e-05 0.000122113 0.000425579 0.0191965 0.0023207 3.67671e-06 0.357767 0.0851954 1.98469e-05 0.0175166 6.76435e-06 
2.88166e-06 0.218493 0.255375 0.0281186 0.232403 6.8379e-05 9.59887e-05 0.000143092 0.135779 0.00225322 1.04589e-05 0.0174199 0.0878707 0.009945 0.0104357 0.0015856 
3.43934e-05 0.104508 0.623448 0.0138236 0.0262226 1.90411e-05 0.00245349 0.0162138 0.0832106 0.0254703 0.00212332 0.0595444 0.0152827 0.0235269 0.00376627 0.000351821 
0.00260676 0.0301891 0.387882 0.0295705 0.0126063 1.58453e-05 0.000825343 9.39618e-05 0.026306 0.00843068 0.00244574 0.109426 0.372665 0.00362721 0.00791832 0.00539163 
0.000429357 0.0385933 0.756879 0.00771418 0.000911096 1.78661e-05 0.000220732 1.34718e-05 0.0187436 0.0623226 2.30722e-08 0.0793151 0.0195502 0.00555845 0.00776701 0.00196364 
0.00149372 0.0411687 0.507122 0.0125937 0.0840936 0.000474274 0.000369793 0.000868178 0.0961742 0.163179 0.00012906 0.0259766 0.0389344 0.00324326 0.00460479 0.0195746 
3.33295e-05 0.0345873 0.394046 0.00904476 0.0105699 6.79127e-06 7.47447e-05 0.0112414 0.0873569 0.264984 0.000256455 0.102065 0.0633664 0.0145236 0.0076871 0.000156031 
0.000121523 0.0440664 0.376202 0.0220898 0.128319 0.00814932 7.57128e-07 0.0230491 0.125638 0.1216 0.00261739 0.044157 0.0993421 0.000242988 0.0040335 0.000372175 
2.62084e-06 0.0339299 0.596325 0.0297773 0.00213839 0.00382282 0.000781862 0.000108059 0.018841 0.0103166 3.3793e-05 0.0306723 0.26575 0.00177688 0.00539772 0.000325741 
0.0128945 0.0626383 0.44451 0.0206315 0.0148807 3.63776e-05 0.0411912 0.00369422 0.140097 0.0436192 0.0215019 0.0428031 0.138112 0.00272196 0.00820324 0.00246419 
