1.33139e-06 4.04922e-05 0.000404654 0.996965 0.000588835 1.62874e-05 4.73729e-07 5.52428e-05 0.00145851 7.11529e-05 0.000124136 2.19476e-05 0.000197329 1.20122e-05 3.59372e-06 3.86765e-05 
1.62593e-06 0.121401 0.00652943 0.330682 0.0345207 1.07462e-10 1.06456e-08 0.00127859 0.167205 0.065813 5.78395e-11 0.0803248 0.0260526 6.66194e-07 0.166191 2.74509e-07 
1.98324e-05 0.0197387 0.00913778 0.866379 0.00166445 8.65114e-06 3.73945e-07 5.15197e-05 0.0375911 0.000332509 0.0127868 0.00087174 0.00258942 0.0433046 0.00526101 0.00026265 
5.15184e-07 0.0542397 0.00224355 0.295495 0.00106448 5.24973e-10 0.000194273 1.10309e-08 0.199425 3.9928e-08 7.5388e-07 1.30637e-06 0.134273 0.0016914 0.295222 0.0161488 
0.00201249 0.0855535 0.0160907 0.486475 0.0067307 8.20736e-05 0.00400687 0.000474496 0.0745409 0.0234476 0.00500429 0.0145649 0.0699074 0.0841978 0.125581 0.00133024 
0.0024871 0.110917 0.0642466 0.321081 0.017766 0.000155536 0.00124971 0.00109396 0.0872101 0.0453993 0.00207072 0.0404805 0.171331 0.0355857 0.0950652 0.00386149 
7.32394e-05 0.0222107 0.0150981 0.696807 0.0103657 9.37197e-06 8.56975e-05 6.12526e-05 0.0256713 0.000935344 0.000857084 0.00380431 0.0282541 0.187027 0.00864526 9.50601e-05 
3.80758e-06 0.0948328 0.197178 0.257411 0.0236704 0.000193406 0.00190945 0.0305601 0.132966 0.0091693 0.0089926 0.0274732 0.0796326 0.0942062 0.0405527 0.00124952 
0.00486447 0.0614087 0.0211975 0.468201 0.00410227 4.90411e-06 0.00173522 3.69834e-05 0.0934508 0.0310969 7.42897e-05 0.0319684 0.0257128 0.190538 0.0646279 0.000980178 
0.000440107 0.0263485 0.0121807 0.555612 0.000934172 2.24047e-06 1.19205e-05 5.2966e-06 0.0913974 0.00260739 4.48862e-06 0.0171975 0.0101537 0.269854 0.0132059 4.46527e-05 
0.000136529 0.00609849 0.00686821 0.958196 0.00113247 1.27701e-05 2.27028e-06 7.23387e-06 0.0120348 0.000568823 8.60298e-10 0.00176741 0.00656131 0.000250147 0.00628808 7.59284e-05 
5.72887e-06 0.0468542 0.00999168 0.603735 0.00115485 7.13959e-08 2.97146e-11 1.41475e-05 0.00887871 0.00182265 1.6306e-11 0.00247088 0.0154242 0.000455366 0.308923 0.000268942 
0.00012603 0.0613636 0.019387 0.509208 0.00706221 7.37881e-06 4.03849e-06 2.26516e-05 0.0553542 0.0065314 0.0204275 0.0053509 0.00724114 0.298336 0.00947112 0.000106868 
0.0338934 0.0662061 0.0238611 0.594061 0.0117862 0.00120876 0.000623947 0.00139282 0.0505217 0.0130875 0.00419935 0.00977878 0.047534 0.11483 0.0200089 0.00700678 
5.50491e-06 0.0130819 0.00794129 0.934192 0.000627941 7.38561e-06 1.58095e-07 2.47997e-05 0.0278329 0.000113338 4.13982e-05 2.91775e-05 0.00192268 0.0134509 0.000719877 8.53053e-06 
6.905e-05 0.0376114 0.0255153 0.502635 0.122414 1.6037e-05 1.56204e-05 0.00380271 0.0526449 0.00379453 0.0405768 0.0041646 0.16567 0.0225453 0.0185089 1.60317e-05 
0.0468095 0.172782 0.0328281 0.384312 0.00887451 0.000109059 0.000604246 9.04739e-05 0.0327968 0.0272764 0.0104598 0.0506062 0.173478 0.0186224 0.0385999 0.00174991 
2.5075e-06 0.0344107 0.0126029 0.852194 0.000691756 4.92479e-11 4.83035e-11 4.32511e-06 0.00334025 0.0165212 2.65068e-11 0.00264087 0.00245216 0.0671813 0.00771042 0.00024715 
0.00662115 0.081751 0.0272189 0.44498 0.016426 0.00265711 0.00121463 0.00320408 0.0485502 0.0298322 0.000549771 0.017102 0.0544181 0.0367195 0.0317832 0.196972 
0.00109935 0.0243151 0.00863042 0.774766 0.0100433 2.13371e-05 0.00339907 0.000850069 0.0611835 0.00988847 0.00494581 0.00974252 0.0234173 0.0337384 0.0323224 0.00163675 
0.00370056 0.0149112 0.022996 0.775317 0.00171584 1.01855e-06 4.24762e-08 1.2875e-06 0.00398453 0.00719758 9.01114e-06 0.0127333 0.0528365 0.021408 0.0726205 0.0105676 
1.4714e-05 0.00367796 0.00612367 0.700156 0.000174079 7.50827e-05 0.00814414 6.60888e-07 0.00932872 0.0175092 0.00172018 0.000447787 0.00307903 0.245047 0.00445102 5.0433e-05 
0.000496938 0.0915173 0.00804905 0.562163 0.000875159 1.37662e-06 8.11298e-05 8.797e-06 0.0465971 0.0176136 1.99487e-06 0.0506181 0.0546528 0.0501983 0.11662 0.000505363 
2.84824e-06 2.8514e-06 2.85134e-06 0.785837 2.8507e-06 2.8477e-06 2.84778e-06 2.85079e-06 0.0193921 0.00827106 2.84952e-06 2.85116e-06 0.0875366 0.0670039 0.0273718 0.00456144 
0.00651589 0.0911839 0.052667 0.258635 0.00960248 0.000121479 0.00042704 0.000129195 0.096656 0.0489946 0.000974869 0.13821 0.12819 0.0281522 0.138553 0.000987699 
0.0018053 0.0586175 0.0089022 0.571211 0.00187308 3.16264e-05 2.83034e-05 0.0576648 0.0760931 0.0257787 0.0017951 0.0349688 0.0192383 0.00157298 0.140341 7.83756e-05 
0.000333152 0.031556 0.0178626 0.769428 0.00364827 2.60291e-05 5.72525e-05 4.58593e-05 0.0897124 0.00786343 0.000287295 0.00203275 0.0131726 0.0565819 0.00475218 0.00264066 
0.00012603 0.0613636 0.019387 0.509208 0.00706221 7.37881e-06 4.03849e-06 2.26516e-05 0.0553542 0.0065314 0.0204275 0.0053509 0.00724114 0.298336 0.00947112 0.000106868 
8.83616e-05 0.0345859 0.0124587 0.480009 0.00311495 1.3257e-05 7.85074e-05 1.25753e-05 0.00869577 0.00602368 9.51857e-05 0.0363215 0.0151352 0.118949 0.282904 0.00151358 
0.000130856 0.015012 0.00366277 0.556651 4.73547e-05 1.09227e-09 9.17993e-12 8.19266e-07 0.0337473 0.000201866 3.41387e-10 0.000491079 0.0107289 0.324781 0.0543367 0.000208399 
0.000191813 0.0043294 0.00696924 0.938302 0.019647 8.32688e-07 1.0177e-05 4.47731e-06 0.00456758 0.00145878 3.28861e-12 0.00214469 0.0188814 9.73366e-05 0.00335798 3.77111e-05 
5.80273e-06 0.0214638 0.0156438 0.836064 1.56668e-05 2.45547e-06 1.72718e-09 9.04168e-07 0.00913229 0.00924188 9.47797e-10 0.000851199 0.0107467 0.0848091 0.0120225 1.12429e-09 
0.00260916 0.0754543 0.0239926 0.459504 0.001272 7.24372e-05 0.00016241 3.36205e-05 0.0169411 0.00565209 0.000155981 0.0277668 0.130674 0.0315099 0.21561 0.00858966 
0.040607 0.0575898 0.0312194 0.700206 0.0234838 3.04516e-09 7.06579e-08 3.24706e-05 0.0127547 0.0441032 1.52868e-07 0.000668376 0.0543001 0.0284888 0.00647766 6.82168e-05 
1.339e-06 0.191728 0.0359825 0.39014 0.00165083 1.17229e-07 1.71733e-06 2.4027e-07 0.118421 0.00500034 9.71848e-12 0.0138565 0.00271705 0.00168437 0.236664 0.00215194 
0.00372073 0.0182067 0.00206977 0.711058 0.000642447 6.44015e-05 3.63765e-05 0.0643591 0.0786477 0.0257158 0.00449062 0.00861278 0.0403299 0.00436426 0.0374634 0.000218408 
2.03347e-06 0.137372 0.107171 0.306218 0.00448644 0.000234103 9.12918e-05 8.20617e-05 0.0121619 5.88389e-05 0.000288986 0.101906 0.0528386 0.00173482 0.275108 0.000246049 
4.55797e-05 0.0137347 4.56295e-05 0.629736 4.56192e-05 4.55712e-05 4.55724e-05 4.56205e-05 4.56299e-05 4.56258e-05 4.56003e-05 4.56264e-05 0.177995 0.177986 4.56229e-05 4.55937e-05 
0.000384624 0.11165 0.0938994 0.442898 6.47241e-07 2.9684e-10 2.10681e-05 7.41509e-08 0.28792 0.0218122 1.59769e-10 4.85943e-07 0.0411237 8.67921e-06 0.000280576 1.89519e-10 
0.0177042 0.0589758 0.155363 0.222567 0.000935731 4.27201e-08 8.36953e-05 2.73156e-07 0.0482101 0.0242562 0.0872758 0.0999161 0.196207 1.66411e-05 0.0884585 2.9517e-05 
0.000703261 0.07908 0.00668344 0.404373 0.00230863 1.62322e-06 0.000490231 2.70521e-05 0.0867984 0.0213841 0.00336654 0.299633 0.0589241 0.0103547 0.0210583 0.00481383 
2.56146e-08 0.00607542 0.00253262 0.908532 0.048925 1.41062e-08 3.73586e-08 3.35643e-12 5.03833e-09 0.00219995 8.37083e-12 0.00069884 0.0278142 9.60172e-05 0.0031261 6.75328e-08 
4.88785e-05 0.0275625 0.00757173 0.538819 0.00348278 1.40666e-06 8.02404e-12 6.19697e-05 0.0242972 0.00042404 0.000103476 0.00503626 0.00776855 0.378777 0.00599875 4.57539e-05 
5.50491e-06 0.0130819 0.00794129 0.934192 0.000627941 7.38561e-06 1.58095e-07 2.47997e-05 0.0278329 0.000113338 4.13982e-05 2.91775e-05 0.00192268 0.0134509 0.000719877 8.53053e-06 
3.86121e-05 0.0340224 0.0225379 0.383813 0.0245798 1.18291e-05 7.0561e-06 0.000145601 0.0457334 0.00334883 0.00152254 0.0277622 0.320903 0.0171022 0.117548 0.000923728 
1.35839e-08 0.000155029 1.15014e-09 0.698173 8.19418e-06 1.57124e-08 1.54111e-08 3.39096e-09 0.000251853 2.04588e-09 8.45694e-09 4.10749e-05 0.0804173 2.10211e-07 0.220953 1.00317e-08 
0.00103013 0.12009 0.0870763 0.295439 0.0220444 0.000165226 0.0018 0.000935948 0.0990135 0.0274573 0.00101549 0.0309985 0.169307 0.0630836 0.0790155 0.00152774 
0.000248281 0.065508 0.0406594 0.240562 0.0705006 1.42221e-06 0.00380356 3.81181e-05 0.0494356 0.132491 0.0157383 0.189754 0.13418 0.00658964 0.0473069 0.00318332 
5.50491e-06 0.0130819 0.00794129 0.934192 0.000627941 7.38561e-06 1.58095e-07 2.47997e-05 0.0278329 0.000113338 4.13982e-05 2.91775e-05 0.00192268 0.0134509 0.000719877 8.53053e-06 
6.88006e-06 0.0163523 0.00988029 0.917935 0.00075015 9.22982e-06 1.97401e-07 3.09984e-05 0.0347911 0.00014167 1.81613e-07 3.64711e-05 0.0023444 0.0168136 0.000899837 7.86605e-06 
0.000245499 0.0200562 0.00909175 0.936594 0.00185159 2.3636e-07 1.96287e-06 2.59403e-06 0.0212216 0.000504072 2.45881e-12 3.99196e-05 0.0061872 0.00201699 0.00215806 2.80893e-05 
0.00145512 0.0924754 0.0312534 0.649079 0.000889098 0.000234602 1.52448e-06 4.68319e-06 0.0357472 0.00967615 0.00274291 0.0400687 0.0176941 0.0960697 0.0225594 4.90514e-05 
8.63043e-07 0.0610215 1.5825e-07 0.650552 5.90894e-06 5.70411e-11 5.59473e-11 3.57009e-07 3.2509e-06 0.0621362 3.07013e-11 0.167906 0.00490102 0.00102584 0.0524464 1.4571e-07 
7.56306e-07 0.132573 0.0158167 0.351735 0.0124973 0.000551125 2.70418e-10 0.00044906 0.0246602 0.046985 0.0819775 0.206814 0.100346 9.17467e-05 0.0255031 1.76026e-10 
0.000122683 0.0853708 0.0976489 0.277927 0.0169522 0.000176297 3.62247e-07 0.0687046 0.098061 0.0349923 0.0135362 0.0294262 0.00759739 0.265576 0.00385475 5.28569e-05 
2.65793e-05 0.0137326 0.0143682 0.524046 0.000683591 4.02346e-06 9.02959e-09 7.07427e-05 0.00345549 0.00145165 4.95503e-09 0.0220766 0.40345 0.0125522 0.0027887 0.00129291 
2.43e-07 7.28177e-05 2.05746e-08 0.947026 6.65985e-08 2.81076e-07 2.18012e-06 6.1938e-07 1.51107e-05 3.49237e-05 1.51284e-07 1.88881e-06 0.000388702 3.44508e-06 0.0511309 0.00132223 
0.000208086 0.0269033 0.00990574 0.326396 0.273202 5.32165e-05 0.000337715 0.000273594 0.236957 0.0192732 4.94428e-12 0.0112037 0.0015205 0.0015643 0.015815 0.0763864 
0.000150328 0.0120747 0.0116418 0.827837 0.00173451 1.19012e-08 8.13056e-10 1.43863e-06 0.044707 4.35413e-05 3.53476e-06 0.0171462 0.00109601 0.047793 0.0357609 1.04552e-05 
2.56146e-08 0.00607542 0.00253262 0.908532 0.048925 1.41062e-08 3.73586e-08 3.35643e-12 5.03833e-09 0.00219995 8.37083e-12 0.00069884 0.0278142 9.60172e-05 0.0031261 6.75328e-08 
5.50491e-06 0.0130819 0.00794129 0.934192 0.000627941 7.38561e-06 1.58095e-07 2.47997e-05 0.0278329 0.000113338 4.13982e-05 2.91775e-05 0.00192268 0.0134509 0.000719877 8.53053e-06 
0.000439848 0.0428058 0.0228225 0.452084 0.013683 2.32882e-05 4.90894e-05 0.00205694 0.0288261 0.0297517 0.00259235 0.0926083 0.188184 4.27753e-06 0.123767 0.000301765 
3.98364e-06 0.186904 0.106917 0.286471 0.0377291 1.58905e-05 6.02525e-05 3.6237e-05 0.0988098 0.00393334 1.04213e-05 0.0158535 0.0881027 0.108992 0.0638721 0.00228962 
5.50491e-06 0.0130819 0.00794129 0.934192 0.000627941 7.38561e-06 1.58095e-07 2.47997e-05 0.0278329 0.000113338 4.13982e-05 2.91775e-05 0.00192268 0.0134509 0.000719877 8.53053e-06 
0.00140216 0.090793 0.101869 0.30698 0.00939371 1.62585e-05 2.83015e-05 0.000189916 0.016562 0.0024097 1.89859e-06 0.00288722 0.285077 0.162771 0.0181075 0.00151035 
5.58541e-05 0.0469172 0.0155564 0.779337 0.00459461 4.84352e-06 2.28066e-07 3.27739e-05 0.045033 0.00243166 0.00696625 0.00152929 0.00454349 0.0875408 0.00538479 7.17247e-05 
0.00161309 0.0962043 0.0328956 0.301461 0.0177423 0.000250868 0.00466968 0.000422873 0.0497467 0.0265956 0.00254041 0.0345011 0.219263 0.0823044 0.116009 0.0137802 
1.84441e-05 0.128214 0.0833219 0.453032 0.0919841 1.68913e-06 4.40545e-09 6.50048e-05 0.129222 0.0252546 2.10273e-08 0.000742605 0.067485 0.0139858 0.00384068 0.00283111 
6.02866e-05 0.113733 0.0466526 0.455828 0.0124562 1.00207e-05 8.66754e-05 0.000268005 0.00847455 0.00324322 0.00172143 0.0737474 0.0849693 0.134395 0.0257304 0.0386236 
0.0163517 0.130892 0.0254389 0.354762 0.0501478 5.1402e-06 1.20493e-05 6.52312e-06 0.0273221 0.0256133 1.71179e-06 0.0084989 0.308909 0.00646662 0.0453611 0.000210884 
0.00389794 0.0124124 0.0362282 0.504528 0.00414471 0.000111111 6.09951e-06 0.000205073 0.00615258 0.00356252 0.0503596 0.0472982 0.0692357 0.113818 0.140308 0.00773289 
0.000353759 0.109931 0.0888527 0.242556 0.00922353 1.76572e-06 3.8782e-06 3.25685e-05 0.136372 0.107484 0.000902365 0.0683079 0.0575487 0.00451832 0.149595 0.0243169 
0.000250554 0.0584022 0.0283494 0.510696 0.0230521 0.0039986 0.00025705 0.000408963 0.0446695 0.005838 0.00135198 0.00969167 0.0477939 0.253194 0.00660234 0.00544434 
0.00201149 0.00990175 0.00500587 0.859408 0.00704355 9.02391e-06 0.00342889 7.43727e-06 0.0126307 0.00479697 4.43373e-05 0.00294252 0.00777997 0.0602951 0.0244614 0.000233227 
7.82665e-05 0.0324607 0.0571562 0.502432 0.00714066 2.57649e-09 9.06039e-07 0.00118114 0.0222096 0.0107582 3.13993e-05 0.0121948 0.190793 0.131023 0.032019 0.000520769 
5.98565e-05 0.0174791 0.0258738 0.681014 0.000535855 6.21293e-05 0.000378055 1.48435e-05 0.0152892 0.00421457 6.01404e-06 0.00870109 0.174394 0.00449903 0.063869 0.00360962 
0.00531948 0.0972973 0.0493025 0.390739 0.225714 3.53409e-09 1.39812e-05 2.12014e-05 0.0457153 0.0059682 0.000272285 0.0702099 0.0882115 0.0123001 0.00881294 0.000102398 
2.16463e-05 0.00958203 0.00263314 0.674619 0.0185792 4.93833e-08 1.49776e-08 1.56768e-11 0.0364074 0.00384771 5.55348e-07 0.00589724 0.00402087 0.00280592 0.24147 0.000114963 
5.16043e-06 0.00427542 0.00223874 0.529944 0.0101788 2.37644e-06 6.02259e-07 3.55928e-05 0.0688137 0.0126644 0.0023687 0.000890161 0.00226335 0.306071 0.0602476 6.16676e-07 
4.77044e-05 0.193139 0.0203916 0.194615 0.0226996 1.77949e-05 0.00322747 2.03516e-05 0.177176 0.158145 8.30978e-08 0.0156722 0.0306086 0.139596 0.0446426 5.74507e-07 
0.000453446 0.154415 0.011337 0.543063 0.00160403 0.00401944 0.00032926 3.63152e-05 0.0336483 0.0383959 1.58119e-08 0.051363 0.033294 0.117313 0.0106924 3.59986e-05 
0.0233673 0.123217 0.115202 0.193749 0.0411384 0.0899683 0.000499025 0.000189713 0.175147 0.0374065 0.00489105 0.0271614 0.137158 0.00423689 0.0257124 0.0009551 
0.00012603 0.0613636 0.019387 0.509208 0.00706221 7.37881e-06 4.03849e-06 2.26516e-05 0.0553542 0.0065314 0.0204275 0.0053509 0.00724114 0.298336 0.00947112 0.000106868 
5.41967e-05 0.142067 0.00549776 0.472141 0.023173 0.000142523 3.22625e-09 1.34956e-06 0.0553696 0.0749526 2.6102e-08 0.00141237 0.0652106 0.12495 0.0349826 4.52528e-05 
0.0038147 0.0994726 0.0312551 0.310719 0.0174468 3.75752e-05 0.00516644 5.92893e-05 0.0382695 0.032182 0.000484236 0.0342544 0.136798 0.238284 0.0460971 0.00565903 
0.00012603 0.0613636 0.019387 0.509208 0.00706221 7.37881e-06 4.03849e-06 2.26516e-05 0.0553542 0.0065314 0.0204275 0.0053509 0.00724114 0.298336 0.00947112 0.000106868 
5.94366e-05 0.009638 0.00258436 0.950314 0.000418612 2.85183e-07 1.25312e-05 1.46577e-06 0.011933 0.00164774 2.69941e-08 0.000127517 0.00303172 0.000639596 0.0191979 0.000393807 
4.16453e-07 0.0701089 0.018587 0.375215 0.00096279 1.34191e-07 1.24566e-07 0.000118598 0.131968 0.164348 1.09417e-10 0.0163752 0.159969 0.0427302 0.0186448 0.000971868 
9.84272e-08 0.000120856 4.08977e-05 0.929831 1.14518e-06 6.02146e-10 5.906e-10 2.10326e-07 0.00203249 0.000880917 1.12046e-06 0.00712855 0.000438593 0.0451294 0.0143947 3.84444e-10 
1.87682e-05 0.0849117 0.033706 0.356756 0.0059976 3.78201e-06 0.00142869 0.00762015 0.112869 0.01395 0.0202867 0.0368829 0.107768 0.163075 0.0521338 0.00259134 
0.000330069 0.0235235 0.00991815 0.928265 0.00215216 4.25941e-07 2.06455e-06 2.8881e-06 0.0239376 0.000539091 2.52419e-12 4.09512e-05 0.00628505 0.00255555 0.00241383 3.31228e-05 
5.89986e-06 0.107719 0.0984264 0.435728 0.00313436 0.00174097 0.00147382 0.000431051 0.0625882 0.0463041 0.0275329 0.0394101 0.0732877 0.0687895 0.0283932 0.00503506 
0.000519468 0.0299295 0.011071 0.820578 0.00198782 9.99602e-06 7.21172e-07 0.0040071 0.0619823 0.000358176 0.00075318 0.000479825 0.0236866 0.0345326 0.00998559 0.000118477 
1.01923e-10 0.157449 0.0185248 0.387853 2.46138e-06 1.79717e-07 1.87889e-07 5.67121e-06 0.132259 0.0243877 6.34539e-11 0.110813 0.00481008 0.00062049 0.16327 4.73488e-06 
0.000936968 0.0875465 0.0853645 0.25624 0.0192992 3.57724e-05 0.00166004 0.00114573 0.207787 0.156066 0.00363415 0.0264818 0.0917581 0.0308574 0.0306837 0.000503519 
3.38688e-05 0.0259658 0.00829535 0.656325 0.0884565 5.34072e-08 8.12625e-08 0.00020247 0.026865 5.49871e-05 4.02495e-12 0.000900612 0.0173939 0.16801 0.00465514 0.00284119 
0.000273657 0.0451722 0.00539985 0.360564 0.0112621 1.98928e-07 9.73256e-06 1.91771e-05 0.27976 0.0225302 4.48209e-09 0.0104791 0.00835343 0.0443102 0.211866 1.02867e-07 
0.000245965 0.0197297 0.00917621 0.901285 0.00400651 2.8796e-06 4.48498e-06 1.13951e-05 0.0284165 0.00152216 0.000365112 0.00217245 0.00573172 0.0172765 0.00998406 6.92626e-05 
7.34086e-05 0.0310751 0.0280228 0.793245 0.00483904 2.79698e-06 9.29068e-13 4.69774e-05 0.0877685 0.000269241 0.00919142 0.000964066 0.00321397 0.0318835 0.00938173 2.22783e-05 
0.000667988 0.0402125 0.0225374 0.777882 0.00847273 2.6317e-06 2.20708e-07 6.90284e-05 0.0276513 0.0143647 1.52488e-08 0.0042708 0.034736 0.032514 0.0348443 0.001774 
0.0108131 0.0604479 0.0522062 0.317032 0.000658426 0.00143193 1.96636e-05 3.4771e-05 0.224133 0.0727815 1.34215e-08 0.0058573 0.173737 0.0763828 0.00445637 7.73277e-06 
3.54414e-08 0.11666 0.0307456 0.730518 0.00348022 1.16604e-06 9.65502e-07 0.000117192 0.0363483 0.00221137 1.30249e-07 0.000801214 0.0579116 0.00810998 0.0130156 7.84366e-05 
0.0037904 0.152413 0.0667632 0.510783 0.00358641 6.61577e-07 0.0035129 0.000104014 0.0448592 0.0294855 8.14472e-05 0.0488602 0.0417397 0.0695956 0.0233266 0.00109825 
0.00012603 0.0613636 0.019387 0.509208 0.00706221 7.37881e-06 4.03849e-06 2.26516e-05 0.0553542 0.0065314 0.0204275 0.0053509 0.00724114 0.298336 0.00947112 0.000106868 
0.000208086 0.0269033 0.00990574 0.326396 0.273202 5.32165e-05 0.000337715 0.000273594 0.236957 0.0192732 4.94428e-12 0.0112037 0.0015205 0.0015643 0.015815 0.0763864 
0.000552189 0.0193279 0.00129429 0.820392 0.0155812 2.432e-06 5.10198e-05 1.40838e-05 0.0365605 0.00408558 0.000280474 0.00372453 0.0176323 0.0384654 0.0417164 0.000319247 
0.000266675 0.043622 0.00829208 0.623733 0.0137685 1.38255e-06 3.81862e-07 0.000223748 0.0789574 0.000179038 0.000408753 0.00868947 0.167857 0.0436209 0.0102536 0.000126178 
0.00181095 0.0491581 0.0078773 0.360521 0.000695319 0.000720686 4.89378e-07 8.81679e-07 0.0926016 0.0685804 4.51063e-10 0.00874132 0.0209384 0.0391181 0.253752 0.0954838 
9.77933e-05 0.0574501 0.0174334 0.275495 0.000890684 1.08085e-07 0.00151294 0.000352663 0.251718 0.161169 2.41564e-09 0.0266662 0.017223 0.173552 0.0163568 8.23408e-05 
2.01654e-06 0.175316 0.202069 0.229263 0.00561665 4.66528e-06 0.000108554 6.64871e-05 0.225437 0.0377567 0.00011101 0.012072 0.0356346 0.0683293 0.00811639 9.68596e-05 
0.0138409 0.026308 0.0751804 0.271919 0.152993 9.34258e-06 6.41883e-07 0.000127338 0.00830574 0.182174 0.000235306 0.0896922 0.168052 0.00506956 0.0059637 0.000128983 
0.000376617 0.036692 0.0295921 0.546942 0.0197099 5.34412e-05 0.000267016 0.000135343 0.0253576 0.0165031 0.00139502 0.0108966 0.0827844 0.218376 0.00909092 0.00182875 
0.000996774 0.0548 0.0212628 0.633622 0.00188577 5.3564e-05 5.06285e-05 0.00238383 0.0276113 0.00988803 0.000297458 0.0289409 0.157941 0.0396629 0.0178592 0.00274397 
0.000192164 0.043035 0.0718141 0.694705 0.00163965 7.41641e-12 1.21925e-07 1.60056e-12 0.00928732 0.00255936 0.000956854 0.0396845 0.0564118 0.000414066 0.0781618 0.00113852 
6.51294e-05 0.0137711 0.0054719 0.484775 0.00189008 2.49875e-07 6.0292e-12 2.23141e-05 0.00765264 9.50337e-06 1.20339e-08 0.000207278 0.00275127 0.48227 0.00109957 1.37343e-05 
0.000230464 0.132048 0.191535 0.31077 0.0802193 2.50141e-08 0.000130208 7.85358e-05 0.12019 0.0250406 4.69922e-09 0.0176813 0.0531647 0.0295692 0.038053 0.00129026 
0.0056541 0.0488629 0.169127 0.326167 0.00345875 7.31903e-06 7.51409e-08 0.000120735 0.053157 0.00634988 0.168803 0.0120208 0.128156 0.0388201 0.00149867 0.0377972 
0.0016063 0.0586091 0.0388373 0.446179 0.0199051 0.000163213 0.000380992 0.00019299 0.0168967 0.000382475 0.000314503 0.00817586 0.144687 0.254825 0.00871054 0.00013428 
0.00141725 0.0837186 0.046717 0.317123 0.0638158 7.56944e-05 0.00019091 0.000467113 0.0554277 0.0232405 0.0137641 0.0255133 0.112309 0.0139875 0.239982 0.00224999 
0.00018786 0.0222281 0.0108592 0.868023 0.00560834 1.96439e-05 2.26924e-06 2.58691e-05 0.0573757 0.000764382 8.32251e-10 0.00279871 0.0159558 0.000774123 0.0149151 0.000461695 
0.000391085 0.0549588 0.00461274 0.564337 0.000182311 3.92018e-09 1.20617e-05 4.33563e-06 0.0370461 0.0061013 1.806e-06 0.0128291 0.0676484 0.129091 0.122342 0.000441705 
3.57081e-05 0.0427555 0.00854459 0.852375 0.00010017 3.11018e-09 4.523e-07 6.90463e-09 0.00758627 0.00444284 5.0753e-07 0.0651116 0.00149801 0.000308117 0.0170043 0.000237156 
0.00140459 0.0742108 0.048721 0.353479 0.0183494 8.86351e-05 0.00223998 0.000549267 0.0596576 0.0229937 0.00242889 0.0267139 0.0492753 0.288739 0.0501628 0.000986157 
0.0125588 0.273511 0.0406398 0.394232 0.0247061 0.00026561 0.00359199 9.62343e-05 0.126645 0.0417766 3.63207e-11 0.035322 0.0238123 0.00262772 0.0198643 0.000350415 
0.000304127 0.0503181 0.0168925 0.486974 0.000989278 6.633e-06 6.87871e-06 2.97244e-05 0.00759395 0.000185253 1.15156e-05 0.00149227 0.0133171 0.31623 0.105378 0.000271268 
6.51294e-05 0.0137711 0.0054719 0.484775 0.00189008 2.49875e-07 6.0292e-12 2.23141e-05 0.00765264 9.50337e-06 1.20339e-08 0.000207278 0.00275127 0.48227 0.00109957 1.37343e-05 
9.84272e-08 0.000120856 4.08977e-05 0.929831 1.14518e-06 6.02146e-10 5.906e-10 2.10326e-07 0.00203249 0.000880917 1.12046e-06 0.00712855 0.000438593 0.0451294 0.0143947 3.84444e-10 
0.000364489 0.0128012 0.0117116 0.676381 0.0086302 1.56024e-07 2.89739e-10 1.50966e-05 0.0195954 4.00676e-05 0.000192755 0.00217141 0.00198792 0.260208 0.00586896 3.1841e-05 
0.000208086 0.0269033 0.00990574 0.326396 0.273202 5.32165e-05 0.000337715 0.000273594 0.236957 0.0192732 4.94428e-12 0.0112037 0.0015205 0.0015643 0.015815 0.0763864 
0.000273393 0.040925 0.0318441 0.556221 0.000575495 0.000103025 0.000260313 3.40704e-06 0.0279194 0.000266281 1.34985e-09 0.00230316 0.0938408 0.215249 0.0298396 0.00037614 
6.19191e-05 0.0976018 0.0438296 0.64113 0.00784744 8.53102e-06 0.000943498 2.27717e-05 0.0406636 0.00793761 0.000139289 0.0113509 0.0302463 0.06856 0.0485554 0.00110158 
0.000245499 0.0200562 0.00909175 0.936594 0.00185159 2.3636e-07 1.96287e-06 2.59403e-06 0.0212216 0.000504072 2.45881e-12 3.99196e-05 0.0061872 0.00201699 0.00215806 2.80893e-05 
9.99411e-05 0.132692 0.02344 0.273983 0.0029032 3.03917e-05 3.86564e-05 0.000313749 0.123975 0.0349727 8.11135e-07 0.1178 0.178857 0.0203336 0.0902501 0.000311123 
7.58866e-05 0.0432545 0.0192584 0.49819 0.026211 4.46145e-07 0.000226974 5.06983e-05 0.132149 0.0133349 9.22126e-06 0.0117317 0.0442001 0.200771 0.00988128 0.000655552 
4.10905e-10 0.0117673 0.0236818 0.656523 0.000932831 4.7529e-10 4.66176e-10 4.44303e-08 0.0469868 0.000101879 2.55816e-10 4.59644e-05 0.079456 0.0751038 0.105399 2.12968e-06 
1.09778e-06 0.11613 0.203423 0.279538 0.00509475 3.6566e-05 5.7702e-05 0.000143005 0.0935888 0.000502513 4.29726e-06 5.27807e-05 0.259283 0.0379126 0.00420533 2.64622e-05 
0.00128267 0.035986 0.0652592 0.457169 0.00527006 1.24221e-05 5.64333e-05 1.1934e-05 0.0875733 0.0898841 0.00521699 0.00680074 0.079502 0.0061556 0.159815 4.76084e-06 
0.000201989 0.0648347 0.0160916 0.503923 0.0255493 4.48603e-05 0.000603239 0.00201778 0.173872 0.0236173 0.0192462 0.0204292 0.00481484 0.113622 0.0300268 0.00110479 
0.000218543 0.151827 0.0312985 0.461023 0.0132697 1.01976e-06 1.43203e-05 1.74632e-05 0.187535 0.0364072 0.00103295 0.0318673 0.0427952 0.00419709 0.0379812 0.000515633 
0.000327987 0.0318342 0.008695 0.618802 0.0875922 5.07264e-07 3.72277e-06 9.14165e-05 0.0826261 0.00776585 4.53617e-08 0.00527435 0.0882126 0.00322875 0.0474995 0.0180456 
3.70728e-06 0.285702 0.0111681 0.401585 0.00147489 4.89402e-05 0.000146383 2.80429e-05 0.081723 0.00202824 2.67022e-06 0.0217311 0.0465571 0.00399913 0.0784211 0.06538 
0.000310844 0.104451 0.0344731 0.577269 0.00248655 0.000143291 0.000263378 0.0109674 0.0453539 0.00900663 2.04877e-06 0.0160423 0.0451922 0.117356 0.033586 0.00309679 
0.00100999 0.0478913 0.0299939 0.622056 0.00260489 7.72675e-07 5.41235e-06 1.39828e-05 0.0561161 0.017618 0.000293901 0.00451726 0.125131 0.0815201 0.0102681 0.000958806 
0.000455253 0.0161196 0.0109638 0.842545 0.00236489 1.18598e-05 3.88287e-06 4.11882e-06 0.0570628 0.000766716 2.90211e-06 0.00391685 0.039502 0.00390652 0.022308 6.58145e-05 
3.88816e-11 0.0824029 0.188591 0.300729 0.000976097 0.000320296 1.7905e-05 6.95481e-05 0.154614 0.0667661 3.30721e-06 0.0530368 0.126822 0.0169904 0.0060004 0.00265996 
9.84272e-08 0.000120856 4.08977e-05 0.929831 1.14518e-06 6.02146e-10 5.906e-10 2.10326e-07 0.00203249 0.000880917 1.12046e-06 0.00712855 0.000438593 0.0451294 0.0143947 3.84444e-10 
3.50078e-05 0.034192 0.0358826 0.307899 0.277945 0.000127811 7.76559e-09 0.000361889 0.209172 0.0091795 4.39556e-05 0.00103529 0.113808 0.00108445 0.00778271 0.00145122 
0.000277493 0.0824239 0.0277841 0.394291 0.000663001 0.00025969 0.00198669 3.73761e-08 0.0277571 0.0383091 0.000696651 0.0183953 0.108823 0.0100023 0.28833 7.28544e-07 
0.0160417 0.0322563 0.0470804 0.340963 0.000589546 3.981e-05 0.000100112 0.000197796 0.0542822 0.0020817 0.0170585 0.0133441 0.273398 0.00637021 0.194609 0.00158771 
0.000136529 0.00609849 0.00686821 0.958196 0.00113247 1.27701e-05 2.27028e-06 7.23387e-06 0.0120348 0.000568823 8.60298e-10 0.00176741 0.00656131 0.000250147 0.00628808 7.59284e-05 
1.35813e-05 0.00610129 0.00886952 0.392315 0.000145456 8.23544e-06 1.17304e-08 1.04334e-07 0.0021163 0.00634466 6.43711e-09 0.0601751 0.140671 0.000151277 0.0129358 0.370152 
4.44867e-08 5.90435e-07 3.55262e-07 0.863765 0.00021915 3.97195e-09 1.55769e-12 3.33992e-06 1.05899e-06 1.38809e-06 8.54789e-13 9.3658e-05 0.040161 0.0893421 0.00623401 0.000178373 
2.77778e-09 8.84706e-07 0.000107263 0.407654 1.71667e-06 3.21304e-09 4.71193e-06 6.93418e-10 0.0101234 0.231309 1.72936e-09 0.0436564 0.059492 0.0176847 0.224342 0.00562303 
0.000120284 0.0483357 0.0121405 0.696373 0.00222747 1.19885e-05 0.000234064 1.71688e-05 0.0592083 0.00693014 0.00752335 0.0104475 0.0602918 0.0413443 0.0543584 0.000435833 
3.49478e-05 0.000163209 0.00210741 0.940541 0.000879083 1.27646e-06 6.5816e-09 4.68407e-06 0.00108373 0.00639849 1.04672e-06 0.00922295 0.0263353 0.00809743 0.00479524 0.000333993 
0.000858539 0.00974007 0.00372958 0.788195 0.000504076 4.92498e-05 6.56617e-07 4.85195e-05 0.0258117 0.000837707 0.00263858 0.00700363 0.0142076 0.0622198 0.0840759 7.93468e-05 
0.000285454 0.0323733 0.0324011 0.814018 0.0204882 0.000155285 0.000745899 2.2258e-05 0.0352777 0.00315717 0.00153686 0.00470279 0.0271405 0.00373749 0.022209 0.00174856 
0.000159419 0.0967651 0.0387946 0.385139 0.000246865 1.19104e-05 0.00028949 9.29314e-06 0.0433517 0.00250629 0.0652458 0.0106588 0.0364215 0.231063 0.0768255 0.0125119 
6.98949e-06 0.0688242 0.0937964 0.389399 0.00597066 2.83146e-05 0.00109982 1.46395e-05 0.011817 0.00348 0.0125621 0.00741385 0.118626 0.0810818 0.205766 0.000112449 
0.000292046 0.0705701 0.0561574 0.247336 0.0138509 4.72118e-06 7.70279e-05 0.000484649 0.067551 0.0214596 0.0211785 0.0456504 0.209319 0.0371731 0.206142 0.00275327 
4.1839e-08 0.000485864 0.00198614 0.964606 6.02662e-05 1.06661e-07 2.27169e-11 4.99847e-12 0.00312189 0.000472459 0.000891806 1.58157e-08 0.00111665 0.00310153 0.0241481 9.15515e-06 
0.000376274 0.0549608 0.0147847 0.649753 0.00270925 3.2942e-06 0.000171289 0.00172342 0.0244789 0.00795925 8.15272e-05 0.0272336 0.151219 0.0105246 0.0538767 0.000143769 
2.74311e-05 0.142899 0.00918214 0.466197 0.0016133 5.89495e-06 3.76446e-05 1.3229e-05 0.0469375 0.0251563 0.0200428 0.0121655 0.0147914 0.200831 0.0600139 8.5503e-05 
7.61418e-05 0.0988542 0.0334348 0.478286 0.0333014 1.22193e-05 0.000454154 0.00122362 0.285142 0.00260597 0.00163545 0.00498708 0.02766 0.0209923 0.0109688 0.000365476 
0.00365203 0.0947526 0.0488456 0.507783 0.0120478 5.12334e-05 0.000412181 0.00223672 0.046712 0.0277088 0.00337719 0.0257828 0.102413 0.0832008 0.0355389 0.00548436 
3.2797e-06 0.0159215 0.002702 0.8867 7.91949e-07 2.20449e-11 7.17649e-07 4.75758e-12 0.0010649 0.0045756 1.18653e-11 0.0799424 0.0010338 6.12107e-09 0.00801688 3.82661e-05 
0.00244839 0.0288684 0.011302 0.69579 0.018684 7.74041e-05 0.000152772 3.12101e-05 0.0779083 0.0158162 0.00518035 0.0105981 0.0311281 0.0779526 0.0240207 4.13129e-05 
0.000439645 0.0463471 0.038969 0.479625 0.0048337 3.46705e-09 3.06446e-06 1.35886e-05 0.00751104 0.00493427 0.0210359 0.0424536 0.171351 0.0308209 0.150812 0.000849554 
0.00128015 0.0216599 0.00885952 0.856127 0.00869067 2.47744e-09 7.63232e-06 1.89294e-07 0.0220453 0.00610081 3.40843e-05 0.00784836 0.0144698 0.0161703 0.0364964 0.000210251 
9.02976e-08 0.0815805 0.116772 0.248552 0.211865 3.87479e-06 7.70561e-07 0.00061453 0.0658294 0.0344448 0.00328649 0.129497 0.0407205 0.000296653 0.0657959 0.000740718 
0.000231168 0.0282314 0.0105579 0.902351 0.00148427 8.52443e-07 5.58415e-05 4.39988e-06 0.0166254 0.000763122 1.62041e-08 0.000749798 0.00644298 0.0280623 0.00437278 6.678e-05 
1.20952e-05 0.00880662 0.003078 0.547208 0.00108766 0.000213827 1.23359e-06 5.9733e-08 0.0132609 0.00385913 1.14491e-09 0.000396892 0.0718101 2.12672e-05 0.350221 2.29645e-05 
1.18054e-05 0.027556 0.0147012 0.863818 0.000689228 1.29691e-06 4.24926e-12 5.31529e-05 0.0636326 0.000273196 0.00375224 2.31556e-05 0.00624414 0.0145006 0.00474207 1.49609e-06 
0.00223117 0.0158741 0.0287226 0.534231 0.00190426 4.47952e-09 1.88999e-08 6.06492e-08 0.000566805 6.95989e-05 6.44066e-06 0.00128581 0.0280718 0.224022 0.162933 8.05668e-05 
0.000126698 0.0992552 0.0641882 0.256209 0.00696125 2.13589e-11 3.63356e-08 8.32731e-06 0.00522314 0.000729108 9.7674e-08 0.108852 0.040918 0.249862 0.163378 0.0042896 
0.00363967 0.060954 0.0264572 0.541345 0.00485857 0.000428001 5.9798e-05 0.000211312 0.0332901 0.000101007 0.000161899 0.00766772 0.121335 0.163501 0.0206473 0.0153429 
2.56146e-08 0.00607542 0.00253262 0.908532 0.048925 1.41062e-08 3.73586e-08 3.35643e-12 5.03833e-09 0.00219995 8.37083e-12 0.00069884 0.0278142 9.60172e-05 0.0031261 6.75328e-08 
0.000445777 0.0440453 0.00787388 0.440552 0.000678047 1.07378e-06 0.00731189 3.09465e-06 0.0116769 0.0128042 0.0036437 0.0310676 0.0454589 0.0192446 0.375158 3.43614e-05 
1.56213e-05 0.215525 0.0932367 0.301928 0.0023687 5.11673e-05 1.31659e-07 4.21381e-06 0.230426 0.000817262 3.82345e-08 0.000847113 0.0891113 0.0218999 0.0436136 0.000154995 
0.00014597 0.189581 0.0184383 0.351348 0.0353261 2.4737e-06 4.64275e-05 1.86347e-05 0.231939 0.00792555 4.87724e-06 0.0151295 0.0325071 0.0644316 0.0531524 2.95202e-06 
3.8659e-10 0.0256706 0.027019 0.531611 9.41942e-05 4.54332e-08 4.38591e-10 2.99735e-06 0.0532812 0.00791306 2.40679e-10 5.89473e-07 0.0315989 0.320794 0.00201436 6.14059e-07 
5.50491e-06 0.0130819 0.00794129 0.934192 0.000627941 7.38561e-06 1.58095e-07 2.47997e-05 0.0278329 0.000113338 4.13982e-05 2.91775e-05 0.00192268 0.0134509 0.000719877 8.53053e-06 
0.000393888 0.134925 0.205574 0.352664 1.16377e-05 1.36732e-06 0.0274043 6.83937e-07 0.00349983 0.0040811 2.65073e-07 0.00468865 0.0140334 0.227034 0.0147724 0.0109158 
0.0437059 0.0520183 0.00254579 0.476845 0.0675426 3.47858e-10 0.000191152 0.000246642 0.248633 0.027394 0.00168463 0.0185053 0.00533389 1.86694e-07 0.0541762 0.0011775 
0.00097233 0.0702663 0.0154706 0.50952 0.00640968 7.14329e-06 1.2032e-05 0.00167401 0.135644 0.0121421 9.40048e-05 0.0607088 0.0815289 0.00393727 0.101589 2.50942e-05 
5.50491e-06 0.0130819 0.00794129 0.934192 0.000627941 7.38561e-06 1.58095e-07 2.47997e-05 0.0278329 0.000113338 4.13982e-05 2.91775e-05 0.00192268 0.0134509 0.000719877 8.53053e-06 
0.0027641 0.0578118 0.0244287 0.502957 0.00705453 2.75524e-05 0.000182828 0.000422725 0.220676 0.0276756 0.000703543 0.0261298 0.0756327 0.0188949 0.0326943 0.00194394 
9.84272e-08 0.000120856 4.08977e-05 0.929831 1.14518e-06 6.02146e-10 5.906e-10 2.10326e-07 0.00203249 0.000880917 1.12046e-06 0.00712855 0.000438593 0.0451294 0.0143947 3.84444e-10 
2.56146e-08 0.00607542 0.00253262 0.908532 0.048925 1.41062e-08 3.73586e-08 3.35643e-12 5.03833e-09 0.00219995 8.37083e-12 0.00069884 0.0278142 9.60172e-05 0.0031261 6.75328e-08 
9.13849e-05 0.0771165 0.0224256 0.524127 0.0147033 3.20392e-06 4.16031e-05 3.14354e-05 0.0809755 0.0222188 1.07287e-05 0.0378883 0.0577505 0.141683 0.0152274 0.00570631 
0.000245499 0.0200562 0.00909175 0.936594 0.00185159 2.3636e-07 1.96287e-06 2.59403e-06 0.0212216 0.000504072 2.45881e-12 3.99196e-05 0.0061872 0.00201699 0.00215806 2.80893e-05 
6.18479e-06 0.231614 0.0475573 0.269307 0.00245514 4.03501e-06 1.16264e-07 8.97706e-05 0.268978 0.0446677 1.15776e-06 0.00924724 0.0717711 0.0101983 0.0436541 0.000448804 
0.00132704 0.041128 0.0180363 0.6501 0.00971837 8.80753e-05 2.03088e-05 2.91541e-05 0.0367638 0.0161152 0.00305715 0.0138323 0.0585883 0.0299533 0.120927 0.000315399 
0.000561558 0.0269774 0.0260291 0.420124 0.024491 5.14787e-05 0.0983864 2.14823e-05 0.272099 0.0311366 0.010913 0.00451712 0.0150958 0.0214559 0.0481077 3.27393e-05 
0.00140273 0.0110885 0.0122589 0.736629 0.018803 1.47276e-09 1.44452e-09 0.00013177 0.00334997 0.000228595 9.45987e-07 0.0271285 0.101863 0.0608869 0.026162 6.59148e-05 
4.59037e-06 0.0468051 0.00994972 0.574529 0.00134198 5.84229e-08 2.03466e-08 2.71281e-05 0.014221 0.00219003 1.96011e-11 0.00197674 0.055246 0.000566086 0.292927 0.000215187 
3.52145e-05 0.0325391 0.00840875 0.797336 0.000434687 1.84771e-07 2.46958e-06 1.91136e-05 0.0618628 0.0025129 8.64893e-07 0.00110435 0.0214391 0.0420141 0.0322734 1.65178e-05 
2.27688e-07 0.0774611 0.227306 0.422627 0.121266 9.88165e-08 0.000186347 4.99904e-08 0.00349242 0.0138224 3.35699e-10 0.0353687 0.0513815 0.00148888 0.0455994 5.99501e-07 
0.000208086 0.0269033 0.00990574 0.326396 0.273202 5.32165e-05 0.000337715 0.000273594 0.236957 0.0192732 4.94428e-12 0.0112037 0.0015205 0.0015643 0.015815 0.0763864 
6.64967e-05 0.00847575 0.00611489 0.441711 0.00857967 0.0215894 2.45472e-05 0.000304205 0.00253874 0.0261913 4.72895e-05 0.0331038 0.109707 0.0386676 0.0296209 0.273257 
0.0016307 0.0643394 0.0280551 0.532078 0.00843001 1.4501e-05 0.000341207 0.000155269 0.0620936 0.0107488 0.00714059 0.00220604 0.05657 0.209479 0.0163788 0.000338699 
0.000245499 0.0200562 0.00909175 0.936594 0.00185159 2.3636e-07 1.96287e-06 2.59403e-06 0.0212216 0.000504072 2.45881e-12 3.99196e-05 0.0061872 0.00201699 0.00215806 2.80893e-05 
0.000242916 0.0077874 0.014266 0.696749 0.0296141 5.62099e-08 0.000365587 0.005304 0.163931 0.00274739 0.00183885 0.0128501 0.0127748 0.0448227 0.0066578 4.86e-05 
0.00215648 0.000517258 0.0555031 0.587543 3.46398e-05 1.23793e-10 1.21419e-10 3.62644e-05 0.0154206 0.0476727 6.66293e-11 0.00105468 0.272355 0.0155971 0.00197951 0.000129462 
6.51294e-05 0.0137711 0.0054719 0.484775 0.00189008 2.49875e-07 6.0292e-12 2.23141e-05 0.00765264 9.50337e-06 1.20339e-08 0.000207278 0.00275127 0.48227 0.00109957 1.37343e-05 
0.00011973 0.0200683 0.0115857 0.770693 0.00449489 1.75917e-06 0.00175228 1.49208e-05 0.0348292 0.00208507 8.01444e-08 0.000523309 0.00560896 0.145425 0.00274142 5.63112e-05 
0.0696214 0.164011 0.0475273 0.554512 0.00276082 2.07007e-06 7.91645e-08 3.35033e-05 0.0406314 0.0141831 3.37159e-11 0.00903664 0.0322701 0.0604113 0.00476383 0.000235556 
0.000155103 0.0149714 0.0275734 0.499915 0.0103091 0.000358179 8.18787e-06 3.54381e-05 0.331375 0.00319813 1.2076e-05 0.00374045 0.0116634 0.0147345 0.0797411 0.00220886 
5.50491e-06 0.0130819 0.00794129 0.934192 0.000627941 7.38561e-06 1.58095e-07 2.47997e-05 0.0278329 0.000113338 4.13982e-05 2.91775e-05 0.00192268 0.0134509 0.000719877 8.53053e-06 
0.000208086 0.0269033 0.00990574 0.326396 0.273202 5.32165e-05 0.000337715 0.000273594 0.236957 0.0192732 4.94428e-12 0.0112037 0.0015205 0.0015643 0.015815 0.0763864 
0.000164927 0.125778 0.188013 0.30771 0.00143003 0.000141192 3.40667e-10 0.000241456 0.106906 0.0274334 0.109883 0.00741117 0.0621894 0.000485349 0.0568874 0.00532543 
0.000270708 0.0614298 0.0078921 0.609495 0.0016817 4.22677e-05 0.000224433 7.49413e-06 0.0799714 0.0148343 0.000171681 0.00585133 0.0654556 0.0209994 0.127735 0.0039381 
0.0163506 0.0447001 0.046563 0.421455 0.0199739 4.69362e-06 3.82429e-05 4.37846e-05 0.143426 0.0045135 0.000975273 0.0370858 0.148325 0.0421361 0.0120416 0.0623674 
0.000201174 4.13766e-07 2.75087e-07 0.862576 0.00417805 7.31693e-09 4.99552e-07 8.18069e-08 6.08729e-07 1.93702e-07 2.6275e-08 0.000235945 0.000673511 0.121254 0.00429088 0.00658884 
4.10905e-10 0.0117673 0.0236818 0.656523 0.000932831 4.7529e-10 4.66176e-10 4.44303e-08 0.0469868 0.000101879 2.55816e-10 4.59644e-05 0.079456 0.0751038 0.105399 2.12968e-06 
0.0020695 0.112663 0.0654482 0.251272 0.000918489 1.5722e-08 0.00013477 8.95731e-07 0.244606 0.164863 1.21992e-05 0.0118326 0.00494234 0.0161086 0.12505 7.83403e-05 
0.000638984 0.0667884 0.0413501 0.508372 0.0112185 2.34745e-05 0.000529113 0.000110928 0.0487512 0.0109964 0.00321115 0.0238438 0.0705852 0.0515816 0.158183 0.00381585 
1.73892e-07 0.0278387 0.0487888 0.628969 0.00260287 0.00044432 5.73417e-05 4.23385e-07 0.00398396 6.50102e-05 1.54754e-10 0.00244979 0.218917 0.0527849 0.0102438 0.00285365 
9.73396e-05 0.0297904 0.0019941 0.664185 0.00781976 5.07003e-06 5.96813e-09 7.8305e-06 0.0177258 0.00665206 0.0496973 0.00450787 0.00273775 0.209535 0.00522147 2.27225e-05 
0.254874 0.0276378 0.0106626 0.366339 1.99973e-05 2.17627e-05 0.000364601 5.0474e-05 0.0175733 0.0291303 0.000535301 0.000958215 0.243135 0.0417031 0.00359943 0.00339448 
8.32339e-05 0.0343411 0.0223094 0.275094 0.00156826 4.93552e-06 3.07816e-06 0.000155154 0.0120543 0.00157277 1.72999e-06 0.00315201 0.25391 0.240778 0.125954 0.029019 
0.000245499 0.0200562 0.00909175 0.936594 0.00185159 2.3636e-07 1.96287e-06 2.59403e-06 0.0212216 0.000504072 2.45881e-12 3.99196e-05 0.0061872 0.00201699 0.00215806 2.80893e-05 
1.29188e-05 0.054517 0.129305 0.29554 0.152882 0.00023545 0.00125457 0.00146906 0.057207 0.00434073 5.19631e-07 0.00414324 0.219009 0.0747561 0.00364207 0.00168482 
8.84147e-05 0.0159107 0.00763089 0.69817 0.0239946 8.32478e-07 1.02549e-08 1.04227e-05 0.00376513 0.000322821 1.10575e-08 0.000592162 0.0119396 0.234963 0.00253783 7.29433e-05 
7.77311e-06 0.324072 0.0042982 0.382873 9.55227e-06 0.000159139 8.97254e-09 2.09297e-06 0.00547445 0.000508672 4.92372e-09 0.000632378 0.193844 0.00139397 0.0680176 0.0187066 
4.44867e-08 5.90435e-07 3.55262e-07 0.863765 0.00021915 3.97195e-09 1.55769e-12 3.33992e-06 1.05899e-06 1.38809e-06 8.54789e-13 9.3658e-05 0.040161 0.0893421 0.00623401 0.000178373 
4.933e-05 0.0312857 0.00334168 0.582666 0.002228 4.25643e-08 1.12455e-06 2.0108e-05 0.0122374 0.0955082 1.06304e-05 0.00661848 0.0897221 0.045229 0.121678 0.0094038 
0.000300279 0.133213 0.104473 0.354732 0.0380918 7.2408e-06 0.0211956 4.54616e-05 0.183268 0.0237296 0.0211329 0.0481086 0.0239305 0.0121961 0.0259872 0.0095883 
0.000119868 0.02698 0.00878033 0.405599 0.000936427 7.67203e-05 0.00368699 0.00207315 0.122965 0.0275493 1.07479e-06 0.0158256 0.044029 0.0444364 0.294806 0.00213459 
0.000124669 0.0868699 0.11065 0.360772 0.0123144 9.63688e-08 0.000582968 5.70234e-05 0.160903 0.000991006 0.00129687 0.01826 0.153479 0.0659159 0.027625 0.000157899 
0.00453439 0.0767694 0.0349672 0.467329 0.00255836 1.58853e-05 0.0121686 2.24347e-06 0.0865416 0.0668807 0.00191716 0.0415111 0.0319625 0.0721625 0.0995766 0.00110282 
2.56146e-08 0.00607542 0.00253262 0.908532 0.048925 1.41062e-08 3.73586e-08 3.35643e-12 5.03833e-09 0.00219995 8.37083e-12 0.00069884 0.0278142 9.60172e-05 0.0031261 6.75328e-08 
