0.000327433 0.177684 0.107342 0.0306781 0.0158058 3.29238e-05 0.00015288 8.33683e-05 0.567638 0.0246014 0.000260245 0.0215531 0.0311865 0.00207282 0.0195644 0.00101742 
2.04278e-09 0.125953 0.216963 0.0777096 0.0443412 4.18244e-06 0.000685963 8.16576e-05 0.255113 0.0102309 3.33402e-08 0.0307943 0.226833 0.00160614 0.00950527 0.000179559 
0.00360988 0.172505 0.148864 0.0411137 0.0284146 3.83842e-05 0.000441089 0.00213301 0.27286 0.122488 0.00375634 0.095747 0.0441467 0.0167767 0.0212507 0.0258556 
0.00736337 0.320737 0.079815 0.0671225 0.00218405 3.84938e-05 7.15685e-06 5.9086e-06 0.359102 0.0320979 4.67709e-08 0.0202289 0.0848205 0.00987238 0.0165337 7.10929e-05 
8.92897e-05 0.0903772 0.0406387 0.0550467 0.34599 4.78575e-06 0.000527591 0.00221164 0.394375 0.0166478 0.000418032 0.01398 0.0222461 0.0106944 0.00469783 0.00205518 
3.61091e-05 0.156556 0.0192644 0.00944457 0.000695091 1.43543e-06 1.13172e-06 0.000118656 0.592395 0.0390174 0.000118298 0.0522601 0.020266 0.0595213 0.0500887 0.000215095 
8.74161e-06 0.0508252 0.253511 0.0771482 0.135787 0.000286827 0.000198632 0.00315599 0.292362 0.0100706 2.05427e-05 0.0133664 0.156059 0.00520958 0.00143794 0.000552037 
0.000269009 0.20601 0.0151835 0.0778487 0.0103993 9.35751e-05 7.79023e-05 3.81948e-06 0.458969 0.0537512 5.03764e-10 0.0152347 0.08266 0.0475744 0.0319202 5.44515e-06 
0.000600233 0.145518 0.0158959 0.262427 0.00995849 1.77036e-06 4.35105e-06 1.68316e-05 0.452152 0.00888011 5.43184e-05 0.00302073 0.0278398 0.00225649 0.0702096 0.00116459 
2.92731e-05 0.0486936 0.00265569 0.0410373 0.00427807 1.688e-06 1.90979e-06 3.26259e-05 0.868354 0.00133868 1.68011e-10 0.000243688 0.00413603 0.0255756 0.00350648 0.000114945 
1.68544e-05 0.0836525 0.227776 0.0123499 0.00156816 9.56736e-05 2.8238e-08 8.52421e-05 0.510293 0.0118546 2.57747e-11 0.00343861 0.0187983 9.15807e-05 0.127112 0.00286734 
2.18922e-05 0.0631685 0.0531213 0.0185312 0.0180761 9.20049e-07 3.30971e-05 1.80642e-05 0.790765 0.0057842 3.10317e-09 0.00385457 0.0154805 0.0182448 0.0121368 0.000763498 
0.00168227 0.0564712 0.0517344 0.0875546 0.0408008 2.11304e-05 4.01469e-08 2.58417e-06 0.3776 0.344509 0.000157489 0.0097156 0.00824133 8.58966e-05 0.0185369 0.00288663 
0.000104469 0.129354 0.0790238 0.129947 0.00422254 6.78473e-05 0.000111879 7.99447e-05 0.358457 0.0673911 2.4895e-05 0.0294607 0.0482685 0.0377246 0.0765332 0.0392284 
9.01541e-07 0.226268 9.02525e-07 0.00830418 9.02321e-07 9.01373e-07 9.01396e-07 9.02348e-07 0.487186 0.0047839 9.01948e-07 0.15342 0.0776158 9.0245e-07 0.0424135 9.01818e-07 
3.92148e-09 0.0985853 0.129719 5.66439e-08 0.0193653 3.02468e-09 5.50775e-09 7.68829e-09 0.714983 0.00342529 1.16201e-12 0.0247547 0.00847235 2.1577e-07 0.000694799 4.68793e-09 
9.13816e-06 0.128613 0.211827 0.00843657 2.95297e-07 1.93567e-08 1.2917e-05 8.49324e-08 0.533995 0.00523614 1.37065e-08 0.011991 0.0338184 0.00424398 0.0617756 4.0593e-05 
1.16132e-08 4.84433e-05 0.0530983 0.0590282 0.0690113 6.63803e-06 0.000168678 5.26669e-07 0.56384 1.45177e-05 2.06499e-05 4.31763e-05 0.167247 0.00278781 0.0305479 0.0541372 
1.53747e-05 0.108308 0.122668 0.0246473 0.00240337 0.00723732 1.38004e-11 0.000118047 0.496987 0.153382 7.464e-09 0.000869202 0.0625417 0.0084905 0.0123086 2.43216e-05 
1.39833e-05 0.058601 0.0163239 0.0254821 0.0233359 2.544e-06 0.00178195 2.03762e-05 0.708175 0.00898362 1.54475e-05 0.0185182 0.137879 0.000299342 0.000562862 4.26906e-06 
7.11618e-05 0.0679003 0.0439713 0.00604589 0.030009 9.22579e-06 0.00127823 0.0554887 0.594253 0.122374 5.96642e-07 0.0641515 0.00849916 0.000207245 0.00482725 0.000913432 
3.73833e-06 0.0381893 0.183608 0.0114091 0.00430606 3.3466e-05 0.000848176 3.45177e-05 0.345468 0.285626 4.91018e-05 0.0795531 0.0370943 0.00408349 0.0095589 0.000135315 
4.60949e-06 0.029784 0.0167993 0.135559 7.71417e-05 1.63345e-05 0.00294395 6.3992e-05 0.635672 0.00637589 0.00551997 0.002054 0.106718 0.056698 0.00170023 1.41831e-05 
8.15262e-05 0.135197 0.0357393 0.028605 0.0155063 3.16476e-10 2.75342e-05 1.13315e-05 0.725977 0.000839928 0.000399445 0.0189869 0.00167559 0.000183748 0.0366574 0.000112378 
1.25211e-05 0.250751 0.110993 0.0387735 0.00337692 2.06507e-05 0.000304289 4.71448e-05 0.500061 0.00890222 0.000369041 0.00359671 0.0564941 0.00697939 0.0190329 0.00028602 
0.00302621 0.0701613 0.0144319 0.109197 0.00482335 2.04584e-05 0.00383812 7.4958e-06 0.36662 0.0102613 6.46046e-07 0.125282 0.194357 0.0265698 0.0713072 9.61442e-05 
0.0022914 0.193623 0.169164 0.0614916 0.0459406 0.000197883 0.000211578 0.0810892 0.319239 0.0203515 0.00388751 0.0520874 0.0146235 0.0275954 0.00803183 0.000174349 
2.88745e-07 0.0312463 0.0414262 0.00375269 0.00102754 1.10221e-06 0.000767545 7.1739e-06 0.662664 0.23072 8.75751e-08 0.0123745 0.00191987 0.0109874 0.00266679 0.000438907 
0.000119419 0.0203069 0.0915997 0.0220266 0.013589 0.000245748 0.000258885 8.57219e-05 0.737662 0.0224789 3.10904e-08 0.00240951 0.0174914 0.0712166 0.000252118 0.000257839 
6.98373e-07 0.0331763 0.00569403 0.00240153 3.73928e-05 6.43705e-07 3.5382e-09 4.95679e-06 0.932636 0.0107627 4.82183e-08 0.00204901 0.00905017 0.002399 0.0017875 1.11544e-08 
1.7876e-06 0.0396991 0.0692262 0.0553291 2.77402e-05 5.99611e-06 0.00105867 0.000254928 0.607985 0.00278576 0.00197477 0.0272345 0.134046 0.0202529 0.0401124 5.16418e-06 
9.26631e-05 0.0825027 0.272466 0.0415948 0.035447 3.94671e-06 0.000167609 0.00281751 0.389671 0.0957454 6.90527e-06 0.0417023 0.0310746 0.000732524 0.005734 0.00024197 
5.84322e-08 0.248023 0.050575 0.0299876 0.0636903 9.63702e-10 0.000813615 0.000322405 0.407883 0.0108121 0.00245713 0.0316949 0.0487668 0.0267418 0.00226497 0.0759675 
0.00226237 0.184712 0.114478 0.071637 0.00120725 0.000141384 0.00242386 4.68944e-05 0.312862 0.107173 0.00141128 0.00667241 0.177628 0.00865517 0.00830153 0.000388072 
6.66946e-06 0.153129 0.285903 0.0214365 0.0155136 0.00023197 7.5816e-08 0.000393849 0.329584 0.0124996 2.40294e-07 0.00178864 0.166455 0.00169635 0.0103602 0.00100158 
2.76519e-05 0.0232151 0.00165214 0.0454349 0.000230112 6.46464e-06 2.21253e-05 1.75281e-05 0.922179 6.64032e-05 3.90351e-09 2.2897e-05 0.00178257 0.0044417 0.000884229 1.75839e-05 
3.53769e-05 0.102312 0.0282129 0.0320321 0.0310919 1.35173e-05 0.000409595 6.55418e-05 0.729643 0.0441453 3.63948e-09 0.00645711 0.00939578 0.00683556 0.00874934 0.000600462 
3.40142e-08 0.123315 0.0010649 0.0171504 0.0412156 1.18405e-09 1.96064e-08 0.000257495 0.810979 0.00162028 4.68077e-12 0.00221269 0.00217918 5.09762e-06 8.05867e-08 5.37226e-08 
2.55154e-05 0.32826 0.177645 0.0130555 0.0130497 1.49213e-06 0.000770557 2.85669e-05 0.417568 0.0134412 5.41371e-13 0.01471 0.0113293 0.00527583 0.00473876 0.000100678 
0.000739576 0.0248967 0.0929172 0.00356997 0.0140157 1.82656e-05 0.000923377 6.35826e-05 0.809955 0.0135909 8.54415e-10 0.0177583 0.0136831 0.00141394 0.000693988 0.00576055 
0.00935873 0.0605655 0.0692452 0.157468 0.00433349 7.32363e-05 1.49172e-06 2.60853e-05 0.413887 0.108582 0.00777321 0.0209249 0.112432 0.0246672 0.0106612 2.7069e-07 
0.000465427 0.120468 0.021032 0.259642 0.105521 7.58117e-06 3.19649e-11 6.37914e-05 0.407771 0.0308552 0.00666502 0.0169949 0.00989738 0.0101419 0.00876709 0.00170782 
2.41826e-06 0.00813129 0.126748 0.000655064 0.00437213 3.50761e-05 2.37283e-08 8.49811e-05 0.801187 0.0329322 1.03578e-11 0.000719729 0.0201312 1.73175e-06 1.03371e-05 0.00498832 
0.00867584 0.0277499 0.203787 0.0162491 0.0138663 5.23167e-05 0.00180501 0.00123692 0.396733 0.0528309 9.15506e-06 0.0213547 0.0354339 0.0119037 0.00853777 0.199774 
0.000621368 0.119122 0.0795342 0.0740493 0.0220099 0.000486756 0.000733142 0.000112188 0.460504 0.00815047 0.00235751 0.0160238 0.157532 0.00285147 0.0551064 0.000806722 
0.000647822 0.179674 0.0503983 0.0748774 0.0111476 3.83448e-06 0.00102515 1.39012e-05 0.318722 0.0521675 0.0013647 0.0932147 0.152285 0.0153986 0.0489083 0.000152 
1.16132e-08 4.84433e-05 0.0530983 0.0590282 0.0690113 6.63803e-06 0.000168678 5.26669e-07 0.56384 1.45177e-05 2.06499e-05 4.31763e-05 0.167247 0.00278781 0.0305479 0.0541372 
2.04351e-06 0.0791288 0.0234175 0.0335092 0.00335536 0.00013797 1.08503e-05 0.00049683 0.79625 0.00290018 0.0331892 0.0045368 0.0123273 0.00161165 0.00820698 0.000919422 
1.96878e-08 0.2911 0.10693 0.0270811 0.0369406 2.13407e-08 0.000776127 0.000886318 0.383335 0.0184553 4.64353e-10 0.0501701 0.0404832 0.000442725 0.0433163 8.407e-05 
3.33482e-06 0.128108 0.0278653 0.016034 0.00881925 0.000205805 0.000443002 1.05427e-05 0.614603 0.184078 4.47968e-06 0.00733339 0.00603116 0.00210909 0.00414969 0.000202468 
0.000136218 0.037278 0.0162468 0.0350299 0.382014 1.39187e-05 8.95514e-05 0.000175632 0.399369 0.0318488 3.35871e-06 0.00864339 0.00435282 0.0652208 0.0164414 0.00313613 
0.000203398 0.243286 0.10087 0.0179106 0.00339567 0.000254348 0.00012755 2.13187e-05 0.521409 0.000912691 0.00227538 0.00443414 0.0924783 0.000899971 0.0113585 0.000164114 
6.61733e-06 0.0441337 0.0572308 0.0316262 0.0458982 3.13095e-07 4.72631e-05 0.00144141 0.745141 0.00754969 0.0192629 0.00932784 0.0091472 0.0269686 0.00166126 0.000556595 
0.000693773 0.142027 0.00862059 0.0992034 0.249914 9.47747e-06 8.82278e-06 0.000329131 0.265056 0.142518 8.88549e-09 0.039162 0.027392 0.00827712 0.0150955 0.00169283 
0.00438679 0.127799 0.0273426 0.0248345 0.0151101 2.41286e-05 0.00560288 1.53915e-05 0.639266 0.0876038 0.000829269 0.0419507 0.00935859 0.00454301 0.011041 0.000292466 
4.99118e-07 0.200466 0.181976 0.066751 0.012716 7.15559e-05 8.82962e-10 0.000208987 0.475793 0.000151161 1.85217e-05 0.01207 0.044006 0.000495349 0.00516961 0.000106201 
0.00101209 0.296027 0.105891 0.0530719 0.0991683 1.38478e-05 9.1254e-06 0.00340507 0.306665 0.0278456 0.00149009 0.015227 0.037223 0.00923137 0.0429626 0.000757606 
0.000434965 0.248365 0.12031 0.0400482 0.0115017 0.00228808 0.00038766 8.43534e-05 0.422022 0.0391317 0.00111373 0.0122165 0.0626692 0.0120345 0.0258886 0.00150328 
1.01184e-05 0.227166 0.0388941 0.0526812 0.00901715 4.6791e-06 1.35298e-05 4.1434e-06 0.521983 0.0769913 9.71124e-05 0.061817 0.00866085 0.000366823 0.00220135 9.15573e-05 
6.57195e-05 0.13192 0.0700739 0.0312729 0.0256454 8.63237e-05 0.000647075 0.00760089 0.466003 0.017635 0.00398637 0.0996009 0.0703986 0.00315824 0.0687983 0.00310724 
5.77147e-06 0.0743675 0.0406722 0.0178594 0.024639 2.76303e-05 0.00036319 2.31168e-05 0.795344 0.00517315 1.64013e-09 0.0116745 0.00951373 0.00982555 0.00663185 0.00387928 
7.51893e-07 0.134308 0.0114372 0.0263162 0.00183374 1.50803e-07 2.7964e-05 6.32246e-06 0.812512 0.00454866 2.64496e-12 0.000283614 0.00549365 0.00251171 0.000712242 7.95658e-06 
0.000715723 0.122781 0.0328722 0.0262702 0.0234537 7.08936e-05 0.000138 0.000315174 0.51966 0.0347858 0.00419828 0.180435 0.0426119 0.00253638 0.00891786 0.000238306 
6.69384e-07 0.0841705 0.17374 0.00405547 0.0243646 1.91876e-06 1.88646e-07 0.0593219 0.612786 0.0196175 2.63687e-07 0.0191406 0.00139886 0.00026979 0.00108852 4.32979e-05 
0.000128594 0.094172 0.0369412 0.047369 0.00498629 2.15929e-05 0.000819988 0.0101754 0.682938 0.0226093 0.000633693 0.0216975 0.0434087 0.00675497 0.0263963 0.000947601 
2.18922e-05 0.0631685 0.0531213 0.0185312 0.0180761 9.20049e-07 3.30971e-05 1.80642e-05 0.790765 0.0057842 3.10317e-09 0.00385457 0.0154805 0.0182448 0.0121368 0.000763498 
0.000438759 0.0309841 0.0753284 0.00160097 0.00353451 1.98168e-05 0.00059496 4.472e-05 0.826037 0.00509144 1.46814e-11 0.0108259 0.0326138 0.00124496 0.000474879 0.0111658 
5.23869e-05 0.214605 0.0172363 0.0259488 0.00635353 1.14798e-06 0.00103665 0.00231724 0.512269 0.0115978 0.000299297 0.157973 0.0221194 0.000930497 0.0269072 0.000352019 
7.3732e-06 0.0966007 0.0136072 0.0569239 0.000681024 1.53601e-06 1.13495e-07 2.25222e-05 0.775493 0.0493435 2.31298e-11 0.000512884 0.00182101 0.0022118 0.00249791 0.00027562 
2.47364e-06 0.002494 0.0284324 7.84125e-05 5.49953e-05 8.30265e-05 3.72923e-05 0.000151164 0.772867 9.46819e-05 2.04643e-05 0.0470719 0.139927 0.000174564 0.00773749 0.00077315 
6.5697e-06 0.0324164 0.0526699 0.00642483 0.00117676 4.31252e-06 5.47743e-06 3.8883e-07 0.562853 0.327275 3.86476e-08 0.00375468 0.00922709 0.000181126 0.00394466 5.95224e-05 
1.85934e-05 0.269066 0.0915404 0.0261648 0.00250522 2.57089e-06 3.55131e-05 2.53376e-06 0.32998 0.249607 1.37392e-07 0.00452082 0.00900448 0.0144176 0.00308886 4.56117e-05 
2.18922e-05 0.0631685 0.0531213 0.0185312 0.0180761 9.20049e-07 3.30971e-05 1.80642e-05 0.790765 0.0057842 3.10317e-09 0.00385457 0.0154805 0.0182448 0.0121368 0.000763498 
2.11071e-07 0.071138 0.0134484 0.00440997 0.000676229 1.57346e-06 4.23026e-07 7.71373e-05 0.885912 0.0104457 5.02265e-10 0.00352333 0.00601824 0.00278765 0.00141935 0.000142021 
4.23328e-05 0.194517 0.0701831 0.0243633 0.00770587 1.58266e-06 0.000128922 2.02624e-05 0.628198 0.00875237 3.17339e-05 0.0115826 0.0314935 0.0032268 0.0196686 8.39771e-05 
5.26917e-05 0.0426104 0.0529953 0.0456791 0.183221 4.43006e-05 0.00394703 0.000764653 0.56792 0.00474124 3.21055e-06 0.00749988 0.0546192 0.0157579 0.00368994 0.0164542 
1.3719e-06 0.220371 0.0410589 0.0485016 0.26813 0.000272323 6.45147e-08 0.000101608 0.404575 0.00161954 1.8286e-06 0.00276275 0.00402679 0.000240724 0.005146 0.00319044 
0.000250356 0.22478 0.0492297 0.088146 0.028381 6.33768e-07 0.000322665 0.000361531 0.400366 0.00391538 4.45679e-08 0.00825471 0.154819 0.0321528 0.00604215 0.00297832 
0.000819817 0.0211653 0.164298 0.00270674 0.00526472 6.36977e-05 0.00117227 9.61369e-05 0.709621 0.0369664 1.87868e-12 0.0220991 0.0254091 0.00188818 0.000346488 0.00808205 
4.39939e-06 0.0925042 0.0434641 0.0214436 0.00984531 3.49008e-05 0.000725642 2.06456e-05 0.775172 0.00827714 2.69973e-09 0.0202817 0.0094432 0.00701035 0.00674262 0.00503008 
2.03471e-06 0.203421 0.168593 0.0738165 0.0181974 0.00028122 2.39591e-08 9.17255e-05 0.321222 0.026099 0.000289221 0.0402439 0.118631 0.0165737 0.012503 3.52441e-05 
3.63484e-06 0.13765 0.0179218 0.0604402 0.000961833 0.000378099 4.81407e-05 5.54477e-05 0.355641 0.00255741 0.000766321 0.0894859 0.288926 0.00157284 0.0424496 0.00114199 
0.000403108 0.144634 0.112435 0.107231 0.0806048 0.00300689 0.00163167 0.0109135 0.205327 0.0431301 0.00419281 0.121388 0.0313229 0.00198446 0.124001 0.00779359 
2.31087e-08 0.11659 0.0327002 0.0255244 0.00337127 1.66172e-06 2.30419e-06 2.01422e-05 0.387008 0.0505218 8.80762e-09 0.248606 0.119372 0.00160634 0.0123976 0.00227896 
2.85489e-05 0.0516379 0.0630826 0.0120438 0.00490392 8.47653e-05 0.00126217 3.92243e-05 0.819985 0.014623 0.000122297 0.0123054 0.00989539 0.00152091 0.00589098 0.00257362 
0.000572169 0.207303 0.183814 0.0523738 0.0183787 1.72782e-05 0.00716035 0.000759778 0.421927 0.0114883 3.82427e-07 0.0272755 0.0352496 0.0306785 0.00272166 0.000280459 
5.65518e-07 0.00289871 0.0123121 0.000685903 5.68952e-05 3.73328e-05 0.000811162 6.60996e-06 0.579428 0.00517236 0.000102993 8.67339e-05 0.360476 2.30562e-05 0.032199 0.0057021 
0.000349545 0.1947 0.0914343 0.0152208 0.00860752 5.12876e-05 0.00867141 1.53341e-05 0.574049 0.0475038 0.000330356 0.00625714 0.0245092 0.00408353 0.0238175 0.000398716 
1.06644e-05 0.0128707 0.00102472 1.24895e-10 1.48408e-06 1.89746e-09 3.35179e-06 4.09906e-07 0.31966 3.75561e-06 1.02127e-09 0.130918 0.274203 2.51339e-10 0.261292 1.151e-05 
0.00166647 0.197776 0.041286 0.0851098 0.018184 0.000205322 0.00014606 0.000456003 0.395036 0.0156283 0.0112881 0.0184233 0.154665 0.0216342 0.0379724 0.000523532 
0.000147464 0.146132 0.0623383 0.0869565 0.0475599 9.60945e-07 9.81069e-05 9.57776e-05 0.578515 0.00161355 1.01248e-05 0.00577025 0.0685972 0.000715139 0.00125245 0.00019744 
6.38182e-05 0.216345 0.00360351 0.0820531 0.00658753 8.81318e-09 0.0010713 1.57933e-05 0.349019 0.0609641 0.000696032 0.113162 0.00026504 0.00427481 0.161867 1.14301e-05 
0.00239178 0.25435 0.125898 0.0275492 0.00276043 8.47118e-06 2.52442e-05 1.02345e-05 0.510387 0.0305807 5.80312e-07 0.0101163 0.0296601 0.00185128 0.00392924 0.000480875 
0.000255585 0.154586 0.08824 0.129679 0.0179048 3.37476e-06 0.00506026 1.48121e-05 0.180448 0.090273 0.000186942 0.107923 0.0211208 0.0739137 0.130127 0.000263566 
8.52023e-05 0.0486728 0.0760883 0.028038 0.022958 0.0033058 0.000290401 0.000188976 0.371081 0.159584 0.0016216 0.163677 0.0960095 0.00121707 0.027175 6.22182e-06 
1.00271e-05 0.245249 0.101687 0.0395152 0.00766005 7.19655e-06 4.43362e-06 0.000207145 0.247245 0.191042 2.93611e-07 0.0855667 0.00794062 0.0420708 0.0305463 0.00124729 
0.00288018 0.231654 0.0759441 0.0325346 0.0269666 7.96113e-06 3.57188e-05 7.04707e-05 0.288817 0.0519559 8.70876e-10 0.0017804 0.280609 0.00112486 0.00536333 0.000255636 
2.97093e-07 0.353723 0.0852175 0.0451414 0.00972755 8.9836e-07 1.03779e-08 1.54031e-05 0.486708 0.00393908 1.03139e-08 0.00209698 0.00886451 0.000151847 0.00426113 0.000152124 
0.000157584 0.0357142 0.0182328 0.0412489 0.341419 2.05325e-05 9.80104e-05 0.00010886 0.401248 0.0414851 1.21848e-06 0.00906456 0.00459204 0.0833984 0.02101 0.00220132 
0.00045535 0.199035 0.0805144 0.0259728 0.0444758 0.000964852 0.230338 0.0127705 0.298971 0.048324 8.50987e-05 0.0265902 0.0120773 0.0134303 0.00592613 6.85513e-05 
0.000103038 0.0892189 0.0350888 0.0232859 0.0168091 3.27706e-05 0.000578914 0.00449618 0.735093 0.0100105 1.09555e-05 0.0170289 0.0222423 0.0188618 0.0248652 0.00227362 
0.00235339 0.265354 0.0382638 0.10851 0.00638402 1.66335e-05 0.00209706 3.94984e-05 0.444205 0.0465006 2.1178e-08 0.00484433 0.012761 0.0248601 0.0342383 0.00957193 
0.00067477 0.0430671 0.0451729 0.0782483 0.00322696 7.21006e-05 4.70953e-05 9.80813e-05 0.685608 0.0268264 0.0204107 0.00643833 0.0741512 0.00284247 0.0128886 0.000227256 
2.88745e-07 0.0312463 0.0414262 0.00375269 0.00102754 1.10221e-06 0.000767545 7.1739e-06 0.662664 0.23072 8.75751e-08 0.0123745 0.00191987 0.0109874 0.00266679 0.000438907 
0.000134271 0.0918465 0.0263663 0.00633203 0.106557 1.08774e-05 0.00152734 0.000732958 0.673029 0.056422 4.82273e-09 0.012911 0.0158081 0.0026218 0.00483414 0.000866377 
9.32603e-05 0.0246632 0.0519793 0.125897 0.0827985 5.07947e-06 5.96103e-06 9.86437e-05 0.62968 0.00219883 1.57814e-07 0.00801372 0.0149283 0.00243599 0.0561935 0.00100773 
1.3694e-05 0.175897 0.316774 0.00808065 0.029091 0.000124021 0.000474843 0.00684596 0.346373 0.0287354 0.00274074 0.019085 0.0329809 0.0287281 0.00291584 0.00114057 
5.51167e-09 0.0390194 0.154678 0.0616342 0.00159825 6.3753e-09 6.488e-06 1.37681e-05 0.457375 0.0327281 3.43139e-09 0.169144 0.000430542 0.0006878 0.0826832 1.21896e-06 
0.000592717 0.0738396 0.182683 0.0115764 0.0370174 1.58249e-05 5.5985e-05 0.00416928 0.518266 0.101979 6.685e-05 0.0112783 0.0473781 0.000355119 0.0105254 0.000200863 
0.000157584 0.0357142 0.0182328 0.0412489 0.341419 2.05325e-05 9.80104e-05 0.00010886 0.401248 0.0414851 1.21848e-06 0.00906456 0.00459204 0.0833984 0.02101 0.00220132 
0.000134674 0.219832 0.0620425 0.114084 0.0117218 0.000123454 0.00181656 0.00017992 0.434645 0.0289893 0.00055451 0.00771796 0.0336487 0.0693606 0.0143811 0.000767222 
7.55723e-05 0.0353272 0.0366019 0.0583666 0.185154 1.40986e-06 1.05402e-06 0.00459776 0.60928 0.0251435 0.000294776 0.0128939 0.00808575 0.0197166 0.00394154 0.000518798 
5.02096e-05 0.0784912 0.0536368 0.193779 0.0139326 6.19118e-06 0.000425671 5.62108e-05 0.213709 0.187065 1.75981e-05 0.075703 0.0457618 0.0197998 0.116287 0.00127954 
1.67586e-07 0.108132 0.022065 0.0718387 0.000609055 8.37388e-07 1.01346e-07 1.33235e-07 0.431127 0.0329933 5.83892e-11 0.0264048 0.0132216 0.00969593 0.283912 4.49853e-08 
4.13131e-07 0.0237626 0.0725739 0.0466028 0.04068 2.20258e-08 0.000329233 0.00189571 0.609975 0.0580904 6.99771e-05 0.00446638 0.00247373 0.138511 0.000481672 8.79421e-05 
0.000516763 0.117164 0.0890577 0.16616 0.0098229 4.573e-05 0.000274783 0.00215283 0.40752 0.049015 0.00049273 0.0149701 0.060785 0.0325076 0.0491503 0.000364942 
5.69126e-11 0.131258 0.12782 0.0876277 0.101383 0.000155228 1.09081e-06 0.000472309 0.349898 0.0262165 0.0303074 0.0134373 0.055396 0.0742394 0.00161962 0.000168107 
0.00198055 0.166116 0.179867 0.0302867 0.069136 0.000147941 0.00010004 0.00157566 0.370045 0.0185735 0.00119729 0.0767484 0.0591335 0.0106898 0.0143033 9.98326e-05 
1.00368e-05 0.216277 0.0239577 0.141277 0.0147458 4.30834e-06 0.000121233 7.54016e-06 0.365196 0.0105634 6.67105e-10 0.0219748 0.0302746 0.0319807 0.143382 0.000227754 
2.27327e-05 0.072369 0.0122056 0.0387748 0.0012075 0.000182377 4.32603e-06 0.000119426 0.683026 0.00430855 9.38443e-06 0.00773208 0.168143 0.00697209 0.00486388 5.92587e-05 
1.67872e-05 0.0570294 0.0155809 0.0300109 0.0718248 9.26096e-06 0.000150084 6.84291e-05 0.746951 0.0123428 7.88339e-08 0.0234217 0.0121007 0.00808029 0.00988534 0.012527 
6.8375e-05 0.0268151 0.0282827 0.014856 0.0164906 9.66215e-06 0.000132458 0.00010721 0.825461 0.0241805 6.20552e-07 0.0373568 0.00361372 0.0196374 0.00264739 0.000340812 
9.22852e-06 0.0428828 0.0636165 4.32558e-05 0.000407532 0.000136444 0.00382979 4.64429e-06 0.317292 0.259618 1.18515e-05 0.00576912 0.30264 9.27872e-07 0.00211263 0.00162557 
0.00191072 0.100404 0.0359829 0.0390009 0.00400273 6.47878e-07 0.000368195 2.71263e-05 0.51917 0.065851 0.00265628 0.0246593 0.0275752 0.00408651 0.17043 0.00387429 
1.08306e-09 0.22015 0.108137 0.00491752 0.0105129 1.91309e-05 0.000329969 0.0703306 0.463676 0.0068228 6.74278e-10 0.094081 0.0035349 0.000207535 0.0170408 0.000240069 
0.0238973 0.0754771 0.183375 0.114434 0.0156979 0.000871725 0.000164463 0.000352466 0.274206 0.00349132 0.00993805 0.007323 0.249953 0.0179718 0.00531936 0.0175271 
0.000377676 0.13864 0.0778209 0.0884328 0.00533149 8.08742e-05 0.000276464 0.000560939 0.469233 0.0303868 0.00117294 0.0283549 0.0476795 0.0225492 0.0831731 0.00592946 
0.000667148 0.0512342 0.0146372 0.258581 0.00613258 1.79704e-05 0.00653007 3.49623e-05 0.272542 0.0130413 0.047394 0.0640912 0.0198572 0.226781 0.0176742 0.000783195 
0.00200018 0.0260668 0.0655428 0.0911099 0.0328887 0.0555988 0.000178728 0.00403291 0.590714 0.0726692 0.00899777 0.0142507 0.0210076 0.012505 0.00230816 0.000129075 
3.67237e-05 0.154285 0.0620946 0.0528261 0.136124 6.19198e-06 0.00017465 0.0334408 0.377537 0.00294523 0.000355054 0.0126952 0.135287 0.0144861 0.0157038 0.00200293 
0.00184695 0.152908 0.164385 0.036199 0.0236121 0.0123256 0.00121736 0.00250386 0.209199 0.0632885 0.00484291 0.161286 0.121019 0.0240605 0.0191919 0.00211432 
0.00373356 0.376235 0.0799728 0.0253718 0.00210086 9.02255e-06 0.000127293 5.60067e-06 0.496561 0.0025661 1.78206e-12 0.000481504 0.0104753 0.00018801 0.00188902 0.000283624 
1.2002e-05 0.0351959 0.0679801 0.00433358 0.0113839 1.06164e-05 1.33409e-05 0.000236424 0.705386 0.00824809 0.00123506 0.146173 0.00361149 0.00219673 0.0139198 6.41621e-05 
2.45877e-05 0.0408638 0.0718012 0.025899 0.100318 0.00156335 0.00311074 0.0125054 0.561684 0.0154616 0.00246602 0.022932 0.0870873 0.0257475 0.0208837 0.00765179 
8.07898e-06 0.115001 0.0326342 0.00390852 0.0312854 2.66324e-07 8.36119e-05 0.000112265 0.730208 0.0476396 6.6403e-08 0.0021443 0.0179936 0.0166391 0.00133085 0.00101107 
0.00235144 0.183684 0.125631 0.0380724 0.0546141 2.49973e-05 0.000185856 0.00414827 0.192487 0.181999 0.000351061 0.0972232 0.0481746 0.0137421 0.0322204 0.0250912 
3.86727e-06 0.00486075 0.101843 0.00173714 0.014508 4.76031e-05 7.56896e-06 1.41568e-05 0.856409 0.00914618 4.69215e-08 0.000788567 0.00128592 0.00720094 0.000246298 0.00190113 
0.000403039 0.0384053 0.0146298 0.084998 0.00816857 6.6803e-06 2.02096e-05 8.75759e-05 0.766686 0.0294948 3.72749e-05 0.00554465 0.0312283 0.0123774 0.00783944 7.33741e-05 
0.00012168 0.283859 0.0592656 0.0562796 0.00261331 0.000143617 0.000238928 0.00219493 0.47272 0.0128775 2.16733e-06 0.0169713 0.0658378 0.00682703 0.019685 0.000362704 
0.000249106 0.108873 0.010459 0.0455878 0.00162459 8.07951e-08 2.4467e-05 4.53202e-07 0.812681 0.00711649 5.00348e-11 9.24909e-05 0.00923146 0.00336417 0.000693929 2.30566e-06 
0.000279397 0.0645744 0.0359046 0.00283644 0.00858063 1.88985e-05 0.000314245 1.65305e-05 0.65966 0.186462 4.82024e-05 0.0144701 0.00767705 0.0166112 0.00123133 0.00131506 
5.75663e-05 0.0829709 0.0119729 0.015294 0.252139 1.2876e-06 0.000207062 8.93167e-05 0.5436 0.0524314 1.0003e-06 0.0261359 0.00348641 0.000401046 0.0104638 0.000748009 
0.000255179 0.243314 0.0180064 0.0373765 0.0180117 3.84356e-06 0.00156872 0.00151773 0.536842 0.0928861 5.07038e-05 0.0117834 0.0298554 0.00322822 0.00528364 1.61453e-05 
0.000144801 0.125143 0.0392642 0.0342002 0.199076 2.28677e-05 0.000376533 7.61175e-05 0.501387 0.0307804 6.26498e-05 0.00958093 0.007512 0.0324402 0.0175159 0.00241734 
2.92731e-05 0.0486936 0.00265569 0.0410373 0.00427807 1.688e-06 1.90979e-06 3.26259e-05 0.868354 0.00133868 1.68011e-10 0.000243688 0.00413603 0.0255756 0.00350648 0.000114945 
1.97473e-05 0.119485 0.128642 0.0247997 0.221573 3.41165e-05 0.000167677 0.0948333 0.267339 0.0174897 9.95305e-05 0.0702662 0.0478837 0.000585451 0.00234036 0.0044415 
1.68367e-07 0.0653531 0.00406221 0.0190398 0.00701775 4.8974e-06 0.000508063 6.06075e-06 0.742806 0.00182837 1.0482e-07 0.0327999 0.00725618 0.000454742 0.11883 3.31374e-05 
0.00847795 0.149202 0.111702 0.0494664 0.00625796 0.000161956 2.41828e-05 7.6508e-05 0.310008 0.0511398 0.0101364 0.0211503 0.0946883 0.0261752 0.160891 0.000441454 
3.82513e-05 0.0765876 0.0122754 0.0286695 0.00982972 1.28492e-05 2.06512e-05 0.000115756 0.693138 0.0258888 4.40486e-07 0.00136609 0.127911 0.00856713 0.015454 0.000124584 
7.55723e-05 0.0353272 0.0366019 0.0583666 0.185154 1.40986e-06 1.05402e-06 0.00459776 0.60928 0.0251435 0.000294776 0.0128939 0.00808575 0.0197166 0.00394154 0.000518798 
0.00052196 0.0534537 0.0560093 0.0616431 0.0778738 2.13535e-05 0.000182422 0.000407276 0.440219 0.0133922 0.0109614 0.0161989 0.0415104 0.0217176 0.00478838 0.201099 
0.00359586 0.066482 0.125499 0.038711 0.0204165 0.00032725 0.000167909 0.00239674 0.457098 0.0441597 0.00020534 0.0928921 0.0767099 0.0139194 0.0569423 0.000477614 
1.131e-06 0.150985 0.00418553 0.0375753 0.00506658 1.35114e-07 2.79428e-05 6.11542e-06 0.791023 0.00211157 3.91485e-12 0.00160741 0.000931868 0.00463341 0.00182563 1.96899e-05 
1.98688e-07 0.028248 0.124271 0.0075551 0.281782 0.000135678 5.26673e-05 0.018502 0.40168 0.0315106 0.00108875 0.0917153 0.00617699 0.00648597 0.000567325 0.00022817 
7.16019e-06 0.165077 0.0171406 0.00765396 0.0504632 1.07761e-06 3.03521e-05 9.98534e-05 0.70967 0.0249002 3.38259e-10 0.000885235 0.00769189 0.0147593 0.00152408 9.5709e-05 
3.40142e-08 0.123315 0.0010649 0.0171504 0.0412156 1.18405e-09 1.96064e-08 0.000257495 0.810979 0.00162028 4.68077e-12 0.00221269 0.00217918 5.09762e-06 8.05867e-08 5.37226e-08 
4.59327e-05 0.194956 0.105672 0.00119822 0.0857945 1.51757e-06 0.000264095 0.001097 0.333202 0.0269368 0.000166545 0.229506 0.0126059 0.000186792 0.0078855 0.000480995 
6.71089e-05 0.0566487 0.0198997 0.0248513 0.127436 1.71956e-05 3.63078e-05 0.000137146 0.672063 0.029114 4.33992e-07 0.00756545 0.00838143 0.0413674 0.0111039 0.00131079 
7.38926e-05 0.106559 0.0433938 0.0257453 0.014275 3.62592e-05 0.00152506 1.55163e-05 0.744647 0.0178599 9.75885e-07 0.0160288 0.00668968 0.00867929 0.011129 0.00334082 
0.000123119 0.0393817 0.0479093 0.0918071 0.000208746 0.000308684 1.66256e-09 0.000199124 0.762847 0.0113115 0.000169861 0.000199588 0.0379937 0.0063495 0.00118548 6.01007e-06 
0.00280726 0.110323 0.0401563 0.121626 0.00547282 2.91898e-05 1.35155e-06 0.000903448 0.562031 0.0140775 0.0249393 0.0229403 0.00373858 0.00331934 0.0875797 5.39244e-05 
1.7876e-06 0.0396991 0.0692262 0.0553291 2.77402e-05 5.99611e-06 0.00105867 0.000254928 0.607985 0.00278576 0.00197477 0.0272345 0.134046 0.0202529 0.0401124 5.16418e-06 
0.00152438 0.231224 0.160327 0.0549932 0.02293 0.019176 0.000760417 0.00237189 0.34248 0.0335717 0.000760549 0.0244408 0.0626177 0.0153726 0.025551 0.00189781 
1.98313e-05 0.072794 0.0410704 0.0247443 0.227701 1.77045e-05 8.88075e-05 0.00373683 0.552072 0.0144167 0.00227381 0.0110357 0.010549 0.00498156 0.00792987 0.0265687 
0.000755304 0.0199718 0.00686018 0.103138 0.00518282 3.51104e-06 5.60289e-05 0.000468545 0.515972 0.115521 0.100398 0.0531786 0.010335 0.00428604 0.0638555 1.84312e-05 
2.92731e-05 0.0486936 0.00265569 0.0410373 0.00427807 1.688e-06 1.90979e-06 3.26259e-05 0.868354 0.00133868 1.68011e-10 0.000243688 0.00413603 0.0255756 0.00350648 0.000114945 
0.000102767 0.223397 0.0607045 0.125962 0.00256258 4.13831e-05 7.7635e-07 0.00186632 0.230082 0.0741491 3.92515e-05 0.0805109 0.121793 0.000763026 0.0776051 0.000419803 
1.11375e-08 0.320804 0.077421 0.0244763 0.00700871 3.2369e-06 6.19791e-05 1.89253e-06 0.508528 0.0282675 0.00453228 0.00484639 0.0213879 0.000444308 0.000351179 0.00186518 
2.64425e-07 0.105555 0.11056 0.0323056 0.00245936 6.17958e-06 0.000307111 2.48695e-05 0.529338 0.0214385 5.31499e-05 0.00485249 0.182427 0.00360965 0.0069908 7.07318e-05 
5.6507e-06 0.0845155 0.040961 0.0211352 0.0200897 1.97697e-05 0.000395488 1.13504e-05 0.74791 0.00558209 0.0313506 0.0283763 0.00715561 0.00376259 0.00602493 0.00270379 
0.00142676 0.284546 0.10875 0.0457167 0.00109046 6.82665e-08 2.08694e-06 1.17369e-06 0.32838 0.00386047 9.8564e-07 0.00559503 0.0207961 0.135373 0.0644555 5.81843e-06 
0.0012433 0.201287 0.171373 0.0513327 0.00829513 5.46243e-05 0.000747869 9.98875e-05 0.412923 0.0299055 0.000858765 0.0205117 0.0608326 0.0195024 0.019464 0.00156794 
0.00472951 0.0928802 0.046782 0.0720645 0.0302485 0.0128923 2.4465e-05 9.82606e-05 0.447825 0.067712 5.28449e-05 0.052021 0.0857352 0.0821964 0.0046518 8.60344e-05 
0.00029743 0.0878377 0.0483774 0.092223 0.00900991 0.0001029 3.45315e-05 0.0275652 0.584122 0.0277108 0.000133972 0.0398332 0.022292 0.0244038 0.0360285 2.75306e-05 
0.0362547 0.112801 0.146927 0.0873147 0.0341523 0.000255956 4.63646e-05 7.05667e-05 0.206538 0.0820787 0.00111981 0.192825 0.07965 0.0146672 0.00508104 0.000216816 
0.00112789 0.0997915 0.0124065 0.0296832 0.0134007 2.56111e-06 0.000146693 7.75196e-06 0.356794 0.134072 5.9039e-07 0.156104 0.110485 0.00140438 0.0798446 0.00472928 
4.36775e-11 0.0786636 0.121996 0.0126184 0.000780838 6.75281e-08 2.62151e-07 7.61374e-06 0.650506 0.116207 1.02419e-06 0.00897927 0.00432385 0.00399928 0.00191716 5.40451e-08 
8.74161e-06 0.0508252 0.253511 0.0771482 0.135787 0.000286827 0.000198632 0.00315599 0.292362 0.0100706 2.05427e-05 0.0133664 0.156059 0.00520958 0.00143794 0.000552037 
1.56751e-06 0.198991 0.286912 0.0116352 0.0205577 9.43894e-06 0.000150891 0.000193623 0.334016 0.0953119 1.35836e-07 0.0061559 0.0347009 0.00860511 0.00229817 0.000460013 
8.74161e-06 0.0508252 0.253511 0.0771482 0.135787 0.000286827 0.000198632 0.00315599 0.292362 0.0100706 2.05427e-05 0.0133664 0.156059 0.00520958 0.00143794 0.000552037 
2.92731e-05 0.0486936 0.00265569 0.0410373 0.00427807 1.688e-06 1.90979e-06 3.26259e-05 0.868354 0.00133868 1.68011e-10 0.000243688 0.00413603 0.0255756 0.00350648 0.000114945 
2.17654e-05 0.211473 0.0678201 0.0697617 0.00836622 0.000274577 2.02461e-05 0.00782389 0.407822 0.045929 0.000718202 0.0216183 0.139223 0.00654077 0.0077855 0.00480187 
7.40126e-05 0.087161 0.0697411 0.0396618 0.0757955 2.86388e-05 0.000903319 0.000309303 0.512604 0.0244358 0.00690157 0.13347 0.0135431 0.0197497 0.0126072 0.00301438 
0.000605805 0.0311519 0.0703851 0.0581646 0.0292708 0.000584426 4.85236e-05 0.0555945 0.535318 0.0905008 0.0397789 0.0250879 0.0369729 0.00400837 0.0198069 0.00272033 
0.000305689 0.124014 0.103126 0.0164482 0.0316136 0.000119733 2.15485e-05 5.19225e-05 0.684559 0.00461307 2.94694e-06 0.00169949 0.0251439 0.00355071 0.00438919 0.00034142 
0.00142399 0.050921 0.0506701 0.236497 0.00572061 3.64985e-05 2.45418e-07 0.000150638 0.388478 0.0205257 0.107072 0.00203565 0.000893446 0.0871127 0.0440842 0.00437831 
0.000373368 0.21941 0.0802551 0.0691111 0.0155401 6.50717e-06 0.000394932 1.10635e-05 0.5195 0.0191212 2.53145e-05 0.0102805 0.0354604 0.00621275 0.0227285 0.00156949 
1.80811e-07 0.243727 0.0360727 0.0636612 0.00126645 2.94476e-07 0.000519055 1.11732e-05 0.520226 7.91532e-05 6.89447e-10 0.000967145 0.129059 0.00185281 0.00236621 0.000191687 
0.00013246 0.00535138 0.189153 5.60975e-05 2.99475e-13 0.000187347 1.23968e-12 2.23267e-05 0.584731 0.0938238 6.80282e-13 1.88646e-08 0.126139 2.19294e-05 0.000347936 3.29355e-05 
8.35126e-06 0.0787163 0.0200984 0.00305675 0.00318885 2.90688e-06 9.78144e-07 5.98897e-05 0.865732 0.0178384 4.75377e-10 0.00385167 0.00429834 0.00142097 0.00128988 0.000436798 
0.000197135 0.24586 0.0438077 0.0270763 0.0925749 6.47368e-05 3.46603e-05 0.0547289 0.266885 0.0289911 5.20208e-09 0.0863874 0.119031 0.00901356 0.0218755 0.00347297 
2.18922e-05 0.0631685 0.0531213 0.0185312 0.0180761 9.20049e-07 3.30971e-05 1.80642e-05 0.790765 0.0057842 3.10317e-09 0.00385457 0.0154805 0.0182448 0.0121368 0.000763498 
6.50781e-07 0.103637 0.00430144 1.37962e-06 2.36274e-06 4.45018e-08 1.14897e-07 1.41486e-07 0.821088 0.040731 1.5644e-08 0.00466154 0.00181658 0.0237578 1.05726e-06 3.62918e-07 
2.18922e-05 0.0631685 0.0531213 0.0185312 0.0180761 9.20049e-07 3.30971e-05 1.80642e-05 0.790765 0.0057842 3.10317e-09 0.00385457 0.0154805 0.0182448 0.0121368 0.000763498 
0.00233756 0.173203 0.230648 0.0364886 0.02203 0.000145291 0.000218228 2.60112e-05 0.437523 0.00831516 3.02393e-05 0.0277627 0.0431694 0.00660156 0.010119 0.00138178 
1.74051e-05 0.0458786 0.0630494 0.089348 0.0984931 9.52765e-07 4.79919e-06 0.0017867 0.637361 0.0377664 0.00129736 0.0135094 0.00406501 0.00633866 0.000660688 0.000422089 
1.16132e-08 4.84433e-05 0.0530983 0.0590282 0.0690113 6.63803e-06 0.000168678 5.26669e-07 0.56384 1.45177e-05 2.06499e-05 4.31763e-05 0.167247 0.00278781 0.0305479 0.0541372 
7.32777e-10 0.0357385 0.00749675 0.000846838 4.36753e-09 4.20026e-07 1.28352e-11 1.31554e-06 0.933979 0.00602299 1.70518e-09 0.00148208 0.0130343 4.68098e-08 0.00139818 8.35495e-12 
0.000116022 0.115641 0.121355 0.0248479 0.054458 7.08239e-05 0.0087836 0.0104284 0.513786 0.0220032 0.00267339 0.0618376 0.0625081 0.000726176 0.000707001 5.80665e-05 
0.00175273 0.157675 0.0285891 0.0427481 0.00923064 2.40626e-05 6.3437e-05 0.0211892 0.497468 0.110597 0.00128854 0.0449352 0.00926685 0.0228602 0.0480935 0.0042195 
1.73649e-05 0.0886031 0.0441938 0.205177 0.000200892 2.89616e-06 4.56973e-08 1.71195e-06 0.455978 0.00251763 0.000194881 0.00638205 0.190472 0.00474401 0.00146051 5.40476e-05 
0.000540841 0.0842586 0.00133459 0.0323156 0.0161804 3.97781e-07 1.16585e-08 0.0417849 0.806742 0.00256524 0.0002886 0.00559716 0.00328371 2.02305e-05 0.00503436 5.33703e-05 
2.57665e-08 0.150657 0.144578 0.0293312 0.00100905 0.00175039 3.78301e-05 8.88675e-06 0.457976 8.97755e-07 3.87161e-06 0.00386035 0.209917 0.000208363 0.000243627 0.000418063 
0.000267802 0.226363 0.0223176 0.00588447 0.0169989 1.7261e-06 0.00458007 2.12625e-05 0.569079 0.0750128 4.42936e-10 0.0415176 0.0244401 0.00372579 0.00812254 0.00166731 
1.22437e-05 0.0899476 0.0323975 0.0192176 0.21828 1.58176e-05 5.53089e-05 0.000250768 0.543212 0.0109746 1.03812e-10 0.0318761 0.022794 0.000121346 0.030725 0.000119214 
1.3803e-05 0.222433 0.0471864 0.09985 0.00173626 0.000292522 9.12834e-07 3.23258e-05 0.420825 0.00162547 7.06984e-08 0.000636091 0.160649 0.000309101 0.0441249 0.000285239 
0.00304451 0.165485 0.0573016 0.0187305 0.0214983 4.94595e-05 0.00172294 6.57412e-05 0.35352 0.261285 0.000637053 0.0862307 0.0155862 0.0040776 0.00792781 0.00283755 
9.13816e-06 0.128613 0.211827 0.00843657 2.95297e-07 1.93567e-08 1.2917e-05 8.49324e-08 0.533995 0.00523614 1.37065e-08 0.011991 0.0338184 0.00424398 0.0617756 4.0593e-05 
4.39939e-06 0.0925042 0.0434641 0.0214436 0.00984531 3.49008e-05 0.000725642 2.06456e-05 0.775172 0.00827714 2.69973e-09 0.0202817 0.0094432 0.00701035 0.00674262 0.00503008 
2.11071e-07 0.071138 0.0134484 0.00440997 0.000676229 1.57346e-06 4.23026e-07 7.71373e-05 0.885912 0.0104457 5.02265e-10 0.00352333 0.00601824 0.00278765 0.00141935 0.000142021 
0.000572169 0.207303 0.183814 0.0523738 0.0183787 1.72782e-05 0.00716035 0.000759778 0.421927 0.0114883 3.82427e-07 0.0272755 0.0352496 0.0306785 0.00272166 0.000280459 
0.0029502 0.124734 0.132953 0.0295049 0.0213211 0.000613999 0.00069031 0.000263003 0.531501 0.0764609 0.000752359 0.019493 0.0311059 0.0131698 0.00773234 0.00675455 
0.00016264 0.196036 0.0532459 0.0898037 0.00697509 5.07125e-06 5.90118e-06 6.18594e-05 0.452794 0.0565551 0.00222217 0.0156924 0.0483406 0.0253658 0.052424 0.000310492 
0.000157584 0.0357142 0.0182328 0.0412489 0.341419 2.05325e-05 9.80104e-05 0.00010886 0.401248 0.0414851 1.21848e-06 0.00906456 0.00459204 0.0833984 0.02101 0.00220132 
0.00516066 0.0988678 0.0930904 0.0935311 0.0403838 4.68161e-06 0.000275405 0.00177284 0.328509 0.121522 0.000503498 0.029282 0.138992 0.00794192 0.0366248 0.00353848 
9.12231e-06 0.0617845 0.0801188 0.0442737 0.0642498 3.99197e-07 6.5452e-05 0.00201077 0.645001 0.0105679 0.0269492 0.0130558 0.0128038 0.0377532 0.00129007 6.61471e-05 
0.000475492 0.110576 0.0612575 0.0428969 0.0196901 1.23786e-05 0.000534408 0.000192179 0.495667 0.0306217 3.60395e-05 0.0118362 0.010295 0.011769 0.0401166 0.164023 
1.15903e-06 0.0906406 0.0870437 0.0176928 0.00063184 0.00112682 7.91962e-05 1.49579e-05 0.673426 2.79828e-06 0.000173403 0.00235601 0.126205 0.000156334 0.000174887 0.000273567 
5.55371e-05 0.0592079 0.132208 0.0045805 0.011706 1.64109e-05 0.00161492 6.78403e-05 0.721372 0.0301585 4.99184e-07 0.00431486 0.0182157 0.0147926 0.00147586 0.000212931 
0.000498169 0.1154 0.00451017 0.0180265 0.00494201 4.70334e-05 0.00556137 3.84477e-05 0.782704 0.0227433 0.0002746 0.0290005 0.00437411 0.00282564 0.0089398 0.000113756 
8.70857e-07 0.0393423 0.013214 0.0105318 0.001252 9.97614e-07 2.11064e-07 0.000151128 0.797678 0.104484 0.0116722 0.00380841 0.0167248 1.1994e-07 0.00113899 1.18164e-10 
0.000304028 0.174266 0.046089 0.0795317 2.10986e-05 2.51648e-06 2.96658e-05 8.82758e-06 0.598568 0.000285772 0.0026026 0.0207798 0.00373923 0.000470148 0.0730794 0.000222182 
0.00561898 0.241455 0.0449598 0.0346261 0.0262681 0.000350948 0.00151201 4.0623e-05 0.27577 0.0311645 5.16917e-05 0.154993 0.148917 0.000598723 0.0334084 0.000265482 
0.000101186 0.0554914 0.0975227 0.0723419 0.0152172 1.17816e-05 2.43711e-05 1.22692e-05 0.64614 0.0182413 5.48172e-06 0.0170965 0.0277867 0.0199731 0.0293472 0.000686418 
0.000639495 0.105466 0.0289965 0.128294 0.0132717 6.67161e-07 0.000176997 0.0259539 0.55325 0.00604893 0.00201719 0.0134938 0.0406564 0.0200335 0.061342 0.000358164 
3.6564e-05 0.25461 0.0416903 0.0510078 0.00235164 7.09175e-05 2.21029e-05 6.73518e-05 0.54101 0.0182382 1.70104e-07 0.00217996 0.0701021 0.00286284 0.0152182 0.000531738 
2.43451e-06 0.0102074 0.0691626 0.125849 0.0305079 3.62978e-07 6.33418e-09 0.00156829 0.376238 0.00606197 0.000157831 0.00372368 0.369728 0.00459734 0.00215812 3.64581e-05 
0.000336436 0.0540092 0.173263 0.0927415 0.0383095 0.000614391 0.000213547 9.61486e-05 0.246936 0.051576 0.0630866 0.0554962 0.134129 0.00153645 0.0868704 0.00078446 
1.53747e-05 0.108308 0.122668 0.0246473 0.00240337 0.00723732 1.38004e-11 0.000118047 0.496987 0.153382 7.464e-09 0.000869202 0.0625417 0.0084905 0.0123086 2.43216e-05 
0.000141542 0.136925 0.163516 0.118312 0.0372009 2.29807e-06 9.19985e-06 0.00132695 0.38033 0.00760704 0.0050104 0.0327231 0.00909781 0.00369624 0.103815 0.000286119 
1.44775e-05 0.256737 0.162508 0.037149 0.0161561 2.03181e-05 0.0101128 0.00742948 0.360469 0.0496983 0.000208443 0.0271829 0.0282312 0.0355968 0.00784637 0.00064007 
1.70531e-07 0.0239835 0.139392 0.0243324 0.0368193 4.4103e-10 4.32573e-10 2.32795e-05 0.360532 0.0326638 9.67979e-06 0.0500432 0.331333 1.31692e-06 0.000865684 4.3635e-07 
0.000125327 0.21075 0.194628 0.0296834 0.00118022 0.00156289 9.12768e-05 2.59517e-05 0.416725 0.00246211 0.00609903 0.00776879 0.125072 0.000833508 0.00247127 0.000520886 
2.01252e-05 0.160505 0.0366756 0.0637213 0.0175842 2.23138e-06 1.82318e-05 0.00087184 0.645824 0.0164956 0.000241699 0.0102824 0.0154232 0.0143666 0.0177547 0.000213446 
